# This file was generated by Animated Java via MC-Build. It is not recommended to edit this file directly.
$data merge entity $(bone_eyelid_right1) {transformation: [-0.9996f,0.0134f,0.0241f,-0.1613f,0.0123f,0.999f,-0.0439f,0.2653f,-0.0247f,-0.0436f,-0.9987f,0.2301f,0f,0f,0f,1f],start_interpolation: 0,interpolation_duration: 1}
$data merge entity $(bone_eye_right1) {transformation: [-0.9996f,0.0134f,0.0241f,-0.1622f,0.0123f,0.999f,-0.0439f,0.267f,-0.0247f,-0.0436f,-0.9987f,0.2675f,0f,0f,0f,1f],start_interpolation: 0,interpolation_duration: 1}
$data merge entity $(bone_eyelid_left1) {transformation: [-0.9996f,0.0134f,0.0241f,0.1563f,0.0123f,0.999f,-0.0439f,0.2614f,-0.0247f,-0.0436f,-0.9987f,0.2379f,0f,0f,0f,1f],start_interpolation: 0,interpolation_duration: 1}
$data merge entity $(bone_eye_left1) {transformation: [-0.9996f,0.0134f,0.0241f,0.1554f,0.0123f,0.999f,-0.0439f,0.263f,-0.0247f,-0.0436f,-0.9987f,0.2754f,0f,0f,0f,1f],start_interpolation: 0,interpolation_duration: 1}
$data merge entity $(bone_jaw1) {transformation: [-0.9996f,0.0092f,0.026f,0.0009f,0.0123f,0.9925f,0.1216f,0.1262f,-0.0247f,0.1218f,-0.9922f,0.0258f,0f,0f,0f,1f],start_interpolation: 0,interpolation_duration: 1}
$data merge entity $(bone_finger_right_thumb3) {transformation: [-0.8089f,0.4528f,0.375f,-0.4455f,0.2595f,-0.2975f,0.9188f,0.4894f,0.5276f,0.8405f,0.1231f,0.1178f,0f,0f,0f,1f],start_interpolation: 0,interpolation_duration: 1}
$data merge entity $(bone_finger_right_thumb1) {transformation: [0.5092f,0.7747f,0.375f,-0.4857f,-0.3152f,-0.2377f,0.9188f,0.5862f,0.8009f,-0.586f,0.1231f,0.0254f,0f,0f,0f,1f],start_interpolation: 0,interpolation_duration: 1}
$data merge entity $(bone_finger_right_index3) {transformation: [0.332f,0.8396f,0.4299f,-0.4772f,-0.86f,0.0822f,0.5036f,0.6853f,0.3875f,-0.5369f,0.7494f,0.1076f,0f,0f,0f,1f],start_interpolation: 0,interpolation_duration: 1}
$data merge entity $(bone_finger_right_index1) {transformation: [0.5045f,0.8396f,-0.2013f,-0.5402f,0.2483f,0.0822f,0.9652f,0.6543f,0.827f,-0.5369f,-0.167f,0.0042f,0f,0f,0f,1f],start_interpolation: 0,interpolation_duration: 1}
$data merge entity $(bone_finger_right_middle3) {transformation: [0.4042f,0.8325f,0.3788f,-0.5441f,-0.9006f,0.29f,0.3238f,0.6748f,0.1597f,-0.472f,0.867f,0.1424f,0f,0f,0f,1f],start_interpolation: 0,interpolation_duration: 1}
$data merge entity $(bone_finger_right_middle1) {transformation: [0.3852f,0.8325f,-0.3981f,-0.5923f,0.3093f,0.29f,0.9057f,0.6362f,0.8694f,-0.472f,-0.1458f,0.0337f,0f,0f,0f,1f],start_interpolation: 0,interpolation_duration: 1}
$data merge entity $(bone_finger_right_ring3) {transformation: [0.3697f,0.8325f,0.4126f,-0.594f,-0.9254f,0.29f,0.2441f,0.6517f,0.0836f,-0.472f,0.8776f,0.1726f,0f,0f,0f,1f],start_interpolation: 0,interpolation_duration: 1}
$data merge entity $(bone_finger_right_ring1) {transformation: [0.4022f,0.8325f,-0.3809f,-0.6443f,0.2695f,0.29f,0.9183f,0.618f,0.875f,-0.472f,-0.1077f,0.0632f,0f,0f,0f,1f],start_interpolation: 0,interpolation_duration: 1}
$data merge entity $(bone_finger_right_pinky3) {transformation: [0.5444f,0.8185f,0.1833f,-0.6361f,-0.7436f,0.3697f,0.5571f,0.5967f,0.3882f,-0.4396f,0.8099f,0.2022f,0f,0f,0f,1f],start_interpolation: 0,interpolation_duration: 1}
$data merge entity $(bone_finger_right_pinky1) {transformation: [0.482f,0.8185f,-0.3126f,-0.6963f,-0.0256f,0.3697f,0.9288f,0.5999f,0.8758f,-0.4396f,0.1992f,0.0927f,0f,0f,0f,1f],start_interpolation: 0,interpolation_duration: 1}
$data merge entity $(bone_hand_right1) {transformation: [-0.124f,0.8325f,-0.5399f,-0.5613f,0.928f,0.29f,0.2339f,0.4385f,0.3513f,-0.472f,-0.8086f,0.0331f,0f,0f,0f,1f],start_interpolation: 0,interpolation_duration: 1}
$data merge entity $(bone_arm_right3) {transformation: [-0.2473f,0.9577f,-0.1471f,-0.5226f,0.9448f,0.272f,0.1829f,0.0829f,0.2152f,-0.0937f,-0.9721f,-0.1039f,0f,0f,0f,1f],start_interpolation: 0,interpolation_duration: 1}
$data merge entity $(bone_arm_right1) {transformation: [-0.8878f,-0.4575f,0.051f,-0.277f,-0.4592f,0.8878f,-0.0301f,0.2837f,-0.0315f,-0.0501f,-0.9982f,-0.0348f,0f,0f,0f,1f],start_interpolation: 0,interpolation_duration: 1}
$data merge entity $(bone_finger_left_thumb3) {transformation: [-0.788f,-0.5009f,-0.3579f,0.4511f,-0.2398f,-0.2857f,0.9278f,0.4783f,-0.567f,0.817f,0.1051f,0.14f,0f,0f,0f,1f],start_interpolation: 0,interpolation_duration: 1}
$data merge entity $(bone_finger_left_thumb1) {transformation: [0.5557f,-0.7504f,-0.3579f,0.4982f,0.302f,-0.2188f,0.9278f,0.574f,-0.7746f,-0.6237f,0.1051f,0.0497f,0f,0f,0f,1f],start_interpolation: 0,interpolation_duration: 1}
$data merge entity $(bone_finger_left_index3) {transformation: [0.3718f,-0.8098f,-0.4538f,0.4881f,0.8514f,0.1026f,0.5145f,0.6734f,-0.3701f,-0.5776f,0.7276f,0.1314f,0f,0f,0f,1f],start_interpolation: 0,interpolation_duration: 1}
$data merge entity $(bone_finger_left_index1) {transformation: [0.5384f,-0.8098f,0.233f,0.5554f,-0.2612f,0.1026f,0.9598f,0.6408f,-0.8012f,-0.5776f,-0.1563f,0.0313f,0f,0f,0f,1f],start_interpolation: 0,interpolation_duration: 1}
$data merge entity $(bone_finger_left_middle3) {transformation: [0.4337f,-0.8008f,-0.413f,0.5529f,0.8903f,0.3101f,0.3336f,0.6613f,-0.1391f,-0.5124f,0.8474f,0.1695f,0f,0f,0f,1f],start_interpolation: 0,interpolation_duration: 1}
$data merge entity $(bone_finger_left_middle1) {transformation: [0.4199f,-0.8008f,0.427f,0.6054f,-0.3192f,0.3101f,0.8955f,0.6214f,-0.8496f,-0.5124f,-0.1254f,0.0633f,0f,0f,0f,1f],start_interpolation: 0,interpolation_duration: 1}
$data merge entity $(bone_finger_left_ring3) {transformation: [0.3961f,-0.8008f,-0.4492f,0.6007f,0.9159f,0.3101f,0.2547f,0.637f,-0.0647f,-0.5124f,0.8563f,0.2021f,0f,0f,0f,1f],start_interpolation: 0,interpolation_duration: 1}
$data merge entity $(bone_finger_left_ring1) {transformation: [0.4382f,-0.8008f,0.4083f,0.6555f,-0.2798f,0.3101f,0.9086f,0.602f,-0.8542f,-0.5124f,-0.0882f,0.0953f,0f,0f,0f,1f],start_interpolation: 0,interpolation_duration: 1}
$data merge entity $(bone_finger_left_pinky3) {transformation: [0.5811f,-0.7865f,-0.2093f,0.6399f,0.7297f,0.3896f,0.562f,0.581f,-0.3605f,-0.4793f,0.8002f,0.2337f,0f,0f,0f,1f],start_interpolation: 0,interpolation_duration: 1}
$data merge entity $(bone_finger_left_pinky1) {transformation: [0.5251f,-0.7865f,0.3252f,0.7055f,0.0132f,0.3896f,0.9209f,0.5826f,-0.851f,-0.4793f,0.2149f,0.1273f,0f,0f,0f,1f],start_interpolation: 0,interpolation_duration: 1}
$data merge entity $(bone_hand_left1) {transformation: [-0.1294f,-0.8008f,0.5848f,0.5696f,-0.9249f,0.3101f,0.22f,0.4245f,-0.3575f,-0.5124f,-0.7808f,0.0611f,0f,0f,0f,1f],start_interpolation: 0,interpolation_duration: 1}
$data merge entity $(bone_arm_left3) {transformation: [-0.2596f,-0.9449f,0.1993f,0.529f,-0.9385f,0.2955f,0.1786f,0.0699f,-0.2277f,-0.1407f,-0.9635f,-0.078f,0f,0f,0f,1f],start_interpolation: 0,interpolation_duration: 1}
$data merge entity $(bone_arm_left1) {transformation: [-0.8766f,0.4811f,-0.0024f,0.2853f,0.481f,0.8762f,-0.0294f,0.2768f,-0.0121f,-0.0269f,-0.9996f,-0.0209f,0f,0f,0f,1f],start_interpolation: 0,interpolation_duration: 1}
$data merge entity $(bone_torso1) {transformation: [-0.9996f,0.0134f,0.0241f,0.0034f,0.0123f,0.999f,-0.0439f,0.2497f,-0.0247f,-0.0436f,-0.9987f,-0.0109f,0f,0f,0f,1f],start_interpolation: 0,interpolation_duration: 1}