# This file was generated by Animated Java via MC-Build. It is not recommended to edit this file directly.
$data merge entity $(bone_eyelid_right1) {transformation: [-0.9993f,0.0194f,0.0316f,-0.1616f,0.0166f,0.9961f,-0.0864f,0.2757f,-0.0332f,-0.0858f,-0.9958f,0.2173f,0f,0f,0f,1f],start_interpolation: 0,interpolation_duration: 1}
$data merge entity $(bone_eye_right1) {transformation: [-0.9993f,0.0194f,0.0316f,-0.1628f,0.0166f,0.9961f,-0.0864f,0.2789f,-0.0332f,-0.0858f,-0.9958f,0.2546f,0f,0f,0f,1f],start_interpolation: 0,interpolation_duration: 1}
$data merge entity $(bone_eyelid_left1) {transformation: [-0.9993f,0.0194f,0.0316f,0.1559f,0.0166f,0.9961f,-0.0864f,0.2704f,-0.0332f,-0.0858f,-0.9958f,0.2278f,0f,0f,0f,1f],start_interpolation: 0,interpolation_duration: 1}
$data merge entity $(bone_eye_left1) {transformation: [-0.9993f,0.0194f,0.0316f,0.1547f,0.0166f,0.9961f,-0.0864f,0.2737f,-0.0332f,-0.0858f,-0.9958f,0.2652f,0f,0f,0f,1f],start_interpolation: 0,interpolation_duration: 1}
$data merge entity $(bone_jaw1) {transformation: [-0.9993f,0.0158f,0.0336f,0.0014f,0.0166f,0.9996f,0.0238f,0.1272f,-0.0332f,0.0244f,-0.9992f,0.0204f,0f,0f,0f,1f],start_interpolation: 0,interpolation_duration: 1}
$data merge entity $(bone_finger_right_thumb3) {transformation: [-0.6222f,0.6682f,0.408f,-0.4755f,0.1487f,-0.4108f,0.8995f,0.4538f,0.7686f,0.6203f,0.1562f,0.1562f,0f,0f,0f,1f],start_interpolation: 0,interpolation_duration: 1}
$data merge entity $(bone_finger_right_thumb1) {transformation: [0.6181f,0.6719f,0.408f,-0.5273f,-0.3981f,-0.18f,0.8995f,0.5598f,0.6779f,-0.7184f,0.1562f,0.0812f,0f,0f,0f,1f],start_interpolation: 0,interpolation_duration: 1}
$data merge entity $(bone_finger_right_index3) {transformation: [0.5881f,0.7587f,0.2802f,-0.5282f,-0.6875f,0.2864f,0.6674f,0.664f,0.4261f,-0.5851f,0.69f,0.1802f,0f,0f,0f,1f],start_interpolation: 0,interpolation_duration: 1}
$data merge entity $(bone_finger_right_index1) {transformation: [0.4983f,0.7587f,-0.4195f,-0.5905f,0.3233f,0.2864f,0.9019f,0.6236f,0.8045f,-0.5851f,-0.1026f,0.0796f,0f,0f,0f,1f],start_interpolation: 0,interpolation_duration: 1}
$data merge entity $(bone_finger_right_middle3) {transformation: [0.6279f,0.7383f,0.2462f,-0.5934f,-0.7433f,0.4752f,0.4708f,0.6367f,0.2306f,-0.4786f,0.8472f,0.2188f,0f,0f,0f,1f],start_interpolation: 0,interpolation_duration: 1}
$data merge entity $(bone_finger_right_middle1) {transformation: [0.3457f,0.7383f,-0.5791f,-0.6366f,0.3426f,0.4752f,0.8104f,0.5939f,0.8736f,-0.4786f,-0.0887f,0.1096f,0f,0f,0f,1f],start_interpolation: 0,interpolation_duration: 1}
$data merge entity $(bone_finger_right_ring3) {transformation: [0.6041f,0.7383f,0.3f,-0.6364f,-0.7815f,0.4752f,0.4042f,0.6025f,0.1559f,-0.4786f,0.8641f,0.249f,0f,0f,0f,1f],start_interpolation: 0,interpolation_duration: 1}
$data merge entity $(bone_finger_right_ring1) {transformation: [0.3706f,0.7383f,-0.5635f,-0.6828f,0.3069f,0.4752f,0.8246f,0.5642f,0.8766f,-0.4786f,-0.0505f,0.1395f,0f,0f,0f,1f],start_interpolation: 0,interpolation_duration: 1}
$data merge entity $(bone_finger_right_pinky3) {transformation: [0.6936f,0.7203f,-0.0143f,-0.6668f,-0.5529f,0.5449f,0.6304f,0.5378f,0.4618f,-0.4293f,0.7762f,0.2778f,0f,0f,0f,1f],start_interpolation: 0,interpolation_duration: 1}
$data merge entity $(bone_finger_right_pinky1) {transformation: [0.4969f,0.7203f,-0.4841f,-0.7289f,0.0266f,0.5449f,0.8381f,0.5345f,0.8674f,-0.4293f,0.2516f,0.1694f,0f,0f,0f,1f],start_interpolation: 0,interpolation_duration: 1}
$data merge entity $(bone_hand_right1) {transformation: [-0.1751f,0.7383f,-0.6513f,-0.5862f,0.8203f,0.4752f,0.3182f,0.4053f,0.5444f,-0.4786f,-0.6889f,0.0655f,0f,0f,0f,1f],start_interpolation: 0,interpolation_duration: 1}
$data merge entity $(bone_arm_right3) {transformation: [-0.3504f,0.9043f,-0.244f,-0.5124f,0.8873f,0.4039f,0.2226f,0.0675f,0.2999f,-0.1385f,-0.9439f,-0.0995f,0f,0f,0f,1f],start_interpolation: 0,interpolation_duration: 1}
$data merge entity $(bone_arm_right1) {transformation: [-0.8651f,-0.5007f,0.0285f,-0.2751f,-0.5011f,0.8609f,-0.0883f,0.2835f,0.0197f,-0.0906f,-0.9957f,-0.049f,0f,0f,0f,1f],start_interpolation: 0,interpolation_duration: 1}
$data merge entity $(bone_finger_left_thumb3) {transformation: [-0.5744f,-0.7211f,-0.3874f,0.4789f,-0.1288f,-0.3877f,0.9127f,0.438f,-0.8084f,0.5742f,0.1298f,0.1879f,0f,0f,0f,1f],start_interpolation: 0,interpolation_duration: 1}
$data merge entity $(bone_finger_left_thumb1) {transformation: [0.6746f,-0.6284f,-0.3874f,0.539f,0.3766f,-0.1584f,0.9127f,0.5421f,-0.6349f,-0.7616f,0.1298f,0.1166f,0f,0f,0f,1f],start_interpolation: 0,interpolation_duration: 1}
$data merge entity $(bone_finger_left_index3) {transformation: [0.6375f,-0.7083f,-0.3031f,0.5368f,0.6671f,0.3108f,0.677f,0.6463f,-0.3854f,-0.6338f,0.6707f,0.2156f,0f,0f,0f,1f],start_interpolation: 0,interpolation_duration: 1}
$data merge entity $(bone_finger_left_index1) {transformation: [0.5396f,-0.7083f,0.4551f,0.6042f,-0.3405f,0.3108f,0.8874f,0.6037f,-0.77f,-0.6338f,-0.0735f,0.1193f,0f,0f,0f,1f],start_interpolation: 0,interpolation_duration: 1}
$data merge entity $(bone_finger_left_middle3) {transformation: [0.6661f,-0.6888f,-0.2861f,0.5984f,0.7219f,0.4989f,0.4796f,0.6169f,-0.1876f,-0.526f,0.8295f,0.2583f,0f,0f,0f,1f],start_interpolation: 0,interpolation_duration: 1}
$data merge entity $(bone_finger_left_middle1) {transformation: [0.3913f,-0.6888f,0.6103f,0.6473f,-0.3548f,0.4989f,0.7907f,0.5725f,-0.8491f,-0.526f,-0.0492f,0.1522f,0f,0f,0f,1f],start_interpolation: 0,interpolation_duration: 1}
$data merge entity $(bone_finger_left_ring3) {transformation: [0.6387f,-0.6888f,-0.343f,0.6381f,0.7609f,0.4989f,0.4149f,0.5814f,-0.1146f,-0.526f,0.8427f,0.2914f,0f,0f,0f,1f],start_interpolation: 0,interpolation_duration: 1}
$data merge entity $(bone_finger_left_ring1) {transformation: [0.4176f,-0.6888f,0.5926f,0.6903f,-0.32f,0.4989f,0.8054f,0.5414f,-0.8504f,-0.526f,-0.0121f,0.1851f,0f,0f,0f,1f],start_interpolation: 0,interpolation_duration: 1}
$data merge entity $(bone_finger_left_pinky3) {transformation: [0.7406f,-0.6717f,-0.0164f,0.6644f,0.5291f,0.568f,0.6304f,0.5157f,-0.4142f,-0.4755f,0.7761f,0.322f,0f,0f,0f,1f],start_interpolation: 0,interpolation_duration: 1}
$data merge entity $(bone_finger_left_pinky1) {transformation: [0.5522f,-0.6717f,0.4938f,0.7334f,-0.044f,0.568f,0.8218f,0.5102f,-0.8326f,-0.4755f,0.2841f,0.2179f,0f,0f,0f,1f],start_interpolation: 0,interpolation_duration: 1}
$data merge entity $(bone_hand_left1) {transformation: [-0.1657f,-0.6888f,0.7058f,0.5936f,-0.8147f,0.4989f,0.2956f,0.3857f,-0.5557f,-0.526f,-0.6438f,0.1047f,0f,0f,0f,1f],start_interpolation: 0,interpolation_duration: 1}
$data merge entity $(bone_arm_left3) {transformation: [-0.359f,-0.8792f,0.3133f,0.5198f,-0.8755f,0.4335f,0.2134f,0.0504f,-0.3234f,-0.1977f,-0.9254f,-0.0652f,0f,0f,0f,1f],start_interpolation: 0,interpolation_duration: 1}
$data merge entity $(bone_arm_left1) {transformation: [-0.8448f,0.5339f,0.0347f,0.287f,0.5295f,0.8437f,-0.0884f,0.2741f,-0.0765f,-0.0563f,-0.9955f,-0.0304f,0f,0f,0f,1f],start_interpolation: 0,interpolation_duration: 1}
$data merge entity $(bone_torso1) {transformation: [-0.9993f,0.0194f,0.0316f,0.0048f,0.0166f,0.9961f,-0.0864f,0.249f,-0.0332f,-0.0858f,-0.9958f,-0.0215f,0f,0f,0f,1f],start_interpolation: 0,interpolation_duration: 1}