# This file was generated by Animated Java via MC-Build. It is not recommended to edit this file directly.
$data merge entity $(bone_eyelid_right1) {transformation: [-0.9994f,0.0178f,0.0299f,-0.1616f,0.0155f,0.9971f,-0.0748f,0.2729f,-0.0311f,-0.0743f,-0.9968f,0.2208f,0f,0f,0f,1f],start_interpolation: 0,interpolation_duration: 1}
$data merge entity $(bone_eye_right1) {transformation: [-0.9994f,0.0178f,0.0299f,-0.1627f,0.0155f,0.9971f,-0.0748f,0.2757f,-0.0311f,-0.0743f,-0.9968f,0.2582f,0f,0f,0f,1f],start_interpolation: 0,interpolation_duration: 1}
$data merge entity $(bone_eyelid_left1) {transformation: [-0.9994f,0.0178f,0.0299f,0.1559f,0.0155f,0.9971f,-0.0748f,0.268f,-0.0311f,-0.0743f,-0.9968f,0.2307f,0f,0f,0f,1f],start_interpolation: 0,interpolation_duration: 1}
$data merge entity $(bone_eye_left1) {transformation: [-0.9994f,0.0178f,0.0299f,0.1548f,0.0155f,0.9971f,-0.0748f,0.2708f,-0.0311f,-0.0743f,-0.9968f,0.268f,0f,0f,0f,1f],start_interpolation: 0,interpolation_duration: 1}
$data merge entity $(bone_jaw1) {transformation: [-0.9994f,0.0147f,0.0315f,0.0013f,0.0155f,0.9995f,0.0278f,0.127f,-0.0311f,0.0282f,-0.9991f,0.0219f,0f,0f,0f,1f],start_interpolation: 0,interpolation_duration: 1}
$data merge entity $(bone_finger_right_thumb3) {transformation: [-0.5718f,0.709f,0.4129f,-0.4775f,0.113f,-0.4304f,0.8955f,0.4452f,0.8126f,0.5587f,0.166f,0.1712f,0f,0f,0f,1f],start_interpolation: 0,interpolation_duration: 1}
$data merge entity $(bone_finger_right_thumb1) {transformation: [0.6406f,0.6474f,0.4129f,-0.5318f,-0.4151f,-0.1604f,0.8955f,0.553f,0.646f,-0.7451f,0.166f,0.1008f,0f,0f,0f,1f],start_interpolation: 0,interpolation_duration: 1}
$data merge entity $(bone_finger_right_index3) {transformation: [0.6264f,0.7384f,0.2497f,-0.5332f,-0.6536f,0.323f,0.6844f,0.656f,0.4247f,-0.5919f,0.685f,0.2038f,0f,0f,0f,1f],start_interpolation: 0,interpolation_duration: 1}
$data merge entity $(bone_finger_right_index1) {transformation: [0.5023f,0.7384f,-0.4499f,-0.596f,0.3222f,0.323f,0.8899f,0.6157f,0.8024f,-0.5919f,-0.0757f,0.1035f,0f,0f,0f,1f],start_interpolation: 0,interpolation_duration: 1}
$data merge entity $(bone_finger_right_middle3) {transformation: [0.6602f,0.7179f,0.2208f,-0.5975f,-0.7132f,0.5069f,0.4842f,0.6257f,0.2357f,-0.4772f,0.8466f,0.2429f,0f,0f,0f,1f],start_interpolation: 0,interpolation_duration: 1}
$data merge entity $(bone_finger_right_middle1) {transformation: [0.3471f,0.7179f,-0.6034f,-0.6408f,0.3335f,0.5069f,0.7949f,0.584f,0.8765f,-0.4772f,-0.0635f,0.1334f,0f,0f,0f,1f],start_interpolation: 0,interpolation_duration: 1}
$data merge entity $(bone_finger_right_ring3) {transformation: [0.6384f,0.7179f,0.2775f,-0.6391f,-0.7526f,0.5069f,0.4202f,0.5897f,0.161f,-0.4772f,0.8639f,0.273f,0f,0f,0f,1f],start_interpolation: 0,interpolation_duration: 1}
$data merge entity $(bone_finger_right_ring1) {transformation: [0.3731f,0.7179f,-0.5877f,-0.6857f,0.2985f,0.5069f,0.8087f,0.5523f,0.8785f,-0.4772f,-0.0252f,0.1632f,0f,0f,0f,1f],start_interpolation: 0,interpolation_duration: 1}
$data merge entity $(bone_finger_right_pinky3) {transformation: [0.7125f,0.7001f,-0.0476f,-0.6674f,-0.522f,0.5742f,0.6308f,0.5233f,0.4689f,-0.4246f,0.7745f,0.3008f,0f,0f,0f,1f],start_interpolation: 0,interpolation_duration: 1}
$data merge entity $(bone_finger_right_pinky1) {transformation: [0.5057f,0.7001f,-0.5041f,-0.7306f,0.0211f,0.5742f,0.8185f,0.5207f,0.8624f,-0.4246f,0.2756f,0.193f,0f,0f,0f,1f],start_interpolation: 0,interpolation_duration: 1}
$data merge entity $(bone_hand_right1) {transformation: [-0.1735f,0.7179f,-0.6742f,-0.5886f,0.7941f,0.5069f,0.3355f,0.3983f,0.5826f,-0.4772f,-0.658f,0.0802f,0f,0f,0f,1f],start_interpolation: 0,interpolation_duration: 1}
$data merge entity $(bone_arm_right3) {transformation: [-0.3614f,0.8933f,-0.2672f,-0.5117f,0.8729f,0.4249f,0.2398f,0.0661f,0.3278f,-0.1466f,-0.9333f,-0.0942f,0f,0f,0f,1f],start_interpolation: 0,interpolation_duration: 1}
$data merge entity $(bone_arm_right1) {transformation: [-0.8607f,-0.5088f,0.0176f,-0.2756f,-0.5084f,0.8572f,-0.082f,0.2836f,0.0266f,-0.0796f,-0.9965f,-0.0452f,0f,0f,0f,1f],start_interpolation: 0,interpolation_duration: 1}
$data merge entity $(bone_finger_left_thumb3) {transformation: [-0.5234f,-0.7553f,-0.3944f,0.4795f,-0.096f,-0.4076f,0.9081f,0.4303f,-0.8467f,0.5131f,0.1409f,0.2009f,0f,0f,0f,1f],start_interpolation: 0,interpolation_duration: 1}
$data merge entity $(bone_finger_left_thumb1) {transformation: [0.6921f,-0.6045f,-0.3944f,0.5414f,0.3944f,-0.1409f,0.9081f,0.5363f,-0.6045f,-0.784f,0.1409f,0.1342f,0f,0f,0f,1f],start_interpolation: 0,interpolation_duration: 1}
$data merge entity $(bone_finger_left_index3) {transformation: [0.6716f,-0.6898f,-0.2704f,0.5396f,0.6335f,0.3452f,0.6925f,0.6393f,-0.3843f,-0.6364f,0.6688f,0.2372f,0f,0f,0f,1f],start_interpolation: 0,interpolation_duration: 1}
$data merge entity $(bone_finger_left_index1) {transformation: [0.541f,-0.6898f,0.4812f,0.6072f,-0.3384f,0.3452f,0.8754f,0.597f,-0.77f,-0.6364f,-0.0467f,0.141f,0f,0f,0f,1f],start_interpolation: 0,interpolation_duration: 1}
$data merge entity $(bone_finger_left_middle3) {transformation: [0.6954f,-0.6708f,-0.2579f,0.6004f,0.6921f,0.5285f,0.4917f,0.6071f,-0.1935f,-0.5204f,0.8317f,0.2802f,0f,0f,0f,1f],start_interpolation: 0,interpolation_duration: 1}
$data merge entity $(bone_finger_left_middle1) {transformation: [0.3904f,-0.6708f,0.6306f,0.6492f,-0.345f,0.5285f,0.7757f,0.564f,-0.8536f,-0.5204f,-0.0251f,0.1735f,0f,0f,0f,1f],start_interpolation: 0,interpolation_duration: 1}
$data merge entity $(bone_finger_left_ring3) {transformation: [0.6703f,-0.6708f,-0.3175f,0.6389f,0.7323f,0.5285f,0.4295f,0.5698f,-0.1203f,-0.5204f,0.8454f,0.3128f,0f,0f,0f,1f],start_interpolation: 0,interpolation_duration: 1}
$data merge entity $(bone_finger_left_ring1) {transformation: [0.4175f,-0.6708f,0.613f,0.6911f,-0.3108f,0.5285f,0.79f,0.5309f,-0.8539f,-0.5204f,0.0122f,0.206f,0f,0f,0f,1f],start_interpolation: 0,interpolation_duration: 1}
$data merge entity $(bone_finger_left_pinky3) {transformation: [0.7561f,-0.6541f,0.0189f,0.6633f,0.4992f,0.5952f,0.6297f,0.5026f,-0.4232f,-0.4667f,0.7766f,0.3422f,0f,0f,0f,1f],start_interpolation: 0,interpolation_duration: 1}
$data merge entity $(bone_finger_left_pinky1) {transformation: [0.5575f,-0.6541f,0.5112f,0.733f,-0.0376f,0.5952f,0.8027f,0.4979f,-0.8293f,-0.4667f,0.3072f,0.2385f,0f,0f,0f,1f],start_interpolation: 0,interpolation_duration: 1}
$data merge entity $(bone_hand_left1) {transformation: [-0.1615f,-0.6708f,0.7239f,0.5946f,-0.7888f,0.5285f,0.3137f,0.3799f,-0.593f,-0.5204f,-0.6145f,0.117f,0f,0f,0f,1f],start_interpolation: 0,interpolation_duration: 1}
$data merge entity $(bone_arm_left3) {transformation: [-0.3672f,-0.8688f,0.332f,0.5183f,-0.8616f,0.4523f,0.2305f,0.05f,-0.3504f,-0.2014f,-0.9147f,-0.0622f,0f,0f,0f,1f],start_interpolation: 0,interpolation_duration: 1}
$data merge entity $(bone_arm_left1) {transformation: [-0.8412f,0.5391f,0.0418f,0.2866f,0.5348f,0.8409f,-0.0824f,0.2749f,-0.0796f,-0.047f,-0.9957f,-0.0277f,0f,0f,0f,1f],start_interpolation: 0,interpolation_duration: 1}
$data merge entity $(bone_torso1) {transformation: [-0.9994f,0.0178f,0.0299f,0.0045f,0.0155f,0.9971f,-0.0748f,0.2493f,-0.0311f,-0.0743f,-0.9968f,-0.0186f,0f,0f,0f,1f],start_interpolation: 0,interpolation_duration: 1}