# This file was generated by Animated Java via MC-Build. It is not recommended to edit this file directly.
$data merge entity $(bone_eyelid_right1) {transformation: [-0.9994f,0.0169f,0.0287f,-0.1615f,0.0149f,0.9976f,-0.0678f,0.2712f,-0.0298f,-0.0673f,-0.9973f,0.2229f,0f,0f,0f,1f],start_interpolation: 0,interpolation_duration: 1}
$data merge entity $(bone_eye_right1) {transformation: [-0.9994f,0.0169f,0.0287f,-0.1626f,0.0149f,0.9976f,-0.0678f,0.2738f,-0.0298f,-0.0673f,-0.9973f,0.2603f,0f,0f,0f,1f],start_interpolation: 0,interpolation_duration: 1}
$data merge entity $(bone_eyelid_left1) {transformation: [-0.9994f,0.0169f,0.0287f,0.156f,0.0149f,0.9976f,-0.0678f,0.2665f,-0.0298f,-0.0673f,-0.9973f,0.2324f,0f,0f,0f,1f],start_interpolation: 0,interpolation_duration: 1}
$data merge entity $(bone_eye_left1) {transformation: [-0.9994f,0.0169f,0.0287f,0.1549f,0.0149f,0.9976f,-0.0678f,0.269f,-0.0298f,-0.0673f,-0.9973f,0.2698f,0f,0f,0f,1f],start_interpolation: 0,interpolation_duration: 1}
$data merge entity $(bone_jaw1) {transformation: [-0.9994f,0.0139f,0.0302f,0.0012f,0.0149f,0.9994f,0.0319f,0.1268f,-0.0298f,0.0324f,-0.999f,0.0227f,0f,0f,0f,1f],start_interpolation: 0,interpolation_duration: 1}
$data merge entity $(bone_finger_right_thumb3) {transformation: [-0.5496f,0.7253f,0.4147f,-0.478f,0.0965f,-0.4379f,0.8938f,0.4413f,0.8299f,0.5312f,0.1707f,0.1782f,0f,0f,0f,1f],start_interpolation: 0,interpolation_duration: 1}
$data merge entity $(bone_finger_right_thumb1) {transformation: [0.6499f,0.637f,0.4147f,-0.5333f,-0.4222f,-0.1511f,0.8938f,0.55f,0.632f,-0.7559f,0.1707f,0.1099f,0f,0f,0f,1f],start_interpolation: 0,interpolation_duration: 1}
$data merge entity $(bone_finger_right_index3) {transformation: [0.6412f,0.7298f,0.2372f,-0.5348f,-0.64f,0.338f,0.6901f,0.6522f,0.4234f,-0.5943f,0.6838f,0.2147f,0f,0f,0f,1f],start_interpolation: 0,interpolation_duration: 1}
$data merge entity $(bone_finger_right_index1) {transformation: [0.5047f,0.7298f,-0.4612f,-0.5978f,0.3201f,0.338f,0.885f,0.6122f,0.8018f,-0.5943f,-0.063f,0.1144f,0f,0f,0f,1f],start_interpolation: 0,interpolation_duration: 1}
$data merge entity $(bone_finger_right_middle3) {transformation: [0.6726f,0.7094f,0.2105f,-0.5986f,-0.701f,0.5197f,0.4883f,0.6207f,0.237f,-0.476f,0.8469f,0.2539f,0f,0f,0f,1f],start_interpolation: 0,interpolation_duration: 1}
$data merge entity $(bone_finger_right_middle1) {transformation: [0.3487f,0.7094f,-0.6125f,-0.6422f,0.3282f,0.5197f,0.7888f,0.5797f,0.8779f,-0.476f,-0.0516f,0.1442f,0f,0f,0f,1f],start_interpolation: 0,interpolation_duration: 1}
$data merge entity $(bone_finger_right_ring3) {transformation: [0.6517f,0.7094f,0.2683f,-0.6396f,-0.7409f,0.5197f,0.4254f,0.5839f,0.1623f,-0.476f,0.8643f,0.2839f,0f,0f,0f,1f],start_interpolation: 0,interpolation_duration: 1}
$data merge entity $(bone_finger_right_ring1) {transformation: [0.3751f,0.7094f,-0.5967f,-0.6865f,0.2934f,0.5197f,0.8024f,0.5472f,0.8793f,-0.476f,-0.0132f,0.1739f,0f,0f,0f,1f],start_interpolation: 0,interpolation_duration: 1}
$data merge entity $(bone_finger_right_pinky3) {transformation: [0.7196f,0.6917f,-0.0608f,-0.6671f,-0.51f,0.586f,0.6297f,0.5169f,0.4712f,-0.4221f,0.7745f,0.3112f,0f,0f,0f,1f],start_interpolation: 0,interpolation_duration: 1}
$data merge entity $(bone_finger_right_pinky1) {transformation: [0.5101f,0.6917f,-0.5112f,-0.7309f,0.0172f,0.586f,0.8102f,0.5147f,0.8599f,-0.4221f,0.287f,0.2037f,0f,0f,0f,1f],start_interpolation: 0,interpolation_duration: 1}
$data merge entity $(bone_hand_right1) {transformation: [-0.1718f,0.7094f,-0.6835f,-0.5894f,0.7826f,0.5197f,0.3427f,0.3953f,0.5984f,-0.476f,-0.6445f,0.0871f,0f,0f,0f,1f],start_interpolation: 0,interpolation_duration: 1}
$data merge entity $(bone_arm_right3) {transformation: [-0.365f,0.8888f,-0.2771f,-0.5115f,0.8665f,0.4332f,0.248f,0.0656f,0.3405f,-0.1496f,-0.9283f,-0.0915f,0f,0f,0f,1f],start_interpolation: 0,interpolation_duration: 1}
$data merge entity $(bone_arm_right1) {transformation: [-0.8589f,-0.5121f,0.0124f,-0.2759f,-0.5114f,0.8558f,-0.0775f,0.2837f,0.0291f,-0.0729f,-0.9969f,-0.0429f,0f,0f,0f,1f],start_interpolation: 0,interpolation_duration: 1}
$data merge entity $(bone_finger_left_thumb3) {transformation: [-0.5018f,-0.7683f,-0.3973f,0.4794f,-0.0808f,-0.4157f,0.9059f,0.4271f,-0.8612f,0.4867f,0.1465f,0.2067f,0f,0f,0f,1f],start_interpolation: 0,interpolation_duration: 1}
$data merge entity $(bone_finger_left_thumb1) {transformation: [0.6986f,-0.5951f,-0.3973f,0.5419f,0.4021f,-0.1328f,0.9059f,0.534f,-0.5918f,-0.7926f,0.1465f,0.1419f,0f,0f,0f,1f],start_interpolation: 0,interpolation_duration: 1}
$data merge entity $(bone_finger_left_index3) {transformation: [0.684f,-0.6828f,-0.2568f,0.5402f,0.6202f,0.3591f,0.6974f,0.6362f,-0.384f,-0.6363f,0.6691f,0.2467f,0f,0f,0f,1f],start_interpolation: 0,interpolation_duration: 1}
$data merge entity $(bone_finger_left_index1) {transformation: [0.5417f,-0.6828f,0.4903f,0.6079f,-0.3357f,0.3591f,0.8709f,0.5942f,-0.7706f,-0.6363f,-0.0347f,0.1503f,0f,0f,0f,1f],start_interpolation: 0,interpolation_duration: 1}
$data merge entity $(bone_finger_left_middle3) {transformation: [0.7061f,-0.6641f,-0.2459f,0.6006f,0.6805f,0.5402f,0.4951f,0.6029f,-0.196f,-0.5169f,0.8333f,0.2896f,0f,0f,0f,1f],start_interpolation: 0,interpolation_duration: 1}
$data merge entity $(bone_finger_left_middle1) {transformation: [0.3904f,-0.6641f,0.6377f,0.6494f,-0.3392f,0.5402f,0.7702f,0.5605f,-0.8559f,-0.5169f,-0.0143f,0.1826f,0f,0f,0f,1f],start_interpolation: 0,interpolation_duration: 1}
$data merge entity $(bone_finger_left_ring3) {transformation: [0.682f,-0.6641f,-0.3065f,0.6387f,0.721f,0.5402f,0.4339f,0.5649f,-0.1226f,-0.5169f,0.8472f,0.3219f,0f,0f,0f,1f],start_interpolation: 0,interpolation_duration: 1}
$data merge entity $(bone_finger_left_ring1) {transformation: [0.4178f,-0.6641f,0.62f,0.6909f,-0.3052f,0.5402f,0.7842f,0.5267f,-0.8557f,-0.5169f,0.023f,0.215f,0f,0f,0f,1f],start_interpolation: 0,interpolation_duration: 1}
$data merge entity $(bone_finger_left_pinky3) {transformation: [0.7612f,-0.6477f,0.0334f,0.6625f,0.488f,0.6059f,0.6283f,0.4971f,-0.4271f,-0.462f,0.7773f,0.3508f,0f,0f,0f,1f],start_interpolation: 0,interpolation_duration: 1}
$data merge entity $(bone_finger_left_pinky1) {transformation: [0.5596f,-0.6477f,0.517f,0.7324f,-0.0332f,0.6059f,0.7949f,0.4929f,-0.8281f,-0.462f,0.3176f,0.2473f,0f,0f,0f,1f],start_interpolation: 0,interpolation_duration: 1}
$data merge entity $(bone_hand_left1) {transformation: [-0.1591f,-0.6641f,0.7305f,0.5947f,-0.7777f,0.5402f,0.3217f,0.3777f,-0.6082f,-0.5169f,-0.6024f,0.1224f,0f,0f,0f,1f],start_interpolation: 0,interpolation_duration: 1}
$data merge entity $(bone_arm_left3) {transformation: [-0.3697f,-0.8651f,0.3391f,0.5178f,-0.8556f,0.4593f,0.2388f,0.0502f,-0.3624f,-0.2018f,-0.9099f,-0.0609f,0f,0f,0f,1f],start_interpolation: 0,interpolation_duration: 1}
$data merge entity $(bone_arm_left1) {transformation: [-0.84f,0.5407f,0.0447f,0.2863f,0.5367f,0.8402f,-0.078f,0.2753f,-0.0797f,-0.0416f,-0.996f,-0.0261f,0f,0f,0f,1f],start_interpolation: 0,interpolation_duration: 1}
$data merge entity $(bone_torso1) {transformation: [-0.9994f,0.0169f,0.0287f,0.0042f,0.0149f,0.9976f,-0.0678f,0.2494f,-0.0298f,-0.0673f,-0.9973f,-0.0168f,0f,0f,0f,1f],start_interpolation: 0,interpolation_duration: 1}