# This file was generated by Animated Java via MC-Build. It is not recommended to edit this file directly.
$data merge entity $(bone_eyelid_right1) {transformation: [-1f,0.004f,0.0082f,-0.1598f,0.0041f,1f,0.003f,0.2528f,-0.0081f,0.003f,-1f,0.2448f,0f,0f,0f,1f],start_interpolation: 0,interpolation_duration: 1}
$data merge entity $(bone_eye_right1) {transformation: [-1f,0.004f,0.0082f,-0.1601f,0.0041f,1f,0.003f,0.2526f,-0.0081f,0.003f,-1f,0.2823f,0f,0f,0f,1f],start_interpolation: 0,interpolation_duration: 1}
$data merge entity $(bone_eyelid_left1) {transformation: [-1f,0.004f,0.0082f,0.1579f,0.0041f,1f,0.003f,0.2515f,-0.0081f,0.003f,-1f,0.2474f,0f,0f,0f,1f],start_interpolation: 0,interpolation_duration: 1}
$data merge entity $(bone_eye_left1) {transformation: [-1f,0.004f,0.0082f,0.1576f,0.0041f,1f,0.003f,0.2513f,-0.0081f,0.003f,-1f,0.2849f,0f,0f,0f,1f],start_interpolation: 0,interpolation_duration: 1}
$data merge entity $(bone_jaw1) {transformation: [-1f,0.0028f,0.0087f,0.0003f,0.0041f,0.9888f,0.1492f,0.1249f,-0.0081f,0.1492f,-0.9888f,0.0316f,0f,0f,0f,1f],start_interpolation: 0,interpolation_duration: 1}
$data merge entity $(bone_finger_right_thumb3) {transformation: [-0.7069f,0.5955f,0.3818f,-0.4569f,0.1657f,-0.3853f,0.9078f,0.4657f,0.6877f,0.7049f,0.1737f,0.1702f,0f,0f,0f,1f],start_interpolation: 0,interpolation_duration: 1}
$data merge entity $(bone_finger_right_thumb1) {transformation: [0.5749f,0.7237f,0.3818f,-0.5049f,-0.3804f,-0.1767f,0.9078f,0.5699f,0.7244f,-0.6671f,0.1737f,0.0905f,0f,0f,0f,1f],start_interpolation: 0,interpolation_duration: 1}
$data merge entity $(bone_finger_right_index3) {transformation: [0.4683f,0.7949f,0.3858f,-0.4974f,-0.7972f,0.1919f,0.5724f,0.6668f,0.381f,-0.5757f,0.7235f,0.183f,0f,0f,0f,1f],start_interpolation: 0,interpolation_duration: 1}
$data merge entity $(bone_finger_right_index1) {transformation: [0.5314f,0.7949f,-0.293f,-0.5638f,0.238f,0.1919f,0.9521f,0.637f,0.813f,-0.5757f,-0.0872f,0.0814f,0f,0f,0f,1f],start_interpolation: 0,interpolation_duration: 1}
$data merge entity $(bone_finger_right_middle3) {transformation: [0.5196f,0.7828f,0.3424f,-0.5627f,-0.8383f,0.3896f,0.3815f,0.6479f,0.1652f,-0.4853f,0.8586f,0.2207f,0f,0f,0f,1f],start_interpolation: 0,interpolation_duration: 1}
$data merge entity $(bone_finger_right_middle1) {transformation: [0.4003f,0.7828f,-0.4765f,-0.6127f,0.2819f,0.3896f,0.8768f,0.6127f,0.872f,-0.4853f,-0.0647f,0.1117f,0f,0f,0f,1f],start_interpolation: 0,interpolation_duration: 1}
$data merge entity $(bone_finger_right_ring3) {transformation: [0.4878f,0.7828f,0.3864f,-0.6091f,-0.8683f,0.3896f,0.307f,0.6187f,0.0897f,-0.4853f,0.8697f,0.2513f,0f,0f,0f,1f],start_interpolation: 0,interpolation_duration: 1}
$data merge entity $(bone_finger_right_ring1) {transformation: [0.4207f,0.7828f,-0.4586f,-0.6617f,0.2434f,0.3896f,0.8883f,0.5883f,0.874f,-0.4853f,-0.0266f,0.1421f,0f,0f,0f,1f],start_interpolation: 0,interpolation_duration: 1}
$data merge entity $(bone_finger_right_pinky3) {transformation: [0.6314f,0.7675f,0.1111f,-0.6456f,-0.6667f,0.464f,0.5833f,0.5583f,0.3961f,-0.4424f,0.8046f,0.2791f,0f,0f,0f,1f],start_interpolation: 0,interpolation_duration: 1}
$data merge entity $(bone_finger_right_pinky1) {transformation: [0.5195f,0.7675f,-0.3757f,-0.7106f,-0.0458f,0.464f,0.8846f,0.564f,0.8532f,-0.4424f,0.2762f,0.1724f,0f,0f,0f,1f],start_interpolation: 0,interpolation_duration: 1}
$data merge entity $(bone_hand_right1) {transformation: [-0.1415f,0.7828f,-0.606f,-0.5728f,0.8708f,0.3896f,0.2998f,0.4185f,0.4708f,-0.4853f,-0.7368f,0.0847f,0f,0f,0f,1f],start_interpolation: 0,interpolation_duration: 1}
$data merge entity $(bone_arm_right3) {transformation: [-0.2852f,0.934f,-0.2151f,-0.5231f,0.9098f,0.3344f,0.2459f,0.077f,0.3016f,-0.1255f,-0.9451f,-0.0816f,0f,0f,0f,1f],start_interpolation: 0,interpolation_duration: 1}
$data merge entity $(bone_arm_right1) {transformation: [-0.8758f,-0.4827f,0.0066f,-0.28f,-0.4827f,0.8758f,0.0021f,0.2824f,-0.0068f,-0.0013f,-1f,-0.0171f,0f,0f,0f,1f],start_interpolation: 0,interpolation_duration: 1}
$data merge entity $(bone_finger_left_thumb3) {transformation: [-0.6969f,-0.61f,-0.3771f,0.4578f,-0.16f,-0.3804f,0.9109f,0.4619f,-0.6991f,0.6951f,0.1675f,0.1776f,0f,0f,0f,1f],start_interpolation: 0,interpolation_duration: 1}
$data merge entity $(bone_finger_left_thumb1) {transformation: [0.5897f,-0.7141f,-0.3771f,0.5079f,0.3757f,-0.1708f,0.9109f,0.5658f,-0.7149f,-0.6788f,0.1675f,0.0987f,0f,0f,0f,1f],start_interpolation: 0,interpolation_duration: 1}
$data merge entity $(bone_finger_left_index3) {transformation: [0.481f,-0.7838f,-0.3929f,0.4998f,0.7933f,0.1983f,0.5756f,0.6627f,-0.3732f,-0.5885f,0.7172f,0.1912f,0f,0f,0f,1f],start_interpolation: 0,interpolation_duration: 1}
$data merge entity $(bone_finger_left_index1) {transformation: [0.5426f,-0.7838f,0.3021f,0.5676f,-0.2423f,0.1983f,0.9497f,0.6324f,-0.8043f,-0.5885f,-0.0823f,0.0906f,0f,0f,0f,1f],start_interpolation: 0,interpolation_duration: 1}
$data merge entity $(bone_finger_left_middle3) {transformation: [0.5291f,-0.7716f,-0.3533f,0.5643f,0.834f,0.3959f,0.3843f,0.6433f,-0.1567f,-0.4979f,0.8529f,0.2299f,0f,0f,0f,1f],start_interpolation: 0,interpolation_duration: 1}
$data merge entity $(bone_finger_left_middle1) {transformation: [0.4121f,-0.7716f,0.4846f,0.6158f,-0.2852f,0.3959f,0.8729f,0.6077f,-0.8653f,-0.4979f,-0.0569f,0.1218f,0f,0f,0f,1f],start_interpolation: 0,interpolation_duration: 1}
$data merge entity $(bone_finger_left_ring3) {transformation: [0.4963f,-0.7716f,-0.398f,0.6099f,0.8643f,0.3959f,0.3102f,0.6138f,-0.0817f,-0.4979f,0.8634f,0.2613f,0f,0f,0f,1f],start_interpolation: 0,interpolation_duration: 1}
$data merge entity $(bone_finger_left_ring1) {transformation: [0.4329f,-0.7716f,0.4662f,0.664f,-0.2468f,0.3959f,0.8845f,0.5829f,-0.867f,-0.4979f,-0.0191f,0.1529f,0f,0f,0f,1f],start_interpolation: 0,interpolation_duration: 1}
$data merge entity $(bone_finger_left_pinky3) {transformation: [0.6432f,-0.7563f,-0.1195f,0.6455f,0.6615f,0.4702f,0.5842f,0.553f,-0.3857f,-0.4548f,0.8027f,0.2896f,0f,0f,0f,1f],start_interpolation: 0,interpolation_duration: 1}
$data merge entity $(bone_finger_left_pinky1) {transformation: [0.5337f,-0.7563f,0.3783f,0.7123f,0.0415f,0.4702f,0.8816f,0.5582f,-0.8447f,-0.4548f,0.2823f,0.184f,0f,0f,0f,1f],start_interpolation: 0,interpolation_duration: 1}
$data merge entity $(bone_hand_left1) {transformation: [-0.1409f,-0.7716f,0.6203f,0.5747f,-0.8697f,0.3959f,0.2948f,0.4138f,-0.4731f,-0.4979f,-0.7268f,0.094f,0f,0f,0f,1f],start_interpolation: 0,interpolation_duration: 1}
$data merge entity $(bone_arm_left3) {transformation: [-0.2876f,-0.9291f,0.2324f,0.5249f,-0.9075f,0.342f,0.2441f,0.0727f,-0.3063f,-0.1407f,-0.9415f,-0.0731f,0f,0f,0f,1f],start_interpolation: 0,interpolation_duration: 1}
$data merge entity $(bone_arm_left1) {transformation: [-0.8718f,0.4897f,0.0098f,0.2825f,0.4898f,0.8718f,0.0021f,0.2801f,-0.0075f,0.0066f,-1f,-0.0125f,0f,0f,0f,1f],start_interpolation: 0,interpolation_duration: 1}
$data merge entity $(bone_torso1) {transformation: [-1f,0.004f,0.0082f,0.001f,0.0041f,1f,0.003f,0.25f,-0.0081f,0.003f,-1f,0.0008f,0f,0f,0f,1f],start_interpolation: 0,interpolation_duration: 1}