# This file was generated by Animated Java via MC-Build. It is not recommended to edit this file directly.
$data merge entity $(bone_eyelid_right1) {transformation: [-0.9996f,0.0134f,0.0241f,-0.1613f,0.0123f,0.999f,-0.0439f,0.2653f,-0.0247f,-0.0436f,-0.9987f,0.2301f,0f,0f,0f,1f],start_interpolation: 0,interpolation_duration: 1}
$data merge entity $(bone_eye_right1) {transformation: [-0.9996f,0.0134f,0.0241f,-0.1622f,0.0123f,0.999f,-0.0439f,0.267f,-0.0247f,-0.0436f,-0.9987f,0.2675f,0f,0f,0f,1f],start_interpolation: 0,interpolation_duration: 1}
$data merge entity $(bone_eyelid_left1) {transformation: [-0.9996f,0.0134f,0.0241f,0.1563f,0.0123f,0.999f,-0.0439f,0.2614f,-0.0247f,-0.0436f,-0.9987f,0.2379f,0f,0f,0f,1f],start_interpolation: 0,interpolation_duration: 1}
$data merge entity $(bone_eye_left1) {transformation: [-0.9996f,0.0134f,0.0241f,0.1554f,0.0123f,0.999f,-0.0439f,0.263f,-0.0247f,-0.0436f,-0.9987f,0.2754f,0f,0f,0f,1f],start_interpolation: 0,interpolation_duration: 1}
$data merge entity $(bone_jaw1) {transformation: [-0.9996f,0.011f,0.0253f,0.0009f,0.0123f,0.9986f,0.052f,0.1262f,-0.0247f,0.0523f,-0.9983f,0.0258f,0f,0f,0f,1f],start_interpolation: 0,interpolation_duration: 1}
$data merge entity $(bone_finger_right_thumb3) {transformation: [-0.5044f,0.7562f,0.4168f,-0.4778f,0.0577f,-0.4521f,0.8901f,0.433f,0.8616f,0.473f,0.1844f,0.1957f,0f,0f,0f,1f],start_interpolation: 0,interpolation_duration: 1}
$data merge entity $(bone_finger_right_thumb1) {transformation: [0.6672f,0.6174f,0.4168f,-0.5351f,-0.4373f,-0.1283f,0.8901f,0.5433f,0.603f,-0.7761f,0.1844f,0.1319f,0f,0f,0f,1f],start_interpolation: 0,interpolation_duration: 1}
$data merge entity $(bone_finger_right_index3) {transformation: [0.6669f,0.7131f,0.2161f,-0.536f,-0.6172f,0.3663f,0.6963f,0.6432f,0.4174f,-0.5978f,0.6845f,0.2402f,0f,0f,0f,1f],start_interpolation: 0,interpolation_duration: 1}
$data merge entity $(bone_finger_right_index1) {transformation: [0.513f,0.7131f,-0.4779f,-0.6001f,0.3086f,0.3663f,0.8778f,0.6046f,0.801f,-0.5978f,-0.0321f,0.14f,0f,0f,0f,1f],start_interpolation: 0,interpolation_duration: 1}
$data merge entity $(bone_finger_right_middle3) {transformation: [0.6938f,0.6936f,0.1938f,-0.5989f,-0.6806f,0.5435f,0.4913f,0.6095f,0.2355f,-0.4727f,0.8492f,0.2797f,0f,0f,0f,1f],start_interpolation: 0,interpolation_duration: 1}
$data merge entity $(bone_finger_right_middle1) {transformation: [0.3567f,0.6936f,-0.6258f,-0.6435f,0.311f,0.5435f,0.7797f,0.5706f,0.8809f,-0.4727f,-0.0219f,0.1696f,0f,0f,0f,1f],start_interpolation: 0,interpolation_duration: 1}
$data merge entity $(bone_finger_right_ring3) {transformation: [0.6743f,0.6936f,0.2535f,-0.6389f,-0.7208f,0.5435f,0.4301f,0.5713f,0.1606f,-0.4727f,0.8664f,0.3093f,0f,0f,0f,1f],start_interpolation: 0,interpolation_duration: 1}
$data merge entity $(bone_finger_right_ring1) {transformation: [0.3837f,0.6936f,-0.6097f,-0.6868f,0.2767f,0.5435f,0.7925f,0.5367f,0.881f,-0.4727f,0.0166f,0.1991f,0f,0f,0f,1f],start_interpolation: 0,interpolation_duration: 1}
$data merge entity $(bone_finger_right_pinky3) {transformation: [0.7318f,0.6765f,-0.0825f,-0.6649f,-0.4914f,0.6076f,0.624f,0.503f,0.4722f,-0.4161f,0.7771f,0.3353f,0f,0f,0f,1f],start_interpolation: 0,interpolation_duration: 1}
$data merge entity $(bone_finger_right_pinky1) {transformation: [0.5221f,0.6765f,-0.5194f,-0.7302f,0.0028f,0.6076f,0.7942f,0.5027f,0.8529f,-0.4161f,0.3153f,0.2287f,0f,0f,0f,1f],start_interpolation: 0,interpolation_duration: 1}
$data merge entity $(bone_hand_right1) {transformation: [-0.1659f,0.6936f,-0.701f,-0.5902f,0.7592f,0.5435f,0.3581f,0.3889f,0.6294f,-0.4727f,-0.6168f,0.1049f,0f,0f,0f,1f],start_interpolation: 0,interpolation_duration: 1}
$data merge entity $(bone_arm_right3) {transformation: [-0.3685f,0.8808f,-0.2975f,-0.5119f,0.8527f,0.4477f,0.2692f,0.065f,0.3703f,-0.1545f,-0.916f,-0.084f,0f,0f,0f,1f],start_interpolation: 0,interpolation_duration: 1}
$data merge entity $(bone_arm_right1) {transformation: [-0.8552f,-0.5183f,-0.0017f,-0.277f,-0.5173f,0.8537f,-0.0596f,0.2837f,0.0324f,-0.0501f,-0.9982f,-0.0348f,0f,0f,0f,1f],start_interpolation: 0,interpolation_duration: 1}
$data merge entity $(bone_finger_left_thumb3) {transformation: [-0.4625f,-0.7896f,-0.4033f,0.4781f,-0.0458f,-0.433f,0.9002f,0.4212f,-0.8854f,0.4348f,0.1641f,0.2193f,0f,0f,0f,1f],start_interpolation: 0,interpolation_duration: 1}
$data merge entity $(bone_finger_left_thumb1) {transformation: [0.7067f,-0.5813f,-0.4033f,0.5412f,0.4204f,-0.1135f,0.9002f,0.53f,-0.5691f,-0.8057f,0.1641f,0.1584f,0f,0f,0f,1f],start_interpolation: 0,interpolation_duration: 1}
$data merge entity $(bone_finger_left_index3) {transformation: [0.7017f,-0.6735f,-0.2323f,0.5392f,0.6003f,0.3834f,0.7018f,0.6299f,-0.3836f,-0.632f,0.6734f,0.2667f,0f,0f,0f,1f],start_interpolation: 0,interpolation_duration: 1}
$data merge entity $(bone_finger_left_index1) {transformation: [0.5441f,-0.6735f,0.5004f,0.6072f,-0.3216f,0.3834f,0.8658f,0.5897f,-0.7749f,-0.632f,-0.008f,0.1698f,0f,0f,0f,1f],start_interpolation: 0,interpolation_duration: 1}
$data merge entity $(bone_finger_left_middle3) {transformation: [0.7211f,-0.6558f,-0.2232f,0.5992f,0.6631f,0.5602f,0.4965f,0.5947f,-0.2005f,-0.5061f,0.8389f,0.3093f,0f,0f,0f,1f],start_interpolation: 0,interpolation_duration: 1}
$data merge entity $(bone_finger_left_middle1) {transformation: [0.3919f,-0.6558f,0.6452f,0.6482f,-0.3203f,0.5602f,0.764f,0.5547f,-0.8624f,-0.5061f,0.0095f,0.2015f,0f,0f,0f,1f],start_interpolation: 0,interpolation_duration: 1}
$data merge entity $(bone_finger_left_ring3) {transformation: [0.6989f,-0.6558f,-0.2852f,0.6367f,0.7039f,0.5602f,0.4368f,0.5555f,-0.1267f,-0.5061f,0.8531f,0.3408f,0f,0f,0f,1f],start_interpolation: 0,interpolation_duration: 1}
$data merge entity $(bone_finger_left_ring1) {transformation: [0.4197f,-0.6558f,0.6275f,0.6892f,-0.2866f,0.5602f,0.7772f,0.5197f,-0.8612f,-0.5061f,0.0471f,0.2331f,0f,0f,0f,1f],start_interpolation: 0,interpolation_duration: 1}
$data merge entity $(bone_finger_left_pinky3) {transformation: [0.7661f,-0.64f,0.0594f,0.6598f,0.4729f,0.6239f,0.6222f,0.4867f,-0.4353f,-0.4486f,0.7806f,0.368f,0f,0f,0f,1f],start_interpolation: 0,interpolation_duration: 1}
$data merge entity $(bone_finger_left_pinky1) {transformation: [0.5633f,-0.64f,0.5226f,0.7302f,-0.0162f,0.6239f,0.7814f,0.4847f,-0.8261f,-0.4486f,0.3411f,0.2647f,0f,0f,0f,1f],start_interpolation: 0,interpolation_duration: 1}
$data merge entity $(bone_hand_left1) {transformation: [-0.1534f,-0.6558f,0.7392f,0.5938f,-0.7552f,0.5602f,0.3403f,0.3743f,-0.6372f,-0.5061f,-0.5812f,0.1341f,0f,0f,0f,1f],start_interpolation: 0,interpolation_duration: 1}
$data merge entity $(bone_arm_left3) {transformation: [-0.3707f,-0.8608f,0.3489f,0.5169f,-0.8436f,0.4691f,0.2612f,0.0523f,-0.3885f,-0.1975f,-0.9f,-0.0586f,0f,0f,0f,1f],start_interpolation: 0,interpolation_duration: 1}
$data merge entity $(bone_arm_left1) {transformation: [-0.8395f,0.5411f,0.0495f,0.2853f,0.5383f,0.8406f,-0.0602f,0.2768f,-0.0742f,-0.0239f,-0.997f,-0.0209f,0f,0f,0f,1f],start_interpolation: 0,interpolation_duration: 1}
$data merge entity $(bone_torso1) {transformation: [-0.9996f,0.0134f,0.0241f,0.0034f,0.0123f,0.999f,-0.0439f,0.2497f,-0.0247f,-0.0436f,-0.9987f,-0.0109f,0f,0f,0f,1f],start_interpolation: 0,interpolation_duration: 1}