# This file was generated by Animated Java via MC-Build. It is not recommended to edit this file directly.
$data merge entity $(bone_eyelid_right1) {transformation: [-0.9998f,0.0081f,0.0157f,-0.1606f,0.0079f,0.9999f,-0.013f,0.2573f,-0.0158f,-0.0129f,-0.9998f,0.2395f,0f,0f,0f,1f],start_interpolation: 0,interpolation_duration: 1}
$data merge entity $(bone_eye_right1) {transformation: [-0.9998f,0.0081f,0.0157f,-0.1612f,0.0079f,0.9999f,-0.013f,0.2577f,-0.0158f,-0.0129f,-0.9998f,0.277f,0f,0f,0f,1f],start_interpolation: 0,interpolation_duration: 1}
$data merge entity $(bone_eyelid_left1) {transformation: [-0.9998f,0.0081f,0.0157f,0.157f,0.0079f,0.9999f,-0.013f,0.2547f,-0.0158f,-0.0129f,-0.9998f,0.2445f,0f,0f,0f,1f],start_interpolation: 0,interpolation_duration: 1}
$data merge entity $(bone_eye_left1) {transformation: [-0.9998f,0.0081f,0.0157f,0.1564f,0.0079f,0.9999f,-0.013f,0.2552f,-0.0158f,-0.0129f,-0.9998f,0.282f,0f,0f,0f,1f],start_interpolation: 0,interpolation_duration: 1}
$data merge entity $(bone_jaw1) {transformation: [-0.9998f,0.0055f,0.0168f,0.0005f,0.0079f,0.9893f,0.1456f,0.1254f,-0.0158f,0.1457f,-0.9892f,0.0296f,0f,0f,0f,1f],start_interpolation: 0,interpolation_duration: 1}
$data merge entity $(bone_finger_right_thumb3) {transformation: [-0.7671f,0.5194f,0.3764f,-0.4498f,0.2166f,-0.3426f,0.9142f,0.4791f,0.6038f,0.7828f,0.1503f,0.1448f,0f,0f,0f,1f],start_interpolation: 0,interpolation_duration: 1}
$data merge entity $(bone_finger_right_thumb1) {transformation: [0.5382f,0.7541f,0.3764f,-0.4935f,-0.3479f,-0.2081f,0.9142f,0.5798f,0.7677f,-0.623f,0.1503f,0.0583f,0f,0f,0f,1f],start_interpolation: 0,interpolation_duration: 1}
$data merge entity $(bone_finger_right_index3) {transformation: [0.3899f,0.8209f,0.4172f,-0.485f,-0.8381f,0.1287f,0.5301f,0.6772f,0.3814f,-0.5563f,0.7382f,0.1452f,0f,0f,0f,1f],start_interpolation: 0,interpolation_duration: 1}
$data merge entity $(bone_finger_right_index1) {transformation: [0.5197f,0.8209f,-0.2366f,-0.5499f,0.2353f,0.1287f,0.9634f,0.6478f,0.8213f,-0.5563f,-0.1263f,0.0425f,0f,0f,0f,1f],start_interpolation: 0,interpolation_duration: 1}
$data merge entity $(bone_finger_right_middle3) {transformation: [0.4526f,0.8119f,0.3686f,-0.5511f,-0.8776f,0.3324f,0.3454f,0.6632f,0.1579f,-0.4799f,0.863f,0.1814f,0f,0f,0f,1f],start_interpolation: 0,interpolation_duration: 1}
$data merge entity $(bone_finger_right_middle1) {transformation: [0.3962f,0.8119f,-0.4287f,-0.6007f,0.2899f,0.3324f,0.8975f,0.627f,0.8712f,-0.4799f,-0.1037f,0.0725f,0f,0f,0f,1f],start_interpolation: 0,interpolation_duration: 1}
$data merge entity $(bone_finger_right_ring3) {transformation: [0.4188f,0.8119f,0.4067f,-0.5996f,-0.9044f,0.3324f,0.2676f,0.6375f,0.0821f,-0.4799f,0.8735f,0.2119f,0f,0f,0f,1f],start_interpolation: 0,interpolation_duration: 1}
$data merge entity $(bone_finger_right_ring1) {transformation: [0.4145f,0.8119f,-0.411f,-0.6514f,0.2505f,0.3324f,0.9093f,0.6062f,0.8749f,-0.4799f,-0.0656f,0.1025f,0f,0f,0f,1f],start_interpolation: 0,interpolation_duration: 1}
$data merge entity $(bone_finger_right_pinky3) {transformation: [0.5824f,0.7975f,0.1576f,-0.6395f,-0.7147f,0.41f,0.5667f,0.5801f,0.3873f,-0.4427f,0.8087f,0.2405f,0f,0f,0f,1f],start_interpolation: 0,interpolation_duration: 1}
$data merge entity $(bone_finger_right_pinky1) {transformation: [0.5016f,0.7975f,-0.3354f,-0.7021f,-0.0426f,0.41f,0.9111f,0.5854f,0.8641f,-0.4427f,0.2396f,0.1325f,0f,0f,0f,1f],start_interpolation: 0,interpolation_duration: 1}
$data merge entity $(bone_hand_right1) {transformation: [-0.1305f,0.8119f,-0.569f,-0.566f,0.9046f,0.3324f,0.2669f,0.4303f,0.4058f,-0.4799f,-0.7778f,0.06f,0f,0f,0f,1f],start_interpolation: 0,interpolation_duration: 1}
$data merge entity $(bone_arm_right3) {transformation: [-0.2612f,0.9488f,-0.1778f,-0.5237f,0.93f,0.2967f,0.2171f,0.0812f,0.2587f,-0.1087f,-0.9598f,-0.0919f,0f,0f,0f,1f],start_interpolation: 0,interpolation_duration: 1}
$data merge entity $(bone_arm_right1) {transformation: [-0.8832f,-0.4681f,0.0283f,-0.2787f,-0.4685f,0.8835f,-0.0063f,0.2832f,-0.022f,-0.0188f,-0.9996f,-0.0237f,0f,0f,0f,1f],start_interpolation: 0,interpolation_duration: 1}
$data merge entity $(bone_finger_left_thumb3) {transformation: [-0.7509f,-0.5494f,-0.3665f,0.4525f,-0.2046f,-0.3341f,0.9201f,0.472f,-0.6279f,0.7659f,0.1385f,0.1591f,0f,0f,0f,1f],start_interpolation: 0,interpolation_duration: 1}
$data merge entity $(bone_finger_left_thumb1) {transformation: [0.5677f,-0.7371f,-0.3665f,0.5005f,0.3391f,-0.1963f,0.9201f,0.5719f,-0.7501f,-0.6466f,0.1385f,0.074f,0f,0f,0f,1f],start_interpolation: 0,interpolation_duration: 1}
$data merge entity $(bone_finger_left_index3) {transformation: [0.4151f,-0.8007f,-0.4319f,0.4908f,0.8317f,0.1416f,0.5368f,0.6695f,-0.3687f,-0.582f,0.7248f,0.1606f,0f,0f,0f,1f],start_interpolation: 0,interpolation_duration: 1}
$data merge entity $(bone_finger_left_index1) {transformation: [0.5417f,-0.8007f,0.2558f,0.5585f,-0.2437f,0.1416f,0.9595f,0.639f,-0.8045f,-0.582f,-0.1185f,0.0601f,0f,0f,0f,1f],start_interpolation: 0,interpolation_duration: 1}
$data merge entity $(bone_finger_left_middle3) {transformation: [0.4713f,-0.7909f,-0.3903f,0.5555f,0.8703f,0.3451f,0.3515f,0.6545f,-0.1433f,-0.5053f,0.851f,0.1989f,0f,0f,0f,1f],start_interpolation: 0,interpolation_duration: 1}
$data merge entity $(bone_finger_left_middle1) {transformation: [0.419f,-0.7909f,0.4459f,0.6079f,-0.2963f,0.3451f,0.8905f,0.6174f,-0.8583f,-0.5053f,-0.0898f,0.0917f,0f,0f,0f,1f],start_interpolation: 0,interpolation_duration: 1}
$data merge entity $(bone_finger_left_ring3) {transformation: [0.4355f,-0.7909f,-0.4299f,0.6026f,0.8976f,0.3451f,0.2743f,0.628f,-0.0686f,-0.5053f,0.8602f,0.2309f,0f,0f,0f,1f],start_interpolation: 0,interpolation_duration: 1}
$data merge entity $(bone_finger_left_ring1) {transformation: [0.438f,-0.7909f,0.4272f,0.6574f,-0.2572f,0.3451f,0.9026f,0.5959f,-0.8614f,-0.5053f,-0.0523f,0.1232f,0f,0f,0f,1f],start_interpolation: 0,interpolation_duration: 1}
$data merge entity $(bone_finger_left_pinky3) {transformation: [0.6057f,-0.7764f,-0.1742f,0.6406f,0.7053f,0.4225f,0.5693f,0.57f,-0.3685f,-0.4676f,0.8035f,0.2608f,0f,0f,0f,1f],start_interpolation: 0,interpolation_duration: 1}
$data merge entity $(bone_finger_left_pinky1) {transformation: [0.5293f,-0.7764f,0.342f,0.7068f,0.0344f,0.4225f,0.9057f,0.5743f,-0.8477f,-0.4676f,0.2503f,0.1548f,0f,0f,0f,1f],start_interpolation: 0,interpolation_duration: 1}
$data merge entity $(bone_hand_left1) {transformation: [-0.1319f,-0.7909f,0.5975f,0.5706f,-0.9025f,0.3451f,0.2576f,0.4213f,-0.41f,-0.5053f,-0.7594f,0.078f,0f,0f,0f,1f],start_interpolation: 0,interpolation_duration: 1}
$data merge entity $(bone_arm_left3) {transformation: [-0.2675f,-0.94f,0.2116f,0.5275f,-0.9258f,0.3116f,0.214f,0.0729f,-0.2671f,-0.1386f,-0.9537f,-0.0752f,0f,0f,0f,1f],start_interpolation: 0,interpolation_duration: 1}
$data merge entity $(bone_arm_left1) {transformation: [-0.8759f,0.4824f,0.0033f,0.2837f,0.4824f,0.8759f,-0.0061f,0.2788f,-0.0059f,-0.0038f,-1f,-0.0148f,0f,0f,0f,1f],start_interpolation: 0,interpolation_duration: 1}
$data merge entity $(bone_torso1) {transformation: [-0.9998f,0.0081f,0.0157f,0.002f,0.0079f,0.9999f,-0.013f,0.25f,-0.0158f,-0.0129f,-0.9998f,-0.0032f,0f,0f,0f,1f],start_interpolation: 0,interpolation_duration: 1}