# This file was generated by Animated Java via MC-Build. It is not recommended to edit this file directly.
$data merge entity $(bone_eyelid_right1) {transformation: [-0.9997f,0.0108f,0.0202f,-0.161f,0.0103f,0.9996f,-0.0277f,0.2611f,-0.0205f,-0.0274f,-0.9994f,0.235f,0f,0f,0f,1f],start_interpolation: 0,interpolation_duration: 1}
$data merge entity $(bone_eye_right1) {transformation: [-0.9997f,0.0108f,0.0202f,-0.1618f,0.0103f,0.9996f,-0.0277f,0.2622f,-0.0205f,-0.0274f,-0.9994f,0.2724f,0f,0f,0f,1f],start_interpolation: 0,interpolation_duration: 1}
$data merge entity $(bone_eyelid_left1) {transformation: [-0.9997f,0.0108f,0.0202f,0.1566f,0.0103f,0.9996f,-0.0277f,0.2579f,-0.0205f,-0.0274f,-0.9994f,0.2415f,0f,0f,0f,1f],start_interpolation: 0,interpolation_duration: 1}
$data merge entity $(bone_eye_left1) {transformation: [-0.9997f,0.0108f,0.0202f,0.1558f,0.0103f,0.9996f,-0.0277f,0.2589f,-0.0205f,-0.0274f,-0.9994f,0.279f,0f,0f,0f,1f],start_interpolation: 0,interpolation_duration: 1}
$data merge entity $(bone_jaw1) {transformation: [-0.9997f,0.0074f,0.0217f,0.0007f,0.0103f,0.9907f,0.136f,0.1258f,-0.0205f,0.1362f,-0.9905f,0.0278f,0f,0f,0f,1f],start_interpolation: 0,interpolation_duration: 1}
$data merge entity $(bone_finger_right_thumb3) {transformation: [-0.7936f,0.4792f,0.3749f,-0.4466f,0.2422f,-0.3165f,0.9172f,0.4855f,0.5582f,0.8186f,0.1351f,0.1298f,0f,0f,0f,1f],start_interpolation: 0,interpolation_duration: 1}
$data merge entity $(bone_finger_right_thumb1) {transformation: [0.5203f,0.7673f,0.3749f,-0.4882f,-0.3288f,-0.2252f,0.9172f,0.5839f,0.7881f,-0.6005f,0.1351f,0.0397f,0f,0f,0f,1f],start_interpolation: 0,interpolation_duration: 1}
$data merge entity $(bone_finger_right_index3) {transformation: [0.3523f,0.8326f,0.4274f,-0.4794f,-0.8537f,0.0988f,0.5113f,0.6821f,0.3835f,-0.545f,0.7456f,0.1237f,0f,0f,0f,1f],start_interpolation: 0,interpolation_duration: 1}
$data merge entity $(bone_finger_right_index1) {transformation: [0.5117f,0.8326f,-0.2121f,-0.5434f,0.2396f,0.0988f,0.9658f,0.6521f,0.8251f,-0.545f,-0.149f,0.0206f,0f,0f,0f,1f],start_interpolation: 0,interpolation_duration: 1}
$data merge entity $(bone_finger_right_middle3) {transformation: [0.4209f,0.825f,0.3771f,-0.546f,-0.8934f,0.3051f,0.3297f,0.6704f,0.157f,-0.4757f,0.8655f,0.1591f,0f,0f,0f,1f],start_interpolation: 0,interpolation_duration: 1}
$data merge entity $(bone_finger_right_middle1) {transformation: [0.3914f,0.825f,-0.4076f,-0.595f,0.2986f,0.3051f,0.9043f,0.633f,0.8704f,-0.4757f,-0.1269f,0.0503f,0f,0f,0f,1f],start_interpolation: 0,interpolation_duration: 1}
$data merge entity $(bone_finger_right_ring3) {transformation: [0.3864f,0.825f,0.4123f,-0.5954f,-0.9188f,0.3051f,0.2506f,0.6463f,0.081f,-0.4757f,0.8759f,0.1895f,0f,0f,0f,1f],start_interpolation: 0,interpolation_duration: 1}
$data merge entity $(bone_finger_right_ring1) {transformation: [0.4089f,0.825f,-0.3901f,-0.6465f,0.2589f,0.3051f,0.9165f,0.614f,0.8751f,-0.4757f,-0.0888f,0.0801f,0f,0f,0f,1f],start_interpolation: 0,interpolation_duration: 1}
$data merge entity $(bone_finger_right_pinky3) {transformation: [0.5579f,0.811f,0.1762f,-0.6367f,-0.7348f,0.384f,0.5591f,0.5905f,0.3858f,-0.4414f,0.8101f,0.2186f,0f,0f,0f,1f],start_interpolation: 0,interpolation_duration: 1}
$data merge entity $(bone_finger_right_pinky1) {transformation: [0.4908f,0.811f,-0.3186f,-0.6981f,-0.0357f,0.384f,0.9226f,0.5949f,0.8706f,-0.4414f,0.2174f,0.1098f,0f,0f,0f,1f],start_interpolation: 0,interpolation_duration: 1}
$data merge entity $(bone_hand_right1) {transformation: [-0.1253f,0.825f,-0.551f,-0.5628f,0.9196f,0.3051f,0.2476f,0.4356f,0.3724f,-0.4757f,-0.7969f,0.0452f,0f,0f,0f,1f],start_interpolation: 0,interpolation_duration: 1}
$data merge entity $(bone_arm_right3) {transformation: [-0.251f,0.9548f,-0.1593f,-0.5234f,0.9393f,0.28f,0.1984f,0.0827f,0.234f,-0.0998f,-0.9671f,-0.0983f,0f,0f,0f,1f],start_interpolation: 0,interpolation_duration: 1}
$data merge entity $(bone_arm_right1) {transformation: [-0.8863f,-0.4613f,0.0409f,-0.2778f,-0.4622f,0.8866f,-0.0169f,0.2836f,-0.0285f,-0.0339f,-0.999f,-0.0291f,0f,0f,0f,1f],start_interpolation: 0,interpolation_duration: 1}
$data merge entity $(bone_finger_left_thumb3) {transformation: [-0.7748f,-0.5188f,-0.3613f,0.4508f,-0.2261f,-0.3063f,0.9247f,0.4763f,-0.5904f,0.7982f,0.12f,0.1482f,0f,0f,0f,1f],start_interpolation: 0,interpolation_duration: 1}
$data merge entity $(bone_finger_left_thumb1) {transformation: [0.5589f,-0.7464f,-0.3613f,0.4981f,0.3177f,-0.2097f,0.9247f,0.5738f,-0.766f,-0.6316f,0.12f,0.0599f,0f,0f,0f,1f],start_interpolation: 0,interpolation_duration: 1}
$data merge entity $(bone_finger_left_index3) {transformation: [0.3852f,-0.8073f,-0.447f,0.4878f,0.8461f,0.1156f,0.5203f,0.6721f,-0.3683f,-0.5787f,0.7276f,0.1436f,0f,0f,0f,1f],start_interpolation: 0,interpolation_duration: 1}
$data merge entity $(bone_finger_left_index1) {transformation: [0.5401f,-0.8073f,0.2378f,0.5553f,-0.2504f,0.1156f,0.9612f,0.6408f,-0.8035f,-0.5787f,-0.1397f,0.0432f,0f,0f,0f,1f],start_interpolation: 0,interpolation_duration: 1}
$data merge entity $(bone_finger_left_middle3) {transformation: [0.4452f,-0.7984f,-0.4054f,0.5527f,0.8846f,0.3217f,0.3377f,0.6591f,-0.1392f,-0.509f,0.8494f,0.1817f,0f,0f,0f,1f],start_interpolation: 0,interpolation_duration: 1}
$data merge entity $(bone_finger_left_middle1) {transformation: [0.4206f,-0.7984f,0.4309f,0.6052f,-0.3069f,0.3217f,0.8957f,0.6207f,-0.8537f,-0.509f,-0.1097f,0.075f,0f,0f,0f,1f],start_interpolation: 0,interpolation_duration: 1}
$data merge entity $(bone_finger_left_ring3) {transformation: [0.4082f,-0.7984f,-0.4427f,0.6003f,0.9106f,0.3217f,0.2594f,0.6341f,-0.0647f,-0.509f,0.8583f,0.214f,0f,0f,0f,1f],start_interpolation: 0,interpolation_duration: 1}
$data merge entity $(bone_finger_left_ring1) {transformation: [0.439f,-0.7984f,0.4121f,0.6551f,-0.2676f,0.3217f,0.9082f,0.6006f,-0.8577f,-0.509f,-0.0724f,0.1068f,0f,0f,0f,1f],start_interpolation: 0,interpolation_duration: 1}
$data merge entity $(bone_finger_left_pinky3) {transformation: [0.5883f,-0.7841f,-0.1978f,0.6392f,0.723f,0.4004f,0.563f,0.5774f,-0.3623f,-0.4742f,0.8025f,0.2448f,0f,0f,0f,1f],start_interpolation: 0,interpolation_duration: 1}
$data merge entity $(bone_finger_left_pinky1) {transformation: [0.5267f,-0.7841f,0.3283f,0.705f,0.0252f,0.4004f,0.916f,0.5805f,-0.8497f,-0.4742f,0.2307f,0.1386f,0f,0f,0f,1f],start_interpolation: 0,interpolation_duration: 1}
$data merge entity $(bone_hand_left1) {transformation: [-0.1288f,-0.7984f,0.5882f,0.5693f,-0.917f,0.3217f,0.2359f,0.424f,-0.3776f,-0.509f,-0.7735f,0.0684f,0f,0f,0f,1f],start_interpolation: 0,interpolation_duration: 1}
$data merge entity $(bone_arm_left3) {transformation: [-0.2604f,-0.944f,0.2028f,0.5286f,-0.934f,0.2995f,0.1947f,0.0719f,-0.2445f,-0.1388f,-0.9597f,-0.0767f,0f,0f,0f,1f],start_interpolation: 0,interpolation_duration: 1}
$data merge entity $(bone_arm_left1) {transformation: [-0.8771f,0.4804f,-0.0003f,0.2845f,0.4803f,0.8769f,-0.0164f,0.2778f,-0.0077f,-0.0145f,-0.9999f,-0.0176f,0f,0f,0f,1f],start_interpolation: 0,interpolation_duration: 1}
$data merge entity $(bone_torso1) {transformation: [-0.9997f,0.0108f,0.0202f,0.0027f,0.0103f,0.9996f,-0.0277f,0.2499f,-0.0205f,-0.0274f,-0.9994f,-0.0069f,0f,0f,0f,1f],start_interpolation: 0,interpolation_duration: 1}