# This file was generated by Animated Java via MC-Build. It is not recommended to edit this file directly.
$data merge entity $(bone_tail7) { transformation: [-0.10357843004996409f,0.06503131970918567f,0.9924930409253591f,0.4607183409618169f,-0.017787631989771298f,0.9975795424311878f,-0.067220954106428f,0.0964277037953365f,-0.9944622209901095f,-0.024616741857193862f,-0.10217096967218808f,-1.0717754974798792f,0f,0f,0f,1f], start_interpolation: 0, interpolation_duration: 1 }
$data merge entity $(bone_tail6) { transformation: [-0.5003130062086434f,0.10346362883658869f,0.8596407233992784f,0.19208061489954237f,0.02720536690295143f,0.9942231263217947f,-0.1038279495058658f,0.12887393801591956f,-0.8654171039620986f,-0.028559632260963044f,-0.5002375271558233f,-0.9154512702436843f,0f,0f,0f,1f], start_interpolation: 0, interpolation_duration: 1 }
$data merge entity $(bone_tail5) { transformation: [-0.8855578843972042f,0.05521665164469391f,0.46123568244780955f,0.04794446413460189f,0.001687461206426169f,0.9932861487047211f,-0.11567099578554407f,0.16502112419890208f,-0.46452597974346366f,-0.10165504499281419f,-0.8797055564055988f,-0.6405432838669347f,0f,0f,0f,1f], start_interpolation: 0, interpolation_duration: 1 }
$data merge entity $(bone_tail1) { transformation: [-0.9872035005553766f,0.043483915253716046f,0.15342228523072593f,4.163336342344337e-17f,0.00010918359735758324f,0.9622873449306405f,-0.27203502323281925f,0.2500320689591581f,-0.15946547140416525f,-0.2685371760120861f,-0.949978183185962f,-0.34367510162132153f,0f,0f,0f,1f], start_interpolation: 0, interpolation_duration: 1 }
$data merge entity $(bone_ear_left1) { transformation: [-0.7071067811865475f,0.7014989963756568f,-0.0888772078991359f,0.21874999999999994f,0.7059938055480304f,0.7074442085409074f,-0.03309740669205242f,0.42974062957976306f,0.03965786842241816f,-0.0861501589428337f,-0.9954925432097996f,0.5711625971513083f,0f,0f,0f,1f], start_interpolation: 0, interpolation_duration: 1 }
$data merge entity $(bone_ear_right1) { transformation: [-0.7071067811865475f,-0.7014989963756568f,0.08887720789913615f,-0.21875000000000006f,-0.7059938055480304f,0.7074442085409074f,-0.03309740669205242f,0.42974062957976306f,-0.03965786842241833f,-0.08615015894283387f,-0.9954925432097996f,0.5711625971513083f,0f,0f,0f,1f], start_interpolation: 0, interpolation_duration: 1 }
$data merge entity $(bone_eyelid_left1) { transformation: [-1f,-6.868394267556681e-18f,1.2227192231581203e-16f,0.19437499999999994f,0f,0.9984260147574182f,0.05608469537779157f,0.27843550859044286f,-1.2246467991473532e-16f,0.05608469537779157f,-0.9984260147574182f,0.7573447434822796f,0f,0f,0f,1f], start_interpolation: 0, interpolation_duration: 1 }
$data merge entity $(bone_eye_left1) { transformation: [-1f,-6.868394267556681e-18f,1.2227192231581203e-16f,0.19593749999999993f,0f,0.9984260147574182f,0.05608469537779157f,0.2805299214334573f,-1.2246467991473532e-16f,0.05608469537779157f,-0.9984260147574182f,0.7200597719936823f,0f,0f,0f,1f], start_interpolation: 0, interpolation_duration: 1 }
$data merge entity $(bone_eyelid_right1) { transformation: [-1f,-6.868394267556681e-18f,1.2227192231581203e-16f,-0.18812500000000007f,0f,0.9984260147574182f,0.05608469537779157f,0.28053868466711007f,-1.2246467991473532e-16f,0.05608469537779157f,-0.9984260147574182f,0.7199037679288764f,0f,0f,0f,1f], start_interpolation: 0, interpolation_duration: 1 }
$data merge entity $(bone_eye_right1) { transformation: [-1f,-6.868394267556681e-18f,1.2227192231581203e-16f,-0.19593750000000004f,0f,0.9984260147574182f,0.05608469537779157f,0.2805299214334573f,-1.2246467991473532e-16f,0.05608469537779157f,-0.9984260147574182f,0.7200597719936822f,0f,0f,0f,1f], start_interpolation: 0, interpolation_duration: 1 }
$data merge entity $(bone_jaw1) { transformation: [-1f,-1.514691601136939e-17f,1.2152435460418251e-16f,-7.87701525428289e-17f,0f,0.9923216611417472f,0.1236839554222104f,0.10721661958473391f,-1.2246467991473532e-16f,0.1236839554222104f,-0.9923216611417472f,0.7408410076127645f,0f,0f,0f,1f], start_interpolation: 0, interpolation_duration: 1 }
$data merge entity $(bone_head1) { transformation: [-1f,-6.868394267556681e-18f,1.2227192231581203e-16f,-4.163336342344337e-17f,0f,0.9984260147574182f,0.05608469537779157f,0.2807471516961404f,-1.2246467991473532e-16f,0.05608469537779157f,-0.9984260147574182f,0.43759611165385115f,0f,0f,0f,1f], start_interpolation: 0, interpolation_duration: 1 }
$data merge entity $(bone_torso1) { transformation: [-1f,-8.384969517506448e-20f,1.224646512094294e-16f,-0.12499999999999996f,0f,0.9999997656033891f,0.0006846847207982245f,0.140625f,-1.2246467991473532e-16f,0.0006846847207982245f,-0.9999997656033891f,-0.296875f,0f,0f,0f,1f], start_interpolation: 0, interpolation_duration: 1 }