# This file was generated by Animated Java via MC-Build. It is not recommended to edit this file directly.
$data merge entity $(bone_tail7) { transformation: [-0.1881479308796099f,0.15060516004418026f,0.9705248280563401f,0.45840716597578113f,-0.008579408381566019f,0.9878831721618301f,-0.15496203377376883f,0.09409511375890886f,-0.9821032276993817f,-0.03748231486377542f,-0.1845760716206437f,-1.0810470887857444f,0f,0f,0f,1f], start_interpolation: 0, interpolation_duration: 1 }
$data merge entity $(bone_tail6) { transformation: [-0.5307404320528436f,0.14153175471732707f,0.8356335059049484f,0.19727169538048472f,0.045341002584224334f,0.9892877473373951f,-0.13875859055481932f,0.1374571733072899f,-0.8463207354596827f,-0.03575633335140782f,-0.5314721981028215f,-0.9149620268786127f,0f,0f,0f,1f], start_interpolation: 0, interpolation_duration: 1 }
$data merge entity $(bone_tail5) { transformation: [-0.8819370302836347f,0.055937649179503376f,0.46803638108458423f,0.05101032629155218f,0.008023116233025304f,0.9945711990189745f,-0.10374854065417444f,0.16987859226171942f,-0.4712989541897951f,-0.08774456955407747f,-0.8775979639295974f,-0.6407126631506135f,0f,0f,0f,1f], start_interpolation: 0, interpolation_duration: 1 }
$data merge entity $(bone_tail1) { transformation: [-0.9855821138914869f,0.044529429372868204f,0.16323304413296685f,4.163336342344337e-17f,0.0010440573120062148f,0.9663290295315421f,-0.2573074360156683f,0.25028716601661577f,-0.16919458242366273f,-0.25342718205503284f,-0.9524430989167425f,-0.34307419473913153f,0f,0f,0f,1f], start_interpolation: 0, interpolation_duration: 1 }
$data merge entity $(bone_ear_left1) { transformation: [-0.7071067811865475f,0.7006855416680817f,-0.09507771398864749f,0.21874999999999994f,0.7053017847425705f,0.708498170827798f,-0.024077673737494545f,0.42364119147432666f,0.050491508582581585f,-0.08408396774041635f,-0.9951786241324136f,0.5741918348760399f,0f,0f,0f,1f], start_interpolation: 0, interpolation_duration: 1 }
$data merge entity $(bone_ear_right1) { transformation: [-0.7071067811865475f,-0.7006855416680817f,0.09507771398864774f,-0.21875000000000006f,-0.7053017847425705f,0.708498170827798f,-0.024077673737494545f,0.42364119147432666f,-0.05049150858258175f,-0.08408396774041652f,-0.9951786241324136f,0.5741918348760398f,0f,0f,0f,1f], start_interpolation: 0, interpolation_duration: 1 }
$data merge entity $(bone_eyelid_left1) { transformation: [-1f,-8.744685529110596e-18f,1.221520703943062e-16f,0.19437499999999994f,0f,0.9974473495488924f,0.07140577622216451f,0.26949566019083043f,-1.2246467991473532e-16f,0.07140577622216451f,-0.9974473495488924f,0.7580292261633639f,0f,0f,0f,1f], start_interpolation: 0, interpolation_duration: 1 }
$data merge entity $(bone_eye_left1) { transformation: [-1f,-8.744685529110596e-18f,1.221520703943062e-16f,0.19593749999999993f,0f,0.9974473495488924f,0.07140577622216451f,0.2721622196466269f,-1.2246467991473532e-16f,0.07140577622216451f,-0.9974473495488924f,0.7207808017036474f,0f,0f,0f,1f], start_interpolation: 0, interpolation_duration: 1 }
$data merge entity $(bone_eyelid_right1) { transformation: [-1f,-8.744685529110596e-18f,1.221520703943062e-16f,-0.18812500000000007f,0f,0.9974473495488924f,0.07140577622216451f,0.2721733767991616f,-1.2246467991473532e-16f,0.07140577622216451f,-0.9974473495488924f,0.7206249505552805f,0f,0f,0f,1f], start_interpolation: 0, interpolation_duration: 1 }
$data merge entity $(bone_eye_right1) { transformation: [-1f,-8.744685529110596e-18f,1.221520703943062e-16f,-0.19593750000000004f,0f,0.9974473495488924f,0.07140577622216451f,0.2721622196466269f,-1.2246467991473532e-16f,0.07140577622216451f,-0.9974473495488924f,0.7207808017036474f,0f,0f,0f,1f], start_interpolation: 0, interpolation_duration: 1 }
$data merge entity $(bone_jaw1) { transformation: [-1f,-1.6474300965513426e-17f,1.2135153577238425e-16f,-7.843952830774053e-17f,0f,0.990910488288329f,0.1345228761221887f,0.09855031169864192f,-1.2246467991473532e-16f,0.1345228761221887f,-0.990910488288329f,0.7388989078470307f,0f,0f,0f,1f], start_interpolation: 0, interpolation_duration: 1 }
$data merge entity $(bone_head1) { transformation: [-1f,-8.744685529110596e-18f,1.221520703943062e-16f,-4.163336342344337e-17f,0f,0.9974473495488924f,0.07140577622216451f,0.2767157651350828f,-1.2246467991473532e-16f,0.07140577622216451f,-0.9974473495488924f,0.43835376364771506f,0f,0f,0f,1f], start_interpolation: 0, interpolation_duration: 1 }
$data merge entity $(bone_torso1) { transformation: [-1f,-7.556844222017791e-19f,1.224623483674579e-16f,-0.12499999999999996f,0f,0.9999809614716746f,0.0061706315872291995f,0.140625f,-1.2246467991473532e-16f,0.0061706315872291995f,-0.9999809614716746f,-0.296875f,0f,0f,0f,1f], start_interpolation: 0, interpolation_duration: 1 }