# This file was generated by Animated Java via MC-Build. It is not recommended to edit this file directly.
$data merge entity $(bone_tail7) { transformation: [-0.20104153833703947f,0.16493953586775362f,0.9655968358330544f,0.45984345949027056f,-0.004054670650777081f,0.9855740542623929f,-0.16919616783693364f,0.09598911366800911f,-0.9795743256685479f,-0.03793063501340467f,-0.1974725485187483f,-1.0814430912544009f,0f,0f,0f,1f], start_interpolation: 0, interpolation_duration: 1 }
$data merge entity $(bone_tail6) { transformation: [-0.5329776890484681f,0.1459166018257473f,0.8334525351141365f,0.19938954226710287f,0.04957765635783016f,0.9887111102014996f,-0.1413944714413654f,0.1401748859934358f,-0.8446755820826237f,-0.03403947525659764f,-0.5341951657939595f,-0.9145071019437885f,0f,0f,0f,1f], start_interpolation: 0, interpolation_duration: 1 }
$data merge entity $(bone_tail5) { transformation: [-0.8798356499618865f,0.054591400330222015f,0.4721324052277396f,0.05184816563343424f,0.008815530336162461f,0.995085032640042f,-0.09863094970980896f,0.1709970577777511f,-0.47519629152702486f,-0.08261692820331754f,-0.8759925386059008f,-0.6407594336294445f,0f,0f,0f,1f], start_interpolation: 0, interpolation_duration: 1 }
$data merge entity $(bone_tail1) { transformation: [-0.9851229117683863f,0.04478113627816498f,0.16591413002698943f,4.163336342344337e-17f,0.0012132605571372674f,0.9672402951677852f,-0.253859684476595f,0.250328209176687f,-0.17184695722588988f,-0.24988169448235367f,-0.9529049071417519f,-0.34297665014764706f,0f,0f,0f,1f], start_interpolation: 0, interpolation_duration: 1 }
$data merge entity $(bone_ear_left1) { transformation: [-0.7071067811865475f,0.701362163647966f,-0.08995062758560259f,0.21874999999999994f,0.7051163884893535f,0.7089258955906892f,-0.015328184650184207f,0.4224997309650107f,0.05301772046901915f,-0.07426432497493574f,-0.9958282639854554f,0.5748380198036462f,0f,0f,0f,1f], start_interpolation: 0, interpolation_duration: 1 }
$data merge entity $(bone_ear_right1) { transformation: [-0.7071067811865475f,-0.701362163647966f,0.08995062758560284f,-0.21875000000000006f,-0.7051163884893535f,0.7089258955906892f,-0.015328184650184207f,0.4224997309650107f,-0.053017720469019314f,-0.0742643249749359f,-0.9958282639854554f,0.5748380198036462f,0f,0f,0f,1f], start_interpolation: 0, interpolation_duration: 1 }
$data merge entity $(bone_eyelid_left1) { transformation: [-1f,-9.182203225589534e-18f,1.2211996139265088e-16f,0.19437499999999994f,0f,0.9971851596531798f,0.07497837933339263f,0.26769664540585414f,-1.2246467991473532e-16f,0.07497837933339263f,-0.9971851596531798f,0.7581220506174747f,0f,0f,0f,1f], start_interpolation: 0, interpolation_duration: 1 }
$data merge entity $(bone_eye_left1) { transformation: [-1f,-9.182203225589534e-18f,1.2211996139265088e-16f,0.19593749999999993f,0f,0.9971851596531798f,0.07497837933339263f,0.2704966192590855f,-1.2246467991473532e-16f,0.07497837933339263f,-0.9971851596531798f,0.7208834173116763f,0f,0f,0f,1f], start_interpolation: 0, interpolation_duration: 1 }
$data merge entity $(bone_eyelid_right1) { transformation: [-1f,-9.182203225589534e-18f,1.2211996139265088e-16f,-0.18812500000000007f,0f,0.9971851596531798f,0.07497837933339263f,0.2705083346308564f,-1.2246467991473532e-16f,0.07497837933339263f,-0.9971851596531798f,0.7207276071304806f,0f,0f,0f,1f], start_interpolation: 0, interpolation_duration: 1 }
$data merge entity $(bone_eye_right1) { transformation: [-1f,-9.182203225589534e-18f,1.2211996139265088e-16f,-0.19593750000000004f,0f,0.9971851596531798f,0.07497837933339263f,0.2704966192590855f,-1.2246467991473532e-16f,0.07497837933339263f,-0.9971851596531798f,0.7208834173116763f,0f,0f,0f,1f], start_interpolation: 0, interpolation_duration: 1 }
$data merge entity $(bone_jaw1) { transformation: [-1f,-1.7352331789639358e-17f,1.2122909885040322e-16f,-7.83611321046484e-17f,0f,0.9899107149490586f,0.14169254189633068f,0.09682092244838092f,-1.2246467991473532e-16f,0.14169254189633068f,-0.9899107149490586f,0.7383794936969323f,0f,0f,0f,1f], start_interpolation: 0, interpolation_duration: 1 }
$data merge entity $(bone_head1) { transformation: [-1f,-9.182203225589534e-18f,1.2211996139265088e-16f,-4.163336342344337e-17f,0f,0.9971851596531798f,0.07497837933339263f,0.27606184718587545f,-1.2246467991473532e-16f,0.07497837933339263f,-0.9971851596531798f,0.4384745030761562f,0f,0f,0f,1f], start_interpolation: 0, interpolation_duration: 1 }
$data merge entity $(bone_torso1) { transformation: [-1f,-8.645940857574882e-19f,1.2246162788271863e-16f,-0.12499999999999996f,0f,0.9999750782673109f,0.007059946478931332f,0.140625f,-1.2246467991473532e-16f,0.007059946478931332f,-0.9999750782673109f,-0.296875f,0f,0f,0f,1f], start_interpolation: 0, interpolation_duration: 1 }