# This file was generated by Animated Java via MC-Build. It is not recommended to edit this file directly.
$data merge entity $(bone_tail7) { transformation: [-0.21101904786378567f,0.17680071395354421f,0.9613596980236785f,0.4619770077067262f,0.0010109507935772005f,0.9835452922535455f,-0.18065889422992915f,0.09868692331593186f,-0.9774814266353884f,-0.03715058049889378f,-0.20772552792432825f,-1.0811808048793752f,0f,0f,0f,1f], start_interpolation: 0, interpolation_duration: 1 }
$data merge entity $(bone_tail6) { transformation: [-0.5334076904638444f,0.14856456394130316f,0.8327093166855755f,0.20175534624248387f,0.05365614812879153f,0.9884151320225536f,-0.14197374601248963f,0.14305371894483487f,-0.8441547568556423f,-0.031049913522716473f,-0.5351996350411901f,-0.9139309189290032f,0f,0f,0f,1f], start_interpolation: 0, interpolation_duration: 1 }
$data merge entity $(bone_tail5) { transformation: [-0.8773339763496251f,0.05271777262968635f,0.47697581740746575f,0.05270040330265084f,0.009345996104172902f,0.9956360578544178f,-0.09285199328466232f,0.17206996684629183f,-0.47978927280565176f,-0.0770043943491466f,-0.8739980417320995f,-0.6408065308877222f,0f,0f,0f,1f], start_interpolation: 0, interpolation_duration: 1 }
$data merge entity $(bone_tail1) { transformation: [-0.9846487259103105f,0.04502223537985334f,0.16864129056848257f,4.163336342344337e-17f,0.0013571814580830449f,0.968107409181069f,-0.2505318389889957f,0.250361166530353f,-0.17454238631831556f,-0.24645697922785492f,-0.95330683033753f,-0.34289814640724414f,0f,0f,0f,1f], start_interpolation: 0, interpolation_duration: 1 }
$data merge entity $(bone_ear_left1) { transformation: [-0.7071067811865475f,0.7022642080268208f,-0.0826134500215454f,0.21874999999999994f,0.7049290987281582f,0.7092636631123759f,-0.004474589894153613f,0.4215017829007728f,0.055452373856369884f,-0.06140063772369655f,-0.9965716210693624f,0.5754396147817765f,0f,0f,0f,1f], start_interpolation: 0, interpolation_duration: 1 }
$data merge entity $(bone_ear_right1) { transformation: [-0.7071067811865475f,-0.7022642080268208f,0.08261345002154565f,-0.21875000000000006f,-0.7049290987281582f,0.7092636631123759f,-0.004474589894153613f,0.4215017829007728f,-0.05545237385637005f,-0.061400637723696715f,-0.9965716210693624f,0.5754396147817764f,0f,0f,0f,1f], start_interpolation: 0, interpolation_duration: 1 }
$data merge entity $(bone_eyelid_left1) { transformation: [-1f,-9.60386379471166e-18f,1.220875244520553e-16f,0.19437499999999994f,0f,0.9969202919328038f,0.07842149917346164f,0.2660666879458806f,-1.2246467991473532e-16f,0.07842149917346164f,-0.9969202919328038f,0.7581879732049471f,0f,0f,0f,1f], start_interpolation: 0, interpolation_duration: 1 }
$data merge entity $(bone_eye_left1) { transformation: [-1f,-9.60386379471166e-18f,1.220875244520553e-16f,0.19593749999999993f,0f,0.9969202919328038f,0.07842149917346164f,0.2689952408056396f,-1.2246467991473532e-16f,0.07842149917346164f,-0.9969202919328038f,0.7209592310530815f,0f,0f,0f,1f], start_interpolation: 0, interpolation_duration: 1 }
$data merge entity $(bone_eyelid_right1) { transformation: [-1f,-9.60386379471166e-18f,1.220875244520553e-16f,-0.18812500000000007f,0f,0.9969202919328038f,0.07842149917346164f,0.26900749416488545f,-1.2246467991473532e-16f,0.07842149917346164f,-0.9969202919328038f,0.720803462257467f,0f,0f,0f,1f], start_interpolation: 0, interpolation_duration: 1 }
$data merge entity $(bone_eye_right1) { transformation: [-1f,-9.60386379471166e-18f,1.220875244520553e-16f,-0.19593750000000004f,0f,0.9969202919328038f,0.07842149917346164f,0.2689952408056396f,-1.2246467991473532e-16f,0.07842149917346164f,-0.9969202919328038f,0.7209592310530815f,0f,0f,0f,1f], start_interpolation: 0, interpolation_duration: 1 }
$data merge entity $(bone_jaw1) { transformation: [-1f,-1.840399977925831e-17f,1.2107390560621902e-16f,-7.828511109678695e-17f,0f,0.9886434659406729f,0.15028006272561112f,0.0952601605767475f,-1.2246467991473532e-16f,0.15028006272561112f,-0.9886434659406729f,0.7378554510274704f,0f,0f,0f,1f], start_interpolation: 0, interpolation_duration: 1 }
$data merge entity $(bone_head1) { transformation: [-1f,-9.60386379471166e-18f,1.220875244520553e-16f,-4.163336342344337e-17f,0f,0.9969202919328038f,0.07842149917346164f,0.27553567468295487f,-1.2246467991473532e-16f,0.07842149917346164f,-0.9969202919328038f,0.4385712190443226f,0f,0f,0f,1f], start_interpolation: 0, interpolation_duration: 1 }
$data merge entity $(bone_torso1) { transformation: [-1f,-9.522143708736307e-19f,1.224609779252578e-16f,-0.12499999999999996f,0f,0.9999697709618798f,0.007775420403144804f,0.140625f,-1.2246467991473532e-16f,0.007775420403144804f,-0.9999697709618798f,-0.296875f,0f,0f,0f,1f], start_interpolation: 0, interpolation_duration: 1 }