# This file was generated by Animated Java via MC-Build. It is not recommended to edit this file directly.
$data merge entity $(bone_tail7) { transformation: [-0.21785851784865978f,0.18594021061190508f,0.9581043284937113f,0.46475765835831095f,0.0064356643671646535f,0.9819363711006932f,-0.18910194428866928f,0.10211586986955068f,-0.9759591428051372f,-0.035031431418116155f,-0.21511985121754662f,-1.0802573029369358f,0f,0f,0f,1f], start_interpolation: 0, interpolation_duration: 1 }
$data merge entity $(bone_tail6) { transformation: [-0.5320246399268489f,0.1494188477620468f,0.8334409339864277f,0.20430736648755235f,0.05749023418688299f,0.9884097444738343f,-0.1405028469544546f,0.14602300954281774f,-0.8447749140947807f,-0.02683626208382669f,-0.5344484629536546f,-0.9132421582639187f,0f,0f,0f,1f], start_interpolation: 0, interpolation_duration: 1 }
$data merge entity $(bone_tail5) { transformation: [-0.8744829020232013f,0.05034785918339342f,0.48243626226137826f,0.053546034530871645f,0.009605917567473615f,0.996200923696509f,-0.08655313959591035f,0.17307086566653973f,-0.4849612153737318f,-0.0710549977262081f,-0.8716443121373312f,-0.6408533107210027f,0f,0f,0f,1f], start_interpolation: 0, interpolation_duration: 1 }
$data merge entity $(bone_tail1) { transformation: [-0.9841711458302939f,0.04524660097640477f,0.17134731049878912f,4.163336342344337e-17f,0.0014708318153718145f,0.9689107609233264f,-0.24740609131699157f,0.2503852692030996f,-0.1772145376904991f,-0.2432379133010779f,-0.9536405639254655f,-0.34284063449429475f,0f,0f,0f,1f], start_interpolation: 0, interpolation_duration: 1 }
$data merge entity $(bone_ear_left1) { transformation: [-0.7071067811865475f,0.7033036006832968f,-0.07323964272106996f,0.21874999999999994f,0.704745771206318f,0.7094123568958859f,0.008216194388900103f,0.4206722359505463f,0.0577355866585942f,-0.04580560172439753f,-0.9972805266743423f,0.5759823272015996f,0f,0f,0f,1f], start_interpolation: 0, interpolation_duration: 1 }
$data merge entity $(bone_ear_right1) { transformation: [-0.7071067811865475f,-0.7033036006832968f,0.07323964272107021f,-0.21875000000000006f,-0.704745771206318f,0.7094123568958859f,0.008216194388900103f,0.4206722359505463f,-0.057735586658594365f,-0.045805601724397696f,-0.9972805266743423f,0.5759823272015995f,0f,0f,0f,1f], start_interpolation: 0, interpolation_duration: 1 }
$data merge entity $(bone_eyelid_left1) { transformation: [-1f,-9.999296185463771e-18f,1.2205577373649288e-16f,0.19437499999999994f,0f,0.9966610276650611f,0.08165044968415115f,0.26464597277779023f,-1.2246467991473532e-16f,0.08165044968415115f,-0.9966610276650611f,0.758226219967162f,0f,0f,0f,1f], start_interpolation: 0, interpolation_duration: 1 }
$data merge entity $(bone_eye_left1) { transformation: [-1f,-9.999296185463771e-18f,1.2205577373649288e-16f,0.19593749999999993f,0f,0.9966610276650611f,0.08165044968415115f,0.26769510675818275f,-1.2246467991473532e-16f,0.08165044968415115f,-0.9966610276650611f,0.7210071597152948f,0f,0f,0f,1f], start_interpolation: 0, interpolation_duration: 1 }
$data merge entity $(bone_eyelid_right1) { transformation: [-1f,-9.999296185463771e-18f,1.2205577373649288e-16f,-0.18812500000000007f,0f,0.9966610276650611f,0.08165044968415115f,0.2677078646409459f,-1.2246467991473532e-16f,0.08165044968415115f,-0.9966610276650611f,0.7208514314297222f,0f,0f,0f,1f], start_interpolation: 0, interpolation_duration: 1 }
$data merge entity $(bone_eye_right1) { transformation: [-1f,-9.999296185463771e-18f,1.2205577373649288e-16f,-0.19593750000000004f,0f,0.9966610276650611f,0.08165044968415115f,0.26769510675818275f,-1.2246467991473532e-16f,0.08165044968415115f,-0.9966610276650611f,0.7210071597152948f,0f,0f,0f,1f], start_interpolation: 0, interpolation_duration: 1 }
$data merge entity $(bone_jaw1) { transformation: [-1f,-1.9602713184659444e-17f,1.208856131324921e-16f,-7.821340268711868e-17f,0f,0.9871059412122531f,0.16006830049535603f,0.0939062054894364f,-1.2246467991473532e-16f,0.16006830049535603f,-0.9871059412122531f,0.7373405043625012f,0f,0f,0f,1f], start_interpolation: 0, interpolation_duration: 1 }
$data merge entity $(bone_head1) { transformation: [-1f,-9.999296185463771e-18f,1.2205577373649288e-16f,-4.163336342344337e-17f,0f,0.9966610276650611f,0.08165044968415115f,0.2751502565883994f,-1.2246467991473532e-16f,0.08165044968415115f,-0.9966610276650611f,0.43864181598031826f,0f,0f,0f,1f], start_interpolation: 0, interpolation_duration: 1 }
$data merge entity $(bone_torso1) { transformation: [-1f,-1.0163880805381e-18f,1.2246046211691476e-16f,-0.12499999999999996f,0f,0.9999655590671246f,0.008299438509501262f,0.140625f,-1.2246467991473532e-16f,0.008299438509501262f,-0.9999655590671246f,-0.296875f,0f,0f,0f,1f], start_interpolation: 0, interpolation_duration: 1 }