# This file was generated by Animated Java via MC-Build. It is not recommended to edit this file directly.
$data merge entity $(bone_tail7) { transformation: [-0.22193565556087363f,0.1941434828212523f,0.9555380017920789f,0.46997537573103604f,0.014875085303117076f,0.98053744031391f,-0.1957678726958798f,0.10842993608742277f,-0.9749478430295593f,-0.0292341618774905f,-0.220504120486059f,-1.0776577885044192f,0f,0f,0f,1f], start_interpolation: 0, interpolation_duration: 1 }
$data merge entity $(bone_tail6) { transformation: [-0.5266272502394891f,0.1472926906348017f,0.8372386771947142f,0.20833828910768787f,0.0626279974961028f,0.9889210206874814f,-0.1345843555992216f,0.15048754721217952f,-0.8477862190639941f,-0.01844120733548065f,-0.5300174040889479f,-0.9120273497266229f,0f,0f,0f,1f], start_interpolation: 0, interpolation_duration: 1 }
$data merge entity $(bone_tail5) { transformation: [-0.869685657579524f,0.04596265721979419f,0.49146138316429966f,0.054756606868844246f,0.009480471907751378f,0.9970269774311689f,-0.07646781628158097f,0.17438373980017358f,-0.4935149214085398f,-0.061843677249683204f,-0.8675358101723293f,-0.6409224090477701f,0f,0f,0f,1f], start_interpolation: 0, interpolation_duration: 1 }
$data merge entity $(bone_tail1) { transformation: [-0.9834752014666647f,0.04554206301017121f,0.17522114198030145f,4.163336342344337e-17f,0.0015750070971382636f,0.9699589040502992f,-0.24326373302690724f,0.2504036563710821f,-0.18103603909925595f,-0.23896787430598287f,-0.9540022576477126f,-0.3427967035328599f,0f,0f,0f,1f], start_interpolation: 0, interpolation_duration: 1 }
$data merge entity $(bone_ear_left1) { transformation: [-0.7071067811865475f,0.7048966431405465f,-0.05586342711639741f,0.21874999999999994f,0.7044918865366502f,0.7090778974837627f,0.029995284696737366f,0.41978798300340014f,0.06075509693870768f,-0.018145461944949398f,-0.9979877556397035f,0.5766584497197946f,0f,0f,0f,1f], start_interpolation: 0, interpolation_duration: 1 }
$data merge entity $(bone_ear_right1) { transformation: [-0.7071067811865475f,-0.7048966431405465f,0.05586342711639766f,-0.21875000000000006f,-0.7044918865366502f,0.7090778974837627f,0.029995284696737366f,0.41978798300340014f,-0.06075509693870785f,-0.018145461944949565f,-0.9979877556397035f,0.5766584497197946f,0f,0f,0f,1f], start_interpolation: 0, interpolation_duration: 1 }
$data merge entity $(bone_eyelid_left1) { transformation: [-1f,-1.0522248828249694e-17f,1.22011803143036e-16f,0.19437499999999994f,0f,0.9963019805219382f,0.08592068207401263f,0.2629821844143664f,-1.2246467991473532e-16f,0.08592068207401263f,-0.9963019805219382f,0.7582320512670884f,0f,0f,0f,1f], start_interpolation: 0, interpolation_duration: 1 }
$data merge entity $(bone_eye_left1) { transformation: [-1f,-1.0522248828249694e-17f,1.22011803143036e-16f,0.19593749999999993f,0f,0.9963019805219382f,0.08592068207401263f,0.2661907848855678f,-1.2246467991473532e-16f,0.08592068207401263f,-0.9963019805219382f,0.7210263991819722f,0f,0f,0f,1f], start_interpolation: 0, interpolation_duration: 1 }
$data merge entity $(bone_eyelid_right1) { transformation: [-1f,-1.0522248828249694e-17f,1.22011803143036e-16f,-0.18812500000000007f,0f,0.9963019805219382f,0.08592068207401263f,0.26620420999214184f,-1.2246467991473532e-16f,0.08592068207401263f,-0.9963019805219382f,0.7208707269975156f,0f,0f,0f,1f], start_interpolation: 0, interpolation_duration: 1 }
$data merge entity $(bone_eye_right1) { transformation: [-1f,-1.0522248828249694e-17f,1.22011803143036e-16f,-0.19593750000000004f,0f,0.9963019805219382f,0.08592068207401263f,0.2661907848855678f,-1.2246467991473532e-16f,0.08592068207401263f,-0.9963019805219382f,0.7210263991819721f,0f,0f,0f,1f], start_interpolation: 0, interpolation_duration: 1 }
$data merge entity $(bone_jaw1) { transformation: [-1f,-2.1609512612683917e-17f,1.2054304953526284e-16f,-7.81179505262281e-17f,0f,0.9843086971622318f,0.17645506139181766f,0.0923334862014171f,-1.2246467991473532e-16f,0.17645506139181766f,-0.9843086971622318f,0.7366148579195291f,0f,0f,0f,1f], start_interpolation: 0, interpolation_duration: 1 }
$data merge entity $(bone_head1) { transformation: [-1f,-1.0522248828249694e-17f,1.22011803143036e-16f,-4.163336342344337e-17f,0f,0.9963019805219382f,0.08592068207401263f,0.2748558838060989f,-1.2246467991473532e-16f,0.08592068207401263f,-0.9963019805219382f,0.4386955955804879f,0f,0f,0f,1f], start_interpolation: 0, interpolation_duration: 1 }
$data merge entity $(bone_torso1) { transformation: [-1f,-1.0653980378763324e-18f,1.2246004553992075e-16f,-0.12499999999999996f,0f,0.9999621574578255f,0.008699635181491545f,0.140625f,-1.2246467991473532e-16f,0.008699635181491545f,-0.9999621574578255f,-0.296875f,0f,0f,0f,1f], start_interpolation: 0, interpolation_duration: 1 }