# This file was generated by Animated Java via MC-Build. It is not recommended to edit this file directly.
$data merge entity $(bone_tail7) { transformation: [-0.11437100341551798f,0.07551885226184345f,0.9905635651137089f,0.45979857743109875f,-0.017881023206508577f,0.9967884534025504f,-0.0780579795564833f,0.09529181687213294f,-0.9932771730925944f,-0.026639859541783138f,-0.11265334125882898f,-1.0733432489886565f,0f,0f,0f,1f], start_interpolation: 0, interpolation_duration: 1 }
$data merge entity $(bone_tail6) { transformation: [-0.5051221259168792f,0.10889652589969048f,0.8561502114443411f,0.1922516363547422f,0.028947780501842053f,0.9935873565280408f,-0.10929863197514203f,0.12944763936436482f,-0.862562266687588f,-0.030425508945593933f,-0.5050352705427336f,-0.9155197269440524f,0f,0f,0f,1f], start_interpolation: 0, interpolation_duration: 1 }
$data merge entity $(bone_tail5) { transformation: [-0.8856582695790438f,0.055834919043972905f,0.46096842770585333f,0.04819900269666305f,0.0025729687712308658f,0.9933189567242834f,-0.1153725705871361f,0.16550156767284485f,-0.46433049583023933f,-0.10099461385407854f,-0.8798848098555343f,-0.6405557238641979f,0f,0f,0f,1f], start_interpolation: 0, interpolation_duration: 1 }
$data merge entity $(bone_tail1) { transformation: [-0.987072413422547f,0.04357817715359798f,0.15423680862932163f,4.163336342344337e-17f,0.00021879895977020526f,0.9626920072847444f,-0.27059942948403487f,0.25006388938660573f,-0.1602747727722724f,-0.26706748507828426f,-0.9502562578729787f,-0.3436006432788921f,0f,0f,0f,1f], start_interpolation: 0, interpolation_duration: 1 }
$data merge entity $(bone_ear_left1) { transformation: [-0.7071067811865476f,0.701107790994391f,-0.09191227016544155f,0.21874999999999994f,0.705933507296972f,0.7074292755338424f,-0.03466559379354161f,0.4290402425414665f,0.04071711280771027f,-0.08939622768678857f,-0.9951635198297695f,0.5714811779344224f,0f,0f,0f,1f], start_interpolation: 0, interpolation_duration: 1 }
$data merge entity $(bone_ear_right1) { transformation: [-0.7071067811865476f,-0.701107790994391f,0.0919122701654418f,-0.21875000000000006f,-0.705933507296972f,0.7074292755338424f,-0.03466559379354161f,0.4290402425414665f,-0.04071711280771044f,-0.08939622768678873f,-0.9951635198297695f,0.5714811779344223f,0f,0f,0f,1f], start_interpolation: 0, interpolation_duration: 1 }
$data merge entity $(bone_eyelid_left1) { transformation: [-1f,-7.051846085652111e-18f,1.2226147918867516e-16f,0.19437499999999994f,0f,0.9983407401529842f,0.057582693153339234f,0.2774559399757727f,-1.2246467991473532e-16f,0.057582693153339234f,-0.9983407401529842f,0.7574360930769702f,0f,0f,0f,1f], start_interpolation: 0, interpolation_duration: 1 }
$data merge entity $(bone_eye_left1) { transformation: [-1f,-7.051846085652111e-18f,1.2226147918867516e-16f,0.19593749999999993f,0f,0.9983407401529842f,0.057582693153339234f,0.27960629367321777f,-1.2246467991473532e-16f,0.057582693153339234f,-0.9983407401529842f,0.7201543060618822f,0f,0f,0f,1f], start_interpolation: 0, interpolation_duration: 1 }
$data merge entity $(bone_eyelid_right1) { transformation: [-1f,-7.051846085652111e-18f,1.2226147918867516e-16f,-0.18812500000000007f,0f,0.9983407401529842f,0.057582693153339234f,0.279615290969023f,-1.2246467991473532e-16f,0.057582693153339234f,-0.9983407401529842f,0.7199983153212334f,0f,0f,0f,1f], start_interpolation: 0, interpolation_duration: 1 }
$data merge entity $(bone_eye_right1) { transformation: [-1f,-7.051846085652111e-18f,1.2226147918867516e-16f,-0.19593750000000004f,0f,0.9983407401529842f,0.057582693153339234f,0.27960629367321777f,-1.2246467991473532e-16f,0.057582693153339234f,-0.9983407401529842f,0.7201543060618822f,0f,0f,0f,1f], start_interpolation: 0, interpolation_duration: 1 }
$data merge entity $(bone_jaw1) { transformation: [-1f,-1.5066287834589862e-17f,1.2153437701944199e-16f,-7.873822471902122e-17f,0f,0.9924035003729968f,0.12302557639541128f,0.10626200627740784f,-1.2246467991473532e-16f,0.12302557639541128f,-0.9924035003729968f,0.7406754751026884f,0f,0f,0f,1f], start_interpolation: 0, interpolation_duration: 1 }
$data merge entity $(bone_head1) { transformation: [-1f,-7.051846085652111e-18f,1.2226147918867516e-16f,-4.163336342344337e-17f,0f,0.9983407401529842f,0.057582693153339234f,0.2802473385367301f,-1.2246467991473532e-16f,0.057582693153339234f,-0.9983407401529842f,0.4376912896100901f,0f,0f,0f,1f], start_interpolation: 0, interpolation_duration: 1 }
$data merge entity $(bone_torso1) { transformation: [-1f,-1.671823902311648e-19f,1.2246456580034479e-16f,-0.12499999999999996f,0f,0.9999990681852872f,0.0013651478152522318f,0.140625f,-1.2246467991473532e-16f,0.0013651478152522318f,-0.9999990681852872f,-0.296875f,0f,0f,0f,1f], start_interpolation: 0, interpolation_duration: 1 }