# This file was generated by Animated Java via MC-Build. It is not recommended to edit this file directly.
$data merge entity $(bone_tail7) { transformation: [-0.1249627848965586f,0.08590258378068641f,0.9884356572335391f,0.4590301168791947f,-0.01766982275173107f,0.9958940994971467f,-0.08878468308604841f,0.0943672423555498f,-0.9920040724487065f,-0.028560264119398528f,-0.12293181670589348f,-1.0747918312466196f,0f,0f,0f,1f], start_interpolation: 0, interpolation_duration: 1 }
$data merge entity $(bone_tail6) { transformation: [-0.5096241342361336f,0.11408817160782439f,0.8527995842536832f,0.1925302467999187f,0.030793780412381982f,0.9929532450158106f,-0.1144359921549418f,0.1301284899039691f,-0.8598459076439133f,-0.032058420294136705f,-0.5095461439322833f,-0.9155586612677811f,0f,0f,0f,1f], start_interpolation: 0, interpolation_duration: 1 }
$data merge entity $(bone_tail5) { transformation: [-0.8856305797227607f,0.056323332220648864f,0.46096220941362354f,0.048479556358161334f,0.0034222593614022523f,0.9933824069919627f,-0.11480279447695604f,0.16600436317801787f,-0.4643778250528229f,-0.10009533319000116f,-0.8799625900416407f,-0.6405703518797683f,0f,0f,0f,1f], start_interpolation: 0, interpolation_duration: 1 }
$data merge entity $(bone_tail1) { transformation: [-0.9869271885176943f,0.04368050532438836f,0.15513458034611613f,4.163336342344337e-17f,0.00032832790871515315f,0.9631147308566f,-0.2690908906072504f,0.25009526649278363f,-0.16116642567651565f,-0.26552218111040166f,-0.950538455073245f,-0.3435270846693792f,0f,0f,0f,1f], start_interpolation: 0, interpolation_duration: 1 }
$data merge entity $(bone_ear_left1) { transformation: [-0.7071067811865475f,0.7007795326293369f,-0.09438244883349876f,0.21874999999999994f,0.7058684758742161f,0.7074482212992648f,-0.03559085482982608f,0.4283355598871288f,0.04182935293560346f,-0.091788130105774f,-0.9948996152399872f,0.5718091214286545f,0f,0f,0f,1f], start_interpolation: 0, interpolation_duration: 1 }
$data merge entity $(bone_ear_right1) { transformation: [-0.7071067811865475f,-0.7007795326293369f,0.09438244883349901f,-0.21875000000000006f,-0.7058684758742161f,0.7074482212992648f,-0.03559085482982608f,0.4283355598871288f,-0.04182935293560363f,-0.09178813010577416f,-0.9948996152399872f,0.5718091214286545f,0f,0f,0f,1f], start_interpolation: 0, interpolation_duration: 1 }
$data merge entity $(bone_eyelid_left1) { transformation: [-1f,-7.24447630059956e-18f,1.2225021631779892e-16f,0.19437499999999994f,0f,0.9982487718329422f,0.05915563822682138f,0.27645844916778284f,-1.2246467991473532e-16f,0.05915563822682138f,-0.9982487718329422f,0.7575249648280359f,0f,0f,0f,1f], start_interpolation: 0, interpolation_duration: 1 }
$data merge entity $(bone_eye_left1) { transformation: [-1f,-7.24447630059956e-18f,1.2225021631779892e-16f,0.19593749999999993f,0f,0.9982487718329422f,0.05915563822682138f,0.2786675425328157f,-1.2246467991473532e-16f,0.05915563822682138f,-0.9982487718329422f,0.7202466122548994f,0f,0f,0f,1f], start_interpolation: 0, interpolation_duration: 1 }
$data merge entity $(bone_eyelid_right1) { transformation: [-1f,-7.24447630059956e-18f,1.2225021631779892e-16f,-0.18812500000000007f,0f,0.9982487718329422f,0.05915563822682138f,0.27867678560128867f,-1.2246467991473532e-16f,0.05915563822682138f,-0.9982487718329422f,0.7200906358843006f,0f,0f,0f,1f], start_interpolation: 0, interpolation_duration: 1 }
$data merge entity $(bone_eye_right1) { transformation: [-1f,-7.24447630059956e-18f,1.2225021631779892e-16f,-0.19593750000000004f,0f,0.9982487718329422f,0.05915563822682138f,0.2786675425328157f,-1.2246467991473532e-16f,0.05915563822682138f,-0.9982487718329422f,0.7202466122548994f,0f,0f,0f,1f], start_interpolation: 0, interpolation_duration: 1 }
$data merge entity $(bone_jaw1) { transformation: [-1f,-1.5043633012887155e-17f,1.215371833324771e-16f,-7.870460660078686e-17f,0f,0.9924264156579352f,0.12284058573754587f,0.10529113652180527f,-1.2246467991473532e-16f,0.12284058573754587f,-0.9924264156579352f,0.7404946292014496f,0f,0f,0f,1f], start_interpolation: 0, interpolation_duration: 1 }
$data merge entity $(bone_head1) { transformation: [-1f,-7.24447630059956e-18f,1.2225021631779892e-16f,-4.163336342344337e-17f,0f,0.9982487718329422f,0.05915563822682138f,0.2797536440665842f,-1.2246467991473532e-16f,0.05915563822682138f,-0.9982487718329422f,0.4377849564765959f,0f,0f,0f,1f], start_interpolation: 0, interpolation_duration: 1 }
$data merge entity $(bone_torso1) { transformation: [-1f,-2.494842746747133e-19f,1.2246442579057506e-16f,-0.12499999999999996f,0f,0.9999979249187567f,0.0020371937022855406f,0.140625f,-1.2246467991473532e-16f,0.0020371937022855406f,-0.9999979249187567f,-0.296875f,0f,0f,0f,1f], start_interpolation: 0, interpolation_duration: 1 }