# This file was generated by Animated Java via MC-Build. It is not recommended to edit this file directly.
$data merge entity $(bone_tail7) { transformation: [-0.16668818552802334f,0.15771495257955498f,0.9733144623081506f,0.49610232834437096f,0.04462929778403046f,0.9873197946023088f,-0.15234122543080553f,0.14024844941785417f,-0.9849991241542704f,0.0180448585276774f,-0.17161325268182692f,-1.0556609027775454f,0f,0f,0f,1f], start_interpolation: 0, interpolation_duration: 1 }
$data merge entity $(bone_tail6) { transformation: [-0.47277228626012713f,0.10192936563842112f,0.8752695412071196f,0.22258059671714608f,0.07301619067214438f,0.9944029462821216f,-0.07636371078703187f,0.16411210903880163f,-0.8781543151656783f,0.02780620157420719f,-0.4775686483741508f,-0.9064207001606233f,0f,0f,0f,1f], start_interpolation: 0, interpolation_duration: 1 }
$data merge entity $(bone_tail5) { transformation: [-0.8492931040288105f,0.023267636087083002f,0.5274086087276423f,0.05776540648975785f,0.0032298879681865317f,0.9992385819505127f,-0.03888218313368644f,0.17626279126807864f,-0.5279117267809279f,-0.03131889928537779f,-0.8487215887879438f,-0.6411952036643909f,0f,0f,0f,1f], start_interpolation: 0, interpolation_duration: 1 }
$data merge entity $(bone_tail1) { transformation: [-0.981682906788349f,0.04614549301335683f,0.184849300767225f,4.163336342344337e-17f,0.0010797788645283395f,0.9715569485883786f,-0.23680356780936085f,0.2502639062085039f,-0.19051903998598535f,-0.23226641841685397f,-0.9538106763287071f,-0.34312936731166993f,0f,0f,0f,1f], start_interpolation: 0, interpolation_duration: 1 }
$data merge entity $(bone_ear_left1) { transformation: [-0.7071067811865475f,0.7063388865960277f,0.03294506461192663f,0.21874999999999994f,0.7040745836557738f,0.6989998504306297f,0.12521257823360263f,0.42110200746229176f,0.06541391786117676f,0.11173444580898631f,-0.9915827917878618f,0.5772037425706047f,0f,0f,0f,1f], start_interpolation: 0, interpolation_duration: 1 }
$data merge entity $(bone_ear_right1) { transformation: [-0.7071067811865475f,-0.7063388865960277f,-0.03294506461192638f,-0.21875000000000006f,-0.7040745836557738f,0.6989998504306297f,0.12521257823360263f,0.42110200746229176f,-0.06541391786117692f,0.11173444580898614f,-0.9915827917878618f,0.5772037425706047f,0f,0f,0f,1f], start_interpolation: 0, interpolation_duration: 1 }
$data merge entity $(bone_eyelid_left1) { transformation: [-1f,-1.1329115666795437e-17f,1.219395299516402e-16f,0.19437499999999994f,0f,0.9957118251281856f,0.09250924980723592f,0.26309854662235915f,-1.2246467991473532e-16f,0.09250924980723592f,-0.9957118251281856f,0.7577361153257532f,0f,0f,0f,1f], start_interpolation: 0, interpolation_duration: 1 }
$data merge entity $(bone_eye_left1) { transformation: [-1f,-1.1329115666795437e-17f,1.219395299516402e-16f,0.19593749999999993f,0f,0.9957118251281856f,0.09250924980723592f,0.26655318891984814f,-1.2246467991473532e-16f,0.09250924980723592f,-0.9957118251281856f,0.7205525018561225f,0f,0f,0f,1f], start_interpolation: 0, interpolation_duration: 1 }
$data merge entity $(bone_eyelid_right1) { transformation: [-1f,-1.1329115666795437e-17f,1.219395299516402e-16f,-0.18812500000000007f,0f,0.9957118251281856f,0.09250924980723592f,0.2665676434901305f,-1.2246467991473532e-16f,0.09250924980723592f,-0.9957118251281856f,0.7203969218834463f,0f,0f,0f,1f], start_interpolation: 0, interpolation_duration: 1 }
$data merge entity $(bone_eye_right1) { transformation: [-1f,-1.1329115666795437e-17f,1.219395299516402e-16f,-0.19593750000000004f,0f,0.9957118251281856f,0.09250924980723592f,0.26655318891984814f,-1.2246467991473532e-16f,0.09250924980723592f,-0.9957118251281856f,0.7205525018561225f,0f,0f,0f,1f], start_interpolation: 0, interpolation_duration: 1 }
$data merge entity $(bone_jaw1) { transformation: [-1f,-2.9923793441811213e-17f,1.1875253434209478e-16f,-7.796929221039414e-17f,0f,0.9696880310696512f,0.24434631652689834f,0.09259657777087704f,-1.2246467991473532e-16f,0.24434631652689834f,-0.9696880310696512f,0.7349905692173783f,0f,0f,0f,1f], start_interpolation: 0, interpolation_duration: 1 }
$data merge entity $(bone_head1) { transformation: [-1f,-1.1329115666795437e-17f,1.219395299516402e-16f,-4.163336342344337e-17f,0f,0.9957118251281856f,0.09250924980723592f,0.27708569101191727f,-1.2246467991473532e-16f,0.09250924980723592f,-0.9957118251281856f,0.4382851941472009f,0f,0f,0f,1f], start_interpolation: 0, interpolation_duration: 1 }
$data merge entity $(bone_torso1) { transformation: [-1f,-6.94065271947644e-19f,1.2246271310083268e-16f,-0.12499999999999996f,0f,0.9999839397456963f,0.005667473041458805f,0.140625f,-1.2246467991473532e-16f,0.005667473041458805f,-0.9999839397456963f,-0.296875f,0f,0f,0f,1f], start_interpolation: 0, interpolation_duration: 1 }