# This file was generated by Animated Java via MC-Build. It is not recommended to edit this file directly.
$data merge entity $(bone_tail7) { transformation: [-0.13868840548647937f,0.13308760618462367f,0.9813527476211926f,0.5017784251777464f,0.04990405458150368f,0.9906092871857026f,-0.12729031965456022f,0.14767454117456136f,-0.9890779097320617f,0.03131978961424134f,-0.14402763366304222f,-1.048676002492569f,0f,0f,0f,1f], start_interpolation: 0, interpolation_duration: 1 }
$data merge entity $(bone_tail6) { transformation: [-0.45464148135951443f,0.0840481478857547f,0.8867000802211537f,0.22468465010863586f,0.07265857719296409f,0.9957194404188919f,-0.057127288857276526f,0.16552681894246027f,-0.8877059505193825f,0.03845393099363102f,-0.4588021802515947f,-0.9053003211639457f,0f,0f,0f,1f], start_interpolation: 0, interpolation_duration: 1 }
$data merge entity $(bone_tail5) { transformation: [-0.8453736859483159f,0.017952589421058728f,0.5338736139192842f,0.057849145758859535f,0.0005513360037636f,0.9994638818757757f,-0.03273598714589779f,0.17575681492555334f,-0.5341750903353404f,-0.027379798371871267f,-0.8449303637024453f,-0.6412595825069315f,0f,0f,0f,1f], start_interpolation: 0, interpolation_duration: 1 }
$data merge entity $(bone_tail1) { transformation: [-0.9816317471521783f,0.04615962145703792f,0.18511726642835039f,4.163336342344337e-17f,0.0007558548443413526f,0.9712232570487509f,-0.2381697160662336f,0.25018485119625133f,-0.19078401837265135f,-0.23365503271823404f,-0.9534184726650857f,-0.3433163097990922f,0f,0f,0f,1f], start_interpolation: 0, interpolation_duration: 1 }
$data merge entity $(bone_ear_left1) { transformation: [-0.7071067811865475f,0.7050631715520467f,0.05372079784375232f,0.21874999999999994f,0.7041678790837774f,0.6952133258231888f,0.1443122644286173f,0.42255528880003845f,0.06440184831706829f,0.1398726410661849f,-0.9880728951927157f,0.5767627683422644f,0f,0f,0f,1f], start_interpolation: 0, interpolation_duration: 1 }
$data merge entity $(bone_ear_right1) { transformation: [-0.7071067811865475f,-0.7050631715520467f,-0.05372079784375207f,-0.21875000000000006f,-0.7041678790837774f,0.6952133258231888f,0.1443122644286173f,0.42255528880003845f,-0.06440184831706845f,0.13987264106618474f,-0.9880728951927157f,0.5767627683422643f,0f,0f,0f,1f], start_interpolation: 0, interpolation_duration: 1 }
$data merge entity $(bone_eyelid_left1) { transformation: [-1f,-1.1153834116584994e-17f,1.2195568789981988e-16f,0.19437499999999994f,0f,0.9958437647877756f,0.09107796733189297f,0.2648114794766208f,-1.2246467991473532e-16f,0.09107796733189297f,-0.9958437647877756f,0.7575220609668407f,0f,0f,0f,1f], start_interpolation: 0, interpolation_duration: 1 }
$data merge entity $(bone_eye_left1) { transformation: [-1f,-1.1153834116584994e-17f,1.2195568789981988e-16f,0.19593749999999993f,0f,0.9958437647877756f,0.09107796733189297f,0.2682126723191712f,-1.2246467991473532e-16f,0.09107796733189297f,-0.9958437647877756f,0.7203335203755472f,0f,0f,0f,1f], start_interpolation: 0, interpolation_duration: 1 }
$data merge entity $(bone_eyelid_right1) { transformation: [-1f,-1.1153834116584994e-17f,1.2195568789981988e-16f,-0.18812500000000007f,0f,0.9958437647877756f,0.09107796733189297f,0.2682269032515668f,-1.2246467991473532e-16f,0.09107796733189297f,-0.9958437647877756f,0.7201779197872992f,0f,0f,0f,1f], start_interpolation: 0, interpolation_duration: 1 }
$data merge entity $(bone_eye_right1) { transformation: [-1f,-1.1153834116584994e-17f,1.2195568789981988e-16f,-0.19593750000000004f,0f,0.9958437647877756f,0.09107796733189297f,0.2682126723191712f,-1.2246467991473532e-16f,0.09107796733189297f,-0.9958437647877756f,0.7203335203755472f,0f,0f,0f,1f], start_interpolation: 0, interpolation_duration: 1 }
$data merge entity $(bone_jaw1) { transformation: [-1f,-3.149832100812875e-17f,1.1834463908554304e-16f,-7.800172931142068e-17f,0f,0.966357313536762f,0.2572033098037664f,0.09427699342912865f,-1.2246467991473532e-16f,0.2572033098037664f,-0.966357313536762f,0.7350216094487556f,0f,0f,0f,1f], start_interpolation: 0, interpolation_duration: 1 }
$data merge entity $(bone_head1) { transformation: [-1f,-1.1153834116584994e-17f,1.2195568789981988e-16f,-4.163336342344337e-17f,0f,0.9958437647877756f,0.09107796733189297f,0.2783394464684351f,-1.2246467991473532e-16f,0.09107796733189297f,-0.9958437647877756f,0.4380513653481841f,0f,0f,0f,1f], start_interpolation: 0, interpolation_duration: 1 }
$data merge entity $(bone_torso1) { transformation: [-1f,-4.851810749755644e-19f,1.2246371881477003e-16f,-0.12499999999999996f,0f,0.9999921520232123f,0.003961804132533285f,0.140625f,-1.2246467991473532e-16f,0.003961804132533285f,-0.9999921520232123f,-0.296875f,0f,0f,0f,1f], start_interpolation: 0, interpolation_duration: 1 }