# This file was generated by Animated Java via MC-Build. It is not recommended to edit this file directly.
$data merge entity $(bone_tail7) { transformation: [-0.013458479304331639f,0.009306220602869331f,0.9998661228349052f,0.5117346764493129f,0.058329840670345585f,0.9982611257412692f,-0.008506146080653306f,0.163975803938334f,-0.9982066414436376f,0.05820755184565016f,-0.013977907066116235f,-1.0265878242600244f,0f,0f,0f,1f], start_interpolation: 0, interpolation_duration: 1 }
$data merge entity $(bone_tail6) { transformation: [-0.3916844523124382f,0.014378307202148922f,0.919987257574096f,0.22423865845740795f,0.059118155141885176f,0.9982051302442799f,0.009568787102846026f,0.16098555796869463f,-0.9181984173093118f,0.058135894557495495f,-0.3918314487310513f,-0.9041404965315708f,0f,0f,0f,1f], start_interpolation: 0, interpolation_duration: 1 }
$data merge entity $(bone_tail5) { transformation: [-0.8414024260881962f,0.007603587080930091f,0.5403555707461527f,0.05537754259923524f,-0.010782663475889548f,0.9994657423808264f,-0.030853913455326065f,0.17062740592348402f,-0.5403014820831638f,-0.03178702991230456f,-0.8408709135105643f,-0.6413683360595195f,0f,0f,0f,1f], start_interpolation: 0, interpolation_duration: 1 }
$data merge entity $(bone_tail1) { transformation: [-0.9831126298052546f,0.04568187321308144f,0.17720813631755264f,4.163336342344337e-17f,-0.0007250161868022847f,0.9673625507450823f,-0.2533952836330954f,0.24981343205882633f,-0.18300008598064985f,-0.24924458244004408f,-0.9509932211405941f,-0.3441829544530839f,0f,0f,0f,1f], start_interpolation: 0, interpolation_duration: 1 }
$data merge entity $(bone_ear_left1) { transformation: [-0.7071067811865475f,0.7002440848797294f,0.0982762514087215f,0.21874999999999994f,0.7051000101156248f,0.6877932982708822f,0.1725524690887008f,0.43055418351621216f,0.05323509871265215f,0.19130760686551768f,-0.9800854165941063f,0.5733457636080407f,0f,0f,0f,1f], start_interpolation: 0, interpolation_duration: 1 }
$data merge entity $(bone_ear_right1) { transformation: [-0.7071067811865475f,-0.7002440848797294f,-0.09827625140872125f,-0.21875000000000006f,-0.7051000101156248f,0.6877932982708822f,0.1725524690887008f,0.43055418351621216f,-0.053235098712652314f,0.1913076068655175f,-0.9800854165941063f,0.5733457636080406f,0f,0f,0f,1f], start_interpolation: 0, interpolation_duration: 1 }
$data merge entity $(bone_eyelid_left1) { transformation: [-1f,-9.219851226903101e-18f,1.2211712480226657e-16f,0.19437499999999994f,0f,0.9971619971349232f,0.07528579859370327f,0.27569460056746253f,-1.2246467991473532e-16f,0.07528579859370327f,-0.9971619971349232f,0.7565820613739017f,0f,0f,0f,1f], start_interpolation: 0, interpolation_duration: 1 }
$data merge entity $(bone_eye_left1) { transformation: [-1f,-9.219851226903101e-18f,1.2211712480226657e-16f,0.19593749999999993f,0f,0.9971619971349232f,0.07528579859370327f,0.27850605460869615f,-1.2246467991473532e-16f,0.07528579859370327f,-0.9971619971349232f,0.7193442930433944f,0f,0f,0f,1f], start_interpolation: 0, interpolation_duration: 1 }
$data merge entity $(bone_eyelid_right1) { transformation: [-1f,-9.219851226903101e-18f,1.2211712480226657e-16f,-0.18812500000000007f,0f,0.9971619971349232f,0.07528579859370327f,0.2785178180147264f,-1.2246467991473532e-16f,0.07528579859370327f,-0.9971619971349232f,0.7191884864813421f,0f,0f,0f,1f], start_interpolation: 0, interpolation_duration: 1 }
$data merge entity $(bone_eye_right1) { transformation: [-1f,-9.219851226903101e-18f,1.2211712480226657e-16f,-0.19593750000000004f,0f,0.9971619971349232f,0.07528579859370327f,0.27850605460869615f,-1.2246467991473532e-16f,0.07528579859370327f,-0.9971619971349232f,0.7193442930433944f,0f,0f,0f,1f], start_interpolation: 0, interpolation_duration: 1 }
$data merge entity $(bone_jaw1) { transformation: [-1f,-3.336972544593864e-17f,1.1783063799488335e-16f,-7.835436316994806e-17f,0f,0.9621601761170785f,0.27248448670401904f,0.10482497217522932f,-1.2246467991473532e-16f,0.27248448670401904f,-0.9621601761170785f,0.7367868260103064f,0f,0f,0f,1f], start_interpolation: 0, interpolation_duration: 1 }
$data merge entity $(bone_head1) { transformation: [-1f,-9.219851226903101e-18f,1.2211712480226657e-16f,-4.163336342344337e-17f,0f,0.9971619971349232f,0.07528579859370327f,0.28415834628809333f,-1.2246467991473532e-16f,0.07528579859370327f,-0.9971619971349232f,0.4369371079359091f,0f,0f,0f,1f], start_interpolation: 0, interpolation_duration: 1 }
$data merge entity $(bone_torso1) { transformation: [-1f,4.851810749755636e-19f,1.2246371881477003e-16f,-0.12499999999999996f,0f,0.9999921520232123f,-0.003961804132533279f,0.140625f,-1.2246467991473532e-16f,-0.003961804132533279f,-0.9999921520232123f,-0.296875f,0f,0f,0f,1f], start_interpolation: 0, interpolation_duration: 1 }