# This file was generated by Animated Java via MC-Build. It is not recommended to edit this file directly.
$data merge entity $(bone_tail7) { transformation: [-0.14527629872403958f,0.10610532962791329f,0.9836851407099712f,0.4579772575991557f,-0.016363423248432554f,0.9938391715993483f,-0.10961724031517166f,0.09317298168231986f,-0.9892557987743291f,-0.03202124324996291f,-0.14264502995930295f,-1.0773022245230086f,0f,0f,0f,1f], start_interpolation: 0, interpolation_duration: 1 }
$data merge entity $(bone_tail6) { transformation: [-0.5176099136156744f,0.12363556745588694f,0.846637008278421f,0.1934031925121491f,0.03473610387921759f,0.9917256709677844f,-0.12358639338855398f,0.13179372961624297f,-0.8549113289774948f,-0.034560671338372956f,-0.5176216567943952f,-0.9155454567747601f,0f,0f,0f,1f], start_interpolation: 0, interpolation_duration: 1 }
$data merge entity $(bone_tail5) { transformation: [-0.8851922059470367f,0.056899882950227694f,0.46173278186725f,0.04911169817863349f,0.0049947614783315f,0.9935975830430916f,-0.11286671488397934f,0.16706457801748653f,-0.4651986789409376f,-0.09760249121399153f,-0.8798090377010395f,-0.6406051324931852f,0f,0f,0f,1f], start_interpolation: 0, interpolation_duration: 1 }
$data merge entity $(bone_tail1) { transformation: [-0.9865971251897097f,0.04390505041554044f,0.15715743417162703f,4.163336342344337e-17f,0.0005449292338288896f,0.9640025790140254f,-0.26589232916057964f,0.2501559308801677f,-0.16317418796957606f,-0.2622429678796302f,-0.9511060982761873f,-0.3433844767818767f,0f,0f,0f,1f], start_interpolation: 0, interpolation_duration: 1 }
$data merge entity $(bone_ear_left1) { transformation: [-0.7071067811865475f,0.7003423202708051f,-0.09757373846330379f,0.21874999999999994f,0.7057249337313045f,0.7075962915159777f,-0.03549374793933822f,0.4269305098601883f,0.044185041699040466f,-0.09395808996856282f,-0.9945951736357428f,0.5724848559213178f,0f,0f,0f,1f], start_interpolation: 0, interpolation_duration: 1 }
$data merge entity $(bone_ear_right1) { transformation: [-0.7071067811865475f,-0.7003423202708051f,0.09757373846330404f,-0.21875000000000006f,-0.7057249337313045f,0.7075962915159777f,-0.03549374793933822f,0.4269305098601883f,-0.04418504169904063f,-0.09395808996856299f,-0.9945951736357428f,0.5724848559213177f,0f,0f,0f,1f], start_interpolation: 0, interpolation_duration: 1 }
$data merge entity $(bone_eyelid_left1) { transformation: [-1f,-7.652460890860395e-18f,1.2222535608020303e-16f,0.19437499999999994f,0f,0.9980457725876645f,0.06248708522480388f,0.2744343958994767f,-1.2246467991473532e-16f,0.06248708522480388f,-0.9980457725876645f,0.757692756608307f,0f,0f,0f,1f], start_interpolation: 0, interpolation_duration: 1 }
$data merge entity $(bone_eye_left1) { transformation: [-1f,-7.652460890860395e-18f,1.2222535608020303e-16f,0.19593749999999993f,0f,0.9980457725876645f,0.06248708522480388f,0.2767678979883405f,-1.2246467991473532e-16f,0.06248708522480388f,-0.9980457725876645f,0.7204219847882364f,0f,0f,0f,1f], start_interpolation: 0, interpolation_duration: 1 }
$data merge entity $(bone_eyelid_right1) { transformation: [-1f,-7.652460890860395e-18f,1.2222535608020303e-16f,-0.18812500000000007f,0f,0.9980457725876645f,0.06248708522480388f,0.2767776615954069f,-1.2246467991473532e-16f,0.06248708522480388f,-0.9980457725876645f,0.7202660401362695f,0f,0f,0f,1f], start_interpolation: 0, interpolation_duration: 1 }
$data merge entity $(bone_eye_right1) { transformation: [-1f,-7.652460890860395e-18f,1.2222535608020303e-16f,-0.19593750000000004f,0f,0.9980457725876645f,0.06248708522480388f,0.2767678979883405f,-1.2246467991473532e-16f,0.06248708522480388f,-0.9980457725876645f,0.7204219847882363f,0f,0f,0f,1f], start_interpolation: 0, interpolation_duration: 1 }
$data merge entity $(bone_jaw1) { transformation: [-1f,-1.5172449590817794e-17f,1.2152116934934697e-16f,-7.863309018430987e-17f,0f,0.9922956515621872f,0.12389245292096827f,0.10332487744689242f,-1.2246467991473532e-16f,0.12389245292096827f,-0.9922956515621872f,0.7400912241487536f,0f,0f,0f,1f], start_interpolation: 0, interpolation_duration: 1 }
$data merge entity $(bone_head1) { transformation: [-1f,-7.652460890860395e-18f,1.2222535608020303e-16f,-4.163336342344337e-17f,0f,0.9980457725876645f,0.06248708522480388f,0.2787967435464662f,-1.2246467991473532e-16f,0.06248708522480388f,-0.9980457725876645f,0.4379655272814841f,0f,0f,0f,1f], start_interpolation: 0, interpolation_duration: 1 }
$data merge entity $(bone_torso1) { transformation: [-1f,-4.0897529748718355e-19f,1.224639970188162e-16f,-0.12499999999999996f,0f,0.9999944237316457f,0.0033395367364037376f,0.140625f,-1.2246467991473532e-16f,0.0033395367364037376f,-0.9999944237316457f,-0.296875f,0f,0f,0f,1f], start_interpolation: 0, interpolation_duration: 1 }