# This file was generated by Animated Java via MC-Build. It is not recommended to edit this file directly.
$data merge entity $(bone_tail7) { transformation: [0.050360689683947746f,-0.06397962881685433f,0.9966796917922098f,0.5034560447944494f,0.04491394279629567f,0.9970814438998286f,0.06173598604642334f,0.15552086278409705f,-0.9977206716697056f,0.04165574782776844f,0.05308728657467032f,-1.0254608389455133f,0f,0f,0f,1f], start_interpolation: 0, interpolation_duration: 1 }
$data merge entity $(bone_tail6) { transformation: [-0.37927624692612716f,-0.008652935480090038f,0.925243024953557f,0.21431759949646273f,0.03792861952131166f,0.9989704197495645f,0.024890164454792363f,0.14774268639197444f,-0.9245057859953278f,0.04453343881799865f,-0.37855755769526594f,-0.9071616021657428f,0f,0f,0f,1f], start_interpolation: 0, interpolation_duration: 1 }
$data merge entity $(bone_tail5) { transformation: [-0.852980971755659f,0.015931373389692652f,0.5216988146092434f,0.05128671993107418f,-0.015458405703447198f,0.998324475051871f,-0.05576092005619912f,0.16516797390953666f,-0.5217130432679244f,-0.055627635706763545f,-0.8513055072239322f,-0.641128631158264f,0f,0f,0f,1f], start_interpolation: 0, interpolation_duration: 1 }
$data merge entity $(bone_tail1) { transformation: [-0.9854313924767042f,0.044614074848977926f,0.16411750377943723f,4.163336342344337e-17f,-0.0014115139531441338f,0.9628016348988354f,-0.27020551338655113f,0.2496071968428339f,-0.17006756995319205f,-0.26650064945793167f,-0.9487119823680509f,-0.3446561366682481f,0f,0f,0f,1f], start_interpolation: 0, interpolation_duration: 1 }
$data merge entity $(bone_ear_left1) { transformation: [-0.7071067811865475f,0.7033036006832968f,0.07323964272107022f,0.21874999999999994f,0.7059224744372943f,0.6961334969713685f,0.1306583884744541f,0.4360967880193429f,0.0409079464692083f,0.144090942325754f,-0.988718534394571f,0.5701377055514186f,0f,0f,0f,1f], start_interpolation: 0, interpolation_duration: 1 }
$data merge entity $(bone_ear_right1) { transformation: [-0.7071067811865475f,-0.7033036006832968f,-0.07323964272106998f,-0.21875000000000006f,-0.7059224744372943f,0.6961334969713685f,0.1306583884744541f,0.4360967880193429f,-0.040907946469208464f,0.14409094232575384f,-0.988718534394571f,0.5701377055514185f,0f,0f,0f,1f], start_interpolation: 0, interpolation_duration: 1 }
$data merge entity $(bone_eyelid_left1) { transformation: [-1f,-7.08489679863367e-18f,1.2225956839434403e-16f,0.19437499999999994f,0f,0.998325137333196f,0.05785257270558705f,0.2844622217622137f,-1.2246467991473532e-16f,0.05785257270558705f,-0.998325137333196f,0.7560516360838354f,0f,0f,0f,1f], start_interpolation: 0, interpolation_duration: 1 }
$data merge entity $(bone_eye_left1) { transformation: [-1f,-7.08489679863367e-18f,1.2225956839434403e-16f,0.19593749999999993f,0f,0.998325137333196f,0.05785257270558705f,0.28662265377418794f,-1.2246467991473532e-16f,0.05785257270558705f,-0.998325137333196f,0.7187704317365489f,0f,0f,0f,1f], start_interpolation: 0, interpolation_duration: 1 }
$data merge entity $(bone_eyelid_right1) { transformation: [-1f,-7.08489679863367e-18f,1.2225956839434403e-16f,-0.18812500000000007f,0f,0.998325137333196f,0.05785257270558705f,0.2866316932386732f,-1.2246467991473532e-16f,0.05785257270558705f,-0.998325137333196f,0.7186144434338405f,0f,0f,0f,1f], start_interpolation: 0, interpolation_duration: 1 }
$data merge entity $(bone_eye_right1) { transformation: [-1f,-7.08489679863367e-18f,1.2225956839434403e-16f,-0.19593750000000004f,0f,0.998325137333196f,0.05785257270558705f,0.28662265377418794f,-1.2246467991473532e-16f,0.05785257270558705f,-0.998325137333196f,0.7187704317365488f,0f,0f,0f,1f], start_interpolation: 0, interpolation_duration: 1 }
$data merge entity $(bone_jaw1) { transformation: [-1f,-2.9189379410061256e-17f,1.189351838451266e-16f,-7.873246342188937e-17f,0f,0.9711794774455289f,0.23834937085847155f,0.11327282522042154f,-1.2246467991473532e-16f,0.23834937085847155f,-0.9711794774455289f,0.7392447398308969f,0f,0f,0f,1f], start_interpolation: 0, interpolation_duration: 1 }
$data merge entity $(bone_head1) { transformation: [-1f,-7.08489679863367e-18f,1.2225956839434403e-16f,-4.163336342344337e-17f,0f,0.998325137333196f,0.05785257270558705f,0.28734005689922937f,-1.2246467991473532e-16f,0.05785257270558705f,-0.998325137333196f,0.4363075988995211f,0f,0f,0f,1f], start_interpolation: 0, interpolation_duration: 1 }
$data merge entity $(bone_torso1) { transformation: [-1f,1.0163880805381e-18f,1.2246046211691476e-16f,-0.12499999999999996f,0f,0.9999655590671246f,-0.008299438509501262f,0.140625f,-1.2246467991473532e-16f,-0.008299438509501262f,-0.9999655590671246f,-0.296875f,0f,0f,0f,1f], start_interpolation: 0, interpolation_duration: 1 }