# This file was generated by Animated Java via MC-Build. It is not recommended to edit this file directly.
$data merge entity $(bone_tail7) { transformation: [0.05178451154386082f,-0.07256755055699378f,0.99601823023995f,0.49352781404112245f,0.027935849045255163f,0.997071365823366f,0.07119185201445953f,0.1420629751769599f,-0.9982674755306237f,0.02413797964383384f,0.053660089791477295f,-1.0331638230424984f,0f,0f,0f,1f], start_interpolation: 0, interpolation_duration: 1 }
$data merge entity $(bone_tail6) { transformation: [-0.39499947148770387f,0.0011721335537376865f,0.91868059935288f,0.20644012674334744f,0.026217246459838507f,0.9996062796493919f,0.009997083252943913f,0.13893888666041493f,-0.9183071781884854f,0.02803411829243805f,-0.39487468227156175f,-0.9097654848326353f,0f,0f,0f,1f], start_interpolation: 0, interpolation_duration: 1 }
$data merge entity $(bone_tail5) { transformation: [-0.8634184044973777f,0.026200993396412228f,0.5038076683817386f,0.049000230374054134f,-0.014382911710015392f,0.9969660381900378f,-0.07649738914761922f,0.16284432076904592f,-0.5042834427442018f,-0.07329547489921562f,-0.8604219794573786f,-0.6408836162522045f,0f,0f,0f,1f], start_interpolation: 0, interpolation_duration: 1 }
$data merge entity $(bone_tail1) { transformation: [-0.9866556124209988f,0.04386606082872959f,0.1568007371969731f,4.163336342344337e-17f,-0.0014033711348522254f,0.9606979448479821f,-0.2775923077362221f,0.24959191693661534f,-0.16281502703252515f,-0.27410805802134636f,-0.9478164587620138f,-0.3446909728890752f,0f,0f,0f,1f], start_interpolation: 0, interpolation_duration: 1 }
$data merge entity $(bone_ear_left1) { transformation: [-0.7071067811865475f,0.7062217523461677f,0.035367167162611915f,0.21874999999999994f,0.706215635848993f,0.702821425054016f,0.08544893309716967f,0.4373538664187253f,0.03548909244264311f,0.08539836648408589f,-0.9957146395024266f,0.5689451824732629f,0f,0f,0f,1f], start_interpolation: 0, interpolation_duration: 1 }
$data merge entity $(bone_ear_right1) { transformation: [-0.7071067811865475f,-0.7062217523461677f,-0.035367167162611665f,-0.21875000000000006f,-0.706215635848993f,0.702821425054016f,0.08544893309716967f,0.4373538664187253f,-0.035489092442643276f,0.08539836648408572f,-0.9957146395024266f,0.5689451824732628f,0f,0f,0f,1f], start_interpolation: 0, interpolation_duration: 1 }
$data merge entity $(bone_eyelid_left1) { transformation: [-1f,-6.14639890620163e-18f,1.2231034137432706e-16f,0.19437499999999994f,0f,0.9987397301775849f,0.05018915584869851f,0.2871505746944117f,-1.2246467991473532e-16f,0.05018915584869851f,-0.9987397301775849f,0.7560173674853077f,0f,0f,0f,1f], start_interpolation: 0, interpolation_duration: 1 }
$data merge entity $(bone_eye_left1) { transformation: [-1f,-6.14639890620163e-18f,1.2231034137432706e-16f,0.19593749999999993f,0f,0.9987397301775849f,0.05018915584869851f,0.2890248259831365f,-1.2246467991473532e-16f,0.05018915584869851f,-0.9987397301775849f,0.7187206806864884f,0f,0f,0f,1f], start_interpolation: 0, interpolation_duration: 1 }
$data merge entity $(bone_eyelid_right1) { transformation: [-1f,-6.14639890620163e-18f,1.2231034137432706e-16f,-0.18812500000000007f,0f,0.9987397301775849f,0.05018915584869851f,0.28903266803873784f,-1.2246467991473532e-16f,0.05018915584869851f,-0.9987397301775849f,0.7185646276036481f,0f,0f,0f,1f], start_interpolation: 0, interpolation_duration: 1 }
$data merge entity $(bone_eye_right1) { transformation: [-1f,-6.14639890620163e-18f,1.2231034137432706e-16f,-0.19593750000000004f,0f,0.9987397301775849f,0.05018915584869851f,0.2890248259831365f,-1.2246467991473532e-16f,0.05018915584869851f,-0.9987397301775849f,0.7187206806864883f,0f,0f,0f,1f], start_interpolation: 0, interpolation_duration: 1 }
$data merge entity $(bone_jaw1) { transformation: [-1f,-2.5065108369207593e-17f,1.198721742901932e-16f,-7.889497027382657e-17f,0f,0.9788305850605487f,0.20467214209565482f,0.1158372340165991f,-1.2246467991473532e-16f,0.20467214209565482f,-0.9788305850605487f,0.7405247706788417f,0f,0f,0f,1f], start_interpolation: 0, interpolation_duration: 1 }
$data merge entity $(bone_head1) { transformation: [-1f,-6.14639890620163e-18f,1.2231034137432706e-16f,-4.163336342344337e-17f,0f,0.9987397301775849f,0.05018915584869851f,0.287574428059565f,-1.2246467991473532e-16f,0.05018915584869851f,-0.9987397301775849f,0.4362606605997056f,0f,0f,0f,1f], start_interpolation: 0, interpolation_duration: 1 }
$data merge entity $(bone_torso1) { transformation: [-1f,1.055535327880094e-18f,1.2246013094795455e-16f,-0.12499999999999996f,0f,0.9999628548673467f,-0.008619100042681684f,0.140625f,-1.2246467991473532e-16f,-0.008619100042681684f,-0.9999628548673467f,-0.296875f,0f,0f,0f,1f], start_interpolation: 0, interpolation_duration: 1 }