# This file was generated by Animated Java via MC-Build. It is not recommended to edit this file directly.
$data merge entity $(bone_tail7) { transformation: [-0.008936314800254863f,-0.023249383640822366f,0.9996897560934155f,0.47421078363710534f,-0.0038081800069717925f,0.9997232164603446f,0.023216120158578858f,0.11456069614469992f,-0.9999528189083848f,-0.003599531984151843f,-0.009022379213368348f,-1.0538284290468305f,0f,0f,0f,1f], start_interpolation: 0, interpolation_duration: 1 }
$data merge entity $(bone_tail6) { transformation: [-0.4482574411386658f,0.04922986804306451f,0.8925478623335994f,0.19528957665785548f,0.018297371859316208f,0.9987784596322944f,-0.0458998339603005f,0.12890439425729383f,-0.8937172218587137f,-0.004243661980378288f,-0.4486106537813595f,-0.9136375997401556f,0f,0f,0f,1f], start_interpolation: 0, interpolation_duration: 1 }
$data merge entity $(bone_tail5) { transformation: [-0.8791520799198853f,0.04451857410667545f,0.4744572867309007f,0.04702167455444903f,-0.0070285937969457035f,0.9943071149997993f,-0.10632008243983548f,0.16212942001974243f,-0.47648947442916006f,-0.0968062891566675f,-0.8738342652573989f,-0.6405643918472184f,0f,0f,0f,1f], start_interpolation: 0, interpolation_duration: 1 }
$data merge entity $(bone_tail1) { transformation: [-0.9876733792309206f,0.043130825274181404f,0.15046935857423677f,4.163336342344337e-17f,-0.0008028948661076267f,0.9598794466305717f,-0.28041184585538004f,0.24975812184954868f,-0.15652683897149455f,-0.27707612644786894f,-0.9480127471897392f,-0.34431040835042487f,0f,0f,0f,1f], start_interpolation: 0, interpolation_duration: 1 }
$data merge entity $(bone_ear_left1) { transformation: [-0.7071067811865475f,0.7059667950043317f,-0.04013582379012525f,0.21874999999999994f,0.706315054507994f,0.7078616008538122f,0.00714127523958611f,0.43517652993080636f,0.03345211167279898f,-0.023298892419814643f,-0.9991687133996142f,0.5690210045674251f,0f,0f,0f,1f], start_interpolation: 0, interpolation_duration: 1 }
$data merge entity $(bone_ear_right1) { transformation: [-0.7071067811865475f,-0.7059667950043317f,0.0401358237901255f,-0.21875000000000006f,-0.706315054507994f,0.7078616008538122f,0.00714127523958611f,0.43517652993080636f,-0.03345211167279915f,-0.02329889241981481f,-0.9991687133996142f,0.5690210045674251f,0f,0f,0f,1f], start_interpolation: 0, interpolation_duration: 1 }
$data merge entity $(bone_eyelid_left1) { transformation: [-1f,-5.7936117393852785e-18f,1.2232755981230002e-16f,0.19437499999999994f,0f,0.998880329393497f,0.04730843001769176f,0.285513407525157f,-1.2246467991473532e-16f,0.04730843001769176f,-0.998880329393497f,0.7565256206220482f,0f,0f,0f,1f], start_interpolation: 0, interpolation_duration: 1 }
$data merge entity $(bone_eye_left1) { transformation: [-1f,-5.7936117393852785e-18f,1.2232755981230002e-16f,0.19593749999999993f,0f,0.998880329393497f,0.04730843001769176f,0.28728008170863023f,-1.2246467991473532e-16f,0.04730843001769176f,-0.998880329393497f,0.7192236833212597f,0f,0f,0f,1f], start_interpolation: 0, interpolation_duration: 1 }
$data merge entity $(bone_eyelid_right1) { transformation: [-1f,-5.7936117393852785e-18f,1.2232755981230002e-16f,-0.18812500000000007f,0f,0.998880329393497f,0.04730843001769176f,0.28728747365082047f,-1.2246467991473532e-16f,0.04730843001769176f,-0.998880329393497f,0.7190676082697921f,0f,0f,0f,1f], start_interpolation: 0, interpolation_duration: 1 }
$data merge entity $(bone_eye_right1) { transformation: [-1f,-5.7936117393852785e-18f,1.2232755981230002e-16f,-0.19593750000000004f,0f,0.998880329393497f,0.04730843001769176f,0.28728008170863023f,-1.2246467991473532e-16f,0.04730843001769176f,-0.998880329393497f,0.7192236833212597f,0f,0f,0f,1f], start_interpolation: 0, interpolation_duration: 1 }
$data merge entity $(bone_jaw1) { transformation: [-1f,-1.8280333490135607e-17f,1.2109263905831769e-16f,-7.895547403050817e-17f,0f,0.9887964361857401f,0.1492702508418189f,0.1141560963670214f,-1.2246467991473532e-16f,0.1492702508418189f,-0.9887964361857401f,0.7415271819481771f,0f,0f,0f,1f], start_interpolation: 0, interpolation_duration: 1 }
$data merge entity $(bone_head1) { transformation: [-1f,-5.7936117393852785e-18f,1.2232755981230002e-16f,-4.163336342344337e-17f,0f,0.998880329393497f,0.04730843001769176f,0.28501503221528396f,-1.2246467991473532e-16f,0.04730843001769176f,-0.998880329393497f,0.4367690212029737f,0f,0f,0f,1f], start_interpolation: 0, interpolation_duration: 1 }
$data merge entity $(bone_torso1) { transformation: [-1f,6.281668365401194e-19f,1.224630688536101e-16f,-0.12499999999999996f,0f,0.9999868446875757f,-0.00512937148063812f,0.140625f,-1.2246467991473532e-16f,-0.00512937148063812f,-0.9999868446875757f,-0.296875f,0f,0f,0f,1f], start_interpolation: 0, interpolation_duration: 1 }