# This file was generated by Animated Java via MC-Build. It is not recommended to edit this file directly.
$data merge entity $(bone_tail7) { transformation: [-0.028290027541764184f,-0.005777571651864391f,0.9995830600843003f,0.4705979673828766f,-0.008753995812671868f,0.9999463812852244f,0.005531917560498187f,0.10953278442521083f,-0.999561424775385f,-0.008593847822250419f,-0.02833908750489439f,-1.0582178378970133f,0f,0f,0f,1f], start_interpolation: 0, interpolation_duration: 1 }
$data merge entity $(bone_tail6) { transformation: [-0.46054986034971673f,0.06143362682641328f,0.8855053560689565f,0.19387754361132767f,0.019030389086444686f,0.9980561551598232f,-0.05934438001032081f,0.1280779031784361f,-0.8874298115474117f,-0.010479534462170773f,-0.4608237287015299f,-0.9142104226777852f,0f,0f,0f,1f], start_interpolation: 0, interpolation_duration: 1 }
$data merge entity $(bone_tail5) { transformation: [-0.8813770728028458f,0.047593196255669004f,0.470009939477514f,0.04699943752460454f,-0.005086245191913474f,0.9938986314288923f,-0.1101800370013662f,0.16250916474136304f,-0.47238605572914055f,-0.09950074428839242f,-0.8757573957659286f,-0.6405362365009325f,0f,0f,0f,1f], start_interpolation: 0, interpolation_duration: 1 }
$data merge entity $(bone_tail1) { transformation: [-0.987684598536164f,0.04312209674324214f,0.1503982000787344f,4.163336342344337e-17f,-0.000619856306112349f,0.9601822620928421f,-0.27937365541588255f,0.24981343205882633f,-0.15645686176264792f,-0.27602628196376333f,-0.9483305025531155f,-0.3441829544530839f,0f,0f,0f,1f], start_interpolation: 0, interpolation_duration: 1 }
$data merge entity $(bone_ear_left1) { transformation: [-0.7071067811865475f,0.7050631715520467f,-0.05372079784375207f,0.21874999999999994f,0.7062779706279861f,0.7079140667229886f,-0.005394658592889685f,0.4341748205483066f,0.034226133372230794f,-0.041756415754820086f,-0.9985414230454823f,0.5693535719822458f,0f,0f,0f,1f], start_interpolation: 0, interpolation_duration: 1 }
$data merge entity $(bone_ear_right1) { transformation: [-0.7071067811865475f,-0.7050631715520467f,0.05372079784375232f,-0.21875000000000006f,-0.7062779706279861f,0.7079140667229886f,-0.005394658592889685f,0.4341748205483066f,-0.03422613337223096f,-0.04175641575482025f,-0.9985414230454823f,0.5693535719822458f,0f,0f,0f,1f], start_interpolation: 0, interpolation_duration: 1 }
$data merge entity $(bone_eyelid_left1) { transformation: [-1f,-5.927665495041409e-18f,1.2232113721020366e-16f,0.19437499999999994f,0f,0.9988278848674443f,0.048403062002599286f,0.284306304062067f,-1.2246467991473532e-16f,0.048403062002599286f,-0.9988278848674443f,0.7566940615092397f,0f,0f,0f,1f], start_interpolation: 0, interpolation_duration: 1 }
$data merge entity $(bone_eye_left1) { transformation: [-1f,-5.927665495041409e-18f,1.2232113721020366e-16f,0.19593749999999993f,0f,0.9988278848674443f,0.048403062002599286f,0.28611385590872657f,-1.2246467991473532e-16f,0.048403062002599286f,-0.9988278848674443f,0.7193940826837211f,0f,0f,0f,1f], start_interpolation: 0, interpolation_duration: 1 }
$data merge entity $(bone_eyelid_right1) { transformation: [-1f,-5.927665495041409e-18f,1.2232113721020366e-16f,-0.18812500000000007f,0f,0.9988278848674443f,0.048403062002599286f,0.28612141888716447f,-1.2246467991473532e-16f,0.048403062002599286f,-0.9988278848674443f,0.7192380158267105f,0f,0f,0f,1f], start_interpolation: 0, interpolation_duration: 1 }
$data merge entity $(bone_eye_right1) { transformation: [-1f,-5.927665495041409e-18f,1.2232113721020366e-16f,-0.19593750000000004f,0f,0.9988278848674443f,0.048403062002599286f,0.28611385590872657f,-1.2246467991473532e-16f,0.048403062002599286f,-0.9988278848674443f,0.7193940826837211f,0f,0f,0f,1f], start_interpolation: 0, interpolation_duration: 1 }
$data merge entity $(bone_jaw1) { transformation: [-1f,-1.7246577016964576e-17f,1.2124418917134331e-16f,-7.89325210680318e-17f,0f,0.990033936770653f,0.14082898864368334f,0.11296553240174287f,-1.2246467991473532e-16f,0.14082898864368334f,-0.990033936770653f,0.7415078435190794f,0f,0f,0f,1f], start_interpolation: 0, interpolation_duration: 1 }
$data merge entity $(bone_head1) { transformation: [-1f,-5.927665495041409e-18f,1.2232113721020366e-16f,-4.163336342344337e-17f,0f,0.9988278848674443f,0.048403062002599286f,0.28415834628809333f,-1.2246467991473532e-16f,0.048403062002599286f,-0.9988278848674443f,0.4369371079359091f,0f,0f,0f,1f], start_interpolation: 0, interpolation_duration: 1 }
$data merge entity $(bone_torso1) { transformation: [-1f,4.851810749755644e-19f,1.2246371881477003e-16f,-0.12499999999999996f,0f,0.9999921520232123f,-0.003961804132533285f,0.140625f,-1.2246467991473532e-16f,-0.003961804132533285f,-0.9999921520232123f,-0.296875f,0f,0f,0f,1f], start_interpolation: 0, interpolation_duration: 1 }