# This file was generated by Animated Java via MC-Build. It is not recommended to edit this file directly.
$data merge entity $(bone_tail7) { transformation: [-0.0816686637886348f,0.04400626761446213f,0.9956875402281699f,0.4629766722896207f,-0.016676965629700922f,0.9988245411812289f,-0.04551279766718336f,0.09930375013085035f,-0.9965199988822925f,-0.020322016257067966f,-0.08083877462506944f,-1.0683154388852265f,0f,0f,0f,1f], start_interpolation: 0, interpolation_duration: 1 }
$data merge entity $(bone_tail6) { transformation: [-0.48988308167478517f,0.09199745303093443f,0.8669204317148356f,0.19206403737873454f,0.024089012123687234f,0.9954651595314755f,-0.09202627697499928f,0.12806196168553763f,-0.8714552689517232f,-0.024198859369719106f,-0.48987766781257125f,-0.915228667693798f,0f,0f,0f,1f], start_interpolation: 0, interpolation_duration: 1 }
$data merge entity $(bone_tail5) { transformation: [-0.8849751099533976f,0.05360428391039478f,0.46254257696932694f,0.04751948207581988f,-0.0001727818445758783f,0.9933137204903403f,-0.11544619020163699f,0.16413889612354918f,-0.4656382983705336f,-0.10224692382703815f,-0.8790486571621059f,-0.6405259623306399f,0f,0f,0f,1f], start_interpolation: 0, interpolation_duration: 1 }
$data merge entity $(bone_tail1) { transformation: [-0.9874209421103964f,0.043323515922123766f,0.15206234264262347f,4.163336342344337e-17f,-0.00010825790669470305f,0.9615434761279891f,-0.27465274765770903f,0.24996787976658325f,-0.15811347621895727f,-0.27121433679628554f,-0.9494434749652599f,-0.34382487640399617f,0f,0f,0f,1f], start_interpolation: 0, interpolation_duration: 1 }
$data merge entity $(bone_ear_left1) { transformation: [-0.7071067811865475f,0.7024305294361224f,-0.08118713762714287f,0.21874999999999994f,0.7060997702476772f,0.7075556159732541f,-0.028074272223622847f,0.43111150478531024f,0.037724189271305206f,-0.07717772749179302f,-0.9963034095711132f,0.5705614749003833f,0f,0f,0f,1f], start_interpolation: 0, interpolation_duration: 1 }
$data merge entity $(bone_ear_right1) { transformation: [-0.7071067811865475f,-0.7024305294361224f,0.08118713762714312f,-0.21875000000000006f,-0.7060997702476772f,0.7075556159732541f,-0.028074272223622847f,0.43111150478531024f,-0.03772418927130537f,-0.07717772749179319f,-0.9963034095711132f,0.5705614749003832f,0f,0f,0f,1f], start_interpolation: 0, interpolation_duration: 1 }
$data merge entity $(bone_eyelid_left1) { transformation: [-1f,-6.53349803321217e-18f,1.2229027447049332e-16f,0.19437499999999994f,0f,0.9985758714727917f,0.053350060097009565f,0.2803168549280927f,-1.2246467991473532e-16f,0.053350060097009565f,-0.9985758714727917f,0.7571573077167653f,0f,0f,0f,1f], start_interpolation: 0, interpolation_duration: 1 }
$data merge entity $(bone_eye_left1) { transformation: [-1f,-6.53349803321217e-18f,1.2229027447049332e-16f,0.19593749999999993f,0f,0.9985758714727917f,0.053350060097009565f,0.28230914623484044f,-1.2246467991473532e-16f,0.053350060097009565f,-0.9985758714727917f,0.7198667400164531f,0f,0f,0f,1f], start_interpolation: 0, interpolation_duration: 1 }
$data merge entity $(bone_eyelid_right1) { transformation: [-1f,-6.53349803321217e-18f,1.2229027447049332e-16f,-0.18812500000000007f,0f,0.9985758714727917f,0.053350060097009565f,0.2823174821817306f,-1.2246467991473532e-16f,0.053350060097009565f,-0.9985758714727917f,0.7197107125365355f,0f,0f,0f,1f], start_interpolation: 0, interpolation_duration: 1 }
$data merge entity $(bone_eye_right1) { transformation: [-1f,-6.53349803321217e-18f,1.2229027447049332e-16f,-0.19593750000000004f,0f,0.9985758714727917f,0.053350060097009565f,0.28230914623484044f,-1.2246467991473532e-16f,0.053350060097009565f,-0.9985758714727917f,0.7198667400164531f,0f,0f,0f,1f], start_interpolation: 0, interpolation_duration: 1 }
$data merge entity $(bone_jaw1) { transformation: [-1f,-1.5479682290376247e-17f,1.2148241544687687e-16f,-7.882821512778313e-17f,0f,0.9919792019336322f,0.126401198297777f,0.10905340868187358f,-1.2246467991473532e-16f,0.126401198297777f,-0.9919792019336322f,0.7411225570212162f,0f,0f,0f,1f], start_interpolation: 0, interpolation_duration: 1 }
$data merge entity $(bone_head1) { transformation: [-1f,-6.53349803321217e-18f,1.2229027447049332e-16f,-4.163336342344337e-17f,0f,0.9985758714727917f,0.053350060097009565f,0.28175278237981277f,-1.2246467991473532e-16f,0.053350060097009565f,-0.9985758714727917f,0.4374035440761266f,0f,0f,0f,1f], start_interpolation: 0, interpolation_duration: 1 }
$data merge entity $(bone_torso1) { transformation: [-1f,8.384969517506429e-20f,1.224646512094294e-16f,-0.12499999999999996f,0f,0.9999997656033891f,-0.0006846847207982228f,0.140625f,-1.2246467991473532e-16f,-0.0006846847207982228f,-0.9999997656033891f,-0.296875f,0f,0f,0f,1f], start_interpolation: 0, interpolation_duration: 1 }