# This file was generated by Animated Java via MC-Build. It is not recommended to edit this file directly.
$data merge entity $(bone_eyelid_right) {transformation: [-0.9936f,0.1082f,0.0312f,-0.0847f,0.1102f,0.9912f,0.0728f,1.1945f,-0.023f,0.0758f,-0.9969f,0.1479f,0f,0f,0f,1f],start_interpolation: 0,interpolation_duration: 1}
$data merge entity $(bone_eye_right) {transformation: [-0.9936f,0.1082f,0.0312f,-0.0846f,0.1102f,0.9912f,0.0728f,1.1947f,-0.023f,0.0758f,-0.9969f,0.1464f,0f,0f,0f,1f],start_interpolation: 0,interpolation_duration: 1}
$data merge entity $(bone_eyelid_left) {transformation: [-0.9973f,-0.066f,0.0312f,-0.0842f,-0.0636f,0.9953f,0.0728f,1.1756f,-0.0359f,0.0706f,-0.9969f,0.145f,0f,0f,0f,1f],start_interpolation: 0,interpolation_duration: 1}
$data merge entity $(bone_eye_left) {transformation: [-0.9973f,-0.066f,0.0312f,0.134f,-0.0636f,0.9953f,0.0728f,1.1896f,-0.0359f,0.0706f,-0.9969f,0.1528f,0f,0f,0f,1f],start_interpolation: 0,interpolation_duration: 1}
$data merge entity $(bone_mouth_closed) {transformation: [-0.9993f,0.0211f,0.0312f,-0.0037f,0.0234f,0.9971f,0.0728f,1.0219f,-0.0296f,0.0735f,-0.9969f,-0.0838f,0f,0f,0f,1f],start_interpolation: 0,interpolation_duration: 1}
$data merge entity $(bone_mouth_open) {transformation: [-0.9993f,0.0211f,0.0312f,-0.0041f,0.0234f,0.9971f,0.0728f,0.9912f,-0.0296f,0.0735f,-0.9969f,-0.0923f,0f,0f,0f,1f],start_interpolation: 0,interpolation_duration: 1}
$data merge entity $(bone_head) {transformation: [-0.9993f,0.0211f,0.0312f,0.0269f,0.0234f,0.9971f,0.0728f,0.99f,-0.0296f,0.0735f,-0.9969f,-0.0852f,0f,0f,0f,1f],start_interpolation: 0,interpolation_duration: 1}
$data merge entity $(bone_neck) {transformation: [-0.9891f,-0.1384f,-0.0502f,0.0377f,-0.1361f,0.9897f,-0.0453f,0.9127f,0.0559f,-0.038f,-0.9977f,-0.0822f,0f,0f,0f,1f],start_interpolation: 0,interpolation_duration: 1}
$data merge entity $(bone_finger_left2) {transformation: [0.8918f,0.4525f,-0.0024f,0.4245f,0.4388f,-0.8661f,-0.2393f,0.2073f,-0.1104f,0.2123f,-0.9709f,0.0875f,0f,0f,0f,1f],start_interpolation: 0,interpolation_duration: 1}
$data merge entity $(bone_finger_left) {transformation: [0.2688f,0.9632f,-0.0024f,0.4581f,0.935f,-0.2616f,-0.2393f,0.3242f,-0.2311f,0.0621f,-0.9709f,0.0586f,0f,0f,0f,1f],start_interpolation: 0,interpolation_duration: 1}
$data merge entity $(bone_finger_left4) {transformation: [0.9978f,0.0127f,-0.0653f,0.3789f,-0.0064f,-0.9587f,-0.2845f,0.2105f,-0.0663f,0.2842f,-0.9565f,0.0001f,0f,0f,0f,1f],start_interpolation: 0,interpolation_duration: 1}
$data merge entity $(bone_finger_left3) {transformation: [0.6316f,0.7725f,-0.0653f,0.4579f,0.7303f,-0.6211f,-0.2845f,0.3018f,-0.2603f,0.132f,-0.9565f,-0.0324f,0f,0f,0f,1f],start_interpolation: 0,interpolation_duration: 1}
$data merge entity $(bone_thumb_left2) {transformation: [-0.4587f,0.7882f,0.4102f,0.394f,0.7136f,0.0516f,0.6987f,0.3625f,0.5295f,0.6132f,-0.5861f,0.1841f,0f,0f,0f,1f],start_interpolation: 0,interpolation_duration: 1}
$data merge entity $(bone_thumb_left) {transformation: [-0.4587f,0.8475f,0.2671f,0.4418f,0.7136f,0.1722f,0.6791f,0.425f,0.5295f,0.5021f,-0.6837f,0.0821f,0f,0f,0f,1f],start_interpolation: 0,interpolation_duration: 1}
$data merge entity $(bone_hand_left) {transformation: [-0.1754f,0.9845f,-0.0024f,0.369f,0.956f,0.1698f,-0.2393f,0.4517f,-0.2352f,-0.0443f,-0.9709f,-0.0209f,0f,0f,0f,1f],start_interpolation: 0,interpolation_duration: 1}
$data merge entity $(bone_arm_left2) {transformation: [-0.3429f,0.9357f,0.0833f,0.2885f,0.9136f,0.3528f,-0.2019f,0.6675f,-0.2183f,0.0068f,-0.9759f,-0.1364f,0f,0f,0f,1f],start_interpolation: 0,interpolation_duration: 1}
$data merge entity $(bone_arm_left) {transformation: [-0.3217f,0.9455f,-0.0498f,0.2112f,0.9048f,0.3225f,0.2781f,0.8764f,0.279f,0.0444f,-0.9593f,-0.0067f,0f,0f,0f,1f],start_interpolation: 0,interpolation_duration: 1}
$data merge entity $(bone_finger_right2) {transformation: [0.7042f,-0.1113f,0.7013f,-0.5475f,0.6673f,0.4412f,-0.6f,0.6238f,-0.2427f,0.8905f,0.3849f,0.0898f,0f,0f,0f,1f],start_interpolation: 0,interpolation_duration: 1}
$data merge entity $(bone_finger_right) {transformation: [-0.0804f,-0.7083f,0.7013f,-0.5375f,0.4699f,-0.6474f,-0.6f,0.5651f,0.879f,0.2813f,0.3849f,-0.0201f,0f,0f,0f,1f],start_interpolation: 0,interpolation_duration: 1}
$data merge entity $(bone_finger_right4) {transformation: [0.6748f,-0.2306f,0.701f,-0.4778f,0.7049f,0.4826f,-0.5198f,0.5899f,-0.2184f,0.8449f,0.4883f,0.111f,0f,0f,0f,1f],start_interpolation: 0,interpolation_duration: 1}
$data merge entity $(bone_finger_right3) {transformation: [-0.0481f,-0.7115f,0.701f,-0.4717f,0.6486f,-0.556f,-0.5198f,0.5088f,0.7596f,0.4297f,0.4883f,0.016f,0f,0f,0f,1f],start_interpolation: 0,interpolation_duration: 1}
$data merge entity $(bone_thumb_right2) {transformation: [-0.2961f,-0.5799f,-0.759f,-0.5395f,-0.4399f,0.7881f,-0.4305f,0.7393f,0.8479f,0.2064f,-0.4884f,-0.0906f,0f,0f,0f,1f],start_interpolation: 0,interpolation_duration: 1}
$data merge entity $(bone_thumb_right) {transformation: [-0.2961f,-0.9116f,0.2853f,-0.5131f,-0.4399f,-0.135f,-0.8879f,0.6146f,0.8479f,-0.3883f,-0.361f,-0.1092f,0f,0f,0f,1f],start_interpolation: 0,interpolation_duration: 1}
$data merge entity $(bone_hand_right) {transformation: [-0.6109f,-0.3674f,0.7013f,-0.3862f,-0.2276f,-0.7669f,-0.6f,0.6205f,0.7583f,-0.5262f,0.3849f,-0.0876f,0f,0f,0f,1f],start_interpolation: 0,interpolation_duration: 1}
$data merge entity $(bone_arm_right2) {transformation: [-0.6376f,-0.7157f,-0.2848f,-0.2238f,-0.4038f,0.6254f,-0.6677f,0.6944f,0.656f,-0.3107f,-0.6878f,-0.313f,0f,0f,0f,1f],start_interpolation: 0,interpolation_duration: 1}
$data merge entity $(bone_arm_right) {transformation: [-0.5188f,-0.7703f,0.3708f,-0.1172f,-0.8121f,0.5796f,0.0677f,0.8932f,-0.267f,-0.266f,-0.9263f,-0.1883f,0f,0f,0f,1f],start_interpolation: 0,interpolation_duration: 1}
$data merge entity $(bone_torso) {transformation: [-0.8593f,0.1049f,0.5006f,0f,-0.0047f,0.9771f,-0.2128f,0.5615f,-0.5114f,-0.1853f,-0.8391f,-0.0156f,0f,0f,0f,1f],start_interpolation: 0,interpolation_duration: 1}