# This file was generated by Animated Java via MC-Build. It is not recommended to edit this file directly.
$data merge entity $(bone_eyelid_right) {transformation: [-0.995f,0.095f,0.0299f,-0.0931f,0.0973f,0.9915f,0.087f,1.1831f,-0.0213f,0.0894f,-0.9958f,0.1605f,0f,0f,0f,1f],start_interpolation: 0,interpolation_duration: 1}
$data merge entity $(bone_eye_right) {transformation: [-0.995f,0.095f,0.0299f,-0.0931f,0.0973f,0.9915f,0.087f,1.1832f,-0.0213f,0.0894f,-0.9958f,0.159f,0f,0f,0f,1f],start_interpolation: 0,interpolation_duration: 1}
$data merge entity $(bone_eyelid_left) {transformation: [-0.9964f,-0.0792f,0.0299f,-0.0924f,-0.0764f,0.9933f,0.087f,1.1642f,-0.0365f,0.0844f,-0.9958f,0.1573f,0f,0f,0f,1f],start_interpolation: 0,interpolation_duration: 1}
$data merge entity $(bone_eye_left) {transformation: [-0.9964f,-0.0792f,0.0299f,0.1256f,-0.0764f,0.9933f,0.087f,1.1809f,-0.0365f,0.0844f,-0.9958f,0.1653f,0f,0f,0f,1f],start_interpolation: 0,interpolation_duration: 1}
$data merge entity $(bone_mouth_closed) {transformation: [-0.9995f,0.0079f,0.0299f,-0.0099f,0.0105f,0.9962f,0.087f,1.0147f,-0.0291f,0.0872f,-0.9958f,-0.0736f,0f,0f,0f,1f],start_interpolation: 0,interpolation_duration: 1}
$data merge entity $(bone_mouth_open) {transformation: [-0.9995f,0.0079f,0.0299f,-0.01f,0.0105f,0.9962f,0.087f,0.9841f,-0.0291f,0.0872f,-0.9958f,-0.0825f,0f,0f,0f,1f],start_interpolation: 0,interpolation_duration: 1}
$data merge entity $(bone_head) {transformation: [-0.9995f,0.0079f,0.0299f,0.0211f,0.0105f,0.9962f,0.087f,0.9832f,-0.0291f,0.0872f,-0.9958f,-0.0754f,0f,0f,0f,1f],start_interpolation: 0,interpolation_duration: 1}
$data merge entity $(bone_neck) {transformation: [-0.9872f,-0.1518f,-0.0498f,0.0329f,-0.1508f,0.9883f,-0.0232f,0.906f,0.0528f,-0.0154f,-0.9985f,-0.0742f,0f,0f,0f,1f],start_interpolation: 0,interpolation_duration: 1}
$data merge entity $(bone_finger_left2) {transformation: [0.8992f,0.4374f,0.0054f,0.4206f,0.4258f,-0.8724f,-0.2401f,0.2049f,-0.1003f,0.2182f,-0.9707f,0.0938f,0f,0f,0f,1f],start_interpolation: 0,interpolation_duration: 1}
$data merge entity $(bone_finger_left) {transformation: [0.285f,0.9585f,0.0054f,0.4562f,0.9309f,-0.2755f,-0.2401f,0.3213f,-0.2286f,0.0734f,-0.9707f,0.0652f,0f,0f,0f,1f],start_interpolation: 0,interpolation_duration: 1}
$data merge entity $(bone_finger_left4) {transformation: [0.9975f,-0.0367f,-0.0598f,0.3731f,-0.0522f,-0.9579f,-0.2823f,0.2112f,-0.0469f,0.2847f,-0.9575f,0.0053f,0f,0f,0f,1f],start_interpolation: 0,interpolation_duration: 1}
$data merge entity $(bone_finger_left3) {transformation: [0.6694f,0.7405f,-0.0598f,0.4567f,0.7002f,-0.6557f,-0.2823f,0.2987f,-0.2483f,0.1471f,-0.9575f,-0.0258f,0f,0f,0f,1f],start_interpolation: 0,interpolation_duration: 1}
$data merge entity $(bone_thumb_left2) {transformation: [-0.4664f,0.7839f,0.4099f,0.3911f,0.7113f,0.0568f,0.7006f,0.3592f,0.5259f,0.6183f,-0.584f,0.1903f,0f,0f,0f,1f],start_interpolation: 0,interpolation_duration: 1}
$data merge entity $(bone_thumb_left) {transformation: [-0.4664f,0.8431f,0.2676f,0.4391f,0.7113f,0.1776f,0.6801f,0.422f,0.5259f,0.5075f,-0.6825f,0.0885f,0f,0f,0f,1f],start_interpolation: 0,interpolation_duration: 1}
$data merge entity $(bone_hand_left) {transformation: [-0.1796f,0.9837f,0.0054f,0.3669f,0.9547f,0.1756f,-0.2401f,0.4482f,-0.2371f,-0.038f,-0.9707f,-0.015f,0f,0f,0f,1f],start_interpolation: 0,interpolation_duration: 1}
$data merge entity $(bone_arm_left2) {transformation: [-0.3469f,0.9335f,0.0909f,0.2859f,0.9114f,0.3584f,-0.2022f,0.6634f,-0.2213f,0.0127f,-0.9751f,-0.1312f,0f,0f,0f,1f],start_interpolation: 0,interpolation_duration: 1}
$data merge entity $(bone_arm_left) {transformation: [-0.3283f,0.9433f,-0.0495f,0.2069f,0.8997f,0.3283f,0.2876f,0.8704f,0.2875f,0.0499f,-0.9565f,0.0004f,0f,0f,0f,1f],start_interpolation: 0,interpolation_duration: 1}
$data merge entity $(bone_finger_right2) {transformation: [0.6993f,-0.119f,0.7048f,-0.5491f,0.6783f,0.4216f,-0.6018f,0.6066f,-0.2255f,0.8989f,0.3756f,0.0905f,0f,0f,0f,1f],start_interpolation: 0,interpolation_duration: 1}
$data merge entity $(bone_finger_right) {transformation: [-0.0884f,-0.7039f,0.7048f,-0.5381f,0.4508f,-0.6592f,-0.6018f,0.5502f,0.8882f,0.2645f,0.3756f,-0.0206f,0f,0f,0f,1f],start_interpolation: 0,interpolation_duration: 1}
$data merge entity $(bone_finger_right4) {transformation: [0.6696f,-0.2386f,0.7034f,-0.4791f,0.7151f,0.4629f,-0.5238f,0.5728f,-0.2006f,0.8537f,0.4805f,0.1112f,0f,0f,0f,1f],start_interpolation: 0,interpolation_duration: 1}
$data merge entity $(bone_finger_right3) {transformation: [-0.0571f,-0.7085f,0.7034f,-0.472f,0.6322f,-0.571f,-0.5238f,0.4938f,0.7727f,0.4147f,0.4805f,0.0146f,0f,0f,0f,1f],start_interpolation: 0,interpolation_duration: 1}
$data merge entity $(bone_thumb_right2) {transformation: [-0.2959f,-0.5876f,-0.7531f,-0.5413f,-0.46f,0.7786f,-0.4268f,0.7258f,0.8372f,0.2201f,-0.5007f,-0.0874f,0f,0f,0f,1f],start_interpolation: 0,interpolation_duration: 1}
$data merge entity $(bone_thumb_right) {transformation: [-0.2959f,-0.9086f,0.2946f,-0.5137f,-0.46f,-0.1348f,-0.8776f,0.6018f,0.8372f,-0.3952f,-0.3781f,-0.1085f,0f,0f,0f,1f],start_interpolation: 0,interpolation_duration: 1}
$data merge entity $(bone_hand_right) {transformation: [-0.6122f,-0.3583f,0.7048f,-0.387f,-0.2486f,-0.759f,-0.6018f,0.6083f,0.7506f,-0.5437f,0.3756f,-0.0863f,0f,0f,0f,1f],start_interpolation: 0,interpolation_duration: 1}
$data merge entity $(bone_arm_right2) {transformation: [-0.6319f,-0.7242f,-0.276f,-0.2256f,-0.4273f,0.6226f,-0.6556f,0.6896f,0.6466f,-0.2964f,-0.7029f,-0.3099f,0f,0f,0f,1f],start_interpolation: 0,interpolation_duration: 1}
$data merge entity $(bone_arm_right) {transformation: [-0.5078f,-0.7782f,0.3696f,-0.1218f,-0.8128f,0.575f,0.0938f,0.8869f,-0.2855f,-0.2528f,-0.9245f,-0.1807f,0f,0f,0f,1f],start_interpolation: 0,interpolation_duration: 1}
$data merge entity $(bone_torso) {transformation: [-0.8593f,0.0916f,0.5032f,0f,-0.0047f,0.9824f,-0.1869f,0.553f,-0.5114f,-0.1629f,-0.8437f,-0.0156f,0f,0f,0f,1f],start_interpolation: 0,interpolation_duration: 1}