# This file was generated by Animated Java via MC-Build. It is not recommended to edit this file directly.
$data merge entity $(bone_eyelid_right) {transformation: [-0.9951f,0.0938f,0.0297f,-0.0939f,0.0961f,0.9913f,0.0898f,1.1818f,-0.0211f,0.0922f,-0.9955f,0.1619f,0f,0f,0f,1f],start_interpolation: 0,interpolation_duration: 1}
$data merge entity $(bone_eye_right) {transformation: [-0.9951f,0.0938f,0.0297f,-0.0938f,0.0961f,0.9913f,0.0898f,1.182f,-0.0211f,0.0922f,-0.9955f,0.1604f,0f,0f,0f,1f],start_interpolation: 0,interpolation_duration: 1}
$data merge entity $(bone_eyelid_left) {transformation: [-0.9963f,-0.0804f,0.0297f,-0.0931f,-0.0775f,0.9929f,0.0898f,1.163f,-0.0368f,0.0872f,-0.9955f,0.1587f,0f,0f,0f,1f],start_interpolation: 0,interpolation_duration: 1}
$data merge entity $(bone_eye_left) {transformation: [-0.9963f,-0.0804f,0.0297f,0.1248f,-0.0775f,0.9929f,0.0898f,1.1799f,-0.0368f,0.0872f,-0.9955f,0.1667f,0f,0f,0f,1f],start_interpolation: 0,interpolation_duration: 1}
$data merge entity $(bone_mouth_closed) {transformation: [-0.9995f,0.0067f,0.0297f,-0.0105f,0.0093f,0.9959f,0.0898f,1.0142f,-0.029f,0.0901f,-0.9955f,-0.0726f,0f,0f,0f,1f],start_interpolation: 0,interpolation_duration: 1}
$data merge entity $(bone_mouth_open) {transformation: [-0.9995f,0.0067f,0.0297f,-0.0105f,0.0093f,0.9959f,0.0898f,0.9836f,-0.029f,0.0901f,-0.9955f,-0.0817f,0f,0f,0f,1f],start_interpolation: 0,interpolation_duration: 1}
$data merge entity $(bone_head) {transformation: [-0.9995f,0.0067f,0.0297f,0.0205f,0.0093f,0.9959f,0.0898f,0.9828f,-0.029f,0.0901f,-0.9955f,-0.0745f,0f,0f,0f,1f],start_interpolation: 0,interpolation_duration: 1}
$data merge entity $(bone_neck) {transformation: [-0.987f,-0.153f,-0.0498f,0.0325f,-0.1521f,0.9881f,-0.0213f,0.9056f,0.0525f,-0.0134f,-0.9985f,-0.0735f,0f,0f,0f,1f],start_interpolation: 0,interpolation_duration: 1}
$data merge entity $(bone_finger_left2) {transformation: [0.8978f,0.4404f,0.0059f,0.4214f,0.429f,-0.8713f,-0.2384f,0.2047f,-0.0998f,0.2165f,-0.9712f,0.0931f,0f,0f,0f,1f],start_interpolation: 0,interpolation_duration: 1}
$data merge entity $(bone_finger_left) {transformation: [0.2818f,0.9594f,0.0059f,0.4566f,0.9322f,-0.2724f,-0.2384f,0.3212f,-0.2271f,0.0727f,-0.9712f,0.0648f,0f,0f,0f,1f],start_interpolation: 0,interpolation_duration: 1}
$data merge entity $(bone_finger_left4) {transformation: [0.9975f,-0.0387f,-0.0594f,0.3733f,-0.0538f,-0.9584f,-0.2805f,0.2114f,-0.046f,0.283f,-0.958f,0.0045f,0f,0f,0f,1f],start_interpolation: 0,interpolation_duration: 1}
$data merge entity $(bone_finger_left3) {transformation: [0.6708f,0.7393f,-0.0594f,0.4571f,0.6995f,-0.6573f,-0.2805f,0.2989f,-0.2464f,0.1466f,-0.958f,-0.0263f,0f,0f,0f,1f],start_interpolation: 0,interpolation_duration: 1}
$data merge entity $(bone_thumb_left2) {transformation: [-0.4675f,0.7837f,0.409f,0.3914f,0.7096f,0.0568f,0.7023f,0.3589f,0.5271f,0.6186f,-0.5827f,0.1898f,0f,0f,0f,1f],start_interpolation: 0,interpolation_duration: 1}
$data merge entity $(bone_thumb_left) {transformation: [-0.4675f,0.8428f,0.2667f,0.4394f,0.7096f,0.1779f,0.6817f,0.4219f,0.5271f,0.508f,-0.6813f,0.0882f,0f,0f,0f,1f],start_interpolation: 0,interpolation_duration: 1}
$data merge entity $(bone_hand_left) {transformation: [-0.1809f,0.9835f,0.0059f,0.3671f,0.9549f,0.1771f,-0.2384f,0.4482f,-0.2355f,-0.0375f,-0.9712f,-0.0152f,0f,0f,0f,1f],start_interpolation: 0,interpolation_duration: 1}
$data merge entity $(bone_arm_left2) {transformation: [-0.3482f,0.933f,0.0914f,0.2858f,0.9113f,0.3597f,-0.2004f,0.6635f,-0.2198f,0.0135f,-0.9755f,-0.1311f,0f,0f,0f,1f],start_interpolation: 0,interpolation_duration: 1}
$data merge entity $(bone_arm_left) {transformation: [-0.3296f,0.9428f,-0.0501f,0.2065f,0.8985f,0.3296f,0.29f,0.87f,0.2899f,0.0506f,-0.9557f,0.0011f,0f,0f,0f,1f],start_interpolation: 0,interpolation_duration: 1}
$data merge entity $(bone_finger_right2) {transformation: [0.6963f,-0.1176f,0.708f,-0.5484f,0.6811f,0.4193f,-0.6002f,0.605f,-0.2263f,0.9002f,0.3721f,0.0913f,0f,0f,0f,1f],start_interpolation: 0,interpolation_duration: 1}
$data merge entity $(bone_finger_right) {transformation: [-0.0871f,-0.7008f,0.708f,-0.5376f,0.4486f,-0.6622f,-0.6002f,0.5489f,0.8895f,0.2654f,0.3721f,-0.0199f,0f,0f,0f,1f],start_interpolation: 0,interpolation_duration: 1}
$data merge entity $(bone_finger_right4) {transformation: [0.6665f,-0.2374f,0.7067f,-0.4783f,0.7178f,0.4603f,-0.5224f,0.5714f,-0.2012f,0.8554f,0.4772f,0.1118f,0f,0f,0f,1f],start_interpolation: 0,interpolation_duration: 1}
$data merge entity $(bone_finger_right3) {transformation: [-0.0568f,-0.7053f,0.7067f,-0.4712f,0.6304f,-0.5742f,-0.5224f,0.4926f,0.7742f,0.4158f,0.4772f,0.015f,0f,0f,0f,1f],start_interpolation: 0,interpolation_duration: 1}
$data merge entity $(bone_thumb_right2) {transformation: [-0.2917f,-0.5896f,-0.7532f,-0.5416f,-0.4627f,0.7761f,-0.4283f,0.7246f,0.8371f,0.2236f,-0.4992f,-0.0864f,0f,0f,0f,1f],start_interpolation: 0,interpolation_duration: 1}
$data merge entity $(bone_thumb_right) {transformation: [-0.2917f,-0.9094f,0.2964f,-0.5137f,-0.4627f,-0.137f,-0.8758f,0.6007f,0.8371f,-0.3926f,-0.3809f,-0.1078f,0f,0f,0f,1f],start_interpolation: 0,interpolation_duration: 1}
$data merge entity $(bone_hand_right) {transformation: [-0.609f,-0.3575f,0.708f,-0.3869f,-0.2522f,-0.759f,-0.6002f,0.6076f,0.752f,-0.5441f,0.3721f,-0.0859f,0f,0f,0f,1f],start_interpolation: 0,interpolation_duration: 1}
$data merge entity $(bone_arm_right2) {transformation: [-0.6309f,-0.7251f,-0.276f,-0.2258f,-0.4286f,0.6223f,-0.6551f,0.6893f,0.6467f,-0.295f,-0.7034f,-0.3096f,0f,0f,0f,1f],start_interpolation: 0,interpolation_duration: 1}
$data merge entity $(bone_arm_right) {transformation: [-0.5069f,-0.7788f,0.3694f,-0.1222f,-0.8128f,0.5745f,0.0961f,0.8865f,-0.2871f,-0.2516f,-0.9243f,-0.18f,0f,0f,0f,1f],start_interpolation: 0,interpolation_duration: 1}
$data merge entity $(bone_torso) {transformation: [-0.8593f,0.0904f,0.5034f,0f,-0.0047f,0.9828f,-0.1846f,0.5524f,-0.5114f,-0.161f,-0.8441f,-0.0156f,0f,0f,0f,1f],start_interpolation: 0,interpolation_duration: 1}