# This file was generated by Animated Java via MC-Build. It is not recommended to edit this file directly.
$data merge entity $(bone_eyelid_right) {transformation: [-0.9955f,0.0905f,0.0294f,-0.0959f,0.093f,0.9907f,0.0996f,1.1781f,-0.0201f,0.1019f,-0.9946f,0.1662f,0f,0f,0f,1f],start_interpolation: 0,interpolation_duration: 1}
$data merge entity $(bone_eye_right) {transformation: [-0.9955f,0.0905f,0.0294f,-0.0959f,0.093f,0.9907f,0.0996f,1.1782f,-0.0201f,0.1019f,-0.9946f,0.1646f,0f,0f,0f,1f],start_interpolation: 0,interpolation_duration: 1}
$data merge entity $(bone_eyelid_left) {transformation: [-0.9961f,-0.0837f,0.0294f,-0.0951f,-0.0804f,0.9918f,0.0996f,1.1592f,-0.0375f,0.0968f,-0.9946f,0.1627f,0f,0f,0f,1f],start_interpolation: 0,interpolation_duration: 1}
$data merge entity $(bone_eye_left) {transformation: [-0.9961f,-0.0837f,0.0294f,0.1228f,-0.0804f,0.9918f,0.0996f,1.1768f,-0.0375f,0.0968f,-0.9946f,0.1709f,0f,0f,0f,1f],start_interpolation: 0,interpolation_duration: 1}
$data merge entity $(bone_mouth_closed) {transformation: [-0.9996f,0.0034f,0.0294f,-0.012f,0.0063f,0.995f,0.0996f,1.013f,-0.0289f,0.0997f,-0.9946f,-0.07f,0f,0f,0f,1f],start_interpolation: 0,interpolation_duration: 1}
$data merge entity $(bone_mouth_open) {transformation: [-0.9996f,0.0034f,0.0294f,-0.0119f,0.0063f,0.995f,0.0996f,0.9825f,-0.0289f,0.0997f,-0.9946f,-0.0793f,0f,0f,0f,1f],start_interpolation: 0,interpolation_duration: 1}
$data merge entity $(bone_head) {transformation: [-0.9996f,0.0034f,0.0294f,0.0192f,0.0063f,0.995f,0.0996f,0.9817f,-0.0289f,0.0997f,-0.9946f,-0.0722f,0f,0f,0f,1f],start_interpolation: 0,interpolation_duration: 1}
$data merge entity $(bone_neck) {transformation: [-0.9865f,-0.1561f,-0.0498f,0.0314f,-0.1555f,0.9877f,-0.0161f,0.9046f,0.0517f,-0.0082f,-0.9986f,-0.0716f,0f,0f,0f,1f],start_interpolation: 0,interpolation_duration: 1}
$data merge entity $(bone_finger_left2) {transformation: [0.891f,0.4539f,0.0071f,0.4249f,0.4431f,-0.8661f,-0.2314f,0.2042f,-0.0988f,0.2093f,-0.9728f,0.0897f,0f,0f,0f,1f],start_interpolation: 0,interpolation_duration: 1}
$data merge entity $(bone_finger_left) {transformation: [0.2673f,0.9636f,0.0071f,0.4583f,0.9379f,-0.2585f,-0.2314f,0.3214f,-0.2211f,0.0685f,-0.9728f,0.0621f,0f,0f,0f,1f],start_interpolation: 0,interpolation_duration: 1}
$data merge entity $(bone_finger_left4) {transformation: [0.9975f,-0.0405f,-0.0582f,0.3749f,-0.055f,-0.9603f,-0.2735f,0.2122f,-0.0448f,0.276f,-0.9601f,0.0009f,0f,0f,0f,1f],start_interpolation: 0,interpolation_duration: 1}
$data merge entity $(bone_finger_left3) {transformation: [0.6722f,0.7381f,-0.0582f,0.459f,0.7003f,-0.6594f,-0.2735f,0.2997f,-0.2402f,0.1431f,-0.9601f,-0.0291f,0f,0f,0f,1f],start_interpolation: 0,interpolation_duration: 1}
$data merge entity $(bone_thumb_left2) {transformation: [-0.4711f,0.7834f,0.4054f,0.3929f,0.7035f,0.0564f,0.7085f,0.3579f,0.5321f,0.619f,-0.5776f,0.1874f,0f,0f,0f,1f],start_interpolation: 0,interpolation_duration: 1}
$data merge entity $(bone_thumb_left) {transformation: [-0.4711f,0.8419f,0.2633f,0.4406f,0.7035f,0.1786f,0.6879f,0.4219f,0.5321f,0.5093f,-0.6764f,0.0863f,0f,0f,0f,1f],start_interpolation: 0,interpolation_duration: 1}
$data merge entity $(bone_hand_left) {transformation: [-0.1857f,0.9826f,0.0071f,0.3682f,0.9556f,0.1823f,-0.2314f,0.4485f,-0.2286f,-0.0362f,-0.9728f,-0.017f,0f,0f,0f,1f],start_interpolation: 0,interpolation_duration: 1}
$data merge entity $(bone_arm_left2) {transformation: [-0.3528f,0.9311f,0.0924f,0.2858f,0.9111f,0.3643f,-0.1929f,0.6642f,-0.2133f,0.0161f,-0.9769f,-0.1314f,0f,0f,0f,1f],start_interpolation: 0,interpolation_duration: 1}
$data merge entity $(bone_arm_left) {transformation: [-0.3341f,0.9411f,-0.0523f,0.2055f,0.8941f,0.334f,0.2983f,0.8691f,0.2982f,0.0529f,-0.953f,0.0028f,0f,0f,0f,1f],start_interpolation: 0,interpolation_duration: 1}
$data merge entity $(bone_finger_right2) {transformation: [0.6964f,-0.1223f,0.7072f,-0.5499f,0.6836f,0.4131f,-0.6017f,0.6007f,-0.2186f,0.9024f,0.3713f,0.0903f,0f,0f,0f,1f],start_interpolation: 0,interpolation_duration: 1}
$data merge entity $(bone_finger_right) {transformation: [-0.0918f,-0.7011f,0.7072f,-0.5384f,0.4426f,-0.6649f,-0.6017f,0.5454f,0.892f,0.2577f,0.3713f,-0.0212f,0f,0f,0f,1f],start_interpolation: 0,interpolation_duration: 1}
$data merge entity $(bone_finger_right4) {transformation: [0.6664f,-0.242f,0.7052f,-0.4798f,0.72f,0.4542f,-0.5246f,0.5671f,-0.1934f,0.8574f,0.477f,0.1109f,0f,0f,0f,1f],start_interpolation: 0,interpolation_duration: 1}
$data merge entity $(bone_finger_right3) {transformation: [-0.0612f,-0.7064f,0.7052f,-0.4721f,0.6251f,-0.5779f,-0.5246f,0.4889f,0.7781f,0.4087f,0.477f,0.0136f,0f,0f,0f,1f],start_interpolation: 0,interpolation_duration: 1}
$data merge entity $(bone_thumb_right2) {transformation: [-0.2949f,-0.5917f,-0.7503f,-0.5424f,-0.4687f,0.7738f,-0.426f,0.7215f,0.8327f,0.226f,-0.5055f,-0.0866f,0f,0f,0f,1f],start_interpolation: 0,interpolation_duration: 1}
$data merge entity $(bone_thumb_right) {transformation: [-0.2949f,-0.9074f,0.2994f,-0.5142f,-0.4687f,-0.1357f,-0.8729f,0.5978f,0.8327f,-0.3977f,-0.3853f,-0.1087f,0f,0f,0f,1f],start_interpolation: 0,interpolation_duration: 1}
$data merge entity $(bone_hand_right) {transformation: [-0.6121f,-0.354f,0.7072f,-0.3875f,-0.2581f,-0.7559f,-0.6017f,0.6047f,0.7475f,-0.5508f,0.3713f,-0.0862f,0f,0f,0f,1f],start_interpolation: 0,interpolation_duration: 1}
$data merge entity $(bone_arm_right2) {transformation: [-0.6308f,-0.7268f,-0.2718f,-0.2262f,-0.4359f,0.6217f,-0.6507f,0.6887f,0.642f,-0.292f,-0.709f,-0.3088f,0f,0f,0f,1f],start_interpolation: 0,interpolation_duration: 1}
$data merge entity $(bone_arm_right) {transformation: [-0.5043f,-0.7807f,0.3691f,-0.1232f,-0.8129f,0.5734f,0.1022f,0.8855f,-0.2914f,-0.2485f,-0.9238f,-0.1782f,0f,0f,0f,1f],start_interpolation: 0,interpolation_duration: 1}
$data merge entity $(bone_torso) {transformation: [-0.8593f,0.0873f,0.5039f,0f,-0.0047f,0.9839f,-0.1785f,0.551f,-0.5114f,-0.1557f,-0.8451f,-0.0156f,0f,0f,0f,1f],start_interpolation: 0,interpolation_duration: 1}