# This file was generated by Animated Java via MC-Build. It is not recommended to edit this file directly.
$data merge entity $(bone_eyelid_right) {transformation: [-0.996f,0.0851f,0.0289f,-0.099f,0.0882f,0.987f,0.1342f,1.1692f,-0.0171f,0.1362f,-0.9905f,0.1762f,0f,0f,0f,1f],start_interpolation: 0,interpolation_duration: 1}
$data merge entity $(bone_eye_right) {transformation: [-0.996f,0.0851f,0.0289f,-0.0989f,0.0882f,0.987f,0.1342f,1.1694f,-0.0171f,0.1362f,-0.9905f,0.1747f,0f,0f,0f,1f],start_interpolation: 0,interpolation_duration: 1}
$data merge entity $(bone_eyelid_left) {transformation: [-0.9956f,-0.0891f,0.0289f,-0.0981f,-0.0845f,0.9874f,0.1342f,1.1505f,-0.0405f,0.1311f,-0.9905f,0.1721f,0f,0f,0f,1f],start_interpolation: 0,interpolation_duration: 1}
$data merge entity $(bone_eye_left) {transformation: [-0.9956f,-0.0891f,0.0289f,0.1197f,-0.0845f,0.9874f,0.1342f,1.169f,-0.0405f,0.1311f,-0.9905f,0.181f,0f,0f,0f,1f],start_interpolation: 0,interpolation_duration: 1}
$data merge entity $(bone_mouth_closed) {transformation: [-0.9996f,-0.002f,0.0289f,-0.0141f,0.0019f,0.991f,0.1342f,1.0129f,-0.0289f,0.1342f,-0.9905f,-0.0655f,0f,0f,0f,1f],start_interpolation: 0,interpolation_duration: 1}
$data merge entity $(bone_mouth_open) {transformation: [-0.9996f,-0.002f,0.0289f,-0.0139f,0.0019f,0.991f,0.1342f,0.9828f,-0.0289f,0.1342f,-0.9905f,-0.0759f,0f,0f,0f,1f],start_interpolation: 0,interpolation_duration: 1}
$data merge entity $(bone_head) {transformation: [-0.9996f,-0.002f,0.0289f,0.0172f,0.0019f,0.991f,0.1342f,0.9819f,-0.0289f,0.1342f,-0.9905f,-0.0688f,0f,0f,0f,1f],start_interpolation: 0,interpolation_duration: 1}
$data merge entity $(bone_neck) {transformation: [-0.9857f,-0.1607f,-0.0498f,0.0297f,-0.1605f,0.987f,-0.0085f,0.9048f,0.0505f,-0.0004f,-0.9987f,-0.0688f,0f,0f,0f,1f],start_interpolation: 0,interpolation_duration: 1}
$data merge entity $(bone_finger_left2) {transformation: [0.8527f,0.5224f,0.0071f,0.4416f,0.5125f,-0.8338f,-0.205f,0.2044f,-0.1012f,0.1784f,-0.9787f,0.0739f,0f,0f,0f,1f],start_interpolation: 0,interpolation_duration: 1}
$data merge entity $(bone_finger_left) {transformation: [0.1909f,0.9816f,0.0071f,0.4654f,0.961f,-0.1854f,-0.205f,0.3246f,-0.1999f,0.0459f,-0.9787f,0.0489f,0f,0f,0f,1f],start_interpolation: 0,interpolation_duration: 1}
$data merge entity $(bone_finger_left4) {transformation: [0.9982f,-0.0165f,-0.0572f,0.3843f,-0.0303f,-0.968f,-0.249f,0.2151f,-0.0513f,0.2503f,-0.9668f,-0.0148f,0f,0f,0f,1f],start_interpolation: 0,interpolation_duration: 1}
$data merge entity $(bone_finger_left3) {transformation: [0.6543f,0.7541f,-0.0572f,0.4661f,0.7221f,-0.6454f,-0.249f,0.3053f,-0.2247f,0.1216f,-0.9668f,-0.0429f,0f,0f,0f,1f],start_interpolation: 0,interpolation_duration: 1}
$data merge entity $(bone_thumb_left2) {transformation: [-0.48f,0.7847f,0.3923f,0.4f,0.6815f,0.0519f,0.73f,0.3566f,0.5524f,0.6177f,-0.5597f,0.1754f,0f,0f,0f,1f],start_interpolation: 0,interpolation_duration: 1}
$data merge entity $(bone_thumb_left) {transformation: [-0.48f,0.8409f,0.2501f,0.4462f,0.6815f,0.1779f,0.7099f,0.424f,0.5524f,0.5111f,-0.6585f,0.0758f,0f,0f,0f,1f],start_interpolation: 0,interpolation_duration: 1}
$data merge entity $(bone_hand_left) {transformation: [-0.2013f,0.9795f,0.0071f,0.3731f,0.9584f,0.1985f,-0.205f,0.4523f,-0.2022f,-0.0345f,-0.9787f,-0.0264f,0f,0f,0f,1f],start_interpolation: 0,interpolation_duration: 1}
$data merge entity $(bone_arm_left2) {transformation: [-0.3676f,0.9254f,0.0917f,0.2869f,0.9109f,0.3782f,-0.1651f,0.6697f,-0.1875f,0.0228f,-0.982f,-0.1347f,0f,0f,0f,1f],start_interpolation: 0,interpolation_duration: 1}
$data merge entity $(bone_arm_left) {transformation: [-0.3467f,0.936f,-0.0606f,0.204f,0.8803f,0.3471f,0.3234f,0.8696f,0.3237f,0.0587f,-0.9443f,0.0053f,0f,0f,0f,1f],start_interpolation: 0,interpolation_duration: 1}
$data merge entity $(bone_finger_right2) {transformation: [0.6909f,-0.1217f,0.7126f,-0.5492f,0.6899f,0.4056f,-0.5996f,0.597f,-0.2161f,0.9059f,0.3642f,0.0916f,0f,0f,0f,1f],start_interpolation: 0,interpolation_duration: 1}
$data merge entity $(bone_finger_right) {transformation: [-0.0914f,-0.6956f,0.7126f,-0.5377f,0.4353f,-0.6715f,-0.5996f,0.5426f,0.8956f,0.2554f,0.3642f,-0.0203f,0f,0f,0f,1f],start_interpolation: 0,interpolation_duration: 1}
$data merge entity $(bone_finger_right4) {transformation: [0.6608f,-0.2418f,0.7105f,-0.4787f,0.7259f,0.4462f,-0.5233f,0.5638f,-0.1905f,0.8616f,0.4704f,0.1117f,0f,0f,0f,1f],start_interpolation: 0,interpolation_duration: 1}
$data merge entity $(bone_finger_right3) {transformation: [-0.0625f,-0.7009f,0.7105f,-0.4709f,0.6189f,-0.5857f,-0.5233f,0.4864f,0.783f,0.407f,0.4704f,0.0138f,0f,0f,0f,1f],start_interpolation: 0,interpolation_duration: 1}
$data merge entity $(bone_thumb_right2) {transformation: [-0.2886f,-0.596f,-0.7493f,-0.5431f,-0.4768f,0.7681f,-0.4274f,0.7192f,0.8303f,0.234f,-0.5058f,-0.0843f,0f,0f,0f,1f],start_interpolation: 0,interpolation_duration: 1}
$data merge entity $(bone_thumb_right) {transformation: [-0.2886f,-0.908f,0.3038f,-0.5142f,-0.4768f,-0.1389f,-0.868f,0.5958f,0.8303f,-0.3953f,-0.3929f,-0.1075f,0f,0f,0f,1f],start_interpolation: 0,interpolation_duration: 1}
$data merge entity $(bone_hand_right) {transformation: [-0.6075f,-0.3509f,0.7126f,-0.3875f,-0.2677f,-0.7542f,-0.5996f,0.6035f,0.7478f,-0.5551f,0.3642f,-0.0854f,0f,0f,0f,1f],start_interpolation: 0,interpolation_duration: 1}
$data merge entity $(bone_arm_right2) {transformation: [-0.6279f,-0.7299f,-0.2701f,-0.2269f,-0.4427f,0.6204f,-0.6473f,0.6896f,0.6401f,-0.2869f,-0.7128f,-0.3077f,0f,0f,0f,1f],start_interpolation: 0,interpolation_duration: 1}
$data merge entity $(bone_arm_right) {transformation: [-0.5005f,-0.7834f,0.3686f,-0.1248f,-0.8129f,0.5717f,0.1112f,0.8859f,-0.2978f,-0.244f,-0.9229f,-0.1756f,0f,0f,0f,1f],start_interpolation: 0,interpolation_duration: 1}
$data merge entity $(bone_torso) {transformation: [-0.8593f,0.0827f,0.5047f,0f,-0.0047f,0.9855f,-0.1694f,0.5506f,-0.5114f,-0.148f,-0.8465f,-0.0156f,0f,0f,0f,1f],start_interpolation: 0,interpolation_duration: 1}