# This file was generated by Animated Java via MC-Build. It is not recommended to edit this file directly.
$data merge entity $(bone_eyelid_right) {transformation: [-0.995f,0.0949f,0.0309f,-0.0922f,0.0988f,0.9799f,0.1733f,1.171f,-0.0139f,0.1755f,-0.9844f,0.175f,0f,0f,0f,1f],start_interpolation: 0,interpolation_duration: 1}
$data merge entity $(bone_eye_right) {transformation: [-0.995f,0.0949f,0.0309f,-0.0922f,0.0988f,0.9799f,0.1733f,1.1712f,-0.0139f,0.1755f,-0.9844f,0.1734f,0f,0f,0f,1f],start_interpolation: 0,interpolation_duration: 1}
$data merge entity $(bone_eyelid_left) {transformation: [-0.9964f,-0.0794f,0.0309f,-0.0915f,-0.0728f,0.9822f,0.1733f,1.1525f,-0.0442f,0.1705f,-0.9844f,0.1701f,0f,0f,0f,1f],start_interpolation: 0,interpolation_duration: 1}
$data merge entity $(bone_eye_left) {transformation: [-0.9964f,-0.0794f,0.0309f,0.1264f,-0.0728f,0.9822f,0.1733f,1.1684f,-0.0442f,0.1705f,-0.9844f,0.1798f,0f,0f,0f,1f],start_interpolation: 0,interpolation_duration: 1}
$data merge entity $(bone_mouth_closed) {transformation: [-0.9995f,0.0078f,0.0309f,-0.0088f,0.013f,0.9848f,0.1733f,1.0236f,-0.0291f,0.1737f,-0.9844f,-0.0728f,0f,0f,0f,1f],start_interpolation: 0,interpolation_duration: 1}
$data merge entity $(bone_mouth_open) {transformation: [-0.9995f,0.0078f,0.0309f,-0.0088f,0.013f,0.9848f,0.1733f,0.9939f,-0.0291f,0.1737f,-0.9844f,-0.0844f,0f,0f,0f,1f],start_interpolation: 0,interpolation_duration: 1}
$data merge entity $(bone_head) {transformation: [-0.9995f,0.0078f,0.0309f,0.0222f,0.013f,0.9848f,0.1733f,0.9924f,-0.0291f,0.1737f,-0.9844f,-0.0773f,0f,0f,0f,1f],start_interpolation: 0,interpolation_duration: 1}
$data merge entity $(bone_neck) {transformation: [-0.9876f,-0.1491f,-0.0499f,0.0339f,-0.1479f,0.9886f,-0.0276f,0.9152f,0.0534f,-0.0199f,-0.9984f,-0.0758f,0f,0f,0f,1f],start_interpolation: 0,interpolation_duration: 1}
$data merge entity $(bone_finger_left2) {transformation: [0.7808f,0.6248f,-0.0006f,0.4532f,0.6096f,-0.7621f,-0.218f,0.2071f,-0.1367f,0.1698f,-0.9759f,0.0795f,0f,0f,0f,1f],start_interpolation: 0,interpolation_duration: 1}
$data merge entity $(bone_finger_left) {transformation: [0.0669f,0.9978f,-0.0006f,0.4615f,0.9738f,-0.0654f,-0.218f,0.3288f,-0.2176f,0.014f,-0.9759f,0.0523f,0f,0f,0f,1f],start_interpolation: 0,interpolation_duration: 1}
$data merge entity $(bone_finger_left4) {transformation: [0.9962f,0.0617f,-0.0612f,0.3873f,0.0433f,-0.9629f,-0.2664f,0.2127f,-0.0753f,0.2628f,-0.9619f,-0.0079f,0f,0f,0f,1f],start_interpolation: 0,interpolation_duration: 1}
$data merge entity $(bone_finger_left3) {transformation: [0.5931f,0.8028f,-0.0612f,0.4615f,0.7654f,-0.5858f,-0.2664f,0.3084f,-0.2497f,0.1112f,-0.9619f,-0.0392f,0f,0f,0f,1f],start_interpolation: 0,interpolation_duration: 1}
$data merge entity $(bone_thumb_left2) {transformation: [-0.4668f,0.7883f,0.4009f,0.3972f,0.6961f,0.0479f,0.7163f,0.3635f,0.5455f,0.6135f,-0.5711f,0.1787f,0f,0f,0f,1f],start_interpolation: 0,interpolation_duration: 1}
$data merge entity $(bone_thumb_left) {transformation: [-0.4668f,0.8459f,0.258f,0.444f,0.6961f,0.1715f,0.6971f,0.4289f,0.5455f,0.505f,-0.6689f,0.078f,0f,0f,0f,1f],start_interpolation: 0,interpolation_duration: 1}
$data merge entity $(bone_hand_left) {transformation: [-0.1874f,0.9823f,-0.0006f,0.3708f,0.9587f,0.1828f,-0.218f,0.457f,-0.214f,-0.0415f,-0.9759f,-0.0243f,0f,0f,0f,1f],start_interpolation: 0,interpolation_duration: 1}
$data merge entity $(bone_arm_left2) {transformation: [-0.3544f,0.9313f,0.0846f,0.2875f,0.9139f,0.3641f,-0.1795f,0.6743f,-0.1979f,0.0137f,-0.9801f,-0.135f,0f,0f,0f,1f],start_interpolation: 0,interpolation_duration: 1}
$data merge entity $(bone_arm_left) {transformation: [-0.3325f,0.9416f,-0.0538f,0.2078f,0.8949f,0.333f,0.2972f,0.8794f,0.2977f,0.0507f,-0.9533f,-0.001f,0f,0f,0f,1f],start_interpolation: 0,interpolation_duration: 1}
$data merge entity $(bone_finger_right2) {transformation: [0.699f,-0.1184f,0.7052f,-0.5491f,0.6779f,0.4235f,-0.6009f,0.6168f,-0.2275f,0.8981f,0.3763f,0.09f,0f,0f,0f,1f],start_interpolation: 0,interpolation_duration: 1}
$data merge entity $(bone_finger_right) {transformation: [-0.0878f,-0.7035f,0.7052f,-0.5382f,0.4527f,-0.6588f,-0.6009f,0.5602f,0.8873f,0.2665f,0.3763f,-0.0209f,0f,0f,0f,1f],start_interpolation: 0,interpolation_duration: 1}
$data merge entity $(bone_finger_right4) {transformation: [0.6693f,-0.238f,0.7039f,-0.4791f,0.7148f,0.4647f,-0.5226f,0.5831f,-0.2027f,0.8529f,0.4811f,0.1108f,0f,0f,0f,1f],start_interpolation: 0,interpolation_duration: 1}
$data merge entity $(bone_finger_right3) {transformation: [-0.0566f,-0.7081f,0.7039f,-0.472f,0.6338f,-0.5702f,-0.5226f,0.5039f,0.7714f,0.4165f,0.4811f,0.0144f,0f,0f,0f,1f],start_interpolation: 0,interpolation_duration: 1}
$data merge entity $(bone_thumb_right2) {transformation: [-0.2952f,-0.5876f,-0.7534f,-0.5415f,-0.4582f,0.779f,-0.428f,0.7357f,0.8384f,0.2189f,-0.4992f,-0.0882f,0f,0f,0f,1f],start_interpolation: 0,interpolation_duration: 1}
$data merge entity $(bone_thumb_right) {transformation: [-0.2952f,-0.9089f,0.2945f,-0.5139f,-0.4582f,-0.1358f,-0.8784f,0.6115f,0.8384f,-0.3942f,-0.3764f,-0.109f,0f,0f,0f,1f],start_interpolation: 0,interpolation_duration: 1}
$data merge entity $(bone_hand_right) {transformation: [-0.6116f,-0.3587f,0.7052f,-0.3871f,-0.2471f,-0.7602f,-0.6009f,0.6182f,0.7516f,-0.5417f,0.3763f,-0.0869f,0f,0f,0f,1f],start_interpolation: 0,interpolation_duration: 1}
$data merge entity $(bone_arm_right2) {transformation: [-0.6338f,-0.7224f,-0.2764f,-0.2253f,-0.4238f,0.6233f,-0.6572f,0.6983f,0.647f,-0.2994f,-0.7012f,-0.3105f,0f,0f,0f,1f],start_interpolation: 0,interpolation_duration: 1}
$data merge entity $(bone_arm_right) {transformation: [-0.51f,-0.7766f,0.3698f,-0.1209f,-0.8127f,0.5759f,0.0886f,0.896f,-0.2818f,-0.2554f,-0.9249f,-0.1822f,0f,0f,0f,1f],start_interpolation: 0,interpolation_duration: 1}
$data merge entity $(bone_torso) {transformation: [-0.8593f,0.0942f,0.5027f,0f,-0.0047f,0.9814f,-0.192f,0.5625f,-0.5114f,-0.1674f,-0.8429f,-0.0156f,0f,0f,0f,1f],start_interpolation: 0,interpolation_duration: 1}