# This file was generated by Animated Java via MC-Build. It is not recommended to edit this file directly.
$data merge entity $(bone_eyelid_right) {transformation: [-0.9939f,0.1053f,0.0331f,-0.0857f,0.1093f,0.9799f,0.1667f,1.1797f,-0.0149f,0.1693f,-0.9855f,0.1658f,0f,0f,0f,1f],start_interpolation: 0,interpolation_duration: 1}
$data merge entity $(bone_eye_right) {transformation: [-0.9939f,0.1053f,0.0331f,-0.0856f,0.1093f,0.9799f,0.1667f,1.1799f,-0.0149f,0.1693f,-0.9855f,0.1643f,0f,0f,0f,1f],start_interpolation: 0,interpolation_duration: 1}
$data merge entity $(bone_eyelid_left) {transformation: [-0.9971f,-0.0689f,0.0331f,-0.0851f,-0.0625f,0.984f,0.1667f,1.1611f,-0.044f,0.1641f,-0.9855f,0.1611f,0f,0f,0f,1f],start_interpolation: 0,interpolation_duration: 1}
$data merge entity $(bone_eye_left) {transformation: [-0.9971f,-0.0689f,0.0331f,0.133f,-0.0625f,0.984f,0.1667f,1.1748f,-0.044f,0.1641f,-0.9855f,0.1708f,0f,0f,0f,1f],start_interpolation: 0,interpolation_duration: 1}
$data merge entity $(bone_mouth_closed) {transformation: [-0.9993f,0.0182f,0.0331f,-0.0037f,0.0235f,0.9857f,0.1667f,1.0298f,-0.0296f,0.1673f,-0.9855f,-0.081f,0f,0f,0f,1f],start_interpolation: 0,interpolation_duration: 1}
$data merge entity $(bone_mouth_open) {transformation: [-0.9993f,0.0182f,0.0331f,-0.0041f,0.0235f,0.9857f,0.1667f,1.0001f,-0.0296f,0.1673f,-0.9855f,-0.0924f,0f,0f,0f,1f],start_interpolation: 0,interpolation_duration: 1}
$data merge entity $(bone_head) {transformation: [-0.9993f,0.0182f,0.0331f,0.027f,0.0235f,0.9857f,0.1667f,0.9983f,-0.0296f,0.1673f,-0.9855f,-0.0853f,0f,0f,0f,1f],start_interpolation: 0,interpolation_duration: 1}
$data merge entity $(bone_neck) {transformation: [-0.9891f,-0.1382f,-0.0502f,0.0378f,-0.136f,0.9897f,-0.0455f,0.921f,0.0559f,-0.0382f,-0.9977f,-0.0823f,0f,0f,0f,1f],start_interpolation: 0,interpolation_duration: 1}
$data merge entity $(bone_finger_left2) {transformation: [0.7741f,0.633f,-0.0058f,0.4483f,0.6134f,-0.7522f,-0.2407f,0.2085f,-0.1567f,0.1827f,-0.9706f,0.0915f,0f,0f,0f,1f],start_interpolation: 0,interpolation_duration: 1}
$data merge entity $(bone_finger_left) {transformation: [0.0563f,0.9984f,-0.0058f,0.4553f,0.969f,-0.056f,-0.2407f,0.3297f,-0.2406f,0.0079f,-0.9706f,0.0614f,0f,0f,0f,1f],start_interpolation: 0,interpolation_duration: 1}
$data merge entity $(bone_finger_left4) {transformation: [0.9937f,0.0918f,-0.0647f,0.3837f,0.0693f,-0.9544f,-0.2904f,0.2101f,-0.0885f,0.2841f,-0.9547f,0.0048f,0f,0f,0f,1f],start_interpolation: 0,interpolation_duration: 1}
$data merge entity $(bone_finger_left3) {transformation: [0.5684f,0.8202f,-0.0647f,0.4548f,0.7756f,-0.5604f,-0.2904f,0.3071f,-0.2745f,0.1148f,-0.9547f,-0.0296f,0f,0f,0f,1f],start_interpolation: 0,interpolation_duration: 1}
$data merge entity $(bone_thumb_left2) {transformation: [-0.4533f,0.7897f,0.4133f,0.3917f,0.7171f,0.0477f,0.6953f,0.3685f,0.5294f,0.6116f,-0.5879f,0.187f,0f,0f,0f,1f],start_interpolation: 0,interpolation_duration: 1}
$data merge entity $(bone_thumb_left) {transformation: [-0.4533f,0.8495f,0.2699f,0.4396f,0.7171f,0.1677f,0.6765f,0.4306f,0.5294f,0.5002f,-0.6852f,0.0848f,0f,0f,0f,1f],start_interpolation: 0,interpolation_duration: 1}
$data merge entity $(bone_hand_left) {transformation: [-0.1701f,0.9854f,-0.0058f,0.3669f,0.9567f,0.1637f,-0.2407f,0.4576f,-0.2362f,-0.0465f,-0.9706f,-0.0181f,0f,0f,0f,1f],start_interpolation: 0,interpolation_duration: 1}
$data merge entity $(bone_arm_left2) {transformation: [-0.3378f,0.9378f,0.0801f,0.2874f,0.9154f,0.3471f,-0.2038f,0.6737f,-0.219f,0.0045f,-0.9757f,-0.1338f,0f,0f,0f,1f],start_interpolation: 0,interpolation_duration: 1}
$data merge entity $(bone_arm_left) {transformation: [-0.3162f,0.9476f,-0.0458f,0.2112f,0.9103f,0.3166f,0.2667f,0.8847f,0.2672f,0.0426f,-0.9627f,-0.0068f,0f,0f,0f,1f],start_interpolation: 0,interpolation_duration: 1}
$data merge entity $(bone_finger_right2) {transformation: [0.7065f,-0.1161f,0.6981f,-0.5494f,0.6669f,0.4393f,-0.6019f,0.631f,-0.2368f,0.8908f,0.3878f,0.0879f,0f,0f,0f,1f],start_interpolation: 0,interpolation_duration: 1}
$data merge entity $(bone_finger_right) {transformation: [-0.0852f,-0.7109f,0.6981f,-0.5387f,0.468f,-0.6471f,-0.6019f,0.5725f,0.8796f,0.2754f,0.3878f,-0.022f,0f,0f,0f,1f],start_interpolation: 0,interpolation_duration: 1}
$data merge entity $(bone_finger_right4) {transformation: [0.6771f,-0.2352f,0.6973f,-0.4798f,0.7045f,0.4809f,-0.5219f,0.5969f,-0.2126f,0.8446f,0.4913f,0.1094f,0f,0f,0f,1f],start_interpolation: 0,interpolation_duration: 1}
$data merge entity $(bone_finger_right3) {transformation: [-0.0519f,-0.7149f,0.6973f,-0.4733f,0.6469f,-0.556f,-0.5219f,0.5161f,0.7608f,0.424f,0.4913f,0.0143f,0f,0f,0f,1f],start_interpolation: 0,interpolation_duration: 1}
$data merge entity $(bone_thumb_right2) {transformation: [-0.3019f,-0.58f,-0.7566f,-0.5401f,-0.4414f,0.7885f,-0.4283f,0.7469f,0.845f,0.2047f,-0.494f,-0.0921f,0f,0f,0f,1f],start_interpolation: 0,interpolation_duration: 1}
$data merge entity $(bone_thumb_right) {transformation: [-0.3019f,-0.9094f,0.2863f,-0.5137f,-0.4414f,-0.1328f,-0.8874f,0.6221f,0.845f,-0.3942f,-0.3613f,-0.1109f,0f,0f,0f,1f],start_interpolation: 0,interpolation_duration: 1}
$data merge entity $(bone_hand_right) {transformation: [-0.6159f,-0.3652f,0.6981f,-0.387f,-0.2285f,-0.7652f,-0.6019f,0.6278f,0.754f,-0.5302f,0.3878f,-0.0885f,0f,0f,0f,1f],start_interpolation: 0,interpolation_duration: 1}
$data merge entity $(bone_arm_right2) {transformation: [-0.6397f,-0.7152f,-0.2815f,-0.2238f,-0.4067f,0.6258f,-0.6656f,0.7027f,0.6522f,-0.3113f,-0.6911f,-0.313f,0f,0f,0f,1f],start_interpolation: 0,interpolation_duration: 1}
$data merge entity $(bone_arm_right) {transformation: [-0.5189f,-0.7702f,0.3708f,-0.1172f,-0.8121f,0.5796f,0.0674f,0.9015f,-0.2668f,-0.2662f,-0.9263f,-0.1884f,0f,0f,0f,1f],start_interpolation: 0,interpolation_duration: 1}
$data merge entity $(bone_torso) {transformation: [-0.8593f,0.105f,0.5005f,0f,-0.0047f,0.977f,-0.2131f,0.5698f,-0.5114f,-0.1855f,-0.8391f,-0.0156f,0f,0f,0f,1f],start_interpolation: 0,interpolation_duration: 1}