# This file was generated by Animated Java via MC-Build. It is not recommended to edit this file directly.
$data merge entity $(bone_eyelid_right) {transformation: [-0.9936f,0.1078f,0.0335f,-0.0841f,0.1119f,0.9804f,0.1622f,1.1822f,-0.0154f,0.1649f,-0.9862f,0.1631f,0f,0f,0f,1f],start_interpolation: 0,interpolation_duration: 1}
$data merge entity $(bone_eye_right) {transformation: [-0.9936f,0.1078f,0.0335f,-0.084f,0.1119f,0.9804f,0.1622f,1.1824f,-0.0154f,0.1649f,-0.9862f,0.1616f,0f,0f,0f,1f],start_interpolation: 0,interpolation_duration: 1}
$data merge entity $(bone_eyelid_left) {transformation: [-0.9972f,-0.0663f,0.0335f,-0.0836f,-0.0601f,0.9849f,0.1622f,1.1636f,-0.0438f,0.1597f,-0.9862f,0.1585f,0f,0f,0f,1f],start_interpolation: 0,interpolation_duration: 1}
$data merge entity $(bone_eye_left) {transformation: [-0.9972f,-0.0663f,0.0335f,0.1346f,-0.0601f,0.9849f,0.1622f,1.1767f,-0.0438f,0.1597f,-0.9862f,0.1681f,0f,0f,0f,1f],start_interpolation: 0,interpolation_duration: 1}
$data merge entity $(bone_mouth_closed) {transformation: [-0.9992f,0.0208f,0.0335f,-0.0025f,0.026f,0.9864f,0.1622f,1.031f,-0.0297f,0.1629f,-0.9862f,-0.083f,0f,0f,0f,1f],start_interpolation: 0,interpolation_duration: 1}
$data merge entity $(bone_mouth_open) {transformation: [-0.9992f,0.0208f,0.0335f,-0.0029f,0.026f,0.9864f,0.1622f,1.0012f,-0.0297f,0.1629f,-0.9862f,-0.0943f,0f,0f,0f,1f],start_interpolation: 0,interpolation_duration: 1}
$data merge entity $(bone_head) {transformation: [-0.9992f,0.0208f,0.0335f,0.0281f,0.026f,0.9864f,0.1622f,0.9994f,-0.0297f,0.1629f,-0.9862f,-0.0872f,0f,0f,0f,1f],start_interpolation: 0,interpolation_duration: 1}
$data merge entity $(bone_neck) {transformation: [-0.9895f,-0.1356f,-0.0503f,0.0387f,-0.1331f,0.9898f,-0.0498f,0.9221f,0.0565f,-0.0426f,-0.9975f,-0.0838f,0f,0f,0f,1f],start_interpolation: 0,interpolation_duration: 1}
$data merge entity $(bone_finger_left2) {transformation: [0.7759f,0.6308f,-0.0071f,0.4472f,0.6105f,-0.7536f,-0.2438f,0.2089f,-0.1591f,0.1848f,-0.9698f,0.0926f,0f,0f,0f,1f],start_interpolation: 0,interpolation_duration: 1}
$data merge entity $(bone_finger_left) {transformation: [0.0591f,0.9982f,-0.0071f,0.4546f,0.968f,-0.059f,-0.2438f,0.3299f,-0.2437f,0.0076f,-0.9698f,0.0622f,0f,0f,0f,1f],start_interpolation: 0,interpolation_duration: 1}
$data merge entity $(bone_finger_left4) {transformation: [0.993f,0.0979f,-0.0657f,0.3835f,0.0745f,-0.953f,-0.2938f,0.2098f,-0.0914f,0.2869f,-0.9536f,0.0061f,0f,0f,0f,1f],start_interpolation: 0,interpolation_duration: 1}
$data merge entity $(bone_finger_left3) {transformation: [0.5633f,0.8236f,-0.0657f,0.4539f,0.7779f,-0.5555f,-0.2938f,0.307f,-0.2785f,0.1144f,-0.9536f,-0.0288f,0f,0f,0f,1f],start_interpolation: 0,interpolation_duration: 1}
$data merge entity $(bone_thumb_left2) {transformation: [-0.4509f,0.7902f,0.415f,0.3912f,0.7201f,0.0474f,0.6922f,0.3693f,0.5274f,0.611f,-0.5904f,0.1876f,0f,0f,0f,1f],start_interpolation: 0,interpolation_duration: 1}
$data merge entity $(bone_thumb_left) {transformation: [-0.4509f,0.8503f,0.2715f,0.4392f,0.7201f,0.1668f,0.6735f,0.431f,0.5274f,0.4992f,-0.6875f,0.0852f,0f,0f,0f,1f],start_interpolation: 0,interpolation_duration: 1}
$data merge entity $(bone_hand_left) {transformation: [-0.1674f,0.9859f,-0.0071f,0.3665f,0.9564f,0.1607f,-0.2438f,0.4579f,-0.2392f,-0.0476f,-0.9698f,-0.0177f,0f,0f,0f,1f],start_interpolation: 0,interpolation_duration: 1}
$data merge entity $(bone_arm_left2) {transformation: [-0.3352f,0.9388f,0.079f,0.2876f,0.9157f,0.3444f,-0.2072f,0.6738f,-0.2217f,0.0029f,-0.9751f,-0.1341f,0f,0f,0f,1f],start_interpolation: 0,interpolation_duration: 1}
$data merge entity $(bone_arm_left) {transformation: [-0.3135f,0.9485f,-0.0448f,0.2121f,0.9126f,0.314f,0.2618f,0.8856f,0.2624f,0.0412f,-0.9641f,-0.0082f,0f,0f,0f,1f],start_interpolation: 0,interpolation_duration: 1}
$data merge entity $(bone_finger_right2) {transformation: [0.7082f,-0.1125f,0.697f,-0.5483f,0.6629f,0.4456f,-0.6017f,0.6355f,-0.2428f,0.8881f,0.3902f,0.0886f,0f,0f,0f,1f],start_interpolation: 0,interpolation_duration: 1}
$data merge entity $(bone_finger_right) {transformation: [-0.0816f,-0.7125f,0.697f,-0.5381f,0.4741f,-0.6429f,-0.6017f,0.5763f,0.8767f,0.2813f,0.3902f,-0.021f,0f,0f,0f,1f],start_interpolation: 0,interpolation_duration: 1}
$data merge entity $(bone_finger_right4) {transformation: [0.679f,-0.2316f,0.6967f,-0.4788f,0.7008f,0.4873f,-0.521f,0.6014f,-0.2188f,0.842f,0.4932f,0.1101f,0f,0f,0f,1f],start_interpolation: 0,interpolation_duration: 1}
$data merge entity $(bone_finger_right3) {transformation: [-0.0479f,-0.7158f,0.6967f,-0.4728f,0.6521f,-0.5508f,-0.521f,0.5199f,0.7566f,0.4293f,0.4932f,0.0156f,0f,0f,0f,1f],start_interpolation: 0,interpolation_duration: 1}
$data merge entity $(bone_thumb_right2) {transformation: [-0.3014f,-0.5769f,-0.7592f,-0.539f,-0.4348f,0.7917f,-0.4291f,0.7502f,0.8486f,0.2008f,-0.4894f,-0.0923f,0f,0f,0f,1f],start_interpolation: 0,interpolation_duration: 1}
$data merge entity $(bone_thumb_right) {transformation: [-0.3014f,-0.9107f,0.2825f,-0.5132f,-0.4348f,-0.1324f,-0.8907f,0.6252f,0.8486f,-0.3912f,-0.3561f,-0.1103f,0f,0f,0f,1f],start_interpolation: 0,interpolation_duration: 1}
$data merge entity $(bone_hand_right) {transformation: [-0.6149f,-0.369f,0.697f,-0.3863f,-0.2214f,-0.7674f,-0.6017f,0.6306f,0.7569f,-0.5243f,0.3902f,-0.0882f,0f,0f,0f,1f],start_interpolation: 0,interpolation_duration: 1}
$data merge entity $(bone_arm_right2) {transformation: [-0.6395f,-0.7138f,-0.2854f,-0.2234f,-0.4002f,0.6261f,-0.6692f,0.7034f,0.6564f,-0.3138f,-0.6861f,-0.3136f,0f,0f,0f,1f],start_interpolation: 0,interpolation_duration: 1}
$data merge entity $(bone_arm_right) {transformation: [-0.5211f,-0.7687f,0.371f,-0.1163f,-0.8119f,0.5804f,0.0623f,0.9025f,-0.2632f,-0.2687f,-0.9265f,-0.1899f,0f,0f,0f,1f],start_interpolation: 0,interpolation_duration: 1}
$data merge entity $(bone_torso) {transformation: [-0.8593f,0.1076f,0.5f,0f,-0.0047f,0.9759f,-0.2181f,0.5713f,-0.5114f,-0.1898f,-0.8381f,-0.0156f,0f,0f,0f,1f],start_interpolation: 0,interpolation_duration: 1}