# This file was generated by Animated Java via MC-Build. It is not recommended to edit this file directly.
$data merge entity $(bone_eyelid_right) {transformation: [-0.9933f,0.1103f,0.0339f,-0.0826f,0.1142f,0.981f,0.1567f,1.1847f,-0.016f,0.1595f,-0.9871f,0.1604f,0f,0f,0f,1f],start_interpolation: 0,interpolation_duration: 1}
$data merge entity $(bone_eye_right) {transformation: [-0.9933f,0.1103f,0.0339f,-0.0825f,0.1142f,0.981f,0.1567f,1.185f,-0.016f,0.1595f,-0.9871f,0.1588f,0f,0f,0f,1f],start_interpolation: 0,interpolation_duration: 1}
$data merge entity $(bone_eyelid_left) {transformation: [-0.9974f,-0.0639f,0.0339f,-0.0821f,-0.0578f,0.9859f,0.1567f,1.1661f,-0.0435f,0.1543f,-0.9871f,0.1558f,0f,0f,0f,1f],start_interpolation: 0,interpolation_duration: 1}
$data merge entity $(bone_eye_left) {transformation: [-0.9974f,-0.0639f,0.0339f,0.1361f,-0.0578f,0.9859f,0.1567f,1.1788f,-0.0435f,0.1543f,-0.9871f,0.1653f,0f,0f,0f,1f],start_interpolation: 0,interpolation_duration: 1}
$data merge entity $(bone_mouth_closed) {transformation: [-0.9992f,0.0233f,0.0339f,-0.0014f,0.0283f,0.9872f,0.1567f,1.032f,-0.0298f,0.1575f,-0.9871f,-0.0849f,0f,0f,0f,1f],start_interpolation: 0,interpolation_duration: 1}
$data merge entity $(bone_mouth_open) {transformation: [-0.9992f,0.0233f,0.0339f,-0.0019f,0.0283f,0.9872f,0.1567f,1.0022f,-0.0298f,0.1575f,-0.9871f,-0.096f,0f,0f,0f,1f],start_interpolation: 0,interpolation_duration: 1}
$data merge entity $(bone_head) {transformation: [-0.9992f,0.0233f,0.0339f,0.0291f,0.0283f,0.9872f,0.1567f,1.0003f,-0.0298f,0.1575f,-0.9871f,-0.0889f,0f,0f,0f,1f],start_interpolation: 0,interpolation_duration: 1}
$data merge entity $(bone_neck) {transformation: [-0.9898f,-0.1332f,-0.0504f,0.0395f,-0.1305f,0.99f,-0.0538f,0.923f,0.057f,-0.0466f,-0.9973f,-0.0853f,0f,0f,0f,1f],start_interpolation: 0,interpolation_duration: 1}
$data merge entity $(bone_finger_left2) {transformation: [0.779f,0.627f,-0.0083f,0.4464f,0.6063f,-0.7564f,-0.2454f,0.2092f,-0.1601f,0.1861f,-0.9694f,0.0927f,0f,0f,0f,1f],start_interpolation: 0,interpolation_duration: 1}
$data merge entity $(bone_finger_left) {transformation: [0.064f,0.9979f,-0.0083f,0.4544f,0.9673f,-0.064f,-0.2454f,0.3301f,-0.2454f,0.0077f,-0.9694f,0.062f,0f,0f,0f,1f],start_interpolation: 0,interpolation_duration: 1}
$data merge entity $(bone_finger_left4) {transformation: [0.9924f,0.1031f,-0.0666f,0.3838f,0.0791f,-0.952f,-0.2957f,0.2096f,-0.0939f,0.2882f,-0.953f,0.0063f,0f,0f,0f,1f],start_interpolation: 0,interpolation_duration: 1}
$data merge entity $(bone_finger_left3) {transformation: [0.5589f,0.8265f,-0.0666f,0.4536f,0.7801f,-0.5513f,-0.2957f,0.3071f,-0.2811f,0.1133f,-0.953f,-0.0288f,0f,0f,0f,1f],start_interpolation: 0,interpolation_duration: 1}
$data merge entity $(bone_thumb_left2) {transformation: [-0.4491f,0.7908f,0.4159f,0.3912f,0.7219f,0.0469f,0.6904f,0.3699f,0.5265f,0.6103f,-0.5919f,0.1875f,0f,0f,0f,1f],start_interpolation: 0,interpolation_duration: 1}
$data merge entity $(bone_thumb_left) {transformation: [-0.4491f,0.851f,0.2723f,0.4393f,0.7219f,0.166f,0.6718f,0.4313f,0.5265f,0.4983f,-0.6889f,0.0849f,0f,0f,0f,1f],start_interpolation: 0,interpolation_duration: 1}
$data merge entity $(bone_hand_left) {transformation: [-0.1657f,0.9861f,-0.0083f,0.3665f,0.9564f,0.1587f,-0.2454f,0.4581f,-0.2407f,-0.0486f,-0.9694f,-0.018f,0f,0f,0f,1f],start_interpolation: 0,interpolation_duration: 1}
$data merge entity $(bone_arm_left2) {transformation: [-0.3336f,0.9395f,0.0778f,0.2879f,0.9159f,0.3426f,-0.209f,0.674f,-0.223f,0.0016f,-0.9748f,-0.1346f,0f,0f,0f,1f],start_interpolation: 0,interpolation_duration: 1}
$data merge entity $(bone_arm_left) {transformation: [-0.3116f,0.9492f,-0.0444f,0.2128f,0.9141f,0.3122f,0.2587f,0.8864f,0.2594f,0.04f,-0.9649f,-0.0095f,0f,0f,0f,1f],start_interpolation: 0,interpolation_duration: 1}
$data merge entity $(bone_finger_right2) {transformation: [0.7097f,-0.1091f,0.696f,-0.5473f,0.6591f,0.4515f,-0.6014f,0.6397f,-0.2487f,0.8856f,0.3923f,0.0892f,0f,0f,0f,1f],start_interpolation: 0,interpolation_duration: 1}
$data merge entity $(bone_finger_right) {transformation: [-0.078f,-0.7138f,0.696f,-0.5375f,0.4798f,-0.6388f,-0.6014f,0.5797f,0.8739f,0.287f,0.3923f,-0.02f,0f,0f,0f,1f],start_interpolation: 0,interpolation_duration: 1}
$data merge entity $(bone_finger_right4) {transformation: [0.6807f,-0.228f,0.6962f,-0.4778f,0.6972f,0.4933f,-0.5201f,0.6055f,-0.2248f,0.8394f,0.4948f,0.1108f,0f,0f,0f,1f],start_interpolation: 0,interpolation_duration: 1}
$data merge entity $(bone_finger_right3) {transformation: [-0.0441f,-0.7165f,0.6962f,-0.4723f,0.657f,-0.5458f,-0.5201f,0.5233f,0.7526f,0.4344f,0.4948f,0.0167f,0f,0f,0f,1f],start_interpolation: 0,interpolation_duration: 1}
$data merge entity $(bone_thumb_right2) {transformation: [-0.3007f,-0.5739f,-0.7617f,-0.5381f,-0.4285f,0.7948f,-0.4297f,0.7532f,0.852f,0.1971f,-0.485f,-0.0924f,0f,0f,0f,1f],start_interpolation: 0,interpolation_duration: 1}
$data merge entity $(bone_thumb_right) {transformation: [-0.3007f,-0.912f,0.2788f,-0.5126f,-0.4285f,-0.132f,-0.8939f,0.628f,0.852f,-0.3883f,-0.3511f,-0.1097f,0f,0f,0f,1f],start_interpolation: 0,interpolation_duration: 1}
$data merge entity $(bone_hand_right) {transformation: [-0.6138f,-0.3727f,0.696f,-0.3857f,-0.2147f,-0.7696f,-0.6014f,0.6332f,0.7597f,-0.5186f,0.3923f,-0.0879f,0f,0f,0f,1f],start_interpolation: 0,interpolation_duration: 1}
$data merge entity $(bone_arm_right2) {transformation: [-0.6393f,-0.7126f,-0.2891f,-0.2231f,-0.394f,0.6264f,-0.6727f,0.704f,0.6604f,-0.3161f,-0.6811f,-0.3141f,0f,0f,0f,1f],start_interpolation: 0,interpolation_duration: 1}
$data merge entity $(bone_arm_right) {transformation: [-0.523f,-0.7673f,0.3711f,-0.1155f,-0.8117f,0.5812f,0.0576f,0.9034f,-0.2599f,-0.2711f,-0.9268f,-0.1912f,0f,0f,0f,1f],start_interpolation: 0,interpolation_duration: 1}
$data merge entity $(bone_torso) {transformation: [-0.8593f,0.11f,0.4995f,0f,-0.0047f,0.9749f,-0.2228f,0.5726f,-0.5114f,-0.1938f,-0.8372f,-0.0156f,0f,0f,0f,1f],start_interpolation: 0,interpolation_duration: 1}