# This file was generated by Animated Java via MC-Build. It is not recommended to edit this file directly.
$data merge entity $(bone_eyelid_right) {transformation: [-0.9924f,0.118f,0.0344f,-0.0778f,0.1215f,0.9848f,0.1243f,1.1948f,-0.0192f,0.1275f,-0.9916f,0.1491f,0f,0f,0f,1f],start_interpolation: 0,interpolation_duration: 1}
$data merge entity $(bone_eye_right) {transformation: [-0.9924f,0.118f,0.0344f,-0.0778f,0.1215f,0.9848f,0.1243f,1.195f,-0.0192f,0.1275f,-0.9916f,0.1476f,0f,0f,0f,1f],start_interpolation: 0,interpolation_duration: 1}
$data merge entity $(bone_eyelid_left) {transformation: [-0.9978f,-0.0561f,0.0344f,-0.0776f,-0.0514f,0.9909f,0.1243f,1.1761f,-0.0411f,0.1222f,-0.9916f,0.1452f,0f,0f,0f,1f],start_interpolation: 0,interpolation_duration: 1}
$data merge entity $(bone_eye_left) {transformation: [-0.9978f,-0.0561f,0.0344f,0.1407f,-0.0514f,0.9909f,0.1243f,1.1873f,-0.0411f,0.1222f,-0.9916f,0.1542f,0f,0f,0f,1f],start_interpolation: 0,interpolation_duration: 1}
$data merge entity $(bone_mouth_closed) {transformation: [-0.9989f,0.0311f,0.0344f,0.002f,0.0352f,0.9916f,0.1243f,1.0336f,-0.0303f,0.1254f,-0.9916f,-0.0911f,0f,0f,0f,1f],start_interpolation: 0,interpolation_duration: 1}
$data merge entity $(bone_mouth_open) {transformation: [-0.9989f,0.0311f,0.0344f,0.0012f,0.0352f,0.9916f,0.1243f,1.0034f,-0.0303f,0.1254f,-0.9916f,-0.1012f,0f,0f,0f,1f],start_interpolation: 0,interpolation_duration: 1}
$data merge entity $(bone_head) {transformation: [-0.9989f,0.0311f,0.0344f,0.0322f,0.0352f,0.9916f,0.1243f,1.0015f,-0.0303f,0.1254f,-0.9916f,-0.0941f,0f,0f,0f,1f],start_interpolation: 0,interpolation_duration: 1}
$data merge entity $(bone_neck) {transformation: [-0.9907f,-0.126f,-0.0507f,0.0421f,-0.1226f,0.9903f,-0.0655f,0.9241f,0.0585f,-0.0587f,-0.9966f,-0.0895f,0f,0f,0f,1f],start_interpolation: 0,interpolation_duration: 1}
$data merge entity $(bone_finger_left2) {transformation: [0.8061f,0.5917f,-0.0118f,0.4447f,0.5725f,-0.7846f,-0.238f,0.2099f,-0.1501f,0.185f,-0.9712f,0.0834f,0f,0f,0f,1f],start_interpolation: 0,interpolation_duration: 1}
$data merge entity $(bone_finger_left) {transformation: [0.1083f,0.994f,-0.0118f,0.4582f,0.9652f,-0.108f,-0.238f,0.3305f,-0.2378f,0.0144f,-0.9712f,0.0537f,0f,0f,0f,1f],start_interpolation: 0,interpolation_duration: 1}
$data merge entity $(bone_finger_left4) {transformation: [0.9912f,0.1123f,-0.0697f,0.3882f,0.0877f,-0.9533f,-0.2888f,0.2099f,-0.0989f,0.2802f,-0.9548f,-0.0026f,0f,0f,0f,1f],start_interpolation: 0,interpolation_duration: 1}
$data merge entity $(bone_finger_left3) {transformation: [0.5511f,0.8315f,-0.0697f,0.4571f,0.7867f,-0.5456f,-0.2888f,0.3082f,-0.2782f,0.1044f,-0.9548f,-0.0373f,0f,0f,0f,1f],start_interpolation: 0,interpolation_duration: 1}
$data merge entity $(bone_thumb_left2) {transformation: [-0.4484f,0.7932f,0.412f,0.3955f,0.7169f,0.0438f,0.6958f,0.3692f,0.5339f,0.6073f,-0.5883f,0.1797f,0f,0f,0f,1f],start_interpolation: 0,interpolation_duration: 1}
$data merge entity $(bone_thumb_left) {transformation: [-0.4484f,0.8527f,0.268f,0.443f,0.7169f,0.164f,0.6776f,0.4315f,0.5339f,0.496f,-0.6848f,0.0774f,0f,0f,0f,1f],start_interpolation: 0,interpolation_duration: 1}
$data merge entity $(bone_hand_left) {transformation: [-0.1687f,0.9856f,-0.0118f,0.3697f,0.9578f,0.1611f,-0.238f,0.459f,-0.2326f,-0.0515f,-0.9712f,-0.0249f,0f,0f,0f,1f],start_interpolation: 0,interpolation_duration: 1}
$data merge entity $(bone_arm_left2) {transformation: [-0.3365f,0.9388f,0.0742f,0.2902f,0.9169f,0.3445f,-0.2013f,0.6756f,-0.2146f,0.0003f,-0.9767f,-0.1396f,0f,0f,0f,1f],start_interpolation: 0,interpolation_duration: 1}
$data merge entity $(bone_arm_left) {transformation: [-0.3126f,0.9487f,-0.0478f,0.2151f,0.9123f,0.3138f,0.263f,0.8873f,0.2646f,0.0386f,-0.9636f,-0.0133f,0f,0f,0f,1f],start_interpolation: 0,interpolation_duration: 1}
$data merge entity $(bone_finger_right2) {transformation: [0.7124f,-0.1057f,0.6938f,-0.5467f,0.6533f,0.4611f,-0.6005f,0.6463f,-0.2564f,0.881f,0.3976f,0.0884f,0f,0f,0f,1f],start_interpolation: 0,interpolation_duration: 1}
$data merge entity $(bone_finger_right) {transformation: [-0.0746f,-0.7163f,0.6938f,-0.5374f,0.4891f,-0.6325f,-0.6005f,0.5851f,0.869f,0.2946f,0.3976f,-0.0203f,0f,0f,0f,1f],start_interpolation: 0,interpolation_duration: 1}
$data merge entity $(bone_finger_right4) {transformation: [0.6835f,-0.2246f,0.6945f,-0.4774f,0.6917f,0.503f,-0.5182f,0.6119f,-0.2329f,0.8346f,0.4992f,0.1102f,0f,0f,0f,1f],start_interpolation: 0,interpolation_duration: 1}
$data merge entity $(bone_finger_right3) {transformation: [-0.04f,-0.7184f,0.6945f,-0.4724f,0.6649f,-0.538f,-0.5182f,0.5288f,0.7459f,0.441f,0.4992f,0.017f,0f,0f,0f,1f],start_interpolation: 0,interpolation_duration: 1}
$data merge entity $(bone_thumb_right2) {transformation: [-0.3015f,-0.57f,-0.7643f,-0.5372f,-0.4183f,0.7994f,-0.4312f,0.7578f,0.8568f,0.1897f,-0.4795f,-0.0944f,0f,0f,0f,1f],start_interpolation: 0,interpolation_duration: 1}
$data merge entity $(bone_thumb_right) {transformation: [-0.3015f,-0.9132f,0.2742f,-0.5124f,-0.4183f,-0.1318f,-0.8987f,0.6324f,0.8568f,-0.3857f,-0.3423f,-0.1104f,0f,0f,0f,1f],start_interpolation: 0,interpolation_duration: 1}
$data merge entity $(bone_hand_right) {transformation: [-0.6137f,-0.3769f,0.6938f,-0.3854f,-0.2041f,-0.7731f,-0.6005f,0.6372f,0.7627f,-0.5101f,0.3976f,-0.0889f,0f,0f,0f,1f],start_interpolation: 0,interpolation_duration: 1}
$data merge entity $(bone_arm_right2) {transformation: [-0.6426f,-0.7079f,-0.2931f,-0.2221f,-0.3821f,0.6277f,-0.6783f,0.7044f,0.6642f,-0.3239f,-0.6738f,-0.3157f,0f,0f,0f,1f],start_interpolation: 0,interpolation_duration: 1}
$data merge entity $(bone_arm_right) {transformation: [-0.5289f,-0.763f,0.3716f,-0.1131f,-0.811f,0.5834f,0.0437f,0.9044f,-0.2501f,-0.2782f,-0.9274f,-0.1952f,0f,0f,0f,1f],start_interpolation: 0,interpolation_duration: 1}
$data merge entity $(bone_torso) {transformation: [-0.8593f,0.117f,0.4979f,0f,-0.0047f,0.9716f,-0.2365f,0.575f,-0.5114f,-0.2056f,-0.8344f,-0.0156f,0f,0f,0f,1f],start_interpolation: 0,interpolation_duration: 1}