# This file was generated by Animated Java via MC-Build. It is not recommended to edit this file directly.
$data merge entity $(bone_eyelid_right) {transformation: [-0.9927f,0.1164f,0.0327f,-0.0792f,0.1188f,0.9894f,0.0831f,1.1991f,-0.0226f,0.0863f,-0.996f,0.1434f,0f,0f,0f,1f],start_interpolation: 0,interpolation_duration: 1}
$data merge entity $(bone_eye_right) {transformation: [-0.9927f,0.1164f,0.0327f,-0.0792f,0.1188f,0.9894f,0.0831f,1.1993f,-0.0226f,0.0863f,-0.996f,0.1418f,0f,0f,0f,1f],start_interpolation: 0,interpolation_duration: 1}
$data merge entity $(bone_eyelid_left) {transformation: [-0.9978f,-0.0577f,0.0327f,-0.0789f,-0.0548f,0.995f,0.0831f,1.1802f,-0.0373f,0.0811f,-0.996f,0.1402f,0f,0f,0f,1f],start_interpolation: 0,interpolation_duration: 1}
$data merge entity $(bone_eye_left) {transformation: [-0.9978f,-0.0577f,0.0327f,0.1394f,-0.0548f,0.995f,0.0831f,1.1922f,-0.0373f,0.0811f,-0.996f,0.1484f,0f,0f,0f,1f],start_interpolation: 0,interpolation_duration: 1}
$data merge entity $(bone_mouth_closed) {transformation: [-0.999f,0.0295f,0.0327f,0.0005f,0.0321f,0.996f,0.0831f,1.0282f,-0.0301f,0.084f,-0.996f,-0.0901f,0f,0f,0f,1f],start_interpolation: 0,interpolation_duration: 1}
$data merge entity $(bone_mouth_open) {transformation: [-0.999f,0.0295f,0.0327f,-0.0002f,0.0321f,0.996f,0.0831f,0.9976f,-0.0301f,0.084f,-0.996f,-0.0989f,0f,0f,0f,1f],start_interpolation: 0,interpolation_duration: 1}
$data merge entity $(bone_head) {transformation: [-0.999f,0.0295f,0.0327f,0.0308f,0.0321f,0.996f,0.0831f,0.9961f,-0.0301f,0.084f,-0.996f,-0.0918f,0f,0f,0f,1f],start_interpolation: 0,interpolation_duration: 1}
$data merge entity $(bone_neck) {transformation: [-0.9903f,-0.1293f,-0.0506f,0.0409f,-0.1262f,0.9902f,-0.0602f,0.9187f,0.0578f,-0.0533f,-0.9969f,-0.0876f,0f,0f,0f,1f],start_interpolation: 0,interpolation_duration: 1}
$data merge entity $(bone_finger_left2) {transformation: [0.8618f,0.5071f,-0.0089f,0.4358f,0.4919f,-0.8399f,-0.2295f,0.209f,-0.1238f,0.1934f,-0.9733f,0.0771f,0f,0f,0f,1f],start_interpolation: 0,interpolation_duration: 1}
$data merge entity $(bone_finger_left) {transformation: [0.2083f,0.978f,-0.0089f,0.4618f,0.9515f,-0.2048f,-0.2295f,0.3279f,-0.2262f,0.0393f,-0.9733f,0.0489f,0f,0f,0f,1f],start_interpolation: 0,interpolation_duration: 1}
$data merge entity $(bone_finger_left4) {transformation: [0.9953f,0.0683f,-0.0691f,0.3875f,0.0466f,-0.9595f,-0.278f,0.2108f,-0.0853f,0.2735f,-0.9581f,-0.0093f,0f,0f,0f,1f],start_interpolation: 0,interpolation_duration: 1}
$data merge entity $(bone_finger_left3) {transformation: [0.5874f,0.8063f,-0.0691f,0.461f,0.7649f,-0.581f,-0.278f,0.3064f,-0.2643f,0.1105f,-0.9581f,-0.0424f,0f,0f,0f,1f],start_interpolation: 0,interpolation_duration: 1}
$data merge entity $(bone_thumb_left2) {transformation: [-0.4552f,0.7923f,0.4063f,0.3986f,0.7081f,0.0455f,0.7046f,0.3649f,0.5398f,0.6084f,-0.5818f,0.1751f,0f,0f,0f,1f],start_interpolation: 0,interpolation_duration: 1}
$data merge entity $(bone_thumb_left) {transformation: [-0.4552f,0.8508f,0.2625f,0.4456f,0.7081f,0.1672f,0.686f,0.4285f,0.5398f,0.4982f,-0.6786f,0.0735f,0f,0f,0f,1f],start_interpolation: 0,interpolation_duration: 1}
$data merge entity $(bone_hand_left) {transformation: [-0.177f,0.9842f,-0.0089f,0.3722f,0.9583f,0.1703f,-0.2295f,0.4563f,-0.2243f,-0.0491f,-0.9733f,-0.0287f,0f,0f,0f,1f],start_interpolation: 0,interpolation_duration: 1}
$data merge entity $(bone_arm_left2) {transformation: [-0.3444f,0.9357f,0.0768f,0.2909f,0.9158f,0.3528f,-0.192f,0.6732f,-0.2068f,0.0042f,-0.9784f,-0.1416f,0f,0f,0f,1f],start_interpolation: 0,interpolation_duration: 1}
$data merge entity $(bone_arm_left) {transformation: [-0.3204f,0.9458f,-0.0524f,0.2141f,0.9049f,0.322f,0.2785f,0.882f,0.2803f,0.0419f,-0.959f,-0.0116f,0f,0f,0f,1f],start_interpolation: 0,interpolation_duration: 1}
$data merge entity $(bone_finger_right2) {transformation: [0.7102f,-0.1063f,0.6959f,-0.5466f,0.6565f,0.4567f,-0.6003f,0.6384f,-0.254f,0.8832f,0.3942f,0.0891f,0f,0f,0f,1f],start_interpolation: 0,interpolation_duration: 1}
$data merge entity $(bone_finger_right) {transformation: [-0.0752f,-0.7142f,0.6959f,-0.5372f,0.4849f,-0.636f,-0.6003f,0.5778f,0.8713f,0.2923f,0.3942f,-0.0198f,0f,0f,0f,1f],start_interpolation: 0,interpolation_duration: 1}
$data merge entity $(bone_finger_right4) {transformation: [0.6813f,-0.2253f,0.6965f,-0.4771f,0.6948f,0.4985f,-0.5184f,0.6042f,-0.2304f,0.8371f,0.4962f,0.1108f,0f,0f,0f,1f],start_interpolation: 0,interpolation_duration: 1}
$data merge entity $(bone_finger_right3) {transformation: [-0.0413f,-0.7164f,0.6965f,-0.472f,0.6613f,-0.5421f,-0.5184f,0.5215f,0.749f,0.4392f,0.4962f,0.0171f,0f,0f,0f,1f],start_interpolation: 0,interpolation_duration: 1}
$data merge entity $(bone_thumb_right2) {transformation: [-0.2995f,-0.5722f,-0.7635f,-0.5376f,-0.4231f,0.7969f,-0.4312f,0.7508f,0.8551f,0.1939f,-0.4807f,-0.0931f,0f,0f,0f,1f],start_interpolation: 0,interpolation_duration: 1}
$data merge entity $(bone_thumb_right) {transformation: [-0.2995f,-0.9132f,0.2765f,-0.5124f,-0.4231f,-0.1327f,-0.8963f,0.6256f,0.8551f,-0.3854f,-0.3467f,-0.1098f,0f,0f,0f,1f],start_interpolation: 0,interpolation_duration: 1}
$data merge entity $(bone_hand_right) {transformation: [-0.6124f,-0.3751f,0.6959f,-0.3855f,-0.2094f,-0.7719f,-0.6003f,0.6306f,0.7623f,-0.5133f,0.3942f,-0.0884f,0f,0f,0f,1f],start_interpolation: 0,interpolation_duration: 1}
$data merge entity $(bone_arm_right2) {transformation: [-0.6408f,-0.7101f,-0.2918f,-0.2225f,-0.387f,0.6271f,-0.676f,0.6993f,0.663f,-0.3203f,-0.6766f,-0.315f,0f,0f,0f,1f],start_interpolation: 0,interpolation_duration: 1}
$data merge entity $(bone_arm_right) {transformation: [-0.5263f,-0.7649f,0.3714f,-0.1142f,-0.8113f,0.5824f,0.0499f,0.899f,-0.2545f,-0.2751f,-0.9271f,-0.1934f,0f,0f,0f,1f],start_interpolation: 0,interpolation_duration: 1}
$data merge entity $(bone_torso) {transformation: [-0.8593f,0.1139f,0.4986f,0f,-0.0047f,0.9731f,-0.2304f,0.569f,-0.5114f,-0.2003f,-0.8357f,-0.0156f,0f,0f,0f,1f],start_interpolation: 0,interpolation_duration: 1}