# This file was generated by Animated Java via MC-Build. It is not recommended to edit this file directly.
$data merge entity $(bone_eyelid_right) {transformation: [-0.9928f,0.1156f,0.0325f,-0.0797f,0.1179f,0.9897f,0.0808f,1.1989f,-0.0228f,0.084f,-0.9962f,0.1436f,0f,0f,0f,1f],start_interpolation: 0,interpolation_duration: 1}
$data merge entity $(bone_eye_right) {transformation: [-0.9928f,0.1156f,0.0325f,-0.0797f,0.1179f,0.9897f,0.0808f,1.199f,-0.0228f,0.084f,-0.9962f,0.142f,0f,0f,0f,1f],start_interpolation: 0,interpolation_duration: 1}
$data merge entity $(bone_eyelid_left) {transformation: [-0.9978f,-0.0585f,0.0325f,-0.0794f,-0.0557f,0.9952f,0.0808f,1.18f,-0.037f,0.0788f,-0.9962f,0.1405f,0f,0f,0f,1f],start_interpolation: 0,interpolation_duration: 1}
$data merge entity $(bone_eye_left) {transformation: [-0.9978f,-0.0585f,0.0325f,0.1389f,-0.0557f,0.9952f,0.0808f,1.1922f,-0.037f,0.0788f,-0.9962f,0.1486f,0f,0f,0f,1f],start_interpolation: 0,interpolation_duration: 1}
$data merge entity $(bone_mouth_closed) {transformation: [-0.9991f,0.0287f,0.0325f,0.0001f,0.0312f,0.9962f,0.0808f,1.0275f,-0.03f,0.0817f,-0.9962f,-0.0895f,0f,0f,0f,1f],start_interpolation: 0,interpolation_duration: 1}
$data merge entity $(bone_mouth_open) {transformation: [-0.9991f,0.0287f,0.0325f,-0.0006f,0.0312f,0.9962f,0.0808f,0.9969f,-0.03f,0.0817f,-0.9962f,-0.0983f,0f,0f,0f,1f],start_interpolation: 0,interpolation_duration: 1}
$data merge entity $(bone_head) {transformation: [-0.9991f,0.0287f,0.0325f,0.0304f,0.0312f,0.9962f,0.0808f,0.9954f,-0.03f,0.0817f,-0.9962f,-0.0911f,0f,0f,0f,1f],start_interpolation: 0,interpolation_duration: 1}
$data merge entity $(bone_neck) {transformation: [-0.9902f,-0.1302f,-0.0505f,0.0406f,-0.1272f,0.9901f,-0.0588f,0.918f,0.0577f,-0.0518f,-0.997f,-0.0871f,0f,0f,0f,1f],start_interpolation: 0,interpolation_duration: 1}
$data merge entity $(bone_finger_left2) {transformation: [0.8663f,0.4994f,-0.0082f,0.4344f,0.4844f,-0.844f,-0.2303f,0.2088f,-0.1219f,0.1955f,-0.9731f,0.078f,0f,0f,0f,1f],start_interpolation: 0,interpolation_duration: 1}
$data merge entity $(bone_finger_left) {transformation: [0.2171f,0.9761f,-0.0082f,0.4615f,0.9495f,-0.2131f,-0.2303f,0.3275f,-0.2265f,0.0422f,-0.9731f,0.0497f,0f,0f,0f,1f],start_interpolation: 0,interpolation_duration: 1}
$data merge entity $(bone_finger_left4) {transformation: [0.9957f,0.0619f,-0.0687f,0.3867f,0.0404f,-0.9596f,-0.2784f,0.2108f,-0.0832f,0.2744f,-0.958f,-0.0086f,0f,0f,0f,1f],start_interpolation: 0,interpolation_duration: 1}
$data merge entity $(bone_finger_left3) {transformation: [0.5926f,0.8025f,-0.0687f,0.4608f,0.7611f,-0.5859f,-0.2784f,0.3059f,-0.2637f,0.1127f,-0.958f,-0.0415f,0f,0f,0f,1f],start_interpolation: 0,interpolation_duration: 1}
$data merge entity $(bone_thumb_left2) {transformation: [-0.4557f,0.7919f,0.4066f,0.3982f,0.7085f,0.0461f,0.7042f,0.3646f,0.5389f,0.6089f,-0.5821f,0.1759f,0f,0f,0f,1f],start_interpolation: 0,interpolation_duration: 1}
$data merge entity $(bone_thumb_left) {transformation: [-0.4557f,0.8505f,0.2629f,0.4453f,0.7085f,0.1677f,0.6855f,0.4281f,0.5389f,0.4986f,-0.679f,0.0742f,0f,0f,0f,1f],start_interpolation: 0,interpolation_duration: 1}
$data merge entity $(bone_hand_left) {transformation: [-0.177f,0.9842f,-0.0082f,0.372f,0.9581f,0.1704f,-0.2303f,0.4558f,-0.2252f,-0.0486f,-0.9731f,-0.0281f,0f,0f,0f,1f],start_interpolation: 0,interpolation_duration: 1}
$data merge entity $(bone_arm_left2) {transformation: [-0.3444f,0.9356f,0.0775f,0.2907f,0.9155f,0.353f,-0.1928f,0.6726f,-0.2078f,0.0045f,-0.9782f,-0.1411f,0f,0f,0f,1f],start_interpolation: 0,interpolation_duration: 1}
$data merge entity $(bone_arm_left) {transformation: [-0.3207f,0.9457f,-0.0522f,0.2138f,0.9047f,0.3222f,0.2788f,0.8813f,0.2805f,0.0422f,-0.9589f,-0.0111f,0f,0f,0f,1f],start_interpolation: 0,interpolation_duration: 1}
$data merge entity $(bone_finger_right2) {transformation: [0.7118f,-0.1086f,0.6939f,-0.5474f,0.6561f,0.4556f,-0.6016f,0.637f,-0.2508f,0.8835f,0.3956f,0.0885f,0f,0f,0f,1f],start_interpolation: 0,interpolation_duration: 1}
$data merge entity $(bone_finger_right) {transformation: [-0.0775f,-0.7159f,0.6939f,-0.5377f,0.4838f,-0.6356f,-0.6016f,0.5766f,0.8717f,0.2891f,0.3956f,-0.0205f,0f,0f,0f,1f],start_interpolation: 0,interpolation_duration: 1}
$data merge entity $(bone_finger_right4) {transformation: [0.6828f,-0.2274f,0.6943f,-0.478f,0.6943f,0.4976f,-0.5199f,0.6027f,-0.2272f,0.8371f,0.4977f,0.1103f,0f,0f,0f,1f],start_interpolation: 0,interpolation_duration: 1}
$data merge entity $(bone_finger_right3) {transformation: [-0.043f,-0.7184f,0.6943f,-0.4727f,0.6604f,-0.5419f,-0.5199f,0.5202f,0.7497f,0.4361f,0.4977f,0.0166f,0f,0f,0f,1f],start_interpolation: 0,interpolation_duration: 1}
$data merge entity $(bone_thumb_right2) {transformation: [-0.3027f,-0.5719f,-0.7624f,-0.5377f,-0.424f,0.7973f,-0.4297f,0.7497f,0.8536f,0.1932f,-0.4838f,-0.0936f,0f,0f,0f,1f],start_interpolation: 0,interpolation_duration: 1}
$data merge entity $(bone_thumb_right) {transformation: [-0.3027f,-0.912f,0.2766f,-0.5126f,-0.424f,-0.1311f,-0.8961f,0.6244f,0.8536f,-0.3886f,-0.347f,-0.1103f,0f,0f,0f,1f],start_interpolation: 0,interpolation_duration: 1}
$data merge entity $(bone_hand_right) {transformation: [-0.6151f,-0.3743f,0.6939f,-0.3857f,-0.2097f,-0.7708f,-0.6016f,0.6293f,0.7601f,-0.5156f,0.3956f,-0.0885f,0f,0f,0f,1f],start_interpolation: 0,interpolation_duration: 1}
$data merge entity $(bone_arm_right2) {transformation: [-0.641f,-0.7105f,-0.2903f,-0.2227f,-0.3893f,0.627f,-0.6748f,0.6987f,0.6615f,-0.3195f,-0.6785f,-0.3148f,0f,0f,0f,1f],start_interpolation: 0,interpolation_duration: 1}
$data merge entity $(bone_arm_right) {transformation: [-0.5255f,-0.7655f,0.3713f,-0.1145f,-0.8114f,0.5822f,0.0517f,0.8984f,-0.2558f,-0.2741f,-0.9271f,-0.1929f,0f,0f,0f,1f],start_interpolation: 0,interpolation_duration: 1}
$data merge entity $(bone_torso) {transformation: [-0.8593f,0.113f,0.4988f,0f,-0.0047f,0.9735f,-0.2286f,0.5682f,-0.5114f,-0.1988f,-0.836f,-0.0156f,0f,0f,0f,1f],start_interpolation: 0,interpolation_duration: 1}