# This file was generated by Animated Java via MC-Build. It is not recommended to edit this file directly.
$data merge entity $(bone_eyelid_right) {transformation: [-0.9929f,0.1148f,0.0323f,-0.0803f,0.117f,0.99f,0.0788f,1.1985f,-0.0229f,0.082f,-0.9964f,0.1439f,0f,0f,0f,1f],start_interpolation: 0,interpolation_duration: 1}
$data merge entity $(bone_eye_right) {transformation: [-0.9929f,0.1148f,0.0323f,-0.0803f,0.117f,0.99f,0.0788f,1.1986f,-0.0229f,0.082f,-0.9964f,0.1423f,0f,0f,0f,1f],start_interpolation: 0,interpolation_duration: 1}
$data merge entity $(bone_eyelid_left) {transformation: [-0.9977f,-0.0594f,0.0323f,-0.08f,-0.0567f,0.9953f,0.0788f,1.1796f,-0.0368f,0.0768f,-0.9964f,0.1408f,0f,0f,0f,1f],start_interpolation: 0,interpolation_duration: 1}
$data merge entity $(bone_eye_left) {transformation: [-0.9977f,-0.0594f,0.0323f,0.1383f,-0.0567f,0.9953f,0.0788f,1.192f,-0.0368f,0.0768f,-0.9964f,0.1489f,0f,0f,0f,1f],start_interpolation: 0,interpolation_duration: 1}
$data merge entity $(bone_mouth_closed) {transformation: [-0.9991f,0.0278f,0.0323f,-0.0003f,0.0303f,0.9964f,0.0788f,1.0267f,-0.03f,0.0797f,-0.9964f,-0.0889f,0f,0f,0f,1f],start_interpolation: 0,interpolation_duration: 1}
$data merge entity $(bone_mouth_open) {transformation: [-0.9991f,0.0278f,0.0323f,-0.001f,0.0303f,0.9964f,0.0788f,0.9961f,-0.03f,0.0797f,-0.9964f,-0.0976f,0f,0f,0f,1f],start_interpolation: 0,interpolation_duration: 1}
$data merge entity $(bone_head) {transformation: [-0.9991f,0.0278f,0.0323f,0.03f,0.0303f,0.9964f,0.0788f,0.9946f,-0.03f,0.0797f,-0.9964f,-0.0904f,0f,0f,0f,1f],start_interpolation: 0,interpolation_duration: 1}
$data merge entity $(bone_neck) {transformation: [-0.9901f,-0.1311f,-0.0505f,0.0403f,-0.1282f,0.9901f,-0.0571f,0.9173f,0.0575f,-0.0501f,-0.9971f,-0.0865f,0f,0f,0f,1f],start_interpolation: 0,interpolation_duration: 1}
$data merge entity $(bone_finger_left2) {transformation: [0.8707f,0.4918f,-0.0075f,0.433f,0.477f,-0.8479f,-0.2313f,0.2086f,-0.1201f,0.1978f,-0.9729f,0.0791f,0f,0f,0f,1f],start_interpolation: 0,interpolation_duration: 1}
$data merge entity $(bone_finger_left) {transformation: [0.2256f,0.9742f,-0.0075f,0.4612f,0.9474f,-0.2212f,-0.2313f,0.327f,-0.2269f,0.0451f,-0.9729f,0.0507f,0f,0f,0f,1f],start_interpolation: 0,interpolation_duration: 1}
$data merge entity $(bone_finger_left4) {transformation: [0.9961f,0.0551f,-0.0683f,0.3857f,0.034f,-0.9597f,-0.279f,0.2107f,-0.081f,0.2756f,-0.9579f,-0.0076f,0f,0f,0f,1f],start_interpolation: 0,interpolation_duration: 1}
$data merge entity $(bone_finger_left3) {transformation: [0.5981f,0.7985f,-0.0683f,0.4605f,0.757f,-0.5908f,-0.279f,0.3054f,-0.2632f,0.1151f,-0.9579f,-0.0405f,0f,0f,0f,1f],start_interpolation: 0,interpolation_duration: 1}
$data merge entity $(bone_thumb_left2) {transformation: [-0.4561f,0.7914f,0.4069f,0.3978f,0.709f,0.0468f,0.7036f,0.3642f,0.5378f,0.6094f,-0.5825f,0.1768f,0f,0f,0f,1f],start_interpolation: 0,interpolation_duration: 1}
$data merge entity $(bone_thumb_left) {transformation: [-0.4561f,0.8501f,0.2633f,0.4449f,0.709f,0.1683f,0.6848f,0.4277f,0.5378f,0.499f,-0.6795f,0.0751f,0f,0f,0f,1f],start_interpolation: 0,interpolation_duration: 1}
$data merge entity $(bone_hand_left) {transformation: [-0.1769f,0.9842f,-0.0075f,0.3717f,0.9578f,0.1705f,-0.2313f,0.4552f,-0.2263f,-0.0481f,-0.9729f,-0.0273f,0f,0f,0f,1f],start_interpolation: 0,interpolation_duration: 1}
$data merge entity $(bone_arm_left2) {transformation: [-0.3443f,0.9356f,0.0782f,0.2905f,0.9153f,0.3531f,-0.1938f,0.6719f,-0.2089f,0.0048f,-0.9779f,-0.1406f,0f,0f,0f,1f],start_interpolation: 0,interpolation_duration: 1}
$data merge entity $(bone_arm_left) {transformation: [-0.3209f,0.9457f,-0.052f,0.2135f,0.9046f,0.3223f,0.2789f,0.8807f,0.2805f,0.0425f,-0.9589f,-0.0106f,0f,0f,0f,1f],start_interpolation: 0,interpolation_duration: 1}
$data merge entity $(bone_finger_right2) {transformation: [0.7134f,-0.1116f,0.6919f,-0.5484f,0.6559f,0.454f,-0.6031f,0.6353f,-0.2468f,0.884f,0.397f,0.0877f,0f,0f,0f,1f],start_interpolation: 0,interpolation_duration: 1}
$data merge entity $(bone_finger_right) {transformation: [-0.0803f,-0.7175f,0.6919f,-0.5384f,0.4821f,-0.6355f,-0.6031f,0.575f,0.8724f,0.2851f,0.397f,-0.0214f,0f,0f,0f,1f],start_interpolation: 0,interpolation_duration: 1}
$data merge entity $(bone_finger_right4) {transformation: [0.6843f,-0.2302f,0.6919f,-0.4792f,0.6942f,0.4961f,-0.5215f,0.6008f,-0.2232f,0.8372f,0.4993f,0.1097f,0f,0f,0f,1f],start_interpolation: 0,interpolation_duration: 1}
$data merge entity $(bone_finger_right3) {transformation: [-0.0452f,-0.7206f,0.6919f,-0.4735f,0.6589f,-0.5421f,-0.5215f,0.5185f,0.7509f,0.4323f,0.4993f,0.0158f,0f,0f,0f,1f],start_interpolation: 0,interpolation_duration: 1}
$data merge entity $(bone_thumb_right2) {transformation: [-0.3063f,-0.5719f,-0.761f,-0.5379f,-0.4254f,0.7974f,-0.428f,0.7483f,0.8516f,0.1926f,-0.4876f,-0.0941f,0f,0f,0f,1f],start_interpolation: 0,interpolation_duration: 1}
$data merge entity $(bone_thumb_right) {transformation: [-0.3063f,-0.9107f,0.2771f,-0.5129f,-0.4254f,-0.1295f,-0.8957f,0.623f,0.8516f,-0.3923f,-0.3478f,-0.111f,0f,0f,0f,1f],start_interpolation: 0,interpolation_duration: 1}
$data merge entity $(bone_hand_right) {transformation: [-0.6182f,-0.3731f,0.6919f,-0.3861f,-0.2107f,-0.7694f,-0.6031f,0.6278f,0.7573f,-0.5186f,0.397f,-0.0887f,0f,0f,0f,1f],start_interpolation: 0,interpolation_duration: 1}
$data merge entity $(bone_arm_right2) {transformation: [-0.6414f,-0.711f,-0.2884f,-0.2228f,-0.3923f,0.6269f,-0.6731f,0.6981f,0.6594f,-0.3186f,-0.681f,-0.3146f,0f,0f,0f,1f],start_interpolation: 0,interpolation_duration: 1}
$data merge entity $(bone_arm_right) {transformation: [-0.5247f,-0.766f,0.3713f,-0.1148f,-0.8115f,0.5819f,0.0536f,0.8977f,-0.2571f,-0.2732f,-0.927f,-0.1924f,0f,0f,0f,1f],start_interpolation: 0,interpolation_duration: 1}
$data merge entity $(bone_torso) {transformation: [-0.8593f,0.112f,0.499f,0f,-0.0047f,0.9739f,-0.2267f,0.5673f,-0.5114f,-0.1972f,-0.8364f,-0.0156f,0f,0f,0f,1f],start_interpolation: 0,interpolation_duration: 1}