# This file was generated by Animated Java via MC-Build. It is not recommended to edit this file directly.
$data merge entity $(bone_eyelid_right) {transformation: [-0.9946f,0.0988f,0.0302f,-0.0907f,0.101f,0.9917f,0.0798f,1.1869f,-0.0221f,0.0824f,-0.9964f,0.1563f,0f,0f,0f,1f],start_interpolation: 0,interpolation_duration: 1}
$data merge entity $(bone_eye_right) {transformation: [-0.9946f,0.0988f,0.0302f,-0.0906f,0.101f,0.9917f,0.0798f,1.187f,-0.0221f,0.0824f,-0.9964f,0.1547f,0f,0f,0f,1f],start_interpolation: 0,interpolation_duration: 1}
$data merge entity $(bone_eyelid_left) {transformation: [-0.9967f,-0.0754f,0.0302f,-0.09f,-0.0728f,0.9942f,0.0798f,1.168f,-0.036f,0.0773f,-0.9964f,0.1532f,0f,0f,0f,1f],start_interpolation: 0,interpolation_duration: 1}
$data merge entity $(bone_eye_left) {transformation: [-0.9967f,-0.0754f,0.0302f,0.128f,-0.0728f,0.9942f,0.0798f,1.1839f,-0.036f,0.0773f,-0.9964f,0.1611f,0f,0f,0f,1f],start_interpolation: 0,interpolation_duration: 1}
$data merge entity $(bone_mouth_closed) {transformation: [-0.9995f,0.0118f,0.0302f,-0.0081f,0.0142f,0.9967f,0.0798f,1.0165f,-0.0292f,0.0802f,-0.9964f,-0.0766f,0f,0f,0f,1f],start_interpolation: 0,interpolation_duration: 1}
$data merge entity $(bone_mouth_open) {transformation: [-0.9995f,0.0118f,0.0302f,-0.0083f,0.0142f,0.9967f,0.0798f,0.9859f,-0.0292f,0.0802f,-0.9964f,-0.0853f,0f,0f,0f,1f],start_interpolation: 0,interpolation_duration: 1}
$data merge entity $(bone_head) {transformation: [-0.9995f,0.0118f,0.0302f,0.0227f,0.0142f,0.9967f,0.0798f,0.9849f,-0.0292f,0.0802f,-0.9964f,-0.0782f,0f,0f,0f,1f],start_interpolation: 0,interpolation_duration: 1}
$data merge entity $(bone_neck) {transformation: [-0.9877f,-0.148f,-0.0499f,0.0343f,-0.1466f,0.9888f,-0.0295f,0.9077f,0.0537f,-0.0218f,-0.9983f,-0.0765f,0f,0f,0f,1f],start_interpolation: 0,interpolation_duration: 1}
$data merge entity $(bone_finger_left2) {transformation: [0.9012f,0.4335f,0.0034f,0.4196f,0.4212f,-0.8738f,-0.2432f,0.2056f,-0.1024f,0.2206f,-0.97f,0.0943f,0f,0f,0f,1f],start_interpolation: 0,interpolation_duration: 1}
$data merge entity $(bone_finger_left) {transformation: [0.2892f,0.9573f,0.0034f,0.4558f,0.9288f,-0.2797f,-0.2432f,0.3217f,-0.2318f,0.0735f,-0.97f,0.0653f,0f,0f,0f,1f],start_interpolation: 0,interpolation_duration: 1}
$data merge entity $(bone_finger_left4) {transformation: [0.9977f,-0.0273f,-0.0613f,0.3733f,-0.0437f,-0.9573f,-0.2859f,0.2107f,-0.0509f,0.2879f,-0.9563f,0.006f,0f,0f,0f,1f],start_interpolation: 0,interpolation_duration: 1}
$data merge entity $(bone_finger_left3) {transformation: [0.6622f,0.7468f,-0.0613f,0.4561f,0.7052f,-0.6488f,-0.2859f,0.2989f,-0.2533f,0.146f,-0.9563f,-0.0257f,0f,0f,0f,1f],start_interpolation: 0,interpolation_duration: 1}
$data merge entity $(bone_thumb_left2) {transformation: [-0.4634f,0.7848f,0.4116f,0.3909f,0.7145f,0.0561f,0.6974f,0.3603f,0.5242f,0.6172f,-0.5867f,0.1903f,0f,0f,0f,1f],start_interpolation: 0,interpolation_duration: 1}
$data merge entity $(bone_thumb_left) {transformation: [-0.4634f,0.8443f,0.2691f,0.4391f,0.7145f,0.1763f,0.6771f,0.4226f,0.5242f,0.506f,-0.685f,0.0883f,0f,0f,0f,1f],start_interpolation: 0,interpolation_duration: 1}
$data merge entity $(bone_hand_left) {transformation: [-0.1766f,0.9843f,0.0034f,0.3668f,0.9546f,0.1721f,-0.2432f,0.4487f,-0.2399f,-0.0397f,-0.97f,-0.0152f,0f,0f,0f,1f],start_interpolation: 0,interpolation_duration: 1}
$data merge entity $(bone_arm_left2) {transformation: [-0.3441f,0.9347f,0.0891f,0.2864f,0.9119f,0.3553f,-0.2056f,0.6638f,-0.2238f,0.0105f,-0.9746f,-0.1321f,0f,0f,0f,1f],start_interpolation: 0,interpolation_duration: 1}
$data merge entity $(bone_arm_left) {transformation: [-0.3251f,0.9444f,-0.0486f,0.2081f,0.9026f,0.3252f,0.2821f,0.8718f,0.2822f,0.0479f,-0.9582f,-0.0016f,0f,0f,0f,1f],start_interpolation: 0,interpolation_duration: 1}
$data merge entity $(bone_finger_right2) {transformation: [0.6999f,-0.1203f,0.704f,-0.5499f,0.6776f,0.4233f,-0.6013f,0.6092f,-0.2257f,0.898f,0.3778f,0.0889f,0f,0f,0f,1f],start_interpolation: 0,interpolation_duration: 1}
$data merge entity $(bone_finger_right) {transformation: [-0.0896f,-0.7045f,0.704f,-0.5387f,0.4525f,-0.6585f,-0.6013f,0.5526f,0.8873f,0.2647f,0.3778f,-0.022f,0f,0f,0f,1f],start_interpolation: 0,interpolation_duration: 1}
$data merge entity $(bone_finger_right4) {transformation: [0.6701f,-0.2397f,0.7025f,-0.48f,0.7145f,0.4646f,-0.5231f,0.5754f,-0.2009f,0.8525f,0.4826f,0.1099f,0f,0f,0f,1f],start_interpolation: 0,interpolation_duration: 1}
$data merge entity $(bone_finger_right3) {transformation: [-0.0581f,-0.7094f,0.7025f,-0.4727f,0.6337f,-0.5699f,-0.5231f,0.4962f,0.7714f,0.4147f,0.4826f,0.0135f,0f,0f,0f,1f],start_interpolation: 0,interpolation_duration: 1}
$data merge entity $(bone_thumb_right2) {transformation: [-0.2974f,-0.5877f,-0.7524f,-0.5418f,-0.4583f,0.7792f,-0.4275f,0.7281f,0.8376f,0.2177f,-0.5011f,-0.0892f,0f,0f,0f,1f],start_interpolation: 0,interpolation_duration: 1}
$data merge entity $(bone_thumb_right) {transformation: [-0.2974f,-0.9081f,0.2949f,-0.5142f,-0.4583f,-0.1352f,-0.8784f,0.604f,0.8376f,-0.3964f,-0.376f,-0.11f,0f,0f,0f,1f],start_interpolation: 0,interpolation_duration: 1}
$data merge entity $(bone_hand_right) {transformation: [-0.6135f,-0.3578f,0.704f,-0.3875f,-0.247f,-0.7599f,-0.6013f,0.6105f,0.7501f,-0.5428f,0.3778f,-0.0875f,0f,0f,0f,1f],start_interpolation: 0,interpolation_duration: 1}
$data merge entity $(bone_arm_right2) {transformation: [-0.6356f,-0.7214f,-0.2751f,-0.2251f,-0.4237f,0.6238f,-0.6568f,0.6907f,0.6454f,-0.3009f,-0.7021f,-0.3107f,0f,0f,0f,1f],start_interpolation: 0,interpolation_duration: 1}
$data merge entity $(bone_arm_right) {transformation: [-0.511f,-0.7759f,0.3699f,-0.1205f,-0.8127f,0.5763f,0.0863f,0.8884f,-0.2802f,-0.2565f,-0.925f,-0.1829f,0f,0f,0f,1f],start_interpolation: 0,interpolation_duration: 1}
$data merge entity $(bone_torso) {transformation: [-0.8593f,0.0954f,0.5025f,0f,-0.0047f,0.9809f,-0.1943f,0.5552f,-0.5114f,-0.1693f,-0.8425f,-0.0156f,0f,0f,0f,1f],start_interpolation: 0,interpolation_duration: 1}