# This file was generated by Animated Java via MC-Build. It is not recommended to edit this file directly.
$data merge entity $(bone_neck_spine5) {transformation: [-1.5581f,-0.0078f,-0.2107f,0.0809f,-0.0362f,1.5577f,0.2102f,4.282f,0.2078f,0.2132f,-1.5438f,-0.618f,0f,0f,0f,1f],start_interpolation: 0,interpolation_duration: 1}
$data merge entity $(bone_neck_spine2) {transformation: [-1.4839f,-0.0249f,-0.1993f,0.1613f,-0.0345f,1.4954f,0.0702f,5.7396f,0.1979f,0.0742f,-1.4824f,1.0885f,0f,0f,0f,1f],start_interpolation: 0,interpolation_duration: 1}
$data merge entity $(bone_scale_neck_left1) {transformation: [-1.5762f,0.4617f,-0.1239f,0.9508f,0.3828f,1.4749f,0.6253f,4.8588f,0.2863f,0.5696f,-1.5188f,0.9065f,0f,0f,0f,1f],start_interpolation: 0,interpolation_duration: 1}
$data merge entity $(bone_scale_neck_right1) {transformation: [-1.577f,-0.3632f,-0.3068f,-0.6073f,-0.4561f,1.4558f,0.6211f,4.8226f,0.1342f,0.6796f,-1.4944f,1.1143f,0f,0f,0f,1f],start_interpolation: 0,interpolation_duration: 1}
$data merge entity $(bone_blush_right1) {transformation: [-0.9979f,-0.002f,-0.0648f,-0.3665f,-0.0107f,0.9911f,0.133f,4.4562f,0.0639f,0.1334f,-0.989f,2.4506f,0f,0f,0f,1f],start_interpolation: 0,interpolation_duration: 1}
$data merge entity $(bone_blush_left1) {transformation: [-0.9979f,-0.002f,-0.0648f,0.9559f,-0.0107f,0.9911f,0.133f,4.4703f,0.0639f,0.1334f,-0.989f,2.3659f,0f,0f,0f,1f],start_interpolation: 0,interpolation_duration: 1}
$data merge entity $(bone_left_head_scales) {transformation: [-0.8552f,-0.002f,-0.5182f,0.9402f,-0.0709f,0.9911f,0.113f,5.2462f,0.5134f,0.1334f,-0.8477f,2.0738f,0f,0f,0f,1f],start_interpolation: 0,interpolation_duration: 1}
$data merge entity $(bone_left_head_scales2) {transformation: [-0.7803f,-0.002f,-0.6254f,0.9529f,-0.085f,0.9911f,0.1028f,4.3333f,0.6196f,0.1334f,-0.7735f,2.1206f,0f,0f,0f,1f],start_interpolation: 0,interpolation_duration: 1}
$data merge entity $(bone_left_head_scales1) {transformation: [-0.9979f,-0.002f,-0.0648f,0.9404f,-0.0107f,0.9911f,0.133f,5.1349f,0.0639f,0.1334f,-0.989f,2.0589f,0f,0f,0f,1f],start_interpolation: 0,interpolation_duration: 1}
$data merge entity $(bone_right_head_scales) {transformation: [-0.9151f,-0.002f,0.4033f,-0.4047f,0.052f,0.9911f,0.1229f,5.2318f,-0.4f,0.1334f,-0.9068f,2.16f,0f,0f,0f,1f],start_interpolation: 0,interpolation_duration: 1}
$data merge entity $(bone_right_head_scales2) {transformation: [-0.8546f,-0.002f,0.5193f,-0.3919f,0.0675f,0.9911f,0.115f,4.319f,-0.5149f,0.1334f,-0.8468f,2.2067f,0f,0f,0f,1f],start_interpolation: 0,interpolation_duration: 1}
$data merge entity $(bone_right_head_scales1) {transformation: [-0.9979f,-0.002f,-0.0648f,-0.4044f,-0.0107f,0.9911f,0.133f,5.1205f,0.0639f,0.1334f,-0.989f,2.145f,0f,0f,0f,1f],start_interpolation: 0,interpolation_duration: 1}
$data merge entity $(bone_head_left_fin1) {transformation: [-0.6805f,-0.0029f,-0.7972f,0.9358f,0.1608f,1.0261f,-0.1409f,4.7287f,0.7808f,-0.2138f,-0.6658f,1.9194f,0f,0f,0f,1f],start_interpolation: 0,interpolation_duration: 1}
$data merge entity $(bone_head_right_fin1) {transformation: [-0.771f,-0.0462f,0.7086f,-0.409f,-0.1763f,1.0257f,-0.1249f,4.7143f,-0.6879f,-0.211f,-0.7622f,2.0055f,0f,0f,0f,1f],start_interpolation: 0,interpolation_duration: 1}
$data merge entity $(bone_right_whisker16) {transformation: [0.2657f,0.9225f,-0.2798f,-0.934f,0.912f,-0.3347f,-0.2373f,2.0516f,-0.3126f,-0.1921f,-0.9303f,2.5541f,0f,0f,0f,1f],start_interpolation: 0,interpolation_duration: 1}
$data merge entity $(bone_right_whisker15) {transformation: [-0.88f,0.3839f,-0.2798f,-0.6376f,0.4508f,0.8605f,-0.2373f,1.8997f,0.1496f,-0.335f,-0.9303f,2.5037f,0f,0f,0f,1f],start_interpolation: 0,interpolation_duration: 1}
$data merge entity $(bone_right_whisker14) {transformation: [-0.7198f,-0.6353f,-0.2798f,-0.395f,-0.5893f,0.7723f,-0.2373f,2.0983f,0.3668f,-0.0059f,-0.9303f,2.3801f,0f,0f,0f,1f],start_interpolation: 0,interpolation_duration: 1}
$data merge entity $(bone_right_whisker13) {transformation: [-0.0957f,-0.9941f,-0.0504f,-0.3628f,-0.994f,0.0982f,-0.0491f,2.4331f,0.0538f,0.0454f,-0.9975f,2.3619f,0f,0f,0f,1f],start_interpolation: 0,interpolation_duration: 1}
$data merge entity $(bone_right_whisker12) {transformation: [0.0699f,-0.9971f,-0.0285f,-0.3942f,-0.9832f,-0.0737f,0.1672f,2.8748f,-0.1688f,0.0163f,-0.9855f,2.4378f,0f,0f,0f,1f],start_interpolation: 0,interpolation_duration: 1}
$data merge entity $(bone_right_whisker11) {transformation: [0.2892f,-0.9572f,-0.0061f,-0.5241f,-0.9486f,-0.2857f,-0.1362f,3.3009f,0.1286f,0.0452f,-0.9907f,2.38f,0f,0f,0f,1f],start_interpolation: 0,interpolation_duration: 1}
$data merge entity $(bone_right_whisker10) {transformation: [0.0627f,-0.9925f,0.1048f,-0.5523f,-0.9238f,-0.0974f,-0.3702f,3.7159f,0.3776f,-0.0736f,-0.923f,2.2104f,0f,0f,0f,1f],start_interpolation: 0,interpolation_duration: 1}
$data merge entity $(bone_right_whisker1) {transformation: [-0.3425f,-0.9364f,0.076f,-0.3984f,-0.9355f,0.3323f,-0.1203f,4.1362f,0.0874f,-0.1123f,-0.9898f,2.1711f,0f,0f,0f,1f],start_interpolation: 0,interpolation_duration: 1}
$data merge entity $(bone_left_whisker16) {transformation: [0.2525f,-0.9148f,0.3153f,1.4671f,-0.9122f,-0.3337f,-0.2376f,2.0503f,0.3226f,-0.2276f,-0.9188f,2.6005f,0f,0f,0f,1f],start_interpolation: 0,interpolation_duration: 1}
$data merge entity $(bone_left_whisker15) {transformation: [-0.874f,-0.3697f,0.3153f,1.1727f,-0.4499f,0.8609f,-0.2376f,1.8987f,-0.1835f,-0.3495f,-0.9188f,2.5386f,0f,0f,0f,1f],start_interpolation: 0,interpolation_duration: 1}
$data merge entity $(bone_left_whisker14) {transformation: [-0.7045f,0.6359f,0.3153f,0.9353f,0.5901f,0.7716f,-0.2376f,2.0975f,-0.3944f,0.0186f,-0.9188f,2.4058f,0f,0f,0f,1f],start_interpolation: 0,interpolation_duration: 1}
$data merge entity $(bone_left_whisker13) {transformation: [-0.0925f,0.9917f,0.0888f,0.9041f,0.9941f,0.0971f,-0.0492f,2.4325f,-0.0574f,0.0837f,-0.9948f,2.3864f,0f,0f,0f,1f],start_interpolation: 0,interpolation_duration: 1}
$data merge entity $(bone_left_whisker12) {transformation: [0.0644f,0.9957f,0.0667f,0.9331f,0.9831f,-0.0747f,0.1671f,2.8741f,0.1714f,0.0548f,-0.9837f,2.4634f,0f,0f,0f,1f],start_interpolation: 0,interpolation_duration: 1}
$data merge entity $(bone_left_whisker11) {transformation: [0.295f,0.9545f,0.0443f,1.0656f,0.9483f,-0.2868f,-0.1362f,3.3001f,-0.1173f,0.0822f,-0.9897f,2.4107f,0f,0f,0f,1f],start_interpolation: 0,interpolation_duration: 1}
$data merge entity $(bone_left_whisker10) {transformation: [0.0782f,0.9945f,-0.0695f,1.1007f,0.9238f,-0.0985f,-0.3701f,3.715f,-0.3749f,-0.0352f,-0.9264f,2.2423f,0f,0f,0f,1f],start_interpolation: 0,interpolation_duration: 1}
$data merge entity $(bone_left_whisker1) {transformation: [-0.3378f,0.9404f,-0.0379f,0.949f,0.9358f,0.3313f,-0.1203f,4.1354f,-0.1006f,-0.0761f,-0.992f,2.1971f,0f,0f,0f,1f],start_interpolation: 0,interpolation_duration: 1}
$data merge entity $(bone_upper_left_tooth1) {transformation: [-0.9979f,-0.0077f,-0.0643f,0.6515f,-0.0107f,0.9989f,0.0461f,4.4605f,0.0639f,0.0467f,-0.9969f,3.1462f,0f,0f,0f,1f],start_interpolation: 0,interpolation_duration: 1}
$data merge entity $(bone_upper_right_tooth1) {transformation: [-0.9979f,-0.0077f,-0.0643f,-0.0209f,-0.0107f,0.9989f,0.0461f,4.4533f,0.0639f,0.0467f,-0.9969f,3.1893f,0f,0f,0f,1f],start_interpolation: 0,interpolation_duration: 1}
$data merge entity $(bone_top_lip1) {transformation: [-0.9979f,-0.0393f,-0.0515f,0.3423f,-0.0107f,0.8841f,-0.4672f,4.5806f,0.0639f,-0.4657f,-0.8826f,3.1717f,0f,0f,0f,1f],start_interpolation: 0,interpolation_duration: 1}
$data merge entity $(bone_muzzle1) {transformation: [-0.9979f,-0.0077f,-0.0643f,0.3049f,-0.0107f,0.9989f,0.0461f,4.7748f,0.0639f,0.0467f,-0.9969f,2.6198f,0f,0f,0f,1f],start_interpolation: 0,interpolation_duration: 1}
$data merge entity $(bone_jaw_right_tooth1) {transformation: [-0.9979f,-0.0398f,-0.0512f,-0.0158f,-0.0107f,0.8794f,-0.476f,4.2528f,0.0639f,-0.4745f,-0.878f,3.236f,0f,0f,0f,1f],start_interpolation: 0,interpolation_duration: 1}
$data merge entity $(bone_jaw_left_tooth1) {transformation: [-0.9979f,-0.0398f,-0.0512f,0.7126f,-0.0107f,0.8794f,-0.476f,4.2606f,0.0639f,-0.4745f,-0.878f,3.1894f,0f,0f,0f,1f],start_interpolation: 0,interpolation_duration: 1}
$data merge entity $(bone_tongue1) {transformation: [-0.9979f,-0.0118f,-0.0637f,0.2976f,-0.0107f,0.9998f,-0.0182f,4.2381f,0.0639f,-0.0174f,-0.9978f,2.4166f,0f,0f,0f,1f],start_interpolation: 0,interpolation_duration: 1}
$data merge entity $(bone_jaw_lips1) {transformation: [-0.9979f,-0.0118f,-0.0637f,0.4124f,-0.0107f,0.9998f,-0.0182f,4.1259f,0.0639f,-0.0174f,-0.9978f,3.3118f,0f,0f,0f,1f],start_interpolation: 0,interpolation_duration: 1}
$data merge entity $(bone_jaw3) {transformation: [-0.9979f,-0.0303f,-0.0573f,0.3635f,-0.0107f,0.9487f,-0.3161f,3.762f,0.0639f,-0.3148f,-0.947f,2.4875f,0f,0f,0f,1f],start_interpolation: 0,interpolation_duration: 1}
$data merge entity $(bone_jaw1) {transformation: [-0.9979f,0.0191f,-0.0619f,0.3079f,-0.0107f,0.8943f,0.4473f,4.1639f,0.0639f,0.447f,-0.8922f,1.6858f,0f,0f,0f,1f],start_interpolation: 0,interpolation_duration: 1}
$data merge entity $(bone_tear_right1) {transformation: [-0.9979f,-0.002f,-0.0648f,-0.3047f,-0.0107f,0.9911f,0.133f,4.8329f,0.0639f,0.1334f,-0.989f,2.5994f,0f,0f,0f,1f],start_interpolation: 0,interpolation_duration: 1}
$data merge entity $(bone_right_pupil1) {transformation: [-0.9979f,-0.002f,-0.0648f,-0.1157f,-0.0107f,0.9911f,0.133f,4.9372f,0.0639f,0.1334f,-0.989f,2.6692f,0f,0f,0f,1f],start_interpolation: 0,interpolation_duration: 1}
$data merge entity $(bone_right_sad_pupil1) {transformation: [-0.9979f,-0.002f,-0.0648f,-0.1164f,-0.0107f,0.9911f,0.133f,4.9387f,0.0639f,0.1334f,-0.989f,2.6581f,0f,0f,0f,1f],start_interpolation: 0,interpolation_duration: 1}
$data merge entity $(bone_right_happy_pupil1) {transformation: [-0.9979f,-0.002f,-0.0648f,-0.1444f,-0.0107f,0.9911f,0.133f,4.9106f,0.0639f,0.1334f,-0.989f,2.6562f,0f,0f,0f,1f],start_interpolation: 0,interpolation_duration: 1}
$data merge entity $(bone_eyelid_right1) {transformation: [-0.9979f,-0.002f,-0.0648f,0.2788f,-0.0107f,0.9911f,0.133f,4.9623f,0.0639f,0.1334f,-0.989f,2.0676f,0f,0f,0f,1f],start_interpolation: 0,interpolation_duration: 1}
$data merge entity $(bone_eyelid_expressions_right5) {transformation: [-0.9979f,-0.002f,-0.0648f,-0.2455f,-0.0107f,0.9911f,0.133f,5.0486f,0.0639f,0.1334f,-0.989f,2.6813f,0f,0f,0f,1f],start_interpolation: 0,interpolation_duration: 1}
$data merge entity $(bone_eyelid_expressions_right7) {transformation: [-0.9979f,-0.002f,-0.0648f,0.0907f,-0.0107f,0.9911f,0.133f,5.0522f,0.0639f,0.1334f,-0.989f,2.6598f,0f,0f,0f,1f],start_interpolation: 0,interpolation_duration: 1}
$data merge entity $(bone_eyelid_expressions_right6) {transformation: [-0.9979f,-0.002f,-0.0648f,-0.0214f,-0.0107f,0.9911f,0.133f,5.051f,0.0639f,0.1334f,-0.989f,2.667f,0f,0f,0f,1f],start_interpolation: 0,interpolation_duration: 1}
$data merge entity $(bone_right_eye1) {transformation: [-0.9979f,-0.002f,-0.0648f,0.2683f,-0.0107f,0.9911f,0.133f,4.9607f,0.0639f,0.1334f,-0.989f,2.0795f,0f,0f,0f,1f],start_interpolation: 0,interpolation_duration: 1}
$data merge entity $(bone_tear_left1) {transformation: [-0.9979f,-0.002f,-0.0648f,0.9056f,-0.0107f,0.9911f,0.133f,4.8458f,0.0639f,0.1334f,-0.989f,2.5219f,0f,0f,0f,1f],start_interpolation: 0,interpolation_duration: 1}
$data merge entity $(bone_left_sad_pupil1) {transformation: [-0.9979f,-0.002f,-0.0648f,0.7241f,-0.0107f,0.9911f,0.133f,4.9477f,0.0639f,0.1334f,-0.989f,2.6043f,0f,0f,0f,1f],start_interpolation: 0,interpolation_duration: 1}
$data merge entity $(bone_left_pupil1) {transformation: [-0.9979f,-0.002f,-0.0648f,0.7248f,-0.0107f,0.9911f,0.133f,4.9462f,0.0639f,0.1334f,-0.989f,2.6154f,0f,0f,0f,1f],start_interpolation: 0,interpolation_duration: 1}
$data merge entity $(bone_eyelid_left1) {transformation: [-0.9979f,-0.002f,-0.0648f,0.2564f,-0.0107f,0.9911f,0.133f,4.9621f,0.0639f,0.1334f,-0.989f,2.0691f,0f,0f,0f,1f],start_interpolation: 0,interpolation_duration: 1}
$data merge entity $(bone_left_happy_pupil1) {transformation: [-0.9979f,-0.002f,-0.0648f,0.7522f,-0.0107f,0.9911f,0.133f,4.9202f,0.0639f,0.1334f,-0.989f,2.5987f,0f,0f,0f,1f],start_interpolation: 0,interpolation_duration: 1}
$data merge entity $(bone_eyelid_expressions_left5) {transformation: [-0.9979f,-0.002f,-0.0648f,0.8528f,-0.0107f,0.9911f,0.133f,5.0604f,0.0639f,0.1334f,-0.989f,2.611f,0f,0f,0f,1f],start_interpolation: 0,interpolation_duration: 1}
$data merge entity $(bone_eyelid_expressions_left7) {transformation: [-0.9979f,-0.002f,-0.0648f,0.5165f,-0.0107f,0.9911f,0.133f,5.0568f,0.0639f,0.1334f,-0.989f,2.6325f,0f,0f,0f,1f],start_interpolation: 0,interpolation_duration: 1}
$data merge entity $(bone_eyelid_expressions_left6) {transformation: [-0.9979f,-0.002f,-0.0648f,0.6286f,-0.0107f,0.9911f,0.133f,5.058f,0.0639f,0.1334f,-0.989f,2.6254f,0f,0f,0f,1f],start_interpolation: 0,interpolation_duration: 1}
$data merge entity $(bone_left_eye1) {transformation: [-0.9979f,-0.002f,-0.0648f,0.2683f,-0.0107f,0.9911f,0.133f,4.9607f,0.0639f,0.1334f,-0.989f,2.0795f,0f,0f,0f,1f],start_interpolation: 0,interpolation_duration: 1}
$data merge entity $(bone_crest_middle5) {transformation: [-0.9979f,-0.016f,-0.0628f,0.2964f,-0.0107f,0.9964f,-0.0847f,6.2706f,0.0639f,-0.0838f,-0.9944f,2.7358f,0f,0f,0f,1f],start_interpolation: 0,interpolation_duration: 1}
$data merge entity $(bone_crest_middle4) {transformation: [-0.9979f,-0.016f,-0.0628f,0.3072f,-0.0107f,0.9964f,-0.0847f,5.5993f,0.0639f,-0.0838f,-0.9944f,2.7923f,0f,0f,0f,1f],start_interpolation: 0,interpolation_duration: 1}
$data merge entity $(bone_crest_middle1) {transformation: [-0.9979f,-0.016f,-0.0628f,0.3205f,-0.0107f,0.9964f,-0.0847f,5.1029f,0.0639f,-0.0838f,-0.9944f,2.9184f,0f,0f,0f,1f],start_interpolation: 0,interpolation_duration: 1}
$data merge entity $(bone_crest_left5) {transformation: [-0.5345f,-0.844f,0.0458f,-0.7981f,-0.8416f,0.5364f,0.0635f,5.6102f,-0.0782f,-0.0046f,-0.9969f,2.8186f,0f,0f,0f,1f],start_interpolation: 0,interpolation_duration: 1}
$data merge entity $(bone_crest_left4) {transformation: [-0.5345f,-0.844f,0.0458f,-0.3242f,-0.8416f,0.5364f,0.0635f,5.309f,-0.0782f,-0.0046f,-0.9969f,2.8212f,0f,0f,0f,1f],start_interpolation: 0,interpolation_duration: 1}
$data merge entity $(bone_crest_left1) {transformation: [-0.5345f,-0.844f,0.0458f,0.1997f,-0.8416f,0.5364f,0.0635f,4.9812f,-0.0782f,-0.0046f,-0.9969f,2.768f,0f,0f,0f,1f],start_interpolation: 0,interpolation_duration: 1}
$data merge entity $(bone_crest_center1) {transformation: [-0.9979f,-0.002f,-0.0648f,0.3118f,-0.0107f,0.9911f,0.133f,4.9546f,0.0639f,0.1334f,-0.989f,2.7571f,0f,0f,0f,1f],start_interpolation: 0,interpolation_duration: 1}
$data merge entity $(bone_crest_right5) {transformation: [-0.5379f,0.8249f,-0.1739f,1.4063f,0.8301f,0.5542f,0.0612f,5.6337f,0.1468f,-0.1115f,-0.9829f,2.6774f,0f,0f,0f,1f],start_interpolation: 0,interpolation_duration: 1}
$data merge entity $(bone_crest_right4) {transformation: [-0.5379f,0.8249f,-0.1739f,0.9431f,0.8301f,0.5542f,0.0612f,5.3225f,0.1468f,-0.1115f,-0.9829f,2.74f,0f,0f,0f,1f],start_interpolation: 0,interpolation_duration: 1}
$data merge entity $(bone_crest_right1) {transformation: [-0.5379f,0.8249f,-0.1739f,0.4238f,0.8301f,0.5542f,0.0612f,4.9836f,0.1468f,-0.1115f,-0.9829f,2.7537f,0f,0f,0f,1f],start_interpolation: 0,interpolation_duration: 1}
$data merge entity $(bone_head1) {transformation: [-1.046f,-0.0021f,-0.0679f,0.2284f,-0.0112f,1.0388f,0.1394f,4.9872f,0.067f,0.1398f,-1.0366f,1.4611f,0f,0f,0f,1f],start_interpolation: 0,interpolation_duration: 1}
$data merge entity $(bone_neck10) {transformation: [-1.4839f,0.0014f,-0.2008f,0.0849f,-0.0345f,1.4734f,0.2648f,4.7339f,0.1979f,0.267f,-1.46f,0.3407f,0f,0f,0f,1f],start_interpolation: 0,interpolation_duration: 1}
$data merge entity $(bone_neck9) {transformation: [-1.1352f,0.0343f,-0.1498f,0.0486f,-0.0264f,1.0566f,0.4417f,3.3656f,0.1514f,0.4411f,-1.0463f,-0.1703f,0f,0f,0f,1f],start_interpolation: 0,interpolation_duration: 1}
$data merge entity $(bone_neck8) {transformation: [-1.054f,-0.0423f,-0.133f,0.0843f,-0.0154f,1.0421f,-0.2097f,2.5946f,0.1387f,-0.206f,-1.0337f,0.016f,0f,0f,0f,1f],start_interpolation: 0,interpolation_duration: 1}
$data merge entity $(bone_neck7) {transformation: [-1.0475f,-0.0532f,-0.1197f,0.135f,0f,0.9647f,-0.4286f,1.7307f,0.131f,-0.4253f,-0.9573f,0.421f,0f,0f,0f,1f],start_interpolation: 0,interpolation_duration: 1}
$data merge entity $(bone_neck6) {transformation: [-1.0416f,-0.0337f,-0.1258f,0.1637f,0f,1.0139f,-0.2717f,0.8325f,0.1303f,-0.2696f,-1.0061f,0.6507f,0f,0f,0f,1f],start_interpolation: 0,interpolation_duration: 1}
$data merge entity $(bone_neck_spine6) {transformation: [-1.2648f,-0.0019f,0.1427f,-0.1858f,0.1372f,-0.3647f,1.2117f,0.7266f,0.0391f,1.2194f,0.3627f,-1.8589f,0f,0f,0f,1f],start_interpolation: 0,interpolation_duration: 1}
$data merge entity $(bone_neck_spine7) {transformation: [-0.8542f,-0.4172f,0.3103f,0.5619f,0.3204f,0.0477f,0.9461f,1.8154f,-0.4095f,0.9076f,0.0929f,-5.1468f,0f,0f,0f,1f],start_interpolation: 0,interpolation_duration: 1}
$data merge entity $(bone_tail6) {transformation: [-0.9166f,-0.997f,1.0636f,2.8066f,1.1612f,0.2603f,1.2446f,1.0647f,-0.8814f,1.3797f,0.5338f,-8.3292f,0f,0f,0f,1f],start_interpolation: 0,interpolation_duration: 1}
$data merge entity $(bone_tail5) {transformation: [-0.7572f,-0.8236f,0.8786f,2.2864f,0.9593f,0.215f,1.0282f,1.2005f,-0.7281f,1.1398f,0.4409f,-7.6094f,0f,0f,0f,1f],start_interpolation: 0,interpolation_duration: 1}
$data merge entity $(bone_tail4) {transformation: [-0.5579f,-0.6069f,0.6474f,2.0264f,0.7068f,0.1584f,0.7576f,1.2684f,-0.5365f,0.8398f,0.3249f,-7.2495f,0f,0f,0f,1f],start_interpolation: 0,interpolation_duration: 1}
$data merge entity $(bone_segment18) {transformation: [-0.5323f,-0.579f,0.6177f,1.7013f,0.6743f,0.1511f,0.7228f,1.3533f,-0.5118f,0.8012f,0.31f,-6.7996f,0f,0f,0f,1f],start_interpolation: 0,interpolation_duration: 1}
$data merge entity $(bone_segment17) {transformation: [-0.5323f,-0.579f,0.6177f,1.2786f,0.6743f,0.1511f,0.7228f,1.4636f,-0.5118f,0.8012f,0.31f,-6.2147f,0f,0f,0f,1f],start_interpolation: 0,interpolation_duration: 1}
$data merge entity $(bone_segment16) {transformation: [-0.668f,-0.6989f,0.2556f,0.6114f,0.3655f,-0.0089f,0.9308f,1.4552f,-0.6483f,0.7151f,0.2614f,-5.532f,0f,0f,0f,1f],start_interpolation: 0,interpolation_duration: 1}
$data merge entity $(bone_segment15) {transformation: [-0.8542f,-0.4833f,0.1918f,0.0416f,0.3204f,-0.1988f,0.9262f,1.2208f,-0.4095f,0.8526f,0.3246f,-4.5266f,0f,0f,0f,1f],start_interpolation: 0,interpolation_duration: 1}
$data merge entity $(bone_segment14) {transformation: [-1.0122f,-0.2492f,0.1092f,-0.2388f,0.2117f,-0.4567f,0.9194f,0.707f,-0.171f,0.9099f,0.4914f,-3.5029f,0f,0f,0f,1f],start_interpolation: 0,interpolation_duration: 1}
$data merge entity $(bone_segment13) {transformation: [-1.0193f,-0.0215f,0.113f,-0.2677f,0.1106f,-0.459f,0.9106f,0.1292f,0.0315f,0.917f,0.4585f,-2.4111f,0f,0f,0f,1f],start_interpolation: 0,interpolation_duration: 1}
$data merge entity $(bone_segment12) {transformation: [-1.1027f,0.1135f,0.1248f,-0.1307f,0.0975f,-0.2446f,1.084f,-0.1663f,0.1376f,1.0825f,0.2319f,-1.1034f,0f,0f,0f,1f],start_interpolation: 0,interpolation_duration: 1}
$data merge entity $(bone_segment11) {transformation: [-1.1755f,0.1814f,0.0503f,0.076f,0.1068f,0.381f,1.1227f,0.2743f,0.155f,1.1131f,-0.3925f,0.1834f,0f,0f,0f,1f],start_interpolation: 0,interpolation_duration: 1}
$data merge entity $(bone_segment10) {transformation: [-1.041f,0.1013f,-0.0691f,0.1735f,0.0515f,0.8972f,0.5395f,1.193f,0.1113f,0.5324f,-0.896f,0.7291f,0f,0f,0f,1f],start_interpolation: 0,interpolation_duration: 1}
data modify entity @s data merge value {"cameras":{},"locators":{"mouth":{"posx":0.3889326351043289,"posy":4.551137531256375,"posz":3.8942166550735045,"roty":180.87473167423053,"rotx":82.33387039517086}}}