# This file was generated by Animated Java via MC-Build. It is not recommended to edit this file directly.
$data merge entity $(bone_neck_spine5) {transformation: [-1.5642f,-0.0367f,-0.1545f,0.1172f,-0.0527f,1.563f,0.1618f,4.2597f,0.1498f,0.1661f,-1.5563f,-0.6646f,0f,0f,0f,1f],start_interpolation: 0,interpolation_duration: 1}
$data merge entity $(bone_neck_spine2) {transformation: [-1.4897f,-0.0474f,-0.1436f,0.1131f,-0.0502f,1.4963f,0.0266f,5.7664f,0.1426f,0.0313f,-1.4903f,1.0013f,0f,0f,0f,1f],start_interpolation: 0,interpolation_duration: 1}
$data merge entity $(bone_scale_neck_left1) {transformation: [-1.5909f,0.4202f,-0.0742f,0.9205f,0.3681f,1.4965f,0.5815f,4.8922f,0.2158f,0.5451f,-1.5393f,0.874f,0f,0f,0f,1f],start_interpolation: 0,interpolation_duration: 1}
$data merge entity $(bone_scale_neck_right1) {transformation: [-1.5748f,-0.408f,-0.2578f,-0.6437f,-0.4747f,1.4686f,0.5754f,4.8396f,0.0873f,0.6244f,-1.5217f,1.0238f,0f,0f,0f,1f],start_interpolation: 0,interpolation_duration: 1}
$data merge entity $(bone_blush_right1) {transformation: [-0.998f,-0.0205f,-0.0605f,-0.4161f,-0.0278f,0.9921f,0.1225f,4.4933f,0.0576f,0.124f,-0.9906f,2.3878f,0f,0f,0f,1f],start_interpolation: 0,interpolation_duration: 1}
$data merge entity $(bone_blush_left1) {transformation: [-0.998f,-0.0205f,-0.0605f,0.9064f,-0.0278f,0.9921f,0.1225f,4.5302f,0.0576f,0.124f,-0.9906f,2.3115f,0f,0f,0f,1f],start_interpolation: 0,interpolation_duration: 1}
$data merge entity $(bone_left_head_scales) {transformation: [-0.8572f,-0.0205f,-0.5145f,0.8789f,-0.0812f,0.9921f,0.0958f,5.3029f,0.5085f,0.124f,-0.8521f,2.012f,0f,0f,0f,1f],start_interpolation: 0,interpolation_duration: 1}
$data merge entity $(bone_left_head_scales2) {transformation: [-0.7827f,-0.0205f,-0.622f,0.9075f,-0.0931f,0.9921f,0.0844f,4.3909f,0.6153f,0.124f,-0.7785f,2.0675f,0f,0f,0f,1f],start_interpolation: 0,interpolation_duration: 1}
$data merge entity $(bone_left_head_scales1) {transformation: [-0.998f,-0.0205f,-0.0605f,0.8812f,-0.0278f,0.9921f,0.1225f,5.1915f,0.0576f,0.124f,-0.9906f,1.998f,0f,0f,0f,1f],start_interpolation: 0,interpolation_duration: 1}
$data merge entity $(bone_right_head_scales) {transformation: [-0.9132f,-0.0205f,0.4071f,-0.466f,0.0319f,0.9921f,0.1215f,5.2654f,-0.4064f,0.124f,-0.9053f,2.0895f,0f,0f,0f,1f],start_interpolation: 0,interpolation_duration: 1}
$data merge entity $(bone_right_head_scales2) {transformation: [-0.8522f,-0.0205f,0.5228f,-0.4374f,0.0475f,0.9921f,0.1163f,4.3534f,-0.521f,0.124f,-0.8445f,2.145f,0f,0f,0f,1f],start_interpolation: 0,interpolation_duration: 1}
$data merge entity $(bone_right_head_scales1) {transformation: [-0.998f,-0.0205f,-0.0605f,-0.4637f,-0.0278f,0.9921f,0.1225f,5.154f,0.0576f,0.124f,-0.9906f,2.0756f,0f,0f,0f,1f],start_interpolation: 0,interpolation_duration: 1}
$data merge entity $(bone_head_left_fin1) {transformation: [-0.6884f,-0.0197f,-0.7901f,0.8847f,0.1559f,1.0239f,-0.1613f,4.784f,0.7749f,-0.2235f,-0.6696f,1.8624f,0f,0f,0f,1f],start_interpolation: 0,interpolation_duration: 1}
$data merge entity $(bone_head_right_fin1) {transformation: [-0.7632f,-0.063f,0.7157f,-0.4602f,-0.1964f,1.0227f,-0.1194f,4.7465f,-0.6911f,-0.221f,-0.7564f,1.94f,0f,0f,0f,1f],start_interpolation: 0,interpolation_duration: 1}
$data merge entity $(bone_right_whisker16) {transformation: [0.2675f,0.9352f,-0.2321f,-0.9672f,0.9207f,-0.3191f,-0.2247f,2.0735f,-0.2842f,-0.1535f,-0.9464f,2.403f,0f,0f,0f,1f],start_interpolation: 0,interpolation_duration: 1}
$data merge entity $(bone_right_whisker15) {transformation: [-0.8923f,0.3873f,-0.2321f,-0.6666f,0.4366f,0.8711f,-0.2247f,1.9264f,0.1151f,-0.3018f,-0.9464f,2.3642f,0f,0f,0f,1f],start_interpolation: 0,interpolation_duration: 1}
$data merge entity $(bone_right_whisker14) {transformation: [-0.7281f,-0.645f,-0.2321f,-0.4213f,-0.605f,0.7638f,-0.2247f,2.1302f,0.3222f,-0.0232f,-0.9464f,2.2556f,0f,0f,0f,1f],start_interpolation: 0,interpolation_duration: 1}
$data merge entity $(bone_right_whisker13) {transformation: [-0.0843f,-0.9964f,-0.0024f,-0.3929f,-0.9959f,0.0843f,-0.0324f,2.4658f,0.0325f,-0.0004f,-0.9995f,2.2447f,0f,0f,0f,1f],start_interpolation: 0,interpolation_duration: 1}
$data merge entity $(bone_right_whisker12) {transformation: [0.0915f,-0.9957f,0.0159f,-0.434f,-0.9791f,-0.087f,0.1839f,2.9056f,-0.1817f,-0.0324f,-0.9828f,2.3263f,0f,0f,0f,1f],start_interpolation: 0,interpolation_duration: 1}
$data merge entity $(bone_right_whisker11) {transformation: [0.296f,-0.9542f,0.0427f,-0.567f,-0.9468f,-0.299f,-0.119f,3.3309f,0.1263f,-0.0052f,-0.992f,2.2696f,0f,0f,0f,1f],start_interpolation: 0,interpolation_duration: 1}
$data merge entity $(bone_right_whisker10) {transformation: [0.0576f,-0.9865f,0.1536f,-0.5929f,-0.9294f,-0.1092f,-0.3526f,3.7484f,0.3646f,-0.1224f,-0.9231f,2.1058f,0f,0f,0f,1f],start_interpolation: 0,interpolation_duration: 1}
$data merge entity $(bone_right_whisker1) {transformation: [-0.3332f,-0.9346f,0.1245f,-0.4432f,-0.9412f,0.3219f,-0.1021f,4.1712f,0.0553f,-0.1512f,-0.987f,2.0809f,0f,0f,0f,1f],start_interpolation: 0,interpolation_duration: 1}
$data merge entity $(bone_left_whisker16) {transformation: [0.2496f,-0.8982f,0.3617f,1.4288f,-0.9143f,-0.3417f,-0.2175f,2.1029f,0.3189f,-0.2764f,-0.9066f,2.5636f,0f,0f,0f,1f],start_interpolation: 0,interpolation_duration: 1}
$data merge entity $(bone_left_whisker15) {transformation: [-0.858f,-0.3647f,0.3617f,1.1397f,-0.4581f,0.8619f,-0.2175f,1.9486f,-0.2325f,-0.3523f,-0.9066f,2.4853f,0f,0f,0f,1f],start_interpolation: 0,interpolation_duration: 1}
$data merge entity $(bone_left_whisker14) {transformation: [-0.6932f,0.6235f,0.3617f,0.9062f,0.5876f,0.7794f,-0.2175f,2.1466f,-0.4175f,0.0618f,-0.9066f,2.3446f,0f,0f,0f,1f],start_interpolation: 0,interpolation_duration: 1}
$data merge entity $(bone_left_whisker13) {transformation: [-0.1035f,0.9852f,0.1365f,0.8713f,0.9936f,0.1086f,-0.0307f,2.4813f,-0.0451f,0.1325f,-0.9902f,2.3294f,0f,0f,0f,1f],start_interpolation: 0,interpolation_duration: 1}
$data merge entity $(bone_left_whisker12) {transformation: [0.0425f,0.9929f,0.1109f,0.8904f,0.9807f,-0.0626f,0.1851f,2.9219f,0.1907f,0.1009f,-0.9764f,2.4151f,0f,0f,0f,1f],start_interpolation: 0,interpolation_duration: 1}
$data merge entity $(bone_left_whisker11) {transformation: [0.287f,0.9534f,0.093f,1.0193f,0.954f,-0.2756f,-0.1184f,3.3504f,-0.0873f,0.1227f,-0.9886f,2.3759f,0f,0f,0f,1f],start_interpolation: 0,interpolation_duration: 1}
$data merge entity $(bone_left_whisker10) {transformation: [0.083f,0.9963f,-0.0203f,1.0566f,0.9311f,-0.0848f,-0.3548f,3.7687f,-0.3552f,0.0105f,-0.9347f,2.2164f,0f,0f,0f,1f],start_interpolation: 0,interpolation_duration: 1}
$data merge entity $(bone_left_whisker1) {transformation: [-0.3457f,0.9383f,0.0108f,0.9013f,0.9329f,0.3449f,-0.1035f,4.1878f,-0.1008f,-0.0257f,-0.9946f,2.1711f,0f,0f,0f,1f],start_interpolation: 0,interpolation_duration: 1}
$data merge entity $(bone_upper_left_tooth1) {transformation: [-0.998f,-0.0257f,-0.0585f,0.5971f,-0.0278f,0.999f,0.0356f,4.5223f,0.0576f,0.0371f,-0.9977f,3.0899f,0f,0f,0f,1f],start_interpolation: 0,interpolation_duration: 1}
$data merge entity $(bone_upper_right_tooth1) {transformation: [-0.998f,-0.0257f,-0.0585f,-0.0754f,-0.0278f,0.999f,0.0356f,4.5035f,0.0576f,0.0371f,-0.9977f,3.1286f,0f,0f,0f,1f],start_interpolation: 0,interpolation_duration: 1}
$data merge entity $(bone_top_lip1) {transformation: [-0.998f,-0.0518f,-0.0375f,0.2857f,-0.0278f,0.8794f,-0.4753f,4.6371f,0.0576f,-0.4733f,-0.879f,3.1122f,0f,0f,0f,1f],start_interpolation: 0,interpolation_duration: 1}
$data merge entity $(bone_muzzle1) {transformation: [-0.998f,-0.0257f,-0.0585f,0.2485f,-0.0278f,0.999f,0.0356f,4.8254f,0.0576f,0.0371f,-0.9977f,2.5583f,0f,0f,0f,1f],start_interpolation: 0,interpolation_duration: 1}
$data merge entity $(bone_jaw_right_tooth1) {transformation: [-0.998f,-0.0518f,-0.0374f,-0.0665f,-0.0278f,0.8789f,-0.4762f,4.2883f,0.0576f,-0.4742f,-0.8785f,3.1783f,0f,0f,0f,1f],start_interpolation: 0,interpolation_duration: 1}
$data merge entity $(bone_jaw_left_tooth1) {transformation: [-0.998f,-0.0518f,-0.0374f,0.662f,-0.0278f,0.8789f,-0.4762f,4.3086f,0.0576f,-0.4742f,-0.8785f,3.1363f,0f,0f,0f,1f],start_interpolation: 0,interpolation_duration: 1}
$data merge entity $(bone_tongue1) {transformation: [-0.998f,-0.0279f,-0.0575f,0.252f,-0.0278f,0.9996f,-0.0019f,4.2945f,0.0576f,-0.0003f,-0.9983f,2.363f,0f,0f,0f,1f],start_interpolation: 0,interpolation_duration: 1}
$data merge entity $(bone_jaw_lips1) {transformation: [-0.998f,-0.0279f,-0.0575f,0.3633f,-0.0278f,0.9996f,-0.0019f,4.1687f,0.0576f,-0.0003f,-0.9983f,3.2567f,0f,0f,0f,1f],start_interpolation: 0,interpolation_duration: 1}
$data merge entity $(bone_jaw3) {transformation: [-0.998f,-0.0446f,-0.0458f,0.3259f,-0.0278f,0.9482f,-0.3164f,3.8045f,0.0576f,-0.3145f,-0.9475f,2.4319f,0f,0f,0f,1f],start_interpolation: 0,interpolation_duration: 1}
$data merge entity $(bone_jaw1) {transformation: [-0.998f,0.0009f,-0.0639f,0.2685f,-0.0278f,0.8942f,0.4468f,4.2059f,0.0576f,0.4476f,-0.8924f,1.6302f,0f,0f,0f,1f],start_interpolation: 0,interpolation_duration: 1}
$data merge entity $(bone_tear_right1) {transformation: [-0.998f,-0.0205f,-0.0605f,-0.362f,-0.0278f,0.9921f,0.1225f,4.8725f,0.0576f,0.124f,-0.9906f,2.5334f,0f,0f,0f,1f],start_interpolation: 0,interpolation_duration: 1}
$data merge entity $(bone_right_pupil1) {transformation: [-0.998f,-0.0205f,-0.0605f,-0.1753f,-0.0278f,0.9921f,0.1225f,4.9808f,0.0576f,0.124f,-0.9906f,2.6034f,0f,0f,0f,1f],start_interpolation: 0,interpolation_duration: 1}
$data merge entity $(bone_right_sad_pupil1) {transformation: [-0.998f,-0.0205f,-0.0605f,-0.1759f,-0.0278f,0.9921f,0.1225f,4.9822f,0.0576f,0.124f,-0.9906f,2.5923f,0f,0f,0f,1f],start_interpolation: 0,interpolation_duration: 1}
$data merge entity $(bone_right_happy_pupil1) {transformation: [-0.998f,-0.0205f,-0.0605f,-0.2034f,-0.0278f,0.9921f,0.1225f,4.9535f,0.0576f,0.124f,-0.9906f,2.5904f,0f,0f,0f,1f],start_interpolation: 0,interpolation_duration: 1}
$data merge entity $(bone_eyelid_right1) {transformation: [-0.998f,-0.0205f,-0.0605f,0.2227f,-0.0278f,0.9921f,0.1225f,5.0073f,0.0576f,0.124f,-0.9906f,2.0042f,0f,0f,0f,1f],start_interpolation: 0,interpolation_duration: 1}
$data merge entity $(bone_eyelid_expressions_right5) {transformation: [-0.998f,-0.0205f,-0.0605f,-0.3071f,-0.0278f,0.9921f,0.1225f,5.09f,0.0576f,0.124f,-0.9906f,2.6136f,0f,0f,0f,1f],start_interpolation: 0,interpolation_duration: 1}
$data merge entity $(bone_eyelid_expressions_right7) {transformation: [-0.998f,-0.0205f,-0.0605f,0.0291f,-0.0278f,0.9921f,0.1225f,5.0994f,0.0576f,0.124f,-0.9906f,2.5942f,0f,0f,0f,1f],start_interpolation: 0,interpolation_duration: 1}
$data merge entity $(bone_eyelid_expressions_right6) {transformation: [-0.998f,-0.0205f,-0.0605f,-0.083f,-0.0278f,0.9921f,0.1225f,5.0962f,0.0576f,0.124f,-0.9906f,2.6007f,0f,0f,0f,1f],start_interpolation: 0,interpolation_duration: 1}
$data merge entity $(bone_right_eye1) {transformation: [-0.998f,-0.0205f,-0.0605f,0.2122f,-0.0278f,0.9921f,0.1225f,5.0056f,0.0576f,0.124f,-0.9906f,2.0159f,0f,0f,0f,1f],start_interpolation: 0,interpolation_duration: 1}
$data merge entity $(bone_tear_left1) {transformation: [-0.998f,-0.0205f,-0.0605f,0.8485f,-0.0278f,0.9921f,0.1225f,4.9062f,0.0576f,0.124f,-0.9906f,2.4636f,0f,0f,0f,1f],start_interpolation: 0,interpolation_duration: 1}
$data merge entity $(bone_left_sad_pupil1) {transformation: [-0.998f,-0.0205f,-0.0605f,0.6646f,-0.0278f,0.9921f,0.1225f,5.0056f,0.0576f,0.124f,-0.9906f,2.5438f,0f,0f,0f,1f],start_interpolation: 0,interpolation_duration: 1}
$data merge entity $(bone_left_pupil1) {transformation: [-0.998f,-0.0205f,-0.0605f,0.6653f,-0.0278f,0.9921f,0.1225f,5.0042f,0.0576f,0.124f,-0.9906f,2.5549f,0f,0f,0f,1f],start_interpolation: 0,interpolation_duration: 1}
$data merge entity $(bone_eyelid_left1) {transformation: [-0.998f,-0.0205f,-0.0605f,0.2003f,-0.0278f,0.9921f,0.1225f,5.0067f,0.0576f,0.124f,-0.9906f,2.0055f,0f,0f,0f,1f],start_interpolation: 0,interpolation_duration: 1}
$data merge entity $(bone_left_happy_pupil1) {transformation: [-0.998f,-0.0205f,-0.0605f,0.6932f,-0.0278f,0.9921f,0.1225f,4.9785f,0.0576f,0.124f,-0.9906f,2.5387f,0f,0f,0f,1f],start_interpolation: 0,interpolation_duration: 1}
$data merge entity $(bone_eyelid_expressions_left5) {transformation: [-0.998f,-0.0205f,-0.0605f,0.7912f,-0.0278f,0.9921f,0.1225f,5.1206f,0.0576f,0.124f,-0.9906f,2.5503f,0f,0f,0f,1f],start_interpolation: 0,interpolation_duration: 1}
$data merge entity $(bone_eyelid_expressions_left7) {transformation: [-0.998f,-0.0205f,-0.0605f,0.455f,-0.0278f,0.9921f,0.1225f,5.1112f,0.0576f,0.124f,-0.9906f,2.5697f,0f,0f,0f,1f],start_interpolation: 0,interpolation_duration: 1}
$data merge entity $(bone_eyelid_expressions_left6) {transformation: [-0.998f,-0.0205f,-0.0605f,0.5671f,-0.0278f,0.9921f,0.1225f,5.1143f,0.0576f,0.124f,-0.9906f,2.5632f,0f,0f,0f,1f],start_interpolation: 0,interpolation_duration: 1}
$data merge entity $(bone_left_eye1) {transformation: [-0.998f,-0.0205f,-0.0605f,0.2122f,-0.0278f,0.9921f,0.1225f,5.0056f,0.0576f,0.124f,-0.9906f,2.0159f,0f,0f,0f,1f],start_interpolation: 0,interpolation_duration: 1}
$data merge entity $(bone_crest_middle5) {transformation: [-0.998f,-0.0331f,-0.0547f,0.2126f,-0.0278f,0.9951f,-0.0951f,6.3219f,0.0576f,-0.0934f,-0.994f,2.66f,0f,0f,0f,1f],start_interpolation: 0,interpolation_duration: 1}
$data merge entity $(bone_crest_middle4) {transformation: [-0.998f,-0.0331f,-0.0547f,0.235f,-0.0278f,0.9951f,-0.0951f,5.6514f,0.0576f,-0.0934f,-0.994f,2.7229f,0f,0f,0f,1f],start_interpolation: 0,interpolation_duration: 1}
$data merge entity $(bone_crest_middle1) {transformation: [-0.998f,-0.0331f,-0.0547f,0.2563f,-0.0278f,0.9951f,-0.0951f,5.1565f,0.0576f,-0.0934f,-0.994f,2.8538f,0f,0f,0f,1f],start_interpolation: 0,interpolation_duration: 1}
$data merge entity $(bone_crest_left5) {transformation: [-0.5189f,-0.8533f,0.0513f,-0.8705f,-0.8517f,0.5212f,0.055f,5.6429f,-0.0736f,-0.0151f,-0.9972f,2.742f,0f,0f,0f,1f],start_interpolation: 0,interpolation_duration: 1}
$data merge entity $(bone_crest_left4) {transformation: [-0.5189f,-0.8533f,0.0513f,-0.3913f,-0.8517f,0.5212f,0.055f,5.3502f,-0.0736f,-0.0151f,-0.9972f,2.7505f,0f,0f,0f,1f],start_interpolation: 0,interpolation_duration: 1}
$data merge entity $(bone_crest_left1) {transformation: [-0.5189f,-0.8533f,0.0513f,0.1386f,-0.8517f,0.5212f,0.055f,5.0313f,-0.0736f,-0.0151f,-0.9972f,2.7038f,0f,0f,0f,1f],start_interpolation: 0,interpolation_duration: 1}
$data merge entity $(bone_crest_center1) {transformation: [-0.998f,-0.0205f,-0.0605f,0.2513f,-0.0278f,0.9921f,0.1225f,5.0066f,0.0576f,0.124f,-0.9906f,2.6939f,0f,0f,0f,1f],start_interpolation: 0,interpolation_duration: 1}
$data merge entity $(bone_crest_right5) {transformation: [-0.5535f,0.8156f,-0.1685f,1.334f,0.8218f,0.5677f,0.0488f,5.7043f,0.1355f,-0.1114f,-0.9845f,2.6148f,0f,0f,0f,1f],start_interpolation: 0,interpolation_duration: 1}
$data merge entity $(bone_crest_right4) {transformation: [-0.5535f,0.8156f,-0.1685f,0.876f,0.8218f,0.5677f,0.0488f,5.3855f,0.1355f,-0.1114f,-0.9845f,2.6774f,0f,0f,0f,1f],start_interpolation: 0,interpolation_duration: 1}
$data merge entity $(bone_crest_right1) {transformation: [-0.5535f,0.8156f,-0.1685f,0.3628f,0.8218f,0.5677f,0.0488f,5.0376f,0.1355f,-0.1114f,-0.9845f,2.6909f,0f,0f,0f,1f],start_interpolation: 0,interpolation_duration: 1}
$data merge entity $(bone_head1) {transformation: [-1.046f,-0.0215f,-0.0635f,0.1759f,-0.0292f,1.0399f,0.1284f,5.0256f,0.0603f,0.1299f,-1.0383f,1.3971f,0f,0f,0f,1f],start_interpolation: 0,interpolation_duration: 1}
$data merge entity $(bone_neck10) {transformation: [-1.4897f,-0.0282f,-0.1485f,0.0786f,-0.0502f,1.48f,0.2217f,4.7395f,0.1426f,0.2255f,-1.4734f,0.2796f,0f,0f,0f,1f],start_interpolation: 0,interpolation_duration: 1}
$data merge entity $(bone_neck9) {transformation: [-1.1397f,0.0033f,-0.1156f,0.08f,-0.0384f,1.0695f,0.4086f,3.3564f,0.1091f,0.4104f,-1.0639f,-0.1913f,0f,0f,0f,1f],start_interpolation: 0,interpolation_duration: 1}
$data merge entity $(bone_neck8) {transformation: [-1.0581f,-0.0481f,-0.0912f,0.1188f,-0.0273f,1.0375f,-0.2303f,2.5895f,0.0995f,-0.2269f,-1.0339f,0.0105f,0f,0f,0f,1f],start_interpolation: 0,interpolation_duration: 1}
$data merge entity $(bone_neck7) {transformation: [-1.0521f,-0.0357f,-0.0788f,0.1528f,0f,0.9615f,-0.4358f,1.7288f,0.0865f,-0.4343f,-0.9583f,0.4238f,0f,0f,0f,1f],start_interpolation: 0,interpolation_duration: 1}
$data merge entity $(bone_neck6) {transformation: [-1.0461f,-0.0223f,-0.0831f,0.1718f,0f,1.0139f,-0.2717f,0.8305f,0.0861f,-0.2708f,-1.0105f,0.6544f,0f,0f,0f,1f],start_interpolation: 0,interpolation_duration: 1}
$data merge entity $(bone_neck_spine6) {transformation: [-1.247f,0.1243f,0.2225f,-0.0952f,0.1782f,-0.3694f,1.2049f,0.6895f,0.1823f,1.2116f,0.3445f,-1.8593f,0f,0f,0f,1f],start_interpolation: 0,interpolation_duration: 1}
$data merge entity $(bone_neck_spine7) {transformation: [-0.9215f,-0.2335f,0.3104f,0.144f,0.3177f,0.0068f,0.9482f,1.843f,-0.2235f,0.9723f,0.068f,-5.2172f,0f,0f,0f,1f],start_interpolation: 0,interpolation_duration: 1}
$data merge entity $(bone_tail6) {transformation: [-0.9727f,-0.792f,1.1798f,1.9063f,1.265f,0.1688f,1.1562f,1.2866f,-0.6474f,1.5197f,0.4865f,-8.7117f,0f,0f,0f,1f],start_interpolation: 0,interpolation_duration: 1}
$data merge entity $(bone_tail5) {transformation: [-0.8035f,-0.6543f,0.9746f,1.4931f,1.045f,0.1394f,0.9551f,1.3747f,-0.5348f,1.2554f,0.4019f,-7.9188f,0f,0f,0f,1f],start_interpolation: 0,interpolation_duration: 1}
$data merge entity $(bone_tail4) {transformation: [-0.5921f,-0.4821f,0.7181f,1.2865f,0.77f,0.1027f,0.7037f,1.4187f,-0.3941f,0.925f,0.2961f,-7.5224f,0f,0f,0f,1f],start_interpolation: 0,interpolation_duration: 1}
$data merge entity $(bone_segment18) {transformation: [-0.5648f,-0.4599f,0.6851f,1.0282f,0.7346f,0.098f,0.6714f,1.4737f,-0.376f,0.8825f,0.2825f,-7.0268f,0f,0f,0f,1f],start_interpolation: 0,interpolation_duration: 1}
$data merge entity $(bone_segment17) {transformation: [-0.5648f,-0.4599f,0.6851f,0.6925f,0.7346f,0.098f,0.6714f,1.5453f,-0.376f,0.8825f,0.2825f,-6.3826f,0f,0f,0f,1f],start_interpolation: 0,interpolation_duration: 1}
$data merge entity $(bone_segment16) {transformation: [-0.7519f,-0.5973f,0.2791f,0.1223f,0.382f,-0.0496f,0.9228f,1.4979f,-0.5374f,0.8005f,0.2655f,-5.6185f,0f,0f,0f,1f],start_interpolation: 0,interpolation_duration: 1}
$data merge entity $(bone_segment15) {transformation: [-0.9215f,-0.3059f,0.2394f,-0.2384f,0.3177f,-0.2389f,0.9176f,1.2162f,-0.2235f,0.9216f,0.3173f,-4.5317f,0f,0f,0f,1f],start_interpolation: 0,interpolation_duration: 1}
$data merge entity $(bone_segment14) {transformation: [-1.0263f,-0.0856f,0.1953f,-0.3347f,0.2127f,-0.4781f,0.9082f,0.6783f,0.015f,0.9288f,0.4855f,-3.4868f,0f,0f,0f,1f],start_interpolation: 0,interpolation_duration: 1}
$data merge entity $(bone_segment13) {transformation: [-1.0049f,0.0675f,0.194f,-0.2587f,0.1436f,-0.4618f,0.9046f,0.0974f,0.1469f,0.9134f,0.443f,-2.3988f,0f,0f,0f,1f],start_interpolation: 0,interpolation_duration: 1}
$data merge entity $(bone_segment12) {transformation: [-1.0905f,0.145f,0.1851f,-0.0836f,0.1519f,-0.2361f,1.0797f,-0.1878f,0.1795f,1.0806f,0.211f,-1.0934f,0f,0f,0f,1f],start_interpolation: 0,interpolation_duration: 1}
$data merge entity $(bone_segment11) {transformation: [-1.1752f,0.1685f,0.0879f,0.1071f,0.1399f,0.3941f,1.1146f,0.2681f,0.1287f,1.1106f,-0.4088f,0.1905f,0f,0f,0f,1f],start_interpolation: 0,interpolation_duration: 1}
$data merge entity $(bone_segment10) {transformation: [-1.0449f,0.0755f,-0.0353f,0.1783f,0.0471f,0.9013f,0.533f,1.191f,0.0687f,0.5297f,-0.9019f,0.7332f,0f,0f,0f,1f],start_interpolation: 0,interpolation_duration: 1}
data modify entity @s data merge value {"cameras":{},"locators":{"mouth":{"posx":0.32798710923904206,"posy":4.615245323883047,"posz":3.8352419950850347,"roty":189.38934385901064,"rotx":82.78229777302398}}}