# This file was generated by Animated Java via MC-Build. It is not recommended to edit this file directly.
$data merge entity $(bone_neck_spine5) {transformation: [-1.5665f,-0.044f,-0.127f,0.1305f,-0.0557f,1.5646f,0.1452f,4.2519f,0.1223f,0.1492f,-1.5604f,-0.6808f,0f,0f,0f,1f],start_interpolation: 0,interpolation_duration: 1}
$data merge entity $(bone_neck_spine2) {transformation: [-1.4919f,-0.0518f,-0.1171f,0.0926f,-0.053f,1.4964f,0.0133f,5.7746f,0.1165f,0.0174f,-1.4928f,0.9707f,0f,0f,0f,1f],start_interpolation: 0,interpolation_duration: 1}
$data merge entity $(bone_scale_neck_left1) {transformation: [-1.5955f,0.4065f,-0.0483f,0.9044f,0.3655f,1.5023f,0.5679f,4.9016f,0.1842f,0.5394f,-1.5454f,0.8654f,0f,0f,0f,1f],start_interpolation: 0,interpolation_duration: 1}
$data merge entity $(bone_scale_neck_right1) {transformation: [-1.5749f,-0.4229f,-0.2321f,-0.6621f,-0.4782f,1.4728f,0.5614f,4.846f,0.0634f,0.6042f,-1.531f,0.9878f,0f,0f,0f,1f],start_interpolation: 0,interpolation_duration: 1}
$data merge entity $(bone_blush_right1) {transformation: [-0.9981f,-0.0253f,-0.0561f,-0.4444f,-0.0319f,0.9923f,0.1199f,4.5051f,0.0526f,0.1214f,-0.9912f,2.363f,0f,0f,0f,1f],start_interpolation: 0,interpolation_duration: 1}
$data merge entity $(bone_blush_left1) {transformation: [-0.9981f,-0.0253f,-0.0561f,0.8783f,-0.0319f,0.9923f,0.1199f,4.5473f,0.0526f,0.1214f,-0.9912f,2.2933f,0f,0f,0f,1f],start_interpolation: 0,interpolation_duration: 1}
$data merge entity $(bone_left_head_scales) {transformation: [-0.8594f,-0.0253f,-0.5106f,0.849f,-0.0836f,0.9923f,0.0916f,5.3192f,0.5044f,0.1214f,-0.8549f,1.9917f,0f,0f,0f,1f],start_interpolation: 0,interpolation_duration: 1}
$data merge entity $(bone_left_head_scales2) {transformation: [-0.7854f,-0.0253f,-0.6184f,0.8811f,-0.0949f,0.9923f,0.0799f,4.4075f,0.6116f,0.1214f,-0.7818f,2.0496f,0f,0f,0f,1f],start_interpolation: 0,interpolation_duration: 1}
$data merge entity $(bone_left_head_scales1) {transformation: [-0.9981f,-0.0253f,-0.0561f,0.8518f,-0.0319f,0.9923f,0.1199f,5.2077f,0.0526f,0.1214f,-0.9912f,1.9781f,0f,0f,0f,1f],start_interpolation: 0,interpolation_duration: 1}
$data merge entity $(bone_right_head_scales) {transformation: [-0.9112f,-0.0253f,0.4111f,-0.4961f,0.0271f,0.9923f,0.1211f,5.2762f,-0.411f,0.1214f,-0.9035f,2.0626f,0f,0f,0f,1f],start_interpolation: 0,interpolation_duration: 1}
$data merge entity $(bone_right_head_scales2) {transformation: [-0.8498f,-0.0253f,0.5266f,-0.464f,0.0427f,0.9923f,0.1165f,4.3645f,-0.5254f,0.1214f,-0.8421f,2.1205f,0f,0f,0f,1f],start_interpolation: 0,interpolation_duration: 1}
$data merge entity $(bone_right_head_scales1) {transformation: [-0.9981f,-0.0253f,-0.0561f,-0.4933f,-0.0319f,0.9923f,0.1199f,5.1648f,0.0526f,0.1214f,-0.9912f,2.049f,0f,0f,0f,1f],start_interpolation: 0,interpolation_duration: 1}
$data merge entity $(bone_head_left_fin1) {transformation: [-0.693f,-0.0228f,-0.7861f,0.8577f,0.1549f,1.0232f,-0.1663f,4.7999f,0.771f,-0.2261f,-0.6731f,1.8434f,0f,0f,0f,1f],start_interpolation: 0,interpolation_duration: 1}
$data merge entity $(bone_head_right_fin1) {transformation: [-0.7589f,-0.0662f,0.72f,-0.4874f,-0.2012f,1.0219f,-0.1182f,4.757f,-0.6945f,-0.2238f,-0.7525f,1.9143f,0f,0f,0f,1f],start_interpolation: 0,interpolation_duration: 1}
$data merge entity $(bone_right_whisker16) {transformation: [0.2675f,0.9383f,-0.219f,-0.9889f,0.9237f,-0.3145f,-0.219f,2.0801f,-0.2744f,-0.1437f,-0.9508f,2.3512f,0f,0f,0f,1f],start_interpolation: 0,interpolation_duration: 1}
$data merge entity $(bone_right_whisker15) {transformation: [-0.8954f,0.3877f,-0.219f,-0.6872f,0.4323f,0.8747f,-0.219f,1.9344f,0.1066f,-0.2908f,-0.9508f,2.3153f,0f,0f,0f,1f],start_interpolation: 0,interpolation_duration: 1}
$data merge entity $(bone_right_whisker14) {transformation: [-0.7298f,-0.6476f,-0.219f,-0.4414f,-0.6101f,0.7615f,-0.219f,2.1399f,0.3086f,-0.0262f,-0.9508f,2.2113f,0f,0f,0f,1f],start_interpolation: 0,interpolation_duration: 1}
$data merge entity $(bone_right_whisker13) {transformation: [-0.0808f,-0.9967f,0.0106f,-0.4142f,-0.9964f,0.0805f,-0.0254f,2.4757f,0.0245f,-0.0126f,-0.9996f,2.2031f,0f,0f,0f,1f],start_interpolation: 0,interpolation_duration: 1}
$data merge entity $(bone_right_whisker12) {transformation: [0.0977f,-0.9948f,0.0278f,-0.458f,-0.9774f,-0.0906f,0.1908f,2.9147f,-0.1873f,-0.0458f,-0.9812f,2.2872f,0f,0f,0f,1f],start_interpolation: 0,interpolation_duration: 1}
$data merge entity $(bone_right_whisker11) {transformation: [0.2981f,-0.9529f,0.0559f,-0.5919f,-0.9465f,-0.3027f,-0.1119f,3.3399f,0.1236f,-0.0196f,-0.9921f,2.2317f,0f,0f,0f,1f],start_interpolation: 0,interpolation_duration: 1}
$data merge entity $(bone_right_whisker10) {transformation: [0.0566f,-0.9844f,0.1668f,-0.6173f,-0.9317f,-0.1121f,-0.3456f,3.7584f,0.3589f,-0.1359f,-0.9235f,2.0705f,0f,0f,0f,1f],start_interpolation: 0,interpolation_duration: 1}
$data merge entity $(bone_right_whisker1) {transformation: [-0.3301f,-0.9339f,0.1376f,-0.469f,-0.9429f,0.3194f,-0.0947f,4.182f,0.0445f,-0.161f,-0.986f,2.0506f,0f,0f,0f,1f],start_interpolation: 0,interpolation_duration: 1}
$data merge entity $(bone_left_whisker16) {transformation: [0.2491f,-0.8933f,0.3742f,1.4047f,-0.9156f,-0.3431f,-0.2097f,2.1176f,0.3157f,-0.2904f,-0.9033f,2.5429f,0f,0f,0f,1f],start_interpolation: 0,interpolation_duration: 1}
$data merge entity $(bone_left_whisker15) {transformation: [-0.8531f,-0.3636f,0.3742f,1.1173f,-0.4597f,0.8629f,-0.2097f,1.9627f,-0.2467f,-0.3509f,-0.9033f,2.4598f,0f,0f,0f,1f],start_interpolation: 0,interpolation_duration: 1}
$data merge entity $(bone_left_whisker14) {transformation: [-0.69f,0.6195f,0.3742f,0.8848f,0.5878f,0.7813f,-0.2097f,2.1607f,-0.4223f,0.0752f,-0.9033f,2.3175f,0f,0f,0f,1f],start_interpolation: 0,interpolation_duration: 1}
$data merge entity $(bone_left_whisker13) {transformation: [-0.1068f,0.983f,0.1494f,0.8488f,0.9935f,0.1115f,-0.0232f,2.4954f,-0.0395f,0.1459f,-0.9885f,2.3042f,0f,0f,0f,1f],start_interpolation: 0,interpolation_duration: 1}
$data merge entity $(bone_left_whisker12) {transformation: [0.0362f,0.9918f,0.1227f,0.8651f,0.9795f,-0.0595f,0.1923f,2.9355f,0.1981f,0.1132f,-0.9736f,2.3932f,0f,0f,0f,1f],start_interpolation: 0,interpolation_duration: 1}
$data merge entity $(bone_left_whisker11) {transformation: [0.2843f,0.9528f,0.1062f,0.9928f,0.9556f,-0.2728f,-0.1111f,3.3647f,-0.0769f,0.133f,-0.9881f,2.3586f,0f,0f,0f,1f],start_interpolation: 0,interpolation_duration: 1}
$data merge entity $(bone_left_whisker10) {transformation: [0.0839f,0.9964f,-0.0069f,1.0305f,0.9339f,-0.0811f,-0.3483f,3.7843f,-0.3476f,0.0228f,-0.9374f,2.2025f,0f,0f,0f,1f],start_interpolation: 0,interpolation_duration: 1}
$data merge entity $(bone_left_whisker1) {transformation: [-0.348f,0.9372f,0.024f,0.8742f,0.9323f,0.3487f,-0.0965f,4.2031f,-0.0988f,-0.0112f,-0.995f,2.1581f,0f,0f,0f,1f],start_interpolation: 0,interpolation_duration: 1}
$data merge entity $(bone_upper_left_tooth1) {transformation: [-0.9981f,-0.0301f,-0.0537f,0.565f,-0.0319f,0.9989f,0.0329f,4.54f,0.0526f,0.0346f,-0.998f,3.0701f,0f,0f,0f,1f],start_interpolation: 0,interpolation_duration: 1}
$data merge entity $(bone_upper_right_tooth1) {transformation: [-0.9981f,-0.0301f,-0.0537f,-0.1075f,-0.0319f,0.9989f,0.0329f,4.5185f,0.0526f,0.0346f,-0.998f,3.1055f,0f,0f,0f,1f],start_interpolation: 0,interpolation_duration: 1}
$data merge entity $(bone_top_lip1) {transformation: [-0.9981f,-0.0531f,-0.0311f,0.253f,-0.0319f,0.8785f,-0.4767f,4.6536f,0.0526f,-0.4748f,-0.8785f,3.0906f,0f,0f,0f,1f],start_interpolation: 0,interpolation_duration: 1}
$data merge entity $(bone_muzzle1) {transformation: [-0.9981f,-0.0301f,-0.0537f,0.2178f,-0.0319f,0.9989f,0.0329f,4.8404f,0.0526f,0.0346f,-0.998f,2.536f,0f,0f,0f,1f],start_interpolation: 0,interpolation_duration: 1}
$data merge entity $(bone_jaw_right_tooth1) {transformation: [-0.9981f,-0.053f,-0.0311f,-0.0979f,-0.0319f,0.8789f,-0.4759f,4.2989f,0.0526f,-0.474f,-0.8789f,3.156f,0f,0f,0f,1f],start_interpolation: 0,interpolation_duration: 1}
$data merge entity $(bone_jaw_left_tooth1) {transformation: [-0.9981f,-0.053f,-0.0311f,0.6307f,-0.0319f,0.8789f,-0.4759f,4.3222f,0.0526f,-0.474f,-0.8789f,3.1176f,0f,0f,0f,1f],start_interpolation: 0,interpolation_duration: 1}
$data merge entity $(bone_tongue1) {transformation: [-0.9981f,-0.0316f,-0.0527f,0.2246f,-0.0319f,0.9995f,0.0034f,4.3113f,0.0526f,0.005f,-0.9986f,2.3429f,0f,0f,0f,1f],start_interpolation: 0,interpolation_duration: 1}
$data merge entity $(bone_jaw_lips1) {transformation: [-0.9981f,-0.0316f,-0.0527f,0.3321f,-0.0319f,0.9995f,0.0034f,4.181f,0.0526f,0.005f,-0.9986f,3.2365f,0f,0f,0f,1f],start_interpolation: 0,interpolation_duration: 1}
$data merge entity $(bone_jaw3) {transformation: [-0.9981f,-0.0468f,-0.0399f,0.3002f,-0.0319f,0.9482f,-0.3161f,3.8172f,0.0526f,-0.3142f,-0.9479f,2.4113f,0f,0f,0f,1f],start_interpolation: 0,interpolation_duration: 1}
$data merge entity $(bone_jaw1) {transformation: [-0.9981f,-0.0049f,-0.0613f,0.2451f,-0.0319f,0.894f,0.447f,4.2188f,0.0526f,0.4481f,-0.8924f,1.6095f,0f,0f,0f,1f],start_interpolation: 0,interpolation_duration: 1}
$data merge entity $(bone_tear_right1) {transformation: [-0.9981f,-0.0253f,-0.0561f,-0.3927f,-0.0319f,0.9923f,0.1199f,4.8848f,0.0526f,0.1214f,-0.9912f,2.5079f,0f,0f,0f,1f],start_interpolation: 0,interpolation_duration: 1}
$data merge entity $(bone_right_pupil1) {transformation: [-0.9981f,-0.0253f,-0.0561f,-0.2068f,-0.0319f,0.9923f,0.1199f,4.9941f,0.0526f,0.1214f,-0.9912f,2.5786f,0f,0f,0f,1f],start_interpolation: 0,interpolation_duration: 1}
$data merge entity $(bone_right_sad_pupil1) {transformation: [-0.9981f,-0.0253f,-0.0561f,-0.2074f,-0.0319f,0.9923f,0.1199f,4.9954f,0.0526f,0.1214f,-0.9912f,2.5675f,0f,0f,0f,1f],start_interpolation: 0,interpolation_duration: 1}
$data merge entity $(bone_right_happy_pupil1) {transformation: [-0.9981f,-0.0253f,-0.0561f,-0.2347f,-0.0319f,0.9923f,0.1199f,4.9667f,0.0526f,0.1214f,-0.9912f,2.5656f,0f,0f,0f,1f],start_interpolation: 0,interpolation_duration: 1}
$data merge entity $(bone_eyelid_right1) {transformation: [-0.9981f,-0.0253f,-0.0561f,0.1941f,-0.0319f,0.9923f,0.1199f,5.0208f,0.0526f,0.1214f,-0.9912f,1.9813f,0f,0f,0f,1f],start_interpolation: 0,interpolation_duration: 1}
$data merge entity $(bone_eyelid_expressions_right5) {transformation: [-0.9981f,-0.0253f,-0.0561f,-0.3391f,-0.0319f,0.9923f,0.1199f,5.1028f,0.0526f,0.1214f,-0.9912f,2.5879f,0f,0f,0f,1f],start_interpolation: 0,interpolation_duration: 1}
$data merge entity $(bone_eyelid_expressions_right7) {transformation: [-0.9981f,-0.0253f,-0.0561f,-0.0029f,-0.0319f,0.9923f,0.1199f,5.1135f,0.0526f,0.1214f,-0.9912f,2.5702f,0f,0f,0f,1f],start_interpolation: 0,interpolation_duration: 1}
$data merge entity $(bone_eyelid_expressions_right6) {transformation: [-0.9981f,-0.0253f,-0.0561f,-0.1149f,-0.0319f,0.9923f,0.1199f,5.1099f,0.0526f,0.1214f,-0.9912f,2.5761f,0f,0f,0f,1f],start_interpolation: 0,interpolation_duration: 1}
$data merge entity $(bone_right_eye1) {transformation: [-0.9981f,-0.0253f,-0.0561f,0.1835f,-0.0319f,0.9923f,0.1199f,5.0191f,0.0526f,0.1214f,-0.9912f,1.9931f,0f,0f,0f,1f],start_interpolation: 0,interpolation_duration: 1}
$data merge entity $(bone_tear_left1) {transformation: [-0.9981f,-0.0253f,-0.0561f,0.8179f,-0.0319f,0.9923f,0.1199f,4.9235f,0.0526f,0.1214f,-0.9912f,2.4441f,0f,0f,0f,1f],start_interpolation: 0,interpolation_duration: 1}
$data merge entity $(bone_left_sad_pupil1) {transformation: [-0.9981f,-0.0253f,-0.0561f,0.6333f,-0.0319f,0.9923f,0.1199f,5.0223f,0.0526f,0.1214f,-0.9912f,2.5232f,0f,0f,0f,1f],start_interpolation: 0,interpolation_duration: 1}
$data merge entity $(bone_left_pupil1) {transformation: [-0.9981f,-0.0253f,-0.0561f,0.6339f,-0.0319f,0.9923f,0.1199f,5.0209f,0.0526f,0.1214f,-0.9912f,2.5343f,0f,0f,0f,1f],start_interpolation: 0,interpolation_duration: 1}
$data merge entity $(bone_eyelid_left1) {transformation: [-0.9981f,-0.0253f,-0.0561f,0.1717f,-0.0319f,0.9923f,0.1199f,5.0201f,0.0526f,0.1214f,-0.9912f,1.9825f,0f,0f,0f,1f],start_interpolation: 0,interpolation_duration: 1}
$data merge entity $(bone_left_happy_pupil1) {transformation: [-0.9981f,-0.0253f,-0.0561f,0.662f,-0.0319f,0.9923f,0.1199f,4.9953f,0.0526f,0.1214f,-0.9912f,2.5183f,0f,0f,0f,1f],start_interpolation: 0,interpolation_duration: 1}
$data merge entity $(bone_eyelid_expressions_left5) {transformation: [-0.9981f,-0.0253f,-0.0561f,0.7594f,-0.0319f,0.9923f,0.1199f,5.1378f,0.0526f,0.1214f,-0.9912f,2.53f,0f,0f,0f,1f],start_interpolation: 0,interpolation_duration: 1}
$data merge entity $(bone_eyelid_expressions_left7) {transformation: [-0.9981f,-0.0253f,-0.0561f,0.4231f,-0.0319f,0.9923f,0.1199f,5.1271f,0.0526f,0.1214f,-0.9912f,2.5478f,0f,0f,0f,1f],start_interpolation: 0,interpolation_duration: 1}
$data merge entity $(bone_eyelid_expressions_left6) {transformation: [-0.9981f,-0.0253f,-0.0561f,0.5352f,-0.0319f,0.9923f,0.1199f,5.1307f,0.0526f,0.1214f,-0.9912f,2.5418f,0f,0f,0f,1f],start_interpolation: 0,interpolation_duration: 1}
$data merge entity $(bone_left_eye1) {transformation: [-0.9981f,-0.0253f,-0.0561f,0.1835f,-0.0319f,0.9923f,0.1199f,5.0191f,0.0526f,0.1214f,-0.9912f,1.9931f,0f,0f,0f,1f],start_interpolation: 0,interpolation_duration: 1}
$data merge entity $(bone_crest_middle5) {transformation: [-0.9981f,-0.0368f,-0.0493f,0.1752f,-0.0319f,0.9947f,-0.0977f,6.337f,0.0526f,-0.096f,-0.994f,2.6339f,0f,0f,0f,1f],start_interpolation: 0,interpolation_duration: 1}
$data merge entity $(bone_crest_middle4) {transformation: [-0.9981f,-0.0368f,-0.0493f,0.2f,-0.0319f,0.9947f,-0.0977f,5.6667f,0.0526f,-0.096f,-0.994f,2.6986f,0f,0f,0f,1f],start_interpolation: 0,interpolation_duration: 1}
$data merge entity $(bone_crest_middle1) {transformation: [-0.9981f,-0.0368f,-0.0493f,0.2228f,-0.0319f,0.9947f,-0.0977f,5.1722f,0.0526f,-0.096f,-0.994f,2.8308f,0f,0f,0f,1f],start_interpolation: 0,interpolation_duration: 1}
$data merge entity $(bone_crest_left5) {transformation: [-0.515f,-0.8554f,0.0561f,-0.9054f,-0.854f,0.5176f,0.0528f,5.6536f,-0.0742f,-0.0207f,-0.997f,2.7121f,0f,0f,0f,1f],start_interpolation: 0,interpolation_duration: 1}
$data merge entity $(bone_crest_left4) {transformation: [-0.515f,-0.8554f,0.0561f,-0.4251f,-0.854f,0.5176f,0.0528f,5.3629f,-0.0742f,-0.0207f,-0.997f,2.7237f,0f,0f,0f,1f],start_interpolation: 0,interpolation_duration: 1}
$data merge entity $(bone_crest_left1) {transformation: [-0.515f,-0.8554f,0.0561f,0.1064f,-0.854f,0.5176f,0.0528f,5.0462f,-0.0742f,-0.0207f,-0.997f,2.6805f,0f,0f,0f,1f],start_interpolation: 0,interpolation_duration: 1}
$data merge entity $(bone_crest_center1) {transformation: [-0.9981f,-0.0253f,-0.0561f,0.2192f,-0.0319f,0.9923f,0.1199f,5.0219f,0.0526f,0.1214f,-0.9912f,2.6712f,0f,0f,0f,1f],start_interpolation: 0,interpolation_duration: 1}
$data merge entity $(bone_crest_right5) {transformation: [-0.5576f,0.8138f,-0.1637f,1.2994f,0.8198f,0.5709f,0.0458f,5.7239f,0.1307f,-0.1087f,-0.9854f,2.5959f,0f,0f,0f,1f],start_interpolation: 0,interpolation_duration: 1}
$data merge entity $(bone_crest_right4) {transformation: [-0.5576f,0.8138f,-0.1637f,0.8424f,0.8198f,0.5709f,0.0458f,5.4034f,0.1307f,-0.1087f,-0.9854f,2.6569f,0f,0f,0f,1f],start_interpolation: 0,interpolation_duration: 1}
$data merge entity $(bone_crest_right1) {transformation: [-0.5576f,0.8138f,-0.1637f,0.3306f,0.8198f,0.5709f,0.0458f,5.0533f,0.1307f,-0.1087f,-0.9854f,2.6687f,0f,0f,0f,1f],start_interpolation: 0,interpolation_duration: 1}
$data merge entity $(bone_head1) {transformation: [-1.0462f,-0.0265f,-0.0588f,0.1503f,-0.0334f,1.0401f,0.1257f,5.0374f,0.0551f,0.1273f,-1.039f,1.374f,0f,0f,0f,1f],start_interpolation: 0,interpolation_duration: 1}
$data merge entity $(bone_neck10) {transformation: [-1.4919f,-0.0361f,-0.1228f,0.0736f,-0.053f,1.4819f,0.2085f,4.7414f,0.1165f,0.2121f,-1.4777f,0.2575f,0f,0f,0f,1f],start_interpolation: 0,interpolation_duration: 1}
$data merge entity $(bone_neck9) {transformation: [-1.1413f,-0.007f,-0.0977f,0.0873f,-0.0406f,1.0737f,0.3972f,3.3535f,0.0891f,0.3992f,-1.07f,-0.1988f,0f,0f,0f,1f],start_interpolation: 0,interpolation_duration: 1}
$data merge entity $(bone_neck8) {transformation: [-1.0596f,-0.0473f,-0.0723f,0.1249f,-0.0301f,1.0359f,-0.2372f,2.5881f,0.081f,-0.2343f,-1.0338f,0.0086f,0f,0f,0f,1f],start_interpolation: 0,interpolation_duration: 1}
$data merge entity $(bone_neck7) {transformation: [-1.0535f,-0.0278f,-0.0608f,0.1513f,0f,0.9604f,-0.4383f,1.7284f,0.0669f,-0.4375f,-0.9584f,0.4246f,0f,0f,0f,1f],start_interpolation: 0,interpolation_duration: 1}
$data merge entity $(bone_neck6) {transformation: [-1.0476f,-0.0172f,-0.0642f,0.166f,0f,1.0139f,-0.2717f,0.8301f,0.0665f,-0.2711f,-1.0119f,0.6556f,0f,0f,0f,1f],start_interpolation: 0,interpolation_duration: 1}
$data merge entity $(bone_neck_spine6) {transformation: [-1.2397f,0.1612f,0.2392f,-0.0595f,0.184f,-0.3707f,1.2036f,0.675f,0.2221f,1.2069f,0.3378f,-1.8625f,0f,0f,0f,1f],start_interpolation: 0,interpolation_duration: 1}
$data merge entity $(bone_neck_spine7) {transformation: [-0.9421f,-0.1568f,0.2964f,-0.0072f,0.3023f,-0.0148f,0.9531f,1.861f,-0.145f,0.9875f,0.0613f,-5.2261f,0f,0f,0f,1f],start_interpolation: 0,interpolation_duration: 1}
$data merge entity $(bone_tail6) {transformation: [-1.0446f,-0.6806f,1.1878f,1.5004f,1.2573f,0.114f,1.1711f,1.4264f,-0.5415f,1.5777f,0.4278f,-8.8514f,0f,0f,0f,1f],start_interpolation: 0,interpolation_duration: 1}
$data merge entity $(bone_tail5) {transformation: [-0.8629f,-0.5622f,0.9812f,1.1453f,1.0387f,0.0942f,0.9674f,1.4859f,-0.4473f,1.3033f,0.3534f,-8.0283f,0f,0f,0f,1f],start_interpolation: 0,interpolation_duration: 1}
$data merge entity $(bone_tail4) {transformation: [-0.6358f,-0.4143f,0.723f,0.9678f,0.7653f,0.0694f,0.7128f,1.5157f,-0.3296f,0.9603f,0.2604f,-7.6167f,0f,0f,0f,1f],start_interpolation: 0,interpolation_duration: 1}
$data merge entity $(bone_segment18) {transformation: [-0.6066f,-0.3952f,0.6898f,0.7458f,0.7302f,0.0662f,0.6801f,1.5529f,-0.3145f,0.9162f,0.2484f,-7.1022f,0f,0f,0f,1f],start_interpolation: 0,interpolation_duration: 1}
$data merge entity $(bone_segment17) {transformation: [-0.6066f,-0.3952f,0.6898f,0.4573f,0.7302f,0.0662f,0.6801f,1.6012f,-0.3145f,0.9162f,0.2484f,-6.4334f,0f,0f,0f,1f],start_interpolation: 0,interpolation_duration: 1}
$data merge entity $(bone_segment16) {transformation: [-0.7981f,-0.5352f,0.2769f,-0.0535f,0.3756f,-0.0825f,0.9231f,1.5224f,-0.4711f,0.8407f,0.2669f,-5.6309f,0f,0f,0f,1f],start_interpolation: 0,interpolation_duration: 1}
$data merge entity $(bone_segment15) {transformation: [-0.9421f,-0.2281f,0.2457f,-0.3225f,0.3023f,-0.261f,0.9168f,1.2147f,-0.145f,0.938f,0.3148f,-4.5248f,0f,0f,0f,1f],start_interpolation: 0,interpolation_duration: 1}
$data merge entity $(bone_segment14) {transformation: [-1.0253f,-0.0253f,0.2162f,-0.351f,0.2029f,-0.4878f,0.9053f,0.6659f,0.0788f,0.9274f,0.4821f,-3.4815f,0f,0f,0f,1f],start_interpolation: 0,interpolation_duration: 1}
$data merge entity $(bone_segment13) {transformation: [-0.999f,0.0945f,0.2124f,-0.243f,0.1483f,-0.4627f,0.9034f,0.0839f,0.179f,0.9106f,0.437f,-2.3968f,0f,0f,0f,1f],start_interpolation: 0,interpolation_duration: 1}
$data merge entity $(bone_segment12) {transformation: [-1.0879f,0.1488f,0.1967f,-0.0632f,0.1634f,-0.2318f,1.0789f,-0.1961f,0.1848f,1.081f,0.2043f,-1.0909f,0f,0f,0f,1f],start_interpolation: 0,interpolation_duration: 1}
$data merge entity $(bone_segment11) {transformation: [-1.1762f,0.1559f,0.0967f,0.1126f,0.1444f,0.3996f,1.112f,0.2662f,0.1132f,1.1105f,-0.4137f,0.1929f,0f,0f,0f,1f],start_interpolation: 0,interpolation_duration: 1}
$data merge entity $(bone_segment10) {transformation: [-1.0461f,0.0629f,-0.0218f,0.171f,0.0432f,0.9028f,0.5307f,1.1907f,0.0506f,0.5288f,-0.9036f,0.7345f,0f,0f,0f,1f],start_interpolation: 0,interpolation_duration: 1}
data modify entity @s data merge value {"cameras":{},"locators":{"mouth":{"posx":0.2918010128528897,"posy":4.633628972035392,"posz":3.8138734393287916,"roty":191.7537080740586,"rotx":82.87422432067295}}}