# This file was generated by Animated Java via MC-Build. It is not recommended to edit this file directly.
$data merge entity $(bone_neck_spine5) {transformation: [-1.5679f,-0.0409f,0.1093f,0.2114f,-0.0386f,1.5714f,0.0334f,4.1988f,-0.1101f,0.0306f,-1.5681f,-0.783f,0f,0f,0f,1f],start_interpolation: 0,interpolation_duration: 1}
$data merge entity $(bone_neck_spine2) {transformation: [-1.4933f,-0.0328f,0.1062f,-0.0495f,-0.0368f,1.4959f,-0.0556f,5.8199f,-0.1048f,-0.0581f,-1.4926f,0.7603f,0f,0f,0f,1f],start_interpolation: 0,interpolation_duration: 1}
$data merge entity $(bone_scale_neck_left1) {transformation: [-1.5998f,0.3429f,0.1898f,0.7566f,0.3852f,1.5229f,0.4955f,4.9371f,-0.0723f,0.5257f,-1.5593f,0.8166f,0f,0f,0f,1f],start_interpolation: 0,interpolation_duration: 1}
$data merge entity $(bone_scale_neck_right1) {transformation: [-1.5734f,-0.4872f,0.0058f,-0.8114f,-0.4634f,1.5024f,0.491f,4.8985f,-0.1505f,0.4674f,-1.5723f,0.7065f,0f,0f,0f,1f],start_interpolation: 0,interpolation_duration: 1}
$data merge entity $(bone_blush_right1) {transformation: [-0.9995f,-0.0311f,0.0039f,-0.7168f,-0.0304f,0.9925f,0.1187f,4.5718f,-0.0076f,0.1185f,-0.9929f,2.1525f,0f,0f,0f,1f],start_interpolation: 0,interpolation_duration: 1}
$data merge entity $(bone_blush_left1) {transformation: [-0.9995f,-0.0311f,0.0039f,0.6078f,-0.0304f,0.9925f,0.1187f,4.6121f,-0.0076f,0.1185f,-0.9929f,2.1625f,0f,0f,0f,1f],start_interpolation: 0,interpolation_duration: 1}
$data merge entity $(bone_left_head_scales) {transformation: [-0.8884f,-0.0311f,-0.4581f,0.5979f,-0.0818f,0.9925f,0.0912f,5.3835f,0.4518f,0.1185f,-0.8842f,1.8588f,0f,0f,0f,1f],start_interpolation: 0,interpolation_duration: 1}
$data merge entity $(bone_left_head_scales2) {transformation: [-0.821f,-0.0311f,-0.5701f,0.6251f,-0.093f,0.9925f,0.0798f,4.4719f,0.5633f,0.1185f,-0.8177f,1.9196f,0f,0f,0f,1f],start_interpolation: 0,interpolation_duration: 1}
$data merge entity $(bone_left_head_scales1) {transformation: [-0.9995f,-0.0311f,0.0039f,0.6013f,-0.0304f,0.9925f,0.1187f,5.2721f,-0.0076f,0.1185f,-0.9929f,1.8455f,0f,0f,0f,1f],start_interpolation: 0,interpolation_duration: 1}
$data merge entity $(bone_right_head_scales) {transformation: [-0.8848f,-0.0311f,0.465f,-0.7491f,0.0278f,0.9925f,0.1193f,5.3426f,-0.4652f,0.1185f,-0.8772f,1.8486f,0f,0f,0f,1f],start_interpolation: 0,interpolation_duration: 1}
$data merge entity $(bone_right_head_scales2) {transformation: [-0.8165f,-0.0311f,0.5765f,-0.7219f,0.0432f,0.9925f,0.1146f,4.4309f,-0.5757f,0.1185f,-0.809f,1.9094f,0f,0f,0f,1f],start_interpolation: 0,interpolation_duration: 1}
$data merge entity $(bone_right_head_scales1) {transformation: [-0.9995f,-0.0311f,0.0039f,-0.7456f,-0.0304f,0.9925f,0.1187f,5.2311f,-0.0076f,0.1185f,-0.9929f,1.8353f,0f,0f,0f,1f],start_interpolation: 0,interpolation_duration: 1}
$data merge entity $(bone_head_left_fin1) {transformation: [-0.7379f,-0.0077f,-0.7444f,0.6148f,0.1569f,1.023f,-0.1661f,4.8641f,0.7277f,-0.2283f,-0.7191f,1.712f,0f,0f,0f,1f],start_interpolation: 0,interpolation_duration: 1}
$data merge entity $(bone_head_right_fin1) {transformation: [-0.7159f,-0.0511f,0.7639f,-0.7322f,-0.2011f,1.0217f,-0.1202f,4.8231f,-0.7387f,-0.2287f,-0.7076f,1.7018f,0f,0f,0f,1f],start_interpolation: 0,interpolation_duration: 1}
$data merge entity $(bone_right_whisker16) {transformation: [0.2646f,0.9444f,-0.1953f,-1.2276f,0.9415f,-0.2969f,-0.1598f,2.1186f,-0.2089f,-0.1416f,-0.9676f,2.0127f,0f,0f,0f,1f],start_interpolation: 0,interpolation_duration: 1}
$data merge entity $(bone_right_whisker15) {transformation: [-0.9017f,0.3856f,-0.1953f,-0.9238f,0.4172f,0.8947f,-0.1598f,1.978f,0.1131f,-0.2256f,-0.9676f,1.9745f,0f,0f,0f,1f],start_interpolation: 0,interpolation_duration: 1}
$data merge entity $(bone_right_whisker14) {transformation: [-0.7306f,-0.6543f,-0.1953f,-0.6776f,-0.6345f,0.7562f,-0.1598f,2.1918f,0.2522f,0.0072f,-0.9676f,1.8896f,0f,0f,0f,1f],start_interpolation: 0,interpolation_duration: 1}
$data merge entity $(bone_right_whisker13) {transformation: [-0.0716f,-0.9969f,0.0334f,-0.6535f,-0.9966f,0.0728f,0.0384f,2.5276f,-0.0407f,-0.0305f,-0.9987f,1.9033f,0f,0f,0f,1f],start_interpolation: 0,interpolation_duration: 1}
$data merge entity $(bone_right_whisker12) {transformation: [0.1114f,-0.9926f,0.0481f,-0.7035f,-0.9627f,-0.0958f,0.2532f,2.96f,-0.2467f,-0.0745f,-0.9662f,2.0141f,0f,0f,0f,1f],start_interpolation: 0,interpolation_duration: 1}
$data merge entity $(bone_right_whisker11) {transformation: [0.3044f,-0.9492f,0.0794f,-0.8403f,-0.95f,-0.3087f,-0.048f,3.3867f,0.07f,-0.0608f,-0.9957f,1.9827f,0f,0f,0f,1f],start_interpolation: 0,interpolation_duration: 1}
$data merge entity $(bone_right_whisker10) {transformation: [0.0575f,-0.9799f,0.191f,-0.8661f,-0.9522f,-0.1114f,-0.2846f,3.8145f,0.3002f,-0.1655f,-0.9394f,1.8478f,0f,0f,0f,1f],start_interpolation: 0,interpolation_duration: 1}
$data merge entity $(bone_right_whisker1) {transformation: [-0.3218f,-0.9331f,0.1607f,-0.7216f,-0.9465f,0.3212f,-0.0305f,4.2396f,-0.0232f,-0.1619f,-0.9865f,1.8582f,0f,0f,0f,1f],start_interpolation: 0,interpolation_duration: 1}
$data merge entity $(bone_left_whisker16) {transformation: [0.2508f,-0.8831f,0.3965f,1.1607f,-0.9317f,-0.3314f,-0.1486f,2.1636f,0.2626f,-0.3322f,-0.9059f,2.2617f,0f,0f,0f,1f],start_interpolation: 0,interpolation_duration: 1}
$data merge entity $(bone_left_whisker15) {transformation: [-0.8428f,-0.3639f,0.3965f,0.8767f,-0.4501f,0.8805f,-0.1486f,2.012f,-0.295f,-0.3037f,-0.9059f,2.1623f,0f,0f,0f,1f],start_interpolation: 0,interpolation_duration: 1}
$data merge entity $(bone_left_whisker14) {transformation: [-0.686f,0.61f,0.3965f,0.6456f,0.6078f,0.7801f,-0.1486f,2.2168f,-0.4f,0.139f,-0.9059f,2.0275f,0f,0f,0f,1f],start_interpolation: 0,interpolation_duration: 1}
$data merge entity $(bone_left_whisker13) {transformation: [-0.1156f,0.9783f,0.1719f,0.6066f,0.9931f,0.1101f,0.041f,2.5513f,0.0212f,0.1754f,-0.9843f,2.0347f,0f,0f,0f,1f],start_interpolation: 0,interpolation_duration: 1}
$data merge entity $(bone_left_whisker12) {transformation: [0.0221f,0.9895f,0.1428f,0.6166f,0.9652f,-0.0584f,0.255f,2.9849f,0.2607f,0.1322f,-0.9563f,2.1518f,0f,0f,0f,1f],start_interpolation: 0,interpolation_duration: 1}
$data merge entity $(bone_left_whisker11) {transformation: [0.2767f,0.9522f,0.1295f,0.7409f,0.9609f,-0.2728f,-0.047f,3.4166f,-0.0094f,0.1375f,-0.9905f,2.1475f,0f,0f,0f,1f],start_interpolation: 0,interpolation_duration: 1}
$data merge entity $(bone_left_whisker10) {transformation: [0.0826f,0.9964f,0.0176f,0.778f,0.9548f,-0.0741f,-0.2879f,3.8455f,-0.2855f,0.0406f,-0.9575f,2.0193f,0f,0f,0f,1f],start_interpolation: 0,interpolation_duration: 1}
$data merge entity $(bone_left_whisker1) {transformation: [-0.3548f,0.9337f,0.0474f,0.6186f,0.9337f,0.3565f,-0.0326f,4.2649f,-0.0474f,0.0327f,-0.9983f,1.998f,0f,0f,0f,1f],start_interpolation: 0,interpolation_duration: 1}
$data merge entity $(bone_upper_left_tooth1) {transformation: [-0.9995f,-0.0306f,0.0066f,0.2483f,-0.0304f,0.999f,0.0317f,4.6062f,-0.0076f,0.0315f,-0.9995f,2.9191f,0f,0f,0f,1f],start_interpolation: 0,interpolation_duration: 1}
$data merge entity $(bone_upper_right_tooth1) {transformation: [-0.9995f,-0.0306f,0.0066f,-0.4252f,-0.0304f,0.999f,0.0317f,4.5857f,-0.0076f,0.0315f,-0.9995f,2.914f,0f,0f,0f,1f],start_interpolation: 0,interpolation_duration: 1}
$data merge entity $(bone_top_lip1) {transformation: [-0.9995f,-0.0234f,0.0208f,-0.0642f,-0.0304f,0.8851f,-0.4645f,4.7202f,-0.0076f,-0.4649f,-0.8853f,2.9206f,0f,0f,0f,1f],start_interpolation: 0,interpolation_duration: 1}
$data merge entity $(bone_muzzle1) {transformation: [-0.9995f,-0.0306f,0.0066f,-0.0656f,-0.0304f,0.999f,0.0317f,4.9063f,-0.0076f,0.0315f,-0.9995f,2.3647f,0f,0f,0f,1f],start_interpolation: 0,interpolation_duration: 1}
$data merge entity $(bone_jaw_right_tooth1) {transformation: [-0.9995f,-0.0234f,0.0209f,-0.4183f,-0.0304f,0.8846f,-0.4654f,4.3459f,-0.0076f,-0.4658f,-0.8849f,2.9664f,0f,0f,0f,1f],start_interpolation: 0,interpolation_duration: 1}
$data merge entity $(bone_jaw_left_tooth1) {transformation: [-0.9995f,-0.0234f,0.0209f,0.3113f,-0.0304f,0.8846f,-0.4654f,4.3681f,-0.0076f,-0.4658f,-0.8849f,2.9719f,0f,0f,0f,1f],start_interpolation: 0,interpolation_duration: 1}
$data merge entity $(bone_tongue1) {transformation: [-0.9995f,-0.0307f,0.0064f,-0.0484f,-0.0304f,0.9988f,0.0374f,4.3871f,-0.0076f,0.0372f,-0.9993f,2.1776f,0f,0f,0f,1f],start_interpolation: 0,interpolation_duration: 1}
$data merge entity $(bone_jaw_lips1) {transformation: [-0.9995f,-0.0307f,0.0064f,0.0059f,-0.0304f,0.9988f,0.0374f,4.2262f,-0.0076f,0.0372f,-0.9993f,3.071f,0f,0f,0f,1f],start_interpolation: 0,interpolation_duration: 1}
$data merge entity $(bone_jaw3) {transformation: [-0.9995f,-0.0266f,0.0165f,0.023f,-0.0304f,0.952f,-0.3047f,3.8723f,-0.0076f,-0.305f,-0.9523f,2.2411f,0f,0f,0f,1f],start_interpolation: 0,interpolation_duration: 1}
$data merge entity $(bone_jaw1) {transformation: [-0.9995f,-0.0305f,-0.0072f,0.0165f,-0.0304f,0.8886f,0.4577f,4.2835f,-0.0076f,0.4577f,-0.8891f,1.4423f,0f,0f,0f,1f],start_interpolation: 0,interpolation_duration: 1}
$data merge entity $(bone_tear_right1) {transformation: [-0.9995f,-0.0311f,0.0039f,-0.6732f,-0.0304f,0.9925f,0.1187f,4.9516f,-0.0076f,0.1185f,-0.9929f,2.2999f,0f,0f,0f,1f],start_interpolation: 0,interpolation_duration: 1}
$data merge entity $(bone_right_pupil1) {transformation: [-0.9995f,-0.0311f,0.0039f,-0.4918f,-0.0304f,0.9925f,0.1187f,5.0607f,-0.0076f,0.1185f,-0.9929f,2.3815f,0f,0f,0f,1f],start_interpolation: 0,interpolation_duration: 1}
$data merge entity $(bone_right_sad_pupil1) {transformation: [-0.9995f,-0.0311f,0.0039f,-0.4917f,-0.0304f,0.9925f,0.1187f,5.062f,-0.0076f,0.1185f,-0.9929f,2.3703f,0f,0f,0f,1f],start_interpolation: 0,interpolation_duration: 1}
$data merge entity $(bone_right_happy_pupil1) {transformation: [-0.9995f,-0.0311f,0.0039f,-0.5189f,-0.0304f,0.9925f,0.1187f,5.0333f,-0.0076f,0.1185f,-0.9929f,2.3668f,0f,0f,0f,1f],start_interpolation: 0,interpolation_duration: 1}
$data merge entity $(bone_eyelid_right1) {transformation: [-0.9995f,-0.0311f,0.0039f,-0.0556f,-0.0304f,0.9925f,0.1187f,5.0861f,-0.0076f,0.1185f,-0.9929f,1.8094f,0f,0f,0f,1f],start_interpolation: 0,interpolation_duration: 1}
$data merge entity $(bone_eyelid_expressions_right5) {transformation: [-0.9995f,-0.0311f,0.0039f,-0.6243f,-0.0304f,0.9925f,0.1187f,5.1696f,-0.0076f,0.1185f,-0.9929f,2.3826f,0f,0f,0f,1f],start_interpolation: 0,interpolation_duration: 1}
$data merge entity $(bone_eyelid_expressions_right7) {transformation: [-0.9995f,-0.0311f,0.0039f,-0.2876f,-0.0304f,0.9925f,0.1187f,5.1798f,-0.0076f,0.1185f,-0.9929f,2.3852f,0f,0f,0f,1f],start_interpolation: 0,interpolation_duration: 1}
$data merge entity $(bone_eyelid_expressions_right6) {transformation: [-0.9995f,-0.0311f,0.0039f,-0.3998f,-0.0304f,0.9925f,0.1187f,5.1764f,-0.0076f,0.1185f,-0.9929f,2.3843f,0f,0f,0f,1f],start_interpolation: 0,interpolation_duration: 1}
$data merge entity $(bone_right_eye1) {transformation: [-0.9995f,-0.0311f,0.0039f,-0.0669f,-0.0304f,0.9925f,0.1187f,5.0844f,-0.0076f,0.1185f,-0.9929f,1.8204f,0f,0f,0f,1f],start_interpolation: 0,interpolation_duration: 1}
$data merge entity $(bone_tear_left1) {transformation: [-0.9995f,-0.0311f,0.0039f,0.539f,-0.0304f,0.9925f,0.1187f,4.9885f,-0.0076f,0.1185f,-0.9929f,2.309f,0f,0f,0f,1f],start_interpolation: 0,interpolation_duration: 1}
$data merge entity $(bone_left_sad_pupil1) {transformation: [-0.9995f,-0.0311f,0.0039f,0.3501f,-0.0304f,0.9925f,0.1187f,5.0876f,-0.0076f,0.1185f,-0.9929f,2.3767f,0f,0f,0f,1f],start_interpolation: 0,interpolation_duration: 1}
$data merge entity $(bone_left_pupil1) {transformation: [-0.9995f,-0.0311f,0.0039f,0.3501f,-0.0304f,0.9925f,0.1187f,5.0863f,-0.0076f,0.1185f,-0.9929f,2.3878f,0f,0f,0f,1f],start_interpolation: 0,interpolation_duration: 1}
$data merge entity $(bone_eyelid_left1) {transformation: [-0.9995f,-0.0311f,0.0039f,-0.0781f,-0.0304f,0.9925f,0.1187f,5.0854f,-0.0076f,0.1185f,-0.9929f,1.8092f,0f,0f,0f,1f],start_interpolation: 0,interpolation_duration: 1}
$data merge entity $(bone_left_happy_pupil1) {transformation: [-0.9995f,-0.0311f,0.0039f,0.3791f,-0.0304f,0.9925f,0.1187f,5.0606f,-0.0076f,0.1185f,-0.9929f,2.3736f,0f,0f,0f,1f],start_interpolation: 0,interpolation_duration: 1}
$data merge entity $(bone_eyelid_expressions_left5) {transformation: [-0.9995f,-0.0311f,0.0039f,0.4757f,-0.0304f,0.9925f,0.1187f,5.203f,-0.0076f,0.1185f,-0.9929f,2.391f,0f,0f,0f,1f],start_interpolation: 0,interpolation_duration: 1}
$data merge entity $(bone_eyelid_expressions_left7) {transformation: [-0.9995f,-0.0311f,0.0039f,0.139f,-0.0304f,0.9925f,0.1187f,5.1928f,-0.0076f,0.1185f,-0.9929f,2.3884f,0f,0f,0f,1f],start_interpolation: 0,interpolation_duration: 1}
$data merge entity $(bone_eyelid_expressions_left6) {transformation: [-0.9995f,-0.0311f,0.0039f,0.2512f,-0.0304f,0.9925f,0.1187f,5.1962f,-0.0076f,0.1185f,-0.9929f,2.3893f,0f,0f,0f,1f],start_interpolation: 0,interpolation_duration: 1}
$data merge entity $(bone_left_eye1) {transformation: [-0.9995f,-0.0311f,0.0039f,-0.0669f,-0.0304f,0.9925f,0.1187f,5.0844f,-0.0076f,0.1185f,-0.9929f,1.8204f,0f,0f,0f,1f],start_interpolation: 0,interpolation_duration: 1}
$data merge entity $(bone_crest_middle5) {transformation: [-0.9995f,-0.0295f,0.0105f,-0.1119f,-0.0304f,0.9946f,-0.099f,6.4031f,-0.0076f,-0.0992f,-0.995f,2.458f,0f,0f,0f,1f],start_interpolation: 0,interpolation_duration: 1}
$data merge entity $(bone_crest_middle4) {transformation: [-0.9995f,-0.0295f,0.0105f,-0.092f,-0.0304f,0.9946f,-0.099f,5.7329f,-0.0076f,-0.0992f,-0.995f,2.5249f,0f,0f,0f,1f],start_interpolation: 0,interpolation_duration: 1}
$data merge entity $(bone_crest_middle1) {transformation: [-0.9995f,-0.0295f,0.0105f,-0.078f,-0.0304f,0.9946f,-0.099f,5.2386f,-0.0076f,-0.0992f,-0.995f,2.6588f,0f,0f,0f,1f],start_interpolation: 0,interpolation_duration: 1}
$data merge entity $(bone_crest_left5) {transformation: [-0.5108f,-0.8518f,0.1161f,-1.1963f,-0.8534f,0.5188f,0.0514f,5.7213f,-0.104f,-0.0728f,-0.9919f,2.4718f,0f,0f,0f,1f],start_interpolation: 0,interpolation_duration: 1}
$data merge entity $(bone_crest_left4) {transformation: [-0.5108f,-0.8518f,0.1161f,-0.718f,-0.8534f,0.5188f,0.0514f,5.43f,-0.104f,-0.0728f,-0.9919f,2.5127f,0f,0f,0f,1f],start_interpolation: 0,interpolation_duration: 1}
$data merge entity $(bone_crest_left1) {transformation: [-0.5108f,-0.8518f,0.1161f,-0.1853f,-0.8534f,0.5188f,0.0514f,5.1125f,-0.104f,-0.0728f,-0.9919f,2.502f,0f,0f,0f,1f],start_interpolation: 0,interpolation_duration: 1}
$data merge entity $(bone_crest_center1) {transformation: [-0.9995f,-0.0311f,0.0039f,-0.0722f,-0.0304f,0.9925f,0.1187f,5.088f,-0.0076f,0.1185f,-0.9929f,2.4995f,0f,0f,0f,1f],start_interpolation: 0,interpolation_duration: 1}
$data merge entity $(bone_crest_right5) {transformation: [-0.5633f,0.8197f,-0.104f,1.0117f,0.8207f,0.5696f,0.0447f,5.7885f,0.0959f,-0.0602f,-0.9936f,2.4885f,0f,0f,0f,1f],start_interpolation: 0,interpolation_duration: 1}
$data merge entity $(bone_crest_right4) {transformation: [-0.5633f,0.8197f,-0.104f,0.5514f,0.8207f,0.5696f,0.0447f,5.4686f,0.0959f,-0.0602f,-0.9936f,2.5223f,0f,0f,0f,1f],start_interpolation: 0,interpolation_duration: 1}
$data merge entity $(bone_crest_right1) {transformation: [-0.5633f,0.8197f,-0.104f,0.0392f,0.8207f,0.5696f,0.0447f,5.1193f,0.0959f,-0.0602f,-0.9936f,2.5037f,0f,0f,0f,1f],start_interpolation: 0,interpolation_duration: 1}
$data merge entity $(bone_head1) {transformation: [-1.0477f,-0.0326f,0.0041f,-0.0628f,-0.0319f,1.0403f,0.1244f,5.102f,-0.0079f,0.1242f,-1.0408f,1.2005f,0f,0f,0f,1f],start_interpolation: 0,interpolation_duration: 1}
$data merge entity $(bone_neck10) {transformation: [-1.4933f,-0.0464f,0.101f,0.0231f,-0.0368f,1.4904f,0.1401f,4.7547f,-0.1048f,0.1373f,-1.4874f,0.0995f,0f,0f,0f,1f],start_interpolation: 0,interpolation_duration: 1}
$data merge entity $(bone_neck9) {transformation: [-1.1423f,-0.0494f,0.0692f,0.0827f,-0.0282f,1.0996f,0.3198f,3.3376f,-0.0802f,0.3172f,-1.0978f,-0.251f,0f,0f,0f,1f],start_interpolation: 0,interpolation_duration: 1}
$data merge entity $(bone_neck8) {transformation: [-1.0602f,-0.0064f,0.0787f,0.0849f,-0.0271f,1.0249f,-0.2815f,2.5817f,-0.0742f,-0.2827f,-1.0222f,-0.0079f,0f,0f,0f,1f],start_interpolation: 0,interpolation_duration: 1}
$data merge entity $(bone_neck7) {transformation: [-1.0521f,0.0374f,0.078f,0.0494f,0f,0.9519f,-0.4564f,1.7301f,-0.0865f,-0.4549f,-0.9487f,0.4238f,0f,0f,0f,1f],start_interpolation: 0,interpolation_duration: 1}
$data merge entity $(bone_neck6) {transformation: [-1.0461f,0.0223f,0.0831f,0.0305f,0f,1.0139f,-0.2717f,0.8319f,-0.0861f,-0.2708f,-1.0105f,0.6544f,0f,0f,0f,1f],start_interpolation: 0,interpolation_duration: 1}
$data merge entity $(bone_neck_spine6) {transformation: [-1.2278f,0.2749f,0.1921f,0.1856f,0.1221f,-0.3129f,1.2277f,0.5516f,0.3124f,1.2027f,0.2755f,-1.8953f,0f,0f,0f,1f],start_interpolation: 0,interpolation_duration: 1}
$data merge entity $(bone_neck_spine7) {transformation: [-0.9179f,0.393f,0.0546f,-0.8555f,0.0218f,-0.0872f,0.996f,1.7394f,0.3962f,0.9154f,0.0715f,-5.1021f,0f,0f,0f,1f],start_interpolation: 0,interpolation_duration: 1}
$data merge entity $(bone_tail6) {transformation: [-1.5843f,0.5001f,0.4531f,-2.0102f,0.4093f,-0.2072f,1.6598f,2.0423f,0.5365f,1.6347f,0.0718f,-8.8641f,0f,0f,0f,1f],start_interpolation: 0,interpolation_duration: 1}
$data merge entity $(bone_tail5) {transformation: [-1.3087f,0.4131f,0.3743f,-1.7493f,0.3381f,-0.1712f,1.3711f,1.9342f,0.4432f,1.3504f,0.0593f,-8.0112f,0f,0f,0f,1f],start_interpolation: 0,interpolation_duration: 1}
$data merge entity $(bone_tail4) {transformation: [-0.9643f,0.3044f,0.2758f,-1.6188f,0.2491f,-0.1261f,1.0103f,1.8801f,0.3266f,0.995f,0.0437f,-7.5847f,0f,0f,0f,1f],start_interpolation: 0,interpolation_duration: 1}
$data merge entity $(bone_segment18) {transformation: [-0.92f,0.2904f,0.2631f,-1.4558f,0.2377f,-0.1203f,0.9639f,1.8126f,0.3116f,0.9493f,0.0417f,-7.0517f,0f,0f,0f,1f],start_interpolation: 0,interpolation_duration: 1}
$data merge entity $(bone_segment17) {transformation: [-0.92f,0.2904f,0.2631f,-1.2438f,0.2377f,-0.1203f,0.9639f,1.7247f,0.3116f,0.9493f,0.0417f,-6.3587f,0f,0f,0f,1f],start_interpolation: 0,interpolation_duration: 1}
$data merge entity $(bone_segment16) {transformation: [-0.962f,0.2266f,0.1523f,-1.0275f,0.0724f,-0.3261f,0.9426f,1.4134f,0.2632f,0.9178f,0.2973f,-5.4826f,0f,0f,0f,1f],start_interpolation: 0,interpolation_duration: 1}
$data merge entity $(bone_segment15) {transformation: [-0.9179f,0.3655f,0.1544f,-0.5964f,0.0218f,-0.342f,0.9394f,1.0101f,0.3962f,0.8657f,0.3059f,-4.4618f,0f,0f,0f,1f],start_interpolation: 0,interpolation_duration: 1}
$data merge entity $(bone_segment14) {transformation: [-0.9728f,0.3277f,0.2122f,-0.2277f,0.038f,-0.4874f,0.9272f,0.4618f,0.3886f,0.8682f,0.4404f,-3.4851f,0f,0f,0f,1f],start_interpolation: 0,interpolation_duration: 1}
$data merge entity $(bone_segment13) {transformation: [-0.9895f,0.1913f,0.1909f,-0.0026f,0.0984f,-0.4201f,0.9305f,-0.0696f,0.2517f,0.916f,0.3869f,-2.3925f,0f,0f,0f,1f],start_interpolation: 0,interpolation_duration: 1}
$data merge entity $(bone_segment12) {transformation: [-1.1029f,0.0802f,0.1474f,0.0943f,0.1345f,-0.1629f,1.0954f,-0.2664f,0.1003f,1.1007f,0.1514f,-1.0628f,0f,0f,0f,1f],start_interpolation: 0,interpolation_duration: 1}
$data merge entity $(bone_segment11) {transformation: [-1.1867f,-0.0113f,0.093f,0.0751f,0.0817f,0.4529f,1.0979f,0.2574f,-0.0458f,1.1008f,-0.4507f,0.2092f,0f,0f,0f,1f],start_interpolation: 0,interpolation_duration: 1}
$data merge entity $(bone_segment10) {transformation: [-1.0448f,-0.0459f,0.0705f,0.024f,-0.0054f,0.9133f,0.5143f,1.1924f,-0.084f,0.5122f,-0.9106f,0.7332f,0f,0f,0f,1f],start_interpolation: 0,interpolation_duration: 1}
data modify entity @s data merge value {"cameras":{},"locators":{"mouth":{"posx":-0.06907122049218495,"posy":4.701158324942308,"posz":3.644946373528567,"roty":194.70159933889855,"rotx":82.96410379244584}}}