# This file was generated by Animated Java via MC-Build. It is not recommended to edit this file directly.
$data merge entity $(bone_neck_spine5) {transformation: [-1.5582f,-0.0086f,0.2097f,0.1251f,0.0365f,1.536f,0.3337f,4.3574f,-0.2067f,0.3356f,-1.5221f,-0.4567f,0f,0f,0f,1f],start_interpolation: 0,interpolation_duration: 1}
$data merge entity $(bone_neck_spine2) {transformation: [-1.484f,-0.0086f,0.1997f,-0.2067f,0.0347f,1.4621f,0.3212f,5.602f,-0.1968f,0.3229f,-1.4489f,1.41f,0f,0f,0f,1f],start_interpolation: 0,interpolation_duration: 1}
$data merge entity $(bone_scale_neck_left1) {transformation: [-1.5866f,0.3297f,0.2949f,0.5821f,0.4377f,1.3294f,0.8685f,4.7105f,-0.0641f,0.915f,-1.3681f,1.2862f,0f,0f,0f,1f],start_interpolation: 0,interpolation_duration: 1}
$data merge entity $(bone_scale_neck_right1) {transformation: [-1.5669f,-0.4952f,0.112f,-0.9761f,-0.3639f,1.3487f,0.8728f,4.747f,-0.3541f,0.8056f,-1.3924f,1.0795f,0f,0f,0f,1f],start_interpolation: 0,interpolation_duration: 1}
$data merge entity $(bone_blush_right1) {transformation: [-0.9978f,-0.0184f,0.0637f,-0.9758f,-0.0006f,0.9628f,0.2701f,4.1449f,-0.0663f,0.2694f,-0.9607f,2.4726f,0f,0f,0f,1f],start_interpolation: 0,interpolation_duration: 1}
$data merge entity $(bone_blush_left1) {transformation: [-0.9978f,-0.0184f,0.0637f,0.3465f,-0.0006f,0.9628f,0.2701f,4.1456f,-0.0663f,0.2694f,-0.9607f,2.5605f,0f,0f,0f,1f],start_interpolation: 0,interpolation_duration: 1}
$data merge entity $(bone_left_head_scales) {transformation: [-0.9145f,-0.0184f,-0.4043f,0.3693f,-0.1252f,0.9628f,0.2393f,4.9546f,0.3848f,0.2694f,-0.8828f,2.3803f,0f,0f,0f,1f],start_interpolation: 0,interpolation_duration: 1}
$data merge entity $(bone_left_head_scales2) {transformation: [-0.8539f,-0.0184f,-0.5202f,0.3751f,-0.1554f,0.9628f,0.2209f,4.0441f,0.4968f,0.2694f,-0.825f,2.3f,0f,0f,0f,1f],start_interpolation: 0,interpolation_duration: 1}
$data merge entity $(bone_left_head_scales1) {transformation: [-0.9978f,-0.0184f,0.0637f,0.3714f,-0.0006f,0.9628f,0.2701f,4.8465f,-0.0663f,0.2694f,-0.9607f,2.35f,0f,0f,0f,1f],start_interpolation: 0,interpolation_duration: 1}
$data merge entity $(bone_right_head_scales) {transformation: [-0.8557f,-0.0184f,0.5172f,-0.9754f,0.1242f,0.9628f,0.2398f,4.9539f,-0.5024f,0.2694f,-0.8216f,2.2909f,0f,0f,0f,1f],start_interpolation: 0,interpolation_duration: 1}
$data merge entity $(bone_right_head_scales2) {transformation: [-0.7808f,-0.0184f,0.6245f,-0.9696f,0.1545f,0.9628f,0.2215f,4.0434f,-0.6053f,0.2694f,-0.749f,2.2107f,0f,0f,0f,1f],start_interpolation: 0,interpolation_duration: 1}
$data merge entity $(bone_right_head_scales1) {transformation: [-0.9978f,-0.0184f,0.0637f,-0.9733f,-0.0006f,0.9628f,0.2701f,4.8458f,-0.0663f,0.2694f,-0.9607f,2.2607f,0f,0f,0f,1f],start_interpolation: 0,interpolation_duration: 1}
$data merge entity $(bone_head_left_fin1) {transformation: [-0.7756f,0.0256f,-0.7046f,0.3845f,0.0637f,1.0457f,-0.0321f,4.4638f,0.7022f,-0.0666f,-0.7753f,2.1556f,0f,0f,0f,1f],start_interpolation: 0,interpolation_duration: 1}
$data merge entity $(bone_head_right_fin1) {transformation: [-0.6758f,-0.0177f,0.801f,-0.9602f,-0.0645f,1.0457f,-0.0313f,4.463f,-0.7986f,-0.0695f,-0.6753f,2.0663f,0f,0f,0f,1f],start_interpolation: 0,interpolation_duration: 1}
$data merge entity $(bone_right_whisker16) {transformation: [0.234f,0.9222f,-0.3079f,-1.4367f,0.9447f,-0.2905f,-0.1524f,1.715f,-0.23f,-0.2552f,-0.9391f,2.4565f,0f,0f,0f,1f],start_interpolation: 0,interpolation_duration: 1}
$data merge entity $(bone_right_whisker15) {transformation: [-0.8838f,0.3523f,-0.3079f,-1.139f,0.4113f,0.8987f,-0.1524f,1.5765f,0.223f,-0.2613f,-0.9391f,2.3814f,0f,0f,0f,1f],start_interpolation: 0,interpolation_duration: 1}
$data merge entity $(bone_right_whisker14) {transformation: [-0.6928f,-0.6521f,-0.3079f,-0.9055f,-0.6406f,0.7526f,-0.1524f,1.7923f,0.3311f,0.0916f,-0.9391f,2.2699f,0f,0f,0f,1f],start_interpolation: 0,interpolation_duration: 1}
$data merge entity $(bone_right_whisker13) {transformation: [-0.0716f,-0.9938f,-0.0853f,-0.8814f,-0.9966f,0.0677f,0.0473f,2.128f,-0.0412f,0.0884f,-0.9952f,2.2838f,0f,0f,0f,1f],start_interpolation: 0,interpolation_duration: 1}
$data merge entity $(bone_right_whisker12) {transformation: [0.0856f,-0.994f,-0.0678f,-0.9199f,-0.9599f,-0.1005f,0.2619f,2.5592f,-0.2671f,0.0426f,-0.9627f,2.4038f,0f,0f,0f,1f],start_interpolation: 0,interpolation_duration: 1}
$data merge entity $(bone_right_whisker11) {transformation: [0.3147f,-0.9484f,-0.0389f,-1.0612f,-0.9489f,-0.3133f,-0.0389f,2.9855f,0.0247f,0.0491f,-0.9985f,2.3927f,0f,0f,0f,1f],start_interpolation: 0,interpolation_duration: 1}
$data merge entity $(bone_right_whisker10) {transformation: [0.0968f,-0.9921f,0.0796f,-1.1047f,-0.9544f,-0.1152f,-0.2754f,3.4142f,0.2824f,-0.0493f,-0.958f,2.2658f,0f,0f,0f,1f],start_interpolation: 0,interpolation_duration: 1}
$data merge entity $(bone_right_whisker1) {transformation: [-0.3182f,-0.947f,0.0429f,-0.9617f,-0.948f,0.3176f,-0.0211f,3.8401f,0.0063f,-0.0474f,-0.9989f,2.263f,0f,0f,0f,1f],start_interpolation: 0,interpolation_duration: 1}
$data merge entity $(bone_left_whisker16) {transformation: [0.2842f,-0.9148f,0.2871f,0.964f,-0.9326f,-0.3332f,-0.1386f,1.7708f,0.2224f,-0.2284f,-0.9478f,2.4215f,0f,0f,0f,1f],start_interpolation: 0,interpolation_duration: 1}
$data merge entity $(bone_left_whisker15) {transformation: [-0.8699f,-0.4011f,0.2871f,0.6709f,-0.4521f,0.8811f,-0.1386f,1.6185f,-0.1974f,-0.2503f,-0.9478f,2.355f,0f,0f,0f,1f],start_interpolation: 0,interpolation_duration: 1}
$data merge entity $(bone_left_whisker14) {transformation: [-0.7312f,0.6188f,0.2871f,0.4245f,0.6075f,0.7821f,-0.1386f,1.8232f,-0.3103f,0.0731f,-0.9478f,2.2505f,0f,0f,0f,1f],start_interpolation: 0,interpolation_duration: 1}
$data merge entity $(bone_left_whisker13) {transformation: [-0.1166f,0.9917f,0.0539f,0.3853f,0.9922f,0.1139f,0.0505f,2.1575f,0.044f,0.0594f,-0.9973f,2.2653f,0f,0f,0f,1f],start_interpolation: 0,interpolation_duration: 1}
$data merge entity $(bone_left_whisker12) {transformation: [0.0487f,0.9984f,0.0274f,0.4071f,0.963f,-0.0542f,0.2641f,2.5901f,0.2652f,0.0135f,-0.9641f,2.3844f,0f,0f,0f,1f],start_interpolation: 0,interpolation_duration: 1}
$data merge entity $(bone_left_whisker11) {transformation: [0.2695f,0.9629f,0.0115f,0.5282f,0.9624f,-0.2689f,-0.0377f,3.0224f,-0.0332f,0.0212f,-0.9992f,2.3695f,0f,0f,0f,1f],start_interpolation: 0,interpolation_duration: 1}
$data merge entity $(bone_left_whisker10) {transformation: [0.0441f,0.9945f,-0.0946f,0.548f,0.9577f,-0.0691f,-0.2794f,3.4526f,-0.2844f,-0.0783f,-0.9555f,2.2417f,0f,0f,0f,1f],start_interpolation: 0,interpolation_duration: 1}
$data merge entity $(bone_left_whisker1) {transformation: [-0.3619f,0.9295f,-0.071f,0.3854f,0.9322f,0.3612f,-0.0237f,3.8714f,0.0036f,-0.0748f,-0.9972f,2.2433f,0f,0f,0f,1f],start_interpolation: 0,interpolation_duration: 1}
$data merge entity $(bone_upper_left_tooth1) {transformation: [-0.9978f,-0.0128f,0.065f,-0.0562f,-0.0006f,0.9827f,0.1851f,4.0334f,-0.0663f,0.1847f,-0.9806f,3.2863f,0f,0f,0f,1f],start_interpolation: 0,interpolation_duration: 1}
$data merge entity $(bone_upper_right_tooth1) {transformation: [-0.9978f,-0.0128f,0.065f,-0.7285f,-0.0006f,0.9827f,0.1851f,4.0331f,-0.0663f,0.1847f,-0.9806f,3.2417f,0f,0f,0f,1f],start_interpolation: 0,interpolation_duration: 1}
$data merge entity $(bone_top_lip1) {transformation: [-0.9978f,0.0186f,0.0636f,-0.3659f,-0.0006f,0.9576f,-0.2882f,4.1547f,-0.0663f,-0.2876f,-0.9554f,3.2887f,0f,0f,0f,1f],start_interpolation: 0,interpolation_duration: 1}
$data merge entity $(bone_muzzle1) {transformation: [-0.9978f,-0.0128f,0.065f,-0.3316f,-0.0006f,0.9827f,0.1851f,4.4242f,-0.0663f,0.1847f,-0.9806f,2.7692f,0f,0f,0f,1f],start_interpolation: 0,interpolation_duration: 1}
$data merge entity $(bone_jaw_right_tooth1) {transformation: [-0.9978f,0.0269f,0.0606f,-0.73f,-0.0006f,0.9102f,-0.4142f,3.9364f,-0.0663f,-0.4133f,-0.9082f,3.2648f,0f,0f,0f,1f],start_interpolation: 0,interpolation_duration: 1}
$data merge entity $(bone_jaw_left_tooth1) {transformation: [-0.9978f,0.0269f,0.0606f,-0.0016f,-0.0006f,0.9102f,-0.4142f,3.9368f,-0.0663f,-0.4133f,-0.9082f,3.3132f,0f,0f,0f,1f],start_interpolation: 0,interpolation_duration: 1}
$data merge entity $(bone_tongue1) {transformation: [-0.9978f,0.0039f,0.0662f,-0.312f,-0.0006f,0.9977f,-0.0674f,3.8667f,-0.0663f,-0.0672f,-0.9955f,2.4794f,0f,0f,0f,1f],start_interpolation: 0,interpolation_duration: 1}
$data merge entity $(bone_jaw_lips1) {transformation: [-0.9978f,0.0039f,0.0662f,-0.3159f,-0.0006f,0.9977f,-0.0674f,3.7984f,-0.0663f,-0.0672f,-0.9955f,3.3862f,0f,0f,0f,1f],start_interpolation: 0,interpolation_duration: 1}
$data merge entity $(bone_jaw3) {transformation: [-0.9978f,0.016f,0.0643f,-0.2595f,-0.0006f,0.9683f,-0.2498f,3.4924f,-0.0663f,-0.2493f,-0.9661f,2.5392f,0f,0f,0f,1f],start_interpolation: 0,interpolation_duration: 1}
$data merge entity $(bone_jaw1) {transformation: [-0.9978f,-0.0341f,0.0568f,-0.2085f,-0.0006f,0.8613f,0.508f,3.9488f,-0.0663f,0.5069f,-0.8595f,1.767f,0f,0f,0f,1f],start_interpolation: 0,interpolation_duration: 1}
$data merge entity $(bone_tear_right1) {transformation: [-0.9978f,-0.0184f,0.0637f,-0.9334f,-0.0006f,0.9628f,0.2701f,4.4961f,-0.0663f,0.2694f,-0.9607f,2.6794f,0f,0f,0f,1f],start_interpolation: 0,interpolation_duration: 1}
$data merge entity $(bone_right_pupil1) {transformation: [-0.9978f,-0.0184f,0.0637f,-0.7549f,-0.0006f,0.9628f,0.2701f,4.5861f,-0.0663f,0.2694f,-0.9607f,2.7867f,0f,0f,0f,1f],start_interpolation: 0,interpolation_duration: 1}
$data merge entity $(bone_right_sad_pupil1) {transformation: [-0.9978f,-0.0184f,0.0637f,-0.7542f,-0.0006f,0.9628f,0.2701f,4.5892f,-0.0663f,0.2694f,-0.9607f,2.7759f,0f,0f,0f,1f],start_interpolation: 0,interpolation_duration: 1}
$data merge entity $(bone_right_happy_pupil1) {transformation: [-0.9978f,-0.0184f,0.0637f,-0.7817f,-0.0006f,0.9628f,0.2701f,4.5621f,-0.0663f,0.2694f,-0.9607f,2.7664f,0f,0f,0f,1f],start_interpolation: 0,interpolation_duration: 1}
$data merge entity $(bone_eyelid_right1) {transformation: [-0.9978f,-0.0184f,0.0637f,-0.286f,-0.0006f,0.9628f,0.2701f,4.687f,-0.0663f,0.2694f,-0.9607f,2.2499f,0f,0f,0f,1f],start_interpolation: 0,interpolation_duration: 1}
$data merge entity $(bone_eyelid_expressions_right5) {transformation: [-0.9978f,-0.0184f,0.0637f,-0.8851f,-0.0006f,0.9628f,0.2701f,4.6972f,-0.0663f,0.2694f,-0.9607f,2.7976f,0f,0f,0f,1f],start_interpolation: 0,interpolation_duration: 1}
$data merge entity $(bone_eyelid_expressions_right7) {transformation: [-0.9978f,-0.0184f,0.0637f,-0.5489f,-0.0006f,0.9628f,0.2701f,4.6974f,-0.0663f,0.2694f,-0.9607f,2.8199f,0f,0f,0f,1f],start_interpolation: 0,interpolation_duration: 1}
$data merge entity $(bone_eyelid_expressions_right6) {transformation: [-0.9978f,-0.0184f,0.0637f,-0.661f,-0.0006f,0.9628f,0.2701f,4.6973f,-0.0663f,0.2694f,-0.9607f,2.8124f,0f,0f,0f,1f],start_interpolation: 0,interpolation_duration: 1}
$data merge entity $(bone_right_eye1) {transformation: [-0.9978f,-0.0184f,0.0637f,-0.2979f,-0.0006f,0.9628f,0.2701f,4.6839f,-0.0663f,0.2694f,-0.9607f,2.26f,0f,0f,0f,1f],start_interpolation: 0,interpolation_duration: 1}
$data merge entity $(bone_tear_left1) {transformation: [-0.9978f,-0.0184f,0.0637f,0.2768f,-0.0006f,0.9628f,0.2701f,4.4968f,-0.0663f,0.2694f,-0.9607f,2.7598f,0f,0f,0f,1f],start_interpolation: 0,interpolation_duration: 1}
$data merge entity $(bone_left_sad_pupil1) {transformation: [-0.9978f,-0.0184f,0.0637f,0.0863f,-0.0006f,0.9628f,0.2701f,4.5896f,-0.0663f,0.2694f,-0.9607f,2.8317f,0f,0f,0f,1f],start_interpolation: 0,interpolation_duration: 1}
$data merge entity $(bone_left_pupil1) {transformation: [-0.9978f,-0.0184f,0.0637f,0.0856f,-0.0006f,0.9628f,0.2701f,4.5866f,-0.0663f,0.2694f,-0.9607f,2.8425f,0f,0f,0f,1f],start_interpolation: 0,interpolation_duration: 1}
$data merge entity $(bone_eyelid_left1) {transformation: [-0.9978f,-0.0184f,0.0637f,-0.3084f,-0.0006f,0.9628f,0.2701f,4.687f,-0.0663f,0.2694f,-0.9607f,2.2484f,0f,0f,0f,1f],start_interpolation: 0,interpolation_duration: 1}
$data merge entity $(bone_left_happy_pupil1) {transformation: [-0.9978f,-0.0184f,0.0637f,0.1148f,-0.0006f,0.9628f,0.2701f,4.5626f,-0.0663f,0.2694f,-0.9607f,2.826f,0f,0f,0f,1f],start_interpolation: 0,interpolation_duration: 1}
$data merge entity $(bone_eyelid_expressions_left5) {transformation: [-0.9978f,-0.0184f,0.0637f,0.2131f,-0.0006f,0.9628f,0.2701f,4.6978f,-0.0663f,0.2694f,-0.9607f,2.8705f,0f,0f,0f,1f],start_interpolation: 0,interpolation_duration: 1}
$data merge entity $(bone_eyelid_expressions_left7) {transformation: [-0.9978f,-0.0184f,0.0637f,-0.1231f,-0.0006f,0.9628f,0.2701f,4.6976f,-0.0663f,0.2694f,-0.9607f,2.8482f,0f,0f,0f,1f],start_interpolation: 0,interpolation_duration: 1}
$data merge entity $(bone_eyelid_expressions_left6) {transformation: [-0.9978f,-0.0184f,0.0637f,-0.0111f,-0.0006f,0.9628f,0.2701f,4.6977f,-0.0663f,0.2694f,-0.9607f,2.8556f,0f,0f,0f,1f],start_interpolation: 0,interpolation_duration: 1}
$data merge entity $(bone_left_eye1) {transformation: [-0.9978f,-0.0184f,0.0637f,-0.2979f,-0.0006f,0.9628f,0.2701f,4.6839f,-0.0663f,0.2694f,-0.9607f,2.26f,0f,0f,0f,1f],start_interpolation: 0,interpolation_duration: 1}
$data merge entity $(bone_crest_middle5) {transformation: [-0.9978f,-0.0042f,0.0661f,-0.3538f,-0.0006f,0.9985f,0.0553f,5.8894f,-0.0663f,0.0551f,-0.9963f,3.0914f,0f,0f,0f,1f],start_interpolation: 0,interpolation_duration: 1}
$data merge entity $(bone_crest_middle4) {transformation: [-0.9978f,-0.0042f,0.0661f,-0.3509f,-0.0006f,0.9985f,0.0553f,5.2166f,-0.0663f,0.0551f,-0.9963f,3.0542f,0f,0f,0f,1f],start_interpolation: 0,interpolation_duration: 1}
$data merge entity $(bone_crest_middle1) {transformation: [-0.9978f,-0.0042f,0.0661f,-0.3544f,-0.0006f,0.9985f,0.0553f,4.7073f,-0.0663f,0.0551f,-0.9963f,3.1103f,0f,0f,0f,1f],start_interpolation: 0,interpolation_duration: 1}
$data merge entity $(bone_crest_left5) {transformation: [-0.5206f,-0.8358f,0.1743f,-1.4503f,-0.8123f,0.5477f,0.2003f,5.2446f,-0.2629f,-0.0373f,-0.9641f,2.9403f,0f,0f,0f,1f],start_interpolation: 0,interpolation_duration: 1}
$data merge entity $(bone_crest_left4) {transformation: [-0.5206f,-0.8358f,0.1743f,-0.981f,-0.8123f,0.5477f,0.2003f,4.9371f,-0.2629f,-0.0373f,-0.9641f,2.9613f,0f,0f,0f,1f],start_interpolation: 0,interpolation_duration: 1}
$data merge entity $(bone_crest_left1) {transformation: [-0.5206f,-0.8358f,0.1743f,-0.4549f,-0.8123f,0.5477f,0.2003f,4.61f,-0.2629f,-0.0373f,-0.9641f,2.9301f,0f,0f,0f,1f],start_interpolation: 0,interpolation_duration: 1}
$data merge entity $(bone_crest_center1) {transformation: [-0.9978f,-0.0184f,0.0637f,-0.3423f,-0.0006f,0.9628f,0.2701f,4.5831f,-0.0663f,0.2694f,-0.9607f,2.93f,0f,0f,0f,1f],start_interpolation: 0,interpolation_duration: 1}
$data merge entity $(bone_crest_right5) {transformation: [-0.5517f,0.8328f,-0.0454f,0.7538f,0.8118f,0.5486f,0.2002f,5.2459f,0.1916f,0.0736f,-0.9787f,3.0867f,0f,0f,0f,1f],start_interpolation: 0,interpolation_duration: 1}
$data merge entity $(bone_crest_right4) {transformation: [-0.5517f,0.8328f,-0.0454f,0.2862f,0.8118f,0.5486f,0.2002f,4.9378f,0.1916f,0.0736f,-0.9787f,3.0454f,0f,0f,0f,1f],start_interpolation: 0,interpolation_duration: 1}
$data merge entity $(bone_crest_right1) {transformation: [-0.5517f,0.8328f,-0.0454f,-0.2308f,0.8118f,0.5486f,0.2002f,4.6102f,0.1916f,0.0736f,-0.9787f,2.945f,0f,0f,0f,1f],start_interpolation: 0,interpolation_duration: 1}
$data merge entity $(bone_head1) {transformation: [-1.0459f,-0.0193f,0.0667f,-0.2575f,-0.0006f,1.0092f,0.2831f,4.7967f,-0.0695f,0.2824f,-1.007f,1.6514f,0f,0f,0f,1f],start_interpolation: 0,interpolation_duration: 1}
$data merge entity $(bone_neck10) {transformation: [-1.484f,-0.0346f,0.1968f,-0.1069f,0.0347f,1.4077f,0.5093f,4.7372f,-0.1968f,0.5093f,-1.3943f,0.5052f,0f,0f,0f,1f],start_interpolation: 0,interpolation_duration: 1}
$data merge entity $(bone_neck9) {transformation: [-1.1353f,-0.0456f,0.1459f,-0.056f,0.0266f,1.018f,0.5245f,3.414f,-0.1506f,0.5232f,-1.0079f,-0.1122f,0f,0f,0f,1f],start_interpolation: 0,interpolation_duration: 1}
$data merge entity $(bone_neck8) {transformation: [-1.054f,0.034f,0.1352f,-0.0856f,0.0155f,1.0532f,-0.1442f,2.6328f,-0.1385f,-0.141f,-1.0446f,0.0259f,0f,0f,0f,1f],start_interpolation: 0,interpolation_duration: 1}
$data merge entity $(bone_neck7) {transformation: [-1.0475f,0.0518f,0.1203f,-0.135f,0f,0.9696f,-0.4175f,1.7643f,-0.131f,-0.4142f,-0.9621f,0.421f,0f,0f,0f,1f],start_interpolation: 0,interpolation_duration: 1}
$data merge entity $(bone_neck6) {transformation: [-1.0416f,0.0337f,0.1258f,-0.1637f,0f,1.0139f,-0.2717f,0.866f,-0.1303f,-0.2696f,-1.0061f,0.6507f,0f,0f,0f,1f],start_interpolation: 0,interpolation_duration: 1}
$data merge entity $(bone_neck_spine6) {transformation: [-1.2658f,-0.0202f,-0.1312f,0.2041f,-0.1272f,-0.1762f,1.2541f,0.7248f,-0.0381f,1.2604f,0.1732f,-1.9809f,0f,0f,0f,1f],start_interpolation: 0,interpolation_duration: 1}
$data merge entity $(bone_neck_spine7) {transformation: [-0.8664f,0.3757f,-0.329f,-0.4718f,-0.2254f,0.2938f,0.9289f,1.1313f,0.4456f,0.8789f,-0.1699f,-5.4945f,0f,0f,0f,1f],start_interpolation: 0,interpolation_duration: 1}
$data merge entity $(bone_tail6) {transformation: [-0.8954f,0.8534f,-1.198f,-2.4121f,-0.9001f,0.7913f,1.2365f,-0.8108f,1.1633f,1.2692f,0.0346f,-8.4016f,0f,0f,0f,1f],start_interpolation: 0,interpolation_duration: 1}
$data merge entity $(bone_tail5) {transformation: [-0.7397f,0.705f,-0.9897f,-1.9668f,-0.7436f,0.6537f,1.0214f,-0.3979f,0.961f,1.0484f,0.0286f,-7.7394f,0f,0f,0f,1f],start_interpolation: 0,interpolation_duration: 1}
$data merge entity $(bone_tail4) {transformation: [-0.545f,0.5195f,-0.7292f,-1.7442f,-0.5479f,0.4817f,0.7526f,-0.1915f,0.7081f,0.7725f,0.0211f,-7.4083f,0f,0f,0f,1f],start_interpolation: 0,interpolation_duration: 1}
$data merge entity $(bone_segment18) {transformation: [-0.52f,0.4956f,-0.6957f,-1.4659f,-0.5227f,0.4595f,0.7181f,0.0665f,0.6756f,0.737f,0.0201f,-6.9945f,0f,0f,0f,1f],start_interpolation: 0,interpolation_duration: 1}
$data merge entity $(bone_segment17) {transformation: [-0.52f,0.4956f,-0.6957f,-1.1041f,-0.5227f,0.4595f,0.7181f,0.402f,0.6756f,0.737f,0.0201f,-6.4564f,0f,0f,0f,1f],start_interpolation: 0,interpolation_duration: 1}
$data merge entity $(bone_segment16) {transformation: [-0.6902f,0.6344f,-0.348f,-0.4985f,-0.2017f,0.2932f,0.9345f,0.6819f,0.6949f,0.7152f,-0.0744f,-5.7737f,0f,0f,0f,1f],start_interpolation: 0,interpolation_duration: 1}
$data merge entity $(bone_segment15) {transformation: [-0.8664f,0.448f,-0.2206f,0.0298f,-0.2254f,0.0434f,0.9733f,0.7331f,0.4456f,0.893f,0.0634f,-4.7207f,0f,0f,0f,1f],start_interpolation: 0,interpolation_duration: 1}
$data merge entity $(bone_segment14) {transformation: [-1.0173f,0.2222f,-0.1197f,0.2799f,-0.1719f,-0.2461f,1.0043f,0.4562f,0.1848f,0.9944f,0.2753f,-3.6021f,0f,0f,0f,1f],start_interpolation: 0,interpolation_duration: 1}
$data merge entity $(bone_segment13) {transformation: [-1.0201f,0.0023f,-0.107f,0.2856f,-0.1025f,-0.3153f,0.9706f,0.0499f,-0.0307f,0.976f,0.3138f,-2.4351f,0f,0f,0f,1f],start_interpolation: 0,interpolation_duration: 1}
$data merge entity $(bone_segment12) {transformation: [-1.1027f,-0.1238f,-0.1149f,0.136f,-0.0971f,-0.156f,1.1003f,-0.1386f,-0.1382f,1.0976f,0.1435f,-1.1091f,0f,0f,0f,1f],start_interpolation: 0,interpolation_duration: 1}
$data merge entity $(bone_segment11) {transformation: [-1.1754f,-0.1823f,-0.048f,-0.0692f,-0.1065f,0.3917f,1.1191f,0.3145f,-0.1555f,1.1093f,-0.403f,0.1735f,0f,0f,0f,1f],start_interpolation: 0,interpolation_duration: 1}
$data merge entity $(bone_segment10) {transformation: [-1.041f,-0.1021f,0.0679f,-0.1735f,-0.0515f,0.8909f,0.5498f,1.2265f,-0.1113f,0.5427f,-0.8898f,0.7291f,0f,0f,0f,1f],start_interpolation: 0,interpolation_duration: 1}
data modify entity @s data merge value {"cameras":{},"locators":{"mouth":{"posx":-0.4130887590461209,"posy":4.02439038568106,"posz":3.999896920992896,"roty":183.9133245244773,"rotx":74.33149202421676}}}