# This file was generated by Animated Java via MC-Build. It is not recommended to edit this file directly.
$data merge entity $(bone_neck_spine5) {transformation: [-1.5564f,0.0168f,0.2219f,0.2095f,0.0114f,1.5717f,-0.0393f,4.1643f,-0.2222f,-0.0373f,-1.556f,-0.836f,0f,0f,0f,1f],start_interpolation: 0,interpolation_duration: 1}
$data merge entity $(bone_neck_spine2) {transformation: [-1.4823f,0.0208f,0.2109f,-0.1045f,0.0108f,1.4957f,-0.0713f,5.837f,-0.2116f,-0.069f,-1.4808f,0.6543f,0f,0f,0f,1f],start_interpolation: 0,interpolation_duration: 1}
$data merge entity $(bone_scale_neck_left1) {transformation: [-1.577f,0.3544f,0.3172f,0.666f,0.4363f,1.5152f,0.4763f,4.929f,-0.1893f,0.54f,-1.5445f,0.7736f,0f,0f,0f,1f],start_interpolation: 0,interpolation_duration: 1}
$data merge entity $(bone_scale_neck_right1) {transformation: [-1.573f,-0.4696f,0.1345f,-0.8905f,-0.4133f,1.5212f,0.4776f,4.9404f,-0.2604f,0.4224f,-1.5706f,0.5513f,0f,0f,0f,1f],start_interpolation: 0,interpolation_duration: 1}
$data merge entity $(bone_blush_right1) {transformation: [-0.9984f,-0.0081f,0.0556f,-0.8874f,0.0001f,0.9895f,0.1448f,4.5883f,-0.0561f,0.1446f,-0.9879f,2.0011f,0f,0f,0f,1f],start_interpolation: 0,interpolation_duration: 1}
$data merge entity $(bone_blush_left1) {transformation: [-0.9984f,-0.0081f,0.0556f,0.4357f,0.0001f,0.9895f,0.1448f,4.5882f,-0.0561f,0.1446f,-0.9879f,2.0755f,0f,0f,0f,1f],start_interpolation: 0,interpolation_duration: 1}
$data merge entity $(bone_left_head_scales) {transformation: [-0.9113f,-0.0081f,-0.4117f,0.4629f,-0.0668f,0.9895f,0.1285f,5.3674f,0.4064f,0.1446f,-0.9022f,1.7933f,0f,0f,0f,1f],start_interpolation: 0,interpolation_duration: 1}
$data merge entity $(bone_left_head_scales2) {transformation: [-0.8497f,-0.0081f,-0.5272f,0.4608f,-0.083f,0.9895f,0.1187f,4.454f,0.5206f,0.1446f,-0.8414f,1.8299f,0f,0f,0f,1f],start_interpolation: 0,interpolation_duration: 1}
$data merge entity $(bone_left_head_scales1) {transformation: [-0.9984f,-0.0081f,0.0556f,0.4638f,0.0001f,0.9895f,0.1448f,5.2563f,-0.0561f,0.1446f,-0.9879f,1.7771f,0f,0f,0f,1f],start_interpolation: 0,interpolation_duration: 1}
$data merge entity $(bone_right_head_scales) {transformation: [-0.86f,-0.0081f,0.5103f,-0.8827f,0.0669f,0.9895f,0.1284f,5.3675f,-0.506f,0.1446f,-0.8504f,1.7177f,0f,0f,0f,1f],start_interpolation: 0,interpolation_duration: 1}
$data merge entity $(bone_right_head_scales2) {transformation: [-0.786f,-0.0081f,0.6182f,-0.8848f,0.0831f,0.9895f,0.1186f,4.4541f,-0.6126f,0.1446f,-0.777f,1.7542f,0f,0f,0f,1f],start_interpolation: 0,interpolation_duration: 1}
$data merge entity $(bone_right_head_scales1) {transformation: [-0.9984f,-0.0081f,0.0556f,-0.8818f,0.0001f,0.9895f,0.1448f,5.2563f,-0.0561f,0.1446f,-0.9879f,1.7015f,0f,0f,0f,1f],start_interpolation: 0,interpolation_duration: 1}
$data merge entity $(bone_head_left_fin1) {transformation: [-0.7676f,0.033f,-0.713f,0.4718f,0.1598f,1.0284f,-0.1243f,4.8518f,0.6957f,-0.1997f,-0.7581f,1.633f,0f,0f,0f,1f],start_interpolation: 0,interpolation_duration: 1}
$data merge entity $(bone_head_right_fin1) {transformation: [-0.6847f,-0.0103f,0.7935f,-0.8737f,-0.1597f,1.0284f,-0.1244f,4.8518f,-0.7774f,-0.2022f,-0.6734f,1.5574f,0f,0f,0f,1f],start_interpolation: 0,interpolation_duration: 1}
$data merge entity $(bone_right_whisker16) {transformation: [0.2611f,0.9278f,-0.2665f,-1.4046f,0.9522f,-0.2929f,-0.0865f,2.1259f,-0.1584f,-0.2312f,-0.9599f,1.8102f,0f,0f,0f,1f],start_interpolation: 0,interpolation_duration: 1}
$data merge entity $(bone_right_whisker15) {transformation: [-0.8858f,0.38f,-0.2665f,-1.1062f,0.4146f,0.9059f,-0.0865f,1.9862f,0.2086f,-0.1872f,-0.9599f,1.74f,0f,0f,0f,1f],start_interpolation: 0,interpolation_duration: 1}
$data merge entity $(bone_right_whisker14) {transformation: [-0.7187f,-0.6422f,-0.2665f,-0.8641f,-0.6457f,0.7586f,-0.0865f,2.2038f,0.2578f,0.1099f,-0.9599f,1.6531f,0f,0f,0f,1f],start_interpolation: 0,interpolation_duration: 1}
$data merge entity $(bone_right_whisker13) {transformation: [-0.0873f,-0.9955f,-0.0381f,-0.8347f,-0.9903f,0.0826f,0.1116f,2.5375f,-0.108f,0.0474f,-0.993f,1.6895f,0f,0f,0f,1f],start_interpolation: 0,interpolation_duration: 1}
$data merge entity $(bone_right_whisker12) {transformation: [0.0808f,-0.9966f,-0.0183f,-0.871f,-0.9427f,-0.0824f,0.3233f,2.9609f,-0.3237f,-0.0089f,-0.9461f,1.8349f,0f,0f,0f,1f],start_interpolation: 0,interpolation_duration: 1}
$data merge entity $(bone_right_whisker11) {transformation: [0.2963f,-0.9551f,0.0069f,-1.0041f,-0.9548f,-0.2961f,0.0249f,3.3899f,-0.0217f,-0.0139f,-0.9997f,1.8447f,0f,0f,0f,1f],start_interpolation: 0,interpolation_duration: 1}
$data merge entity $(bone_right_whisker10) {transformation: [0.0666f,-0.9906f,0.1191f,-1.034f,-0.9721f,-0.0914f,-0.2161f,3.8265f,0.2249f,-0.1014f,-0.9691f,1.7436f,0f,0f,0f,1f],start_interpolation: 0,interpolation_duration: 1}
$data merge entity $(bone_right_whisker1) {transformation: [-0.3349f,-0.938f,0.0889f,-0.8836f,-0.9397f,0.3394f,0.041f,4.2487f,-0.0687f,-0.0698f,-0.9952f,1.7745f,0f,0f,0f,1f],start_interpolation: 0,interpolation_duration: 1}
$data merge entity $(bone_left_whisker16) {transformation: [0.2569f,-0.909f,0.3283f,0.9957f,-0.9504f,-0.2992f,-0.0845f,2.1342f,0.175f,-0.2903f,-0.9408f,1.8875f,0f,0f,0f,1f],start_interpolation: 0,interpolation_duration: 1}
$data merge entity $(bone_left_whisker15) {transformation: [-0.8676f,-0.3734f,0.3283f,0.7034f,-0.4207f,0.9033f,-0.0845f,1.9925f,-0.265f,-0.2114f,-0.9408f,1.7982f,0f,0f,0f,1f],start_interpolation: 0,interpolation_duration: 1}
$data merge entity $(bone_left_whisker14) {transformation: [-0.7051f,0.6285f,0.3283f,0.4658f,0.6408f,0.763f,-0.0845f,2.2084f,-0.3036f,0.1508f,-0.9408f,1.6959f,0f,0f,0f,1f],start_interpolation: 0,interpolation_duration: 1}
$data merge entity $(bone_left_whisker13) {transformation: [-0.1009f,0.9898f,0.1011f,0.4318f,0.9897f,0.0894f,0.1121f,2.5418f,0.1019f,0.1114f,-0.9885f,1.7303f,0f,0f,0f,1f],start_interpolation: 0,interpolation_duration: 1}
$data merge entity $(bone_left_whisker12) {transformation: [0.0534f,0.9956f,0.0769f,0.4558f,0.9432f,-0.0755f,0.3237f,2.9655f,0.3281f,0.0552f,-0.943f,1.8776f,0f,0f,0f,1f],start_interpolation: 0,interpolation_duration: 1}
$data merge entity $(bone_left_whisker11) {transformation: [0.2877f,0.956f,0.0573f,0.5851f,0.9569f,-0.2895f,0.0251f,3.3953f,0.0405f,0.0476f,-0.998f,1.8958f,0f,0f,0f,1f],start_interpolation: 0,interpolation_duration: 1}
$data merge entity $(bone_left_whisker10) {transformation: [0.0743f,0.9957f,-0.0551f,0.6184f,0.9726f,-0.0845f,-0.2167f,3.8322f,-0.2204f,-0.0375f,-0.9747f,1.7968f,0f,0f,0f,1f],start_interpolation: 0,interpolation_duration: 1}
$data merge entity $(bone_left_whisker1) {transformation: [-0.3451f,0.9382f,-0.025f,0.4634f,0.9374f,0.3459f,0.0406f,4.2533f,0.0468f,-0.0094f,-0.9989f,1.8178f,0f,0f,0f,1f],start_interpolation: 0,interpolation_duration: 1}
$data merge entity $(bone_upper_left_tooth1) {transformation: [-0.9984f,-0.0032f,0.0561f,0.0399f,0.0001f,0.9983f,0.058f,4.5731f,-0.0561f,0.0579f,-0.9967f,2.8135f,0f,0f,0f,1f],start_interpolation: 0,interpolation_duration: 1}
$data merge entity $(bone_upper_right_tooth1) {transformation: [-0.9984f,-0.0032f,0.0561f,-0.6329f,0.0001f,0.9983f,0.058f,4.5731f,-0.0561f,0.0579f,-0.9967f,2.7757f,0f,0f,0f,1f],start_interpolation: 0,interpolation_duration: 1}
$data merge entity $(bone_top_lip1) {transformation: [-0.9984f,0.0237f,0.0509f,-0.2689f,0.0001f,0.9067f,-0.4218f,4.6964f,-0.0561f,-0.4212f,-0.9052f,2.8034f,0f,0f,0f,1f],start_interpolation: 0,interpolation_duration: 1}
$data merge entity $(bone_muzzle1) {transformation: [-0.9984f,-0.0032f,0.0561f,-0.2379f,0.0001f,0.9983f,0.058f,4.8972f,-0.0561f,0.0579f,-0.9967f,2.2534f,0f,0f,0f,1f],start_interpolation: 0,interpolation_duration: 1}
$data merge entity $(bone_jaw_right_tooth1) {transformation: [-0.9984f,0.0249f,0.0503f,-0.6355f,0.0001f,0.8967f,-0.4427f,4.333f,-0.0561f,-0.442f,-0.8953f,2.8216f,0f,0f,0f,1f],start_interpolation: 0,interpolation_duration: 1}
$data merge entity $(bone_jaw_left_tooth1) {transformation: [-0.9984f,0.0249f,0.0503f,0.0933f,0.0001f,0.8967f,-0.4427f,4.3329f,-0.0561f,-0.442f,-0.8953f,2.8626f,0f,0f,0f,1f],start_interpolation: 0,interpolation_duration: 1}
$data merge entity $(bone_tongue1) {transformation: [-0.9984f,-0.0034f,0.056f,-0.2267f,0.0001f,0.9981f,0.062f,4.3823f,-0.0561f,0.0619f,-0.9965f,2.0526f,0f,0f,0f,1f],start_interpolation: 0,interpolation_duration: 1}
$data merge entity $(bone_jaw_lips1) {transformation: [-0.9984f,-0.0034f,0.056f,-0.2205f,0.0001f,0.9981f,0.062f,4.1978f,-0.0561f,0.0619f,-0.9965f,2.9431f,0f,0f,0f,1f],start_interpolation: 0,interpolation_duration: 1}
$data merge entity $(bone_jaw3) {transformation: [-0.9984f,0.0158f,0.0539f,-0.1734f,0.0001f,0.9599f,-0.2803f,3.8651f,-0.0561f,-0.2798f,-0.9584f,2.1056f,0f,0f,0f,1f],start_interpolation: 0,interpolation_duration: 1}
$data merge entity $(bone_jaw1) {transformation: [-0.9984f,-0.0269f,0.0493f,-0.1292f,0.0001f,0.877f,0.4806f,4.2969f,-0.0561f,0.4798f,-0.8756f,1.3189f,0f,0f,0f,1f],start_interpolation: 0,interpolation_duration: 1}
$data merge entity $(bone_tear_right1) {transformation: [-0.9984f,-0.0081f,0.0556f,-0.8401f,0.0001f,0.9895f,0.1448f,4.9626f,-0.0561f,0.1446f,-0.9879f,2.1609f,0f,0f,0f,1f],start_interpolation: 0,interpolation_duration: 1}
$data merge entity $(bone_right_pupil1) {transformation: [-0.9984f,-0.0081f,0.0556f,-0.6598f,0.0001f,0.9895f,0.1448f,5.0639f,-0.0561f,0.1446f,-0.9879f,2.2541f,0f,0f,0f,1f],start_interpolation: 0,interpolation_duration: 1}
$data merge entity $(bone_right_sad_pupil1) {transformation: [-0.9984f,-0.0081f,0.0556f,-0.6591f,0.0001f,0.9895f,0.1448f,5.0655f,-0.0561f,0.1446f,-0.9879f,2.243f,0f,0f,0f,1f],start_interpolation: 0,interpolation_duration: 1}
$data merge entity $(bone_right_happy_pupil1) {transformation: [-0.9984f,-0.0081f,0.0556f,-0.6869f,0.0001f,0.9895f,0.1448f,5.0378f,-0.0561f,0.1446f,-0.9879f,2.2374f,0f,0f,0f,1f],start_interpolation: 0,interpolation_duration: 1}
$data merge entity $(bone_eyelid_right1) {transformation: [-0.9984f,-0.0081f,0.0556f,-0.1958f,0.0001f,0.9895f,0.1448f,5.0912f,-0.0561f,0.1446f,-0.9879f,1.7045f,0f,0f,0f,1f],start_interpolation: 0,interpolation_duration: 1}
$data merge entity $(bone_eyelid_expressions_right5) {transformation: [-0.9984f,-0.0081f,0.0556f,-0.789f,0.0001f,0.9895f,0.1448f,5.1767f,-0.0561f,0.1446f,-0.9879f,2.252f,0f,0f,0f,1f],start_interpolation: 0,interpolation_duration: 1}
$data merge entity $(bone_eyelid_expressions_right7) {transformation: [-0.9984f,-0.0081f,0.0556f,-0.4526f,0.0001f,0.9895f,0.1448f,5.1766f,-0.0561f,0.1446f,-0.9879f,2.2709f,0f,0f,0f,1f],start_interpolation: 0,interpolation_duration: 1}
$data merge entity $(bone_eyelid_expressions_right6) {transformation: [-0.9984f,-0.0081f,0.0556f,-0.5647f,0.0001f,0.9895f,0.1448f,5.1766f,-0.0561f,0.1446f,-0.9879f,2.2646f,0f,0f,0f,1f],start_interpolation: 0,interpolation_duration: 1}
$data merge entity $(bone_right_eye1) {transformation: [-0.9984f,-0.0081f,0.0556f,-0.2076f,0.0001f,0.9895f,0.1448f,5.0896f,-0.0561f,0.1446f,-0.9879f,1.7149f,0f,0f,0f,1f],start_interpolation: 0,interpolation_duration: 1}
$data merge entity $(bone_tear_left1) {transformation: [-0.9984f,-0.0081f,0.0556f,0.3709f,0.0001f,0.9895f,0.1448f,4.9625f,-0.0561f,0.1446f,-0.9879f,2.229f,0f,0f,0f,1f],start_interpolation: 0,interpolation_duration: 1}
$data merge entity $(bone_left_sad_pupil1) {transformation: [-0.9984f,-0.0081f,0.0556f,0.1818f,0.0001f,0.9895f,0.1448f,5.0655f,-0.0561f,0.1446f,-0.9879f,2.2903f,0f,0f,0f,1f],start_interpolation: 0,interpolation_duration: 1}
$data merge entity $(bone_left_pupil1) {transformation: [-0.9984f,-0.0081f,0.0556f,0.1812f,0.0001f,0.9895f,0.1448f,5.0638f,-0.0561f,0.1446f,-0.9879f,2.3014f,0f,0f,0f,1f],start_interpolation: 0,interpolation_duration: 1}
$data merge entity $(bone_eyelid_left1) {transformation: [-0.9984f,-0.0081f,0.0556f,-0.2182f,0.0001f,0.9895f,0.1448f,5.0912f,-0.0561f,0.1446f,-0.9879f,1.7032f,0f,0f,0f,1f],start_interpolation: 0,interpolation_duration: 1}
$data merge entity $(bone_left_happy_pupil1) {transformation: [-0.9984f,-0.0081f,0.0556f,0.2101f,0.0001f,0.9895f,0.1448f,5.0377f,-0.0561f,0.1446f,-0.9879f,2.2878f,0f,0f,0f,1f],start_interpolation: 0,interpolation_duration: 1}
$data merge entity $(bone_eyelid_expressions_left5) {transformation: [-0.9984f,-0.0081f,0.0556f,0.3099f,0.0001f,0.9895f,0.1448f,5.1766f,-0.0561f,0.1446f,-0.9879f,2.3138f,0f,0f,0f,1f],start_interpolation: 0,interpolation_duration: 1}
$data merge entity $(bone_eyelid_expressions_left7) {transformation: [-0.9984f,-0.0081f,0.0556f,-0.0265f,0.0001f,0.9895f,0.1448f,5.1766f,-0.0561f,0.1446f,-0.9879f,2.2949f,0f,0f,0f,1f],start_interpolation: 0,interpolation_duration: 1}
$data merge entity $(bone_eyelid_expressions_left6) {transformation: [-0.9984f,-0.0081f,0.0556f,0.0856f,0.0001f,0.9895f,0.1448f,5.1766f,-0.0561f,0.1446f,-0.9879f,2.3012f,0f,0f,0f,1f],start_interpolation: 0,interpolation_duration: 1}
$data merge entity $(bone_left_eye1) {transformation: [-0.9984f,-0.0081f,0.0556f,-0.2076f,0.0001f,0.9895f,0.1448f,5.0896f,-0.0561f,0.1446f,-0.9879f,1.7149f,0f,0f,0f,1f],start_interpolation: 0,interpolation_duration: 1}
$data merge entity $(bone_crest_middle5) {transformation: [-0.9984f,0.0042f,0.056f,-0.2453f,0.0001f,0.9973f,-0.0728f,6.3917f,-0.0561f,-0.0727f,-0.9958f,2.3862f,0f,0f,0f,1f],start_interpolation: 0,interpolation_duration: 1}
$data merge entity $(bone_crest_middle4) {transformation: [-0.9984f,0.0042f,0.056f,-0.2481f,0.0001f,0.9973f,-0.0728f,5.7196f,-0.0561f,-0.0727f,-0.9958f,2.4352f,0f,0f,0f,1f],start_interpolation: 0,interpolation_duration: 1}
$data merge entity $(bone_crest_middle1) {transformation: [-0.9984f,0.0042f,0.056f,-0.2549f,0.0001f,0.9973f,-0.0728f,5.2217f,-0.0561f,-0.0727f,-0.9958f,2.5558f,0f,0f,0f,1f],start_interpolation: 0,interpolation_duration: 1}
$data merge entity $(bone_crest_left5) {transformation: [-0.5297f,-0.8319f,0.1656f,-1.3484f,-0.8345f,0.546f,0.0742f,5.7429f,-0.1521f,-0.0989f,-0.9834f,2.3292f,0f,0f,0f,1f],start_interpolation: 0,interpolation_duration: 1}
$data merge entity $(bone_crest_left4) {transformation: [-0.5297f,-0.8319f,0.1656f,-0.8812f,-0.8345f,0.546f,0.0742f,5.4363f,-0.1521f,-0.0989f,-0.9834f,2.3847f,0f,0f,0f,1f],start_interpolation: 0,interpolation_duration: 1}
$data merge entity $(bone_crest_left1) {transformation: [-0.5297f,-0.8319f,0.1656f,-0.3581f,-0.8345f,0.546f,0.0742f,5.1032f,-0.1521f,-0.0989f,-0.9834f,2.3905f,0f,0f,0f,1f],start_interpolation: 0,interpolation_duration: 1}
$data merge entity $(bone_crest_center1) {transformation: [-0.9984f,-0.0081f,0.0556f,-0.2458f,0.0001f,0.9895f,0.1448f,5.0754f,-0.0561f,0.1446f,-0.9879f,2.3928f,0f,0f,0f,1f],start_interpolation: 0,interpolation_duration: 1}
$data merge entity $(bone_crest_right5) {transformation: [-0.5433f,0.8378f,-0.0543f,0.8571f,0.8345f,0.5459f,0.0742f,5.7428f,0.0918f,-0.005f,-0.9958f,2.4532f,0f,0f,0f,1f],start_interpolation: 0,interpolation_duration: 1}
$data merge entity $(bone_crest_right4) {transformation: [-0.5433f,0.8378f,-0.0543f,0.3867f,0.8345f,0.5459f,0.0742f,5.4362f,0.0918f,-0.005f,-0.9958f,2.456f,0f,0f,0f,1f],start_interpolation: 0,interpolation_duration: 1}
$data merge entity $(bone_crest_right1) {transformation: [-0.5433f,0.8378f,-0.0543f,-0.1338f,0.8345f,0.5459f,0.0742f,5.1032f,0.0918f,-0.005f,-0.9958f,2.4031f,0f,0f,0f,1f],start_interpolation: 0,interpolation_duration: 1}
$data merge entity $(bone_head1) {transformation: [-1.0465f,-0.0085f,0.0582f,-0.1729f,0.0001f,1.0371f,0.1518f,5.1235f,-0.0588f,0.1515f,-1.0355f,1.0966f,0f,0f,0f,1f],start_interpolation: 0,interpolation_duration: 1}
$data merge entity $(bone_neck10) {transformation: [-1.4823f,-0.0069f,0.2118f,-0.0199f,0.0108f,1.4922f,0.1246f,4.7646f,-0.2116f,0.1248f,-1.4771f,0.0067f,0f,0f,0f,1f],start_interpolation: 0,interpolation_duration: 1}
$data merge entity $(bone_neck9) {transformation: [-1.134f,-0.03f,0.1593f,0.0105f,0.0083f,1.1135f,0.2687f,3.3322f,-0.1619f,0.2671f,-1.1021f,-0.2797f,0f,0f,0f,1f],start_interpolation: 0,interpolation_duration: 1}
$data merge entity $(bone_neck8) {transformation: [-1.0528f,0.0428f,0.1416f,-0.0258f,0f,1.0177f,-0.3075f,2.5826f,-0.148f,-0.3045f,-1.0078f,-0.0208f,0f,0f,0f,1f],start_interpolation: 0,interpolation_duration: 1}
$data merge entity $(bone_neck7) {transformation: [-1.0454f,0.0654f,0.1316f,-0.0878f,0f,0.9455f,-0.4696f,1.737f,-0.1469f,-0.465f,-0.9363f,0.4197f,0f,0f,0f,1f],start_interpolation: 0,interpolation_duration: 1}
$data merge entity $(bone_neck6) {transformation: [-1.0395f,0.0378f,0.1411f,-0.12f,0f,1.0139f,-0.2717f,0.8388f,-0.1461f,-0.269f,-1.004f,0.6489f,0f,0f,0f,1f],start_interpolation: 0,interpolation_duration: 1}
$data merge entity $(bone_neck_spine6) {transformation: [-1.2673f,0.1175f,-0.0135f,0.2646f,-0.0293f,-0.1702f,1.261f,0.4516f,0.1146f,1.2559f,0.1722f,-1.9031f,0f,0f,0f,1f],start_interpolation: 0,interpolation_duration: 1}
$data merge entity $(bone_neck_spine7) {transformation: [-0.8288f,0.5264f,-0.1898f,-0.7865f,-0.1783f,0.073f,0.9813f,1.1695f,0.5304f,0.8471f,0.0333f,-5.1725f,0f,0f,0f,1f],start_interpolation: 0,interpolation_duration: 1}
$data merge entity $(bone_tail6) {transformation: [-1.1852f,1.1055f,-0.5817f,-3.2844f,-0.7104f,0.063f,1.5674f,0.844f,1.0275f,1.3188f,0.4127f,-8.1981f,0f,0f,0f,1f],start_interpolation: 0,interpolation_duration: 1}
$data merge entity $(bone_tail5) {transformation: [-0.9791f,0.9133f,-0.4805f,-2.7076f,-0.5869f,0.0521f,1.2948f,0.8769f,0.8488f,1.0894f,0.3409f,-7.5101f,0f,0f,0f,1f],start_interpolation: 0,interpolation_duration: 1}
$data merge entity $(bone_tail4) {transformation: [-0.7214f,0.6729f,-0.354f,-2.4192f,-0.4324f,0.0384f,0.9541f,0.8934f,0.6255f,0.8027f,0.2512f,-7.1661f,0f,0f,0f,1f],start_interpolation: 0,interpolation_duration: 1}
$data merge entity $(bone_segment18) {transformation: [-0.6883f,0.642f,-0.3378f,-2.0587f,-0.4125f,0.0366f,0.9102f,0.9139f,0.5967f,0.7658f,0.2397f,-6.736f,0f,0f,0f,1f],start_interpolation: 0,interpolation_duration: 1}
$data merge entity $(bone_segment17) {transformation: [-0.6883f,0.642f,-0.3378f,-1.59f,-0.4125f,0.0366f,0.9102f,0.9406f,0.5967f,0.7658f,0.2397f,-6.177f,0f,0f,0f,1f],start_interpolation: 0,interpolation_duration: 1}
$data merge entity $(bone_segment16) {transformation: [-0.7133f,0.6999f,-0.0373f,-0.9219f,-0.2087f,-0.1613f,0.9646f,0.7867f,0.6691f,0.6958f,0.2611f,-5.5128f,0f,0f,0f,1f],start_interpolation: 0,interpolation_duration: 1}
$data merge entity $(bone_segment15) {transformation: [-0.8288f,0.5576f,-0.047f,-0.2644f,-0.1783f,-0.1834f,0.9667f,0.5704f,0.5304f,0.8096f,0.2514f,-4.5581f,0f,0f,0f,1f],start_interpolation: 0,interpolation_duration: 1}
$data merge entity $(bone_segment14) {transformation: [-0.9891f,0.3461f,0.0233f,0.125f,-0.1004f,-0.3532f,0.9818f,0.1731f,0.332f,0.9242f,0.3664f,-3.5184f,0f,0f,0f,1f],start_interpolation: 0,interpolation_duration: 1}
$data merge entity $(bone_segment13) {transformation: [-1.0213f,0.0951f,0.0057f,0.2394f,-0.0236f,-0.3116f,0.977f,-0.2289f,0.0923f,0.9726f,0.3124f,-2.3555f,0f,0f,0f,1f],start_interpolation: 0,interpolation_duration: 1}
$data merge entity $(bone_segment12) {transformation: [-1.1134f,-0.0666f,-0.0192f,0.159f,-0.0149f,-0.0724f,1.1131f,-0.3164f,-0.0677f,1.1112f,0.0714f,-1.0131f,0f,0f,0f,1f],start_interpolation: 0,interpolation_duration: 1}
$data merge entity $(bone_segment11) {transformation: [-1.1802f,-0.1549f,0.0159f,-0.026f,-0.0507f,0.4972f,1.0805f,0.2579f,-0.1472f,1.0705f,-0.4995f,0.2232f,0f,0f,0f,1f],start_interpolation: 0,interpolation_duration: 1}
$data merge entity $(bone_segment10) {transformation: [-1.0392f,-0.101f,0.0928f,-0.131f,-0.0446f,0.9197f,0.5008f,1.1993f,-0.1296f,0.4925f,-0.9161f,0.7272f,0f,0f,0f,1f],start_interpolation: 0,interpolation_duration: 1}
data modify entity @s data merge value {"cameras":{},"locators":{"mouth":{"posx":-0.30948786830420194,"posy":4.658340285437043,"posz":3.5258079438154697,"roty":183.19208033056373,"rotx":81.6743999001308}}}