# This file was generated by Animated Java via MC-Build. It is not recommended to edit this file directly.
$data merge entity $(bone_neck_spine5) {transformation: [-1.564f,0.0584f,0.15f,0.1248f,0.0515f,1.5697f,-0.0741f,4.1519f,-0.1525f,-0.0688f,-1.5633f,-0.8731f,0f,0f,0f,1f],start_interpolation: 0,interpolation_duration: 1}
$data merge entity $(bone_neck_spine2) {transformation: [-1.4895f,0.0531f,0.1439f,-0.0802f,0.0491f,1.496f,-0.0434f,5.8334f,-0.1453f,-0.0385f,-1.4898f,0.6402f,0f,0f,0f,1f],start_interpolation: 0,interpolation_duration: 1}
$data merge entity $(bone_scale_neck_left1) {transformation: [-1.573f,0.4135f,0.2602f,0.673f,0.476f,1.4945f,0.5028f,4.9057f,-0.1099f,0.5554f,-1.5468f,0.7061f,0f,0f,0f,1f],start_interpolation: 0,interpolation_duration: 1}
$data merge entity $(bone_scale_neck_right1) {transformation: [-1.5923f,-0.4145f,0.0766f,-0.891f,-0.3717f,1.5218f,0.5089f,4.9573f,-0.1989f,0.4746f,-1.5647f,0.5535f,0f,0f,0f,1f],start_interpolation: 0,interpolation_duration: 1}
$data merge entity $(bone_blush_right1) {transformation: [-0.9978f,0.0174f,0.0634f,-0.8781f,0.0289f,0.9823f,0.1849f,4.5582f,-0.0591f,0.1863f,-0.9807f,1.949f,0f,0f,0f,1f],start_interpolation: 0,interpolation_duration: 1}
$data merge entity $(bone_blush_left1) {transformation: [-0.9978f,0.0174f,0.0634f,0.4443f,0.0289f,0.9823f,0.1849f,4.5199f,-0.0591f,0.1863f,-0.9807f,2.0273f,0f,0f,0f,1f],start_interpolation: 0,interpolation_duration: 1}
$data merge entity $(bone_left_head_scales) {transformation: [-0.9144f,0.0174f,-0.4045f,0.4931f,-0.0598f,0.9823f,0.1773f,5.3093f,0.4004f,0.1863f,-0.8972f,1.7785f,0f,0f,0f,1f],start_interpolation: 0,interpolation_duration: 1}
$data merge entity $(bone_left_head_scales2) {transformation: [-0.8538f,0.0174f,-0.5204f,0.4668f,-0.0824f,0.9823f,0.168f,4.3956f,0.5141f,0.1863f,-0.8372f,1.7763f,0f,0f,0f,1f],start_interpolation: 0,interpolation_duration: 1}
$data merge entity $(bone_left_head_scales1) {transformation: [-0.9978f,0.0174f,0.0634f,0.4911f,0.0289f,0.9823f,0.1849f,5.199f,-0.0591f,0.1863f,-0.9807f,1.7575f,0f,0f,0f,1f],start_interpolation: 0,interpolation_duration: 1}
$data merge entity $(bone_right_head_scales) {transformation: [-0.8558f,0.0174f,0.517f,-0.8516f,0.111f,0.9823f,0.1507f,5.3482f,-0.5053f,0.1863f,-0.8426f,1.6988f,0f,0f,0f,1f],start_interpolation: 0,interpolation_duration: 1}
$data merge entity $(bone_right_head_scales2) {transformation: [-0.781f,0.0174f,0.6243f,-0.878f,0.1297f,0.9823f,0.1349f,4.4345f,-0.6109f,0.1863f,-0.7695f,1.6966f,0f,0f,0f,1f],start_interpolation: 0,interpolation_duration: 1}
$data merge entity $(bone_right_head_scales1) {transformation: [-0.9978f,0.0174f,0.0634f,-0.8536f,0.0289f,0.9823f,0.1849f,5.2379f,-0.0591f,0.1863f,-0.9807f,1.6779f,0f,0f,0f,1f],start_interpolation: 0,interpolation_duration: 1}
$data merge entity $(bone_head_left_fin1) {transformation: [-0.766f,0.0609f,-0.7129f,0.4892f,0.1505f,1.0347f,-0.0732f,4.8009f,0.6995f,-0.1559f,-0.7649f,1.5965f,0f,0f,0f,1f],start_interpolation: 0,interpolation_duration: 1}
$data merge entity $(bone_head_right_fin1) {transformation: [-0.6855f,0.0176f,0.7928f,-0.8556f,-0.1085f,1.036f,-0.1168f,4.8398f,-0.7855f,-0.1585f,-0.6757f,1.5168f,0f,0f,0f,1f],start_interpolation: 0,interpolation_duration: 1}
$data merge entity $(bone_right_whisker16) {transformation: [0.2577f,0.8974f,-0.3583f,-1.4166f,0.9595f,-0.2813f,-0.0146f,2.0973f,-0.1139f,-0.34f,-0.9335f,1.705f,0f,0f,0f,1f],start_interpolation: 0,interpolation_duration: 1}
$data merge entity $(bone_right_whisker15) {transformation: [-0.856f,0.3726f,-0.3583f,-1.1282f,0.4042f,0.9146f,-0.0146f,1.9611f,0.3222f,-0.1573f,-0.9335f,1.5964f,0f,0f,0f,1f],start_interpolation: 0,interpolation_duration: 1}
$data merge entity $(bone_right_whisker14) {transformation: [-0.6995f,-0.6184f,-0.3583f,-0.8926f,-0.6581f,0.7528f,-0.0146f,2.1829f,0.2787f,0.2255f,-0.9335f,1.5025f,0f,0f,0f,1f],start_interpolation: 0,interpolation_duration: 1}
$data merge entity $(bone_right_whisker13) {transformation: [-0.1106f,-0.9851f,-0.1313f,-0.8553f,-0.9792f,0.0854f,0.184f,2.5128f,-0.17f,0.149f,-0.9741f,1.5598f,0f,0f,0f,1f],start_interpolation: 0,interpolation_duration: 1}
$data merge entity $(bone_right_whisker12) {transformation: [0.0367f,-0.9939f,-0.1043f,-0.8718f,-0.9171f,-0.075f,0.3915f,2.9247f,-0.397f,0.0813f,-0.9142f,1.7381f,0f,0f,0f,1f],start_interpolation: 0,interpolation_duration: 1}
$data merge entity $(bone_right_whisker11) {transformation: [0.2799f,-0.9559f,-0.0884f,-0.9975f,-0.9526f,-0.288f,0.0976f,3.3527f,-0.1188f,0.0569f,-0.9913f,1.7915f,0f,0f,0f,1f],start_interpolation: 0,interpolation_duration: 1}
$data merge entity $(bone_right_whisker10) {transformation: [0.0746f,-0.9969f,0.023f,-1.031f,-0.9863f,-0.0772f,-0.1457f,3.7958f,0.147f,-0.0118f,-0.9891f,1.7255f,0f,0f,0f,1f],start_interpolation: 0,interpolation_duration: 1}
$data merge entity $(bone_right_whisker1) {transformation: [-0.3527f,-0.9357f,-0.0061f,-0.8726f,-0.93f,0.3498f,0.1129f,4.2135f,-0.1035f,0.0455f,-0.9936f,1.7719f,0f,0f,0f,1f],start_interpolation: 0,interpolation_duration: 1}
$data merge entity $(bone_left_whisker16) {transformation: [0.2596f,-0.9365f,0.2357f,0.98f,-0.9623f,-0.2712f,-0.0179f,2.0841f,0.0807f,-0.2222f,-0.9717f,1.551f,0f,0f,0f,1f],start_interpolation: 0,interpolation_duration: 1}
$data merge entity $(bone_left_whisker15) {transformation: [-0.8946f,-0.3796f,0.2357f,0.6786f,-0.3945f,0.9187f,-0.0179f,1.9512f,-0.2097f,-0.109f,-0.9717f,1.4803f,0f,0f,0f,1f],start_interpolation: 0,interpolation_duration: 1}
$data merge entity $(bone_left_whisker14) {transformation: [-0.7221f,0.6504f,0.2357f,0.4353f,0.6659f,0.7458f,-0.0179f,2.1755f,-0.1874f,0.144f,-0.9717f,1.4172f,0f,0f,0f,1f],start_interpolation: 0,interpolation_duration: 1}
$data merge entity $(bone_left_whisker13) {transformation: [-0.0772f,0.997f,0.0076f,0.4093f,0.9802f,0.0745f,0.1832f,2.5058f,0.1821f,0.0216f,-0.983f,1.4786f,0f,0f,0f,1f],start_interpolation: 0,interpolation_duration: 1}
$data merge entity $(bone_left_whisker12) {transformation: [0.0973f,0.9952f,-0.0093f,0.453f,0.9164f,-0.0859f,0.391f,2.9174f,0.3884f,-0.0465f,-0.9203f,1.653f,0f,0f,0f,1f],start_interpolation: 0,interpolation_duration: 1}
$data merge entity $(bone_left_whisker11) {transformation: [0.3033f,0.9521f,-0.0381f,0.5892f,0.9494f,-0.2985f,0.0974f,3.3439f,0.0813f,-0.0657f,-0.9945f,1.6895f,0f,0f,0f,1f],start_interpolation: 0,interpolation_duration: 1}
$data merge entity $(bone_left_whisker10) {transformation: [0.066f,0.9863f,-0.151f,0.6188f,0.9855f,-0.0881f,-0.1447f,3.7867f,-0.156f,-0.1392f,-0.9779f,1.6195f,0f,0f,0f,1f],start_interpolation: 0,interpolation_duration: 1}
$data merge entity $(bone_left_whisker1) {transformation: [-0.3263f,0.9376f,-0.1198f,0.4723f,0.9337f,0.3395f,0.1135f,4.2061f,0.1471f,-0.0749f,-0.9863f,1.6855f,0f,0f,0f,1f],start_interpolation: 0,interpolation_duration: 1}
$data merge entity $(bone_upper_left_tooth1) {transformation: [-0.9978f,0.0229f,0.0617f,0.0451f,0.0289f,0.9947f,0.0986f,4.4841f,-0.0591f,0.1001f,-0.9932f,2.7628f,0f,0f,0f,1f],start_interpolation: 0,interpolation_duration: 1}
$data merge entity $(bone_upper_right_tooth1) {transformation: [-0.9978f,0.0229f,0.0617f,-0.6272f,0.0289f,0.9947f,0.0986f,4.5036f,-0.0591f,0.1001f,-0.9932f,2.723f,0f,0f,0f,1f],start_interpolation: 0,interpolation_duration: 1}
$data merge entity $(bone_top_lip1) {transformation: [-0.9978f,0.0483f,0.0447f,-0.2602f,0.0289f,0.9318f,-0.3618f,4.6159f,-0.0591f,-0.3597f,-0.9312f,2.7569f,0f,0f,0f,1f],start_interpolation: 0,interpolation_duration: 1}
$data merge entity $(bone_muzzle1) {transformation: [-0.9978f,0.0229f,0.0617f,-0.2217f,0.0289f,0.9947f,0.0986f,4.8388f,-0.0591f,0.1001f,-0.9932f,2.2161f,0f,0f,0f,1f],start_interpolation: 0,interpolation_duration: 1}
$data merge entity $(bone_jaw_right_tooth1) {transformation: [-0.9978f,0.0508f,0.0417f,-0.6358f,0.0289f,0.9088f,-0.4163f,4.2797f,-0.0591f,-0.4142f,-0.9083f,2.7589f,0f,0f,0f,1f],start_interpolation: 0,interpolation_duration: 1}
$data merge entity $(bone_jaw_left_tooth1) {transformation: [-0.9978f,0.0508f,0.0417f,0.0926f,0.0289f,0.9088f,-0.4163f,4.2586f,-0.0591f,-0.4142f,-0.9083f,2.8021f,0f,0f,0f,1f],start_interpolation: 0,interpolation_duration: 1}
$data merge entity $(bone_tongue1) {transformation: [-0.9978f,0.0245f,0.061f,-0.2232f,0.0289f,0.997f,0.0715f,4.3243f,-0.0591f,0.0732f,-0.9956f,1.9891f,0f,0f,0f,1f],start_interpolation: 0,interpolation_duration: 1}
$data merge entity $(bone_jaw_lips1) {transformation: [-0.9978f,0.0245f,0.061f,-0.2251f,0.0289f,0.997f,0.0715f,4.1296f,-0.0591f,0.0732f,-0.9956f,2.8774f,0f,0f,0f,1f],start_interpolation: 0,interpolation_duration: 1}
$data merge entity $(bone_jaw3) {transformation: [-0.9978f,0.0428f,0.0499f,-0.1839f,0.0289f,0.9673f,-0.2522f,3.8216f,-0.0591f,-0.2502f,-0.9664f,2.0302f,0f,0f,0f,1f],start_interpolation: 0,interpolation_duration: 1}
$data merge entity $(bone_jaw1) {transformation: [-0.9978f,-0.005f,0.0656f,-0.125f,0.0289f,0.8623f,0.5057f,4.2759f,-0.0591f,0.5065f,-0.8602f,1.2574f,0f,0f,0f,1f],start_interpolation: 0,interpolation_duration: 1}
$data merge entity $(bone_tear_right1) {transformation: [-0.9978f,0.0174f,0.0634f,-0.8216f,0.0289f,0.9823f,0.1849f,4.924f,-0.0591f,0.1863f,-0.9807f,2.1246f,0f,0f,0f,1f],start_interpolation: 0,interpolation_duration: 1}
$data merge entity $(bone_right_pupil1) {transformation: [-0.9978f,0.0174f,0.0634f,-0.639f,0.0289f,0.9823f,0.1849f,5.0165f,-0.0591f,0.1863f,-0.9807f,2.2226f,0f,0f,0f,1f],start_interpolation: 0,interpolation_duration: 1}
$data merge entity $(bone_right_sad_pupil1) {transformation: [-0.9978f,0.0174f,0.0634f,-0.6383f,0.0289f,0.9823f,0.1849f,5.0186f,-0.0591f,0.1863f,-0.9807f,2.2116f,0f,0f,0f,1f],start_interpolation: 0,interpolation_duration: 1}
$data merge entity $(bone_right_happy_pupil1) {transformation: [-0.9978f,0.0174f,0.0634f,-0.6668f,0.0289f,0.9823f,0.1849f,4.9918f,-0.0591f,0.1863f,-0.9807f,2.2047f,0f,0f,0f,1f],start_interpolation: 0,interpolation_duration: 1}
$data merge entity $(bone_eyelid_right1) {transformation: [-0.9978f,0.0174f,0.0634f,-0.1722f,0.0289f,0.9823f,0.1849f,5.0547f,-0.0591f,0.1863f,-0.9807f,1.676f,0f,0f,0f,1f],start_interpolation: 0,interpolation_duration: 1}
$data merge entity $(bone_eyelid_expressions_right5) {transformation: [-0.9978f,0.0174f,0.0634f,-0.7652f,0.0289f,0.9823f,0.1849f,5.1326f,-0.0591f,0.1863f,-0.9807f,2.2249f,0f,0f,0f,1f],start_interpolation: 0,interpolation_duration: 1}
$data merge entity $(bone_eyelid_expressions_right7) {transformation: [-0.9978f,0.0174f,0.0634f,-0.4291f,0.0289f,0.9823f,0.1849f,5.1229f,-0.0591f,0.1863f,-0.9807f,2.2448f,0f,0f,0f,1f],start_interpolation: 0,interpolation_duration: 1}
$data merge entity $(bone_eyelid_expressions_right6) {transformation: [-0.9978f,0.0174f,0.0634f,-0.5411f,0.0289f,0.9823f,0.1849f,5.1261f,-0.0591f,0.1863f,-0.9807f,2.2381f,0f,0f,0f,1f],start_interpolation: 0,interpolation_duration: 1}
$data merge entity $(bone_right_eye1) {transformation: [-0.9978f,0.0174f,0.0634f,-0.1842f,0.0289f,0.9823f,0.1849f,5.053f,-0.0591f,0.1863f,-0.9807f,1.6863f,0f,0f,0f,1f],start_interpolation: 0,interpolation_duration: 1}
$data merge entity $(bone_tear_left1) {transformation: [-0.9978f,0.0174f,0.0634f,0.3887f,0.0289f,0.9823f,0.1849f,4.889f,-0.0591f,0.1863f,-0.9807f,2.1963f,0f,0f,0f,1f],start_interpolation: 0,interpolation_duration: 1}
$data merge entity $(bone_left_sad_pupil1) {transformation: [-0.9978f,0.0174f,0.0634f,0.2021f,0.0289f,0.9823f,0.1849f,4.9942f,-0.0591f,0.1863f,-0.9807f,2.2614f,0f,0f,0f,1f],start_interpolation: 0,interpolation_duration: 1}
$data merge entity $(bone_left_pupil1) {transformation: [-0.9978f,0.0174f,0.0634f,0.2014f,0.0289f,0.9823f,0.1849f,4.9922f,-0.0591f,0.1863f,-0.9807f,2.2724f,0f,0f,0f,1f],start_interpolation: 0,interpolation_duration: 1}
$data merge entity $(bone_eyelid_left1) {transformation: [-0.9978f,0.0174f,0.0634f,-0.1947f,0.0289f,0.9823f,0.1849f,5.0554f,-0.0591f,0.1863f,-0.9807f,1.6747f,0f,0f,0f,1f],start_interpolation: 0,interpolation_duration: 1}
$data merge entity $(bone_left_happy_pupil1) {transformation: [-0.9978f,0.0174f,0.0634f,0.2297f,0.0289f,0.9823f,0.1849f,4.9659f,-0.0591f,0.1863f,-0.9807f,2.2578f,0f,0f,0f,1f],start_interpolation: 0,interpolation_duration: 1}
$data merge entity $(bone_eyelid_expressions_left5) {transformation: [-0.9978f,0.0174f,0.0634f,0.333f,0.0289f,0.9823f,0.1849f,5.1008f,-0.0591f,0.1863f,-0.9807f,2.2899f,0f,0f,0f,1f],start_interpolation: 0,interpolation_duration: 1}
$data merge entity $(bone_eyelid_expressions_left7) {transformation: [-0.9978f,0.0174f,0.0634f,-0.0032f,0.0289f,0.9823f,0.1849f,5.1106f,-0.0591f,0.1863f,-0.9807f,2.27f,0f,0f,0f,1f],start_interpolation: 0,interpolation_duration: 1}
$data merge entity $(bone_eyelid_expressions_left6) {transformation: [-0.9978f,0.0174f,0.0634f,0.1088f,0.0289f,0.9823f,0.1849f,5.1073f,-0.0591f,0.1863f,-0.9807f,2.2766f,0f,0f,0f,1f],start_interpolation: 0,interpolation_duration: 1}
$data merge entity $(bone_left_eye1) {transformation: [-0.9978f,0.0174f,0.0634f,-0.1842f,0.0289f,0.9823f,0.1849f,5.053f,-0.0591f,0.1863f,-0.9807f,1.6863f,0f,0f,0f,1f],start_interpolation: 0,interpolation_duration: 1}
$data merge entity $(bone_crest_middle5) {transformation: [-0.9978f,0.0307f,0.0582f,-0.1903f,0.0289f,0.9991f,-0.0321f,6.3261f,-0.0591f,-0.0304f,-0.9978f,2.4121f,0f,0f,0f,1f],start_interpolation: 0,interpolation_duration: 1}
$data merge entity $(bone_crest_middle4) {transformation: [-0.9978f,0.0307f,0.0582f,-0.211f,0.0289f,0.9991f,-0.0321f,5.6529f,-0.0591f,-0.0304f,-0.9978f,2.4325f,0f,0f,0f,1f],start_interpolation: 0,interpolation_duration: 1}
$data merge entity $(bone_crest_middle1) {transformation: [-0.9978f,0.0307f,0.0582f,-0.2314f,0.0289f,0.9991f,-0.0321f,5.1507f,-0.0591f,-0.0304f,-0.9978f,2.5319f,0f,0f,0f,1f],start_interpolation: 0,interpolation_duration: 1}
$data merge entity $(bone_crest_left5) {transformation: [-0.5508f,-0.8168f,0.1715f,-1.3098f,-0.813f,0.5716f,0.1112f,5.7097f,-0.1889f,-0.0782f,-0.9789f,2.3242f,0f,0f,0f,1f],start_interpolation: 0,interpolation_duration: 1}
$data merge entity $(bone_crest_left4) {transformation: [-0.5508f,-0.8168f,0.1715f,-0.8512f,-0.813f,0.5716f,0.1112f,5.3888f,-0.1889f,-0.0782f,-0.9789f,2.3681f,0f,0f,0f,1f],start_interpolation: 0,interpolation_duration: 1}
$data merge entity $(bone_crest_left1) {transformation: [-0.5508f,-0.8168f,0.1715f,-0.337f,-0.813f,0.5716f,0.1112f,5.042f,-0.1889f,-0.0782f,-0.9789f,2.3614f,0f,0f,0f,1f],start_interpolation: 0,interpolation_duration: 1}
$data merge entity $(bone_crest_center1) {transformation: [-0.9978f,0.0174f,0.0634f,-0.2254f,0.0289f,0.9823f,0.1849f,5.0111f,-0.0591f,0.1863f,-0.9807f,2.3629f,0f,0f,0f,1f],start_interpolation: 0,interpolation_duration: 1}
$data merge entity $(bone_crest_right5) {transformation: [-0.5215f,0.8519f,-0.0482f,0.8944f,0.844f,0.5233f,0.1176f,5.6459f,0.1254f,0.0207f,-0.9919f,2.4548f,0f,0f,0f,1f],start_interpolation: 0,interpolation_duration: 1}
$data merge entity $(bone_crest_right4) {transformation: [-0.5215f,0.8519f,-0.0482f,0.416f,0.844f,0.5233f,0.1176f,5.3521f,0.1254f,0.0207f,-0.9919f,2.4432f,0f,0f,0f,1f],start_interpolation: 0,interpolation_duration: 1}
$data merge entity $(bone_crest_right1) {transformation: [-0.5215f,0.8519f,-0.0482f,-0.1129f,0.844f,0.5233f,0.1176f,5.0355f,0.1254f,0.0207f,-0.9919f,2.3747f,0f,0f,0f,1f],start_interpolation: 0,interpolation_duration: 1}
$data merge entity $(bone_head1) {transformation: [-1.0459f,0.0182f,0.0665f,-0.146f,0.0303f,1.0297f,0.1938f,5.112f,-0.0619f,0.1953f,-1.028f,1.0701f,0f,0f,0f,1f],start_interpolation: 0,interpolation_duration: 1}
$data merge entity $(bone_neck10) {transformation: [-1.4895f,0.0338f,0.1496f,-0.0495f,0.0491f,1.4888f,0.1522f,4.7738f,-0.1453f,0.1563f,-1.4821f,-0.0328f,0f,0f,0f,1f],start_interpolation: 0,interpolation_duration: 1}
$data merge entity $(bone_neck9) {transformation: [-1.1395f,0.0128f,0.1166f,-0.0716f,0.0376f,1.1186f,0.2438f,3.3362f,-0.1111f,0.2464f,-1.1132f,-0.2922f,0f,0f,0f,1f],start_interpolation: 0,interpolation_duration: 1}
$data merge entity $(bone_neck8) {transformation: [-1.058f,0.0555f,0.0882f,-0.1158f,0.0268f,1.0145f,-0.3169f,2.5892f,-0.1007f,-0.3131f,-1.011f,-0.0268f,0f,0f,0f,1f],start_interpolation: 0,interpolation_duration: 1}
$data merge entity $(bone_neck7) {transformation: [-1.0521f,0.0392f,0.0772f,-0.1528f,0f,0.9414f,-0.4777f,1.7475f,-0.0865f,-0.476f,-0.9383f,0.4238f,0f,0f,0f,1f],start_interpolation: 0,interpolation_duration: 1}
$data merge entity $(bone_neck6) {transformation: [-1.0461f,0.0223f,0.0831f,-0.1718f,0f,1.0139f,-0.2717f,0.8492f,-0.0861f,-0.2708f,-1.0105f,0.6544f,0f,0f,0f,1f],start_interpolation: 0,interpolation_duration: 1}
$data merge entity $(bone_neck_spine6) {transformation: [-1.2473f,-0.1644f,-0.1926f,0.154f,-0.1837f,-0.0789f,1.257f,0.3834f,-0.1743f,1.2597f,0.0536f,-1.9333f,0f,0f,0f,1f],start_interpolation: 0,interpolation_duration: 1}
$data merge entity $(bone_neck_spine7) {transformation: [-0.9358f,0.2224f,-0.2733f,0.0266f,-0.2357f,0.1814f,0.9547f,0.7847f,0.262f,0.9579f,-0.1173f,-5.4468f,0f,0f,0f,1f],start_interpolation: 0,interpolation_duration: 1}
$data merge entity $(bone_tail6) {transformation: [-1.0642f,0.8269f,-1.072f,-1.8042f,-1.086f,0.2929f,1.3039f,-0.0815f,0.8084f,1.4818f,0.3404f,-8.8077f,0f,0f,0f,1f],start_interpolation: 0,interpolation_duration: 1}
$data merge entity $(bone_tail5) {transformation: [-0.8791f,0.6831f,-0.8856f,-1.3728f,-0.8971f,0.242f,1.0772f,0.0713f,0.6678f,1.2241f,0.2812f,-8.0346f,0f,0f,0f,1f],start_interpolation: 0,interpolation_duration: 1}
$data merge entity $(bone_tail4) {transformation: [-0.6477f,0.5033f,-0.6525f,-1.1571f,-0.661f,0.1783f,0.7937f,0.1478f,0.4921f,0.902f,0.2072f,-7.648f,0f,0f,0f,1f],start_interpolation: 0,interpolation_duration: 1}
$data merge entity $(bone_segment18) {transformation: [-0.618f,0.4802f,-0.6225f,-0.8874f,-0.6306f,0.1701f,0.7572f,0.2433f,0.4695f,0.8605f,0.1977f,-7.1648f,0f,0f,0f,1f],start_interpolation: 0,interpolation_duration: 1}
$data merge entity $(bone_segment17) {transformation: [-0.618f,0.4802f,-0.6225f,-0.5369f,-0.6306f,0.1701f,0.7572f,0.3674f,0.4695f,0.8605f,0.1977f,-6.5367f,0f,0f,0f,1f],start_interpolation: 0,interpolation_duration: 1}
$data merge entity $(bone_segment16) {transformation: [-0.7725f,0.6035f,-0.1973f,0.0392f,-0.2459f,0.0022f,0.9693f,0.3695f,0.5854f,0.7973f,0.1467f,-5.7755f,0f,0f,0f,1f],start_interpolation: 0,interpolation_duration: 1}
$data merge entity $(bone_segment15) {transformation: [-0.9358f,0.2856f,-0.2064f,0.376f,-0.2357f,-0.0719f,0.9692f,0.2847f,0.262f,0.9556f,0.1346f,-4.6486f,0f,0f,0f,1f],start_interpolation: 0,interpolation_duration: 1}
$data merge entity $(bone_segment14) {transformation: [-1.0318f,0.0493f,-0.1779f,0.4314f,-0.1846f,-0.2586f,0.9989f,-0.0062f,0.003f,1.0146f,0.2632f,-3.5072f,0f,0f,0f,1f],start_interpolation: 0,interpolation_duration: 1}
$data merge entity $(bone_segment13) {transformation: [-1.0052f,-0.1035f,-0.1759f,0.3115f,-0.148f,-0.2385f,0.9866f,-0.3205f,-0.1405f,0.9922f,0.2188f,-2.3182f,0f,0f,0f,1f],start_interpolation: 0,interpolation_duration: 1}
$data merge entity $(bone_segment12) {transformation: [-1.0903f,-0.1725f,-0.1612f,0.1032f,-0.1607f,-0.0157f,1.1038f,-0.3395f,-0.1729f,1.102f,-0.0095f,-0.9869f,0f,0f,0f,1f],start_interpolation: 0,interpolation_duration: 1}
$data merge entity $(bone_segment11) {transformation: [-1.1753f,-0.1753f,-0.0711f,-0.104f,-0.1421f,0.5226f,1.0601f,0.2639f,-0.1248f,1.0551f,-0.5369f,0.232f,0f,0f,0f,1f],start_interpolation: 0,interpolation_duration: 1}
$data merge entity $(bone_segment10) {transformation: [-1.0449f,-0.0739f,0.0386f,-0.1783f,-0.0471f,0.9239f,0.4928f,1.2098f,-0.0687f,0.4895f,-0.9243f,0.7332f,0f,0f,0f,1f],start_interpolation: 0,interpolation_duration: 1}
data modify entity @s data merge value {"cameras":{},"locators":{"mouth":{"posx":-0.30481159238061584,"posy":4.548422218112354,"posz":3.4770056820449238,"roty":174.66715620066245,"rotx":79.21459041895035}}}