# This file was generated by Animated Java via MC-Build. It is not recommended to edit this file directly.
$data merge entity $(bone_neck_spine5) {transformation: [-1.5591f,-0.0438f,0.198f,0.1787f,-0.0064f,1.545f,0.2913f,4.3523f,-0.2027f,0.2881f,-1.5323f,-0.5075f,0f,0f,0f,1f],start_interpolation: 0,interpolation_duration: 1}
$data merge entity $(bone_neck_spine2) {transformation: [-1.4849f,-0.0484f,0.187f,-0.1813f,-0.0061f,1.4607f,0.3295f,5.6161f,-0.1931f,0.326f,-1.4487f,1.3498f,0f,0f,0f,1f],start_interpolation: 0,interpolation_duration: 1}
$data merge entity $(bone_scale_neck_left1) {transformation: [-1.5983f,0.295f,0.2672f,0.6317f,0.3935f,1.3362f,0.8791f,4.7471f,-0.0593f,0.9169f,-1.367f,1.2222f,0f,0f,0f,1f],start_interpolation: 0,interpolation_duration: 1}
$data merge entity $(bone_scale_neck_right1) {transformation: [-1.5571f,-0.5305f,0.0842f,-0.9275f,-0.4066f,1.3328f,0.8784f,4.7406f,-0.351f,0.8096f,-1.3908f,1.0194f,0f,0f,0f,1f],start_interpolation: 0,interpolation_duration: 1}
$data merge entity $(bone_blush_right1) {transformation: [-0.9983f,-0.0466f,0.036f,-0.8887f,-0.0339f,0.9548f,0.2953f,4.1129f,-0.0481f,0.2936f,-0.9547f,2.4073f,0f,0f,0f,1f],start_interpolation: 0,interpolation_duration: 1}
$data merge entity $(bone_blush_left1) {transformation: [-0.9983f,-0.0466f,0.036f,0.4342f,-0.0339f,0.9548f,0.2953f,4.1578f,-0.0481f,0.2936f,-0.9547f,2.4711f,0f,0f,0f,1f],start_interpolation: 0,interpolation_duration: 1}
$data merge entity $(bone_left_head_scales) {transformation: [-0.9021f,-0.0466f,-0.429f,0.4256f,-0.1664f,0.9548f,0.2463f,4.9713f,0.3982f,0.2936f,-0.8691f,2.3107f,0f,0f,0f,1f],start_interpolation: 0,interpolation_duration: 1}
$data merge entity $(bone_left_head_scales2) {transformation: [-0.8384f,-0.0466f,-0.5431f,0.4614f,-0.1971f,0.9548f,0.2224f,4.0637f,0.5082f,0.2936f,-0.8097f,2.2078f,0f,0f,0f,1f],start_interpolation: 0,interpolation_duration: 1}
$data merge entity $(bone_left_head_scales1) {transformation: [-0.9983f,-0.0466f,0.036f,0.4308f,-0.0339f,0.9548f,0.2953f,4.864f,-0.0481f,0.2936f,-0.9547f,2.2777f,0f,0f,0f,1f],start_interpolation: 0,interpolation_duration: 1}
$data merge entity $(bone_right_head_scales) {transformation: [-0.8688f,-0.0466f,0.4929f,-0.9197f,0.1063f,0.9548f,0.2776f,4.9256f,-0.4835f,0.2936f,-0.8246f,2.2458f,0f,0f,0f,1f],start_interpolation: 0,interpolation_duration: 1}
$data merge entity $(bone_right_head_scales2) {transformation: [-0.7971f,-0.0466f,0.6021f,-0.8839f,0.1416f,0.9548f,0.2613f,4.018f,-0.587f,0.2936f,-0.7545f,2.1429f,0f,0f,0f,1f],start_interpolation: 0,interpolation_duration: 1}
$data merge entity $(bone_right_head_scales1) {transformation: [-0.9983f,-0.0466f,0.036f,-0.9145f,-0.0339f,0.9548f,0.2953f,4.8183f,-0.0481f,0.2936f,-0.9547f,2.2128f,0f,0f,0f,1f],start_interpolation: 0,interpolation_duration: 1}
$data merge entity $(bone_head_left_fin1) {transformation: [-0.7638f,-0.0118f,-0.7177f,0.4535f,0.0195f,1.0473f,-0.038f,4.4868f,0.7175f,-0.0411f,-0.763f,2.0737f,0f,0f,0f,1f],start_interpolation: 0,interpolation_duration: 1}
$data merge entity $(bone_head_right_fin1) {transformation: [-0.6883f,-0.0552f,0.7886f,-0.8918f,-0.0688f,1.0458f,0.0131f,4.4411f,-0.7876f,-0.0432f,-0.6903f,2.0088f,0f,0f,0f,1f],start_interpolation: 0,interpolation_duration: 1}
$data merge entity $(bone_right_whisker16) {transformation: [0.2431f,0.9421f,-0.2309f,-1.3483f,0.9578f,-0.2708f,-0.0967f,1.6966f,-0.1536f,-0.1977f,-0.9682f,2.1475f,0f,0f,0f,1f],start_interpolation: 0,interpolation_duration: 1}
$data merge entity $(bone_right_whisker15) {transformation: [-0.9023f,0.364f,-0.2309f,-1.0443f,0.3935f,0.9142f,-0.0967f,1.5641f,0.1759f,-0.1781f,-0.9682f,2.0882f,0f,0f,0f,1f],start_interpolation: 0,interpolation_duration: 1}
$data merge entity $(bone_right_whisker14) {transformation: [-0.7112f,-0.664f,-0.2309f,-0.8047f,-0.6623f,0.743f,-0.0967f,1.7872f,0.2358f,0.0842f,-0.9682f,2.0088f,0f,0f,0f,1f],start_interpolation: 0,interpolation_duration: 1}
$data merge entity $(bone_right_whisker13) {transformation: [-0.0592f,-0.9982f,-0.0064f,-0.7847f,-0.9926f,0.0582f,0.1069f,2.1216f,-0.1064f,0.0126f,-0.9942f,2.0446f,0f,0f,0f,1f],start_interpolation: 0,interpolation_duration: 1}
$data merge entity $(bone_right_whisker12) {transformation: [0.115f,-0.9933f,0.0066f,-0.8364f,-0.9416f,-0.1069f,0.3192f,2.5446f,-0.3164f,-0.043f,-0.9477f,2.1867f,0f,0f,0f,1f],start_interpolation: 0,interpolation_duration: 1}
$data merge entity $(bone_right_whisker11) {transformation: [0.3202f,-0.9465f,0.0409f,-0.9802f,-0.9473f,-0.3195f,0.0213f,2.9702f,-0.0071f,-0.0456f,-0.9989f,2.1899f,0f,0f,0f,1f],start_interpolation: 0,interpolation_duration: 1}
$data merge entity $(bone_right_whisker10) {transformation: [0.0825f,-0.984f,0.1579f,-1.0173f,-0.9693f,-0.1161f,-0.2167f,3.4056f,0.2316f,-0.1352f,-0.9634f,2.0859f,0f,0f,0f,1f],start_interpolation: 0,interpolation_duration: 1}
$data merge entity $(bone_right_whisker1) {transformation: [-0.3093f,-0.9431f,0.1223f,-0.8784f,-0.9479f,0.316f,0.0395f,3.8314f,-0.0759f,-0.1037f,-0.9917f,2.12f,0f,0f,0f,1f],start_interpolation: 0,interpolation_duration: 1}
$data merge entity $(bone_left_whisker16) {transformation: [0.2739f,-0.8908f,0.3627f,1.047f,-0.9432f,-0.3225f,-0.0799f,1.7643f,0.1882f,-0.3202f,-0.9285f,2.3076f,0f,0f,0f,1f],start_interpolation: 0,interpolation_duration: 1}
$data merge entity $(bone_left_whisker15) {transformation: [-0.8474f,-0.3878f,0.3627f,0.7615f,-0.4429f,0.893f,-0.0799f,1.615f,-0.2929f,-0.2284f,-0.9285f,2.2089f,0f,0f,0f,1f],start_interpolation: 0,interpolation_duration: 1}
$data merge entity $(bone_left_whisker14) {transformation: [-0.7096f,0.6041f,0.3627f,0.5224f,0.6222f,0.7788f,-0.0799f,1.8247f,-0.3307f,0.1689f,-0.9285f,2.0975f,0f,0f,0f,1f],start_interpolation: 0,interpolation_duration: 1}
$data merge entity $(bone_left_whisker13) {transformation: [-0.1285f,0.9828f,0.1325f,0.4792f,0.9873f,0.1141f,0.1109f,2.1573f,0.0938f,0.1451f,-0.985f,2.1291f,0f,0f,0f,1f],start_interpolation: 0,interpolation_duration: 1}
$data merge entity $(bone_left_whisker12) {transformation: [0.0189f,0.9947f,0.1016f,0.4876f,0.9454f,-0.0508f,0.3219f,2.582f,0.3254f,0.0899f,-0.9413f,2.2753f,0f,0f,0f,1f],start_interpolation: 0,interpolation_duration: 1}
$data merge entity $(bone_left_whisker11) {transformation: [0.2627f,0.9606f,0.0912f,0.6056f,0.9638f,-0.2657f,0.0227f,3.0149f,0.0461f,0.0819f,-0.9956f,2.2959f,0f,0f,0f,1f],start_interpolation: 0,interpolation_duration: 1}
$data merge entity $(bone_left_whisker10) {transformation: [0.058f,0.9982f,-0.016f,0.6317f,0.9733f,-0.0601f,-0.2216f,3.4521f,-0.2222f,-0.0027f,-0.975f,2.1961f,0f,0f,0f,1f],start_interpolation: 0,interpolation_duration: 1}
$data merge entity $(bone_left_whisker1) {transformation: [-0.3694f,0.9292f,0.0087f,0.4658f,0.9288f,0.3688f,0.0363f,3.8694f,0.0305f,0.0214f,-0.9993f,2.2098f,0f,0f,0f,1f],start_interpolation: 0,interpolation_duration: 1}
$data merge entity $(bone_upper_left_tooth1) {transformation: [-0.9983f,-0.0433f,0.0399f,0.0496f,-0.0339f,0.9769f,0.2109f,4.0141f,-0.0481f,0.2092f,-0.9767f,3.2012f,0f,0f,0f,1f],start_interpolation: 0,interpolation_duration: 1}
$data merge entity $(bone_upper_right_tooth1) {transformation: [-0.9983f,-0.0433f,0.0399f,-0.6231f,-0.0339f,0.9769f,0.2109f,3.9912f,-0.0481f,0.2092f,-0.9767f,3.1687f,0f,0f,0f,1f],start_interpolation: 0,interpolation_duration: 1}
$data merge entity $(bone_top_lip1) {transformation: [-0.9983f,-0.0211f,0.055f,-0.2641f,-0.0339f,0.9693f,-0.2434f,4.1243f,-0.0481f,-0.2448f,-0.9684f,3.2121f,0f,0f,0f,1f],start_interpolation: 0,interpolation_duration: 1}
$data merge entity $(bone_muzzle1) {transformation: [-0.9983f,-0.0433f,0.0399f,-0.249f,-0.0339f,0.9769f,0.2109f,4.4073f,-0.0481f,0.2092f,-0.9767f,2.699f,0f,0f,0f,1f],start_interpolation: 0,interpolation_duration: 1}
$data merge entity $(bone_jaw_right_tooth1) {transformation: [-0.9983f,-0.0121f,0.0576f,-0.6211f,-0.0339f,0.9179f,-0.3953f,3.9033f,-0.0481f,-0.3966f,-0.9167f,3.1898f,0f,0f,0f,1f],start_interpolation: 0,interpolation_duration: 1}
$data merge entity $(bone_jaw_left_tooth1) {transformation: [-0.9983f,-0.0121f,0.0576f,0.1076f,-0.0339f,0.9179f,-0.3953f,3.928f,-0.0481f,-0.3966f,-0.9167f,3.2249f,0f,0f,0f,1f],start_interpolation: 0,interpolation_duration: 1}
$data merge entity $(bone_tongue1) {transformation: [-0.9983f,-0.0311f,0.05f,-0.2155f,-0.0339f,0.9978f,-0.057f,3.8533f,-0.0481f,-0.0586f,-0.9971f,2.3949f,0f,0f,0f,1f],start_interpolation: 0,interpolation_duration: 1}
$data merge entity $(bone_jaw_lips1) {transformation: [-0.9983f,-0.0311f,0.05f,-0.2004f,-0.0339f,0.9978f,-0.057f,3.7775f,-0.0481f,-0.0586f,-0.9971f,3.301f,0f,0f,0f,1f],start_interpolation: 0,interpolation_duration: 1}
$data merge entity $(bone_jaw3) {transformation: [-0.9983f,-0.0219f,0.0547f,-0.1494f,-0.0339f,0.9726f,-0.2299f,3.4891f,-0.0481f,-0.2313f,-0.9717f,2.4475f,0f,0f,0f,1f],start_interpolation: 0,interpolation_duration: 1}
$data merge entity $(bone_jaw1) {transformation: [-0.9983f,-0.0541f,0.0232f,-0.1286f,-0.0339f,0.8503f,0.5252f,3.9609f,-0.0481f,0.5235f,-0.8507f,1.6832f,0f,0f,0f,1f],start_interpolation: 0,interpolation_duration: 1}
$data merge entity $(bone_tear_right1) {transformation: [-0.9983f,-0.0466f,0.036f,-0.8545f,-0.0339f,0.9548f,0.2953f,4.4603f,-0.0481f,0.2936f,-0.9547f,2.6219f,0f,0f,0f,1f],start_interpolation: 0,interpolation_duration: 1}
$data merge entity $(bone_right_pupil1) {transformation: [-0.9983f,-0.0466f,0.036f,-0.6772f,-0.0339f,0.9548f,0.2953f,4.5539f,-0.0481f,0.2936f,-0.9547f,2.7281f,0f,0f,0f,1f],start_interpolation: 0,interpolation_duration: 1}
$data merge entity $(bone_right_sad_pupil1) {transformation: [-0.9983f,-0.0466f,0.036f,-0.6768f,-0.0339f,0.9548f,0.2953f,4.5572f,-0.0481f,0.2936f,-0.9547f,2.7174f,0f,0f,0f,1f],start_interpolation: 0,interpolation_duration: 1}
$data merge entity $(bone_right_happy_pupil1) {transformation: [-0.9983f,-0.0466f,0.036f,-0.7035f,-0.0339f,0.9548f,0.2953f,4.5294f,-0.0481f,0.2936f,-0.9547f,2.7078f,0f,0f,0f,1f],start_interpolation: 0,interpolation_duration: 1}
$data merge entity $(bone_eyelid_right1) {transformation: [-0.9983f,-0.0466f,0.036f,-0.2224f,-0.0339f,0.9548f,0.2953f,4.684f,-0.0481f,0.2936f,-0.9547f,2.1856f,0f,0f,0f,1f],start_interpolation: 0,interpolation_duration: 1}
$data merge entity $(bone_eyelid_expressions_right5) {transformation: [-0.9983f,-0.0466f,0.036f,-0.811f,-0.0339f,0.9548f,0.2953f,4.66f,-0.0481f,0.2936f,-0.9547f,2.7442f,0f,0f,0f,1f],start_interpolation: 0,interpolation_duration: 1}
$data merge entity $(bone_eyelid_expressions_right7) {transformation: [-0.9983f,-0.0466f,0.036f,-0.4746f,-0.0339f,0.9548f,0.2953f,4.6715f,-0.0481f,0.2936f,-0.9547f,2.7604f,0f,0f,0f,1f],start_interpolation: 0,interpolation_duration: 1}
$data merge entity $(bone_eyelid_expressions_right6) {transformation: [-0.9983f,-0.0466f,0.036f,-0.5868f,-0.0339f,0.9548f,0.2953f,4.6676f,-0.0481f,0.2936f,-0.9547f,2.755f,0f,0f,0f,1f],start_interpolation: 0,interpolation_duration: 1}
$data merge entity $(bone_right_eye1) {transformation: [-0.9983f,-0.0466f,0.036f,-0.234f,-0.0339f,0.9548f,0.2953f,4.6803f,-0.0481f,0.2936f,-0.9547f,2.1958f,0f,0f,0f,1f],start_interpolation: 0,interpolation_duration: 1}
$data merge entity $(bone_tear_left1) {transformation: [-0.9983f,-0.0466f,0.036f,0.3562f,-0.0339f,0.9548f,0.2953f,4.5014f,-0.0481f,0.2936f,-0.9547f,2.6803f,0f,0f,0f,1f],start_interpolation: 0,interpolation_duration: 1}
$data merge entity $(bone_left_sad_pupil1) {transformation: [-0.9983f,-0.0466f,0.036f,0.164f,-0.0339f,0.9548f,0.2953f,4.5857f,-0.0481f,0.2936f,-0.9547f,2.758f,0f,0f,0f,1f],start_interpolation: 0,interpolation_duration: 1}
$data merge entity $(bone_left_pupil1) {transformation: [-0.9983f,-0.0466f,0.036f,0.1636f,-0.0339f,0.9548f,0.2953f,4.5824f,-0.0481f,0.2936f,-0.9547f,2.7687f,0f,0f,0f,1f],start_interpolation: 0,interpolation_duration: 1}
$data merge entity $(bone_eyelid_left1) {transformation: [-0.9983f,-0.0466f,0.036f,-0.2448f,-0.0339f,0.9548f,0.2953f,4.6833f,-0.0481f,0.2936f,-0.9547f,2.1846f,0f,0f,0f,1f],start_interpolation: 0,interpolation_duration: 1}
$data merge entity $(bone_left_happy_pupil1) {transformation: [-0.9983f,-0.0466f,0.036f,0.1933f,-0.0339f,0.9548f,0.2953f,4.5599f,-0.0481f,0.2936f,-0.9547f,2.7511f,0f,0f,0f,1f],start_interpolation: 0,interpolation_duration: 1}
$data merge entity $(bone_eyelid_expressions_left5) {transformation: [-0.9983f,-0.0466f,0.036f,0.2877f,-0.0339f,0.9548f,0.2953f,4.6973f,-0.0481f,0.2936f,-0.9547f,2.7971f,0f,0f,0f,1f],start_interpolation: 0,interpolation_duration: 1}
$data merge entity $(bone_eyelid_expressions_left7) {transformation: [-0.9983f,-0.0466f,0.036f,-0.0486f,-0.0339f,0.9548f,0.2953f,4.6859f,-0.0481f,0.2936f,-0.9547f,2.7809f,0f,0f,0f,1f],start_interpolation: 0,interpolation_duration: 1}
$data merge entity $(bone_eyelid_expressions_left6) {transformation: [-0.9983f,-0.0466f,0.036f,0.0635f,-0.0339f,0.9548f,0.2953f,4.6897f,-0.0481f,0.2936f,-0.9547f,2.7863f,0f,0f,0f,1f],start_interpolation: 0,interpolation_duration: 1}
$data merge entity $(bone_left_eye1) {transformation: [-0.9983f,-0.0466f,0.036f,-0.234f,-0.0339f,0.9548f,0.2953f,4.6803f,-0.0481f,0.2936f,-0.9547f,2.1958f,0f,0f,0f,1f],start_interpolation: 0,interpolation_duration: 1}
$data merge entity $(bone_crest_middle5) {transformation: [-0.9983f,-0.0377f,0.0452f,-0.3157f,-0.0339f,0.9961f,0.0816f,5.8626f,-0.0481f,0.08f,-0.9956f,3.0578f,0f,0f,0f,1f],start_interpolation: 0,interpolation_duration: 1}
$data merge entity $(bone_crest_middle4) {transformation: [-0.9983f,-0.0377f,0.0452f,-0.2903f,-0.0339f,0.9961f,0.0816f,5.1914f,-0.0481f,0.08f,-0.9956f,3.0039f,0f,0f,0f,1f],start_interpolation: 0,interpolation_duration: 1}
$data merge entity $(bone_crest_middle1) {transformation: [-0.9983f,-0.0377f,0.0452f,-0.2751f,-0.0339f,0.9961f,0.0816f,4.6812f,-0.0481f,0.08f,-0.9956f,3.0473f,0f,0f,0f,1f],start_interpolation: 0,interpolation_duration: 1}
$data merge entity $(bone_crest_left5) {transformation: [-0.4971f,-0.8548f,0.1489f,-1.392f,-0.8235f,0.5188f,0.2295f,5.1837f,-0.2734f,-0.0085f,-0.9619f,2.9107f,0f,0f,0f,1f],start_interpolation: 0,interpolation_duration: 1}
$data merge entity $(bone_crest_left4) {transformation: [-0.4971f,-0.8548f,0.1489f,-0.9119f,-0.8235f,0.5188f,0.2295f,4.8924f,-0.2734f,-0.0085f,-0.9619f,2.9155f,0f,0f,0f,1f],start_interpolation: 0,interpolation_duration: 1}
$data merge entity $(bone_crest_left1) {transformation: [-0.4971f,-0.8548f,0.1489f,-0.3756f,-0.8235f,0.5188f,0.2295f,4.5848f,-0.2734f,-0.0085f,-0.9619f,2.8667f,0f,0f,0f,1f],start_interpolation: 0,interpolation_duration: 1}
$data merge entity $(bone_crest_center1) {transformation: [-0.9983f,-0.0466f,0.036f,-0.2622f,-0.0339f,0.9548f,0.2953f,4.5618f,-0.0481f,0.2936f,-0.9547f,2.8639f,0f,0f,0f,1f],start_interpolation: 0,interpolation_duration: 1}
$data merge entity $(bone_crest_right5) {transformation: [-0.5756f,0.8146f,-0.0709f,0.8132f,0.7871f,0.5755f,0.2221f,5.2586f,0.2217f,0.072f,-0.9724f,3.017f,0f,0f,0f,1f],start_interpolation: 0,interpolation_duration: 1}
$data merge entity $(bone_crest_right4) {transformation: [-0.5756f,0.8146f,-0.0709f,0.3558f,0.7871f,0.5755f,0.2221f,4.9354f,0.2217f,0.072f,-0.9724f,2.9766f,0f,0f,0f,1f],start_interpolation: 0,interpolation_duration: 1}
$data merge entity $(bone_crest_right1) {transformation: [-0.5756f,0.8146f,-0.0709f,-0.1514f,0.7871f,0.5755f,0.2221f,4.5924f,0.2217f,0.072f,-0.9724f,2.8775f,0f,0f,0f,1f],start_interpolation: 0,interpolation_duration: 1}
$data merge entity $(bone_head1) {transformation: [-1.0464f,-0.0488f,0.0377f,-0.2091f,-0.0355f,1.0008f,0.3095f,4.8091f,-0.0504f,0.3077f,-1.0007f,1.5896f,0f,0f,0f,1f],start_interpolation: 0,interpolation_duration: 1}
$data merge entity $(bone_neck10) {transformation: [-1.4849f,-0.0724f,0.1791f,-0.0598f,-0.0061f,1.4052f,0.5173f,4.7562f,-0.1931f,0.5123f,-1.3937f,0.4429f,0f,0f,0f,1f],start_interpolation: 0,interpolation_duration: 1}
$data merge entity $(bone_neck9) {transformation: [-1.1359f,-0.0682f,0.1311f,0.0207f,-0.0047f,1.0324f,0.4964f,3.4161f,-0.1477f,0.4917f,-1.024f,-0.1336f,0f,0f,0f,1f],start_interpolation: 0,interpolation_duration: 1}
$data merge entity $(bone_neck8) {transformation: [-1.0543f,0.01f,0.1362f,0.0089f,-0.0105f,1.0512f,-0.1587f,2.6368f,-0.1362f,-0.1587f,-1.0424f,0.0177f,0f,0f,0f,1f],start_interpolation: 0,interpolation_duration: 1}
$data merge entity $(bone_neck7) {transformation: [-1.0464f,0.0565f,0.1279f,-0.0449f,0f,0.9657f,-0.4264f,1.772f,-0.1398f,-0.4227f,-0.9572f,0.4203f,0f,0f,0f,1f],start_interpolation: 0,interpolation_duration: 1}
$data merge entity $(bone_neck6) {transformation: [-1.0404f,0.036f,0.1342f,-0.0755f,0f,1.0139f,-0.2717f,0.8737f,-0.139f,-0.2693f,-1.005f,0.6497f,0f,0f,0f,1f],start_interpolation: 0,interpolation_duration: 1}
$data merge entity $(bone_neck_spine6) {transformation: [-1.2557f,0.204f,0.0383f,0.231f,0.0216f,-0.1047f,1.2683f,0.6409f,0.2064f,1.252f,0.0998f,-2.0304f,0f,0f,0f,1f],start_interpolation: 0,interpolation_duration: 1}
$data merge entity $(bone_neck_spine7) {transformation: [-0.8322f,0.5072f,-0.2241f,-1.0119f,-0.0807f,0.289f,0.9539f,0.9337f,0.5486f,0.8119f,-0.1996f,-5.4217f,0f,0f,0f,1f],start_interpolation: 0,interpolation_duration: 1}
$data merge entity $(bone_tail6) {transformation: [-1.3211f,0.883f,-0.6636f,-3.0383f,-0.2855f,0.7264f,1.535f,-0.8451f,1.067f,1.2876f,-0.4109f,-8.3838f,0f,0f,0f,1f],start_interpolation: 0,interpolation_duration: 1}
$data merge entity $(bone_tail5) {transformation: [-1.0913f,0.7295f,-0.5482f,-2.5776f,-0.2358f,0.6001f,1.268f,-0.4661f,0.8815f,1.0637f,-0.3394f,-7.712f,0f,0f,0f,1f],start_interpolation: 0,interpolation_duration: 1}
$data merge entity $(bone_tail4) {transformation: [-0.8041f,0.5375f,-0.4039f,-2.3473f,-0.1738f,0.4421f,0.9343f,-0.2766f,0.6495f,0.7838f,-0.2501f,-7.3761f,0f,0f,0f,1f],start_interpolation: 0,interpolation_duration: 1}
$data merge entity $(bone_segment18) {transformation: [-0.7672f,0.5128f,-0.3853f,-2.0593f,-0.1658f,0.4218f,0.8914f,-0.0398f,0.6196f,0.7477f,-0.2386f,-6.9562f,0f,0f,0f,1f],start_interpolation: 0,interpolation_duration: 1}
$data merge entity $(bone_segment17) {transformation: [-0.7672f,0.5128f,-0.3853f,-1.685f,-0.1658f,0.4218f,0.8914f,0.2681f,0.6196f,0.7477f,-0.2386f,-6.4104f,0f,0f,0f,1f],start_interpolation: 0,interpolation_duration: 1}
$data merge entity $(bone_segment16) {transformation: [-0.7881f,0.584f,-0.1946f,-1.1275f,-0.078f,0.2189f,0.9726f,0.4771f,0.6106f,0.7817f,-0.127f,-5.6642f,0f,0f,0f,1f],start_interpolation: 0,interpolation_duration: 1}
$data merge entity $(bone_segment15) {transformation: [-0.8322f,0.5479f,-0.0851f,-0.4814f,-0.0807f,0.0323f,0.9962f,0.5151f,0.5486f,0.8359f,0.0174f,-4.6785f,0f,0f,0f,1f],start_interpolation: 0,interpolation_duration: 1}
$data merge entity $(bone_segment14) {transformation: [-0.9695f,0.3964f,0.0396f,-0.0354f,-0.044f,-0.2101f,1.026f,0.2788f,0.396f,0.9473f,0.211f,-3.6128f,0f,0f,0f,1f],start_interpolation: 0,interpolation_duration: 1}
$data merge entity $(bone_segment13) {transformation: [-1.012f,0.1565f,0.0589f,0.1515f,0.0174f,-0.2606f,0.9919f,-0.0622f,0.1663f,0.9796f,0.2544f,-2.4399f,0f,0f,0f,1f],start_interpolation: 0,interpolation_duration: 1}
$data merge entity $(bone_segment12) {transformation: [-1.115f,-0.011f,0.0349f,0.1382f,0.0357f,-0.0954f,1.1109f,-0.1774f,-0.008f,1.1114f,0.0957f,-1.0972f,0f,0f,0f,1f],start_interpolation: 0,interpolation_duration: 1}
$data merge entity $(bone_segment11) {transformation: [-1.184f,-0.1176f,0.0386f,0.0084f,-0.0062f,0.4274f,1.111f,0.3165f,-0.1237f,1.1048f,-0.4257f,0.1802f,0f,0f,0f,1f],start_interpolation: 0,interpolation_duration: 1}
$data merge entity $(bone_segment10) {transformation: [-1.04f,-0.0947f,0.0904f,-0.086f,-0.0345f,0.8964f,0.5421f,1.2342f,-0.1262f,0.5349f,-0.8925f,0.7281f,0f,0f,0f,1f],start_interpolation: 0,interpolation_duration: 1}
data modify entity @s data merge value {"cameras":{},"locators":{"mouth":{"posx":-0.29319272263054413,"posy":3.975271828557477,"posz":3.920648831664786,"roty":189.01546234517707,"rotx":72.70877778495587}}}