# This file was generated by Animated Java via MC-Build. It is not recommended to edit this file directly.
$data merge entity $(bone_eyelid_right) {transformation: [-0.9941f,0.0775f,0.0765f,-0.1427f,0.0832f,0.9937f,0.0746f,1.0545f,-0.0702f,0.0806f,-0.9943f,-1.0264f,0f,0f,0f,1f],start_interpolation: 0,interpolation_duration: 1}
$data merge entity $(bone_eye_right) {transformation: [-0.9941f,0.0775f,0.0765f,-0.1426f,0.0832f,0.9937f,0.0746f,1.0546f,-0.0702f,0.0806f,-0.9943f,-1.028f,0f,0f,0f,1f],start_interpolation: 0,interpolation_duration: 1}
$data merge entity $(bone_eyelid_left) {transformation: [-0.9924f,-0.0963f,0.0765f,-0.1416f,-0.0906f,0.9931f,0.0746f,1.0356f,-0.0831f,0.0672f,-0.9943f,-1.0293f,0f,0f,0f,1f],start_interpolation: 0,interpolation_duration: 1}
$data merge entity $(bone_eye_left) {transformation: [-0.9924f,-0.0963f,0.0765f,0.0755f,-0.0906f,0.9931f,0.0746f,1.0554f,-0.0831f,0.0672f,-0.9943f,-1.0111f,0f,0f,0f,1f],start_interpolation: 0,interpolation_duration: 1}
$data merge entity $(bone_mouth_closed) {transformation: [-0.997f,-0.0094f,0.0765f,-0.0461f,-0.0037f,0.9972f,0.0746f,0.8843f,-0.0769f,0.0741f,-0.9943f,-1.254f,0f,0f,0f,1f],start_interpolation: 0,interpolation_duration: 1}
$data merge entity $(bone_mouth_open) {transformation: [-0.997f,-0.0094f,0.0765f,-0.0454f,-0.0037f,0.9972f,0.0746f,0.8536f,-0.0769f,0.0741f,-0.9943f,-1.2625f,0f,0f,0f,1f],start_interpolation: 0,interpolation_duration: 1}
$data merge entity $(bone_head) {transformation: [-0.997f,-0.0094f,0.0765f,-0.0147f,-0.0037f,0.9972f,0.0746f,0.8532f,-0.0769f,0.0741f,-0.9943f,-1.2539f,0f,0f,0f,1f],start_interpolation: 0,interpolation_duration: 1}
$data merge entity $(bone_neck) {transformation: [-0.9895f,-0.1233f,0.0748f,-0.005f,-0.0754f,0.8844f,0.4607f,0.7841f,-0.1229f,0.4502f,-0.8844f,-1.2891f,0f,0f,0f,1f],start_interpolation: 0,interpolation_duration: 1}
$data merge entity $(bone_finger_left2) {transformation: [0.4691f,-0.3336f,0.8177f,0.4467f,-0.5073f,-0.8597f,-0.0596f,0.2481f,0.7229f,-0.3869f,-0.5725f,-0.932f,0f,0f,0f,1f],start_interpolation: 0,interpolation_duration: 1}
$data merge entity $(bone_finger_left) {transformation: [0.3537f,0.4541f,0.8177f,0.4909f,0.8367f,-0.5443f,-0.0596f,0.3527f,0.418f,0.7053f,-0.5725f,-0.8797f,0f,0f,0f,1f],start_interpolation: 0,interpolation_duration: 1}
$data merge entity $(bone_finger_left4) {transformation: [0.4541f,-0.4236f,0.7838f,0.5146f,-0.5443f,-0.8284f,-0.1323f,0.2436f,0.7053f,-0.3665f,-0.6068f,-0.9792f,0f,0f,0f,1f],start_interpolation: 0,interpolation_duration: 1}
$data merge entity $(bone_finger_left3) {transformation: [0.4236f,0.4541f,0.7838f,0.5675f,0.8284f,-0.5443f,-0.1323f,0.3471f,0.3665f,0.7053f,-0.6068f,-0.9334f,0f,0f,0f,1f],start_interpolation: 0,interpolation_duration: 1}
$data merge entity $(bone_thumb_left2) {transformation: [-0.5342f,-0.7981f,-0.2786f,0.3171f,0.8259f,-0.5631f,0.0297f,0.3923f,-0.1806f,-0.2142f,0.96f,-0.9362f,0f,0f,0f,1f],start_interpolation: 0,interpolation_duration: 1}
$data merge entity $(bone_thumb_left) {transformation: [-0.5342f,-0.3471f,0.7708f,0.4301f,0.8259f,-0.0195f,0.5635f,0.437f,-0.1806f,0.9376f,0.2971f,-0.8934f,0f,0f,0f,1f],start_interpolation: 0,interpolation_duration: 1}
$data merge entity $(bone_hand_left) {transformation: [-0.2395f,0.5235f,0.8177f,0.4591f,0.8692f,0.4908f,-0.0596f,0.455f,-0.4326f,0.6965f,-0.5725f,-1.0177f,0f,0f,0f,1f],start_interpolation: 0,interpolation_duration: 1}
$data merge entity $(bone_arm_left2) {transformation: [-0.4129f,0.5248f,0.7444f,0.4024f,0.806f,0.5912f,0.0303f,0.6584f,-0.4241f,0.6124f,-0.6671f,-1.1654f,0f,0f,0f,1f],start_interpolation: 0,interpolation_duration: 1}
$data merge entity $(bone_arm_left) {transformation: [-0.8533f,0.1475f,0.5001f,0.1578f,0.3636f,0.8558f,0.3681f,0.7263f,-0.3737f,0.4959f,-0.7838f,-1.2098f,0f,0f,0f,1f],start_interpolation: 0,interpolation_duration: 1}
$data merge entity $(bone_finger_right2) {transformation: [0.9631f,0.1632f,0.2138f,-0.5604f,0.2657f,-0.7004f,-0.6624f,0.3937f,0.0417f,0.6948f,-0.718f,-1.4343f,0f,0f,0f,1f],start_interpolation: 0,interpolation_duration: 1}
$data merge entity $(bone_finger_right) {transformation: [0.205f,-0.9551f,0.2138f,-0.586f,-0.6882f,-0.296f,-0.6624f,0.4798f,0.696f,-0.0113f,-0.718f,-1.5213f,0f,0f,0f,1f],start_interpolation: 0,interpolation_duration: 1}
$data merge entity $(bone_finger_right4) {transformation: [0.9613f,0.091f,0.26f,-0.5239f,0.2587f,-0.6227f,-0.7385f,0.3509f,0.0947f,0.7772f,-0.6221f,-1.4917f,0f,0f,0f,1f],start_interpolation: 0,interpolation_duration: 1}
$data merge entity $(bone_finger_right3) {transformation: [0.3367f,-0.905f,0.26f,-0.566f,-0.5345f,-0.411f,-0.7385f,0.4177f,0.7752f,0.1097f,-0.6221f,-1.5886f,0f,0f,0f,1f],start_interpolation: 0,interpolation_duration: 1}
$data merge entity $(bone_thumb_right2) {transformation: [-0.5029f,-0.0088f,-0.8643f,-0.4851f,-0.8575f,0.1304f,0.4976f,0.593f,0.1083f,0.9914f,-0.0731f,-1.4103f,0f,0f,0f,1f],start_interpolation: 0,interpolation_duration: 1}
$data merge entity $(bone_thumb_right) {transformation: [-0.5029f,-0.8152f,-0.2873f,-0.5367f,-0.8575f,0.5122f,0.0477f,0.5721f,0.1083f,0.2704f,-0.9566f,-1.5265f,0f,0f,0f,1f],start_interpolation: 0,interpolation_duration: 1}
$data merge entity $(bone_hand_right) {transformation: [-0.6329f,-0.7441f,0.2138f,-0.4306f,-0.6538f,0.3658f,-0.6624f,0.528f,0.4147f,-0.559f,-0.718f,-1.5848f,0f,0f,0f,1f],start_interpolation: 0,interpolation_duration: 1}
$data merge entity $(bone_arm_right2) {transformation: [-0.5886f,-0.6557f,0.4729f,-0.2539f,-0.805f,0.5291f,-0.2684f,0.7125f,-0.0742f,-0.5387f,-0.8392f,-1.6187f,0f,0f,0f,1f],start_interpolation: 0,interpolation_duration: 1}
$data merge entity $(bone_arm_right) {transformation: [-0.5566f,-0.4228f,0.7151f,-0.1594f,-0.41f,0.8885f,0.2062f,0.8021f,-0.7225f,-0.1784f,-0.6679f,-1.3963f,0f,0f,0f,1f],start_interpolation: 0,interpolation_duration: 1}
$data merge entity $(bone_torso) {transformation: [-0.8661f,-0.014f,0.4997f,0f,0.1507f,0.9458f,0.2878f,0.4442f,-0.4766f,0.3245f,-0.817f,-1.4057f,0f,0f,0f,1f],start_interpolation: 0,interpolation_duration: 1}
$data merge entity $(bone_foot_right) {transformation: [-0.8226f,-0.0688f,0.5644f,-0.1445f,0.1027f,0.9583f,0.2666f,0.1386f,-0.5592f,0.2773f,-0.7813f,-1.5626f,0f,0f,0f,1f],start_interpolation: 0,interpolation_duration: 1}
$data merge entity $(bone_leg_right3) {transformation: [-0.8652f,-0.2695f,0.4229f,-0.2088f,0.1843f,0.6133f,0.768f,0.1769f,-0.4663f,0.7425f,-0.4809f,-1.4282f,0f,0f,0f,1f],start_interpolation: 0,interpolation_duration: 1}
$data merge entity $(bone_leg_right2) {transformation: [-0.8652f,0.2118f,0.4545f,-0.1615f,0.1843f,0.9773f,-0.1046f,0.3263f,-0.4663f,-0.0067f,-0.8846f,-1.4569f,0f,0f,0f,1f],start_interpolation: 0,interpolation_duration: 1}
$data merge entity $(bone_leg_right) {transformation: [-0.8652f,0.2118f,0.4545f,-0.1146f,0.1843f,0.9773f,-0.1046f,0.4122f,-0.4663f,-0.0067f,-0.8846f,-1.4429f,0f,0f,0f,1f],start_interpolation: 0,interpolation_duration: 1}
$data merge entity $(bone_foot_left) {transformation: [-0.9994f,-0.0251f,-0.0227f,0.2528f,-0.0236f,0.9977f,-0.063f,0.1461f,0.0242f,-0.0624f,-0.9978f,-1.2999f,0f,0f,0f,1f],start_interpolation: 0,interpolation_duration: 1}
$data merge entity $(bone_leg_left3) {transformation: [-0.8991f,-0.4367f,-0.0299f,0.1932f,-0.4267f,0.8593f,0.282f,0.2494f,-0.0975f,0.2663f,-0.9589f,-1.2025f,0f,0f,0f,1f],start_interpolation: 0,interpolation_duration: 1}
$data merge entity $(bone_leg_left2) {transformation: [-0.887f,-0.2132f,0.4096f,0.1727f,-0.441f,0.6542f,-0.6145f,0.3324f,-0.1369f,-0.7257f,-0.6743f,-1.337f,0f,0f,0f,1f],start_interpolation: 0,interpolation_duration: 1}
$data merge entity $(bone_leg_left) {transformation: [-0.887f,-0.2132f,0.4096f,0.125f,-0.441f,0.6542f,-0.6145f,0.3799f,-0.1369f,-0.7257f,-0.6743f,-1.4093f,0f,0f,0f,1f],start_interpolation: 0,interpolation_duration: 1}