# This file was generated by Animated Java via MC-Build. It is not recommended to edit this file directly.
$data merge entity $(bone_eyelid_right) {transformation: [-0.9803f,-0.0451f,0.1921f,-0.243f,-0.078f,0.9828f,-0.1672f,2.1812f,-0.1813f,-0.1788f,-0.967f,1.071f,0f,0f,0f,1f],start_interpolation: 0,interpolation_duration: 1}
$data merge entity $(bone_eye_right) {transformation: [-0.9803f,-0.0451f,0.1921f,-0.2415f,-0.078f,0.9828f,-0.1672f,2.1799f,-0.1813f,-0.1788f,-0.967f,1.0634f,0f,0f,0f,1f],start_interpolation: 0,interpolation_duration: 1}
$data merge entity $(bone_eyelid_left) {transformation: [-0.9576f,-0.2147f,0.1921f,-0.2394f,-0.2475f,0.9544f,-0.1672f,2.1625f,-0.1474f,-0.2076f,-0.967f,1.0733f,0f,0f,0f,1f],start_interpolation: 0,interpolation_duration: 1}
$data merge entity $(bone_eye_left) {transformation: [-0.9576f,-0.2147f,0.1921f,-0.0287f,-0.2475f,0.9544f,-0.1672f,2.2156f,-0.1474f,-0.2076f,-0.967f,1.0995f,0f,0f,0f,1f],start_interpolation: 0,interpolation_duration: 1}
$data merge entity $(bone_mouth_closed) {transformation: [-0.9727f,-0.1304f,0.1921f,-0.0977f,-0.1633f,0.9723f,-0.1672f,1.9726f,-0.165f,-0.194f,-0.967f,0.8945f,0f,0f,0f,1f],start_interpolation: 0,interpolation_duration: 1}
$data merge entity $(bone_mouth_open) {transformation: [-0.9727f,-0.1304f,0.1921f,-0.0948f,-0.1633f,0.9723f,-0.1672f,1.9433f,-0.165f,-0.194f,-0.967f,0.9066f,0f,0f,0f,1f],start_interpolation: 0,interpolation_duration: 1}
$data merge entity $(bone_head) {transformation: [-0.9727f,-0.1304f,0.1921f,-0.0644f,-0.1633f,0.9723f,-0.1672f,1.9484f,-0.165f,-0.194f,-0.967f,0.9117f,0f,0f,0f,1f],start_interpolation: 0,interpolation_duration: 1}
$data merge entity $(bone_neck) {transformation: [-0.9052f,-0.2253f,0.3604f,-0.0468f,-0.3003f,0.9391f,-0.1671f,1.875f,-0.3008f,-0.2595f,-0.9177f,0.932f,0f,0f,0f,1f],start_interpolation: 0,interpolation_duration: 1}
$data merge entity $(bone_finger_left2) {transformation: [0.6248f,-0.7686f,0.1378f,0.2059f,0.7258f,0.6367f,0.2604f,2.4576f,-0.2879f,-0.0626f,0.9556f,1.1259f,0f,0f,0f,1f],start_interpolation: 0,interpolation_duration: 1}
$data merge entity $(bone_finger_left) {transformation: [0.7951f,0.5906f,0.1378f,0.3053f,-0.6044f,0.7529f,0.2604f,2.382f,0.05f,-0.2903f,0.9556f,1.1322f,0f,0f,0f,1f],start_interpolation: 0,interpolation_duration: 1}
$data merge entity $(bone_finger_left4) {transformation: [0.5906f,-0.8041f,0.068f,0.2177f,0.7529f,0.5795f,0.3121f,2.4788f,-0.2903f,-0.1331f,0.9476f,1.2051f,0f,0f,0f,1f],start_interpolation: 0,interpolation_duration: 1}
$data merge entity $(bone_finger_left3) {transformation: [0.8041f,0.5906f,0.068f,0.3182f,-0.5795f,0.7529f,0.3121f,2.4064f,0.1331f,-0.2903f,0.9476f,1.2218f,0f,0f,0f,1f],start_interpolation: 0,interpolation_duration: 1}
$data merge entity $(bone_thumb_left2) {transformation: [-0.1976f,-0.861f,0.4687f,0.1656f,-0.9745f,0.2244f,0.0015f,2.2785f,-0.1064f,-0.4564f,-0.8834f,1.0632f,0f,0f,0f,1f],start_interpolation: 0,interpolation_duration: 1}
$data merge entity $(bone_thumb_left) {transformation: [-0.1976f,0.3919f,0.8986f,0.2841f,-0.9745f,0.021f,-0.2235f,2.281f,-0.1064f,-0.9198f,0.3777f,1.1137f,0f,0f,0f,1f],start_interpolation: 0,interpolation_duration: 1}
$data merge entity $(bone_hand_left) {transformation: [-0.1568f,0.978f,0.1378f,0.2261f,-0.9469f,-0.1885f,0.2604f,2.258f,0.2806f,-0.0897f,0.9556f,1.2264f,0f,0f,0f,1f],start_interpolation: 0,interpolation_duration: 1}
$data merge entity $(bone_arm_left2) {transformation: [-0.2872f,0.9562f,0.0561f,0.1578f,-0.9461f,-0.2923f,0.1394f,2.0302f,0.1497f,-0.013f,0.9886f,1.3256f,0f,0f,0f,1f],start_interpolation: 0,interpolation_duration: 1}
$data merge entity $(bone_arm_left) {transformation: [-0.1813f,0.9652f,-0.1883f,0.1243f,-0.5981f,-0.2602f,-0.758f,1.9281f,-0.7806f,-0.0248f,0.6245f,1.0915f,0f,0f,0f,1f],start_interpolation: 0,interpolation_duration: 1}
$data merge entity $(bone_finger_right2) {transformation: [0.8771f,-0.4186f,0.2355f,-0.6812f,-0.238f,-0.8047f,-0.5439f,1.4634f,0.4172f,0.421f,-0.8054f,0.8139f,0f,0f,0f,1f],start_interpolation: 0,interpolation_duration: 1}
$data merge entity $(bone_finger_right) {transformation: [-0.3799f,-0.8945f,0.2355f,-0.6337f,-0.8143f,0.2027f,-0.5439f,1.5652f,0.4388f,-0.3984f,-0.8054f,0.759f,0f,0f,0f,1f],start_interpolation: 0,interpolation_duration: 1}
$data merge entity $(bone_finger_right4) {transformation: [0.8505f,-0.4843f,0.205f,-0.6426f,-0.2526f,-0.7181f,-0.6485f,1.4193f,0.4613f,0.4998f,-0.7331f,0.7588f,0f,0f,0f,1f],start_interpolation: 0,interpolation_duration: 1}
$data merge entity $(bone_finger_right3) {transformation: [-0.2477f,-0.9469f,0.205f,-0.6117f,-0.759f,0.0582f,-0.6485f,1.5142f,0.6021f,-0.3162f,-0.7331f,0.6835f,0f,0f,0f,1f],start_interpolation: 0,interpolation_duration: 1}
$data merge entity $(bone_thumb_right2) {transformation: [-0.7792f,-0.3787f,-0.4994f,-0.5554f,-0.5176f,-0.0606f,0.8535f,1.5946f,-0.3535f,0.9235f,-0.1488f,0.9273f,0f,0f,0f,1f],start_interpolation: 0,interpolation_duration: 1}
$data merge entity $(bone_thumb_right) {transformation: [-0.7792f,-0.5988f,0.1851f,-0.5566f,-0.5176f,0.7813f,0.3488f,1.6221f,-0.3535f,0.176f,-0.9187f,0.8014f,0f,0f,0f,1f],start_interpolation: 0,interpolation_duration: 1}
$data merge entity $(bone_hand_right) {transformation: [-0.941f,-0.2431f,0.2355f,-0.4605f,-0.335f,0.7694f,-0.5439f,1.5439f,-0.049f,-0.5907f,-0.8054f,0.7659f,0f,0f,0f,1f],start_interpolation: 0,interpolation_duration: 1}
$data merge entity $(bone_arm_right2) {transformation: [-0.8689f,-0.4668f,0.1645f,-0.233f,-0.4738f,0.6885f,-0.549f,1.6281f,0.143f,-0.555f,-0.8195f,0.6789f,0f,0f,0f,1f],start_interpolation: 0,interpolation_duration: 1}
$data merge entity $(bone_arm_right) {transformation: [-0.3065f,-0.4668f,0.8296f,-0.2082f,-0.7146f,0.6885f,0.1234f,1.799f,-0.6288f,-0.555f,-0.5446f,0.8701f,0f,0f,0f,1f],start_interpolation: 0,interpolation_duration: 1}
$data merge entity $(bone_torso) {transformation: [-0.9052f,-0.1303f,0.4045f,0f,-0.3003f,0.8696f,-0.3918f,1.5625f,-0.3008f,-0.4762f,-0.8263f,1.1031f,0f,0f,0f,1f],start_interpolation: 0,interpolation_duration: 1}
$data merge entity $(bone_foot_right) {transformation: [-1f,0f,0f,-0.1563f,0f,-0.0754f,0.9972f,0.9723f,0f,0.9972f,0.0754f,0.9411f,0f,0f,0f,1f],start_interpolation: 0,interpolation_duration: 1}
$data merge entity $(bone_leg_right3) {transformation: [-1f,0f,0f,-0.1563f,0f,0.8664f,0.4994f,1.0629f,0f,0.4994f,-0.8664f,1.0655f,0f,0f,0f,1f],start_interpolation: 0,interpolation_duration: 1}
$data merge entity $(bone_leg_right2) {transformation: [-1f,0f,0f,-0.1563f,0f,0.9732f,0.23f,1.2525f,0f,0.23f,-0.9732f,1.0782f,0f,0f,0f,1f],start_interpolation: 0,interpolation_duration: 1}
$data merge entity $(bone_leg_right) {transformation: [-1f,0f,0f,-0.125f,0f,0.9732f,0.23f,1.3438f,0f,0.23f,-0.9732f,1.0998f,0f,0f,0f,1f],start_interpolation: 0,interpolation_duration: 1}
$data merge entity $(bone_foot_left) {transformation: [-1f,0f,0f,0.1562f,0f,0.3685f,0.9296f,1.2088f,0f,0.9296f,-0.3685f,1.2931f,0f,0f,0f,1f],start_interpolation: 0,interpolation_duration: 1}
$data merge entity $(bone_leg_left3) {transformation: [-1f,0f,0f,0.1562f,0f,0.9618f,0.2736f,1.3269f,0f,0.2736f,-0.9618f,1.3917f,0f,0f,0f,1f],start_interpolation: 0,interpolation_duration: 1}
$data merge entity $(bone_leg_left2) {transformation: [-1f,0f,0f,0.1562f,0f,0.3564f,-0.9343f,1.4264f,0f,-0.9343f,-0.3564f,1.2624f,0f,0f,0f,1f],start_interpolation: 0,interpolation_duration: 1}
$data merge entity $(bone_leg_left) {transformation: [-1f,0f,0f,0.125f,0f,0.3564f,-0.9343f,1.4598f,0f,-0.9343f,-0.3564f,1.1748f,0f,0f,0f,1f],start_interpolation: 0,interpolation_duration: 1}