# This file was generated by Animated Java via MC-Build. It is not recommended to edit this file directly.
$data merge entity $(bone_eyelid_right) {transformation: [-0.9837f,0.034f,0.1768f,-0.2057f,-0.0298f,0.9378f,-0.346f,2.4633f,-0.1776f,-0.3456f,-0.9214f,0.6879f,0f,0f,0f,1f],start_interpolation: 0,interpolation_duration: 1}
$data merge entity $(bone_eye_right) {transformation: [-0.9837f,0.034f,0.1768f,-0.2043f,-0.0298f,0.9378f,-0.346f,2.4606f,-0.1776f,-0.3456f,-0.9214f,0.6807f,0f,0f,0f,1f],start_interpolation: 0,interpolation_duration: 1}
$data merge entity $(bone_eyelid_left) {transformation: [-0.9746f,-0.1373f,0.1768f,-0.2036f,-0.1921f,0.9183f,-0.346f,2.4451f,-0.1149f,-0.3712f,-0.9214f,0.6934f,0f,0f,0f,1f],start_interpolation: 0,interpolation_duration: 1}
$data merge entity $(bone_eye_left) {transformation: [-0.9746f,-0.1373f,0.1768f,0.0107f,-0.1921f,0.9183f,-0.346f,2.4849f,-0.1149f,-0.3712f,-0.9214f,0.7128f,0f,0f,0f,1f],start_interpolation: 0,interpolation_duration: 1}
$data merge entity $(bone_mouth_closed) {transformation: [-0.9829f,-0.0518f,0.1768f,-0.0779f,-0.1114f,0.9316f,-0.346f,2.2165f,-0.1468f,-0.3598f,-0.9214f,0.5517f,0f,0f,0f,1f],start_interpolation: 0,interpolation_duration: 1}
$data merge entity $(bone_mouth_open) {transformation: [-0.9829f,-0.0518f,0.1768f,-0.0774f,-0.1114f,0.9316f,-0.346f,2.1896f,-0.1468f,-0.3598f,-0.9214f,0.5687f,0f,0f,0f,1f],start_interpolation: 0,interpolation_duration: 1}
$data merge entity $(bone_head) {transformation: [-0.9829f,-0.0518f,0.1768f,-0.0466f,-0.1114f,0.9316f,-0.346f,2.1931f,-0.1468f,-0.3598f,-0.9214f,0.5733f,0f,0f,0f,1f],start_interpolation: 0,interpolation_duration: 1}
$data merge entity $(bone_neck) {transformation: [-0.8962f,-0.1493f,0.4178f,-0.035f,-0.3644f,0.785f,-0.501f,2.1317f,-0.2531f,-0.6012f,-0.7579f,0.6203f,0f,0f,0f,1f],start_interpolation: 0,interpolation_duration: 1}
$data merge entity $(bone_finger_left2) {transformation: [0.731f,-0.6823f,0.0107f,0.2826f,0.6192f,0.6699f,0.4097f,2.864f,-0.2868f,-0.2929f,0.9121f,0.6584f,0f,0f,0f,1f],start_interpolation: 0,interpolation_duration: 1}
$data merge entity $(bone_finger_left) {transformation: [0.7135f,0.7006f,0.0107f,0.3718f,-0.6422f,0.6478f,0.4097f,2.7837f,0.2801f,-0.2993f,0.9121f,0.6934f,0f,0f,0f,1f],start_interpolation: 0,interpolation_duration: 1}
$data merge entity $(bone_finger_left4) {transformation: [0.7006f,-0.7117f,-0.0515f,0.2838f,0.6478f,0.6041f,0.4642f,2.8976f,-0.2993f,-0.3585f,0.8843f,0.7341f,0f,0f,0f,1f],start_interpolation: 0,interpolation_duration: 1}
$data merge entity $(bone_finger_left3) {transformation: [0.7117f,0.7006f,-0.0515f,0.3728f,-0.6041f,0.6478f,0.4642f,2.8221f,0.3585f,-0.2993f,0.8843f,0.7789f,0f,0f,0f,1f],start_interpolation: 0,interpolation_duration: 1}
$data merge entity $(bone_thumb_left2) {transformation: [-0.2738f,-0.7519f,0.5997f,0.2352f,-0.9617f,0.2039f,-0.1835f,2.6802f,0.0157f,-0.6269f,-0.7789f,0.6186f,0f,0f,0f,1f],start_interpolation: 0,interpolation_duration: 1}
$data merge entity $(bone_thumb_left) {transformation: [-0.2738f,0.5319f,0.8013f,0.3439f,-0.9617f,-0.165f,-0.2191f,2.6828f,0.0157f,-0.8306f,0.5567f,0.6877f,0f,0f,0f,1f],start_interpolation: 0,interpolation_duration: 1}
$data merge entity $(bone_hand_left) {transformation: [-0.2919f,0.9564f,0.0107f,0.2669f,-0.8712f,-0.2705f,0.4097f,2.6837f,0.3948f,0.1103f,0.9121f,0.791f,0f,0f,0f,1f],start_interpolation: 0,interpolation_duration: 1}
$data merge entity $(bone_arm_left2) {transformation: [-0.3994f,0.9127f,-0.0867f,0.1616f,-0.8835f,-0.3578f,0.3024f,2.4818f,0.2449f,0.1974f,0.9492f,0.9115f,0f,0f,0f,1f],start_interpolation: 0,interpolation_duration: 1}
$data merge entity $(bone_arm_left) {transformation: [-0.2406f,0.9353f,-0.2596f,0.1177f,-0.8983f,-0.3159f,-0.3055f,2.2763f,-0.3677f,0.1597f,0.9161f,0.7623f,0f,0f,0f,1f],start_interpolation: 0,interpolation_duration: 1}
$data merge entity $(bone_finger_right2) {transformation: [0.5666f,-0.2686f,0.779f,-0.6214f,-0.0394f,-0.9531f,-0.2999f,1.5101f,0.823f,0.1392f,-0.5507f,0.3727f,0f,0f,0f,1f],start_interpolation: 0,interpolation_duration: 1}
$data merge entity $(bone_finger_right) {transformation: [-0.2436f,-0.5778f,0.779f,-0.5909f,-0.954f,-0.0022f,-0.2999f,1.6294f,0.175f,-0.8162f,-0.5507f,0.3508f,0f,0f,0f,1f],start_interpolation: 0,interpolation_duration: 1}
$data merge entity $(bone_finger_right4) {transformation: [0.5284f,-0.3901f,0.7541f,-0.5479f,-0.0688f,-0.9049f,-0.42f,1.4898f,0.8462f,0.17f,-0.505f,0.3471f,0f,0f,0f,1f],start_interpolation: 0,interpolation_duration: 1}
$data merge entity $(bone_finger_right3) {transformation: [-0.2401f,-0.6113f,0.7541f,-0.5179f,-0.8919f,-0.1678f,-0.42f,1.6013f,0.3833f,-0.7734f,-0.505f,0.2992f,0f,0f,0f,1f],start_interpolation: 0,interpolation_duration: 1}
$data merge entity $(bone_thumb_right2) {transformation: [-0.2624f,-0.7451f,-0.6132f,-0.6237f,-0.6529f,-0.3308f,0.6814f,1.6505f,-0.7105f,0.5792f,-0.3997f,0.5347f,0f,0f,0f,1f],start_interpolation: 0,interpolation_duration: 1}
$data merge entity $(bone_thumb_right) {transformation: [-0.2624f,-0.831f,0.4904f,-0.5706f,-0.6529f,0.5272f,0.5439f,1.698f,-0.7105f,-0.1775f,-0.6809f,0.4274f,0f,0f,0f,1f],start_interpolation: 0,interpolation_duration: 1}
$data merge entity $(bone_hand_right) {transformation: [-0.6067f,-0.1585f,0.779f,-0.4497f,-0.5825f,0.7555f,-0.2999f,1.6591f,-0.541f,-0.6357f,-0.5507f,0.4493f,0f,0f,0f,1f],start_interpolation: 0,interpolation_duration: 1}
$data merge entity $(bone_arm_right2) {transformation: [-0.6323f,-0.4329f,0.6425f,-0.2515f,-0.7564f,0.524f,-0.3914f,1.8237f,-0.1672f,-0.7335f,-0.6588f,0.4499f,0f,0f,0f,1f],start_interpolation: 0,interpolation_duration: 1}
$data merge entity $(bone_arm_right) {transformation: [-0.4257f,-0.4329f,0.7946f,-0.1947f,-0.8361f,0.524f,-0.1625f,2.0429f,-0.3461f,-0.7335f,-0.585f,0.573f,0f,0f,0f,1f],start_interpolation: 0,interpolation_duration: 1}
$data merge entity $(bone_torso) {transformation: [-0.8962f,-0.0973f,0.4328f,0f,-0.3644f,0.7181f,-0.5929f,1.8737f,-0.2531f,-0.6891f,-0.679f,0.8679f,0f,0f,0f,1f],start_interpolation: 0,interpolation_duration: 1}
$data merge entity $(bone_foot_right) {transformation: [-1f,0f,0f,-0.1563f,0f,0.0262f,0.9997f,1.2792f,0f,0.9997f,-0.0262f,0.8217f,0f,0f,0f,1f],start_interpolation: 0,interpolation_duration: 1}
$data merge entity $(bone_leg_right3) {transformation: [-1f,0f,0f,-0.1563f,0f,0.9064f,0.4224f,1.3802f,0f,0.4224f,-0.9064f,0.9378f,0f,0f,0f,1f],start_interpolation: 0,interpolation_duration: 1}
$data merge entity $(bone_leg_right2) {transformation: [-1f,0f,0f,-0.1563f,0f,0.9974f,0.0724f,1.5695f,0f,0.0724f,-0.9974f,0.9202f,0f,0f,0f,1f],start_interpolation: 0,interpolation_duration: 1}
$data merge entity $(bone_leg_right) {transformation: [-1f,0f,0f,-0.125f,0f,0.9974f,0.0724f,1.663f,0f,0.0724f,-0.9974f,0.927f,0f,0f,0f,1f],start_interpolation: 0,interpolation_duration: 1}
$data merge entity $(bone_foot_left) {transformation: [-1f,0f,0f,0.1562f,0f,0.6177f,0.7864f,1.6199f,0f,0.7864f,-0.6177f,1.1756f,0f,0f,0f,1f],start_interpolation: 0,interpolation_duration: 1}
$data merge entity $(bone_leg_left3) {transformation: [-1f,0f,0f,0.1562f,0f,0.9999f,-0.0113f,1.7612f,0f,-0.0113f,-0.9999f,1.2365f,0f,0f,0f,1f],start_interpolation: 0,interpolation_duration: 1}
$data merge entity $(bone_leg_left2) {transformation: [-1f,0f,0f,0.1562f,0f,0.0758f,-0.9971f,1.8198f,0f,-0.9971f,-0.0758f,1.0842f,0f,0f,0f,1f],start_interpolation: 0,interpolation_duration: 1}
$data merge entity $(bone_leg_left) {transformation: [-1f,0f,0f,0.125f,0f,0.0758f,-0.9971f,1.8269f,0f,-0.9971f,-0.0758f,0.9907f,0f,0f,0f,1f],start_interpolation: 0,interpolation_duration: 1}