# This file was generated by Animated Java via MC-Build. It is not recommended to edit this file directly.
$data merge entity $(bone_eyelid_right) {transformation: [-0.9909f,-0.0139f,0.1337f,-0.2374f,0.0584f,0.8518f,0.5206f,1.4711f,-0.1211f,0.5237f,-0.8432f,0.4694f,0f,0f,0f,1f],start_interpolation: 0,interpolation_duration: 1}
$data merge entity $(bone_eye_right) {transformation: [-0.9909f,-0.0139f,0.1337f,-0.2372f,0.0584f,0.8518f,0.5206f,1.4719f,-0.1211f,0.5237f,-0.8432f,0.4681f,0f,0f,0f,1f],start_interpolation: 0,interpolation_duration: 1}
$data merge entity $(bone_eyelid_left) {transformation: [-0.9735f,-0.1857f,0.1337f,-0.2345f,-0.0904f,0.849f,0.5206f,1.4556f,-0.2102f,0.4947f,-0.8432f,0.4585f,0f,0f,0f,1f],start_interpolation: 0,interpolation_duration: 1}
$data merge entity $(bone_eye_left) {transformation: [-0.9735f,-0.1857f,0.1337f,-0.0215f,-0.0904f,0.849f,0.5206f,1.4754f,-0.2102f,0.4947f,-0.8432f,0.5044f,0f,0f,0f,1f],start_interpolation: 0,interpolation_duration: 1}
$data merge entity $(bone_mouth_closed) {transformation: [-0.9859f,-0.1002f,0.1337f,-0.112f,-0.0161f,0.8536f,0.5206f,1.4273f,-0.1663f,0.5112f,-0.8432f,0.2002f,0f,0f,0f,1f],start_interpolation: 0,interpolation_duration: 1}
$data merge entity $(bone_mouth_open) {transformation: [-0.9859f,-0.1002f,0.1337f,-0.1081f,-0.0161f,0.8536f,0.5206f,1.4039f,-0.1663f,0.5112f,-0.8432f,0.179f,0f,0f,0f,1f],start_interpolation: 0,interpolation_duration: 1}
$data merge entity $(bone_head) {transformation: [-0.9859f,-0.1002f,0.1337f,-0.0781f,-0.0161f,0.8536f,0.5206f,1.4011f,-0.1663f,0.5112f,-0.8432f,0.1894f,0f,0f,0f,1f],start_interpolation: 0,interpolation_duration: 1}
$data merge entity $(bone_neck) {transformation: [-0.9468f,-0.2731f,0.1701f,-0.0568f,-0.1344f,0.816f,0.5622f,1.3374f,-0.2923f,0.5094f,-0.8093f,0.1497f,0f,0f,0f,1f],start_interpolation: 0,interpolation_duration: 1}
$data merge entity $(bone_finger_left2) {transformation: [0.3565f,0.2366f,0.9038f,0.4889f,0.1296f,-0.9706f,0.203f,1.0704f,0.9253f,0.0448f,-0.3766f,0.7085f,0f,0f,0f,1f],start_interpolation: 0,interpolation_duration: 1}
$data merge entity $(bone_finger_left) {transformation: [-0.2209f,0.3665f,0.9038f,0.4613f,0.9753f,0.0872f,0.203f,1.1923f,-0.0044f,0.9263f,-0.3766f,0.7079f,0f,0f,0f,1f],start_interpolation: 0,interpolation_duration: 1}
$data merge entity $(bone_finger_left4) {transformation: [0.3665f,0.1412f,0.9197f,0.5637f,0.0872f,-0.9893f,0.1172f,1.0876f,0.9263f,0.0372f,-0.3748f,0.6773f,0f,0f,0f,1f],start_interpolation: 0,interpolation_duration: 1}
$data merge entity $(bone_finger_left3) {transformation: [-0.1412f,0.3665f,0.9197f,0.546f,0.9893f,0.0872f,0.1172f,1.2113f,-0.0372f,0.9263f,-0.3748f,0.6726f,0f,0f,0f,1f],start_interpolation: 0,interpolation_duration: 1}
$data merge entity $(bone_thumb_left2) {transformation: [-0.7404f,-0.3384f,-0.5808f,0.3199f,0.267f,-0.941f,0.2079f,1.1066f,-0.6169f,-0.0011f,0.7871f,0.6204f,0f,0f,0f,1f],start_interpolation: 0,interpolation_duration: 1}
$data merge entity $(bone_thumb_left) {transformation: [-0.7404f,-0.6081f,0.2864f,0.3789f,0.267f,0.1251f,0.9556f,1.2177f,-0.6169f,0.784f,0.0697f,0.6484f,0f,0f,0f,1f],start_interpolation: 0,interpolation_duration: 1}
$data merge entity $(bone_hand_left) {transformation: [-0.427f,-0.0267f,0.9038f,0.4386f,0.373f,0.9053f,0.203f,1.2035f,-0.8237f,0.4238f,-0.3766f,0.5351f,0f,0f,0f,1f],start_interpolation: 0,interpolation_duration: 1}
$data merge entity $(bone_arm_left2) {transformation: [-0.5458f,-0.04f,0.837f,0.3545f,0.2327f,0.9523f,0.1972f,1.274f,-0.805f,0.3024f,-0.5104f,0.3019f,0f,0f,0f,1f],start_interpolation: 0,interpolation_duration: 1}
$data merge entity $(bone_arm_left) {transformation: [-0.869f,0.0664f,0.4904f,0.1066f,0.2305f,0.9312f,0.2824f,1.314f,-0.4379f,0.3585f,-0.8245f,0.244f,0f,0f,0f,1f],start_interpolation: 0,interpolation_duration: 1}
$data merge entity $(bone_finger_right2) {transformation: [0.7688f,-0.6336f,-0.0864f,-0.8324f,-0.6393f,-0.7583f,-0.1271f,1.1843f,0.015f,0.153f,-0.9881f,0.0724f,0f,0f,0f,1f],start_interpolation: 0,interpolation_duration: 1}
$data merge entity $(bone_finger_right) {transformation: [-0.5995f,-0.7957f,-0.0864f,-0.7575f,-0.7855f,0.6056f,-0.1271f,1.2825f,0.1535f,-0.0083f,-0.9881f,0.0532f,0f,0f,0f,1f],start_interpolation: 0,interpolation_duration: 1}
$data merge entity $(bone_finger_right4) {transformation: [0.7443f,-0.6519f,-0.1447f,-0.8202f,-0.6656f,-0.7064f,-0.2408f,1.1637f,0.0547f,0.2755f,-0.9597f,-0.0044f,0f,0f,0f,1f],start_interpolation: 0,interpolation_duration: 1}
$data merge entity $(bone_finger_right3) {transformation: [-0.4371f,-0.8877f,-0.1447f,-0.7656f,-0.8546f,0.46f,-0.2408f,1.2706f,0.2803f,0.0185f,-0.9597f,-0.0394f,0f,0f,0f,1f],start_interpolation: 0,interpolation_duration: 1}
$data merge entity $(bone_thumb_right2) {transformation: [-0.9535f,-0.2566f,-0.1583f,-0.6536f,-0.0465f,-0.3934f,0.9182f,1.2042f,-0.2979f,0.8828f,0.3632f,0.1888f,0f,0f,0f,1f],start_interpolation: 0,interpolation_duration: 1}
$data merge entity $(bone_thumb_right) {transformation: [-0.9535f,-0.2365f,0.187f,-0.66f,-0.0465f,0.7282f,0.6838f,1.2882f,-0.2979f,0.6432f,-0.7053f,0.0914f,0f,0f,0f,1f],start_interpolation: 0,interpolation_duration: 1}
$data merge entity $(bone_hand_right) {transformation: [-0.9962f,-0.0088f,-0.0864f,-0.6053f,0.0023f,0.9919f,-0.1271f,1.2142f,0.0869f,-0.1269f,-0.9881f,0.0012f,0f,0f,0f,1f],start_interpolation: 0,interpolation_duration: 1}
$data merge entity $(bone_arm_right2) {transformation: [-0.893f,-0.3532f,-0.2788f,-0.3995f,-0.3378f,0.9355f,-0.1032f,1.2922f,0.2973f,0.002f,-0.9548f,-0.1328f,0f,0f,0f,1f],start_interpolation: 0,interpolation_duration: 1}
$data merge entity $(bone_arm_right) {transformation: [-0.8803f,-0.2465f,0.4052f,-0.2047f,-0.1642f,0.9599f,0.2273f,1.319f,-0.445f,0.1335f,-0.8855f,0.0338f,0f,0f,0f,1f],start_interpolation: 0,interpolation_duration: 1}
$data merge entity $(bone_torso) {transformation: [-0.8449f,-0.158f,0.511f,0f,-0.0369f,0.9703f,0.239f,0.9887f,-0.5336f,0.183f,-0.8257f,0.0839f,0f,0f,0f,1f],start_interpolation: 0,interpolation_duration: 1}
$data merge entity $(bone_foot_right) {transformation: [-0.7598f,-0.2389f,0.6047f,-0.2403f,-0.0446f,0.947f,0.3181f,0.6174f,-0.6487f,0.2147f,-0.7302f,0.1468f,0f,0f,0f,1f],start_interpolation: 0,interpolation_duration: 1}
$data merge entity $(bone_leg_right3) {transformation: [-0.7598f,-0.0177f,0.6499f,-0.2834f,-0.0446f,0.9987f,-0.025f,0.7594f,-0.6487f,-0.048f,-0.7596f,0.1875f,0f,0f,0f,1f],start_interpolation: 0,interpolation_duration: 1}
$data merge entity $(bone_leg_right2) {transformation: [-0.7598f,0.4865f,0.4313f,-0.1787f,-0.0446f,0.6228f,-0.7811f,0.8517f,-0.6487f,-0.6127f,-0.4515f,0.0585f,0f,0f,0f,1f],start_interpolation: 0,interpolation_duration: 1}
$data merge entity $(bone_leg_right) {transformation: [-0.7598f,0.4865f,0.4313f,-0.1094f,-0.0446f,0.6228f,-0.7811f,0.9115f,-0.6487f,-0.6127f,-0.4515f,0.0214f,0f,0f,0f,1f],start_interpolation: 0,interpolation_duration: 1}
$data merge entity $(bone_foot_left) {transformation: [-0.9814f,0.0554f,-0.1839f,0.157f,0.006f,0.9659f,0.259f,0.5773f,0.192f,0.253f,-0.9482f,0.2659f,0f,0f,0f,1f],start_interpolation: 0,interpolation_duration: 1}
$data merge entity $(bone_leg_left3) {transformation: [-0.9814f,-0.0164f,-0.1914f,0.1666f,0.006f,0.9932f,-0.1159f,0.7243f,0.192f,-0.1149f,-0.9746f,0.3107f,0f,0f,0f,1f],start_interpolation: 0,interpolation_duration: 1}
$data merge entity $(bone_leg_left2) {transformation: [-0.9856f,-0.1015f,-0.135f,0.1466f,0f,0.7992f,-0.601f,0.8303f,0.1689f,-0.5924f,-0.7877f,0.1935f,0f,0f,0f,1f],start_interpolation: 0,interpolation_duration: 1}
$data merge entity $(bone_leg_left) {transformation: [-0.9856f,-0.1015f,-0.135f,0.1062f,0f,0.7992f,-0.601f,0.9053f,0.1689f,-0.5924f,-0.7877f,0.1432f,0f,0f,0f,1f],start_interpolation: 0,interpolation_duration: 1}