# This file was generated by Animated Java via MC-Build. It is not recommended to edit this file directly.
$data merge entity $(bone_eyelid_right) {transformation: [-0.9938f,0.0044f,0.111f,-0.2191f,0.0472f,0.9215f,0.3855f,1.4769f,-0.1006f,0.3883f,-0.916f,0.4002f,0f,0f,0f,1f],start_interpolation: 0,interpolation_duration: 1}
$data merge entity $(bone_eye_right) {transformation: [-0.9938f,0.0044f,0.111f,-0.2189f,0.0472f,0.9215f,0.3855f,1.4775f,-0.1006f,0.3883f,-0.916f,0.3987f,0f,0f,0f,1f],start_interpolation: 0,interpolation_duration: 1}
$data merge entity $(bone_eyelid_left) {transformation: [-0.9795f,-0.1682f,0.111f,-0.2166f,-0.1136f,0.9157f,0.3855f,1.46f,-0.1665f,0.3649f,-0.916f,0.3916f,0f,0f,0f,1f],start_interpolation: 0,interpolation_duration: 1}
$data merge entity $(bone_eye_left) {transformation: [-0.9795f,-0.1682f,0.111f,-0.0023f,-0.1136f,0.9157f,0.3855f,1.4848f,-0.1665f,0.3649f,-0.916f,0.4281f,0f,0f,0f,1f],start_interpolation: 0,interpolation_duration: 1}
$data merge entity $(bone_mouth_closed) {transformation: [-0.9904f,-0.0822f,0.111f,-0.1018f,-0.0333f,0.9221f,0.3855f,1.3918f,-0.1341f,0.3781f,-0.916f,0.1374f,0f,0f,0f,1f],start_interpolation: 0,interpolation_duration: 1}
$data merge entity $(bone_mouth_open) {transformation: [-0.9904f,-0.0822f,0.111f,-0.0985f,-0.0333f,0.9221f,0.3855f,1.3654f,-0.1341f,0.3781f,-0.916f,0.1198f,0f,0f,0f,1f],start_interpolation: 0,interpolation_duration: 1}
$data merge entity $(bone_head) {transformation: [-0.9904f,-0.0822f,0.111f,-0.0683f,-0.0333f,0.9221f,0.3855f,1.364f,-0.1341f,0.3781f,-0.916f,0.1297f,0f,0f,0f,1f],start_interpolation: 0,interpolation_duration: 1}
$data merge entity $(bone_neck) {transformation: [-0.9576f,-0.2591f,0.1262f,-0.048f,-0.1749f,0.8704f,0.4602f,1.296f,-0.229f,0.4186f,-0.8788f,0.097f,0f,0f,0f,1f],start_interpolation: 0,interpolation_duration: 1}
$data merge entity $(bone_finger_left2) {transformation: [0.2656f,0.3005f,0.9161f,0.4694f,0.2992f,-0.929f,0.2181f,1.1115f,0.9165f,0.2161f,-0.3366f,0.7149f,0f,0f,0f,1f],start_interpolation: 0,interpolation_duration: 1}
$data merge entity $(bone_finger_left) {transformation: [-0.2887f,0.2784f,0.9161f,0.4333f,0.9411f,0.2584f,0.2181f,1.2291f,-0.176f,0.9251f,-0.3366f,0.6929f,0f,0f,0f,1f],start_interpolation: 0,interpolation_duration: 1}
$data merge entity $(bone_finger_left4) {transformation: [0.2784f,0.2077f,0.9377f,0.5452f,0.2584f,-0.9565f,0.1352f,1.13f,0.9251f,0.2046f,-0.32f,0.687f,0f,0f,0f,1f],start_interpolation: 0,interpolation_duration: 1}
$data merge entity $(bone_finger_left3) {transformation: [-0.2077f,0.2784f,0.9377f,0.5192f,0.9565f,0.2584f,0.1352f,1.2496f,-0.2046f,0.9251f,-0.32f,0.6614f,0f,0f,0f,1f],start_interpolation: 0,interpolation_duration: 1}
$data merge entity $(bone_thumb_left2) {transformation: [-0.7019f,-0.269f,-0.6596f,0.3065f,0.1063f,-0.9551f,0.2764f,1.1196f,-0.7043f,0.1239f,0.699f,0.61f,0f,0f,0f,1f],start_interpolation: 0,interpolation_duration: 1}
$data merge entity $(bone_thumb_left) {transformation: [-0.7019f,-0.6805f,0.2105f,0.3547f,0.1063f,0.1921f,0.9756f,1.2382f,-0.7043f,0.7071f,-0.0625f,0.6242f,0f,0f,0f,1f],start_interpolation: 0,interpolation_duration: 1}
$data merge entity $(bone_hand_left) {transformation: [-0.3802f,-0.1275f,0.9161f,0.4248f,0.2054f,0.9541f,0.2181f,1.2118f,-0.9018f,0.2711f,-0.3366f,0.5193f,0f,0f,0f,1f],start_interpolation: 0,interpolation_duration: 1}
$data merge entity $(bone_arm_left2) {transformation: [-0.4898f,-0.1337f,0.8615f,0.3562f,0.0601f,0.9806f,0.1863f,1.2385f,-0.8697f,0.1431f,-0.4723f,0.2724f,0f,0f,0f,1f],start_interpolation: 0,interpolation_duration: 1}
$data merge entity $(bone_arm_left) {transformation: [-0.8415f,0.0497f,0.538f,0.1122f,0.1803f,0.9645f,0.193f,1.2715f,-0.5093f,0.2594f,-0.8206f,0.1963f,0f,0f,0f,1f],start_interpolation: 0,interpolation_duration: 1}
$data merge entity $(bone_finger_right2) {transformation: [0.557f,-0.7858f,-0.2688f,-0.7927f,-0.8167f,-0.577f,-0.0053f,1.2673f,-0.1509f,0.2225f,-0.9632f,0.0757f,0f,0f,0f,1f],start_interpolation: 0,interpolation_duration: 1}
$data merge entity $(bone_finger_right) {transformation: [-0.7608f,-0.5907f,-0.2688f,-0.6976f,-0.6121f,0.7908f,-0.0053f,1.3438f,0.2157f,0.1604f,-0.9632f,0.0488f,0f,0f,0f,1f],start_interpolation: 0,interpolation_duration: 1}
$data merge entity $(bone_finger_right4) {transformation: [0.5327f,-0.7702f,-0.3509f,-0.7985f,-0.8393f,-0.5341f,-0.1019f,1.2516f,-0.1089f,0.3488f,-0.9309f,-0.0029f,0f,0f,0f,1f],start_interpolation: 0,interpolation_duration: 1}
$data merge entity $(bone_finger_right3) {transformation: [-0.6061f,-0.7139f,-0.3509f,-0.7228f,-0.7331f,0.6725f,-0.1019f,1.3433f,0.3087f,0.1955f,-0.9309f,-0.0415f,0f,0f,0f,1f],start_interpolation: 0,interpolation_duration: 1}
$data merge entity $(bone_thumb_right2) {transformation: [-0.9637f,-0.2158f,0.1572f,-0.5996f,0.2333f,-0.3948f,0.8887f,1.2285f,-0.1297f,0.8931f,0.4308f,0.1602f,0f,0f,0f,1f],start_interpolation: 0,interpolation_duration: 1}
$data merge entity $(bone_thumb_right) {transformation: [-0.9637f,0.0739f,0.2565f,-0.5976f,0.2333f,0.7f,0.6749f,1.3201f,-0.1297f,0.7103f,-0.6919f,0.0697f,0f,0f,0f,1f],start_interpolation: 0,interpolation_duration: 1}
$data merge entity $(bone_hand_right) {transformation: [-0.9318f,0.244f,-0.2688f,-0.5798f,0.2547f,0.967f,-0.0053f,1.2433f,0.2586f,-0.0734f,-0.9632f,-0.0322f,0f,0f,0f,1f],start_interpolation: 0,interpolation_duration: 1}
$data merge entity $(bone_arm_right2) {transformation: [-0.8947f,-0.0787f,-0.4397f,-0.3836f,-0.119f,0.9908f,0.0649f,1.2771f,0.4305f,0.1103f,-0.8958f,-0.1958f,0f,0f,0f,1f],start_interpolation: 0,interpolation_duration: 1}
$data merge entity $(bone_arm_right) {transformation: [-0.876f,-0.1337f,0.4634f,-0.1936f,-0.0494f,0.9806f,0.1895f,1.2776f,-0.4797f,0.1431f,-0.8657f,-0.0218f,0f,0f,0f,1f],start_interpolation: 0,interpolation_duration: 1}
$data merge entity $(bone_torso) {transformation: [-0.8323f,-0.1337f,0.538f,0f,-0.0327f,0.9806f,0.193f,0.9436f,-0.5534f,0.1431f,-0.8206f,0.0456f,0f,0f,0f,1f],start_interpolation: 0,interpolation_duration: 1}
$data merge entity $(bone_foot_right) {transformation: [-0.7392f,-0.224f,0.6352f,-0.2158f,-0.0481f,0.9582f,0.282f,0.5053f,-0.6718f,0.1779f,-0.7191f,0.0273f,0f,0f,0f,1f],start_interpolation: 0,interpolation_duration: 1}
$data merge entity $(bone_leg_right3) {transformation: [-0.7246f,-0.126f,0.6776f,-0.2759f,0.0212f,0.9786f,0.2047f,0.6301f,-0.6889f,0.1626f,-0.7064f,0.0944f,0f,0f,0f,1f],start_interpolation: 0,interpolation_duration: 1}
$data merge entity $(bone_leg_right2) {transformation: [-0.7246f,0.454f,0.5185f,-0.1746f,0.0647f,0.7939f,-0.6046f,0.7601f,-0.6861f,-0.4046f,-0.6046f,-0.0004f,0f,0f,0f,1f],start_interpolation: 0,interpolation_duration: 1}
$data merge entity $(bone_leg_right) {transformation: [-0.7246f,0.454f,0.5185f,-0.1094f,0.0647f,0.7939f,-0.6046f,0.8325f,-0.6861f,-0.4046f,-0.6046f,-0.0169f,0f,0f,0f,1f],start_interpolation: 0,interpolation_duration: 1}
$data merge entity $(bone_foot_left) {transformation: [-0.9731f,0.055f,-0.2235f,0.1503f,0.0055f,0.9762f,0.2166f,0.4984f,0.2301f,0.2095f,-0.9503f,0.2047f,0f,0f,0f,1f],start_interpolation: 0,interpolation_duration: 1}
$data merge entity $(bone_leg_left3) {transformation: [-0.9731f,0.0154f,-0.2297f,0.1668f,0.0055f,0.999f,0.0438f,0.6361f,0.2301f,0.0413f,-0.9723f,0.2713f,0f,0f,0f,1f],start_interpolation: 0,interpolation_duration: 1}
$data merge entity $(bone_leg_left2) {transformation: [-0.9793f,-0.1111f,-0.169f,0.1441f,0f,0.8355f,-0.5495f,0.7495f,0.2022f,-0.5382f,-0.8182f,0.1616f,0f,0f,0f,1f],start_interpolation: 0,interpolation_duration: 1}
$data merge entity $(bone_leg_left) {transformation: [-0.9793f,-0.1111f,-0.169f,0.1031f,0f,0.8355f,-0.5495f,0.8278f,0.2022f,-0.5382f,-0.8182f,0.1175f,0f,0f,0f,1f],start_interpolation: 0,interpolation_duration: 1}