# This file was generated by Animated Java via MC-Build. It is not recommended to edit this file directly.
$data merge entity $(bone_eyelid_right) {transformation: [-0.9913f,0.1002f,-0.0853f,-0.0785f,0.0983f,0.9948f,0.0264f,1.2191f,0.0875f,0.0178f,-0.996f,0.2638f,0f,0f,0f,1f],start_interpolation: 0,interpolation_duration: 1}
$data merge entity $(bone_eye_right) {transformation: [-0.9913f,0.1002f,-0.0853f,-0.0787f,0.0983f,0.9948f,0.0264f,1.2192f,0.0875f,0.0178f,-0.996f,0.2622f,0f,0f,0f,1f],start_interpolation: 0,interpolation_duration: 1}
$data merge entity $(bone_eyelid_left) {transformation: [-0.9936f,-0.0734f,-0.0853f,-0.0781f,-0.0759f,0.9968f,0.0264f,1.2001f,0.0831f,0.0327f,-0.996f,0.2617f,0f,0f,0f,1f],start_interpolation: 0,interpolation_duration: 1}
$data merge entity $(bone_eye_left) {transformation: [-0.9936f,-0.0734f,-0.0853f,0.1393f,-0.0759f,0.9968f,0.0264f,1.2167f,0.0831f,0.0327f,-0.996f,0.2435f,0f,0f,0f,1f],start_interpolation: 0,interpolation_duration: 1}
$data merge entity $(bone_mouth_closed) {transformation: [-0.9963f,0.0135f,-0.0853f,-0.0221f,0.0112f,0.9996f,0.0264f,1.0367f,0.0857f,0.0253f,-0.996f,0.0323f,0f,0f,0f,1f],start_interpolation: 0,interpolation_duration: 1}
$data merge entity $(bone_mouth_open) {transformation: [-0.9963f,0.0135f,-0.0853f,-0.023f,0.0112f,0.9996f,0.0264f,1.0056f,0.0857f,0.0253f,-0.996f,0.0253f,0f,0f,0f,1f],start_interpolation: 0,interpolation_duration: 1}
$data merge entity $(bone_head) {transformation: [-0.9963f,0.0135f,-0.0853f,0.0086f,0.0112f,0.9996f,0.0264f,1.0051f,0.0857f,0.0253f,-0.996f,0.0288f,0f,0f,0f,1f],start_interpolation: 0,interpolation_duration: 1}
$data merge entity $(bone_neck) {transformation: [-0.9985f,0.0223f,-0.0508f,0.0069f,0.0155f,0.9913f,0.1305f,0.9276f,0.0533f,0.1295f,-0.9901f,0.0187f,0f,0f,0f,1f],start_interpolation: 0,interpolation_duration: 1}
$data merge entity $(bone_finger_left2) {transformation: [0.3247f,0.9113f,0.2532f,0.5735f,0.9451f,-0.3231f,-0.049f,0.2259f,0.0372f,0.2552f,-0.9662f,0.1223f,0f,0f,0f,1f],start_interpolation: 0,interpolation_duration: 1}
$data merge entity $(bone_finger_left) {transformation: [-0.0862f,0.9636f,0.2532f,0.5627f,0.9936f,0.1017f,-0.049f,0.3501f,-0.073f,0.2473f,-0.9662f,0.1132f,0f,0f,0f,1f],start_interpolation: 0,interpolation_duration: 1}
$data merge entity $(bone_finger_left4) {transformation: [0.677f,0.6911f,0.2532f,0.5784f,0.7224f,-0.6897f,-0.049f,0.2208f,0.1408f,0.2161f,-0.9662f,0.0268f,0f,0f,0f,1f],start_interpolation: 0,interpolation_duration: 1}
$data merge entity $(bone_finger_left3) {transformation: [0.0643f,0.9653f,0.2532f,0.5865f,0.9974f,-0.0536f,-0.049f,0.3455f,-0.0337f,0.2557f,-0.9662f,0.0226f,0f,0f,0f,1f],start_interpolation: 0,interpolation_duration: 1}
$data merge entity $(bone_thumb_left2) {transformation: [-0.5014f,0.8649f,-0.0236f,0.4697f,0.1359f,0.1057f,0.9851f,0.3415f,0.8545f,0.4907f,-0.1705f,0.2258f,0f,0f,0f,1f],start_interpolation: 0,interpolation_duration: 1}
$data merge entity $(bone_thumb_left) {transformation: [-0.4721f,0.8649f,0.1706f,0.5057f,0.5034f,0.1057f,0.8576f,0.433f,0.7237f,0.4907f,-0.4853f,0.1425f,0f,0f,0f,1f],start_interpolation: 0,interpolation_duration: 1}
$data merge entity $(bone_hand_left) {transformation: [-0.4812f,0.8392f,0.2532f,0.4469f,0.86f,0.5079f,-0.049f,0.4504f,-0.1697f,0.1942f,-0.9662f,0.0292f,0f,0f,0f,1f],start_interpolation: 0,interpolation_duration: 1}
$data merge entity $(bone_arm_left2) {transformation: [-0.5061f,0.8392f,0.1989f,0.3329f,0.8602f,0.5079f,0.0456f,0.6683f,-0.0628f,0.1942f,-0.979f,-0.0477f,0f,0f,0f,1f],start_interpolation: 0,interpolation_duration: 1}
$data merge entity $(bone_arm_left) {transformation: [-0.5134f,0.8392f,0.1791f,0.1933f,0.8578f,0.5079f,0.079f,0.8778f,-0.0247f,0.1942f,-0.9807f,0.0075f,0f,0f,0f,1f],start_interpolation: 0,interpolation_duration: 1}
$data merge entity $(bone_finger_right2) {transformation: [0.989f,-0.1423f,0.0398f,-0.5523f,-0.1323f,-0.9728f,-0.1903f,0.3072f,0.0658f,0.183f,-0.9809f,0.0597f,0f,0f,0f,1f],start_interpolation: 0,interpolation_duration: 1}
$data merge entity $(bone_finger_right) {transformation: [0.3819f,-0.9234f,0.0398f,-0.6f,-0.9043f,-0.3822f,-0.1903f,0.4202f,0.191f,0.0367f,-0.9809f,0.0358f,0f,0f,0f,1f],start_interpolation: 0,interpolation_duration: 1}
$data merge entity $(bone_finger_right4) {transformation: [0.9918f,0.1217f,0.0398f,-0.5385f,0.1271f,-0.9735f,-0.1903f,0.294f,0.0156f,0.1938f,-0.9809f,-0.0328f,0f,0f,0f,1f],start_interpolation: 0,interpolation_duration: 1}
$data merge entity $(bone_finger_right3) {transformation: [0.462f,-0.886f,0.0398f,-0.5962f,-0.8669f,-0.4606f,-0.1903f,0.4024f,0.187f,0.0534f,-0.9809f,-0.0561f,0f,0f,0f,1f],start_interpolation: 0,interpolation_duration: 1}
$data merge entity $(bone_thumb_right2) {transformation: [-0.4204f,-0.9071f,0.0204f,-0.4983f,0.2332f,-0.0863f,0.9686f,0.4207f,-0.8769f,0.4119f,0.2478f,0.1566f,0f,0f,0f,1f],start_interpolation: 0,interpolation_duration: 1}
$data merge entity $(bone_thumb_right) {transformation: [-0.2886f,-0.9071f,-0.3063f,-0.5456f,-0.5849f,-0.0863f,0.8065f,0.5032f,-0.758f,0.4119f,-0.5057f,0.0697f,0f,0f,0f,1f],start_interpolation: 0,interpolation_duration: 1}
$data merge entity $(bone_hand_right) {transformation: [-0.5996f,-0.7993f,0.0398f,-0.4545f,-0.7898f,0.583f,-0.1903f,0.4983f,0.1289f,-0.1456f,-0.9809f,-0.0212f,0f,0f,0f,1f],start_interpolation: 0,interpolation_duration: 1}
$data merge entity $(bone_arm_right2) {transformation: [-0.5953f,-0.7993f,0.0823f,-0.3005f,-0.8014f,0.583f,-0.1338f,0.6902f,0.059f,-0.1456f,-0.9876f,-0.0977f,0f,0f,0f,1f],start_interpolation: 0,interpolation_duration: 1}
$data merge entity $(bone_arm_right) {transformation: [-0.5418f,-0.7993f,0.26f,-0.1813f,-0.804f,0.583f,0.1171f,0.8839f,-0.2452f,-0.1456f,-0.9585f,0.0235f,0f,0f,0f,1f],start_interpolation: 0,interpolation_duration: 1}
$data merge entity $(bone_torso) {transformation: [-0.9985f,0.0192f,-0.0521f,0f,0.0155f,0.9975f,0.0695f,0.5692f,0.0533f,0.0686f,-0.9962f,-0.0059f,0f,0f,0f,1f],start_interpolation: 0,interpolation_duration: 1}
$data merge entity $(bone_foot_right) {transformation: [-0.9999f,0.0054f,0.0116f,-0.1562f,0.0111f,0.8178f,0.5754f,0.2849f,-0.0064f,0.5754f,-0.8178f,-0.0793f,0f,0f,0f,1f],start_interpolation: 0,interpolation_duration: 1}
$data merge entity $(bone_leg_right3) {transformation: [-1f,0f,0f,-0.1562f,0f,0.6734f,0.7393f,0.3334f,0f,0.7393f,-0.6734f,0.0668f,0f,0f,0f,1f],start_interpolation: 0,interpolation_duration: 1}
$data merge entity $(bone_leg_right2) {transformation: [-1f,0f,0f,-0.1562f,0f,0.9918f,-0.1278f,0.4844f,0f,-0.1278f,-0.9918f,0.0158f,0f,0f,0f,1f],start_interpolation: 0,interpolation_duration: 1}
$data merge entity $(bone_leg_right) {transformation: [-1f,0f,0f,-0.125f,0f,0.9918f,-0.1278f,0.5774f,0f,-0.1278f,-0.9918f,0.0038f,0f,0f,0f,1f],start_interpolation: 0,interpolation_duration: 1}
$data merge entity $(bone_foot_left) {transformation: [-1f,0f,0f,0.1563f,0f,0.9997f,0.0234f,0.1291f,0f,0.0234f,-0.9997f,-0.0751f,0f,0f,0f,1f],start_interpolation: 0,interpolation_duration: 1}
$data merge entity $(bone_leg_left3) {transformation: [-1f,0f,0f,0.1563f,0f,0.9966f,0.0818f,0.2641f,0f,0.0818f,-0.9966f,-0.0013f,0f,0f,0f,1f],start_interpolation: 0,interpolation_duration: 1}
$data merge entity $(bone_leg_left2) {transformation: [-1f,0f,0f,0.1563f,0f,0.9978f,0.0669f,0.4221f,0f,0.0669f,-0.9978f,-0.022f,0f,0f,0f,1f],start_interpolation: 0,interpolation_duration: 1}
$data merge entity $(bone_leg_left) {transformation: [-1f,0f,0f,0.125f,0f,0.9978f,0.0669f,0.5156f,0f,0.0669f,-0.9978f,-0.0157f,0f,0f,0f,1f],start_interpolation: 0,interpolation_duration: 1}