# This file was generated by Animated Java via MC-Build. It is not recommended to edit this file directly.
$data merge entity $(bone_eyelid_right) {transformation: [-0.9932f,0.0948f,-0.0669f,-0.0861f,0.0922f,0.9949f,0.0412f,1.2164f,0.0705f,0.0348f,-0.9969f,0.2731f,0f,0f,0f,1f],start_interpolation: 0,interpolation_duration: 1}
$data merge entity $(bone_eye_right) {transformation: [-0.9932f,0.0948f,-0.0669f,-0.0862f,0.0922f,0.9949f,0.0412f,1.2164f,0.0705f,0.0348f,-0.9969f,0.2715f,0f,0f,0f,1f],start_interpolation: 0,interpolation_duration: 1}
$data merge entity $(bone_eyelid_left) {transformation: [-0.9946f,-0.0791f,-0.0669f,-0.0855f,-0.082f,0.9958f,0.0412f,1.1974f,0.0633f,0.0465f,-0.9969f,0.2707f,0f,0f,0f,1f],start_interpolation: 0,interpolation_duration: 1}
$data merge entity $(bone_eye_left) {transformation: [-0.9946f,-0.0791f,-0.0669f,0.132f,-0.082f,0.9958f,0.0412f,1.2153f,0.0633f,0.0465f,-0.9969f,0.2568f,0f,0f,0f,1f],start_interpolation: 0,interpolation_duration: 1}
$data merge entity $(bone_mouth_closed) {transformation: [-0.9977f,0.0078f,-0.0669f,-0.0244f,0.0051f,0.9991f,0.0412f,1.0378f,0.0672f,0.0408f,-0.9969f,0.0399f,0f,0f,0f,1f],start_interpolation: 0,interpolation_duration: 1}
$data merge entity $(bone_mouth_open) {transformation: [-0.9977f,0.0078f,-0.0669f,-0.0251f,0.0051f,0.9991f,0.0412f,1.0068f,0.0672f,0.0408f,-0.9969f,0.0324f,0f,0f,0f,1f],start_interpolation: 0,interpolation_duration: 1}
$data merge entity $(bone_head) {transformation: [-0.9977f,0.0078f,-0.0669f,0.0065f,0.0051f,0.9991f,0.0412f,1.0064f,0.0672f,0.0408f,-0.9969f,0.0365f,0f,0f,0f,1f],start_interpolation: 0,interpolation_duration: 1}
$data merge entity $(bone_neck) {transformation: [-0.9998f,0.0143f,0.0143f,0.0054f,0.0161f,0.9904f,0.1371f,0.929f,-0.0122f,0.1373f,-0.9905f,0.0258f,0f,0f,0f,1f],start_interpolation: 0,interpolation_duration: 1}
$data merge entity $(bone_finger_left2) {transformation: [0.2561f,0.8798f,0.4005f,0.5453f,0.9663f,-0.2432f,-0.0837f,0.227f,0.0237f,0.4085f,-0.9125f,0.2019f,0f,0f,0f,1f],start_interpolation: 0,interpolation_duration: 1}
$data merge entity $(bone_finger_left) {transformation: [-0.0926f,0.9116f,0.4005f,0.5337f,0.987f,0.137f,-0.0837f,0.3503f,-0.1312f,0.3875f,-0.9125f,0.1855f,0f,0f,0f,1f],start_interpolation: 0,interpolation_duration: 1}
$data merge entity $(bone_finger_left4) {transformation: [0.6105f,0.6833f,0.4005f,0.5644f,0.767f,-0.6362f,-0.0837f,0.218f,0.1976f,0.3583f,-0.9125f,0.1083f,0f,0f,0f,1f],start_interpolation: 0,interpolation_duration: 1}
$data merge entity $(bone_finger_left3) {transformation: [0.0547f,0.9147f,0.4005f,0.5712f,0.9962f,-0.0229f,-0.0837f,0.3425f,-0.0674f,0.4036f,-0.9125f,0.0999f,0f,0f,0f,1f],start_interpolation: 0,interpolation_duration: 1}
$data merge entity $(bone_thumb_left2) {transformation: [-0.616f,0.7873f,0.027f,0.427f,0.2088f,0.1301f,0.9693f,0.3475f,0.7596f,0.6027f,-0.2446f,0.2846f,0f,0f,0f,1f],start_interpolation: 0,interpolation_duration: 1}
$data merge entity $(bone_thumb_left) {transformation: [-0.5676f,0.7873f,0.2407f,0.4748f,0.5346f,0.1301f,0.835f,0.4352f,0.6261f,0.6027f,-0.4948f,0.2032f,0f,0f,0f,1f],start_interpolation: 0,interpolation_duration: 1}
$data merge entity $(bone_hand_left) {transformation: [-0.4278f,0.8103f,0.4005f,0.435f,0.8635f,0.4973f,-0.0837f,0.4503f,-0.267f,0.31f,-0.9125f,0.0816f,0f,0f,0f,1f],start_interpolation: 0,interpolation_duration: 1}
$data merge entity $(bone_arm_left2) {transformation: [-0.479f,0.8103f,0.3376f,0.3363f,0.8668f,0.4973f,0.0363f,0.6692f,-0.1385f,0.31f,-0.9406f,-0.0118f,0f,0f,0f,1f],start_interpolation: 0,interpolation_duration: 1}
$data merge entity $(bone_arm_left) {transformation: [-0.5009f,0.8103f,0.3041f,0.1921f,0.8623f,0.4973f,0.0953f,0.8789f,-0.074f,0.31f,-0.9478f,0.0289f,0f,0f,0f,1f],start_interpolation: 0,interpolation_duration: 1}
$data merge entity $(bone_finger_right2) {transformation: [0.9503f,-0.2289f,0.211f,-0.5633f,-0.2081f,-0.9712f,-0.1163f,0.3064f,0.2316f,0.0666f,-0.9705f,-0.041f,0f,0f,0f,1f],start_interpolation: 0,interpolation_duration: 1}
$data merge entity $(bone_finger_right) {transformation: [0.3174f,-0.9245f,0.211f,-0.6029f,-0.9309f,-0.3462f,-0.1163f,0.4228f,0.1806f,-0.1595f,-0.9705f,-0.0636f,0f,0f,0f,1f],start_interpolation: 0,interpolation_duration: 1}
$data merge entity $(bone_finger_right4) {transformation: [0.9768f,0.0367f,0.211f,-0.533f,0.0623f,-0.9913f,-0.1163f,0.3f,0.2049f,0.1268f,-0.9705f,-0.1303f,0f,0f,0f,1f],start_interpolation: 0,interpolation_duration: 1}
$data merge entity $(bone_finger_right3) {transformation: [0.4011f,-0.8914f,0.211f,-0.5832f,-0.8951f,-0.4303f,-0.1163f,0.4119f,0.1945f,-0.1422f,-0.9705f,-0.1546f,0f,0f,0f,1f],start_interpolation: 0,interpolation_duration: 1}
$data merge entity $(bone_thumb_right2) {transformation: [-0.2461f,-0.969f,-0.0203f,-0.5265f,0.2801f,-0.0911f,0.9556f,0.413f,-0.9279f,0.2295f,0.2938f,0.0734f,0f,0f,0f,1f],start_interpolation: 0,interpolation_duration: 1}
$data merge entity $(bone_thumb_right) {transformation: [-0.1494f,-0.969f,-0.1966f,-0.5557f,-0.5237f,-0.0911f,0.847f,0.5025f,-0.8387f,0.2295f,-0.4939f,-0.0146f,0f,0f,0f,1f],start_interpolation: 0,interpolation_duration: 1}
$data merge entity $(bone_hand_right) {transformation: [-0.6093f,-0.7644f,0.211f,-0.4501f,-0.7921f,0.5992f,-0.1163f,0.5037f,-0.0376f,-0.238f,-0.9705f,-0.0883f,0f,0f,0f,1f],start_interpolation: 0,interpolation_duration: 1}
$data merge entity $(bone_arm_right2) {transformation: [-0.5991f,-0.7644f,0.2383f,-0.2854f,-0.7965f,0.5992f,-0.0804f,0.6978f,-0.0813f,-0.238f,-0.9679f,-0.1285f,0f,0f,0f,1f],start_interpolation: 0,interpolation_duration: 1}
$data merge entity $(bone_arm_right) {transformation: [-0.5096f,-0.7644f,0.395f,-0.1827f,-0.7876f,0.5992f,0.1435f,0.8857f,-0.3464f,-0.238f,-0.9074f,0.0148f,0f,0f,0f,1f],start_interpolation: 0,interpolation_duration: 1}
$data merge entity $(bone_torso) {transformation: [-0.9998f,0.015f,0.0135f,0f,0.0161f,0.9963f,0.0839f,0.5709f,-0.0122f,0.0841f,-0.9964f,-0.0044f,0f,0f,0f,1f],start_interpolation: 0,interpolation_duration: 1}
$data merge entity $(bone_foot_right) {transformation: [-0.9995f,0.0152f,0.0277f,-0.1562f,0.0236f,0.9421f,0.3346f,0.2562f,-0.021f,0.335f,-0.942f,-0.0329f,0f,0f,0f,1f],start_interpolation: 0,interpolation_duration: 1}
$data merge entity $(bone_leg_right3) {transformation: [-1f,0f,0f,-0.1562f,0f,0.8146f,0.5801f,0.3345f,0f,0.5801f,-0.8146f,0.0996f,0f,0f,0f,1f],start_interpolation: 0,interpolation_duration: 1}
$data merge entity $(bone_leg_right2) {transformation: [-1f,0f,0f,-0.1562f,0f,0.9802f,-0.1979f,0.4815f,0f,-0.1979f,-0.9802f,0.038f,0f,0f,0f,1f],start_interpolation: 0,interpolation_duration: 1}
$data merge entity $(bone_leg_right) {transformation: [-1f,0f,0f,-0.125f,0f,0.9802f,-0.1979f,0.5734f,0f,-0.1979f,-0.9802f,0.0195f,0f,0f,0f,1f],start_interpolation: 0,interpolation_duration: 1}
$data merge entity $(bone_foot_left) {transformation: [-1f,0f,0f,0.1563f,0f,0.9979f,0.0642f,0.1316f,0f,0.0642f,-0.9979f,-0.1077f,0f,0f,0f,1f],start_interpolation: 0,interpolation_duration: 1}
$data merge entity $(bone_leg_left3) {transformation: [-1f,0f,0f,0.1563f,0f,0.9927f,0.1208f,0.2637f,0f,0.1208f,-0.9927f,-0.0287f,0f,0f,0f,1f],start_interpolation: 0,interpolation_duration: 1}
$data merge entity $(bone_leg_left2) {transformation: [-1f,0f,0f,0.1563f,0f,0.9921f,0.1253f,0.4226f,0f,0.1253f,-0.9921f,-0.0401f,0f,0f,0f,1f],start_interpolation: 0,interpolation_duration: 1}
$data merge entity $(bone_leg_left) {transformation: [-1f,0f,0f,0.125f,0f,0.9921f,0.1253f,0.5156f,0f,0.1253f,-0.9921f,-0.0283f,0f,0f,0f,1f],start_interpolation: 0,interpolation_duration: 1}