# This file was generated by Animated Java via MC-Build. It is not recommended to edit this file directly.
$data merge entity $(bone_eyelid_right) {transformation: [-0.9952f,0.0874f,-0.0447f,-0.0958f,0.0848f,0.9948f,0.0563f,1.2132f,0.0494f,0.0522f,-0.9974f,0.2834f,0f,0f,0f,1f],start_interpolation: 0,interpolation_duration: 1}
$data merge entity $(bone_eye_right) {transformation: [-0.9952f,0.0874f,-0.0447f,-0.0959f,0.0848f,0.9948f,0.0563f,1.2133f,0.0494f,0.0522f,-0.9974f,0.2819f,0f,0f,0f,1f],start_interpolation: 0,interpolation_duration: 1}
$data merge entity $(bone_eyelid_left) {transformation: [-0.9952f,-0.0867f,-0.0447f,-0.095f,-0.0892f,0.9944f,0.0563f,1.1943f,0.0396f,0.06f,-0.9974f,0.2808f,0f,0f,0f,1f],start_interpolation: 0,interpolation_duration: 1}
$data merge entity $(bone_eye_left) {transformation: [-0.9952f,-0.0867f,-0.0447f,0.1227f,-0.0892f,0.9944f,0.0563f,1.2138f,0.0396f,0.06f,-0.9974f,0.2721f,0f,0f,0f,1f],start_interpolation: 0,interpolation_duration: 1}
$data merge entity $(bone_mouth_closed) {transformation: [-0.999f,0.0003f,-0.0447f,-0.0277f,-0.0022f,0.9984f,0.0563f,1.0386f,0.0447f,0.0563f,-0.9974f,0.049f,0f,0f,0f,1f],start_interpolation: 0,interpolation_duration: 1}
$data merge entity $(bone_mouth_open) {transformation: [-0.999f,0.0003f,-0.0447f,-0.028f,-0.0022f,0.9984f,0.0563f,1.0078f,0.0447f,0.0563f,-0.9974f,0.041f,0f,0f,0f,1f],start_interpolation: 0,interpolation_duration: 1}
$data merge entity $(bone_head) {transformation: [-0.999f,0.0003f,-0.0447f,0.0035f,-0.0022f,0.9984f,0.0563f,1.0075f,0.0447f,0.0563f,-0.9974f,0.0459f,0f,0f,0f,1f],start_interpolation: 0,interpolation_duration: 1}
$data merge entity $(bone_neck) {transformation: [-0.9969f,0.0047f,0.0785f,0.0032f,0.0165f,0.9883f,0.1516f,0.9303f,-0.0769f,0.1524f,-0.9853f,0.034f,0f,0f,0f,1f],start_interpolation: 0,interpolation_duration: 1}
$data merge entity $(bone_finger_left2) {transformation: [0.2155f,0.8273f,0.5189f,0.5049f,0.9765f,-0.178f,-0.1217f,0.2268f,-0.0083f,0.5329f,-0.8462f,0.2718f,0f,0f,0f,1f],start_interpolation: 0,interpolation_duration: 1}
$data merge entity $(bone_finger_left) {transformation: [-0.0757f,0.8515f,0.5189f,0.4954f,0.9794f,0.1612f,-0.1217f,0.3492f,-0.1873f,0.499f,-0.8462f,0.2484f,0f,0f,0f,1f],start_interpolation: 0,interpolation_duration: 1}
$data merge entity $(bone_finger_left4) {transformation: [0.5586f,0.6471f,0.5189f,0.5359f,0.7976f,-0.5908f,-0.1217f,0.2137f,0.2278f,0.4818f,-0.8462f,0.1819f,0f,0f,0f,1f],start_interpolation: 0,interpolation_duration: 1}
$data merge entity $(bone_finger_left3) {transformation: [0.0656f,0.8523f,0.5189f,0.544f,0.9926f,-0.0023f,-0.1217f,0.3378f,-0.1025f,0.523f,-0.8462f,0.1691f,0f,0f,0f,1f],start_interpolation: 0,interpolation_duration: 1}
$data merge entity $(bone_thumb_left2) {transformation: [-0.6975f,0.71f,0.0969f,0.3785f,0.2804f,0.1461f,0.9487f,0.3529f,0.6594f,0.6889f,-0.301f,0.3343f,0f,0f,0f,1f],start_interpolation: 0,interpolation_duration: 1}
$data merge entity $(bone_thumb_left) {transformation: [-0.63f,0.71f,0.3147f,0.4375f,0.5689f,0.1461f,0.8093f,0.4363f,0.5286f,0.6889f,-0.4959f,0.2558f,0f,0f,0f,1f],start_interpolation: 0,interpolation_duration: 1}
$data merge entity $(bone_hand_left) {transformation: [-0.3581f,0.7763f,0.5189f,0.4153f,0.8679f,0.4816f,-0.1217f,0.449f,-0.3444f,0.4067f,-0.8462f,0.1295f,0f,0f,0f,1f],start_interpolation: 0,interpolation_duration: 1}
$data merge entity $(bone_arm_left2) {transformation: [-0.4359f,0.7763f,0.4554f,0.3348f,0.8762f,0.4816f,0.0177f,0.6692f,-0.2056f,0.4067f,-0.8901f,0.0225f,0f,0f,0f,1f],start_interpolation: 0,interpolation_duration: 1}
$data merge entity $(bone_arm_left) {transformation: [-0.4806f,0.7763f,0.4079f,0.1891f,0.8697f,0.4816f,0.1081f,0.8798f,-0.1125f,0.4067f,-0.9066f,0.051f,0f,0f,0f,1f],start_interpolation: 0,interpolation_duration: 1}
$data merge entity $(bone_finger_right2) {transformation: [0.8804f,-0.3046f,0.3634f,-0.5555f,-0.3121f,-0.9492f,-0.0395f,0.3045f,0.357f,-0.0786f,-0.9308f,-0.1352f,0f,0f,0f,1f],start_interpolation: 0,interpolation_duration: 1}
$data merge entity $(bone_finger_right) {transformation: [0.2604f,-0.8945f,0.3634f,-0.5881f,-0.955f,-0.294f,-0.0395f,0.4239f,0.1422f,-0.3368f,-0.9308f,-0.1529f,0f,0f,0f,1f],start_interpolation: 0,interpolation_duration: 1}
$data merge entity $(bone_finger_right4) {transformation: [0.9306f,-0.0424f,0.3634f,-0.5107f,-0.0301f,-0.9988f,-0.0395f,0.305f,0.3647f,0.0259f,-0.9308f,-0.2184f,0f,0f,0f,1f],start_interpolation: 0,interpolation_duration: 1}
$data merge entity $(bone_finger_right3) {transformation: [0.3463f,-0.8649f,0.3634f,-0.554f,-0.9218f,-0.3857f,-0.0395f,0.4202f,0.1744f,-0.3213f,-0.9308f,-0.2402f,0f,0f,0f,1f],start_interpolation: 0,interpolation_duration: 1}
$data merge entity $(bone_thumb_right2) {transformation: [-0.0759f,-0.9949f,-0.067f,-0.538f,0.3151f,-0.0877f,0.945f,0.4038f,-0.946f,0.0506f,0.3201f,-0.0065f,0f,0f,0f,1f],start_interpolation: 0,interpolation_duration: 1}
$data merge entity $(bone_thumb_right) {transformation: [-0.0048f,-0.9949f,-0.1011f,-0.5508f,-0.4589f,-0.0877f,0.8842f,0.5f,-0.8885f,0.0506f,-0.4561f,-0.0912f,0f,0f,0f,1f],start_interpolation: 0,interpolation_duration: 1}
$data merge entity $(bone_hand_right) {transformation: [-0.5794f,-0.7295f,0.3634f,-0.4349f,-0.7919f,0.6093f,-0.0395f,0.5077f,-0.1926f,-0.3107f,-0.9308f,-0.147f,0f,0f,0f,1f],start_interpolation: 0,interpolation_duration: 1}
$data merge entity $(bone_arm_right2) {transformation: [-0.5727f,-0.7295f,0.374f,-0.2684f,-0.7925f,0.6093f,-0.0251f,0.7043f,-0.2095f,-0.3107f,-0.9271f,-0.1526f,0f,0f,0f,1f],start_interpolation: 0,interpolation_duration: 1}
$data merge entity $(bone_arm_right) {transformation: [-0.4646f,-0.7295f,0.5019f,-0.1836f,-0.7749f,0.6093f,0.1683f,0.8875f,-0.4286f,-0.3107f,-0.8484f,0.0076f,0f,0f,0f,1f],start_interpolation: 0,interpolation_duration: 1}
$data merge entity $(bone_torso) {transformation: [-0.9969f,0.0088f,0.0782f,0f,0.0165f,0.995f,0.0989f,0.5727f,-0.0769f,0.0999f,-0.992f,-0.0019f,0f,0f,0f,1f],start_interpolation: 0,interpolation_duration: 1}
$data merge entity $(bone_foot_right) {transformation: [-0.9988f,0.0242f,0.0432f,-0.1562f,0.0263f,0.9985f,0.0489f,0.2241f,-0.0419f,0.05f,-0.9979f,0.0228f,0f,0f,0f,1f],start_interpolation: 0,interpolation_duration: 1}
$data merge entity $(bone_leg_right3) {transformation: [-1f,0f,0f,-0.1562f,0f,0.9349f,0.355f,0.3334f,0f,0.355f,-0.9349f,0.1311f,0f,0f,0f,1f],start_interpolation: 0,interpolation_duration: 1}
$data merge entity $(bone_leg_right2) {transformation: [-1f,0f,0f,-0.1562f,0f,0.9643f,-0.2647f,0.4758f,0f,-0.2647f,-0.9643f,0.0596f,0f,0f,0f,1f],start_interpolation: 0,interpolation_duration: 1}
$data merge entity $(bone_leg_right) {transformation: [-1f,0f,0f,-0.125f,0f,0.9643f,-0.2647f,0.5662f,0f,-0.2647f,-0.9643f,0.0348f,0f,0f,0f,1f],start_interpolation: 0,interpolation_duration: 1}
$data merge entity $(bone_foot_left) {transformation: [-1f,0f,0f,0.1563f,0f,0.9936f,0.1129f,0.1357f,0f,0.1129f,-0.9936f,-0.1399f,0f,0f,0f,1f],start_interpolation: 0,interpolation_duration: 1}
$data merge entity $(bone_leg_left3) {transformation: [-1f,0f,0f,0.1563f,0f,0.9865f,0.1638f,0.2642f,0f,0.1638f,-0.9865f,-0.0552f,0f,0f,0f,1f],start_interpolation: 0,interpolation_duration: 1}
$data merge entity $(bone_leg_left2) {transformation: [-1f,0f,0f,0.1563f,0f,0.982f,0.1889f,0.4236f,0f,0.1889f,-0.982f,-0.0564f,0f,0f,0f,1f],start_interpolation: 0,interpolation_duration: 1}
$data merge entity $(bone_leg_left) {transformation: [-1f,0f,0f,0.125f,0f,0.982f,0.1889f,0.5156f,0f,0.1889f,-0.982f,-0.0387f,0f,0f,0f,1f],start_interpolation: 0,interpolation_duration: 1}