# This file was generated by Animated Java via MC-Build. It is not recommended to edit this file directly.
$data merge entity $(bone_eyelid_right) {transformation: [-0.9967f,0.0781f,-0.02f,-0.107f,0.0765f,0.9947f,0.0681f,1.2105f,0.0253f,0.0663f,-0.9975f,0.2922f,0f,0f,0f,1f],start_interpolation: 0,interpolation_duration: 1}
$data merge entity $(bone_eye_right) {transformation: [-0.9967f,0.0781f,-0.02f,-0.107f,0.0765f,0.9947f,0.0681f,1.2106f,0.0253f,0.0663f,-0.9975f,0.2906f,0f,0f,0f,1f],start_interpolation: 0,interpolation_duration: 1}
$data merge entity $(bone_eyelid_left) {transformation: [-0.9952f,-0.0962f,-0.02f,-0.106f,-0.0974f,0.9929f,0.0681f,1.1916f,0.0134f,0.0697f,-0.9975f,0.2893f,0f,0f,0f,1f],start_interpolation: 0,interpolation_duration: 1}
$data merge entity $(bone_eye_left) {transformation: [-0.9952f,-0.0962f,-0.02f,0.1117f,-0.0974f,0.9929f,0.0681f,1.2129f,0.0134f,0.0697f,-0.9975f,0.2864f,0f,0f,0f,1f],start_interpolation: 0,interpolation_duration: 1}
$data merge entity $(bone_mouth_closed) {transformation: [-0.9998f,-0.0091f,-0.02f,-0.0316f,-0.0105f,0.9976f,0.0681f,1.0393f,0.0194f,0.0683f,-0.9975f,0.0575f,0f,0f,0f,1f],start_interpolation: 0,interpolation_duration: 1}
$data merge entity $(bone_mouth_open) {transformation: [-0.9998f,-0.0091f,-0.02f,-0.0314f,-0.0105f,0.9976f,0.0681f,1.0086f,0.0194f,0.0683f,-0.9975f,0.0491f,0f,0f,0f,1f],start_interpolation: 0,interpolation_duration: 1}
$data merge entity $(bone_head) {transformation: [-0.9998f,-0.0091f,-0.02f,-0.0001f,-0.0105f,0.9976f,0.0681f,1.0085f,0.0194f,0.0683f,-0.9975f,0.0547f,0f,0f,0f,1f],start_interpolation: 0,interpolation_duration: 1}
$data merge entity $(bone_neck) {transformation: [-0.9904f,-0.007f,0.1379f,0.0005f,0.0168f,0.9852f,0.1706f,0.9315f,-0.1371f,0.1712f,-0.9756f,0.0413f,0f,0f,0f,1f],start_interpolation: 0,interpolation_duration: 1}
$data merge entity $(bone_finger_left2) {transformation: [0.1998f,0.7718f,0.6037f,0.4598f,0.9786f,-0.1267f,-0.1619f,0.227f,-0.0485f,0.6231f,-0.7806f,0.3285f,0f,0f,0f,1f],start_interpolation: 0,interpolation_duration: 1}
$data merge entity $(bone_finger_left) {transformation: [-0.0448f,0.796f,0.6037f,0.4543f,0.9707f,0.1774f,-0.1619f,0.3483f,-0.236f,0.5787f,-0.7806f,0.299f,0f,0f,0f,1f],start_interpolation: 0,interpolation_duration: 1}
$data merge entity $(bone_finger_left4) {transformation: [0.5257f,0.5993f,0.6037f,0.4996f,0.8169f,-0.5535f,-0.1619f,0.2098f,0.2371f,0.5783f,-0.7806f,0.2427f,0f,0f,0f,1f],start_interpolation: 0,interpolation_duration: 1}
$data merge entity $(bone_finger_left3) {transformation: [0.09f,0.7922f,0.6037f,0.5108f,0.9867f,0.0113f,-0.1619f,0.3332f,-0.1351f,0.6102f,-0.7806f,0.2258f,0f,0f,0f,1f],start_interpolation: 0,interpolation_duration: 1}
$data merge entity $(bone_thumb_left2) {transformation: [-0.7457f,0.6439f,0.1711f,0.3306f,0.3475f,0.1568f,0.9245f,0.3588f,0.5684f,0.7489f,-0.3407f,0.3735f,0f,0f,0f,1f],start_interpolation: 0,interpolation_duration: 1}
$data merge entity $(bone_thumb_left) {transformation: [-0.6623f,0.6439f,0.3831f,0.3992f,0.6043f,0.1568f,0.7812f,0.4375f,0.4429f,0.7489f,-0.493f,0.298f,0f,0f,0f,1f],start_interpolation: 0,interpolation_duration: 1}
$data merge entity $(bone_hand_left) {transformation: [-0.2851f,0.7445f,0.6037f,0.3915f,0.8706f,0.4646f,-0.1619f,0.4477f,-0.401f,0.4794f,-0.7806f,0.1698f,0f,0f,0f,1f],start_interpolation: 0,interpolation_duration: 1}
$data merge entity $(bone_arm_left2) {transformation: [-0.384f,0.7445f,0.5461f,0.3296f,0.8854f,0.4646f,-0.0109f,0.6684f,-0.2618f,0.4794f,-0.8376f,0.052f,0f,0f,0f,1f],start_interpolation: 0,interpolation_duration: 1}
$data merge entity $(bone_arm_left) {transformation: [-0.4578f,0.7445f,0.4859f,0.1848f,0.878f,0.4646f,0.1152f,0.8807f,-0.14f,0.4794f,-0.8664f,0.0711f,0f,0f,0f,1f],start_interpolation: 0,interpolation_duration: 1}
$data merge entity $(bone_finger_right2) {transformation: [0.7961f,-0.362f,0.485f,-0.5342f,-0.4311f,-0.9016f,0.0347f,0.3009f,0.4247f,-0.2367f,-0.8739f,-0.2151f,0f,0f,0f,1f],start_interpolation: 0,interpolation_duration: 1}
$data merge entity $(bone_finger_right) {transformation: [0.2186f,-0.8468f,0.485f,-0.5615f,-0.9723f,-0.2311f,0.0347f,0.4224f,0.0827f,-0.4791f,-0.8739f,-0.2255f,0f,0f,0f,1f],start_interpolation: 0,interpolation_duration: 1}
$data merge entity $(bone_finger_right4) {transformation: [0.8681f,-0.1061f,0.485f,-0.4779f,-0.1404f,-0.9895f,0.0347f,0.3078f,0.4762f,-0.0982f,-0.8739f,-0.2909f,0f,0f,0f,1f],start_interpolation: 0,interpolation_duration: 1}
$data merge entity $(bone_finger_right3) {transformation: [0.3057f,-0.8194f,0.485f,-0.5161f,-0.9429f,-0.3313f,0.0347f,0.4257f,0.1323f,-0.4679f,-0.8739f,-0.3074f,0f,0f,0f,1f],start_interpolation: 0,interpolation_duration: 1}
$data merge entity $(bone_thumb_right2) {transformation: [0.075f,-0.9913f,-0.1084f,-0.5359f,0.3359f,-0.0773f,0.9387f,0.3929f,-0.9389f,-0.1068f,0.3271f,-0.0758f,0f,0f,0f,1f],start_interpolation: 0,interpolation_duration: 1}
$data merge entity $(bone_thumb_right) {transformation: [0.1288f,-0.9913f,-0.028f,-0.5354f,-0.3956f,-0.0773f,0.9152f,0.4949f,-0.9094f,-0.1068f,-0.4021f,-0.1544f,0f,0f,0f,1f],start_interpolation: 0,interpolation_duration: 1}
$data merge entity $(bone_hand_right) {transformation: [-0.5215f,-0.702f,0.485f,-0.4135f,-0.7906f,0.6113f,0.0347f,0.5094f,-0.3208f,-0.3653f,-0.8739f,-0.1935f,0f,0f,0f,1f],start_interpolation: 0,interpolation_duration: 1}
$data merge entity $(bone_arm_right2) {transformation: [-0.5259f,-0.702f,0.4802f,-0.252f,-0.7909f,0.6113f,0.0275f,0.7088f,-0.3128f,-0.3653f,-0.8767f,-0.1701f,0f,0f,0f,1f],start_interpolation: 0,interpolation_duration: 1}
$data merge entity $(bone_arm_right) {transformation: [-0.4164f,-0.702f,0.5777f,-0.184f,-0.7685f,0.6113f,0.1889f,0.8891f,-0.4858f,-0.3653f,-0.7941f,0.001f,0f,0f,0f,1f],start_interpolation: 0,interpolation_duration: 1}
$data merge entity $(bone_torso) {transformation: [-0.9904f,0.0013f,0.1381f,0f,0.0168f,0.9937f,0.111f,0.5744f,-0.1371f,0.1123f,-0.9842f,0.001f,0f,0f,0f,1f],start_interpolation: 0,interpolation_duration: 1}
$data merge entity $(bone_foot_right) {transformation: [-0.9982f,0.0255f,0.0542f,-0.1562f,0.0135f,0.9773f,-0.2115f,0.1957f,-0.0583f,-0.2104f,-0.9759f,0.0827f,0f,0f,0f,1f],start_interpolation: 0,interpolation_duration: 1}
$data merge entity $(bone_leg_right3) {transformation: [-1f,0f,0f,-0.1562f,0f,0.9953f,0.0972f,0.3296f,0f,0.0972f,-0.9953f,0.1585f,0f,0f,0f,1f],start_interpolation: 0,interpolation_duration: 1}
$data merge entity $(bone_leg_right2) {transformation: [-1f,0f,0f,-0.1562f,0f,0.9468f,-0.3218f,0.4675f,0f,-0.3218f,-0.9468f,0.0787f,0f,0f,0f,1f],start_interpolation: 0,interpolation_duration: 1}
$data merge entity $(bone_leg_right) {transformation: [-1f,0f,0f,-0.125f,0f,0.9468f,-0.3218f,0.5562f,0f,-0.3218f,-0.9468f,0.0485f,0f,0f,0f,1f],start_interpolation: 0,interpolation_duration: 1}
$data merge entity $(bone_foot_left) {transformation: [-1f,0f,0f,0.1563f,0f,0.9859f,0.1674f,0.1411f,0f,0.1674f,-0.9859f,-0.169f,0f,0f,0f,1f],start_interpolation: 0,interpolation_duration: 1}
$data merge entity $(bone_leg_left3) {transformation: [-1f,0f,0f,0.1563f,0f,0.9783f,0.207f,0.2657f,0f,0.207f,-0.9783f,-0.0787f,0f,0f,0f,1f],start_interpolation: 0,interpolation_duration: 1}
$data merge entity $(bone_leg_left2) {transformation: [-1f,0f,0f,0.1563f,0f,0.9683f,0.2498f,0.4248f,0f,0.2498f,-0.9683f,-0.07f,0f,0f,0f,1f],start_interpolation: 0,interpolation_duration: 1}
$data merge entity $(bone_leg_left) {transformation: [-1f,0f,0f,0.125f,0f,0.9683f,0.2498f,0.5156f,0f,0.2498f,-0.9683f,-0.0465f,0f,0f,0f,1f],start_interpolation: 0,interpolation_duration: 1}