# This file was generated by Animated Java via MC-Build. It is not recommended to edit this file directly.
$data merge entity $(bone_eyelid_right) {transformation: [-0.9977f,0.0682f,0.0059f,-0.1184f,0.0684f,0.9949f,0.074f,1.2091f,-0.0008f,0.0742f,-0.9972f,0.2968f,0f,0f,0f,1f],start_interpolation: 0,interpolation_duration: 1}
$data merge entity $(bone_eye_right) {transformation: [-0.9977f,0.0682f,0.0059f,-0.1184f,0.0684f,0.9949f,0.074f,1.2092f,-0.0008f,0.0742f,-0.9972f,0.2953f,0f,0f,0f,1f],start_interpolation: 0,interpolation_duration: 1}
$data merge entity $(bone_eyelid_left) {transformation: [-0.9943f,-0.1061f,0.0059f,-0.1172f,-0.1054f,0.9917f,0.074f,1.1903f,-0.0137f,0.073f,-0.9972f,0.2939f,0f,0f,0f,1f],start_interpolation: 0,interpolation_duration: 1}
$data merge entity $(bone_eye_left) {transformation: [-0.9943f,-0.1061f,0.0059f,0.1003f,-0.1054f,0.9917f,0.074f,1.2133f,-0.0137f,0.073f,-0.9972f,0.2968f,0f,0f,0f,1f],start_interpolation: 0,interpolation_duration: 1}
$data merge entity $(bone_mouth_closed) {transformation: [-0.9998f,-0.0191f,0.0059f,-0.0354f,-0.0186f,0.9971f,0.074f,1.04f,-0.0073f,0.0739f,-0.9972f,0.0632f,0f,0f,0f,1f],start_interpolation: 0,interpolation_duration: 1}
$data merge entity $(bone_mouth_open) {transformation: [-0.9998f,-0.0191f,0.0059f,-0.0348f,-0.0186f,0.9971f,0.074f,1.0093f,-0.0073f,0.0739f,-0.9972f,0.0547f,0f,0f,0f,1f],start_interpolation: 0,interpolation_duration: 1}
$data merge entity $(bone_head) {transformation: [-0.9998f,-0.0191f,0.0059f,-0.0036f,-0.0186f,0.9971f,0.074f,1.0094f,-0.0073f,0.0739f,-0.9972f,0.0611f,0f,0f,0f,1f],start_interpolation: 0,interpolation_duration: 1}
$data merge entity $(bone_neck) {transformation: [-0.9818f,-0.0196f,0.189f,-0.0021f,0.0169f,0.9817f,0.1898f,0.9327f,-0.1893f,0.1895f,-0.9635f,0.0463f,0f,0f,0f,1f],start_interpolation: 0,interpolation_duration: 1}
$data merge entity $(bone_finger_left2) {transformation: [0.2012f,0.7279f,0.6555f,0.4184f,0.9755f,-0.0881f,-0.2016f,0.2292f,-0.089f,0.68f,-0.7278f,0.371f,0f,0f,0f,1f],start_interpolation: 0,interpolation_duration: 1}
$data merge entity $(bone_finger_left) {transformation: [-0.0107f,0.7551f,0.6555f,0.4171f,0.9612f,0.1886f,-0.2016f,0.3493f,-0.2758f,0.6279f,-0.7278f,0.3366f,0f,0f,0f,1f],start_interpolation: 0,interpolation_duration: 1}
$data merge entity $(bone_finger_left4) {transformation: [0.5112f,0.5559f,0.6555f,0.4637f,0.8278f,-0.5235f,-0.2016f,0.208f,0.2312f,0.6457f,-0.7278f,0.2889f,0f,0f,0f,1f],start_interpolation: 0,interpolation_duration: 1}
$data merge entity $(bone_finger_left3) {transformation: [0.1188f,0.7458f,0.6555f,0.4785f,0.9792f,0.0212f,-0.2016f,0.3304f,-0.1642f,0.6659f,-0.7278f,0.2683f,0f,0f,0f,1f],start_interpolation: 0,interpolation_duration: 1}
$data merge entity $(bone_thumb_left2) {transformation: [-0.7665f,0.5974f,0.2358f,0.2899f,0.4056f,0.1655f,0.8989f,0.3662f,0.4979f,0.7847f,-0.3692f,0.4027f,0f,0f,0f,1f],start_interpolation: 0,interpolation_duration: 1}
$data merge entity $(bone_thumb_left) {transformation: [-0.672f,0.5974f,0.4378f,0.3656f,0.6374f,0.1655f,0.7525f,0.4403f,0.3771f,0.7847f,-0.492f,0.3294f,0f,0f,0f,1f],start_interpolation: 0,interpolation_duration: 1}
$data merge entity $(bone_hand_left) {transformation: [-0.2217f,0.7219f,0.6555f,0.3681f,0.8699f,0.4501f,-0.2016f,0.4476f,-0.4406f,0.5256f,-0.7278f,0.2008f,0f,0f,0f,1f],start_interpolation: 0,interpolation_duration: 1}
$data merge entity $(bone_arm_left2) {transformation: [-0.332f,0.7219f,0.6072f,0.323f,0.8917f,0.4501f,-0.0477f,0.6676f,-0.3077f,0.5256f,-0.7932f,0.0743f,0f,0f,0f,1f],start_interpolation: 0,interpolation_duration: 1}
$data merge entity $(bone_arm_left) {transformation: [-0.4373f,0.7219f,0.5363f,0.1802f,0.8854f,0.4501f,0.116f,0.8817f,-0.1577f,0.5256f,-0.836f,0.0871f,0f,0f,0f,1f],start_interpolation: 0,interpolation_duration: 1}
$data merge entity $(bone_finger_right2) {transformation: [0.7147f,-0.4062f,0.5694f,-0.5076f,-0.5513f,-0.8281f,0.1012f,0.2947f,0.4304f,-0.3862f,-0.8158f,-0.2758f,0f,0f,0f,1f],start_interpolation: 0,interpolation_duration: 1}
$data merge entity $(bone_finger_right) {transformation: [0.192f,-0.7994f,0.5694f,-0.5316f,-0.9813f,-0.1636f,0.1012f,0.4173f,0.0123f,-0.5781f,-0.8158f,-0.2773f,0f,0f,0f,1f],start_interpolation: 0,interpolation_duration: 1}
$data merge entity $(bone_finger_right4) {transformation: [0.8071f,-0.1564f,0.5694f,-0.4431f,-0.2576f,-0.9609f,0.1012f,0.3072f,0.5313f,-0.2284f,-0.8158f,-0.3442f,0f,0f,0f,1f],start_interpolation: 0,interpolation_duration: 1}
$data merge entity $(bone_finger_right3) {transformation: [0.2807f,-0.7727f,0.5694f,-0.4782f,-0.9567f,-0.273f,0.1012f,0.4268f,0.0772f,-0.5731f,-0.8158f,-0.3538f,0f,0f,0f,1f],start_interpolation: 0,interpolation_duration: 1}
$data merge entity $(bone_thumb_right2) {transformation: [0.1961f,-0.9712f,-0.1352f,-0.526f,0.3402f,-0.0619f,0.9383f,0.3799f,-0.9197f,-0.23f,0.3182f,-0.1288f,0f,0f,0f,1f],start_interpolation: 0,interpolation_duration: 1}
$data merge entity $(bone_thumb_right) {transformation: [0.2372f,-0.9712f,0.0217f,-0.5159f,-0.3392f,-0.0619f,0.9387f,0.4867f,-0.9103f,-0.23f,-0.3441f,-0.2003f,0f,0f,0f,1f],start_interpolation: 0,interpolation_duration: 1}
$data merge entity $(bone_hand_right) {transformation: [-0.4522f,-0.6865f,0.5694f,-0.3913f,-0.7902f,0.6044f,0.1012f,0.5078f,-0.4136f,-0.4041f,-0.8158f,-0.2257f,0f,0f,0f,1f],start_interpolation: 0,interpolation_duration: 1}
$data merge entity $(bone_arm_right2) {transformation: [-0.4726f,-0.6865f,0.5526f,-0.2386f,-0.7933f,0.6044f,0.0725f,0.7106f,-0.3838f,-0.4041f,-0.8303f,-0.1816f,0f,0f,0f,1f],start_interpolation: 0,interpolation_duration: 1}
$data merge entity $(bone_arm_right) {transformation: [-0.3752f,-0.6865f,0.6228f,-0.1838f,-0.7706f,0.6044f,0.2021f,0.8906f,-0.5152f,-0.4041f,-0.7558f,-0.0056f,0f,0f,0f,1f],start_interpolation: 0,interpolation_duration: 1}
$data merge entity $(bone_torso) {transformation: [-0.9818f,-0.0058f,0.19f,0f,0.0169f,0.9929f,0.1176f,0.5759f,-0.1893f,0.1187f,-0.9747f,0.0037f,0f,0f,0f,1f],start_interpolation: 0,interpolation_duration: 1}
$data merge entity $(bone_foot_right) {transformation: [-0.9982f,-0.0114f,0.0592f,-0.1562f,-0.0273f,0.9613f,-0.2741f,0.1742f,-0.0538f,-0.2752f,-0.9599f,0.1377f,0f,0f,0f,1f],start_interpolation: 0,interpolation_duration: 1}
$data merge entity $(bone_leg_right3) {transformation: [-1f,0f,0f,-0.1562f,0f,0.9895f,-0.1444f,0.3224f,0f,-0.1444f,-0.9895f,0.1792f,0f,0f,0f,1f],start_interpolation: 0,interpolation_duration: 1}
$data merge entity $(bone_leg_right2) {transformation: [-1f,0f,0f,-0.1562f,0f,0.9318f,-0.363f,0.4566f,0f,-0.363f,-0.9318f,0.0934f,0f,0f,0f,1f],start_interpolation: 0,interpolation_duration: 1}
$data merge entity $(bone_leg_right) {transformation: [-1f,0f,0f,-0.125f,0f,0.9318f,-0.363f,0.544f,0f,-0.363f,-0.9318f,0.0594f,0f,0f,0f,1f],start_interpolation: 0,interpolation_duration: 1}
$data merge entity $(bone_foot_left) {transformation: [-1f,0f,0f,0.1563f,0f,0.9743f,0.2255f,0.1469f,0f,0.2255f,-0.9743f,-0.1925f,0f,0f,0f,1f],start_interpolation: 0,interpolation_duration: 1}
$data merge entity $(bone_leg_left3) {transformation: [-1f,0f,0f,0.1563f,0f,0.9691f,0.2467f,0.2678f,0f,0.2467f,-0.9691f,-0.0973f,0f,0f,0f,1f],start_interpolation: 0,interpolation_duration: 1}
$data merge entity $(bone_leg_left2) {transformation: [-1f,0f,0f,0.1563f,0f,0.9539f,0.3002f,0.4262f,0f,0.3002f,-0.9539f,-0.0802f,0f,0f,0f,1f],start_interpolation: 0,interpolation_duration: 1}
$data merge entity $(bone_leg_left) {transformation: [-1f,0f,0f,0.125f,0f,0.9539f,0.3002f,0.5156f,0f,0.3002f,-0.9539f,-0.052f,0f,0f,0f,1f],start_interpolation: 0,interpolation_duration: 1}