# This file was generated by Animated Java via MC-Build. It is not recommended to edit this file directly.
$data merge entity $(bone_eyelid_right) {transformation: [-0.9954f,0.0568f,0.0769f,-0.1396f,0.0608f,0.9968f,0.0515f,1.2163f,-0.0737f,0.0559f,-0.9957f,0.2788f,0f,0f,0f,1f],start_interpolation: 0,interpolation_duration: 1}
$data merge entity $(bone_eye_right) {transformation: [-0.9954f,0.0568f,0.0769f,-0.1395f,0.0608f,0.9968f,0.0515f,1.2164f,-0.0737f,0.0559f,-0.9957f,0.2772f,0f,0f,0f,1f],start_interpolation: 0,interpolation_duration: 1}
$data merge entity $(bone_eyelid_left) {transformation: [-0.9902f,-0.117f,0.0769f,-0.1381f,-0.1132f,0.9922f,0.0515f,1.1973f,-0.0823f,0.0423f,-0.9957f,0.2764f,0f,0f,0f,1f],start_interpolation: 0,interpolation_duration: 1}
$data merge entity $(bone_eye_left) {transformation: [-0.9902f,-0.117f,0.0769f,0.0785f,-0.1132f,0.9922f,0.0515f,1.2221f,-0.0823f,0.0423f,-0.9957f,0.2944f,0f,0f,0f,1f],start_interpolation: 0,interpolation_duration: 1}
$data merge entity $(bone_mouth_closed) {transformation: [-0.9966f,-0.0302f,0.0769f,-0.0391f,-0.0263f,0.9983f,0.0515f,1.0425f,-0.0783f,0.0493f,-0.9957f,0.0557f,0f,0f,0f,1f],start_interpolation: 0,interpolation_duration: 1}
$data merge entity $(bone_mouth_open) {transformation: [-0.9966f,-0.0302f,0.0769f,-0.0376f,-0.0263f,0.9983f,0.0515f,1.0116f,-0.0783f,0.0493f,-0.9957f,0.0479f,0f,0f,0f,1f],start_interpolation: 0,interpolation_duration: 1}
$data merge entity $(bone_head) {transformation: [-0.9966f,-0.0302f,0.0769f,-0.007f,-0.0263f,0.9983f,0.0515f,1.0121f,-0.0783f,0.0493f,-0.9957f,0.0566f,0f,0f,0f,1f],start_interpolation: 0,interpolation_duration: 1}
$data merge entity $(bone_neck) {transformation: [-0.9616f,-0.0421f,0.2712f,-0.0037f,0.0167f,0.9773f,0.2111f,0.9358f,-0.2739f,0.2075f,-0.9391f,0.0404f,0f,0f,0f,1f],start_interpolation: 0,interpolation_duration: 1}
$data merge entity $(bone_finger_left2) {transformation: [0.2819f,0.7071f,0.6485f,0.3734f,0.9518f,-0.121f,-0.2818f,0.2496f,-0.1208f,0.6967f,-0.7071f,0.4192f,0f,0f,0f,1f],start_interpolation: 0,interpolation_duration: 1}
$data merge entity $(bone_finger_left) {transformation: [0.0563f,0.7591f,0.6485f,0.3805f,0.9442f,0.1707f,-0.2818f,0.3676f,-0.3246f,0.6282f,-0.7071f,0.3786f,0f,0f,0f,1f],start_interpolation: 0,interpolation_duration: 1}
$data merge entity $(bone_finger_left4) {transformation: [0.5705f,0.504f,0.6485f,0.4183f,0.7949f,-0.5373f,-0.2818f,0.2213f,0.2064f,0.6763f,-0.7071f,0.3391f,0f,0f,0f,1f],start_interpolation: 0,interpolation_duration: 1}
$data merge entity $(bone_finger_left3) {transformation: [0.1837f,0.7387f,0.6485f,0.4413f,0.9594f,0.0088f,-0.2818f,0.3412f,-0.2139f,0.674f,-0.7071f,0.3123f,0f,0f,0f,1f],start_interpolation: 0,interpolation_duration: 1}
$data merge entity $(bone_thumb_left2) {transformation: [-0.7548f,0.5937f,0.2791f,0.2528f,0.4604f,0.1763f,0.87f,0.3949f,0.4673f,0.7852f,-0.4064f,0.4409f,0f,0f,0f,1f],start_interpolation: 0,interpolation_duration: 1}
$data merge entity $(bone_thumb_left) {transformation: [-0.6407f,0.5937f,0.4869f,0.3337f,0.6939f,0.1763f,0.6981f,0.4605f,0.3286f,0.7852f,-0.5249f,0.365f,0f,0f,0f,1f],start_interpolation: 0,interpolation_duration: 1}
$data merge entity $(bone_hand_left) {transformation: [-0.1745f,0.741f,0.6485f,0.3373f,0.8492f,0.4466f,-0.2818f,0.4592f,-0.4984f,0.5015f,-0.7071f,0.2362f,0f,0f,0f,1f],start_interpolation: 0,interpolation_duration: 1}
$data merge entity $(bone_arm_left2) {transformation: [-0.255f,0.741f,0.6213f,0.3124f,0.878f,0.4466f,-0.1723f,0.6679f,-0.4051f,0.5015f,-0.7644f,0.0872f,0f,0f,0f,1f],start_interpolation: 0,interpolation_duration: 1}
$data merge entity $(bone_arm_left) {transformation: [-0.4244f,0.741f,0.5204f,0.1738f,0.8902f,0.4466f,0.0901f,0.8848f,-0.1657f,0.5015f,-0.8491f,0.0988f,0f,0f,0f,1f],start_interpolation: 0,interpolation_duration: 1}
$data merge entity $(bone_finger_right2) {transformation: [0.5197f,-0.6f,0.6083f,-0.4791f,-0.8355f,-0.5056f,0.215f,0.2613f,0.1785f,-0.62f,-0.764f,-0.3281f,0f,0f,0f,1f],start_interpolation: 0,interpolation_duration: 1}
$data merge entity $(bone_finger_right) {transformation: [0.113f,-0.7856f,0.6083f,-0.4932f,-0.9763f,0.0261f,0.215f,0.3833f,-0.1848f,-0.6181f,-0.764f,-0.305f,0f,0f,0f,1f],start_interpolation: 0,interpolation_duration: 1}
$data merge entity $(bone_finger_right4) {transformation: [0.7102f,-0.3544f,0.6083f,-0.4085f,-0.5773f,-0.7877f,0.215f,0.2822f,0.4029f,-0.5039f,-0.764f,-0.3887f,0f,0f,0f,1f],start_interpolation: 0,interpolation_duration: 1}
$data merge entity $(bone_finger_right3) {transformation: [0.2217f,-0.7621f,0.6083f,-0.4362f,-0.9703f,-0.1106f,0.215f,0.4035f,-0.0966f,-0.6379f,-0.764f,-0.3766f,0f,0f,0f,1f],start_interpolation: 0,interpolation_duration: 1}
$data merge entity $(bone_thumb_right2) {transformation: [0.339f,-0.9373f,-0.0807f,-0.5129f,0.2445f,0.005f,0.9696f,0.3359f,-0.9084f,-0.3484f,0.2309f,-0.1655f,0f,0f,0f,1f],start_interpolation: 0,interpolation_duration: 1}
$data merge entity $(bone_thumb_right) {transformation: [0.336f,-0.9373f,0.0925f,-0.4909f,-0.2524f,0.005f,0.9676f,0.4489f,-0.9074f,-0.3484f,-0.2349f,-0.2233f,0f,0f,0f,1f],start_interpolation: 0,interpolation_duration: 1}
$data merge entity $(bone_hand_right) {transformation: [-0.3295f,-0.7221f,0.6083f,-0.3681f,-0.8073f,0.5495f,0.215f,0.4852f,-0.4895f,-0.4202f,-0.764f,-0.238f,0f,0f,0f,1f],start_interpolation: 0,interpolation_duration: 1}
$data merge entity $(bone_arm_right2) {transformation: [-0.3942f,-0.7221f,0.5685f,-0.234f,-0.826f,0.5495f,0.1253f,0.6996f,-0.4028f,-0.4202f,-0.8131f,-0.1881f,0f,0f,0f,1f],start_interpolation: 0,interpolation_duration: 1}
$data merge entity $(bone_arm_right) {transformation: [-0.3627f,-0.7221f,0.5891f,-0.1802f,-0.818f,0.5495f,0.17f,0.8934f,-0.4464f,-0.4202f,-0.79f,-0.0271f,0f,0f,0f,1f],start_interpolation: 0,interpolation_duration: 1}
$data merge entity $(bone_torso) {transformation: [-0.9616f,-0.0103f,0.2742f,0f,0.0167f,0.9952f,0.096f,0.5781f,-0.2739f,0.0969f,-0.9569f,0.0056f,0f,0f,0f,1f],start_interpolation: 0,interpolation_duration: 1}
$data merge entity $(bone_foot_right) {transformation: [-1f,0f,0f,-0.1562f,0f,0.9999f,-0.0142f,0.1234f,0f,-0.0142f,-0.9999f,0.1002f,0f,0f,0f,1f],start_interpolation: 0,interpolation_duration: 1}
$data merge entity $(bone_leg_right3) {transformation: [-1f,0f,0f,-0.1562f,0f,0.9822f,-0.1876f,0.2733f,0f,-0.1876f,-0.9822f,0.1352f,0f,0f,0f,1f],start_interpolation: 0,interpolation_duration: 1}
$data merge entity $(bone_leg_right2) {transformation: [-1f,0f,0f,-0.1562f,0f,0.9884f,-0.1518f,0.423f,0f,-0.1518f,-0.9884f,0.0806f,0f,0f,0f,1f],start_interpolation: 0,interpolation_duration: 1}
$data merge entity $(bone_leg_right) {transformation: [-1f,0f,0f,-0.125f,0f,0.9884f,-0.1518f,0.5156f,0f,-0.1518f,-0.9884f,0.0663f,0f,0f,0f,1f],start_interpolation: 0,interpolation_duration: 1}
$data merge entity $(bone_foot_left) {transformation: [-1f,0f,0f,0.1563f,0f,0.8487f,0.5289f,0.1745f,0f,0.5289f,-0.8487f,-0.2149f,0f,0f,0f,1f],start_interpolation: 0,interpolation_duration: 1}
$data merge entity $(bone_leg_left3) {transformation: [-1f,0f,0f,0.1563f,0f,0.9338f,0.3578f,0.2835f,0f,0.3578f,-0.9338f,-0.1063f,0f,0f,0f,1f],start_interpolation: 0,interpolation_duration: 1}
$data merge entity $(bone_leg_left2) {transformation: [-1f,0f,0f,0.1563f,0f,0.9466f,0.3225f,0.4415f,0f,0.3225f,-0.9466f,-0.0854f,0f,0f,0f,1f],start_interpolation: 0,interpolation_duration: 1}
$data merge entity $(bone_leg_left) {transformation: [-1f,0f,0f,0.125f,0f,0.9466f,0.3225f,0.5302f,0f,0.3225f,-0.9466f,-0.0552f,0f,0f,0f,1f],start_interpolation: 0,interpolation_duration: 1}