# This file was generated by Animated Java via MC-Build. It is not recommended to edit this file directly.
$data merge entity $(bone_eyelid_right) {transformation: [-0.9915f,0.107f,0.0746f,-0.1153f,0.1097f,0.9934f,0.0339f,1.2185f,-0.0704f,0.0417f,-0.9966f,0.2536f,0f,0f,0f,1f],start_interpolation: 0,interpolation_duration: 1}
$data merge entity $(bone_eye_right) {transformation: [-0.9915f,0.107f,0.0746f,-0.1152f,0.1097f,0.9934f,0.0339f,1.2185f,-0.0704f,0.0417f,-0.9966f,0.252f,0f,0f,0f,1f],start_interpolation: 0,interpolation_duration: 1}
$data merge entity $(bone_eyelid_left) {transformation: [-0.995f,-0.0668f,0.0746f,-0.1148f,-0.0644f,0.9973f,0.0339f,1.1995f,-0.0766f,0.0289f,-0.9966f,0.2514f,0f,0f,0f,1f],start_interpolation: 0,interpolation_duration: 1}
$data merge entity $(bone_eye_left) {transformation: [-0.995f,-0.0668f,0.0746f,0.1029f,-0.0644f,0.9973f,0.0339f,1.2136f,-0.0766f,0.0289f,-0.9966f,0.2682f,0f,0f,0f,1f],start_interpolation: 0,interpolation_duration: 1}
$data merge entity $(bone_mouth_closed) {transformation: [-0.997f,0.0202f,0.0746f,-0.0248f,0.0227f,0.9992f,0.0339f,1.0369f,-0.0738f,0.0354f,-0.9966f,0.0325f,0f,0f,0f,1f],start_interpolation: 0,interpolation_duration: 1}
$data merge entity $(bone_mouth_open) {transformation: [-0.997f,0.0202f,0.0746f,-0.0249f,0.0227f,0.9992f,0.0339f,1.0058f,-0.0738f,0.0354f,-0.9966f,0.0252f,0f,0f,0f,1f],start_interpolation: 0,interpolation_duration: 1}
$data merge entity $(bone_head) {transformation: [-0.997f,0.0202f,0.0746f,0.0058f,0.0227f,0.9992f,0.0339f,1.0049f,-0.0738f,0.0354f,-0.9966f,0.0337f,0f,0f,0f,1f],start_interpolation: 0,interpolation_duration: 1}
$data merge entity $(bone_neck) {transformation: [-0.9999f,0.0127f,0.0115f,0.0048f,0.0141f,0.9909f,0.1336f,0.9275f,-0.0097f,0.1338f,-0.991f,0.0232f,0f,0f,0f,1f],start_interpolation: 0,interpolation_duration: 1}
$data merge entity $(bone_finger_left2) {transformation: [0.9765f,0.0805f,-0.1999f,0.5446f,0.0628f,-0.9936f,-0.0933f,0.2762f,-0.2062f,0.0786f,-0.9753f,0.0431f,0f,0f,0f,1f],start_interpolation: 0,interpolation_duration: 1}
$data merge entity $(bone_finger_left) {transformation: [0.4235f,0.8835f,-0.1999f,0.5975f,0.8894f,-0.4475f,-0.0933f,0.3874f,-0.1719f,-0.1383f,-0.9753f,0.0216f,0f,0f,0f,1f],start_interpolation: 0,interpolation_duration: 1}
$data merge entity $(bone_finger_left4) {transformation: [0.9638f,-0.1765f,-0.1999f,0.5163f,-0.198f,-0.9757f,-0.0933f,0.2728f,-0.1786f,0.1296f,-0.9753f,-0.0469f,0f,0f,0f,1f],start_interpolation: 0,interpolation_duration: 1}
$data merge entity $(bone_finger_left3) {transformation: [0.4995f,0.8429f,-0.1999f,0.5788f,0.8467f,-0.5238f,-0.0933f,0.3786f,-0.1834f,-0.1227f,-0.9753f,-0.0699f,0f,0f,0f,1f],start_interpolation: 0,interpolation_duration: 1}
$data merge entity $(bone_thumb_left2) {transformation: [-0.3053f,0.9477f,0.0931f,0.5148f,-0.2917f,-0.1862f,0.9382f,0.383f,0.9065f,0.2593f,0.3333f,0.1562f,0f,0f,0f,1f],start_interpolation: 0,interpolation_duration: 1}
$data merge entity $(bone_thumb_left) {transformation: [-0.1262f,0.9477f,0.2932f,0.5554f,0.5275f,-0.1862f,0.8289f,0.4701f,0.8401f,0.2593f,-0.4764f,0.0704f,0f,0f,0f,1f],start_interpolation: 0,interpolation_duration: 1}
$data merge entity $(bone_hand_left) {transformation: [-0.5488f,0.8117f,-0.1999f,0.4516f,0.8353f,0.5418f,-0.0933f,0.4797f,0.0326f,-0.2182f,-0.9753f,-0.0054f,0f,0f,0f,1f],start_interpolation: 0,interpolation_duration: 1}
$data merge entity $(bone_arm_left2) {transformation: [-0.57f,0.8117f,-0.1273f,0.3012f,0.8162f,0.5418f,-0.2006f,0.6712f,-0.0939f,-0.2182f,-0.9714f,-0.0896f,0f,0f,0f,1f],start_interpolation: 0,interpolation_duration: 1}
$data merge entity $(bone_arm_left) {transformation: [-0.5095f,0.8117f,-0.2856f,0.1917f,0.8395f,0.5418f,0.0423f,0.8784f,0.1891f,-0.2182f,-0.9574f,0.0175f,0f,0f,0f,1f],start_interpolation: 0,interpolation_duration: 1}
$data merge entity $(bone_finger_right2) {transformation: [-0.0593f,-0.9618f,-0.2673f,-0.5994f,-0.9956f,0.0374f,0.0863f,0.2522f,-0.073f,0.2712f,-0.9598f,0.2026f,0f,0f,0f,1f],start_interpolation: 0,interpolation_duration: 1}
$data merge entity $(bone_finger_right) {transformation: [-0.3183f,-0.9095f,-0.2673f,-0.5596f,-0.948f,0.3064f,0.0863f,0.3707f,0.0034f,0.2808f,-0.9598f,0.2022f,0f,0f,0f,1f],start_interpolation: 0,interpolation_duration: 1}
$data merge entity $(bone_finger_right4) {transformation: [0.3883f,-0.8819f,-0.2673f,-0.6043f,-0.9019f,-0.4232f,0.0863f,0.2555f,-0.1892f,0.2076f,-0.9598f,0.1066f,0f,0f,0f,1f],start_interpolation: 0,interpolation_duration: 1}
$data merge entity $(bone_finger_right3) {transformation: [-0.1569f,-0.9508f,-0.2673f,-0.5847f,-0.9866f,0.1386f,0.0863f,0.3788f,-0.045f,0.2772f,-0.9598f,0.1122f,0f,0f,0f,1f],start_interpolation: 0,interpolation_duration: 1}
$data merge entity $(bone_thumb_right2) {transformation: [-0.5064f,-0.8524f,0.1299f,-0.4775f,-0.1166f,0.217f,0.9692f,0.3433f,-0.8544f,0.4757f,-0.2093f,0.3176f,0f,0f,0f,1f],start_interpolation: 0,interpolation_duration: 1}
$data merge entity $(bone_thumb_right) {transformation: [-0.5227f,-0.8524f,-0.0109f,-0.4952f,-0.3727f,0.217f,0.9022f,0.4444f,-0.7667f,0.4757f,-0.4312f,0.2398f,0f,0f,0f,1f],start_interpolation: 0,interpolation_duration: 1}
$data merge entity $(bone_hand_right) {transformation: [-0.5533f,-0.7889f,-0.2673f,-0.4364f,-0.8292f,0.5523f,0.0863f,0.4698f,0.0796f,0.2693f,-0.9598f,0.128f,0f,0f,0f,1f],start_interpolation: 0,interpolation_duration: 1}
$data merge entity $(bone_arm_right2) {transformation: [-0.4999f,-0.7889f,-0.3574f,-0.3338f,-0.8318f,0.5523f,-0.0558f,0.6742f,0.2414f,0.2693f,-0.9323f,0.0093f,0f,0f,0f,1f],start_interpolation: 0,interpolation_duration: 1}
$data merge entity $(bone_arm_right) {transformation: [-0.5197f,-0.7889f,-0.3279f,-0.1834f,-0.8336f,0.5523f,-0.0078f,0.8831f,0.1872f,0.2693f,-0.9447f,0.0216f,0f,0f,0f,1f],start_interpolation: 0,interpolation_duration: 1}
$data merge entity $(bone_torso) {transformation: [-0.9999f,0.0133f,0.0108f,0f,0.0141f,0.9968f,0.0786f,0.5693f,-0.0097f,0.0787f,-0.9968f,-0.0051f,0f,0f,0f,1f],start_interpolation: 0,interpolation_duration: 1}
$data merge entity $(bone_foot_right) {transformation: [-1f,0f,0f,-0.1562f,0f,0.9994f,0.0339f,0.1294f,0f,0.0339f,-0.9994f,-0.0868f,0f,0f,0f,1f],start_interpolation: 0,interpolation_duration: 1}
$data merge entity $(bone_leg_right3) {transformation: [-1f,0f,0f,-0.1562f,0f,0.9961f,0.0878f,0.264f,0f,0.0878f,-0.9961f,-0.0122f,0f,0f,0f,1f],start_interpolation: 0,interpolation_duration: 1}
$data merge entity $(bone_leg_right2) {transformation: [-1f,0f,0f,-0.1562f,0f,0.9971f,0.076f,0.4221f,0f,0.076f,-0.9971f,-0.0315f,0f,0f,0f,1f],start_interpolation: 0,interpolation_duration: 1}
$data merge entity $(bone_leg_right) {transformation: [-1f,0f,0f,-0.125f,0f,0.9971f,0.076f,0.5156f,0f,0.076f,-0.9971f,-0.0244f,0f,0f,0f,1f],start_interpolation: 0,interpolation_duration: 1}
$data merge entity $(bone_foot_left) {transformation: [-0.9998f,-0.0084f,-0.0167f,0.1563f,-0.0161f,0.8427f,0.5381f,0.2798f,0.0095f,0.5383f,-0.8427f,-0.0679f,0f,0f,0f,1f],start_interpolation: 0,interpolation_duration: 1}
$data merge entity $(bone_leg_left3) {transformation: [-1f,0f,0f,0.1563f,0f,0.6876f,0.726f,0.3311f,0f,0.726f,-0.6876f,0.0772f,0f,0f,0f,1f],start_interpolation: 0,interpolation_duration: 1}
$data merge entity $(bone_leg_left2) {transformation: [-1f,0f,0f,0.1563f,0f,0.9918f,-0.1278f,0.4821f,0f,-0.1278f,-0.9918f,0.0262f,0f,0f,0f,1f],start_interpolation: 0,interpolation_duration: 1}
$data merge entity $(bone_leg_left) {transformation: [-1f,0f,0f,0.125f,0f,0.9918f,-0.1278f,0.5751f,0f,-0.1278f,-0.9918f,0.0143f,0f,0f,0f,1f],start_interpolation: 0,interpolation_duration: 1}