# This file was generated by Animated Java via MC-Build. It is not recommended to edit this file directly.
$data merge entity $(bone_eyelid_right) {transformation: [-0.9932f,0.1104f,0.038f,-0.1059f,0.1125f,0.9918f,0.06f,1.2149f,-0.031f,0.0638f,-0.9975f,0.2787f,0f,0f,0f,1f],start_interpolation: 0,interpolation_duration: 1}
$data merge entity $(bone_eye_right) {transformation: [-0.9932f,0.1104f,0.038f,-0.1058f,0.1125f,0.9918f,0.06f,1.215f,-0.031f,0.0638f,-0.9975f,0.2771f,0f,0f,0f,1f],start_interpolation: 0,interpolation_duration: 1}
$data merge entity $(bone_eyelid_left) {transformation: [-0.9972f,-0.0637f,0.038f,-0.1054f,-0.0614f,0.9963f,0.06f,1.1959f,-0.0417f,0.0575f,-0.9975f,0.276f,0f,0f,0f,1f],start_interpolation: 0,interpolation_duration: 1}
$data merge entity $(bone_eye_left) {transformation: [-0.9972f,-0.0637f,0.038f,0.1127f,-0.0614f,0.9963f,0.06f,1.2094f,-0.0417f,0.0575f,-0.9975f,0.2851f,0f,0f,0f,1f],start_interpolation: 0,interpolation_duration: 1}
$data merge entity $(bone_mouth_closed) {transformation: [-0.999f,0.0234f,0.038f,-0.0238f,0.0257f,0.9979f,0.06f,1.039f,-0.0365f,0.0609f,-0.9975f,0.0497f,0f,0f,0f,1f],start_interpolation: 0,interpolation_duration: 1}
$data merge entity $(bone_mouth_open) {transformation: [-0.999f,0.0234f,0.038f,-0.0243f,0.0257f,0.9979f,0.06f,1.0082f,-0.0365f,0.0609f,-0.9975f,0.0416f,0f,0f,0f,1f],start_interpolation: 0,interpolation_duration: 1}
$data merge entity $(bone_head) {transformation: [-0.999f,0.0234f,0.038f,0.0067f,0.0257f,0.9979f,0.06f,1.007f,-0.0365f,0.0609f,-0.9975f,0.049f,0f,0f,0f,1f],start_interpolation: 0,interpolation_duration: 1}
$data merge entity $(bone_neck) {transformation: [-0.9952f,0.0196f,-0.0957f,0.0051f,0.0041f,0.9872f,0.1596f,0.9299f,0.0976f,0.1585f,-0.9825f,0.0366f,0f,0f,0f,1f],start_interpolation: 0,interpolation_duration: 1}
$data merge entity $(bone_finger_left2) {transformation: [0.895f,0.1381f,-0.4242f,0.5385f,0.1547f,-0.9879f,0.0047f,0.2709f,-0.4184f,-0.0698f,-0.9056f,-0.0835f,0f,0f,0f,1f],start_interpolation: 0,interpolation_duration: 1}
$data merge entity $(bone_finger_left) {transformation: [0.3677f,0.8275f,-0.4242f,0.5845f,0.9147f,-0.4041f,0.0047f,0.3852f,-0.1675f,-0.3897f,-0.9056f,-0.1045f,0f,0f,0f,1f],start_interpolation: 0,interpolation_duration: 1}
$data merge entity $(bone_finger_left4) {transformation: [0.8989f,-0.1101f,-0.4242f,0.4894f,-0.1194f,-0.9928f,0.0047f,0.2765f,-0.4217f,0.0465f,-0.9056f,-0.164f,0f,0f,0f,1f],start_interpolation: 0,interpolation_duration: 1}
$data merge entity $(bone_finger_left3) {transformation: [0.4427f,0.79f,-0.4242f,0.5447f,0.8734f,-0.4869f,0.0047f,0.3857f,-0.2029f,-0.3726f,-0.9056f,-0.1894f,0f,0f,0f,1f],start_interpolation: 0,interpolation_duration: 1}
$data merge entity $(bone_thumb_left2) {transformation: [-0.0692f,0.9803f,0.1847f,0.5387f,-0.3499f,-0.1973f,0.9158f,0.3679f,0.9342f,-0.0012f,0.3567f,0.0448f,0f,0f,0f,1f],start_interpolation: 0,interpolation_duration: 1}
$data merge entity $(bone_thumb_left) {transformation: [0.0906f,0.9803f,0.1753f,0.5577f,0.4445f,-0.1973f,0.8738f,0.4633f,0.8912f,-0.0012f,-0.4536f,-0.0398f,0f,0f,0f,1f],start_interpolation: 0,interpolation_duration: 1}
$data merge entity $(bone_hand_left) {transformation: [-0.4973f,0.7568f,-0.4242f,0.4396f,0.8345f,0.5509f,0.0047f,0.4814f,0.2372f,-0.3517f,-0.9056f,-0.0879f,0f,0f,0f,1f],start_interpolation: 0,interpolation_duration: 1}
$data merge entity $(bone_arm_left2) {transformation: [-0.56f,0.7568f,-0.337f,0.2785f,0.824f,0.5509f,-0.1321f,0.6792f,0.0857f,-0.3517f,-0.9322f,-0.1247f,0f,0f,0f,1f],start_interpolation: 0,interpolation_duration: 1}
$data merge entity $(bone_arm_left) {transformation: [-0.4672f,0.7568f,-0.4571f,0.1903f,0.8323f,0.5509f,0.0616f,0.8834f,0.2985f,-0.3517f,-0.8873f,0.0054f,0f,0f,0f,1f],start_interpolation: 0,interpolation_duration: 1}
$data merge entity $(bone_finger_right2) {transformation: [0.2629f,-0.748f,-0.6094f,-0.4583f,-0.9612f,-0.1485f,-0.2324f,0.2675f,0.0834f,0.6469f,-0.758f,0.3995f,0f,0f,0f,1f],start_interpolation: 0,interpolation_duration: 1}
$data merge entity $(bone_finger_right) {transformation: [-0.0238f,-0.7925f,-0.6094f,-0.4553f,-0.9503f,0.2072f,-0.2324f,0.3863f,0.3105f,0.5736f,-0.758f,0.3607f,0f,0f,0f,1f],start_interpolation: 0,interpolation_duration: 1}
$data merge entity $(bone_finger_right4) {transformation: [0.5624f,-0.5589f,-0.6094f,-0.4993f,-0.8007f,-0.5522f,-0.2324f,0.2431f,-0.2066f,0.6186f,-0.758f,0.3164f,0f,0f,0f,1f],start_interpolation: 0,interpolation_duration: 1}
$data merge entity $(bone_finger_right3) {transformation: [0.105f,-0.7859f,-0.6094f,-0.5125f,-0.9713f,0.0505f,-0.2324f,0.3645f,0.2135f,0.6163f,-0.758f,0.2897f,0f,0f,0f,1f],start_interpolation: 0,interpolation_duration: 1}
$data merge entity $(bone_thumb_right2) {transformation: [-0.7701f,-0.6233f,-0.1358f,-0.3283f,-0.3454f,0.2284f,0.9103f,0.4005f,-0.5363f,0.7479f,-0.3911f,0.4301f,0f,0f,0f,1f],start_interpolation: 0,interpolation_duration: 1}
$data merge entity $(bone_thumb_right) {transformation: [-0.679f,-0.6233f,-0.3879f,-0.398f,-0.6324f,0.2284f,0.7402f,0.4733f,-0.3728f,0.7479f,-0.5492f,0.3498f,0f,0f,0f,1f],start_interpolation: 0,interpolation_duration: 1}
$data merge entity $(bone_hand_right) {transformation: [-0.3073f,-0.7309f,-0.6094f,-0.3902f,-0.8121f,0.5352f,-0.2324f,0.4688f,0.496f,0.4235f,-0.758f,0.2212f,0f,0f,0f,1f],start_interpolation: 0,interpolation_duration: 1}
$data merge entity $(bone_arm_right2) {transformation: [-0.3929f,-0.7309f,-0.5581f,-0.3269f,-0.8373f,0.5352f,-0.1115f,0.6712f,0.3802f,0.4235f,-0.8223f,0.0748f,0f,0f,0f,1f],start_interpolation: 0,interpolation_duration: 1}
$data merge entity $(bone_arm_right) {transformation: [-0.4549f,-0.7309f,-0.5087f,-0.1813f,-0.8446f,0.5352f,-0.0136f,0.8832f,0.2822f,0.4235f,-0.8608f,0.058f,0f,0f,0f,1f],start_interpolation: 0,interpolation_duration: 1}
$data merge entity $(bone_torso) {transformation: [-0.9952f,0.0143f,-0.0967f,0f,0.0041f,0.9944f,0.1054f,0.5725f,0.0976f,0.1045f,-0.9897f,-0.001f,0f,0f,0f,1f],start_interpolation: 0,interpolation_duration: 1}
$data merge entity $(bone_foot_right) {transformation: [-1f,0f,0f,-0.1562f,0f,0.9931f,0.1173f,0.1357f,0f,0.1173f,-0.9931f,-0.1428f,0f,0f,0f,1f],start_interpolation: 0,interpolation_duration: 1}
$data merge entity $(bone_leg_right3) {transformation: [-1f,0f,0f,-0.1562f,0f,0.9865f,0.1638f,0.2642f,0f,0.1638f,-0.9865f,-0.0581f,0f,0f,0f,1f],start_interpolation: 0,interpolation_duration: 1}
$data merge entity $(bone_leg_right2) {transformation: [-1f,0f,0f,-0.1562f,0f,0.982f,0.1889f,0.4236f,0f,0.1889f,-0.982f,-0.0593f,0f,0f,0f,1f],start_interpolation: 0,interpolation_duration: 1}
$data merge entity $(bone_leg_right) {transformation: [-1f,0f,0f,-0.125f,0f,0.982f,0.1889f,0.5156f,0f,0.1889f,-0.982f,-0.0416f,0f,0f,0f,1f],start_interpolation: 0,interpolation_duration: 1}
$data merge entity $(bone_foot_left) {transformation: [-0.9982f,-0.0258f,-0.0541f,0.1563f,-0.0284f,0.9985f,0.0477f,0.2211f,0.0528f,0.0491f,-0.9974f,0.0276f,0f,0f,0f,1f],start_interpolation: 0,interpolation_duration: 1}
$data merge entity $(bone_leg_left3) {transformation: [-1f,0f,0f,0.1563f,0f,0.9349f,0.355f,0.3303f,0f,0.355f,-0.9349f,0.1359f,0f,0f,0f,1f],start_interpolation: 0,interpolation_duration: 1}
$data merge entity $(bone_leg_left2) {transformation: [-1f,0f,0f,0.1563f,0f,0.9643f,-0.2647f,0.4727f,0f,-0.2647f,-0.9643f,0.0644f,0f,0f,0f,1f],start_interpolation: 0,interpolation_duration: 1}
$data merge entity $(bone_leg_left) {transformation: [-1f,0f,0f,0.125f,0f,0.9643f,-0.2647f,0.5632f,0f,-0.2647f,-0.9643f,0.0396f,0f,0f,0f,1f],start_interpolation: 0,interpolation_duration: 1}