# This file was generated by Animated Java via MC-Build. It is not recommended to edit this file directly.
$data merge entity $(bone_eyelid_right) {transformation: [-0.9914f,0.1311f,0.0049f,-0.0858f,0.1311f,0.9887f,0.0727f,1.2145f,0.0047f,0.0727f,-0.9973f,0.2955f,0f,0f,0f,1f],start_interpolation: 0,interpolation_duration: 1}
$data merge entity $(bone_eye_right) {transformation: [-0.9914f,0.1311f,0.0049f,-0.0858f,0.1311f,0.9887f,0.0727f,1.2146f,0.0047f,0.0727f,-0.9973f,0.2939f,0f,0f,0f,1f],start_interpolation: 0,interpolation_duration: 1}
$data merge entity $(bone_eyelid_left) {transformation: [-0.9991f,-0.043f,0.0049f,-0.0858f,-0.0425f,0.9964f,0.0727f,1.1956f,-0.008f,0.0724f,-0.9973f,0.2925f,0f,0f,0f,1f],start_interpolation: 0,interpolation_duration: 1}
$data merge entity $(bone_eye_left) {transformation: [-0.9991f,-0.043f,0.0049f,0.1327f,-0.0425f,0.9964f,0.0727f,1.2049f,-0.008f,0.0724f,-0.9973f,0.2943f,0f,0f,0f,1f],start_interpolation: 0,interpolation_duration: 1}
$data merge entity $(bone_mouth_closed) {transformation: [-0.999f,0.0442f,0.0049f,-0.015f,0.0445f,0.9964f,0.0727f,1.0403f,-0.0017f,0.0728f,-0.9973f,0.0616f,0f,0f,0f,1f],start_interpolation: 0,interpolation_duration: 1}
$data merge entity $(bone_mouth_open) {transformation: [-0.999f,0.0442f,0.0049f,-0.0163f,0.0445f,0.9964f,0.0727f,1.0096f,-0.0017f,0.0728f,-0.9973f,0.0531f,0f,0f,0f,1f],start_interpolation: 0,interpolation_duration: 1}
$data merge entity $(bone_head) {transformation: [-0.999f,0.0442f,0.0049f,0.0148f,0.0445f,0.9964f,0.0727f,1.0077f,-0.0017f,0.0728f,-0.9973f,0.0594f,0f,0f,0f,1f],start_interpolation: 0,interpolation_duration: 1}
$data merge entity $(bone_neck) {transformation: [-0.9849f,0.0434f,-0.1678f,0.0114f,0.0112f,0.982f,0.1885f,0.931f,0.173f,0.1837f,-0.9676f,0.045f,0f,0f,0f,1f],start_interpolation: 0,interpolation_duration: 1}
$data merge entity $(bone_finger_left2) {transformation: [0.8315f,0.1322f,-0.5395f,0.5079f,0.2069f,-0.9751f,0.0799f,0.2568f,-0.5155f,-0.1781f,-0.8382f,-0.1607f,0f,0f,0f,1f],start_interpolation: 0,interpolation_duration: 1}
$data merge entity $(bone_finger_left) {transformation: [0.3644f,0.759f,-0.5395f,0.5534f,0.9196f,-0.3847f,0.0799f,0.3718f,-0.1469f,-0.5253f,-0.8382f,-0.1791f,0f,0f,0f,1f],start_interpolation: 0,interpolation_duration: 1}
$data merge entity $(bone_finger_left4) {transformation: [0.8352f,-0.1064f,-0.5395f,0.4484f,-0.0751f,-0.994f,0.0799f,0.2695f,-0.5448f,-0.0262f,-0.8382f,-0.2331f,0f,0f,0f,1f],start_interpolation: 0,interpolation_duration: 1}
$data merge entity $(bone_finger_left3) {transformation: [0.4357f,0.7205f,-0.5395f,0.5028f,0.8783f,-0.4713f,0.0799f,0.3793f,-0.1967f,-0.5087f,-0.8382f,-0.2577f,0f,0f,0f,1f],start_interpolation: 0,interpolation_duration: 1}
$data merge entity $(bone_thumb_left2) {transformation: [0.0599f,0.9632f,0.2622f,0.5297f,-0.3842f,-0.2202f,0.8966f,0.3466f,0.9213f,-0.1544f,0.3569f,-0.0266f,0f,0f,0f,1f],start_interpolation: 0,interpolation_duration: 1}
$data merge entity $(bone_thumb_left) {transformation: [0.2311f,0.9632f,0.1376f,0.5396f,0.3837f,-0.2202f,0.8968f,0.4468f,0.8941f,-0.1544f,-0.4205f,-0.1071f,0f,0f,0f,1f],start_interpolation: 0,interpolation_duration: 1}
$data merge entity $(bone_hand_left) {transformation: [-0.4169f,0.7315f,-0.5395f,0.4173f,0.8396f,0.5374f,0.0799f,0.4731f,0.3484f,-0.4197f,-0.8382f,-0.1377f,0f,0f,0f,1f],start_interpolation: 0,interpolation_duration: 1}
$data merge entity $(bone_arm_left2) {transformation: [-0.5042f,0.7315f,-0.459f,0.2625f,0.8407f,0.5374f,-0.0671f,0.6791f,0.1976f,-0.4197f,-0.8859f,-0.1437f,0f,0f,0f,1f],start_interpolation: 0,interpolation_duration: 1}
$data merge entity $(bone_arm_left) {transformation: [-0.4144f,0.7315f,-0.5415f,0.1928f,0.8392f,0.5374f,0.0838f,0.8837f,0.3522f,-0.4197f,-0.8365f,-0.0034f,0f,0f,0f,1f],start_interpolation: 0,interpolation_duration: 1}
$data merge entity $(bone_finger_right2) {transformation: [0.2775f,-0.7453f,-0.6062f,-0.4358f,-0.9466f,-0.3198f,-0.0402f,0.2498f,-0.1639f,0.585f,-0.7943f,0.4053f,0f,0f,0f,1f],start_interpolation: 0,interpolation_duration: 1}
$data merge entity $(bone_finger_right) {transformation: [-0.0656f,-0.7926f,-0.6062f,-0.4275f,-0.9928f,0.113f,-0.0402f,0.3738f,0.1004f,0.5992f,-0.7943f,0.3927f,0f,0f,0f,1f],start_interpolation: 0,interpolation_duration: 1}
$data merge entity $(bone_finger_right4) {transformation: [0.5634f,-0.5613f,-0.6062f,-0.4772f,-0.7267f,-0.6858f,-0.0402f,0.2453f,-0.3932f,0.4632f,-0.7943f,0.3191f,0f,0f,0f,1f],start_interpolation: 0,interpolation_duration: 1}
$data merge entity $(bone_finger_right3) {transformation: [0.0574f,-0.7932f,-0.6062f,-0.4844f,-0.9983f,-0.0415f,-0.0402f,0.3701f,0.0068f,0.6075f,-0.7943f,0.3183f,0f,0f,0f,1f],start_interpolation: 0,interpolation_duration: 1}
$data merge entity $(bone_thumb_right2) {transformation: [-0.7954f,-0.6056f,-0.0218f,-0.2981f,-0.1163f,0.1172f,0.9863f,0.3629f,-0.5948f,0.7871f,-0.1637f,0.4605f,0f,0f,0f,1f],start_interpolation: 0,interpolation_duration: 1}
$data merge entity $(bone_thumb_right) {transformation: [-0.7243f,-0.6056f,-0.3297f,-0.362f,-0.4909f,0.1172f,0.8633f,0.4555f,-0.4842f,0.7871f,-0.3822f,0.3976f,0f,0f,0f,1f],start_interpolation: 0,interpolation_duration: 1}
$data merge entity $(bone_hand_right) {transformation: [-0.3964f,-0.6895f,-0.6062f,-0.3509f,-0.8506f,0.5243f,-0.0402f,0.4721f,0.3456f,0.4997f,-0.7943f,0.2703f,0f,0f,0f,1f],start_interpolation: 0,interpolation_duration: 1}
$data merge entity $(bone_arm_right2) {transformation: [-0.3108f,-0.6895f,-0.6543f,-0.3141f,-0.8373f,0.5243f,-0.1549f,0.6717f,0.4498f,0.4997f,-0.7402f,0.1115f,0f,0f,0f,1f],start_interpolation: 0,interpolation_duration: 1}
$data merge entity $(bone_arm_right) {transformation: [-0.4169f,-0.6895f,-0.5923f,-0.1729f,-0.8514f,0.5243f,-0.011f,0.8853f,0.3181f,0.4997f,-0.8057f,0.0824f,0f,0f,0f,1f],start_interpolation: 0,interpolation_duration: 1}
$data merge entity $(bone_torso) {transformation: [-0.9849f,0.0319f,-0.1704f,0f,0.0112f,0.9926f,0.1211f,0.5743f,0.173f,0.1173f,-0.9779f,0.0028f,0f,0f,0f,1f],start_interpolation: 0,interpolation_duration: 1}
$data merge entity $(bone_foot_right) {transformation: [-1f,0f,0f,-0.1562f,0f,0.98f,0.199f,0.145f,0f,0.199f,-0.98f,-0.1854f,0f,0f,0f,1f],start_interpolation: 0,interpolation_duration: 1}
$data merge entity $(bone_leg_right3) {transformation: [-1f,0f,0f,-0.1562f,0f,0.9722f,0.2341f,0.2671f,0f,0.2341f,-0.9722f,-0.0917f,0f,0f,0f,1f],start_interpolation: 0,interpolation_duration: 1}
$data merge entity $(bone_leg_right2) {transformation: [-1f,0f,0f,-0.1562f,0f,0.9585f,0.285f,0.4258f,0f,0.285f,-0.9585f,-0.0772f,0f,0f,0f,1f],start_interpolation: 0,interpolation_duration: 1}
$data merge entity $(bone_leg_right) {transformation: [-1f,0f,0f,-0.125f,0f,0.9585f,0.285f,0.5156f,0f,0.285f,-0.9585f,-0.0505f,0f,0f,0f,1f],start_interpolation: 0,interpolation_duration: 1}
$data merge entity $(bone_foot_left) {transformation: [-0.9982f,-0.0051f,-0.0606f,0.1563f,0.0102f,0.9682f,-0.2499f,0.1788f,0.0599f,-0.2501f,-0.9664f,0.109f,0f,0f,0f,1f],start_interpolation: 0,interpolation_duration: 1}
$data merge entity $(bone_leg_left3) {transformation: [-1f,0f,0f,0.1563f,0f,0.9993f,-0.0374f,0.3216f,0f,-0.0374f,-0.9993f,0.1662f,0f,0f,0f,1f],start_interpolation: 0,interpolation_duration: 1}
$data merge entity $(bone_leg_left2) {transformation: [-1f,0f,0f,0.1563f,0f,0.9468f,-0.3218f,0.4595f,0f,-0.3218f,-0.9468f,0.0863f,0f,0f,0f,1f],start_interpolation: 0,interpolation_duration: 1}
$data merge entity $(bone_leg_left) {transformation: [-1f,0f,0f,0.125f,0f,0.9468f,-0.3218f,0.5483f,0f,-0.3218f,-0.9468f,0.0561f,0f,0f,0f,1f],start_interpolation: 0,interpolation_duration: 1}