# This file was generated by Animated Java via MC-Build. It is not recommended to edit this file directly.
$data merge entity $(bone_eyelid_right) {transformation: [-0.9873f,0.1431f,-0.0689f,-0.0631f,0.1392f,0.9886f,0.0581f,1.2225f,0.0764f,0.0477f,-0.9959f,0.2986f,0f,0f,0f,1f],start_interpolation: 0,interpolation_duration: 1}
$data merge entity $(bone_eye_right) {transformation: [-0.9873f,0.1431f,-0.0689f,-0.0632f,0.1392f,0.9886f,0.0581f,1.2226f,0.0764f,0.0477f,-0.9959f,0.297f,0f,0f,0f,1f],start_interpolation: 0,interpolation_duration: 1}
$data merge entity $(bone_eyelid_left) {transformation: [-0.9972f,-0.0306f,-0.0689f,-0.0634f,-0.0346f,0.9977f,0.0581f,1.2035f,0.0669f,0.0603f,-0.9959f,0.2959f,0f,0f,0f,1f],start_interpolation: 0,interpolation_duration: 1}
$data merge entity $(bone_eye_left) {transformation: [-0.9972f,-0.0306f,-0.0689f,0.1547f,-0.0346f,0.9977f,0.0581f,1.2111f,0.0669f,0.0603f,-0.9959f,0.2813f,0f,0f,0f,1f],start_interpolation: 0,interpolation_duration: 1}
$data merge entity $(bone_mouth_closed) {transformation: [-0.996f,0.0565f,-0.0689f,-0.0111f,0.0525f,0.9969f,0.0581f,1.0443f,0.0719f,0.0542f,-0.9959f,0.0627f,0f,0f,0f,1f],start_interpolation: 0,interpolation_duration: 1}
$data merge entity $(bone_mouth_open) {transformation: [-0.996f,0.0565f,-0.0689f,-0.0133f,0.0525f,0.9969f,0.0581f,1.0135f,0.0719f,0.0542f,-0.9959f,0.0548f,0f,0f,0f,1f],start_interpolation: 0,interpolation_duration: 1}
$data merge entity $(bone_head) {transformation: [-0.996f,0.0565f,-0.0689f,0.0183f,0.0525f,0.9969f,0.0581f,1.0115f,0.0719f,0.0542f,-0.9959f,0.0588f,0f,0f,0f,1f],start_interpolation: 0,interpolation_duration: 1}
$data merge entity $(bone_neck) {transformation: [-0.9626f,0.0665f,-0.2625f,0.0131f,0.0076f,0.9756f,0.2193f,0.9353f,0.2707f,0.2091f,-0.9397f,0.0425f,0f,0f,0f,1f],start_interpolation: 0,interpolation_duration: 1}
$data merge entity $(bone_finger_left2) {transformation: [0.7654f,0.2797f,-0.5796f,0.4737f,0.4351f,-0.8885f,0.1459f,0.2352f,-0.4741f,-0.3639f,-0.8017f,-0.2277f,0f,0f,0f,1f],start_interpolation: 0,interpolation_duration: 1}
$data merge entity $(bone_finger_left) {transformation: [0.3132f,0.7523f,-0.5796f,0.5129f,0.9481f,-0.2824f,0.1459f,0.3538f,-0.0539f,-0.5953f,-0.8017f,-0.2344f,0f,0f,0f,1f],start_interpolation: 0,interpolation_duration: 1}
$data merge entity $(bone_finger_left4) {transformation: [0.8146f,0.022f,-0.5796f,0.4091f,0.1304f,-0.9807f,0.1459f,0.2536f,-0.5652f,-0.1944f,-0.8017f,-0.2946f,0f,0f,0f,1f],start_interpolation: 0,interpolation_duration: 1}
$data merge entity $(bone_finger_left3) {transformation: [0.3953f,0.7126f,-0.5796f,0.4585f,0.9107f,-0.3864f,0.1459f,0.3674f,-0.12f,-0.5855f,-0.8017f,-0.3096f,0f,0f,0f,1f],start_interpolation: 0,interpolation_duration: 1}
$data merge entity $(bone_thumb_left2) {transformation: [0.1794f,0.9484f,0.2616f,0.5071f,-0.34f,-0.1897f,0.9211f,0.3217f,0.9231f,-0.2542f,0.2885f,-0.0846f,0f,0f,0f,1f],start_interpolation: 0,interpolation_duration: 1}
$data merge entity $(bone_thumb_left) {transformation: [0.3058f,0.9484f,0.0843f,0.5081f,0.3338f,-0.1897f,0.9234f,0.4266f,0.8917f,-0.2542f,-0.3746f,-0.1593f,0f,0f,0f,1f],start_interpolation: 0,interpolation_duration: 1}
$data merge entity $(bone_hand_left) {transformation: [-0.3407f,0.7403f,-0.5796f,0.3862f,0.8503f,0.5056f,0.1459f,0.4619f,0.4011f,-0.4431f,-0.8017f,-0.1817f,0f,0f,0f,1f],start_interpolation: 0,interpolation_duration: 1}
$data merge entity $(bone_arm_left2) {transformation: [-0.416f,0.7403f,-0.5282f,0.2492f,0.8622f,0.5056f,0.0296f,0.6793f,0.289f,-0.4431f,-0.8486f,-0.1624f,0f,0f,0f,1f],start_interpolation: 0,interpolation_duration: 1}
$data merge entity $(bone_arm_left) {transformation: [-0.3809f,0.7403f,-0.554f,0.1886f,0.8585f,0.5056f,0.0853f,0.8886f,0.3432f,-0.4431f,-0.8281f,-0.0249f,0f,0f,0f,1f],start_interpolation: 0,interpolation_duration: 1}
$data merge entity $(bone_finger_right2) {transformation: [0.6517f,-0.3782f,-0.6575f,-0.335f,-0.6298f,-0.7528f,-0.1912f,0.2642f,-0.4226f,0.5387f,-0.7288f,0.4345f,0f,0f,0f,1f],start_interpolation: 0,interpolation_duration: 1}
$data merge entity $(bone_finger_right) {transformation: [0.255f,-0.709f,-0.6575f,-0.3668f,-0.9667f,-0.1703f,-0.1912f,0.3851f,0.0236f,0.6843f,-0.7288f,0.4315f,0f,0f,0f,1f],start_interpolation: 0,interpolation_duration: 1}
$data merge entity $(bone_finger_right4) {transformation: [0.743f,-0.1256f,-0.6575f,-0.3857f,-0.3258f,-0.9259f,-0.1912f,0.2499f,-0.5847f,0.3563f,-0.7288f,0.3554f,0f,0f,0f,1f],start_interpolation: 0,interpolation_duration: 1}
$data merge entity $(bone_finger_right3) {transformation: [0.342f,-0.6714f,-0.6575f,-0.4285f,-0.9376f,-0.2903f,-0.1912f,0.3672f,-0.0625f,0.6818f,-0.7288f,0.3632f,0f,0f,0f,1f],start_interpolation: 0,interpolation_duration: 1}
$data merge entity $(bone_thumb_right2) {transformation: [-0.8841f,-0.4635f,-0.0591f,-0.2211f,-0.0632f,-0.0066f,0.998f,0.3946f,-0.463f,0.8861f,-0.0234f,0.4694f,0f,0f,0f,1f],start_interpolation: 0,interpolation_duration: 1}
$data merge entity $(bone_thumb_right) {transformation: [-0.695f,-0.4635f,-0.5497f,-0.3115f,-0.6176f,-0.0066f,0.7865f,0.4737f,-0.3682f,0.8861f,-0.2816f,0.4227f,0f,0f,0f,1f],start_interpolation: 0,interpolation_duration: 1}
$data merge entity $(bone_hand_right) {transformation: [-0.2615f,-0.7066f,-0.6575f,-0.3126f,-0.8492f,0.4922f,-0.1912f,0.478f,0.4588f,0.5083f,-0.7288f,0.2939f,0f,0f,0f,1f],start_interpolation: 0,interpolation_duration: 1}
$data merge entity $(bone_arm_right2) {transformation: [-0.2143f,-0.7066f,-0.6743f,-0.3012f,-0.8335f,0.4922f,-0.251f,0.6707f,0.5093f,0.5083f,-0.6945f,0.1232f,0f,0f,0f,1f],start_interpolation: 0,interpolation_duration: 1}
$data merge entity $(bone_arm_right) {transformation: [-0.3948f,-0.7066f,-0.5872f,-0.1658f,-0.8704f,0.4922f,-0.0071f,0.8888f,0.294f,0.5083f,-0.8094f,0.1003f,0f,0f,0f,1f],start_interpolation: 0,interpolation_duration: 1}
$data merge entity $(bone_torso) {transformation: [-0.9626f,0.0365f,-0.2683f,0f,0.0076f,0.9942f,0.1077f,0.578f,0.2707f,0.1016f,-0.9573f,0.0059f,0f,0f,0f,1f],start_interpolation: 0,interpolation_duration: 1}
$data merge entity $(bone_foot_right) {transformation: [-1f,0f,0f,-0.1562f,0f,0.8635f,0.5043f,0.167f,0f,0.5043f,-0.8635f,-0.2127f,0f,0f,0f,1f],start_interpolation: 0,interpolation_duration: 1}
$data merge entity $(bone_leg_right3) {transformation: [-1f,0f,0f,-0.1562f,0f,0.9426f,0.3338f,0.2787f,0f,0.3338f,-0.9426f,-0.1068f,0f,0f,0f,1f],start_interpolation: 0,interpolation_duration: 1}
$data merge entity $(bone_leg_right2) {transformation: [-1f,0f,0f,-0.1562f,0f,0.9466f,0.3225f,0.4367f,0f,0.3225f,-0.9466f,-0.086f,0f,0f,0f,1f],start_interpolation: 0,interpolation_duration: 1}
$data merge entity $(bone_leg_right) {transformation: [-1f,0f,0f,-0.125f,0f,0.9466f,0.3225f,0.5254f,0f,0.3225f,-0.9466f,-0.0558f,0f,0f,0f,1f],start_interpolation: 0,interpolation_duration: 1}
$data merge entity $(bone_foot_left) {transformation: [-1f,0f,0f,0.1562f,0f,0.9855f,-0.1694f,0.133f,0f,-0.1694f,-0.9855f,0.1604f,0f,0f,0f,1f],start_interpolation: 0,interpolation_duration: 1}
$data merge entity $(bone_leg_left3) {transformation: [-1f,0f,0f,0.1562f,0f,0.9426f,-0.3339f,0.2865f,0f,-0.3339f,-0.9426f,0.1723f,0f,0f,0f,1f],start_interpolation: 0,interpolation_duration: 1}
$data merge entity $(bone_leg_left2) {transformation: [-1f,0f,0f,0.1562f,0f,0.9541f,-0.2994f,0.4262f,0f,-0.2994f,-0.9541f,0.0957f,0f,0f,0f,1f],start_interpolation: 0,interpolation_duration: 1}
$data merge entity $(bone_leg_left) {transformation: [-1f,0f,0f,0.125f,0f,0.9541f,-0.2994f,0.5156f,0f,-0.2994f,-0.9541f,0.0677f,0f,0f,0f,1f],start_interpolation: 0,interpolation_duration: 1}