# This file was generated by Animated Java via MC-Build. It is not recommended to edit this file directly.
$data merge entity $(bone_eyelid_right) {transformation: [-0.9867f,0.1371f,-0.0875f,-0.0621f,0.1338f,0.9901f,0.0434f,1.2262f,0.0926f,0.0311f,-0.9952f,0.2895f,0f,0f,0f,1f],start_interpolation: 0,interpolation_duration: 1}
$data merge entity $(bone_eye_right) {transformation: [-0.9867f,0.1371f,-0.0875f,-0.0622f,0.1338f,0.9901f,0.0434f,1.2262f,0.0926f,0.0311f,-0.9952f,0.288f,0f,0f,0f,1f],start_interpolation: 0,interpolation_duration: 1}
$data merge entity $(bone_eyelid_left) {transformation: [-0.9955f,-0.0363f,-0.0875f,-0.0623f,-0.0402f,0.9983f,0.0434f,1.2072f,0.0858f,0.0467f,-0.9952f,0.2872f,0f,0f,0f,1f],start_interpolation: 0,interpolation_duration: 1}
$data merge entity $(bone_eye_left) {transformation: [-0.9955f,-0.0363f,-0.0875f,0.1554f,-0.0402f,0.9983f,0.0434f,1.216f,0.0858f,0.0467f,-0.9952f,0.2684f,0f,0f,0f,1f],start_interpolation: 0,interpolation_duration: 1}
$data merge entity $(bone_mouth_closed) {transformation: [-0.9949f,0.0506f,-0.0875f,-0.0132f,0.047f,0.998f,0.0434f,1.045f,0.0895f,0.0391f,-0.9952f,0.0553f,0f,0f,0f,1f],start_interpolation: 0,interpolation_duration: 1}
$data merge entity $(bone_mouth_open) {transformation: [-0.9949f,0.0506f,-0.0875f,-0.0153f,0.047f,0.998f,0.0434f,1.0141f,0.0895f,0.0391f,-0.9952f,0.0479f,0f,0f,0f,1f],start_interpolation: 0,interpolation_duration: 1}
$data merge entity $(bone_head) {transformation: [-0.9949f,0.0506f,-0.0875f,0.0163f,0.047f,0.998f,0.0434f,1.0123f,0.0895f,0.0391f,-0.9952f,0.0513f,0f,0f,0f,1f],start_interpolation: 0,interpolation_duration: 1}
$data merge entity $(bone_neck) {transformation: [-0.9613f,0.0643f,-0.2679f,0.0113f,0.0064f,0.9774f,0.2115f,0.936f,0.2754f,0.2016f,-0.94f,0.0356f,0f,0f,0f,1f],start_interpolation: 0,interpolation_duration: 1}
$data merge entity $(bone_finger_left2) {transformation: [0.7546f,0.3867f,-0.53f,0.4865f,0.5244f,-0.841f,0.1329f,0.2299f,-0.3944f,-0.3782f,-0.8375f,-0.2171f,0f,0f,0f,1f],start_interpolation: 0,interpolation_duration: 1}
$data merge entity $(bone_finger_left) {transformation: [0.272f,0.8032f,-0.53f,0.5205f,0.9621f,-0.2381f,0.1329f,0.3502f,-0.0194f,-0.5461f,-0.8375f,-0.2195f,0f,0f,0f,1f],start_interpolation: 0,interpolation_duration: 1}
$data merge entity $(bone_finger_left4) {transformation: [0.8403f,0.1141f,-0.53f,0.4252f,0.2152f,-0.9675f,0.1329f,0.2467f,-0.4976f,-0.2258f,-0.8375f,-0.2876f,0f,0f,0f,1f],start_interpolation: 0,interpolation_duration: 1}
$data merge entity $(bone_finger_left3) {transformation: [0.3646f,0.7656f,-0.53f,0.4708f,0.9274f,-0.3496f,0.1329f,0.3626f,-0.0836f,-0.54f,-0.8375f,-0.298f,0f,0f,0f,1f],start_interpolation: 0,interpolation_duration: 1}
$data merge entity $(bone_thumb_left2) {transformation: [0.1553f,0.9653f,0.2099f,0.5101f,-0.2895f,-0.1587f,0.9439f,0.3196f,0.9445f,-0.2073f,0.2548f,-0.0707f,0f,0f,0f,1f],start_interpolation: 0,interpolation_duration: 1}
$data merge entity $(bone_thumb_left) {transformation: [0.2512f,0.9653f,0.0713f,0.5112f,0.3479f,-0.1587f,0.924f,0.4242f,0.9033f,-0.2073f,-0.3757f,-0.1459f,0f,0f,0f,1f],start_interpolation: 0,interpolation_duration: 1}
$data merge entity $(bone_hand_left) {transformation: [-0.3644f,0.7657f,-0.53f,0.3908f,0.8561f,0.4995f,0.1329f,0.4589f,0.3665f,-0.4053f,-0.8375f,-0.1762f,0f,0f,0f,1f],start_interpolation: 0,interpolation_duration: 1}
$data merge entity $(bone_arm_left2) {transformation: [-0.4186f,0.7657f,-0.4884f,0.2557f,0.8653f,0.4995f,0.0414f,0.6779f,0.2756f,-0.4053f,-0.8716f,-0.1617f,0f,0f,0f,1f],start_interpolation: 0,interpolation_duration: 1}
$data merge entity $(bone_arm_left) {transformation: [-0.4007f,0.7657f,-0.5032f,0.1869f,0.8633f,0.4995f,0.0726f,0.8892f,0.3069f,-0.4053f,-0.8611f,-0.0312f,0f,0f,0f,1f],start_interpolation: 0,interpolation_duration: 1}
$data merge entity $(bone_finger_right2) {transformation: [0.742f,-0.2599f,-0.618f,-0.3403f,-0.4864f,-0.8431f,-0.2294f,0.2736f,-0.4614f,0.4708f,-0.752f,0.4166f,0f,0f,0f,1f],start_interpolation: 0,interpolation_duration: 1}
$data merge entity $(bone_finger_right) {transformation: [0.339f,-0.7093f,-0.618f,-0.3827f,-0.9407f,-0.2498f,-0.2294f,0.3912f,0.0084f,0.6592f,-0.752f,0.4156f,0f,0f,0f,1f],start_interpolation: 0,interpolation_duration: 1}
$data merge entity $(bone_finger_right4) {transformation: [0.7862f,-0.0024f,-0.618f,-0.3883f,-0.1833f,-0.9559f,-0.2294f,0.2565f,-0.5902f,0.2936f,-0.752f,0.3366f,0f,0f,0f,1f],start_interpolation: 0,interpolation_duration: 1}
$data merge entity $(bone_finger_right3) {transformation: [0.4189f,-0.6653f,-0.618f,-0.4406f,-0.9055f,-0.357f,-0.2294f,0.3696f,-0.068f,0.6557f,-0.752f,0.3451f,0f,0f,0f,1f],start_interpolation: 0,interpolation_duration: 1}
$data merge entity $(bone_thumb_right2) {transformation: [-0.8811f,-0.471f,-0.0435f,-0.2355f,-0.0306f,-0.0351f,0.9989f,0.4055f,-0.472f,0.8814f,0.0166f,0.4534f,0f,0f,0f,1f],start_interpolation: 0,interpolation_duration: 1}
$data merge entity $(bone_thumb_right) {transformation: [-0.6629f,-0.471f,-0.582f,-0.329f,-0.6451f,-0.0351f,0.7633f,0.4807f,-0.3799f,0.8814f,-0.2805f,0.4064f,0f,0f,0f,1f],start_interpolation: 0,interpolation_duration: 1}
$data merge entity $(bone_hand_right) {transformation: [-0.2638f,-0.7406f,-0.618f,-0.3242f,-0.8405f,0.4908f,-0.2294f,0.4811f,0.4732f,0.4589f,-0.752f,0.2777f,0f,0f,0f,1f],start_interpolation: 0,interpolation_duration: 1}
$data merge entity $(bone_arm_right2) {transformation: [-0.2356f,-0.7406f,-0.6293f,-0.3046f,-0.8293f,0.4908f,-0.2671f,0.6717f,0.5067f,0.4589f,-0.7298f,0.1054f,0f,0f,0f,1f],start_interpolation: 0,interpolation_duration: 1}
$data merge entity $(bone_arm_right) {transformation: [-0.4179f,-0.7406f,-0.5262f,-0.1672f,-0.8713f,0.4908f,0.0012f,0.8894f,0.2574f,0.4589f,-0.8504f,0.0942f,0f,0f,0f,1f],start_interpolation: 0,interpolation_duration: 1}
$data merge entity $(bone_torso) {transformation: [-0.9613f,0.0315f,-0.2737f,0f,0.0064f,0.9957f,0.092f,0.5781f,0.2754f,0.0867f,-0.9574f,0.0044f,0f,0f,0f,1f],start_interpolation: 0,interpolation_duration: 1}
$data merge entity $(bone_foot_right) {transformation: [-1f,0f,0f,-0.1562f,0f,0.84f,0.5426f,0.1835f,0f,0.5426f,-0.84f,-0.2035f,0f,0f,0f,1f],start_interpolation: 0,interpolation_duration: 1}
$data merge entity $(bone_leg_right3) {transformation: [-1f,0f,0f,-0.1562f,0f,0.9283f,0.3719f,0.2908f,0f,0.3719f,-0.9283f,-0.0932f,0f,0f,0f,1f],start_interpolation: 0,interpolation_duration: 1}
$data merge entity $(bone_leg_right2) {transformation: [-1f,0f,0f,-0.1562f,0f,0.9602f,0.2794f,0.4495f,0f,0.2794f,-0.9602f,-0.0795f,0f,0f,0f,1f],start_interpolation: 0,interpolation_duration: 1}
$data merge entity $(bone_leg_right) {transformation: [-1f,0f,0f,-0.125f,0f,0.9602f,0.2794f,0.5395f,0f,0.2794f,-0.9602f,-0.0533f,0f,0f,0f,1f],start_interpolation: 0,interpolation_duration: 1}
$data merge entity $(bone_foot_left) {transformation: [-1f,0f,0f,0.1562f,0f,0.9986f,0.0531f,0.1294f,0f,0.0531f,-0.9986f,0.0764f,0f,0f,0f,1f],start_interpolation: 0,interpolation_duration: 1}
$data merge entity $(bone_leg_left3) {transformation: [-1f,0f,0f,0.1562f,0f,0.9985f,-0.0555f,0.2733f,0f,-0.0555f,-0.9985f,0.131f,0f,0f,0f,1f],start_interpolation: 0,interpolation_duration: 1}
$data merge entity $(bone_leg_left2) {transformation: [-1f,0f,0f,0.1562f,0f,0.9884f,-0.1518f,0.423f,0f,-0.1518f,-0.9884f,0.0764f,0f,0f,0f,1f],start_interpolation: 0,interpolation_duration: 1}
$data merge entity $(bone_leg_left) {transformation: [-1f,0f,0f,0.125f,0f,0.9884f,-0.1518f,0.5156f,0f,-0.1518f,-0.9884f,0.0622f,0f,0f,0f,1f],start_interpolation: 0,interpolation_duration: 1}