# This file was generated by Animated Java via MC-Build. It is not recommended to edit this file directly.
$data merge entity $(bone_eyelid_right) {transformation: [-0.9987f,0.0328f,0.0382f,-0.1473f,0.0355f,0.9968f,0.0717f,1.2065f,-0.0357f,0.073f,-0.9967f,0.2945f,0f,0f,0f,1f],start_interpolation: 0,interpolation_duration: 1}
$data merge entity $(bone_eye_right) {transformation: [-0.9987f,0.0328f,0.0382f,-0.1472f,0.0355f,0.9968f,0.0717f,1.2066f,-0.0357f,0.073f,-0.9967f,0.293f,0f,0f,0f,1f],start_interpolation: 0,interpolation_duration: 1}
$data merge entity $(bone_eyelid_left) {transformation: [-0.9893f,-0.1412f,0.0382f,-0.1454f,-0.1382f,0.9878f,0.0717f,1.1876f,-0.0478f,0.0657f,-0.9967f,0.2917f,0f,0f,0f,1f],start_interpolation: 0,interpolation_duration: 1}
$data merge entity $(bone_eye_left) {transformation: [-0.9893f,-0.1412f,0.0382f,0.071f,-0.1382f,0.9878f,0.0717f,1.2179f,-0.0478f,0.0657f,-0.9967f,0.3021f,0f,0f,0f,1f],start_interpolation: 0,interpolation_duration: 1}
$data merge entity $(bone_mouth_closed) {transformation: [-0.9978f,-0.0544f,0.0382f,-0.0507f,-0.0516f,0.9961f,0.0717f,1.0396f,-0.0419f,0.0696f,-0.9967f,0.0645f,0f,0f,0f,1f],start_interpolation: 0,interpolation_duration: 1}
$data merge entity $(bone_mouth_open) {transformation: [-0.9978f,-0.0544f,0.0382f,-0.0488f,-0.0516f,0.9961f,0.0717f,1.0089f,-0.0419f,0.0696f,-0.9967f,0.0561f,0f,0f,0f,1f],start_interpolation: 0,interpolation_duration: 1}
$data merge entity $(bone_head) {transformation: [-0.9978f,-0.0544f,0.0382f,-0.0178f,-0.0516f,0.9961f,0.0717f,1.0101f,-0.0419f,0.0696f,-0.9967f,0.0637f,0f,0f,0f,1f],start_interpolation: 0,interpolation_duration: 1}
$data merge entity $(bone_neck) {transformation: [-0.9703f,-0.0591f,0.2346f,-0.0132f,-0.0077f,0.9767f,0.2144f,0.9338f,-0.2418f,0.2062f,-0.9482f,0.0476f,0f,0f,0f,1f],start_interpolation: 0,interpolation_duration: 1}
$data merge entity $(bone_finger_left2) {transformation: [0.1936f,0.7016f,0.6858f,0.3892f,0.9723f,-0.0437f,-0.2297f,0.2456f,-0.1311f,0.7113f,-0.6906f,0.407f,0f,0f,0f,1f],start_interpolation: 0,interpolation_duration: 1}
$data merge entity $(bone_finger_left) {transformation: [0.0012f,0.7278f,0.6858f,0.3893f,0.9493f,0.2148f,-0.2297f,0.3643f,-0.3145f,0.6513f,-0.6906f,0.3677f,0f,0f,0f,1f],start_interpolation: 0,interpolation_duration: 1}
$data merge entity $(bone_finger_left4) {transformation: [0.4948f,0.5337f,0.6858f,0.4377f,0.843f,-0.4864f,-0.2297f,0.2212f,0.211f,0.6918f,-0.6906f,0.3276f,0f,0f,0f,1f],start_interpolation: 0,interpolation_duration: 1}
$data merge entity $(bone_finger_left3) {transformation: [0.1272f,0.7166f,0.6858f,0.4536f,0.9721f,0.0473f,-0.2297f,0.3428f,-0.197f,0.6959f,-0.6906f,0.3029f,0f,0f,0f,1f],start_interpolation: 0,interpolation_duration: 1}
$data merge entity $(bone_thumb_left2) {transformation: [-0.7788f,0.5677f,0.2669f,0.2602f,0.4397f,0.1905f,0.8777f,0.3846f,0.4475f,0.8009f,-0.3979f,0.4284f,0f,0f,0f,1f],start_interpolation: 0,interpolation_duration: 1}
$data merge entity $(bone_thumb_left) {transformation: [-0.6811f,0.5677f,0.4624f,0.3393f,0.6551f,0.1905f,0.7311f,0.4556f,0.327f,0.8009f,-0.5017f,0.3555f,0f,0f,0f,1f],start_interpolation: 0,interpolation_duration: 1}
$data merge entity $(bone_hand_left) {transformation: [-0.1912f,0.7022f,0.6858f,0.3477f,0.8587f,0.4581f,-0.2297f,0.4591f,-0.4754f,0.545f,-0.6906f,0.227f,0f,0f,0f,1f],start_interpolation: 0,interpolation_duration: 1}
$data merge entity $(bone_arm_left2) {transformation: [-0.2999f,0.7022f,0.6457f,0.3131f,0.8846f,0.4581f,-0.0873f,0.6748f,-0.3571f,0.545f,-0.7586f,0.0903f,0f,0f,0f,1f],start_interpolation: 0,interpolation_duration: 1}
$data merge entity $(bone_arm_left) {transformation: [-0.4431f,0.7022f,0.5572f,0.1675f,0.8804f,0.4581f,0.1229f,0.8872f,-0.169f,0.545f,-0.8212f,0.0994f,0f,0f,0f,1f],start_interpolation: 0,interpolation_duration: 1}
$data merge entity $(bone_finger_right2) {transformation: [0.6082f,-0.6034f,0.5158f,-0.5031f,-0.6982f,-0.7158f,-0.0141f,0.2734f,0.3777f,-0.3516f,-0.8566f,-0.2693f,0f,0f,0f,1f],start_interpolation: 0,interpolation_duration: 1}
$data merge entity $(bone_finger_right) {transformation: [0.0767f,-0.8532f,0.5158f,-0.5127f,-0.9951f,-0.098f,-0.0141f,0.3978f,0.0626f,-0.5122f,-0.8566f,-0.2771f,0f,0f,0f,1f],start_interpolation: 0,interpolation_duration: 1}
$data merge entity $(bone_finger_right4) {transformation: [0.7811f,-0.3517f,0.5158f,-0.4414f,-0.4028f,-0.9152f,-0.0141f,0.2746f,0.477f,-0.1968f,-0.8566f,-0.3416f,0f,0f,0f,1f],start_interpolation: 0,interpolation_duration: 1}
$data merge entity $(bone_finger_right3) {transformation: [0.1832f,-0.8369f,0.5158f,-0.4643f,-0.9749f,-0.2221f,-0.0141f,0.3965f,0.1264f,-0.5003f,-0.8566f,-0.3574f,0f,0f,0f,1f],start_interpolation: 0,interpolation_duration: 1}
$data merge entity $(bone_thumb_right2) {transformation: [0.1929f,-0.981f,-0.0218f,-0.5076f,0.1299f,0.0035f,0.9915f,0.3787f,-0.9726f,-0.1941f,0.1281f,-0.1275f,0f,0f,0f,1f],start_interpolation: 0,interpolation_duration: 1}
$data merge entity $(bone_thumb_right) {transformation: [0.1713f,-0.981f,0.0913f,-0.4908f,-0.4548f,0.0035f,0.8906f,0.4758f,-0.8739f,-0.1941f,-0.4456f,-0.2105f,0f,0f,0f,1f],start_interpolation: 0,interpolation_duration: 1}
$data merge entity $(bone_hand_right) {transformation: [-0.4908f,-0.7022f,0.5158f,-0.3679f,-0.8244f,0.5659f,-0.0141f,0.4906f,-0.282f,-0.4322f,-0.8566f,-0.2462f,0f,0f,0f,1f],start_interpolation: 0,interpolation_duration: 1}
$data merge entity $(bone_arm_right2) {transformation: [-0.3943f,-0.7022f,0.5929f,-0.2323f,-0.8144f,0.5659f,0.1285f,0.7022f,-0.4257f,-0.4322f,-0.795f,-0.1895f,0f,0f,0f,1f],start_interpolation: 0,interpolation_duration: 1}
$data merge entity $(bone_arm_right) {transformation: [-0.3256f,-0.7022f,0.6332f,-0.1905f,-0.795f,0.5659f,0.2187f,0.8873f,-0.5119f,-0.4322f,-0.7424f,-0.0151f,0f,0f,0f,1f],start_interpolation: 0,interpolation_duration: 1}
$data merge entity $(bone_torso) {transformation: [-0.9703f,-0.0367f,0.2391f,0f,-0.0077f,0.9926f,0.1212f,0.5771f,-0.2418f,0.1158f,-0.9634f,0.0059f,0f,0f,0f,1f],start_interpolation: 0,interpolation_duration: 1}
$data merge entity $(bone_foot_right) {transformation: [-0.9982f,-0.045f,0.039f,-0.1562f,-0.0534f,0.9661f,-0.2526f,0.1531f,-0.0263f,-0.2542f,-0.9668f,0.1788f,0f,0f,0f,1f],start_interpolation: 0,interpolation_duration: 1}
$data merge entity $(bone_leg_right3) {transformation: [-1f,0f,0f,-0.1562f,0f,0.9457f,-0.325f,0.3064f,0f,-0.325f,-0.9457f,0.1922f,0f,0f,0f,1f],start_interpolation: 0,interpolation_duration: 1}
$data merge entity $(bone_leg_right2) {transformation: [-1f,0f,0f,-0.1562f,0f,0.9239f,-0.3827f,0.4388f,0f,-0.3827f,-0.9239f,0.1036f,0f,0f,0f,1f],start_interpolation: 0,interpolation_duration: 1}
$data merge entity $(bone_leg_right) {transformation: [-1f,0f,0f,-0.125f,0f,0.9239f,-0.3827f,0.5254f,0f,-0.3827f,-0.9239f,0.0677f,0f,0f,0f,1f],start_interpolation: 0,interpolation_duration: 1}
$data merge entity $(bone_foot_left) {transformation: [-1f,0f,0f,0.1563f,0f,0.9362f,0.3516f,0.1519f,0f,0.3516f,-0.9362f,-0.2089f,0f,0f,0f,1f],start_interpolation: 0,interpolation_duration: 1}
$data merge entity $(bone_leg_left3) {transformation: [-1f,0f,0f,0.1563f,0f,0.9603f,0.279f,0.2695f,0f,0.279f,-0.9603f,-0.1096f,0f,0f,0f,1f],start_interpolation: 0,interpolation_duration: 1}
$data merge entity $(bone_leg_left2) {transformation: [-1f,0f,0f,0.1563f,0f,0.9429f,0.3332f,0.4272f,0f,0.3332f,-0.9429f,-0.087f,0f,0f,0f,1f],start_interpolation: 0,interpolation_duration: 1}
$data merge entity $(bone_leg_left) {transformation: [-1f,0f,0f,0.125f,0f,0.9429f,0.3332f,0.5156f,0f,0.3332f,-0.9429f,-0.0558f,0f,0f,0f,1f],start_interpolation: 0,interpolation_duration: 1}