# This file was generated by Animated Java via MC-Build. It is not recommended to edit this file directly.
$data merge entity $(bone_eyelid_right) {transformation: [-0.9977f,0.029f,0.0616f,-0.1543f,0.0329f,0.9975f,0.0624f,1.2094f,-0.0597f,0.0643f,-0.9961f,0.2865f,0f,0f,0f,1f],start_interpolation: 0,interpolation_duration: 1}
$data merge entity $(bone_eye_right) {transformation: [-0.9977f,0.029f,0.0616f,-0.1542f,0.0329f,0.9975f,0.0624f,1.2095f,-0.0597f,0.0643f,-0.9961f,0.2849f,0f,0f,0f,1f],start_interpolation: 0,interpolation_duration: 1}
$data merge entity $(bone_eyelid_left) {transformation: [-0.9876f,-0.1447f,0.0616f,-0.1522f,-0.1409f,0.9881f,0.0624f,1.1906f,-0.0699f,0.0529f,-0.9961f,0.2839f,0f,0f,0f,1f],start_interpolation: 0,interpolation_duration: 1}
$data merge entity $(bone_eye_left) {transformation: [-0.9876f,-0.1447f,0.0616f,0.0638f,-0.1409f,0.9881f,0.0624f,1.2214f,-0.0699f,0.0529f,-0.9961f,0.2992f,0f,0f,0f,1f],start_interpolation: 0,interpolation_duration: 1}
$data merge entity $(bone_mouth_closed) {transformation: [-0.9964f,-0.0581f,0.0616f,-0.0519f,-0.0542f,0.9966f,0.0624f,1.0406f,-0.0651f,0.0588f,-0.9961f,0.0605f,0f,0f,0f,1f],start_interpolation: 0,interpolation_duration: 1}
$data merge entity $(bone_mouth_open) {transformation: [-0.9964f,-0.0581f,0.0616f,-0.0497f,-0.0542f,0.9966f,0.0624f,1.0098f,-0.0651f,0.0588f,-0.9961f,0.0524f,0f,0f,0f,1f],start_interpolation: 0,interpolation_duration: 1}
$data merge entity $(bone_head) {transformation: [-0.9964f,-0.0581f,0.0616f,-0.019f,-0.0542f,0.9966f,0.0624f,1.0111f,-0.0651f,0.0588f,-0.9961f,0.0607f,0f,0f,0f,1f],start_interpolation: 0,interpolation_duration: 1}
$data merge entity $(bone_neck) {transformation: [-0.964f,-0.0668f,0.2575f,-0.0138f,-0.0088f,0.9755f,0.22f,0.9349f,-0.2659f,0.2098f,-0.9409f,0.0443f,0f,0f,0f,1f],start_interpolation: 0,interpolation_duration: 1}
$data merge entity $(bone_finger_left2) {transformation: [0.1965f,0.7104f,0.6758f,0.3811f,0.967f,-0.0264f,-0.2535f,0.2542f,-0.1622f,0.7033f,-0.6921f,0.4203f,0f,0f,0f,1f],start_interpolation: 0,interpolation_duration: 1}
$data merge entity $(bone_finger_left) {transformation: [0.006f,0.7371f,0.6758f,0.3818f,0.9409f,0.2248f,-0.2535f,0.3718f,-0.3387f,0.6373f,-0.6921f,0.378f,0f,0f,0f,1f],start_interpolation: 0,interpolation_duration: 1}
$data merge entity $(bone_finger_left4) {transformation: [0.5024f,0.5394f,0.6758f,0.4285f,0.8455f,-0.4699f,-0.2535f,0.2274f,0.1808f,0.6987f,-0.6921f,0.3409f,0f,0f,0f,1f],start_interpolation: 0,interpolation_duration: 1}
$data merge entity $(bone_finger_left3) {transformation: [0.1339f,0.7248f,0.6758f,0.4452f,0.9656f,0.058f,-0.2535f,0.3481f,-0.2229f,0.6865f,-0.6921f,0.3131f,0f,0f,0f,1f],start_interpolation: 0,interpolation_duration: 1}
$data merge entity $(bone_thumb_left2) {transformation: [-0.7667f,0.5799f,0.2753f,0.2539f,0.4633f,0.2031f,0.8626f,0.3953f,0.4443f,0.7889f,-0.4245f,0.4399f,0f,0f,0f,1f],start_interpolation: 0,interpolation_duration: 1}
$data merge entity $(bone_thumb_left) {transformation: [-0.6694f,0.5799f,0.4643f,0.3328f,0.6708f,0.2031f,0.7133f,0.4635f,0.3193f,0.7889f,-0.525f,0.3643f,0f,0f,0f,1f],start_interpolation: 0,interpolation_duration: 1}
$data merge entity $(bone_hand_left) {transformation: [-0.185f,0.7135f,0.6758f,0.34f,0.8506f,0.4606f,-0.2535f,0.4641f,-0.4921f,0.5279f,-0.6921f,0.2356f,0f,0f,0f,1f],start_interpolation: 0,interpolation_duration: 1}
$data merge entity $(bone_arm_left2) {transformation: [-0.28f,0.7135f,0.6423f,0.3102f,0.8782f,0.4606f,-0.1289f,0.6756f,-0.3878f,0.5279f,-0.7555f,0.0914f,0f,0f,0f,1f],start_interpolation: 0,interpolation_duration: 1}
$data merge entity $(bone_arm_left) {transformation: [-0.443f,0.7135f,0.5428f,0.1655f,0.8804f,0.4606f,0.113f,0.8886f,-0.1694f,0.5279f,-0.8322f,0.1011f,0f,0f,0f,1f],start_interpolation: 0,interpolation_duration: 1}
$data merge entity $(bone_finger_right2) {transformation: [0.5132f,-0.688f,0.5131f,-0.5015f,-0.8001f,-0.5998f,-0.0039f,0.2599f,0.3105f,-0.4086f,-0.8583f,-0.273f,0f,0f,0f,1f],start_interpolation: 0,interpolation_duration: 1}
$data merge entity $(bone_finger_right) {transformation: [0.0272f,-0.8579f,0.5131f,-0.5049f,-0.9994f,-0.034f,-0.0039f,0.3848f,0.0208f,-0.5127f,-0.8583f,-0.2756f,0f,0f,0f,1f],start_interpolation: 0,interpolation_duration: 1}
$data merge entity $(bone_finger_right4) {transformation: [0.7333f,-0.446f,0.5131f,-0.4389f,-0.5176f,-0.8556f,-0.0039f,0.2613f,0.4408f,-0.2627f,-0.8583f,-0.3448f,0f,0f,0f,1f],start_interpolation: 0,interpolation_duration: 1}
$data merge entity $(bone_finger_right3) {transformation: [0.1432f,-0.8463f,0.5131f,-0.4568f,-0.9856f,-0.1691f,-0.0039f,0.3845f,0.0901f,-0.5052f,-0.8583f,-0.3561f,0f,0f,0f,1f],start_interpolation: 0,interpolation_duration: 1}
$data merge entity $(bone_thumb_right2) {transformation: [0.2189f,-0.9756f,0.0151f,-0.5062f,0.0604f,0.029f,0.9978f,0.3666f,-0.9739f,-0.2175f,0.0653f,-0.1275f,0f,0f,0f,1f],start_interpolation: 0,interpolation_duration: 1}
$data merge entity $(bone_thumb_right) {transformation: [0.181f,-0.9756f,0.124f,-0.485f,-0.4541f,0.029f,0.8905f,0.4637f,-0.8724f,-0.2175f,-0.4378f,-0.2095f,0f,0f,0f,1f],start_interpolation: 0,interpolation_duration: 1}
$data merge entity $(bone_hand_right) {transformation: [-0.4687f,-0.7191f,0.5131f,-0.3627f,-0.839f,0.5441f,-0.0039f,0.4818f,-0.2764f,-0.4324f,-0.8583f,-0.2456f,0f,0f,0f,1f],start_interpolation: 0,interpolation_duration: 1}
$data merge entity $(bone_arm_right2) {transformation: [-0.3726f,-0.7191f,0.5866f,-0.2329f,-0.827f,0.5441f,0.1417f,0.6974f,-0.421f,-0.4324f,-0.7974f,-0.1902f,0f,0f,0f,1f],start_interpolation: 0,interpolation_duration: 1}
$data merge entity $(bone_arm_right) {transformation: [-0.3272f,-0.7191f,0.6131f,-0.1894f,-0.8139f,0.5441f,0.2038f,0.8881f,-0.4801f,-0.4324f,-0.7633f,-0.0225f,0f,0f,0f,1f],start_interpolation: 0,interpolation_duration: 1}
$data merge entity $(bone_torso) {transformation: [-0.964f,-0.0383f,0.2632f,0f,-0.0088f,0.9936f,0.1123f,0.5778f,-0.2659f,0.106f,-0.9582f,0.0062f,0f,0f,0f,1f],start_interpolation: 0,interpolation_duration: 1}
$data merge entity $(bone_foot_right) {transformation: [-0.9995f,-0.027f,0.0159f,-0.1562f,-0.0295f,0.982f,-0.1865f,0.1329f,-0.0106f,-0.1869f,-0.9823f,0.1623f,0f,0f,0f,1f],start_interpolation: 0,interpolation_duration: 1}
$data merge entity $(bone_leg_right3) {transformation: [-1f,0f,0f,-0.1562f,0f,0.9401f,-0.3408f,0.2865f,0f,-0.3408f,-0.9401f,0.1732f,0f,0f,0f,1f],start_interpolation: 0,interpolation_duration: 1}
$data merge entity $(bone_leg_right2) {transformation: [-1f,0f,0f,-0.1562f,0f,0.9541f,-0.2994f,0.4262f,0f,-0.2994f,-0.9541f,0.0966f,0f,0f,0f,1f],start_interpolation: 0,interpolation_duration: 1}
$data merge entity $(bone_leg_right) {transformation: [-1f,0f,0f,-0.125f,0f,0.9541f,-0.2994f,0.5156f,0f,-0.2994f,-0.9541f,0.0685f,0f,0f,0f,1f],start_interpolation: 0,interpolation_duration: 1}
$data merge entity $(bone_foot_left) {transformation: [-1f,0f,0f,0.1563f,0f,0.889f,0.4579f,0.1596f,0f,0.4579f,-0.889f,-0.2142f,0f,0f,0f,1f],start_interpolation: 0,interpolation_duration: 1}
$data merge entity $(bone_leg_left3) {transformation: [-1f,0f,0f,0.1563f,0f,0.9537f,0.3007f,0.2749f,0f,0.3007f,-0.9537f,-0.1123f,0f,0f,0f,1f],start_interpolation: 0,interpolation_duration: 1}
$data merge entity $(bone_leg_left2) {transformation: [-1f,0f,0f,0.1563f,0f,0.9397f,0.342f,0.4324f,0f,0.342f,-0.9397f,-0.0882f,0f,0f,0f,1f],start_interpolation: 0,interpolation_duration: 1}
$data merge entity $(bone_leg_left) {transformation: [-1f,0f,0f,0.125f,0f,0.9397f,0.342f,0.5205f,0f,0.342f,-0.9397f,-0.0561f,0f,0f,0f,1f],start_interpolation: 0,interpolation_duration: 1}