# This file was generated by Animated Java via MC-Build. It is not recommended to edit this file directly.
$data merge entity $(bone_eyelid_right) {transformation: [-0.9946f,0.0369f,0.0969f,-0.1579f,0.0404f,0.9986f,0.0337f,1.2042f,-0.0955f,0.0375f,-0.9947f,0.2607f,0f,0f,0f,1f],start_interpolation: 0,interpolation_duration: 1}
$data merge entity $(bone_eye_right) {transformation: [-0.9946f,0.0369f,0.0969f,-0.1577f,0.0404f,0.9986f,0.0337f,1.2042f,-0.0955f,0.0375f,-0.9947f,0.2591f,0f,0f,0f,1f],start_interpolation: 0,interpolation_duration: 1}
$data merge entity $(bone_eyelid_left) {transformation: [-0.9859f,-0.1363f,0.0969f,-0.156f,-0.1337f,0.9905f,0.0337f,1.1852f,-0.1005f,0.0203f,-0.9947f,0.2587f,0f,0f,0f,1f],start_interpolation: 0,interpolation_duration: 1}
$data merge entity $(bone_eye_left) {transformation: [-0.9859f,-0.1363f,0.0969f,0.0597f,-0.1337f,0.9905f,0.0337f,1.2145f,-0.1005f,0.0203f,-0.9947f,0.2807f,0f,0f,0f,1f],start_interpolation: 0,interpolation_duration: 1}
$data merge entity $(bone_mouth_closed) {transformation: [-0.994f,-0.0499f,0.0969f,-0.0495f,-0.0468f,0.9983f,0.0337f,1.0281f,-0.0984f,0.029f,-0.9947f,0.0432f,0f,0f,0f,1f],start_interpolation: 0,interpolation_duration: 1}
$data merge entity $(bone_mouth_open) {transformation: [-0.994f,-0.0499f,0.0969f,-0.0473f,-0.0468f,0.9983f,0.0337f,0.9971f,-0.0984f,0.029f,-0.9947f,0.0361f,0f,0f,0f,1f],start_interpolation: 0,interpolation_duration: 1}
$data merge entity $(bone_head) {transformation: [-0.994f,-0.0499f,0.0969f,-0.0169f,-0.0468f,0.9983f,0.0337f,0.9984f,-0.0984f,0.029f,-0.9947f,0.0453f,0f,0f,0f,1f],start_interpolation: 0,interpolation_duration: 1}
$data merge entity $(bone_neck) {transformation: [-0.9627f,-0.0652f,0.2625f,-0.0118f,-0.0109f,0.9791f,0.2032f,0.9219f,-0.2702f,0.1927f,-0.9433f,0.0303f,0f,0f,0f,1f],start_interpolation: 0,interpolation_duration: 1}
$data merge entity $(bone_finger_left2) {transformation: [0.4618f,0.6684f,0.5831f,0.4016f,0.8862f,-0.3756f,-0.2713f,0.2575f,0.0377f,0.642f,-0.7658f,0.3953f,0f,0f,0f,1f],start_interpolation: 0,interpolation_duration: 1}
$data merge entity $(bone_finger_left) {transformation: [0.1127f,0.8046f,0.5831f,0.4157f,0.9605f,0.0621f,-0.2713f,0.3775f,-0.2545f,0.5906f,-0.7658f,0.3635f,0f,0f,0f,1f],start_interpolation: 0,interpolation_duration: 1}
$data merge entity $(bone_finger_left4) {transformation: [0.6957f,0.4196f,0.5831f,0.4412f,0.6536f,-0.7065f,-0.2713f,0.2322f,0.2981f,0.5698f,-0.7658f,0.312f,0f,0f,0f,1f],start_interpolation: 0,interpolation_duration: 1}
$data merge entity $(bone_finger_left3) {transformation: [0.2332f,0.7782f,0.5831f,0.4704f,0.9588f,-0.084f,-0.2713f,0.3521f,-0.1622f,0.6223f,-0.7658f,0.2917f,0f,0f,0f,1f],start_interpolation: 0,interpolation_duration: 1}
$data merge entity $(bone_thumb_left2) {transformation: [-0.768f,0.6173f,0.1705f,0.2856f,0.3209f,0.1405f,0.9366f,0.3987f,0.5543f,0.774f,-0.306f,0.4283f,0f,0f,0f,1f],start_interpolation: 0,interpolation_duration: 1}
$data merge entity $(bone_thumb_left) {transformation: [-0.6316f,0.6173f,0.4689f,0.364f,0.6751f,0.1405f,0.7243f,0.4681f,0.3812f,0.774f,-0.5055f,0.3532f,0f,0f,0f,1f],start_interpolation: 0,interpolation_duration: 1}
$data merge entity $(bone_hand_left) {transformation: [-0.2603f,0.7696f,0.5831f,0.3543f,0.8305f,0.4865f,-0.2713f,0.4642f,-0.4925f,0.4136f,-0.7658f,0.2248f,0f,0f,0f,1f],start_interpolation: 0,interpolation_duration: 1}
$data merge entity $(bone_arm_left2) {transformation: [-0.3079f,0.7696f,0.5594f,0.3122f,0.8502f,0.4865f,-0.2013f,0.6641f,-0.4271f,0.4136f,-0.8041f,0.0678f,0f,0f,0f,1f],start_interpolation: 0,interpolation_duration: 1}
$data merge entity $(bone_arm_left) {transformation: [-0.4717f,0.7696f,0.4304f,0.1674f,0.8697f,0.4865f,0.0832f,0.8763f,-0.1454f,0.4136f,-0.8988f,0.0876f,0f,0f,0f,1f],start_interpolation: 0,interpolation_duration: 1}
$data merge entity $(bone_finger_right2) {transformation: [0.3013f,-0.8623f,0.4071f,-0.5377f,-0.9405f,-0.339f,-0.0221f,0.2227f,0.1571f,-0.3762f,-0.9131f,-0.2173f,0f,0f,0f,1f],start_interpolation: 0,interpolation_duration: 1}
$data merge entity $(bone_finger_right) {transformation: [-0.0939f,-0.9086f,0.4071f,-0.5259f,-0.9954f,0.093f,-0.0221f,0.3471f,-0.0178f,-0.4073f,-0.9131f,-0.2151f,0f,0f,0f,1f],start_interpolation: 0,interpolation_duration: 1}
$data merge entity $(bone_finger_right4) {transformation: [0.6338f,-0.6578f,0.4071f,-0.4818f,-0.7131f,-0.7007f,-0.0221f,0.2203f,0.2998f,-0.2762f,-0.9131f,-0.295f,0f,0f,0f,1f],start_interpolation: 0,interpolation_duration: 1}
$data merge entity $(bone_finger_right3) {transformation: [0.0473f,-0.9122f,0.4071f,-0.4878f,-0.9979f,-0.0616f,-0.0221f,0.3451f,0.0453f,-0.4051f,-0.9131f,-0.3007f,0f,0f,0f,1f],start_interpolation: 0,interpolation_duration: 1}
$data merge entity $(bone_thumb_right2) {transformation: [0.1433f,-0.9838f,0.1076f,-0.523f,-0.1044f,0.0931f,0.9902f,0.335f,-0.9842f,-0.1531f,-0.0894f,-0.0691f,0f,0f,0f,1f],start_interpolation: 0,interpolation_duration: 1}
$data merge entity $(bone_thumb_right) {transformation: [0.0901f,-0.9838f,0.1549f,-0.5008f,-0.4815f,0.0931f,0.8715f,0.4289f,-0.8718f,-0.1531f,-0.4653f,-0.1545f,0f,0f,0f,1f],start_interpolation: 0,interpolation_duration: 1}
$data merge entity $(bone_hand_right) {transformation: [-0.4713f,-0.7824f,0.4071f,-0.3843f,-0.8615f,0.5074f,-0.0221f,0.449f,-0.1892f,-0.3611f,-0.9131f,-0.2057f,0f,0f,0f,1f],start_interpolation: 0,interpolation_duration: 1}
$data merge entity $(bone_arm_right2) {transformation: [-0.399f,-0.7824f,0.4781f,-0.2547f,-0.8536f,0.5074f,0.1179f,0.6698f,-0.3348f,-0.3611f,-0.8703f,-0.1764f,0f,0f,0f,1f],start_interpolation: 0,interpolation_duration: 1}
$data merge entity $(bone_arm_right) {transformation: [-0.3888f,-0.7824f,0.4865f,-0.1879f,-0.8509f,0.5074f,0.1359f,0.874f,-0.3532f,-0.3611f,-0.8631f,-0.0342f,0f,0f,0f,1f],start_interpolation: 0,interpolation_duration: 1}
$data merge entity $(bone_torso) {transformation: [-0.9627f,-0.0327f,0.2685f,0f,-0.0109f,0.9965f,0.0824f,0.5638f,-0.2702f,0.0764f,-0.9598f,0.0028f,0f,0f,0f,1f],start_interpolation: 0,interpolation_duration: 1}
$data merge entity $(bone_foot_right) {transformation: [-1f,0f,0f,-0.1562f,0f,0.998f,0.0631f,0.1291f,0f,0.0631f,-0.998f,0.0562f,0f,0f,0f,1f],start_interpolation: 0,interpolation_duration: 1}
$data merge entity $(bone_leg_right3) {transformation: [-1f,0f,0f,-0.1562f,0f,0.9998f,-0.019f,0.2709f,0f,-0.019f,-0.9998f,0.116f,0f,0f,0f,1f],start_interpolation: 0,interpolation_duration: 1}
$data merge entity $(bone_leg_right2) {transformation: [-1f,0f,0f,-0.1562f,0f,0.9933f,-0.1155f,0.4225f,0f,-0.1155f,-0.9933f,0.067f,0f,0f,0f,1f],start_interpolation: 0,interpolation_duration: 1}
$data merge entity $(bone_leg_right) {transformation: [-1f,0f,0f,-0.125f,0f,0.9933f,-0.1155f,0.5156f,0f,-0.1155f,-0.9933f,0.0561f,0f,0f,0f,1f],start_interpolation: 0,interpolation_duration: 1}
$data merge entity $(bone_foot_left) {transformation: [-1f,0f,0f,0.1563f,0f,0.8048f,0.5936f,0.1973f,0f,0.5936f,-0.8048f,-0.2012f,0f,0f,0f,1f],start_interpolation: 0,interpolation_duration: 1}
$data merge entity $(bone_leg_left3) {transformation: [-1f,0f,0f,0.1563f,0f,0.9078f,0.4193f,0.2988f,0f,0.4193f,-0.9078f,-0.0855f,0f,0f,0f,1f],start_interpolation: 0,interpolation_duration: 1}
$data merge entity $(bone_leg_left2) {transformation: [-1f,0f,0f,0.1563f,0f,0.9654f,0.2608f,0.4578f,0f,0.2608f,-0.9654f,-0.0749f,0f,0f,0f,1f],start_interpolation: 0,interpolation_duration: 1}
$data merge entity $(bone_leg_left) {transformation: [-1f,0f,0f,0.125f,0f,0.9654f,0.2608f,0.5483f,0f,0.2608f,-0.9654f,-0.0505f,0f,0f,0f,1f],start_interpolation: 0,interpolation_duration: 1}