# This file was generated by Animated Java via MC-Build. It is not recommended to edit this file directly.
$data merge entity $(bone_eyelid_right) {transformation: [-0.9933f,0.0458f,0.1064f,-0.1559f,0.0482f,0.9986f,0.0206f,1.2084f,-0.1053f,0.0255f,-0.9941f,0.2477f,0f,0f,0f,1f],start_interpolation: 0,interpolation_duration: 1}
$data merge entity $(bone_eye_right) {transformation: [-0.9933f,0.0458f,0.1064f,-0.1557f,0.0482f,0.9986f,0.0206f,1.2085f,-0.1053f,0.0255f,-0.9941f,0.2462f,0f,0f,0f,1f],start_interpolation: 0,interpolation_duration: 1}
$data merge entity $(bone_eyelid_left) {transformation: [-0.9861f,-0.1274f,0.1064f,-0.1541f,-0.1259f,0.9918f,0.0206f,1.1894f,-0.1082f,0.0069f,-0.9941f,0.246f,0f,0f,0f,1f],start_interpolation: 0,interpolation_duration: 1}
$data merge entity $(bone_eye_left) {transformation: [-0.9861f,-0.1274f,0.1064f,0.0616f,-0.1259f,0.9918f,0.0206f,1.217f,-0.1082f,0.0069f,-0.9941f,0.2696f,0f,0f,0f,1f],start_interpolation: 0,interpolation_duration: 1}
$data merge entity $(bone_mouth_closed) {transformation: [-0.9935f,-0.041f,0.1064f,-0.0471f,-0.039f,0.999f,0.0206f,1.0287f,-0.1072f,0.0163f,-0.9941f,0.0334f,0f,0f,0f,1f],start_interpolation: 0,interpolation_duration: 1}
$data merge entity $(bone_mouth_open) {transformation: [-0.9935f,-0.041f,0.1064f,-0.0451f,-0.039f,0.999f,0.0206f,0.9976f,-0.1072f,0.0163f,-0.9941f,0.0267f,0f,0f,0f,1f],start_interpolation: 0,interpolation_duration: 1}
$data merge entity $(bone_head) {transformation: [-0.9935f,-0.041f,0.1064f,-0.0147f,-0.039f,0.999f,0.0206f,0.9987f,-0.1072f,0.0163f,-0.9941f,0.0363f,0f,0f,0f,1f],start_interpolation: 0,interpolation_duration: 1}
$data merge entity $(bone_neck) {transformation: [-0.9681f,-0.0575f,0.244f,-0.0103f,-0.0119f,0.9828f,0.1843f,0.9219f,-0.2504f,0.1755f,-0.9521f,0.0225f,0f,0f,0f,1f],start_interpolation: 0,interpolation_duration: 1}
$data merge entity $(bone_finger_left2) {transformation: [0.6882f,0.529f,0.4965f,0.4248f,0.7005f,-0.6628f,-0.2647f,0.2676f,0.189f,0.53f,-0.8267f,0.3571f,0f,0f,0f,1f],start_interpolation: 0,interpolation_duration: 1}
$data merge entity $(bone_finger_left) {transformation: [0.2239f,0.8386f,0.4965f,0.4528f,0.9592f,-0.0994f,-0.2647f,0.3875f,-0.1727f,0.5355f,-0.8267f,0.3355f,0f,0f,0f,1f],start_interpolation: 0,interpolation_duration: 1}
$data merge entity $(bone_finger_left4) {transformation: [0.8331f,0.2436f,0.4965f,0.4579f,0.4126f,-0.8716f,-0.2647f,0.2454f,0.3683f,0.4254f,-0.8267f,0.2707f,0f,0f,0f,1f],start_interpolation: 0,interpolation_duration: 1}
$data merge entity $(bone_finger_left3) {transformation: [0.3315f,0.8022f,0.4965f,0.4993f,0.938f,-0.2237f,-0.2647f,0.3626f,-0.1013f,0.5535f,-0.8267f,0.258f,0f,0f,0f,1f],start_interpolation: 0,interpolation_duration: 1}
$data merge entity $(bone_thumb_left2) {transformation: [-0.7603f,0.6445f,0.0811f,0.32f,0.1607f,0.0655f,0.9848f,0.4046f,0.6294f,0.7618f,-0.1534f,0.4033f,0f,0f,0f,1f],start_interpolation: 0,interpolation_duration: 1}
$data merge entity $(bone_thumb_left) {transformation: [-0.5976f,0.6445f,0.4769f,0.3983f,0.6646f,0.0655f,0.7443f,0.4769f,0.4484f,0.7618f,-0.4675f,0.3308f,0f,0f,0f,1f],start_interpolation: 0,interpolation_duration: 1}
$data merge entity $(bone_hand_left) {transformation: [-0.3329f,0.8017f,0.4965f,0.3739f,0.8215f,0.5051f,-0.2647f,0.4718f,-0.463f,0.3198f,-0.8267f,0.2044f,0f,0f,0f,1f],start_interpolation: 0,interpolation_duration: 1}
$data merge entity $(bone_arm_left2) {transformation: [-0.355f,0.8017f,0.481f,0.3153f,0.8326f,0.5051f,-0.2274f,0.6658f,-0.4252f,0.3198f,-0.8467f,0.0452f,0f,0f,0f,1f],start_interpolation: 0,interpolation_duration: 1}
$data merge entity $(bone_arm_left) {transformation: [-0.4961f,0.8017f,0.3335f,0.1704f,0.8606f,0.5051f,0.066f,0.8768f,-0.1156f,0.3198f,-0.9404f,0.0751f,0f,0f,0f,1f],start_interpolation: 0,interpolation_duration: 1}
$data merge entity $(bone_finger_right2) {transformation: [0.1869f,-0.934f,0.3044f,-0.5679f,-0.9769f,-0.2095f,-0.0431f,0.2181f,0.104f,-0.2893f,-0.9516f,-0.159f,0f,0f,0f,1f],start_interpolation: 0,interpolation_duration: 1}
$data merge entity $(bone_finger_right) {transformation: [-0.1616f,-0.9387f,0.3044f,-0.5477f,-0.9868f,0.1559f,-0.0431f,0.3415f,-0.007f,-0.3074f,-0.9516f,-0.1582f,0f,0f,0f,1f],start_interpolation: 0,interpolation_duration: 1}
$data merge entity $(bone_finger_right4) {transformation: [0.5749f,-0.7595f,0.3044f,-0.5201f,-0.7882f,-0.6139f,-0.0431f,0.2126f,0.2196f,-0.2152f,-0.9516f,-0.242f,0f,0f,0f,1f],start_interpolation: 0,interpolation_duration: 1}
$data merge entity $(bone_finger_right3) {transformation: [-0.0074f,-0.9525f,0.3044f,-0.5192f,-0.9991f,-0.006f,-0.0431f,0.3375f,0.0429f,-0.3044f,-0.9516f,-0.2474f,0f,0f,0f,1f],start_interpolation: 0,interpolation_duration: 1}
$data merge entity $(bone_thumb_right2) {transformation: [0.045f,-0.9888f,0.1424f,-0.5347f,-0.1827f,0.132f,0.9743f,0.3333f,-0.9821f,-0.0699f,-0.1747f,-0.0135f,0f,0f,0f,1f],start_interpolation: 0,interpolation_duration: 1}
$data merge entity $(bone_thumb_right) {transformation: [-0.0057f,-0.9888f,0.1492f,-0.5162f,-0.5009f,0.132f,0.8554f,0.4246f,-0.8655f,-0.0699f,-0.496f,-0.1026f,0f,0f,0f,1f],start_interpolation: 0,interpolation_duration: 1}
$data merge entity $(bone_hand_right) {transformation: [-0.4885f,-0.8178f,0.3044f,-0.406f,-0.8647f,0.5005f,-0.0431f,0.4433f,-0.1171f,-0.2843f,-0.9516f,-0.1667f,0f,0f,0f,1f],start_interpolation: 0,interpolation_duration: 1}
$data merge entity $(bone_arm_right2) {transformation: [-0.437f,-0.8178f,0.3745f,-0.2734f,-0.8613f,0.5005f,0.0876f,0.6641f,-0.2591f,-0.2843f,-0.9231f,-0.1596f,0f,0f,0f,1f],start_interpolation: 0,interpolation_duration: 1}
$data merge entity $(bone_arm_right) {transformation: [-0.4348f,-0.8178f,0.3771f,-0.1882f,-0.8608f,0.5005f,0.0928f,0.8735f,-0.2646f,-0.2843f,-0.9215f,-0.0359f,0f,0f,0f,1f],start_interpolation: 0,interpolation_duration: 1}
$data merge entity $(bone_torso) {transformation: [-0.9681f,-0.0285f,0.2491f,0f,-0.0119f,0.9976f,0.0679f,0.5634f,-0.2504f,0.0627f,-0.9661f,0f,0f,0f,0f,1f],start_interpolation: 0,interpolation_duration: 1}
$data merge entity $(bone_foot_right) {transformation: [-1f,0f,0f,-0.1562f,0f,0.9999f,-0.0105f,0.1285f,0f,-0.0105f,-0.9999f,0.0342f,0f,0f,0f,1f],start_interpolation: 0,interpolation_duration: 1}
$data merge entity $(bone_leg_right3) {transformation: [-1f,0f,0f,-0.1562f,0f,1f,-0.0003f,0.2692f,0f,-0.0003f,-1f,0.0966f,0f,0f,0f,1f],start_interpolation: 0,interpolation_duration: 1}
$data merge entity $(bone_leg_right2) {transformation: [-1f,0f,0f,-0.1562f,0f,0.9964f,-0.0852f,0.4222f,0f,-0.0852f,-0.9964f,0.0522f,0f,0f,0f,1f],start_interpolation: 0,interpolation_duration: 1}
$data merge entity $(bone_leg_right) {transformation: [-1f,0f,0f,-0.125f,0f,0.9964f,-0.0852f,0.5156f,0f,-0.0852f,-0.9964f,0.0442f,0f,0f,0f,1f],start_interpolation: 0,interpolation_duration: 1}
$data merge entity $(bone_foot_left) {transformation: [-1f,0f,0f,0.1563f,0f,0.7531f,0.6579f,0.2174f,0f,0.6579f,-0.7531f,-0.1835f,0f,0f,0f,1f],start_interpolation: 0,interpolation_duration: 1}
$data merge entity $(bone_leg_left3) {transformation: [-1f,0f,0f,0.1563f,0f,0.8677f,0.4971f,0.3083f,0f,0.4971f,-0.8677f,-0.0594f,0f,0f,0f,1f],start_interpolation: 0,interpolation_duration: 1}
$data merge entity $(bone_leg_left2) {transformation: [-1f,0f,0f,0.1563f,0f,0.983f,0.1837f,0.4677f,0f,0.1837f,-0.983f,-0.0614f,0f,0f,0f,1f],start_interpolation: 0,interpolation_duration: 1}
$data merge entity $(bone_leg_left) {transformation: [-1f,0f,0f,0.125f,0f,0.983f,0.1837f,0.5598f,0f,0.1837f,-0.983f,-0.0442f,0f,0f,0f,1f],start_interpolation: 0,interpolation_duration: 1}