# This file was generated by Animated Java via MC-Build. It is not recommended to edit this file directly.
$data merge entity $(bone_eyelid_right) {transformation: [-0.9893f,0.1412f,-0.0382f,-0.071f,0.1382f,0.9878f,0.0717f,1.2179f,0.0478f,0.0657f,-0.9967f,0.3037f,0f,0f,0f,1f],start_interpolation: 0,interpolation_duration: 1}
$data merge entity $(bone_eye_right) {transformation: [-0.9893f,0.1412f,-0.0382f,-0.071f,0.1382f,0.9878f,0.0717f,1.218f,0.0478f,0.0657f,-0.9967f,0.3021f,0f,0f,0f,1f],start_interpolation: 0,interpolation_duration: 1}
$data merge entity $(bone_eyelid_left) {transformation: [-0.9987f,-0.0328f,-0.0382f,-0.0712f,-0.0355f,0.9968f,0.0717f,1.199f,0.0357f,0.073f,-0.9967f,0.3008f,0f,0f,0f,1f],start_interpolation: 0,interpolation_duration: 1}
$data merge entity $(bone_eye_left) {transformation: [-0.9987f,-0.0328f,-0.0382f,0.1472f,-0.0355f,0.9968f,0.0717f,1.2067f,0.0357f,0.073f,-0.9967f,0.293f,0f,0f,0f,1f],start_interpolation: 0,interpolation_duration: 1}
$data merge entity $(bone_mouth_closed) {transformation: [-0.9978f,0.0544f,-0.0382f,-0.0117f,0.0516f,0.9961f,0.0717f,1.043f,0.0419f,0.0696f,-0.9967f,0.0672f,0f,0f,0f,1f],start_interpolation: 0,interpolation_duration: 1}
$data merge entity $(bone_mouth_open) {transformation: [-0.9978f,0.0544f,-0.0382f,-0.0136f,0.0516f,0.9961f,0.0717f,1.0123f,0.0419f,0.0696f,-0.9967f,0.0588f,0f,0f,0f,1f],start_interpolation: 0,interpolation_duration: 1}
$data merge entity $(bone_head) {transformation: [-0.9978f,0.0544f,-0.0382f,0.0178f,0.0516f,0.9961f,0.0717f,1.0102f,0.0419f,0.0696f,-0.9967f,0.0637f,0f,0f,0f,1f],start_interpolation: 0,interpolation_duration: 1}
$data merge entity $(bone_neck) {transformation: [-0.9703f,0.0591f,-0.2346f,0.0132f,0.0077f,0.9767f,0.2144f,0.9339f,0.2418f,0.2062f,-0.9482f,0.0476f,0f,0f,0f,1f],start_interpolation: 0,interpolation_duration: 1}
$data merge entity $(bone_finger_left2) {transformation: [0.7734f,0.2119f,-0.5975f,0.4795f,0.3577f,-0.924f,0.1353f,0.245f,-0.5234f,-0.3184f,-0.7904f,-0.2179f,0f,0f,0f,1f],start_interpolation: 0,interpolation_duration: 1}
$data merge entity $(bone_finger_left) {transformation: [0.3312f,0.7303f,-0.5975f,0.5209f,0.9393f,-0.3153f,0.1353f,0.3624f,-0.0896f,-0.6061f,-0.7904f,-0.2291f,0f,0f,0f,1f],start_interpolation: 0,interpolation_duration: 1}
$data merge entity $(bone_finger_left4) {transformation: [0.8012f,-0.0333f,-0.5975f,0.4141f,0.0599f,-0.989f,0.1353f,0.2625f,-0.5954f,-0.1442f,-0.7904f,-0.284f,0f,0f,0f,1f],start_interpolation: 0,interpolation_duration: 1}
$data merge entity $(bone_finger_left3) {transformation: [0.4067f,0.6911f,-0.5975f,0.4649f,0.9006f,-0.413f,0.1353f,0.3751f,-0.1533f,-0.5932f,-0.7904f,-0.3032f,0f,0f,0f,1f],start_interpolation: 0,interpolation_duration: 1}
$data merge entity $(bone_thumb_left2) {transformation: [0.1716f,0.9444f,0.2804f,0.5146f,-0.3702f,-0.202f,0.9067f,0.3308f,0.913f,-0.2594f,0.315f,-0.078f,0f,0f,0f,1f],start_interpolation: 0,interpolation_duration: 1}
$data merge entity $(bone_thumb_left) {transformation: [0.3159f,0.9444f,0.0912f,0.5161f,0.3387f,-0.202f,0.919f,0.4351f,0.8863f,-0.2594f,-0.3837f,-0.1537f,0f,0f,0f,1f],start_interpolation: 0,interpolation_duration: 1}
$data merge entity $(bone_hand_left) {transformation: [-0.35f,0.7214f,-0.5975f,0.3932f,0.8428f,0.521f,0.1353f,0.4679f,0.4089f,-0.4562f,-0.7904f,-0.1737f,0f,0f,0f,1f],start_interpolation: 0,interpolation_duration: 1}
$data merge entity $(bone_arm_left2) {transformation: [-0.4423f,0.7214f,-0.5328f,0.2493f,0.8536f,0.521f,-0.0032f,0.6811f,0.2753f,-0.4562f,-0.8462f,-0.1578f,0f,0f,0f,1f],start_interpolation: 0,interpolation_duration: 1}
$data merge entity $(bone_arm_left) {transformation: [-0.38f,0.7214f,-0.5789f,0.1905f,0.8486f,0.521f,0.0922f,0.8874f,0.3681f,-0.4562f,-0.8102f,-0.0151f,0f,0f,0f,1f],start_interpolation: 0,interpolation_duration: 1}
$data merge entity $(bone_finger_right2) {transformation: [0.6032f,-0.3344f,-0.7241f,-0.304f,-0.7427f,-0.5665f,-0.3571f,0.2826f,-0.2908f,0.7532f,-0.5901f,0.4771f,0f,0f,0f,1f],start_interpolation: 0,interpolation_duration: 1}
$data merge entity $(bone_finger_right) {transformation: [0.3033f,-0.6194f,-0.7241f,-0.3419f,-0.9332f,-0.0396f,-0.3571f,0.3993f,0.1925f,0.7841f,-0.5901f,0.4531f,0f,0f,0f,1f],start_interpolation: 0,interpolation_duration: 1}
$data merge entity $(bone_finger_right4) {transformation: [0.6845f,-0.0845f,-0.7241f,-0.3617f,-0.4768f,-0.8032f,-0.3571f,0.2509f,-0.5515f,0.5897f,-0.5901f,0.4083f,0f,0f,0f,1f],start_interpolation: 0,interpolation_duration: 1}
$data merge entity $(bone_finger_right3) {transformation: [0.3844f,-0.5726f,-0.7241f,-0.4098f,-0.9193f,-0.1657f,-0.3571f,0.3658f,0.0845f,0.8029f,-0.5901f,0.3977f,0f,0f,0f,1f],start_interpolation: 0,interpolation_duration: 1}
$data merge entity $(bone_thumb_right2) {transformation: [-0.9008f,-0.3777f,-0.2143f,-0.197f,-0.281f,0.1307f,0.9508f,0.4279f,-0.3311f,0.9167f,-0.2238f,0.4743f,0f,0f,0f,1f],start_interpolation: 0,interpolation_duration: 1}
$data merge entity $(bone_thumb_right) {transformation: [-0.6675f,-0.3777f,-0.6417f,-0.2981f,-0.7245f,0.1307f,0.6768f,0.4899f,-0.1717f,0.9167f,-0.3608f,0.4239f,0f,0f,0f,1f],start_interpolation: 0,interpolation_duration: 1}
$data merge entity $(bone_hand_right) {transformation: [-0.1058f,-0.6815f,-0.7241f,-0.3167f,-0.788f,0.5016f,-0.3571f,0.4743f,0.6066f,0.5328f,-0.5901f,0.2973f,0f,0f,0f,1f],start_interpolation: 0,interpolation_duration: 1}
$data merge entity $(bone_arm_right2) {transformation: [-0.2292f,-0.6815f,-0.695f,-0.3029f,-0.8378f,0.5016f,-0.2156f,0.6703f,0.4956f,0.5328f,-0.686f,0.1306f,0f,0f,0f,1f],start_interpolation: 0,interpolation_duration: 1}
$data merge entity $(bone_arm_right) {transformation: [-0.386f,-0.6815f,-0.6217f,-0.1675f,-0.865f,0.5016f,-0.0128f,0.8873f,0.3206f,0.5328f,-0.7832f,0.0994f,0f,0f,0f,1f],start_interpolation: 0,interpolation_duration: 1}
$data merge entity $(bone_torso) {transformation: [-0.9703f,0.0367f,-0.2391f,0f,0.0077f,0.9926f,0.1212f,0.5772f,0.2418f,0.1158f,-0.9634f,0.0059f,0f,0f,0f,1f],start_interpolation: 0,interpolation_duration: 1}
$data merge entity $(bone_foot_right) {transformation: [-1f,0f,0f,-0.1562f,0f,0.9346f,0.3556f,0.1519f,0f,0.3556f,-0.9346f,-0.2089f,0f,0f,0f,1f],start_interpolation: 0,interpolation_duration: 1}
$data merge entity $(bone_leg_right3) {transformation: [-1f,0f,0f,-0.1562f,0f,0.9603f,0.279f,0.2695f,0f,0.279f,-0.9603f,-0.1096f,0f,0f,0f,1f],start_interpolation: 0,interpolation_duration: 1}
$data merge entity $(bone_leg_right2) {transformation: [-1f,0f,0f,-0.1562f,0f,0.9429f,0.3332f,0.4272f,0f,0.3332f,-0.9429f,-0.087f,0f,0f,0f,1f],start_interpolation: 0,interpolation_duration: 1}
$data merge entity $(bone_leg_right) {transformation: [-1f,0f,0f,-0.125f,0f,0.9429f,0.3332f,0.5156f,0f,0.3332f,-0.9429f,-0.0558f,0f,0f,0f,1f],start_interpolation: 0,interpolation_duration: 1}
$data merge entity $(bone_foot_left) {transformation: [-0.9982f,0.0448f,-0.0392f,0.1562f,0.0534f,0.965f,-0.2568f,0.1531f,0.0263f,-0.2585f,-0.9657f,0.1788f,0f,0f,0f,1f],start_interpolation: 0,interpolation_duration: 1}
$data merge entity $(bone_leg_left3) {transformation: [-1f,0f,0f,0.1562f,0f,0.9457f,-0.325f,0.3064f,0f,-0.325f,-0.9457f,0.1922f,0f,0f,0f,1f],start_interpolation: 0,interpolation_duration: 1}
$data merge entity $(bone_leg_left2) {transformation: [-1f,0f,0f,0.1562f,0f,0.9239f,-0.3827f,0.4388f,0f,-0.3827f,-0.9239f,0.1036f,0f,0f,0f,1f],start_interpolation: 0,interpolation_duration: 1}
$data merge entity $(bone_leg_left) {transformation: [-1f,0f,0f,0.125f,0f,0.9239f,-0.3827f,0.5254f,0f,-0.3827f,-0.9239f,0.0677f,0f,0f,0f,1f],start_interpolation: 0,interpolation_duration: 1}