# This file was generated by Animated Java via MC-Build. It is not recommended to edit this file directly.
$data merge entity $(bone_eyelid_right) {transformation: [-0.9914f,0.1182f,-0.0558f,-0.0825f,0.1145f,0.9913f,0.0647f,1.2179f,0.063f,0.0577f,-0.9963f,0.3023f,0f,0f,0f,1f],start_interpolation: 0,interpolation_duration: 1}
$data merge entity $(bone_eye_right) {transformation: [-0.9914f,0.1182f,-0.0558f,-0.0826f,0.1145f,0.9913f,0.0647f,1.218f,0.063f,0.0577f,-0.9963f,0.3008f,0f,0f,0f,1f],start_interpolation: 0,interpolation_duration: 1}
$data merge entity $(bone_eyelid_left) {transformation: [-0.9969f,-0.0558f,-0.0558f,-0.0824f,-0.0593f,0.9961f,0.0647f,1.1989f,0.052f,0.0678f,-0.9963f,0.2995f,0f,0f,0f,1f],start_interpolation: 0,interpolation_duration: 1}
$data merge entity $(bone_eye_left) {transformation: [-0.9969f,-0.0558f,-0.0558f,0.1357f,-0.0593f,0.9961f,0.0647f,1.2119f,0.052f,0.0678f,-0.9963f,0.2881f,0f,0f,0f,1f],start_interpolation: 0,interpolation_duration: 1}
$data merge entity $(bone_mouth_closed) {transformation: [-0.9979f,0.0313f,-0.0558f,-0.0228f,0.0277f,0.9975f,0.0647f,1.043f,0.0577f,0.063f,-0.9963f,0.0659f,0f,0f,0f,1f],start_interpolation: 0,interpolation_duration: 1}
$data merge entity $(bone_mouth_open) {transformation: [-0.9979f,0.0313f,-0.0558f,-0.0241f,0.0277f,0.9975f,0.0647f,1.0122f,0.0577f,0.063f,-0.9963f,0.0577f,0f,0f,0f,1f],start_interpolation: 0,interpolation_duration: 1}
$data merge entity $(bone_head) {transformation: [-0.9979f,0.0313f,-0.0558f,0.0074f,0.0277f,0.9975f,0.0647f,1.0109f,0.0577f,0.063f,-0.9963f,0.0621f,0f,0f,0f,1f],start_interpolation: 0,interpolation_duration: 1}
$data merge entity $(bone_neck) {transformation: [-0.9656f,0.0392f,-0.257f,0.0044f,-0.0169f,0.977f,0.2125f,0.9346f,0.2594f,0.2096f,-0.9428f,0.0457f,0f,0f,0f,1f],start_interpolation: 0,interpolation_duration: 1}
$data merge entity $(bone_finger_left2) {transformation: [0.7418f,0.3018f,-0.5989f,0.4846f,0.4616f,-0.8776f,0.1296f,0.2509f,-0.4865f,-0.3726f,-0.7903f,-0.2285f,0f,0f,0f,1f],start_interpolation: 0,interpolation_duration: 1}
$data merge entity $(bone_finger_left) {transformation: [0.281f,0.7499f,-0.5989f,0.5197f,0.9581f,-0.2555f,0.1296f,0.3707f,-0.0559f,-0.6102f,-0.7903f,-0.2355f,0f,0f,0f,1f],start_interpolation: 0,interpolation_duration: 1}
$data merge entity $(bone_finger_left4) {transformation: [0.7992f,0.0505f,-0.5989f,0.4182f,0.1589f,-0.9788f,0.1296f,0.2674f,-0.5796f,-0.1987f,-0.7903f,-0.2941f,0f,0f,0f,1f],start_interpolation: 0,interpolation_duration: 1}
$data merge entity $(bone_finger_left3) {transformation: [0.3629f,0.7139f,-0.5989f,0.4636f,0.9236f,-0.3609f,0.1296f,0.3828f,-0.1236f,-0.6002f,-0.7903f,-0.3095f,0f,0f,0f,1f],start_interpolation: 0,interpolation_duration: 1}
$data merge entity $(bone_thumb_left2) {transformation: [0.2076f,0.9492f,0.2366f,0.5178f,-0.3371f,-0.1576f,0.9282f,0.3379f,0.9183f,-0.2725f,0.2873f,-0.0856f,0f,0f,0f,1f],start_interpolation: 0,interpolation_duration: 1}
$data merge entity $(bone_thumb_left) {transformation: [0.3112f,0.9492f,0.047f,0.514f,0.3406f,-0.1576f,0.9269f,0.4431f,0.8872f,-0.2725f,-0.3724f,-0.1599f,0f,0f,0f,1f],start_interpolation: 0,interpolation_duration: 1}
$data merge entity $(bone_hand_left) {transformation: [-0.3608f,0.7149f,-0.5989f,0.3906f,0.8373f,0.5311f,0.1296f,0.4744f,0.4107f,-0.4547f,-0.7903f,-0.1799f,0f,0f,0f,1f],start_interpolation: 0,interpolation_duration: 1}
$data merge entity $(bone_arm_left2) {transformation: [-0.4469f,0.7149f,-0.5377f,0.2453f,0.8473f,0.5311f,0.002f,0.6863f,0.2871f,-0.4547f,-0.8431f,-0.1608f,0f,0f,0f,1f],start_interpolation: 0,interpolation_duration: 1}
$data merge entity $(bone_arm_left) {transformation: [-0.3983f,0.7149f,-0.5746f,0.1816f,0.8439f,0.5311f,0.0758f,0.8925f,0.3594f,-0.4547f,-0.8149f,-0.0201f,0f,0f,0f,1f],start_interpolation: 0,interpolation_duration: 1}
$data merge entity $(bone_finger_right2) {transformation: [0.6136f,-0.4265f,-0.6645f,-0.3331f,-0.6844f,-0.7069f,-0.1783f,0.2501f,-0.3937f,0.5642f,-0.7257f,0.4383f,0f,0f,0f,1f],start_interpolation: 0,interpolation_duration: 1}
$data merge entity $(bone_finger_right) {transformation: [0.2272f,-0.7119f,-0.6645f,-0.3615f,-0.9734f,-0.1442f,-0.1783f,0.3717f,0.0311f,0.6873f,-0.7257f,0.4344f,0f,0f,0f,1f],start_interpolation: 0,interpolation_duration: 1}
$data merge entity $(bone_finger_right4) {transformation: [0.7265f,-0.1751f,-0.6645f,-0.384f,-0.3817f,-0.9069f,-0.1783f,0.2367f,-0.5715f,0.3832f,-0.7257f,0.359f,0f,0f,0f,1f],start_interpolation: 0,interpolation_duration: 1}
$data merge entity $(bone_finger_right3) {transformation: [0.3182f,-0.6762f,-0.6645f,-0.4238f,-0.9462f,-0.27f,-0.1783f,0.355f,-0.0589f,0.6855f,-0.7257f,0.3664f,0f,0f,0f,1f],start_interpolation: 0,interpolation_duration: 1}
$data merge entity $(bone_thumb_right2) {transformation: [-0.8786f,-0.4704f,-0.0828f,-0.2171f,-0.0918f,-0.0039f,0.9958f,0.381f,-0.4687f,0.8824f,-0.0398f,0.4742f,0f,0f,0f,1f],start_interpolation: 0,interpolation_duration: 1}
$data merge entity $(bone_thumb_right) {transformation: [-0.6965f,-0.4704f,-0.5419f,-0.3066f,-0.6124f,-0.0039f,0.7905f,0.4607f,-0.374f,0.8824f,-0.2854f,0.4269f,0f,0f,0f,1f],start_interpolation: 0,interpolation_duration: 1}
$data merge entity $(bone_hand_right) {transformation: [-0.2531f,-0.7031f,-0.6645f,-0.3091f,-0.86f,0.4781f,-0.1783f,0.4679f,0.4431f,0.5264f,-0.7257f,0.2983f,0f,0f,0f,1f],start_interpolation: 0,interpolation_duration: 1}
$data merge entity $(bone_arm_right2) {transformation: [-0.1943f,-0.7031f,-0.6841f,-0.3033f,-0.8412f,0.4781f,-0.2526f,0.6624f,0.5047f,0.5264f,-0.6843f,0.1293f,0f,0f,0f,1f],start_interpolation: 0,interpolation_duration: 1}
$data merge entity $(bone_arm_right) {transformation: [-0.3647f,-0.7031f,-0.6105f,-0.174f,-0.8779f,0.4781f,-0.0263f,0.8835f,0.3103f,0.5264f,-0.7916f,0.1012f,0f,0f,0f,1f],start_interpolation: 0,interpolation_duration: 1}
$data merge entity $(bone_torso) {transformation: [-0.9656f,0.0122f,-0.2597f,0f,-0.0169f,0.9939f,0.1092f,0.5774f,0.2594f,0.1099f,-0.9595f,0.0063f,0f,0f,0f,1f],start_interpolation: 0,interpolation_duration: 1}
$data merge entity $(bone_foot_right) {transformation: [-1f,0f,0f,-0.1562f,0f,0.887f,0.4617f,0.1547f,0f,0.4617f,-0.887f,-0.2143f,0f,0f,0f,1f],start_interpolation: 0,interpolation_duration: 1}
$data merge entity $(bone_leg_right3) {transformation: [-1f,0f,0f,-0.1562f,0f,0.9537f,0.3007f,0.27f,0f,0.3007f,-0.9537f,-0.1124f,0f,0f,0f,1f],start_interpolation: 0,interpolation_duration: 1}
$data merge entity $(bone_leg_right2) {transformation: [-1f,0f,0f,-0.1562f,0f,0.9397f,0.342f,0.4275f,0f,0.342f,-0.9397f,-0.0883f,0f,0f,0f,1f],start_interpolation: 0,interpolation_duration: 1}
$data merge entity $(bone_leg_right) {transformation: [-1f,0f,0f,-0.125f,0f,0.9397f,0.342f,0.5156f,0f,0.342f,-0.9397f,-0.0563f,0f,0f,0f,1f],start_interpolation: 0,interpolation_duration: 1}
$data merge entity $(bone_foot_left) {transformation: [-0.9995f,0.0269f,-0.0161f,0.1562f,0.03f,0.9708f,-0.238f,0.1379f,0.0092f,-0.2384f,-0.9711f,0.181f,0f,0f,0f,1f],start_interpolation: 0,interpolation_duration: 1}
$data merge entity $(bone_leg_left3) {transformation: [-1f,0f,0f,0.1562f,0f,0.9226f,-0.3858f,0.2918f,0f,-0.3858f,-0.9226f,0.1844f,0f,0f,0f,1f],start_interpolation: 0,interpolation_duration: 1}
$data merge entity $(bone_leg_left2) {transformation: [-1f,0f,0f,0.1562f,0f,0.9385f,-0.3452f,0.4276f,0f,-0.3452f,-0.9385f,0.1011f,0f,0f,0f,1f],start_interpolation: 0,interpolation_duration: 1}
$data merge entity $(bone_leg_left) {transformation: [-1f,0f,0f,0.125f,0f,0.9385f,-0.3452f,0.5156f,0f,-0.3452f,-0.9385f,0.0688f,0f,0f,0f,1f],start_interpolation: 0,interpolation_duration: 1}