# This file was generated by Animated Java via MC-Build. It is not recommended to edit this file directly.
$data merge entity $(bone_eyelid_right) {transformation: [-0.9902f,0.117f,-0.0769f,-0.0784f,0.1132f,0.9922f,0.0515f,1.222f,0.0823f,0.0423f,-0.9957f,0.2959f,0f,0f,0f,1f],start_interpolation: 0,interpolation_duration: 1}
$data merge entity $(bone_eye_right) {transformation: [-0.9902f,0.117f,-0.0769f,-0.0785f,0.1132f,0.9922f,0.0515f,1.222f,0.0823f,0.0423f,-0.9957f,0.2944f,0f,0f,0f,1f],start_interpolation: 0,interpolation_duration: 1}
$data merge entity $(bone_eyelid_left) {transformation: [-0.9954f,-0.0568f,-0.0769f,-0.0783f,-0.0608f,0.9968f,0.0515f,1.203f,0.0737f,0.0559f,-0.9957f,0.2934f,0f,0f,0f,1f],start_interpolation: 0,interpolation_duration: 1}
$data merge entity $(bone_eye_left) {transformation: [-0.9954f,-0.0568f,-0.0769f,0.1395f,-0.0608f,0.9968f,0.0515f,1.2163f,0.0737f,0.0559f,-0.9957f,0.2772f,0f,0f,0f,1f],start_interpolation: 0,interpolation_duration: 1}
$data merge entity $(bone_mouth_closed) {transformation: [-0.9966f,0.0302f,-0.0769f,-0.0232f,0.0263f,0.9983f,0.0515f,1.0441f,0.0783f,0.0493f,-0.9957f,0.0606f,0f,0f,0f,1f],start_interpolation: 0,interpolation_duration: 1}
$data merge entity $(bone_mouth_open) {transformation: [-0.9966f,0.0302f,-0.0769f,-0.0246f,0.0263f,0.9983f,0.0515f,1.0132f,0.0783f,0.0493f,-0.9957f,0.0528f,0f,0f,0f,1f],start_interpolation: 0,interpolation_duration: 1}
$data merge entity $(bone_head) {transformation: [-0.9966f,0.0302f,-0.0769f,0.007f,0.0263f,0.9983f,0.0515f,1.0121f,0.0783f,0.0493f,-0.9957f,0.0566f,0f,0f,0f,1f],start_interpolation: 0,interpolation_duration: 1}
$data merge entity $(bone_neck) {transformation: [-0.9616f,0.0421f,-0.2712f,0.0037f,-0.0167f,0.9773f,0.2111f,0.9357f,0.2739f,0.2075f,-0.9391f,0.0404f,0f,0f,0f,1f],start_interpolation: 0,interpolation_duration: 1}
$data merge entity $(bone_finger_left2) {transformation: [0.724f,0.3885f,-0.57f,0.4886f,0.546f,-0.8278f,0.1292f,0.2441f,-0.4216f,-0.4047f,-0.8114f,-0.2287f,0f,0f,0f,1f],start_interpolation: 0,interpolation_duration: 1}
$data merge entity $(bone_finger_left) {transformation: [0.2487f,0.7831f,-0.57f,0.5196f,0.9684f,-0.2135f,0.1292f,0.3651f,-0.0205f,-0.5841f,-0.8114f,-0.2312f,0f,0f,0f,1f],start_interpolation: 0,interpolation_duration: 1}
$data merge entity $(bone_finger_left4) {transformation: [0.8119f,0.126f,-0.57f,0.4238f,0.24f,-0.9621f,0.1292f,0.2602f,-0.5321f,-0.2417f,-0.8114f,-0.2962f,0f,0f,0f,1f],start_interpolation: 0,interpolation_duration: 1}
$data merge entity $(bone_finger_left3) {transformation: [0.3392f,0.7484f,-0.57f,0.4662f,0.9365f,-0.326f,0.1292f,0.3772f,-0.0891f,-0.5776f,-0.8114f,-0.3073f,0f,0f,0f,1f],start_interpolation: 0,interpolation_duration: 1}
$data merge entity $(bone_thumb_left2) {transformation: [0.2041f,0.9584f,0.1995f,0.5167f,-0.2956f,-0.1339f,0.9459f,0.3327f,0.9333f,-0.252f,0.256f,-0.0825f,0f,0f,0f,1f],start_interpolation: 0,interpolation_duration: 1}
$data merge entity $(bone_thumb_left) {transformation: [0.2835f,0.9584f,0.0331f,0.5119f,0.3442f,-0.1339f,0.9293f,0.4381f,0.8951f,-0.252f,-0.3679f,-0.1564f,0f,0f,0f,1f],start_interpolation: 0,interpolation_duration: 1}
$data merge entity $(bone_hand_left) {transformation: [-0.3671f,0.7351f,-0.57f,0.3896f,0.8434f,0.5215f,0.1292f,0.4704f,0.3922f,-0.4333f,-0.8114f,-0.1809f,0f,0f,0f,1f],start_interpolation: 0,interpolation_duration: 1}
$data merge entity $(bone_arm_left2) {transformation: [-0.4362f,0.7351f,-0.5191f,0.2481f,0.853f,0.5215f,0.0217f,0.685f,0.2866f,-0.4333f,-0.8545f,-0.1627f,0f,0f,0f,1f],start_interpolation: 0,interpolation_duration: 1}
$data merge entity $(bone_arm_left) {transformation: [-0.4073f,0.7351f,-0.542f,0.1802f,0.8506f,0.5215f,0.068f,0.8934f,0.3326f,-0.4333f,-0.8376f,-0.0271f,0f,0f,0f,1f],start_interpolation: 0,interpolation_duration: 1}
$data merge entity $(bone_finger_right2) {transformation: [0.7004f,-0.3357f,-0.6299f,-0.3339f,-0.5524f,-0.8138f,-0.1806f,0.2549f,-0.452f,0.4745f,-0.7554f,0.4214f,0f,0f,0f,1f],start_interpolation: 0,interpolation_duration: 1}
$data merge entity $(bone_finger_right) {transformation: [0.2922f,-0.7196f,-0.6299f,-0.3705f,-0.9562f,-0.2303f,-0.1806f,0.3745f,-0.0151f,0.6551f,-0.7554f,0.4233f,0f,0f,0f,1f],start_interpolation: 0,interpolation_duration: 1}
$data merge entity $(bone_finger_right4) {transformation: [0.7728f,-0.077f,-0.6299f,-0.3823f,-0.2421f,-0.9533f,-0.1806f,0.2424f,-0.5866f,0.2921f,-0.7554f,0.3406f,0f,0f,0f,1f],start_interpolation: 0,interpolation_duration: 1}
$data merge entity $(bone_finger_right3) {transformation: [0.3774f,-0.6788f,-0.6299f,-0.4295f,-0.9212f,-0.3446f,-0.1806f,0.3575f,-0.0945f,0.6485f,-0.7554f,0.3524f,0f,0f,0f,1f],start_interpolation: 0,interpolation_duration: 1}
$data merge entity $(bone_thumb_right2) {transformation: [-0.876f,-0.4794f,-0.0531f,-0.2246f,-0.0319f,-0.0522f,0.9981f,0.3847f,-0.4813f,0.876f,0.0305f,0.4636f,0f,0f,0f,1f],start_interpolation: 0,interpolation_duration: 1}
$data merge entity $(bone_thumb_right) {transformation: [-0.6753f,-0.4794f,-0.5605f,-0.3158f,-0.6156f,-0.0522f,0.7863f,0.4638f,-0.4062f,0.876f,-0.2598f,0.4184f,0f,0f,0f,1f],start_interpolation: 0,interpolation_duration: 1}
$data merge entity $(bone_hand_right) {transformation: [-0.268f,-0.7289f,-0.6299f,-0.3125f,-0.8623f,0.4731f,-0.1806f,0.4712f,0.4296f,0.4948f,-0.7554f,0.2898f,0f,0f,0f,1f],start_interpolation: 0,interpolation_duration: 1}
$data merge entity $(bone_arm_right2) {transformation: [-0.1973f,-0.7289f,-0.6555f,-0.3042f,-0.8373f,0.4731f,-0.274f,0.6634f,0.5098f,0.4948f,-0.7037f,0.1184f,0f,0f,0f,1f],start_interpolation: 0,interpolation_duration: 1}
$data merge entity $(bone_arm_right) {transformation: [-0.3792f,-0.7289f,-0.57f,-0.1738f,-0.8808f,0.4731f,-0.019f,0.8848f,0.2835f,0.4948f,-0.8215f,0.0988f,0f,0f,0f,1f],start_interpolation: 0,interpolation_duration: 1}
$data merge entity $(bone_torso) {transformation: [-0.9616f,0.0103f,-0.2742f,0f,-0.0167f,0.9952f,0.096f,0.5781f,0.2739f,0.0969f,-0.9569f,0.0056f,0f,0f,0f,1f],start_interpolation: 0,interpolation_duration: 1}
$data merge entity $(bone_foot_right) {transformation: [-1f,0f,0f,-0.1562f,0f,0.8494f,0.5278f,0.1745f,0f,0.5278f,-0.8494f,-0.2149f,0f,0f,0f,1f],start_interpolation: 0,interpolation_duration: 1}
$data merge entity $(bone_leg_right3) {transformation: [-1f,0f,0f,-0.1562f,0f,0.9338f,0.3578f,0.2835f,0f,0.3578f,-0.9338f,-0.1063f,0f,0f,0f,1f],start_interpolation: 0,interpolation_duration: 1}
$data merge entity $(bone_leg_right2) {transformation: [-1f,0f,0f,-0.1562f,0f,0.9466f,0.3225f,0.4415f,0f,0.3225f,-0.9466f,-0.0854f,0f,0f,0f,1f],start_interpolation: 0,interpolation_duration: 1}
$data merge entity $(bone_leg_right) {transformation: [-1f,0f,0f,-0.125f,0f,0.9466f,0.3225f,0.5302f,0f,0.3225f,-0.9466f,-0.0552f,0f,0f,0f,1f],start_interpolation: 0,interpolation_duration: 1}
$data merge entity $(bone_foot_left) {transformation: [-1f,0f,0f,0.1562f,0f,0.9934f,-0.1146f,0.1285f,0f,-0.1146f,-0.9934f,0.1377f,0f,0f,0f,1f],start_interpolation: 0,interpolation_duration: 1}
$data merge entity $(bone_leg_left3) {transformation: [-1f,0f,0f,0.1562f,0f,0.9596f,-0.2812f,0.281f,0f,-0.2812f,-0.9596f,0.1582f,0f,0f,0f,1f],start_interpolation: 0,interpolation_duration: 1}
$data merge entity $(bone_leg_left2) {transformation: [-1f,0f,0f,0.1562f,0f,0.9692f,-0.2462f,0.4248f,0f,-0.2462f,-0.9692f,0.0894f,0f,0f,0f,1f],start_interpolation: 0,interpolation_duration: 1}
$data merge entity $(bone_leg_left) {transformation: [-1f,0f,0f,0.125f,0f,0.9692f,-0.2462f,0.5156f,0f,-0.2462f,-0.9692f,0.0663f,0f,0f,0f,1f],start_interpolation: 0,interpolation_duration: 1}