# This file was generated by Animated Java via MC-Build. It is not recommended to edit this file directly.
$data merge entity $(bone_eyelid_right) {transformation: [-0.9893f,0.1017f,-0.1046f,-0.0795f,0.1f,0.9948f,0.0215f,1.2144f,0.1062f,0.0108f,-0.9943f,0.2747f,0f,0f,0f,1f],start_interpolation: 0,interpolation_duration: 1}
$data merge entity $(bone_eye_right) {transformation: [-0.9893f,0.1017f,-0.1046f,-0.0797f,0.1f,0.9948f,0.0215f,1.2145f,0.1062f,0.0108f,-0.9943f,0.2732f,0f,0f,0f,1f],start_interpolation: 0,interpolation_duration: 1}
$data merge entity $(bone_eyelid_left) {transformation: [-0.9919f,-0.0716f,-0.1046f,-0.0791f,-0.0742f,0.997f,0.0215f,1.1954f,0.1027f,0.0291f,-0.9943f,0.2727f,0f,0f,0f,1f],start_interpolation: 0,interpolation_duration: 1}
$data merge entity $(bone_eye_left) {transformation: [-0.9919f,-0.0716f,-0.1046f,0.1379f,-0.0742f,0.997f,0.0215f,1.2116f,0.1027f,0.0291f,-0.9943f,0.2502f,0f,0f,0f,1f],start_interpolation: 0,interpolation_duration: 1}
$data merge entity $(bone_mouth_closed) {transformation: [-0.9944f,0.0151f,-0.1046f,-0.0278f,0.0129f,0.9997f,0.0215f,1.0307f,0.1049f,0.0201f,-0.9943f,0.0431f,0f,0f,0f,1f],start_interpolation: 0,interpolation_duration: 1}
$data merge entity $(bone_mouth_open) {transformation: [-0.9944f,0.0151f,-0.1046f,-0.0289f,0.0129f,0.9997f,0.0215f,0.9996f,0.1049f,0.0201f,-0.9943f,0.0363f,0f,0f,0f,1f],start_interpolation: 0,interpolation_duration: 1}
$data merge entity $(bone_head) {transformation: [-0.9944f,0.0151f,-0.1046f,0.0028f,0.0129f,0.9997f,0.0215f,0.9991f,0.1049f,0.0201f,-0.9943f,0.0392f,0f,0f,0f,1f],start_interpolation: 0,interpolation_duration: 1}
$data merge entity $(bone_neck) {transformation: [-0.9658f,0.0319f,-0.2571f,0.0003f,-0.0164f,0.9828f,0.1837f,0.9223f,0.2586f,0.1816f,-0.9488f,0.025f,0f,0f,0f,1f],start_interpolation: 0,interpolation_duration: 1}
$data merge entity $(bone_finger_left2) {transformation: [0.6536f,0.6326f,-0.4155f,0.5319f,0.7209f,-0.6876f,0.0871f,0.2243f,-0.2306f,-0.3564f,-0.9054f,-0.1796f,0f,0f,0f,1f],start_interpolation: 0,interpolation_duration: 1}
$data merge entity $(bone_finger_left) {transformation: [0.1334f,0.8998f,-0.4155f,0.5486f,0.9905f,-0.1066f,0.0871f,0.3481f,0.034f,-0.4231f,-0.9054f,-0.1753f,0f,0f,0f,1f],start_interpolation: 0,interpolation_duration: 1}
$data merge entity $(bone_finger_left4) {transformation: [0.8384f,0.3527f,-0.4155f,0.4784f,0.4227f,-0.9021f,0.0871f,0.2352f,-0.3441f,-0.2486f,-0.9054f,-0.2575f,0f,0f,0f,1f],start_interpolation: 0,interpolation_duration: 1}
$data merge entity $(bone_finger_left3) {transformation: [0.2497f,0.8747f,-0.4155f,0.5096f,0.9681f,-0.235f,0.0871f,0.3563f,-0.0215f,-0.4239f,-0.9054f,-0.2602f,0f,0f,0f,1f],start_interpolation: 0,interpolation_duration: 1}
$data merge entity $(bone_thumb_left2) {transformation: [0.0892f,0.9935f,0.0701f,0.5287f,-0.1718f,-0.054f,0.9837f,0.3205f,0.9811f,-0.0998f,0.1658f,-0.0291f,0f,0f,0f,1f],start_interpolation: 0,interpolation_duration: 1}
$data merge entity $(bone_thumb_left) {transformation: [0.1129f,0.9935f,0.0112f,0.5266f,0.3837f,-0.054f,0.9219f,0.4238f,0.9165f,-0.0998f,-0.3873f,-0.1062f,0f,0f,0f,1f],start_interpolation: 0,interpolation_duration: 1}
$data merge entity $(bone_hand_left) {transformation: [-0.4419f,0.7951f,-0.4155f,0.4103f,0.8507f,0.5184f,0.0871f,0.4527f,0.2846f,-0.315f,-0.9054f,-0.1536f,0f,0f,0f,1f],start_interpolation: 0,interpolation_duration: 1}
$data merge entity $(bone_arm_left2) {transformation: [-0.4654f,0.7951f,-0.389f,0.2697f,0.8543f,0.5184f,0.0374f,0.6686f,0.2314f,-0.315f,-0.9205f,-0.1533f,0f,0f,0f,1f],start_interpolation: 0,interpolation_duration: 1}
$data merge entity $(bone_arm_left) {transformation: [-0.4614f,0.7951f,-0.3937f,0.1789f,0.8539f,0.5184f,0.0459f,0.8792f,0.2406f,-0.315f,-0.9181f,-0.0358f,0f,0f,0f,1f],start_interpolation: 0,interpolation_duration: 1}
$data merge entity $(bone_finger_right2) {transformation: [0.8608f,-0.1835f,-0.4747f,-0.3881f,-0.2884f,-0.9444f,-0.1579f,0.2516f,-0.4193f,0.2728f,-0.8659f,0.3492f,0f,0f,0f,1f],start_interpolation: 0,interpolation_duration: 1}
$data merge entity $(bone_finger_right) {transformation: [0.3981f,-0.785f,-0.4747f,-0.4379f,-0.9159f,-0.369f,-0.1579f,0.366f,-0.0512f,0.4976f,-0.8659f,0.3556f,0f,0f,0f,1f],start_interpolation: 0,interpolation_duration: 1}
$data merge entity $(bone_finger_right4) {transformation: [0.8762f,0.0835f,-0.4747f,-0.4226f,0.0086f,-0.9874f,-0.1579f,0.2422f,-0.4819f,0.1343f,-0.8659f,0.2615f,0f,0f,0f,1f],start_interpolation: 0,interpolation_duration: 1}
$data merge entity $(bone_finger_right3) {transformation: [0.4778f,-0.7392f,-0.4747f,-0.4824f,-0.8724f,-0.4626f,-0.1579f,0.3512f,-0.1029f,0.4896f,-0.8659f,0.2744f,0f,0f,0f,1f],start_interpolation: 0,interpolation_duration: 1}
$data merge entity $(bone_thumb_right2) {transformation: [-0.809f,-0.5878f,0.0044f,-0.2946f,0.1041f,-0.1359f,0.9852f,0.3741f,-0.5785f,0.7975f,0.1712f,0.4135f,0f,0f,0f,1f],start_interpolation: 0,interpolation_duration: 1}
$data merge entity $(bone_thumb_right) {transformation: [-0.5941f,-0.5878f,-0.5491f,-0.3818f,-0.5966f,-0.1359f,0.7909f,0.4543f,-0.5395f,0.7975f,-0.2699f,0.3629f,0f,0f,0f,1f],start_interpolation: 0,interpolation_duration: 1}
$data merge entity $(bone_hand_right) {transformation: [-0.3606f,-0.8029f,-0.4747f,-0.3536f,-0.8625f,0.4808f,-0.1579f,0.4634f,0.355f,0.3525f,-0.8659f,0.2375f,0f,0f,0f,1f],start_interpolation: 0,interpolation_duration: 1}
$data merge entity $(bone_arm_right2) {transformation: [-0.2875f,-0.8029f,-0.5222f,-0.3143f,-0.8303f,0.4808f,-0.282f,0.6533f,0.4775f,0.3525f,-0.8048f,0.0678f,0f,0f,0f,1f],start_interpolation: 0,interpolation_duration: 1}
$data merge entity $(bone_arm_right) {transformation: [-0.4449f,-0.8029f,-0.3968f,-0.1783f,-0.8768f,0.4808f,0.0102f,0.8719f,0.1826f,0.3525f,-0.9178f,0.0795f,0f,0f,0f,1f],start_interpolation: 0,interpolation_duration: 1}
$data merge entity $(bone_torso) {transformation: [-0.9658f,0.001f,-0.2591f,0f,-0.0164f,0.9978f,0.0648f,0.5638f,0.2586f,0.0669f,-0.9637f,0.001f,0f,0f,0f,1f],start_interpolation: 0,interpolation_duration: 1}
$data merge entity $(bone_foot_right) {transformation: [-1f,0f,0f,-0.1562f,0f,0.7378f,0.6751f,0.219f,0f,0.6751f,-0.7378f,-0.198f,0f,0f,0f,1f],start_interpolation: 0,interpolation_duration: 1}
$data merge entity $(bone_leg_right3) {transformation: [-1f,0f,0f,-0.1562f,0f,0.8494f,0.5277f,0.3054f,0f,0.5277f,-0.8494f,-0.0707f,0f,0f,0f,1f],start_interpolation: 0,interpolation_duration: 1}
$data merge entity $(bone_leg_right2) {transformation: [-1f,0f,0f,-0.1562f,0f,0.9758f,0.2187f,0.4647f,0f,0.2187f,-0.9758f,-0.067f,0f,0f,0f,1f],start_interpolation: 0,interpolation_duration: 1}
$data merge entity $(bone_leg_right) {transformation: [-1f,0f,0f,-0.125f,0f,0.9758f,0.2187f,0.5562f,0f,0.2187f,-0.9758f,-0.0465f,0f,0f,0f,1f],start_interpolation: 0,interpolation_duration: 1}
$data merge entity $(bone_foot_left) {transformation: [-1f,0f,0f,0.1563f,0f,0.9994f,-0.0335f,0.1291f,0f,-0.0335f,-0.9994f,0.0486f,0f,0f,0f,1f],start_interpolation: 0,interpolation_duration: 1}
$data merge entity $(bone_leg_left3) {transformation: [-1f,0f,0f,0.1563f,0f,0.9998f,-0.019f,0.2709f,0f,-0.019f,-0.9998f,0.1084f,0f,0f,0f,1f],start_interpolation: 0,interpolation_duration: 1}
$data merge entity $(bone_leg_left2) {transformation: [-1f,0f,0f,0.1563f,0f,0.9933f,-0.1155f,0.4225f,0f,-0.1155f,-0.9933f,0.0593f,0f,0f,0f,1f],start_interpolation: 0,interpolation_duration: 1}
$data merge entity $(bone_leg_left) {transformation: [-1f,0f,0f,0.125f,0f,0.9933f,-0.1155f,0.5156f,0f,-0.1155f,-0.9933f,0.0485f,0f,0f,0f,1f],start_interpolation: 0,interpolation_duration: 1}