# This file was generated by Animated Java via MC-Build. It is not recommended to edit this file directly.
$data merge entity $(bone_eyelid_right) {transformation: [-0.9897f,0.0919f,-0.1098f,-0.0828f,0.0912f,0.9958f,0.011f,1.2167f,0.1104f,0.0008f,-0.9939f,0.2649f,0f,0f,0f,1f],start_interpolation: 0,interpolation_duration: 1}
$data merge entity $(bone_eye_right) {transformation: [-0.9897f,0.0919f,-0.1098f,-0.0829f,0.0912f,0.9958f,0.011f,1.2167f,0.1104f,0.0008f,-0.9939f,0.2633f,0f,0f,0f,1f],start_interpolation: 0,interpolation_duration: 1}
$data merge entity $(bone_eyelid_left) {transformation: [-0.9906f,-0.0814f,-0.1098f,-0.0822f,-0.0831f,0.9965f,0.011f,1.1976f,0.1086f,0.02f,-0.9939f,0.263f,0f,0f,0f,1f],start_interpolation: 0,interpolation_duration: 1}
$data merge entity $(bone_eye_left) {transformation: [-0.9906f,-0.0814f,-0.1098f,0.1345f,-0.0831f,0.9965f,0.011f,1.2158f,0.1086f,0.02f,-0.9939f,0.2393f,0f,0f,0f,1f],start_interpolation: 0,interpolation_duration: 1}
$data merge entity $(bone_mouth_closed) {transformation: [-0.9939f,0.0052f,-0.1098f,-0.0304f,0.0041f,0.9999f,0.011f,1.0313f,0.1099f,0.0104f,-0.9939f,0.0347f,0f,0f,0f,1f],start_interpolation: 0,interpolation_duration: 1}
$data merge entity $(bone_mouth_open) {transformation: [-0.9939f,0.0052f,-0.1098f,-0.0312f,0.0041f,0.9999f,0.011f,1.0001f,0.1099f,0.0104f,-0.9939f,0.0282f,0f,0f,0f,1f],start_interpolation: 0,interpolation_duration: 1}
$data merge entity $(bone_head) {transformation: [-0.9939f,0.0052f,-0.1098f,0.0005f,0.0041f,0.9999f,0.011f,0.9999f,0.1099f,0.0104f,-0.9939f,0.031f,0f,0f,0f,1f],start_interpolation: 0,interpolation_duration: 1}
$data merge entity $(bone_neck) {transformation: [-0.9732f,0.0221f,-0.229f,-0.0012f,-0.0162f,0.9864f,0.1637f,0.9228f,0.2294f,0.163f,-0.9596f,0.0182f,0f,0f,0f,1f],start_interpolation: 0,interpolation_duration: 1}
$data merge entity $(bone_finger_left2) {transformation: [0.5832f,0.7589f,-0.2898f,0.5611f,0.8019f,-0.5949f,0.0559f,0.2271f,-0.13f,-0.2649f,-0.9555f,-0.13f,0f,0f,0f,1f],start_interpolation: 0,interpolation_duration: 1}
$data merge entity $(bone_finger_left) {transformation: [0.0568f,0.9554f,-0.2898f,0.5682f,0.9975f,-0.0424f,0.0559f,0.3518f,0.0411f,-0.2922f,-0.9555f,-0.1249f,0f,0f,0f,1f],start_interpolation: 0,interpolation_duration: 1}
$data merge entity $(bone_finger_left4) {transformation: [0.8266f,0.4825f,-0.2898f,0.5176f,0.5179f,-0.8536f,0.0559f,0.2342f,-0.2204f,-0.1962f,-0.9555f,-0.2145f,0f,0f,0f,1f],start_interpolation: 0,interpolation_duration: 1}
$data merge entity $(bone_finger_left3) {transformation: [0.1872f,0.9386f,-0.2898f,0.541f,0.9823f,-0.1787f,0.0559f,0.357f,0.0007f,-0.2951f,-0.9555f,-0.2144f,0f,0f,0f,1f],start_interpolation: 0,interpolation_duration: 1}
$data merge entity $(bone_thumb_left2) {transformation: [-0.0214f,0.9998f,0.0003f,0.534f,-0.0997f,-0.0024f,0.995f,0.3276f,0.9948f,0.0213f,0.0997f,0.0181f,0f,0f,0f,1f],start_interpolation: 0,interpolation_duration: 1}
$data merge entity $(bone_thumb_left) {transformation: [-0.0184f,0.9998f,0.0109f,0.5359f,0.4093f,-0.0024f,0.9124f,0.4288f,0.9122f,0.0213f,-0.4092f,-0.0615f,0f,0f,0f,1f],start_interpolation: 0,interpolation_duration: 1}
$data merge entity $(bone_hand_left) {transformation: [-0.4891f,0.8227f,-0.2898f,0.4268f,0.8495f,0.5247f,0.0559f,0.4544f,0.198f,-0.2188f,-0.9555f,-0.125f,0f,0f,0f,1f],start_interpolation: 0,interpolation_duration: 1}
$data merge entity $(bone_arm_left2) {transformation: [-0.4943f,0.8227f,-0.2808f,0.2857f,0.8503f,0.5247f,0.0404f,0.6695f,0.1805f,-0.2188f,-0.9589f,-0.1398f,0f,0f,0f,1f],start_interpolation: 0,interpolation_duration: 1}
$data merge entity $(bone_arm_left) {transformation: [-0.494f,0.8227f,-0.2813f,0.1797f,0.8503f,0.5247f,0.0412f,0.8795f,0.1814f,-0.2188f,-0.9587f,-0.0346f,0f,0f,0f,1f],start_interpolation: 0,interpolation_duration: 1}
$data merge entity $(bone_finger_right2) {transformation: [0.9277f,-0.124f,-0.3522f,-0.4317f,-0.1804f,-0.9747f,-0.1321f,0.2573f,-0.3269f,0.1861f,-0.9266f,0.2916f,0f,0f,0f,1f],start_interpolation: 0,interpolation_duration: 1}
$data merge entity $(bone_finger_right) {transformation: [0.4351f,-0.8287f,-0.3522f,-0.4861f,-0.8996f,-0.4162f,-0.1321f,0.3697f,-0.0371f,0.3743f,-0.9266f,0.2963f,0f,0f,0f,1f],start_interpolation: 0,interpolation_duration: 1}
$data merge entity $(bone_finger_right4) {transformation: [0.9248f,0.1442f,-0.3522f,-0.4549f,0.1035f,-0.9858f,-0.1321f,0.2505f,-0.3662f,0.0857f,-0.9266f,0.2002f,0f,0f,0f,1f],start_interpolation: 0,interpolation_duration: 1}
$data merge entity $(bone_finger_right3) {transformation: [0.5138f,-0.7823f,-0.3522f,-0.5192f,-0.8548f,-0.5019f,-0.1321f,0.3573f,-0.0734f,0.3689f,-0.9266f,0.2094f,0f,0f,0f,1f],start_interpolation: 0,interpolation_duration: 1}
$data merge entity $(bone_thumb_right2) {transformation: [-0.7376f,-0.6751f,0.0162f,-0.3486f,0.1762f,-0.1693f,0.9697f,0.3742f,-0.6519f,0.7181f,0.2438f,0.37f,0f,0f,0f,1f],start_interpolation: 0,interpolation_duration: 1}
$data merge entity $(bone_thumb_right) {transformation: [-0.5252f,-0.6751f,-0.5181f,-0.4298f,-0.5733f,-0.1693f,0.8017f,0.4565f,-0.6289f,0.7181f,-0.2981f,0.3131f,0f,0f,0f,1f],start_interpolation: 0,interpolation_duration: 1}
$data merge entity $(bone_hand_right) {transformation: [-0.4247f,-0.8341f,-0.3522f,-0.3842f,-0.8597f,0.4935f,-0.1321f,0.467f,0.2839f,0.2466f,-0.9266f,0.1931f,0f,0f,0f,1f],start_interpolation: 0,interpolation_duration: 1}
$data merge entity $(bone_arm_right2) {transformation: [-0.3634f,-0.8341f,-0.4151f,-0.3193f,-0.8278f,0.4935f,-0.2669f,0.6573f,0.4275f,0.2466f,-0.8697f,0.0318f,0f,0f,0f,1f],start_interpolation: 0,interpolation_duration: 1}
$data merge entity $(bone_arm_right) {transformation: [-0.4832f,-0.8341f,-0.2663f,-0.1818f,-0.8692f,0.4935f,0.0315f,0.8726f,0.1051f,0.2466f,-0.9634f,0.0658f,0f,0f,0f,1f],start_interpolation: 0,interpolation_duration: 1}
$data merge entity $(bone_torso) {transformation: [-0.9732f,-0.0033f,-0.23f,0f,-0.0162f,0.9984f,0.0538f,0.564f,0.2294f,0.0561f,-0.9717f,-0.0019f,0f,0f,0f,1f],start_interpolation: 0,interpolation_duration: 1}
$data merge entity $(bone_foot_right) {transformation: [-1f,0f,0f,-0.1562f,0f,0.6595f,0.7517f,0.2437f,0f,0.7517f,-0.6595f,-0.1812f,0f,0f,0f,1f],start_interpolation: 0,interpolation_duration: 1}
$data merge entity $(bone_leg_right3) {transformation: [-1f,0f,0f,-0.1562f,0f,0.78f,0.6258f,0.3143f,0f,0.6258f,-0.78f,-0.0445f,0f,0f,0f,1f],start_interpolation: 0,interpolation_duration: 1}
$data merge entity $(bone_leg_right2) {transformation: [-1f,0f,0f,-0.1562f,0f,0.9892f,0.1469f,0.4735f,0f,0.1469f,-0.9892f,-0.0524f,0f,0f,0f,1f],start_interpolation: 0,interpolation_duration: 1}
$data merge entity $(bone_leg_right) {transformation: [-1f,0f,0f,-0.125f,0f,0.9892f,0.1469f,0.5662f,0f,0.1469f,-0.9892f,-0.0387f,0f,0f,0f,1f],start_interpolation: 0,interpolation_duration: 1}
$data merge entity $(bone_foot_left) {transformation: [-1f,0f,0f,0.1563f,0f,0.9997f,-0.0257f,0.1285f,0f,-0.0257f,-0.9997f,0.0248f,0f,0f,0f,1f],start_interpolation: 0,interpolation_duration: 1}
$data merge entity $(bone_leg_left3) {transformation: [-1f,0f,0f,0.1563f,0f,1f,-0.0003f,0.2692f,0f,-0.0003f,-1f,0.0872f,0f,0f,0f,1f],start_interpolation: 0,interpolation_duration: 1}
$data merge entity $(bone_leg_left2) {transformation: [-1f,0f,0f,0.1563f,0f,0.9964f,-0.0852f,0.4222f,0f,-0.0852f,-0.9964f,0.0428f,0f,0f,0f,1f],start_interpolation: 0,interpolation_duration: 1}
$data merge entity $(bone_leg_left) {transformation: [-1f,0f,0f,0.125f,0f,0.9964f,-0.0852f,0.5156f,0f,-0.0852f,-0.9964f,0.0348f,0f,0f,0f,1f],start_interpolation: 0,interpolation_duration: 1}