# This file was generated by Animated Java via MC-Build. It is not recommended to edit this file directly.
$data merge entity $(bone_eyelid_right) {transformation: [-0.9876f,0.1447f,-0.0616f,-0.0637f,0.1409f,0.9881f,0.0624f,1.2214f,0.0699f,0.0529f,-0.9961f,0.3007f,0f,0f,0f,1f],start_interpolation: 0,interpolation_duration: 1}
$data merge entity $(bone_eye_right) {transformation: [-0.9876f,0.1447f,-0.0616f,-0.0638f,0.1409f,0.9881f,0.0624f,1.2215f,0.0699f,0.0529f,-0.9961f,0.2992f,0f,0f,0f,1f],start_interpolation: 0,interpolation_duration: 1}
$data merge entity $(bone_eyelid_left) {transformation: [-0.9977f,-0.029f,-0.0616f,-0.0641f,-0.0329f,0.9975f,0.0624f,1.2025f,0.0597f,0.0643f,-0.9961f,0.298f,0f,0f,0f,1f],start_interpolation: 0,interpolation_duration: 1}
$data merge entity $(bone_eye_left) {transformation: [-0.9977f,-0.029f,-0.0616f,0.1542f,-0.0329f,0.9975f,0.0624f,1.2097f,0.0597f,0.0643f,-0.9961f,0.2849f,0f,0f,0f,1f],start_interpolation: 0,interpolation_duration: 1}
$data merge entity $(bone_mouth_closed) {transformation: [-0.9964f,0.0581f,-0.0616f,-0.0103f,0.0542f,0.9966f,0.0624f,1.0441f,0.0651f,0.0588f,-0.9961f,0.0645f,0f,0f,0f,1f],start_interpolation: 0,interpolation_duration: 1}
$data merge entity $(bone_mouth_open) {transformation: [-0.9964f,0.0581f,-0.0616f,-0.0125f,0.0542f,0.9966f,0.0624f,1.0134f,0.0651f,0.0588f,-0.9961f,0.0565f,0f,0f,0f,1f],start_interpolation: 0,interpolation_duration: 1}
$data merge entity $(bone_head) {transformation: [-0.9964f,0.0581f,-0.0616f,0.019f,0.0542f,0.9966f,0.0624f,1.0113f,0.0651f,0.0588f,-0.9961f,0.0607f,0f,0f,0f,1f],start_interpolation: 0,interpolation_duration: 1}
$data merge entity $(bone_neck) {transformation: [-0.964f,0.0668f,-0.2575f,0.0138f,0.0088f,0.9755f,0.22f,0.9351f,0.2659f,0.2098f,-0.9409f,0.0443f,0f,0f,0f,1f],start_interpolation: 0,interpolation_duration: 1}
$data merge entity $(bone_finger_left2) {transformation: [0.7591f,0.2771f,-0.5891f,0.4738f,0.4378f,-0.887f,0.147f,0.2366f,-0.4817f,-0.3695f,-0.7946f,-0.229f,0f,0f,0f,1f],start_interpolation: 0,interpolation_duration: 1}
$data merge entity $(bone_finger_left) {transformation: [0.3109f,0.7459f,-0.5891f,0.5127f,0.9489f,-0.2794f,0.147f,0.3552f,-0.0549f,-0.6046f,-0.7946f,-0.2359f,0f,0f,0f,1f],start_interpolation: 0,interpolation_duration: 1}
$data merge entity $(bone_finger_left4) {transformation: [0.8078f,0.0216f,-0.5891f,0.4084f,0.1334f,-0.9801f,0.147f,0.255f,-0.5742f,-0.1973f,-0.7946f,-0.2951f,0f,0f,0f,1f],start_interpolation: 0,interpolation_duration: 1}
$data merge entity $(bone_finger_left3) {transformation: [0.3922f,0.7065f,-0.5891f,0.4574f,0.9117f,-0.3836f,0.147f,0.369f,-0.1221f,-0.5947f,-0.7946f,-0.3104f,0f,0f,0f,1f],start_interpolation: 0,interpolation_duration: 1}
$data merge entity $(bone_thumb_left2) {transformation: [0.1906f,0.9457f,0.2632f,0.5087f,-0.3422f,-0.1873f,0.9208f,0.3227f,0.9201f,-0.2656f,0.2879f,-0.086f,0f,0f,0f,1f],start_interpolation: 0,interpolation_duration: 1}
$data merge entity $(bone_thumb_left) {transformation: [0.3154f,0.9457f,0.0783f,0.5086f,0.332f,-0.1873f,0.9245f,0.4279f,0.889f,-0.2656f,-0.373f,-0.1604f,0f,0f,0f,1f],start_interpolation: 0,interpolation_duration: 1}
$data merge entity $(bone_hand_left) {transformation: [-0.3376f,0.7342f,-0.5891f,0.3864f,0.8486f,0.5082f,0.147f,0.4629f,0.4073f,-0.4502f,-0.7946f,-0.1813f,0f,0f,0f,1f],start_interpolation: 0,interpolation_duration: 1}
$data merge entity $(bone_arm_left2) {transformation: [-0.4185f,0.7342f,-0.5346f,0.2484f,0.8609f,0.5082f,0.0239f,0.6797f,0.2892f,-0.4502f,-0.8448f,-0.1618f,0f,0f,0f,1f],start_interpolation: 0,interpolation_duration: 1}
$data merge entity $(bone_arm_left) {transformation: [-0.3769f,0.7342f,-0.5647f,0.1894f,0.8567f,0.5082f,0.0889f,0.8883f,0.3522f,-0.4502f,-0.8205f,-0.0225f,0f,0f,0f,1f],start_interpolation: 0,interpolation_duration: 1}
$data merge entity $(bone_finger_right2) {transformation: [0.6714f,-0.21f,-0.7108f,-0.289f,-0.6203f,-0.6841f,-0.3838f,0.2902f,-0.4056f,0.6985f,-0.5895f,0.471f,0f,0f,0f,1f],start_interpolation: 0,interpolation_duration: 1}
$data merge entity $(bone_finger_right) {transformation: [0.3784f,-0.593f,-0.7108f,-0.3363f,-0.9151f,-0.1239f,-0.3838f,0.4045f,0.1396f,0.7956f,-0.5895f,0.4535f,0f,0f,0f,1f],start_interpolation: 0,interpolation_duration: 1}
$data merge entity $(bone_finger_right4) {transformation: [0.7024f,0.0388f,-0.7108f,-0.3467f,-0.341f,-0.8582f,-0.3838f,0.257f,-0.6248f,0.5119f,-0.5895f,0.4031f,0f,0f,0f,1f],start_interpolation: 0,interpolation_duration: 1}
$data merge entity $(bone_finger_right3) {transformation: [0.4498f,-0.5408f,-0.7108f,-0.403f,-0.8923f,-0.2378f,-0.3838f,0.3686f,0.0386f,0.8068f,-0.5895f,0.3983f,0f,0f,0f,1f],start_interpolation: 0,interpolation_duration: 1}
$data merge entity $(bone_thumb_right2) {transformation: [-0.9181f,-0.348f,-0.1896f,-0.1895f,-0.2366f,0.0976f,0.9667f,0.436f,-0.3179f,0.9324f,-0.1719f,0.4685f,0f,0f,0f,1f],start_interpolation: 0,interpolation_duration: 1}
$data merge entity $(bone_thumb_right) {transformation: [-0.6491f,-0.348f,-0.6764f,-0.2943f,-0.7427f,0.0976f,0.6625f,0.4956f,-0.1645f,0.9324f,-0.3218f,0.4231f,0f,0f,0f,1f],start_interpolation: 0,interpolation_duration: 1}
$data merge entity $(bone_hand_right) {transformation: [-0.0924f,-0.6973f,-0.7108f,-0.3116f,-0.7798f,0.4946f,-0.3838f,0.4775f,0.6191f,0.5188f,-0.5895f,0.2967f,0f,0f,0f,1f],start_interpolation: 0,interpolation_duration: 1}
$data merge entity $(bone_arm_right2) {transformation: [-0.2143f,-0.6973f,-0.684f,-0.3008f,-0.8346f,0.4946f,-0.2428f,0.671f,0.5075f,0.5188f,-0.6879f,0.1269f,0f,0f,0f,1f],start_interpolation: 0,interpolation_duration: 1}
$data merge entity $(bone_arm_right) {transformation: [-0.391f,-0.6973f,-0.6007f,-0.1655f,-0.8691f,0.4946f,-0.0084f,0.8888f,0.303f,0.5188f,-0.7994f,0.1011f,0f,0f,0f,1f],start_interpolation: 0,interpolation_duration: 1}
$data merge entity $(bone_torso) {transformation: [-0.964f,0.0383f,-0.2632f,0f,0.0088f,0.9936f,0.1123f,0.578f,0.2659f,0.106f,-0.9582f,0.0062f,0f,0f,0f,1f],start_interpolation: 0,interpolation_duration: 1}
$data merge entity $(bone_foot_right) {transformation: [-1f,0f,0f,-0.1562f,0f,0.887f,0.4617f,0.1596f,0f,0.4617f,-0.887f,-0.2142f,0f,0f,0f,1f],start_interpolation: 0,interpolation_duration: 1}
$data merge entity $(bone_leg_right3) {transformation: [-1f,0f,0f,-0.1562f,0f,0.9537f,0.3007f,0.2749f,0f,0.3007f,-0.9537f,-0.1123f,0f,0f,0f,1f],start_interpolation: 0,interpolation_duration: 1}
$data merge entity $(bone_leg_right2) {transformation: [-1f,0f,0f,-0.1562f,0f,0.9397f,0.342f,0.4324f,0f,0.342f,-0.9397f,-0.0882f,0f,0f,0f,1f],start_interpolation: 0,interpolation_duration: 1}
$data merge entity $(bone_leg_right) {transformation: [-1f,0f,0f,-0.125f,0f,0.9397f,0.342f,0.5205f,0f,0.342f,-0.9397f,-0.0561f,0f,0f,0f,1f],start_interpolation: 0,interpolation_duration: 1}
$data merge entity $(bone_foot_left) {transformation: [-0.9995f,0.0269f,-0.0161f,0.1562f,0.0295f,0.9812f,-0.1908f,0.1329f,0.0106f,-0.1912f,-0.9815f,0.1623f,0f,0f,0f,1f],start_interpolation: 0,interpolation_duration: 1}
$data merge entity $(bone_leg_left3) {transformation: [-1f,0f,0f,0.1562f,0f,0.9401f,-0.3408f,0.2865f,0f,-0.3408f,-0.9401f,0.1732f,0f,0f,0f,1f],start_interpolation: 0,interpolation_duration: 1}
$data merge entity $(bone_leg_left2) {transformation: [-1f,0f,0f,0.1562f,0f,0.9541f,-0.2994f,0.4262f,0f,-0.2994f,-0.9541f,0.0966f,0f,0f,0f,1f],start_interpolation: 0,interpolation_duration: 1}
$data merge entity $(bone_leg_left) {transformation: [-1f,0f,0f,0.125f,0f,0.9541f,-0.2994f,0.5156f,0f,-0.2994f,-0.9541f,0.0685f,0f,0f,0f,1f],start_interpolation: 0,interpolation_duration: 1}