# This file was generated by Animated Java via MC-Build. It is not recommended to edit this file directly.
$data merge entity $(bone_eyelid_right) {transformation: [-0.9982f,0.0523f,-0.0304f,-0.1217f,0.0502f,0.9967f,0.0638f,1.2069f,0.0336f,0.0622f,-0.9975f,0.2896f,0f,0f,0f,1f],start_interpolation: 0,interpolation_duration: 1}
$data merge entity $(bone_eye_right) {transformation: [-0.9982f,0.0523f,-0.0304f,-0.1218f,0.0502f,0.9967f,0.0638f,1.207f,0.0336f,0.0622f,-0.9975f,0.288f,0f,0f,0f,1f],start_interpolation: 0,interpolation_duration: 1}
$data merge entity $(bone_eyelid_left) {transformation: [-0.9921f,-0.1219f,-0.0304f,-0.1203f,-0.1236f,0.9903f,0.0638f,1.188f,0.0223f,0.0671f,-0.9975f,0.2868f,0f,0f,0f,1f],start_interpolation: 0,interpolation_duration: 1}
$data merge entity $(bone_eye_left) {transformation: [-0.9921f,-0.1219f,-0.0304f,0.0968f,-0.1236f,0.9903f,0.0638f,1.215f,0.0223f,0.0671f,-0.9975f,0.2819f,0f,0f,0f,1f],start_interpolation: 0,interpolation_duration: 1}
$data merge entity $(bone_mouth_closed) {transformation: [-0.9989f,-0.0349f,-0.0304f,-0.0438f,-0.0368f,0.9973f,0.0638f,1.0369f,0.028f,0.0649f,-0.9975f,0.0549f,0f,0f,0f,1f],start_interpolation: 0,interpolation_duration: 1}
$data merge entity $(bone_mouth_open) {transformation: [-0.9989f,-0.0349f,-0.0304f,-0.0429f,-0.0368f,0.9973f,0.0638f,1.0061f,0.028f,0.0649f,-0.9975f,0.0466f,0f,0f,0f,1f],start_interpolation: 0,interpolation_duration: 1}
$data merge entity $(bone_head) {transformation: [-0.9989f,-0.0349f,-0.0304f,-0.0115f,-0.0368f,0.9973f,0.0638f,1.0069f,0.028f,0.0649f,-0.9975f,0.0519f,0f,0f,0f,1f],start_interpolation: 0,interpolation_duration: 1}
$data merge entity $(bone_neck) {transformation: [-0.993f,-0.0317f,0.1141f,-0.009f,-0.0123f,0.9858f,0.1674f,0.9298f,-0.1177f,0.1648f,-0.9793f,0.0391f,0f,0f,0f,1f],start_interpolation: 0,interpolation_duration: 1}
$data merge entity $(bone_finger_left2) {transformation: [0.1574f,0.7969f,0.5833f,0.4858f,0.9864f,-0.0986f,-0.1314f,0.2399f,-0.0472f,0.596f,-0.8016f,0.3119f,0f,0f,0f,1f],start_interpolation: 0,interpolation_duration: 1}
$data merge entity $(bone_finger_left) {transformation: [-0.0928f,0.807f,0.5833f,0.4742f,0.9696f,0.2065f,-0.1314f,0.3611f,-0.2265f,0.5533f,-0.8016f,0.2836f,0f,0f,0f,1f],start_interpolation: 0,interpolation_duration: 1}
$data merge entity $(bone_finger_left4) {transformation: [0.4991f,0.6409f,0.5833f,0.5234f,0.8365f,-0.5319f,-0.1314f,0.225f,0.226f,0.5535f,-0.8016f,0.2247f,0f,0f,0f,1f],start_interpolation: 0,interpolation_duration: 1}
$data merge entity $(bone_finger_left3) {transformation: [0.0444f,0.8111f,0.5833f,0.5289f,0.9905f,0.0403f,-0.1314f,0.3488f,-0.1301f,0.5836f,-0.8016f,0.2084f,0f,0f,0f,1f],start_interpolation: 0,interpolation_duration: 1}
$data merge entity $(bone_thumb_left2) {transformation: [-0.74f,0.6617f,0.1211f,0.3529f,0.3123f,0.1785f,0.9331f,0.3659f,0.5957f,0.7282f,-0.3387f,0.3622f,0f,0f,0f,1f],start_interpolation: 0,interpolation_duration: 1}
$data merge entity $(bone_thumb_left) {transformation: [-0.6715f,0.6617f,0.3336f,0.4156f,0.5732f,0.1785f,0.7997f,0.4479f,0.4696f,0.7282f,-0.4991f,0.2851f,0f,0f,0f,1f],start_interpolation: 0,interpolation_duration: 1}
$data merge entity $(bone_hand_left) {transformation: [-0.3342f,0.7404f,0.5833f,0.4031f,0.8606f,0.492f,-0.1314f,0.4587f,-0.3843f,0.458f,-0.8016f,0.1573f,0f,0f,0f,1f],start_interpolation: 0,interpolation_duration: 1}
$data merge entity $(bone_arm_left2) {transformation: [-0.4273f,0.7404f,0.5189f,0.3287f,0.8705f,0.492f,0.0148f,0.6772f,-0.2443f,0.458f,-0.8547f,0.0428f,0f,0f,0f,1f],start_interpolation: 0,interpolation_duration: 1}
$data merge entity $(bone_arm_left) {transformation: [-0.4907f,0.7404f,0.4594f,0.1773f,0.8613f,0.492f,0.127f,0.8846f,-0.132f,0.458f,-0.8791f,0.0648f,0f,0f,0f,1f],start_interpolation: 0,interpolation_duration: 1}
$data merge entity $(bone_finger_right2) {transformation: [0.8293f,-0.202f,0.521f,-0.5179f,-0.3191f,-0.9366f,0.1448f,0.2837f,0.4587f,-0.2864f,-0.8412f,-0.2216f,0f,0f,0f,1f],start_interpolation: 0,interpolation_duration: 1}
$data merge entity $(bone_finger_right) {transformation: [0.3252f,-0.7892f,0.521f,-0.5585f,-0.9449f,-0.2937f,0.1448f,0.4018f,0.0387f,-0.5394f,-0.8412f,-0.2264f,0f,0f,0f,1f],start_interpolation: 0,interpolation_duration: 1}
$data merge entity $(bone_finger_right4) {transformation: [0.8524f,0.0447f,0.521f,-0.4595f,-0.0367f,-0.9888f,0.1448f,0.3015f,0.5217f,-0.1426f,-0.8412f,-0.2938f,0f,0f,0f,1f],start_interpolation: 0,interpolation_duration: 1}
$data merge entity $(bone_finger_right3) {transformation: [0.4016f,-0.7531f,0.521f,-0.5097f,-0.9112f,-0.3857f,0.1448f,0.4154f,0.0919f,-0.5329f,-0.8412f,-0.3053f,0f,0f,0f,1f],start_interpolation: 0,interpolation_duration: 1}
$data merge entity $(bone_thumb_right2) {transformation: [0.063f,-0.9738f,-0.2186f,-0.5337f,0.4519f,-0.1675f,0.8762f,0.3618f,-0.8898f,-0.154f,0.4295f,-0.078f,0f,0f,0f,1f],start_interpolation: 0,interpolation_duration: 1}
$data merge entity $(bone_thumb_right) {transformation: [0.1997f,-0.9738f,-0.1091f,-0.5411f,-0.3044f,-0.1675f,0.9377f,0.4695f,-0.9314f,-0.154f,-0.3298f,-0.1483f,0f,0f,0f,1f],start_interpolation: 0,interpolation_duration: 1}
$data merge entity $(bone_hand_right) {transformation: [-0.4463f,-0.7276f,0.521f,-0.4189f,-0.7939f,0.5906f,0.1448f,0.4957f,-0.4131f,-0.349f,-0.8412f,-0.1795f,0f,0f,0f,1f],start_interpolation: 0,interpolation_duration: 1}
$data merge entity $(bone_arm_right2) {transformation: [-0.5196f,-0.7276f,0.4479f,-0.261f,-0.8066f,0.5906f,0.0236f,0.6989f,-0.2817f,-0.349f,-0.8938f,-0.1649f,0f,0f,0f,1f],start_interpolation: 0,interpolation_duration: 1}
$data merge entity $(bone_arm_right) {transformation: [-0.4095f,-0.7276f,0.5504f,-0.193f,-0.7821f,0.5906f,0.1989f,0.8819f,-0.4698f,-0.349f,-0.8109f,0.0032f,0f,0f,0f,1f],start_interpolation: 0,interpolation_duration: 1}
$data merge entity $(bone_torso) {transformation: [-0.993f,-0.0252f,0.1157f,0f,-0.0123f,0.9938f,0.1109f,0.5727f,-0.1177f,0.1087f,-0.9871f,0f,0f,0f,0f,1f],start_interpolation: 0,interpolation_duration: 1}
$data merge entity $(bone_foot_right) {transformation: [-0.9982f,0.0255f,0.0542f,-0.1562f,0.0228f,0.9985f,-0.05f,0.2073f,-0.0554f,-0.0487f,-0.9973f,0.0439f,0f,0f,0f,1f],start_interpolation: 0,interpolation_duration: 1}
$data merge entity $(bone_leg_right3) {transformation: [-1f,0f,0f,-0.1562f,0f,0.9662f,0.2578f,0.327f,0f,0.2578f,-0.9662f,0.1405f,0f,0f,0f,1f],start_interpolation: 0,interpolation_duration: 1}
$data merge entity $(bone_leg_right2) {transformation: [-1f,0f,0f,-0.1562f,0f,0.9643f,-0.2647f,0.4694f,0f,-0.2647f,-0.9643f,0.069f,0f,0f,0f,1f],start_interpolation: 0,interpolation_duration: 1}
$data merge entity $(bone_leg_right) {transformation: [-1f,0f,0f,-0.125f,0f,0.9643f,-0.2647f,0.5598f,0f,-0.2647f,-0.9643f,0.0442f,0f,0f,0f,1f],start_interpolation: 0,interpolation_duration: 1}
$data merge entity $(bone_foot_left) {transformation: [-1f,0f,0f,0.1563f,0f,0.9909f,0.1349f,0.1383f,0f,0.1349f,-0.9909f,-0.1563f,0f,0f,0f,1f],start_interpolation: 0,interpolation_duration: 1}
$data merge entity $(bone_leg_left3) {transformation: [-1f,0f,0f,0.1563f,0f,0.9826f,0.1857f,0.2649f,0f,0.1857f,-0.9826f,-0.0688f,0f,0f,0f,1f],start_interpolation: 0,interpolation_duration: 1}
$data merge entity $(bone_leg_left2) {transformation: [-1f,0f,0f,0.1563f,0f,0.9755f,0.2202f,0.4242f,0f,0.2202f,-0.9755f,-0.0648f,0f,0f,0f,1f],start_interpolation: 0,interpolation_duration: 1}
$data merge entity $(bone_leg_left) {transformation: [-1f,0f,0f,0.125f,0f,0.9755f,0.2202f,0.5156f,0f,0.2202f,-0.9755f,-0.0442f,0f,0f,0f,1f],start_interpolation: 0,interpolation_duration: 1}