# This file was generated by Animated Java via MC-Build. It is not recommended to edit this file directly.
$data merge entity $(bone_eyelid_right) {transformation: [-0.9972f,0.0306f,0.0689f,-0.1548f,0.0346f,0.9977f,0.0581f,1.2108f,-0.0669f,0.0603f,-0.9959f,0.2828f,0f,0f,0f,1f],start_interpolation: 0,interpolation_duration: 1}
$data merge entity $(bone_eye_right) {transformation: [-0.9972f,0.0306f,0.0689f,-0.1547f,0.0346f,0.9977f,0.0581f,1.2109f,-0.0669f,0.0603f,-0.9959f,0.2813f,0f,0f,0f,1f],start_interpolation: 0,interpolation_duration: 1}
$data merge entity $(bone_eyelid_left) {transformation: [-0.9873f,-0.1431f,0.0689f,-0.1528f,-0.1392f,0.9886f,0.0581f,1.192f,-0.0764f,0.0477f,-0.9959f,0.2803f,0f,0f,0f,1f],start_interpolation: 0,interpolation_duration: 1}
$data merge entity $(bone_eye_left) {transformation: [-0.9873f,-0.1431f,0.0689f,0.0632f,-0.1392f,0.9886f,0.0581f,1.2224f,-0.0764f,0.0477f,-0.9959f,0.297f,0f,0f,0f,1f],start_interpolation: 0,interpolation_duration: 1}
$data merge entity $(bone_mouth_closed) {transformation: [-0.996f,-0.0565f,0.0689f,-0.0512f,-0.0525f,0.9969f,0.0581f,1.0409f,-0.0719f,0.0542f,-0.9959f,0.0582f,0f,0f,0f,1f],start_interpolation: 0,interpolation_duration: 1}
$data merge entity $(bone_mouth_open) {transformation: [-0.996f,-0.0565f,0.0689f,-0.049f,-0.0525f,0.9969f,0.0581f,1.0101f,-0.0719f,0.0542f,-0.9959f,0.0503f,0f,0f,0f,1f],start_interpolation: 0,interpolation_duration: 1}
$data merge entity $(bone_head) {transformation: [-0.996f,-0.0565f,0.0689f,-0.0183f,-0.0525f,0.9969f,0.0581f,1.0113f,-0.0719f,0.0542f,-0.9959f,0.0588f,0f,0f,0f,1f],start_interpolation: 0,interpolation_duration: 1}
$data merge entity $(bone_neck) {transformation: [-0.9626f,-0.0665f,0.2625f,-0.0131f,-0.0076f,0.9756f,0.2193f,0.9351f,-0.2707f,0.2091f,-0.9397f,0.0425f,0f,0f,0f,1f],start_interpolation: 0,interpolation_duration: 1}
$data merge entity $(bone_finger_left2) {transformation: [0.2592f,0.6987f,0.6668f,0.3781f,0.9595f,-0.1075f,-0.2603f,0.2557f,-0.1103f,0.7073f,-0.6983f,0.4186f,0f,0f,0f,1f],start_interpolation: 0,interpolation_duration: 1}
$data merge entity $(bone_finger_left) {transformation: [0.0372f,0.7443f,0.6668f,0.3827f,0.9474f,0.1859f,-0.2603f,0.3741f,-0.3178f,0.6414f,-0.6983f,0.3789f,0f,0f,0f,1f],start_interpolation: 0,interpolation_duration: 1}
$data merge entity $(bone_finger_left4) {transformation: [0.5465f,0.5068f,0.6668f,0.4249f,0.8079f,-0.5287f,-0.2603f,0.229f,0.2206f,0.681f,-0.6983f,0.3391f,0f,0f,0f,1f],start_interpolation: 0,interpolation_duration: 1}
$data merge entity $(bone_finger_left3) {transformation: [0.1623f,0.7274f,0.6668f,0.4452f,0.9652f,0.0232f,-0.2603f,0.3497f,-0.2049f,0.6859f,-0.6983f,0.3135f,0f,0f,0f,1f],start_interpolation: 0,interpolation_duration: 1}
$data merge entity $(bone_thumb_left2) {transformation: [-0.7737f,0.5763f,0.2631f,0.2534f,0.4378f,0.1862f,0.8796f,0.3976f,0.4579f,0.7958f,-0.3964f,0.4393f,0f,0f,0f,1f],start_interpolation: 0,interpolation_duration: 1}
$data merge entity $(bone_thumb_left) {transformation: [-0.6635f,0.5763f,0.4771f,0.3338f,0.6751f,0.1862f,0.7139f,0.4658f,0.3225f,0.7958f,-0.5126f,0.3652f,0f,0f,0f,1f],start_interpolation: 0,interpolation_duration: 1}
$data merge entity $(bone_hand_left) {transformation: [-0.1883f,0.7211f,0.6668f,0.3395f,0.8477f,0.4621f,-0.2603f,0.4655f,-0.4959f,0.5162f,-0.6983f,0.2364f,0f,0f,0f,1f],start_interpolation: 0,interpolation_duration: 1}
$data merge entity $(bone_arm_left2) {transformation: [-0.2767f,0.7211f,0.6352f,0.31f,0.8752f,0.4621f,-0.1433f,0.6753f,-0.3969f,0.5162f,-0.7589f,0.0898f,0f,0f,0f,1f],start_interpolation: 0,interpolation_duration: 1}
$data merge entity $(bone_arm_left) {transformation: [-0.4438f,0.7211f,0.532f,0.1658f,0.8802f,0.4621f,0.108f,0.8886f,-0.168f,0.5162f,-0.8398f,0.1003f,0f,0f,0f,1f],start_interpolation: 0,interpolation_duration: 1}
$data merge entity $(bone_finger_right2) {transformation: [0.568f,-0.5605f,0.6027f,-0.4707f,-0.7874f,-0.5832f,0.1998f,0.2528f,0.2395f,-0.588f,-0.7726f,-0.3239f,0f,0f,0f,1f],start_interpolation: 0,interpolation_duration: 1}
$data merge entity $(bone_finger_right) {transformation: [0.1451f,-0.7847f,0.6027f,-0.4888f,-0.9794f,-0.0276f,0.1998f,0.3752f,-0.1401f,-0.6193f,-0.7726f,-0.3064f,0f,0f,0f,1f],start_interpolation: 0,interpolation_duration: 1}
$data merge entity $(bone_finger_right4) {transformation: [0.7365f,-0.3072f,0.6027f,-0.4011f,-0.512f,-0.8354f,0.1998f,0.2731f,0.4421f,-0.4557f,-0.7726f,-0.3857f,0f,0f,0f,1f],start_interpolation: 0,interpolation_duration: 1}
$data merge entity $(bone_finger_right3) {transformation: [0.2501f,-0.7578f,0.6027f,-0.4323f,-0.9667f,-0.1601f,0.1998f,0.3939f,-0.0549f,-0.6325f,-0.7726f,-0.3788f,0f,0f,0f,1f],start_interpolation: 0,interpolation_duration: 1}
$data merge entity $(bone_thumb_right2) {transformation: [0.3176f,-0.9415f,-0.1128f,-0.5045f,0.254f,-0.0302f,0.9667f,0.3308f,-0.9136f,-0.3357f,0.2296f,-0.1647f,0f,0f,0f,1f],start_interpolation: 0,interpolation_duration: 1}
$data merge entity $(bone_thumb_right) {transformation: [0.3309f,-0.9415f,0.0639f,-0.4861f,-0.2715f,-0.0302f,0.962f,0.4426f,-0.9037f,-0.3357f,-0.2656f,-0.2262f,0f,0f,0f,1f],start_interpolation: 0,interpolation_duration: 1}
$data merge entity $(bone_hand_right) {transformation: [-0.3301f,-0.7265f,0.6027f,-0.3636f,-0.819f,0.5378f,0.1998f,0.4789f,-0.4693f,-0.4276f,-0.7726f,-0.2425f,0f,0f,0f,1f],start_interpolation: 0,interpolation_duration: 1}
$data merge entity $(bone_arm_right2) {transformation: [-0.372f,-0.7265f,0.5777f,-0.2345f,-0.8311f,0.5378f,0.1412f,0.6955f,-0.4133f,-0.4276f,-0.8039f,-0.1895f,0f,0f,0f,1f],start_interpolation: 0,interpolation_duration: 1}
$data merge entity $(bone_arm_right) {transformation: [-0.3339f,-0.7265f,0.6006f,-0.1886f,-0.8203f,0.5378f,0.1947f,0.8884f,-0.4644f,-0.4276f,-0.7755f,-0.0249f,0f,0f,0f,1f],start_interpolation: 0,interpolation_duration: 1}
$data merge entity $(bone_torso) {transformation: [-0.9626f,-0.0365f,0.2683f,0f,-0.0076f,0.9942f,0.1077f,0.5778f,-0.2707f,0.1016f,-0.9573f,0.0059f,0f,0f,0f,1f],start_interpolation: 0,interpolation_duration: 1}
$data merge entity $(bone_foot_right) {transformation: [-1f,0f,0f,-0.1562f,0f,0.9863f,-0.1651f,0.133f,0f,-0.1651f,-0.9863f,0.1604f,0f,0f,0f,1f],start_interpolation: 0,interpolation_duration: 1}
$data merge entity $(bone_leg_right3) {transformation: [-1f,0f,0f,-0.1562f,0f,0.9426f,-0.3339f,0.2865f,0f,-0.3339f,-0.9426f,0.1723f,0f,0f,0f,1f],start_interpolation: 0,interpolation_duration: 1}
$data merge entity $(bone_leg_right2) {transformation: [-1f,0f,0f,-0.1562f,0f,0.9541f,-0.2994f,0.4262f,0f,-0.2994f,-0.9541f,0.0957f,0f,0f,0f,1f],start_interpolation: 0,interpolation_duration: 1}
$data merge entity $(bone_leg_right) {transformation: [-1f,0f,0f,-0.125f,0f,0.9541f,-0.2994f,0.5156f,0f,-0.2994f,-0.9541f,0.0677f,0f,0f,0f,1f],start_interpolation: 0,interpolation_duration: 1}
$data merge entity $(bone_foot_left) {transformation: [-1f,0f,0f,0.1563f,0f,0.8638f,0.5039f,0.167f,0f,0.5039f,-0.8638f,-0.2127f,0f,0f,0f,1f],start_interpolation: 0,interpolation_duration: 1}
$data merge entity $(bone_leg_left3) {transformation: [-1f,0f,0f,0.1563f,0f,0.9426f,0.3338f,0.2787f,0f,0.3338f,-0.9426f,-0.1068f,0f,0f,0f,1f],start_interpolation: 0,interpolation_duration: 1}
$data merge entity $(bone_leg_left2) {transformation: [-1f,0f,0f,0.1563f,0f,0.9466f,0.3225f,0.4367f,0f,0.3225f,-0.9466f,-0.086f,0f,0f,0f,1f],start_interpolation: 0,interpolation_duration: 1}
$data merge entity $(bone_leg_left) {transformation: [-1f,0f,0f,0.125f,0f,0.9466f,0.3225f,0.5254f,0f,0.3225f,-0.9466f,-0.0558f,0f,0f,0f,1f],start_interpolation: 0,interpolation_duration: 1}