# This file was generated by Animated Java via MC-Build. It is not recommended to edit this file directly.
$data merge entity $(bone_eyelid_right) {transformation: [-0.9938f,0.046f,0.1009f,-0.1534f,0.0491f,0.9984f,0.0284f,1.2068f,-0.0994f,0.0331f,-0.9945f,0.2562f,0f,0f,0f,1f],start_interpolation: 0,interpolation_duration: 1}
$data merge entity $(bone_eye_right) {transformation: [-0.9938f,0.046f,0.1009f,-0.1532f,0.0491f,0.9984f,0.0284f,1.2068f,-0.0994f,0.0331f,-0.9945f,0.2546f,0f,0f,0f,1f],start_interpolation: 0,interpolation_duration: 1}
$data merge entity $(bone_eyelid_left) {transformation: [-0.9867f,-0.1273f,0.1009f,-0.1516f,-0.125f,0.9917f,0.0284f,1.1878f,-0.1037f,0.0154f,-0.9945f,0.2542f,0f,0f,0f,1f],start_interpolation: 0,interpolation_duration: 1}
$data merge entity $(bone_eye_left) {transformation: [-0.9867f,-0.1273f,0.1009f,0.0642f,-0.125f,0.9917f,0.0284f,1.2152f,-0.1037f,0.0154f,-0.9945f,0.2769f,0f,0f,0f,1f],start_interpolation: 0,interpolation_duration: 1}
$data merge entity $(bone_mouth_closed) {transformation: [-0.9941f,-0.0408f,0.1009f,-0.0458f,-0.0381f,0.9989f,0.0284f,1.0287f,-0.1019f,0.0243f,-0.9945f,0.0398f,0f,0f,0f,1f],start_interpolation: 0,interpolation_duration: 1}
$data merge entity $(bone_mouth_open) {transformation: [-0.9941f,-0.0408f,0.1009f,-0.0439f,-0.0381f,0.9989f,0.0284f,0.9977f,-0.1019f,0.0243f,-0.9945f,0.0329f,0f,0f,0f,1f],start_interpolation: 0,interpolation_duration: 1}
$data merge entity $(bone_head) {transformation: [-0.9941f,-0.0408f,0.1009f,-0.0134f,-0.0381f,0.9989f,0.0284f,0.9987f,-0.1019f,0.0243f,-0.9945f,0.0423f,0f,0f,0f,1f],start_interpolation: 0,interpolation_duration: 1}
$data merge entity $(bone_neck) {transformation: [-0.9642f,-0.0568f,0.2591f,-0.009f,-0.0052f,0.9806f,0.1958f,0.9221f,-0.2652f,0.1874f,-0.9458f,0.0276f,0f,0f,0f,1f],start_interpolation: 0,interpolation_duration: 1}
$data merge entity $(bone_finger_left2) {transformation: [0.5973f,0.5783f,0.5557f,0.402f,0.7882f,-0.5511f,-0.2738f,0.2582f,0.1479f,0.6016f,-0.785f,0.3809f,0f,0f,0f,1f],start_interpolation: 0,interpolation_duration: 1}
$data merge entity $(bone_finger_left) {transformation: [0.1901f,0.8094f,0.5557f,0.4258f,0.9611f,-0.0377f,-0.2738f,0.3784f,-0.2006f,0.5861f,-0.785f,0.3559f,0f,0f,0f,1f],start_interpolation: 0,interpolation_duration: 1}
$data merge entity $(bone_finger_left4) {transformation: [0.7736f,0.3046f,0.5557f,0.4402f,0.5162f,-0.8115f,-0.2738f,0.2344f,0.3676f,0.4986f,-0.785f,0.2969f,0f,0f,0f,1f],start_interpolation: 0,interpolation_duration: 1}
$data merge entity $(bone_finger_left3) {transformation: [0.3013f,0.7749f,0.5557f,0.4779f,0.9464f,-0.1716f,-0.2738f,0.3527f,-0.1168f,0.6084f,-0.785f,0.2823f,0f,0f,0f,1f],start_interpolation: 0,interpolation_duration: 1}
$data merge entity $(bone_thumb_left2) {transformation: [-0.7798f,0.611f,0.1366f,0.2925f,0.241f,0.0916f,0.9662f,0.3987f,0.5778f,0.7863f,-0.2187f,0.4184f,0f,0f,0f,1f],start_interpolation: 0,interpolation_duration: 1}
$data merge entity $(bone_thumb_left) {transformation: [-0.6178f,0.611f,0.4951f,0.3737f,0.6763f,0.0916f,0.7309f,0.4689f,0.4012f,0.7863f,-0.4698f,0.3471f,0f,0f,0f,1f],start_interpolation: 0,interpolation_duration: 1}
$data merge entity $(bone_hand_left) {transformation: [-0.2775f,0.7837f,0.5557f,0.3595f,0.829f,0.4876f,-0.2738f,0.4646f,-0.4855f,0.3847f,-0.785f,0.2192f,0f,0f,0f,1f],start_interpolation: 0,interpolation_duration: 1}
$data merge entity $(bone_arm_left2) {transformation: [-0.3162f,0.7837f,0.5346f,0.3139f,0.8464f,0.4876f,-0.2143f,0.6628f,-0.4286f,0.3847f,-0.8175f,0.0609f,0f,0f,0f,1f],start_interpolation: 0,interpolation_duration: 1}
$data merge entity $(bone_arm_left) {transformation: [-0.474f,0.7837f,0.4014f,0.1703f,0.8698f,0.4876f,0.075f,0.8756f,-0.137f,0.3847f,-0.9128f,0.0837f,0f,0f,0f,1f],start_interpolation: 0,interpolation_duration: 1}
$data merge entity $(bone_finger_right2) {transformation: [0.3487f,-0.8191f,0.4554f,-0.5305f,-0.9358f,-0.3308f,0.1215f,0.2188f,0.0511f,-0.4686f,-0.8819f,-0.2443f,0f,0f,0f,1f],start_interpolation: 0,interpolation_duration: 1}
$data merge entity $(bone_finger_right) {transformation: [-0.0326f,-0.8897f,0.4554f,-0.5264f,-0.9877f,0.0984f,0.1215f,0.3422f,-0.1529f,-0.4459f,-0.8819f,-0.2252f,0f,0f,0f,1f],start_interpolation: 0,interpolation_duration: 1}
$data merge entity $(bone_finger_right4) {transformation: [0.6589f,-0.5987f,0.4554f,-0.4706f,-0.7122f,-0.6913f,0.1215f,0.2297f,0.2421f,-0.4044f,-0.8819f,-0.3182f,0f,0f,0f,1f],start_interpolation: 0,interpolation_duration: 1}
$data merge entity $(bone_finger_right3) {transformation: [0.105f,-0.8841f,0.4554f,-0.4837f,-0.9911f,-0.0551f,0.1215f,0.3536f,-0.0823f,-0.4641f,-0.8819f,-0.3079f,0f,0f,0f,1f],start_interpolation: 0,interpolation_duration: 1}
$data merge entity $(bone_thumb_right2) {transformation: [0.2012f,-0.9782f,0.0523f,-0.5305f,0.0356f,0.0607f,0.9975f,0.3109f,-0.9789f,-0.1989f,0.047f,-0.0821f,0f,0f,0f,1f],start_interpolation: 0,interpolation_duration: 1}
$data merge entity $(bone_thumb_right) {transformation: [0.165f,-0.9782f,0.1265f,-0.5095f,-0.3554f,0.0607f,0.9327f,0.4164f,-0.92f,-0.1989f,-0.3376f,-0.1531f,0f,0f,0f,1f],start_interpolation: 0,interpolation_duration: 1}
$data merge entity $(bone_hand_right) {transformation: [-0.4078f,-0.7914f,0.4554f,-0.3919f,-0.8522f,0.509f,0.1215f,0.4493f,-0.328f,-0.3385f,-0.8819f,-0.1941f,0f,0f,0f,1f],start_interpolation: 0,interpolation_duration: 1}
$data merge entity $(bone_arm_right2) {transformation: [-0.416f,-0.7914f,0.4479f,-0.2599f,-0.8542f,0.509f,0.1059f,0.6694f,-0.3118f,-0.3385f,-0.8878f,-0.1717f,0f,0f,0f,1f],start_interpolation: 0,interpolation_duration: 1}
$data merge entity $(bone_arm_right) {transformation: [-0.4092f,-0.7914f,0.4541f,-0.1859f,-0.8525f,0.509f,0.1188f,0.8751f,-0.3252f,-0.3385f,-0.883f,-0.0352f,0f,0f,0f,1f],start_interpolation: 0,interpolation_duration: 1}
$data merge entity $(bone_torso) {transformation: [-0.9642f,-0.025f,0.2641f,0f,-0.0052f,0.9971f,0.0755f,0.5638f,-0.2652f,0.0715f,-0.9615f,0.0019f,0f,0f,0f,1f],start_interpolation: 0,interpolation_duration: 1}
$data merge entity $(bone_foot_right) {transformation: [-1f,0f,0f,-0.1562f,0f,0.9995f,0.0324f,0.1291f,0f,0.0324f,-0.9995f,0.0526f,0f,0f,0f,1f],start_interpolation: 0,interpolation_duration: 1}
$data merge entity $(bone_leg_right3) {transformation: [-1f,0f,0f,-0.1562f,0f,0.9998f,-0.019f,0.2709f,0f,-0.019f,-0.9998f,0.1124f,0f,0f,0f,1f],start_interpolation: 0,interpolation_duration: 1}
$data merge entity $(bone_leg_right2) {transformation: [-1f,0f,0f,-0.1562f,0f,0.9933f,-0.1155f,0.4225f,0f,-0.1155f,-0.9933f,0.0633f,0f,0f,0f,1f],start_interpolation: 0,interpolation_duration: 1}
$data merge entity $(bone_leg_right) {transformation: [-1f,0f,0f,-0.125f,0f,0.9933f,-0.1155f,0.5156f,0f,-0.1155f,-0.9933f,0.0525f,0f,0f,0f,1f],start_interpolation: 0,interpolation_duration: 1}
$data merge entity $(bone_foot_left) {transformation: [-1f,0f,0f,0.1563f,0f,0.8072f,0.5903f,0.1996f,0f,0.5903f,-0.8072f,-0.1881f,0f,0f,0f,1f],start_interpolation: 0,interpolation_duration: 1}
$data merge entity $(bone_leg_left3) {transformation: [-1f,0f,0f,0.1563f,0f,0.9097f,0.4153f,0.3016f,0f,0.4153f,-0.9097f,-0.0728f,0f,0f,0f,1f],start_interpolation: 0,interpolation_duration: 1}
$data merge entity $(bone_leg_left2) {transformation: [-1f,0f,0f,0.1563f,0f,0.9758f,0.2187f,0.4609f,0f,0.2187f,-0.9758f,-0.0691f,0f,0f,0f,1f],start_interpolation: 0,interpolation_duration: 1}
$data merge entity $(bone_leg_left) {transformation: [-1f,0f,0f,0.125f,0f,0.9758f,0.2187f,0.5524f,0f,0.2187f,-0.9758f,-0.0486f,0f,0f,0f,1f],start_interpolation: 0,interpolation_duration: 1}