# This file was generated by Animated Java via MC-Build. It is not recommended to edit this file directly.
$data merge entity $(bone_eyelid_right) {transformation: [-0.9924f,0.0574f,0.1084f,-0.1494f,0.0595f,0.9981f,0.0161f,1.211f,-0.1073f,0.0225f,-0.994f,0.244f,0f,0f,0f,1f],start_interpolation: 0,interpolation_duration: 1}
$data merge entity $(bone_eye_right) {transformation: [-0.9924f,0.0574f,0.1084f,-0.1492f,0.0595f,0.9981f,0.0161f,1.2111f,-0.1073f,0.0225f,-0.994f,0.2425f,0f,0f,0f,1f],start_interpolation: 0,interpolation_duration: 1}
$data merge entity $(bone_eyelid_left) {transformation: [-0.9873f,-0.1158f,0.1084f,-0.1478f,-0.1147f,0.9933f,0.0161f,1.192f,-0.1096f,0.0035f,-0.994f,0.2423f,0f,0f,0f,1f],start_interpolation: 0,interpolation_duration: 1}
$data merge entity $(bone_eye_left) {transformation: [-0.9873f,-0.1158f,0.1084f,0.0682f,-0.1147f,0.9933f,0.0161f,1.2171f,-0.1096f,0.0035f,-0.994f,0.2663f,0f,0f,0f,1f],start_interpolation: 0,interpolation_duration: 1}
$data merge entity $(bone_mouth_closed) {transformation: [-0.9937f,-0.0293f,0.1084f,-0.0423f,-0.0277f,0.9995f,0.0161f,1.0294f,-0.1088f,0.013f,-0.994f,0.0305f,0f,0f,0f,1f],start_interpolation: 0,interpolation_duration: 1}
$data merge entity $(bone_mouth_open) {transformation: [-0.9937f,-0.0293f,0.1084f,-0.0407f,-0.0277f,0.9995f,0.0161f,0.9982f,-0.1088f,0.013f,-0.994f,0.0239f,0f,0f,0f,1f],start_interpolation: 0,interpolation_duration: 1}
$data merge entity $(bone_head) {transformation: [-0.9937f,-0.0293f,0.1084f,-0.0103f,-0.0277f,0.9995f,0.0161f,0.999f,-0.1088f,0.013f,-0.994f,0.0335f,0f,0f,0f,1f],start_interpolation: 0,interpolation_duration: 1}
$data merge entity $(bone_neck) {transformation: [-0.9706f,-0.046f,0.2363f,-0.0067f,-0.004f,0.9845f,0.1754f,0.9221f,-0.2407f,0.1693f,-0.9557f,0.0203f,0f,0f,0f,1f],start_interpolation: 0,interpolation_duration: 1}
$data merge entity $(bone_finger_left2) {transformation: [0.7784f,0.4283f,0.459f,0.4295f,0.5798f,-0.7707f,-0.2642f,0.2681f,0.2406f,0.4718f,-0.8483f,0.3401f,0f,0f,0f,1f],start_interpolation: 0,interpolation_duration: 1}
$data merge entity $(bone_finger_left) {transformation: [0.2877f,0.8406f,0.459f,0.4654f,0.9475f,-0.18f,-0.2642f,0.3866f,-0.1394f,0.5109f,-0.8483f,0.3226f,0f,0f,0f,1f],start_interpolation: 0,interpolation_duration: 1}
$data merge entity $(bone_finger_left4) {transformation: [0.8777f,0.1375f,0.459f,0.46f,0.2825f,-0.9222f,-0.2642f,0.247f,0.3869f,0.3616f,-0.8483f,0.2527f,0f,0f,0f,1f],start_interpolation: 0,interpolation_duration: 1}
$data merge entity $(bone_finger_left3) {transformation: [0.3875f,0.7995f,0.459f,0.5085f,0.9187f,-0.2936f,-0.2642f,0.3618f,-0.0764f,0.524f,-0.8483f,0.2431f,0f,0f,0f,1f],start_interpolation: 0,interpolation_duration: 1}
$data merge entity $(bone_thumb_left2) {transformation: [-0.7565f,0.6515f,0.0569f,0.3312f,0.0947f,0.0229f,0.9952f,0.4034f,0.6471f,0.7583f,-0.079f,0.3911f,0f,0f,0f,1f],start_interpolation: 0,interpolation_duration: 1}
$data merge entity $(bone_thumb_left) {transformation: [-0.5767f,0.6515f,0.493f,0.4109f,0.6645f,0.0229f,0.7469f,0.476f,0.4753f,0.7583f,-0.4461f,0.3205f,0f,0f,0f,1f],start_interpolation: 0,interpolation_duration: 1}
$data merge entity $(bone_hand_left) {transformation: [-0.3528f,0.8154f,0.459f,0.3809f,0.8221f,0.5044f,-0.2642f,0.4711f,-0.4469f,0.2841f,-0.8483f,0.1953f,0f,0f,0f,1f],start_interpolation: 0,interpolation_duration: 1}
$data merge entity $(bone_arm_left2) {transformation: [-0.3672f,0.8154f,0.4475f,0.317f,0.8301f,0.5044f,-0.2379f,0.6638f,-0.4197f,0.2841f,-0.862f,0.0365f,0f,0f,0f,1f],start_interpolation: 0,interpolation_duration: 1}
$data merge entity $(bone_arm_left) {transformation: [-0.4973f,0.8154f,0.2964f,0.1742f,0.8615f,0.5044f,0.0578f,0.8755f,-0.1024f,0.2841f,-0.9533f,0.0705f,0f,0f,0f,1f],start_interpolation: 0,interpolation_duration: 1}
$data merge entity $(bone_finger_right2) {transformation: [0.2111f,-0.9203f,0.3293f,-0.5705f,-0.9774f,-0.2008f,0.0655f,0.2173f,0.0059f,-0.3357f,-0.942f,-0.1715f,0f,0f,0f,1f],start_interpolation: 0,interpolation_duration: 1}
$data merge entity $(bone_finger_right) {transformation: [-0.1341f,-0.9347f,0.3293f,-0.5537f,-0.9842f,0.1643f,0.0655f,0.3403f,-0.1153f,-0.3153f,-0.942f,-0.1571f,0f,0f,0f,1f],start_interpolation: 0,interpolation_duration: 1}
$data merge entity $(bone_finger_right4) {transformation: [0.5908f,-0.7366f,0.3293f,-0.5205f,-0.7925f,-0.6063f,0.0655f,0.2217f,0.1515f,-0.2997f,-0.942f,-0.2533f,0f,0f,0f,1f],start_interpolation: 0,interpolation_duration: 1}
$data merge entity $(bone_finger_right3) {transformation: [0.0191f,-0.944f,0.3293f,-0.5228f,-0.9979f,0.0026f,0.0655f,0.3465f,-0.0627f,-0.3299f,-0.942f,-0.2454f,0f,0f,0f,1f],start_interpolation: 0,interpolation_duration: 1}
$data merge entity $(bone_thumb_right2) {transformation: [0.0747f,-0.99f,0.1198f,-0.5441f,-0.0766f,0.1141f,0.9905f,0.3172f,-0.9943f,-0.0832f,-0.0673f,-0.0138f,0f,0f,0f,1f],start_interpolation: 0,interpolation_duration: 1}
$data merge entity $(bone_thumb_right) {transformation: [0.0299f,-0.99f,0.138f,-0.5259f,-0.4065f,0.1141f,0.9065f,0.4178f,-0.9132f,-0.0832f,-0.399f,-0.0922f,0f,0f,0f,1f],start_interpolation: 0,interpolation_duration: 1}
$data merge entity $(bone_hand_right) {transformation: [-0.4613f,-0.8239f,0.3293f,-0.4147f,-0.8593f,0.5073f,0.0655f,0.4459f,-0.221f,-0.2528f,-0.942f,-0.1509f,0f,0f,0f,1f],start_interpolation: 0,interpolation_duration: 1}
$data merge entity $(bone_arm_right2) {transformation: [-0.4583f,-0.8239f,0.3335f,-0.2793f,-0.8586f,0.5073f,0.0733f,0.6652f,-0.2296f,-0.2528f,-0.9399f,-0.1523f,0f,0f,0f,1f],start_interpolation: 0,interpolation_duration: 1}
$data merge entity $(bone_arm_right) {transformation: [-0.4573f,-0.8239f,0.3348f,-0.1859f,-0.8584f,0.5073f,0.0758f,0.8751f,-0.2323f,-0.2528f,-0.9392f,-0.0355f,0f,0f,0f,1f],start_interpolation: 0,interpolation_duration: 1}
$data merge entity $(bone_torso) {transformation: [-0.9706f,-0.0187f,0.24f,0f,-0.004f,0.9981f,0.0619f,0.5634f,-0.2407f,0.0591f,-0.9688f,-0.001f,0f,0f,0f,1f],start_interpolation: 0,interpolation_duration: 1}
$data merge entity $(bone_foot_right) {transformation: [-1f,0f,0f,-0.1562f,0f,0.9999f,-0.0105f,0.1285f,0f,-0.0105f,-0.9999f,0.0296f,0f,0f,0f,1f],start_interpolation: 0,interpolation_duration: 1}
$data merge entity $(bone_leg_right3) {transformation: [-1f,0f,0f,-0.1562f,0f,1f,-0.0003f,0.2692f,0f,-0.0003f,-1f,0.092f,0f,0f,0f,1f],start_interpolation: 0,interpolation_duration: 1}
$data merge entity $(bone_leg_right2) {transformation: [-1f,0f,0f,-0.1562f,0f,0.9964f,-0.0852f,0.4222f,0f,-0.0852f,-0.9964f,0.0476f,0f,0f,0f,1f],start_interpolation: 0,interpolation_duration: 1}
$data merge entity $(bone_leg_right) {transformation: [-1f,0f,0f,-0.125f,0f,0.9964f,-0.0852f,0.5156f,0f,-0.0852f,-0.9964f,0.0396f,0f,0f,0f,1f],start_interpolation: 0,interpolation_duration: 1}
$data merge entity $(bone_foot_left) {transformation: [-1f,0f,0f,0.1563f,0f,0.7793f,0.6266f,0.2157f,0f,0.6266f,-0.7793f,-0.168f,0f,0f,0f,1f],start_interpolation: 0,interpolation_duration: 1}
$data merge entity $(bone_leg_left3) {transformation: [-1f,0f,0f,0.1563f,0f,0.8857f,0.4643f,0.3113f,0f,0.4643f,-0.8857f,-0.0474f,0f,0f,0f,1f],start_interpolation: 0,interpolation_duration: 1}
$data merge entity $(bone_leg_left2) {transformation: [-1f,0f,0f,0.1563f,0f,0.9892f,0.1469f,0.4704f,0f,0.1469f,-0.9892f,-0.0553f,0f,0f,0f,1f],start_interpolation: 0,interpolation_duration: 1}
$data merge entity $(bone_leg_left) {transformation: [-1f,0f,0f,0.125f,0f,0.9892f,0.1469f,0.5632f,0f,0.1469f,-0.9892f,-0.0416f,0f,0f,0f,1f],start_interpolation: 0,interpolation_duration: 1}