# This file was generated by Animated Java via MC-Build. It is not recommended to edit this file directly.
$data merge entity $(bone_eyelid_right) {transformation: [-0.9916f,0.0684f,0.1099f,-0.1445f,0.0698f,0.9975f,0.0094f,1.2152f,-0.109f,0.017f,-0.9939f,0.2361f,0f,0f,0f,1f],start_interpolation: 0,interpolation_duration: 1}
$data merge entity $(bone_eye_right) {transformation: [-0.9916f,0.0684f,0.1099f,-0.1443f,0.0698f,0.9975f,0.0094f,1.2152f,-0.109f,0.017f,-0.9939f,0.2345f,0f,0f,0f,1f],start_interpolation: 0,interpolation_duration: 1}
$data merge entity $(bone_eyelid_left) {transformation: [-0.9884f,-0.1048f,0.1099f,-0.1432f,-0.1044f,0.9945f,0.0094f,1.1962f,-0.1103f,-0.0022f,-0.9939f,0.2345f,0f,0f,0f,1f],start_interpolation: 0,interpolation_duration: 1}
$data merge entity $(bone_eye_left) {transformation: [-0.9884f,-0.1048f,0.1099f,0.0731f,-0.1044f,0.9945f,0.0094f,1.219f,-0.1103f,-0.0022f,-0.9939f,0.2586f,0f,0f,0f,1f],start_interpolation: 0,interpolation_duration: 1}
$data merge entity $(bone_mouth_closed) {transformation: [-0.9938f,-0.0183f,0.1099f,-0.0392f,-0.0174f,0.9998f,0.0094f,1.0311f,-0.11f,0.0074f,-0.9939f,0.0237f,0f,0f,0f,1f],start_interpolation: 0,interpolation_duration: 1}
$data merge entity $(bone_mouth_open) {transformation: [-0.9938f,-0.0183f,0.1099f,-0.0379f,-0.0174f,0.9998f,0.0094f,1f,-0.11f,0.0074f,-0.9939f,0.0173f,0f,0f,0f,1f],start_interpolation: 0,interpolation_duration: 1}
$data merge entity $(bone_head) {transformation: [-0.9938f,-0.0183f,0.1099f,-0.0075f,-0.0174f,0.9998f,0.0094f,1.0004f,-0.11f,0.0074f,-0.9939f,0.0269f,0f,0f,0f,1f],start_interpolation: 0,interpolation_duration: 1}
$data merge entity $(bone_neck) {transformation: [-0.9792f,-0.034f,0.2f,-0.0049f,-0.0027f,0.9879f,0.1548f,0.9233f,-0.2028f,0.151f,-0.9675f,0.0151f,0f,0f,0f,1f],start_interpolation: 0,interpolation_duration: 1}
$data merge entity $(bone_finger_left2) {transformation: [0.9097f,0.247f,0.3338f,0.4621f,0.3363f,-0.9097f,-0.2434f,0.2789f,0.2435f,0.3337f,-0.9107f,0.2865f,0f,0f,0f,1f],start_interpolation: 0,interpolation_duration: 1}
$data merge entity $(bone_finger_left) {transformation: [0.3794f,0.8629f,0.3338f,0.5095f,0.9191f,-0.3099f,-0.2434f,0.3938f,-0.1066f,0.3991f,-0.9107f,0.2732f,0f,0f,0f,1f],start_interpolation: 0,interpolation_duration: 1}
$data merge entity $(bone_finger_left4) {transformation: [0.9419f,-0.0376f,0.3338f,0.4824f,0.0476f,-0.9687f,-0.2434f,0.2608f,0.3325f,0.2452f,-0.9107f,0.1958f,0f,0f,0f,1f],start_interpolation: 0,interpolation_duration: 1}
$data merge entity $(bone_finger_left3) {transformation: [0.4674f,0.8186f,0.3338f,0.5408f,0.8817f,-0.4041f,-0.2434f,0.371f,-0.0644f,0.4081f,-0.9107f,0.1878f,0f,0f,0f,1f],start_interpolation: 0,interpolation_duration: 1}
$data merge entity $(bone_thumb_left2) {transformation: [-0.7034f,0.7108f,-0.0003f,0.3772f,-0.0493f,-0.0484f,0.9976f,0.4068f,0.709f,0.7018f,0.0691f,0.3523f,0f,0f,0f,1f],start_interpolation: 0,interpolation_duration: 1}
$data merge entity $(bone_thumb_left) {transformation: [-0.5142f,0.7108f,0.48f,0.4532f,0.6451f,-0.0484f,0.7626f,0.482f,0.5652f,0.7018f,-0.4336f,0.2804f,0f,0f,0f,1f],start_interpolation: 0,interpolation_duration: 1}
$data merge entity $(bone_hand_left) {transformation: [-0.433f,0.8373f,0.3338f,0.4051f,0.8185f,0.5204f,-0.2434f,0.4778f,-0.3775f,0.1678f,-0.9107f,0.161f,0f,0f,0f,1f],start_interpolation: 0,interpolation_duration: 1}
$data merge entity $(bone_arm_left2) {transformation: [-0.43f,0.8373f,0.3377f,0.3187f,0.8162f,0.5204f,-0.2509f,0.6661f,-0.3858f,0.1678f,-0.9072f,0.0078f,0f,0f,0f,1f],start_interpolation: 0,interpolation_duration: 1}
$data merge entity $(bone_arm_left) {transformation: [-0.5195f,0.8373f,0.1704f,0.1782f,0.8528f,0.5204f,0.0432f,0.8767f,-0.0525f,0.1678f,-0.9844f,0.0562f,0f,0f,0f,1f],start_interpolation: 0,interpolation_duration: 1}
$data merge entity $(bone_finger_right2) {transformation: [0.0838f,-0.9816f,0.1717f,-0.6035f,-0.9965f,-0.0838f,0.0074f,0.2238f,0.0071f,-0.1717f,-0.9851f,-0.0794f,0f,0f,0f,1f],start_interpolation: 0,interpolation_duration: 1}
$data merge entity $(bone_finger_right) {transformation: [-0.2214f,-0.96f,0.1717f,-0.5759f,-0.9741f,0.226f,0.0074f,0.3455f,-0.0459f,-0.1656f,-0.9851f,-0.0736f,0f,0f,0f,1f],start_interpolation: 0,interpolation_duration: 1}
$data merge entity $(bone_finger_right4) {transformation: [0.516f,-0.8392f,0.1717f,-0.5669f,-0.8525f,-0.5226f,0.0074f,0.2215f,0.0835f,-0.1502f,-0.9851f,-0.1682f,0f,0f,0f,1f],start_interpolation: 0,interpolation_duration: 1}
$data merge entity $(bone_finger_right3) {transformation: [-0.0568f,-0.9835f,0.1717f,-0.5598f,-0.9982f,0.0589f,0.0074f,0.3462f,-0.0174f,-0.171f,-0.9851f,-0.166f,0f,0f,0f,1f],start_interpolation: 0,interpolation_duration: 1}
$data merge entity $(bone_thumb_right2) {transformation: [-0.0847f,-0.9844f,0.1545f,-0.5479f,-0.1751f,0.1674f,0.9702f,0.3305f,-0.9809f,0.0551f,-0.1865f,0.0676f,0f,0f,0f,1f],start_interpolation: 0,interpolation_duration: 1}
$data merge entity $(bone_thumb_right) {transformation: [-0.1266f,-0.9844f,0.1225f,-0.5365f,-0.4547f,0.1674f,0.8748f,0.4256f,-0.8816f,0.0551f,-0.4687f,-0.0186f,0f,0f,0f,1f],start_interpolation: 0,interpolation_duration: 1}
$data merge entity $(bone_hand_right) {transformation: [-0.5052f,-0.8457f,0.1717f,-0.436f,-0.8578f,0.5139f,0.0074f,0.4478f,-0.0945f,-0.1436f,-0.9851f,-0.0961f,0f,0f,0f,1f],start_interpolation: 0,interpolation_duration: 1}
$data merge entity $(bone_arm_right2) {transformation: [-0.4987f,-0.8457f,0.1899f,-0.2995f,-0.857f,0.5139f,0.0385f,0.6644f,-0.1302f,-0.1436f,-0.981f,-0.1248f,0f,0f,0f,1f],start_interpolation: 0,interpolation_duration: 1}
$data merge entity $(bone_arm_right) {transformation: [-0.4986f,-0.8457f,0.19f,-0.1867f,-0.8569f,0.5139f,0.0387f,0.8763f,-0.1304f,-0.1436f,-0.981f,-0.0309f,0f,0f,0f,1f],start_interpolation: 0,interpolation_duration: 1}
$data merge entity $(bone_torso) {transformation: [-0.9792f,-0.0136f,0.2024f,0f,-0.0027f,0.9985f,0.0539f,0.5644f,-0.2028f,0.0523f,-0.9778f,-0.0037f,0f,0f,0f,1f],start_interpolation: 0,interpolation_duration: 1}
$data merge entity $(bone_foot_right) {transformation: [-1f,0f,0f,-0.1562f,0f,0.9999f,-0.0139f,0.1278f,0f,-0.0139f,-0.9999f,0.0058f,0f,0f,0f,1f],start_interpolation: 0,interpolation_duration: 1}
$data merge entity $(bone_leg_right3) {transformation: [-1f,0f,0f,-0.1562f,0f,0.9999f,0.0108f,0.2678f,0f,0.0108f,-0.9999f,0.0698f,0f,0f,0f,1f],start_interpolation: 0,interpolation_duration: 1}
$data merge entity $(bone_leg_right2) {transformation: [-1f,0f,0f,-0.1562f,0f,0.9984f,-0.0557f,0.422f,0f,-0.0557f,-0.9984f,0.0299f,0f,0f,0f,1f],start_interpolation: 0,interpolation_duration: 1}
$data merge entity $(bone_leg_right) {transformation: [-1f,0f,0f,-0.125f,0f,0.9984f,-0.0557f,0.5156f,0f,-0.0557f,-0.9984f,0.0247f,0f,0f,0f,1f],start_interpolation: 0,interpolation_duration: 1}
$data merge entity $(bone_foot_left) {transformation: [-1f,0f,0f,0.1563f,0f,0.6592f,0.752f,0.2498f,0f,0.752f,-0.6592f,-0.1558f,0f,0f,0f,1f],start_interpolation: 0,interpolation_duration: 1}
$data merge entity $(bone_leg_left3) {transformation: [-1f,0f,0f,0.1563f,0f,0.777f,0.6295f,0.3197f,0f,0.6295f,-0.777f,-0.0187f,0f,0f,0f,1f],start_interpolation: 0,interpolation_duration: 1}
$data merge entity $(bone_leg_left2) {transformation: [-1f,0f,0f,0.1563f,0f,0.9975f,0.0712f,0.4778f,0f,0.0712f,-0.9975f,-0.0387f,0f,0f,0f,1f],start_interpolation: 0,interpolation_duration: 1}
$data merge entity $(bone_leg_left) {transformation: [-1f,0f,0f,0.125f,0f,0.9975f,0.0712f,0.5713f,0f,0.0712f,-0.9975f,-0.032f,0f,0f,0f,1f],start_interpolation: 0,interpolation_duration: 1}