# This file was generated by Animated Java via MC-Build. It is not recommended to edit this file directly.
$data merge entity $(bone_eyelid_right) {transformation: [-0.9918f,0.0852f,0.0954f,-0.1333f,0.0871f,0.9961f,0.0169f,1.2193f,-0.0935f,0.0251f,-0.9953f,0.2386f,0f,0f,0f,1f],start_interpolation: 0,interpolation_duration: 1}
$data merge entity $(bone_eye_right) {transformation: [-0.9918f,0.0852f,0.0954f,-0.1332f,0.0871f,0.9961f,0.0169f,1.2193f,-0.0935f,0.0251f,-0.9953f,0.2371f,0f,0f,0f,1f],start_interpolation: 0,interpolation_duration: 1}
$data merge entity $(bone_eyelid_left) {transformation: [-0.9915f,-0.0884f,0.0954f,-0.1323f,-0.0871f,0.9961f,0.0169f,1.2003f,-0.0965f,0.0084f,-0.9953f,0.2368f,0f,0f,0f,1f],start_interpolation: 0,interpolation_duration: 1}
$data merge entity $(bone_eye_left) {transformation: [-0.9915f,-0.0884f,0.0954f,0.0846f,-0.0871f,0.9961f,0.0169f,1.2193f,-0.0965f,0.0084f,-0.9953f,0.2579f,0f,0f,0f,1f],start_interpolation: 0,interpolation_duration: 1}
$data merge entity $(bone_mouth_closed) {transformation: [-0.9954f,-0.0016f,0.0954f,-0.0342f,0f,0.9999f,0.0169f,1.0355f,-0.0954f,0.0168f,-0.9953f,0.023f,0f,0f,0f,1f],start_interpolation: 0,interpolation_duration: 1}
$data merge entity $(bone_mouth_open) {transformation: [-0.9954f,-0.0016f,0.0954f,-0.0336f,0f,0.9999f,0.0169f,1.0044f,-0.0954f,0.0168f,-0.9953f,0.0163f,0f,0f,0f,1f],start_interpolation: 0,interpolation_duration: 1}
$data merge entity $(bone_head) {transformation: [-0.9954f,-0.0016f,0.0954f,-0.003f,0f,0.9999f,0.0169f,1.0043f,-0.0954f,0.0168f,-0.9953f,0.0255f,0f,0f,0f,1f],start_interpolation: 0,interpolation_duration: 1}
$data merge entity $(bone_neck) {transformation: [-0.9954f,-0.0124f,0.0946f,-0.0021f,0f,0.9915f,0.13f,0.9268f,-0.0954f,0.1294f,-0.987f,0.0154f,0f,0f,0f,1f],start_interpolation: 0,interpolation_duration: 1}
$data merge entity $(bone_finger_left2) {transformation: [0.9981f,0.0575f,0.0198f,0.5254f,0.0601f,-0.984f,-0.168f,0.2894f,0.0098f,0.1689f,-0.9856f,0.1493f,0f,0f,0f,1f],start_interpolation: 0,interpolation_duration: 1}
$data merge entity $(bone_finger_left) {transformation: [0.4492f,0.8932f,0.0198f,0.5816f,0.8822f,-0.44f,-0.168f,0.3996f,-0.1413f,0.0929f,-0.9856f,0.1316f,0f,0f,0f,1f],start_interpolation: 0,interpolation_duration: 1}
$data merge entity $(bone_finger_left4) {transformation: [0.979f,-0.2028f,0.0198f,0.5178f,-0.1967f,-0.966f,-0.168f,0.2788f,0.0532f,0.1606f,-0.9856f,0.0558f,0f,0f,0f,1f],start_interpolation: 0,interpolation_duration: 1}
$data merge entity $(bone_finger_left3) {transformation: [0.5254f,0.8506f,0.0198f,0.5834f,0.8405f,-0.5152f,-0.168f,0.3839f,-0.1327f,0.1049f,-0.9856f,0.0392f,0f,0f,0f,1f],start_interpolation: 0,interpolation_duration: 1}
$data merge entity $(bone_thumb_left2) {transformation: [-0.4973f,0.8675f,0.0104f,0.471f,-0.2369f,-0.1473f,0.9603f,0.403f,0.8347f,0.475f,0.2787f,0.2446f,0f,0f,0f,1f],start_interpolation: 0,interpolation_duration: 1}
$data merge entity $(bone_thumb_left) {transformation: [-0.3116f,0.8675f,0.3876f,0.5292f,0.5834f,-0.1473f,0.7987f,0.4846f,0.75f,0.475f,-0.4602f,0.1637f,0f,0f,0f,1f],start_interpolation: 0,interpolation_duration: 1}
$data merge entity $(bone_hand_left) {transformation: [-0.5489f,0.8357f,0.0198f,0.4445f,0.8221f,0.544f,-0.168f,0.4862f,-0.1512f,-0.0759f,-0.9856f,0.0666f,0f,0f,0f,1f],start_interpolation: 0,interpolation_duration: 1}
$data merge entity $(bone_arm_left2) {transformation: [-0.5451f,0.8357f,0.0676f,0.3125f,0.8043f,0.544f,-0.239f,0.6724f,-0.2365f,-0.0759f,-0.9687f,-0.0531f,0f,0f,0f,1f],start_interpolation: 0,interpolation_duration: 1}
$data merge entity $(bone_arm_left) {transformation: [-0.5381f,0.8357f,-0.1104f,0.1848f,0.8385f,0.544f,0.0309f,0.8801f,0.0859f,-0.0759f,-0.9934f,0.0304f,0f,0f,0f,1f],start_interpolation: 0,interpolation_duration: 1}
$data merge entity $(bone_finger_right2) {transformation: [-0.0255f,-0.9815f,-0.1899f,-0.6106f,-0.9943f,0.0446f,-0.0969f,0.2475f,0.1035f,0.1864f,-0.977f,0.137f,0f,0f,0f,1f],start_interpolation: 0,interpolation_duration: 1}
$data merge entity $(bone_finger_right) {transformation: [-0.2787f,-0.9414f,-0.1899f,-0.5757f,-0.9489f,0.3004f,-0.0969f,0.3661f,0.1482f,0.1532f,-0.977f,0.1185f,0f,0f,0f,1f],start_interpolation: 0,interpolation_duration: 1}
$data merge entity $(bone_finger_right4) {transformation: [0.4306f,-0.8824f,-0.1899f,-0.6074f,-0.9025f,-0.4196f,-0.0969f,0.2337f,0.0058f,0.2131f,-0.977f,0.0418f,0f,0f,0f,1f],start_interpolation: 0,interpolation_duration: 1}
$data merge entity $(bone_finger_right3) {transformation: [-0.111f,-0.9755f,-0.1899f,-0.5936f,-0.9866f,0.1311f,-0.0969f,0.3571f,0.1194f,0.1766f,-0.977f,0.0269f,0f,0f,0f,1f],start_interpolation: 0,interpolation_duration: 1}
$data merge entity $(bone_thumb_right2) {transformation: [-0.4248f,-0.9f,0.0982f,-0.5033f,-0.3045f,0.2442f,0.9207f,0.3646f,-0.8526f,0.3612f,-0.3777f,0.243f,0f,0f,0f,1f],start_interpolation: 0,interpolation_duration: 1}
$data merge entity $(bone_thumb_right) {transformation: [-0.4357f,-0.9f,-0.0151f,-0.5188f,-0.5324f,0.2442f,0.8105f,0.4493f,-0.7258f,0.3612f,-0.5855f,0.1471f,0f,0f,0f,1f],start_interpolation: 0,interpolation_duration: 1}
$data merge entity $(bone_hand_right) {transformation: [-0.5128f,-0.8372f,-0.1899f,-0.4522f,-0.8388f,0.5358f,-0.0969f,0.4592f,0.1828f,0.1096f,-0.977f,0.0373f,0f,0f,0f,1f],start_interpolation: 0,interpolation_duration: 1}
$data merge entity $(bone_arm_right2) {transformation: [-0.5274f,-0.8372f,-0.1445f,-0.3294f,-0.844f,0.5358f,-0.0234f,0.6687f,0.097f,0.1096f,-0.9892f,-0.0488f,0f,0f,0f,1f],start_interpolation: 0,interpolation_duration: 1}
$data merge entity $(bone_arm_right) {transformation: [-0.5307f,-0.8372f,-0.1321f,-0.1884f,-0.8444f,0.5358f,-0.0036f,0.8801f,0.0738f,0.1096f,-0.9912f,-0.0053f,0f,0f,0f,1f],start_interpolation: 0,interpolation_duration: 1}
$data merge entity $(bone_torso) {transformation: [-0.9954f,-0.0058f,0.0952f,0f,0f,0.9982f,0.0605f,0.5681f,-0.0954f,0.0602f,-0.9936f,-0.0062f,0f,0f,0f,1f],start_interpolation: 0,interpolation_duration: 1}
$data merge entity $(bone_foot_right) {transformation: [-1f,0f,0f,-0.1562f,0f,1f,-0.003f,0.1277f,0f,-0.003f,-1f,-0.05f,0f,0f,0f,1f],start_interpolation: 0,interpolation_duration: 1}
$data merge entity $(bone_leg_right3) {transformation: [-1f,0f,0f,-0.1562f,0f,0.9987f,0.0508f,0.265f,0f,0.0508f,-0.9987f,0.0195f,0f,0f,0f,1f],start_interpolation: 0,interpolation_duration: 1}
$data merge entity $(bone_leg_right2) {transformation: [-1f,0f,0f,-0.1562f,0f,0.9998f,0.0218f,0.4219f,0f,0.0218f,-0.9998f,-0.0083f,0f,0f,0f,1f],start_interpolation: 0,interpolation_duration: 1}
$data merge entity $(bone_leg_right) {transformation: [-1f,0f,0f,-0.125f,0f,0.9998f,0.0218f,0.5156f,0f,0.0218f,-0.9998f,-0.0062f,0f,0f,0f,1f],start_interpolation: 0,interpolation_duration: 1}
$data merge entity $(bone_foot_left) {transformation: [-1f,0f,0f,0.1563f,0f,0.6895f,0.7243f,0.3025f,0f,0.7243f,-0.6895f,-0.1109f,0f,0f,0f,1f],start_interpolation: 0,interpolation_duration: 1}
$data merge entity $(bone_leg_left3) {transformation: [-1f,0f,0f,0.1563f,0f,0.5655f,0.8247f,0.3305f,0f,0.8247f,-0.5655f,0.0404f,0f,0f,0f,1f],start_interpolation: 0,interpolation_duration: 1}
$data merge entity $(bone_leg_left2) {transformation: [-1f,0f,0f,0.1563f,0f,0.9981f,-0.0617f,0.4846f,0f,-0.0617f,-0.9981f,-0.0005f,0f,0f,0f,1f],start_interpolation: 0,interpolation_duration: 1}
$data merge entity $(bone_leg_left) {transformation: [-1f,0f,0f,0.125f,0f,0.9981f,-0.0617f,0.5781f,0f,-0.0617f,-0.9981f,-0.0063f,0f,0f,0f,1f],start_interpolation: 0,interpolation_duration: 1}