# This file was generated by Animated Java via MC-Build. It is not recommended to edit this file directly.
$data merge entity $(bone_shell2) {transformation: [-1.1979f,0.0032f,-0.0005f,-0.0469f,0.0033f,1.1845f,-0.1785f,1.1939f,0f,-0.1785f,-1.1845f,-0.4062f,0f,0f,0f,1f],start_interpolation: 0,interpolation_duration: 1}
$data merge entity $(bone_shell) {transformation: [-1.2604f,0.0034f,-0.0001f,-0.0475f,0.0034f,1.2602f,-0.0235f,0.9783f,0f,-0.0235f,-1.2602f,0.598f,0f,0f,0f,1f],start_interpolation: 0,interpolation_duration: 1}
$data merge entity $(bone_pupil_right2) {transformation: [-1f,0.0027f,-0.0009f,-0.3664f,0.0026f,0.9955f,0.0949f,2.3653f,0.0012f,0.0949f,-0.9955f,1.4386f,0f,0f,0f,1f],start_interpolation: 0,interpolation_duration: 1}
$data merge entity $(bone_pupil_right) {transformation: [-1f,0.0027f,-0.0009f,-0.3653f,0.0026f,0.9955f,0.0949f,2.3557f,0.0012f,0.0949f,-0.9955f,1.3749f,0f,0f,0f,1f],start_interpolation: 0,interpolation_duration: 1}
$data merge entity $(bone_eyelid_right) {transformation: [-1f,0.0027f,-0.0009f,-0.3289f,0.0026f,0.9955f,0.0949f,2.3867f,0.0012f,0.0949f,-0.9955f,1.3778f,0f,0f,0f,1f],start_interpolation: 0,interpolation_duration: 1}
$data merge entity $(bone_eye_right) {transformation: [-1f,0.0027f,-0.0009f,-0.3652f,0.0026f,0.9955f,0.0949f,2.3868f,0.0012f,0.0949f,-0.9955f,1.3778f,0f,0f,0f,1f],start_interpolation: 0,interpolation_duration: 1}
$data merge entity $(bone_pupil_left2) {transformation: [-1f,0.0027f,-0.0009f,0.3261f,0.0026f,0.9955f,0.0949f,2.3636f,0.0012f,0.0949f,-0.9955f,1.4377f,0f,0f,0f,1f],start_interpolation: 0,interpolation_duration: 1}
$data merge entity $(bone_pupil_left) {transformation: [-1f,0.0027f,-0.0009f,0.3247f,0.0026f,0.9955f,0.0949f,2.3539f,0.0012f,0.0949f,-0.9955f,1.3741f,0f,0f,0f,1f],start_interpolation: 0,interpolation_duration: 1}
$data merge entity $(bone_eyelid_left) {transformation: [-1f,0.0027f,-0.0009f,0.2886f,0.0026f,0.9955f,0.0949f,2.3851f,0.0012f,0.0949f,-0.9955f,1.3771f,0f,0f,0f,1f],start_interpolation: 0,interpolation_duration: 1}
$data merge entity $(bone_eye_left) {transformation: [-1f,0.0027f,-0.0009f,0.3248f,0.0026f,0.9955f,0.0949f,2.385f,0.0012f,0.0949f,-0.9955f,1.377f,0f,0f,0f,1f],start_interpolation: 0,interpolation_duration: 1}
$data merge entity $(bone_muzzle2) {transformation: [-1f,0.0027f,-0.0007f,-0.0197f,0.0026f,0.9834f,0.1813f,2.4668f,0.0012f,0.1813f,-0.9834f,1.6035f,0f,0f,0f,1f],start_interpolation: 0,interpolation_duration: 1}
$data merge entity $(bone_muzzle) {transformation: [-1f,0.0027f,-0.0009f,-0.0197f,0.0026f,0.9955f,0.0949f,2.6209f,0.0012f,0.0949f,-0.9955f,1.3042f,0f,0f,0f,1f],start_interpolation: 0,interpolation_duration: 1}
$data merge entity $(bone_tongue) {transformation: [-1f,0.0026f,-0.0012f,-0.0211f,0.0026f,1f,0.0078f,2.0899f,0.0012f,0.0077f,-1f,1.2689f,0f,0f,0f,1f],start_interpolation: 0,interpolation_duration: 1}
$data merge entity $(bone_jaw) {transformation: [-1f,0.0026f,-0.0012f,-0.0209f,0.0026f,1f,0.0078f,2.1209f,0.0012f,0.0077f,-1f,1.3004f,0f,0f,0f,1f],start_interpolation: 0,interpolation_duration: 1}
$data merge entity $(bone_ear_left) {transformation: [-0.9026f,-0.2112f,-0.3751f,0.3296f,-0.1981f,0.9774f,-0.0737f,2.4658f,0.3822f,0.0078f,-0.924f,1.037f,0f,0f,0f,1f],start_interpolation: 0,interpolation_duration: 1}
$data merge entity $(bone_ear_right) {transformation: [-0.9025f,0.2162f,0.3726f,-0.3704f,0.2027f,0.9763f,-0.0756f,2.4676f,-0.3801f,0.0073f,-0.9249f,1.0378f,0f,0f,0f,1f],start_interpolation: 0,interpolation_duration: 1}
$data merge entity $(bone_head_angle) {transformation: [-1f,0.0026f,-0.0012f,-0.0208f,0.0026f,1f,0.0078f,2.2156f,0.0012f,0.0077f,-1f,1.1761f,0f,0f,0f,1f],start_interpolation: 0,interpolation_duration: 1}
$data merge entity $(bone_neck3) {transformation: [-0.9997f,0.0245f,-0.0013f,-0.0386f,0.0245f,0.999f,-0.0382f,1.494f,0.0003f,-0.0382f,-0.9993f,1.1099f,0f,0f,0f,1f],start_interpolation: 0,interpolation_duration: 1}
$data merge entity $(bone_neck2) {transformation: [-1f,0.0081f,0.0021f,-0.0422f,0.0083f,0.9949f,0.1009f,1.054f,-0.0013f,0.1009f,-0.9949f,1.1124f,0f,0f,0f,1f],start_interpolation: 0,interpolation_duration: 1}
$data merge entity $(bone_chest2) {transformation: [-1f,0.0068f,0.0049f,-0.0498f,0.0083f,0.8918f,0.4524f,0.1253f,-0.0013f,0.4525f,-0.8918f,1.0091f,0f,0f,0f,1f],start_interpolation: 0,interpolation_duration: 1}
$data merge entity $(bone_chest) {transformation: [-1f,0.0027f,-0.0006f,-0.0502f,0.0027f,0.9735f,-0.2285f,-0.0194f,0f,-0.2285f,-0.9735f,0.5295f,0f,0f,0f,1f],start_interpolation: 0,interpolation_duration: 1}
$data merge entity $(bone_tail2) {transformation: [-1f,0.0027f,0.0005f,-0.049f,0.0027f,0.9859f,0.1673f,0.4244f,0f,0.1673f,-0.9859f,-1.1415f,0f,0f,0f,1f],start_interpolation: 0,interpolation_duration: 1}
$data merge entity $(bone_tail) {transformation: [-1f,0.0027f,0.0003f,-0.0484f,0.0027f,0.994f,0.1097f,0.6318f,0f,0.1097f,-0.994f,-0.7414f,0f,0f,0f,1f],start_interpolation: 0,interpolation_duration: 1}
$data merge entity $(bone_torso) {transformation: [-1f,0.0027f,0.0002f,-0.0485f,0.0027f,0.9976f,0.0686f,0.6158f,0f,0.0686f,-0.9976f,-0.0533f,0f,0f,0f,1f],start_interpolation: 0,interpolation_duration: 1}
$data merge entity $(bone_leg_front_left4) {transformation: [-0.7589f,0.6365f,-0.1378f,1.7112f,0.5924f,0.7626f,0.26f,-0.1749f,0.2706f,0.1157f,-0.9557f,0.5941f,0f,0f,0f,1f],start_interpolation: 0,interpolation_duration: 1}
$data merge entity $(bone_leg_front_left3) {transformation: [-0.8945f,0.4471f,-0.004f,1.3548f,0.4413f,0.8842f,0.1532f,0.0182f,0.072f,0.1353f,-0.9882f,0.6255f,0f,0f,0f,1f],start_interpolation: 0,interpolation_duration: 1}
$data merge entity $(bone_leg_front_left2) {transformation: [-0.9356f,0.319f,0.1514f,0.7751f,0.3326f,0.9401f,0.0743f,0.2407f,-0.1187f,0.1199f,-0.9857f,0.5532f,0f,0f,0f,1f],start_interpolation: 0,interpolation_duration: 1}
$data merge entity $(bone_leg_front_left) {transformation: [-0.9114f,0.3086f,0.2722f,0.5757f,0.3287f,0.9439f,0.0302f,0.3126f,-0.2477f,0.117f,-0.9618f,0.499f,0f,0f,0f,1f],start_interpolation: 0,interpolation_duration: 1}
$data merge entity $(bone_leg_back_left4) {transformation: [-0.3213f,0.7375f,-0.594f,0.9688f,0.6992f,0.6078f,0.3764f,-0.1886f,0.6386f,-0.2944f,-0.711f,-0.9396f,0f,0f,0f,1f],start_interpolation: 0,interpolation_duration: 1}
$data merge entity $(bone_leg_back_left3) {transformation: [-0.4978f,0.7012f,-0.5103f,0.8599f,0.715f,0.6649f,0.2161f,-0.0322f,0.4909f,-0.2573f,-0.8324f,-0.8322f,0f,0f,0f,1f],start_interpolation: 0,interpolation_duration: 1}
$data merge entity $(bone_leg_back_left2) {transformation: [-0.6451f,0.6063f,-0.465f,0.618f,0.616f,0.7727f,0.153f,0.1988f,0.4521f,-0.1877f,-0.872f,-0.6627f,0f,0f,0f,1f],start_interpolation: 0,interpolation_duration: 1}
$data merge entity $(bone_leg_back_left) {transformation: [-0.7862f,0.4897f,-0.3768f,0.5443f,0.5025f,0.8616f,0.0713f,0.2459f,0.3596f,-0.1333f,-0.9235f,-0.629f,0f,0f,0f,1f],start_interpolation: 0,interpolation_duration: 1}
$data merge entity $(bone_leg_front_right4) {transformation: [-0.7621f,-0.6323f,0.1393f,-1.8124f,-0.5882f,0.766f,0.2593f,-0.1653f,-0.2706f,0.1157f,-0.9557f,0.5941f,0f,0f,0f,1f],start_interpolation: 0,interpolation_duration: 1}
$data merge entity $(bone_leg_front_right3) {transformation: [-0.8969f,-0.4423f,0.0048f,-1.455f,-0.4364f,0.8866f,0.1532f,0.0258f,-0.072f,0.1353f,-0.9882f,0.6255f,0f,0f,0f,1f],start_interpolation: 0,interpolation_duration: 1}
$data merge entity $(bone_leg_front_right2) {transformation: [-0.9374f,-0.3139f,-0.151f,-0.874f,-0.3275f,0.9419f,0.0751f,0.2452f,0.1187f,0.1199f,-0.9857f,0.5532f,0f,0f,0f,1f],start_interpolation: 0,interpolation_duration: 1}
$data merge entity $(bone_leg_front_right) {transformation: [-0.9132f,-0.3035f,-0.2721f,-0.6743f,-0.3237f,0.9456f,0.0317f,0.316f,0.2477f,0.117f,-0.9618f,0.499f,0f,0f,0f,1f],start_interpolation: 0,interpolation_duration: 1}
$data merge entity $(bone_leg_back_right4) {transformation: [-0.3252f,-0.7342f,0.596f,-1.0701f,-0.6975f,0.6118f,0.3732f,-0.183f,-0.6386f,-0.2944f,-0.711f,-0.9396f,0f,0f,0f,1f],start_interpolation: 0,interpolation_duration: 1}
$data merge entity $(bone_leg_back_right3) {transformation: [-0.5017f,-0.6976f,0.5115f,-0.9603f,-0.7122f,0.6687f,0.2134f,-0.0272f,-0.4909f,-0.2573f,-0.8324f,-0.8322f,0f,0f,0f,1f],start_interpolation: 0,interpolation_duration: 1}
$data merge entity $(bone_leg_back_right2) {transformation: [-0.6484f,-0.6021f,0.4658f,-0.7172f,-0.6125f,0.776f,0.1505f,0.2024f,-0.4521f,-0.1877f,-0.872f,-0.6627f,0f,0f,0f,1f],start_interpolation: 0,interpolation_duration: 1}
$data merge entity $(bone_leg_back_right) {transformation: [-0.789f,-0.485f,0.3772f,-0.6432f,-0.4982f,0.8643f,0.0692f,0.2492f,-0.3596f,-0.1333f,-0.9235f,-0.629f,0f,0f,0f,1f],start_interpolation: 0,interpolation_duration: 1}
data modify entity @s data merge value {"cameras":{},"locators":{"target":{"posx":-0.04758303970087529,"posy":0.9342177047669935,"posz":1.5836975134936702,"roty":0.0054303098698653685,"rotx":1.988105263262071},"body":{"posx":-0.04777612131090308,"posy":0.8634996960203427,"posz":0.017801547613943765,"roty":0.0054303098698653685,"rotx":1.988105263262071},"head":{"posx":-0.019652065230476027,"posy":2.6208768514403538,"posz":1.3042391222753809,"roty":359.9337739543223,"rotx":0.4440798463334375},"mouth":{"posx":-0.020998965978573467,"posy":2.0259356087625164,"posz":1.455884196772793,"roty":359.9337739543223,"rotx":0.4440798463334375},"special":{"posx":-0.020998965978573467,"posy":2.0259356087625164,"posz":1.455884196772793,"roty":359.9337739543223,"rotx":0.4440798463334375},"face":{"posx":-0.019601726079054804,"posy":2.3662348352981124,"posz":1.9022838037841998,"roty":359.9337739543223,"rotx":0.4440798463334375},"eye1":{"posx":-0.36390063883288165,"posy":2.365325515169511,"posz":1.4385608281261697,"roty":359.94663406274356,"rotx":5.444063362246896},"eye2":{"posx":0.3235966268503367,"posy":2.3635630431210064,"posz":1.4377525148349872,"roty":359.94663406274356,"rotx":5.444063362246896},"horn":{"posx":-0.01898959121376257,"posy":2.75122065237401,"posz":1.583489471982135,"roty":359.94663406274356,"rotx":5.444063362246896},"physical":{"posx":-0.01898959121376257,"posy":2.75122065237401,"posz":1.583489471982135,"roty":359.94663406274356,"rotx":5.444063362246896},"jaw_upper":{"posx":-0.02061797320813069,"posy":2.0460703599790575,"posz":1.7360287325264077,"roty":359.94663406274356,"rotx":5.444063362246896},"jaw_lower":{"posx":-0.020408587049528058,"posy":2.12687732237767,"posz":1.7379245308212345,"roty":359.9337739543223,"rotx":0.4440798463334375},"tail_tip":{"posx":-0.04880366664318872,"posy":0.4871512711981177,"posz":-1.511226671910101,"roty":0.026549409530616686,"rotx":9.632197919339442}}}