# This file was generated by Animated Java via MC-Build. It is not recommended to edit this file directly.
$data merge entity $(bone_shell2) {transformation: [-1.1978f,-0.0158f,0.0047f,0.0186f,-0.0165f,1.1489f,-0.3386f,1.1678f,0f,-0.3387f,-1.149f,-0.496f,0f,0f,0f,1f],start_interpolation: 0,interpolation_duration: 1}
$data merge entity $(bone_shell) {transformation: [-1.2603f,-0.0172f,0.0027f,0.0197f,-0.0174f,1.245f,-0.1955f,1.0913f,0f,-0.1955f,-1.2452f,0.5282f,0f,0f,0f,1f],start_interpolation: 0,interpolation_duration: 1}
$data merge entity $(bone_pupil_right2) {transformation: [-1f,0.0045f,0.0026f,-0.3555f,0.0049f,0.9863f,0.1646f,2.5329f,-0.0018f,0.1647f,-0.9863f,1.2721f,0f,0f,0f,1f],start_interpolation: 0,interpolation_duration: 1}
$data merge entity $(bone_pupil_right) {transformation: [-1f,0.0045f,0.0026f,-0.3541f,0.0049f,0.9863f,0.1646f,2.5277f,-0.0018f,0.1647f,-0.9863f,1.2078f,0f,0f,0f,1f],start_interpolation: 0,interpolation_duration: 1}
$data merge entity $(bone_eyelid_right) {transformation: [-1f,0.0045f,0.0026f,-0.3177f,0.0049f,0.9863f,0.1646f,2.5584f,-0.0018f,0.1647f,-0.9863f,1.2131f,0f,0f,0f,1f],start_interpolation: 0,interpolation_duration: 1}
$data merge entity $(bone_eye_right) {transformation: [-1f,0.0045f,0.0026f,-0.354f,0.0049f,0.9863f,0.1646f,2.5586f,-0.0018f,0.1647f,-0.9863f,1.213f,0f,0f,0f,1f],start_interpolation: 0,interpolation_duration: 1}
$data merge entity $(bone_pupil_left2) {transformation: [-1f,0.0045f,0.0026f,0.337f,0.0049f,0.9863f,0.1646f,2.5295f,-0.0018f,0.1647f,-0.9863f,1.2733f,0f,0f,0f,1f],start_interpolation: 0,interpolation_duration: 1}
$data merge entity $(bone_pupil_left) {transformation: [-1f,0.0045f,0.0026f,0.3359f,0.0049f,0.9863f,0.1646f,2.5244f,-0.0018f,0.1647f,-0.9863f,1.2091f,0f,0f,0f,1f],start_interpolation: 0,interpolation_duration: 1}
$data merge entity $(bone_eyelid_left) {transformation: [-1f,0.0045f,0.0026f,0.2998f,0.0049f,0.9863f,0.1646f,2.5554f,-0.0018f,0.1647f,-0.9863f,1.2142f,0f,0f,0f,1f],start_interpolation: 0,interpolation_duration: 1}
$data merge entity $(bone_eye_left) {transformation: [-1f,0.0045f,0.0026f,0.336f,0.0049f,0.9863f,0.1646f,2.5552f,-0.0018f,0.1647f,-0.9863f,1.2142f,0f,0f,0f,1f],start_interpolation: 0,interpolation_duration: 1}
$data merge entity $(bone_muzzle2) {transformation: [-1f,0.0043f,0.003f,-0.0091f,0.0049f,0.9682f,0.25f,2.6216f,-0.0018f,0.25f,-0.9682f,1.4448f,0f,0f,0f,1f],start_interpolation: 0,interpolation_duration: 1}
$data merge entity $(bone_muzzle) {transformation: [-1f,0.0045f,0.0026f,-0.0077f,0.0049f,0.9863f,0.1646f,2.7964f,-0.0018f,0.1647f,-0.9863f,1.1571f,0f,0f,0f,1f],start_interpolation: 0,interpolation_duration: 1}
$data merge entity $(bone_tongue) {transformation: [-1f,0.0047f,0.0022f,-0.0102f,0.0049f,0.9969f,0.0781f,2.2692f,-0.0018f,0.0781f,-0.9969f,1.0845f,0f,0f,0f,1f],start_interpolation: 0,interpolation_duration: 1}
$data merge entity $(bone_jaw) {transformation: [-1f,0.0047f,0.0022f,-0.0101f,0.0049f,0.9969f,0.0781f,2.2979f,-0.0018f,0.0781f,-0.9969f,1.1181f,0f,0f,0f,1f],start_interpolation: 0,interpolation_duration: 1}
$data merge entity $(bone_ear_left) {transformation: [-0.9234f,-0.0524f,-0.3801f,0.3421f,-0.078f,0.9956f,0.0522f,2.6596f,0.3757f,0.0778f,-0.9235f,0.8808f,0f,0f,0f,1f],start_interpolation: 0,interpolation_duration: 1}
$data merge entity $(bone_ear_right) {transformation: [-0.9213f,0.0619f,0.384f,-0.3579f,0.087f,0.995f,0.0484f,2.6631f,-0.3791f,0.078f,-0.9221f,0.8795f,0f,0f,0f,1f],start_interpolation: 0,interpolation_duration: 1}
$data merge entity $(bone_head_angle) {transformation: [-1f,0.0047f,0.0022f,-0.0094f,0.0049f,0.9969f,0.0781f,2.4011f,-0.0018f,0.0781f,-0.9969f,1.0008f,0f,0f,0f,1f],start_interpolation: 0,interpolation_duration: 1}
$data merge entity $(bone_neck3) {transformation: [-0.9996f,-0.0296f,0.0015f,0.012f,-0.0296f,0.9978f,-0.0587f,1.6784f,0.0002f,-0.0587f,-0.9983f,0.9494f,0f,0f,0f,1f],start_interpolation: 0,interpolation_duration: 1}
$data merge entity $(bone_neck2) {transformation: [-0.9999f,-0.0135f,0.0004f,0.0179f,-0.0135f,0.9997f,-0.022f,1.2421f,-0.0001f,-0.022f,-0.9998f,1.0059f,0f,0f,0f,1f],start_interpolation: 0,interpolation_duration: 1}
$data merge entity $(bone_chest2) {transformation: [-0.9999f,-0.0129f,-0.004f,0.0305f,-0.0135f,0.9515f,0.3074f,0.3087f,-0.0001f,0.3074f,-0.9516f,1.0491f,0f,0f,0f,1f],start_interpolation: 0,interpolation_duration: 1}
$data merge entity $(bone_chest) {transformation: [-0.9999f,-0.0128f,0.0051f,0.0335f,-0.0138f,0.9282f,-0.3719f,0.0938f,0f,-0.3719f,-0.9283f,0.5966f,0f,0f,0f,1f],start_interpolation: 0,interpolation_duration: 1}
$data merge entity $(bone_tail2) {transformation: [-0.9999f,-0.0138f,0.0003f,0.031f,-0.0138f,0.9997f,-0.0207f,0.2727f,0f,-0.0207f,-0.9998f,-1.0942f,0f,0f,0f,1f],start_interpolation: 0,interpolation_duration: 1}
$data merge entity $(bone_tail) {transformation: [-0.9999f,-0.0137f,0.0016f,0.027f,-0.0138f,0.9929f,-0.1178f,0.5651f,0f,-0.1178f,-0.993f,-0.7513f,0f,0f,0f,1f],start_interpolation: 0,interpolation_duration: 1}
$data merge entity $(bone_torso) {transformation: [-0.9999f,-0.0138f,0.0009f,0.0259f,-0.0138f,0.9976f,-0.0684f,0.6433f,0f,-0.0684f,-0.9977f,-0.0675f,0f,0f,0f,1f],start_interpolation: 0,interpolation_duration: 1}
$data merge entity $(bone_leg_front_left4) {transformation: [-0.9504f,0.2648f,-0.1631f,1.669f,0.2528f,0.9632f,0.091f,-0.3748f,0.1812f,0.0453f,-0.9824f,0.6517f,0f,0f,0f,1f],start_interpolation: 0,interpolation_duration: 1}
$data merge entity $(bone_leg_front_left3) {transformation: [-0.8805f,0.4741f,0.0044f,1.3187f,0.4738f,0.8794f,0.0458f,-0.1686f,0.0178f,0.0424f,-0.9989f,0.6596f,0f,0f,0f,1f],start_interpolation: 0,interpolation_duration: 1}
$data merge entity $(bone_leg_front_left2) {transformation: [-0.8017f,0.5767f,0.1573f,0.8267f,0.5788f,0.8146f,-0.0372f,0.2059f,-0.1496f,0.0612f,-0.9869f,0.567f,0f,0f,0f,1f],start_interpolation: 0,interpolation_duration: 1}
$data merge entity $(bone_leg_front_left) {transformation: [-0.7834f,0.5643f,0.2606f,0.6553f,0.5559f,0.8236f,-0.1124f,0.3275f,-0.2781f,0.0568f,-0.9589f,0.5062f,0f,0f,0f,1f],start_interpolation: 0,interpolation_duration: 1}
$data merge entity $(bone_leg_back_left4) {transformation: [-0.6817f,-0.0324f,-0.7309f,1.2052f,-0.0167f,0.9994f,-0.0288f,0.0652f,0.7314f,-0.0074f,-0.6819f,-0.9461f,0f,0f,0f,1f],start_interpolation: 0,interpolation_duration: 1}
$data merge entity $(bone_leg_back_left3) {transformation: [-0.8228f,0.0506f,-0.566f,1.0252f,0.0781f,0.9966f,-0.0245f,0.0823f,0.5629f,-0.0644f,-0.824f,-0.823f,0f,0f,0f,1f],start_interpolation: 0,interpolation_duration: 1}
$data merge entity $(bone_leg_back_left2) {transformation: [-0.8482f,0.1959f,-0.4921f,0.7071f,0.242f,0.9698f,-0.0312f,0.1731f,0.4712f,-0.1456f,-0.87f,-0.6463f,0f,0f,0f,1f],start_interpolation: 0,interpolation_duration: 1}
$data merge entity $(bone_leg_back_left) {transformation: [-0.8682f,0.3225f,-0.3772f,0.6257f,0.3713f,0.9264f,-0.0625f,0.2079f,0.3293f,-0.1943f,-0.924f,-0.6154f,0f,0f,0f,1f],start_interpolation: 0,interpolation_duration: 1}
$data merge entity $(bone_leg_front_right4) {transformation: [-0.9431f,-0.2913f,0.1605f,-1.5885f,-0.2789f,0.9556f,0.0955f,-0.4197f,-0.1812f,0.0453f,-0.9824f,0.6517f,0f,0f,0f,1f],start_interpolation: 0,interpolation_duration: 1}
$data merge entity $(bone_leg_front_right3) {transformation: [-0.8671f,-0.4982f,-0.0057f,-1.244f,-0.4979f,0.866f,0.0456f,-0.2039f,-0.0178f,0.0424f,-0.9989f,0.6596f,0f,0f,0f,1f],start_interpolation: 0,interpolation_duration: 1}
$data merge entity $(bone_leg_front_right2) {transformation: [-0.7854f,-0.599f,-0.1562f,-0.7625f,-0.6006f,0.7984f,-0.0415f,0.1839f,0.1496f,0.0612f,-0.9869f,0.567f,0f,0f,0f,1f],start_interpolation: 0,interpolation_duration: 1}
$data merge entity $(bone_leg_front_right) {transformation: [-0.7678f,-0.5868f,-0.2574f,-0.5946f,-0.5773f,0.8078f,-0.1196f,0.3102f,0.2781f,0.0568f,-0.9589f,0.5062f,0f,0f,0f,1f],start_interpolation: 0,interpolation_duration: 1}
$data merge entity $(bone_leg_back_right4) {transformation: [-0.6819f,0.0048f,0.7314f,-1.137f,-0.0022f,1f,-0.0086f,0.0329f,-0.7314f,-0.0074f,-0.6819f,-0.9461f,0f,0f,0f,1f],start_interpolation: 0,interpolation_duration: 1}
$data merge entity $(bone_leg_back_right3) {transformation: [-0.8204f,-0.0781f,0.5665f,-0.9575f,-0.1008f,0.9949f,-0.0089f,0.055f,-0.5629f,-0.0644f,-0.824f,-0.823f,0f,0f,0f,1f],start_interpolation: 0,interpolation_duration: 1}
$data merge entity $(bone_leg_back_right2) {transformation: [-0.8412f,-0.2225f,0.4928f,-0.6421f,-0.2653f,0.964f,-0.0176f,0.1545f,-0.4712f,-0.1456f,-0.87f,-0.6463f,0f,0f,0f,1f],start_interpolation: 0,interpolation_duration: 1}
$data merge entity $(bone_leg_back_right) {transformation: [-0.8576f,-0.3479f,0.3788f,-0.5617f,-0.3951f,0.9172f,-0.0521f,0.1915f,-0.3293f,-0.1943f,-0.924f,-0.6154f,0f,0f,0f,1f],start_interpolation: 0,interpolation_duration: 1}
data modify entity @s data merge value {"cameras":{},"locators":{"target":{"posx":0.019955577244972753,"posy":1.0727781082618146,"posz":1.543917837350855,"roty":0.026619609803361755,"rotx":-1.929391091800319},"body":{"posx":0.0224039216462426,"posy":0.8952548304535461,"posz":-0.01348729345034435,"roty":0.026619609803361755,"rotx":-1.929391091800319},"head":{"posx":-0.0077200407027368705,"posy":2.796393319911373,"posz":1.1571407606839013,"roty":0.12500907009570028,"rotx":4.476906712328943},"mouth":{"posx":-0.01087026231146967,"posy":2.192265591647631,"posz":1.266561458208208,"roty":0.12500907009570028,"rotx":4.476906712328943},"special":{"posx":-0.01087026231146967,"posy":2.192265591647631,"posz":1.266561458208208,"roty":0.12500907009570028,"rotx":4.476906712328943},"face":{"posx":-0.010208443778205978,"posy":2.50032473058421,"posz":1.7357919494530574,"roty":0.12500907009570028,"rotx":4.476906712328943},"eye1":{"posx":-0.35296979001948775,"posy":2.5328602620368965,"posz":1.2720704111828829,"roty":0.14983448558604096,"rotx":9.476846031437674},"eye2":{"posx":0.3345208823468361,"posy":2.529499362832179,"posz":1.2733072482117391,"roty":0.14983448558604096,"rotx":9.476846031437674},"horn":{"posx":-0.007698066265698652,"posy":2.9067740648621325,"posz":1.4448677037848898,"roty":0.14983448558604096,"rotx":9.476846031437674},"physical":{"posx":-0.007698066265698652,"posy":2.9067740648621325,"posz":1.4448677037848898,"roty":0.14983448558604096,"rotx":9.476846031437674},"jaw_upper":{"posx":-0.011373687639536405,"posy":2.1926482696434935,"posz":1.5474281781932249,"roty":0.14983448558604096,"rotx":9.476846031437674},"jaw_lower":{"posx":-0.010993912495251647,"posy":2.2731210990335207,"posz":1.5550033063526865,"roty":0.12500907009570028,"rotx":4.476906712328943},"tail_tip":{"posx":0.031096588185297615,"posy":0.264971502623103,"posz":-1.4691532754562378,"roty":0.016327220198917303,"rotx":-1.183677118007982}}}