# This file was generated by Animated Java via MC-Build. It is not recommended to edit this file directly.
$data merge entity $(bone_shell2) {transformation: [-1.1978f,-0.0173f,0.0051f,0.0124f,-0.018f,1.1495f,-0.3365f,1.1777f,0f,-0.3366f,-1.1497f,-0.4907f,0f,0f,0f,1f],start_interpolation: 0,interpolation_duration: 1}
$data merge entity $(bone_shell) {transformation: [-1.2603f,-0.0187f,0.0029f,0.0135f,-0.0189f,1.2454f,-0.1932f,1.0994f,0f,-0.1932f,-1.2455f,0.5334f,0f,0f,0f,1f],start_interpolation: 0,interpolation_duration: 1}
$data merge entity $(bone_pupil_right2) {transformation: [-1f,0.0054f,0.0034f,-0.3604f,0.0059f,0.9867f,0.1624f,2.5413f,-0.0025f,0.1624f,-0.9867f,1.2641f,0f,0f,0f,1f],start_interpolation: 0,interpolation_duration: 1}
$data merge entity $(bone_pupil_right) {transformation: [-1f,0.0054f,0.0034f,-0.3591f,0.0059f,0.9867f,0.1624f,2.536f,-0.0025f,0.1624f,-0.9867f,1.1999f,0f,0f,0f,1f],start_interpolation: 0,interpolation_duration: 1}
$data merge entity $(bone_eyelid_right) {transformation: [-1f,0.0054f,0.0034f,-0.3226f,0.0059f,0.9867f,0.1624f,2.5666f,-0.0025f,0.1624f,-0.9867f,1.2051f,0f,0f,0f,1f],start_interpolation: 0,interpolation_duration: 1}
$data merge entity $(bone_eye_right) {transformation: [-1f,0.0054f,0.0034f,-0.3589f,0.0059f,0.9867f,0.1624f,2.5668f,-0.0025f,0.1624f,-0.9867f,1.205f,0f,0f,0f,1f],start_interpolation: 0,interpolation_duration: 1}
$data merge entity $(bone_pupil_left2) {transformation: [-1f,0.0054f,0.0034f,0.332f,0.0059f,0.9867f,0.1624f,2.5372f,-0.0025f,0.1624f,-0.9867f,1.2658f,0f,0f,0f,1f],start_interpolation: 0,interpolation_duration: 1}
$data merge entity $(bone_pupil_left) {transformation: [-1f,0.0054f,0.0034f,0.3309f,0.0059f,0.9867f,0.1624f,2.5319f,-0.0025f,0.1624f,-0.9867f,1.2016f,0f,0f,0f,1f],start_interpolation: 0,interpolation_duration: 1}
$data merge entity $(bone_eyelid_left) {transformation: [-1f,0.0054f,0.0034f,0.2948f,0.0059f,0.9867f,0.1624f,2.563f,-0.0025f,0.1624f,-0.9867f,1.2066f,0f,0f,0f,1f],start_interpolation: 0,interpolation_duration: 1}
$data merge entity $(bone_eye_left) {transformation: [-1f,0.0054f,0.0034f,0.3311f,0.0059f,0.9867f,0.1624f,2.5627f,-0.0025f,0.1624f,-0.9867f,1.2067f,0f,0f,0f,1f],start_interpolation: 0,interpolation_duration: 1}
$data merge entity $(bone_muzzle2) {transformation: [-1f,0.0051f,0.0039f,-0.0141f,0.0059f,0.9688f,0.2478f,2.6301f,-0.0025f,0.2478f,-0.9688f,1.4369f,0f,0f,0f,1f],start_interpolation: 0,interpolation_duration: 1}
$data merge entity $(bone_muzzle) {transformation: [-1f,0.0054f,0.0034f,-0.0123f,0.0059f,0.9867f,0.1624f,2.8042f,-0.0025f,0.1624f,-0.9867f,1.1488f,0f,0f,0f,1f],start_interpolation: 0,interpolation_duration: 1}
$data merge entity $(bone_tongue) {transformation: [-1f,0.0057f,0.0029f,-0.0153f,0.0059f,0.9971f,0.0758f,2.2768f,-0.0025f,0.0758f,-0.9971f,1.0774f,0f,0f,0f,1f],start_interpolation: 0,interpolation_duration: 1}
$data merge entity $(bone_jaw) {transformation: [-1f,0.0057f,0.0029f,-0.0152f,0.0059f,0.9971f,0.0758f,2.3056f,-0.0025f,0.0758f,-0.9971f,1.1109f,0f,0f,0f,1f],start_interpolation: 0,interpolation_duration: 1}
$data merge entity $(bone_ear_left) {transformation: [-0.9231f,-0.064f,-0.3792f,0.3375f,-0.0877f,0.9951f,0.0457f,2.6664f,0.3744f,0.0755f,-0.9242f,0.873f,0f,0f,0f,1f],start_interpolation: 0,interpolation_duration: 1}
$data merge entity $(bone_ear_right) {transformation: [-0.9201f,0.0754f,0.3843f,-0.3625f,0.0986f,0.9943f,0.0412f,2.6706f,-0.379f,0.0758f,-0.9223f,0.8713f,0f,0f,0f,1f],start_interpolation: 0,interpolation_duration: 1}
$data merge entity $(bone_head_angle) {transformation: [-1f,0.0057f,0.0029f,-0.0143f,0.0059f,0.9971f,0.0758f,2.4086f,-0.0025f,0.0758f,-0.9971f,0.9934f,0f,0f,0f,1f],start_interpolation: 0,interpolation_duration: 1}
$data merge entity $(bone_neck3) {transformation: [-0.9996f,-0.0288f,0.0021f,0.0066f,-0.0289f,0.9973f,-0.068f,1.6854f,-0.0001f,-0.068f,-0.9977f,0.9488f,0f,0f,0f,1f],start_interpolation: 0,interpolation_duration: 1}
$data merge entity $(bone_neck2) {transformation: [-0.9999f,-0.0137f,0.0009f,0.0126f,-0.0137f,0.9995f,-0.0285f,1.2495f,-0.0005f,-0.0286f,-0.9996f,1.0081f,0f,0f,0f,1f],start_interpolation: 0,interpolation_duration: 1}
$data merge entity $(bone_chest2) {transformation: [-0.9999f,-0.0132f,-0.0037f,0.0253f,-0.0137f,0.9519f,0.306f,0.3161f,-0.0005f,0.306f,-0.952f,1.0527f,0f,0f,0f,1f],start_interpolation: 0,interpolation_duration: 1}
$data merge entity $(bone_chest) {transformation: [-0.9999f,-0.014f,0.0056f,0.0285f,-0.015f,0.9286f,-0.3708f,0.1017f,0f,-0.3709f,-0.9287f,0.5999f,0f,0f,0f,1f],start_interpolation: 0,interpolation_duration: 1}
$data merge entity $(bone_tail2) {transformation: [-0.9999f,-0.015f,0.0007f,0.0258f,-0.015f,0.9989f,-0.0451f,0.2813f,0f,-0.0451f,-0.999f,-1.0885f,0f,0f,0f,1f],start_interpolation: 0,interpolation_duration: 1}
$data merge entity $(bone_tail) {transformation: [-0.9999f,-0.0149f,0.0018f,0.0214f,-0.015f,0.9923f,-0.123f,0.5755f,0f,-0.123f,-0.9924f,-0.7471f,0f,0f,0f,1f],start_interpolation: 0,interpolation_duration: 1}
$data merge entity $(bone_torso) {transformation: [-0.9999f,-0.015f,0.001f,0.0203f,-0.015f,0.9977f,-0.0666f,0.6524f,0f,-0.0666f,-0.9978f,-0.0632f,0f,0f,0f,1f],start_interpolation: 0,interpolation_duration: 1}
$data merge entity $(bone_leg_front_left4) {transformation: [-0.934f,0.3226f,-0.1532f,1.6376f,0.3078f,0.9447f,0.1127f,-0.4036f,0.1811f,0.0581f,-0.9818f,0.6522f,0f,0f,0f,1f],start_interpolation: 0,interpolation_duration: 1}
$data merge entity $(bone_leg_front_left3) {transformation: [-0.8533f,0.5213f,0.0113f,1.2991f,0.521f,0.8516f,0.0575f,-0.1787f,0.0203f,0.055f,-0.9983f,0.6613f,0f,0f,0f,1f],start_interpolation: 0,interpolation_duration: 1}
$data merge entity $(bone_leg_front_left2) {transformation: [-0.7809f,0.6039f,0.1593f,0.8204f,0.6071f,0.7939f,-0.0339f,0.2132f,-0.1469f,0.0703f,-0.9866f,0.5706f,0f,0f,0f,1f],start_interpolation: 0,interpolation_duration: 1}
$data merge entity $(bone_leg_front_left) {transformation: [-0.7787f,0.571f,0.2599f,0.6501f,0.5628f,0.8188f,-0.1128f,0.3363f,-0.2772f,0.0584f,-0.959f,0.5099f,0f,0f,0f,1f],start_interpolation: 0,interpolation_duration: 1}
$data merge entity $(bone_leg_back_left4) {transformation: [-0.683f,-0.0134f,-0.7303f,1.195f,-0.0107f,0.9999f,-0.0083f,0.0537f,0.7303f,0.0021f,-0.6831f,-0.9412f,0f,0f,0f,1f],start_interpolation: 0,interpolation_duration: 1}
$data merge entity $(bone_leg_back_left3) {transformation: [-0.8204f,0.0869f,-0.5652f,1.0156f,0.1094f,0.994f,-0.0058f,0.0776f,0.5613f,-0.0666f,-0.825f,-0.8184f,0f,0f,0f,1f],start_interpolation: 0,interpolation_duration: 1}
$data merge entity $(bone_leg_back_left2) {transformation: [-0.8385f,0.2354f,-0.4915f,0.7011f,0.2785f,0.9603f,-0.0153f,0.1821f,0.4684f,-0.1498f,-0.8707f,-0.6428f,0f,0f,0f,1f],start_interpolation: 0,interpolation_duration: 1}
$data merge entity $(bone_leg_back_left) {transformation: [-0.8591f,0.3452f,-0.3779f,0.6206f,0.3918f,0.9186f,-0.0516f,0.2188f,0.3293f,-0.1923f,-0.9244f,-0.6119f,0f,0f,0f,1f],start_interpolation: 0,interpolation_duration: 1}
$data merge entity $(bone_leg_front_right4) {transformation: [-0.9244f,-0.3509f,0.1497f,-1.5646f,-0.3358f,0.9346f,0.1172f,-0.4518f,-0.1811f,0.0581f,-0.9818f,0.6522f,0f,0f,0f,1f],start_interpolation: 0,interpolation_duration: 1}
$data merge entity $(bone_leg_front_right3) {transformation: [-0.8373f,-0.5467f,-0.0131f,-1.233f,-0.5464f,0.8355f,0.0571f,-0.2167f,-0.0203f,0.055f,-0.9983f,0.6613f,0f,0f,0f,1f],start_interpolation: 0,interpolation_duration: 1}
$data merge entity $(bone_leg_front_right2) {transformation: [-0.7623f,-0.6275f,-0.1582f,-0.7663f,-0.6303f,0.7754f,-0.0386f,0.1893f,0.1469f,0.0703f,-0.9866f,0.5706f,0f,0f,0f,1f],start_interpolation: 0,interpolation_duration: 1}
$data merge entity $(bone_leg_front_right) {transformation: [-0.7614f,-0.5954f,-0.2564f,-0.5998f,-0.586f,0.8013f,-0.1206f,0.3175f,0.2772f,0.0584f,-0.959f,0.5099f,0f,0f,0f,1f],start_interpolation: 0,interpolation_duration: 1}
$data merge entity $(bone_leg_back_right4) {transformation: [-0.683f,-0.0167f,0.7302f,-1.136f,-0.0099f,0.9999f,0.0136f,0.0187f,-0.7303f,0.0021f,-0.6831f,-0.9412f,0f,0f,0f,1f],start_interpolation: 0,interpolation_duration: 1}
$data merge entity $(bone_leg_back_right3) {transformation: [-0.8167f,-0.1168f,0.5651f,-0.9573f,-0.134f,0.9909f,0.0111f,0.048f,-0.5613f,-0.0666f,-0.825f,-0.8184f,0f,0f,0f,1f],start_interpolation: 0,interpolation_duration: 1}
$data merge entity $(bone_leg_back_right2) {transformation: [-0.8297f,-0.2641f,0.4917f,-0.6462f,-0.3036f,0.9528f,-0.0006f,0.1618f,-0.4684f,-0.1498f,-0.8707f,-0.6428f,0f,0f,0f,1f],start_interpolation: 0,interpolation_duration: 1}
$data merge entity $(bone_leg_back_right) {transformation: [-0.847f,-0.3726f,0.3792f,-0.5668f,-0.4174f,0.9078f,-0.0402f,0.2009f,-0.3293f,-0.1923f,-0.9244f,-0.6119f,0f,0f,0f,1f],start_interpolation: 0,interpolation_duration: 1}
data modify entity @s data merge value {"cameras":{},"locators":{"target":{"posx":0.013853654722446582,"posy":1.078916967972022,"posz":1.5490419523489438,"roty":0.027402625941448377,"rotx":-1.8233182514359871},"body":{"posx":0.016477393254369734,"posy":0.9042794684906656,"posz":-0.00868912513876418,"roty":0.027402625941448377,"rotx":-1.8233182514359871},"head":{"posx":-0.012338334551883873,"posy":2.8041702782742965,"posz":1.1488313895263456,"roty":0.16724858548482757,"rotx":4.346761916350519},"mouth":{"posx":-0.016190062668621222,"posy":2.200296003057069,"posz":1.259620147626538,"roty":0.16724858548482757,"rotx":4.346761916350519},"special":{"posx":-0.016190062668621222,"posy":2.200296003057069,"posz":1.259620147626538,"roty":0.16724858548482757,"rotx":4.346761916350519},"face":{"posx":-0.01551500829741603,"posy":2.5094182454855467,"posz":1.7281509454804098,"roty":0.16724858548482757,"rotx":4.346761916350519},"eye1":{"posx":-0.3579379246450566,"posy":2.541258191900528,"posz":1.2641311931939694,"roty":0.19732228611997016,"rotx":9.34667281720543},"eye2":{"posx":0.32954791149647866,"posy":2.53718452519827,"posz":1.2658283509277224,"roty":0.19732228611997016,"rotx":9.34667281720543},"horn":{"posx":-0.012390087131260703,"posy":2.915203550727332,"posz":1.4363071499915376,"roty":0.19732228611997016,"rotx":9.34667281720543},"physical":{"posx":-0.012390087131260703,"posy":2.915203550727332,"posz":1.4363071499915376,"roty":0.19732228611997016,"rotx":9.34667281720543},"jaw_upper":{"posx":-0.01687737060033985,"posy":2.2013165313572154,"posz":1.5404848844740946,"roty":0.19732228611997016,"rotx":9.34667281720543},"jaw_lower":{"posx":-0.01641868461876196,"posy":2.281805903751384,"posz":1.547877692099891,"roty":0.16724858548482757,"rotx":4.346761916350519},"tail_tip":{"posx":0.026090762805665135,"posy":0.2644082314745454,"posz":-1.4631218295859947,"roty":0.03882989122791969,"rotx":-2.582788144581427}}}