# This file was generated by Animated Java via MC-Build. It is not recommended to edit this file directly.
$data merge entity $(bone_shell2) {transformation: [-1.1977f,-0.0201f,0.0052f,-0.02f,-0.0208f,1.1595f,-0.3002f,1.2225f,0f,-0.3002f,-1.1597f,-0.4542f,0f,0f,0f,1f],start_interpolation: 0,interpolation_duration: 1}
$data merge entity $(bone_shell) {transformation: [-1.2602f,-0.0217f,0.0027f,-0.0181f,-0.0219f,1.2508f,-0.1539f,1.112f,0f,-0.1539f,-1.251f,0.567f,0f,0f,0f,1f],start_interpolation: 0,interpolation_duration: 1}
$data merge entity $(bone_pupil_right2) {transformation: [-0.9999f,0.0087f,0.0061f,-0.3797f,0.0095f,0.9899f,0.1411f,2.547f,-0.0048f,0.1412f,-0.99f,1.2631f,0f,0f,0f,1f],start_interpolation: 0,interpolation_duration: 1}
$data merge entity $(bone_pupil_right) {transformation: [-0.9999f,0.0087f,0.0061f,-0.3782f,0.0095f,0.9899f,0.1411f,2.5404f,-0.0048f,0.1412f,-0.99f,1.1991f,0f,0f,0f,1f],start_interpolation: 0,interpolation_duration: 1}
$data merge entity $(bone_eyelid_right) {transformation: [-0.9999f,0.0087f,0.0061f,-0.3417f,0.0095f,0.9899f,0.1411f,2.571f,-0.0048f,0.1412f,-0.99f,1.2036f,0f,0f,0f,1f],start_interpolation: 0,interpolation_duration: 1}
$data merge entity $(bone_eye_right) {transformation: [-0.9999f,0.0087f,0.0061f,-0.378f,0.0095f,0.9899f,0.1411f,2.5713f,-0.0048f,0.1412f,-0.99f,1.2035f,0f,0f,0f,1f],start_interpolation: 0,interpolation_duration: 1}
$data merge entity $(bone_pupil_left2) {transformation: [-0.9999f,0.0087f,0.0061f,0.3127f,0.0095f,0.9899f,0.1411f,2.5404f,-0.0048f,0.1412f,-0.99f,1.2664f,0f,0f,0f,1f],start_interpolation: 0,interpolation_duration: 1}
$data merge entity $(bone_pupil_left) {transformation: [-0.9999f,0.0087f,0.0061f,0.3117f,0.0095f,0.9899f,0.1411f,2.5338f,-0.0048f,0.1412f,-0.99f,1.2023f,0f,0f,0f,1f],start_interpolation: 0,interpolation_duration: 1}
$data merge entity $(bone_eyelid_left) {transformation: [-0.9999f,0.0087f,0.0061f,0.2757f,0.0095f,0.9899f,0.1411f,2.5651f,-0.0048f,0.1412f,-0.99f,1.2066f,0f,0f,0f,1f],start_interpolation: 0,interpolation_duration: 1}
$data merge entity $(bone_eye_left) {transformation: [-0.9999f,0.0087f,0.0061f,0.312f,0.0095f,0.9899f,0.1411f,2.5647f,-0.0048f,0.1412f,-0.99f,1.2068f,0f,0f,0f,1f],start_interpolation: 0,interpolation_duration: 1}
$data merge entity $(bone_muzzle2) {transformation: [-0.9999f,0.0082f,0.0068f,-0.0334f,0.0095f,0.9739f,0.2269f,2.6383f,-0.0048f,0.2269f,-0.9739f,1.4347f,0f,0f,0f,1f],start_interpolation: 0,interpolation_duration: 1}
$data merge entity $(bone_muzzle) {transformation: [-0.9999f,0.0087f,0.0061f,-0.0304f,0.0095f,0.9899f,0.1411f,2.8061f,-0.0048f,0.1412f,-0.99f,1.143f,0f,0f,0f,1f],start_interpolation: 0,interpolation_duration: 1}
$data merge entity $(bone_tongue) {transformation: [-0.9999f,0.0092f,0.0053f,-0.0352f,0.0095f,0.9985f,0.0543f,2.2774f,-0.0048f,0.0544f,-0.9985f,1.0829f,0f,0f,0f,1f],start_interpolation: 0,interpolation_duration: 1}
$data merge entity $(bone_jaw) {transformation: [-0.9999f,0.0092f,0.0053f,-0.035f,0.0095f,0.9985f,0.0543f,2.3069f,-0.0048f,0.0544f,-0.9985f,1.1158f,0f,0f,0f,1f],start_interpolation: 0,interpolation_duration: 1}
$data merge entity $(bone_ear_left) {transformation: [-0.917f,-0.1381f,-0.3741f,0.3195f,-0.1479f,0.989f,-0.0024f,2.6612f,0.3704f,0.0531f,-0.9274f,0.8709f,0f,0f,0f,1f],start_interpolation: 0,interpolation_duration: 1}
$data merge entity $(bone_ear_right) {transformation: [-0.9105f,0.1563f,0.3829f,-0.3805f,0.1653f,0.9862f,-0.0096f,2.6679f,-0.3791f,0.0545f,-0.9238f,0.8676f,0f,0f,0f,1f],start_interpolation: 0,interpolation_duration: 1}
$data merge entity $(bone_head_angle) {transformation: [-0.9999f,0.0092f,0.0053f,-0.0335f,0.0095f,0.9985f,0.0543f,2.4073f,-0.0048f,0.0544f,-0.9985f,0.9961f,0f,0f,0f,1f],start_interpolation: 0,interpolation_duration: 1}
$data merge entity $(bone_neck3) {transformation: [-0.9998f,-0.0185f,0.0038f,-0.0199f,-0.0188f,0.9946f,-0.1016f,1.6829f,-0.0019f,-0.1017f,-0.9948f,0.9759f,0f,0f,0f,1f],start_interpolation: 0,interpolation_duration: 1}
$data merge entity $(bone_neck2) {transformation: [-0.9999f,-0.0115f,0.0025f,-0.015f,-0.0115f,0.9994f,-0.0331f,1.2472f,-0.0021f,-0.0331f,-0.9994f,1.0372f,0f,0f,0f,1f],start_interpolation: 0,interpolation_duration: 1}
$data merge entity $(bone_chest2) {transformation: [-0.9999f,-0.0116f,-0.0018f,-0.0042f,-0.0115f,0.945f,0.3269f,0.313f,-0.0021f,0.3269f,-0.9451f,1.0613f,0f,0f,0f,1f],start_interpolation: 0,interpolation_duration: 1}
$data merge entity $(bone_chest) {transformation: [-0.9998f,-0.0163f,0.0059f,-0.0008f,-0.0174f,0.9396f,-0.3417f,0.1128f,0f,-0.3418f,-0.9398f,0.6021f,0f,0f,0f,1f],start_interpolation: 0,interpolation_duration: 1}
$data merge entity $(bone_tail2) {transformation: [-0.9998f,-0.0173f,0.0019f,-0.0047f,-0.0174f,0.9939f,-0.1091f,0.3412f,0f,-0.1091f,-0.994f,-1.0764f,0f,0f,0f,1f],start_interpolation: 0,interpolation_duration: 1}
$data merge entity $(bone_tail) {transformation: [-0.9998f,-0.0173f,0.0018f,-0.0097f,-0.0174f,0.9944f,-0.1039f,0.6288f,0f,-0.1039f,-0.9946f,-0.7294f,0f,0f,0f,1f],start_interpolation: 0,interpolation_duration: 1}
$data merge entity $(bone_torso) {transformation: [-0.9998f,-0.0174f,0.0006f,-0.0107f,-0.0174f,0.9992f,-0.0351f,0.6841f,0f,-0.0351f,-0.9994f,-0.0434f,0f,0f,0f,1f],start_interpolation: 0,interpolation_duration: 1}
$data merge entity $(bone_leg_front_left4) {transformation: [-0.7945f,0.5995f,-0.0967f,1.5188f,0.5698f,0.7911f,0.2225f,-0.4773f,0.2099f,0.1217f,-0.9701f,0.6342f,0f,0f,0f,1f],start_interpolation: 0,interpolation_duration: 1}
$data merge entity $(bone_leg_front_left3) {transformation: [-0.7245f,0.6879f,0.0427f,1.2352f,0.6873f,0.7164f,0.1201f,-0.1869f,0.052f,0.1164f,-0.9918f,0.6572f,0f,0f,0f,1f],start_interpolation: 0,interpolation_duration: 1}
$data merge entity $(bone_leg_front_left2) {transformation: [-0.7251f,0.6679f,0.1679f,0.7925f,0.6774f,0.7357f,-0.001f,0.248f,-0.1242f,0.113f,-0.9858f,0.5814f,0f,0f,0f,1f],start_interpolation: 0,interpolation_duration: 1}
$data merge entity $(bone_leg_front_left) {transformation: [-0.789f,0.5562f,0.2611f,0.6199f,0.554f,0.8277f,-0.0894f,0.3691f,-0.2659f,0.0741f,-0.9612f,0.5232f,0f,0f,0f,1f],start_interpolation: 0,interpolation_duration: 1}
$data merge entity $(bone_leg_back_left4) {transformation: [-0.6701f,0.2187f,-0.7093f,1.1114f,0.1602f,0.9757f,0.1494f,-0.0369f,0.7248f,-0.0135f,-0.6888f,-0.9222f,0f,0f,0f,1f],start_interpolation: 0,interpolation_duration: 1}
$data merge entity $(bone_leg_back_left3) {transformation: [-0.7575f,0.3556f,-0.5475f,0.9457f,0.3553f,0.9281f,0.1112f,0.0408f,0.5477f,-0.1103f,-0.8294f,-0.8024f,0f,0f,0f,1f],start_interpolation: 0,interpolation_duration: 1}
$data merge entity $(bone_leg_back_left2) {transformation: [-0.7471f,0.4605f,-0.4794f,0.6656f,0.4854f,0.8706f,0.0798f,0.2228f,0.4541f,-0.1731f,-0.874f,-0.6321f,0f,0f,0f,1f],start_interpolation: 0,interpolation_duration: 1}
$data merge entity $(bone_leg_back_left) {transformation: [-0.8022f,0.4623f,-0.3778f,0.5904f,0.4936f,0.8695f,0.0158f,0.2691f,0.3358f,-0.1738f,-0.9258f,-0.6007f,0f,0f,0f,1f],start_interpolation: 0,interpolation_duration: 1}
$data merge entity $(bone_leg_front_right4) {transformation: [-0.7743f,-0.6266f,0.0889f,-1.4989f,-0.597f,0.7698f,0.2257f,-0.5297f,-0.2099f,0.1217f,-0.9701f,0.6342f,0f,0f,0f,1f],start_interpolation: 0,interpolation_duration: 1}
$data merge entity $(bone_leg_front_right3) {transformation: [-0.7002f,-0.7124f,-0.0469f,-1.2256f,-0.7121f,0.692f,0.1186f,-0.2296f,-0.052f,0.1164f,-0.9918f,0.6572f,0f,0f,0f,1f],start_interpolation: 0,interpolation_duration: 1}
$data merge entity $(bone_leg_front_right2) {transformation: [-0.7011f,-0.693f,-0.1677f,-0.7982f,-0.7021f,0.712f,-0.0069f,0.2203f,0.1242f,0.113f,-0.9858f,0.5814f,0f,0f,0f,1f],start_interpolation: 0,interpolation_duration: 1}
$data merge entity $(bone_leg_front_right) {transformation: [-0.7692f,-0.5846f,-0.2578f,-0.6299f,-0.581f,0.8079f,-0.0984f,0.3474f,0.2659f,0.0741f,-0.9612f,0.5232f,0f,0f,0f,1f],start_interpolation: 0,interpolation_duration: 1}
$data merge entity $(bone_leg_back_right4) {transformation: [-0.6641f,-0.2524f,0.7037f,-1.1071f,-0.1834f,0.9675f,0.174f,-0.0755f,-0.7248f,-0.0135f,-0.6888f,-0.9222f,0f,0f,0f,1f],start_interpolation: 0,interpolation_duration: 1}
$data merge entity $(bone_leg_back_right3) {transformation: [-0.7447f,-0.3876f,0.5433f,-0.9442f,-0.3814f,0.9152f,0.1302f,0.008f,-0.5477f,-0.1103f,-0.8294f,-0.8024f,0f,0f,0f,1f],start_interpolation: 0,interpolation_duration: 1}
$data merge entity $(bone_leg_back_right2) {transformation: [-0.7298f,-0.4904f,0.4763f,-0.6705f,-0.5111f,0.8541f,0.0964f,0.1996f,-0.4541f,-0.1731f,-0.874f,-0.6321f,0f,0f,0f,1f],start_interpolation: 0,interpolation_duration: 1}
$data merge entity $(bone_leg_back_right) {transformation: [-0.7846f,-0.4922f,0.377f,-0.597f,-0.5212f,0.8529f,0.0289f,0.2485f,-0.3358f,-0.1738f,-0.9258f,-0.6007f,0f,0f,0f,1f],start_interpolation: 0,interpolation_duration: 1}
data modify entity @s data merge value {"cameras":{},"locators":{"target":{"posx":-0.017555309934373115,"posy":1.0791482779155375,"posz":1.5768607150770675,"roty":0.01231221263617499,"rotx":-0.7084751058210017},"body":{"posx":-0.015047868196524376,"posy":0.9348565359049006,"posz":0.016026048649047966,"roty":0.01231221263617499,"rotx":-0.7084751058210017},"head":{"posx":-0.030430771188418432,"posy":2.8061206949032607,"posz":1.142967241086016,"roty":0.3032508535195859,"rotx":3.1145137054362215},"mouth":{"posx":-0.03673941622708425,"posy":2.204785241367774,"posz":1.2666967780569711,"roty":0.3032508535195859,"rotx":3.1145137054362215},"special":{"posx":-0.03673941622708425,"posy":2.204785241367774,"posz":1.2666967780569711,"roty":0.3032508535195859,"rotx":3.1145137054362215},"face":{"posx":-0.03591028318115558,"posy":2.523902225623902,"posz":1.728477881933761,"roty":0.3032508535195859,"rotx":3.1145137054362215},"eye1":{"posx":-0.3772378658582699,"posy":2.547006354394221,"posz":1.2631358068134646,"roty":0.3512813592567454,"rotx":8.114285364517707},"eye2":{"posx":0.3102232195781633,"posy":2.540469642178339,"posz":1.2664187024816287,"roty":0.3512813592567454,"rotx":8.114285364517707},"horn":{"posx":-0.030677604893447105,"posy":2.92330680806472,"posz":1.4279901473237984,"roty":0.3512813592567454,"rotx":8.114285364517707},"physical":{"posx":-0.030677604893447105,"posy":2.92330680806472,"posz":1.4279901473237984,"roty":0.3512813592567454,"rotx":8.114285364517707},"jaw_upper":{"posx":-0.038013103265622156,"posy":2.2118449674231324,"posz":1.5474725823279276,"roty":0.3512813592567454,"rotx":8.114285364517707},"jaw_lower":{"posx":-0.03727349968214709,"posy":2.2924724458033765,"posz":1.5531352479909726,"roty":0.3032508535195859,"rotx":3.1145137054362215},"tail_tip":{"posx":-0.004020519049756039,"posy":0.30028329971400114,"posz":-1.4491188229244258,"roty":0.1092906442038668,"rotx":-6.264092405615855}}}