# This file was generated by Animated Java via MC-Build. It is not recommended to edit this file directly.
$data merge entity $(bone_shell2) {transformation: [-1.1978f,-0.0184f,0.0042f,-0.0354f,-0.0189f,1.1675f,-0.2676f,1.2368f,0f,-0.2677f,-1.1676f,-0.4323f,0f,0f,0f,1f],start_interpolation: 0,interpolation_duration: 1}
$data merge entity $(bone_shell) {transformation: [-1.2603f,-0.0198f,0.0019f,-0.0332f,-0.0199f,1.2546f,-0.1189f,1.0978f,0f,-0.1189f,-1.2548f,0.5853f,0f,0f,0f,1f],start_interpolation: 0,interpolation_duration: 1}
$data merge entity $(bone_pupil_right2) {transformation: [-0.9999f,0.0094f,0.0058f,-0.3847f,0.0101f,0.992f,0.1257f,2.5243f,-0.0046f,0.1258f,-0.9921f,1.2886f,0f,0f,0f,1f],start_interpolation: 0,interpolation_duration: 1}
$data merge entity $(bone_pupil_right) {transformation: [-0.9999f,0.0094f,0.0058f,-0.3832f,0.0101f,0.992f,0.1257f,2.5166f,-0.0046f,0.1258f,-0.9921f,1.2246f,0f,0f,0f,1f],start_interpolation: 0,interpolation_duration: 1}
$data merge entity $(bone_eyelid_right) {transformation: [-0.9999f,0.0094f,0.0058f,-0.3467f,0.0101f,0.992f,0.1257f,2.5473f,-0.0046f,0.1258f,-0.9921f,1.2287f,0f,0f,0f,1f],start_interpolation: 0,interpolation_duration: 1}
$data merge entity $(bone_eye_right) {transformation: [-0.9999f,0.0094f,0.0058f,-0.3829f,0.0101f,0.992f,0.1257f,2.5476f,-0.0046f,0.1258f,-0.9921f,1.2286f,0f,0f,0f,1f],start_interpolation: 0,interpolation_duration: 1}
$data merge entity $(bone_pupil_left2) {transformation: [-0.9999f,0.0094f,0.0058f,0.3078f,0.0101f,0.992f,0.1257f,2.5173f,-0.0046f,0.1258f,-0.9921f,1.2918f,0f,0f,0f,1f],start_interpolation: 0,interpolation_duration: 1}
$data merge entity $(bone_pupil_left) {transformation: [-0.9999f,0.0094f,0.0058f,0.3067f,0.0101f,0.992f,0.1257f,2.5097f,-0.0046f,0.1258f,-0.9921f,1.2278f,0f,0f,0f,1f],start_interpolation: 0,interpolation_duration: 1}
$data merge entity $(bone_eyelid_left) {transformation: [-0.9999f,0.0094f,0.0058f,0.2708f,0.0101f,0.992f,0.1257f,2.541f,-0.0046f,0.1258f,-0.9921f,1.2316f,0f,0f,0f,1f],start_interpolation: 0,interpolation_duration: 1}
$data merge entity $(bone_eye_left) {transformation: [-0.9999f,0.0094f,0.0058f,0.307f,0.0101f,0.992f,0.1257f,2.5407f,-0.0046f,0.1258f,-0.9921f,1.2317f,0f,0f,0f,1f],start_interpolation: 0,interpolation_duration: 1}
$data merge entity $(bone_muzzle2) {transformation: [-0.9999f,0.0089f,0.0066f,-0.0383f,0.0101f,0.9773f,0.2117f,2.618f,-0.0046f,0.2117f,-0.9773f,1.4586f,0f,0f,0f,1f],start_interpolation: 0,interpolation_duration: 1}
$data merge entity $(bone_muzzle) {transformation: [-0.9999f,0.0094f,0.0058f,-0.0353f,0.0101f,0.992f,0.1257f,2.7813f,-0.0046f,0.1258f,-0.9921f,1.1643f,0f,0f,0f,1f],start_interpolation: 0,interpolation_duration: 1}
$data merge entity $(bone_tongue) {transformation: [-0.9999f,0.0099f,0.005f,-0.0404f,0.0101f,0.9992f,0.0388f,2.2516f,-0.0046f,0.0388f,-0.9992f,1.1125f,0f,0f,0f,1f],start_interpolation: 0,interpolation_duration: 1}
$data merge entity $(bone_jaw) {transformation: [-0.9999f,0.0099f,0.005f,-0.0402f,0.0101f,0.9992f,0.0388f,2.2817f,-0.0046f,0.0388f,-0.9992f,1.1449f,0f,0f,0f,1f],start_interpolation: 0,interpolation_duration: 1}
$data merge entity $(bone_ear_left) {transformation: [-0.9109f,-0.1786f,-0.3719f,0.3145f,-0.1795f,0.9832f,-0.0324f,2.6319f,0.3715f,0.0373f,-0.9277f,0.8944f,0f,0f,0f,1f],start_interpolation: 0,interpolation_duration: 1}
$data merge entity $(bone_ear_right) {transformation: [-0.9037f,0.198f,0.3797f,-0.3855f,0.1978f,0.9794f,-0.04f,2.6389f,-0.3798f,0.039f,-0.9243f,0.8912f,0f,0f,0f,1f],start_interpolation: 0,interpolation_duration: 1}
$data merge entity $(bone_head_angle) {transformation: [-0.9999f,0.0099f,0.005f,-0.0387f,0.0101f,0.9992f,0.0388f,2.3802f,-0.0046f,0.0388f,-0.9992f,1.0236f,0f,0f,0f,1f],start_interpolation: 0,interpolation_duration: 1}
$data merge entity $(bone_neck3) {transformation: [-0.9999f,-0.0094f,0.0035f,-0.0316f,-0.0097f,0.9943f,-0.1062f,1.6556f,-0.0025f,-0.1062f,-0.9943f,1.0067f,0f,0f,0f,1f],start_interpolation: 0,interpolation_duration: 1}
$data merge entity $(bone_neck2) {transformation: [-1f,-0.0082f,0.0026f,-0.0281f,-0.0083f,0.9998f,-0.0155f,1.2189f,-0.0025f,-0.0155f,-0.9999f,1.0604f,0f,0f,0f,1f],start_interpolation: 0,interpolation_duration: 1}
$data merge entity $(bone_chest2) {transformation: [-1f,-0.0086f,-0.0006f,-0.0204f,-0.0083f,0.9352f,0.354f,0.2844f,-0.0025f,0.354f,-0.9352f,1.0575f,0f,0f,0f,1f],start_interpolation: 0,interpolation_duration: 1}
$data merge entity $(bone_chest) {transformation: [-0.9999f,-0.015f,0.005f,-0.0174f,-0.0158f,0.9495f,-0.3135f,0.098f,0f,-0.3135f,-0.9496f,0.5925f,0f,0f,0f,1f],start_interpolation: 0,interpolation_duration: 1}
$data merge entity $(bone_tail2) {transformation: [-0.9999f,-0.0157f,0.0015f,-0.0218f,-0.0158f,0.9953f,-0.0951f,0.3771f,0f,-0.0951f,-0.9955f,-1.0819f,0f,0f,0f,1f],start_interpolation: 0,interpolation_duration: 1}
$data merge entity $(bone_tail) {transformation: [-0.9999f,-0.0158f,0.001f,-0.0261f,-0.0158f,0.9978f,-0.065f,0.651f,0f,-0.065f,-0.9979f,-0.724f,0f,0f,0f,1f],start_interpolation: 0,interpolation_duration: 1}
$data merge entity $(bone_torso) {transformation: [-0.9999f,-0.0158f,0.0001f,-0.0267f,-0.0158f,0.9998f,-0.0072f,0.6872f,0f,-0.0072f,-1f,-0.0367f,0f,0f,0f,1f],start_interpolation: 0,interpolation_duration: 1}
$data merge entity $(bone_leg_front_left4) {transformation: [-0.7088f,0.7014f,-0.0752f,1.506f,0.6627f,0.6986f,0.2697f,-0.4654f,0.2417f,0.1414f,-0.96f,0.6162f,0f,0f,0f,1f],start_interpolation: 0,interpolation_duration: 1}
$data merge entity $(bone_leg_front_left3) {transformation: [-0.6943f,0.718f,0.0491f,1.2352f,0.7158f,0.6819f,0.1505f,-0.164f,0.0746f,0.1396f,-0.9874f,0.6487f,0f,0f,0f,1f],start_interpolation: 0,interpolation_duration: 1}
$data merge entity $(bone_leg_front_left2) {transformation: [-0.742f,0.6488f,0.1689f,0.7816f,0.6612f,0.7499f,0.0239f,0.261f,-0.1111f,0.1294f,-0.9853f,0.5813f,0f,0f,0f,1f],start_interpolation: 0,interpolation_duration: 1}
$data merge entity $(bone_leg_front_left) {transformation: [-0.8149f,0.5158f,0.2643f,0.6033f,0.5192f,0.8523f,-0.0626f,0.3746f,-0.2575f,0.0862f,-0.9624f,0.525f,0f,0f,0f,1f],start_interpolation: 0,interpolation_duration: 1}
$data merge entity $(bone_leg_back_left4) {transformation: [-0.617f,0.3976f,-0.6791f,1.0486f,0.3177f,0.9154f,0.2473f,-0.0916f,0.72f,-0.0632f,-0.6911f,-0.9181f,0f,0f,0f,1f],start_interpolation: 0,interpolation_duration: 1}
$data merge entity $(bone_leg_back_left3) {transformation: [-0.6768f,0.5115f,-0.5295f,0.9005f,0.5044f,0.846f,0.1727f,0.0187f,0.5363f,-0.1502f,-0.8306f,-0.8008f,0f,0f,0f,1f],start_interpolation: 0,interpolation_duration: 1}
$data merge entity $(bone_leg_back_left2) {transformation: [-0.6791f,0.5651f,-0.4685f,0.6459f,0.5807f,0.804f,0.128f,0.2365f,0.449f,-0.1851f,-0.8742f,-0.6324f,0f,0f,0f,1f],start_interpolation: 0,interpolation_duration: 1}
$data merge entity $(bone_leg_back_left) {transformation: [-0.7727f,0.5116f,-0.3758f,0.5734f,0.5339f,0.844f,0.0511f,0.2865f,0.3434f,-0.1611f,-0.9253f,-0.6002f,0f,0f,0f,1f],start_interpolation: 0,interpolation_duration: 1}
$data merge entity $(bone_leg_front_right4) {transformation: [-0.6875f,-0.7231f,0.0666f,-1.5223f,-0.6847f,0.6761f,0.2719f,-0.5132f,-0.2417f,0.1414f,-0.96f,0.6162f,0f,0f,0f,1f],start_interpolation: 0,interpolation_duration: 1}
$data merge entity $(bone_leg_front_right3) {transformation: [-0.6713f,-0.7392f,-0.0538f,-1.2611f,-0.7374f,0.6588f,0.1489f,-0.2034f,-0.0746f,0.1396f,-0.9874f,0.6487f,0f,0f,0f,1f],start_interpolation: 0,interpolation_duration: 1}
$data merge entity $(bone_leg_front_right2) {transformation: [-0.7207f,-0.6722f,-0.1695f,-0.8211f,-0.6843f,0.729f,0.0186f,0.2357f,0.1111f,0.1294f,-0.9853f,0.5813f,0f,0f,0f,1f],start_interpolation: 0,interpolation_duration: 1}
$data merge entity $(bone_leg_front_right) {transformation: [-0.7981f,-0.5425f,-0.2622f,-0.6465f,-0.5447f,0.8356f,-0.0709f,0.3548f,0.2575f,0.0862f,-0.9624f,0.525f,0f,0f,0f,1f],start_interpolation: 0,interpolation_duration: 1}
$data merge entity $(bone_leg_back_right4) {transformation: [-0.6067f,-0.4263f,0.671f,-1.0769f,-0.337f,0.9024f,0.2686f,-0.1252f,-0.72f,-0.0632f,-0.6911f,-0.9181f,0f,0f,0f,1f],start_interpolation: 0,interpolation_duration: 1}
$data merge entity $(bone_leg_back_right3) {transformation: [-0.6605f,-0.538f,0.5238f,-0.9324f,-0.5255f,0.8295f,0.1893f,-0.0102f,-0.5363f,-0.1502f,-0.8306f,-0.8008f,0f,0f,0f,1f],start_interpolation: 0,interpolation_duration: 1}
$data merge entity $(bone_leg_back_right2) {transformation: [-0.6604f,-0.5902f,0.4642f,-0.6847f,-0.6018f,0.7857f,0.1428f,0.2155f,-0.449f,-0.1851f,-0.8742f,-0.6324f,0f,0f,0f,1f],start_interpolation: 0,interpolation_duration: 1}
$data merge entity $(bone_leg_back_right) {transformation: [-0.7554f,-0.538f,0.374f,-0.6139f,-0.5581f,0.8274f,0.063f,0.2678f,-0.3434f,-0.1611f,-0.9253f,-0.6002f,0f,0f,0f,1f],start_interpolation: 0,interpolation_duration: 1}
data modify entity @s data merge value {"cameras":{},"locators":{"target":{"posx":-0.032574223595011116,"posy":1.0581475195306163,"posz":1.5891842246124315,"roty":359.99779686928844,"rotx":0.13949555097391952},"body":{"posx":-0.030660365986015427,"posy":0.9369676241130968,"posz":0.02638448693147974,"roty":359.99779686928844,"rotx":0.13949555097391952},"head":{"posx":-0.035260612208667455,"posy":2.7812510258345124,"posz":1.1643080076361776,"roty":0.28459903895790717,"rotx":2.221417535610152},"mouth":{"posx":-0.04191061063475724,"posy":2.181920953040301,"posz":1.2973958221250266,"roty":0.28459903895790717,"rotx":2.221417535610152},"special":{"posx":-0.04191061063475724,"posy":2.181920953040301,"posz":1.2973958221250266,"roty":0.28459903895790717,"rotx":2.221417535610152},"face":{"posx":-0.04071213184279022,"posy":2.5081948070553666,"posz":1.7541474623352626,"roty":0.28459903895790717,"rotx":2.221417535610152},"eye1":{"posx":-0.38219084886938837,"posy":2.524265097847793,"posz":1.288620236588565,"roty":0.33537015068750975,"rotx":7.221161670622926},"eye2":{"posx":0.3052670323620886,"posy":2.5173358551427474,"posz":1.2917662067510216,"roty":0.33537015068750975,"rotx":7.221161670622926},"horn":{"posx":-0.035330621996139046,"posy":2.9028647340468585,"posz":1.4474701594122794,"roty":0.33537015068750975,"rotx":7.221161670622926},"physical":{"posx":-0.035330621996139046,"posy":2.9028647340468585,"posz":1.4474701594122794,"roty":0.33537015068750975,"rotx":7.221161670622926},"jaw_upper":{"posx":-0.043079588453838746,"posy":2.1933561487197135,"posz":1.578027937295909,"roty":0.33537015068750975,"rotx":7.221161670622926},"jaw_lower":{"posx":-0.04228627610409993,"posy":2.2740615861447795,"posz":1.5824331718382896,"roty":0.28459903895790717,"rotx":2.221417535610152},"tail_tip":{"posx":-0.021255701050921273,"posy":0.34149160337106477,"posz":-1.4552342500974955,"roty":0.08643188482227515,"rotx":-5.456061436329696}}}