# This file was generated by Animated Java via MC-Build. It is not recommended to edit this file directly.
$data merge entity $(bone_shell2) {transformation: [-1.1979f,-0.011f,0.002f,-0.0507f,-0.0112f,1.1787f,-0.2135f,1.2353f,0f,-0.2135f,-1.1787f,-0.4061f,0f,0f,0f,1f],start_interpolation: 0,interpolation_duration: 1}
$data merge entity $(bone_shell) {transformation: [-1.2604f,-0.0118f,0.0006f,-0.049f,-0.0118f,1.2589f,-0.0609f,1.0495f,0f,-0.0609f,-1.2589f,0.6041f,0f,0f,0f,1f],start_interpolation: 0,interpolation_duration: 1}
$data merge entity $(bone_pupil_right2) {transformation: [-1f,0.0083f,0.003f,-0.3831f,0.0085f,0.9946f,0.1035f,2.458f,-0.0021f,0.1036f,-0.9946f,1.3548f,0f,0f,0f,1f],start_interpolation: 0,interpolation_duration: 1}
$data merge entity $(bone_pupil_right) {transformation: [-1f,0.0083f,0.003f,-0.3818f,0.0085f,0.9946f,0.1035f,2.4489f,-0.0021f,0.1036f,-0.9946f,1.291f,0f,0f,0f,1f],start_interpolation: 0,interpolation_duration: 1}
$data merge entity $(bone_eyelid_right) {transformation: [-1f,0.0083f,0.003f,-0.3453f,0.0085f,0.9946f,0.1035f,2.4797f,-0.0021f,0.1036f,-0.9946f,1.2943f,0f,0f,0f,1f],start_interpolation: 0,interpolation_duration: 1}
$data merge entity $(bone_eye_right) {transformation: [-1f,0.0083f,0.003f,-0.3815f,0.0085f,0.9946f,0.1035f,2.48f,-0.0021f,0.1036f,-0.9946f,1.2943f,0f,0f,0f,1f],start_interpolation: 0,interpolation_duration: 1}
$data merge entity $(bone_pupil_left2) {transformation: [-1f,0.0083f,0.003f,0.3094f,0.0085f,0.9946f,0.1035f,2.4521f,-0.0021f,0.1036f,-0.9946f,1.3563f,0f,0f,0f,1f],start_interpolation: 0,interpolation_duration: 1}
$data merge entity $(bone_pupil_left) {transformation: [-1f,0.0083f,0.003f,0.3082f,0.0085f,0.9946f,0.1035f,2.443f,-0.0021f,0.1036f,-0.9946f,1.2925f,0f,0f,0f,1f],start_interpolation: 0,interpolation_duration: 1}
$data merge entity $(bone_eyelid_left) {transformation: [-1f,0.0083f,0.003f,0.2722f,0.0085f,0.9946f,0.1035f,2.4744f,-0.0021f,0.1036f,-0.9946f,1.2957f,0f,0f,0f,1f],start_interpolation: 0,interpolation_duration: 1}
$data merge entity $(bone_eye_left) {transformation: [-1f,0.0083f,0.003f,0.3085f,0.0085f,0.9946f,0.1035f,2.4741f,-0.0021f,0.1036f,-0.9946f,1.2957f,0f,0f,0f,1f],start_interpolation: 0,interpolation_duration: 1}
$data merge entity $(bone_muzzle2) {transformation: [-1f,0.008f,0.0037f,-0.0363f,0.0085f,0.9818f,0.1898f,2.5559f,-0.0021f,0.1899f,-0.9818f,1.5217f,0f,0f,0f,1f],start_interpolation: 0,interpolation_duration: 1}
$data merge entity $(bone_muzzle) {transformation: [-1f,0.0083f,0.003f,-0.0344f,0.0085f,0.9946f,0.1035f,2.7126f,-0.0021f,0.1036f,-0.9946f,1.2239f,0f,0f,0f,1f],start_interpolation: 0,interpolation_duration: 1}
$data merge entity $(bone_tongue) {transformation: [-1f,0.0085f,0.0023f,-0.0388f,0.0085f,0.9998f,0.0165f,2.1819f,-0.0021f,0.0165f,-0.9999f,1.1839f,0f,0f,0f,1f],start_interpolation: 0,interpolation_duration: 1}
$data merge entity $(bone_jaw) {transformation: [-1f,0.0085f,0.0023f,-0.0386f,0.0085f,0.9998f,0.0165f,2.2127f,-0.0021f,0.0165f,-0.9999f,1.2156f,0f,0f,0f,1f],start_interpolation: 0,interpolation_duration: 1}
$data merge entity $(bone_ear_left) {transformation: [-0.9018f,-0.2215f,-0.3711f,0.3149f,-0.2108f,0.975f,-0.0695f,2.5578f,0.3772f,0.0155f,-0.926f,0.9565f,0f,0f,0f,1f],start_interpolation: 0,interpolation_duration: 1}
$data merge entity $(bone_ear_right) {transformation: [-0.8965f,0.238f,0.3738f,-0.3851f,0.2262f,0.9711f,-0.0759f,2.5637f,-0.3811f,0.0165f,-0.9244f,0.955f,0f,0f,0f,1f],start_interpolation: 0,interpolation_duration: 1}
$data merge entity $(bone_head_angle) {transformation: [-1f,0.0085f,0.0023f,-0.0375f,0.0085f,0.9998f,0.0165f,2.3085f,-0.0021f,0.0165f,-0.9999f,1.0922f,0f,0f,0f,1f],start_interpolation: 0,interpolation_duration: 1}
$data merge entity $(bone_neck3) {transformation: [-1f,0.0072f,0.0014f,-0.0426f,0.0071f,0.996f,-0.0893f,1.5842f,-0.002f,-0.0893f,-0.996f,1.063f,0f,0f,0f,1f],start_interpolation: 0,interpolation_duration: 1}
$data merge entity $(bone_neck2) {transformation: [-1f,-0.0011f,0.0022f,-0.0422f,-0.001f,0.9994f,0.0345f,1.1454f,-0.0023f,0.0345f,-0.9994f,1.0948f,0f,0f,0f,1f],start_interpolation: 0,interpolation_duration: 1}
$data merge entity $(bone_chest2) {transformation: [-1f,-0.0019f,0.0017f,-0.0412f,-0.001f,0.9138f,0.4063f,0.2125f,-0.0023f,0.4063f,-0.9138f,1.0391f,0f,0f,0f,1f],start_interpolation: 0,interpolation_duration: 1}
$data merge entity $(bone_chest) {transformation: [-1f,-0.009f,0.0025f,-0.0396f,-0.0094f,0.9644f,-0.2641f,0.0503f,0f,-0.2642f,-0.9645f,0.5651f,0f,0f,0f,1f],start_interpolation: 0,interpolation_duration: 1}
$data merge entity $(bone_tail2) {transformation: [-1f,-0.0094f,0f,-0.0431f,-0.0094f,0.9999f,-0.0036f,0.4211f,0f,-0.0036f,-1f,-1.1045f,0f,0f,0f,1f],start_interpolation: 0,interpolation_duration: 1}
$data merge entity $(bone_tail) {transformation: [-1f,-0.0093f,-0.0002f,-0.0454f,-0.0094f,0.9998f,0.0203f,0.6635f,0f,0.0203f,-0.9998f,-0.7245f,0f,0f,0f,1f],start_interpolation: 0,interpolation_duration: 1}
$data merge entity $(bone_torso) {transformation: [-1f,-0.0093f,-0.0004f,-0.0454f,-0.0094f,0.9992f,0.0389f,0.6679f,0f,0.0389f,-0.9992f,-0.0363f,0f,0f,0f,1f],start_interpolation: 0,interpolation_duration: 1}
$data merge entity $(bone_leg_front_left4) {transformation: [-0.6458f,0.7594f,-0.0784f,1.5709f,0.7092f,0.6348f,0.3067f,-0.3743f,0.2827f,0.1425f,-0.9486f,0.5942f,0f,0f,0f,1f],start_interpolation: 0,interpolation_duration: 1}
$data merge entity $(bone_leg_front_left3) {transformation: [-0.7416f,0.6699f,0.0349f,1.2801f,0.6641f,0.7259f,0.1789f,-0.0932f,0.0945f,0.1559f,-0.9833f,0.635f,0f,0f,0f,1f],start_interpolation: 0,interpolation_duration: 1}
$data merge entity $(bone_leg_front_left2) {transformation: [-0.8262f,0.5392f,0.1632f,0.7721f,0.5539f,0.8303f,0.0608f,0.266f,-0.1027f,0.1406f,-0.9847f,0.573f,0f,0f,0f,1f],start_interpolation: 0,interpolation_duration: 1}
$data merge entity $(bone_leg_front_left) {transformation: [-0.8669f,0.4193f,0.2696f,0.5825f,0.4324f,0.9016f,-0.012f,0.3606f,-0.2481f,0.1062f,-0.9629f,0.5187f,0f,0f,0f,1f],start_interpolation: 0,interpolation_duration: 1}
$data merge entity $(bone_leg_back_left4) {transformation: [-0.4575f,0.6392f,-0.6181f,0.9642f,0.5555f,0.7483f,0.3627f,-0.1591f,0.6943f,-0.1775f,-0.6974f,-0.9213f,0f,0f,0f,1f],start_interpolation: 0,interpolation_duration: 1}
$data merge entity $(bone_leg_back_left3) {transformation: [-0.5308f,0.681f,-0.5044f,0.8481f,0.6753f,0.6995f,0.2338f,-0.0114f,0.5121f,-0.2165f,-0.8312f,-0.8093f,0f,0f,0f,1f],start_interpolation: 0,interpolation_duration: 1}
$data merge entity $(bone_leg_back_left2) {transformation: [-0.602f,0.6553f,-0.4563f,0.6223f,0.6618f,0.7291f,0.1741f,0.2368f,0.4468f,-0.1972f,-0.8726f,-0.6417f,0f,0f,0f,1f],start_interpolation: 0,interpolation_duration: 1}
$data merge entity $(bone_leg_back_left) {transformation: [-0.751f,0.5442f,-0.3738f,0.5519f,0.5561f,0.8266f,0.0862f,0.2889f,0.3559f,-0.1431f,-0.9235f,-0.6084f,0f,0f,0f,1f],start_interpolation: 0,interpolation_duration: 1}
$data merge entity $(bone_leg_front_right4) {transformation: [-0.6325f,-0.7712f,0.0727f,-1.6419f,-0.7212f,0.6205f,0.3081f,-0.4044f,-0.2827f,0.1425f,-0.9486f,0.5942f,0f,0f,0f,1f],start_interpolation: 0,interpolation_duration: 1}
$data merge entity $(bone_leg_front_right3) {transformation: [-0.7291f,-0.6834f,-0.0383f,-1.3564f,-0.6779f,0.7132f,0.1782f,-0.1178f,-0.0945f,0.1559f,-0.9833f,0.635f,0f,0f,0f,1f],start_interpolation: 0,interpolation_duration: 1}
$data merge entity $(bone_leg_front_right2) {transformation: [-0.8157f,-0.5547f,-0.1643f,-0.8553f,-0.5693f,0.8201f,0.0578f,0.2508f,0.1027f,0.1406f,-0.9847f,0.573f,0f,0f,0f,1f],start_interpolation: 0,interpolation_duration: 1}
$data merge entity $(bone_leg_front_right) {transformation: [-0.8587f,-0.4361f,-0.2693f,-0.6675f,-0.4485f,0.8936f,-0.017f,0.3489f,0.2481f,0.1062f,-0.9629f,0.5187f,0f,0f,0f,1f],start_interpolation: 0,interpolation_duration: 1}
$data merge entity $(bone_leg_back_right4) {transformation: [-0.447f,-0.6531f,0.6112f,-1.0394f,-0.564f,0.7362f,0.3742f,-0.1779f,-0.6943f,-0.1775f,-0.6974f,-0.9213f,0f,0f,0f,1f],start_interpolation: 0,interpolation_duration: 1}
$data merge entity $(bone_leg_back_right3) {transformation: [-0.5181f,-0.694f,0.5f,-0.926f,-0.6851f,0.6867f,0.2432f,-0.028f,-0.5121f,-0.2165f,-0.8312f,-0.8093f,0f,0f,0f,1f],start_interpolation: 0,interpolation_duration: 1}
$data merge entity $(bone_leg_back_right2) {transformation: [-0.5895f,-0.6689f,0.4529f,-0.705f,-0.673f,0.7168f,0.1826f,0.2244f,-0.4468f,-0.1972f,-0.8726f,-0.6417f,0f,0f,0f,1f],start_interpolation: 0,interpolation_duration: 1}
$data merge entity $(bone_leg_back_right) {transformation: [-0.7405f,-0.5596f,0.3721f,-0.6355f,-0.5701f,0.8163f,0.0932f,0.2778f,-0.3559f,-0.1431f,-0.9235f,-0.6084f,0f,0f,0f,1f],start_interpolation: 0,interpolation_duration: 1}
data modify entity @s data merge value {"cameras":{},"locators":{"target":{"posx":-0.048549925642066935,"posy":1.0030505808014298,"posz":1.597409649654039,"roty":359.9868878496128,"rotx":1.4017572161189735},"body":{"posx":-0.04773877123558399,"posy":0.916316640751079,"posz":0.032319295817599805,"roty":359.9868878496128,"rotx":1.4017572161189735},"head":{"posx":-0.034367291209675535,"posy":2.7125896548646176,"posz":1.2238668157853687,"roty":0.1304595133523776,"rotx":0.9430567388831753},"mouth":{"posx":-0.039764839888543235,"posy":2.1163700015060862,"posz":1.3703117420112103,"roty":0.1304595133523776,"rotx":0.9430567388831753},"special":{"posx":-0.039764839888543235,"posy":2.1163700015060862,"posz":1.3703117420112103,"roty":0.1304595133523776,"rotx":0.9430567388831753},"face":{"posx":-0.03785614708784261,"posy":2.452757388984438,"posz":1.8196646183092058,"roty":0.1304595133523776,"rotx":0.9430567388831753},"eye1":{"posx":-0.3805820264095157,"posy":2.4579404592845755,"posz":1.354805850762383,"roty":0.17328049478339835,"rotx":5.942874150435011},"eye2":{"posx":0.30689140514335667,"posy":2.452077573294007,"posz":1.3562746859402288,"roty":0.17328049478339835,"rotx":5.942874150435011},"horn":{"posx":-0.033875562788032935,"posy":2.8404922226401395,"posz":1.504244051816733,"roty":0.17328049478339835,"rotx":5.942874150435011},"physical":{"posx":-0.033875562788032935,"posy":2.8404922226401395,"posz":1.504244051816733,"roty":0.17328049478339835,"rotx":5.942874150435011},"jaw_upper":{"posx":-0.040212846594207624,"posy":2.1340635600769406,"posz":1.6506209490482657,"roty":0.17328049478339835,"rotx":5.942874150435011},"jaw_lower":{"posx":-0.03952945900179691,"posy":2.2148482725223335,"posz":1.6532221569105008,"roty":0.1304595133523776,"rotx":0.9430567388831753},"tail_tip":{"posx":-0.043095068419899345,"posy":0.4197815317652845,"posz":-1.4794647027594914,"roty":0.0019402966395603016,"rotx":-0.20746831369991187}}}