# This file was generated by Animated Java via MC-Build. It is not recommended to edit this file directly.
$data merge entity $(bone_shell2) {transformation: [-1.1979f,-0.0058f,0.0009f,-0.0525f,-0.0058f,1.1822f,-0.1932f,1.2232f,0f,-0.1932f,-1.1822f,-0.401f,0f,0f,0f,1f],start_interpolation: 0,interpolation_duration: 1}
$data merge entity $(bone_shell) {transformation: [-1.2604f,-0.0061f,0.0002f,-0.0515f,-0.0061f,1.2598f,-0.0392f,1.02f,0f,-0.0392f,-1.2598f,0.6058f,0f,0f,0f,1f],start_interpolation: 0,interpolation_duration: 1}
$data merge entity $(bone_pupil_right2) {transformation: [-1f,0.0065f,0.0012f,-0.3782f,0.0066f,0.9953f,0.0968f,2.4191f,-0.0006f,0.0969f,-0.9953f,1.3909f,0f,0f,0f,1f],start_interpolation: 0,interpolation_duration: 1}
$data merge entity $(bone_pupil_right) {transformation: [-1f,0.0065f,0.0012f,-0.377f,0.0066f,0.9953f,0.0968f,2.4096f,-0.0006f,0.0969f,-0.9953f,1.3272f,0f,0f,0f,1f],start_interpolation: 0,interpolation_duration: 1}
$data merge entity $(bone_eyelid_right) {transformation: [-1f,0.0065f,0.0012f,-0.3405f,0.0066f,0.9953f,0.0968f,2.4404f,-0.0006f,0.0969f,-0.9953f,1.3302f,0f,0f,0f,1f],start_interpolation: 0,interpolation_duration: 1}
$data merge entity $(bone_eye_right) {transformation: [-1f,0.0065f,0.0012f,-0.3768f,0.0066f,0.9953f,0.0968f,2.4407f,-0.0006f,0.0969f,-0.9953f,1.3302f,0f,0f,0f,1f],start_interpolation: 0,interpolation_duration: 1}
$data merge entity $(bone_pupil_left2) {transformation: [-1f,0.0065f,0.0012f,0.3143f,0.0066f,0.9953f,0.0968f,2.4145f,-0.0006f,0.0969f,-0.9953f,1.3913f,0f,0f,0f,1f],start_interpolation: 0,interpolation_duration: 1}
$data merge entity $(bone_pupil_left) {transformation: [-1f,0.0065f,0.0012f,0.313f,0.0066f,0.9953f,0.0968f,2.405f,-0.0006f,0.0969f,-0.9953f,1.3276f,0f,0f,0f,1f],start_interpolation: 0,interpolation_duration: 1}
$data merge entity $(bone_eyelid_left) {transformation: [-1f,0.0065f,0.0012f,0.277f,0.0066f,0.9953f,0.0968f,2.4363f,-0.0006f,0.0969f,-0.9953f,1.3306f,0f,0f,0f,1f],start_interpolation: 0,interpolation_duration: 1}
$data merge entity $(bone_eye_left) {transformation: [-1f,0.0065f,0.0012f,0.3132f,0.0066f,0.9953f,0.0968f,2.4361f,-0.0006f,0.0969f,-0.9953f,1.3306f,0f,0f,0f,1f],start_interpolation: 0,interpolation_duration: 1}
$data merge entity $(bone_muzzle2) {transformation: [-1f,0.0064f,0.0018f,-0.0314f,0.0066f,0.983f,0.1832f,2.5188f,-0.0006f,0.1832f,-0.9831f,1.5566f,0f,0f,0f,1f],start_interpolation: 0,interpolation_duration: 1}
$data merge entity $(bone_muzzle) {transformation: [-1f,0.0065f,0.0012f,-0.0302f,0.0066f,0.9953f,0.0968f,2.6735f,-0.0006f,0.0969f,-0.9953f,1.2577f,0f,0f,0f,1f],start_interpolation: 0,interpolation_duration: 1}
$data merge entity $(bone_tongue) {transformation: [-1f,0.0066f,0.0007f,-0.0337f,0.0066f,0.9999f,0.0097f,2.1426f,-0.0006f,0.0097f,-1f,1.2213f,0f,0f,0f,1f],start_interpolation: 0,interpolation_duration: 1}
$data merge entity $(bone_jaw) {transformation: [-1f,0.0066f,0.0007f,-0.0335f,0.0066f,0.9999f,0.0097f,2.1735f,-0.0006f,0.0097f,-1f,1.2528f,0f,0f,0f,1f],start_interpolation: 0,interpolation_duration: 1}
$data merge entity $(bone_ear_left) {transformation: [-0.9001f,-0.2267f,-0.3721f,0.3189f,-0.2131f,0.9739f,-0.0777f,2.5175f,0.38f,0.0093f,-0.9249f,0.9908f,0f,0f,0f,1f],start_interpolation: 0,interpolation_duration: 1}
$data merge entity $(bone_ear_right) {transformation: [-0.8967f,0.2395f,0.3722f,-0.381f,0.225f,0.9708f,-0.0827f,2.5221f,-0.3811f,0.0096f,-0.9245f,0.9904f,0f,0f,0f,1f],start_interpolation: 0,interpolation_duration: 1}
$data merge entity $(bone_head_angle) {transformation: [-1f,0.0066f,0.0007f,-0.0328f,0.0066f,0.9999f,0.0097f,2.2685f,-0.0006f,0.0097f,-1f,1.1288f,0f,0f,0f,1f],start_interpolation: 0,interpolation_duration: 1}
$data merge entity $(bone_neck3) {transformation: [-0.9999f,0.015f,0.0001f,-0.0435f,0.0149f,0.9973f,-0.0717f,1.5449f,-0.0012f,-0.0717f,-0.9974f,1.0868f,0f,0f,0f,1f],start_interpolation: 0,interpolation_duration: 1}
$data merge entity $(bone_neck2) {transformation: [-1f,0.0027f,0.0021f,-0.0448f,0.0029f,0.998f,0.0628f,1.1053f,-0.002f,0.0628f,-0.998f,1.1061f,0f,0f,0f,1f],start_interpolation: 0,interpolation_duration: 1}
$data merge entity $(bone_chest2) {transformation: [-1f,0.0018f,0.003f,-0.0474f,0.0029f,0.9032f,0.4292f,0.1742f,-0.002f,0.4292f,-0.9032f,1.0269f,0f,0f,0f,1f],start_interpolation: 0,interpolation_duration: 1}
$data merge entity $(bone_chest) {transformation: [-1f,-0.0047f,0.0012f,-0.0466f,-0.0049f,0.9696f,-0.2446f,0.0216f,0f,-0.2446f,-0.9696f,0.5497f,0f,0f,0f,1f],start_interpolation: 0,interpolation_duration: 1}
$data merge entity $(bone_tail2) {transformation: [-1f,-0.0049f,-0.0003f,-0.0486f,-0.0049f,0.998f,0.0624f,0.4306f,0f,0.0624f,-0.9981f,-1.1189f,0f,0f,0f,1f],start_interpolation: 0,interpolation_duration: 1}
$data merge entity $(bone_tail) {transformation: [-1f,-0.0049f,-0.0003f,-0.0497f,-0.0049f,0.9981f,0.0619f,0.6569f,0f,0.0619f,-0.9981f,-0.7292f,0f,0f,0f,1f],start_interpolation: 0,interpolation_duration: 1}
$data merge entity $(bone_torso) {transformation: [-1f,-0.0049f,-0.0003f,-0.0497f,-0.0049f,0.9984f,0.0561f,0.6495f,0f,0.0561f,-0.9984f,-0.041f,0f,0f,0f,1f],start_interpolation: 0,interpolation_duration: 1}
$data merge entity $(bone_leg_front_left4) {transformation: [-0.6676f,0.7381f,-0.0975f,1.6265f,0.6869f,0.6612f,0.3017f,-0.3021f,0.2871f,0.1344f,-0.9484f,0.5908f,0f,0f,0f,1f],start_interpolation: 0,interpolation_duration: 1}
$data merge entity $(bone_leg_front_left3) {transformation: [-0.7989f,0.6012f,0.0199f,1.3113f,0.5946f,0.7842f,0.1778f,-0.0483f,0.0913f,0.1539f,-0.9839f,0.6303f,0f,0f,0f,1f],start_interpolation: 0,interpolation_duration: 1}
$data merge entity $(bone_leg_front_left2) {transformation: [-0.8755f,0.4566f,0.1583f,0.7713f,0.4714f,0.879f,0.0718f,0.26f,-0.1064f,0.1375f,-0.9848f,0.566f,0f,0f,0f,1f],start_interpolation: 0,interpolation_duration: 1}
$data merge entity $(bone_leg_front_left) {transformation: [-0.889f,0.3691f,0.2712f,0.5768f,0.3859f,0.9225f,0.0097f,0.3444f,-0.2466f,0.1133f,-0.9625f,0.512f,0f,0f,0f,1f],start_interpolation: 0,interpolation_duration: 1}
$data merge entity $(bone_leg_back_left4) {transformation: [-0.3798f,0.7064f,-0.5973f,0.9484f,0.6353f,0.6685f,0.3867f,-0.179f,0.6725f,-0.2326f,-0.7026f,-0.9269f,0f,0f,0f,1f],start_interpolation: 0,interpolation_duration: 1}
$data merge entity $(bone_leg_back_left3) {transformation: [-0.4887f,0.7143f,-0.501f,0.8414f,0.7145f,0.6572f,0.24f,-0.0227f,0.5007f,-0.2406f,-0.8315f,-0.8174f,0f,0f,0f,1f],start_interpolation: 0,interpolation_duration: 1}
$data merge entity $(bone_leg_back_left2) {transformation: [-0.5988f,0.6581f,-0.4565f,0.6169f,0.6638f,0.7267f,0.1768f,0.2262f,0.4481f,-0.1971f,-0.872f,-0.6493f,0f,0f,0f,1f],start_interpolation: 0,interpolation_duration: 1}
$data merge entity $(bone_leg_back_left) {transformation: [-0.7572f,0.5352f,-0.3744f,0.5459f,0.5453f,0.8336f,0.0887f,0.2773f,0.3595f,-0.137f,-0.923f,-0.6156f,0f,0f,0f,1f],start_interpolation: 0,interpolation_duration: 1}
$data merge entity $(bone_leg_front_right4) {transformation: [-0.6609f,-0.7445f,0.0946f,-1.7165f,-0.6934f,0.654f,0.3026f,-0.3184f,-0.2871f,0.1344f,-0.9484f,0.5908f,0f,0f,0f,1f],start_interpolation: 0,interpolation_duration: 1}
$data merge entity $(bone_leg_front_right3) {transformation: [-0.793f,-0.6088f,-0.0216f,-1.4038f,-0.6023f,0.7783f,0.1776f,-0.0616f,-0.0913f,0.1539f,-0.9839f,0.6303f,0f,0f,0f,1f],start_interpolation: 0,interpolation_duration: 1}
$data merge entity $(bone_leg_front_right2) {transformation: [-0.8709f,-0.4651f,-0.159f,-0.8668f,-0.4799f,0.8745f,0.0703f,0.252f,0.1064f,0.1375f,-0.9848f,0.566f,0f,0f,0f,1f],start_interpolation: 0,interpolation_duration: 1}
$data merge entity $(bone_leg_front_right) {transformation: [-0.8852f,-0.378f,-0.2713f,-0.6732f,-0.3946f,0.9188f,0.0071f,0.3384f,0.2466f,0.1133f,-0.9625f,0.512f,0f,0f,0f,1f],start_interpolation: 0,interpolation_duration: 1}
$data merge entity $(bone_leg_back_right4) {transformation: [-0.3736f,-0.7129f,0.5935f,-1.0396f,-0.6389f,0.6616f,0.3925f,-0.1887f,-0.6725f,-0.2326f,-0.7026f,-0.9269f,0f,0f,0f,1f],start_interpolation: 0,interpolation_duration: 1}
$data merge entity $(bone_leg_back_right3) {transformation: [-0.4817f,-0.7206f,0.4986f,-0.9342f,-0.7192f,0.6502f,0.2449f,-0.0314f,-0.5007f,-0.2406f,-0.8315f,-0.8174f,0f,0f,0f,1f],start_interpolation: 0,interpolation_duration: 1}
$data merge entity $(bone_leg_back_right2) {transformation: [-0.5923f,-0.6651f,0.4547f,-0.7121f,-0.6696f,0.7203f,0.1812f,0.2197f,-0.4481f,-0.1971f,-0.872f,-0.6493f,0f,0f,0f,1f],start_interpolation: 0,interpolation_duration: 1}
$data merge entity $(bone_leg_back_right) {transformation: [-0.7519f,-0.5433f,0.3735f,-0.6416f,-0.5526f,0.8283f,0.0923f,0.2715f,-0.3595f,-0.137f,-0.923f,-0.6156f,0f,0f,0f,1f],start_interpolation: 0,interpolation_duration: 1}
data modify entity @s data merge value {"cameras":{},"locators":{"target":{"posx":-0.05125336802386112,"posy":0.9730265262254087,"posz":1.5950114788869492,"roty":359.99118895610525,"rotx":1.808888838999325},"body":{"posx":-0.05088517378177346,"posy":0.8974118957741691,"posz":0.0293443552317572,"roty":359.99118895610525,"rotx":1.808888838999325},"head":{"posx":-0.030184498070814407,"posy":2.673470630104969,"posz":1.2577010904022434,"roty":0.037887459867704365,"rotx":0.557642450863963},"mouth":{"posx":-0.034217223034840816,"posy":2.0782410687578063,"posz":1.4081624855434183,"roty":0.037887459867704365,"rotx":0.557642450863963},"special":{"posx":-0.034217223034840816,"posy":2.0782410687578063,"posz":1.4081624855434183,"roty":0.037887459867704365,"rotx":0.557642450863963},"face":{"posx":-0.0322357233168056,"posy":2.417648429901406,"posz":1.8552383648529664,"roty":0.037887459867704365,"rotx":0.557642450863963},"eye1":{"posx":-0.37570690006585933,"posy":2.419054922206133,"posz":1.390903206953289,"roty":0.07112360161627862,"rotx":5.55753237033148},"eye2":{"posx":0.3117778941609128,"posy":2.4145008717657617,"posz":1.3913134892455268,"roty":0.07112360161627862,"rotx":5.55753237033148},"horn":{"posx":-0.029491564153693688,"posy":2.803258216689637,"posz":1.53721031267606,"roty":0.07112360161627862,"rotx":5.55753237033148},"physical":{"posx":-0.029491564153693688,"posy":2.803258216689637,"posz":1.53721031267606,"roty":0.07112360161627862,"rotx":5.55753237033148},"jaw_upper":{"posx":-0.03425473758590529,"posy":2.0978201061351682,"posz":1.688346664544813,"roty":0.07112360161627862,"rotx":5.55753237033148},"jaw_lower":{"posx":-0.033720717746948986,"posy":2.178621644145072,"posz":1.6904032014091852,"roty":0.037887459867704365,"rotx":0.557642450863963},"tail_tip":{"posx":-0.048725931293484265,"posy":0.4539765995540836,"posz":-1.4932089387353682,"roty":359.98256048286066,"rotx":3.5768324811851615}}}