# This file was generated by Animated Java via MC-Build. It is not recommended to edit this file directly.
$data merge entity $(bone_shell2) {transformation: [-1.1979f,-0.0026f,0.0004f,-0.0516f,-0.0026f,1.1835f,-0.1854f,1.2139f,0f,-0.1854f,-1.1835f,-0.401f,0f,0f,0f,1f],start_interpolation: 0,interpolation_duration: 1}
$data merge entity $(bone_shell) {transformation: [-1.2604f,-0.0028f,0.0001f,-0.0512f,-0.0028f,1.26f,-0.0308f,1.004f,0f,-0.0308f,-1.26f,0.6044f,0f,0f,0f,1f],start_interpolation: 0,interpolation_duration: 1}
$data merge entity $(bone_pupil_right2) {transformation: [-1f,0.0053f,0.0003f,-0.3745f,0.0053f,0.9955f,0.0949f,2.3982f,0.0002f,0.0949f,-0.9955f,1.4097f,0f,0f,0f,1f],start_interpolation: 0,interpolation_duration: 1}
$data merge entity $(bone_pupil_right) {transformation: [-1f,0.0053f,0.0003f,-0.3733f,0.0053f,0.9955f,0.0949f,2.3886f,0.0002f,0.0949f,-0.9955f,1.346f,0f,0f,0f,1f],start_interpolation: 0,interpolation_duration: 1}
$data merge entity $(bone_eyelid_right) {transformation: [-1f,0.0053f,0.0003f,-0.3369f,0.0053f,0.9955f,0.0949f,2.4195f,0.0002f,0.0949f,-0.9955f,1.3489f,0f,0f,0f,1f],start_interpolation: 0,interpolation_duration: 1}
$data merge entity $(bone_eye_right) {transformation: [-1f,0.0053f,0.0003f,-0.3732f,0.0053f,0.9955f,0.0949f,2.4197f,0.0002f,0.0949f,-0.9955f,1.3489f,0f,0f,0f,1f],start_interpolation: 0,interpolation_duration: 1}
$data merge entity $(bone_pupil_left2) {transformation: [-1f,0.0053f,0.0003f,0.318f,0.0053f,0.9955f,0.0949f,2.3946f,0.0002f,0.0949f,-0.9955f,1.4096f,0f,0f,0f,1f],start_interpolation: 0,interpolation_duration: 1}
$data merge entity $(bone_pupil_left) {transformation: [-1f,0.0053f,0.0003f,0.3167f,0.0053f,0.9955f,0.0949f,2.3849f,0.0002f,0.0949f,-0.9955f,1.3459f,0f,0f,0f,1f],start_interpolation: 0,interpolation_duration: 1}
$data merge entity $(bone_eyelid_left) {transformation: [-1f,0.0053f,0.0003f,0.2806f,0.0053f,0.9955f,0.0949f,2.4162f,0.0002f,0.0949f,-0.9955f,1.3488f,0f,0f,0f,1f],start_interpolation: 0,interpolation_duration: 1}
$data merge entity $(bone_eye_left) {transformation: [-1f,0.0053f,0.0003f,0.3168f,0.0053f,0.9955f,0.0949f,2.416f,0.0002f,0.0949f,-0.9955f,1.3488f,0f,0f,0f,1f],start_interpolation: 0,interpolation_duration: 1}
$data merge entity $(bone_muzzle2) {transformation: [-1f,0.0052f,0.0008f,-0.0277f,0.0053f,0.9834f,0.1813f,2.4987f,0.0002f,0.1813f,-0.9834f,1.5749f,0f,0f,0f,1f],start_interpolation: 0,interpolation_duration: 1}
$data merge entity $(bone_muzzle) {transformation: [-1f,0.0053f,0.0003f,-0.0269f,0.0053f,0.9955f,0.0949f,2.6528f,0.0002f,0.0949f,-0.9955f,1.2757f,0f,0f,0f,1f],start_interpolation: 0,interpolation_duration: 1}
$data merge entity $(bone_tongue) {transformation: [-1f,0.0053f,-0.0001f,-0.0298f,0.0053f,1f,0.0078f,2.1218f,0.0002f,0.0078f,-1f,1.2403f,0f,0f,0f,1f],start_interpolation: 0,interpolation_duration: 1}
$data merge entity $(bone_jaw) {transformation: [-1f,0.0053f,-0.0001f,-0.0296f,0.0053f,1f,0.0078f,2.1528f,0.0002f,0.0078f,-1f,1.2718f,0f,0f,0f,1f],start_interpolation: 0,interpolation_duration: 1}
$data merge entity $(bone_ear_left) {transformation: [-0.9003f,-0.2243f,-0.373f,0.3222f,-0.2102f,0.9745f,-0.0787f,2.4968f,0.3812f,0.0076f,-0.9245f,1.0088f,0f,0f,0f,1f],start_interpolation: 0,interpolation_duration: 1}
$data merge entity $(bone_ear_right) {transformation: [-0.8981f,0.2347f,0.3719f,-0.3778f,0.2198f,0.9721f,-0.0826f,2.5005f,-0.3809f,0.0075f,-0.9246f,1.0089f,0f,0f,0f,1f],start_interpolation: 0,interpolation_duration: 1}
$data merge entity $(bone_head_angle) {transformation: [-1f,0.0053f,-0.0001f,-0.0291f,0.0053f,1f,0.0078f,2.2476f,0.0002f,0.0078f,-1f,1.1475f,0f,0f,0f,1f],start_interpolation: 0,interpolation_duration: 1}
$data merge entity $(bone_neck3) {transformation: [-0.9998f,0.0188f,-0.0005f,-0.0427f,0.0188f,0.998f,-0.0602f,1.5246f,-0.0007f,-0.0602f,-0.9982f,1.0972f,0f,0f,0f,1f],start_interpolation: 0,interpolation_duration: 1}
$data merge entity $(bone_neck2) {transformation: [-1f,0.0048f,0.0021f,-0.0449f,0.0049f,0.997f,0.0777f,1.0848f,-0.0017f,0.0777f,-0.997f,1.11f,0f,0f,0f,1f],start_interpolation: 0,interpolation_duration: 1}
$data merge entity $(bone_chest2) {transformation: [-1f,0.0037f,0.0037f,-0.0493f,0.0049f,0.8982f,0.4396f,0.1546f,-0.0017f,0.4396f,-0.8982f,1.0201f,0f,0f,0f,1f],start_interpolation: 0,interpolation_duration: 1}
$data merge entity $(bone_chest) {transformation: [-1f,-0.0021f,0.0005f,-0.049f,-0.0022f,0.9716f,-0.2365f,0.006f,0f,-0.2365f,-0.9716f,0.5417f,0f,0f,0f,1f],start_interpolation: 0,interpolation_duration: 1}
$data merge entity $(bone_tail2) {transformation: [-1f,-0.0022f,-0.0002f,-0.0499f,-0.0022f,0.9949f,0.1008f,0.4313f,0f,0.1008f,-0.9949f,-1.1272f,0f,0f,0f,1f],start_interpolation: 0,interpolation_duration: 1}
$data merge entity $(bone_tail) {transformation: [-1f,-0.0022f,-0.0002f,-0.0504f,-0.0022f,0.9966f,0.082f,0.6498f,0f,0.082f,-0.9966f,-0.733f,0f,0f,0f,1f],start_interpolation: 0,interpolation_duration: 1}
$data merge entity $(bone_torso) {transformation: [-1f,-0.0022f,-0.0001f,-0.0504f,-0.0022f,0.998f,0.0628f,0.6378f,0f,0.0628f,-0.998f,-0.0448f,0f,0f,0f,1f],start_interpolation: 0,interpolation_duration: 1}
$data merge entity $(bone_leg_front_left4) {transformation: [-0.6939f,0.7114f,-0.1112f,1.6583f,0.6616f,0.6909f,0.2914f,-0.2574f,0.2842f,0.1286f,-0.9501f,0.5911f,0f,0f,0f,1f],start_interpolation: 0,interpolation_duration: 1}
$data merge entity $(bone_leg_front_left3) {transformation: [-0.8341f,0.5515f,0.0109f,1.3281f,0.5449f,0.8206f,0.1721f,-0.0232f,0.0859f,0.1495f,-0.985f,0.6283f,0f,0f,0f,1f],start_interpolation: 0,interpolation_duration: 1}
$data merge entity $(bone_leg_front_left2) {transformation: [-0.9001f,0.407f,0.1556f,0.7719f,0.4215f,0.9037f,0.0749f,0.2544f,-0.1102f,0.133f,-0.985f,0.5616f,0f,0f,0f,1f],start_interpolation: 0,interpolation_duration: 1}
$data merge entity $(bone_leg_front_left) {transformation: [-0.8988f,0.3441f,0.2718f,0.5753f,0.3625f,0.9318f,0.0192f,0.3337f,-0.2466f,0.1158f,-0.9622f,0.5076f,0f,0f,0f,1f],start_interpolation: 0,interpolation_duration: 1}
$data merge entity $(bone_leg_back_left4) {transformation: [-0.348f,0.7271f,-0.5917f,0.9495f,0.6663f,0.6359f,0.3895f,-0.1857f,0.6595f,-0.2587f,-0.7058f,-0.931f,0f,0f,0f,1f],start_interpolation: 0,interpolation_duration: 1}
$data merge entity $(bone_leg_back_left3) {transformation: [-0.4811f,0.7185f,-0.5024f,0.8443f,0.7231f,0.6492f,0.236f,-0.0275f,0.4957f,-0.2497f,-0.8318f,-0.8225f,0f,0f,0f,1f],start_interpolation: 0,interpolation_duration: 1}
$data merge entity $(bone_leg_back_left2) {transformation: [-0.6089f,0.6473f,-0.4585f,0.616f,0.6538f,0.7368f,0.1721f,0.2177f,0.4493f,-0.195f,-0.8718f,-0.654f,0f,0f,0f,1f],start_interpolation: 0,interpolation_duration: 1}
$data merge entity $(bone_leg_back_left) {transformation: [-0.7653f,0.523f,-0.3752f,0.5442f,0.5333f,0.8416f,0.0853f,0.2677f,0.3603f,-0.1348f,-0.923f,-0.6203f,0f,0f,0f,1f],start_interpolation: 0,interpolation_duration: 1}
$data merge entity $(bone_leg_front_right4) {transformation: [-0.691f,-0.7144f,0.11f,-1.7551f,-0.6646f,0.6878f,0.2919f,-0.2648f,-0.2842f,0.1286f,-0.9501f,0.5911f,0f,0f,0f,1f],start_interpolation: 0,interpolation_duration: 1}
$data merge entity $(bone_leg_front_right3) {transformation: [-0.8317f,-0.5551f,-0.0117f,-1.4259f,-0.5486f,0.8182f,0.1721f,-0.0292f,-0.0859f,0.1495f,-0.985f,0.6283f,0f,0f,0f,1f],start_interpolation: 0,interpolation_duration: 1}
$data merge entity $(bone_leg_front_right2) {transformation: [-0.8982f,-0.4109f,-0.1559f,-0.8709f,-0.4255f,0.9019f,0.0742f,0.2508f,0.1102f,0.133f,-0.985f,0.5616f,0f,0f,0f,1f],start_interpolation: 0,interpolation_duration: 1}
$data merge entity $(bone_leg_front_right) {transformation: [-0.8972f,-0.3481f,-0.2718f,-0.6747f,-0.3665f,0.9303f,0.018f,0.331f,0.2466f,0.1158f,-0.9622f,0.5076f,0f,0f,0f,1f],start_interpolation: 0,interpolation_duration: 1}
$data merge entity $(bone_leg_back_right4) {transformation: [-0.3451f,-0.7299f,0.59f,-1.0466f,-0.6678f,0.6327f,0.3921f,-0.19f,-0.6595f,-0.2587f,-0.7058f,-0.931f,0f,0f,0f,1f],start_interpolation: 0,interpolation_duration: 1}
$data merge entity $(bone_leg_back_right3) {transformation: [-0.4779f,-0.7213f,0.5013f,-0.9421f,-0.7252f,0.646f,0.2382f,-0.0314f,-0.4957f,-0.2497f,-0.8318f,-0.8225f,0f,0f,0f,1f],start_interpolation: 0,interpolation_duration: 1}
$data merge entity $(bone_leg_back_right2) {transformation: [-0.606f,-0.6505f,0.4578f,-0.7148f,-0.6564f,0.734f,0.1741f,0.2148f,-0.4493f,-0.195f,-0.8718f,-0.654f,0f,0f,0f,1f],start_interpolation: 0,interpolation_duration: 1}
$data merge entity $(bone_leg_back_right) {transformation: [-0.763f,-0.5267f,0.3748f,-0.6433f,-0.5367f,0.8393f,0.0869f,0.2651f,-0.3603f,-0.1348f,-0.923f,-0.6203f,0f,0f,0f,1f],start_interpolation: 0,interpolation_duration: 1}
data modify entity @s data merge value {"cameras":{},"locators":{"target":{"posx":-0.051052080029374045,"posy":0.9575621072397589,"posz":1.59191942612643,"roty":359.995753379112,"rotx":1.9405868078561308},"body":{"posx":-0.05089454457100878,"posy":0.8855452747169624,"posz":0.02608265269953073,"roty":359.995753379112,"rotx":1.9405868078561308},"head":{"posx":-0.026934724937041306,"posy":2.6528225501525866,"posz":1.275704844497308,"roty":359.99318341788637,"rotx":0.4456139006863711},"mouth":{"posx":-0.030062097931756713,"posy":2.0578836276863943,"posz":1.4273327544377876,"roty":359.99318341788637,"rotx":0.4456139006863711},"special":{"posx":-0.030062097931756713,"posy":2.0578836276863943,"posz":1.4273327544377876,"roty":359.99318341788637,"rotx":0.4456139006863711},"face":{"posx":-0.028187959499978203,"posy":2.3981672082601064,"posz":1.8737425408415724,"roty":359.99318341788637,"rotx":0.4456139006863711},"eye1":{"posx":-0.3720168918931824,"posy":2.3982101098566058,"posz":1.409670100646613,"roty":0.01975742858010676,"rotx":5.445543513921255},"eye2":{"posx":0.3154734528397711,"posy":2.394568163522973,"posz":1.4095599831281977,"roty":0.01975742858010676,"rotx":5.445543513921255},"horn":{"posx":-0.0261995531500439,"posy":2.783157450461653,"posz":1.554959166592543,"roty":0.01975742858010676,"rotx":5.445543513921255},"physical":{"posx":-0.0261995531500439,"posy":2.783157450461653,"posz":1.554959166592543,"roty":0.01975742858010676,"rotx":5.445543513921255},"jaw_upper":{"posx":-0.0299106043137108,"posy":2.0780106385313335,"posz":1.7074780645159375,"roty":0.01975742858010676,"rotx":5.445543513921255},"jaw_lower":{"posx":-0.029482234237132303,"posy":2.158816681689423,"posz":1.7093762094100975,"roty":359.99318341788637,"rotx":0.4456139006863711},"tail_tip":{"posx":-0.0499837026287434,"posy":0.4691567848390725,"posz":-1.5002703951964134,"roty":359.9872981514876,"rotx":5.786851804124777}}}