# This file was generated by Animated Java via MC-Build. It is not recommended to edit this file directly.
$data merge entity $(bone_head2) {transformation: [-0.994f,-0.0504f,0.097f,-0.1962f,-0.0709f,0.9724f,-0.2221f,1.0033f,-0.0831f,-0.2276f,-0.9702f,-0.0288f,0f,0f,0f,1f],start_interpolation: 0,interpolation_duration: 1}
$data merge entity $(bone_head1) {transformation: [-0.994f,-0.1084f,-0.0142f,-0.2182f,-0.0709f,0.5413f,0.8379f,0.8931f,-0.0831f,0.8338f,-0.5457f,0.3289f,0f,0f,0f,1f],start_interpolation: 0,interpolation_duration: 1}
$data merge entity $(bone_eyelid_right) {transformation: [-0.9983f,-0.0051f,0.0588f,-0.283f,0.0124f,0.9558f,0.2939f,0.731f,-0.0577f,0.2941f,-0.954f,0.3019f,0f,0f,0f,1f],start_interpolation: 0,interpolation_duration: 1}
$data merge entity $(bone_eye_right) {transformation: [-0.9983f,-0.0051f,0.0588f,-0.2834f,0.0124f,0.9558f,0.2939f,0.7292f,-0.0577f,0.2941f,-0.954f,0.3078f,0f,0f,0f,1f],start_interpolation: 0,interpolation_duration: 1}
$data merge entity $(bone_eyelid_left) {transformation: [-0.9822f,-0.1784f,0.0588f,-0.0656f,-0.1538f,0.9434f,0.2939f,0.7466f,-0.1079f,0.2796f,-0.954f,0.3201f,0f,0f,0f,1f],start_interpolation: 0,interpolation_duration: 1}
$data merge entity $(bone_eye_left) {transformation: [-0.9822f,-0.1784f,0.0588f,-0.0659f,-0.1538f,0.9434f,0.2939f,0.7447f,-0.1079f,0.2796f,-0.954f,0.326f,0f,0f,0f,1f],start_interpolation: 0,interpolation_duration: 1}
$data merge entity $(bone_mouth_closed) {transformation: [-0.994f,-0.0921f,0.0588f,-0.1755f,-0.0709f,0.9532f,0.2939f,0.6205f,-0.0831f,0.288f,-0.954f,0.0511f,0f,0f,0f,1f],start_interpolation: 0,interpolation_duration: 1}
$data merge entity $(bone_mouth_open) {transformation: [-0.994f,-0.0921f,0.0588f,-0.1723f,-0.0709f,0.9532f,0.2939f,0.5926f,-0.0831f,0.288f,-0.954f,0.0361f,0f,0f,0f,1f],start_interpolation: 0,interpolation_duration: 1}
$data merge entity $(bone_head) {transformation: [-0.994f,-0.0921f,0.0588f,-0.1416f,-0.0709f,0.9532f,0.2939f,0.5929f,-0.0831f,0.288f,-0.954f,0.0447f,0f,0f,0f,1f],start_interpolation: 0,interpolation_duration: 1}
$data merge entity $(bone_neck) {transformation: [-0.4967f,-0.2996f,0.8146f,-0.0927f,0.0172f,0.935f,0.3543f,0.531f,-0.8677f,0.19f,-0.4593f,0.0155f,0f,0f,0f,1f],start_interpolation: 0,interpolation_duration: 1}
$data merge entity $(bone_finger_left2) {transformation: [-0.796f,0.2103f,-0.5676f,-0.3204f,0.2031f,-0.7905f,-0.5778f,0.2919f,-0.5702f,-0.5752f,0.5865f,-0.1186f,0f,0f,0f,1f],start_interpolation: 0,interpolation_duration: 1}
$data merge entity $(bone_finger_left) {transformation: [-0.3454f,-0.7474f,-0.5676f,-0.3636f,0.8138f,0.0628f,-0.5778f,0.3936f,0.4674f,-0.6614f,0.5865f,-0.0601f,0f,0f,0f,1f],start_interpolation: 0,interpolation_duration: 1}
$data merge entity $(bone_finger_left4) {transformation: [-0.7746f,0.2789f,-0.5676f,-0.3778f,0.1334f,-0.8052f,-0.5778f,0.2381f,-0.6182f,-0.5233f,0.5865f,-0.0671f,0f,0f,0f,1f],start_interpolation: 0,interpolation_duration: 1}
$data merge entity $(bone_finger_left3) {transformation: [-0.3124f,-0.7617f,-0.5676f,-0.4168f,0.8103f,0.0982f,-0.5778f,0.3394f,0.4958f,-0.6404f,0.5865f,-0.0052f,0f,0f,0f,1f],start_interpolation: 0,interpolation_duration: 1}
$data merge entity $(bone_thumb_left2) {transformation: [0.6325f,0.772f,0.0624f,-0.1738f,0.15f,-0.2012f,0.968f,0.3655f,0.7599f,-0.6029f,-0.243f,-0.0481f,0f,0f,0f,1f],start_interpolation: 0,interpolation_duration: 1}
$data merge entity $(bone_thumb_left) {transformation: [0.6325f,0.3828f,-0.6733f,-0.2777f,0.15f,0.7923f,0.5914f,0.4347f,0.7599f,-0.4751f,0.4437f,-0.0164f,0f,0f,0f,1f],start_interpolation: 0,interpolation_duration: 1}
$data merge entity $(bone_hand_left) {transformation: [0.6325f,-0.527f,-0.5676f,-0.2584f,0.15f,0.8023f,-0.5778f,0.3398f,0.7599f,0.2803f,0.5865f,0.0686f,0f,0f,0f,1f],start_interpolation: 0,interpolation_duration: 1}
$data merge entity $(bone_arm_left2) {transformation: [0.6325f,-0.527f,-0.5676f,-0.1358f,0.15f,0.8023f,-0.5778f,0.3412f,0.7599f,0.2803f,0.5865f,0.2952f,0f,0f,0f,1f],start_interpolation: 0,interpolation_duration: 1}
$data merge entity $(bone_arm_left) {transformation: [0.6206f,-0.527f,0.5806f,-0.0169f,0.5887f,0.8023f,0.0991f,0.4822f,-0.5181f,0.2803f,0.8081f,0.1152f,0f,0f,0f,1f],start_interpolation: 0,interpolation_duration: 1}
$data merge entity $(bone_finger_right2) {transformation: [0.005f,0.4245f,-0.9054f,-0.2009f,-0.0794f,-0.9024f,-0.4235f,0.2603f,-0.9968f,0.074f,0.0292f,0.4364f,0f,0f,0f,1f],start_interpolation: 0,interpolation_duration: 1}
$data merge entity $(bone_finger_right) {transformation: [0.4189f,0.0688f,-0.9054f,-0.2532f,-0.9025f,-0.0785f,-0.4235f,0.3731f,-0.1002f,0.9945f,0.0292f,0.4489f,0f,0f,0f,1f],start_interpolation: 0,interpolation_duration: 1}
$data merge entity $(bone_finger_right4) {transformation: [-0.032f,0.4233f,-0.9054f,-0.2854f,-0.0004f,-0.9059f,-0.4235f,0.2202f,-0.9995f,-0.0132f,0.0292f,0.4446f,0f,0f,0f,1f],start_interpolation: 0,interpolation_duration: 1}
$data merge entity $(bone_finger_right3) {transformation: [0.4215f,0.0504f,-0.9054f,-0.3381f,-0.9051f,-0.0391f,-0.4235f,0.3334f,-0.0567f,0.998f,0.0292f,0.4516f,0f,0f,0f,1f],start_interpolation: 0,interpolation_duration: 1}
$data merge entity $(bone_thumb_right2) {transformation: [0.1748f,0.8969f,0.4062f,-0.1525f,-0.3094f,-0.3416f,0.8874f,0.346f,0.9347f,-0.2809f,0.2178f,0.2874f,0f,0f,0f,1f],start_interpolation: 0,interpolation_duration: 1}
$data merge entity $(bone_thumb_right) {transformation: [0.1748f,0.7472f,-0.6412f,-0.2272f,-0.3094f,0.6599f,0.6847f,0.4219f,0.9347f,0.0787f,0.3466f,0.3599f,0f,0f,0f,1f],start_interpolation: 0,interpolation_duration: 1}
$data merge entity $(bone_hand_right) {transformation: [0.1748f,-0.3868f,-0.9054f,-0.2988f,-0.3094f,0.8514f,-0.4235f,0.3484f,0.9347f,0.3542f,0.0292f,0.2821f,0f,0f,0f,1f],start_interpolation: 0,interpolation_duration: 1}
$data merge entity $(bone_arm_right2) {transformation: [0.1748f,-0.3868f,-0.9054f,-0.3991f,-0.3094f,0.8514f,-0.4235f,0.3993f,0.9347f,0.3542f,0.0292f,0.0502f,0f,0f,0f,1f],start_interpolation: 0,interpolation_duration: 1}
$data merge entity $(bone_arm_right) {transformation: [-0.5812f,-0.3868f,-0.7159f,-0.2091f,-0.5233f,0.8514f,-0.0352f,0.5323f,0.6232f,0.3542f,-0.6973f,-0.062f,0f,0f,0f,1f],start_interpolation: 0,interpolation_duration: 1}
$data merge entity $(bone_torso) {transformation: [-0.4967f,-0.0029f,0.8679f,-0.0781f,0.0172f,0.9998f,0.0132f,0.1719f,-0.8677f,0.0214f,-0.4966f,0f,0f,0f,0f,1f],start_interpolation: 0,interpolation_duration: 1}
$data merge entity $(bone_foot_right) {transformation: [-0.0244f,0.0271f,0.9993f,-0.3155f,-0.0083f,0.9996f,-0.0273f,-0.0466f,-0.9997f,-0.009f,-0.0242f,-0.0671f,0f,0f,0f,1f],start_interpolation: 0,interpolation_duration: 1}
$data merge entity $(bone_leg_right3) {transformation: [-0.0244f,0.1813f,0.9831f,-0.3515f,-0.0083f,0.9833f,-0.1815f,0.103f,-0.9997f,-0.0126f,-0.0225f,-0.0675f,0f,0f,0f,1f],start_interpolation: 0,interpolation_duration: 1}
$data merge entity $(bone_foot_left) {transformation: [-0.8753f,0.0777f,0.4773f,-0.1969f,0.0048f,0.9884f,-0.1521f,-0.1156f,-0.4836f,-0.1308f,-0.8655f,0.3178f,0f,0f,0f,1f],start_interpolation: 0,interpolation_duration: 1}
$data merge entity $(bone_leg_left3) {transformation: [-0.8753f,0.241f,0.4193f,-0.1892f,0.0048f,0.8713f,-0.4908f,0.0376f,-0.4836f,-0.4276f,-0.7638f,0.3054f,0f,0f,0f,1f],start_interpolation: 0,interpolation_duration: 1}