# This file was generated by Animated Java via MC-Build. It is not recommended to edit this file directly.
$data merge entity $(bone_eyelid_right) {transformation: [-0.9444f,-0.1559f,0.2894f,-0.1385f,-0.0665f,0.9528f,0.2964f,1.121f,-0.3219f,0.2607f,-0.9102f,0.3672f,0f,0f,0f,1f],start_interpolation: 0,interpolation_duration: 1}
$data merge entity $(bone_eye_right) {transformation: [-0.9444f,-0.1559f,0.2894f,-0.1363f,-0.0665f,0.9528f,0.2964f,1.1233f,-0.3219f,0.2607f,-0.9102f,0.3601f,0f,0f,0f,1f],start_interpolation: 0,interpolation_duration: 1}
$data merge entity $(bone_eyelid_left) {transformation: [-0.903f,-0.3175f,0.2894f,-0.1328f,-0.2309f,0.9267f,0.2964f,1.1036f,-0.3623f,0.2008f,-0.9102f,0.3616f,0f,0f,0f,1f],start_interpolation: 0,interpolation_duration: 1}
$data merge entity $(bone_eye_left) {transformation: [-0.903f,-0.3175f,0.2894f,0.0666f,-0.2309f,0.9267f,0.2964f,1.156f,-0.3623f,0.2008f,-0.9102f,0.4352f,0f,0f,0f,1f],start_interpolation: 0,interpolation_duration: 1}
$data merge entity $(bone_mouth_closed) {transformation: [-0.9273f,-0.2376f,0.2894f,0.0442f,-0.1493f,0.9433f,0.2964f,1.0231f,-0.3434f,0.2316f,-0.9102f,0.1438f,0f,0f,0f,1f],start_interpolation: 0,interpolation_duration: 1}
$data merge entity $(bone_mouth_open) {transformation: [-0.9273f,-0.2376f,0.2894f,0.0534f,-0.1493f,0.9433f,0.2964f,0.9955f,-0.3434f,0.2316f,-0.9102f,0.1309f,0f,0f,0f,1f],start_interpolation: 0,interpolation_duration: 1}
$data merge entity $(bone_head) {transformation: [-0.9273f,-0.2376f,0.2894f,0.0806f,-0.1493f,0.9433f,0.2964f,0.9983f,-0.3434f,0.2316f,-0.9102f,0.1473f,0f,0f,0f,1f],start_interpolation: 0,interpolation_duration: 1}
$data merge entity $(bone_neck) {transformation: [-0.9669f,-0.2347f,0.1002f,0.0989f,-0.2293f,0.9713f,0.0627f,0.9224f,-0.112f,0.0376f,-0.993f,0.1444f,0f,0f,0f,1f],start_interpolation: 0,interpolation_duration: 1}
$data merge entity $(bone_finger_left2) {transformation: [-0.1398f,-0.4413f,0.8864f,0.1397f,0.6104f,-0.7432f,-0.2738f,0.4063f,0.7796f,0.5028f,0.3733f,0.4388f,0f,0f,0f,1f],start_interpolation: 0,interpolation_duration: 1}
$data merge entity $(bone_finger_left) {transformation: [0.2309f,-0.4012f,0.8864f,0.1686f,0.9604f,-0.0521f,-0.2738f,0.5264f,0.156f,0.9145f,0.3733f,0.4583f,0f,0f,0f,1f],start_interpolation: 0,interpolation_duration: 1}
$data merge entity $(bone_finger_left4) {transformation: [-0.264f,-0.3756f,0.8884f,0.237f,0.2001f,-0.9224f,-0.3305f,0.3963f,0.9436f,0.0905f,0.3186f,0.4262f,0f,0f,0f,1f],start_interpolation: 0,interpolation_duration: 1}
$data merge entity $(bone_finger_left3) {transformation: [0.118f,-0.4436f,0.8884f,0.2517f,0.8352f,-0.4396f,-0.3305f,0.5007f,0.5372f,0.781f,0.3186f,0.4933f,0f,0f,0f,1f],start_interpolation: 0,interpolation_duration: 1}
$data merge entity $(bone_thumb_left2) {transformation: [-0.27f,-0.8288f,0.49f,0.076f,0.6262f,0.2354f,0.7432f,0.5559f,-0.7314f,0.5076f,0.4555f,0.3494f,0f,0f,0f,1f],start_interpolation: 0,interpolation_duration: 1}
$data merge entity $(bone_thumb_left) {transformation: [-0.27f,-0.7311f,0.6265f,0.1627f,0.6262f,0.3609f,0.6911f,0.6227f,-0.7314f,0.5789f,0.3604f,0.4173f,0f,0f,0f,1f],start_interpolation: 0,interpolation_duration: 1}
$data merge entity $(bone_hand_left) {transformation: [0.3805f,-0.2636f,0.8864f,0.2861f,0.8901f,0.3643f,-0.2738f,0.6299f,-0.2508f,0.8932f,0.3733f,0.3808f,0f,0f,0f,1f],start_interpolation: 0,interpolation_duration: 1}
$data merge entity $(bone_arm_left2) {transformation: [0.6002f,-0.2036f,0.7735f,0.4845f,0.7326f,0.5281f,-0.4295f,0.7862f,-0.321f,0.8244f,0.4662f,0.3297f,0f,0f,0f,1f],start_interpolation: 0,interpolation_duration: 1}
$data merge entity $(bone_arm_left) {transformation: [-0.7072f,-0.2199f,0.6719f,0.2657f,0.5175f,0.4865f,0.7039f,0.8715f,-0.4817f,0.8455f,-0.2303f,0.2237f,0f,0f,0f,1f],start_interpolation: 0,interpolation_duration: 1}
$data merge entity $(bone_finger_right2) {transformation: [0.6754f,-0.5609f,0.4788f,-0.5455f,-0.7017f,-0.6886f,0.183f,0.8847f,0.2271f,-0.4596f,-0.8586f,-0.2949f,0f,0f,0f,1f],start_interpolation: 0,interpolation_duration: 1}
$data merge entity $(bone_finger_right) {transformation: [-0.5309f,-0.6992f,0.4788f,-0.4791f,-0.7186f,0.671f,0.183f,0.9745f,-0.4492f,-0.2469f,-0.8586f,-0.2387f,0f,0f,0f,1f],start_interpolation: 0,interpolation_duration: 1}
$data merge entity $(bone_finger_right4) {transformation: [0.635f,-0.6469f,0.4223f,-0.4918f,-0.7354f,-0.6736f,0.0739f,0.8866f,0.2367f,-0.3575f,-0.9034f,-0.3547f,0f,0f,0f,1f],start_interpolation: 0,interpolation_duration: 1}
$data merge entity $(bone_finger_right3) {transformation: [-0.4605f,-0.7808f,0.4223f,-0.4342f,-0.841f,0.536f,0.0739f,0.9917f,-0.284f,-0.3211f,-0.9034f,-0.3192f,0f,0f,0f,1f],start_interpolation: 0,interpolation_duration: 1}
$data merge entity $(bone_thumb_right2) {transformation: [-0.6279f,-0.6718f,-0.393f,-0.4617f,0.1577f,-0.6042f,0.781f,0.8478f,-0.7622f,0.4284f,0.4853f,-0.1011f,0f,0f,0f,1f],start_interpolation: 0,interpolation_duration: 1}
$data merge entity $(bone_thumb_right) {transformation: [-0.6279f,-0.5991f,0.4969f,-0.4193f,0.1577f,0.5273f,0.8349f,0.957f,-0.7622f,0.6026f,-0.2366f,-0.1545f,0f,0f,0f,1f],start_interpolation: 0,interpolation_duration: 1}
$data merge entity $(bone_hand_right) {transformation: [-0.8779f,-0.0044f,0.4788f,-0.3192f,0.0949f,0.9785f,0.183f,0.9071f,-0.4693f,0.2061f,-0.8586f,-0.2185f,0f,0f,0f,1f],start_interpolation: 0,interpolation_duration: 1}
$data merge entity $(bone_arm_right2) {transformation: [-0.7711f,0.0192f,0.6365f,-0.0646f,0.0354f,0.9993f,0.0126f,0.8979f,-0.6358f,0.0323f,-0.7712f,-0.0855f,0f,0f,0f,1f],start_interpolation: 0,interpolation_duration: 1}
$data merge entity $(bone_arm_right) {transformation: [0.0723f,-0.1466f,0.9865f,-0.1443f,-0.0549f,0.9871f,0.1507f,0.9022f,-0.9959f,-0.065f,0.0634f,0.1595f,0f,0f,0f,1f],start_interpolation: 0,interpolation_duration: 1}
$data merge entity $(bone_torso) {transformation: [-0.8168f,-0.0021f,0.5769f,0.0997f,0.1336f,0.9722f,0.1926f,0.5731f,-0.5612f,0.2343f,-0.7938f,0.0601f,0f,0f,0f,1f],start_interpolation: 0,interpolation_duration: 1}
$data merge entity $(bone_foot_right) {transformation: [-0.9701f,0.0333f,0.2405f,-0.0082f,0.1595f,0.8343f,0.5278f,0.1679f,-0.1831f,0.5504f,-0.8146f,-0.0831f,0f,0f,0f,1f],start_interpolation: 0,interpolation_duration: 1}
$data merge entity $(bone_leg_right3) {transformation: [-0.7629f,0.0077f,0.6464f,-0.0476f,0.2258f,0.9401f,0.2553f,0.2841f,-0.6058f,0.3408f,-0.719f,0.0097f,0f,0f,0f,1f],start_interpolation: 0,interpolation_duration: 1}
$data merge entity $(bone_leg_right2) {transformation: [-0.9941f,0.0171f,-0.1071f,-0.0421f,-0.0207f,0.9394f,0.3422f,0.4417f,0.1065f,0.3424f,-0.9335f,0.0334f,0f,0f,0f,1f],start_interpolation: 0,interpolation_duration: 1}
$data merge entity $(bone_leg_right) {transformation: [-0.9941f,0.0171f,-0.1071f,-0.0095f,-0.0207f,0.9394f,0.3422f,0.5304f,0.1065f,0.3424f,-0.9335f,0.0622f,0f,0f,0f,1f],start_interpolation: 0,interpolation_duration: 1}
$data merge entity $(bone_foot_left) {transformation: [-0.7817f,0.0758f,-0.619f,0.2853f,-0.3133f,0.8105f,0.4949f,0.2094f,0.5392f,0.5808f,-0.6098f,-0.0915f,0f,0f,0f,1f],start_interpolation: 0,interpolation_duration: 1}
$data merge entity $(bone_leg_left3) {transformation: [-0.7817f,0.008f,-0.6236f,0.3254f,-0.3133f,0.8596f,0.4037f,0.3051f,0.5392f,0.511f,-0.6695f,0.0222f,0f,0f,0f,1f],start_interpolation: 0,interpolation_duration: 1}
$data merge entity $(bone_leg_left2) {transformation: [-0.8436f,-0.2631f,-0.4681f,0.2696f,-0.2976f,0.9547f,-0.0002f,0.4542f,0.447f,0.1392f,-0.8837f,0.0163f,0f,0f,0f,1f],start_interpolation: 0,interpolation_duration: 1}
$data merge entity $(bone_leg_left) {transformation: [-0.8436f,-0.2631f,-0.4681f,0.2186f,-0.2976f,0.9547f,-0.0002f,0.5344f,0.447f,0.1392f,-0.8837f,0.0433f,0f,0f,0f,1f],start_interpolation: 0,interpolation_duration: 1}