# This file was generated by Animated Java via MC-Build. It is not recommended to edit this file directly.
$data merge entity $(bone_eyelid_right) {transformation: [0.0958f,-0.5667f,-0.8183f,0.2015f,0.3528f,0.7881f,-0.5045f,1.3581f,0.9308f,-0.2403f,0.2754f,-0.1296f,0f,0f,0f,1f],start_interpolation: 0,interpolation_duration: 1}
$data merge entity $(bone_eye_right) {transformation: [0.0958f,-0.5667f,-0.8183f,0.1951f,0.3528f,0.7881f,-0.5045f,1.3542f,0.9308f,-0.2403f,0.2754f,-0.1274f,0f,0f,0f,1f],start_interpolation: 0,interpolation_duration: 1}
$data merge entity $(bone_eyelid_left) {transformation: [0.1928f,-0.5415f,-0.8183f,0.2107f,0.2106f,0.8374f,-0.5045f,1.3415f,0.9584f,-0.0751f,0.2754f,-0.1269f,0f,0f,0f,1f],start_interpolation: 0,interpolation_duration: 1}
$data merge entity $(bone_eye_left) {transformation: [0.1928f,-0.5415f,-0.8183f,0.1634f,0.2106f,0.8374f,-0.5045f,1.2923f,0.9584f,-0.0751f,0.2754f,-0.3348f,0f,0f,0f,1f],start_interpolation: 0,interpolation_duration: 1}
$data merge entity $(bone_mouth_closed) {transformation: [0.1449f,-0.5562f,-0.8183f,0.1086f,0.2827f,0.8158f,-0.5045f,1.0684f,0.9482f,-0.1583f,0.2754f,-0.1114f,0f,0f,0f,1f],start_interpolation: 0,interpolation_duration: 1}
$data merge entity $(bone_mouth_open) {transformation: [0.1449f,-0.5562f,-0.8183f,0.1208f,0.2827f,0.8158f,-0.5045f,1.0398f,0.9482f,-0.1583f,0.2754f,-0.1047f,0f,0f,0f,1f],start_interpolation: 0,interpolation_duration: 1}
$data merge entity $(bone_head) {transformation: [0.1449f,-0.5562f,-0.8183f,0.1214f,0.2827f,0.8158f,-0.5045f,1.0341f,0.9482f,-0.1583f,0.2754f,-0.1361f,0f,0f,0f,1f],start_interpolation: 0,interpolation_duration: 1}
$data merge entity $(bone_neck) {transformation: [0.0976f,-0.4181f,-0.9031f,0.1541f,0.0939f,0.9073f,-0.4099f,0.9632f,0.9908f,-0.0448f,0.1278f,-0.1326f,0f,0f,0f,1f],start_interpolation: 0,interpolation_duration: 1}
$data merge entity $(bone_finger_left2) {transformation: [0.0081f,-0.286f,-0.9582f,0.0272f,0.3917f,-0.8807f,0.2662f,0.2179f,-0.92f,-0.3775f,0.1049f,-0.4972f,0f,0f,0f,1f],start_interpolation: 0,interpolation_duration: 1}
$data merge entity $(bone_finger_left) {transformation: [0.2164f,-0.1872f,-0.9582f,0.0543f,0.914f,-0.3062f,0.2662f,0.3321f,-0.3432f,-0.9334f,0.1049f,-0.5401f,0f,0f,0f,1f],start_interpolation: 0,interpolation_duration: 1}
$data merge entity $(bone_finger_left4) {transformation: [-0.18f,-0.2154f,-0.9598f,-0.0417f,-0.0222f,-0.9746f,0.2229f,0.2656f,-0.9834f,0.0614f,0.1707f,-0.4453f,0f,0f,0f,1f],start_interpolation: 0,interpolation_duration: 1}
$data merge entity $(bone_finger_left3) {transformation: [0.0493f,-0.2764f,-0.9598f,-0.0355f,0.7323f,-0.6434f,0.2229f,0.3571f,-0.6792f,-0.7139f,0.1707f,-0.5302f,0f,0f,0f,1f],start_interpolation: 0,interpolation_duration: 1}
$data merge entity $(bone_thumb_left2) {transformation: [0.8582f,0.4619f,-0.2238f,0.1894f,0.388f,-0.2984f,0.872f,0.3077f,0.336f,-0.8352f,-0.4354f,-0.4906f,0f,0f,0f,1f],start_interpolation: 0,interpolation_duration: 1}
$data merge entity $(bone_thumb_left) {transformation: [0.8582f,0.4161f,-0.3006f,0.125f,0.388f,-0.1425f,0.9106f,0.4094f,0.336f,-0.8981f,-0.2837f,-0.5366f,0f,0f,0f,1f],start_interpolation: 0,interpolation_duration: 1}
$data merge entity $(bone_hand_left) {transformation: [0.2757f,-0.0765f,-0.9582f,0.0572f,0.9571f,0.1148f,0.2662f,0.487f,0.0897f,-0.9904f,0.1049f,-0.4592f,0f,0f,0f,1f],start_interpolation: 0,interpolation_duration: 1}
$data merge entity $(bone_arm_left2) {transformation: [-0.0154f,-0.0105f,-0.9998f,-0.0091f,0.8785f,0.4774f,-0.0185f,0.7055f,0.4775f,-0.8786f,0.0019f,-0.3397f,0f,0f,0f,1f],start_interpolation: 0,interpolation_duration: 1}
$data merge entity $(bone_arm_left) {transformation: [0.6803f,0.0495f,-0.7312f,0.2067f,0.6718f,0.3568f,0.6492f,0.8328f,0.2931f,-0.9329f,0.2095f,-0.2796f,0f,0f,0f,1f],start_interpolation: 0,interpolation_duration: 1}
$data merge entity $(bone_finger_right2) {transformation: [-0.5053f,0.8468f,0.1659f,0.8034f,-0.7431f,-0.5248f,0.4152f,1.1505f,0.4386f,0.0865f,0.8945f,0.1352f,0f,0f,0f,1f],start_interpolation: 0,interpolation_duration: 1}
$data merge entity $(bone_finger_right) {transformation: [0.824f,0.5418f,0.1659f,0.7004f,-0.5567f,0.7195f,0.4152f,1.2201f,0.1056f,-0.4345f,0.8945f,0.122f,0f,0f,0f,1f],start_interpolation: 0,interpolation_duration: 1}
$data merge entity $(bone_finger_right4) {transformation: [-0.4751f,0.8412f,0.2581f,0.8021f,-0.7778f,-0.5387f,0.3238f,1.1688f,0.4114f,-0.047f,0.9103f,0.2135f,0f,0f,0f,1f],start_interpolation: 0,interpolation_duration: 1}
$data merge entity $(bone_finger_right3) {transformation: [0.6896f,0.6766f,0.2581f,0.7159f,-0.7216f,0.6119f,0.3238f,1.259f,0.0611f,-0.4095f,0.9103f,0.2059f,0f,0f,0f,1f],start_interpolation: 0,interpolation_duration: 1}
$data merge entity $(bone_thumb_right2) {transformation: [0.924f,0.3379f,-0.1789f,0.6237f,0.3732f,-0.6952f,0.6144f,1.0593f,0.0832f,-0.6345f,-0.7684f,0.0621f,0f,0f,0f,1f],start_interpolation: 0,interpolation_duration: 1}
$data merge entity $(bone_thumb_right) {transformation: [0.924f,-0.0525f,-0.3787f,0.6053f,0.3732f,0.3396f,0.8634f,1.1789f,0.0832f,-0.9391f,0.3334f,0.1064f,0f,0f,0f,1f],start_interpolation: 0,interpolation_duration: 1}
$data merge entity $(bone_hand_right) {transformation: [0.9314f,-0.3239f,0.1659f,0.5828f,0.2319f,0.8797f,0.4152f,1.1483f,-0.2804f,-0.3482f,0.8945f,0.2295f,0f,0f,0f,1f],start_interpolation: 0,interpolation_duration: 1}
$data merge entity $(bone_arm_right2) {transformation: [0.9721f,-0.2331f,0.027f,0.311f,0.2212f,0.9488f,0.2256f,1.0995f,-0.0782f,-0.2134f,0.9738f,0.3094f,0f,0f,0f,1f],start_interpolation: 0,interpolation_duration: 1}
$data merge entity $(bone_arm_right) {transformation: [0.5347f,-0.0242f,-0.8447f,0.2302f,0.1423f,0.9879f,0.0618f,1.0601f,0.833f,-0.1532f,0.5317f,0.0679f,0f,0f,0f,1f],start_interpolation: 0,interpolation_duration: 1}
$data merge entity $(bone_torso) {transformation: [-0.5609f,-0.1871f,-0.8065f,0.2213f,0.3861f,0.8026f,-0.4547f,0.6748f,0.7323f,-0.5664f,-0.378f,0.071f,0f,0f,0f,1f],start_interpolation: 0,interpolation_duration: 1}
$data merge entity $(bone_foot_right) {transformation: [-0.5029f,0.8322f,-0.2336f,0.0404f,0.3487f,0.4426f,0.8261f,0.424f,0.7909f,0.334f,-0.5128f,0.2086f,0f,0f,0f,1f],start_interpolation: 0,interpolation_duration: 1}
$data merge entity $(bone_leg_right3) {transformation: [-0.6058f,0.7738f,-0.1853f,0.1608f,0.4573f,0.5292f,0.7148f,0.4537f,0.6511f,0.3482f,-0.6744f,0.2998f,0f,0f,0f,1f],start_interpolation: 0,interpolation_duration: 1}
$data merge entity $(bone_leg_right2) {transformation: [-0.7621f,0.0583f,-0.6448f,0.1567f,0.2423f,0.9492f,-0.2006f,0.5936f,0.6004f,-0.3091f,-0.7376f,0.223f,0f,0f,0f,1f],start_interpolation: 0,interpolation_duration: 1}
$data merge entity $(bone_leg_right) {transformation: [-0.7621f,0.0583f,-0.6448f,0.1859f,0.2423f,0.9492f,-0.2006f,0.675f,0.6004f,-0.3091f,-0.7376f,0.1753f,0f,0f,0f,1f],start_interpolation: 0,interpolation_duration: 1}
$data merge entity $(bone_foot_left) {transformation: [0.044f,0.7523f,-0.6573f,0.2322f,-0.0869f,0.6584f,0.7477f,0.2433f,0.9952f,0.0242f,0.0943f,-0.0024f,0f,0f,0f,1f],start_interpolation: 0,interpolation_duration: 1}
$data merge entity $(bone_leg_left3) {transformation: [-0.0563f,0.3596f,-0.9314f,0.3409f,0.0285f,0.9331f,0.3585f,0.3521f,0.998f,-0.0064f,-0.0628f,0.0006f,0f,0f,0f,1f],start_interpolation: 0,interpolation_duration: 1}
$data merge entity $(bone_leg_left2) {transformation: [-0.0563f,-0.0074f,-0.9984f,0.3086f,0.0285f,0.9996f,-0.009f,0.508f,0.998f,-0.029f,-0.056f,-0.0057f,0f,0f,0f,1f],start_interpolation: 0,interpolation_duration: 1}
$data merge entity $(bone_leg_left) {transformation: [-0.0563f,-0.0074f,-0.9984f,0.3061f,0.0285f,0.9996f,-0.009f,0.6026f,0.998f,-0.029f,-0.056f,0.0228f,0f,0f,0f,1f],start_interpolation: 0,interpolation_duration: 1}