# This file was generated by Animated Java via MC-Build. It is not recommended to edit this file directly.
$data merge entity $(bone_eyelid_right) {transformation: [-0.9999f,0.0049f,0.0111f,-0.1343f,0.0103f,0.8254f,0.5644f,1.0305f,-0.0064f,0.5645f,-0.8254f,0.4083f,0f,0f,0f,1f],start_interpolation: 0,interpolation_duration: 1}
$data merge entity $(bone_eye_right) {transformation: [-0.9999f,0.0049f,0.0111f,-0.1343f,0.0103f,0.8254f,0.5644f,1.0349f,-0.0064f,0.5645f,-0.8254f,0.4018f,0f,0f,0f,1f],start_interpolation: 0,interpolation_duration: 1}
$data merge entity $(bone_eyelid_left) {transformation: [-0.9856f,-0.1689f,0.0111f,-0.1319f,-0.1332f,0.8147f,0.5644f,1.0157f,-0.1044f,0.5548f,-0.8254f,0.3963f,0f,0f,0f,1f],start_interpolation: 0,interpolation_duration: 1}
$data merge entity $(bone_eye_left) {transformation: [-0.9856f,-0.1689f,0.0111f,0.0837f,-0.1332f,0.8147f,0.5644f,1.0484f,-0.1044f,0.5548f,-0.8254f,0.414f,0f,0f,0f,1f],start_interpolation: 0,interpolation_duration: 1}
$data merge entity $(bone_mouth_closed) {transformation: [-0.9965f,-0.0823f,0.0111f,-0.0385f,-0.0617f,0.8232f,0.5644f,1.0092f,-0.0556f,0.5618f,-0.8254f,0.1198f,0f,0f,0f,1f],start_interpolation: 0,interpolation_duration: 1}
$data merge entity $(bone_mouth_open) {transformation: [-0.9965f,-0.0823f,0.0111f,-0.0359f,-0.0617f,0.8232f,0.5644f,0.987f,-0.0556f,0.5618f,-0.8254f,0.0971f,0f,0f,0f,1f],start_interpolation: 0,interpolation_duration: 1}
$data merge entity $(bone_head) {transformation: [-0.9965f,-0.0823f,0.0111f,-0.0048f,-0.0617f,0.8232f,0.5644f,0.9854f,-0.0556f,0.5618f,-0.8254f,0.104f,0f,0f,0f,1f],start_interpolation: 0,interpolation_duration: 1}
$data merge entity $(bone_neck) {transformation: [-0.9724f,-0.2063f,-0.1088f,0.0113f,-0.2319f,0.8045f,0.5468f,0.9225f,-0.0252f,0.5569f,-0.8302f,0.0604f,0f,0f,0f,1f],start_interpolation: 0,interpolation_duration: 1}
$data merge entity $(bone_finger_left2) {transformation: [0.8358f,0.5395f,0.1018f,0.4429f,0.5428f,-0.7845f,-0.3f,0.248f,-0.082f,0.306f,-0.9485f,0.2797f,0f,0f,0f,1f],start_interpolation: 0,interpolation_duration: 1}
$data merge entity $(bone_finger_left) {transformation: [0.167f,0.9807f,0.1018f,0.4637f,0.9451f,-0.1298f,-0.3f,0.3661f,-0.281f,0.1463f,-0.9485f,0.2446f,0f,0f,0f,1f],start_interpolation: 0,interpolation_duration: 1}
$data merge entity $(bone_finger_left4) {transformation: [0.9928f,0.1112f,0.0441f,0.4042f,0.1197f,-0.9284f,-0.3519f,0.2395f,0.0018f,0.3546f,-0.935f,0.1895f,0f,0f,0f,1f],start_interpolation: 0,interpolation_duration: 1}
$data merge entity $(bone_finger_left3) {transformation: [0.5529f,0.832f,0.0441f,0.4733f,0.7881f,-0.5051f,-0.3519f,0.338f,-0.2705f,0.2293f,-0.935f,0.1557f,0f,0f,0f,1f],start_interpolation: 0,interpolation_duration: 1}
$data merge entity $(bone_thumb_left2) {transformation: [-0.5803f,0.7263f,0.3685f,0.386f,0.6837f,0.1887f,0.7049f,0.4042f,0.4424f,0.661f,-0.6061f,0.3622f,0f,0f,0f,1f],start_interpolation: 0,interpolation_duration: 1}
$data merge entity $(bone_thumb_left) {transformation: [-0.5803f,0.7792f,0.2368f,0.4337f,0.6837f,0.3082f,0.6614f,0.4655f,0.4424f,0.5457f,-0.7116f,0.2594f,0f,0f,0f,1f],start_interpolation: 0,interpolation_duration: 1}
$data merge entity $(bone_hand_left) {transformation: [-0.2692f,0.9577f,0.1018f,0.3666f,0.9096f,0.2876f,-0.3f,0.4762f,-0.3165f,0.0118f,-0.9485f,0.1499f,0f,0f,0f,1f],start_interpolation: 0,interpolation_duration: 1}
$data merge entity $(bone_arm_left2) {transformation: [-0.4165f,0.89f,0.1854f,0.274f,0.8431f,0.4544f,-0.2876f,0.669f,-0.3402f,0.0365f,-0.9396f,0.0062f,0f,0f,0f,1f],start_interpolation: 0,interpolation_duration: 1}
$data merge entity $(bone_arm_left) {transformation: [-0.4094f,0.9118f,-0.0305f,0.1736f,0.8613f,0.3973f,0.3168f,0.8646f,0.3009f,0.1034f,-0.948f,0.1406f,0f,0f,0f,1f],start_interpolation: 0,interpolation_duration: 1}
$data merge entity $(bone_finger_right2) {transformation: [0.7612f,0.004f,0.6486f,-0.4935f,0.6259f,-0.2666f,-0.7329f,0.5226f,0.17f,0.9638f,-0.2054f,0.0261f,0f,0f,0f,1f],start_interpolation: 0,interpolation_duration: 1}
$data merge entity $(bone_finger_right) {transformation: [0.0372f,-0.7603f,0.6486f,-0.4982f,-0.239f,-0.6369f,-0.7329f,0.5525f,0.9703f,-0.1278f,-0.2054f,-0.0951f,0f,0f,0f,1f],start_interpolation: 0,interpolation_duration: 1}
$data merge entity $(bone_finger_right4) {transformation: [0.7383f,-0.1124f,0.665f,-0.427f,0.6387f,-0.2002f,-0.7429f,0.4802f,0.2166f,0.9733f,-0.076f,0.0101f,0f,0f,0f,1f],start_interpolation: 0,interpolation_duration: 1}
$data merge entity $(bone_finger_right3) {transformation: [0.0826f,-0.7422f,0.665f,-0.4374f,-0.0281f,-0.6688f,-0.7429f,0.4838f,0.9962f,0.0427f,-0.076f,-0.1144f,0f,0f,0f,1f],start_interpolation: 0,interpolation_duration: 1}
$data merge entity $(bone_thumb_right2) {transformation: [-0.2881f,-0.4651f,-0.837f,-0.484f,-0.8818f,0.4698f,0.0425f,0.7288f,0.3735f,0.7503f,-0.5455f,-0.0316f,0f,0f,0f,1f],start_interpolation: 0,interpolation_duration: 1}
$data merge entity $(bone_thumb_right) {transformation: [-0.2881f,-0.9456f,0.1508f,-0.4741f,-0.8818f,0.2006f,-0.4269f,0.6478f,0.3735f,-0.256f,-0.8916f,-0.1314f,0f,0f,0f,1f],start_interpolation: 0,interpolation_duration: 1}
$data merge entity $(bone_hand_right) {transformation: [-0.5805f,-0.4923f,0.6486f,-0.3463f,-0.6508f,-0.1981f,-0.7329f,0.6322f,0.4893f,-0.8476f,-0.2054f,-0.1283f,0f,0f,0f,1f],start_interpolation: 0,interpolation_duration: 1}
$data merge entity $(bone_arm_right2) {transformation: [-0.5682f,-0.8117f,-0.1353f,-0.1945f,-0.7604f,0.5807f,-0.2908f,0.8288f,0.3147f,-0.0623f,-0.9472f,-0.273f,0f,0f,0f,1f],start_interpolation: 0,interpolation_duration: 1}
$data merge entity $(bone_arm_right) {transformation: [-0.2964f,-0.8769f,0.3783f,-0.1441f,-0.6006f,0.4791f,0.6401f,0.9389f,-0.7426f,-0.0375f,-0.6687f,-0.0455f,0f,0f,0f,1f],start_interpolation: 0,interpolation_duration: 1}
$data merge entity $(bone_torso) {transformation: [-0.8685f,0.0176f,0.4953f,0.005f,0.1487f,0.9626f,0.2265f,0.5766f,-0.4728f,0.2704f,-0.8386f,-0.0367f,0f,0f,0f,1f],start_interpolation: 0,interpolation_duration: 1}
$data merge entity $(bone_foot_right) {transformation: [-0.7951f,0.0412f,0.605f,-0.0973f,0.2835f,0.9072f,0.3108f,0.2404f,-0.5361f,0.4186f,-0.733f,-0.313f,0f,0f,0f,1f],start_interpolation: 0,interpolation_duration: 1}
$data merge entity $(bone_leg_right3) {transformation: [-0.7393f,-0.079f,0.6687f,-0.1502f,0.3087f,0.8428f,0.4409f,0.3314f,-0.5984f,0.5324f,-0.5987f,-0.2007f,0f,0f,0f,1f],start_interpolation: 0,interpolation_duration: 1}
$data merge entity $(bone_leg_right2) {transformation: [-0.7941f,0.0309f,0.607f,-0.1257f,0.293f,0.8945f,0.3377f,0.4814f,-0.5325f,0.446f,-0.7194f,-0.153f,0f,0f,0f,1f],start_interpolation: 0,interpolation_duration: 1}
$data merge entity $(bone_leg_right) {transformation: [-0.7941f,0.0309f,0.607f,-0.098f,0.293f,0.8945f,0.3377f,0.5561f,-0.5325f,0.446f,-0.7194f,-0.0945f,0f,0f,0f,1f],start_interpolation: 0,interpolation_duration: 1}
$data merge entity $(bone_foot_left) {transformation: [-0.9861f,-0.013f,-0.1659f,0.1269f,-0.0742f,0.9267f,0.3685f,0.1669f,0.149f,0.3756f,-0.9147f,-0.1455f,0f,0f,0f,1f],start_interpolation: 0,interpolation_duration: 1}
$data merge entity $(bone_leg_left3) {transformation: [-0.9861f,-0.0051f,-0.1663f,0.1366f,-0.0742f,0.9081f,0.4121f,0.2688f,0.149f,0.4187f,-0.8958f,-0.0306f,0f,0f,0f,1f],start_interpolation: 0,interpolation_duration: 1}
$data merge entity $(bone_leg_left2) {transformation: [-0.9904f,-0.0169f,-0.1372f,0.1296f,-0.0607f,0.9448f,0.322f,0.4265f,0.1242f,0.3273f,-0.9367f,-0.0088f,0f,0f,0f,1f],start_interpolation: 0,interpolation_duration: 1}
$data merge entity $(bone_leg_left) {transformation: [-0.9904f,-0.0169f,-0.1372f,0.0971f,-0.0607f,0.9448f,0.322f,0.5132f,0.1242f,0.3273f,-0.9367f,0.0258f,0f,0f,0f,1f],start_interpolation: 0,interpolation_duration: 1}