# This file was generated by Animated Java via MC-Build. It is not recommended to edit this file directly.
$data merge entity $(bone_eyelid_right) {transformation: [0.406f,-0.4085f,0.8175f,-0.5367f,0.912f,0.2386f,-0.3337f,0.7014f,-0.0587f,0.881f,0.4694f,0.126f,0f,0f,0f,1f],start_interpolation: 0,interpolation_duration: 1}
$data merge entity $(bone_eye_right) {transformation: [0.406f,-0.4085f,0.8175f,-0.5303f,0.912f,0.2386f,-0.3337f,0.6988f,-0.0587f,0.881f,0.4694f,0.1297f,0f,0f,0f,1f],start_interpolation: 0,interpolation_duration: 1}
$data merge entity $(bone_eyelid_left) {transformation: [0.4707f,-0.3318f,0.8175f,-0.5287f,0.8567f,0.3933f,-0.3337f,0.6941f,-0.2108f,0.8574f,0.4694f,0.1102f,0f,0f,0f,1f],start_interpolation: 0,interpolation_duration: 1}
$data merge entity $(bone_eye_left) {transformation: [0.4707f,-0.3318f,0.8175f,-0.6266f,0.8567f,0.3933f,-0.3337f,0.5046f,-0.2108f,0.8574f,0.4694f,0.1593f,0f,0f,0f,1f],start_interpolation: 0,interpolation_duration: 1}
$data merge entity $(bone_mouth_closed) {transformation: [0.44f,-0.3716f,0.8175f,-0.3157f,0.8877f,0.3171f,-0.3337f,0.4968f,-0.1353f,0.8726f,0.4694f,0.0796f,0f,0f,0f,1f],start_interpolation: 0,interpolation_duration: 1}
$data merge entity $(bone_mouth_open) {transformation: [0.44f,-0.3716f,0.8175f,-0.299f,0.8877f,0.3171f,-0.3337f,0.4848f,-0.1353f,0.8726f,0.4694f,0.0553f,0f,0f,0f,1f],start_interpolation: 0,interpolation_duration: 1}
$data merge entity $(bone_head) {transformation: [0.44f,-0.3716f,0.8175f,-0.3178f,0.8877f,0.3171f,-0.3337f,0.4591f,-0.1353f,0.8726f,0.4694f,0.0566f,0f,0f,0f,1f],start_interpolation: 0,interpolation_duration: 1}
$data merge entity $(bone_neck) {transformation: [0.5911f,-0.7304f,0.3421f,-0.2608f,0.8033f,0.5711f,-0.1688f,0.4145f,-0.0721f,0.3746f,0.9244f,0.0273f,0f,0f,0f,1f],start_interpolation: 0,interpolation_duration: 1}
$data merge entity $(bone_finger_left2) {transformation: [0.1102f,0.194f,-0.9748f,0.0793f,-0.971f,-0.1886f,-0.1473f,0.1522f,-0.2124f,0.9627f,0.1676f,0.6065f,0f,0f,0f,1f],start_interpolation: 0,interpolation_duration: 1}
$data merge entity $(bone_finger_left) {transformation: [-0.0686f,0.2123f,-0.9748f,0.0708f,-0.5169f,-0.8433f,-0.1473f,0.0876f,-0.8533f,0.4938f,0.1676f,0.4999f,0f,0f,0f,1f],start_interpolation: 0,interpolation_duration: 1}
$data merge entity $(bone_finger_left4) {transformation: [0.1225f,0.171f,-0.9776f,-0.0141f,-0.9614f,0.265f,-0.0742f,0.1764f,0.2464f,0.949f,0.1968f,0.5867f,0f,0f,0f,1f],start_interpolation: 0,interpolation_duration: 1}
$data merge entity $(bone_finger_left3) {transformation: [-0.0522f,0.2038f,-0.9776f,-0.0206f,-0.821f,-0.5661f,-0.0742f,0.0737f,-0.5686f,0.7987f,0.1968f,0.5156f,0f,0f,0f,1f],start_interpolation: 0,interpolation_duration: 1}
$data merge entity $(bone_thumb_left2) {transformation: [0.5115f,0.753f,-0.414f,0.1854f,0.3812f,-0.6306f,-0.6761f,0.166f,-0.7701f,0.188f,-0.6095f,0.455f,0f,0f,0f,1f],start_interpolation: 0,interpolation_duration: 1}
$data merge entity $(bone_thumb_left) {transformation: [0.5115f,0.6697f,-0.5384f,0.1021f,0.3812f,-0.7384f,-0.5563f,0.0845f,-0.7701f,0.0793f,-0.6329f,0.3999f,0f,0f,0f,1f],start_interpolation: 0,interpolation_duration: 1}
$data merge entity $(bone_hand_left) {transformation: [-0.153f,0.1625f,-0.9748f,-0.009f,-0.1059f,-0.9834f,-0.1473f,0.1256f,-0.9825f,0.0807f,0.1676f,0.3492f,0f,0f,0f,1f],start_interpolation: 0,interpolation_duration: 1}
$data merge entity $(bone_arm_left2) {transformation: [-0.5634f,0.0135f,-0.8261f,-0.2015f,0.2343f,-0.9562f,-0.1755f,0.1732f,-0.7923f,-0.2924f,0.5355f,0.1846f,0f,0f,0f,1f],start_interpolation: 0,interpolation_duration: 1}
$data merge entity $(bone_arm_left) {transformation: [-0.3097f,0.0626f,-0.9488f,-0.2196f,0.2546f,-0.9559f,-0.1462f,0.246f,-0.9161f,-0.2869f,0.2801f,-0.062f,0f,0f,0f,1f],start_interpolation: 0,interpolation_duration: 1}
$data merge entity $(bone_finger_right2) {transformation: [0.3359f,0.4016f,0.852f,-0.0324f,-0.2901f,0.9047f,-0.3121f,1.1547f,-0.8961f,-0.1423f,0.4204f,0.3608f,0f,0f,0f,1f],start_interpolation: 0,interpolation_duration: 1}
$data merge entity $(bone_finger_right) {transformation: [0.4159f,-0.318f,0.852f,-0.0844f,0.8912f,0.3293f,-0.3121f,1.0433f,-0.1813f,0.8891f,0.4204f,0.3834f,0f,0f,0f,1f],start_interpolation: 0,interpolation_duration: 1}
$data merge entity $(bone_finger_right4) {transformation: [0.3233f,0.2753f,0.9054f,0.0392f,-0.2416f,0.949f,-0.2023f,1.1208f,-0.9149f,-0.1534f,0.3733f,0.3747f,0f,0f,0f,1f],start_interpolation: 0,interpolation_duration: 1}
$data merge entity $(bone_finger_right3) {transformation: [0.3496f,-0.241f,0.9054f,-0.0045f,0.8542f,0.479f,-0.2023f,1.0141f,-0.3849f,0.8441f,0.3733f,0.4228f,0f,0f,0f,1f],start_interpolation: 0,interpolation_duration: 1}
$data merge entity $(bone_thumb_right2) {transformation: [0.3268f,-0.4196f,-0.8468f,-0.1477f,0.6231f,0.7694f,-0.1407f,1.0595f,0.7106f,-0.4817f,0.5129f,0.2072f,0f,0f,0f,1f],start_interpolation: 0,interpolation_duration: 1}
$data merge entity $(bone_thumb_right) {transformation: [0.3268f,-0.9393f,0.1047f,-0.1244f,0.6231f,0.1309f,-0.7711f,0.9826f,0.7106f,0.3173f,0.6281f,0.3079f,0f,0f,0f,1f],start_interpolation: 0,interpolation_duration: 1}
$data merge entity $(bone_hand_right) {transformation: [0.0009f,-0.5235f,0.852f,-0.0119f,0.8037f,-0.5066f,-0.3121f,0.9348f,0.595f,0.6851f,0.4204f,0.2673f,0f,0f,0f,1f],start_interpolation: 0,interpolation_duration: 1}
$data merge entity $(bone_arm_right2) {transformation: [0.2056f,-0.3753f,0.9038f,-0.016f,0.7765f,-0.4995f,-0.384f,0.6936f,0.5956f,0.7808f,0.1887f,0.111f,0f,0f,0f,1f],start_interpolation: 0,interpolation_duration: 1}
$data merge entity $(bone_arm_right) {transformation: [0.8017f,-0.239f,0.5478f,-0.2507f,0.4543f,-0.3519f,-0.8184f,0.6311f,0.3884f,0.905f,-0.1736f,0.0248f,0f,0f,0f,1f],start_interpolation: 0,interpolation_duration: 1}
$data merge entity $(bone_torso) {transformation: [-0.0225f,-0.9904f,0.1365f,0.0952f,0.7679f,-0.1045f,-0.632f,0.4521f,0.6402f,0.0906f,0.7629f,-0.0052f,0f,0f,0f,1f],start_interpolation: 0,interpolation_duration: 1}
$data merge entity $(bone_foot_right) {transformation: [-0.2919f,-0.9035f,0.3139f,0.4584f,0.6275f,-0.4286f,-0.65f,0.7356f,0.7218f,0.0072f,0.6921f,-0.0521f,0f,0f,0f,1f],start_interpolation: 0,interpolation_duration: 1}
$data merge entity $(bone_leg_right3) {transformation: [-0.217f,-0.936f,0.2773f,0.3095f,0.6109f,-0.3517f,-0.7093f,0.7305f,0.7614f,0.0155f,0.6481f,-0.0904f,0f,0f,0f,1f],start_interpolation: 0,interpolation_duration: 1}
$data merge entity $(bone_leg_right2) {transformation: [0.0035f,-0.7411f,0.6714f,0.2146f,0.6541f,-0.5062f,-0.5621f,0.6267f,0.7564f,0.4411f,0.483f,-0.0146f,0f,0f,0f,1f],start_interpolation: 0,interpolation_duration: 1}
$data merge entity $(bone_leg_right) {transformation: [0.0035f,-0.7411f,0.6714f,0.145f,0.6541f,-0.5062f,-0.5621f,0.5588f,0.7564f,0.4411f,0.483f,0.0031f,0f,0f,0f,1f],start_interpolation: 0,interpolation_duration: 1}
$data merge entity $(bone_foot_left) {transformation: [0.976f,-0.0439f,-0.2132f,0.2554f,0.2176f,0.2298f,0.9486f,0.0942f,0.0073f,-0.9722f,0.2339f,0.0853f,0f,0f,0f,1f],start_interpolation: 0,interpolation_duration: 1}
$data merge entity $(bone_leg_left3) {transformation: [0.8667f,-0.2684f,-0.4204f,0.2439f,0.4927f,0.5914f,0.6383f,0.1374f,0.0773f,-0.7604f,0.6448f,-0.062f,0f,0f,0f,1f],start_interpolation: 0,interpolation_duration: 1}
$data merge entity $(bone_leg_left2) {transformation: [0.8667f,-0.4727f,-0.1591f,0.1651f,0.4927f,0.861f,0.1262f,0.2759f,0.0773f,-0.1878f,0.9792f,-0.0607f,0f,0f,0f,1f],start_interpolation: 0,interpolation_duration: 1}
$data merge entity $(bone_leg_left) {transformation: [0.8667f,-0.4727f,-0.1591f,0.1478f,0.4927f,0.861f,0.1262f,0.372f,0.0773f,-0.1878f,0.9792f,-0.0759f,0f,0f,0f,1f],start_interpolation: 0,interpolation_duration: 1}