# This file was generated by Animated Java via MC-Build. It is not recommended to edit this file directly.
$data merge entity $(bone_eyelid_right) {transformation: [-0.408f,-0.8853f,0.2231f,-0.7056f,-0.0554f,0.2679f,0.9618f,0.1238f,-0.9113f,0.38f,-0.1584f,0.1447f,0f,0f,0f,1f],start_interpolation: 0,interpolation_duration: 1}
$data merge entity $(bone_eye_right) {transformation: [-0.408f,-0.8853f,0.2231f,-0.7039f,-0.0554f,0.2679f,0.9618f,0.1313f,-0.9113f,0.38f,-0.1584f,0.1435f,0f,0f,0f,1f],start_interpolation: 0,interpolation_duration: 1}
$data merge entity $(bone_eyelid_left) {transformation: [-0.248f,-0.9427f,0.2231f,-0.6875f,-0.1011f,0.2542f,0.9618f,0.1204f,-0.9635f,0.216f,-0.1584f,0.1396f,0f,0f,0f,1f],start_interpolation: 0,interpolation_duration: 1}
$data merge entity $(bone_eye_left) {transformation: [-0.248f,-0.9427f,0.2231f,-0.6319f,-0.1011f,0.2542f,0.9618f,0.1485f,-0.9635f,0.216f,-0.1584f,0.3493f,0f,0f,0f,1f],start_interpolation: 0,interpolation_duration: 1}
$data merge entity $(bone_mouth_closed) {transformation: [-0.3292f,-0.9175f,0.2231f,-0.4572f,-0.0786f,0.2621f,0.9618f,0.2993f,-0.941f,0.2991f,-0.1584f,0.1262f,0f,0f,0f,1f],start_interpolation: 0,interpolation_duration: 1}
$data merge entity $(bone_mouth_open) {transformation: [-0.3292f,-0.9175f,0.2231f,-0.4271f,-0.0786f,0.2621f,0.9618f,0.2972f,-0.941f,0.2991f,-0.1584f,0.1158f,0f,0f,0f,1f],start_interpolation: 0,interpolation_duration: 1}
$data merge entity $(bone_head) {transformation: [-0.3292f,-0.9175f,0.2231f,-0.4182f,-0.0786f,0.2621f,0.9618f,0.2936f,-0.941f,0.2991f,-0.1584f,0.1462f,0f,0f,0f,1f],start_interpolation: 0,interpolation_duration: 1}
$data merge entity $(bone_neck) {transformation: [-0.1241f,-0.9682f,0.2171f,-0.3426f,-0.5299f,0.2496f,0.8105f,0.2741f,-0.8389f,-0.0145f,-0.5441f,0.1474f,0f,0f,0f,1f],start_interpolation: 0,interpolation_duration: 1}
$data merge entity $(bone_finger_left2) {transformation: [-0.0508f,0.4084f,-0.9114f,0.2441f,-0.9923f,-0.1238f,-0.0001f,0.1448f,-0.1129f,0.9044f,0.4115f,0.8229f,0f,0f,0f,1f],start_interpolation: 0,interpolation_duration: 1}
$data merge entity $(bone_finger_left) {transformation: [-0.3354f,0.2384f,-0.9114f,0.2022f,-0.5791f,-0.8152f,-0.0001f,0.0724f,-0.743f,0.5277f,0.4115f,0.73f,0f,0f,0f,1f],start_interpolation: 0,interpolation_duration: 1}
$data merge entity $(bone_finger_left4) {transformation: [0.0773f,0.4311f,-0.899f,0.1518f,-0.9425f,0.3256f,0.0751f,0.1793f,0.3251f,0.8415f,0.4315f,0.823f,0f,0f,0f,1f],start_interpolation: 0,interpolation_duration: 1}
$data merge entity $(bone_finger_left3) {transformation: [-0.2805f,0.3363f,-0.899f,0.1167f,-0.8553f,-0.5127f,0.0751f,0.0724f,-0.4357f,0.7899f,0.4315f,0.7686f,0f,0f,0f,1f],start_interpolation: 0,interpolation_duration: 1}
$data merge entity $(bone_thumb_left2) {transformation: [0.3392f,0.7045f,-0.6234f,0.3096f,0.2375f,-0.7054f,-0.6679f,0.1304f,-0.9102f,0.0785f,-0.4066f,0.6499f,0f,0f,0f,1f],start_interpolation: 0,interpolation_duration: 1}
$data merge entity $(bone_thumb_left) {transformation: [0.3392f,0.5855f,-0.7363f,0.2069f,0.2375f,-0.8106f,-0.5352f,0.0561f,-0.9102f,0.0067f,-0.4141f,0.6266f,0f,0f,0f,1f],start_interpolation: 0,interpolation_duration: 1}
$data merge entity $(bone_hand_left) {transformation: [-0.4052f,0.0718f,-0.9114f,0.0917f,-0.1741f,-0.9847f,-0.0001f,0.1067f,-0.8975f,0.1586f,0.4115f,0.5991f,0f,0f,0f,1f],start_interpolation: 0,interpolation_duration: 1}
$data merge entity $(bone_arm_left2) {transformation: [-0.7847f,-0.1725f,-0.5954f,-0.1417f,0.3588f,-0.9096f,-0.2094f,0.1834f,-0.5055f,-0.3779f,0.7757f,0.5212f,0f,0f,0f,1f],start_interpolation: 0,interpolation_duration: 1}
$data merge entity $(bone_arm_left) {transformation: [-0.5904f,-0.1248f,-0.7974f,-0.2395f,0.3846f,-0.9121f,-0.142f,0.2884f,-0.7096f,-0.3905f,0.5865f,0.3072f,0f,0f,0f,1f],start_interpolation: 0,interpolation_duration: 1}
$data merge entity $(bone_finger_right2) {transformation: [-0.861f,-0.4042f,0.3086f,-0.9541f,-0.4917f,0.8166f,-0.3022f,0.1276f,-0.1299f,-0.412f,-0.9019f,-0.3406f,0f,0f,0f,1f],start_interpolation: 0,interpolation_duration: 1}
$data merge entity $(bone_finger_right) {transformation: [-0.9194f,0.2438f,0.3086f,-0.8392f,0.1482f,0.9416f,-0.3022f,0.1091f,-0.3643f,-0.2321f,-0.9019f,-0.2951f,0f,0f,0f,1f],start_interpolation: 0,interpolation_duration: 1}
$data merge entity $(bone_finger_right4) {transformation: [-0.8806f,-0.2388f,0.4093f,-0.9192f,-0.4136f,0.809f,-0.4177f,0.0915f,-0.2314f,-0.5371f,-0.8111f,-0.4401f,0f,0f,0f,1f],start_interpolation: 0,interpolation_duration: 1}
$data merge entity $(bone_finger_right3) {transformation: [-0.871f,0.2717f,0.4093f,-0.8103f,0.0858f,0.9045f,-0.4177f,0.0808f,-0.4837f,-0.3287f,-0.8111f,-0.3796f,0f,0f,0f,1f],start_interpolation: 0,interpolation_duration: 1}
$data merge entity $(bone_thumb_right2) {transformation: [-0.264f,-0.2914f,0.9194f,-0.8831f,0.0068f,0.9527f,0.3039f,0.1082f,-0.9645f,0.0865f,-0.2495f,-0.153f,0f,0f,0f,1f],start_interpolation: 0,interpolation_duration: 1}
$data merge entity $(bone_thumb_right) {transformation: [-0.264f,0.0826f,0.961f,-0.7712f,0.0068f,0.9965f,-0.0838f,0.098f,-0.9645f,-0.0156f,-0.2636f,-0.2161f,0f,0f,0f,1f],start_interpolation: 0,interpolation_duration: 1}
$data merge entity $(bone_hand_right) {transformation: [-0.8797f,0.3617f,0.3086f,-0.7099f,0.2699f,0.9142f,-0.3022f,-0.0044f,-0.3915f,-0.1826f,-0.9019f,-0.2648f,0f,0f,0f,1f],start_interpolation: 0,interpolation_duration: 1}
$data merge entity $(bone_arm_right2) {transformation: [-0.8854f,-0.0586f,0.4611f,-0.4348f,-0.3077f,0.8175f,-0.4868f,0.0311f,-0.3485f,-0.5729f,-0.7419f,-0.2081f,0f,0f,0f,1f],start_interpolation: 0,interpolation_duration: 1}
$data merge entity $(bone_arm_right) {transformation: [-0.3515f,-0.1145f,0.9292f,-0.405f,-0.6903f,0.7021f,-0.1747f,0.2146f,-0.6324f,-0.7028f,-0.3258f,-0.0296f,0f,0f,0f,1f],start_interpolation: 0,interpolation_duration: 1}
$data merge entity $(bone_torso) {transformation: [-0.3924f,-0.9181f,0.0553f,-0.0126f,-0.0032f,0.0615f,0.9981f,0.252f,-0.9198f,0.3915f,-0.027f,0.0067f,0f,0f,0f,1f],start_interpolation: 0,interpolation_duration: 1}
$data merge entity $(bone_foot_right) {transformation: [0.2659f,-0.931f,0.2501f,0.2645f,0.9449f,0.3031f,0.1234f,0.0625f,-0.1907f,0.2035f,0.9603f,-0.2686f,0f,0f,0f,1f],start_interpolation: 0,interpolation_duration: 1}
$data merge entity $(bone_leg_right3) {transformation: [0.3207f,-0.9264f,0.1974f,0.1219f,0.9245f,0.3514f,0.1475f,0.1027f,-0.206f,0.1352f,0.9692f,-0.3102f,0f,0f,0f,1f],start_interpolation: 0,interpolation_duration: 1}
$data merge entity $(bone_leg_right2) {transformation: [0.4824f,-0.4557f,0.7481f,0.067f,0.7646f,0.6357f,-0.1058f,0.1875f,-0.4274f,0.623f,0.6551f,-0.1861f,0f,0f,0f,1f],start_interpolation: 0,interpolation_duration: 1}
$data merge entity $(bone_leg_right) {transformation: [0.4824f,-0.4557f,0.7481f,0.0092f,0.7646f,0.6357f,-0.1058f,0.2232f,-0.4274f,0.623f,0.6551f,-0.1143f,0f,0f,0f,1f],start_interpolation: 0,interpolation_duration: 1}
$data merge entity $(bone_foot_left) {transformation: [0.6905f,-0.6271f,-0.3604f,0.3155f,-0.3501f,-0.7258f,0.5921f,0.1039f,-0.633f,-0.2827f,-0.7207f,0.3351f,0f,0f,0f,1f],start_interpolation: 0,interpolation_duration: 1}
$data merge entity $(bone_leg_left3) {transformation: [0.6611f,-0.72f,0.211f,0.2011f,-0.0431f,0.2443f,0.9687f,0.0777f,-0.749f,-0.6496f,0.1304f,0.2356f,0f,0f,0f,1f],start_interpolation: 0,interpolation_duration: 1}
$data merge entity $(bone_leg_left2) {transformation: [0.6611f,-0.6232f,0.4177f,0.1168f,-0.0431f,0.5243f,0.8505f,0.1862f,-0.749f,-0.5803f,0.3197f,0.1549f,0f,0f,0f,1f],start_interpolation: 0,interpolation_duration: 1}
$data merge entity $(bone_leg_left) {transformation: [0.6611f,-0.6232f,0.4177f,0.079f,-0.0431f,0.5243f,0.8505f,0.234f,-0.749f,-0.5803f,0.3197f,0.0771f,0f,0f,0f,1f],start_interpolation: 0,interpolation_duration: 1}