# This file was generated by Animated Java via MC-Build. It is not recommended to edit this file directly.
$data merge entity $(bone_eyelid_right) {transformation: [-0.4957f,-0.8685f,-0.0048f,-0.66f,0.0238f,-0.0191f,0.9995f,0.007f,-0.8682f,0.4954f,0.0301f,0.1483f,0f,0f,0f,1f],start_interpolation: 0,interpolation_duration: 1}
$data merge entity $(bone_eye_right) {transformation: [-0.4957f,-0.8685f,-0.0048f,-0.6601f,0.0238f,-0.0191f,0.9995f,0.0148f,-0.8682f,0.4954f,0.0301f,0.1485f,0f,0f,0f,1f],start_interpolation: 0,interpolation_duration: 1}
$data merge entity $(bone_eyelid_left) {transformation: [-0.3374f,-0.9414f,-0.0048f,-0.6424f,0.0267f,-0.0147f,0.9995f,0.0089f,-0.941f,0.3371f,0.0301f,0.1411f,0f,0f,0f,1f],start_interpolation: 0,interpolation_duration: 1}
$data merge entity $(bone_eye_left) {transformation: [-0.3374f,-0.9414f,-0.0048f,-0.5686f,0.0267f,-0.0147f,0.9995f,0.0093f,-0.941f,0.3371f,0.0301f,0.3471f,0f,0f,0f,1f],start_interpolation: 0,interpolation_duration: 1}
$data merge entity $(bone_mouth_closed) {transformation: [-0.4181f,-0.9084f,-0.0048f,-0.4581f,0.0253f,-0.017f,0.9995f,0.2353f,-0.908f,0.4178f,0.0301f,0.1477f,0f,0f,0f,1f],start_interpolation: 0,interpolation_duration: 1}
$data merge entity $(bone_mouth_open) {transformation: [-0.4181f,-0.9084f,-0.0048f,-0.4298f,0.0253f,-0.017f,0.9995f,0.2421f,-0.908f,0.4178f,0.0301f,0.1348f,0f,0f,0f,1f],start_interpolation: 0,interpolation_duration: 1}
$data merge entity $(bone_head) {transformation: [-0.4181f,-0.9084f,-0.0048f,-0.4167f,0.0253f,-0.017f,0.9995f,0.235f,-0.908f,0.4178f,0.0301f,0.163f,0f,0f,0f,1f],start_interpolation: 0,interpolation_duration: 1}
$data merge entity $(bone_foot_left) {transformation: [0.6983f,-0.5692f,-0.4339f,0.3251f,-0.2755f,-0.7733f,0.571f,0.0644f,-0.6606f,-0.2792f,-0.6969f,0.3011f,0f,0f,0f,1f],start_interpolation: 0,interpolation_duration: 1}