# This file was generated by Animated Java via MC-Build. It is not recommended to edit this file directly.
$data merge entity $(bone_eyelid_right) {transformation: [-0.8767f,-0.1841f,0.4444f,-0.2866f,0.0772f,0.8581f,0.5077f,1.008f,-0.4748f,0.4794f,-0.7381f,0.2971f,0f,0f,0f,1f],start_interpolation: 0,interpolation_duration: 1}
$data merge entity $(bone_eye_right) {transformation: [-0.8767f,-0.1841f,0.4444f,-0.2832f,0.0772f,0.8581f,0.5077f,1.0119f,-0.4748f,0.4794f,-0.7381f,0.2913f,0f,0f,0f,1f],start_interpolation: 0,interpolation_duration: 1}
$data merge entity $(bone_eyelid_left) {transformation: [-0.8314f,-0.3335f,0.4444f,-0.2803f,-0.073f,0.8584f,0.5077f,0.9923f,-0.5508f,0.3897f,-0.7381f,0.288f,0f,0f,0f,1f],start_interpolation: 0,interpolation_duration: 1}
$data merge entity $(bone_eye_left) {transformation: [-0.8314f,-0.3335f,0.4444f,-0.0956f,-0.073f,0.8584f,0.5077f,1.0115f,-0.5508f,0.3897f,-0.7381f,0.4039f,0f,0f,0f,1f],start_interpolation: 0,interpolation_duration: 1}
$data merge entity $(bone_mouth_closed) {transformation: [-0.8573f,-0.2598f,0.4444f,-0.07f,0.0021f,0.8615f,0.5077f,0.9616f,-0.5148f,0.4362f,-0.7381f,0.0878f,0f,0f,0f,1f],start_interpolation: 0,interpolation_duration: 1}
$data merge entity $(bone_mouth_open) {transformation: [-0.8573f,-0.2598f,0.4444f,-0.0591f,0.0021f,0.8615f,0.5077f,0.9379f,-0.5148f,0.4362f,-0.7381f,0.0696f,0f,0f,0f,1f],start_interpolation: 0,interpolation_duration: 1}
$data merge entity $(bone_head) {transformation: [-0.8573f,-0.2598f,0.4444f,-0.0351f,0.0021f,0.8615f,0.5077f,0.9346f,-0.5148f,0.4362f,-0.7381f,0.0903f,0f,0f,0f,1f],start_interpolation: 0,interpolation_duration: 1}
$data merge entity $(bone_neck) {transformation: [-0.904f,-0.4033f,0.1419f,-0.0036f,-0.221f,0.7249f,0.6525f,0.878f,-0.366f,0.5585f,-0.7444f,0.0467f,0f,0f,0f,1f],start_interpolation: 0,interpolation_duration: 1}
$data merge entity $(bone_finger_left2) {transformation: [0.589f,-0.5185f,0.6198f,-0.2541f,0.5988f,-0.2351f,-0.7656f,0.5106f,0.5427f,0.8221f,0.172f,0.6721f,0f,0f,0f,1f],start_interpolation: 0,interpolation_duration: 1}
$data merge entity $(bone_finger_left) {transformation: [0.7802f,0.084f,0.6198f,-0.1566f,0.5778f,0.2826f,-0.7656f,0.5828f,-0.2395f,0.9555f,0.172f,0.6422f,0f,0f,0f,1f],start_interpolation: 0,interpolation_duration: 1}
$data merge entity $(bone_finger_left4) {transformation: [0.337f,-0.753f,0.5651f,-0.1977f,0.3831f,-0.4386f,-0.8129f,0.4382f,0.86f,0.4905f,0.1407f,0.6361f,0f,0f,0f,1f],start_interpolation: 0,interpolation_duration: 1}
$data merge entity $(bone_finger_left3) {transformation: [0.7935f,-0.2259f,0.5651f,-0.0985f,0.5823f,0.0116f,-0.8129f,0.511f,0.1771f,0.9741f,0.1407f,0.6583f,0f,0f,0f,1f],start_interpolation: 0,interpolation_duration: 1}
$data merge entity $(bone_thumb_left2) {transformation: [-0.1421f,-0.2232f,0.9644f,-0.2509f,0.6015f,0.7543f,0.2632f,0.6591f,-0.7861f,0.6174f,0.0271f,0.5609f,0f,0f,0f,1f],start_interpolation: 0,interpolation_duration: 1}
$data merge entity $(bone_thumb_left) {transformation: [-0.1421f,-0.0523f,0.9885f,-0.1229f,0.6015f,0.7885f,0.1282f,0.6563f,-0.7861f,0.6128f,-0.0805f,0.5754f,0f,0f,0f,1f],start_interpolation: 0,interpolation_duration: 1}
$data merge entity $(bone_hand_left) {transformation: [0.669f,0.4101f,0.6198f,-0.0487f,0.4011f,0.5029f,-0.7656f,0.5782f,-0.6257f,0.7609f,0.172f,0.5049f,0f,0f,0f,1f],start_interpolation: 0,interpolation_duration: 1}
$data merge entity $(bone_arm_left2) {transformation: [0.6498f,0.4653f,0.6011f,0.1514f,0.2643f,0.6031f,-0.7526f,0.5972f,-0.7127f,0.6479f,0.269f,0.3435f,0f,0f,0f,1f],start_interpolation: 0,interpolation_duration: 1}
$data merge entity $(bone_arm_left) {transformation: [-0.0277f,0.3606f,0.9323f,0.0862f,0.7746f,0.5972f,-0.208f,0.8039f,-0.6318f,0.7164f,-0.2959f,0.2041f,0f,0f,0f,1f],start_interpolation: 0,interpolation_duration: 1}
$data merge entity $(bone_finger_right2) {transformation: [0.7578f,-0.3481f,0.5519f,-0.4185f,0.1299f,-0.7484f,-0.6504f,0.5628f,0.6394f,0.5645f,-0.522f,-0.3308f,0f,0f,0f,1f],start_interpolation: 0,interpolation_duration: 1}
$data merge entity $(bone_finger_right) {transformation: [-0.3147f,-0.7723f,0.5519f,-0.3791f,-0.742f,-0.1624f,-0.6504f,0.6556f,0.5919f,-0.6142f,-0.522f,-0.4048f,0f,0f,0f,1f],start_interpolation: 0,interpolation_duration: 1}
$data merge entity $(bone_finger_right4) {transformation: [0.7237f,-0.4489f,0.5242f,-0.3582f,0.1206f,-0.6656f,-0.7365f,0.5182f,0.6795f,0.5962f,-0.4275f,-0.3598f,0f,0f,0f,1f],start_interpolation: 0,interpolation_duration: 1}
$data merge entity $(bone_finger_right3) {transformation: [-0.2463f,-0.8152f,0.5242f,-0.3274f,-0.6117f,-0.2888f,-0.7365f,0.5946f,0.7518f,-0.5021f,-0.4275f,-0.4538f,0f,0f,0f,1f],start_interpolation: 0,interpolation_duration: 1}
$data merge entity $(bone_thumb_right2) {transformation: [-0.5319f,-0.5979f,-0.5998f,-0.3575f,-0.7853f,0.083f,0.6136f,0.7486f,-0.317f,0.7973f,-0.5136f,-0.2429f,0f,0f,0f,1f],start_interpolation: 0,interpolation_duration: 1}
$data merge entity $(bone_thumb_right) {transformation: [-0.5319f,-0.7681f,0.3567f,-0.3296f,-0.7853f,0.605f,0.1318f,0.7405f,-0.317f,-0.21f,-0.9249f,-0.3685f,0f,0f,0f,1f],start_interpolation: 0,interpolation_duration: 1}
$data merge entity $(bone_hand_right) {transformation: [-0.8043f,-0.2205f,0.5519f,-0.2138f,-0.5806f,0.4899f,-0.6504f,0.6852f,-0.1269f,-0.8435f,-0.522f,-0.3567f,0f,0f,0f,1f],start_interpolation: 0,interpolation_duration: 1}
$data merge entity $(bone_arm_right2) {transformation: [-0.6942f,-0.5526f,0.4612f,0.0088f,-0.6626f,0.7409f,-0.1095f,0.8651f,-0.2812f,-0.3816f,-0.8805f,-0.3299f,0f,0f,0f,1f],start_interpolation: 0,interpolation_duration: 1}
$data merge entity $(bone_arm_right) {transformation: [0.3093f,-0.6282f,0.714f,-0.1131f,-0.3134f,0.6415f,0.7002f,0.8997f,-0.8979f,-0.4403f,0.0016f,-0.1056f,0f,0f,0f,1f],start_interpolation: 0,interpolation_duration: 1}
$data merge entity $(bone_torso) {transformation: [-0.6536f,-0.0788f,0.7527f,0.0247f,0.174f,0.9523f,0.2507f,0.5358f,-0.7366f,0.2949f,-0.6087f,-0.0593f,0f,0f,0f,1f],start_interpolation: 0,interpolation_duration: 1}
$data merge entity $(bone_foot_right) {transformation: [-0.5902f,-0.0061f,0.8072f,-0.064f,0.1168f,0.9888f,0.0929f,0.1628f,-0.7988f,0.1491f,-0.5829f,-0.2121f,0f,0f,0f,1f],start_interpolation: 0,interpolation_duration: 1}
$data merge entity $(bone_leg_right3) {transformation: [-0.4013f,-0.1706f,0.8999f,-0.1442f,0.1329f,0.9613f,0.2415f,0.2829f,-0.9063f,0.2165f,-0.3631f,-0.159f,0f,0f,0f,1f],start_interpolation: 0,interpolation_duration: 1}
$data merge entity $(bone_leg_right2) {transformation: [-0.6307f,0.1867f,0.7532f,-0.09f,0.1673f,0.9805f,-0.103f,0.4325f,-0.7578f,0.0611f,-0.6497f,-0.168f,0f,0f,0f,1f],start_interpolation: 0,interpolation_duration: 1}
$data merge entity $(bone_leg_right) {transformation: [-0.6307f,0.1867f,0.7532f,-0.0528f,0.1673f,0.9805f,-0.103f,0.5192f,-0.7578f,0.0611f,-0.6497f,-0.1386f,0f,0f,0f,1f],start_interpolation: 0,interpolation_duration: 1}
$data merge entity $(bone_foot_left) {transformation: [-0.9842f,-0.1525f,0.0895f,0.1805f,-0.1056f,0.913f,0.3941f,0.1443f,-0.1418f,0.3784f,-0.9147f,-0.1107f,0f,0f,0f,1f],start_interpolation: 0,interpolation_duration: 1}
$data merge entity $(bone_leg_left3) {transformation: [-0.9842f,-0.162f,0.0707f,0.1533f,-0.1056f,0.8597f,0.4997f,0.234f,-0.1418f,0.4844f,-0.8633f,0.0114f,0f,0f,0f,1f],start_interpolation: 0,interpolation_duration: 1}
$data merge entity $(bone_leg_left2) {transformation: [-0.9758f,-0.1282f,0.1774f,0.1388f,-0.0749f,0.9571f,0.2799f,0.3923f,-0.2057f,0.2598f,-0.9435f,0.0225f,0f,0f,0f,1f],start_interpolation: 0,interpolation_duration: 1}
$data merge entity $(bone_leg_left) {transformation: [-0.9758f,-0.1282f,0.1774f,0.0963f,-0.0749f,0.9571f,0.2799f,0.4797f,-0.2057f,0.2598f,-0.9435f,0.0404f,0f,0f,0f,1f],start_interpolation: 0,interpolation_duration: 1}