# This file was generated by Animated Java via MC-Build. It is not recommended to edit this file directly.
$data merge entity $(bone_eyelid_right1) {transformation: [-0.9993f,0.0194f,0.0316f,-0.1616f,0.0166f,0.9961f,-0.0864f,0.2757f,-0.0332f,-0.0858f,-0.9958f,0.2173f,0f,0f,0f,1f],start_interpolation: 0,interpolation_duration: 1}
$data merge entity $(bone_eye_right1) {transformation: [-0.9993f,0.0194f,0.0316f,-0.1628f,0.0166f,0.9961f,-0.0864f,0.2789f,-0.0332f,-0.0858f,-0.9958f,0.2546f,0f,0f,0f,1f],start_interpolation: 0,interpolation_duration: 1}
$data merge entity $(bone_eyelid_left1) {transformation: [-0.9993f,0.0194f,0.0316f,0.1559f,0.0166f,0.9961f,-0.0864f,0.2704f,-0.0332f,-0.0858f,-0.9958f,0.2278f,0f,0f,0f,1f],start_interpolation: 0,interpolation_duration: 1}
$data merge entity $(bone_eye_left1) {transformation: [-0.9993f,0.0194f,0.0316f,0.1547f,0.0166f,0.9961f,-0.0864f,0.2737f,-0.0332f,-0.0858f,-0.9958f,0.2652f,0f,0f,0f,1f],start_interpolation: 0,interpolation_duration: 1}
$data merge entity $(bone_jaw1) {transformation: [-0.9993f,0.0144f,0.0342f,0.0014f,0.0166f,0.9978f,0.0648f,0.1272f,-0.0332f,0.0653f,-0.9973f,0.0204f,0f,0f,0f,1f],start_interpolation: 0,interpolation_duration: 1}
$data merge entity $(bone_finger_right_thumb3) {transformation: [-0.7905f,0.4774f,0.3837f,-0.4555f,0.2594f,-0.3066f,0.9158f,0.4855f,0.5548f,0.8235f,0.1186f,0.1094f,0f,0f,0f,1f],start_interpolation: 0,interpolation_duration: 1}
$data merge entity $(bone_finger_right_thumb1) {transformation: [0.5221f,0.7617f,0.3837f,-0.4967f,-0.321f,-0.2413f,0.9158f,0.5829f,0.7901f,-0.6013f,0.1186f,0.018f,0f,0f,0f,1f],start_interpolation: 0,interpolation_duration: 1}
$data merge entity $(bone_finger_right_index3) {transformation: [0.3854f,0.8321f,0.3989f,-0.4917f,-0.827f,0.1197f,0.5493f,0.6861f,0.4093f,-0.5416f,0.7343f,0.1017f,0f,0f,0f,1f],start_interpolation: 0,interpolation_duration: 1}
$data merge entity $(bone_finger_right_index1) {transformation: [0.4928f,0.8321f,-0.2545f,-0.5533f,0.2886f,0.1197f,0.95f,0.65f,0.8209f,-0.5416f,-0.1811f,-0.0009f,0f,0f,0f,1f],start_interpolation: 0,interpolation_duration: 1}
$data merge entity $(bone_finger_right_middle3) {transformation: [0.4536f,0.8198f,0.3494f,-0.5592f,-0.8712f,0.3254f,0.3676f,0.6724f,0.1877f,-0.4712f,0.8618f,0.1369f,0f,0f,0f,1f],start_interpolation: 0,interpolation_duration: 1}
$data merge entity $(bone_finger_right_middle1) {transformation: [0.3627f,0.8198f,-0.4431f,-0.6045f,0.3417f,0.3254f,0.8817f,0.6296f,0.867f,-0.4712f,-0.1621f,0.0285f,0f,0f,0f,1f],start_interpolation: 0,interpolation_duration: 1}
$data merge entity $(bone_finger_right_ring3) {transformation: [0.4215f,0.8198f,0.3876f,-0.6081f,-0.8999f,0.3254f,0.2903f,0.6472f,0.1119f,-0.4712f,0.8749f,0.1671f,0f,0f,0f,1f],start_interpolation: 0,interpolation_duration: 1}
$data merge entity $(bone_finger_right_ring1) {transformation: [0.3817f,0.8198f,-0.4269f,-0.6558f,0.3029f,0.3254f,0.8958f,0.6093f,0.8733f,-0.4712f,-0.1241f,0.058f,0f,0f,0f,1f],start_interpolation: 0,interpolation_duration: 1}
$data merge entity $(bone_finger_right_pinky3) {transformation: [0.5783f,0.8039f,0.1387f,-0.6479f,-0.7021f,0.4039f,0.5865f,0.5903f,0.4155f,-0.4365f,0.798f,0.1976f,0f,0f,0f,1f],start_interpolation: 0,interpolation_duration: 1}
$data merge entity $(bone_finger_right_pinky1) {transformation: [0.473f,0.8039f,-0.3605f,-0.707f,0.0108f,0.4039f,0.9148f,0.589f,0.881f,-0.4365f,0.1823f,0.0874f,0f,0f,0f,1f],start_interpolation: 0,interpolation_duration: 1}
$data merge entity $(bone_hand_right1) {transformation: [-0.1464f,0.8198f,-0.5536f,-0.5681f,0.9146f,0.3254f,0.24f,0.433f,0.3769f,-0.4712f,-0.7975f,0.0224f,0f,0f,0f,1f],start_interpolation: 0,interpolation_duration: 1}
$data merge entity $(bone_arm_right3) {transformation: [-0.277f,0.9484f,-0.1547f,-0.5184f,0.9382f,0.3017f,0.1697f,0.0776f,0.2076f,-0.0981f,-0.9733f,-0.1116f,0f,0f,0f,1f],start_interpolation: 0,interpolation_duration: 1}
$data merge entity $(bone_arm_right1) {transformation: [-0.8834f,-0.4648f,0.0598f,-0.2751f,-0.4682f,0.8807f,-0.0715f,0.2835f,-0.0194f,-0.0912f,-0.9956f,-0.049f,0f,0f,0f,1f],start_interpolation: 0,interpolation_duration: 1}
$data merge entity $(bone_finger_left_thumb3) {transformation: [-0.7601f,-0.5408f,-0.3601f,0.463f,-0.2336f,-0.2897f,0.9282f,0.4703f,-0.6063f,0.7897f,0.0939f,0.1399f,0f,0f,0f,1f],start_interpolation: 0,interpolation_duration: 1}
$data merge entity $(bone_finger_left_thumb1) {transformation: [0.5837f,-0.7277f,-0.3601f,0.5135f,0.3027f,-0.2165f,0.9282f,0.5661f,-0.7534f,-0.6508f,0.0939f,0.0516f,0f,0f,0f,1f],start_interpolation: 0,interpolation_duration: 1}
$data merge entity $(bone_finger_left_index3) {transformation: [0.4389f,-0.7899f,-0.4283f,0.5063f,0.8133f,0.1466f,0.563f,0.6695f,-0.3819f,-0.5955f,0.7068f,0.1349f,0f,0f,0f,1f],start_interpolation: 0,interpolation_duration: 1}
$data merge entity $(bone_finger_left_index1) {transformation: [0.5363f,-0.7899f,0.2974f,0.5734f,-0.3056f,0.1466f,0.9408f,0.6313f,-0.7867f,-0.5955f,-0.1628f,0.0365f,0f,0f,0f,1f],start_interpolation: 0,interpolation_duration: 1}
$data merge entity $(bone_finger_left_middle3) {transformation: [0.4937f,-0.7755f,-0.3934f,0.5709f,0.8555f,0.3519f,0.38f,0.6536f,-0.1562f,-0.5242f,0.8372f,0.1745f,0f,0f,0f,1f],start_interpolation: 0,interpolation_duration: 1}
$data merge entity $(bone_finger_left_middle1) {transformation: [0.4079f,-0.7755f,0.4819f,0.6219f,-0.3545f,0.3519f,0.8663f,0.6093f,-0.8414f,-0.5242f,-0.1314f,0.0693f,0f,0f,0f,1f],start_interpolation: 0,interpolation_duration: 1}
$data merge entity $(bone_finger_left_ring3) {transformation: [0.4576f,-0.7755f,-0.435f,0.6168f,0.8853f,0.3519f,0.304f,0.6268f,-0.0827f,-0.5242f,0.8476f,0.2078f,0f,0f,0f,1f],start_interpolation: 0,interpolation_duration: 1}
$data merge entity $(bone_finger_left_ring1) {transformation: [0.4285f,-0.7755f,0.4636f,0.6703f,-0.3163f,0.3519f,0.881f,0.5873f,-0.8464f,-0.5242f,-0.0946f,0.102f,0f,0f,0f,1f],start_interpolation: 0,interpolation_duration: 1}
$data merge entity $(bone_finger_left_pinky3) {transformation: [0.6275f,-0.7594f,-0.1718f,0.6526f,0.6821f,0.4298f,0.5916f,0.5687f,-0.3754f,-0.4885f,0.7877f,0.2408f,0f,0f,0f,1f],start_interpolation: 0,interpolation_duration: 1}
$data merge entity $(bone_finger_left_pinky1) {transformation: [0.5297f,-0.7594f,0.3778f,0.7188f,-0.0274f,0.4298f,0.9025f,0.5653f,-0.8477f,-0.4885f,0.2069f,0.1348f,0f,0f,0f,1f],start_interpolation: 0,interpolation_duration: 1}
$data merge entity $(bone_hand_left1) {transformation: [-0.1513f,-0.7755f,0.6129f,0.5794f,-0.9097f,0.3519f,0.2206f,0.4139f,-0.3868f,-0.5242f,-0.7587f,0.0606f,0f,0f,0f,1f],start_interpolation: 0,interpolation_duration: 1}
$data merge entity $(bone_arm_left3) {transformation: [-0.2935f,-0.9292f,0.2244f,0.5269f,-0.9287f,0.3328f,0.1634f,0.0603f,-0.2266f,-0.1605f,-0.9607f,-0.0769f,0f,0f,0f,1f],start_interpolation: 0,interpolation_duration: 1}
$data merge entity $(bone_arm_left1) {transformation: [-0.8667f,0.4988f,0.004f,0.287f,0.4973f,0.8647f,-0.0706f,0.2741f,-0.0387f,-0.0592f,-0.9975f,-0.0304f,0f,0f,0f,1f],start_interpolation: 0,interpolation_duration: 1}
$data merge entity $(bone_torso1) {transformation: [-0.9993f,0.0194f,0.0316f,0.0048f,0.0166f,0.9961f,-0.0864f,0.249f,-0.0332f,-0.0858f,-0.9958f,-0.0215f,0f,0f,0f,1f],start_interpolation: 0,interpolation_duration: 1}