# This file was generated by Animated Java via MC-Build. It is not recommended to edit this file directly.
$data merge entity $(bone_eyelid_right1) {transformation: [-0.9993f,0.0204f,0.0327f,-0.1616f,0.0172f,0.9954f,-0.0939f,0.2775f,-0.0345f,-0.0932f,-0.995f,0.215f,0f,0f,0f,1f],start_interpolation: 0,interpolation_duration: 1}
$data merge entity $(bone_eye_right1) {transformation: [-0.9993f,0.0204f,0.0327f,-0.1628f,0.0172f,0.9954f,-0.0939f,0.281f,-0.0345f,-0.0932f,-0.995f,0.2524f,0f,0f,0f,1f],start_interpolation: 0,interpolation_duration: 1}
$data merge entity $(bone_eyelid_left1) {transformation: [-0.9993f,0.0204f,0.0327f,0.1559f,0.0172f,0.9954f,-0.0939f,0.272f,-0.0345f,-0.0932f,-0.995f,0.226f,0f,0f,0f,1f],start_interpolation: 0,interpolation_duration: 1}
$data merge entity $(bone_eye_left1) {transformation: [-0.9993f,0.0204f,0.0327f,0.1546f,0.0172f,0.9954f,-0.0939f,0.2755f,-0.0345f,-0.0932f,-0.995f,0.2633f,0f,0f,0f,1f],start_interpolation: 0,interpolation_duration: 1}
$data merge entity $(bone_jaw1) {transformation: [-0.9993f,0.0156f,0.0353f,0.0015f,0.0172f,0.9987f,0.0476f,0.1274f,-0.0345f,0.0482f,-0.9982f,0.0194f,0f,0f,0f,1f],start_interpolation: 0,interpolation_duration: 1}
$data merge entity $(bone_finger_right_thumb3) {transformation: [-0.7622f,0.5174f,0.389f,-0.4614f,0.242f,-0.3297f,0.9126f,0.4796f,0.6005f,0.7897f,0.1261f,0.1164f,0f,0f,0f,1f],start_interpolation: 0,interpolation_duration: 1}
$data merge entity $(bone_finger_right_thumb1) {transformation: [0.5413f,0.7454f,0.389f,-0.5047f,-0.3372f,-0.2314f,0.9126f,0.5788f,0.7703f,-0.6251f,0.1261f,0.0279f,0f,0f,0f,1f],start_interpolation: 0,interpolation_duration: 1}
$data merge entity $(bone_finger_right_index3) {transformation: [0.433f,0.8192f,0.376f,-0.5014f,-0.7993f,0.1561f,0.5804f,0.683f,0.4168f,-0.5518f,0.7224f,0.1145f,0f,0f,0f,1f],start_interpolation: 0,interpolation_duration: 1}
$data merge entity $(bone_finger_right_index1) {transformation: [0.4924f,0.8192f,-0.294f,-0.563f,0.3019f,0.1561f,0.9405f,0.6453f,0.8164f,-0.5518f,-0.1704f,0.0124f,0f,0f,0f,1f],start_interpolation: 0,interpolation_duration: 1}
$data merge entity $(bone_finger_right_middle3) {transformation: [0.4953f,0.8041f,0.3288f,-0.5688f,-0.8454f,0.3588f,0.3957f,0.6664f,0.2003f,-0.4739f,0.8575f,0.1505f,0f,0f,0f,1f],start_interpolation: 0,interpolation_duration: 1}
$data merge entity $(bone_finger_right_middle1) {transformation: [0.3558f,0.8041f,-0.4762f,-0.6132f,0.3481f,0.3588f,0.8661f,0.6229f,0.8673f,-0.4739f,-0.1522f,0.0421f,0f,0f,0f,1f],start_interpolation: 0,interpolation_duration: 1}
$data merge entity $(bone_finger_right_ring3) {transformation: [0.4647f,0.8041f,0.3707f,-0.6165f,-0.8766f,0.3588f,0.3206f,0.6392f,0.1248f,-0.4739f,0.8717f,0.1808f,0f,0f,0f,1f],start_interpolation: 0,interpolation_duration: 1}
$data merge entity $(bone_finger_right_ring1) {transformation: [0.3762f,0.8041f,-0.4602f,-0.6635f,0.31f,0.3588f,0.8804f,0.6004f,0.8731f,-0.4739f,-0.1143f,0.0717f,0f,0f,0f,1f],start_interpolation: 0,interpolation_duration: 1}
$data merge entity $(bone_finger_right_pinky3) {transformation: [0.6075f,0.7873f,0.1053f,-0.6543f,-0.6691f,0.4357f,0.602f,0.5805f,0.4281f,-0.4362f,0.7915f,0.2112f,0f,0f,0f,1f],start_interpolation: 0,interpolation_duration: 1}
$data merge entity $(bone_finger_right_pinky1) {transformation: [0.4759f,0.7873f,-0.3919f,-0.7138f,0.0203f,0.4357f,0.8999f,0.578f,0.8793f,-0.4362f,0.1914f,0.1013f,0f,0f,0f,1f],start_interpolation: 0,interpolation_duration: 1}
$data merge entity $(bone_hand_right1) {transformation: [-0.1578f,0.8041f,-0.5731f,-0.573f,0.8975f,0.3588f,0.2564f,0.4273f,0.4118f,-0.4739f,-0.7784f,0.0283f,0f,0f,0f,1f],start_interpolation: 0,interpolation_duration: 1}
$data merge entity $(bone_arm_right3) {transformation: [-0.2962f,0.9396f,-0.1714f,-0.5167f,0.9289f,0.3251f,0.1774f,0.0749f,0.2225f,-0.1067f,-0.9691f,-0.1107f,0f,0f,0f,1f],start_interpolation: 0,interpolation_duration: 1}
$data merge entity $(bone_arm_right1) {transformation: [-0.8796f,-0.4725f,0.0555f,-0.2748f,-0.4757f,0.8758f,-0.0816f,0.2833f,-0.0101f,-0.0982f,-0.9951f,-0.0515f,0f,0f,0f,1f],start_interpolation: 0,interpolation_duration: 1}
$data merge entity $(bone_finger_left_thumb3) {transformation: [-0.7269f,-0.5817f,-0.3652f,0.4685f,-0.2163f,-0.3107f,0.9256f,0.4636f,-0.6518f,0.7517f,0.1001f,0.1484f,0f,0f,0f,1f],start_interpolation: 0,interpolation_duration: 1}
$data merge entity $(bone_finger_left_thumb1) {transformation: [0.6043f,-0.7081f,-0.3652f,0.5212f,0.3174f,-0.2064f,0.9256f,0.5611f,-0.7308f,-0.6752f,0.1001f,0.0633f,0f,0f,0f,1f],start_interpolation: 0,interpolation_duration: 1}
$data merge entity $(bone_finger_left_index3) {transformation: [0.4879f,-0.7734f,-0.4046f,0.5156f,0.7834f,0.1835f,0.5938f,0.6655f,-0.385f,-0.6067f,0.6954f,0.1496f,0f,0f,0f,1f],start_interpolation: 0,interpolation_duration: 1}
$data merge entity $(bone_finger_left_index1) {transformation: [0.5367f,-0.7734f,0.3372f,0.5827f,-0.3196f,0.1835f,0.9296f,0.6255f,-0.7809f,-0.6067f,-0.1487f,0.052f,0f,0f,0f,1f],start_interpolation: 0,interpolation_duration: 1}
$data merge entity $(bone_finger_left_middle3) {transformation: [0.5367f,-0.7568f,-0.3732f,0.5797f,0.8276f,0.3858f,0.4078f,0.6466f,-0.1647f,-0.5277f,0.8333f,0.1901f,0f,0f,0f,1f],start_interpolation: 0,interpolation_duration: 1}
$data merge entity $(bone_finger_left_middle1) {transformation: [0.4025f,-0.7568f,0.5151f,0.63f,-0.3612f,0.3858f,0.849f,0.6014f,-0.8412f,-0.5277f,-0.118f,0.0849f,0f,0f,0f,1f],start_interpolation: 0,interpolation_duration: 1}
$data merge entity $(bone_finger_left_ring3) {transformation: [0.5021f,-0.7568f,-0.4186f,0.6242f,0.86f,0.3858f,0.3342f,0.6178f,-0.0914f,-0.5277f,0.8445f,0.2236f,0f,0f,0f,1f],start_interpolation: 0,interpolation_duration: 1}
$data merge entity $(bone_finger_left_ring1) {transformation: [0.4246f,-0.7568f,0.497f,0.6773f,-0.3238f,0.3858f,0.8639f,0.5773f,-0.8455f,-0.5277f,-0.0812f,0.1179f,0f,0f,0f,1f],start_interpolation: 0,interpolation_duration: 1}
$data merge entity $(bone_finger_left_pinky3) {transformation: [0.6582f,-0.7399f,-0.1388f,0.6578f,0.6473f,0.462f,0.6063f,0.5579f,-0.3844f,-0.4889f,0.7831f,0.2565f,0f,0f,0f,1f],start_interpolation: 0,interpolation_duration: 1}
$data merge entity $(bone_finger_left_pinky1) {transformation: [0.5344f,-0.7399f,0.4086f,0.7246f,-0.0377f,0.462f,0.8861f,0.5532f,-0.8444f,-0.4889f,0.219f,0.1509f,0f,0f,0f,1f],start_interpolation: 0,interpolation_duration: 1}
$data merge entity $(bone_hand_left1) {transformation: [-0.1599f,-0.7568f,0.6338f,0.584f,-0.892f,0.3858f,0.2355f,0.4074f,-0.4228f,-0.5277f,-0.7367f,0.0682f,0f,0f,0f,1f],start_interpolation: 0,interpolation_duration: 1}
$data merge entity $(bone_arm_left3) {transformation: [-0.3119f,-0.9183f,0.2438f,0.5253f,-0.9184f,0.3572f,0.1703f,0.0569f,-0.2434f,-0.1708f,-0.9548f,-0.0747f,0f,0f,0f,1f],start_interpolation: 0,interpolation_duration: 1}
$data merge entity $(bone_arm_left1) {transformation: [-0.8613f,0.508f,0.0104f,0.2873f,0.5057f,0.8589f,-0.0808f,0.2737f,-0.0499f,-0.0643f,-0.9967f,-0.0321f,0f,0f,0f,1f],start_interpolation: 0,interpolation_duration: 1}
$data merge entity $(bone_torso1) {transformation: [-0.9993f,0.0204f,0.0327f,0.0051f,0.0172f,0.9954f,-0.0939f,0.2489f,-0.0345f,-0.0932f,-0.995f,-0.0233f,0f,0f,0f,1f],start_interpolation: 0,interpolation_duration: 1}