# This file was generated by Animated Java via MC-Build. It is not recommended to edit this file directly.
$data merge entity $(bone_eyelid_right1) {transformation: [-0.9992f,0.0207f,0.0331f,-0.1616f,0.0174f,0.9952f,-0.0964f,0.2781f,-0.0349f,-0.0958f,-0.9948f,0.2143f,0f,0f,0f,1f],start_interpolation: 0,interpolation_duration: 1}
$data merge entity $(bone_eye_right1) {transformation: [-0.9992f,0.0207f,0.0331f,-0.1628f,0.0174f,0.9952f,-0.0964f,0.2817f,-0.0349f,-0.0958f,-0.9948f,0.2516f,0f,0f,0f,1f],start_interpolation: 0,interpolation_duration: 1}
$data merge entity $(bone_eyelid_left1) {transformation: [-0.9992f,0.0207f,0.0331f,0.1559f,0.0174f,0.9952f,-0.0964f,0.2725f,-0.0349f,-0.0958f,-0.9948f,0.2254f,0f,0f,0f,1f],start_interpolation: 0,interpolation_duration: 1}
$data merge entity $(bone_eye_left1) {transformation: [-0.9992f,0.0207f,0.0331f,0.1546f,0.0174f,0.9952f,-0.0964f,0.2761f,-0.0349f,-0.0958f,-0.9948f,0.2627f,0f,0f,0f,1f],start_interpolation: 0,interpolation_duration: 1}
$data merge entity $(bone_jaw1) {transformation: [-0.9992f,0.0162f,0.0355f,0.0016f,0.0174f,0.9993f,0.0343f,0.1274f,-0.0349f,0.0349f,-0.9988f,0.0191f,0f,0f,0f,1f],start_interpolation: 0,interpolation_duration: 1}
$data merge entity $(bone_finger_right_thumb3) {transformation: [-0.7228f,0.5668f,0.3953f,-0.4672f,0.2165f,-0.3575f,0.9085f,0.4719f,0.6562f,0.7423f,0.1357f,0.1273f,0f,0f,0f,1f],start_interpolation: 0,interpolation_duration: 1}
$data merge entity $(bone_finger_right_thumb1) {transformation: [0.5655f,0.7239f,0.3953f,-0.5132f,-0.3571f,-0.2171f,0.9085f,0.5733f,0.7435f,-0.6549f,0.1357f,0.0429f,0f,0f,0f,1f],start_interpolation: 0,interpolation_duration: 1}
$data merge entity $(bone_finger_right_index3) {transformation: [0.4867f,0.8017f,0.3471f,-0.5116f,-0.7647f,0.1988f,0.6129f,0.6782f,0.4223f,-0.5637f,0.7098f,0.1332f,0f,0f,0f,1f],start_interpolation: 0,interpolation_duration: 1}
$data merge entity $(bone_finger_right_index1) {transformation: [0.4933f,0.8017f,-0.3377f,-0.5732f,0.3127f,0.1988f,0.9288f,0.6391f,0.8117f,-0.5637f,-0.1526f,0.0317f,0f,0f,0f,1f],start_interpolation: 0,interpolation_duration: 1}
$data merge entity $(bone_finger_right_middle3) {transformation: [0.5416f,0.784f,0.3033f,-0.5784f,-0.8134f,0.3976f,0.4246f,0.658f,0.2123f,-0.4767f,0.8531f,0.17f,0f,0f,0f,1f],start_interpolation: 0,interpolation_duration: 1}
$data merge entity $(bone_finger_right_middle1) {transformation: [0.3503f,0.784f,-0.5124f,-0.6222f,0.3505f,0.3976f,0.848f,0.6142f,0.8686f,-0.4767f,-0.1355f,0.0615f,0f,0f,0f,1f],start_interpolation: 0,interpolation_duration: 1}
$data merge entity $(bone_finger_right_ring3) {transformation: [0.5131f,0.784f,0.3494f,-0.6247f,-0.8473f,0.3976f,0.3521f,0.6285f,0.1371f,-0.4767f,0.8683f,0.2005f,0f,0f,0f,1f],start_interpolation: 0,interpolation_duration: 1}
$data merge entity $(bone_finger_right_ring1) {transformation: [0.3723f,0.784f,-0.4967f,-0.6712f,0.3132f,0.3976f,0.8624f,0.5894f,0.8737f,-0.4767f,-0.0975f,0.0913f,0f,0f,0f,1f],start_interpolation: 0,interpolation_duration: 1}
$data merge entity $(bone_finger_right_pinky3) {transformation: [0.6389f,0.7664f,0.0663f,-0.6601f,-0.6306f,0.4724f,0.6158f,0.5678f,0.4406f,-0.4352f,0.7851f,0.2306f,0f,0f,0f,1f],start_interpolation: 0,interpolation_duration: 1}
$data merge entity $(bone_finger_right_pinky1) {transformation: [0.4813f,0.7664f,-0.4253f,-0.7202f,0.0263f,0.4724f,0.881f,0.5645f,0.8762f,-0.4352f,0.2072f,0.1211f,0f,0f,0f,1f],start_interpolation: 0,interpolation_duration: 1}
$data merge entity $(bone_hand_right1) {transformation: [-0.1674f,0.784f,-0.5978f,-0.578f,0.8749f,0.3976f,0.2766f,0.4205f,0.4545f,-0.4767f,-0.7525f,0.0382f,0f,0f,0f,1f],start_interpolation: 0,interpolation_duration: 1}
$data merge entity $(bone_arm_right3) {transformation: [-0.3163f,0.9287f,-0.1934f,-0.515f,0.9167f,0.3517f,0.1898f,0.0721f,0.2443f,-0.1173f,-0.9626f,-0.1081f,0f,0f,0f,1f],start_interpolation: 0,interpolation_duration: 1}
$data merge entity $(bone_arm_right1) {transformation: [-0.875f,-0.4817f,0.0483f,-0.2747f,-0.4841f,0.8706f,-0.088f,0.2833f,0.0003f,-0.1004f,-0.9949f,-0.0523f,0f,0f,0f,1f],start_interpolation: 0,interpolation_duration: 1}
$data merge entity $(bone_finger_left_thumb3) {transformation: [-0.6824f,-0.6293f,-0.3719f,0.4733f,-0.1919f,-0.3366f,0.9219f,0.4555f,-0.7053f,0.7005f,0.1089f,0.1602f,0f,0f,0f,1f],start_interpolation: 0,interpolation_duration: 1}
$data merge entity $(bone_finger_left_thumb1) {transformation: [0.628f,-0.6836f,-0.3719f,0.5286f,0.3363f,-0.1926f,0.9219f,0.5551f,-0.7018f,-0.704f,0.1089f,0.0792f,0f,0f,0f,1f],start_interpolation: 0,interpolation_duration: 1}
$data merge entity $(bone_finger_left_index3) {transformation: [0.5413f,-0.753f,-0.3742f,0.5244f,0.7467f,0.226f,0.6255f,0.6601f,-0.3864f,-0.618f,0.6846f,0.1693f,0f,0f,0f,1f],start_interpolation: 0,interpolation_duration: 1}
$data merge entity $(bone_finger_left_index1) {transformation: [0.5375f,-0.753f,0.3797f,0.5916f,-0.3307f,0.226f,0.9163f,0.6187f,-0.7757f,-0.618f,-0.1276f,0.0724f,0f,0f,0f,1f],start_interpolation: 0,interpolation_duration: 1}
$data merge entity $(bone_finger_left_middle3) {transformation: [0.5831f,-0.7345f,-0.3471f,0.5878f,0.7938f,0.4241f,0.4359f,0.6377f,-0.173f,-0.5297f,0.8304f,0.2108f,0f,0f,0f,1f],start_interpolation: 0,interpolation_duration: 1}
$data merge entity $(bone_finger_left_middle1) {transformation: [0.3976f,-0.7345f,0.5499f,0.6375f,-0.3636f,0.4241f,0.8294f,0.5922f,-0.8425f,-0.5297f,-0.0984f,0.1055f,0f,0f,0f,1f],start_interpolation: 0,interpolation_duration: 1}
$data merge entity $(bone_finger_left_ring3) {transformation: [0.5506f,-0.7345f,-0.3966f,0.6307f,0.8287f,0.4241f,0.3651f,0.6066f,-0.0999f,-0.5297f,0.8423f,0.2443f,0f,0f,0f,1f],start_interpolation: 0,interpolation_duration: 1}
$data merge entity $(bone_finger_left_ring1) {transformation: [0.4212f,-0.7345f,0.532f,0.6834f,-0.327f,0.4241f,0.8445f,0.5657f,-0.8459f,-0.5297f,-0.0615f,0.1386f,0f,0f,0f,1f],start_interpolation: 0,interpolation_duration: 1}
$data merge entity $(bone_finger_left_pinky3) {transformation: [0.6896f,-0.7173f,-0.0994f,0.6618f,0.6074f,0.4983f,0.6187f,0.5447f,-0.3942f,-0.4871f,0.7793f,0.2767f,0f,0f,0f,1f],start_interpolation: 0,interpolation_duration: 1}
$data merge entity $(bone_finger_left_pinky1) {transformation: [0.54f,-0.7173f,0.4403f,0.7293f,-0.0442f,0.4983f,0.8659f,0.5392f,-0.8405f,-0.4871f,0.2374f,0.1717f,0f,0f,0f,1f],start_interpolation: 0,interpolation_duration: 1}
$data merge entity $(bone_hand_left1) {transformation: [-0.1657f,-0.7345f,0.6581f,0.5882f,-0.8691f,0.4241f,0.2546f,0.4001f,-0.4661f,-0.5297f,-0.7086f,0.0789f,0f,0f,0f,1f],start_interpolation: 0,interpolation_duration: 1}
$data merge entity $(bone_arm_left3) {transformation: [-0.3302f,-0.9055f,0.2666f,0.5235f,-0.9054f,0.3837f,0.1818f,0.054f,-0.2669f,-0.1813f,-0.9465f,-0.0718f,0f,0f,0f,1f],start_interpolation: 0,interpolation_duration: 1}
$data merge entity $(bone_arm_left1) {transformation: [-0.8555f,0.5176f,0.0181f,0.2874f,0.5143f,0.8531f,-0.0875f,0.2735f,-0.0607f,-0.0655f,-0.996f,-0.0327f,0f,0f,0f,1f],start_interpolation: 0,interpolation_duration: 1}
$data merge entity $(bone_torso1) {transformation: [-0.9992f,0.0207f,0.0331f,0.0052f,0.0174f,0.9952f,-0.0964f,0.2488f,-0.0349f,-0.0958f,-0.9948f,-0.0239f,0f,0f,0f,1f],start_interpolation: 0,interpolation_duration: 1}