# This file was generated by Animated Java via MC-Build. It is not recommended to edit this file directly.
$data merge entity $(bone_eyelid_right1) {transformation: [-0.9997f,0.0108f,0.0202f,-0.161f,0.0103f,0.9996f,-0.0277f,0.2611f,-0.0205f,-0.0274f,-0.9994f,0.235f,0f,0f,0f,1f],start_interpolation: 0,interpolation_duration: 1}
$data merge entity $(bone_eye_right1) {transformation: [-0.9997f,0.0108f,0.0202f,-0.1618f,0.0103f,0.9996f,-0.0277f,0.2622f,-0.0205f,-0.0274f,-0.9994f,0.2724f,0f,0f,0f,1f],start_interpolation: 0,interpolation_duration: 1}
$data merge entity $(bone_eyelid_left1) {transformation: [-0.9997f,0.0108f,0.0202f,0.1566f,0.0103f,0.9996f,-0.0277f,0.2579f,-0.0205f,-0.0274f,-0.9994f,0.2415f,0f,0f,0f,1f],start_interpolation: 0,interpolation_duration: 1}
$data merge entity $(bone_eye_left1) {transformation: [-0.9997f,0.0108f,0.0202f,0.1558f,0.0103f,0.9996f,-0.0277f,0.2589f,-0.0205f,-0.0274f,-0.9994f,0.279f,0f,0f,0f,1f],start_interpolation: 0,interpolation_duration: 1}
$data merge entity $(bone_jaw1) {transformation: [-0.9997f,0.0088f,0.0212f,0.0007f,0.0103f,0.9975f,0.07f,0.1258f,-0.0205f,0.0702f,-0.9973f,0.0278f,0f,0f,0f,1f],start_interpolation: 0,interpolation_duration: 1}
$data merge entity $(bone_finger_right_thumb3) {transformation: [-0.4972f,0.7618f,0.4153f,-0.4766f,0.0447f,-0.4555f,0.8891f,0.4308f,0.8665f,0.4606f,0.1924f,0.2033f,0f,0f,0f,1f],start_interpolation: 0,interpolation_duration: 1}
$data merge entity $(bone_finger_right_thumb1) {transformation: [0.6693f,0.6161f,0.4153f,-0.5343f,-0.4419f,-0.1193f,0.8891f,0.5416f,0.5973f,-0.7786f,0.1924f,0.1407f,0f,0f,0f,1f],start_interpolation: 0,interpolation_duration: 1}
$data merge entity $(bone_finger_right_index3) {transformation: [0.6682f,0.7112f,0.2186f,-0.5343f,-0.6197f,0.3694f,0.6925f,0.6402f,0.4117f,-0.5982f,0.6875f,0.2496f,0f,0f,0f,1f],start_interpolation: 0,interpolation_duration: 1}
$data merge entity $(bone_finger_right_index1) {transformation: [0.5192f,0.7112f,-0.474f,-0.5992f,0.2976f,0.3694f,0.8803f,0.603f,0.8011f,-0.5982f,-0.0199f,0.1495f,0f,0f,0f,1f],start_interpolation: 0,interpolation_duration: 1}
$data merge entity $(bone_finger_right_middle3) {transformation: [0.6942f,0.6924f,0.1966f,-0.597f,-0.6822f,0.5458f,0.4866f,0.6064f,0.2295f,-0.4719f,0.8512f,0.2892f,0f,0f,0f,1f],start_interpolation: 0,interpolation_duration: 1}
$data merge entity $(bone_finger_right_middle1) {transformation: [0.3642f,0.6924f,-0.6229f,-0.6425f,0.3003f,0.5458f,0.7822f,0.5689f,0.8816f,-0.4719f,-0.0092f,0.179f,0f,0f,0f,1f],start_interpolation: 0,interpolation_duration: 1}
$data merge entity $(bone_finger_right_ring3) {transformation: [0.6745f,0.6924f,0.2564f,-0.6369f,-0.722f,0.5458f,0.4253f,0.568f,0.1545f,-0.4719f,0.868f,0.3186f,0f,0f,0f,1f],start_interpolation: 0,interpolation_duration: 1}
$data merge entity $(bone_finger_right_ring1) {transformation: [0.391f,0.6924f,-0.6064f,-0.6857f,0.2659f,0.5458f,0.7946f,0.5348f,0.8811f,-0.4719f,0.0293f,0.2085f,0f,0f,0f,1f],start_interpolation: 0,interpolation_duration: 1}
$data merge entity $(bone_finger_right_pinky3) {transformation: [0.733f,0.6755f,-0.0798f,-0.663f,-0.4943f,0.6096f,0.6197f,0.4996f,0.4673f,-0.4148f,0.7808f,0.3441f,0f,0f,0f,1f],start_interpolation: 0,interpolation_duration: 1}
$data merge entity $(bone_finger_right_pinky1) {transformation: [0.5285f,0.6755f,-0.5142f,-0.729f,-0.008f,0.6096f,0.7927f,0.5006f,0.8489f,-0.4148f,0.3275f,0.238f,0f,0f,0f,1f],start_interpolation: 0,interpolation_duration: 1}
$data merge entity $(bone_hand_right1) {transformation: [-0.1627f,0.6924f,-0.703f,-0.5897f,0.7553f,0.5458f,0.3628f,0.3875f,0.6349f,-0.4719f,-0.6118f,0.113f,0f,0f,0f,1f],start_interpolation: 0,interpolation_duration: 1}
$data merge entity $(bone_arm_right3) {transformation: [-0.3648f,0.8808f,-0.3019f,-0.513f,0.8495f,0.4476f,0.2792f,0.0654f,0.381f,-0.1546f,-0.9115f,-0.0797f,0f,0f,0f,1f],start_interpolation: 0,interpolation_duration: 1}
$data merge entity $(bone_arm_right1) {transformation: [-0.8546f,-0.5191f,-0.009f,-0.2778f,-0.5183f,0.854f,-0.0454f,0.2836f,0.0312f,-0.0341f,-0.9989f,-0.0291f,0f,0f,0f,1f],start_interpolation: 0,interpolation_duration: 1}
$data merge entity $(bone_finger_left_thumb3) {transformation: [-0.462f,-0.7892f,-0.4046f,0.4766f,-0.0349f,-0.4396f,0.8975f,0.421f,-0.8862f,0.4288f,0.1756f,0.2229f,0f,0f,0f,1f],start_interpolation: 0,interpolation_duration: 1}
$data merge entity $(bone_finger_left_thumb1) {transformation: [0.7022f,-0.5859f,-0.4046f,0.5391f,0.4279f,-0.1069f,0.8975f,0.5306f,-0.5691f,-0.8033f,0.1756f,0.1627f,0f,0f,0f,1f],start_interpolation: 0,interpolation_duration: 1}
$data merge entity $(bone_finger_left_index3) {transformation: [0.6971f,-0.6783f,-0.2323f,0.5366f,0.6057f,0.3837f,0.6971f,0.6292f,-0.3837f,-0.6267f,0.6783f,0.2716f,0f,0f,0f,1f],start_interpolation: 0,interpolation_duration: 1}
$data merge entity $(bone_finger_left_index1) {transformation: [0.5454f,-0.6783f,0.4923f,0.6048f,-0.3086f,0.3837f,0.8704f,0.5906f,-0.7793f,-0.6267f,0f,0.1742f,0f,0f,0f,1f],start_interpolation: 0,interpolation_duration: 1}
$data merge entity $(bone_finger_left_middle3) {transformation: [0.7169f,-0.6611f,-0.2214f,0.5969f,0.6677f,0.5597f,0.4909f,0.5942f,-0.2006f,-0.4997f,0.8426f,0.3137f,0f,0f,0f,1f],start_interpolation: 0,interpolation_duration: 1}
$data merge entity $(bone_finger_left_middle1) {transformation: [0.3938f,-0.6611f,0.6387f,0.6461f,-0.3081f,0.5597f,0.7693f,0.5556f,-0.866f,-0.4997f,0.0167f,0.2054f,0f,0f,0f,1f],start_interpolation: 0,interpolation_duration: 1}
$data merge entity $(bone_finger_left_ring3) {transformation: [0.6949f,-0.6611f,-0.283f,0.6348f,0.7079f,0.5597f,0.4308f,0.5549f,-0.1264f,-0.4997f,0.8569f,0.3447f,0f,0f,0f,1f],start_interpolation: 0,interpolation_duration: 1}
$data merge entity $(bone_finger_left_ring1) {transformation: [0.4213f,-0.6611f,0.6209f,0.6874f,-0.2743f,0.5597f,0.782f,0.5207f,-0.8645f,-0.4997f,0.0545f,0.2367f,0f,0f,0f,1f],start_interpolation: 0,interpolation_duration: 1}
$data merge entity $(bone_finger_left_pinky3) {transformation: [0.7615f,-0.6453f,0.0604f,0.6584f,0.479f,0.6231f,0.6183f,0.4861f,-0.4366f,-0.4419f,0.7836f,0.3712f,0f,0f,0f,1f],start_interpolation: 0,interpolation_duration: 1}
$data merge entity $(bone_finger_left_pinky1) {transformation: [0.5629f,-0.6453f,0.5165f,0.7288f,-0.0032f,0.6231f,0.7821f,0.4857f,-0.8265f,-0.4419f,0.3487f,0.2679f,0f,0f,0f,1f],start_interpolation: 0,interpolation_duration: 1}
$data merge entity $(bone_hand_left1) {transformation: [-0.152f,-0.6611f,0.7348f,0.5924f,-0.7521f,0.5597f,0.348f,0.3754f,-0.6413f,-0.4997f,-0.5823f,0.1372f,0f,0f,0f,1f],start_interpolation: 0,interpolation_duration: 1}
$data merge entity $(bone_arm_left3) {transformation: [-0.3663f,-0.8643f,0.3447f,0.5171f,-0.842f,0.4655f,0.2725f,0.0548f,-0.396f,-0.1904f,-0.8983f,-0.0585f,0f,0f,0f,1f],start_interpolation: 0,interpolation_duration: 1}
$data merge entity $(bone_arm_left1) {transformation: [-0.8418f,0.5375f,0.049f,0.2845f,0.5357f,0.8432f,-0.046f,0.2778f,-0.066f,-0.0125f,-0.9977f,-0.0176f,0f,0f,0f,1f],start_interpolation: 0,interpolation_duration: 1}
$data merge entity $(bone_torso1) {transformation: [-0.9997f,0.0108f,0.0202f,0.0027f,0.0103f,0.9996f,-0.0277f,0.2499f,-0.0205f,-0.0274f,-0.9994f,-0.0069f,0f,0f,0f,1f],start_interpolation: 0,interpolation_duration: 1}