# This file was generated by Animated Java via MC-Build. It is not recommended to edit this file directly.
$data merge entity $(bone_eyelid_right1) {transformation: [-0.9998f,0.0095f,0.0181f,-0.1609f,0.0091f,0.9998f,-0.02f,0.2591f,-0.0182f,-0.0199f,-0.9996f,0.2373f,0f,0f,0f,1f],start_interpolation: 0,interpolation_duration: 1}
$data merge entity $(bone_eye_right1) {transformation: [-0.9998f,0.0095f,0.0181f,-0.1615f,0.0091f,0.9998f,-0.02f,0.2599f,-0.0182f,-0.0199f,-0.9996f,0.2748f,0f,0f,0f,1f],start_interpolation: 0,interpolation_duration: 1}
$data merge entity $(bone_eyelid_left1) {transformation: [-0.9998f,0.0095f,0.0181f,0.1568f,0.0091f,0.9998f,-0.02f,0.2562f,-0.0182f,-0.0199f,-0.9996f,0.2431f,0f,0f,0f,1f],start_interpolation: 0,interpolation_duration: 1}
$data merge entity $(bone_eye_left1) {transformation: [-0.9998f,0.0095f,0.0181f,0.1561f,0.0091f,0.9998f,-0.02f,0.257f,-0.0182f,-0.0199f,-0.9996f,0.2806f,0f,0f,0f,1f],start_interpolation: 0,interpolation_duration: 1}
$data merge entity $(bone_jaw1) {transformation: [-0.9998f,0.0064f,0.0193f,0.0006f,0.0091f,0.9899f,0.1415f,0.1256f,-0.0182f,0.1416f,-0.9898f,0.0288f,0f,0f,0f,1f],start_interpolation: 0,interpolation_duration: 1}
$data merge entity $(bone_finger_right_thumb3) {transformation: [-0.7817f,0.4979f,0.3755f,-0.448f,0.2304f,-0.3289f,0.9158f,0.4826f,0.5795f,0.8025f,0.1424f,0.137f,0f,0f,0f,1f],start_interpolation: 0,interpolation_duration: 1}
$data merge entity $(bone_finger_right_thumb1) {transformation: [0.5285f,0.7614f,0.3755f,-0.4906f,-0.3378f,-0.2172f,0.9158f,0.5821f,0.7788f,-0.6109f,0.1424f,0.0486f,0f,0f,0f,1f],start_interpolation: 0,interpolation_duration: 1}
$data merge entity $(bone_finger_right_index3) {transformation: [0.3692f,0.8273f,0.4233f,-0.4818f,-0.8471f,0.1122f,0.5195f,0.6798f,0.3822f,-0.5504f,0.7423f,0.1339f,0f,0f,0f,1f],start_interpolation: 0,interpolation_duration: 1}
$data merge entity $(bone_finger_right_index1) {transformation: [0.5156f,0.8273f,-0.2228f,-0.5463f,0.2369f,0.1122f,0.965f,0.6502f,0.8234f,-0.5504f,-0.1381f,0.031f,0f,0f,0f,1f],start_interpolation: 0,interpolation_duration: 1}
$data merge entity $(bone_finger_right_middle3) {transformation: [0.4351f,0.8192f,0.3738f,-0.5482f,-0.8866f,0.3174f,0.3365f,0.6671f,0.157f,-0.4778f,0.8643f,0.1697f,0f,0f,0f,1f],start_interpolation: 0,interpolation_duration: 1}
$data merge entity $(bone_finger_right_middle1) {transformation: [0.394f,0.8192f,-0.4168f,-0.5975f,0.2939f,0.3174f,0.9016f,0.6304f,0.8708f,-0.4778f,-0.1157f,0.0608f,0f,0f,0f,1f],start_interpolation: 0,interpolation_duration: 1}
$data merge entity $(bone_finger_right_ring3) {transformation: [0.4008f,0.8192f,0.4103f,-0.5972f,-0.9126f,0.3174f,0.2579f,0.6424f,0.0811f,-0.4778f,0.8747f,0.2001f,0f,0f,0f,1f],start_interpolation: 0,interpolation_duration: 1}
$data merge entity $(bone_finger_right_ring1) {transformation: [0.4118f,0.8192f,-0.3992f,-0.6487f,0.2543f,0.3174f,0.9136f,0.6106f,0.875f,-0.4778f,-0.0776f,0.0907f,0f,0f,0f,1f],start_interpolation: 0,interpolation_duration: 1}
$data merge entity $(bone_finger_right_pinky3) {transformation: [0.569f,0.8049f,0.1683f,-0.6379f,-0.7261f,0.3957f,0.5623f,0.5858f,0.386f,-0.4422f,0.8096f,0.229f,0f,0f,0f,1f],start_interpolation: 0,interpolation_duration: 1}
$data merge entity $(bone_finger_right_pinky1) {transformation: [0.496f,0.8049f,-0.3258f,-0.6999f,-0.0396f,0.3957f,0.9175f,0.5907f,0.8674f,-0.4422f,0.2281f,0.1206f,0f,0f,0f,1f],start_interpolation: 0,interpolation_duration: 1}
$data merge entity $(bone_hand_right1) {transformation: [-0.1275f,0.8192f,-0.5592f,-0.5642f,0.9129f,0.3174f,0.2567f,0.4333f,0.3878f,-0.4778f,-0.7883f,0.0523f,0f,0f,0f,1f],start_interpolation: 0,interpolation_duration: 1}
$data merge entity $(bone_arm_right3) {transformation: [-0.2553f,0.9522f,-0.1678f,-0.5236f,0.9351f,0.2873f,0.2075f,0.0821f,0.2458f,-0.1039f,-0.9637f,-0.0952f,0f,0f,0f,1f],start_interpolation: 0,interpolation_duration: 1}
$data merge entity $(bone_arm_right1) {transformation: [-0.885f,-0.4644f,0.0349f,-0.2782f,-0.465f,0.8853f,-0.0112f,0.2834f,-0.0257f,-0.0261f,-0.9993f,-0.0263f,0f,0f,0f,1f],start_interpolation: 0,interpolation_duration: 1}
$data merge entity $(bone_finger_left_thumb3) {transformation: [-0.7642f,-0.5327f,-0.3637f,0.4514f,-0.2163f,-0.3195f,0.9226f,0.4744f,-0.6077f,0.7837f,0.1289f,0.1534f,0f,0f,0f,1f],start_interpolation: 0,interpolation_duration: 1}
$data merge entity $(bone_finger_left_thumb1) {transformation: [0.5626f,-0.7424f,-0.3637f,0.499f,0.3279f,-0.2034f,0.9226f,0.5731f,-0.7589f,-0.6383f,0.1289f,0.0666f,0f,0f,0f,1f],start_interpolation: 0,interpolation_duration: 1}
$data merge entity $(bone_finger_left_index3) {transformation: [0.3983f,-0.8045f,-0.4406f,0.4889f,0.8401f,0.1271f,0.5273f,0.671f,-0.3682f,-0.5801f,0.7265f,0.1516f,0f,0f,0f,1f],start_interpolation: 0,interpolation_duration: 1}
$data merge entity $(bone_finger_left_index1) {transformation: [0.5409f,-0.8045f,0.2452f,0.5565f,-0.2465f,0.1271f,0.9608f,0.6402f,-0.8041f,-0.5801f,-0.1296f,0.0511f,0f,0f,0f,1f],start_interpolation: 0,interpolation_duration: 1}
$data merge entity $(bone_finger_left_middle3) {transformation: [0.4566f,-0.7953f,-0.3988f,0.5537f,0.8785f,0.3321f,0.3435f,0.6571f,-0.1408f,-0.5072f,0.8502f,0.1898f,0f,0f,0f,1f],start_interpolation: 0,interpolation_duration: 1}
$data merge entity $(bone_finger_left_middle1) {transformation: [0.4201f,-0.7953f,0.4371f,0.6063f,-0.3014f,0.3321f,0.8938f,0.6194f,-0.856f,-0.5072f,-0.1002f,0.0828f,0f,0f,0f,1f],start_interpolation: 0,interpolation_duration: 1}
$data merge entity $(bone_finger_left_ring3) {transformation: [0.4201f,-0.7953f,-0.4371f,0.6011f,0.9051f,0.3321f,0.2657f,0.6314f,-0.0661f,-0.5072f,0.8593f,0.2219f,0f,0f,0f,1f],start_interpolation: 0,interpolation_duration: 1}
$data merge entity $(bone_finger_left_ring1) {transformation: [0.4388f,-0.7953f,0.4184f,0.656f,-0.2621f,0.3321f,0.9061f,0.5987f,-0.8595f,-0.5072f,-0.0627f,0.1145f,0f,0f,0f,1f],start_interpolation: 0,interpolation_duration: 1}
$data merge entity $(bone_finger_left_pinky3) {transformation: [0.5959f,-0.7809f,-0.1874f,0.6397f,0.7155f,0.4102f,0.5656f,0.5741f,-0.3648f,-0.4711f,0.8031f,0.2523f,0f,0f,0f,1f],start_interpolation: 0,interpolation_duration: 1}
$data merge entity $(bone_finger_left_pinky1) {transformation: [0.5279f,-0.7809f,0.3339f,0.7057f,0.0302f,0.4102f,0.9115f,0.5779f,-0.8488f,-0.4711f,0.2401f,0.1462f,0f,0f,0f,1f],start_interpolation: 0,interpolation_duration: 1}
$data merge entity $(bone_hand_left1) {transformation: [-0.1299f,-0.7953f,0.5922f,0.5697f,-0.9106f,0.3321f,0.2462f,0.4229f,-0.3924f,-0.5072f,-0.7673f,0.073f,0f,0f,0f,1f],start_interpolation: 0,interpolation_duration: 1}
$data merge entity $(bone_arm_left3) {transformation: [-0.2632f,-0.9424f,0.2066f,0.5281f,-0.9304f,0.3046f,0.2041f,0.0725f,-0.2552f,-0.1385f,-0.9569f,-0.076f,0f,0f,0f,1f],start_interpolation: 0,interpolation_duration: 1}
$data merge entity $(bone_arm_left1) {transformation: [-0.8767f,0.4811f,0.0014f,0.2841f,0.481f,0.8766f,-0.0109f,0.2783f,-0.0065f,-0.0089f,-0.9999f,-0.0161f,0f,0f,0f,1f],start_interpolation: 0,interpolation_duration: 1}
$data merge entity $(bone_torso1) {transformation: [-0.9998f,0.0095f,0.0181f,0.0024f,0.0091f,0.9998f,-0.02f,0.2499f,-0.0182f,-0.0199f,-0.9996f,-0.005f,0f,0f,0f,1f],start_interpolation: 0,interpolation_duration: 1}