# This file was generated by Animated Java via MC-Build. It is not recommended to edit this file directly.
$data merge entity $(bone_head2) { transformation: [-0.999954168533677f,-0.0037978693528560544f,0.008788459506695344f,-0.06693195365307503f,-0.006639399925556648f,0.9364432868765569f,-0.3507561672051671f,1.3479461452085333f,-0.006897767809277717f,-0.3507984416330969f,-0.9364255838810899f,-0.08920038607312362f,0f,0f,0f,1f], start_interpolation: 0, interpolation_duration: 1 }
$data merge entity $(bone_head1) { transformation: [-0.999954168533677f,-0.009557398366913373f,-0.000562999625496009f,-0.0690739890967629f,-0.006639399925556648f,0.6498854492117241f,0.7600031718825284f,1.2862744356693303f,-0.006897767809277717f,0.7599720778024227f,-0.6499191193986509f,0.28068745088109437f,0f,0f,0f,1f], start_interpolation: 0, interpolation_duration: 1 }
$data merge entity $(bone_eyelid_right) { transformation: [-0.9968186830984036f,0.07949770438319971f,0.005712094516500997f,-0.1461412682646331f,0.07935295674019291f,0.983187016788322f,0.16445789210454145f,1.1274224741835486f,0.007457967722719278f,0.16438797102185213f,-0.986367565211248f,0.27973478946104996f,0f,0f,0f,1f], start_interpolation: 0, interpolation_duration: 1 }
$data merge entity $(bone_eye_right) { transformation: [-0.9968186830984036f,0.07949770438319971f,0.005712094516500997f,-0.14617696885536124f,0.07935295674019291f,0.983187016788322f,0.16445789210454145f,1.1263946123578952f,0.007457967722719278f,0.16438797102185213f,-0.986367565211248f,0.28589958674362026f,0f,0f,0f,1f], start_interpolation: 0, interpolation_duration: 1 }
$data merge entity $(bone_eyelid_left) { transformation: [-0.9954793989575741f,-0.09480579216113945f,0.005712094516500997f,0.07259870610210875f,-0.09258122674889344f,0.9820296931245006f,0.16445789210454145f,1.128874842917264f,-0.02120100716326003f,0.16318561086841513f,-0.986367565211248f,0.2812436761693294f,0f,0f,0f,1f], start_interpolation: 0, interpolation_duration: 1 }
$data merge entity $(bone_eye_left) { transformation: [-0.9954793989575741f,-0.09480579216113945f,0.005712094516500997f,0.07256300551138062f,-0.09258122674889344f,0.9820296931245006f,0.16445789210454145f,1.1278469810916105f,-0.02120100716326003f,0.16318561086841513f,-0.986367565211248f,0.2874084734518997f,0f,0f,0f,1f], start_interpolation: 0, interpolation_duration: 1 }
$data merge entity $(bone_mouth_closed) { transformation: [-0.999954168533677f,-0.007683281093175381f,0.005712094516500997f,-0.06536184349913993f,-0.006639399925556648f,0.9863617592410806f,0.16445789210454145f,0.9780484356998104f,-0.006897767809277717f,0.16441242987829024f,-0.986367565211248f,0.0392267596333231f,0f,0f,0f,1f], start_interpolation: 0, interpolation_duration: 1 }
$data merge entity $(bone_mouth_open) { transformation: [-0.999954168533677f,-0.007683281093175381f,0.005712094516500997f,-0.06508604037425006f,-0.006639399925556648f,0.9863617592410806f,0.16445789210454145f,0.94825249254918f,-0.006897767809277717f,0.16441242987829024f,-0.986367565211248f,0.02792407391705623f,0f,0f,0f,1f], start_interpolation: 0, interpolation_duration: 1 }
$data merge entity $(bone_head) { transformation: [-0.999954168533677f,-0.007683281093175381f,0.005712094516500997f,-0.0338731731983008f,-0.006639399925556648f,0.9863617592410806f,0.16445789210454145f,0.9474321119712003f,-0.006897767809277717f,0.16441242987829024f,-0.986367565211248f,0.034304426443666464f,0f,0f,0f,1f], start_interpolation: 0, interpolation_duration: 1 }
$data merge entity $(bone_neck) { transformation: [-0.983657425866121f,-0.1795704201955381f,0.013135171458117323f,-0.01984423412052438f,-0.16999596049547985f,0.9502913819565458f,0.26085946943581984f,0.8731905977558451f,-0.059324884775745934f,0.2543634281297451f,-0.9652874206558524f,0.014432283621030127f,0f,0f,0f,1f], start_interpolation: 0, interpolation_duration: 1 }
$data merge entity $(bone_finger_left2) { transformation: [-0.07027178941892807f,-0.4625733717885087f,0.8837916900062323f,0.11347232274429428f,0.4861022064955844f,-0.7895462886574767f,-0.3745948516828933f,0.7769490309313606f,0.8710720523883121f,0.4032896400596162f,0.2803407672255309f,0.7009761603414056f,0f,0f,0f,1f], start_interpolation: 0, interpolation_duration: 1 }
$data merge entity $(bone_finger_left) { transformation: [0.4590678920329136f,-0.09038207333528739f,0.8837916900062323f,0.17085580924840849f,0.8099982959840836f,0.45120001949861677f,-0.3745948516828933f,0.878198817929371f,-0.36491016840770313f,0.8878342318383893f,0.2803407672255309f,0.6553623892904428f,0f,0f,0f,1f], start_interpolation: 0, interpolation_duration: 1 }
$data merge entity $(bone_finger_left4) { transformation: [-0.09038207333528732f,-0.5343485212840438f,0.8404181927000218f,0.18691771502598728f,0.45120001949861693f,-0.7742679153948211f,-0.4437654082897924f,0.7462970611597471f,0.8878342318383893f,0.3390882672575306f,0.31107800273279246f,0.7240303696250276f,0f,0f,0f,1f], start_interpolation: 0, interpolation_duration: 1 }
$data merge entity $(bone_finger_left3) { transformation: [0.5343485212840438f,-0.09038207333528744f,0.8404181927000218f,0.25371128018649275f,0.7742679153948212f,0.45120001949861677f,-0.4437654082897924f,0.8430805505840998f,-0.3390882672575304f,0.8878342318383894f,0.31107800273279246f,0.6816443362178364f,0f,0f,0f,1f], start_interpolation: 0, interpolation_duration: 1 }
$data merge entity $(bone_thumb_left2) { transformation: [-0.06830672245495717f,-0.8070131867840094f,-0.5865696105528985f,0.06057955528288847f,0.1191421673172156f,-0.5903337609548256f,0.7983177278777461f,0.814816378857089f,-0.9905247779002897f,-0.015354707214670213f,0.13647306449235203f,0.5182422416845573f,0f,0f,0f,1f], start_interpolation: 0, interpolation_duration: 1 }
$data merge entity $(bone_thumb_left) { transformation: [-0.06830672245495717f,-0.6546733697958527f,0.7528193478834111f,0.15681655884503226f,0.1191421673172156f,0.7438289104994231f,0.6576653372895653f,0.8933013532896217f,-0.9905247779002897f,0.13461549236764656f,0.02719068921888558f,0.5525949771463021f,0f,0f,0f,1f], start_interpolation: 0, interpolation_duration: 1 }
$data merge entity $(bone_hand_left) { transformation: [0.29214384070043653f,0.3654643963736085f,0.8837916900062323f,0.2350894950535433f,-0.02620371533210686f,0.9268182466888883f,-0.3745948516828933f,0.7986192133180382f,-0.9560153459247357f,0.08627695281944586f,0.2803407672255309f,0.5137336554021843f,0f,0f,0f,1f], start_interpolation: 0, interpolation_duration: 1 }
$data merge entity $(bone_arm_left2) { transformation: [0.11852957269774594f,0.43654972420040034f,0.891838033892166f,0.32046176534624016f,-0.07969094278869507f,0.899454659891786f,-0.42968670963435757f,0.751841058268717f,-0.9897474900364935f,-0.020140831648822063f,0.1414010355936447f,0.27513434761766364f,0f,0f,0f,1f], start_interpolation: 0, interpolation_duration: 1 }
$data merge entity $(bone_arm_left) { transformation: [-0.5680842967263074f,0.41660683971172496f,0.7097316203455963f,0.13408246489306352f,0.28083159714845274f,0.908770656776305f,-0.3086575892885393f,0.8413400568863639f,-0.7735721335829168f,0.023971534948195816f,-0.6332547036194847f,0.12131973319815229f,0f,0f,0f,1f], start_interpolation: 0, interpolation_duration: 1 }
$data merge entity $(bone_finger_right2) { transformation: [0.8381294387808381f,-0.27130672874937667f,-0.47321422504424926f,-0.5968972385286331f,-0.5294449528154545f,-0.6133678410232566f,-0.5860613735238913f,0.7145106850529204f,-0.1312519934597512f,0.7417361731328608f,-0.6577236225642655f,0.03909689864861761f,0f,0f,0f,1f], start_interpolation: 0, interpolation_duration: 1 }
$data merge entity $(bone_finger_right) { transformation: [-0.2344898122077833f,-0.849165958565538f,-0.47321422504424926f,-0.5675860120026601f,-0.6358781152352675f,0.5021863090807372f,-0.5860613735238913f,0.7939954494573288f,0.735305073106124f,0.16348114810380215f,-0.6577236225642655f,-0.052816235489647895f,0f,0f,0f,1f], start_interpolation: 0, interpolation_duration: 1 }
$data merge entity $(bone_finger_right4) { transformation: [0.8416687541530697f,-0.24725522543514591f,-0.48006099797570984f,-0.6145736336868345f,-0.5343173721236127f,-0.5099047267036314f,-0.6741677206246317f,0.6601994886263854f,-0.07809388022973515f,0.8239308364057689f,-0.5612836383597457f,-0.01752233879868842f,0f,0f,0f,1f], start_interpolation: 0, interpolation_duration: 1 }
$data merge entity $(bone_finger_right3) { transformation: [-0.020990304690207365f,-0.8769839481607276f,-0.48006099797570984f,-0.6119498456005585f,-0.6308216565046284f,0.3841378947104085f,-0.6741677206246317f,0.739052195689464f,0.7756438904508749f,0.2886818880980888f,-0.5612836383597457f,-0.11447782510504778f,0f,0f,0f,1f], start_interpolation: 0, interpolation_duration: 1 }
$data merge entity $(bone_thumb_right2) { transformation: [-0.935380680408522f,0.27349498802665195f,-0.22419516998095992f,-0.3979224191430363f,-0.21382402199714956f,0.06756502738089903f,0.9745328392065506f,0.7933610344753261f,0.2816775999888037f,0.9594975031751359f,-0.004719222947444757f,0.027993888220510327f,0f,0f,0f,1f], start_interpolation: 0, interpolation_duration: 1 }
$data merge entity $(bone_thumb_right) { transformation: [-0.935380680408522f,-0.11713375184322283f,-0.3336804862403858f,-0.4688631261858508f,-0.21382402199714956f,0.9388699180645537f,0.2698195036879668f,0.820406471748911f,0.2816775999888037f,0.32373285457702405f,-0.9032467927050497f,-0.07610953586797077f,0f,0f,0f,1f], start_interpolation: 0, interpolation_duration: 1 }
$data merge entity $(bone_hand_right) { transformation: [-0.8164370028571748f,-0.3309062066226076f,-0.47321422504424926f,-0.4415180091912628f,0.011313115651736122f,0.810187681884599f,-0.5860613735238913f,0.7141194181350252f,0.5773236819842434f,-0.48383571854617746f,-0.6577236225642655f,-0.1436141231982498f,0f,0f,0f,1f], start_interpolation: 0, interpolation_duration: 1 }
$data merge entity $(bone_arm_right2) { transformation: [-0.8722584588207078f,-0.3772122862082824f,-0.31124921228694546f,-0.2429064702540199f,-0.15254886272436716f,0.8145529621842852f,-0.5596716146798124f,0.7172771578986288f,0.46464397714511f,-0.44069758670808173f,-0.768044016689439f,-0.30777786852761724f,0f,0f,0f,1f], start_interpolation: 0, interpolation_duration: 1 }
$data merge entity $(bone_arm_right) { transformation: [-0.5034166792842739f,-0.4765662350918132f,0.7207331479742062f,-0.16209812218133932f,-0.5977107786902311f,0.7944301117725515f,0.10780826752419638f,0.8599668358509243f,-0.6239498954691088f,-0.37651749106710286f,-0.6847781442661721f,-0.10899176064370426f,0f,0f,0f,1f], start_interpolation: 0, interpolation_duration: 1 }
$data merge entity $(bone_torso) { transformation: [-0.8117392716687474f,-0.055218738422328724f,0.5814036857104863f,1.9135106236677394e-18f,0.004042027706985658f,0.9949651415814819f,0.10014004718272196f,0.515625f,-0.5840060075399118f,0.0836376587715621f,-0.8074290836924963f,-0.015625f,0f,0f,0f,1f], start_interpolation: 0, interpolation_duration: 1 }
$data merge entity $(bone_foot_right) { transformation: [-0.4129821473439186f,-0.18158099163819152f,0.8924539704942192f,-0.10548752859203282f,0.004956958467391734f,0.9794600650913075f,0.20157730391610212f,0.1481728121417769f,-0.9107256307681026f,0.08767168509286828f,-0.4035994314850041f,-0.19776669101062735f,0f,0f,0f,1f], start_interpolation: 0, interpolation_duration: 1 }
$data merge entity $(bone_leg_right3) { transformation: [-0.430940579993356f,-0.4818183801828544f,0.7629818248378923f,-0.220929602357615f,0.21905226251319446f,0.7643750729091575f,0.6064213503851681f,0.2177617223705542f,-0.8753892407397068f,0.4284644634425246f,-0.22385683095243933f,-0.12352282390449487f,0f,0f,0f,1f], start_interpolation: 0, interpolation_duration: 1 }
$data merge entity $(bone_leg_right2) { transformation: [-0.47660671435154645f,0.2825849081215805f,0.83246129611949f,-0.150761294959884f,0.32642728518547065f,0.936116902345443f,-0.13088304943580692f,0.3599398930671607f,-0.8162666643453392f,0.20935834075835233f,-0.5384030254683222f,-0.1076356777068874f,0f,0f,0f,1f], start_interpolation: 0, interpolation_duration: 1 }
$data merge entity $(bone_leg_right) { transformation: [-0.47660671435154645f,0.2825849081215805f,0.83246129611949f,-0.10937499999999999f,0.32642728518547065f,0.936116902345443f,-0.13088304943580692f,0.4375f,-0.8162666643453392f,0.20935834075835233f,-0.5384030254683222f,-0.06250000000000001f,0f,0f,0f,1f], start_interpolation: 0, interpolation_duration: 1 }
$data merge entity $(bone_foot_left) { transformation: [-0.939692690645326f,0.029809433423979043f,-0.34071842454831974f,0.11844349463846009f,4.27312827082707e-7f,0.9961946902868181f,0.08715583195729032f,0.12795416286998026f,0.3420199513881685f,0.08189955264402493f,-0.9361168816601607f,0.10182135383771189f,0f,0f,0f,1f], start_interpolation: 0, interpolation_duration: 1 }
$data merge entity $(bone_leg_left3) { transformation: [-0.939692690645326f,0.17101034996494335f,-0.2961977504178843f,0.161004184503398f,4.27312827082707e-7f,0.8660253590091525f,0.5000000775528795f,0.21848897413358737f,0.3420199513881685f,0.46984629162943903f,-0.8137977728493111f,0.2187558494011837f,0f,0f,0f,1f], start_interpolation: 0, interpolation_duration: 1 }
$data merge entity $(bone_leg_left2) { transformation: [-0.9537169507482269f,-0.11507512748638368f,-0.27781593346944045f,0.13434194791273055f,0f,0.9238795325112867f,-0.38268343236508967f,0.3508862938270669f,0.300705799504273f,-0.36497167621709864f,-0.8811195706053618f,0.13419403841084449f,0f,0f,0f,1f], start_interpolation: 0, interpolation_duration: 1 }
$data merge entity $(bone_leg_left) { transformation: [-0.9537169507482269f,-0.11507512748638368f,-0.27781593346944045f,0.09374999999999999f,0f,0.9238795325112867f,-0.38268343236508967f,0.4375f,0.300705799504273f,-0.36497167621709864f,-0.8811195706053618f,0.10937500000000001f,0f,0f,0f,1f], start_interpolation: 0, interpolation_duration: 1 }