# This file was generated by Animated Java via MC-Build. It is not recommended to edit this file directly.
$data merge entity $(bone_head2) { transformation: [-0.9963415287757194f,0.07500603984671764f,-0.0409591506671598f,0.0012839730040789977f,-0.056002659549087994f,-0.9350593545791888f,-0.35003957710147526f,0.10254751943539486f,-0.06455431945494762f,-0.3464651460110575f,0.9358390045511273f,-0.19974644434325567f,0f,0f,0f,1f], start_interpolation: 0, interpolation_duration: 1 }
$data merge entity $(bone_head1) { transformation: [-0.9963415287757194f,0.06414258813425347f,0.056473767576654704f,0.0005222149060174669f,-0.056002659549087994f,0.009120473114094807f,-0.998388961824801f,0.3915498357064324f,-0.06455431945494762f,-0.9978990657163753f,-0.005494950599775117f,-0.4387068613887889f,0f,0f,0f,1f], start_interpolation: 0, interpolation_duration: 1 }
$data merge entity $(bone_eyelid_right) { transformation: [-0.9851038484256354f,0.17194848476842872f,0.002031354928164082f,-0.09073120260512478f,-0.11111299951496252f,-0.6274689393116071f,-0.7706728433894335f,0.5109219133373732f,-0.13124141555084917f,-0.7594184938392059f,0.6372277787880886f,-0.3440669405064795f,0f,0f,0f,1f], start_interpolation: 0, interpolation_duration: 1 }
$data merge entity $(bone_eye_right) { transformation: [-0.9851038484256354f,0.17194848476842872f,0.002031354928164082f,-0.09073120260512478f,-0.11111299951496252f,-0.6274689393116071f,-0.7706728433894335f,0.5109219133373732f,-0.13124141555084917f,-0.7594184938392059f,0.6372277787880886f,-0.3440669405064795f,0f,0f,0f,1f], start_interpolation: 0, interpolation_duration: 1 }
$data merge entity $(bone_eyelid_left) { transformation: [-0.9999964484843564f,-0.001725287173141396f,0.002031354928164082f,0.12721850681456384f,-0.00046610552871452493f,-0.637230846089297f,-0.7706728433894335f,0.5231724951137363f,0.00262407399096988f,-0.770671053158537f,0.6372277787880886f,-0.3299456831257097f,0f,0f,0f,1f], start_interpolation: 0, interpolation_duration: 1 }
$data merge entity $(bone_eye_left) { transformation: [-0.9999964484843564f,-0.001725287173141396f,0.002031354928164082f,0.12721850681456384f,-0.00046610552871452493f,-0.637230846089297f,-0.7706728433894335f,0.5231724951137363f,0.00262407399096988f,-0.770671053158537f,0.6372277787880886f,-0.3299456831257097f,0f,0f,0f,1f], start_interpolation: 0, interpolation_duration: 1 }
$data merge entity $(bone_mouth_closed) { transformation: [-0.9963415287757194f,0.08543671127810523f,0.002031354928164082f,-0.028465775546800437f,-0.056002659549087994f,-0.6347653665611209f,-0.7706728433894335f,0.465249272326299f,-0.06455431945494762f,-0.7679671202470242f,0.6372277787880886f,-0.05523795528110777f,0f,0f,0f,1f], start_interpolation: 0, interpolation_duration: 1 }
$data merge entity $(bone_mouth_open) { transformation: [-0.9963415287757194f,0.08543671127810523f,0.002031354928164082f,-0.0311229768059402f,-0.056002659549087994f,-0.6347653665611209f,-0.7706728433894335f,0.48026898476015006f,-0.06455431945494762f,-0.7679671202470242f,0.6372277787880886f,-0.027256309155962707f,0f,0f,0f,1f], start_interpolation: 0, interpolation_duration: 1 }
$data merge entity $(bone_head) { transformation: [-0.9963415287757194f,0.08543671127810523f,0.002031354928164082f,3.578621274043556e-18f,-0.056002659549087994f,-0.6347653665611209f,-0.7706728433894335f,0.486835773142243f,-0.06455431945494762f,-0.7679671202470242f,0.6372277787880886f,-0.02922166029042115f,0f,0f,0f,1f], start_interpolation: 0, interpolation_duration: 1 }
$data merge entity $(bone_neck) { transformation: [-1f,8.43757512246983e-17f,-8.875995962080195e-17f,-3.0132342903859984e-18f,0f,-0.7247800727736364f,-0.6889802944281077f,0.5434592163276833f,-1.2246467991473532e-16f,-0.6889802944281077f,0.7247800727736364f,0.024604925211774764f,0f,0f,0f,1f], start_interpolation: 0, interpolation_duration: 1 }
$data merge entity $(bone_finger_left2) { transformation: [0.3379940841648875f,-0.5066667122457612f,0.7931259936300223f,0.39186894185377785f,-0.867933960409965f,0.15807266464617567f,0.4708541951164191f,0.23737177648961702f,-0.36393768620000366f,-0.8475269172089633f,-0.3863256206487722f,-0.3659332154546826f,0f,0f,0f,1f], start_interpolation: 0, interpolation_duration: 1 }
$data merge entity $(bone_finger_left) { transformation: [0.5209275726882348f,0.31557189710355055f,0.7931259936300223f,0.4569848884398072f,-0.19578096212211954f,-0.8602128468070016f,0.4708541951164191f,0.21289915622435207f,0.8308455204691672f,-0.4005599030690166f,-0.3863256206487722f,-0.2620775253960367f,0f,0f,0f,1f], start_interpolation: 0, interpolation_duration: 1 }
$data merge entity $(bone_finger_left4) { transformation: [0.31557189710355066f,-0.5880707710691209f,0.744706080257598f,0.45783160395898165f,-0.8602128468070016f,0.15399830935213388f,0.4861258879188375f,0.27629152568553317f,-0.40055990306901645f,-0.7940134060145676f,-0.45726849347236476f,-0.39754722808368004f,0f,0f,0f,1f], start_interpolation: 0, interpolation_duration: 1 }
$data merge entity $(bone_finger_left3) { transformation: [0.588070771069121f,0.31557189710355055f,0.744706080257598f,0.5313404503426218f,-0.15399830935213407f,-0.8602128468070016f,0.4861258879188375f,0.2570417370165164f,0.7940134060145675f,-0.4005599030690166f,-0.45726849347236476f,-0.2982955523318591f,0f,0f,0f,1f], start_interpolation: 0, interpolation_duration: 1 }
$data merge entity $(bone_thumb_left2) { transformation: [-0.33989680471235484f,-0.8982103002816149f,-0.27872642252635926f,0.29668116848453474f,0.4412285422536103f,0.10942749841453282f,-0.8906980386705086f,0.29100412496364475f,0.8305344879335749f,-0.4257274704065368f,0.35912196437166866f,-0.2056643010810329f,0f,0f,0f,1f], start_interpolation: 0, interpolation_duration: 1 }
$data merge entity $(bone_thumb_left) { transformation: [-0.33989680471235484f,-0.3559499702034803f,0.8704997305332569f,0.4161154099484529f,0.4412285422536103f,-0.8777714288229405f,-0.1866405428702113f,0.253885665159443f,0.8305344879335749f,0.3206508029839855f,0.4554069903928134f,-0.17469263002985544f,0f,0f,0f,1f], start_interpolation: 0, interpolation_duration: 1 }
$data merge entity $(bone_hand_left) { transformation: [-0.03937810709276769f,0.6077832861392131f,0.7931259936300223f,0.45002338477426873f,0.6726165261991791f,-0.5708619234324688f,0.4708541951164191f,0.37574564905358526f,0.738942740248214f,0.5520109975940712f,-0.3863256206487722f,-0.1992274230497939f,0f,0f,0f,1f], start_interpolation: 0, interpolation_duration: 1 }
$data merge entity $(bone_arm_left2) { transformation: [-0.22247352361771683f,0.6320224939143648f,0.7423295080187666f,0.44080059812101247f,0.6600506201691713f,-0.46273232752287763f,0.5917871001293898f,0.5777449978539649f,0.7175226199245636f,0.6216320135349587f,-0.31422114767320086f,-0.039485589798228096f,0f,0f,0f,1f], start_interpolation: 0, interpolation_duration: 1 }
$data merge entity $(bone_arm_left) { transformation: [-0.9327618312220022f,0.16255591000306738f,0.32176224504819045f,0.1875f,0.1599050601664418f,-0.6133775580747033f,0.7734328302984561f,0.5693817110019219f,0.32308781770370687f,0.7728800342701244f,0.546141661730789f,0.007152510769524306f,0f,0f,0f,1f], start_interpolation: 0, interpolation_duration: 1 }
$data merge entity $(bone_finger_right2) { transformation: [-0.19730988215177564f,0.7807414284000128f,-0.5928841643906174f,-0.15208169434484417f,0.9730193655820347f,0.2297396242810203f,-0.021284248578490955f,0.34395176589267246f,0.1195914905316749f,-0.5810873660777043f,-0.805006427537873f,-0.27271154902808176f,0f,0f,0f,1f], start_interpolation: 0, interpolation_duration: 1 }
$data merge entity $(bone_finger_right) { transformation: [0.7713917993777251f,0.2311775496618032f,-0.5928841643906174f,-0.2485056692670598f,0.2719634716861336f,-0.9620721650847587f,-0.021284248578490955f,0.30995633193190575f,-0.5753177921125173f,-0.14482434084603948f,-0.805006427537873f,-0.20079682501401708f,0f,0f,0f,1f], start_interpolation: 0, interpolation_duration: 1 }
$data merge entity $(bone_finger_right4) { transformation: [-0.14463062215664763f,0.857408967555694f,-0.49389456920446123f,-0.20524352143683977f,0.9818704508903715f,0.1861681418520561f,0.03566287464144845f,0.3622048572227941f,0.12252510274600856f,-0.4797825396098027f,-0.8687901437531669f,-0.3302314920854247f,0f,0f,0f,1f], start_interpolation: 0, interpolation_duration: 1 }
$data merge entity $(bone_finger_right3) { transformation: [0.7907603059347236f,0.3616162234584648f,-0.49389456920446123f,-0.3040885596786802f,0.4339513887609752f,-0.9002301658824424f,0.03566287464144845f,0.3079609336276722f,-0.43172251591785615f,-0.24252701986976277f,-0.8687901437531669f,-0.27626617759569266f,0f,0f,0f,1f], start_interpolation: 0, interpolation_duration: 1 }
$data merge entity $(bone_thumb_right2) { transformation: [0.37640551495329944f,0.9264083780462651f,-0.009295450415680917f,-0.18448076434563146f,-0.560350045364036f,0.21966071809357088f,-0.7985968917965685f,0.4444432824819987f,-0.7377850059287356f,0.3058049803588975f,0.6017944823728697f,-0.08620849663806254f,0f,0f,0f,1f], start_interpolation: 0, interpolation_duration: 1 }
$data merge entity $(bone_thumb_right) { transformation: [0.37640551495329944f,0.30811546007498736f,-0.8737183479677652f,-0.2819328854993115f,-0.560350045364036f,-0.6753072159184155f,-0.47954977926075826f,0.36698862115677783f,-0.7377850059287356f,0.6700932975275146f,-0.08153684832907004f,-0.11945638411446928f,0f,0f,0f,1f], start_interpolation: 0, interpolation_duration: 1 }
$data merge entity $(bone_hand_right) { transformation: [0.6529990553393267f,-0.47125428522273066f,-0.5928841643906174f,-0.3488748240432191f,-0.5977022941093905f,-0.8014355547259063f,-0.021284248578490955f,0.45243933840475037f,-0.4651281558262399f,0.368266819412763f,-0.805006427537873f,-0.18887190317030256f,0f,0f,0f,1f], start_interpolation: 0, interpolation_duration: 1 }
$data merge entity $(bone_arm_right2) { transformation: [0.02659753236714202f,-0.5024023478893921f,-0.8642247694362882f,-0.40953825522477266f,-0.7740481856753741f,-0.5574184096241632f,0.30022345488773916f,0.6647153507540776f,-0.6325677651640498f,0.6609664117391254f,-0.40370958005485164f,-0.05596181063271835f,0f,0f,0f,1f], start_interpolation: 0, interpolation_duration: 1 }
$data merge entity $(bone_arm_right) { transformation: [-0.8533595321072414f,-0.5024023478893921f,-0.13917395516739706f,-0.1875f,0.1966214393412951f,-0.5574184096241632f,0.8066131205252157f,0.5651466708859278f,-0.48282245034077265f,0.6609664117391254f,0.5744613859952966f,0.02883996532776878f,0f,0f,0f,1f], start_interpolation: 0, interpolation_duration: 1 }
$data merge entity $(bone_torso) { transformation: [-1f,-6.839373914910434e-17f,-1.0158688041190578e-16f,2.1565765716323373e-17f,0f,-0.8295198295756339f,0.5584772621520158f,0.8415679050814268f,-1.2246467991473532e-16f,0.5584772621520158f,0.8295198295756339f,-0.1760978408741059f,0f,0f,0f,1f], start_interpolation: 0, interpolation_duration: 1 }
$data merge entity $(bone_foot_right) { transformation: [-0.9959530065397358f,0.08640899719803298f,0.02472031487847508f,-0.1972718398966816f,-0.07415904166302871f,-0.9454822582892494f,0.31711785790125796f,0.8568677931868723f,0.050774455231757935f,0.3140012491432026f,0.9480639061964264f,-0.5042567647545997f,0f,0f,0f,1f], start_interpolation: 0, interpolation_duration: 1 }
$data merge entity $(bone_leg_right3) { transformation: [-0.9762960071199334f,0.2145879430366634f,-0.02825103865291858f,-0.1653297204913434f,-0.15217384344008505f,-0.5877206110618587f,0.7946241908636736f,0.7245555703273189f,0.15391305290438323f,0.7800874938341015f,0.6064439579295711f,-0.43245970830477737f,0f,0f,0f,1f], start_interpolation: 0, interpolation_duration: 1 }
$data merge entity $(bone_leg_right2) { transformation: [-0.9762960071199334f,0.06508464715365338f,-0.20642212862617088f,-0.1616109358931529f,-0.15217384344008505f,0.47179262891130036f,0.8684784606872162f,0.8254131204911851f,0.15391305290438323f,0.8793041021227233f,-0.45070507888840583f,-0.30915297606336456f,0f,0f,0f,1f], start_interpolation: 0, interpolation_duration: 1 }
$data merge entity $(bone_leg_right) { transformation: [-0.9762960071199334f,0.06508464715365338f,-0.20642212862617088f,-0.12499999999999997f,-0.15217384344008505f,0.47179262891130036f,0.8684784606872162f,0.8743991120591221f,0.15391305290438323f,0.8793041021227233f,-0.45070507888840583f,-0.2315279993926212f,0f,0f,0f,1f], start_interpolation: 0, interpolation_duration: 1 }
$data merge entity $(bone_foot_left) { transformation: [-0.9897511367100605f,-0.00006383977756128228f,-0.1428029527202638f,0.1878123498452844f,0.0649158236850433f,-0.8909053501339179f,-0.4495259646984291f,1.1078507348437598f,-0.1271952169558096f,-0.454189005841449f,0.881778727207864f,-0.39850303855851005f,0f,0f,0f,1f], start_interpolation: 0, interpolation_duration: 1 }
$data merge entity $(bone_leg_left3) { transformation: [-0.9897511367100605f,-0.06599569195873443f,-0.12663828814395328f,0.18644659867258445f,0.0649158236850433f,-0.9978106877178624f,0.01263990946561111f,0.9667436125418348f,-0.1271952169558096f,0.0042895359765722785f,0.9918684270933672f,-0.45989159925514f,0f,0f,0f,1f], start_interpolation: 0, interpolation_duration: 1 }
$data merge entity $(bone_leg_left2) { transformation: [-0.9914448613738104f,-0.12607862007251916f,0.033782664431261857f,0.16780252254973027f,0.09177004143707668f,-0.48926121201999906f,0.8672956392761114f,0.9173995368910884f,-0.0928188900499414f,0.8629760413669263f,0.4966457547151349f,-0.30953141295670983f,0f,0f,0f,1f], start_interpolation: 0, interpolation_duration: 1 }
$data merge entity $(bone_leg_left) { transformation: [-0.9914448613738104f,-0.12607862007251916f,0.033782664431261857f,0.12500000000000003f,0.09177004143707668f,-0.48926121201999906f,0.8672956392761114f,0.8743991120591221f,-0.0928188900499414f,0.8629760413669263f,0.4966457547151349f,-0.23152799939262114f,0f,0f,0f,1f], start_interpolation: 0, interpolation_duration: 1 }