# This file was generated by Animated Java via MC-Build. It is not recommended to edit this file directly.
$data merge entity $(bone_head2) { transformation: [-0.9770748553433787f,-0.0828703952080565f,0.19610513673480465f,-0.15817743129101414f,-0.17863107909863807f,0.8202572846095535f,-0.5433865333489761f,2.022562488267919f,-0.11582601018671068f,-0.565959790659215f,-0.8162559958255778f,0.8526629796897195f,0f,0f,0f,1f], start_interpolation: 0, interpolation_duration: 1 }
$data merge entity $(bone_head1) { transformation: [-0.9770748553433787f,-0.2126218943344218f,-0.010800791885684821f,-0.20632624352386422f,-0.17863107909863807f,0.7911608296685523f,0.584940577476229f,2.045234200636593f,-0.11582601018671068f,0.5734600872317185f,-0.8110042316267024f,1.2238673510794404f,0f,0f,0f,1f], start_interpolation: 0, interpolation_duration: 1 }
$data merge entity $(bone_eyelid_right) { transformation: [-0.9881576167511327f,-0.08401653307316295f,0.12839683262093352f,-0.2602184225374774f,-0.092359434258169f,0.9938886141180238f,-0.06045789964979671f,1.8797593505105985f,-0.12253268690530239f,-0.07160059285313244f,-0.9898783237059225f,1.2591844965890133f,0f,0f,0f,1f], start_interpolation: 0, interpolation_duration: 1 }
$data merge entity $(bone_eye_right) { transformation: [-0.9881576167511327f,-0.08401653307316295f,0.12839683262093352f,-0.2602184225374774f,-0.092359434258169f,0.9938886141180238f,-0.06045789964979671f,1.8797593505105985f,-0.12253268690530239f,-0.07160059285313244f,-0.9898783237059225f,1.2591844965890133f,0f,0f,0f,1f], start_interpolation: 0, interpolation_duration: 1 }
$data merge entity $(bone_eyelid_left) { transformation: [-0.9585559643125335f,-0.2543319025481886f,0.12839683262093352f,-0.04648329793111329f,-0.26354323356677195f,0.9627511653647088f,-0.06045789964979671f,1.9188348990634256f,-0.10823782759294098f,-0.09179039674777362f,-0.9898783237059225f,1.2845214363173563f,0f,0f,0f,1f], start_interpolation: 0, interpolation_duration: 1 }
$data merge entity $(bone_eye_left) { transformation: [-0.9585559643125335f,-0.2543319025481886f,0.12839683262093352f,-0.04648329793111329f,-0.26354323356677195f,0.9627511653647088f,-0.06045789964979671f,1.9188348990634256f,-0.10823782759294098f,-0.09179039674777362f,-0.9898783237059225f,1.2845214363173563f,0f,0f,0f,1f], start_interpolation: 0, interpolation_duration: 1 }
$data merge entity $(bone_mouth_closed) { transformation: [-0.9770748553433787f,-0.16982043583923545f,0.12839683262093352f,-0.12307358238382116f,-0.17863107909863807f,0.9820569127856038f,-0.06045789964979671f,1.6959384188093936f,-0.11582601018671068f,-0.08200755831861414f,-0.9898783237059225f,1.0602685240334415f,0f,0f,0f,1f], start_interpolation: 0, interpolation_duration: 1 }
$data merge entity $(bone_mouth_open) { transformation: [-0.9770748553433787f,-0.16982043583923545f,0.12839683262093352f,-0.11856917396772589f,-0.17863107909863807f,0.9820569127856038f,-0.06045789964979671f,1.6656270021576547f,-0.11582601018671068f,-0.08200755831861414f,-0.9898783237059225f,1.0690179997540603f,0f,0f,0f,1f], start_interpolation: 0, interpolation_duration: 1 }
$data merge entity $(bone_head) { transformation: [-0.9770748553433787f,-0.16982043583923545f,0.12839683262093352f,-0.0880355847382453f,-0.17863107909863807f,0.9820569127856038f,-0.06045789964979671f,1.671209223379487f,-0.11582601018671068f,-0.08200755831861414f,-0.9898783237059225f,1.072637562572395f,0f,0f,0f,1f], start_interpolation: 0, interpolation_duration: 1 }
$data merge entity $(bone_neck) { transformation: [-0.9277000623728275f,-0.26785431687332806f,0.26005126264983774f,-0.06710946623251654f,-0.28059182079439654f,0.9597466824992471f,-0.012431232238780454f,1.5962290138092334f,-0.24625357738870993f,-0.08450071221008751f,-0.9655147876957921f,1.079239180713808f,0f,0f,0f,1f], start_interpolation: 0, interpolation_duration: 1 }
$data merge entity $(bone_finger_left2) { transformation: [0.38963779865440445f,-0.644806578117707f,0.33872357730018904f,0.17768452028957324f,1.2996096207868904f,0.6994948240895076f,-0.02405816622520207f,2.2747867443837784f,-0.42048714175365776f,0.10225288498496454f,1.0471633784930414f,1.2524148108220647f,0f,0f,0f,1f], start_interpolation: 0, interpolation_duration: 1 }
$data merge entity $(bone_finger_left) { transformation: [0.6611886272044616f,0.3611408819001198f,0.33872357730018904f,0.26033309869013094f,-0.6421408845395163f,1.328884216089823f,-0.02405816622520207f,2.194519133816339f,-0.12049695441413877f,-0.415626722967648f,1.0471633784930414f,1.2373526915202975f,0f,0f,0f,1f], start_interpolation: 0, interpolation_duration: 1 }
$data merge entity $(bone_finger_left4) { transformation: [0.36114088190011995f,-0.6881943098253861f,0.2798082459248085f,0.2060641453338504f,1.3288842160898229f,0.6417941519527142f,0.031999648101323566f,2.2724879497268153f,-0.415626722967648f,0.028772125092859525f,1.0536806072514027f,1.3391207738906274f,0f,0f,0f,1f], start_interpolation: 0, interpolation_duration: 1 }
$data merge entity $(bone_finger_left3) { transformation: [0.6881943098253862f,0.3611408819001198f,0.2798082459248085f,0.29208843406202367f,-0.6417941519527138f,1.328884216089823f,0.031999648101323566f,2.1922636807327263f,-0.02877212509285962f,-0.415626722967648f,1.0536806072514027f,1.33552425825402f,0f,0f,0f,1f], start_interpolation: 0, interpolation_duration: 1 }
$data merge entity $(bone_thumb_left2) { transformation: [-0.1435125293972135f,-0.8003257102887854f,0.14563553996164152f,0.13731467569428518f,-1.3537395590218881f,0.27814549912134123f,0.5185376152119913f,2.0440252205811755f,-0.11153366508807327f,-0.3321721112089564f,-1.0775148074211676f,1.1845031168063411f,0f,0f,0f,1f], start_interpolation: 0, interpolation_duration: 1 }
$data merge entity $(bone_thumb_left) { transformation: [-0.1435125293972135f,0.07532837104324941f,0.8099732029920116f,0.24304609261194954f,-1.3537395590218881f,0.5408064006031621f,-0.2318935405263618f,2.0573428892348145f,-0.11153366508807327f,-1.1023652453407897f,0.23699649267791198f,1.2176131054250825f,0f,0f,0f,1f], start_interpolation: 0, interpolation_duration: 1 }
$data merge entity $(bone_hand_left) { transformation: [-0.015032942850507082f,0.7532377765044516f,0.33872357730018904f,0.22678450802415734f,-1.4752423586488617f,0.04402452291620438f,-0.02405816622520207f,1.960133256053385f,0.3130261042308937f,-0.2987971668840565f,1.0471633784930414f,1.3540236266034895f,0f,0f,0f,1f], start_interpolation: 0, interpolation_duration: 1 }
$data merge entity $(bone_arm_left2) { transformation: [-0.15049131394342755f,0.7595821472379423f,0.28760063485349197f,0.2071367192166437f,-1.4517264540019146f,-0.1391739262207226f,-0.22798660430672463f,1.5829524797837362f,0.1927260917395403f,-0.21238595957487613f,1.0961592438433072f,1.4707151022785814f,0f,0f,0f,1f], start_interpolation: 0, interpolation_duration: 1 }
$data merge entity $(bone_arm_left) { transformation: [-0.31750229601842556f,0.7625401597353912f,0.00718303257029472f,0.1273122056763939f,-0.4102629376462732f,-0.09561257642588397f,-1.4147082836949212f,1.5688060131031005f,-0.9128946346741655f,-0.2222402754226341f,0.6332841985144296f,1.202911181202888f,0f,0f,0f,1f], start_interpolation: 0, interpolation_duration: 1 }
$data merge entity $(bone_finger_right2) { transformation: [0.968040913106872f,0.09323001543966589f,-0.23281957557802888f,-0.5801589055618112f,-0.12606618353191407f,-0.6216335425221167f,-0.7730970548263016f,1.2096581611391661f,-0.21680430789288227f,0.7777402542189285f,-0.5900135498838689f,1.2581386733998907f,0f,0f,0f,1f], start_interpolation: 0, interpolation_duration: 1 }
$data merge entity $(bone_finger_right) { transformation: [0.13536663269734944f,-0.9630529165003592f,-0.23281957557802888f,-0.5970797346489798f,-0.6265408148254988f,0.09883092216861264f,-0.7730970548263016f,1.2879757629923534f,0.7675431467415892f,0.2505225116500598f,-0.5900135498838689f,1.162195780057192f,0f,0f,0f,1f], start_interpolation: 0, interpolation_duration: 1 }
$data merge entity $(bone_finger_right4) { transformation: [0.9783859833607105f,0.0777859285957625f,-0.19159910457982487f,-0.5778615244459657f,-0.125539961217103f,-0.5128312835624504f,-0.8492607330715919f,1.1495167748265924f,-0.16431854947297964f,0.85495814161407f,-0.49198169720723484f,1.204794182169818f,0f,0f,0f,1f], start_interpolation: 0, interpolation_duration: 1 }
$data merge entity $(bone_finger_right3) { transformation: [0.3283603633076342f,-0.9249158096457688f,-0.19159910457982487f,-0.61890656985942f,-0.5278491142063615f,-0.011468212339405648f,-0.8492607330715919f,1.2154979141023876f,0.7832973793139089f,0.37999898048948827f,-0.49198169720723484f,1.1068820097555794f,0f,0f,0f,1f], start_interpolation: 0, interpolation_duration: 1 }
$data merge entity $(bone_thumb_right2) { transformation: [-0.7188450628173597f,0.30720801577984946f,-0.6236064549888127f,-0.43705321856133333f,-0.5757925126495914f,0.23952071974655478f,0.7817242526548365f,1.3653288211565364f,0.389518623482596f,0.921006547128032f,0.004709788479703714f,1.223223903573776f,0f,0f,0f,1f], start_interpolation: 0, interpolation_duration: 1 }
$data merge entity $(bone_thumb_right) { transformation: [-0.7188450628173597f,-0.4809270544396286f,-0.5019670745886915f,-0.5222630110979622f,-0.5757925126495914f,0.8165014226063129f,0.042289588062991434f,1.3526215036441107f,0.389518623482596f,0.31942854473244897f,-0.8638522135008587f,1.1274148338699999f,0f,0f,0f,1f], start_interpolation: 0, interpolation_duration: 1 }
$data merge entity $(bone_hand_right) { transformation: [-0.6816352634218388f,-0.6936630398741936f,-0.23281957557802888f,-0.4581337023524005f,-0.30300603953892696f,0.557232701680216f,-0.7730970548263016f,1.2642544883703144f,0.6660035342719848f,-0.4564244770941412f,-0.5900135498838689f,1.059002372494772f,0f,0f,0f,1f], start_interpolation: 0, interpolation_duration: 1 }
$data merge entity $(bone_arm_right2) { transformation: [-0.6865541703736566f,-0.7128983299592416f,-0.1428962640654556f,-0.2954261762630773f,-0.43334578900127996f,0.5590252663281605f,-0.7068961584006432f,1.3284099257205941f,0.5838277128549126f,-0.42339901127429835f,-0.692732617215725f,0.8697496557050609f,0f,0f,0f,1f], start_interpolation: 0, interpolation_duration: 1 }
$data merge entity $(bone_arm_right) { transformation: [-0.3943396032695058f,-0.7128983299592416f,0.5798898588823338f,-0.2330843916258467f,-0.8188286139159022f,0.5590252663281605f,0.13042412598630407f,1.5249655713254258f,-0.4171522244047259f,-0.42339901127429835f,-0.804187353124964f,1.0242994213765526f,0f,0f,0f,1f], start_interpolation: 0, interpolation_duration: 1 }
$data merge entity $(bone_torso) { transformation: [-0.9277000623728275f,-0.18673938429917605f,0.32326613900162315f,-1.4734031802241592e-16f,-0.28059182079439654f,0.919941603643084f,-0.27381686578784026f,1.265625f,-0.24625357738870993f,-0.34472575801375144f,-0.9058274269335782f,1.203125f,0f,0f,0f,1f], start_interpolation: 0, interpolation_duration: 1 }
$data merge entity $(bone_foot_right) { transformation: [-1f,-1.2256206804338234e-16f,-2.3835144147497447e-17f,-0.1562500000000001f,0f,-0.10362851760221359f,1.1788934174291101f,0.6115582516876652f,-1.2246467991473532e-16f,1.000795234419547f,0.19462872204534742f,0.9664714193216772f,0f,0f,0f,1f], start_interpolation: 0, interpolation_duration: 1 }
$data merge entity $(bone_leg_right3) { transformation: [-1f,-7.422502139968952e-17f,1.0040030287712431e-16f,-0.15625000000000014f,0f,1.0197531982811652f,0.6005264140014601f,0.7174281443208628f,-1.2246467991473532e-16f,0.6060932952371891f,-0.8198306887098133f,1.1029427070087703f,0f,0f,0f,1f], start_interpolation: 0, interpolation_duration: 1 }
$data merge entity $(bone_leg_right2) { transformation: [-1f,-4.4015663066920266e-17f,1.1684261219427616e-16f,-0.15625000000000014f,0f,1.1449107998383847f,0.2995126370147817f,0.9414586891972718f,-1.2246467991473532e-16f,0.35941516441773813f,-0.954092333198654f,1.1405176649246382f,0f,0f,0f,1f], start_interpolation: 0, interpolation_duration: 1 }
$data merge entity $(bone_leg_right) { transformation: [-1f,-4.4015663066920266e-17f,1.1684261219427616e-16f,-0.12500000000000014f,0f,1.1449107998383847f,0.2995126370147817f,1.0487940766821204f,-1.2246467991473532e-16f,0.35941516441773813f,-0.954092333198654f,1.1742128365888012f,0f,0f,0f,1f], start_interpolation: 0, interpolation_duration: 1 }
$data merge entity $(bone_foot_left) { transformation: [-1f,-1.2490221328550824e-16f,2.819672052998456e-17f,0.15624999999999986f,0f,0.08499673386863948f,1.1573933154921887f,0.7734508753415206f,-1.2246467991473532e-16f,1.0199039704547466f,-0.23024369597516775f,1.2434731668212402f,0f,0f,0f,1f], start_interpolation: 0, interpolation_duration: 1 }
$data merge entity $(bone_leg_left3) { transformation: [-1f,-5.366568742831631e-17f,1.1625666400301917e-16f,0.15624999999999983f,0f,0.9699645860474222f,0.6371439659356355f,0.870030647383462f,-1.2246467991473532e-16f,0.4382135932228006f,-0.949307703118659f,1.3644286848131126f,0f,0f,0f,1f], start_interpolation: 0, interpolation_duration: 1 }
$data merge entity $(bone_leg_left2) { transformation: [-1f,6.764124871385019e-17f,1.0872110836767487e-16f,0.15624999999999983f,0f,1.065330266098314f,-0.46027725953954407f,1.049074207776858f,-1.2246467991473532e-16f,-0.5523327114474529f,-0.887775221748595f,1.3024018023691364f,0f,0f,0f,1f], start_interpolation: 0, interpolation_duration: 1 }
$data merge entity $(bone_leg_left) { transformation: [-1f,6.764124871385019e-17f,1.0872110836767487e-16f,0.12499999999999983f,0f,1.065330266098314f,-0.46027725953954407f,1.148948920223575f,-1.2246467991473532e-16f,-0.5523327114474529f,-0.887775221748595f,1.2506206106709377f,0f,0f,0f,1f], start_interpolation: 0, interpolation_duration: 1 }