# This file was generated by Animated Java via MC-Build. It is not recommended to edit this file directly.
$data merge entity $(bone_head2) { transformation: [-0.9687721201331029f,0.02306889782286231f,0.2468773080014673f,-0.07383909852232115f,-0.15794058378910714f,0.7101257541540567f,-0.6861313178098551f,2.370059696164986f,-0.19114222779168666f,-0.7036968375944082f,-0.6843065172234297f,0.5016986381925482f,0f,0f,0f,1f], start_interpolation: 0, interpolation_duration: 1 }
$data merge entity $(bone_head1) { transformation: [-0.9687721201331029f,-0.22409875682872815f,0.10611468532032496f,-0.15834027449430257f,-0.15794058378910714f,0.887629848451051f,0.43262919935103844f,2.459738799094386f,-0.19114222779168666f,0.40235929133870274f,-0.8953053386572919f,0.8558768557005286f,0f,0f,0f,1f], start_interpolation: 0, interpolation_duration: 1 }
$data merge entity $(bone_eyelid_right) { transformation: [-0.9741028179560959f,-0.018632650698535924f,0.2253364692586171f,-0.22504250845469037f,-0.07383978607570381f,0.9681723513799048f,-0.2391442744784006f,2.305326695690498f,-0.2137086475608501f,-0.24958990835258682f,-0.9444752466879477f,0.9128093425343276f,0f,0f,0f,1f], start_interpolation: 0, interpolation_duration: 1 }
$data merge entity $(bone_eye_right) { transformation: [-0.9741028179560959f,-0.018632650698535924f,0.2253364692586171f,-0.22504250845469037f,-0.07383978607570381f,0.9681723513799048f,-0.2391442744784006f,2.305326695690498f,-0.2137086475608501f,-0.24958990835258682f,-0.9444752466879477f,0.9128093425343276f,0f,0f,0f,1f], start_interpolation: 0, interpolation_duration: 1 }
$data merge entity $(bone_eyelid_left) { transformation: [-0.9560684815152974f,-0.18750075806538416f,0.2253364692586171f,-0.013123607175574125f,-0.24083935829274344f,0.9406414935996281f,-0.2391442744784006f,2.3398761983943652f,-0.16712110025419583f,-0.28290819401983985f,-0.9444752466879477f,0.954621704863759f,0f,0f,0f,1f], start_interpolation: 0, interpolation_duration: 1 }
$data merge entity $(bone_eye_left) { transformation: [-0.9560684815152974f,-0.18750075806538416f,0.2253364692586171f,-0.01312360717557412f,-0.24083935829274344f,0.9406414935996281f,-0.2391442744784006f,2.3398761983943652f,-0.16712110025419583f,-0.28290819401983985f,-0.9444752466879477f,0.954621704863759f,0f,0f,0f,1f], start_interpolation: 0, interpolation_duration: 1 }
$data merge entity $(bone_mouth_closed) { transformation: [-0.9687721201331029f,-0.10346040244882734f,0.2253364692586171f,-0.07911682023366111f,-0.15794058378910714f,0.9580526018839235f,-0.2391442744784006f,2.0840740140165974f,-0.19114222779168666f,-0.26726607930781504f,-0.9444752466879477f,0.7647574914168003f,0f,0f,0f,1f], start_interpolation: 0, interpolation_duration: 1 }
$data merge entity $(bone_mouth_open) { transformation: [-0.9687721201331029f,-0.10346040244882734f,0.2253364692586171f,-0.07729203559000161f,-0.15794058378910714f,0.9580526018839235f,-0.2391442744784006f,2.055629521923215f,-0.19114222779168666f,-0.26726607930781504f,-0.9444752466879477f,0.7790125266869692f,0f,0f,0f,1f], start_interpolation: 0, interpolation_duration: 1 }
$data merge entity $(bone_head) { transformation: [-0.9687721201331029f,-0.10346040244882734f,0.2253364692586171f,-0.047017906835842144f,-0.15794058378910714f,0.9580526018839235f,-0.2391442744784006f,2.0605651651666244f,-0.19114222779168666f,-0.26726607930781504f,-0.9444752466879477f,0.7849857213054593f,0f,0f,0f,1f], start_interpolation: 0, interpolation_duration: 1 }
$data merge entity $(bone_neck) { transformation: [-0.8869798474011887f,-0.1862284402667491f,0.4225940349081822f,-0.03246880994000237f,-0.33354654405768874f,0.8912318541648511f,-0.3073312302208384f,1.9909376765599953f,-0.319395449640937f,-0.41355138756591736f,-0.8526205466624459f,0.8172944234590466f,0f,0f,0f,1f], start_interpolation: 0, interpolation_duration: 1 }
$data merge entity $(bone_finger_left2) { transformation: [0.684143365670173f,-0.7293104770854577f,0.007354129647358723f,0.21995256810805303f,0.6733567695838514f,0.6354651129602271f,0.3778554631946534f,2.676668695101835f,-0.28024724095892245f,-0.25355535534440593f,0.9258353880205077f,0.9536878772281704f,0f,0f,0f,1f], start_interpolation: 0, interpolation_duration: 1 }
$data merge entity $(bone_finger_left) { transformation: [0.7584582495938347f,0.6516801365702244f,0.007354129647358723f,0.31475984930728235f,-0.60548888121268f,0.7004344820622206f,0.3778554631946534f,2.60098258495025f,0.24108981386793088f,-0.29104043694655685f,0.9258353880205077f,0.9838241039616618f,0f,0f,0f,1f], start_interpolation: 0, interpolation_duration: 1 }
$data merge entity $(bone_finger_left4) { transformation: [0.6516801365702246f,-0.7562130416010021f,-0.05877784712266129f,0.2209226687615969f,0.7004344820622205f,0.5702525396715842f,0.42918944224705413f,2.707688102083697f,-0.29104043694655685f,-0.3208642652441523f,0.9012999430551896f,1.0305131384330652f,0f,0f,0f,1f], start_interpolation: 0, interpolation_duration: 1 }
$data merge entity $(bone_finger_left3) { transformation: [0.7562130416010022f,0.6516801365702244f,-0.05877784712266129f,0.3154492989617222f,-0.5702525396715841f,0.7004344820622206f,0.42918944224705413f,2.636406534624749f,0.32086426524415224f,-0.2910404369465569f,0.9012999430551896f,1.0706211715885843f,0f,0f,0f,1f], start_interpolation: 0, interpolation_duration: 1 }
$data merge entity $(bone_thumb_left2) { transformation: [-0.21330205089730456f,-0.7779926639025402f,0.5909565550840711f,0.18307316709044602f,-0.9769005005175637f,0.17785788950995854f,-0.11845667236418866f,2.4917234441273846f,-0.012947863589682806f,-0.6025728056035156f,-0.797958875366125f,0.9083179550448325f,0f,0f,0f,1f], start_interpolation: 0, interpolation_duration: 1 }
$data merge entity $(bone_thumb_left) { transformation: [-0.21330205089730456f,0.5209012585026589f,0.8265374244239337f,0.2930560342339785f,-0.9769005005175637f,-0.10250457249902434f,-0.1875052658069251f,2.498813426542693f,-0.012947863589682806f,-0.8474400813669005f,0.5307331356918694f,0.9750642177434937f,0f,0f,0f,1f], start_interpolation: 0, interpolation_duration: 1 }
$data merge entity $(bone_hand_left) { transformation: [-0.22783029595822765f,0.9736730832372416f,0.007354129647358723f,0.2186515226887016f,-0.9008766247499536f,-0.21365054625037905f,0.3778554631946534f,2.491285746310968f,0.36947890768312863f,0.0794617585143848f,0.9258353880205077f,1.0799873571934628f,0f,0f,0f,1f], start_interpolation: 0, interpolation_duration: 1 }
$data merge entity $(bone_arm_left2) { transformation: [-0.33787268213556776f,0.9375796930738073f,-0.08237942584251864f,0.12903463803965226f,-0.9147093680033601f,-0.30648900168236903f,0.2633842514932101f,2.2790699200284537f,0.22169533768983823f,0.16434357603316954f,0.9611671895478011f,1.19548414096266f,0f,0f,0f,1f], start_interpolation: 0, interpolation_duration: 1 }
$data merge entity $(bone_arm_left) { transformation: [-0.11284119651873387f,0.9510449168921637f,-0.28771588489653843f,0.11880658171600246f,-0.7454406756990275f,-0.2724833957698668f,-0.6083346102623947f,2.1307306642450965f,-0.6569513401931667f,0.14582991834085285f,0.7396949178783794f,0.9850153735469696f,0f,0f,0f,1f], start_interpolation: 0, interpolation_duration: 1 }
$data merge entity $(bone_finger_right2) { transformation: [0.7020439365159497f,-0.37667368111356164f,0.6043601981910689f,-0.6366103750089303f,-0.12390992193757855f,-0.9003276491468047f,-0.4172007375679133f,1.460482904507685f,0.7012707340582611f,0.21800702313950063f,-0.6787431733838957f,0.5698135753175736f,0f,0f,0f,1f], start_interpolation: 0, interpolation_duration: 1 }
$data merge entity $(bone_finger_right) { transformation: [-0.34569244481882105f,-0.7178060214554056f,0.6043601981910689f,-0.5933988194065776f,-0.9048756116044938f,0.08452024666422797f,-0.4172007375679133f,1.5735923559582468f,0.24838852855673374f,-0.691093946917624f,-0.6787431733838957f,0.5387650092479819f,0f,0f,0f,1f], start_interpolation: 0, interpolation_duration: 1 }
$data merge entity $(bone_finger_right4) { transformation: [0.6650063934013536f,-0.48135154845765266f,0.5710229273266918f,-0.5733442473826987f,-0.14696391128927355f,-0.8339805292543213f,-0.5318628447290148f,1.4290297379345802f,0.7322350070256699f,0.2697724293216449f,-0.6253436901928534f,0.5313949019946843f,0f,0f,0f,1f], start_interpolation: 0, interpolation_duration: 1 }
$data merge entity $(bone_finger_right3) { transformation: [-0.29283357245227104f,-0.7669297981641451f,0.5710229273266918f,-0.5367400508261648f,-0.8436003910133961f,-0.07389380676893342f,-0.5318628447290148f,1.5344797868112547f,0.4500965220115406f,-0.6374624616470365f,-0.6253436901928534f,0.4751328367432417f,0f,0f,0f,1f], start_interpolation: 0, interpolation_duration: 1 }
$data merge entity $(bone_thumb_right2) { transformation: [-0.48927167131834415f,-0.6606677358971363f,-0.569325367773039f,-0.5865841300553387f,-0.6066277583462826f,-0.21120329453361744f,0.7664175958196091f,1.5998873554123376f,-0.6265907711170972f,0.7203549896562791f,-0.29744359873459014f,0.7247180848644185f,0f,0f,0f,1f], start_interpolation: 0, interpolation_duration: 1 }
$data merge entity $(bone_thumb_right) { transformation: [-0.48927167131834415f,-0.7609525206447318f,0.42610385232919845f,-0.5486108882428872f,-0.6066277583462826f,0.6479611781649223f,0.46059643332845035f,1.6385047921300726f,-0.6265907711170972f,-0.03312963802329777f,-0.778643970396822f,0.6078066269674064f,0f,0f,0f,1f], start_interpolation: 0, interpolation_duration: 1 }
$data merge entity $(bone_hand_right) { transformation: [-0.7799180315082319f,-0.162716363561802f,0.6043601981910689f,-0.43303746997059733f,-0.48379895038218734f,0.7693387551539845f,-0.4172007375679133f,1.5815459851848435f,-0.3970723356485799f,-0.6177712075253593f,-0.6787431733838957f,0.6076021759110374f,0f,0f,0f,1f], start_interpolation: 0, interpolation_duration: 1 }
$data merge entity $(bone_arm_right2) { transformation: [-0.7607551946203578f,-0.42290315386425015f,0.4923458706131413f,-0.21207705440218655f,-0.640028619063348f,0.614775259289555f,-0.4608847441013034f,1.712747843444349f,-0.10777244841797651f,-0.6657359108664116f,-0.7383635935938772f,0.5883975634159142f,0f,0f,0f,1f], start_interpolation: 0, interpolation_duration: 1 }
$data merge entity $(bone_arm_right) { transformation: [-0.3008445998071194f,-0.42290315386425015f,0.8547780116606678f,-0.19028953017919845f,-0.7882491886026803f,0.614775259289555f,0.02673195153138319f,1.9081393936243076f,-0.5368014003652656f,-0.6657359108664116f,-0.5183048847432941f,0.7549919688036865f,0f,0f,0f,1f], start_interpolation: 0, interpolation_duration: 1 }
$data merge entity $(bone_torso) { transformation: [-0.8869798474011887f,-0.09034799287652799f,0.4528840806291903f,-1.259807556857248e-16f,-0.33354654405768874f,0.8035874478191183f,-0.4929441313726416f,1.7021484374999998f,-0.319395449640937f,-0.5882894303748273f,-0.7429011326266268f,1.0287109375f,0f,0f,0f,1f], start_interpolation: 0, interpolation_duration: 1 }
$data merge entity $(bone_foot_right) { transformation: [-1f,-1.224615189101292e-16f,-8.79893654166406e-19f,-0.1562500000000001f,0f,-0.007184876935774687f,0.9999741884385904f,1.103432801837938f,-1.2246467991473532e-16f,0.9999741884385904f,0.007184876935774687f,0.9226892400284458f,0f,0f,0f,1f], start_interpolation: 0, interpolation_duration: 1 }
$data merge entity $(bone_leg_right3) { transformation: [-1f,-5.4107225861790104e-17f,1.0986357875183116e-16f,-0.15625000000000014f,0f,0.8971042003973918f,0.4418190281431484f,1.2019743907598746f,-1.2246467991473532e-16f,0.4418190281431484f,-0.8971042003973918f,1.040889053385913f,0f,0f,0f,1f], start_interpolation: 0, interpolation_duration: 1 }
$data merge entity $(bone_leg_right2) { transformation: [-1f,-1.8566363177382007e-17f,1.2104911393721198e-16f,-0.15625000000000014f,0f,0.9884410266004132f,0.15160586048408922f,1.39204476638758f,-1.2246467991473532e-16f,0.15160586048408922f,-0.9884410266004132f,1.0384263701454168f,0f,0f,0f,1f], start_interpolation: 0, interpolation_duration: 1 }
$data merge entity $(bone_leg_right) { transformation: [-1f,-1.8566363177382007e-17f,1.2104911393721198e-16f,-0.12500000000000014f,0f,0.9884410266004132f,0.15160586048408922f,1.4847111126313686f,-1.2246467991473532e-16f,0.15160586048408922f,-0.9884410266004132f,1.0526394195658002f,0f,0f,0f,1f], start_interpolation: 0, interpolation_duration: 1 }
$data merge entity $(bone_foot_left) { transformation: [-1f,-1.0733720466073937e-16f,5.89603453368204e-17f,0.15624999999999983f,0f,0.4814477560213352f,0.8764747904087261f,1.3838004297605995f,-1.2246467991473532e-16f,0.8764747904087261f,-0.4814477560213352f,1.2711758334685324f,0f,0f,0f,1f], start_interpolation: 0, interpolation_duration: 1 }
$data merge entity $(bone_leg_left3) { transformation: [-1f,-1.8566363177381992e-17f,1.2104911393721195e-16f,0.15624999999999983f,0f,0.988441026600413f,0.15160586048408914f,1.5133245828460269f,-1.2246467991473532e-16f,0.15160586048408914f,-0.988441026600413f,1.3542729717616333f,0f,0f,0f,1f], start_interpolation: 0, interpolation_duration: 1 }
$data merge entity $(bone_leg_left2) { transformation: [-1f,1.1897032034010669e-16f,2.9045837994297405e-17f,0.15624999999999986f,0f,0.23717726624950353f,-0.9714663887003049f,1.5959210176678387f,-1.2246467991473532e-16f,-0.9714663887003049f,-0.23717726624950353f,1.2135990328826562f,0f,0f,0f,1f], start_interpolation: 0, interpolation_duration: 1 }
$data merge entity $(bone_leg_left) { transformation: [-1f,1.1897032034010669e-16f,2.9045837994297405e-17f,0.12499999999999986f,0f,0.23717726624950353f,-0.9714663887003049f,1.6181563863787296f,-1.2246467991473532e-16f,-0.9714663887003049f,-0.23717726624950353f,1.1225240589420027f,0f,0f,0f,1f], start_interpolation: 0, interpolation_duration: 1 }