# This file was generated by Animated Java via MC-Build. It is not recommended to edit this file directly.
$data merge entity $(bone_head2) { transformation: [-0.999643117258345f,-0.008929406333775288f,0.025177446664525614f,-0.03839053341637113f,-0.018503943050442305f,0.9112187111349959f,-0.411507065029342f,1.5600318823445078f,-0.019267646706452767f,-0.4118260872989998f,-0.9110587421293931f,-0.9662724577479724f,0f,0f,0f,1f], start_interpolation: 0, interpolation_duration: 1 }
$data merge entity $(bone_head1) { transformation: [-0.999643117258345f,-0.026713097674976462f,0.00022029667692784714f,-0.04489288538400337f,-0.018503943050442305f,0.6983453065927622f,0.715521793414741f,1.5228192135637657f,-0.019267646706452767f,0.7152623596782292f,-0.698590376843202f,-0.5931800607454286f,0f,0f,0f,1f], start_interpolation: 0, interpolation_duration: 1 }
$data merge entity $(bone_eyelid_right) { transformation: [-0.997610336369187f,0.06688015295463434f,0.017339605247019323f,-0.12025904754519989f,0.06827702864049424f,0.9927189449129639f,0.09923378341531269f,1.3633788390689807f,-0.01057658401294506f,0.10018054477620279f,-0.9949130586734503f,-0.5846403106287715f,0f,0f,0f,1f], start_interpolation: 0, interpolation_duration: 1 }
$data merge entity $(bone_eye_right) { transformation: [-0.997610336369187f,0.06688015295463434f,0.017339605247019323f,-0.12036742007799377f,0.06827702864049424f,0.9927189449129639f,0.09923378341531269f,1.362758627922635f,-0.01057658401294506f,0.10018054477620279f,-0.9949130586734503f,-0.5784221040120625f,0f,0f,0f,1f], start_interpolation: 0, interpolation_duration: 1 }
$data merge entity $(bone_eyelid_left) { transformation: [-0.9940680104241498f,-0.10736912377983648f,0.017339605247019323f,0.09841288435506307f,-0.10514408856177869f,0.9894934951123204f,0.09923378341531269f,1.367426576611265f,-0.0278120709744012f,0.09682197265680208f,-0.9949130586734503f,-0.580425512911735f,0f,0f,0f,1f], start_interpolation: 0, interpolation_duration: 1 }
$data merge entity $(bone_eye_left) { transformation: [-0.9940680104241498f,-0.10736912377983648f,0.017339605247019323f,0.0983045118222692f,-0.10514408856177869f,0.9894934951123204f,0.09923378341531269f,1.3668063654649192f,-0.0278120709744012f,0.09682197265680208f,-0.9949130586734503f,-0.574207306295026f,0f,0f,0f,1f], start_interpolation: 0, interpolation_duration: 1 }
$data merge entity $(bone_mouth_closed) { transformation: [-0.999643117258345f,-0.020321816058025872f,0.017339605247019323f,-0.03465608513024086f,-0.018503943050442305f,0.9948920847612915f,0.09923378341531269f,1.1994313938174428f,-0.019267646706452767f,0.0988775175226147f,-0.9949130586734503f,-0.8137154058950993f,0f,0f,0f,1f], start_interpolation: 0, interpolation_duration: 1 }
$data merge entity $(bone_mouth_open) { transformation: [-0.999643117258345f,-0.020321816058025872f,0.017339605247019323f,-0.03391265584563368f,-0.018503943050442305f,0.9948920847612915f,0.09923378341531269f,1.168961227314998f,-0.019267646706452767f,0.0988775175226147f,-0.9949130586734503f,-0.8230235349343901f,0f,0f,0f,1f], start_interpolation: 0, interpolation_duration: 1 }
$data merge entity $(bone_head) { transformation: [-0.999643117258345f,-0.020321816058025872f,0.017339605247019323f,-0.00278218096410427f,-0.018503943050442305f,0.9948920847612915f,0.09923378341531269f,1.1689192643889788f,-0.019267646706452767f,0.0988775175226147f,-0.9949130586734503f,-0.8162032143581044f,0f,0f,0f,1f], start_interpolation: 0, interpolation_duration: 1 }
$data merge entity $(bone_neck) { transformation: [-0.9932452901354241f,-0.11111337348807027f,0.03343070229441619f,0.00589855133965122f,-0.11489996330846369f,0.9016609739594877f,-0.4168998518471093f,1.0984770007983937f,0.01617998935447612f,-0.417925000772302f,-0.9083374382210394f,-0.7835528236727684f,0f,0f,0f,1f], start_interpolation: 0, interpolation_duration: 1 }
$data merge entity $(bone_finger_left2) { transformation: [0.35279697799126714f,-0.8789706317301145f,0.3208503091414956f,0.24009733095677166f,-0.23657569494207192f,-0.415548713530105f,-0.8782660230511884f,0.8722581581953818f,0.9052989743078829f,0.23394421394733972f,-0.35454741837680376f,-0.103412023365435f,0f,0f,0f,1f], start_interpolation: 0, interpolation_duration: 1 }
$data merge entity $(bone_finger_left) { transformation: [0.8935228344969738f,0.31412103297343935f,0.3208503091414956f,0.35178768526889337f,0.4048339163539785f,-0.2544765076060057f,-0.8782660230511884f,0.9228623977396291f,-0.1942329642516786f,0.9146418335722184f,-0.35454741837680376f,-0.12769114389689482f,0f,0f,0f,1f], start_interpolation: 0, interpolation_duration: 1 }
$data merge entity $(bone_finger_left4) { transformation: [0.3141210329734396f,-0.9180866573538363f,0.24175373054527882f,0.26710656958167905f,-0.2544765076060057f,-0.32674747351049244f,-0.9102075563469909f,0.7996815238897687f,0.9146418335722185f,0.22439469277006102f,-0.3362697401436534f,-0.13288062777346255f,0f,0f,0f,1f], start_interpolation: 0, interpolation_duration: 1 }
$data merge entity $(bone_finger_left3) { transformation: [0.9180866573538364f,0.31412103297343935f,0.24175373054527882f,0.3818674017509086f,0.3267474735104924f,-0.25447650760600576f,-0.9102075563469909f,0.8405249580785802f,-0.22439469277006083f,0.9146418335722185f,-0.3362697401436534f,-0.16092996436972015f,0f,0f,0f,1f], start_interpolation: 0, interpolation_duration: 1 }
$data merge entity $(bone_thumb_left2) { transformation: [0.0009734188845299668f,-0.9775849390655568f,0.2105391635013949f,0.2253096210562518f,0.7173412894257569f,0.14736987456165473f,0.6809578507930388f,1.0360668940282314f,-0.6967212691892414f,0.15036557778918f,0.7014054933313955f,-0.20622879056361115f,0f,0f,0f,1f], start_interpolation: 0, interpolation_duration: 1 }
$data merge entity $(bone_thumb_left) { transformation: [0.0009734188845299668f,0.12453585695757768f,0.9922146304038846f,0.3493060305165958f,0.7173412894257569f,0.6912107314600255f,-0.08745970043104956f,1.0027175161797952f,-0.6967212691892414f,0.7118416572850582f,-0.08866187463049746f,-0.19553898523025953f,0f,0f,0f,1f], start_interpolation: 0, interpolation_duration: 1 }
$data merge entity $(bone_hand_left) { transformation: [0.13395417054624026f,0.937609385254369f,0.3208503091414956f,0.32915729607935296f,0.41265491850284447f,0.24158789495597724f,-0.8782660230511884f,0.9310717654904255f,-0.9009840167442923f,0.2500478548071633f,-0.35454741837680376f,-0.30071729767505084f,0f,0f,0f,1f], start_interpolation: 0, interpolation_duration: 1 }
$data merge entity $(bone_arm_left2) { transformation: [-0.022868864966791996f,0.9599604254208371f,0.27920063868296585f,0.34089011975534034f,0.5030712068755063f,0.2523892758728381f,-0.8265706347537433f,1.005178902537193f,-0.8639423451990023f,0.12155507003095284f,-0.4887003060381875f,-0.5472466531021881f,0f,0f,0f,1f], start_interpolation: 0, interpolation_duration: 1 }
$data merge entity $(bone_arm_left) { transformation: [-0.6580462239607429f,0.6859053465706936f,0.3106590135127981f,0.15696237542060476f,0.34318558818940265f,0.6404339875040544f,-0.6870720193027442f,1.1339173007909653f,-0.6702229622969521f,-0.34551145161252417f,-0.6568279969782841f,-0.6737506438652834f,0f,0f,0f,1f], start_interpolation: 0, interpolation_duration: 1 }
$data merge entity $(bone_finger_right2) { transformation: [0.4376251321462913f,0.85011858542215f,0.29288672628472623f,-0.2679251866398706f,0.3936152921642773f,0.11173875152591364f,-0.9124590145216721f,0.761907379116715f,-0.80842516381442f,0.5145996911457226f,-0.2857199894728321f,-0.4301615487762393f,0f,0f,0f,1f], start_interpolation: 0, interpolation_duration: 1 }
$data merge entity $(bone_finger_right) { transformation: [0.8683984010595789f,-0.40012695810627763f,0.29288672628472623f,-0.37647498677231794f,0.1288016588955746f,-0.38836668173761674f,-0.9124590145216721f,0.7458071717547682f,0.4788468958894011f,0.8301022454569859f,-0.2857199894728321f,-0.49001741076241445f,0f,0f,0f,1f], start_interpolation: 0, interpolation_duration: 1 }
$data merge entity $(bone_finger_right4) { transformation: [0.4623482960430209f,0.7856524975152845f,0.4110768861102643f,-0.23919853339248065f,0.42850974011230775f,0.20789922523068238f,-0.8792936453639164f,0.6992293532269614f,-0.7762818146620452f,0.582690368288749f,-0.2405378949947898f,-0.4715637650931539f,0f,0f,0f,1f], start_interpolation: 0, interpolation_duration: 1 }
$data merge entity $(bone_finger_right3) { transformation: [0.8785465823251536f,-0.24325233069938124f,0.4110768861102643f,-0.34901685618312484f,0.3117217126688008f,-0.36010034583913564f,-0.8792936453639164f,0.6602641391433614f,0.36191915745870884f,0.9006420179715434f,-0.2405378949947898f,-0.5168036597754925f,0f,0f,0f,1f], start_interpolation: 0, interpolation_duration: 1 }
$data merge entity $(bone_thumb_right2) { transformation: [0.3072112372946648f,0.30192105869905816f,-0.9024771077395378f,-0.3455576162275243f,-0.561400406476241f,0.8232387347378988f,0.08430640091627095f,0.9207516718339134f,0.768407990125163f,0.48075114138313124f,0.42240679536511255f,-0.551295069081826f,0f,0f,0f,1f], start_interpolation: 0, interpolation_duration: 1 }
$data merge entity $(bone_thumb_right) { transformation: [0.3072112372946648f,-0.7447879948017633f,-0.5923783406565859f,-0.41000455764413923f,-0.561400406476241f,0.36078633287233663f,-0.744756876853677f,0.8101132995248213f,0.768407990125163f,0.5613591228542569f,-0.30728666729961907f,-0.565693152802867f,0f,0f,0f,1f], start_interpolation: 0, interpolation_duration: 1 }
$data merge entity $(bone_hand_right) { transformation: [0.2112053928237309f,-0.9325286309858747f,0.29288672628472623f,-0.33746372466981217f,-0.22970252228639748f,-0.33860788247382295f,-0.9124590145216721f,0.7600896672109283f,0.9500679098345763f,0.1254394448257968f,-0.2857199894728321f,-0.6596986114822183f,0f,0f,0f,1f], start_interpolation: 0, interpolation_duration: 1 }
$data merge entity $(bone_arm_right2) { transformation: [-0.05644428218602185f,-0.972476990850845f,0.22605872085409714f,-0.30922398406992563f,-0.486345254505543f,-0.17095883049943422f,-0.8568788547363066f,0.8281210524162949f,0.871941704719096f,-0.15830849800295457f,-0.4633099211452364f,-0.9066409077335696f,0f,0f,0f,1f], start_interpolation: 0, interpolation_duration: 1 }
$data merge entity $(bone_arm_right) { transformation: [-0.7433582195951687f,-0.6338363339039462f,0.21370554317449597f,-0.13674102561953946f,-0.6605495184588398f,0.6453048529240862f,-0.3837394695055727f,1.0172421488751031f,0.10532279441837727f,-0.42641898247595494f,-0.8983729517077389f,-0.8768232968564302f,0f,0f,0f,1f], start_interpolation: 0, interpolation_duration: 1 }
$data merge entity $(bone_torso) { transformation: [-0.8084092884733295f,0.016413360249464066f,0.588391896541214f,7.078770820516971e-17f,-0.3257078757341543f,0.820157654642634f,-0.47037835963810937f,0.803732843661197f,-0.49029460734826563f,-0.5719021097499248f,-0.6576771053250942f,-0.5780255029813891f,0f,0f,0f,1f], start_interpolation: 0, interpolation_duration: 1 }
$data merge entity $(bone_foot_right) { transformation: [-0.8501140779110443f,-0.3540274037581712f,0.3898341338642675f,-0.13837446711444706f,-0.32628998968086986f,0.9351804656060518f,0.13774011537277842f,0.4065888159664302f,-0.4133290422550932f,-0.010104164344332422f,-0.9105256771181085f,-0.36841120710443936f,0f,0f,0f,1f], start_interpolation: 0, interpolation_duration: 1 }
$data merge entity $(bone_leg_right3) { transformation: [-0.8501140779110443f,-0.006838936783478952f,0.5265541600644006f,-0.17224582760364882f,-0.32628998968086986f,0.7916781215753268f,-0.5165080778197184f,0.550200306676693f,-0.4133290422550932f,-0.6109001397631482f,-0.6752481929378659f,-0.41211602720001544f,0f,0f,0f,1f], start_interpolation: 0, interpolation_duration: 1 }
$data merge entity $(bone_leg_right2) { transformation: [-0.8501140779110443f,0.08016135859524073f,0.5204615366437947f,-0.14345619230302387f,-0.32628998968086986f,0.6955723107099414f,-0.6400890588095463f,0.638880697137323f,-0.4133290422550932f,-0.7139701094316191f,-0.5651599646707905f,-0.5413351056946681f,0f,0f,0f,1f], start_interpolation: 0, interpolation_duration: 1 }
$data merge entity $(bone_leg_right) { transformation: [-0.8501140779110443f,0.08016135859524073f,0.5204615366437947f,-0.10937499999999992f,-0.32628998968086986f,0.6955723107099414f,-0.6400890588095463f,0.7142871634439072f,-0.4133290422550932f,-0.7139701094316191f,-0.5651599646707905f,-0.5953532708834107f,0f,0f,0f,1f], start_interpolation: 0, interpolation_duration: 1 }
$data merge entity $(bone_foot_left) { transformation: [-0.9959430600872821f,-0.03168240505608636f,-0.08422378686477183f,0.15303416477416684f,-0.0614455223642231f,0.9232314177482451f,0.37929961384630106f,0.5540903956803499f,0.06574092215179365f,0.3829359926834085f,-0.9214326652893332f,-0.13246728281495068f,0f,0f,0f,1f], start_interpolation: 0, interpolation_duration: 1 }
$data merge entity $(bone_leg_left3) { transformation: [-0.9959430600872821f,-0.08992070838020891f,0.0034186647074358617f,0.14017539861398523f,-0.0614455223642231f,0.6518202746615225f,-0.7558801342286786f,0.6929951301939189f,0.06574092215179365f,-0.7530236355816321f,-0.6547011038711124f,-0.19744241257667317f,0f,0f,0f,1f], start_interpolation: 0, interpolation_duration: 1 }
$data merge entity $(bone_leg_left2) { transformation: [-0.9953961983671789f,-0.06952405244855674f,0.06597586230810737f,0.1313740111160266f,-0.09006554637692685f,0.44305972866560617f,-0.8919564306571175f,0.7343495743398849f,0.03278117801412345f,-0.8937921922717214f,-0.4472816913334555f,-0.3510749954733001f,0f,0f,0f,1f], start_interpolation: 0, interpolation_duration: 1 }
$data merge entity $(bone_leg_left) { transformation: [-0.9953961983671789f,-0.06952405244855674f,0.06597586230810737f,0.09375000000000006f,-0.09006554637692685f,0.44305972866560617f,-0.8919564306571175f,0.7730718755780065f,0.03278117801412345f,-0.8937921922717214f,-0.4472816913334555f,-0.43384360168583264f,0f,0f,0f,1f], start_interpolation: 0, interpolation_duration: 1 }