# This file was generated by Animated Java via MC-Build. It is not recommended to edit this file directly.
$data merge entity $(bone_head2) { transformation: [-0.9855341500521497f,0.050120891905443735f,0.16189606318743469f,-0.058947085981924954f,-0.09449449874713822f,0.6304918452989514f,-0.7704224962434899f,2.471019361770805f,-0.14068841028142343f,-0.7745759673564149f,-0.616635096314149f,0.23181902880908634f,0f,0f,0f,1f], start_interpolation: 0, interpolation_duration: 1 }
$data merge entity $(bone_head1) { transformation: [-0.9855341500521497f,-0.1349901812784113f,0.10246994700598161f,-0.12092204202407407f,-0.09449449874713822f,0.9396012459022794f,0.3289685219065972f,2.603004185799958f,-0.14068841028142343f,0.3145268663521541f,-0.9387649447839326f,0.5773101445408331f,0f,0f,0f,1f], start_interpolation: 0, interpolation_duration: 1 }
$data merge entity $(bone_eyelid_right) { transformation: [-0.9850559017118736f,0.04849575380288164f,0.165266549445731f,-0.1973188209568451f,-0.012972597169413666f,0.9359253177689213f,-0.3519595307444079f,2.461335325154446f,-0.17174569055812747f,-0.34884374929505896f,-0.9213096419513245f,0.6523238755645588f,0f,0f,0f,1f], start_interpolation: 0, interpolation_duration: 1 }
$data merge entity $(bone_eye_right) { transformation: [-0.9850559017118736f,0.04849575380288164f,0.165266549445731f,-0.1973188209568451f,-0.012972597169413666f,0.9359253177689213f,-0.3519595307444079f,2.461335325154446f,-0.17174569055812747f,-0.34884374929505896f,-0.9213096419513245f,0.6523238755645588f,0f,0f,0f,1f], start_interpolation: 0, interpolation_duration: 1 }
$data merge entity $(bone_eyelid_left) { transformation: [-0.9785118884287392f,-0.12329416789907259f,0.165266549445731f,0.018266774367062626f,-0.17529724013205872f,0.9194538413211724f,-0.3519595307444079f,2.4820059967553827f,-0.108560406252493f,-0.37336735508318847f,-0.9213096419513245f,0.6830994653136202f,0f,0f,0f,1f], start_interpolation: 0, interpolation_duration: 1 }
$data merge entity $(bone_eye_left) { transformation: [-0.9785118884287392f,-0.12329416789907259f,0.165266549445731f,0.01826677436706263f,-0.17529724013205872f,0.9194538413211724f,-0.3519595307444079f,2.4820059967553827f,-0.108560406252493f,-0.37336735508318847f,-0.9213096419513245f,0.6830994653136202f,0f,0f,0f,1f], start_interpolation: 0, interpolation_duration: 1 }
$data merge entity $(bone_mouth_closed) { transformation: [-0.9855341500521497f,-0.03754206594326921f,0.165266549445731f,-0.0759965629009649f,-0.09449449874713822f,0.9312332030295651f,-0.3519595307444079f,2.2147006131768157f,-0.14068841028142343f,-0.3624849167344869f,-0.9213096419513245f,0.5234105915402438f,0f,0f,0f,1f], start_interpolation: 0, interpolation_duration: 1 }
$data merge entity $(bone_mouth_open) { transformation: [-0.9855341500521497f,-0.03754206594326921f,0.165266549445731f,-0.07585628927427356f,-0.09449449874713822f,0.9312332030295651f,-0.3519595307444079f,2.1877993226492944f,-0.14068841028142343f,-0.3624849167344869f,-0.9213096419513245f,0.5404964304503923f,0f,0f,0f,1f], start_interpolation: 0, interpolation_duration: 1 }
$data merge entity $(bone_head) { transformation: [-0.9855341500521497f,-0.03754206594326921f,0.165266549445731f,-0.04505834708514388f,-0.09449449874713822f,0.9312332030295651f,-0.3519595307444079f,2.1907522757351425f,-0.14068841028142343f,-0.3624849167344869f,-0.9213096419513245f,0.5448929432716868f,0f,0f,0f,1f], start_interpolation: 0, interpolation_duration: 1 }
$data merge entity $(bone_neck) { transformation: [-0.900200839345797f,-0.14202052570931617f,0.4116656642451155f,-0.033962993514103555f,-0.3601574848138358f,0.7742054541416579f,-0.5204733431309244f,2.1302674746303256f,-0.2447959047322777f,-0.6167950105623089f,-0.7480901549758202f,0.5930800534718672f,0f,0f,0f,1f], start_interpolation: 0, interpolation_duration: 1 }
$data merge entity $(bone_finger_left2) { transformation: [0.7502339049026702f,-0.6603769476780942f,0.0324249118712001f,0.3108518442131844f,0.6029576917997477f,0.7034757510593433f,0.3762497701939671f,2.866225897408434f,-0.2712768140369019f,-0.26272448429268325f,0.9259507198113359f,0.6318542110029497f,0f,0f,0f,1f], start_interpolation: 0, interpolation_duration: 1 }
$data merge entity $(bone_finger_left) { transformation: [0.6924731584640136f,0.7207146105755163f,0.0324249118712001f,0.3974109890211861f,-0.6765055528982767f,0.6330689909692179f,0.3762497701939671f,2.781662703296149f,0.2506415003639061f,-0.28247849967067984f,0.9259507198113359f,0.6631843985484379f,0f,0f,0f,1f], start_interpolation: 0, interpolation_duration: 1 }
$data merge entity $(bone_finger_left4) { transformation: [0.7207146105755164f,-0.6926641063103574f,-0.02805148716656626f,0.3138678112203164f,0.6330689909692179f,0.6411389168469974f,0.4337793701612322f,2.8970784838577086f,-0.28247849967067984f,-0.33038965651716934f,0.9005823516426845f,0.7086935714661046f,0f,0f,0f,1f], start_interpolation: 0, interpolation_duration: 1 }
$data merge entity $(bone_finger_left3) { transformation: [0.6926641063103575f,0.7207146105755163f,-0.02805148716656626f,0.40045082450911107f,-0.6411389168469973f,0.633068990969218f,0.4337793701612322f,2.816936119251834f,0.3303896565171693f,-0.2824784996706799f,0.9005823516426845f,0.7499922785307507f,0f,0f,0f,1f], start_interpolation: 0, interpolation_duration: 1 }
$data merge entity $(bone_thumb_left2) { transformation: [-0.3076186106597237f,-0.7491034179113278f,0.586698269683274f,0.2566483851129847f,-0.9513763231215135f,0.2524729842064315f,-0.17646666554816556f,2.6857275372279212f,-0.01593368066613976f,-0.6124552730767081f,-0.7903446440009342f,0.5859674709786133f,0f,0f,0f,1f], start_interpolation: 0, interpolation_duration: 1 }
$data merge entity $(bone_thumb_left) { transformation: [-0.3076186106597237f,0.5191770408552073f,0.7973869767086817f,0.3659348387846863f,-0.9513763231215135f,-0.15379068614678246f,-0.2668923315839011f,2.682096505877481f,-0.01593368066613976f,-0.8407161382436592f,0.5412416213828137f,0.654120601172282f,0f,0f,0f,1f], start_interpolation: 0, interpolation_duration: 1 }
$data merge entity $(bone_hand_left) { transformation: [-0.31953314658706417f,0.9470201652141916f,0.0324249118712001f,0.2898150922850328f,-0.8739145540354812f,-0.3077490254638554f,0.3762497701939671f,2.6819845762974386f,0.3662948545600056f,0.09188767057517849f,0.9259507198113359f,0.7580789301536465f,0f,0f,0f,1f], start_interpolation: 0, interpolation_duration: 1 }
$data merge entity $(bone_arm_left2) { transformation: [-0.4285017746862307f,0.9009393785128637f,-0.06851616842473016f,0.17840738808692952f,-0.8770690340953065f,-0.3965288197585495f,0.2711361365292681f,2.4796633263066914f,0.21710858693722151f,0.17627572534454894f,0.9600993334714776f,0.8723622852299192f,0f,0f,0f,1f], start_interpolation: 0, interpolation_duration: 1 }
$data merge entity $(bone_arm_left) { transformation: [-0.29419926819359304f,0.9260292635766941f,-0.23646689745915822f,0.11963675212972863f,-0.8980934200309572f,-0.3524881215526447f,-0.2630215448616078f,2.2715788178528027f,-0.32691741998775947f,0.13498861864577177f,0.935362535782064f,0.7321727717466003f,0f,0f,0f,1f], start_interpolation: 0, interpolation_duration: 1 }
$data merge entity $(bone_finger_right2) { transformation: [0.57050337517593f,-0.27665392709014364f,0.7732971637982864f,-0.6341991336994299f,-0.03399730063208385f,-0.9487060293361115f,-0.3143263486426823f,1.5106904384479334f,0.8205913005038526f,0.15303422665178834f,-0.5506454785163364f,0.36039681087568565f,0f,0f,0f,1f], start_interpolation: 0, interpolation_duration: 1 }
$data merge entity $(bone_finger_right) { transformation: [-0.2515056061380145f,-0.5820278571878466f,0.7732971637982864f,-0.6027609329321781f,-0.9492860128378746f,-0.007417033054374411f,-0.3143263486426823f,1.6293511900526676f,0.18868226178292635f,-0.8131350202014389f,-0.5506454785163364f,0.33681152815281984f,0f,0f,0f,1f], start_interpolation: 0, interpolation_duration: 1 }
$data merge entity $(bone_finger_right4) { transformation: [0.5320935122469662f,-0.39756027569607555f,0.7475441936187774f,-0.5610515492081432f,-0.06266098175658097f,-0.8989755694270679f,-0.4334933989561783f,1.4893128979704222f,0.844363722331786f,0.18381717210788404f,-0.5032505853431979f,0.3346999103153571f,0f,0f,0f,1f], start_interpolation: 0, interpolation_duration: 1 }
$data merge entity $(bone_finger_right3) { transformation: [-0.2462978030564353f,-0.6168590364065565f,0.7475441936187774f,-0.5302643238260888f,-0.884561575175951f,-0.17214613787029887f,-0.4334933989561783f,1.599883094867416f,0.3960911661875506f,-0.7680173412234356f,-0.5032505853431979f,0.2851885145419133f,0f,0f,0f,1f], start_interpolation: 0, interpolation_duration: 1 }
$data merge entity $(bone_thumb_right2) { transformation: [-0.2721291633193054f,-0.7450990120728201f,-0.6089114719556878f,-0.6343500213639525f,-0.6596234471091501f,-0.31627882143939756f,0.6818098086216917f,1.6531274972628707f,-0.7006016175366546f,0.5871926168788341f,-0.4054160877271769f,0.5205320496683878f,0f,0f,0f,1f], start_interpolation: 0, interpolation_duration: 1 }
$data merge entity $(bone_thumb_right) { transformation: [-0.2721291633193054f,-0.8270284878096057f,0.49190405448877117f,-0.5813660509065843f,-0.6596234471091501f,0.5325179181016797f,0.5303975630831037f,1.6988139599260976f,-0.7006016175366546f,-0.1801348030004472f,-0.6904410374919884f,0.4123331194338688f,0f,0f,0f,1f], start_interpolation: 0, interpolation_duration: 1 }
$data merge entity $(bone_hand_right) { transformation: [-0.6148606568388102f,-0.15478329733299145f,0.7732971637982864f,-0.4607666946647574f,-0.5837730376619137f,0.7486040255354902f,-0.3143263486426823f,1.6590439279987477f,-0.5302409010730207f,-0.6446969395140527f,-0.5506454785163364f,0.43414372085965436f,0f,0f,0f,1f], start_interpolation: 0, interpolation_duration: 1 }
$data merge entity $(bone_arm_right2) { transformation: [-0.64014935437649f,-0.4318038484323322f,0.63541658820839f,-0.26101581930761053f,-0.7526325124698124f,0.518414101350565f,-0.4059447261564851f,1.8218305107314205f,-0.154120424554115f,-0.7381004376098917f,-0.6568520676189926f,0.43162057277199606f,0f,0f,0f,1f], start_interpolation: 0, interpolation_duration: 1 }
$data merge entity $(bone_arm_right) { transformation: [-0.4595633551562186f,-0.4318038484323322f,0.776110146227059f,-0.19463186465774707f,-0.8305890953078559f,0.518414101350565f,-0.20339266033110365f,2.0421898258290785f,-0.31452071053149566f,-0.7381004376098917f,-0.5968956915968229f,0.5475567311296714f,0f,0f,0f,1f], start_interpolation: 0, interpolation_duration: 1 }
$data merge entity $(bone_torso) { transformation: [-0.900200839345797f,-0.09450572108272265f,0.42509659787365667f,-1.0332957367805793e-16f,-0.3601574848138358f,0.710309494623515f,-0.6047702108902673f,1.875f,-0.2447959047322777f,-0.697516372947848f,-0.6734581460610483f,0.84375f,0f,0f,0f,1f], start_interpolation: 0, interpolation_duration: 1 }
$data merge entity $(bone_foot_right) { transformation: [-1f,-1.224277138367555e-16f,3.008772394863439e-18f,-0.15625000000000008f,0f,0.024568491069900722f,0.999698149066281f,1.2830948526030308f,-1.2246467991473532e-16f,0.999698149066281f,-0.024568491069900722f,0.8063596015602332f,0f,0f,0f,1f], start_interpolation: 0, interpolation_duration: 1 }
$data merge entity $(bone_leg_right3) { transformation: [-1f,-5.223255598779397e-17f,1.107671337608794e-16f,-0.1562500000000001f,0f,0.9044822869581643f,0.42651118693292067f,1.3836307250232152f,-1.2246467991473532e-16f,0.42651118693292067f,-0.9044822869581643f,0.9228678801575605f,0f,0f,0f,1f], start_interpolation: 0, interpolation_duration: 1 }
$data merge entity $(bone_leg_right2) { transformation: [-1f,-7.646289886572169e-18f,1.2222574228692203e-16f,-0.1562500000000001f,0f,0.9980489262048482f,0.062436695150763555f,1.5727160454100855f,-1.2246467991473532e-16f,0.062436695150763555f,-0.9980489262048482f,0.9033857315544271f,0f,0f,0f,1f], start_interpolation: 0, interpolation_duration: 1 }
$data merge entity $(bone_leg_right) { transformation: [-1f,-7.646289886572169e-18f,1.2222574228692203e-16f,-0.1250000000000001f,0f,0.9980489262048482f,0.062436695150763555f,1.66628313224179f,-1.2246467991473532e-16f,0.062436695150763555f,-0.9980489262048482f,0.9092391717248113f,0f,0f,0f,1f], start_interpolation: 0, interpolation_duration: 1 }
$data merge entity $(bone_foot_left) { transformation: [-1f,-9.392277956338883e-17f,7.858822625371844e-17f,0.15624999999999986f,0f,0.6417215666462741f,0.7669376968835548f,1.6308615542129845f,-1.2246467991473532e-16f,0.7669376968835548f,-0.6417215666462741f,1.1590506076733775f,0f,0f,0f,1f], start_interpolation: 0, interpolation_duration: 1 }
$data merge entity $(bone_leg_left3) { transformation: [-1f,5.171666302471223e-18f,1.2235543181352618e-16f,0.15624999999999986f,0f,0.9991079215551358f,-0.04222986012025617f,1.7740004719391915f,-1.2246467991473532e-16f,-0.04222986012025617f,-0.9991079215551358f,1.2155562786911625f,0f,0f,0f,1f], start_interpolation: 0, interpolation_duration: 1 }
$data merge entity $(bone_leg_left2) { transformation: [-1f,1.223405728731958e-16f,5.511991988096783e-18f,0.1562499999999999f,0f,0.04500883023525193f,-0.9989865890996006f,1.8278605980274933f,-1.2246467991473532e-16f,-0.9989865890996006f,-0.04500883023525193f,1.0615744130616274f,0f,0f,0f,1f], start_interpolation: 0, interpolation_duration: 1 }
$data merge entity $(bone_leg_left) { transformation: [-1f,1.223405728731958e-16f,5.511991988096783e-18f,0.12499999999999989f,0f,0.04500883023525193f,-0.9989865890996006f,1.8320801758620482f,-1.2246467991473532e-16f,-0.9989865890996006f,-0.04500883023525193f,0.9679194203335398f,0f,0f,0f,1f], start_interpolation: 0, interpolation_duration: 1 }