# This file was generated by Animated Java via MC-Build. It is not recommended to edit this file directly.
$data merge entity $(bone_head2) { transformation: [-0.9905596803994101f,-0.11177443735898161f,0.07935990625058294f,-0.19083698696615864f,-0.06636126594848996f,0.8975639744412658f,0.43586132446790027f,1.5240156754714367f,-0.11994874717449959f,0.42648023041904465f,-0.896508176824387f,0.7708492287033983f,0f,0f,0f,1f], start_interpolation: 0, interpolation_duration: 1 }
$data merge entity $(bone_head1) { transformation: [-0.9905596803994101f,-0.11280302737559918f,-0.07789092746859576f,-0.1956521655319582f,-0.06636126594848996f,-0.10259071110609957f,0.9925075961303563f,1.2141723129450743f,-0.11994874717449959f,0.9883069477695907f,0.09413647030573913f,0.982033756436224f,0f,0f,0f,1f], start_interpolation: 0, interpolation_duration: 1 }
$data merge entity $(bone_eyelid_right) { transformation: [-0.9986852700600786f,-0.049627145158824326f,0.012840476175465493f,-0.2521240158393985f,-0.017355340442200252f,0.5630376871260311f,0.8262489667369664f,1.095247631172809f,-0.04823404941701506f,0.824939821647103f,-0.5631587406208685f,0.862863945081924f,0f,0f,0f,1f], start_interpolation: 0, interpolation_duration: 1 }
$data merge entity $(bone_eye_right) { transformation: [-0.9986852700600786f,-0.049627145158824326f,0.012840476175465493f,-0.2521240158393985f,-0.017355340442200252f,0.5630376871260311f,0.8262489667369664f,1.095247631172809f,-0.04823404941701506f,0.824939821647103f,-0.5631587406208685f,0.862863945081924f,0f,0f,0f,1f], start_interpolation: 0, interpolation_duration: 1 }
$data merge entity $(bone_eyelid_left) { transformation: [-0.974895333454614f,-0.22229307452101132f,0.012840476175465493f,-0.03543908575202752f,-0.11486214215088372f,0.5514701562792f,0.8262489667369664f,1.1097641580990412f,-0.1907505625389524f,0.8040313773438138f,-0.5631587406208685f,0.8891027335263458f,0f,0f,0f,1f], start_interpolation: 0, interpolation_duration: 1 }
$data merge entity $(bone_eye_left) { transformation: [-0.974895333454614f,-0.22229307452101132f,0.012840476175465493f,-0.03543908575202752f,-0.11486214215088372f,0.5514701562792f,0.8262489667369664f,1.1097641580990412f,-0.1907505625389524f,0.8040313773438138f,-0.5631587406208685f,0.8891027335263458f,0f,0f,0f,1f], start_interpolation: 0, interpolation_duration: 1 }
$data merge entity $(bone_mouth_closed) { transformation: [-0.9905596803994101f,-0.13647945537188197f,0.012840476175465493f,-0.14632976346497398f,-0.06636126594848996f,0.5593825411539127f,0.8262489667369664f,1.176806245686598f,-0.11994874717449959f,0.817596802166927f,-0.5631587406208685f,0.59539259182493f,0f,0f,0f,1f], start_interpolation: 0, interpolation_duration: 1 }
$data merge entity $(bone_mouth_open) { transformation: [-0.9905596803994101f,-0.13647945537188197f,0.012840476175465493f,-0.14198452750850601f,-0.06636126594848996f,0.5593825411539127f,0.8262489667369664f,1.1644895973176443f,-0.11994874717449959f,0.817596802166927f,-0.5631587406208685f,0.5663229496283331f,0f,0f,0f,1f], start_interpolation: 0, interpolation_duration: 1 }
$data merge entity $(bone_head) { transformation: [-0.9905596803994101f,-0.13647945537188197f,0.012840476175465493f,-0.11110979047212109f,-0.06636126594848996f,0.5593825411539127f,0.8262489667369664f,1.1613993308364285f,-0.11994874717449959f,0.817596802166927f,-0.5631587406208685f,0.5735910901064166f,0f,0f,0f,1f], start_interpolation: 0, interpolation_duration: 1 }
$data merge entity $(bone_neck) { transformation: [-0.9404847481698885f,-0.30151720267352855f,0.15676675333676995f,-0.08755375901325167f,-0.058732449069908106f,0.5985725309699184f,0.7989126514172351f,1.1146358518544037f,-0.33472218015254385f,0.7421578684216694f,-0.5806571798003808f,0.5156100066359737f,0f,0f,0f,1f], start_interpolation: 0, interpolation_duration: 1 }
$data merge entity $(bone_finger_left2) { transformation: [0.6352420353201578f,-0.3112130162685992f,0.7068337959289326f,0.4594277677661407f,-0.525169326338364f,-0.8451160739675039f,0.09987992888994988f,0.5957185148724974f,0.5662726686284727f,-0.43465535775687064f,-0.7002927850104086f,0.6936384590073976f,0f,0f,0f,1f], start_interpolation: 0, interpolation_duration: 1 }
$data merge entity $(bone_finger_left) { transformation: [0.3386256788456441f,0.6210625045508887f,0.7068337959289326f,0.5017559776218462f,0.8214041464495309f,-0.5615329269067453f,0.09987992888994988f,0.6983940331786888f,0.4589421290553356f,0.5467743021032727f,-0.7002927850104086f,0.7510062251393146f,0f,0f,0f,1f], start_interpolation: 0, interpolation_duration: 1 }
$data merge entity $(bone_finger_left4) { transformation: [0.621062504550889f,-0.39894173038708153f,0.6746309073832434f,0.5181539296917985f,-0.5615329269067451f,-0.8269835650715853f,0.027909767126133564f,0.6043848308781734f,0.5467743021032728f,-0.39616117787745464f,-0.7376274016752811f,0.635833629309907f,0f,0f,0f,1f], start_interpolation: 0, interpolation_duration: 1 }
$data merge entity $(bone_finger_left3) { transformation: [0.39894173038708164f,0.6210625045508888f,0.6746309073832434f,0.5680216459901837f,0.8269835650715852f,-0.5615329269067453f,0.027909767126133564f,0.7077577765121216f,0.39616117787745475f,0.5467743021032727f,-0.7376274016752811f,0.6853537765445887f,0f,0f,0f,1f], start_interpolation: 0, interpolation_duration: 1 }
$data merge entity $(bone_thumb_left2) { transformation: [-0.6349910655642582f,-0.7649393308371808f,-0.10795446628988487f,0.31771510038217665f,0.7723599574167517f,-0.6257907939971794f,-0.10883923156460158f,0.7233612231979126f,0.01569849778677057f,-0.1524916466130053f,0.9881800720923756f,0.7289672692140423f,0f,0f,0f,1f], start_interpolation: 0, interpolation_duration: 1 }
$data merge entity $(bone_thumb_left) { transformation: [-0.6349910655642582f,-0.17421252248931873f,0.7526196540494252f,0.4316360279372379f,0.7723599574167517f,-0.16296632688450696f,0.6139235070275166f,0.7759654129070788f,0.01569849778677057f,0.9711292258549735f,0.23803693801080167f,0.758231308409556f,0f,0f,0f,1f], start_interpolation: 0, interpolation_duration: 1 }
$data merge entity $(bone_hand_left) { transformation: [-0.3945292320046888f,0.5871393957370655f,0.7068337959289326f,0.4365474070717157f,0.8773680148811351f,0.4693073260332451f,0.09987992888994988f,0.8108329492935047f,-0.2730788376226294f,0.6595589160226999f,-0.7002927850104086f,0.6342890002119971f,0f,0f,0f,1f], start_interpolation: 0, interpolation_duration: 1 }
$data merge entity $(bone_arm_left2) { transformation: [-0.5568411495574492f,0.5640618187857165f,0.6097230508580826f,0.33544481036098356f,0.7937140353814129f,0.5777178127486872f,0.19042100428110842f,1.0211627709064273f,-0.2448386493143832f,0.5899799940854116f,-0.7694008333637843f,0.5249917857981647f,0f,0f,0f,1f], start_interpolation: 0, interpolation_duration: 1 }
$data merge entity $(bone_arm_left) { transformation: [-0.8950295887864936f,0.3441373097503402f,0.28371032274924096f,0.0939555179925326f,0.4455886269975591f,0.717492603297817f,0.5354018488045698f,1.0990973121055314f,-0.019308306168853706f,0.6056185897499511f,-0.7955207810372837f,0.5698847580707815f,0f,0f,0f,1f], start_interpolation: 0, interpolation_duration: 1 }
$data merge entity $(bone_finger_right2) { transformation: [0.8687863796388844f,0.29502012309029046f,0.39771013756975115f,-0.5279790113683852f,0.16303252673343469f,-0.9287863077220547f,0.33283087268903533f,0.49982131305346794f,0.46757953524600737f,-0.2243192402800589f,-0.8550147698486293f,0.16128974471458918f,0f,0f,0f,1f], start_interpolation: 0, interpolation_duration: 1 }
$data merge entity $(bone_finger_right) { transformation: [0.3326352589354117f,-0.8550908904831237f,0.39771013756975115f,-0.5695584187353117f,-0.9207909300225636f,-0.20339044562918296f,0.33283087268903533f,0.6149201793062884f,-0.20371020519638694f,-0.476919170970869f,-0.8550147698486293f,0.18675352036413756f,0f,0f,0f,1f], start_interpolation: 0, interpolation_duration: 1 }
$data merge entity $(bone_finger_right4) { transformation: [0.8663382537913569f,0.2027666151170045f,0.45644685321703715f,-0.47976279960904816f,0.11305002020028151f,-0.969774927040275f,0.21623201385721166f,0.5326891799410428f,0.4864953473060752f,-0.13572873932230414f,-0.863075886797632f,0.10594718151026698f,0f,0f,0f,1f], start_interpolation: 0, interpolation_duration: 1 }
$data merge entity $(bone_finger_right3) { transformation: [0.4200823498327943f,-0.7843386319359915f,0.45644685321703715f,-0.5322730933381474f,-0.907471149438741f,-0.3601941547548835f,0.21623201385721166f,0.6461230736208854f,-0.0051896334444926084f,-0.5050476030367756f,-0.863075886797632f,0.10659588569082856f,0f,0f,0f,1f], start_interpolation: 0, interpolation_duration: 1 }
$data merge entity $(bone_thumb_right2) { transformation: [-0.2874713673014926f,-0.08370494037540524f,-0.9541245704511337f,-0.5036434535145926f,-0.5395820758870934f,-0.8088954638262303f,0.23353653243705338f,0.5788606185468271f,-0.7913351984861946f,0.581963582673433f,0.1873685995003349f,0.359007224986833f,0f,0f,0f,1f], start_interpolation: 0, interpolation_duration: 1 }
$data merge entity $(bone_thumb_right) { transformation: [-0.2874713673014926f,-0.9252125938677176f,-0.2476729075421463f,-0.5435860471855325f,-0.5395820758870934f,-0.05720598625830273f,0.839987296640604f,0.666997090755431f,-0.7913351984861946f,0.3751121582737422f,-0.4827830489485205f,0.2739301189155744f,0f,0f,0f,1f], start_interpolation: 0, interpolation_duration: 1 }
$data merge entity $(bone_hand_right) { transformation: [-0.47589369864918585f,-0.7844436461978946f,0.39771013756975115f,-0.42752963773542585f,-0.7219024918020399f,0.6066963017153318f,0.33283087268903533f,0.7054003719504474f,-0.5023763329576778f,-0.1287158242979141f,-0.8550147698486293f,0.23321574407073986f,0f,0f,0f,1f], start_interpolation: 0, interpolation_duration: 1 }
$data merge entity $(bone_arm_right2) { transformation: [-0.2180279563018927f,-0.9346833255427721f,0.28076839427386463f,-0.35547462401783614f,-0.9395234787958044f,0.2788760502987253f,0.19880588864822968f,0.9527066096899128f,-0.2641201299830239f,-0.22044325692133815f,-0.9389597048945515f,0.24056079501058636f,0f,0f,0f,1f], start_interpolation: 0, interpolation_duration: 1 }
$data merge entity $(bone_arm_right) { transformation: [-0.4699775547458039f,-0.8483766489090088f,0.24367634193962157f,-0.2532100067026115f,-0.7042972360566875f,0.5268322235360043f,0.47582897297980925f,1.0990416078928467f,-0.5320587385975963f,0.052008363077778175f,-0.8451086491403956f,0.42639477023126016f,0f,0f,0f,1f], start_interpolation: 0, interpolation_duration: 1 }
$data merge entity $(bone_torso) { transformation: [-0.9274448355029646f,-0.2436278511673089f,0.28371032274924096f,-4.200902430118852e-17f,-0.057566677243350364f,0.8426333354240196f,0.5354018488045698f,0.8118144969363967f,-0.36950257748767973f,0.480223419012225f,-0.7955207810372837f,0.34302971542845534f,0f,0f,0f,1f], start_interpolation: 0, interpolation_duration: 1 }
$data merge entity $(bone_foot_right) { transformation: [-0.9899848052775742f,-0.027243457552643215f,0.13852032103666595f,-0.15358878509824692f,-0.017943053873226485f,0.9975272254792035f,0.06795205107621716f,0.49342682852101694f,-0.14002904033530386f,0.06478602047000302f,-0.9880256269016682f,0.39995744392766325f,0f,0f,0f,1f], start_interpolation: 0, interpolation_duration: 1 }
$data merge entity $(bone_leg_right3) { transformation: [-0.9899848052775742f,-0.04157353133094459f,0.13491377547233135f,-0.16786717390868172f,-0.017943053873226485f,0.9849597434901503f,0.1718497905774688f,0.6211961805382276f,-0.14002904033530386f,0.16770791632028687f,-0.9758411359777173f,0.48453144065881093f,0f,0f,0f,1f], start_interpolation: 0, interpolation_duration: 1 }
$data merge entity $(bone_leg_right2) { transformation: [-0.9899848052775742f,0.07049458121724318f,0.1223135288450512f,-0.15082714215404078f,-0.017943053873226485f,0.7965458171121133f,-0.6043118466974632f,0.751663776037453f,-0.14002904033530386f,-0.6004542241172105f,-0.7873033675798501f,0.34734304339996364f,0f,0f,0f,1f], start_interpolation: 0, interpolation_duration: 1 }
$data merge entity $(bone_leg_right) { transformation: [-0.9899848052775742f,0.07049458121724318f,0.1223135288450512f,-0.11328125000000003f,-0.017943053873226485f,0.7965458171121133f,-0.6043118466974632f,0.826900666825252f,-0.14002904033530386f,-0.6004542241172105f,-0.7873033675798501f,0.2954263673994534f,0f,0f,0f,1f], start_interpolation: 0, interpolation_duration: 1 }
$data merge entity $(bone_foot_left) { transformation: [-0.9992684016899623f,0.01825445840512798f,-0.03360708455554484f,0.15888052664191674f,0.0040596066957604305f,0.9244005446170003f,0.38140156358524374f,0.5328806507598192f,0.038028686244252846f,0.3809860993003922f,-0.9237983606623297f,0.6299474271322982f,0f,0f,0f,1f], start_interpolation: 0, interpolation_duration: 1 }
$data merge entity $(bone_leg_left3) { transformation: [-0.9992684016899623f,-0.02449300256914015f,-0.02937267793607152f,0.15727199052663587f,0.0040596066957604305f,0.6957489625059747f,-0.7182735556633945f,0.675612445841184f,0.038028686244252846f,-0.7178673094639482f,-0.6951405217835658f,0.5724436193504033f,0f,0f,0f,1f], start_interpolation: 0, interpolation_duration: 1 }
$data merge entity $(bone_leg_left2) { transformation: [-0.9994241967185149f,-0.026513230822198443f,-0.021173653556247066f,0.15246762153703464f,0.0015293264468285435f,0.5881976852374987f,-0.8087157375999724f,0.742245967359544f,0.0338959610303378f,-0.8082824578528333f,-0.5878184516950896f,0.42778015869542657f,0f,0f,0f,1f], start_interpolation: 0, interpolation_duration: 1 }
$data merge entity $(bone_leg_left) { transformation: [-0.9994241967185149f,-0.026513230822198443f,-0.021173653556247066f,0.11874999999999995f,0.0015293264468285435f,0.5881976852374987f,-0.8087157375999724f,0.7974372918020228f,0.0338959610303378f,-0.8082824578528333f,-0.5878184516950896f,0.3530629270539215f,0f,0f,0f,1f], start_interpolation: 0, interpolation_duration: 1 }