# This file was generated by Animated Java via MC-Build. It is not recommended to edit this file directly.
$data merge entity $(bone_head2) { transformation: [-0.9835091508351128f,-0.03938691249337323f,0.1765174817060189f,-0.14193494750756927f,-0.0027831764004627516f,0.9791788868683977f,0.20298019962619435f,1.773727948081016f,-0.1808369546102766f,0.19914160448134677f,-0.9631410162649473f,0.380020165302016f,0f,0f,0f,1f], start_interpolation: 0, interpolation_duration: 1 }
$data merge entity $(bone_head1) { transformation: [-0.9835091508351128f,-0.17934329245499664f,0.023360943367015594f,-0.19187563517861203f,-0.0027831764004627516f,0.1441599074738129f,0.989550491388017f,1.5242121532901212f,-0.1808369546102766f,0.9731669458672255f,-0.14228173220318008f,0.6554703347788406f,0f,0f,0f,1f], start_interpolation: 0, interpolation_duration: 1 }
$data merge entity $(bone_eyelid_right) { transformation: [-0.9904317459064399f,-0.0361846868514953f,0.13317516712278069f,-0.253004775049985f,0.06228949808458272f,0.7439055889505582f,0.6653754527757196f,1.3903032699276596f,-0.1231461535294224f,0.6673043856933524f,-0.7345337852715322f,0.5579723452344155f,0f,0f,0f,1f], start_interpolation: -1, interpolation_duration: 0 }
$data merge entity $(bone_eye_right) { transformation: [-0.9904317459064399f,-0.0361846868514953f,0.13317516712278069f,-0.25383711984450236f,0.06228949808458272f,0.7439055889505582f,0.6653754527757196f,1.3861446733478113f,-0.1231461535294224f,0.6673043856933524f,-0.7345337852715322f,0.5625631813923626f,0f,0f,0f,1f], start_interpolation: 0, interpolation_duration: 1 }
$data merge entity $(bone_eyelid_left) { transformation: [-0.9691014572668685f,-0.207621627931801f,0.13317516712278069f,-0.03786214830480409f,-0.06783466923257285f,0.7434204493377982f,0.6653754527757196f,1.390912089765261f,-0.23715147727420796f,0.635782427502786f,-0.7345337852715322f,0.5975304290554136f,0f,0f,0f,1f], start_interpolation: -1, interpolation_duration: 0 }
$data merge entity $(bone_eye_left) { transformation: [-0.9691014572668685f,-0.207621627931801f,0.13317516712278069f,-0.038694493099321464f,-0.06783466923257285f,0.7434204493377982f,0.6653754527757196f,1.3867534931854126f,-0.23715147727420796f,0.635782427502786f,-0.7345337852715322f,0.6021212652133607f,0f,0f,0f,1f], start_interpolation: 0, interpolation_duration: 1 }
$data merge entity $(bone_mouth_closed) { transformation: [-0.9835091508351128f,-0.12236880764890534f,0.13317516712278069f,-0.12484101371377943f,-0.0027831764004627516f,0.7465036910643041f,0.6653754527757196f,1.392359406882214f,-0.1808369546102766f,0.6540321965637129f,-0.7345337852715322f,0.29292168247165196f,0f,0f,0f,1f], start_interpolation: 0, interpolation_duration: 1 }
$data merge entity $(bone_mouth_open) { transformation: [-0.9835091508351128f,-0.12236880764890534f,0.13317516712278069f,-0.12018464368023375f,-0.0027831764004627516f,0.7465036910643041f,0.6653754527757196f,1.3731897631163028f,-0.1808369546102766f,0.6540321965637129f,-0.7345337852715322f,0.26789234017108887f,0f,0f,0f,1f], start_interpolation: 0, interpolation_duration: 1 }
$data merge entity $(bone_head) { transformation: [-0.9835091508351128f,-0.12236880764890534f,0.13317516712278069f,-0.09028232751115386f,-0.0027831764004627516f,0.7465036910643041f,0.6653754527757196f,1.369118140798969f,-0.1808369546102766f,0.6540321965637129f,-0.7345337852715322f,0.2781343311606071f,0f,0f,0f,1f], start_interpolation: 0, interpolation_duration: 1 }
$data merge entity $(bone_neck) { transformation: [-0.9371271924461444f,-0.28876616216343f,0.19597634746930748f,-0.06772247109213589f,-0.08622960572393928f,0.7357377111141297f,0.6717547733669151f,1.3116386321181777f,-0.3381672371397043f,0.6126207016041371f,-0.7143800079029043f,0.2302733388477839f,0f,0f,0f,1f], start_interpolation: 0, interpolation_duration: 1 }
$data merge entity $(bone_finger_left2) { transformation: [0.45650217211258476f,0.1095879072647059f,0.882947482831133f,0.49341107191233285f,-0.10659918282250998f,-0.9785002016314412f,0.1765615179726382f,0.9336271122643629f,0.883313297238338f,-0.17472219661099567f,-0.4350054860957083f,0.6877552255611639f,0f,0f,0f,1f], start_interpolation: 0, interpolation_duration: 1 }
$data merge entity $(bone_finger_left) { transformation: [-0.08957125878118591f,0.46084784057486866f,0.882947482831133f,0.4822146645646846f,0.9729190952090172f,-0.149179303352929f,0.1765615179726382f,1.05524199916549f,0.21308548467228206f,0.8748513035302711f,-0.4350054860957083f,0.7143909111451991f,0f,0f,0f,1f], start_interpolation: 0, interpolation_duration: 1 }
$data merge entity $(bone_finger_left4) { transformation: [0.4608478405748687f,0.012276469425898653f,0.8873942506777442f,0.5665255497583406f,-0.1491793033529289f,-0.9846051945590005f,0.09109416171505114f,0.9487189921555497f,0.8748513035302712f,-0.17436140383085955f,-0.45192178257472465f,0.6518139713448691f,0f,0f,0f,1f], start_interpolation: 0, interpolation_duration: 1 }
$data merge entity $(bone_finger_left3) { transformation: [-0.01227646942589855f,0.4608478405748687f,0.8873942506777442f,0.5649909910801033f,0.9846051945590005f,-0.14917930335292912f,0.09109416171505114f,1.0717946414754247f,0.17436140383085974f,0.8748513035302712f,-0.45192178257472465f,0.6736091468237265f,0f,0f,0f,1f], start_interpolation: 0, interpolation_duration: 1 }
$data merge entity $(bone_thumb_left2) { transformation: [-0.7537612092881609f,-0.4582023091944795f,-0.47105698511039534f,0.3231457493501406f,0.46973132815247703f,-0.8769671620982964f,0.10139564070200605f,1.0058583477918326f,-0.4595612241307556f,-0.14484212249931588f,0.8762558078696733f,0.6293117959620209f,0f,0f,0f,1f], start_interpolation: 0, interpolation_duration: 1 }
$data merge entity $(bone_thumb_left) { transformation: [-0.7537612092881609f,-0.5091994336525953f,0.41540338965916596f,0.39862621084779143f,0.46973132815247703f,0.024577075298970796f,0.8824672496596453f,1.1014876499945234f,-0.4595612241307556f,0.8602975672042926f,0.22066168026600452f,0.6712557942493576f,0f,0f,0f,1f], start_interpolation: 0, interpolation_duration: 1 }
$data merge entity $(bone_hand_left) { transformation: [-0.4501364315646275f,0.13334517441748378f,0.882947482831133f,0.4449349369893282f,0.5815677011626759f,0.7941064408097686f,0.1765615179726382f,1.104756621076515f,-0.6776106566034978f,0.5929705094893105f,-0.4350054860957083f,0.5510627070470844f,0f,0f,0f,1f], start_interpolation: 0, interpolation_duration: 1 }
$data merge entity $(bone_arm_left2) { transformation: [-0.5840488333253975f,0.11491703951090003f,0.8035428017979453f,0.3491441537703504f,0.45435349026651833f,0.8666025365129226f,0.20630789997477458f,1.231239237391568f,-0.672643937141988f,0.48558636486151363f,-0.5583511584000753f,0.3480047753615827f,0f,0f,0f,1f], start_interpolation: 0, interpolation_duration: 1 }
$data merge entity $(bone_arm_left) { transformation: [-0.8857795695013394f,0.1381513865436672f,0.44306743126761655f,0.10000754694078955f,0.33033363141041033f,0.8582495107912287f,0.3927944362969364f,1.289272992975612f,-0.32599731013189825f,0.4942893602159357f,-0.8058559313947424f,0.31687144354077956f,0f,0f,0f,1f], start_interpolation: 0, interpolation_duration: 1 }
$data merge entity $(bone_finger_right2) { transformation: [0.9376568156641271f,-0.30745184427652206f,0.16208966496842023f,-0.7904352824711007f,-0.28251200121649417f,-0.9458558349593239f,-0.15982399269838088f,0.9454598336101468f,0.20245163671173663f,0.10406778043355105f,-0.9737470060895558f,0.09134268274822908f,0f,0f,0f,1f], start_interpolation: 0, interpolation_duration: 1 }
$data merge entity $(bone_finger_right) { transformation: [-0.26625920238832074f,-0.9501752352350384f,0.16208966496842023f,-0.7571528821725606f,-0.9572785902053542f,0.2409854603340162f,-0.15982399269838088f,1.0651196573858162f,0.11279954733058592f,-0.19771957478621505f,-0.9737470060895558f,0.07724273933190584f,0f,0f,0f,1f], start_interpolation: 0, interpolation_duration: 1 }
$data merge entity $(bone_finger_right4) { transformation: [0.9180929554198415f,-0.3676919024628488f,0.14801347935817272f,-0.7566498714154103f,-0.31592139022533333f,-0.9043459796849759f,-0.28697042395639655f,0.9307239567923444f,0.23937209613184623f,0.2167049004772903f,-0.9464354102116922f,0.019863322185941265f,0f,0f,0f,1f], start_interpolation: 0, interpolation_duration: 1 }
$data merge entity $(bone_finger_right3) { transformation: [-0.11754316266911219f,-0.9819753636614468f,0.14801347935817272f,-0.7419569760817712f,-0.955297610223989f,0.07109466699142719f,-0.28697042395639655f,1.050136158070343f,0.2712749173994502f,-0.1751283343361308f,-0.9464354102116922f,-0.01404604248899001f,0f,0f,0f,1f], start_interpolation: 0, interpolation_duration: 1 }
$data merge entity $(bone_thumb_right2) { transformation: [-0.7841642719604303f,-0.24963825807366327f,-0.5681259848719433f,-0.6594129425008741f,-0.4229233431836259f,-0.45497656947506404f,0.7836658516351771f,1.0355912759054835f,-0.4541169897406982f,0.8547965028792814f,0.2511985236704175f,0.23501280049239248f,0f,0f,0f,1f], start_interpolation: 0, interpolation_duration: 1 }
$data merge entity $(bone_thumb_right) { transformation: [-0.7841642719604303f,-0.6192451084668164f,0.04027269820473073f,-0.6788839887240462f,-0.4229233431836259f,0.5807938664417979f,0.6955676318619005f,1.1093208754137327f,-0.4541169897406982f,0.5284070214744581f,-0.7173310109603086f,0.1311552681929571f,0f,0f,0f,1f], start_interpolation: 0, interpolation_duration: 1 }
$data merge entity $(bone_hand_right) { transformation: [-0.9159130292683642f,-0.367192406412325f,0.16208966496842023f,-0.5834939929032137f,-0.3915676626152522f,0.9061628203319623f,-0.15982399269838088f,1.062175178740965f,-0.08819347147310207f,-0.20985394854791248f,-0.9737470060895558f,0.05849445012337465f,0f,0f,0f,1f], start_interpolation: 0, interpolation_duration: 1 }
$data merge entity $(bone_arm_right2) { transformation: [-0.7318961524250268f,-0.6808788702469231f,-0.027055241945241615f,-0.40221090741853455f,-0.661149405322489f,0.7191794289286603f,-0.21368765253885288f,1.214107051787909f,0.16495298089807686f,-0.13850961359096975f,-0.9765273170965157f,-0.043776752419676795f,0f,0f,0f,1f], start_interpolation: 0, interpolation_duration: 1 }
$data merge entity $(bone_arm_right) { transformation: [-0.8180643530077458f,-0.4596526198759112f,0.3456735213741851f,-0.21929941425248467f,-0.3863224663003848f,0.8844317998201174f,0.2617925581420065f,1.2943256334791298f,-0.4260582898731184f,0.08062171238666936f,-0.9010962618512158f,0.1190563364143038f,0f,0f,0f,1f], start_interpolation: 0, interpolation_duration: 1 }
$data merge entity $(bone_torso) { transformation: [-0.8631525733502639f,-0.18844513695203025f,0.46846138098881523f,-1.7221595613009655e-17f,-0.03902887151345824f,0.949873681642852f,0.3101882269052773f,0.9702777777777777f,-0.503432599567413f,0.24945624722861603f,-0.8272407137051538f,0.140625f,0f,0f,0f,1f], start_interpolation: -1, interpolation_duration: 0 }
$data merge entity $(bone_foot_right) { transformation: [-0.8438433265360596f,-0.16357106631108287f,0.5110508257760791f,-0.21339914443888125f,-0.039623301703482994f,0.9687999341358585f,0.24465625187284934f,0.6188358702527283f,-0.5351246903504563f,0.18620202438268985f,-0.8239965848795228f,0.2065728341165911f,0f,0f,0f,1f], start_interpolation: 0, interpolation_duration: 1 }
$data merge entity $(bone_leg_right3) { transformation: [-0.8438433265360596f,-0.039749138756113356f,0.535115357870342f,-0.25243357694335605f,-0.039623301703482994f,0.9991457825750384f,0.011734527030474395f,0.7586073379879384f,-0.5351246903504563f,-0.011300934946340768f,-0.8446974929799822f,0.25777723345101083f,0f,0f,0f,1f], start_interpolation: 0, interpolation_duration: 1 }
$data merge entity $(bone_leg_right2) { transformation: [-0.8438433265360596f,0.3719155753069285f,0.38679095788897827f,-0.1706121891392764f,-0.039623301703482994f,0.67567509053197f,-0.7361339321052447f,0.8622922320843939f,-0.5351246903504563f,-0.6365076408643737f,-0.5554273930034401f,0.12107494475758326f,0f,0f,0f,1f], start_interpolation: 0, interpolation_duration: 1 }
$data merge entity $(bone_leg_right) { transformation: [-0.8438433265360596f,0.3719155753069285f,0.38679095788897827f,-0.109375f,-0.039623301703482994f,0.67567509053197f,-0.7361339321052447f,0.9268749999999999f,-0.5351246903504563f,-0.6365076408643737f,-0.5554273930034401f,0.07812499999999999f,0f,0f,0f,1f], start_interpolation: -1, interpolation_duration: 0 }
$data merge entity $(bone_foot_left) { transformation: [-0.9881188713550876f,0.05186289568033865f,-0.14467666060425297f,0.161298810056526f,0.006007395990306062f,0.9536580596731343f,0.3008325388216641f,0.5971004711912928f,0.15357411000999993f,0.29638917873654325f,-0.9426390865344558f,0.3464636194336482f,0f,0f,0f,1f], start_interpolation: 0, interpolation_duration: 1 }
$data merge entity $(bone_leg_left3) { transformation: [-0.9881188713550876f,-0.0361703067138364f,-0.1493747133358752f,0.16554828025838494f,0.006007395990306062f,0.9620798660909531f,-0.27270174633806293f,0.749436811506462f,0.15357411000999993f,-0.27035909486207527f,-0.9504319820797253f,0.36784637059865166f,0f,0f,0f,1f], start_interpolation: 0, interpolation_duration: 1 }
$data merge entity $(bone_leg_left2) { transformation: [-0.9908004033648453f,-0.08799038834758251f,-0.10282145812281297f,0.14858661151273728f,0f,0.7597758856425494f,-0.6501850533471834f,0.8478335107210109f,0.13533129975013086f,-0.6442036131181827f,-0.7527862539615204f,0.24366498561263805f,0f,0f,0f,1f], start_interpolation: 0, interpolation_duration: 1 }
$data merge entity $(bone_leg_left) { transformation: [-0.9908004033648453f,-0.08799038834758251f,-0.10282145812281297f,0.10937499999999999f,0f,0.7597758856425494f,-0.6501850533471834f,0.9190624999999999f,0.13533129975013086f,-0.6442036131181827f,-0.7527862539615204f,0.1875f,0f,0f,0f,1f], start_interpolation: -1, interpolation_duration: 0 }