# This file was generated by Animated Java via MC-Build. It is not recommended to edit this file directly.
$data merge entity $(bone_head2) { transformation: [-0.9994633731051458f,-0.0265352151137653f,0.019205420592899113f,-0.07061562674784663f,-0.03273034899941801f,0.8322803720707476f,-0.5533878445721001f,1.6098360961758416f,-0.0013000290997697136f,-0.5537194818901034f,-0.8327022548904833f,-1.6200982273504818f,0f,0f,0f,1f], start_interpolation: 0, interpolation_duration: 1 }
$data merge entity $(bone_head1) { transformation: [-0.9994633731051458f,-0.027122770086624483f,-0.018366305129558856f,-0.07187741721044642f,-0.03273034899941801f,0.8046711261197997f,0.592817934144599f,1.633501500741934f,-0.0013000290997697136f,0.5931009476741055f,-0.8051270556827774f,-1.2458478345496837f,0f,0f,0f,1f], start_interpolation: 0, interpolation_duration: 1 }
$data merge entity $(bone_eyelid_right) { transformation: [-0.9984998983907494f,0.05465007965023118f,0.0033647745669327794f,-0.14495564047633624f,0.0543294270366009f,0.996526831457424f,-0.06310774550957948f,1.4767069113971496f,-0.006801931456399119f,-0.06283027120465554f,-0.998001047468795f,-1.2105031208501613f,0f,0f,0f,1f], start_interpolation: 0, interpolation_duration: 1 }
$data merge entity $(bone_eye_right) { transformation: [-0.9984998983907494f,0.05465007965023118f,0.0033647745669327794f,-0.14497667031737957f,0.0543294270366009f,0.996526831457424f,-0.06310774550957948f,1.4771013348065845f,-0.006801931456399119f,-0.06283027120465554f,-0.998001047468795f,-1.2042656143034813f,0f,0f,0f,1f], start_interpolation: 0, interpolation_duration: 1 }
$data merge entity $(bone_eyelid_left) { transformation: [-0.9928203280577272f,-0.1195678656138864f,0.0033647745669327794f,0.07367697239041439f,-0.1195410273164263f,0.9908215557025553f,-0.06310774550957948f,1.4838666752407723f,0.004211767263287971f,-0.06305688120822353f,-0.998001047468795f,-1.2102187394845867f,0f,0f,0f,1f], start_interpolation: 0, interpolation_duration: 1 }
$data merge entity $(bone_eye_left) { transformation: [-0.9928203280577272f,-0.1195678656138864f,0.0033647745669327794f,0.07365594254937106f,-0.1195410273164263f,0.9908215557025553f,-0.06310774550957948f,1.4842610986502072f,0.004211767263287971f,-0.06305688120822353f,-0.998001047468795f,-1.2039812329379067f,0f,0f,0f,1f], start_interpolation: 0, interpolation_duration: 1 }
$data merge entity $(bone_mouth_closed) { transformation: [-0.9994633731051458f,-0.03258288067985509f,0.0033647745669327794f,-0.06004615674544635f,-0.03273034899941801f,0.997469867570482f,-0.06310774550957948f,1.2787885314815346f,-0.0013000290997697136f,-0.06318401044194544f,-0.998001047468795f,-1.4112535273606641f,0f,0f,0f,1f], start_interpolation: 0, interpolation_duration: 1 }
$data merge entity $(bone_mouth_open) { transformation: [-0.9994633731051458f,-0.03258288067985509f,0.0033647745669327794f,-0.05900691188315754f,-0.03273034899941801f,0.997469867570482f,-0.06310774550957948f,1.2472231747105222f,-0.0013000290997697136f,-0.06318401044194544f,-0.998001047468795f,-1.4155165335810334f,0f,0f,0f,1f], start_interpolation: 0, interpolation_duration: 1 }
$data merge entity $(bone_head) { transformation: [-0.9994633731051458f,-0.03258288067985509f,0.0033647745669327794f,-0.027794711314665068f,-0.03273034899941801f,0.997469867570482f,-0.06310774550957948f,1.2486404215261888f,-0.0013000290997697136f,-0.06318401044194544f,-0.998001047468795f,-1.4092384011249854f,0f,0f,0f,1f], start_interpolation: 0, interpolation_duration: 1 }
$data merge entity $(bone_neck) { transformation: [-0.985761203056367f,-0.16681885726312845f,0.02112627298620645f,-0.014761988090983159f,-0.16327633400015668f,0.9195647963989427f,-0.3574093227368874f,1.1767994218075215f,0.04019563787692676f,-0.3557696643689498f,-0.9337088714425241f,-1.3814438960961613f,0f,0f,0f,1f], start_interpolation: 0, interpolation_duration: 1 }
$data merge entity $(bone_finger_left2) { transformation: [0.7380610581661624f,-0.17123989664174583f,0.6526429132510128f,0.5818724002497786f,0.5037501701873142f,-0.503656749442732f,-0.701830210789642f,1.3174073355920344f,0.4488893409905129f,0.8467625266501262f,-0.28546730637009493f,-0.7745569417315967f,0f,0f,0f,1f], start_interpolation: 0, interpolation_duration: 1 }
$data merge entity $(bone_finger_left) { transformation: [0.20327068539921683f,0.7298892081957122f,0.6526429132510128f,0.6072812359246808f,0.525150653627215f,0.48130151279408595f,-0.701830210789642f,1.3830511672954362f,-0.8263763183031334f,0.48539736046002646f,-0.28546730637009493f,-0.8778539815194885f,0f,0f,0f,1f], start_interpolation: 0, interpolation_duration: 1 }
$data merge entity $(bone_finger_left4) { transformation: [0.7298892081957123f,-0.2593787569255624f,0.6324432023630157f,0.636044164426268f,0.48130151279408606f,-0.4619837635387295f,-0.7449294302205516f,1.259506614591566f,0.4853973604600264f,0.8481118220390175f,-0.21235757527363575f,-0.7986025637368076f,0f,0f,0f,1f], start_interpolation: 0, interpolation_duration: 1 }
$data merge entity $(bone_finger_left3) { transformation: [0.25937875692556256f,0.7298892081957122f,0.6324432023630157f,0.6684665090419633f,0.4619837635387296f,0.48130151279408595f,-0.7449294302205516f,1.3172545850339072f,-0.8481118220390174f,0.4853973604600266f,-0.21235757527363575f,-0.9046165414916848f,0f,0f,0f,1f], start_interpolation: 0, interpolation_duration: 1 }
$data merge entity $(bone_thumb_left2) { transformation: [-0.7611780863052606f,-0.6464620180096035f,-0.05191127237520069f,0.4210708557247118f,0.09818577955564195f,-0.19398866891413585f,0.9760778396347151f,1.366937098422162f,-0.6410674485744164f,0.7378721133122412f,0.21113330096035304f,-0.8710604742508076f,0f,0f,0f,1f], start_interpolation: 0, interpolation_duration: 1 }
$data merge entity $(bone_thumb_left) { transformation: [-0.7611780863052606f,-0.10805661164914859f,0.6394776693580209f,0.5247923795915038f,0.09818577955564195f,0.9554563422451071f,0.27832127255503064f,1.398658951880427f,-0.6410674485744164f,0.2746396670958253f,-0.7166628074874419f,-0.9406099674187873f,0f,0f,0f,1f], start_interpolation: 0, interpolation_duration: 1 }
$data merge entity $(bone_hand_left) { transformation: [-0.553559677595048f,0.5173286297162546f,0.6526429132510128f,0.5190471335018298f,-0.18443206982158256f,0.6880546248985568f,-0.701830210789642f,1.2783319511988895f,-0.8121308361109025f,-0.5088731885564507f,-0.28546730637009493f,-0.986326130363137f,0f,0f,0f,1f], start_interpolation: 0, interpolation_duration: 1 }
$data merge entity $(bone_arm_left2) { transformation: [-0.6973218446257673f,0.4729096391282103f,0.538608130487596f,0.37837968050086274f,-0.16078907055948805f,0.6290883657591751f,-0.7605226511124219f,1.1906020178644912f,-0.6984906010794515f,-0.6169313586502768f,-0.36263835830974955f,-1.1836136780273592f,0f,0f,0f,1f], start_interpolation: 0, interpolation_duration: 1 }
$data merge entity $(bone_arm_left) { transformation: [-0.8554894294460059f,0.3020646469442771f,0.42058861750239573f,0.13822053454546152f,-0.08442296472944058f,0.7200003798782232f,-0.6888194364283764f,1.2125474914589045f,-0.5108919642472751f,-0.62478508468244f,-0.5904515211479411f,-1.2744334490174316f,0f,0f,0f,1f], start_interpolation: 0, interpolation_duration: 1 }
$data merge entity $(bone_finger_right2) { transformation: [0.8649872880152066f,0.463841427019378f,-0.19143699264438027f,-0.5978134218250126f,0.14610352162363494f,-0.597779517922744f,-0.7882343616724812f,0.8452880227470718f,-0.48005286431940986f,0.6538430840290954f,-0.5848405500014957f,-1.2088698629336418f,0f,0f,0f,1f], start_interpolation: 0, interpolation_duration: 1 }
$data merge entity $(bone_finger_right) { transformation: [0.5011301683417273f,-0.843931532901258f,-0.19143699264438027f,-0.6604546928677285f,-0.5908376181736366f,-0.1720392397962749f,-0.7882343616724812f,0.9191427250187764f,0.6322811584482775f,0.5081161951219942f,-0.5848405500014957f,-1.2879050077396765f,0f,0f,0f,1f], start_interpolation: 0, interpolation_duration: 1 }
$data merge entity $(bone_finger_right4) { transformation: [0.8894464915308482f,0.44451659699193236f,-0.10625409969585459f,-0.5959549418210843f,0.14774057212228814f,-0.49964259242110604f,-0.8535396904583263f,0.789698302345234f,-0.43250163242748996f,0.7434798415810804f,-0.5100784872057713f,-1.2669579692025283f,0f,0f,0f,1f], start_interpolation: 0, interpolation_duration: 1 }
$data merge entity $(bone_finger_right3) { transformation: [0.6595757528564384f,-0.7440899761061733f,-0.10625409969585459f,-0.6784019109281392f,-0.4443796101339783f,-0.2720234528666195f,-0.8535396904583263f,0.8452457536119813f,0.6062067207983063f,0.6101912393248827f,-0.5100784872057713f,-1.3427338093023167f,0f,0f,0f,1f], start_interpolation: 0, interpolation_duration: 1 }
$data merge entity $(bone_thumb_right2) { transformation: [-0.40998353626215045f,0.48804309758055153f,-0.7705371080603204f,-0.5142315862090313f,-0.7600428209072834f,0.2842262215684767f,0.5844231047453604f,1.034758311715863f,0.5042305131398546f,0.8252450483807144f,0.25440558119237766f,-1.2640669602058614f,0f,0f,0f,1f], start_interpolation: 0, interpolation_duration: 1 }
$data merge entity $(bone_thumb_right) { transformation: [-0.40998353626215045f,-0.5571474643023935f,-0.7221497095584785f,-0.6173122854120333f,-0.7600428209072834f,0.6463891719837689f,-0.06720080899391756f,1.0026068724382706f,0.5042305131398546f,0.5213134770591981f,-0.6884648489612002f,-1.334367862790391f,0f,0f,0f,1f], start_interpolation: 0, interpolation_duration: 1 }
$data merge entity $(bone_hand_right) { transformation: [-0.3644671832052248f,-0.9113262589291083f,-0.19143699264438027f,-0.5555224133390482f,-0.4961670583050314f,0.36401214448381775f,-0.7882343616724812f,0.9369695831453013f,0.7880240622083698f,-0.19230082801321352f,-0.5848405500014957f,-1.4264293664902286f,0f,0f,0f,1f], start_interpolation: 0, interpolation_duration: 1 }
$data merge entity $(bone_arm_right2) { transformation: [-0.8243610012993363f,-0.5495474577273529f,-0.13574435989078387f,-0.35791618550738813f,-0.3334537355235905f,0.6652204832415085f,-0.6680496350880654f,0.9785799148331948f,0.45742490728218865f,-0.5054496022170133f,-0.7316304762764769f,-1.5865124980780556f,0f,0f,0f,1f], start_interpolation: 0, interpolation_duration: 1 }
$data merge entity $(bone_arm_right) { transformation: [-0.8970809229095851f,-0.2442879052892429f,0.3681972801109221f,-0.1566582847869245f,-0.37721694253888954f,0.8573476079356477f,-0.35023200514606734f,1.0947736507895465f,-0.23011561444912673f,-0.4530767026634857f,-0.8612597201136742f,-1.4751548619586692f,0f,0f,0f,1f], start_interpolation: 0, interpolation_duration: 1 }
$data merge entity $(bone_torso) { transformation: [-0.8090606479898576f,-0.04107683642708398f,0.5862879509109618f,1.4635402453237466e-16f,-0.33299445291952584f,0.8540284886729016f,-0.3996874214431888f,0.8698829336906975f,-0.4842887178110363f,-0.5186019996531271f,-0.7046392011211984f,-1.1950713024708186f,0f,0f,0f,1f], start_interpolation: 0, interpolation_duration: 1 }
$data merge entity $(bone_foot_right) { transformation: [-0.9384048047077379f,-0.25152134536695225f,0.2369249571620318f,-0.13119146426857248f,-0.12668819467135983f,0.8883653646838303f,0.44131290504706167f,0.44145441352581316f,-0.3214755415771842f,0.3841145553802453f,-0.8655111117210988f,-1.121581570307691f,0f,0f,0f,1f], start_interpolation: 0, interpolation_duration: 1 }
$data merge entity $(bone_leg_right3) { transformation: [-0.9384048047077379f,-0.10224560470750449f,0.3300640223038994f,-0.166198753824559f,-0.12668819467135983f,0.9905067270511754f,-0.05335283495073234f,0.5840789742018054f,-0.3214755415771842f,-0.0918817717741946f,-0.9424495828336341f,-1.075599345536335f,0f,0f,0f,1f], start_interpolation: 0, interpolation_duration: 1 }
$data merge entity $(bone_leg_right2) { transformation: [-0.9384048047077379f,0.06763775257740266f,0.33885329705893424f,-0.14504118945124814f,-0.12668819467135983f,0.8450164893579404f,-0.5195163462722742f,0.699877914842975f,-0.3214755415771842f,-0.5304453479289454f,-0.7843986289050972f,-1.1829938883035171f,0f,0f,0f,1f], start_interpolation: 0, interpolation_duration: 1 }
$data merge entity $(bone_leg_right) { transformation: [-0.9384048047077379f,0.06763775257740266f,0.33885329705893424f,-0.10937499999999983f,-0.12668819467135983f,0.8450164893579404f,-0.5195163462722742f,0.783057216803762f,-0.3214755415771842f,-0.5304453479289454f,-0.7843986289050972f,-1.2226770289975688f,0f,0f,0f,1f], start_interpolation: 0, interpolation_duration: 1 }
$data merge entity $(bone_foot_left) { transformation: [-0.9646472919932157f,-0.06655245125167628f,-0.25500269269666304f,0.19186248697450667f,-0.24551758196985174f,0.5786455203313283f,0.7777470531889938f,0.6269325710056993f,0.09579519295785495f,0.8128592332211523f,-0.5745286311170993f,-0.8381873902776735f,0f,0f,0f,1f], start_interpolation: 0, interpolation_duration: 1 }
$data merge entity $(bone_leg_left3) { transformation: [-0.9646472919932157f,-0.2622479321891435f,-0.02610793198769104f,0.15661561725963905f,-0.24551758196985174f,0.9302526261388147f,-0.27267410677494797f,0.7747914782299044f,0.09579519295785495f,-0.25662438236527146f,-0.9617521548620572f,-0.8141656843689112f,0f,0f,0f,1f], start_interpolation: 0, interpolation_duration: 1 }
$data merge entity $(bone_leg_left2) { transformation: [-0.958819734868193f,-0.16086806262265801f,0.2340644835410118f,0.13879449758550536f,-0.27636805526575525f,0.3385047323474245f,-0.8994638648700808f,0.7995745968819994f,0.06546307398764979f,-0.927111650561264f,-0.3690238113423798f,-0.9705588738735581f,0f,0f,0f,1f], start_interpolation: 0, interpolation_duration: 1 }
$data merge entity $(bone_leg_left) { transformation: [-0.958819734868193f,-0.16086806262265801f,0.2340644835410118f,0.09375000000000014f,-0.27636805526575525f,0.3385047323474245f,-0.8994638648700808f,0.8226729138125156f,0.06546307398764979f,-0.927111650561264f,-0.3690238113423798f,-1.0554298700515625f,0f,0f,0f,1f], start_interpolation: 0, interpolation_duration: 1 }