# This file was generated by Animated Java via MC-Build. It is not recommended to edit this file directly.
$data merge entity $(bone_head2) { transformation: [-0.990407658540735f,-0.01568748636115324f,0.13728282003050166f,-0.10923923867306026f,-0.03333891060250195f,0.9913114471881913f,-0.12724044841752202f,1.7810618122098774f,-0.13409394819937578f,-0.13059677425312732f,-0.9823254529996568f,0.09557052094741339f,0f,0f,0f,1f], start_interpolation: 0, interpolation_duration: 1 }
$data merge entity $(bone_head1) { transformation: [-0.990407658540735f,-0.13436908927700342f,0.032212074610728905f,-0.15088173859893717f,-0.03333891060250195f,0.45861539369111687f,0.88800925541876f,1.636513463631528f,-0.13409394819937578f,0.8784172519460276f,-0.458695917291502f,0.4390769650255345f,0f,0f,0f,1f], start_interpolation: 0, interpolation_duration: 1 }
$data merge entity $(bone_eyelid_right) { transformation: [-0.9938054286135181f,0.004405442591032885f,0.11104666646900502f,-0.21825491216858606f,0.04715610518125521f,0.921517848792392f,0.38546226287559804f,1.4799499656707624f,-0.10063335332997571f,0.38831101765546067f,-0.916017184208323f,0.3930015340514968f,0f,0f,0f,1f], start_interpolation: 0, interpolation_duration: 1 }
$data merge entity $(bone_eye_right) { transformation: [-0.9938054286135181f,0.004405442591032885f,0.11104666646900502f,-0.21894895383401733f,0.04715610518125521f,0.921517848792392f,0.38546226287559804f,1.4775408265277898f,-0.10063335332997571f,0.38831101765546067f,-0.916017184208323f,0.3987266414527988f,0f,0f,0f,1f], start_interpolation: 0, interpolation_duration: 1 }
$data merge entity $(bone_eyelid_left) { transformation: [-0.9794722881619622f,-0.1682339876151407f,0.11104666646900502f,-0.0016032368628002627f,-0.11358019714598946f,0.9157064937604743f,0.38546226287559804f,1.4872428523650598f,-0.16653400715483896f,0.3649369023488955f,-0.916017184208323f,0.4223345852201103f,0f,0f,0f,1f], start_interpolation: 0, interpolation_duration: 1 }
$data merge entity $(bone_eye_left) { transformation: [-0.9794722881619622f,-0.1682339876151407f,0.11104666646900502f,-0.0022972785282315417f,-0.11358019714598946f,0.9157064937604743f,0.38546226287559804f,1.4848337132220872f,-0.16653400715483896f,0.3649369023488955f,-0.916017184208323f,0.4280596926214123f,0f,0f,0f,1f], start_interpolation: 0, interpolation_duration: 1 }
$data merge entity $(bone_mouth_closed) { transformation: [-0.990407658540735f,-0.08222717172553143f,0.11104666646900502f,-0.10179489835534727f,-0.03333891060250195f,0.9221211205360507f,0.38546226287559804f,1.3918085027364353f,-0.13409394819937578f,0.37806260234431854f,-0.916017184208323f,0.13736472343061445f,0f,0f,0f,1f], start_interpolation: 0, interpolation_duration: 1 }
$data merge entity $(bone_mouth_open) { transformation: [-0.990407658540735f,-0.08222717172553143f,0.11104666646900502f,-0.09853125757349314f,-0.03333891060250195f,0.9221211205360507f,0.38546226287559804f,1.3654013568626562f,-0.13409394819937578f,0.37806260234431854f,-0.916017184208323f,0.11982515970605248f,0f,0f,0f,1f], start_interpolation: 0, interpolation_duration: 1 }
$data merge entity $(bone_head) { transformation: [-0.990407658540735f,-0.08222717172553143f,0.11104666646900502f,-0.06827505990952645f,-0.03333891060250195f,0.9221211205360507f,0.38546226287559804f,1.3640340586760118f,-0.13409394819937578f,0.37806260234431854f,-0.916017184208323f,0.129740702988585f,0f,0f,0f,1f], start_interpolation: 0, interpolation_duration: 1 }
$data merge entity $(bone_neck) { transformation: [-0.9575755952199739f,-0.2590987663060442f,0.12616183550423765f,-0.04803296879186674f,-0.1748951716391044f,0.8704397276445099f,0.46015905888668496f,1.2960309549537845f,-0.2290429181975306f,0.4185719888344624f,-0.8788269635068794f,0.09703976636089262f,0f,0f,0f,1f], start_interpolation: 0, interpolation_duration: 1 }
$data merge entity $(bone_finger_left2) { transformation: [0.26555306783845123f,0.3005479463039332f,0.9160526732312256f,0.4694029433939903f,0.2991668517090104f,-0.9289516790873207f,0.2180549764609071f,1.1115035569910017f,0.9165046442872541f,0.2161474262935734f,-0.3365999511386749f,0.7149358483780601f,0f,0f,0f,1f], start_interpolation: 0, interpolation_duration: 1 }
$data merge entity $(bone_finger_left) { transformation: [-0.28867862912292547f,0.27841003745129855f,0.9160526732312256f,0.43331811475362464f,0.9411169977192316f,0.2583618080223412f,0.2180549764609071f,1.2291431817059055f,-0.17596433073679507f,0.925060553262214f,-0.3365999511386749f,0.6929403070359608f,0f,0f,0f,1f], start_interpolation: 0, interpolation_duration: 1 }
$data merge entity $(bone_finger_left4) { transformation: [0.2784100374512986f,0.2077408686532065f,0.9377268165823015f,0.5451656614507029f,0.2583618080223414f,-0.9565405068451934f,0.13520146049421028f,1.1300182723934664f,0.925060553262214f,0.2046313520835745f,-0.3199827847598286f,0.6869629806271567f,0f,0f,0f,1f], start_interpolation: 0, interpolation_duration: 1 }
$data merge entity $(bone_finger_left3) { transformation: [-0.20774086865320646f,0.27841003745129866f,0.9377268165823015f,0.5191980528690521f,0.9565405068451935f,0.25836180802234116f,0.13520146049421028f,1.2495858357491156f,-0.2046313520835743f,0.925060553262214f,-0.3199827847598286f,0.6613840616167099f,0f,0f,0f,1f], start_interpolation: 0, interpolation_duration: 1 }
$data merge entity $(bone_thumb_left2) { transformation: [-0.7018630740763283f,-0.2690062097789888f,-0.6595634043429552f,0.30648428981782344f,0.10630935567468724f,-0.955136080406657f,0.2764297176524998f,1.1195500686589237f,-0.7043341154197765f,0.12389805085533201f,0.6989726223895255f,0.6099785623839517f,0f,0f,0f,1f], start_interpolation: 0, interpolation_duration: 1 }
$data merge entity $(bone_thumb_left) { transformation: [-0.7018630740763283f,-0.6804990024788145f,0.21049782154090008f,0.3547297385753212f,0.10630935567468724f,0.19213222460748902f,0.9755939366167721f,1.2381771433711861f,-0.7043341154197765f,0.7071112471830128f,-0.06250710330134548f,0.6241756155781515f,0f,0f,0f,1f], start_interpolation: 0, interpolation_duration: 1 }
$data merge entity $(bone_hand_left) { transformation: [-0.3802496759529578f,-0.12750562263522203f,0.9160526732312256f,0.4248131733583901f,0.20538974599344514f,0.9540791788323343f,0.2180549764609071f,1.2118267078619656f,-0.9017900177859691f,0.27106316001076775f,-0.3365999511386749f,0.5193160465466047f,0f,0f,0f,1f], start_interpolation: 0, interpolation_duration: 1 }
$data merge entity $(bone_arm_left2) { transformation: [-0.48984321596484093f,-0.13365695663823784f,0.8615041739396427f,0.3561963802384075f,0.06012315745681723f,0.9806465219970045f,0.18632660795656972f,1.2385029102234555f,-0.8697349192200143f,0.1430671759607447f,-0.4723271678105891f,0.27236186875343926f,0f,0f,0f,1f], start_interpolation: 0, interpolation_duration: 1 }
$data merge entity $(bone_arm_left) { transformation: [-0.8414945516323536f,0.04965276810983693f,0.5379791094383637f,0.11219904799042132f,0.1803198603908903f,0.964480192648124f,0.19303550434582573f,1.2715181562995639f,-0.5092854479775305f,0.25944664308575716f,-0.8205582074843062f,0.19632539472682578f,0f,0f,0f,1f], start_interpolation: 0, interpolation_duration: 1 }
$data merge entity $(bone_finger_right2) { transformation: [0.5569720406074475f,-0.7858426784121336f,-0.2687627778685508f,-0.7926752558785729f,-0.8167108331387316f,-0.5770224057785497f,-0.0053439932048996025f,1.267255268986422f,-0.1508826067358824f,0.22247792703002897f,-0.9631915754246433f,0.07573144082423632f,0f,0f,0f,1f], start_interpolation: 0, interpolation_duration: 1 }
$data merge entity $(bone_finger_right) { transformation: [-0.760799951119848f,-0.5907199028375606f,-0.2687627778685508f,-0.6975752619885919f,-0.6120976345020896f,0.7907641415577547f,-0.0053439932048996025f,1.3437674732991833f,0.21568477047066467f,0.16044335080647792f,-0.9631915754246433f,0.04877084451540323f,0f,0f,0f,1f], start_interpolation: 0, interpolation_duration: 1 }
$data merge entity $(bone_finger_right4) { transformation: [0.5326753383901892f,-0.7701604756202899f,-0.350870097989593f,-0.7985281938333809f,-0.8392835518636039f,-0.5340589972632435f,-0.10190243870188968f,1.2516309807259491f,-0.10890410204446313f,0.3487604181017507f,-0.9308630765710826f,-0.0029420857640371986f,0f,0f,0f,1f], start_interpolation: 0, interpolation_duration: 1 }
$data merge entity $(bone_finger_right3) { transformation: [-0.6060513713568995f,-0.7138570652540992f,-0.350870097989593f,-0.7227717724137684f,-0.7330839456821996f,0.6724610186245934f,-0.10190243870188968f,1.3432664739362241f,0.308690239332959f,0.19545912313621805f,-0.9308630765710826f,-0.04152836568065708f,0f,0f,0f,1f], start_interpolation: 0, interpolation_duration: 1 }
$data merge entity $(bone_thumb_right2) { transformation: [-0.9637176440283033f,-0.21575950314533981f,0.15715005374167923f,-0.5995670356163495f,0.23329841797096465f,-0.394800173815013f,0.8886532906189459f,1.2284800733372516f,-0.12969252392016162f,0.8930737145152754f,0.4308122441169784f,0.1602141767154122f,0f,0f,0f,1f], start_interpolation: 0, interpolation_duration: 1 }
$data merge entity $(bone_thumb_right) { transformation: [-0.9637176440283033f,0.07387864966752067f,0.2564960968744755f,-0.5976211998829245f,0.23329841797096465f,0.700031327598529f,0.6749281358432809f,1.3201366658792544f,-0.12969252392016162f,0.7102802865798439f,-0.6918683138685232f,0.06967774610934174f,0f,0f,0f,1f], start_interpolation: 0, interpolation_duration: 1 }
$data merge entity $(bone_hand_right) { transformation: [-0.9317952735261761f,0.24397569031905386f,-0.2687627778685508f,-0.579828986357656f,0.2547339424150261f,0.9669964117401493f,-0.0053439932048996025f,1.2432775193815966f,0.25858883737697747f,-0.07344250959095121f,-0.9631915754246433f,-0.0321931095733452f,0f,0f,0f,1f], start_interpolation: 0, interpolation_duration: 1 }
$data merge entity $(bone_arm_right2) { transformation: [-0.8946958993709735f,-0.07868257920939443f,-0.43969114089065087f,-0.3836357078205783f,-0.11900245439471152f,0.9907738269324259f,0.06485090372315605f,1.2770813144629718f,0.4305318379595164f,0.11034616257320792f,-0.8958047002045524f,-0.19581386282600882f,0f,0f,0f,1f], start_interpolation: 0, interpolation_duration: 1 }
$data merge entity $(bone_arm_right) { transformation: [-0.876015433381145f,-0.13365695663823787f,0.46339268274353346f,-0.19359389214676295f,-0.04940585678531624f,0.9806465219970045f,0.18945041623202438f,1.2775921276447992f,-0.4797457887187273f,0.14306717596074467f,-0.8656649244189484f,-0.021773357870142743f,0f,0f,0f,1f], start_interpolation: 0, interpolation_duration: 1 }
$data merge entity $(bone_torso) { transformation: [-0.8322945967324967f,-0.13365695663823787f,0.5379791094383637f,-5.587451021109799e-18f,-0.032706160843657045f,0.9806465219970045f,0.19303550434582573f,0.9436111111111111f,-0.5533678806117677f,0.14306717596074467f,-0.8205582074843062f,0.045625f,0f,0f,0f,1f], start_interpolation: 0, interpolation_duration: 1 }
$data merge entity $(bone_foot_right) { transformation: [-0.7391855987879263f,-0.22399954750459386f,0.6351604940975722f,-0.21583707894135742f,-0.04808932115925518f,0.9582184884870171f,0.2819658587703452f,0.505320832793032f,-0.6717827533771441f,0.1778806651645801f,-0.7190732933614139f,0.027336061637748016f,0f,0f,0f,1f], start_interpolation: 0, interpolation_duration: 1 }
$data merge entity $(bone_leg_right3) { transformation: [-0.7245805758901526f,-0.1260495232914356f,0.677565130980555f,-0.27591061384050025f,0.021156681158155582f,0.9786009295806573f,0.20467685620569248f,0.6301442850024561f,-0.6888652871825282f,0.16263990378094606f,-0.7064084355477771f,0.09435782532867962f,0f,0f,0f,1f], start_interpolation: 0, interpolation_duration: 1 }
$data merge entity $(bone_leg_right2) { transformation: [-0.7245853111548292f,0.454004565620548f,0.5185132411562475f,-0.17458121900051476f,0.06472812927247681f,0.7938616320159555f,-0.6046436789497176f,0.7600982260382692f,-0.686138758662958f,-0.4045535361465293f,-0.6046073438619431f,-0.0003899421944803354f,0f,0f,0f,1f], start_interpolation: 0, interpolation_duration: 1 }
$data merge entity $(bone_leg_right) { transformation: [-0.7245853111548292f,0.454004565620548f,0.5185132411562475f,-0.10937499999999999f,0.06472812927247681f,0.7938616320159555f,-0.6046436789497176f,0.8325f,-0.686138758662958f,-0.4045535361465293f,-0.6046073438619431f,-0.016875000000000015f,0f,0f,0f,1f], start_interpolation: 0, interpolation_duration: 1 }
$data merge entity $(bone_foot_left) { transformation: [-0.9731494575289735f,0.055030664892415634f,-0.22349890208357406f,0.15027203252100554f,0.005463625679040188f,0.9762483170946806f,0.21658571551291916f,0.4983603052947983f,0.23010928296247354f,0.20954915721926087f,-0.9503361871481029f,0.20470787660857162f,0f,0f,0f,1f], start_interpolation: 0, interpolation_duration: 1 }
$data merge entity $(bone_leg_left3) { transformation: [-0.9731494575289735f,0.015384448382095309f,-0.2296594262359876f,0.16678918471448692f,0.005463625679040188f,0.9990266263474687f,0.043771550614920385f,0.6361127027114786f,0.23010928296247354f,0.041341487597495286f,-0.9722862743542782f,0.2712894154491118f,0f,0f,0f,1f], start_interpolation: 0, interpolation_duration: 1 }
$data merge entity $(bone_leg_left2) { transformation: [-0.9793406217655515f,-0.1111203715201374f,-0.16895031693693144f,0.14414692926018635f,0f,0.8354878114129364f,-0.5495089780708061f,0.7494855176800372f,0.20221757233203783f,-0.538156464249616f,-0.818227152706685f,0.16163286938802535f,0f,0f,0f,1f], start_interpolation: 0, interpolation_duration: 1 }
$data merge entity $(bone_leg_left) { transformation: [-0.9793406217655515f,-0.1111203715201374f,-0.16895031693693144f,0.10312499999999998f,0f,0.8354878114129364f,-0.5495089780708061f,0.8278125000000001f,0.20221757233203783f,-0.538156464249616f,-0.818227152706685f,0.11750000000000003f,0f,0f,0f,1f], start_interpolation: 0, interpolation_duration: 1 }