# This file was generated by Animated Java via MC-Build. It is not recommended to edit this file directly.
$data merge entity $(bone_head2) { transformation: [-0.9950566572247872f,-0.03343542839296932f,0.09351107442870461f,-0.10880387930026622f,-0.055596206366496786f,0.9677844146354001f,-0.24556544672748618f,1.607595930628941f,-0.08228797451806677f,-0.24955039354205522f,-0.9648592075182365f,0.0031155015079234877f,0f,0f,0f,1f], start_interpolation: 0, interpolation_duration: 1 }
$data merge entity $(bone_head1) { transformation: [-0.9950566572247872f,-0.09930725661353408f,0.0005636457449539334f,-0.13290334872299783f,-0.055596206366496786f,0.561757802411762f,0.8254315436589287f,1.5058860710689324f,-0.08228797451806677f,0.8213198160359956f,-0.5645019477701672f,0.3632534195918517f,0f,0f,0f,1f], start_interpolation: 0, interpolation_duration: 1 }
$data merge entity $(bone_eyelid_right) { transformation: [-0.9978688554204699f,0.011301539439442482f,0.06426525179395096f,-0.2004590303351107f,0.02836405775988006f,0.9620975931102417f,0.2712262921600227f,1.3444504731123474f,-0.05876416943372355f,0.2724710930314966f,-0.9603677815571419f,0.3398227485745148f,0f,0f,0f,1f], start_interpolation: 0, interpolation_duration: 1 }
$data merge entity $(bone_eye_right) { transformation: [-0.9978688554204699f,0.011301539439442482f,0.06426525179395096f,-0.20086068815882288f,0.02836405775988006f,0.9620975931102417f,0.2712262921600227f,1.3427553087863473f,-0.05876416943372355f,0.2724710930314966f,-0.9603677815571419f,0.3458250472092469f,0f,0f,0f,1f], start_interpolation: 0, interpolation_duration: 1 }
$data merge entity $(bone_eyelid_left) { transformation: [-0.9846714770359869f,-0.162148264633414f,0.06426525179395096f,0.01720961343281151f,-0.13913334979251735f,0.9524065357905934f,0.2712262921600227f,1.3566121432550184f,-0.10518551842948999f,0.2581273539548516f,-0.9603677815571419f,0.35782324300034185f,0f,0f,0f,1f], start_interpolation: 0, interpolation_duration: 1 }
$data merge entity $(bone_eye_left) { transformation: [-0.9846714770359869f,-0.162148264633414f,0.06426525179395096f,0.01680795560909932f,-0.13913334979251735f,0.9524065357905934f,0.2712262921600227f,1.3549169789290183f,-0.10518551842948999f,0.2581273539548516f,-0.9603677815571419f,0.36382554163507397f,0f,0f,0f,1f], start_interpolation: 0, interpolation_duration: 1 }
$data merge entity $(bone_mouth_closed) { transformation: [-0.9950566572247872f,-0.07571146758907923f,0.06426525179395096f,-0.09482779702788605f,-0.055596206366496786f,0.960908611824652f,0.2712262921600227f,1.2264286655342125f,-0.08228797451806677f,0.2663126234272942f,-0.9603677815571419f,0.0916394962467552f,0f,0f,0f,1f], start_interpolation: 0, interpolation_duration: 1 }
$data merge entity $(bone_mouth_open) { transformation: [-0.9950566572247872f,-0.07571146758907923f,0.06426525179395096f,-0.09206015584201513f,-0.055596206366496786f,0.960908611824652f,0.2712262921600227f,1.1980954357406923f,-0.08228797451806677f,0.2663126234272942f,-0.9603677815571419f,0.07731492812992012f,0f,0f,0f,1f], start_interpolation: 0, interpolation_duration: 1 }
$data merge entity $(bone_head) { transformation: [-0.9950566572247872f,-0.07571146758907923f,0.06426525179395096f,-0.06136629312745271f,-0.055596206366496786f,0.960908611824652f,0.2712262921600227f,1.1981376528636452f,-0.08228797451806677f,0.2663126234272942f,-0.9603677815571419f,0.08588872596834184f,0f,0f,0f,1f], start_interpolation: 0, interpolation_duration: 1 }
$data merge entity $(bone_neck) { transformation: [-0.9658161235326954f,-0.2510342144715903f,0.06466095180948472f,-0.04175424512185972f,-0.21123912544150492f,0.906726581715846f,0.3649999149213673f,1.1272996386670946f,-0.15025727072918982f,0.3388638800086678f,-0.9287594001777242f,0.059414985342664664f,0f,0f,0f,1f], start_interpolation: 0, interpolation_duration: 1 }
$data merge entity $(bone_finger_left2) { transformation: [0.1852305571157111f,0.1533895326155641f,0.9706499327742119f,0.39510528251379f,0.3063290424405726f,-0.9475391541839867f,0.09128016786650217f,0.9378438710668038f,0.9337302385957333f,0.2804303881042025f,-0.2225008740649823f,0.707889980965887f,0f,0f,0f,1f], start_interpolation: 0, interpolation_duration: 1 }
$data merge entity $(bone_finger_left) { transformation: [-0.14516389634612448f,0.19174501611001402f,0.9706499327742119f,0.37695979547052444f,0.9599991920301574f,0.2647064076589534f,0.09128016786650217f,1.0578437700705734f,-0.2394347395409789f,0.9450737360339998f,-0.2225008740649823f,0.6779606385232646f,0f,0f,0f,1f], start_interpolation: 0, interpolation_duration: 1 }
$data merge entity $(bone_finger_left4) { transformation: [0.19174501611001404f,0.06001378805544805f,0.9796081839389695f,0.47545995017503784f,0.2647064076589536f,-0.9643016961013382f,0.007263376650993858f,0.9458635737953908f,0.9450737360339998f,0.25791584701083814f,-0.20078607850002844f,0.6893406624560273f,0f,0f,0f,1f], start_interpolation: 0, interpolation_duration: 1 }
$data merge entity $(bone_finger_left3) { transformation: [-0.060013788055448006f,0.19174501611001404f,0.9796081839389695f,0.4679582266681068f,0.9643016961013383f,0.26470640765895337f,0.007263376650993858f,1.066401285808058f,-0.2579158470108379f,0.9450737360339999f,-0.20078607850002844f,0.6571011815796726f,0f,0f,0f,1f], start_interpolation: 0, interpolation_duration: 1 }
$data merge entity $(bone_thumb_left2) { transformation: [-0.5905119240752859f,-0.3991528454168456f,-0.7014076371986117f,0.24871532030826565f,0.15767977713567533f,-0.9094371571817967f,0.38478714248209434f,0.9605984739724724f,-0.7914750504010517f,0.11662359595179483f,0.5999718172213798f,0.5826882520304899f,0f,0f,0f,1f], start_interpolation: 0, interpolation_duration: 1 }
$data merge entity $(bone_thumb_left) { transformation: [-0.5905119240752859f,-0.7335270320904621f,0.3365022447435705f,0.30923159852856463f,0.15767977713567533f,0.3040602403180369f,0.9395128834349114f,1.0731100913663465f,-0.7914750504010517f,0.60785315944749f,-0.06388881860198022f,0.5994357450302752f,0f,0f,0f,1f], start_interpolation: 0, interpolation_duration: 1 }
$data merge entity $(bone_hand_left) { transformation: [-0.23710913432713226f,-0.040223953361844686f,0.9706499327742119f,0.3879247059158165f,0.20848084442149592f,0.9737574998240389f,0.09128016786650217f,1.033837816141172f,-0.9488493009577115f,0.22400527920649768f,-0.2225008740649823f,0.5052728768264201f,0f,0f,0f,1f], start_interpolation: 0, interpolation_duration: 1 }
$data merge entity $(bone_arm_left2) { transformation: [-0.36706468931171304f,-0.027123883302648578f,0.9297998756802884f,0.35427102581790626f,0.07899108221151913f,0.9950552698447357f,0.0602114514463236f,1.057348802409447f,-0.9268354345791643f,0.09554739613827404f,-0.3631071085776856f,0.25086982389552365f,0f,0f,0f,1f], start_interpolation: 0, interpolation_duration: 1 }
$data merge entity $(bone_arm_left) { transformation: [-0.802925531056687f,0.10358703915357384f,0.5870096395262459f,0.11685154058334418f,0.20386760200205245f,0.9731189872844371f,0.10713280282175058f,1.1016199027336007f,-0.560132656101454f,0.2056919101615504f,-0.802460120917434f,0.16099041742749978f,0f,0f,0f,1f], start_interpolation: 0, interpolation_duration: 1 }
$data merge entity $(bone_finger_right2) { transformation: [0.42991020259222007f,-0.8194829655975012f,-0.3789787418875109f,-0.7350328453041558f,-0.8670261817118152f,-0.4918114562224485f,0.07991928274568574f,1.1195094491432906f,-0.25187857775790795f,0.2942263764924535f,-0.9219479494216442f,0.07143130989553265f,0f,0f,0f,1f], start_interpolation: 0, interpolation_duration: 1 }
$data merge entity $(bone_finger_right) { transformation: [-0.7999505797376303f,-0.46524636825534527f,-0.3789787418875109f,-0.635039022836952f,-0.5291625115685966f,0.8447484504844207f,0.07991928274568574f,1.1856547630893652f,0.2829595489250077f,0.2644728194529291f,-0.9219479494216442f,0.03606136627990669f,0f,0f,0f,1f], start_interpolation: 0, interpolation_duration: 1 }
$data merge entity $(bone_finger_right4) { transformation: [0.4081240711708577f,-0.7838318473014707f,-0.46801963386901624f,-0.7520049226879768f,-0.8888746735671506f,-0.45808176877883405f,-0.007931443963508533f,1.1090808576912585f,-0.20817434333225632f,0.41924781247898985f,-0.8836824738047969f,-0.0064859033618032205f,0f,0f,0f,1f], start_interpolation: 0, interpolation_duration: 1 }
$data merge entity $(bone_finger_right3) { transformation: [-0.6514931423925654f,-0.5970881909136807f,-0.46801963386901624f,-0.6705682798889061f,-0.672530705244118f,0.7400267175585642f,-0.007931443963508533f,1.1931471958467732f,0.3510828049325537f,0.3095902930825267f,-0.8836824738047969f,-0.050371253978372436f,0f,0f,0f,1f], start_interpolation: 0, interpolation_duration: 1 }
$data merge entity $(bone_thumb_right2) { transformation: [-0.9359472036461578f,-0.15620542483686106f,0.31559894999583404f,-0.5396089716193511f,0.3521403137261587f,-0.4156266428412482f,0.8386010333939232f,1.0536019814632973f,0.00017730138106286653f,0.896021405443f,0.4440108214358871f,0.12971808791738818f,0f,0f,0f,1f], start_interpolation: 0, interpolation_duration: 1 }
$data merge entity $(bone_thumb_right) { transformation: [-0.9359472036461578f,0.24314060264791587f,0.25472628315693197f,-0.537016536338677f,0.3521403137261587f,0.6458745189091765f,0.6773797349143849f,1.1492788331315378f,0.00017730138106286653f,0.7236910619648749f,-0.6901240579753556f,0.04345812133862695f,0f,0f,0f,1f], start_interpolation: 0, interpolation_duration: 1 }
$data merge entity $(bone_hand_right) { transformation: [-0.8560838183711785f,0.35141942052251757f,-0.3789787418875109f,-0.5410042685250898f,0.3480502781773177f,0.934063119979644f,0.07991928274568574f,1.0766391785041356f,0.38207525408447274f,-0.06348605180282556f,-0.9219479494216442f,-0.06288632406225514f,0f,0f,0f,1f], start_interpolation: 0, interpolation_duration: 1 }
$data merge entity $(bone_arm_right2) { transformation: [-0.8455258694223382f,0.05810990365056409f,-0.5307628879597f,-0.36279548166698644f,-0.036427640088523894f,0.9854656515741533f,0.16592310449455228f,1.0961162825571762f,0.532690370830166f,0.15962671663995126f,-0.8311198951773257f,-0.2480039102183795f,0f,0f,0f,1f], start_interpolation: 0, interpolation_duration: 1 }
$data merge entity $(bone_arm_right) { transformation: [-0.8370939537819237f,-0.155215835008208f,0.5245776940591842f,-0.18630809910020452f,-0.09002817804045639f,0.9849169073176172f,0.14776201419382495f,1.1093882011801763f,-0.5396004444961681f,0.07646391464347738f,-0.8384417869219858f,-0.06070118741171337f,0f,0f,0f,1f], start_interpolation: 0, interpolation_duration: 1 }
$data merge entity $(bone_torso) { transformation: [-0.826533236168341f,-0.11618572555647923f,0.5507664538495458f,-1.8656728580760597e-18f,-0.027306377656024394f,0.9855898158079517f,0.16693434851747677f,0.7731032986111119f,-0.5622251962055738f,0.12293735051871875f,-0.8177953512945898f,0.015234375000000112f,0f,0f,0f,1f], start_interpolation: 0, interpolation_duration: 1 }
$data merge entity $(bone_foot_right) { transformation: [-0.6728881530705603f,-0.2134998739933589f,0.70826501908686f,-0.1811057245334909f,-0.06565298523104379f,0.9709034009058821f,0.2302960521581824f,0.2951889598056533f,-0.7368250938910417f,0.10846377235838624f,-0.6673263003196005f,-0.08413566937700173f,0f,0f,0f,1f], start_interpolation: 0, interpolation_duration: 1 }
$data merge entity $(bone_leg_right3) { transformation: [-0.6617291839885688f,-0.25952205552722896f,0.7033937657903606f,-0.261563123953905f,0.07909076842384538f,0.9087818867771935f,0.40970737437323473f,0.39737970173536896f,-0.745559613584285f,0.32674727995900166f,-0.5808416975660797f,-0.001884227034887144f,0f,0f,0f,1f], start_interpolation: 0, interpolation_duration: 1 }
$data merge entity $(bone_leg_right2) { transformation: [-0.6726988317848978f,0.396991344485889f,0.6243990343670625f,-0.16761477703883015f,0.16237018291425875f,0.9025115725670718f,-0.39888442572116206f,0.5541354832879086f,-0.7218810188775044f,-0.16694530177814904f,-0.6715780377577715f,-0.05417328479822044f,0f,0f,0f,1f], start_interpolation: 0, interpolation_duration: 1 }
$data merge entity $(bone_leg_right) { transformation: [-0.6726988317848978f,0.396991344485889f,0.6243990343670625f,-0.10937499999999999f,0.16237018291425875f,0.9025115725670718f,-0.39888442572116206f,0.633671875000001f,-0.7218810188775044f,-0.16694530177814904f,-0.6715780377577715f,-0.0472656249999999f,0f,0f,0f,1f], start_interpolation: 0, interpolation_duration: 1 }
$data merge entity $(bone_foot_left) { transformation: [-0.9634340583252369f,0.05060203378062622f,-0.2631240191168959f,0.14139249527065634f,0.004263277761357849f,0.984776210736661f,0.1737746794843056f,0.3038622842552286f,0.2679116267012198f,0.16629867391055156f,-0.9489826717774665f,0.15285840458345273f,0f,0f,0f,1f], start_interpolation: 0, interpolation_duration: 1 }
$data merge entity $(bone_leg_left3) { transformation: [-0.9634340583252369f,0.05823351468496665f,-0.2615409586018986f,0.16592789318584844f,0.004263277761357849f,0.9793054135641828f,0.2023431032346163f,0.42893066408552827f,0.2679116267012198f,0.19382921537095693f,-0.9437444545781373f,0.23909966640612712f,0f,0f,0f,1f], start_interpolation: 0, interpolation_duration: 1 }
$data merge entity $(bone_leg_left2) { transformation: [-0.9719153822571455f,-0.11667585807183578f,-0.2043703351153187f,0.14131071738977038f,-6.938893903907228e-18f,0.8684392849969005f,-0.49579553071207916f,0.5491306920315415f,0.23533059667613737f,-0.4818713027534147f,-0.8440494996448846f,0.13743072848700344f,0f,0f,0f,1f], start_interpolation: 0, interpolation_duration: 1 }
$data merge entity $(bone_leg_left) { transformation: [-0.9719153822571455f,-0.11667585807183578f,-0.2043703351153187f,0.09999999999999999f,-6.938893903907228e-18f,0.8684392849969005f,-0.49579553071207916f,0.630546875000001f,0.23533059667613737f,-0.4818713027534147f,-0.8440494996448846f,0.09960937500000011f,0f,0f,0f,1f], start_interpolation: 0, interpolation_duration: 1 }