# This file was generated by Animated Java via MC-Build. It is not recommended to edit this file directly.
$data merge entity $(bone_head2) { transformation: [-0.9980882932593171f,-0.02950216311127066f,0.05430820592193643f,-0.09713687485140497f,-0.04161161864779789f,0.9704847248277811f,-0.2375455157847782f,1.3845327794580629f,-0.045697177727007585f,-0.23935125077530298f,-0.9698570753982693f,-0.015169947921410847f,0f,0f,0f,1f], start_interpolation: 0, interpolation_duration: 1 }
$data merge entity $(bone_head1) { transformation: [-0.9980882932593171f,-0.06112335440869929f,-0.009148464599702644f,-0.10924232650392426f,-0.04161161864779789f,0.5551450929647086f,0.8307119831510291f,1.2797120627621148f,-0.045697177727007585f,0.8295045878734089f,-0.5566272600625597f,0.3446787360995763f,0f,0f,0f,1f], start_interpolation: 0, interpolation_duration: 1 }
$data merge entity $(bone_eyelid_right) { transformation: [-0.9988836983297477f,0.03448595443274704f,0.03228120440671811f,-0.17981022313993045f,0.042149755329960306f,0.9592136880230413f,0.2795219111891952f,1.1194175961469703f,-0.02132499324056886f,0.28057052528036225f,-0.9595964907226324f,0.322316386336274f,0f,0f,0f,1f], start_interpolation: 0, interpolation_duration: 1 }
$data merge entity $(bone_eye_right) { transformation: [-0.9988836983297477f,0.03448595443274704f,0.03228120440671811f,-0.18001198066747243f,0.042149755329960306f,0.9592136880230413f,0.2795219111891952f,1.1176705842020378f,-0.02132499324056886f,0.28057052528036225f,-0.9595964907226324f,0.32831386440329047f,0f,0f,0f,1f], start_interpolation: 0, interpolation_duration: 1 }
$data merge entity $(bone_eyelid_left) { transformation: [-0.9896968336149944f,-0.13949229862076948f,0.03228120440671811f,0.03852159101054518f,-0.12505630308186405f,0.951960304962679f,0.2795219111891952f,1.128520137726176f,-0.06972157909823347f,0.2726049823478241f,-0.9595964907226324f,0.3323126439640569f,0f,0f,0f,1f], start_interpolation: 0, interpolation_duration: 1 }
$data merge entity $(bone_eye_left) { transformation: [-0.9896968336149944f,-0.13949229862076948f,0.03228120440671811f,0.03831983348300319f,-0.12505630308186405f,0.951960304962679f,0.2795219111891952f,1.1267731257812434f,-0.06972157909823347f,0.2726049823478241f,-0.9595964907226324f,0.33831012203107336f,0f,0f,0f,1f], start_interpolation: 0, interpolation_duration: 1 }
$data merge entity $(bone_mouth_closed) { transformation: [-0.9980882932593171f,-0.052703725681920756f,0.03228120440671811f,-0.08507269497450436f,-0.04161161864779789f,0.9592371835779981f,0.2795219111891952f,1.0023846392551519f,-0.045697177727007585f,0.27764427410014236f,-0.9595964907226324f,0.06931417486715878f,0f,0f,0f,1f], start_interpolation: 0, interpolation_duration: 1 }
$data merge entity $(bone_mouth_open) { transformation: [-0.9980882932593171f,-0.052703725681920756f,0.03228120440671811f,-0.08322394601940235f,-0.04161161864779789f,0.9592371835779981f,0.2795219111891952f,0.9741554892132719f,-0.045697177727007585f,0.27764427410014236f,-0.9595964907226324f,0.05464031323451288f,0f,0f,0f,1f], start_interpolation: 0, interpolation_duration: 1 }
$data merge entity $(bone_head) { transformation: [-0.9980882932593171f,-0.052703725681920756f,0.03228120440671811f,-0.05223544438259067f,-0.04161161864779789f,0.9592371835779981f,0.2795219111891952f,0.9737088403510832f,-0.045697177727007585f,0.27764427410014236f,-0.9595964907226324f,0.062065828105498315f,0f,0f,0f,1f], start_interpolation: 0, interpolation_duration: 1 }
$data merge entity $(bone_neck) { transformation: [-0.9739129537907905f,-0.2244602811801765f,0.033333775828938816f,-0.034699484915389385f,-0.20229000031893268f,0.9253389942300689f,0.3206657161722326f,0.9014167314268591f,-0.1028217594163029f,0.30555740529367104f,-0.946605703479931f,0.03819415581693027f,0f,0f,0f,1f], start_interpolation: 0, interpolation_duration: 1 }
$data merge entity $(bone_finger_left2) { transformation: [0.048434037968234527f,-0.2674112934171818f,0.9623644549332864f,0.2149617186339653f,0.32416851214643416f,-0.9071315813712733f,-0.26837859417550575f,0.7041930401769729f,0.9447586568530925f,0.32496691251849535f,0.042750275663880566f,0.7117858306539872f,0f,0f,0f,1f], start_interpolation: 0, interpolation_duration: 1 }
$data merge entity $(bone_finger_left) { transformation: [0.2692694401831436f,0.03672362270276333f,0.9623644549332864f,0.24862039865685823f,0.9204082250126687f,0.2842914517135686f,-0.26837859417550575f,0.8192440683035566f,-0.28344782220452047f,0.958034313591208f,0.042750275663880566f,0.6763548528784221f,0f,0f,0f,1f], start_interpolation: 0, interpolation_duration: 1 }
$data merge entity $(bone_finger_left4) { transformation: [0.036723622702763394f,-0.35212037753223585f,0.9352339895780846f,0.29482701911532433f,0.2842914517135688f,-0.8935150581247163f,-0.3475761950809879f,0.6823941928340134f,0.958034313591208f,0.2786432856376426f,0.06729170343275954f,0.7151931019266162f,0f,0f,0f,1f], start_interpolation: 0, interpolation_duration: 1 }
$data merge entity $(bone_finger_left3) { transformation: [0.35212037753223585f,0.03672362270276332f,0.9352339895780846f,0.3388420663068538f,0.8935150581247164f,0.28429145171356857f,-0.3475761950809879f,0.7940835750996029f,-0.2786432856376424f,0.9580343135912082f,0.06729170343275954f,0.680362691221911f,0f,0f,0f,1f], start_interpolation: 0, interpolation_duration: 1 }
$data merge entity $(bone_thumb_left2) { transformation: [-0.28350524853747416f,-0.7123264381151381f,-0.6420403566863261f,0.12154528678572307f,0.26237594611382303f,-0.701580848253835f,0.6625278682925767f,0.7616443742565432f,-0.9223793346300542f,0.019374181934458667f,0.38579917589568435f,0.5517983924297237f,0f,0f,0f,1f], start_interpolation: 0, interpolation_duration: 1 }
$data merge entity $(bone_thumb_left) { transformation: [-0.28350524853747416f,-0.7016805390845701f,0.6536583167999102f,0.2121121154025079f,0.26237594611382303f,0.598859949803996f,0.7566542297652423f,0.8480269046611415f,-0.9223793346300542f,0.38601966477207156f,0.014324156403650309f,0.5824132661873692f,0f,0f,0f,1f], start_interpolation: 0, interpolation_duration: 1 }
$data merge entity $(bone_hand_left) { transformation: [0.0917605394202397f,0.2558019923422511f,0.9623644549332864f,0.2920811922448778f,0.1728276240598201f,0.9476832501158903f,-0.26837859417550575f,0.7744379348286835f,-0.9806684535392909f,0.19094972679613373f,0.042750275663880566f,0.513194968259894f,0f,0f,0f,1f], start_interpolation: 0, interpolation_duration: 1 }
$data merge entity $(bone_arm_left2) { transformation: [-0.07694447027320572f,0.30653253762317934f,0.948745145902033f,0.3321416462954534f,0.0983499419073891f,0.9492588357142777f,-0.298722198279919f,0.7803552829130358f,-0.9921727860716545f,0.07032400867888644f,-0.10318767553415925f,0.25870254202109544f,0f,0f,0f,1f], start_interpolation: 0, interpolation_duration: 1 }
$data merge entity $(bone_arm_left) { transformation: [-0.6744264571593674f,0.3323841000351009f,0.6592948990605947f,0.12232910081432435f,0.34275923590725105f,0.9318353307143633f,-0.11915965186559824f,0.8734925701314484f,-0.6539610539502649f,0.14561499399549865f,-0.7423821209053659f,0.14161116109011454f,0f,0f,0f,1f], start_interpolation: 0, interpolation_duration: 1 }
$data merge entity $(bone_finger_right2) { transformation: [0.6742810652761917f,-0.7080334354075839f,-0.20984208194482545f,-0.7131634980561812f,-0.7338030744198862f,-0.6104839974442313f,-0.29806431661041727f,0.7958466125943409f,0.08293426904439054f,0.35496188979867477f,-0.931194911824923f,-0.03796138818436429f,0f,0f,0f,1f], start_interpolation: 0, interpolation_duration: 1 }
$data merge entity $(bone_finger_right) { transformation: [-0.6779478174850463f,-0.7045232837971528f,-0.20984208194482545f,-0.6284200208705504f,-0.6419109925038381f,0.7064757185256283f,-0.29806431661041727f,0.8760854866573207f,0.35824158674000967f,-0.06737211382592961f,-0.931194911824923f,-0.0827415865268655f,0f,0f,0f,1f], start_interpolation: 0, interpolation_duration: 1 }
$data merge entity $(bone_finger_right4) { transformation: [0.6510517803236523f,-0.7058084391824968f,-0.2792239719583022f,-0.7122494660183136f,-0.7479928024996106f,-0.534077679297948f,-0.3940403531169072f,0.7594576811544782f,0.12898971566051884f,0.4653981947262861f,-0.8756518563900452f,-0.10967546815673582f,0f,0f,0f,1f], start_interpolation: 0, interpolation_duration: 1 }
$data merge entity $(bone_finger_right3) { transformation: [-0.5132539997234871f,-0.8115443951206073f,-0.2792239719583022f,-0.6480927160528778f,-0.7094742065649261f,0.5842760908462471f,-0.3940403531169072f,0.848141956975094f,0.4829251308297297f,-0.004140581330684262f,-0.8756518563900452f,-0.17004110951045204f,0f,0f,0f,1f], start_interpolation: 0, interpolation_duration: 1 }
$data merge entity $(bone_thumb_right2) { transformation: [-0.9779854462099387f,-0.20860361006302408f,0.0053852456045178285f,-0.5216631091490517f,0.04273121667166259f,-0.1749409062685474f,0.9836512199126777f,0.8102087917978704f,-0.20425109577014913f,0.9622266953180072f,0.18000354633751048f,0.05718566668900993f,0f,0f,0f,1f], start_interpolation: 0, interpolation_duration: 1 }
$data merge entity $(bone_thumb_right) { transformation: [-0.9779854462099387f,-0.06628616105632229f,0.1978651355190259f,-0.5274920124032341f,0.04273121667166259f,0.864496478943509f,0.5008192099111564f,0.8741465435577545f,-0.20425109577014913f,0.4982489164531025f,-0.8426324863960579f,-0.05452624085331448f,0f,0f,0f,1f], start_interpolation: 0, interpolation_duration: 1 }
$data merge entity $(bone_hand_right) { transformation: [-0.9716443826789611f,0.10896556453064297f,-0.20984208194482545f,-0.4932472814512916f,0.16971421803391493f,0.9393373980422062f,-0.29806431661041727f,0.7768872878707702f,0.16463376872791724f,-0.32522570375943f,-0.931194911824923f,-0.13178876789743146f,0f,0f,0f,1f], start_interpolation: 0, interpolation_duration: 1 }
$data merge entity $(bone_arm_right2) { transformation: [-0.8920976272430144f,-0.22379073607089306f,-0.39252965482397795f,-0.29475597806703663f,-0.1358615619329096f,0.9613840064551412f,-0.23933747746939119f,0.7958940860121607f,0.4309332424593553f,-0.16018270375140084f,-0.8880529499767215f,-0.2950253878858154f,0f,0f,0f,1f], start_interpolation: 0, interpolation_duration: 1 }
$data merge entity $(bone_arm_right) { transformation: [-0.6342853171018518f,-0.3755656926394913f,0.675745918982292f,-0.17841876872796694f,-0.3919228355096808f,0.909637451105921f,0.13768151129173128f,0.8852697004338477f,-0.6663922474902113f,-0.17751089560289696f,-0.7241624503018659f,-0.08316717286939594f,0f,0f,0f,1f], start_interpolation: 0, interpolation_duration: 1 }
$data merge entity $(bone_torso) { transformation: [-0.8213932758151042f,-0.09655508846021395f,0.5621300573160736f,2.296212748401287e-19f,-0.015914970113583025f,0.9890629821346419f,0.14663263994490724f,0.5459722222222222f,-0.5701401583575881f,0.11149678140363206f,-0.8139463542301881f,-0.001875f,0f,0f,0f,1f], start_interpolation: 0, interpolation_duration: 1 }
$data merge entity $(bone_foot_right) { transformation: [-0.35916494175364055f,-0.13468688154369962f,0.9235041897875382f,-0.1064709729560977f,0.021321452527712254f,0.9880891271313044f,0.1523984006051441f,0.12049216773180438f,-0.9330305141190253f,0.07442661341839284f,-0.35201525384258076f,-0.19783007489835847f,0f,0f,0f,1f], start_interpolation: 0, interpolation_duration: 1 }
$data merge entity $(bone_leg_right3) { transformation: [-0.43571431383956505f,-0.6880524532270907f,0.5802903224451526f,-0.23949649434397935f,0.21633474048163676f,0.5457536047991851f,0.8095383146642522f,0.14664262374017403f,-0.8737003586905868f,0.4782643876109498f,-0.0889430085339099f,-0.1250152073571993f,0f,0f,0f,1f], start_interpolation: 0, interpolation_duration: 1 }
$data merge entity $(bone_leg_right2) { transformation: [-0.47662361409342513f,0.31866045483002897f,0.8193201114436536f,-0.15414390558073474f,0.32647320144020037f,0.9295003254924662f,-0.1715936876775651f,0.3155616320300875f,-0.8162384328306945f,0.18570045621085177f,-0.5470559032979841f,-0.10729186879572658f,0f,0f,0f,1f], start_interpolation: 0, interpolation_duration: 1 }
$data merge entity $(bone_leg_right) { transformation: [-0.47662361409342513f,0.31866045483002897f,0.8193201114436536f,-0.10937499999999999f,0.32647320144020037f,0.9295003254924662f,-0.1715936876775651f,0.39249999999999996f,-0.8162384328306945f,0.18570045621085177f,-0.5470559032979841f,-0.06437500000000002f,0f,0f,0f,1f], start_interpolation: 0, interpolation_duration: 1 }
$data merge entity $(bone_foot_left) { transformation: [-0.939692690645326f,0.029809433423979043f,-0.34071842454831974f,0.11844349463846009f,4.27312827082707e-7f,0.9961946902868181f,0.08715583195729032f,0.08295416286998022f,0.3420199513881685f,0.08189955264402493f,-0.9361168816601607f,0.09994635383771187f,0f,0f,0f,1f], start_interpolation: 0, interpolation_duration: 1 }
$data merge entity $(bone_leg_left3) { transformation: [-0.939692690645326f,0.17101034996494335f,-0.2961977504178843f,0.161004184503398f,4.27312827082707e-7f,0.8660253590091525f,0.5000000775528795f,0.17348897413358733f,0.3420199513881685f,0.46984629162943903f,-0.8137977728493111f,0.21688084940118368f,0f,0f,0f,1f], start_interpolation: 0, interpolation_duration: 1 }
$data merge entity $(bone_leg_left2) { transformation: [-0.9537169507482269f,-0.11507512748638368f,-0.27781593346944045f,0.13434194791273055f,0f,0.9238795325112867f,-0.38268343236508967f,0.30588629382706684f,0.300705799504273f,-0.36497167621709864f,-0.8811195706053618f,0.13231903841084447f,0f,0f,0f,1f], start_interpolation: 0, interpolation_duration: 1 }
$data merge entity $(bone_leg_left) { transformation: [-0.9537169507482269f,-0.11507512748638368f,-0.27781593346944045f,0.09374999999999999f,0f,0.9238795325112867f,-0.38268343236508967f,0.39249999999999996f,0.300705799504273f,-0.36497167621709864f,-0.8811195706053618f,0.10750000000000001f,0f,0f,0f,1f], start_interpolation: 0, interpolation_duration: 1 }