# This file was generated by Animated Java via MC-Build. It is not recommended to edit this file directly.
$data merge entity $(bone_head2) { transformation: [-0.9988954709524267f,-0.041881417714634724f,0.021302229013468413f,-0.10034161072274872f,-0.0459132680415391f,0.9663790930201835f,-0.2529889728648919f,1.37161396317726f,-0.009990491903593003f,-0.2536875941462245f,-0.9672346119984669f,-0.007981416406617342f,0f,0f,0f,1f], start_interpolation: 0, interpolation_duration: 1 }
$data merge entity $(bone_head1) { transformation: [-0.9988954709524267f,-0.034341835899689324f,-0.03206986775415179f,-0.09940694670734129f,-0.0459132680415391f,0.5682529868430384f,0.8215719778337813f,1.2725784622528487f,-0.009990491903593003f,0.8221369601538447f,-0.5692020808294009f,0.35370366202464615f,0f,0f,0f,1f], start_interpolation: 0, interpolation_duration: 1 }
$data merge entity $(bone_eyelid_right) { transformation: [-0.9991838490907368f,0.040316540924967684f,-0.0024924373744197917f,-0.1700503044499496f,0.038227578655421625f,0.9637388951195898f,0.26409466913176327f,1.1116922918727754f,0.013049442377494551f,0.2637838481816455f,-0.9644935424833694f,0.3364012073639946f,0f,0f,0f,1f], start_interpolation: 0, interpolation_duration: 1 }
$data merge entity $(bone_eye_right) { transformation: [-0.9991838490907368f,0.040316540924967684f,-0.0024924373744197917f,-0.17003472671635947f,0.038227578655421625f,0.9637388951195898f,0.26409466913176327f,1.110041700190702f,0.013049442377494551f,0.2637838481816455f,-0.9644935424833694f,0.3424292920045156f,0f,0f,0f,1f], start_interpolation: 0, interpolation_duration: 1 }
$data merge entity $(bone_eyelid_left) { transformation: [-0.9910048951305925f,-0.13380241247129343f,-0.0024924373744197917f,0.048458079820893764f,-0.1297046870455145f,0.9557356851633245f,0.26409466913176327f,1.121735819256862f,-0.03295439250887027f,0.2620423906971013f,-0.9644935424833694f,0.3385866274679055f,0f,0f,0f,1f], start_interpolation: 0, interpolation_duration: 1 }
$data merge entity $(bone_eye_left) { transformation: [-0.9910048951305925f,-0.13380241247129343f,-0.0024924373744197917f,0.048473657554483886f,-0.1297046870455145f,0.9557356851633245f,0.26409466913176327f,1.1200852275747886f,-0.03295439250887027f,0.2620423906971013f,-0.9644935424833694f,0.34461471210842654f,0f,0f,0f,1f], start_interpolation: 0, interpolation_duration: 1 }
$data merge entity $(bone_mouth_closed) { transformation: [-0.9988954709524267f,-0.046921486194115486f,-0.0024924373744197917f,-0.08374501783581781f,-0.0459132680415391f,0.96340333067409f,0.26409466913176327f,0.9909263177958358f,-0.009990491903593003f,0.2639174048436465f,-0.9644935424833694f,0.08213951489401095f,0f,0f,0f,1f], start_interpolation: 0, interpolation_duration: 1 }
$data merge entity $(bone_mouth_open) { transformation: [-0.9988954709524267f,-0.046921486194115486f,-0.0024924373744197917f,-0.08229429912584182f,-0.0459132680415391f,0.96340333067409f,0.26409466913176327f,0.962470555394344f,-0.009990491903593003f,0.2639174048436465f,-0.9644935424833694f,0.06786401135212593f,0f,0f,0f,1f], start_interpolation: 0, interpolation_duration: 1 }
$data merge entity $(bone_head) { transformation: [-0.9988954709524267f,-0.046921486194115486f,-0.0024924373744197917f,-0.05106323792498837f,-0.0459132680415391f,0.96340333067409f,0.26409466913176327f,0.9622547533385686f,-0.009990491903593003f,0.2639174048436465f,-0.9644935424833694f,0.07420429886463427f,0f,0f,0f,1f], start_interpolation: 0, interpolation_duration: 1 }
$data merge entity $(bone_neck) { transformation: [-0.9760818998290506f,-0.21738025886548576f,0.0031540262658842355f,-0.034080405201122294f,-0.20523129987815403f,0.9261228636991508f,0.3165068006915608f,0.8899014046120725f,-0.07172334610456133f,0.30828925441743604f,-0.9485849973694012f,0.05011920086327208f,0f,0f,0f,1f], start_interpolation: 0, interpolation_duration: 1 }
$data merge entity $(bone_finger_left2) { transformation: [-0.026132456485491194f,-0.5367738989497013f,0.8433213362202865f,0.09266444040980658f,0.38486739371776396f,-0.7839838361900033f,-0.4870794943802314f,0.7282779271120455f,0.9226018556077858f,0.3118383010458175f,0.22707419498905757f,0.7236770004108185f,0f,0f,0f,1f], start_interpolation: 0, interpolation_duration: 1 }
$data merge entity $(bone_finger_left) { transformation: [0.5351231273950104f,-0.04952133280328394f,0.8433213362202865f,0.15955483133418288f,0.8000253372254077f,0.35030419059964296f,-0.4870794943802314f,0.8282810942652215f,-0.2712981723571983f,0.9353259387217461f,0.22707419498905757f,0.6897647288661687f,0f,0f,0f,1f], start_interpolation: 0, interpolation_duration: 1 }
$data merge entity $(bone_finger_left4) { transformation: [-0.049521332803283864f,-0.6065871197704098f,0.7934731903007338f,0.1627928166335335f,0.35030419059964313f,-0.754529224173149f,-0.5549528123336208f,0.6883012386454311f,0.9353259387217461f,0.25047498078112385f,0.2498553028394242f,0.7423623072440333f,0f,0f,0f,1f], start_interpolation: 0, interpolation_duration: 1 }
$data merge entity $(bone_finger_left3) { transformation: [0.6065871197704098f,-0.049521332803283996f,0.7934731903007338f,0.23861620660483474f,0.7545292241731492f,0.35030419059964296f,-0.5549528123336208f,0.7826173916670748f,-0.2504749807811236f,0.9353259387217462f,0.2498553028394242f,0.7110529346463929f,0f,0f,0f,1f], start_interpolation: 0, interpolation_duration: 1 }
$data merge entity $(bone_thumb_left2) { transformation: [-0.05385923349292243f,-0.8595015896475362f,-0.5082875174159923f,0.0441326664012512f,0.24061695058674398f,-0.5051981336050644f,0.8287812310207657f,0.7921955362185291f,-0.9691246906657014f,-0.0776650706258433f,0.234020235763473f,0.5470914062247824f,0f,0f,0f,1f], start_interpolation: 0, interpolation_duration: 1 }
$data merge entity $(bone_thumb_left) { transformation: [-0.05385923349292243f,-0.5812638293945515f,0.8119307504985485f,0.14730711126022358f,0.24061695058674398f,0.7815965496517567f,0.575508745948144f,0.8566148497562114f,-0.9691246906657014f,0.22636076119780738f,0.09776573905033369f,0.5895972701893772f,0f,0f,0f,1f], start_interpolation: 0, interpolation_duration: 1 }
$data merge entity $(bone_hand_left) { transformation: [0.29101832065457733f,0.4517936043361169f,0.8433213362202865f,0.2163200313007792f,0.05868697804711048f,0.8713836151558028f,-0.4870794943802314f,0.7601576073387715f,-0.9549157950579139f,0.19124103722523533f,0.22707419498905757f,0.5392506739519045f,0f,0f,0f,1f], start_interpolation: 0, interpolation_duration: 1 }
$data merge entity $(bone_arm_left2) { transformation: [0.11319642130435037f,0.5202509754656974f,0.8464782883989868f,0.29752402965180347f,0.026246823737431618f,0.8500910459556072f,-0.5259812903799886f,0.7338454826243801f,-0.9932258929607023f,0.08175656617722997f,0.08257232853277174f,0.2961049712450272f,0f,0f,0f,1f], start_interpolation: 0, interpolation_duration: 1 }
$data merge entity $(bone_arm_left) { transformation: [-0.5365839458075814f,0.5011611894875526f,0.6789073068195598f,0.12094633652368562f,0.42238116994589575f,0.8560102104969587f,-0.2980615151274798f,0.8580696198063215f,-0.7305284500802847f,0.12682263865877358f,-0.6710023859472657f,0.15541050784666013f,0f,0f,0f,1f], start_interpolation: 0, interpolation_duration: 1 }
$data merge entity $(bone_finger_right2) { transformation: [0.8115977058119772f,-0.582548087945723f,-0.044123566849443435f,-0.6685370475619405f,-0.5087169595913223f,-0.6675587026562952f,-0.5436657369487292f,0.7013195598477315f,0.2872563644985018f,0.46368427161013975f,-0.8381412036861556f,-0.05406920901717313f,0f,0f,0f,1f], start_interpolation: 0, interpolation_duration: 1 }
$data merge entity $(bone_finger_right) { transformation: [-0.5465922365334557f,-0.8362356353384118f,-0.044123566849443435f,-0.6002130179952586f,-0.6891132568099938f,0.47911427212797436f,-0.5436657369487292f,0.7874587169489807f,0.4757728935638075f,-0.2667573362317218f,-0.8381412036861556f,-0.11354082071264907f,0f,0f,0f,1f], start_interpolation: 0, interpolation_duration: 1 }
$data merge entity $(bone_finger_right4) { transformation: [0.7877758306255728f,-0.6085837409581969f,-0.09505299008192675f,-0.6523440229641169f,-0.5172979040343892f,-0.5698932117392806f,-0.6384548579931985f,0.6509449139848484f,0.3343831921072239f,0.5521300186141063f,-0.7637671918728702f,-0.11463388569218194f,0f,0f,0f,1f], start_interpolation: 0, interpolation_duration: 1 }
$data merge entity $(bone_finger_right3) { transformation: [-0.3839553646137827f,-0.9184460828272839f,-0.09505299008192675f,-0.604349602387394f,-0.6843611210015116f,0.3521721885192513f,-0.6384548579931985f,0.7364900541100374f,0.6198613829283537f,-0.18008759694320653f,-0.7637671918728702f,-0.19211655855822615f,0f,0f,0f,1f], start_interpolation: 0, interpolation_duration: 1 }
$data merge entity $(bone_thumb_right2) { transformation: [-0.9372306868977308f,-0.2571287699172127f,-0.23554922037244846f,-0.49559732625842734f,-0.24445148843536008f,0.002743117873619305f,0.9696576432463514f,0.7831426872066536f,-0.24868073777223712f,0.9663732565552464f,-0.06542644477474924f,0.042514753516996226f,0f,0f,0f,1f], start_interpolation: 0, interpolation_duration: 1 }
$data merge entity $(bone_thumb_right) { transformation: [-0.9372306868977308f,-0.3092870829561016f,0.16105942957092803f,-0.5047533565276154f,-0.24445148843536008f,0.9121183336155457f,0.3290647584961614f,0.8166366730050687f,-0.24868073777223712f,0.26903837235403016f,-0.9304709801289612f,-0.08156539205450634f,0f,0f,0f,1f], start_interpolation: 0, interpolation_duration: 1 }
$data merge entity $(bone_hand_right) { transformation: [-0.9961746055634714f,-0.07542722372555308f,-0.044123566849443435f,-0.4419148265891868f,-0.03939866279057297f,0.838376593088279f,-0.5436657369487292f,0.7157318895225186f,0.07799936282288875f,-0.5398475915318557f,-0.8381412036861556f,-0.131275615605773f,0f,0f,0f,1f], start_interpolation: 0, interpolation_duration: 1 }
$data merge entity $(bone_arm_right2) { transformation: [-0.8760025100764772f,-0.4190944852522329f,-0.23870361281488195f,-0.23783317487099764f,-0.24765315823817602f,0.8155476937030703f,-0.5230199542180584f,0.744956431943434f,0.41386895939943114f,-0.399051089118635f,-0.8182118996438899f,-0.2858810991833739f,0f,0f,0f,1f], start_interpolation: 0, interpolation_duration: 1 }
$data merge entity $(bone_arm_right) { transformation: [-0.43299480954870573f,-0.5191101843944492f,0.7369125534022616f,-0.17564150707146256f,-0.5850254566500224f,0.7837871984719448f,0.20838148330149972f,0.8781889533995958f,-0.6857555759709962f,-0.3408845023896823f,-0.6430684614061132f,-0.07425042635274276f,0f,0f,0f,1f], start_interpolation: 0, interpolation_duration: 1 }
$data merge entity $(bone_torso) { transformation: [-0.8110038838883101f,-0.09483243186399247f,0.5773036550939529f,5.740531871003244e-20f,0.005521095139619535f,0.9854905429463147f,0.1696405236723738f,0.5357407407407406f,-0.5850147159059639f,0.1407664719673658f,-0.7987130789860181f,-0.00046875000000000215f,0f,0f,0f,1f], start_interpolation: 0, interpolation_duration: 1 }
$data merge entity $(bone_foot_right) { transformation: [-0.39920391477455724f,-0.17081886679187208f,0.9008091635727342f,-0.11127117373957754f,0.0072310248212379274f,0.9818742366160811f,0.18939560646863712f,0.11880196167557569f,-0.9168336526920804f,0.08212124096437441f,-0.3907328436077118f,-0.20331199615252332f,0f,0f,0f,1f], start_interpolation: 0, interpolation_duration: 1 }
$data merge entity $(bone_leg_right3) { transformation: [-0.4321269255998287f,-0.5385510444363943f,0.7233457629018845f,-0.23221402454481327f,0.21835359564346837f,0.7157513735460771f,0.6633412986815105f,0.17799566741289838f,-0.8749788725684802f,0.444592784245733f,-0.19170088355408893f,-0.12880983064583656f,0f,0f,0f,1f], start_interpolation: 0, interpolation_duration: 1 }
$data merge entity $(bone_leg_right2) { transformation: [-0.47661093970848345f,0.2916571040980116f,0.8293239088434374f,-0.1516119453750787f,0.3264387640932217f,0.9346294049651697f,-0.14108723780605692f,0.3488297046624284f,-0.8162596066494325f,0.20347975084419226f,-0.5406627835803933f,-0.1075530893494378f,0f,0f,0f,1f], start_interpolation: 0, interpolation_duration: 1 }
$data merge entity $(bone_leg_right) { transformation: [-0.47661093970848345f,0.2916571040980116f,0.8293239088434374f,-0.10937499999999999f,0.3264387640932217f,0.9346294049651697f,-0.14108723780605692f,0.4262499999999999f,-0.8162596066494325f,0.20347975084419226f,-0.5406627835803933f,-0.06296875000000002f,0f,0f,0f,1f], start_interpolation: 0, interpolation_duration: 1 }
$data merge entity $(bone_foot_left) { transformation: [-0.9396952350769084f,0.0011901802317133559f,-0.3420108896581653f,0.11893296718158165f,0.0012552080658769262f,0.999999211739734f,0.000031186887112233386f,0.12593726929672755f,0.34201065718258694f,-0.0003999886581004808f,-0.9396959882763193f,0.10381137070473578f,0f,0f,0f,1f], start_interpolation: 0, interpolation_duration: 1 }
$data merge entity $(bone_leg_left3) { transformation: [-0.9396952350769084f,0.1847661048900836f,-0.2878095753401896f,0.1629037991405115f,0.0012552080658769262f,0.8433740242986894f,0.5373254875687037f,0.21095389849068677f,0.34201065718258694f,0.5045609394532837f,-0.7927464719262739f,0.22431190731074593f,0f,0f,0f,1f], start_interpolation: 0, interpolation_duration: 1 }
$data merge entity $(bone_leg_left2) { transformation: [-0.9537169507482269f,-0.12310664325047349f,-0.27435147574435365f,0.13509490251561396f,0f,0.9123584453530141f,-0.40939231452609265f,0.3407163957481548f,0.30070579950427295f,-0.39044438986958413f,-0.8701317144914694f,0.136113355315765f,0f,0f,0f,1f], start_interpolation: 0, interpolation_duration: 1 }
$data merge entity $(bone_leg_left) { transformation: [-0.9537169507482269f,-0.12310664325047349f,-0.27435147574435365f,0.09374999999999999f,0f,0.9123584453530141f,-0.40939231452609265f,0.4262499999999999f,0.30070579950427295f,-0.39044438986958413f,-0.8701317144914694f,0.10890625000000001f,0f,0f,0f,1f], start_interpolation: 0, interpolation_duration: 1 }