# This file was generated by Animated Java via MC-Build. It is not recommended to edit this file directly.
$data merge entity $(bone_head2) { transformation: [-0.9995276591066647f,-0.025709964108227946f,0.01683616423966137f,-0.08633349980354253f,-0.029595235044287214f,0.9528835962706182f,-0.30188900944063357f,1.3881369642212826f,-0.00828134913070425f,-0.30224468515414316f,-0.9531944028122743f,-0.03844732753434539f,0f,0f,0f,1f], start_interpolation: 0, interpolation_duration: 1 }
$data merge entity $(bone_head1) { transformation: [-0.9995276591066647f,-0.02461414490754331f,-0.018401156246868874f,-0.08698058625843749f,-0.029595235044287214f,0.6095882586368864f,0.7921655616061091f,1.3075126216576325f,-0.00828134913070425f,0.7923359759612831f,-0.6100287865781879f,0.32778251377476897f,0f,0f,0f,1f], start_interpolation: 0, interpolation_duration: 1 }
$data merge entity $(bone_eyelid_right) { transformation: [-0.9983984034233154f,0.05654777158360756f,0.0017255638797198944f,-0.16031859529932252f,0.055595848337256185f,0.9750306946475763f,0.21499824683640018f,1.147165241041467f,0.010475194004678653f,0.21474984056802693f,-0.9766129101576383f,0.3185916101492503f,0f,0f,0f,1f], start_interpolation: 0, interpolation_duration: 1 }
$data merge entity $(bone_eye_right) { transformation: [-0.9983984034233154f,0.05654777158360756f,0.0017255638797198944f,-0.16032938007357078f,0.055595848337256185f,0.9750306946475763f,0.21499824683640018f,1.1458215019987394f,0.010475194004678653f,0.21474984056802693f,-0.9766129101576383f,0.32469544083773555f,0f,0f,0f,1f], start_interpolation: 0, interpolation_duration: 1 }
$data merge entity $(bone_eyelid_left) { transformation: [-0.9930499057729106f,-0.11768137946893135f,0.0017255638797198944f,0.05832808013026039f,-0.11456108081705209f,0.9698719052634236f,0.21499824683640018f,1.1536391987074048f,-0.026974866198787174f,0.21330630629914854f,-0.9766129101576383f,0.3204031552715919f,0f,0f,0f,1f], start_interpolation: 0, interpolation_duration: 1 }
$data merge entity $(bone_eye_left) { transformation: [-0.9930499057729106f,-0.11768137946893135f,0.0017255638797198944f,0.05831729535601214f,-0.11456108081705209f,0.9698719052634236f,0.21499824683640018f,1.1522954596646773f,-0.026974866198787174f,0.21330630629914854f,-0.9766129101576383f,0.3265069859600771f,0f,0f,0f,1f], start_interpolation: 0, interpolation_duration: 1 }
$data merge entity $(bone_mouth_closed) { transformation: [-0.9995276591066647f,-0.030683564167942216f,0.0017255638797198944f,-0.07610956784825987f,-0.029595235044287214f,0.976165905940147f,0.21499824683640018f,1.012267762772532f,-0.00828134913070425f,0.21484562590381967f,-0.9766129101576383f,0.07081440921577375f,0f,0f,0f,1f], start_interpolation: 0, interpolation_duration: 1 }
$data merge entity $(bone_mouth_open) { transformation: [-0.9995276591066647f,-0.030683564167942216f,0.0017255638797198944f,-0.07513992169376342f,-0.029595235044287214f,0.976165905940147f,0.21499824683640018f,0.9831063172546299f,-0.00828134913070425f,0.21484562590381967f,-0.9766129101576383f,0.05799665271779415f,0f,0f,0f,1f], start_interpolation: 0, interpolation_duration: 1 }
$data merge entity $(bone_head) { transformation: [-0.9995276591066647f,-0.030683564167942216f,0.0017255638797198944f,-0.043915467120928406f,-0.029595235044287214f,0.976165905940147f,0.21499824683640018f,0.9826874293070365f,-0.00828134913070425f,0.21484562590381967f,-0.9766129101576383f,0.0643592755666139f,0f,0f,0f,1f], start_interpolation: 0, interpolation_duration: 1 }
$data merge entity $(bone_neck) { transformation: [-0.9794193736505912f,-0.2016984384920168f,0.007445161366006703f,-0.02815777661373959f,-0.19068878236385f,0.9367871081888457f,0.2933729745763441f,0.9095009364797829f,-0.0661474020538676f,0.28591546625018754f,-0.9559690723870002f,0.042022129765818005f,0f,0f,0f,1f], start_interpolation: 0, interpolation_duration: 1 }
$data merge entity $(bone_finger_left2) { transformation: [-0.05458367133022354f,-0.49208834561732384f,0.8688323675667934f,0.10206786920839153f,0.4367430527501562f,-0.7942468790516175f,-0.4224066772569294f,0.7803839195018638f,0.8979287993480265f,0.35639999330018307f,0.2582690768888929f,0.7228656063264979f,0f,0f,0f,1f], start_interpolation: 0, interpolation_duration: 1 }
$data merge entity $(bone_finger_left) { transformation: [0.48923908024657076f,-0.0759963119353178f,0.8688323675667934f,0.16322275423921287f,0.8125413964104877f,0.40168280785721344f,-0.4224066772569294f,0.8819515940531748f,-0.3168936753530814f,0.9126201194605424f,0.2582690768888929f,0.6832538969073627f,0f,0f,0f,1f], start_interpolation: 0, interpolation_duration: 1 }
$data merge entity $(bone_finger_left4) { transformation: [-0.07599631193531774f,-0.5631011081594062f,0.8228862026804672f,0.174288150178674f,0.4016828078572136f,-0.7726342633862932f,-0.49161694123927957f,0.745771685137051f,0.9126201194605424f,0.2931781660205432f,0.28490538872519755f,0.7441138936182644f,0f,0f,0f,1f], start_interpolation: 0, interpolation_duration: 1 }
$data merge entity $(bone_finger_left3) { transformation: [0.5631011081594062f,-0.07599631193531786f,0.8228862026804672f,0.24467578869859977f,0.7726342633862933f,0.40168280785721344f,-0.49161694123927957f,0.8423509680603377f,-0.293178166020543f,0.9126201194605426f,0.28490538872519755f,0.7074666228656965f,0f,0f,0f,1f], start_interpolation: 0, interpolation_duration: 1 }
$data merge entity $(bone_thumb_left2) { transformation: [-0.061500010111356807f,-0.8280014924963182f,-0.5573430516119964f,0.05103826355615798f,0.179102764619158f,-0.5584912874119337f,0.8099442459766817f,0.830750405180925f,-0.981906282932377f,-0.05001010206778525f,0.18264457623781838f,0.5426366897130404f,0f,0f,0f,1f], start_interpolation: 0, interpolation_duration: 1 }
$data merge entity $(bone_thumb_left) { transformation: [-0.061500010111356807f,-0.6273872781088312f,0.7762750492083943f,0.14999452002318717f,0.179102764619158f,0.7581864406194039f,0.6269573517924915f,0.9035231127606378f,-0.981906282932377f,0.17759089089272426f,0.06573832223179311f,0.5815385513336513f,0f,0f,0f,1f], start_interpolation: 0, interpolation_duration: 1 }
$data merge entity $(bone_hand_left) { transformation: [0.2933150188124558f,0.39886917254574755f,0.8688323675667934f,0.2248504198742433f,0.01889286091780626f,0.9062095005102854f,-0.4224066772569294f,0.8084651967932707f,-0.9558291476751424f,0.14031295156745088f,0.2582690768888929f,0.5372423960893229f,0f,0f,0f,1f], start_interpolation: 0, interpolation_duration: 1 }
$data merge entity $(bone_arm_left2) { transformation: [0.1179451182418707f,0.46916589305492545f,0.8751984425699612f,0.30903660209533357f,-0.026144580425041364f,0.882511785713086f,-0.46956299789474354f,0.7725813643185888f,-0.9926758836585634f,0.032500967239061464f,0.11635410233943494f,0.2963455565708968f,0f,0f,0f,1f], start_interpolation: 0, interpolation_duration: 1 }
$data merge entity $(bone_arm_left) { transformation: [-0.5555629300935006f,0.4494694724877627f,0.699519137699246f,0.12642592346575554f,0.34605969130172815f,0.8899643310603141f,-0.2969952516396859f,0.8776584903715012f,-0.7560373805322569f,0.0770758246270517f,-0.649974458341236f,0.14795961508415978f,0f,0f,0f,1f], start_interpolation: 0, interpolation_duration: 1 }
$data merge entity $(bone_finger_right2) { transformation: [0.7976545801176823f,-0.5938173312844027f,-0.1054900368923726f,-0.6695407299937122f,-0.5372673244715843f,-0.6201436092351484f,-0.5716342589278123f,0.7457823716330015f,0.2740273578904658f,0.5126430346655201f,-0.8136990390411535f,-0.03497107747318308f,0f,0f,0f,1f], start_interpolation: 0, interpolation_duration: 1 }
$data merge entity $(bone_finger_right) { transformation: [-0.5584589446502798f,-0.8227973379007383f,-0.1054900368923726f,-0.5997333619124272f,-0.6429886414765932f,0.5097056807140138f,-0.5716342589278123f,0.8261559518175757f,0.5241080175614383f,-0.2514053694560284f,-0.8136990390411535f,-0.10048457966836287f,0f,0f,0f,1f], start_interpolation: 0, interpolation_duration: 1 }
$data merge entity $(bone_finger_right4) { transformation: [0.7754585845315752f,-0.6113812122422386f,-0.15772443372381093f,-0.6583537344020474f,-0.5428968434968411f,-0.5180831334213394f,-0.6609484731698025f,0.6924474998731606f,0.3223771099154723f,0.5981662646635443f,-0.7336689436121784f,-0.09411616717789446f,0f,0f,0f,1f], start_interpolation: 0, interpolation_duration: 1 }
$data merge entity $(bone_finger_right3) { transformation: [-0.3898454522476819f,-0.9072725755627709f,-0.15772443372381093f,-0.6096230528710871f,-0.6409419213594619f,0.3903083002685803f,-0.6609484731698025f,0.7725652400430933f,0.6612215792046124f,-0.15657555483902413f,-0.7336689436121784f,-0.17676886457847102f,0f,0f,0f,1f], start_interpolation: 0, interpolation_duration: 1 }
$data merge entity $(bone_thumb_right2) { transformation: [-0.9575389450241543f,-0.21568769324200882f,-0.1913060055146486f,-0.48895250754021097f,-0.20679070171266492f,0.05145500840000722f,0.9770312112700079f,0.8224728948433482f,-0.2008899560635458f,0.9751057384173759f,-0.09387238389585287f,0.05127328903814972f,0f,0f,0f,1f], start_interpolation: 0, interpolation_duration: 1 }
$data merge entity $(bone_thumb_right) { transformation: [-0.9575389450241543f,-0.25353837745035834f,0.13724962630866902f,-0.5017193962836322f,-0.20679070171266492f,0.9357076688557383f,0.2858124632162563f,0.8517372433168594f,-0.2008899560635458f,0.24529461796867824f,-0.9484059130711842f,-0.0735552612227341f,0f,0f,0f,1f], start_interpolation: 0, interpolation_duration: 1 }
$data merge entity $(bone_hand_right) { transformation: [-0.9927372815942932f,-0.057832014051207234f,-0.1054900368923726f,-0.4459485062644484f,0.01295002013821385f,0.8204063450501043f,-0.5716342589278123f,0.7460617587181071f,0.1196034561005366f,-0.5688487383763017f,-0.8136990390411535f,-0.12176171599060692f,0f,0f,0f,1f], start_interpolation: 0, interpolation_duration: 1 }
$data merge entity $(bone_arm_right2) { transformation: [-0.8686278273620014f,-0.39595019733467574f,-0.2978407943230755f,-0.24740659906914025f,-0.18835658877123287f,0.8198943967028267f,-0.5406431112312193f,0.7593607114589641f,0.4582657449546428f,-0.41351737507139796f,-0.7867629169675111f,-0.28550083453973707f,0f,0f,0f,1f], start_interpolation: 0, interpolation_duration: 1 }
$data merge entity $(bone_arm_right) { transformation: [-0.48911981096193297f,-0.49483052051284054f,0.7182649695575822f,-0.1700182069260059f,-0.5879697208933362f,0.7953169442714428f,0.14752140681049347f,0.8971330537566423f,-0.64424639528458f,-0.3501624110662452f,-0.6799506364723092f,-0.08194232093907272f,0f,0f,0f,1f], start_interpolation: 0, interpolation_duration: 1 }
$data merge entity $(bone_torso) { transformation: [-0.8113877214147035f,-0.07835207405562321f,0.5792330429357754f,0f,0.0048189669422191925f,0.9900444738116987f,0.14067237622407078f,0.5537037037037037f,-0.5844884456471876f,0.11693114369618923f,-0.8029323536505648f,0f,0f,0f,0f,1f], start_interpolation: 0, interpolation_duration: 1 }
$data merge entity $(bone_foot_right) { transformation: [-0.4129821473439186f,-0.18158099163819152f,0.8924539704942192f,-0.11431830697083224f,0.004956958467391734f,0.9794600650913075f,0.20157730391610212f,0.11891915894348183f,-0.9107256307681026f,0.08767168509286828f,-0.4035994314850041f,-0.20430913915932586f,0f,0f,0f,1f], start_interpolation: 0, interpolation_duration: 1 }
$data merge entity $(bone_leg_right3) { transformation: [-0.430940579993356f,-0.4818183801828544f,0.7629818248378923f,-0.22976038073641442f,0.21905226251319446f,0.7643750729091575f,0.6064213503851681f,0.1885080691722591f,-0.8753892407397068f,0.4284644634425246f,-0.22385683095243933f,-0.13006527205319338f,0f,0f,0f,1f], start_interpolation: 0, interpolation_duration: 1 }
$data merge entity $(bone_leg_right2) { transformation: [-0.47660671435154645f,0.2825849081215805f,0.83246129611949f,-0.150761294959884f,0.32642728518547065f,0.936116902345443f,-0.13088304943580692f,0.3599398930671607f,-0.8162666643453392f,0.20935834075835233f,-0.5384030254683222f,-0.1076356777068874f,0f,0f,0f,1f], start_interpolation: 0, interpolation_duration: 1 }
$data merge entity $(bone_leg_right) { transformation: [-0.47660671435154645f,0.2825849081215805f,0.83246129611949f,-0.10937499999999999f,0.32642728518547065f,0.936116902345443f,-0.13088304943580692f,0.4375f,-0.8162666643453392f,0.20935834075835233f,-0.5384030254683222f,-0.06250000000000001f,0f,0f,0f,1f], start_interpolation: 0, interpolation_duration: 1 }
$data merge entity $(bone_foot_left) { transformation: [-0.939692690645326f,-0.014918268986838401f,-0.3416944430308811f,0.11844349463846009f,4.27312827082707e-7f,0.9990482254878962f,-0.04361929790015717f,0.12795416286998026f,0.3420199513881685f,-0.04098888141827706f,-0.938798308718392f,0.10182135383771189f,0f,0f,0f,1f], start_interpolation: 0, interpolation_duration: 1 }
$data merge entity $(bone_leg_left3) { transformation: [-0.939692690645326f,0.17101034996494335f,-0.2961977504178843f,0.161004184503398f,4.27312827082707e-7f,0.8660253590091525f,0.5000000775528795f,0.21848897413358737f,0.3420199513881685f,0.46984629162943903f,-0.8137977728493111f,0.2187558494011837f,0f,0f,0f,1f], start_interpolation: 0, interpolation_duration: 1 }
$data merge entity $(bone_leg_left2) { transformation: [-0.9537169507482269f,-0.11507512748638368f,-0.27781593346944045f,0.13434194791273055f,0f,0.9238795325112867f,-0.38268343236508967f,0.3508862938270669f,0.300705799504273f,-0.36497167621709864f,-0.8811195706053618f,0.13419403841084449f,0f,0f,0f,1f], start_interpolation: 0, interpolation_duration: 1 }
$data merge entity $(bone_leg_left) { transformation: [-0.9537169507482269f,-0.11507512748638368f,-0.27781593346944045f,0.09374999999999999f,0f,0.9238795325112867f,-0.38268343236508967f,0.4375f,0.300705799504273f,-0.36497167621709864f,-0.8811195706053618f,0.10937500000000001f,0f,0f,0f,1f], start_interpolation: 0, interpolation_duration: 1 }