# This file was generated by Animated Java via MC-Build. It is not recommended to edit this file directly.
$data merge entity $(bone_head2) { transformation: [-0.9998369398004637f,-0.013245206995180898f,0.012274294362550717f,-0.07531393772278508f,-0.016610640203187962f,0.9412148281558909f,-0.3373999613092997f,1.3919353552910287f,-0.007083815531475314f,-0.33754882869168956f,-0.9412813648460192f,-0.061828619580543254f,0f,0f,0f,1f], start_interpolation: 0, interpolation_duration: 1 }
$data merge entity $(bone_head1) { transformation: [-0.9998369398004637f,-0.016064191432712906f,-0.008248367357052339f,-0.07681665543550004f,-0.016610640203187962f,0.6389666843219226f,0.7690550454672858f,1.3250314266604517f,-0.007083815531475314f,0.7690666538605493f,-0.6391293307909242f,0.3071518760737265f,0f,0f,0f,1f], start_interpolation: 0, interpolation_duration: 1 }
$data merge entity $(bone_eyelid_right) { transformation: [-0.9975668821415978f,0.06960070131757078f,0.004007247233906596f,-0.15228037817442305f,0.06919777660044835f,0.9815199282962934f,0.17841047634820512f,1.1654407125231148f,0.008484301258547405f,0.17825367523095087f,-0.9839479884113861f,0.3039504292886336f,0f,0f,0f,1f], start_interpolation: 0, interpolation_duration: 1 }
$data merge entity $(bone_eye_right) { transformation: [-0.9975668821415978f,0.06960070131757078f,0.004007247233906596f,-0.15230542346963497f,0.06919777660044835f,0.9815199282962934f,0.17841047634820512f,1.1643256470459384f,0.008484301258547405f,0.17825367523095087f,-0.9839479884113861f,0.3101001042162047f,0f,0f,0f,1f], start_interpolation: 0, interpolation_duration: 1 }
$data merge entity $(bone_eyelid_left) { transformation: [-0.9944976346293976f,-0.10468236091213924f,0.004007247233906596f,0.0664339524069284f,-0.10229264000509922f,0.9786245029274474f,0.17841047634820512f,1.1690742900675624f,-0.022598020207978742f,0.17701888482268463f,-0.9839479884113861f,0.3055000139361438f,0f,0f,0f,1f], start_interpolation: 0, interpolation_duration: 1 }
$data merge entity $(bone_eye_left) { transformation: [-0.9944976346293976f,-0.10468236091213924f,0.004007247233906596f,0.06640890711171649f,-0.10229264000509922f,0.9786245029274474f,0.17841047634820512f,1.167959224590386f,-0.022598020207978742f,0.17701888482268463f,-0.9839479884113861f,0.3116496888637149f,0f,0f,0f,1f], start_interpolation: 0, interpolation_duration: 1 }
$data merge entity $(bone_mouth_closed) { transformation: [-0.9998369398004637f,-0.017607832917485366f,0.004007247233906596f,-0.07001260401375697f,-0.016610640203187962f,0.9838159322562563f,0.17841047634820512f,1.020296664262652f,-0.007083815531475314f,0.17831482175832475f,-0.9839479884113861f,0.06136590826716751f,0f,0f,0f,1f], start_interpolation: 0, interpolation_duration: 1 }
$data merge entity $(bone_mouth_open) { transformation: [-0.9998369398004637f,-0.017607832917485366f,0.004007247233906596f,-0.06943731393987364f,-0.016610640203187962f,0.9838159322562563f,0.17841047634820512f,0.9906674818568204f,-0.007083815531475314f,0.17831482175832475f,-0.9839479884113861f,0.0496438951596487f,0f,0f,0f,1f], start_interpolation: 0, interpolation_duration: 1 }
$data merge entity $(bone_head) { transformation: [-0.9998369398004637f,-0.017607832917485366f,0.004007247233906596f,-0.038217454866321054f,-0.016610640203187962f,0.9838159322562563f,0.17841047634820512f,0.9900714988859937f,-0.007083815531475314f,0.17831482175832475f,-0.9839479884113861f,0.056014939322578464f,0f,0f,0f,1f], start_interpolation: 0, interpolation_duration: 1 }
$data merge entity $(bone_neck) { transformation: [-0.9818985384037797f,-0.1891185998814945f,0.010460184481367207f,-0.0234425642505793f,-0.17903868089862712f,0.9447506621582903f,0.2745748296795455f,0.9162628534048772f,-0.06180947356676503f,0.2677318463133122f,-0.9615088389854066f,0.03509838882935095f,0f,0f,0f,1f], start_interpolation: 0, interpolation_duration: 1 }
$data merge entity $(bone_finger_left2) { transformation: [-0.07512069625363207f,-0.4545791135412488f,0.8875329348967407f,0.11087011285813689f,0.47302879930433395f,-0.7997770495517074f,-0.3695949486114039f,0.811689635140645f,0.877838616160778f,0.39206440866574255f,0.2751088210772451f,0.7202281465914228f,0f,0f,0f,1f], start_interpolation: 0, interpolation_duration: 1 }
$data merge entity $(bone_finger_left) { transformation: [0.4508697362026011f,-0.09487766043792878f,0.8875329348967407f,0.16722882988346202f,0.819649065448434f,0.437692795771695f,-0.3695949486114039f,0.9141457683216992f,-0.35340046758048543f,0.8941047176250567f,0.2751088210772451f,0.6760530881438621f,0f,0f,0f,1f], start_interpolation: 0, interpolation_duration: 1 }
$data merge entity $(bone_finger_left4) { transformation: [-0.09487766043792872f,-0.5265076328889895f,0.844859717384761f,0.18462158841890777f,0.4376927957716952f,-0.7843177310335746f,-0.43962565133975384f,0.7814565255101833f,0.8941047176250566f,0.32807835846940375f,0.30486282919476915f,0.7428543349285293f,0f,0f,0f,1f], start_interpolation: 0, interpolation_duration: 1 }
$data merge entity $(bone_finger_left3) { transformation: [0.5265076328889895f,-0.09487766043792883f,0.844859717384761f,0.25043504253003146f,0.7843177310335747f,0.437692795771695f,-0.43962565133975384f,0.8794962418893801f,-0.32807835846940353f,0.8941047176250567f,0.30486282919476915f,0.7018445401198539f,0f,0f,0f,1f], start_interpolation: 0, interpolation_duration: 1 }
$data merge entity $(bone_thumb_left2) { transformation: [-0.06955167506791571f,-0.8010281489834905f,-0.5945725094816695f,0.057589721801654836f,0.13241485675650919f,-0.5981550078680801f,0.7903650373545696f,0.8515974303796073f,-0.9887511669805502f,-0.023759021411247402f,0.1476707103530679f,0.5380418855167316f,0f,0f,0f,1f], start_interpolation: 0, interpolation_duration: 1 }
$data merge entity $(bone_thumb_left) { transformation: [-0.06955167506791571f,-0.6621241848631815f,0.746159586358384f,0.1530331599423252f,0.13241485675650919f,0.7352248157807327f,0.664763699347626f,0.9305549285244197f,-0.9887511669805502f,0.1450380435591133f,0.0365389616046289f,0.5735077296854524f,0f,0f,0f,1f], start_interpolation: 0, interpolation_duration: 1 }
$data merge entity $(bone_hand_left) { transformation: [0.29234598807624423f,0.3561167122297162f,0.8875329348967407f,0.23225370232930265f,-0.009766432143350455f,0.9291416419277113f,-0.3695949486114039f,0.8372236474626592f,-0.9562627463510819f,0.09938157025613195f,0.2751088210772451f,0.5333214118734932f,0f,0f,0f,1f], start_interpolation: 0, interpolation_duration: 1 }
$data merge entity $(bone_arm_left2) { transformation: [0.11927750351718541f,0.42746877363960584f,0.8961268463324594f,0.31808100610437773f,-0.06451789043605688f,0.9039997849701639f,-0.4226367596264889f,0.7946793773769895f,-0.9907624937230863f,-0.0074051561056463835f,0.1354062210338292f,0.29409367725733593f,0f,0f,0f,1f], start_interpolation: 0, interpolation_duration: 1 }
$data merge entity $(bone_arm_left) { transformation: [-0.5709215283473261f,0.40743524999003805f,0.7127728428714919f,0.13080232133807798f,0.28598553392069254f,0.9124910351598533f,-0.2925275801373197f,0.8844587346157451f,-0.7695848769678688f,0.036832428897030034f,-0.6374813639032089f,0.1415400432593193f,0f,0f,0f,1f], start_interpolation: 0, interpolation_duration: 1 }
$data merge entity $(bone_finger_right2) { transformation: [0.7907654022038334f,-0.6014653370863563f,-0.11370807781774014f,-0.6669890930701732f,-0.5422761092424577f,-0.6021751097389028f,-0.5859366506336692f,0.7595283133725927f,0.28394841084653316f,0.5249996052327434f,-0.8023395256892134f,-0.03829074202783464f,0f,0f,0f,1f], start_interpolation: 0, interpolation_duration: 1 }
$data merge entity $(bone_finger_right) { transformation: [-0.5664001729654221f,-0.8162483182853943f,-0.11370807781774014f,-0.5961890714494954f,-0.6252557241335247f,0.5154934731715418f,-0.5859366506336692f,0.8376852788892833f,0.536885577663436f,-0.2607779937299282f,-0.8023395256892134f,-0.10540143923576414f,0f,0f,0f,1f], start_interpolation: 0, interpolation_duration: 1 }
$data merge entity $(bone_finger_right4) { transformation: [0.768539824253363f,-0.6176112938482159f,-0.16704139680852326f,-0.6565559482323191f,-0.5466703560700634f,-0.4982460367578939f,-0.6729802438773974f,0.7049090411055604f,0.33241248522105804f,0.6085286982272765f,-0.720551707445743f,-0.09639223631151998f,0f,0f,0f,1f], start_interpolation: 0, interpolation_duration: 1 }
$data merge entity $(bone_finger_right3) { transformation: [-0.39765395589928404f,-0.9022020300963125f,-0.16704139680852326f,-0.6068492037449086f,-0.622757414294531f,0.3990874519349216f,-0.6729802438773974f,0.7827537178923768f,0.6738282676608632f,-0.16358698786328946f,-0.720551707445743f,-0.1806207697691279f,0f,0f,0f,1f], start_interpolation: 0, interpolation_duration: 1 }
$data merge entity $(bone_thumb_right2) { transformation: [-0.9603499879311034f,-0.21413614417764817f,-0.17853182471889628f,-0.48533291103778f,-0.19804836602338555f,0.07327036027433617f,0.9774498959132054f,0.835501494305786f,-0.19622626072010924f,0.974051931912256f,-0.11277450306609768f,0.0463304166881702f,0f,0f,0f,1f], start_interpolation: 0, interpolation_duration: 1 }
$data merge entity $(bone_thumb_right) { transformation: [-0.9603499879311034f,-0.24100391298663537f,0.14016067424873324f,-0.4978237638795353f,-0.19804836602338555f,0.9435623935001451f,0.26545593662177597f,0.8624944749452772f,-0.19622626072010924f,0.22717201301526468f,-0.9538805643823528f,-0.07903672450712732f,0f,0f,0f,1f], start_interpolation: 0, interpolation_duration: 1 }
$data merge entity $(bone_hand_right) { transformation: [-0.9923759085040378f,-0.04754502350173068f,-0.11370807781774014f,-0.44348883792458793f,0.02833690071956603f,0.8098612606501232f,-0.5859366506336692f,0.7551755288627652f,0.11994613907248042f,-0.5846915505105346f,-0.8023395256892134f,-0.12520946682561268f,0f,0f,0f,1f], start_interpolation: 0, interpolation_duration: 1 }
$data merge entity $(bone_arm_right2) { transformation: [-0.8706252605111071f,-0.3855041475347479f,-0.30561120397242325f,-0.24493322304508763f,-0.1679509131700883f,0.8168232607990131f,-0.5518987691443067f,0.7626695840837681f,0.4623896046899196f,-0.4291693288798428f,-0.7758927378339902f,-0.289300164112717f,0f,0f,0f,1f], start_interpolation: 0, interpolation_duration: 1 }
$data merge entity $(bone_arm_right) { transformation: [-0.4973703904533907f,-0.48464323113493807f,0.7195440453615948f,-0.16556212826683964f,-0.5939199820045452f,0.794787466840503f,0.12478756960922362f,0.9033503564843279f,-0.632362040034f,-0.3652859442523669f,-0.6831430518242094f,-0.08851321336520392f,0f,0f,0f,1f], start_interpolation: 0, interpolation_duration: 1 }
$data merge entity $(bone_torso) { transformation: [-0.8117674759508311f,-0.06523148313204674f,0.5803261312372642f,0f,0.004108759499196299f,0.9930792442570497f,0.1173743273515325f,0.559375f,-0.5839663372864866f,0.09766508195993308f,-0.8058814110537387f,0f,0f,0f,0f,1f], start_interpolation: 0, interpolation_duration: 1 }