# This file was generated by Animated Java via MC-Build. It is not recommended to edit this file directly.
$data merge entity $(belly3) {transformation: [-1.3333f,0f,0f,0f,0f,0f,-1.3333f,0.7813f,0f,-1.3333f,0f,-0.3125f,0f,0f,0f,1f],start_interpolation: 0,interpolation_duration: 1}
$data merge entity $(belly1) {transformation: [-1.5833f,0f,0f,0f,0f,0f,-1.5833f,0.9063f,0f,-1.5833f,0f,0.375f,0f,0f,0f,1f],start_interpolation: 0,interpolation_duration: 1}
$data merge entity $(eye_right1) {transformation: [-1f,0f,0f,-0.3125f,0f,-0.2419f,-0.9703f,1.0296f,0f,-0.9703f,0.2419f,-1.3472f,0f,0f,0f,1f],start_interpolation: 0,interpolation_duration: 1}
$data merge entity $(eye_happy_right1) {transformation: [-1f,0f,0f,-0.3125f,0f,-0.2419f,-0.9703f,1.016f,0f,-0.9703f,0.2419f,-1.376f,0f,0f,0f,1f],start_interpolation: 0,interpolation_duration: 1}
$data merge entity $(eye_sad_right1) {transformation: [-1f,0f,0f,-0.3125f,0f,-0.2419f,-0.9703f,1.016f,0f,-0.9703f,0.2419f,-1.376f,0f,0f,0f,1f],start_interpolation: 0,interpolation_duration: 1}
$data merge entity $(eye_wide_right1) {transformation: [-1f,0f,0f,-0.2812f,0f,-0.2419f,-0.9703f,0.9017f,0f,-0.9703f,0.2419f,-1.3153f,0f,0f,0f,1f],start_interpolation: 0,interpolation_duration: 1}
$data merge entity $(eye_left1) {transformation: [-1f,0f,0f,0.3125f,0f,-0.2419f,-0.9703f,1.0296f,0f,-0.9703f,0.2419f,-1.3472f,0f,0f,0f,1f],start_interpolation: 0,interpolation_duration: 1}
$data merge entity $(eye_happy_left1) {transformation: [-1f,0f,0f,0.3125f,0f,-0.2419f,-0.9703f,1.016f,0f,-0.9703f,0.2419f,-1.376f,0f,0f,0f,1f],start_interpolation: 0,interpolation_duration: 1}
$data merge entity $(eye_sad_left1) {transformation: [-1f,0f,0f,0.3125f,0f,-0.2419f,-0.9703f,1.016f,0f,-0.9703f,0.2419f,-1.376f,0f,0f,0f,1f],start_interpolation: 0,interpolation_duration: 1}
$data merge entity $(eye_wide_left1) {transformation: [-1f,0f,0f,0.2813f,0f,-0.2419f,-0.9703f,0.9017f,0f,-0.9703f,0.2419f,-1.3153f,0f,0f,0f,1f],start_interpolation: 0,interpolation_duration: 1}
$data merge entity $(mouth_closed1) {transformation: [-1f,0f,0f,0f,0f,-0.2419f,-0.9703f,1.0819f,0f,-0.9703f,0.2419f,-1.1348f,0f,0f,0f,1f],start_interpolation: 0,interpolation_duration: 1}
$data merge entity $(mouth_closed_happy1) {transformation: [-1f,0f,0f,0f,0f,-0.2419f,-0.9703f,1.0759f,0f,-0.9703f,0.2419f,-1.1333f,0f,0f,0f,1f],start_interpolation: 0,interpolation_duration: 1}
$data merge entity $(mouth_closed_sad1) {transformation: [-1f,0f,0f,0f,0f,-0.2419f,-0.9703f,1.0759f,0f,-0.9703f,0.2419f,-1.1333f,0f,0f,0f,1f],start_interpolation: 0,interpolation_duration: 1}
$data merge entity $(mouth_open1) {transformation: [-1f,0f,0f,0f,0f,-0.2419f,-0.9703f,1.1212f,0f,-0.9703f,0.2419f,-0.9514f,0f,0f,0f,1f],start_interpolation: 0,interpolation_duration: 1}
$data merge entity $(mouth_open_happy1) {transformation: [-1f,0f,0f,0f,0f,-0.2419f,-0.9703f,1.1212f,0f,-0.9703f,0.2419f,-0.9514f,0f,0f,0f,1f],start_interpolation: 0,interpolation_duration: 1}
$data merge entity $(ear_right1) {transformation: [-0.9135f,-0.4067f,0f,-0.5937f,0.0984f,-0.221f,-0.9703f,0.5061f,0.3947f,-0.8864f,0.2419f,-1.3777f,0f,0f,0f,1f],start_interpolation: 0,interpolation_duration: 1}
$data merge entity $(ear_left1) {transformation: [-0.9135f,0.4067f,0f,0.5938f,-0.0984f,-0.221f,-0.9703f,0.5061f,-0.3947f,-0.8864f,0.2419f,-1.3777f,0f,0f,0f,1f],start_interpolation: 0,interpolation_duration: 1}
$data merge entity $(head1) {transformation: [-1f,0f,0f,0f,0f,-0.2419f,-0.9703f,0.6875f,0f,-0.9703f,0.2419f,-0.65f,0f,0f,0f,1f],start_interpolation: 0,interpolation_duration: 1}
$data merge entity $(neck1) {transformation: [-1f,0f,0f,0f,0f,0f,-1f,0.8438f,0f,-1f,0f,-0.75f,0f,0f,0f,1f],start_interpolation: 0,interpolation_duration: 1}
$data merge entity $(finger_pinky_right1) {transformation: [-0.9017f,-0.2773f,0.3318f,-1.9189f,-0.351f,0.0213f,-0.9361f,0.2931f,0.2525f,-0.9605f,-0.1165f,-0.3085f,0f,0f,0f,1f],start_interpolation: 0,interpolation_duration: 1}
$data merge entity $(finger_ring_right1) {transformation: [-0.9017f,-0.2773f,0.3318f,-1.9777f,-0.351f,0.0213f,-0.9361f,0.4114f,0.2525f,-0.9605f,-0.1165f,-0.354f,0f,0f,0f,1f],start_interpolation: 0,interpolation_duration: 1}
$data merge entity $(finger_middle_right1) {transformation: [-0.9017f,-0.2773f,0.3318f,-2.0399f,-0.351f,0.0213f,-0.9361f,0.5869f,0.2525f,-0.9605f,-0.1165f,-0.3321f,0f,0f,0f,1f],start_interpolation: 0,interpolation_duration: 1}
$data merge entity $(finger_index_right1) {transformation: [-0.9017f,-0.2773f,0.3318f,-2.0641f,-0.351f,0.0213f,-0.9361f,0.7026f,0.2525f,-0.9605f,-0.1165f,-0.2575f,0f,0f,0f,1f],start_interpolation: 0,interpolation_duration: 1}
$data merge entity $(finger_thumb_right1) {transformation: [-0.9017f,-0.2773f,0.3318f,-2.0051f,-0.351f,0.0213f,-0.9361f,0.7266f,0.2525f,-0.9605f,-0.1165f,-0.0138f,0f,0f,0f,1f],start_interpolation: 0,interpolation_duration: 1}
$data merge entity $(arm_right3) {transformation: [-0.9017f,-0.2773f,0.3318f,-1.5809f,-0.351f,0.0213f,-0.9361f,0.2824f,0.2525f,-0.9605f,-0.1165f,-0.6015f,0f,0f,0f,1f],start_interpolation: 0,interpolation_duration: 1}
$data merge entity $(arm_right1) {transformation: [-0.9361f,-0.1165f,0.3318f,-0.9375f,-0.342f,0.0819f,-0.9361f,0.9063f,0.0819f,-0.9898f,-0.1165f,-0.5625f,0f,0f,0f,1f],start_interpolation: 0,interpolation_duration: 1}
$data merge entity $(finger_pinky_left1) {transformation: [-0.9017f,0.2773f,-0.3318f,1.9189f,0.351f,0.0213f,-0.9361f,0.2931f,-0.2525f,-0.9605f,-0.1165f,-0.3085f,0f,0f,0f,1f],start_interpolation: 0,interpolation_duration: 1}
$data merge entity $(finger_ring_left1) {transformation: [-0.9017f,0.2773f,-0.3318f,1.9777f,0.351f,0.0213f,-0.9361f,0.4114f,-0.2525f,-0.9605f,-0.1165f,-0.354f,0f,0f,0f,1f],start_interpolation: 0,interpolation_duration: 1}
$data merge entity $(finger_middle_left1) {transformation: [-0.9017f,0.2773f,-0.3318f,2.0399f,0.351f,0.0213f,-0.9361f,0.5869f,-0.2525f,-0.9605f,-0.1165f,-0.3321f,0f,0f,0f,1f],start_interpolation: 0,interpolation_duration: 1}
$data merge entity $(finger_index_left1) {transformation: [-0.9017f,0.2773f,-0.3318f,2.0641f,0.351f,0.0213f,-0.9361f,0.7026f,-0.2525f,-0.9605f,-0.1165f,-0.2575f,0f,0f,0f,1f],start_interpolation: 0,interpolation_duration: 1}
$data merge entity $(finger_thumb_left1) {transformation: [-0.9017f,0.2773f,-0.3318f,2.0051f,0.351f,0.0213f,-0.9361f,0.7266f,-0.2525f,-0.9605f,-0.1165f,-0.0138f,0f,0f,0f,1f],start_interpolation: 0,interpolation_duration: 1}
$data merge entity $(arm_left3) {transformation: [-0.9017f,0.2773f,-0.3318f,1.5809f,0.351f,0.0213f,-0.9361f,0.2824f,-0.2525f,-0.9605f,-0.1165f,-0.6015f,0f,0f,0f,1f],start_interpolation: 0,interpolation_duration: 1}
$data merge entity $(arm_left1) {transformation: [-0.9361f,0.1165f,-0.3318f,0.9375f,0.342f,0.0819f,-0.9361f,0.9063f,-0.0819f,-0.9898f,-0.1165f,-0.5625f,0f,0f,0f,1f],start_interpolation: 0,interpolation_duration: 1}
$data merge entity $(toe_inner_right1) {transformation: [-0.9659f,-0.0226f,0.2578f,-0.5328f,-0.2588f,0.0842f,-0.9623f,1.3675f,0f,-0.9962f,-0.0872f,1.486f,0f,0f,0f,1f],start_interpolation: 0,interpolation_duration: 1}
$data merge entity $(toe_middle_right1) {transformation: [-0.9659f,-0.0226f,0.2578f,-0.8346f,-0.2588f,0.0842f,-0.9623f,1.2867f,0f,-0.9962f,-0.0872f,1.486f,0f,0f,0f,1f],start_interpolation: 0,interpolation_duration: 1}
$data merge entity $(toe_outer_right1) {transformation: [-0.9659f,-0.0226f,0.2578f,-1.1365f,-0.2588f,0.0842f,-0.9623f,1.2058f,0f,-0.9962f,-0.0872f,1.486f,0f,0f,0f,1f],start_interpolation: 0,interpolation_duration: 1}
$data merge entity $(foot_right1) {transformation: [-0.9659f,-0.0226f,0.2578f,-0.6924f,-0.2588f,0.0842f,-0.9623f,0.7559f,0f,-0.9962f,-0.0872f,1.3125f,0f,0f,0f,1f],start_interpolation: 0,interpolation_duration: 1}
$data merge entity $(leg_right1) {transformation: [-0.9659f,0f,0.2588f,-0.5938f,-0.2588f,0f,-0.9659f,0.75f,0f,-1f,0f,0.75f,0f,0f,0f,1f],start_interpolation: 0,interpolation_duration: 1}
$data merge entity $(toe_inner_left1) {transformation: [-0.9659f,0.0226f,-0.2578f,0.5328f,0.2588f,0.0842f,-0.9623f,1.3675f,0f,-0.9962f,-0.0872f,1.486f,0f,0f,0f,1f],start_interpolation: 0,interpolation_duration: 1}
$data merge entity $(toe_middle_left1) {transformation: [-0.9659f,0.0226f,-0.2578f,0.8346f,0.2588f,0.0842f,-0.9623f,1.2867f,0f,-0.9962f,-0.0872f,1.486f,0f,0f,0f,1f],start_interpolation: 0,interpolation_duration: 1}
$data merge entity $(toe_outer_left1) {transformation: [-0.9659f,0.0226f,-0.2578f,1.1365f,0.2588f,0.0842f,-0.9623f,1.2058f,0f,-0.9962f,-0.0872f,1.486f,0f,0f,0f,1f],start_interpolation: 0,interpolation_duration: 1}
$data merge entity $(foot_left1) {transformation: [-0.9659f,0.0226f,-0.2578f,0.6924f,0.2588f,0.0842f,-0.9623f,0.7559f,0f,-0.9962f,-0.0872f,1.3125f,0f,0f,0f,1f],start_interpolation: 0,interpolation_duration: 1}
$data merge entity $(leg_left1) {transformation: [-0.9659f,0f,-0.2588f,0.5937f,0.2588f,0f,-0.9659f,0.75f,0f,-1f,0f,0.75f,0f,0f,0f,1f],start_interpolation: 0,interpolation_duration: 1}