# This file was generated by Animated Java via MC-Build. It is not recommended to edit this file directly.
$data merge entity $(bone_eyelid_left1) { transformation: [-1.0845833333333335f,3.437716104657035e-17f,1.2829731164577825e-16f,-3.789040967596297e-17f,0f,1.047627052429352f,-0.2807108226674423f,0.4461602801783072f,-1.3282315075752336e-16f,-0.2807108226674423f,-1.047627052429352f,0.3093986748043905f,0f,0f,0f,1f], start_interpolation: 0, interpolation_duration: 1 }
$data merge entity $(bone_eye_left1) { transformation: [-1.084166666666667f,3.436395430010606e-17f,1.2824802339697082e-16f,-3.8629733408074635e-17f,0f,1.047224583335065f,-0.28060298139864964f,0.44777789921019795f,-1.3277212380755891e-16f,-0.28060298139864964f,-1.047224583335065f,0.3154357112186972f,0f,0f,0f,1f], start_interpolation: 0, interpolation_duration: 1 }
$data merge entity $(bone_eyelid_right1) { transformation: [-1.0845833333333335f,3.437716104657035e-17f,1.2829731164577825e-16f,-3.789040967596297e-17f,0f,1.047627052429352f,-0.2807108226674423f,0.4461602801783072f,-1.3282315075752336e-16f,-0.2807108226674423f,-1.047627052429352f,0.3093986748043905f,0f,0f,0f,1f], start_interpolation: 0, interpolation_duration: 1 }
$data merge entity $(bone_eye_right1) { transformation: [-1.084166666666667f,3.436395430010606e-17f,1.2824802339697082e-16f,-3.8629733408074635e-17f,0f,1.047224583335065f,-0.28060298139864964f,0.44777789921019795f,-1.3277212380755891e-16f,-0.28060298139864964f,-1.047224583335065f,0.3154357112186972f,0f,0f,0f,1f], start_interpolation: 0, interpolation_duration: 1 }
$data merge entity $(bone_mouth_open1) { transformation: [-1f,3.169619151431765e-17f,1.1829179713786698e-16f,-1.7972301077884464e-17f,0f,0.9659258262890683f,-0.25881904510252074f,1.8041621601422664f,-1.2246467991473532e-16f,-0.25881904510252074f,-0.9659258262890683f,0.14675497531531118f,0f,0f,0f,1f], start_interpolation: 0, interpolation_duration: 1 }
$data merge entity $(bone_mouth_closed1) { transformation: [-1f,3.169619151431765e-17f,1.1829179713786698e-16f,-1.7972301077884464e-17f,0f,0.9659258262890683f,-0.25881904510252074f,1.8041621601422664f,-1.2246467991473532e-16f,-0.25881904510252074f,-0.9659258262890683f,0.14675497531531112f,0f,0f,0f,1f], start_interpolation: 0, interpolation_duration: 1 }
$data merge entity $(bone_stem_left1) { transformation: [-0.5000000000000001f,0.8660254037844386f,1.1829179713786698e-16f,2.4762649620560664e-17f,0.8365163037378078f,0.48296291314453427f,-0.25881904510252074f,2.3796295517883346f,-0.22414386804201342f,-0.1294095225512603f,-0.9659258262890683f,-0.2022023789863443f,0f,0f,0f,1f], start_interpolation: 0, interpolation_duration: 1 }
$data merge entity $(bone_stem_right1) { transformation: [-0.5000000000000001f,-0.8660254037844386f,1.1829179713786698e-16f,2.4762649620560664e-17f,-0.8365163037378078f,0.48296291314453427f,-0.25881904510252074f,2.3796295517883346f,0.2241438680420133f,-0.1294095225512605f,-0.9659258262890683f,-0.2022023789863443f,0f,0f,0f,1f], start_interpolation: 0, interpolation_duration: 1 }
$data merge entity $(bone_head1) { transformation: [-1f,3.169619151431765e-17f,1.1829179713786698e-16f,0f,0f,0.9659258262890683f,-0.25881904510252074f,1.625f,-1.2246467991473532e-16f,-0.25881904510252074f,-0.9659258262890683f,0f,0f,0f,0f,1f], start_interpolation: 0, interpolation_duration: 1 }