# This file was generated by Animated Java via MC-Build. It is not recommended to edit this file directly.
$data merge entity $(bone_tail7) {transformation: [-0.2392f,0.0816f,0.9675f,0.4469f,-0.1795f,0.9756f,-0.1267f,0.0827f,-0.9542f,-0.204f,-0.2187f,-1.0865f,0f,0f,0f,1f],start_interpolation: 0,interpolation_duration: 1}
$data merge entity $(bone_tail6) {transformation: [-0.5514f,-0.0332f,0.8336f,0.1864f,-0.1655f,0.9837f,-0.0703f,0.1047f,-0.8177f,-0.1767f,-0.5479f,-0.9152f,0f,0f,0f,1f],start_interpolation: 0,interpolation_duration: 1}
$data merge entity $(bone_tail5) {transformation: [-0.8973f,0.0071f,0.4413f,0.0485f,-0.0834f,0.9791f,-0.1853f,0.1626f,-0.4334f,-0.203f,-0.878f,-0.6409f,0f,0f,0f,1f],start_interpolation: 0,interpolation_duration: 1}
$data merge entity $(bone_tail1) {transformation: [-0.9869f,0.0436f,0.1553f,0f,-0.0014f,0.9604f,-0.2785f,0.2496f,-0.1613f,-0.2751f,-0.9478f,-0.3447f,0f,0f,0f,1f],start_interpolation: 0,interpolation_duration: 1}
$data merge entity $(bone_ear_left1) {transformation: [-0.7171f,0.6966f,0.0231f,0.2187f,0.695f,0.7171f,-0.0526f,0.4527f,-0.0532f,-0.0216f,-0.9983f,0.549f,0f,0f,0f,1f],start_interpolation: 0,interpolation_duration: 1}
$data merge entity $(bone_ear_right1) {transformation: [-0.7171f,-0.6966f,-0.0231f,-0.2188f,-0.695f,0.7171f,-0.0526f,0.4527f,0.0532f,-0.0216f,-0.9983f,0.549f,0f,0f,0f,1f],start_interpolation: 0,interpolation_duration: 1}
$data merge entity $(bone_eyelid_left1) {transformation: [-1f,0f,0f,0.1881f,0f,0.9971f,-0.0763f,0.3269f,0f,-0.0763f,-0.9971f,0.7473f,0f,0f,0f,1f],start_interpolation: 0,interpolation_duration: 1}
$data merge entity $(bone_eye_left1) {transformation: [-1f,0f,0f,0.1959f,0f,0.9971f,-0.0763f,0.3245f,0f,-0.0763f,-0.9971f,0.7163f,0f,0f,0f,1f],start_interpolation: 0,interpolation_duration: 1}
$data merge entity $(bone_eyelid_right1) {transformation: [-1f,0f,0f,-0.1819f,0f,0.9971f,-0.0763f,0.324f,0f,-0.0763f,-0.9971f,0.7099f,0f,0f,0f,1f],start_interpolation: 0,interpolation_duration: 1}
$data merge entity $(bone_eye_right1) {transformation: [-1f,0f,0f,-0.1959f,0f,0.9971f,-0.0763f,0.3245f,0f,-0.0763f,-0.9971f,0.7163f,0f,0f,0f,1f],start_interpolation: 0,interpolation_duration: 1}
$data merge entity $(bone_jaw1) {transformation: [-1f,0f,0f,0f,0f,0.8919f,0.4523f,0.1555f,0f,0.4523f,-0.8919f,0.7598f,0f,0f,0f,1f],start_interpolation: 0,interpolation_duration: 1}
$data merge entity $(bone_head1) {transformation: [-1f,0f,0f,0f,0f,0.9971f,-0.0763f,0.2874f,0f,-0.0763f,-0.9971f,0.4363f,0f,0f,0f,1f],start_interpolation: 0,interpolation_duration: 1}
$data merge entity $(bone_torso1) {transformation: [-1f,0f,0f,-0.125f,0f,1f,-0.0084f,0.1406f,0f,-0.0084f,-1f,-0.2969f,0f,0f,0f,1f],start_interpolation: 0,interpolation_duration: 1}