# This file was generated by Animated Java via MC-Build. It is not recommended to edit this file directly.
$data merge entity $(bone_tail7) {transformation: [-0.0321f,0.0845f,0.9959f,0.4978f,-0.1285f,0.9878f,-0.088f,0.1363f,-0.9912f,-0.1308f,-0.0208f,-1.0415f,0f,0f,0f,1f],start_interpolation: 0,interpolation_duration: 1}
$data merge entity $(bone_tail6) {transformation: [-0.4296f,-0.0511f,0.9016f,0.216f,-0.1364f,0.9906f,-0.0088f,0.139f,-0.8927f,-0.1268f,-0.4325f,-0.9063f,0f,0f,0f,1f],start_interpolation: 0,interpolation_duration: 1}
$data merge entity $(bone_tail5) {transformation: [-0.8553f,-0.0081f,0.5181f,0.0541f,-0.0831f,0.9891f,-0.1218f,0.1771f,-0.5114f,-0.1473f,-0.8466f,-0.6417f,0f,0f,0f,1f],start_interpolation: 0,interpolation_duration: 1}
$data merge entity $(bone_tail1) {transformation: [-0.9839f,0.0433f,0.1732f,0f,0.0015f,0.9721f,-0.2345f,0.2504f,-0.1785f,-0.2305f,-0.9566f,-0.3428f,0f,0f,0f,1f],start_interpolation: 0,interpolation_duration: 1}
$data merge entity $(bone_ear_left1) {transformation: [-0.7157f,0.6981f,0.0199f,0.2187f,0.6984f,0.7155f,0.0187f,0.4315f,-0.0012f,0.0273f,-0.9996f,0.5634f,0f,0f,0f,1f],start_interpolation: 0,interpolation_duration: 1}
$data merge entity $(bone_ear_right1) {transformation: [-0.7157f,-0.6981f,-0.0199f,-0.2188f,-0.6984f,0.7155f,0.0187f,0.4315f,0.0012f,0.0273f,-0.9996f,0.5634f,0f,0f,0f,1f],start_interpolation: 0,interpolation_duration: 1}
$data merge entity $(bone_eyelid_left1) {transformation: [-1f,0f,0f,0.1881f,0f,1f,-0.0017f,0.2912f,0f,-0.0017f,-1f,0.7518f,0f,0f,0f,1f],start_interpolation: 0,interpolation_duration: 1}
$data merge entity $(bone_eye_left1) {transformation: [-1f,0f,0f,0.1959f,0f,1f,-0.0017f,0.2911f,0f,-0.0017f,-1f,0.7207f,0f,0f,0f,1f],start_interpolation: 0,interpolation_duration: 1}
$data merge entity $(bone_eyelid_right1) {transformation: [-1f,0f,0f,-0.1819f,0f,1f,-0.0017f,0.2911f,0f,-0.0017f,-1f,0.7143f,0f,0f,0f,1f],start_interpolation: 0,interpolation_duration: 1}
$data merge entity $(bone_eye_right1) {transformation: [-1f,0f,0f,-0.1959f,0f,1f,-0.0017f,0.2911f,0f,-0.0017f,-1f,0.7207f,0f,0f,0f,1f],start_interpolation: 0,interpolation_duration: 1}
$data merge entity $(bone_jaw1) {transformation: [-1f,0f,0f,0f,0f,0.8106f,0.5856f,0.1193f,0f,0.5856f,-0.8106f,0.7514f,0f,0f,0f,1f],start_interpolation: 0,interpolation_duration: 1}
$data merge entity $(bone_head1) {transformation: [-1f,0f,0f,0f,0f,1f,-0.0017f,0.275f,0f,-0.0017f,-1f,0.4387f,0f,0f,0f,1f],start_interpolation: 0,interpolation_duration: 1}
$data merge entity $(bone_torso1) {transformation: [-1f,0f,0f,-0.125f,0f,1f,0.0085f,0.1406f,0f,0.0085f,-1f,-0.2969f,0f,0f,0f,1f],start_interpolation: 0,interpolation_duration: 1}