# This file was generated by Animated Java via MC-Build. It is not recommended to edit this file directly.
$data merge entity $(bone_tail7) {transformation: [-0.0561f,0.0805f,0.9952f,0.4923f,-0.1264f,0.9881f,-0.0871f,0.1369f,-0.9904f,-0.1307f,-0.0452f,-1.0478f,0f,0f,0f,1f],start_interpolation: 0,interpolation_duration: 1}
$data merge entity $(bone_tail6) {transformation: [-0.4439f,-0.053f,0.8945f,0.2128f,-0.1341f,0.9909f,-0.0079f,0.1394f,-0.886f,-0.1235f,-0.447f,-0.9081f,0f,0f,0f,1f],start_interpolation: 0,interpolation_duration: 1}
$data merge entity $(bone_tail5) {transformation: [-0.8604f,-0.0085f,0.5096f,0.0535f,-0.0814f,0.9893f,-0.1209f,0.1771f,-0.5031f,-0.1455f,-0.8519f,-0.6419f,0f,0f,0f,1f],start_interpolation: 0,interpolation_duration: 1}
$data merge entity $(bone_tail1) {transformation: [-0.9843f,0.0428f,0.1713f,0f,0.0014f,0.9722f,-0.2343f,0.2504f,-0.1766f,-0.2304f,-0.9569f,-0.3429f,0f,0f,0f,1f],start_interpolation: 0,interpolation_duration: 1}
$data merge entity $(bone_ear_left1) {transformation: [-0.7198f,0.6936f,0.0293f,0.2187f,0.6942f,0.7192f,0.0294f,0.4316f,-0.0007f,0.0415f,-0.9991f,0.5635f,0f,0f,0f,1f],start_interpolation: 0,interpolation_duration: 1}
$data merge entity $(bone_ear_right1) {transformation: [-0.7198f,-0.6936f,-0.0293f,-0.2188f,-0.6942f,0.7192f,0.0294f,0.4316f,0.0007f,0.0415f,-0.9991f,0.5635f,0f,0f,0f,1f],start_interpolation: 0,interpolation_duration: 1}
$data merge entity $(bone_eyelid_left1) {transformation: [-1f,0f,0f,0.1881f,0f,1f,-0.001f,0.2912f,0f,-0.001f,-1f,0.7517f,0f,0f,0f,1f],start_interpolation: 0,interpolation_duration: 1}
$data merge entity $(bone_eye_left1) {transformation: [-1f,0f,0f,0.1959f,0f,1f,-0.001f,0.2912f,0f,-0.001f,-1f,0.7206f,0f,0f,0f,1f],start_interpolation: 0,interpolation_duration: 1}
$data merge entity $(bone_eyelid_right1) {transformation: [-1f,0f,0f,-0.1819f,0f,1f,-0.001f,0.2911f,0f,-0.001f,-1f,0.7142f,0f,0f,0f,1f],start_interpolation: 0,interpolation_duration: 1}
$data merge entity $(bone_eye_right1) {transformation: [-1f,0f,0f,-0.1959f,0f,1f,-0.001f,0.2912f,0f,-0.001f,-1f,0.7206f,0f,0f,0f,1f],start_interpolation: 0,interpolation_duration: 1}
$data merge entity $(bone_jaw1) {transformation: [-1f,0f,0f,0f,0f,0.8061f,0.5918f,0.1193f,0f,0.5918f,-0.8061f,0.7513f,0f,0f,0f,1f],start_interpolation: 0,interpolation_duration: 1}
$data merge entity $(bone_head1) {transformation: [-1f,0f,0f,0f,0f,1f,-0.001f,0.2752f,0f,-0.001f,-1f,0.4386f,0f,0f,0f,1f],start_interpolation: 0,interpolation_duration: 1}
$data merge entity $(bone_torso1) {transformation: [-1f,0f,0f,-0.125f,0f,1f,0.0082f,0.1406f,0f,0.0082f,-1f,-0.2969f,0f,0f,0f,1f],start_interpolation: 0,interpolation_duration: 1}