# This file was generated by Animated Java via MC-Build. It is not recommended to edit this file directly.
$data merge entity $(bone_tail7) {transformation: [-0.2171f,0.06f,0.9743f,0.4529f,-0.1252f,0.9882f,-0.0888f,0.1298f,-0.9681f,-0.1412f,-0.207f,-1.0877f,0f,0f,0f,1f],start_interpolation: 0,interpolation_duration: 1}
$data merge entity $(bone_tail6) {transformation: [-0.5382f,-0.0573f,0.8408f,0.1901f,-0.128f,0.9917f,-0.0143f,0.1343f,-0.833f,-0.1154f,-0.5411f,-0.9186f,0f,0f,0f,1f],start_interpolation: 0,interpolation_duration: 1}
$data merge entity $(bone_tail5) {transformation: [-0.8929f,-0.007f,0.4503f,0.0494f,-0.0726f,0.989f,-0.1286f,0.1745f,-0.4444f,-0.1475f,-0.8836f,-0.6425f,0f,0f,0f,1f],start_interpolation: 0,interpolation_duration: 1}
$data merge entity $(bone_tail1) {transformation: [-0.9866f,0.04f,0.1582f,0f,0.0005f,0.9702f,-0.2422f,0.2502f,-0.1632f,-0.2389f,-0.9572f,-0.3434f,0f,0f,0f,1f],start_interpolation: 0,interpolation_duration: 1}
$data merge entity $(bone_ear_left1) {transformation: [-0.7405f,0.6678f,0.0757f,0.2187f,0.672f,0.7371f,0.0709f,0.4366f,-0.0085f,0.1034f,-0.9946f,0.561f,0f,0f,0f,1f],start_interpolation: 0,interpolation_duration: 1}
$data merge entity $(bone_ear_right1) {transformation: [-0.7405f,-0.6678f,-0.0757f,-0.2188f,-0.672f,0.7371f,0.0709f,0.4366f,0.0085f,0.1034f,-0.9946f,0.561f,0f,0f,0f,1f],start_interpolation: 0,interpolation_duration: 1}
$data merge entity $(bone_eyelid_left1) {transformation: [-1f,0f,0f,0.1881f,0f,0.9999f,-0.0126f,0.2984f,0f,-0.0126f,-0.9999f,0.7509f,0f,0f,0f,1f],start_interpolation: 0,interpolation_duration: 1}
$data merge entity $(bone_eye_left1) {transformation: [-1f,0f,0f,0.1959f,0f,0.9999f,-0.0126f,0.298f,0f,-0.0126f,-0.9999f,0.7198f,0f,0f,0f,1f],start_interpolation: 0,interpolation_duration: 1}
$data merge entity $(bone_eyelid_right1) {transformation: [-1f,0f,0f,-0.1819f,0f,0.9999f,-0.0126f,0.2979f,0f,-0.0126f,-0.9999f,0.7134f,0f,0f,0f,1f],start_interpolation: 0,interpolation_duration: 1}
$data merge entity $(bone_eye_right1) {transformation: [-1f,0f,0f,-0.1959f,0f,0.9999f,-0.0126f,0.298f,0f,-0.0126f,-0.9999f,0.7198f,0f,0f,0f,1f],start_interpolation: 0,interpolation_duration: 1}
$data merge entity $(bone_jaw1) {transformation: [-1f,0f,0f,0f,0f,0.8014f,0.5981f,0.1265f,0f,0.5981f,-0.8014f,0.7524f,0f,0f,0f,1f],start_interpolation: 0,interpolation_duration: 1}
$data merge entity $(bone_head1) {transformation: [-1f,0f,0f,0f,0f,0.9999f,-0.0126f,0.2788f,0f,-0.0126f,-0.9999f,0.438f,0f,0f,0f,1f],start_interpolation: 0,interpolation_duration: 1}
$data merge entity $(bone_torso1) {transformation: [-1f,0f,0f,-0.125f,0f,1f,0.0033f,0.1406f,0f,0.0033f,-1f,-0.2969f,0f,0f,0f,1f],start_interpolation: 0,interpolation_duration: 1}