# This file was generated by Animated Java via MC-Build. It is not recommended to edit this file directly.
$data merge entity $(bone_tail7) {transformation: [-0.2872f,0.0671f,0.9555f,0.4341f,-0.1603f,0.9801f,-0.117f,0.0948f,-0.9444f,-0.1868f,-0.2707f,-1.1002f,0f,0f,0f,1f],start_interpolation: 0,interpolation_duration: 1}
$data merge entity $(bone_tail6) {transformation: [-0.5786f,-0.0422f,0.8145f,0.1795f,-0.1504f,0.9871f,-0.0557f,0.1121f,-0.8016f,-0.1547f,-0.5774f,-0.9197f,0f,0f,0f,1f],start_interpolation: 0,interpolation_duration: 1}
$data merge entity $(bone_tail5) {transformation: [-0.9062f,0.003f,0.4229f,0.0474f,-0.0762f,0.9825f,-0.1703f,0.1653f,-0.4159f,-0.1865f,-0.8901f,-0.6416f,0f,0f,0f,1f],start_interpolation: 0,interpolation_duration: 1}
$data merge entity $(bone_tail1) {transformation: [-0.9876f,0.0415f,0.1516f,0f,-0.001f,0.9629f,-0.2699f,0.2497f,-0.1572f,-0.2667f,-0.9509f,-0.3444f,0f,0f,0f,1f],start_interpolation: 0,interpolation_duration: 1}
$data merge entity $(bone_ear_left1) {transformation: [-0.7318f,0.6792f,0.0565f,0.2187f,0.6803f,0.7329f,0.0004f,0.4495f,-0.0411f,0.0387f,-0.9984f,0.5519f,0f,0f,0f,1f],start_interpolation: 0,interpolation_duration: 1}
$data merge entity $(bone_ear_right1) {transformation: [-0.7318f,-0.6792f,-0.0565f,-0.2188f,-0.6803f,0.7329f,0.0004f,0.4495f,0.0411f,0.0387f,-0.9984f,0.5519f,0f,0f,0f,1f],start_interpolation: 0,interpolation_duration: 1}
$data merge entity $(bone_eyelid_left1) {transformation: [-1f,0f,0f,0.1881f,0f,0.9982f,-0.0604f,0.3204f,0f,-0.0604f,-0.9982f,0.7482f,0f,0f,0f,1f],start_interpolation: 0,interpolation_duration: 1}
$data merge entity $(bone_eye_left1) {transformation: [-1f,0f,0f,0.1959f,0f,0.9982f,-0.0604f,0.3186f,0f,-0.0604f,-0.9982f,0.7172f,0f,0f,0f,1f],start_interpolation: 0,interpolation_duration: 1}
$data merge entity $(bone_eyelid_right1) {transformation: [-1f,0f,0f,-0.1819f,0f,0.9982f,-0.0604f,0.3182f,0f,-0.0604f,-0.9982f,0.7108f,0f,0f,0f,1f],start_interpolation: 0,interpolation_duration: 1}
$data merge entity $(bone_eye_right1) {transformation: [-1f,0f,0f,-0.1959f,0f,0.9982f,-0.0604f,0.3186f,0f,-0.0604f,-0.9982f,0.7172f,0f,0f,0f,1f],start_interpolation: 0,interpolation_duration: 1}
$data merge entity $(bone_jaw1) {transformation: [-1f,0f,0f,0f,0f,0.8648f,0.5022f,0.1488f,0f,0.5022f,-0.8648f,0.7579f,0f,0f,0f,1f],start_interpolation: 0,interpolation_duration: 1}
$data merge entity $(bone_head1) {transformation: [-1f,0f,0f,0f,0f,0.9982f,-0.0604f,0.286f,0f,-0.0604f,-0.9982f,0.4366f,0f,0f,0f,1f],start_interpolation: 0,interpolation_duration: 1}
$data merge entity $(bone_torso1) {transformation: [-1f,0f,0f,-0.125f,0f,1f,-0.0064f,0.1406f,0f,-0.0064f,-1f,-0.2969f,0f,0f,0f,1f],start_interpolation: 0,interpolation_duration: 1}