# This file was generated by Animated Java via MC-Build. It is not recommended to edit this file directly.
$data merge entity $(bone_tail7) {transformation: [-0.2789f,0.0703f,0.9577f,0.4363f,-0.1651f,0.979f,-0.1199f,0.0914f,-0.946f,-0.1916f,-0.2615f,-1.0976f,0f,0f,0f,1f],start_interpolation: 0,interpolation_duration: 1}
$data merge entity $(bone_tail6) {transformation: [-0.5739f,-0.0401f,0.8179f,0.1807f,-0.154f,0.9863f,-0.0598f,0.11f,-0.8043f,-0.1603f,-0.5722f,-0.9188f,0f,0f,0f,1f],start_interpolation: 0,interpolation_duration: 1}
$data merge entity $(bone_tail5) {transformation: [-0.9047f,0.0041f,0.426f,0.0476f,-0.0777f,0.9816f,-0.1744f,0.1645f,-0.4189f,-0.1909f,-0.8877f,-0.6414f,0f,0f,0f,1f],start_interpolation: 0,interpolation_duration: 1}
$data merge entity $(bone_tail1) {transformation: [-0.9875f,0.042f,0.1522f,0f,-0.0011f,0.9622f,-0.2724f,0.2497f,-0.1579f,-0.2691f,-0.9501f,-0.3445f,0f,0f,0f,1f],start_interpolation: 0,interpolation_duration: 1}
$data merge entity $(bone_ear_left1) {transformation: [-0.7285f,0.6832f,0.0491f,0.2187f,0.6836f,0.7298f,-0.0125f,0.4505f,-0.0444f,0.0245f,-0.9987f,0.5511f,0f,0f,0f,1f],start_interpolation: 0,interpolation_duration: 1}
$data merge entity $(bone_ear_right1) {transformation: [-0.7285f,-0.6832f,-0.0491f,-0.2188f,-0.6836f,0.7298f,-0.0125f,0.4505f,0.0444f,0.0245f,-0.9987f,0.5511f,0f,0f,0f,1f],start_interpolation: 0,interpolation_duration: 1}
$data merge entity $(bone_eyelid_left1) {transformation: [-1f,0f,0f,0.1881f,0f,0.9979f,-0.0648f,0.3223f,0f,-0.0648f,-0.9979f,0.7479f,0f,0f,0f,1f],start_interpolation: 0,interpolation_duration: 1}
$data merge entity $(bone_eye_left1) {transformation: [-1f,0f,0f,0.1959f,0f,0.9979f,-0.0648f,0.3203f,0f,-0.0648f,-0.9979f,0.7169f,0f,0f,0f,1f],start_interpolation: 0,interpolation_duration: 1}
$data merge entity $(bone_eyelid_right1) {transformation: [-1f,0f,0f,-0.1819f,0f,0.9979f,-0.0648f,0.3199f,0f,-0.0648f,-0.9979f,0.7105f,0f,0f,0f,1f],start_interpolation: 0,interpolation_duration: 1}
$data merge entity $(bone_eye_right1) {transformation: [-1f,0f,0f,-0.1959f,0f,0.9979f,-0.0648f,0.3203f,0f,-0.0648f,-0.9979f,0.7169f,0f,0f,0f,1f],start_interpolation: 0,interpolation_duration: 1}
$data merge entity $(bone_jaw1) {transformation: [-1f,0f,0f,0f,0f,0.872f,0.4895f,0.1508f,0f,0.4895f,-0.872f,0.7585f,0f,0f,0f,1f],start_interpolation: 0,interpolation_duration: 1}
$data merge entity $(bone_head1) {transformation: [-1f,0f,0f,0f,0f,0.9979f,-0.0648f,0.2864f,0f,-0.0648f,-0.9979f,0.4365f,0f,0f,0f,1f],start_interpolation: 0,interpolation_duration: 1}
$data merge entity $(bone_torso1) {transformation: [-1f,0f,0f,-0.125f,0f,1f,-0.0071f,0.1406f,0f,-0.0071f,-1f,-0.2969f,0f,0f,0f,1f],start_interpolation: 0,interpolation_duration: 1}