# This file was generated by Animated Java via MC-Build. It is not recommended to edit this file directly.
$data merge entity $(bone_neck_spine5) {transformation: [-1.5706f,-0.0155f,-0.0701f,-0.0724f,-0.061f,1.0952f,1.1264f,3.2375f,0.0378f,1.1279f,-1.0947f,0.5459f,0f,0f,0f,1f],start_interpolation: 0,interpolation_duration: 1}
$data merge entity $(bone_neck_spine2) {transformation: [-1.4958f,-0.0576f,-0.0368f,-0.1699f,-0.0581f,1.4961f,0.021f,4.1777f,0.036f,0.0224f,-1.4968f,2.6861f,0f,0f,0f,1f],start_interpolation: 0,interpolation_duration: 1}
$data merge entity $(bone_scale_neck_left1) {transformation: [-1.6042f,0.372f,0.0329f,0.6493f,0.3598f,1.5006f,0.5761f,3.3078f,0.1001f,0.5683f,-1.5427f,2.62f,0f,0f,0f,1f],start_interpolation: 0,interpolation_duration: 1}
$data merge entity $(bone_scale_neck_right1) {transformation: [-1.5745f,-0.4596f,-0.1515f,-0.9214f,-0.4833f,1.4683f,0.569f,3.2467f,-0.0237f,0.5883f,-1.5383f,2.6577f,0f,0f,0f,1f],start_interpolation: 0,interpolation_duration: 1}
$data merge entity $(bone_blush_right1) {transformation: [-0.9932f,-0.0496f,0.1058f,-0.877f,-0.0181f,0.9599f,0.2798f,2.7664f,-0.1154f,0.276f,-0.9542f,3.8676f,0f,0f,0f,1f],start_interpolation: 0,interpolation_duration: 1}
$data merge entity $(bone_blush_left1) {transformation: [-0.9932f,-0.0496f,0.1058f,0.4391f,-0.0181f,0.9599f,0.2798f,2.7905f,-0.1154f,0.276f,-0.9542f,4.0205f,0f,0f,0f,1f],start_interpolation: 0,interpolation_duration: 1}
$data merge entity $(bone_left_head_scales) {transformation: [-0.9298f,-0.0496f,-0.3647f,0.4556f,-0.1453f,0.9599f,0.2398f,3.6013f,0.3382f,0.276f,-0.8997f,3.8482f,0f,0f,0f,1f],start_interpolation: 0,interpolation_duration: 1}
$data merge entity $(bone_left_head_scales2) {transformation: [-0.8742f,-0.0496f,-0.483f,0.4824f,-0.1753f,0.9599f,0.2188f,2.6918f,0.4528f,0.276f,-0.8479f,3.761f,0f,0f,0f,1f],start_interpolation: 0,interpolation_duration: 1}
$data merge entity $(bone_left_head_scales1) {transformation: [-0.9932f,-0.0496f,0.1058f,0.4612f,-0.0181f,0.9599f,0.2798f,3.4935f,-0.1154f,0.276f,-0.9542f,3.8172f,0f,0f,0f,1f],start_interpolation: 0,interpolation_duration: 1}
$data merge entity $(bone_right_head_scales) {transformation: [-0.8321f,-0.0496f,0.5524f,-0.8828f,0.1131f,0.9599f,0.2565f,3.5769f,-0.543f,0.276f,-0.7931f,3.6926f,0f,0f,0f,1f],start_interpolation: 0,interpolation_duration: 1}
$data merge entity $(bone_right_head_scales2) {transformation: [-0.7529f,-0.0496f,0.6563f,-0.8561f,0.1456f,0.9599f,0.2396f,2.6674f,-0.6419f,0.276f,-0.7154f,3.6055f,0f,0f,0f,1f],start_interpolation: 0,interpolation_duration: 1}
$data merge entity $(bone_right_head_scales1) {transformation: [-0.9932f,-0.0496f,0.1058f,-0.8772f,-0.0181f,0.9599f,0.2798f,3.4691f,-0.1154f,0.276f,-0.9542f,3.6616f,0f,0f,0f,1f],start_interpolation: 0,interpolation_duration: 1}
$data merge entity $(bone_head_left_fin1) {transformation: [-0.609f,0.1094f,-0.8461f,0.491f,0.0059f,1.04f,0.1302f,3.1129f,0.8531f,0.0709f,-0.6049f,3.6206f,0f,0f,0f,1f],start_interpolation: 0,interpolation_duration: 1}
$data merge entity $(bone_head_right_fin1) {transformation: [-0.3965f,-0.1601f,0.957f,-0.8474f,-0.0243f,1.0351f,0.1631f,3.0884f,-0.97f,0.0396f,-0.3953f,3.4651f,0f,0f,0f,1f],start_interpolation: 0,interpolation_duration: 1}
$data merge entity $(bone_right_whisker16) {transformation: [-0.1568f,-0.4309f,0.8887f,-1.0096f,0.9875f,-0.0804f,0.1352f,1.7123f,0.0132f,0.8988f,0.4382f,1.6231f,0f,0f,0f,1f],start_interpolation: 0,interpolation_duration: 1}
$data merge entity $(bone_right_whisker15) {transformation: [0.4885f,-0.263f,0.832f,-1.1741f,0.3481f,0.9331f,0.0905f,1.595f,-0.8001f,0.2454f,0.5473f,1.8926f,0f,0f,0f,1f],start_interpolation: 0,interpolation_duration: 1}
$data merge entity $(bone_right_whisker14) {transformation: [0.7308f,-0.1735f,0.6602f,-1.4204f,-0.257f,0.8261f,0.5015f,1.6816f,-0.6324f,-0.5362f,0.5591f,2.1057f,0f,0f,0f,1f],start_interpolation: 0,interpolation_duration: 1}
$data merge entity $(bone_right_whisker13) {transformation: [0.2781f,-0.4065f,0.8703f,-1.514f,0.1354f,0.9136f,0.3834f,1.636f,-0.951f,0.0113f,0.3091f,2.4261f,0f,0f,0f,1f],start_interpolation: 0,interpolation_duration: 1}
$data merge entity $(bone_right_whisker12) {transformation: [-0.3712f,-0.2868f,0.8831f,-1.3473f,-0.4078f,0.9048f,0.1225f,1.8192f,-0.8342f,-0.3147f,-0.4529f,2.8008f,0f,0f,0f,1f],start_interpolation: 0,interpolation_duration: 1}
$data merge entity $(bone_right_whisker11) {transformation: [-0.8543f,-0.1997f,0.4799f,-0.9635f,-0.2359f,0.9716f,-0.0157f,1.9251f,-0.4632f,-0.1266f,-0.8772f,3.0089f,0f,0f,0f,1f],start_interpolation: 0,interpolation_duration: 1}
$data merge entity $(bone_right_whisker10) {transformation: [-0.3903f,-0.542f,0.7442f,-0.7882f,-0.5612f,0.7809f,0.2744f,2.1772f,-0.7299f,-0.3105f,-0.6089f,3.3368f,0f,0f,0f,1f],start_interpolation: 0,interpolation_duration: 1}
$data merge entity $(bone_right_whisker1) {transformation: [0.1507f,-0.5326f,0.8328f,-0.8559f,-0.7451f,0.4925f,0.4498f,2.5119f,-0.6497f,-0.6883f,-0.3226f,3.6287f,0f,0f,0f,1f],start_interpolation: 0,interpolation_duration: 1}
$data merge entity $(bone_left_whisker16) {transformation: [-0.1139f,0.216f,-0.9697f,1.1206f,-0.9925f,-0.0686f,0.1013f,1.7512f,-0.0447f,0.974f,0.2222f,1.8706f,0f,0f,0f,1f],start_interpolation: 0,interpolation_duration: 1}
$data merge entity $(bone_left_whisker15) {transformation: [0.3042f,0.1659f,-0.938f,1.2231f,-0.3336f,0.9409f,0.0582f,1.6388f,0.8923f,0.2952f,0.3416f,2.1712f,0f,0f,0f,1f],start_interpolation: 0,interpolation_duration: 1}
$data merge entity $(bone_left_whisker14) {transformation: [0.5566f,0.2619f,-0.7884f,1.4106f,0.2805f,0.834f,0.4751f,1.7333f,0.782f,-0.4856f,0.3907f,2.4347f,0f,0f,0f,1f],start_interpolation: 0,interpolation_duration: 1}
$data merge entity $(bone_left_whisker13) {transformation: [0.0573f,0.3599f,-0.9312f,1.4299f,-0.1293f,0.9276f,0.3505f,1.6897f,0.9899f,0.1003f,0.0997f,2.7682f,0f,0f,0f,1f],start_interpolation: 0,interpolation_duration: 1}
$data merge entity $(bone_left_whisker12) {transformation: [-0.567f,0.3186f,-0.7596f,1.1752f,0.3906f,0.9159f,0.0925f,1.8652f,0.7252f,-0.2443f,-0.6438f,3.094f,0f,0f,0f,1f],start_interpolation: 0,interpolation_duration: 1}
$data merge entity $(bone_left_whisker11) {transformation: [-0.9456f,0.1883f,-0.2652f,0.7504f,0.2031f,0.9787f,-0.0293f,1.9564f,0.254f,-0.0816f,-0.9638f,3.2081f,0f,0f,0f,1f],start_interpolation: 0,interpolation_duration: 1}
$data merge entity $(bone_left_whisker10) {transformation: [-0.5672f,0.5703f,-0.5942f,0.4956f,0.5437f,0.8012f,0.25f,2.2007f,0.6186f,-0.1813f,-0.7645f,3.486f,0f,0f,0f,1f],start_interpolation: 0,interpolation_duration: 1}
$data merge entity $(bone_left_whisker1) {transformation: [-0.0292f,0.6581f,-0.7524f,0.4825f,0.7473f,0.5143f,0.4209f,2.5364f,0.6639f,-0.5499f,-0.5068f,3.7842f,0f,0f,0f,1f],start_interpolation: 0,interpolation_duration: 1}
$data merge entity $(bone_upper_left_tooth1) {transformation: [-0.9932f,-0.0402f,0.1097f,0.0034f,-0.0181f,0.9806f,0.1951f,2.6644f,-0.1154f,0.1917f,-0.9746f,4.7247f,0f,0f,0f,1f],start_interpolation: 0,interpolation_duration: 1}
$data merge entity $(bone_upper_right_tooth1) {transformation: [-0.9932f,-0.0402f,0.1097f,-0.6659f,-0.0181f,0.9806f,0.1951f,2.6522f,-0.1154f,0.1917f,-0.9746f,4.6469f,0f,0f,0f,1f],start_interpolation: 0,interpolation_duration: 1}
$data merge entity $(bone_top_lip1) {transformation: [-0.9932f,-0.0002f,0.1168f,-0.3083f,-0.0181f,0.9882f,-0.1521f,2.78f,-0.1154f,-0.1532f,-0.9814f,4.7127f,0f,0f,0f,1f],start_interpolation: 0,interpolation_duration: 1}
$data merge entity $(bone_muzzle1) {transformation: [-0.9932f,-0.0402f,0.1097f,-0.2535f,-0.0181f,0.9806f,0.1951f,3.0547f,-0.1154f,0.1917f,-0.9746f,4.1978f,0f,0f,0f,1f],start_interpolation: 0,interpolation_duration: 1}
$data merge entity $(bone_jaw_right_tooth1) {transformation: [-0.9932f,0.0397f,0.1099f,-0.6687f,-0.0181f,0.8766f,-0.4809f,2.685f,-0.1154f,-0.4796f,-0.8699f,4.6658f,0f,0f,0f,1f],start_interpolation: 0,interpolation_duration: 1}
$data merge entity $(bone_jaw_left_tooth1) {transformation: [-0.9932f,0.0397f,0.1099f,0.0563f,-0.0181f,0.8766f,-0.4809f,2.6983f,-0.1154f,-0.4796f,-0.8699f,4.7501f,0f,0f,0f,1f],start_interpolation: 0,interpolation_duration: 1}
$data merge entity $(bone_tongue1) {transformation: [-0.9932f,-0.0104f,0.1164f,-0.2126f,-0.0181f,0.9977f,-0.0654f,2.631f,-0.1154f,-0.067f,-0.9911f,3.9122f,0f,0f,0f,1f],start_interpolation: 0,interpolation_duration: 1}
$data merge entity $(bone_jaw_lips1) {transformation: [-0.9932f,-0.0104f,0.1164f,-0.26f,-0.0181f,0.9977f,-0.0654f,2.5619f,-0.1154f,-0.067f,-0.9911f,4.8177f,0f,0f,0f,1f],start_interpolation: 0,interpolation_duration: 1}
$data merge entity $(bone_jaw3) {transformation: [-0.9932f,0.0201f,0.1151f,-0.1583f,-0.0181f,0.9468f,-0.3214f,2.1934f,-0.1154f,-0.3213f,-0.9399f,4.0003f,0f,0f,0f,1f],start_interpolation: 0,interpolation_duration: 1}
$data merge entity $(bone_jaw1) {transformation: [-0.9932f,-0.0672f,0.0956f,-0.0724f,-0.0181f,0.8967f,0.4422f,2.5907f,-0.1154f,0.4375f,-0.8918f,3.1991f,0f,0f,0f,1f],start_interpolation: 0,interpolation_duration: 1}
$data merge entity $(bone_tear_right1) {transformation: [-0.9932f,-0.0496f,0.1058f,-0.8514f,-0.0181f,0.9599f,0.2798f,3.1165f,-0.1154f,0.276f,-0.9542f,4.079f,0f,0f,0f,1f],start_interpolation: 0,interpolation_duration: 1}
$data merge entity $(bone_right_pupil1) {transformation: [-0.9932f,-0.0496f,0.1058f,-0.6801f,-0.0181f,0.9599f,0.2798f,3.2088f,-0.1154f,0.276f,-0.9542f,4.1956f,0f,0f,0f,1f],start_interpolation: 0,interpolation_duration: 1}
$data merge entity $(bone_right_sad_pupil1) {transformation: [-0.9932f,-0.0496f,0.1058f,-0.6789f,-0.0181f,0.9599f,0.2798f,3.2119f,-0.1154f,0.276f,-0.9542f,4.1849f,0f,0f,0f,1f],start_interpolation: 0,interpolation_duration: 1}
$data merge entity $(bone_right_happy_pupil1) {transformation: [-0.9932f,-0.0496f,0.1058f,-0.7054f,-0.0181f,0.9599f,0.2798f,3.1845f,-0.1154f,0.276f,-0.9542f,4.1739f,0f,0f,0f,1f],start_interpolation: 0,interpolation_duration: 1}
$data merge entity $(bone_eyelid_right1) {transformation: [-0.9932f,-0.0496f,0.1058f,-0.1873f,-0.0181f,0.9599f,0.2798f,3.323f,-0.1154f,0.276f,-0.9542f,3.6835f,0f,0f,0f,1f],start_interpolation: 0,interpolation_duration: 1}
$data merge entity $(bone_eyelid_expressions_right5) {transformation: [-0.9932f,-0.0496f,0.1058f,-0.8128f,-0.0181f,0.9599f,0.2798f,3.3174f,-0.1154f,0.276f,-0.9542f,4.201f,0f,0f,0f,1f],start_interpolation: 0,interpolation_duration: 1}
$data merge entity $(bone_eyelid_expressions_right7) {transformation: [-0.9932f,-0.0496f,0.1058f,-0.4782f,-0.0181f,0.9599f,0.2798f,3.3235f,-0.1154f,0.276f,-0.9542f,4.2399f,0f,0f,0f,1f],start_interpolation: 0,interpolation_duration: 1}
$data merge entity $(bone_eyelid_expressions_right6) {transformation: [-0.9932f,-0.0496f,0.1058f,-0.5897f,-0.0181f,0.9599f,0.2798f,3.3215f,-0.1154f,0.276f,-0.9542f,4.2269f,0f,0f,0f,1f],start_interpolation: 0,interpolation_duration: 1}
$data merge entity $(bone_right_eye1) {transformation: [-0.9932f,-0.0496f,0.1058f,-0.1997f,-0.0181f,0.9599f,0.2798f,3.3196f,-0.1154f,0.276f,-0.9542f,3.6929f,0f,0f,0f,1f],start_interpolation: 0,interpolation_duration: 1}
$data merge entity $(bone_tear_left1) {transformation: [-0.9932f,-0.0496f,0.1058f,0.3531f,-0.0181f,0.9599f,0.2798f,3.1385f,-0.1154f,0.276f,-0.9542f,4.219f,0f,0f,0f,1f],start_interpolation: 0,interpolation_duration: 1}
$data merge entity $(bone_left_sad_pupil1) {transformation: [-0.9932f,-0.0496f,0.1058f,0.1576f,-0.0181f,0.9599f,0.2798f,3.2272f,-0.1154f,0.276f,-0.9542f,4.2821f,0f,0f,0f,1f],start_interpolation: 0,interpolation_duration: 1}
$data merge entity $(bone_left_pupil1) {transformation: [-0.9932f,-0.0496f,0.1058f,0.1564f,-0.0181f,0.9599f,0.2798f,3.2241f,-0.1154f,0.276f,-0.9542f,4.2929f,0f,0f,0f,1f],start_interpolation: 0,interpolation_duration: 1}
$data merge entity $(bone_eyelid_left1) {transformation: [-0.9932f,-0.0496f,0.1058f,-0.2096f,-0.0181f,0.9599f,0.2798f,3.3226f,-0.1154f,0.276f,-0.9542f,3.6809f,0f,0f,0f,1f],start_interpolation: 0,interpolation_duration: 1}
$data merge entity $(bone_left_happy_pupil1) {transformation: [-0.9932f,-0.0496f,0.1058f,0.1869f,-0.0181f,0.9599f,0.2798f,3.2008f,-0.1154f,0.276f,-0.9542f,4.2776f,0f,0f,0f,1f],start_interpolation: 0,interpolation_duration: 1}
$data merge entity $(bone_eyelid_expressions_left5) {transformation: [-0.9932f,-0.0496f,0.1058f,0.2803f,-0.0181f,0.9599f,0.2798f,3.3373f,-0.1154f,0.276f,-0.9542f,4.328f,0f,0f,0f,1f],start_interpolation: 0,interpolation_duration: 1}
$data merge entity $(bone_eyelid_expressions_left7) {transformation: [-0.9932f,-0.0496f,0.1058f,-0.0543f,-0.0181f,0.9599f,0.2798f,3.3312f,-0.1154f,0.276f,-0.9542f,4.2891f,0f,0f,0f,1f],start_interpolation: 0,interpolation_duration: 1}
$data merge entity $(bone_eyelid_expressions_left6) {transformation: [-0.9932f,-0.0496f,0.1058f,0.0572f,-0.0181f,0.9599f,0.2798f,3.3333f,-0.1154f,0.276f,-0.9542f,4.3021f,0f,0f,0f,1f],start_interpolation: 0,interpolation_duration: 1}
$data merge entity $(bone_left_eye1) {transformation: [-0.9932f,-0.0496f,0.1058f,-0.1997f,-0.0181f,0.9599f,0.2798f,3.3196f,-0.1154f,0.276f,-0.9542f,3.6929f,0f,0f,0f,1f],start_interpolation: 0,interpolation_duration: 1}
$data merge entity $(bone_crest_middle5) {transformation: [-0.9932f,-0.0255f,0.114f,-0.3188f,-0.0181f,0.9977f,0.0654f,4.5164f,-0.1154f,0.0629f,-0.9913f,4.5302f,0f,0f,0f,1f],start_interpolation: 0,interpolation_duration: 1}
$data merge entity $(bone_crest_middle4) {transformation: [-0.9932f,-0.0255f,0.114f,-0.3016f,-0.0181f,0.9977f,0.0654f,3.8441f,-0.1154f,0.0629f,-0.9913f,4.4879f,0f,0f,0f,1f],start_interpolation: 0,interpolation_duration: 1}
$data merge entity $(bone_crest_middle1) {transformation: [-0.9932f,-0.0255f,0.114f,-0.2983f,-0.0181f,0.9977f,0.0654f,3.3344f,-0.1154f,0.0629f,-0.9913f,4.5396f,0f,0f,0f,1f],start_interpolation: 0,interpolation_duration: 1}
$data merge entity $(bone_crest_left5) {transformation: [-0.4918f,-0.8431f,0.2177f,-1.3944f,-0.8193f,0.5327f,0.2121f,3.8531f,-0.2948f,-0.0741f,-0.9527f,4.3201f,0f,0f,0f,1f],start_interpolation: 0,interpolation_duration: 1}
$data merge entity $(bone_crest_left4) {transformation: [-0.4918f,-0.8431f,0.2177f,-0.921f,-0.8193f,0.5327f,0.2121f,3.554f,-0.2948f,-0.0741f,-0.9527f,4.3617f,0f,0f,0f,1f],start_interpolation: 0,interpolation_duration: 1}
$data merge entity $(bone_crest_left1) {transformation: [-0.4918f,-0.8431f,0.2177f,-0.3881f,-0.8193f,0.5327f,0.2121f,3.2369f,-0.2948f,-0.0741f,-0.9527f,4.3539f,0f,0f,0f,1f],start_interpolation: 0,interpolation_duration: 1}
$data merge entity $(bone_crest_center1) {transformation: [-0.9932f,-0.0496f,0.1058f,-0.2751f,-0.0181f,0.9599f,0.2798f,3.2119f,-0.1154f,0.276f,-0.9542f,4.3592f,0f,0f,0f,1f],start_interpolation: 0,interpolation_duration: 1}
$data merge entity $(bone_crest_right5) {transformation: [-0.5754f,0.8178f,-0.001f,0.7995f,0.7998f,0.563f,0.2081f,3.8932f,0.1707f,0.119f,-0.9781f,4.5751f,0f,0f,0f,1f],start_interpolation: 0,interpolation_duration: 1}
$data merge entity $(bone_crest_right4) {transformation: [-0.5754f,0.8178f,-0.001f,0.3402f,0.7998f,0.563f,0.2081f,3.577f,0.1707f,0.119f,-0.9781f,4.5083f,0f,0f,0f,1f],start_interpolation: 0,interpolation_duration: 1}
$data merge entity $(bone_crest_right1) {transformation: [-0.5754f,0.8178f,-0.001f,-0.165f,0.7998f,0.563f,0.2081f,3.2409f,0.1707f,0.119f,-0.9781f,4.3799f,0f,0f,0f,1f],start_interpolation: 0,interpolation_duration: 1}
$data merge entity $(bone_head1) {transformation: [-1.041f,-0.052f,0.1109f,-0.1315f,-0.019f,1.0061f,0.2933f,3.4385f,-0.121f,0.2893f,-1.0002f,3.088f,0f,0f,0f,1f],start_interpolation: 0,interpolation_duration: 1}
$data merge entity $(bone_neck10) {transformation: [-1.4958f,-0.0523f,-0.044f,-0.1472f,-0.0581f,1.4806f,0.2161f,3.1483f,0.036f,0.2176f,-1.4811f,1.9675f,0f,0f,0f,1f],start_interpolation: 0,interpolation_duration: 1}
$data merge entity $(bone_neck9) {transformation: [-1.1443f,0.0023f,-0.0522f,-0.151f,-0.0445f,0.5584f,0.9992f,2.5417f,0.0275f,1.0002f,-0.5577f,0.8279f,0f,0f,0f,1f],start_interpolation: 0,interpolation_duration: 1}
$data merge entity $(bone_neck8) {transformation: [-1.062f,0.0146f,-0.0463f,-0.1681f,-0.0413f,0.2619f,1.0296f,2.3333f,0.0255f,1.0303f,-0.261f,-0.2198f,0f,0f,0f,1f],start_interpolation: 0,interpolation_duration: 1}
$data merge entity $(bone_neck7) {transformation: [-1.0524f,0.0719f,-0.0425f,-0.2408f,-0.0378f,0.0689f,1.0527f,2.2637f,0.0745f,1.051f,-0.0661f,-1.282f,0f,0f,0f,1f],start_interpolation: 0,interpolation_duration: 1}
$data merge entity $(bone_neck6) {transformation: [-1.0229f,0.2179f,-0.0898f,-0.4422f,-0.1348f,-0.2125f,1.0191f,2.474f,0.1933f,1.0046f,0.2351f,-2.2009f,0f,0f,0f,1f],start_interpolation: 0,interpolation_duration: 1}
$data merge entity $(bone_neck_spine6) {transformation: [-1.2548f,-0.175f,0.1222f,-0.6787f,0.0768f,0.3098f,1.2321f,4.1827f,-0.1991f,1.222f,-0.2949f,-5.8887f,0f,0f,0f,1f],start_interpolation: 0,interpolation_duration: 1}
$data merge entity $(bone_neck_spine7) {transformation: [-0.9507f,-0.2636f,0.1636f,0.1015f,0.0443f,0.4066f,0.9125f,3.3971f,-0.307f,0.8748f,-0.3749f,-9.3045f,0f,0f,0f,1f],start_interpolation: 0,interpolation_duration: 1}
$data merge entity $(bone_tail6) {transformation: [-1.7206f,0.0106f,-0.068f,0.5545f,-0.0684f,-0.46f,1.658f,3.9605f,-0.0079f,1.6594f,0.46f,-12.8245f,0f,0f,0f,1f],start_interpolation: 0,interpolation_duration: 1}
$data merge entity $(bone_tail5) {transformation: [-1.4214f,0.0184f,-0.0538f,0.5661f,-0.0565f,-0.612f,1.2829f,3.5739f,-0.0066f,1.284f,0.6123f,-12.0136f,0f,0f,0f,1f],start_interpolation: 0,interpolation_duration: 1}
$data merge entity $(bone_tail4) {transformation: [-1.0475f,0.0315f,-0.0192f,0.5797f,-0.0317f,-0.4933f,0.9243f,3.3625f,0.0188f,0.9243f,0.494f,-11.6175f,0f,0f,0f,1f],start_interpolation: 0,interpolation_duration: 1}
$data merge entity $(bone_segment18) {transformation: [-0.9948f,-0.1006f,-0.0183f,0.5231f,0.0314f,-0.4706f,0.8818f,3.0982f,-0.0973f,0.8766f,0.4713f,-11.1252f,0f,0f,0f,1f],start_interpolation: 0,interpolation_duration: 1}
$data merge entity $(bone_segment17) {transformation: [-0.9831f,-0.1832f,0.0059f,0.3894f,0.0518f,-0.2469f,0.9677f,2.918f,-0.1758f,0.9516f,0.2522f,-10.4306f,0f,0f,0f,1f],start_interpolation: 0,interpolation_duration: 1}
$data merge entity $(bone_segment16) {transformation: [-0.9653f,-0.2566f,0.0487f,0.1445f,0.0527f,-0.0084f,0.9986f,2.9099f,-0.2558f,0.9665f,0.0217f,-9.508f,0f,0f,0f,1f],start_interpolation: 0,interpolation_duration: 1}
$data merge entity $(bone_segment15) {transformation: [-0.9507f,-0.2969f,0.0898f,-0.2056f,0.0443f,0.1565f,0.9867f,3.0946f,-0.307f,0.942f,-0.1357f,-8.3972f,0f,0f,0f,1f],start_interpolation: 0,interpolation_duration: 1}
$data merge entity $(bone_segment14) {transformation: [-1.007f,-0.2709f,0.1065f,-0.5103f,0.0538f,0.2035f,1.0268f,3.3234f,-0.286f,0.9919f,-0.1816f,-7.2813f,0f,0f,0f,1f],start_interpolation: 0,interpolation_duration: 1}
$data merge entity $(bone_segment13) {transformation: [-1.0112f,-0.156f,0.0725f,-0.7001f,0.0619f,0.0735f,1.0212f,3.384f,-0.1605f,1.0111f,-0.063f,-6.0618f,0f,0f,0f,1f],start_interpolation: 0,interpolation_duration: 1}
$data merge entity $(bone_segment12) {transformation: [-1.114f,-0.0334f,0.0488f,-0.7405f,0.0521f,-0.1186f,1.108f,3.2408f,-0.028f,1.1087f,0.1199f,-4.7224f,0f,0f,0f,1f],start_interpolation: 0,interpolation_duration: 1}
$data merge entity $(bone_segment11) {transformation: [-1.1844f,0.1107f,0.046f,-0.6125f,0.0157f,-0.3095f,1.1494f,2.8831f,0.1189f,1.1442f,0.3064f,-3.4001f,0f,0f,0f,1f],start_interpolation: 0,interpolation_duration: 1}
$data merge entity $(bone_segment10) {transformation: [-1.0378f,0.1403f,0.0452f,-0.4347f,0f,-0.3211f,0.9978f,2.4927f,0.1474f,0.9879f,0.3179f,-2.1485f,0f,0f,0f,1f],start_interpolation: 0,interpolation_duration: 1}
data modify entity @s data merge value {"cameras":{},"locators":{"mouth":{"posx":-0.3879845080563053,"posy":2.6425044073427815,"posz":5.41969379765289,"roty":190.18873071798126,"rotx":73.71728301070115}}}