# This file was generated by Animated Java via MC-Build. It is not recommended to edit this file directly.
$data merge entity $(bone_neck_spine5) {transformation: [-1.5718f,-0.0203f,0.0313f,-0.0142f,0.0044f,1.2091f,1.0051f,3.2698f,-0.037f,1.0049f,-1.2087f,0.4545f,0f,0f,0f,1f],start_interpolation: 0,interpolation_duration: 1}
$data merge entity $(bone_neck_spine2) {transformation: [-1.497f,0.0074f,0.0347f,-0.1709f,0.0042f,1.4911f,-0.1374f,4.4361f,-0.0353f,-0.1372f,-1.4907f,2.4768f,0f,0f,0f,1f],start_interpolation: 0,interpolation_duration: 1}
$data merge entity $(bone_scale_neck_left1) {transformation: [-1.5898f,0.4106f,0.1309f,0.6113f,0.4305f,1.537f,0.4066f,3.5328f,-0.0208f,0.4266f,-1.5908f,2.5443f,0f,0f,0f,1f],start_interpolation: 0,interpolation_duration: 1}
$data merge entity $(bone_scale_neck_right1) {transformation: [-1.5914f,-0.4216f,-0.0536f,-0.9605f,-0.4215f,1.5394f,0.4071f,3.5373f,-0.0541f,0.407f,-1.5951f,2.5073f,0f,0f,0f,1f],start_interpolation: 0,interpolation_duration: 1}
$data merge entity $(bone_blush_right1) {transformation: [-0.9805f,-0.0187f,0.1959f,-1.0244f,0.0096f,0.9898f,0.1423f,3.2165f,-0.1965f,0.1414f,-0.9703f,3.7502f,0f,0f,0f,1f],start_interpolation: 0,interpolation_duration: 1}
$data merge entity $(bone_blush_left1) {transformation: [-0.9805f,-0.0187f,0.1959f,0.2749f,0.0096f,0.9898f,0.1423f,3.2039f,-0.1965f,0.1414f,-0.9703f,4.0106f,0f,0f,0f,1f],start_interpolation: 0,interpolation_duration: 1}
$data merge entity $(bone_left_head_scales) {transformation: [-0.9601f,-0.0187f,-0.279f,0.3493f,-0.0572f,0.9898f,0.1306f,3.9822f,0.2737f,0.1414f,-0.9514f,3.7346f,0f,0f,0f,1f],start_interpolation: 0,interpolation_duration: 1}
$data merge entity $(bone_left_head_scales2) {transformation: [-0.9155f,-0.0187f,-0.4019f,0.3331f,-0.0738f,0.9898f,0.122f,3.069f,0.3955f,0.1414f,-0.9075f,3.771f,0f,0f,0f,1f],start_interpolation: 0,interpolation_duration: 1}
$data merge entity $(bone_left_head_scales1) {transformation: [-0.9805f,-0.0187f,0.1959f,0.3514f,0.0096f,0.9898f,0.1423f,3.871f,-0.1965f,0.1414f,-0.9703f,3.7188f,0f,0f,0f,1f],start_interpolation: 0,interpolation_duration: 1}
$data merge entity $(bone_right_head_scales) {transformation: [-0.7792f,-0.0187f,0.6265f,-0.9721f,0.0742f,0.9898f,0.1218f,3.9951f,-0.6223f,0.1414f,-0.7699f,3.4698f,0f,0f,0f,1f],start_interpolation: 0,interpolation_duration: 1}
$data merge entity $(bone_right_head_scales2) {transformation: [-0.6908f,-0.0187f,0.7228f,-0.9883f,0.0894f,0.9898f,0.1111f,3.0818f,-0.7175f,0.1414f,-0.6821f,3.5062f,0f,0f,0f,1f],start_interpolation: 0,interpolation_duration: 1}
$data merge entity $(bone_right_head_scales1) {transformation: [-0.9805f,-0.0187f,0.1959f,-0.97f,0.0096f,0.9898f,0.1423f,3.8839f,-0.1965f,0.1414f,-0.9703f,3.4539f,0f,0f,0f,1f],start_interpolation: 0,interpolation_duration: 1}
$data merge entity $(bone_head_left_fin1) {transformation: [-0.6731f,0.1601f,-0.7874f,0.3757f,0.1486f,1.0342f,0.0832f,3.4662f,0.7896f,-0.0581f,-0.6869f,3.5775f,0f,0f,0f,1f],start_interpolation: 0,interpolation_duration: 1}
$data merge entity $(bone_head_right_fin1) {transformation: [-0.3195f,-0.1059f,0.9927f,-0.9456f,-0.1389f,1.0368f,0.0659f,3.4791f,-0.9886f,-0.1115f,-0.3301f,3.3126f,0f,0f,0f,1f],start_interpolation: 0,interpolation_duration: 1}
$data merge entity $(bone_right_whisker16) {transformation: [-0.1031f,-0.5043f,0.8574f,-1.0368f,0.986f,0.0616f,0.1548f,1.8732f,-0.1309f,0.8614f,0.4909f,1.6617f,0f,0f,0f,1f],start_interpolation: 0,interpolation_duration: 1}
$data merge entity $(bone_right_whisker15) {transformation: [0.5684f,-0.2301f,0.7899f,-1.2283f,0.2142f,0.9684f,0.128f,1.801f,-0.7944f,0.0965f,0.5997f,1.9293f,0f,0f,0f,1f],start_interpolation: 0,interpolation_duration: 1}
$data merge entity $(bone_right_whisker14) {transformation: [0.7633f,-0.0852f,0.6404f,-1.4855f,-0.3724f,0.7521f,0.5438f,1.9264f,-0.528f,-0.6536f,0.5423f,2.1072f,0f,0f,0f,1f],start_interpolation: 0,interpolation_duration: 1}
$data merge entity $(bone_right_whisker13) {transformation: [0.3592f,-0.3556f,0.8629f,-1.6065f,-0.0076f,0.9234f,0.3837f,1.929f,-0.9332f,-0.1444f,0.329f,2.4216f,0f,0f,0f,1f],start_interpolation: 0,interpolation_duration: 1}
$data merge entity $(bone_right_whisker12) {transformation: [-0.326f,-0.2113f,0.9215f,-1.4601f,-0.5011f,0.8651f,0.0211f,2.1541f,-0.8017f,-0.4549f,-0.3879f,2.7817f,0f,0f,0f,1f],start_interpolation: 0,interpolation_duration: 1}
$data merge entity $(bone_right_whisker11) {transformation: [-0.8267f,-0.1357f,0.5461f,-1.0887f,-0.2594f,0.9531f,-0.1559f,2.2706f,-0.4993f,-0.2706f,-0.8231f,3.006f,0f,0f,0f,1f],start_interpolation: 0,interpolation_duration: 1}
$data merge entity $(bone_right_whisker10) {transformation: [-0.3616f,-0.4724f,0.8038f,-0.9263f,-0.6379f,0.7541f,0.1562f,2.5572f,-0.68f,-0.4562f,-0.574f,3.3115f,0f,0f,0f,1f],start_interpolation: 0,interpolation_duration: 1}
$data merge entity $(bone_right_whisker1) {transformation: [0.1606f,-0.4489f,0.879f,-0.9984f,-0.8325f,0.4168f,0.365f,2.9311f,-0.5303f,-0.7904f,-0.3068f,3.5497f,0f,0f,0f,1f],start_interpolation: 0,interpolation_duration: 1}
$data merge entity $(bone_left_whisker16) {transformation: [-0.1641f,0.1344f,-0.9772f,1.0661f,-0.9834f,0.0554f,0.1727f,1.8527f,0.0773f,0.9894f,0.1231f,2.0832f,0f,0f,0f,1f],start_interpolation: 0,interpolation_duration: 1}
$data merge entity $(bone_left_whisker15) {transformation: [0.2142f,0.1933f,-0.9575f,1.1382f,-0.2219f,0.9642f,0.145f,1.7779f,0.9513f,0.1814f,0.2494f,2.4037f,0f,0f,0f,1f],start_interpolation: 0,interpolation_duration: 1}
$data merge entity $(bone_left_whisker14) {transformation: [0.5077f,0.3446f,-0.7896f,1.3093f,0.36f,0.7479f,0.5578f,1.8992f,0.7827f,-0.5674f,0.2556f,2.6674f,0f,0f,0f,1f],start_interpolation: 0,interpolation_duration: 1}
$data merge entity $(bone_left_whisker13) {transformation: [-0.0281f,0.401f,-0.9157f,1.2998f,0.0044f,0.9161f,0.401f,1.9007f,0.9996f,0.0072f,-0.0275f,3.0042f,0f,0f,0f,1f],start_interpolation: 0,interpolation_duration: 1}
$data merge entity $(bone_left_whisker12) {transformation: [-0.6003f,0.3864f,-0.7003f,1.0302f,0.5101f,0.8593f,0.0369f,2.1298f,0.616f,-0.3351f,-0.7129f,3.2809f,0f,0f,0f,1f],start_interpolation: 0,interpolation_duration: 1}
$data merge entity $(bone_left_whisker11) {transformation: [-0.9502f,0.2473f,-0.1895f,0.6033f,0.2768f,0.9494f,-0.1488f,2.2542f,0.1431f,-0.1938f,-0.9705f,3.3452f,0f,0f,0f,1f],start_interpolation: 0,interpolation_duration: 1}
$data merge entity $(bone_left_whisker10) {transformation: [-0.5837f,0.6257f,-0.5175f,0.3411f,0.6471f,0.7434f,0.1691f,2.5448f,0.4905f,-0.2361f,-0.8388f,3.5655f,0f,0f,0f,1f],start_interpolation: 0,interpolation_duration: 1}
$data merge entity $(bone_left_whisker1) {transformation: [-0.0406f,0.7266f,-0.6859f,0.3229f,0.8313f,0.4054f,0.3802f,2.9183f,0.5543f,-0.5548f,-0.6204f,3.8145f,0f,0f,0f,1f],start_interpolation: 0,interpolation_duration: 1}
$data merge entity $(bone_upper_left_tooth1) {transformation: [-0.9805f,-0.0016f,0.1968f,-0.2213f,0.0096f,0.9984f,0.0555f,3.194f,-0.1965f,0.0563f,-0.9789f,4.6854f,0f,0f,0f,1f],start_interpolation: 0,interpolation_duration: 1}
$data merge entity $(bone_upper_right_tooth1) {transformation: [-0.9805f,-0.0016f,0.1968f,-0.8819f,0.0096f,0.9984f,0.0555f,3.2005f,-0.1965f,0.0563f,-0.9789f,4.553f,0f,0f,0f,1f],start_interpolation: 0,interpolation_duration: 1}
$data merge entity $(bone_top_lip1) {transformation: [-0.9805f,0.0658f,0.1854f,-0.5243f,0.0096f,0.9572f,-0.2893f,3.3203f,-0.1965f,-0.2819f,-0.9391f,4.6316f,0f,0f,0f,1f],start_interpolation: 0,interpolation_duration: 1}
$data merge entity $(bone_muzzle1) {transformation: [-0.9805f,-0.0016f,0.1968f,-0.414f,0.0096f,0.9984f,0.0555f,3.5197f,-0.1965f,0.0563f,-0.9789f,4.0914f,0f,0f,0f,1f],start_interpolation: 0,interpolation_duration: 1}
$data merge entity $(bone_jaw_right_tooth1) {transformation: [-0.9805f,0.1253f,0.1517f,-0.8844f,0.0096f,0.8005f,-0.5993f,3.2357f,-0.1965f,-0.5861f,-0.786f,4.567f,0f,0f,0f,1f],start_interpolation: 0,interpolation_duration: 1}
$data merge entity $(bone_jaw_left_tooth1) {transformation: [-0.9805f,0.1253f,0.1517f,-0.1687f,0.0096f,0.8005f,-0.5993f,3.2287f,-0.1965f,-0.5861f,-0.786f,4.7105f,0f,0f,0f,1f],start_interpolation: 0,interpolation_duration: 1}
$data merge entity $(bone_tongue1) {transformation: [-0.9805f,0.0494f,0.1904f,-0.3739f,0.0096f,0.9788f,-0.2048f,3.0596f,-0.1965f,-0.199f,-0.9601f,3.8689f,0f,0f,0f,1f],start_interpolation: 0,interpolation_duration: 1}
$data merge entity $(bone_jaw_lips1) {transformation: [-0.9805f,0.0494f,0.1904f,-0.4964f,0.0096f,0.9788f,-0.2048f,3.1167f,-0.1965f,-0.199f,-0.9601f,4.7683f,0f,0f,0f,1f],start_interpolation: 0,interpolation_duration: 1}
$data merge entity $(bone_jaw3) {transformation: [-0.9805f,0.097f,0.1712f,-0.3507f,0.0096f,0.8924f,-0.4512f,2.6362f,-0.1965f,-0.4407f,-0.8759f,4.0185f,0f,0f,0f,1f],start_interpolation: 0,interpolation_duration: 1}
$data merge entity $(bone_jaw1) {transformation: [-0.9805f,-0.0524f,0.1896f,-0.1804f,0.0096f,0.95f,0.312f,2.9165f,-0.1965f,0.3077f,-0.931f,3.182f,0f,0f,0f,1f],start_interpolation: 0,interpolation_duration: 1}
$data merge entity $(bone_tear_right1) {transformation: [-0.9805f,-0.0187f,0.1959f,-0.9965f,0.0096f,0.9898f,0.1423f,3.5906f,-0.1965f,0.1414f,-0.9703f,3.9148f,0f,0f,0f,1f],start_interpolation: 0,interpolation_duration: 1}
$data merge entity $(bone_right_pupil1) {transformation: [-0.9805f,-0.0187f,0.1959f,-0.8301f,0.0096f,0.9898f,0.1423f,3.6904f,-0.1965f,0.1414f,-0.9703f,4.0325f,0f,0f,0f,1f],start_interpolation: 0,interpolation_duration: 1}
$data merge entity $(bone_right_sad_pupil1) {transformation: [-0.9805f,-0.0187f,0.1959f,-0.8279f,0.0096f,0.9898f,0.1423f,3.692f,-0.1965f,0.1414f,-0.9703f,4.0216f,0f,0f,0f,1f],start_interpolation: 0,interpolation_duration: 1}
$data merge entity $(bone_right_happy_pupil1) {transformation: [-0.9805f,-0.0187f,0.1959f,-0.8549f,0.0096f,0.9898f,0.1423f,3.6645f,-0.1965f,0.1414f,-0.9703f,4.0121f,0f,0f,0f,1f],start_interpolation: 0,interpolation_duration: 1}
$data merge entity $(bone_eyelid_right1) {transformation: [-0.9805f,-0.0187f,0.1959f,-0.2929f,0.0096f,0.9898f,0.1423f,3.7122f,-0.1965f,0.1414f,-0.9703f,3.5538f,0f,0f,0f,1f],start_interpolation: 0,interpolation_duration: 1}
$data merge entity $(bone_eyelid_expressions_right5) {transformation: [-0.9805f,-0.0187f,0.1959f,-0.9566f,0.0096f,0.9898f,0.1423f,3.8044f,-0.1965f,0.1414f,-0.9703f,4.0121f,0f,0f,0f,1f],start_interpolation: 0,interpolation_duration: 1}
$data merge entity $(bone_eyelid_expressions_right7) {transformation: [-0.9805f,-0.0187f,0.1959f,-0.6263f,0.0096f,0.9898f,0.1423f,3.8012f,-0.1965f,0.1414f,-0.9703f,4.0783f,0f,0f,0f,1f],start_interpolation: 0,interpolation_duration: 1}
$data merge entity $(bone_eyelid_expressions_right6) {transformation: [-0.9805f,-0.0187f,0.1959f,-0.7364f,0.0096f,0.9898f,0.1423f,3.8023f,-0.1965f,0.1414f,-0.9703f,4.0562f,0f,0f,0f,1f],start_interpolation: 0,interpolation_duration: 1}
$data merge entity $(bone_right_eye1) {transformation: [-0.9805f,-0.0187f,0.1959f,-0.3061f,0.0096f,0.9898f,0.1423f,3.7107f,-0.1965f,0.1414f,-0.9703f,3.5625f,0f,0f,0f,1f],start_interpolation: 0,interpolation_duration: 1}
$data merge entity $(bone_tear_left1) {transformation: [-0.9805f,-0.0187f,0.1959f,0.1927f,0.0096f,0.9898f,0.1423f,3.5791f,-0.1965f,0.1414f,-0.9703f,4.1532f,0f,0f,0f,1f],start_interpolation: 0,interpolation_duration: 1}
$data merge entity $(bone_left_sad_pupil1) {transformation: [-0.9805f,-0.0187f,0.1959f,-0.0021f,0.0096f,0.9898f,0.1423f,3.684f,-0.1965f,0.1414f,-0.9703f,4.1871f,0f,0f,0f,1f],start_interpolation: 0,interpolation_duration: 1}
$data merge entity $(bone_left_pupil1) {transformation: [-0.9805f,-0.0187f,0.1959f,-0.0043f,0.0096f,0.9898f,0.1423f,3.6824f,-0.1965f,0.1414f,-0.9703f,4.198f,0f,0f,0f,1f],start_interpolation: 0,interpolation_duration: 1}
$data merge entity $(bone_eyelid_left1) {transformation: [-0.9805f,-0.0187f,0.1959f,-0.315f,0.0096f,0.9898f,0.1423f,3.7124f,-0.1965f,0.1414f,-0.9703f,3.5494f,0f,0f,0f,1f],start_interpolation: 0,interpolation_duration: 1}
$data merge entity $(bone_left_happy_pupil1) {transformation: [-0.9805f,-0.0187f,0.1959f,0.026f,0.0096f,0.9898f,0.1423f,3.6559f,-0.1965f,0.1414f,-0.9703f,4.1887f,0f,0f,0f,1f],start_interpolation: 0,interpolation_duration: 1}
$data merge entity $(bone_eyelid_expressions_left5) {transformation: [-0.9805f,-0.0187f,0.1959f,0.1225f,0.0096f,0.9898f,0.1423f,3.7939f,-0.1965f,0.1414f,-0.9703f,4.2284f,0f,0f,0f,1f],start_interpolation: 0,interpolation_duration: 1}
$data merge entity $(bone_eyelid_expressions_left7) {transformation: [-0.9805f,-0.0187f,0.1959f,-0.2079f,0.0096f,0.9898f,0.1423f,3.7971f,-0.1965f,0.1414f,-0.9703f,4.1622f,0f,0f,0f,1f],start_interpolation: 0,interpolation_duration: 1}
$data merge entity $(bone_eyelid_expressions_left6) {transformation: [-0.9805f,-0.0187f,0.1959f,-0.0978f,0.0096f,0.9898f,0.1423f,3.7961f,-0.1965f,0.1414f,-0.9703f,4.1843f,0f,0f,0f,1f],start_interpolation: 0,interpolation_duration: 1}
$data merge entity $(bone_left_eye1) {transformation: [-0.9805f,-0.0187f,0.1959f,-0.3061f,0.0096f,0.9898f,0.1423f,3.7107f,-0.1965f,0.1414f,-0.9703f,3.5625f,0f,0f,0f,1f],start_interpolation: 0,interpolation_duration: 1}
$data merge entity $(bone_crest_middle5) {transformation: [-0.9805f,0.0241f,0.1953f,-0.4254f,0.0096f,0.9971f,-0.0753f,5.0144f,-0.1965f,-0.072f,-0.9779f,4.221f,0f,0f,0f,1f],start_interpolation: 0,interpolation_duration: 1}
$data merge entity $(bone_crest_middle4) {transformation: [-0.9805f,0.0241f,0.1953f,-0.4417f,0.0096f,0.9971f,-0.0753f,4.3426f,-0.1965f,-0.072f,-0.9779f,4.2695f,0f,0f,0f,1f],start_interpolation: 0,interpolation_duration: 1}
$data merge entity $(bone_crest_middle1) {transformation: [-0.9805f,0.0241f,0.1953f,-0.4704f,0.0096f,0.9971f,-0.0753f,3.845f,-0.1965f,-0.072f,-0.9779f,4.3882f,0f,0f,0f,1f],start_interpolation: 0,interpolation_duration: 1}
$data merge entity $(bone_crest_left5) {transformation: [-0.511f,-0.8042f,0.3034f,-1.5157f,-0.8296f,0.5538f,0.0706f,4.3762f,-0.2248f,-0.2157f,-0.9502f,4.0092f,0f,0f,0f,1f],start_interpolation: 0,interpolation_duration: 1}
$data merge entity $(bone_crest_left4) {transformation: [-0.511f,-0.8042f,0.3034f,-1.0641f,-0.8296f,0.5538f,0.0706f,4.0652f,-0.2248f,-0.2157f,-0.9502f,4.1303f,0f,0f,0f,1f],start_interpolation: 0,interpolation_duration: 1}
$data merge entity $(bone_crest_left1) {transformation: [-0.511f,-0.8042f,0.3034f,-0.5503f,-0.8296f,0.5538f,0.0706f,3.7271f,-0.2248f,-0.2157f,-0.9502f,4.2101f,0f,0f,0f,1f],start_interpolation: 0,interpolation_duration: 1}
$data merge entity $(bone_crest_center1) {transformation: [-0.9805f,-0.0187f,0.1959f,-0.4397f,0.0096f,0.9898f,0.1423f,3.6982f,-0.1965f,0.1414f,-0.9703f,4.2282f,0f,0f,0f,1f],start_interpolation: 0,interpolation_duration: 1}
$data merge entity $(bone_crest_right5) {transformation: [-0.5426f,0.8354f,0.0876f,0.6501f,0.8399f,0.5378f,0.0727f,4.3551f,0.0137f,0.113f,-0.9935f,4.4433f,0f,0f,0f,1f],start_interpolation: 0,interpolation_duration: 1}
$data merge entity $(bone_crest_right4) {transformation: [-0.5426f,0.8354f,0.0876f,0.181f,0.8399f,0.5378f,0.0727f,4.0531f,0.0137f,0.113f,-0.9935f,4.3798f,0f,0f,0f,1f],start_interpolation: 0,interpolation_duration: 1}
$data merge entity $(bone_crest_right1) {transformation: [-0.5426f,0.8354f,0.0876f,-0.3301f,0.8399f,0.5378f,0.0727f,3.7249f,0.0137f,0.113f,-0.9935f,4.2542f,0f,0f,0f,1f],start_interpolation: 0,interpolation_duration: 1}
$data merge entity $(bone_head1) {transformation: [-1.0277f,-0.0196f,0.2053f,-0.1841f,0.01f,1.0375f,0.1492f,3.7431f,-0.206f,0.1482f,-1.017f,2.9553f,0f,0f,0f,1f],start_interpolation: 0,interpolation_duration: 1}
$data merge entity $(bone_neck10) {transformation: [-1.497f,0.0029f,0.0354f,-0.1598f,0.0042f,1.4962f,0.0584f,3.3358f,-0.0353f,0.0585f,-1.4958f,1.8719f,0f,0f,0f,1f],start_interpolation: 0,interpolation_duration: 1}
$data merge entity $(bone_neck9) {transformation: [-1.1452f,-0.0202f,0.0182f,-0.1366f,0.0032f,0.6613f,0.9353f,2.6117f,-0.027f,0.9351f,-0.6611f,0.8033f,0f,0f,0f,1f],start_interpolation: 0,interpolation_duration: 1}
$data merge entity $(bone_neck8) {transformation: [-1.0629f,-0.0225f,0.0113f,-0.1134f,0.003f,0.3595f,1.0005f,2.3038f,-0.025f,1.0003f,-0.3594f,-0.2194f,0f,0f,0f,1f],start_interpolation: 0,interpolation_duration: 1}
$data merge entity $(bone_neck7) {transformation: [-1.0545f,0.0493f,0.006f,-0.1632f,0.012f,0.1291f,1.0477f,2.1733f,0.0482f,1.0466f,-0.1295f,-1.2771f,0f,0f,0f,1f],start_interpolation: 0,interpolation_duration: 1}
$data merge entity $(bone_neck6) {transformation: [-1.0341f,0.1746f,-0.0448f,-0.3242f,-0.0754f,-0.1815f,1.0311f,2.3553f,0.1638f,1.019f,0.1913f,-2.21f,0f,0f,0f,1f],start_interpolation: 0,interpolation_duration: 1}
$data merge entity $(bone_neck_spine6) {transformation: [-1.2715f,0.0307f,0.0489f,-0.8784f,0.0494f,0.0215f,1.2716f,4.5112f,0.0298f,1.2722f,-0.0227f,-5.5589f,0f,0f,0f,1f],start_interpolation: 0,interpolation_duration: 1}
$data merge entity $(bone_neck_spine7) {transformation: [-0.9813f,-0.1577f,0.1101f,-0.6956f,0.0429f,0.3786f,0.9246f,4.2776f,-0.1875f,0.912f,-0.3648f,-9.2247f,0f,0f,0f,1f],start_interpolation: 0,interpolation_duration: 1}
$data merge entity $(bone_tail6) {transformation: [-1.6632f,-0.4448f,-0.0341f,0.3347f,-0.0236f,-0.044f,1.7213f,4.2014f,-0.4455f,1.663f,0.0364f,-12.8358f,0f,0f,0f,1f],start_interpolation: 0,interpolation_duration: 1}
$data merge entity $(bone_tail5) {transformation: [-1.374f,-0.357f,-0.0916f,0.1092f,-0.0195f,-0.2827f,1.394f,4.0229f,-0.368f,1.3477f,0.2682f,-11.9847f,0f,0f,0f,1f],start_interpolation: 0,interpolation_duration: 1}
$data merge entity $(bone_tail4) {transformation: [-1.0176f,-0.244f,-0.0603f,0.0046f,0.001f,-0.2551f,1.0166f,3.9136f,-0.2514f,0.9869f,0.2479f,-11.5617f,0f,0f,0f,1f],start_interpolation: 0,interpolation_duration: 1}
$data merge entity $(bone_segment18) {transformation: [-0.9321f,-0.3575f,-0.0575f,-0.1961f,0.0327f,-0.2412f,0.9699f,3.7781f,-0.3606f,0.9022f,0.2365f,-11.0551f,0f,0f,0f,1f],start_interpolation: 0,interpolation_duration: 1}
$data merge entity $(bone_segment17) {transformation: [-0.9494f,-0.3141f,0.0018f,-0.4254f,0.0286f,-0.0809f,0.9963f,3.7191f,-0.3128f,0.9459f,0.0858f,-10.3646f,0f,0f,0f,1f],start_interpolation: 0,interpolation_duration: 1}
$data merge entity $(bone_segment16) {transformation: [-0.9639f,-0.2608f,0.0531f,-0.6743f,0.0328f,0.0816f,0.9961f,3.7969f,-0.2641f,0.9619f,-0.0701f,-9.4463f,0f,0f,0f,1f],start_interpolation: 0,interpolation_duration: 1}
$data merge entity $(bone_segment15) {transformation: [-0.9813f,-0.1808f,0.0656f,-0.8875f,0.0429f,0.1264f,0.991f,3.946f,-0.1875f,0.9754f,-0.1163f,-8.2962f,0f,0f,0f,1f],start_interpolation: 0,interpolation_duration: 1}
$data merge entity $(bone_segment14) {transformation: [-1.046f,-0.0423f,0.0532f,-0.9352f,0.0515f,0.041f,1.0461f,3.9921f,-0.0443f,1.0465f,-0.0388f,-7.1188f,0f,0f,0f,1f],start_interpolation: 0,interpolation_duration: 1}
$data merge entity $(bone_segment13) {transformation: [-1.0247f,0.0175f,0.0431f,-0.9153f,0.0398f,-0.1609f,1.0122f,3.7706f,0.024f,1.0129f,0.16f,-5.9033f,0f,0f,0f,1f],start_interpolation: 0,interpolation_duration: 1}
$data merge entity $(bone_segment12) {transformation: [-1.1044f,0.1495f,0.0493f,-0.7347f,-0.0003f,-0.3518f,1.0586f,3.3456f,0.1574f,1.048f,0.3483f,-4.6373f,0f,0f,0f,1f],start_interpolation: 0,interpolation_duration: 1}
$data merge entity $(bone_segment11) {transformation: [-1.1683f,0.2188f,0.0652f,-0.4819f,-0.0257f,-0.4637f,1.0961f,2.8097f,0.2269f,1.0744f,0.4598f,-3.3957f,0f,0f,0f,1f],start_interpolation: 0,interpolation_duration: 1}
$data merge entity $(bone_segment10) {transformation: [-1.039f,0.1299f,0.0471f,-0.3172f,0f,-0.3571f,0.9855f,2.3737f,0.1381f,0.9769f,0.354f,-2.1574f,0f,0f,0f,1f],start_interpolation: 0,interpolation_duration: 1}
data modify entity @s data merge value {"cameras":{},"locators":{"mouth":{"posx":-0.6668204973064247,"posy":3.284055103048105,"posz":5.3411359320518885,"roty":187.53238257057194,"rotx":81.80071254626071}}}