# This file was generated by Animated Java via MC-Build. It is not recommended to edit this file directly.
$data merge entity $(bone_neck_spine5) {transformation: [-1.5655f,0.0973f,0.109f,0.3697f,0.137f,1.3855f,0.7305f,3.7788f,-0.0508f,0.7369f,-1.388f,0.1798f,0f,0f,0f,1f],start_interpolation: 0,interpolation_duration: 1}
$data merge entity $(bone_neck_spine2) {transformation: [-1.4909f,0.1389f,0.0078f,0.3372f,0.1305f,1.425f,-0.4411f,5.3422f,-0.0484f,-0.4385f,-1.4309f,1.9201f,0f,0f,0f,1f],start_interpolation: 0,interpolation_duration: 1}
$data merge entity $(bone_scale_neck_left1) {transformation: [-1.5452f,0.5501f,0.1511f,1.0365f,0.5573f,1.5488f,0.0602f,4.4056f,-0.122f,0.1076f,-1.6391f,2.1773f,0f,0f,0f,1f],start_interpolation: 0,interpolation_duration: 1}
$data merge entity $(bone_scale_neck_right1) {transformation: [-1.6231f,-0.2787f,-0.0326f,-0.529f,-0.28f,1.6214f,0.0763f,4.5426f,0.0192f,0.0807f,-1.645f,2.1265f,0f,0f,0f,1f],start_interpolation: 0,interpolation_duration: 1}
$data merge entity $(bone_blush_right1) {transformation: [-0.9945f,0.0772f,0.0708f,-0.4938f,0.0814f,0.9949f,0.0588f,4.3688f,-0.0659f,0.0643f,-0.9958f,3.4673f,0f,0f,0f,1f],start_interpolation: 0,interpolation_duration: 1}
$data merge entity $(bone_blush_left1) {transformation: [-0.9945f,0.0772f,0.0708f,0.8241f,0.0814f,0.9949f,0.0588f,4.2609f,-0.0659f,0.0643f,-0.9958f,3.5546f,0f,0f,0f,1f],start_interpolation: 0,interpolation_duration: 1}
$data merge entity $(bone_left_head_scales) {transformation: [-0.9148f,0.0772f,-0.3965f,0.9194f,0.045f,0.9949f,0.0898f,5.0094f,0.4014f,0.0643f,-0.9137f,3.2109f,0f,0f,0f,1f],start_interpolation: 0,interpolation_duration: 1}
$data merge entity $(bone_left_head_scales2) {transformation: [-0.8552f,0.0772f,-0.5125f,0.8381f,0.0329f,0.9949f,0.0949f,4.1056f,0.5172f,0.0643f,-0.8535f,3.3209f,0f,0f,0f,1f],start_interpolation: 0,interpolation_duration: 1}
$data merge entity $(bone_left_head_scales1) {transformation: [-0.9945f,0.0772f,0.0708f,0.9107f,0.0814f,0.9949f,0.0588f,4.8977f,-0.0659f,0.0643f,-0.9958f,3.2036f,0f,0f,0f,1f],start_interpolation: 0,interpolation_duration: 1}
$data merge entity $(bone_right_head_scales) {transformation: [-0.8495f,0.0772f,0.522f,-0.4209f,0.0993f,0.9949f,0.0146f,5.1191f,-0.5182f,0.0643f,-0.8528f,3.1221f,0f,0f,0f,1f],start_interpolation: 0,interpolation_duration: 1}
$data merge entity $(bone_right_head_scales2) {transformation: [-0.7741f,0.0772f,0.6284f,-0.5021f,0.1004f,0.9949f,0.0015f,4.2153f,-0.6251f,0.0643f,-0.7779f,3.2321f,0f,0f,0f,1f],start_interpolation: 0,interpolation_duration: 1}
$data merge entity $(bone_right_head_scales1) {transformation: [-0.9945f,0.0772f,0.0708f,-0.4295f,0.0814f,0.9949f,0.0588f,5.0073f,-0.0659f,0.0643f,-0.9958f,3.1149f,0f,0f,0f,1f],start_interpolation: 0,interpolation_duration: 1}
$data merge entity $(bone_head_left_fin1) {transformation: [-0.5446f,0.2296f,-0.8657f,0.8842f,0.2595f,1.0101f,0.1047f,4.4836f,0.8572f,-0.16f,-0.5816f,3.0927f,0f,0f,0f,1f],start_interpolation: 0,interpolation_duration: 1}
$data merge entity $(bone_head_right_fin1) {transformation: [-0.4623f,-0.0402f,0.9398f,-0.4561f,-0.1771f,1.0322f,-0.043f,4.5933f,-0.9239f,-0.1778f,-0.4621f,3.004f,0f,0f,0f,1f],start_interpolation: 0,interpolation_duration: 1}
$data merge entity $(bone_right_whisker16) {transformation: [-0.044f,-0.3746f,0.9261f,-0.8971f,0.9801f,0.1633f,0.1126f,2.8934f,-0.1934f,0.9127f,0.36f,1.511f,0f,0f,0f,1f],start_interpolation: 0,interpolation_duration: 1}
$data merge entity $(bone_right_whisker15) {transformation: [0.4683f,-0.1395f,0.8725f,-1.0549f,0.1099f,0.989f,0.0991f,2.8564f,-0.8767f,0.0494f,0.4785f,1.8063f,0f,0f,0f,1f],start_interpolation: 0,interpolation_duration: 1}
$data merge entity $(bone_right_whisker14) {transformation: [0.6524f,-0.1163f,0.7489f,-1.2747f,-0.4721f,0.7107f,0.5216f,3.0155f,-0.5929f,-0.6938f,0.4087f,2.0061f,0f,0f,0f,1f],start_interpolation: 0,interpolation_duration: 1}
$data merge entity $(bone_right_whisker13) {transformation: [0.2256f,-0.2999f,0.9269f,-1.3507f,-0.1019f,0.9389f,0.3286f,3.0498f,-0.9689f,-0.1686f,0.1813f,2.3325f,0f,0f,0f,1f],start_interpolation: 0,interpolation_duration: 1}
$data merge entity $(bone_right_whisker12) {transformation: [-0.4708f,-0.2047f,0.8581f,-1.1392f,-0.5239f,0.8475f,-0.0853f,3.2852f,-0.7098f,-0.4898f,-0.5063f,2.6514f,0f,0f,0f,1f],start_interpolation: 0,interpolation_duration: 1}
$data merge entity $(bone_right_whisker11) {transformation: [-0.905f,-0.0979f,0.4139f,-0.7326f,-0.2198f,0.9408f,-0.2581f,3.3839f,-0.3641f,-0.3245f,-0.873f,2.8149f,0f,0f,0f,1f],start_interpolation: 0,interpolation_duration: 1}
$data merge entity $(bone_right_whisker10) {transformation: [-0.4997f,-0.4712f,0.7268f,-0.5081f,-0.6485f,0.7597f,0.0467f,3.6752f,-0.5741f,-0.448f,-0.6853f,3.0729f,0f,0f,0f,1f],start_interpolation: 0,interpolation_duration: 1}
$data merge entity $(bone_right_whisker1) {transformation: [0.0215f,-0.5201f,0.8539f,-0.5178f,-0.8772f,0.3999f,0.2657f,4.0693f,-0.4796f,-0.7547f,-0.4476f,3.2883f,0f,0f,0f,1f],start_interpolation: 0,interpolation_duration: 1}
$data merge entity $(bone_left_whisker16) {transformation: [-0.227f,0.2733f,-0.9348f,1.236f,-0.958f,0.1103f,0.2649f,2.7189f,0.1754f,0.9556f,0.2367f,1.6522f,0f,0f,0f,1f],start_interpolation: 0,interpolation_duration: 1}
$data merge entity $(bone_left_whisker15) {transformation: [0.3254f,0.29f,-0.9f,1.3456f,-0.1748f,0.9539f,0.2442f,2.66f,0.9293f,0.0779f,0.3611f,1.9653f,0f,0f,0f,1f],start_interpolation: 0,interpolation_duration: 1}
$data merge entity $(bone_left_whisker14) {transformation: [0.6368f,0.3197f,-0.7016f,1.5602f,0.3666f,0.675f,0.6403f,2.7835f,0.6783f,-0.6649f,0.3127f,2.1938f,0f,0f,0f,1f],start_interpolation: 0,interpolation_duration: 1}
$data merge entity $(bone_left_whisker13) {transformation: [0.1103f,0.4674f,-0.8771f,1.5973f,0.0744f,0.8762f,0.4763f,2.8086f,0.9911f,-0.1178f,0.0618f,2.5277f,0f,0f,0f,1f],start_interpolation: 0,interpolation_duration: 1}
$data merge entity $(bone_left_whisker12) {transformation: [-0.4687f,0.4015f,-0.7868f,1.3868f,0.6008f,0.7979f,0.0493f,3.0785f,0.6476f,-0.4496f,-0.6152f,2.8186f,0f,0f,0f,1f],start_interpolation: 0,interpolation_duration: 1}
$data merge entity $(bone_left_whisker11) {transformation: [-0.8973f,0.2906f,-0.3322f,0.9837f,0.3673f,0.909f,-0.197f,3.2435f,0.2448f,-0.2988f,-0.9224f,2.9286f,0f,0f,0f,1f],start_interpolation: 0,interpolation_duration: 1}
$data merge entity $(bone_left_whisker10) {transformation: [-0.459f,0.6426f,-0.6135f,0.7775f,0.727f,0.6686f,0.1563f,3.5701f,0.5107f,-0.3743f,-0.7741f,3.158f,0f,0f,0f,1f],start_interpolation: 0,interpolation_duration: 1}
$data merge entity $(bone_left_whisker1) {transformation: [0.1002f,0.6723f,-0.7335f,0.8225f,0.8673f,0.3023f,0.3956f,3.9596f,0.4877f,-0.6758f,-0.5527f,3.3771f,0f,0f,0f,1f],start_interpolation: 0,interpolation_duration: 1}
$data merge entity $(bone_upper_left_tooth1) {transformation: [-0.9945f,0.083f,0.0638f,0.4263f,0.0814f,0.9963f,-0.0281f,4.3399f,-0.0659f,-0.0228f,-0.9976f,4.2875f,0f,0f,0f,1f],start_interpolation: 0,interpolation_duration: 1}
$data merge entity $(bone_upper_right_tooth1) {transformation: [-0.9945f,0.083f,0.0638f,-0.2438f,0.0814f,0.9963f,-0.0281f,4.3947f,-0.0659f,-0.0228f,-0.9976f,4.2431f,0f,0f,0f,1f],start_interpolation: 0,interpolation_duration: 1}
$data merge entity $(bone_top_lip1) {transformation: [-0.9945f,0.0998f,0.0315f,0.1294f,0.0814f,0.9266f,-0.3672f,4.4881f,-0.0659f,-0.3626f,-0.9296f,4.2644f,0f,0f,0f,1f],start_interpolation: 0,interpolation_duration: 1}
$data merge entity $(bone_muzzle1) {transformation: [-0.9945f,0.083f,0.0638f,0.1792f,0.0814f,0.9963f,-0.0281f,4.6401f,-0.0659f,-0.0228f,-0.9976f,3.7004f,0f,0f,0f,1f],start_interpolation: 0,interpolation_duration: 1}
$data merge entity $(bone_jaw_right_tooth1) {transformation: [-0.9945f,0.1046f,-0.0045f,-0.2416f,0.0814f,0.7451f,-0.6619f,4.4308f,-0.0659f,-0.6587f,-0.7495f,4.2546f,0f,0f,0f,1f],start_interpolation: 0,interpolation_duration: 1}
$data merge entity $(bone_jaw_left_tooth1) {transformation: [-0.9945f,0.1046f,-0.0045f,0.4843f,0.0814f,0.7451f,-0.6619f,4.3714f,-0.0659f,-0.6587f,-0.7495f,4.3027f,0f,0f,0f,1f],start_interpolation: 0,interpolation_duration: 1}
$data merge entity $(bone_tongue1) {transformation: [-0.9945f,0.0967f,0.0401f,0.1528f,0.0814f,0.9551f,-0.285f,4.1643f,-0.0659f,-0.2802f,-0.9577f,3.5114f,0f,0f,0f,1f],start_interpolation: 0,interpolation_duration: 1}
$data merge entity $(bone_jaw_lips1) {transformation: [-0.9945f,0.0967f,0.0401f,0.1601f,0.0814f,0.9551f,-0.285f,4.2925f,-0.0659f,-0.2802f,-0.9577f,4.4117f,0f,0f,0f,1f],start_interpolation: 0,interpolation_duration: 1}
$data merge entity $(bone_jaw3) {transformation: [-0.9945f,0.1038f,0.0137f,0.1637f,0.0814f,0.8488f,-0.5225f,3.7516f,-0.0659f,-0.5185f,-0.8525f,3.6895f,0f,0f,0f,1f],start_interpolation: 0,interpolation_duration: 1}
$data merge entity $(bone_jaw1) {transformation: [-0.9945f,0.0637f,0.0831f,0.2383f,0.0814f,0.9696f,0.2307f,3.9588f,-0.0659f,0.2362f,-0.9695f,2.8184f,0f,0f,0f,1f],start_interpolation: 0,interpolation_duration: 1}
$data merge entity $(bone_tear_right1) {transformation: [-0.9945f,0.0772f,0.0708f,-0.4148f,0.0814f,0.9949f,0.0588f,4.7493f,-0.0659f,0.0643f,-0.9958f,3.5969f,0f,0f,0f,1f],start_interpolation: 0,interpolation_duration: 1}
$data merge entity $(bone_right_pupil1) {transformation: [-0.9945f,0.0772f,0.0708f,-0.2266f,0.0814f,0.9949f,0.0588f,4.842f,-0.0659f,0.0643f,-0.9958f,3.6835f,0f,0f,0f,1f],start_interpolation: 0,interpolation_duration: 1}
$data merge entity $(bone_right_sad_pupil1) {transformation: [-0.9945f,0.0772f,0.0708f,-0.2258f,0.0814f,0.9949f,0.0588f,4.8427f,-0.0659f,0.0643f,-0.9958f,3.6723f,0f,0f,0f,1f],start_interpolation: 0,interpolation_duration: 1}
$data merge entity $(bone_right_happy_pupil1) {transformation: [-0.9945f,0.0772f,0.0708f,-0.2559f,0.0814f,0.9949f,0.0588f,4.817f,-0.0659f,0.0643f,-0.9958f,3.6686f,0f,0f,0f,1f],start_interpolation: 0,interpolation_duration: 1}
$data merge entity $(bone_eyelid_right1) {transformation: [-0.9945f,0.0772f,0.0708f,0.2396f,0.0814f,0.9949f,0.0588f,4.7847f,-0.0659f,0.0643f,-0.9958f,3.138f,0f,0f,0f,1f],start_interpolation: 0,interpolation_duration: 1}
$data merge entity $(bone_eyelid_expressions_right5) {transformation: [-0.9945f,0.0772f,0.0708f,-0.3456f,0.0814f,0.9949f,0.0588f,4.9649f,-0.0659f,0.0643f,-0.9958f,3.671f,0f,0f,0f,1f],start_interpolation: 0,interpolation_duration: 1}
$data merge entity $(bone_eyelid_expressions_right7) {transformation: [-0.9945f,0.0772f,0.0708f,-0.0106f,0.0814f,0.9949f,0.0588f,4.9375f,-0.0659f,0.0643f,-0.9958f,3.6932f,0f,0f,0f,1f],start_interpolation: 0,interpolation_duration: 1}
$data merge entity $(bone_eyelid_expressions_right6) {transformation: [-0.9945f,0.0772f,0.0708f,-0.1222f,0.0814f,0.9949f,0.0588f,4.9466f,-0.0659f,0.0643f,-0.9958f,3.6858f,0f,0f,0f,1f],start_interpolation: 0,interpolation_duration: 1}
$data merge entity $(bone_right_eye1) {transformation: [-0.9945f,0.0772f,0.0708f,0.2276f,0.0814f,0.9949f,0.0588f,4.7849f,-0.0659f,0.0643f,-0.9958f,3.1484f,0f,0f,0f,1f],start_interpolation: 0,interpolation_duration: 1}
$data merge entity $(bone_tear_left1) {transformation: [-0.9945f,0.0772f,0.0708f,0.7914f,0.0814f,0.9949f,0.0588f,4.6506f,-0.0659f,0.0643f,-0.9958f,3.6768f,0f,0f,0f,1f],start_interpolation: 0,interpolation_duration: 1}
$data merge entity $(bone_left_sad_pupil1) {transformation: [-0.9945f,0.0772f,0.0708f,0.6118f,0.0814f,0.9949f,0.0588f,4.7741f,-0.0659f,0.0643f,-0.9958f,3.7277f,0f,0f,0f,1f],start_interpolation: 0,interpolation_duration: 1}
$data merge entity $(bone_left_pupil1) {transformation: [-0.9945f,0.0772f,0.0708f,0.611f,0.0814f,0.9949f,0.0588f,4.7735f,-0.0659f,0.0643f,-0.9958f,3.7389f,0f,0f,0f,1f],start_interpolation: 0,interpolation_duration: 1}
$data merge entity $(bone_eyelid_left1) {transformation: [-0.9945f,0.0772f,0.0708f,0.2172f,0.0814f,0.9949f,0.0588f,4.7865f,-0.0659f,0.0643f,-0.9958f,3.1365f,0f,0f,0f,1f],start_interpolation: 0,interpolation_duration: 1}
$data merge entity $(bone_left_happy_pupil1) {transformation: [-0.9945f,0.0772f,0.0708f,0.6376f,0.0814f,0.9949f,0.0588f,4.7439f,-0.0659f,0.0643f,-0.9958f,3.7278f,0f,0f,0f,1f],start_interpolation: 0,interpolation_duration: 1}
$data merge entity $(bone_eyelid_expressions_left5) {transformation: [-0.9945f,0.0772f,0.0708f,0.7489f,0.0814f,0.9949f,0.0588f,4.8754f,-0.0659f,0.0643f,-0.9958f,3.7435f,0f,0f,0f,1f],start_interpolation: 0,interpolation_duration: 1}
$data merge entity $(bone_eyelid_expressions_left7) {transformation: [-0.9945f,0.0772f,0.0708f,0.4139f,0.0814f,0.9949f,0.0588f,4.9028f,-0.0659f,0.0643f,-0.9958f,3.7213f,0f,0f,0f,1f],start_interpolation: 0,interpolation_duration: 1}
$data merge entity $(bone_eyelid_expressions_left6) {transformation: [-0.9945f,0.0772f,0.0708f,0.5255f,0.0814f,0.9949f,0.0588f,4.8936f,-0.0659f,0.0643f,-0.9958f,3.7287f,0f,0f,0f,1f],start_interpolation: 0,interpolation_duration: 1}
$data merge entity $(bone_left_eye1) {transformation: [-0.9945f,0.0772f,0.0708f,0.2276f,0.0814f,0.9949f,0.0588f,4.7849f,-0.0659f,0.0643f,-0.9958f,3.1484f,0f,0f,0f,1f],start_interpolation: 0,interpolation_duration: 1}
$data merge entity $(bone_crest_middle5) {transformation: [-0.9945f,0.0906f,0.0524f,0.3008f,0.0814f,0.9841f,-0.1579f,6.1356f,-0.0659f,-0.1528f,-0.9861f,3.7122f,0f,0f,0f,1f],start_interpolation: 0,interpolation_duration: 1}
$data merge entity $(bone_crest_middle4) {transformation: [-0.9945f,0.0906f,0.0524f,0.2397f,0.0814f,0.9841f,-0.1579f,5.4725f,-0.0659f,-0.1528f,-0.9861f,3.8152f,0f,0f,0f,1f],start_interpolation: 0,interpolation_duration: 1}
$data merge entity $(bone_crest_middle1) {transformation: [-0.9945f,0.0906f,0.0524f,0.1895f,0.0814f,0.9841f,-0.1579f,4.9884f,-0.0659f,-0.1528f,-0.9861f,3.9754f,0f,0f,0f,1f],start_interpolation: 0,interpolation_duration: 1}
$data merge entity $(bone_crest_left5) {transformation: [-0.5994f,-0.7812f,0.1742f,-0.8541f,-0.7954f,0.6057f,-0.0204f,5.5816f,-0.0896f,-0.1508f,-0.9845f,3.6967f,0f,0f,0f,1f],start_interpolation: 0,interpolation_duration: 1}
$data merge entity $(bone_crest_left4) {transformation: [-0.5994f,-0.7812f,0.1742f,-0.4154f,-0.7954f,0.6057f,-0.0204f,5.2414f,-0.0896f,-0.1508f,-0.9845f,3.7814f,0f,0f,0f,1f],start_interpolation: 0,interpolation_duration: 1}
$data merge entity $(bone_crest_left1) {transformation: [-0.5994f,-0.7812f,0.1742f,0.0769f,-0.7954f,0.6057f,-0.0204f,4.8661f,-0.0896f,-0.1508f,-0.9845f,3.8192f,0f,0f,0f,1f],start_interpolation: 0,interpolation_duration: 1}
$data merge entity $(bone_crest_center1) {transformation: [-0.9945f,0.0772f,0.0708f,0.1864f,0.0814f,0.9949f,0.0588f,4.8291f,-0.0659f,0.0643f,-0.9958f,3.8248f,0f,0f,0f,1f],start_interpolation: 0,interpolation_duration: 1}
$data merge entity $(bone_crest_right5) {transformation: [-0.4693f,0.8819f,-0.0447f,1.3427f,0.8829f,0.4696f,-0.0025f,5.4018f,0.0188f,-0.0407f,-0.999f,3.8422f,0f,0f,0f,1f],start_interpolation: 0,interpolation_duration: 1}
$data merge entity $(bone_crest_right4) {transformation: [-0.4693f,0.8819f,-0.0447f,0.8475f,0.8829f,0.4696f,-0.0025f,5.1381f,0.0188f,-0.0407f,-0.999f,3.865f,0f,0f,0f,1f],start_interpolation: 0,interpolation_duration: 1}
$data merge entity $(bone_crest_right1) {transformation: [-0.4693f,0.8819f,-0.0447f,0.3003f,0.8829f,0.4696f,-0.0025f,4.8479f,0.0188f,-0.0407f,-0.999f,3.834f,0f,0f,0f,1f],start_interpolation: 0,interpolation_duration: 1}
$data merge entity $(bone_head1) {transformation: [-1.0424f,0.0809f,0.0742f,0.267f,0.0853f,1.0429f,0.0617f,4.7654f,-0.069f,0.0674f,-1.0437f,2.5298f,0f,0f,0f,1f],start_interpolation: 0,interpolation_duration: 1}
$data merge entity $(bone_neck10) {transformation: [-1.4909f,0.1367f,0.0259f,0.2444f,0.1305f,1.4704f,-0.2513f,4.1452f,-0.0484f,-0.2479f,-1.4759f,1.5526f,0f,0f,0f,1f],start_interpolation: 0,interpolation_duration: 1}
$data merge entity $(bone_neck9) {transformation: [-1.1406f,0.0479f,0.0951f,0.1925f,0.0998f,0.8373f,0.7754f,3.2193f,-0.037f,0.7803f,-0.8378f,0.6544f,0f,0f,0f,1f],start_interpolation: 0,interpolation_duration: 1}
$data merge entity $(bone_neck8) {transformation: [-1.0585f,0.0234f,0.096f,0.1741f,0.0926f,0.594f,0.8769f,2.6695f,-0.0344f,0.8814f,-0.5934f,-0.2615f,0f,0f,0f,1f],start_interpolation: 0,interpolation_duration: 1}
$data merge entity $(bone_neck7) {transformation: [-1.0509f,-0.0184f,0.0981f,0.1927f,0.0852f,0.3748f,0.9832f,2.2907f,-0.052f,0.9867f,-0.3717f,-1.2587f,0f,0f,0f,1f],start_interpolation: 0,interpolation_duration: 1}
$data merge entity $(bone_neck6) {transformation: [-1.0295f,-0.152f,0.1373f,0.3343f,0.1331f,0.039f,1.0405f,2.2704f,-0.1557f,1.0379f,-0.019f,-2.212f,0f,0f,0f,1f],start_interpolation: 0,interpolation_duration: 1}
$data merge entity $(bone_neck_spine6) {transformation: [-1.2364f,0.299f,-0.0437f,0.3338f,-0.1546f,-0.4674f,1.1737f,4.2875f,0.2597f,1.1455f,0.4903f,-5.2727f,0f,0f,0f,1f],start_interpolation: 0,interpolation_duration: 1}
$data merge entity $(bone_neck_spine7) {transformation: [-0.9515f,0.2596f,-0.1651f,-0.7343f,-0.1633f,0.0283f,0.9862f,5.5278f,0.2607f,0.9653f,0.0155f,-8.5845f,0f,0f,0f,1f],start_interpolation: 0,interpolation_duration: 1}
$data merge entity $(bone_tail6) {transformation: [-1.7068f,-0.137f,-0.1829f,-0.7461f,-0.2249f,0.763f,1.5272f,4.6423f,-0.0405f,1.5376f,-0.7742f,-12.4687f,0f,0f,0f,1f],start_interpolation: 0,interpolation_duration: 1}
$data merge entity $(bone_tail5) {transformation: [-1.4099f,-0.0852f,-0.1685f,-0.8f,-0.1858f,0.4017f,1.3519f,4.896f,-0.0334f,1.362f,-0.4093f,-11.6085f,0f,0f,0f,1f],start_interpolation: 0,interpolation_duration: 1}
$data merge entity $(bone_tail4) {transformation: [-1.0419f,-0.041f,-0.1072f,-0.8176f,-0.1139f,0.2519f,1.0111f,5.004f,-0.0138f,1.0166f,-0.2548f,-11.1728f,0f,0f,0f,1f],start_interpolation: 0,interpolation_duration: 1}
$data merge entity $(bone_segment18) {transformation: [-0.9804f,-0.1685f,-0.1023f,-0.9122f,-0.1391f,0.224f,0.9646f,5.1298f,-0.1397f,0.9599f,-0.2431f,-10.6338f,0f,0f,0f,1f],start_interpolation: 0,interpolation_duration: 1}
$data merge entity $(bone_segment17) {transformation: [-0.9919f,-0.0098f,-0.1267f,-0.9193f,-0.1271f,0.0935f,0.9875f,5.198f,0.0022f,0.9956f,-0.094f,-9.907f,0f,0f,0f,1f],start_interpolation: 0,interpolation_duration: 1}
$data merge entity $(bone_segment16) {transformation: [-0.9804f,0.1509f,-0.1267f,-0.7753f,-0.1341f,-0.0393f,0.9902f,5.1605f,0.1444f,0.9878f,0.0587f,-8.9641f,0f,0f,0f,1f],start_interpolation: 0,interpolation_duration: 1}
$data merge entity $(bone_segment15) {transformation: [-0.9515f,0.2935f,-0.0922f,-0.4292f,-0.1633f,-0.2279f,0.9599f,4.8918f,0.2607f,0.9284f,0.2648f,-7.8693f,0f,0f,0f,1f],start_interpolation: 0,interpolation_duration: 1}
$data merge entity $(bone_segment14) {transformation: [-0.9818f,0.3655f,-0.0325f,-0.018f,-0.1908f,-0.429f,0.9371f,4.4092f,0.3135f,0.8837f,0.4684f,-6.8751f,0f,0f,0f,1f],start_interpolation: 0,interpolation_duration: 1}
$data merge entity $(bone_segment13) {transformation: [-0.9964f,0.2434f,0.0071f,0.275f,-0.1246f,-0.5352f,0.8661f,3.7409f,0.2093f,0.8405f,0.5494f,-5.8779f,0f,0f,0f,1f],start_interpolation: 0,interpolation_duration: 1}
$data merge entity $(bone_segment12) {transformation: [-1.1045f,0.1567f,-0.0032f,0.4643f,-0.0813f,-0.5532f,0.9653f,3.0726f,0.134f,0.956f,0.5591f,-4.723f,0f,0f,0f,1f],start_interpolation: 0,interpolation_duration: 1}
$data merge entity $(bone_segment11) {transformation: [-1.1901f,0.0001f,-0.0269f,0.4645f,-0.0249f,-0.4478f,1.1027f,2.5551f,-0.01f,1.103f,0.4477f,-3.4483f,0f,0f,0f,1f],start_interpolation: 0,interpolation_duration: 1}
$data merge entity $(bone_segment10) {transformation: [-1.0424f,-0.1072f,-0.0233f,0.3287f,0f,-0.2228f,1.0242f,2.2891f,-0.1098f,1.0186f,0.2216f,-2.1594f,0f,0f,0f,1f],start_interpolation: 0,interpolation_duration: 1}
data modify entity @s data merge value {"cameras":{},"locators":{"mouth":{"posx":0.0835367145694595,"posy":4.512384751273813,"posz":4.987095200114621,"roty":129.78833393097435,"rotx":84.23729361221311}}}