# This file was generated by Animated Java via MC-Build. It is not recommended to edit this file directly.
$data merge entity $(bone_neck_spine5) {transformation: [-1.5668f,0.1225f,0.0448f,0.3805f,0.1292f,1.3836f,0.7355f,4.0081f,0.0179f,0.7366f,-1.3889f,0.1477f,0f,0f,0f,1f],start_interpolation: 0,interpolation_duration: 1}
$data merge entity $(bone_neck_spine2) {transformation: [-1.4922f,0.1127f,-0.0523f,0.4162f,0.1231f,1.4271f,-0.4365f,5.5658f,0.017f,-0.4393f,-1.4314f,1.8931f,0f,0f,0f,1f],start_interpolation: 0,interpolation_duration: 1}
$data merge entity $(bone_scale_neck_left1) {transformation: [-1.5518f,0.5466f,0.0793f,1.1306f,0.5498f,1.5513f,0.0662f,4.632f,-0.0527f,0.0888f,-1.6439f,2.1164f,0f,0f,0f,1f],start_interpolation: 0,interpolation_duration: 1}
$data merge entity $(bone_scale_neck_right1) {transformation: [-1.6193f,-0.283f,-0.1046f,-0.4362f,-0.2883f,1.6197f,0.0814f,4.7612f,0.0889f,0.0983f,-1.6418f,2.1343f,0f,0f,0f,1f],start_interpolation: 0,interpolation_duration: 1}
$data merge entity $(bone_blush_right1) {transformation: [-0.9927f,0.104f,-0.0615f,-0.261f,0.093f,0.9827f,0.1604f,4.5f,0.0772f,0.1535f,-0.9851f,3.4898f,0f,0f,0f,1f],start_interpolation: 0,interpolation_duration: 1}
$data merge entity $(bone_blush_left1) {transformation: [-0.9927f,0.104f,-0.0615f,1.0545f,0.093f,0.9827f,0.1604f,4.3767f,0.0772f,0.1535f,-0.9851f,3.3876f,0f,0f,0f,1f],start_interpolation: 0,interpolation_duration: 1}
$data merge entity $(bone_left_head_scales) {transformation: [-0.8521f,0.104f,-0.513f,1.1174f,0.0084f,0.9827f,0.1852f,5.1561f,0.5233f,0.1535f,-0.8382f,3.1115f,0f,0f,0f,1f],start_interpolation: 0,interpolation_duration: 1}
$data merge entity $(bone_left_head_scales2) {transformation: [-0.7778f,0.104f,-0.6198f,1.0343f,-0.0158f,0.9827f,0.1847f,4.2462f,0.6283f,0.1535f,-0.7627f,3.1396f,0f,0f,0f,1f],start_interpolation: 0,interpolation_duration: 1}
$data merge entity $(bone_left_head_scales1) {transformation: [-0.9927f,0.104f,-0.0615f,1.1057f,0.093f,0.9827f,0.1604f,5.0457f,0.0772f,0.1535f,-0.9851f,3.0943f,0f,0f,0f,1f],start_interpolation: 0,interpolation_duration: 1}
$data merge entity $(bone_right_head_scales) {transformation: [-0.9089f,0.104f,0.4038f,-0.2204f,0.1565f,0.9827f,0.0993f,5.2814f,-0.3864f,0.1535f,-0.9095f,3.2155f,0f,0f,0f,1f],start_interpolation: 0,interpolation_duration: 1}
$data merge entity $(bone_right_head_scales2) {transformation: [-0.8485f,0.104f,0.519f,-0.3035f,0.1682f,0.9827f,0.078f,4.3715f,-0.5018f,0.1535f,-0.8512f,3.2435f,0f,0f,0f,1f],start_interpolation: 0,interpolation_duration: 1}
$data merge entity $(bone_right_head_scales1) {transformation: [-0.9927f,0.104f,-0.0615f,-0.2321f,0.093f,0.9827f,0.1604f,5.171f,0.0772f,0.1535f,-0.9851f,3.1982f,0f,0f,0f,1f],start_interpolation: 0,interpolation_duration: 1}
$data merge entity $(bone_head_left_fin1) {transformation: [-0.4203f,0.2255f,-0.9334f,1.0567f,0.173f,1.02f,0.1685f,4.6454f,0.9445f,-0.0865f,-0.4463f,2.9467f,0f,0f,0f,1f],start_interpolation: 0,interpolation_duration: 1}
$data merge entity $(bone_head_right_fin1) {transformation: [-0.5847f,-0.0438f,0.8688f,-0.2811f,-0.0789f,1.0452f,-0.0004f,4.7707f,-0.8664f,-0.0656f,-0.5863f,3.0506f,0f,0f,0f,1f],start_interpolation: 0,interpolation_duration: 1}
$data merge entity $(bone_right_whisker16) {transformation: [-0.0507f,-0.2464f,0.9678f,-0.9495f,0.995f,0.0707f,0.0701f,3.2355f,-0.0857f,0.9666f,0.2416f,1.4665f,0f,0f,0f,1f],start_interpolation: 0,interpolation_duration: 1}
$data merge entity $(bone_right_whisker15) {transformation: [0.3492f,-0.1128f,0.9302f,-1.0672f,0.1968f,0.9794f,0.0448f,3.1692f,-0.9161f,0.1674f,0.3643f,1.7752f,0f,0f,0f,1f],start_interpolation: 0,interpolation_duration: 1}
$data merge entity $(bone_right_whisker14) {transformation: [0.5584f,-0.1942f,0.8066f,-1.2553f,-0.4122f,0.7788f,0.4729f,3.308f,-0.72f,-0.5965f,0.3548f,2.0178f,0f,0f,0f,1f],start_interpolation: 0,interpolation_duration: 1}
$data merge entity $(bone_right_whisker13) {transformation: [0.0924f,-0.3018f,0.9489f,-1.2864f,-0.003f,0.9529f,0.3034f,3.3091f,-0.9957f,-0.0309f,0.0872f,2.3532f,0f,0f,0f,1f],start_interpolation: 0,interpolation_duration: 1}
$data merge entity $(bone_right_whisker12) {transformation: [-0.5712f,-0.252f,0.7812f,-1.0299f,-0.4458f,0.8944f,-0.0374f,3.5093f,-0.6892f,-0.3696f,-0.6232f,2.6629f,0f,0f,0f,1f],start_interpolation: 0,interpolation_duration: 1}
$data merge entity $(bone_right_whisker11) {transformation: [-0.9495f,-0.1224f,0.2888f,-0.6033f,-0.1765f,0.9696f,-0.1693f,3.5886f,-0.2593f,-0.2117f,-0.9423f,2.7793f,0f,0f,0f,1f],start_interpolation: 0,interpolation_duration: 1}
$data merge entity $(bone_right_whisker10) {transformation: [-0.5841f,-0.5122f,0.6296f,-0.3409f,-0.5835f,0.8042f,0.1129f,3.8507f,-0.5642f,-0.3014f,-0.7686f,3.0328f,0f,0f,0f,1f],start_interpolation: 0,interpolation_duration: 1}
$data merge entity $(bone_right_whisker1) {transformation: [-0.0593f,-0.6083f,0.7915f,-0.3143f,-0.8234f,0.478f,0.3057f,4.2206f,-0.5643f,-0.6336f,-0.5293f,3.2863f,0f,0f,0f,1f],start_interpolation: 0,interpolation_duration: 1}
$data merge entity $(bone_left_whisker16) {transformation: [-0.2198f,0.4003f,-0.8896f,1.1796f,-0.9697f,0.0101f,0.2441f,3.036f,0.1067f,0.9163f,0.3859f,1.3011f,0f,0f,0f,1f],start_interpolation: 0,interpolation_duration: 1}
$data merge entity $(bone_left_whisker15) {transformation: [0.4431f,0.3159f,-0.839f,1.3289f,-0.271f,0.9393f,0.2106f,2.9447f,0.8545f,0.1341f,0.5018f,1.589f,0f,0f,0f,1f],start_interpolation: 0,interpolation_duration: 1}
$data merge entity $(bone_left_whisker14) {transformation: [0.7284f,0.2409f,-0.6414f,1.5743f,0.2916f,0.738f,0.6085f,3.043f,0.62f,-0.6303f,0.4673f,1.7978f,0f,0f,0f,1f],start_interpolation: 0,interpolation_duration: 1}
$data merge entity $(bone_left_whisker13) {transformation: [0.2428f,0.4642f,-0.8518f,1.6561f,-0.0284f,0.8811f,0.472f,3.0334f,0.9697f,-0.0905f,0.2271f,2.1245f,0f,0f,0f,1f],start_interpolation: 0,interpolation_duration: 1}
$data merge entity $(bone_left_whisker12) {transformation: [-0.3666f,0.3531f,-0.8608f,1.4914f,0.5336f,0.8377f,0.1164f,3.2731f,0.7621f,-0.4167f,-0.4955f,2.4669f,0f,0f,0f,1f],start_interpolation: 0,interpolation_duration: 1}
$data merge entity $(bone_left_whisker11) {transformation: [-0.8495f,0.2654f,-0.4559f,1.1098f,0.345f,0.9333f,-0.0995f,3.4281f,0.3991f,-0.2418f,-0.8844f,2.6462f,0f,0f,0f,1f],start_interpolation: 0,interpolation_duration: 1}
$data merge entity $(bone_left_whisker10) {transformation: [-0.3729f,0.5996f,-0.7082f,0.9423f,0.6731f,0.7001f,0.2382f,3.7305f,0.6386f,-0.3878f,-0.6647f,2.9331f,0f,0f,0f,1f],start_interpolation: 0,interpolation_duration: 1}
$data merge entity $(bone_left_whisker1) {transformation: [0.1809f,0.5818f,-0.793f,1.0235f,0.8121f,0.3665f,0.4541f,4.0953f,0.5548f,-0.7261f,-0.4062f,3.1823f,0f,0f,0f,1f],start_interpolation: 0,interpolation_duration: 1}
$data merge entity $(bone_upper_left_tooth1) {transformation: [-0.9927f,0.0982f,-0.0704f,0.7596f,0.093f,0.9929f,0.0741f,4.3821f,0.0772f,0.067f,-0.9948f,4.1715f,0f,0f,0f,1f],start_interpolation: 0,interpolation_duration: 1}
$data merge entity $(bone_upper_right_tooth1) {transformation: [-0.9927f,0.0982f,-0.0704f,0.0907f,0.093f,0.9929f,0.0741f,4.4448f,0.0772f,0.067f,-0.9948f,4.2235f,0f,0f,0f,1f],start_interpolation: 0,interpolation_duration: 1}
$data merge entity $(bone_top_lip1) {transformation: [-0.9927f,0.0682f,-0.0997f,0.4651f,0.093f,0.9584f,-0.2699f,4.5335f,0.0772f,-0.2772f,-0.9577f,4.2036f,0f,0f,0f,1f],start_interpolation: 0,interpolation_duration: 1}
$data merge entity $(bone_muzzle1) {transformation: [-0.9927f,0.0982f,-0.0704f,0.4422f,0.093f,0.9929f,0.0741f,4.7424f,0.0772f,0.067f,-0.9948f,3.6563f,0f,0f,0f,1f],start_interpolation: 0,interpolation_duration: 1}
$data merge entity $(bone_jaw_right_tooth1) {transformation: [-0.9927f,0.03f,-0.117f,0.0951f,0.093f,0.8083f,-0.5814f,4.4795f,0.0772f,-0.5881f,-0.8051f,4.2382f,0f,0f,0f,1f],start_interpolation: 0,interpolation_duration: 1}
$data merge entity $(bone_jaw_left_tooth1) {transformation: [-0.9927f,0.03f,-0.117f,0.8197f,0.093f,0.8083f,-0.5814f,4.4117f,0.0772f,-0.5881f,-0.8051f,4.1818f,0f,0f,0f,1f],start_interpolation: 0,interpolation_duration: 1}
$data merge entity $(bone_tongue1) {transformation: [-0.9927f,0.0767f,-0.0934f,0.3817f,0.093f,0.9783f,-0.1854f,4.2886f,0.0772f,-0.1927f,-0.9782f,3.4256f,0f,0f,0f,1f],start_interpolation: 0,interpolation_duration: 1}
$data merge entity $(bone_jaw_lips1) {transformation: [-0.9927f,0.0767f,-0.0934f,0.5115f,0.093f,0.9783f,-0.1854f,4.3236f,0.0772f,-0.1927f,-0.9782f,4.325f,0f,0f,0f,1f],start_interpolation: 0,interpolation_duration: 1}
$data merge entity $(bone_jaw3) {transformation: [-0.9927f,0.0499f,-0.1101f,0.4084f,0.093f,0.8969f,-0.4323f,3.8597f,0.0772f,-0.4393f,-0.895f,3.5579f,0f,0f,0f,1f],start_interpolation: 0,interpolation_duration: 1}
$data merge entity $(bone_jaw1) {transformation: [-0.9927f,0.1131f,-0.0426f,0.3702f,0.093f,0.9399f,0.3286f,4.1549f,0.0772f,0.3222f,-0.9435f,2.7102f,0f,0f,0f,1f],start_interpolation: 0,interpolation_duration: 1}
$data merge entity $(bone_tear_right1) {transformation: [-0.9927f,0.104f,-0.0615f,-0.1581f,0.093f,0.9827f,0.1604f,4.8648f,0.0772f,0.1535f,-0.9851f,3.6454f,0f,0f,0f,1f],start_interpolation: 0,interpolation_duration: 1}
$data merge entity $(bone_right_pupil1) {transformation: [-0.9927f,0.104f,-0.0615f,0.0416f,0.093f,0.9827f,0.1604f,4.9471f,0.0772f,0.1535f,-0.9851f,3.7147f,0f,0f,0f,1f],start_interpolation: 0,interpolation_duration: 1}
$data merge entity $(bone_right_sad_pupil1) {transformation: [-0.9927f,0.104f,-0.0615f,0.0409f,0.093f,0.9827f,0.1604f,4.9489f,0.0772f,0.1535f,-0.9851f,3.7036f,0f,0f,0f,1f],start_interpolation: 0,interpolation_duration: 1}
$data merge entity $(bone_right_happy_pupil1) {transformation: [-0.9927f,0.104f,-0.0615f,0.0101f,0.093f,0.9827f,0.1604f,4.9239f,0.0772f,0.1535f,-0.9851f,3.7015f,0f,0f,0f,1f],start_interpolation: 0,interpolation_duration: 1}
$data merge entity $(bone_eyelid_right1) {transformation: [-0.9927f,0.104f,-0.0615f,0.4297f,0.093f,0.9827f,0.1604f,4.9436f,0.0772f,0.1535f,-0.9851f,3.1085f,0f,0f,0f,1f],start_interpolation: 0,interpolation_duration: 1}
$data merge entity $(bone_eyelid_expressions_right5) {transformation: [-0.9927f,0.104f,-0.0615f,-0.0756f,0.093f,0.9827f,0.1604f,5.0713f,0.0772f,0.1535f,-0.9851f,3.7308f,0f,0f,0f,1f],start_interpolation: 0,interpolation_duration: 1}
$data merge entity $(bone_eyelid_expressions_right7) {transformation: [-0.9927f,0.104f,-0.0615f,0.2588f,0.093f,0.9827f,0.1604f,5.0399f,0.0772f,0.1535f,-0.9851f,3.7048f,0f,0f,0f,1f],start_interpolation: 0,interpolation_duration: 1}
$data merge entity $(bone_eyelid_expressions_right6) {transformation: [-0.9927f,0.104f,-0.0615f,0.1474f,0.093f,0.9827f,0.1604f,5.0504f,0.0772f,0.1535f,-0.9851f,3.7135f,0f,0f,0f,1f],start_interpolation: 0,interpolation_duration: 1}
$data merge entity $(bone_right_eye1) {transformation: [-0.9927f,0.104f,-0.0615f,0.4193f,0.093f,0.9827f,0.1604f,4.9428f,0.0772f,0.1535f,-0.9851f,3.1204f,0f,0f,0f,1f],start_interpolation: 0,interpolation_duration: 1}
$data merge entity $(bone_tear_left1) {transformation: [-0.9927f,0.104f,-0.0615f,1.0459f,0.093f,0.9827f,0.1604f,4.752f,0.0772f,0.1535f,-0.9851f,3.5518f,0f,0f,0f,1f],start_interpolation: 0,interpolation_duration: 1}
$data merge entity $(bone_left_sad_pupil1) {transformation: [-0.9927f,0.104f,-0.0615f,0.877f,0.093f,0.9827f,0.1604f,4.8706f,0.0772f,0.1535f,-0.9851f,3.6386f,0f,0f,0f,1f],start_interpolation: 0,interpolation_duration: 1}
$data merge entity $(bone_left_pupil1) {transformation: [-0.9927f,0.104f,-0.0615f,0.8777f,0.093f,0.9827f,0.1604f,4.8688f,0.0772f,0.1535f,-0.9851f,3.6497f,0f,0f,0f,1f],start_interpolation: 0,interpolation_duration: 1}
$data merge entity $(bone_eyelid_left1) {transformation: [-0.9927f,0.104f,-0.0615f,0.4074f,0.093f,0.9827f,0.1604f,4.9457f,0.0772f,0.1535f,-0.9851f,3.1102f,0f,0f,0f,1f],start_interpolation: 0,interpolation_duration: 1}
$data merge entity $(bone_left_happy_pupil1) {transformation: [-0.9927f,0.104f,-0.0615f,0.902f,0.093f,0.9827f,0.1604f,4.8404f,0.0772f,0.1535f,-0.9851f,3.6322f,0f,0f,0f,1f],start_interpolation: 0,interpolation_duration: 1}
$data merge entity $(bone_eyelid_expressions_left5) {transformation: [-0.9927f,0.104f,-0.0615f,1.0169f,0.093f,0.9827f,0.1604f,4.9689f,0.0772f,0.1535f,-0.9851f,3.6459f,0f,0f,0f,1f],start_interpolation: 0,interpolation_duration: 1}
$data merge entity $(bone_eyelid_expressions_left7) {transformation: [-0.9927f,0.104f,-0.0615f,0.6825f,0.093f,0.9827f,0.1604f,5.0003f,0.0772f,0.1535f,-0.9851f,3.6719f,0f,0f,0f,1f],start_interpolation: 0,interpolation_duration: 1}
$data merge entity $(bone_eyelid_expressions_left6) {transformation: [-0.9927f,0.104f,-0.0615f,0.794f,0.093f,0.9827f,0.1604f,4.9898f,0.0772f,0.1535f,-0.9851f,3.6632f,0f,0f,0f,1f],start_interpolation: 0,interpolation_duration: 1}
$data merge entity $(bone_left_eye1) {transformation: [-0.9927f,0.104f,-0.0615f,0.4193f,0.093f,0.9827f,0.1604f,4.9428f,0.0772f,0.1535f,-0.9851f,3.1204f,0f,0f,0f,1f],start_interpolation: 0,interpolation_duration: 1}
$data merge entity $(bone_crest_middle5) {transformation: [-0.9927f,0.0882f,-0.0826f,0.5927f,0.093f,0.9941f,-0.0561f,6.228f,0.0772f,-0.0634f,-0.995f,3.8027f,0f,0f,0f,1f],start_interpolation: 0,interpolation_duration: 1}
$data merge entity $(bone_crest_middle4) {transformation: [-0.9927f,0.0882f,-0.0826f,0.5333f,0.093f,0.9941f,-0.0561f,5.5582f,0.0772f,-0.0634f,-0.995f,3.8454f,0f,0f,0f,1f],start_interpolation: 0,interpolation_duration: 1}
$data merge entity $(bone_crest_middle1) {transformation: [-0.9927f,0.0882f,-0.0826f,0.4957f,0.093f,0.9941f,-0.0561f,5.0605f,0.0772f,-0.0634f,-0.995f,3.9613f,0f,0f,0f,1f],start_interpolation: 0,interpolation_duration: 1}
$data merge entity $(bone_crest_left5) {transformation: [-0.6211f,-0.7827f,0.041f,-0.5643f,-0.7788f,0.6222f,0.0799f,5.6847f,-0.088f,0.0177f,-0.996f,3.8869f,0f,0f,0f,1f],start_interpolation: 0,interpolation_duration: 1}
$data merge entity $(bone_crest_left4) {transformation: [-0.6211f,-0.7827f,0.041f,-0.1248f,-0.7788f,0.6222f,0.0799f,5.3354f,-0.088f,0.0177f,-0.996f,3.877f,0f,0f,0f,1f],start_interpolation: 0,interpolation_duration: 1}
$data merge entity $(bone_crest_left1) {transformation: [-0.6211f,-0.7827f,0.041f,0.3609f,-0.7788f,0.6222f,0.0799f,4.9556f,-0.088f,0.0177f,-0.996f,3.8101f,0f,0f,0f,1f],start_interpolation: 0,interpolation_duration: 1}
$data merge entity $(bone_crest_center1) {transformation: [-0.9927f,0.104f,-0.0615f,0.4695f,0.093f,0.9827f,0.1604f,4.9175f,0.0772f,0.1535f,-0.9851f,3.7971f,0f,0f,0f,1f],start_interpolation: 0,interpolation_duration: 1}
$data merge entity $(bone_crest_right5) {transformation: [-0.4457f,0.8774f,-0.1776f,1.6285f,0.8787f,0.4667f,0.1003f,5.4793f,0.1709f,-0.1113f,-0.979f,3.7165f,0f,0f,0f,1f],start_interpolation: 0,interpolation_duration: 1}
$data merge entity $(bone_crest_right4) {transformation: [-0.4457f,0.8774f,-0.1776f,1.1358f,0.8787f,0.4667f,0.1003f,5.2173f,0.1709f,-0.1113f,-0.979f,3.779f,0f,0f,0f,1f],start_interpolation: 0,interpolation_duration: 1}
$data merge entity $(bone_crest_right1) {transformation: [-0.4457f,0.8774f,-0.1776f,0.5839f,0.8787f,0.4667f,0.1003f,4.9347f,0.1709f,-0.1113f,-0.979f,3.7928f,0f,0f,0f,1f],start_interpolation: 0,interpolation_duration: 1}
$data merge entity $(bone_head1) {transformation: [-1.0405f,0.109f,-0.0645f,0.3754f,0.0975f,1.03f,0.1681f,4.9867f,0.0809f,0.1609f,-1.0326f,2.5033f,0f,0f,0f,1f],start_interpolation: 0,interpolation_duration: 1}
$data merge entity $(bone_neck10) {transformation: [-1.4922f,0.1185f,-0.0372f,0.3134f,0.1231f,1.4718f,-0.2465f,4.3695f,0.017f,-0.2487f,-1.4765f,1.5259f,0f,0f,0f,1f],start_interpolation: 0,interpolation_duration: 1}
$data merge entity $(bone_neck9) {transformation: [-1.1416f,0.0778f,0.0546f,0.227f,0.0941f,0.835f,0.7785f,3.4462f,0.013f,0.7803f,-0.8385f,0.6277f,0f,0f,0f,1f],start_interpolation: 0,interpolation_duration: 1}
$data merge entity $(bone_neck8) {transformation: [-1.0595f,0.0608f,0.0639f,0.1694f,0.0874f,0.6176f,0.8609f,2.8719f,0.0121f,0.8632f,-0.6205f,-0.2713f,0f,0f,0f,1f],start_interpolation: 0,interpolation_duration: 1}
$data merge entity $(bone_neck7) {transformation: [-1.0529f,-0.0172f,0.0743f,0.1868f,0.0606f,0.4345f,0.9602f,2.4328f,-0.0462f,0.962f,-0.4323f,-1.2435f,0f,0f,0f,1f],start_interpolation: 0,interpolation_duration: 1}
$data merge entity $(bone_neck6) {transformation: [-1.0241f,-0.1849f,0.1369f,0.3586f,0.1189f,0.1089f,1.0372f,2.3482f,-0.1969f,1.0275f,-0.0853f,-2.1883f,0f,0f,0f,1f],start_interpolation: 0,interpolation_duration: 1}
$data merge entity $(bone_neck_spine6) {transformation: [-1.2641f,0.1361f,-0.0589f,0.7879f,-0.1037f,-0.45f,1.186f,3.9344f,0.106f,1.1828f,0.458f,-5.3942f,0f,0f,0f,1f],start_interpolation: 0,interpolation_duration: 1}
$data merge entity $(bone_neck_spine7) {transformation: [-0.953f,0.268f,-0.1416f,0.0904f,-0.1785f,-0.1189f,0.9767f,5.3672f,0.2449f,0.9561f,0.1611f,-8.6251f,0f,0f,0f,1f],start_interpolation: 0,interpolation_duration: 1}
$data merge entity $(bone_tail6) {transformation: [-1.62f,0.3168f,-0.4904f,-0.7709f,-0.2744f,0.8636f,1.4643f,4.5552f,0.5153f,1.4557f,-0.762f,-12.434f,0f,0f,0f,1f],start_interpolation: 0,interpolation_duration: 1}
$data merge entity $(bone_tail5) {transformation: [-1.3383f,0.3281f,-0.3535f,-0.5637f,-0.2267f,0.4925f,1.3151f,4.8663f,0.4257f,1.2936f,-0.4111f,-11.617f,0f,0f,0f,1f],start_interpolation: 0,interpolation_duration: 1}
$data merge entity $(bone_tail4) {transformation: [-0.9866f,0.2686f,-0.2304f,-0.4486f,-0.1434f,0.3204f,0.9876f,5.0036f,0.3236f,0.9612f,-0.2649f,-11.2051f,0f,0f,0f,1f],start_interpolation: 0,interpolation_duration: 1}
$data merge entity $(bone_segment18) {transformation: [-0.9667f,0.1312f,-0.2198f,-0.3749f,-0.1756f,0.2852f,0.9422f,5.1638f,0.1863f,0.9494f,-0.2527f,-10.672f,0f,0f,0f,1f],start_interpolation: 0,interpolation_duration: 1}
$data merge entity $(bone_segment17) {transformation: [-0.9608f,0.2077f,-0.1836f,-0.2233f,-0.1737f,0.0652f,0.9826f,5.2114f,0.216f,0.976f,-0.0266f,-9.9595f,0f,0f,0f,1f],start_interpolation: 0,interpolation_duration: 1}
$data merge entity $(bone_segment16) {transformation: [-0.953f,0.2734f,-0.1307f,0.0377f,-0.1785f,-0.1581f,0.9711f,5.0604f,0.2449f,0.9488f,0.1995f,-9.0538f,0f,0f,0f,1f],start_interpolation: 0,interpolation_duration: 1}
$data merge entity $(bone_segment15) {transformation: [-0.953f,0.2955f,-0.0674f,0.3861f,-0.1785f,-0.3676f,0.9127f,4.6269f,0.2449f,0.8818f,0.4031f,-8.014f,0f,0f,0f,1f],start_interpolation: 0,interpolation_duration: 1}
$data merge entity $(bone_segment14) {transformation: [-1.0227f,0.2283f,-0.0263f,0.6429f,-0.1414f,-0.5307f,0.8927f,4.0298f,0.1812f,0.8746f,0.5486f,-7.0301f,0f,0f,0f,1f],start_interpolation: 0,interpolation_duration: 1}
$data merge entity $(bone_segment13) {transformation: [-1.0187f,0.1162f,-0.0277f,0.7837f,-0.0836f,-0.5231f,0.8783f,3.3758f,0.0854f,0.8746f,0.529f,-5.9912f,0f,0f,0f,1f],start_interpolation: 0,interpolation_duration: 1}
$data merge entity $(bone_segment12) {transformation: [-1.1141f,-0.0339f,-0.0461f,0.7428f,-0.0286f,-0.45f,1.0204f,2.8321f,-0.0496f,1.0202f,0.4486f,-4.7588f,0f,0f,0f,1f],start_interpolation: 0,interpolation_duration: 1}
$data merge entity $(bone_segment11) {transformation: [-1.1774f,-0.1708f,-0.0422f,0.5454f,0f,-0.2857f,1.1556f,2.502f,-0.176f,1.143f,0.2825f,-3.4379f,0f,0f,0f,1f],start_interpolation: 0,interpolation_duration: 1}
$data merge entity $(bone_segment10) {transformation: [-1.0367f,-0.1539f,-0.0176f,0.3508f,0f,-0.1189f,1.0414f,2.3674f,-0.1549f,1.03f,0.1176f,-2.1361f,0f,0f,0f,1f],start_interpolation: 0,interpolation_duration: 1}
data modify entity @s data merge value {"cameras":{},"locators":{"mouth":{"posx":0.5165115560315702,"posy":4.483720548329945,"posz":4.924682671441753,"roty":145.88344281381904,"rotx":79.31658308952191}}}