# This file was generated by Animated Java via MC-Build. It is not recommended to edit this file directly.
$data merge entity $(bone_neck_spine5) {transformation: [-1.5683f,0.111f,0.0107f,0.3262f,0.1026f,1.3761f,0.7535f,4.0863f,0.0438f,0.7523f,-1.3799f,0.1491f,0f,0f,0f,1f],start_interpolation: 0,interpolation_duration: 1}
$data merge entity $(bone_neck_spine2) {transformation: [-1.4936f,0.082f,-0.0675f,0.3633f,0.0977f,1.4342f,-0.4193f,5.6224f,0.0417f,-0.4226f,-1.4359f,1.9135f,0f,0f,0f,1f],start_interpolation: 0,interpolation_duration: 1}
$data merge entity $(bone_scale_neck_left1) {transformation: [-1.5614f,0.522f,0.0523f,1.0966f,0.5242f,1.559f,0.0882f,4.698f,-0.0216f,0.1002f,-1.6439f,2.1137f,0f,0f,0f,1f],start_interpolation: 0,interpolation_duration: 1}
$data merge entity $(bone_scale_neck_right1) {transformation: [-1.6127f,-0.3083f,-0.1317f,-0.4717f,-0.3166f,1.6133f,0.1002f,4.8005f,0.1103f,0.1234f,-1.6388f,2.1575f,0f,0f,0f,1f],start_interpolation: 0,interpolation_duration: 1}
$data merge entity $(bone_blush_right1) {transformation: [-0.9884f,0.1048f,-0.11f,-0.2431f,0.0805f,0.9753f,0.2058f,4.497f,0.1289f,0.1946f,-0.9724f,3.5085f,0f,0f,0f,1f],start_interpolation: 0,interpolation_duration: 1}
$data merge entity $(bone_blush_left1) {transformation: [-0.9884f,0.1048f,-0.11f,1.0667f,0.0805f,0.9753f,0.2058f,4.3903f,0.1289f,0.1946f,-0.9724f,3.3377f,0f,0f,0f,1f],start_interpolation: 0,interpolation_duration: 1}
$data merge entity $(bone_left_head_scales) {transformation: [-0.8259f,0.1048f,-0.554f,1.111f,-0.0236f,0.9753f,0.2198f,5.1822f,0.5633f,0.1946f,-0.803f,3.0961f,0f,0f,0f,1f],start_interpolation: 0,interpolation_duration: 1}
$data merge entity $(bone_left_head_scales2) {transformation: [-0.7465f,0.1048f,-0.657f,1.0354f,-0.0521f,0.9753f,0.2148f,4.2713f,0.6633f,0.1946f,-0.7226f,3.0851f,0f,0f,0f,1f],start_interpolation: 0,interpolation_duration: 1}
$data merge entity $(bone_left_head_scales1) {transformation: [-0.9884f,0.1048f,-0.11f,1.0993f,0.0805f,0.9753f,0.2058f,5.0727f,0.1289f,0.1946f,-0.9724f,3.0743f,0f,0f,0f,1f],start_interpolation: 0,interpolation_duration: 1}
$data merge entity $(bone_right_head_scales) {transformation: [-0.9275f,0.1048f,0.3588f,-0.221f,0.1665f,0.9753f,0.1454f,5.2907f,-0.3347f,0.1946f,-0.922f,3.2698f,0f,0f,0f,1f],start_interpolation: 0,interpolation_duration: 1}
$data merge entity $(bone_right_head_scales2) {transformation: [-0.8727f,0.1048f,0.4768f,-0.2966f,0.184f,0.9753f,0.1224f,4.3798f,-0.4522f,0.1946f,-0.8704f,3.2588f,0f,0f,0f,1f],start_interpolation: 0,interpolation_duration: 1}
$data merge entity $(bone_right_head_scales1) {transformation: [-0.9884f,0.1048f,-0.11f,-0.2327f,0.0805f,0.9753f,0.2058f,5.1812f,0.1289f,0.1946f,-0.9724f,3.2479f,0f,0f,0f,1f],start_interpolation: 0,interpolation_duration: 1}
$data merge entity $(bone_head_left_fin1) {transformation: [-0.3755f,0.2143f,-0.9549f,1.0459f,0.1249f,1.0249f,0.181f,4.6793f,0.9706f,-0.0489f,-0.3926f,2.9104f,0f,0f,0f,1f],start_interpolation: 0,interpolation_duration: 1}
$data merge entity $(bone_head_right_fin1) {transformation: [-0.6252f,-0.0538f,0.8396f,-0.2861f,-0.0433f,1.0467f,0.0348f,4.7878f,-0.8402f,-0.014f,-0.6266f,3.0841f,0f,0f,0f,1f],start_interpolation: 0,interpolation_duration: 1}
$data merge entity $(bone_right_whisker16) {transformation: [-0.0613f,-0.1999f,0.9779f,-1.0201f,0.9975f,0.0231f,0.0673f,3.3228f,-0.036f,0.9795f,0.198f,1.463f,0f,0f,0f,1f],start_interpolation: 0,interpolation_duration: 1}
$data merge entity $(bone_right_whisker15) {transformation: [0.3034f,-0.111f,0.9464f,-1.1223f,0.2426f,0.9695f,0.0359f,3.241f,-0.9215f,0.2187f,0.321f,1.7735f,0f,0f,0f,1f],start_interpolation: 0,interpolation_duration: 1}
$data merge entity $(bone_right_whisker14) {transformation: [0.5257f,-0.2278f,0.8196f,-1.2994f,-0.373f,0.8042f,0.4628f,3.3667f,-0.7645f,-0.549f,0.3378f,2.031f,0f,0f,0f,1f],start_interpolation: 0,interpolation_duration: 1}
$data merge entity $(bone_right_whisker13) {transformation: [0.0444f,-0.3092f,0.95f,-1.3144f,0.0445f,0.9506f,0.3073f,3.3517f,-0.998f,0.0286f,0.0559f,2.3673f,0f,0f,0f,1f],start_interpolation: 0,interpolation_duration: 1}
$data merge entity $(bone_right_whisker12) {transformation: [-0.6008f,-0.2754f,0.7505f,-1.0445f,-0.418f,0.9085f,-0.0013f,3.5395f,-0.6814f,-0.3145f,-0.6609f,2.6734f,0f,0f,0f,1f],start_interpolation: 0,interpolation_duration: 1}
$data merge entity $(bone_right_whisker11) {transformation: [-0.9598f,-0.1388f,0.2441f,-0.6134f,-0.1725f,0.9774f,-0.1223f,3.6169f,-0.2216f,-0.1595f,-0.962f,2.773f,0f,0f,0f,1f],start_interpolation: 0,interpolation_duration: 1}
$data merge entity $(bone_right_whisker10) {transformation: [-0.6068f,-0.5314f,0.5911f,-0.3408f,-0.5615f,0.8129f,0.1544f,3.8692f,-0.5626f,-0.2382f,-0.7917f,3.0257f,0f,0f,0f,1f],start_interpolation: 0,interpolation_duration: 1}
$data merge entity $(bone_right_whisker1) {transformation: [-0.0811f,-0.6413f,0.763f,-0.3044f,-0.7966f,0.5018f,0.3371f,4.227f,-0.5991f,-0.5805f,-0.5515f,3.2948f,0f,0f,0f,1f],start_interpolation: 0,interpolation_duration: 1}
$data merge entity $(bone_left_whisker16) {transformation: [-0.2081f,0.4439f,-0.8716f,1.0998f,-0.9755f,-0.0294f,0.2179f,3.1501f,0.0712f,0.8956f,0.4392f,1.1866f,0f,0f,0f,1f],start_interpolation: 0,interpolation_duration: 1}
$data merge entity $(bone_left_whisker15) {transformation: [0.4855f,0.3159f,-0.8152f,1.2634f,-0.3069f,0.9347f,0.1794f,3.0467f,0.8186f,0.1631f,0.5507f,1.4624f,0f,0f,0f,1f],start_interpolation: 0,interpolation_duration: 1}
$data merge entity $(bone_left_whisker14) {transformation: [0.7555f,0.2054f,-0.6221f,1.5179f,0.2686f,0.7689f,0.5802f,3.1372f,0.5975f,-0.6055f,0.5257f,1.6637f,0f,0f,0f,1f],start_interpolation: 0,interpolation_duration: 1}
$data merge entity $(bone_left_whisker13) {transformation: [0.2895f,0.4535f,-0.843f,1.6155f,-0.0717f,0.8884f,0.4534f,3.113f,0.9545f,-0.0708f,0.2897f,1.9853f,0f,0f,0f,1f],start_interpolation: 0,interpolation_duration: 1}
$data merge entity $(bone_left_whisker12) {transformation: [-0.3329f,0.3271f,-0.8844f,1.4659f,0.494f,0.8594f,0.1319f,3.335f,0.8032f,-0.393f,-0.4477f,2.3461f,0f,0f,0f,1f],start_interpolation: 0,interpolation_duration: 1}
$data merge entity $(bone_left_whisker11) {transformation: [-0.8315f,0.2473f,-0.4974f,1.0923f,0.3184f,0.9459f,-0.0619f,3.478f,0.4552f,-0.2099f,-0.8653f,2.5506f,0f,0f,0f,1f],start_interpolation: 0,interpolation_duration: 1}
$data merge entity $(bone_left_whisker10) {transformation: [-0.3461f,0.5756f,-0.7409f,0.9369f,0.6392f,0.7228f,0.2629f,3.7651f,0.6868f,-0.3826f,-0.618f,2.8591f,0f,0f,0f,1f],start_interpolation: 0,interpolation_duration: 1}
$data merge entity $(bone_left_whisker1) {transformation: [0.2021f,0.5437f,-0.8146f,1.0277f,0.7867f,0.4053f,0.4656f,4.1185f,0.5833f,-0.7349f,-0.3458f,3.1211f,0f,0f,0f,1f],start_interpolation: 0,interpolation_duration: 1}
$data merge entity $(bone_upper_left_tooth1) {transformation: [-0.9884f,0.0948f,-0.1187f,0.8098f,0.0805f,0.9895f,0.1201f,4.3563f,0.1289f,0.1091f,-0.9856f,4.1343f,0f,0f,0f,1f],start_interpolation: 0,interpolation_duration: 1}
$data merge entity $(bone_upper_right_tooth1) {transformation: [-0.9884f,0.0948f,-0.1187f,0.1438f,0.0805f,0.9895f,0.1201f,4.4106f,0.1289f,0.1091f,-0.9856f,4.2211f,0f,0f,0f,1f],start_interpolation: 0,interpolation_duration: 1}
$data merge entity $(bone_top_lip1) {transformation: [-0.9884f,0.0485f,-0.144f,0.5163f,0.0805f,0.9709f,-0.2256f,4.5034f,0.1289f,-0.2346f,-0.9635f,4.1876f,0f,0f,0f,1f],start_interpolation: 0,interpolation_duration: 1}
$data merge entity $(bone_muzzle1) {transformation: [-0.9884f,0.0948f,-0.1187f,0.4656f,0.0805f,0.9895f,0.1201f,4.7375f,0.1289f,0.1091f,-0.9856f,3.6525f,0f,0f,0f,1f],start_interpolation: 0,interpolation_duration: 1}
$data merge entity $(bone_jaw_right_tooth1) {transformation: [-0.9884f,-0.0037f,-0.1519f,0.1487f,0.0805f,0.8352f,-0.5441f,4.4446f,0.1289f,-0.55f,-0.8252f,4.2372f,0f,0f,0f,1f],start_interpolation: 0,interpolation_duration: 1}
$data merge entity $(bone_jaw_left_tooth1) {transformation: [-0.9884f,-0.0037f,-0.1519f,0.8702f,0.0805f,0.8352f,-0.5441f,4.3859f,0.1289f,-0.55f,-0.8252f,4.1431f,0f,0f,0f,1f],start_interpolation: 0,interpolation_duration: 1}
$data merge entity $(bone_tongue1) {transformation: [-0.9884f,0.0609f,-0.1392f,0.3971f,0.0805f,0.9869f,-0.1401f,4.2946f,0.1289f,-0.1497f,-0.9803f,3.4037f,0f,0f,0f,1f],start_interpolation: 0,interpolation_duration: 1}
$data merge entity $(bone_jaw_lips1) {transformation: [-0.9884f,0.0609f,-0.1392f,0.5698f,0.0805f,0.9869f,-0.1401f,4.2885f,0.1289f,-0.1497f,-0.9803f,4.2965f,0f,0f,0f,1f],start_interpolation: 0,interpolation_duration: 1}
$data merge entity $(bone_jaw3) {transformation: [-0.9884f,0.0228f,-0.1502f,0.4329f,0.0805f,0.917f,-0.3908f,3.8602f,0.1289f,-0.3983f,-0.9081f,3.5142f,0f,0f,0f,1f],start_interpolation: 0,interpolation_duration: 1}
$data merge entity $(bone_jaw1) {transformation: [-0.9884f,0.1223f,-0.0901f,0.3519f,0.0805f,0.9247f,0.3721f,4.1945f,0.1289f,0.3605f,-0.9238f,2.6842f,0f,0f,0f,1f],start_interpolation: 0,interpolation_duration: 1}
$data merge entity $(bone_tear_right1) {transformation: [-0.9884f,0.1048f,-0.11f,-0.1353f,0.0805f,0.9753f,0.2058f,4.855f,0.1289f,0.1946f,-0.9724f,3.676f,0f,0f,0f,1f],start_interpolation: 0,interpolation_duration: 1}
$data merge entity $(bone_right_pupil1) {transformation: [-0.9884f,0.1048f,-0.11f,0.067f,0.0805f,0.9753f,0.2058f,4.9357f,0.1289f,0.1946f,-0.9724f,3.7395f,0f,0f,0f,1f],start_interpolation: 0,interpolation_duration: 1}
$data merge entity $(bone_right_sad_pupil1) {transformation: [-0.9884f,0.1048f,-0.11f,0.0658f,0.0805f,0.9753f,0.2058f,4.938f,0.1289f,0.1946f,-0.9724f,3.7286f,0f,0f,0f,1f],start_interpolation: 0,interpolation_duration: 1}
$data merge entity $(bone_right_happy_pupil1) {transformation: [-0.9884f,0.1048f,-0.11f,0.0351f,0.0805f,0.9753f,0.2058f,4.9129f,0.1289f,0.1946f,-0.9724f,3.7268f,0f,0f,0f,1f],start_interpolation: 0,interpolation_duration: 1}
$data merge entity $(bone_eyelid_right1) {transformation: [-0.9884f,0.1048f,-0.11f,0.4255f,0.0805f,0.9753f,0.2058f,4.9641f,0.1289f,0.1946f,-0.9724f,3.116f,0f,0f,0f,1f],start_interpolation: 0,interpolation_duration: 1}
$data merge entity $(bone_eyelid_expressions_right5) {transformation: [-0.9884f,0.1048f,-0.11f,-0.0501f,0.0805f,0.9753f,0.2058f,5.058f,0.1289f,0.1946f,-0.9724f,3.7671f,0f,0f,0f,1f],start_interpolation: 0,interpolation_duration: 1}
$data merge entity $(bone_eyelid_expressions_right7) {transformation: [-0.9884f,0.1048f,-0.11f,0.2829f,0.0805f,0.9753f,0.2058f,5.0308f,0.1289f,0.1946f,-0.9724f,3.7237f,0f,0f,0f,1f],start_interpolation: 0,interpolation_duration: 1}
$data merge entity $(bone_eyelid_expressions_right6) {transformation: [-0.9884f,0.1048f,-0.11f,0.1719f,0.0805f,0.9753f,0.2058f,5.0399f,0.1289f,0.1946f,-0.9724f,3.7382f,0f,0f,0f,1f],start_interpolation: 0,interpolation_duration: 1}
$data merge entity $(bone_right_eye1) {transformation: [-0.9884f,0.1048f,-0.11f,0.4156f,0.0805f,0.9753f,0.2058f,4.9627f,0.1289f,0.1946f,-0.9724f,3.1283f,0f,0f,0f,1f],start_interpolation: 0,interpolation_duration: 1}
$data merge entity $(bone_tear_left1) {transformation: [-0.9884f,0.1048f,-0.11f,1.0635f,0.0805f,0.9753f,0.2058f,4.7573f,0.1289f,0.1946f,-0.9724f,3.5197f,0f,0f,0f,1f],start_interpolation: 0,interpolation_duration: 1}
$data merge entity $(bone_left_sad_pupil1) {transformation: [-0.9884f,0.1048f,-0.11f,0.8983f,0.0805f,0.9753f,0.2058f,4.8702f,0.1289f,0.1946f,-0.9724f,3.6201f,0f,0f,0f,1f],start_interpolation: 0,interpolation_duration: 1}
$data merge entity $(bone_left_pupil1) {transformation: [-0.9884f,0.1048f,-0.11f,0.8995f,0.0805f,0.9753f,0.2058f,4.8679f,0.1289f,0.1946f,-0.9724f,3.631f,0f,0f,0f,1f],start_interpolation: 0,interpolation_duration: 1}
$data merge entity $(bone_eyelid_left1) {transformation: [-0.9884f,0.1048f,-0.11f,0.4033f,0.0805f,0.9753f,0.2058f,4.9659f,0.1289f,0.1946f,-0.9724f,3.1189f,0f,0f,0f,1f],start_interpolation: 0,interpolation_duration: 1}
$data merge entity $(bone_left_happy_pupil1) {transformation: [-0.9884f,0.1048f,-0.11f,0.9231f,0.0805f,0.9753f,0.2058f,4.8406f,0.1289f,0.1946f,-0.9724f,3.611f,0f,0f,0f,1f],start_interpolation: 0,interpolation_duration: 1}
$data merge entity $(bone_eyelid_expressions_left5) {transformation: [-0.9884f,0.1048f,-0.11f,1.0377f,0.0805f,0.9753f,0.2058f,4.9694f,0.1289f,0.1946f,-0.9724f,3.6253f,0f,0f,0f,1f],start_interpolation: 0,interpolation_duration: 1}
$data merge entity $(bone_eyelid_expressions_left7) {transformation: [-0.9884f,0.1048f,-0.11f,0.7047f,0.0805f,0.9753f,0.2058f,4.9965f,0.1289f,0.1946f,-0.9724f,3.6687f,0f,0f,0f,1f],start_interpolation: 0,interpolation_duration: 1}
$data merge entity $(bone_eyelid_expressions_left6) {transformation: [-0.9884f,0.1048f,-0.11f,0.8157f,0.0805f,0.9753f,0.2058f,4.9874f,0.1289f,0.1946f,-0.9724f,3.6542f,0f,0f,0f,1f],start_interpolation: 0,interpolation_duration: 1}
$data merge entity $(bone_left_eye1) {transformation: [-0.9884f,0.1048f,-0.11f,0.4156f,0.0805f,0.9753f,0.2058f,4.9627f,0.1289f,0.1946f,-0.9724f,3.1283f,0f,0f,0f,1f],start_interpolation: 0,interpolation_duration: 1}
$data merge entity $(bone_crest_middle5) {transformation: [-0.9884f,0.0785f,-0.1301f,0.6133f,0.0805f,0.9967f,-0.0101f,6.2159f,0.1289f,-0.0205f,-0.9915f,3.8616f,0f,0f,0f,1f],start_interpolation: 0,interpolation_duration: 1}
$data merge entity $(bone_crest_middle4) {transformation: [-0.9884f,0.0785f,-0.1301f,0.5604f,0.0805f,0.9967f,-0.0101f,5.5443f,0.1289f,-0.0205f,-0.9915f,3.8754f,0f,0f,0f,1f],start_interpolation: 0,interpolation_duration: 1}
$data merge entity $(bone_crest_middle1) {transformation: [-0.9884f,0.0785f,-0.1301f,0.5317f,0.0805f,0.9967f,-0.0101f,5.0415f,0.1289f,-0.0205f,-0.9915f,3.9692f,0f,0f,0f,1f],start_interpolation: 0,interpolation_duration: 1}
$data merge entity $(bone_crest_left5) {transformation: [-0.6195f,-0.785f,-0.0076f,-0.5347f,-0.7793f,0.6137f,0.1268f,5.6591f,-0.0949f,0.0845f,-0.9919f,3.9752f,0f,0f,0f,1f],start_interpolation: 0,interpolation_duration: 1}
$data merge entity $(bone_crest_left4) {transformation: [-0.6195f,-0.785f,-0.0076f,-0.0939f,-0.7793f,0.6137f,0.1268f,5.3145f,-0.0949f,0.0845f,-0.9919f,3.9278f,0f,0f,0f,1f],start_interpolation: 0,interpolation_duration: 1}
$data merge entity $(bone_crest_left1) {transformation: [-0.6195f,-0.785f,-0.0076f,0.3905f,-0.7793f,0.6137f,0.1268f,4.9425f,-0.0949f,0.0845f,-0.9919f,3.8199f,0f,0f,0f,1f],start_interpolation: 0,interpolation_duration: 1}
$data merge entity $(bone_crest_center1) {transformation: [-0.9884f,0.1048f,-0.11f,0.4986f,0.0805f,0.9753f,0.2058f,4.9061f,0.1289f,0.1946f,-0.9724f,3.7999f,0f,0f,0f,1f],start_interpolation: 0,interpolation_duration: 1}
$data merge entity $(bone_crest_right5) {transformation: [-0.4427f,0.8679f,-0.2252f,1.6486f,0.8658f,0.4791f,0.1445f,5.4812f,0.2334f,-0.131f,-0.9635f,3.6905f,0f,0f,0f,1f],start_interpolation: 0,interpolation_duration: 1}
$data merge entity $(bone_crest_right4) {transformation: [-0.4427f,0.8679f,-0.2252f,1.1613f,0.8658f,0.4791f,0.1445f,5.2122f,0.2334f,-0.131f,-0.9635f,3.7641f,0f,0f,0f,1f],start_interpolation: 0,interpolation_duration: 1}
$data merge entity $(bone_crest_right1) {transformation: [-0.4427f,0.8679f,-0.2252f,0.6125f,0.8658f,0.4791f,0.1445f,4.9244f,0.2334f,-0.131f,-0.9635f,3.7909f,0f,0f,0f,1f],start_interpolation: 0,interpolation_duration: 1}
$data merge entity $(bone_head1) {transformation: [-1.036f,0.1099f,-0.1153f,0.3418f,0.0844f,1.0223f,0.2158f,5.035f,0.1351f,0.204f,-1.0192f,2.5168f,0f,0f,0f,1f],start_interpolation: 0,interpolation_duration: 1}
$data merge entity $(bone_neck10) {transformation: [-1.4936f,0.0901f,-0.0563f,0.2747f,0.0977f,1.4766f,-0.2285f,4.4292f,0.0417f,-0.2316f,-1.4788f,1.5326f,0f,0f,0f,1f],start_interpolation: 0,interpolation_duration: 1}
$data merge entity $(bone_neck9) {transformation: [-1.1426f,0.0761f,0.0285f,0.1895f,0.0747f,0.8264f,0.7898f,3.5159f,0.0319f,0.7896f,-0.8292f,0.6241f,0f,0f,0f,1f],start_interpolation: 0,interpolation_duration: 1}
$data merge entity $(bone_neck8) {transformation: [-1.0605f,0.0645f,0.0391f,0.1269f,0.0694f,0.617f,0.863f,2.9424f,0.0296f,0.8634f,-0.6196f,-0.275f,0f,0f,0f,1f],start_interpolation: 0,interpolation_duration: 1}
$data merge entity $(bone_neck7) {transformation: [-1.0544f,-0.0162f,0.05f,0.1433f,0.0384f,0.4478f,0.9552f,2.4898f,-0.0359f,0.9559f,-0.4466f,-1.2411f,0f,0f,0f,1f],start_interpolation: 0,interpolation_duration: 1}
$data merge entity $(bone_neck6) {transformation: [-1.0299f,-0.1694f,0.1111f,0.3005f,0.0919f,0.1228f,1.0384f,2.3925f,-0.1806f,1.0286f,-0.1057f,-2.1872f,0f,0f,0f,1f],start_interpolation: 0,interpolation_duration: 1}
$data merge entity $(bone_neck_spine6) {transformation: [-1.2708f,0.0385f,-0.0601f,0.84f,-0.0692f,-0.3999f,1.2063f,3.7795f,0.0176f,1.2077f,0.4014f,-5.463f,0f,0f,0f,1f],start_interpolation: 0,interpolation_duration: 1}
$data merge entity $(bone_neck_spine7) {transformation: [-0.9679f,0.2204f,-0.1205f,0.4266f,-0.1591f,-0.1666f,0.9731f,5.1899f,0.1944f,0.9611f,0.1963f,-8.6976f,0f,0f,0f,1f],start_interpolation: 0,interpolation_duration: 1}
$data merge entity $(bone_tail6) {transformation: [-1.5527f,0.4696f,-0.5779f,-0.6557f,-0.2946f,0.8398f,1.4742f,4.506f,0.6838f,1.4281f,-0.6769f,-12.4581f,0f,0f,0f,1f],start_interpolation: 0,interpolation_duration: 1}
$data merge entity $(bone_tail5) {transformation: [-1.2827f,0.4649f,-0.4027f,-0.3621f,-0.2434f,0.4718f,1.3198f,4.8039f,0.5649f,1.2589f,-0.3458f,-11.663f,0f,0f,0f,1f],start_interpolation: 0,interpolation_duration: 1}
$data merge entity $(bone_tail4) {transformation: [-0.9447f,0.3704f,-0.2628f,-0.2034f,-0.1559f,0.3052f,0.9906f,4.9347f,0.4266f,0.9319f,-0.22f,-11.2636f,0f,0f,0f,1f],start_interpolation: 0,interpolation_duration: 1}
$data merge entity $(bone_segment18) {transformation: [-0.9397f,0.2327f,-0.2507f,-0.0727f,-0.1855f,0.2693f,0.945f,5.0859f,0.2874f,0.9345f,-0.2098f,-10.7388f,0f,0f,0f,1f],start_interpolation: 0,interpolation_duration: 1}
$data merge entity $(bone_segment17) {transformation: [-0.9463f,0.2634f,-0.1872f,0.1196f,-0.1863f,0.0287f,0.9821f,5.1068f,0.2641f,0.9643f,0.0219f,-10.0349f,0f,0f,0f,1f],start_interpolation: 0,interpolation_duration: 1}
$data merge entity $(bone_segment16) {transformation: [-0.9534f,0.2777f,-0.1181f,0.3847f,-0.1811f,-0.2136f,0.96f,4.9029f,0.2414f,0.9366f,0.254f,-9.1409f,0f,0f,0f,1f],start_interpolation: 0,interpolation_duration: 1}
$data merge entity $(bone_segment15) {transformation: [-0.9679f,0.2441f,-0.0594f,0.6726f,-0.1591f,-0.4128f,0.8968f,4.4161f,0.1944f,0.8775f,0.4384f,-8.1061f,0f,0f,0f,1f],start_interpolation: 0,interpolation_duration: 1}
$data merge entity $(bone_segment14) {transformation: [-1.0398f,0.1274f,-0.036f,0.8159f,-0.0974f,-0.5429f,0.8913f,3.8054f,0.0897f,0.8875f,0.5504f,-7.1076f,0f,0f,0f,1f],start_interpolation: 0,interpolation_duration: 1}
$data merge entity $(bone_segment13) {transformation: [-1.0241f,0.0389f,-0.0423f,0.8639f,-0.0558f,-0.4862f,0.9014f,3.1951f,0.0142f,0.9023f,0.4876f,-6.0343f,0f,0f,0f,1f],start_interpolation: 0,interpolation_duration: 1}
$data merge entity $(bone_segment12) {transformation: [-1.1086f,-0.1129f,-0.052f,0.7275f,-0.0106f,-0.3783f,1.0494f,2.7381f,-0.1238f,1.0434f,0.3749f,-4.7738f,0f,0f,0f,1f],start_interpolation: 0,interpolation_duration: 1}
$data merge entity $(bone_segment11) {transformation: [-1.1703f,-0.2153f,-0.0341f,0.4787f,0.004f,-0.2072f,1.1723f,2.4987f,-0.2179f,1.1523f,0.2044f,-3.4421f,0f,0f,0f,1f],start_interpolation: 0,interpolation_duration: 1}
$data merge entity $(bone_segment10) {transformation: [-1.0378f,-0.147f,-0.0114f,0.2931f,0f,-0.081f,1.045f,2.4119f,-0.1474f,1.0347f,0.0802f,-2.135f,0f,0f,0f,1f],start_interpolation: 0,interpolation_duration: 1}
data modify entity @s data merge value {"cameras":{},"locators":{"mouth":{"posx":0.6027009796094926,"posy":4.420331186589546,"posz":4.902180559210228,"roty":151.69081682412826,"rotx":77.23038417414757}}}