# This file was generated by Animated Java via MC-Build. It is not recommended to edit this file directly.
$data merge entity $(bone_neck_spine5) {transformation: [-1.5697f,-0.0146f,0.0887f,0.0624f,0.0564f,1.0479f,1.1708f,3.3911f,-0.07f,1.1721f,-1.0457f,0.601f,0f,0f,0f,1f],start_interpolation: 0,interpolation_duration: 1}
$data merge entity $(bone_neck_spine2) {transformation: [-1.4949f,0.0499f,0.0696f,-0.1159f,0.0537f,1.4941f,0.0828f,4.2509f,-0.0667f,0.0851f,-1.4935f,2.7697f,0f,0f,0f,1f],start_interpolation: 0,interpolation_duration: 1}
$data merge entity $(bone_scale_neck_left1) {transformation: [-1.5769f,0.4394f,0.1825f,0.6405f,0.4757f,1.4446f,0.6324f,3.3248f,0.0087f,0.6582f,-1.5099f,2.7198f,0f,0f,0f,1f],start_interpolation: 0,interpolation_duration: 1}
$data merge entity $(bone_scale_neck_right1) {transformation: [-1.5999f,-0.3916f,-0.0018f,-0.9292f,-0.3616f,1.4744f,0.639f,3.3811f,-0.1504f,0.6211f,-1.5181f,2.6497f,0f,0f,0f,1f],start_interpolation: 0,interpolation_duration: 1}
$data merge entity $(bone_blush_right1) {transformation: [-0.9942f,0.0043f,0.1075f,-0.9286f,0.0458f,0.9211f,0.3865f,2.7732f,-0.0974f,0.3892f,-0.916f,3.8483f,0f,0f,0f,1f],start_interpolation: 0,interpolation_duration: 1}
$data merge entity $(bone_blush_left1) {transformation: [-0.9942f,0.0043f,0.1075f,0.3889f,0.0458f,0.9211f,0.3865f,2.7125f,-0.0974f,0.3892f,-0.916f,3.9773f,0f,0f,0f,1f],start_interpolation: 0,interpolation_duration: 1}
$data merge entity $(bone_left_head_scales) {transformation: [-0.9315f,0.0043f,-0.3637f,0.4454f,-0.1379f,0.9211f,0.364f,3.5363f,0.3366f,0.3892f,-0.8574f,3.9025f,0f,0f,0f,1f],start_interpolation: 0,interpolation_duration: 1}
$data merge entity $(bone_left_head_scales2) {transformation: [-0.8761f,0.0043f,-0.4822f,0.4234f,-0.1842f,0.9211f,0.3429f,2.6436f,0.4456f,0.3892f,-0.8062f,3.7071f,0f,0f,0f,1f],start_interpolation: 0,interpolation_duration: 1}
$data merge entity $(bone_left_head_scales1) {transformation: [-0.9942f,0.0043f,0.1075f,0.4449f,0.0458f,0.9211f,0.3865f,3.4329f,-0.0974f,0.3892f,-0.916f,3.8588f,0f,0f,0f,1f],start_interpolation: 0,interpolation_duration: 1}
$data merge entity $(bone_right_head_scales) {transformation: [-0.8322f,0.0043f,0.5544f,-0.8944f,0.2191f,0.9211f,0.3217f,3.598f,-0.5093f,0.3892f,-0.7675f,3.7713f,0f,0f,0f,1f],start_interpolation: 0,interpolation_duration: 1}
$data merge entity $(bone_right_head_scales2) {transformation: [-0.7527f,0.0043f,0.6583f,-0.9164f,0.2592f,0.9211f,0.2904f,2.7053f,-0.6051f,0.3892f,-0.6945f,3.5759f,0f,0f,0f,1f],start_interpolation: 0,interpolation_duration: 1}
$data merge entity $(bone_right_head_scales1) {transformation: [-0.9942f,0.0043f,0.1075f,-0.8949f,0.0458f,0.9211f,0.3865f,3.4946f,-0.0974f,0.3892f,-0.916f,3.7276f,0f,0f,0f,1f],start_interpolation: 0,interpolation_duration: 1}
$data merge entity $(bone_head_left_fin1) {transformation: [-0.5964f,0.1645f,-0.8461f,0.4522f,-0.0659f,1.0172f,0.2441f,3.0775f,0.8594f,0.1921f,-0.5684f,3.6177f,0f,0f,0f,1f],start_interpolation: 0,interpolation_duration: 1}
$data merge entity $(bone_head_right_fin1) {transformation: [-0.4102f,-0.1052f,0.9588f,-0.8877f,0.1122f,1.0296f,0.161f,3.1392f,-0.958f,0.1657f,-0.3917f,3.4865f,0f,0f,0f,1f],start_interpolation: 0,interpolation_duration: 1}
$data merge entity $(bone_right_whisker16) {transformation: [-0.1048f,-0.4225f,0.9003f,-1.146f,0.9855f,-0.1659f,0.0368f,2.0038f,0.1338f,0.891f,0.4338f,1.4972f,0f,0f,0f,1f],start_interpolation: 0,interpolation_duration: 1}
$data merge entity $(bone_right_whisker15) {transformation: [0.4953f,-0.2106f,0.8428f,-1.3129f,0.4166f,0.9089f,-0.0177f,1.8635f,-0.7624f,0.3598f,0.5379f,1.7541f,0f,0f,0f,1f],start_interpolation: 0,interpolation_duration: 1}
$data merge entity $(bone_right_whisker14) {transformation: [0.7079f,-0.1372f,0.6929f,-1.5514f,-0.2157f,0.8921f,0.397f,1.9362f,-0.6726f,-0.4305f,0.6019f,1.9807f,0f,0f,0f,1f],start_interpolation: 0,interpolation_duration: 1}
$data merge entity $(bone_right_whisker13) {transformation: [0.2721f,-0.358f,0.8932f,-1.643f,0.2344f,0.9249f,0.2993f,1.8572f,-0.9333f,0.1279f,0.3355f,2.2951f,0f,0f,0f,1f],start_interpolation: 0,interpolation_duration: 1}
$data merge entity $(bone_right_whisker12) {transformation: [-0.4031f,-0.2434f,0.8822f,-1.4619f,-0.2856f,0.9493f,0.1314f,1.9855f,-0.8694f,-0.199f,-0.4522f,2.6857f,0f,0f,0f,1f],start_interpolation: 0,interpolation_duration: 1}
$data merge entity $(bone_right_whisker11) {transformation: [-0.8715f,-0.1503f,0.4667f,-1.0704f,-0.1354f,0.9886f,0.0655f,2.0464f,-0.4712f,-0.0061f,-0.882f,2.8974f,0f,0f,0f,1f],start_interpolation: 0,interpolation_duration: 1}
$data merge entity $(bone_right_whisker10) {transformation: [-0.4288f,-0.5046f,0.7494f,-0.8778f,-0.4492f,0.8387f,0.3077f,2.2482f,-0.7838f,-0.2047f,-0.5863f,3.2495f,0f,0f,0f,1f],start_interpolation: 0,interpolation_duration: 1}
$data merge entity $(bone_right_whisker1) {transformation: [0.1029f,-0.5153f,0.8508f,-0.9241f,-0.6684f,0.5977f,0.4428f,2.5484f,-0.7367f,-0.6143f,-0.2829f,3.5804f,0f,0f,0f,1f],start_interpolation: 0,interpolation_duration: 1}
$data merge entity $(bone_left_whisker16) {transformation: [-0.1662f,0.2251f,-0.9601f,0.9864f,-0.973f,-0.1957f,0.1225f,1.9057f,-0.1603f,0.9545f,0.2516f,1.7061f,0f,0f,0f,1f],start_interpolation: 0,interpolation_duration: 1}
$data merge entity $(bone_left_whisker15) {transformation: [0.2983f,0.2188f,-0.9291f,1.0868f,-0.4531f,0.8892f,0.0639f,1.753f,0.8401f,0.4019f,0.3643f,1.9891f,0f,0f,0f,1f],start_interpolation: 0,interpolation_duration: 1}
$data merge entity $(bone_left_whisker14) {transformation: [0.5809f,0.2986f,-0.7572f,1.2826f,0.1564f,0.872f,0.4638f,1.8057f,0.7988f,-0.3879f,0.4598f,2.2583f,0f,0f,0f,1f],start_interpolation: 0,interpolation_duration: 1}
$data merge entity $(bone_left_whisker13) {transformation: [0.0637f,0.4091f,-0.9102f,1.304f,-0.2498f,0.8896f,0.3824f,1.7215f,0.9662f,0.2031f,0.1589f,2.5838f,0f,0f,0f,1f],start_interpolation: 0,interpolation_duration: 1}
$data merge entity $(bone_left_whisker12) {transformation: [-0.5361f,0.3627f,-0.7623f,1.0632f,0.3289f,0.9214f,0.2071f,1.8692f,0.7775f,-0.1396f,-0.6132f,2.933f,0f,0f,0f,1f],start_interpolation: 0,interpolation_duration: 1}
$data merge entity $(bone_left_whisker11) {transformation: [-0.9303f,0.238f,-0.2792f,0.6453f,0.2184f,0.9707f,0.0999f,1.9674f,0.2948f,0.0319f,-0.955f,3.0655f,0f,0f,0f,1f],start_interpolation: 0,interpolation_duration: 1}
$data merge entity $(bone_left_whisker10) {transformation: [-0.5297f,0.6089f,-0.5905f,0.4073f,0.4934f,0.7875f,0.3694f,2.189f,0.6899f,-0.0956f,-0.7175f,3.3754f,0f,0f,0f,1f],start_interpolation: 0,interpolation_duration: 1}
$data merge entity $(bone_left_whisker1) {transformation: [0.0188f,0.6767f,-0.736f,0.4158f,0.6628f,0.5428f,0.5159f,2.4867f,0.7486f,-0.4975f,-0.4383f,3.7117f,0f,0f,0f,1f],start_interpolation: 0,interpolation_duration: 1}
$data merge entity $(bone_upper_left_tooth1) {transformation: [-0.9942f,0.0137f,0.1067f,-0.0434f,0.0458f,0.9513f,0.3048f,2.525f,-0.0974f,0.3079f,-0.9464f,4.6699f,0f,0f,0f,1f],start_interpolation: 0,interpolation_duration: 1}
$data merge entity $(bone_upper_right_tooth1) {transformation: [-0.9942f,0.0137f,0.1067f,-0.7134f,0.0458f,0.9513f,0.3048f,2.5559f,-0.0974f,0.3079f,-0.9464f,4.6042f,0f,0f,0f,1f],start_interpolation: 0,interpolation_duration: 1}
$data merge entity $(bone_top_lip1) {transformation: [-0.9942f,0.0493f,0.0956f,-0.3488f,0.0458f,0.9982f,-0.039f,2.6567f,-0.0974f,-0.0344f,-0.9947f,4.6778f,0f,0f,0f,1f],start_interpolation: 0,interpolation_duration: 1}
$data merge entity $(bone_muzzle1) {transformation: [-0.9942f,0.0137f,0.1067f,-0.2866f,0.0458f,0.9513f,0.3048f,2.9881f,-0.0974f,0.3079f,-0.9464f,4.1983f,0f,0f,0f,1f],start_interpolation: 0,interpolation_duration: 1}
$data merge entity $(bone_jaw_right_tooth1) {transformation: [-0.9942f,0.0791f,0.073f,-0.7142f,0.0458f,0.9247f,-0.378f,2.5863f,-0.0974f,-0.3725f,-0.9229f,4.627f,0f,0f,0f,1f],start_interpolation: 0,interpolation_duration: 1}
$data merge entity $(bone_jaw_left_tooth1) {transformation: [-0.9942f,0.0791f,0.073f,0.0116f,0.0458f,0.9247f,-0.378f,2.5529f,-0.0974f,-0.3725f,-0.9229f,4.698f,0f,0f,0f,1f],start_interpolation: 0,interpolation_duration: 1}
$data merge entity $(bone_tongue1) {transformation: [-0.9942f,0.0408f,0.0996f,-0.2716f,0.0458f,0.9978f,0.0482f,2.6001f,-0.0974f,0.0525f,-0.9939f,3.8635f,0f,0f,0f,1f],start_interpolation: 0,interpolation_duration: 1}
$data merge entity $(bone_jaw_lips1) {transformation: [-0.9942f,0.0408f,0.0996f,-0.3105f,0.0458f,0.9978f,0.0482f,2.4254f,-0.0974f,0.0525f,-0.9939f,4.7551f,0f,0f,0f,1f],start_interpolation: 0,interpolation_duration: 1}
$data merge entity $(bone_jaw3) {transformation: [-0.9942f,0.0652f,0.0856f,-0.2391f,0.0458f,0.9763f,-0.2117f,2.153f,-0.0974f,-0.2066f,-0.9736f,3.8978f,0f,0f,0f,1f],start_interpolation: 0,interpolation_duration: 1}
$data merge entity $(bone_jaw1) {transformation: [-0.9942f,-0.0144f,0.1066f,-0.1433f,0.0458f,0.84f,0.5406f,2.6387f,-0.0974f,0.5424f,-0.8345f,3.1481f,0f,0f,0f,1f],start_interpolation: 0,interpolation_duration: 1}
$data merge entity $(bone_tear_right1) {transformation: [-0.9942f,0.0043f,0.1075f,-0.882f,0.0458f,0.9211f,0.3865f,3.0936f,-0.0974f,0.3892f,-0.916f,4.0993f,0f,0f,0f,1f],start_interpolation: 0,interpolation_duration: 1}
$data merge entity $(bone_right_pupil1) {transformation: [-0.9942f,0.0043f,0.1075f,-0.7045f,0.0458f,0.9211f,0.3865f,3.1625f,-0.0974f,0.3892f,-0.916f,4.2228f,0f,0f,0f,1f],start_interpolation: 0,interpolation_duration: 1}
$data merge entity $(bone_right_sad_pupil1) {transformation: [-0.9942f,0.0043f,0.1075f,-0.7033f,0.0458f,0.9211f,0.3865f,3.1669f,-0.0974f,0.3892f,-0.916f,4.2125f,0f,0f,0f,1f],start_interpolation: 0,interpolation_duration: 1}
$data merge entity $(bone_right_happy_pupil1) {transformation: [-0.9942f,0.0043f,0.1075f,-0.7314f,0.0458f,0.9211f,0.3865f,3.1423f,-0.0974f,0.3892f,-0.916f,4.1989f,0f,0f,0f,1f],start_interpolation: 0,interpolation_duration: 1}
$data merge entity $(bone_eyelid_right1) {transformation: [-0.9942f,0.0043f,0.1075f,-0.2133f,0.0458f,0.9211f,0.3865f,3.3124f,-0.0974f,0.3892f,-0.916f,3.7184f,0f,0f,0f,1f],start_interpolation: 0,interpolation_duration: 1}
$data merge entity $(bone_eyelid_expressions_right5) {transformation: [-0.9942f,0.0043f,0.1075f,-0.8312f,0.0458f,0.9211f,0.3865f,3.2762f,-0.0974f,0.3892f,-0.916f,4.2437f,0f,0f,0f,1f],start_interpolation: 0,interpolation_duration: 1}
$data merge entity $(bone_eyelid_expressions_right7) {transformation: [-0.9942f,0.0043f,0.1075f,-0.4963f,0.0458f,0.9211f,0.3865f,3.2608f,-0.0974f,0.3892f,-0.916f,4.2765f,0f,0f,0f,1f],start_interpolation: 0,interpolation_duration: 1}
$data merge entity $(bone_eyelid_expressions_right6) {transformation: [-0.9942f,0.0043f,0.1075f,-0.6079f,0.0458f,0.9211f,0.3865f,3.2659f,-0.0974f,0.3892f,-0.916f,4.2655f,0f,0f,0f,1f],start_interpolation: 0,interpolation_duration: 1}
$data merge entity $(bone_right_eye1) {transformation: [-0.9942f,0.0043f,0.1075f,-0.2257f,0.0458f,0.9211f,0.3865f,3.3086f,-0.0974f,0.3892f,-0.916f,3.7276f,0f,0f,0f,1f],start_interpolation: 0,interpolation_duration: 1}
$data merge entity $(bone_tear_left1) {transformation: [-0.9942f,0.0043f,0.1075f,0.3238f,0.0458f,0.9211f,0.3865f,3.0381f,-0.0974f,0.3892f,-0.916f,4.2174f,0f,0f,0f,1f],start_interpolation: 0,interpolation_duration: 1}
$data merge entity $(bone_left_sad_pupil1) {transformation: [-0.9942f,0.0043f,0.1075f,0.1341f,0.0458f,0.9211f,0.3865f,3.1283f,-0.0974f,0.3892f,-0.916f,4.2945f,0f,0f,0f,1f],start_interpolation: 0,interpolation_duration: 1}
$data merge entity $(bone_left_pupil1) {transformation: [-0.9942f,0.0043f,0.1075f,0.1329f,0.0458f,0.9211f,0.3865f,3.124f,-0.0974f,0.3892f,-0.916f,4.3048f,0f,0f,0f,1f],start_interpolation: 0,interpolation_duration: 1}
$data merge entity $(bone_eyelid_left1) {transformation: [-0.9942f,0.0043f,0.1075f,-0.2357f,0.0458f,0.9211f,0.3865f,3.3134f,-0.0974f,0.3892f,-0.916f,3.7162f,0f,0f,0f,1f],start_interpolation: 0,interpolation_duration: 1}
$data merge entity $(bone_left_happy_pupil1) {transformation: [-0.9942f,0.0043f,0.1075f,0.1619f,0.0458f,0.9211f,0.3865f,3.1012f,-0.0974f,0.3892f,-0.916f,4.2863f,0f,0f,0f,1f],start_interpolation: 0,interpolation_duration: 1}
$data merge entity $(bone_eyelid_expressions_left5) {transformation: [-0.9942f,0.0043f,0.1075f,0.263f,0.0458f,0.9211f,0.3865f,3.2258f,-0.0974f,0.3892f,-0.916f,4.3508f,0f,0f,0f,1f],start_interpolation: 0,interpolation_duration: 1}
$data merge entity $(bone_eyelid_expressions_left7) {transformation: [-0.9942f,0.0043f,0.1075f,-0.072f,0.0458f,0.9211f,0.3865f,3.2413f,-0.0974f,0.3892f,-0.916f,4.318f,0f,0f,0f,1f],start_interpolation: 0,interpolation_duration: 1}
$data merge entity $(bone_eyelid_expressions_left6) {transformation: [-0.9942f,0.0043f,0.1075f,0.0396f,0.0458f,0.9211f,0.3865f,3.2361f,-0.0974f,0.3892f,-0.916f,4.329f,0f,0f,0f,1f],start_interpolation: 0,interpolation_duration: 1}
$data merge entity $(bone_left_eye1) {transformation: [-0.9942f,0.0043f,0.1075f,-0.2257f,0.0458f,0.9211f,0.3865f,3.3086f,-0.0974f,0.3892f,-0.916f,3.7276f,0f,0f,0f,1f],start_interpolation: 0,interpolation_duration: 1}
$data merge entity $(bone_crest_middle5) {transformation: [-0.9942f,0.0275f,0.104f,-0.271f,0.0458f,0.983f,0.178f,4.4007f,-0.0974f,0.1817f,-0.9785f,4.7037f,0f,0f,0f,1f],start_interpolation: 0,interpolation_duration: 1}
$data merge entity $(bone_crest_middle4) {transformation: [-0.9942f,0.0275f,0.104f,-0.2895f,0.0458f,0.983f,0.178f,3.7384f,-0.0974f,0.1817f,-0.9785f,4.5812f,0f,0f,0f,1f],start_interpolation: 0,interpolation_duration: 1}
$data merge entity $(bone_crest_middle1) {transformation: [-0.9942f,0.0275f,0.104f,-0.3122f,0.0458f,0.983f,0.178f,3.2266f,-0.0974f,0.1817f,-0.9785f,4.5718f,0f,0f,0f,1f],start_interpolation: 0,interpolation_duration: 1}
$data merge entity $(bone_crest_left5) {transformation: [-0.5378f,-0.815f,0.2157f,-1.3825f,-0.7523f,0.5794f,0.3136f,3.8223f,-0.3806f,0.0064f,-0.9247f,4.437f,0f,0f,0f,1f],start_interpolation: 0,interpolation_duration: 1}
$data merge entity $(bone_crest_left4) {transformation: [-0.5378f,-0.815f,0.2157f,-0.9248f,-0.7523f,0.5794f,0.3136f,3.497f,-0.3806f,0.0064f,-0.9247f,4.4335f,0f,0f,0f,1f],start_interpolation: 0,interpolation_duration: 1}
$data merge entity $(bone_crest_left1) {transformation: [-0.5378f,-0.815f,0.2157f,-0.4093f,-0.7523f,0.5794f,0.3136f,3.1567f,-0.3806f,0.0064f,-0.9247f,4.3776f,0f,0f,0f,1f],start_interpolation: 0,interpolation_duration: 1}
$data merge entity $(bone_crest_center1) {transformation: [-0.9942f,0.0043f,0.1075f,-0.2978f,0.0458f,0.9211f,0.3865f,3.1257f,-0.0974f,0.3892f,-0.916f,4.3776f,0f,0f,0f,1f],start_interpolation: 0,interpolation_duration: 1}
$data merge entity $(bone_crest_right5) {transformation: [-0.5306f,0.8476f,-0.0032f,0.8137f,0.8015f,0.5029f,0.3237f,3.7212f,0.2759f,0.1692f,-0.9462f,4.6521f,0f,0f,0f,1f],start_interpolation: 0,interpolation_duration: 1}
$data merge entity $(bone_crest_right4) {transformation: [-0.5306f,0.8476f,-0.0032f,0.3377f,0.8015f,0.5029f,0.3237f,3.4388f,0.2759f,0.1692f,-0.9462f,4.5571f,0f,0f,0f,1f],start_interpolation: 0,interpolation_duration: 1}
$data merge entity $(bone_crest_right1) {transformation: [-0.5306f,0.8476f,-0.0032f,-0.186f,0.8015f,0.5029f,0.3237f,3.1464f,0.2759f,0.1692f,-0.9462f,4.3995f,0f,0f,0f,1f],start_interpolation: 0,interpolation_duration: 1}
$data merge entity $(bone_head1) {transformation: [-1.0421f,0.0045f,0.1127f,-0.1595f,0.048f,0.9655f,0.4052f,3.4956f,-0.1021f,0.408f,-0.9601f,3.14f,0f,0f,0f,1f],start_interpolation: 0,interpolation_duration: 1}
$data merge entity $(bone_neck10) {transformation: [-1.4949f,0.0404f,0.0755f,-0.1179f,0.0537f,1.4706f,0.2771f,3.2519f,-0.0667f,0.2793f,-1.4696f,2.0091f,0f,0f,0f,1f],start_interpolation: 0,interpolation_duration: 1}
$data merge entity $(bone_neck9) {transformation: [-1.1436f,-0.027f,0.0597f,-0.0861f,0.0411f,0.5167f,1.0215f,2.6927f,-0.051f,1.022f,-0.5149f,0.8459f,0f,0f,0f,1f],start_interpolation: 0,interpolation_duration: 1}
$data merge entity $(bone_neck8) {transformation: [-1.0614f,-0.0373f,0.048f,-0.0461f,0.0381f,0.2463f,1.0335f,2.5002f,-0.0473f,1.0336f,-0.2445f,-0.2043f,0f,0f,0f,1f],start_interpolation: 0,interpolation_duration: 1}
$data merge entity $(bone_neck7) {transformation: [-1.0546f,0.0239f,0.0419f,-0.0702f,0.0439f,0.0934f,1.0506f,2.4058f,0.02f,1.0513f,-0.0942f,-1.2667f,0f,0f,0f,1f],start_interpolation: 0,interpolation_duration: 1}
$data merge entity $(bone_neck6) {transformation: [-1.0451f,0.0976f,0.0035f,-0.1598f,-0.0144f,-0.1909f,1.0321f,2.5965f,0.0966f,1.0275f,0.1915f,-2.2074f,0f,0f,0f,1f],start_interpolation: 0,interpolation_duration: 1}
$data merge entity $(bone_neck_spine6) {transformation: [-1.2621f,0.1322f,-0.0978f,-0.8319f,-0.0419f,0.4731f,1.1808f,3.7013f,0.159f,1.1742f,-0.4648f,-6.0402f,0f,0f,0f,1f],start_interpolation: 0,interpolation_duration: 1}
$data merge entity $(bone_neck_spine7) {transformation: [-0.9959f,-0.0754f,-0.049f,-1.0549f,-0.0691f,0.2934f,0.9535f,2.8427f,-0.0575f,0.953f,-0.2974f,-9.3719f,0f,0f,0f,1f],start_interpolation: 0,interpolation_duration: 1}
$data merge entity $(bone_tail6) {transformation: [-1.6127f,-0.4747f,-0.373f,-0.1555f,-0.1448f,-0.7288f,1.5535f,4.0108f,-0.5861f,1.4862f,0.6426f,-12.6405f,0f,0f,0f,1f],start_interpolation: 0,interpolation_duration: 1}
$data merge entity $(bone_tail5) {transformation: [-1.3322f,-0.3327f,-0.3715f,-0.3656f,-0.1196f,-0.8157f,1.1592f,3.4956f,-0.4842f,1.1169f,0.736f,-11.9351f,0f,0f,0f,1f],start_interpolation: 0,interpolation_duration: 1}
$data merge entity $(bone_tail4) {transformation: [-0.9903f,-0.2171f,-0.2661f,-0.4586f,-0.0823f,-0.6383f,0.8273f,3.222f,-0.3334f,0.8025f,0.5861f,-11.5912f,0f,0f,0f,1f],start_interpolation: 0,interpolation_duration: 1}
$data merge entity $(bone_segment18) {transformation: [-0.9097f,-0.3287f,-0.2538f,-0.6432f,0.0016f,-0.614f,0.7893f,2.8772f,-0.4153f,0.7176f,0.5591f,-11.1882f,0f,0f,0f,1f],start_interpolation: 0,interpolation_duration: 1}
$data merge entity $(bone_segment17) {transformation: [-0.9486f,-0.2645f,-0.1735f,-0.8363f,-0.0493f,-0.4182f,0.907f,2.5719f,-0.3125f,0.869f,0.3836f,-10.5539f,0f,0f,0f,1f],start_interpolation: 0,interpolation_duration: 1}
$data merge entity $(bone_segment16) {transformation: [-0.9776f,-0.1798f,-0.1097f,-1.008f,-0.0736f,-0.1963f,0.9778f,2.3846f,-0.1974f,0.9639f,0.1786f,-9.6337f,0f,0f,0f,1f],start_interpolation: 0,interpolation_duration: 1}
$data merge entity $(bone_segment15) {transformation: [-0.9959f,-0.0602f,-0.0668f,-1.0789f,-0.0691f,0.0366f,0.9969f,2.4277f,-0.0575f,0.9975f,-0.0406f,-8.4575f,0f,0f,0f,1f],start_interpolation: 0,interpolation_duration: 1}
$data merge entity $(bone_segment14) {transformation: [-1.0409f,0.1084f,-0.0596f,-0.957f,-0.0373f,0.2069f,1.0269f,2.6605f,0.1179f,1.0218f,-0.2016f,-7.3079f,0f,0f,0f,1f],start_interpolation: 0,interpolation_duration: 1}
$data merge entity $(bone_segment13) {transformation: [-1.0171f,0.1186f,-0.0591f,-0.8125f,-0.0338f,0.2102f,1.0034f,2.8862f,0.1281f,0.9969f,-0.2046f,-6.1017f,0f,0f,0f,1f],start_interpolation: 0,interpolation_duration: 1}
$data merge entity $(bone_segment12) {transformation: [-1.0914f,0.2259f,-0.0485f,-0.5396f,-0.0286f,0.1001f,1.1107f,3.0072f,0.2293f,1.0878f,-0.0922f,-4.7875f,0f,0f,0f,1f],start_interpolation: 0,interpolation_duration: 1}
$data merge entity $(bone_segment11) {transformation: [-1.167f,0.2351f,-0.0094f,-0.2679f,-0.0296f,-0.0993f,1.1859f,2.8924f,0.2334f,1.1628f,0.1032f,-3.4438f,0f,0f,0f,1f],start_interpolation: 0,interpolation_duration: 1}
$data merge entity $(bone_segment10) {transformation: [-1.0442f,0.089f,0.0201f,-0.1552f,0f,-0.2313f,1.0223f,2.6158f,0.0913f,1.0185f,0.2304f,-2.1548f,0f,0f,0f,1f],start_interpolation: 0,interpolation_duration: 1}
data modify entity @s data merge value {"cameras":{},"locators":{"mouth":{"posx":-0.42607461226462395,"posy":2.4395625676024872,"posz":5.364788829306887,"roty":179.36731681011523,"rotx":67.09236409481346}}}