# This file was generated by Animated Java via MC-Build. It is not recommended to edit this file directly.
$data merge entity $(bone_neck_spine5) {transformation: [-1.5657f,-0.1232f,-0.073f,-0.2403f,-0.1432f,1.3272f,0.8308f,4.1687f,-0.0035f,0.8339f,-1.3329f,0.2247f,0f,0f,0f,1f],start_interpolation: 0,interpolation_duration: 1}
$data merge entity $(bone_neck_spine2) {transformation: [-1.4912f,-0.1322f,0.0338f,-0.4862f,-0.1364f,1.4532f,-0.3343f,5.579f,-0.0033f,-0.336f,-1.4592f,2.0753f,0f,0f,0f,1f],start_interpolation: 0,interpolation_duration: 1}
$data merge entity $(bone_scale_neck_left1) {transformation: [-1.623f,0.2701f,0.0782f,0.377f,0.2777f,1.6115f,0.1975f,4.7679f,-0.0442f,0.2078f,-1.6334f,2.2465f,0f,0f,0f,1f],start_interpolation: 0,interpolation_duration: 1}
$data merge entity $(bone_scale_neck_right1) {transformation: [-1.5458f,-0.5589f,-0.1055f,-1.1887f,-0.5675f,1.5357f,0.1807f,4.6247f,0.0371f,0.206f,-1.6338f,2.243f,0f,0f,0f,1f],start_interpolation: 0,interpolation_duration: 1}
$data merge entity $(bone_blush_right1) {transformation: [-0.986f,-0.0289f,-0.1644f,-0.9065f,-0.0757f,0.9552f,0.286f,4.2441f,0.1488f,0.2945f,-0.944f,3.5795f,0f,0f,0f,1f],start_interpolation: 0,interpolation_duration: 1}
$data merge entity $(bone_blush_left1) {transformation: [-0.986f,-0.0289f,-0.1644f,0.4001f,-0.0757f,0.9552f,0.286f,4.3444f,0.1488f,0.2945f,-0.944f,3.3823f,0f,0f,0f,1f],start_interpolation: 0,interpolation_duration: 1}
$data merge entity $(bone_left_head_scales) {transformation: [-0.7986f,-0.0289f,-0.6011f,0.3255f,-0.1992f,0.9552f,0.2188f,5.155f,0.5679f,0.2945f,-0.7686f,3.2246f,0f,0f,0f,1f],start_interpolation: 0,interpolation_duration: 1}
$data merge entity $(bone_left_head_scales2) {transformation: [-0.7134f,-0.0289f,-0.7002f,0.3791f,-0.226f,0.9552f,0.1909f,4.2486f,0.6633f,0.2945f,-0.6879f,3.119f,0f,0f,0f,1f],start_interpolation: 0,interpolation_duration: 1}
$data merge entity $(bone_left_head_scales1) {transformation: [-0.986f,-0.0289f,-0.1644f,0.3287f,-0.0757f,0.9552f,0.286f,5.0477f,0.1488f,0.2945f,-0.944f,3.1915f,0f,0f,0f,1f],start_interpolation: 0,interpolation_duration: 1}
$data merge entity $(bone_right_head_scales) {transformation: [-0.9505f,-0.0289f,0.3094f,-1.0033f,0.065f,0.9552f,0.2887f,5.053f,-0.3039f,0.2945f,-0.9061f,3.4251f,0f,0f,0f,1f],start_interpolation: 0,interpolation_duration: 1}
$data merge entity $(bone_right_head_scales2) {transformation: [-0.902f,-0.0289f,0.4308f,-0.9497f,0.1021f,0.9552f,0.2777f,4.1466f,-0.4196f,0.2945f,-0.8586f,3.3196f,0f,0f,0f,1f],start_interpolation: 0,interpolation_duration: 1}
$data merge entity $(bone_right_head_scales1) {transformation: [-0.986f,-0.0289f,-0.1644f,-1.0001f,-0.0757f,0.9552f,0.286f,4.9457f,0.1488f,0.2945f,-0.944f,3.392f,0f,0f,0f,1f],start_interpolation: 0,interpolation_duration: 1}
$data merge entity $(bone_head_left_fin1) {transformation: [-0.3628f,0.0659f,-0.9812f,0.327f,-0.03f,1.0446f,0.0812f,4.6695f,0.9829f,0.0562f,-0.3597f,2.988f,0f,0f,0f,1f],start_interpolation: 0,interpolation_duration: 1}
$data merge entity $(bone_head_right_fin1) {transformation: [-0.6355f,-0.2016f,0.8088f,-1.0017f,-0.0466f,1.0241f,0.2186f,4.5676f,-0.8323f,0.0965f,-0.6298f,3.1885f,0f,0f,0f,1f],start_interpolation: 0,interpolation_duration: 1}
$data merge entity $(bone_right_whisker16) {transformation: [-0.2027f,-0.1745f,0.9636f,-1.565f,0.9768f,-0.1059f,0.1863f,3.1854f,0.0695f,0.979f,0.1919f,1.432f,0f,0f,0f,1f],start_interpolation: 0,interpolation_duration: 1}
$data merge entity $(bone_right_whisker15) {transformation: [0.2409f,-0.2409f,0.9402f,-1.6462f,0.3763f,0.9161f,0.1383f,3.0586f,-0.8946f,0.3205f,0.3113f,1.7334f,0f,0f,0f,1f],start_interpolation: 0,interpolation_duration: 1}
$data merge entity $(bone_right_whisker14) {transformation: [0.5522f,-0.3541f,0.7548f,-1.8322f,-0.2138f,0.8149f,0.5387f,3.1307f,-0.8059f,-0.4588f,0.3743f,2.0049f,0f,0f,0f,1f],start_interpolation: 0,interpolation_duration: 1}
$data merge entity $(bone_right_whisker13) {transformation: [0.0105f,-0.4396f,0.8981f,-1.8357f,0.1519f,0.8885f,0.4331f,3.0795f,-0.9883f,0.1319f,0.0761f,2.3379f,0f,0f,0f,1f],start_interpolation: 0,interpolation_duration: 1}
$data merge entity $(bone_right_whisker12) {transformation: [-0.554f,-0.4095f,0.7249f,-1.5869f,-0.4281f,0.8868f,0.1738f,3.2718f,-0.714f,-0.2141f,-0.6666f,2.6586f,0f,0f,0f,1f],start_interpolation: 0,interpolation_duration: 1}
$data merge entity $(bone_right_whisker11) {transformation: [-0.9314f,-0.2799f,0.2327f,-1.1685f,-0.2848f,0.9585f,0.0127f,3.3998f,-0.2266f,-0.0544f,-0.9725f,2.7604f,0f,0f,0f,1f],start_interpolation: 0,interpolation_duration: 1}
$data merge entity $(bone_right_whisker10) {transformation: [-0.5364f,-0.6473f,0.5416f,-0.9275f,-0.5824f,0.7483f,0.3175f,3.6614f,-0.6108f,-0.1451f,-0.7784f,3.0348f,0f,0f,0f,1f],start_interpolation: 0,interpolation_duration: 1}
$data merge entity $(bone_right_whisker1) {transformation: [0.0161f,-0.7214f,0.6924f,-0.9347f,-0.7347f,0.4612f,0.4976f,3.9914f,-0.6782f,-0.5167f,-0.5225f,3.3395f,0f,0f,0f,1f],start_interpolation: 0,interpolation_duration: 1}
$data merge entity $(bone_left_whisker16) {transformation: [-0.066f,0.4678f,-0.8814f,0.5497f,-0.9974f,-0.0566f,0.0447f,3.3477f,-0.0289f,0.882f,0.4703f,1.1128f,0f,0f,0f,1f],start_interpolation: 0,interpolation_duration: 1}
$data merge entity $(bone_left_whisker15) {transformation: [0.5461f,0.1849f,-0.8171f,0.7337f,-0.3159f,0.9488f,0.0035f,3.2413f,0.7759f,0.2562f,0.5765f,1.3742f,0f,0f,0f,1f],start_interpolation: 0,interpolation_duration: 1}
$data merge entity $(bone_left_whisker14) {transformation: [0.7259f,0.0781f,-0.6833f,0.9783f,0.3119f,0.8481f,0.4283f,3.3464f,0.613f,-0.524f,0.5913f,1.5807f,0f,0f,0f,1f],start_interpolation: 0,interpolation_duration: 1}
$data merge entity $(bone_left_whisker13) {transformation: [0.3225f,0.3212f,-0.8904f,1.0869f,-0.1264f,0.9469f,0.2958f,3.3038f,0.9381f,0.0171f,0.346f,1.8968f,0f,0f,0f,1f],start_interpolation: 0,interpolation_duration: 1}
$data merge entity $(bone_left_whisker12) {transformation: [-0.3775f,0.1915f,-0.906f,0.9174f,0.3567f,0.933f,0.0486f,3.464f,0.8546f,-0.3048f,-0.4205f,2.2807f,0f,0f,0f,1f],start_interpolation: 0,interpolation_duration: 1}
$data merge entity $(bone_left_whisker11) {transformation: [-0.8555f,0.1053f,-0.507f,0.5331f,0.1477f,0.988f,-0.0441f,3.5303f,0.4963f,-0.1126f,-0.8608f,2.5036f,0f,0f,0f,1f],start_interpolation: 0,interpolation_duration: 1}
$data merge entity $(bone_left_whisker10) {transformation: [-0.4142f,0.457f,-0.7872f,0.347f,0.5095f,0.8331f,0.2156f,3.7592f,0.7543f,-0.3118f,-0.5778f,2.8425f,0f,0f,0f,1f],start_interpolation: 0,interpolation_duration: 1}
$data merge entity $(bone_left_whisker1) {transformation: [0.1046f,0.4607f,-0.8814f,0.394f,0.7439f,0.5519f,0.3768f,4.0934f,0.66f,-0.6951f,-0.285f,3.139f,0f,0f,0f,1f],start_interpolation: 0,interpolation_duration: 1}
$data merge entity $(bone_upper_left_tooth1) {transformation: [-0.986f,-0.0431f,-0.1613f,0.1724f,-0.0757f,0.9765f,0.2017f,4.1929f,0.1488f,0.2111f,-0.9661f,4.1741f,0f,0f,0f,1f],start_interpolation: 0,interpolation_duration: 1}
$data merge entity $(bone_upper_right_tooth1) {transformation: [-0.986f,-0.0431f,-0.1613f,-0.492f,-0.0757f,0.9765f,0.2017f,4.1419f,0.1488f,0.2111f,-0.9661f,4.2743f,0f,0f,0f,1f],start_interpolation: 0,interpolation_duration: 1}
$data merge entity $(bone_top_lip1) {transformation: [-0.986f,-0.0956f,-0.1368f,-0.1374f,-0.0757f,0.9866f,-0.1445f,4.2902f,0.1488f,-0.1321f,-0.98f,4.2461f,0f,0f,0f,1f],start_interpolation: 0,interpolation_duration: 1}
$data merge entity $(bone_muzzle1) {transformation: [-0.986f,-0.0431f,-0.1613f,-0.2352f,-0.0757f,0.9765f,0.2017f,4.5679f,0.1488f,0.2111f,-0.9661f,3.7392f,0f,0f,0f,1f],start_interpolation: 0,interpolation_duration: 1}
$data merge entity $(bone_jaw_right_tooth1) {transformation: [-0.986f,-0.1367f,-0.0958f,-0.4915f,-0.0757f,0.8777f,-0.4732f,4.1745f,0.1488f,-0.4593f,-0.8757f,4.2938f,0f,0f,0f,1f],start_interpolation: 0,interpolation_duration: 1}
$data merge entity $(bone_jaw_left_tooth1) {transformation: [-0.986f,-0.1367f,-0.0958f,0.2282f,-0.0757f,0.8777f,-0.4732f,4.2297f,0.1488f,-0.4593f,-0.8757f,4.1852f,0f,0f,0f,1f],start_interpolation: 0,interpolation_duration: 1}
$data merge entity $(bone_tongue1) {transformation: [-0.986f,-0.0834f,-0.1446f,-0.2472f,-0.0757f,0.9954f,-0.0579f,4.1474f,0.1488f,-0.0462f,-0.9878f,3.4462f,0f,0f,0f,1f],start_interpolation: 0,interpolation_duration: 1}
$data merge entity $(bone_jaw_lips1) {transformation: [-0.986f,-0.0834f,-0.1446f,-0.0511f,-0.0757f,0.9954f,-0.0579f,4.0752f,0.1488f,-0.0462f,-0.9878f,4.3313f,0f,0f,0f,1f],start_interpolation: 0,interpolation_duration: 1}
$data merge entity $(bone_jaw3) {transformation: [-0.986f,-0.118f,-0.1181f,-0.1473f,-0.0757f,0.9465f,-0.3136f,3.7137f,0.1488f,-0.3003f,-0.9422f,3.5101f,0f,0f,0f,1f],start_interpolation: 0,interpolation_duration: 1}
$data merge entity $(bone_jaw1) {transformation: [-0.986f,0.0001f,-0.1669f,-0.2973f,-0.0757f,0.891f,0.4476f,4.1158f,0.1488f,0.4539f,-0.8785f,2.7207f,0f,0f,0f,1f],start_interpolation: 0,interpolation_duration: 1}
$data merge entity $(bone_tear_right1) {transformation: [-0.986f,-0.0289f,-0.1644f,-0.8459f,-0.0757f,0.9552f,0.286f,4.595f,0.1488f,0.2945f,-0.944f,3.7823f,0f,0f,0f,1f],start_interpolation: 0,interpolation_duration: 1}
$data merge entity $(bone_right_pupil1) {transformation: [-0.986f,-0.0289f,-0.1644f,-0.6553f,-0.0757f,0.9552f,0.286f,4.697f,0.1488f,0.2945f,-0.944f,3.8514f,0f,0f,0f,1f],start_interpolation: 0,interpolation_duration: 1}
$data merge entity $(bone_right_sad_pupil1) {transformation: [-0.986f,-0.0289f,-0.1644f,-0.6572f,-0.0757f,0.9552f,0.286f,4.7002f,0.1488f,0.2945f,-0.944f,3.8408f,0f,0f,0f,1f],start_interpolation: 0,interpolation_duration: 1}
$data merge entity $(bone_right_happy_pupil1) {transformation: [-0.986f,-0.0289f,-0.1644f,-0.6841f,-0.0757f,0.9552f,0.286f,4.6712f,0.1488f,0.2945f,-0.944f,3.8368f,0f,0f,0f,1f],start_interpolation: 0,interpolation_duration: 1}
$data merge entity $(bone_eyelid_right1) {transformation: [-0.986f,-0.0289f,-0.1644f,-0.3216f,-0.0757f,0.9552f,0.286f,4.8399f,0.1488f,0.2945f,-0.944f,3.2299f,0f,0f,0f,1f],start_interpolation: 0,interpolation_duration: 1}
$data merge entity $(bone_eyelid_expressions_right5) {transformation: [-0.986f,-0.0289f,-0.1644f,-0.7878f,-0.0757f,0.9552f,0.286f,4.7977f,0.1488f,0.2945f,-0.944f,3.8931f,0f,0f,0f,1f],start_interpolation: 0,interpolation_duration: 1}
$data merge entity $(bone_eyelid_expressions_right7) {transformation: [-0.986f,-0.0289f,-0.1644f,-0.4556f,-0.0757f,0.9552f,0.286f,4.8232f,0.1488f,0.2945f,-0.944f,3.843f,0f,0f,0f,1f],start_interpolation: 0,interpolation_duration: 1}
$data merge entity $(bone_eyelid_expressions_right6) {transformation: [-0.986f,-0.0289f,-0.1644f,-0.5663f,-0.0757f,0.9552f,0.286f,4.8147f,0.1488f,0.2945f,-0.944f,3.8597f,0f,0f,0f,1f],start_interpolation: 0,interpolation_duration: 1}
$data merge entity $(bone_right_eye1) {transformation: [-0.986f,-0.0289f,-0.1644f,-0.3308f,-0.0757f,0.9552f,0.286f,4.8358f,0.1488f,0.2945f,-0.944f,3.2422f,0f,0f,0f,1f],start_interpolation: 0,interpolation_duration: 1}
$data merge entity $(bone_tear_left1) {transformation: [-0.986f,-0.0289f,-0.1644f,0.35f,-0.0757f,0.9552f,0.286f,4.6867f,0.1488f,0.2945f,-0.944f,3.6019f,0f,0f,0f,1f],start_interpolation: 0,interpolation_duration: 1}
$data merge entity $(bone_left_sad_pupil1) {transformation: [-0.986f,-0.0289f,-0.1644f,0.1733f,-0.0757f,0.9552f,0.286f,4.7639f,0.1488f,0.2945f,-0.944f,3.7155f,0f,0f,0f,1f],start_interpolation: 0,interpolation_duration: 1}
$data merge entity $(bone_left_pupil1) {transformation: [-0.986f,-0.0289f,-0.1644f,0.1751f,-0.0757f,0.9552f,0.286f,4.7607f,0.1488f,0.2945f,-0.944f,3.7261f,0f,0f,0f,1f],start_interpolation: 0,interpolation_duration: 1}
$data merge entity $(bone_eyelid_left1) {transformation: [-0.986f,-0.0289f,-0.1644f,-0.3437f,-0.0757f,0.9552f,0.286f,4.8382f,0.1488f,0.2945f,-0.944f,3.2332f,0f,0f,0f,1f],start_interpolation: 0,interpolation_duration: 1}
$data merge entity $(bone_left_happy_pupil1) {transformation: [-0.986f,-0.0289f,-0.1644f,0.2018f,-0.0757f,0.9552f,0.286f,4.7392f,0.1488f,0.2945f,-0.944f,3.7031f,0f,0f,0f,1f],start_interpolation: 0,interpolation_duration: 1}
$data merge entity $(bone_eyelid_expressions_left5) {transformation: [-0.986f,-0.0289f,-0.1644f,0.2974f,-0.0757f,0.9552f,0.286f,4.881f,0.1488f,0.2945f,-0.944f,3.7294f,0f,0f,0f,1f],start_interpolation: 0,interpolation_duration: 1}
$data merge entity $(bone_eyelid_expressions_left7) {transformation: [-0.986f,-0.0289f,-0.1644f,-0.0348f,-0.0757f,0.9552f,0.286f,4.8555f,0.1488f,0.2945f,-0.944f,3.7795f,0f,0f,0f,1f],start_interpolation: 0,interpolation_duration: 1}
$data merge entity $(bone_eyelid_expressions_left6) {transformation: [-0.986f,-0.0289f,-0.1644f,0.0759f,-0.0757f,0.9552f,0.286f,4.864f,0.1488f,0.2945f,-0.944f,3.7628f,0f,0f,0f,1f],start_interpolation: 0,interpolation_duration: 1}
$data merge entity $(bone_left_eye1) {transformation: [-0.986f,-0.0289f,-0.1644f,-0.3308f,-0.0757f,0.9552f,0.286f,4.8358f,0.1488f,0.2945f,-0.944f,3.2422f,0f,0f,0f,1f],start_interpolation: 0,interpolation_duration: 1}
$data merge entity $(bone_crest_middle5) {transformation: [-0.986f,-0.0638f,-0.1543f,-0.2924f,-0.0757f,0.9945f,0.0725f,6.0231f,0.1488f,0.0832f,-0.9854f,4.1003f,0f,0f,0f,1f],start_interpolation: 0,interpolation_duration: 1}
$data merge entity $(bone_crest_middle4) {transformation: [-0.986f,-0.0638f,-0.1543f,-0.2495f,-0.0757f,0.9945f,0.0725f,5.353f,0.1488f,0.0832f,-0.9854f,4.0442f,0f,0f,0f,1f],start_interpolation: 0,interpolation_duration: 1}
$data merge entity $(bone_crest_middle1) {transformation: [-0.986f,-0.0638f,-0.1543f,-0.2042f,-0.0757f,0.9945f,0.0725f,4.8443f,0.1488f,0.0832f,-0.9854f,4.0852f,0f,0f,0f,1f],start_interpolation: 0,interpolation_duration: 1}
$data merge entity $(bone_crest_left5) {transformation: [-0.5054f,-0.8613f,-0.0524f,-1.3467f,-0.8463f,0.4829f,0.2249f,5.2987f,-0.1684f,0.1581f,-0.973f,4.1691f,0f,0f,0f,1f],start_interpolation: 0,interpolation_duration: 1}
$data merge entity $(bone_crest_left4) {transformation: [-0.5054f,-0.8613f,-0.0524f,-0.863f,-0.8463f,0.4829f,0.2249f,5.0275f,-0.1684f,0.1581f,-0.973f,4.0803f,0f,0f,0f,1f],start_interpolation: 0,interpolation_duration: 1}
$data merge entity $(bone_crest_left1) {transformation: [-0.5054f,-0.8613f,-0.0524f,-0.334f,-0.8463f,0.4829f,0.2249f,4.7419f,-0.1684f,0.1581f,-0.973f,3.928f,0f,0f,0f,1f],start_interpolation: 0,interpolation_duration: 1}
$data merge entity $(bone_crest_center1) {transformation: [-0.986f,-0.0289f,-0.1644f,-0.2225f,-0.0757f,0.9552f,0.286f,4.7235f,0.1488f,0.2945f,-0.944f,3.9031f,0f,0f,0f,1f],start_interpolation: 0,interpolation_duration: 1}
$data merge entity $(bone_crest_right5) {transformation: [-0.5541f,0.7876f,-0.2695f,0.8313f,0.765f,0.6095f,0.2083f,5.4658f,0.3283f,-0.0908f,-0.9402f,3.8404f,0f,0f,0f,1f],start_interpolation: 0,interpolation_duration: 1}
$data merge entity $(bone_crest_right4) {transformation: [-0.5541f,0.7876f,-0.2695f,0.3891f,0.765f,0.6095f,0.2083f,5.1236f,0.3283f,-0.0908f,-0.9402f,3.8913f,0f,0f,0f,1f],start_interpolation: 0,interpolation_duration: 1}
$data merge entity $(bone_crest_right1) {transformation: [-0.5541f,0.7876f,-0.2695f,-0.1125f,0.765f,0.6095f,0.2083f,4.7589f,0.3283f,-0.0908f,-0.9402f,3.8946f,0f,0f,0f,1f],start_interpolation: 0,interpolation_duration: 1}
$data merge entity $(bone_head1) {transformation: [-1.0335f,-0.0303f,-0.1723f,-0.4307f,-0.0793f,1.0012f,0.2998f,4.9589f,0.156f,0.3086f,-0.9895f,2.6425f,0f,0f,0f,1f],start_interpolation: 0,interpolation_duration: 1}
$data merge entity $(bone_neck10) {transformation: [-1.4912f,-0.1354f,0.0163f,-0.3785f,-0.1364f,1.4844f,-0.1418f,4.4125f,-0.0033f,-0.1427f,-1.4906f,1.6233f,0f,0f,0f,1f],start_interpolation: 0,interpolation_duration: 1}
$data merge entity $(bone_neck9) {transformation: [-1.1407f,-0.073f,-0.0746f,-0.298f,-0.1043f,0.7773f,0.8349f,3.5555f,-0.0026f,0.8382f,-0.7807f,0.6611f,0f,0f,0f,1f],start_interpolation: 0,interpolation_duration: 1}
$data merge entity $(bone_neck8) {transformation: [-1.0587f,-0.0548f,-0.0798f,-0.2472f,-0.0968f,0.5778f,0.8872f,3.0225f,-0.0024f,0.8908f,-0.5803f,-0.2634f,0f,0f,0f,1f],start_interpolation: 0,interpolation_duration: 1}
$data merge entity $(bone_neck7) {transformation: [-1.052f,0.0156f,-0.0868f,-0.2629f,-0.0727f,0.4348f,0.9592f,2.5831f,0.0499f,0.9618f,-0.4322f,-1.2355f,0f,0f,0f,1f],start_interpolation: 0,interpolation_duration: 1}
$data merge entity $(bone_neck6) {transformation: [-1.0226f,0.1843f,-0.1488f,-0.4344f,-0.1277f,0.1265f,1.0342f,2.4823f,0.1996f,1.0256f,-0.1009f,-2.1787f,0f,0f,0f,1f],start_interpolation: 0,interpolation_duration: 1}
$data merge entity $(bone_neck_spine6) {transformation: [-1.2613f,-0.1703f,0.0101f,-0.8377f,0.0428f,-0.2429f,1.2487f,3.51f,-0.1651f,1.2377f,0.2464f,-5.6304f,0f,0f,0f,1f],start_interpolation: 0,interpolation_duration: 1}
$data merge entity $(bone_neck_spine7) {transformation: [-0.9525f,-0.3026f,0.0356f,-0.0967f,0.1038f,-0.2125f,0.9716f,4.6943f,-0.2865f,0.9291f,0.2338f,-8.792f,0f,0f,0f,1f],start_interpolation: 0,interpolation_duration: 1}
$data merge entity $(bone_tail6) {transformation: [-1.7175f,-0.033f,0.1196f,0.5532f,0.1029f,0.5481f,1.6292f,4.5771f,-0.0693f,1.6321f,-0.5447f,-12.692f,0f,0f,0f,1f],start_interpolation: 0,interpolation_duration: 1}
$data merge entity $(bone_tail5) {transformation: [-1.4188f,-0.044f,0.0926f,0.5254f,0.085f,0.2122f,1.404f,4.7112f,-0.0573f,1.4059f,-0.209f,-11.8041f,0f,0f,0f,1f],start_interpolation: 0,interpolation_duration: 1}
$data merge entity $(bone_tail4) {transformation: [-1.0444f,-0.0194f,0.0864f,0.5171f,0.084f,0.1076f,1.0393f,4.7573f,-0.0281f,1.0425f,-0.1056f,-11.3573f,0f,0f,0f,1f],start_interpolation: 0,interpolation_duration: 1}
$data merge entity $(bone_segment18) {transformation: [-0.9855f,-0.1484f,0.0825f,0.4337f,0.0661f,0.1122f,0.9915f,4.8203f,-0.1564f,0.9825f,-0.1008f,-10.8056f,0f,0f,0f,1f],start_interpolation: 0,interpolation_duration: 1}
$data merge entity $(bone_segment17) {transformation: [-0.9746f,-0.219f,0.0467f,0.2739f,0.0725f,-0.1113f,0.9911f,4.739f,-0.2118f,0.9694f,0.1244f,-10.098f,0f,0f,0f,1f],start_interpolation: 0,interpolation_duration: 1}
$data merge entity $(bone_segment16) {transformation: [-0.9603f,-0.2788f,-0.0041f,0.0077f,0.0913f,-0.3283f,0.9402f,4.4256f,-0.2635f,0.9025f,0.3407f,-9.2365f,0f,0f,0f,1f],start_interpolation: 0,interpolation_duration: 1}
$data merge entity $(bone_segment15) {transformation: [-0.9525f,-0.3015f,-0.044f,-0.3479f,0.1038f,-0.4568f,0.8835f,3.887f,-0.2865f,0.8369f,0.4663f,-8.2495f,0f,0f,0f,1f],start_interpolation: 0,interpolation_duration: 1}
$data merge entity $(bone_segment14) {transformation: [-1.0161f,-0.2523f,-0.051f,-0.6317f,0.0778f,-0.4989f,0.9185f,3.3258f,-0.2453f,0.8866f,0.5024f,-7.2521f,0f,0f,0f,1f],start_interpolation: 0,interpolation_duration: 1}
$data merge entity $(bone_segment13) {transformation: [-1.0165f,-0.1366f,-0.0158f,-0.7957f,0.0345f,-0.3675f,0.957f,2.857f,-0.1331f,0.9478f,0.3688f,-6.1206f,0f,0f,0f,1f],start_interpolation: 0,interpolation_duration: 1}
$data merge entity $(bone_segment12) {transformation: [-1.1155f,0.0041f,0.0088f,-0.7907f,0.0078f,-0.2165f,1.0943f,2.5954f,0.0058f,1.0943f,0.2165f,-4.7986f,0f,0f,0f,1f],start_interpolation: 0,interpolation_duration: 1}
$data merge entity $(bone_segment11) {transformation: [-1.1812f,0.1478f,0.0087f,-0.6199f,0.0007f,-0.0644f,1.1887f,2.521f,0.1481f,1.1795f,0.0638f,-3.4355f,0f,0f,0f,1f],start_interpolation: 0,interpolation_duration: 1}
$data merge entity $(bone_segment10) {transformation: [-1.0369f,0.153f,0.004f,-0.4267f,0f,-0.0273f,1.0478f,2.5021f,0.153f,1.0366f,0.027f,-2.1267f,0f,0f,0f,1f],start_interpolation: 0,interpolation_duration: 1}
data modify entity @s data merge value {"cameras":{},"locators":{"mouth":{"posx":-0.020744259596693015,"posy":4.147866881160142,"posz":4.946932598720889,"roty":185.59862578579796,"rotx":72.79020040511166}}}