# This file was generated by Animated Java via MC-Build. It is not recommended to edit this file directly.
$data merge entity $(bone_neck_spine5) {transformation: [-1.5665f,0.0169f,0.1332f,0.2218f,0.1042f,1.1364f,1.0816f,3.2295f,-0.0847f,1.0865f,-1.1333f,0.514f,0f,0f,0f,1f],start_interpolation: 0,interpolation_duration: 1}
$data merge entity $(bone_neck_spine2) {transformation: [-1.4919f,0.101f,0.0783f,0.0646f,0.0992f,1.4937f,-0.0369f,4.262f,-0.0806f,-0.0315f,-1.4949f,2.6076f,0f,0f,0f,1f],start_interpolation: 0,interpolation_duration: 1}
$data merge entity $(bone_scale_neck_left1) {transformation: [-1.5596f,0.4864f,0.2102f,0.7888f,0.5284f,1.4759f,0.5057f,3.3096f,-0.039f,0.5462f,-1.5534f,2.6352f,0f,0f,0f,1f],start_interpolation: 0,interpolation_duration: 1}
$data merge entity $(bone_scale_neck_right1) {transformation: [-1.6108f,-0.343f,0.0263f,-0.7778f,-0.3176f,1.531f,0.5179f,3.4138f,-0.1323f,0.5014f,-1.5634f,2.5505f,0f,0f,0f,1f],start_interpolation: 0,interpolation_duration: 1}
$data merge entity $(bone_blush_right1) {transformation: [-0.9743f,0.0338f,0.2228f,-0.8906f,0.0821f,0.974f,0.2113f,2.998f,-0.2098f,0.2241f,-0.9517f,3.7702f,0f,0f,0f,1f],start_interpolation: 0,interpolation_duration: 1}
$data merge entity $(bone_blush_left1) {transformation: [-0.9743f,0.0338f,0.2228f,0.4005f,0.0821f,0.974f,0.2113f,2.8892f,-0.2098f,0.2241f,-0.9517f,4.0483f,0f,0f,0f,1f],start_interpolation: 0,interpolation_duration: 1}
$data merge entity $(bone_left_head_scales) {transformation: [-0.9671f,0.0338f,-0.2523f,0.5237f,-0.0247f,0.974f,0.2253f,3.6823f,0.2533f,0.2241f,-0.9411f,3.8402f,0f,0f,0f,1f],start_interpolation: 0,interpolation_duration: 1}
$data merge entity $(bone_left_head_scales2) {transformation: [-0.9259f,0.0338f,-0.3763f,0.4558f,-0.0539f,0.974f,0.2202f,2.7716f,0.374f,0.2241f,-0.8999f,3.7991f,0f,0f,0f,1f],start_interpolation: 0,interpolation_duration: 1}
$data merge entity $(bone_left_head_scales1) {transformation: [-0.9743f,0.0338f,0.2228f,0.5199f,0.0821f,0.974f,0.2113f,3.5729f,-0.2098f,0.2241f,-0.9517f,3.815f,0f,0f,0f,1f],start_interpolation: 0,interpolation_duration: 1}
$data merge entity $(bone_right_head_scales) {transformation: [-0.7613f,0.0338f,0.6475f,-0.7893f,0.1704f,0.974f,0.1495f,3.793f,-0.6256f,0.2241f,-0.7473f,3.5574f,0f,0f,0f,1f],start_interpolation: 0,interpolation_duration: 1}
$data merge entity $(bone_right_head_scales2) {transformation: [-0.6703f,0.0338f,0.7413f,-0.8572f,0.1885f,0.974f,0.126f,2.8823f,-0.7178f,0.2241f,-0.6592f,3.5164f,0f,0f,0f,1f],start_interpolation: 0,interpolation_duration: 1}
$data merge entity $(bone_right_head_scales1) {transformation: [-0.9743f,0.0338f,0.2228f,-0.7931f,0.0821f,0.974f,0.2113f,3.6836f,-0.2098f,0.2241f,-0.9517f,3.5322f,0f,0f,0f,1f],start_interpolation: 0,interpolation_duration: 1}
$data merge entity $(bone_head_left_fin1) {transformation: [-0.6794f,0.2187f,-0.7677f,0.5245f,0.1205f,1.0246f,0.1853f,3.1805f,0.7891f,0.0318f,-0.6892f,3.6405f,0f,0f,0f,1f],start_interpolation: 0,interpolation_duration: 1}
$data merge entity $(bone_head_right_fin1) {transformation: [-0.3071f,-0.0456f,1.0012f,-0.7885f,-0.0374f,1.0469f,0.0362f,3.2912f,-1.0015f,-0.0251f,-0.3083f,3.3577f,0f,0f,0f,1f],start_interpolation: 0,interpolation_duration: 1}
$data merge entity $(bone_right_whisker16) {transformation: [-0.0453f,-0.5171f,0.8548f,-0.9365f,0.9978f,0.0183f,0.0639f,1.8365f,-0.0487f,0.8558f,0.5151f,1.5758f,0f,0f,0f,1f],start_interpolation: 0,interpolation_duration: 1}
$data merge entity $(bone_right_whisker15) {transformation: [0.5951f,-0.1776f,0.7838f,-1.137f,0.2468f,0.9685f,0.032f,1.7533f,-0.7648f,0.1744f,0.6202f,1.8335f,0f,0f,0f,1f],start_interpolation: 0,interpolation_duration: 1}
$data merge entity $(bone_right_whisker14) {transformation: [0.7516f,-0.0301f,0.6589f,-1.3903f,-0.3702f,0.8076f,0.4591f,1.8781f,-0.5459f,-0.589f,0.5959f,2.0174f,0f,0f,0f,1f],start_interpolation: 0,interpolation_duration: 1}
$data merge entity $(bone_right_whisker13) {transformation: [0.3767f,-0.3005f,0.8762f,-1.5172f,0.0497f,0.9511f,0.3048f,1.8613f,-0.925f,-0.0713f,0.3732f,2.3291f,0f,0f,0f,1f],start_interpolation: 0,interpolation_duration: 1}
$data merge entity $(bone_right_whisker12) {transformation: [-0.3374f,-0.1535f,0.9287f,-1.3656f,-0.4129f,0.9108f,0.0005f,2.0468f,-0.8459f,-0.3834f,-0.3707f,2.7091f,0f,0f,0f,1f],start_interpolation: 0,interpolation_duration: 1}
$data merge entity $(bone_right_whisker11) {transformation: [-0.8298f,-0.0768f,0.5528f,-0.9928f,-0.1691f,0.9785f,-0.1178f,2.1228f,-0.5319f,-0.1912f,-0.825f,2.948f,0f,0f,0f,1f],start_interpolation: 0,interpolation_duration: 1}
$data merge entity $(bone_right_whisker10) {transformation: [-0.383f,-0.4203f,0.8226f,-0.8208f,-0.5571f,0.8154f,0.1572f,2.373f,-0.7368f,-0.398f,-0.5465f,3.279f,0f,0f,0f,1f],start_interpolation: 0,interpolation_duration: 1}
$data merge entity $(bone_right_whisker1) {transformation: [0.1244f,-0.4091f,0.904f,-0.8766f,-0.7932f,0.5064f,0.3383f,2.7293f,-0.5962f,-0.7591f,-0.2615f,3.5468f,0f,0f,0f,1f],start_interpolation: 0,interpolation_duration: 1}
$data merge entity $(bone_left_whisker16) {transformation: [-0.2203f,0.1176f,-0.9683f,1.1532f,-0.9754f,-0.0352f,0.2176f,1.6604f,-0.0085f,0.9924f,0.1225f,2.0259f,0f,0f,0f,1f],start_interpolation: 0,interpolation_duration: 1}
$data merge entity $(bone_left_whisker15) {transformation: [0.1825f,0.2432f,-0.9527f,1.2146f,-0.3124f,0.9331f,0.1784f,1.5551f,0.9323f,0.265f,0.2463f,2.34f,0f,0f,0f,1f],start_interpolation: 0,interpolation_duration: 1}
$data merge entity $(bone_left_whisker14) {transformation: [0.5113f,0.397f,-0.7622f,1.3869f,0.2637f,0.7716f,0.5789f,1.644f,0.8179f,-0.497f,0.2898f,2.6155f,0f,0f,0f,1f],start_interpolation: 0,interpolation_duration: 1}
$data merge entity $(bone_left_whisker13) {transformation: [-0.0477f,0.4513f,-0.8911f,1.3708f,-0.0774f,0.8878f,0.4538f,1.6179f,0.9959f,0.0906f,-0.0074f,2.9511f,0f,0f,0f,1f],start_interpolation: 0,interpolation_duration: 1}
$data merge entity $(bone_left_whisker12) {transformation: [-0.583f,0.4404f,-0.6828f,1.109f,0.4905f,0.8607f,0.1363f,1.8382f,0.6477f,-0.2555f,-0.7178f,3.242f,0f,0f,0f,1f],start_interpolation: 0,interpolation_duration: 1}
$data merge entity $(bone_left_whisker11) {transformation: [-0.9359f,0.3038f,-0.1782f,0.6885f,0.3179f,0.9465f,-0.0562f,1.981f,0.1516f,-0.1092f,-0.9824f,3.3101f,0f,0f,0f,1f],start_interpolation: 0,interpolation_duration: 1}
$data merge entity $(bone_left_whisker10) {transformation: [-0.5563f,0.6709f,-0.4904f,0.4386f,0.6363f,0.7234f,0.2679f,2.2669f,0.5345f,-0.163f,-0.8293f,3.5502f,0f,0f,0f,1f],start_interpolation: 0,interpolation_duration: 1}
$data merge entity $(bone_left_whisker1) {transformation: [-0.0051f,0.759f,-0.6511f,0.4364f,0.7831f,0.4079f,0.4694f,2.6187f,0.6218f,-0.5075f,-0.5964f,3.8296f,0f,0f,0f,1f],start_interpolation: 0,interpolation_duration: 1}
$data merge entity $(bone_upper_left_tooth1) {transformation: [-0.9743f,0.0531f,0.219f,-0.1087f,0.0821f,0.9887f,0.1256f,2.8516f,-0.2098f,0.1403f,-0.9676f,4.7123f,0f,0f,0f,1f],start_interpolation: 0,interpolation_duration: 1}
$data merge entity $(bone_upper_right_tooth1) {transformation: [-0.9743f,0.0531f,0.219f,-0.7652f,0.0821f,0.9887f,0.1256f,2.9069f,-0.2098f,0.1403f,-0.9676f,4.5709f,0f,0f,0f,1f],start_interpolation: 0,interpolation_duration: 1}
$data merge entity $(bone_top_lip1) {transformation: [-0.9743f,0.1248f,0.1876f,-0.4031f,0.0821f,0.972f,-0.2201f,2.9991f,-0.2098f,-0.1991f,-0.9573f,4.6648f,0f,0f,0f,1f],start_interpolation: 0,interpolation_duration: 1}
$data merge entity $(bone_muzzle1) {transformation: [-0.9743f,0.0531f,0.219f,-0.2712f,0.0821f,0.9887f,0.1256f,3.2361f,-0.2098f,0.1403f,-0.9676f,4.1451f,0f,0f,0f,1f],start_interpolation: 0,interpolation_duration: 1}
$data merge entity $(bone_jaw_right_tooth1) {transformation: [-0.9743f,0.1814f,0.1336f,-0.766f,0.0821f,0.8381f,-0.5393f,2.9409f,-0.2098f,-0.5145f,-0.8314f,4.5878f,0f,0f,0f,1f],start_interpolation: 0,interpolation_duration: 1}
$data merge entity $(bone_jaw_left_tooth1) {transformation: [-0.9743f,0.1814f,0.1336f,-0.0548f,0.0821f,0.8381f,-0.5393f,2.8809f,-0.2098f,-0.5145f,-0.8314f,4.741f,0f,0f,0f,1f],start_interpolation: 0,interpolation_duration: 1}
$data merge entity $(bone_tongue1) {transformation: [-0.9743f,0.108f,0.1978f,-0.2524f,0.0821f,0.9875f,-0.1346f,2.7947f,-0.2098f,-0.1149f,-0.971f,3.8852f,0f,0f,0f,1f],start_interpolation: 0,interpolation_duration: 1}
$data merge entity $(bone_jaw_lips1) {transformation: [-0.9743f,0.108f,0.1978f,-0.3893f,0.0821f,0.9875f,-0.1346f,2.7835f,-0.2098f,-0.1149f,-0.971f,4.7841f,0f,0f,0f,1f],start_interpolation: 0,interpolation_duration: 1}
$data merge entity $(bone_jaw3) {transformation: [-0.9743f,0.1555f,0.1631f,-0.2559f,0.0821f,0.919f,-0.3856f,2.3596f,-0.2098f,-0.3623f,-0.9081f,3.9987f,0f,0f,0f,1f],start_interpolation: 0,interpolation_duration: 1}
$data merge entity $(bone_jaw1) {transformation: [-0.9743f,-0.0054f,0.2253f,-0.0535f,0.0821f,0.9225f,0.3772f,2.6985f,-0.2098f,0.386f,-0.8983f,3.1917f,0f,0f,0f,1f],start_interpolation: 0,interpolation_duration: 1}
$data merge entity $(bone_tear_right1) {transformation: [-0.9743f,0.0338f,0.2228f,-0.8451f,0.0821f,0.974f,0.2113f,3.3549f,-0.2098f,0.2241f,-0.9517f,3.9663f,0f,0f,0f,1f],start_interpolation: 0,interpolation_duration: 1}
$data merge entity $(bone_right_pupil1) {transformation: [-0.9743f,0.0338f,0.2228f,-0.6758f,0.0821f,0.974f,0.2113f,3.4348f,-0.2098f,0.2241f,-0.9517f,4.0945f,0f,0f,0f,1f],start_interpolation: 0,interpolation_duration: 1}
$data merge entity $(bone_right_sad_pupil1) {transformation: [-0.9743f,0.0338f,0.2228f,-0.6733f,0.0821f,0.974f,0.2113f,3.4372f,-0.2098f,0.2241f,-0.9517f,4.0838f,0f,0f,0f,1f],start_interpolation: 0,interpolation_duration: 1}
$data merge entity $(bone_right_happy_pupil1) {transformation: [-0.9743f,0.0338f,0.2228f,-0.7016f,0.0821f,0.974f,0.2113f,3.4121f,-0.2098f,0.2241f,-0.9517f,4.0716f,0f,0f,0f,1f],start_interpolation: 0,interpolation_duration: 1}
$data merge entity $(bone_eyelid_right1) {transformation: [-0.9743f,0.0338f,0.2228f,-0.1288f,0.0821f,0.974f,0.2113f,3.4656f,-0.2098f,0.2241f,-0.9517f,3.6275f,0f,0f,0f,1f],start_interpolation: 0,interpolation_duration: 1}
$data merge entity $(bone_eyelid_expressions_right5) {transformation: [-0.9743f,0.0338f,0.2228f,-0.7953f,0.0821f,0.974f,0.2113f,3.5572f,-0.2098f,0.2241f,-0.9517f,4.0819f,0f,0f,0f,1f],start_interpolation: 0,interpolation_duration: 1}
$data merge entity $(bone_eyelid_expressions_right7) {transformation: [-0.9743f,0.0338f,0.2228f,-0.4671f,0.0821f,0.974f,0.2113f,3.5295f,-0.2098f,0.2241f,-0.9517f,4.1526f,0f,0f,0f,1f],start_interpolation: 0,interpolation_duration: 1}
$data merge entity $(bone_eyelid_expressions_right6) {transformation: [-0.9743f,0.0338f,0.2228f,-0.5765f,0.0821f,0.974f,0.2113f,3.5387f,-0.2098f,0.2241f,-0.9517f,4.129f,0f,0f,0f,1f],start_interpolation: 0,interpolation_duration: 1}
$data merge entity $(bone_right_eye1) {transformation: [-0.9743f,0.0338f,0.2228f,-0.1423f,0.0821f,0.974f,0.2113f,3.4642f,-0.2098f,0.2241f,-0.9517f,3.6359f,0f,0f,0f,1f],start_interpolation: 0,interpolation_duration: 1}
$data merge entity $(bone_tear_left1) {transformation: [-0.9743f,0.0338f,0.2228f,0.3366f,0.0821f,0.974f,0.2113f,3.2553f,-0.2098f,0.2241f,-0.9517f,4.2208f,0f,0f,0f,1f],start_interpolation: 0,interpolation_duration: 1}
$data merge entity $(bone_left_sad_pupil1) {transformation: [-0.9743f,0.0338f,0.2228f,0.1474f,0.0821f,0.974f,0.2113f,3.368f,-0.2098f,0.2241f,-0.9517f,4.2605f,0f,0f,0f,1f],start_interpolation: 0,interpolation_duration: 1}
$data merge entity $(bone_left_pupil1) {transformation: [-0.9743f,0.0338f,0.2228f,0.1449f,0.0821f,0.974f,0.2113f,3.3656f,-0.2098f,0.2241f,-0.9517f,4.2712f,0f,0f,0f,1f],start_interpolation: 0,interpolation_duration: 1}
$data merge entity $(bone_eyelid_left1) {transformation: [-0.9743f,0.0338f,0.2228f,-0.1507f,0.0821f,0.974f,0.2113f,3.4675f,-0.2098f,0.2241f,-0.9517f,3.6228f,0f,0f,0f,1f],start_interpolation: 0,interpolation_duration: 1}
$data merge entity $(bone_left_happy_pupil1) {transformation: [-0.9743f,0.0338f,0.2228f,0.1738f,0.0821f,0.974f,0.2113f,3.3384f,-0.2098f,0.2241f,-0.9517f,4.2601f,0f,0f,0f,1f],start_interpolation: 0,interpolation_duration: 1}
$data merge entity $(bone_eyelid_expressions_left5) {transformation: [-0.9743f,0.0338f,0.2228f,0.277f,0.0821f,0.974f,0.2113f,3.4668f,-0.2098f,0.2241f,-0.9517f,4.3128f,0f,0f,0f,1f],start_interpolation: 0,interpolation_duration: 1}
$data merge entity $(bone_eyelid_expressions_left7) {transformation: [-0.9743f,0.0338f,0.2228f,-0.0513f,0.0821f,0.974f,0.2113f,3.4944f,-0.2098f,0.2241f,-0.9517f,4.2421f,0f,0f,0f,1f],start_interpolation: 0,interpolation_duration: 1}
$data merge entity $(bone_eyelid_expressions_left6) {transformation: [-0.9743f,0.0338f,0.2228f,0.0581f,0.0821f,0.974f,0.2113f,3.4852f,-0.2098f,0.2241f,-0.9517f,4.2657f,0f,0f,0f,1f],start_interpolation: 0,interpolation_duration: 1}
$data merge entity $(bone_left_eye1) {transformation: [-0.9743f,0.0338f,0.2228f,-0.1423f,0.0821f,0.974f,0.2113f,3.4642f,-0.2098f,0.2241f,-0.9517f,3.6359f,0f,0f,0f,1f],start_interpolation: 0,interpolation_duration: 1}
$data merge entity $(bone_crest_middle5) {transformation: [-0.9743f,0.0812f,0.2102f,-0.2016f,0.0821f,0.9966f,-0.0045f,4.7131f,-0.2098f,0.0128f,-0.9777f,4.4002f,0f,0f,0f,1f],start_interpolation: 0,interpolation_duration: 1}
$data merge entity $(bone_crest_middle4) {transformation: [-0.9743f,0.0812f,0.2102f,-0.2563f,0.0821f,0.9966f,-0.0045f,4.0415f,-0.2098f,0.0128f,-0.9777f,4.3915f,0f,0f,0f,1f],start_interpolation: 0,interpolation_duration: 1}
$data merge entity $(bone_crest_middle1) {transformation: [-0.9743f,0.0812f,0.2102f,-0.3151f,0.0821f,0.9966f,-0.0045f,3.5382f,-0.2098f,0.0128f,-0.9777f,4.4674f,0f,0f,0f,1f],start_interpolation: 0,interpolation_duration: 1}
$data merge entity $(bone_crest_left5) {transformation: [-0.552f,-0.7676f,0.3257f,-1.3214f,-0.7773f,0.6151f,0.1321f,4.1583f,-0.3018f,-0.1803f,-0.9362f,4.1187f,0f,0f,0f,1f],start_interpolation: 0,interpolation_duration: 1}
$data merge entity $(bone_crest_left4) {transformation: [-0.552f,-0.7676f,0.3257f,-0.8904f,-0.7773f,0.6151f,0.1321f,3.8129f,-0.3018f,-0.1803f,-0.9362f,4.22f,0f,0f,0f,1f],start_interpolation: 0,interpolation_duration: 1}
$data merge entity $(bone_crest_left1) {transformation: [-0.552f,-0.7676f,0.3257f,-0.398f,-0.7773f,0.6151f,0.1321f,3.4404f,-0.3018f,-0.1803f,-0.9362f,4.2788f,0f,0f,0f,1f],start_interpolation: 0,interpolation_duration: 1}
$data merge entity $(bone_crest_center1) {transformation: [-0.9743f,0.0338f,0.2228f,-0.2895f,0.0821f,0.974f,0.2113f,3.4038f,-0.2098f,0.2241f,-0.9517f,4.296f,0f,0f,0f,1f],start_interpolation: 0,interpolation_duration: 1}
$data merge entity $(bone_crest_right5) {transformation: [-0.495f,0.8618f,0.1112f,0.8308f,0.8656f,0.4777f,0.1502f,3.9769f,0.0763f,0.1706f,-0.9824f,4.5823f,0f,0f,0f,1f],start_interpolation: 0,interpolation_duration: 1}
$data merge entity $(bone_crest_right4) {transformation: [-0.495f,0.8618f,0.1112f,0.3469f,0.8656f,0.4777f,0.1502f,3.7086f,0.0763f,0.1706f,-0.9824f,4.4864f,0f,0f,0f,1f],start_interpolation: 0,interpolation_duration: 1}
$data merge entity $(bone_crest_right1) {transformation: [-0.495f,0.8618f,0.1112f,-0.1792f,0.8656f,0.4777f,0.1502f,3.422f,0.0763f,0.1706f,-0.9824f,4.3259f,0f,0f,0f,1f],start_interpolation: 0,interpolation_duration: 1}
$data merge entity $(bone_head1) {transformation: [-1.0212f,0.0355f,0.2335f,-0.0066f,0.0861f,1.0209f,0.2215f,3.54f,-0.2199f,0.2349f,-0.9976f,3.0354f,0f,0f,0f,1f],start_interpolation: 0,interpolation_duration: 1}
$data merge entity $(bone_neck10) {transformation: [-1.4919f,0.0899f,0.0908f,0.0312f,0.0992f,1.4857f,0.1584f,3.2071f,-0.0806f,0.1638f,-1.4862f,1.9273f,0f,0f,0f,1f],start_interpolation: 0,interpolation_duration: 1}
$data merge entity $(bone_neck9) {transformation: [-1.1413f,-0.0133f,0.0969f,0.0483f,0.0759f,0.5957f,0.9755f,2.5579f,-0.0617f,0.9783f,-0.5927f,0.8116f,0f,0f,0f,1f],start_interpolation: 0,interpolation_duration: 1}
$data merge entity $(bone_neck8) {transformation: [-1.0593f,-0.0355f,0.0835f,0.0883f,0.0704f,0.2958f,1.0187f,2.3149f,-0.0572f,1.0206f,-0.2923f,-0.228f,0f,0f,0f,1f],start_interpolation: 0,interpolation_duration: 1}
$data merge entity $(bone_neck7) {transformation: [-1.052f,-0.0471f,0.0744f,0.1359f,0.0703f,0.088f,1.0496f,2.226f,-0.053f,1.0509f,-0.0845f,-1.2901f,0f,0f,0f,1f],start_interpolation: 0,interpolation_duration: 1}
$data merge entity $(bone_neck6) {transformation: [-1.0374f,-0.132f,0.0905f,0.2585f,0.1158f,-0.2085f,1.0222f,2.4327f,-0.1106f,1.0202f,0.2207f,-2.2237f,0f,0f,0f,1f],start_interpolation: 0,interpolation_duration: 1}
$data merge entity $(bone_neck_spine6) {transformation: [-1.2326f,0.2722f,-0.1633f,-0.0079f,-0.1144f,0.2296f,1.2467f,4.3024f,0.2961f,1.2219f,-0.1979f,-5.8069f,0f,0f,0f,1f],start_interpolation: 0,interpolation_duration: 1}
$data merge entity $(bone_neck_spine7) {transformation: [-0.965f,0.18f,-0.1905f,-0.9128f,-0.1038f,0.4048f,0.9085f,3.644f,0.2406f,0.8965f,-0.372f,-9.2614f,0f,0f,0f,1f],start_interpolation: 0,interpolation_duration: 1}
$data merge entity $(bone_tail6) {transformation: [-1.683f,-0.1811f,-0.3165f,-0.7792f,-0.2673f,-0.4041f,1.6524f,4.1231f,-0.248f,1.6641f,0.3668f,-12.8517f,0f,0f,0f,1f],start_interpolation: 0,interpolation_duration: 1}
$data merge entity $(bone_tail5) {transformation: [-1.3903f,-0.1019f,-0.2835f,-0.8436f,-0.2208f,-0.5658f,1.2863f,3.7657f,-0.2049f,1.3012f,0.5372f,-12.0299f,0f,0f,0f,1f],start_interpolation: 0,interpolation_duration: 1}
$data merge entity $(bone_tail4) {transformation: [-1.0291f,-0.0496f,-0.1927f,-0.8649f,-0.1522f,-0.4576f,0.9307f,3.5696f,-0.1281f,0.9417f,0.442f,-11.6263f,0f,0f,0f,1f],start_interpolation: 0,interpolation_duration: 1}
$data merge entity $(bone_segment18) {transformation: [-0.9672f,-0.1751f,-0.1838f,-0.9632f,-0.087f,-0.4517f,0.8879f,3.316f,-0.2385f,0.8748f,0.4217f,-11.1351f,0f,0f,0f,1f],start_interpolation: 0,interpolation_duration: 1}
$data merge entity $(bone_segment17) {transformation: [-0.9889f,-0.0475f,-0.141f,-0.9978f,-0.1266f,-0.2283f,0.9653f,3.1493f,-0.078f,0.9724f,0.2197f,-10.4252f,0f,0f,0f,1f],start_interpolation: 0,interpolation_duration: 1}
$data merge entity $(bone_segment16) {transformation: [-0.988f,0.0881f,-0.1271f,-0.9137f,-0.1267f,0.0101f,0.9919f,3.159f,0.0887f,0.9961f,0.0012f,-9.4744f,0f,0f,0f,1f],start_interpolation: 0,interpolation_duration: 1}
$data merge entity $(bone_segment15) {transformation: [-0.965f,0.2232f,-0.1374f,-0.6505f,-0.1038f,0.1559f,0.9823f,3.3428f,0.2406f,0.9622f,-0.1273f,-8.3397f,0f,0f,0f,1f],start_interpolation: 0,interpolation_duration: 1}
$data merge entity $(bone_segment14) {transformation: [-0.9848f,0.329f,-0.1438f,-0.2804f,-0.0929f,0.1721f,1.0298f,3.5364f,0.3468f,0.9802f,-0.1325f,-7.237f,0f,0f,0f,1f],start_interpolation: 0,interpolation_duration: 1}
$data merge entity $(bone_segment13) {transformation: [-0.9933f,0.2389f,-0.0915f,0.0099f,-0.0922f,0.0078f,1.0215f,3.5178f,0.2386f,0.9975f,0.0139f,-6.036f,0f,0f,0f,1f],start_interpolation: 0,interpolation_duration: 1}
$data merge entity $(bone_segment12) {transformation: [-1.0954f,0.2042f,-0.0529f,0.2565f,-0.0884f,-0.1906f,1.0956f,3.2876f,0.1915f,1.08f,0.2033f,-4.7313f,0f,0f,0f,1f],start_interpolation: 0,interpolation_duration: 1}
$data merge entity $(bone_segment11) {transformation: [-1.188f,0.0718f,-0.027f,0.3395f,-0.0478f,-0.366f,1.1318f,2.8646f,0.06f,1.1305f,0.3681f,-3.4248f,0f,0f,0f,1f],start_interpolation: 0,interpolation_duration: 1}
$data merge entity $(bone_segment10) {transformation: [-1.0458f,-0.0667f,-0.0228f,0.2549f,0f,-0.3392f,0.9918f,2.4512f,-0.0705f,0.9895f,0.3385f,-2.1708f,0f,0f,0f,1f],start_interpolation: 0,interpolation_duration: 1}
data modify entity @s data merge value {"cameras":{},"locators":{"mouth":{"posx":-0.5615207741970651,"posy":2.9119684670694705,"posz":5.36646048123992,"roty":171.41887079379632,"rotx":76.89857929254153}}}