# This file was generated by Animated Java via MC-Build. It is not recommended to edit this file directly.
$data merge entity $(bone_neck_spine5) {transformation: [-1.5661f,0.0132f,0.1389f,0.2315f,0.1093f,1.0886f,1.1292f,3.7773f,-0.0866f,1.1344f,-1.0852f,0.5626f,0f,0f,0f,1f],start_interpolation: 0,interpolation_duration: 1}
$data merge entity $(bone_neck_spine2) {transformation: [-1.4915f,0.1024f,0.0846f,0.0664f,0.1041f,1.4935f,0.0274f,4.719f,-0.0825f,0.0331f,-1.4948f,2.698f,0f,0f,0f,1f],start_interpolation: 0,interpolation_duration: 1}
$data merge entity $(bone_scale_neck_left1) {transformation: [-1.559f,0.4853f,0.2172f,0.7896f,0.5312f,1.4505f,0.5718f,3.7656f,-0.0228f,0.6112f,-1.5294f,2.6877f,0f,0f,0f,1f],start_interpolation: 0,interpolation_duration: 1}
$data merge entity $(bone_scale_neck_right1) {transformation: [-1.6105f,-0.3438f,0.0333f,-0.7764f,-0.3099f,1.5084f,0.5846f,3.8749f,-0.1526f,0.5653f,-1.5395f,2.6011f,0f,0f,0f,1f],start_interpolation: 0,interpolation_duration: 1}
$data merge entity $(bone_blush_right1) {transformation: [-0.9978f,0.0657f,-0.0041f,-0.69f,0.0557f,0.8768f,0.4776f,3.1889f,0.035f,0.4763f,-0.8786f,3.8181f,0f,0f,0f,1f],start_interpolation: 0,interpolation_duration: 1}
$data merge entity $(bone_blush_left1) {transformation: [-0.9978f,0.0657f,-0.0041f,0.6323f,0.0557f,0.8768f,0.4776f,3.1151f,0.035f,0.4763f,-0.8786f,3.7718f,0f,0f,0f,1f],start_interpolation: 0,interpolation_duration: 1}
$data merge entity $(bone_left_head_scales) {transformation: [-0.8832f,0.0657f,-0.4644f,0.6899f,-0.1711f,0.8768f,0.4494f,3.9422f,0.4367f,0.4763f,-0.7631f,3.7737f,0f,0f,0f,1f],start_interpolation: 0,interpolation_duration: 1}
$data merge entity $(bone_left_head_scales2) {transformation: [-0.815f,0.0657f,-0.5757f,0.6316f,-0.2283f,0.8768f,0.4232f,3.074f,0.5326f,0.4763f,-0.6996f,3.4938f,0f,0f,0f,1f],start_interpolation: 0,interpolation_duration: 1}
$data merge entity $(bone_left_head_scales1) {transformation: [-0.9978f,0.0657f,-0.0041f,0.6825f,0.0557f,0.8768f,0.4776f,3.8437f,0.035f,0.4763f,-0.8786f,3.7202f,0f,0f,0f,1f],start_interpolation: 0,interpolation_duration: 1}
$data merge entity $(bone_right_head_scales) {transformation: [-0.887f,0.0657f,0.4571f,-0.6549f,0.27f,0.8768f,0.3979f,4.0173f,-0.3746f,0.4763f,-0.7955f,3.8209f,0f,0f,0f,1f],start_interpolation: 0,interpolation_duration: 1}
$data merge entity $(bone_right_head_scales2) {transformation: [-0.8197f,0.0657f,0.5689f,-0.7132f,0.3196f,0.8768f,0.3592f,3.1491f,-0.4753f,0.4763f,-0.7398f,3.541f,0f,0f,0f,1f],start_interpolation: 0,interpolation_duration: 1}
$data merge entity $(bone_right_head_scales1) {transformation: [-0.9978f,0.0657f,-0.0041f,-0.6622f,0.0557f,0.8768f,0.4776f,3.9189f,0.035f,0.4763f,-0.8786f,3.7674f,0f,0f,0f,1f],start_interpolation: 0,interpolation_duration: 1}
$data merge entity $(bone_head_left_fin1) {transformation: [-0.4837f,0.2009f,-0.9079f,0.6545f,-0.1527f,0.9924f,0.3009f,3.5147f,0.9173f,0.2711f,-0.4287f,3.4457f,0f,0f,0f,1f],start_interpolation: 0,interpolation_duration: 1}
$data merge entity $(bone_head_right_fin1) {transformation: [-0.5266f,-0.0698f,0.9036f,-0.6903f,0.2091f,1.0075f,0.1997f,3.5898f,-0.8819f,0.2806f,-0.4922f,3.4928f,0f,0f,0f,1f],start_interpolation: 0,interpolation_duration: 1}
$data merge entity $(bone_right_whisker16) {transformation: [-0.074f,-0.3086f,0.9483f,-1.2132f,0.9668f,-0.2555f,-0.0077f,2.6625f,0.2446f,0.9163f,0.3172f,1.4484f,0f,0f,0f,1f],start_interpolation: 0,interpolation_duration: 1}
$data merge entity $(bone_right_whisker15) {transformation: [0.4003f,-0.1513f,0.9038f,-1.3481f,0.4917f,0.8677f,-0.0725f,2.4969f,-0.7733f,0.4734f,0.4217f,1.7089f,0f,0f,0f,1f],start_interpolation: 0,interpolation_duration: 1}
$data merge entity $(bone_right_whisker14) {transformation: [0.6142f,-0.1788f,0.7687f,-1.555f,-0.1465f,0.9313f,0.3336f,2.5462f,-0.7755f,-0.3175f,0.5458f,1.9702f,0f,0f,0f,1f],start_interpolation: 0,interpolation_duration: 1}
$data merge entity $(bone_right_whisker13) {transformation: [0.1549f,-0.3267f,0.9324f,-1.6072f,0.3279f,0.9072f,0.2634f,2.4357f,-0.9319f,0.2649f,0.2476f,2.2842f,0f,0f,0f,1f],start_interpolation: 0,interpolation_duration: 1}
$data merge entity $(bone_right_whisker12) {transformation: [-0.5136f,-0.254f,0.8196f,-1.3764f,-0.1957f,0.9647f,0.1764f,2.5236f,-0.8354f,-0.0698f,-0.5452f,2.6595f,0f,0f,0f,1f],start_interpolation: 0,interpolation_duration: 1}
$data merge entity $(bone_right_whisker11) {transformation: [-0.9259f,-0.1368f,0.3522f,-0.9605f,-0.0866f,0.9842f,0.1547f,2.5625f,-0.3678f,0.1127f,-0.9231f,2.8247f,0f,0f,0f,1f],start_interpolation: 0,interpolation_duration: 1}
$data merge entity $(bone_right_whisker10) {transformation: [-0.5304f,-0.5153f,0.6732f,-0.7223f,-0.3671f,0.8554f,0.3655f,2.7275f,-0.7641f,-0.0533f,-0.6429f,3.1679f,0f,0f,0f,1f],start_interpolation: 0,interpolation_duration: 1}
$data merge entity $(bone_right_whisker1) {transformation: [0.0001f,-0.5809f,0.814f,-0.7223f,-0.5901f,0.6571f,0.469f,2.9925f,-0.8073f,-0.4804f,-0.3427f,3.5306f,0f,0f,0f,1f],start_interpolation: 0,interpolation_duration: 1}
$data merge entity $(bone_left_whisker16) {transformation: [-0.198f,0.3415f,-0.9188f,0.927f,-0.9516f,-0.2918f,0.0966f,2.543f,-0.2351f,0.8935f,0.3827f,1.3733f,0f,0f,0f,1f],start_interpolation: 0,interpolation_duration: 1}
$data merge entity $(bone_left_whisker15) {transformation: [0.3961f,0.2796f,-0.8746f,1.0604f,-0.5362f,0.8437f,0.0268f,2.3623f,0.7454f,0.4583f,0.4841f,1.6245f,0f,0f,0f,1f],start_interpolation: 0,interpolation_duration: 1}
$data merge entity $(bone_left_whisker14) {transformation: [0.6793f,0.2586f,-0.6868f,1.2893f,0.0742f,0.9068f,0.4149f,2.3873f,0.7301f,-0.3328f,0.5968f,1.8704f,0f,0f,0f,1f],start_interpolation: 0,interpolation_duration: 1}
$data merge entity $(bone_left_whisker13) {transformation: [0.1821f,0.4433f,-0.8777f,1.3507f,-0.3467f,0.8642f,0.3645f,2.2705f,0.9201f,0.2379f,0.3111f,2.1804f,0f,0f,0f,1f],start_interpolation: 0,interpolation_duration: 1}
$data merge entity $(bone_left_whisker12) {transformation: [-0.4291f,0.3542f,-0.8309f,1.1579f,0.2483f,0.9307f,0.2686f,2.3821f,0.8685f,-0.0911f,-0.4873f,2.5706f,0f,0f,0f,1f],start_interpolation: 0,interpolation_duration: 1}
$data merge entity $(bone_left_whisker11) {transformation: [-0.8825f,0.253f,-0.3964f,0.7615f,0.1876f,0.9624f,0.1965f,2.4663f,0.4312f,0.099f,-0.8968f,2.7643f,0f,0f,0f,1f],start_interpolation: 0,interpolation_duration: 1}
$data merge entity $(bone_left_whisker10) {transformation: [-0.4316f,0.6023f,-0.6716f,0.5676f,0.4209f,0.7929f,0.4406f,2.6554f,0.7979f,-0.0925f,-0.5957f,3.1227f,0f,0f,0f,1f],start_interpolation: 0,interpolation_duration: 1}
$data merge entity $(bone_left_whisker1) {transformation: [0.1221f,0.6154f,-0.7787f,0.6224f,0.5833f,0.5903f,0.558f,2.9174f,0.8031f,-0.5223f,-0.2869f,3.4834f,0f,0f,0f,1f],start_interpolation: 0,interpolation_duration: 1}
$data merge entity $(bone_upper_left_tooth1) {transformation: [-0.9978f,0.0651f,-0.0098f,0.2887f,0.0557f,0.9151f,0.3993f,2.8583f,0.035f,0.3979f,-0.9167f,4.4912f,0f,0f,0f,1f],start_interpolation: 0,interpolation_duration: 1}
$data merge entity $(bone_upper_right_tooth1) {transformation: [-0.9978f,0.0651f,-0.0098f,-0.3837f,0.0557f,0.9151f,0.3993f,2.8959f,0.035f,0.3979f,-0.9167f,4.5148f,0f,0f,0f,1f],start_interpolation: 0,interpolation_duration: 1}
$data merge entity $(bone_top_lip1) {transformation: [-0.9978f,0.0578f,-0.0315f,-0.0114f,0.0557f,0.9965f,0.0623f,2.9886f,0.035f,0.0604f,-0.9976f,4.5512f,0f,0f,0f,1f],start_interpolation: 0,interpolation_duration: 1}
$data merge entity $(bone_muzzle1) {transformation: [-0.9978f,0.0651f,-0.0098f,-0.006f,0.0557f,0.9151f,0.3993f,3.367f,0.035f,0.3979f,-0.9167f,4.1034f,0f,0f,0f,1f],start_interpolation: 0,interpolation_duration: 1}
$data merge entity $(bone_jaw_right_tooth1) {transformation: [-0.9978f,0.0435f,-0.0494f,-0.3812f,0.0557f,0.9577f,-0.2823f,2.9238f,0.035f,-0.2844f,-0.9581f,4.5404f,0f,0f,0f,1f],start_interpolation: 0,interpolation_duration: 1}
$data merge entity $(bone_jaw_left_tooth1) {transformation: [-0.9978f,0.0435f,-0.0494f,0.3472f,0.0557f,0.9577f,-0.2823f,2.8831f,0.035f,-0.2844f,-0.9581f,4.5148f,0f,0f,0f,1f],start_interpolation: 0,interpolation_duration: 1}
$data merge entity $(bone_tongue1) {transformation: [-0.9978f,0.0603f,-0.0264f,-0.0387f,0.0557f,0.9873f,0.1489f,3.015f,0.035f,0.1471f,-0.9885f,3.7321f,0f,0f,0f,1f],start_interpolation: 0,interpolation_duration: 1}
$data merge entity $(bone_jaw_lips1) {transformation: [-0.9978f,0.0603f,-0.0264f,0.0332f,0.0557f,0.9873f,0.1489f,2.7506f,0.035f,0.1471f,-0.9885f,4.5993f,0f,0f,0f,1f],start_interpolation: 0,interpolation_duration: 1}
$data merge entity $(bone_jaw3) {transformation: [-0.9978f,0.0514f,-0.0411f,-0.008f,0.0557f,0.9922f,-0.1117f,2.5667f,0.035f,-0.1138f,-0.9929f,3.7168f,0f,0f,0f,1f],start_interpolation: 0,interpolation_duration: 1}
$data merge entity $(bone_jaw1) {transformation: [-0.9978f,0.0654f,0.0073f,-0.0014f,0.0557f,0.7806f,0.6226f,3.126f,0.035f,0.6216f,-0.7825f,3.0138f,0f,0f,0f,1f],start_interpolation: 0,interpolation_duration: 1}
$data merge entity $(bone_tear_right1) {transformation: [-0.9978f,0.0657f,-0.0041f,-0.6077f,0.0557f,0.8768f,0.4776f,3.4822f,0.035f,0.4763f,-0.8786f,4.0922f,0f,0f,0f,1f],start_interpolation: 0,interpolation_duration: 1}
$data merge entity $(bone_right_pupil1) {transformation: [-0.9978f,0.0657f,-0.0041f,-0.4152f,0.0557f,0.8768f,0.4776f,3.5381f,0.035f,0.4763f,-0.8786f,4.1984f,0f,0f,0f,1f],start_interpolation: 0,interpolation_duration: 1}
$data merge entity $(bone_right_sad_pupil1) {transformation: [-0.9978f,0.0657f,-0.0041f,-0.4152f,0.0557f,0.8768f,0.4776f,3.5435f,0.035f,0.4763f,-0.8786f,4.1886f,0f,0f,0f,1f],start_interpolation: 0,interpolation_duration: 1}
$data merge entity $(bone_right_happy_pupil1) {transformation: [-0.9978f,0.0657f,-0.0041f,-0.4451f,0.0557f,0.8768f,0.4776f,3.5205f,0.035f,0.4763f,-0.8786f,4.1762f,0f,0f,0f,1f],start_interpolation: 0,interpolation_duration: 1}
$data merge entity $(bone_eyelid_right1) {transformation: [-0.9978f,0.0657f,-0.0041f,0.0102f,0.0557f,0.8768f,0.4776f,3.7383f,0.035f,0.4763f,-0.8786f,3.6533f,0f,0f,0f,1f],start_interpolation: 0,interpolation_duration: 1}
$data merge entity $(bone_eyelid_expressions_right5) {transformation: [-0.9978f,0.0657f,-0.0041f,-0.5367f,0.0557f,0.8768f,0.4776f,3.6492f,0.035f,0.4763f,-0.8786f,4.2466f,0f,0f,0f,1f],start_interpolation: 0,interpolation_duration: 1}
$data merge entity $(bone_eyelid_expressions_right7) {transformation: [-0.9978f,0.0657f,-0.0041f,-0.2005f,0.0557f,0.8768f,0.4776f,3.6304f,0.035f,0.4763f,-0.8786f,4.2348f,0f,0f,0f,1f],start_interpolation: 0,interpolation_duration: 1}
$data merge entity $(bone_eyelid_expressions_right6) {transformation: [-0.9978f,0.0657f,-0.0041f,-0.3126f,0.0557f,0.8768f,0.4776f,3.6367f,0.035f,0.4763f,-0.8786f,4.2387f,0f,0f,0f,1f],start_interpolation: 0,interpolation_duration: 1}
$data merge entity $(bone_right_eye1) {transformation: [-0.9978f,0.0657f,-0.0041f,-0.0009f,0.0557f,0.8768f,0.4776f,3.7336f,0.035f,0.4763f,-0.8786f,3.6636f,0f,0f,0f,1f],start_interpolation: 0,interpolation_duration: 1}
$data merge entity $(bone_tear_left1) {transformation: [-0.9978f,0.0657f,-0.0041f,0.6025f,0.0557f,0.8768f,0.4776f,3.4146f,0.035f,0.4763f,-0.8786f,4.0498f,0f,0f,0f,1f],start_interpolation: 0,interpolation_duration: 1}
$data merge entity $(bone_left_sad_pupil1) {transformation: [-0.9978f,0.0657f,-0.0041f,0.4253f,0.0557f,0.8768f,0.4776f,3.4966f,0.035f,0.4763f,-0.8786f,4.1591f,0f,0f,0f,1f],start_interpolation: 0,interpolation_duration: 1}
$data merge entity $(bone_left_pupil1) {transformation: [-0.9978f,0.0657f,-0.0041f,0.4253f,0.0557f,0.8768f,0.4776f,3.4912f,0.035f,0.4763f,-0.8786f,4.1689f,0f,0f,0f,1f],start_interpolation: 0,interpolation_duration: 1}
$data merge entity $(bone_eyelid_left1) {transformation: [-0.9978f,0.0657f,-0.0041f,-0.0122f,0.0557f,0.8768f,0.4776f,3.7396f,0.035f,0.4763f,-0.8786f,3.6541f,0f,0f,0f,1f],start_interpolation: 0,interpolation_duration: 1}
$data merge entity $(bone_left_happy_pupil1) {transformation: [-0.9978f,0.0657f,-0.0041f,0.4514f,0.0557f,0.8768f,0.4776f,3.4704f,0.035f,0.4763f,-0.8786f,4.1447f,0f,0f,0f,1f],start_interpolation: 0,interpolation_duration: 1}
$data merge entity $(bone_eyelid_expressions_left5) {transformation: [-0.9978f,0.0657f,-0.0041f,0.5615f,0.0557f,0.8768f,0.4776f,3.5878f,0.035f,0.4763f,-0.8786f,4.208f,0f,0f,0f,1f],start_interpolation: 0,interpolation_duration: 1}
$data merge entity $(bone_eyelid_expressions_left7) {transformation: [-0.9978f,0.0657f,-0.0041f,0.2253f,0.0557f,0.8768f,0.4776f,3.6066f,0.035f,0.4763f,-0.8786f,4.2198f,0f,0f,0f,1f],start_interpolation: 0,interpolation_duration: 1}
$data merge entity $(bone_eyelid_expressions_left6) {transformation: [-0.9978f,0.0657f,-0.0041f,0.3374f,0.0557f,0.8768f,0.4776f,3.6003f,0.035f,0.4763f,-0.8786f,4.2159f,0f,0f,0f,1f],start_interpolation: 0,interpolation_duration: 1}
$data merge entity $(bone_left_eye1) {transformation: [-0.9978f,0.0657f,-0.0041f,-0.0009f,0.0557f,0.8768f,0.4776f,3.7336f,0.035f,0.4763f,-0.8786f,3.6636f,0f,0f,0f,1f],start_interpolation: 0,interpolation_duration: 1}
$data merge entity $(bone_crest_middle5) {transformation: [-0.9978f,0.0632f,-0.0183f,0.0921f,0.0557f,0.9594f,0.2765f,4.7209f,0.035f,0.2749f,-0.9608f,4.7425f,0f,0f,0f,1f],start_interpolation: 0,interpolation_duration: 1}
$data merge entity $(bone_crest_middle4) {transformation: [-0.9978f,0.0632f,-0.0183f,0.0494f,0.0557f,0.9594f,0.2765f,4.0744f,0.035f,0.2749f,-0.9608f,4.5573f,0f,0f,0f,1f],start_interpolation: 0,interpolation_duration: 1}
$data merge entity $(bone_crest_middle1) {transformation: [-0.9978f,0.0632f,-0.0183f,0.019f,0.0557f,0.9594f,0.2765f,3.5663f,0.035f,0.2749f,-0.9608f,4.4993f,0f,0f,0f,1f],start_interpolation: 0,interpolation_duration: 1}
$data merge entity $(bone_crest_left5) {transformation: [-0.5915f,-0.7999f,0.1011f,-1.0518f,-0.7095f,0.576f,0.4059f,4.173f,-0.3829f,0.1683f,-0.9083f,4.5625f,0f,0f,0f,1f],start_interpolation: 0,interpolation_duration: 1}
$data merge entity $(bone_crest_left4) {transformation: [-0.5915f,-0.7999f,0.1011f,-0.6026f,-0.7095f,0.576f,0.4059f,3.8495f,-0.3829f,0.1683f,-0.9083f,4.468f,0f,0f,0f,1f],start_interpolation: 0,interpolation_duration: 1}
$data merge entity $(bone_crest_left1) {transformation: [-0.5915f,-0.7999f,0.1011f,-0.1028f,-0.7095f,0.576f,0.4059f,3.5165f,-0.3829f,0.1683f,-0.9083f,4.313f,0f,0f,0f,1f],start_interpolation: 0,interpolation_duration: 1}
$data merge entity $(bone_crest_center1) {transformation: [-0.9978f,0.0657f,-0.0041f,0.0074f,0.0557f,0.8768f,0.4776f,3.4856f,0.035f,0.4763f,-0.8786f,4.2957f,0f,0f,0f,1f],start_interpolation: 0,interpolation_duration: 1}
$data merge entity $(bone_crest_right5) {transformation: [-0.4807f,0.8688f,-0.1186f,1.1524f,0.7695f,0.4828f,0.4181f,4.0499f,0.4205f,0.1098f,-0.9006f,4.4852f,0f,0f,0f,1f],start_interpolation: 0,interpolation_duration: 1}
$data merge entity $(bone_crest_right4) {transformation: [-0.4807f,0.8688f,-0.1186f,0.6646f,0.7695f,0.4828f,0.4181f,3.7787f,0.4205f,0.1098f,-0.9006f,4.4236f,0f,0f,0f,1f],start_interpolation: 0,interpolation_duration: 1}
$data merge entity $(bone_crest_right1) {transformation: [-0.4807f,0.8688f,-0.1186f,0.1213f,0.7695f,0.4828f,0.4181f,3.504f,0.4205f,0.1098f,-0.9006f,4.3052f,0f,0f,0f,1f],start_interpolation: 0,interpolation_duration: 1}
$data merge entity $(bone_head1) {transformation: [-1.0459f,0.0689f,-0.0043f,-0.0072f,0.0584f,0.9191f,0.5006f,3.9794f,0.0367f,0.4993f,-0.9209f,3.0942f,0f,0f,0f,1f],start_interpolation: 0,interpolation_duration: 1}
$data merge entity $(bone_neck10) {transformation: [-1.4915f,0.0905f,0.0972f,0.0349f,0.1041f,1.4772f,0.2221f,3.6944f,-0.0825f,0.228f,-1.4776f,1.973f,0f,0f,0f,1f],start_interpolation: 0,interpolation_duration: 1}
$data merge entity $(bone_neck9) {transformation: [-1.141f,-0.0169f,0.1002f,0.0562f,0.0797f,0.5531f,0.9999f,3.0937f,-0.0631f,1.003f,-0.5498f,0.8304f,0f,0f,0f,1f],start_interpolation: 0,interpolation_duration: 1}
$data merge entity $(bone_neck8) {transformation: [-1.059f,-0.033f,0.0884f,0.094f,0.0739f,0.3281f,1.0086f,2.8178f,-0.0586f,1.0107f,-0.3245f,-0.201f,0f,0f,0f,1f],start_interpolation: 0,interpolation_duration: 1}
$data merge entity $(bone_neck7) {transformation: [-1.052f,-0.0267f,0.0837f,0.1209f,0.0766f,0.2162f,1.0304f,2.5993f,-0.0432f,1.0329f,-0.2135f,-1.245f,0f,0f,0f,1f],start_interpolation: 0,interpolation_duration: 1}
$data merge entity $(bone_neck6) {transformation: [-1.0412f,-0.0932f,0.0955f,0.2079f,0.1016f,-0.0677f,1.0425f,2.677f,-0.0864f,1.0433f,0.0762f,-2.2019f,0f,0f,0f,1f],start_interpolation: 0,interpolation_duration: 1}
$data merge entity $(bone_neck_spine6) {transformation: [-1.2342f,0.2963f,-0.0948f,-0.0914f,0.0111f,0.4297f,1.198f,3.2163f,0.3109f,1.1608f,-0.4193f,-6.0447f,0f,0f,0f,1f],start_interpolation: 0,interpolation_duration: 1}
$data merge entity $(bone_neck_spine7) {transformation: [-0.9757f,0.2187f,0.0095f,-0.9674f,0.0234f,0.0609f,0.9979f,2.8363f,0.2177f,0.9739f,-0.0645f,-9.2017f,0f,0f,0f,1f],start_interpolation: 0,interpolation_duration: 1}
$data merge entity $(bone_tail6) {transformation: [-1.6854f,-0.3363f,0.108f,-0.537f,0.1985f,-0.4662f,1.6458f,3.9499f,-0.2922f,1.6232f,0.4951f,-12.747f,0f,0f,0f,1f],start_interpolation: 0,interpolation_duration: 1}
$data merge entity $(bone_tail5) {transformation: [-1.3923f,-0.2891f,0.0396f,-0.7196f,0.164f,-0.6154f,1.272f,3.5613f,-0.2414f,1.2495f,0.6356f,-11.9578f,0f,0f,0f,1f],start_interpolation: 0,interpolation_duration: 1}
$data merge entity $(bone_tail4) {transformation: [-1.0285f,-0.1983f,0.0389f,-0.8046f,0.1305f,-0.4979f,0.9131f,3.3479f,-0.1543f,0.9008f,0.5133f,-11.5717f,0f,0f,0f,1f],start_interpolation: 0,interpolation_duration: 1}
$data merge entity $(bone_segment18) {transformation: [-0.9481f,-0.3157f,0.0371f,-0.9818f,0.1854f,-0.4547f,0.8711f,3.0925f,-0.2581f,0.8328f,0.4897f,-11.1041f,0f,0f,0f,1f],start_interpolation: 0,interpolation_duration: 1}
$data merge entity $(bone_segment17) {transformation: [-0.9876f,-0.1441f,0.0614f,-1.087f,0.1163f,-0.412f,0.9037f,2.7918f,-0.105f,0.8997f,0.4237f,-10.4473f,0f,0f,0f,1f],start_interpolation: 0,interpolation_duration: 1}
$data merge entity $(bone_segment16) {transformation: [-0.9968f,0.033f,0.0724f,-1.0556f,0.056f,-0.3557f,0.9329f,2.4522f,0.0565f,0.934f,0.3527f,-9.5557f,0f,0f,0f,1f],start_interpolation: 0,interpolation_duration: 1}
$data merge entity $(bone_segment15) {transformation: [-0.9757f,0.2088f,0.0658f,-0.8093f,0.0234f,-0.1994f,0.9796f,2.217f,0.2177f,0.9574f,0.1897f,-8.4268f,0f,0f,0f,1f],start_interpolation: 0,interpolation_duration: 1}
$data merge entity $(bone_segment14) {transformation: [-0.9892f,0.346f,0.0222f,-0.4201f,0.0252f,0.0047f,1.0479f,2.2223f,0.3458f,0.9894f,-0.0128f,-7.3137f,0f,0f,0f,1f],start_interpolation: 0,interpolation_duration: 1}
$data merge entity $(bone_segment13) {transformation: [-0.9946f,0.2485f,-0.0338f,-0.1199f,0.009f,0.1734f,1.0109f,2.4035f,0.2506f,0.9799f,-0.1703f,-6.1288f,0f,0f,0f,1f],start_interpolation: 0,interpolation_duration: 1}
$data merge entity $(bone_segment12) {transformation: [-1.0923f,0.2225f,-0.0421f,0.1489f,0.0007f,0.2105f,1.0955f,2.6578f,0.2265f,1.0727f,-0.2062f,-4.8329f,0f,0f,0f,1f],start_interpolation: 0,interpolation_duration: 1}
$data merge entity $(bone_segment11) {transformation: [-1.1859f,0.1013f,-0.0219f,0.266f,-0.0124f,0.1104f,1.1852f,2.7854f,0.1029f,1.181f,-0.109f,-3.4682f,0f,0f,0f,1f],start_interpolation: 0,interpolation_duration: 1}
$data merge entity $(bone_segment10) {transformation: [-1.0471f,-0.0479f,-0.0038f,0.2055f,0f,-0.0825f,1.0449f,2.6969f,-0.048f,1.0438f,0.0824f,-2.1494f,0f,0f,0f,1f],start_interpolation: 0,interpolation_duration: 1}
data modify entity @s data merge value {"cameras":{},"locators":{"mouth":{"posx":-0.004041414768842523,"posy":2.702799633590846,"posz":5.2170055257023495,"roty":172.1479410618811,"rotx":61.260679436079315}}}