# This file was generated by Animated Java via MC-Build. It is not recommended to edit this file directly.
$data merge entity $(bone_neck_spine5) {transformation: [-1.5665f,0.0197f,0.1327f,0.2543f,0.1116f,1.0544f,1.161f,3.653f,-0.0745f,1.1662f,-1.0519f,0.5954f,0f,0f,0f,1f],start_interpolation: 0,interpolation_duration: 1}
$data merge entity $(bone_neck_spine2) {transformation: [-1.4919f,0.1026f,0.0761f,0.1012f,0.1063f,1.4919f,0.0718f,4.5307f,-0.0709f,0.0769f,-1.4937f,2.7587f,0f,0f,0f,1f],start_interpolation: 0,interpolation_duration: 1}
$data merge entity $(bone_scale_neck_left1) {transformation: [-1.5591f,0.4887f,0.2085f,0.8244f,0.5314f,1.4318f,0.617f,3.5781f,0.0019f,0.6513f,-1.5129f,2.716f,0f,0f,0f,1f],start_interpolation: 0,interpolation_duration: 1}
$data merge entity $(bone_scale_neck_right1) {transformation: [-1.6113f,-0.3406f,0.0246f,-0.7421f,-0.3055f,1.4909f,0.6301f,3.6897f,-0.1526f,0.6119f,-1.5216f,2.6415f,0f,0f,0f,1f],start_interpolation: 0,interpolation_duration: 1}
$data merge entity $(bone_blush_right1) {transformation: [-0.9981f,0.0567f,0.024f,-0.6779f,0.0613f,0.8793f,0.4722f,2.9973f,0.0057f,0.4728f,-0.8811f,3.8416f,0f,0f,0f,1f],start_interpolation: 0,interpolation_duration: 1}
$data merge entity $(bone_blush_left1) {transformation: [-0.9981f,0.0567f,0.024f,0.6447f,0.0613f,0.8793f,0.4722f,2.916f,0.0057f,0.4728f,-0.8811f,3.8341f,0f,0f,0f,1f],start_interpolation: 0,interpolation_duration: 1}
$data merge entity $(bone_left_head_scales) {transformation: [-0.8964f,0.0567f,-0.4396f,0.7068f,-0.1637f,0.8793f,0.4472f,3.7429f,0.4119f,0.4728f,-0.779f,3.8329f,0f,0f,0f,1f],start_interpolation: 0,interpolation_duration: 1}
$data merge entity $(bone_left_head_scales2) {transformation: [-0.8314f,0.0567f,-0.5528f,0.6518f,-0.2207f,0.8793f,0.422f,2.8733f,0.51f,0.4728f,-0.7185f,3.5565f,0f,0f,0f,1f],start_interpolation: 0,interpolation_duration: 1}
$data merge entity $(bone_left_head_scales1) {transformation: [-0.9981f,0.0567f,0.024f,0.7004f,0.0613f,0.8793f,0.4722f,3.6441f,0.0057f,0.4728f,-0.8811f,3.7798f,0f,0f,0f,1f],start_interpolation: 0,interpolation_duration: 1}
$data merge entity $(bone_right_head_scales) {transformation: [-0.8742f,0.0567f,0.4822f,-0.6383f,0.2724f,0.8793f,0.3906f,3.8255f,-0.4019f,0.4728f,-0.7842f,3.8405f,0f,0f,0f,1f],start_interpolation: 0,interpolation_duration: 1}
$data merge entity $(bone_right_head_scales2) {transformation: [-0.8038f,0.0567f,0.5922f,-0.6933f,0.3211f,0.8793f,0.3517f,2.9559f,-0.5008f,0.4728f,-0.725f,3.5641f,0f,0f,0f,1f],start_interpolation: 0,interpolation_duration: 1}
$data merge entity $(bone_right_head_scales1) {transformation: [-0.9981f,0.0567f,0.024f,-0.6447f,0.0613f,0.8793f,0.4722f,3.7267f,0.0057f,0.4728f,-0.8811f,3.7874f,0f,0f,0f,1f],start_interpolation: 0,interpolation_duration: 1}
$data merge entity $(bone_head_left_fin1) {transformation: [-0.5109f,0.1984f,-0.8934f,0.6785f,-0.1445f,0.9929f,0.3031f,3.3136f,0.9037f,0.2709f,-0.4567f,3.5064f,0f,0f,0f,1f],start_interpolation: 0,interpolation_duration: 1}
$data merge entity $(bone_head_right_fin1) {transformation: [-0.4996f,-0.0724f,0.9186f,-0.6666f,0.2065f,1.0096f,0.1919f,3.3962f,-0.898f,0.2725f,-0.4669f,3.514f,0f,0f,0f,1f],start_interpolation: 0,interpolation_duration: 1}
$data merge entity $(bone_right_whisker16) {transformation: [-0.0757f,-0.3364f,0.9387f,-1.1351f,0.9686f,-0.2482f,-0.0108f,2.4593f,0.2366f,0.9084f,0.3447f,1.4608f,0f,0f,0f,1f],start_interpolation: 0,interpolation_duration: 1}
$data merge entity $(bone_right_whisker15) {transformation: [0.4253f,-0.1602f,0.8908f,-1.2783f,0.4848f,0.8714f,-0.0748f,2.2959f,-0.7642f,0.4637f,0.4483f,1.7183f,0f,0f,0f,1f],start_interpolation: 0,interpolation_duration: 1}
$data merge entity $(bone_right_whisker14) {transformation: [0.6356f,-0.1643f,0.7543f,-1.4925f,-0.1545f,0.9302f,0.3328f,2.348f,-0.7564f,-0.3281f,0.5659f,1.9732f,0f,0f,0f,1f],start_interpolation: 0,interpolation_duration: 1}
$data merge entity $(bone_right_whisker13) {transformation: [0.1837f,-0.3292f,0.9262f,-1.5544f,0.3214f,0.9106f,0.2599f,2.2397f,-0.929f,0.25f,0.273f,2.2861f,0f,0f,0f,1f],start_interpolation: 0,interpolation_duration: 1}
$data merge entity $(bone_right_whisker12) {transformation: [-0.4902f,-0.2465f,0.836f,-1.3341f,-0.198f,0.9656f,0.1687f,2.3286f,-0.8488f,-0.0828f,-0.5222f,2.6675f,0f,0f,0f,1f],start_interpolation: 0,interpolation_duration: 1}
$data merge entity $(bone_right_whisker11) {transformation: [-0.9153f,-0.1346f,0.3797f,-0.923f,-0.0839f,0.9856f,0.1472f,2.3663f,-0.394f,0.1028f,-0.9133f,2.8444f,0f,0f,0f,1f],start_interpolation: 0,interpolation_duration: 1}
$data merge entity $(bone_right_whisker10) {transformation: [-0.51f,-0.5088f,0.6936f,-0.6939f,-0.3689f,0.8578f,0.358f,2.532f,-0.777f,-0.0733f,-0.6252f,3.1935f,0f,0f,0f,1f],start_interpolation: 0,interpolation_duration: 1}
$data merge entity $(bone_right_whisker1) {transformation: [0.0202f,-0.5631f,0.8262f,-0.703f,-0.595f,0.6573f,0.4625f,2.7993f,-0.8035f,-0.5009f,-0.3217f,3.5544f,0f,0f,0f,1f],start_interpolation: 0,interpolation_duration: 1}
$data merge entity $(bone_left_whisker16) {transformation: [-0.1963f,0.3138f,-0.929f,1.0057f,-0.9519f,-0.2881f,0.1039f,2.3278f,-0.2351f,0.9047f,0.3552f,1.4487f,0f,0f,0f,1f],start_interpolation: 0,interpolation_duration: 1}
$data merge entity $(bone_left_whisker15) {transformation: [0.3714f,0.2708f,-0.8881f,1.1308f,-0.5338f,0.8449f,0.0345f,2.148f,0.7597f,0.4612f,0.4583f,1.7047f,0f,0f,0f,1f],start_interpolation: 0,interpolation_duration: 1}
$data merge entity $(bone_left_whisker14) {transformation: [0.6582f,0.2732f,-0.7015f,1.3526f,0.075f,0.9034f,0.4222f,2.1732f,0.7491f,-0.3306f,0.5741f,1.9571f,0f,0f,0f,1f],start_interpolation: 0,interpolation_duration: 1}
$data merge entity $(bone_left_whisker13) {transformation: [0.1534f,0.4409f,-0.8843f,1.4043f,-0.3421f,0.8633f,0.3711f,2.058f,0.9271f,0.2456f,0.2833f,2.2694f,0f,0f,0f,1f],start_interpolation: 0,interpolation_duration: 1}
$data merge entity $(bone_left_whisker12) {transformation: [-0.4527f,0.3619f,-0.8149f,1.2009f,0.2559f,0.9282f,0.27f,2.1729f,0.8542f,-0.0863f,-0.5128f,2.6531f,0f,0f,0f,1f],start_interpolation: 0,interpolation_duration: 1}
$data merge entity $(bone_left_whisker11) {transformation: [-0.8936f,0.2553f,-0.3691f,0.7995f,0.195f,0.9616f,0.1931f,2.2605f,0.4043f,0.1006f,-0.9091f,2.8347f,0f,0f,0f,1f],start_interpolation: 0,interpolation_duration: 1}
$data merge entity $(bone_left_whisker10) {transformation: [-0.4522f,0.6091f,-0.6516f,0.5963f,0.428f,0.7891f,0.4406f,2.4528f,0.7825f,-0.0796f,-0.6176f,3.1862f,0f,0f,0f,1f],start_interpolation: 0,interpolation_duration: 1}
$data merge entity $(bone_left_whisker1) {transformation: [0.102f,0.6336f,-0.7669f,0.6421f,0.5875f,0.5838f,0.5604f,2.7167f,0.8028f,-0.5077f,-0.3127f,3.5468f,0f,0f,0f,1f],start_interpolation: 0,interpolation_duration: 1}
$data merge entity $(bone_upper_left_tooth1) {transformation: [-0.9981f,0.0586f,0.019f,0.2789f,0.0613f,0.9171f,0.3938f,2.6655f,0.0057f,0.3942f,-0.919f,4.5448f,0f,0f,0f,1f],start_interpolation: 0,interpolation_duration: 1}
$data merge entity $(bone_upper_right_tooth1) {transformation: [-0.9981f,0.0586f,0.019f,-0.3936f,0.0613f,0.9171f,0.3938f,2.7068f,0.0057f,0.3942f,-0.919f,4.5486f,0f,0f,0f,1f],start_interpolation: 0,interpolation_duration: 1}
$data merge entity $(bone_top_lip1) {transformation: [-0.9981f,0.0615f,-0.0022f,-0.0221f,0.0613f,0.9965f,0.0564f,2.7977f,0.0057f,0.0561f,-0.9984f,4.5952f,0f,0f,0f,1f],start_interpolation: 0,interpolation_duration: 1}
$data merge entity $(bone_muzzle1) {transformation: [-0.9981f,0.0586f,0.019f,-0.0016f,0.0613f,0.9171f,0.3938f,3.1734f,0.0057f,0.3942f,-0.919f,4.1456f,0f,0f,0f,1f],start_interpolation: 0,interpolation_duration: 1}
$data merge entity $(bone_jaw_right_tooth1) {transformation: [-0.9981f,0.0571f,-0.0231f,-0.3917f,0.0613f,0.9557f,-0.2879f,2.7349f,0.0057f,-0.2887f,-0.9574f,4.5741f,0f,0f,0f,1f],start_interpolation: 0,interpolation_duration: 1}
$data merge entity $(bone_jaw_left_tooth1) {transformation: [-0.9981f,0.0571f,-0.0231f,0.3369f,0.0613f,0.9557f,-0.2879f,2.6901f,0.0057f,-0.2887f,-0.9574f,4.57f,0f,0f,0f,1f],start_interpolation: 0,interpolation_duration: 1}
$data merge entity $(bone_tongue1) {transformation: [-0.9981f,0.0615f,0.0032f,-0.0254f,0.0613f,0.9878f,0.143f,2.8193f,0.0057f,0.1429f,-0.9897f,3.7756f,0f,0f,0f,1f],start_interpolation: 0,interpolation_duration: 1}
$data merge entity $(bone_jaw_lips1) {transformation: [-0.9981f,0.0615f,0.0032f,0.0199f,0.0613f,0.9878f,0.143f,2.5598f,0.0057f,0.1429f,-0.9897f,4.646f,0f,0f,0f,1f],start_interpolation: 0,interpolation_duration: 1}
$data merge entity $(bone_jaw3) {transformation: [-0.9981f,0.0602f,-0.0128f,0.0033f,0.0613f,0.9912f,-0.1175f,2.3708f,0.0057f,-0.1181f,-0.993f,3.7638f,0f,0f,0f,1f],start_interpolation: 0,interpolation_duration: 1}
$data merge entity $(bone_jaw1) {transformation: [-0.9981f,0.0516f,0.0335f,0.0333f,0.0613f,0.784f,0.6178f,2.9258f,0.0057f,0.6186f,-0.7857f,3.058f,0f,0f,0f,1f],start_interpolation: 0,interpolation_duration: 1}
$data merge entity $(bone_tear_right1) {transformation: [-0.9981f,0.0567f,0.024f,-0.602f,0.0613f,0.8793f,0.4722f,3.2917f,0.0057f,0.4728f,-0.8811f,4.1162f,0f,0f,0f,1f],start_interpolation: 0,interpolation_duration: 1}
$data merge entity $(bone_right_pupil1) {transformation: [-0.9981f,0.0567f,0.024f,-0.4123f,0.0613f,0.8793f,0.4722f,3.3473f,0.0057f,0.4728f,-0.8811f,4.2276f,0f,0f,0f,1f],start_interpolation: 0,interpolation_duration: 1}
$data merge entity $(bone_right_sad_pupil1) {transformation: [-0.9981f,0.0567f,0.024f,-0.4121f,0.0613f,0.8793f,0.4722f,3.3526f,0.0057f,0.4728f,-0.8811f,4.2177f,0f,0f,0f,1f],start_interpolation: 0,interpolation_duration: 1}
$data merge entity $(bone_right_happy_pupil1) {transformation: [-0.9981f,0.0567f,0.024f,-0.4417f,0.0613f,0.8793f,0.4722f,3.3296f,0.0057f,0.4728f,-0.8811f,4.2046f,0f,0f,0f,1f],start_interpolation: 0,interpolation_duration: 1}
$data merge entity $(bone_eyelid_right1) {transformation: [-0.9981f,0.0567f,0.024f,0.0298f,0.0613f,0.8793f,0.4722f,3.5419f,0.0057f,0.4728f,-0.8811f,3.694f,0f,0f,0f,1f],start_interpolation: 0,interpolation_duration: 1}
$data merge entity $(bone_eyelid_expressions_right5) {transformation: [-0.9981f,0.0567f,0.024f,-0.5346f,0.0613f,0.8793f,0.4722f,3.4593f,0.0057f,0.4728f,-0.8811f,4.2716f,0f,0f,0f,1f],start_interpolation: 0,interpolation_duration: 1}
$data merge entity $(bone_eyelid_expressions_right7) {transformation: [-0.9981f,0.0567f,0.024f,-0.1983f,0.0613f,0.8793f,0.4722f,3.4386f,0.0057f,0.4728f,-0.8811f,4.2697f,0f,0f,0f,1f],start_interpolation: 0,interpolation_duration: 1}
$data merge entity $(bone_eyelid_expressions_right6) {transformation: [-0.9981f,0.0567f,0.024f,-0.3104f,0.0613f,0.8793f,0.4722f,3.4455f,0.0057f,0.4728f,-0.8811f,4.2703f,0f,0f,0f,1f],start_interpolation: 0,interpolation_duration: 1}
$data merge entity $(bone_right_eye1) {transformation: [-0.9981f,0.0567f,0.024f,0.0183f,0.0613f,0.8793f,0.4722f,3.5373f,0.0057f,0.4728f,-0.8811f,3.7039f,0f,0f,0f,1f],start_interpolation: 0,interpolation_duration: 1}
$data merge entity $(bone_tear_left1) {transformation: [-0.9981f,0.0567f,0.024f,0.6085f,0.0613f,0.8793f,0.4722f,3.2174f,0.0057f,0.4728f,-0.8811f,4.1094f,0f,0f,0f,1f],start_interpolation: 0,interpolation_duration: 1}
$data merge entity $(bone_left_sad_pupil1) {transformation: [-0.9981f,0.0567f,0.024f,0.4286f,0.0613f,0.8793f,0.4722f,3.301f,0.0057f,0.4728f,-0.8811f,4.213f,0f,0f,0f,1f],start_interpolation: 0,interpolation_duration: 1}
$data merge entity $(bone_left_pupil1) {transformation: [-0.9981f,0.0567f,0.024f,0.4283f,0.0613f,0.8793f,0.4722f,3.2957f,0.0057f,0.4728f,-0.8811f,4.2229f,0f,0f,0f,1f],start_interpolation: 0,interpolation_duration: 1}
$data merge entity $(bone_eyelid_left1) {transformation: [-0.9981f,0.0567f,0.024f,0.0074f,0.0613f,0.8793f,0.4722f,3.5433f,0.0057f,0.4728f,-0.8811f,3.6941f,0f,0f,0f,1f],start_interpolation: 0,interpolation_duration: 1}
$data merge entity $(bone_left_happy_pupil1) {transformation: [-0.9981f,0.0567f,0.024f,0.455f,0.0613f,0.8793f,0.4722f,3.2746f,0.0057f,0.4728f,-0.8811f,4.1996f,0f,0f,0f,1f],start_interpolation: 0,interpolation_duration: 1}
$data merge entity $(bone_eyelid_expressions_left5) {transformation: [-0.9981f,0.0567f,0.024f,0.5639f,0.0613f,0.8793f,0.4722f,3.3918f,0.0057f,0.4728f,-0.8811f,4.2654f,0f,0f,0f,1f],start_interpolation: 0,interpolation_duration: 1}
$data merge entity $(bone_eyelid_expressions_left7) {transformation: [-0.9981f,0.0567f,0.024f,0.2276f,0.0613f,0.8793f,0.4722f,3.4125f,0.0057f,0.4728f,-0.8811f,4.2673f,0f,0f,0f,1f],start_interpolation: 0,interpolation_duration: 1}
$data merge entity $(bone_eyelid_expressions_left6) {transformation: [-0.9981f,0.0567f,0.024f,0.3397f,0.0613f,0.8793f,0.4722f,3.4056f,0.0057f,0.4728f,-0.8811f,4.2666f,0f,0f,0f,1f],start_interpolation: 0,interpolation_duration: 1}
$data merge entity $(bone_left_eye1) {transformation: [-0.9981f,0.0567f,0.024f,0.0183f,0.0613f,0.8793f,0.4722f,3.5373f,0.0057f,0.4728f,-0.8811f,3.7039f,0f,0f,0f,1f],start_interpolation: 0,interpolation_duration: 1}
$data merge entity $(bone_crest_middle5) {transformation: [-0.9981f,0.0605f,0.0112f,0.0854f,0.0613f,0.9607f,0.2707f,4.5306f,0.0057f,0.2709f,-0.9626f,4.7792f,0f,0f,0f,1f],start_interpolation: 0,interpolation_duration: 1}
$data merge entity $(bone_crest_middle4) {transformation: [-0.9981f,0.0605f,0.0112f,0.0446f,0.0613f,0.9607f,0.2707f,3.8833f,0.0057f,0.2709f,-0.9626f,4.5967f,0f,0f,0f,1f],start_interpolation: 0,interpolation_duration: 1}
$data merge entity $(bone_crest_middle1) {transformation: [-0.9981f,0.0605f,0.0112f,0.0131f,0.0613f,0.9607f,0.2707f,3.375f,0.0057f,0.2709f,-0.9626f,4.5408f,0f,0f,0f,1f],start_interpolation: 0,interpolation_duration: 1}
$data merge entity $(bone_crest_left5) {transformation: [-0.5841f,-0.8013f,0.1297f,-1.0557f,-0.7087f,0.5813f,0.3998f,3.9878f,-0.3957f,0.1416f,-0.9074f,4.5693f,0f,0f,0f,1f],start_interpolation: 0,interpolation_duration: 1}
$data merge entity $(bone_crest_left4) {transformation: [-0.5841f,-0.8013f,0.1297f,-0.6058f,-0.7087f,0.5813f,0.3998f,3.6613f,-0.3957f,0.1416f,-0.9074f,4.4898f,0f,0f,0f,1f],start_interpolation: 0,interpolation_duration: 1}
$data merge entity $(bone_crest_left1) {transformation: [-0.5841f,-0.8013f,0.1297f,-0.1036f,-0.7087f,0.5813f,0.3998f,3.3247f,-0.3957f,0.1416f,-0.9074f,4.3514f,0f,0f,0f,1f],start_interpolation: 0,interpolation_duration: 1}
$data merge entity $(bone_crest_center1) {transformation: [-0.9981f,0.0567f,0.024f,0.0069f,0.0613f,0.8793f,0.4722f,3.2931f,0.0057f,0.4728f,-0.8811f,4.3375f,0f,0f,0f,1f],start_interpolation: 0,interpolation_duration: 1}
$data merge entity $(bone_crest_right5) {transformation: [-0.4885f,0.8679f,-0.09f,1.1491f,0.7746f,0.4788f,0.4133f,3.8524f,0.4018f,0.1321f,-0.9061f,4.5568f,0f,0f,0f,1f],start_interpolation: 0,interpolation_duration: 1}
$data merge entity $(bone_crest_right4) {transformation: [-0.4885f,0.8679f,-0.09f,0.6617f,0.7746f,0.4788f,0.4133f,3.5835f,0.4018f,0.1321f,-0.9061f,4.4826f,0f,0f,0f,1f],start_interpolation: 0,interpolation_duration: 1}
$data merge entity $(bone_crest_right1) {transformation: [-0.4885f,0.8679f,-0.09f,0.1206f,0.7746f,0.4788f,0.4133f,3.3109f,0.4018f,0.1321f,-0.9061f,4.3501f,0f,0f,0f,1f],start_interpolation: 0,interpolation_duration: 1}
$data merge entity $(bone_head1) {transformation: [-1.0462f,0.0594f,0.0252f,0.0299f,0.0642f,0.9217f,0.495f,3.7796f,0.0059f,0.4956f,-0.9236f,3.1331f,0f,0f,0f,1f],start_interpolation: 0,interpolation_duration: 1}
$data merge entity $(bone_neck10) {transformation: [-1.4919f,0.0918f,0.0889f,0.0657f,0.1063f,1.4698f,0.2659f,3.5281f,-0.0709f,0.2712f,-1.4709f,2.0037f,0f,0f,0f,1f],start_interpolation: 0,interpolation_duration: 1}
$data merge entity $(bone_neck9) {transformation: [-1.1413f,-0.0112f,0.0971f,0.0805f,0.0813f,0.5231f,1.0159f,2.9616f,-0.0543f,1.019f,-0.5204f,0.8437f,0f,0f,0f,1f],start_interpolation: 0,interpolation_duration: 1}
$data merge entity $(bone_neck8) {transformation: [-1.0593f,-0.0283f,0.0862f,0.1134f,0.0755f,0.2865f,1.021f,2.7281f,-0.0504f,1.0234f,-0.2834f,-0.1983f,0f,0f,0f,1f],start_interpolation: 0,interpolation_duration: 1}
$data merge entity $(bone_neck7) {transformation: [-1.0515f,-0.0451f,0.0819f,0.1591f,0.0737f,0.1696f,1.0393f,2.5567f,-0.0576f,1.041f,-0.1657f,-1.2504f,0f,0f,0f,1f],start_interpolation: 0,interpolation_duration: 1}
$data merge entity $(bone_neck6) {transformation: [-1.0331f,-0.1503f,0.1092f,0.2987f,0.125f,-0.1056f,1.0368f,2.6691f,-0.1375f,1.0335f,0.1218f,-2.1975f,0f,0f,0f,1f],start_interpolation: 0,interpolation_duration: 1}
$data merge entity $(bone_neck_spine6) {transformation: [-1.236f,0.2864f,-0.1016f,0.1872f,0.0135f,0.4772f,1.1799f,3.3059f,0.3036f,1.1447f,-0.4664f,-6.0837f,0f,0f,0f,1f],start_interpolation: 0,interpolation_duration: 1}
$data merge entity $(bone_neck_spine7) {transformation: [-0.9609f,0.2768f,-0.0102f,-0.7475f,0.0281f,0.1341f,0.9906f,2.7276f,0.2756f,0.9515f,-0.1366f,-9.2239f,0f,0f,0f,1f],start_interpolation: 0,interpolation_duration: 1}
$data merge entity $(bone_tail6) {transformation: [-1.7124f,-0.1541f,0.0966f,-0.681f,0.1432f,-0.579f,1.6154f,3.9053f,-0.1121f,1.6144f,0.5885f,-12.7205f,0f,0f,0f,1f],start_interpolation: 0,interpolation_duration: 1}
$data merge entity $(bone_tail5) {transformation: [-1.4146f,-0.1392f,0.0565f,-0.7689f,0.1183f,-0.7027f,1.2312f,3.4615f,-0.0926f,1.229f,0.7104f,-11.9443f,0f,0f,0f,1f],start_interpolation: 0,interpolation_duration: 1}
$data merge entity $(bone_tail4) {transformation: [-1.0429f,-0.0883f,0.0566f,-0.8068f,0.0953f,-0.5603f,0.8807f,3.2214f,-0.0439f,0.8814f,0.5655f,-11.5665f,0f,0f,0f,1f],start_interpolation: 0,interpolation_duration: 1}
$data merge entity $(bone_segment18) {transformation: [-0.9755f,-0.2134f,0.054f,-0.9266f,0.1599f,-0.5181f,0.8402f,2.9304f,-0.1513f,0.8283f,0.5395f,-11.1014f,0f,0f,0f,1f],start_interpolation: 0,interpolation_duration: 1}
$data merge entity $(bone_segment17) {transformation: [-0.9955f,-0.0497f,0.0811f,-0.9629f,0.0946f,-0.4253f,0.9001f,2.62f,-0.0103f,0.9037f,0.4281f,-10.4418f,0f,0f,0f,1f],start_interpolation: 0,interpolation_duration: 1}
$data merge entity $(bone_segment16) {transformation: [-0.9893f,0.1172f,0.0869f,-0.8511f,0.0457f,-0.3165f,0.9475f,2.3178f,0.1385f,0.9413f,0.3078f,-9.5432f,0f,0f,0f,1f],start_interpolation: 0,interpolation_duration: 1}
$data merge entity $(bone_segment15) {transformation: [-0.9609f,0.27f,0.0618f,-0.5327f,0.0281f,-0.1269f,0.9915f,2.1682f,0.2756f,0.9545f,0.1143f,-8.4177f,0f,0f,0f,1f],start_interpolation: 0,interpolation_duration: 1}
$data merge entity $(bone_segment14) {transformation: [-0.984f,0.361f,0.005f,-0.1265f,0.0354f,0.0821f,1.0444f,2.2605f,0.3593f,0.9806f,-0.0892f,-7.3145f,0f,0f,0f,1f],start_interpolation: 0,interpolation_duration: 1}
$data merge entity $(bone_segment13) {transformation: [-0.996f,0.2415f,-0.0406f,0.1654f,0.0109f,0.2136f,1.0032f,2.4903f,0.2447f,0.9737f,-0.21f,-6.136f,0f,0f,0f,1f],start_interpolation: 0,interpolation_duration: 1}
$data merge entity $(bone_segment12) {transformation: [-1.1013f,0.1739f,-0.0385f,0.3755f,-0.0053f,0.2093f,1.0957f,2.7432f,0.178f,1.0819f,-0.2058f,-4.8291f,0f,0f,0f,1f],start_interpolation: 0,interpolation_duration: 1}
$data merge entity $(bone_segment11) {transformation: [-1.19f,0.0288f,-0.0172f,0.4088f,-0.0154f,0.0713f,1.1882f,2.8255f,0.0298f,1.1879f,-0.0709f,-3.4562f,0f,0f,0f,1f],start_interpolation: 0,interpolation_duration: 1}
$data merge entity $(bone_segment10) {transformation: [-1.0442f,-0.0907f,-0.0105f,0.2942f,0f,-0.1205f,1.0412f,2.6889f,-0.0913f,1.0373f,0.1201f,-2.1452f,0f,0f,0f,1f],start_interpolation: 0,interpolation_duration: 1}
data modify entity @s data merge value {"cameras":{},"locators":{"mouth":{"posx":-0.03559349954259896,"posy":2.515993135742642,"posz":5.262686361031852,"roty":173.16436656677868,"rotx":61.56245387568446}}}