# This file was generated by Animated Java via MC-Build. It is not recommended to edit this file directly.
$data merge entity $(bone_neck_spine5) {transformation: [-1.5703f,0.0192f,0.0754f,0.2431f,0.0696f,1.026f,1.1893f,3.4306f,-0.0347f,1.1912f,-1.0256f,0.6165f,0f,0f,0f,1f],start_interpolation: 0,interpolation_duration: 1}
$data merge entity $(bone_neck_spine2) {transformation: [-1.4956f,0.0637f,0.0378f,0.1188f,0.0663f,1.4919f,0.11f,4.2512f,-0.033f,0.1115f,-1.4929f,2.804f,0f,0f,0f,1f],start_interpolation: 0,interpolation_duration: 1}
$data merge entity $(bone_scale_neck_left1) {transformation: [-1.5725f,0.4651f,0.1547f,0.8665f,0.4875f,1.4287f,0.659f,3.3205f,0.0519f,0.6749f,-1.5016f,2.7206f,0f,0f,0f,1f],start_interpolation: 0,interpolation_duration: 1}
$data merge entity $(bone_scale_neck_right1) {transformation: [-1.6056f,-0.3662f,-0.0296f,-0.7039f,-0.3466f,1.4655f,0.6672f,3.3901f,-0.122f,0.6566f,-1.5057f,2.6859f,0f,0f,0f,1f],start_interpolation: 0,interpolation_duration: 1}
$data merge entity $(bone_blush_right1) {transformation: [-0.9976f,0.0242f,0.0654f,-0.6594f,0.0498f,0.9034f,0.4258f,2.737f,-0.0488f,0.4281f,-0.9024f,3.8728f,0f,0f,0f,1f],start_interpolation: 0,interpolation_duration: 1}
$data merge entity $(bone_blush_left1) {transformation: [-0.9976f,0.0242f,0.0654f,0.6625f,0.0498f,0.9034f,0.4258f,2.671f,-0.0488f,0.4281f,-0.9024f,3.9374f,0f,0f,0f,1f],start_interpolation: 0,interpolation_duration: 1}
$data merge entity $(bone_left_head_scales) {transformation: [-0.915f,0.0242f,-0.4026f,0.7171f,-0.1525f,0.9034f,0.4007f,3.4973f,0.3735f,0.4281f,-0.823f,3.8957f,0f,0f,0f,1f],start_interpolation: 0,interpolation_duration: 1}
$data merge entity $(bone_left_head_scales2) {transformation: [-0.8547f,0.0242f,-0.5186f,0.6844f,-0.2035f,0.9034f,0.3774f,2.6139f,0.4777f,0.4281f,-0.7672f,3.6632f,0f,0f,0f,1f],start_interpolation: 0,interpolation_duration: 1}
$data merge entity $(bone_left_head_scales1) {transformation: [-0.9976f,0.0242f,0.0654f,0.7144f,0.0498f,0.9034f,0.4258f,3.3959f,-0.0488f,0.4281f,-0.9024f,3.8476f,0f,0f,0f,1f],start_interpolation: 0,interpolation_duration: 1}
$data merge entity $(bone_right_head_scales) {transformation: [-0.8547f,0.0242f,0.5186f,-0.6273f,0.2408f,0.9034f,0.3547f,3.5644f,-0.4599f,0.4281f,-0.778f,3.83f,0f,0f,0f,1f],start_interpolation: 0,interpolation_duration: 1}
$data merge entity $(bone_right_head_scales2) {transformation: [-0.7797f,0.0242f,0.6257f,-0.66f,0.285f,0.9034f,0.3203f,2.681f,-0.5576f,0.4281f,-0.7113f,3.5974f,0f,0f,0f,1f],start_interpolation: 0,interpolation_duration: 1}
$data merge entity $(bone_right_head_scales1) {transformation: [-0.9976f,0.0242f,0.0654f,-0.63f,0.0498f,0.9034f,0.4258f,3.463f,-0.0488f,0.4281f,-0.9024f,3.7819f,0f,0f,0f,1f],start_interpolation: 0,interpolation_duration: 1}
$data merge entity $(bone_head_left_fin1) {transformation: [-0.5558f,0.1751f,-0.8713f,0.7097f,-0.1031f,1.008f,0.2684f,3.0513f,0.8827f,0.228f,-0.5172f,3.5914f,0f,0f,0f,1f],start_interpolation: 0,interpolation_duration: 1}
$data merge entity $(bone_head_right_fin1) {transformation: [-0.4542f,-0.0955f,0.9398f,-0.6347f,0.1535f,1.0215f,0.178f,3.1184f,-0.9321f,0.2148f,-0.4287f,3.5256f,0f,0f,0f,1f],start_interpolation: 0,interpolation_duration: 1}
$data merge entity $(bone_right_whisker16) {transformation: [-0.0966f,-0.3808f,0.9196f,-0.9877f,0.9787f,-0.2044f,0.0182f,2.0701f,0.181f,0.9018f,0.3924f,1.5034f,0f,0f,0f,1f],start_interpolation: 0,interpolation_duration: 1}
$data merge entity $(bone_right_whisker15) {transformation: [0.4599f,-0.1919f,0.867f,-1.1427f,0.4492f,0.8925f,-0.0408f,1.9187f,-0.7659f,0.4082f,0.4966f,1.7615f,0f,0f,0f,1f],start_interpolation: 0,interpolation_duration: 1}
$data merge entity $(bone_right_whisker14) {transformation: [0.6753f,-0.1555f,0.721f,-1.3702f,-0.1863f,0.9099f,0.3707f,1.9815f,-0.7136f,-0.3847f,0.5855f,2.0019f,0f,0f,0f,1f],start_interpolation: 0,interpolation_duration: 1}
$data merge entity $(bone_right_whisker13) {transformation: [0.2286f,-0.3499f,0.9085f,-1.4472f,0.2746f,0.9185f,0.2847f,1.889f,-0.934f,0.1844f,0.3061f,2.3166f,0f,0f,0f,1f],start_interpolation: 0,interpolation_duration: 1}
$data merge entity $(bone_right_whisker12) {transformation: [-0.4438f,-0.2506f,0.8604f,-1.2479f,-0.2478f,0.957f,0.1509f,2.0003f,-0.8612f,-0.1462f,-0.4868f,2.7034f,0f,0f,0f,1f],start_interpolation: 0,interpolation_duration: 1}
$data merge entity $(bone_right_whisker11) {transformation: [-0.8928f,-0.1486f,0.4252f,-0.8468f,-0.1151f,0.9879f,0.1037f,2.052f,-0.4354f,0.0437f,-0.8992f,2.899f,0f,0f,0f,1f],start_interpolation: 0,interpolation_duration: 1}
$data merge entity $(bone_right_whisker10) {transformation: [-0.4657f,-0.512f,0.7218f,-0.6376f,-0.415f,0.8467f,0.3329f,2.2384f,-0.7816f,-0.1445f,-0.6068f,3.2502f,0f,0f,0f,1f],start_interpolation: 0,interpolation_duration: 1}
$data merge entity $(bone_right_whisker1) {transformation: [0.0672f,-0.5423f,0.8375f,-0.6678f,-0.6359f,0.6236f,0.4548f,2.5241f,-0.7689f,-0.5631f,-0.3029f,3.5955f,0f,0f,0f,1f],start_interpolation: 0,interpolation_duration: 1}
$data merge entity $(bone_left_whisker16) {transformation: [-0.1753f,0.2691f,-0.947f,1.1519f,-0.9652f,-0.2368f,0.1114f,1.9633f,-0.1943f,0.9336f,0.3012f,1.608f,0f,0f,0f,1f],start_interpolation: 0,interpolation_duration: 1}
$data merge entity $(bone_left_whisker15) {transformation: [0.3363f,0.2389f,-0.9109f,1.2652f,-0.489f,0.871f,0.0479f,1.7985f,0.8049f,0.4293f,0.4097f,1.8792f,0f,0f,0f,1f],start_interpolation: 0,interpolation_duration: 1}
$data merge entity $(bone_left_whisker14) {transformation: [0.6178f,0.2818f,-0.7341f,1.4733f,0.1218f,0.888f,0.4434f,1.8396f,0.7768f,-0.3633f,0.5143f,2.1409f,0f,0f,0f,1f],start_interpolation: 0,interpolation_duration: 1}
$data merge entity $(bone_left_whisker13) {transformation: [0.1083f,0.4198f,-0.9011f,1.5098f,-0.2914f,0.88f,0.375f,1.7414f,0.9505f,0.222f,0.2176f,2.4611f,0f,0f,0f,1f],start_interpolation: 0,interpolation_duration: 1}
$data merge entity $(bone_left_whisker12) {transformation: [-0.4986f,0.3575f,-0.7897f,1.2858f,0.2948f,0.9266f,0.2333f,1.8738f,0.8151f,-0.1165f,-0.5674f,2.8273f,0f,0f,0f,1f],start_interpolation: 0,interpolation_duration: 1}
$data merge entity $(bone_left_whisker11) {transformation: [-0.9151f,0.2411f,-0.3233f,0.8748f,0.2053f,0.9685f,0.1411f,1.9661f,0.3471f,0.0627f,-0.9357f,2.9832f,0f,0f,0f,1f],start_interpolation: 0,interpolation_duration: 1}
$data merge entity $(bone_left_whisker10) {transformation: [-0.496f,0.6052f,-0.6226f,0.6519f,0.463f,0.791f,0.4f,2.174f,0.7346f,-0.0898f,-0.6725f,3.3132f,0f,0f,0f,1f],start_interpolation: 0,interpolation_duration: 1}
$data merge entity $(bone_left_whisker1) {transformation: [0.0549f,0.6537f,-0.7547f,0.6766f,0.6298f,0.5639f,0.5343f,2.4569f,0.7748f,-0.5046f,-0.3807f,3.6613f,0f,0f,0f,1f],start_interpolation: 0,interpolation_duration: 1}
$data merge entity $(bone_upper_left_tooth1) {transformation: [-0.9976f,0.0298f,0.063f,0.2627f,0.0498f,0.9371f,0.3455f,2.4537f,-0.0488f,0.3478f,-0.9363f,4.6406f,0f,0f,0f,1f],start_interpolation: 0,interpolation_duration: 1}
$data merge entity $(bone_upper_right_tooth1) {transformation: [-0.9976f,0.0298f,0.063f,-0.4095f,0.0498f,0.9371f,0.3455f,2.4872f,-0.0488f,0.3478f,-0.9363f,4.6078f,0f,0f,0f,1f],start_interpolation: 0,interpolation_duration: 1}
$data merge entity $(bone_top_lip1) {transformation: [-0.9976f,0.0495f,0.049f,-0.0417f,0.0498f,0.9988f,0.0041f,2.5848f,-0.0488f,0.0066f,-0.9988f,4.6685f,0f,0f,0f,1f],start_interpolation: 0,interpolation_duration: 1}
$data merge entity $(bone_muzzle1) {transformation: [-0.9976f,0.0298f,0.063f,-0.0013f,0.0498f,0.9371f,0.3455f,2.9367f,-0.0488f,0.3478f,-0.9363f,4.2013f,0f,0f,0f,1f],start_interpolation: 0,interpolation_duration: 1}
$data merge entity $(bone_jaw_right_tooth1) {transformation: [-0.9976f,0.0633f,0.0291f,-0.4092f,0.0498f,0.9399f,-0.3377f,2.5166f,-0.0488f,-0.3354f,-0.9408f,4.6318f,0f,0f,0f,1f],start_interpolation: 0,interpolation_duration: 1}
$data merge entity $(bone_jaw_left_tooth1) {transformation: [-0.9976f,0.0633f,0.0291f,0.319f,0.0498f,0.9399f,-0.3377f,2.4803f,-0.0488f,-0.3354f,-0.9408f,4.6674f,0f,0f,0f,1f],start_interpolation: 0,interpolation_duration: 1}
$data merge entity $(bone_tongue1) {transformation: [-0.9976f,0.0451f,0.0532f,-0.0027f,0.0498f,0.9946f,0.0912f,2.5636f,-0.0488f,0.0936f,-0.9944f,3.8498f,0f,0f,0f,1f],start_interpolation: 0,interpolation_duration: 1}
$data merge entity $(bone_jaw_lips1) {transformation: [-0.9976f,0.0451f,0.0532f,-0.0003f,0.0498f,0.9946f,0.0912f,2.3504f,-0.0488f,0.0936f,-0.9944f,4.7339f,0f,0f,0f,1f],start_interpolation: 0,interpolation_duration: 1}
$data merge entity $(bone_jaw3) {transformation: [-0.9976f,0.0573f,0.0397f,0.0305f,0.0498f,0.9843f,-0.1694f,2.1153f,-0.0488f,-0.167f,-0.9848f,3.8632f,0f,0f,0f,1f],start_interpolation: 0,interpolation_duration: 1}
$data merge entity $(bone_jaw1) {transformation: [-0.9976f,0.0125f,0.0686f,0.0921f,0.0498f,0.8158f,0.5762f,2.6331f,-0.0488f,0.5783f,-0.8144f,3.1315f,0f,0f,0f,1f],start_interpolation: 0,interpolation_duration: 1}
$data merge entity $(bone_tear_right1) {transformation: [-0.9976f,0.0242f,0.0654f,-0.6005f,0.0498f,0.9034f,0.4258f,3.0463f,-0.0488f,0.4281f,-0.9024f,4.135f,0f,0f,0f,1f],start_interpolation: 0,interpolation_duration: 1}
$data merge entity $(bone_right_pupil1) {transformation: [-0.9976f,0.0242f,0.0654f,-0.4174f,0.0498f,0.9034f,0.4258f,3.1098f,-0.0488f,0.4281f,-0.9024f,4.2529f,0f,0f,0f,1f],start_interpolation: 0,interpolation_duration: 1}
$data merge entity $(bone_right_sad_pupil1) {transformation: [-0.9976f,0.0242f,0.0654f,-0.4166f,0.0498f,0.9034f,0.4258f,3.1146f,-0.0488f,0.4281f,-0.9024f,4.2428f,0f,0f,0f,1f],start_interpolation: 0,interpolation_duration: 1}
$data merge entity $(bone_right_happy_pupil1) {transformation: [-0.9976f,0.0242f,0.0654f,-0.4453f,0.0498f,0.9034f,0.4258f,3.0906f,-0.0488f,0.4281f,-0.9024f,4.2294f,0f,0f,0f,1f],start_interpolation: 0,interpolation_duration: 1}
$data merge entity $(bone_eyelid_right1) {transformation: [-0.9976f,0.0242f,0.0654f,0.0501f,0.0498f,0.9034f,0.4258f,3.2815f,-0.0488f,0.4281f,-0.9024f,3.7331f,0f,0f,0f,1f],start_interpolation: 0,interpolation_duration: 1}
$data merge entity $(bone_eyelid_expressions_right5) {transformation: [-0.9976f,0.0242f,0.0654f,-0.5427f,0.0498f,0.9034f,0.4258f,3.2225f,-0.0488f,0.4281f,-0.9024f,4.2846f,0f,0f,0f,1f],start_interpolation: 0,interpolation_duration: 1}
$data merge entity $(bone_eyelid_expressions_right7) {transformation: [-0.9976f,0.0242f,0.0654f,-0.2066f,0.0498f,0.9034f,0.4258f,3.2057f,-0.0488f,0.4281f,-0.9024f,4.301f,0f,0f,0f,1f],start_interpolation: 0,interpolation_duration: 1}
$data merge entity $(bone_eyelid_expressions_right6) {transformation: [-0.9976f,0.0242f,0.0654f,-0.3187f,0.0498f,0.9034f,0.4258f,3.2113f,-0.0488f,0.4281f,-0.9024f,4.2955f,0f,0f,0f,1f],start_interpolation: 0,interpolation_duration: 1}
$data merge entity $(bone_right_eye1) {transformation: [-0.9976f,0.0242f,0.0654f,0.0381f,0.0498f,0.9034f,0.4258f,3.2772f,-0.0488f,0.4281f,-0.9024f,3.7427f,0f,0f,0f,1f],start_interpolation: 0,interpolation_duration: 1}
$data merge entity $(bone_tear_left1) {transformation: [-0.9976f,0.0242f,0.0654f,0.6094f,0.0498f,0.9034f,0.4258f,2.9859f,-0.0488f,0.4281f,-0.9024f,4.1941f,0f,0f,0f,1f],start_interpolation: 0,interpolation_duration: 1}
$data merge entity $(bone_left_sad_pupil1) {transformation: [-0.9976f,0.0242f,0.0654f,0.4236f,0.0498f,0.9034f,0.4258f,3.0727f,-0.0488f,0.4281f,-0.9024f,4.2838f,0f,0f,0f,1f],start_interpolation: 0,interpolation_duration: 1}
$data merge entity $(bone_left_pupil1) {transformation: [-0.9976f,0.0242f,0.0654f,0.4229f,0.0498f,0.9034f,0.4258f,3.0679f,-0.0488f,0.4281f,-0.9024f,4.294f,0f,0f,0f,1f],start_interpolation: 0,interpolation_duration: 1}
$data merge entity $(bone_eyelid_left1) {transformation: [-0.9976f,0.0242f,0.0654f,0.0276f,0.0498f,0.9034f,0.4258f,3.2826f,-0.0488f,0.4281f,-0.9024f,3.732f,0f,0f,0f,1f],start_interpolation: 0,interpolation_duration: 1}
$data merge entity $(bone_left_happy_pupil1) {transformation: [-0.9976f,0.0242f,0.0654f,0.4509f,0.0498f,0.9034f,0.4258f,3.0459f,-0.0488f,0.4281f,-0.9024f,4.2732f,0f,0f,0f,1f],start_interpolation: 0,interpolation_duration: 1}
$data merge entity $(bone_eyelid_expressions_left5) {transformation: [-0.9976f,0.0242f,0.0654f,0.5552f,0.0498f,0.9034f,0.4258f,3.1677f,-0.0488f,0.4281f,-0.9024f,4.3382f,0f,0f,0f,1f],start_interpolation: 0,interpolation_duration: 1}
$data merge entity $(bone_eyelid_expressions_left7) {transformation: [-0.9976f,0.0242f,0.0654f,0.2191f,0.0498f,0.9034f,0.4258f,3.1845f,-0.0488f,0.4281f,-0.9024f,4.3218f,0f,0f,0f,1f],start_interpolation: 0,interpolation_duration: 1}
$data merge entity $(bone_eyelid_expressions_left6) {transformation: [-0.9976f,0.0242f,0.0654f,0.3311f,0.0498f,0.9034f,0.4258f,3.1789f,-0.0488f,0.4281f,-0.9024f,4.3273f,0f,0f,0f,1f],start_interpolation: 0,interpolation_duration: 1}
$data merge entity $(bone_left_eye1) {transformation: [-0.9976f,0.0242f,0.0654f,0.0381f,0.0498f,0.9034f,0.4258f,3.2772f,-0.0488f,0.4281f,-0.9024f,3.7427f,0f,0f,0f,1f],start_interpolation: 0,interpolation_duration: 1}
$data merge entity $(bone_crest_middle5) {transformation: [-0.9976f,0.0378f,0.0586f,0.0405f,0.0498f,0.9742f,0.2202f,4.3261f,-0.0488f,0.2226f,-0.9737f,4.7661f,0f,0f,0f,1f],start_interpolation: 0,interpolation_duration: 1}
$data merge entity $(bone_crest_middle4) {transformation: [-0.9976f,0.0378f,0.0586f,0.015f,0.0498f,0.9742f,0.2202f,3.6697f,-0.0488f,0.2226f,-0.9737f,4.6161f,0f,0f,0f,1f],start_interpolation: 0,interpolation_duration: 1}
$data merge entity $(bone_crest_middle1) {transformation: [-0.9976f,0.0378f,0.0586f,-0.009f,0.0498f,0.9742f,0.2202f,3.1588f,-0.0488f,0.2226f,-0.9737f,4.5856f,0f,0f,0f,1f],start_interpolation: 0,interpolation_duration: 1}
$data merge entity $(bone_crest_left5) {transformation: [-0.5564f,-0.8127f,0.1729f,-1.0833f,-0.7352f,0.5785f,0.3533f,3.7597f,-0.3872f,0.0695f,-0.9194f,4.5269f,0f,0f,0f,1f],start_interpolation: 0,interpolation_duration: 1}
$data merge entity $(bone_crest_left4) {transformation: [-0.5564f,-0.8127f,0.1729f,-0.627f,-0.7352f,0.5785f,0.3533f,3.4348f,-0.3872f,0.0695f,-0.9194f,4.4879f,0f,0f,0f,1f],start_interpolation: 0,interpolation_duration: 1}
$data merge entity $(bone_crest_left1) {transformation: [-0.5564f,-0.8127f,0.1729f,-0.1152f,-0.7352f,0.5785f,0.3533f,3.0974f,-0.3872f,0.0695f,-0.9194f,4.3934f,0f,0f,0f,1f],start_interpolation: 0,interpolation_duration: 1}
$data merge entity $(bone_crest_center1) {transformation: [-0.9976f,0.0242f,0.0654f,-0.0039f,0.0498f,0.9034f,0.4258f,3.0664f,-0.0488f,0.4281f,-0.9024f,4.3868f,0f,0f,0f,1f],start_interpolation: 0,interpolation_duration: 1}
$data merge entity $(bone_crest_right5) {transformation: [-0.5156f,0.8556f,-0.0467f,1.1203f,0.7887f,0.4952f,0.3643f,3.6497f,0.3348f,0.151f,-0.9301f,4.6346f,0f,0f,0f,1f],start_interpolation: 0,interpolation_duration: 1}
$data merge entity $(bone_crest_right4) {transformation: [-0.5156f,0.8556f,-0.0467f,0.6399f,0.7887f,0.4952f,0.3643f,3.3716f,0.3348f,0.151f,-0.9301f,4.5498f,0f,0f,0f,1f],start_interpolation: 0,interpolation_duration: 1}
$data merge entity $(bone_crest_right1) {transformation: [-0.5156f,0.8556f,-0.0467f,0.1088f,0.7887f,0.4952f,0.3643f,3.0862f,0.3348f,0.151f,-0.9301f,4.4043f,0f,0f,0f,1f],start_interpolation: 0,interpolation_duration: 1}
$data merge entity $(bone_head1) {transformation: [-1.0456f,0.0253f,0.0685f,0.0771f,0.0522f,0.947f,0.4463f,3.4895f,-0.0511f,0.4487f,-0.9459f,3.1612f,0f,0f,0f,1f],start_interpolation: 0,interpolation_duration: 1}
$data merge entity $(bone_neck10) {transformation: [-1.4956f,0.0582f,0.0458f,0.0923f,0.0663f,1.4648f,0.3038f,3.2666f,-0.033f,0.3054f,-1.4655f,2.0254f,0f,0f,0f,1f],start_interpolation: 0,interpolation_duration: 1}
$data merge entity $(bone_neck9) {transformation: [-1.1441f,-0.0007f,0.0567f,0.0944f,0.0507f,0.4978f,1.0305f,2.7289f,-0.0253f,1.0317f,-0.4971f,0.8516f,0f,0f,0f,1f],start_interpolation: 0,interpolation_duration: 1}
$data merge entity $(bone_neck8) {transformation: [-1.0618f,-0.0124f,0.0511f,0.1096f,0.0471f,0.2356f,1.0357f,2.5472f,-0.0234f,1.0367f,-0.2347f,-0.2011f,0f,0f,0f,1f],start_interpolation: 0,interpolation_duration: 1}
$data merge entity $(bone_neck7) {transformation: [-1.0523f,-0.0682f,0.0486f,0.1785f,0.0423f,0.097f,1.0503f,2.4492f,-0.0723f,1.049f,-0.094f,-1.2612f,0f,0f,0f,1f],start_interpolation: 0,interpolation_duration: 1}
$data merge entity $(bone_neck6) {transformation: [-1.0226f,-0.2156f,0.0978f,0.3779f,0.1341f,-0.1703f,1.027f,2.6209f,-0.1951f,1.0131f,0.1935f,-2.1886f,0f,0f,0f,1f],start_interpolation: 0,interpolation_duration: 1}
$data merge entity $(bone_neck_spine6) {transformation: [-1.2561f,0.1909f,-0.0765f,0.6594f,0.0037f,0.4946f,1.1727f,3.5881f,0.2057f,1.1571f,-0.4887f,-6.0855f,0f,0f,0f,1f],start_interpolation: 0,interpolation_duration: 1}
$data merge entity $(bone_neck_spine7) {transformation: [-0.9503f,0.3073f,-0.0494f,-0.1356f,0.036f,0.2663f,0.9632f,2.7515f,0.3092f,0.9136f,-0.2641f,-9.2987f,0f,0f,0f,1f],start_interpolation: 0,interpolation_duration: 1}
$data merge entity $(bone_tail6) {transformation: [-1.6917f,0.2924f,0.1335f,-0.8051f,0.0055f,-0.6889f,1.5782f,3.8956f,0.3214f,1.5509f,0.6759f,-12.6632f,0f,0f,0f,1f],start_interpolation: 0,interpolation_duration: 1}
$data merge entity $(bone_tail5) {transformation: [-1.3975f,0.2187f,0.1506f,-0.6669f,0.0045f,-0.7868f,1.1851f,3.3987f,0.2655f,1.1647f,0.7723f,-11.9276f,0f,0f,0f,1f],start_interpolation: 0,interpolation_duration: 1}
$data merge entity $(bone_tail4) {transformation: [-1.0248f,0.1717f,0.1377f,-0.5933f,0.0098f,-0.6194f,0.8456f,3.1332f,0.2199f,0.828f,0.6039f,-11.5727f,0f,0f,0f,1f],start_interpolation: 0,interpolation_duration: 1}
$data merge entity $(bone_segment18) {transformation: [-0.9907f,0.0348f,0.1314f,-0.5738f,0.0864f,-0.5846f,0.8067f,2.8049f,0.1049f,0.8106f,0.5762f,-11.1176f,0f,0f,0f,1f],start_interpolation: 0,interpolation_duration: 1}
$data merge entity $(bone_segment17) {transformation: [-0.9824f,0.1423f,0.1212f,-0.4699f,0.053f,-0.4098f,0.9106f,2.5058f,0.1792f,0.901f,0.3951f,-10.4598f,0f,0f,0f,1f],start_interpolation: 0,interpolation_duration: 1}
$data merge entity $(bone_segment16) {transformation: [-0.9656f,0.2442f,0.089f,-0.2368f,0.0356f,-0.2152f,0.9759f,2.3004f,0.2575f,0.9455f,0.1991f,-9.5572f,0f,0f,0f,1f],start_interpolation: 0,interpolation_duration: 1}
$data merge entity $(bone_segment15) {transformation: [-0.9503f,0.3097f,0.0318f,0.1284f,0.036f,0.0079f,0.9993f,2.3097f,0.3092f,0.9508f,-0.0187f,-8.436f,0f,0f,0f,1f],start_interpolation: 0,interpolation_duration: 1}
$data merge entity $(bone_segment14) {transformation: [-1.0073f,0.2891f,-0.0232f,0.4536f,0.0309f,0.1904f,1.0303f,2.5239f,0.2884f,0.9894f,-0.1915f,-7.323f,0f,0f,0f,1f],start_interpolation: 0,interpolation_duration: 1}
$data merge entity $(bone_segment13) {transformation: [-1.0122f,0.1623f,-0.034f,0.65f,0.003f,0.2284f,1f,2.7717f,0.1658f,0.9867f,-0.2259f,-6.1284f,0f,0f,0f,1f],start_interpolation: 0,interpolation_duration: 1}
$data merge entity $(bone_segment12) {transformation: [-1.1149f,0.0319f,-0.0196f,0.6885f,-0.0155f,0.1405f,1.1066f,2.9414f,0.0341f,1.1062f,-0.1399f,-4.7921f,0f,0f,0f,1f],start_interpolation: 0,interpolation_duration: 1}
$data merge entity $(bone_segment11) {transformation: [-1.1846f,-0.1169f,-0.015f,0.5534f,-0.01f,-0.0511f,1.1893f,2.8823f,-0.1174f,1.1836f,0.0499f,-3.4243f,0f,0f,0f,1f],start_interpolation: 0,interpolation_duration: 1}
$data merge entity $(bone_segment10) {transformation: [-1.0378f,-0.1446f,-0.0287f,0.3705f,0f,-0.2039f,1.0282f,2.6403f,-0.1474f,1.0179f,0.2019f,-2.1364f,0f,0f,0f,1f],start_interpolation: 0,interpolation_duration: 1}
data modify entity @s data merge value {"cameras":{},"locators":{"mouth":{"posx":-0.08724088419031165,"posy":2.338180197253021,"posz":5.348318440492688,"roty":176.76739282910583,"rotx":64.61282462439266}}}