# This file was generated by Animated Java via MC-Build. It is not recommended to edit this file directly.
$data merge entity $(bone_neck_spine5) {transformation: [-1.5659f,0.0605f,0.1274f,0.3144f,0.1172f,1.3486f,0.7998f,4.1684f,-0.0785f,0.8061f,-1.3476f,0.1877f,0f,0f,0f,1f],start_interpolation: 0,interpolation_duration: 1}
$data merge entity $(bone_neck_spine2) {transformation: [-1.4914f,0.1266f,0.045f,0.2211f,0.1116f,1.4468f,-0.3696f,5.6431f,-0.0747f,-0.3647f,-1.4504f,2.0016f,0f,0f,0f,1f],start_interpolation: 0,interpolation_duration: 1}
$data merge entity $(bone_scale_neck_left1) {transformation: [-1.5505f,0.524f,0.1851f,0.9289f,0.5407f,1.5492f,0.1434f,4.7049f,-0.1285f,0.1958f,-1.6304f,2.2278f,0f,0f,0f,1f],start_interpolation: 0,interpolation_duration: 1}
$data merge entity $(bone_scale_neck_right1) {transformation: [-1.6186f,-0.305f,0.0013f,-0.637f,-0.3035f,1.6113f,0.1572f,4.8221f,-0.0304f,0.1542f,-1.6396f,2.1493f,0f,0f,0f,1f],start_interpolation: 0,interpolation_duration: 1}
$data merge entity $(bone_blush_right1) {transformation: [-0.991f,0.1151f,-0.0682f,-0.4863f,0.0913f,0.9546f,0.2837f,4.4344f,0.0977f,0.2749f,-0.9565f,3.504f,0f,0f,0f,1f],start_interpolation: 0,interpolation_duration: 1}
$data merge entity $(bone_blush_left1) {transformation: [-0.991f,0.1151f,-0.0682f,0.827f,0.0913f,0.9546f,0.2837f,4.3134f,0.0977f,0.2749f,-0.9565f,3.3745f,0f,0f,0f,1f],start_interpolation: 0,interpolation_duration: 1}
$data merge entity $(bone_left_head_scales) {transformation: [-0.8476f,0.1151f,-0.5181f,0.8953f,-0.05f,0.9546f,0.2938f,5.1207f,0.5283f,0.2749f,-0.8033f,3.1981f,0f,0f,0f,1f],start_interpolation: 0,interpolation_duration: 1}
$data merge entity $(bone_left_head_scales2) {transformation: [-0.7727f,0.1151f,-0.6243f,0.8035f,-0.0879f,0.9546f,0.2847f,4.2153f,0.6287f,0.2749f,-0.7275f,3.1122f,0f,0f,0f,1f],start_interpolation: 0,interpolation_duration: 1}
$data merge entity $(bone_left_head_scales1) {transformation: [-0.991f,0.1151f,-0.0682f,0.8824f,0.0913f,0.9546f,0.2837f,5.0135f,0.0977f,0.2749f,-0.9565f,3.1672f,0f,0f,0f,1f],start_interpolation: 0,interpolation_duration: 1}
$data merge entity $(bone_right_head_scales) {transformation: [-0.9105f,0.1151f,0.3971f,-0.4402f,0.212f,0.9546f,0.2095f,5.2438f,-0.355f,0.2749f,-0.8935f,3.3298f,0f,0f,0f,1f],start_interpolation: 0,interpolation_duration: 1}
$data merge entity $(bone_right_head_scales2) {transformation: [-0.8509f,0.1151f,0.5126f,-0.5321f,0.2375f,0.9546f,0.18f,4.3384f,-0.4686f,0.2749f,-0.8396f,3.2439f,0f,0f,0f,1f],start_interpolation: 0,interpolation_duration: 1}
$data merge entity $(bone_right_head_scales1) {transformation: [-0.991f,0.1151f,-0.0682f,-0.4531f,0.0913f,0.9546f,0.2837f,5.1366f,0.0977f,0.2749f,-0.9565f,3.2989f,0f,0f,0f,1f],start_interpolation: 0,interpolation_duration: 1}
$data merge entity $(bone_head_left_fin1) {transformation: [-0.4107f,0.2349f,-0.9353f,0.8282f,0.0564f,1.0207f,0.2316f,4.6354f,0.9627f,0.0404f,-0.4126f,2.9709f,0f,0f,0f,1f],start_interpolation: 0,interpolation_duration: 1}
$data merge entity $(bone_head_right_fin1) {transformation: [-0.5927f,-0.034f,0.8639f,-0.5073f,0.036f,1.0455f,0.0658f,4.7585f,-0.8638f,0.0669f,-0.59f,3.1026f,0f,0f,0f,1f],start_interpolation: 0,interpolation_duration: 1}
$data merge entity $(bone_right_whisker16) {transformation: [-0.0415f,-0.2376f,0.9705f,-1.2043f,0.9983f,-0.0494f,0.0306f,3.4409f,0.0407f,0.9701f,0.2392f,1.3444f,0f,0f,0f,1f],start_interpolation: 0,interpolation_duration: 1}
$data merge entity $(bone_right_whisker15) {transformation: [0.3435f,-0.1016f,0.9336f,-1.32f,0.3075f,0.9515f,-0.0096f,3.3373f,-0.8874f,0.2904f,0.3581f,1.6433f,0f,0f,0f,1f],start_interpolation: 0,interpolation_duration: 1}
$data merge entity $(bone_right_whisker14) {transformation: [0.5482f,-0.1914f,0.8142f,-1.5047f,-0.3232f,0.8494f,0.4173f,3.4462f,-0.7714f,-0.4918f,0.4038f,1.9032f,0f,0f,0f,1f],start_interpolation: 0,interpolation_duration: 1}
$data merge entity $(bone_right_whisker13) {transformation: [0.0841f,-0.2925f,0.9526f,-1.533f,0.1215f,0.9518f,0.2816f,3.4052f,-0.989f,0.0921f,0.1156f,2.2364f,0f,0f,0f,1f],start_interpolation: 0,interpolation_duration: 1}
$data merge entity $(bone_right_whisker12) {transformation: [-0.5813f,-0.2461f,0.7755f,-1.2719f,-0.3504f,0.936f,0.0344f,3.5626f,-0.7344f,-0.2517f,-0.6304f,2.5663f,0f,0f,0f,1f],start_interpolation: 0,interpolation_duration: 1}
$data merge entity $(bone_right_whisker11) {transformation: [-0.9534f,-0.1145f,0.2792f,-0.8436f,-0.134f,0.9896f,-0.0518f,3.6228f,-0.2704f,-0.0868f,-0.9588f,2.6878f,0f,0f,0f,1f],start_interpolation: 0,interpolation_duration: 1}
$data merge entity $(bone_right_whisker10) {transformation: [-0.5946f,-0.5067f,0.6243f,-0.5765f,-0.5026f,0.8403f,0.2032f,3.8486f,-0.6275f,-0.1929f,-0.7543f,2.9697f,0f,0f,0f,1f],start_interpolation: 0,interpolation_duration: 1}
$data merge entity $(bone_right_whisker1) {transformation: [-0.0723f,-0.6088f,0.79f,-0.5441f,-0.7453f,0.5593f,0.3629f,4.1834f,-0.6628f,-0.5626f,-0.4942f,3.2674f,0f,0f,0f,1f],start_interpolation: 0,interpolation_duration: 1}
$data merge entity $(bone_left_whisker16) {transformation: [-0.2286f,0.408f,-0.8839f,0.9213f,-0.9734f,-0.1089f,0.2015f,3.2451f,-0.0141f,0.9065f,0.4221f,1.1348f,0f,0f,0f,1f],start_interpolation: 0,interpolation_duration: 1}
$data merge entity $(bone_left_whisker15) {transformation: [0.4475f,0.3264f,-0.8326f,1.072f,-0.3804f,0.9121f,0.1531f,3.1169f,0.8094f,0.2482f,0.5323f,1.4074f,0f,0f,0f,1f],start_interpolation: 0,interpolation_duration: 1}
$data merge entity $(bone_left_whisker14) {transformation: [0.7365f,0.243f,-0.6313f,1.3201f,0.2048f,0.8094f,0.5504f,3.1859f,0.6447f,-0.5347f,0.5463f,1.6247f,0f,0f,0f,1f],start_interpolation: 0,interpolation_duration: 1}
$data merge entity $(bone_left_whisker13) {transformation: [0.2506f,0.4722f,-0.8451f,1.4046f,-0.1524f,0.8814f,0.4472f,3.1346f,0.956f,0.0167f,0.2928f,1.9468f,0f,0f,0f,1f],start_interpolation: 0,interpolation_duration: 1}
$data merge entity $(bone_left_whisker12) {transformation: [-0.3549f,0.358f,-0.8637f,1.2452f,0.4366f,0.8803f,0.1854f,3.3307f,0.8267f,-0.3113f,-0.4687f,2.3181f,0f,0f,0f,1f],start_interpolation: 0,interpolation_duration: 1}
$data merge entity $(bone_left_whisker11) {transformation: [-0.8427f,0.2727f,-0.4643f,0.8666f,0.2995f,0.954f,0.0167f,3.4653f,0.4475f,-0.125f,-0.8855f,2.5191f,0f,0f,0f,1f],start_interpolation: 0,interpolation_duration: 1}
$data merge entity $(bone_left_whisker10) {transformation: [-0.3608f,0.6032f,-0.7113f,0.7045f,0.5906f,0.738f,0.3263f,3.7306f,0.7218f,-0.3024f,-0.6226f,2.8434f,0f,0f,0f,1f],start_interpolation: 0,interpolation_duration: 1}
$data merge entity $(bone_left_whisker1) {transformation: [0.1936f,0.5793f,-0.7918f,0.7915f,0.7341f,0.4499f,0.5086f,4.0604f,0.6509f,-0.6797f,-0.3382f,3.1357f,0f,0f,0f,1f],start_interpolation: 0,interpolation_duration: 1}
$data merge entity $(bone_upper_left_tooth1) {transformation: [-0.991f,0.1087f,-0.078f,0.5387f,0.0913f,0.9757f,0.1994f,4.2227f,0.0977f,0.1905f,-0.9768f,4.1557f,0f,0f,0f,1f],start_interpolation: 0,interpolation_duration: 1}
$data merge entity $(bone_upper_right_tooth1) {transformation: [-0.991f,0.1087f,-0.078f,-0.129f,0.0913f,0.9757f,0.1994f,4.2842f,0.0977f,0.1905f,-0.9768f,4.2215f,0f,0f,0f,1f],start_interpolation: 0,interpolation_duration: 1}
$data merge entity $(bone_top_lip1) {transformation: [-0.991f,0.0755f,-0.1104f,0.2461f,0.0913f,0.985f,-0.1463f,4.3714f,0.0977f,-0.1551f,-0.9831f,4.2094f,0f,0f,0f,1f],start_interpolation: 0,interpolation_duration: 1}
$data merge entity $(bone_muzzle1) {transformation: [-0.991f,0.1087f,-0.078f,0.2206f,0.0913f,0.9757f,0.1994f,4.6477f,0.0977f,0.1905f,-0.9768f,3.693f,0f,0f,0f,1f],start_interpolation: 0,interpolation_duration: 1}
$data merge entity $(bone_jaw_right_tooth1) {transformation: [-0.991f,0.0331f,-0.1296f,-0.1242f,0.0913f,0.8756f,-0.4744f,4.3168f,0.0977f,-0.482f,-0.8707f,4.2404f,0f,0f,0f,1f],start_interpolation: 0,interpolation_duration: 1}
$data merge entity $(bone_jaw_left_tooth1) {transformation: [-0.991f,0.0331f,-0.1296f,0.5992f,0.0913f,0.8756f,-0.4744f,4.2502f,0.0977f,-0.482f,-0.8707f,4.169f,0f,0f,0f,1f],start_interpolation: 0,interpolation_duration: 1}
$data merge entity $(bone_tongue1) {transformation: [-0.991f,0.0848f,-0.1034f,0.1537f,0.0913f,0.994f,-0.0599f,4.2272f,0.0977f,-0.0688f,-0.9928f,3.4075f,0f,0f,0f,1f],start_interpolation: 0,interpolation_duration: 1}
$data merge entity $(bone_jaw_lips1) {transformation: [-0.991f,0.0848f,-0.1034f,0.2914f,0.0913f,0.994f,-0.0599f,4.1475f,0.0977f,-0.0688f,-0.9928f,4.3029f,0f,0f,0f,1f],start_interpolation: 0,interpolation_duration: 1}
$data merge entity $(bone_jaw3) {transformation: [-0.991f,0.0551f,-0.1218f,0.1772f,0.0913f,0.9446f,-0.3151f,3.7848f,0.0977f,-0.3234f,-0.9412f,3.4846f,0f,0f,0f,1f],start_interpolation: 0,interpolation_duration: 1}
$data merge entity $(bone_jaw1) {transformation: [-0.991f,0.1251f,-0.0472f,0.1349f,0.0913f,0.8908f,0.4451f,4.1847f,0.0977f,0.4368f,-0.8942f,2.6812f,0f,0f,0f,1f],start_interpolation: 0,interpolation_duration: 1}
$data merge entity $(bone_tear_right1) {transformation: [-0.991f,0.1151f,-0.0682f,-0.3785f,0.0913f,0.9546f,0.2837f,4.7758f,0.0977f,0.2749f,-0.9565f,3.7032f,0f,0f,0f,1f],start_interpolation: 0,interpolation_duration: 1}
$data merge entity $(bone_right_pupil1) {transformation: [-0.991f,0.1151f,-0.0682f,-0.1774f,0.0913f,0.9546f,0.2837f,4.847f,0.0977f,0.2749f,-0.9565f,3.7804f,0f,0f,0f,1f],start_interpolation: 0,interpolation_duration: 1}
$data merge entity $(bone_right_sad_pupil1) {transformation: [-0.991f,0.1151f,-0.0682f,-0.1781f,0.0913f,0.9546f,0.2837f,4.8502f,0.0977f,0.2749f,-0.9565f,3.7697f,0f,0f,0f,1f],start_interpolation: 0,interpolation_duration: 1}
$data merge entity $(bone_right_happy_pupil1) {transformation: [-0.991f,0.1151f,-0.0682f,-0.2092f,0.0913f,0.9546f,0.2837f,4.8259f,0.0977f,0.2749f,-0.9565f,3.7647f,0f,0f,0f,1f],start_interpolation: 0,interpolation_duration: 1}
$data merge entity $(bone_eyelid_right1) {transformation: [-0.991f,0.1151f,-0.0682f,0.2056f,0.0913f,0.9546f,0.2837f,4.9164f,0.0977f,0.2749f,-0.9565f,3.1749f,0f,0f,0f,1f],start_interpolation: 0,interpolation_duration: 1}
$data merge entity $(bone_eyelid_expressions_right5) {transformation: [-0.991f,0.1151f,-0.0682f,-0.2932f,0.0913f,0.9546f,0.2837f,4.9692f,0.0977f,0.2749f,-0.9565f,3.8132f,0f,0f,0f,1f],start_interpolation: 0,interpolation_duration: 1}
$data merge entity $(bone_eyelid_expressions_right7) {transformation: [-0.991f,0.1151f,-0.0682f,0.0407f,0.0913f,0.9546f,0.2837f,4.9384f,0.0977f,0.2749f,-0.9565f,3.7803f,0f,0f,0f,1f],start_interpolation: 0,interpolation_duration: 1}
$data merge entity $(bone_eyelid_expressions_right6) {transformation: [-0.991f,0.1151f,-0.0682f,-0.0706f,0.0913f,0.9546f,0.2837f,4.9487f,0.0977f,0.2749f,-0.9565f,3.7912f,0f,0f,0f,1f],start_interpolation: 0,interpolation_duration: 1}
$data merge entity $(bone_right_eye1) {transformation: [-0.991f,0.1151f,-0.0682f,0.1953f,0.0913f,0.9546f,0.2837f,4.9142f,0.0977f,0.2749f,-0.9565f,3.1867f,0f,0f,0f,1f],start_interpolation: 0,interpolation_duration: 1}
$data merge entity $(bone_tear_left1) {transformation: [-0.991f,0.1151f,-0.0682f,0.8235f,0.0913f,0.9546f,0.2837f,4.6651f,0.0977f,0.2749f,-0.9565f,3.5847f,0f,0f,0f,1f],start_interpolation: 0,interpolation_duration: 1}
$data merge entity $(bone_left_sad_pupil1) {transformation: [-0.991f,0.1151f,-0.0682f,0.6566f,0.0913f,0.9546f,0.2837f,4.7733f,0.0977f,0.2749f,-0.9565f,3.6874f,0f,0f,0f,1f],start_interpolation: 0,interpolation_duration: 1}
$data merge entity $(bone_left_pupil1) {transformation: [-0.991f,0.1151f,-0.0682f,0.6574f,0.0913f,0.9546f,0.2837f,4.7701f,0.0977f,0.2749f,-0.9565f,3.6981f,0f,0f,0f,1f],start_interpolation: 0,interpolation_duration: 1}
$data merge entity $(bone_eyelid_left1) {transformation: [-0.991f,0.1151f,-0.0682f,0.1834f,0.0913f,0.9546f,0.2837f,4.9184f,0.0977f,0.2749f,-0.9565f,3.1771f,0f,0f,0f,1f],start_interpolation: 0,interpolation_duration: 1}
$data merge entity $(bone_left_happy_pupil1) {transformation: [-0.991f,0.1151f,-0.0682f,0.6812f,0.0913f,0.9546f,0.2837f,4.7439f,0.0977f,0.2749f,-0.9565f,3.6769f,0f,0f,0f,1f],start_interpolation: 0,interpolation_duration: 1}
$data merge entity $(bone_eyelid_expressions_left5) {transformation: [-0.991f,0.1151f,-0.0682f,0.7975f,0.0913f,0.9546f,0.2837f,4.8687f,0.0977f,0.2749f,-0.9565f,3.7056f,0f,0f,0f,1f],start_interpolation: 0,interpolation_duration: 1}
$data merge entity $(bone_eyelid_expressions_left7) {transformation: [-0.991f,0.1151f,-0.0682f,0.4636f,0.0913f,0.9546f,0.2837f,4.8995f,0.0977f,0.2749f,-0.9565f,3.7386f,0f,0f,0f,1f],start_interpolation: 0,interpolation_duration: 1}
$data merge entity $(bone_eyelid_expressions_left6) {transformation: [-0.991f,0.1151f,-0.0682f,0.5749f,0.0913f,0.9546f,0.2837f,4.8892f,0.0977f,0.2749f,-0.9565f,3.7276f,0f,0f,0f,1f],start_interpolation: 0,interpolation_duration: 1}
$data merge entity $(bone_left_eye1) {transformation: [-0.991f,0.1151f,-0.0682f,0.1953f,0.0913f,0.9546f,0.2837f,4.9142f,0.0977f,0.2749f,-0.9565f,3.1867f,0f,0f,0f,1f],start_interpolation: 0,interpolation_duration: 1}
$data merge entity $(bone_crest_middle5) {transformation: [-0.991f,0.0976f,-0.0915f,0.3872f,0.0913f,0.9933f,0.0704f,6.1017f,0.0977f,0.0614f,-0.9933f,4.0237f,0f,0f,0f,1f],start_interpolation: 0,interpolation_duration: 1}
$data merge entity $(bone_crest_middle4) {transformation: [-0.991f,0.0976f,-0.0915f,0.3215f,0.0913f,0.9933f,0.0704f,5.4324f,0.0977f,0.0614f,-0.9933f,3.9823f,0f,0f,0f,1f],start_interpolation: 0,interpolation_duration: 1}
$data merge entity $(bone_crest_middle1) {transformation: [-0.991f,0.0976f,-0.0915f,0.2798f,0.0913f,0.9933f,0.0704f,4.9245f,0.0977f,0.0614f,-0.9933f,4.035f,0f,0f,0f,1f],start_interpolation: 0,interpolation_duration: 1}
$data merge entity $(bone_crest_left5) {transformation: [-0.6295f,-0.7763f,0.0334f,-0.7744f,-0.756f,0.6219f,0.2043f,5.5624f,-0.1793f,0.1033f,-0.9783f,4.0499f,0f,0f,0f,1f],start_interpolation: 0,interpolation_duration: 1}
$data merge entity $(bone_crest_left4) {transformation: [-0.6295f,-0.7763f,0.0334f,-0.3385f,-0.756f,0.6219f,0.2043f,5.2132f,-0.1793f,0.1033f,-0.9783f,3.9919f,0f,0f,0f,1f],start_interpolation: 0,interpolation_duration: 1}
$data merge entity $(bone_crest_left1) {transformation: [-0.6295f,-0.7763f,0.0334f,0.1428f,-0.756f,0.6219f,0.2043f,4.8405f,-0.1793f,0.1033f,-0.9783f,3.8731f,0f,0f,0f,1f],start_interpolation: 0,interpolation_duration: 1}
$data merge entity $(bone_crest_center1) {transformation: [-0.991f,0.1151f,-0.0682f,0.2509f,0.0913f,0.9546f,0.2837f,4.8035f,0.0977f,0.2749f,-0.9565f,3.8544f,0f,0f,0f,1f],start_interpolation: 0,interpolation_duration: 1}
$data merge entity $(bone_crest_right5) {transformation: [-0.4354f,0.8811f,-0.1848f,1.4147f,0.8541f,0.4692f,0.2244f,5.3607f,0.2844f,-0.0601f,-0.9568f,3.834f,0f,0f,0f,1f],start_interpolation: 0,interpolation_duration: 1}
$data merge entity $(bone_crest_right4) {transformation: [-0.4354f,0.8811f,-0.1848f,0.92f,0.8541f,0.4692f,0.2244f,5.0972f,0.2844f,-0.0601f,-0.9568f,3.8677f,0f,0f,0f,1f],start_interpolation: 0,interpolation_duration: 1}
$data merge entity $(bone_crest_right1) {transformation: [-0.4354f,0.8811f,-0.1848f,0.3654f,0.8541f,0.4692f,0.2244f,4.82f,0.2844f,-0.0601f,-0.9568f,3.8512f,0f,0f,0f,1f],start_interpolation: 0,interpolation_duration: 1}
$data merge entity $(bone_head1) {transformation: [-1.0388f,0.1206f,-0.0715f,0.1467f,0.0957f,1.0006f,0.2973f,5.0359f,0.1024f,0.2881f,-1.0026f,2.5805f,0f,0f,0f,1f],start_interpolation: 0,interpolation_duration: 1}
$data merge entity $(bone_neck10) {transformation: [-1.4914f,0.1196f,0.0612f,0.1544f,0.1116f,1.4826f,-0.1776f,4.4646f,-0.0747f,-0.1723f,-1.4856f,1.5737f,0f,0f,0f,1f],start_interpolation: 0,interpolation_duration: 1}
$data merge entity $(bone_neck9) {transformation: [-1.1409f,0.0186f,0.1011f,0.1357f,0.0854f,0.7982f,0.8171f,3.5836f,-0.0572f,0.8214f,-0.7964f,0.6302f,0f,0f,0f,1f],start_interpolation: 0,interpolation_duration: 1}
$data merge entity $(bone_neck8) {transformation: [-1.0589f,0.0008f,0.0954f,0.14f,0.0793f,0.5988f,0.8749f,3.0289f,-0.0531f,0.8785f,-0.5964f,-0.2829f,0f,0f,0f,1f],start_interpolation: 0,interpolation_duration: 1}
$data merge entity $(bone_neck7) {transformation: [-1.0515f,0.0011f,0.0936f,0.1389f,0.0852f,0.449f,0.9516f,2.5751f,-0.0388f,0.9554f,-0.4474f,-1.2485f,0f,0f,0f,1f],start_interpolation: 0,interpolation_duration: 1}
$data merge entity $(bone_neck6) {transformation: [-1.0412f,-0.0735f,0.1112f,0.2081f,0.1018f,0.1269f,1.037f,2.474f,-0.0861f,1.0394f,-0.1187f,-2.2046f,0f,0f,0f,1f],start_interpolation: 0,interpolation_duration: 1}
$data merge entity $(bone_neck_spine6) {transformation: [-1.2338f,0.3101f,0.0394f,-0.0149f,-0.026f,-0.2617f,1.2453f,3.5311f,0.3115f,1.2064f,0.26f,-5.6422f,0f,0f,0f,1f],start_interpolation: 0,interpolation_duration: 1}
$data merge entity $(bone_neck_spine7) {transformation: [-0.9737f,0.2213f,0.0538f,-0.9076f,0.0029f,-0.2241f,0.9746f,4.7629f,0.2277f,0.9491f,0.2175f,-8.7623f,0f,0f,0f,1f],start_interpolation: 0,interpolation_duration: 1}
$data merge entity $(bone_tail6) {transformation: [-1.6871f,-0.128f,0.3205f,-0.7297f,0.2534f,0.626f,1.5841f,4.5237f,-0.2342f,1.5991f,-0.5945f,-12.6907f,0f,0f,0f,1f],start_interpolation: 0,interpolation_duration: 1}
$data merge entity $(bone_tail5) {transformation: [-1.3937f,-0.1501f,0.2423f,-0.8245f,0.2093f,0.282f,1.3785f,4.7018f,-0.1935f,1.3862f,-0.2542f,-11.8152f,0f,0f,0f,1f],start_interpolation: 0,interpolation_duration: 1}
$data merge entity $(bone_tail4) {transformation: [-1.0252f,-0.1029f,0.1927f,-0.8685f,0.1761f,0.1584f,1.0211f,4.7697f,-0.1293f,1.031f,-0.1377f,-11.3733f,0f,0f,0f,1f],start_interpolation: 0,interpolation_duration: 1}
$data merge entity $(bone_segment18) {transformation: [-0.9569f,-0.225f,0.1839f,-0.9949f,0.1468f,0.1718f,0.9741f,4.8662f,-0.2507f,0.9591f,-0.1313f,-10.8348f,0f,0f,0f,1f],start_interpolation: 0,interpolation_duration: 1}
$data merge entity $(bone_segment17) {transformation: [-0.9875f,-0.0927f,0.1273f,-1.0626f,0.1349f,-0.0809f,0.9875f,4.8071f,-0.0813f,0.9924f,0.0924f,-10.1103f,0f,0f,0f,1f],start_interpolation: 0,interpolation_duration: 1}
$data merge entity $(bone_segment16) {transformation: [-0.9934f,0.0521f,0.1026f,-1.0128f,0.0803f,-0.3242f,0.9426f,4.4976f,0.0824f,0.9445f,0.3179f,-9.2087f,0f,0f,0f,1f],start_interpolation: 0,interpolation_duration: 1}
$data merge entity $(bone_segment15) {transformation: [-0.9737f,0.1998f,0.1092f,-0.7772f,0.0029f,-0.4687f,0.8834f,3.945f,0.2277f,0.8605f,0.4558f,-8.194f,0f,0f,0f,1f],start_interpolation: 0,interpolation_duration: 1}
$data merge entity $(bone_segment14) {transformation: [-0.9896f,0.3242f,0.1194f,-0.4125f,-0.0567f,-0.5099f,0.914f,3.3713f,0.3408f,0.8565f,0.499f,-7.2304f,0f,0f,0f,1f],start_interpolation: 0,interpolation_duration: 1}
$data merge entity $(bone_segment13) {transformation: [-0.9943f,0.2406f,0.0746f,-0.1248f,-0.021f,-0.3819f,0.9517f,2.8853f,0.251f,0.9211f,0.3752f,-6.1314f,0f,0f,0f,1f],start_interpolation: 0,interpolation_duration: 1}
$data merge entity $(bone_segment12) {transformation: [-1.0921f,0.2248f,0.0348f,0.1468f,-0.0128f,-0.2313f,1.0912f,2.6058f,0.2271f,1.0679f,0.2291f,-4.8413f,0f,0f,0f,1f],start_interpolation: 0,interpolation_duration: 1}
$data merge entity $(bone_segment11) {transformation: [-1.1859f,0.1034f,0.002f,0.2663f,-0.0047f,-0.0765f,1.188f,2.5175f,0.1033f,1.1835f,0.0766f,-3.4736f,0f,0f,0f,1f],start_interpolation: 0,interpolation_duration: 1}
$data merge entity $(bone_segment10) {transformation: [-1.0471f,-0.048f,-0.0014f,0.2056f,0f,-0.0312f,1.0477f,2.4938f,-0.048f,1.0466f,0.0311f,-2.1521f,0f,0f,0f,1f],start_interpolation: 0,interpolation_duration: 1}
data modify entity @s data merge value {"cameras":{},"locators":{"mouth":{"posx":0.3030050555399232,"posy":4.230770144772731,"posz":4.917908715854037,"roty":157.2897923252868,"rotx":72.66183728173912}}}