# This file was generated by Animated Java via MC-Build. It is not recommended to edit this file directly.
$data merge entity $(bone_neck_spine5) {transformation: [-1.5677f,0.0913f,0.0782f,0.351f,0.1202f,1.1997f,1.0091f,4.0633f,-0.0011f,1.0121f,-1.2032f,0.4226f,0f,0f,0f,1f],start_interpolation: 0,interpolation_duration: 1}
$data merge entity $(bone_neck_spine2) {transformation: [-1.493f,0.1141f,-0.0088f,0.3258f,0.1145f,1.4875f,-0.1284f,5.2228f,-0.001f,-0.1287f,-1.4919f,2.4546f,0f,0f,0f,1f],start_interpolation: 0,interpolation_duration: 1}
$data merge entity $(bone_scale_neck_left1) {transformation: [-1.5538f,0.5321f,0.1249f,1.0407f,0.5462f,1.4995f,0.4077f,4.264f,0.018f,0.426f,-1.591f,2.499f,0f,0f,0f,1f],start_interpolation: 0,interpolation_duration: 1}
$data merge entity $(bone_scale_neck_right1) {transformation: [-1.6189f,-0.2979f,-0.0591f,-0.5269f,-0.303f,1.5631f,0.4218f,4.3842f,-0.0202f,0.4255f,-1.5911f,2.4979f,0f,0f,0f,1f],start_interpolation: 0,interpolation_duration: 1}
$data merge entity $(bone_blush_right1) {transformation: [-0.9837f,0.1352f,-0.1183f,-0.313f,0.0679f,0.8895f,0.4518f,3.7678f,0.1664f,0.4364f,-0.8842f,3.7617f,0f,0f,0f,1f],start_interpolation: 0,interpolation_duration: 1}
$data merge entity $(bone_blush_left1) {transformation: [-0.9837f,0.1352f,-0.1183f,0.9906f,0.0679f,0.8895f,0.4518f,3.6778f,0.1664f,0.4364f,-0.8842f,3.5412f,0f,0f,0f,1f],start_interpolation: 0,interpolation_duration: 1}
$data merge entity $(bone_left_head_scales) {transformation: [-0.8179f,0.1352f,-0.5592f,1.0538f,-0.1484f,0.8895f,0.4321f,4.504f,0.5559f,0.4364f,-0.7075f,3.5103f,0f,0f,0f,1f],start_interpolation: 0,interpolation_duration: 1}
$data merge entity $(bone_left_head_scales2) {transformation: [-0.7379f,0.1352f,-0.6612f,0.9523f,-0.2035f,0.8895f,0.409f,3.6287f,0.6434f,0.4364f,-0.6289f,3.2672f,0f,0f,0f,1f],start_interpolation: 0,interpolation_duration: 1}
$data merge entity $(bone_left_head_scales1) {transformation: [-0.9837f,0.1352f,-0.1183f,1.0386f,0.0679f,0.8895f,0.4518f,4.4041f,0.1664f,0.4364f,-0.8842f,3.4613f,0f,0f,0f,1f],start_interpolation: 0,interpolation_duration: 1}
$data merge entity $(bone_right_head_scales) {transformation: [-0.9272f,0.1352f,0.3493f,-0.2719f,0.2688f,0.8895f,0.3694f,4.5955f,-0.2607f,0.4364f,-0.8611f,3.7345f,0f,0f,0f,1f],start_interpolation: 0,interpolation_duration: 1}
$data merge entity $(bone_right_head_scales2) {transformation: [-0.8737f,0.1352f,0.4673f,-0.3734f,0.3147f,0.8895f,0.3311f,3.7202f,-0.3709f,0.4364f,-0.8197f,3.4914f,0f,0f,0f,1f],start_interpolation: 0,interpolation_duration: 1}
$data merge entity $(bone_right_head_scales1) {transformation: [-0.9837f,0.1352f,-0.1183f,-0.2871f,0.0679f,0.8895f,0.4518f,4.4956f,0.1664f,0.4364f,-0.8842f,3.6855f,0f,0f,0f,1f],start_interpolation: 0,interpolation_duration: 1}
$data merge entity $(bone_head_left_fin1) {transformation: [-0.3575f,0.2425f,-0.955f,0.9717f,-0.1204f,0.9976f,0.2984f,4.0675f,0.9779f,0.2115f,-0.3124f,3.2031f,0f,0f,0f,1f],start_interpolation: 0,interpolation_duration: 1}
$data merge entity $(bone_head_right_fin1) {transformation: [-0.6384f,-0.0244f,0.831f,-0.354f,0.1892f,1.016f,0.1751f,4.159f,-0.8095f,0.2566f,-0.6144f,3.4272f,0f,0f,0f,1f],start_interpolation: 0,interpolation_duration: 1}
$data merge entity $(bone_right_whisker16) {transformation: [-0.0336f,-0.1849f,0.9822f,-1.1527f,0.9743f,-0.2252f,-0.0091f,3.1784f,0.2228f,0.9566f,0.1877f,1.5002f,0f,0f,0f,1f],start_interpolation: 0,interpolation_duration: 1}
$data merge entity $(bone_right_whisker15) {transformation: [0.2966f,-0.0803f,0.9516f,-1.2527f,0.4644f,0.8828f,-0.0703f,3.0219f,-0.8344f,0.4628f,0.2992f,1.7814f,0f,0f,0f,1f],start_interpolation: 0,interpolation_duration: 1}
$data merge entity $(bone_right_whisker14) {transformation: [0.5037f,-0.213f,0.8372f,-1.4224f,-0.1759f,0.9235f,0.3408f,3.0812f,-0.8458f,-0.3189f,0.4277f,2.0663f,0f,0f,0f,1f],start_interpolation: 0,interpolation_duration: 1}
$data merge entity $(bone_right_whisker13) {transformation: [0.031f,-0.2817f,0.959f,-1.4328f,0.2988f,0.9182f,0.2601f,2.9805f,-0.9538f,0.2785f,0.1126f,2.3877f,0f,0f,0f,1f],start_interpolation: 0,interpolation_duration: 1}
$data merge entity $(bone_right_whisker12) {transformation: [-0.6223f,-0.2541f,0.7404f,-1.1533f,-0.2142f,0.965f,0.1512f,3.0767f,-0.7529f,-0.0645f,-0.6549f,2.7259f,0f,0f,0f,1f],start_interpolation: 0,interpolation_duration: 1}
$data merge entity $(bone_right_whisker11) {transformation: [-0.9674f,-0.1134f,0.2265f,-0.7187f,-0.0869f,0.9885f,0.1237f,3.1157f,-0.2379f,0.1f,-0.9661f,2.8328f,0f,0f,0f,1f],start_interpolation: 0,interpolation_duration: 1}
$data merge entity $(bone_right_whisker10) {transformation: [-0.6306f,-0.5116f,0.5836f,-0.4354f,-0.3833f,0.8591f,0.339f,3.2879f,-0.6749f,-0.0099f,-0.7379f,3.1359f,0f,0f,0f,1f],start_interpolation: 0,interpolation_duration: 1}
$data merge entity $(bone_right_whisker1) {transformation: [-0.1123f,-0.6353f,0.7641f,-0.385f,-0.6133f,0.6493f,0.4497f,3.5635f,-0.7818f,-0.4181f,-0.4626f,3.4871f,0f,0f,0f,1f],start_interpolation: 0,interpolation_duration: 1}
$data merge entity $(bone_left_whisker16) {transformation: [-0.2345f,0.4559f,-0.8586f,0.9572f,-0.9558f,-0.2694f,0.118f,3.0328f,-0.1775f,0.8483f,0.499f,1.1434f,0f,0f,0f,1f],start_interpolation: 0,interpolation_duration: 1}
$data merge entity $(bone_left_whisker15) {transformation: [0.4885f,0.3445f,-0.8016f,1.1218f,-0.5186f,0.8535f,0.0507f,2.858f,0.7017f,0.391f,0.5956f,1.3798f,0f,0f,0f,1f],start_interpolation: 0,interpolation_duration: 1}
$data merge entity $(bone_left_whisker14) {transformation: [0.7715f,0.2182f,-0.5976f,1.3817f,0.0879f,0.8938f,0.4398f,2.8876f,0.6301f,-0.3918f,0.6704f,1.5921f,0f,0f,0f,1f],start_interpolation: 0,interpolation_duration: 1}
$data merge entity $(bone_left_whisker13) {transformation: [0.3012f,0.4773f,-0.8255f,1.4832f,-0.3218f,0.8658f,0.3832f,2.7792f,0.8976f,0.1502f,0.4144f,1.8945f,0f,0f,0f,1f],start_interpolation: 0,interpolation_duration: 1}
$data merge entity $(bone_left_whisker12) {transformation: [-0.3071f,0.3455f,-0.8868f,1.3453f,0.2783f,0.9236f,0.2635f,2.9042f,0.9101f,-0.1659f,-0.3798f,2.3034f,0f,0f,0f,1f],start_interpolation: 0,interpolation_duration: 1}
$data merge entity $(bone_left_whisker11) {transformation: [-0.8154f,0.2709f,-0.5115f,0.979f,0.21f,0.962f,0.1747f,2.9986f,0.5394f,0.035f,-0.8413f,2.5457f,0f,0f,0f,1f],start_interpolation: 0,interpolation_duration: 1}
$data merge entity $(bone_left_whisker10) {transformation: [-0.3178f,0.5901f,-0.7421f,0.8362f,0.4488f,0.7831f,0.4305f,3.2002f,0.8352f,-0.1962f,-0.5137f,2.9209f,0f,0f,0f,1f],start_interpolation: 0,interpolation_duration: 1}
$data merge entity $(bone_left_whisker1) {transformation: [0.2327f,0.5441f,-0.8061f,0.9408f,0.605f,0.5679f,0.558f,3.472f,0.7614f,-0.6176f,-0.197f,3.2629f,0f,0f,0f,1f],start_interpolation: 0,interpolation_duration: 1}
$data merge entity $(bone_upper_left_tooth1) {transformation: [-0.9837f,0.1244f,-0.1297f,0.7446f,0.0679f,0.9255f,0.3725f,3.446f,0.1664f,0.3577f,-0.9189f,4.3076f,0f,0f,0f,1f],start_interpolation: 0,interpolation_duration: 1}
$data merge entity $(bone_upper_right_tooth1) {transformation: [-0.9837f,0.1244f,-0.1297f,0.0817f,0.0679f,0.9255f,0.3725f,3.4917f,0.1664f,0.3577f,-0.9189f,4.4197f,0f,0f,0f,1f],start_interpolation: 0,interpolation_duration: 1}
$data merge entity $(bone_top_lip1) {transformation: [-0.9837f,0.0725f,-0.1644f,0.4561f,0.0679f,0.9971f,0.0335f,3.5813f,0.1664f,0.0218f,-0.9858f,4.4032f,0f,0f,0f,1f],start_interpolation: 0,interpolation_duration: 1}
$data merge entity $(bone_muzzle1) {transformation: [-0.9837f,0.1244f,-0.1297f,0.4043f,0.0679f,0.9255f,0.3725f,3.9464f,0.1664f,0.3577f,-0.9189f,3.9474f,0f,0f,0f,1f],start_interpolation: 0,interpolation_duration: 1}
$data merge entity $(bone_jaw_right_tooth1) {transformation: [-0.9837f,0.0119f,-0.1793f,0.0878f,0.0679f,0.9485f,-0.3095f,3.5204f,0.1664f,-0.3167f,-0.9338f,4.4438f,0f,0f,0f,1f],start_interpolation: 0,interpolation_duration: 1}
$data merge entity $(bone_jaw_left_tooth1) {transformation: [-0.9837f,0.0119f,-0.1793f,0.8059f,0.0679f,0.9485f,-0.3095f,3.4708f,0.1664f,-0.3167f,-0.9338f,4.3224f,0f,0f,0f,1f],start_interpolation: 0,interpolation_duration: 1}
$data merge entity $(bone_tongue1) {transformation: [-0.9837f,0.0866f,-0.1574f,0.3196f,0.0679f,0.9904f,0.1203f,3.5841f,0.1664f,0.1076f,-0.9802f,3.5947f,0f,0f,0f,1f],start_interpolation: 0,interpolation_duration: 1}
$data merge entity $(bone_jaw_lips1) {transformation: [-0.9837f,0.0866f,-0.1574f,0.5051f,0.0679f,0.9904f,0.1203f,3.3443f,0.1664f,0.1076f,-0.9802f,4.4521f,0f,0f,0f,1f],start_interpolation: 0,interpolation_duration: 1}
$data merge entity $(bone_jaw3) {transformation: [-0.9837f,0.0429f,-0.1745f,0.3448f,0.0679f,0.9878f,-0.1401f,3.1352f,0.1664f,-0.1497f,-0.9746f,3.589f,0f,0f,0f,1f],start_interpolation: 0,interpolation_duration: 1}
$data merge entity $(bone_jaw1) {transformation: [-0.9837f,0.1537f,-0.0931f,0.2611f,0.0679f,0.7976f,0.5994f,3.6737f,0.1664f,0.5833f,-0.795f,2.8747f,0f,0f,0f,1f],start_interpolation: 0,interpolation_duration: 1}
$data merge entity $(bone_tear_right1) {transformation: [-0.9837f,0.1352f,-0.1183f,-0.1927f,0.0679f,0.8895f,0.4518f,4.0679f,0.1664f,0.4364f,-0.8842f,4.0132f,0f,0f,0f,1f],start_interpolation: 0,interpolation_duration: 1}
$data merge entity $(bone_right_pupil1) {transformation: [-0.9837f,0.1352f,-0.1183f,0.0128f,0.0679f,0.8895f,0.4518f,4.1248f,0.1664f,0.4364f,-0.8842f,4.091f,0f,0f,0f,1f],start_interpolation: 0,interpolation_duration: 1}
$data merge entity $(bone_right_sad_pupil1) {transformation: [-0.9837f,0.1352f,-0.1183f,0.0114f,0.0679f,0.8895f,0.4518f,4.1299f,0.1664f,0.4364f,-0.8842f,4.0811f,0f,0f,0f,1f],start_interpolation: 0,interpolation_duration: 1}
$data merge entity $(bone_right_happy_pupil1) {transformation: [-0.9837f,0.1352f,-0.1183f,-0.02f,0.0679f,0.8895f,0.4518f,4.1068f,0.1664f,0.4364f,-0.8842f,4.0735f,0f,0f,0f,1f],start_interpolation: 0,interpolation_duration: 1}
$data merge entity $(bone_eyelid_right1) {transformation: [-0.9837f,0.1352f,-0.1183f,0.3627f,0.0679f,0.8895f,0.4518f,4.3043f,0.1664f,0.4364f,-0.8842f,3.4881f,0f,0f,0f,1f],start_interpolation: 0,interpolation_duration: 1}
$data merge entity $(bone_eyelid_expressions_right5) {transformation: [-0.9837f,0.1352f,-0.1183f,-0.1004f,0.0679f,0.8895f,0.4518f,4.2386f,0.1664f,0.4364f,-0.8842f,4.1515f,0f,0f,0f,1f],start_interpolation: 0,interpolation_duration: 1}
$data merge entity $(bone_eyelid_expressions_right7) {transformation: [-0.9837f,0.1352f,-0.1183f,0.231f,0.0679f,0.8895f,0.4518f,4.2157f,0.1664f,0.4364f,-0.8842f,4.0955f,0f,0f,0f,1f],start_interpolation: 0,interpolation_duration: 1}
$data merge entity $(bone_eyelid_expressions_right6) {transformation: [-0.9837f,0.1352f,-0.1183f,0.1205f,0.0679f,0.8895f,0.4518f,4.2233f,0.1664f,0.4364f,-0.8842f,4.1142f,0f,0f,0f,1f],start_interpolation: 0,interpolation_duration: 1}
$data merge entity $(bone_right_eye1) {transformation: [-0.9837f,0.1352f,-0.1183f,0.353f,0.0679f,0.8895f,0.4518f,4.3f,0.1664f,0.4364f,-0.8842f,3.4999f,0f,0f,0f,1f],start_interpolation: 0,interpolation_duration: 1}
$data merge entity $(bone_tear_left1) {transformation: [-0.9837f,0.1352f,-0.1183f,1.0005f,0.0679f,0.8895f,0.4518f,3.9856f,0.1664f,0.4364f,-0.8842f,3.8115f,0f,0f,0f,1f],start_interpolation: 0,interpolation_duration: 1}
$data merge entity $(bone_left_sad_pupil1) {transformation: [-0.9837f,0.1352f,-0.1183f,0.84f,0.0679f,0.8895f,0.4518f,4.0727f,0.1664f,0.4364f,-0.8842f,3.9409f,0f,0f,0f,1f],start_interpolation: 0,interpolation_duration: 1}
$data merge entity $(bone_left_pupil1) {transformation: [-0.9837f,0.1352f,-0.1183f,0.8413f,0.0679f,0.8895f,0.4518f,4.0676f,0.1664f,0.4364f,-0.8842f,3.9509f,0f,0f,0f,1f],start_interpolation: 0,interpolation_duration: 1}
$data merge entity $(bone_eyelid_left1) {transformation: [-0.9837f,0.1352f,-0.1183f,0.3406f,0.0679f,0.8895f,0.4518f,4.3058f,0.1664f,0.4364f,-0.8842f,3.4918f,0f,0f,0f,1f],start_interpolation: 0,interpolation_duration: 1}
$data merge entity $(bone_left_happy_pupil1) {transformation: [-0.9837f,0.1352f,-0.1183f,0.8638f,0.0679f,0.8895f,0.4518f,4.0458f,0.1664f,0.4364f,-0.8842f,3.924f,0f,0f,0f,1f],start_interpolation: 0,interpolation_duration: 1}
$data merge entity $(bone_eyelid_expressions_left5) {transformation: [-0.9837f,0.1352f,-0.1183f,0.9822f,0.0679f,0.8895f,0.4518f,4.1638f,0.1664f,0.4364f,-0.8842f,3.9685f,0f,0f,0f,1f],start_interpolation: 0,interpolation_duration: 1}
$data merge entity $(bone_eyelid_expressions_left7) {transformation: [-0.9837f,0.1352f,-0.1183f,0.6508f,0.0679f,0.8895f,0.4518f,4.1867f,0.1664f,0.4364f,-0.8842f,4.0245f,0f,0f,0f,1f],start_interpolation: 0,interpolation_duration: 1}
$data merge entity $(bone_eyelid_expressions_left6) {transformation: [-0.9837f,0.1352f,-0.1183f,0.7613f,0.0679f,0.8895f,0.4518f,4.1791f,0.1664f,0.4364f,-0.8842f,4.0058f,0f,0f,0f,1f],start_interpolation: 0,interpolation_duration: 1}
$data merge entity $(bone_left_eye1) {transformation: [-0.9837f,0.1352f,-0.1183f,0.353f,0.0679f,0.8895f,0.4518f,4.3f,0.1664f,0.4364f,-0.8842f,3.4999f,0f,0f,0f,1f],start_interpolation: 0,interpolation_duration: 1}
$data merge entity $(bone_crest_middle5) {transformation: [-0.9837f,0.1064f,-0.1448f,0.5968f,0.0679f,0.9662f,0.2485f,5.3172f,0.1664f,0.2347f,-0.9577f,4.5262f,0f,0f,0f,1f],start_interpolation: 0,interpolation_duration: 1}
$data merge entity $(bone_crest_middle4) {transformation: [-0.9837f,0.1064f,-0.1448f,0.5251f,0.0679f,0.9662f,0.2485f,4.6661f,0.1664f,0.2347f,-0.9577f,4.368f,0f,0f,0f,1f],start_interpolation: 0,interpolation_duration: 1}
$data merge entity $(bone_crest_middle1) {transformation: [-0.9837f,0.1064f,-0.1448f,0.4835f,0.0679f,0.9662f,0.2485f,4.1569f,0.1664f,0.2347f,-0.9577f,4.3301f,0f,0f,0f,1f],start_interpolation: 0,interpolation_duration: 1}
$data merge entity $(bone_crest_left5) {transformation: [-0.6426f,-0.766f,-0.0185f,-0.5648f,-0.7138f,0.5896f,0.3781f,4.7771f,-0.2787f,0.2561f,-0.9256f,4.5174f,0f,0f,0f,1f],start_interpolation: 0,interpolation_duration: 1}
$data merge entity $(bone_crest_left4) {transformation: [-0.6426f,-0.766f,-0.0185f,-0.1346f,-0.7138f,0.5896f,0.3781f,4.446f,-0.2787f,0.2561f,-0.9256f,4.3736f,0f,0f,0f,1f],start_interpolation: 0,interpolation_duration: 1}
$data merge entity $(bone_crest_left1) {transformation: [-0.6426f,-0.766f,-0.0185f,0.3375f,-0.7138f,0.5896f,0.3781f,4.1031f,-0.2787f,0.2561f,-0.9256f,4.1634f,0f,0f,0f,1f],start_interpolation: 0,interpolation_duration: 1}
$data merge entity $(bone_crest_center1) {transformation: [-0.9837f,0.1352f,-0.1183f,0.4441f,0.0679f,0.8895f,0.4518f,4.0705f,0.1664f,0.4364f,-0.8842f,4.1325f,0f,0f,0f,1f],start_interpolation: 0,interpolation_duration: 1}
$data merge entity $(bone_crest_right5) {transformation: [-0.4145f,0.8791f,-0.2351f,1.6083f,0.7867f,0.4761f,0.393f,4.6271f,0.4574f,-0.022f,-0.889f,4.15f,0f,0f,0f,1f],start_interpolation: 0,interpolation_duration: 1}
$data merge entity $(bone_crest_right4) {transformation: [-0.4145f,0.8791f,-0.2351f,1.1146f,0.7867f,0.4761f,0.393f,4.3598f,0.4574f,-0.022f,-0.889f,4.1624f,0f,0f,0f,1f],start_interpolation: 0,interpolation_duration: 1}
$data merge entity $(bone_crest_right1) {transformation: [-0.4145f,0.8791f,-0.2351f,0.5584f,0.7867f,0.4761f,0.393f,4.0878f,0.4574f,-0.022f,-0.889f,4.1261f,0f,0f,0f,1f],start_interpolation: 0,interpolation_duration: 1}
$data merge entity $(bone_head1) {transformation: [-1.0311f,0.1417f,-0.124f,0.2723f,0.0712f,0.9324f,0.4735f,4.5291f,0.1744f,0.4574f,-0.9268f,2.9292f,0f,0f,0f,1f],start_interpolation: 0,interpolation_duration: 1}
$data merge entity $(bone_neck10) {transformation: [-1.493f,0.1143f,0.0061f,0.2424f,0.1145f,1.4915f,0.0668f,4.1292f,-0.001f,0.0671f,-1.4959f,1.8433f,0f,0f,0f,1f],start_interpolation: 0,interpolation_duration: 1}
$data merge entity $(bone_neck9) {transformation: [-1.1422f,0.0495f,0.0722f,0.1883f,0.0876f,0.654f,0.9364f,3.4134f,-0.0008f,0.9391f,-0.6559f,0.7702f,0f,0f,0f,1f],start_interpolation: 0,interpolation_duration: 1}
$data merge entity $(bone_neck8) {transformation: [-1.06f,0.0341f,0.0738f,0.1579f,0.0813f,0.4534f,0.9582f,3.009f,-0.0007f,0.961f,-0.4547f,-0.2182f,0f,0f,0f,1f],start_interpolation: 0,interpolation_duration: 1}
$data merge entity $(bone_neck7) {transformation: [-1.0524f,-0.0318f,0.0766f,0.1901f,0.0622f,0.3433f,0.9964f,2.6621f,-0.0549f,0.9978f,-0.3404f,-1.2266f,0f,0f,0f,1f],start_interpolation: 0,interpolation_duration: 1}
$data merge entity $(bone_neck6) {transformation: [-1.0225f,-0.1949f,0.1356f,0.371f,0.1274f,0.0556f,1.0404f,2.6265f,-0.2003f,1.0299f,-0.0305f,-2.1728f,0f,0f,0f,1f],start_interpolation: 0,interpolation_duration: 1}
$data merge entity $(bone_neck_spine6) {transformation: [-1.2614f,0.1694f,0.0077f,0.7853f,0.026f,0.1364f,1.2652f,3.1855f,0.1676f,1.2541f,-0.1387f,-5.8608f,0f,0f,0f,1f],start_interpolation: 0,interpolation_duration: 1}
$data merge entity $(bone_neck_spine7) {transformation: [-0.9535f,0.2984f,0.0417f,0.1049f,-0.0045f,-0.1524f,0.9883f,3.6238f,0.3013f,0.9422f,0.1467f,-9.0647f,0f,0f,0f,1f],start_interpolation: 0,interpolation_duration: 1}
$data merge entity $(bone_tail6) {transformation: [-1.6531f,0.4819f,0.0148f,-0.8767f,0.0067f,-0.0299f,1.7217f,4.3781f,0.4821f,1.6529f,0.0268f,-12.7899f,0f,0f,0f,1f],start_interpolation: 0,interpolation_duration: 1}
$data merge entity $(bone_tail5) {transformation: [-1.3656f,0.3899f,0.0811f,-0.6304f,0.0055f,-0.2713f,1.3964f,4.2068f,0.3983f,1.3409f,0.2589f,-11.9431f,0f,0f,0f,1f],start_interpolation: 0,interpolation_duration: 1}
$data merge entity $(bone_tail4) {transformation: [-1.0002f,0.2997f,0.0919f,-0.5019f,0.0195f,-0.2471f,1.0184f,4.1009f,0.3129f,0.9735f,0.2302f,-11.5259f,0f,0f,0f,1f],start_interpolation: 0,interpolation_duration: 1}
$data merge entity $(bone_segment18) {transformation: [-0.9834f,0.159f,0.0877f,-0.4127f,0.0493f,-0.2313f,0.9716f,3.971f,0.1747f,0.9598f,0.2196f,-10.9869f,0f,0f,0f,1f],start_interpolation: 0,interpolation_duration: 1}
$data merge entity $(bone_segment17) {transformation: [-0.9733f,0.205f,0.1032f,-0.263f,0.0306f,-0.3298f,0.9436f,3.7303f,0.2274f,0.9215f,0.3147f,-10.3142f,0f,0f,0f,1f],start_interpolation: 0,interpolation_duration: 1}
$data merge entity $(bone_segment16) {transformation: [-0.9607f,0.2486f,0.1232f,-0.0258f,0.0065f,-0.4237f,0.9058f,3.3258f,0.2774f,0.871f,0.4054f,-9.4827f,0f,0f,0f,1f],start_interpolation: 0,interpolation_duration: 1}
$data merge entity $(bone_segment15) {transformation: [-0.9535f,0.2774f,0.1175f,0.3014f,-0.0045f,-0.403f,0.9152f,2.8506f,0.3013f,0.8721f,0.3855f,-8.4543f,0f,0f,0f,1f],start_interpolation: 0,interpolation_duration: 1}
$data merge entity $(bone_segment14) {transformation: [-1.0166f,0.2418f,0.0824f,0.5735f,0.0133f,-0.2875f,1.0079f,2.5272f,0.2551f,0.9785f,0.2757f,-7.3534f,0f,0f,0f,1f],start_interpolation: 0,interpolation_duration: 1}
$data merge entity $(bone_segment13) {transformation: [-1.0166f,0.1334f,0.0298f,0.7333f,0.021f,-0.0688f,1.0232f,2.4163f,0.135f,1.0147f,0.0654f,-6.1332f,0f,0f,0f,1f],start_interpolation: 0,interpolation_duration: 1}
$data merge entity $(bone_segment12) {transformation: [-1.1155f,-0.0053f,0.013f,0.7268f,0.0126f,0.075f,1.113f,2.507f,-0.0062f,1.113f,-0.075f,-4.7886f,0f,0f,0f,1f],start_interpolation: 0,interpolation_duration: 1}
$data merge entity $(bone_segment11) {transformation: [-1.1812f,-0.1474f,0.014f,0.5565f,-0.0002f,0.1141f,1.1849f,2.6389f,-0.148f,1.1757f,-0.1133f,-3.4298f,0f,0f,0f,1f],start_interpolation: 0,interpolation_duration: 1}
$data merge entity $(bone_segment10) {transformation: [-1.0369f,-0.153f,-0.0009f,0.3634f,0f,-0.0062f,1.0482f,2.6466f,-0.153f,1.0369f,0.0062f,-2.1209f,0f,0f,0f,1f],start_interpolation: 0,interpolation_duration: 1}
data modify entity @s data merge value {"cameras":{},"locators":{"mouth":{"posx":0.5505981015924986,"posy":3.314989853392981,"posz":5.070390065390321,"roty":162.78749661027638,"rotx":62.815878598599184}}}