# This file was generated by Animated Java via MC-Build. It is not recommended to edit this file directly.
$data merge entity $(bone_tail7) {transformation: [-0.2548f,0.0776f,0.9639f,0.4428f,-0.1748f,0.9767f,-0.1248f,0.0853f,-0.9511f,-0.2003f,-0.2353f,-1.0907f,0f,0f,0f,1f],start_interpolation: 0,interpolation_duration: 1}
$data merge entity $(bone_tail6) {transformation: [-0.5602f,-0.0355f,0.8276f,0.1842f,-0.1617f,0.9846f,-0.0672f,0.1063f,-0.8124f,-0.1714f,-0.5573f,-0.9166f,0f,0f,0f,1f],start_interpolation: 0,interpolation_duration: 1}
$data merge entity $(bone_tail5) {transformation: [-0.9002f,0.0061f,0.4353f,0.0482f,-0.0813f,0.9799f,-0.182f,0.1631f,-0.4277f,-0.1992f,-0.8817f,-0.641f,0f,0f,0f,1f],start_interpolation: 0,interpolation_duration: 1}
$data merge entity $(bone_tail1) {transformation: [-0.9871f,0.043f,0.1541f,0f,-0.0013f,0.9609f,-0.2767f,0.2496f,-0.16f,-0.2734f,-0.9485f,-0.3446f,0f,0f,0f,1f],start_interpolation: 0,interpolation_duration: 1}
$data merge entity $(bone_ear_left1) {transformation: [-0.7211f,0.692f,0.0324f,0.2187f,0.691f,0.7218f,-0.0392f,0.4521f,-0.0505f,-0.0059f,-0.9987f,0.5496f,0f,0f,0f,1f],start_interpolation: 0,interpolation_duration: 1}
$data merge entity $(bone_ear_right1) {transformation: [-0.7211f,-0.692f,-0.0324f,-0.2188f,-0.691f,0.7218f,-0.0392f,0.4521f,0.0505f,-0.0059f,-0.9987f,0.5496f,0f,0f,0f,1f],start_interpolation: 0,interpolation_duration: 1}
$data merge entity $(bone_eyelid_left1) {transformation: [-1f,0f,0f,0.1881f,0f,0.9973f,-0.0729f,0.3256f,0f,-0.0729f,-0.9973f,0.7475f,0f,0f,0f,1f],start_interpolation: 0,interpolation_duration: 1}
$data merge entity $(bone_eye_left1) {transformation: [-1f,0f,0f,0.1959f,0f,0.9973f,-0.0729f,0.3233f,0f,-0.0729f,-0.9973f,0.7165f,0f,0f,0f,1f],start_interpolation: 0,interpolation_duration: 1}
$data merge entity $(bone_eyelid_right1) {transformation: [-1f,0f,0f,-0.1819f,0f,0.9973f,-0.0729f,0.3228f,0f,-0.0729f,-0.9973f,0.7101f,0f,0f,0f,1f],start_interpolation: 0,interpolation_duration: 1}
$data merge entity $(bone_eye_right1) {transformation: [-1f,0f,0f,-0.1959f,0f,0.9973f,-0.0729f,0.3233f,0f,-0.0729f,-0.9973f,0.7165f,0f,0f,0f,1f],start_interpolation: 0,interpolation_duration: 1}
$data merge entity $(bone_jaw1) {transformation: [-1f,0f,0f,0f,0f,0.8857f,0.4643f,0.1541f,0f,0.4643f,-0.8857f,0.7594f,0f,0f,0f,1f],start_interpolation: 0,interpolation_duration: 1}
$data merge entity $(bone_head1) {transformation: [-1f,0f,0f,0f,0f,0.9973f,-0.0729f,0.2872f,0f,-0.0729f,-0.9973f,0.4363f,0f,0f,0f,1f],start_interpolation: 0,interpolation_duration: 1}
$data merge entity $(bone_torso1) {transformation: [-1f,0f,0f,-0.125f,0f,1f,-0.0081f,0.1406f,0f,-0.0081f,-1f,-0.2969f,0f,0f,0f,1f],start_interpolation: 0,interpolation_duration: 1}