# This file was generated by Animated Java via MC-Build. It is not recommended to edit this file directly.
$data merge entity $(bone_tail7) {transformation: [-0.1585f,0.0993f,0.9823f,0.4675f,-0.196f,0.972f,-0.1299f,0.0762f,-0.9677f,-0.2131f,-0.1346f,-1.065f,0f,0f,0f,1f],start_interpolation: 0,interpolation_duration: 1}
$data merge entity $(bone_tail6) {transformation: [-0.5049f,-0.0242f,0.8628f,0.1979f,-0.18f,0.9806f,-0.0779f,0.1006f,-0.8442f,-0.1946f,-0.4995f,-0.909f,0f,0f,0f,1f],start_interpolation: 0,interpolation_duration: 1}
$data merge entity $(bone_tail5) {transformation: [-0.8818f,0.0105f,0.4715f,0.0505f,-0.0921f,0.9767f,-0.1941f,0.1612f,-0.4626f,-0.2146f,-0.8602f,-0.6401f,0f,0f,0f,1f],start_interpolation: 0,interpolation_duration: 1}
$data merge entity $(bone_tail1) {transformation: [-0.9858f,0.0462f,0.1617f,0f,-0.0014f,0.9592f,-0.2828f,0.2496f,-0.1681f,-0.2791f,-0.9454f,-0.3447f,0f,0f,0f,1f],start_interpolation: 0,interpolation_duration: 1}
$data merge entity $(bone_ear_left1) {transformation: [-0.6998f,0.7141f,-0.017f,0.2187f,0.7117f,0.6951f,-0.1017f,0.4539f,-0.0608f,-0.0833f,-0.9947f,0.5475f,0f,0f,0f,1f],start_interpolation: 0,interpolation_duration: 1}
$data merge entity $(bone_ear_right1) {transformation: [-0.6998f,-0.7141f,0.017f,-0.2188f,-0.7117f,0.6951f,-0.1017f,0.4539f,0.0608f,-0.0833f,-0.9947f,0.5475f,0f,0f,0f,1f],start_interpolation: 0,interpolation_duration: 1}
$data merge entity $(bone_eyelid_left1) {transformation: [-1f,0f,0f,0.1881f,0f,0.9964f,-0.0851f,0.3298f,0f,-0.0851f,-0.9964f,0.7469f,0f,0f,0f,1f],start_interpolation: 0,interpolation_duration: 1}
$data merge entity $(bone_eye_left1) {transformation: [-1f,0f,0f,0.1959f,0f,0.9964f,-0.0851f,0.3271f,0f,-0.0851f,-0.9964f,0.7159f,0f,0f,0f,1f],start_interpolation: 0,interpolation_duration: 1}
$data merge entity $(bone_eyelid_right1) {transformation: [-1f,0f,0f,-0.1819f,0f,0.9964f,-0.0851f,0.3266f,0f,-0.0851f,-0.9964f,0.7096f,0f,0f,0f,1f],start_interpolation: 0,interpolation_duration: 1}
$data merge entity $(bone_eye_right1) {transformation: [-1f,0f,0f,-0.1959f,0f,0.9964f,-0.0851f,0.3271f,0f,-0.0851f,-0.9964f,0.7159f,0f,0f,0f,1f],start_interpolation: 0,interpolation_duration: 1}
$data merge entity $(bone_jaw1) {transformation: [-1f,0f,0f,0f,0f,0.9113f,0.4118f,0.1585f,0f,0.4118f,-0.9113f,0.7609f,0f,0f,0f,1f],start_interpolation: 0,interpolation_duration: 1}
$data merge entity $(bone_head1) {transformation: [-1f,0f,0f,0f,0f,0.9964f,-0.0851f,0.2875f,0f,-0.0851f,-0.9964f,0.4363f,0f,0f,0f,1f],start_interpolation: 0,interpolation_duration: 1}
$data merge entity $(bone_torso1) {transformation: [-1f,0f,0f,-0.125f,0f,1f,-0.0086f,0.1406f,0f,-0.0086f,-1f,-0.2969f,0f,0f,0f,1f],start_interpolation: 0,interpolation_duration: 1}