# This file was generated by Animated Java via MC-Build. It is not recommended to edit this file directly.
$data merge entity $(bone_tail7) {transformation: [-0.1109f,0.1081f,0.9879f,0.4791f,-0.2016f,0.9709f,-0.1289f,0.0756f,-0.9732f,-0.2135f,-0.0859f,-1.0527f,0f,0f,0f,1f],start_interpolation: 0,interpolation_duration: 1}
$data merge entity $(bone_tail6) {transformation: [-0.4771f,-0.0201f,0.8786f,0.2045f,-0.1858f,0.9795f,-0.0784f,0.1001f,-0.859f,-0.2007f,-0.4711f,-0.9055f,0f,0f,0f,1f],start_interpolation: 0,interpolation_duration: 1}
$data merge entity $(bone_tail5) {transformation: [-0.8722f,0.0118f,0.489f,0.0517f,-0.0964f,0.976f,-0.1955f,0.1612f,-0.4795f,-0.2176f,-0.8501f,-0.6398f,0f,0f,0f,1f],start_interpolation: 0,interpolation_duration: 1}
$data merge entity $(bone_tail1) {transformation: [-0.9851f,0.0474f,0.1654f,0f,-0.0014f,0.9591f,-0.2831f,0.2496f,-0.1721f,-0.2791f,-0.9447f,-0.3446f,0f,0f,0f,1f],start_interpolation: 0,interpolation_duration: 1}
$data merge entity $(bone_ear_left1) {transformation: [-0.6914f,0.7215f,-0.0369f,0.2187f,0.7197f,0.6836f,-0.1213f,0.4535f,-0.0623f,-0.1105f,-0.9919f,0.5474f,0f,0f,0f,1f],start_interpolation: 0,interpolation_duration: 1}
$data merge entity $(bone_ear_right1) {transformation: [-0.6914f,-0.7215f,0.0369f,-0.2188f,-0.7197f,0.6836f,-0.1213f,0.4535f,0.0623f,-0.1105f,-0.9919f,0.5474f,0f,0f,0f,1f],start_interpolation: 0,interpolation_duration: 1}
$data merge entity $(bone_eyelid_left1) {transformation: [-1f,0f,0f,0.1881f,0f,0.9963f,-0.0862f,0.3296f,0f,-0.0862f,-0.9963f,0.747f,0f,0f,0f,1f],start_interpolation: 0,interpolation_duration: 1}
$data merge entity $(bone_eye_left1) {transformation: [-1f,0f,0f,0.1959f,0f,0.9963f,-0.0862f,0.3269f,0f,-0.0862f,-0.9963f,0.716f,0f,0f,0f,1f],start_interpolation: 0,interpolation_duration: 1}
$data merge entity $(bone_eyelid_right1) {transformation: [-1f,0f,0f,-0.1819f,0f,0.9963f,-0.0862f,0.3264f,0f,-0.0862f,-0.9963f,0.7096f,0f,0f,0f,1f],start_interpolation: 0,interpolation_duration: 1}
$data merge entity $(bone_eye_right1) {transformation: [-1f,0f,0f,-0.1959f,0f,0.9963f,-0.0862f,0.3269f,0f,-0.0862f,-0.9963f,0.716f,0f,0f,0f,1f],start_interpolation: 0,interpolation_duration: 1}
$data merge entity $(bone_jaw1) {transformation: [-1f,0f,0f,0f,0f,0.9173f,0.3983f,0.1583f,0f,0.3983f,-0.9173f,0.7612f,0f,0f,0f,1f],start_interpolation: 0,interpolation_duration: 1}
$data merge entity $(bone_head1) {transformation: [-1f,0f,0f,0f,0f,0.9963f,-0.0862f,0.2871f,0f,-0.0862f,-0.9963f,0.4364f,0f,0f,0f,1f],start_interpolation: 0,interpolation_duration: 1}
$data merge entity $(bone_torso1) {transformation: [-1f,0f,0f,-0.125f,0f,1f,-0.0079f,0.1406f,0f,-0.0079f,-1f,-0.2969f,0f,0f,0f,1f],start_interpolation: 0,interpolation_duration: 1}