# This file was generated by Animated Java via MC-Build. It is not recommended to edit this file directly.
$data merge entity $(bone_tail7) {transformation: [-0.038f,0.1196f,0.9921f,0.496f,-0.2056f,0.9706f,-0.1249f,0.0779f,-0.9779f,-0.2087f,-0.0123f,-1.034f,0f,0f,0f,1f],start_interpolation: 0,interpolation_duration: 1}
$data merge entity $(bone_tail6) {transformation: [-0.4338f,-0.0154f,0.9009f,0.2145f,-0.1914f,0.9786f,-0.0754f,0.1014f,-0.8805f,-0.2051f,-0.4275f,-0.9004f,0f,0f,0f,1f],start_interpolation: 0,interpolation_duration: 1}
$data merge entity $(bone_tail5) {transformation: [-0.857f,0.0128f,0.5152f,0.0535f,-0.1019f,0.9758f,-0.1936f,0.1619f,-0.5052f,-0.2184f,-0.8349f,-0.6395f,0f,0f,0f,1f],start_interpolation: 0,interpolation_duration: 1}
$data merge entity $(bone_tail1) {transformation: [-0.984f,0.049f,0.1712f,0f,-0.0011f,0.9597f,-0.2809f,0.2497f,-0.1781f,-0.2766f,-0.9443f,-0.3444f,0f,0f,0f,1f],start_interpolation: 0,interpolation_duration: 1}
$data merge entity $(bone_ear_left1) {transformation: [-0.6804f,0.7301f,-0.0632f,0.2187f,0.7302f,0.6683f,-0.1416f,0.4519f,-0.0611f,-0.1425f,-0.9879f,0.5481f,0f,0f,0f,1f],start_interpolation: 0,interpolation_duration: 1}
$data merge entity $(bone_ear_right1) {transformation: [-0.6804f,-0.7301f,0.0632f,-0.2188f,-0.7302f,0.6683f,-0.1416f,0.4519f,0.0611f,-0.1425f,-0.9879f,0.5481f,0f,0f,0f,1f],start_interpolation: 0,interpolation_duration: 1}
$data merge entity $(bone_eyelid_left1) {transformation: [-1f,0f,0f,0.1881f,0f,0.9965f,-0.0834f,0.3275f,0f,-0.0834f,-0.9965f,0.7473f,0f,0f,0f,1f],start_interpolation: 0,interpolation_duration: 1}
$data merge entity $(bone_eye_left1) {transformation: [-1f,0f,0f,0.1959f,0f,0.9965f,-0.0834f,0.3249f,0f,-0.0834f,-0.9965f,0.7164f,0f,0f,0f,1f],start_interpolation: 0,interpolation_duration: 1}
$data merge entity $(bone_eyelid_right1) {transformation: [-1f,0f,0f,-0.1819f,0f,0.9965f,-0.0834f,0.3243f,0f,-0.0834f,-0.9965f,0.71f,0f,0f,0f,1f],start_interpolation: 0,interpolation_duration: 1}
$data merge entity $(bone_eye_right1) {transformation: [-1f,0f,0f,-0.1959f,0f,0.9965f,-0.0834f,0.3249f,0f,-0.0834f,-0.9965f,0.7164f,0f,0f,0f,1f],start_interpolation: 0,interpolation_duration: 1}
$data merge entity $(bone_jaw1) {transformation: [-1f,0f,0f,0f,0f,0.9213f,0.3889f,0.1561f,0f,0.3889f,-0.9213f,0.7611f,0f,0f,0f,1f],start_interpolation: 0,interpolation_duration: 1}
$data merge entity $(bone_head1) {transformation: [-1f,0f,0f,0f,0f,0.9965f,-0.0834f,0.2858f,0f,-0.0834f,-0.9965f,0.4366f,0f,0f,0f,1f],start_interpolation: 0,interpolation_duration: 1}
$data merge entity $(bone_torso1) {transformation: [-1f,0f,0f,-0.125f,0f,1f,-0.0062f,0.1406f,0f,-0.0062f,-1f,-0.2969f,0f,0f,0f,1f],start_interpolation: 0,interpolation_duration: 1}