# This file was generated by Animated Java via MC-Build. It is not recommended to edit this file directly.
$data merge entity $(bone_tail7) {transformation: [0.1032f,0.13f,0.9861f,0.5267f,-0.1882f,0.9761f,-0.1089f,0.0986f,-0.9767f,-0.1743f,0.1252f,-0.9993f,0f,0f,0f,1f],start_interpolation: 0,interpolation_duration: 1}
$data merge entity $(bone_tail6) {transformation: [-0.3471f,-0.0161f,0.9377f,0.2337f,-0.1844f,0.9815f,-0.0514f,0.1147f,-0.9195f,-0.1908f,-0.3436f,-0.892f,0f,0f,0f,1f],start_interpolation: 0,interpolation_duration: 1}
$data merge entity $(bone_tail5) {transformation: [-0.8252f,0.0087f,0.5648f,0.0572f,-0.1058f,0.9798f,-0.1697f,0.1677f,-0.5549f,-0.1998f,-0.8076f,-0.6396f,0f,0f,0f,1f],start_interpolation: 0,interpolation_duration: 1}
$data merge entity $(bone_tail1) {transformation: [-0.9818f,0.0502f,0.1829f,0f,0.0003f,0.9646f,-0.2636f,0.2501f,-0.1897f,-0.2587f,-0.9471f,-0.3436f,0f,0f,0f,1f],start_interpolation: 0,interpolation_duration: 1}
$data merge entity $(bone_ear_left1) {transformation: [-0.6696f,0.7373f,-0.0894f,0.2187f,0.7416f,0.6572f,-0.1348f,0.4431f,-0.0407f,-0.1566f,-0.9868f,0.5539f,0f,0f,0f,1f],start_interpolation: 0,interpolation_duration: 1}
$data merge entity $(bone_ear_right1) {transformation: [-0.6696f,-0.7373f,0.0894f,-0.2188f,-0.7416f,0.6572f,-0.1348f,0.4431f,0.0407f,-0.1566f,-0.9868f,0.5539f,0f,0f,0f,1f],start_interpolation: 0,interpolation_duration: 1}
$data merge entity $(bone_eyelid_left1) {transformation: [-1f,0f,0f,0.1881f,0f,0.9985f,-0.0548f,0.313f,0f,-0.0548f,-0.9985f,0.7495f,0f,0f,0f,1f],start_interpolation: 0,interpolation_duration: 1}
$data merge entity $(bone_eye_left1) {transformation: [-1f,0f,0f,0.1959f,0f,0.9985f,-0.0548f,0.3113f,0f,-0.0548f,-0.9985f,0.7184f,0f,0f,0f,1f],start_interpolation: 0,interpolation_duration: 1}
$data merge entity $(bone_eyelid_right1) {transformation: [-1f,0f,0f,-0.1819f,0f,0.9985f,-0.0548f,0.3109f,0f,-0.0548f,-0.9985f,0.712f,0f,0f,0f,1f],start_interpolation: 0,interpolation_duration: 1}
$data merge entity $(bone_eye_right1) {transformation: [-1f,0f,0f,-0.1959f,0f,0.9985f,-0.0548f,0.3113f,0f,-0.0548f,-0.9985f,0.7184f,0f,0f,0f,1f],start_interpolation: 0,interpolation_duration: 1}
$data merge entity $(bone_jaw1) {transformation: [-1f,0f,0f,0f,0f,0.9028f,0.4301f,0.1413f,0f,0.4301f,-0.9028f,0.7583f,0f,0f,0f,1f],start_interpolation: 0,interpolation_duration: 1}
$data merge entity $(bone_head1) {transformation: [-1f,0f,0f,0f,0f,0.9985f,-0.0548f,0.2802f,0f,-0.0548f,-0.9985f,0.4377f,0f,0f,0f,1f],start_interpolation: 0,interpolation_duration: 1}
$data merge entity $(bone_torso1) {transformation: [-1f,0f,0f,-0.125f,0f,1f,0.0014f,0.1406f,0f,0.0014f,-1f,-0.2969f,0f,0f,0f,1f],start_interpolation: 0,interpolation_duration: 1}