# This file was generated by Animated Java via MC-Build. It is not recommended to edit this file directly.
$data merge entity $(bone_tail7) {transformation: [-0.0805f,0.0767f,0.9938f,0.4866f,-0.1248f,0.9884f,-0.0864f,0.1371f,-0.9889f,-0.1309f,-0.07f,-1.0542f,0f,0f,0f,1f],start_interpolation: 0,interpolation_duration: 1}
$data merge entity $(bone_tail6) {transformation: [-0.4585f,-0.0545f,0.887f,0.2094f,-0.1322f,0.9912f,-0.0074f,0.1394f,-0.8788f,-0.1206f,-0.4616f,-0.9099f,0f,0f,0f,1f],start_interpolation: 0,interpolation_duration: 1}
$data merge entity $(bone_tail5) {transformation: [-0.8655f,-0.0088f,0.5008f,0.0529f,-0.0797f,0.9895f,-0.1205f,0.1771f,-0.4945f,-0.1442f,-0.8571f,-0.642f,0f,0f,0f,1f],start_interpolation: 0,interpolation_duration: 1}
$data merge entity $(bone_tail1) {transformation: [-0.9846f,0.0422f,0.1694f,0f,0.0014f,0.9721f,-0.2345f,0.2504f,-0.1745f,-0.2307f,-0.9572f,-0.3429f,0f,0f,0f,1f],start_interpolation: 0,interpolation_duration: 1}
$data merge entity $(bone_ear_left1) {transformation: [-0.7237f,0.689f,0.0383f,0.2187f,0.6901f,0.7227f,0.0391f,0.4319f,-0.0007f,0.0547f,-0.9985f,0.5634f,0f,0f,0f,1f],start_interpolation: 0,interpolation_duration: 1}
$data merge entity $(bone_ear_right1) {transformation: [-0.7237f,-0.689f,-0.0383f,-0.2188f,-0.6901f,0.7227f,0.0391f,0.4319f,0.0007f,0.0547f,-0.9985f,0.5634f,0f,0f,0f,1f],start_interpolation: 0,interpolation_duration: 1}
$data merge entity $(bone_eyelid_left1) {transformation: [-1f,0f,0f,0.1881f,0f,1f,-0.001f,0.2915f,0f,-0.001f,-1f,0.7517f,0f,0f,0f,1f],start_interpolation: 0,interpolation_duration: 1}
$data merge entity $(bone_eye_left1) {transformation: [-1f,0f,0f,0.1959f,0f,1f,-0.001f,0.2914f,0f,-0.001f,-1f,0.7206f,0f,0f,0f,1f],start_interpolation: 0,interpolation_duration: 1}
$data merge entity $(bone_eyelid_right1) {transformation: [-1f,0f,0f,-0.1819f,0f,1f,-0.001f,0.2914f,0f,-0.001f,-1f,0.7142f,0f,0f,0f,1f],start_interpolation: 0,interpolation_duration: 1}
$data merge entity $(bone_eye_right1) {transformation: [-1f,0f,0f,-0.1959f,0f,1f,-0.001f,0.2914f,0f,-0.001f,-1f,0.7206f,0f,0f,0f,1f],start_interpolation: 0,interpolation_duration: 1}
$data merge entity $(bone_jaw1) {transformation: [-1f,0f,0f,0f,0f,0.8024f,0.5967f,0.1196f,0f,0.5967f,-0.8024f,0.7512f,0f,0f,0f,1f],start_interpolation: 0,interpolation_duration: 1}
$data merge entity $(bone_head1) {transformation: [-1f,0f,0f,0f,0f,1f,-0.001f,0.2755f,0f,-0.001f,-1f,0.4386f,0f,0f,0f,1f],start_interpolation: 0,interpolation_duration: 1}
$data merge entity $(bone_torso1) {transformation: [-1f,0f,0f,-0.125f,0f,1f,0.0078f,0.1406f,0f,0.0078f,-1f,-0.2969f,0f,0f,0f,1f],start_interpolation: 0,interpolation_duration: 1}