# This file was generated by Animated Java via MC-Build. It is not recommended to edit this file directly.
$data merge entity $(bone_tail7) {transformation: [-0.2513f,0.0576f,0.9662f,0.4439f,-0.129f,0.9873f,-0.0924f,0.1244f,-0.9593f,-0.1479f,-0.2407f,-1.0955f,0f,0f,0f,1f],start_interpolation: 0,interpolation_duration: 1}
$data merge entity $(bone_tail6) {transformation: [-0.5579f,-0.0559f,0.828f,0.1851f,-0.1296f,0.9914f,-0.0204f,0.1308f,-0.8197f,-0.1187f,-0.5603f,-0.9204f,0f,0f,0f,1f],start_interpolation: 0,interpolation_duration: 1}
$data merge entity $(bone_tail5) {transformation: [-0.8994f,-0.0054f,0.4371f,0.0485f,-0.0715f,0.9883f,-0.1349f,0.1729f,-0.4313f,-0.1526f,-0.8892f,-0.6425f,0f,0f,0f,1f],start_interpolation: 0,interpolation_duration: 1}
$data merge entity $(bone_tail1) {transformation: [-0.9871f,0.0398f,0.1553f,0f,0.0002f,0.969f,-0.2469f,0.2501f,-0.1603f,-0.2437f,-0.9565f,-0.3436f,0f,0f,0f,1f],start_interpolation: 0,interpolation_duration: 1}
$data merge entity $(bone_ear_left1) {transformation: [-0.7427f,0.6647f,0.0806f,0.2187f,0.6695f,0.7396f,0.0692f,0.439f,-0.0136f,0.1054f,-0.9943f,0.5595f,0f,0f,0f,1f],start_interpolation: 0,interpolation_duration: 1}
$data merge entity $(bone_ear_right1) {transformation: [-0.7427f,-0.6647f,-0.0806f,-0.2188f,-0.6695f,0.7396f,0.0692f,0.439f,0.0136f,0.1054f,-0.9943f,0.5595f,0f,0f,0f,1f],start_interpolation: 0,interpolation_duration: 1}
$data merge entity $(bone_eyelid_left1) {transformation: [-1f,0f,0f,0.1881f,0f,0.9998f,-0.0203f,0.3022f,0f,-0.0203f,-0.9998f,0.7504f,0f,0f,0f,1f],start_interpolation: 0,interpolation_duration: 1}
$data merge entity $(bone_eye_left1) {transformation: [-1f,0f,0f,0.1959f,0f,0.9998f,-0.0203f,0.3016f,0f,-0.0203f,-0.9998f,0.7193f,0f,0f,0f,1f],start_interpolation: 0,interpolation_duration: 1}
$data merge entity $(bone_eyelid_right1) {transformation: [-1f,0f,0f,-0.1819f,0f,0.9998f,-0.0203f,0.3015f,0f,-0.0203f,-0.9998f,0.7129f,0f,0f,0f,1f],start_interpolation: 0,interpolation_duration: 1}
$data merge entity $(bone_eye_right1) {transformation: [-1f,0f,0f,-0.1959f,0f,0.9998f,-0.0203f,0.3016f,0f,-0.0203f,-0.9998f,0.7193f,0f,0f,0f,1f],start_interpolation: 0,interpolation_duration: 1}
$data merge entity $(bone_jaw1) {transformation: [-1f,0f,0f,0f,0f,0.809f,0.5879f,0.1304f,0f,0.5879f,-0.809f,0.7533f,0f,0f,0f,1f],start_interpolation: 0,interpolation_duration: 1}
$data merge entity $(bone_head1) {transformation: [-1f,0f,0f,0f,0f,0.9998f,-0.0203f,0.2802f,0f,-0.0203f,-0.9998f,0.4377f,0f,0f,0f,1f],start_interpolation: 0,interpolation_duration: 1}
$data merge entity $(bone_torso1) {transformation: [-1f,0f,0f,-0.125f,0f,1f,0.0014f,0.1406f,0f,0.0014f,-1f,-0.2969f,0f,0f,0f,1f],start_interpolation: 0,interpolation_duration: 1}