# This file was generated by Animated Java via MC-Build. It is not recommended to edit this file directly.
$data merge entity $(bone_tail7) {transformation: [-0.2928f,0.0644f,0.954f,0.4325f,-0.1556f,0.9812f,-0.114f,0.0983f,-0.9434f,-0.1818f,-0.2773f,-1.1021f,0f,0f,0f,1f],start_interpolation: 0,interpolation_duration: 1}
$data merge entity $(bone_tail6) {transformation: [-0.5817f,-0.0443f,0.8122f,0.1787f,-0.1469f,0.9878f,-0.0513f,0.1144f,-0.8f,-0.1492f,-0.5811f,-0.9205f,0f,0f,0f,1f],start_interpolation: 0,interpolation_duration: 1}
$data merge entity $(bone_tail5) {transformation: [-0.9072f,0.0019f,0.4207f,0.0473f,-0.0748f,0.9833f,-0.1659f,0.1662f,-0.414f,-0.182f,-0.8919f,-0.6418f,0f,0f,0f,1f],start_interpolation: 0,interpolation_duration: 1}
$data merge entity $(bone_tail1) {transformation: [-0.9876f,0.041f,0.1513f,0f,-0.0009f,0.9636f,-0.2673f,0.2497f,-0.1567f,-0.2641f,-0.9517f,-0.3444f,0f,0f,0f,1f],start_interpolation: 0,interpolation_duration: 1}
$data merge entity $(bone_ear_left1) {transformation: [-0.7347f,0.6755f,0.0629f,0.2187f,0.6773f,0.7356f,0.0127f,0.4484f,-0.0377f,0.0519f,-0.9979f,0.5528f,0f,0f,0f,1f],start_interpolation: 0,interpolation_duration: 1}
$data merge entity $(bone_ear_right1) {transformation: [-0.7347f,-0.6755f,-0.0629f,-0.2188f,-0.6773f,0.7356f,0.0127f,0.4484f,0.0377f,0.0519f,-0.9979f,0.5528f,0f,0f,0f,1f],start_interpolation: 0,interpolation_duration: 1}
$data merge entity $(bone_eyelid_left1) {transformation: [-1f,0f,0f,0.1881f,0f,0.9985f,-0.0556f,0.3184f,0f,-0.0556f,-0.9985f,0.7485f,0f,0f,0f,1f],start_interpolation: 0,interpolation_duration: 1}
$data merge entity $(bone_eye_left1) {transformation: [-1f,0f,0f,0.1959f,0f,0.9985f,-0.0556f,0.3167f,0f,-0.0556f,-0.9985f,0.7174f,0f,0f,0f,1f],start_interpolation: 0,interpolation_duration: 1}
$data merge entity $(bone_eyelid_right1) {transformation: [-1f,0f,0f,-0.1819f,0f,0.9985f,-0.0556f,0.3163f,0f,-0.0556f,-0.9985f,0.711f,0f,0f,0f,1f],start_interpolation: 0,interpolation_duration: 1}
$data merge entity $(bone_eye_right1) {transformation: [-1f,0f,0f,-0.1959f,0f,0.9985f,-0.0556f,0.3167f,0f,-0.0556f,-0.9985f,0.7174f,0f,0f,0f,1f],start_interpolation: 0,interpolation_duration: 1}
$data merge entity $(bone_jaw1) {transformation: [-1f,0f,0f,0f,0f,0.8573f,0.5147f,0.1468f,0f,0.5147f,-0.8573f,0.7574f,0f,0f,0f,1f],start_interpolation: 0,interpolation_duration: 1}
$data merge entity $(bone_head1) {transformation: [-1f,0f,0f,0f,0f,0.9985f,-0.0556f,0.2854f,0f,-0.0556f,-0.9985f,0.4367f,0f,0f,0f,1f],start_interpolation: 0,interpolation_duration: 1}
$data merge entity $(bone_torso1) {transformation: [-1f,0f,0f,-0.125f,0f,1f,-0.0057f,0.1406f,0f,-0.0057f,-1f,-0.2969f,0f,0f,0f,1f],start_interpolation: 0,interpolation_duration: 1}