# This file was generated by Animated Java via MC-Build. It is not recommended to edit this file directly.
$data merge entity $(bone_pupil1) {transformation: [-0.9992f,-0.0396f,0f,0.0134f,-0.0396f,0.9992f,0f,0.2815f,0f,0f,-1f,0.2563f,0f,0f,0f,1f],start_interpolation: 0,interpolation_duration: 1}
$data merge entity $(bone_pupil_closed1) {transformation: [-0.9992f,-0.0396f,0f,0.0134f,-0.0396f,0.9992f,0f,0.2815f,0f,0f,-1f,0.245f,0f,0f,0f,1f],start_interpolation: 0,interpolation_duration: 1}
$data merge entity $(bone_eye1) {transformation: [-0.9992f,-0.0396f,0f,0.0134f,-0.0396f,0.9992f,0f,0.2815f,0f,0f,-1f,0.2506f,0f,0f,0f,1f],start_interpolation: 0,interpolation_duration: 1}
$data merge entity $(bone_nail_head1) {transformation: [0.8903f,-0.0396f,-0.4536f,0.0035f,0.0353f,0.9992f,-0.018f,0.5313f,0.454f,0f,0.891f,0f,0f,0f,0f,1f],start_interpolation: 0,interpolation_duration: 1}
$data merge entity $(bone_nail_left_rotation1) {transformation: [0.8249f,-0.3758f,-0.4223f,0.1926f,-0.4216f,-0.9066f,-0.0167f,0.101f,-0.3766f,0.1919f,-0.9063f,0.25f,0f,0f,0f,1f],start_interpolation: 0,interpolation_duration: 1}
$data merge entity $(bone_nail_right_rotation1) {transformation: [0.8016f,0.494f,0.3367f,-0.1509f,0.4912f,-0.8653f,0.1002f,0.0874f,0.3409f,0.085f,-0.9363f,0.25f,0f,0f,0f,1f],start_interpolation: 0,interpolation_duration: 1}
$data merge entity $(bone_magnet_left1) {transformation: [-0.9992f,0.0353f,-0.018f,0.2632f,-0.0396f,-0.8903f,0.4536f,0.2914f,0f,0.454f,0.891f,0f,0f,0f,0f,1f],start_interpolation: 0,interpolation_duration: 1}
$data merge entity $(bone_magnet_right1) {transformation: [-0.9992f,0.0353f,0.018f,-0.2364f,-0.0396f,-0.8903f,-0.4536f,0.2716f,0f,-0.454f,0.891f,0f,0f,0f,0f,1f],start_interpolation: 0,interpolation_duration: 1}
$data merge entity $(bone_body1) {transformation: [-0.9992f,-0.0396f,0f,0.0147f,-0.0396f,0.9992f,0f,0.2503f,0f,0f,-1f,0f,0f,0f,0f,1f],start_interpolation: 0,interpolation_duration: 1}