# This file was generated by Animated Java via MC-Build. It is not recommended to edit this file directly.
$data merge entity $(bone_pupil1) {transformation: [-0.9989f,0.0068f,-0.0456f,0.0728f,0.0068f,1f,0.0003f,0.4629f,0.0456f,0f,-0.999f,0.256f,0f,0f,0f,1f],start_interpolation: 0,interpolation_duration: 1}
$data merge entity $(bone_pupil_closed1) {transformation: [-0.9989f,0.0068f,-0.0456f,0.0723f,0.0068f,1f,0.0003f,0.4629f,0.0456f,0f,-0.999f,0.2447f,0f,0f,0f,1f],start_interpolation: 0,interpolation_duration: 1}
$data merge entity $(bone_eye1) {transformation: [-0.9989f,0.0068f,-0.0456f,0.0725f,0.0068f,1f,0.0003f,0.4629f,0.0456f,0f,-0.999f,0.2504f,0f,0f,0f,1f],start_interpolation: 0,interpolation_duration: 1}
$data merge entity $(bone_nail_head1) {transformation: [-0.4831f,0.0068f,-0.8755f,0.0628f,0.0033f,1f,0.006f,0.7129f,0.8756f,0f,-0.4831f,0f,0f,0f,0f,1f],start_interpolation: 0,interpolation_duration: 1}
$data merge entity $(bone_nail_left_rotation1) {transformation: [-0.4688f,-0.7519f,-0.4635f,0.2429f,-0.8495f,0.5277f,0.0032f,0.2742f,0.2422f,0.3952f,-0.8861f,0.2419f,0f,0f,0f,1f],start_interpolation: 0,interpolation_duration: 1}
$data merge entity $(bone_nail_right_rotation1) {transformation: [-0.5211f,0.7998f,0.298f,-0.1005f,0.849f,0.5215f,0.0848f,0.2766f,-0.0876f,0.2972f,-0.9508f,0.2576f,0f,0f,0f,1f],start_interpolation: 0,interpolation_duration: 1}
$data merge entity $(bone_magnet_left1) {transformation: [-0.9989f,0.0424f,-0.018f,0.3108f,0.0068f,0.5222f,0.8528f,0.4612f,0.0456f,0.8518f,-0.522f,-0.0114f,0f,0f,0f,1f],start_interpolation: 0,interpolation_duration: 1}
$data merge entity $(bone_magnet_right1) {transformation: [-0.9989f,-0.0353f,-0.0297f,-0.1886f,0.0068f,0.5228f,-0.8525f,0.4647f,0.0456f,-0.8518f,-0.522f,0.0114f,0f,0f,0f,1f],start_interpolation: 0,interpolation_duration: 1}
$data merge entity $(bone_body1) {transformation: [-0.9989f,0.0068f,-0.0456f,0.0609f,0.0068f,1f,0.0003f,0.4317f,0.0456f,0f,-0.999f,0f,0f,0f,0f,1f],start_interpolation: 0,interpolation_duration: 1}