# This file was generated by Animated Java via MC-Build. It is not recommended to edit this file directly.
$data merge entity $(bone_pupil1) {transformation: [-0.9947f,0.0829f,-0.0615f,0.0734f,0.0827f,0.9966f,0.0051f,0.3446f,0.0617f,0f,-0.9981f,0.2558f,0f,0f,0f,1f],start_interpolation: 0,interpolation_duration: 1}
$data merge entity $(bone_pupil_closed1) {transformation: [-0.9947f,0.0829f,-0.0615f,0.0728f,0.0827f,0.9966f,0.0051f,0.3447f,0.0617f,0f,-0.9981f,0.2445f,0f,0f,0f,1f],start_interpolation: 0,interpolation_duration: 1}
$data merge entity $(bone_eye1) {transformation: [-0.9947f,0.0829f,-0.0615f,0.0731f,0.0827f,0.9966f,0.0051f,0.3446f,0.0617f,0f,-0.9981f,0.2501f,0f,0f,0f,1f],start_interpolation: 0,interpolation_duration: 1}
$data merge entity $(bone_nail_head1) {transformation: [0.3658f,0.0829f,-0.927f,0.0784f,-0.0304f,0.9966f,0.0771f,0.5951f,0.9302f,0f,0.3671f,0f,0f,0f,0f,1f],start_interpolation: 0,interpolation_duration: 1}
$data merge entity $(bone_nail_left_rotation1) {transformation: [0.1917f,-0.8583f,-0.4761f,0.2285f,-0.9703f,-0.2387f,0.0396f,0.1436f,-0.1476f,0.4543f,-0.8785f,0.2389f,0f,0f,0f,1f],start_interpolation: 0,interpolation_duration: 1}
$data merge entity $(bone_nail_right_rotation1) {transformation: [0.3438f,0.8937f,0.2883f,-0.1134f,0.9245f,-0.376f,0.0631f,0.172f,0.1648f,0.2448f,-0.9555f,0.2601f,0f,0f,0f,1f],start_interpolation: 0,interpolation_duration: 1}
$data merge entity $(bone_magnet_left1) {transformation: [-0.9947f,0.0328f,0.0978f,0.3064f,0.0827f,-0.3128f,0.9462f,0.3252f,0.0617f,0.9492f,0.3084f,-0.0154f,0f,0f,0f,1f],start_interpolation: 0,interpolation_duration: 1}
$data merge entity $(bone_magnet_right1) {transformation: [-0.9947f,-0.0841f,-0.0599f,-0.191f,0.0827f,-0.3031f,-0.9494f,0.3666f,0.0617f,-0.9492f,0.3084f,0.0154f,0f,0f,0f,1f],start_interpolation: 0,interpolation_duration: 1}
$data merge entity $(bone_body1) {transformation: [-0.9947f,0.0829f,-0.0615f,0.0551f,0.0827f,0.9966f,0.0051f,0.3148f,0.0617f,0f,-0.9981f,0f,0f,0f,0f,1f],start_interpolation: 0,interpolation_duration: 1}