# This file was generated by Animated Java via MC-Build. It is not recommended to edit this file directly.
$data merge entity $(bone_pupil1) {transformation: [-0.9935f,-0.0743f,0.0866f,-0.118f,-0.0741f,0.9972f,0.0065f,0.4421f,-0.0869f,0f,-0.9962f,0.2553f,0f,0f,0f,1f],start_interpolation: 0,interpolation_duration: 1}
$data merge entity $(bone_pupil_closed1) {transformation: [-0.9935f,-0.0743f,0.0866f,-0.117f,-0.0741f,0.9972f,0.0065f,0.4422f,-0.0869f,0f,-0.9962f,0.2441f,0f,0f,0f,1f],start_interpolation: 0,interpolation_duration: 1}
$data merge entity $(bone_eye1) {transformation: [-0.9935f,-0.0743f,0.0866f,-0.1175f,-0.0741f,0.9972f,0.0065f,0.4421f,-0.0869f,0f,-0.9962f,0.2497f,0f,0f,0f,1f],start_interpolation: 0,interpolation_duration: 1}
$data merge entity $(bone_nail_head1) {transformation: [-0.3162f,-0.0743f,-0.9458f,-0.1144f,-0.0236f,0.9972f,-0.0705f,0.6931f,0.9484f,0f,-0.317f,0f,0f,0f,0f,1f],start_interpolation: 0,interpolation_duration: 1}
$data merge entity $(bone_nail_left_rotation1) {transformation: [-0.1465f,-0.9285f,-0.3413f,0.0672f,-0.986f,0.1649f,-0.0254f,0.2679f,0.0799f,0.3328f,-0.9396f,0.264f,0f,0f,0f,1f],start_interpolation: 0,interpolation_duration: 1}
$data merge entity $(bone_nail_right_rotation1) {transformation: [-0.3251f,0.8508f,0.4129f,-0.2743f,0.9453f,0.304f,0.1178f,0.2424f,-0.0253f,0.4286f,-0.9031f,0.2341f,0f,0f,0f,1f],start_interpolation: 0,interpolation_duration: 1}
$data merge entity $(bone_magnet_left1) {transformation: [-0.9935f,-0.1016f,-0.0521f,0.1526f,-0.0741f,0.2265f,0.9712f,0.4623f,-0.0869f,0.9687f,-0.2326f,0.0217f,0f,0f,0f,1f],start_interpolation: 0,interpolation_duration: 1}
$data merge entity $(bone_magnet_right1) {transformation: [-0.9935f,0.0669f,0.0925f,-0.3441f,-0.0741f,0.2391f,-0.9682f,0.4252f,-0.0869f,-0.9687f,-0.2326f,-0.0217f,0f,0f,0f,1f],start_interpolation: 0,interpolation_duration: 1}
$data merge entity $(bone_body1) {transformation: [-0.9935f,-0.0743f,0.0866f,-0.0935f,-0.0741f,0.9972f,0.0065f,0.4126f,-0.0869f,0f,-0.9962f,0f,0f,0f,0f,1f],start_interpolation: 0,interpolation_duration: 1}