# This file was generated by Animated Java via MC-Build. It is not recommended to edit this file directly.
$data merge entity $(bone_pupil1) {transformation: [-0.9938f,-0.0861f,0.0703f,-0.087f,-0.0859f,0.9963f,0.0061f,0.2867f,-0.0705f,0f,-0.9975f,0.2556f,0f,0f,0f,1f],start_interpolation: 0,interpolation_duration: 1}
$data merge entity $(bone_pupil_closed1) {transformation: [-0.9938f,-0.0861f,0.0703f,-0.0862f,-0.0859f,0.9963f,0.0061f,0.2868f,-0.0705f,0f,-0.9975f,0.2444f,0f,0f,0f,1f],start_interpolation: 0,interpolation_duration: 1}
$data merge entity $(bone_eye1) {transformation: [-0.9938f,-0.0861f,0.0703f,-0.0866f,-0.0859f,0.9963f,0.0061f,0.2867f,-0.0705f,0f,-0.9975f,0.25f,0f,0f,0f,1f],start_interpolation: 0,interpolation_duration: 1}
$data merge entity $(bone_nail_head1) {transformation: [-0.653f,-0.0861f,0.7524f,-0.0905f,-0.0564f,0.9963f,0.065f,0.5373f,-0.7552f,0f,-0.6555f,0f,0f,0f,0f,1f],start_interpolation: 0,interpolation_duration: 1}
$data merge entity $(bone_nail_left_rotation1) {transformation: [-0.7188f,0.597f,-0.3563f,0.1004f,0.6476f,0.7613f,-0.0308f,0.1147f,0.2529f,-0.2529f,-0.9339f,0.2615f,0f,0f,0f,1f],start_interpolation: 0,interpolation_duration: 1}
$data merge entity $(bone_nail_right_rotation1) {transformation: [-0.5523f,-0.7332f,0.3966f,-0.2412f,-0.7602f,0.6383f,0.1214f,0.0852f,-0.3422f,-0.2344f,-0.9099f,0.2373f,0f,0f,0f,1f],start_interpolation: 0,interpolation_duration: 1}
$data merge entity $(bone_magnet_left1) {transformation: [-0.9938f,-0.0112f,0.1106f,0.1795f,-0.0859f,0.7088f,-0.7002f,0.3097f,-0.0705f,-0.7053f,-0.7053f,0.0176f,0f,0f,0f,1f],start_interpolation: 0,interpolation_duration: 1}
$data merge entity $(bone_magnet_right1) {transformation: [-0.9938f,-0.1106f,-0.0112f,-0.3174f,-0.0859f,0.7002f,0.7088f,0.2668f,-0.0705f,0.7053f,-0.7053f,-0.0176f,0f,0f,0f,1f],start_interpolation: 0,interpolation_duration: 1}
$data merge entity $(bone_body1) {transformation: [-0.9938f,-0.0861f,0.0703f,-0.0663f,-0.0859f,0.9963f,0.0061f,0.2571f,-0.0705f,0f,-0.9975f,0f,0f,0f,0f,1f],start_interpolation: 0,interpolation_duration: 1}