# This file was generated by Animated Java via MC-Build. It is not recommended to edit this file directly.
$data merge entity $(bone_pupil1) {transformation: [-0.9952f,-0.0566f,0.0804f,-0.1135f,-0.0565f,0.9984f,0.0046f,0.3157f,-0.0805f,0f,-0.9968f,0.2554f,0f,0f,0f,1f],start_interpolation: 0,interpolation_duration: 1}
$data merge entity $(bone_pupil_closed1) {transformation: [-0.9952f,-0.0566f,0.0804f,-0.1126f,-0.0565f,0.9984f,0.0046f,0.3158f,-0.0805f,0f,-0.9968f,0.2442f,0f,0f,0f,1f],start_interpolation: 0,interpolation_duration: 1}
$data merge entity $(bone_eye1) {transformation: [-0.9952f,-0.0566f,0.0804f,-0.1131f,-0.0565f,0.9984f,0.0046f,0.3158f,-0.0805f,0f,-0.9968f,0.2498f,0f,0f,0f,1f],start_interpolation: 0,interpolation_duration: 1}
$data merge entity $(bone_nail_head1) {transformation: [0.5852f,-0.0566f,-0.8089f,-0.1071f,0.0332f,0.9984f,-0.0459f,0.5665f,0.8102f,0f,0.5861f,0f,0f,0f,0f,1f],start_interpolation: 0,interpolation_duration: 1}
$data merge entity $(bone_nail_left_rotation1) {transformation: [0.6509f,-0.6749f,-0.3477f,0.0686f,-0.7247f,-0.6888f,-0.0197f,0.1383f,-0.2262f,0.2648f,-0.9374f,0.263f,0f,0f,0f,1f],start_interpolation: 0,interpolation_duration: 1}
$data merge entity $(bone_nail_right_rotation1) {transformation: [0.5135f,0.7543f,0.4091f,-0.2735f,0.7928f,-0.5994f,0.1102f,0.1189f,0.3284f,0.2678f,-0.9058f,0.2353f,0f,0f,0f,1f],start_interpolation: 0,interpolation_duration: 1}
$data merge entity $(bone_magnet_left1) {transformation: [-0.9952f,-0.0244f,-0.0953f,0.1559f,-0.0565f,-0.6519f,0.7562f,0.331f,-0.0805f,0.7579f,0.6473f,0.0201f,0f,0f,0f,1f],start_interpolation: 0,interpolation_duration: 1}
$data merge entity $(bone_magnet_right1) {transformation: [-0.9952f,0.0979f,-0.0091f,-0.3417f,-0.0565f,-0.6449f,-0.7621f,0.3028f,-0.0805f,-0.7579f,0.6473f,-0.0201f,0f,0f,0f,1f],start_interpolation: 0,interpolation_duration: 1}
$data merge entity $(bone_body1) {transformation: [-0.9952f,-0.0566f,0.0804f,-0.0912f,-0.0565f,0.9984f,0.0046f,0.2857f,-0.0805f,0f,-0.9968f,0f,0f,0f,0f,1f],start_interpolation: 0,interpolation_duration: 1}