# This file was generated by Animated Java via MC-Build. It is not recommended to edit this file directly.
$data merge entity $(bone_pupil1) {transformation: [-0.9957f,-0.0513f,0.0776f,-0.1106f,-0.0511f,0.9987f,0.004f,0.429f,-0.0777f,0f,-0.997f,0.2555f,0f,0f,0f,1f],start_interpolation: 0,interpolation_duration: 1}
$data merge entity $(bone_pupil_closed1) {transformation: [-0.9957f,-0.0513f,0.0776f,-0.1098f,-0.0511f,0.9987f,0.004f,0.4291f,-0.0777f,0f,-0.997f,0.2443f,0f,0f,0f,1f],start_interpolation: 0,interpolation_duration: 1}
$data merge entity $(bone_eye1) {transformation: [-0.9957f,-0.0513f,0.0776f,-0.1102f,-0.0511f,0.9987f,0.004f,0.4291f,-0.0777f,0f,-0.997f,0.2499f,0f,0f,0f,1f],start_interpolation: 0,interpolation_duration: 1}
$data merge entity $(bone_nail_head1) {transformation: [0.7599f,-0.0513f,-0.648f,-0.1036f,0.039f,0.9987f,-0.0333f,0.6797f,0.6489f,0f,0.7609f,0f,0f,0f,0f,1f],start_interpolation: 0,interpolation_duration: 1}
$data merge entity $(bone_nail_left_rotation1) {transformation: [0.7867f,-0.5082f,-0.3505f,0.0706f,-0.5482f,-0.8362f,-0.018f,0.2506f,-0.2839f,0.2063f,-0.9364f,0.2626f,0f,0f,0f,1f],start_interpolation: 0,interpolation_duration: 1}
$data merge entity $(bone_nail_right_rotation1) {transformation: [0.6798f,0.61f,0.4071f,-0.2717f,0.6274f,-0.7712f,0.1078f,0.233f,0.3798f,0.1821f,-0.907f,0.2359f,0f,0f,0f,1f],start_interpolation: 0,interpolation_duration: 1}
$data merge entity $(bone_magnet_left1) {transformation: [-0.9957f,-0.0041f,-0.0929f,0.1582f,-0.0511f,-0.8103f,0.5838f,0.4428f,-0.0777f,0.586f,0.8066f,0.0194f,0f,0f,0f,1f],start_interpolation: 0,interpolation_duration: 1}
$data merge entity $(bone_magnet_right1) {transformation: [-0.9957f,0.0871f,-0.0326f,-0.3397f,-0.0511f,-0.8056f,-0.5902f,0.4173f,-0.0777f,-0.586f,0.8066f,-0.0194f,0f,0f,0f,1f],start_interpolation: 0,interpolation_duration: 1}
$data merge entity $(bone_body1) {transformation: [-0.9957f,-0.0513f,0.0776f,-0.0892f,-0.0511f,0.9987f,0.004f,0.3989f,-0.0777f,0f,-0.997f,0f,0f,0f,0f,1f],start_interpolation: 0,interpolation_duration: 1}