# This file was generated by Animated Java via MC-Build. It is not recommended to edit this file directly.
$data merge entity $(bone_eyelid_right) {transformation: [-0.9706f,0.1032f,0.2174f,-0.1094f,0.2094f,0.8074f,0.5515f,1.0446f,-0.1186f,0.5808f,-0.8053f,0.2031f,0f,0f,0f,1f],start_interpolation: 0,interpolation_duration: 1}
$data merge entity $(bone_eye_right) {transformation: [-0.9706f,0.1032f,0.2174f,-0.1077f,0.2094f,0.8074f,0.5515f,1.0489f,-0.1186f,0.5808f,-0.8053f,0.1968f,0f,0f,0f,1f],start_interpolation: 0,interpolation_duration: 1}
$data merge entity $(bone_eyelid_left) {transformation: [-0.9738f,-0.0669f,0.2174f,-0.1086f,0.066f,0.8315f,0.5515f,1.0297f,-0.2177f,0.5514f,-0.8053f,0.1912f,0f,0f,0f,1f],start_interpolation: 0,interpolation_duration: 1}
$data merge entity $(bone_eye_left) {transformation: [-0.9738f,-0.0669f,0.2174f,0.1058f,0.066f,0.8315f,0.5515f,1.0187f,-0.2177f,0.5514f,-0.8053f,0.2337f,0f,0f,0f,1f],start_interpolation: 0,interpolation_duration: 1}
$data merge entity $(bone_mouth_closed) {transformation: [-0.9759f,0.0182f,0.2174f,0.0129f,0.1382f,0.8226f,0.5515f,1.0049f,-0.1688f,0.5683f,-0.8053f,-0.0732f,0f,0f,0f,1f],start_interpolation: 0,interpolation_duration: 1}
$data merge entity $(bone_mouth_open) {transformation: [-0.9759f,0.0182f,0.2174f,0.0136f,0.1382f,0.8226f,0.5515f,0.9826f,-0.1688f,0.5683f,-0.8053f,-0.096f,0f,0f,0f,1f],start_interpolation: 0,interpolation_duration: 1}
$data merge entity $(bone_head) {transformation: [-0.9759f,0.0182f,0.2174f,0.0428f,0.1382f,0.8226f,0.5515f,0.9749f,-0.1688f,0.5683f,-0.8053f,-0.0857f,0f,0f,0f,1f],start_interpolation: 0,interpolation_duration: 1}
$data merge entity $(bone_neck) {transformation: [-0.9953f,-0.0947f,0.0206f,0.0502f,-0.089f,0.977f,0.1937f,0.8985f,-0.0385f,0.191f,-0.9808f,-0.1006f,0f,0f,0f,1f],start_interpolation: 0,interpolation_duration: 1}
$data merge entity $(bone_finger_left2) {transformation: [0.7561f,0.5803f,-0.3026f,0.4424f,0.5996f,-0.7995f,-0.0349f,0.1308f,-0.2622f,-0.1551f,-0.9525f,-0.0225f,0f,0f,0f,1f],start_interpolation: 0,interpolation_duration: 1}
$data merge entity $(bone_finger_left) {transformation: [0.083f,0.9495f,-0.3026f,0.4528f,0.9946f,-0.0981f,-0.0349f,0.2552f,-0.0628f,-0.2981f,-0.9525f,-0.0303f,0f,0f,0f,1f],start_interpolation: 0,interpolation_duration: 1}
$data merge entity $(bone_finger_left4) {transformation: [0.9348f,0.1987f,-0.2944f,0.3684f,0.2327f,-0.9688f,0.085f,0.1404f,-0.2683f,-0.1479f,-0.9519f,-0.1122f,0f,0f,0f,1f],start_interpolation: 0,interpolation_duration: 1}
$data merge entity $(bone_finger_left3) {transformation: [0.4487f,0.8438f,-0.2944f,0.4245f,0.8917f,-0.4445f,0.085f,0.2519f,-0.0591f,-0.3007f,-0.9519f,-0.1196f,0f,0f,0f,1f],start_interpolation: 0,interpolation_duration: 1}
$data merge entity $(bone_thumb_left2) {transformation: [-0.792f,0.2781f,0.5434f,0.3581f,0.5039f,-0.2045f,0.8392f,0.2642f,0.3445f,0.9385f,0.0218f,0.1074f,0f,0f,0f,1f],start_interpolation: 0,interpolation_duration: 1}
$data merge entity $(bone_thumb_left) {transformation: [-0.792f,0.5515f,0.2618f,0.4156f,0.5039f,0.3486f,0.7902f,0.3472f,0.3445f,0.7578f,-0.554f,0.0274f,0f,0f,0f,1f],start_interpolation: 0,interpolation_duration: 1}
$data merge entity $(bone_hand_left) {transformation: [-0.0733f,0.9503f,-0.3026f,0.3678f,0.9972f,0.0658f,-0.0349f,0.4052f,-0.0133f,-0.3044f,-0.9525f,-0.058f,0f,0f,0f,1f],start_interpolation: 0,interpolation_duration: 1}
$data merge entity $(bone_arm_left2) {transformation: [-0.3189f,0.9452f,-0.0696f,0.2837f,0.9439f,0.3101f,-0.1139f,0.6341f,-0.0861f,-0.102f,-0.991f,-0.1415f,0f,0f,0f,1f],start_interpolation: 0,interpolation_duration: 1}
$data merge entity $(bone_arm_left) {transformation: [-0.2661f,0.9568f,-0.1169f,0.2245f,0.9419f,0.2839f,0.1797f,0.8583f,0.2052f,-0.0623f,-0.9767f,-0.0292f,0f,0f,0f,1f],start_interpolation: 0,interpolation_duration: 1}
$data merge entity $(bone_finger_right2) {transformation: [0.8195f,-0.3f,-0.4883f,-0.3319f,-0.5232f,-0.0441f,-0.8511f,0.5561f,0.2338f,0.9529f,-0.1931f,0.0368f,0f,0f,0f,1f],start_interpolation: 0,interpolation_duration: 1}
$data merge entity $(bone_finger_right) {transformation: [0.2243f,-0.8434f,-0.4883f,-0.3599f,-0.3362f,0.4033f,-0.8511f,0.5982f,0.9147f,0.3551f,-0.1931f,-0.0775f,0f,0f,0f,1f],start_interpolation: 0,interpolation_duration: 1}
$data merge entity $(bone_finger_right4) {transformation: [0.8314f,-0.3515f,-0.4303f,-0.3819f,-0.5106f,-0.178f,-0.8412f,0.48f,0.2191f,0.9191f,-0.3274f,-0.0192f,0f,0f,0f,1f],start_interpolation: 0,interpolation_duration: 1}
$data merge entity $(bone_finger_right3) {transformation: [0.2273f,-0.8736f,-0.4303f,-0.4103f,-0.452f,0.2968f,-0.8412f,0.5365f,0.8626f,0.3857f,-0.3274f,-0.127f,0f,0f,0f,1f],start_interpolation: 0,interpolation_duration: 1}
$data merge entity $(bone_thumb_right2) {transformation: [-0.7642f,-0.1666f,-0.6231f,-0.2243f,-0.634f,0.3714f,0.6783f,0.6817f,0.1184f,0.9134f,-0.3895f,-0.0314f,0f,0f,0f,1f],start_interpolation: 0,interpolation_duration: 1}
$data merge entity $(bone_thumb_right) {transformation: [-0.5415f,-0.6796f,-0.495f,-0.3031f,-0.8086f,0.5821f,0.0855f,0.6671f,0.23f,0.4465f,-0.8647f,-0.1323f,0f,0f,0f,1f],start_interpolation: 0,interpolation_duration: 1}
$data merge entity $(bone_hand_right) {transformation: [-0.338f,-0.773f,-0.537f,-0.284f,-0.4062f,0.6344f,-0.6576f,0.5912f,0.849f,-0.0041f,-0.5284f,-0.2347f,0f,0f,0f,1f],start_interpolation: 0,interpolation_duration: 1}
$data merge entity $(bone_arm_right2) {transformation: [-0.6634f,-0.7449f,-0.0704f,-0.1016f,-0.5454f,0.5459f,-0.636f,0.7068f,0.5122f,-0.3836f,-0.7685f,-0.4243f,0f,0f,0f,1f],start_interpolation: 0,interpolation_duration: 1}
$data merge entity $(bone_arm_right) {transformation: [-0.1746f,-0.7907f,0.5868f,-0.0946f,-0.7674f,0.4827f,0.4221f,0.8723f,-0.617f,-0.3766f,-0.691f,-0.2269f,0f,0f,0f,1f],start_interpolation: 0,interpolation_duration: 1}
$data merge entity $(bone_torso) {transformation: [-0.8759f,0.1396f,0.4618f,0f,0.0086f,0.9615f,-0.2745f,0.553f,-0.4823f,-0.2365f,-0.8435f,-0.0156f,0f,0f,0f,1f],start_interpolation: 0,interpolation_duration: 1}