# This file was generated by Animated Java via MC-Build. It is not recommended to edit this file directly.
$data merge entity $(bone_eyelid_right) {transformation: [-0.9709f,0.102f,0.2168f,-0.11f,0.2085f,0.8056f,0.5546f,1.043f,-0.1181f,0.5836f,-0.8034f,0.2042f,0f,0f,0f,1f],start_interpolation: 0,interpolation_duration: 1}
$data merge entity $(bone_eye_right) {transformation: [-0.9709f,0.102f,0.2168f,-0.1083f,0.2085f,0.8056f,0.5546f,1.0474f,-0.1181f,0.5836f,-0.8034f,0.1979f,0f,0f,0f,1f],start_interpolation: 0,interpolation_duration: 1}
$data merge entity $(bone_eyelid_left) {transformation: [-0.9738f,-0.0682f,0.2168f,-0.1092f,0.0654f,0.8296f,0.5546f,1.0281f,-0.2177f,0.5542f,-0.8034f,0.1922f,0f,0f,0f,1f],start_interpolation: 0,interpolation_duration: 1}
$data merge entity $(bone_eye_left) {transformation: [-0.9738f,-0.0682f,0.2168f,0.1052f,0.0654f,0.8296f,0.5546f,1.0173f,-0.2177f,0.5542f,-0.8034f,0.2348f,0f,0f,0f,1f],start_interpolation: 0,interpolation_duration: 1}
$data merge entity $(bone_mouth_closed) {transformation: [-0.9761f,0.017f,0.2168f,0.0123f,0.1375f,0.8207f,0.5546f,1.0044f,-0.1685f,0.5711f,-0.8034f,-0.0723f,0f,0f,0f,1f],start_interpolation: 0,interpolation_duration: 1}
$data merge entity $(bone_mouth_open) {transformation: [-0.9761f,0.017f,0.2168f,0.0132f,0.1375f,0.8207f,0.5546f,0.9822f,-0.1685f,0.5711f,-0.8034f,-0.0951f,0f,0f,0f,1f],start_interpolation: 0,interpolation_duration: 1}
$data merge entity $(bone_head) {transformation: [-0.9761f,0.017f,0.2168f,0.0423f,0.1375f,0.8207f,0.5546f,0.9745f,-0.1685f,0.5711f,-0.8034f,-0.0848f,0f,0f,0f,1f],start_interpolation: 0,interpolation_duration: 1}
$data merge entity $(bone_neck) {transformation: [-0.9952f,-0.0958f,0.0204f,0.0498f,-0.09f,0.9765f,0.1957f,0.8982f,-0.0387f,0.1929f,-0.9804f,-0.0999f,0f,0f,0f,1f],start_interpolation: 0,interpolation_duration: 1}
$data merge entity $(bone_finger_left2) {transformation: [0.7541f,0.5829f,-0.3024f,0.4433f,0.6027f,-0.7972f,-0.0336f,0.1309f,-0.2607f,-0.1569f,-0.9526f,-0.0234f,0f,0f,0f,1f],start_interpolation: 0,interpolation_duration: 1}
$data merge entity $(bone_finger_left) {transformation: [0.0797f,0.9498f,-0.3024f,0.4533f,0.995f,-0.0942f,-0.0336f,0.2553f,-0.0604f,-0.2982f,-0.9526f,-0.0309f,0f,0f,0f,1f],start_interpolation: 0,interpolation_duration: 1}
$data merge entity $(bone_finger_left4) {transformation: [0.9353f,0.1972f,-0.294f,0.3687f,0.2314f,-0.969f,0.0862f,0.1407f,-0.2679f,-0.1487f,-0.9519f,-0.113f,0f,0f,0f,1f],start_interpolation: 0,interpolation_duration: 1}
$data merge entity $(bone_finger_left3) {transformation: [0.4501f,0.8432f,-0.294f,0.425f,0.8911f,-0.4456f,0.0862f,0.2521f,-0.0583f,-0.3008f,-0.9519f,-0.1202f,0f,0f,0f,1f],start_interpolation: 0,interpolation_duration: 1}
$data merge entity $(bone_thumb_left2) {transformation: [-0.7928f,0.2783f,0.5422f,0.3586f,0.5022f,-0.2058f,0.8399f,0.2639f,0.3453f,0.9382f,0.0234f,0.1068f,0f,0f,0f,1f],start_interpolation: 0,interpolation_duration: 1}
$data merge entity $(bone_thumb_left) {transformation: [-0.7928f,0.5508f,0.2608f,0.4159f,0.5022f,0.3481f,0.7916f,0.3471f,0.3453f,0.7586f,-0.5526f,0.0269f,0f,0f,0f,1f],start_interpolation: 0,interpolation_duration: 1}
$data merge entity $(bone_hand_left) {transformation: [-0.0747f,0.9502f,-0.3024f,0.3681f,0.9971f,0.0677f,-0.0336f,0.4053f,-0.0115f,-0.3041f,-0.9526f,-0.0584f,0f,0f,0f,1f],start_interpolation: 0,interpolation_duration: 1}
$data merge entity $(bone_arm_left2) {transformation: [-0.3203f,0.9448f,-0.0692f,0.2837f,0.9435f,0.3117f,-0.1123f,0.6341f,-0.0845f,-0.1013f,-0.9913f,-0.1415f,0f,0f,0f,1f],start_interpolation: 0,interpolation_duration: 1}
$data merge entity $(bone_arm_left) {transformation: [-0.2674f,0.9564f,-0.1172f,0.2241f,0.9409f,0.2854f,0.1821f,0.858f,0.2076f,-0.0616f,-0.9763f,-0.0285f,0f,0f,0f,1f],start_interpolation: 0,interpolation_duration: 1}
$data merge entity $(bone_finger_right2) {transformation: [0.8202f,-0.2989f,-0.4878f,-0.3314f,-0.5227f,-0.0451f,-0.8513f,0.5557f,0.2324f,0.9532f,-0.1932f,0.0373f,0f,0f,0f,1f],start_interpolation: 0,interpolation_duration: 1}
$data merge entity $(bone_finger_right) {transformation: [0.2256f,-0.8433f,-0.4878f,-0.3596f,-0.3368f,0.4023f,-0.8513f,0.5978f,0.9141f,0.3564f,-0.1932f,-0.077f,0f,0f,0f,1f],start_interpolation: 0,interpolation_duration: 1}
$data merge entity $(bone_finger_right4) {transformation: [0.8321f,-0.3503f,-0.43f,-0.3814f,-0.5101f,-0.179f,-0.8413f,0.4795f,0.2177f,0.9194f,-0.3277f,-0.0188f,0f,0f,0f,1f],start_interpolation: 0,interpolation_duration: 1}
$data merge entity $(bone_finger_right3) {transformation: [0.2286f,-0.8734f,-0.43f,-0.4099f,-0.4526f,0.2957f,-0.8413f,0.5361f,0.8619f,0.3869f,-0.3277f,-0.1265f,0f,0f,0f,1f],start_interpolation: 0,interpolation_duration: 1}
$data merge entity $(bone_thumb_right2) {transformation: [-0.7635f,-0.1659f,-0.6241f,-0.224f,-0.6348f,0.3705f,0.6781f,0.6813f,0.1187f,0.9139f,-0.3882f,-0.031f,0f,0f,0f,1f],start_interpolation: 0,interpolation_duration: 1}
$data merge entity $(bone_thumb_right) {transformation: [-0.5405f,-0.6795f,-0.496f,-0.3029f,-0.8093f,0.5811f,0.0858f,0.6668f,0.2299f,0.4478f,-0.8641f,-0.1318f,0f,0f,0f,1f],start_interpolation: 0,interpolation_duration: 1}
$data merge entity $(bone_hand_right) {transformation: [-0.3366f,-0.7735f,-0.537f,-0.2838f,-0.4072f,0.6338f,-0.6576f,0.591f,0.849f,-0.0027f,-0.5284f,-0.2342f,0f,0f,0f,1f],start_interpolation: 0,interpolation_duration: 1}
$data merge entity $(bone_arm_right2) {transformation: [-0.6624f,-0.7458f,-0.0707f,-0.1017f,-0.5464f,0.5456f,-0.6354f,0.7069f,0.5125f,-0.3822f,-0.7689f,-0.424f,0f,0f,0f,1f],start_interpolation: 0,interpolation_duration: 1}
$data merge entity $(bone_arm_right) {transformation: [-0.1737f,-0.7913f,0.5863f,-0.0949f,-0.7663f,0.4825f,0.4242f,0.872f,-0.6185f,-0.3756f,-0.6902f,-0.2263f,0f,0f,0f,1f],start_interpolation: 0,interpolation_duration: 1}
$data merge entity $(bone_torso) {transformation: [-0.8759f,0.1386f,0.4621f,0f,0.0086f,0.9622f,-0.2723f,0.5524f,-0.4823f,-0.2346f,-0.844f,-0.0156f,0f,0f,0f,1f],start_interpolation: 0,interpolation_duration: 1}