# This file was generated by Animated Java via MC-Build. It is not recommended to edit this file directly.
$data merge entity $(bone_eyelid_right) {transformation: [-0.9719f,0.0965f,0.2149f,-0.1124f,0.205f,0.7959f,0.5697f,1.036f,-0.116f,0.5977f,-0.7933f,0.208f,0f,0f,0f,1f],start_interpolation: 0,interpolation_duration: 1}
$data merge entity $(bone_eye_right) {transformation: [-0.9719f,0.0965f,0.2149f,-0.1108f,0.205f,0.7959f,0.5697f,1.0404f,-0.116f,0.5977f,-0.7933f,0.2018f,0f,0f,0f,1f],start_interpolation: 0,interpolation_duration: 1}
$data merge entity $(bone_eyelid_left) {transformation: [-0.9739f,-0.0737f,0.2149f,-0.1115f,0.0637f,0.8194f,0.5697f,1.0213f,-0.218f,0.5685f,-0.7933f,0.1958f,0f,0f,0f,1f],start_interpolation: 0,interpolation_duration: 1}
$data merge entity $(bone_eye_left) {transformation: [-0.9739f,-0.0737f,0.2149f,0.1029f,0.0637f,0.8194f,0.5697f,1.0109f,-0.218f,0.5685f,-0.7933f,0.2385f,0f,0f,0f,1f],start_interpolation: 0,interpolation_duration: 1}
$data merge entity $(bone_mouth_closed) {transformation: [-0.9766f,0.0115f,0.2149f,0.0105f,0.1349f,0.8107f,0.5697f,1.0029f,-0.1677f,0.5853f,-0.7933f,-0.0688f,0f,0f,0f,1f],start_interpolation: 0,interpolation_duration: 1}
$data merge entity $(bone_mouth_open) {transformation: [-0.9766f,0.0115f,0.2149f,0.0115f,0.1349f,0.8107f,0.5697f,0.9811f,-0.1677f,0.5853f,-0.7933f,-0.0921f,0f,0f,0f,1f],start_interpolation: 0,interpolation_duration: 1}
$data merge entity $(bone_head) {transformation: [-0.9766f,0.0115f,0.2149f,0.0407f,0.1349f,0.8107f,0.5697f,0.9733f,-0.1677f,0.5853f,-0.7933f,-0.0819f,0f,0f,0f,1f],start_interpolation: 0,interpolation_duration: 1}
$data merge entity $(bone_neck) {transformation: [-0.9948f,-0.0996f,0.0197f,0.0485f,-0.0936f,0.9748f,0.2027f,0.8972f,-0.0394f,0.1998f,-0.979f,-0.0975f,0f,0f,0f,1f],start_interpolation: 0,interpolation_duration: 1}
$data merge entity $(bone_finger_left2) {transformation: [0.7412f,0.5994f,-0.3023f,0.4487f,0.6222f,-0.7824f,-0.0259f,0.1317f,-0.2521f,-0.169f,-0.9528f,-0.0298f,0f,0f,0f,1f],start_interpolation: 0,interpolation_duration: 1}
$data merge entity $(bone_finger_left) {transformation: [0.0588f,0.9514f,-0.3023f,0.4561f,0.9972f,-0.0698f,-0.0259f,0.2563f,-0.0457f,-0.3f,-0.9528f,-0.0356f,0f,0f,0f,1f],start_interpolation: 0,interpolation_duration: 1}
$data merge entity $(bone_finger_left4) {transformation: [0.9355f,0.1963f,-0.2938f,0.3714f,0.2327f,-0.968f,0.094f,0.1425f,-0.2659f,-0.1563f,-0.9512f,-0.1185f,0f,0f,0f,1f],start_interpolation: 0,interpolation_duration: 1}
$data merge entity $(bone_finger_left3) {transformation: [0.4509f,0.8428f,-0.2938f,0.4277f,0.8911f,-0.444f,0.094f,0.2539f,-0.0512f,-0.3042f,-0.9512f,-0.1249f,0f,0f,0f,1f],start_interpolation: 0,interpolation_duration: 1}
$data merge entity $(bone_thumb_left2) {transformation: [-0.7962f,0.2798f,0.5365f,0.3613f,0.4932f,-0.2135f,0.8433f,0.2629f,0.3505f,0.936f,0.032f,0.1022f,0f,0f,0f,1f],start_interpolation: 0,interpolation_duration: 1}
$data merge entity $(bone_thumb_left) {transformation: [-0.7962f,0.5486f,0.2553f,0.4181f,0.4932f,0.344f,0.799f,0.3473f,0.3505f,0.7621f,-0.5444f,0.0232f,0f,0f,0f,1f],start_interpolation: 0,interpolation_duration: 1}
$data merge entity $(bone_hand_left) {transformation: [-0.0814f,0.9497f,-0.3023f,0.3698f,0.9967f,0.0772f,-0.0259f,0.406f,-0.0012f,-0.3034f,-0.9528f,-0.0614f,0f,0f,0f,1f],start_interpolation: 0,interpolation_duration: 1}
$data merge entity $(bone_arm_left2) {transformation: [-0.3267f,0.9426f,-0.0686f,0.2839f,0.9422f,0.319f,-0.1025f,0.6351f,-0.0748f,-0.0981f,-0.9924f,-0.1422f,0f,0f,0f,1f],start_interpolation: 0,interpolation_duration: 1}
$data merge entity $(bone_arm_left) {transformation: [-0.2734f,0.9545f,-0.1194f,0.223f,0.9365f,0.2925f,0.1936f,0.8572f,0.2197f,-0.0588f,-0.9738f,-0.0264f,0f,0f,0f,1f],start_interpolation: 0,interpolation_duration: 1}
$data merge entity $(bone_finger_right2) {transformation: [0.8225f,-0.2955f,-0.4859f,-0.33f,-0.5211f,-0.0494f,-0.8521f,0.554f,0.2278f,0.9541f,-0.1946f,0.0386f,0f,0f,0f,1f],start_interpolation: 0,interpolation_duration: 1}
$data merge entity $(bone_finger_right) {transformation: [0.2297f,-0.8433f,-0.4859f,-0.3587f,-0.3393f,0.3985f,-0.8521f,0.5965f,0.9122f,0.3606f,-0.1946f,-0.0754f,0f,0f,0f,1f],start_interpolation: 0,interpolation_duration: 1}
$data merge entity $(bone_finger_right4) {transformation: [0.8343f,-0.3467f,-0.4286f,-0.3799f,-0.5084f,-0.1833f,-0.8414f,0.478f,0.2132f,0.9199f,-0.3292f,-0.0176f,0f,0f,0f,1f],start_interpolation: 0,interpolation_duration: 1}
$data merge entity $(bone_finger_right3) {transformation: [0.2329f,-0.873f,-0.4286f,-0.409f,-0.4549f,0.2917f,-0.8414f,0.5348f,0.8596f,0.3909f,-0.3292f,-0.125f,0f,0f,0f,1f],start_interpolation: 0,interpolation_duration: 1}
$data merge entity $(bone_thumb_right2) {transformation: [-0.7612f,-0.1639f,-0.6274f,-0.2231f,-0.6375f,0.3668f,0.6776f,0.6803f,0.119f,0.9158f,-0.3837f,-0.0296f,0f,0f,0f,1f],start_interpolation: 0,interpolation_duration: 1}
$data merge entity $(bone_thumb_right) {transformation: [-0.5373f,-0.6798f,-0.4992f,-0.3023f,-0.8117f,0.5775f,0.0873f,0.6658f,0.2289f,0.4521f,-0.8621f,-0.1302f,0f,0f,0f,1f],start_interpolation: 0,interpolation_duration: 1}
$data merge entity $(bone_hand_right) {transformation: [-0.3326f,-0.7754f,-0.5368f,-0.2834f,-0.4112f,0.6315f,-0.6574f,0.5904f,0.8487f,0.0021f,-0.5289f,-0.2329f,0f,0f,0f,1f],start_interpolation: 0,interpolation_duration: 1}
$data merge entity $(bone_arm_right2) {transformation: [-0.659f,-0.7487f,-0.0714f,-0.1023f,-0.5502f,0.5447f,-0.6329f,0.7076f,0.5128f,-0.3778f,-0.7709f,-0.4229f,0f,0f,0f,1f],start_interpolation: 0,interpolation_duration: 1}
$data merge entity $(bone_arm_right) {transformation: [-0.1707f,-0.7931f,0.5847f,-0.0962f,-0.7626f,0.4821f,0.4312f,0.8713f,-0.6239f,-0.3723f,-0.6871f,-0.224f,0f,0f,0f,1f],start_interpolation: 0,interpolation_duration: 1}
$data merge entity $(bone_torso) {transformation: [-0.8759f,0.1349f,0.4632f,0f,0.0086f,0.9643f,-0.2646f,0.5506f,-0.4823f,-0.2278f,-0.8458f,-0.0156f,0f,0f,0f,1f],start_interpolation: 0,interpolation_duration: 1}