# This file was generated by Animated Java via MC-Build. It is not recommended to edit this file directly.
$data merge entity $(bone_eyelid_right) {transformation: [-0.9735f,0.0836f,0.2131f,-0.1164f,0.1998f,0.7641f,0.6134f,1.0197f,-0.1115f,0.6397f,-0.7605f,0.2126f,0f,0f,0f,1f],start_interpolation: 0,interpolation_duration: 1}
$data merge entity $(bone_eye_right) {transformation: [-0.9735f,0.0836f,0.2131f,-0.1148f,0.1998f,0.7641f,0.6134f,1.0244f,-0.1115f,0.6397f,-0.7605f,0.2067f,0f,0f,0f,1f],start_interpolation: 0,interpolation_duration: 1}
$data merge entity $(bone_eyelid_left) {transformation: [-0.9732f,-0.0868f,0.2131f,-0.1153f,0.0641f,0.7871f,0.6134f,1.0057f,-0.2209f,0.6106f,-0.7605f,0.1996f,0f,0f,0f,1f],start_interpolation: 0,interpolation_duration: 1}
$data merge entity $(bone_eye_left) {transformation: [-0.9732f,-0.0868f,0.2131f,0.099f,0.0641f,0.7871f,0.6134f,0.9955f,-0.2209f,0.6106f,-0.7605f,0.2432f,0f,0f,0f,1f],start_interpolation: 0,interpolation_duration: 1}
$data merge entity $(bone_mouth_closed) {transformation: [-0.977f,-0.0016f,0.2131f,0.0086f,0.1325f,0.7786f,0.6134f,1.0027f,-0.1669f,0.6276f,-0.7605f,-0.0648f,0f,0f,0f,1f],start_interpolation: 0,interpolation_duration: 1}
$data merge entity $(bone_mouth_open) {transformation: [-0.977f,-0.0016f,0.2131f,0.01f,0.1325f,0.7786f,0.6134f,0.9822f,-0.1669f,0.6276f,-0.7605f,-0.0891f,0f,0f,0f,1f],start_interpolation: 0,interpolation_duration: 1}
$data merge entity $(bone_head) {transformation: [-0.977f,-0.0016f,0.2131f,0.0392f,0.1325f,0.7786f,0.6134f,0.9742f,-0.1669f,0.6276f,-0.7605f,-0.0792f,0f,0f,0f,1f],start_interpolation: 0,interpolation_duration: 1}
$data merge entity $(bone_neck) {transformation: [-0.9945f,-0.1031f,0.0191f,0.0472f,-0.0969f,0.9731f,0.209f,0.8982f,-0.0401f,0.206f,-0.9777f,-0.0953f,0f,0f,0f,1f],start_interpolation: 0,interpolation_duration: 1}
$data merge entity $(bone_finger_left2) {transformation: [0.6895f,0.6567f,-0.3056f,0.4653f,0.6887f,-0.7251f,-0.0043f,0.1361f,-0.2244f,-0.2075f,-0.9522f,-0.0506f,0f,0f,0f,1f],start_interpolation: 0,interpolation_duration: 1}
$data merge entity $(bone_finger_left) {transformation: [-0.0184f,0.952f,-0.3056f,0.463f,0.9998f,0.0179f,-0.0043f,0.2611f,0.0014f,-0.3056f,-0.9522f,-0.0504f,0f,0f,0f,1f],start_interpolation: 0,interpolation_duration: 1}
$data merge entity $(bone_finger_left4) {transformation: [0.9281f,0.2204f,-0.3001f,0.3809f,0.2647f,-0.9574f,0.1156f,0.1478f,-0.2618f,-0.1867f,-0.9469f,-0.1366f,0f,0f,0f,1f],start_interpolation: 0,interpolation_duration: 1}
$data merge entity $(bone_finger_left3) {transformation: [0.4278f,0.8526f,-0.3001f,0.4343f,0.9035f,-0.4126f,0.1156f,0.2607f,-0.0253f,-0.3206f,-0.9469f,-0.1397f,0f,0f,0f,1f],start_interpolation: 0,interpolation_duration: 1}
$data merge entity $(bone_thumb_left2) {transformation: [-0.8013f,0.2862f,0.5253f,0.3686f,0.4729f,-0.2348f,0.8493f,0.2627f,0.3664f,0.929f,0.0528f,0.0878f,0f,0f,0f,1f],start_interpolation: 0,interpolation_duration: 1}
$data merge entity $(bone_thumb_left) {transformation: [-0.8013f,0.5469f,0.2426f,0.424f,0.4729f,0.3307f,0.8167f,0.35f,0.3664f,0.7692f,-0.5236f,0.0109f,0f,0f,0f,1f],start_interpolation: 0,interpolation_duration: 1}
$data merge entity $(bone_hand_left) {transformation: [-0.0947f,0.9474f,-0.3056f,0.3746f,0.9952f,0.0981f,-0.0043f,0.4103f,0.0259f,-0.3045f,-0.9522f,-0.072f,0f,0f,0f,1f],start_interpolation: 0,interpolation_duration: 1}
$data merge entity $(bone_arm_left2) {transformation: [-0.3395f,0.9379f,-0.071f,0.2853f,0.9394f,0.3342f,-0.0767f,0.6403f,-0.0482f,-0.0928f,-0.9945f,-0.1462f,0f,0f,0f,1f],start_interpolation: 0,interpolation_duration: 1}
$data merge entity $(bone_arm_left) {transformation: [-0.2851f,0.9502f,-0.1255f,0.2219f,0.9266f,0.3068f,0.2177f,0.8583f,0.2454f,-0.0542f,-0.9679f,-0.0244f,0f,0f,0f,1f],start_interpolation: 0,interpolation_duration: 1}
$data merge entity $(bone_finger_right2) {transformation: [0.8243f,-0.296f,-0.4826f,-0.3303f,-0.5196f,-0.0573f,-0.8525f,0.5525f,0.2247f,0.9535f,-0.201f,0.0384f,0f,0f,0f,1f],start_interpolation: 0,interpolation_duration: 1}
$data merge entity $(bone_finger_right) {transformation: [0.2303f,-0.845f,-0.4826f,-0.359f,-0.345f,0.3928f,-0.8525f,0.5956f,0.9099f,0.3628f,-0.201f,-0.0754f,0f,0f,0f,1f],start_interpolation: 0,interpolation_duration: 1}
$data merge entity $(bone_finger_right4) {transformation: [0.8361f,-0.3467f,-0.4252f,-0.3799f,-0.5068f,-0.1911f,-0.8406f,0.4767f,0.2101f,0.9183f,-0.3355f,-0.0184f,0f,0f,0f,1f],start_interpolation: 0,interpolation_duration: 1}
$data merge entity $(bone_finger_right3) {transformation: [0.234f,-0.8743f,-0.4252f,-0.4091f,-0.4601f,0.2857f,-0.8406f,0.5342f,0.8565f,0.3923f,-0.3355f,-0.1254f,0f,0f,0f,1f],start_interpolation: 0,interpolation_duration: 1}
$data merge entity $(bone_thumb_right2) {transformation: [-0.7589f,-0.1659f,-0.6297f,-0.2239f,-0.6411f,0.3596f,0.678f,0.6796f,0.1139f,0.9182f,-0.3793f,-0.0289f,0f,0f,0f,1f],start_interpolation: 0,interpolation_duration: 1}
$data merge entity $(bone_thumb_right) {transformation: [-0.5345f,-0.6822f,-0.4989f,-0.3029f,-0.8153f,0.5717f,0.0916f,0.6656f,0.2227f,0.4557f,-0.8618f,-0.1296f,0f,0f,0f,1f],start_interpolation: 0,interpolation_duration: 1}
$data merge entity $(bone_hand_right) {transformation: [-0.3316f,-0.7777f,-0.534f,-0.2836f,-0.4185f,0.6286f,-0.6556f,0.591f,0.8455f,0.0061f,-0.5339f,-0.2329f,0f,0f,0f,1f],start_interpolation: 0,interpolation_duration: 1}
$data merge entity $(bone_arm_right2) {transformation: [-0.6573f,-0.7505f,-0.0685f,-0.1028f,-0.5563f,0.5446f,-0.6277f,0.7102f,0.5084f,-0.3745f,-0.7754f,-0.4219f,0f,0f,0f,1f],start_interpolation: 0,interpolation_duration: 1}
$data merge entity $(bone_arm_right) {transformation: [-0.168f,-0.7948f,0.5832f,-0.0973f,-0.7592f,0.4817f,0.4377f,0.8726f,-0.6288f,-0.3692f,-0.6843f,-0.222f,0f,0f,0f,1f],start_interpolation: 0,interpolation_duration: 1}
$data merge entity $(bone_torso) {transformation: [-0.8759f,0.1315f,0.4642f,0f,0.0086f,0.9662f,-0.2575f,0.551f,-0.4823f,-0.2216f,-0.8475f,-0.0156f,0f,0f,0f,1f],start_interpolation: 0,interpolation_duration: 1}