# This file was generated by Animated Java via MC-Build. It is not recommended to edit this file directly.
$data merge entity $(bone_eyelid_right) {transformation: [-0.9738f,0.0775f,0.2139f,-0.1172f,0.1992f,0.7447f,0.637f,1.0127f,-0.1099f,0.6629f,-0.7406f,0.212f,0f,0f,0f,1f],start_interpolation: 0,interpolation_duration: 1}
$data merge entity $(bone_eye_right) {transformation: [-0.9738f,0.0775f,0.2139f,-0.1156f,0.1992f,0.7447f,0.637f,1.0176f,-0.1099f,0.6629f,-0.7406f,0.2062f,0f,0f,0f,1f],start_interpolation: 0,interpolation_duration: 1}
$data merge entity $(bone_eyelid_left) {transformation: [-0.9725f,-0.0927f,0.2139f,-0.116f,0.0669f,0.768f,0.637f,0.9991f,-0.2233f,0.6337f,-0.7406f,0.1985f,0f,0f,0f,1f],start_interpolation: 0,interpolation_duration: 1}
$data merge entity $(bone_eye_left) {transformation: [-0.9725f,-0.0927f,0.2139f,0.0981f,0.0669f,0.768f,0.637f,0.9884f,-0.2233f,0.6337f,-0.7406f,0.2428f,0f,0f,0f,1f],start_interpolation: 0,interpolation_duration: 1}
$data merge entity $(bone_mouth_closed) {transformation: [-0.9768f,-0.0076f,0.2139f,0.0091f,0.1335f,0.7592f,0.637f,1.0046f,-0.1672f,0.6508f,-0.7406f,-0.0652f,0f,0f,0f,1f],start_interpolation: 0,interpolation_duration: 1}
$data merge entity $(bone_mouth_open) {transformation: [-0.9768f,-0.0076f,0.2139f,0.0107f,0.1335f,0.7592f,0.637f,0.9848f,-0.1672f,0.6508f,-0.7406f,-0.0902f,0f,0f,0f,1f],start_interpolation: 0,interpolation_duration: 1}
$data merge entity $(bone_head) {transformation: [-0.9768f,-0.0076f,0.2139f,0.0398f,0.1335f,0.7592f,0.637f,0.9767f,-0.1672f,0.6508f,-0.7406f,-0.0804f,0f,0f,0f,1f],start_interpolation: 0,interpolation_duration: 1}
$data merge entity $(bone_neck) {transformation: [-0.9946f,-0.1016f,0.0194f,0.0478f,-0.0954f,0.9738f,0.2062f,0.9006f,-0.0398f,0.2033f,-0.9783f,-0.0962f,0f,0f,0f,1f],start_interpolation: 0,interpolation_duration: 1}
$data merge entity $(bone_finger_left2) {transformation: [0.6568f,0.6885f,-0.3076f,0.4719f,0.7237f,-0.6901f,0.0005f,0.1386f,-0.2119f,-0.223f,-0.9515f,-0.0568f,0f,0f,0f,1f],start_interpolation: 0,interpolation_duration: 1}
$data merge entity $(bone_finger_left) {transformation: [-0.0639f,0.9494f,-0.3076f,0.4639f,0.9977f,0.0673f,0.0005f,0.2633f,0.0212f,-0.3069f,-0.9515f,-0.0541f,0f,0f,0f,1f],start_interpolation: 0,interpolation_duration: 1}
$data merge entity $(bone_finger_left4) {transformation: [0.9212f,0.2418f,-0.3048f,0.3842f,0.2891f,-0.9497f,0.1205f,0.1492f,-0.2604f,-0.1991f,-0.9448f,-0.1415f,0f,0f,0f,1f],start_interpolation: 0,interpolation_duration: 1}
$data merge entity $(bone_finger_left3) {transformation: [0.4069f,0.8611f,-0.3048f,0.435f,0.9133f,-0.389f,0.1205f,0.2633f,-0.0148f,-0.3275f,-0.9448f,-0.1433f,0f,0f,0f,1f],start_interpolation: 0,interpolation_duration: 1}
$data merge entity $(bone_thumb_left2) {transformation: [-0.8008f,0.2883f,0.525f,0.3699f,0.4706f,-0.2396f,0.8492f,0.2641f,0.3706f,0.9271f,0.0562f,0.0843f,0f,0f,0f,1f],start_interpolation: 0,interpolation_duration: 1}
$data merge entity $(bone_thumb_left) {transformation: [-0.8008f,0.5483f,0.241f,0.425f,0.4706f,0.3269f,0.8196f,0.3518f,0.3706f,0.7697f,-0.5198f,0.0078f,0f,0f,0f,1f],start_interpolation: 0,interpolation_duration: 1}
$data merge entity $(bone_hand_left) {transformation: [-0.0952f,0.9467f,-0.3076f,0.3754f,0.995f,0.1002f,0.0005f,0.4125f,0.0313f,-0.306f,-0.9515f,-0.0747f,0f,0f,0f,1f],start_interpolation: 0,interpolation_duration: 1}
$data merge entity $(bone_arm_left2) {transformation: [-0.3401f,0.9376f,-0.0731f,0.2858f,0.9394f,0.3352f,-0.0715f,0.6429f,-0.0426f,-0.093f,-0.9948f,-0.1475f,0f,0f,0f,1f],start_interpolation: 0,interpolation_duration: 1}
$data merge entity $(bone_arm_left) {transformation: [-0.2856f,0.95f,-0.1265f,0.2224f,0.9259f,0.3075f,0.2192f,0.8607f,0.2472f,-0.0545f,-0.9674f,-0.0253f,0f,0f,0f,1f],start_interpolation: 0,interpolation_duration: 1}
$data merge entity $(bone_finger_right2) {transformation: [0.823f,-0.301f,-0.4818f,-0.3324f,-0.5205f,-0.0596f,-0.8518f,0.5531f,0.2277f,0.9518f,-0.2057f,0.0363f,0f,0f,0f,1f],start_interpolation: 0,interpolation_duration: 1}
$data merge entity $(bone_finger_right) {transformation: [0.2255f,-0.8468f,-0.4818f,-0.3606f,-0.3473f,0.3922f,-0.8518f,0.5966f,0.9102f,0.3594f,-0.2057f,-0.0775f,0f,0f,0f,1f],start_interpolation: 0,interpolation_duration: 1}
$data merge entity $(bone_finger_right4) {transformation: [0.8348f,-0.3515f,-0.4237f,-0.3818f,-0.5076f,-0.1933f,-0.8396f,0.4775f,0.2132f,0.916f,-0.3398f,-0.0209f,0f,0f,0f,1f],start_interpolation: 0,interpolation_duration: 1}
$data merge entity $(bone_finger_right3) {transformation: [0.2294f,-0.8763f,-0.4237f,-0.4105f,-0.4624f,0.285f,-0.8396f,0.5352f,0.8565f,0.3885f,-0.3398f,-0.1279f,0f,0f,0f,1f],start_interpolation: 0,interpolation_duration: 1}
$data merge entity $(bone_thumb_right2) {transformation: [-0.7597f,-0.1706f,-0.6275f,-0.2257f,-0.6412f,0.3574f,0.6791f,0.6804f,0.1084f,0.9183f,-0.3809f,-0.03f,0f,0f,0f,1f],start_interpolation: 0,interpolation_duration: 1}
$data merge entity $(bone_thumb_right) {transformation: [-0.5359f,-0.6844f,-0.4944f,-0.3042f,-0.8157f,0.5708f,0.0939f,0.6666f,0.2179f,0.4536f,-0.8641f,-0.1312f,0f,0f,0f,1f],start_interpolation: 0,interpolation_duration: 1}
$data merge entity $(bone_hand_right) {transformation: [-0.3361f,-0.7776f,-0.5314f,-0.2844f,-0.4205f,0.6288f,-0.6541f,0.5923f,0.8427f,0.0036f,-0.5383f,-0.2346f,0f,0f,0f,1f],start_interpolation: 0,interpolation_duration: 1}
$data merge entity $(bone_arm_right2) {transformation: [-0.6601f,-0.7484f,-0.0647f,-0.1026f,-0.5574f,0.5458f,-0.6257f,0.7119f,0.5036f,-0.377f,-0.7774f,-0.4224f,0f,0f,0f,1f],start_interpolation: 0,interpolation_duration: 1}
$data merge entity $(bone_arm_right) {transformation: [-0.1692f,-0.794f,0.5839f,-0.0968f,-0.7607f,0.4819f,0.4349f,0.8749f,-0.6267f,-0.3706f,-0.6856f,-0.2229f,0f,0f,0f,1f],start_interpolation: 0,interpolation_duration: 1}
$data merge entity $(bone_torso) {transformation: [-0.8759f,0.133f,0.4637f,0f,0.0086f,0.9654f,-0.2606f,0.5537f,-0.4823f,-0.2243f,-0.8468f,-0.0156f,0f,0f,0f,1f],start_interpolation: 0,interpolation_duration: 1}