# This file was generated by Animated Java via MC-Build. It is not recommended to edit this file directly.
$data merge entity $(bone_eyelid_right) {transformation: [-0.9738f,0.0756f,0.2146f,-0.1173f,0.1994f,0.7375f,0.6452f,1.0106f,-0.1094f,0.6711f,-0.7333f,0.2111f,0f,0f,0f,1f],start_interpolation: 0,interpolation_duration: 1}
$data merge entity $(bone_eye_right) {transformation: [-0.9738f,0.0756f,0.2146f,-0.1156f,0.1994f,0.7375f,0.6452f,1.0157f,-0.1094f,0.6711f,-0.7333f,0.2053f,0f,0f,0f,1f],start_interpolation: 0,interpolation_duration: 1}
$data merge entity $(bone_eyelid_left) {transformation: [-0.9721f,-0.0946f,0.2146f,-0.1159f,0.0683f,0.761f,0.6452f,0.9972f,-0.2243f,0.6419f,-0.7333f,0.1975f,0f,0f,0f,1f],start_interpolation: 0,interpolation_duration: 1}
$data merge entity $(bone_eye_left) {transformation: [-0.9721f,-0.0946f,0.2146f,0.0981f,0.0683f,0.761f,0.6452f,0.9863f,-0.2243f,0.6419f,-0.7333f,0.242f,0f,0f,0f,1f],start_interpolation: 0,interpolation_duration: 1}
$data merge entity $(bone_mouth_closed) {transformation: [-0.9767f,-0.0095f,0.2146f,0.0096f,0.1344f,0.7521f,0.6452f,1.0057f,-0.1675f,0.659f,-0.7333f,-0.066f,0f,0f,0f,1f],start_interpolation: 0,interpolation_duration: 1}
$data merge entity $(bone_mouth_open) {transformation: [-0.9767f,-0.0095f,0.2146f,0.0112f,0.1344f,0.7521f,0.6452f,0.9862f,-0.1675f,0.659f,-0.7333f,-0.0912f,0f,0f,0f,1f],start_interpolation: 0,interpolation_duration: 1}
$data merge entity $(bone_head) {transformation: [-0.9767f,-0.0095f,0.2146f,0.0404f,0.1344f,0.7521f,0.6452f,0.978f,-0.1675f,0.659f,-0.7333f,-0.0814f,0f,0f,0f,1f],start_interpolation: 0,interpolation_duration: 1}
$data merge entity $(bone_neck) {transformation: [-0.9948f,-0.1003f,0.0196f,0.0482f,-0.0942f,0.9744f,0.2039f,0.9018f,-0.0396f,0.201f,-0.9788f,-0.0971f,0f,0f,0f,1f],start_interpolation: 0,interpolation_duration: 1}
$data merge entity $(bone_finger_left2) {transformation: [0.6448f,0.6994f,-0.3082f,0.4733f,0.7352f,-0.6778f,0f,0.1392f,-0.2089f,-0.2266f,-0.9513f,-0.0571f,0f,0f,0f,1f],start_interpolation: 0,interpolation_duration: 1}
$data merge entity $(bone_finger_left) {transformation: [-0.08f,0.948f,-0.3082f,0.4633f,0.9965f,0.0841f,0f,0.2638f,0.0259f,-0.3071f,-0.9513f,-0.0538f,0f,0f,0f,1f],start_interpolation: 0,interpolation_duration: 1}
$data merge entity $(bone_finger_left4) {transformation: [0.9183f,0.2506f,-0.3065f,0.3846f,0.2985f,-0.9469f,0.1199f,0.1491f,-0.2602f,-0.2016f,-0.9443f,-0.1414f,0f,0f,0f,1f],start_interpolation: 0,interpolation_duration: 1}
$data merge entity $(bone_finger_left3) {transformation: [0.3983f,0.8645f,-0.3065f,0.4344f,0.9172f,-0.38f,0.1199f,0.2638f,-0.0128f,-0.3289f,-0.9443f,-0.143f,0f,0f,0f,1f],start_interpolation: 0,interpolation_duration: 1}
$data merge entity $(bone_thumb_left2) {transformation: [-0.7997f,0.2884f,0.5266f,0.3694f,0.4724f,-0.239f,0.8484f,0.2649f,0.3705f,0.9272f,0.0549f,0.0847f,0f,0f,0f,1f],start_interpolation: 0,interpolation_duration: 1}
$data merge entity $(bone_thumb_left) {transformation: [-0.7997f,0.5493f,0.2422f,0.4246f,0.4724f,0.3268f,0.8185f,0.3525f,0.3705f,0.769f,-0.5209f,0.008f,0f,0f,0f,1f],start_interpolation: 0,interpolation_duration: 1}
$data merge entity $(bone_hand_left) {transformation: [-0.0934f,0.9467f,-0.3082f,0.3751f,0.9952f,0.0982f,0f,0.4131f,0.0302f,-0.3067f,-0.9513f,-0.0745f,0f,0f,0f,1f],start_interpolation: 0,interpolation_duration: 1}
$data merge entity $(bone_arm_left2) {transformation: [-0.3384f,0.9381f,-0.0738f,0.2859f,0.94f,0.3334f,-0.0726f,0.6436f,-0.0435f,-0.0939f,-0.9946f,-0.1475f,0f,0f,0f,1f],start_interpolation: 0,interpolation_duration: 1}
$data merge entity $(bone_arm_left) {transformation: [-0.284f,0.9505f,-0.126f,0.2228f,0.9272f,0.3058f,0.2164f,0.8619f,0.2442f,-0.0553f,-0.9681f,-0.026f,0f,0f,0f,1f],start_interpolation: 0,interpolation_duration: 1}
$data merge entity $(bone_finger_right2) {transformation: [0.822f,-0.3037f,-0.4817f,-0.3336f,-0.5211f,-0.0599f,-0.8514f,0.5537f,0.2297f,0.9509f,-0.2075f,0.0352f,0f,0f,0f,1f],start_interpolation: 0,interpolation_duration: 1}
$data merge entity $(bone_finger_right) {transformation: [0.2227f,-0.8475f,-0.4817f,-0.3615f,-0.348f,0.3925f,-0.8514f,0.5972f,0.9107f,0.3572f,-0.2075f,-0.0786f,0f,0f,0f,1f],start_interpolation: 0,interpolation_duration: 1}
$data merge entity $(bone_finger_right4) {transformation: [0.8339f,-0.3542f,-0.4233f,-0.3829f,-0.5082f,-0.1937f,-0.8392f,0.4781f,0.2153f,0.9149f,-0.3415f,-0.0222f,0f,0f,0f,1f],start_interpolation: 0,interpolation_duration: 1}
$data merge entity $(bone_finger_right3) {transformation: [0.2267f,-0.8772f,-0.4233f,-0.4112f,-0.463f,0.2853f,-0.8392f,0.5359f,0.8569f,0.3862f,-0.3415f,-0.1293f,0f,0f,0f,1f],start_interpolation: 0,interpolation_duration: 1}
$data merge entity $(bone_thumb_right2) {transformation: [-0.7604f,-0.173f,-0.626f,-0.2266f,-0.6408f,0.3569f,0.6797f,0.6809f,0.1059f,0.918f,-0.3823f,-0.0308f,0f,0f,0f,1f],start_interpolation: 0,interpolation_duration: 1}
$data merge entity $(bone_thumb_right) {transformation: [-0.537f,-0.6853f,-0.4919f,-0.3049f,-0.8155f,0.571f,0.0947f,0.6673f,0.2159f,0.452f,-0.8655f,-0.1322f,0f,0f,0f,1f],start_interpolation: 0,interpolation_duration: 1}
$data merge entity $(bone_hand_right) {transformation: [-0.3388f,-0.7772f,-0.5303f,-0.2848f,-0.4208f,0.6293f,-0.6534f,0.593f,0.8415f,0.0018f,-0.5402f,-0.2355f,0f,0f,0f,1f],start_interpolation: 0,interpolation_duration: 1}
$data merge entity $(bone_arm_right2) {transformation: [-0.6619f,-0.7469f,-0.0629f,-0.1024f,-0.5572f,0.5464f,-0.6252f,0.7126f,0.5014f,-0.3788f,-0.7779f,-0.4227f,0f,0f,0f,1f],start_interpolation: 0,interpolation_duration: 1}
$data merge entity $(bone_arm_right) {transformation: [-0.1702f,-0.7934f,0.5844f,-0.0964f,-0.762f,0.482f,0.4325f,0.876f,-0.6249f,-0.3717f,-0.6866f,-0.2236f,0f,0f,0f,1f],start_interpolation: 0,interpolation_duration: 1}
$data merge entity $(bone_torso) {transformation: [-0.8759f,0.1342f,0.4634f,0f,0.0086f,0.9647f,-0.2632f,0.5552f,-0.4823f,-0.2266f,-0.8462f,-0.0156f,0f,0f,0f,1f],start_interpolation: 0,interpolation_duration: 1}