# This file was generated by Animated Java via MC-Build. It is not recommended to edit this file directly.
$data merge entity $(bone_eyelid_right) {transformation: [-0.9737f,0.0748f,0.215f,-0.1172f,0.1997f,0.7342f,0.6489f,1.0098f,-0.1093f,0.6748f,-0.7299f,0.2105f,0f,0f,0f,1f],start_interpolation: 0,interpolation_duration: 1}
$data merge entity $(bone_eye_right) {transformation: [-0.9737f,0.0748f,0.215f,-0.1155f,0.1997f,0.7342f,0.6489f,1.0149f,-0.1093f,0.6748f,-0.7299f,0.2048f,0f,0f,0f,1f],start_interpolation: 0,interpolation_duration: 1}
$data merge entity $(bone_eyelid_left) {transformation: [-0.9719f,-0.0954f,0.215f,-0.1158f,0.0692f,0.7577f,0.6489f,0.9964f,-0.2248f,0.6456f,-0.7299f,0.1969f,0f,0f,0f,1f],start_interpolation: 0,interpolation_duration: 1}
$data merge entity $(bone_eye_left) {transformation: [-0.9719f,-0.0954f,0.215f,0.0981f,0.0692f,0.7577f,0.6489f,0.9853f,-0.2248f,0.6456f,-0.7299f,0.2415f,0f,0f,0f,1f],start_interpolation: 0,interpolation_duration: 1}
$data merge entity $(bone_mouth_closed) {transformation: [-0.9766f,-0.0103f,0.215f,0.0099f,0.1349f,0.7488f,0.6489f,1.0063f,-0.1677f,0.6627f,-0.7299f,-0.0665f,0f,0f,0f,1f],start_interpolation: 0,interpolation_duration: 1}
$data merge entity $(bone_mouth_open) {transformation: [-0.9766f,-0.0103f,0.215f,0.0116f,0.1349f,0.7488f,0.6489f,0.9869f,-0.1677f,0.6627f,-0.7299f,-0.0918f,0f,0f,0f,1f],start_interpolation: 0,interpolation_duration: 1}
$data merge entity $(bone_head) {transformation: [-0.9766f,-0.0103f,0.215f,0.0407f,0.1349f,0.7488f,0.6489f,0.9787f,-0.1677f,0.6627f,-0.7299f,-0.082f,0f,0f,0f,1f],start_interpolation: 0,interpolation_duration: 1}
$data merge entity $(bone_neck) {transformation: [-0.9948f,-0.0995f,0.0198f,0.0485f,-0.0935f,0.9748f,0.2025f,0.9025f,-0.0394f,0.1996f,-0.9791f,-0.0976f,0f,0f,0f,1f],start_interpolation: 0,interpolation_duration: 1}
$data merge entity $(bone_finger_left2) {transformation: [0.6393f,0.7044f,-0.3084f,0.4738f,0.7403f,-0.6722f,-0.0008f,0.1395f,-0.2079f,-0.2278f,-0.9513f,-0.0567f,0f,0f,0f,1f],start_interpolation: 0,interpolation_duration: 1}
$data merge entity $(bone_finger_left) {transformation: [-0.0875f,0.9472f,-0.3084f,0.4628f,0.9958f,0.0917f,-0.0008f,0.2639f,0.0275f,-0.3072f,-0.9513f,-0.0533f,0f,0f,0f,1f],start_interpolation: 0,interpolation_duration: 1}
$data merge entity $(bone_finger_left4) {transformation: [0.9168f,0.255f,-0.3073f,0.3847f,0.3029f,-0.9455f,0.1191f,0.149f,-0.2602f,-0.2023f,-0.9441f,-0.1409f,0f,0f,0f,1f],start_interpolation: 0,interpolation_duration: 1}
$data merge entity $(bone_finger_left3) {transformation: [0.394f,0.8662f,-0.3073f,0.4339f,0.919f,-0.3757f,0.1191f,0.2638f,-0.0123f,-0.3294f,-0.9441f,-0.1425f,0f,0f,0f,1f],start_interpolation: 0,interpolation_duration: 1}
$data merge entity $(bone_thumb_left2) {transformation: [-0.799f,0.2883f,0.5277f,0.3689f,0.4739f,-0.2382f,0.8478f,0.2654f,0.3701f,0.9274f,0.0537f,0.0852f,0f,0f,0f,1f],start_interpolation: 0,interpolation_duration: 1}
$data merge entity $(bone_thumb_left) {transformation: [-0.799f,0.5499f,0.2431f,0.4243f,0.4739f,0.3271f,0.8176f,0.3528f,0.3701f,0.7685f,-0.522f,0.0084f,0f,0f,0f,1f],start_interpolation: 0,interpolation_duration: 1}
$data merge entity $(bone_hand_left) {transformation: [-0.0921f,0.9468f,-0.3084f,0.3748f,0.9953f,0.0965f,-0.0008f,0.4134f,0.029f,-0.307f,-0.9513f,-0.0742f,0f,0f,0f,1f],start_interpolation: 0,interpolation_duration: 1}
$data merge entity $(bone_arm_left2) {transformation: [-0.3372f,0.9385f,-0.0741f,0.2859f,0.9404f,0.3321f,-0.0737f,0.6439f,-0.0446f,-0.0946f,-0.9945f,-0.1475f,0f,0f,0f,1f],start_interpolation: 0,interpolation_duration: 1}
$data merge entity $(bone_arm_left) {transformation: [-0.2829f,0.9509f,-0.1256f,0.223f,0.9281f,0.3044f,0.2143f,0.8625f,0.242f,-0.0559f,-0.9687f,-0.0264f,0f,0f,0f,1f],start_interpolation: 0,interpolation_duration: 1}
$data merge entity $(bone_finger_right2) {transformation: [0.8214f,-0.3052f,-0.4817f,-0.3343f,-0.5215f,-0.06f,-0.8512f,0.554f,0.2309f,0.9504f,-0.2084f,0.0346f,0f,0f,0f,1f],start_interpolation: 0,interpolation_duration: 1}
$data merge entity $(bone_finger_right) {transformation: [0.2212f,-0.8479f,-0.4817f,-0.3619f,-0.3482f,0.3927f,-0.8512f,0.5975f,0.9109f,0.356f,-0.2084f,-0.0793f,0f,0f,0f,1f],start_interpolation: 0,interpolation_duration: 1}
$data merge entity $(bone_finger_right4) {transformation: [0.8334f,-0.3557f,-0.4231f,-0.3835f,-0.5086f,-0.1937f,-0.839f,0.4784f,0.2165f,0.9143f,-0.3423f,-0.0229f,0f,0f,0f,1f],start_interpolation: 0,interpolation_duration: 1}
$data merge entity $(bone_finger_right3) {transformation: [0.2252f,-0.8777f,-0.4231f,-0.4116f,-0.4633f,0.2856f,-0.839f,0.5363f,0.8571f,0.3849f,-0.3423f,-0.13f,0f,0f,0f,1f],start_interpolation: 0,interpolation_duration: 1}
$data merge entity $(bone_thumb_right2) {transformation: [-0.7608f,-0.1743f,-0.6251f,-0.2271f,-0.6405f,0.3568f,0.68f,0.6812f,0.1046f,0.9178f,-0.3831f,-0.0312f,0f,0f,0f,1f],start_interpolation: 0,interpolation_duration: 1}
$data merge entity $(bone_thumb_right) {transformation: [-0.5376f,-0.6858f,-0.4905f,-0.3052f,-0.8153f,0.5711f,0.0951f,0.6676f,0.2149f,0.4511f,-0.8662f,-0.1327f,0f,0f,0f,1f],start_interpolation: 0,interpolation_duration: 1}
$data merge entity $(bone_hand_right) {transformation: [-0.3403f,-0.7769f,-0.5297f,-0.2851f,-0.4208f,0.6296f,-0.6531f,0.5933f,0.8409f,0.0007f,-0.5412f,-0.2361f,0f,0f,0f,1f],start_interpolation: 0,interpolation_duration: 1}
$data merge entity $(bone_arm_right2) {transformation: [-0.6629f,-0.7461f,-0.0619f,-0.1023f,-0.5571f,0.5468f,-0.625f,0.7129f,0.5002f,-0.3799f,-0.7781f,-0.423f,0f,0f,0f,1f],start_interpolation: 0,interpolation_duration: 1}
$data merge entity $(bone_arm_right) {transformation: [-0.1708f,-0.793f,0.5847f,-0.0961f,-0.7627f,0.4821f,0.4311f,0.8766f,-0.6238f,-0.3724f,-0.6872f,-0.2241f,0f,0f,0f,1f],start_interpolation: 0,interpolation_duration: 1}
$data merge entity $(bone_torso) {transformation: [-0.8759f,0.135f,0.4631f,0f,0.0086f,0.9643f,-0.2648f,0.556f,-0.4823f,-0.228f,-0.8458f,-0.0156f,0f,0f,0f,1f],start_interpolation: 0,interpolation_duration: 1}