# This file was generated by Animated Java via MC-Build. It is not recommended to edit this file directly.
$data merge entity $(bone_eyelid_right) {transformation: [-0.9736f,0.0735f,0.216f,-0.1169f,0.2004f,0.7281f,0.6555f,1.0086f,-0.1091f,0.6815f,-0.7236f,0.2091f,0f,0f,0f,1f],start_interpolation: 0,interpolation_duration: 1}
$data merge entity $(bone_eye_right) {transformation: [-0.9736f,0.0735f,0.216f,-0.1152f,0.2004f,0.7281f,0.6555f,1.0137f,-0.1091f,0.6815f,-0.7236f,0.2035f,0f,0f,0f,1f],start_interpolation: 0,interpolation_duration: 1}
$data merge entity $(bone_eyelid_left) {transformation: [-0.9716f,-0.0967f,0.216f,-0.1156f,0.0709f,0.7518f,0.6555f,0.9953f,-0.2258f,0.6522f,-0.7236f,0.1954f,0f,0f,0f,1f],start_interpolation: 0,interpolation_duration: 1}
$data merge entity $(bone_eye_left) {transformation: [-0.9716f,-0.0967f,0.216f,0.0983f,0.0709f,0.7518f,0.6555f,0.9839f,-0.2258f,0.6522f,-0.7236f,0.2402f,0f,0f,0f,1f],start_interpolation: 0,interpolation_duration: 1}
$data merge entity $(bone_mouth_closed) {transformation: [-0.9763f,-0.0117f,0.216f,0.0106f,0.1361f,0.7428f,0.6555f,1.0076f,-0.1681f,0.6694f,-0.7236f,-0.0677f,0f,0f,0f,1f],start_interpolation: 0,interpolation_duration: 1}
$data merge entity $(bone_mouth_open) {transformation: [-0.9763f,-0.0117f,0.216f,0.0123f,0.1361f,0.7428f,0.6555f,0.9885f,-0.1681f,0.6694f,-0.7236f,-0.0931f,0f,0f,0f,1f],start_interpolation: 0,interpolation_duration: 1}
$data merge entity $(bone_head) {transformation: [-0.9763f,-0.0117f,0.216f,0.0415f,0.1361f,0.7428f,0.6555f,0.9801f,-0.1681f,0.6694f,-0.7236f,-0.0833f,0f,0f,0f,1f],start_interpolation: 0,interpolation_duration: 1}
$data merge entity $(bone_neck) {transformation: [-0.995f,-0.0978f,0.0201f,0.0491f,-0.0918f,0.9756f,0.1993f,0.9039f,-0.0391f,0.1964f,-0.9797f,-0.0987f,0f,0f,0f,1f],start_interpolation: 0,interpolation_duration: 1}
$data merge entity $(bone_finger_left2) {transformation: [0.6292f,0.7133f,-0.3087f,0.4741f,0.7492f,-0.6623f,-0.0034f,0.1398f,-0.2069f,-0.2291f,-0.9511f,-0.0552f,0f,0f,0f,1f],start_interpolation: 0,interpolation_duration: 1}
$data merge entity $(bone_finger_left) {transformation: [-0.1009f,0.9458f,-0.3087f,0.4615f,0.9945f,0.1049f,-0.0034f,0.2641f,0.0291f,-0.3074f,-0.9511f,-0.0515f,0f,0f,0f,1f],start_interpolation: 0,interpolation_duration: 1}
$data merge entity $(bone_finger_left4) {transformation: [0.9139f,0.2636f,-0.3087f,0.3844f,0.3113f,-0.9431f,0.1165f,0.1484f,-0.2605f,-0.2026f,-0.944f,-0.1392f,0f,0f,0f,1f],start_interpolation: 0,interpolation_duration: 1}
$data merge entity $(bone_finger_left3) {transformation: [0.3855f,0.8695f,-0.3087f,0.4326f,0.9226f,-0.3677f,0.1165f,0.2638f,-0.0122f,-0.3298f,-0.944f,-0.1407f,0f,0f,0f,1f],start_interpolation: 0,interpolation_duration: 1}
$data merge entity $(bone_thumb_left2) {transformation: [-0.7973f,0.2878f,0.5305f,0.3676f,0.478f,-0.2356f,0.8462f,0.2664f,0.3685f,0.9283f,0.0503f,0.087f,0f,0f,0f,1f],start_interpolation: 0,interpolation_duration: 1}
$data merge entity $(bone_thumb_left) {transformation: [-0.7973f,0.5513f,0.2457f,0.4233f,0.478f,0.3282f,0.8147f,0.3533f,0.3685f,0.767f,-0.5252f,0.0098f,0f,0f,0f,1f],start_interpolation: 0,interpolation_duration: 1}
$data merge entity $(bone_hand_left) {transformation: [-0.0888f,0.947f,-0.3087f,0.374f,0.9957f,0.0922f,-0.0034f,0.4137f,0.0252f,-0.3077f,-0.9511f,-0.0729f,0f,0f,0f,1f],start_interpolation: 0,interpolation_duration: 1}
$data merge entity $(bone_arm_left2) {transformation: [-0.3341f,0.9396f,-0.0747f,0.2858f,0.9413f,0.3286f,-0.0773f,0.6442f,-0.0481f,-0.0961f,-0.9942f,-0.1471f,0f,0f,0f,1f],start_interpolation: 0,interpolation_duration: 1}
$data merge entity $(bone_arm_left) {transformation: [-0.2801f,0.9519f,-0.1244f,0.2235f,0.9305f,0.3011f,0.2088f,0.8638f,0.2362f,-0.0573f,-0.97f,-0.0274f,0f,0f,0f,1f],start_interpolation: 0,interpolation_duration: 1}
$data merge entity $(bone_finger_right2) {transformation: [0.8202f,-0.3084f,-0.4819f,-0.3357f,-0.5223f,-0.0599f,-0.8507f,0.5548f,0.2335f,0.9494f,-0.2102f,0.0333f,0f,0f,0f,1f],start_interpolation: 0,interpolation_duration: 1}
$data merge entity $(bone_finger_right) {transformation: [0.2178f,-0.8487f,-0.4819f,-0.3629f,-0.3486f,0.3935f,-0.8507f,0.5983f,0.9116f,0.3532f,-0.2102f,-0.0807f,0f,0f,0f,1f],start_interpolation: 0,interpolation_duration: 1}
$data merge entity $(bone_finger_right4) {transformation: [0.8322f,-0.3589f,-0.4227f,-0.3848f,-0.5094f,-0.1935f,-0.8385f,0.4792f,0.2191f,0.9131f,-0.3438f,-0.0244f,0f,0f,0f,1f],start_interpolation: 0,interpolation_duration: 1}
$data merge entity $(bone_finger_right3) {transformation: [0.2218f,-0.8787f,-0.4227f,-0.4125f,-0.4636f,0.2864f,-0.8385f,0.5372f,0.8578f,0.382f,-0.3438f,-0.1316f,0f,0f,0f,1f],start_interpolation: 0,interpolation_duration: 1}
$data merge entity $(bone_thumb_right2) {transformation: [-0.7618f,-0.177f,-0.6232f,-0.2282f,-0.6398f,0.3569f,0.6807f,0.6819f,0.1019f,0.9172f,-0.3851f,-0.0321f,0f,0f,0f,1f],start_interpolation: 0,interpolation_duration: 1}
$data merge entity $(bone_thumb_right) {transformation: [-0.5391f,-0.6868f,-0.4875f,-0.306f,-0.8148f,0.5717f,0.0957f,0.6684f,0.213f,0.4489f,-0.8678f,-0.1339f,0f,0f,0f,1f],start_interpolation: 0,interpolation_duration: 1}
$data merge entity $(bone_hand_right) {transformation: [-0.3435f,-0.7763f,-0.5285f,-0.2855f,-0.4206f,0.6303f,-0.6525f,0.5941f,0.8397f,-0.0018f,-0.543f,-0.2372f,0f,0f,0f,1f],start_interpolation: 0,interpolation_duration: 1}
$data merge entity $(bone_arm_right2) {transformation: [-0.6651f,-0.7443f,-0.0599f,-0.102f,-0.5565f,0.5476f,-0.6249f,0.7135f,0.4979f,-0.3822f,-0.7784f,-0.4235f,0f,0f,0f,1f],start_interpolation: 0,interpolation_duration: 1}
$data merge entity $(bone_arm_right) {transformation: [-0.1722f,-0.7922f,0.5855f,-0.0956f,-0.7644f,0.4823f,0.4278f,0.8779f,-0.6213f,-0.3739f,-0.6886f,-0.2251f,0f,0f,0f,1f],start_interpolation: 0,interpolation_duration: 1}
$data merge entity $(bone_torso) {transformation: [-0.8759f,0.1367f,0.4626f,0f,0.0086f,0.9633f,-0.2684f,0.5577f,-0.4823f,-0.2311f,-0.8449f,-0.0156f,0f,0f,0f,1f],start_interpolation: 0,interpolation_duration: 1}