# This file was generated by Animated Java via MC-Build. It is not recommended to edit this file directly.
$data merge entity $(bone_eyelid_right) {transformation: [-0.9735f,0.0729f,0.2166f,-0.1167f,0.2008f,0.7254f,0.6584f,1.0082f,-0.1091f,0.6845f,-0.7208f,0.2083f,0f,0f,0f,1f],start_interpolation: 0,interpolation_duration: 1}
$data merge entity $(bone_eye_right) {transformation: [-0.9735f,0.0729f,0.2166f,-0.115f,0.2008f,0.7254f,0.6584f,1.0133f,-0.1091f,0.6845f,-0.7208f,0.2027f,0f,0f,0f,1f],start_interpolation: 0,interpolation_duration: 1}
$data merge entity $(bone_eyelid_left) {transformation: [-0.9714f,-0.0972f,0.2166f,-0.1154f,0.0718f,0.7492f,0.6584f,0.995f,-0.2263f,0.6551f,-0.7208f,0.1945f,0f,0f,0f,1f],start_interpolation: 0,interpolation_duration: 1}
$data merge entity $(bone_eye_left) {transformation: [-0.9714f,-0.0972f,0.2166f,0.0985f,0.0718f,0.7492f,0.6584f,0.9834f,-0.2263f,0.6551f,-0.7208f,0.2395f,0f,0f,0f,1f],start_interpolation: 0,interpolation_duration: 1}
$data merge entity $(bone_mouth_closed) {transformation: [-0.9762f,-0.0122f,0.2166f,0.011f,0.1368f,0.7401f,0.6584f,1.0083f,-0.1683f,0.6724f,-0.7208f,-0.0684f,0f,0f,0f,1f],start_interpolation: 0,interpolation_duration: 1}
$data merge entity $(bone_mouth_open) {transformation: [-0.9762f,-0.0122f,0.2166f,0.0128f,0.1368f,0.7401f,0.6584f,0.9893f,-0.1683f,0.6724f,-0.7208f,-0.0939f,0f,0f,0f,1f],start_interpolation: 0,interpolation_duration: 1}
$data merge entity $(bone_head) {transformation: [-0.9762f,-0.0122f,0.2166f,0.0419f,0.1368f,0.7401f,0.6584f,0.9809f,-0.1683f,0.6724f,-0.7208f,-0.0841f,0f,0f,0f,1f],start_interpolation: 0,interpolation_duration: 1}
$data merge entity $(bone_neck) {transformation: [-0.9951f,-0.0968f,0.0203f,0.0495f,-0.0909f,0.9761f,0.1974f,0.9046f,-0.0389f,0.1946f,-0.9801f,-0.0993f,0f,0f,0f,1f],start_interpolation: 0,interpolation_duration: 1}
$data merge entity $(bone_finger_left2) {transformation: [0.6247f,0.7172f,-0.3088f,0.474f,0.753f,-0.658f,-0.0052f,0.1398f,-0.2069f,-0.2293f,-0.9511f,-0.054f,0f,0f,0f,1f],start_interpolation: 0,interpolation_duration: 1}
$data merge entity $(bone_finger_left) {transformation: [-0.1068f,0.9451f,-0.3088f,0.4607f,0.9939f,0.1106f,-0.0052f,0.2641f,0.0293f,-0.3075f,-0.9511f,-0.0504f,0f,0f,0f,1f],start_interpolation: 0,interpolation_duration: 1}
$data merge entity $(bone_finger_left4) {transformation: [0.9125f,0.2677f,-0.3094f,0.3841f,0.3153f,-0.942f,0.1148f,0.1481f,-0.2607f,-0.2023f,-0.944f,-0.1379f,0f,0f,0f,1f],start_interpolation: 0,interpolation_duration: 1}
$data merge entity $(bone_finger_left3) {transformation: [0.3814f,0.8711f,-0.3094f,0.4317f,0.9243f,-0.364f,0.1148f,0.2636f,-0.0126f,-0.3298f,-0.944f,-0.1395f,0f,0f,0f,1f],start_interpolation: 0,interpolation_duration: 1}
$data merge entity $(bone_thumb_left2) {transformation: [-0.7963f,0.2875f,0.5322f,0.3669f,0.4805f,-0.2339f,0.8453f,0.2669f,0.3675f,0.9288f,0.0481f,0.0882f,0f,0f,0f,1f],start_interpolation: 0,interpolation_duration: 1}
$data merge entity $(bone_thumb_left) {transformation: [-0.7963f,0.552f,0.2472f,0.4226f,0.4805f,0.329f,0.813f,0.3535f,0.3675f,0.7662f,-0.5272f,0.0108f,0f,0f,0f,1f],start_interpolation: 0,interpolation_duration: 1}
$data merge entity $(bone_hand_left) {transformation: [-0.0868f,0.9471f,-0.3088f,0.3735f,0.996f,0.0896f,-0.0052f,0.4139f,0.0228f,-0.308f,-0.9511f,-0.0721f,0f,0f,0f,1f],start_interpolation: 0,interpolation_duration: 1}
$data merge entity $(bone_arm_left2) {transformation: [-0.3323f,0.9402f,-0.075f,0.2857f,0.9418f,0.3265f,-0.0796f,0.6443f,-0.0504f,-0.0971f,-0.994f,-0.1468f,0f,0f,0f,1f],start_interpolation: 0,interpolation_duration: 1}
$data merge entity $(bone_arm_left) {transformation: [-0.2783f,0.9525f,-0.1237f,0.2239f,0.9319f,0.299f,0.2054f,0.8645f,0.2327f,-0.0581f,-0.9708f,-0.028f,0f,0f,0f,1f],start_interpolation: 0,interpolation_duration: 1}
$data merge entity $(bone_finger_right2) {transformation: [0.8195f,-0.3101f,-0.482f,-0.3365f,-0.5228f,-0.0597f,-0.8504f,0.5552f,0.235f,0.9488f,-0.211f,0.0326f,0f,0f,0f,1f],start_interpolation: 0,interpolation_duration: 1}
$data merge entity $(bone_finger_right) {transformation: [0.216f,-0.8491f,-0.482f,-0.3635f,-0.3487f,0.394f,-0.8504f,0.5988f,0.912f,0.3518f,-0.211f,-0.0814f,0f,0f,0f,1f],start_interpolation: 0,interpolation_duration: 1}
$data merge entity $(bone_finger_right4) {transformation: [0.8315f,-0.3606f,-0.4226f,-0.3854f,-0.5099f,-0.1933f,-0.8383f,0.4797f,0.2206f,0.9125f,-0.3446f,-0.0251f,0f,0f,0f,1f],start_interpolation: 0,interpolation_duration: 1}
$data merge entity $(bone_finger_right3) {transformation: [0.2201f,-0.8792f,-0.4226f,-0.4129f,-0.4637f,0.2869f,-0.8383f,0.5376f,0.8582f,0.3805f,-0.3446f,-0.1324f,0f,0f,0f,1f],start_interpolation: 0,interpolation_duration: 1}
$data merge entity $(bone_thumb_right2) {transformation: [-0.7623f,-0.1784f,-0.6221f,-0.2287f,-0.6393f,0.357f,0.6811f,0.6822f,0.1006f,0.9169f,-0.3862f,-0.0326f,0f,0f,0f,1f],start_interpolation: 0,interpolation_duration: 1}
$data merge entity $(bone_thumb_right) {transformation: [-0.54f,-0.6872f,-0.486f,-0.3063f,-0.8145f,0.5721f,0.096f,0.6688f,0.2121f,0.4477f,-0.8687f,-0.1346f,0f,0f,0f,1f],start_interpolation: 0,interpolation_duration: 1}
$data merge entity $(bone_hand_right) {transformation: [-0.3452f,-0.776f,-0.528f,-0.2858f,-0.4204f,0.6308f,-0.6522f,0.5945f,0.8391f,-0.0032f,-0.5439f,-0.2378f,0f,0f,0f,1f],start_interpolation: 0,interpolation_duration: 1}
$data merge entity $(bone_arm_right2) {transformation: [-0.6663f,-0.7434f,-0.0589f,-0.1019f,-0.5561f,0.548f,-0.6248f,0.7138f,0.4968f,-0.3836f,-0.7785f,-0.4238f,0f,0f,0f,1f],start_interpolation: 0,interpolation_duration: 1}
$data merge entity $(bone_arm_right) {transformation: [-0.173f,-0.7917f,0.5859f,-0.0952f,-0.7654f,0.4824f,0.4259f,0.8785f,-0.6199f,-0.3748f,-0.6894f,-0.2257f,0f,0f,0f,1f],start_interpolation: 0,interpolation_duration: 1}
$data merge entity $(bone_torso) {transformation: [-0.8759f,0.1377f,0.4624f,0f,0.0086f,0.9627f,-0.2704f,0.5586f,-0.4823f,-0.2329f,-0.8445f,-0.0156f,0f,0f,0f,1f],start_interpolation: 0,interpolation_duration: 1}