# This file was generated by Animated Java via MC-Build. It is not recommended to edit this file directly.
$data merge entity $(bone_eyelid_right) {transformation: [-0.9732f,0.0719f,0.2186f,-0.1159f,0.2025f,0.7188f,0.6651f,1.0078f,-0.1093f,0.6915f,-0.7141f,0.2056f,0f,0f,0f,1f],start_interpolation: 0,interpolation_duration: 1}
$data merge entity $(bone_eye_right) {transformation: [-0.9732f,0.0719f,0.2186f,-0.1142f,0.2025f,0.7188f,0.6651f,1.013f,-0.1093f,0.6915f,-0.7141f,0.2f,0f,0f,0f,1f],start_interpolation: 0,interpolation_duration: 1}
$data merge entity $(bone_eyelid_left) {transformation: [-0.9709f,-0.0981f,0.2186f,-0.1145f,0.0746f,0.7431f,0.6651f,0.9947f,-0.2277f,0.662f,-0.7141f,0.1917f,0f,0f,0f,1f],start_interpolation: 0,interpolation_duration: 1}
$data merge entity $(bone_eye_left) {transformation: [-0.9709f,-0.0981f,0.2186f,0.0992f,0.0746f,0.7431f,0.6651f,0.9826f,-0.2277f,0.662f,-0.7141f,0.237f,0f,0f,0f,1f],start_interpolation: 0,interpolation_duration: 1}
$data merge entity $(bone_mouth_closed) {transformation: [-0.9757f,-0.0132f,0.2186f,0.0124f,0.1391f,0.7337f,0.6651f,1.0105f,-0.1691f,0.6793f,-0.7141f,-0.0708f,0f,0f,0f,1f],start_interpolation: 0,interpolation_duration: 1}
$data merge entity $(bone_mouth_open) {transformation: [-0.9757f,-0.0132f,0.2186f,0.0142f,0.1391f,0.7337f,0.6651f,0.9917f,-0.1691f,0.6793f,-0.7141f,-0.0965f,0f,0f,0f,1f],start_interpolation: 0,interpolation_duration: 1}
$data merge entity $(bone_head) {transformation: [-0.9757f,-0.0132f,0.2186f,0.0433f,0.1391f,0.7337f,0.6651f,0.9832f,-0.1691f,0.6793f,-0.7141f,-0.0867f,0f,0f,0f,1f],start_interpolation: 0,interpolation_duration: 1}
$data merge entity $(bone_neck) {transformation: [-0.9954f,-0.0935f,0.0209f,0.0506f,-0.0878f,0.9776f,0.1913f,0.9068f,-0.0383f,0.1886f,-0.9813f,-0.1014f,0f,0f,0f,1f],start_interpolation: 0,interpolation_duration: 1}
$data merge entity $(bone_finger_left2) {transformation: [0.6137f,0.7266f,-0.3091f,0.4729f,0.7615f,-0.6481f,-0.0116f,0.1399f,-0.2088f,-0.2282f,-0.951f,-0.0493f,0f,0f,0f,1f],start_interpolation: 0,interpolation_duration: 1}
$data merge entity $(bone_finger_left) {transformation: [-0.1211f,0.9433f,-0.3091f,0.4578f,0.9923f,0.1236f,-0.0116f,0.2639f,0.0272f,-0.3081f,-0.951f,-0.0459f,0f,0f,0f,1f],start_interpolation: 0,interpolation_duration: 1}
$data merge entity $(bone_finger_left4) {transformation: [0.9083f,0.2795f,-0.3112f,0.3826f,0.3261f,-0.9391f,0.1083f,0.1467f,-0.2619f,-0.1999f,-0.9442f,-0.1332f,0f,0f,0f,1f],start_interpolation: 0,interpolation_duration: 1}
$data merge entity $(bone_finger_left3) {transformation: [0.3697f,0.8755f,-0.3112f,0.4288f,0.929f,-0.3538f,0.1083f,0.2628f,-0.0153f,-0.3291f,-0.9442f,-0.1351f,0f,0f,0f,1f],start_interpolation: 0,interpolation_duration: 1}
$data merge entity $(bone_thumb_left2) {transformation: [-0.7929f,0.2861f,0.538f,0.364f,0.4892f,-0.2274f,0.842f,0.2686f,0.3632f,0.9308f,0.0404f,0.0926f,0f,0f,0f,1f],start_interpolation: 0,interpolation_duration: 1}
$data merge entity $(bone_thumb_left) {transformation: [-0.7929f,0.5545f,0.2527f,0.4204f,0.4892f,0.3321f,0.8065f,0.3541f,0.3632f,0.7631f,-0.5346f,0.0144f,0f,0f,0f,1f],start_interpolation: 0,interpolation_duration: 1}
$data merge entity $(bone_hand_left) {transformation: [-0.08f,0.9477f,-0.3091f,0.3716f,0.9967f,0.0803f,-0.0116f,0.4141f,0.0138f,-0.309f,-0.951f,-0.0691f,0f,0f,0f,1f],start_interpolation: 0,interpolation_duration: 1}
$data merge entity $(bone_arm_left2) {transformation: [-0.3258f,0.9424f,-0.0758f,0.2854f,0.9436f,0.3191f,-0.088f,0.6445f,-0.0588f,-0.1002f,-0.9932f,-0.1458f,0f,0f,0f,1f],start_interpolation: 0,interpolation_duration: 1}
$data merge entity $(bone_arm_left) {transformation: [-0.2724f,0.9545f,-0.1213f,0.2249f,0.9366f,0.2919f,0.1938f,0.8665f,0.2204f,-0.0609f,-0.9735f,-0.0299f,0f,0f,0f,1f],start_interpolation: 0,interpolation_duration: 1}
$data merge entity $(bone_finger_right2) {transformation: [0.8171f,-0.3154f,-0.4825f,-0.3388f,-0.5243f,-0.0586f,-0.8495f,0.5566f,0.2397f,0.9471f,-0.2132f,0.0304f,0f,0f,0f,1f],start_interpolation: 0,interpolation_duration: 1}
$data merge entity $(bone_finger_right) {transformation: [0.2103f,-0.8503f,-0.4825f,-0.3651f,-0.3487f,0.3959f,-0.8495f,0.6002f,0.9133f,0.3469f,-0.2132f,-0.0837f,0f,0f,0f,1f],start_interpolation: 0,interpolation_duration: 1}
$data merge entity $(bone_finger_right4) {transformation: [0.8292f,-0.366f,-0.4224f,-0.3876f,-0.5114f,-0.1921f,-0.8376f,0.4811f,0.2254f,0.9106f,-0.3465f,-0.0275f,0f,0f,0f,1f],start_interpolation: 0,interpolation_duration: 1}
$data merge entity $(bone_finger_right3) {transformation: [0.2144f,-0.8807f,-0.4224f,-0.4144f,-0.4637f,0.2888f,-0.8376f,0.5391f,0.8596f,0.3755f,-0.3465f,-0.135f,0f,0f,0f,1f],start_interpolation: 0,interpolation_duration: 1}
$data merge entity $(bone_thumb_right2) {transformation: [-0.7641f,-0.1827f,-0.6186f,-0.2304f,-0.6378f,0.3578f,0.6821f,0.6834f,0.0967f,0.9158f,-0.3899f,-0.0342f,0f,0f,0f,1f],start_interpolation: 0,interpolation_duration: 1}
$data merge entity $(bone_thumb_right) {transformation: [-0.5427f,-0.6885f,-0.481f,-0.3075f,-0.8134f,0.5737f,0.0965f,0.67f,0.2095f,0.4436f,-0.8714f,-0.1366f,0f,0f,0f,1f],start_interpolation: 0,interpolation_duration: 1}
$data merge entity $(bone_hand_right) {transformation: [-0.3506f,-0.7747f,-0.5263f,-0.2865f,-0.4193f,0.6323f,-0.6514f,0.5956f,0.8374f,-0.0077f,-0.5465f,-0.2397f,0f,0f,0f,1f],start_interpolation: 0,interpolation_duration: 1}
$data merge entity $(bone_arm_right2) {transformation: [-0.6701f,-0.7402f,-0.0559f,-0.1014f,-0.5546f,0.5493f,-0.6251f,0.7145f,0.4934f,-0.3879f,-0.7785f,-0.4247f,0f,0f,0f,1f],start_interpolation: 0,interpolation_duration: 1}
$data merge entity $(bone_arm_right) {transformation: [-0.1756f,-0.7901f,0.5873f,-0.0942f,-0.7686f,0.4828f,0.4197f,0.8804f,-0.6151f,-0.3777f,-0.6921f,-0.2277f,0f,0f,0f,1f],start_interpolation: 0,interpolation_duration: 1}
$data merge entity $(bone_torso) {transformation: [-0.8759f,0.1409f,0.4614f,0f,0.0086f,0.9608f,-0.2771f,0.5615f,-0.4823f,-0.2388f,-0.8428f,-0.0156f,0f,0f,0f,1f],start_interpolation: 0,interpolation_duration: 1}