# This file was generated by Animated Java via MC-Build. It is not recommended to edit this file directly.
$data merge entity $(bone_eyelid_right) {transformation: [-0.972f,0.0729f,0.2234f,-0.1134f,0.2072f,0.714f,0.6687f,1.011f,-0.1107f,0.6963f,-0.7092f,0.1994f,0f,0f,0f,1f],start_interpolation: 0,interpolation_duration: 1}
$data merge entity $(bone_eye_right) {transformation: [-0.972f,0.0729f,0.2234f,-0.1117f,0.2072f,0.714f,0.6687f,1.0162f,-0.1107f,0.6963f,-0.7092f,0.1939f,0f,0f,0f,1f],start_interpolation: 0,interpolation_duration: 1}
$data merge entity $(bone_eyelid_left) {transformation: [-0.9699f,-0.097f,0.2234f,-0.112f,0.0801f,0.7392f,0.6687f,0.998f,-0.2299f,0.6665f,-0.7092f,0.1854f,0f,0f,0f,1f],start_interpolation: 0,interpolation_duration: 1}
$data merge entity $(bone_eye_left) {transformation: [-0.9699f,-0.097f,0.2234f,0.1015f,0.0801f,0.7392f,0.6687f,0.9846f,-0.2299f,0.6665f,-0.7092f,0.2313f,0f,0f,0f,1f],start_interpolation: 0,interpolation_duration: 1}
$data merge entity $(bone_mouth_closed) {transformation: [-0.9747f,-0.0121f,0.2234f,0.0157f,0.1442f,0.7294f,0.6687f,1.0149f,-0.171f,0.684f,-0.7092f,-0.0766f,0f,0f,0f,1f],start_interpolation: 0,interpolation_duration: 1}
$data merge entity $(bone_mouth_open) {transformation: [-0.9747f,-0.0121f,0.2234f,0.0175f,0.1442f,0.7294f,0.6687f,0.9962f,-0.171f,0.684f,-0.7092f,-0.1024f,0f,0f,0f,1f],start_interpolation: 0,interpolation_duration: 1}
$data merge entity $(bone_head) {transformation: [-0.9747f,-0.0121f,0.2234f,0.0466f,0.1442f,0.7294f,0.6687f,0.9876f,-0.171f,0.684f,-0.7092f,-0.0926f,0f,0f,0f,1f],start_interpolation: 0,interpolation_duration: 1}
$data merge entity $(bone_neck) {transformation: [-0.9961f,-0.0859f,0.0222f,0.0533f,-0.0806f,0.9808f,0.1774f,0.9109f,-0.037f,0.1749f,-0.9839f,-0.1063f,0f,0f,0f,1f],start_interpolation: 0,interpolation_duration: 1}
$data merge entity $(bone_finger_left2) {transformation: [0.6034f,0.7349f,-0.3097f,0.4684f,0.7672f,-0.6408f,-0.0259f,0.1395f,-0.2175f,-0.222f,-0.9505f,-0.0386f,0f,0f,0f,1f],start_interpolation: 0,interpolation_duration: 1}
$data merge entity $(bone_finger_left) {transformation: [-0.1342f,0.9413f,-0.3097f,0.4516f,0.9908f,0.1327f,-0.0259f,0.2633f,0.0167f,-0.3103f,-0.9505f,-0.0365f,0f,0f,0f,1f],start_interpolation: 0,interpolation_duration: 1}
$data merge entity $(bone_finger_left4) {transformation: [0.9007f,0.2999f,-0.3144f,0.3789f,0.3439f,-0.9343f,0.094f,0.1438f,-0.2655f,-0.1928f,-0.9446f,-0.1227f,0f,0f,0f,1f],start_interpolation: 0,interpolation_duration: 1}
$data merge entity $(bone_finger_left3) {transformation: [0.3493f,0.8827f,-0.3144f,0.4226f,0.9367f,-0.3371f,0.094f,0.2609f,-0.023f,-0.3273f,-0.9446f,-0.1256f,0f,0f,0f,1f],start_interpolation: 0,interpolation_duration: 1}
$data merge entity $(bone_thumb_left2) {transformation: [-0.7855f,0.2831f,0.5503f,0.358f,0.5079f,-0.2132f,0.8346f,0.2721f,0.3536f,0.9351f,0.0236f,0.1019f,0f,0f,0f,1f],start_interpolation: 0,interpolation_duration: 1}
$data merge entity $(bone_thumb_left) {transformation: [-0.7855f,0.5596f,0.2642f,0.4156f,0.5079f,0.3389f,0.7919f,0.3553f,0.3536f,0.7562f,-0.5505f,0.0221f,0f,0f,0f,1f],start_interpolation: 0,interpolation_duration: 1}
$data merge entity $(bone_hand_left) {transformation: [-0.0653f,0.9486f,-0.3097f,0.3676f,0.9978f,0.0602f,-0.0259f,0.4143f,-0.0059f,-0.3107f,-0.9505f,-0.0626f,0f,0f,0f,1f],start_interpolation: 0,interpolation_duration: 1}
$data merge entity $(bone_arm_left2) {transformation: [-0.3119f,0.9469f,-0.0775f,0.2848f,0.947f,0.3032f,-0.1065f,0.6443f,-0.0774f,-0.1066f,-0.9913f,-0.1439f,0f,0f,0f,1f],start_interpolation: 0,interpolation_duration: 1}
$data merge entity $(bone_arm_left) {transformation: [-0.2594f,0.9587f,-0.1166f,0.2272f,0.9461f,0.2765f,0.1688f,0.8703f,0.194f,-0.0665f,-0.9787f,-0.0342f,0f,0f,0f,1f],start_interpolation: 0,interpolation_duration: 1}
$data merge entity $(bone_finger_right2) {transformation: [0.8119f,-0.3261f,-0.4842f,-0.3434f,-0.5275f,-0.0544f,-0.8478f,0.5598f,0.2501f,0.9438f,-0.2162f,0.0261f,0f,0f,0f,1f],start_interpolation: 0,interpolation_duration: 1}
$data merge entity $(bone_finger_right) {transformation: [0.1985f,-0.8521f,-0.4842f,-0.3682f,-0.3471f,0.4009f,-0.8478f,0.6032f,0.9166f,0.3364f,-0.2162f,-0.0884f,0f,0f,0f,1f],start_interpolation: 0,interpolation_duration: 1}
$data merge entity $(bone_finger_right4) {transformation: [0.8242f,-0.3769f,-0.4226f,-0.392f,-0.5147f,-0.1878f,-0.8365f,0.4844f,0.2359f,0.907f,-0.3488f,-0.0321f,0f,0f,0f,1f],start_interpolation: 0,interpolation_duration: 1}
$data merge entity $(bone_finger_right3) {transformation: [0.2027f,-0.8834f,-0.4226f,-0.4173f,-0.4623f,0.294f,-0.8365f,0.5422f,0.8632f,0.365f,-0.3488f,-0.14f,0f,0f,0f,1f],start_interpolation: 0,interpolation_duration: 1}
$data merge entity $(bone_thumb_right2) {transformation: [-0.7682f,-0.191f,-0.611f,-0.2338f,-0.6338f,0.3612f,0.684f,0.6859f,0.09f,0.9127f,-0.3986f,-0.0377f,0f,0f,0f,1f],start_interpolation: 0,interpolation_duration: 1}
$data merge entity $(bone_thumb_right) {transformation: [-0.5489f,-0.6906f,-0.4709f,-0.3098f,-0.8102f,0.5782f,0.0964f,0.6726f,0.2057f,0.4344f,-0.8769f,-0.1409f,0f,0f,0f,1f],start_interpolation: 0,interpolation_duration: 1}
$data merge entity $(bone_hand_right) {transformation: [-0.3618f,-0.7715f,-0.5233f,-0.288f,-0.4153f,0.636f,-0.6504f,0.5978f,0.8346f,-0.018f,-0.5505f,-0.2435f,0f,0f,0f,1f],start_interpolation: 0,interpolation_duration: 1}
$data merge entity $(bone_arm_right2) {transformation: [-0.6782f,-0.7332f,-0.0503f,-0.1003f,-0.55f,0.5517f,-0.627f,0.7153f,0.4875f,-0.3975f,-0.7774f,-0.4268f,0f,0f,0f,1f],start_interpolation: 0,interpolation_duration: 1}
$data merge entity $(bone_arm_right) {transformation: [-0.1816f,-0.7864f,0.5904f,-0.0918f,-0.7758f,0.4835f,0.4054f,0.8839f,-0.6043f,-0.3844f,-0.6979f,-0.2321f,0f,0f,0f,1f],start_interpolation: 0,interpolation_duration: 1}
$data merge entity $(bone_torso) {transformation: [-0.8759f,0.1483f,0.4591f,0f,0.0086f,0.9562f,-0.2925f,0.5673f,-0.4823f,-0.2523f,-0.8389f,-0.0156f,0f,0f,0f,1f],start_interpolation: 0,interpolation_duration: 1}