# This file was generated by Animated Java via MC-Build. It is not recommended to edit this file directly.
$data merge entity $(bone_eyelid_right) {transformation: [-0.9691f,0.1088f,0.2215f,-0.1058f,0.2149f,0.813f,0.5411f,1.0523f,-0.1212f,0.572f,-0.8112f,0.1965f,0f,0f,0f,1f],start_interpolation: 0,interpolation_duration: 1}
$data merge entity $(bone_eye_right) {transformation: [-0.9691f,0.1088f,0.2215f,-0.104f,0.2149f,0.813f,0.5411f,1.0565f,-0.1212f,0.572f,-0.8112f,0.1902f,0f,0f,0f,1f],start_interpolation: 0,interpolation_duration: 1}
$data merge entity $(bone_eyelid_left) {transformation: [-0.9732f,-0.0612f,0.2215f,-0.1051f,0.0705f,0.838f,0.5411f,1.0372f,-0.2187f,0.5423f,-0.8112f,0.1847f,0f,0f,0f,1f],start_interpolation: 0,interpolation_duration: 1}
$data merge entity $(bone_eye_left) {transformation: [-0.9732f,-0.0612f,0.2215f,0.1092f,0.0705f,0.838f,0.5411f,1.0251f,-0.2187f,0.5423f,-0.8112f,0.2275f,0f,0f,0f,1f],start_interpolation: 0,interpolation_duration: 1}
$data merge entity $(bone_mouth_closed) {transformation: [-0.9749f,0.0239f,0.2215f,0.0162f,0.1433f,0.8286f,0.5411f,1.0086f,-0.1706f,0.5593f,-0.8112f,-0.0793f,0f,0f,0f,1f],start_interpolation: 0,interpolation_duration: 1}
$data merge entity $(bone_mouth_open) {transformation: [-0.9749f,0.0239f,0.2215f,0.0169f,0.1433f,0.8286f,0.5411f,0.9861f,-0.1706f,0.5593f,-0.8112f,-0.1019f,0f,0f,0f,1f],start_interpolation: 0,interpolation_duration: 1}
$data merge entity $(bone_head) {transformation: [-0.9749f,0.0239f,0.2215f,0.046f,0.1433f,0.8286f,0.5411f,0.9783f,-0.1706f,0.5593f,-0.8112f,-0.0915f,0f,0f,0f,1f],start_interpolation: 0,interpolation_duration: 1}
$data merge entity $(bone_neck) {transformation: [-0.9959f,-0.0873f,0.0219f,0.0528f,-0.082f,0.9802f,0.1801f,0.9017f,-0.0372f,0.1775f,-0.9834f,-0.1054f,0f,0f,0f,1f],start_interpolation: 0,interpolation_duration: 1}
$data merge entity $(bone_finger_left2) {transformation: [0.7565f,0.5782f,-0.3057f,0.4413f,0.5976f,-0.801f,-0.0361f,0.1317f,-0.2657f,-0.1554f,-0.9515f,-0.0237f,0f,0f,0f,1f],start_interpolation: 0,interpolation_duration: 1}
$data merge entity $(bone_finger_left) {transformation: [0.0848f,0.9484f,-0.3057f,0.4519f,0.9943f,-0.1006f,-0.0361f,0.256f,-0.065f,-0.3009f,-0.9515f,-0.0318f,0f,0f,0f,1f],start_interpolation: 0,interpolation_duration: 1}
$data merge entity $(bone_finger_left4) {transformation: [0.9286f,0.2185f,-0.3f,0.3696f,0.2539f,-0.9636f,0.0839f,0.1399f,-0.2707f,-0.1541f,-0.9503f,-0.114f,0f,0f,0f,1f],start_interpolation: 0,interpolation_duration: 1}
$data merge entity $(bone_finger_left3) {transformation: [0.4295f,0.8518f,-0.3f,0.4233f,0.9013f,-0.4249f,0.0839f,0.2526f,-0.056f,-0.3064f,-0.9503f,-0.121f,0f,0f,0f,1f],start_interpolation: 0,interpolation_duration: 1}
$data merge entity $(bone_thumb_left2) {transformation: [-0.7881f,0.2797f,0.5483f,0.3577f,0.5096f,-0.2032f,0.8361f,0.266f,0.3453f,0.9383f,0.0176f,0.1062f,0f,0f,0f,1f],start_interpolation: 0,interpolation_duration: 1}
$data merge entity $(bone_thumb_left) {transformation: [-0.7881f,0.5557f,0.2647f,0.4154f,0.5096f,0.3478f,0.787f,0.3484f,0.3453f,0.7551f,-0.5573f,0.0257f,0f,0f,0f,1f],start_interpolation: 0,interpolation_duration: 1}
$data merge entity $(bone_hand_left) {transformation: [-0.0675f,0.9497f,-0.3057f,0.3677f,0.9976f,0.0593f,-0.0361f,0.4065f,-0.0162f,-0.3074f,-0.9515f,-0.0597f,0f,0f,0f,1f],start_interpolation: 0,interpolation_duration: 1}
$data merge entity $(bone_arm_left2) {transformation: [-0.3137f,0.9467f,-0.0732f,0.2847f,0.9454f,0.3043f,-0.1166f,0.6355f,-0.0882f,-0.1057f,-0.9905f,-0.1436f,0f,0f,0f,1f],start_interpolation: 0,interpolation_duration: 1}
$data merge entity $(bone_arm_left) {transformation: [-0.2608f,0.9583f,-0.1168f,0.2268f,0.9452f,0.2781f,0.1712f,0.8611f,0.1965f,-0.0658f,-0.9783f,-0.0334f,0f,0f,0f,1f],start_interpolation: 0,interpolation_duration: 1}
$data merge entity $(bone_finger_right2) {transformation: [0.8146f,-0.3088f,-0.491f,-0.3357f,-0.5264f,-0.0382f,-0.8494f,0.5593f,0.2435f,0.9504f,-0.1937f,0.0334f,0f,0f,0f,1f],start_interpolation: 0,interpolation_duration: 1}
$data merge entity $(bone_finger_right) {transformation: [0.2143f,-0.8444f,-0.491f,-0.3625f,-0.3332f,0.4093f,-0.8494f,0.6009f,0.9182f,0.3457f,-0.1937f,-0.0814f,0f,0f,0f,1f],start_interpolation: 0,interpolation_duration: 1}
$data merge entity $(bone_finger_right4) {transformation: [0.8268f,-0.3607f,-0.4317f,-0.3856f,-0.5139f,-0.172f,-0.8404f,0.4832f,0.2289f,0.9167f,-0.3275f,-0.0228f,0f,0f,0f,1f],start_interpolation: 0,interpolation_duration: 1}
$data merge entity $(bone_finger_right3) {transformation: [0.2172f,-0.8755f,-0.4317f,-0.4127f,-0.4493f,0.303f,-0.8404f,0.5393f,0.8666f,0.3765f,-0.3275f,-0.1311f,0f,0f,0f,1f],start_interpolation: 0,interpolation_duration: 1}
$data merge entity $(bone_thumb_right2) {transformation: [-0.7685f,-0.1729f,-0.616f,-0.2268f,-0.6295f,0.3764f,0.6797f,0.6839f,0.1143f,0.9102f,-0.3981f,-0.0345f,0f,0f,0f,1f],start_interpolation: 0,interpolation_duration: 1}
$data merge entity $(bone_thumb_right) {transformation: [-0.5477f,-0.6805f,-0.4867f,-0.3048f,-0.8048f,0.5876f,0.0841f,0.6693f,0.2287f,0.4378f,-0.8695f,-0.136f,0f,0f,0f,1f],start_interpolation: 0,interpolation_duration: 1}
$data merge entity $(bone_hand_right) {transformation: [-0.3477f,-0.7696f,-0.5356f,-0.2852f,-0.4006f,0.6384f,-0.6572f,0.5928f,0.8477f,-0.0139f,-0.5303f,-0.2379f,0f,0f,0f,1f],start_interpolation: 0,interpolation_duration: 1}
$data merge entity $(bone_arm_right2) {transformation: [-0.6708f,-0.7386f,-0.0668f,-0.1005f,-0.5397f,0.548f,-0.6391f,0.7067f,0.5086f,-0.3927f,-0.7662f,-0.4264f,0f,0f,0f,1f],start_interpolation: 0,interpolation_duration: 1}
$data merge entity $(bone_arm_right) {transformation: [-0.1805f,-0.7871f,0.5898f,-0.0922f,-0.7744f,0.4834f,0.4081f,0.8748f,-0.6064f,-0.3831f,-0.6968f,-0.2313f,0f,0f,0f,1f],start_interpolation: 0,interpolation_duration: 1}
$data merge entity $(bone_torso) {transformation: [-0.8759f,0.1469f,0.4595f,0f,0.0086f,0.9571f,-0.2896f,0.5577f,-0.4823f,-0.2497f,-0.8396f,-0.0156f,0f,0f,0f,1f],start_interpolation: 0,interpolation_duration: 1}