# This file was generated by Animated Java via MC-Build. It is not recommended to edit this file directly.
$data merge entity $(bone_eyelid_right) {transformation: [-0.97f,0.0802f,0.2297f,-0.109f,0.2147f,0.7258f,0.6535f,1.0218f,-0.1143f,0.6832f,-0.7212f,0.1915f,0f,0f,0f,1f],start_interpolation: 0,interpolation_duration: 1}
$data merge entity $(bone_eye_right) {transformation: [-0.97f,0.0802f,0.2297f,-0.1072f,0.2147f,0.7258f,0.6535f,1.0269f,-0.1143f,0.6832f,-0.7212f,0.1859f,0f,0f,0f,1f],start_interpolation: 0,interpolation_duration: 1}
$data merge entity $(bone_eyelid_left) {transformation: [-0.9691f,-0.0895f,0.2297f,-0.1077f,0.0855f,0.7521f,0.6535f,1.0086f,-0.2312f,0.653f,-0.7212f,0.1778f,0f,0f,0f,1f],start_interpolation: 0,interpolation_duration: 1}
$data merge entity $(bone_eye_left) {transformation: [-0.9691f,-0.0895f,0.2297f,0.1057f,0.0855f,0.7521f,0.6535f,0.9939f,-0.2312f,0.653f,-0.7212f,0.2238f,0f,0f,0f,1f],start_interpolation: 0,interpolation_duration: 1}
$data merge entity $(bone_mouth_closed) {transformation: [-0.9733f,-0.0047f,0.2297f,0.0201f,0.1507f,0.7418f,0.6535f,1.0194f,-0.1734f,0.6706f,-0.7212f,-0.0845f,0f,0f,0f,1f],start_interpolation: 0,interpolation_duration: 1}
$data merge entity $(bone_mouth_open) {transformation: [-0.9733f,-0.0047f,0.2297f,0.0217f,0.1507f,0.7418f,0.6535f,1.0003f,-0.1734f,0.6706f,-0.7212f,-0.11f,0f,0f,0f,1f],start_interpolation: 0,interpolation_duration: 1}
$data merge entity $(bone_head) {transformation: [-0.9733f,-0.0047f,0.2297f,0.0506f,0.1507f,0.7418f,0.6535f,0.9915f,-0.1734f,0.6706f,-0.7212f,-0.1f,0f,0f,0f,1f],start_interpolation: 0,interpolation_duration: 1}
$data merge entity $(bone_neck) {transformation: [-0.9968f,-0.0763f,0.0236f,0.0566f,-0.0715f,0.9846f,0.1597f,0.9146f,-0.0354f,0.1575f,-0.9869f,-0.1124f,0f,0f,0f,1f],start_interpolation: 0,interpolation_duration: 1}
$data merge entity $(bone_finger_left2) {transformation: [0.6122f,0.7265f,-0.3121f,0.4631f,0.7569f,-0.6526f,-0.0344f,0.1392f,-0.2286f,-0.2152f,-0.9494f,-0.0332f,0f,0f,0f,1f],start_interpolation: 0,interpolation_duration: 1}
$data merge entity $(bone_finger_left) {transformation: [-0.122f,0.9422f,-0.3121f,0.4479f,0.9925f,0.1171f,-0.0344f,0.2632f,0.0042f,-0.3139f,-0.9494f,-0.0327f,0f,0f,0f,1f],start_interpolation: 0,interpolation_duration: 1}
$data merge entity $(bone_finger_left4) {transformation: [0.8925f,0.3187f,-0.3193f,0.3774f,0.3621f,-0.9282f,0.0854f,0.142f,-0.2691f,-0.1918f,-0.9438f,-0.1184f,0f,0f,0f,1f],start_interpolation: 0,interpolation_duration: 1}
$data merge entity $(bone_finger_left3) {transformation: [0.3295f,0.8885f,-0.3193f,0.4186f,0.9438f,-0.3193f,0.0854f,0.26f,-0.026f,-0.3295f,-0.9438f,-0.1217f,0f,0f,0f,1f],start_interpolation: 0,interpolation_duration: 1}
$data merge entity $(bone_thumb_left2) {transformation: [-0.7787f,0.2827f,0.56f,0.3546f,0.5215f,-0.2045f,0.8284f,0.2749f,0.3488f,0.9371f,0.0118f,0.1058f,0f,0f,0f,1f],start_interpolation: 0,interpolation_duration: 1}
$data merge entity $(bone_thumb_left) {transformation: [-0.7787f,0.5652f,0.2722f,0.413f,0.5215f,0.342f,0.7817f,0.3563f,0.3488f,0.7507f,-0.5611f,0.0248f,0f,0f,0f,1f],start_interpolation: 0,interpolation_duration: 1}
$data merge entity $(bone_hand_left) {transformation: [-0.0537f,0.9485f,-0.3121f,0.3656f,0.9984f,0.0452f,-0.0344f,0.4148f,-0.0185f,-0.3134f,-0.9494f,-0.0605f,0f,0f,0f,1f],start_interpolation: 0,interpolation_duration: 1}
$data merge entity $(bone_arm_left2) {transformation: [-0.3011f,0.9502f,-0.081f,0.2852f,0.9495f,0.2908f,-0.1182f,0.6448f,-0.0888f,-0.1125f,-0.9897f,-0.1445f,0f,0f,0f,1f],start_interpolation: 0,interpolation_duration: 1}
$data merge entity $(bone_arm_left) {transformation: [-0.2489f,0.9617f,-0.1145f,0.2302f,0.9527f,0.2644f,0.1499f,0.8736f,0.1744f,-0.0718f,-0.9821f,-0.0396f,0f,0f,0f,1f],start_interpolation: 0,interpolation_duration: 1}
$data merge entity $(bone_finger_right2) {transformation: [0.8055f,-0.337f,-0.4874f,-0.3482f,-0.5312f,-0.0463f,-0.846f,0.5638f,0.2626f,0.9404f,-0.2163f,0.0218f,0f,0f,0f,1f],start_interpolation: 0,interpolation_duration: 1}
$data merge entity $(bone_finger_right) {transformation: [0.186f,-0.8532f,-0.4874f,-0.3714f,-0.3426f,0.4086f,-0.846f,0.6066f,0.9209f,0.3243f,-0.2163f,-0.0933f,0f,0f,0f,1f],start_interpolation: 0,interpolation_duration: 1}
$data merge entity $(bone_finger_right4) {transformation: [0.8181f,-0.3883f,-0.4242f,-0.3965f,-0.5186f,-0.1795f,-0.8359f,0.4884f,0.2484f,0.9039f,-0.3483f,-0.0366f,0f,0f,0f,1f],start_interpolation: 0,interpolation_duration: 1}
$data merge entity $(bone_finger_right3) {transformation: [0.19f,-0.8854f,-0.4242f,-0.4203f,-0.4582f,0.3022f,-0.8359f,0.5457f,0.8683f,0.3531f,-0.3483f,-0.1451f,0f,0f,0f,1f],start_interpolation: 0,interpolation_duration: 1}
$data merge entity $(bone_thumb_right2) {transformation: [-0.7734f,-0.1988f,-0.602f,-0.237f,-0.6282f,0.3683f,0.6854f,0.6888f,0.0854f,0.9082f,-0.4097f,-0.0416f,0f,0f,0f,1f],start_interpolation: 0,interpolation_duration: 1}
$data merge entity $(bone_thumb_right) {transformation: [-0.5566f,-0.6916f,-0.4604f,-0.3119f,-0.8052f,0.5855f,0.0939f,0.6753f,0.2046f,0.423f,-0.8827f,-0.1455f,0f,0f,0f,1f],start_interpolation: 0,interpolation_duration: 1}
$data merge entity $(bone_hand_right) {transformation: [-0.3739f,-0.767f,-0.5214f,-0.2895f,-0.4076f,0.6409f,-0.6505f,0.5998f,0.8331f,-0.0307f,-0.5522f,-0.2475f,0f,0f,0f,1f],start_interpolation: 0,interpolation_duration: 1}
$data merge entity $(bone_arm_right2) {transformation: [-0.6872f,-0.725f,-0.0458f,-0.0989f,-0.5424f,0.554f,-0.6316f,0.7148f,0.4833f,-0.4092f,-0.7739f,-0.4293f,0f,0f,0f,1f],start_interpolation: 0,interpolation_duration: 1}
$data merge entity $(bone_arm_right) {transformation: [-0.1894f,-0.7818f,0.5941f,-0.0887f,-0.7845f,0.4843f,0.3872f,0.8868f,-0.5905f,-0.3928f,-0.705f,-0.2377f,0f,0f,0f,1f],start_interpolation: 0,interpolation_duration: 1}
$data merge entity $(bone_torso) {transformation: [-0.8759f,0.1575f,0.456f,0f,0.0086f,0.9501f,-0.3117f,0.5732f,-0.4823f,-0.2692f,-0.8336f,-0.0156f,0f,0f,0f,1f],start_interpolation: 0,interpolation_duration: 1}