# This file was generated by Animated Java via MC-Build. It is not recommended to edit this file directly.
$data merge entity $(bone_eyelid_right) {transformation: [-0.9694f,0.0828f,0.2309f,-0.1079f,0.2165f,0.7315f,0.6465f,1.0253f,-0.1154f,0.6768f,-0.7271f,0.1899f,0f,0f,0f,1f],start_interpolation: 0,interpolation_duration: 1}
$data merge entity $(bone_eye_right) {transformation: [-0.9694f,0.0828f,0.2309f,-0.1061f,0.2165f,0.7315f,0.6465f,1.0303f,-0.1154f,0.6768f,-0.7271f,0.1843f,0f,0f,0f,1f],start_interpolation: 0,interpolation_duration: 1}
$data merge entity $(bone_eyelid_left) {transformation: [-0.9691f,-0.0868f,0.2309f,-0.1067f,0.0862f,0.758f,0.6465f,1.0119f,-0.2311f,0.6465f,-0.7271f,0.1763f,0f,0f,0f,1f],start_interpolation: 0,interpolation_duration: 1}
$data merge entity $(bone_eye_left) {transformation: [-0.9691f,-0.0868f,0.2309f,0.1068f,0.0862f,0.758f,0.6465f,0.9971f,-0.2311f,0.6465f,-0.7271f,0.2223f,0f,0f,0f,1f],start_interpolation: 0,interpolation_duration: 1}
$data merge entity $(bone_mouth_closed) {transformation: [-0.973f,-0.002f,0.2309f,0.021f,0.1519f,0.7476f,0.6465f,1.0201f,-0.1739f,0.6642f,-0.7271f,-0.0862f,0f,0f,0f,1f],start_interpolation: 0,interpolation_duration: 1}
$data merge entity $(bone_mouth_open) {transformation: [-0.973f,-0.002f,0.2309f,0.0225f,0.1519f,0.7476f,0.6465f,1.0008f,-0.1739f,0.6642f,-0.7271f,-0.1115f,0f,0f,0f,1f],start_interpolation: 0,interpolation_duration: 1}
$data merge entity $(bone_head) {transformation: [-0.973f,-0.002f,0.2309f,0.0515f,0.1519f,0.7476f,0.6465f,0.992f,-0.1739f,0.6642f,-0.7271f,-0.1015f,0f,0f,0f,1f],start_interpolation: 0,interpolation_duration: 1}
$data merge entity $(bone_neck) {transformation: [-0.9969f,-0.0744f,0.0239f,0.0573f,-0.0697f,0.9853f,0.1562f,0.915f,-0.0352f,0.1541f,-0.9874f,-0.1136f,0f,0f,0f,1f],start_interpolation: 0,interpolation_duration: 1}
$data merge entity $(bone_finger_left2) {transformation: [0.6179f,0.7213f,-0.3129f,0.4624f,0.7517f,-0.6586f,-0.0337f,0.1391f,-0.2304f,-0.2144f,-0.9492f,-0.0343f,0f,0f,0f,1f],start_interpolation: 0,interpolation_duration: 1}
$data merge entity $(bone_finger_left) {transformation: [-0.1143f,0.9429f,-0.3129f,0.4481f,0.9934f,0.1093f,-0.0337f,0.2633f,0.0024f,-0.3147f,-0.9492f,-0.034f,0f,0f,0f,1f],start_interpolation: 0,interpolation_duration: 1}
$data merge entity $(bone_finger_left4) {transformation: [0.891f,0.3215f,-0.3205f,0.378f,0.3654f,-0.9269f,0.0861f,0.1421f,-0.2694f,-0.1938f,-0.9433f,-0.1199f,0f,0f,0f,1f],start_interpolation: 0,interpolation_duration: 1}
$data merge entity $(bone_finger_left3) {transformation: [0.3265f,0.8892f,-0.3205f,0.4188f,0.9449f,-0.3159f,0.0861f,0.2602f,-0.0247f,-0.331f,-0.9433f,-0.123f,0f,0f,0f,1f],start_interpolation: 0,interpolation_duration: 1}
$data merge entity $(bone_thumb_left2) {transformation: [-0.7781f,0.2834f,0.5606f,0.355f,0.5218f,-0.2052f,0.828f,0.275f,0.3497f,0.9368f,0.0118f,0.1046f,0f,0f,0f,1f],start_interpolation: 0,interpolation_duration: 1}
$data merge entity $(bone_thumb_left) {transformation: [-0.7781f,0.5661f,0.2722f,0.4134f,0.5218f,0.3412f,0.7818f,0.3564f,0.3497f,0.7504f,-0.5609f,0.0236f,0f,0f,0f,1f],start_interpolation: 0,interpolation_duration: 1}
$data merge entity $(bone_hand_left) {transformation: [-0.0531f,0.9483f,-0.3129f,0.3659f,0.9984f,0.0448f,-0.0337f,0.415f,-0.0179f,-0.3142f,-0.9492f,-0.0616f,0f,0f,0f,1f],start_interpolation: 0,interpolation_duration: 1}
$data merge entity $(bone_arm_left2) {transformation: [-0.3005f,0.9502f,-0.0819f,0.2856f,0.9497f,0.2902f,-0.1177f,0.645f,-0.088f,-0.1132f,-0.9897f,-0.1455f,0f,0f,0f,1f],start_interpolation: 0,interpolation_duration: 1}
$data merge entity $(bone_arm_left) {transformation: [-0.2483f,0.9618f,-0.1149f,0.2307f,0.9529f,0.2638f,0.1493f,0.8739f,0.1739f,-0.0725f,-0.9821f,-0.0406f,0f,0f,0f,1f],start_interpolation: 0,interpolation_duration: 1}
$data merge entity $(bone_finger_right2) {transformation: [0.8043f,-0.3387f,-0.4882f,-0.3489f,-0.5319f,-0.0441f,-0.8457f,0.5646f,0.2649f,0.9399f,-0.2156f,0.0211f,0f,0f,0f,1f],start_interpolation: 0,interpolation_duration: 1}
$data merge entity $(bone_finger_right) {transformation: [0.1839f,-0.8531f,-0.4882f,-0.3719f,-0.3412f,0.4104f,-0.8457f,0.6073f,0.9218f,0.3221f,-0.2156f,-0.0941f,0f,0f,0f,1f],start_interpolation: 0,interpolation_duration: 1}
$data merge entity $(bone_finger_right4) {transformation: [0.8169f,-0.3901f,-0.4248f,-0.3973f,-0.5193f,-0.1774f,-0.836f,0.4892f,0.2508f,0.9035f,-0.3475f,-0.0371f,0f,0f,0f,1f],start_interpolation: 0,interpolation_duration: 1}
$data merge entity $(bone_finger_right3) {transformation: [0.1879f,-0.8856f,-0.4248f,-0.4208f,-0.4569f,0.3041f,-0.836f,0.5463f,0.8695f,0.3511f,-0.3475f,-0.1458f,0f,0f,0f,1f],start_interpolation: 0,interpolation_duration: 1}
$data merge entity $(bone_thumb_right2) {transformation: [-0.7744f,-0.1999f,-0.6003f,-0.2374f,-0.6269f,0.3702f,0.6855f,0.6893f,0.0852f,0.9072f,-0.412f,-0.0423f,0f,0f,0f,1f],start_interpolation: 0,interpolation_duration: 1}
$data merge entity $(bone_thumb_right) {transformation: [-0.5581f,-0.6915f,-0.4588f,-0.3122f,-0.804f,0.5873f,0.093f,0.6758f,0.2051f,0.4207f,-0.8837f,-0.1463f,0f,0f,0f,1f],start_interpolation: 0,interpolation_duration: 1}
$data merge entity $(bone_hand_right) {transformation: [-0.3759f,-0.766f,-0.5214f,-0.2897f,-0.4055f,0.6419f,-0.6507f,0.6f,0.8332f,-0.0331f,-0.552f,-0.2481f,0f,0f,0f,1f],start_interpolation: 0,interpolation_duration: 1}
$data merge entity $(bone_arm_right2) {transformation: [-0.6888f,-0.7235f,-0.0454f,-0.0987f,-0.5405f,0.5543f,-0.6329f,0.7145f,0.4831f,-0.4115f,-0.7729f,-0.4298f,0f,0f,0f,1f],start_interpolation: 0,interpolation_duration: 1}
$data merge entity $(bone_arm_right) {transformation: [-0.1909f,-0.7808f,0.5948f,-0.0881f,-0.7862f,0.4844f,0.3836f,0.887f,-0.5877f,-0.3945f,-0.7064f,-0.2388f,0f,0f,0f,1f],start_interpolation: 0,interpolation_duration: 1}
$data merge entity $(bone_torso) {transformation: [-0.8759f,0.1593f,0.4553f,0f,0.0086f,0.9489f,-0.3155f,0.574f,-0.4823f,-0.2725f,-0.8325f,-0.0156f,0f,0f,0f,1f],start_interpolation: 0,interpolation_duration: 1}