# This file was generated by Animated Java via MC-Build. It is not recommended to edit this file directly.
$data merge entity $(bone_eyelid_right) {transformation: [-0.9689f,0.0857f,0.232f,-0.1068f,0.2182f,0.738f,0.6386f,1.0289f,-0.1164f,0.6693f,-0.7338f,0.1885f,0f,0f,0f,1f],start_interpolation: 0,interpolation_duration: 1}
$data merge entity $(bone_eye_right) {transformation: [-0.9689f,0.0857f,0.232f,-0.1049f,0.2182f,0.738f,0.6386f,1.0339f,-0.1164f,0.6693f,-0.7338f,0.1828f,0f,0f,0f,1f],start_interpolation: 0,interpolation_duration: 1}
$data merge entity $(bone_eyelid_left) {transformation: [-0.9691f,-0.0838f,0.232f,-0.1056f,0.0867f,0.7647f,0.6386f,1.0154f,-0.2309f,0.6389f,-0.7338f,0.175f,0f,0f,0f,1f],start_interpolation: 0,interpolation_duration: 1}
$data merge entity $(bone_eye_left) {transformation: [-0.9691f,-0.0838f,0.232f,0.1078f,0.0867f,0.7647f,0.6386f,1.0004f,-0.2309f,0.6389f,-0.7338f,0.2209f,0f,0f,0f,1f],start_interpolation: 0,interpolation_duration: 1}
$data merge entity $(bone_mouth_closed) {transformation: [-0.9727f,0.001f,0.232f,0.0218f,0.153f,0.7542f,0.6386f,1.0206f,-0.1743f,0.6566f,-0.7338f,-0.0877f,0f,0f,0f,1f],start_interpolation: 0,interpolation_duration: 1}
$data merge entity $(bone_mouth_open) {transformation: [-0.9727f,0.001f,0.232f,0.0232f,0.153f,0.7542f,0.6386f,1.0011f,-0.1743f,0.6566f,-0.7338f,-0.1128f,0f,0f,0f,1f],start_interpolation: 0,interpolation_duration: 1}
$data merge entity $(bone_head) {transformation: [-0.9727f,0.001f,0.232f,0.0521f,0.153f,0.7542f,0.6386f,0.9923f,-0.1743f,0.6566f,-0.7338f,-0.1028f,0f,0f,0f,1f],start_interpolation: 0,interpolation_duration: 1}
$data merge entity $(bone_neck) {transformation: [-0.9971f,-0.0728f,0.0241f,0.0578f,-0.0682f,0.9858f,0.1533f,0.9153f,-0.0349f,0.1512f,-0.9879f,-0.1146f,0f,0f,0f,1f],start_interpolation: 0,interpolation_duration: 1}
$data merge entity $(bone_finger_left2) {transformation: [0.6248f,0.7149f,-0.3139f,0.4619f,0.7455f,-0.6657f,-0.032f,0.1391f,-0.2318f,-0.214f,-0.9489f,-0.0361f,0f,0f,0f,1f],start_interpolation: 0,interpolation_duration: 1}
$data merge entity $(bone_finger_left) {transformation: [-0.1049f,0.9437f,-0.3139f,0.4488f,0.9945f,0.0999f,-0.032f,0.2634f,0.0011f,-0.3155f,-0.9489f,-0.036f,0f,0f,0f,1f],start_interpolation: 0,interpolation_duration: 1}
$data merge entity $(bone_finger_left4) {transformation: [0.89f,0.3231f,-0.3216f,0.3788f,0.3678f,-0.9258f,0.0877f,0.1422f,-0.2694f,-0.1964f,-0.9428f,-0.1221f,0f,0f,0f,1f],start_interpolation: 0,interpolation_duration: 1}
$data merge entity $(bone_finger_left3) {transformation: [0.3245f,0.8895f,-0.3216f,0.4194f,0.9456f,-0.3133f,0.0877f,0.2604f,-0.0228f,-0.3326f,-0.9428f,-0.1249f,0f,0f,0f,1f],start_interpolation: 0,interpolation_duration: 1}
$data merge entity $(bone_thumb_left2) {transformation: [-0.7779f,0.2844f,0.5604f,0.3558f,0.521f,-0.2068f,0.8281f,0.2748f,0.3514f,0.9361f,0.0127f,0.1027f,0f,0f,0f,1f],start_interpolation: 0,interpolation_duration: 1}
$data merge entity $(bone_thumb_left) {transformation: [-0.7779f,0.5668f,0.2715f,0.4141f,0.521f,0.34f,0.7829f,0.3564f,0.3514f,0.7504f,-0.5598f,0.0218f,0f,0f,0f,1f],start_interpolation: 0,interpolation_duration: 1}
$data merge entity $(bone_hand_left) {transformation: [-0.0533f,0.948f,-0.3139f,0.3665f,0.9984f,0.0455f,-0.032f,0.4151f,-0.0161f,-0.3151f,-0.9489f,-0.0633f,0f,0f,0f,1f],start_interpolation: 0,interpolation_duration: 1}
$data merge entity $(bone_arm_left2) {transformation: [-0.3008f,0.9501f,-0.0828f,0.2861f,0.9498f,0.2906f,-0.1159f,0.6453f,-0.086f,-0.1135f,-0.9898f,-0.1466f,0f,0f,0f,1f],start_interpolation: 0,interpolation_duration: 1}
$data merge entity $(bone_arm_left) {transformation: [-0.2484f,0.9617f,-0.1157f,0.2312f,0.9527f,0.2642f,0.1502f,0.8741f,0.175f,-0.0729f,-0.9819f,-0.0415f,0f,0f,0f,1f],start_interpolation: 0,interpolation_duration: 1}
$data merge entity $(bone_finger_right2) {transformation: [0.8033f,-0.3398f,-0.4891f,-0.3494f,-0.5324f,-0.042f,-0.8454f,0.5653f,0.2668f,0.9396f,-0.2147f,0.0207f,0f,0f,0f,1f],start_interpolation: 0,interpolation_duration: 1}
$data merge entity $(bone_finger_right) {transformation: [0.1824f,-0.853f,-0.4891f,-0.3722f,-0.3398f,0.4121f,-0.8454f,0.6078f,0.9226f,0.3204f,-0.2147f,-0.0946f,0f,0f,0f,1f],start_interpolation: 0,interpolation_duration: 1}
$data merge entity $(bone_finger_right4) {transformation: [0.816f,-0.3914f,-0.4255f,-0.3978f,-0.5199f,-0.1752f,-0.836f,0.4898f,0.2526f,0.9034f,-0.3465f,-0.0375f,0f,0f,0f,1f],start_interpolation: 0,interpolation_duration: 1}
$data merge entity $(bone_finger_right3) {transformation: [0.1863f,-0.8856f,-0.4255f,-0.4211f,-0.4555f,0.3058f,-0.836f,0.5467f,0.8705f,0.3495f,-0.3465f,-0.1463f,0f,0f,0f,1f],start_interpolation: 0,interpolation_duration: 1}
$data merge entity $(bone_thumb_right2) {transformation: [-0.7753f,-0.2004f,-0.5989f,-0.2377f,-0.6258f,0.3721f,0.6856f,0.6897f,0.0854f,0.9063f,-0.4139f,-0.0428f,0f,0f,0f,1f],start_interpolation: 0,interpolation_duration: 1}
$data merge entity $(bone_thumb_right) {transformation: [-0.5593f,-0.6912f,-0.4576f,-0.3124f,-0.803f,0.5889f,0.092f,0.6761f,0.2059f,0.4189f,-0.8844f,-0.1469f,0f,0f,0f,1f],start_interpolation: 0,interpolation_duration: 1}
$data merge entity $(bone_hand_right) {transformation: [-0.3774f,-0.7652f,-0.5216f,-0.2898f,-0.4036f,0.6429f,-0.651f,0.6001f,0.8335f,-0.0352f,-0.5514f,-0.2485f,0f,0f,0f,1f],start_interpolation: 0,interpolation_duration: 1}
$data merge entity $(bone_arm_right2) {transformation: [-0.6901f,-0.7223f,-0.0453f,-0.0985f,-0.5388f,0.5545f,-0.6343f,0.714f,0.4833f,-0.4133f,-0.7718f,-0.4302f,0f,0f,0f,1f],start_interpolation: 0,interpolation_duration: 1}
$data merge entity $(bone_arm_right) {transformation: [-0.1922f,-0.7801f,0.5954f,-0.0876f,-0.7877f,0.4845f,0.3805f,0.8871f,-0.5854f,-0.3959f,-0.7076f,-0.2397f,0f,0f,0f,1f],start_interpolation: 0,interpolation_duration: 1}
$data merge entity $(bone_torso) {transformation: [-0.8759f,0.1609f,0.4548f,0f,0.0086f,0.9478f,-0.3187f,0.5747f,-0.4823f,-0.2753f,-0.8316f,-0.0156f,0f,0f,0f,1f],start_interpolation: 0,interpolation_duration: 1}