# This file was generated by Animated Java via MC-Build. It is not recommended to edit this file directly.
$data merge entity $(bone_eyelid_right) {transformation: [-0.9687f,0.0872f,0.2324f,-0.1062f,0.2189f,0.7415f,0.6342f,1.0308f,-0.117f,0.6653f,-0.7374f,0.1879f,0f,0f,0f,1f],start_interpolation: 0,interpolation_duration: 1}
$data merge entity $(bone_eye_right) {transformation: [-0.9687f,0.0872f,0.2324f,-0.1044f,0.2189f,0.7415f,0.6342f,1.0357f,-0.117f,0.6653f,-0.7374f,0.1821f,0f,0f,0f,1f],start_interpolation: 0,interpolation_duration: 1}
$data merge entity $(bone_eyelid_left) {transformation: [-0.9691f,-0.0823f,0.2324f,-0.1051f,0.0868f,0.7682f,0.6342f,1.0172f,-0.2307f,0.6349f,-0.7374f,0.1745f,0f,0f,0f,1f],start_interpolation: 0,interpolation_duration: 1}
$data merge entity $(bone_eye_left) {transformation: [-0.9691f,-0.0823f,0.2324f,0.1084f,0.0868f,0.7682f,0.6342f,1.0022f,-0.2307f,0.6349f,-0.7374f,0.2203f,0f,0f,0f,1f],start_interpolation: 0,interpolation_duration: 1}
$data merge entity $(bone_mouth_closed) {transformation: [-0.9726f,0.0025f,0.2324f,0.0221f,0.1535f,0.7577f,0.6342f,1.0208f,-0.1745f,0.6525f,-0.7374f,-0.0883f,0f,0f,0f,1f],start_interpolation: 0,interpolation_duration: 1}
$data merge entity $(bone_mouth_open) {transformation: [-0.9726f,0.0025f,0.2324f,0.0235f,0.1535f,0.7577f,0.6342f,1.0011f,-0.1745f,0.6525f,-0.7374f,-0.1133f,0f,0f,0f,1f],start_interpolation: 0,interpolation_duration: 1}
$data merge entity $(bone_head) {transformation: [-0.9726f,0.0025f,0.2324f,0.0524f,0.1535f,0.7577f,0.6342f,0.9923f,-0.1745f,0.6525f,-0.7374f,-0.1033f,0f,0f,0f,1f],start_interpolation: 0,interpolation_duration: 1}
$data merge entity $(bone_neck) {transformation: [-0.9971f,-0.0721f,0.0242f,0.058f,-0.0676f,0.9861f,0.152f,0.9153f,-0.0348f,0.15f,-0.9881f,-0.115f,0f,0f,0f,1f],start_interpolation: 0,interpolation_duration: 1}
$data merge entity $(bone_finger_left2) {transformation: [0.6287f,0.7113f,-0.3143f,0.4617f,0.7421f,-0.6696f,-0.031f,0.1391f,-0.2325f,-0.2138f,-0.9488f,-0.0372f,0f,0f,0f,1f],start_interpolation: 0,interpolation_duration: 1}
$data merge entity $(bone_finger_left) {transformation: [-0.0996f,0.9441f,-0.3143f,0.4492f,0.995f,0.0947f,-0.031f,0.2635f,0.0005f,-0.3158f,-0.9488f,-0.0371f,0f,0f,0f,1f],start_interpolation: 0,interpolation_duration: 1}
$data merge entity $(bone_finger_left4) {transformation: [0.8897f,0.3235f,-0.3222f,0.3793f,0.3686f,-0.9253f,0.0888f,0.1424f,-0.2694f,-0.1977f,-0.9425f,-0.1234f,0f,0f,0f,1f],start_interpolation: 0,interpolation_duration: 1}
$data merge entity $(bone_finger_left3) {transformation: [0.324f,0.8895f,-0.3222f,0.4198f,0.9458f,-0.3124f,0.0888f,0.2606f,-0.0217f,-0.3335f,-0.9425f,-0.1261f,0f,0f,0f,1f],start_interpolation: 0,interpolation_duration: 1}
$data merge entity $(bone_thumb_left2) {transformation: [-0.7779f,0.2849f,0.5601f,0.3563f,0.5203f,-0.2079f,0.8283f,0.2747f,0.3524f,0.9357f,0.0135f,0.1016f,0f,0f,0f,1f],start_interpolation: 0,interpolation_duration: 1}
$data merge entity $(bone_thumb_left) {transformation: [-0.7779f,0.567f,0.2709f,0.4145f,0.5203f,0.3393f,0.7837f,0.3564f,0.3524f,0.7506f,-0.5589f,0.0207f,0f,0f,0f,1f],start_interpolation: 0,interpolation_duration: 1}
$data merge entity $(bone_hand_left) {transformation: [-0.0537f,0.9478f,-0.3143f,0.3669f,0.9984f,0.0463f,-0.031f,0.4151f,-0.0148f,-0.3155f,-0.9488f,-0.0642f,0f,0f,0f,1f],start_interpolation: 0,interpolation_duration: 1}
$data merge entity $(bone_arm_left2) {transformation: [-0.3012f,0.9499f,-0.0833f,0.2864f,0.9498f,0.2911f,-0.1147f,0.6454f,-0.0847f,-0.1136f,-0.9899f,-0.1473f,0f,0f,0f,1f],start_interpolation: 0,interpolation_duration: 1}
$data merge entity $(bone_arm_left) {transformation: [-0.2487f,0.9616f,-0.1161f,0.2314f,0.9524f,0.2646f,0.1512f,0.8741f,0.1761f,-0.073f,-0.9817f,-0.0419f,0f,0f,0f,1f],start_interpolation: 0,interpolation_duration: 1}
$data merge entity $(bone_finger_right2) {transformation: [0.8029f,-0.3402f,-0.4895f,-0.3495f,-0.5327f,-0.0409f,-0.8453f,0.5656f,0.2675f,0.9395f,-0.2141f,0.0206f,0f,0f,0f,1f],start_interpolation: 0,interpolation_duration: 1}
$data merge entity $(bone_finger_right) {transformation: [0.1819f,-0.8528f,-0.4895f,-0.3723f,-0.3391f,0.4129f,-0.8453f,0.608f,0.923f,0.3197f,-0.2141f,-0.0948f,0f,0f,0f,1f],start_interpolation: 0,interpolation_duration: 1}
$data merge entity $(bone_finger_right4) {transformation: [0.8156f,-0.3918f,-0.4258f,-0.398f,-0.5202f,-0.1742f,-0.8361f,0.49f,0.2534f,0.9034f,-0.3459f,-0.0376f,0f,0f,0f,1f],start_interpolation: 0,interpolation_duration: 1}
$data merge entity $(bone_finger_right3) {transformation: [0.1857f,-0.8856f,-0.4258f,-0.4212f,-0.4549f,0.3066f,-0.8361f,0.5469f,0.871f,0.3489f,-0.3459f,-0.1465f,0f,0f,0f,1f],start_interpolation: 0,interpolation_duration: 1}
$data merge entity $(bone_thumb_right2) {transformation: [-0.7757f,-0.2005f,-0.5984f,-0.2377f,-0.6252f,0.373f,0.6855f,0.6899f,0.0857f,0.9059f,-0.4147f,-0.043f,0f,0f,0f,1f],start_interpolation: 0,interpolation_duration: 1}
$data merge entity $(bone_thumb_right) {transformation: [-0.5599f,-0.691f,-0.4572f,-0.3124f,-0.8025f,0.5897f,0.0914f,0.6762f,0.2064f,0.4181f,-0.8846f,-0.1471f,0f,0f,0f,1f],start_interpolation: 0,interpolation_duration: 1}
$data merge entity $(bone_hand_right) {transformation: [-0.3779f,-0.7648f,-0.5218f,-0.2899f,-0.4026f,0.6433f,-0.6512f,0.6001f,0.8337f,-0.036f,-0.551f,-0.2486f,0f,0f,0f,1f],start_interpolation: 0,interpolation_duration: 1}
$data merge entity $(bone_arm_right2) {transformation: [-0.6905f,-0.7219f,-0.0454f,-0.0984f,-0.538f,0.5545f,-0.6349f,0.7137f,0.4835f,-0.414f,-0.7713f,-0.4304f,0f,0f,0f,1f],start_interpolation: 0,interpolation_duration: 1}
$data merge entity $(bone_arm_right) {transformation: [-0.1927f,-0.7797f,0.5957f,-0.0874f,-0.7883f,0.4846f,0.3792f,0.8871f,-0.5844f,-0.3965f,-0.708f,-0.2401f,0f,0f,0f,1f],start_interpolation: 0,interpolation_duration: 1}
$data merge entity $(bone_torso) {transformation: [-0.8759f,0.1615f,0.4546f,0f,0.0086f,0.9473f,-0.3201f,0.5748f,-0.4823f,-0.2765f,-0.8312f,-0.0156f,0f,0f,0f,1f],start_interpolation: 0,interpolation_duration: 1}