# This file was generated by Animated Java via MC-Build. It is not recommended to edit this file directly.
$data merge entity $(bone_eyelid_right) {transformation: [-0.9677f,0.095f,0.2334f,-0.1039f,0.2219f,0.7604f,0.6104f,1.0399f,-0.1195f,0.6425f,-0.7569f,0.1858f,0f,0f,0f,1f],start_interpolation: 0,interpolation_duration: 1}
$data merge entity $(bone_eye_right) {transformation: [-0.9677f,0.095f,0.2334f,-0.1021f,0.2219f,0.7604f,0.6104f,1.0447f,-0.1195f,0.6425f,-0.7569f,0.1798f,0f,0f,0f,1f],start_interpolation: 0,interpolation_duration: 1}
$data merge entity $(bone_eyelid_left) {transformation: [-0.9695f,-0.0745f,0.2334f,-0.1029f,0.0865f,0.7874f,0.6104f,1.0259f,-0.2292f,0.612f,-0.7569f,0.1727f,0f,0f,0f,1f],start_interpolation: 0,interpolation_duration: 1}
$data merge entity $(bone_eye_left) {transformation: [-0.9695f,-0.0745f,0.2334f,0.1106f,0.0865f,0.7874f,0.6104f,1.0108f,-0.2292f,0.612f,-0.7569f,0.2181f,0f,0f,0f,1f],start_interpolation: 0,interpolation_duration: 1}
$data merge entity $(bone_mouth_closed) {transformation: [-0.9723f,0.0103f,0.2334f,0.0232f,0.1548f,0.7768f,0.6104f,1.0208f,-0.175f,0.6296f,-0.7569f,-0.0906f,0f,0f,0f,1f],start_interpolation: 0,interpolation_duration: 1}
$data merge entity $(bone_mouth_open) {transformation: [-0.9723f,0.0103f,0.2334f,0.0243f,0.1548f,0.7768f,0.6104f,1.0004f,-0.175f,0.6296f,-0.7569f,-0.115f,0f,0f,0f,1f],start_interpolation: 0,interpolation_duration: 1}
$data merge entity $(bone_head) {transformation: [-0.9723f,0.0103f,0.2334f,0.0532f,0.1548f,0.7768f,0.6104f,0.9917f,-0.175f,0.6296f,-0.7569f,-0.1048f,0f,0f,0f,1f],start_interpolation: 0,interpolation_duration: 1}
$data merge entity $(bone_neck) {transformation: [-0.9972f,-0.0701f,0.0245f,0.0587f,-0.0657f,0.9867f,0.1484f,0.9146f,-0.0346f,0.1464f,-0.9886f,-0.1162f,0f,0f,0f,1f],start_interpolation: 0,interpolation_duration: 1}
$data merge entity $(bone_finger_left2) {transformation: [0.652f,0.6892f,-0.3161f,0.4605f,0.7206f,-0.6929f,-0.0246f,0.1388f,-0.2359f,-0.2118f,-0.9484f,-0.0432f,0f,0f,0f,1f],start_interpolation: 0,interpolation_duration: 1}
$data merge entity $(bone_finger_left) {transformation: [-0.0677f,0.9463f,-0.3161f,0.4521f,0.9977f,0.0632f,-0.0246f,0.2636f,-0.0033f,-0.317f,-0.9484f,-0.0436f,0f,0f,0f,1f],start_interpolation: 0,interpolation_duration: 1}
$data merge entity $(bone_finger_left4) {transformation: [0.8904f,0.3203f,-0.3236f,0.3816f,0.3674f,-0.9252f,0.0952f,0.1431f,-0.2689f,-0.2036f,-0.9414f,-0.1304f,0f,0f,0f,1f],start_interpolation: 0,interpolation_duration: 1}
$data merge entity $(bone_finger_left3) {transformation: [0.327f,0.8879f,-0.3236f,0.4225f,0.9449f,-0.3133f,0.0952f,0.2613f,-0.0169f,-0.3368f,-0.9414f,-0.1325f,0f,0f,0f,1f],start_interpolation: 0,interpolation_duration: 1}
$data merge entity $(bone_thumb_left2) {transformation: [-0.7791f,0.2876f,0.5571f,0.3594f,0.5145f,-0.2143f,0.8303f,0.2733f,0.3581f,0.9335f,0.019f,0.0954f,0f,0f,0f,1f],start_interpolation: 0,interpolation_duration: 1}
$data merge entity $(bone_thumb_left) {transformation: [-0.7791f,0.5673f,0.2669f,0.4171f,0.5145f,0.3354f,0.7891f,0.3558f,0.3581f,0.7521f,-0.5532f,0.0151f,0f,0f,0f,1f],start_interpolation: 0,interpolation_duration: 1}
$data merge entity $(bone_hand_left) {transformation: [-0.0574f,0.947f,-0.3161f,0.3691f,0.9983f,0.0523f,-0.0246f,0.4151f,-0.0067f,-0.317f,-0.9484f,-0.0693f,0f,0f,0f,1f],start_interpolation: 0,interpolation_duration: 1}
$data merge entity $(bone_arm_left2) {transformation: [-0.3049f,0.9486f,-0.0848f,0.2876f,0.9493f,0.2955f,-0.1071f,0.6458f,-0.0765f,-0.1132f,-0.9906f,-0.1504f,0f,0f,0f,1f],start_interpolation: 0,interpolation_duration: 1}
$data merge entity $(bone_arm_left) {transformation: [-0.2519f,0.9604f,-0.1187f,0.232f,0.95f,0.2688f,0.1588f,0.8733f,0.1845f,-0.0728f,-0.9801f,-0.043f,0f,0f,0f,1f],start_interpolation: 0,interpolation_duration: 1}
$data merge entity $(bone_finger_right2) {transformation: [0.8019f,-0.3399f,-0.4913f,-0.3494f,-0.5333f,-0.0365f,-0.8451f,0.5664f,0.2693f,0.9398f,-0.2105f,0.0208f,0f,0f,0f,1f],start_interpolation: 0,interpolation_duration: 1}
$data merge entity $(bone_finger_right) {transformation: [0.1815f,-0.8518f,-0.4913f,-0.3721f,-0.3358f,0.4159f,-0.8451f,0.6084f,0.9243f,0.3184f,-0.2105f,-0.0948f,0f,0f,0f,1f],start_interpolation: 0,interpolation_duration: 1}
$data merge entity $(bone_finger_right4) {transformation: [0.8146f,-0.3918f,-0.4277f,-0.398f,-0.5209f,-0.1698f,-0.8366f,0.4907f,0.2551f,0.9043f,-0.3424f,-0.0371f,0f,0f,0f,1f],start_interpolation: 0,interpolation_duration: 1}
$data merge entity $(bone_finger_right3) {transformation: [0.1851f,-0.8848f,-0.4277f,-0.4212f,-0.4518f,0.3099f,-0.8366f,0.5472f,0.8727f,0.3481f,-0.3424f,-0.1462f,0f,0f,0f,1f],start_interpolation: 0,interpolation_duration: 1}
$data merge entity $(bone_thumb_right2) {transformation: [-0.777f,-0.1994f,-0.5971f,-0.2374f,-0.6233f,0.377f,0.6851f,0.6902f,0.0885f,0.9045f,-0.4172f,-0.0434f,0f,0f,0f,1f],start_interpolation: 0,interpolation_duration: 1}
$data merge entity $(bone_thumb_right) {transformation: [-0.5615f,-0.6896f,-0.4574f,-0.3121f,-0.8004f,0.5928f,0.0889f,0.6763f,0.2099f,0.416f,-0.8848f,-0.1474f,0f,0f,0f,1f],start_interpolation: 0,interpolation_duration: 1}
$data merge entity $(bone_hand_right) {transformation: [-0.3784f,-0.7634f,-0.5234f,-0.2898f,-0.3985f,0.6447f,-0.6523f,0.5998f,0.8355f,-0.0383f,-0.5482f,-0.2486f,0f,0f,0f,1f],start_interpolation: 0,interpolation_duration: 1}
$data merge entity $(bone_arm_right2) {transformation: [-0.6915f,-0.7209f,-0.047f,-0.0981f,-0.5346f,0.5544f,-0.6379f,0.7122f,0.4859f,-0.4159f,-0.7687f,-0.4309f,0f,0f,0f,1f],start_interpolation: 0,interpolation_duration: 1}
$data merge entity $(bone_arm_right) {transformation: [-0.1943f,-0.7788f,0.5964f,-0.0868f,-0.79f,0.4847f,0.3755f,0.8863f,-0.5815f,-0.3982f,-0.7094f,-0.2412f,0f,0f,0f,1f],start_interpolation: 0,interpolation_duration: 1}
$data merge entity $(bone_torso) {transformation: [-0.8759f,0.1634f,0.4539f,0f,0.0086f,0.946f,-0.324f,0.5747f,-0.4823f,-0.2799f,-0.8301f,-0.0156f,0f,0f,0f,1f],start_interpolation: 0,interpolation_duration: 1}