# This file was generated by Animated Java via MC-Build. It is not recommended to edit this file directly.
$data merge entity $(bone_eyelid_right) {transformation: [-0.9674f,0.098f,0.2333f,-0.1032f,0.2226f,0.7681f,0.6003f,1.0433f,-0.1204f,0.6327f,-0.7649f,0.1854f,0f,0f,0f,1f],start_interpolation: 0,interpolation_duration: 1}
$data merge entity $(bone_eye_right) {transformation: [-0.9674f,0.098f,0.2333f,-0.1013f,0.2226f,0.7681f,0.6003f,1.048f,-0.1204f,0.6327f,-0.7649f,0.1794f,0f,0f,0f,1f],start_interpolation: 0,interpolation_duration: 1}
$data merge entity $(bone_eyelid_left) {transformation: [-0.9698f,-0.0714f,0.2333f,-0.1022f,0.0859f,0.7951f,0.6003f,1.0291f,-0.2284f,0.6022f,-0.7649f,0.1725f,0f,0f,0f,1f],start_interpolation: 0,interpolation_duration: 1}
$data merge entity $(bone_eye_left) {transformation: [-0.9698f,-0.0714f,0.2333f,0.1114f,0.0859f,0.7951f,0.6003f,1.0141f,-0.2284f,0.6022f,-0.7649f,0.2177f,0f,0f,0f,1f],start_interpolation: 0,interpolation_duration: 1}
$data merge entity $(bone_mouth_closed) {transformation: [-0.9723f,0.0133f,0.2333f,0.0233f,0.1548f,0.7846f,0.6003f,1.0204f,-0.1751f,0.6198f,-0.7649f,-0.091f,0f,0f,0f,1f],start_interpolation: 0,interpolation_duration: 1}
$data merge entity $(bone_mouth_open) {transformation: [-0.9723f,0.0133f,0.2333f,0.0244f,0.1548f,0.7846f,0.6003f,0.9997f,-0.1751f,0.6198f,-0.7649f,-0.1151f,0f,0f,0f,1f],start_interpolation: 0,interpolation_duration: 1}
$data merge entity $(bone_head) {transformation: [-0.9723f,0.0133f,0.2333f,0.0533f,0.1548f,0.7846f,0.6003f,0.9911f,-0.1751f,0.6198f,-0.7649f,-0.1049f,0f,0f,0f,1f],start_interpolation: 0,interpolation_duration: 1}
$data merge entity $(bone_neck) {transformation: [-0.9972f,-0.07f,0.0245f,0.0588f,-0.0656f,0.9868f,0.1482f,0.914f,-0.0345f,0.1462f,-0.9887f,-0.1163f,0f,0f,0f,1f],start_interpolation: 0,interpolation_duration: 1}
$data merge entity $(bone_finger_left2) {transformation: [0.6627f,0.6788f,-0.3164f,0.4598f,0.7101f,-0.7037f,-0.0223f,0.1386f,-0.2379f,-0.2099f,-0.9483f,-0.045f,0f,0f,0f,1f],start_interpolation: 0,interpolation_duration: 1}
$data merge entity $(bone_finger_left) {transformation: [-0.0527f,0.9471f,-0.3164f,0.4532f,0.9986f,0.0481f,-0.0223f,0.2634f,-0.0059f,-0.3172f,-0.9483f,-0.0458f,0f,0f,0f,1f],start_interpolation: 0,interpolation_duration: 1}
$data merge entity $(bone_finger_left4) {transformation: [0.8918f,0.3163f,-0.3234f,0.3822f,0.3638f,-0.9264f,0.0974f,0.1434f,-0.2688f,-0.2045f,-0.9412f,-0.1327f,0f,0f,0f,1f],start_interpolation: 0,interpolation_duration: 1}
$data merge entity $(bone_finger_left3) {transformation: [0.331f,0.8865f,-0.3234f,0.4235f,0.9435f,-0.3167f,0.0974f,0.2613f,-0.0161f,-0.3374f,-0.9412f,-0.1347f,0f,0f,0f,1f],start_interpolation: 0,interpolation_duration: 1}
$data merge entity $(bone_thumb_left2) {transformation: [-0.7799f,0.2884f,0.5555f,0.3606f,0.512f,-0.2165f,0.8312f,0.2726f,0.36f,0.9327f,0.0212f,0.0933f,0f,0f,0f,1f],start_interpolation: 0,interpolation_duration: 1}
$data merge entity $(bone_thumb_left) {transformation: [-0.7799f,0.567f,0.2652f,0.4181f,0.512f,0.3342f,0.7913f,0.3555f,0.36f,0.7529f,-0.551f,0.0132f,0f,0f,0f,1f],start_interpolation: 0,interpolation_duration: 1}
$data merge entity $(bone_hand_left) {transformation: [-0.0593f,0.9468f,-0.3164f,0.3699f,0.9982f,0.055f,-0.0223f,0.4149f,-0.0037f,-0.3172f,-0.9483f,-0.071f,0f,0f,0f,1f],start_interpolation: 0,interpolation_duration: 1}
$data merge entity $(bone_arm_left2) {transformation: [-0.3067f,0.948f,-0.0851f,0.2879f,0.949f,0.2976f,-0.1043f,0.6456f,-0.0736f,-0.1127f,-0.9909f,-0.1513f,0f,0f,0f,1f],start_interpolation: 0,interpolation_duration: 1}
$data merge entity $(bone_arm_left) {transformation: [-0.2534f,0.9599f,-0.1197f,0.2321f,0.9489f,0.2708f,0.1623f,0.8727f,0.1882f,-0.0724f,-0.9795f,-0.043f,0f,0f,0f,1f],start_interpolation: 0,interpolation_duration: 1}
$data merge entity $(bone_finger_right2) {transformation: [0.802f,-0.3388f,-0.492f,-0.3489f,-0.5333f,-0.0351f,-0.8452f,0.5664f,0.2691f,0.9402f,-0.2088f,0.0212f,0f,0f,0f,1f],start_interpolation: 0,interpolation_duration: 1}
$data merge entity $(bone_finger_right) {transformation: [0.1825f,-0.8513f,-0.492f,-0.3717f,-0.3346f,0.4167f,-0.8452f,0.6083f,0.9245f,0.3189f,-0.2088f,-0.0943f,0f,0f,0f,1f],start_interpolation: 0,interpolation_duration: 1}
$data merge entity $(bone_finger_right4) {transformation: [0.8147f,-0.3908f,-0.4285f,-0.3977f,-0.5209f,-0.1684f,-0.8368f,0.4907f,0.2549f,0.905f,-0.3408f,-0.0364f,0f,0f,0f,1f],start_interpolation: 0,interpolation_duration: 1}
$data merge entity $(bone_finger_right3) {transformation: [0.1859f,-0.8842f,-0.4285f,-0.4209f,-0.4507f,0.3108f,-0.8368f,0.5471f,0.8731f,0.3487f,-0.3408f,-0.1456f,0f,0f,0f,1f],start_interpolation: 0,interpolation_duration: 1}
$data merge entity $(bone_thumb_right2) {transformation: [-0.7772f,-0.1981f,-0.5973f,-0.2369f,-0.6228f,0.3783f,0.6848f,0.6901f,0.0903f,0.9042f,-0.4174f,-0.0432f,0f,0f,0f,1f],start_interpolation: 0,interpolation_duration: 1}
$data merge entity $(bone_thumb_right) {transformation: [-0.5616f,-0.6888f,-0.4584f,-0.3118f,-0.7999f,0.5937f,0.0879f,0.6761f,0.2116f,0.4161f,-0.8844f,-0.1471f,0f,0f,0f,1f],start_interpolation: 0,interpolation_duration: 1}
$data merge entity $(bone_hand_right) {transformation: [-0.3776f,-0.7632f,-0.5244f,-0.2896f,-0.3972f,0.645f,-0.6528f,0.5994f,0.8365f,-0.0382f,-0.5467f,-0.2483f,0f,0f,0f,1f],start_interpolation: 0,interpolation_duration: 1}
$data merge entity $(bone_arm_right2) {transformation: [-0.6911f,-0.7211f,-0.0482f,-0.0981f,-0.5336f,0.5542f,-0.6389f,0.7116f,0.4874f,-0.4158f,-0.7678f,-0.4309f,0f,0f,0f,1f],start_interpolation: 0,interpolation_duration: 1}
$data merge entity $(bone_arm_right) {transformation: [-0.1944f,-0.7787f,0.5965f,-0.0868f,-0.7901f,0.4847f,0.3753f,0.8856f,-0.5814f,-0.3983f,-0.7095f,-0.2413f,0f,0f,0f,1f],start_interpolation: 0,interpolation_duration: 1}
$data merge entity $(bone_torso) {transformation: [-0.8759f,0.1635f,0.4539f,0f,0.0086f,0.9459f,-0.3242f,0.574f,-0.4823f,-0.2801f,-0.83f,-0.0156f,0f,0f,0f,1f],start_interpolation: 0,interpolation_duration: 1}