# This file was generated by Animated Java via MC-Build. It is not recommended to edit this file directly.
$data merge entity $(bone_eyelid_right) {transformation: [-0.9672f,0.1009f,0.2329f,-0.1026f,0.2231f,0.7757f,0.5903f,1.0464f,-0.1211f,0.623f,-0.7728f,0.1853f,0f,0f,0f,1f],start_interpolation: 0,interpolation_duration: 1}
$data merge entity $(bone_eye_right) {transformation: [-0.9672f,0.1009f,0.2329f,-0.1008f,0.2231f,0.7757f,0.5903f,1.051f,-0.1211f,0.623f,-0.7728f,0.1792f,0f,0f,0f,1f],start_interpolation: 0,interpolation_duration: 1}
$data merge entity $(bone_eyelid_left) {transformation: [-0.9701f,-0.0686f,0.2329f,-0.1017f,0.085f,0.8027f,0.5903f,1.032f,-0.2275f,0.5925f,-0.7728f,0.1726f,0f,0f,0f,1f],start_interpolation: 0,interpolation_duration: 1}
$data merge entity $(bone_eye_left) {transformation: [-0.9701f,-0.0686f,0.2329f,0.1119f,0.085f,0.8027f,0.5903f,1.0171f,-0.2275f,0.5925f,-0.7728f,0.2175f,0f,0f,0f,1f],start_interpolation: 0,interpolation_duration: 1}
$data merge entity $(bone_mouth_closed) {transformation: [-0.9724f,0.0162f,0.2329f,0.0233f,0.1546f,0.7922f,0.5903f,1.0199f,-0.175f,0.61f,-0.7728f,-0.091f,0f,0f,0f,1f],start_interpolation: 0,interpolation_duration: 1}
$data merge entity $(bone_mouth_open) {transformation: [-0.9724f,0.0162f,0.2329f,0.0242f,0.1546f,0.7922f,0.5903f,0.9988f,-0.175f,0.61f,-0.7728f,-0.1149f,0f,0f,0f,1f],start_interpolation: 0,interpolation_duration: 1}
$data merge entity $(bone_head) {transformation: [-0.9724f,0.0162f,0.2329f,0.0531f,0.1546f,0.7922f,0.5903f,0.9903f,-0.175f,0.61f,-0.7728f,-0.1046f,0f,0f,0f,1f],start_interpolation: 0,interpolation_duration: 1}
$data merge entity $(bone_neck) {transformation: [-0.9972f,-0.0703f,0.0244f,0.0586f,-0.0659f,0.9867f,0.1488f,0.9132f,-0.0346f,0.1468f,-0.9886f,-0.1161f,0f,0f,0f,1f],start_interpolation: 0,interpolation_duration: 1}
$data merge entity $(bone_finger_left2) {transformation: [0.674f,0.6675f,-0.3165f,0.4587f,0.6986f,-0.7152f,-0.0208f,0.1382f,-0.2402f,-0.2071f,-0.9484f,-0.0461f,0f,0f,0f,1f],start_interpolation: 0,interpolation_duration: 1}
$data merge entity $(bone_finger_left) {transformation: [-0.0368f,0.9479f,-0.3165f,0.4541f,0.9993f,0.0319f,-0.0208f,0.2631f,-0.0096f,-0.317f,-0.9484f,-0.0473f,0f,0f,0f,1f],start_interpolation: 0,interpolation_duration: 1}
$data merge entity $(bone_finger_left4) {transformation: [0.894f,0.3107f,-0.3227f,0.3824f,0.3584f,-0.9283f,0.099f,0.1435f,-0.2688f,-0.2042f,-0.9413f,-0.1341f,0f,0f,0f,1f],start_interpolation: 0,interpolation_duration: 1}
$data merge entity $(bone_finger_left3) {transformation: [0.3367f,0.8846f,-0.3227f,0.4245f,0.9415f,-0.3222f,0.099f,0.2612f,-0.0164f,-0.3372f,-0.9413f,-0.1362f,0f,0f,0f,1f],start_interpolation: 0,interpolation_duration: 1}
$data merge entity $(bone_thumb_left2) {transformation: [-0.7808f,0.2888f,0.5541f,0.3615f,0.5098f,-0.2181f,0.8322f,0.2718f,0.3612f,0.9322f,0.023f,0.0919f,0f,0f,0f,1f],start_interpolation: 0,interpolation_duration: 1}
$data merge entity $(bone_thumb_left) {transformation: [-0.7808f,0.5664f,0.2637f,0.4189f,0.5098f,0.3335f,0.793f,0.355f,0.3612f,0.7536f,-0.5492f,0.0119f,0f,0f,0f,1f],start_interpolation: 0,interpolation_duration: 1}
$data merge entity $(bone_hand_left) {transformation: [-0.061f,0.9466f,-0.3165f,0.3706f,0.9981f,0.0574f,-0.0208f,0.4145f,-0.0015f,-0.3172f,-0.9484f,-0.0721f,0f,0f,0f,1f],start_interpolation: 0,interpolation_duration: 1}
$data merge entity $(bone_arm_left2) {transformation: [-0.3084f,0.9475f,-0.085f,0.2882f,0.9486f,0.2996f,-0.1022f,0.6453f,-0.0714f,-0.1121f,-0.9911f,-0.1519f,0f,0f,0f,1f],start_interpolation: 0,interpolation_duration: 1}
$data merge entity $(bone_arm_left) {transformation: [-0.255f,0.9594f,-0.1204f,0.232f,0.9478f,0.2726f,0.1655f,0.8719f,0.1916f,-0.072f,-0.9788f,-0.0429f,0f,0f,0f,1f],start_interpolation: 0,interpolation_duration: 1}
$data merge entity $(bone_finger_right2) {transformation: [0.8024f,-0.3372f,-0.4925f,-0.3482f,-0.5331f,-0.034f,-0.8453f,0.5663f,0.2683f,0.9408f,-0.207f,0.0219f,0f,0f,0f,1f],start_interpolation: 0,interpolation_duration: 1}
$data merge entity $(bone_finger_right) {transformation: [0.184f,-0.8506f,-0.4925f,-0.3712f,-0.3336f,0.4173f,-0.8453f,0.608f,0.9246f,0.3199f,-0.207f,-0.0937f,0f,0f,0f,1f],start_interpolation: 0,interpolation_duration: 1}
$data merge entity $(bone_finger_right4) {transformation: [0.815f,-0.3892f,-0.4292f,-0.3971f,-0.5208f,-0.1673f,-0.8371f,0.4906f,0.254f,0.9058f,-0.3391f,-0.0356f,0f,0f,0f,1f],start_interpolation: 0,interpolation_duration: 1}
$data merge entity $(bone_finger_right3) {transformation: [0.1873f,-0.8835f,-0.4292f,-0.4205f,-0.4498f,0.3113f,-0.8371f,0.5468f,0.8733f,0.3499f,-0.3391f,-0.1448f,0f,0f,0f,1f],start_interpolation: 0,interpolation_duration: 1}
$data merge entity $(bone_thumb_right2) {transformation: [-0.7771f,-0.1965f,-0.5979f,-0.2363f,-0.6225f,0.3794f,0.6845f,0.6899f,0.0923f,0.9041f,-0.4171f,-0.0428f,0f,0f,0f,1f],start_interpolation: 0,interpolation_duration: 1}
$data merge entity $(bone_thumb_right) {transformation: [-0.5614f,-0.688f,-0.4599f,-0.3113f,-0.7996f,0.5942f,0.087f,0.6758f,0.2135f,0.4166f,-0.8837f,-0.1466f,0f,0f,0f,1f],start_interpolation: 0,interpolation_duration: 1}
$data merge entity $(bone_hand_right) {transformation: [-0.3762f,-0.7631f,-0.5254f,-0.2894f,-0.3962f,0.6451f,-0.6533f,0.599f,0.8375f,-0.0376f,-0.5451f,-0.2477f,0f,0f,0f,1f],start_interpolation: 0,interpolation_duration: 1}
$data merge entity $(bone_arm_right2) {transformation: [-0.6904f,-0.7217f,-0.0497f,-0.0981f,-0.5329f,0.5538f,-0.6397f,0.7109f,0.4892f,-0.4152f,-0.767f,-0.4309f,0f,0f,0f,1f],start_interpolation: 0,interpolation_duration: 1}
$data merge entity $(bone_arm_right) {transformation: [-0.1942f,-0.7789f,0.5963f,-0.0869f,-0.7898f,0.4847f,0.3759f,0.8848f,-0.5818f,-0.398f,-0.7093f,-0.2411f,0f,0f,0f,1f],start_interpolation: 0,interpolation_duration: 1}
$data merge entity $(bone_torso) {transformation: [-0.8759f,0.1632f,0.454f,0f,0.0086f,0.9462f,-0.3236f,0.5732f,-0.4823f,-0.2795f,-0.8302f,-0.0156f,0f,0f,0f,1f],start_interpolation: 0,interpolation_duration: 1}