# This file was generated by Animated Java via MC-Build. It is not recommended to edit this file directly.
$data merge entity $(bone_eyelid_right) {transformation: [-0.9701f,0.1054f,0.2187f,-0.1081f,0.2112f,0.8104f,0.5465f,1.0476f,-0.1196f,0.5764f,-0.8084f,0.2009f,0f,0f,0f,1f],start_interpolation: 0,interpolation_duration: 1}
$data merge entity $(bone_eye_right) {transformation: [-0.9701f,0.1054f,0.2187f,-0.1064f,0.2112f,0.8104f,0.5465f,1.0519f,-0.1196f,0.5764f,-0.8084f,0.1946f,0f,0f,0f,1f],start_interpolation: 0,interpolation_duration: 1}
$data merge entity $(bone_eyelid_left) {transformation: [-0.9737f,-0.0646f,0.2187f,-0.1074f,0.0673f,0.8347f,0.5465f,1.0326f,-0.2179f,0.5468f,-0.8084f,0.189f,0f,0f,0f,1f],start_interpolation: 0,interpolation_duration: 1}
$data merge entity $(bone_eye_left) {transformation: [-0.9737f,-0.0646f,0.2187f,0.107f,0.0673f,0.8347f,0.5465f,1.0213f,-0.2179f,0.5468f,-0.8084f,0.2316f,0f,0f,0f,1f],start_interpolation: 0,interpolation_duration: 1}
$data merge entity $(bone_mouth_closed) {transformation: [-0.9756f,0.0205f,0.2187f,0.0139f,0.1398f,0.8257f,0.5465f,1.006f,-0.1694f,0.5637f,-0.8084f,-0.0752f,0f,0f,0f,1f],start_interpolation: 0,interpolation_duration: 1}
$data merge entity $(bone_mouth_open) {transformation: [-0.9756f,0.0205f,0.2187f,0.0147f,0.1398f,0.8257f,0.5465f,0.9836f,-0.1694f,0.5637f,-0.8084f,-0.0979f,0f,0f,0f,1f],start_interpolation: 0,interpolation_duration: 1}
$data merge entity $(bone_head) {transformation: [-0.9756f,0.0205f,0.2187f,0.0438f,0.1398f,0.8257f,0.5465f,0.9759f,-0.1694f,0.5637f,-0.8084f,-0.0875f,0f,0f,0f,1f],start_interpolation: 0,interpolation_duration: 1}
$data merge entity $(bone_neck) {transformation: [-0.9955f,-0.0924f,0.0211f,0.051f,-0.0868f,0.9781f,0.1894f,0.8994f,-0.0381f,0.1867f,-0.9817f,-0.1021f,0f,0f,0f,1f],start_interpolation: 0,interpolation_duration: 1}
$data merge entity $(bone_finger_left2) {transformation: [0.7584f,0.5769f,-0.3034f,0.4413f,0.5957f,-0.8024f,-0.0365f,0.1309f,-0.2645f,-0.153f,-0.9522f,-0.0216f,0f,0f,0f,1f],start_interpolation: 0,interpolation_duration: 1}
$data merge entity $(bone_finger_left) {transformation: [0.087f,0.9489f,-0.3034f,0.4521f,0.994f,-0.1029f,-0.0365f,0.2552f,-0.0659f,-0.2984f,-0.9522f,-0.0298f,0f,0f,0f,1f],start_interpolation: 0,interpolation_duration: 1}
$data merge entity $(bone_finger_left4) {transformation: [0.9334f,0.2034f,-0.2957f,0.3682f,0.2373f,-0.9678f,0.0834f,0.14f,-0.2692f,-0.148f,-0.9516f,-0.1116f,0f,0f,0f,1f],start_interpolation: 0,interpolation_duration: 1}
$data merge entity $(bone_finger_left3) {transformation: [0.4442f,0.8457f,-0.2957f,0.4237f,0.894f,-0.4403f,0.0834f,0.2518f,-0.0597f,-0.3014f,-0.9516f,-0.1191f,0f,0f,0f,1f],start_interpolation: 0,interpolation_duration: 1}
$data merge entity $(bone_thumb_left2) {transformation: [-0.7906f,0.2782f,0.5455f,0.3575f,0.5068f,-0.2028f,0.8379f,0.2648f,0.3438f,0.9389f,0.0193f,0.1079f,0f,0f,0f,1f],start_interpolation: 0,interpolation_duration: 1}
$data merge entity $(bone_thumb_left) {transformation: [-0.7906f,0.5528f,0.2634f,0.4152f,0.5068f,0.3492f,0.7882f,0.3475f,0.3438f,0.7566f,-0.5562f,0.0276f,0f,0f,0f,1f],start_interpolation: 0,interpolation_duration: 1}
$data merge entity $(bone_hand_left) {transformation: [-0.0708f,0.9502f,-0.3034f,0.3675f,0.9974f,0.0626f,-0.0365f,0.4054f,-0.0157f,-0.3051f,-0.9522f,-0.0579f,0f,0f,0f,1f],start_interpolation: 0,interpolation_duration: 1}
$data merge entity $(bone_arm_left2) {transformation: [-0.3166f,0.9459f,-0.0705f,0.2839f,0.9444f,0.3075f,-0.1163f,0.6342f,-0.0883f,-0.1034f,-0.9907f,-0.1419f,0f,0f,0f,1f],start_interpolation: 0,interpolation_duration: 1}
$data merge entity $(bone_arm_left) {transformation: [-0.2639f,0.9575f,-0.1165f,0.2252f,0.9434f,0.2814f,0.1758f,0.8591f,0.2011f,-0.0635f,-0.9775f,-0.0305f,0f,0f,0f,1f],start_interpolation: 0,interpolation_duration: 1}
$data merge entity $(bone_finger_right2) {transformation: [0.818f,-0.3026f,-0.4892f,-0.333f,-0.5242f,-0.042f,-0.8505f,0.5571f,0.2368f,0.9522f,-0.193f,0.0358f,0f,0f,0f,1f],start_interpolation: 0,interpolation_duration: 1}
$data merge entity $(bone_finger_right) {transformation: [0.2213f,-0.8436f,-0.4892f,-0.3607f,-0.3351f,0.4053f,-0.8505f,0.599f,0.9158f,0.3522f,-0.193f,-0.0787f,0f,0f,0f,1f],start_interpolation: 0,interpolation_duration: 1}
$data merge entity $(bone_finger_right4) {transformation: [0.83f,-0.3542f,-0.4309f,-0.383f,-0.5117f,-0.1759f,-0.841f,0.481f,0.2221f,0.9185f,-0.3272f,-0.0202f,0f,0f,0f,1f],start_interpolation: 0,interpolation_duration: 1}
$data merge entity $(bone_finger_right3) {transformation: [0.2242f,-0.8741f,-0.4309f,-0.411f,-0.451f,0.2989f,-0.841f,0.5374f,0.8639f,0.3829f,-0.3272f,-0.1282f,0f,0f,0f,1f],start_interpolation: 0,interpolation_duration: 1}
$data merge entity $(bone_thumb_right2) {transformation: [-0.7656f,-0.1684f,-0.6209f,-0.225f,-0.6325f,0.3732f,0.6787f,0.6824f,0.1174f,0.9124f,-0.3922f,-0.0324f,0f,0f,0f,1f],start_interpolation: 0,interpolation_duration: 1}
$data merge entity $(bone_thumb_right) {transformation: [-0.5435f,-0.6797f,-0.4925f,-0.3036f,-0.8073f,0.5839f,0.0849f,0.6677f,0.2299f,0.4438f,-0.8661f,-0.1334f,0f,0f,0f,1f],start_interpolation: 0,interpolation_duration: 1}
$data merge entity $(bone_hand_right) {transformation: [-0.3409f,-0.7719f,-0.5367f,-0.2843f,-0.4043f,0.6358f,-0.6576f,0.5916f,0.8487f,-0.0072f,-0.5288f,-0.2356f,0f,0f,0f,1f],start_interpolation: 0,interpolation_duration: 1}
$data merge entity $(bone_arm_right2) {transformation: [-0.6657f,-0.743f,-0.0695f,-0.1012f,-0.5435f,0.5465f,-0.6371f,0.7066f,0.5113f,-0.3864f,-0.7676f,-0.425f,0f,0f,0f,1f],start_interpolation: 0,interpolation_duration: 1}
$data merge entity $(bone_arm_right) {transformation: [-0.1765f,-0.7896f,0.5877f,-0.0938f,-0.7696f,0.4829f,0.4177f,0.873f,-0.6136f,-0.3786f,-0.6929f,-0.2283f,0f,0f,0f,1f],start_interpolation: 0,interpolation_duration: 1}
$data merge entity $(bone_torso) {transformation: [-0.8759f,0.1419f,0.4611f,0f,0.0086f,0.9602f,-0.2793f,0.5544f,-0.4823f,-0.2407f,-0.8423f,-0.0156f,0f,0f,0f,1f],start_interpolation: 0,interpolation_duration: 1}