# This file was generated by Animated Java via MC-Build. It is not recommended to edit this file directly.
$data merge entity $(bone_tail7) { transformation: [-0.9967317514437121f,0.028590861200219236f,-0.07555381075617638f,0.05177820752407836f,-0.011688323993646969f,0.8743911042061658f,0.4850810035111057f,0.34036702603296576f,0.07993246365632589f,0.4843787356407709f,-0.8711991974932476f,-0.7149051386392545f,0f,0f,0f,1f], start_interpolation: 0, interpolation_duration: 1 }
$data merge entity $(bone_tail6) { transformation: [-0.9997016526918299f,-0.004644998102896425f,0.023979774766417453f,0.04621873240462053f,-0.0025217137517005613f,0.9961325483107354f,0.08782702975573531f,0.22502284218990048f,-0.024294990532587296f,0.087740356670032f,-0.9958470682019591f,-0.4741690300265803f,0f,0f,0f,1f], start_interpolation: 0, interpolation_duration: 1 }
$data merge entity $(bone_tail5) { transformation: [-0.9938001068336823f,0.004182638730905283f,0.11110289460949453f,0.018443008752246897f,-0.026219457871459705f,0.9622907754988117f,-0.2707563543461575f,0.29271193077643987f,-0.10804576662826021f,-0.27199075153972063f,-0.9562150089757897f,-0.23511527778263286f,0f,0f,0f,1f], start_interpolation: 0, interpolation_duration: 1 }
$data merge entity $(bone_tail1) { transformation: [-0.995638754105409f,0.034460278652116885f,0.08669463950353137f,8.87147145791372e-18f,-0.016200054715663638f,0.8512985913026686f,-0.5244313746080618f,0.5036290173630805f,-0.09187507578575546f,-0.5235486583320698f,-0.8470276104165976f,-0.07244106189711502f,0f,0f,0f,1f], start_interpolation: 0, interpolation_duration: 1 }
$data merge entity $(bone_pad_right1) { transformation: [-1f,-1.067350013832297e-17f,1.21998664834562e-16f,-0.15625000000000003f,0f,0.9961946980917454f,0.08715574274765814f,0.78452115062149f,-1.2246467991473532e-16f,0.08715574274765814f,-0.9961946980917454f,0.0340445865564028f,0f,0f,0f,1f], start_interpolation: 0, interpolation_duration: 1 }
$data merge entity $(bone_pad_left1) { transformation: [-1f,-1.067350013832297e-17f,1.21998664834562e-16f,0.15624999999999997f,0f,0.9961946980917454f,0.08715574274765814f,0.78452115062149f,-1.2246467991473532e-16f,0.08715574274765814f,-0.9961946980917454f,0.03404458655640283f,0f,0f,0f,1f], start_interpolation: 0, interpolation_duration: 1 }
$data merge entity $(bone_jaw1) { transformation: [-1f,-1.091828803370251e-16f,5.546797695904761e-17f,-2.282314313716439e-17f,0f,0.45293040407786617f,0.8915458760276225f,0.9047789921651788f,-1.2246467991473532e-16f,0.8915458760276225f,-0.45293040407786617f,0.18636510668263492f,0f,0f,0f,1f], start_interpolation: 0, interpolation_duration: 1 }
$data merge entity $(bone_eye_right1) { transformation: [-0.9063077870366499f,0.42261826174069944f,1.2125250418520694e-16f,-0.12500000000000003f,0.4184351160362055f,0.8973370021238628f,0.14035083999437226f,1.0373453976733087f,0.05931482803226853f,0.12720105920403452f,-0.9901018340114688f,0.25313178067238823f,0f,0f,0f,1f], start_interpolation: 0, interpolation_duration: 1 }
$data merge entity $(bone_eye_left1) { transformation: [-0.9063077870366499f,-0.42261826174069944f,1.2125250418520694e-16f,0.12499999999999997f,-0.4184351160362055f,0.8973370021238628f,0.14035083999437226f,1.0373453976733087f,-0.05931482803226875f,0.1272010592040344f,-0.9901018340114688f,0.2531317806723883f,0f,0f,0f,1f], start_interpolation: 0, interpolation_duration: 1 }
$data merge entity $(bone_ear_right1) { transformation: [-0.5540322932223236f,-0.2588190451025207f,-0.7912401152362236f,-0.21875f,-0.26195177550740756f,0.9563649321278499f,-0.1294116838025442f,1.1764272512920786f,0.7902085075316069f,0.1355685010919288f,-0.5976551649039417f,0.05127906396050677f,0f,0f,0f,1f], start_interpolation: 0, interpolation_duration: 1 }
$data merge entity $(bone_ear_left1) { transformation: [-0.5540322932223234f,0.2588190451025207f,0.7912401152362238f,0.21875f,0.26195177550740756f,0.9563649321278499f,-0.1294116838025442f,1.1764272512920786f,-0.7902085075316071f,0.13556850109192886f,-0.5976551649039415f,0.05127906396050683f,0f,0f,0f,1f], start_interpolation: 0, interpolation_duration: 1 }
$data merge entity $(bone_head1) { transformation: [-1f,-1.7188020695675032e-17f,1.2125250418520694e-16f,-5.503446912749742e-18f,0f,0.9901018340114688f,0.14035083999437226f,0.9090454878829581f,-1.2246467991473532e-16f,0.14035083999437226f,-0.9901018340114688f,0.04493905439986007f,0f,0f,0f,1f], start_interpolation: 0, interpolation_duration: 1 }
$data merge entity $(bone_finger_index_right3) { transformation: [0.3199709726925189f,0.5888600622126248f,-0.7422010534653982f,-0.06337787228087838f,-0.9142639913204064f,-0.013541002209653596f,-0.4048925727079193f,0.5596292549275955f,-0.248475211659197f,0.8081215678288147f,0.5340408231594429f,0.3651109583288694f,0f,0f,0f,1f], start_interpolation: 0, interpolation_duration: 1 }
$data merge entity $(bone_finger_index_right1) { transformation: [0.6567663551387781f,0.13339996623904155f,-0.7422010534653982f,-0.1276195523978457f,-0.5980505751002859f,0.6916628616516716f,-0.4048925727079193f,0.584354522974241f,0.4593402490310877f,0.7097935860651622f,0.5340408231594429f,0.353090968488159f,0f,0f,0f,1f], start_interpolation: 0, interpolation_duration: 1 }
$data merge entity $(bone_finger_middle_right3) { transformation: [0.3629938186088918f,0.36651727598947564f,-0.8566799717823391f,-0.12215066139471087f,-0.9121025732695791f,-0.04823574653861218f,-0.4071144907650356f,0.5291908365022294f,-0.19053709215464165f,0.929160050344997f,0.31679207274825594f,0.39563355216632123f,0f,0f,0f,1f], start_interpolation: 0, interpolation_duration: 1 }
$data merge entity $(bone_finger_middle_right1) { transformation: [0.5158422419413266f,0.0024914606070325918f,-0.8566799717823391f,-0.15439080151604379f,-0.6790617381696674f,0.6108460912235711f,-0.4071144907650356f,0.5716321951378336f,0.5222853024764681f,0.7917454423366944f,0.31679207274825594f,0.362990720761542f,0f,0f,0f,1f], start_interpolation: 0, interpolation_duration: 1 }
$data merge entity $(bone_finger_pinky_right3) { transformation: [0.30430009177992773f,0.31726739145487187f,-0.8981886530468688f,-0.18191526213362097f,-0.9371564968236065f,-0.06925848455234002f,-0.341966318193501f,0.5005720434540992f,-0.17070194669081223f,0.9458037135880437f,0.27625383392639585f,0.4113475072574887f,0f,0f,0f,1f], start_interpolation: 0, interpolation_duration: 1 }
$data merge entity $(bone_finger_pinky_right1) { transformation: [0.4370429425333693f,0.04744059358424384f,-0.8981886530468688f,-0.1811620506342419f,-0.7624220224604826f,0.5493375072652952f,-0.341966318193501f,0.5589098673014263f,0.4771856305978221f,0.8342527753576405f,0.27625383392639585f,0.37289047303492495f,0f,0f,0f,1f], start_interpolation: 0, interpolation_duration: 1 }
$data merge entity $(bone_forearm_right1) { transformation: [0.5052121632884343f,-0.10421178442206436f,-0.8566799717823391f,-0.36092717338529146f,-0.5380987846888128f,0.7380430131947244f,-0.4071144907650356f,0.6797476434367702f,0.6746927952645136f,0.666657644268796f,0.31679207274825594f,0.14069914971304764f,0f,0f,0f,1f], start_interpolation: 0, interpolation_duration: 1 }
$data merge entity $(bone_arm_right1) { transformation: [-0.5629038431654552f,-0.10421178442206436f,-0.8199263182366631f,-0.15625000000000003f,-0.596381406225781f,0.7380430131947244f,0.3156291003418595f,0.8623488614099076f,0.5722486187468875f,0.666657644268796f,-0.47759721908765185f,0.04085362895856359f,0f,0f,0f,1f], start_interpolation: 0, interpolation_duration: 1 }
$data merge entity $(bone_finger_index_left3) { transformation: [0.3893439566542183f,-0.6970478323674367f,0.6021092947370073f,0.02755098354279345f,0.8591495474955226f,0.03915641523631852f,-0.5102242939963555f,0.6054527967382871f,0.33207429658899623f,0.7159546735217941f,0.6141136433977217f,0.327484737391821f,0f,0f,0f,1f], start_interpolation: 0, interpolation_duration: 1 }
$data merge entity $(bone_finger_index_left1) { transformation: [0.7681950010425973f,-0.21757949711419933f,0.6021092947370073f,0.09437908656848726f,0.5798227043468808f,0.635198237827995f,-0.5102242939963555f,0.6257472065725811f,-0.27144441769362926f,0.7410683916452934f,0.6141136433977217f,0.32971051264214796f,0f,0f,0f,1f], start_interpolation: 0, interpolation_duration: 1 }
$data merge entity $(bone_finger_middle_left3) { transformation: [0.379912931835111f,-0.5350787381692651f,0.7545574253717455f,0.07752170519952317f,0.8586889710046658f,-0.09932893551211708f,-0.5027792891965397f,0.5676965438979295f,0.34397589348586366f,0.8389424929810244f,0.42172986397857204f,0.36476421082672045f,0f,0f,0f,1f], start_interpolation: 0, interpolation_duration: 1 }
$data merge entity $(bone_finger_middle_left1) { transformation: [0.646996814589298f,-0.10971879386715888f,0.7545574253717455f,0.11795900611135429f,0.6774209581961571f,0.5369486304588387f,-0.5027792891965397f,0.6100353537851892f,-0.3499942389638742f,0.8364496126609857f,0.42172986397857204f,0.3428895708914783f,0f,0f,0f,1f], start_interpolation: 0, interpolation_duration: 1 }
$data merge entity $(bone_finger_pinky_left3) { transformation: [0.29268372180741814f,-0.5102445695138762f,0.8086944529737773f,0.1301953542885951f,0.870527700414474f,-0.2077282682454092f,-0.4461283328626987f,0.5385397898621853f,0.3956232574053821f,0.8345654233511965f,0.38338334907321175f,0.39659409595627587f,0f,0f,0f,1f], start_interpolation: 0, interpolation_duration: 1 }
$data merge entity $(bone_finger_pinky_left1) { transformation: [0.5858443683369081f,-0.052911792800585694f,0.8086944529737773f,0.14153892565422133f,0.6694752117384442f,0.5939465055751353f,-0.4461283328626987f,0.5943235009977974f,-0.4567157945108687f,0.8027626614994703f,0.38338334907321175f,0.3560686291408087f,0f,0f,0f,1f], start_interpolation: 0, interpolation_duration: 1 }
$data merge entity $(bone_forearm_left1) { transformation: [0.6411532093921786f,0.1398772815809338f,0.7545574253717455f,0.3589224755580379f,0.42784295809344325f,0.7511081077746893f,-0.5027792891965397f,0.6771043800626679f,-0.6370816001863191f,0.6451906358066999f,0.42172986397857204f,0.1399163762784753f,0f,0f,0f,1f], start_interpolation: 0, interpolation_duration: 1 }
$data merge entity $(bone_arm_left1) { transformation: [-0.562903843165455f,0.1398772815809338f,0.8146002758697598f,0.15624999999999997f,0.5963814062257807f,0.7511081077746893f,0.28313570729119586f,0.8623488614099076f,-0.5722486187468876f,0.6451906358066999f,-0.5062218503873821f,0.04085362895856362f,0f,0f,0f,1f], start_interpolation: 0, interpolation_duration: 1 }
$data merge entity $(bone_chest1) { transformation: [-1f,-1.067350013832297e-17f,1.21998664834562e-16f,1.3081854984796435e-17f,0f,0.9961946980917454f,0.08715574274765814f,0.608629112572745f,-1.2246467991473532e-16f,0.08715574274765814f,-0.9961946980917454f,-0.10682145247025127f,0f,0f,0f,1f], start_interpolation: 0, interpolation_duration: 1 }
$data merge entity $(bone_torso1) { transformation: [-1f,2.1265768495757713e-17f,1.2060416625018976e-16f,-3.987331592954571e-18f,0f,0.984807753012208f,-0.17364817766693033f,0.5380094079362168f,-1.2246467991473532e-16f,-0.17364817766693033f,-0.984807753012208f,0.03255903331254944f,0f,0f,0f,1f], start_interpolation: 0, interpolation_duration: 1 }
$data merge entity $(bone_toe_outer_right3) { transformation: [-0.406195082275308f,-0.5817436391940697f,0.7046842508475661f,-0.48176441616838395f,-0.8599968207575824f,0.504051837468267f,-0.07960661675837091f,0.49482185671056433f,-0.3088867485377227f,-0.6383620316106712f,-0.7050410577942889f,0.3416146529486853f,0f,0f,0f,1f], start_interpolation: 0, interpolation_duration: 1 }
$data merge entity $(bone_toe_outer_right1) { transformation: [-0.406195082275308f,0.08693214018340928f,0.909641884555943f,-0.4376053947047409f,-0.8599968207575824f,0.3001280938061883f,-0.4127088508805138f,0.4421526528818578f,-0.3088867485377227f,-0.949929434385205f,-0.047149191577351465f,0.329015117583297f,0f,0f,0f,1f], start_interpolation: 0, interpolation_duration: 1 }
$data merge entity $(bone_toe_inner_right3) { transformation: [-0.6928143691444868f,-0.5365333882092171f,0.4818092706078454f,-0.4342491826487193f,-0.6669779260353165f,0.7307718062982252f,-0.14530317718913405f,0.5608399983914782f,-0.27413262499847535f,-0.4220242770935888f,-0.8641451344855671f,0.3668212620859159f,0f,0f,0f,1f], start_interpolation: 0, interpolation_duration: 1 }
$data merge entity $(bone_toe_inner_right1) { transformation: [-0.6928143691444868f,0.08693214018340928f,0.7158568662170243f,-0.3678576794743901f,-0.6669779260353165f,0.3001280938061883f,-0.6819556976005784f,0.5390608274800457f,-0.27413262499847535f,-0.949929434385205f,-0.14995123740752997f,0.3660159542791477f,0f,0f,0f,1f], start_interpolation: 0, interpolation_duration: 1 }
$data merge entity $(bone_toe_back_right1) { transformation: [-0.5579817218428067f,0.6450365835932367f,0.52209597193974f,-0.23509504522562202f,-0.7752653967855033f,-0.18077019610293088f,-0.6052154168128269f,0.377714789579368f,-0.2960066935668056f,-0.7424620812050087f,0.6009410081999514f,0.32718871350567946f,0f,0f,0f,1f], start_interpolation: 0, interpolation_duration: 1 }
$data merge entity $(bone_foot_right1) { transformation: [-0.5579817218428067f,0.08693214018340928f,0.8252873445609525f,-0.3253608485369762f,-0.7752653967855033f,0.3001280938061883f,-0.5557757568077971f,0.4385027629802208f,-0.2960066935668056f,-0.949929434385205f,-0.10007051040267254f,0.3381339255809718f,0f,0f,0f,1f], start_interpolation: 0, interpolation_duration: 1 }
$data merge entity $(bone_knee_right1) { transformation: [-0.15692167653530628f,0.08693214018340928f,0.9837776122866796f,-0.3664722289494072f,-0.9375100503864928f,0.3001280938061883f,-0.1760625818638909f,0.5198491963325393f,-0.3105647965524494f,-0.949929434385205f,0.03440315146814105f,0.11334401743018055f,0f,0f,0f,1f], start_interpolation: 0, interpolation_duration: 1 }
$data merge entity $(bone_leg_right1) { transformation: [-0.01397013055540292f,0.8244473715603924f,0.565766176948945f,-0.125f,-0.9131874351164677f,0.21996190713688557f,-0.34308230463565303f,0.5533970290770325f,-0.4073003115609807f,-0.5214434685906653f,0.7498020840638305f,0.029845780536503635f,0f,0f,0f,1f], start_interpolation: 0, interpolation_duration: 1 }
$data merge entity $(bone_toe_outer_left3) { transformation: [-0.15560285852745623f,0.6035707644018773f,-0.7819783134955965f,0.4409199866328696f,0.94234421911796f,0.3281227207632453f,0.06574840540946432f,0.4446052832503821f,0.2962686671132241f,-0.7266621033728529f,-0.6198282539612847f,0.33261297116197047f,0f,0f,0f,1f], start_interpolation: 0, interpolation_duration: 1 }
$data merge entity $(bone_toe_outer_left1) { transformation: [-0.15560285852745623f,0.04589189117426186f,-0.9867531022208816f,0.3841105070730475f,0.94234421911796f,0.30649413356140276f,-0.1343455201612875f,0.4067604313928654f,0.2962686671132241f,-0.950765628542016f,-0.0909373216565063f,0.31767099271115057f,0f,0f,0f,1f], start_interpolation: 0, interpolation_duration: 1 }
$data merge entity $(bone_toe_inner_left3) { transformation: [-0.4837082953800784f,0.6504796816894706f,-0.5855787467878792f,0.41327962491405174f,0.8395650348846811f,0.5338927248798766f,-0.10044456440955002f,0.5216454162587068f,0.24729908446976268f,-0.540217310005432f,-0.8043683365168672f,0.35611390522296343f,0f,0f,0f,1f], start_interpolation: 0, interpolation_duration: 1 }
$data merge entity $(bone_toe_inner_left1) { transformation: [-0.4837082953800784f,0.04589189117426186f,-0.8740252967191212f,0.3435371596384792f,0.8395650348846811f,0.30649413356140276f,-0.44854419881604635f,0.5198478111728502f,0.24729908446976268f,-0.950765628542016f,-0.18678298210362326f,0.35216806523116706f,0f,0f,0f,1f], start_interpolation: 0, interpolation_duration: 1 }
$data merge entity $(bone_toe_back_left1) { transformation: [-0.324586779476547f,-0.504289285944945f,-0.8002098091564365f,0.17192312424345269f,0.9046990382398786f,0.08132058865109598f,-0.4182183784451343f,0.40319113283149494f,0.27597658016013227f,-0.859697201311355f,0.4298344440136709f,0.30627843809391375f,0f,0f,0f,1f], start_interpolation: 0, interpolation_duration: 1 }
$data merge entity $(bone_foot_left1) { transformation: [-0.324586779476547f,0.04589189117426186f,-0.9447419525529142f,0.27525427530392765f,0.9046990382398786f,0.30649413356140276f,-0.2959408662220941f,0.4355596650745365f,0.27597658016013227f,-0.950765628542016f,-0.14100229354951416f,0.32170056395089186f,0f,0f,0f,1f], start_interpolation: 0, interpolation_duration: 1 }
$data merge entity $(bone_knee_left1) { transformation: [-0.15692167653530634f,0.12805694525282513f,-0.9792737136295773f,0.3664722289494071f,0.9375100503864928f,0.3311207768550647f,-0.10692958692155297f,0.5198491963325393f,0.31056479655244934f,-0.934858518657991f,-0.1720147006360861f,0.11334401743018063f,0f,0f,0f,1f], start_interpolation: 0, interpolation_duration: 1 }
$data merge entity $(bone_leg_left1) { transformation: [-0.013970130555403021f,-0.8244473715603922f,-0.5657661769489453f,0.125f,0.9131874351164677f,0.21996190713688557f,-0.34308230463565303f,0.5533970290770325f,0.4073003115609807f,-0.5214434685906655f,0.7498020840638304f,0.029845780536503663f,0f,0f,0f,1f], start_interpolation: 0, interpolation_duration: 1 }