# This file was generated by Animated Java via MC-Build. It is not recommended to edit this file directly.
$data merge entity $(bone_tail7) { transformation: [-0.9902385549064722f,-0.07916519823724177f,0.1147191168236581f,-0.014044230510488849f,0.013217193752117202f,0.7660083216251372f,0.6426947619129623f,0.40310650266879433f,-0.13875485636928495f,0.637937397076781f,-0.7574846316888816f,-0.7130778286165858f,0f,0f,0f,1f], start_interpolation: 0, interpolation_duration: 1 }
$data merge entity $(bone_tail6) { transformation: [-0.9990058931597823f,-0.022663697559374273f,0.03838726670346673f,-0.021516325540164194f,-0.012155059259707597f,0.9669775200022237f,0.25457166052948993f,0.2488094450362134f,-0.04288915907801026f,0.25385198959883315f,-0.966291719622131f,-0.4953035227359436f,0f,0f,0f,1f], start_interpolation: 0, interpolation_duration: 1 }
$data merge entity $(bone_tail5) { transformation: [-0.9992367369471936f,-0.005277322414333818f,-0.03870521157751402f,-0.01184002264578569f,0.0008675722028244903f,0.9875899145655391f,-0.1570522459785405f,0.28807250653084854f,0.0390536919330022f,-0.15696595336749386f,-0.986831545214195f,-0.24859563643239485f,0f,0f,0f,1f], start_interpolation: 0, interpolation_duration: 1 }
$data merge entity $(bone_tail1) { transformation: [-0.9983878160801923f,-0.017604193293798056f,-0.05396166306831706f,8.87147145791372e-18f,0.009856379327350307f,0.8824753996302265f,-0.4702552719896156f,0.48836839324358616f,0.055898304886457494f,-0.4700290006222452f,-0.8808791733744612f,-0.07244106189711502f,0f,0f,0f,1f], start_interpolation: 0, interpolation_duration: 1 }
$data merge entity $(bone_pad_right1) { transformation: [-1f,-1.067350013832297e-17f,1.21998664834562e-16f,-0.15625000000000003f,0f,0.9961946980917454f,0.08715574274765814f,0.7692605265019956f,-1.2246467991473532e-16f,0.08715574274765814f,-0.9961946980917454f,0.0340445865564028f,0f,0f,0f,1f], start_interpolation: 0, interpolation_duration: 1 }
$data merge entity $(bone_pad_left1) { transformation: [-1f,-1.067350013832297e-17f,1.21998664834562e-16f,0.15624999999999997f,0f,0.9961946980917454f,0.08715574274765814f,0.7692605265019956f,-1.2246467991473532e-16f,0.08715574274765814f,-0.9961946980917454f,0.03404458655640283f,0f,0f,0f,1f], start_interpolation: 0, interpolation_duration: 1 }
$data merge entity $(bone_jaw1) { transformation: [-1f,-1.1272704301172399e-16f,4.7856155303696366e-17f,-2.274663230147771e-17f,0f,0.3907751633941777f,0.9204861605012069f,0.8798375741768562f,-1.2246467991473532e-16f,0.9204861605012069f,-0.3907751633941777f,0.18574034829727887f,0f,0f,0f,1f], start_interpolation: 0, interpolation_duration: 1 }
$data merge entity $(bone_eye_right1) { transformation: [-0.9063077870366499f,0.42261826174069944f,1.1978975074626317e-16f,-0.12500000000000003f,0.4133872416927455f,0.8865118006604501f,0.207864897699034f,1.0075173964070234f,0.08784750174247395f,0.18838957543621118f,-0.9781575457484188f,0.2614338329592554f,0f,0f,0f,1f], start_interpolation: 0, interpolation_duration: 1 }
$data merge entity $(bone_eye_left1) { transformation: [-0.9063077870366499f,-0.42261826174069944f,1.1978975074626317e-16f,0.12499999999999997f,-0.4133872416927455f,0.8865118006604501f,0.207864897699034f,1.0075173964070234f,-0.08784750174247417f,0.18838957543621107f,-0.9781575457484188f,0.26143383295925543f,0f,0f,0f,1f], start_interpolation: 0, interpolation_duration: 1 }
$data merge entity $(bone_ear_right1) { transformation: [-0.5540322932223236f,-0.2588190451025207f,-0.7912401152362236f,-0.21875f,-0.31548289437476873f,0.9448276356179286f,-0.08815487694707085f,1.1601037399059824f,0.7704016883572696f,0.20078207306643203f,-0.605118003129484f,0.06958574454652786f,0f,0f,0f,1f], start_interpolation: 0, interpolation_duration: 1 }
$data merge entity $(bone_ear_left1) { transformation: [-0.5540322932223234f,0.2588190451025207f,0.7912401152362238f,0.21875f,0.31548289437476873f,0.9448276356179286f,-0.08815487694707085f,1.1601037399059824f,-0.7704016883572697f,0.2007820730664321f,-0.6051180031294838f,0.06958574454652791f,0f,0f,0f,1f], start_interpolation: 0, interpolation_duration: 1 }
$data merge entity $(bone_head1) { transformation: [-1f,-2.5456108162221403e-17f,1.1978975074626317e-16f,-5.503446912749742e-18f,0f,0.9781575457484188f,0.207864897699034f,0.8937848637634638f,-1.2246467991473532e-16f,0.207864897699034f,-0.9781575457484188f,0.04493905439986007f,0f,0f,0f,1f], start_interpolation: 0, interpolation_duration: 1 }
$data merge entity $(bone_finger_index_right3) { transformation: [0.38036848834842907f,0.5416868938271273f,-0.7495966396185678f,-0.062356844056488725f,-0.9034919860261f,0.04452223204435585f,-0.4262862911710881f,0.5416763368656092f,-0.1975399814167858f,0.8394004288238757f,0.5063446216087903f,0.3634824543310007f,0f,0f,0f,1f], start_interpolation: 0, interpolation_duration: 1 }
$data merge entity $(bone_finger_index_right1) { transformation: [0.6594523863522198f,0.0568104568447856f,-0.7495966396185678f,-0.1269975131915827f,-0.5466474456158286f,0.7207333544115243f,-0.4262862911710881f,0.562520355617502f,0.5160417815797981f,0.6908806002717102f,0.5063446216087903f,0.347053112407538f,0f,0f,0f,1f], start_interpolation: 0, interpolation_duration: 1 }
$data merge entity $(bone_finger_middle_right3) { transformation: [0.4198452983199515f,0.3148841890832853f,-0.8512214006614216f,-0.12112741928221807f,-0.8971308528472483f,0.001969501678959984f,-0.4417605164936151f,0.509154423122876f,-0.13742692002733603f,0.9491280569704479f,0.28331920712034664f,0.3917792987693804f,0f,0f,0f,1f], start_interpolation: 0, interpolation_duration: 1 }
$data merge entity $(bone_finger_middle_right1) { transformation: [0.5195322028805448f,-0.07421871210210867f,-0.8512214006614216f,-0.1535981819622521f,-0.632974661667209f,0.6357599576527109f,-0.4417605164936151f,0.5487153394770765f,0.573959378229305f,0.7683103923671262f,0.28331920712034664f,0.3559068376300488f,0f,0f,0f,1f], start_interpolation: 0, interpolation_duration: 1 }
$data merge entity $(bone_finger_pinky_right3) { transformation: [0.3614858094038092f,0.26591476345805576f,-0.8936539308785695f,-0.18013547915139438f,-0.9246254286289525f,-0.021101186718843867f,-0.38029272495248007f,0.4779094411231193f,-0.11998260845805558f,0.9637655723743729f,0.2382437725807292f,0.405179715625988f,0f,0f,0f,1f], start_interpolation: 0, interpolation_duration: 1 }
$data merge entity $(bone_finger_pinky_right1) { transformation: [0.4478409107437192f,-0.028656072471937383f,-0.8936539308785695f,-0.18019885073292152f,-0.7218677529402672f,0.5781733222946098f,-0.38029272495248007f,0.534910323336651f,0.5275845580844889f,0.815410595281479f,0.2382437725807292f,0.36476056285255964f,0f,0f,0f,1f], start_interpolation: 0, interpolation_duration: 1 }
$data merge entity $(bone_forearm_right1) { transformation: [0.5041399274240952f,-0.14582544576594064f,-0.8512214006614216f,-0.35750767905334224f,-0.5382995784969591f,0.7176915840786281f,-0.4417605164936151f,0.6556821324728396f,0.6753343596817978f,0.6809212359075563f,0.28331920712034664f,0.130654117741342f,0f,0f,0f,1f], start_interpolation: 0, interpolation_duration: 1 }
$data merge entity $(bone_arm_right1) { transformation: [-0.5584098441096373f,-0.14582544576594064f,-0.8166476506845625f,-0.15625000000000003f,-0.6278662282636317f,0.7176915840786281f,0.3011690381641353f,0.8470882372904133f,0.5421830368127092f,0.6809212359075563f,-0.4923249182020692f,0.04085362895856359f,0f,0f,0f,1f], start_interpolation: 0, interpolation_duration: 1 }
$data merge entity $(bone_finger_index_left3) { transformation: [0.45956363832213054f,-0.6466525124273987f,0.6088035730048391f,0.026587199433445702f,0.8421380244948513f,0.09951183769988398f,-0.5300008885440677f,0.5892531168589956f,0.2821432438178083f,0.7562657749289758f,0.5903026915397217f,0.32809471174014937f,0f,0f,0f,1f], start_interpolation: 0, interpolation_duration: 1 }
$data merge entity $(bone_finger_index_left1) { transformation: [0.7822129416530723f,-0.13229181156439132f,0.6088035730048391f,0.09450061994316394f,0.5251160125694291f,0.6658470030612753f,-0.5300008885440677f,0.6055103398775828f,-0.33525525686203655f,0.7342660588011198f,0.5903026915397217f,0.3255882172968884f,0f,0f,0f,1f], start_interpolation: 0, interpolation_duration: 1 }
$data merge entity $(bone_finger_middle_left3) { transformation: [0.45089680007421284f,-0.485636066239949f,0.7488989830743684f,0.07651441687831184f,0.8425524888011307f,-0.045363694300738944f,-0.5367005113230373f,0.5494977267614499f,0.294613949598209f,0.8729832452036962f,0.3887195316623115f,0.3632962558458811f,0f,0f,0f,1f], start_interpolation: 0, interpolation_duration: 1 }
$data merge entity $(bone_finger_middle_left1) { transformation: [0.6622287405748182f,-0.02456437067923639f,0.7488989830743684f,0.11790371316423798f,0.6278515541966081f,0.5636976024771562f,-0.5367005113230373f,0.5887384488987379f,-0.40896885095272695f,0.8256158941388174f,0.3887195316623115f,0.3377357026613357f,0f,0f,0f,1f], start_interpolation: 0, interpolation_duration: 1 }
$data merge entity $(bone_finger_pinky_left3) { transformation: [0.3679726356990551f,-0.46755650661026554f,0.8037331973379568f,0.12929469997278661f,0.8609646097328427f,-0.1551449519669959f,-0.48442748132897273f,0.5180209293008742f,0.3511923691714616f,0.8702418956850807f,0.34546050835105957f,0.39264287643008555f,0f,0f,0f,1f], start_interpolation: 0, interpolation_duration: 1 }
$data merge entity $(bone_finger_pinky_left1) { transformation: [0.5940603012693842f,0.03324614192102884f,0.8037331973379568f,0.14130680638531198f,0.6209163172398154f,0.6162734314560483f,-0.48442748132897273f,0.571966557919893f,-0.5114247602933133f,0.7868301924359246f,0.34546050835105957f,0.3498831880257829f,0f,0f,0f,1f], start_interpolation: 0, interpolation_duration: 1 }
$data merge entity $(bone_forearm_left1) { transformation: [0.6373990942520036f,0.18130832247004597f,0.7488989830743684f,0.3553982889443537f,0.4228952446324262f,0.7301453096561469f,-0.5367005113230373f,0.6531238694985494f,-0.6441133492748039f,0.6587982384541015f,0.3887195316623115f,0.12986408431431792f,0f,0f,0f,1f], start_interpolation: 0, interpolation_duration: 1 }
$data merge entity $(bone_arm_left1) { transformation: [-0.5584098441096371f,0.18130832247004597f,0.8095095664688271f,0.15624999999999997f,0.6278662282636317f,0.7301453096561469f,0.2695771247586308f,0.8470882372904133f,-0.5421830368127091f,0.6587982384541015f,-0.5215577011245457f,0.04085362895856362f,0f,0f,0f,1f], start_interpolation: 0, interpolation_duration: 1 }
$data merge entity $(bone_chest1) { transformation: [-1f,-1.067350013832297e-17f,1.21998664834562e-16f,1.3081854984796435e-17f,0f,0.9961946980917454f,0.08715574274765814f,0.5933684884532506f,-1.2246467991473532e-16f,0.08715574274765814f,-0.9961946980917454f,-0.10682145247025127f,0f,0f,0f,1f], start_interpolation: 0, interpolation_duration: 1 }
$data merge entity $(bone_torso1) { transformation: [-1f,2.1265768495757713e-17f,1.2060416625018976e-16f,-3.987331592954571e-18f,0f,0.984807753012208f,-0.17364817766693033f,0.5227487838167224f,-1.2246467991473532e-16f,-0.17364817766693033f,-0.984807753012208f,0.03255903331254944f,0f,0f,0f,1f], start_interpolation: 0, interpolation_duration: 1 }
$data merge entity $(bone_toe_outer_right3) { transformation: [-0.3790403978369876f,-0.6025359959470722f,0.7023380599082235f,-0.4775451162406033f,-0.8621950319072431f,0.5055921057158853f,-0.031565005817275615f,0.4568973216356982f,-0.3360775264162212f,-0.6175167983349492f,-0.7111433751446382f,0.34133234785975003f,0f,0f,0f,1f], start_interpolation: 0, interpolation_duration: 1 }
$data merge entity $(bone_toe_outer_right1) { transformation: [-0.3790403978369876f,0.07057071620334365f,0.9226852934896734f,-0.43172229782990457f,-0.8621950319072431f,0.3351877768044999f,-0.3798274361276768f,0.40621451213061704f,-0.3360775264162212f,-0.939504618559911f,-0.06620398736141417f,0.32669217594915473f,0f,0f,0f,1f], start_interpolation: 0, interpolation_duration: 1 }
$data merge entity $(bone_toe_inner_right3) { transformation: [-0.671758421150997f,-0.563565927138984f,0.48076404751259916f,-0.4321142501075601f,-0.680289675018098f,0.7261865732497612f,-0.09929259234978044f,0.5235860302317752f,-0.29316647433922266f,-0.3937594527116096f,-0.8712100273319652f,0.3685374602435583f,0f,0f,0f,1f], start_interpolation: 0, interpolation_duration: 1 }
$data merge entity $(bone_toe_inner_right1) { transformation: [-0.671758421150997f,0.07057071620334365f,0.7374011104055014f,-0.3650342300462476f,-0.680289675018098f,0.3351877768044999f,-0.6518091072888037f,0.5041070133705405f,-0.29316647433922266f,-0.939504618559911f,-0.1771566821435366f,0.36662661993268797f,0f,0f,0f,1f], start_interpolation: 0, interpolation_duration: 1 }
$data merge entity $(bone_toe_back_right1) { transformation: [-0.5335045422692558f,0.6458845373700364f,0.5460824734088849f,-0.22717477282023793f,-0.7831400099193878f,-0.13335172862329422f,-0.6073788285219038f,0.3487688440027199f,-0.31947555186826576f,-0.7516983975368532f,0.5769617759427342f,0.3215617908993466f,0f,0f,0f,1f], start_interpolation: 0, interpolation_duration: 1 }
$data merge entity $(bone_foot_right1) { transformation: [-0.5335045422692558f,0.07057071620334365f,0.8428479562724339f,-0.3193612680375354f,-0.7831400099193878f,0.3351877768044999f,-0.523775599989459f,0.406056800251567f,-0.31947555186826576f,-0.939504618559911f,-0.12355745005082935f,0.3350758869986561f,0f,0f,0f,1f], start_interpolation: 0, interpolation_duration: 1 }
$data merge entity $(bone_knee_right1) { transformation: [-0.127316382886493f,0.07057071620334365f,0.9893484283422331f,-0.3646555331987663f,-0.9311230229396376f,0.3351877768044999f,-0.14373263523851432f,0.49359972514252876f,-0.34176081519163526f,-0.939504618559911f,0.023035123271758606f,0.113439796819192f,0f,0f,0f,1f], start_interpolation: 0, interpolation_duration: 1 }
$data merge entity $(bone_leg_right1) { transformation: [0.014100190388955323f,0.81315198119338f,0.5818806064067407f,-0.125f,-0.8986835164979382f,0.26543629197538826f,-0.3491582908614033f,0.5381364049575381f,-0.4383709865010402f,-0.5180033111705343f,0.7345089841591234f,0.029845780536503635f,0f,0f,0f,1f], start_interpolation: 0, interpolation_duration: 1 }
$data merge entity $(bone_toe_outer_left3) { transformation: [-0.1257421971047001f,0.6190083170783172f,-0.7752532510445551f,0.4350939366330089f,0.9363955305002978f,0.3321454782972897f,0.11332604160443581f,0.4084291423331144f,0.3276466241644318f,-0.7116938138234267f,-0.6214013236541401f,0.33039000377042815f,0f,0f,0f,1f], start_interpolation: 0, interpolation_duration: 1 }
$data merge entity $(bone_toe_outer_left1) { transformation: [-0.1257421971047001f,0.062394931362893175f,-0.9900988700162738f,0.3771422009165136f,0.9363955305002978f,0.3370787946378125f,-0.0976795611404202f,0.3730618094337038f,0.3276466241644318f,-0.9394065992666538f,-0.10081136308924847f,0.3138503365722116f,0f,0f,0f,1f], start_interpolation: 0, interpolation_duration: 1 }
$data merge entity $(bone_toe_inner_left3) { transformation: [-0.4567927721702425f,0.6715938768795724f,-0.5833541187228304f,0.4099082705200277f,0.8465155926468009f,0.5297175129173763f,-0.05301610995220654f,0.4855125907526884f,0.27340759810008963f,-0.5180357333683603f,-0.8104858198973287f,0.3563763423701407f,0f,0f,0f,1f], start_interpolation: 0, interpolation_duration: 1 }
$data merge entity $(bone_toe_inner_left1) { transformation: [-0.4567927721702425f,0.062394931362893175f,-0.8873822377269247f,0.3401721065317748f,0.8465155926468009f,0.3370787946378125f,-0.4120548963564863f,0.4862127720006205f,0.27340759810008963f,-0.9394065992666538f,-0.20679343934322614f,0.35199573985181687f,0f,0f,0f,1f], start_interpolation: 0, interpolation_duration: 1 }
$data merge entity $(bone_toe_back_left1) { transformation: [-0.2957607550779108f,-0.4956348225659624f,-0.8166221270671954f,0.16503390652494712f,0.9052077005353334f,0.12767779473819565f,-0.4053361563225334f,0.37706875063288464f,0.3051632262368423f,-0.8590951655030996f,0.4108903770617218f,0.3011999809437385f,0f,0f,0f,1f], start_interpolation: 0, interpolation_duration: 1 }
$data merge entity $(bone_foot_left1) { transformation: [-0.2957607550779108f,0.062394931362893175f,-0.9532221400575858f,0.26929257809374557f,0.9052077005353334f,0.3370787946378125f,-0.258798966568751f,0.40537488760134177f,0.3051632262368423f,-0.9394065992666538f,-0.15617505116689584f,0.31828162716511776f,0f,0f,0f,1f], start_interpolation: 0, interpolation_duration: 1 }
$data merge entity $(bone_knee_left1) { transformation: [-0.12731638288649308f,0.14523628343174372f,-0.9811712188112909f,0.3646555331987662f,0.9311230229396376f,0.35835192421097095f,-0.06777768486785046f,0.49359972514252876f,0.34176081519163526f,-0.9222203209587332f,-0.18085691806043858f,0.11343979681919207f,0f,0f,0f,1f], start_interpolation: 0, interpolation_duration: 1 }
$data merge entity $(bone_leg_left1) { transformation: [0.014100190388955216f,-0.8131519811933797f,-0.5818806064067409f,0.125f,0.8986835164979382f,0.26543629197538826f,-0.3491582908614033f,0.5381364049575381f,0.4383709865010402f,-0.5180033111705344f,0.7345089841591232f,0.029845780536503663f,0f,0f,0f,1f], start_interpolation: 0, interpolation_duration: 1 }