# This file was generated by Animated Java via MC-Build. It is not recommended to edit this file directly.
$data merge entity $(bone_tail7) { transformation: [-0.9982239564624497f,0.03728125583082019f,0.04646547867105617f,-0.08160130400920967f,0.05863121863351918f,0.7529579455058861f,0.6554515332967825f,0.4140274819585735f,-0.010550495059565318f,0.6570117504757673f,-0.7538065048742723f,-0.7055124372337893f,0f,0f,0f,1f], start_interpolation: 0, interpolation_duration: 1 }
$data merge entity $(bone_tail6) { transformation: [-0.9957480346635222f,0.05414309810552388f,-0.0745276887557146f,-0.06804529726767389f,0.033599427169412444f,0.9667706046441343f,0.2534278526324644f,0.26003577461506977f,0.08577254780884383f,0.24984619853732096f,-0.9644791066263847f,-0.48781574169006703f,0f,0f,0f,1f], start_interpolation: 0, interpolation_duration: 1 }
$data merge entity $(bone_tail5) { transformation: [-0.9848389515478146f,0.01846934884897271f,-0.1724851375258058f,-0.024924012886222435f,0.04750485024616692f,0.9850204908239976f,-0.16576465805454432f,0.3014769391287059f,0.16683982952907392f,-0.17144537266997228f,-0.9709639310874343f,-0.24507475891820849f,0f,0f,0f,1f], start_interpolation: 0, interpolation_duration: 1 }
$data merge entity $(bone_tail1) { transformation: [-0.9926980855947503f,-0.03875656913611948f,-0.11422976497093458f,8.87147145791372e-18f,0.020946397971760865f,0.8772066763340555f,-0.47965580931222773f,0.5036290173630805f,0.11879292600372454f,-0.4785461057659509f,-0.8699895777466055f,-0.07244106189711502f,0f,0f,0f,1f], start_interpolation: 0, interpolation_duration: 1 }
$data merge entity $(bone_pad_right1) { transformation: [-1f,-1.067350013832297e-17f,1.21998664834562e-16f,-0.15625000000000003f,0f,0.9961946980917454f,0.08715574274765814f,0.78452115062149f,-1.2246467991473532e-16f,0.08715574274765814f,-0.9961946980917454f,0.0340445865564028f,0f,0f,0f,1f], start_interpolation: 0, interpolation_duration: 1 }
$data merge entity $(bone_pad_left1) { transformation: [-1f,-1.067350013832297e-17f,1.21998664834562e-16f,0.15624999999999997f,0f,0.9961946980917454f,0.08715574274765814f,0.78452115062149f,-1.2246467991473532e-16f,0.08715574274765814f,-0.9961946980917454f,0.03404458655640283f,0f,0f,0f,1f], start_interpolation: 0, interpolation_duration: 1 }
$data merge entity $(bone_jaw1) { transformation: [-1f,-1.1245807652198727e-16f,4.8484831149478345e-17f,-2.2755900565025e-17f,0f,0.3959086912506968f,0.9182898824402675f,0.8958845927273507f,-1.2246467991473532e-16f,0.9182898824402675f,-0.3959086912506968f,0.18581602941246853f,0f,0f,0f,1f], start_interpolation: 0, interpolation_duration: 1 }
$data merge entity $(bone_eye_right1) { transformation: [-0.9063077870366499f,0.42261826174069944f,1.1993001994759373e-16f,-0.12500000000000003f,0.41387130228950975f,0.8875498719601571f,0.20240002451752237f,1.0239850661922905f,0.08553794653787014f,0.18343671831663944f,-0.9793029306988242f,0.2607954220684392f,0f,0f,0f,1f], start_interpolation: 0, interpolation_duration: 1 }
$data merge entity $(bone_eye_left1) { transformation: [-0.9063077870366499f,-0.42261826174069944f,1.1993001994759373e-16f,0.12499999999999997f,-0.41387130228950975f,0.8875498719601571f,0.20240002451752237f,1.0239850661922905f,-0.08553794653787036f,0.18343671831663932f,-0.9793029306988242f,0.2607954220684392f,0f,0f,0f,1f], start_interpolation: 0, interpolation_duration: 1 }
$data merge entity $(bone_ear_right1) { transformation: [-0.5540322932223236f,-0.2588190451025207f,-0.7912401152362236f,-0.21875f,-0.31117636760206f,0.945933992522568f,-0.09153223495742739f,1.175497829616006f,0.7721512068971987f,0.19550341092301546f,-0.6046163494354628f,0.06809834432798866f,0f,0f,0f,1f], start_interpolation: 0, interpolation_duration: 1 }
$data merge entity $(bone_ear_left1) { transformation: [-0.5540322932223234f,0.2588190451025207f,0.7912401152362238f,0.21875f,0.31117636760206f,0.945933992522568f,-0.09153223495742739f,1.175497829616006f,-0.7721512068971988f,0.1955034109230155f,-0.6046163494354627f,0.06809834432798871f,0f,0f,0f,1f], start_interpolation: 0, interpolation_duration: 1 }
$data merge entity $(bone_head1) { transformation: [-1f,-2.478685421727296e-17f,1.1993001994759373e-16f,-5.503446912749742e-18f,0f,0.9793029306988242f,0.20240002451752237f,0.9090454878829581f,-1.2246467991473532e-16f,0.20240002451752237f,-0.9793029306988242f,0.04493905439986007f,0f,0f,0f,1f], start_interpolation: 0, interpolation_duration: 1 }
$data merge entity $(bone_finger_index_right3) { transformation: [0.37564445620997206f,0.5457510180666932f,-0.749030752905301f,-0.062444798354307135f,-0.9045313434859997f,0.039933666070911866f,-0.4245330976090663f,0.5571590145094448f,-0.20177782625979074f,0.8369952978322543f,0.5086497618563967f,0.3636315434578262f,0f,0f,0f,1f], start_interpolation: 0, interpolation_duration: 1 }
$data merge entity $(bone_finger_index_right1) { transformation: [0.6595291368157232f,0.06304164411898565f,-0.749030752905301f,-0.1270725804335805f,-0.5508305771789289f,0.7185800750641357f,-0.4245330976090663f,0.5783192662828446f,0.5114753101918358f,0.6925809893634072f,0.5086497618563967f,0.3475596416288489f,0f,0f,0f,1f], start_interpolation: 0, interpolation_duration: 1 }
$data merge entity $(bone_finger_middle_right3) { transformation: [0.41542565237044227f,0.3192818630923908f,-0.8517515008808871f,-0.12122002318782762f,-0.8985017278299717f,-0.00196976520281944f,-0.4389655625577032f,0.524805998766125f,-0.14183149311470744f,0.9476577504169408f,0.286057014658888f,0.3921117490242257f,0f,0f,0f,1f], start_interpolation: 0, interpolation_duration: 1 }
$data merge entity $(bone_finger_middle_right1) { transformation: [0.5195166663724895f,-0.06798392536748075f,-0.8517515008808871f,-0.15368981483610822f,-0.6367294989886616f,0.6339438303241438f,-0.4389655625577032f,0.5646015924529163f,0.569805210996585f,0.7703852321310304f,0.286057014658888f,0.3564989233369391f,0f,0f,0f,1f], start_interpolation: 0, interpolation_duration: 1 }
$data merge entity $(bone_finger_pinky_right3) { transformation: [0.35703240035893224f,0.2702841068662907f,-0.8941333047535085f,-0.18029634243110593f,-0.9257992556244588f,-0.024875110707225034f,-0.3771961918584294f,0.49377198836697545f,-0.1241918007725823f,0.962459209755299f,0.24134760445893913f,0.4057003436841604f,0f,0f,0f,1f], start_interpolation: 0, interpolation_duration: 1 }
$data merge entity $(bone_finger_pinky_right1) { transformation: [0.44723796129723437f,-0.022446365079067568f,-0.8941333047535085f,-0.18030704923863594f,-0.7251927881669882f,0.5760368502431841f,-0.3771961918584294f,0.5508839186229881f,0.5235204159966282f,0.8171154801230046f,0.24134760445893913f,0.36543820504502933f,0f,0f,0f,1f], start_interpolation: 0, interpolation_duration: 1 }
$data merge entity $(bone_forearm_right1) { transformation: [0.5042049358975506f,-0.14246670966826866f,-0.8517515008808871f,-0.35781019909344813f,-0.5382620637442685f,0.7194325441778123f,-0.4389655625577032f,0.6716497392048089f,0.6753157286412833f,0.6797941239920635f,0.286057014658888f,0.1314759719905906f,0f,0f,0f,1f], start_interpolation: 0, interpolation_duration: 1 }
$data merge entity $(bone_arm_right1) { transformation: [-0.5588628042983986f,-0.14246670966826866f,-0.8169305984035773f,-0.15625000000000003f,-0.6253172853275344f,0.7194325441778123f,0.30231623682568365f,0.8623488614099076f,0.5446564592863402f,0.6797941239920635f,-0.49115098528205137f,0.04085362895856359f,0f,0f,0f,1f], start_interpolation: 0, interpolation_duration: 1 }
$data merge entity $(bone_finger_index_left3) { transformation: [0.4540573398559745f,-0.6510174857151234f,0.6082829649234599f,0.026663781278875517f,0.843707151874687f,0.09476051150573206f,-0.5283736247530493f,0.6045936786700413f,0.2863392638085456f,0.7531246103748906f,0.5922948144710105f,0.328057784315524f,0f,0f,0f,1f], start_interpolation: 0, interpolation_duration: 1 }
$data merge entity $(bone_finger_index_left1) { transformation: [0.7814059028798646f,-0.13927185476049556f,0.6082829649234599f,0.09451049286272517f,0.5295852481517704f,0.6635968487005885f,-0.5283736247530493f,0.6211810809059942f,-0.3300670839155754f,0.735011954233548f,0.5922948144710105f,0.3259378045230196f,0f,0f,0f,1f], start_interpolation: 0, interpolation_duration: 1 }
$data merge entity $(bone_finger_middle_left3) { transformation: [0.44532435586799224f,-0.48991277563512253f,0.7494475901223834f,0.07659869769759292f,0.8440528356273242f,-0.049598278896142545f,-0.5339614418663707f,0.5650006131542664f,0.2987658426598176f,0.8703593987543481f,0.39142494588329246f,0.3634309390566835f,0f,0f,0f,1f], start_interpolation: 0, interpolation_duration: 1 }
$data merge entity $(bone_finger_middle_left1) { transformation: [0.6613125177033073f,-0.031528773979730085f,0.7494475901223834f,0.11793073005404964f,0.6319067630944594f,0.5617642044091714f,-0.5339614418663707f,0.6044947858476701f,-0.4041776795969758f,0.8266963862603159f,0.39142494588329246f,0.3381698340818725f,0f,0f,0f,1f], start_interpolation: 0, interpolation_duration: 1 }
$data merge entity $(bone_finger_pinky_left3) { transformation: [0.3620218987482908f,-0.4712930572321901f,0.8042530690220696f,0.12937713178631122f,0.8619440663889396f,-0.15928551621050124f,-0.4813320587104638f,0.5337124975694717f,0.3549543227565786f,0.867473906541453f,0.34856340918996187f,0.3929819444527037f,0f,0f,0f,1f], start_interpolation: 0, interpolation_duration: 1 }
$data merge entity $(bone_finger_pinky_left1) { transformation: [0.5937079018560412f,0.026228386192815478f,0.8042530690220696f,0.1413509672453741f,0.624869862162757f,0.6147008252949101f,-0.4813320587104638f,0.587808490789346f,-0.5069995883966715f,0.7883241510568331f,0.34856340918996187f,0.3504018636407254f,0f,0f,0f,1f], start_interpolation: 0, interpolation_duration: 1 }
$data merge entity $(bone_forearm_left1) { transformation: [0.6376964198501652f,0.17796512515106386f,0.7494475901223834f,0.3557092203984191f,0.4232692317633127f,0.7319346528498849f,-0.5339614418663707f,0.6690843938047188f,-0.6435731765330006f,0.6577234055341838f,0.39142494588329246f,0.13068649089860074f,0f,0f,0f,1f], start_interpolation: 0, interpolation_duration: 1 }
$data merge entity $(bone_arm_left1) { transformation: [-0.5588628042983982f,0.17796512515106386f,0.8099387508952121f,0.15624999999999997f,0.6253172853275345f,0.7319346528498849f,0.2706472919282978f,0.8623488614099076f,-0.5446564592863403f,0.6577234055341838f,-0.5203357215972995f,0.04085362895856362f,0f,0f,0f,1f], start_interpolation: 0, interpolation_duration: 1 }
$data merge entity $(bone_chest1) { transformation: [-1f,-1.067350013832297e-17f,1.21998664834562e-16f,1.3081854984796435e-17f,0f,0.9961946980917454f,0.08715574274765814f,0.608629112572745f,-1.2246467991473532e-16f,0.08715574274765814f,-0.9961946980917454f,-0.10682145247025127f,0f,0f,0f,1f], start_interpolation: 0, interpolation_duration: 1 }
$data merge entity $(bone_torso1) { transformation: [-1f,2.1265768495757713e-17f,1.2060416625018976e-16f,-3.987331592954571e-18f,0f,0.984807753012208f,-0.17364817766693033f,0.5380094079362168f,-1.2246467991473532e-16f,-0.17364817766693033f,-0.984807753012208f,0.03255903331254944f,0f,0f,0f,1f], start_interpolation: 0, interpolation_duration: 1 }
$data merge entity $(bone_toe_outer_right3) { transformation: [-0.3812269079561544f,-0.6008229107988663f,0.7026221420574273f,-0.4779300727557426f,-0.862087914955081f,0.5055155007139791f,-0.03547542002987042f,0.47399457401173617f,-0.33387193883072963f,-0.6192462421339936f,-0.7106782816889348f,0.34137000614523944f,0f,0f,0f,1f], start_interpolation: 0, interpolation_duration: 1 }
$data merge entity $(bone_toe_outer_right1) { transformation: [-0.3812269079561544f,0.07198292674250611f,0.9216748357787431f,-0.432238736393201f,-0.862087914955081f,0.3323685284812052f,-0.38253834861833014f,0.42314567988074425f,-0.33387193883072963f,-0.9403986492614828f,-0.0646522151870155f,0.3268957446075907f,0f,0f,0f,1f], start_interpolation: 0, interpolation_duration: 1 }
$data merge entity $(bone_toe_inner_right3) { transformation: [-0.6734674716841349f,-0.5613655285980019f,0.48094730260732843f,-0.4323307836179244f,-0.6792618313299935f,0.7266262362183529f,-0.1030421143871465f,0.5406342130390408f,-0.29162463730213584f,-0.39608465779557345f,-0.8706733111663417f,0.36841310012619494f,0f,0f,0f,1f], start_interpolation: 0, interpolation_duration: 1 }
$data merge entity $(bone_toe_inner_right1) { transformation: [-0.6734674716841349f,0.07198292674250611f,0.7357037602465833f,-0.3653034401123837f,-0.6792618313299935f,0.3323685284812052f,-0.6543198955965358f,0.5209661517933196f,-0.29162463730213584f,-0.9403986492614828f,-0.17494413790000615f,0.3665923614231363f,0f,0f,0f,1f], start_interpolation: 0, interpolation_duration: 1 }
$data merge entity $(bone_toe_back_right1) { transformation: [-0.5354823702465383f,0.6459109976266053f,0.5441117663680441f,-0.227846851371063f,-0.782563775300603f,-0.1372198680923487f,-0.6072599487764574f,0.3651254869223777f,-0.31757293452436475f,-0.7509791548010651f,0.5789453690218633f,0.32203465716021223f,0f,0f,0f,1f], start_interpolation: 0, interpolation_duration: 1 }
$data merge entity $(bone_foot_right1) { transformation: [-0.5354823702465383f,0.07198292674250611f,0.8414731661869751f,-0.3198829789227634f,-0.782563775300603f,0.3323685284812052f,-0.5264267269644518f,0.42270341018411456f,-0.31757293452436475f,-0.9403986492614828f,-0.12164625651766753f,0.33533971646683214f,0f,0f,0f,1f], start_interpolation: 0, interpolation_duration: 1 }
$data merge entity $(bone_knee_right1) { transformation: [-0.12968991517989806f,0.07198292674250611f,0.9889383116040222f,-0.3648206249427399f,-0.9317211916912981f,0.3323685284812052f,-0.14637889953331895f,0.5097509652677295f,-0.3392287529882718f,-0.9403986492614828f,0.02396317201876008f,0.11343608479499961f,0f,0f,0f,1f], start_interpolation: 0, interpolation_duration: 1 }
$data merge entity $(bone_leg_right1) { transformation: [0.011865792127551842f,0.8141487066677462f,0.580535172412854f,-0.125f,-0.8999392910658649f,0.2617591570497691f,-0.3486996072502272f,0.5533970290770325f,-0.4358537316268545f,-0.5183088144454334f,0.7357903896457979f,0.029845780536503635f,0f,0f,0f,1f], start_interpolation: 0, interpolation_duration: 1 }
$data merge entity $(bone_toe_outer_left3) { transformation: [-0.12813760520023496f,0.6177213724950382f,-0.7758872728021738f,0.43560623028090684f,0.9369585643172467f,0.33185239124451715f,0.10946524187092324f,0.42537985934485656f,0.32509906626459634f,-0.7129476112507442f,-0.6213021010150741f,0.33058558102491326f,0f,0f,0f,1f], start_interpolation: 0, interpolation_duration: 1 }
$data merge entity $(bone_toe_outer_left1) { transformation: [-0.12813760520023496f,0.06097706813630964f,-0.9898800691472925f,0.3777430261217084f,0.9369585643172467f,0.334624248026766f,-0.10067403530744748f,0.3898077770032271f,0.32509906626459634f,-0.9403767382246444f,-0.1000109360013508f,0.3141755517040602f,0f,0f,0f,1f], start_interpolation: 0, interpolation_duration: 1 }
$data merge entity $(bone_toe_inner_left3) { transformation: [-0.45896888517681866f,0.6698665941878085f,-0.5836319974356909f,0.41022291628380025f,0.8460205008860491f,0.5301077705052664f,-0.05687762064691548f,0.502466245212022f,0.2712874389279139f,-0.5198696929434935f,-0.8100238439939723f,0.35637011274626473f,0f,0f,0f,1f], start_interpolation: 0, interpolation_duration: 1 }
$data merge entity $(bone_toe_inner_left1) { transformation: [-0.45896888517681866f,0.06097706813630964f,-0.8863573543447633f,0.340482803975477f,0.8460205008860491f,0.334624248026766f,-0.4150613505411459f,0.5029630514558894f,0.2712874389279139f,-0.9403767382246444f,-0.2051699677972194f,0.35202472222543585f,0f,0f,0f,1f], start_interpolation: 0, interpolation_duration: 1 }
$data merge entity $(bone_toe_back_left1) { transformation: [-0.2980817771698512f,-0.49643409186496334f,-0.8152916328243976f,0.16561792809244336f,0.9052421956212977f,0.12391960318417769f,-0.4064240386756276f,0.3931980028134354f,0.3027933641710055f,-0.85918398750261f,0.4124549117577821f,0.301627054581675f,0f,0f,0f,1f], start_interpolation: 0, interpolation_duration: 1 }
$data merge entity $(bone_foot_left1) { transformation: [-0.2980817771698512f,0.06097706813630964f,-0.952590705014889f,0.26980753645344685f,0.9052421956212977f,0.334624248026766f,-0.26184571774091225f,0.4218373781913477f,0.3027933641710055f,-0.9403767382246444f,-0.15494440557820582f,0.31857409894179123f,0f,0f,0f,1f], start_interpolation: 0, interpolation_duration: 1 }
$data merge entity $(bone_knee_left1) { transformation: [-0.1296899151798981f,0.14376878241265878f,-0.981076481781218f,0.36482062494273987f,0.9317211916912981f,0.3561722597522044f,-0.07097141915134181f,0.5097509652677295f,0.3392287529882718f,-0.9232940260754372f,-0.18014437143422535f,0.11343608479499971f,0f,0f,0f,1f], start_interpolation: 0, interpolation_duration: 1 }
$data merge entity $(bone_leg_left1) { transformation: [0.011865792127551735f,-0.814148706667746f,-0.5805351724128542f,0.125f,0.8999392910658649f,0.2617591570497691f,-0.3486996072502272f,0.5533970290770325f,0.4358537316268545f,-0.5183088144454336f,0.7357903896457978f,0.029845780536503663f,0f,0f,0f,1f], start_interpolation: 0, interpolation_duration: 1 }