# This file was generated by Animated Java via MC-Build. It is not recommended to edit this file directly.
$data merge entity $(bone_tail7) { transformation: [-0.9893856055188885f,0.13974511199618422f,-0.039842530858324066f,-0.11819440421084014f,0.08169551840799585f,0.7616660771730116f,0.6427990581479757f,0.4114668079308533f,0.12017473055543493f,0.6327211791595485f,-0.7649980023365284f,-0.6989491342171339f,0f,0f,0f,1f], start_interpolation: 0, interpolation_duration: 1 }
$data merge entity $(bone_tail6) { transformation: [-0.9813859751633721f,0.10582353738517493f,-0.16025899877362873f,-0.08805061114729311f,0.06794267399252388f,0.9718329113445394f,0.22566476348411596f,0.2639412816212737f,0.17962561288241458f,0.21057580906382578f,-0.9609331234970163f,-0.4784573354426135f,0f,0f,0f,1f], start_interpolation: 0, interpolation_duration: 1 }
$data merge entity $(bone_tail5) { transformation: [-0.9703718834392261f,0.03027676383164324f,-0.23971175482752638f,-0.028122672440411518f,0.07787167947539726f,0.9783676204571081f,-0.19165803081733007f,0.31185578932560626f,0.2287234342307106f,-0.20464632127888005f,-0.9517381330075679f,-0.24052280219072153f,0f,0f,0f,1f], start_interpolation: 0, interpolation_duration: 1 }
$data merge entity $(bone_tail1) { transformation: [-0.9903742308446539f,-0.04710323260515594f,-0.13015440198857958f,8.87147145791372e-18f,0.024035619558207676f,0.8675062082031443f,-0.49684531568834966f,0.5173958252667384f,0.1363127722237109f,-0.49519113906364215f,-0.8580236383232919f,-0.07244106189711502f,0f,0f,0f,1f], start_interpolation: 0, interpolation_duration: 1 }
$data merge entity $(bone_pad_right1) { transformation: [-1f,-1.067350013832297e-17f,1.21998664834562e-16f,-0.15625000000000003f,0f,0.9961946980917454f,0.08715574274765814f,0.7982879585251479f,-1.2246467991473532e-16f,0.08715574274765814f,-0.9961946980917454f,0.0340445865564028f,0f,0f,0f,1f], start_interpolation: 0, interpolation_duration: 1 }
$data merge entity $(bone_pad_left1) { transformation: [-1f,-1.067350013832297e-17f,1.21998664834562e-16f,0.15624999999999997f,0f,0.9961946980917454f,0.08715574274765814f,0.7982879585251479f,-1.2246467991473532e-16f,0.08715574274765814f,-0.9961946980917454f,0.03404458655640283f,0f,0f,0f,1f], start_interpolation: 0, interpolation_duration: 1 }
$data merge entity $(bone_jaw1) { transformation: [-1f,-1.1162942627450348e-16f,5.036336978642083e-17f,-2.2780496683050378e-17f,0f,0.41124812330776317f,0.9115234396743961f,0.9120150441412666f,-1.2246467991473532e-16f,0.9115234396743961f,-0.41124812330776317f,0.18601687195778444f,0f,0f,0f,1f], start_interpolation: 0, interpolation_duration: 1 }
$data merge entity $(bone_eye_right1) { transformation: [-0.9063077870366499f,0.42261826174069944f,1.20328714900292e-16f,-0.12500000000000003f,0.4152471746470862f,0.8905004397527176f,0.18595362526132247f,1.04135453910457f,0.07858739787232141f,0.1685312186020317f,-0.9825585220495374f,0.2588381303075109f,0f,0f,0f,1f], start_interpolation: 0, interpolation_duration: 1 }
$data merge entity $(bone_eye_left1) { transformation: [-0.9063077870366499f,-0.42261826174069944f,1.20328714900292e-16f,0.12499999999999997f,-0.4152471746470862f,0.8905004397527176f,0.18595362526132247f,1.04135453910457f,-0.07858739787232163f,0.1685312186020316f,-0.9825585220495374f,0.25883813030751096f,0f,0f,0f,1f], start_interpolation: 0, interpolation_duration: 1 }
$data merge entity $(bone_ear_right1) { transformation: [-0.5540322932223236f,-0.2588190451025207f,-0.7912401152362236f,-0.21875f,-0.2981875667232101f,0.9490786522880652f,-0.10165572695505468f,1.1896154539954407f,0.7772595403843582f,0.17961740913199065f,-0.6029968434562545f,0.06362803229585078f,0f,0f,0f,1f], start_interpolation: 0, interpolation_duration: 1 }
$data merge entity $(bone_ear_left1) { transformation: [-0.5540322932223234f,0.2588190451025207f,0.7912401152362238f,0.21875f,0.2981875667232101f,0.9490786522880652f,-0.10165572695505468f,1.1896154539954407f,-0.7772595403843584f,0.1796174091319907f,-0.6029968434562543f,0.06362803229585083f,0f,0f,0f,1f], start_interpolation: 0, interpolation_duration: 1 }
$data merge entity $(bone_head1) { transformation: [-1f,-2.2772751196612497e-17f,1.20328714900292e-16f,-5.503446912749742e-18f,0f,0.9825585220495374f,0.18595362526132247f,0.922812295786616f,-1.2246467991473532e-16f,0.18595362526132247f,-0.9825585220495374f,0.04493905439986007f,0f,0f,0f,1f], start_interpolation: 0, interpolation_duration: 1 }
$data merge entity $(bone_finger_index_right3) { transformation: [0.36124893215190496f,0.557722135094678f,-0.7472919302685811f,-0.06270358046841709f,-0.907484313086035f,0.026003822347981653f,-0.41928036291491266f,0.5715895970442945f,-0.21440949261139197f,0.8296202873897962f,0.5155179417143473f,0.36406149293158335f,0f,0f,0f,1f], start_interpolation: 0, interpolation_duration: 1 }
$data merge entity $(bone_finger_index_right1) { transformation: [0.6594462799934679f,0.08176414102914975f,-0.7472919302685811f,-0.127271845788902f,-0.5633995888270792f,0.7118882500669728f,-0.41928036291491266f,0.5936995600048959f,0.4977062458039426f,0.6975168418456633f,0.5155179417143473f,0.3490647882474103f,0f,0f,0f,1f], start_interpolation: 0, interpolation_duration: 1 }
$data merge entity $(bone_finger_middle_right3) { transformation: [0.4019278340630517f,0.3322864118865896f,-0.8532524577643592f,-0.12148799308436578f,-0.9024615067387958f,-0.013959495856797566f,-0.43054426175500954f,0.5397445827402318f,-0.15497498204589655f,0.9430752212580711f,0.29426498600566503f,0.3930900080226916f,0f,0f,0f,1f], start_interpolation: 0, interpolation_duration: 1 }
$data merge entity $(bone_finger_middle_right1) { transformation: [0.519167872154759f,-0.04924392187245162f,-0.8532524577643592f,-0.15393598509403822f,-0.6480075053571187f,0.6282657969925446f,-0.43054426175500954f,0.5802450518250518f,0.5572710234016689f,0.7764387448395026f,0.29426498600566503f,0.3582605690600873f,0f,0f,0f,1f], start_interpolation: 0, interpolation_duration: 1 }
$data merge entity $(bone_finger_pinky_right3) { transformation: [0.34344014439912623f,0.28320941306117847f,-0.8954559149219184f,-0.1807622520015311f,-0.9291654768745373f,-0.03636678734866733f,-0.3678708650633402f,0.5093471934488807f,-0.13674934661496824f,0.9583683452261347f,0.2506585946439891f,0.4072438822524267f,0f,0f,0f,1f], start_interpolation: 0, interpolation_duration: 1 }
$data merge entity $(bone_finger_pinky_right1) { transformation: [0.4451339158232527f,-0.0038080723742111994f,-0.8954559149219184f,-0.18060012439917444f,-0.7351581706095631f,0.569397480520901f,-0.3678708650633402f,0.5667905436452078f,0.5112712207526038f,0.8220535309584422f,0.2506585946439891f,0.3674563498727643f,0f,0f,0f,1f], start_interpolation: 0, interpolation_duration: 1 }
$data merge entity $(bone_forearm_right1) { transformation: [0.5044244566217897f,-0.13234882274086365f,-0.8532524577643592f,-0.35869305533264195f,-0.5381714251173615f,0.7245710150544125f,-0.43054426175500954f,0.6875503394838636f,0.6752240256011038f,0.6763731464673368f,0.29426498600566503f,0.13393963144444f,0f,0f,0f,1f], start_interpolation: 0, interpolation_duration: 1 }
$data merge entity $(bone_arm_right1) { transformation: [-0.5601303597430015f,-0.13234882274086365f,-0.8177638835344119f,-0.15625000000000003f,-0.6176466892941251f,0.7245710150544125f,0.30579308583914144f,0.8761156693135655f,0.552056652254261f,0.6763731464673368f,-0.4875990355196494f,0.04085362895856359f,0f,0f,0f,1f], start_interpolation: 0, interpolation_duration: 1 }
$data merge entity $(bone_finger_index_left3) { transformation: [0.43729318647797677f,-0.6638514976065476f,0.6066925565601422f,0.026895606187541207f,0.8482284544445f,0.08031572065962411f,-0.5235053715919444f,0.6185967131279413f,0.2988028750374268f,0.7435392216557706f,0.5982192472069905f,0.32793312185022583f,0f,0f,0f,1f], start_interpolation: 0, interpolation_duration: 1 }
$data merge entity $(bone_finger_index_left1) { transformation: [0.7786268731836858f,-0.16020091813318402f,0.6066925565601422f,0.09451892815402602f,0.5429963014187857f,0.6565798828473952f,-0.5235053715919444f,0.6361744391043671f,-0.31447608653396175f,0.7370471648879638f,0.5982192472069905f,0.32697271791707166f,0f,0f,0f,1f], start_interpolation: 0, interpolation_duration: 1 }
$data merge entity $(bone_finger_middle_left3) { transformation: [0.4283656739206424f,-0.5024931618207275f,0.7510016456239773f,0.07684919238726673f,0.8483649159088271f,-0.062487563139432434f,-0.525711207706193f,0.5794915910763235f,0.3110945497136239f,0.8623200837138745f,0.39953004187692037f,0.3638189887916475f,0f,0f,0f,1f], start_interpolation: 0, interpolation_duration: 1 }
$data merge entity $(bone_finger_middle_left1) { transformation: [0.6582165950801372f,-0.052416049366473844f,0.7510016456239773f,0.1179877295797753f,0.644069964595602f,0.5556992053241716f,-0.525711207706193f,0.6197459638635486f,-0.3897753130547531f,0.8297294444401109f,0.39953004187692037f,0.3394580317257254f,0f,0f,0f,1f], start_interpolation: 0, interpolation_duration: 1 }
$data merge entity $(bone_finger_pinky_left3) { transformation: [0.3439563670047263f,-0.482240513886104f,0.8056910725357308f,0.12961477889504122f,0.8646763290904727f,-0.17187314218553845f,-0.47201108981240475f,0.5487703793650628f,0.3660995267786267f,0.8590132186189778f,0.3578650957139148f,0.39398140303690865f,0f,0f,0f,1f], start_interpolation: 0, interpolation_duration: 1 }
$data merge entity $(bone_finger_pinky_left1) { transformation: [0.5923135700355995f,0.005150765759247472f,0.8056910725357308f,0.1414565310055246f,0.6367482032164742f,0.6097189982235237f,-0.47201108981240475f,0.60331748862273f,-0.49367637218351307f,0.79260091648786f,0.3578650957139148f,0.3519433455343792f,0f,0f,0f,1f], start_interpolation: 0, interpolation_duration: 1 }
$data merge entity $(bone_forearm_left1) { transformation: [0.6385987757791143f,0.16789321559698128f,0.7510016456239773f,0.3566174553811386f,0.42442261757663385f,0.7372198910647313f,-0.525711207706193f,0.6849638989809503f,-0.6419166965135078f,0.6544606178946224f,0.39953004187692037f,0.13315185021875134f,0f,0f,0f,1f], start_interpolation: 0, interpolation_duration: 1 }
$data merge entity $(bone_arm_left1) { transformation: [-0.5601303597430013f,0.16789321559698128f,0.8112125789524479f,0.15624999999999997f,0.6176466892941251f,0.7372198910647313f,0.27389669480026946f,0.8761156693135655f,-0.552056652254261f,0.6544606178946224f,-0.5166379315602044f,0.04085362895856362f,0f,0f,0f,1f], start_interpolation: 0, interpolation_duration: 1 }
$data merge entity $(bone_chest1) { transformation: [-1f,-1.067350013832297e-17f,1.21998664834562e-16f,1.3081854984796435e-17f,0f,0.9961946980917454f,0.08715574274765814f,0.6223959204764029f,-1.2246467991473532e-16f,0.08715574274765814f,-0.9961946980917454f,-0.10682145247025127f,0f,0f,0f,1f], start_interpolation: 0, interpolation_duration: 1 }
$data merge entity $(bone_torso1) { transformation: [-1f,2.1265768495757713e-17f,1.2060416625018976e-16f,-3.987331592954571e-18f,0f,0.984807753012208f,-0.17364817766693033f,0.5517762158398747f,-1.2246467991473532e-16f,-0.17364817766693033f,-0.984807753012208f,0.03255903331254944f,0f,0f,0f,1f], start_interpolation: 0, interpolation_duration: 1 }
$data merge entity $(bone_toe_outer_right3) { transformation: [-0.3878194861072063f,-0.5956996482064791f,0.7033761264943671f,-0.47904203335889994f,-0.8616902038967511f,0.5052329125420868f,-0.04721966319887905f,0.493285999238742f,-0.3272400322453195f,-0.6244050233709827f,-0.7092477198307832f,0.3414673988054592f,0f,0f,0f,1f], start_interpolation: 0, interpolation_duration: 1 }
$data merge entity $(bone_toe_outer_right1) { transformation: [-0.3878194861072063f,0.0761387679716517f,0.9185852895661359f,-0.43374981170186666f,-0.8616902038967511f,0.32386427448386723f,-0.39064296259041176f,0.4419429952050678f,-0.3272400322453195f,-0.94303489846601f,-0.059992846000876704f,0.32749159492273816f,0f,0f,0f,1f], start_interpolation: 0, interpolation_duration: 1 }
$data merge entity $(bone_toe_inner_right3) { transformation: [-0.6786057816861856f,-0.5547566347594528f,0.48139305068981675f,-0.4329355639695674f,-0.6761161639509454f,0.727875506975596f,-0.1142986403649563f,0.5597724417182981f,-0.2869862817389348f,-0.4030413409755712f,-0.8690204552012999f,0.3680232275157409f,0f,0f,0f,1f], start_interpolation: 0, interpolation_duration: 1 }
$data merge entity $(bone_toe_inner_right1) { transformation: [-0.6786057816861856f,0.0761387679716517f,0.7305457419449108f,-0.36607002442031716f,-0.6761161639509454f,0.32386427448386723f,-0.6617997163472471f,0.5395385895700622f,-0.2869862817389348f,-0.94303489846601f,-0.16829751741740986f,0.3664729539814945f,0f,0f,0f,1f], start_interpolation: 0, interpolation_duration: 1 }
$data merge entity $(bone_toe_back_right1) { transformation: [-0.5414382982523961f,0.6458886834463315f,0.5382122051584434f,-0.22983624644798425f,-0.7807647549199551f,-0.1488282130470884f,-0.606841462390296f,0.3822031521703063f,-0.3118508724700506f,-0.7487843291610579f,0.584868414040708f,0.323438857004648f,0f,0f,0f,1f], start_interpolation: 0, interpolation_duration: 1 }
$data merge entity $(bone_foot_right1) { transformation: [-0.5414382982523961f,0.0761387679716517f,0.837285767941453f,-0.3214143773165807f,-0.7807647549199551f,0.32386427448386723f,-0.534339151838812f,0.4406464969026764f,-0.3118508724700506f,-0.94303489846601f,-0.11590605512599808f,0.336116081784054f,0f,0f,0f,1f], start_interpolation: 0, interpolation_duration: 1 }
$data merge entity $(bone_knee_right1) { transformation: [-0.1368574900783752f,0.0761387679716517f,0.9876603239075704f,-0.365298123817448f,-0.9334346607578353f,0.32386427448386723f,-0.15431029067739946f,0.5261965794021702f,-0.3316168896563511f,-0.94303489846601f,0.026747313320222066f,0.11342057037356905f,0f,0f,0f,1f], start_interpolation: 0, interpolation_duration: 1 }
$data merge entity $(bone_leg_right1) { transformation: [0.00510097844903595f,0.8170599606007491f,0.5765301386761713f,-0.125f,-0.9036310154085871f,0.25068982298600234f,-0.3472831706876866f,0.5671638369806904f,-0.4282814121702091f,-0.5191990306562114f,0.7395994852317991f,0.029845780536503635f,0f,0f,0f,1f], start_interpolation: 0, interpolation_duration: 1 }
$data merge entity $(bone_toe_outer_left3) { transformation: [-0.1353697227825604f,0.6138883944964778f,-0.7776992203006957f,0.43710432482816897f,0.9385659245812273f,0.33093491335798664f,0.09785748993167508f,0.44423569942595514f,0.31744140147239563f,-0.7166750464633738f,-0.6209732960506131f,0.3311572755947536f,0f,0f,0f,1f], start_interpolation: 0, interpolation_duration: 1 }
$data merge entity $(bone_toe_outer_left1) { transformation: [-0.1353697227825604f,0.05679798598401674f,-0.9891658237838248f,0.37951176467863496f,0.9385659245812273f,0.3272147611490637f,-0.10965630534149512f,0.40805199519894836f,0.31744140147239563f,-0.9432414796192545f,-0.09760362573655074f,0.3151370051902068f,0f,0f,0f,1f], start_interpolation: 0, interpolation_duration: 1 }
$data merge entity $(bone_toe_inner_left3) { transformation: [-0.46552056640000294f,0.6646878974642813f,-0.5843634153702078f,0.4111250738096057f,0.8444588081806214f,0.5312255900631616f,-0.06847403703748275f,0.5213240597117265f,0.2649149364320271f,-0.5253469057932666f,-0.8085979872771485f,0.35633521865196566f,0f,0f,0f,1f], start_interpolation: 0, interpolation_duration: 1 }
$data merge entity $(bone_toe_inner_left1) { transformation: [-0.46552056640000294f,0.05679798598401674f,-0.8832126533552269f,0.34137676527490396f,0.8444588081806214f,0.3272147611490637f,-0.4240516729979095f,0.5212101679050015f,0.2649149364320271f,-0.9432414796192545f,-0.20028876049567618f,0.35209576288448674f,0f,0f,0f,1f], start_interpolation: 0, interpolation_duration: 1 }
$data merge entity $(bone_toe_back_left1) { transformation: [-0.3050799952298479f,-0.4987336225679009f,-0.8112896956271878f,0.16734724832272044f,0.905265381648425f,0.11261626527060184f,-0.4096488320323069f,0.40959016987728397f,0.295670061554239f,-0.8594081396617093f,0.41712931350327365f,0.3028949611157956f,0f,0f,0f,1f], start_interpolation: 0, interpolation_duration: 1 }
$data merge entity $(bone_foot_left1) { transformation: [-0.3050799952298479f,0.05679798598401674f,-0.9506314666045491f,0.271322564982593f,0.905265381648425f,0.3272147611490637f,-0.27097064209078614f,0.4392275838559637f,0.295670061554239f,-0.9432414796192545f,-0.15124392822917496f,0.3194372657658616f,0f,0f,0f,1f], start_interpolation: 0, interpolation_duration: 1 }
$data merge entity $(bone_knee_left1) { transformation: [-0.13685749007837525f,0.13943484405078183f,-0.9807282761672482f,0.365298123817448f,0.9334346607578353f,0.3495862577682865f,-0.08055546210822942f,0.5261965794021702f,0.33161688965635105f,-0.9264703841160274f,-0.17799681415842278f,0.11342057037356912f,0f,0f,0f,1f], start_interpolation: 0, interpolation_duration: 1 }
$data merge entity $(bone_leg_left1) { transformation: [0.005100978449035846f,-0.8170599606007489f,-0.5765301386761715f,0.125f,0.9036310154085871f,0.25068982298600234f,-0.3472831706876866f,0.5671638369806904f,0.4282814121702091f,-0.5191990306562115f,0.7395994852317989f,0.029845780536503663f,0f,0f,0f,1f], start_interpolation: 0, interpolation_duration: 1 }