# This file was generated by Animated Java via MC-Build. It is not recommended to edit this file directly.
$data merge entity $(bone_tail7) { transformation: [-0.9862390929030536f,0.1057412223381638f,-0.12708755064203914f,-0.005903149509944774f,0.025555734780026006f,0.8569796886193921f,0.5147161525672794f,0.3520491462101901f,0.16333816470627688f,0.5043853756724523f,-0.8478891653737205f,-0.714255590103663f,0f,0f,0f,1f], start_interpolation: 0, interpolation_duration: 1 }
$data merge entity $(bone_tail6) { transformation: [-0.9968527360149853f,0.0417740016285578f,-0.06737622345735272f,0.007024593701716113f,0.03496066613582826f,0.9944421076105769f,0.09931085758552771f,0.2339924842253166f,0.07115036558428235f,0.09664278244634239f,-0.9927727827042057f,-0.4751226552819562f,0f,0f,0f,1f], start_interpolation: 0, interpolation_duration: 1 }
$data merge entity $(bone_tail5) { transformation: [-0.9998994921180604f,0.014173796450949737f,-0.00033038797159978123f,0.0071071906946160585f,0.013722037094557197f,0.9616439583940897f,-0.2739573013849459f,0.3024818095715531f,-0.0035652994292667065f,-0.2739343001128437f,-0.961741798957322f,-0.23468720554262565f,0f,0f,0f,1f], start_interpolation: 0, interpolation_duration: 1 }
$data merge entity $(bone_tail1) { transformation: [-0.9993470951267763f,0.013528164200790742f,0.03350182435376073f,8.87147145791372e-18f,-0.006273924427460233f,0.8481918640311348f,-0.5296519608796587f,0.5144127870443866f,-0.035581193543110796f,-0.5295163364474655f,-0.8475532007498421f,-0.07244106189711502f,0f,0f,0f,1f], start_interpolation: 0, interpolation_duration: 1 }
$data merge entity $(bone_pad_right1) { transformation: [-1f,-1.067350013832297e-17f,1.21998664834562e-16f,-0.15625000000000003f,0f,0.9961946980917454f,0.08715574274765814f,0.7953049203027961f,-1.2246467991473532e-16f,0.08715574274765814f,-0.9961946980917454f,0.0340445865564028f,0f,0f,0f,1f], start_interpolation: 0, interpolation_duration: 1 }
$data merge entity $(bone_pad_left1) { transformation: [-1f,-1.067350013832297e-17f,1.21998664834562e-16f,0.15624999999999997f,0f,0.9961946980917454f,0.08715574274765814f,0.7953049203027961f,-1.2246467991473532e-16f,0.08715574274765814f,-0.9961946980917454f,0.03404458655640283f,0f,0f,0f,1f], start_interpolation: 0, interpolation_duration: 1 }
$data merge entity $(bone_jaw1) { transformation: [-1f,-1.0915920663081311e-16f,5.551455155497536e-17f,-2.2823364468066656e-17f,0f,0.4533107145148034f,0.8913525655463601f,0.9156230974731837f,-1.2246467991473532e-16f,0.8913525655463601f,-0.4533107145148034f,0.18636691398660554f,0f,0f,0f,1f], start_interpolation: 0, interpolation_duration: 1 }
$data merge entity $(bone_eye_right1) { transformation: [-0.9063077870366499f,0.42261826174069944f,1.2125982591112422e-16f,-0.12500000000000003f,0.41846038287299686f,0.8973911870302212f,0.13992842958553886f,1.048217974942342f,0.05913630967954618f,0.12681822536118348f,-0.9901616204406858f,0.2530770263680045f,0f,0f,0f,1f], start_interpolation: 0, interpolation_duration: 1 }
$data merge entity $(bone_eye_left1) { transformation: [-0.9063077870366499f,-0.42261826174069944f,1.2125982591112422e-16f,0.12499999999999997f,-0.41846038287299686f,0.8973911870302212f,0.13992842958553886f,1.048217974942342f,-0.0591363096795464f,0.12681822536118337f,-0.9901616204406858f,0.2530770263680045f,0f,0f,0f,1f], start_interpolation: 0, interpolation_duration: 1 }
$data merge entity $(bone_ear_right1) { transformation: [-0.5540322932223236f,-0.2588190451025207f,-0.7912401152362236f,-0.21875f,-0.26161463260269785f,0.9564226813838923f,-0.12966664390891341f,1.1872137014183695f,0.7903201895908825f,0.1351604839687433f,-0.5975999008520386f,0.05116499286974737f,0f,0f,0f,1f], start_interpolation: 0, interpolation_duration: 1 }
$data merge entity $(bone_ear_left1) { transformation: [-0.5540322932223234f,0.2588190451025207f,0.7912401152362238f,0.21875f,0.26161463260269785f,0.9564226813838923f,-0.12966664390891341f,1.1872137014183695f,-0.7903201895908826f,0.13516048396874336f,-0.5975999008520384f,0.051164992869747426f,0f,0f,0f,1f], start_interpolation: 0, interpolation_duration: 1 }
$data merge entity $(bone_head1) { transformation: [-1f,-1.71362903401646e-17f,1.2125982591112422e-16f,-5.503446912749742e-18f,0f,0.9901616204406858f,0.13992842958553886f,0.9198292575642644f,-1.2246467991473532e-16f,0.13992842958553886f,-0.9901616204406858f,0.04493905439986007f,0f,0f,0f,1f], start_interpolation: 0, interpolation_duration: 1 }
$data merge entity $(bone_finger_index_right3) { transformation: [0.3195795211280894f,0.589134251117652f,-0.7421521163720979f,-0.06338383998309177f,-0.9143168904622334f,-0.013913445098712673f,-0.40476047220665845f,0.5704295311958574f,-0.24878415040153368f,0.8079153731706854f,0.5342089444247997f,0.36511972492979783f,0f,0f,0f,1f], start_interpolation: 0, interpolation_duration: 1 }
$data merge entity $(bone_finger_index_right1) { transformation: [0.6567247758104315f,0.13387608076558805f,-0.7421521163720979f,-0.1276213921078718f,-0.5983698858187583f,0.691463983070911f,-0.40476047220665845f,0.5951788843030716f,0.4589837127633007f,0.7098977075005642f,0.5342089444247997f,0.3531272723953665f,0f,0f,0f,1f], start_interpolation: 0, interpolation_duration: 1 }
$data merge entity $(bone_finger_middle_right3) { transformation: [0.3626230721765098f,0.3668216455746994f,-0.8567067105276689f,-0.12215627016044975f,-0.9121824438620185f,-0.04856016033375987f,-0.4068969156165664f,0.5400041300399503f,-0.19086041138797022f,0.9290230304821452f,0.3169992305962045f,0.3956559854502425f,0f,0f,0f,1f], start_interpolation: 0, interpolation_duration: 1 }
$data merge entity $(bone_finger_middle_right1) { transformation: [0.5157953064225872f,0.0029688397211692363f,-0.8567067105276689f,-0.15439347681186144f,-0.679347610401658f,0.6106731730666429f,-0.4068969156165664f,0.5824633556900539f,0.5219597935799136f,0.7918771758848894f,0.3169992305962045f,0.3630334983514979f,0f,0f,0f,1f], start_interpolation: 0, interpolation_duration: 1 }
$data merge entity $(bone_finger_pinky_right3) { transformation: [0.303927817712151f,0.3175704792017992f,-0.8982075886788471f,-0.1819250120932648f,-0.9372210547504309f,-0.06957004949541806f,-0.34172606389576843f,0.5114019034061303f,-0.1710104562686715f,0.9456791205016342f,0.2764894661538412f,0.4113843458535529f,0f,0f,0f,1f], start_interpolation: 0, interpolation_duration: 1 }
$data merge entity $(bone_finger_pinky_right1) { transformation: [0.43695258510080426f,0.047912065426729475f,-0.8982075886788471f,-0.18116556151585111f,-0.762671746786609f,0.5491403317074494f,-0.34172606389576843f,0.5697478270770362f,0.4768692116578574f,0.8343556376502631f,0.2764894661538412f,0.3729397243076293f,0f,0f,0f,1f], start_interpolation: 0, interpolation_duration: 1 }
$data merge entity $(bone_forearm_right1) { transformation: [0.5052206376308024f,-0.10395056252270143f,-0.8567067105276689f,-0.36094641286121487f,-0.5380993646894396f,0.7381625659585741f,-0.4068969156165664f,0.6905869796501602f,0.6746859869841276f,0.6665660558179269f,0.3169992305962045f,0.14076129546475546f,0f,0f,0f,1f], start_interpolation: 0, interpolation_duration: 1 }
$data merge entity $(bone_arm_right1) { transformation: [-0.5629244952867222f,-0.10395056252270143f,-0.8199452988812137f,-0.15625000000000003f,-0.5961844612933144f,0.7381625659585741f,0.3157215772319881f,0.8731326310912138f,0.5724334902140069f,0.6665660558179269f,-0.4775035000005157f,0.04085362895856359f,0f,0f,0f,1f], start_interpolation: 0, interpolation_duration: 1 }
$data merge entity $(bone_finger_index_left3) { transformation: [0.38889006024770856f,-0.6973387876331035f,0.602065724238581f,0.027557152205551258f,0.8592393642132572f,0.0387678017803596f,-0.5101027078260965f,0.6162421279406293f,0.3323736391877833f,0.7156924428883624f,0.6142573492971467f,0.3274798993599181f,0f,0f,0f,1f], start_interpolation: 0, interpolation_duration: 1 }
$data merge entity $(bone_finger_index_left1) { transformation: [0.768079784256973f,-0.21810618678257349f,0.602065724238581f,0.09437669260406772f,0.5801610055670237f,0.6349869566282001f,-0.5101027078260965f,0.6365614811690027f,-0.2710473254529947f,0.7410946337676594f,0.6142573492971467f,0.32973498368464177f,0f,0f,0f,1f], start_interpolation: 0, interpolation_duration: 1 }
$data merge entity $(bone_finger_middle_left3) { transformation: [0.3794546198444585f,-0.5353646617318554f,0.7545852307376772f,0.07752779871694404f,0.8587731451021863f,-0.09967750835633737f,-0.5025664926944209f,0.5784983434914771f,0.34427151600153716f,0.8387187092801782f,0.4219337032916365f,0.3647720971191293f,0f,0f,0f,1f], start_interpolation: 0, interpolation_duration: 1 }
$data merge entity $(bone_finger_middle_left1) { transformation: [0.6468749175628171f,-0.11024504787365697f,0.7545852307376772f,0.11795748106462012f,0.6777269564931997f,0.53676167231211f,-0.5025664926944209f,0.620856278272302f,-0.34962696330598275f,0.8365004103741025f,0.4219337032916365f,0.3429204119125054f,0f,0f,0f,1f], start_interpolation: 0, interpolation_duration: 1 }
$data merge entity $(bone_finger_pinky_left3) { transformation: [0.29220100888335404f,-0.5104877109499852f,0.8087155664240638f,0.1302002143895131f,0.8705698353747764f,-0.20806665757287202f,-0.44588835793501935f,0.549356028460871f,0.3958872720145027f,0.834332405564771f,0.38361791522479427f,0.39661724280090127f,0f,0f,0f,1f], start_interpolation: 0, interpolation_duration: 1 }
$data merge entity $(bone_finger_pinky_left1) { transformation: [0.5857666653825829f,-0.05344666827759023f,0.8087155664240638f,0.14153826952517254f,0.669776571668177f,0.5937869283694576f,-0.44588835793501935f,0.6051510753756014f,-0.4563734849561184f,0.8028452760947091f,0.38361791522479427f,0.35610584014036906f,0f,0f,0f,1f], start_interpolation: 0, interpolation_duration: 1 }
$data merge entity $(bone_forearm_left1) { transformation: [0.6411771867613616f,0.1396171362310242f,0.7545852307376772f,0.3589423755878212f,0.4278761886645187f,0.7512315805360912f,-0.5025664926944209f,0.6879432010989336f,-0.6370351500119213f,0.6451032224969069f,0.4219337032916365f,0.13997857043496476f,0f,0f,0f,1f], start_interpolation: 0, interpolation_duration: 1 }
$data merge entity $(bone_arm_left1) { transformation: [-0.562924495286722f,0.1396171362310242f,0.8146306327881594f,0.15624999999999997f,0.5961844612933141f,0.7512315805360912f,0.28322288134549956f,0.8731326310912138f,-0.5724334902140071f,0.6451032224969069f,-0.506124225467934f,0.04085362895856362f,0f,0f,0f,1f], start_interpolation: 0, interpolation_duration: 1 }
$data merge entity $(bone_chest1) { transformation: [-1f,-1.067350013832297e-17f,1.21998664834562e-16f,1.3081854984796435e-17f,0f,0.9961946980917454f,0.08715574274765814f,0.6194128822540511f,-1.2246467991473532e-16f,0.08715574274765814f,-0.9961946980917454f,-0.10682145247025127f,0f,0f,0f,1f], start_interpolation: 0, interpolation_duration: 1 }
$data merge entity $(bone_torso1) { transformation: [-1f,2.1265768495757713e-17f,1.2060416625018976e-16f,-3.987331592954571e-18f,0f,0.984807753012208f,-0.17364817766693033f,0.5487931776175229f,-1.2246467991473532e-16f,-0.17364817766693033f,-0.984807753012208f,0.03255903331254944f,0f,0f,0f,1f], start_interpolation: 0, interpolation_duration: 1 }
$data merge entity $(bone_toe_outer_right3) { transformation: [-0.4063659419119362f,-0.5816160652416116f,0.7046910485502781f,-0.48178718007486154f,-0.8599770794030268f,0.5040382331226266f,-0.07990545946342195f,0.5057472922804285f,-0.30871693208417467f,-0.6384890071124841f,-0.7050004564828658f,0.3416151868640279f,0f,0f,0f,1f], start_interpolation: 0, interpolation_duration: 1 }
$data merge entity $(bone_toe_outer_right1) { transformation: [-0.4063659419119362f,0.08702715529197924f,0.9095564828507412f,-0.43763883558143823f,-0.8599770794030268f,0.29990716037788273f,-0.41291054485870765f,0.4530660994954146f,-0.30871693208417467f,-0.9499905101609492f,-0.04703069687634246f,0.32902836418162607f,0f,0f,0f,1f], start_interpolation: 0, interpolation_duration: 1 }
$data merge entity $(bone_toe_inner_right3) { transformation: [-0.6929457155807631f,-0.5363652825763323f,0.4818075538065745f,-0.43425888079665714f,-0.6668903918267863f,0.7307948073914391f,-0.14558899264307287f,0.5717607959453321f,-0.27401357730481063f,-0.42219809703090855f,-0.8640979842101819f,0.3668093070755332f,0f,0f,0f,1f], start_interpolation: 0, interpolation_duration: 1 }
$data merge entity $(bone_toe_inner_right1) { transformation: [-0.6929457155807631f,0.08702715529197924f,0.7157181774274353f,-0.3678719410955436f,-0.6668903918267863f,0.29990716037788273f,-0.6821384760026297f,0.5499674659397549f,-0.27401357730481063f,-0.9499905101609492f,-0.14978180816360803f,0.36601086835608304f,0f,0f,0f,1f], start_interpolation: 0, interpolation_duration: 1 }
$data merge entity $(bone_toe_back_right1) { transformation: [-0.5581351558871571f,0.6450233192476882f,0.5219483359390216f,-0.23514200676262914f,-0.7752109315547222f,-0.18106444810460542f,-0.6051972217638101f,0.3885851817619098f,-0.2958600333956558f,-0.7424019014383445f,0.6010875621570054f,0.32722248722820596f,0f,0f,0f,1f], start_interpolation: 0, interpolation_duration: 1 }
$data merge entity $(bone_foot_right1) { transformation: [-0.5581351558871571f,0.08702715529197924f,0.825173570835012f,-0.3253953660727086f,-0.7752109315547222f,0.29990716037788273f,-0.5559709585510151f,0.44939450535342707f,-0.2958600333956558f,-0.9499905101609492f,-0.09992432758473152f,0.338151710557786f,0f,0f,0f,1f], start_interpolation: 0, interpolation_duration: 1 }
$data merge entity $(bone_knee_right1) { transformation: [-0.15710881785878641f,0.08702715529197924f,0.9837393423020147f,-0.36648208544502686f,-0.9375431839451207f,0.29990716037788273f,-0.1762625127249705f,0.530701653112304f,-0.3103700977688736f,-0.9499905101609492f,0.034473656827774035f,0.11334308118707766f,0f,0f,0f,1f], start_interpolation: 0, interpolation_duration: 1 }
$data merge entity $(bone_leg_right1) { transformation: [-0.01414891405843272f,0.8245111438598457f,0.5656687916810472f,-0.125f,-0.9132713208947771f,0.21967697580686246f,-0.34304157289089626f,0.5641807987583386f,-0.40710600912056794f,-0.5214627503008054f,0.7498941907940371f,0.029845780536503635f,0f,0f,0f,1f], start_interpolation: 0, interpolation_duration: 1 }
$data merge entity $(bone_toe_outer_left3) { transformation: [-0.15579149672091805f,0.6034773044224803f,-0.782012885185681f,0.44095303102655947f,0.9423745812050058f,0.3280948902689019f,0.06545144519509702f,0.4555201954806177f,0.2960728934707561f,-0.7267522865642833f,-0.6198160660433383f,0.3326255835515207f,0f,0f,0f,1f], start_interpolation: 0, interpolation_duration: 1 }
$data merge entity $(bone_toe_outer_left1) { transformation: [-0.15579149672091805f,0.04579550373428232f,-0.9867278152495649f,0.38415102684599034f,0.9423745812050058f,0.30630100677357297f,-0.1345728128121916f,0.41766018901719926f,0.2960728934707561f,-0.9508325115850944f,-0.09087561094504548f,0.3176935799464943f,0f,0f,0f,1f], start_interpolation: 0, interpolation_duration: 1 }
$data merge entity $(bone_toe_inner_left3) { transformation: [-0.48387690864491884f,0.650349102060477f,-0.5855844795837472f,0.41329722368400773f,0.8395158272487907f,0.5339145340925496f,-0.10073949614482947f,0.5325595137091851f,0.24713622372896968f,-0.5403529547748089f,-0.8043272786541046f,0.3561110121985732f,0f,0f,0f,1f], start_interpolation: 0, interpolation_duration: 1 }
$data merge entity $(bone_toe_inner_left1) { transformation: [-0.48387690864491884f,0.04579550373428232f,-0.8739370166768083f,0.3435550067465535f,0.8395158272487907f,0.30630100677357297f,-0.448768168488223f,0.5307463727801959f,0.24713622372896968f,-0.9508325115850944f,-0.18665803447418383f,0.35216789203546706f,0f,0f,0f,1f], start_interpolation: 0, interpolation_duration: 1 }
$data merge entity $(bone_toe_back_left1) { transformation: [-0.32476816079549453f,-0.5043351697921302f,-0.8001072917079652f,0.17196401976663572f,0.9046894701039725f,0.08103097526899877f,-0.41829528294011187f,0.41404375409551153f,0.2757944967117821f,-0.8596976314714946f,0.4299504367084614f,0.3063088950512891f,0f,0f,0f,1f], start_interpolation: 0, interpolation_duration: 1 }
$data merge entity $(bone_foot_left1) { transformation: [-0.32476816079549453f,0.04579550373428232f,-0.9446842930689782f,0.2752888643210552f,0.9046894701039725f,0.30630100677357297f,-0.29616997810799284f,0.4464373454510732f,0.2757944967117821f,-0.9508325115850944f,-0.14090752462617387f,0.32172065555727686f,0f,0f,0f,1f], start_interpolation: 0, interpolation_duration: 1 }
$data merge entity $(bone_knee_left1) { transformation: [-0.15710881785878647f,0.12795589924100598f,-0.9792569158297735f,0.3664820854450268f,0.9375431839451207f,0.330948353389557f,-0.10717259736885354f,0.530701653112304f,0.31037009776887353f,-0.9349334068468012f,-0.17195908575231889f,0.11334308118707775f,0f,0f,0f,1f], start_interpolation: 0, interpolation_duration: 1 }
$data merge entity $(bone_leg_left1) { transformation: [-0.014148914058432821f,-0.8245111438598455f,-0.5656687916810474f,0.125f,0.9132713208947771f,0.21967697580686246f,-0.34304157289089626f,0.5641807987583386f,0.40710600912056794f,-0.5214627503008056f,0.7498941907940369f,0.029845780536503663f,0f,0f,0f,1f], start_interpolation: 0, interpolation_duration: 1 }