# This file was generated by Animated Java via MC-Build. It is not recommended to edit this file directly.
$data merge entity $(bone_tail7) { transformation: [-0.9760926535798766f,-0.16026821681988881f,0.14682380700951775f,0.06019105976473868f,-0.04006063352995847f,0.7965833552545607f,0.60319988707937f,0.38338937188476796f,-0.21363117110705865f,0.5828971236923024f,-0.7839596073285071f,-0.7142003940242994f,0f,0f,0f,1f], start_interpolation: 0, interpolation_duration: 1 }
$data merge entity $(bone_tail6) { transformation: [-0.9864862380888413f,-0.08738889771716721f,0.13859322716895106f,0.03373546213348534f,-0.054160398780699046f,0.9722601193295844f,0.22754540550215008f,0.23535363432208187f,-0.15463360975299528f,0.21696414661644145f,-0.963854245110617f,-0.49357722149193645f,0f,0f,0f,1f], start_interpolation: 0, interpolation_duration: 1 }
$data merge entity $(bone_tail5) { transformation: [-0.993470954429005f,-0.027404422680677047f,0.11074502392189216f,0.006049206153012302f,-0.045698945916558625f,0.9850317706588244f,-0.1662047446219771f,0.27690482047757614f,-0.10453262193228066f,-0.1701805171289592f,-0.9798528065692738f,-0.248614019849618f,0f,0f,0f,1f], start_interpolation: 0, interpolation_duration: 1 }
$data merge entity $(bone_tail1) { transformation: [-0.9995786606371866f,0.009033465531658187f,0.027584374186420995f,8.87147145791372e-18f,-0.0050402896386238f,0.8818795305372746f,-0.47144786466767974f,0.47744299263236556f,-0.0285849029931348f,-0.4713882583601806f,-0.8814624286950797f,-0.07244106189711502f,0f,0f,0f,1f], start_interpolation: 0, interpolation_duration: 1 }
$data merge entity $(bone_pad_right1) { transformation: [-1f,-1.067350013832297e-17f,1.21998664834562e-16f,-0.15625000000000003f,0f,0.9961946980917454f,0.08715574274765814f,0.758335125890775f,-1.2246467991473532e-16f,0.08715574274765814f,-0.9961946980917454f,0.0340445865564028f,0f,0f,0f,1f], start_interpolation: 0, interpolation_duration: 1 }
$data merge entity $(bone_pad_left1) { transformation: [-1f,-1.067350013832297e-17f,1.21998664834562e-16f,0.15624999999999997f,0f,0.9961946980917454f,0.08715574274765814f,0.758335125890775f,-1.2246467991473532e-16f,0.08715574274765814f,-0.9961946980917454f,0.03404458655640283f,0f,0f,0f,1f], start_interpolation: 0, interpolation_duration: 1 }
$data merge entity $(bone_jaw1) { transformation: [-1f,-1.1235369056227653e-16f,4.8726235681148086e-17f,-2.2759322181680063e-17f,0f,0.39787990884451896f,0.9174375063936928f,0.8700011474656073f,-1.2246467991473532e-16f,0.9174375063936928f,-0.39787990884451896f,0.18584396903275288f,0f,0f,0f,1f], start_interpolation: 0, interpolation_duration: 1 }
$data merge entity $(bone_eye_right1) { transformation: [-0.9063077870366499f,0.42261826174069944f,1.1998297592629572e-16f,-0.12500000000000003f,0.41405405019432107f,0.8879417761067336f,0.20029639478057915f,0.998262352177976f,0.08464891419509715f,0.18153018230500595f,-0.9797353490805066f,0.2605480786300958f,0f,0f,0f,1f], start_interpolation: 0, interpolation_duration: 1 }
$data merge entity $(bone_eye_left1) { transformation: [-0.9063077870366499f,-0.42261826174069944f,1.1998297592629572e-16f,0.12499999999999997f,-0.41405405019432107f,0.8879417761067336f,0.20029639478057915f,0.998262352177976f,-0.08464891419509737f,0.18153018230500584f,-0.9797353490805066f,0.2605480786300959f,0f,0f,0f,1f], start_interpolation: 0, interpolation_duration: 1 }
$data merge entity $(bone_ear_right1) { transformation: [-0.5540322932223236f,-0.2588190451025207f,-0.7912401152362236f,-0.21875f,-0.30951736859482226f,0.9463516766051971f,-0.0928305053561007f,1.149360927588646f,0.77281771240374f,0.1934714606311523f,-0.604418379366725f,0.06752605460468554f,0f,0f,0f,1f], start_interpolation: 0, interpolation_duration: 1 }
$data merge entity $(bone_ear_left1) { transformation: [-0.5540322932223234f,0.2588190451025207f,0.7912401152362238f,0.21875f,0.30951736859482226f,0.9463516766051971f,-0.0928305053561007f,1.149360927588646f,-0.7728177124037402f,0.19347146063115236f,-0.6044183793667248f,0.0675260546046856f,0f,0f,0f,1f], start_interpolation: 0, interpolation_duration: 1 }
$data merge entity $(bone_head1) { transformation: [-1f,-2.4529233874879088e-17f,1.1998297592629572e-16f,-5.503446912749742e-18f,0f,0.9797353490805066f,0.20029639478057915f,0.8828594631522433f,-1.2246467991473532e-16f,0.20029639478057915f,-0.9797353490805066f,0.04493905439986007f,0f,0f,0f,1f], start_interpolation: 0, interpolation_duration: 1 }
$data merge entity $(bone_finger_index_right3) { transformation: [0.3738180594867488f,0.5473039890504762f,-0.748811326016773f,-0.06247838990113763f,-0.9049237414825876f,0.038161994685655454f,-0.4238592741261737f,0.531058266504644f,-0.2034037376812835f,0.8360633981529438f,0.5095340162994375f,0.36368810025471016f,0f,0f,0f,1f], start_interpolation: 0, interpolation_duration: 1 }
$data merge entity $(bone_finger_index_right1) { transformation: [0.6595447964241151f,0.06543897568632f,-0.748811326016773f,-0.127100293615669f,-0.55243998476891f,0.7177418609540338f,-0.4238592741261737f,0.552340163236258f,0.5097163179047722f,0.6932274962055137f,0.5095340162994375f,0.3477537683950193f,0f,0f,0f,1f], start_interpolation: 0, interpolation_duration: 1 }
$data merge entity $(bone_finger_middle_right3) { transformation: [0.4137156162500145f,0.32096454481487513f,-0.851951377628237f,-0.12125519142328839f,-0.8990221440579835f,-0.0034921114833902367f,-0.43788924358880277f,0.4987702524859308f,-0.1435220309369158f,0.9470847724090845f,0.2871094921916993f,0.3922387315012488f,0f,0f,0f,1f], start_interpolation: 0, interpolation_duration: 1 }
$data merge entity $(bone_finger_middle_right1) { transformation: [0.5194973238922084f,-0.06558491157410498f,-0.851951377628237f,-0.15372377416655142f,-0.6381739502108339f,0.6332353587897047f,-0.43788924358880277f,0.5386561243741079f,0.5682046636038232f,0.7711754662541402f,0.2871094921916993f,0.3567259400260099f,0f,0f,0f,1f], start_interpolation: 0, interpolation_duration: 1 }
$data merge entity $(bone_finger_pinky_right3) { transformation: [0.3553096850997391f,0.2719561495281134f,-0.894312518311226f,-0.18035745509267587f,-0.9262437966298545f,-0.026333790116483013f,-0.3760039370841933f,0.46781752826653383f,-0.12580722109257947f,0.9619492628158428f,0.242541045781986f,0.4058997158791196f,0f,0f,0f,1f], start_interpolation: 0, interpolation_duration: 1 }
$data merge entity $(bone_finger_pinky_right1) { transformation: [0.44699305315174015f,-0.020058166065693134f,-0.894312518311226f,-0.18034725471743382f,-0.7264709473846859f,0.5752051824376958f,-0.3760039370841933f,0.5249720855119577f,0.5219551446629129f,0.8177632102698789f,0.242541045781986f,0.3656981116570005f,0f,0f,0f,1f], start_interpolation: 0, interpolation_duration: 1 }
$data merge entity $(bone_forearm_right1) { transformation: [0.5042310255537578f,-0.1411733793119473f,-0.851951377628237f,-0.357925428598618f,-0.5382486018962804f,0.7200982244846361f,-0.43788924358880277f,0.645736130469678f,0.6753069786591168f,0.6793589802657498f,0.2871094921916993f,0.1317919002570601f,0f,0f,0f,1f], start_interpolation: 0, interpolation_duration: 1 }
$data merge entity $(bone_arm_right1) { transformation: [-0.5590329281858136f,-0.1411733793119473f,-0.8170387152256863f,-0.15625000000000003f,-0.6243361198418881f,0.7200982244846361f,0.30275890829973934f,0.8361628366791927f,0.5456066299677548f,0.6793589802657498f,-0.49069825887963964f,0.04085362895856359f,0f,0f,0f,1f], start_interpolation: 0, interpolation_duration: 1 }
$data merge entity $(bone_finger_index_left3) { transformation: [0.45192917143523714f,-0.6526843871535638f,0.6080815033955868f,0.026693317807555628f,0.8443023330159254f,0.09292506474890555f,-0.5277485223146312f,0.5784382305553627f,0.28794720778247723f,0.7519095843965472f,0.5930584983143621f,0.32804296735922456f,0f,0f,0f,1f], start_interpolation: 0, interpolation_duration: 1 }
$data merge entity $(bone_finger_index_left1) { transformation: [0.7810797378687449f,-0.14195537439299685f,0.6080815033955868f,0.09451334840546427f,0.5313039616210334f,0.6627198484733338f,-0.5277485223146312f,0.595152586834345f,-0.3280709427192358f,0.7352897892126786f,0.5930584983143621f,0.32607161151159614f,0f,0f,0f,1f], start_interpolation: 0, interpolation_duration: 1 }
$data merge entity $(bone_finger_middle_left3) { transformation: [0.44317092561735266f,-0.49154623364220773f,0.7496544743277525f,0.07663099811546518f,0.8446214414177053f,-0.05123479796921132f,-0.532906761239273f,0.5389076241806947f,0.3003567069085295f,0.8693430253180928f,0.3924647155424924f,0.3634820141316597f,0f,0f,0f,1f], start_interpolation: 0, interpolation_duration: 1 }
$data merge entity $(bone_finger_middle_left1) { transformation: [0.6609448418038613f,-0.03420650834636299f,0.7496544743277525f,0.11794005072820651f,0.6334660218387678f,0.5610090756852637f,-0.532906761239273f,0.5784992505456177f,-0.40233408414977034f,0.8271026126095334f,0.3924647155424924f,0.33833613387229905f,0f,0f,0f,1f], start_interpolation: 0, interpolation_duration: 1 }
$data merge entity $(bone_finger_pinky_left3) { transformation: [0.35972424552809995f,-0.47271825963042385f,0.8044475832465546f,0.1294083975543991f,0.8623116184521287f,-0.16088502037932323f,-0.48014027419079824f,0.5076920982837358f,0.3563946406186678f,0.8664025953501799f,0.34975620496105947f,0.3931115307166426f,0f,0f,0f,1f], start_interpolation: 0, interpolation_duration: 1 }
$data merge entity $(bone_finger_pinky_left1) { transformation: [0.5935574795680724f,0.02352879634777108f,0.8044475832465546f,0.14136675305094878f,0.6263909184750738f,0.6140844684177725f,-0.48014027419079824f,0.5618459142568905f,-0.5052958892577206f,0.7888895115226761f,0.34975620496105947f,0.35060065623300196f,0f,0f,0f,1f], start_interpolation: 0, interpolation_duration: 1 }
$data merge entity $(bone_forearm_left1) { transformation: [0.637811213989794f,0.17667774174820744f,0.7496544743277525f,0.35582769060105446f,0.4234144211196019f,0.7326190086350617f,-0.532906761239273f,0.6431680685382702f,-0.6433638809389423f,0.6573084236165948f,0.3924647155424924f,0.1310026334432575f,0f,0f,0f,1f], start_interpolation: 0, interpolation_duration: 1 }
$data merge entity $(bone_arm_left1) { transformation: [-0.5590329281858134f,0.17667774174820744f,0.8101031790918666f,0.15624999999999997f,0.624336119841888f,0.7326190086350617f,0.27106050551003336f,0.8361628366791927f,-0.545606629967755f,0.6573084236165948f,-0.5198644453873492f,0.04085362895856362f,0f,0f,0f,1f], start_interpolation: 0, interpolation_duration: 1 }
$data merge entity $(bone_chest1) { transformation: [-1f,-1.067350013832297e-17f,1.21998664834562e-16f,1.3081854984796435e-17f,0f,0.9961946980917454f,0.08715574274765814f,0.58244308784203f,-1.2246467991473532e-16f,0.08715574274765814f,-0.9961946980917454f,-0.10682145247025127f,0f,0f,0f,1f], start_interpolation: 0, interpolation_duration: 1 }
$data merge entity $(bone_torso1) { transformation: [-1f,2.1265768495757713e-17f,1.2060416625018976e-16f,-3.987331592954571e-18f,0f,0.984807753012208f,-0.17364817766693033f,0.5118233832055018f,-1.2246467991473532e-16f,-0.17364817766693033f,-0.984807753012208f,0.03255903331254944f,0f,0f,0f,1f], start_interpolation: 0, interpolation_duration: 1 }
$data merge entity $(bone_toe_outer_right3) { transformation: [-0.38206912206938626f,-0.6001649094556605f,0.7027270219788101f,-0.47807619348744634f,-0.8620433508839689f,0.5054836990457399f,-0.036979605132751475f,0.44851541080126706f,-0.3330231931230419f,-0.6199099220508687f,-0.7104978827449231f,0.3413837949358707f,0f,0f,0f,1f], start_interpolation: 0, interpolation_duration: 1 }
$data merge entity $(bone_toe_outer_right1) { transformation: [-0.38206912206938626f,0.07252236525793693f,0.9212837198705525f,-0.43243562106020517f,-0.8620433508839689f,0.33128242181953316f,-0.383579480929472f,0.397602838528051f,-0.3330231931230419f,-0.940740380514613f,-0.06405536130062624f,0.32697336006948646f,0f,0f,0f,1f], start_interpolation: 0, interpolation_duration: 1 }
$data merge entity $(bone_toe_inner_right3) { transformation: [-0.6741251245524843f,-0.5605190972838714f,0.48101315785243465f,-0.43241205820132045f,-0.6788638665789395f,0.7267921984443981f,-0.10448421380213524f,0.5151359172721617f,-0.2910312132754653f,-0.3969778858581822f,-0.8704650429735695f,0.3683645372858966f,0f,0f,0f,1f], start_interpolation: 0, interpolation_duration: 1 }
$data merge entity $(bone_toe_inner_right1) { transformation: [-0.6741251245524843f,0.07252236525793693f,0.7350481773220662f,-0.3654051369764262f,-0.6788638665789395f,0.33128242181953316f,-0.6552829981365887f,0.49539522571921674f,-0.2910312132754653f,-0.940740380514613f,-0.17409299057868838f,0.36657845078958684f,0f,0f,0f,1f], start_interpolation: 0, interpolation_duration: 1 }
$data merge entity $(bone_toe_back_right1) { transformation: [-0.5362438726702315f,0.64591666550518f,0.5433545529820302f,-0.2281040874181621f,-0.782339097529326f,-0.1387073968644021f,-0.6072114907773903f,0.339361907941348f,-0.31684072576080297f,-0.7507009519627442f,0.5797068528330476f,0.3222158408750458f,0f,0f,0f,1f], start_interpolation: 0, interpolation_duration: 1 }
$data merge entity $(bone_foot_right1) { transformation: [-0.5362438726702315f,0.07252236525793693f,0.8409417432622944f,-0.32008209058747555f,-0.782339097529326f,0.33128242181953316f,-0.5274443036666379f,0.39705112865488656f,-0.31684072576080297f,-0.940740380514613f,-0.12091108703749331f,0.33544049101977164f,0f,0f,0f,1f], start_interpolation: 0, interpolation_duration: 1 }
$data merge entity $(bone_knee_right1) { transformation: [-0.13060465978901625f,0.07252236525793693f,0.9887785036997869f,-0.36488331771138327f,-0.9319476109746814f,0.33128242181953316f,-0.1473960901515661f,0.48390770190331256f,-0.3382544504363233f,-0.940740380514613f,0.02432001704854586f,0.11343446327112512f,0f,0f,0f,1f], start_interpolation: 0, interpolation_duration: 1 }
$data merge entity $(bone_leg_right1) { transformation: [0.011003898074140093f,0.8145284668468001f,0.5800192159949316f,-0.125f,-0.9004188095150143f,0.26034356947289916f,-0.3485214388035175f,0.5272110043463175f,-0.43488490626686294f,-0.5184251175727417f,0.7362815465370229f,0.029845780536503635f,0f,0f,0f,1f], start_interpolation: 0, interpolation_duration: 1 }
$data merge entity $(bone_toe_outer_left3) { transformation: [-0.12906071335448563f,0.6172277550095147f,-0.7761270712417817f,0.4358014969623344f,0.9371714424323149f,0.331737992949031f,0.10797958845764648f,0.39984452951307875f,0.3241188358577225f,-0.7134282041523609f,-0.6212625674883135f,0.3306601156468619f,0f,0f,0f,1f], start_interpolation: 0, interpolation_duration: 1 }
$data merge entity $(bone_toe_outer_left1) { transformation: [-0.12906071335448563f,0.060435177629513365f,-0.9897933731710474f,0.3779725584314716f,0.9371714424323149f,0.3336784026387153f,-0.1018253951713885f,0.36419383473885714f,0.3241188358577225f,-0.9407477413830788f,-0.09970289526824211f,0.31429997107204294f,0f,0f,0f,1f], start_interpolation: 0, interpolation_duration: 1 }
$data merge entity $(bone_toe_inner_left3) { transformation: [-0.4598066713273342f,0.6692025645927507f,-0.5837343167446659f,0.410342051405134f,0.8458267526142208f,0.5302554763319873f,-0.058362953849325716f,0.4769317424513558f,0.27047167978359266f,-0.520573777059911f,-0.8098444375758959f,0.3563669984791946f,0f,0f,0f,1f], start_interpolation: 0, interpolation_duration: 1 }
$data merge entity $(bone_toe_inner_left1) { transformation: [-0.4598066713273342f,0.060435177629513365f,-0.8859601651924119f,0.34060058260162906f,0.8458267526142208f,0.3336784026387153f,-0.4162160835125868f,0.4773503232510135f,0.27047167978359266f,-0.9407477413830788f,-0.20454524564916454f,0.3520351606193591f,0f,0f,0f,1f], start_interpolation: 0, interpolation_duration: 1 }
$data merge entity $(bone_toe_back_left1) { transformation: [-0.29897580663874f,-0.49673706923722616f,-0.8147795720870313f,0.16584148627818807f,0.9052519080972512f,0.12247324919779434f,-0.40684061512737446f,0.367346841919056f,0.3018815163785294f,-0.8592162633915549f,0.41305564127905736f,0.30179067861323317f,0f,0f,0f,1f], start_interpolation: 0, interpolation_duration: 1 }
$data merge entity $(bone_foot_left1) { transformation: [-0.29897580663874f,0.060435177629513365f,-0.9523450300965527f,0.2700042239449985f,0.9052519080972512f,0.3336784026387153f,-0.26301655175817523f,0.3961142772676064f,0.3018815163785294f,-0.9407477413830788f,-0.15447082945214946f,0.318685925584562f,0f,0f,0f,1f], start_interpolation: 0, interpolation_duration: 1 }
$data merge entity $(bone_knee_left1) { transformation: [-0.1306046597890163f,0.14320754198286f,-0.9810372178264302f,0.3648833177113832f,0.9319476109746814f,0.3553320584998225f,-0.07219957479696423f,0.48390770190331256f,0.33825445043632324f,-0.9237048923338589f,-0.17986994923698296f,0.11343446327112522f,0f,0f,0f,1f], start_interpolation: 0, interpolation_duration: 1 }
$data merge entity $(bone_leg_left1) { transformation: [0.011003898074139986f,-0.8145284668467999f,-0.5800192159949318f,0.125f,0.9004188095150143f,0.26034356947289916f,-0.3485214388035175f,0.5272110043463175f,0.43488490626686294f,-0.5184251175727419f,0.7362815465370228f,0.029845780536503663f,0f,0f,0f,1f], start_interpolation: 0, interpolation_duration: 1 }