# This file was generated by Animated Java via MC-Build. It is not recommended to edit this file directly.
$data merge entity $(bone_tail7) {transformation: [-0.9787f,0.1469f,-0.1432f,-0.0439f,0.0468f,0.8396f,0.5412f,0.3635f,0.1997f,0.523f,-0.8286f,-0.7113f,0f,0f,0f,1f],start_interpolation: 0,interpolation_duration: 1}
$data merge entity $(bone_tail6) {transformation: [-0.9903f,0.0697f,-0.12f,-0.0205f,0.0557f,0.9916f,0.117f,0.2413f,0.1272f,0.1092f,-0.9859f,-0.4751f,0f,0f,0f,1f],start_interpolation: 0,interpolation_duration: 1}
$data merge entity $(bone_tail5) {transformation: [-0.9969f,0.0195f,-0.0761f,-0.0014f,0.0392f,0.9628f,-0.2673f,0.3081f,0.0681f,-0.2695f,-0.9606f,-0.2349f,0f,0f,0f,1f],start_interpolation: 0,interpolation_duration: 1}
$data merge entity $(bone_tail1) {transformation: [-1f,-0.0027f,-0.0068f,0f,0.0013f,0.8485f,-0.5293f,0.5199f,0.0072f,-0.5293f,-0.8484f,-0.0724f,0f,0f,0f,1f],start_interpolation: 0,interpolation_duration: 1}
$data merge entity $(bone_pad_right1) {transformation: [-1f,0f,0f,-0.1563f,0f,0.9962f,0.0872f,0.8008f,0f,0.0872f,-0.9962f,0.034f,0f,0f,0f,1f],start_interpolation: 0,interpolation_duration: 1}
$data merge entity $(bone_pad_left1) {transformation: [-1f,0f,0f,0.1562f,0f,0.9962f,0.0872f,0.8008f,0f,0.0872f,-0.9962f,0.034f,0f,0f,0f,1f],start_interpolation: 0,interpolation_duration: 1}
$data merge entity $(bone_jaw1) {transformation: [-1f,0f,0f,0f,0f,0.4498f,0.8931f,0.9206f,0f,0.8931f,-0.4498f,0.1863f,0f,0f,0f,1f],start_interpolation: 0,interpolation_duration: 1}
$data merge entity $(bone_eye_right1) {transformation: [-0.9063f,0.4226f,0f,-0.125f,0.4182f,0.8969f,0.1438f,1.0529f,0.0608f,0.1303f,-0.9896f,0.2536f,0f,0f,0f,1f],start_interpolation: 0,interpolation_duration: 1}
$data merge entity $(bone_eye_left1) {transformation: [-0.9063f,-0.4226f,0f,0.125f,-0.4182f,0.8969f,0.1438f,1.0529f,-0.0608f,0.1303f,-0.9896f,0.2536f,0f,0f,0f,1f],start_interpolation: 0,interpolation_duration: 1}
$data merge entity $(bone_ear_right1) {transformation: [-0.554f,-0.2588f,-0.7912f,-0.2187f,-0.2647f,0.9559f,-0.1273f,1.1927f,0.7893f,0.1389f,-0.5981f,0.0522f,0f,0f,0f,1f],start_interpolation: 0,interpolation_duration: 1}
$data merge entity $(bone_ear_left1) {transformation: [-0.554f,0.2588f,0.7912f,0.2188f,0.2647f,0.9559f,-0.1273f,1.1927f,-0.7893f,0.1389f,-0.5981f,0.0522f,0f,0f,0f,1f],start_interpolation: 0,interpolation_duration: 1}
$data merge entity $(bone_head1) {transformation: [-1f,0f,0f,0f,0f,0.9896f,0.1438f,0.9254f,0f,0.1438f,-0.9896f,0.0449f,0f,0f,0f,1f],start_interpolation: 0,interpolation_duration: 1}
$data merge entity $(bone_finger_index_right3) {transformation: [0.3232f,0.5866f,-0.7426f,-0.0633f,-0.9138f,-0.0105f,-0.406f,0.5758f,-0.2459f,0.8098f,0.5327f,0.365f,0f,0f,0f,1f],start_interpolation: 0,interpolation_duration: 1}
$data merge entity $(bone_finger_index_right1) {transformation: [0.6571f,0.1295f,-0.7426f,-0.1276f,-0.5954f,0.6933f,-0.406f,0.6003f,0.4623f,0.7089f,0.5327f,0.3528f,0f,0f,0f,1f],start_interpolation: 0,interpolation_duration: 1}
$data merge entity $(bone_finger_middle_right3) {transformation: [0.366f,0.364f,-0.8565f,-0.1221f,-0.9114f,-0.0456f,-0.4089f,0.5453f,-0.1879f,0.9303f,0.3151f,0.3954f,0f,0f,0f,1f],start_interpolation: 0,interpolation_duration: 1}
$data merge entity $(bone_finger_middle_right1) {transformation: [0.5162f,-0.0014f,-0.8565f,-0.1544f,-0.6767f,0.6123f,-0.4089f,0.5876f,0.5249f,0.7907f,0.3151f,0.3626f,0f,0f,0f,1f],start_interpolation: 0,interpolation_duration: 1}
$data merge entity $(bone_finger_pinky_right3) {transformation: [0.3073f,0.3148f,-0.898f,-0.1818f,-0.9366f,-0.0667f,-0.3439f,0.5165f,-0.1682f,0.9468f,0.2743f,0.411f,0f,0f,0f,1f],start_interpolation: 0,interpolation_duration: 1}
$data merge entity $(bone_finger_pinky_right1) {transformation: [0.4378f,0.0436f,-0.898f,-0.1811f,-0.7604f,0.5509f,-0.3439f,0.5748f,0.4798f,0.8334f,0.2743f,0.3725f,0f,0f,0f,1f],start_interpolation: 0,interpolation_duration: 1}
$data merge entity $(bone_forearm_right1) {transformation: [0.5051f,-0.1063f,-0.8565f,-0.3608f,-0.5381f,0.7371f,-0.4089f,0.6956f,0.6747f,0.6674f,0.3151f,0.1402f,0f,0f,0f,1f],start_interpolation: 0,interpolation_duration: 1}
$data merge entity $(bone_arm_right1) {transformation: [-0.5627f,-0.1063f,-0.8198f,-0.1563f,-0.598f,0.7371f,0.3149f,0.8787f,0.5707f,0.6674f,-0.4784f,0.0409f,0f,0f,0f,1f],start_interpolation: 0,interpolation_duration: 1}
$data merge entity $(bone_finger_index_left3) {transformation: [0.393f,-0.6947f,0.6025f,0.0275f,0.8584f,0.0423f,-0.5112f,0.6217f,0.3296f,0.7181f,0.6129f,0.3275f,0f,0f,0f,1f],start_interpolation: 0,interpolation_duration: 1}
$data merge entity $(bone_finger_index_left1) {transformation: [0.7691f,-0.2133f,0.6025f,0.0944f,0.5771f,0.6369f,-0.5112f,0.6418f,-0.2747f,0.7408f,0.6129f,0.3295f,0f,0f,0f,1f],start_interpolation: 0,interpolation_duration: 1}
$data merge entity $(bone_finger_middle_left3) {transformation: [0.3837f,-0.5327f,0.7543f,0.0775f,0.858f,-0.0965f,-0.5045f,0.5839f,0.3416f,0.8408f,0.4201f,0.3647f,0f,0f,0f,1f],start_interpolation: 0,interpolation_duration: 1}
$data merge entity $(bone_finger_middle_left1) {transformation: [0.648f,-0.1054f,0.7543f,0.118f,0.6749f,0.5385f,-0.5045f,0.626f,-0.353f,0.836f,0.4201f,0.3426f,0f,0f,0f,1f],start_interpolation: 0,interpolation_duration: 1}
$data merge entity $(bone_finger_pinky_left3) {transformation: [0.2966f,-0.5082f,0.8085f,0.1302f,0.8702f,-0.205f,-0.4481f,0.5546f,0.3935f,0.8365f,0.3815f,0.3964f,0f,0f,0f,1f],start_interpolation: 0,interpolation_duration: 1}
$data merge entity $(bone_finger_pinky_left1) {transformation: [0.5865f,-0.0485f,0.8085f,0.1415f,0.667f,0.5952f,-0.4481f,0.6103f,-0.4595f,0.8021f,0.3815f,0.3558f,0f,0f,0f,1f],start_interpolation: 0,interpolation_duration: 1}
$data merge entity $(bone_forearm_left1) {transformation: [0.641f,0.142f,0.7543f,0.3588f,0.4276f,0.7501f,-0.5045f,0.693f,-0.6375f,0.6459f,0.4201f,0.1394f,0f,0f,0f,1f],start_interpolation: 0,interpolation_duration: 1}
$data merge entity $(bone_arm_left1) {transformation: [-0.5627f,0.142f,0.8144f,0.1562f,0.598f,0.7501f,0.2824f,0.8787f,-0.5707f,0.6459f,-0.507f,0.0409f,0f,0f,0f,1f],start_interpolation: 0,interpolation_duration: 1}
$data merge entity $(bone_chest1) {transformation: [-1f,0f,0f,0f,0f,0.9962f,0.0872f,0.6249f,0f,0.0872f,-0.9962f,-0.1068f,0f,0f,0f,1f],start_interpolation: 0,interpolation_duration: 1}
$data merge entity $(bone_torso1) {transformation: [-1f,0f,0f,0f,0f,0.9848f,-0.1736f,0.5543f,0f,-0.1736f,-0.9848f,0.0326f,0f,0f,0f,1f],start_interpolation: 0,interpolation_duration: 1}
$data merge entity $(bone_toe_outer_right3) {transformation: [-0.4048f,-0.5828f,0.7046f,-0.4816f,-0.8602f,0.5042f,-0.0772f,0.51f,-0.3103f,-0.6373f,-0.7054f,0.3416f,0f,0f,0f,1f],start_interpolation: 0,interpolation_duration: 1}
$data merge entity $(bone_toe_outer_right1) {transformation: [-0.4048f,0.0862f,0.9103f,-0.4373f,-0.8602f,0.3019f,-0.4111f,0.4574f,-0.3103f,-0.9494f,-0.0481f,0.3289f,0f,0f,0f,1f],start_interpolation: 0,interpolation_duration: 1}
$data merge entity $(bone_toe_inner_right3) {transformation: [-0.6917f,-0.5379f,0.4818f,-0.4342f,-0.6677f,0.7306f,-0.143f,0.576f,-0.2751f,-0.4206f,-0.8645f,0.3669f,0f,0f,0f,1f],start_interpolation: 0,interpolation_duration: 1}
$data merge entity $(bone_toe_inner_right1) {transformation: [-0.6917f,0.0862f,0.717f,-0.3677f,-0.6677f,0.3019f,-0.6805f,0.5544f,-0.2751f,-0.9494f,-0.1513f,0.3661f,0f,0f,0f,1f],start_interpolation: 0,interpolation_duration: 1}
$data merge entity $(bone_toe_back_right1) {transformation: [-0.5567f,0.6451f,0.5233f,-0.2347f,-0.7757f,-0.1784f,-0.6054f,0.3933f,-0.2972f,-0.743f,0.5997f,0.3269f,0f,0f,0f,1f],start_interpolation: 0,interpolation_duration: 1}
$data merge entity $(bone_foot_right1) {transformation: [-0.5567f,0.0862f,0.8262f,-0.3251f,-0.7757f,0.3019f,-0.5542f,0.4539f,-0.2972f,-0.9494f,-0.1013f,0.338f,0f,0f,0f,1f],start_interpolation: 0,interpolation_duration: 1}
$data merge entity $(bone_knee_right1) {transformation: [-0.1554f,0.0862f,0.9841f,-0.3664f,-0.9372f,0.3019f,-0.1744f,0.5356f,-0.3122f,-0.9494f,0.0338f,0.1134f,0f,0f,0f,1f],start_interpolation: 0,interpolation_duration: 1}
$data merge entity $(bone_leg_right1) {transformation: [-0.0125f,0.8239f,0.5666f,-0.125f,-0.9125f,0.2223f,-0.3434f,0.5697f,-0.4089f,-0.5213f,0.749f,0.0298f,0f,0f,0f,1f],start_interpolation: 0,interpolation_duration: 1}
$data merge entity $(bone_toe_outer_left3) {transformation: [-0.1541f,0.6043f,-0.7817f,0.4406f,0.9421f,0.3283f,0.0682f,0.4598f,0.2979f,-0.7259f,-0.6199f,0.3325f,0f,0f,0f,1f],start_interpolation: 0,interpolation_duration: 1}
$data merge entity $(bone_toe_outer_left1) {transformation: [-0.1541f,0.0467f,-0.987f,0.3838f,0.9421f,0.3081f,-0.1325f,0.4221f,0.2979f,-0.9502f,-0.0914f,0.3175f,0f,0f,0f,1f],start_interpolation: 0,interpolation_duration: 1}
$data merge entity $(bone_toe_inner_left3) {transformation: [-0.4823f,0.6515f,-0.5855f,0.4131f,0.84f,0.5337f,-0.098f,0.5369f,0.2486f,-0.5391f,-0.8047f,0.3561f,0f,0f,0f,1f],start_interpolation: 0,interpolation_duration: 1}
$data merge entity $(bone_toe_inner_left1) {transformation: [-0.4823f,0.0467f,-0.8747f,0.3434f,0.84f,0.3081f,-0.4467f,0.5352f,0.2486f,-0.9502f,-0.1878f,0.3522f,0f,0f,0f,1f],start_interpolation: 0,interpolation_duration: 1}
$data merge entity $(bone_toe_back_left1) {transformation: [-0.3231f,-0.5039f,-0.801f,0.1716f,0.9048f,0.0837f,-0.4176f,0.4189f,0.2775f,-0.8597f,0.4289f,0.306f,0f,0f,0f,1f],start_interpolation: 0,interpolation_duration: 1}
$data merge entity $(bone_foot_left1) {transformation: [-0.3231f,0.0467f,-0.9452f,0.275f,0.9048f,0.3081f,-0.2941f,0.4511f,0.2775f,-0.9502f,-0.1418f,0.3215f,0f,0f,0f,1f],start_interpolation: 0,interpolation_duration: 1}
$data merge entity $(bone_knee_left1) {transformation: [-0.1554f,0.1289f,-0.9794f,0.3664f,0.9372f,0.3325f,-0.1049f,0.5356f,0.3122f,-0.9342f,-0.1725f,0.1134f,0f,0f,0f,1f],start_interpolation: 0,interpolation_duration: 1}
$data merge entity $(bone_leg_left1) {transformation: [-0.0125f,-0.8239f,-0.5666f,0.125f,0.9125f,0.2223f,-0.3434f,0.5697f,0.4089f,-0.5213f,0.749f,0.0298f,0f,0f,0f,1f],start_interpolation: 0,interpolation_duration: 1}