# This file was generated by Animated Java via MC-Build. It is not recommended to edit this file directly.
$data merge entity $(bone_tail7) {transformation: [-0.982f,-0.1565f,0.1059f,0.1238f,-0.0802f,0.8525f,0.5165f,0.3512f,-0.1711f,0.4987f,-0.8497f,-0.7093f,0f,0f,0f,1f],start_interpolation: 0,interpolation_duration: 1}
$data merge entity $(bone_tail6) {transformation: [-0.9764f,-0.1038f,0.1896f,0.0861f,-0.0754f,0.9856f,0.1516f,0.2209f,-0.2026f,0.1337f,-0.9701f,-0.4793f,0f,0f,0f,1f],start_interpolation: 0,interpolation_duration: 1}
$data merge entity $(bone_tail5) {transformation: [-0.9702f,-0.0292f,0.2404f,0.026f,-0.081f,0.9746f,-0.2087f,0.2731f,-0.2282f,-0.2219f,-0.948f,-0.2423f,0f,0f,0f,1f],start_interpolation: 0,interpolation_duration: 1}
$data merge entity $(bone_tail1) {transformation: [-0.9919f,0.0424f,0.1199f,0f,-0.0221f,0.871f,-0.4908f,0.4774f,-0.1253f,-0.4895f,-0.863f,-0.0724f,0f,0f,0f,1f],start_interpolation: 0,interpolation_duration: 1}
$data merge entity $(bone_pad_right1) {transformation: [-1f,0f,0f,-0.1563f,0f,0.9962f,0.0872f,0.7583f,0f,0.0872f,-0.9962f,0.034f,0f,0f,0f,1f],start_interpolation: 0,interpolation_duration: 1}
$data merge entity $(bone_pad_left1) {transformation: [-1f,0f,0f,0.1562f,0f,0.9962f,0.0872f,0.7583f,0f,0.0872f,-0.9962f,0.034f,0f,0f,0f,1f],start_interpolation: 0,interpolation_duration: 1}
$data merge entity $(bone_jaw1) {transformation: [-1f,0f,0f,0f,0f,0.4243f,0.9055f,0.8741f,0f,0.9055f,-0.4243f,0.1862f,0f,0f,0f,1f],start_interpolation: 0,interpolation_duration: 1}
$data merge entity $(bone_eye_right1) {transformation: [-0.9063f,0.4226f,0f,-0.125f,0.4163f,0.8928f,0.1718f,1.0045f,0.0726f,0.1557f,-0.9851f,0.2571f,0f,0f,0f,1f],start_interpolation: 0,interpolation_duration: 1}
$data merge entity $(bone_eye_left1) {transformation: [-0.9063f,-0.4226f,0f,0.125f,-0.4163f,0.8928f,0.1718f,1.0045f,-0.0726f,0.1557f,-0.9851f,0.2571f,0f,0f,0f,1f],start_interpolation: 0,interpolation_duration: 1}
$data merge entity $(bone_ear_right1) {transformation: [-0.554f,-0.2588f,-0.7912f,-0.2187f,-0.287f,0.9516f,-0.1103f,1.1499f,0.7815f,0.166f,-0.6015f,0.0598f,0f,0f,0f,1f],start_interpolation: 0,interpolation_duration: 1}
$data merge entity $(bone_ear_left1) {transformation: [-0.554f,0.2588f,0.7912f,0.2188f,0.287f,0.9516f,-0.1103f,1.1499f,-0.7815f,0.166f,-0.6015f,0.0598f,0f,0f,0f,1f],start_interpolation: 0,interpolation_duration: 1}
$data merge entity $(bone_head1) {transformation: [-1f,0f,0f,0f,0f,0.9851f,0.1718f,0.8829f,0f,0.1718f,-0.9851f,0.0449f,0f,0f,0f,1f],start_interpolation: 0,interpolation_duration: 1}
$data merge entity $(bone_finger_index_right3) {transformation: [0.3487f,0.5677f,-0.7458f,-0.0629f,-0.9098f,0.0139f,-0.4148f,0.5322f,-0.2251f,0.8231f,0.5213f,0.3644f,0f,0f,0f,1f],start_interpolation: 0,interpolation_duration: 1}
$data merge entity $(bone_finger_index_right1) {transformation: [0.659f,0.0978f,-0.7458f,-0.1274f,-0.5742f,0.7059f,-0.4148f,0.5551f,0.4859f,0.7015f,0.5213f,0.3503f,0f,0f,0f,1f],start_interpolation: 0,interpolation_duration: 1}
$data merge entity $(bone_finger_middle_right3) {transformation: [0.3901f,0.3432f,-0.8544f,-0.1217f,-0.9057f,-0.0244f,-0.4233f,0.5008f,-0.1661f,0.939f,0.3013f,0.3939f,0f,0f,0f,1f],start_interpolation: 0,interpolation_duration: 1}
$data merge entity $(bone_finger_middle_right1) {transformation: [0.5185f,-0.0332f,-0.8544f,-0.1541f,-0.6576f,0.6231f,-0.4233f,0.5419f,0.5465f,0.7814f,0.3013f,0.3597f,0f,0f,0f,1f],start_interpolation: 0,interpolation_duration: 1}
$data merge entity $(bone_finger_pinky_right3) {transformation: [0.3316f,0.294f,-0.8964f,-0.1811f,-0.9319f,-0.0464f,-0.3599f,0.4709f,-0.1474f,0.9547f,0.2586f,0.4085f,0f,0f,0f,1f],start_interpolation: 0,interpolation_duration: 1}
$data merge entity $(bone_finger_pinky_right1) {transformation: [0.443f,0.0121f,-0.8964f,-0.1808f,-0.7437f,0.5635f,-0.3599f,0.5287f,0.5007f,0.8261f,0.2586f,0.3692f,0f,0f,0f,1f],start_interpolation: 0,interpolation_duration: 1}
$data merge entity $(bone_forearm_right1) {transformation: [0.5046f,-0.1237f,-0.8544f,-0.3594f,-0.5381f,0.7289f,-0.4233f,0.6494f,0.6751f,0.6734f,0.3013f,0.136f,0f,0f,0f,1f],start_interpolation: 0,interpolation_duration: 1}
$data merge entity $(bone_arm_right1) {transformation: [-0.5611f,-0.1237f,-0.8185f,-0.1563f,-0.6111f,0.7289f,0.3088f,0.8362f,0.5584f,0.6734f,-0.4845f,0.0409f,0f,0f,0f,1f],start_interpolation: 0,interpolation_duration: 1}
$data merge entity $(bone_finger_index_left3) {transformation: [0.4227f,-0.6745f,0.6053f,0.0271f,0.8519f,0.0678f,-0.5194f,0.5788f,0.3093f,0.7352f,0.6032f,0.3278f,0f,0f,0f,1f],start_interpolation: 0,interpolation_duration: 1}
$data merge entity $(bone_finger_index_left1) {transformation: [0.7758f,-0.1781f,0.6053f,0.0945f,0.5544f,0.6503f,-0.5194f,0.5973f,-0.3011f,0.7385f,0.6032f,0.3278f,0f,0f,0f,1f],start_interpolation: 0,interpolation_duration: 1}
$data merge entity $(bone_finger_middle_left3) {transformation: [0.4136f,-0.5129f,0.7522f,0.0771f,0.8518f,-0.0737f,-0.5186f,0.5402f,0.3215f,0.8553f,0.4064f,0.3641f,0f,0f,0f,1f],start_interpolation: 0,interpolation_duration: 1}
$data merge entity $(bone_finger_middle_left1) {transformation: [0.6552f,-0.0702f,0.7522f,0.118f,0.6544f,0.5502f,-0.5186f,0.5811f,-0.3774f,0.8321f,0.4064f,0.3405f,0f,0f,0f,1f],start_interpolation: 0,interpolation_duration: 1}
$data merge entity $(bone_finger_pinky_left3) {transformation: [0.3283f,-0.4913f,0.8068f,0.1298f,0.8668f,-0.1828f,-0.464f,0.5099f,0.3754f,0.8516f,0.3658f,0.3948f,0f,0f,0f,1f],start_interpolation: 0,interpolation_duration: 1}
$data merge entity $(bone_finger_pinky_left1) {transformation: [0.5907f,-0.0129f,0.8068f,0.1415f,0.6469f,0.6051f,-0.464f,0.5649f,-0.4822f,0.796f,0.3658f,0.3532f,0f,0f,0f,1f],start_interpolation: 0,interpolation_duration: 1}
$data merge entity $(bone_forearm_left1) {transformation: [0.6394f,0.1592f,0.7522f,0.3574f,0.4254f,0.7416f,-0.5186f,0.6468f,-0.6405f,0.6516f,0.4064f,0.1353f,0f,0f,0f,1f],start_interpolation: 0,interpolation_duration: 1}
$data merge entity $(bone_arm_left1) {transformation: [-0.5611f,0.1592f,0.8123f,0.1562f,0.6111f,0.7416f,0.2767f,0.8362f,-0.5584f,0.6516f,-0.5134f,0.0409f,0f,0f,0f,1f],start_interpolation: 0,interpolation_duration: 1}
$data merge entity $(bone_chest1) {transformation: [-1f,0f,0f,0f,0f,0.9962f,0.0872f,0.5824f,0f,0.0872f,-0.9962f,-0.1068f,0f,0f,0f,1f],start_interpolation: 0,interpolation_duration: 1}
$data merge entity $(bone_torso1) {transformation: [-1f,0f,0f,0f,0f,0.9848f,-0.1736f,0.5118f,0f,-0.1736f,-0.9848f,0.0326f,0f,0f,0f,1f],start_interpolation: 0,interpolation_duration: 1}
$data merge entity $(bone_toe_outer_right3) {transformation: [-0.3935f,-0.5913f,0.7039f,-0.4799f,-0.8613f,0.5049f,-0.0573f,0.4581f,-0.3216f,-0.6288f,-0.708f,0.3415f,0f,0f,0f,1f],start_interpolation: 0,interpolation_duration: 1}
$data merge entity $(bone_toe_outer_right1) {transformation: [-0.3935f,0.0796f,0.9159f,-0.435f,-0.8613f,0.3165f,-0.3975f,0.4063f,-0.3216f,-0.9452f,-0.056f,0.328f,0f,0f,0f,1f],start_interpolation: 0,interpolation_duration: 1}
$data merge entity $(bone_toe_inner_right3) {transformation: [-0.683f,-0.5491f,0.4816f,-0.4334f,-0.6734f,0.7289f,-0.1239f,0.5244f,-0.283f,-0.409f,-0.8676f,0.3677f,0f,0f,0f,1f],start_interpolation: 0,interpolation_duration: 1}
$data merge entity $(bone_toe_inner_right1) {transformation: [-0.683f,0.0796f,0.7261f,-0.3667f,-0.6734f,0.3165f,-0.6681f,0.5037f,-0.283f,-0.9452f,-0.1626f,0.3664f,0f,0f,0f,1f],start_interpolation: 0,interpolation_duration: 1}
$data merge entity $(bone_toe_back_right1) {transformation: [-0.5466f,0.6457f,0.5332f,-0.2315f,-0.7791f,-0.1587f,-0.6064f,0.3451f,-0.3069f,-0.7469f,0.5899f,0.3246f,0f,0f,0f,1f],start_interpolation: 0,interpolation_duration: 1}
$data merge entity $(bone_foot_right1) {transformation: [-0.5466f,0.0796f,0.8336f,-0.3227f,-0.7791f,0.3165f,-0.541f,0.4043f,-0.3069f,-0.9452f,-0.111f,0.3368f,0f,0f,0f,1f],start_interpolation: 0,interpolation_duration: 1}
$data merge entity $(bone_knee_right1) {transformation: [-0.143f,0.0796f,0.9865f,-0.3657f,-0.9348f,0.3165f,-0.1611f,0.4885f,-0.3251f,-0.9452f,0.0291f,0.1134f,0f,0f,0f,1f],start_interpolation: 0,interpolation_duration: 1}
$data merge entity $(bone_leg_right1) {transformation: [-0.0007f,0.8195f,0.5731f,-0.125f,-0.9067f,0.2412f,-0.346f,0.5272f,-0.4218f,-0.5199f,0.7428f,0.0298f,0f,0f,0f,1f],start_interpolation: 0,interpolation_duration: 1}
$data merge entity $(bone_toe_outer_left3) {transformation: [-0.1416f,0.6106f,-0.7791f,0.4383f,0.9398f,0.3301f,0.0879f,0.4087f,0.3109f,-0.7198f,-0.6207f,0.3316f,0f,0f,0f,1f],start_interpolation: 0,interpolation_duration: 1}
$data merge entity $(bone_toe_outer_left1) {transformation: [-0.1416f,0.0533f,-0.9885f,0.381f,0.9398f,0.3208f,-0.1173f,0.3719f,0.3109f,-0.9456f,-0.0955f,0.3159f,0f,0f,0f,1f],start_interpolation: 0,interpolation_duration: 1}
$data merge entity $(bone_toe_inner_left3) {transformation: [-0.4711f,0.6603f,-0.5849f,0.4118f,0.843f,0.5321f,-0.0784f,0.4857f,0.2595f,-0.53f,-0.8073f,0.3563f,0f,0f,0f,1f],start_interpolation: 0,interpolation_duration: 1}
$data merge entity $(bone_toe_inner_left1) {transformation: [-0.4711f,0.0533f,-0.8804f,0.3421f,0.843f,0.3208f,-0.4317f,0.4851f,0.2595f,-0.9456f,-0.1961f,0.3521f,0f,0f,0f,1f],start_interpolation: 0,interpolation_duration: 1}
$data merge entity $(bone_toe_back_left1) {transformation: [-0.3111f,-0.5006f,-0.8079f,0.1688f,0.9052f,0.1029f,-0.4124f,0.3719f,0.2896f,-0.8595f,0.4211f,0.304f,0f,0f,0f,1f],start_interpolation: 0,interpolation_duration: 1}
$data merge entity $(bone_foot_left1) {transformation: [-0.3111f,0.0533f,-0.9489f,0.2726f,0.9052f,0.3208f,-0.2787f,0.4024f,0.2896f,-0.9456f,-0.1481f,0.3202f,0f,0f,0f,1f],start_interpolation: 0,interpolation_duration: 1}
$data merge entity $(bone_knee_left1) {transformation: [-0.143f,0.1358f,-0.9804f,0.3657f,0.9348f,0.3439f,-0.0887f,0.4885f,0.3251f,-0.9291f,-0.1762f,0.1134f,0f,0f,0f,1f],start_interpolation: 0,interpolation_duration: 1}
$data merge entity $(bone_leg_left1) {transformation: [-0.0007f,-0.8195f,-0.5731f,0.125f,0.9067f,0.2412f,-0.346f,0.5272f,0.4218f,-0.5199f,0.7428f,0.0298f,0f,0f,0f,1f],start_interpolation: 0,interpolation_duration: 1}