# This file was generated by Animated Java via MC-Build. It is not recommended to edit this file directly.
$data merge entity $(bone_tail7) {transformation: [-0.9936f,-0.0516f,0.1005f,-0.0327f,0.0261f,0.7608f,0.6484f,0.4069f,-0.1099f,0.6469f,-0.7546f,-0.7116f,0f,0f,0f,1f],start_interpolation: 0,interpolation_duration: 1}
$data merge entity $(bone_tail6) {transformation: [-0.9999f,-0.003f,0.0098f,-0.0348f,-0.0004f,0.9664f,0.257f,0.252f,-0.0102f,0.257f,-0.9664f,-0.4941f,0f,0f,0f,1f],start_interpolation: 0,interpolation_duration: 1}
$data merge entity $(bone_tail5) {transformation: [-0.9971f,0.0012f,-0.076f,-0.0158f,0.0132f,0.9874f,-0.1575f,0.2914f,0.0748f,-0.1581f,-0.9846f,-0.248f,0f,0f,0f,1f],start_interpolation: 0,interpolation_duration: 1}
$data merge entity $(bone_tail1) {transformation: [-0.9971f,-0.0237f,-0.0722f,0f,0.0132f,0.8817f,-0.4717f,0.492f,0.0748f,-0.4712f,-0.8788f,-0.0724f,0f,0f,0f,1f],start_interpolation: 0,interpolation_duration: 1}
$data merge entity $(bone_pad_right1) {transformation: [-1f,0f,0f,-0.1563f,0f,0.9962f,0.0872f,0.7729f,0f,0.0872f,-0.9962f,0.034f,0f,0f,0f,1f],start_interpolation: 0,interpolation_duration: 1}
$data merge entity $(bone_pad_left1) {transformation: [-1f,0f,0f,0.1562f,0f,0.9962f,0.0872f,0.7729f,0f,0.0872f,-0.9962f,0.034f,0f,0f,0f,1f],start_interpolation: 0,interpolation_duration: 1}
$data merge entity $(bone_jaw1) {transformation: [-1f,0f,0f,0f,0f,0.3909f,0.9204f,0.8835f,0f,0.9204f,-0.3909f,0.1857f,0f,0f,0f,1f],start_interpolation: 0,interpolation_duration: 1}
$data merge entity $(bone_eye_right1) {transformation: [-0.9063f,0.4226f,0f,-0.125f,0.4134f,0.8865f,0.2077f,1.0112f,0.0878f,0.1883f,-0.9782f,0.2614f,0f,0f,0f,1f],start_interpolation: 0,interpolation_duration: 1}
$data merge entity $(bone_eye_left1) {transformation: [-0.9063f,-0.4226f,0f,0.125f,-0.4134f,0.8865f,0.2077f,1.0112f,-0.0878f,0.1883f,-0.9782f,0.2614f,0f,0f,0f,1f],start_interpolation: 0,interpolation_duration: 1}
$data merge entity $(bone_ear_right1) {transformation: [-0.554f,-0.2588f,-0.7912f,-0.2187f,-0.3154f,0.9449f,-0.0882f,1.1637f,0.7704f,0.2006f,-0.6051f,0.0695f,0f,0f,0f,1f],start_interpolation: 0,interpolation_duration: 1}
$data merge entity $(bone_ear_left1) {transformation: [-0.554f,0.2588f,0.7912f,0.2188f,0.3154f,0.9449f,-0.0882f,1.1637f,-0.7704f,0.2006f,-0.6051f,0.0695f,0f,0f,0f,1f],start_interpolation: 0,interpolation_duration: 1}
$data merge entity $(bone_head1) {transformation: [-1f,0f,0f,0f,0f,0.9782f,0.2077f,0.8974f,0f,0.2077f,-0.9782f,0.0449f,0f,0f,0f,1f],start_interpolation: 0,interpolation_duration: 1}
$data merge entity $(bone_finger_index_right3) {transformation: [0.3802f,0.5418f,-0.7496f,-0.0624f,-0.9035f,0.0444f,-0.4262f,0.5453f,-0.1976f,0.8393f,0.5064f,0.3635f,0f,0f,0f,1f],start_interpolation: 0,interpolation_duration: 1}
$data merge entity $(bone_finger_index_right1) {transformation: [0.6595f,0.057f,-0.7496f,-0.127f,-0.5468f,0.7207f,-0.4262f,0.5662f,0.5159f,0.6909f,0.5064f,0.3471f,0f,0f,0f,1f],start_interpolation: 0,interpolation_duration: 1}
$data merge entity $(bone_finger_middle_right3) {transformation: [0.4197f,0.315f,-0.8512f,-0.1211f,-0.8972f,0.0019f,-0.4417f,0.5128f,-0.1375f,0.9491f,0.2834f,0.3918f,0f,0f,0f,1f],start_interpolation: 0,interpolation_duration: 1}
$data merge entity $(bone_finger_middle_right1) {transformation: [0.5195f,-0.0741f,-0.8512f,-0.1536f,-0.6331f,0.6357f,-0.4417f,0.5524f,0.5739f,0.7684f,0.2834f,0.3559f,0f,0f,0f,1f],start_interpolation: 0,interpolation_duration: 1}
$data merge entity $(bone_finger_pinky_right3) {transformation: [0.3614f,0.266f,-0.8937f,-0.1801f,-0.9247f,-0.0212f,-0.3802f,0.4815f,-0.1201f,0.9637f,0.2383f,0.4052f,0f,0f,0f,1f],start_interpolation: 0,interpolation_duration: 1}
$data merge entity $(bone_finger_pinky_right1) {transformation: [0.4478f,-0.0285f,-0.8937f,-0.1802f,-0.722f,0.5781f,-0.3802f,0.5386f,0.5275f,0.8155f,0.2383f,0.3648f,0f,0f,0f,1f],start_interpolation: 0,interpolation_duration: 1}
$data merge entity $(bone_forearm_right1) {transformation: [0.5041f,-0.1457f,-0.8512f,-0.3575f,-0.5383f,0.7177f,-0.4417f,0.6593f,0.6753f,0.6809f,0.2834f,0.1307f,0f,0f,0f,1f],start_interpolation: 0,interpolation_duration: 1}
$data merge entity $(bone_arm_right1) {transformation: [-0.5584f,-0.1457f,-0.8167f,-0.1563f,-0.6278f,0.7177f,0.3012f,0.8507f,0.5422f,0.6809f,-0.4923f,0.0409f,0f,0f,0f,1f],start_interpolation: 0,interpolation_duration: 1}
$data merge entity $(bone_finger_index_left3) {transformation: [0.4594f,-0.6468f,0.6088f,0.0266f,0.8422f,0.0994f,-0.53f,0.5929f,0.2823f,0.7562f,0.5904f,0.3281f,0f,0f,0f,1f],start_interpolation: 0,interpolation_duration: 1}
$data merge entity $(bone_finger_index_left1) {transformation: [0.7822f,-0.1325f,0.6088f,0.0945f,0.5252f,0.6658f,-0.53f,0.6091f,-0.3351f,0.7343f,0.5904f,0.3256f,0f,0f,0f,1f],start_interpolation: 0,interpolation_duration: 1}
$data merge entity $(bone_finger_middle_left3) {transformation: [0.4508f,-0.4857f,0.7489f,0.0765f,0.8426f,-0.0455f,-0.5366f,0.5531f,0.2947f,0.8729f,0.3888f,0.3633f,0f,0f,0f,1f],start_interpolation: 0,interpolation_duration: 1}
$data merge entity $(bone_finger_middle_left1) {transformation: [0.6622f,-0.0247f,0.7489f,0.1179f,0.628f,0.5636f,-0.5366f,0.5924f,-0.4088f,0.8256f,0.3888f,0.3377f,0f,0f,0f,1f],start_interpolation: 0,interpolation_duration: 1}
$data merge entity $(bone_finger_pinky_left3) {transformation: [0.3678f,-0.4677f,0.8037f,0.1293f,0.861f,-0.1553f,-0.4843f,0.5217f,0.3513f,0.8702f,0.3455f,0.3927f,0f,0f,0f,1f],start_interpolation: 0,interpolation_duration: 1}
$data merge entity $(bone_finger_pinky_left1) {transformation: [0.5941f,0.0331f,0.8037f,0.1413f,0.621f,0.6162f,-0.4843f,0.5756f,-0.5113f,0.7869f,0.3455f,0.3499f,0f,0f,0f,1f],start_interpolation: 0,interpolation_duration: 1}
$data merge entity $(bone_forearm_left1) {transformation: [0.6374f,0.1812f,0.7489f,0.3554f,0.4229f,0.7302f,-0.5366f,0.6568f,-0.6441f,0.6588f,0.3888f,0.1299f,0f,0f,0f,1f],start_interpolation: 0,interpolation_duration: 1}
$data merge entity $(bone_arm_left1) {transformation: [-0.5584f,0.1812f,0.8095f,0.1562f,0.6278f,0.7302f,0.2696f,0.8507f,-0.5422f,0.6588f,-0.5215f,0.0409f,0f,0f,0f,1f],start_interpolation: 0,interpolation_duration: 1}
$data merge entity $(bone_chest1) {transformation: [-1f,0f,0f,0f,0f,0.9962f,0.0872f,0.597f,0f,0.0872f,-0.9962f,-0.1068f,0f,0f,0f,1f],start_interpolation: 0,interpolation_duration: 1}
$data merge entity $(bone_torso1) {transformation: [-1f,0f,0f,0f,0f,0.9848f,-0.1736f,0.5264f,0f,-0.1736f,-0.9848f,0.0326f,0f,0f,0f,1f],start_interpolation: 0,interpolation_duration: 1}
$data merge entity $(bone_toe_outer_right3) {transformation: [-0.3791f,-0.6025f,0.7023f,-0.4776f,-0.8622f,0.5056f,-0.0317f,0.4606f,-0.336f,-0.6176f,-0.7111f,0.3413f,0f,0f,0f,1f],start_interpolation: 0,interpolation_duration: 1}
$data merge entity $(bone_toe_outer_right1) {transformation: [-0.3791f,0.0706f,0.9227f,-0.4317f,-0.8622f,0.3351f,-0.3799f,0.4099f,-0.336f,-0.9395f,-0.0662f,0.3267f,0f,0f,0f,1f],start_interpolation: 0,interpolation_duration: 1}
$data merge entity $(bone_toe_inner_right3) {transformation: [-0.6718f,-0.5635f,0.4808f,-0.4321f,-0.6803f,0.7262f,-0.0994f,0.5273f,-0.2931f,-0.3938f,-0.8712f,0.3685f,0f,0f,0f,1f],start_interpolation: 0,interpolation_duration: 1}
$data merge entity $(bone_toe_inner_right1) {transformation: [-0.6718f,0.0706f,0.7374f,-0.365f,-0.6803f,0.3351f,-0.6519f,0.5078f,-0.2931f,-0.9395f,-0.1771f,0.3666f,0f,0f,0f,1f],start_interpolation: 0,interpolation_duration: 1}
$data merge entity $(bone_toe_back_right1) {transformation: [-0.5336f,0.6459f,0.546f,-0.2272f,-0.7831f,-0.1335f,-0.6074f,0.3524f,-0.3194f,-0.7517f,0.577f,0.3216f,0f,0f,0f,1f],start_interpolation: 0,interpolation_duration: 1}
$data merge entity $(bone_foot_right1) {transformation: [-0.5336f,0.0706f,0.8428f,-0.3194f,-0.7831f,0.3351f,-0.5238f,0.4097f,-0.3194f,-0.9395f,-0.1235f,0.3351f,0f,0f,0f,1f],start_interpolation: 0,interpolation_duration: 1}
$data merge entity $(bone_knee_right1) {transformation: [-0.1274f,0.0706f,0.9893f,-0.3647f,-0.9311f,0.3351f,-0.1438f,0.4972f,-0.3417f,-0.9395f,0.0231f,0.1134f,0f,0f,0f,1f],start_interpolation: 0,interpolation_duration: 1}
$data merge entity $(bone_leg_right1) {transformation: [0.014f,0.8132f,0.5818f,-0.125f,-0.8987f,0.2653f,-0.3491f,0.5418f,-0.4383f,-0.518f,0.7345f,0.0298f,0f,0f,0f,1f],start_interpolation: 0,interpolation_duration: 1}
$data merge entity $(bone_toe_outer_left3) {transformation: [-0.1258f,0.619f,-0.7753f,0.4351f,0.9364f,0.3321f,0.1132f,0.4121f,0.3276f,-0.7117f,-0.6214f,0.3304f,0f,0f,0f,1f],start_interpolation: 0,interpolation_duration: 1}
$data merge entity $(bone_toe_outer_left1) {transformation: [-0.1258f,0.0624f,-0.9901f,0.3772f,0.9364f,0.337f,-0.0978f,0.3767f,0.3276f,-0.9394f,-0.1008f,0.3139f,0f,0f,0f,1f],start_interpolation: 0,interpolation_duration: 1}
$data merge entity $(bone_toe_inner_left3) {transformation: [-0.4568f,0.6715f,-0.5834f,0.4099f,0.8465f,0.5297f,-0.0531f,0.4892f,0.2734f,-0.5181f,-0.8105f,0.3564f,0f,0f,0f,1f],start_interpolation: 0,interpolation_duration: 1}
$data merge entity $(bone_toe_inner_left1) {transformation: [-0.4568f,0.0624f,-0.8874f,0.3402f,0.8465f,0.337f,-0.4121f,0.4899f,0.2734f,-0.9394f,-0.2068f,0.352f,0f,0f,0f,1f],start_interpolation: 0,interpolation_duration: 1}
$data merge entity $(bone_toe_back_left1) {transformation: [-0.2958f,-0.4957f,-0.8166f,0.165f,0.9052f,0.1276f,-0.4054f,0.3807f,0.3051f,-0.8591f,0.4109f,0.3012f,0f,0f,0f,1f],start_interpolation: 0,interpolation_duration: 1}
$data merge entity $(bone_foot_left1) {transformation: [-0.2958f,0.0624f,-0.9532f,0.2693f,0.9052f,0.337f,-0.2589f,0.409f,0.3051f,-0.9394f,-0.1561f,0.3183f,0f,0f,0f,1f],start_interpolation: 0,interpolation_duration: 1}
$data merge entity $(bone_knee_left1) {transformation: [-0.1274f,0.1452f,-0.9812f,0.3647f,0.9311f,0.3583f,-0.0679f,0.4972f,0.3417f,-0.9222f,-0.1808f,0.1134f,0f,0f,0f,1f],start_interpolation: 0,interpolation_duration: 1}
$data merge entity $(bone_leg_left1) {transformation: [0.014f,-0.8132f,-0.5818f,0.125f,0.8987f,0.2653f,-0.3491f,0.5418f,0.4383f,-0.518f,0.7345f,0.0298f,0f,0f,0f,1f],start_interpolation: 0,interpolation_duration: 1}