# This file was generated by Animated Java via MC-Build. It is not recommended to edit this file directly.
$data merge entity $(bone_tail7) {transformation: [-0.9856f,0.1578f,-0.0609f,-0.1207f,0.0835f,0.7672f,0.6359f,0.4085f,0.1471f,0.6217f,-0.7693f,-0.6985f,0f,0f,0f,1f],start_interpolation: 0,interpolation_duration: 1}
$data merge entity $(bone_tail6) {transformation: [-0.9785f,0.112f,-0.1734f,-0.0879f,0.0734f,0.9738f,0.2153f,0.2634f,0.193f,0.198f,-0.961f,-0.4768f,0f,0f,0f,1f],start_interpolation: 0,interpolation_duration: 1}
$data merge entity $(bone_tail5) {transformation: [-0.9696f,0.031f,-0.2427f,-0.0272f,0.0814f,0.9764f,-0.2003f,0.3135f,0.2307f,-0.2139f,-0.9492f,-0.2395f,0f,0f,0f,1f],start_interpolation: 0,interpolation_duration: 1}
$data merge entity $(bone_tail1) {transformation: [-0.9909f,-0.0464f,-0.1262f,0f,0.0233f,0.8647f,-0.5017f,0.5199f,0.1324f,-0.5001f,-0.8558f,-0.0724f,0f,0f,0f,1f],start_interpolation: 0,interpolation_duration: 1}
$data merge entity $(bone_pad_right1) {transformation: [-1f,0f,0f,-0.1563f,0f,0.9962f,0.0872f,0.8008f,0f,0.0872f,-0.9962f,0.034f,0f,0f,0f,1f],start_interpolation: 0,interpolation_duration: 1}
$data merge entity $(bone_pad_left1) {transformation: [-1f,0f,0f,0.1562f,0f,0.9962f,0.0872f,0.8008f,0f,0.0872f,-0.9962f,0.034f,0f,0f,0f,1f],start_interpolation: 0,interpolation_duration: 1}
$data merge entity $(bone_jaw1) {transformation: [-1f,0f,0f,0f,0f,0.416f,0.9094f,0.9153f,0f,0.9094f,-0.416f,0.1861f,0f,0f,0f,1f],start_interpolation: 0,interpolation_duration: 1}
$data merge entity $(bone_eye_right1) {transformation: [-0.9063f,0.4226f,0f,-0.125f,0.4157f,0.8914f,0.1808f,1.045f,0.0764f,0.1639f,-0.9835f,0.2582f,0f,0f,0f,1f],start_interpolation: 0,interpolation_duration: 1}
$data merge entity $(bone_eye_left1) {transformation: [-0.9063f,-0.4226f,0f,0.125f,-0.4157f,0.8914f,0.1808f,1.045f,-0.0764f,0.1639f,-0.9835f,0.2582f,0f,0f,0f,1f],start_interpolation: 0,interpolation_duration: 1}
$data merge entity $(bone_ear_right1) {transformation: [-0.554f,-0.2588f,-0.7912f,-0.2187f,-0.2941f,0.95f,-0.1048f,1.1923f,0.7788f,0.1746f,-0.6025f,0.0622f,0f,0f,0f,1f],start_interpolation: 0,interpolation_duration: 1}
$data merge entity $(bone_ear_left1) {transformation: [-0.554f,0.2588f,0.7912f,0.2188f,0.2941f,0.95f,-0.1048f,1.1923f,-0.7788f,0.1746f,-0.6025f,0.0622f,0f,0f,0f,1f],start_interpolation: 0,interpolation_duration: 1}
$data merge entity $(bone_head1) {transformation: [-1f,0f,0f,0f,0f,0.9835f,0.1808f,0.9254f,0f,0.1808f,-0.9835f,0.0449f,0f,0f,0f,1f],start_interpolation: 0,interpolation_duration: 1}
$data merge entity $(bone_finger_index_right3) {transformation: [0.3567f,0.5614f,-0.7467f,-0.0628f,-0.9084f,0.0216f,-0.4176f,0.5743f,-0.2183f,0.8273f,0.5177f,0.3642f,0f,0f,0f,1f],start_interpolation: 0,interpolation_duration: 1}
$data merge entity $(bone_finger_index_right1) {transformation: [0.6593f,0.0876f,-0.7467f,-0.1273f,-0.5673f,0.7097f,-0.4176f,0.5968f,0.4934f,0.699f,0.5177f,0.3495f,0f,0f,0f,1f],start_interpolation: 0,interpolation_duration: 1}
$data merge entity $(bone_finger_middle_right3) {transformation: [0.3976f,0.3363f,-0.8537f,-0.1216f,-0.9037f,-0.0178f,-0.4279f,0.5427f,-0.1591f,0.9416f,0.2968f,0.3934f,0f,0f,0f,1f],start_interpolation: 0,interpolation_duration: 1}
$data merge entity $(bone_finger_middle_right1) {transformation: [0.519f,-0.0434f,-0.8537f,-0.154f,-0.6515f,0.6264f,-0.4279f,0.5834f,0.5533f,0.7783f,0.2968f,0.3588f,0f,0f,0f,1f],start_interpolation: 0,interpolation_duration: 1}
$data merge entity $(bone_finger_pinky_right3) {transformation: [0.3391f,0.2872f,-0.8958f,-0.1809f,-0.9302f,-0.04f,-0.3649f,0.5125f,-0.1407f,0.957f,0.2536f,0.4077f,0f,0f,0f,1f],start_interpolation: 0,interpolation_duration: 1}
$data merge entity $(bone_finger_pinky_right1) {transformation: [0.4444f,0.002f,-0.8958f,-0.1807f,-0.7383f,0.5672f,-0.3649f,0.57f,0.5074f,0.8235f,0.2536f,0.3681f,0f,0f,0f,1f],start_interpolation: 0,interpolation_duration: 1}
$data merge entity $(bone_forearm_right1) {transformation: [0.5045f,-0.1292f,-0.8537f,-0.359f,-0.5381f,0.7262f,-0.4279f,0.6908f,0.6752f,0.6753f,0.2968f,0.1347f,0f,0f,0f,1f],start_interpolation: 0,interpolation_duration: 1}
$data merge entity $(bone_arm_right1) {transformation: [-0.5605f,-0.1292f,-0.818f,-0.1563f,-0.6152f,0.7262f,0.3069f,0.8787f,0.5544f,0.6753f,-0.4865f,0.0409f,0f,0f,0f,1f],start_interpolation: 0,interpolation_duration: 1}
$data merge entity $(bone_finger_index_left3) {transformation: [0.432f,-0.6678f,0.6062f,0.027f,0.8496f,0.0757f,-0.522f,0.6212f,0.3027f,0.7405f,0.6001f,0.3279f,0f,0f,0f,1f],start_interpolation: 0,interpolation_duration: 1}
$data merge entity $(bone_finger_index_left1) {transformation: [0.7776f,-0.1667f,0.6062f,0.0945f,0.5472f,0.6543f,-0.522f,0.6391f,-0.3096f,0.7376f,0.6001f,0.3273f,0f,0f,0f,1f],start_interpolation: 0,interpolation_duration: 1}
$data merge entity $(bone_finger_middle_left3) {transformation: [0.423f,-0.5064f,0.7515f,0.0769f,0.8497f,-0.0666f,-0.5231f,0.5823f,0.3149f,0.8598f,0.4021f,0.3639f,0f,0f,0f,1f],start_interpolation: 0,interpolation_duration: 1}
$data merge entity $(bone_finger_middle_left1) {transformation: [0.6571f,-0.0589f,0.7515f,0.118f,0.6479f,0.5537f,-0.5231f,0.6228f,-0.3853f,0.8306f,0.4021f,0.3399f,0f,0f,0f,1f],start_interpolation: 0,interpolation_duration: 1}
$data merge entity $(bone_finger_pinky_left3) {transformation: [0.3382f,-0.4856f,0.8061f,0.1297f,0.8655f,-0.1759f,-0.4691f,0.5517f,0.3695f,0.8563f,0.3608f,0.3943f,0f,0f,0f,1f],start_interpolation: 0,interpolation_duration: 1}
$data merge entity $(bone_finger_pinky_left1) {transformation: [0.5918f,-0.0015f,0.8061f,0.1415f,0.6405f,0.6081f,-0.4691f,0.6064f,-0.4895f,0.7939f,0.3608f,0.3524f,0f,0f,0f,1f],start_interpolation: 0,interpolation_duration: 1}
$data merge entity $(bone_forearm_left1) {transformation: [0.6389f,0.1647f,0.7515f,0.3569f,0.4248f,0.7388f,-0.5231f,0.6882f,-0.6414f,0.6534f,0.4021f,0.1339f,0f,0f,0f,1f],start_interpolation: 0,interpolation_duration: 1}
$data merge entity $(bone_arm_left1) {transformation: [-0.5605f,0.1647f,0.8116f,0.1562f,0.6152f,0.7388f,0.2749f,0.8787f,-0.5544f,0.6534f,-0.5155f,0.0409f,0f,0f,0f,1f],start_interpolation: 0,interpolation_duration: 1}
$data merge entity $(bone_chest1) {transformation: [-1f,0f,0f,0f,0f,0.9962f,0.0872f,0.6249f,0f,0.0872f,-0.9962f,-0.1068f,0f,0f,0f,1f],start_interpolation: 0,interpolation_duration: 1}
$data merge entity $(bone_torso1) {transformation: [-1f,0f,0f,0f,0f,0.9848f,-0.1736f,0.5543f,0f,-0.1736f,-0.9848f,0.0326f,0f,0f,0f,1f],start_interpolation: 0,interpolation_duration: 1}
$data merge entity $(bone_toe_outer_right3) {transformation: [-0.3899f,-0.5941f,0.7036f,-0.4794f,-0.8615f,0.5051f,-0.0509f,0.4976f,-0.3252f,-0.626f,-0.7088f,0.3415f,0f,0f,0f,1f],start_interpolation: 0,interpolation_duration: 1}
$data merge entity $(bone_toe_outer_right1) {transformation: [-0.3899f,0.0774f,0.9176f,-0.4342f,-0.8615f,0.3212f,-0.3932f,0.4461f,-0.3252f,-0.9438f,-0.0585f,0.3277f,0f,0f,0f,1f],start_interpolation: 0,interpolation_duration: 1}
$data merge entity $(bone_toe_inner_right3) {transformation: [-0.6802f,-0.5527f,0.4815f,-0.4331f,-0.6751f,0.7282f,-0.1178f,0.564f,-0.2855f,-0.4052f,-0.8685f,0.3679f,0f,0f,0f,1f],start_interpolation: 0,interpolation_duration: 1}
$data merge entity $(bone_toe_inner_right1) {transformation: [-0.6802f,0.0774f,0.7289f,-0.3663f,-0.6751f,0.3212f,-0.6641f,0.5436f,-0.2855f,-0.9438f,-0.1662f,0.3664f,0f,0f,0f,1f],start_interpolation: 0,interpolation_duration: 1}
$data merge entity $(bone_toe_back_right1) {transformation: [-0.5433f,0.6459f,0.5364f,-0.2305f,-0.7802f,-0.1525f,-0.6067f,0.3858f,-0.3101f,-0.7481f,0.5867f,0.3239f,0f,0f,0f,1f],start_interpolation: 0,interpolation_duration: 1}
$data merge entity $(bone_foot_right1) {transformation: [-0.5433f,0.0774f,0.836f,-0.3219f,-0.7802f,0.3212f,-0.5368f,0.4445f,-0.3101f,-0.9438f,-0.1141f,0.3364f,0f,0f,0f,1f],start_interpolation: 0,interpolation_duration: 1}
$data merge entity $(bone_knee_right1) {transformation: [-0.1391f,0.0774f,0.9872f,-0.3654f,-0.9339f,0.3212f,-0.1568f,0.5296f,-0.3292f,-0.9438f,0.0276f,0.1134f,0f,0f,0f,1f],start_interpolation: 0,interpolation_duration: 1}
$data merge entity $(bone_leg_right1) {transformation: [0.003f,0.8179f,0.5753f,-0.125f,-0.9048f,0.2472f,-0.3468f,0.5697f,-0.4259f,-0.5195f,0.7408f,0.0298f,0f,0f,0f,1f],start_interpolation: 0,interpolation_duration: 1}
$data merge entity $(bone_toe_outer_left3) {transformation: [-0.1376f,0.6127f,-0.7782f,0.4376f,0.939f,0.3306f,0.0942f,0.4484f,0.315f,-0.7178f,-0.6209f,0.3313f,0f,0f,0f,1f],start_interpolation: 0,interpolation_duration: 1}
$data merge entity $(bone_toe_outer_left1) {transformation: [-0.1376f,0.0555f,-0.9889f,0.3801f,0.939f,0.3249f,-0.1125f,0.412f,0.315f,-0.9441f,-0.0968f,0.3154f,0f,0f,0f,1f],start_interpolation: 0,interpolation_duration: 1}
$data merge entity $(bone_toe_inner_left3) {transformation: [-0.4676f,0.6631f,-0.5846f,0.4114f,0.8439f,0.5316f,-0.0721f,0.5255f,0.2629f,-0.5271f,-0.8081f,0.3563f,0f,0f,0f,1f],start_interpolation: 0,interpolation_duration: 1}
$data merge entity $(bone_toe_inner_left1) {transformation: [-0.4676f,0.0555f,-0.8822f,0.3416f,0.8439f,0.3249f,-0.4269f,0.5252f,0.2629f,-0.9441f,-0.1988f,0.3521f,0f,0f,0f,1f],start_interpolation: 0,interpolation_duration: 1}
$data merge entity $(bone_toe_back_left1) {transformation: [-0.3073f,-0.4994f,-0.81f,0.1679f,0.9052f,0.1091f,-0.4106f,0.413f,0.2934f,-0.8595f,0.4186f,0.3033f,0f,0f,0f,1f],start_interpolation: 0,interpolation_duration: 1}
$data merge entity $(bone_foot_left1) {transformation: [-0.3073f,0.0555f,-0.95f,0.2718f,0.9052f,0.3249f,-0.2738f,0.4429f,0.2934f,-0.9441f,-0.1501f,0.3197f,0f,0f,0f,1f],start_interpolation: 0,interpolation_duration: 1}
$data merge entity $(bone_knee_left1) {transformation: [-0.1391f,0.1381f,-0.9806f,0.3654f,0.9339f,0.3475f,-0.0836f,0.5296f,0.3292f,-0.9275f,-0.1773f,0.1134f,0f,0f,0f,1f],start_interpolation: 0,interpolation_duration: 1}
$data merge entity $(bone_leg_left1) {transformation: [0.003f,-0.8179f,-0.5753f,0.125f,0.9048f,0.2472f,-0.3468f,0.5697f,0.4259f,-0.5195f,0.7408f,0.0298f,0f,0f,0f,1f],start_interpolation: 0,interpolation_duration: 1}