# This file was generated by Animated Java via MC-Build. It is not recommended to edit this file directly.
$data merge entity $(bone_tail7) {transformation: [-0.9902f,0.0815f,-0.1132f,0.0138f,0.0136f,0.8641f,0.5031f,0.3473f,0.1388f,0.4966f,-0.8568f,-0.715f,0f,0f,0f,1f],start_interpolation: 0,interpolation_duration: 1}
$data merge entity $(bone_tail6) {transformation: [-0.9989f,0.0266f,-0.0378f,0.0207f,0.023f,0.9954f,0.0933f,0.2307f,0.0401f,0.0923f,-0.9949f,-0.4749f,0f,0f,0f,1f],start_interpolation: 0,interpolation_duration: 1}
$data merge entity $(bone_tail5) {transformation: [-0.9992f,0.0111f,0.0381f,0.0112f,0.0002f,0.9615f,-0.2747f,0.2993f,-0.0397f,-0.2744f,-0.9608f,-0.2347f,0f,0f,0f,1f],start_interpolation: 0,interpolation_duration: 1}
$data merge entity $(bone_tail1) {transformation: [-0.9984f,0.0212f,0.0527f,0f,-0.0099f,0.8488f,-0.5287f,0.5111f,-0.0559f,-0.5283f,-0.8472f,-0.0724f,0f,0f,0f,1f],start_interpolation: 0,interpolation_duration: 1}
$data merge entity $(bone_pad_right1) {transformation: [-1f,0f,0f,-0.1563f,0f,0.9962f,0.0872f,0.792f,0f,0.0872f,-0.9962f,0.034f,0f,0f,0f,1f],start_interpolation: 0,interpolation_duration: 1}
$data merge entity $(bone_pad_left1) {transformation: [-1f,0f,0f,0.1562f,0f,0.9962f,0.0872f,0.792f,0f,0.0872f,-0.9962f,0.034f,0f,0f,0f,1f],start_interpolation: 0,interpolation_duration: 1}
$data merge entity $(bone_jaw1) {transformation: [-1f,0f,0f,0f,0f,0.4539f,0.891f,0.9124f,0f,0.891f,-0.4539f,0.1864f,0f,0f,0f,1f],start_interpolation: 0,interpolation_duration: 1}
$data merge entity $(bone_eye_right1) {transformation: [-0.9063f,0.4226f,0f,-0.125f,0.4185f,0.8975f,0.1392f,1.045f,0.0588f,0.1262f,-0.9903f,0.253f,0f,0f,0f,1f],start_interpolation: 0,interpolation_duration: 1}
$data merge entity $(bone_eye_left1) {transformation: [-0.9063f,-0.4226f,0f,0.125f,-0.4185f,0.8975f,0.1392f,1.045f,-0.0588f,0.1262f,-0.9903f,0.253f,0f,0f,0f,1f],start_interpolation: 0,interpolation_duration: 1}
$data merge entity $(bone_ear_right1) {transformation: [-0.554f,-0.2588f,-0.7912f,-0.2187f,-0.261f,0.9565f,-0.1301f,1.1839f,0.7905f,0.1345f,-0.5975f,0.051f,0f,0f,0f,1f],start_interpolation: 0,interpolation_duration: 1}
$data merge entity $(bone_ear_left1) {transformation: [-0.554f,0.2588f,0.7912f,0.2188f,0.261f,0.9565f,-0.1301f,1.1839f,-0.7905f,0.1345f,-0.5975f,0.051f,0f,0f,0f,1f],start_interpolation: 0,interpolation_duration: 1}
$data merge entity $(bone_head1) {transformation: [-1f,0f,0f,0f,0f,0.9903f,0.1392f,0.9165f,0f,0.1392f,-0.9903f,0.0449f,0f,0f,0f,1f],start_interpolation: 0,interpolation_duration: 1}
$data merge entity $(bone_finger_index_right3) {transformation: [0.3189f,0.5896f,-0.7421f,-0.0634f,-0.9144f,-0.0145f,-0.4045f,0.5671f,-0.2493f,0.8076f,0.5345f,0.3651f,0f,0f,0f,1f],start_interpolation: 0,interpolation_duration: 1}
$data merge entity $(bone_finger_index_right1) {transformation: [0.6567f,0.1347f,-0.7421f,-0.1276f,-0.5989f,0.6911f,-0.4045f,0.5919f,0.4584f,0.7101f,0.5345f,0.3532f,0f,0f,0f,1f],start_interpolation: 0,interpolation_duration: 1}
$data merge entity $(bone_finger_middle_right3) {transformation: [0.362f,0.3673f,-0.8568f,-0.1222f,-0.9123f,-0.0491f,-0.4065f,0.5367f,-0.1914f,0.9288f,0.3173f,0.3957f,0f,0f,0f,1f],start_interpolation: 0,interpolation_duration: 1}
$data merge entity $(bone_finger_middle_right1) {transformation: [0.5157f,0.0038f,-0.8568f,-0.1544f,-0.6798f,0.6104f,-0.4065f,0.5792f,0.5214f,0.7921f,0.3173f,0.3631f,0f,0f,0f,1f],start_interpolation: 0,interpolation_duration: 1}
$data merge entity $(bone_finger_pinky_right3) {transformation: [0.3033f,0.3181f,-0.8982f,-0.1819f,-0.9373f,-0.0701f,-0.3413f,0.5081f,-0.1715f,0.9455f,0.2769f,0.4114f,0f,0f,0f,1f],start_interpolation: 0,interpolation_duration: 1}
$data merge entity $(bone_finger_pinky_right1) {transformation: [0.4368f,0.0487f,-0.8982f,-0.1812f,-0.7631f,0.5488f,-0.3413f,0.5665f,0.4763f,0.8345f,0.2769f,0.373f,0f,0f,0f,1f],start_interpolation: 0,interpolation_duration: 1}
$data merge entity $(bone_forearm_right1) {transformation: [0.5052f,-0.1035f,-0.8568f,-0.361f,-0.5381f,0.7384f,-0.4065f,0.6873f,0.6747f,0.6664f,0.3173f,0.1409f,0f,0f,0f,1f],start_interpolation: 0,interpolation_duration: 1}
$data merge entity $(bone_arm_right1) {transformation: [-0.563f,-0.1035f,-0.82f,-0.1563f,-0.5959f,0.7384f,0.3159f,0.8698f,0.5727f,0.6664f,-0.4773f,0.0409f,0f,0f,0f,1f],start_interpolation: 0,interpolation_duration: 1}
$data merge entity $(bone_finger_index_left3) {transformation: [0.3881f,-0.6978f,0.602f,0.0276f,0.8594f,0.0381f,-0.5099f,0.6129f,0.3329f,0.7153f,0.6145f,0.3275f,0f,0f,0f,1f],start_interpolation: 0,interpolation_duration: 1}
$data merge entity $(bone_finger_index_left1) {transformation: [0.7679f,-0.219f,0.602f,0.0944f,0.5807f,0.6346f,-0.5099f,0.6333f,-0.2704f,0.7411f,0.6145f,0.3298f,0f,0f,0f,1f],start_interpolation: 0,interpolation_duration: 1}
$data merge entity $(bone_finger_middle_left3) {transformation: [0.3787f,-0.5358f,0.7546f,0.0775f,0.8589f,-0.1003f,-0.5022f,0.5752f,0.3448f,0.8383f,0.4223f,0.3648f,0f,0f,0f,1f],start_interpolation: 0,interpolation_duration: 1}
$data merge entity $(bone_finger_middle_left1) {transformation: [0.6467f,-0.1111f,0.7546f,0.118f,0.6782f,0.5364f,-0.5022f,0.6176f,-0.349f,0.8366f,0.4223f,0.343f,0f,0f,0f,1f],start_interpolation: 0,interpolation_duration: 1}
$data merge entity $(bone_finger_pinky_left3) {transformation: [0.2914f,-0.5109f,0.8088f,0.1302f,0.8706f,-0.2086f,-0.4455f,0.5461f,0.3963f,0.8339f,0.384f,0.3967f,0f,0f,0f,1f],start_interpolation: 0,interpolation_duration: 1}
$data merge entity $(bone_finger_pinky_left1) {transformation: [0.5856f,-0.0543f,0.8088f,0.1415f,0.6703f,0.5935f,-0.4455f,0.6019f,-0.4558f,0.803f,0.384f,0.3562f,0f,0f,0f,1f],start_interpolation: 0,interpolation_duration: 1}
$data merge entity $(bone_forearm_left1) {transformation: [0.6412f,0.1392f,0.7546f,0.359f,0.4279f,0.7514f,-0.5022f,0.6847f,-0.637f,0.645f,0.4223f,0.1401f,0f,0f,0f,1f],start_interpolation: 0,interpolation_duration: 1}
$data merge entity $(bone_arm_left1) {transformation: [-0.563f,0.1392f,0.8147f,0.1562f,0.5959f,0.7514f,0.2834f,0.8698f,-0.5727f,0.645f,-0.506f,0.0409f,0f,0f,0f,1f],start_interpolation: 0,interpolation_duration: 1}
$data merge entity $(bone_chest1) {transformation: [-1f,0f,0f,0f,0f,0.9962f,0.0872f,0.6161f,0f,0.0872f,-0.9962f,-0.1068f,0f,0f,0f,1f],start_interpolation: 0,interpolation_duration: 1}
$data merge entity $(bone_torso1) {transformation: [-1f,0f,0f,0f,0f,0.9848f,-0.1736f,0.5454f,0f,-0.1736f,-0.9848f,0.0326f,0f,0f,0f,1f],start_interpolation: 0,interpolation_duration: 1}
$data merge entity $(bone_toe_outer_right3) {transformation: [-0.4067f,-0.5814f,0.7047f,-0.4818f,-0.8599f,0.504f,-0.0804f,0.5026f,-0.3084f,-0.6387f,-0.7049f,0.3416f,0f,0f,0f,1f],start_interpolation: 0,interpolation_duration: 1}
$data merge entity $(bone_toe_outer_right1) {transformation: [-0.4067f,0.0872f,0.9094f,-0.4377f,-0.8599f,0.2995f,-0.4132f,0.4499f,-0.3084f,-0.9501f,-0.0468f,0.3291f,0f,0f,0f,1f],start_interpolation: 0,interpolation_duration: 1}
$data merge entity $(bone_toe_inner_right3) {transformation: [-0.6932f,-0.5361f,0.4818f,-0.4343f,-0.6667f,0.7308f,-0.1461f,0.5686f,-0.2738f,-0.4225f,-0.864f,0.3668f,0f,0f,0f,1f],start_interpolation: 0,interpolation_duration: 1}
$data merge entity $(bone_toe_inner_right1) {transformation: [-0.6932f,0.0872f,0.7155f,-0.3679f,-0.6667f,0.2995f,-0.6824f,0.5468f,-0.2738f,-0.9501f,-0.1495f,0.366f,0f,0f,0f,1f],start_interpolation: 0,interpolation_duration: 1}
$data merge entity $(bone_toe_back_right1) {transformation: [-0.5584f,0.645f,0.5217f,-0.2352f,-0.7751f,-0.1816f,-0.6052f,0.3854f,-0.2956f,-0.7423f,0.6013f,0.3273f,0f,0f,0f,1f],start_interpolation: 0,interpolation_duration: 1}
$data merge entity $(bone_foot_right1) {transformation: [-0.5584f,0.0872f,0.825f,-0.3255f,-0.7751f,0.2995f,-0.5563f,0.4462f,-0.2956f,-0.9501f,-0.0997f,0.3382f,0f,0f,0f,1f],start_interpolation: 0,interpolation_duration: 1}
$data merge entity $(bone_knee_right1) {transformation: [-0.1574f,0.0872f,0.9837f,-0.3665f,-0.9376f,0.2995f,-0.1766f,0.5275f,-0.31f,-0.9501f,0.0346f,0.1133f,0f,0f,0f,1f],start_interpolation: 0,interpolation_duration: 1}
$data merge entity $(bone_leg_right1) {transformation: [-0.0144f,0.8246f,0.5655f,-0.125f,-0.9134f,0.2192f,-0.343f,0.5608f,-0.4068f,-0.5215f,0.75f,0.0298f,0f,0f,0f,1f],start_interpolation: 0,interpolation_duration: 1}
$data merge entity $(bone_toe_outer_left3) {transformation: [-0.1561f,0.6033f,-0.7821f,0.441f,0.9424f,0.328f,0.065f,0.4524f,0.2957f,-0.7269f,-0.6198f,0.3326f,0f,0f,0f,1f],start_interpolation: 0,interpolation_duration: 1}
$data merge entity $(bone_toe_outer_left1) {transformation: [-0.1561f,0.0456f,-0.9867f,0.3842f,0.9424f,0.306f,-0.135f,0.4145f,0.2957f,-0.9509f,-0.0908f,0.3177f,0f,0f,0f,1f],start_interpolation: 0,interpolation_duration: 1}
$data merge entity $(bone_toe_inner_left3) {transformation: [-0.4842f,0.6501f,-0.5856f,0.4133f,0.8394f,0.534f,-0.1012f,0.5294f,0.2469f,-0.5406f,-0.8043f,0.3561f,0f,0f,0f,1f],start_interpolation: 0,interpolation_duration: 1}
$data merge entity $(bone_toe_inner_left1) {transformation: [-0.4842f,0.0456f,-0.8738f,0.3436f,0.8394f,0.306f,-0.4491f,0.5276f,0.2469f,-0.9509f,-0.1864f,0.3522f,0f,0f,0f,1f],start_interpolation: 0,interpolation_duration: 1}
$data merge entity $(bone_toe_back_left1) {transformation: [-0.3251f,-0.5044f,-0.7999f,0.172f,0.9047f,0.0805f,-0.4184f,0.4108f,0.2755f,-0.8597f,0.4301f,0.3064f,0f,0f,0f,1f],start_interpolation: 0,interpolation_duration: 1}
$data merge entity $(bone_foot_left1) {transformation: [-0.3251f,0.0456f,-0.9446f,0.2753f,0.9047f,0.306f,-0.2966f,0.4432f,0.2755f,-0.9509f,-0.1407f,0.3218f,0f,0f,0f,1f],start_interpolation: 0,interpolation_duration: 1}
$data merge entity $(bone_knee_left1) {transformation: [-0.1574f,0.1278f,-0.9792f,0.3665f,0.9376f,0.3307f,-0.1076f,0.5275f,0.31f,-0.9351f,-0.1719f,0.1133f,0f,0f,0f,1f],start_interpolation: 0,interpolation_duration: 1}
$data merge entity $(bone_leg_left1) {transformation: [-0.0144f,-0.8246f,-0.5655f,0.125f,0.9134f,0.2192f,-0.343f,0.5608f,0.4068f,-0.5215f,0.75f,0.0298f,0f,0f,0f,1f],start_interpolation: 0,interpolation_duration: 1}