# This file was generated by Animated Java via MC-Build. It is not recommended to edit this file directly.
$data merge entity $(bone_tail7) {transformation: [-0.9761f,-0.1603f,0.1468f,0.0602f,-0.0401f,0.7966f,0.6032f,0.3834f,-0.2136f,0.5829f,-0.784f,-0.7142f,0f,0f,0f,1f],start_interpolation: 0,interpolation_duration: 1}
$data merge entity $(bone_tail6) {transformation: [-0.9865f,-0.0874f,0.1386f,0.0337f,-0.0542f,0.9723f,0.2275f,0.2354f,-0.1546f,0.217f,-0.9639f,-0.4936f,0f,0f,0f,1f],start_interpolation: 0,interpolation_duration: 1}
$data merge entity $(bone_tail5) {transformation: [-0.9935f,-0.0274f,0.1107f,0.006f,-0.0457f,0.985f,-0.1662f,0.2769f,-0.1045f,-0.1702f,-0.9799f,-0.2486f,0f,0f,0f,1f],start_interpolation: 0,interpolation_duration: 1}
$data merge entity $(bone_tail1) {transformation: [-0.9996f,0.009f,0.0276f,0f,-0.005f,0.8819f,-0.4714f,0.4774f,-0.0286f,-0.4714f,-0.8815f,-0.0724f,0f,0f,0f,1f],start_interpolation: 0,interpolation_duration: 1}
$data merge entity $(bone_pad_right1) {transformation: [-1f,0f,0f,-0.1563f,0f,0.9962f,0.0872f,0.7583f,0f,0.0872f,-0.9962f,0.034f,0f,0f,0f,1f],start_interpolation: 0,interpolation_duration: 1}
$data merge entity $(bone_pad_left1) {transformation: [-1f,0f,0f,0.1562f,0f,0.9962f,0.0872f,0.7583f,0f,0.0872f,-0.9962f,0.034f,0f,0f,0f,1f],start_interpolation: 0,interpolation_duration: 1}
$data merge entity $(bone_jaw1) {transformation: [-1f,0f,0f,0f,0f,0.3979f,0.9174f,0.87f,0f,0.9174f,-0.3979f,0.1858f,0f,0f,0f,1f],start_interpolation: 0,interpolation_duration: 1}
$data merge entity $(bone_eye_right1) {transformation: [-0.9063f,0.4226f,0f,-0.125f,0.4141f,0.8879f,0.2003f,0.9983f,0.0846f,0.1815f,-0.9797f,0.2605f,0f,0f,0f,1f],start_interpolation: 0,interpolation_duration: 1}
$data merge entity $(bone_eye_left1) {transformation: [-0.9063f,-0.4226f,0f,0.125f,-0.4141f,0.8879f,0.2003f,0.9983f,-0.0846f,0.1815f,-0.9797f,0.2605f,0f,0f,0f,1f],start_interpolation: 0,interpolation_duration: 1}
$data merge entity $(bone_ear_right1) {transformation: [-0.554f,-0.2588f,-0.7912f,-0.2187f,-0.3095f,0.9464f,-0.0928f,1.1494f,0.7728f,0.1935f,-0.6044f,0.0675f,0f,0f,0f,1f],start_interpolation: 0,interpolation_duration: 1}
$data merge entity $(bone_ear_left1) {transformation: [-0.554f,0.2588f,0.7912f,0.2188f,0.3095f,0.9464f,-0.0928f,1.1494f,-0.7728f,0.1935f,-0.6044f,0.0675f,0f,0f,0f,1f],start_interpolation: 0,interpolation_duration: 1}
$data merge entity $(bone_head1) {transformation: [-1f,0f,0f,0f,0f,0.9797f,0.2003f,0.8829f,0f,0.2003f,-0.9797f,0.0449f,0f,0f,0f,1f],start_interpolation: 0,interpolation_duration: 1}
$data merge entity $(bone_finger_index_right3) {transformation: [0.3738f,0.5473f,-0.7488f,-0.0625f,-0.9049f,0.0382f,-0.4239f,0.5311f,-0.2034f,0.8361f,0.5095f,0.3637f,0f,0f,0f,1f],start_interpolation: 0,interpolation_duration: 1}
$data merge entity $(bone_finger_index_right1) {transformation: [0.6595f,0.0654f,-0.7488f,-0.1271f,-0.5524f,0.7177f,-0.4239f,0.5523f,0.5097f,0.6932f,0.5095f,0.3478f,0f,0f,0f,1f],start_interpolation: 0,interpolation_duration: 1}
$data merge entity $(bone_finger_middle_right3) {transformation: [0.4137f,0.321f,-0.852f,-0.1213f,-0.899f,-0.0035f,-0.4379f,0.4988f,-0.1435f,0.9471f,0.2871f,0.3922f,0f,0f,0f,1f],start_interpolation: 0,interpolation_duration: 1}
$data merge entity $(bone_finger_middle_right1) {transformation: [0.5195f,-0.0656f,-0.852f,-0.1537f,-0.6382f,0.6332f,-0.4379f,0.5387f,0.5682f,0.7712f,0.2871f,0.3567f,0f,0f,0f,1f],start_interpolation: 0,interpolation_duration: 1}
$data merge entity $(bone_finger_pinky_right3) {transformation: [0.3553f,0.272f,-0.8943f,-0.1804f,-0.9262f,-0.0263f,-0.376f,0.4678f,-0.1258f,0.9619f,0.2425f,0.4059f,0f,0f,0f,1f],start_interpolation: 0,interpolation_duration: 1}
$data merge entity $(bone_finger_pinky_right1) {transformation: [0.447f,-0.0201f,-0.8943f,-0.1803f,-0.7265f,0.5752f,-0.376f,0.525f,0.522f,0.8178f,0.2425f,0.3657f,0f,0f,0f,1f],start_interpolation: 0,interpolation_duration: 1}
$data merge entity $(bone_forearm_right1) {transformation: [0.5042f,-0.1412f,-0.852f,-0.3579f,-0.5382f,0.7201f,-0.4379f,0.6457f,0.6753f,0.6794f,0.2871f,0.1318f,0f,0f,0f,1f],start_interpolation: 0,interpolation_duration: 1}
$data merge entity $(bone_arm_right1) {transformation: [-0.559f,-0.1412f,-0.817f,-0.1563f,-0.6243f,0.7201f,0.3028f,0.8362f,0.5456f,0.6794f,-0.4907f,0.0409f,0f,0f,0f,1f],start_interpolation: 0,interpolation_duration: 1}
$data merge entity $(bone_finger_index_left3) {transformation: [0.4519f,-0.6527f,0.6081f,0.0267f,0.8443f,0.0929f,-0.5277f,0.5784f,0.2879f,0.7519f,0.5931f,0.328f,0f,0f,0f,1f],start_interpolation: 0,interpolation_duration: 1}
$data merge entity $(bone_finger_index_left1) {transformation: [0.7811f,-0.142f,0.6081f,0.0945f,0.5313f,0.6627f,-0.5277f,0.5952f,-0.3281f,0.7353f,0.5931f,0.3261f,0f,0f,0f,1f],start_interpolation: 0,interpolation_duration: 1}
$data merge entity $(bone_finger_middle_left3) {transformation: [0.4432f,-0.4915f,0.7497f,0.0766f,0.8446f,-0.0512f,-0.5329f,0.5389f,0.3004f,0.8693f,0.3925f,0.3635f,0f,0f,0f,1f],start_interpolation: 0,interpolation_duration: 1}
$data merge entity $(bone_finger_middle_left1) {transformation: [0.6609f,-0.0342f,0.7497f,0.1179f,0.6335f,0.561f,-0.5329f,0.5785f,-0.4023f,0.8271f,0.3925f,0.3383f,0f,0f,0f,1f],start_interpolation: 0,interpolation_duration: 1}
$data merge entity $(bone_finger_pinky_left3) {transformation: [0.3597f,-0.4727f,0.8044f,0.1294f,0.8623f,-0.1609f,-0.4801f,0.5077f,0.3564f,0.8664f,0.3498f,0.3931f,0f,0f,0f,1f],start_interpolation: 0,interpolation_duration: 1}
$data merge entity $(bone_finger_pinky_left1) {transformation: [0.5936f,0.0235f,0.8044f,0.1414f,0.6264f,0.6141f,-0.4801f,0.5618f,-0.5053f,0.7889f,0.3498f,0.3506f,0f,0f,0f,1f],start_interpolation: 0,interpolation_duration: 1}
$data merge entity $(bone_forearm_left1) {transformation: [0.6378f,0.1767f,0.7497f,0.3558f,0.4234f,0.7326f,-0.5329f,0.6432f,-0.6434f,0.6573f,0.3925f,0.131f,0f,0f,0f,1f],start_interpolation: 0,interpolation_duration: 1}
$data merge entity $(bone_arm_left1) {transformation: [-0.559f,0.1767f,0.8101f,0.1562f,0.6243f,0.7326f,0.2711f,0.8362f,-0.5456f,0.6573f,-0.5199f,0.0409f,0f,0f,0f,1f],start_interpolation: 0,interpolation_duration: 1}
$data merge entity $(bone_chest1) {transformation: [-1f,0f,0f,0f,0f,0.9962f,0.0872f,0.5824f,0f,0.0872f,-0.9962f,-0.1068f,0f,0f,0f,1f],start_interpolation: 0,interpolation_duration: 1}
$data merge entity $(bone_torso1) {transformation: [-1f,0f,0f,0f,0f,0.9848f,-0.1736f,0.5118f,0f,-0.1736f,-0.9848f,0.0326f,0f,0f,0f,1f],start_interpolation: 0,interpolation_duration: 1}
$data merge entity $(bone_toe_outer_right3) {transformation: [-0.3821f,-0.6002f,0.7027f,-0.4781f,-0.862f,0.5055f,-0.037f,0.4485f,-0.333f,-0.6199f,-0.7105f,0.3414f,0f,0f,0f,1f],start_interpolation: 0,interpolation_duration: 1}
$data merge entity $(bone_toe_outer_right1) {transformation: [-0.3821f,0.0725f,0.9213f,-0.4324f,-0.862f,0.3313f,-0.3836f,0.3976f,-0.333f,-0.9407f,-0.0641f,0.327f,0f,0f,0f,1f],start_interpolation: 0,interpolation_duration: 1}
$data merge entity $(bone_toe_inner_right3) {transformation: [-0.6741f,-0.5605f,0.481f,-0.4324f,-0.6789f,0.7268f,-0.1045f,0.5151f,-0.291f,-0.397f,-0.8705f,0.3684f,0f,0f,0f,1f],start_interpolation: 0,interpolation_duration: 1}
$data merge entity $(bone_toe_inner_right1) {transformation: [-0.6741f,0.0725f,0.735f,-0.3654f,-0.6789f,0.3313f,-0.6553f,0.4954f,-0.291f,-0.9407f,-0.1741f,0.3666f,0f,0f,0f,1f],start_interpolation: 0,interpolation_duration: 1}
$data merge entity $(bone_toe_back_right1) {transformation: [-0.5362f,0.6459f,0.5434f,-0.2281f,-0.7823f,-0.1387f,-0.6072f,0.3394f,-0.3168f,-0.7507f,0.5797f,0.3222f,0f,0f,0f,1f],start_interpolation: 0,interpolation_duration: 1}
$data merge entity $(bone_foot_right1) {transformation: [-0.5362f,0.0725f,0.8409f,-0.3201f,-0.7823f,0.3313f,-0.5274f,0.3971f,-0.3168f,-0.9407f,-0.1209f,0.3354f,0f,0f,0f,1f],start_interpolation: 0,interpolation_duration: 1}
$data merge entity $(bone_knee_right1) {transformation: [-0.1306f,0.0725f,0.9888f,-0.3649f,-0.9319f,0.3313f,-0.1474f,0.4839f,-0.3383f,-0.9407f,0.0243f,0.1134f,0f,0f,0f,1f],start_interpolation: 0,interpolation_duration: 1}
$data merge entity $(bone_leg_right1) {transformation: [0.011f,0.8145f,0.58f,-0.125f,-0.9004f,0.2603f,-0.3485f,0.5272f,-0.4349f,-0.5184f,0.7363f,0.0298f,0f,0f,0f,1f],start_interpolation: 0,interpolation_duration: 1}
$data merge entity $(bone_toe_outer_left3) {transformation: [-0.1291f,0.6172f,-0.7761f,0.4358f,0.9372f,0.3317f,0.108f,0.3998f,0.3241f,-0.7134f,-0.6213f,0.3307f,0f,0f,0f,1f],start_interpolation: 0,interpolation_duration: 1}
$data merge entity $(bone_toe_outer_left1) {transformation: [-0.1291f,0.0604f,-0.9898f,0.378f,0.9372f,0.3337f,-0.1018f,0.3642f,0.3241f,-0.9407f,-0.0997f,0.3143f,0f,0f,0f,1f],start_interpolation: 0,interpolation_duration: 1}
$data merge entity $(bone_toe_inner_left3) {transformation: [-0.4598f,0.6692f,-0.5837f,0.4103f,0.8458f,0.5303f,-0.0584f,0.4769f,0.2705f,-0.5206f,-0.8098f,0.3564f,0f,0f,0f,1f],start_interpolation: 0,interpolation_duration: 1}
$data merge entity $(bone_toe_inner_left1) {transformation: [-0.4598f,0.0604f,-0.886f,0.3406f,0.8458f,0.3337f,-0.4162f,0.4774f,0.2705f,-0.9407f,-0.2045f,0.352f,0f,0f,0f,1f],start_interpolation: 0,interpolation_duration: 1}
$data merge entity $(bone_toe_back_left1) {transformation: [-0.299f,-0.4967f,-0.8148f,0.1658f,0.9053f,0.1225f,-0.4068f,0.3673f,0.3019f,-0.8592f,0.4131f,0.3018f,0f,0f,0f,1f],start_interpolation: 0,interpolation_duration: 1}
$data merge entity $(bone_foot_left1) {transformation: [-0.299f,0.0604f,-0.9523f,0.27f,0.9053f,0.3337f,-0.263f,0.3961f,0.3019f,-0.9407f,-0.1545f,0.3187f,0f,0f,0f,1f],start_interpolation: 0,interpolation_duration: 1}
$data merge entity $(bone_knee_left1) {transformation: [-0.1306f,0.1432f,-0.981f,0.3649f,0.9319f,0.3553f,-0.0722f,0.4839f,0.3383f,-0.9237f,-0.1799f,0.1134f,0f,0f,0f,1f],start_interpolation: 0,interpolation_duration: 1}
$data merge entity $(bone_leg_left1) {transformation: [0.011f,-0.8145f,-0.58f,0.125f,0.9004f,0.2603f,-0.3485f,0.5272f,0.4349f,-0.5184f,0.7363f,0.0298f,0f,0f,0f,1f],start_interpolation: 0,interpolation_duration: 1}