# This file was generated by Animated Java via MC-Build. It is not recommended to edit this file directly.
$data merge entity $(bone_neck_spine5) {transformation: [-1.5723f,0f,0f,0.1211f,0f,1.5014f,0.4667f,4.3057f,0f,0.4667f,-1.5014f,-0.4323f,0f,0f,0f,1f],start_interpolation: 0,interpolation_duration: 1}
$data merge entity $(bone_neck_spine2) {transformation: [-1.4974f,0f,0f,0.0088f,0f,1.3923f,0.5512f,5.3039f,0f,0.5512f,-1.3923f,1.6177f,0f,0f,0f,1f],start_interpolation: 0,interpolation_duration: 1}
$data merge entity $(bone_scale_neck_left1) {transformation: [-1.591f,0.4162f,0.0923f,0.795f,0.3725f,1.1839f,1.0829f,4.4779f,0.2073f,1.0669f,-1.2377f,1.2544f,0f,0f,0f,1f],start_interpolation: 0,interpolation_duration: 1}
$data merge entity $(bone_scale_neck_right1) {transformation: [-1.591f,-0.4162f,-0.0923f,-0.7773f,-0.3725f,1.1839f,1.0829f,4.4779f,-0.2073f,1.0669f,-1.2377f,1.2544f,0f,0f,0f,1f],start_interpolation: 0,interpolation_duration: 1}
$data merge entity $(bone_blush_right1) {transformation: [-1f,0f,0f,-0.6538f,0f,0.8456f,0.5339f,3.5974f,0f,0.5339f,-0.8456f,2.3764f,0f,0f,0f,1f],start_interpolation: 0,interpolation_duration: 1}
$data merge entity $(bone_blush_left1) {transformation: [-1f,0f,0f,0.6714f,0f,0.8456f,0.5339f,3.5974f,0f,0.5339f,-0.8456f,2.3764f,0f,0f,0f,1f],start_interpolation: 0,interpolation_duration: 1}
$data merge entity $(bone_left_head_scales) {transformation: [-0.887f,0f,-0.4617f,0.6827f,-0.2465f,0.8456f,0.4736f,4.4245f,0.3904f,0.5339f,-0.75f,2.4337f,0f,0f,0f,1f],start_interpolation: 0,interpolation_duration: 1}
$data merge entity $(bone_left_head_scales2) {transformation: [-0.8192f,0f,-0.5736f,0.6827f,-0.3062f,0.8456f,0.4373f,3.5749f,0.485f,0.5339f,-0.6926f,2.0965f,0f,0f,0f,1f],start_interpolation: 0,interpolation_duration: 1}
$data merge entity $(bone_left_head_scales1) {transformation: [-1f,0f,0f,0.6827f,0f,0.8456f,0.5339f,4.3295f,0f,0.5339f,-0.8456f,2.3738f,0f,0f,0f,1f],start_interpolation: 0,interpolation_duration: 1}
$data merge entity $(bone_right_head_scales) {transformation: [-0.887f,0f,0.4617f,-0.665f,0.2465f,0.8456f,0.4736f,4.4245f,-0.3904f,0.5339f,-0.75f,2.4337f,0f,0f,0f,1f],start_interpolation: 0,interpolation_duration: 1}
$data merge entity $(bone_right_head_scales2) {transformation: [-0.8192f,0f,0.5736f,-0.665f,0.3062f,0.8456f,0.4373f,3.5749f,-0.485f,0.5339f,-0.6926f,2.0965f,0f,0f,0f,1f],start_interpolation: 0,interpolation_duration: 1}
$data merge entity $(bone_right_head_scales1) {transformation: [-1f,0f,0f,-0.665f,0f,0.8456f,0.5339f,4.3295f,0f,0.5339f,-0.8456f,2.3738f,0f,0f,0f,1f],start_interpolation: 0,interpolation_duration: 1}
$data merge entity $(bone_head_left_fin1) {transformation: [-0.7273f,0.0217f,-0.7545f,0.6827f,-0.1534f,1.0216f,0.1773f,4.0184f,0.739f,0.2334f,-0.7057f,2.0777f,0f,0f,0f,1f],start_interpolation: 0,interpolation_duration: 1}
$data merge entity $(bone_head_right_fin1) {transformation: [-0.7273f,-0.0217f,0.7545f,-0.665f,0.1534f,1.0216f,0.1773f,4.0184f,-0.739f,0.2334f,-0.7057f,2.0777f,0f,0f,0f,1f],start_interpolation: 0,interpolation_duration: 1}
$data merge entity $(bone_right_whisker16) {transformation: [0.2592f,0.9188f,-0.2976f,-1.192f,0.9635f,-0.2672f,0.0143f,1.2876f,-0.0664f,-0.2904f,-0.9546f,1.8848f,0f,0f,0f,1f],start_interpolation: 0,interpolation_duration: 1}
$data merge entity $(bone_right_whisker15) {transformation: [-0.8772f,0.3769f,-0.2976f,-0.8964f,0.3906f,0.9204f,0.0143f,1.156f,0.2793f,-0.1037f,-0.9546f,1.7907f,0f,0f,0f,1f],start_interpolation: 0,interpolation_duration: 1}
$data merge entity $(bone_right_whisker14) {transformation: [-0.7123f,-0.6357f,-0.2976f,-0.6565f,-0.6691f,0.743f,0.0143f,1.3814f,0.212f,0.2093f,-0.9546f,1.7192f,0f,0f,0f,1f],start_interpolation: 0,interpolation_duration: 1}
$data merge entity $(bone_right_whisker13) {transformation: [-0.0941f,-0.9931f,-0.0696f,-0.6248f,-0.9736f,0.0772f,0.2148f,1.7094f,-0.2079f,0.088f,-0.9742f,1.7893f,0f,0f,0f,1f],start_interpolation: 0,interpolation_duration: 1}
$data merge entity $(bone_right_whisker12) {transformation: [0.0671f,-0.9966f,-0.0476f,-0.6549f,-0.9037f,-0.081f,0.4204f,2.1154f,-0.4229f,0.0148f,-0.9061f,1.9792f,0f,0f,0f,1f],start_interpolation: 0,interpolation_duration: 1}
$data merge entity $(bone_right_whisker11) {transformation: [0.2922f,-0.956f,-0.0252f,-0.7862f,-0.9474f,-0.2929f,0.1292f,2.541f,-0.1309f,-0.0139f,-0.9913f,2.0381f,0f,0f,0f,1f],start_interpolation: 0,interpolation_duration: 1}
$data merge entity $(bone_right_whisker10) {transformation: [0.0705f,-0.9937f,0.0872f,-0.8178f,-0.9903f,-0.0802f,-0.1136f,2.9858f,0.1199f,-0.0783f,-0.9897f,1.9842f,0f,0f,0f,1f],start_interpolation: 0,interpolation_duration: 1}
$data merge entity $(bone_right_whisker1) {transformation: [-0.3402f,-0.9386f,0.057f,-0.665f,-0.9274f,0.3449f,0.1448f,3.4024f,-0.1556f,-0.0036f,-0.9878f,2.0541f,0f,0f,0f,1f],start_interpolation: 0,interpolation_duration: 1}
$data merge entity $(bone_left_whisker16) {transformation: [0.2592f,-0.9188f,0.2976f,1.2096f,-0.9635f,-0.2672f,0.0143f,1.2876f,0.0664f,-0.2904f,-0.9546f,1.8848f,0f,0f,0f,1f],start_interpolation: 0,interpolation_duration: 1}
$data merge entity $(bone_left_whisker15) {transformation: [-0.8772f,-0.3769f,0.2976f,0.9141f,-0.3906f,0.9204f,0.0143f,1.156f,-0.2793f,-0.1037f,-0.9546f,1.7907f,0f,0f,0f,1f],start_interpolation: 0,interpolation_duration: 1}
$data merge entity $(bone_left_whisker14) {transformation: [-0.7123f,0.6357f,0.2976f,0.6741f,0.6691f,0.743f,0.0143f,1.3814f,-0.212f,0.2093f,-0.9546f,1.7192f,0f,0f,0f,1f],start_interpolation: 0,interpolation_duration: 1}
$data merge entity $(bone_left_whisker13) {transformation: [-0.0941f,0.9931f,0.0696f,0.6424f,0.9736f,0.0772f,0.2148f,1.7094f,0.2079f,0.088f,-0.9742f,1.7893f,0f,0f,0f,1f],start_interpolation: 0,interpolation_duration: 1}
$data merge entity $(bone_left_whisker12) {transformation: [0.0671f,0.9966f,0.0476f,0.6726f,0.9037f,-0.081f,0.4204f,2.1154f,0.4229f,0.0148f,-0.9061f,1.9792f,0f,0f,0f,1f],start_interpolation: 0,interpolation_duration: 1}
$data merge entity $(bone_left_whisker11) {transformation: [0.2922f,0.956f,0.0252f,0.8038f,0.9474f,-0.2929f,0.1292f,2.541f,0.1309f,-0.0139f,-0.9913f,2.0381f,0f,0f,0f,1f],start_interpolation: 0,interpolation_duration: 1}
$data merge entity $(bone_left_whisker10) {transformation: [0.0705f,0.9937f,-0.0872f,0.8355f,0.9903f,-0.0802f,-0.1136f,2.9858f,-0.1199f,-0.0783f,-0.9897f,1.9842f,0f,0f,0f,1f],start_interpolation: 0,interpolation_duration: 1}
$data merge entity $(bone_left_whisker1) {transformation: [-0.3402f,0.9386f,-0.057f,0.6827f,0.9274f,0.3449f,0.1448f,3.4024f,0.1556f,-0.0036f,-0.9878f,2.0541f,0f,0f,0f,1f],start_interpolation: 0,interpolation_duration: 1}
$data merge entity $(bone_upper_left_tooth1) {transformation: [-1f,0f,0f,0.3177f,0f,0.8889f,0.4582f,3.2755f,0f,0.4582f,-0.8889f,3.064f,0f,0f,0f,1f],start_interpolation: 0,interpolation_duration: 1}
$data merge entity $(bone_upper_right_tooth1) {transformation: [-1f,0f,0f,-0.3562f,0f,0.8889f,0.4582f,3.2755f,0f,0.4582f,-0.8889f,3.064f,0f,0f,0f,1f],start_interpolation: 0,interpolation_duration: 1}
$data merge entity $(bone_top_lip1) {transformation: [-1f,0f,0f,0.0088f,0f,0.9991f,0.0413f,3.3853f,0f,0.0413f,-0.9991f,3.1206f,0f,0f,0f,1f],start_interpolation: 0,interpolation_duration: 1}
$data merge entity $(bone_muzzle1) {transformation: [-1f,0f,0f,0.0088f,0f,0.8889f,0.4582f,3.7923f,0f,0.4582f,-0.8889f,2.6987f,0f,0f,0f,1f],start_interpolation: 0,interpolation_duration: 1}
$data merge entity $(bone_jaw_right_tooth1) {transformation: [-1f,0f,0f,-0.3562f,0f,0.9907f,-0.1362f,3.1753f,0f,-0.1362f,-0.9907f,3.0584f,0f,0f,0f,1f],start_interpolation: 0,interpolation_duration: 1}
$data merge entity $(bone_jaw_left_tooth1) {transformation: [-1f,0f,0f,0.3738f,0f,0.9907f,-0.1362f,3.1753f,0f,-0.1362f,-0.9907f,3.0584f,0f,0f,0f,1f],start_interpolation: 0,interpolation_duration: 1}
$data merge entity $(bone_tongue1) {transformation: [-1f,0f,0f,0.0088f,0f,0.975f,0.2222f,3.3416f,0f,0.2222f,-0.975f,2.2613f,0f,0f,0f,1f],start_interpolation: 0,interpolation_duration: 1}
$data merge entity $(bone_jaw_lips1) {transformation: [-1f,0f,0f,0.065f,0f,0.975f,0.2222f,3.016f,0f,0.2222f,-0.975f,3.1085f,0f,0f,0f,1f],start_interpolation: 0,interpolation_duration: 1}
$data merge entity $(bone_jaw3) {transformation: [-1f,0f,0f,0.065f,0f,0.9993f,0.0379f,2.9659f,0f,0.0379f,-0.9993f,2.2076f,0f,0f,0f,1f],start_interpolation: 0,interpolation_duration: 1}
$data merge entity $(bone_jaw1) {transformation: [-1f,0f,0f,0.065f,0f,0.6798f,0.7334f,3.6248f,0f,0.7334f,-0.6798f,1.5968f,0f,0f,0f,1f],start_interpolation: 0,interpolation_duration: 1}
$data merge entity $(bone_tear_right1) {transformation: [-1f,0f,0f,-0.5976f,0f,0.8456f,0.5339f,3.8758f,0f,0.5339f,-0.8456f,2.6717f,0f,0f,0f,1f],start_interpolation: 0,interpolation_duration: 1}
$data merge entity $(bone_right_pupil1) {transformation: [-1f,0f,0f,-0.4123f,0f,0.8456f,0.5339f,3.9348f,0f,0.5339f,-0.8456f,2.7886f,0f,0f,0f,1f],start_interpolation: 0,interpolation_duration: 1}
$data merge entity $(bone_right_sad_pupil1) {transformation: [-1f,0f,0f,-0.4123f,0f,0.8456f,0.5339f,3.9408f,0f,0.5339f,-0.8456f,2.7791f,0f,0f,0f,1f],start_interpolation: 0,interpolation_duration: 1}
$data merge entity $(bone_right_happy_pupil1) {transformation: [-1f,0f,0f,-0.4404f,0f,0.8456f,0.5339f,3.917f,0f,0.5339f,-0.8456f,2.7641f,0f,0f,0f,1f],start_interpolation: 0,interpolation_duration: 1}
$data merge entity $(bone_eyelid_right1) {transformation: [-1f,0f,0f,0.0201f,0f,0.8456f,0.5339f,4.1931f,0f,0.5339f,-0.8456f,2.2744f,0f,0f,0f,1f],start_interpolation: 0,interpolation_duration: 1}
$data merge entity $(bone_eyelid_expressions_right5) {transformation: [-1f,0f,0f,-0.5415f,0f,0.8456f,0.5339f,4.0357f,0f,0.5339f,-0.8456f,2.8391f,0f,0f,0f,1f],start_interpolation: 0,interpolation_duration: 1}
$data merge entity $(bone_eyelid_expressions_right7) {transformation: [-1f,0f,0f,-0.2045f,0f,0.8456f,0.5339f,4.0357f,0f,0.5339f,-0.8456f,2.8391f,0f,0f,0f,1f],start_interpolation: 0,interpolation_duration: 1}
$data merge entity $(bone_eyelid_expressions_right6) {transformation: [-1f,0f,0f,-0.3168f,0f,0.8456f,0.5339f,4.0357f,0f,0.5339f,-0.8456f,2.8391f,0f,0f,0f,1f],start_interpolation: 0,interpolation_duration: 1}
$data merge entity $(bone_right_eye1) {transformation: [-1f,0f,0f,0.0088f,0f,0.8456f,0.5339f,4.1871f,0f,0.5339f,-0.8456f,2.2838f,0f,0f,0f,1f],start_interpolation: 0,interpolation_duration: 1}
$data merge entity $(bone_tear_left1) {transformation: [-1f,0f,0f,0.6153f,0f,0.8456f,0.5339f,3.8758f,0f,0.5339f,-0.8456f,2.6717f,0f,0f,0f,1f],start_interpolation: 0,interpolation_duration: 1}
$data merge entity $(bone_left_sad_pupil1) {transformation: [-1f,0f,0f,0.43f,0f,0.8456f,0.5339f,3.9408f,0f,0.5339f,-0.8456f,2.7791f,0f,0f,0f,1f],start_interpolation: 0,interpolation_duration: 1}
$data merge entity $(bone_left_pupil1) {transformation: [-1f,0f,0f,0.43f,0f,0.8456f,0.5339f,3.9348f,0f,0.5339f,-0.8456f,2.7886f,0f,0f,0f,1f],start_interpolation: 0,interpolation_duration: 1}
$data merge entity $(bone_eyelid_left1) {transformation: [-1f,0f,0f,-0.0024f,0f,0.8456f,0.5339f,4.1931f,0f,0.5339f,-0.8456f,2.2744f,0f,0f,0f,1f],start_interpolation: 0,interpolation_duration: 1}
$data merge entity $(bone_left_happy_pupil1) {transformation: [-1f,0f,0f,0.4581f,0f,0.8456f,0.5339f,3.917f,0f,0.5339f,-0.8456f,2.7641f,0f,0f,0f,1f],start_interpolation: 0,interpolation_duration: 1}
$data merge entity $(bone_eyelid_expressions_left5) {transformation: [-1f,0f,0f,0.5591f,0f,0.8456f,0.5339f,4.0357f,0f,0.5339f,-0.8456f,2.8391f,0f,0f,0f,1f],start_interpolation: 0,interpolation_duration: 1}
$data merge entity $(bone_eyelid_expressions_left7) {transformation: [-1f,0f,0f,0.2222f,0f,0.8456f,0.5339f,4.0357f,0f,0.5339f,-0.8456f,2.8391f,0f,0f,0f,1f],start_interpolation: 0,interpolation_duration: 1}
$data merge entity $(bone_eyelid_expressions_left6) {transformation: [-1f,0f,0f,0.3345f,0f,0.8456f,0.5339f,4.0357f,0f,0.5339f,-0.8456f,2.8391f,0f,0f,0f,1f],start_interpolation: 0,interpolation_duration: 1}
$data merge entity $(bone_left_eye1) {transformation: [-1f,0f,0f,0.0088f,0f,0.8456f,0.5339f,4.1871f,0f,0.5339f,-0.8456f,2.2838f,0f,0f,0f,1f],start_interpolation: 0,interpolation_duration: 1}
$data merge entity $(bone_crest_middle5) {transformation: [-1f,0f,0f,0.0088f,0f,0.9411f,0.3382f,5.1042f,0f,0.3382f,-0.9411f,3.4268f,0f,0f,0f,1f],start_interpolation: 0,interpolation_duration: 1}
$data merge entity $(bone_crest_middle4) {transformation: [-1f,0f,0f,0.0088f,0f,0.9411f,0.3382f,4.4701f,0f,0.3382f,-0.9411f,3.1989f,0f,0f,0f,1f],start_interpolation: 0,interpolation_duration: 1}
$data merge entity $(bone_crest_middle1) {transformation: [-1f,0f,0f,0.0088f,0f,0.9411f,0.3382f,3.966f,0f,0.3382f,-0.9411f,3.1072f,0f,0f,0f,1f],start_interpolation: 0,interpolation_duration: 1}
$data merge entity $(bone_crest_left5) {transformation: [-0.5373f,-0.8362f,0.1101f,-1.0957f,-0.7131f,0.5201f,0.47f,4.5092f,-0.4503f,0.174f,-0.8758f,3.168f,0f,0f,0f,1f],start_interpolation: 0,interpolation_duration: 1}
$data merge entity $(bone_crest_left4) {transformation: [-0.5373f,-0.8362f,0.1101f,-0.6261f,-0.7131f,0.5201f,0.47f,4.2172f,-0.4503f,0.174f,-0.8758f,3.0702f,0f,0f,0f,1f],start_interpolation: 0,interpolation_duration: 1}
$data merge entity $(bone_crest_left1) {transformation: [-0.5373f,-0.8362f,0.1101f,-0.1035f,-0.7131f,0.5201f,0.47f,3.9223f,-0.4503f,0.174f,-0.8758f,2.9136f,0f,0f,0f,1f],start_interpolation: 0,interpolation_duration: 1}
$data merge entity $(bone_crest_center1) {transformation: [-1f,0f,0f,0.0088f,0f,0.8456f,0.5339f,3.8985f,0f,0.5339f,-0.8456f,2.8986f,0f,0f,0f,1f],start_interpolation: 0,interpolation_duration: 1}
$data merge entity $(bone_crest_right5) {transformation: [-0.5373f,0.8362f,-0.1101f,1.1133f,0.7131f,0.5201f,0.47f,4.5092f,0.4503f,0.174f,-0.8758f,3.168f,0f,0f,0f,1f],start_interpolation: 0,interpolation_duration: 1}
$data merge entity $(bone_crest_right4) {transformation: [-0.5373f,0.8362f,-0.1101f,0.6438f,0.7131f,0.5201f,0.47f,4.2172f,0.4503f,0.174f,-0.8758f,3.0702f,0f,0f,0f,1f],start_interpolation: 0,interpolation_duration: 1}
$data merge entity $(bone_crest_right1) {transformation: [-0.5373f,0.8362f,-0.1101f,0.1211f,0.7131f,0.5201f,0.47f,3.9223f,0.4503f,0.174f,-0.8758f,2.9136f,0f,0f,0f,1f],start_interpolation: 0,interpolation_duration: 1}
$data merge entity $(bone_head1) {transformation: [-1.0482f,0f,0f,0.0088f,0f,0.8863f,0.5596f,4.4694f,0f,0.5596f,-0.8863f,1.7316f,0f,0f,0f,1f],start_interpolation: 0,interpolation_duration: 1}
$data merge entity $(bone_neck10) {transformation: [-1.4974f,0f,0f,0.0088f,0f,1.3084f,0.7282f,4.5957f,0f,0.7282f,-1.3084f,0.5809f,0f,0f,0f,1f],start_interpolation: 0,interpolation_duration: 1}
$data merge entity $(bone_neck9) {transformation: [-1.1455f,0f,0f,0.0088f,0f,0.9686f,0.6116f,3.3312f,0f,0.6116f,-0.9686f,-0.1511f,0f,0f,0f,1f],start_interpolation: 0,interpolation_duration: 1}
$data merge entity $(bone_neck8) {transformation: [-1.0632f,0f,0f,0.0088f,0f,1.0462f,-0.1889f,2.5565f,0f,-0.1889f,-1.0462f,0.0228f,0f,0f,0f,1f],start_interpolation: 0,interpolation_duration: 1}
$data merge entity $(bone_neck7) {transformation: [-1.0557f,0f,0f,0.0088f,0f,0.9488f,-0.4628f,1.7078f,0f,-0.4628f,-0.9488f,0.4615f,0f,0f,0f,1f],start_interpolation: 0,interpolation_duration: 1}
$data merge entity $(bone_neck6) {transformation: [-1.0497f,0f,0f,0.0088f,0f,1.009f,-0.2893f,0.8137f,0f,-0.2893f,-1.009f,0.7086f,0f,0f,0f,1f],start_interpolation: 0,interpolation_duration: 1}
$data merge entity $(bone_neck_spine6) {transformation: [-1.2665f,0.098f,0.08f,-0.0458f,0.0668f,-0.1648f,1.2603f,0.0983f,0.1074f,1.2583f,0.1588f,-1.8621f,0f,0f,0f,1f],start_interpolation: 0,interpolation_duration: 1}
$data merge entity $(bone_neck_spine7) {transformation: [-0.9971f,0.0503f,0.0564f,-0.2813f,0.0617f,0.1105f,0.992f,0.6518f,0.0436f,0.9926f,-0.1133f,-5.4436f,0f,0f,0f,1f],start_interpolation: 0,interpolation_duration: 1}
$data merge entity $(bone_tail6) {transformation: [-1.529f,-0.7474f,-0.2623f,0.744f,-0.4563f,0.3649f,1.6199f,0.5447f,-0.6475f,1.5078f,-0.5221f,-9.0405f,0f,0f,0f,1f],start_interpolation: 0,interpolation_duration: 1}
$data merge entity $(bone_tail5) {transformation: [-1.2631f,-0.6175f,-0.2167f,0.354f,-0.3769f,0.3015f,1.3381f,0.7351f,-0.5349f,1.2456f,-0.4313f,-8.2538f,0f,0f,0f,1f],start_interpolation: 0,interpolation_duration: 1}
$data merge entity $(bone_tail4) {transformation: [-0.9307f,-0.455f,-0.1596f,0.1591f,-0.2777f,0.2221f,0.986f,0.8303f,-0.3941f,0.9178f,-0.3178f,-7.8604f,0f,0f,0f,1f],start_interpolation: 0,interpolation_duration: 1}
$data merge entity $(bone_segment18) {transformation: [-0.8879f,-0.3829f,-0.255f,-0.0559f,-0.265f,-0.0275f,0.9639f,0.8149f,-0.376f,0.9234f,-0.077f,-7.3419f,0f,0f,0f,1f],start_interpolation: 0,interpolation_duration: 1}
$data merge entity $(bone_segment17) {transformation: [-0.9664f,-0.2561f,0.0225f,-0.2429f,0.1257f,-0.3943f,0.9104f,0.5271f,-0.2243f,0.8826f,0.4132f,-6.6977f,0f,0f,0f,1f],start_interpolation: 0,interpolation_duration: 1}
$data merge entity $(bone_segment16) {transformation: [-0.9951f,-0.082f,0.0558f,-0.3212f,0.0773f,-0.2895f,0.954f,0.2507f,-0.0621f,0.9536f,0.2945f,-5.7873f,0f,0f,0f,1f],start_interpolation: 0,interpolation_duration: 1}
$data merge entity $(bone_segment15) {transformation: [-0.9971f,0.034f,0.0675f,-0.2811f,0.0617f,-0.15f,0.9868f,0.0738f,0.0436f,0.9881f,0.1475f,-4.6222f,0f,0f,0f,1f],start_interpolation: 0,interpolation_duration: 1}
$data merge entity $(bone_segment14) {transformation: [-1.043f,0.0742f,0.0731f,-0.1976f,0.055f,-0.2315f,1.0208f,-0.1867f,0.0884f,1.0196f,0.2265f,-3.4751f,0f,0f,0f,1f],start_interpolation: 0,interpolation_duration: 1}
$data merge entity $(bone_segment13) {transformation: [-1.0206f,0.0666f,0.0772f,-0.1195f,0.0538f,-0.3071f,0.9772f,-0.5834f,0.0865f,0.9764f,0.3021f,-2.3074f,0f,0f,0f,1f],start_interpolation: 0,interpolation_duration: 1}
$data merge entity $(bone_segment12) {transformation: [-1.1125f,0.0654f,0.0507f,-0.0405f,0.0559f,0.0901f,1.1105f,-0.4745f,0.061f,1.11f,-0.0931f,-0.9665f,0f,0f,0f,1f],start_interpolation: 0,interpolation_duration: 1}
$data merge entity $(bone_segment11) {transformation: [-1.1899f,0.0334f,0.0135f,0.0034f,0.0297f,0.6606f,0.9898f,0.2888f,0.0203f,0.9897f,-0.6612f,0.1772f,0f,0f,0f,1f],start_interpolation: 0,interpolation_duration: 1}
$data merge entity $(bone_segment10) {transformation: [-1.0482f,0f,0f,0.0088f,0f,0.8662f,0.5902f,1.1756f,0f,0.5902f,-0.8662f,0.7813f,0f,0f,0f,1f],start_interpolation: 0,interpolation_duration: 1}
data modify entity @s data merge value {"cameras":{},"locators":{"mouth":{"posx":0.008838834764831383,"posy":3.0568502710872116,"posz":3.7665020153220823,"roty":180,"rotx":57.73205080756891}}}