# This file was generated by Animated Java via MC-Build. It is not recommended to edit this file directly.
$data merge entity $(bone_neck_spine5) {transformation: [-1.5722f,0.0018f,-0.0084f,0.101f,0f,1.5362f,0.3347f,4.4079f,0.0086f,0.3347f,-1.5362f,-0.4251f,0f,0f,0f,1f],start_interpolation: 0,interpolation_duration: 1}
$data merge entity $(bone_neck_spine2) {transformation: [-1.4974f,0.0012f,-0.0081f,-0.0013f,0f,1.4813f,0.2189f,5.7109f,0.0082f,0.2189f,-1.4813f,1.4075f,0f,0f,0f,1f],start_interpolation: 0,interpolation_duration: 1}
$data merge entity $(bone_scale_neck_left1) {transformation: [-1.5903f,0.4204f,0.0843f,0.7839f,0.41f,1.3961f,0.7719f,4.8238f,0.1255f,0.7662f,-1.4526f,1.238f,0f,0f,0f,1f],start_interpolation: 0,interpolation_duration: 1}
$data merge entity $(bone_scale_neck_right1) {transformation: [-1.5916f,-0.412f,-0.1002f,-0.7883f,-0.41f,1.3961f,0.7719f,4.8238f,-0.1081f,0.7708f,-1.4516f,1.2466f,0f,0f,0f,1f],start_interpolation: 0,interpolation_duration: 1}
$data merge entity $(bone_blush_right1) {transformation: [-1f,0.0025f,-0.0049f,-0.6583f,0f,0.8887f,0.4585f,4.1116f,0.0055f,0.4585f,-0.8887f,2.4305f,0f,0f,0f,1f],start_interpolation: 0,interpolation_duration: 1}
$data merge entity $(bone_blush_left1) {transformation: [-1f,0.0025f,-0.0049f,0.6668f,0f,0.8887f,0.4585f,4.1116f,0.0055f,0.4585f,-0.8887f,2.4232f,0f,0f,0f,1f],start_interpolation: 0,interpolation_duration: 1}
$data merge entity $(bone_left_head_scales) {transformation: [-0.8848f,0.0025f,-0.466f,0.678f,-0.2117f,0.8887f,0.4067f,4.9406f,0.4152f,0.4585f,-0.7857f,2.4086f,0f,0f,0f,1f],start_interpolation: 0,interpolation_duration: 1}
$data merge entity $(bone_left_head_scales2) {transformation: [-0.8164f,0.0025f,-0.5775f,0.6766f,-0.263f,0.8887f,0.3756f,4.0649f,0.5142f,0.4585f,-0.7248f,2.1463f,0f,0f,0f,1f],start_interpolation: 0,interpolation_duration: 1}
$data merge entity $(bone_left_head_scales1) {transformation: [-1f,0.0025f,-0.0049f,0.6777f,0f,0.8887f,0.4585f,4.8408f,0.0055f,0.4585f,-0.8887f,2.3571f,0f,0f,0f,1f],start_interpolation: 0,interpolation_duration: 1}
$data merge entity $(bone_right_head_scales) {transformation: [-0.8892f,0.0025f,0.4574f,-0.6696f,0.2117f,0.8887f,0.4067f,4.9406f,-0.4055f,0.4585f,-0.7908f,2.4159f,0f,0f,0f,1f],start_interpolation: 0,interpolation_duration: 1}
$data merge entity $(bone_right_head_scales2) {transformation: [-0.8219f,0.0025f,0.5696f,-0.6711f,0.263f,0.8887f,0.3756f,4.0649f,-0.5053f,0.4585f,-0.7311f,2.1537f,0f,0f,0f,1f],start_interpolation: 0,interpolation_duration: 1}
$data merge entity $(bone_right_head_scales1) {transformation: [-1f,0.0025f,-0.0049f,-0.6699f,0f,0.8887f,0.4585f,4.8408f,0.0055f,0.4585f,-0.8887f,2.3644f,0f,0f,0f,1f],start_interpolation: 0,interpolation_duration: 1}
$data merge entity $(bone_head_left_fin1) {transformation: [-0.7232f,0.0225f,-0.7584f,0.6763f,-0.0887f,1.038f,0.1154f,4.5051f,0.7535f,0.1438f,-0.7143f,2.0891f,0f,0f,0f,1f],start_interpolation: 0,interpolation_duration: 1}
$data merge entity $(bone_head_right_fin1) {transformation: [-0.7314f,-0.0209f,0.7505f,-0.6714f,0.0887f,1.038f,0.1154f,4.5051f,-0.7456f,0.144f,-0.7225f,2.0965f,0f,0f,0f,1f],start_interpolation: 0,interpolation_duration: 1}
$data merge entity $(bone_right_whisker16) {transformation: [0.2583f,0.9174f,-0.3028f,-1.1981f,0.9542f,-0.2913f,-0.0686f,1.7679f,-0.1512f,-0.2712f,-0.9506f,2.144f,0f,0f,0f,1f],start_interpolation: 0,interpolation_duration: 1}
$data merge entity $(bone_right_whisker15) {transformation: [-0.8758f,0.3759f,-0.3028f,-0.903f,0.4134f,0.908f,-0.0686f,1.6286f,0.2491f,-0.1853f,-0.9506f,2.0601f,0f,0f,0f,1f],start_interpolation: 0,interpolation_duration: 1}
$data merge entity $(bone_right_whisker14) {transformation: [-0.7108f,-0.6349f,-0.3028f,-0.6636f,-0.6482f,0.7584f,-0.0686f,1.847f,0.2732f,0.1475f,-0.9506f,1.9681f,0f,0f,0f,1f],start_interpolation: 0,interpolation_duration: 1}
$data merge entity $(bone_right_whisker13) {transformation: [-0.0948f,-0.9927f,-0.075f,-0.6316f,-0.988f,0.0845f,0.1295f,2.1799f,-0.1222f,0.0864f,-0.9887f,2.0092f,0f,0f,0f,1f],start_interpolation: 0,interpolation_duration: 1}
$data merge entity $(bone_right_whisker12) {transformation: [0.0653f,-0.9965f,-0.0527f,-0.6609f,-0.937f,-0.0794f,0.3402f,2.6008f,-0.3432f,0.0272f,-0.9389f,2.1634f,0f,0f,0f,1f],start_interpolation: 0,interpolation_duration: 1}
$data merge entity $(bone_right_whisker11) {transformation: [0.2919f,-0.956f,-0.0307f,-0.7921f,-0.9551f,-0.293f,0.0427f,3.0298f,-0.0498f,0.0168f,-0.9986f,2.1858f,0f,0f,0f,1f],start_interpolation: 0,interpolation_duration: 1}
$data merge entity $(bone_right_whisker10) {transformation: [0.0716f,-0.9941f,0.0818f,-0.8242f,-0.9761f,-0.0867f,-0.1991f,3.4684f,0.205f,-0.0656f,-0.9766f,2.0937f,0f,0f,0f,1f],start_interpolation: 0,interpolation_duration: 1}
$data merge entity $(bone_right_whisker1) {transformation: [-0.3406f,-0.9388f,0.0515f,-0.6712f,-0.9374f,0.3433f,0.0585f,3.8894f,-0.0726f,-0.0284f,-0.997f,2.1264f,0f,0f,0f,1f],start_interpolation: 0,interpolation_duration: 1}
$data merge entity $(bone_left_whisker16) {transformation: [0.26f,-0.9203f,0.2924f,1.2035f,-0.9542f,-0.2913f,-0.0686f,1.7679f,0.1483f,-0.2611f,-0.9538f,2.1309f,0f,0f,0f,1f],start_interpolation: 0,interpolation_duration: 1}
$data merge entity $(bone_left_whisker15) {transformation: [-0.8785f,-0.3779f,0.2924f,0.9075f,-0.4134f,0.908f,-0.0686f,1.6286f,-0.2395f,-0.1811f,-0.9538f,2.0502f,0f,0f,0f,1f],start_interpolation: 0,interpolation_duration: 1}
$data merge entity $(bone_left_whisker14) {transformation: [-0.7137f,0.6365f,0.2924f,0.667f,0.6482f,0.7584f,-0.0686f,1.847f,-0.2654f,0.1405f,-0.9538f,1.9608f,0f,0f,0f,1f],start_interpolation: 0,interpolation_duration: 1}
$data merge entity $(bone_left_whisker13) {transformation: [-0.0934f,0.9936f,0.0642f,0.6355f,0.988f,0.0845f,0.1295f,2.1799f,0.1232f,0.0755f,-0.9895f,2.0023f,0f,0f,0f,1f],start_interpolation: 0,interpolation_duration: 1}
$data merge entity $(bone_left_whisker12) {transformation: [0.069f,0.9967f,0.0425f,0.6665f,0.937f,-0.0794f,0.3402f,2.6008f,0.3425f,0.0163f,-0.9394f,2.1562f,0f,0f,0f,1f],start_interpolation: 0,interpolation_duration: 1}
$data merge entity $(bone_left_whisker11) {transformation: [0.2924f,0.9561f,0.0198f,0.7979f,0.9551f,-0.293f,0.0427f,3.0298f,0.0466f,0.0064f,-0.9989f,2.1771f,0f,0f,0f,1f],start_interpolation: 0,interpolation_duration: 1}
$data merge entity $(bone_left_whisker10) {transformation: [0.0693f,0.9933f,-0.0925f,0.8291f,0.9761f,-0.0867f,-0.1991f,3.4684f,-0.2058f,-0.0765f,-0.9756f,2.0847f,0f,0f,0f,1f],start_interpolation: 0,interpolation_duration: 1}
$data merge entity $(bone_left_whisker1) {transformation: [-0.3398f,0.9384f,-0.0624f,0.6764f,0.9374f,0.3433f,0.0585f,3.8894f,0.0764f,-0.0386f,-0.9963f,2.119f,0f,0f,0f,1f],start_interpolation: 0,interpolation_duration: 1}
$data merge entity $(bone_upper_left_tooth1) {transformation: [-1f,0.0021f,-0.0051f,0.317f,0f,0.9253f,0.3793f,3.8506f,0.0055f,0.3793f,-0.9253f,3.1381f,0f,0f,0f,1f],start_interpolation: 0,interpolation_duration: 1}
$data merge entity $(bone_upper_right_tooth1) {transformation: [-1f,0.0021f,-0.0051f,-0.3568f,0f,0.9253f,0.3793f,3.8506f,0.0055f,0.3793f,-0.9253f,3.1418f,0f,0f,0f,1f],start_interpolation: 0,interpolation_duration: 1}
$data merge entity $(bone_top_lip1) {transformation: [-1f,-0.0007f,-0.0054f,0.0084f,0f,0.9914f,-0.1312f,3.9649f,0.0055f,-0.1312f,-0.9913f,3.1867f,0f,0f,0f,1f],start_interpolation: 0,interpolation_duration: 1}
$data merge entity $(bone_muzzle1) {transformation: [-1f,0.0021f,-0.0051f,0.0059f,0f,0.9253f,0.3793f,4.3338f,0.0055f,0.3793f,-0.9253f,2.731f,0f,0f,0f,1f],start_interpolation: 0,interpolation_duration: 1}
$data merge entity $(bone_jaw_right_tooth1) {transformation: [-1f,-0.0007f,-0.0054f,-0.357f,0f,0.9917f,-0.1289f,3.611f,0.0055f,-0.1289f,-0.9916f,3.108f,0f,0f,0f,1f],start_interpolation: 0,interpolation_duration: 1}
$data merge entity $(bone_jaw_left_tooth1) {transformation: [-1f,-0.0007f,-0.0054f,0.373f,0f,0.9917f,-0.1289f,3.611f,0.0055f,-0.1289f,-0.9916f,3.1041f,0f,0f,0f,1f],start_interpolation: 0,interpolation_duration: 1}
$data merge entity $(bone_tongue1) {transformation: [-1f,0.0021f,-0.0051f,0.004f,0f,0.9255f,0.3788f,3.9113f,0.0055f,0.3788f,-0.9255f,2.3725f,0f,0f,0f,1f],start_interpolation: 0,interpolation_duration: 1}
$data merge entity $(bone_jaw_lips1) {transformation: [-1f,0.0021f,-0.0051f,0.0644f,0f,0.9255f,0.3788f,3.4514f,0.0055f,0.3788f,-0.9255f,3.1547f,0f,0f,0f,1f],start_interpolation: 0,interpolation_duration: 1}
$data merge entity $(bone_jaw3) {transformation: [-1f,0.0002f,-0.0055f,0.0595f,0f,0.999f,0.0452f,3.4079f,0.0055f,0.0452f,-0.999f,2.2534f,0f,0f,0f,1f],start_interpolation: 0,interpolation_duration: 1}
$data merge entity $(bone_jaw1) {transformation: [-1f,0.004f,-0.0037f,0.0562f,0f,0.6744f,0.7384f,4.0713f,0.0055f,0.7383f,-0.6744f,1.6475f,0f,0f,0f,1f],start_interpolation: 0,interpolation_duration: 1}
$data merge entity $(bone_tear_right1) {transformation: [-1f,0.0025f,-0.0049f,-0.6007f,0f,0.8887f,0.4585f,4.4146f,0.0055f,0.4585f,-0.8887f,2.7002f,0f,0f,0f,1f],start_interpolation: 0,interpolation_duration: 1}
$data merge entity $(bone_right_pupil1) {transformation: [-1f,0.0025f,-0.0049f,-0.4148f,0f,0.8887f,0.4585f,4.4835f,0.0055f,0.4585f,-0.8887f,2.8106f,0f,0f,0f,1f],start_interpolation: 0,interpolation_duration: 1}
$data merge entity $(bone_right_sad_pupil1) {transformation: [-1f,0.0025f,-0.0049f,-0.4149f,0f,0.8887f,0.4585f,4.4886f,0.0055f,0.4585f,-0.8887f,2.8006f,0f,0f,0f,1f],start_interpolation: 0,interpolation_duration: 1}
$data merge entity $(bone_right_happy_pupil1) {transformation: [-1f,0.0025f,-0.0049f,-0.443f,0f,0.8887f,0.4585f,4.4637f,0.0055f,0.4585f,-0.8887f,2.7879f,0f,0f,0f,1f],start_interpolation: 0,interpolation_duration: 1}
$data merge entity $(bone_eyelid_right1) {transformation: [-1f,0.0025f,-0.0049f,0.0147f,0f,0.8887f,0.4585f,4.6962f,0.0055f,0.4585f,-0.8887f,2.2735f,0f,0f,0f,1f],start_interpolation: 0,interpolation_duration: 1}
$data merge entity $(bone_eyelid_expressions_right5) {transformation: [-1f,0.0025f,-0.0049f,-0.5437f,0f,0.8887f,0.4585f,4.5885f,0.0055f,0.4585f,-0.8887f,2.8528f,0f,0f,0f,1f],start_interpolation: 0,interpolation_duration: 1}
$data merge entity $(bone_eyelid_expressions_right7) {transformation: [-1f,0.0025f,-0.0049f,-0.2068f,0f,0.8887f,0.4585f,4.5885f,0.0055f,0.4585f,-0.8887f,2.8509f,0f,0f,0f,1f],start_interpolation: 0,interpolation_duration: 1}
$data merge entity $(bone_eyelid_expressions_right6) {transformation: [-1f,0.0025f,-0.0049f,-0.3191f,0f,0.8887f,0.4585f,4.5885f,0.0055f,0.4585f,-0.8887f,2.8516f,0f,0f,0f,1f],start_interpolation: 0,interpolation_duration: 1}
$data merge entity $(bone_right_eye1) {transformation: [-1f,0.0025f,-0.0049f,0.0035f,0f,0.8887f,0.4585f,4.6911f,0.0055f,0.4585f,-0.8887f,2.2835f,0f,0f,0f,1f],start_interpolation: 0,interpolation_duration: 1}
$data merge entity $(bone_tear_left1) {transformation: [-1f,0.0025f,-0.0049f,0.6122f,0f,0.8887f,0.4585f,4.4146f,0.0055f,0.4585f,-0.8887f,2.6936f,0f,0f,0f,1f],start_interpolation: 0,interpolation_duration: 1}
$data merge entity $(bone_left_sad_pupil1) {transformation: [-1f,0.0025f,-0.0049f,0.4274f,0f,0.8887f,0.4585f,4.4886f,0.0055f,0.4585f,-0.8887f,2.796f,0f,0f,0f,1f],start_interpolation: 0,interpolation_duration: 1}
$data merge entity $(bone_left_pupil1) {transformation: [-1f,0.0025f,-0.0049f,0.4275f,0f,0.8887f,0.4585f,4.4835f,0.0055f,0.4585f,-0.8887f,2.806f,0f,0f,0f,1f],start_interpolation: 0,interpolation_duration: 1}
$data merge entity $(bone_eyelid_left1) {transformation: [-1f,0.0025f,-0.0049f,-0.0078f,0f,0.8887f,0.4585f,4.6962f,0.0055f,0.4585f,-0.8887f,2.2736f,0f,0f,0f,1f],start_interpolation: 0,interpolation_duration: 1}
$data merge entity $(bone_left_happy_pupil1) {transformation: [-1f,0.0025f,-0.0049f,0.4554f,0f,0.8887f,0.4585f,4.4637f,0.0055f,0.4585f,-0.8887f,2.783f,0f,0f,0f,1f],start_interpolation: 0,interpolation_duration: 1}
$data merge entity $(bone_eyelid_expressions_left5) {transformation: [-1f,0.0025f,-0.0049f,0.5569f,0f,0.8887f,0.4585f,4.5885f,0.0055f,0.4585f,-0.8887f,2.8468f,0f,0f,0f,1f],start_interpolation: 0,interpolation_duration: 1}
$data merge entity $(bone_eyelid_expressions_left7) {transformation: [-1f,0.0025f,-0.0049f,0.2199f,0f,0.8887f,0.4585f,4.5885f,0.0055f,0.4585f,-0.8887f,2.8486f,0f,0f,0f,1f],start_interpolation: 0,interpolation_duration: 1}
$data merge entity $(bone_eyelid_expressions_left6) {transformation: [-1f,0.0025f,-0.0049f,0.3322f,0f,0.8887f,0.4585f,4.5885f,0.0055f,0.4585f,-0.8887f,2.848f,0f,0f,0f,1f],start_interpolation: 0,interpolation_duration: 1}
$data merge entity $(bone_left_eye1) {transformation: [-1f,0.0025f,-0.0049f,0.0035f,0f,0.8887f,0.4585f,4.6911f,0.0055f,0.4585f,-0.8887f,2.2835f,0f,0f,0f,1f],start_interpolation: 0,interpolation_duration: 1}
$data merge entity $(bone_crest_middle5) {transformation: [-1f,0.0014f,-0.0053f,0.0093f,0f,0.9669f,0.2553f,5.7039f,0.0055f,0.2553f,-0.9669f,3.3425f,0f,0f,0f,1f],start_interpolation: 0,interpolation_duration: 1}
$data merge entity $(bone_crest_middle4) {transformation: [-1f,0.0014f,-0.0053f,0.0083f,0f,0.9669f,0.2553f,5.0524f,0.0055f,0.2553f,-0.9669f,3.1705f,0f,0f,0f,1f],start_interpolation: 0,interpolation_duration: 1}
$data merge entity $(bone_crest_middle1) {transformation: [-1f,0.0014f,-0.0053f,0.0081f,0f,0.9669f,0.2553f,4.5423f,0.0055f,0.2553f,-0.9669f,3.1229f,0f,0f,0f,1f],start_interpolation: 0,interpolation_duration: 1}
$data merge entity $(bone_crest_left5) {transformation: [-0.5394f,-0.8355f,0.1051f,-1.0964f,-0.7495f,0.5333f,0.3923f,5.0887f,-0.3838f,0.1328f,-0.9138f,3.1424f,0f,0f,0f,1f],start_interpolation: 0,interpolation_duration: 1}
$data merge entity $(bone_crest_left4) {transformation: [-0.5394f,-0.8355f,0.1051f,-0.6272f,-0.7495f,0.5333f,0.3923f,4.7893f,-0.3838f,0.1328f,-0.9138f,3.0678f,0f,0f,0f,1f],start_interpolation: 0,interpolation_duration: 1}
$data merge entity $(bone_crest_left1) {transformation: [-0.5394f,-0.8355f,0.1051f,-0.1053f,-0.7495f,0.5333f,0.3923f,4.4819f,-0.3838f,0.1328f,-0.9138f,2.9344f,0f,0f,0f,1f],start_interpolation: 0,interpolation_duration: 1}
$data merge entity $(bone_crest_center1) {transformation: [-1f,0.0025f,-0.0049f,0.007f,0f,0.8887f,0.4585f,4.457f,0.0055f,0.4585f,-0.8887f,2.9209f,0f,0f,0f,1f],start_interpolation: 0,interpolation_duration: 1}
$data merge entity $(bone_crest_right5) {transformation: [-0.5352f,0.8369f,-0.1151f,1.1126f,0.7495f,0.5333f,0.3923f,5.0887f,0.3896f,0.1237f,-0.9126f,3.1303f,0f,0f,0f,1f],start_interpolation: 0,interpolation_duration: 1}
$data merge entity $(bone_crest_right4) {transformation: [-0.5352f,0.8369f,-0.1151f,0.6427f,0.7495f,0.5333f,0.3923f,4.7893f,0.3896f,0.1237f,-0.9126f,3.0608f,0f,0f,0f,1f],start_interpolation: 0,interpolation_duration: 1}
$data merge entity $(bone_crest_right1) {transformation: [-0.5352f,0.8369f,-0.1151f,0.1193f,0.7495f,0.5333f,0.3923f,4.4819f,0.3896f,0.1237f,-0.9126f,2.9332f,0f,0f,0f,1f],start_interpolation: 0,interpolation_duration: 1}
$data merge entity $(bone_head1) {transformation: [-1.0482f,0.0026f,-0.0051f,0.0003f,0f,0.9315f,0.4806f,4.9244f,0.0057f,0.4806f,-0.9315f,1.7088f,0f,0f,0f,1f],start_interpolation: 0,interpolation_duration: 1}
$data merge entity $(bone_neck10) {transformation: [-1.4974f,0.0022f,-0.0079f,-0.0059f,0f,1.4401f,0.4103f,4.7847f,0.0082f,0.4103f,-1.4401f,0.5597f,0f,0f,0f,1f],start_interpolation: 0,interpolation_duration: 1}
$data merge entity $(bone_neck9) {transformation: [-1.1455f,0.0029f,-0.0056f,-0.0093f,0f,1.018f,0.5252f,3.4615f,0.0063f,0.5252f,-1.018f,-0.0598f,0f,0f,0f,1f],start_interpolation: 0,interpolation_duration: 1}
$data merge entity $(bone_neck8) {transformation: [-1.0631f,-0.0015f,-0.0056f,-0.008f,0f,1.0259f,-0.2789f,2.7048f,0.0058f,-0.2789f,-1.0259f,0.1806f,0f,0f,0f,1f],start_interpolation: 0,interpolation_duration: 1}
$data merge entity $(bone_neck7) {transformation: [-1.0556f,-0.0032f,-0.0048f,-0.005f,0f,0.8725f,-0.5943f,1.928f,0.0058f,-0.5943f,-0.8724f,0.7368f,0f,0f,0f,1f],start_interpolation: 0,interpolation_duration: 1}
$data merge entity $(bone_neck6) {transformation: [-1.0497f,-0.0023f,-0.0052f,-0.003f,0f,0.9593f,-0.4261f,1.0767f,0.0057f,-0.4261f,-0.9593f,1.1052f,0f,0f,0f,1f],start_interpolation: 0,interpolation_duration: 1}
$data merge entity $(bone_neck_spine6) {transformation: [-1.2657f,-0.0995f,-0.0894f,0.0218f,-0.0758f,-0.1675f,1.2594f,0.1543f,-0.1102f,1.2578f,0.1606f,-1.3159f,0f,0f,0f,1f],start_interpolation: 0,interpolation_duration: 1}
$data merge entity $(bone_neck_spine7) {transformation: [-0.9951f,-0.0909f,-0.0394f,0.3267f,-0.0592f,0.227f,0.9721f,0.5841f,-0.0794f,0.9696f,-0.2313f,-4.9629f,0f,0f,0f,1f],start_interpolation: 0,interpolation_duration: 1}
$data merge entity $(bone_tail6) {transformation: [-1.6183f,0.5879f,0.0275f,-0.3911f,0.58f,1.5792f,0.3673f,-1.8094f,0.1002f,0.3544f,-1.6822f,-7.414f,0f,0f,0f,1f],start_interpolation: 0,interpolation_duration: 1}
$data merge entity $(bone_tail5) {transformation: [-1.3369f,0.4857f,0.0227f,-0.0844f,0.4791f,1.3046f,0.3034f,-0.9855f,0.0828f,0.2928f,-1.3896f,-7.2291f,0f,0f,0f,1f],start_interpolation: 0,interpolation_duration: 1}
$data merge entity $(bone_tail4) {transformation: [-0.985f,0.3579f,0.0167f,0.069f,0.353f,0.9613f,0.2236f,-0.5735f,0.061f,0.2157f,-1.0239f,-7.1366f,0f,0f,0f,1f],start_interpolation: 0,interpolation_duration: 1}
$data merge entity $(bone_segment18) {transformation: [-0.9398f,0.3294f,0.0914f,0.2539f,0.3368f,0.8468f,0.4116f,-0.098f,0.0582f,0.4176f,-0.9068f,-6.9021f,0f,0f,0f,1f],start_interpolation: 0,interpolation_duration: 1}
$data merge entity $(bone_segment17) {transformation: [-0.983f,0.1556f,-0.098f,0.3675f,-0.0532f,0.2698f,0.9614f,0.099f,0.176f,0.9503f,-0.257f,-6.2084f,0f,0f,0f,1f],start_interpolation: 0,interpolation_duration: 1}
$data merge entity $(bone_segment16) {transformation: [-0.998f,0.0091f,-0.0624f,0.3762f,-0.0619f,0.0482f,0.9969f,0.145f,0.0121f,0.9988f,-0.0476f,-5.255f,0f,0f,0f,1f],start_interpolation: 0,interpolation_duration: 1}
$data merge entity $(bone_segment15) {transformation: [-0.9951f,-0.0776f,-0.0616f,0.2847f,-0.0592f,-0.0323f,0.9977f,0.1069f,-0.0794f,0.9965f,0.0276f,-4.08f,0f,0f,0f,1f],start_interpolation: 0,interpolation_duration: 1}
$data merge entity $(bone_segment14) {transformation: [-1.0411f,-0.0938f,-0.0771f,0.1791f,-0.0572f,-0.2079f,1.0258f,-0.127f,-0.1071f,1.0231f,0.2014f,-2.929f,0f,0f,0f,1f],start_interpolation: 0,interpolation_duration: 1}
$data merge entity $(bone_segment13) {transformation: [-1.02f,-0.0665f,-0.0849f,0.1014f,-0.0611f,-0.3092f,0.9761f,-0.5261f,-0.0888f,0.9757f,0.3035f,-1.7622f,0f,0f,0f,1f],start_interpolation: 0,interpolation_duration: 1}
$data merge entity $(bone_segment12) {transformation: [-1.1128f,-0.0562f,-0.0556f,0.0335f,-0.0614f,0.1198f,1.1074f,-0.3814f,-0.0498f,1.1077f,-0.1226f,-0.424f,0f,0f,0f,1f],start_interpolation: 0,interpolation_duration: 1}
$data merge entity $(bone_segment11) {transformation: [-1.1901f,-0.0245f,-0.0172f,-0.0006f,-0.0288f,0.7527f,0.9218f,0.4883f,-0.0081f,0.922f,-0.753f,0.6414f,0f,0f,0f,1f],start_interpolation: 0,interpolation_duration: 1}
$data merge entity $(bone_segment10) {transformation: [-1.0482f,0.0026f,-0.0051f,-0.0028f,0f,0.9346f,0.4745f,1.4451f,0.0057f,0.4745f,-0.9346f,1.1272f,0f,0f,0f,1f],start_interpolation: 0,interpolation_duration: 1}
data modify entity @s data merge value {"cameras":{},"locators":{"mouth":{"posx":0.012075527631839722,"posy":3.6937369438425556,"posz":3.8586073145603614,"roty":179.68713106991953,"rotx":62.709330369547125}}}