# This file was generated by Animated Java via MC-Build. It is not recommended to edit this file directly.
$data merge entity $(bone_neck_spine5) {transformation: [-1.5721f,0.0043f,-0.0206f,0.0974f,0f,1.5393f,0.3204f,4.3865f,0.021f,0.3203f,-1.5391f,-0.4531f,0f,0f,0f,1f],start_interpolation: 0,interpolation_duration: 1}
$data merge entity $(bone_neck_spine2) {transformation: [-1.4973f,0.003f,-0.0198f,0.0096f,0f,1.4801f,0.2268f,5.6941f,0.02f,0.2268f,-1.48f,1.3817f,0f,0f,0f,1f],start_interpolation: 0,interpolation_duration: 1}
$data merge entity $(bone_scale_neck_left1) {transformation: [-1.5893f,0.4265f,0.0729f,0.7934f,0.4094f,1.392f,0.7797f,4.8079f,0.1403f,0.7704f,-1.4491f,1.2012f,0f,0f,0f,1f],start_interpolation: 0,interpolation_duration: 1}
$data merge entity $(bone_scale_neck_right1) {transformation: [-1.5925f,-0.4058f,-0.1116f,-0.7787f,-0.4094f,1.392f,0.7797f,4.8079f,-0.0978f,0.7815f,-1.4466f,1.2222f,0f,0f,0f,1f],start_interpolation: 0,interpolation_duration: 1}
$data merge entity $(bone_blush_right1) {transformation: [-0.9999f,0.006f,-0.0119f,-0.6392f,0f,0.8929f,0.4502f,4.0999f,0.0134f,0.4502f,-0.8928f,2.4131f,0f,0f,0f,1f],start_interpolation: 0,interpolation_duration: 1}
$data merge entity $(bone_blush_left1) {transformation: [-0.9999f,0.006f,-0.0119f,0.6858f,0f,0.8929f,0.4502f,4.0999f,0.0134f,0.4502f,-0.8928f,2.3954f,0f,0f,0f,1f],start_interpolation: 0,interpolation_duration: 1}
$data merge entity $(bone_left_head_scales) {transformation: [-0.8814f,0.006f,-0.4723f,0.6968f,-0.2079f,0.8929f,0.3993f,4.9287f,0.4241f,0.4502f,-0.7858f,2.3729f,0f,0f,0f,1f],start_interpolation: 0,interpolation_duration: 1}
$data merge entity $(bone_left_head_scales2) {transformation: [-0.8122f,0.006f,-0.5833f,0.6934f,-0.2582f,0.8929f,0.3688f,4.0506f,0.5231f,0.4502f,-0.7237f,2.1189f,0f,0f,0f,1f],start_interpolation: 0,interpolation_duration: 1}
$data merge entity $(bone_left_head_scales1) {transformation: [-0.9999f,0.006f,-0.0119f,0.6961f,0f,0.8929f,0.4502f,4.8284f,0.0134f,0.4502f,-0.8928f,2.3224f,0f,0f,0f,1f],start_interpolation: 0,interpolation_duration: 1}
$data merge entity $(bone_right_head_scales) {transformation: [-0.8924f,0.006f,0.4511f,-0.6508f,0.2079f,0.8929f,0.3993f,4.9287f,-0.4004f,0.4502f,-0.7981f,2.3909f,0f,0f,0f,1f],start_interpolation: 0,interpolation_duration: 1}
$data merge entity $(bone_right_head_scales2) {transformation: [-0.8259f,0.006f,0.5638f,-0.6542f,0.2582f,0.8929f,0.3688f,4.0506f,-0.5012f,0.4502f,-0.739f,2.1369f,0f,0f,0f,1f],start_interpolation: 0,interpolation_duration: 1}
$data merge entity $(bone_right_head_scales1) {transformation: [-0.9999f,0.006f,-0.0119f,-0.6514f,0f,0.8929f,0.4502f,4.8284f,0.0134f,0.4502f,-0.8928f,2.3404f,0f,0f,0f,1f],start_interpolation: 0,interpolation_duration: 1}
$data merge entity $(bone_head_left_fin1) {transformation: [-0.7172f,0.0235f,-0.764f,0.6926f,-0.0817f,1.0393f,0.1087f,4.4903f,0.76f,0.1339f,-0.7093f,2.0576f,0f,0f,0f,1f],start_interpolation: 0,interpolation_duration: 1}
$data merge entity $(bone_head_right_fin1) {transformation: [-0.7373f,-0.0199f,0.7448f,-0.655f,0.0817f,1.0393f,0.1087f,4.4903f,-0.7406f,0.1345f,-0.7295f,2.0756f,0f,0f,0f,1f],start_interpolation: 0,interpolation_duration: 1}
$data merge entity $(bone_right_whisker16) {transformation: [0.257f,0.9152f,-0.3103f,-1.181f,0.9527f,-0.2938f,-0.0775f,1.7536f,-0.1621f,-0.2757f,-0.9475f,2.1528f,0f,0f,0f,1f],start_interpolation: 0,interpolation_duration: 1}
$data merge entity $(bone_right_whisker15) {transformation: [-0.8739f,0.3743f,-0.3103f,-0.8865f,0.4157f,0.9062f,-0.0775f,1.6136f,0.2522f,-0.1967f,-0.9475f,2.0679f,0f,0f,0f,1f],start_interpolation: 0,interpolation_duration: 1}
$data merge entity $(bone_right_whisker14) {transformation: [-0.7085f,-0.6338f,-0.3103f,-0.6478f,-0.6456f,0.7597f,-0.0775f,1.8311f,0.2848f,0.1454f,-0.9475f,1.9719f,0f,0f,0f,1f],start_interpolation: 0,interpolation_duration: 1}
$data merge entity $(bone_right_whisker13) {transformation: [-0.0956f,-0.992f,-0.0828f,-0.6156f,-0.9891f,0.0853f,0.1202f,2.1643f,-0.1122f,0.0934f,-0.9893f,2.0097f,0f,0f,0f,1f],start_interpolation: 0,interpolation_duration: 1}
$data merge entity $(bone_right_whisker12) {transformation: [0.0627f,-0.9962f,-0.0602f,-0.6438f,-0.9401f,-0.0792f,0.3315f,2.5867f,-0.335f,0.0358f,-0.9415f,2.1602f,0f,0f,0f,1f],start_interpolation: 0,interpolation_duration: 1}
$data merge entity $(bone_right_whisker11) {transformation: [0.2916f,-0.9558f,-0.0386f,-0.7748f,-0.9556f,-0.2929f,0.0334f,3.0159f,-0.0432f,0.0271f,-0.9987f,2.1796f,0f,0f,0f,1f],start_interpolation: 0,interpolation_duration: 1}
$data merge entity $(bone_right_whisker10) {transformation: [0.0733f,-0.9945f,0.0741f,-0.8077f,-0.9742f,-0.0873f,-0.2082f,3.4535f,0.2135f,-0.057f,-0.9753f,2.0837f,0f,0f,0f,1f],start_interpolation: 0,interpolation_duration: 1}
$data merge entity $(bone_right_whisker1) {transformation: [-0.3411f,-0.939f,0.0436f,-0.6545f,-0.938f,0.343f,0.0492f,3.8749f,-0.0612f,-0.0241f,-0.9978f,2.1112f,0f,0f,0f,1f],start_interpolation: 0,interpolation_duration: 1}
$data merge entity $(bone_left_whisker16) {transformation: [0.2613f,-0.9223f,0.2848f,1.2204f,-0.9527f,-0.2938f,-0.0775f,1.7536f,0.1552f,-0.2511f,-0.9554f,2.1208f,0f,0f,0f,1f],start_interpolation: 0,interpolation_duration: 1}
$data merge entity $(bone_left_whisker15) {transformation: [-0.8803f,-0.3794f,0.2848f,0.9238f,-0.4157f,0.9062f,-0.0775f,1.6136f,-0.2287f,-0.1866f,-0.9554f,2.0437f,0f,0f,0f,1f],start_interpolation: 0,interpolation_duration: 1}
$data merge entity $(bone_left_whisker14) {transformation: [-0.7159f,0.6375f,0.2848f,0.6826f,0.6456f,0.7597f,-0.0775f,1.8311f,-0.2658f,0.1284f,-0.9554f,1.9541f,0f,0f,0f,1f],start_interpolation: 0,interpolation_duration: 1}
$data merge entity $(bone_left_whisker13) {transformation: [-0.0926f,0.9941f,0.0564f,0.6515f,0.9891f,0.0853f,0.1202f,2.1643f,0.1147f,0.0669f,-0.9911f,1.9928f,0f,0f,0f,1f],start_interpolation: 0,interpolation_duration: 1}
$data merge entity $(bone_left_whisker12) {transformation: [0.0716f,0.9968f,0.035f,0.6836f,0.9401f,-0.0792f,0.3315f,2.5867f,0.3332f,0.0092f,-0.9428f,2.1425f,0f,0f,0f,1f],start_interpolation: 0,interpolation_duration: 1}
$data merge entity $(bone_left_whisker11) {transformation: [0.2927f,0.9561f,0.0119f,0.8151f,0.9556f,-0.2929f,0.0334f,3.0159f,0.0354f,0.0016f,-0.9994f,2.1584f,0f,0f,0f,1f],start_interpolation: 0,interpolation_duration: 1}
$data merge entity $(bone_left_whisker10) {transformation: [0.0676f,0.9927f,-0.1002f,0.8455f,0.9742f,-0.0873f,-0.2082f,3.4535f,-0.2154f,-0.0835f,-0.973f,2.0616f,0f,0f,0f,1f],start_interpolation: 0,interpolation_duration: 1}
$data merge entity $(bone_left_whisker1) {transformation: [-0.3393f,0.938f,-0.0703f,0.693f,0.938f,0.343f,0.0492f,3.8749f,0.0703f,-0.0492f,-0.9963f,2.0932f,0f,0f,0f,1f],start_interpolation: 0,interpolation_duration: 1}
$data merge entity $(bone_upper_left_tooth1) {transformation: [-0.9999f,0.005f,-0.0124f,0.3417f,0f,0.9288f,0.3707f,3.8456f,0.0134f,0.3706f,-0.9287f,3.1155f,0f,0f,0f,1f],start_interpolation: 0,interpolation_duration: 1}
$data merge entity $(bone_upper_right_tooth1) {transformation: [-0.9999f,0.005f,-0.0124f,-0.3321f,0f,0.9288f,0.3707f,3.8456f,0.0134f,0.3706f,-0.9287f,3.1245f,0f,0f,0f,1f],start_interpolation: 0,interpolation_duration: 1}
$data merge entity $(bone_top_lip1) {transformation: [-0.9999f,-0.0018f,-0.0132f,0.0335f,0f,0.9913f,-0.1317f,3.9603f,0.0134f,-0.1317f,-0.9912f,3.1654f,0f,0f,0f,1f],start_interpolation: 0,interpolation_duration: 1}
$data merge entity $(bone_muzzle1) {transformation: [-0.9999f,0.005f,-0.0124f,0.0273f,0f,0.9288f,0.3707f,4.3249f,0.0134f,0.3706f,-0.9287f,2.7064f,0f,0f,0f,1f],start_interpolation: 0,interpolation_duration: 1}
$data merge entity $(bone_jaw_right_tooth1) {transformation: [-0.9999f,-0.0018f,-0.0132f,-0.3325f,0f,0.9908f,-0.1352f,3.6012f,0.0134f,-0.1352f,-0.9907f,3.0916f,0f,0f,0f,1f],start_interpolation: 0,interpolation_duration: 1}
$data merge entity $(bone_jaw_left_tooth1) {transformation: [-0.9999f,-0.0018f,-0.0132f,0.3974f,0f,0.9908f,-0.1352f,3.6012f,0.0134f,-0.1352f,-0.9907f,3.0818f,0f,0f,0f,1f],start_interpolation: 0,interpolation_duration: 1}
$data merge entity $(bone_tongue1) {transformation: [-0.9999f,0.005f,-0.0124f,0.0226f,0f,0.9259f,0.3777f,3.9008f,0.0134f,0.3776f,-0.9259f,2.3536f,0f,0f,0f,1f],start_interpolation: 0,interpolation_duration: 1}
$data merge entity $(bone_jaw_lips1) {transformation: [-0.9999f,0.005f,-0.0124f,0.0892f,0f,0.9259f,0.3777f,3.442f,0.0134f,0.3776f,-0.9259f,3.1359f,0f,0f,0f,1f],start_interpolation: 0,interpolation_duration: 1}
$data merge entity $(bone_jaw3) {transformation: [-0.9999f,0.0005f,-0.0133f,0.0772f,0f,0.9992f,0.0389f,3.3928f,0.0134f,0.0389f,-0.9992f,2.235f,0f,0f,0f,1f],start_interpolation: 0,interpolation_duration: 1}
$data merge entity $(bone_jaw1) {transformation: [-0.9999f,0.0098f,-0.0091f,0.0691f,0f,0.679f,0.7341f,4.0523f,0.0134f,0.734f,-0.679f,1.625f,0f,0f,0f,1f],start_interpolation: 0,interpolation_duration: 1}
$data merge entity $(bone_tear_right1) {transformation: [-0.9999f,0.006f,-0.0119f,-0.5795f,0f,0.8929f,0.4502f,4.4054f,0.0134f,0.4502f,-0.8928f,2.6796f,0f,0f,0f,1f],start_interpolation: 0,interpolation_duration: 1}
$data merge entity $(bone_right_pupil1) {transformation: [-0.9999f,0.006f,-0.0119f,-0.3928f,0f,0.8929f,0.4502f,4.4753f,0.0134f,0.4502f,-0.8928f,2.7878f,0f,0f,0f,1f],start_interpolation: 0,interpolation_duration: 1}
$data merge entity $(bone_right_sad_pupil1) {transformation: [-0.9999f,0.006f,-0.0119f,-0.3929f,0f,0.8929f,0.4502f,4.4804f,0.0134f,0.4502f,-0.8928f,2.7778f,0f,0f,0f,1f],start_interpolation: 0,interpolation_duration: 1}
$data merge entity $(bone_right_happy_pupil1) {transformation: [-0.9999f,0.006f,-0.0119f,-0.4211f,0f,0.8929f,0.4502f,4.4553f,0.0134f,0.4502f,-0.8928f,2.7655f,0f,0f,0f,1f],start_interpolation: 0,interpolation_duration: 1}
$data merge entity $(bone_eyelid_right1) {transformation: [-0.9999f,0.006f,-0.0119f,0.0324f,0f,0.8929f,0.4502f,4.6831f,0.0134f,0.4502f,-0.8928f,2.2454f,0f,0f,0f,1f],start_interpolation: 0,interpolation_duration: 1}
$data merge entity $(bone_eyelid_expressions_right5) {transformation: [-0.9999f,0.006f,-0.0119f,-0.5213f,0f,0.8929f,0.4502f,4.5807f,0.0134f,0.4502f,-0.8928f,2.8301f,0f,0f,0f,1f],start_interpolation: 0,interpolation_duration: 1}
$data merge entity $(bone_eyelid_expressions_right7) {transformation: [-0.9999f,0.006f,-0.0119f,-0.1845f,0f,0.8929f,0.4502f,4.5807f,0.0134f,0.4502f,-0.8928f,2.8256f,0f,0f,0f,1f],start_interpolation: 0,interpolation_duration: 1}
$data merge entity $(bone_eyelid_expressions_right6) {transformation: [-0.9999f,0.006f,-0.0119f,-0.2968f,0f,0.8929f,0.4502f,4.5807f,0.0134f,0.4502f,-0.8928f,2.8271f,0f,0f,0f,1f],start_interpolation: 0,interpolation_duration: 1}
$data merge entity $(bone_right_eye1) {transformation: [-0.9999f,0.006f,-0.0119f,0.0213f,0f,0.8929f,0.4502f,4.678f,0.0134f,0.4502f,-0.8928f,2.2556f,0f,0f,0f,1f],start_interpolation: 0,interpolation_duration: 1}
$data merge entity $(bone_tear_left1) {transformation: [-0.9999f,0.006f,-0.0119f,0.6333f,0f,0.8929f,0.4502f,4.4054f,0.0134f,0.4502f,-0.8928f,2.6634f,0f,0f,0f,1f],start_interpolation: 0,interpolation_duration: 1}
$data merge entity $(bone_left_sad_pupil1) {transformation: [-0.9999f,0.006f,-0.0119f,0.4493f,0f,0.8929f,0.4502f,4.4804f,0.0134f,0.4502f,-0.8928f,2.7665f,0f,0f,0f,1f],start_interpolation: 0,interpolation_duration: 1}
$data merge entity $(bone_left_pupil1) {transformation: [-0.9999f,0.006f,-0.0119f,0.4495f,0f,0.8929f,0.4502f,4.4753f,0.0134f,0.4502f,-0.8928f,2.7766f,0f,0f,0f,1f],start_interpolation: 0,interpolation_duration: 1}
$data merge entity $(bone_eyelid_left1) {transformation: [-0.9999f,0.006f,-0.0119f,0.01f,0f,0.8929f,0.4502f,4.6831f,0.0134f,0.4502f,-0.8928f,2.2457f,0f,0f,0f,1f],start_interpolation: 0,interpolation_duration: 1}
$data merge entity $(bone_left_happy_pupil1) {transformation: [-0.9999f,0.006f,-0.0119f,0.4772f,0f,0.8929f,0.4502f,4.4553f,0.0134f,0.4502f,-0.8928f,2.7535f,0f,0f,0f,1f],start_interpolation: 0,interpolation_duration: 1}
$data merge entity $(bone_eyelid_expressions_left5) {transformation: [-0.9999f,0.006f,-0.0119f,0.5791f,0f,0.8929f,0.4502f,4.5807f,0.0134f,0.4502f,-0.8928f,2.8154f,0f,0f,0f,1f],start_interpolation: 0,interpolation_duration: 1}
$data merge entity $(bone_eyelid_expressions_left7) {transformation: [-0.9999f,0.006f,-0.0119f,0.2423f,0f,0.8929f,0.4502f,4.5807f,0.0134f,0.4502f,-0.8928f,2.8199f,0f,0f,0f,1f],start_interpolation: 0,interpolation_duration: 1}
$data merge entity $(bone_eyelid_expressions_left6) {transformation: [-0.9999f,0.006f,-0.0119f,0.3545f,0f,0.8929f,0.4502f,4.5807f,0.0134f,0.4502f,-0.8928f,2.8184f,0f,0f,0f,1f],start_interpolation: 0,interpolation_duration: 1}
$data merge entity $(bone_left_eye1) {transformation: [-0.9999f,0.006f,-0.0119f,0.0213f,0f,0.8929f,0.4502f,4.678f,0.0134f,0.4502f,-0.8928f,2.2556f,0f,0f,0f,1f],start_interpolation: 0,interpolation_duration: 1}
$data merge entity $(bone_crest_middle5) {transformation: [-0.9999f,0.0033f,-0.0129f,0.0353f,0f,0.9692f,0.2463f,5.7007f,0.0134f,0.2462f,-0.9691f,3.305f,0f,0f,0f,1f],start_interpolation: 0,interpolation_duration: 1}
$data merge entity $(bone_crest_middle4) {transformation: [-0.9999f,0.0033f,-0.0129f,0.0331f,0f,0.9692f,0.2463f,5.0476f,0.0134f,0.2462f,-0.9691f,3.1391f,0f,0f,0f,1f],start_interpolation: 0,interpolation_duration: 1}
$data merge entity $(bone_crest_middle1) {transformation: [-0.9999f,0.0033f,-0.0129f,0.0325f,0f,0.9692f,0.2463f,4.5371f,0.0134f,0.2462f,-0.9691f,3.0963f,0f,0f,0f,1f],start_interpolation: 0,interpolation_duration: 1}
$data merge entity $(bone_crest_left5) {transformation: [-0.5423f,-0.8345f,0.0978f,-1.0717f,-0.7531f,0.5344f,0.3837f,5.0836f,-0.3725f,0.1344f,-0.9182f,3.1193f,0f,0f,0f,1f],start_interpolation: 0,interpolation_duration: 1}
$data merge entity $(bone_crest_left4) {transformation: [-0.5423f,-0.8345f,0.0978f,-0.6032f,-0.7531f,0.5344f,0.3837f,4.7835f,-0.3725f,0.1344f,-0.9182f,3.0438f,0f,0f,0f,1f],start_interpolation: 0,interpolation_duration: 1}
$data merge entity $(bone_crest_left1) {transformation: [-0.5423f,-0.8345f,0.0978f,-0.0823f,-0.7531f,0.5344f,0.3837f,4.4749f,-0.3725f,0.1344f,-0.9182f,2.9092f,0f,0f,0f,1f],start_interpolation: 0,interpolation_duration: 1}
$data merge entity $(bone_crest_center1) {transformation: [-0.9999f,0.006f,-0.0119f,0.0299f,0f,0.8929f,0.4502f,4.4499f,0.0134f,0.4502f,-0.8928f,2.8951f,0f,0f,0f,1f],start_interpolation: 0,interpolation_duration: 1}
$data merge entity $(bone_crest_right5) {transformation: [-0.5322f,0.8377f,-0.1223f,1.1371f,0.7531f,0.5344f,0.3837f,5.0836f,0.3868f,0.1121f,-0.9153f,3.0898f,0f,0f,0f,1f],start_interpolation: 0,interpolation_duration: 1}
$data merge entity $(bone_crest_right4) {transformation: [-0.5322f,0.8377f,-0.1223f,0.6666f,0.7531f,0.5344f,0.3837f,4.7835f,0.3868f,0.1121f,-0.9153f,3.0269f,0f,0f,0f,1f],start_interpolation: 0,interpolation_duration: 1}
$data merge entity $(bone_crest_right1) {transformation: [-0.5322f,0.8377f,-0.1223f,0.1423f,0.7531f,0.5344f,0.3837f,4.4749f,0.3868f,0.1121f,-0.9153f,2.9062f,0f,0f,0f,1f],start_interpolation: 0,interpolation_duration: 1}
$data merge entity $(bone_head1) {transformation: [-1.0481f,0.0063f,-0.0125f,0.0136f,0f,0.9359f,0.4719f,4.9059f,0.014f,0.4718f,-0.9359f,1.6788f,0f,0f,0f,1f],start_interpolation: 0,interpolation_duration: 1}
$data merge entity $(bone_neck10) {transformation: [-1.4973f,0.0056f,-0.0192f,-0.0017f,0f,1.4378f,0.4181f,4.7725f,0.02f,0.418f,-1.4377f,0.529f,0f,0f,0f,1f],start_interpolation: 0,interpolation_duration: 1}
$data merge entity $(bone_neck9) {transformation: [-1.1454f,0.0069f,-0.0137f,-0.0099f,0f,1.0229f,0.5157f,3.4436f,0.0153f,0.5157f,-1.0228f,-0.0781f,0f,0f,0f,1f],start_interpolation: 0,interpolation_duration: 1}
$data merge entity $(bone_neck8) {transformation: [-1.0631f,-0.0039f,-0.0137f,-0.0066f,0f,1.0233f,-0.2885f,2.6892f,0.0142f,-0.2884f,-1.0232f,0.1693f,0f,0f,0f,1f],start_interpolation: 0,interpolation_duration: 1}
$data merge entity $(bone_neck7) {transformation: [-1.0556f,-0.008f,-0.0116f,0.0009f,0f,0.8704f,-0.5973f,1.9142f,0.0141f,-0.5973f,-0.8703f,0.7281f,0f,0f,0f,1f],start_interpolation: 0,interpolation_duration: 1}
$data merge entity $(bone_neck6) {transformation: [-1.0496f,-0.0056f,-0.0128f,0.0058f,0f,0.9612f,-0.4218f,1.0613f,0.014f,-0.4218f,-0.9611f,1.0927f,0f,0f,0f,1f],start_interpolation: 0,interpolation_duration: 1}
$data merge entity $(bone_neck_spine6) {transformation: [-1.2649f,-0.1103f,-0.0891f,-0.0035f,-0.0744f,-0.1639f,1.26f,0.1284f,-0.1207f,1.2574f,0.1564f,-1.3277f,0f,0f,0f,1f],start_interpolation: 0,interpolation_duration: 1}
$data merge entity $(bone_neck_spine7) {transformation: [-0.9894f,-0.1445f,-0.0152f,0.4078f,-0.0454f,0.2076f,0.9772f,0.579f,-0.138f,0.9675f,-0.2119f,-4.9524f,0f,0f,0f,1f],start_interpolation: 0,interpolation_duration: 1}
$data merge entity $(bone_tail6) {transformation: [-1.6386f,0.5032f,0.1646f,-0.0459f,0.5294f,1.5669f,0.4794f,-1.7007f,-0.0097f,0.5067f,-1.6457f,-7.596f,0f,0f,0f,1f],start_interpolation: 0,interpolation_duration: 1}
$data merge entity $(bone_tail5) {transformation: [-1.3536f,0.4157f,0.1359f,0.2167f,0.4373f,1.2944f,0.396f,-0.8832f,-0.008f,0.4186f,-1.3595f,-7.3316f,0f,0f,0f,1f],start_interpolation: 0,interpolation_duration: 1}
$data merge entity $(bone_tail4) {transformation: [-0.9974f,0.3063f,0.1002f,0.348f,0.3222f,0.9538f,0.2918f,-0.4745f,-0.0059f,0.3084f,-1.0017f,-7.1994f,0f,0f,0f,1f],start_interpolation: 0,interpolation_duration: 1}
$data merge entity $(bone_segment18) {transformation: [-0.9516f,0.2624f,0.1602f,0.4953f,0.3074f,0.8215f,0.4802f,-0.0132f,-0.0056f,0.5062f,-0.8624f,-6.9151f,0f,0f,0f,1f],start_interpolation: 0,interpolation_duration: 1}
$data merge entity $(bone_segment17) {transformation: [-0.9962f,0.0617f,-0.0613f,0.5404f,-0.0471f,0.2088f,0.9768f,0.1392f,0.0731f,0.976f,-0.2051f,-6.2027f,0f,0f,0f,1f],start_interpolation: 0,interpolation_duration: 1}
$data merge entity $(bone_segment16) {transformation: [-0.9961f,-0.0744f,-0.048f,0.4693f,-0.0486f,0.0066f,0.9988f,0.1456f,-0.074f,0.9972f,-0.0102f,-5.2507f,0f,0f,0f,1f],start_interpolation: 0,interpolation_duration: 1}
$data merge entity $(bone_segment15) {transformation: [-0.9894f,-0.1356f,-0.0521f,0.3094f,-0.0454f,-0.0524f,0.9976f,0.0838f,-0.138f,0.9894f,0.0457f,-4.0841f,0f,0f,0f,1f],start_interpolation: 0,interpolation_duration: 1}
$data merge entity $(bone_segment14) {transformation: [-1.0377f,-0.1266f,-0.0758f,0.167f,-0.0487f,-0.2145f,1.0248f,-0.1576f,-0.1393f,1.0182f,0.2065f,-2.9387f,0f,0f,0f,1f],start_interpolation: 0,interpolation_duration: 1}
$data merge entity $(bone_segment13) {transformation: [-1.0193f,-0.0751f,-0.0861f,0.0789f,-0.06f,-0.3064f,0.977f,-0.5533f,-0.0972f,0.976f,0.3001f,-1.7714f,0f,0f,0f,1f],start_interpolation: 0,interpolation_duration: 1}
$data merge entity $(bone_segment12) {transformation: [-1.1133f,-0.047f,-0.0528f,0.0222f,-0.0578f,0.1273f,1.1068f,-0.3995f,-0.0406f,1.1073f,-0.1295f,-0.4337f,0f,0f,0f,1f],start_interpolation: 0,interpolation_duration: 1}
$data merge entity $(bone_segment11) {transformation: [-1.1902f,-0.0109f,-0.0202f,0.0034f,-0.0225f,0.7555f,0.9197f,0.4734f,0.0044f,0.9199f,-0.7555f,0.6294f,0f,0f,0f,1f],start_interpolation: 0,interpolation_duration: 1}
$data merge entity $(bone_segment10) {transformation: [-1.0481f,0.0064f,-0.0125f,0.0061f,0f,0.9341f,0.4756f,1.4296f,0.014f,0.4756f,-0.934f,1.1163f,0f,0f,0f,1f],start_interpolation: 0,interpolation_duration: 1}
data modify entity @s data merge value {"cameras":{},"locators":{"mouth":{"posx":0.04248120389840239,"posy":3.695408410741644,"posz":3.8397607323310954,"roty":179.23463313526983,"rotx":63.24336213675792}}}