# This file was generated by Animated Java via MC-Build. It is not recommended to edit this file directly.
$data merge entity $(bone_neck_spine5) {transformation: [-1.5716f,0.0087f,-0.0435f,0.0914f,0f,1.5421f,0.3065f,4.334f,0.0444f,0.3063f,-1.5415f,-0.5088f,0f,0f,0f,1f],start_interpolation: 0,interpolation_duration: 1}
$data merge entity $(bone_neck_spine2) {transformation: [-1.4968f,0.0079f,-0.0415f,0.0317f,0f,1.4713f,0.2785f,5.62f,0.0423f,0.2783f,-1.4707f,1.3553f,0f,0f,0f,1f],start_interpolation: 0,interpolation_duration: 1}
$data merge entity $(bone_scale_neck_left1) {transformation: [-1.5866f,0.4393f,0.0521f,0.8119f,0.4049f,1.364f,0.8298f,4.7402f,0.1781f,0.8121f,-1.4219f,1.1323f,0f,0f,0f,1f],start_interpolation: 0,interpolation_duration: 1}
$data merge entity $(bone_scale_neck_right1) {transformation: [-1.5941f,-0.3928f,-0.1323f,-0.7598f,-0.4049f,1.364f,0.8298f,4.7402f,-0.0883f,0.8357f,-1.4167f,1.1767f,0f,0f,0f,1f],start_interpolation: 0,interpolation_duration: 1}
$data merge entity $(bone_blush_right1) {transformation: [-0.9996f,0.0125f,-0.0253f,-0.6023f,0f,0.897f,0.4421f,4.0225f,0.0282f,0.442f,-0.8966f,2.3758f,0f,0f,0f,1f],start_interpolation: 0,interpolation_duration: 1}
$data merge entity $(bone_blush_left1) {transformation: [-0.9996f,0.0125f,-0.0253f,0.7224f,0f,0.897f,0.4421f,4.0225f,0.0282f,0.442f,-0.8966f,2.3383f,0f,0f,0f,1f],start_interpolation: 0,interpolation_duration: 1}
$data merge entity $(bone_left_head_scales) {transformation: [-0.875f,0.0125f,-0.484f,0.7327f,-0.2042f,0.897f,0.3922f,4.851f,0.439f,0.442f,-0.7822f,2.3082f,0f,0f,0f,1f],start_interpolation: 0,interpolation_duration: 1}
$data merge entity $(bone_left_head_scales2) {transformation: [-0.8043f,0.0125f,-0.5941f,0.7258f,-0.2536f,0.897f,0.3622f,3.9707f,0.5374f,0.442f,-0.7183f,2.0622f,0f,0f,0f,1f],start_interpolation: 0,interpolation_duration: 1}
$data merge entity $(bone_left_head_scales1) {transformation: [-0.9996f,0.0125f,-0.0253f,0.7313f,0f,0.897f,0.4421f,4.7503f,0.0282f,0.442f,-0.8966f,2.2586f,0f,0f,0f,1f],start_interpolation: 0,interpolation_duration: 1}
$data merge entity $(bone_right_head_scales) {transformation: [-0.8984f,0.0125f,0.4391f,-0.6144f,0.2042f,0.897f,0.3922f,4.851f,-0.389f,0.442f,-0.8083f,2.3463f,0f,0f,0f,1f],start_interpolation: 0,interpolation_duration: 1}
$data merge entity $(bone_right_head_scales2) {transformation: [-0.8334f,0.0125f,0.5526f,-0.6213f,0.2536f,0.897f,0.3622f,3.9707f,-0.4911f,0.442f,-0.7506f,2.1002f,0f,0f,0f,1f],start_interpolation: 0,interpolation_duration: 1}
$data merge entity $(bone_right_head_scales1) {transformation: [-0.9996f,0.0125f,-0.0253f,-0.6158f,0f,0.897f,0.4421f,4.7503f,0.0282f,0.442f,-0.8966f,2.2966f,0f,0f,0f,1f],start_interpolation: 0,interpolation_duration: 1}
$data merge entity $(bone_head_left_fin1) {transformation: [-0.7058f,0.0252f,-0.7745f,0.7239f,-0.0749f,1.0405f,0.1022f,4.4098f,0.7713f,0.1242f,-0.6988f,1.9969f,0f,0f,0f,1f],start_interpolation: 0,interpolation_duration: 1}
$data merge entity $(bone_head_right_fin1) {transformation: [-0.7482f,-0.0182f,0.7338f,-0.6232f,0.0749f,1.0405f,0.1022f,4.4098f,-0.7302f,0.1254f,-0.7414f,2.035f,0f,0f,0f,1f],start_interpolation: 0,interpolation_duration: 1}
$data merge entity $(bone_right_whisker16) {transformation: [0.2543f,0.9111f,-0.3243f,-1.1473f,0.9512f,-0.2962f,-0.0861f,1.6738f,-0.1745f,-0.2866f,-0.942f,2.1447f,0f,0f,0f,1f],start_interpolation: 0,interpolation_duration: 1}
$data merge entity $(bone_right_whisker15) {transformation: [-0.8701f,0.3711f,-0.3243f,-0.8541f,0.4178f,0.9044f,-0.0861f,1.5331f,0.2614f,-0.2104f,-0.942f,2.0567f,0f,0f,0f,1f],start_interpolation: 0,interpolation_duration: 1}
$data merge entity $(bone_right_whisker14) {transformation: [-0.7041f,-0.6318f,-0.3243f,-0.6169f,-0.6431f,0.7609f,-0.0861f,1.7498f,0.3011f,0.148f,-0.942f,1.9552f,0f,0f,0f,1f],start_interpolation: 0,interpolation_duration: 1}
$data merge entity $(bone_right_whisker13) {transformation: [-0.097f,-0.9905f,-0.0976f,-0.5842f,-0.9901f,0.086f,0.1113f,2.0833f,-0.1019f,0.1074f,-0.989f,1.9895f,0f,0f,0f,1f],start_interpolation: 0,interpolation_duration: 1}
$data merge entity $(bone_right_whisker12) {transformation: [0.0579f,-0.9956f,-0.0743f,-0.6102f,-0.9431f,-0.079f,0.323f,2.507f,-0.3274f,0.0513f,-0.9435f,2.1366f,0f,0f,0f,1f],start_interpolation: 0,interpolation_duration: 1}
$data merge entity $(bone_right_whisker11) {transformation: [0.2912f,-0.9552f,-0.0534f,-0.741f,-0.9559f,-0.2928f,0.0244f,2.9364f,-0.039f,0.044f,-0.9983f,2.1541f,0f,0f,0f,1f],start_interpolation: 0,interpolation_duration: 1}
$data merge entity $(bone_right_whisker10) {transformation: [0.0767f,-0.9953f,0.0597f,-0.7755f,-0.9722f,-0.088f,-0.2169f,3.3731f,0.2212f,-0.0414f,-0.9744f,2.0547f,0f,0f,0f,1f],start_interpolation: 0,interpolation_duration: 1}
$data merge entity $(bone_right_whisker1) {transformation: [-0.3417f,-0.9394f,0.0288f,-0.622f,-0.9386f,0.3427f,0.0403f,3.7948f,-0.0477f,-0.0133f,-0.9988f,2.0761f,0f,0f,0f,1f],start_interpolation: 0,interpolation_duration: 1}
$data merge entity $(bone_left_whisker16) {transformation: [0.2638f,-0.9258f,0.2706f,1.2534f,-0.9512f,-0.2962f,-0.0861f,1.6738f,0.1598f,-0.2347f,-0.9588f,2.0769f,0f,0f,0f,1f],start_interpolation: 0,interpolation_duration: 1}
$data merge entity $(bone_left_whisker15) {transformation: [-0.8835f,-0.3824f,0.2706f,0.9557f,-0.4178f,0.9044f,-0.0861f,1.5331f,-0.2118f,-0.1891f,-0.9588f,2.0055f,0f,0f,0f,1f],start_interpolation: 0,interpolation_duration: 1}
$data merge entity $(bone_left_whisker14) {transformation: [-0.7199f,0.6391f,0.2706f,0.7132f,0.6431f,0.7609f,-0.0861f,1.7498f,-0.2609f,0.1121f,-0.9588f,1.9176f,0f,0f,0f,1f],start_interpolation: 0,interpolation_duration: 1}
$data merge entity $(bone_left_whisker13) {transformation: [-0.0911f,0.995f,0.0416f,0.6825f,0.9901f,0.086f,0.1113f,2.0833f,0.1072f,0.0513f,-0.9929f,1.9537f,0f,0f,0f,1f],start_interpolation: 0,interpolation_duration: 1}
$data merge entity $(bone_left_whisker12) {transformation: [0.0763f,0.9969f,0.0209f,0.7167f,0.9431f,-0.079f,0.323f,2.507f,0.3236f,-0.0049f,-0.9462f,2.0991f,0f,0f,0f,1f],start_interpolation: 0,interpolation_duration: 1}
$data merge entity $(bone_left_whisker11) {transformation: [0.2929f,0.9561f,-0.003f,0.8483f,0.9559f,-0.2928f,0.0244f,2.9364f,0.0225f,-0.01f,-0.9997f,2.1092f,0f,0f,0f,1f],start_interpolation: 0,interpolation_duration: 1}
$data merge entity $(bone_left_whisker10) {transformation: [0.0641f,0.9913f,-0.1146f,0.8771f,0.9722f,-0.088f,-0.2169f,3.3731f,-0.2251f,-0.0975f,-0.9694f,2.008f,0f,0f,0f,1f],start_interpolation: 0,interpolation_duration: 1}
$data merge entity $(bone_left_whisker1) {transformation: [-0.3385f,0.9371f,-0.0851f,0.7251f,0.9386f,0.3427f,0.0403f,3.7948f,0.0669f,-0.0663f,-0.9956f,2.0381f,0f,0f,0f,1f],start_interpolation: 0,interpolation_duration: 1}
$data merge entity $(bone_upper_left_tooth1) {transformation: [-0.9996f,0.0102f,-0.0263f,0.389f,0f,0.9321f,0.3623f,3.7746f,0.0282f,0.3621f,-0.9317f,3.0657f,0f,0f,0f,1f],start_interpolation: 0,interpolation_duration: 1}
$data merge entity $(bone_upper_right_tooth1) {transformation: [-0.9996f,0.0102f,-0.0263f,-0.2846f,0f,0.9321f,0.3623f,3.7746f,0.0282f,0.3621f,-0.9317f,3.0847f,0f,0f,0f,1f],start_interpolation: 0,interpolation_duration: 1}
$data merge entity $(bone_top_lip1) {transformation: [-0.9996f,-0.0032f,-0.0281f,0.0815f,0f,0.9934f,-0.1145f,3.8898f,0.0282f,-0.1144f,-0.993f,3.1192f,0f,0f,0f,1f],start_interpolation: 0,interpolation_duration: 1}
$data merge entity $(bone_muzzle1) {transformation: [-0.9996f,0.0102f,-0.0263f,0.0685f,0f,0.9321f,0.3623f,4.2502f,0.0282f,0.3621f,-0.9317f,2.657f,0f,0f,0f,1f],start_interpolation: 0,interpolation_duration: 1}
$data merge entity $(bone_jaw_right_tooth1) {transformation: [-0.9996f,-0.0042f,-0.0279f,-0.2854f,0f,0.989f,-0.1481f,3.536f,0.0282f,-0.1481f,-0.9886f,3.0558f,0f,0f,0f,1f],start_interpolation: 0,interpolation_duration: 1}
$data merge entity $(bone_jaw_left_tooth1) {transformation: [-0.9996f,-0.0042f,-0.0279f,0.4443f,0f,0.989f,-0.1481f,3.536f,0.0282f,-0.1481f,-0.9886f,3.0352f,0f,0f,0f,1f],start_interpolation: 0,interpolation_duration: 1}
$data merge entity $(bone_tongue1) {transformation: [-0.9996f,0.0101f,-0.0264f,0.0586f,0f,0.9333f,0.3592f,3.8205f,0.0282f,0.359f,-0.9329f,2.3058f,0f,0f,0f,1f],start_interpolation: 0,interpolation_duration: 1}
$data merge entity $(bone_jaw_lips1) {transformation: [-0.9996f,0.0101f,-0.0264f,0.1371f,0f,0.9333f,0.3592f,3.3773f,0.0282f,0.359f,-0.9329f,3.096f,0f,0f,0f,1f],start_interpolation: 0,interpolation_duration: 1}
$data merge entity $(bone_jaw3) {transformation: [-0.9996f,0.0007f,-0.0282f,0.1116f,0f,0.9997f,0.0258f,3.3163f,0.0282f,0.0258f,-0.9993f,2.196f,0f,0f,0f,1f],start_interpolation: 0,interpolation_duration: 1}
$data merge entity $(bone_jaw1) {transformation: [-0.9996f,0.0205f,-0.0194f,0.0942f,0f,0.6886f,0.7251f,3.9678f,0.0282f,0.7249f,-0.6883f,1.5776f,0f,0f,0f,1f],start_interpolation: 0,interpolation_duration: 1}
$data merge entity $(bone_tear_right1) {transformation: [-0.9996f,0.0125f,-0.0253f,-0.5387f,0f,0.897f,0.4421f,4.3303f,0.0282f,0.442f,-0.8966f,2.6385f,0f,0f,0f,1f],start_interpolation: 0,interpolation_duration: 1}
$data merge entity $(bone_right_pupil1) {transformation: [-0.9996f,0.0125f,-0.0253f,-0.3504f,0f,0.897f,0.4421f,4.4013f,0.0282f,0.442f,-0.8966f,2.7433f,0f,0f,0f,1f],start_interpolation: 0,interpolation_duration: 1}
$data merge entity $(bone_right_sad_pupil1) {transformation: [-0.9996f,0.0125f,-0.0253f,-0.3507f,0f,0.897f,0.4421f,4.4063f,0.0282f,0.442f,-0.8966f,2.7333f,0f,0f,0f,1f],start_interpolation: 0,interpolation_duration: 1}
$data merge entity $(bone_right_happy_pupil1) {transformation: [-0.9996f,0.0125f,-0.0253f,-0.3791f,0f,0.897f,0.4421f,4.3811f,0.0282f,0.442f,-0.8966f,2.7216f,0f,0f,0f,1f],start_interpolation: 0,interpolation_duration: 1}
$data merge entity $(bone_eyelid_right1) {transformation: [-0.9996f,0.0125f,-0.0253f,0.0666f,0f,0.897f,0.4421f,4.6042f,0.0282f,0.442f,-0.8966f,2.1928f,0f,0f,0f,1f],start_interpolation: 0,interpolation_duration: 1}
$data merge entity $(bone_eyelid_expressions_right5) {transformation: [-0.9996f,0.0125f,-0.0253f,-0.4784f,0f,0.897f,0.4421f,4.507f,0.0282f,0.442f,-0.8966f,2.7865f,0f,0f,0f,1f],start_interpolation: 0,interpolation_duration: 1}
$data merge entity $(bone_eyelid_expressions_right7) {transformation: [-0.9996f,0.0125f,-0.0253f,-0.1416f,0f,0.897f,0.4421f,4.507f,0.0282f,0.442f,-0.8966f,2.777f,0f,0f,0f,1f],start_interpolation: 0,interpolation_duration: 1}
$data merge entity $(bone_eyelid_expressions_right6) {transformation: [-0.9996f,0.0125f,-0.0253f,-0.2538f,0f,0.897f,0.4421f,4.507f,0.0282f,0.442f,-0.8966f,2.7802f,0f,0f,0f,1f],start_interpolation: 0,interpolation_duration: 1}
$data merge entity $(bone_right_eye1) {transformation: [-0.9996f,0.0125f,-0.0253f,0.0557f,0f,0.897f,0.4421f,4.5992f,0.0282f,0.442f,-0.8966f,2.2032f,0f,0f,0f,1f],start_interpolation: 0,interpolation_duration: 1}
$data merge entity $(bone_tear_left1) {transformation: [-0.9996f,0.0125f,-0.0253f,0.6737f,0f,0.897f,0.4421f,4.3303f,0.0282f,0.442f,-0.8966f,2.6043f,0f,0f,0f,1f],start_interpolation: 0,interpolation_duration: 1}
$data merge entity $(bone_left_sad_pupil1) {transformation: [-0.9996f,0.0125f,-0.0253f,0.4913f,0f,0.897f,0.4421f,4.4063f,0.0282f,0.442f,-0.8966f,2.7095f,0f,0f,0f,1f],start_interpolation: 0,interpolation_duration: 1}
$data merge entity $(bone_left_pupil1) {transformation: [-0.9996f,0.0125f,-0.0253f,0.4916f,0f,0.897f,0.4421f,4.4013f,0.0282f,0.442f,-0.8966f,2.7195f,0f,0f,0f,1f],start_interpolation: 0,interpolation_duration: 1}
$data merge entity $(bone_eyelid_left1) {transformation: [-0.9996f,0.0125f,-0.0253f,0.0442f,0f,0.897f,0.4421f,4.6042f,0.0282f,0.442f,-0.8966f,2.1934f,0f,0f,0f,1f],start_interpolation: 0,interpolation_duration: 1}
$data merge entity $(bone_left_happy_pupil1) {transformation: [-0.9996f,0.0125f,-0.0253f,0.519f,0f,0.897f,0.4421f,4.3811f,0.0282f,0.442f,-0.8966f,2.6963f,0f,0f,0f,1f],start_interpolation: 0,interpolation_duration: 1}
$data merge entity $(bone_eyelid_expressions_left5) {transformation: [-0.9996f,0.0125f,-0.0253f,0.6218f,0f,0.897f,0.4421f,4.507f,0.0282f,0.442f,-0.8966f,2.7555f,0f,0f,0f,1f],start_interpolation: 0,interpolation_duration: 1}
$data merge entity $(bone_eyelid_expressions_left7) {transformation: [-0.9996f,0.0125f,-0.0253f,0.285f,0f,0.897f,0.4421f,4.507f,0.0282f,0.442f,-0.8966f,2.765f,0f,0f,0f,1f],start_interpolation: 0,interpolation_duration: 1}
$data merge entity $(bone_eyelid_expressions_left6) {transformation: [-0.9996f,0.0125f,-0.0253f,0.3973f,0f,0.897f,0.4421f,4.507f,0.0282f,0.442f,-0.8966f,2.7618f,0f,0f,0f,1f],start_interpolation: 0,interpolation_duration: 1}
$data merge entity $(bone_left_eye1) {transformation: [-0.9996f,0.0125f,-0.0253f,0.0557f,0f,0.897f,0.4421f,4.5992f,0.0282f,0.442f,-0.8966f,2.2032f,0f,0f,0f,1f],start_interpolation: 0,interpolation_duration: 1}
$data merge entity $(bone_crest_middle5) {transformation: [-0.9996f,0.0067f,-0.0274f,0.085f,0f,0.9714f,0.2375f,5.6313f,0.0282f,0.2374f,-0.971f,3.243f,0f,0f,0f,1f],start_interpolation: 0,interpolation_duration: 1}
$data merge entity $(bone_crest_middle4) {transformation: [-0.9996f,0.0067f,-0.0274f,0.0805f,0f,0.9714f,0.2375f,4.9768f,0.0282f,0.2374f,-0.971f,3.0831f,0f,0f,0f,1f],start_interpolation: 0,interpolation_duration: 1}
$data merge entity $(bone_crest_middle1) {transformation: [-0.9996f,0.0067f,-0.0274f,0.0794f,0f,0.9714f,0.2375f,4.4658f,0.0282f,0.2374f,-0.971f,3.0449f,0f,0f,0f,1f],start_interpolation: 0,interpolation_duration: 1}
$data merge entity $(bone_crest_left5) {transformation: [-0.5476f,-0.8325f,0.0841f,-1.0245f,-0.7565f,0.5355f,0.3754f,5.0124f,-0.3576f,0.142f,-0.923f,3.0794f,0f,0f,0f,1f],start_interpolation: 0,interpolation_duration: 1}
$data merge entity $(bone_crest_left4) {transformation: [-0.5476f,-0.8325f,0.0841f,-0.5571f,-0.7565f,0.5355f,0.3754f,4.7117f,-0.3576f,0.142f,-0.923f,2.9997f,0f,0f,0f,1f],start_interpolation: 0,interpolation_duration: 1}
$data merge entity $(bone_crest_left1) {transformation: [-0.5476f,-0.8325f,0.0841f,-0.0381f,-0.7565f,0.5355f,0.3754f,4.402f,-0.3576f,0.142f,-0.923f,2.8601f,0f,0f,0f,1f],start_interpolation: 0,interpolation_duration: 1}
$data merge entity $(bone_crest_center1) {transformation: [-0.9996f,0.0125f,-0.0253f,0.0738f,0f,0.897f,0.4421f,4.3768f,0.0282f,0.442f,-0.8966f,2.8445f,0f,0f,0f,1f],start_interpolation: 0,interpolation_duration: 1}
$data merge entity $(bone_crest_right5) {transformation: [-0.5266f,0.8392f,-0.136f,1.1836f,0.7565f,0.5355f,0.3754f,5.0124f,0.3879f,0.0948f,-0.9168f,3.017f,0f,0f,0f,1f],start_interpolation: 0,interpolation_duration: 1}
$data merge entity $(bone_crest_right4) {transformation: [-0.5266f,0.8392f,-0.136f,0.7124f,0.7565f,0.5355f,0.3754f,4.7117f,0.3879f,0.0948f,-0.9168f,2.9638f,0f,0f,0f,1f],start_interpolation: 0,interpolation_duration: 1}
$data merge entity $(bone_crest_right1) {transformation: [-0.5266f,0.8392f,-0.136f,0.1864f,0.7565f,0.5355f,0.3754f,4.402f,0.3879f,0.0948f,-0.9168f,2.8538f,0f,0f,0f,1f],start_interpolation: 0,interpolation_duration: 1}
$data merge entity $(bone_head1) {transformation: [-1.0478f,0.0131f,-0.0265f,0.0393f,0f,0.9402f,0.4634f,4.8219f,0.0296f,0.4632f,-0.9398f,1.6245f,0f,0f,0f,1f],start_interpolation: 0,interpolation_duration: 1}
$data merge entity $(bone_neck10) {transformation: [-1.4968f,0.0132f,-0.0402f,0.0067f,0f,1.4223f,0.4681f,4.7287f,0.0423f,0.4679f,-1.4218f,0.4711f,0f,0f,0f,1f],start_interpolation: 0,interpolation_duration: 1}
$data merge entity $(bone_neck9) {transformation: [-1.1451f,0.0143f,-0.029f,-0.0101f,0f,1.0275f,0.5065f,3.3944f,0.0323f,0.5063f,-1.0271f,-0.1237f,0f,0f,0f,1f],start_interpolation: 0,interpolation_duration: 1}
$data merge entity $(bone_neck8) {transformation: [-1.0627f,-0.0084f,-0.0288f,-0.0029f,0f,1.0206f,-0.2977f,2.6423f,0.03f,-0.2976f,-1.0202f,0.1304f,0f,0f,0f,1f],start_interpolation: 0,interpolation_duration: 1}
$data merge entity $(bone_neck7) {transformation: [-1.0552f,-0.0167f,-0.0247f,0.0127f,0f,0.8755f,-0.5898f,1.8626f,0.0298f,-0.5896f,-0.8752f,0.6824f,0f,0f,0f,1f],start_interpolation: 0,interpolation_duration: 1}
$data merge entity $(bone_neck6) {transformation: [-1.0493f,-0.0113f,-0.0274f,0.0224f,0f,0.9708f,-0.3992f,1.0013f,0.0296f,-0.399f,-0.9704f,1.0267f,0f,0f,0f,1f],start_interpolation: 0,interpolation_duration: 1}
$data merge entity $(bone_neck_spine6) {transformation: [-1.266f,-0.1115f,-0.0695f,-0.062f,-0.0547f,-0.1641f,1.261f,0.0804f,-0.1194f,1.2572f,0.1584f,-1.4074f,0f,0f,0f,1f],start_interpolation: 0,interpolation_duration: 1}
$data merge entity $(bone_neck_spine7) {transformation: [-0.971f,-0.2363f,0.0371f,0.5004f,-0.0025f,0.1649f,0.9863f,0.5878f,-0.2392f,0.9576f,-0.1607f,-4.9792f,0f,0f,0f,1f],start_interpolation: 0,interpolation_duration: 1}
$data merge entity $(bone_tail6) {transformation: [-1.6642f,0.124f,0.4249f,0.8399f,0.313f,1.4982f,0.789f,-1.3733f,-0.3128f,0.8398f,-1.4704f,-7.9712f,0f,0f,0f,1f],start_interpolation: 0,interpolation_duration: 1}
$data merge entity $(bone_tail5) {transformation: [-1.3747f,0.1024f,0.351f,0.9046f,0.2586f,1.2377f,0.6518f,-0.5916f,-0.2584f,0.6937f,-1.2147f,-7.5331f,0f,0f,0f,1f],start_interpolation: 0,interpolation_duration: 1}
$data merge entity $(bone_tail4) {transformation: [-1.013f,0.0755f,0.2586f,0.9369f,0.1906f,0.912f,0.4803f,-0.2008f,-0.1904f,0.5112f,-0.8951f,-7.314f,0f,0f,0f,1f],start_interpolation: 0,interpolation_duration: 1}
$data merge entity $(bone_segment18) {transformation: [-0.9664f,0.0093f,0.2568f,0.9421f,0.1818f,0.7311f,0.6576f,0.2098f,-0.1817f,0.6822f,-0.7083f,-6.9309f,0f,0f,0f,1f],start_interpolation: 0,interpolation_duration: 1}
$data merge entity $(bone_segment17) {transformation: [-0.9847f,-0.1743f,0.0017f,0.8149f,-0.0082f,0.0559f,0.9984f,0.2506f,-0.1741f,0.9831f,-0.0565f,-6.2133f,0f,0f,0f,1f],start_interpolation: 0,interpolation_duration: 1}
$data merge entity $(bone_segment16) {transformation: [-0.9686f,-0.2475f,-0.0231f,0.5786f,-0.0015f,-0.0869f,0.9962f,0.1676f,-0.2486f,0.965f,0.0838f,-5.2921f,0f,0f,0f,1f],start_interpolation: 0,interpolation_duration: 1}
$data merge entity $(bone_segment15) {transformation: [-0.971f,-0.2379f,-0.0253f,0.2981f,-0.0025f,-0.096f,0.9954f,0.0544f,-0.2392f,0.9665f,0.0926f,-4.1524f,0f,0f,0f,1f],start_interpolation: 0,interpolation_duration: 1}
$data merge entity $(bone_segment14) {transformation: [-1.032f,-0.1739f,-0.0579f,0.1024f,-0.0184f,-0.2312f,1.0222f,-0.2058f,-0.1824f,1.0075f,0.2246f,-3.019f,0f,0f,0f,1f],start_interpolation: 0,interpolation_duration: 1}
$data merge entity $(bone_segment13) {transformation: [-1.0202f,-0.0788f,-0.0707f,0.0095f,-0.0441f,-0.3067f,0.9778f,-0.6019f,-0.0963f,0.9756f,0.3016f,-1.8522f,0f,0f,0f,1f],start_interpolation: 0,interpolation_duration: 1}
$data merge entity $(bone_segment12) {transformation: [-1.1149f,-0.0162f,-0.0354f,-0.0101f,-0.0371f,0.1313f,1.1072f,-0.4433f,-0.0119f,1.1077f,-0.1318f,-0.5141f,0f,0f,0f,1f],start_interpolation: 0,interpolation_duration: 1}
$data merge entity $(bone_segment11) {transformation: [-1.19f,0.0222f,-0.0228f,0.0098f,-0.0038f,0.7481f,0.926f,0.4213f,0.0316f,0.9257f,-0.7478f,0.5559f,0f,0f,0f,1f],start_interpolation: 0,interpolation_duration: 1}
$data merge entity $(bone_segment10) {transformation: [-1.0478f,0.0139f,-0.0261f,0.0233f,0f,0.9257f,0.4916f,1.369f,0.0296f,0.4914f,-0.9254f,1.0589f,0f,0f,0f,1f],start_interpolation: 0,interpolation_duration: 1}
data modify entity @s data merge value {"cameras":{},"locators":{"mouth":{"posx":0.10065436187230262,"posy":3.6309198130135325,"posz":3.795675011676881,"roty":178.3819660112501,"rotx":63.76011807138451}}}