# This file was generated by Animated Java via MC-Build. It is not recommended to edit this file directly.
$data merge entity $(bone_neck_spine5) {transformation: [-1.5716f,0.0107f,-0.0431f,0.1013f,0f,1.5262f,0.3779f,4.2716f,0.0444f,0.3777f,-1.5256f,-0.5265f,0f,0f,0f,1f],start_interpolation: 0,interpolation_duration: 1}
$data merge entity $(bone_neck_spine2) {transformation: [-1.4968f,0.0134f,-0.0401f,0.0453f,0f,1.4202f,0.4745f,5.3842f,0.0423f,0.4743f,-1.4197f,1.467f,0f,0f,0f,1f],start_interpolation: 0,interpolation_duration: 1}
$data merge entity $(bone_scale_neck_left1) {transformation: [-1.5851f,0.4443f,0.0557f,0.8221f,0.3833f,1.2403f,1.0139f,4.5396f,0.2316f,0.9886f,-1.2969f,1.1272f,0f,0f,0f,1f],start_interpolation: 0,interpolation_duration: 1}
$data merge entity $(bone_scale_neck_right1) {transformation: [-1.5956f,-0.3878f,-0.1288f,-0.7495f,-0.3833f,1.2403f,1.0139f,4.5396f,-0.1417f,1.0121f,-1.2917f,1.1716f,0f,0f,0f,1f],start_interpolation: 0,interpolation_duration: 1}
$data merge entity $(bone_blush_right1) {transformation: [-0.9996f,0.0136f,-0.0247f,-0.593f,0f,0.8754f,0.4834f,3.7244f,0.0282f,0.4832f,-0.8751f,2.3394f,0f,0f,0f,1f],start_interpolation: 0,interpolation_duration: 1}
$data merge entity $(bone_blush_left1) {transformation: [-0.9996f,0.0136f,-0.0247f,0.7317f,0f,0.8754f,0.4834f,3.7244f,0.0282f,0.4832f,-0.8751f,2.302f,0f,0f,0f,1f],start_interpolation: 0,interpolation_duration: 1}
$data merge entity $(bone_left_head_scales) {transformation: [-0.8752f,0.0136f,-0.4835f,0.7432f,-0.2232f,0.8754f,0.4288f,4.5535f,0.4291f,0.4832f,-0.7632f,2.3104f,0f,0f,0f,1f],start_interpolation: 0,interpolation_duration: 1}
$data merge entity $(bone_left_head_scales2) {transformation: [-0.8046f,0.0136f,-0.5936f,0.7351f,-0.2773f,0.8754f,0.396f,3.6855f,0.525f,0.4832f,-0.7006f,2.0237f,0f,0f,0f,1f],start_interpolation: 0,interpolation_duration: 1}
$data merge entity $(bone_left_head_scales1) {transformation: [-0.9996f,0.0136f,-0.0247f,0.7417f,0f,0.8754f,0.4834f,4.4551f,0.0282f,0.4832f,-0.8751f,2.2562f,0f,0f,0f,1f],start_interpolation: 0,interpolation_duration: 1}
$data merge entity $(bone_right_head_scales) {transformation: [-0.8981f,0.0136f,0.4396f,-0.6039f,0.2232f,0.8754f,0.4288f,4.5535f,-0.379f,0.4832f,-0.7892f,2.3485f,0f,0f,0f,1f],start_interpolation: 0,interpolation_duration: 1}
$data merge entity $(bone_right_head_scales2) {transformation: [-0.833f,0.0136f,0.5531f,-0.612f,0.2773f,0.8754f,0.396f,3.6855f,-0.4788f,0.4832f,-0.733f,2.0618f,0f,0f,0f,1f],start_interpolation: 0,interpolation_duration: 1}
$data merge entity $(bone_right_head_scales1) {transformation: [-0.9996f,0.0136f,-0.0247f,-0.6055f,0f,0.8754f,0.4834f,4.4551f,0.0282f,0.4832f,-0.8751f,2.2942f,0f,0f,0f,1f],start_interpolation: 0,interpolation_duration: 1}
$data merge entity $(bone_head_left_fin1) {transformation: [-0.7059f,0.0266f,-0.7744f,0.7338f,-0.1098f,1.0336f,0.1356f,4.1272f,0.767f,0.1724f,-0.6933f,1.979f,0f,0f,0f,1f],start_interpolation: 0,interpolation_duration: 1}
$data merge entity $(bone_head_right_fin1) {transformation: [-0.7481f,-0.0168f,0.734f,-0.6133f,0.1098f,1.0336f,0.1356f,4.1272f,-0.7259f,0.1736f,-0.7359f,2.017f,0f,0f,0f,1f],start_interpolation: 0,interpolation_duration: 1}
$data merge entity $(bone_right_whisker16) {transformation: [0.2556f,0.9107f,-0.3244f,-1.141f,0.958f,-0.2837f,-0.0418f,1.3898f,-0.1301f,-0.3001f,-0.945f,1.9994f,0f,0f,0f,1f],start_interpolation: 0,interpolation_duration: 1}
$data merge entity $(bone_right_whisker15) {transformation: [-0.8696f,0.3723f,-0.3244f,-0.848f,0.4063f,0.9128f,-0.0418f,1.2529f,0.2805f,-0.1681f,-0.945f,1.9049f,0f,0f,0f,1f],start_interpolation: 0,interpolation_duration: 1}
$data merge entity $(bone_right_whisker14) {transformation: [-0.7049f,-0.6308f,-0.3244f,-0.6105f,-0.6555f,0.754f,-0.0418f,1.4738f,0.2709f,0.1832f,-0.945f,1.8136f,0f,0f,0f,1f],start_interpolation: 0,interpolation_duration: 1}
$data merge entity $(bone_right_whisker13) {transformation: [-0.0983f,-0.9904f,-0.0974f,-0.5774f,-0.9841f,0.0822f,0.1573f,1.8053f,-0.1478f,0.1113f,-0.9827f,1.8634f,0f,0f,0f,1f],start_interpolation: 0,interpolation_duration: 1}
$data merge entity $(bone_right_whisker12) {transformation: [0.0567f,-0.9957f,-0.0738f,-0.6028f,-0.9269f,-0.0799f,0.3666f,2.2217f,-0.3709f,0.0476f,-0.9275f,2.03f,0f,0f,0f,1f],start_interpolation: 0,interpolation_duration: 1}
$data merge entity $(bone_right_whisker11) {transformation: [0.2899f,-0.9556f,-0.0534f,-0.7331f,-0.9534f,-0.2933f,0.0709f,2.65f,-0.0834f,0.0303f,-0.9961f,2.0675f,0f,0f,0f,1f],start_interpolation: 0,interpolation_duration: 1}
$data merge entity $(bone_right_whisker10) {transformation: [0.0755f,-0.9954f,0.0594f,-0.767f,-0.9815f,-0.0846f,-0.1715f,3.0909f,0.1757f,-0.0454f,-0.9834f,1.9885f,0f,0f,0f,1f],start_interpolation: 0,interpolation_duration: 1}
$data merge entity $(bone_right_whisker1) {transformation: [-0.3429f,-0.9389f,0.0289f,-0.6129f,-0.9349f,0.3441f,0.0866f,3.5109f,-0.0913f,0.0027f,-0.9958f,2.0295f,0f,0f,0f,1f],start_interpolation: 0,interpolation_duration: 1}
$data merge entity $(bone_left_whisker16) {transformation: [0.2625f,-0.9262f,0.2705f,1.2597f,-0.958f,-0.2837f,-0.0418f,1.3898f,0.1154f,-0.2482f,-0.9618f,1.9316f,0f,0f,0f,1f],start_interpolation: 0,interpolation_duration: 1}
$data merge entity $(bone_left_whisker15) {transformation: [-0.884f,-0.3812f,0.2705f,0.9618f,-0.4063f,0.9128f,-0.0418f,1.2529f,-0.231f,-0.1468f,-0.9618f,1.8538f,0f,0f,0f,1f],start_interpolation: 0,interpolation_duration: 1}
$data merge entity $(bone_left_whisker14) {transformation: [-0.7191f,0.6401f,0.2705f,0.7196f,0.6555f,0.754f,-0.0418f,1.4738f,-0.2307f,0.1473f,-0.9618f,1.7761f,0f,0f,0f,1f],start_interpolation: 0,interpolation_duration: 1}
$data merge entity $(bone_left_whisker13) {transformation: [-0.0898f,0.9951f,0.0418f,0.6893f,0.9841f,0.0822f,0.1573f,1.8053f,0.1531f,0.0552f,-0.9867f,1.8276f,0f,0f,0f,1f],start_interpolation: 0,interpolation_duration: 1}
$data merge entity $(bone_left_whisker12) {transformation: [0.0775f,0.9968f,0.0213f,0.7241f,0.9269f,-0.0799f,0.3666f,2.2217f,0.3671f,-0.0086f,-0.9301f,1.9925f,0f,0f,0f,1f],start_interpolation: 0,interpolation_duration: 1}
$data merge entity $(bone_left_whisker11) {transformation: [0.2942f,0.9557f,-0.003f,0.8563f,0.9534f,-0.2933f,0.0709f,2.65f,0.0669f,-0.0237f,-0.9975f,2.0226f,0f,0f,0f,1f],start_interpolation: 0,interpolation_duration: 1}
$data merge entity $(bone_left_whisker10) {transformation: [0.0654f,0.9912f,-0.1148f,0.8857f,0.9815f,-0.0846f,-0.1715f,3.0909f,-0.1797f,-0.1015f,-0.9785f,1.9418f,0f,0f,0f,1f],start_interpolation: 0,interpolation_duration: 1}
$data merge entity $(bone_left_whisker1) {transformation: [-0.3372f,0.9376f,-0.085f,0.7342f,0.9349f,0.3441f,0.0866f,3.5109f,0.1105f,-0.0503f,-0.9926f,1.9915f,0f,0f,0f,1f],start_interpolation: 0,interpolation_duration: 1}
$data merge entity $(bone_upper_left_tooth1) {transformation: [-0.9996f,0.0114f,-0.0258f,0.398f,0f,0.9142f,0.4052f,3.4434f,0.0282f,0.4051f,-0.9138f,3.017f,0f,0f,0f,1f],start_interpolation: 0,interpolation_duration: 1}
$data merge entity $(bone_upper_right_tooth1) {transformation: [-0.9996f,0.0114f,-0.0258f,-0.2755f,0f,0.9142f,0.4052f,3.4434f,0.0282f,0.4051f,-0.9138f,3.0361f,0f,0f,0f,1f],start_interpolation: 0,interpolation_duration: 1}
$data merge entity $(bone_top_lip1) {transformation: [-0.9996f,-0.0004f,-0.0282f,0.0907f,0f,0.9999f,-0.0149f,3.5564f,0.0282f,-0.0149f,-0.9995f,3.0758f,0f,0f,0f,1f],start_interpolation: 0,interpolation_duration: 1}
$data merge entity $(bone_muzzle1) {transformation: [-0.9996f,0.0114f,-0.0258f,0.0781f,0f,0.9142f,0.4052f,3.9379f,0.0282f,0.4051f,-0.9138f,2.6309f,0f,0f,0f,1f],start_interpolation: 0,interpolation_duration: 1}
$data merge entity $(bone_jaw_right_tooth1) {transformation: [-0.9996f,-0.0044f,-0.0279f,-0.276f,0f,0.9879f,-0.1548f,3.2841f,0.0282f,-0.1548f,-0.9875f,3.0207f,0f,0f,0f,1f],start_interpolation: 0,interpolation_duration: 1}
$data merge entity $(bone_jaw_left_tooth1) {transformation: [-0.9996f,-0.0044f,-0.0279f,0.4537f,0f,0.9879f,-0.1548f,3.2841f,0.0282f,-0.1548f,-0.9875f,3f,0f,0f,0f,1f],start_interpolation: 0,interpolation_duration: 1}
$data merge entity $(bone_tongue1) {transformation: [-0.9996f,0.0076f,-0.0272f,0.0669f,0f,0.9633f,0.2684f,3.4914f,0.0282f,0.2683f,-0.9629f,2.233f,0f,0f,0f,1f],start_interpolation: 0,interpolation_duration: 1}
$data merge entity $(bone_jaw_lips1) {transformation: [-0.9996f,0.0076f,-0.0272f,0.1465f,0f,0.9633f,0.2684f,3.1258f,0.0282f,0.2683f,-0.9629f,3.0619f,0f,0f,0f,1f],start_interpolation: 0,interpolation_duration: 1}
$data merge entity $(bone_jaw3) {transformation: [-0.9996f,0.0005f,-0.0282f,0.1211f,0f,0.9998f,0.0191f,3.0588f,0.0282f,0.0191f,-0.9994f,2.1624f,0f,0f,0f,1f],start_interpolation: 0,interpolation_duration: 1}
$data merge entity $(bone_jaw1) {transformation: [-0.9996f,0.0203f,-0.0196f,0.1035f,0f,0.6935f,0.7205f,3.706f,0.0282f,0.7202f,-0.6932f,1.5395f,0f,0f,0f,1f],start_interpolation: 0,interpolation_duration: 1}
$data merge entity $(bone_tear_right1) {transformation: [-0.9996f,0.0136f,-0.0247f,-0.529f,0f,0.8754f,0.4834f,4.0197f,0.0282f,0.4832f,-0.8751f,2.6162f,0f,0f,0f,1f],start_interpolation: 0,interpolation_duration: 1}
$data merge entity $(bone_right_pupil1) {transformation: [-0.9996f,0.0136f,-0.0247f,-0.3405f,0f,0.8754f,0.4834f,4.0854f,0.0282f,0.4832f,-0.8751f,2.7242f,0f,0f,0f,1f],start_interpolation: 0,interpolation_duration: 1}
$data merge entity $(bone_right_sad_pupil1) {transformation: [-0.9996f,0.0136f,-0.0247f,-0.3408f,0f,0.8754f,0.4834f,4.0908f,0.0282f,0.4832f,-0.8751f,2.7144f,0f,0f,0f,1f],start_interpolation: 0,interpolation_duration: 1}
$data merge entity $(bone_right_happy_pupil1) {transformation: [-0.9996f,0.0136f,-0.0247f,-0.3693f,0f,0.8754f,0.4834f,4.0663f,0.0282f,0.4832f,-0.8751f,2.7016f,0f,0f,0f,1f],start_interpolation: 0,interpolation_duration: 1}
$data merge entity $(bone_eyelid_right1) {transformation: [-0.9996f,0.0136f,-0.0247f,0.0767f,0f,0.8754f,0.4834f,4.3131f,0.0282f,0.4832f,-0.8751f,2.1837f,0f,0f,0f,1f],start_interpolation: 0,interpolation_duration: 1}
$data merge entity $(bone_eyelid_expressions_right5) {transformation: [-0.9996f,0.0136f,-0.0247f,-0.4684f,0f,0.8754f,0.4834f,4.1891f,0.0282f,0.4832f,-0.8751f,2.7723f,0f,0f,0f,1f],start_interpolation: 0,interpolation_duration: 1}
$data merge entity $(bone_eyelid_expressions_right7) {transformation: [-0.9996f,0.0136f,-0.0247f,-0.1316f,0f,0.8754f,0.4834f,4.1891f,0.0282f,0.4832f,-0.8751f,2.7628f,0f,0f,0f,1f],start_interpolation: 0,interpolation_duration: 1}
$data merge entity $(bone_eyelid_expressions_right6) {transformation: [-0.9996f,0.0136f,-0.0247f,-0.2439f,0f,0.8754f,0.4834f,4.1891f,0.0282f,0.4832f,-0.8751f,2.7659f,0f,0f,0f,1f],start_interpolation: 0,interpolation_duration: 1}
$data merge entity $(bone_right_eye1) {transformation: [-0.9996f,0.0136f,-0.0247f,0.0658f,0f,0.8754f,0.4834f,4.3077f,0.0282f,0.4832f,-0.8751f,2.1938f,0f,0f,0f,1f],start_interpolation: 0,interpolation_duration: 1}
$data merge entity $(bone_tear_left1) {transformation: [-0.9996f,0.0136f,-0.0247f,0.6834f,0f,0.8754f,0.4834f,4.0197f,0.0282f,0.4832f,-0.8751f,2.5819f,0f,0f,0f,1f],start_interpolation: 0,interpolation_duration: 1}
$data merge entity $(bone_left_sad_pupil1) {transformation: [-0.9996f,0.0136f,-0.0247f,0.5011f,0f,0.8754f,0.4834f,4.0908f,0.0282f,0.4832f,-0.8751f,2.6906f,0f,0f,0f,1f],start_interpolation: 0,interpolation_duration: 1}
$data merge entity $(bone_left_pupil1) {transformation: [-0.9996f,0.0136f,-0.0247f,0.5014f,0f,0.8754f,0.4834f,4.0854f,0.0282f,0.4832f,-0.8751f,2.7004f,0f,0f,0f,1f],start_interpolation: 0,interpolation_duration: 1}
$data merge entity $(bone_eyelid_left1) {transformation: [-0.9996f,0.0136f,-0.0247f,0.0543f,0f,0.8754f,0.4834f,4.3131f,0.0282f,0.4832f,-0.8751f,2.1843f,0f,0f,0f,1f],start_interpolation: 0,interpolation_duration: 1}
$data merge entity $(bone_left_happy_pupil1) {transformation: [-0.9996f,0.0136f,-0.0247f,0.5288f,0f,0.8754f,0.4834f,4.0663f,0.0282f,0.4832f,-0.8751f,2.6762f,0f,0f,0f,1f],start_interpolation: 0,interpolation_duration: 1}
$data merge entity $(bone_eyelid_expressions_left5) {transformation: [-0.9996f,0.0136f,-0.0247f,0.6318f,0f,0.8754f,0.4834f,4.1891f,0.0282f,0.4832f,-0.8751f,2.7412f,0f,0f,0f,1f],start_interpolation: 0,interpolation_duration: 1}
$data merge entity $(bone_eyelid_expressions_left7) {transformation: [-0.9996f,0.0136f,-0.0247f,0.295f,0f,0.8754f,0.4834f,4.1891f,0.0282f,0.4832f,-0.8751f,2.7507f,0f,0f,0f,1f],start_interpolation: 0,interpolation_duration: 1}
$data merge entity $(bone_eyelid_expressions_left6) {transformation: [-0.9996f,0.0136f,-0.0247f,0.4073f,0f,0.8754f,0.4834f,4.1891f,0.0282f,0.4832f,-0.8751f,2.7475f,0f,0f,0f,1f],start_interpolation: 0,interpolation_duration: 1}
$data merge entity $(bone_left_eye1) {transformation: [-0.9996f,0.0136f,-0.0247f,0.0658f,0f,0.8754f,0.4834f,4.3077f,0.0282f,0.4832f,-0.8751f,2.1938f,0f,0f,0f,1f],start_interpolation: 0,interpolation_duration: 1}
$data merge entity $(bone_crest_middle5) {transformation: [-0.9996f,0.008f,-0.0271f,0.0965f,0f,0.9593f,0.2824f,5.2903f,0.0282f,0.2823f,-0.9589f,3.2805f,0f,0f,0f,1f],start_interpolation: 0,interpolation_duration: 1}
$data merge entity $(bone_crest_middle4) {transformation: [-0.9996f,0.008f,-0.0271f,0.0911f,0f,0.9593f,0.2824f,4.6439f,0.0282f,0.2823f,-0.9589f,3.0903f,0f,0f,0f,1f],start_interpolation: 0,interpolation_duration: 1}
$data merge entity $(bone_crest_middle1) {transformation: [-0.9996f,0.008f,-0.0271f,0.0894f,0f,0.9593f,0.2824f,4.1353f,0.0282f,0.2823f,-0.9589f,3.0284f,0f,0f,0f,1f],start_interpolation: 0,interpolation_duration: 1}
$data merge entity $(bone_crest_left5) {transformation: [-0.5486f,-0.8318f,0.0846f,-1.0139f,-0.7383f,0.5294f,0.4178f,4.6811f,-0.3923f,0.1668f,-0.9046f,3.0883f,0f,0f,0f,1f],start_interpolation: 0,interpolation_duration: 1}
$data merge entity $(bone_crest_left4) {transformation: [-0.5486f,-0.8318f,0.0846f,-0.5468f,-0.7383f,0.5294f,0.4178f,4.3838f,-0.3923f,0.1668f,-0.9046f,2.9947f,0f,0f,0f,1f],start_interpolation: 0,interpolation_duration: 1}
$data merge entity $(bone_crest_left1) {transformation: [-0.5486f,-0.8318f,0.0846f,-0.0283f,-0.7383f,0.5294f,0.4178f,4.0803f,-0.3923f,0.1668f,-0.9046f,2.8409f,0f,0f,0f,1f],start_interpolation: 0,interpolation_duration: 1}
$data merge entity $(bone_crest_center1) {transformation: [-0.9996f,0.0136f,-0.0247f,0.0836f,0f,0.8754f,0.4834f,4.0557f,0.0282f,0.4832f,-0.8751f,2.8241f,0f,0f,0f,1f],start_interpolation: 0,interpolation_duration: 1}
$data merge entity $(bone_crest_right5) {transformation: [-0.5256f,0.8399f,-0.1355f,1.1942f,0.7383f,0.5294f,0.4178f,4.6811f,0.4227f,0.1196f,-0.8984f,3.026f,0f,0f,0f,1f],start_interpolation: 0,interpolation_duration: 1}
$data merge entity $(bone_crest_right4) {transformation: [-0.5256f,0.8399f,-0.1355f,0.7226f,0.7383f,0.5294f,0.4178f,4.3838f,0.4227f,0.1196f,-0.8984f,2.9588f,0f,0f,0f,1f],start_interpolation: 0,interpolation_duration: 1}
$data merge entity $(bone_crest_right1) {transformation: [-0.5256f,0.8399f,-0.1355f,0.1962f,0.7383f,0.5294f,0.4178f,4.0803f,0.4227f,0.1196f,-0.8984f,2.8345f,0f,0f,0f,1f],start_interpolation: 0,interpolation_duration: 1}
$data merge entity $(bone_head1) {transformation: [-1.0478f,0.0143f,-0.0259f,0.0498f,0f,0.9176f,0.5067f,4.5571f,0.0296f,0.5065f,-0.9172f,1.6262f,0f,0f,0f,1f],start_interpolation: 0,interpolation_duration: 1}
$data merge entity $(bone_neck10) {transformation: [-1.4968f,0.0185f,-0.038f,0.0171f,0f,1.3462f,0.6558f,4.6205f,0.0423f,0.6555f,-1.3456f,0.4707f,0f,0f,0f,1f],start_interpolation: 0,interpolation_duration: 1}
$data merge entity $(bone_neck9) {transformation: [-1.1451f,0.0156f,-0.0283f,-0.0014f,0f,1.0028f,0.5537f,3.3153f,0.0323f,0.5535f,-1.0024f,-0.1855f,0f,0f,0f,1f],start_interpolation: 0,interpolation_duration: 1}
$data merge entity $(bone_neck8) {transformation: [-1.0627f,-0.0071f,-0.0292f,0.0048f,0f,1.0334f,-0.2499f,2.5521f,0.03f,-0.2498f,-1.033f,0.0333f,0f,0f,0f,1f],start_interpolation: 0,interpolation_duration: 1}
$data merge entity $(bone_neck7) {transformation: [-1.0552f,-0.0146f,-0.026f,0.0185f,0f,0.9209f,-0.5161f,1.7298f,0.0298f,-0.5159f,-0.9205f,0.5196f,0f,0f,0f,1f],start_interpolation: 0,interpolation_duration: 1}
$data merge entity $(bone_neck6) {transformation: [-1.0493f,-0.009f,-0.0282f,0.0262f,0f,1.0003f,-0.3182f,0.8432f,0.0296f,-0.3181f,-0.9999f,0.7922f,0f,0f,0f,1f],start_interpolation: 0,interpolation_duration: 1}
$data merge entity $(bone_neck_spine6) {transformation: [-1.2724f,-0.0032f,0.0327f,-0.1193f,0.0328f,-0.1817f,1.2593f,0.061f,0.0015f,1.2597f,0.1818f,-1.72f,0f,0f,0f,1f],start_interpolation: 0,interpolation_duration: 1}
$data merge entity $(bone_neck_spine7) {transformation: [-0.9781f,-0.1831f,0.0985f,0.181f,0.0801f,0.1053f,0.9912f,0.6642f,-0.1919f,0.9774f,-0.0883f,-5.2764f,0f,0f,0f,1f],start_interpolation: 0,interpolation_duration: 1}
$data merge entity $(bone_tail6) {transformation: [-1.4668f,-0.8564f,0.2832f,1.83f,-0.301f,0.9744f,1.3875f,-0.2914f,-0.8503f,1.1324f,-0.9797f,-8.4481f,0f,0f,0f,1f],start_interpolation: 0,interpolation_duration: 1}
$data merge entity $(bone_tail5) {transformation: [-1.2117f,-0.7075f,0.234f,1.3832f,-0.2487f,0.8049f,1.1462f,0.217f,-0.7025f,0.9355f,-0.8093f,-7.8573f,0f,0f,0f,1f],start_interpolation: 0,interpolation_duration: 1}
$data merge entity $(bone_tail4) {transformation: [-0.8929f,-0.5213f,0.1724f,1.1598f,-0.1832f,0.5931f,0.8446f,0.4712f,-0.5176f,0.6893f,-0.5964f,-7.5618f,0f,0f,0f,1f],start_interpolation: 0,interpolation_duration: 1}
$data merge entity $(bone_segment18) {transformation: [-0.8518f,-0.523f,0.0302f,0.8661f,-0.1748f,0.3381f,0.9247f,0.6611f,-0.4938f,0.7824f,-0.3795f,-7.1225f,0f,0f,0f,1f],start_interpolation: 0,interpolation_duration: 1}
$data merge entity $(bone_segment17) {transformation: [-0.8924f,-0.4511f,0.0098f,0.5368f,0.129f,-0.2343f,0.9636f,0.4901f,-0.4324f,0.8612f,0.2672f,-6.4939f,0f,0f,0f,1f],start_interpolation: 0,interpolation_duration: 1}
$data merge entity $(bone_segment16) {transformation: [-0.9418f,-0.3357f,0.016f,0.2164f,0.1003f,-0.2354f,0.9667f,0.2653f,-0.3207f,0.9121f,0.2554f,-5.6232f,0f,0f,0f,1f],start_interpolation: 0,interpolation_duration: 1}
$data merge entity $(bone_segment15) {transformation: [-0.9781f,-0.2024f,0.0477f,-0.0223f,0.0801f,-0.1549f,0.9847f,0.0827f,-0.1919f,0.967f,0.1677f,-4.4829f,0f,0f,0f,1f],start_interpolation: 0,interpolation_duration: 1}
$data merge entity $(bone_segment14) {transformation: [-1.0435f,-0.0939f,0.0327f,-0.1279f,0.0546f,-0.2537f,1.0155f,-0.2027f,-0.0831f,1.0127f,0.2574f,-3.3437f,0f,0f,0f,1f],start_interpolation: 0,interpolation_duration: 1}
$data merge entity $(bone_segment13) {transformation: [-1.0254f,-0.0071f,0.0255f,-0.1372f,0.0264f,-0.3205f,0.974f,-0.6153f,0.0012f,0.9743f,0.3205f,-2.179f,0f,0f,0f,1f],start_interpolation: 0,interpolation_duration: 1}
$data merge entity $(bone_segment12) {transformation: [-1.1137f,0.0582f,0.0285f,-0.0668f,0.0336f,0.0984f,1.1107f,-0.4964f,0.0555f,1.1097f,-0.1f,-0.8384f,0f,0f,0f,1f],start_interpolation: 0,interpolation_duration: 1}
$data merge entity $(bone_segment11) {transformation: [-1.1888f,0.0625f,-0.0051f,0.006f,0.0321f,0.6896f,0.9698f,0.3005f,0.0539f,0.9683f,-0.6903f,0.2806f,0f,0f,0f,1f],start_interpolation: 0,interpolation_duration: 1}
$data merge entity $(bone_segment10) {transformation: [-1.0478f,0.0158f,-0.025f,0.028f,0f,0.8855f,0.5609f,1.207f,0.0296f,0.5607f,-0.8851f,0.8544f,0f,0f,0f,1f],start_interpolation: 0,interpolation_duration: 1}
data modify entity @s data merge value {"cameras":{},"locators":{"mouth":{"posx":0.10945991805142763,"posy":3.2663505235405714,"posz":3.739559759712585,"roty":178.3819660112501,"rotx":61.09398389486525}}}