# This file was generated by Animated Java via MC-Build. It is not recommended to edit this file directly.
$data merge entity $(bone_neck_spine5) {transformation: [-1.5713f,-0.017f,0.0514f,0.1257f,0f,1.4926f,0.4941f,4.4194f,-0.0542f,0.4939f,-1.4917f,-0.2981f,0f,0f,0f,1f],start_interpolation: 0,interpolation_duration: 1}
$data merge entity $(bone_neck_spine2) {transformation: [-1.4965f,-0.0147f,0.0495f,-0.0551f,0f,1.4355f,0.4259f,5.4879f,-0.0516f,0.4257f,-1.4347f,1.6853f,0f,0f,0f,1f],start_interpolation: 0,interpolation_duration: 1}
$data merge entity $(bone_scale_neck_left1) {transformation: [-1.596f,0.3829f,0.138f,0.7405f,0.3894f,1.2736f,0.9693f,4.633f,0.1186f,0.9718f,-1.3246f,1.4237f,0f,0f,0f,1f],start_interpolation: 0,interpolation_duration: 1}
$data merge entity $(bone_scale_neck_right1) {transformation: [-1.5841f,-0.449f,-0.0464f,-0.8308f,-0.3894f,1.2736f,0.9693f,4.633f,-0.2283f,0.9431f,-1.331f,1.3695f,0f,0f,0f,1f],start_interpolation: 0,interpolation_duration: 1}
$data merge entity $(bone_blush_right1) {transformation: [-0.9994f,-0.0189f,0.0288f,-0.7454f,0f,0.8356f,0.5493f,3.783f,-0.0345f,0.549f,-0.8351f,2.4779f,0f,0f,0f,1f],start_interpolation: 0,interpolation_duration: 1}
$data merge entity $(bone_blush_left1) {transformation: [-0.9994f,-0.0189f,0.0288f,0.579f,0f,0.8356f,0.5493f,3.783f,-0.0345f,0.549f,-0.8351f,2.5236f,0f,0f,0f,1f],start_interpolation: 0,interpolation_duration: 1}
$data merge entity $(bone_left_head_scales) {transformation: [-0.8998f,-0.0189f,-0.4359f,0.5877f,-0.2536f,0.8356f,0.4872f,4.6089f,0.355f,0.549f,-0.7567f,2.5964f,0f,0f,0f,1f],start_interpolation: 0,interpolation_duration: 1}
$data merge entity $(bone_left_head_scales2) {transformation: [-0.8352f,-0.0189f,-0.5496f,0.5999f,-0.3151f,0.8356f,0.4499f,3.7656f,0.4508f,0.549f,-0.7039f,2.2439f,0f,0f,0f,1f],start_interpolation: 0,interpolation_duration: 1}
$data merge entity $(bone_left_head_scales1) {transformation: [-0.9994f,-0.0189f,0.0288f,0.5899f,0f,0.8356f,0.5493f,4.5151f,-0.0345f,0.549f,-0.8351f,2.5348f,0f,0f,0f,1f],start_interpolation: 0,interpolation_duration: 1}
$data merge entity $(bone_right_head_scales) {transformation: [-0.8732f,-0.0189f,0.487f,-0.7591f,0.2536f,0.8356f,0.4872f,4.6089f,-0.4162f,0.549f,-0.7249f,2.55f,0f,0f,0f,1f],start_interpolation: 0,interpolation_duration: 1}
$data merge entity $(bone_right_head_scales2) {transformation: [-0.8021f,-0.0189f,0.5968f,-0.747f,0.3151f,0.8356f,0.4499f,3.7656f,-0.5073f,0.549f,-0.6643f,2.1975f,0f,0f,0f,1f],start_interpolation: 0,interpolation_duration: 1}
$data merge entity $(bone_right_head_scales1) {transformation: [-0.9994f,-0.0189f,0.0288f,-0.757f,0f,0.8356f,0.5493f,4.5151f,-0.0345f,0.549f,-0.8351f,2.4883f,0f,0f,0f,1f],start_interpolation: 0,interpolation_duration: 1}
$data merge entity $(bone_head_left_fin1) {transformation: [-0.7522f,0.013f,-0.7298f,0.6003f,-0.1669f,1.0172f,0.1902f,4.2094f,0.7106f,0.2527f,-0.7279f,2.2332f,0f,0f,0f,1f],start_interpolation: 0,interpolation_duration: 1}
$data merge entity $(bone_head_right_fin1) {transformation: [-0.7015f,-0.0304f,0.7782f,-0.7466f,0.1669f,1.0172f,0.1902f,4.2094f,-0.7607f,0.2512f,-0.6759f,2.1868f,0f,0f,0f,1f],start_interpolation: 0,interpolation_duration: 1}
$data merge entity $(bone_right_whisker16) {transformation: [0.2607f,0.9285f,-0.2645f,-1.2649f,0.9646f,-0.2618f,0.0317f,1.4826f,-0.0398f,-0.2634f,-0.9639f,1.9258f,0f,0f,0f,1f],start_interpolation: 0,interpolation_duration: 1}
$data merge entity $(bone_right_whisker15) {transformation: [-0.8865f,0.3797f,-0.2645f,-0.9662f,0.3855f,0.9222f,0.0317f,1.3528f,0.256f,-0.0738f,-0.9639f,1.8396f,0f,0f,0f,1f],start_interpolation: 0,interpolation_duration: 1}
$data merge entity $(bone_right_whisker14) {transformation: [-0.7187f,-0.643f,-0.2645f,-0.7241f,-0.6729f,0.7391f,0.0317f,1.5795f,0.1751f,0.2008f,-0.9639f,1.7806f,0f,0f,0f,1f],start_interpolation: 0,interpolation_duration: 1}
$data merge entity $(bone_right_whisker13) {transformation: [-0.0863f,-0.9956f,-0.0361f,-0.695f,-0.9696f,0.0756f,0.2326f,1.9062f,-0.2289f,0.0551f,-0.9719f,1.8577f,0f,0f,0f,1f],start_interpolation: 0,interpolation_duration: 1}
$data merge entity $(bone_right_whisker12) {transformation: [0.0822f,-0.9965f,-0.0166f,-0.7319f,-0.8958f,-0.0812f,0.437f,2.3086f,-0.4368f,-0.0211f,-0.8993f,2.0539f,0f,0f,0f,1f],start_interpolation: 0,interpolation_duration: 1}
$data merge entity $(bone_right_whisker11) {transformation: [0.2971f,-0.9548f,0.0089f,-0.8654f,-0.9448f,-0.2926f,0.1474f,2.733f,-0.1381f,-0.0522f,-0.989f,2.1159f,0f,0f,0f,1f],start_interpolation: 0,interpolation_duration: 1}
$data merge entity $(bone_right_whisker10) {transformation: [0.0669f,-0.9904f,0.1213f,-0.8955f,-0.9923f,-0.0787f,-0.0955f,3.1788f,0.1041f,-0.114f,-0.988f,2.0692f,0f,0f,0f,1f],start_interpolation: 0,interpolation_duration: 1}
$data merge entity $(bone_right_whisker1) {transformation: [-0.3341f,-0.9382f,0.0909f,-0.7454f,-0.9244f,0.3449f,0.1629f,3.594f,-0.1841f,-0.0296f,-0.9825f,2.1519f,0f,0f,0f,1f],start_interpolation: 0,interpolation_duration: 1}
$data merge entity $(bone_left_whisker16) {transformation: [0.2573f,-0.9081f,0.3303f,1.1353f,-0.9646f,-0.2618f,0.0317f,1.4826f,0.0576f,-0.3268f,-0.9433f,2.0086f,0f,0f,0f,1f],start_interpolation: 0,interpolation_duration: 1}
$data merge entity $(bone_left_whisker15) {transformation: [-0.8668f,-0.3737f,0.3303f,0.8433f,-0.3855f,0.9222f,0.0317f,1.3528f,-0.3164f,-0.0998f,-0.9433f,1.902f,0f,0f,0f,1f],start_interpolation: 0,interpolation_duration: 1}
$data merge entity $(bone_left_whisker14) {transformation: [-0.705f,0.6276f,0.3303f,0.6058f,0.6729f,0.7391f,0.0317f,1.5795f,-0.2242f,0.2446f,-0.9433f,1.8264f,0f,0f,0f,1f],start_interpolation: 0,interpolation_duration: 1}
$data merge entity $(bone_left_whisker13) {transformation: [-0.1018f,0.9895f,0.103f,0.5714f,0.9696f,0.0756f,0.2326f,1.9062f,0.2224f,0.1236f,-0.9671f,1.9014f,0f,0f,0f,1f],start_interpolation: 0,interpolation_duration: 1}
$data merge entity $(bone_left_whisker12) {transformation: [0.0519f,0.9956f,0.0785f,0.5948f,0.8958f,-0.0812f,0.437f,2.3086f,0.4414f,0.0476f,-0.896f,2.0996f,0f,0f,0f,1f],start_interpolation: 0,interpolation_duration: 1}
$data merge entity $(bone_left_whisker11) {transformation: [0.2869f,0.9561f,0.0593f,0.7237f,0.9448f,-0.2926f,0.1474f,2.733f,0.1582f,0.0137f,-0.9873f,2.1707f,0f,0f,0f,1f],start_interpolation: 0,interpolation_duration: 1}
$data merge entity $(bone_left_whisker10) {transformation: [0.0739f,0.9959f,-0.0529f,0.7569f,0.9923f,-0.0787f,-0.0955f,3.1788f,-0.0993f,-0.0455f,-0.994f,2.1261f,0f,0f,0f,1f],start_interpolation: 0,interpolation_duration: 1}
$data merge entity $(bone_left_whisker1) {transformation: [-0.346f,0.938f,-0.023f,0.6015f,0.9244f,0.3449f,0.1629f,3.594f,0.1607f,0.0351f,-0.9864f,2.1983f,0f,0f,0f,1f],start_interpolation: 0,interpolation_duration: 1}
$data merge entity $(bone_upper_left_tooth1) {transformation: [-0.9994f,-0.0164f,0.0303f,0.202f,0f,0.8803f,0.4744f,3.4486f,-0.0345f,0.4741f,-0.8798f,3.1926f,0f,0f,0f,1f],start_interpolation: 0,interpolation_duration: 1}
$data merge entity $(bone_upper_right_tooth1) {transformation: [-0.9994f,-0.0164f,0.0303f,-0.4715f,0f,0.8803f,0.4744f,3.4486f,-0.0345f,0.4741f,-0.8798f,3.1694f,0f,0f,0f,1f],start_interpolation: 0,interpolation_duration: 1}
$data merge entity $(bone_top_lip1) {transformation: [-0.9994f,0.0002f,0.0345f,-0.1087f,0f,1f,-0.0045f,3.5574f,-0.0345f,-0.0045f,-0.9994f,3.2405f,0f,0f,0f,1f],start_interpolation: 0,interpolation_duration: 1}
$data merge entity $(bone_muzzle1) {transformation: [-0.9994f,-0.0164f,0.0303f,-0.0944f,0f,0.8803f,0.4744f,3.972f,-0.0345f,0.4741f,-0.8798f,2.8264f,0f,0f,0f,1f],start_interpolation: 0,interpolation_duration: 1}
$data merge entity $(bone_jaw_right_tooth1) {transformation: [-0.9994f,0.0036f,0.0343f,-0.471f,0f,0.9944f,-0.1057f,3.3305f,-0.0345f,-0.1057f,-0.9938f,3.1559f,0f,0f,0f,1f],start_interpolation: 0,interpolation_duration: 1}
$data merge entity $(bone_jaw_left_tooth1) {transformation: [-0.9994f,0.0036f,0.0343f,0.2585f,0f,0.9944f,-0.1057f,3.3305f,-0.0345f,-0.1057f,-0.9938f,3.1811f,0f,0f,0f,1f],start_interpolation: 0,interpolation_duration: 1}
$data merge entity $(bone_tongue1) {transformation: [-0.9994f,-0.0094f,0.0332f,-0.0792f,0f,0.9623f,0.272f,3.5385f,-0.0345f,0.2718f,-0.9617f,2.3847f,0f,0f,0f,1f],start_interpolation: 0,interpolation_duration: 1}
$data merge entity $(bone_jaw_lips1) {transformation: [-0.9994f,-0.0094f,0.0332f,-0.0517f,0f,0.9623f,0.272f,3.1698f,-0.0345f,0.2718f,-0.9617f,3.2156f,0f,0f,0f,1f],start_interpolation: 0,interpolation_duration: 1}
$data merge entity $(bone_jaw3) {transformation: [-0.9994f,-0.0024f,0.0344f,-0.0206f,0f,0.9976f,0.0685f,3.1473f,-0.0345f,0.0685f,-0.9971f,2.3141f,0f,0f,0f,1f],start_interpolation: 0,interpolation_duration: 1}
$data merge entity $(bone_jaw1) {transformation: [-0.9994f,-0.026f,0.0226f,-0.0002f,0f,0.657f,0.7539f,3.8247f,-0.0345f,0.7535f,-0.6566f,1.7242f,0f,0f,0f,1f],start_interpolation: 0,interpolation_duration: 1}
$data merge entity $(bone_tear_right1) {transformation: [-0.9994f,-0.0189f,0.0288f,-0.6996f,0f,0.8356f,0.5493f,4.056f,-0.0345f,0.549f,-0.8351f,2.78f,0f,0f,0f,1f],start_interpolation: 0,interpolation_duration: 1}
$data merge entity $(bone_right_pupil1) {transformation: [-0.9994f,-0.0189f,0.0288f,-0.5185f,0f,0.8356f,0.5493f,4.1128f,-0.0345f,0.549f,-0.8351f,2.9043f,0f,0f,0f,1f],start_interpolation: 0,interpolation_duration: 1}
$data merge entity $(bone_right_sad_pupil1) {transformation: [-0.9994f,-0.0189f,0.0288f,-0.5182f,0f,0.8356f,0.5493f,4.119f,-0.0345f,0.549f,-0.8351f,2.895f,0f,0f,0f,1f],start_interpolation: 0,interpolation_duration: 1}
$data merge entity $(bone_right_happy_pupil1) {transformation: [-0.9994f,-0.0189f,0.0288f,-0.5457f,0f,0.8356f,0.5493f,4.0955f,-0.0345f,0.549f,-0.8351f,2.8786f,0f,0f,0f,1f],start_interpolation: 0,interpolation_duration: 1}
$data merge entity $(bone_eyelid_right1) {transformation: [-0.9994f,-0.0189f,0.0288f,-0.0688f,0f,0.8356f,0.5493f,4.3805f,-0.0345f,0.549f,-0.8351f,2.4101f,0f,0f,0f,1f],start_interpolation: 0,interpolation_duration: 1}
$data merge entity $(bone_eyelid_expressions_right5) {transformation: [-0.9994f,-0.0189f,0.0288f,-0.6494f,0f,0.8356f,0.5493f,4.2128f,-0.0345f,0.549f,-0.8351f,2.9522f,0f,0f,0f,1f],start_interpolation: 0,interpolation_duration: 1}
$data merge entity $(bone_eyelid_expressions_right7) {transformation: [-0.9994f,-0.0189f,0.0288f,-0.3127f,0f,0.8356f,0.5493f,4.2128f,-0.0345f,0.549f,-0.8351f,2.9638f,0f,0f,0f,1f],start_interpolation: 0,interpolation_duration: 1}
$data merge entity $(bone_eyelid_expressions_right6) {transformation: [-0.9994f,-0.0189f,0.0288f,-0.4249f,0f,0.8356f,0.5493f,4.2128f,-0.0345f,0.549f,-0.8351f,2.9599f,0f,0f,0f,1f],start_interpolation: 0,interpolation_duration: 1}
$data merge entity $(bone_right_eye1) {transformation: [-0.9994f,-0.0189f,0.0288f,-0.0804f,0f,0.8356f,0.5493f,4.3743f,-0.0345f,0.549f,-0.8351f,2.4191f,0f,0f,0f,1f],start_interpolation: 0,interpolation_duration: 1}
$data merge entity $(bone_tear_left1) {transformation: [-0.9994f,-0.0189f,0.0288f,0.5125f,0f,0.8356f,0.5493f,4.056f,-0.0345f,0.549f,-0.8351f,2.8218f,0f,0f,0f,1f],start_interpolation: 0,interpolation_duration: 1}
$data merge entity $(bone_left_sad_pupil1) {transformation: [-0.9994f,-0.0189f,0.0288f,0.3236f,0f,0.8356f,0.5493f,4.119f,-0.0345f,0.549f,-0.8351f,2.924f,0f,0f,0f,1f],start_interpolation: 0,interpolation_duration: 1}
$data merge entity $(bone_left_pupil1) {transformation: [-0.9994f,-0.0189f,0.0288f,0.3233f,0f,0.8356f,0.5493f,4.1128f,-0.0345f,0.549f,-0.8351f,2.9334f,0f,0f,0f,1f],start_interpolation: 0,interpolation_duration: 1}
$data merge entity $(bone_eyelid_left1) {transformation: [-0.9994f,-0.0189f,0.0288f,-0.0913f,0f,0.8356f,0.5493f,4.3805f,-0.0345f,0.549f,-0.8351f,2.4093f,0f,0f,0f,1f],start_interpolation: 0,interpolation_duration: 1}
$data merge entity $(bone_left_happy_pupil1) {transformation: [-0.9994f,-0.0189f,0.0288f,0.3522f,0f,0.8356f,0.5493f,4.0955f,-0.0345f,0.549f,-0.8351f,2.9095f,0f,0f,0f,1f],start_interpolation: 0,interpolation_duration: 1}
$data merge entity $(bone_eyelid_expressions_left5) {transformation: [-0.9994f,-0.0189f,0.0288f,0.4505f,0f,0.8356f,0.5493f,4.2128f,-0.0345f,0.549f,-0.8351f,2.9901f,0f,0f,0f,1f],start_interpolation: 0,interpolation_duration: 1}
$data merge entity $(bone_eyelid_expressions_left7) {transformation: [-0.9994f,-0.0189f,0.0288f,0.1138f,0f,0.8356f,0.5493f,4.2128f,-0.0345f,0.549f,-0.8351f,2.9785f,0f,0f,0f,1f],start_interpolation: 0,interpolation_duration: 1}
$data merge entity $(bone_eyelid_expressions_left6) {transformation: [-0.9994f,-0.0189f,0.0288f,0.2261f,0f,0.8356f,0.5493f,4.2128f,-0.0345f,0.549f,-0.8351f,2.9823f,0f,0f,0f,1f],start_interpolation: 0,interpolation_duration: 1}
$data merge entity $(bone_left_eye1) {transformation: [-0.9994f,-0.0189f,0.0288f,-0.0804f,0f,0.8356f,0.5493f,4.3743f,-0.0345f,0.549f,-0.8351f,2.4191f,0f,0f,0f,1f],start_interpolation: 0,interpolation_duration: 1}
$data merge entity $(bone_crest_middle5) {transformation: [-0.9994f,-0.0123f,0.0322f,-0.1204f,0f,0.9347f,0.3554f,5.2704f,-0.0345f,0.3552f,-0.9342f,3.5779f,0f,0f,0f,1f],start_interpolation: 0,interpolation_duration: 1}
$data merge entity $(bone_crest_middle4) {transformation: [-0.9994f,-0.0123f,0.0322f,-0.1121f,0f,0.9347f,0.3554f,4.6405f,-0.0345f,0.3552f,-0.9342f,3.3386f,0f,0f,0f,1f],start_interpolation: 0,interpolation_duration: 1}
$data merge entity $(bone_crest_middle1) {transformation: [-0.9994f,-0.0123f,0.0322f,-0.1086f,0f,0.9347f,0.3554f,4.1382f,-0.0345f,0.3552f,-0.9342f,3.2378f,0f,0f,0f,1f],start_interpolation: 0,interpolation_duration: 1}
$data merge entity $(bone_crest_left5) {transformation: [-0.521f,-0.842f,0.1399f,-1.2149f,-0.7048f,0.5168f,0.486f,4.6802f,-0.4815f,0.1546f,-0.8627f,3.2703f,0f,0f,0f,1f],start_interpolation: 0,interpolation_duration: 1}
$data merge entity $(bone_crest_left4) {transformation: [-0.521f,-0.842f,0.1399f,-0.7421f,-0.7048f,0.5168f,0.486f,4.39f,-0.4815f,0.1546f,-0.8627f,3.1835f,0f,0f,0f,1f],start_interpolation: 0,interpolation_duration: 1}
$data merge entity $(bone_crest_left1) {transformation: [-0.521f,-0.842f,0.1399f,-0.2142f,-0.7048f,0.5168f,0.486f,4.098f,-0.4815f,0.1546f,-0.8627f,3.0396f,0f,0f,0f,1f],start_interpolation: 0,interpolation_duration: 1}
$data merge entity $(bone_crest_center1) {transformation: [-0.9994f,-0.0189f,0.0288f,-0.1014f,0f,0.8356f,0.5493f,4.0746f,-0.0345f,0.549f,-0.8351f,3.0281f,0f,0f,0f,1f],start_interpolation: 0,interpolation_duration: 1}
$data merge entity $(bone_crest_right5) {transformation: [-0.5529f,0.8294f,-0.0801f,0.9928f,0.7048f,0.5168f,0.486f,4.6802f,0.4445f,0.2122f,-0.8703f,3.3465f,0f,0f,0f,1f],start_interpolation: 0,interpolation_duration: 1}
$data merge entity $(bone_crest_right4) {transformation: [-0.5529f,0.8294f,-0.0801f,0.5271f,0.7048f,0.5168f,0.486f,4.39f,0.4445f,0.2122f,-0.8703f,3.2273f,0f,0f,0f,1f],start_interpolation: 0,interpolation_duration: 1}
$data merge entity $(bone_crest_right1) {transformation: [-0.5529f,0.8294f,-0.0801f,0.0103f,0.7048f,0.5168f,0.486f,4.098f,0.4445f,0.2122f,-0.8703f,3.0473f,0f,0f,0f,1f],start_interpolation: 0,interpolation_duration: 1}
$data merge entity $(bone_head1) {transformation: [-1.0476f,-0.0198f,0.0302f,-0.0615f,0f,0.8759f,0.5757f,4.6667f,-0.0361f,0.5754f,-0.8754f,1.8724f,0f,0f,0f,1f],start_interpolation: 0,interpolation_duration: 1}
$data merge entity $(bone_neck10) {transformation: [-1.4965f,-0.021f,0.0471f,-0.0216f,0f,1.3677f,0.6097f,4.6907f,-0.0516f,0.6093f,-1.3668f,0.7157f,0f,0f,0f,1f],start_interpolation: 0,interpolation_duration: 1}
$data merge entity $(bone_neck9) {transformation: [-1.1448f,-0.0217f,0.033f,0.0044f,0f,0.9572f,0.6292f,3.4399f,-0.0395f,0.6288f,-0.9567f,-0.0388f,0f,0f,0f,1f],start_interpolation: 0,interpolation_duration: 1}
$data merge entity $(bone_neck8) {transformation: [-1.0625f,0.0058f,0.0362f,-0.0011f,0f,1.0495f,-0.1697f,2.6622f,-0.0366f,-0.1696f,-1.0489f,0.1207f,0f,0f,0f,1f],start_interpolation: 0,interpolation_duration: 1}
$data merge entity $(bone_neck7) {transformation: [-1.055f,0.0167f,0.0323f,-0.0169f,0f,0.9372f,-0.4858f,1.8244f,-0.0364f,-0.4855f,-0.9367f,0.5798f,0f,0f,0f,1f],start_interpolation: 0,interpolation_duration: 1}
$data merge entity $(bone_neck6) {transformation: [-1.0491f,0.012f,0.0341f,-0.0273f,0f,0.9902f,-0.3482f,0.9464f,-0.0362f,-0.348f,-0.9896f,0.8789f,0f,0f,0f,1f],start_interpolation: 0,interpolation_duration: 1}
$data merge entity $(bone_neck_spine6) {transformation: [-1.2694f,0.0891f,0.028f,0.102f,0.0258f,-0.0322f,1.2721f,0.1422f,0.0897f,1.2693f,0.0303f,-1.7159f,0f,0f,0f,1f],start_interpolation: 0,interpolation_duration: 1}
$data merge entity $(bone_neck_spine7) {transformation: [-0.9614f,0.2617f,-0.0846f,-0.4729f,-0.0081f,0.2804f,0.9598f,0.204f,0.2749f,0.9235f,-0.2675f,-5.3238f,0f,0f,0f,1f],start_interpolation: 0,interpolation_duration: 1}
$data merge entity $(bone_tail6) {transformation: [-1.6138f,0.5987f,0.0496f,-1.7602f,0.0002f,-0.1418f,1.7162f,0.4406f,0.6007f,1.6083f,0.1328f,-8.8663f,0f,0f,0f,1f],start_interpolation: 0,interpolation_duration: 1}
$data merge entity $(bone_tail5) {transformation: [-1.3332f,0.4946f,0.041f,-1.4478f,0.0001f,-0.1171f,1.4177f,0.3666f,0.4963f,1.3286f,0.1097f,-8.0272f,0f,0f,0f,1f],start_interpolation: 0,interpolation_duration: 1}
$data merge entity $(bone_tail4) {transformation: [-0.9823f,0.3644f,0.0302f,-1.2916f,0.0001f,-0.0863f,1.0446f,0.3297f,0.3657f,0.979f,0.0808f,-7.6076f,0f,0f,0f,1f],start_interpolation: 0,interpolation_duration: 1}
$data merge entity $(bone_segment18) {transformation: [-0.9372f,0.3347f,0.0985f,-1.1037f,0.0001f,-0.2822f,0.9594f,0.1712f,0.3489f,0.8991f,0.2644f,-7.1027f,0f,0f,0f,1f],start_interpolation: 0,interpolation_duration: 1}
$data merge entity $(bone_segment17) {transformation: [-0.9382f,0.3219f,0.1273f,-0.8687f,-0.0069f,-0.3852f,0.9228f,-0.11f,0.3461f,0.8649f,0.3636f,-6.4714f,0f,0f,0f,1f],start_interpolation: 0,interpolation_duration: 1}
$data merge entity $(bone_segment16) {transformation: [-0.9392f,0.3404f,0.0448f,-0.5438f,-0.0065f,-0.1481f,0.989f,-0.2514f,0.3433f,0.9285f,0.1413f,-5.585f,0f,0f,0f,1f],start_interpolation: 0,interpolation_duration: 1}
$data merge entity $(bone_segment15) {transformation: [-0.9614f,0.2747f,-0.014f,-0.2199f,-0.0081f,0.0224f,0.9997f,-0.2249f,0.2749f,0.9613f,-0.0193f,-4.4515f,0f,0f,0f,1f],start_interpolation: 0,interpolation_duration: 1}
$data merge entity $(bone_segment14) {transformation: [-1.0327f,0.1789f,0.0127f,-0.0186f,-0.0004f,-0.0764f,1.0454f,-0.3108f,0.1793f,1.03f,0.0753f,-3.2928f,0f,0f,0f,1f],start_interpolation: 0,interpolation_duration: 1}
$data merge entity $(bone_segment13) {transformation: [-1.023f,0.0668f,0.0347f,0.0608f,0.0208f,-0.2036f,1.0051f,-0.5835f,0.0723f,1.0031f,0.2017f,-2.0902f,0f,0f,0f,1f],start_interpolation: 0,interpolation_duration: 1}
$data merge entity $(bone_segment12) {transformation: [-1.1154f,-0.0145f,0.0116f,0.0433f,0.0095f,0.1531f,1.105f,-0.3985f,-0.0159f,1.1049f,-0.153f,-0.7554f,0f,0f,0f,1f],start_interpolation: 0,interpolation_duration: 1}
$data merge entity $(bone_segment11) {transformation: [-1.1894f,-0.0471f,0.0182f,-0.0072f,-0.0126f,0.6923f,0.9684f,0.4015f,-0.0489f,0.9673f,-0.6921f,0.3626f,0f,0f,0f,1f],start_interpolation: 0,interpolation_duration: 1}
$data merge entity $(bone_segment10) {transformation: [-1.0476f,-0.0191f,0.0307f,-0.029f,0f,0.8893f,0.5548f,1.3119f,-0.0361f,0.5545f,-0.8888f,0.9302f,0f,0f,0f,1f],start_interpolation: 0,interpolation_duration: 1}
data modify entity @s data merge value {"cameras":{},"locators":{"mouth":{"posx":-0.13076686237910376,"posy":3.2171083297147147,"posz":3.8799001555273094,"roty":181.97537668119028,"rotx":56.68214955955823}}}