# This file was generated by Animated Java via MC-Build. It is not recommended to edit this file directly.
$data merge entity $(bone_neck_spine5) {transformation: [-1.5714f,-0.0154f,0.0499f,0.1211f,0f,1.5023f,0.4637f,4.4464f,-0.0522f,0.4634f,-1.5015f,-0.2976f,0f,0f,0f,1f],start_interpolation: 0,interpolation_duration: 1}
$data merge entity $(bone_neck_spine2) {transformation: [-1.4966f,-0.0115f,0.0483f,-0.0555f,0f,1.4564f,0.3479f,5.5867f,-0.0497f,0.3478f,-1.4556f,1.636f,0f,0f,0f,1f],start_interpolation: 0,interpolation_duration: 1}
$data merge entity $(bone_scale_neck_left1) {transformation: [-1.5952f,0.3865f,0.138f,0.7383f,0.3982f,1.3234f,0.8962f,4.7174f,0.0994f,0.9013f,-1.375f,1.4198f,0f,0f,0f,1f],start_interpolation: 0,interpolation_duration: 1}
$data merge entity $(bone_scale_neck_right1) {transformation: [-1.5851f,-0.4455f,-0.0465f,-0.8331f,-0.3982f,1.3234f,0.8962f,4.7174f,-0.2051f,0.8737f,-1.3812f,1.3676f,0f,0f,0f,1f],start_interpolation: 0,interpolation_duration: 1}
$data merge entity $(bone_blush_right1) {transformation: [-0.9994f,-0.0177f,0.0281f,-0.7468f,0f,0.8466f,0.5322f,3.9061f,-0.0332f,0.5319f,-0.8462f,2.4913f,0f,0f,0f,1f],start_interpolation: 0,interpolation_duration: 1}
$data merge entity $(bone_blush_left1) {transformation: [-0.9994f,-0.0177f,0.0281f,0.5776f,0f,0.8466f,0.5322f,3.9061f,-0.0332f,0.5319f,-0.8462f,2.5352f,0f,0f,0f,1f],start_interpolation: 0,interpolation_duration: 1}
$data merge entity $(bone_left_head_scales) {transformation: [-0.8995f,-0.0177f,-0.4366f,0.587f,-0.2457f,0.8466f,0.472f,4.7333f,0.3613f,0.5319f,-0.7659f,2.5913f,0f,0f,0f,1f],start_interpolation: 0,interpolation_duration: 1}
$data merge entity $(bone_left_head_scales2) {transformation: [-0.8348f,-0.0177f,-0.5502f,0.5982f,-0.3052f,0.8466f,0.4359f,3.883f,0.4582f,0.5319f,-0.7122f,2.256f,0f,0f,0f,1f],start_interpolation: 0,interpolation_duration: 1}
$data merge entity $(bone_left_head_scales1) {transformation: [-0.9994f,-0.0177f,0.0281f,0.589f,0f,0.8466f,0.5322f,4.6382f,-0.0332f,0.5319f,-0.8462f,2.5315f,0f,0f,0f,1f],start_interpolation: 0,interpolation_duration: 1}
$data merge entity $(bone_right_head_scales) {transformation: [-0.8735f,-0.0177f,0.4864f,-0.7599f,0.2457f,0.8466f,0.472f,4.7333f,-0.4202f,0.5319f,-0.7352f,2.5465f,0f,0f,0f,1f],start_interpolation: 0,interpolation_duration: 1}
$data merge entity $(bone_right_head_scales2) {transformation: [-0.8026f,-0.0177f,0.5963f,-0.7488f,0.3052f,0.8466f,0.4359f,3.883f,-0.5125f,0.5319f,-0.6741f,2.2112f,0f,0f,0f,1f],start_interpolation: 0,interpolation_duration: 1}
$data merge entity $(bone_right_head_scales1) {transformation: [-0.9994f,-0.0177f,0.0281f,-0.7579f,0f,0.8466f,0.5322f,4.6382f,-0.0332f,0.5319f,-0.8462f,2.4868f,0f,0f,0f,1f],start_interpolation: 0,interpolation_duration: 1}
$data merge entity $(bone_head_left_fin1) {transformation: [-0.7514f,0.014f,-0.7306f,0.5988f,-0.1519f,1.0221f,0.1758f,4.3264f,0.7148f,0.2319f,-0.7307f,2.2363f,0f,0f,0f,1f],start_interpolation: 0,interpolation_duration: 1}
$data merge entity $(bone_head_right_fin1) {transformation: [-0.7024f,-0.0294f,0.7775f,-0.7481f,0.1519f,1.0221f,0.1758f,4.3264f,-0.7631f,0.2305f,-0.6806f,2.1915f,0f,0f,0f,1f],start_interpolation: 0,interpolation_duration: 1}
$data merge entity $(bone_right_whisker16) {transformation: [0.2613f,0.928f,-0.2657f,-1.2686f,0.9634f,-0.2677f,0.0123f,1.5953f,-0.0597f,-0.2592f,-0.964f,1.9867f,0f,0f,0f,1f],start_interpolation: 0,interpolation_duration: 1}
$data merge entity $(bone_right_whisker15) {transformation: [-0.8859f,0.3802f,-0.2657f,-0.9701f,0.3912f,0.9202f,0.0123f,1.4635f,0.2492f,-0.093f,-0.964f,1.9027f,0f,0f,0f,1f],start_interpolation: 0,interpolation_duration: 1}
$data merge entity $(bone_right_whisker14) {transformation: [-0.719f,-0.6422f,-0.2657f,-0.7279f,-0.6687f,0.7435f,0.0123f,1.6888f,0.1896f,0.1865f,-0.964f,1.8388f,0f,0f,0f,1f],start_interpolation: 0,interpolation_duration: 1}
$data merge entity $(bone_right_whisker13) {transformation: [-0.0872f,-0.9955f,-0.0372f,-0.6985f,-0.974f,0.0774f,0.2128f,2.0169f,-0.209f,0.0548f,-0.9764f,1.9093f,0f,0f,0f,1f],start_interpolation: 0,interpolation_duration: 1}
$data merge entity $(bone_right_whisker12) {transformation: [0.0811f,-0.9966f,-0.0175f,-0.7349f,-0.9046f,-0.0809f,0.4186f,2.4233f,-0.4186f,-0.0181f,-0.908f,2.0973f,0f,0f,0f,1f],start_interpolation: 0,interpolation_duration: 1}
$data merge entity $(bone_right_whisker11) {transformation: [0.2963f,-0.9551f,0.0077f,-0.868f,-0.9476f,-0.293f,0.1272f,2.849f,-0.1192f,-0.045f,-0.9918f,2.1509f,0f,0f,0f,1f],start_interpolation: 0,interpolation_duration: 1}
$data merge entity $(bone_right_whisker10) {transformation: [0.0664f,-0.9906f,0.12f,-0.8978f,-0.99f,-0.0804f,-0.1156f,3.2937f,0.1242f,-0.1111f,-0.986f,2.0951f,0f,0f,0f,1f],start_interpolation: 0,interpolation_duration: 1}
$data merge entity $(bone_right_whisker1) {transformation: [-0.3349f,-0.938f,0.0897f,-0.7474f,-0.9277f,0.3449f,0.1428f,3.7105f,-0.1649f,-0.0354f,-0.9857f,2.1691f,0f,0f,0f,1f],start_interpolation: 0,interpolation_duration: 1}
$data merge entity $(bone_left_whisker16) {transformation: [0.2568f,-0.9087f,0.3291f,1.1317f,-0.9634f,-0.2677f,0.0123f,1.5953f,0.0769f,-0.3202f,-0.9442f,2.0664f,0f,0f,0f,1f],start_interpolation: 0,interpolation_duration: 1}
$data merge entity $(bone_left_whisker15) {transformation: [-0.8674f,-0.3732f,0.3291f,0.8395f,-0.3912f,0.9202f,0.0123f,1.4635f,-0.3074f,-0.118f,-0.9442f,1.9628f,0f,0f,0f,1f],start_interpolation: 0,interpolation_duration: 1}
$data merge entity $(bone_left_whisker14) {transformation: [-0.7048f,0.6285f,0.3291f,0.602f,0.6687f,0.7435f,0.0123f,1.6888f,-0.2369f,0.2287f,-0.9442f,1.883f,0f,0f,0f,1f],start_interpolation: 0,interpolation_duration: 1}
$data merge entity $(bone_left_whisker13) {transformation: [-0.1009f,0.9897f,0.1019f,0.568f,0.974f,0.0774f,0.2128f,2.0169f,0.2027f,0.1208f,-0.9718f,1.9513f,0f,0f,0f,1f],start_interpolation: 0,interpolation_duration: 1}
$data merge entity $(bone_left_whisker12) {transformation: [0.0531f,0.9956f,0.0777f,0.5919f,0.9046f,-0.0809f,0.4186f,2.4233f,0.423f,0.048f,-0.9048f,2.1414f,0f,0f,0f,1f],start_interpolation: 0,interpolation_duration: 1}
$data merge entity $(bone_left_whisker11) {transformation: [0.2877f,0.9559f,0.0581f,0.7211f,0.9476f,-0.293f,0.1272f,2.849f,0.1386f,0.0185f,-0.9902f,2.2036f,0f,0f,0f,1f],start_interpolation: 0,interpolation_duration: 1}
$data merge entity $(bone_left_whisker10) {transformation: [0.0745f,0.9957f,-0.0543f,0.7546f,0.99f,-0.0804f,-0.1156f,3.2937f,-0.1195f,-0.0451f,-0.9918f,2.15f,0f,0f,0f,1f],start_interpolation: 0,interpolation_duration: 1}
$data merge entity $(bone_left_whisker1) {transformation: [-0.3451f,0.9382f,-0.0241f,0.5996f,0.9277f,0.3449f,0.1428f,3.7105f,0.1423f,0.0269f,-0.9895f,2.2139f,0f,0f,0f,1f],start_interpolation: 0,interpolation_duration: 1}
$data merge entity $(bone_upper_left_tooth1) {transformation: [-0.9994f,-0.0151f,0.0295f,0.2012f,0f,0.8898f,0.4564f,3.5856f,-0.0332f,0.4561f,-0.8893f,3.2114f,0f,0f,0f,1f],start_interpolation: 0,interpolation_duration: 1}
$data merge entity $(bone_upper_right_tooth1) {transformation: [-0.9994f,-0.0151f,0.0295f,-0.4722f,0f,0.8898f,0.4564f,3.5856f,-0.0332f,0.4561f,-0.8893f,3.1891f,0f,0f,0f,1f],start_interpolation: 0,interpolation_duration: 1}
$data merge entity $(bone_top_lip1) {transformation: [-0.9994f,0.0015f,0.0332f,-0.1093f,0f,0.999f,-0.045f,3.6955f,-0.0332f,-0.0449f,-0.9984f,3.2575f,0f,0f,0f,1f],start_interpolation: 0,interpolation_duration: 1}
$data merge entity $(bone_muzzle1) {transformation: [-0.9994f,-0.0151f,0.0295f,-0.0953f,0f,0.8898f,0.4564f,4.1016f,-0.0332f,0.4561f,-0.8893f,2.835f,0f,0f,0f,1f],start_interpolation: 0,interpolation_duration: 1}
$data merge entity $(bone_jaw_right_tooth1) {transformation: [-0.9994f,0.0035f,0.033f,-0.4715f,0f,0.9946f,-0.104f,3.4352f,-0.0332f,-0.104f,-0.994f,3.1674f,0f,0f,0f,1f],start_interpolation: 0,interpolation_duration: 1}
$data merge entity $(bone_jaw_left_tooth1) {transformation: [-0.9994f,0.0035f,0.033f,0.2581f,0f,0.9946f,-0.104f,3.4352f,-0.0332f,-0.104f,-0.994f,3.1916f,0f,0f,0f,1f],start_interpolation: 0,interpolation_duration: 1}
$data merge entity $(bone_tongue1) {transformation: [-0.9994f,-0.0103f,0.0316f,-0.0812f,0f,0.9511f,0.3088f,3.6747f,-0.0332f,0.3087f,-0.9506f,2.4102f,0f,0f,0f,1f],start_interpolation: 0,interpolation_duration: 1}
$data merge entity $(bone_jaw_lips1) {transformation: [-0.9994f,-0.0103f,0.0316f,-0.0521f,0f,0.9511f,0.3088f,3.2744f,-0.0332f,0.3087f,-0.9506f,3.2263f,0f,0f,0f,1f],start_interpolation: 0,interpolation_duration: 1}
$data merge entity $(bone_jaw3) {transformation: [-0.9994f,-0.0023f,0.0331f,-0.0221f,0f,0.9975f,0.0703f,3.2535f,-0.0332f,0.0702f,-0.997f,2.3246f,0f,0f,0f,1f],start_interpolation: 0,interpolation_duration: 1}
$data merge entity $(bone_jaw1) {transformation: [-0.9994f,-0.0251f,0.0218f,-0.0026f,0f,0.6557f,0.755f,3.9319f,-0.0332f,0.7546f,-0.6553f,1.7359f,0f,0f,0f,1f],start_interpolation: 0,interpolation_duration: 1}
$data merge entity $(bone_tear_right1) {transformation: [-0.9994f,-0.0177f,0.0281f,-0.7005f,0f,0.8466f,0.5322f,4.185f,-0.0332f,0.5319f,-0.8462f,2.7877f,0f,0f,0f,1f],start_interpolation: 0,interpolation_duration: 1}
$data merge entity $(bone_right_pupil1) {transformation: [-0.9994f,-0.0177f,0.0281f,-0.5192f,0f,0.8466f,0.5322f,4.2443f,-0.0332f,0.5319f,-0.8462f,2.9106f,0f,0f,0f,1f],start_interpolation: 0,interpolation_duration: 1}
$data merge entity $(bone_right_sad_pupil1) {transformation: [-0.9994f,-0.0177f,0.0281f,-0.5188f,0f,0.8466f,0.5322f,4.2502f,-0.0332f,0.5319f,-0.8462f,2.9011f,0f,0f,0f,1f],start_interpolation: 0,interpolation_duration: 1}
$data merge entity $(bone_right_happy_pupil1) {transformation: [-0.9994f,-0.0177f,0.0281f,-0.5464f,0f,0.8466f,0.5322f,4.2265f,-0.0332f,0.5319f,-0.8462f,2.8852f,0f,0f,0f,1f],start_interpolation: 0,interpolation_duration: 1}
$data merge entity $(bone_eyelid_right1) {transformation: [-0.9994f,-0.0177f,0.0281f,-0.0699f,0f,0.8466f,0.5322f,4.5015f,-0.0332f,0.5319f,-0.8462f,2.4105f,0f,0f,0f,1f],start_interpolation: 0,interpolation_duration: 1}
$data merge entity $(bone_eyelid_expressions_right5) {transformation: [-0.9994f,-0.0177f,0.0281f,-0.6499f,0f,0.8466f,0.5322f,4.3453f,-0.0332f,0.5319f,-0.8462f,2.9566f,0f,0f,0f,1f],start_interpolation: 0,interpolation_duration: 1}
$data merge entity $(bone_eyelid_expressions_right7) {transformation: [-0.9994f,-0.0177f,0.0281f,-0.3132f,0f,0.8466f,0.5322f,4.3453f,-0.0332f,0.5319f,-0.8462f,2.9677f,0f,0f,0f,1f],start_interpolation: 0,interpolation_duration: 1}
$data merge entity $(bone_eyelid_expressions_right6) {transformation: [-0.9994f,-0.0177f,0.0281f,-0.4254f,0f,0.8466f,0.5322f,4.3453f,-0.0332f,0.5319f,-0.8462f,2.964f,0f,0f,0f,1f],start_interpolation: 0,interpolation_duration: 1}
$data merge entity $(bone_right_eye1) {transformation: [-0.9994f,-0.0177f,0.0281f,-0.0815f,0f,0.8466f,0.5322f,4.4956f,-0.0332f,0.5319f,-0.8462f,2.4196f,0f,0f,0f,1f],start_interpolation: 0,interpolation_duration: 1}
$data merge entity $(bone_tear_left1) {transformation: [-0.9994f,-0.0177f,0.0281f,0.5117f,0f,0.8466f,0.5322f,4.185f,-0.0332f,0.5319f,-0.8462f,2.828f,0f,0f,0f,1f],start_interpolation: 0,interpolation_duration: 1}
$data merge entity $(bone_left_sad_pupil1) {transformation: [-0.9994f,-0.0177f,0.0281f,0.323f,0f,0.8466f,0.5322f,4.2502f,-0.0332f,0.5319f,-0.8462f,2.9291f,0f,0f,0f,1f],start_interpolation: 0,interpolation_duration: 1}
$data merge entity $(bone_left_pupil1) {transformation: [-0.9994f,-0.0177f,0.0281f,0.3227f,0f,0.8466f,0.5322f,4.2443f,-0.0332f,0.5319f,-0.8462f,2.9386f,0f,0f,0f,1f],start_interpolation: 0,interpolation_duration: 1}
$data merge entity $(bone_eyelid_left1) {transformation: [-0.9994f,-0.0177f,0.0281f,-0.0924f,0f,0.8466f,0.5322f,4.5015f,-0.0332f,0.5319f,-0.8462f,2.4097f,0f,0f,0f,1f],start_interpolation: 0,interpolation_duration: 1}
$data merge entity $(bone_left_happy_pupil1) {transformation: [-0.9994f,-0.0177f,0.0281f,0.3515f,0f,0.8466f,0.5322f,4.2265f,-0.0332f,0.5319f,-0.8462f,2.9151f,0f,0f,0f,1f],start_interpolation: 0,interpolation_duration: 1}
$data merge entity $(bone_eyelid_expressions_left5) {transformation: [-0.9994f,-0.0177f,0.0281f,0.4501f,0f,0.8466f,0.5322f,4.3453f,-0.0332f,0.5319f,-0.8462f,2.9931f,0f,0f,0f,1f],start_interpolation: 0,interpolation_duration: 1}
$data merge entity $(bone_eyelid_expressions_left7) {transformation: [-0.9994f,-0.0177f,0.0281f,0.1133f,0f,0.8466f,0.5322f,4.3453f,-0.0332f,0.5319f,-0.8462f,2.9819f,0f,0f,0f,1f],start_interpolation: 0,interpolation_duration: 1}
$data merge entity $(bone_eyelid_expressions_left6) {transformation: [-0.9994f,-0.0177f,0.0281f,0.2256f,0f,0.8466f,0.5322f,4.3453f,-0.0332f,0.5319f,-0.8462f,2.9856f,0f,0f,0f,1f],start_interpolation: 0,interpolation_duration: 1}
$data merge entity $(bone_left_eye1) {transformation: [-0.9994f,-0.0177f,0.0281f,-0.0815f,0f,0.8466f,0.5322f,4.4956f,-0.0332f,0.5319f,-0.8462f,2.4196f,0f,0f,0f,1f],start_interpolation: 0,interpolation_duration: 1}
$data merge entity $(bone_crest_middle5) {transformation: [-0.9994f,-0.0112f,0.0313f,-0.1194f,0f,0.9418f,0.3363f,5.415f,-0.0332f,0.3361f,-0.9412f,3.56f,0f,0f,0f,1f],start_interpolation: 0,interpolation_duration: 1}
$data merge entity $(bone_crest_middle4) {transformation: [-0.9994f,-0.0112f,0.0313f,-0.1118f,0f,0.9418f,0.3363f,4.7804f,-0.0332f,0.3361f,-0.9412f,3.3335f,0f,0f,0f,1f],start_interpolation: 0,interpolation_duration: 1}
$data merge entity $(bone_crest_middle1) {transformation: [-0.9994f,-0.0112f,0.0313f,-0.1088f,0f,0.9418f,0.3363f,4.2762f,-0.0332f,0.3361f,-0.9412f,3.2429f,0f,0f,0f,1f],start_interpolation: 0,interpolation_duration: 1}
$data merge entity $(bone_crest_left5) {transformation: [-0.5221f,-0.8415f,0.1391f,-1.2147f,-0.714f,0.5205f,0.4682f,4.8195f,-0.4664f,0.1451f,-0.8726f,3.2659f,0f,0f,0f,1f],start_interpolation: 0,interpolation_duration: 1}
$data merge entity $(bone_crest_left4) {transformation: [-0.5221f,-0.8415f,0.1391f,-0.7422f,-0.714f,0.5205f,0.4682f,4.5272f,-0.4664f,0.1451f,-0.8726f,3.1844f,0f,0f,0f,1f],start_interpolation: 0,interpolation_duration: 1}
$data merge entity $(bone_crest_left1) {transformation: [-0.5221f,-0.8415f,0.1391f,-0.2146f,-0.714f,0.5205f,0.4682f,4.232f,-0.4664f,0.1451f,-0.8726f,3.0458f,0f,0f,0f,1f],start_interpolation: 0,interpolation_duration: 1}
$data merge entity $(bone_crest_center1) {transformation: [-0.9994f,-0.0177f,0.0281f,-0.1019f,0f,0.8466f,0.5322f,4.2083f,-0.0332f,0.5319f,-0.8462f,3.0346f,0f,0f,0f,1f],start_interpolation: 0,interpolation_duration: 1}
$data merge entity $(bone_crest_right5) {transformation: [-0.5519f,0.83f,-0.0809f,0.9931f,0.714f,0.5205f,0.4682f,4.8195f,0.4307f,0.2006f,-0.8799f,3.3392f,0f,0f,0f,1f],start_interpolation: 0,interpolation_duration: 1}
$data merge entity $(bone_crest_right4) {transformation: [-0.5519f,0.83f,-0.0809f,0.527f,0.714f,0.5205f,0.4682f,4.5272f,0.4307f,0.2006f,-0.8799f,3.2266f,0f,0f,0f,1f],start_interpolation: 0,interpolation_duration: 1}
$data merge entity $(bone_crest_right1) {transformation: [-0.5519f,0.83f,-0.0809f,0.0098f,0.714f,0.5205f,0.4682f,4.232f,0.4307f,0.2006f,-0.8799f,3.0532f,0f,0f,0f,1f],start_interpolation: 0,interpolation_duration: 1}
$data merge entity $(bone_head1) {transformation: [-1.0476f,-0.0185f,0.0295f,-0.0631f,0f,0.8874f,0.5578f,4.7767f,-0.0348f,0.5575f,-0.8869f,1.8671f,0f,0f,0f,1f],start_interpolation: 0,interpolation_duration: 1}
$data merge entity $(bone_neck10) {transformation: [-1.4966f,-0.0178f,0.0464f,-0.0247f,0f,1.3985f,0.5351f,4.7384f,-0.0497f,0.5348f,-1.3978f,0.7107f,0f,0f,0f,1f],start_interpolation: 0,interpolation_duration: 1}
$data merge entity $(bone_neck9) {transformation: [-1.1449f,-0.0202f,0.0322f,-0.0005f,0f,0.9698f,0.6096f,3.4725f,-0.038f,0.6093f,-0.9693f,-0.0183f,0f,0f,0f,1f],start_interpolation: 0,interpolation_duration: 1}
$data merge entity $(bone_neck8) {transformation: [-1.0626f,0.0063f,0.0347f,-0.0063f,0f,1.0459f,-0.191f,2.6981f,-0.0353f,-0.1909f,-1.0453f,0.157f,0f,0f,0f,1f],start_interpolation: 0,interpolation_duration: 1}
$data merge entity $(bone_neck7) {transformation: [-1.0551f,0.0172f,0.0305f,-0.0225f,0f,0.9203f,-0.5172f,1.8764f,-0.035f,-0.5169f,-0.9198f,0.6441f,0f,0f,0f,1f],start_interpolation: 0,interpolation_duration: 1}
$data merge entity $(bone_neck6) {transformation: [-1.0491f,0.0126f,0.0325f,-0.0334f,0f,0.9784f,-0.3802f,1.0086f,-0.0348f,-0.38f,-0.9779f,0.9716f,0f,0f,0f,1f],start_interpolation: 0,interpolation_duration: 1}
$data merge entity $(bone_neck_spine6) {transformation: [-1.2722f,0.0384f,-0.0068f,0.1166f,-0.0063f,0.0172f,1.2727f,0.1579f,0.0385f,1.2721f,-0.017f,-1.6182f,0f,0f,0f,1f],start_interpolation: 0,interpolation_duration: 1}
$data merge entity $(bone_neck_spine7) {transformation: [-0.9685f,0.224f,-0.1087f,-0.3204f,-0.0221f,0.3574f,0.9337f,0.0113f,0.248f,0.9067f,-0.3412f,-5.2584f,0f,0f,0f,1f],start_interpolation: 0,interpolation_duration: 1}
$data merge entity $(bone_tail6) {transformation: [-1.4751f,0.8173f,0.3486f,-1.8977f,0.3094f,-0.1609f,1.6863f,0.0897f,0.8329f,1.5071f,-0.009f,-8.6626f,0f,0f,0f,1f],start_interpolation: 0,interpolation_duration: 1}
$data merge entity $(bone_tail5) {transformation: [-1.2185f,0.6752f,0.288f,-1.4713f,0.2556f,-0.1329f,1.393f,0.0057f,0.6881f,1.245f,-0.0074f,-7.8762f,0f,0f,0f,1f],start_interpolation: 0,interpolation_duration: 1}
$data merge entity $(bone_tail4) {transformation: [-0.8979f,0.4975f,0.2122f,-1.2581f,0.1883f,-0.098f,1.0265f,-0.0363f,0.507f,0.9174f,-0.0055f,-7.4831f,0f,0f,0f,1f],start_interpolation: 0,interpolation_duration: 1}
$data merge entity $(bone_segment18) {transformation: [-0.8566f,0.4297f,0.2857f,-1.0169f,0.1797f,-0.2707f,0.9457f,-0.1883f,0.4837f,0.8615f,0.1547f,-6.9994f,0f,0f,0f,1f],start_interpolation: 0,interpolation_duration: 1}
$data merge entity $(bone_segment17) {transformation: [-0.9002f,0.418f,0.122f,-0.7117f,-0.0141f,-0.308f,0.9513f,-0.4131f,0.4352f,0.8546f,0.2832f,-6.3755f,0f,0f,0f,1f],start_interpolation: 0,interpolation_duration: 1}
$data merge entity $(bone_segment16) {transformation: [-0.9328f,0.3602f,0.0103f,-0.3679f,-0.0097f,-0.0537f,0.9985f,-0.4644f,0.3602f,0.9313f,0.0536f,-5.4864f,0f,0f,0f,1f],start_interpolation: 0,interpolation_duration: 1}
$data merge entity $(bone_segment15) {transformation: [-0.9685f,0.2445f,-0.047f,-0.0796f,-0.0221f,0.1036f,0.9944f,-0.3423f,0.248f,0.9641f,-0.0949f,-4.3496f,0f,0f,0f,1f],start_interpolation: 0,interpolation_duration: 1}
$data merge entity $(bone_segment14) {transformation: [-1.0393f,0.1346f,-0.0201f,0.0719f,-0.0219f,-0.0124f,1.0479f,-0.3562f,0.1344f,1.0394f,0.0151f,-3.1802f,0f,0f,0f,1f],start_interpolation: 0,interpolation_duration: 1}
$data merge entity $(bone_segment13) {transformation: [-1.0252f,0.0314f,0f,0.1097f,-0.0051f,-0.1645f,1.0124f,-0.582f,0.031f,1.012f,0.1645f,-1.966f,0f,0f,0f,1f],start_interpolation: 0,interpolation_duration: 1}
$data merge entity $(bone_segment12) {transformation: [-1.1146f,-0.0443f,-0.0108f,0.0563f,-0.0177f,0.1765f,1.1014f,-0.3688f,-0.042f,1.1006f,-0.1771f,-0.6363f,0f,0f,0f,1f],start_interpolation: 0,interpolation_duration: 1}
$data merge entity $(bone_segment11) {transformation: [-1.1889f,-0.0602f,0.0116f,-0.012f,-0.0266f,0.7098f,0.9553f,0.4515f,-0.0552f,0.9538f,-0.7102f,0.466f,0f,0f,0f,1f],start_interpolation: 0,interpolation_duration: 1}
$data merge entity $(bone_segment10) {transformation: [-1.0476f,-0.0177f,0.03f,-0.0347f,0f,0.9026f,0.5329f,1.3755f,-0.0348f,0.5326f,-0.9021f,1.011f,0f,0f,0f,1f],start_interpolation: 0,interpolation_duration: 1}
data modify entity @s data merge value {"cameras":{},"locators":{"mouth":{"posx":-0.13076605809407893,"posy":3.3683301174982643,"posz":3.9036964770740887,"roty":181.9021130325903,"rotx":57.84766529395473}}}