# This file was generated by Animated Java via MC-Build. It is not recommended to edit this file directly.
$data merge entity $(bone_neck_spine5) {transformation: [-1.5722f,-0.003f,0.0125f,0.1072f,0f,1.5289f,0.3669f,4.4368f,-0.0128f,0.3669f,-1.5288f,-0.3782f,0f,0f,0f,1f],start_interpolation: 0,interpolation_duration: 1}
$data merge entity $(bone_neck_spine2) {transformation: [-1.4973f,-0.0018f,0.0121f,-0.0201f,0f,1.4802f,0.2265f,5.7146f,-0.0122f,0.2265f,-1.4801f,1.4653f,0f,0f,0f,1f],start_interpolation: 0,interpolation_duration: 1}
$data merge entity $(bone_scale_neck_left1) {transformation: [-1.5919f,0.4099f,0.1041f,0.7674f,0.4094f,1.3921f,0.7794f,4.8283f,0.106f,0.7791f,-1.4474f,1.3019f,0f,0f,0f,1f],start_interpolation: 0,interpolation_duration: 1}
$data merge entity $(bone_scale_neck_right1) {transformation: [-1.59f,-0.4225f,-0.0805f,-0.8049f,-0.4094f,1.3921f,0.7794f,4.8283f,-0.1319f,0.7723f,-1.4489f,1.2891f,0f,0f,0f,1f],start_interpolation: 0,interpolation_duration: 1}
$data merge entity $(bone_blush_right1) {transformation: [-1f,-0.0039f,0.0072f,-0.6908f,0f,0.8789f,0.4771f,4.0988f,-0.0081f,0.4771f,-0.8788f,2.4579f,0f,0f,0f,1f],start_interpolation: 0,interpolation_duration: 1}
$data merge entity $(bone_blush_left1) {transformation: [-1f,-0.0039f,0.0072f,0.6343f,0f,0.8789f,0.4771f,4.0988f,-0.0081f,0.4771f,-0.8788f,2.4687f,0f,0f,0f,1f],start_interpolation: 0,interpolation_duration: 1}
$data merge entity $(bone_left_head_scales) {transformation: [-0.8903f,-0.0039f,-0.4554f,0.6455f,-0.2203f,0.8789f,0.4232f,4.9279f,0.3986f,0.4771f,-0.7833f,2.4716f,0f,0f,0f,1f],start_interpolation: 0,interpolation_duration: 1}
$data merge entity $(bone_left_head_scales2) {transformation: [-0.8232f,-0.0039f,-0.5677f,0.6478f,-0.2736f,0.8789f,0.3908f,4.058f,0.4974f,0.4771f,-0.7246f,2.191f,0f,0f,0f,1f],start_interpolation: 0,interpolation_duration: 1}
$data merge entity $(bone_left_head_scales1) {transformation: [-1f,-0.0039f,0.0072f,0.6459f,0f,0.8789f,0.4771f,4.8292f,-0.0081f,0.4771f,-0.8788f,2.418f,0f,0f,0f,1f],start_interpolation: 0,interpolation_duration: 1}
$data merge entity $(bone_right_head_scales) {transformation: [-0.8837f,-0.0039f,0.4681f,-0.7021f,0.2203f,0.8789f,0.4232f,4.9279f,-0.413f,0.4771f,-0.7758f,2.4606f,0f,0f,0f,1f],start_interpolation: 0,interpolation_duration: 1}
$data merge entity $(bone_right_head_scales2) {transformation: [-0.815f,-0.0039f,0.5794f,-0.6998f,0.2736f,0.8789f,0.3908f,4.058f,-0.5108f,0.4771f,-0.7152f,2.1801f,0f,0f,0f,1f],start_interpolation: 0,interpolation_duration: 1}
$data merge entity $(bone_right_head_scales1) {transformation: [-1f,-0.0039f,0.0072f,-0.7017f,0f,0.8789f,0.4771f,4.8292f,-0.0081f,0.4771f,-0.8788f,2.407f,0f,0f,0f,1f],start_interpolation: 0,interpolation_duration: 1}
$data merge entity $(bone_head_left_fin1) {transformation: [-0.7334f,0.0204f,-0.7486f,0.6482f,-0.1044f,1.0348f,0.1304f,4.4993f,0.7416f,0.1659f,-0.722f,2.1431f,0f,0f,0f,1f],start_interpolation: 0,interpolation_duration: 1}
$data merge entity $(bone_head_right_fin1) {transformation: [-0.7212f,-0.0231f,0.7603f,-0.6994f,0.1044f,1.0348f,0.1304f,4.4993f,-0.7534f,0.1655f,-0.7097f,2.1321f,0f,0f,0f,1f],start_interpolation: 0,interpolation_duration: 1}
$data merge entity $(bone_right_whisker16) {transformation: [0.2602f,0.921f,-0.2898f,-1.2263f,0.9571f,-0.2857f,-0.0486f,1.7617f,-0.1275f,-0.2647f,-0.9559f,2.115f,0f,0f,0f,1f],start_interpolation: 0,interpolation_duration: 1}
$data merge entity $(bone_right_whisker15) {transformation: [-0.8792f,0.3782f,-0.2898f,-0.9301f,0.4082f,0.9116f,-0.0486f,1.6242f,0.2458f,-0.161f,-0.9559f,2.0321f,0f,0f,0f,1f],start_interpolation: 0,interpolation_duration: 1}
$data merge entity $(bone_right_whisker14) {transformation: [-0.7143f,-0.637f,-0.2898f,-0.6894f,-0.6537f,0.7552f,-0.0486f,1.8445f,0.2498f,0.1547f,-0.9559f,1.948f,0f,0f,0f,1f],start_interpolation: 0,interpolation_duration: 1}
$data merge entity $(bone_right_whisker13) {transformation: [-0.0929f,-0.9938f,-0.0616f,-0.6581f,-0.9852f,0.0828f,0.1502f,2.1764f,-0.1442f,0.0746f,-0.9867f,1.9966f,0f,0f,0f,1f],start_interpolation: 0,interpolation_duration: 1}
$data merge entity $(bone_right_whisker12) {transformation: [0.0701f,-0.9967f,-0.04f,-0.6896f,-0.9296f,-0.0798f,0.3599f,2.594f,-0.3619f,0.012f,-0.9321f,2.1591f,0f,0f,0f,1f],start_interpolation: 0,interpolation_duration: 1}
$data merge entity $(bone_right_whisker11) {transformation: [0.2927f,-0.956f,-0.0171f,-0.8211f,-0.9539f,-0.2932f,0.0637f,3.0225f,-0.0659f,-0.0024f,-0.9978f,2.1888f,0f,0f,0f,1f],start_interpolation: 0,interpolation_duration: 1}
$data merge entity $(bone_right_whisker10) {transformation: [0.069f,-0.9931f,0.0951f,-0.852f,-0.9802f,-0.0852f,-0.1785f,3.4628f,0.1854f,-0.081f,-0.9793f,2.1055f,0f,0f,0f,1f],start_interpolation: 0,interpolation_duration: 1}
$data merge entity $(bone_right_whisker1) {transformation: [-0.3394f,-0.9384f,0.0651f,-0.6996f,-0.9356f,0.344f,0.0795f,3.8831f,-0.097f,-0.0339f,-0.9947f,2.149f,0f,0f,0f,1f],start_interpolation: 0,interpolation_duration: 1}
$data merge entity $(bone_left_whisker16) {transformation: [0.2581f,-0.9166f,0.3053f,1.1752f,-0.9571f,-0.2857f,-0.0486f,1.7617f,0.1318f,-0.2797f,-0.951f,2.1345f,0f,0f,0f,1f],start_interpolation: 0,interpolation_duration: 1}
$data merge entity $(bone_left_whisker15) {transformation: [-0.8751f,-0.3755f,0.3053f,0.8804f,-0.4082f,0.9116f,-0.0486f,1.6242f,-0.2601f,-0.1671f,-0.951f,2.0469f,0f,0f,0f,1f],start_interpolation: 0,interpolation_duration: 1}
$data merge entity $(bone_left_whisker14) {transformation: [-0.7102f,0.6344f,0.3053f,0.6412f,0.6537f,0.7552f,-0.0486f,1.8445f,-0.2614f,0.1651f,-0.951f,1.9588f,0f,0f,0f,1f],start_interpolation: 0,interpolation_duration: 1}
$data merge entity $(bone_left_whisker13) {transformation: [-0.0953f,0.9924f,0.0777f,0.6091f,0.9852f,0.0828f,0.1502f,2.1764f,0.1427f,0.0908f,-0.9856f,2.0069f,0f,0f,0f,1f],start_interpolation: 0,interpolation_duration: 1}
$data merge entity $(bone_left_whisker12) {transformation: [0.0642f,0.9964f,0.0552f,0.6379f,0.9296f,-0.0798f,0.3599f,2.594f,0.363f,0.0282f,-0.9314f,2.17f,0f,0f,0f,1f],start_interpolation: 0,interpolation_duration: 1}
$data merge entity $(bone_left_whisker11) {transformation: [0.2916f,0.956f,0.0333f,0.7689f,0.9539f,-0.2932f,0.0637f,3.0225f,0.0707f,0.0132f,-0.9974f,2.2017f,0f,0f,0f,1f],start_interpolation: 0,interpolation_duration: 1}
$data merge entity $(bone_left_whisker10) {transformation: [0.072f,0.9943f,-0.0792f,0.8012f,0.9802f,-0.0852f,-0.1785f,3.4628f,-0.1842f,-0.0648f,-0.9807f,2.119f,0f,0f,0f,1f],start_interpolation: 0,interpolation_duration: 1}
$data merge entity $(bone_left_whisker1) {transformation: [-0.341f,0.9388f,-0.0489f,0.648f,0.9356f,0.344f,0.0795f,3.8831f,0.0914f,-0.0186f,-0.9956f,2.16f,0f,0f,0f,1f],start_interpolation: 0,interpolation_duration: 1}
$data merge entity $(bone_upper_left_tooth1) {transformation: [-1f,-0.0032f,0.0075f,0.2748f,0f,0.9171f,0.3987f,3.8229f,-0.0081f,0.3987f,-0.9171f,3.1731f,0f,0f,0f,1f],start_interpolation: 0,interpolation_duration: 1}
$data merge entity $(bone_upper_right_tooth1) {transformation: [-1f,-0.0032f,0.0075f,-0.399f,0f,0.9171f,0.3987f,3.8229f,-0.0081f,0.3987f,-0.9171f,3.1677f,0f,0f,0f,1f],start_interpolation: 0,interpolation_duration: 1}
$data merge entity $(bone_top_lip1) {transformation: [-1f,0.001f,0.0081f,-0.0344f,0f,0.9928f,-0.1198f,3.9362f,-0.0081f,-0.1198f,-0.9928f,3.2199f,0f,0f,0f,1f],start_interpolation: 0,interpolation_duration: 1}
$data merge entity $(bone_muzzle1) {transformation: [-1f,-0.0032f,0.0075f,-0.0308f,0f,0.9171f,0.3987f,4.3146f,-0.0081f,0.3987f,-0.9171f,2.7721f,0f,0f,0f,1f],start_interpolation: 0,interpolation_duration: 1}
$data merge entity $(bone_jaw_right_tooth1) {transformation: [-1f,0.001f,0.0081f,-0.3987f,0f,0.9929f,-0.1189f,3.5999f,-0.0081f,-0.1189f,-0.9929f,3.1341f,0f,0f,0f,1f],start_interpolation: 0,interpolation_duration: 1}
$data merge entity $(bone_jaw_left_tooth1) {transformation: [-1f,0.001f,0.0081f,0.3312f,0f,0.9929f,-0.1189f,3.5999f,-0.0081f,-0.1189f,-0.9929f,3.1401f,0f,0f,0f,1f],start_interpolation: 0,interpolation_duration: 1}
$data merge entity $(bone_tongue1) {transformation: [-1f,-0.003f,0.0076f,-0.0277f,0f,0.9285f,0.3713f,3.8933f,-0.0081f,0.3713f,-0.9285f,2.3982f,0f,0f,0f,1f],start_interpolation: 0,interpolation_duration: 1}
$data merge entity $(bone_jaw_lips1) {transformation: [-1f,-0.003f,0.0076f,0.022f,0f,0.9285f,0.3713f,3.4398f,-0.0081f,0.3713f,-0.9285f,3.1849f,0f,0f,0f,1f],start_interpolation: 0,interpolation_duration: 1}
$data merge entity $(bone_jaw3) {transformation: [-1f,-0.0005f,0.0081f,0.0293f,0f,0.9985f,0.0553f,3.4054f,-0.0081f,0.0553f,-0.9984f,2.2832f,0f,0f,0f,1f],start_interpolation: 0,interpolation_duration: 1}
$data merge entity $(bone_jaw1) {transformation: [-1f,-0.0061f,0.0054f,0.0342f,0f,0.6669f,0.7451f,4.0749f,-0.0081f,0.7451f,-0.6669f,1.6841f,0f,0f,0f,1f],start_interpolation: 0,interpolation_duration: 1}
$data merge entity $(bone_tear_right1) {transformation: [-1f,-0.0039f,0.0072f,-0.637f,0f,0.8789f,0.4771f,4.3961f,-0.0081f,0.4771f,-0.8788f,2.7347f,0f,0f,0f,1f],start_interpolation: 0,interpolation_duration: 1}
$data merge entity $(bone_right_pupil1) {transformation: [-1f,-0.0039f,0.0072f,-0.4526f,0f,0.8789f,0.4771f,4.4626f,-0.0081f,0.4771f,-0.8788f,2.849f,0f,0f,0f,1f],start_interpolation: 0,interpolation_duration: 1}
$data merge entity $(bone_right_sad_pupil1) {transformation: [-1f,-0.0039f,0.0072f,-0.4525f,0f,0.8789f,0.4771f,4.468f,-0.0081f,0.4771f,-0.8788f,2.8391f,0f,0f,0f,1f],start_interpolation: 0,interpolation_duration: 1}
$data merge entity $(bone_right_happy_pupil1) {transformation: [-1f,-0.0039f,0.0072f,-0.4805f,0f,0.8789f,0.4771f,4.4433f,-0.0081f,0.4771f,-0.8788f,2.8255f,0f,0f,0f,1f],start_interpolation: 0,interpolation_duration: 1}
$data merge entity $(bone_eyelid_right1) {transformation: [-1f,-0.0039f,0.0072f,-0.0159f,0f,0.8789f,0.4771f,4.6865f,-0.0081f,0.4771f,-0.8788f,2.3224f,0f,0f,0f,1f],start_interpolation: 0,interpolation_duration: 1}
$data merge entity $(bone_eyelid_expressions_right5) {transformation: [-1f,-0.0039f,0.0072f,-0.5821f,0f,0.8789f,0.4771f,4.5667f,-0.0081f,0.4771f,-0.8788f,2.8917f,0f,0f,0f,1f],start_interpolation: 0,interpolation_duration: 1}
$data merge entity $(bone_eyelid_expressions_right7) {transformation: [-1f,-0.0039f,0.0072f,-0.2452f,0f,0.8789f,0.4771f,4.5667f,-0.0081f,0.4771f,-0.8788f,2.8944f,0f,0f,0f,1f],start_interpolation: 0,interpolation_duration: 1}
$data merge entity $(bone_eyelid_expressions_right6) {transformation: [-1f,-0.0039f,0.0072f,-0.3575f,0f,0.8789f,0.4771f,4.5667f,-0.0081f,0.4771f,-0.8788f,2.8935f,0f,0f,0f,1f],start_interpolation: 0,interpolation_duration: 1}
$data merge entity $(bone_right_eye1) {transformation: [-1f,-0.0039f,0.0072f,-0.0272f,0f,0.8789f,0.4771f,4.6812f,-0.0081f,0.4771f,-0.8788f,2.3322f,0f,0f,0f,1f],start_interpolation: 0,interpolation_duration: 1}
$data merge entity $(bone_tear_left1) {transformation: [-1f,-0.0039f,0.0072f,0.5759f,0f,0.8789f,0.4771f,4.3961f,-0.0081f,0.4771f,-0.8788f,2.7446f,0f,0f,0f,1f],start_interpolation: 0,interpolation_duration: 1}
$data merge entity $(bone_left_sad_pupil1) {transformation: [-1f,-0.0039f,0.0072f,0.3898f,0f,0.8789f,0.4771f,4.468f,-0.0081f,0.4771f,-0.8788f,2.846f,0f,0f,0f,1f],start_interpolation: 0,interpolation_duration: 1}
$data merge entity $(bone_left_pupil1) {transformation: [-1f,-0.0039f,0.0072f,0.3897f,0f,0.8789f,0.4771f,4.4626f,-0.0081f,0.4771f,-0.8788f,2.8559f,0f,0f,0f,1f],start_interpolation: 0,interpolation_duration: 1}
$data merge entity $(bone_eyelid_left1) {transformation: [-1f,-0.0039f,0.0072f,-0.0384f,0f,0.8789f,0.4771f,4.6865f,-0.0081f,0.4771f,-0.8788f,2.3222f,0f,0f,0f,1f],start_interpolation: 0,interpolation_duration: 1}
$data merge entity $(bone_left_happy_pupil1) {transformation: [-1f,-0.0039f,0.0072f,0.4179f,0f,0.8789f,0.4771f,4.4433f,-0.0081f,0.4771f,-0.8788f,2.8328f,0f,0f,0f,1f],start_interpolation: 0,interpolation_duration: 1}
$data merge entity $(bone_eyelid_expressions_left5) {transformation: [-1f,-0.0039f,0.0072f,0.5185f,0f,0.8789f,0.4771f,4.5667f,-0.0081f,0.4771f,-0.8788f,2.9006f,0f,0f,0f,1f],start_interpolation: 0,interpolation_duration: 1}
$data merge entity $(bone_eyelid_expressions_left7) {transformation: [-1f,-0.0039f,0.0072f,0.1816f,0f,0.8789f,0.4771f,4.5667f,-0.0081f,0.4771f,-0.8788f,2.8979f,0f,0f,0f,1f],start_interpolation: 0,interpolation_duration: 1}
$data merge entity $(bone_eyelid_expressions_left6) {transformation: [-1f,-0.0039f,0.0072f,0.2939f,0f,0.8789f,0.4771f,4.5667f,-0.0081f,0.4771f,-0.8788f,2.8988f,0f,0f,0f,1f],start_interpolation: 0,interpolation_duration: 1}
$data merge entity $(bone_left_eye1) {transformation: [-1f,-0.0039f,0.0072f,-0.0272f,0f,0.8789f,0.4771f,4.6812f,-0.0081f,0.4771f,-0.8788f,2.3322f,0f,0f,0f,1f],start_interpolation: 0,interpolation_duration: 1}
$data merge entity $(bone_crest_middle5) {transformation: [-1f,-0.0022f,0.0078f,-0.036f,0f,0.9613f,0.2756f,5.6716f,-0.0081f,0.2755f,-0.9613f,3.4122f,0f,0f,0f,1f],start_interpolation: 0,interpolation_duration: 1}
$data merge entity $(bone_crest_middle4) {transformation: [-1f,-0.0022f,0.0078f,-0.0345f,0f,0.9613f,0.2756f,5.0238f,-0.0081f,0.2755f,-0.9613f,3.2266f,0f,0f,0f,1f],start_interpolation: 0,interpolation_duration: 1}
$data merge entity $(bone_crest_middle1) {transformation: [-1f,-0.0022f,0.0078f,-0.034f,0f,0.9613f,0.2756f,4.5148f,-0.0081f,0.2755f,-0.9613f,3.1683f,0f,0f,0f,1f],start_interpolation: 0,interpolation_duration: 1}
$data merge entity $(bone_crest_left5) {transformation: [-0.534f,-0.8373f,0.1175f,-1.1387f,-0.7412f,0.5304f,0.4114f,5.0608f,-0.4067f,0.1326f,-0.9039f,3.1841f,0f,0f,0f,1f],start_interpolation: 0,interpolation_duration: 1}
$data merge entity $(bone_crest_left4) {transformation: [-0.534f,-0.8373f,0.1175f,-0.6685f,-0.7412f,0.5304f,0.4114f,4.7629f,-0.4067f,0.1326f,-0.9039f,3.1097f,0f,0f,0f,1f],start_interpolation: 0,interpolation_duration: 1}
$data merge entity $(bone_crest_left1) {transformation: [-0.534f,-0.8373f,0.1175f,-0.1448f,-0.7412f,0.5304f,0.4114f,4.4584f,-0.4067f,0.1326f,-0.9039f,2.977f,0f,0f,0f,1f],start_interpolation: 0,interpolation_duration: 1}
$data merge entity $(bone_crest_center1) {transformation: [-1f,-0.0039f,0.0072f,-0.0324f,0f,0.8789f,0.4771f,4.4337f,-0.0081f,0.4771f,-0.8788f,2.9645f,0f,0f,0f,1f],start_interpolation: 0,interpolation_duration: 1}
$data merge entity $(bone_crest_right5) {transformation: [-0.5406f,0.835f,-0.1027f,1.0702f,0.7412f,0.5304f,0.4114f,5.0608f,0.398f,0.1462f,-0.9057f,3.2021f,0f,0f,0f,1f],start_interpolation: 0,interpolation_duration: 1}
$data merge entity $(bone_crest_right4) {transformation: [-0.5406f,0.835f,-0.1027f,0.6014f,0.7412f,0.5304f,0.4114f,4.7629f,0.398f,0.1462f,-0.9057f,3.12f,0f,0f,0f,1f],start_interpolation: 0,interpolation_duration: 1}
$data merge entity $(bone_crest_right1) {transformation: [-0.5406f,0.835f,-0.1027f,0.0798f,0.7412f,0.5304f,0.4114f,4.4584f,0.398f,0.1462f,-0.9057f,2.9788f,0f,0f,0f,1f],start_interpolation: 0,interpolation_duration: 1}
$data merge entity $(bone_head1) {transformation: [-1.0481f,-0.0041f,0.0075f,-0.0226f,0f,0.9212f,0.5001f,4.9265f,-0.0085f,0.5001f,-0.9212f,1.7626f,0f,0f,0f,1f],start_interpolation: 0,interpolation_duration: 1}
$data merge entity $(bone_neck10) {transformation: [-1.4973f,-0.0034f,0.0117f,-0.0132f,0f,1.4379f,0.4178f,4.7928f,-0.0122f,0.4178f,-1.4379f,0.6127f,0f,0f,0f,1f],start_interpolation: 0,interpolation_duration: 1}
$data merge entity $(bone_neck9) {transformation: [-1.1455f,-0.0045f,0.0082f,-0.0079f,0f,1.0067f,0.5465f,3.4829f,-0.0093f,0.5465f,-1.0067f,-0.0344f,0f,0f,0f,1f],start_interpolation: 0,interpolation_duration: 1}
$data merge entity $(bone_neck8) {transformation: [-1.0631f,0.0021f,0.0084f,-0.0097f,0f,1.0315f,-0.2573f,2.7213f,-0.0087f,-0.2573f,-1.0315f,0.19f,0f,0f,0f,1f],start_interpolation: 0,interpolation_duration: 1}
$data merge entity $(bone_neck7) {transformation: [-1.0556f,0.0047f,0.0072f,-0.0142f,0f,0.8811f,-0.5815f,1.9364f,-0.0086f,-0.5815f,-0.8811f,0.7347f,0f,0f,0f,1f],start_interpolation: 0,interpolation_duration: 1}
$data merge entity $(bone_neck6) {transformation: [-1.0496f,0.0035f,0.0078f,-0.0172f,0f,0.9597f,-0.4251f,1.0847f,-0.0086f,-0.4251f,-0.9597f,1.1022f,0f,0f,0f,1f],start_interpolation: 0,interpolation_duration: 1}
$data merge entity $(bone_neck_spine6) {transformation: [-1.2683f,-0.0849f,-0.0646f,0.0714f,-0.0686f,0.0595f,1.2695f,0.2079f,-0.0817f,1.2686f,-0.0639f,-1.4939f,0f,0f,0f,1f],start_interpolation: 0,interpolation_duration: 1}
$data merge entity $(bone_neck_spine7) {transformation: [-0.9982f,-0.0007f,-0.0592f,0.2137f,-0.0525f,0.4725f,0.8798f,-0.2027f,0.0273f,0.8813f,-0.4717f,-5.1856f,0f,0f,0f,1f],start_interpolation: 0,interpolation_duration: 1}
$data merge entity $(bone_tail6) {transformation: [-1.457f,0.6123f,0.6838f,-0.7775f,0.7215f,-0.0291f,1.5633f,-0.6471f,0.5675f,1.6092f,-0.2319f,-8.7711f,0f,0f,0f,1f],start_interpolation: 0,interpolation_duration: 1}
$data merge entity $(bone_tail5) {transformation: [-1.2036f,0.5059f,0.5649f,-0.458f,0.596f,-0.024f,1.2914f,-0.6623f,0.4688f,1.3293f,-0.1916f,-7.9315f,0f,0f,0f,1f],start_interpolation: 0,interpolation_duration: 1}
$data merge entity $(bone_tail4) {transformation: [-0.8869f,0.3727f,0.4162f,-0.2983f,0.4392f,-0.0177f,0.9516f,-0.6699f,0.3454f,0.9795f,-0.1412f,-7.5117f,0f,0f,0f,1f],start_interpolation: 0,interpolation_duration: 1}
$data merge entity $(bone_segment18) {transformation: [-0.8461f,0.2967f,0.4428f,-0.1317f,0.419f,-0.1435f,0.8966f,-0.7504f,0.3295f,0.9441f,-0.0029f,-6.9816f,0f,0f,0f,1f],start_interpolation: 0,interpolation_duration: 1}
$data merge entity $(bone_segment17) {transformation: [-0.9487f,0.3144f,0.0333f,0.0978f,-0.0005f,-0.107f,0.9943f,-0.8285f,0.3162f,0.9432f,0.1016f,-6.293f,0f,0f,0f,1f],start_interpolation: 0,interpolation_duration: 1}
$data merge entity $(bone_segment16) {transformation: [-0.9886f,0.1441f,-0.0426f,0.2354f,-0.0236f,0.1309f,0.9911f,-0.7036f,0.1484f,0.9809f,-0.126f,-5.3567f,0f,0f,0f,1f],start_interpolation: 0,interpolation_duration: 1}
$data merge entity $(bone_segment15) {transformation: [-0.9982f,0.0146f,-0.0573f,0.2526f,-0.0525f,0.2287f,0.9721f,-0.4339f,0.0273f,0.9734f,-0.2275f,-4.2089f,0f,0f,0f,1f],start_interpolation: 0,interpolation_duration: 1}
$data merge entity $(bone_segment14) {transformation: [-1.0456f,-0.0458f,-0.0568f,0.2011f,-0.0598f,0.0681f,1.0443f,-0.3572f,-0.0419f,1.045f,-0.0706f,-3.0333f,0f,0f,0f,1f],start_interpolation: 0,interpolation_duration: 1}
$data merge entity $(bone_segment13) {transformation: [-1.0221f,-0.0584f,-0.0631f,0.1325f,-0.0553f,-0.1305f,1.0159f,-0.5422f,-0.0658f,1.0157f,0.1268f,-1.8135f,0f,0f,0f,1f],start_interpolation: 0,interpolation_duration: 1}
$data merge entity $(bone_segment12) {transformation: [-1.1124f,-0.0696f,-0.0474f,0.0484f,-0.0583f,0.184f,1.0987f,-0.3199f,-0.0608f,1.0981f,-0.1871f,-0.487f,0f,0f,0f,1f],start_interpolation: 0,interpolation_duration: 1}
$data merge entity $(bone_segment11) {transformation: [-1.1896f,-0.0442f,-0.0102f,-0.0071f,-0.0349f,0.7214f,0.9463f,0.5137f,-0.0289f,0.9459f,-0.7222f,0.6061f,0f,0f,0f,1f],start_interpolation: 0,interpolation_duration: 1}
$data merge entity $(bone_segment10) {transformation: [-1.0481f,-0.0041f,0.0075f,-0.0174f,0f,0.9176f,0.5066f,1.4531f,-0.0085f,0.5065f,-0.9176f,1.1246f,0f,0f,0f,1f],start_interpolation: 0,interpolation_duration: 1}
data modify entity @s data merge value {"cameras":{},"locators":{"mouth":{"posx":-0.03986557589030241,"posy":3.6509609016652753,"posz":3.885933871306952,"roty":180.4668907277118,"rotx":61.504949484142564}}}