# This file was generated by Animated Java via MC-Build. It is not recommended to edit this file directly.
$data merge entity $(bone_neck_spine5) {transformation: [-1.5722f,-0.0053f,0.0161f,0.1255f,0f,1.4946f,0.488f,4.3284f,-0.017f,0.488f,-1.4945f,-0.3929f,0f,0f,0f,1f],start_interpolation: 0,interpolation_duration: 1}
$data merge entity $(bone_neck_spine2) {transformation: [-1.4973f,-0.0059f,0.015f,-0.009f,0f,1.3939f,0.5471f,5.3152f,-0.0162f,0.5471f,-1.3938f,1.6577f,0f,0f,0f,1f],start_interpolation: 0,interpolation_duration: 1}
$data merge entity $(bone_scale_neck_left1) {transformation: [-1.5931f,0.4047f,0.1056f,0.781f,0.3731f,1.187f,1.0793f,4.4882f,0.189f,1.0678f,-1.2398f,1.3053f,0f,0f,0f,1f],start_interpolation: 0,interpolation_duration: 1}
$data merge entity $(bone_scale_neck_right1) {transformation: [-1.5887f,-0.4277f,-0.0789f,-0.7911f,-0.3731f,1.187f,1.0793f,4.4882f,-0.2234f,1.0589f,-1.2418f,1.2884f,0f,0f,0f,1f],start_interpolation: 0,interpolation_duration: 1}
$data merge entity $(bone_blush_right1) {transformation: [-0.9999f,-0.0059f,0.009f,-0.6796f,0f,0.8379f,0.5459f,3.5999f,-0.0108f,0.5458f,-0.8378f,2.3992f,0f,0f,0f,1f],start_interpolation: 0,interpolation_duration: 1}
$data merge entity $(bone_blush_left1) {transformation: [-0.9999f,-0.0059f,0.009f,0.6455f,0f,0.8379f,0.5459f,3.5999f,-0.0108f,0.5458f,-0.8378f,2.4135f,0f,0f,0f,1f],start_interpolation: 0,interpolation_duration: 1}
$data merge entity $(bone_left_head_scales) {transformation: [-0.8911f,-0.0059f,-0.4537f,0.656f,-0.2521f,0.8379f,0.4842f,4.4261f,0.3773f,0.5458f,-0.7481f,2.4827f,0f,0f,0f,1f],start_interpolation: 0,interpolation_duration: 1}
$data merge entity $(bone_left_head_scales2) {transformation: [-0.8243f,-0.0059f,-0.5661f,0.6598f,-0.3131f,0.8379f,0.4471f,3.5814f,0.4717f,0.5458f,-0.6925f,2.1335f,0f,0f,0f,1f],start_interpolation: 0,interpolation_duration: 1}
$data merge entity $(bone_left_head_scales1) {transformation: [-0.9999f,-0.0059f,0.009f,0.6567f,0f,0.8379f,0.5459f,4.332f,-0.0108f,0.5458f,-0.8378f,2.4214f,0f,0f,0f,1f],start_interpolation: 0,interpolation_duration: 1}
$data merge entity $(bone_right_head_scales) {transformation: [-0.8828f,-0.0059f,0.4697f,-0.6916f,0.2521f,0.8379f,0.4842f,4.4261f,-0.3964f,0.5458f,-0.7382f,2.4682f,0f,0f,0f,1f],start_interpolation: 0,interpolation_duration: 1}
$data merge entity $(bone_right_head_scales2) {transformation: [-0.8139f,-0.0059f,0.5809f,-0.6878f,0.3131f,0.8379f,0.4471f,3.5814f,-0.4894f,0.5458f,-0.6801f,2.1189f,0f,0f,0f,1f],start_interpolation: 0,interpolation_duration: 1}
$data merge entity $(bone_right_head_scales1) {transformation: [-0.9999f,-0.0059f,0.009f,-0.6909f,0f,0.8379f,0.5459f,4.332f,-0.0108f,0.5458f,-0.8378f,2.4069f,0f,0f,0f,1f],start_interpolation: 0,interpolation_duration: 1}
$data merge entity $(bone_head_left_fin1) {transformation: [-0.7352f,0.019f,-0.7469f,0.6599f,-0.1639f,1.0182f,0.1873f,4.0252f,0.7289f,0.2482f,-0.7112f,2.121f,0f,0f,0f,1f],start_interpolation: 0,interpolation_duration: 1}
$data merge entity $(bone_head_right_fin1) {transformation: [-0.7193f,-0.0244f,0.762f,-0.6877f,0.1639f,1.0182f,0.1873f,4.0252f,-0.7446f,0.2477f,-0.6949f,2.1064f,0f,0f,0f,1f],start_interpolation: 0,interpolation_duration: 1}
$data merge entity $(bone_right_whisker16) {transformation: [0.2597f,0.922f,-0.2873f,-1.2121f,0.9644f,-0.263f,0.0278f,1.2974f,-0.0499f,-0.2843f,-0.9574f,1.8689f,0f,0f,0f,1f],start_interpolation: 0,interpolation_duration: 1}
$data merge entity $(bone_right_whisker15) {transformation: [-0.8802f,0.3778f,-0.2873f,-0.9156f,0.3866f,0.9218f,0.0278f,1.1672f,0.2753f,-0.0866f,-0.9574f,1.7762f,0f,0f,0f,1f],start_interpolation: 0,interpolation_duration: 1}
$data merge entity $(bone_right_whisker14) {transformation: [-0.7144f,-0.638f,-0.2873f,-0.6749f,-0.6721f,0.74f,0.0278f,1.3936f,0.1948f,0.213f,-0.9574f,1.7105f,0f,0f,0f,1f],start_interpolation: 0,interpolation_duration: 1}
$data merge entity $(bone_right_whisker13) {transformation: [-0.0917f,-0.994f,-0.0591f,-0.644f,-0.9705f,0.0759f,0.2287f,1.7206f,-0.2228f,0.0784f,-0.9717f,1.7856f,0f,0f,0f,1f],start_interpolation: 0,interpolation_duration: 1}
$data merge entity $(bone_right_whisker12) {transformation: [0.0718f,-0.9967f,-0.0379f,-0.6762f,-0.8976f,-0.0812f,0.4333f,2.1238f,-0.4349f,0.0029f,-0.9005f,1.981f,0f,0f,0f,1f],start_interpolation: 0,interpolation_duration: 1}
$data merge entity $(bone_right_whisker11) {transformation: [0.2937f,-0.9558f,-0.0145f,-0.8082f,-0.9454f,-0.2927f,0.1433f,2.5485f,-0.1412f,-0.0284f,-0.9896f,2.0444f,0f,0f,0f,1f],start_interpolation: 0,interpolation_duration: 1}
$data merge entity $(bone_right_whisker10) {transformation: [0.0693f,-0.9928f,0.0978f,-0.8393f,-0.9919f,-0.0791f,-0.0995f,2.994f,0.1066f,-0.0902f,-0.9902f,1.9966f,0f,0f,0f,1f],start_interpolation: 0,interpolation_duration: 1}
$data merge entity $(bone_right_whisker1) {transformation: [-0.3384f,-0.9386f,0.0676f,-0.6873f,-0.9251f,0.345f,0.1588f,3.4096f,-0.1724f,-0.0088f,-0.985f,2.074f,0f,0f,0f,1f],start_interpolation: 0,interpolation_duration: 1}
$data merge entity $(bone_left_whisker16) {transformation: [0.2586f,-0.9156f,0.3079f,1.1894f,-0.9644f,-0.263f,0.0278f,1.2974f,0.0555f,-0.3041f,-0.951f,1.8948f,0f,0f,0f,1f],start_interpolation: 0,interpolation_duration: 1}
$data merge entity $(bone_left_whisker15) {transformation: [-0.874f,-0.3759f,0.3079f,0.8949f,-0.3866f,0.9218f,0.0278f,1.1672f,-0.2943f,-0.0947f,-0.951f,1.7957f,0f,0f,0f,1f],start_interpolation: 0,interpolation_duration: 1}
$data merge entity $(bone_left_whisker14) {transformation: [-0.71f,0.6333f,0.3079f,0.6557f,0.6721f,0.74f,0.0278f,1.3936f,-0.2102f,0.2267f,-0.951f,1.7249f,0f,0f,0f,1f],start_interpolation: 0,interpolation_duration: 1}
$data merge entity $(bone_left_whisker13) {transformation: [-0.0965f,0.9921f,0.0801f,0.6231f,0.9705f,0.0759f,0.2287f,1.7206f,0.2208f,0.0998f,-0.9702f,1.7993f,0f,0f,0f,1f],start_interpolation: 0,interpolation_duration: 1}
$data merge entity $(bone_left_whisker12) {transformation: [0.0624f,0.9964f,0.0573f,0.6512f,0.8976f,-0.0812f,0.4333f,2.1238f,0.4364f,0.0244f,-0.8994f,1.9953f,0f,0f,0f,1f],start_interpolation: 0,interpolation_duration: 1}
$data merge entity $(bone_left_whisker11) {transformation: [0.2906f,0.9562f,0.0359f,0.7817f,0.9454f,-0.2927f,0.1433f,2.5485f,0.1475f,-0.0077f,-0.989f,2.0616f,0f,0f,0f,1f],start_interpolation: 0,interpolation_duration: 1}
$data merge entity $(bone_left_whisker10) {transformation: [0.0716f,0.9945f,-0.0765f,0.8139f,0.9919f,-0.0791f,-0.0995f,2.994f,-0.105f,-0.0687f,-0.9921f,2.0144f,0f,0f,0f,1f],start_interpolation: 0,interpolation_duration: 1}
$data merge entity $(bone_left_whisker1) {transformation: [-0.342f,0.9386f,-0.0463f,0.6603f,0.9251f,0.345f,0.1588f,3.4096f,0.1651f,0.0115f,-0.9862f,2.0885f,0f,0f,0f,1f],start_interpolation: 0,interpolation_duration: 1}
$data merge entity $(bone_upper_left_tooth1) {transformation: [-0.9999f,-0.0051f,0.0095f,0.2844f,0f,0.8823f,0.4708f,3.2683f,-0.0108f,0.4707f,-0.8822f,3.0926f,0f,0f,0f,1f],start_interpolation: 0,interpolation_duration: 1}
$data merge entity $(bone_upper_right_tooth1) {transformation: [-0.9999f,-0.0051f,0.0095f,-0.3894f,0f,0.8823f,0.4708f,3.2683f,-0.0108f,0.4707f,-0.8822f,3.0853f,0f,0f,0f,1f],start_interpolation: 0,interpolation_duration: 1}
$data merge entity $(bone_top_lip1) {transformation: [-0.9999f,-0.0005f,0.0108f,-0.025f,0f,0.999f,0.0452f,3.3773f,-0.0108f,0.0452f,-0.9989f,3.1474f,0f,0f,0f,1f],start_interpolation: 0,interpolation_duration: 1}
$data merge entity $(bone_muzzle1) {transformation: [-0.9999f,-0.0051f,0.0095f,-0.0205f,0f,0.8823f,0.4708f,3.7903f,-0.0108f,0.4707f,-0.8822f,2.7314f,0f,0f,0f,1f],start_interpolation: 0,interpolation_duration: 1}
$data merge entity $(bone_jaw_right_tooth1) {transformation: [-0.9999f,0.0014f,0.0107f,-0.3893f,0f,0.9918f,-0.1279f,3.1767f,-0.0108f,-0.1279f,-0.9917f,3.081f,0f,0f,0f,1f],start_interpolation: 0,interpolation_duration: 1}
$data merge entity $(bone_jaw_left_tooth1) {transformation: [-0.9999f,0.0014f,0.0107f,0.3406f,0f,0.9918f,-0.1279f,3.1767f,-0.0108f,-0.1279f,-0.9917f,3.0889f,0f,0f,0f,1f],start_interpolation: 0,interpolation_duration: 1}
$data merge entity $(bone_tongue1) {transformation: [-0.9999f,-0.0024f,0.0105f,-0.0157f,0f,0.9753f,0.2208f,3.3414f,-0.0108f,0.2208f,-0.9753f,2.2861f,0f,0f,0f,1f],start_interpolation: 0,interpolation_duration: 1}
$data merge entity $(bone_jaw_lips1) {transformation: [-0.9999f,-0.0024f,0.0105f,0.0313f,0f,0.9753f,0.2208f,3.0171f,-0.0108f,0.2208f,-0.9753f,3.1344f,0f,0f,0f,1f],start_interpolation: 0,interpolation_duration: 1}
$data merge entity $(bone_jaw3) {transformation: [-0.9999f,-0.0005f,0.0108f,0.041f,0f,0.9989f,0.0462f,2.9744f,-0.0108f,0.0462f,-0.9989f,2.233f,0f,0f,0f,1f],start_interpolation: 0,interpolation_duration: 1}
$data merge entity $(bone_jaw1) {transformation: [-0.9999f,-0.008f,0.0073f,0.0475f,0f,0.6737f,0.739f,3.6384f,-0.0108f,0.739f,-0.6736f,1.6278f,0f,0f,0f,1f],start_interpolation: 0,interpolation_duration: 1}
$data merge entity $(bone_tear_right1) {transformation: [-0.9999f,-0.0059f,0.009f,-0.6267f,0f,0.8379f,0.5459f,3.8741f,-0.0108f,0.5458f,-0.8378f,2.699f,0f,0f,0f,1f],start_interpolation: 0,interpolation_duration: 1}
$data merge entity $(bone_right_pupil1) {transformation: [-0.9999f,-0.0059f,0.009f,-0.4426f,0f,0.8379f,0.5459f,3.9314f,-0.0108f,0.5458f,-0.8378f,2.8188f,0f,0f,0f,1f],start_interpolation: 0,interpolation_duration: 1}
$data merge entity $(bone_right_sad_pupil1) {transformation: [-0.9999f,-0.0059f,0.009f,-0.4425f,0f,0.8379f,0.5459f,3.9376f,-0.0108f,0.5458f,-0.8378f,2.8094f,0f,0f,0f,1f],start_interpolation: 0,interpolation_duration: 1}
$data merge entity $(bone_right_happy_pupil1) {transformation: [-0.9999f,-0.0059f,0.009f,-0.4705f,0f,0.8379f,0.5459f,3.914f,-0.0108f,0.5458f,-0.8378f,2.7937f,0f,0f,0f,1f],start_interpolation: 0,interpolation_duration: 1}
$data merge entity $(bone_eyelid_right1) {transformation: [-0.9999f,-0.0059f,0.009f,-0.0048f,0f,0.8379f,0.5459f,4.197f,-0.0108f,0.5458f,-0.8378f,2.3129f,0f,0f,0f,1f],start_interpolation: 0,interpolation_duration: 1}
$data merge entity $(bone_eyelid_expressions_right5) {transformation: [-0.9999f,-0.0059f,0.009f,-0.5723f,0f,0.8379f,0.5459f,4.0317f,-0.0108f,0.5458f,-0.8378f,2.8693f,0f,0f,0f,1f],start_interpolation: 0,interpolation_duration: 1}
$data merge entity $(bone_eyelid_expressions_right7) {transformation: [-0.9999f,-0.0059f,0.009f,-0.2355f,0f,0.8379f,0.5459f,4.0317f,-0.0108f,0.5458f,-0.8378f,2.8729f,0f,0f,0f,1f],start_interpolation: 0,interpolation_duration: 1}
$data merge entity $(bone_eyelid_expressions_right6) {transformation: [-0.9999f,-0.0059f,0.009f,-0.3478f,0f,0.8379f,0.5459f,4.0317f,-0.0108f,0.5458f,-0.8378f,2.8717f,0f,0f,0f,1f],start_interpolation: 0,interpolation_duration: 1}
$data merge entity $(bone_right_eye1) {transformation: [-0.9999f,-0.0059f,0.009f,-0.0161f,0f,0.8379f,0.5459f,4.1909f,-0.0108f,0.5458f,-0.8378f,2.3222f,0f,0f,0f,1f],start_interpolation: 0,interpolation_duration: 1}
$data merge entity $(bone_tear_left1) {transformation: [-0.9999f,-0.0059f,0.009f,0.5862f,0f,0.8379f,0.5459f,3.8741f,-0.0108f,0.5458f,-0.8378f,2.7121f,0f,0f,0f,1f],start_interpolation: 0,interpolation_duration: 1}
$data merge entity $(bone_left_sad_pupil1) {transformation: [-0.9999f,-0.0059f,0.009f,0.3997f,0f,0.8379f,0.5459f,3.9376f,-0.0108f,0.5458f,-0.8378f,2.8184f,0f,0f,0f,1f],start_interpolation: 0,interpolation_duration: 1}
$data merge entity $(bone_left_pupil1) {transformation: [-0.9999f,-0.0059f,0.009f,0.3996f,0f,0.8379f,0.5459f,3.9314f,-0.0108f,0.5458f,-0.8378f,2.8278f,0f,0f,0f,1f],start_interpolation: 0,interpolation_duration: 1}
$data merge entity $(bone_eyelid_left1) {transformation: [-0.9999f,-0.0059f,0.009f,-0.0272f,0f,0.8379f,0.5459f,4.197f,-0.0108f,0.5458f,-0.8378f,2.3127f,0f,0f,0f,1f],start_interpolation: 0,interpolation_duration: 1}
$data merge entity $(bone_left_happy_pupil1) {transformation: [-0.9999f,-0.0059f,0.009f,0.4279f,0f,0.8379f,0.5459f,3.914f,-0.0108f,0.5458f,-0.8378f,2.8034f,0f,0f,0f,1f],start_interpolation: 0,interpolation_duration: 1}
$data merge entity $(bone_eyelid_expressions_left5) {transformation: [-0.9999f,-0.0059f,0.009f,0.5282f,0f,0.8379f,0.5459f,4.0317f,-0.0108f,0.5458f,-0.8378f,2.8811f,0f,0f,0f,1f],start_interpolation: 0,interpolation_duration: 1}
$data merge entity $(bone_eyelid_expressions_left7) {transformation: [-0.9999f,-0.0059f,0.009f,0.1913f,0f,0.8379f,0.5459f,4.0317f,-0.0108f,0.5458f,-0.8378f,2.8775f,0f,0f,0f,1f],start_interpolation: 0,interpolation_duration: 1}
$data merge entity $(bone_eyelid_expressions_left6) {transformation: [-0.9999f,-0.0059f,0.009f,0.3036f,0f,0.8379f,0.5459f,4.0317f,-0.0108f,0.5458f,-0.8378f,2.8787f,0f,0f,0f,1f],start_interpolation: 0,interpolation_duration: 1}
$data merge entity $(bone_left_eye1) {transformation: [-0.9999f,-0.0059f,0.009f,-0.0161f,0f,0.8379f,0.5459f,4.1909f,-0.0108f,0.5458f,-0.8378f,2.3222f,0f,0f,0f,1f],start_interpolation: 0,interpolation_duration: 1}
$data merge entity $(bone_crest_middle5) {transformation: [-0.9999f,-0.0038f,0.0101f,-0.0286f,0f,0.9362f,0.3516f,5.0917f,-0.0108f,0.3516f,-0.9361f,3.478f,0f,0f,0f,1f],start_interpolation: 0,interpolation_duration: 1}
$data merge entity $(bone_crest_middle4) {transformation: [-0.9999f,-0.0038f,0.0101f,-0.026f,0f,0.9362f,0.3516f,4.4609f,-0.0108f,0.3516f,-0.9361f,3.2411f,0f,0f,0f,1f],start_interpolation: 0,interpolation_duration: 1}
$data merge entity $(bone_crest_middle1) {transformation: [-0.9999f,-0.0038f,0.0101f,-0.025f,0f,0.9362f,0.3516f,3.9582f,-0.0108f,0.3516f,-0.9361f,3.1423f,0f,0f,0f,1f],start_interpolation: 0,interpolation_duration: 1}
$data merge entity $(bone_crest_left5) {transformation: [-0.5323f,-0.8381f,0.1195f,-1.1301f,-0.7067f,0.5176f,0.4824f,4.5004f,-0.4661f,0.1724f,-0.8677f,3.1988f,0f,0f,0f,1f],start_interpolation: 0,interpolation_duration: 1}
$data merge entity $(bone_crest_left4) {transformation: [-0.5323f,-0.8381f,0.1195f,-0.6595f,-0.7067f,0.5176f,0.4824f,4.2098f,-0.4661f,0.1724f,-0.8677f,3.102f,0f,0f,0f,1f],start_interpolation: 0,interpolation_duration: 1}
$data merge entity $(bone_crest_left1) {transformation: [-0.5323f,-0.8381f,0.1195f,-0.1352f,-0.7067f,0.5176f,0.4824f,3.9172f,-0.4661f,0.1724f,-0.8677f,2.9468f,0f,0f,0f,1f],start_interpolation: 0,interpolation_duration: 1}
$data merge entity $(bone_crest_center1) {transformation: [-0.9999f,-0.0059f,0.009f,-0.0227f,0f,0.8379f,0.5459f,3.8936f,-0.0108f,0.5458f,-0.8378f,2.9327f,0f,0f,0f,1f],start_interpolation: 0,interpolation_duration: 1}
$data merge entity $(bone_crest_right5) {transformation: [-0.5422f,0.8342f,-0.1007f,1.0787f,0.7067f,0.5176f,0.4824f,4.5004f,0.4546f,0.1904f,-0.8701f,3.2227f,0f,0f,0f,1f],start_interpolation: 0,interpolation_duration: 1}
$data merge entity $(bone_crest_right4) {transformation: [-0.5422f,0.8342f,-0.1007f,0.6103f,0.7067f,0.5176f,0.4824f,4.2098f,0.4546f,0.1904f,-0.8701f,3.1157f,0f,0f,0f,1f],start_interpolation: 0,interpolation_duration: 1}
$data merge entity $(bone_crest_right1) {transformation: [-0.5422f,0.8342f,-0.1007f,0.0894f,0.7067f,0.5176f,0.4824f,3.9172f,0.4546f,0.1904f,-0.8701f,2.9493f,0f,0f,0f,1f],start_interpolation: 0,interpolation_duration: 1}
$data merge entity $(bone_head1) {transformation: [-1.0481f,-0.0062f,0.0095f,-0.0102f,0f,0.8782f,0.5722f,4.481f,-0.0113f,0.5721f,-0.8782f,1.774f,0f,0f,0f,1f],start_interpolation: 0,interpolation_duration: 1}
$data merge entity $(bone_neck10) {transformation: [-1.4973f,-0.0078f,0.0141f,0.0022f,0f,1.3105f,0.7243f,4.6039f,-0.0162f,0.7243f,-1.3105f,0.623f,0f,0f,0f,1f],start_interpolation: 0,interpolation_duration: 1}
$data merge entity $(bone_neck9) {transformation: [-1.1454f,-0.0067f,0.0104f,0.0103f,0f,0.9598f,0.6253f,3.35f,-0.0124f,0.6253f,-0.9597f,-0.1268f,0f,0f,0f,1f],start_interpolation: 0,interpolation_duration: 1}
$data merge entity $(bone_neck8) {transformation: [-1.0631f,0.0019f,0.0113f,0.0085f,0f,1.0488f,-0.1739f,2.573f,-0.0115f,-0.1739f,-1.0488f,0.036f,0f,0f,0f,1f],start_interpolation: 0,interpolation_duration: 1}
$data merge entity $(bone_neck7) {transformation: [-1.0556f,0.0049f,0.0103f,0.0039f,0f,0.9522f,-0.4558f,1.721f,-0.0114f,-0.4557f,-0.9522f,0.4684f,0f,0f,0f,1f],start_interpolation: 0,interpolation_duration: 1}
$data merge entity $(bone_neck6) {transformation: [-1.0496f,0.0032f,0.0109f,0.0012f,0f,1.008f,-0.2928f,0.8278f,-0.0113f,-0.2928f,-1.008f,0.7186f,0f,0f,0f,1f],start_interpolation: 0,interpolation_duration: 1}
$data merge entity $(bone_neck_spine6) {transformation: [-1.2649f,0.1169f,0.0802f,-0.0077f,0.0666f,-0.1453f,1.2627f,0.1102f,0.1251f,1.2591f,0.1383f,-1.8653f,0f,0f,0f,1f],start_interpolation: 0,interpolation_duration: 1}
$data merge entity $(bone_neck_spine7) {transformation: [-0.9912f,0.1298f,0.0268f,-0.4019f,0.0439f,0.1313f,0.9904f,0.5971f,0.125f,0.9828f,-0.1358f,-5.4475f,0f,0f,0f,1f],start_interpolation: 0,interpolation_duration: 1}
$data merge entity $(bone_tail6) {transformation: [-1.6104f,-0.4913f,-0.3611f,0.1104f,-0.428f,0.1842f,1.6578f,0.6991f,-0.4343f,1.6401f,-0.2944f,-9.173f,0f,0f,0f,1f],start_interpolation: 0,interpolation_duration: 1}
$data merge entity $(bone_tail5) {transformation: [-1.3304f,-0.4059f,-0.2983f,-0.1459f,-0.3535f,0.1522f,1.3695f,0.7952f,-0.3588f,1.3549f,-0.2432f,-8.3173f,0f,0f,0f,1f],start_interpolation: 0,interpolation_duration: 1}
$data merge entity $(bone_tail4) {transformation: [-0.9803f,-0.2991f,-0.2198f,-0.2741f,-0.2605f,0.1121f,1.0091f,0.8433f,-0.2644f,0.9983f,-0.1792f,-7.8894f,0f,0f,0f,1f],start_interpolation: 0,interpolation_duration: 1}
$data merge entity $(bone_segment18) {transformation: [-0.9352f,-0.2266f,-0.2721f,-0.4013f,-0.2485f,-0.1272f,0.9602f,0.7719f,-0.2522f,0.9656f,0.0626f,-7.3472f,0f,0f,0f,1f],start_interpolation: 0,interpolation_duration: 1}
$data merge entity $(bone_segment17) {transformation: [-0.9907f,-0.1281f,0.0455f,-0.4948f,0.0965f,-0.4266f,0.8993f,0.4605f,-0.0958f,0.8953f,0.435f,-6.6936f,0f,0f,0f,1f],start_interpolation: 0,interpolation_duration: 1}
$data merge entity $(bone_segment16) {transformation: [-0.9972f,0.0346f,0.0659f,-0.4618f,0.0534f,-0.2849f,0.9571f,0.1885f,0.0519f,0.9579f,0.2823f,-5.7792f,0f,0f,0f,1f],start_interpolation: 0,interpolation_duration: 1}
$data merge entity $(bone_segment15) {transformation: [-0.9912f,0.1184f,0.0594f,-0.3222f,0.0439f,-0.1295f,0.9906f,0.0357f,0.125f,0.9845f,0.1232f,-4.6183f,0f,0f,0f,1f],start_interpolation: 0,interpolation_duration: 1}
$data merge entity $(bone_segment14) {transformation: [-1.0384f,0.1238f,0.071f,-0.1829f,0.0452f,-0.2094f,1.0261f,-0.1998f,0.1354f,1.0196f,0.2021f,-3.4713f,0f,0f,0f,1f],start_interpolation: 0,interpolation_duration: 1}
$data merge entity $(bone_segment13) {transformation: [-1.0193f,0.0816f,0.08f,-0.0868f,0.0537f,-0.292f,0.9818f,-0.5784f,0.1008f,0.9799f,0.2859f,-2.299f,0f,0f,0f,1f],start_interpolation: 0,interpolation_duration: 1}
$data merge entity $(bone_segment12) {transformation: [-1.1132f,0.0546f,0.0486f,-0.0208f,0.0532f,0.0976f,1.11f,-0.4605f,0.0501f,1.1099f,-0.1f,-0.9581f,0f,0f,0f,1f],start_interpolation: 0,interpolation_duration: 1}
$data merge entity $(bone_segment11) {transformation: [-1.1902f,0.0151f,0.0176f,0.0027f,0.023f,0.6607f,0.99f,0.3029f,0.0028f,0.9901f,-0.6609f,0.1862f,0f,0f,0f,1f],start_interpolation: 0,interpolation_duration: 1}
$data merge entity $(bone_segment10) {transformation: [-1.0481f,-0.0064f,0.0093f,0.0004f,0f,0.8664f,0.5899f,1.1899f,-0.0113f,0.5899f,-0.8664f,0.7901f,0f,0f,0f,1f],start_interpolation: 0,interpolation_duration: 1}
data modify entity @s data merge value {"cameras":{},"locators":{"mouth":{"posx":-0.03193776480279025,"posy":3.0396723975029043,"posz":3.7885192689523577,"roty":180.61803398874991,"rotx":56.916001158787246}}}