# This file was generated by Animated Java via MC-Build. It is not recommended to edit this file directly.
$data merge entity $(bone_neck_spine5) {transformation: [-1.5722f,0.0035f,-0.0166f,0.0986f,0f,1.5384f,0.3246f,4.3939f,0.017f,0.3246f,-1.5383f,-0.4439f,0f,0f,0f,1f],start_interpolation: 0,interpolation_duration: 1}
$data merge entity $(bone_neck_spine2) {transformation: [-1.4973f,0.0024f,-0.016f,0.0061f,0f,1.4807f,0.2231f,5.7008f,0.0162f,0.2231f,-1.4806f,1.3894f,0f,0f,0f,1f],start_interpolation: 0,interpolation_duration: 1}
$data merge entity $(bone_scale_neck_left1) {transformation: [-1.5896f,0.4245f,0.0766f,0.7903f,0.4097f,1.3939f,0.776f,4.8142f,0.1352f,0.768f,-1.4508f,1.2132f,0f,0f,0f,1f],start_interpolation: 0,interpolation_duration: 1}
$data merge entity $(bone_scale_neck_right1) {transformation: [-1.5922f,-0.4078f,-0.1079f,-0.7818f,-0.4097f,1.3939f,0.776f,4.8142f,-0.1008f,0.777f,-1.4488f,1.2301f,0f,0f,0f,1f],start_interpolation: 0,interpolation_duration: 1}
$data merge entity $(bone_blush_right1) {transformation: [-0.9999f,0.0049f,-0.0096f,-0.6455f,0f,0.8917f,0.4527f,4.1054f,0.0108f,0.4527f,-0.8916f,2.4189f,0f,0f,0f,1f],start_interpolation: 0,interpolation_duration: 1}
$data merge entity $(bone_blush_left1) {transformation: [-0.9999f,0.0049f,-0.0096f,0.6796f,0f,0.8917f,0.4527f,4.1054f,0.0108f,0.4527f,-0.8916f,2.4046f,0f,0f,0f,1f],start_interpolation: 0,interpolation_duration: 1}
$data merge entity $(bone_left_head_scales) {transformation: [-0.8825f,0.0049f,-0.4703f,0.6907f,-0.209f,0.8917f,0.4015f,4.9342f,0.4213f,0.4527f,-0.7859f,2.3845f,0f,0f,0f,1f],start_interpolation: 0,interpolation_duration: 1}
$data merge entity $(bone_left_head_scales2) {transformation: [-0.8136f,0.0049f,-0.5814f,0.6879f,-0.2596f,0.8917f,0.3708f,4.0569f,0.5202f,0.4527f,-0.7242f,2.128f,0f,0f,0f,1f],start_interpolation: 0,interpolation_duration: 1}
$data merge entity $(bone_left_head_scales1) {transformation: [-0.9999f,0.0049f,-0.0096f,0.6901f,0f,0.8917f,0.4527f,4.8341f,0.0108f,0.4527f,-0.8916f,2.3336f,0f,0f,0f,1f],start_interpolation: 0,interpolation_duration: 1}
$data merge entity $(bone_right_head_scales) {transformation: [-0.8914f,0.0049f,0.4532f,-0.6569f,0.209f,0.8917f,0.4015f,4.9342f,-0.4021f,0.4527f,-0.7959f,2.399f,0f,0f,0f,1f],start_interpolation: 0,interpolation_duration: 1}
$data merge entity $(bone_right_head_scales2) {transformation: [-0.8246f,0.0049f,0.5657f,-0.6597f,0.2596f,0.8917f,0.3708f,4.0569f,-0.5026f,0.4527f,-0.7366f,2.1425f,0f,0f,0f,1f],start_interpolation: 0,interpolation_duration: 1}
$data merge entity $(bone_right_head_scales1) {transformation: [-0.9999f,0.0049f,-0.0096f,-0.6575f,0f,0.8917f,0.4527f,4.8341f,0.0108f,0.4527f,-0.8916f,2.3482f,0f,0f,0f,1f],start_interpolation: 0,interpolation_duration: 1}
$data merge entity $(bone_head_left_fin1) {transformation: [-0.7192f,0.0232f,-0.7622f,0.6872f,-0.0838f,1.0389f,0.1107f,4.4967f,0.7579f,0.1369f,-0.711f,2.0679f,0f,0f,0f,1f],start_interpolation: 0,interpolation_duration: 1}
$data merge entity $(bone_head_right_fin1) {transformation: [-0.7353f,-0.0202f,0.7467f,-0.6603f,0.0838f,1.0389f,0.1107f,4.4967f,-0.7422f,0.1373f,-0.7273f,2.0824f,0f,0f,0f,1f],start_interpolation: 0,interpolation_duration: 1}
$data merge entity $(bone_right_whisker16) {transformation: [0.2575f,0.9159f,-0.3078f,-1.1866f,0.9532f,-0.2931f,-0.0748f,1.7598f,-0.1588f,-0.2741f,-0.9485f,2.1507f,0f,0f,0f,1f],start_interpolation: 0,interpolation_duration: 1}
$data merge entity $(bone_right_whisker15) {transformation: [-0.8745f,0.3748f,-0.3078f,-0.892f,0.415f,0.9067f,-0.0748f,1.62f,0.2511f,-0.1932f,-0.9485f,2.0661f,0f,0f,0f,1f],start_interpolation: 0,interpolation_duration: 1}
$data merge entity $(bone_right_whisker14) {transformation: [-0.7093f,-0.6342f,-0.3078f,-0.653f,-0.6464f,0.7593f,-0.0748f,1.8378f,0.2812f,0.1459f,-0.9485f,1.9714f,0f,0f,0f,1f],start_interpolation: 0,interpolation_duration: 1}
$data merge entity $(bone_right_whisker13) {transformation: [-0.0954f,-0.9922f,-0.0803f,-0.6209f,-0.9888f,0.0851f,0.123f,2.1709f,-0.1152f,0.0911f,-0.9892f,2.0102f,0f,0f,0f,1f],start_interpolation: 0,interpolation_duration: 1}
$data merge entity $(bone_right_whisker12) {transformation: [0.0635f,-0.9963f,-0.0577f,-0.6494f,-0.9392f,-0.0792f,0.3341f,2.5928f,-0.3374f,0.033f,-0.9408f,2.1618f,0f,0f,0f,1f],start_interpolation: 0,interpolation_duration: 1}
$data merge entity $(bone_right_whisker11) {transformation: [0.2917f,-0.9558f,-0.036f,-0.7804f,-0.9554f,-0.293f,0.0362f,3.022f,-0.0451f,0.0238f,-0.9987f,2.182f,0f,0f,0f,1f],start_interpolation: 0,interpolation_duration: 1}
$data merge entity $(bone_right_whisker10) {transformation: [0.0727f,-0.9944f,0.0766f,-0.8131f,-0.9748f,-0.0871f,-0.2055f,3.4599f,0.211f,-0.0598f,-0.9757f,2.0873f,0f,0f,0f,1f],start_interpolation: 0,interpolation_duration: 1}
$data merge entity $(bone_right_whisker1) {transformation: [-0.3409f,-0.939f,0.0462f,-0.66f,-0.9379f,0.3431f,0.052f,3.8812f,-0.0647f,-0.0256f,-0.9976f,2.1163f,0f,0f,0f,1f],start_interpolation: 0,interpolation_duration: 1}
$data merge entity $(bone_left_whisker16) {transformation: [0.2608f,-0.9216f,0.2873f,1.2149f,-0.9532f,-0.2931f,-0.0748f,1.7598f,0.1532f,-0.2543f,-0.9549f,2.1248f,0f,0f,0f,1f],start_interpolation: 0,interpolation_duration: 1}
$data merge entity $(bone_left_whisker15) {transformation: [-0.8797f,-0.3789f,0.2873f,0.9185f,-0.415f,0.9067f,-0.0748f,1.62f,-0.2321f,-0.1851f,-0.9549f,2.0466f,0f,0f,0f,1f],start_interpolation: 0,interpolation_duration: 1}
$data merge entity $(bone_left_whisker14) {transformation: [-0.7152f,0.6372f,0.2873f,0.6775f,0.6464f,0.7593f,-0.0748f,1.8378f,-0.2658f,0.1322f,-0.9549f,1.957f,0f,0f,0f,1f],start_interpolation: 0,interpolation_duration: 1}
$data merge entity $(bone_left_whisker13) {transformation: [-0.0929f,0.9939f,0.0589f,0.6462f,0.9888f,0.0851f,0.123f,2.1709f,0.1172f,0.0697f,-0.9907f,1.9965f,0f,0f,0f,1f],start_interpolation: 0,interpolation_duration: 1}
$data merge entity $(bone_left_whisker12) {transformation: [0.0708f,0.9968f,0.0374f,0.678f,0.9392f,-0.0792f,0.3341f,2.5928f,0.336f,0.0115f,-0.9418f,2.1474f,0f,0f,0f,1f],start_interpolation: 0,interpolation_duration: 1}
$data merge entity $(bone_left_whisker11) {transformation: [0.2926f,0.9561f,0.0144f,0.8095f,0.9554f,-0.293f,0.0362f,3.022f,0.0388f,0.0032f,-0.9992f,2.1649f,0f,0f,0f,1f],start_interpolation: 0,interpolation_duration: 1}
$data merge entity $(bone_left_whisker10) {transformation: [0.0682f,0.9929f,-0.0977f,0.8401f,0.9748f,-0.0871f,-0.2055f,3.4599f,-0.2125f,-0.0812f,-0.9738f,2.0694f,0f,0f,0f,1f],start_interpolation: 0,interpolation_duration: 1}
$data merge entity $(bone_left_whisker1) {transformation: [-0.3395f,0.9382f,-0.0677f,0.6876f,0.9379f,0.3431f,0.052f,3.8812f,0.072f,-0.0459f,-0.9963f,2.1018f,0f,0f,0f,1f],start_interpolation: 0,interpolation_duration: 1}
$data merge entity $(bone_upper_left_tooth1) {transformation: [-0.9999f,0.004f,-0.01f,0.3336f,0f,0.9277f,0.3732f,3.8491f,0.0108f,0.3732f,-0.9277f,3.1231f,0f,0f,0f,1f],start_interpolation: 0,interpolation_duration: 1}
$data merge entity $(bone_upper_right_tooth1) {transformation: [-0.9999f,0.004f,-0.01f,-0.3402f,0f,0.9277f,0.3732f,3.8491f,0.0108f,0.3732f,-0.9277f,3.1303f,0f,0f,0f,1f],start_interpolation: 0,interpolation_duration: 1}
$data merge entity $(bone_top_lip1) {transformation: [-0.9999f,-0.0014f,-0.0107f,0.0253f,0f,0.9912f,-0.1321f,3.9637f,0.0108f,-0.1321f,-0.9912f,3.1725f,0f,0f,0f,1f],start_interpolation: 0,interpolation_duration: 1}
$data merge entity $(bone_muzzle1) {transformation: [-0.9999f,0.004f,-0.01f,0.0204f,0f,0.9277f,0.3732f,4.3296f,0.0108f,0.3732f,-0.9277f,2.7145f,0f,0f,0f,1f],start_interpolation: 0,interpolation_duration: 1}
$data merge entity $(bone_jaw_right_tooth1) {transformation: [-0.9999f,-0.0014f,-0.0107f,-0.3405f,0f,0.9911f,-0.1331f,3.6058f,0.0108f,-0.1331f,-0.991f,3.0971f,0f,0f,0f,1f],start_interpolation: 0,interpolation_duration: 1}
$data merge entity $(bone_jaw_left_tooth1) {transformation: [-0.9999f,-0.0014f,-0.0107f,0.3894f,0f,0.9911f,-0.1331f,3.6058f,0.0108f,-0.1331f,-0.991f,3.0892f,0f,0f,0f,1f],start_interpolation: 0,interpolation_duration: 1}
$data merge entity $(bone_tongue1) {transformation: [-0.9999f,0.0041f,-0.01f,0.0165f,0f,0.9256f,0.3785f,3.906f,0.0108f,0.3785f,-0.9255f,2.3601f,0f,0f,0f,1f],start_interpolation: 0,interpolation_duration: 1}
$data merge entity $(bone_jaw_lips1) {transformation: [-0.9999f,0.0041f,-0.01f,0.0811f,0f,0.9256f,0.3785f,3.4464f,0.0108f,0.3785f,-0.9255f,3.1422f,0f,0f,0f,1f],start_interpolation: 0,interpolation_duration: 1}
$data merge entity $(bone_jaw3) {transformation: [-0.9999f,0.0004f,-0.0108f,0.0714f,0f,0.9992f,0.041f,3.3991f,0.0108f,0.041f,-0.9991f,2.2411f,0f,0f,0f,1f],start_interpolation: 0,interpolation_duration: 1}
$data merge entity $(bone_jaw1) {transformation: [-0.9999f,0.0079f,-0.0073f,0.0648f,0f,0.6775f,0.7355f,4.0599f,0.0108f,0.7355f,-0.6775f,1.6324f,0f,0f,0f,1f],start_interpolation: 0,interpolation_duration: 1}
$data merge entity $(bone_tear_right1) {transformation: [-0.9999f,0.0049f,-0.0096f,-0.5864f,0f,0.8917f,0.4527f,4.4101f,0.0108f,0.4527f,-0.8916f,2.6863f,0f,0f,0f,1f],start_interpolation: 0,interpolation_duration: 1}
$data merge entity $(bone_right_pupil1) {transformation: [-0.9999f,0.0049f,-0.0096f,-0.3999f,0f,0.8917f,0.4527f,4.4798f,0.0108f,0.4527f,-0.8916f,2.7953f,0f,0f,0f,1f],start_interpolation: 0,interpolation_duration: 1}
$data merge entity $(bone_right_sad_pupil1) {transformation: [-0.9999f,0.0049f,-0.0096f,-0.4001f,0f,0.8917f,0.4527f,4.4848f,0.0108f,0.4527f,-0.8916f,2.7852f,0f,0f,0f,1f],start_interpolation: 0,interpolation_duration: 1}
$data merge entity $(bone_right_happy_pupil1) {transformation: [-0.9999f,0.0049f,-0.0096f,-0.4283f,0f,0.8917f,0.4527f,4.4598f,0.0108f,0.4527f,-0.8916f,2.7728f,0f,0f,0f,1f],start_interpolation: 0,interpolation_duration: 1}
$data merge entity $(bone_eyelid_right1) {transformation: [-0.9999f,0.0049f,-0.0096f,0.0266f,0f,0.8917f,0.4527f,4.689f,0.0108f,0.4527f,-0.8916f,2.2545f,0f,0f,0f,1f],start_interpolation: 0,interpolation_duration: 1}
$data merge entity $(bone_eyelid_expressions_right5) {transformation: [-0.9999f,0.0049f,-0.0096f,-0.5286f,0f,0.8917f,0.4527f,4.585f,0.0108f,0.4527f,-0.8916f,2.8375f,0f,0f,0f,1f],start_interpolation: 0,interpolation_duration: 1}
$data merge entity $(bone_eyelid_expressions_right7) {transformation: [-0.9999f,0.0049f,-0.0096f,-0.1918f,0f,0.8917f,0.4527f,4.585f,0.0108f,0.4527f,-0.8916f,2.8338f,0f,0f,0f,1f],start_interpolation: 0,interpolation_duration: 1}
$data merge entity $(bone_eyelid_expressions_right6) {transformation: [-0.9999f,0.0049f,-0.0096f,-0.3041f,0f,0.8917f,0.4527f,4.585f,0.0108f,0.4527f,-0.8916f,2.835f,0f,0f,0f,1f],start_interpolation: 0,interpolation_duration: 1}
$data merge entity $(bone_right_eye1) {transformation: [-0.9999f,0.0049f,-0.0096f,0.0155f,0f,0.8917f,0.4527f,4.6839f,0.0108f,0.4527f,-0.8916f,2.2646f,0f,0f,0f,1f],start_interpolation: 0,interpolation_duration: 1}
$data merge entity $(bone_tear_left1) {transformation: [-0.9999f,0.0049f,-0.0096f,0.6264f,0f,0.8917f,0.4527f,4.4101f,0.0108f,0.4527f,-0.8916f,2.6733f,0f,0f,0f,1f],start_interpolation: 0,interpolation_duration: 1}
$data merge entity $(bone_left_sad_pupil1) {transformation: [-0.9999f,0.0049f,-0.0096f,0.4422f,0f,0.8917f,0.4527f,4.4848f,0.0108f,0.4527f,-0.8916f,2.7762f,0f,0f,0f,1f],start_interpolation: 0,interpolation_duration: 1}
$data merge entity $(bone_left_pupil1) {transformation: [-0.9999f,0.0049f,-0.0096f,0.4423f,0f,0.8917f,0.4527f,4.4798f,0.0108f,0.4527f,-0.8916f,2.7862f,0f,0f,0f,1f],start_interpolation: 0,interpolation_duration: 1}
$data merge entity $(bone_eyelid_left1) {transformation: [-0.9999f,0.0049f,-0.0096f,0.0042f,0f,0.8917f,0.4527f,4.689f,0.0108f,0.4527f,-0.8916f,2.2547f,0f,0f,0f,1f],start_interpolation: 0,interpolation_duration: 1}
$data merge entity $(bone_left_happy_pupil1) {transformation: [-0.9999f,0.0049f,-0.0096f,0.4701f,0f,0.8917f,0.4527f,4.4598f,0.0108f,0.4527f,-0.8916f,2.7631f,0f,0f,0f,1f],start_interpolation: 0,interpolation_duration: 1}
$data merge entity $(bone_eyelid_expressions_left5) {transformation: [-0.9999f,0.0049f,-0.0096f,0.5719f,0f,0.8917f,0.4527f,4.585f,0.0108f,0.4527f,-0.8916f,2.8256f,0f,0f,0f,1f],start_interpolation: 0,interpolation_duration: 1}
$data merge entity $(bone_eyelid_expressions_left7) {transformation: [-0.9999f,0.0049f,-0.0096f,0.235f,0f,0.8917f,0.4527f,4.585f,0.0108f,0.4527f,-0.8916f,2.8292f,0f,0f,0f,1f],start_interpolation: 0,interpolation_duration: 1}
$data merge entity $(bone_eyelid_expressions_left6) {transformation: [-0.9999f,0.0049f,-0.0096f,0.3473f,0f,0.8917f,0.4527f,4.585f,0.0108f,0.4527f,-0.8916f,2.828f,0f,0f,0f,1f],start_interpolation: 0,interpolation_duration: 1}
$data merge entity $(bone_left_eye1) {transformation: [-0.9999f,0.0049f,-0.0096f,0.0155f,0f,0.8917f,0.4527f,4.6839f,0.0108f,0.4527f,-0.8916f,2.2646f,0f,0f,0f,1f],start_interpolation: 0,interpolation_duration: 1}
$data merge entity $(bone_crest_middle5) {transformation: [-0.9999f,0.0027f,-0.0104f,0.0269f,0f,0.9685f,0.249f,5.7037f,0.0108f,0.2489f,-0.9685f,3.317f,0f,0f,0f,1f],start_interpolation: 0,interpolation_duration: 1}
$data merge entity $(bone_crest_middle4) {transformation: [-0.9999f,0.0027f,-0.0104f,0.025f,0f,0.9685f,0.249f,5.051f,0.0108f,0.2489f,-0.9685f,3.1492f,0f,0f,0f,1f],start_interpolation: 0,interpolation_duration: 1}
$data merge entity $(bone_crest_middle1) {transformation: [-0.9999f,0.0027f,-0.0104f,0.0246f,0f,0.9685f,0.249f,4.5406f,0.0108f,0.2489f,-0.9685f,3.105f,0f,0f,0f,1f],start_interpolation: 0,interpolation_duration: 1}
$data merge entity $(bone_crest_left5) {transformation: [-0.5414f,-0.8348f,0.1002f,-1.0798f,-0.752f,0.5341f,0.3863f,5.0871f,-0.376f,0.1338f,-0.9169f,3.1267f,0f,0f,0f,1f],start_interpolation: 0,interpolation_duration: 1}
$data merge entity $(bone_crest_left4) {transformation: [-0.5414f,-0.8348f,0.1002f,-0.611f,-0.752f,0.5341f,0.3863f,4.7872f,-0.376f,0.1338f,-0.9169f,3.0516f,0f,0f,0f,1f],start_interpolation: 0,interpolation_duration: 1}
$data merge entity $(bone_crest_left1) {transformation: [-0.5414f,-0.8348f,0.1002f,-0.0898f,-0.752f,0.5341f,0.3863f,4.479f,-0.376f,0.1338f,-0.9169f,2.9175f,0f,0f,0f,1f],start_interpolation: 0,interpolation_duration: 1}
$data merge entity $(bone_crest_center1) {transformation: [-0.9999f,0.0049f,-0.0096f,0.0224f,0f,0.8917f,0.4527f,4.454f,0.0108f,0.4527f,-0.8916f,2.9036f,0f,0f,0f,1f],start_interpolation: 0,interpolation_duration: 1}
$data merge entity $(bone_crest_right5) {transformation: [-0.5332f,0.8375f,-0.12f,1.1291f,0.752f,0.5341f,0.3863f,5.0871f,0.3876f,0.1157f,-0.9145f,3.1029f,0f,0f,0f,1f],start_interpolation: 0,interpolation_duration: 1}
$data merge entity $(bone_crest_right4) {transformation: [-0.5332f,0.8375f,-0.12f,0.6588f,0.752f,0.5341f,0.3863f,4.7872f,0.3876f,0.1157f,-0.9145f,3.0379f,0f,0f,0f,1f],start_interpolation: 0,interpolation_duration: 1}
$data merge entity $(bone_crest_right1) {transformation: [-0.5332f,0.8375f,-0.12f,0.1348f,0.752f,0.5341f,0.3863f,4.479f,0.3876f,0.1157f,-0.9145f,2.9151f,0f,0f,0f,1f],start_interpolation: 0,interpolation_duration: 1}
$data merge entity $(bone_head1) {transformation: [-1.0481f,0.0051f,-0.0101f,0.0093f,0f,0.9346f,0.4745f,4.9134f,0.0113f,0.4745f,-0.9346f,1.6885f,0f,0f,0f,1f],start_interpolation: 0,interpolation_duration: 1}
$data merge entity $(bone_neck10) {transformation: [-1.4973f,0.0045f,-0.0155f,-0.0031f,0f,1.4389f,0.4145f,4.7771f,0.0162f,0.4145f,-1.4388f,0.539f,0f,0f,0f,1f],start_interpolation: 0,interpolation_duration: 1}
$data merge entity $(bone_neck9) {transformation: [-1.1454f,0.0056f,-0.011f,-0.0097f,0f,1.0214f,0.5186f,3.4499f,0.0124f,0.5185f,-1.0214f,-0.0718f,0f,0f,0f,1f],start_interpolation: 0,interpolation_duration: 1}
$data merge entity $(bone_neck8) {transformation: [-1.0631f,-0.0031f,-0.011f,-0.0071f,0f,1.0241f,-0.2856f,2.6948f,0.0115f,-0.2856f,-1.024f,0.1735f,0f,0f,0f,1f],start_interpolation: 0,interpolation_duration: 1}
$data merge entity $(bone_neck7) {transformation: [-1.0556f,-0.0064f,-0.0094f,-0.001f,0f,0.8708f,-0.5968f,1.9195f,0.0114f,-0.5967f,-0.8708f,0.7318f,0f,0f,0f,1f],start_interpolation: 0,interpolation_duration: 1}
$data merge entity $(bone_neck6) {transformation: [-1.0496f,-0.0046f,-0.0104f,0.0029f,0f,0.9604f,-0.4237f,1.0672f,0.0113f,-0.4236f,-0.9603f,1.098f,0f,0f,0f,1f],start_interpolation: 0,interpolation_duration: 1}
$data merge entity $(bone_neck_spine6) {transformation: [-1.2649f,-0.1231f,-0.0701f,0.0155f,-0.0737f,0.0342f,1.2702f,0.2451f,-0.121f,1.2664f,-0.0411f,-1.5174f,0f,0f,0f,1f],start_interpolation: 0,interpolation_duration: 1}
$data merge entity $(bone_neck_spine7) {transformation: [-0.991f,-0.1327f,0.0149f,0.4576f,-0.0529f,0.4923f,0.8688f,-0.1537f,-0.1227f,0.8602f,-0.4949f,-5.2061f,0f,0f,0f,1f],start_interpolation: 0,interpolation_duration: 1}
$data merge entity $(bone_tail6) {transformation: [-1.5901f,0.2227f,0.6222f,0.2633f,0.6404f,0.1192f,1.594f,-0.9078f,0.1631f,1.7034f,-0.1929f,-8.9141f,0f,0f,0f,1f],start_interpolation: 0,interpolation_duration: 1}
$data merge entity $(bone_tail5) {transformation: [-1.3136f,0.184f,0.514f,0.3795f,0.5291f,0.0985f,1.3168f,-0.8456f,0.1347f,1.4071f,-0.1594f,-8.0254f,0f,0f,0f,1f],start_interpolation: 0,interpolation_duration: 1}
$data merge entity $(bone_tail4) {transformation: [-0.9679f,0.1356f,0.3787f,0.4376f,0.3898f,0.0726f,0.9703f,-0.8145f,0.0993f,1.0368f,-0.1174f,-7.581f,0f,0f,0f,1f],start_interpolation: 0,interpolation_duration: 1}
$data merge entity $(bone_segment18) {transformation: [-0.9234f,0.0853f,0.3742f,0.4855f,0.3719f,-0.0417f,0.9273f,-0.838f,0.0947f,0.9955f,0.0068f,-7.0221f,0f,0f,0f,1f],start_interpolation: 0,interpolation_duration: 1}
$data merge entity $(bone_segment17) {transformation: [-0.995f,0.0995f,-0.0035f,0.5582f,-0.0042f,-0.0062f,1f,-0.8425f,0.0995f,0.995f,0.0066f,-6.2957f,0f,0f,0f,1f],start_interpolation: 0,interpolation_duration: 1}
$data merge entity $(bone_segment16) {transformation: [-0.9981f,-0.0571f,-0.0236f,0.5037f,-0.0342f,0.193f,0.9806f,-0.6583f,-0.0514f,0.9795f,-0.1946f,-5.3607f,0f,0f,0f,1f],start_interpolation: 0,interpolation_duration: 1}
$data merge entity $(bone_segment15) {transformation: [-0.991f,-0.1321f,-0.02f,0.3479f,-0.0529f,0.2507f,0.9666f,-0.3627f,-0.1227f,0.959f,-0.2554f,-4.2298f,0f,0f,0f,1f],start_interpolation: 0,interpolation_duration: 1}
$data merge entity $(bone_segment14) {transformation: [-1.0382f,-0.1364f,-0.0468f,0.1945f,-0.0557f,0.0655f,1.0446f,-0.289f,-0.133f,1.0372f,-0.0721f,-3.0629f,0f,0f,0f,1f],start_interpolation: 0,interpolation_duration: 1}
$data merge entity $(bone_segment13) {transformation: [-1.0193f,-0.0879f,-0.0729f,0.0906f,-0.0594f,-0.1506f,1.0129f,-0.4981f,-0.0975f,1.0108f,0.1446f,-1.8495f,0f,0f,0f,1f],start_interpolation: 0,interpolation_duration: 1}
$data merge entity $(bone_segment12) {transformation: [-1.1131f,-0.0543f,-0.0493f,0.0251f,-0.0564f,0.1545f,1.1034f,-0.3114f,-0.0468f,1.1035f,-0.157f,-0.5165f,0f,0f,0f,1f],start_interpolation: 0,interpolation_duration: 1}
$data merge entity $(bone_segment11) {transformation: [-1.1902f,-0.015f,-0.019f,0.0017f,-0.0242f,0.7034f,0.9601f,0.5013f,-0.0008f,0.9603f,-0.7035f,0.5933f,0f,0f,0f,1f],start_interpolation: 0,interpolation_duration: 1}
$data merge entity $(bone_segment10) {transformation: [-1.0481f,0.0056f,-0.0098f,0.0032f,0f,0.9127f,0.5154f,1.4356f,0.0113f,0.5154f,-0.9126f,1.1209f,0f,0f,0f,1f],start_interpolation: 0,interpolation_duration: 1}
data modify entity @s data merge value {"cameras":{},"locators":{"mouth":{"posx":0.032559424261388616,"posy":3.696887870611658,"posz":3.8461489179125294,"roty":179.3819660112501,"rotx":63.08399884121285}}}