# This file was generated by Animated Java via MC-Build. It is not recommended to edit this file directly.
$data merge entity $(bone_neck_spine5) {transformation: [-1.5718f,0.0097f,-0.0376f,0.1047f,0f,1.5223f,0.3932f,4.2728f,0.0388f,0.3931f,-1.5218f,-0.5158f,0f,0f,0f,1f],start_interpolation: 0,interpolation_duration: 1}
$data merge entity $(bone_neck_spine2) {transformation: [-1.4969f,0.0122f,-0.0349f,0.0419f,0f,1.4131f,0.4952f,5.3607f,0.037f,0.4951f,-1.4127f,1.492f,0f,0f,0f,1f],start_interpolation: 0,interpolation_duration: 1}
$data merge entity $(bone_scale_neck_left1) {transformation: [-1.5858f,0.4412f,0.0607f,0.8196f,0.3805f,1.2255f,1.0327f,4.5209f,0.2315f,1.0082f,-1.2818f,1.1426f,0f,0f,0f,1f],start_interpolation: 0,interpolation_duration: 1}
$data merge entity $(bone_scale_neck_right1) {transformation: [-1.5953f,-0.3909f,-0.1238f,-0.7522f,-0.3805f,1.2255f,1.0327f,4.5209f,-0.153f,1.0288f,-1.2772f,1.1814f,0f,0f,0f,1f],start_interpolation: 0,interpolation_duration: 1}
$data merge entity $(bone_blush_right1) {transformation: [-0.9997f,0.0121f,-0.0215f,-0.5999f,0f,0.8705f,0.4922f,3.6918f,0.0247f,0.492f,-0.8702f,2.3416f,0f,0f,0f,1f],start_interpolation: 0,interpolation_duration: 1}
$data merge entity $(bone_blush_left1) {transformation: [-0.9997f,0.0121f,-0.0215f,0.7249f,0f,0.8705f,0.4922f,3.6918f,0.0247f,0.492f,-0.8702f,2.3089f,0f,0f,0f,1f],start_interpolation: 0,interpolation_duration: 1}
$data merge entity $(bone_left_head_scales) {transformation: [-0.8768f,0.0121f,-0.4807f,0.7365f,-0.2273f,0.8705f,0.4365f,4.5207f,0.4237f,0.492f,-0.7605f,2.3257f,0f,0f,0f,1f],start_interpolation: 0,interpolation_duration: 1}
$data merge entity $(bone_left_head_scales2) {transformation: [-0.8066f,0.0121f,-0.591f,0.7292f,-0.2823f,0.8705f,0.4032f,3.6557f,0.5194f,0.492f,-0.6987f,2.0303f,0f,0f,0f,1f],start_interpolation: 0,interpolation_duration: 1}
$data merge entity $(bone_left_head_scales1) {transformation: [-0.9997f,0.0121f,-0.0215f,0.7351f,0f,0.8705f,0.4922f,4.4229f,0.0247f,0.492f,-0.8702f,2.2705f,0f,0f,0f,1f],start_interpolation: 0,interpolation_duration: 1}
$data merge entity $(bone_right_head_scales) {transformation: [-0.8967f,0.0121f,0.4426f,-0.6107f,0.2273f,0.8705f,0.4365f,4.5207f,-0.3799f,0.492f,-0.7833f,2.359f,0f,0f,0f,1f],start_interpolation: 0,interpolation_duration: 1}
$data merge entity $(bone_right_head_scales2) {transformation: [-0.8312f,0.0121f,0.5558f,-0.618f,0.2823f,0.8705f,0.4032f,3.6557f,-0.4789f,0.492f,-0.727f,2.0635f,0f,0f,0f,1f],start_interpolation: 0,interpolation_duration: 1}
$data merge entity $(bone_right_head_scales1) {transformation: [-0.9997f,0.0121f,-0.0215f,-0.6121f,0f,0.8705f,0.4922f,4.4229f,0.0247f,0.492f,-0.8702f,2.3037f,0f,0f,0f,1f],start_interpolation: 0,interpolation_duration: 1}
$data merge entity $(bone_head_left_fin1) {transformation: [-0.7087f,0.0262f,-0.7719f,0.7282f,-0.1173f,1.0318f,0.1428f,4.0977f,0.7633f,0.1829f,-0.6946f,1.9899f,0f,0f,0f,1f],start_interpolation: 0,interpolation_duration: 1}
$data merge entity $(bone_head_right_fin1) {transformation: [-0.7455f,-0.0172f,0.7366f,-0.619f,0.1173f,1.0318f,0.1428f,4.0977f,-0.7274f,0.184f,-0.7319f,2.0232f,0f,0f,0f,1f],start_interpolation: 0,interpolation_duration: 1}
$data merge entity $(bone_right_whisker16) {transformation: [0.2563f,0.9117f,-0.321f,-1.1473f,0.9592f,-0.281f,-0.0322f,1.3608f,-0.1195f,-0.2997f,-0.9465f,1.9762f,0f,0f,0f,1f],start_interpolation: 0,interpolation_duration: 1}
$data merge entity $(bone_right_whisker15) {transformation: [-0.8705f,0.3731f,-0.321f,-0.854f,0.4038f,0.9143f,-0.0322f,1.2248f,0.2815f,-0.1576f,-0.9465f,1.8814f,0f,0f,0f,1f],start_interpolation: 0,interpolation_duration: 1}
$data merge entity $(bone_right_whisker14) {transformation: [-0.706f,-0.6312f,-0.321f,-0.6162f,-0.658f,0.7523f,-0.0322f,1.4465f,0.2618f,0.1885f,-0.9465f,1.7931f,0f,0f,0f,1f],start_interpolation: 0,interpolation_duration: 1}
$data merge entity $(bone_right_whisker13) {transformation: [-0.098f,-0.9907f,-0.0939f,-0.5831f,-0.9826f,0.0814f,0.1672f,1.7775f,-0.158f,0.1086f,-0.9814f,1.8464f,0f,0f,0f,1f],start_interpolation: 0,interpolation_duration: 1}
$data merge entity $(bone_right_whisker12) {transformation: [0.0578f,-0.9958f,-0.0704f,-0.6091f,-0.9232f,-0.0801f,0.3759f,2.1922f,-0.38f,0.0433f,-0.924f,2.0171f,0f,0f,0f,1f],start_interpolation: 0,interpolation_duration: 1}
$data merge entity $(bone_right_whisker11) {transformation: [0.29f,-0.9557f,-0.0498f,-0.7394f,-0.9526f,-0.2933f,0.0809f,2.6202f,-0.0919f,0.024f,-0.9955f,2.0584f,0f,0f,0f,1f],start_interpolation: 0,interpolation_duration: 1}
$data merge entity $(bone_right_whisker10) {transformation: [0.0746f,-0.9952f,0.0629f,-0.7729f,-0.9833f,-0.0839f,-0.1616f,3.0619f,0.1661f,-0.0498f,-0.9849f,1.9838f,0f,0f,0f,1f],start_interpolation: 0,interpolation_duration: 1}
$data merge entity $(bone_right_whisker1) {transformation: [-0.3428f,-0.9388f,0.0324f,-0.6189f,-0.9339f,0.3444f,0.0966f,3.4814f,-0.1019f,0.0028f,-0.9948f,2.0295f,0f,0f,0f,1f],start_interpolation: 0,interpolation_duration: 1}
$data merge entity $(bone_left_whisker16) {transformation: [0.2619f,-0.9254f,0.2739f,1.2535f,-0.9592f,-0.281f,-0.0322f,1.3608f,0.1067f,-0.2543f,-0.9612f,1.9169f,0f,0f,0f,1f],start_interpolation: 0,interpolation_duration: 1}
$data merge entity $(bone_left_whisker15) {transformation: [-0.8833f,-0.3804f,0.2739f,0.9559f,-0.4038f,0.9143f,-0.0322f,1.2248f,-0.2382f,-0.139f,-0.9612f,1.8367f,0f,0f,0f,1f],start_interpolation: 0,interpolation_duration: 1}
$data merge entity $(bone_left_whisker14) {transformation: [-0.7181f,0.6398f,0.2739f,0.714f,0.658f,0.7523f,-0.0322f,1.4465f,-0.2267f,0.1572f,-0.9612f,1.7603f,0f,0f,0f,1f],start_interpolation: 0,interpolation_duration: 1}
$data merge entity $(bone_left_whisker13) {transformation: [-0.0901f,0.9949f,0.0453f,0.6836f,0.9826f,0.0814f,0.1672f,1.7775f,0.1627f,0.0596f,-0.9849f,1.8151f,0f,0f,0f,1f],start_interpolation: 0,interpolation_duration: 1}
$data merge entity $(bone_left_whisker12) {transformation: [0.0765f,0.9968f,0.0247f,0.718f,0.9232f,-0.0801f,0.3759f,2.1922f,0.3767f,-0.0059f,-0.9263f,1.9843f,0f,0f,0f,1f],start_interpolation: 0,interpolation_duration: 1}
$data merge entity $(bone_left_whisker11) {transformation: [0.2942f,0.9557f,0.0006f,0.8501f,0.9526f,-0.2933f,0.0809f,2.6202f,0.0775f,-0.0232f,-0.9967f,2.0191f,0f,0f,0f,1f],start_interpolation: 0,interpolation_duration: 1}
$data merge entity $(bone_left_whisker10) {transformation: [0.0663f,0.9916f,-0.1114f,0.8799f,0.9833f,-0.0839f,-0.1616f,3.0619f,-0.1696f,-0.0988f,-0.9805f,1.9429f,0f,0f,0f,1f],start_interpolation: 0,interpolation_duration: 1}
$data merge entity $(bone_left_whisker1) {transformation: [-0.3374f,0.9378f,-0.0815f,0.7284f,0.9339f,0.3444f,0.0966f,3.4814f,0.1187f,-0.0435f,-0.992f,1.9963f,0f,0f,0f,1f],start_interpolation: 0,interpolation_duration: 1}
$data merge entity $(bone_upper_left_tooth1) {transformation: [-0.9997f,0.0102f,-0.0225f,0.3885f,0f,0.9101f,0.4144f,3.4037f,0.0247f,0.4143f,-0.9098f,3.0199f,0f,0f,0f,1f],start_interpolation: 0,interpolation_duration: 1}
$data merge entity $(bone_upper_right_tooth1) {transformation: [-0.9997f,0.0102f,-0.0225f,-0.2851f,0f,0.9101f,0.4144f,3.4037f,0.0247f,0.4143f,-0.9098f,3.0365f,0f,0f,0f,1f],start_interpolation: 0,interpolation_duration: 1}
$data merge entity $(bone_top_lip1) {transformation: [-0.9997f,-0.0001f,-0.0247f,0.0811f,0f,1f,-0.0021f,3.5161f,0.0247f,-0.0021f,-0.9997f,3.0787f,0f,0f,0f,1f],start_interpolation: 0,interpolation_duration: 1}
$data merge entity $(bone_muzzle1) {transformation: [-0.9997f,0.0102f,-0.0225f,0.0702f,0f,0.9101f,0.4144f,3.9021f,0.0247f,0.4143f,-0.9098f,2.6376f,0f,0f,0f,1f],start_interpolation: 0,interpolation_duration: 1}
$data merge entity $(bone_jaw_right_tooth1) {transformation: [-0.9997f,-0.0038f,-0.0244f,-0.2854f,0f,0.9882f,-0.1529f,3.2564f,0.0247f,-0.1528f,-0.9879f,3.023f,0f,0f,0f,1f],start_interpolation: 0,interpolation_duration: 1}
$data merge entity $(bone_jaw_left_tooth1) {transformation: [-0.9997f,-0.0038f,-0.0244f,0.4443f,0f,0.9882f,-0.1529f,3.2564f,0.0247f,-0.1528f,-0.9879f,3.005f,0f,0f,0f,1f],start_interpolation: 0,interpolation_duration: 1}
$data merge entity $(bone_tongue1) {transformation: [-0.9997f,0.0064f,-0.0238f,0.0602f,0f,0.9663f,0.2573f,3.454f,0.0247f,0.2573f,-0.966f,2.2321f,0f,0f,0f,1f],start_interpolation: 0,interpolation_duration: 1}
$data merge entity $(bone_jaw_lips1) {transformation: [-0.9997f,0.0064f,-0.0238f,0.1369f,0f,0.9663f,0.2573f,3.098f,0.0247f,0.2573f,-0.966f,3.0654f,0f,0f,0f,1f],start_interpolation: 0,interpolation_duration: 1}
$data merge entity $(bone_jaw3) {transformation: [-0.9997f,0.0005f,-0.0247f,0.1147f,0f,0.9998f,0.021f,3.0327f,0.0247f,0.021f,-0.9995f,2.1657f,0f,0f,0f,1f],start_interpolation: 0,interpolation_duration: 1}
$data merge entity $(bone_jaw1) {transformation: [-0.9997f,0.0178f,-0.0171f,0.0993f,0f,0.6921f,0.7218f,3.6812f,0.0247f,0.7216f,-0.6919f,1.5441f,0f,0f,0f,1f],start_interpolation: 0,interpolation_duration: 1}
$data merge entity $(bone_tear_right1) {transformation: [-0.9997f,0.0121f,-0.0215f,-0.5369f,0f,0.8705f,0.4922f,3.9842f,0.0247f,0.492f,-0.8702f,2.6216f,0f,0f,0f,1f],start_interpolation: 0,interpolation_duration: 1}
$data merge entity $(bone_right_pupil1) {transformation: [-0.9997f,0.0121f,-0.0215f,-0.3488f,0f,0.8705f,0.4922f,4.0488f,0.0247f,0.492f,-0.8702f,2.7309f,0f,0f,0f,1f],start_interpolation: 0,interpolation_duration: 1}
$data merge entity $(bone_right_sad_pupil1) {transformation: [-0.9997f,0.0121f,-0.0215f,-0.349f,0f,0.8705f,0.4922f,4.0543f,0.0247f,0.492f,-0.8702f,2.7211f,0f,0f,0f,1f],start_interpolation: 0,interpolation_duration: 1}
$data merge entity $(bone_right_happy_pupil1) {transformation: [-0.9997f,0.0121f,-0.0215f,-0.3774f,0f,0.8705f,0.4922f,4.0299f,0.0247f,0.492f,-0.8702f,2.708f,0f,0f,0f,1f],start_interpolation: 0,interpolation_duration: 1}
$data merge entity $(bone_eyelid_right1) {transformation: [-0.9997f,0.0121f,-0.0215f,0.0705f,0f,0.8705f,0.4922f,4.2818f,0.0247f,0.492f,-0.8702f,2.1941f,0f,0f,0f,1f],start_interpolation: 0,interpolation_duration: 1}
$data merge entity $(bone_eyelid_expressions_right5) {transformation: [-0.9997f,0.0121f,-0.0215f,-0.4768f,0f,0.8705f,0.4922f,4.1521f,0.0247f,0.492f,-0.8702f,2.7796f,0f,0f,0f,1f],start_interpolation: 0,interpolation_duration: 1}
$data merge entity $(bone_eyelid_expressions_right7) {transformation: [-0.9997f,0.0121f,-0.0215f,-0.14f,0f,0.8705f,0.4922f,4.1521f,0.0247f,0.492f,-0.8702f,2.7712f,0f,0f,0f,1f],start_interpolation: 0,interpolation_duration: 1}
$data merge entity $(bone_eyelid_expressions_right6) {transformation: [-0.9997f,0.0121f,-0.0215f,-0.2522f,0f,0.8705f,0.4922f,4.1521f,0.0247f,0.492f,-0.8702f,2.774f,0f,0f,0f,1f],start_interpolation: 0,interpolation_duration: 1}
$data merge entity $(bone_right_eye1) {transformation: [-0.9997f,0.0121f,-0.0215f,0.0595f,0f,0.8705f,0.4922f,4.2763f,0.0247f,0.492f,-0.8702f,2.2042f,0f,0f,0f,1f],start_interpolation: 0,interpolation_duration: 1}
$data merge entity $(bone_tear_left1) {transformation: [-0.9997f,0.0121f,-0.0215f,0.6757f,0f,0.8705f,0.4922f,3.9842f,0.0247f,0.492f,-0.8702f,2.5916f,0f,0f,0f,1f],start_interpolation: 0,interpolation_duration: 1}
$data merge entity $(bone_left_sad_pupil1) {transformation: [-0.9997f,0.0121f,-0.0215f,0.493f,0f,0.8705f,0.4922f,4.0543f,0.0247f,0.492f,-0.8702f,2.7003f,0f,0f,0f,1f],start_interpolation: 0,interpolation_duration: 1}
$data merge entity $(bone_left_pupil1) {transformation: [-0.9997f,0.0121f,-0.0215f,0.4932f,0f,0.8705f,0.4922f,4.0488f,0.0247f,0.492f,-0.8702f,2.7101f,0f,0f,0f,1f],start_interpolation: 0,interpolation_duration: 1}
$data merge entity $(bone_eyelid_left1) {transformation: [-0.9997f,0.0121f,-0.0215f,0.048f,0f,0.8705f,0.4922f,4.2818f,0.0247f,0.492f,-0.8702f,2.1947f,0f,0f,0f,1f],start_interpolation: 0,interpolation_duration: 1}
$data merge entity $(bone_left_happy_pupil1) {transformation: [-0.9997f,0.0121f,-0.0215f,0.5207f,0f,0.8705f,0.4922f,4.0299f,0.0247f,0.492f,-0.8702f,2.6858f,0f,0f,0f,1f],start_interpolation: 0,interpolation_duration: 1}
$data merge entity $(bone_eyelid_expressions_left5) {transformation: [-0.9997f,0.0121f,-0.0215f,0.6235f,0f,0.8705f,0.4922f,4.1521f,0.0247f,0.492f,-0.8702f,2.7524f,0f,0f,0f,1f],start_interpolation: 0,interpolation_duration: 1}
$data merge entity $(bone_eyelid_expressions_left7) {transformation: [-0.9997f,0.0121f,-0.0215f,0.2867f,0f,0.8705f,0.4922f,4.1521f,0.0247f,0.492f,-0.8702f,2.7607f,0f,0f,0f,1f],start_interpolation: 0,interpolation_duration: 1}
$data merge entity $(bone_eyelid_expressions_left6) {transformation: [-0.9997f,0.0121f,-0.0215f,0.3989f,0f,0.8705f,0.4922f,4.1521f,0.0247f,0.492f,-0.8702f,2.7579f,0f,0f,0f,1f],start_interpolation: 0,interpolation_duration: 1}
$data merge entity $(bone_left_eye1) {transformation: [-0.9997f,0.0121f,-0.0215f,0.0595f,0f,0.8705f,0.4922f,4.2763f,0.0247f,0.492f,-0.8702f,2.2042f,0f,0f,0f,1f],start_interpolation: 0,interpolation_duration: 1}
$data merge entity $(bone_crest_middle5) {transformation: [-0.9997f,0.0072f,-0.0236f,0.0865f,0f,0.9564f,0.2921f,5.2479f,0.0247f,0.292f,-0.9561f,3.3009f,0f,0f,0f,1f],start_interpolation: 0,interpolation_duration: 1}
$data merge entity $(bone_crest_middle4) {transformation: [-0.9997f,0.0072f,-0.0236f,0.0817f,0f,0.9564f,0.2921f,4.6034f,0.0247f,0.292f,-0.9561f,3.1041f,0f,0f,0f,1f],start_interpolation: 0,interpolation_duration: 1}
$data merge entity $(bone_crest_middle1) {transformation: [-0.9997f,0.0072f,-0.0236f,0.08f,0f,0.9564f,0.2921f,4.0955f,0.0247f,0.292f,-0.9561f,3.0371f,0f,0f,0f,1f],start_interpolation: 0,interpolation_duration: 1}
$data merge entity $(bone_crest_left5) {transformation: [-0.5474f,-0.8323f,0.0879f,-1.0233f,-0.7342f,0.528f,0.4269f,4.641f,-0.4017f,0.1691f,-0.9f,3.0986f,0f,0f,0f,1f],start_interpolation: 0,interpolation_duration: 1}
$data merge entity $(bone_crest_left4) {transformation: [-0.5474f,-0.8323f,0.0879f,-0.556f,-0.7342f,0.528f,0.4269f,4.3445f,-0.4017f,0.1691f,-0.9f,3.0036f,0f,0f,0f,1f],start_interpolation: 0,interpolation_duration: 1}
$data merge entity $(bone_crest_left1) {transformation: [-0.5474f,-0.8323f,0.0879f,-0.037f,-0.7342f,0.528f,0.4269f,4.0424f,-0.4017f,0.1691f,-0.9f,2.8486f,0f,0f,0f,1f],start_interpolation: 0,interpolation_duration: 1}
$data merge entity $(bone_crest_center1) {transformation: [-0.9997f,0.0121f,-0.0215f,0.075f,0f,0.8705f,0.4922f,4.018f,0.0247f,0.492f,-0.8702f,2.832f,0f,0f,0f,1f],start_interpolation: 0,interpolation_duration: 1}
$data merge entity $(bone_crest_right5) {transformation: [-0.5269f,0.8396f,-0.1322f,1.185f,0.7342f,0.528f,0.4269f,4.641f,0.4282f,0.1279f,-0.8946f,3.0441f,0f,0f,0f,1f],start_interpolation: 0,interpolation_duration: 1}
$data merge entity $(bone_crest_right4) {transformation: [-0.5269f,0.8396f,-0.1322f,0.7136f,0.7342f,0.528f,0.4269f,4.3445f,0.4282f,0.1279f,-0.8946f,2.9723f,0f,0f,0f,1f],start_interpolation: 0,interpolation_duration: 1}
$data merge entity $(bone_crest_right1) {transformation: [-0.5269f,0.8396f,-0.1322f,0.1876f,0.7342f,0.528f,0.4269f,4.0424f,0.4282f,0.1279f,-0.8946f,2.8431f,0f,0f,0f,1f],start_interpolation: 0,interpolation_duration: 1}
$data merge entity $(bone_head1) {transformation: [-1.0479f,0.0127f,-0.0225f,0.0455f,0f,0.9124f,0.5159f,4.5314f,0.0259f,0.5157f,-0.9122f,1.639f,0f,0f,0f,1f],start_interpolation: 0,interpolation_duration: 1}
$data merge entity $(bone_neck10) {transformation: [-1.4969f,0.0167f,-0.033f,0.017f,0f,1.3364f,0.6754f,4.6117f,0.037f,0.6752f,-1.336f,0.4846f,0f,0f,0f,1f],start_interpolation: 0,interpolation_duration: 1}
$data merge entity $(bone_neck9) {transformation: [-1.1452f,0.0139f,-0.0246f,0.0005f,0f,0.9972f,0.5638f,3.3131f,0.0283f,0.5636f,-0.9969f,-0.1849f,0f,0f,0f,1f],start_interpolation: 0,interpolation_duration: 1}
$data merge entity $(bone_neck8) {transformation: [-1.0628f,-0.0059f,-0.0256f,0.0057f,0f,1.0358f,-0.2395f,2.5478f,0.0262f,-0.2394f,-1.0355f,0.0264f,0f,0f,0f,1f],start_interpolation: 0,interpolation_duration: 1}
$data merge entity $(bone_neck7) {transformation: [-1.0553f,-0.0125f,-0.0229f,0.0175f,0f,0.927f,-0.5051f,1.7197f,0.0261f,-0.505f,-0.9267f,0.5028f,0f,0f,0f,1f],start_interpolation: 0,interpolation_duration: 1}
$data merge entity $(bone_neck6) {transformation: [-1.0494f,-0.0076f,-0.0248f,0.024f,0f,1.0029f,-0.3099f,0.8309f,0.0259f,-0.3098f,-1.0026f,0.768f,0f,0f,0f,1f],start_interpolation: 0,interpolation_duration: 1}
$data merge entity $(bone_neck_spine6) {transformation: [-1.2717f,0.0171f,0.049f,-0.1104f,0.0452f,-0.2283f,1.2513f,0.4467f,0.0256f,1.252f,0.2275f,-1.8891f,0f,0f,0f,1f],start_interpolation: 0,interpolation_duration: 1}
$data merge entity $(bone_neck_spine7) {transformation: [-0.9847f,-0.1145f,0.1318f,0.0891f,0.0726f,0.418f,0.9056f,0.6599f,-0.1587f,0.9012f,-0.4032f,-5.6376f,0f,0f,0f,1f],start_interpolation: 0,interpolation_duration: 1}
$data merge entity $(bone_tail6) {transformation: [-1.548f,-0.7484f,-0.0936f,1.4572f,-0.5585f,0.9938f,1.2907f,-1.3928f,-0.5069f,1.1906f,-1.1361f,-8.7007f,0f,0f,0f,1f],start_interpolation: 0,interpolation_duration: 1}
$data merge entity $(bone_tail5) {transformation: [-1.2788f,-0.6183f,-0.0773f,1.0667f,-0.4614f,0.8209f,1.0662f,-0.8743f,-0.4188f,0.9836f,-0.9385f,-8.0795f,0f,0f,0f,1f],start_interpolation: 0,interpolation_duration: 1}
$data merge entity $(bone_tail4) {transformation: [-0.9423f,-0.4556f,-0.057f,0.8715f,-0.34f,0.6049f,0.7856f,-0.615f,-0.3086f,0.7247f,-0.6915f,-7.7689f,0f,0f,0f,1f],start_interpolation: 0,interpolation_duration: 1}
$data merge entity $(bone_segment18) {transformation: [-0.899f,-0.4282f,-0.0924f,0.6311f,-0.3243f,0.509f,0.7973f,-0.3292f,-0.2944f,0.7467f,-0.5964f,-7.3496f,0f,0f,0f,1f],start_interpolation: 0,interpolation_duration: 1}
$data merge entity $(bone_segment17) {transformation: [-0.9072f,-0.3966f,0.1404f,0.3415f,0.0079f,0.3176f,0.9482f,-0.0974f,-0.4207f,0.8613f,-0.285f,-6.7208f,0f,0f,0f,1f],start_interpolation: 0,interpolation_duration: 1}
$data merge entity $(bone_segment16) {transformation: [-0.9551f,-0.2678f,0.1268f,0.0859f,0.0484f,0.281f,0.9585f,0.1708f,-0.2924f,0.9216f,-0.2554f,-5.8411f,0f,0f,0f,1f],start_interpolation: 0,interpolation_duration: 1}
$data merge entity $(bone_segment15) {transformation: [-0.9847f,-0.1447f,0.0977f,-0.0847f,0.0726f,0.1693f,0.9829f,0.3705f,-0.1587f,0.9749f,-0.1562f,-4.6915f,0f,0f,0f,1f],start_interpolation: 0,interpolation_duration: 1}
$data merge entity $(bone_segment14) {transformation: [-1.0449f,-0.0584f,0.058f,-0.1504f,0.064f,-0.1128f,1.0401f,0.2436f,-0.0517f,1.0404f,0.1161f,-3.521f,0f,0f,0f,1f],start_interpolation: 0,interpolation_duration: 1}
$data merge entity $(bone_segment13) {transformation: [-1.0249f,0.0067f,0.0413f,-0.1435f,0.0364f,-0.3563f,0.9611f,-0.2119f,0.0206f,0.9618f,0.3558f,-2.3724f,0f,0f,0f,1f],start_interpolation: 0,interpolation_duration: 1}
$data merge entity $(bone_segment12) {transformation: [-1.1131f,0.061f,0.0409f,-0.0698f,0.037f,-0.0698f,1.1128f,-0.2961f,0.0634f,1.1117f,0.0676f,-1.0294f,0f,0f,0f,1f],start_interpolation: 0,interpolation_duration: 1}
$data merge entity $(bone_segment11) {transformation: [-1.1888f,0.0622f,0.004f,0.0037f,0.0321f,0.5463f,1.0572f,0.3351f,0.0534f,1.0559f,-0.5472f,0.1908f,0f,0f,0f,1f],start_interpolation: 0,interpolation_duration: 1}
$data merge entity $(bone_segment10) {transformation: [-1.0479f,0.0155f,-0.0207f,0.0256f,0f,0.8392f,0.628f,1.1942f,0.0259f,0.6279f,-0.8389f,0.8333f,0f,0f,0f,1f],start_interpolation: 0,interpolation_duration: 1}
data modify entity @s data merge value {"cameras":{},"locators":{"mouth":{"posx":0.09737448605052901,"posy":3.2194306397580785,"posz":3.739560298526891,"roty":178.58578643762692,"rotx":60.51763809020507}}}