# This file was generated by Animated Java via MC-Build. It is not recommended to edit this file directly.
$data merge entity $(bone_neck_spine5) {transformation: [-1.5721f,0.0058f,-0.0202f,0.1134f,0f,1.5118f,0.432f,4.2842f,0.021f,0.4319f,-1.5116f,-0.4789f,0f,0f,0f,1f],start_interpolation: 0,interpolation_duration: 1}
$data merge entity $(bone_neck_spine2) {transformation: [-1.4973f,0.0071f,-0.0187f,0.0283f,0f,1.3988f,0.5343f,5.3182f,0.02f,0.5342f,-1.3987f,1.5568f,0f,0f,0f,1f],start_interpolation: 0,interpolation_duration: 1}
$data merge entity $(bone_scale_neck_left1) {transformation: [-1.5882f,0.4302f,0.0756f,0.8097f,0.375f,1.1967f,1.0679f,4.4878f,0.224f,1.0468f,-1.2518f,1.193f,0f,0f,0f,1f],start_interpolation: 0,interpolation_duration: 1}
$data merge entity $(bone_scale_neck_right1) {transformation: [-1.5936f,-0.4021f,-0.109f,-0.7625f,-0.375f,1.1967f,1.0679f,4.4878f,-0.1815f,1.0579f,-1.2493f,1.214f,0f,0f,0f,1f],start_interpolation: 0,interpolation_duration: 1}
$data merge entity $(bone_blush_right1) {transformation: [-0.9999f,0.0069f,-0.0115f,-0.6237f,0f,0.8576f,0.5142f,3.6282f,0.0134f,0.5142f,-0.8576f,2.3543f,0f,0f,0f,1f],start_interpolation: 0,interpolation_duration: 1}
$data merge entity $(bone_blush_left1) {transformation: [-0.9999f,0.0069f,-0.0115f,0.7014f,0f,0.8576f,0.5142f,3.6282f,0.0134f,0.5142f,-0.8576f,2.3366f,0f,0f,0f,1f],start_interpolation: 0,interpolation_duration: 1}
$data merge entity $(bone_left_head_scales) {transformation: [-0.8816f,0.0069f,-0.4719f,0.7131f,-0.2375f,0.8576f,0.4561f,4.4564f,0.4078f,0.5142f,-0.7545f,2.3747f,0f,0f,0f,1f],start_interpolation: 0,interpolation_duration: 1}
$data merge entity $(bone_left_head_scales2) {transformation: [-0.8125f,0.0069f,-0.5829f,0.7089f,-0.295f,0.8576f,0.4212f,3.5992f,0.5028f,0.5142f,-0.6948f,2.0572f,0f,0f,0f,1f],start_interpolation: 0,interpolation_duration: 1}
$data merge entity $(bone_left_head_scales1) {transformation: [-0.9999f,0.0069f,-0.0115f,0.7124f,0f,0.8576f,0.5142f,4.36f,0.0134f,0.5142f,-0.8576f,2.3169f,0f,0f,0f,1f],start_interpolation: 0,interpolation_duration: 1}
$data merge entity $(bone_right_head_scales) {transformation: [-0.8922f,0.0069f,0.4515f,-0.6344f,0.2375f,0.8576f,0.4561f,4.4564f,-0.3841f,0.5142f,-0.7668f,2.3927f,0f,0f,0f,1f],start_interpolation: 0,interpolation_duration: 1}
$data merge entity $(bone_right_head_scales2) {transformation: [-0.8256f,0.0069f,0.5641f,-0.6386f,0.295f,0.8576f,0.4212f,3.5992f,-0.4809f,0.5142f,-0.7101f,2.0752f,0f,0f,0f,1f],start_interpolation: 0,interpolation_duration: 1}
$data merge entity $(bone_right_head_scales1) {transformation: [-0.9999f,0.0069f,-0.0115f,-0.6352f,0f,0.8576f,0.5142f,4.36f,0.0134f,0.5142f,-0.8576f,2.335f,0f,0f,0f,1f],start_interpolation: 0,interpolation_duration: 1}
$data merge entity $(bone_head_left_fin1) {transformation: [-0.7173f,0.0245f,-0.7639f,0.7085f,-0.1363f,1.0267f,0.161f,4.0422f,0.752f,0.2095f,-0.6995f,2.0282f,0f,0f,0f,1f],start_interpolation: 0,interpolation_duration: 1}
$data merge entity $(bone_head_right_fin1) {transformation: [-0.7372f,-0.0189f,0.7449f,-0.639f,0.1363f,1.0267f,0.161f,4.0422f,-0.7326f,0.2101f,-0.7196f,2.0462f,0f,0f,0f,1f],start_interpolation: 0,interpolation_duration: 1}
$data merge entity $(bone_right_whisker16) {transformation: [0.258f,0.915f,-0.3103f,-1.1677f,0.9618f,-0.2738f,-0.0078f,1.3077f,-0.092f,-0.2964f,-0.9506f,1.9232f,0f,0f,0f,1f],start_interpolation: 0,interpolation_duration: 1}
$data merge entity $(bone_right_whisker15) {transformation: [-0.8735f,0.3752f,-0.3103f,-0.8734f,0.397f,0.9178f,-0.0078f,1.1739f,0.2819f,-0.13f,-0.9506f,1.8283f,0f,0f,0f,1f],start_interpolation: 0,interpolation_duration: 1}
$data merge entity $(bone_right_whisker14) {transformation: [-0.7092f,-0.6331f,-0.3103f,-0.6345f,-0.664f,0.7477f,-0.0078f,1.3977f,0.2369f,0.2006f,-0.9506f,1.7485f,0f,0f,0f,1f],start_interpolation: 0,interpolation_duration: 1}
$data merge entity $(bone_right_whisker13) {transformation: [-0.0966f,-0.9919f,-0.0827f,-0.6019f,-0.9781f,0.0792f,0.1923f,1.7272f,-0.1842f,0.0995f,-0.9778f,1.8105f,0f,0f,0f,1f],start_interpolation: 0,interpolation_duration: 1}
$data merge entity $(bone_right_whisker12) {transformation: [0.0618f,-0.9963f,-0.0598f,-0.6297f,-0.9132f,-0.0806f,0.3994f,2.1374f,-0.4028f,0.03f,-0.9148f,1.9914f,0f,0f,0f,1f],start_interpolation: 0,interpolation_duration: 1}
$data merge entity $(bone_right_whisker11) {transformation: [0.2907f,-0.956f,-0.0385f,-0.7603f,-0.9501f,-0.2932f,0.1063f,2.5642f,-0.113f,0.0057f,-0.9936f,2.0422f,0f,0f,0f,1f],start_interpolation: 0,interpolation_duration: 1}
$data merge entity $(bone_right_whisker10) {transformation: [0.0724f,-0.9946f,0.074f,-0.7928f,-0.9873f,-0.082f,-0.1364f,3.0077f,0.1418f,-0.0632f,-0.9879f,1.9785f,0f,0f,0f,1f],start_interpolation: 0,interpolation_duration: 1}
$data merge entity $(bone_right_whisker1) {transformation: [-0.342f,-0.9387f,0.0437f,-0.6392f,-0.9307f,0.3448f,0.122f,3.4258f,-0.1296f,0.001f,-0.9916f,2.0367f,0f,0f,0f,1f],start_interpolation: 0,interpolation_duration: 1}
$data merge entity $(bone_left_whisker16) {transformation: [0.2603f,-0.9226f,0.2848f,1.2337f,-0.9618f,-0.2738f,-0.0078f,1.3077f,0.0851f,-0.2719f,-0.9586f,1.8912f,0f,0f,0f,1f],start_interpolation: 0,interpolation_duration: 1}
$data merge entity $(bone_left_whisker15) {transformation: [-0.8807f,-0.3785f,0.2848f,0.937f,-0.397f,0.9178f,-0.0078f,1.1739f,-0.2585f,-0.1199f,-0.9586f,1.8041f,0f,0f,0f,1f],start_interpolation: 0,interpolation_duration: 1}
$data merge entity $(bone_left_whisker14) {transformation: [-0.7152f,0.6382f,0.2848f,0.696f,0.664f,0.7477f,-0.0078f,1.3977f,-0.2179f,0.1836f,-0.9586f,1.7307f,0f,0f,0f,1f],start_interpolation: 0,interpolation_duration: 1}
$data merge entity $(bone_left_whisker13) {transformation: [-0.0916f,0.9942f,0.0565f,0.6651f,0.9781f,0.0792f,0.1923f,1.7272f,0.1867f,0.0729f,-0.9797f,1.7936f,0f,0f,0f,1f],start_interpolation: 0,interpolation_duration: 1}
$data merge entity $(bone_left_whisker12) {transformation: [0.0725f,0.9967f,0.0354f,0.6977f,0.9132f,-0.0806f,0.3994f,2.1374f,0.401f,0.0033f,-0.9161f,1.9737f,0f,0f,0f,1f],start_interpolation: 0,interpolation_duration: 1}
$data merge entity $(bone_left_whisker11) {transformation: [0.2936f,0.9558f,0.0119f,0.8296f,0.9501f,-0.2932f,0.1063f,2.5642f,0.1051f,-0.0199f,-0.9943f,2.0209f,0f,0f,0f,1f],start_interpolation: 0,interpolation_duration: 1}
$data merge entity $(bone_left_whisker10) {transformation: [0.0686f,0.9926f,-0.1003f,0.8604f,0.9873f,-0.082f,-0.1364f,3.0077f,-0.1436f,-0.0897f,-0.9856f,1.9564f,0f,0f,0f,1f],start_interpolation: 0,interpolation_duration: 1}
$data merge entity $(bone_left_whisker1) {transformation: [-0.3384f,0.9384f,-0.0702f,0.7084f,0.9307f,0.3448f,0.122f,3.4258f,0.1387f,-0.0241f,-0.99f,2.0187f,0f,0f,0f,1f],start_interpolation: 0,interpolation_duration: 1}
$data merge entity $(bone_upper_left_tooth1) {transformation: [-0.9999f,0.0058f,-0.012f,0.3569f,0f,0.8992f,0.4375f,3.3222f,0.0134f,0.4375f,-0.8991f,3.0361f,0f,0f,0f,1f],start_interpolation: 0,interpolation_duration: 1}
$data merge entity $(bone_upper_right_tooth1) {transformation: [-0.9999f,0.0058f,-0.012f,-0.3168f,0f,0.8992f,0.4375f,3.3222f,0.0134f,0.4375f,-0.8991f,3.0451f,0f,0f,0f,1f],start_interpolation: 0,interpolation_duration: 1}
$data merge entity $(bone_top_lip1) {transformation: [-0.9999f,0.0003f,-0.0134f,0.0489f,0f,0.9997f,0.0248f,3.4333f,0.0134f,0.0248f,-0.9996f,3.0943f,0f,0f,0f,1f],start_interpolation: 0,interpolation_duration: 1}
$data merge entity $(bone_muzzle1) {transformation: [-0.9999f,0.0058f,-0.012f,0.0431f,0f,0.8992f,0.4375f,3.8305f,0.0134f,0.4375f,-0.8991f,2.6631f,0f,0f,0f,1f],start_interpolation: 0,interpolation_duration: 1}
$data merge entity $(bone_jaw_right_tooth1) {transformation: [-0.9999f,-0.0019f,-0.0132f,-0.3169f,0f,0.9893f,-0.1457f,3.2021f,0.0134f,-0.1457f,-0.9892f,3.036f,0f,0f,0f,1f],start_interpolation: 0,interpolation_duration: 1}
$data merge entity $(bone_jaw_left_tooth1) {transformation: [-0.9999f,-0.0019f,-0.0132f,0.413f,0f,0.9893f,-0.1457f,3.2021f,0.0134f,-0.1457f,-0.9892f,3.0263f,0f,0f,0f,1f],start_interpolation: 0,interpolation_duration: 1}
$data merge entity $(bone_tongue1) {transformation: [-0.9999f,0.0031f,-0.013f,0.0374f,0f,0.9721f,0.2348f,3.3798f,0.0134f,0.2347f,-0.972f,2.2399f,0f,0f,0f,1f],start_interpolation: 0,interpolation_duration: 1}
$data merge entity $(bone_jaw_lips1) {transformation: [-0.9999f,0.0031f,-0.013f,0.1048f,0f,0.9721f,0.2348f,3.0433f,0.0134f,0.2347f,-0.972f,3.0821f,0f,0f,0f,1f],start_interpolation: 0,interpolation_duration: 1}
$data merge entity $(bone_jaw3) {transformation: [-0.9999f,0.0004f,-0.0134f,0.0928f,0f,0.9996f,0.0283f,2.9846f,0.0134f,0.0283f,-0.9995f,2.1817f,0f,0f,0f,1f],start_interpolation: 0,interpolation_duration: 1}
$data merge entity $(bone_jaw1) {transformation: [-0.9999f,0.0097f,-0.0092f,0.0846f,0f,0.6868f,0.7268f,3.6376f,0.0134f,0.7268f,-0.6868f,1.5647f,0f,0f,0f,1f],start_interpolation: 0,interpolation_duration: 1}
$data merge entity $(bone_tear_right1) {transformation: [-0.9999f,0.0069f,-0.0115f,-0.5637f,0f,0.8576f,0.5142f,3.9133f,0.0134f,0.5142f,-0.8576f,2.6423f,0f,0f,0f,1f],start_interpolation: 0,interpolation_duration: 1}
$data merge entity $(bone_right_pupil1) {transformation: [-0.9999f,0.0069f,-0.0115f,-0.3769f,0f,0.8576f,0.5142f,3.975f,0.0134f,0.5142f,-0.8576f,2.7554f,0f,0f,0f,1f],start_interpolation: 0,interpolation_duration: 1}
$data merge entity $(bone_right_sad_pupil1) {transformation: [-0.9999f,0.0069f,-0.0115f,-0.377f,0f,0.8576f,0.5142f,3.9807f,0.0134f,0.5142f,-0.8576f,2.7457f,0f,0f,0f,1f],start_interpolation: 0,interpolation_duration: 1}
$data merge entity $(bone_right_happy_pupil1) {transformation: [-0.9999f,0.0069f,-0.0115f,-0.4052f,0f,0.8576f,0.5142f,3.9567f,0.0134f,0.5142f,-0.8576f,2.7317f,0f,0f,0f,1f],start_interpolation: 0,interpolation_duration: 1}
$data merge entity $(bone_eyelid_right1) {transformation: [-0.9999f,0.0069f,-0.0115f,0.0485f,0f,0.8576f,0.5142f,4.2213f,0.0134f,0.5142f,-0.8576f,2.2295f,0f,0f,0f,1f],start_interpolation: 0,interpolation_duration: 1}
$data merge entity $(bone_eyelid_expressions_right5) {transformation: [-0.9999f,0.0069f,-0.0115f,-0.5053f,0f,0.8576f,0.5142f,4.0771f,0.0134f,0.5142f,-0.8576f,2.8052f,0f,0f,0f,1f],start_interpolation: 0,interpolation_duration: 1}
$data merge entity $(bone_eyelid_expressions_right7) {transformation: [-0.9999f,0.0069f,-0.0115f,-0.1685f,0f,0.8576f,0.5142f,4.0771f,0.0134f,0.5142f,-0.8576f,2.8007f,0f,0f,0f,1f],start_interpolation: 0,interpolation_duration: 1}
$data merge entity $(bone_eyelid_expressions_right6) {transformation: [-0.9999f,0.0069f,-0.0115f,-0.2808f,0f,0.8576f,0.5142f,4.0771f,0.0134f,0.5142f,-0.8576f,2.8022f,0f,0f,0f,1f],start_interpolation: 0,interpolation_duration: 1}
$data merge entity $(bone_right_eye1) {transformation: [-0.9999f,0.0069f,-0.0115f,0.0374f,0f,0.8576f,0.5142f,4.2156f,0.0134f,0.5142f,-0.8576f,2.2393f,0f,0f,0f,1f],start_interpolation: 0,interpolation_duration: 1}
$data merge entity $(bone_tear_left1) {transformation: [-0.9999f,0.0069f,-0.0115f,0.6491f,0f,0.8576f,0.5142f,3.9133f,0.0134f,0.5142f,-0.8576f,2.6261f,0f,0f,0f,1f],start_interpolation: 0,interpolation_duration: 1}
$data merge entity $(bone_left_sad_pupil1) {transformation: [-0.9999f,0.0069f,-0.0115f,0.4652f,0f,0.8576f,0.5142f,3.9807f,0.0134f,0.5142f,-0.8576f,2.7345f,0f,0f,0f,1f],start_interpolation: 0,interpolation_duration: 1}
$data merge entity $(bone_left_pupil1) {transformation: [-0.9999f,0.0069f,-0.0115f,0.4654f,0f,0.8576f,0.5142f,3.975f,0.0134f,0.5142f,-0.8576f,2.7441f,0f,0f,0f,1f],start_interpolation: 0,interpolation_duration: 1}
$data merge entity $(bone_eyelid_left1) {transformation: [-0.9999f,0.0069f,-0.0115f,0.0261f,0f,0.8576f,0.5142f,4.2213f,0.0134f,0.5142f,-0.8576f,2.2298f,0f,0f,0f,1f],start_interpolation: 0,interpolation_duration: 1}
$data merge entity $(bone_left_happy_pupil1) {transformation: [-0.9999f,0.0069f,-0.0115f,0.4931f,0f,0.8576f,0.5142f,3.9567f,0.0134f,0.5142f,-0.8576f,2.7197f,0f,0f,0f,1f],start_interpolation: 0,interpolation_duration: 1}
$data merge entity $(bone_eyelid_expressions_left5) {transformation: [-0.9999f,0.0069f,-0.0115f,0.5951f,0f,0.8576f,0.5142f,4.0771f,0.0134f,0.5142f,-0.8576f,2.7905f,0f,0f,0f,1f],start_interpolation: 0,interpolation_duration: 1}
$data merge entity $(bone_eyelid_expressions_left7) {transformation: [-0.9999f,0.0069f,-0.0115f,0.2583f,0f,0.8576f,0.5142f,4.0771f,0.0134f,0.5142f,-0.8576f,2.795f,0f,0f,0f,1f],start_interpolation: 0,interpolation_duration: 1}
$data merge entity $(bone_eyelid_expressions_left6) {transformation: [-0.9999f,0.0069f,-0.0115f,0.3705f,0f,0.8576f,0.5142f,4.0771f,0.0134f,0.5142f,-0.8576f,2.7935f,0f,0f,0f,1f],start_interpolation: 0,interpolation_duration: 1}
$data merge entity $(bone_left_eye1) {transformation: [-0.9999f,0.0069f,-0.0115f,0.0374f,0f,0.8576f,0.5142f,4.2156f,0.0134f,0.5142f,-0.8576f,2.2393f,0f,0f,0f,1f],start_interpolation: 0,interpolation_duration: 1}
$data merge entity $(bone_crest_middle5) {transformation: [-0.9999f,0.0042f,-0.0127f,0.0524f,0f,0.9486f,0.3164f,5.1588f,0.0134f,0.3164f,-0.9485f,3.3607f,0f,0f,0f,1f],start_interpolation: 0,interpolation_duration: 1}
$data merge entity $(bone_crest_middle4) {transformation: [-0.9999f,0.0042f,-0.0127f,0.0496f,0f,0.9486f,0.3164f,4.5196f,0.0134f,0.3164f,-0.9485f,3.1475f,0f,0f,0f,1f],start_interpolation: 0,interpolation_duration: 1}
$data merge entity $(bone_crest_middle1) {transformation: [-0.9999f,0.0042f,-0.0127f,0.0485f,0f,0.9486f,0.3164f,4.0136f,0.0134f,0.3164f,-0.9485f,3.0675f,0f,0f,0f,1f],start_interpolation: 0,interpolation_duration: 1}
$data merge entity $(bone_crest_left5) {transformation: [-0.543f,-0.8339f,0.0982f,-1.0553f,-0.7233f,0.524f,0.4497f,4.558f,-0.4265f,0.1732f,-0.8878f,3.1305f,0f,0f,0f,1f],start_interpolation: 0,interpolation_duration: 1}
$data merge entity $(bone_crest_left4) {transformation: [-0.543f,-0.8339f,0.0982f,-0.587f,-0.7233f,0.524f,0.4497f,4.2638f,-0.4265f,0.1732f,-0.8878f,3.0332f,0f,0f,0f,1f],start_interpolation: 0,interpolation_duration: 1}
$data merge entity $(bone_crest_left1) {transformation: [-0.543f,-0.8339f,0.0982f,-0.0664f,-0.7233f,0.524f,0.4497f,3.9654f,-0.4265f,0.1732f,-0.8878f,2.8764f,0f,0f,0f,1f],start_interpolation: 0,interpolation_duration: 1}
$data merge entity $(bone_crest_center1) {transformation: [-0.9999f,0.0069f,-0.0115f,0.0457f,0f,0.8576f,0.5142f,3.9413f,0.0134f,0.5142f,-0.8576f,2.8605f,0f,0f,0f,1f],start_interpolation: 0,interpolation_duration: 1}
$data merge entity $(bone_crest_right5) {transformation: [-0.5315f,0.8383f,-0.1219f,1.1535f,0.7233f,0.524f,0.4497f,4.558f,0.4409f,0.1508f,-0.8848f,3.101f,0f,0f,0f,1f],start_interpolation: 0,interpolation_duration: 1}
$data merge entity $(bone_crest_right4) {transformation: [-0.5315f,0.8383f,-0.1219f,0.6828f,0.7233f,0.524f,0.4497f,4.2638f,0.4409f,0.1508f,-0.8848f,3.0163f,0f,0f,0f,1f],start_interpolation: 0,interpolation_duration: 1}
$data merge entity $(bone_crest_right1) {transformation: [-0.5315f,0.8383f,-0.1219f,0.1582f,0.7233f,0.524f,0.4497f,3.9654f,0.4409f,0.1508f,-0.8848f,2.8734f,0f,0f,0f,1f],start_interpolation: 0,interpolation_duration: 1}
$data merge entity $(bone_head1) {transformation: [-1.0481f,0.0072f,-0.012f,0.03f,0f,0.899f,0.539f,4.485f,0.014f,0.539f,-0.8989f,1.6808f,0f,0f,0f,1f],start_interpolation: 0,interpolation_duration: 1}
$data merge entity $(bone_neck10) {transformation: [-1.4973f,0.0095f,-0.0176f,0.0146f,0f,1.3171f,0.7123f,4.5974f,0.02f,0.7122f,-1.317f,0.5287f,0f,0f,0f,1f],start_interpolation: 0,interpolation_duration: 1}
$data merge entity $(bone_neck9) {transformation: [-1.1454f,0.0079f,-0.0131f,0.0052f,0f,0.9824f,0.5891f,3.3164f,0.0153f,0.589f,-0.9823f,-0.1738f,0f,0f,0f,1f],start_interpolation: 0,interpolation_duration: 1}
$data merge entity $(bone_neck8) {transformation: [-1.0631f,-0.0028f,-0.0139f,0.0078f,0f,1.0416f,-0.2129f,2.546f,0.0142f,-0.2129f,-1.0415f,0.0178f,0f,0f,0f,1f],start_interpolation: 0,interpolation_duration: 1}
$data merge entity $(bone_neck7) {transformation: [-1.0556f,-0.0064f,-0.0126f,0.0138f,0f,0.94f,-0.4804f,1.7056f,0.0141f,-0.4804f,-0.9399f,0.4723f,0f,0f,0f,1f],start_interpolation: 0,interpolation_duration: 1}
$data merge entity $(bone_neck6) {transformation: [-1.0496f,-0.0039f,-0.0135f,0.0172f,0f,1.0075f,-0.2947f,0.8128f,0.014f,-0.2947f,-1.0074f,0.7241f,0f,0f,0f,1f],start_interpolation: 0,interpolation_duration: 1}
$data merge entity $(bone_neck_spine6) {transformation: [-1.2694f,0.0621f,0.0683f,-0.0826f,0.0534f,-0.274f,1.2418f,0.4724f,0.0753f,1.2414f,0.2707f,-1.9247f,0f,0f,0f,1f],start_interpolation: 0,interpolation_duration: 1}
$data merge entity $(bone_neck_spine7) {transformation: [-0.9958f,-0.0285f,0.0868f,-0.1221f,0.0693f,0.383f,0.9211f,0.8313f,-0.0595f,0.9233f,-0.3795f,-5.673f,0f,0f,0f,1f],start_interpolation: 0,interpolation_duration: 1}
$data merge entity $(bone_tail6) {transformation: [-1.5604f,-0.6965f,-0.2133f,1.0217f,-0.658f,1.1314f,1.1191f,-1.3821f,-0.3125f,1.0956f,-1.2913f,-8.6914f,0f,0f,0f,1f],start_interpolation: 0,interpolation_duration: 1}
$data merge entity $(bone_tail5) {transformation: [-1.289f,-0.5753f,-0.1762f,0.6583f,-0.5435f,0.9346f,0.9245f,-0.7918f,-0.2581f,0.905f,-1.0667f,-8.1198f,0f,0f,0f,1f],start_interpolation: 0,interpolation_duration: 1}
$data merge entity $(bone_tail4) {transformation: [-0.9498f,-0.4239f,-0.1298f,0.4766f,-0.4005f,0.6887f,0.6812f,-0.4967f,-0.1902f,0.6669f,-0.786f,-7.834f,0f,0f,0f,1f],start_interpolation: 0,interpolation_duration: 1}
$data merge entity $(bone_segment18) {transformation: [-0.9061f,-0.3914f,-0.1605f,0.2569f,-0.3821f,0.5946f,0.7074f,-0.1628f,-0.1815f,0.7023f,-0.6883f,-7.4396f,0f,0f,0f,1f],start_interpolation: 0,interpolation_duration: 1}
$data merge entity $(bone_segment17) {transformation: [-0.9373f,-0.3244f,0.1273f,0.0201f,0.005f,0.3525f,0.9358f,0.0945f,-0.3485f,0.8778f,-0.3288f,-6.7989f,0f,0f,0f,1f],start_interpolation: 0,interpolation_duration: 1}
$data merge entity $(bone_segment16) {transformation: [-0.9804f,-0.1702f,0.0995f,-0.1424f,0.0512f,0.2678f,0.9621f,0.3502f,-0.1904f,0.9483f,-0.2538f,-5.8936f,0f,0f,0f,1f],start_interpolation: 0,interpolation_duration: 1}
$data merge entity $(bone_segment15) {transformation: [-0.9958f,-0.05f,0.0764f,-0.2013f,0.0693f,0.1316f,0.9889f,0.5053f,-0.0595f,0.99f,-0.1276f,-4.7262f,0f,0f,0f,1f],start_interpolation: 0,interpolation_duration: 1}
$data merge entity $(bone_segment14) {transformation: [-1.0462f,0.014f,0.0627f,-0.1856f,0.0599f,-0.1565f,1.0347f,0.3292f,0.0232f,1.0363f,0.1554f,-3.5603f,0f,0f,0f,1f],start_interpolation: 0,interpolation_duration: 1}
$data merge entity $(bone_segment13) {transformation: [-1.023f,0.0397f,0.0629f,-0.1395f,0.043f,-0.3912f,0.9472f,-0.1679f,0.0607f,0.9473f,0.3885f,-2.43f,0f,0f,0f,1f],start_interpolation: 0,interpolation_duration: 1}
$data merge entity $(bone_segment12) {transformation: [-1.1124f,0.0659f,0.0523f,-0.0598f,0.0464f,-0.0989f,1.1102f,-0.2873f,0.0702f,1.1092f,0.0958f,-1.09f,0f,0f,0f,1f],start_interpolation: 0,interpolation_duration: 1}
$data merge entity $(bone_segment11) {transformation: [-1.1893f,0.0513f,0.0109f,0.0032f,0.0326f,0.5297f,1.0656f,0.3248f,0.041f,1.0648f,-0.5306f,0.1405f,0f,0f,0f,1f],start_interpolation: 0,interpolation_duration: 1}
$data merge entity $(bone_segment10) {transformation: [-1.0481f,0.0085f,-0.0111f,0.0181f,0f,0.8306f,0.6394f,1.175f,0.014f,0.6393f,-0.8305f,0.7949f,0f,0f,0f,1f],start_interpolation: 0,interpolation_duration: 1}
data modify entity @s data merge value {"cameras":{},"locators":{"mouth":{"posx":0.057580793377942176,"posy":3.1198203473340023,"posz":3.747504524296811,"roty":179.23463313526983,"rotx":59.05273845743268}}}