# This file was generated by Animated Java via MC-Build. It is not recommended to edit this file directly.
$data merge entity $(bone_neck_spine5) {transformation: [-1.5723f,0.0013f,-0.0041f,0.1198f,0f,1.5034f,0.4604f,4.3007f,0.0043f,0.4604f,-1.5034f,-0.4421f,0f,0f,0f,1f],start_interpolation: 0,interpolation_duration: 1}
$data merge entity $(bone_neck_spine2) {transformation: [-1.4974f,0.0015f,-0.0038f,0.0131f,0f,1.3928f,0.5497f,5.3043f,0.0041f,0.5497f,-1.3928f,1.6062f,0f,0f,0f,1f],start_interpolation: 0,interpolation_duration: 1}
$data merge entity $(bone_scale_neck_left1) {transformation: [-1.5904f,0.4191f,0.0889f,0.7982f,0.3727f,1.185f,1.0816f,4.4779f,0.2113f,1.0645f,-1.239f,1.2416f,0f,0f,0f,1f],start_interpolation: 0,interpolation_duration: 1}
$data merge entity $(bone_scale_neck_right1) {transformation: [-1.5916f,-0.4133f,-0.0957f,-0.774f,-0.3727f,1.185f,1.0816f,4.4779f,-0.2026f,1.0668f,-1.2385f,1.2459f,0f,0f,0f,1f],start_interpolation: 0,interpolation_duration: 1}
$data merge entity $(bone_blush_right1) {transformation: [-1f,0.0015f,-0.0023f,-0.6474f,0f,0.8478f,0.5303f,3.6006f,0.0027f,0.5303f,-0.8478f,2.3713f,0f,0f,0f,1f],start_interpolation: 0,interpolation_duration: 1}
$data merge entity $(bone_blush_left1) {transformation: [-1f,0.0015f,-0.0023f,0.6778f,0f,0.8478f,0.5303f,3.6006f,0.0027f,0.5303f,-0.8478f,2.3677f,0f,0f,0f,1f],start_interpolation: 0,interpolation_duration: 1}
$data merge entity $(bone_left_head_scales) {transformation: [-0.8859f,0.0015f,-0.4638f,0.6891f,-0.2449f,0.8478f,0.4704f,4.4279f,0.3939f,0.5303f,-0.7508f,2.4215f,0f,0f,0f,1f],start_interpolation: 0,interpolation_duration: 1}
$data merge entity $(bone_left_head_scales2) {transformation: [-0.8178f,0.0015f,-0.5755f,0.6882f,-0.3042f,0.8478f,0.4344f,3.5769f,0.4885f,0.5303f,-0.6929f,2.0879f,0f,0f,0f,1f],start_interpolation: 0,interpolation_duration: 1}
$data merge entity $(bone_left_head_scales1) {transformation: [-1f,0.0015f,-0.0023f,0.689f,0f,0.8478f,0.5303f,4.3327f,0.0027f,0.5303f,-0.8478f,2.3619f,0f,0f,0f,1f],start_interpolation: 0,interpolation_duration: 1}
$data merge entity $(bone_right_head_scales) {transformation: [-0.8881f,0.0015f,0.4597f,-0.6585f,0.2449f,0.8478f,0.4704f,4.4279f,-0.389f,0.5303f,-0.7533f,2.4252f,0f,0f,0f,1f],start_interpolation: 0,interpolation_duration: 1}
$data merge entity $(bone_right_head_scales2) {transformation: [-0.8205f,0.0015f,0.5717f,-0.6594f,0.3042f,0.8478f,0.4344f,3.5769f,-0.484f,0.5303f,-0.6961f,2.0916f,0f,0f,0f,1f],start_interpolation: 0,interpolation_duration: 1}
$data merge entity $(bone_right_head_scales1) {transformation: [-1f,0.0015f,-0.0023f,-0.6587f,0f,0.8478f,0.5303f,4.3327f,0.0027f,0.5303f,-0.8478f,2.3656f,0f,0f,0f,1f],start_interpolation: 0,interpolation_duration: 1}
$data merge entity $(bone_head_left_fin1) {transformation: [-0.7253f,0.0223f,-0.7564f,0.6882f,-0.1503f,1.0226f,0.1743f,4.0203f,0.7417f,0.229f,-0.7044f,2.0672f,0f,0f,0f,1f],start_interpolation: 0,interpolation_duration: 1}
$data merge entity $(bone_head_right_fin1) {transformation: [-0.7293f,-0.0211f,0.7525f,-0.6595f,0.1503f,1.0226f,0.1743f,4.0203f,-0.7377f,0.2291f,-0.7085f,2.0709f,0f,0f,0f,1f],start_interpolation: 0,interpolation_duration: 1}
$data merge entity $(bone_right_whisker16) {transformation: [0.259f,0.9181f,-0.3002f,-1.1869f,0.9633f,-0.2684f,0.0102f,1.2888f,-0.0712f,-0.2918f,-0.9538f,1.8909f,0f,0f,0f,1f],start_interpolation: 0,interpolation_duration: 1}
$data merge entity $(bone_right_whisker15) {transformation: [-0.8764f,0.3766f,-0.3002f,-0.8917f,0.3918f,0.92f,0.0102f,1.1568f,0.28f,-0.1087f,-0.9538f,1.7966f,0f,0f,0f,1f],start_interpolation: 0,interpolation_duration: 1}
$data merge entity $(bone_right_whisker14) {transformation: [-0.7117f,-0.6351f,-0.3002f,-0.6519f,-0.6682f,0.7439f,0.0102f,1.3819f,0.2168f,0.2079f,-0.9538f,1.7235f,0f,0f,0f,1f],start_interpolation: 0,interpolation_duration: 1}
$data merge entity $(bone_right_whisker13) {transformation: [-0.0947f,-0.9929f,-0.0723f,-0.62f,-0.9745f,0.0776f,0.2107f,1.7102f,-0.2036f,0.0904f,-0.9749f,1.7921f,0f,0f,0f,1f],start_interpolation: 0,interpolation_duration: 1}
$data merge entity $(bone_right_whisker12) {transformation: [0.066f,-0.9966f,-0.0501f,-0.6496f,-0.9055f,-0.0809f,0.4166f,2.117f,-0.4192f,0.0179f,-0.9077f,1.9804f,0f,0f,0f,1f],start_interpolation: 0,interpolation_duration: 1}
$data merge entity $(bone_right_whisker11) {transformation: [0.2918f,-0.9561f,-0.0279f,-0.7807f,-0.9479f,-0.293f,0.125f,2.5428f,-0.1277f,-0.01f,-0.9918f,2.0378f,0f,0f,0f,1f],start_interpolation: 0,interpolation_duration: 1}
$data merge entity $(bone_right_whisker10) {transformation: [0.0708f,-0.9939f,0.0845f,-0.8126f,-0.9898f,-0.0805f,-0.1178f,2.9874f,0.1239f,-0.0752f,-0.9894f,1.9822f,0f,0f,0f,1f],start_interpolation: 0,interpolation_duration: 1}
$data merge entity $(bone_right_whisker1) {transformation: [-0.3406f,-0.9386f,0.0543f,-0.6595f,-0.928f,0.3449f,0.1406f,3.4043f,-0.1507f,-0.0025f,-0.9886f,2.0498f,0f,0f,0f,1f],start_interpolation: 0,interpolation_duration: 1}
$data merge entity $(bone_left_whisker16) {transformation: [0.2594f,-0.9196f,0.295f,1.2146f,-0.9633f,-0.2684f,0.0102f,1.2888f,0.0698f,-0.2868f,-0.9555f,1.8844f,0f,0f,0f,1f],start_interpolation: 0,interpolation_duration: 1}
$data merge entity $(bone_left_whisker15) {transformation: [-0.8779f,-0.3772f,0.295f,0.9189f,-0.3918f,0.92f,0.0102f,1.1568f,-0.2752f,-0.1066f,-0.9555f,1.7916f,0f,0f,0f,1f],start_interpolation: 0,interpolation_duration: 1}
$data merge entity $(bone_left_whisker14) {transformation: [-0.7129f,0.6363f,0.295f,0.6787f,0.6682f,0.7439f,0.0102f,1.3819f,-0.2129f,0.2044f,-0.9555f,1.7199f,0f,0f,0f,1f],start_interpolation: 0,interpolation_duration: 1}
$data merge entity $(bone_left_whisker13) {transformation: [-0.0936f,0.9934f,0.0669f,0.6472f,0.9745f,0.0776f,0.2107f,1.7102f,0.2041f,0.0849f,-0.9753f,1.7887f,0f,0f,0f,1f],start_interpolation: 0,interpolation_duration: 1}
$data merge entity $(bone_left_whisker12) {transformation: [0.0683f,0.9966f,0.0451f,0.6778f,0.9055f,-0.0809f,0.4166f,2.117f,0.4188f,0.0124f,-0.908f,1.9768f,0f,0f,0f,1f],start_interpolation: 0,interpolation_duration: 1}
$data merge entity $(bone_left_whisker11) {transformation: [0.2925f,0.956f,0.0225f,0.8093f,0.9479f,-0.293f,0.125f,2.5428f,0.1261f,-0.0153f,-0.9919f,2.0335f,0f,0f,0f,1f],start_interpolation: 0,interpolation_duration: 1}
$data merge entity $(bone_left_whisker10) {transformation: [0.0701f,0.9935f,-0.0899f,0.8408f,0.9898f,-0.0805f,-0.1178f,2.9874f,-0.1243f,-0.0807f,-0.989f,1.9776f,0f,0f,0f,1f],start_interpolation: 0,interpolation_duration: 1}
$data merge entity $(bone_left_whisker1) {transformation: [-0.3398f,0.9386f,-0.0597f,0.6881f,0.928f,0.3449f,0.1406f,3.4043f,0.1526f,-0.0076f,-0.9883f,2.0462f,0f,0f,0f,1f],start_interpolation: 0,interpolation_duration: 1}
$data merge entity $(bone_upper_left_tooth1) {transformation: [-1f,0.0012f,-0.0024f,0.3259f,0f,0.8908f,0.4544f,3.2816f,0.0027f,0.4544f,-0.8908f,3.0577f,0f,0f,0f,1f],start_interpolation: 0,interpolation_duration: 1}
$data merge entity $(bone_upper_right_tooth1) {transformation: [-1f,0.0012f,-0.0024f,-0.3479f,0f,0.8908f,0.4544f,3.2816f,0.0027f,0.4544f,-0.8908f,3.0595f,0f,0f,0f,1f],start_interpolation: 0,interpolation_duration: 1}
$data merge entity $(bone_top_lip1) {transformation: [-1f,0.0001f,-0.0027f,0.0172f,0f,0.9992f,0.039f,3.3917f,0.0027f,0.039f,-0.9992f,3.1146f,0f,0f,0f,1f],start_interpolation: 0,interpolation_duration: 1}
$data merge entity $(bone_muzzle1) {transformation: [-1f,0.0012f,-0.0024f,0.016f,0f,0.8908f,0.4544f,3.7969f,0.0027f,0.4544f,-0.8908f,2.691f,0f,0f,0f,1f],start_interpolation: 0,interpolation_duration: 1}
$data merge entity $(bone_jaw_right_tooth1) {transformation: [-1f,-0.0004f,-0.0027f,-0.348f,0f,0.9904f,-0.1383f,3.1782f,0.0027f,-0.1383f,-0.9904f,3.0533f,0f,0f,0f,1f],start_interpolation: 0,interpolation_duration: 1}
$data merge entity $(bone_jaw_left_tooth1) {transformation: [-1f,-0.0004f,-0.0027f,0.382f,0f,0.9904f,-0.1383f,3.1782f,0.0027f,-0.1383f,-0.9904f,3.0513f,0f,0f,0f,1f],start_interpolation: 0,interpolation_duration: 1}
$data merge entity $(bone_tongue1) {transformation: [-1f,0.0006f,-0.0027f,0.0149f,0f,0.9746f,0.2238f,3.346f,0.0027f,0.2238f,-0.9746f,2.256f,0f,0f,0f,1f],start_interpolation: 0,interpolation_duration: 1}
$data merge entity $(bone_jaw_lips1) {transformation: [-1f,0.0006f,-0.0027f,0.0733f,0f,0.9746f,0.2238f,3.019f,0.0027f,0.2238f,-0.9746f,3.1026f,0f,0f,0f,1f],start_interpolation: 0,interpolation_duration: 1}
$data merge entity $(bone_jaw3) {transformation: [-1f,0.0001f,-0.0027f,0.0709f,0f,0.9994f,0.0358f,2.967f,0.0027f,0.0358f,-0.9994f,2.2017f,0f,0f,0f,1f],start_interpolation: 0,interpolation_duration: 1}
$data merge entity $(bone_jaw1) {transformation: [-1f,0.002f,-0.0019f,0.0692f,0f,0.6813f,0.732f,3.6247f,0.0027f,0.732f,-0.6813f,1.5896f,0f,0f,0f,1f],start_interpolation: 0,interpolation_duration: 1}
$data merge entity $(bone_tear_right1) {transformation: [-1f,0.0015f,-0.0023f,-0.5905f,0f,0.8478f,0.5303f,3.8802f,0.0027f,0.5303f,-0.8478f,2.6653f,0f,0f,0f,1f],start_interpolation: 0,interpolation_duration: 1}
$data merge entity $(bone_right_pupil1) {transformation: [-1f,0.0015f,-0.0023f,-0.4048f,0f,0.8478f,0.5303f,3.9397f,0.0027f,0.5303f,-0.8478f,2.7815f,0f,0f,0f,1f],start_interpolation: 0,interpolation_duration: 1}
$data merge entity $(bone_right_sad_pupil1) {transformation: [-1f,0.0015f,-0.0023f,-0.4049f,0f,0.8478f,0.5303f,3.9457f,0.0027f,0.5303f,-0.8478f,2.7719f,0f,0f,0f,1f],start_interpolation: 0,interpolation_duration: 1}
$data merge entity $(bone_right_happy_pupil1) {transformation: [-1f,0.0015f,-0.0023f,-0.433f,0f,0.8478f,0.5303f,3.9219f,0.0027f,0.5303f,-0.8478f,2.7571f,0f,0f,0f,1f],start_interpolation: 0,interpolation_duration: 1}
$data merge entity $(bone_eyelid_right1) {transformation: [-1f,0.0015f,-0.0023f,0.0261f,0f,0.8478f,0.5303f,4.1958f,0.0027f,0.5303f,-0.8478f,2.2649f,0f,0f,0f,1f],start_interpolation: 0,interpolation_duration: 1}
$data merge entity $(bone_eyelid_expressions_right5) {transformation: [-1f,0.0015f,-0.0023f,-0.5339f,0f,0.8478f,0.5303f,4.0409f,0.0027f,0.5303f,-0.8478f,2.8318f,0f,0f,0f,1f],start_interpolation: 0,interpolation_duration: 1}
$data merge entity $(bone_eyelid_expressions_right7) {transformation: [-1f,0.0015f,-0.0023f,-0.1969f,0f,0.8478f,0.5303f,4.0409f,0.0027f,0.5303f,-0.8478f,2.8309f,0f,0f,0f,1f],start_interpolation: 0,interpolation_duration: 1}
$data merge entity $(bone_eyelid_expressions_right6) {transformation: [-1f,0.0015f,-0.0023f,-0.3093f,0f,0.8478f,0.5303f,4.0409f,0.0027f,0.5303f,-0.8478f,2.8312f,0f,0f,0f,1f],start_interpolation: 0,interpolation_duration: 1}
$data merge entity $(bone_right_eye1) {transformation: [-1f,0.0015f,-0.0023f,0.0149f,0f,0.8478f,0.5303f,4.1899f,0.0027f,0.5303f,-0.8478f,2.2745f,0f,0f,0f,1f],start_interpolation: 0,interpolation_duration: 1}
$data merge entity $(bone_tear_left1) {transformation: [-1f,0.0015f,-0.0023f,0.6224f,0f,0.8478f,0.5303f,3.8802f,0.0027f,0.5303f,-0.8478f,2.662f,0f,0f,0f,1f],start_interpolation: 0,interpolation_duration: 1}
$data merge entity $(bone_left_sad_pupil1) {transformation: [-1f,0.0015f,-0.0023f,0.4374f,0f,0.8478f,0.5303f,3.9457f,0.0027f,0.5303f,-0.8478f,2.7696f,0f,0f,0f,1f],start_interpolation: 0,interpolation_duration: 1}
$data merge entity $(bone_left_pupil1) {transformation: [-1f,0.0015f,-0.0023f,0.4374f,0f,0.8478f,0.5303f,3.9397f,0.0027f,0.5303f,-0.8478f,2.7791f,0f,0f,0f,1f],start_interpolation: 0,interpolation_duration: 1}
$data merge entity $(bone_eyelid_left1) {transformation: [-1f,0.0015f,-0.0023f,0.0037f,0f,0.8478f,0.5303f,4.1958f,0.0027f,0.5303f,-0.8478f,2.265f,0f,0f,0f,1f],start_interpolation: 0,interpolation_duration: 1}
$data merge entity $(bone_left_happy_pupil1) {transformation: [-1f,0.0015f,-0.0023f,0.4654f,0f,0.8478f,0.5303f,3.9219f,0.0027f,0.5303f,-0.8478f,2.7547f,0f,0f,0f,1f],start_interpolation: 0,interpolation_duration: 1}
$data merge entity $(bone_eyelid_expressions_left5) {transformation: [-1f,0.0015f,-0.0023f,0.5667f,0f,0.8478f,0.5303f,4.0409f,0.0027f,0.5303f,-0.8478f,2.8288f,0f,0f,0f,1f],start_interpolation: 0,interpolation_duration: 1}
$data merge entity $(bone_eyelid_expressions_left7) {transformation: [-1f,0.0015f,-0.0023f,0.2298f,0f,0.8478f,0.5303f,4.0409f,0.0027f,0.5303f,-0.8478f,2.8298f,0f,0f,0f,1f],start_interpolation: 0,interpolation_duration: 1}
$data merge entity $(bone_eyelid_expressions_left6) {transformation: [-1f,0.0015f,-0.0023f,0.3421f,0f,0.8478f,0.5303f,4.0409f,0.0027f,0.5303f,-0.8478f,2.8294f,0f,0f,0f,1f],start_interpolation: 0,interpolation_duration: 1}
$data merge entity $(bone_left_eye1) {transformation: [-1f,0.0015f,-0.0023f,0.0149f,0f,0.8478f,0.5303f,4.1899f,0.0027f,0.5303f,-0.8478f,2.2745f,0f,0f,0f,1f],start_interpolation: 0,interpolation_duration: 1}
$data merge entity $(bone_crest_middle5) {transformation: [-1f,0.0009f,-0.0026f,0.018f,0f,0.9425f,0.3342f,5.1119f,0.0027f,0.3342f,-0.9425f,3.4135f,0f,0f,0f,1f],start_interpolation: 0,interpolation_duration: 1}
$data merge entity $(bone_crest_middle4) {transformation: [-1f,0.0009f,-0.0026f,0.0174f,0f,0.9425f,0.3342f,4.4768f,0.0027f,0.3342f,-0.9425f,3.1883f,0f,0f,0f,1f],start_interpolation: 0,interpolation_duration: 1}
$data merge entity $(bone_crest_middle1) {transformation: [-1f,0.0009f,-0.0026f,0.0172f,0f,0.9425f,0.3342f,3.9723f,0.0027f,0.3342f,-0.9425f,3.0988f,0f,0f,0f,1f],start_interpolation: 0,interpolation_duration: 1}
$data merge entity $(bone_crest_left5) {transformation: [-0.5385f,-0.8357f,0.1077f,-1.0872f,-0.715f,0.5208f,0.4663f,4.5158f,-0.4458f,0.1741f,-0.878f,3.1602f,0f,0f,0f,1f],start_interpolation: 0,interpolation_duration: 1}
$data merge entity $(bone_crest_left4) {transformation: [-0.5385f,-0.8357f,0.1077f,-0.6179f,-0.715f,0.5208f,0.4663f,4.2233f,-0.4458f,0.1741f,-0.878f,3.0625f,0f,0f,0f,1f],start_interpolation: 0,interpolation_duration: 1}
$data merge entity $(bone_crest_left1) {transformation: [-0.5385f,-0.8357f,0.1077f,-0.0957f,-0.715f,0.5208f,0.4663f,3.9278f,-0.4458f,0.1741f,-0.878f,2.9056f,0f,0f,0f,1f],start_interpolation: 0,interpolation_duration: 1}
$data merge entity $(bone_crest_center1) {transformation: [-1f,0.0015f,-0.0023f,0.0166f,0f,0.8478f,0.5303f,3.904f,0.0027f,0.5303f,-0.8478f,2.8904f,0f,0f,0f,1f],start_interpolation: 0,interpolation_duration: 1}
$data merge entity $(bone_crest_right5) {transformation: [-0.5361f,0.8366f,-0.1125f,1.1218f,0.715f,0.5208f,0.4663f,4.5158f,0.4487f,0.1695f,-0.8774f,3.1542f,0f,0f,0f,1f],start_interpolation: 0,interpolation_duration: 1}
$data merge entity $(bone_crest_right4) {transformation: [-0.5361f,0.8366f,-0.1125f,0.652f,0.715f,0.5208f,0.4663f,4.2233f,0.4487f,0.1695f,-0.8774f,3.059f,0f,0f,0f,1f],start_interpolation: 0,interpolation_duration: 1}
$data merge entity $(bone_crest_right1) {transformation: [-0.5361f,0.8366f,-0.1125f,0.1289f,0.715f,0.5208f,0.4663f,3.9278f,0.4487f,0.1695f,-0.8774f,2.905f,0f,0f,0f,1f],start_interpolation: 0,interpolation_duration: 1}
$data merge entity $(bone_head1) {transformation: [-1.0482f,0.0015f,-0.0024f,0.0134f,0f,0.8887f,0.5558f,4.4698f,0.0029f,0.5558f,-0.8887f,1.721f,0f,0f,0f,1f],start_interpolation: 0,interpolation_duration: 1}
$data merge entity $(bone_neck10) {transformation: [-1.4974f,0.002f,-0.0036f,0.0102f,0f,1.3092f,0.7268f,4.595f,0.0041f,0.7268f,-1.3092f,0.5702f,0f,0f,0f,1f],start_interpolation: 0,interpolation_duration: 1}
$data merge entity $(bone_neck9) {transformation: [-1.1455f,0.0017f,-0.0027f,0.0083f,0f,0.9712f,0.6075f,3.3274f,0.0031f,0.6075f,-0.9712f,-0.1564f,0f,0f,0f,1f],start_interpolation: 0,interpolation_duration: 1}
$data merge entity $(bone_neck8) {transformation: [-1.0631f,-0.0005f,-0.0029f,0.0087f,0f,1.0454f,-0.1933f,2.5535f,0.0029f,-0.1933f,-1.0454f,0.0207f,0f,0f,0f,1f],start_interpolation: 0,interpolation_duration: 1}
$data merge entity $(bone_neck7) {transformation: [-1.0557f,-0.0013f,-0.0026f,0.0099f,0f,0.9475f,-0.4656f,1.706f,0.0029f,-0.4656f,-0.9474f,0.462f,0f,0f,0f,1f],start_interpolation: 0,interpolation_duration: 1}
$data merge entity $(bone_neck6) {transformation: [-1.0497f,-0.0008f,-0.0028f,0.0106f,0f,1.0089f,-0.2895f,0.812f,0.0029f,-0.2895f,-1.0089f,0.7092f,0f,0f,0f,1f],start_interpolation: 0,interpolation_duration: 1}
$data merge entity $(bone_neck_spine6) {transformation: [-1.2672f,0.0913f,0.0765f,-0.0498f,0.0529f,-0.3004f,1.2357f,0.4819f,0.1067f,1.2334f,0.2953f,-1.93f,0f,0f,0f,1f],start_interpolation: 0,interpolation_duration: 1}
$data merge entity $(bone_neck_spine7) {transformation: [-0.9982f,0.044f,0.0408f,-0.2772f,0.0538f,0.3565f,0.9328f,0.9365f,0.0265f,0.9333f,-0.3582f,-5.6632f,0f,0f,0f,1f],start_interpolation: 0,interpolation_duration: 1}
$data merge entity $(bone_tail6) {transformation: [-1.578f,-0.6142f,-0.3131f,0.6023f,-0.6766f,1.2302f,0.9971f,-1.3825f,-0.132f,1.0367f,-1.3686f,-8.6629f,0f,0f,0f,1f],start_interpolation: 0,interpolation_duration: 1}
$data merge entity $(bone_tail5) {transformation: [-1.3036f,-0.5074f,-0.2586f,0.2818f,-0.5589f,1.0162f,0.8237f,-0.7407f,-0.109f,0.8564f,-1.1306f,-8.122f,0f,0f,0f,1f],start_interpolation: 0,interpolation_duration: 1}
$data merge entity $(bone_tail4) {transformation: [-0.9605f,-0.3738f,-0.1906f,0.1216f,-0.4118f,0.7488f,0.6069f,-0.4197f,-0.0803f,0.631f,-0.8331f,-7.8516f,0f,0f,0f,1f],start_interpolation: 0,interpolation_duration: 1}
$data merge entity $(bone_segment18) {transformation: [-0.9164f,-0.3373f,-0.2156f,-0.0678f,-0.3929f,0.6547f,0.6457f,-0.0521f,-0.0766f,0.6764f,-0.7325f,-7.4717f,0f,0f,0f,1f],start_interpolation: 0,interpolation_duration: 1}
$data merge entity $(bone_segment17) {transformation: [-0.9678f,-0.2347f,0.0914f,-0.2391f,-0.0026f,0.3723f,0.9281f,0.2197f,-0.2519f,0.898f,-0.3609f,-6.8162f,0f,0f,0f,1f],start_interpolation: 0,interpolation_duration: 1}
$data merge entity $(bone_segment16) {transformation: [-0.9954f,-0.0731f,0.0622f,-0.3089f,0.0418f,0.2532f,0.9665f,0.4614f,-0.0864f,0.9646f,-0.249f,-5.8954f,0f,0f,0f,1f],start_interpolation: 0,interpolation_duration: 1}
$data merge entity $(bone_segment15) {transformation: [-0.9982f,0.0319f,0.0508f,-0.2713f,0.0538f,0.1029f,0.9932f,0.5827f,0.0265f,0.9942f,-0.1044f,-4.7231f,0f,0f,0f,1f],start_interpolation: 0,interpolation_duration: 1}
$data merge entity $(bone_segment14) {transformation: [-1.0441f,0.0705f,0.0604f,-0.192f,0.0471f,-0.1858f,1.0305f,0.3737f,0.08f,1.0292f,0.1819f,-3.5653f,0f,0f,0f,1f],start_interpolation: 0,interpolation_duration: 1}
$data merge entity $(bone_segment13) {transformation: [-1.0212f,0.0618f,0.0735f,-0.1196f,0.0427f,-0.4114f,0.9386f,-0.1475f,0.086f,0.9376f,0.407f,-2.4472f,0f,0f,0f,1f],start_interpolation: 0,interpolation_duration: 1}
$data merge entity $(bone_segment12) {transformation: [-1.1124f,0.0625f,0.0555f,-0.0441f,0.049f,-0.1115f,1.1089f,-0.2822f,0.0677f,1.1082f,0.1085f,-1.1084f,0f,0f,0f,1f],start_interpolation: 0,interpolation_duration: 1}
$data merge entity $(bone_segment11) {transformation: [-1.1898f,0.0366f,0.015f,0.0034f,0.0296f,0.526f,1.0675f,0.3255f,0.0262f,1.0673f,-0.5266f,0.1249f,0f,0f,0f,1f],start_interpolation: 0,interpolation_duration: 1}
$data merge entity $(bone_segment10) {transformation: [-1.0482f,0.0018f,-0.0023f,0.0108f,0f,0.8287f,0.6418f,1.1739f,0.0029f,0.6418f,-0.8287f,0.7819f,0f,0f,0f,1f],start_interpolation: 0,interpolation_duration: 1}
data modify entity @s data merge value {"cameras":{},"locators":{"mouth":{"posx":0.018981523102325988,"posy":3.0659558355430896,"posz":3.761876923041095,"roty":179.84308180854433,"rotx":57.974419425222926}}}