# This file was generated by Animated Java via MC-Build. It is not recommended to edit this file directly.
$data merge entity $(bone_neck_spine5) {transformation: [-1.5714f,-0.0162f,0.048f,0.1273f,0f,1.4898f,0.5025f,4.4012f,-0.0507f,0.5023f,-1.489f,-0.3087f,0f,0f,0f,1f],start_interpolation: 0,interpolation_duration: 1}
$data merge entity $(bone_neck_spine2) {transformation: [-1.4966f,-0.0149f,0.0459f,-0.0498f,0f,1.4242f,0.4624f,5.439f,-0.0483f,0.4622f,-1.4235f,1.6966f,0f,0f,0f,1f],start_interpolation: 0,interpolation_duration: 1}
$data merge entity $(bone_scale_neck_left1) {transformation: [-1.5961f,0.3841f,0.1342f,0.7459f,0.3848f,1.2487f,1.0028f,4.5918f,0.132f,1.0031f,-1.2998f,1.4116f,0f,0f,0f,1f],start_interpolation: 0,interpolation_duration: 1}
$data merge entity $(bone_scale_neck_right1) {transformation: [-1.5843f,-0.4479f,-0.0502f,-0.8255f,-0.3848f,1.2487f,1.0028f,4.5918f,-0.2346f,0.9763f,-1.3057f,1.3609f,0f,0f,0f,1f],start_interpolation: 0,interpolation_duration: 1}
$data merge entity $(bone_blush_right1) {transformation: [-0.9995f,-0.0179f,0.0268f,-0.7375f,0f,0.8325f,0.554f,3.7261f,-0.0322f,0.5537f,-0.8321f,2.4648f,0f,0f,0f,1f],start_interpolation: 0,interpolation_duration: 1}
$data merge entity $(bone_blush_left1) {transformation: [-0.9995f,-0.0179f,0.0268f,0.587f,0f,0.8325f,0.554f,3.7261f,-0.0322f,0.5537f,-0.8321f,2.5075f,0f,0f,0f,1f],start_interpolation: 0,interpolation_duration: 1}
$data merge entity $(bone_left_head_scales) {transformation: [-0.8989f,-0.0179f,-0.4377f,0.5957f,-0.2558f,0.8325f,0.4914f,4.5516f,0.3556f,0.5537f,-0.753f,2.585f,0f,0f,0f,1f],start_interpolation: 0,interpolation_duration: 1}
$data merge entity $(bone_left_head_scales2) {transformation: [-0.8341f,-0.0179f,-0.5513f,0.6073f,-0.3177f,0.8325f,0.4538f,3.7103f,0.4509f,0.5537f,-0.7001f,2.2277f,0f,0f,0f,1f],start_interpolation: 0,interpolation_duration: 1}
$data merge entity $(bone_left_head_scales1) {transformation: [-0.9995f,-0.0179f,0.0268f,0.5977f,0f,0.8325f,0.554f,4.4581f,-0.0322f,0.5537f,-0.8321f,2.5228f,0f,0f,0f,1f],start_interpolation: 0,interpolation_duration: 1}
$data merge entity $(bone_right_head_scales) {transformation: [-0.8742f,-0.0179f,0.4853f,-0.7512f,0.2558f,0.8325f,0.4914f,4.5516f,-0.4128f,0.5537f,-0.7232f,2.5416f,0f,0f,0f,1f],start_interpolation: 0,interpolation_duration: 1}
$data merge entity $(bone_right_head_scales2) {transformation: [-0.8033f,-0.0179f,0.5953f,-0.7397f,0.3177f,0.8325f,0.4538f,3.7103f,-0.5037f,0.5537f,-0.6631f,2.1843f,0f,0f,0f,1f],start_interpolation: 0,interpolation_duration: 1}
$data merge entity $(bone_right_head_scales1) {transformation: [-0.9995f,-0.0179f,0.0268f,-0.7492f,0f,0.8325f,0.554f,4.4581f,-0.0322f,0.5537f,-0.8321f,2.4794f,0f,0f,0f,1f],start_interpolation: 0,interpolation_duration: 1}
$data merge entity $(bone_head_left_fin1) {transformation: [-0.7506f,0.0134f,-0.7315f,0.6075f,-0.171f,1.0157f,0.1941f,4.1542f,0.7113f,0.2584f,-0.7252f,2.2196f,0f,0f,0f,1f],start_interpolation: 0,interpolation_duration: 1}
$data merge entity $(bone_head_right_fin1) {transformation: [-0.7032f,-0.03f,0.7767f,-0.7394f,0.171f,1.0157f,0.1941f,4.1542f,-0.7582f,0.257f,-0.6766f,2.1761f,0f,0f,0f,1f],start_interpolation: 0,interpolation_duration: 1}
$data merge entity $(bone_right_whisker16) {transformation: [0.2604f,0.9279f,-0.2667f,-1.2578f,0.9649f,-0.2601f,0.0371f,1.4288f,-0.0349f,-0.267f,-0.9631f,1.901f,0f,0f,0f,1f],start_interpolation: 0,interpolation_duration: 1}
$data merge entity $(bone_right_whisker15) {transformation: [-0.886f,0.3793f,-0.2667f,-0.9593f,0.3838f,0.9227f,0.0371f,1.2995f,0.2601f,-0.0695f,-0.9631f,1.8133f,0f,0f,0f,1f],start_interpolation: 0,interpolation_duration: 1}
$data merge entity $(bone_right_whisker14) {transformation: [-0.7182f,-0.6427f,-0.2667f,-0.7173f,-0.674f,0.7378f,0.0371f,1.5265f,0.1729f,0.2064f,-0.9631f,1.7551f,0f,0f,0f,1f],start_interpolation: 0,interpolation_duration: 1}
$data merge entity $(bone_right_whisker13) {transformation: [-0.0866f,-0.9955f,-0.0383f,-0.6881f,-0.9683f,0.0751f,0.2381f,1.8528f,-0.2341f,0.0577f,-0.9705f,1.834f,0f,0f,0f,1f],start_interpolation: 0,interpolation_duration: 1}
$data merge entity $(bone_right_whisker12) {transformation: [0.0814f,-0.9965f,-0.0187f,-0.7247f,-0.8933f,-0.0813f,0.442f,2.2541f,-0.442f,-0.0193f,-0.8968f,2.0325f,0f,0f,0f,1f],start_interpolation: 0,interpolation_duration: 1}
$data merge entity $(bone_right_whisker11) {transformation: [0.297f,-0.9549f,0.0067f,-0.8581f,-0.944f,-0.2925f,0.1529f,2.6781f,-0.1441f,-0.0517f,-0.9882f,2.0972f,0f,0f,0f,1f],start_interpolation: 0,interpolation_duration: 1}
$data merge entity $(bone_right_whisker10) {transformation: [0.0673f,-0.9906f,0.1191f,-0.8884f,-0.9929f,-0.0783f,-0.0899f,3.1241f,0.0984f,-0.1122f,-0.9888f,2.053f,0f,0f,0f,1f],start_interpolation: 0,interpolation_duration: 1}
$data merge entity $(bone_right_whisker1) {transformation: [-0.3343f,-0.9383f,0.0887f,-0.7382f,-0.9234f,0.3449f,0.1684f,3.539f,-0.1886f,-0.0256f,-0.9817f,2.1377f,0f,0f,0f,1f],start_interpolation: 0,interpolation_duration: 1}
$data merge entity $(bone_left_whisker16) {transformation: [0.2576f,-0.9088f,0.3282f,1.1425f,-0.9649f,-0.2601f,0.0371f,1.4288f,0.0517f,-0.3262f,-0.9439f,1.9784f,0f,0f,0f,1f],start_interpolation: 0,interpolation_duration: 1}
$data merge entity $(bone_left_whisker15) {transformation: [-0.8674f,-0.3741f,0.3282f,0.8503f,-0.3838f,0.9227f,0.0371f,1.2995f,-0.3167f,-0.0938f,-0.9439f,1.8717f,0f,0f,0f,1f],start_interpolation: 0,interpolation_duration: 1}
$data merge entity $(bone_left_whisker14) {transformation: [-0.7056f,0.628f,0.3282f,0.6126f,0.674f,0.7378f,0.0371f,1.5265f,-0.2188f,0.2474f,-0.9439f,1.798f,0f,0f,0f,1f],start_interpolation: 0,interpolation_duration: 1}
$data merge entity $(bone_left_whisker13) {transformation: [-0.1015f,0.9897f,0.1008f,0.5784f,0.9683f,0.0751f,0.2381f,1.8528f,0.228f,0.1218f,-0.966f,1.8748f,0f,0f,0f,1f],start_interpolation: 0,interpolation_duration: 1}
$data merge entity $(bone_left_whisker12) {transformation: [0.0528f,0.9957f,0.0765f,0.6021f,0.8933f,-0.0813f,0.442f,2.2541f,0.4463f,0.045f,-0.8938f,2.0753f,0f,0f,0f,1f],start_interpolation: 0,interpolation_duration: 1}
$data merge entity $(bone_left_whisker11) {transformation: [0.2871f,0.9562f,0.057f,0.731f,0.944f,-0.2925f,0.1529f,2.6781f,0.1629f,0.01f,-0.9866f,2.1485f,0f,0f,0f,1f],start_interpolation: 0,interpolation_duration: 1}
$data merge entity $(bone_left_whisker10) {transformation: [0.0735f,0.9958f,-0.0551f,0.7641f,0.9929f,-0.0783f,-0.0899f,3.1241f,-0.0939f,-0.0481f,-0.9944f,2.1063f,0f,0f,0f,1f],start_interpolation: 0,interpolation_duration: 1}
$data merge entity $(bone_left_whisker1) {transformation: [-0.3458f,0.938f,-0.0252f,0.6088f,0.9234f,0.3449f,0.1684f,3.539f,0.1666f,0.0349f,-0.9854f,2.1812f,0f,0f,0f,1f],start_interpolation: 0,interpolation_duration: 1}
$data merge entity $(bone_upper_left_tooth1) {transformation: [-0.9995f,-0.0155f,0.0283f,0.2115f,0f,0.8777f,0.4793f,3.3879f,-0.0322f,0.479f,-0.8772f,3.1755f,0f,0f,0f,1f],start_interpolation: 0,interpolation_duration: 1}
$data merge entity $(bone_upper_right_tooth1) {transformation: [-0.9995f,-0.0155f,0.0283f,-0.462f,0f,0.8777f,0.4793f,3.3879f,-0.0322f,0.479f,-0.8772f,3.1538f,0f,0f,0f,1f],start_interpolation: 0,interpolation_duration: 1}
$data merge entity $(bone_top_lip1) {transformation: [-0.9995f,-0.0004f,0.0322f,-0.0991f,0f,0.9999f,0.0131f,3.4963f,-0.0322f,0.013f,-0.9994f,3.2248f,0f,0f,0f,1f],start_interpolation: 0,interpolation_duration: 1}
$data merge entity $(bone_muzzle1) {transformation: [-0.9995f,-0.0155f,0.0283f,-0.0858f,0f,0.8777f,0.4793f,3.9133f,-0.0322f,0.479f,-0.8772f,2.8129f,0f,0f,0f,1f],start_interpolation: 0,interpolation_duration: 1}
$data merge entity $(bone_jaw_right_tooth1) {transformation: [-0.9995f,0.0035f,0.0321f,-0.4617f,0f,0.9941f,-0.1087f,3.2823f,-0.0322f,-0.1086f,-0.9936f,3.1439f,0f,0f,0f,1f],start_interpolation: 0,interpolation_duration: 1}
$data merge entity $(bone_jaw_left_tooth1) {transformation: [-0.9995f,0.0035f,0.0321f,0.2679f,0f,0.9941f,-0.1087f,3.2823f,-0.0322f,-0.1086f,-0.9936f,3.1674f,0f,0f,0f,1f],start_interpolation: 0,interpolation_duration: 1}
$data merge entity $(bone_tongue1) {transformation: [-0.9995f,-0.0082f,0.0312f,-0.0714f,0f,0.9669f,0.2553f,3.476f,-0.0322f,0.2552f,-0.9664f,2.3661f,0f,0f,0f,1f],start_interpolation: 0,interpolation_duration: 1}
$data merge entity $(bone_jaw_lips1) {transformation: [-0.9995f,-0.0082f,0.0312f,-0.0422f,0f,0.9669f,0.2553f,3.1217f,-0.0322f,0.2552f,-0.9664f,3.2032f,0f,0f,0f,1f],start_interpolation: 0,interpolation_duration: 1}
$data merge entity $(bone_jaw3) {transformation: [-0.9995f,-0.0021f,0.0322f,-0.0131f,0f,0.9978f,0.0656f,3.0966f,-0.0322f,0.0655f,-0.9973f,2.3016f,0f,0f,0f,1f],start_interpolation: 0,interpolation_duration: 1}
$data merge entity $(bone_jaw1) {transformation: [-0.9995f,-0.0242f,0.0213f,0.006f,0f,0.6592f,0.7519f,3.7722f,-0.0322f,0.7516f,-0.6589f,1.7097f,0f,0f,0f,1f],start_interpolation: 0,interpolation_duration: 1}
$data merge entity $(bone_tear_right1) {transformation: [-0.9995f,-0.0179f,0.0268f,-0.6911f,0f,0.8325f,0.554f,3.9974f,-0.0322f,0.5537f,-0.8321f,2.7684f,0f,0f,0f,1f],start_interpolation: 0,interpolation_duration: 1}
$data merge entity $(bone_right_pupil1) {transformation: [-0.9995f,-0.0179f,0.0268f,-0.5097f,0f,0.8325f,0.554f,4.0536f,-0.0322f,0.5537f,-0.8321f,2.8926f,0f,0f,0f,1f],start_interpolation: 0,interpolation_duration: 1}
$data merge entity $(bone_right_sad_pupil1) {transformation: [-0.9995f,-0.0179f,0.0268f,-0.5094f,0f,0.8325f,0.554f,4.0598f,-0.0322f,0.5537f,-0.8321f,2.8832f,0f,0f,0f,1f],start_interpolation: 0,interpolation_duration: 1}
$data merge entity $(bone_right_happy_pupil1) {transformation: [-0.9995f,-0.0179f,0.0268f,-0.537f,0f,0.8325f,0.554f,4.0364f,-0.0322f,0.5537f,-0.8321f,2.8668f,0f,0f,0f,1f],start_interpolation: 0,interpolation_duration: 1}
$data merge entity $(bone_eyelid_right1) {transformation: [-0.9995f,-0.0179f,0.0268f,-0.0612f,0f,0.8325f,0.554f,4.3241f,-0.0322f,0.5537f,-0.8321f,2.3989f,0f,0f,0f,1f],start_interpolation: 0,interpolation_duration: 1}
$data merge entity $(bone_eyelid_expressions_right5) {transformation: [-0.9995f,-0.0179f,0.0268f,-0.6405f,0f,0.8325f,0.554f,4.1533f,-0.0322f,0.5537f,-0.8321f,2.9413f,0f,0f,0f,1f],start_interpolation: 0,interpolation_duration: 1}
$data merge entity $(bone_eyelid_expressions_right7) {transformation: [-0.9995f,-0.0179f,0.0268f,-0.3038f,0f,0.8325f,0.554f,4.1533f,-0.0322f,0.5537f,-0.8321f,2.9521f,0f,0f,0f,1f],start_interpolation: 0,interpolation_duration: 1}
$data merge entity $(bone_eyelid_expressions_right6) {transformation: [-0.9995f,-0.0179f,0.0268f,-0.416f,0f,0.8325f,0.554f,4.1533f,-0.0322f,0.5537f,-0.8321f,2.9485f,0f,0f,0f,1f],start_interpolation: 0,interpolation_duration: 1}
$data merge entity $(bone_right_eye1) {transformation: [-0.9995f,-0.0179f,0.0268f,-0.0727f,0f,0.8325f,0.554f,4.3179f,-0.0322f,0.5537f,-0.8321f,2.4078f,0f,0f,0f,1f],start_interpolation: 0,interpolation_duration: 1}
$data merge entity $(bone_tear_left1) {transformation: [-0.9995f,-0.0179f,0.0268f,0.5211f,0f,0.8325f,0.554f,3.9974f,-0.0322f,0.5537f,-0.8321f,2.8075f,0f,0f,0f,1f],start_interpolation: 0,interpolation_duration: 1}
$data merge entity $(bone_left_sad_pupil1) {transformation: [-0.9995f,-0.0179f,0.0268f,0.3324f,0f,0.8325f,0.554f,4.0598f,-0.0322f,0.5537f,-0.8321f,2.9104f,0f,0f,0f,1f],start_interpolation: 0,interpolation_duration: 1}
$data merge entity $(bone_left_pupil1) {transformation: [-0.9995f,-0.0179f,0.0268f,0.3321f,0f,0.8325f,0.554f,4.0536f,-0.0322f,0.5537f,-0.8321f,2.9198f,0f,0f,0f,1f],start_interpolation: 0,interpolation_duration: 1}
$data merge entity $(bone_eyelid_left1) {transformation: [-0.9995f,-0.0179f,0.0268f,-0.0837f,0f,0.8325f,0.554f,4.3241f,-0.0322f,0.5537f,-0.8321f,2.3981f,0f,0f,0f,1f],start_interpolation: 0,interpolation_duration: 1}
$data merge entity $(bone_left_happy_pupil1) {transformation: [-0.9995f,-0.0179f,0.0268f,0.361f,0f,0.8325f,0.554f,4.0364f,-0.0322f,0.5537f,-0.8321f,2.8958f,0f,0f,0f,1f],start_interpolation: 0,interpolation_duration: 1}
$data merge entity $(bone_eyelid_expressions_left5) {transformation: [-0.9995f,-0.0179f,0.0268f,0.4595f,0f,0.8325f,0.554f,4.1533f,-0.0322f,0.5537f,-0.8321f,2.9768f,0f,0f,0f,1f],start_interpolation: 0,interpolation_duration: 1}
$data merge entity $(bone_eyelid_expressions_left7) {transformation: [-0.9995f,-0.0179f,0.0268f,0.1228f,0f,0.8325f,0.554f,4.1533f,-0.0322f,0.5537f,-0.8321f,2.9659f,0f,0f,0f,1f],start_interpolation: 0,interpolation_duration: 1}
$data merge entity $(bone_eyelid_expressions_left6) {transformation: [-0.9995f,-0.0179f,0.0268f,0.235f,0f,0.8325f,0.554f,4.1533f,-0.0322f,0.5537f,-0.8321f,2.9695f,0f,0f,0f,1f],start_interpolation: 0,interpolation_duration: 1}
$data merge entity $(bone_left_eye1) {transformation: [-0.9995f,-0.0179f,0.0268f,-0.0727f,0f,0.8325f,0.554f,4.3179f,-0.0322f,0.5537f,-0.8321f,2.4078f,0f,0f,0f,1f],start_interpolation: 0,interpolation_duration: 1}
$data merge entity $(bone_crest_middle5) {transformation: [-0.9995f,-0.0116f,0.0301f,-0.1103f,0f,0.9327f,0.3606f,5.2074f,-0.0322f,0.3605f,-0.9322f,3.5718f,0f,0f,0f,1f],start_interpolation: 0,interpolation_duration: 1}
$data merge entity $(bone_crest_middle4) {transformation: [-0.9995f,-0.0116f,0.0301f,-0.1024f,0f,0.9327f,0.3606f,4.5789f,-0.0322f,0.3605f,-0.9322f,3.3289f,0f,0f,0f,1f],start_interpolation: 0,interpolation_duration: 1}
$data merge entity $(bone_crest_middle1) {transformation: [-0.9995f,-0.0116f,0.0301f,-0.0991f,0f,0.9327f,0.3606f,4.0772f,-0.0322f,0.3605f,-0.9322f,3.2252f,0f,0f,0f,1f],start_interpolation: 0,interpolation_duration: 1}
$data merge entity $(bone_crest_left5) {transformation: [-0.522f,-0.8418f,0.1379f,-1.2054f,-0.7022f,0.5158f,0.4908f,4.6188f,-0.4843f,0.1594f,-0.8603f,3.2633f,0f,0f,0f,1f],start_interpolation: 0,interpolation_duration: 1}
$data merge entity $(bone_crest_left4) {transformation: [-0.522f,-0.8418f,0.1379f,-0.7327f,-0.7022f,0.5158f,0.4908f,4.3291f,-0.4843f,0.1594f,-0.8603f,3.1738f,0f,0f,0f,1f],start_interpolation: 0,interpolation_duration: 1}
$data merge entity $(bone_crest_left1) {transformation: [-0.522f,-0.8418f,0.1379f,-0.2051f,-0.7022f,0.5158f,0.4908f,4.0381f,-0.4843f,0.1594f,-0.8603f,3.0271f,0f,0f,0f,1f],start_interpolation: 0,interpolation_duration: 1}
$data merge entity $(bone_crest_center1) {transformation: [-0.9995f,-0.0179f,0.0268f,-0.0923f,0f,0.8325f,0.554f,4.0147f,-0.0322f,0.5537f,-0.8321f,3.0152f,0f,0f,0f,1f],start_interpolation: 0,interpolation_duration: 1}
$data merge entity $(bone_crest_right5) {transformation: [-0.5521f,0.8297f,-0.0822f,1.0024f,0.7022f,0.5158f,0.4908f,4.6188f,0.4496f,0.2133f,-0.8674f,3.3346f,0f,0f,0f,1f],start_interpolation: 0,interpolation_duration: 1}
$data merge entity $(bone_crest_right4) {transformation: [-0.5521f,0.8297f,-0.0822f,0.5365f,0.7022f,0.5158f,0.4908f,4.3291f,0.4496f,0.2133f,-0.8674f,3.2148f,0f,0f,0f,1f],start_interpolation: 0,interpolation_duration: 1}
$data merge entity $(bone_crest_right1) {transformation: [-0.5521f,0.8297f,-0.0822f,0.0194f,0.7022f,0.5158f,0.4908f,4.0381f,0.4496f,0.2133f,-0.8674f,3.0343f,0f,0f,0f,1f],start_interpolation: 0,interpolation_duration: 1}
$data merge entity $(bone_head1) {transformation: [-1.0476f,-0.0187f,0.0281f,-0.0551f,0f,0.8726f,0.5807f,4.6133f,-0.0338f,0.5804f,-0.8722f,1.8628f,0f,0f,0f,1f],start_interpolation: 0,interpolation_duration: 1}
$data merge entity $(bone_neck10) {transformation: [-1.4966f,-0.0208f,0.0436f,-0.0179f,0f,1.3517f,0.6443f,4.6669f,-0.0483f,0.644f,-1.351f,0.707f,0f,0f,0f,1f],start_interpolation: 0,interpolation_duration: 1}
$data merge entity $(bone_neck9) {transformation: [-1.1449f,-0.0205f,0.0308f,0.0067f,0f,0.9537f,0.6346f,3.4203f,-0.0369f,0.6342f,-0.9532f,-0.0546f,0f,0f,0f,1f],start_interpolation: 0,interpolation_duration: 1}
$data merge entity $(bone_neck8) {transformation: [-1.0626f,0.0053f,0.0339f,0.0017f,0f,1.0505f,-0.1638f,2.6417f,-0.0343f,-0.1637f,-1.0499f,0.1005f,0f,0f,0f,1f],start_interpolation: 0,interpolation_duration: 1}
$data merge entity $(bone_neck7) {transformation: [-1.0551f,0.0153f,0.0304f,-0.0127f,0f,0.9437f,-0.473f,1.7977f,-0.034f,-0.4728f,-0.9433f,0.5482f,0f,0f,0f,1f],start_interpolation: 0,interpolation_duration: 1}
$data merge entity $(bone_neck6) {transformation: [-1.0491f,0.0107f,0.0321f,-0.0219f,0f,0.9956f,-0.3325f,0.9152f,-0.0338f,-0.3324f,-0.9951f,0.8335f,0f,0f,0f,1f],start_interpolation: 0,interpolation_duration: 1}
$data merge entity $(bone_neck_spine6) {transformation: [-1.2677f,0.1054f,0.0411f,0.0888f,0.0152f,-0.2996f,1.2369f,0.4158f,0.1121f,1.2325f,0.2972f,-1.7347f,0f,0f,0f,1f],start_interpolation: 0,interpolation_duration: 1}
$data merge entity $(bone_neck_spine7) {transformation: [-0.9641f,0.2357f,-0.1223f,-0.5252f,-0.046f,0.3055f,0.9511f,0.9628f,0.2616f,0.9226f,-0.2837f,-5.3846f,0f,0f,0f,1f],start_interpolation: 0,interpolation_duration: 1}
$data merge entity $(bone_tail6) {transformation: [-1.6234f,-0.0359f,-0.5731f,-0.9887f,-0.2351f,1.6095f,0.5652f,-1.7889f,0.5239f,0.6111f,-1.5223f,-7.908f,0f,0f,0f,1f],start_interpolation: 0,interpolation_duration: 1}
$data merge entity $(bone_tail5) {transformation: [-1.3411f,-0.0296f,-0.4734f,-1.0074f,-0.1942f,1.3296f,0.4669f,-0.9491f,0.4328f,0.5048f,-1.2575f,-7.5891f,0f,0f,0f,1f],start_interpolation: 0,interpolation_duration: 1}
$data merge entity $(bone_tail4) {transformation: [-0.9882f,-0.0218f,-0.3489f,-1.0167f,-0.1431f,0.9797f,0.3441f,-0.5293f,0.3189f,0.372f,-0.9266f,-7.4297f,0f,0f,0f,1f],start_interpolation: 0,interpolation_duration: 1}
$data merge entity $(bone_segment18) {transformation: [-0.9428f,0.0245f,-0.3326f,-1.003f,-0.1365f,0.8816f,0.4519f,-0.0342f,0.3042f,0.4714f,-0.8278f,-7.165f,0f,0f,0f,1f],start_interpolation: 0,interpolation_duration: 1}
$data merge entity $(bone_segment17) {transformation: [-0.9624f,0.217f,-0.1632f,-0.8446f,-0.0523f,0.4416f,0.8957f,0.2881f,0.2664f,0.8706f,-0.4137f,-6.5295f,0f,0f,0f,1f],start_interpolation: 0,interpolation_duration: 1}
$data merge entity $(bone_segment16) {transformation: [-0.9523f,0.2852f,-0.1082f,-0.5723f,-0.0439f,0.2229f,0.9739f,0.5009f,0.3018f,0.9322f,-0.1998f,-5.6396f,0f,0f,0f,1f],start_interpolation: 0,interpolation_duration: 1}
$data merge entity $(bone_segment15) {transformation: [-0.9641f,0.2594f,-0.0572f,-0.2665f,-0.046f,0.0489f,0.9977f,0.5586f,0.2616f,0.9645f,-0.0352f,-4.5022f,0f,0f,0f,1f],start_interpolation: 0,interpolation_duration: 1}
$data merge entity $(bone_segment14) {transformation: [-1.0315f,0.1861f,0.0124f,-0.0571f,-0.0281f,-0.2244f,1.0235f,0.3061f,0.1844f,1.0068f,0.2258f,-3.3696f,0f,0f,0f,1f],start_interpolation: 0,interpolation_duration: 1}
$data merge entity $(bone_segment13) {transformation: [-1.0217f,0.0779f,0.0474f,0.0354f,0.0122f,-0.4109f,0.9397f,-0.2145f,0.0904f,0.9366f,0.4083f,-2.2527f,0f,0f,0f,1f],start_interpolation: 0,interpolation_duration: 1}
$data merge entity $(bone_segment12) {transformation: [-1.1154f,0.0002f,0.019f,0.0357f,0.0189f,-0.0639f,1.1136f,-0.2916f,0.0013f,1.1137f,0.0639f,-0.9073f,0f,0f,0f,1f],start_interpolation: 0,interpolation_duration: 1}
$data merge entity $(bone_segment11) {transformation: [-1.1897f,-0.0382f,0.0168f,-0.0034f,-0.0045f,0.5938f,1.0318f,0.3946f,-0.0414f,1.0311f,-0.5936f,0.2844f,0f,0f,0f,1f],start_interpolation: 0,interpolation_duration: 1}
$data merge entity $(bone_segment10) {transformation: [-1.0476f,-0.0191f,0.0279f,-0.0238f,0f,0.8647f,0.5924f,1.2798f,-0.0338f,0.5921f,-0.8643f,0.8905f,0f,0f,0f,1f],start_interpolation: 0,interpolation_duration: 1}
data modify entity @s data merge value {"cameras":{},"locators":{"mouth":{"posx":-0.11965384464684756,"posy":3.152484619564601,"posz":3.86225349048767,"roty":181.8477590650226,"rotx":56.36045482107701}}}