# This file was generated by Animated Java via MC-Build. It is not recommended to edit this file directly.
$data merge entity $(bone_neck_spine5) {transformation: [-1.5564f,0.0139f,-0.2224f,0.0615f,-0.0204f,1.5537f,0.2403f,4.2955f,0.2219f,0.2408f,-1.5378f,-0.5896f,0f,0f,0f,1f],start_interpolation: 0,interpolation_duration: 1}
$data merge entity $(bone_neck_spine2) {transformation: [-1.4823f,-0.0049f,-0.2122f,0.1763f,-0.0195f,1.4938f,0.1012f,5.7203f,0.2113f,0.103f,-1.4788f,1.143f,0f,0f,0f,1f],start_interpolation: 0,interpolation_duration: 1}
$data merge entity $(bone_scale_neck_left1) {transformation: [-1.5685f,0.4859f,-0.13f,0.9527f,0.3972f,1.4577f,0.6559f,4.8332f,0.3085f,0.5933f,-1.5053f,0.9367f,0f,0f,0f,1f],start_interpolation: 0,interpolation_duration: 1}
$data merge entity $(bone_scale_neck_right1) {transformation: [-1.5814f,-0.3381f,-0.3127f,-0.6037f,-0.4386f,1.4469f,0.6535f,4.8128f,0.1405f,0.7107f,-1.4792f,1.1586f,0f,0f,0f,1f],start_interpolation: 0,interpolation_duration: 1}
$data merge entity $(bone_blush_right1) {transformation: [-0.9982f,0.0119f,-0.0596f,-0.3685f,0.0033f,0.9899f,0.1418f,4.4299f,0.0607f,0.1413f,-0.9881f,2.4838f,0f,0f,0f,1f],start_interpolation: 0,interpolation_duration: 1}
$data merge entity $(bone_blush_left1) {transformation: [-0.9982f,0.0119f,-0.0596f,0.9543f,0.0033f,0.9899f,0.1418f,4.4255f,0.0607f,0.1413f,-0.9881f,2.4034f,0f,0f,0f,1f],start_interpolation: 0,interpolation_duration: 1}
$data merge entity $(bone_left_head_scales) {transformation: [-0.8578f,0.0119f,-0.5138f,0.9507f,-0.0626f,0.9899f,0.1273f,5.2038f,0.5101f,0.1413f,-0.8484f,2.1175f,0f,0f,0f,1f],start_interpolation: 0,interpolation_duration: 1}
$data merge entity $(bone_left_head_scales2) {transformation: [-0.7835f,0.0119f,-0.6213f,0.9501f,-0.0786f,0.9899f,0.118f,4.2906f,0.6165f,0.1413f,-0.7746f,2.157f,0f,0f,0f,1f],start_interpolation: 0,interpolation_duration: 1}
$data merge entity $(bone_left_head_scales1) {transformation: [-0.9982f,0.0119f,-0.0596f,0.9494f,0.0033f,0.9899f,0.1418f,5.0927f,0.0607f,0.1413f,-0.9881f,2.1016f,0f,0f,0f,1f],start_interpolation: 0,interpolation_duration: 1}
$data merge entity $(bone_right_head_scales) {transformation: [-0.9129f,0.0119f,0.408f,-0.3945f,0.0684f,0.9899f,0.1243f,5.2083f,-0.4024f,0.1413f,-0.9045f,2.1993f,0f,0f,0f,1f],start_interpolation: 0,interpolation_duration: 1}
$data merge entity $(bone_right_head_scales2) {transformation: [-0.8518f,0.0119f,0.5237f,-0.3951f,0.084f,0.9899f,0.1143f,4.295f,-0.517f,0.1413f,-0.8442f,2.2388f,0f,0f,0f,1f],start_interpolation: 0,interpolation_duration: 1}
$data merge entity $(bone_right_head_scales1) {transformation: [-0.9982f,0.0119f,-0.0596f,-0.3958f,0.0033f,0.9899f,0.1418f,5.0971f,0.0607f,0.1413f,-0.9881f,2.1834f,0f,0f,0f,1f],start_interpolation: 0,interpolation_duration: 1}
$data merge entity $(bone_head_left_fin1) {transformation: [-0.6807f,0.0127f,-0.797f,0.9393f,0.1644f,1.0278f,-0.1241f,4.6877f,0.78f,-0.2055f,-0.6694f,1.9589f,0f,0f,0f,1f],start_interpolation: 0,interpolation_duration: 1}
$data merge entity $(bone_head_right_fin1) {transformation: [-0.7712f,-0.0307f,0.7092f,-0.4058f,-0.1596f,1.0279f,-0.129f,4.6922f,-0.6917f,-0.2029f,-0.761f,2.0407f,0f,0f,0f,1f],start_interpolation: 0,interpolation_duration: 1}
$data merge entity $(bone_right_whisker16) {transformation: [0.2629f,0.9122f,-0.3144f,-0.941f,0.9072f,-0.3446f,-0.2413f,2.0336f,-0.3285f,-0.2218f,-0.9181f,2.6458f,0f,0f,0f,1f],start_interpolation: 0,interpolation_duration: 1}
$data merge entity $(bone_right_whisker15) {transformation: [-0.87f,0.3797f,-0.3144f,-0.6479f,0.4601f,0.8544f,-0.2413f,1.8786f,0.177f,-0.3546f,-0.9181f,2.5861f,0f,0f,0f,1f],start_interpolation: 0,interpolation_duration: 1}
$data merge entity $(bone_right_whisker14) {transformation: [-0.7118f,-0.6281f,-0.3144f,-0.4081f,-0.5799f,0.7781f,-0.2413f,2.074f,0.3962f,0.0105f,-0.9181f,2.4526f,0f,0f,0f,1f],start_interpolation: 0,interpolation_duration: 1}
$data merge entity $(bone_right_whisker13) {transformation: [-0.1028f,-0.991f,-0.0858f,-0.3734f,-0.9926f,0.1078f,-0.0558f,2.4084f,0.0645f,0.0794f,-0.9947f,2.4309f,0f,0f,0f,1f],start_interpolation: 0,interpolation_duration: 1}
$data merge entity $(bone_right_whisker12) {transformation: [0.055f,-0.9966f,-0.0615f,-0.3981f,-0.985f,-0.0642f,0.1604f,2.8509f,-0.1638f,0.0518f,-0.9851f,2.5045f,0f,0f,0f,1f],start_interpolation: 0,interpolation_duration: 1}
$data merge entity $(bone_right_whisker11) {transformation: [0.285f,-0.9576f,-0.0422f,-0.5261f,-0.9503f,-0.2765f,-0.1432f,3.2778f,0.1255f,0.0809f,-0.9888f,2.4481f,0f,0f,0f,1f],start_interpolation: 0,interpolation_duration: 1}
$data merge entity $(bone_right_whisker10) {transformation: [0.0675f,-0.9953f,0.069f,-0.5565f,-0.9217f,-0.0887f,-0.3777f,3.6918f,0.3821f,-0.0381f,-0.9234f,2.2765f,0f,0f,0f,1f],start_interpolation: 0,interpolation_duration: 1}
$data merge entity $(bone_right_whisker1) {transformation: [-0.3477f,-0.9368f,0.0402f,-0.4003f,-0.9316f,0.3403f,-0.1281f,4.1103f,0.1063f,-0.0819f,-0.9909f,2.2287f,0f,0f,0f,1f],start_interpolation: 0,interpolation_duration: 1}
$data merge entity $(bone_left_whisker16) {transformation: [0.2554f,-0.9252f,0.2806f,1.4602f,-0.9122f,-0.3267f,-0.2471f,2.0102f,0.3204f,-0.1929f,-0.9275f,2.608f,0f,0f,0f,1f],start_interpolation: 0,interpolation_duration: 1}
$data merge entity $(bone_left_whisker15) {transformation: [-0.884f,-0.3739f,0.2806f,1.1624f,-0.443f,0.8618f,-0.2471f,1.861f,-0.1494f,-0.3428f,-0.9275f,2.5577f,0f,0f,0f,1f],start_interpolation: 0,interpolation_duration: 1}
$data merge entity $(bone_left_whisker14) {transformation: [-0.7125f,0.6431f,0.2806f,0.9223f,0.5938f,0.7657f,-0.2471f,2.061f,-0.3738f,-0.0094f,-0.9275f,2.4317f,0f,0f,0f,1f],start_interpolation: 0,interpolation_duration: 1}
$data merge entity $(bone_left_whisker13) {transformation: [-0.0854f,0.9949f,0.0534f,0.8935f,0.9944f,0.0884f,-0.0571f,2.3961f,-0.0616f,0.0482f,-0.9969f,2.411f,0f,0f,0f,1f],start_interpolation: 0,interpolation_duration: 1}
$data merge entity $(bone_left_whisker12) {transformation: [0.0793f,0.9963f,0.0336f,0.9291f,0.9837f,-0.0836f,0.1595f,2.838f,0.1617f,0.0205f,-0.9866f,2.4836f,0f,0f,0f,1f],start_interpolation: 0,interpolation_duration: 1}
$data merge entity $(bone_left_whisker11) {transformation: [0.2993f,0.9541f,0.0083f,1.0636f,0.9446f,-0.2951f,-0.1437f,3.2623f,-0.1347f,0.0508f,-0.9896f,2.4231f,0f,0f,0f,1f],start_interpolation: 0,interpolation_duration: 1}
$data merge entity $(bone_left_whisker10) {transformation: [0.0734f,0.9917f,-0.1053f,1.0966f,0.9203f,-0.108f,-0.376f,3.6757f,-0.3843f,-0.0693f,-0.9206f,2.2505f,0f,0f,0f,1f],start_interpolation: 0,interpolation_duration: 1}
$data merge entity $(bone_left_whisker1) {transformation: [-0.3326f,0.9402f,-0.0738f,0.9471f,0.9382f,0.322f,-0.127f,4.0972f,-0.0956f,-0.1115f,-0.9892f,2.2075f,0f,0f,0f,1f],start_interpolation: 0,interpolation_duration: 1}
$data merge entity $(bone_upper_left_tooth1) {transformation: [-0.9982f,0.0066f,-0.0604f,0.6472f,0.0033f,0.9985f,0.055f,4.4139f,0.0607f,0.0547f,-0.9967f,3.1826f,0f,0f,0f,1f],start_interpolation: 0,interpolation_duration: 1}
$data merge entity $(bone_upper_right_tooth1) {transformation: [-0.9982f,0.0066f,-0.0604f,-0.0254f,0.0033f,0.9985f,0.055f,4.4161f,0.0607f,0.0547f,-0.9967f,3.2235f,0f,0f,0f,1f],start_interpolation: 0,interpolation_duration: 1}
$data merge entity $(bone_top_lip1) {transformation: [-0.9982f,-0.0249f,-0.0554f,0.3397f,0.0033f,0.8886f,-0.4586f,4.5383f,0.0607f,-0.4579f,-0.8869f,3.2081f,0f,0f,0f,1f],start_interpolation: 0,interpolation_duration: 1}
$data merge entity $(bone_muzzle1) {transformation: [-0.9982f,0.0066f,-0.0604f,0.3069f,0.0033f,0.9985f,0.055f,4.7373f,0.0607f,0.0547f,-0.9967f,2.6577f,0f,0f,0f,1f],start_interpolation: 0,interpolation_duration: 1}
$data merge entity $(bone_jaw_right_tooth1) {transformation: [-0.9982f,-0.0259f,-0.055f,-0.0233f,0.0033f,0.8801f,-0.4748f,4.2266f,0.0607f,-0.4741f,-0.8784f,3.268f,0f,0f,0f,1f],start_interpolation: 0,interpolation_duration: 1}
$data merge entity $(bone_jaw_left_tooth1) {transformation: [-0.9982f,-0.0259f,-0.055f,0.7053f,0.0033f,0.8801f,-0.4748f,4.2242f,0.0607f,-0.4741f,-0.8784f,3.2237f,0f,0f,0f,1f],start_interpolation: 0,interpolation_duration: 1}
$data merge entity $(bone_tongue1) {transformation: [-0.9982f,0.0015f,-0.0608f,0.2924f,0.0033f,0.9996f,-0.0293f,4.1967f,0.0607f,-0.0294f,-0.9977f,2.4483f,0f,0f,0f,1f],start_interpolation: 0,interpolation_duration: 1}
$data merge entity $(bone_jaw_lips1) {transformation: [-0.9982f,0.0015f,-0.0608f,0.4028f,0.0033f,0.9996f,-0.0293f,4.0937f,0.0607f,-0.0294f,-0.9977f,3.3451f,0f,0f,0f,1f],start_interpolation: 0,interpolation_duration: 1}
$data merge entity $(bone_jaw3) {transformation: [-0.9982f,-0.016f,-0.0586f,0.3515f,0.0033f,0.9492f,-0.3148f,3.7309f,0.0607f,-0.3144f,-0.9474f,2.5204f,0f,0f,0f,1f],start_interpolation: 0,interpolation_duration: 1}
$data merge entity $(bone_jaw1) {transformation: [-0.9982f,0.0302f,-0.0528f,0.3041f,0.0033f,0.8937f,0.4486f,4.134f,0.0607f,0.4476f,-0.8922f,1.7188f,0f,0f,0f,1f],start_interpolation: 0,interpolation_duration: 1}
$data merge entity $(bone_tear_right1) {transformation: [-0.9982f,0.0119f,-0.0596f,-0.3018f,0.0033f,0.9899f,0.1418f,4.8045f,0.0607f,0.1413f,-0.9881f,2.6358f,0f,0f,0f,1f],start_interpolation: 0,interpolation_duration: 1}
$data merge entity $(bone_right_pupil1) {transformation: [-0.9982f,0.0119f,-0.0596f,-0.1114f,0.0033f,0.9899f,0.1418f,4.9055f,0.0607f,0.1413f,-0.9881f,2.7071f,0f,0f,0f,1f],start_interpolation: 0,interpolation_duration: 1}
$data merge entity $(bone_right_sad_pupil1) {transformation: [-0.9982f,0.0119f,-0.0596f,-0.1121f,0.0033f,0.9899f,0.1418f,4.9071f,0.0607f,0.1413f,-0.9881f,2.696f,0f,0f,0f,1f],start_interpolation: 0,interpolation_duration: 1}
$data merge entity $(bone_right_happy_pupil1) {transformation: [-0.9982f,0.0119f,-0.0596f,-0.1405f,0.0033f,0.9899f,0.1418f,4.8794f,0.0607f,0.1413f,-0.9881f,2.6937f,0f,0f,0f,1f],start_interpolation: 0,interpolation_duration: 1}
$data merge entity $(bone_eyelid_right1) {transformation: [-0.9982f,0.0119f,-0.0596f,0.2853f,0.0033f,0.9899f,0.1418f,4.9297f,0.0607f,0.1413f,-0.9881f,2.1069f,0f,0f,0f,1f],start_interpolation: 0,interpolation_duration: 1}
$data merge entity $(bone_eyelid_expressions_right5) {transformation: [-0.9982f,0.0119f,-0.0596f,-0.2397f,0.0033f,0.9899f,0.1418f,5.0187f,0.0607f,0.1413f,-0.9881f,2.7197f,0f,0f,0f,1f],start_interpolation: 0,interpolation_duration: 1}
$data merge entity $(bone_eyelid_expressions_right7) {transformation: [-0.9982f,0.0119f,-0.0596f,0.0966f,0.0033f,0.9899f,0.1418f,5.0175f,0.0607f,0.1413f,-0.9881f,2.6992f,0f,0f,0f,1f],start_interpolation: 0,interpolation_duration: 1}
$data merge entity $(bone_eyelid_expressions_right6) {transformation: [-0.9982f,0.0119f,-0.0596f,-0.0155f,0.0033f,0.9899f,0.1418f,5.0179f,0.0607f,0.1413f,-0.9881f,2.706f,0f,0f,0f,1f],start_interpolation: 0,interpolation_duration: 1}
$data merge entity $(bone_right_eye1) {transformation: [-0.9982f,0.0119f,-0.0596f,0.2748f,0.0033f,0.9899f,0.1418f,4.9281f,0.0607f,0.1413f,-0.9881f,2.1187f,0f,0f,0f,1f],start_interpolation: 0,interpolation_duration: 1}
$data merge entity $(bone_tear_left1) {transformation: [-0.9982f,0.0119f,-0.0596f,0.9089f,0.0033f,0.9899f,0.1418f,4.8005f,0.0607f,0.1413f,-0.9881f,2.5622f,0f,0f,0f,1f],start_interpolation: 0,interpolation_duration: 1}
$data merge entity $(bone_left_sad_pupil1) {transformation: [-0.9982f,0.0119f,-0.0596f,0.7286f,0.0033f,0.9899f,0.1418f,4.9043f,0.0607f,0.1413f,-0.9881f,2.6448f,0f,0f,0f,1f],start_interpolation: 0,interpolation_duration: 1}
$data merge entity $(bone_left_pupil1) {transformation: [-0.9982f,0.0119f,-0.0596f,0.7293f,0.0033f,0.9899f,0.1418f,4.9027f,0.0607f,0.1413f,-0.9881f,2.6559f,0f,0f,0f,1f],start_interpolation: 0,interpolation_duration: 1}
$data merge entity $(bone_eyelid_left1) {transformation: [-0.9982f,0.0119f,-0.0596f,0.2629f,0.0033f,0.9899f,0.1418f,4.9298f,0.0607f,0.1413f,-0.9881f,2.1083f,0f,0f,0f,1f],start_interpolation: 0,interpolation_duration: 1}
$data merge entity $(bone_left_happy_pupil1) {transformation: [-0.9982f,0.0119f,-0.0596f,0.7563f,0.0033f,0.9899f,0.1418f,4.8764f,0.0607f,0.1413f,-0.9881f,2.6392f,0f,0f,0f,1f],start_interpolation: 0,interpolation_duration: 1}
$data merge entity $(bone_eyelid_expressions_left5) {transformation: [-0.9982f,0.0119f,-0.0596f,0.8589f,0.0033f,0.9899f,0.1418f,5.015f,0.0607f,0.1413f,-0.9881f,2.6529f,0f,0f,0f,1f],start_interpolation: 0,interpolation_duration: 1}
$data merge entity $(bone_eyelid_expressions_left7) {transformation: [-0.9982f,0.0119f,-0.0596f,0.5226f,0.0033f,0.9899f,0.1418f,5.0161f,0.0607f,0.1413f,-0.9881f,2.6733f,0f,0f,0f,1f],start_interpolation: 0,interpolation_duration: 1}
$data merge entity $(bone_eyelid_expressions_left6) {transformation: [-0.9982f,0.0119f,-0.0596f,0.6347f,0.0033f,0.9899f,0.1418f,5.0158f,0.0607f,0.1413f,-0.9881f,2.6665f,0f,0f,0f,1f],start_interpolation: 0,interpolation_duration: 1}
$data merge entity $(bone_left_eye1) {transformation: [-0.9982f,0.0119f,-0.0596f,0.2748f,0.0033f,0.9899f,0.1418f,4.9281f,0.0607f,0.1413f,-0.9881f,2.1187f,0f,0f,0f,1f],start_interpolation: 0,interpolation_duration: 1}
$data merge entity $(bone_crest_middle5) {transformation: [-0.9982f,-0.0013f,-0.0608f,0.3196f,0.0033f,0.9971f,-0.0758f,6.2322f,0.0607f,-0.0759f,-0.9953f,2.7857f,0f,0f,0f,1f],start_interpolation: 0,interpolation_duration: 1}
$data merge entity $(bone_crest_middle4) {transformation: [-0.9982f,-0.0013f,-0.0608f,0.3205f,0.0033f,0.9971f,-0.0758f,5.5603f,0.0607f,-0.0759f,-0.9953f,2.8368f,0f,0f,0f,1f],start_interpolation: 0,interpolation_duration: 1}
$data merge entity $(bone_crest_middle1) {transformation: [-0.9982f,-0.0013f,-0.0608f,0.3263f,0.0033f,0.9971f,-0.0758f,5.0628f,0.0607f,-0.0759f,-0.9953f,2.959f,0f,0f,0f,1f],start_interpolation: 0,interpolation_duration: 1}
$data merge entity $(bone_crest_left5) {transformation: [-0.5463f,-0.8361f,0.05f,-0.7845f,-0.8331f,0.5486f,0.0708f,5.587f,-0.0866f,-0.0029f,-0.9962f,2.8597f,0f,0f,0f,1f],start_interpolation: 0,interpolation_duration: 1}
$data merge entity $(bone_crest_left4) {transformation: [-0.5463f,-0.8361f,0.05f,-0.3151f,-0.8331f,0.5486f,0.0708f,5.279f,-0.0866f,-0.0029f,-0.9962f,2.8613f,0f,0f,0f,1f],start_interpolation: 0,interpolation_duration: 1}
$data merge entity $(bone_crest_left1) {transformation: [-0.5463f,-0.8361f,0.05f,0.2042f,-0.8331f,0.5486f,0.0708f,4.9441f,-0.0866f,-0.0029f,-0.9962f,2.8072f,0f,0f,0f,1f],start_interpolation: 0,interpolation_duration: 1}
$data merge entity $(bone_crest_center1) {transformation: [-0.9982f,0.0119f,-0.0596f,0.3159f,0.0033f,0.9899f,0.1418f,4.916f,0.0607f,0.1413f,-0.9881f,2.7964f,0f,0f,0f,1f],start_interpolation: 0,interpolation_duration: 1}
$data merge entity $(bone_crest_right5) {transformation: [-0.5263f,0.8332f,-0.1698f,1.4204f,0.8366f,0.5431f,0.0715f,5.5797f,0.1518f,-0.1044f,-0.9829f,2.7256f,0f,0f,0f,1f],start_interpolation: 0,interpolation_duration: 1}
$data merge entity $(bone_crest_right4) {transformation: [-0.5263f,0.8332f,-0.1698f,0.9525f,0.8366f,0.5431f,0.0715f,5.2748f,0.1518f,-0.1044f,-0.9829f,2.7843f,0f,0f,0f,1f],start_interpolation: 0,interpolation_duration: 1}
$data merge entity $(bone_crest_right1) {transformation: [-0.5263f,0.8332f,-0.1698f,0.4284f,0.8366f,0.5431f,0.0715f,4.9434f,0.1518f,-0.1044f,-0.9829f,2.7936f,0f,0f,0f,1f],start_interpolation: 0,interpolation_duration: 1}
$data merge entity $(bone_head1) {transformation: [-1.0462f,0.0124f,-0.0625f,0.2373f,0.0035f,1.0376f,0.1486f,4.9601f,0.0636f,0.1481f,-1.0357f,1.5005f,0f,0f,0f,1f],start_interpolation: 0,interpolation_duration: 1}
$data merge entity $(bone_neck10) {transformation: [-1.4823f,0.0228f,-0.211f,0.0801f,-0.0195f,1.4679f,0.2953f,4.7302f,0.2113f,0.2951f,-1.4527f,0.3768f,0f,0f,0f,1f],start_interpolation: 0,interpolation_duration: 1}
$data merge entity $(bone_neck9) {transformation: [-1.1339f,0.0517f,-0.1539f,0.0217f,-0.0149f,1.0481f,0.4621f,3.3718f,0.1617f,0.4594f,-1.0368f,-0.1579f,0f,0f,0f,1f],start_interpolation: 0,interpolation_duration: 1}
$data merge entity $(bone_neck8) {transformation: [-1.0527f,-0.0326f,-0.1449f,0.0507f,-0.0053f,1.0448f,-0.1966f,2.5984f,0.1485f,-0.1939f,-1.0347f,0.0194f,0f,0f,0f,1f],start_interpolation: 0,interpolation_duration: 1}
$data merge entity $(bone_neck7) {transformation: [-1.0456f,-0.0583f,-0.1329f,0.1062f,0f,0.9666f,-0.4243f,1.7328f,0.1451f,-0.4203f,-0.9574f,0.4199f,0f,0f,0f,1f],start_interpolation: 0,interpolation_duration: 1}
$data merge entity $(bone_neck6) {transformation: [-1.0397f,-0.0373f,-0.1394f,0.1381f,0f,1.0139f,-0.2717f,0.8345f,0.1443f,-0.2691f,-1.0043f,0.6491f,0f,0f,0f,1f],start_interpolation: 0,interpolation_duration: 1}
$data merge entity $(bone_neck_spine6) {transformation: [-1.2677f,-0.0885f,0.0715f,-0.2248f,0.094f,-0.3659f,1.2154f,0.746f,-0.0639f,1.2158f,0.371f,-1.867f,0f,0f,0f,1f],start_interpolation: 0,interpolation_duration: 1}
$data merge entity $(bone_neck_spine7) {transformation: [-0.8262f,-0.4908f,0.2764f,0.7808f,0.2908f,0.0486f,0.9555f,1.8383f,-0.4824f,0.8699f,0.1026f,-5.0908f,0f,0f,0f,1f],start_interpolation: 0,interpolation_duration: 1}
$data merge entity $(bone_tail6) {transformation: [-1.0258f,-1.0328f,0.9201f,3.1232f,0.986f,0.2573f,1.3881f,1.1071f,-0.97f,1.3537f,0.4381f,-8.2197f,0f,0f,0f,1f],start_interpolation: 0,interpolation_duration: 1}
$data merge entity $(bone_tail5) {transformation: [-0.8474f,-0.8531f,0.76f,2.5844f,0.8145f,0.2126f,1.1467f,1.2414f,-0.8013f,1.1183f,0.3619f,-7.5135f,0f,0f,0f,1f],start_interpolation: 0,interpolation_duration: 1}
$data merge entity $(bone_tail4) {transformation: [-0.6244f,-0.6286f,0.56f,2.315f,0.6002f,0.1566f,0.8449f,1.3085f,-0.5904f,0.824f,0.2666f,-7.1603f,0f,0f,0f,1f],start_interpolation: 0,interpolation_duration: 1}
$data merge entity $(bone_segment18) {transformation: [-0.5957f,-0.5997f,0.5343f,1.9782f,0.5726f,0.1494f,0.8061f,1.3925f,-0.5633f,0.7861f,0.2544f,-6.7189f,0f,0f,0f,1f],start_interpolation: 0,interpolation_duration: 1}
$data merge entity $(bone_segment17) {transformation: [-0.5957f,-0.5997f,0.5343f,1.5404f,0.5726f,0.1494f,0.8061f,1.5015f,-0.5633f,0.7861f,0.2544f,-6.145f,0f,0f,0f,1f],start_interpolation: 0,interpolation_duration: 1}
$data merge entity $(bone_segment16) {transformation: [-0.6796f,-0.7012f,0.2156f,0.8711f,0.329f,-0.0286f,0.9439f,1.4743f,-0.6557f,0.7124f,0.2501f,-5.465f,0f,0f,0f,1f],start_interpolation: 0,interpolation_duration: 1}
$data merge entity $(bone_segment15) {transformation: [-0.8262f,-0.5457f,0.14f,0.2276f,0.2908f,-0.2004f,0.9355f,1.2379f,-0.4824f,0.8137f,0.3243f,-4.5055f,0f,0f,0f,1f],start_interpolation: 0,interpolation_duration: 1}
$data merge entity $(bone_segment14) {transformation: [-0.9941f,-0.3298f,0.0395f,-0.1434f,0.1877f,-0.4547f,0.9256f,0.7264f,-0.2741f,0.885f,0.4903f,-3.5099f,0f,0f,0f,1f],start_interpolation: 0,interpolation_duration: 1}
$data merge entity $(bone_segment13) {transformation: [-1.0216f,-0.0802f,0.0443f,-0.2412f,0.0758f,-0.4605f,0.9134f,0.1468f,-0.0515f,0.913f,0.4646f,-2.423f,0f,0f,0f,1f],start_interpolation: 0,interpolation_duration: 1}
$data merge entity $(bone_segment12) {transformation: [-1.1107f,0.0783f,0.0682f,-0.1467f,0.0492f,-0.2492f,1.0863f,-0.1542f,0.0915f,1.0845f,0.2447f,-1.1128f,0f,0f,0f,1f],start_interpolation: 0,interpolation_duration: 1}
$data merge entity $(bone_segment11) {transformation: [-1.1783f,0.1684f,0.0186f,0.0459f,0.0713f,0.3745f,1.1277f,0.2787f,0.1537f,1.1174f,-0.3808f,0.1788f,0f,0f,0f,1f],start_interpolation: 0,interpolation_duration: 1}
$data merge entity $(bone_segment10) {transformation: [-1.0394f,0.1066f,-0.0835f,0.1489f,0.0481f,0.8949f,0.5436f,1.195f,0.1266f,0.5352f,-0.8923f,0.7274f,0f,0f,0f,1f],start_interpolation: 0,interpolation_duration: 1}
data modify entity @s data merge value {"cameras":{},"locators":{"mouth":{"px":0.38352333964608887,"py":4.502343503723181,"pz":3.9305001300919096,"ry":175.20351908052322,"rx":81.84597048616129}}}
function animated_java:gyarados/animations/surfacewater_swim/zzz/frames/on_tick/transform_floating_entities