# This file was generated by Animated Java via MC-Build. It is not recommended to edit this file directly.
$data merge entity $(bone_neck_spine5) {transformation: [-1.5569f,0.0031f,-0.2193f,0.0706f,-0.0287f,1.5557f,0.2256f,4.2889f,0.2175f,0.2274f,-1.5405f,-0.6035f,0f,0f,0f,1f],start_interpolation: 0,interpolation_duration: 1}
$data merge entity $(bone_neck_spine2) {transformation: [-1.4828f,-0.0152f,-0.2084f,0.1708f,-0.0273f,1.4947f,0.0856f,5.7301f,0.2071f,0.0886f,-1.4804f,1.116f,0f,0f,0f,1f],start_interpolation: 0,interpolation_duration: 1}
$data merge entity $(bone_scale_neck_left1) {transformation: [-1.572f,0.4744f,-0.1298f,0.9537f,0.3897f,1.4666f,0.6406f,4.8462f,0.3001f,0.5806f,-1.5119f,0.9206f,0f,0f,0f,1f],start_interpolation: 0,interpolation_duration: 1}
$data merge entity $(bone_scale_neck_right1) {transformation: [-1.5789f,-0.3499f,-0.3125f,-0.6032f,-0.4477f,1.4514f,0.6372f,4.8175f,0.14f,0.6958f,-1.4864f,1.138f,0f,0f,0f,1f],start_interpolation: 0,interpolation_duration: 1}
$data merge entity $(bone_blush_right1) {transformation: [-0.998f,0.0049f,-0.063f,-0.3638f,-0.0038f,0.9905f,0.1372f,4.4432f,0.063f,0.1372f,-0.9885f,2.468f,0f,0f,0f,1f],start_interpolation: 0,interpolation_duration: 1}
$data merge entity $(bone_blush_left1) {transformation: [-0.998f,0.0049f,-0.063f,0.9588f,-0.0038f,0.9905f,0.1372f,4.4483f,0.063f,0.1372f,-0.9885f,2.3845f,0f,0f,0f,1f],start_interpolation: 0,interpolation_duration: 1}
$data merge entity $(bone_left_head_scales) {transformation: [-0.8562f,0.0049f,-0.5167f,0.9488f,-0.0667f,0.9905f,0.1199f,5.2253f,0.5124f,0.1372f,-0.8477f,2.0953f,0f,0f,0f,1f],start_interpolation: 0,interpolation_duration: 1}
$data merge entity $(bone_left_head_scales2) {transformation: [-0.7814f,0.0049f,-0.624f,0.955f,-0.0818f,0.9905f,0.1102f,4.3123f,0.6186f,0.1372f,-0.7736f,2.1386f,0f,0f,0f,1f],start_interpolation: 0,interpolation_duration: 1}
$data merge entity $(bone_left_head_scales1) {transformation: [-0.998f,0.0049f,-0.063f,0.9482f,-0.0038f,0.9905f,0.1372f,5.1141f,0.063f,0.1372f,-0.9885f,2.0799f,0f,0f,0f,1f],start_interpolation: 0,interpolation_duration: 1}
$data merge entity $(bone_right_head_scales) {transformation: [-0.9143f,0.0049f,0.405f,-0.3962f,0.06f,0.9905f,0.1235f,5.2202f,-0.4005f,0.1372f,-0.906f,2.1803f,0f,0f,0f,1f],start_interpolation: 0,interpolation_duration: 1}
$data merge entity $(bone_right_head_scales2) {transformation: [-0.8536f,0.0049f,0.5208f,-0.39f,0.0756f,0.9905f,0.1146f,4.3071f,-0.5154f,0.1372f,-0.8459f,2.2236f,0f,0f,0f,1f],start_interpolation: 0,interpolation_duration: 1}
$data merge entity $(bone_right_head_scales1) {transformation: [-0.998f,0.0049f,-0.063f,-0.3967f,-0.0038f,0.9905f,0.1372f,5.1089f,0.063f,0.1372f,-0.9885f,2.1649f,0f,0f,0f,1f],start_interpolation: 0,interpolation_duration: 1}
$data merge entity $(bone_head_left_fin1) {transformation: [-0.68f,0.0046f,-0.7976f,0.9409f,0.1626f,1.0269f,-0.1327f,4.7085f,0.7809f,-0.2099f,-0.667f,1.9389f,0f,0f,0f,1f],start_interpolation: 0,interpolation_duration: 1}
$data merge entity $(bone_head_right_fin1) {transformation: [-0.7717f,-0.0388f,0.7083f,-0.4041f,-0.1681f,1.0268f,-0.127f,4.7033f,-0.6892f,-0.2071f,-0.7621f,2.0239f,0f,0f,0f,1f],start_interpolation: 0,interpolation_duration: 1}
$data merge entity $(bone_right_whisker16) {transformation: [0.2645f,0.9175f,-0.2971f,-0.9345f,0.9094f,-0.3398f,-0.2398f,2.0431f,-0.321f,-0.2068f,-0.9242f,2.6013f,0f,0f,0f,1f],start_interpolation: 0,interpolation_duration: 1}
$data merge entity $(bone_right_whisker15) {transformation: [-0.8751f,0.382f,-0.2971f,-0.6397f,0.4556f,0.8573f,-0.2398f,1.8896f,0.1631f,-0.3452f,-0.9242f,2.5463f,0f,0f,0f,1f],start_interpolation: 0,interpolation_duration: 1}
$data merge entity $(bone_right_whisker14) {transformation: [-0.716f,-0.6317f,-0.2971f,-0.3985f,-0.5844f,0.7752f,-0.2398f,2.0865f,0.3818f,0.0019f,-0.9242f,2.4177f,0f,0f,0f,1f],start_interpolation: 0,interpolation_duration: 1}
$data merge entity $(bone_right_whisker13) {transformation: [-0.0994f,-0.9927f,-0.0681f,-0.365f,-0.9933f,0.1031f,-0.053f,2.4211f,0.0596f,0.0623f,-0.9963f,2.3976f,0f,0f,0f,1f],start_interpolation: 0,interpolation_duration: 1}
$data merge entity $(bone_right_whisker12) {transformation: [0.0623f,-0.997f,-0.0449f,-0.393f,-0.9842f,-0.0689f,0.1633f,2.8632f,-0.1659f,0.034f,-0.9856f,2.4721f,0f,0f,0f,1f],start_interpolation: 0,interpolation_duration: 1}
$data merge entity $(bone_right_whisker11) {transformation: [0.287f,-0.9576f,-0.0241f,-0.5219f,-0.9494f,-0.281f,-0.1402f,3.2897f,0.1275f,0.0631f,-0.9898f,2.4148f,0f,0f,0f,1f],start_interpolation: 0,interpolation_duration: 1}
$data merge entity $(bone_right_whisker10) {transformation: [0.065f,-0.9941f,0.0869f,-0.5511f,-0.9226f,-0.093f,-0.3744f,3.7042f,0.3803f,-0.0559f,-0.9232f,2.244f,0f,0f,0f,1f],start_interpolation: 0,interpolation_duration: 1}
$data merge entity $(bone_right_whisker1) {transformation: [-0.3453f,-0.9367f,0.0581f,-0.396f,-0.9335f,0.3363f,-0.1247f,4.1235f,0.0973f,-0.0973f,-0.9905f,2.2003f,0f,0f,0f,1f],start_interpolation: 0,interpolation_duration: 1}
$data merge entity $(bone_left_whisker16) {transformation: [0.2538f,-0.9202f,0.298f,1.467f,-0.9121f,-0.3303f,-0.2429f,2.0306f,0.3219f,-0.2102f,-0.9231f,2.6057f,0f,0f,0f,1f],start_interpolation: 0,interpolation_duration: 1}
$data merge entity $(bone_left_whisker15) {transformation: [-0.8792f,-0.3718f,0.298f,1.1708f,-0.4465f,0.8612f,-0.2429f,1.8802f,-0.1663f,-0.3466f,-0.9231f,2.5496f,0f,0f,0f,1f],start_interpolation: 0,interpolation_duration: 1}
$data merge entity $(bone_left_whisker14) {transformation: [-0.7085f,0.6397f,0.298f,0.9321f,0.5918f,0.7686f,-0.2429f,2.0796f,-0.3844f,0.0043f,-0.9231f,2.4201f,0f,0f,0f,1f],start_interpolation: 0,interpolation_duration: 1}
$data merge entity $(bone_left_whisker13) {transformation: [-0.0888f,0.9935f,0.0712f,0.9022f,0.9942f,0.0927f,-0.0537f,2.4145f,-0.0599f,0.066f,-0.996f,2.3999f,0f,0f,0f,1f],start_interpolation: 0,interpolation_duration: 1}
$data merge entity $(bone_left_whisker12) {transformation: [0.0719f,0.9961f,0.0503f,0.9345f,0.9835f,-0.0792f,0.1628f,2.8563f,0.1661f,0.0377f,-0.9854f,2.4745f,0f,0f,0f,1f],start_interpolation: 0,interpolation_duration: 1}
$data merge entity $(bone_left_whisker11) {transformation: [0.2973f,0.9544f,0.0263f,1.0681f,0.9464f,-0.291f,-0.1405f,3.2815f,-0.1264f,0.0667f,-0.9897f,2.4177f,0f,0f,0f,1f],start_interpolation: 0,interpolation_duration: 1}
$data merge entity $(bone_left_whisker10) {transformation: [0.076f,0.9933f,-0.0874f,1.1022f,0.9218f,-0.1034f,-0.3735f,3.6956f,-0.38f,-0.0522f,-0.9235f,2.247f,0f,0f,0f,1f],start_interpolation: 0,interpolation_duration: 1}
$data merge entity $(bone_left_whisker1) {transformation: [-0.3352f,0.9405f,-0.0558f,0.9516f,0.937f,0.3266f,-0.1241f,4.1165f,-0.0985f,-0.0939f,-0.9907f,2.2028f,0f,0f,0f,1f],start_interpolation: 0,interpolation_duration: 1}
$data merge entity $(bone_upper_left_tooth1) {transformation: [-0.998f,-0.0006f,-0.0632f,0.6536f,-0.0038f,0.9987f,0.0504f,4.4376f,0.063f,0.0505f,-0.9967f,3.1645f,0f,0f,0f,1f],start_interpolation: 0,interpolation_duration: 1}
$data merge entity $(bone_upper_right_tooth1) {transformation: [-0.998f,-0.0006f,-0.0632f,-0.0189f,-0.0038f,0.9987f,0.0504f,4.4351f,0.063f,0.0505f,-0.9967f,3.2069f,0f,0f,0f,1f],start_interpolation: 0,interpolation_duration: 1}
$data merge entity $(bone_top_lip1) {transformation: [-0.998f,-0.0326f,-0.0541f,0.3453f,-0.0038f,0.8862f,-0.4633f,4.5598f,0.063f,-0.4621f,-0.8846f,3.1902f,0f,0f,0f,1f],start_interpolation: 0,interpolation_duration: 1}
$data merge entity $(bone_muzzle1) {transformation: [-0.998f,-0.0006f,-0.0632f,0.3097f,-0.0038f,0.9987f,0.0504f,4.7563f,0.063f,0.0505f,-0.9967f,2.639f,0f,0f,0f,1f],start_interpolation: 0,interpolation_duration: 1}
$data merge entity $(bone_jaw_right_tooth1) {transformation: [-0.998f,-0.0333f,-0.0537f,-0.0152f,-0.0038f,0.8797f,-0.4755f,4.24f,0.063f,-0.4744f,-0.8781f,3.2526f,0f,0f,0f,1f],start_interpolation: 0,interpolation_duration: 1}
$data merge entity $(bone_jaw_left_tooth1) {transformation: [-0.998f,-0.0333f,-0.0537f,0.7133f,-0.0038f,0.8797f,-0.4755f,4.2428f,0.063f,-0.4744f,-0.8781f,3.2066f,0f,0f,0f,1f],start_interpolation: 0,interpolation_duration: 1}
$data merge entity $(bone_tongue1) {transformation: [-0.998f,-0.0053f,-0.0629f,0.2988f,-0.0038f,0.9997f,-0.0237f,4.2177f,0.063f,-0.0234f,-0.9977f,2.4328f,0f,0f,0f,1f],start_interpolation: 0,interpolation_duration: 1}
$data merge entity $(bone_jaw_lips1) {transformation: [-0.998f,-0.0053f,-0.0629f,0.412f,-0.0038f,0.9997f,-0.0237f,4.1101f,0.063f,-0.0234f,-0.9977f,3.3287f,0f,0f,0f,1f],start_interpolation: 0,interpolation_duration: 1}
$data merge entity $(bone_jaw3) {transformation: [-0.998f,-0.0235f,-0.0586f,0.3613f,-0.0038f,0.9489f,-0.3155f,3.7467f,0.063f,-0.3147f,-0.9471f,2.5043f,0f,0f,0f,1f],start_interpolation: 0,interpolation_duration: 1}
$data merge entity $(bone_jaw1) {transformation: [-0.998f,0.0248f,-0.0581f,0.3092f,-0.0038f,0.8941f,0.4479f,4.1491f,0.063f,0.4472f,-0.8922f,1.7027f,0f,0f,0f,1f],start_interpolation: 0,interpolation_duration: 1}
$data merge entity $(bone_tear_right1) {transformation: [-0.998f,0.0049f,-0.063f,-0.2995f,-0.0038f,0.9905f,0.1372f,4.8189f,0.063f,0.1372f,-0.9885f,2.6183f,0f,0f,0f,1f],start_interpolation: 0,interpolation_duration: 1}
$data merge entity $(bone_right_pupil1) {transformation: [-0.998f,0.0049f,-0.063f,-0.1097f,-0.0038f,0.9905f,0.1372f,4.9216f,0.063f,0.1372f,-0.9885f,2.6886f,0f,0f,0f,1f],start_interpolation: 0,interpolation_duration: 1}
$data merge entity $(bone_right_sad_pupil1) {transformation: [-0.998f,0.0049f,-0.063f,-0.1104f,-0.0038f,0.9905f,0.1372f,4.9232f,0.063f,0.1372f,-0.9885f,2.6775f,0f,0f,0f,1f],start_interpolation: 0,interpolation_duration: 1}
$data merge entity $(bone_right_happy_pupil1) {transformation: [-0.998f,0.0049f,-0.063f,-0.1386f,-0.0038f,0.9905f,0.1372f,4.8952f,0.063f,0.1372f,-0.9885f,2.6755f,0f,0f,0f,1f],start_interpolation: 0,interpolation_duration: 1}
$data merge entity $(bone_eyelid_right1) {transformation: [-0.998f,0.0049f,-0.063f,0.2854f,-0.0038f,0.9905f,0.1372f,4.9462f,0.063f,0.1372f,-0.9885f,2.0875f,0f,0f,0f,1f],start_interpolation: 0,interpolation_duration: 1}
$data merge entity $(bone_eyelid_expressions_right5) {transformation: [-0.998f,0.0049f,-0.063f,-0.2388f,-0.0038f,0.9905f,0.1372f,5.0339f,0.063f,0.1372f,-0.9885f,2.7011f,0f,0f,0f,1f],start_interpolation: 0,interpolation_duration: 1}
$data merge entity $(bone_eyelid_expressions_right7) {transformation: [-0.998f,0.0049f,-0.063f,0.0975f,-0.0038f,0.9905f,0.1372f,5.0352f,0.063f,0.1372f,-0.9885f,2.6798f,0f,0f,0f,1f],start_interpolation: 0,interpolation_duration: 1}
$data merge entity $(bone_eyelid_expressions_right6) {transformation: [-0.998f,0.0049f,-0.063f,-0.0146f,-0.0038f,0.9905f,0.1372f,5.0348f,0.063f,0.1372f,-0.9885f,2.6869f,0f,0f,0f,1f],start_interpolation: 0,interpolation_duration: 1}
$data merge entity $(bone_right_eye1) {transformation: [-0.998f,0.0049f,-0.063f,0.2749f,-0.0038f,0.9905f,0.1372f,4.9446f,0.063f,0.1372f,-0.9885f,2.0993f,0f,0f,0f,1f],start_interpolation: 0,interpolation_duration: 1}
$data merge entity $(bone_tear_left1) {transformation: [-0.998f,0.0049f,-0.063f,0.911f,-0.0038f,0.9905f,0.1372f,4.8235f,0.063f,0.1372f,-0.9885f,2.5418f,0f,0f,0f,1f],start_interpolation: 0,interpolation_duration: 1}
$data merge entity $(bone_left_sad_pupil1) {transformation: [-0.998f,0.0049f,-0.063f,0.7302f,-0.0038f,0.9905f,0.1372f,4.9264f,0.063f,0.1372f,-0.9885f,2.6244f,0f,0f,0f,1f],start_interpolation: 0,interpolation_duration: 1}
$data merge entity $(bone_left_pupil1) {transformation: [-0.998f,0.0049f,-0.063f,0.7309f,-0.0038f,0.9905f,0.1372f,4.9248f,0.063f,0.1372f,-0.9885f,2.6355f,0f,0f,0f,1f],start_interpolation: 0,interpolation_duration: 1}
$data merge entity $(bone_eyelid_left1) {transformation: [-0.998f,0.0049f,-0.063f,0.263f,-0.0038f,0.9905f,0.1372f,4.9461f,0.063f,0.1372f,-0.9885f,2.0889f,0f,0f,0f,1f],start_interpolation: 0,interpolation_duration: 1}
$data merge entity $(bone_left_happy_pupil1) {transformation: [-0.998f,0.0049f,-0.063f,0.758f,-0.0038f,0.9905f,0.1372f,4.8986f,0.063f,0.1372f,-0.9885f,2.6188f,0f,0f,0f,1f],start_interpolation: 0,interpolation_duration: 1}
$data merge entity $(bone_eyelid_expressions_left5) {transformation: [-0.998f,0.0049f,-0.063f,0.8596f,-0.0038f,0.9905f,0.1372f,5.0381f,0.063f,0.1372f,-0.9885f,2.6317f,0f,0f,0f,1f],start_interpolation: 0,interpolation_duration: 1}
$data merge entity $(bone_eyelid_expressions_left7) {transformation: [-0.998f,0.0049f,-0.063f,0.5234f,-0.0038f,0.9905f,0.1372f,5.0368f,0.063f,0.1372f,-0.9885f,2.6529f,0f,0f,0f,1f],start_interpolation: 0,interpolation_duration: 1}
$data merge entity $(bone_eyelid_expressions_left6) {transformation: [-0.998f,0.0049f,-0.063f,0.6354f,-0.0038f,0.9905f,0.1372f,5.0372f,0.063f,0.1372f,-0.9885f,2.6459f,0f,0f,0f,1f],start_interpolation: 0,interpolation_duration: 1}
$data merge entity $(bone_left_eye1) {transformation: [-0.998f,0.0049f,-0.063f,0.2749f,-0.0038f,0.9905f,0.1372f,4.9446f,0.063f,0.1372f,-0.9885f,2.0993f,0f,0f,0f,1f],start_interpolation: 0,interpolation_duration: 1}
$data merge entity $(bone_crest_middle5) {transformation: [-0.998f,-0.0089f,-0.0625f,0.3117f,-0.0038f,0.9968f,-0.0804f,6.2518f,0.063f,-0.08f,-0.9948f,2.7607f,0f,0f,0f,1f],start_interpolation: 0,interpolation_duration: 1}
$data merge entity $(bone_crest_middle4) {transformation: [-0.998f,-0.0089f,-0.0625f,0.3177f,-0.0038f,0.9968f,-0.0804f,5.5802f,0.063f,-0.08f,-0.9948f,2.8146f,0f,0f,0f,1f],start_interpolation: 0,interpolation_duration: 1}
$data merge entity $(bone_crest_middle1) {transformation: [-0.998f,-0.0089f,-0.0625f,0.3274f,-0.0038f,0.9968f,-0.0804f,5.0832f,0.063f,-0.08f,-0.9948f,2.9388f,0f,0f,0f,1f],start_interpolation: 0,interpolation_duration: 1}
$data merge entity $(bone_crest_left5) {transformation: [-0.5404f,-0.8401f,0.0471f,-0.7875f,-0.8375f,0.5424f,0.067f,5.5988f,-0.0818f,-0.0032f,-0.9966f,2.84f,0f,0f,0f,1f],start_interpolation: 0,interpolation_duration: 1}
$data merge entity $(bone_crest_left4) {transformation: [-0.5404f,-0.8401f,0.0471f,-0.3157f,-0.8375f,0.5424f,0.067f,5.2943f,-0.0818f,-0.0032f,-0.9966f,2.8419f,0f,0f,0f,1f],start_interpolation: 0,interpolation_duration: 1}
$data merge entity $(bone_crest_left1) {transformation: [-0.5404f,-0.8401f,0.0471f,0.2058f,-0.8375f,0.5424f,0.067f,4.963f,-0.0818f,-0.0032f,-0.9966f,2.7879f,0f,0f,0f,1f],start_interpolation: 0,interpolation_duration: 1}
$data merge entity $(bone_crest_center1) {transformation: [-0.998f,0.0049f,-0.063f,0.3178f,-0.0038f,0.9905f,0.1372f,4.9356f,0.063f,0.1372f,-0.9885f,2.777f,0f,0f,0f,1f],start_interpolation: 0,interpolation_duration: 1}
$data merge entity $(bone_crest_right5) {transformation: [-0.5321f,0.8289f,-0.1726f,1.4171f,0.8334f,0.5487f,0.0661f,5.6072f,0.1496f,-0.1087f,-0.9828f,2.7008f,0f,0f,0f,1f],start_interpolation: 0,interpolation_duration: 1}
$data merge entity $(bone_crest_right4) {transformation: [-0.5321f,0.8289f,-0.1726f,0.9517f,0.8334f,0.5487f,0.0661f,5.2991f,0.1496f,-0.1087f,-0.9828f,2.7618f,0f,0f,0f,1f],start_interpolation: 0,interpolation_duration: 1}
$data merge entity $(bone_crest_right1) {transformation: [-0.5321f,0.8289f,-0.1726f,0.43f,0.8334f,0.5487f,0.0661f,4.9638f,0.1496f,-0.1087f,-0.9828f,2.7737f,0f,0f,0f,1f],start_interpolation: 0,interpolation_duration: 1}
$data merge entity $(bone_head1) {transformation: [-1.0461f,0.0051f,-0.066f,0.2358f,-0.004f,1.0383f,0.1438f,4.9738f,0.0661f,0.1438f,-1.0362f,1.481f,0f,0f,0f,1f],start_interpolation: 0,interpolation_duration: 1}
$data merge entity $(bone_neck10) {transformation: [-1.4828f,0.0122f,-0.2085f,0.0835f,-0.0273f,1.4707f,0.28f,4.732f,0.2071f,0.281f,-1.4561f,0.3592f,0f,0f,0f,1f],start_interpolation: 0,interpolation_duration: 1}
$data merge entity $(bone_neck9) {transformation: [-1.1343f,0.0435f,-0.1538f,0.0356f,-0.0209f,1.0523f,0.4521f,3.3687f,0.1584f,0.4505f,-1.0412f,-0.1639f,0f,0f,0f,1f],start_interpolation: 0,interpolation_duration: 1}
$data merge entity $(bone_neck8) {transformation: [-1.0531f,-0.038f,-0.1407f,0.0683f,-0.0105f,1.0435f,-0.2031f,2.5965f,0.1453f,-0.1998f,-1.034f,0.0177f,0f,0f,0f,1f],start_interpolation: 0,interpolation_duration: 1}
$data merge entity $(bone_neck7) {transformation: [-1.0464f,-0.0565f,-0.1279f,0.1221f,0f,0.9657f,-0.4264f,1.7317f,0.1398f,-0.4227f,-0.9572f,0.4203f,0f,0f,0f,1f],start_interpolation: 0,interpolation_duration: 1}
$data merge entity $(bone_neck6) {transformation: [-1.0404f,-0.036f,-0.1342f,0.1528f,0f,1.0139f,-0.2717f,0.8334f,0.139f,-0.2693f,-1.005f,0.6497f,0f,0f,0f,1f],start_interpolation: 0,interpolation_duration: 1}
$data merge entity $(bone_neck_spine6) {transformation: [-1.2673f,-0.0457f,0.1083f,-0.2079f,0.1169f,-0.3647f,1.2138f,0.7368f,-0.0125f,1.2186f,0.3674f,-1.8621f,0f,0f,0f,1f],start_interpolation: 0,interpolation_duration: 1}
$data merge entity $(bone_neck_spine7) {transformation: [-0.8373f,-0.4593f,0.2965f,0.679f,0.3085f,0.0508f,0.9499f,1.8224f,-0.4513f,0.8868f,0.0992f,-5.1176f,0f,0f,0f,1f],start_interpolation: 0,interpolation_duration: 1}
$data merge entity $(bone_tail6) {transformation: [-0.9573f,-1.0246f,0.9995f,2.9947f,1.0853f,0.2644f,1.3106f,1.0684f,-0.9333f,1.3585f,0.4987f,-8.2545f,0f,0f,0f,1f],start_interpolation: 0,interpolation_duration: 1}
$data merge entity $(bone_tail5) {transformation: [-0.7908f,-0.8464f,0.8257f,2.4601f,0.8965f,0.2185f,1.0826f,1.2064f,-0.771f,1.1222f,0.412f,-7.5457f,0f,0f,0f,1f],start_interpolation: 0,interpolation_duration: 1}
$data merge entity $(bone_tail4) {transformation: [-0.5827f,-0.6237f,0.6084f,2.1928f,0.6606f,0.161f,0.7977f,1.2754f,-0.5681f,0.8269f,0.3036f,-7.1913f,0f,0f,0f,1f],start_interpolation: 0,interpolation_duration: 1}
$data merge entity $(bone_segment18) {transformation: [-0.5559f,-0.595f,0.5804f,1.8587f,0.6302f,0.1536f,0.7611f,1.3616f,-0.542f,0.7889f,0.2896f,-6.7483f,0f,0f,0f,1f],start_interpolation: 0,interpolation_duration: 1}
$data merge entity $(bone_segment17) {transformation: [-0.5559f,-0.595f,0.5804f,1.4243f,0.6302f,0.1536f,0.7611f,1.4737f,-0.542f,0.7889f,0.2896f,-6.1724f,0f,0f,0f,1f],start_interpolation: 0,interpolation_duration: 1}
$data merge entity $(bone_segment16) {transformation: [-0.6665f,-0.7065f,0.2379f,0.7499f,0.3501f,-0.0148f,0.9366f,1.4596f,-0.6582f,0.7075f,0.2572f,-5.497f,0f,0f,0f,1f],start_interpolation: 0,interpolation_duration: 1}
$data merge entity $(bone_segment15) {transformation: [-0.8373f,-0.5204f,0.1675f,0.1363f,0.3085f,-0.1968f,0.9306f,1.2275f,-0.4513f,0.8309f,0.3253f,-4.5172f,0f,0f,0f,1f],start_interpolation: 0,interpolation_duration: 1}
$data merge entity $(bone_segment14) {transformation: [-1.0035f,-0.2932f,0.0751f,-0.1935f,0.2018f,-0.4543f,0.9228f,0.7164f,-0.2255f,0.8979f,0.4914f,-3.507f,0f,0f,0f,1f],start_interpolation: 0,interpolation_duration: 1}
$data merge entity $(bone_segment13) {transformation: [-1.0213f,-0.0514f,0.0796f,-0.2576f,0.0942f,-0.4593f,0.9123f,0.1382f,-0.0101f,0.9157f,0.4621f,-2.4168f,0f,0f,0f,1f],start_interpolation: 0,interpolation_duration: 1}
$data merge entity $(bone_segment12) {transformation: [-1.107f,0.0971f,0.0977f,-0.1404f,0.0742f,-0.2469f,1.0854f,-0.1601f,0.1161f,1.0835f,0.2386f,-1.1078f,0f,0f,0f,1f],start_interpolation: 0,interpolation_duration: 1}
$data merge entity $(bone_segment11) {transformation: [-1.1767f,0.177f,0.0349f,0.0617f,0.0902f,0.3776f,1.1254f,0.2764f,0.1563f,1.115f,-0.3866f,0.1811f,0f,0f,0f,1f],start_interpolation: 0,interpolation_duration: 1}
$data merge entity $(bone_segment10) {transformation: [-1.04f,0.1052f,-0.0773f,0.1632f,0.0504f,0.896f,0.5416f,1.1939f,0.1204f,0.5337f,-0.8941f,0.7281f,0f,0f,0f,1f],start_interpolation: 0,interpolation_duration: 1}
data modify entity @s data merge value {"cameras":{},"locators":{"mouth":{"posx":0.3910731399667093,"posy":4.527275574187549,"posz":3.9125818941798727,"roty":177.95649112439412,"rotx":82.1107568562594}}}