# This file was generated by Animated Java via MC-Build. It is not recommended to edit this file directly.
$data merge entity $(bone_neck_spine5) {transformation: [-1.557f,-0.0172f,0.2179f,0.1371f,0.0289f,1.5375f,0.3275f,4.3574f,-0.2166f,0.3284f,-1.5223f,-0.4632f,0f,0f,0f,1f],start_interpolation: 0,interpolation_duration: 1}
$data merge entity $(bone_neck_spine2) {transformation: [-1.4829f,-0.0183f,0.2073f,-0.2126f,0.0275f,1.4614f,0.3253f,5.6031f,-0.2063f,0.3259f,-1.4469f,1.4014f,0f,0f,0f,1f],start_interpolation: 0,interpolation_duration: 1}
$data merge entity $(bone_scale_neck_left1) {transformation: [-1.5884f,0.3169f,0.2992f,0.5816f,0.4296f,1.3291f,0.8729f,4.716f,-0.0734f,0.9199f,-1.3644f,1.2808f,0f,0f,0f,1f],start_interpolation: 0,interpolation_duration: 1}
$data merge entity $(bone_scale_neck_right1) {transformation: [-1.5627f,-0.5074f,0.1164f,-0.9754f,-0.3712f,1.3444f,0.8763f,4.7448f,-0.365f,0.8052f,-1.3898f,1.0642f,0f,0f,0f,1f],start_interpolation: 0,interpolation_duration: 1}
$data merge entity $(bone_blush_right1) {transformation: [-0.9978f,-0.0259f,0.061f,-0.9735f,-0.0081f,0.9611f,0.2761f,4.1349f,-0.0658f,0.275f,-0.9592f,2.4586f,0f,0f,0f,1f],start_interpolation: 0,interpolation_duration: 1}
$data merge entity $(bone_blush_left1) {transformation: [-0.9978f,-0.0259f,0.061f,0.3488f,-0.0081f,0.9611f,0.2761f,4.1456f,-0.0658f,0.275f,-0.9592f,2.5458f,0f,0f,0f,1f],start_interpolation: 0,interpolation_duration: 1}
$data merge entity $(bone_left_head_scales) {transformation: [-0.9132f,-0.0259f,-0.4066f,0.365f,-0.1346f,0.9611f,0.2411f,4.9558f,0.3845f,0.275f,-0.8812f,2.3702f,0f,0f,0f,1f],start_interpolation: 0,interpolation_duration: 1}
$data merge entity $(bone_left_head_scales2) {transformation: [-0.8524f,-0.0259f,-0.5223f,0.378f,-0.165f,0.9611f,0.2215f,4.0458f,0.4963f,0.275f,-0.8235f,2.2848f,0f,0f,0f,1f],start_interpolation: 0,interpolation_duration: 1}
$data merge entity $(bone_left_head_scales1) {transformation: [-0.9978f,-0.0259f,0.061f,0.368f,-0.0081f,0.9611f,0.2761f,4.8478f,-0.0658f,0.275f,-0.9592f,2.3394f,0f,0f,0f,1f],start_interpolation: 0,interpolation_duration: 1}
$data merge entity $(bone_right_head_scales) {transformation: [-0.8569f,-0.0259f,0.5149f,-0.9796f,0.1203f,0.9611f,0.2486f,4.9449f,-0.5013f,0.275f,-0.8204f,2.2815f,0f,0f,0f,1f],start_interpolation: 0,interpolation_duration: 1}
$data merge entity $(bone_right_head_scales2) {transformation: [-0.7823f,-0.0259f,0.6223f,-0.9666f,0.1517f,0.9611f,0.2308f,4.0349f,-0.6041f,0.275f,-0.748f,2.1961f,0f,0f,0f,1f],start_interpolation: 0,interpolation_duration: 1}
$data merge entity $(bone_right_head_scales1) {transformation: [-0.9978f,-0.0259f,0.061f,-0.9767f,-0.0081f,0.9611f,0.2761f,4.8369f,-0.0658f,0.275f,-0.9592f,2.2507f,0f,0f,0f,1f],start_interpolation: 0,interpolation_duration: 1}
$data merge entity $(bone_head_left_fin1) {transformation: [-0.7757f,0.0173f,-0.7047f,0.384f,0.0536f,1.0463f,-0.0333f,4.4663f,0.7029f,-0.0607f,-0.7752f,2.1428f,0f,0f,0f,1f],start_interpolation: 0,interpolation_duration: 1}
$data merge entity $(bone_head_right_fin1) {transformation: [-0.6757f,-0.026f,0.8009f,-0.9607f,-0.0653f,1.0459f,-0.0211f,4.4554f,-0.7987f,-0.0635f,-0.6759f,2.0541f,0f,0f,0f,1f],start_interpolation: 0,interpolation_duration: 1}
$data merge entity $(bone_right_whisker16) {transformation: [0.2351f,0.9273f,-0.2913f,-1.4312f,0.9479f,-0.285f,-0.1425f,1.7059f,-0.2151f,-0.2426f,-0.946f,2.3958f,0f,0f,0f,1f],start_interpolation: 0,interpolation_duration: 1}
$data merge entity $(bone_right_whisker15) {transformation: [-0.8887f,0.3541f,-0.2913f,-1.1318f,0.4063f,0.9026f,-0.1425f,1.569f,0.2124f,-0.2449f,-0.946f,2.3242f,0f,0f,0f,1f],start_interpolation: 0,interpolation_duration: 1}
$data merge entity $(bone_right_whisker14) {transformation: [-0.6965f,-0.6558f,-0.2913f,-0.8971f,-0.6463f,0.7497f,-0.1425f,1.7867f,0.3118f,0.089f,-0.946f,2.2192f,0f,0f,0f,1f],start_interpolation: 0,interpolation_duration: 1}
$data merge entity $(bone_right_whisker13) {transformation: [-0.0679f,-0.9953f,-0.0683f,-0.8742f,-0.9962f,0.064f,0.0585f,2.1224f,-0.0538f,0.072f,-0.9959f,2.2373f,0f,0f,0f,1f],start_interpolation: 0,interpolation_duration: 1}
$data merge entity $(bone_right_whisker12) {transformation: [0.093f,-0.9943f,-0.052f,-0.916f,-0.9565f,-0.1037f,0.2727f,2.552f,-0.2766f,0.0244f,-0.9607f,2.3616f,0f,0f,0f,1f],start_interpolation: 0,interpolation_duration: 1}
$data merge entity $(bone_right_whisker11) {transformation: [0.317f,-0.9482f,-0.0216f,-1.0584f,-0.9482f,-0.3164f,-0.0275f,2.978f,0.0192f,0.0293f,-0.9994f,2.3529f,0f,0f,0f,1f],start_interpolation: 0,interpolation_duration: 1}
$data merge entity $(bone_right_whisker10) {transformation: [0.0948f,-0.9908f,0.0968f,-1.101f,-0.9573f,-0.1174f,-0.2641f,3.408f,0.2731f,-0.0677f,-0.9596f,2.2302f,0f,0f,0f,1f],start_interpolation: 0,interpolation_duration: 1}
$data merge entity $(bone_right_whisker1) {transformation: [-0.3155f,-0.947f,0.0601f,-0.9593f,-0.9489f,0.3155f,-0.0095f,3.8343f,-0.01f,-0.06f,-0.9981f,2.2347f,0f,0f,0f,1f],start_interpolation: 0,interpolation_duration: 1}
$data merge entity $(bone_left_whisker16) {transformation: [0.2831f,-0.9097f,0.3037f,0.9696f,-0.9343f,-0.3331f,-0.1269f,1.7687f,0.2166f,-0.2478f,-0.9443f,2.4026f,0f,0f,0f,1f],start_interpolation: 0,interpolation_duration: 1}
$data merge entity $(bone_left_whisker15) {transformation: [-0.865f,-0.3994f,0.3037f,0.6781f,-0.4522f,0.8829f,-0.1269f,1.6163f,-0.2174f,-0.2471f,-0.9443f,2.3294f,0f,0f,0f,1f],start_interpolation: 0,interpolation_duration: 1}
$data merge entity $(bone_left_whisker14) {transformation: [-0.7276f,0.6152f,0.3037f,0.433f,0.609f,0.7829f,-0.1269f,1.8215f,-0.3158f,0.0926f,-0.9443f,2.223f,0f,0f,0f,1f],start_interpolation: 0,interpolation_duration: 1}
$data merge entity $(bone_left_whisker13) {transformation: [-0.1202f,0.9902f,0.0709f,0.3925f,0.9913f,0.1159f,0.0621f,2.1555f,0.0533f,0.0777f,-0.9956f,2.2409f,0f,0f,0f,1f],start_interpolation: 0,interpolation_duration: 1}
$data merge entity $(bone_left_whisker12) {transformation: [0.0413f,0.9982f,0.0432f,0.411f,0.96f,-0.0516f,0.2752f,2.5867f,0.2769f,0.0301f,-0.9604f,2.3653f,0f,0f,0f,1f],start_interpolation: 0,interpolation_duration: 1}
$data merge entity $(bone_left_whisker11) {transformation: [0.2671f,0.9632f,0.0287f,0.531f,0.9635f,-0.2664f,-0.0262f,3.0196f,-0.0176f,0.0347f,-0.9992f,2.3574f,0f,0f,0f,1f],start_interpolation: 0,interpolation_duration: 1}
$data merge entity $(bone_left_whisker10) {transformation: [0.0461f,0.9959f,-0.0774f,0.5518f,0.961f,-0.0654f,-0.2687f,3.4513f,-0.2727f,-0.062f,-0.9601f,2.235f,0f,0f,0f,1f],start_interpolation: 0,interpolation_duration: 1}
$data merge entity $(bone_left_whisker1) {transformation: [-0.3647f,0.9296f,-0.0538f,0.3879f,0.9311f,0.3646f,-0.0124f,3.8695f,0.0081f,-0.0546f,-0.9985f,2.2386f,0f,0f,0f,1f],start_interpolation: 0,interpolation_duration: 1}
$data merge entity $(bone_upper_left_tooth1) {transformation: [-0.9978f,-0.0205f,0.0631f,-0.0527f,-0.0081f,0.9815f,0.1912f,4.026f,-0.0658f,0.1903f,-0.9795f,3.2712f,0f,0f,0f,1f],start_interpolation: 0,interpolation_duration: 1}
$data merge entity $(bone_upper_right_tooth1) {transformation: [-0.9978f,-0.0205f,0.0631f,-0.725f,-0.0081f,0.9815f,0.1912f,4.0206f,-0.0658f,0.1903f,-0.9795f,3.2269f,0f,0f,0f,1f],start_interpolation: 0,interpolation_duration: 1}
$data merge entity $(bone_top_lip1) {transformation: [-0.9978f,0.0106f,0.0655f,-0.3633f,-0.0081f,0.9605f,-0.2783f,4.1448f,-0.0658f,-0.2782f,-0.9583f,3.2744f,0f,0f,0f,1f],start_interpolation: 0,interpolation_duration: 1}
$data merge entity $(bone_muzzle1) {transformation: [-0.9978f,-0.0205f,0.0631f,-0.3314f,-0.0081f,0.9815f,0.1912f,4.4175f,-0.0658f,0.1903f,-0.9795f,2.7564f,0f,0f,0f,1f],start_interpolation: 0,interpolation_duration: 1}
$data merge entity $(bone_jaw_right_tooth1) {transformation: [-0.9978f,0.0196f,0.0633f,-0.7257f,-0.0081f,0.912f,-0.4102f,3.9266f,-0.0658f,-0.4098f,-0.9098f,3.2495f,0f,0f,0f,1f],start_interpolation: 0,interpolation_duration: 1}
$data merge entity $(bone_jaw_left_tooth1) {transformation: [-0.9978f,0.0196f,0.0633f,0.0026f,-0.0081f,0.912f,-0.4102f,3.9325f,-0.0658f,-0.4098f,-0.9098f,3.2976f,0f,0f,0f,1f],start_interpolation: 0,interpolation_duration: 1}
$data merge entity $(bone_tongue1) {transformation: [-0.9978f,-0.0037f,0.0662f,-0.3075f,-0.0081f,0.9978f,-0.066f,3.8605f,-0.0658f,-0.0664f,-0.9956f,2.4634f,0f,0f,0f,1f],start_interpolation: 0,interpolation_duration: 1}
$data merge entity $(bone_jaw_lips1) {transformation: [-0.9978f,-0.0037f,0.0662f,-0.3105f,-0.0081f,0.9978f,-0.066f,3.7913f,-0.0658f,-0.0664f,-0.9956f,3.3702f,0f,0f,0f,1f],start_interpolation: 0,interpolation_duration: 1}
$data merge entity $(bone_jaw3) {transformation: [-0.9978f,0.0083f,0.0658f,-0.2521f,-0.0081f,0.9693f,-0.2456f,3.4891f,-0.0658f,-0.2455f,-0.9671f,2.5219f,0f,0f,0f,1f],start_interpolation: 0,interpolation_duration: 1}
$data merge entity $(bone_jaw1) {transformation: [-0.9978f,-0.0406f,0.0524f,-0.205f,-0.0081f,0.8591f,0.5118f,3.9489f,-0.0658f,0.5102f,-0.8575f,1.7515f,0f,0f,0f,1f],start_interpolation: 0,interpolation_duration: 1}
$data merge entity $(bone_tear_right1) {transformation: [-0.9978f,-0.0259f,0.061f,-0.9338f,-0.0081f,0.9611f,0.2761f,4.4852f,-0.0658f,0.275f,-0.9592f,2.6673f,0f,0f,0f,1f],start_interpolation: 0,interpolation_duration: 1}
$data merge entity $(bone_right_pupil1) {transformation: [-0.9978f,-0.0259f,0.061f,-0.756f,-0.0081f,0.9611f,0.2761f,4.576f,-0.0658f,0.275f,-0.9592f,2.775f,0f,0f,0f,1f],start_interpolation: 0,interpolation_duration: 1}
$data merge entity $(bone_right_sad_pupil1) {transformation: [-0.9978f,-0.0259f,0.061f,-0.7553f,-0.0081f,0.9611f,0.2761f,4.5791f,-0.0658f,0.275f,-0.9592f,2.7643f,0f,0f,0f,1f],start_interpolation: 0,interpolation_duration: 1}
$data merge entity $(bone_right_happy_pupil1) {transformation: [-0.9978f,-0.0259f,0.061f,-0.7826f,-0.0081f,0.9611f,0.2761f,4.5519f,-0.0658f,0.275f,-0.9592f,2.7547f,0f,0f,0f,1f],start_interpolation: 0,interpolation_duration: 1}
$data merge entity $(bone_eyelid_right1) {transformation: [-0.9978f,-0.0259f,0.061f,-0.2881f,-0.0081f,0.9611f,0.2761f,4.6837f,-0.0658f,0.275f,-0.9592f,2.2387f,0f,0f,0f,1f],start_interpolation: 0,interpolation_duration: 1}
$data merge entity $(bone_eyelid_expressions_right5) {transformation: [-0.9978f,-0.0259f,0.061f,-0.8871f,-0.0081f,0.9611f,0.2761f,4.686f,-0.0658f,0.275f,-0.9592f,2.7866f,0f,0f,0f,1f],start_interpolation: 0,interpolation_duration: 1}
$data merge entity $(bone_eyelid_expressions_right7) {transformation: [-0.9978f,-0.0259f,0.061f,-0.5509f,-0.0081f,0.9611f,0.2761f,4.6887f,-0.0658f,0.275f,-0.9592f,2.8088f,0f,0f,0f,1f],start_interpolation: 0,interpolation_duration: 1}
$data merge entity $(bone_eyelid_expressions_right6) {transformation: [-0.9978f,-0.0259f,0.061f,-0.6629f,-0.0081f,0.9611f,0.2761f,4.6878f,-0.0658f,0.275f,-0.9592f,2.8014f,0f,0f,0f,1f],start_interpolation: 0,interpolation_duration: 1}
$data merge entity $(bone_right_eye1) {transformation: [-0.9978f,-0.0259f,0.061f,-0.3f,-0.0081f,0.9611f,0.2761f,4.6805f,-0.0658f,0.275f,-0.9592f,2.2487f,0f,0f,0f,1f],start_interpolation: 0,interpolation_duration: 1}
$data merge entity $(bone_tear_left1) {transformation: [-0.9978f,-0.0259f,0.061f,0.2764f,-0.0081f,0.9611f,0.2761f,4.495f,-0.0658f,0.275f,-0.9592f,2.7472f,0f,0f,0f,1f],start_interpolation: 0,interpolation_duration: 1}
$data merge entity $(bone_left_sad_pupil1) {transformation: [-0.9978f,-0.0259f,0.061f,0.0851f,-0.0081f,0.9611f,0.2761f,4.5859f,-0.0658f,0.275f,-0.9592f,2.8197f,0f,0f,0f,1f],start_interpolation: 0,interpolation_duration: 1}
$data merge entity $(bone_left_pupil1) {transformation: [-0.9978f,-0.0259f,0.061f,0.0845f,-0.0081f,0.9611f,0.2761f,4.5828f,-0.0658f,0.275f,-0.9592f,2.8305f,0f,0f,0f,1f],start_interpolation: 0,interpolation_duration: 1}
$data merge entity $(bone_eyelid_left1) {transformation: [-0.9978f,-0.0259f,0.061f,-0.3105f,-0.0081f,0.9611f,0.2761f,4.6835f,-0.0658f,0.275f,-0.9592f,2.2372f,0f,0f,0f,1f],start_interpolation: 0,interpolation_duration: 1}
$data merge entity $(bone_left_happy_pupil1) {transformation: [-0.9978f,-0.0259f,0.061f,0.1139f,-0.0081f,0.9611f,0.2761f,4.5592f,-0.0658f,0.275f,-0.9592f,2.8138f,0f,0f,0f,1f],start_interpolation: 0,interpolation_duration: 1}
$data merge entity $(bone_eyelid_expressions_left5) {transformation: [-0.9978f,-0.0259f,0.061f,0.2111f,-0.0081f,0.9611f,0.2761f,4.6949f,-0.0658f,0.275f,-0.9592f,2.8591f,0f,0f,0f,1f],start_interpolation: 0,interpolation_duration: 1}
$data merge entity $(bone_eyelid_expressions_left7) {transformation: [-0.9978f,-0.0259f,0.061f,-0.1251f,-0.0081f,0.9611f,0.2761f,4.6922f,-0.0658f,0.275f,-0.9592f,2.8369f,0f,0f,0f,1f],start_interpolation: 0,interpolation_duration: 1}
$data merge entity $(bone_eyelid_expressions_left6) {transformation: [-0.9978f,-0.0259f,0.061f,-0.013f,-0.0081f,0.9611f,0.2761f,4.6931f,-0.0658f,0.275f,-0.9592f,2.8443f,0f,0f,0f,1f],start_interpolation: 0,interpolation_duration: 1}
$data merge entity $(bone_left_eye1) {transformation: [-0.9978f,-0.0259f,0.061f,-0.3f,-0.0081f,0.9611f,0.2761f,4.6805f,-0.0658f,0.275f,-0.9592f,2.2487f,0f,0f,0f,1f],start_interpolation: 0,interpolation_duration: 1}
$data merge entity $(bone_crest_middle5) {transformation: [-0.9978f,-0.0121f,0.0652f,-0.365f,-0.0081f,0.9981f,0.0615f,5.8807f,-0.0658f,0.0608f,-0.996f,3.087f,0f,0f,0f,1f],start_interpolation: 0,interpolation_duration: 1}
$data merge entity $(bone_crest_middle4) {transformation: [-0.9978f,-0.0121f,0.0652f,-0.3569f,-0.0081f,0.9981f,0.0615f,5.2081f,-0.0658f,0.0608f,-0.996f,3.046f,0f,0f,0f,1f],start_interpolation: 0,interpolation_duration: 1}
$data merge entity $(bone_crest_middle1) {transformation: [-0.9978f,-0.0121f,0.0652f,-0.3563f,-0.0081f,0.9981f,0.0615f,4.6986f,-0.0658f,0.0608f,-0.996f,3.0992f,0f,0f,0f,1f],start_interpolation: 0,interpolation_duration: 1}
$data merge entity $(bone_crest_left5) {transformation: [-0.5143f,-0.8402f,0.1722f,-1.4565f,-0.8149f,0.5413f,0.2072f,5.2281f,-0.2673f,-0.0338f,-0.963f,2.9328f,0f,0f,0f,1f],start_interpolation: 0,interpolation_duration: 1}
$data merge entity $(bone_crest_left4) {transformation: [-0.5143f,-0.8402f,0.1722f,-0.9847f,-0.8149f,0.5413f,0.2072f,4.9242f,-0.2673f,-0.0338f,-0.963f,2.9517f,0f,0f,0f,1f],start_interpolation: 0,interpolation_duration: 1}
$data merge entity $(bone_crest_left1) {transformation: [-0.5143f,-0.8402f,0.1722f,-0.4561f,-0.8149f,0.5413f,0.2072f,4.6015f,-0.2673f,-0.0338f,-0.963f,2.9185f,0f,0f,0f,1f],start_interpolation: 0,interpolation_duration: 1}
$data merge entity $(bone_crest_center1) {transformation: [-0.9978f,-0.0259f,0.061f,-0.3433f,-0.0081f,0.9611f,0.2761f,4.5754f,-0.0658f,0.275f,-0.9592f,2.9182f,0f,0f,0f,1f],start_interpolation: 0,interpolation_duration: 1}
$data merge entity $(bone_crest_right5) {transformation: [-0.558f,0.8285f,-0.0475f,0.7476f,0.8062f,0.5548f,0.2054f,5.246f,0.1965f,0.0763f,-0.9775f,3.0782f,0f,0f,0f,1f],start_interpolation: 0,interpolation_duration: 1}
$data merge entity $(bone_crest_right4) {transformation: [-0.558f,0.8285f,-0.0475f,0.2824f,0.8062f,0.5548f,0.2054f,4.9344f,0.1965f,0.0763f,-0.9775f,3.0353f,0f,0f,0f,1f],start_interpolation: 0,interpolation_duration: 1}
$data merge entity $(bone_crest_right1) {transformation: [-0.558f,0.8285f,-0.0475f,-0.232f,0.8062f,0.5548f,0.2054f,4.6033f,0.1965f,0.0763f,-0.9775f,2.9333f,0f,0f,0f,1f],start_interpolation: 0,interpolation_duration: 1}
$data merge entity $(bone_head1) {transformation: [-1.0459f,-0.0272f,0.064f,-0.2609f,-0.0085f,1.0074f,0.2894f,4.797f,-0.069f,0.2882f,-1.0054f,1.6408f,0f,0f,0f,1f],start_interpolation: 0,interpolation_duration: 1}
$data merge entity $(bone_neck10) {transformation: [-1.4829f,-0.0452f,0.2032f,-0.1026f,0.0275f,1.4064f,0.5133f,4.7408f,-0.2063f,0.512f,-1.3919f,0.4954f,0f,0f,0f,1f],start_interpolation: 0,interpolation_duration: 1}
$data merge entity $(bone_neck9) {transformation: [-1.1344f,-0.0532f,0.1501f,-0.0421f,0.021f,1.0202f,0.5204f,3.415f,-0.1578f,0.5181f,-1.0094f,-0.1155f,0f,0f,0f,1f],start_interpolation: 0,interpolation_duration: 1}
$data merge entity $(bone_neck8) {transformation: [-1.0531f,0.0303f,0.1425f,-0.0692f,0.0105f,1.053f,-0.1461f,2.6339f,-0.1453f,-0.1433f,-1.0434f,0.0243f,0f,0f,0f,1f],start_interpolation: 0,interpolation_duration: 1}
$data merge entity $(bone_neck7) {transformation: [-1.0464f,0.0555f,0.1283f,-0.1221f,0f,0.969f,-0.4189f,1.766f,-0.1398f,-0.4153f,-0.9604f,0.4203f,0f,0f,0f,1f],start_interpolation: 0,interpolation_duration: 1}
$data merge entity $(bone_neck6) {transformation: [-1.0404f,0.036f,0.1342f,-0.1528f,0f,1.0139f,-0.2717f,0.8677f,-0.139f,-0.2693f,-1.005f,0.6497f,0f,0f,0f,1f],start_interpolation: 0,interpolation_duration: 1}
$data merge entity $(bone_neck_spine6) {transformation: [-1.2686f,0.0269f,-0.0996f,0.223f,-0.1022f,-0.1567f,1.259f,0.7092f,0.0144f,1.2628f,0.1583f,-1.9901f,0f,0f,0f,1f],start_interpolation: 0,interpolation_duration: 1}
$data merge entity $(bone_neck_spine7) {transformation: [-0.8476f,0.4222f,-0.3216f,-0.6089f,-0.2027f,0.3025f,0.9314f,1.0685f,0.4905f,0.8546f,-0.1708f,-5.4733f,0f,0f,0f,1f],start_interpolation: 0,interpolation_duration: 1}
$data merge entity $(bone_tail6) {transformation: [-0.9352f,0.8943f,-1.1362f,-2.6472f,-0.8121f,0.7947f,1.2939f,-0.878f,1.1963f,1.2386f,-0.0099f,-8.3125f,0f,0f,0f,1f],start_interpolation: 0,interpolation_duration: 1}
$data merge entity $(bone_tail5) {transformation: [-0.7726f,0.7387f,-0.9386f,-2.1806f,-0.6708f,0.6565f,1.0689f,-0.4634f,0.9883f,1.0232f,-0.0082f,-7.6663f,0f,0f,0f,1f],start_interpolation: 0,interpolation_duration: 1}
$data merge entity $(bone_tail4) {transformation: [-0.5693f,0.5443f,-0.6916f,-1.9473f,-0.4943f,0.4837f,0.7876f,-0.256f,0.7282f,0.7539f,-0.006f,-7.3432f,0f,0f,0f,1f],start_interpolation: 0,interpolation_duration: 1}
$data merge entity $(bone_segment18) {transformation: [-0.5431f,0.5193f,-0.6598f,-1.6557f,-0.4716f,0.4615f,0.7514f,0.0031f,0.6947f,0.7193f,-0.0057f,-6.9393f,0f,0f,0f,1f],start_interpolation: 0,interpolation_duration: 1}
$data merge entity $(bone_segment17) {transformation: [-0.5431f,0.5193f,-0.6598f,-1.2766f,-0.4716f,0.4615f,0.7514f,0.34f,0.6947f,0.7193f,-0.0057f,-6.4143f,0f,0f,0f,1f],start_interpolation: 0,interpolation_duration: 1}
$data merge entity $(bone_segment16) {transformation: [-0.6842f,0.6498f,-0.331f,-0.6563f,-0.1815f,0.2879f,0.9403f,0.6148f,0.7063f,0.7035f,-0.0791f,-5.7427f,0f,0f,0f,1f],start_interpolation: 0,interpolation_duration: 1}
$data merge entity $(bone_segment15) {transformation: [-0.8476f,0.491f,-0.2013f,-0.0774f,-0.2027f,0.0511f,0.9779f,0.6751f,0.4905f,0.8697f,0.0562f,-4.7172f,0f,0f,0f,1f],start_interpolation: 0,interpolation_duration: 1}
$data merge entity $(bone_segment14) {transformation: [-1.0083f,0.2717f,-0.09f,0.2283f,-0.1526f,-0.2314f,1.0109f,0.4148f,0.2422f,0.9855f,0.2622f,-3.6085f,0f,0f,0f,1f],start_interpolation: 0,interpolation_duration: 1}
$data merge entity $(bone_segment13) {transformation: [-1.0223f,0.0353f,-0.0753f,0.2729f,-0.0823f,-0.3005f,0.9772f,0.0261f,0.0116f,0.9801f,0.3024f,-2.4364f,0f,0f,0f,1f],start_interpolation: 0,interpolation_duration: 1}
$data merge entity $(bone_segment12) {transformation: [-1.107f,-0.1065f,-0.0874f,0.1443f,-0.0735f,-0.1423f,1.104f,-0.1459f,-0.1165f,1.1013f,0.1342f,-1.106f,0f,0f,0f,1f],start_interpolation: 0,interpolation_duration: 1}
$data merge entity $(bone_segment11) {transformation: [-1.1767f,-0.1778f,-0.0313f,-0.0555f,-0.09f,0.3987f,1.1181f,0.3153f,-0.1565f,1.1075f,-0.4075f,0.1747f,0f,0f,0f,1f],start_interpolation: 0,interpolation_duration: 1}
$data merge entity $(bone_segment10) {transformation: [-1.04f,-0.1058f,0.0764f,-0.1632f,-0.0504f,0.8918f,0.5485f,1.2283f,-0.1204f,0.5406f,-0.8899f,0.7281f,0f,0f,0f,1f],start_interpolation: 0,interpolation_duration: 1}
data modify entity @s data merge value {"cameras":{},"locators":{"mouth":{"px":-0.4091234014792382,"py":4.01008265119078,"pz":3.984885008607575,"ry":185.38636619314946,"rx":73.96813051725898}}}
function animated_java:gyarados/animations/surfacewater_swim/zzz/frames/on_tick/transform_floating_entities