# This file was generated by Animated Java via MC-Build. It is not recommended to edit this file directly.
$data merge entity $(bone_neck_spine5) {transformation: [-1.5697f,-0.0472f,0.077f,0.2034f,-0.0448f,1.5709f,0.0482f,4.2059f,-0.0784f,0.0459f,-1.5696f,-0.7709f,0f,0f,0f,1f],start_interpolation: 0,interpolation_duration: 1}
$data merge entity $(bone_neck_spine2) {transformation: [-1.4949f,-0.0402f,0.076f,-0.0328f,-0.0427f,1.496f,-0.0488f,5.815f,-0.0746f,-0.0509f,-1.4947f,0.787f,0f,0f,0f,1f],start_interpolation: 0,interpolation_duration: 1}
$data merge entity $(bone_scale_neck_left1) {transformation: [-1.6026f,0.3472f,0.156f,0.7779f,0.3787f,1.5221f,0.5029f,4.9354f,-0.0381f,0.5251f,-1.5607f,0.8232f,0f,0f,0f,1f],start_interpolation: 0,interpolation_duration: 1}
$data merge entity $(bone_scale_neck_right1) {transformation: [-1.5742f,-0.4838f,-0.0282f,-0.7917f,-0.4695f,1.4983f,0.4976f,4.8905f,-0.1205f,0.4836f,-1.5699f,0.7448f,0f,0f,0f,1f],start_interpolation: 0,interpolation_duration: 1}
$data merge entity $(bone_blush_right1) {transformation: [-0.9994f,-0.0331f,-0.0063f,-0.6769f,-0.0336f,0.9926f,0.1167f,4.5647f,0.0024f,0.1168f,-0.9932f,2.1838f,0f,0f,0f,1f],start_interpolation: 0,interpolation_duration: 1}
$data merge entity $(bone_blush_left1) {transformation: [-0.9994f,-0.0331f,-0.0063f,0.6475f,-0.0336f,0.9926f,0.1167f,4.6093f,0.0024f,0.1168f,-0.9932f,2.1806f,0f,0f,0f,1f],start_interpolation: 0,interpolation_duration: 1}
$data merge entity $(bone_left_head_scales) {transformation: [-0.8836f,-0.0331f,-0.4671f,0.6321f,-0.0837f,0.9926f,0.088f,5.3801f,0.4607f,0.1168f,-0.8798f,1.8755f,0f,0f,0f,1f],start_interpolation: 0,interpolation_duration: 1}
$data merge entity $(bone_left_head_scales2) {transformation: [-0.8151f,-0.0331f,-0.5784f,0.6629f,-0.0945f,0.9926f,0.0763f,4.4687f,0.5716f,0.1168f,-0.8122f,1.9379f,0f,0f,0f,1f],start_interpolation: 0,interpolation_duration: 1}
$data merge entity $(bone_left_head_scales1) {transformation: [-0.9994f,-0.0331f,-0.0063f,0.6358f,-0.0336f,0.9926f,0.1167f,5.2686f,0.0024f,0.1168f,-0.9932f,1.8624f,0f,0f,0f,1f],start_interpolation: 0,interpolation_duration: 1}
$data merge entity $(bone_right_head_scales) {transformation: [-0.8894f,-0.0331f,0.4559f,-0.7148f,0.024f,0.9926f,0.119f,5.3348f,-0.4565f,0.1168f,-0.882f,1.8787f,0f,0f,0f,1f],start_interpolation: 0,interpolation_duration: 1}
$data merge entity $(bone_right_head_scales2) {transformation: [-0.8223f,-0.0331f,0.5681f,-0.684f,0.0394f,0.9926f,0.1149f,4.4233f,-0.5677f,0.1168f,-0.8149f,1.9411f,0f,0f,0f,1f],start_interpolation: 0,interpolation_duration: 1}
$data merge entity $(bone_right_head_scales1) {transformation: [-0.9994f,-0.0331f,-0.0063f,-0.7111f,-0.0336f,0.9926f,0.1167f,5.2233f,0.0024f,0.1168f,-0.9932f,1.8656f,0f,0f,0f,1f],start_interpolation: 0,interpolation_duration: 1}
$data merge entity $(bone_head_left_fin1) {transformation: [-0.7312f,-0.0132f,-0.7509f,0.6492f,0.156f,1.0225f,-0.1699f,4.8604f,0.7346f,-0.2303f,-0.7113f,1.7295f,0f,0f,0f,1f],start_interpolation: 0,interpolation_duration: 1}
$data merge entity $(bone_head_right_fin1) {transformation: [-0.7226f,-0.0566f,0.7572f,-0.6977f,-0.2049f,1.021f,-0.1192f,4.8151f,-0.7311f,-0.2302f,-0.7149f,1.7328f,0f,0f,0f,1f],start_interpolation: 0,interpolation_duration: 1}
$data merge entity $(bone_right_whisker16) {transformation: [0.2651f,0.9452f,-0.1907f,-1.1897f,0.9393f,-0.2978f,-0.1702f,2.1143f,-0.2177f,-0.134f,-0.9668f,2.0561f,0f,0f,0f,1f],start_interpolation: 0,interpolation_duration: 1}
$data merge entity $(bone_right_whisker15) {transformation: [-0.9025f,0.3862f,-0.1907f,-0.8857f,0.4179f,0.8924f,-0.1702f,1.9735f,0.1044f,-0.2333f,-0.9668f,2.0209f,0f,0f,0f,1f],start_interpolation: 0,interpolation_duration: 1}
$data merge entity $(bone_right_whisker14) {transformation: [-0.7314f,-0.6547f,-0.1907f,-0.6392f,-0.6322f,0.7559f,-0.1702f,2.1865f,0.2556f,-0.0039f,-0.9668f,1.9348f,0f,0f,0f,1f],start_interpolation: 0,interpolation_duration: 1}
$data merge entity $(bone_right_whisker13) {transformation: [-0.0709f,-0.9968f,0.0381f,-0.6154f,-0.997f,0.072f,0.0278f,2.5224f,-0.0304f,-0.036f,-0.9989f,1.945f,0f,0f,0f,1f],start_interpolation: 0,interpolation_duration: 1}
$data merge entity $(bone_right_whisker12) {transformation: [0.113f,-0.9922f,0.0525f,-0.6661f,-0.9652f,-0.0971f,0.2429f,2.956f,-0.2359f,-0.0781f,-0.9686f,2.051f,0f,0f,0f,1f],start_interpolation: 0,interpolation_duration: 1}
$data merge entity $(bone_right_whisker11) {transformation: [0.3046f,-0.9488f,0.0841f,-0.803f,-0.949f,-0.3099f,-0.0586f,3.3823f,0.0816f,-0.0619f,-0.9947f,2.0143f,0f,0f,0f,1f],start_interpolation: 0,interpolation_duration: 1}
$data merge entity $(bone_right_whisker10) {transformation: [0.0566f,-0.9791f,0.1955f,-0.8284f,-0.9489f,-0.1137f,-0.2945f,3.8086f,0.3106f,-0.1688f,-0.9354f,1.8748f,0f,0f,0f,1f],start_interpolation: 0,interpolation_duration: 1}
$data merge entity $(bone_right_whisker1) {transformation: [-0.3212f,-0.9324f,0.1654f,-0.6841f,-0.9469f,0.319f,-0.041f,4.2339f,-0.0145f,-0.1697f,-0.9854f,1.8813f,0f,0f,0f,1f],start_interpolation: 0,interpolation_duration: 1}
$data merge entity $(bone_left_whisker16) {transformation: [0.2501f,-0.8814f,0.4008f,1.1973f,-0.9287f,-0.3354f,-0.1581f,2.1634f,0.2737f,-0.3327f,-0.9024f,2.3158f,0f,0f,0f,1f],start_interpolation: 0,interpolation_duration: 1}
$data merge entity $(bone_left_whisker15) {transformation: [-0.8412f,-0.363f,0.4008f,0.9139f,-0.4537f,0.877f,-0.1581f,2.0105f,-0.2941f,-0.3148f,-0.9024f,2.2167f,0f,0f,0f,1f],start_interpolation: 0,interpolation_duration: 1}
$data merge entity $(bone_left_whisker14) {transformation: [-0.6845f,0.609f,0.4008f,0.6833f,0.6031f,0.7819f,-0.1581f,2.2137f,-0.4096f,0.1335f,-0.9024f,2.0787f,0f,0f,0f,1f],start_interpolation: 0,interpolation_duration: 1}
$data merge entity $(bone_left_whisker13) {transformation: [-0.1162f,0.9774f,0.1764f,0.6441f,0.9932f,0.1125f,0.0306f,2.5483f,0.01f,0.1788f,-0.9838f,2.082f,0f,0f,0f,1f],start_interpolation: 0,interpolation_duration: 1}
$data merge entity $(bone_left_whisker12) {transformation: [0.0204f,0.9889f,0.1471f,0.6533f,0.9679f,-0.0564f,0.2448f,2.9831f,0.2504f,0.1374f,-0.9583f,2.1945f,0f,0f,0f,1f],start_interpolation: 0,interpolation_duration: 1}
$data merge entity $(bone_left_whisker11) {transformation: [0.2762f,0.9517f,0.1342f,0.7774f,0.9609f,-0.2708f,-0.0576f,3.4148f,-0.0184f,0.1448f,-0.9893f,2.1863f,0f,0f,0f,1f],start_interpolation: 0,interpolation_duration: 1}
$data merge entity $(bone_left_whisker10) {transformation: [0.0835f,0.9963f,0.0223f,0.8149f,0.9517f,-0.0731f,-0.2981f,3.8423f,-0.2954f,0.0461f,-0.9543f,2.0536f,0f,0f,0f,1f],start_interpolation: 0,interpolation_duration: 1}
$data merge entity $(bone_left_whisker1) {transformation: [-0.3551f,0.9334f,0.0521f,0.6554f,0.933f,0.3573f,-0.0433f,4.2614f,-0.059f,0.0332f,-0.9977f,2.0271f,0f,0f,0f,1f],start_interpolation: 0,interpolation_duration: 1}
$data merge entity $(bone_upper_left_tooth1) {transformation: [-0.9994f,-0.0335f,-0.0034f,0.2956f,-0.0336f,0.999f,0.0297f,4.6038f,0.0024f,0.0298f,-0.9996f,2.9407f,0f,0f,0f,1f],start_interpolation: 0,interpolation_duration: 1}
$data merge entity $(bone_upper_right_tooth1) {transformation: [-0.9994f,-0.0335f,-0.0034f,-0.3779f,-0.0336f,0.999f,0.0297f,4.5811f,0.0024f,0.0298f,-0.9996f,2.9423f,0f,0f,0f,1f],start_interpolation: 0,interpolation_duration: 1}
$data merge entity $(bone_top_lip1) {transformation: [-0.9994f,-0.0308f,0.0137f,-0.0172f,-0.0336f,0.8827f,-0.4688f,4.7168f,0.0024f,-0.469f,-0.8832f,2.9451f,0f,0f,0f,1f],start_interpolation: 0,interpolation_duration: 1}
$data merge entity $(bone_muzzle1) {transformation: [-0.9994f,-0.0335f,-0.0034f,-0.0248f,-0.0336f,0.999f,0.0297f,4.9018f,0.0024f,0.0298f,-0.9996f,2.3889f,0f,0f,0f,1f],start_interpolation: 0,interpolation_duration: 1}
$data merge entity $(bone_jaw_right_tooth1) {transformation: [-0.9994f,-0.0308f,0.0136f,-0.3697f,-0.0336f,0.8831f,-0.468f,4.343f,0.0024f,-0.4682f,-0.8836f,2.995f,0f,0f,0f,1f],start_interpolation: 0,interpolation_duration: 1}
$data merge entity $(bone_jaw_left_tooth1) {transformation: [-0.9994f,-0.0308f,0.0136f,0.3598f,-0.0336f,0.8831f,-0.468f,4.3676f,0.0024f,-0.4682f,-0.8836f,2.9933f,0f,0f,0f,1f],start_interpolation: 0,interpolation_duration: 1}
$data merge entity $(bone_tongue1) {transformation: [-0.9994f,-0.0335f,-0.0035f,-0.0077f,-0.0336f,0.9989f,0.0327f,4.3814f,0.0024f,0.0328f,-0.9995f,2.2022f,0f,0f,0f,1f],start_interpolation: 0,interpolation_duration: 1}
$data merge entity $(bone_jaw_lips1) {transformation: [-0.9994f,-0.0335f,-0.0035f,0.0559f,-0.0336f,0.9989f,0.0327f,4.225f,0.0024f,0.0328f,-0.9995f,3.0958f,0f,0f,0f,1f],start_interpolation: 0,interpolation_duration: 1}
$data merge entity $(bone_jaw3) {transformation: [-0.9994f,-0.0327f,0.0081f,0.0659f,-0.0336f,0.951f,-0.3075f,3.8686f,0.0024f,-0.3076f,-0.9515f,2.2669f,0f,0f,0f,1f],start_interpolation: 0,interpolation_duration: 1}
$data merge entity $(bone_jaw1) {transformation: [-0.9994f,-0.0288f,-0.0174f,0.0502f,-0.0336f,0.8899f,0.455f,4.2774f,0.0024f,0.4553f,-0.8903f,1.467f,0f,0f,0f,1f],start_interpolation: 0,interpolation_duration: 1}
$data merge entity $(bone_tear_right1) {transformation: [-0.9994f,-0.0331f,-0.0063f,-0.6332f,-0.0336f,0.9926f,0.1167f,4.945f,0.0024f,0.1168f,-0.9932f,2.33f,0f,0f,0f,1f],start_interpolation: 0,interpolation_duration: 1}
$data merge entity $(bone_right_pupil1) {transformation: [-0.9994f,-0.0331f,-0.0063f,-0.4513f,-0.0336f,0.9926f,0.1167f,5.0548f,0.0024f,0.1168f,-0.9932f,2.4096f,0f,0f,0f,1f],start_interpolation: 0,interpolation_duration: 1}
$data merge entity $(bone_right_sad_pupil1) {transformation: [-0.9994f,-0.0331f,-0.0063f,-0.4513f,-0.0336f,0.9926f,0.1167f,5.0561f,0.0024f,0.1168f,-0.9932f,2.3984f,0f,0f,0f,1f],start_interpolation: 0,interpolation_duration: 1}
$data merge entity $(bone_right_happy_pupil1) {transformation: [-0.9994f,-0.0331f,-0.0063f,-0.4785f,-0.0336f,0.9926f,0.1167f,5.0273f,0.0024f,0.1168f,-0.9932f,2.3952f,0f,0f,0f,1f],start_interpolation: 0,interpolation_duration: 1}
$data merge entity $(bone_eyelid_right1) {transformation: [-0.9994f,-0.0331f,-0.0063f,-0.0209f,-0.0336f,0.9926f,0.1167f,5.0805f,0.0024f,0.1168f,-0.9932f,1.8331f,0f,0f,0f,1f],start_interpolation: 0,interpolation_duration: 1}
$data merge entity $(bone_eyelid_expressions_right5) {transformation: [-0.9994f,-0.0331f,-0.0063f,-0.5841f,-0.0336f,0.9926f,0.1167f,5.1633f,0.0024f,0.1168f,-0.9932f,2.4118f,0f,0f,0f,1f],start_interpolation: 0,interpolation_duration: 1}
$data merge entity $(bone_eyelid_expressions_right7) {transformation: [-0.9994f,-0.0331f,-0.0063f,-0.2474f,-0.0336f,0.9926f,0.1167f,5.1746f,0.0024f,0.1168f,-0.9932f,2.411f,0f,0f,0f,1f],start_interpolation: 0,interpolation_duration: 1}
$data merge entity $(bone_eyelid_expressions_right6) {transformation: [-0.9994f,-0.0331f,-0.0063f,-0.3597f,-0.0336f,0.9926f,0.1167f,5.1708f,0.0024f,0.1168f,-0.9932f,2.4113f,0f,0f,0f,1f],start_interpolation: 0,interpolation_duration: 1}
$data merge entity $(bone_right_eye1) {transformation: [-0.9994f,-0.0331f,-0.0063f,-0.0321f,-0.0336f,0.9926f,0.1167f,5.0788f,0.0024f,0.1168f,-0.9932f,1.8443f,0f,0f,0f,1f],start_interpolation: 0,interpolation_duration: 1}
$data merge entity $(bone_tear_left1) {transformation: [-0.9994f,-0.0331f,-0.0063f,0.579f,-0.0336f,0.9926f,0.1167f,4.9858f,0.0024f,0.1168f,-0.9932f,2.3271f,0f,0f,0f,1f],start_interpolation: 0,interpolation_duration: 1}
$data merge entity $(bone_left_sad_pupil1) {transformation: [-0.9994f,-0.0331f,-0.0063f,0.3905f,-0.0336f,0.9926f,0.1167f,5.0845f,0.0024f,0.1168f,-0.9932f,2.3964f,0f,0f,0f,1f],start_interpolation: 0,interpolation_duration: 1}
$data merge entity $(bone_left_pupil1) {transformation: [-0.9994f,-0.0331f,-0.0063f,0.3905f,-0.0336f,0.9926f,0.1167f,5.0831f,0.0024f,0.1168f,-0.9932f,2.4075f,0f,0f,0f,1f],start_interpolation: 0,interpolation_duration: 1}
$data merge entity $(bone_eyelid_left1) {transformation: [-0.9994f,-0.0331f,-0.0063f,-0.0434f,-0.0336f,0.9926f,0.1167f,5.0797f,0.0024f,0.1168f,-0.9932f,1.8332f,0f,0f,0f,1f],start_interpolation: 0,interpolation_duration: 1}
$data merge entity $(bone_left_happy_pupil1) {transformation: [-0.9994f,-0.0331f,-0.0063f,0.4194f,-0.0336f,0.9926f,0.1167f,5.0575f,0.0024f,0.1168f,-0.9932f,2.393f,0f,0f,0f,1f],start_interpolation: 0,interpolation_duration: 1}
$data merge entity $(bone_eyelid_expressions_left5) {transformation: [-0.9994f,-0.0331f,-0.0063f,0.5158f,-0.0336f,0.9926f,0.1167f,5.2003f,0.0024f,0.1168f,-0.9932f,2.4092f,0f,0f,0f,1f],start_interpolation: 0,interpolation_duration: 1}
$data merge entity $(bone_eyelid_expressions_left7) {transformation: [-0.9994f,-0.0331f,-0.0063f,0.1791f,-0.0336f,0.9926f,0.1167f,5.1889f,0.0024f,0.1168f,-0.9932f,2.41f,0f,0f,0f,1f],start_interpolation: 0,interpolation_duration: 1}
$data merge entity $(bone_eyelid_expressions_left6) {transformation: [-0.9994f,-0.0331f,-0.0063f,0.2913f,-0.0336f,0.9926f,0.1167f,5.1927f,0.0024f,0.1168f,-0.9932f,2.4097f,0f,0f,0f,1f],start_interpolation: 0,interpolation_duration: 1}
$data merge entity $(bone_left_eye1) {transformation: [-0.9994f,-0.0331f,-0.0063f,-0.0321f,-0.0336f,0.9926f,0.1167f,5.0788f,0.0024f,0.1168f,-0.9932f,1.8443f,0f,0f,0f,1f],start_interpolation: 0,interpolation_duration: 1}
$data merge entity $(bone_crest_middle5) {transformation: [-0.9994f,-0.0337f,0.001f,-0.0749f,-0.0336f,0.9943f,-0.1009f,6.3986f,0.0024f,-0.1009f,-0.9949f,2.4797f,0f,0f,0f,1f],start_interpolation: 0,interpolation_duration: 1}
$data merge entity $(bone_crest_middle4) {transformation: [-0.9994f,-0.0337f,0.001f,-0.0522f,-0.0336f,0.9943f,-0.1009f,5.7286f,0.0024f,-0.1009f,-0.9949f,2.5477f,0f,0f,0f,1f],start_interpolation: 0,interpolation_duration: 1}
$data merge entity $(bone_crest_middle1) {transformation: [-0.9994f,-0.0337f,0.001f,-0.0353f,-0.0336f,0.9943f,-0.1009f,5.2346f,0.0024f,-0.1009f,-0.9949f,2.6825f,0f,0f,0f,1f],start_interpolation: 0,interpolation_duration: 1}
$data merge entity $(bone_crest_left5) {transformation: [-0.5091f,-0.8542f,0.1061f,-1.157f,-0.8552f,0.5159f,0.0498f,5.7134f,-0.0972f,-0.0654f,-0.9931f,2.5056f,0f,0f,0f,1f],start_interpolation: 0,interpolation_duration: 1}
$data merge entity $(bone_crest_left4) {transformation: [-0.5091f,-0.8542f,0.1061f,-0.6773f,-0.8552f,0.5159f,0.0498f,5.4237f,-0.0972f,-0.0654f,-0.9931f,2.5423f,0f,0f,0f,1f],start_interpolation: 0,interpolation_duration: 1}
$data merge entity $(bone_crest_left1) {transformation: [-0.5091f,-0.8542f,0.1061f,-0.1438f,-0.8552f,0.5159f,0.0498f,5.1078f,-0.0972f,-0.0654f,-0.9931f,2.5269f,0f,0f,0f,1f],start_interpolation: 0,interpolation_duration: 1}
$data merge entity $(bone_crest_center1) {transformation: [-0.9994f,-0.0331f,-0.0063f,-0.0306f,-0.0336f,0.9926f,0.1167f,5.0838f,0.0024f,0.1168f,-0.9932f,2.5234f,0f,0f,0f,1f],start_interpolation: 0,interpolation_duration: 1}
$data merge entity $(bone_crest_right5) {transformation: [-0.5649f,0.8172f,-0.114f,1.0508f,0.8191f,0.5721f,0.0424f,5.7876f,0.0998f,-0.0694f,-0.9926f,2.5003f,0f,0f,0f,1f],start_interpolation: 0,interpolation_duration: 1}
$data merge entity $(bone_crest_right4) {transformation: [-0.5649f,0.8172f,-0.114f,0.5919f,0.8191f,0.5721f,0.0424f,5.4664f,0.0998f,-0.0694f,-0.9926f,2.5392f,0f,0f,0f,1f],start_interpolation: 0,interpolation_duration: 1}
$data merge entity $(bone_crest_right1) {transformation: [-0.5649f,0.8172f,-0.114f,0.0807f,0.8191f,0.5721f,0.0424f,5.1154f,0.0998f,-0.0694f,-0.9926f,2.5264f,0f,0f,0f,1f],start_interpolation: 0,interpolation_duration: 1}
$data merge entity $(bone_head1) {transformation: [-1.0476f,-0.0347f,-0.0066f,-0.0341f,-0.0352f,1.0404f,0.1223f,5.0951f,0.0025f,0.1224f,-1.041f,1.2243f,0f,0f,0f,1f],start_interpolation: 0,interpolation_duration: 1}
$data merge entity $(bone_neck10) {transformation: [-1.4949f,-0.0498f,0.0701f,0.0308f,-0.0427f,1.4896f,0.1468f,4.7528f,-0.0746f,0.1446f,-1.4885f,0.1204f,0f,0f,0f,1f],start_interpolation: 0,interpolation_duration: 1}
$data merge entity $(bone_neck9) {transformation: [-1.1436f,-0.0477f,0.0453f,0.0894f,-0.0327f,1.0964f,0.3301f,3.3393f,-0.0571f,0.3283f,-1.096f,-0.2443f,0f,0f,0f,1f],start_interpolation: 0,interpolation_duration: 1}
$data merge entity $(bone_neck8) {transformation: [-1.0614f,-0.015f,0.0591f,0.0987f,-0.0298f,1.0263f,-0.2758f,2.5822f,-0.0531f,-0.277f,-1.025f,-0.0054f,0f,0f,0f,1f],start_interpolation: 0,interpolation_duration: 1}
$data merge entity $(bone_neck7) {transformation: [-1.0535f,0.0288f,0.0604f,0.0714f,0f,0.9531f,-0.4539f,1.7294f,-0.0669f,-0.453f,-0.9512f,0.4246f,0f,0f,0f,1f],start_interpolation: 0,interpolation_duration: 1}
$data merge entity $(bone_neck6) {transformation: [-1.0476f,0.0172f,0.0642f,0.0568f,0f,1.0139f,-0.2717f,0.8312f,-0.0665f,-0.2711f,-1.0119f,0.6556f,0f,0f,0f,1f],start_interpolation: 0,interpolation_duration: 1}
$data merge entity $(bone_neck_spine6) {transformation: [-1.2233f,0.2775f,0.2156f,0.1565f,0.1401f,-0.3308f,1.221f,0.5703f,0.3222f,1.1973f,0.2873f,-1.8919f,0f,0f,0f,1f],start_interpolation: 0,interpolation_duration: 1}
$data merge entity $(bone_neck_spine7) {transformation: [-0.9389f,0.3297f,0.0983f,-0.7816f,0.0701f,-0.0964f,0.9929f,1.8014f,0.3369f,0.9391f,0.0674f,-5.1231f,0f,0f,0f,1f],start_interpolation: 0,interpolation_duration: 1}
$data merge entity $(bone_tail6) {transformation: [-1.565f,0.325f,0.6405f,-1.5421f,0.6117f,-0.2016f,1.597f,2.0897f,0.3764f,1.679f,0.0677f,-8.9851f,0f,0f,0f,1f],start_interpolation: 0,interpolation_duration: 1}
$data merge entity $(bone_tail5) {transformation: [-1.2929f,0.2685f,0.5291f,-1.3725f,0.5054f,-0.1665f,1.3193f,1.9845f,0.311f,1.387f,0.0559f,-8.1091f,0f,0f,0f,1f],start_interpolation: 0,interpolation_duration: 1}
$data merge entity $(bone_tail4) {transformation: [-0.9526f,0.1979f,0.3899f,-1.2877f,0.3724f,-0.1227f,0.9721f,1.9319f,0.2291f,1.022f,0.0412f,-7.6711f,0f,0f,0f,1f],start_interpolation: 0,interpolation_duration: 1}
$data merge entity $(bone_segment18) {transformation: [-0.9089f,0.1888f,0.372f,-1.1817f,0.3553f,-0.1171f,0.9274f,1.8662f,0.2186f,0.975f,0.0393f,-7.1236f,0f,0f,0f,1f],start_interpolation: 0,interpolation_duration: 1}
$data merge entity $(bone_segment17) {transformation: [-0.9089f,0.1888f,0.372f,-1.0439f,0.3553f,-0.1171f,0.9274f,1.7808f,0.2186f,0.975f,0.0393f,-6.4119f,0f,0f,0f,1f],start_interpolation: 0,interpolation_duration: 1}
$data merge entity $(bone_segment16) {transformation: [-0.9784f,0.1038f,0.1787f,-0.9449f,0.1381f,-0.315f,0.939f,1.4801f,0.1537f,0.9434f,0.2939f,-5.5113f,0f,0f,0f,1f],start_interpolation: 0,interpolation_duration: 1}
$data merge entity $(bone_segment15) {transformation: [-0.9389f,0.2931f,0.1802f,-0.5993f,0.0701f,-0.3501f,0.9341f,1.0673f,0.3369f,0.8897f,0.3082f,-4.4622f,0f,0f,0f,1f],start_interpolation: 0,interpolation_duration: 1}
$data merge entity $(bone_segment14) {transformation: [-0.9797f,0.2934f,0.2295f,-0.2692f,0.0657f,-0.4997f,0.9191f,0.5051f,0.3667f,0.8735f,0.4487f,-3.4796f,0f,0f,0f,1f],start_interpolation: 0,interpolation_duration: 1}
$data merge entity $(bone_segment13) {transformation: [-0.9859f,0.1901f,0.2099f,-0.046f,0.1129f,-0.4334f,0.9228f,-0.0421f,0.2597f,0.91f,0.3956f,-2.3944f,0f,0f,0f,1f],start_interpolation: 0,interpolation_duration: 1}
$data merge entity $(bone_segment12) {transformation: [-1.0984f,0.0994f,0.1674f,0.074f,0.1503f,-0.1771f,1.0911f,-0.256f,0.1238f,1.0969f,0.161f,-1.0692f,0f,0f,0f,1f],start_interpolation: 0,interpolation_duration: 1}
$data merge entity $(bone_segment11) {transformation: [-1.1861f,0.0172f,0.1004f,0.0879f,0.0996f,0.4444f,1.0999f,0.2581f,-0.0216f,1.1042f,-0.4442f,0.2068f,0f,0f,0f,1f],start_interpolation: 0,interpolation_duration: 1}
$data merge entity $(bone_segment10) {transformation: [-1.046f,-0.0309f,0.06f,0.0518f,0.0027f,0.912f,0.5167f,1.1917f,-0.0674f,0.5158f,-0.91f,0.7345f,0f,0f,0f,1f],start_interpolation: 0,interpolation_duration: 1}
data modify entity @s data merge value {"cameras":{},"locators":{"mouth":{"px":-0.01490428644109112,"py":4.699194607751368,"pz":3.6695040206701037,"ry":195.82620009709802,"rx":83.02579203193802}}}
function animated_java:gyarados/animations/surfacewater_swim/zzz/frames/on_tick/transform_floating_entities