# This file was generated by Animated Java via MC-Build. It is not recommended to edit this file directly.
$data merge entity $(bone_neck_spine5) {transformation: [-1.5574f,0.0065f,0.2153f,0.2163f,0.0025f,1.572f,-0.0295f,4.1688f,-0.2154f,-0.0289f,-1.5572f,-0.8289f,0f,0f,0f,1f],start_interpolation: 0,interpolation_duration: 1}
$data merge entity $(bone_neck_spine2) {transformation: [-1.4833f,0.0122f,0.2048f,-0.101f,0.0024f,1.4957f,-0.0717f,5.8357f,-0.2051f,-0.0707f,-1.4816f,0.6649f,0f,0f,0f,1f],start_interpolation: 0,interpolation_duration: 1}
$data merge entity $(bone_scale_neck_left1) {transformation: [-1.5802f,0.3484f,0.3078f,0.675f,0.4274f,1.5177f,0.4763f,4.9321f,-0.1829f,0.5368f,-1.5464f,0.7817f,0f,0f,0f,1f],start_interpolation: 0,interpolation_duration: 1}
$data merge entity $(bone_scale_neck_right1) {transformation: [-1.5718f,-0.4762f,0.125f,-0.8824f,-0.4223f,1.5191f,0.4766f,4.9346f,-0.2531f,0.4228f,-1.5717f,0.5664f,0f,0f,0f,1f],start_interpolation: 0,interpolation_duration: 1}
$data merge entity $(bone_blush_right1) {transformation: [-0.9987f,-0.0126f,0.0492f,-0.8699f,-0.0056f,0.9903f,0.139f,4.5888f,-0.0505f,0.1386f,-0.9891f,2.0201f,0f,0f,0f,1f],start_interpolation: 0,interpolation_duration: 1}
$data merge entity $(bone_blush_left1) {transformation: [-0.9987f,-0.0126f,0.0492f,0.4535f,-0.0056f,0.9903f,0.139f,4.5963f,-0.0505f,0.1386f,-0.9891f,2.0869f,0f,0f,0f,1f],start_interpolation: 0,interpolation_duration: 1}
$data merge entity $(bone_left_head_scales) {transformation: [-0.9086f,-0.0126f,-0.4175f,0.4749f,-0.0692f,0.9903f,0.1207f,5.3738f,0.4119f,0.1386f,-0.9006f,1.7999f,0f,0f,0f,1f],start_interpolation: 0,interpolation_duration: 1}
$data merge entity $(bone_left_head_scales2) {transformation: [-0.8463f,-0.0126f,-0.5325f,0.4779f,-0.0844f,0.9903f,0.1107f,4.4607f,0.526f,0.1386f,-0.8391f,1.842f,0f,0f,0f,1f],start_interpolation: 0,interpolation_duration: 1}
$data merge entity $(bone_left_head_scales1) {transformation: [-0.9987f,-0.0126f,0.0492f,0.4763f,-0.0056f,0.9903f,0.139f,5.2626f,-0.0505f,0.1386f,-0.9891f,1.7843f,0f,0f,0f,1f],start_interpolation: 0,interpolation_duration: 1}
$data merge entity $(bone_right_head_scales) {transformation: [-0.8632f,-0.0126f,0.5048f,-0.871f,0.0592f,0.9903f,0.1259f,5.3663f,-0.5015f,0.1386f,-0.854f,1.7319f,0f,0f,0f,1f],start_interpolation: 0,interpolation_duration: 1}
$data merge entity $(bone_right_head_scales2) {transformation: [-0.7899f,-0.0126f,0.6131f,-0.868f,0.0751f,0.9903f,0.1171f,4.4531f,-0.6086f,0.1386f,-0.7813f,1.774f,0f,0f,0f,1f],start_interpolation: 0,interpolation_duration: 1}
$data merge entity $(bone_right_head_scales1) {transformation: [-0.9987f,-0.0126f,0.0492f,-0.8696f,-0.0056f,0.9903f,0.139f,5.255f,-0.0505f,0.1386f,-0.9891f,1.7163f,0f,0f,0f,1f],start_interpolation: 0,interpolation_duration: 1}
$data merge entity $(bone_head_left_fin1) {transformation: [-0.7645f,0.0264f,-0.7166f,0.4858f,0.1599f,1.0274f,-0.1328f,4.8573f,0.6991f,-0.2062f,-0.7533f,1.6426f,0f,0f,0f,1f],start_interpolation: 0,interpolation_duration: 1}
$data merge entity $(bone_head_right_fin1) {transformation: [-0.6883f,-0.017f,0.7904f,-0.8602f,-0.1681f,1.0271f,-0.1243f,4.8497f,-0.7725f,-0.2084f,-0.6772f,1.5746f,0f,0f,0f,1f],start_interpolation: 0,interpolation_duration: 1}
$data merge entity $(bone_right_whisker16) {transformation: [0.2618f,0.9319f,-0.251f,-1.3846f,0.9507f,-0.2939f,-0.0995f,2.1272f,-0.1665f,-0.2126f,-0.9629f,1.8365f,0f,0f,0f,1f],start_interpolation: 0,interpolation_duration: 1}
$data merge entity $(bone_right_whisker15) {transformation: [-0.8898f,0.3812f,-0.251f,-1.0848f,0.4154f,0.9042f,-0.0995f,1.9873f,0.189f,-0.1928f,-0.9629f,1.7728f,0f,0f,0f,1f],start_interpolation: 0,interpolation_duration: 1}
$data merge entity $(bone_right_whisker14) {transformation: [-0.7215f,-0.6453f,-0.251f,-0.8417f,-0.6439f,0.7586f,-0.0995f,2.2042f,0.2546f,0.0898f,-0.9629f,1.687f,0f,0f,0f,1f],start_interpolation: 0,interpolation_duration: 1}
$data merge entity $(bone_right_whisker13) {transformation: [-0.0837f,-0.9962f,-0.0224f,-0.8135f,-0.9918f,0.0811f,0.0987f,2.5384f,-0.0966f,0.0305f,-0.9949f,1.7195f,0f,0f,0f,1f],start_interpolation: 0,interpolation_duration: 1}
$data merge entity $(bone_right_whisker12) {transformation: [0.0878f,-0.9961f,-0.0038f,-0.853f,-0.9466f,-0.0846f,0.3111f,2.9636f,-0.3102f,-0.0237f,-0.9504f,1.8588f,0f,0f,0f,1f],start_interpolation: 0,interpolation_duration: 1}
$data merge entity $(bone_right_whisker11) {transformation: [0.2985f,-0.9542f,0.0228f,-0.987f,-0.9544f,-0.2982f,0.012f,3.3923f,-0.0047f,-0.0253f,-0.9997f,1.8609f,0f,0f,0f,1f],start_interpolation: 0,interpolation_duration: 1}
$data merge entity $(bone_right_whisker10) {transformation: [0.0649f,-0.9887f,0.135f,-1.0162f,-0.969f,-0.0947f,-0.2283f,3.8276f,0.2385f,-0.116f,-0.9642f,1.7538f,0f,0f,0f,1f],start_interpolation: 0,interpolation_duration: 1}
$data merge entity $(bone_right_whisker1) {transformation: [-0.332f,-0.9374f,0.1047f,-0.867f,-0.9412f,0.3365f,0.0284f,4.2504f,-0.0618f,-0.0891f,-0.9941f,1.7816f,0f,0f,0f,1f],start_interpolation: 0,interpolation_duration: 1}
$data merge entity $(bone_left_whisker16) {transformation: [0.2559f,-0.9036f,0.3434f,1.0142f,-0.9476f,-0.3048f,-0.0959f,2.1416f,0.1914f,-0.3009f,-0.9343f,1.9518f,0f,0f,0f,1f],start_interpolation: 0,interpolation_duration: 1}
$data merge entity $(bone_left_whisker15) {transformation: [-0.8625f,-0.3717f,0.3434f,0.7236f,-0.4259f,0.8997f,-0.0959f,1.9981f,-0.2733f,-0.229f,-0.9343f,1.8597f,0f,0f,0f,1f],start_interpolation: 0,interpolation_duration: 1}
$data merge entity $(bone_left_whisker14) {transformation: [-0.7014f,0.6246f,0.3434f,0.4873f,0.6354f,0.7662f,-0.0959f,2.2121f,-0.3231f,0.1509f,-0.9343f,1.7509f,0f,0f,0f,1f],start_interpolation: 0,interpolation_duration: 1}
$data merge entity $(bone_left_whisker13) {transformation: [-0.1043f,0.9877f,0.1166f,0.4522f,0.9907f,0.0929f,0.0996f,2.5459f,0.0875f,0.1259f,-0.9882f,1.7804f,0f,0f,0f,1f],start_interpolation: 0,interpolation_duration: 1}
$data merge entity $(bone_left_whisker12) {transformation: [0.0463f,0.9947f,0.0913f,0.473f,0.9474f,-0.0727f,0.3116f,2.9715f,0.3166f,0.072f,-0.9458f,1.9226f,0f,0f,0f,1f],start_interpolation: 0,interpolation_duration: 1}
$data merge entity $(bone_left_whisker11) {transformation: [0.2852f,0.9557f,0.0731f,0.6011f,0.9579f,-0.2868f,0.0123f,3.4018f,0.0327f,0.0665f,-0.9972f,1.9373f,0f,0f,0f,1f],start_interpolation: 0,interpolation_duration: 1}
$data merge entity $(bone_left_whisker10) {transformation: [0.0759f,0.9963f,-0.0391f,0.6352f,0.9698f,-0.0829f,-0.2294f,3.8375f,-0.2318f,-0.0205f,-0.9726f,1.8332f,0f,0f,0f,1f],start_interpolation: 0,interpolation_duration: 1}
$data merge entity $(bone_left_whisker1) {transformation: [-0.3476f,0.9376f,-0.0091f,0.4791f,0.9372f,0.3477f,0.0277f,4.2585f,0.0291f,0.0011f,-0.9996f,1.8463f,0f,0f,0f,1f],start_interpolation: 0,interpolation_duration: 1}
$data merge entity $(bone_upper_left_tooth1) {transformation: [-0.9987f,-0.0082f,0.0501f,0.062f,-0.0056f,0.9986f,0.0522f,4.5836f,-0.0505f,0.0519f,-0.9974f,2.8273f,0f,0f,0f,1f],start_interpolation: 0,interpolation_duration: 1}
$data merge entity $(bone_upper_right_tooth1) {transformation: [-0.9987f,-0.0082f,0.0501f,-0.611f,-0.0056f,0.9986f,0.0522f,4.5798f,-0.0505f,0.0519f,-0.9974f,2.7933f,0f,0f,0f,1f],start_interpolation: 0,interpolation_duration: 1}
$data merge entity $(bone_top_lip1) {transformation: [-0.9987f,0.0167f,0.048f,-0.2475f,-0.0056f,0.9025f,-0.4306f,4.7052f,-0.0505f,-0.4304f,-0.9012f,2.8181f,0f,0f,0f,1f],start_interpolation: 0,interpolation_duration: 1}
$data merge entity $(bone_muzzle1) {transformation: [-0.9987f,-0.0082f,0.0501f,-0.2207f,-0.0056f,0.9986f,0.0522f,4.9027f,-0.0505f,0.0519f,-0.9974f,2.2668f,0f,0f,0f,1f],start_interpolation: 0,interpolation_duration: 1}
$data merge entity $(bone_jaw_right_tooth1) {transformation: [-0.9987f,0.0175f,0.0476f,-0.612f,-0.0056f,0.8945f,-0.4471f,4.3385f,-0.0505f,-0.4468f,-0.8932f,2.8407f,0f,0f,0f,1f],start_interpolation: 0,interpolation_duration: 1}
$data merge entity $(bone_jaw_left_tooth1) {transformation: [-0.9987f,0.0175f,0.0476f,0.117f,-0.0056f,0.8945f,-0.4471f,4.3426f,-0.0505f,-0.4468f,-0.8932f,2.8775f,0f,0f,0f,1f],start_interpolation: 0,interpolation_duration: 1}
$data merge entity $(bone_tongue1) {transformation: [-0.9987f,-0.0086f,0.05f,-0.2079f,-0.0056f,0.9983f,0.0586f,4.3874f,-0.0505f,0.0582f,-0.997f,2.0694f,0f,0f,0f,1f],start_interpolation: 0,interpolation_duration: 1}
$data merge entity $(bone_jaw_lips1) {transformation: [-0.9987f,-0.0086f,0.05f,-0.1956f,-0.0056f,0.9983f,0.0586f,4.2062f,-0.0505f,0.0582f,-0.997f,2.9605f,0f,0f,0f,1f],start_interpolation: 0,interpolation_duration: 1}
$data merge entity $(bone_jaw3) {transformation: [-0.9987f,0.009f,0.05f,-0.1515f,-0.0056f,0.9585f,-0.285f,3.8694f,-0.0505f,-0.2849f,-0.9572f,2.1245f,0f,0f,0f,1f],start_interpolation: 0,interpolation_duration: 1}
$data merge entity $(bone_jaw1) {transformation: [-0.9987f,-0.029f,0.0417f,-0.114f,-0.0056f,0.8793f,0.4763f,4.2973f,-0.0505f,0.4754f,-0.8783f,1.3354f,0f,0f,0f,1f],start_interpolation: 0,interpolation_duration: 1}
$data merge entity $(bone_tear_right1) {transformation: [-0.9987f,-0.0126f,0.0492f,-0.8238f,-0.0056f,0.9903f,0.139f,4.9643f,-0.0505f,0.1386f,-0.9891f,2.1773f,0f,0f,0f,1f],start_interpolation: 0,interpolation_duration: 1}
$data merge entity $(bone_right_pupil1) {transformation: [-0.9987f,-0.0126f,0.0492f,-0.6434f,-0.0056f,0.9903f,0.139f,5.0672f,-0.0505f,0.1386f,-0.9891f,2.2689f,0f,0f,0f,1f],start_interpolation: 0,interpolation_duration: 1}
$data merge entity $(bone_right_sad_pupil1) {transformation: [-0.9987f,-0.0126f,0.0492f,-0.6429f,-0.0056f,0.9903f,0.139f,5.0687f,-0.0505f,0.1386f,-0.9891f,2.2578f,0f,0f,0f,1f],start_interpolation: 0,interpolation_duration: 1}
$data merge entity $(bone_right_happy_pupil1) {transformation: [-0.9987f,-0.0126f,0.0492f,-0.6706f,-0.0056f,0.9903f,0.139f,5.0408f,-0.0505f,0.1386f,-0.9891f,2.2525f,0f,0f,0f,1f],start_interpolation: 0,interpolation_duration: 1}
$data merge entity $(bone_eyelid_right1) {transformation: [-0.9987f,-0.0126f,0.0492f,-0.1828f,-0.0056f,0.9903f,0.139f,5.0936f,-0.0505f,0.1386f,-0.9891f,1.7164f,0f,0f,0f,1f],start_interpolation: 0,interpolation_duration: 1}
$data merge entity $(bone_eyelid_expressions_right5) {transformation: [-0.9987f,-0.0126f,0.0492f,-0.7733f,-0.0056f,0.9903f,0.139f,5.1792f,-0.0505f,0.1386f,-0.9891f,2.2668f,0f,0f,0f,1f],start_interpolation: 0,interpolation_duration: 1}
$data merge entity $(bone_eyelid_expressions_right7) {transformation: [-0.9987f,-0.0126f,0.0492f,-0.4368f,-0.0056f,0.9903f,0.139f,5.1811f,-0.0505f,0.1386f,-0.9891f,2.2838f,0f,0f,0f,1f],start_interpolation: 0,interpolation_duration: 1}
$data merge entity $(bone_eyelid_expressions_right6) {transformation: [-0.9987f,-0.0126f,0.0492f,-0.549f,-0.0056f,0.9903f,0.139f,5.1805f,-0.0505f,0.1386f,-0.9891f,2.2782f,0f,0f,0f,1f],start_interpolation: 0,interpolation_duration: 1}
$data merge entity $(bone_right_eye1) {transformation: [-0.9987f,-0.0126f,0.0492f,-0.1945f,-0.0056f,0.9903f,0.139f,5.092f,-0.0505f,0.1386f,-0.9891f,1.727f,0f,0f,0f,1f],start_interpolation: 0,interpolation_duration: 1}
$data merge entity $(bone_tear_left1) {transformation: [-0.9987f,-0.0126f,0.0492f,0.3875f,-0.0056f,0.9903f,0.139f,4.9711f,-0.0505f,0.1386f,-0.9891f,2.2385f,0f,0f,0f,1f],start_interpolation: 0,interpolation_duration: 1}
$data merge entity $(bone_left_sad_pupil1) {transformation: [-0.9987f,-0.0126f,0.0492f,0.1983f,-0.0056f,0.9903f,0.139f,5.0735f,-0.0505f,0.1386f,-0.9891f,2.3003f,0f,0f,0f,1f],start_interpolation: 0,interpolation_duration: 1}
$data merge entity $(bone_left_pupil1) {transformation: [-0.9987f,-0.0126f,0.0492f,0.1978f,-0.0056f,0.9903f,0.139f,5.0719f,-0.0505f,0.1386f,-0.9891f,2.3114f,0f,0f,0f,1f],start_interpolation: 0,interpolation_duration: 1}
$data merge entity $(bone_eyelid_left1) {transformation: [-0.9987f,-0.0126f,0.0492f,-0.2052f,-0.0056f,0.9903f,0.139f,5.0935f,-0.0505f,0.1386f,-0.9891f,1.7153f,0f,0f,0f,1f],start_interpolation: 0,interpolation_duration: 1}
$data merge entity $(bone_left_happy_pupil1) {transformation: [-0.9987f,-0.0126f,0.0492f,0.2267f,-0.0056f,0.9903f,0.139f,5.0458f,-0.0505f,0.1386f,-0.9891f,2.2978f,0f,0f,0f,1f],start_interpolation: 0,interpolation_duration: 1}
$data merge entity $(bone_eyelid_expressions_left5) {transformation: [-0.9987f,-0.0126f,0.0492f,0.3259f,-0.0056f,0.9903f,0.139f,5.1854f,-0.0505f,0.1386f,-0.9891f,2.3224f,0f,0f,0f,1f],start_interpolation: 0,interpolation_duration: 1}
$data merge entity $(bone_eyelid_expressions_left7) {transformation: [-0.9987f,-0.0126f,0.0492f,-0.0106f,-0.0056f,0.9903f,0.139f,5.1835f,-0.0505f,0.1386f,-0.9891f,2.3054f,0f,0f,0f,1f],start_interpolation: 0,interpolation_duration: 1}
$data merge entity $(bone_eyelid_expressions_left6) {transformation: [-0.9987f,-0.0126f,0.0492f,0.1016f,-0.0056f,0.9903f,0.139f,5.1842f,-0.0505f,0.1386f,-0.9891f,2.311f,0f,0f,0f,1f],start_interpolation: 0,interpolation_duration: 1}
$data merge entity $(bone_left_eye1) {transformation: [-0.9987f,-0.0126f,0.0492f,-0.1945f,-0.0056f,0.9903f,0.139f,5.092f,-0.0505f,0.1386f,-0.9891f,1.727f,0f,0f,0f,1f],start_interpolation: 0,interpolation_duration: 1}
$data merge entity $(bone_crest_middle5) {transformation: [-0.9987f,-0.0016f,0.0507f,-0.2354f,-0.0056f,0.9969f,-0.0786f,6.398f,-0.0505f,-0.0788f,-0.9956f,2.3906f,0f,0f,0f,1f],start_interpolation: 0,interpolation_duration: 1}
$data merge entity $(bone_crest_middle4) {transformation: [-0.9987f,-0.0016f,0.0507f,-0.2343f,-0.0056f,0.9969f,-0.0786f,5.7262f,-0.0505f,-0.0788f,-0.9956f,2.4436f,0f,0f,0f,1f],start_interpolation: 0,interpolation_duration: 1}
$data merge entity $(bone_crest_middle1) {transformation: [-0.9987f,-0.0016f,0.0507f,-0.2377f,-0.0056f,0.9969f,-0.0786f,5.229f,-0.0505f,-0.0788f,-0.9956f,2.5673f,0f,0f,0f,1f],start_interpolation: 0,interpolation_duration: 1}
$data merge entity $(bone_crest_left5) {transformation: [-0.526f,-0.8354f,0.1596f,-1.3353f,-0.8382f,0.541f,0.069f,5.7429f,-0.144f,-0.0975f,-0.9848f,2.3437f,0f,0f,0f,1f],start_interpolation: 0,interpolation_duration: 1}
$data merge entity $(bone_crest_left4) {transformation: [-0.526f,-0.8354f,0.1596f,-0.8662f,-0.8382f,0.541f,0.069f,5.4392f,-0.144f,-0.0975f,-0.9848f,2.3984f,0f,0f,0f,1f],start_interpolation: 0,interpolation_duration: 1}
$data merge entity $(bone_crest_left1) {transformation: [-0.526f,-0.8354f,0.1596f,-0.3412f,-0.8382f,0.541f,0.069f,5.1089f,-0.144f,-0.0975f,-0.9848f,2.4033f,0f,0f,0f,1f],start_interpolation: 0,interpolation_duration: 1}
$data merge entity $(bone_crest_center1) {transformation: [-0.9987f,-0.0126f,0.0492f,-0.2287f,-0.0056f,0.9903f,0.139f,5.0817f,-0.0505f,0.1386f,-0.9891f,2.4051f,0f,0f,0f,1f],start_interpolation: 0,interpolation_duration: 1}
$data merge entity $(bone_crest_right5) {transformation: [-0.5472f,0.8348f,-0.0603f,0.8709f,0.8322f,0.5504f,0.0678f,5.7554f,0.0898f,-0.0131f,-0.9959f,2.4552f,0f,0f,0f,1f],start_interpolation: 0,interpolation_duration: 1}
$data merge entity $(bone_crest_right4) {transformation: [-0.5472f,0.8348f,-0.0603f,0.4021f,0.8322f,0.5504f,0.0678f,5.4463f,0.0898f,-0.0131f,-0.9959f,2.4625f,0f,0f,0f,1f],start_interpolation: 0,interpolation_duration: 1}
$data merge entity $(bone_crest_right1) {transformation: [-0.5472f,0.8348f,-0.0603f,-0.1169f,0.8322f,0.5504f,0.0678f,5.1102f,0.0898f,-0.0131f,-0.9959f,2.4147f,0f,0f,0f,1f],start_interpolation: 0,interpolation_duration: 1}
$data merge entity $(bone_head1) {transformation: [-1.0468f,-0.0132f,0.0516f,-0.1634f,-0.0059f,1.038f,0.1457f,5.1223f,-0.0529f,0.1453f,-1.0367f,1.1083f,0f,0f,0f,1f],start_interpolation: 0,interpolation_duration: 1}
$data merge entity $(bone_neck10) {transformation: [-1.4833f,-0.0146f,0.2046f,-0.0133f,0.0024f,1.4922f,0.1241f,4.7631f,-0.2051f,0.1233f,-1.4781f,0.0181f,0f,0f,0f,1f],start_interpolation: 0,interpolation_duration: 1}
$data merge entity $(bone_neck9) {transformation: [-1.1347f,-0.036f,0.1528f,0.0251f,0.0018f,1.1118f,0.2757f,3.3325f,-0.1569f,0.2733f,-1.1013f,-0.2762f,0f,0f,0f,1f],start_interpolation: 0,interpolation_duration: 1}
$data merge entity $(bone_neck8) {transformation: [-1.0534f,0.0361f,0.1391f,-0.0062f,-0.0052f,1.0187f,-0.3042f,2.582f,-0.1436f,-0.3021f,-1.0092f,-0.0191f,0f,0f,0f,1f],start_interpolation: 0,interpolation_duration: 1}
$data merge entity $(bone_neck7) {transformation: [-1.0456f,0.0643f,0.1301f,-0.0671f,0f,0.9464f,-0.4677f,1.7356f,-0.1451f,-0.4633f,-0.9374f,0.4199f,0f,0f,0f,1f],start_interpolation: 0,interpolation_duration: 1}
$data merge entity $(bone_neck6) {transformation: [-1.0397f,0.0373f,0.1394f,-0.0989f,0f,1.0139f,-0.2717f,0.8373f,-0.1443f,-0.2691f,-1.0043f,0.6491f,0f,0f,0f,1f],start_interpolation: 0,interpolation_duration: 1}
$data merge entity $(bone_neck_spine6) {transformation: [-1.2626f,0.1586f,0.0241f,0.2647f,-0.0003f,-0.1941f,1.2579f,0.4661f,0.1604f,1.2479f,0.1926f,-1.9021f,0f,0f,0f,1f],start_interpolation: 0,interpolation_duration: 1}
$data merge entity $(bone_neck_spine7) {transformation: [-0.8299f,0.5359f,-0.1553f,-0.8597f,-0.1576f,0.0419f,0.9866f,1.2696f,0.5352f,0.8433f,0.0497f,-5.1352f,0f,0f,0f,1f],start_interpolation: 0,interpolation_duration: 1}
$data merge entity $(bone_tail6) {transformation: [-1.2742f,1.0677f,-0.4491f,-3.2793f,-0.5715f,0.0013f,1.6244f,1.0891f,1.0075f,1.3511f,0.3533f,-8.2394f,0f,0f,0f,1f],start_interpolation: 0,interpolation_duration: 1}
$data merge entity $(bone_tail5) {transformation: [-1.0526f,0.882f,-0.371f,-2.7223f,-0.4721f,0.0011f,1.3419f,1.0898f,0.8323f,1.1161f,0.2919f,-7.5345f,0f,0f,0f,1f],start_interpolation: 0,interpolation_duration: 1}
$data merge entity $(bone_tail4) {transformation: [-0.7756f,0.6499f,-0.2734f,-2.4438f,-0.3478f,0.0008f,0.9888f,1.0901f,0.6133f,0.8224f,0.2151f,-7.182f,0f,0f,0f,1f],start_interpolation: 0,interpolation_duration: 1}
$data merge entity $(bone_segment18) {transformation: [-0.74f,0.62f,-0.2608f,-2.0956f,-0.3319f,0.0008f,0.9433f,1.0905f,0.5851f,0.7846f,0.2052f,-6.7414f,0f,0f,0f,1f],start_interpolation: 0,interpolation_duration: 1}
$data merge entity $(bone_segment17) {transformation: [-0.74f,0.62f,-0.2608f,-1.643f,-0.3319f,0.0008f,0.9433f,1.0911f,0.5851f,0.7846f,0.2052f,-6.1687f,0f,0f,0f,1f],start_interpolation: 0,interpolation_duration: 1}
$data merge entity $(bone_segment16) {transformation: [-0.7497f,0.6618f,-0.0037f,-1.0113f,-0.1844f,-0.2034f,0.9616f,0.8969f,0.6356f,0.7216f,0.2745f,-5.4799f,0f,0f,0f,1f],start_interpolation: 0,interpolation_duration: 1}
$data merge entity $(bone_segment15) {transformation: [-0.8299f,0.5578f,-0.0113f,-0.3535f,-0.1576f,-0.2149f,0.9638f,0.6435f,0.5352f,0.8017f,0.2662f,-4.5346f,0f,0f,0f,1f],start_interpolation: 0,interpolation_duration: 1}
$data merge entity $(bone_segment14) {transformation: [-0.9798f,0.3674f,0.0612f,0.0598f,-0.0809f,-0.3781f,0.9743f,0.2182f,0.3636f,0.9059f,0.3818f,-3.5154f,0f,0f,0f,1f],start_interpolation: 0,interpolation_duration: 1}
$data merge entity $(bone_segment13) {transformation: [-1.0175f,0.1225f,0.0413f,0.2062f,-0.0003f,-0.3301f,0.9712f,-0.206f,0.1293f,0.9634f,0.3275f,-2.364f,0f,0f,0f,1f],start_interpolation: 0,interpolation_duration: 1}
$data merge entity $(bone_segment12) {transformation: [-1.1147f,-0.0412f,0.0107f,0.1564f,0.0139f,-0.0862f,1.1121f,-0.3101f,-0.0403f,1.1115f,0.0867f,-1.0213f,0f,0f,0f,1f],start_interpolation: 0,interpolation_duration: 1}
$data merge entity $(bone_segment11) {transformation: [-1.1821f,-0.1373f,0.0312f,-0.0083f,-0.0284f,0.4912f,1.084f,0.2573f,-0.1379f,1.0757f,-0.491f,0.221f,0f,0f,0f,1f],start_interpolation: 0,interpolation_duration: 1}
$data merge entity $(bone_segment10) {transformation: [-1.0394f,-0.0971f,0.0946f,-0.1098f,-0.0401f,0.9189f,0.5028f,1.1979f,-0.1295f,0.4949f,-0.9148f,0.7274f,0f,0f,0f,1f],start_interpolation: 0,interpolation_duration: 1}
data modify entity @s data merge value {"cameras":{},"locators":{"mouth":{"px":-0.2837942803471627,"py":4.6712887734878805,"pz":3.540993903904953,"ry":185.18722111026014,"rx":82.00068821898536}}}
function animated_java:gyarados/animations/surfacewater_swim/zzz/frames/on_tick/transform_floating_entities