# This file was generated by Animated Java via MC-Build. It is not recommended to edit this file directly.
$data merge entity $(bone_neck_spine5) {transformation: [-1.5562f,0.0266f,0.2229f,0.2002f,0.0199f,1.5714f,-0.0481f,4.1603f,-0.2236f,-0.0448f,-1.5556f,-0.8428f,0f,0f,0f,1f],start_interpolation: 0,interpolation_duration: 1}
$data merge entity $(bone_neck_spine2) {transformation: [-1.4821f,0.0287f,0.2119f,-0.1058f,0.019f,1.4957f,-0.0696f,5.8377f,-0.213f,-0.0662f,-1.4807f,0.6463f,0f,0f,0f,1f],start_interpolation: 0,interpolation_duration: 1}
$data merge entity $(bone_scale_neck_left1) {transformation: [-1.5745f,0.3618f,0.3211f,0.6598f,0.4449f,1.5123f,0.4775f,4.9255f,-0.19f,0.5432f,-1.5434f,0.7646f,0f,0f,0f,1f],start_interpolation: 0,interpolation_duration: 1}
$data merge entity $(bone_scale_neck_right1) {transformation: [-1.5749f,-0.462f,0.1385f,-0.8964f,-0.4046f,1.5229f,0.4798f,4.9454f,-0.2626f,0.4248f,-1.5696f,0.541f,0f,0f,0f,1f],start_interpolation: 0,interpolation_duration: 1}
$data merge entity $(bone_blush_right1) {transformation: [-0.9982f,-0.0035f,0.0606f,-0.8996f,0.0057f,0.9885f,0.1509f,4.5864f,-0.0605f,0.151f,-0.9867f,1.9851f,0f,0f,0f,1f],start_interpolation: 0,interpolation_duration: 1}
$data merge entity $(bone_blush_left1) {transformation: [-0.9982f,-0.0035f,0.0606f,0.4232f,0.0057f,0.9885f,0.1509f,4.5789f,-0.0605f,0.151f,-0.9867f,2.0653f,0f,0f,0f,1f],start_interpolation: 0,interpolation_duration: 1}
$data merge entity $(bone_left_head_scales) {transformation: [-0.9134f,-0.0035f,-0.4071f,0.4556f,-0.0646f,0.9885f,0.1365f,5.3597f,0.402f,0.151f,-0.9031f,1.7883f,0f,0f,0f,1f],start_interpolation: 0,interpolation_duration: 1}
$data merge entity $(bone_left_head_scales2) {transformation: [-0.8524f,-0.0035f,-0.5229f,0.4486f,-0.0819f,0.9885f,0.1269f,4.4462f,0.5164f,0.151f,-0.8429f,1.8189f,0f,0f,0f,1f],start_interpolation: 0,interpolation_duration: 1}
$data merge entity $(bone_left_head_scales1) {transformation: [-0.9982f,-0.0035f,0.0606f,0.456f,0.0057f,0.9885f,0.1509f,5.2487f,-0.0605f,0.151f,-0.9867f,1.7714f,0f,0f,0f,1f],start_interpolation: 0,interpolation_duration: 1}
$data merge entity $(bone_right_head_scales) {transformation: [-0.8574f,-0.0035f,0.5147f,-0.8895f,0.0747f,0.9885f,0.1312f,5.3674f,-0.5092f,0.151f,-0.8473f,1.7069f,0f,0f,0f,1f],start_interpolation: 0,interpolation_duration: 1}
$data merge entity $(bone_right_head_scales2) {transformation: [-0.7829f,-0.0035f,0.6222f,-0.8966f,0.0912f,0.9885f,0.1204f,4.4539f,-0.6155f,0.151f,-0.7736f,1.7374f,0f,0f,0f,1f],start_interpolation: 0,interpolation_duration: 1}
$data merge entity $(bone_right_head_scales1) {transformation: [-0.9982f,-0.0035f,0.0606f,-0.8891f,0.0057f,0.9885f,0.1509f,5.2564f,-0.0605f,0.151f,-0.9867f,1.6899f,0f,0f,0f,1f],start_interpolation: 0,interpolation_duration: 1}
$data merge entity $(bone_head_left_fin1) {transformation: [-0.7697f,0.0393f,-0.7104f,0.4626f,0.1593f,1.0295f,-0.1156f,4.8451f,0.6934f,-0.1929f,-0.762f,1.6247f,0f,0f,0f,1f],start_interpolation: 0,interpolation_duration: 1}
$data merge entity $(bone_head_right_fin1) {transformation: [-0.6822f,-0.004f,0.7958f,-0.8825f,-0.151f,1.0298f,-0.1242f,4.8528f,-0.7814f,-0.1955f,-0.6708f,1.5432f,0f,0f,0f,1f],start_interpolation: 0,interpolation_duration: 1}
$data merge entity $(bone_right_whisker16) {transformation: [0.2604f,0.9232f,-0.2826f,-1.4198f,0.9537f,-0.2916f,-0.0736f,2.1236f,-0.1504f,-0.2504f,-0.9564f,1.7869f,0f,0f,0f,1f],start_interpolation: 0,interpolation_duration: 1}
$data merge entity $(bone_right_whisker15) {transformation: [-0.8813f,0.3787f,-0.2826f,-1.1229f,0.4136f,0.9075f,-0.0736f,1.9843f,0.2286f,-0.1818f,-0.9564f,1.7099f,0f,0f,0f,1f],start_interpolation: 0,interpolation_duration: 1}
$data merge entity $(bone_right_whisker14) {transformation: [-0.7157f,-0.6387f,-0.2826f,-0.8817f,-0.6477f,0.7583f,-0.0736f,2.2025f,0.2614f,0.1304f,-0.9564f,1.6218f,0f,0f,0f,1f],start_interpolation: 0,interpolation_duration: 1}
$data merge entity $(bone_right_whisker13) {transformation: [-0.0911f,-0.9944f,-0.0543f,-0.8511f,-0.9887f,0.0838f,0.1245f,2.5356f,-0.1193f,0.0651f,-0.9907f,1.662f,0f,0f,0f,1f],start_interpolation: 0,interpolation_duration: 1}
$data merge entity $(bone_right_whisker12) {transformation: [0.0735f,-0.9967f,-0.0333f,-0.8841f,-0.9386f,-0.0804f,0.3356f,2.9572f,-0.3372f,0.0066f,-0.9414f,1.8135f,0f,0f,0f,1f],start_interpolation: 0,interpolation_duration: 1}
$data merge entity $(bone_right_whisker11) {transformation: [0.294f,-0.9558f,-0.0097f,-1.0161f,-0.955f,-0.2941f,0.0378f,3.3862f,-0.039f,-0.0018f,-0.9992f,1.831f,0f,0f,0f,1f],start_interpolation: 0,interpolation_duration: 1}
$data merge entity $(bone_right_whisker10) {transformation: [0.0683f,-0.9924f,0.1026f,-1.0468f,-0.975f,-0.0882f,-0.2038f,3.8242f,0.2113f,-0.0861f,-0.9736f,1.7361f,0f,0f,0f,1f],start_interpolation: 0,interpolation_duration: 1}
$data merge entity $(bone_right_whisker1) {transformation: [-0.338f,-0.9384f,0.0724f,-0.895f,-0.9381f,0.3421f,0.0537f,4.2457f,-0.0752f,-0.0498f,-0.9959f,1.7698f,0f,0f,0f,1f],start_interpolation: 0,interpolation_duration: 1}
$data merge entity $(bone_left_whisker16) {transformation: [0.2579f,-0.9143f,0.3124f,0.9815f,-0.9531f,-0.2937f,-0.0729f,2.1264f,0.1585f,-0.279f,-0.9471f,1.8243f,0f,0f,0f,1f],start_interpolation: 0,interpolation_duration: 1}
$data merge entity $(bone_left_whisker15) {transformation: [-0.8728f,-0.375f,0.3124f,0.6875f,-0.4156f,0.9066f,-0.0729f,1.9864f,-0.2559f,-0.1935f,-0.9471f,1.7381f,0f,0f,0f,1f],start_interpolation: 0,interpolation_duration: 1}
$data merge entity $(bone_left_whisker14) {transformation: [-0.7087f,0.6325f,0.3124f,0.4487f,0.646f,0.7598f,-0.0729f,2.204f,-0.2835f,0.1501f,-0.9471f,1.6425f,0f,0f,0f,1f],start_interpolation: 0,interpolation_duration: 1}
$data merge entity $(bone_left_whisker13) {transformation: [-0.0971f,0.9916f,0.0849f,0.416f,0.9885f,0.0861f,0.1247f,2.5371f,0.1163f,0.096f,-0.9886f,1.6817f,0f,0f,0f,1f],start_interpolation: 0,interpolation_duration: 1}
$data merge entity $(bone_left_whisker12) {transformation: [0.0608f,0.9962f,0.0618f,0.4433f,0.9387f,-0.0781f,0.3357f,2.9588f,0.3392f,0.0377f,-0.9399f,1.8341f,0f,0f,0f,1f],start_interpolation: 0,interpolation_duration: 1}
$data merge entity $(bone_left_whisker11) {transformation: [0.2903f,0.9561f,0.0407f,0.5737f,0.9557f,-0.2919f,0.0379f,3.3881f,0.0481f,0.0279f,-0.9985f,1.8557f,0f,0f,0f,1f],start_interpolation: 0,interpolation_duration: 1}
$data merge entity $(bone_left_whisker10) {transformation: [0.0726f,0.9948f,-0.0717f,0.6063f,0.9752f,-0.0859f,-0.204f,3.8262f,-0.2091f,-0.0551f,-0.9763f,1.7618f,0f,0f,0f,1f],start_interpolation: 0,interpolation_duration: 1}
$data merge entity $(bone_left_whisker1) {transformation: [-0.3424f,0.9386f,-0.0415f,0.4525f,0.9373f,0.3443f,0.0536f,4.2472f,0.0646f,-0.0206f,-0.9977f,1.7908f,0f,0f,0f,1f],start_interpolation: 0,interpolation_duration: 1}
$data merge entity $(bone_upper_left_tooth1) {transformation: [-0.9982f,0.0018f,0.0607f,0.0241f,0.0057f,0.9979f,0.0642f,4.5611f,-0.0605f,0.0644f,-0.9961f,2.8015f,0f,0f,0f,1f],start_interpolation: 0,interpolation_duration: 1}
$data merge entity $(bone_upper_right_tooth1) {transformation: [-0.9982f,0.0018f,0.0607f,-0.6485f,0.0057f,0.9979f,0.0642f,4.5649f,-0.0605f,0.0644f,-0.9961f,2.7607f,0f,0f,0f,1f],start_interpolation: 0,interpolation_duration: 1}
$data merge entity $(bone_top_lip1) {transformation: [-0.9982f,0.0301f,0.0527f,-0.284f,0.0057f,0.9109f,-0.4126f,4.6861f,-0.0605f,-0.4115f,-0.9094f,2.7908f,0f,0f,0f,1f],start_interpolation: 0,interpolation_duration: 1}
$data merge entity $(bone_muzzle1) {transformation: [-0.9982f,0.0018f,0.0607f,-0.2496f,0.0057f,0.9979f,0.0642f,4.8903f,-0.0605f,0.0644f,-0.9961f,2.2423f,0f,0f,0f,1f],start_interpolation: 0,interpolation_duration: 1}
$data merge entity $(bone_jaw_right_tooth1) {transformation: [-0.9982f,0.0316f,0.0519f,-0.6526f,0.0057f,0.8988f,-0.4382f,4.3263f,-0.0605f,-0.4371f,-0.8974f,2.805f,0f,0f,0f,1f],start_interpolation: 0,interpolation_duration: 1}
$data merge entity $(bone_jaw_left_tooth1) {transformation: [-0.9982f,0.0316f,0.0519f,0.0761f,0.0057f,0.8988f,-0.4382f,4.3222f,-0.0605f,-0.4371f,-0.8974f,2.8492f,0f,0f,0f,1f],start_interpolation: 0,interpolation_duration: 1}
$data merge entity $(bone_tongue1) {transformation: [-0.9982f,0.0017f,0.0607f,-0.2401f,0.0057f,0.9979f,0.0649f,4.3758f,-0.0605f,0.0651f,-0.996f,2.0377f,0f,0f,0f,1f],start_interpolation: 0,interpolation_duration: 1}
$data merge entity $(bone_jaw_lips1) {transformation: [-0.9982f,0.0017f,0.0607f,-0.2389f,0.0057f,0.9979f,0.0649f,4.1883f,-0.0605f,0.0651f,-0.996f,2.9276f,0f,0f,0f,1f],start_interpolation: 0,interpolation_duration: 1}
$data merge entity $(bone_jaw3) {transformation: [-0.9982f,0.0221f,0.0566f,-0.1899f,0.0057f,0.9613f,-0.2755f,3.8598f,-0.0605f,-0.2747f,-0.9596f,2.0885f,0f,0f,0f,1f],start_interpolation: 0,interpolation_duration: 1}
$data merge entity $(bone_jaw1) {transformation: [-0.9982f,-0.0244f,0.0556f,-0.1399f,0.0057f,0.8745f,0.4849f,4.2955f,-0.0605f,0.4844f,-0.8728f,1.3044f,0f,0f,0f,1f],start_interpolation: 0,interpolation_duration: 1}
$data merge entity $(bone_tear_right1) {transformation: [-0.9982f,-0.0035f,0.0606f,-0.851f,0.0057f,0.9885f,0.1509f,4.9594f,-0.0605f,0.151f,-0.9867f,2.1476f,0f,0f,0f,1f],start_interpolation: 0,interpolation_duration: 1}
$data merge entity $(bone_right_pupil1) {transformation: [-0.9982f,-0.0035f,0.0606f,-0.6706f,0.0057f,0.9885f,0.1509f,5.0592f,-0.0605f,0.151f,-0.9867f,2.2423f,0f,0f,0f,1f],start_interpolation: 0,interpolation_duration: 1}
$data merge entity $(bone_right_sad_pupil1) {transformation: [-0.9982f,-0.0035f,0.0606f,-0.6699f,0.0057f,0.9885f,0.1509f,5.0609f,-0.0605f,0.151f,-0.9867f,2.2312f,0f,0f,0f,1f],start_interpolation: 0,interpolation_duration: 1}
$data merge entity $(bone_right_happy_pupil1) {transformation: [-0.9982f,-0.0035f,0.0606f,-0.6978f,0.0057f,0.9885f,0.1509f,5.0333f,-0.0605f,0.151f,-0.9867f,2.2252f,0f,0f,0f,1f],start_interpolation: 0,interpolation_duration: 1}
$data merge entity $(bone_eyelid_right1) {transformation: [-0.9982f,-0.0035f,0.0606f,-0.2041f,0.0057f,0.9885f,0.1509f,5.0877f,-0.0605f,0.151f,-0.9867f,1.6948f,0f,0f,0f,1f],start_interpolation: 0,interpolation_duration: 1}
$data merge entity $(bone_eyelid_expressions_right5) {transformation: [-0.9982f,-0.0035f,0.0606f,-0.7992f,0.0057f,0.9885f,0.1509f,5.1726f,-0.0605f,0.151f,-0.9867f,2.2403f,0f,0f,0f,1f],start_interpolation: 0,interpolation_duration: 1}
$data merge entity $(bone_eyelid_expressions_right7) {transformation: [-0.9982f,-0.0035f,0.0606f,-0.4629f,0.0057f,0.9885f,0.1509f,5.1707f,-0.0605f,0.151f,-0.9867f,2.2607f,0f,0f,0f,1f],start_interpolation: 0,interpolation_duration: 1}
$data merge entity $(bone_eyelid_expressions_right6) {transformation: [-0.9982f,-0.0035f,0.0606f,-0.575f,0.0057f,0.9885f,0.1509f,5.1714f,-0.0605f,0.151f,-0.9867f,2.2539f,0f,0f,0f,1f],start_interpolation: 0,interpolation_duration: 1}
$data merge entity $(bone_right_eye1) {transformation: [-0.9982f,-0.0035f,0.0606f,-0.216f,0.0057f,0.9885f,0.1509f,5.086f,-0.0605f,0.151f,-0.9867f,1.7052f,0f,0f,0f,1f],start_interpolation: 0,interpolation_duration: 1}
$data merge entity $(bone_tear_left1) {transformation: [-0.9982f,-0.0035f,0.0606f,0.3596f,0.0057f,0.9885f,0.1509f,4.9525f,-0.0605f,0.151f,-0.9867f,2.221f,0f,0f,0f,1f],start_interpolation: 0,interpolation_duration: 1}
$data merge entity $(bone_left_sad_pupil1) {transformation: [-0.9982f,-0.0035f,0.0606f,0.1709f,0.0057f,0.9885f,0.1509f,5.0561f,-0.0605f,0.151f,-0.9867f,2.2821f,0f,0f,0f,1f],start_interpolation: 0,interpolation_duration: 1}
$data merge entity $(bone_left_pupil1) {transformation: [-0.9982f,-0.0035f,0.0606f,0.1702f,0.0057f,0.9885f,0.1509f,5.0544f,-0.0605f,0.151f,-0.9867f,2.2932f,0f,0f,0f,1f],start_interpolation: 0,interpolation_duration: 1}
$data merge entity $(bone_eyelid_left1) {transformation: [-0.9982f,-0.0035f,0.0606f,-0.2265f,0.0057f,0.9885f,0.1509f,5.0878f,-0.0605f,0.151f,-0.9867f,1.6934f,0f,0f,0f,1f],start_interpolation: 0,interpolation_duration: 1}
$data merge entity $(bone_left_happy_pupil1) {transformation: [-0.9982f,-0.0035f,0.0606f,0.199f,0.0057f,0.9885f,0.1509f,5.0282f,-0.0605f,0.151f,-0.9867f,2.2796f,0f,0f,0f,1f],start_interpolation: 0,interpolation_duration: 1}
$data merge entity $(bone_eyelid_expressions_left5) {transformation: [-0.9982f,-0.0035f,0.0606f,0.2994f,0.0057f,0.9885f,0.1509f,5.1664f,-0.0605f,0.151f,-0.9867f,2.3069f,0f,0f,0f,1f],start_interpolation: 0,interpolation_duration: 1}
$data merge entity $(bone_eyelid_expressions_left7) {transformation: [-0.9982f,-0.0035f,0.0606f,-0.0369f,0.0057f,0.9885f,0.1509f,5.1683f,-0.0605f,0.151f,-0.9867f,2.2865f,0f,0f,0f,1f],start_interpolation: 0,interpolation_duration: 1}
$data merge entity $(bone_eyelid_expressions_left6) {transformation: [-0.9982f,-0.0035f,0.0606f,0.0752f,0.0057f,0.9885f,0.1509f,5.1677f,-0.0605f,0.151f,-0.9867f,2.2933f,0f,0f,0f,1f],start_interpolation: 0,interpolation_duration: 1}
$data merge entity $(bone_left_eye1) {transformation: [-0.9982f,-0.0035f,0.0606f,-0.216f,0.0057f,0.9885f,0.1509f,5.086f,-0.0605f,0.151f,-0.9867f,1.7052f,0f,0f,0f,1f],start_interpolation: 0,interpolation_duration: 1}
$data merge entity $(bone_crest_middle5) {transformation: [-0.9982f,0.0097f,0.06f,-0.2497f,0.0057f,0.9978f,-0.0666f,6.3839f,-0.0605f,-0.0661f,-0.996f,2.3848f,0f,0f,0f,1f],start_interpolation: 0,interpolation_duration: 1}
$data merge entity $(bone_crest_middle4) {transformation: [-0.9982f,0.0097f,0.06f,-0.2563f,0.0057f,0.9978f,-0.0666f,5.7116f,-0.0605f,-0.0661f,-0.996f,2.4294f,0f,0f,0f,1f],start_interpolation: 0,interpolation_duration: 1}
$data merge entity $(bone_crest_middle1) {transformation: [-0.9982f,0.0097f,0.06f,-0.2662f,0.0057f,0.9978f,-0.0666f,5.2129f,-0.0605f,-0.0661f,-0.996f,2.5467f,0f,0f,0f,1f],start_interpolation: 0,interpolation_duration: 1}
$data merge entity $(bone_crest_left5) {transformation: [-0.5333f,-0.8286f,0.1702f,-1.3559f,-0.8307f,0.551f,0.0797f,5.7413f,-0.1598f,-0.0989f,-0.9822f,2.3187f,0f,0f,0f,1f],start_interpolation: 0,interpolation_duration: 1}
$data merge entity $(bone_crest_left4) {transformation: [-0.5333f,-0.8286f,0.1702f,-0.8907f,-0.8307f,0.551f,0.0797f,5.4319f,-0.1598f,-0.0989f,-0.9822f,2.3743f,0f,0f,0f,1f],start_interpolation: 0,interpolation_duration: 1}
$data merge entity $(bone_crest_left1) {transformation: [-0.5333f,-0.8286f,0.1702f,-0.3693f,-0.8307f,0.551f,0.0797f,5.096f,-0.1598f,-0.0989f,-0.9822f,2.3802f,0f,0f,0f,1f],start_interpolation: 0,interpolation_duration: 1}
$data merge entity $(bone_crest_center1) {transformation: [-0.9982f,-0.0035f,0.0606f,-0.2571f,0.0057f,0.9885f,0.1509f,5.0676f,-0.0605f,0.151f,-0.9867f,2.3828f,0f,0f,0f,1f],start_interpolation: 0,interpolation_duration: 1}
$data merge entity $(bone_crest_right5) {transformation: [-0.5393f,0.8407f,-0.0495f,0.849f,0.8368f,0.5415f,0.0809f,5.7288f,0.0949f,0.0022f,-0.9955f,2.4523f,0f,0f,0f,1f],start_interpolation: 0,interpolation_duration: 1}
$data merge entity $(bone_crest_right4) {transformation: [-0.5393f,0.8407f,-0.0495f,0.3769f,0.8368f,0.5415f,0.0809f,5.4247f,0.0949f,0.0022f,-0.9955f,2.4511f,0f,0f,0f,1f],start_interpolation: 0,interpolation_duration: 1}
$data merge entity $(bone_crest_right1) {transformation: [-0.5393f,0.8407f,-0.0495f,-0.1451f,0.8368f,0.5415f,0.0809f,5.0947f,0.0949f,0.0022f,-0.9955f,2.3938f,0f,0f,0f,1f],start_interpolation: 0,interpolation_duration: 1}
$data merge entity $(bone_head1) {transformation: [-1.0462f,-0.0037f,0.0636f,-0.1783f,0.006f,1.0362f,0.1582f,5.1238f,-0.0634f,0.1583f,-1.0342f,1.0873f,0f,0f,0f,1f],start_interpolation: 0,interpolation_duration: 1}
$data merge entity $(bone_neck10) {transformation: [-1.4821f,0.0008f,0.2138f,-0.0262f,0.019f,1.4919f,0.1262f,4.7661f,-0.213f,0.1276f,-1.4767f,-0.0031f,0f,0f,0f,1f],start_interpolation: 0,interpolation_duration: 1}
$data merge entity $(bone_neck9) {transformation: [-1.1338f,-0.0233f,0.1619f,-0.0044f,0.0145f,1.1149f,0.2625f,3.3322f,-0.1629f,0.2618f,-1.1032f,-0.2828f,0f,0f,0f,1f],start_interpolation: 0,interpolation_duration: 1}
$data merge entity $(bone_neck8) {transformation: [-1.0527f,0.0483f,0.1407f,-0.0449f,0.0052f,1.0168f,-0.3103f,2.5833f,-0.1487f,-0.3066f,-1.0071f,-0.0223f,0f,0f,0f,1f],start_interpolation: 0,interpolation_duration: 1}
$data merge entity $(bone_neck7) {transformation: [-1.0456f,0.0648f,0.1299f,-0.1062f,0f,0.9446f,-0.4714f,1.7386f,-0.1451f,-0.4669f,-0.9356f,0.4199f,0f,0f,0f,1f],start_interpolation: 0,interpolation_duration: 1}
$data merge entity $(bone_neck6) {transformation: [-1.0397f,0.0373f,0.1394f,-0.1381f,0f,1.0139f,-0.2717f,0.8403f,-0.1443f,-0.2691f,-1.0043f,0.6491f,0f,0f,0f,1f],start_interpolation: 0,interpolation_duration: 1}
$data merge entity $(bone_neck_spine6) {transformation: [-1.2697f,0.0725f,-0.0504f,0.2589f,-0.0586f,-0.1483f,1.2628f,0.4382f,0.066f,1.262f,0.1512f,-1.9049f,0f,0f,0f,1f],start_interpolation: 0,interpolation_duration: 1}
$data merge entity $(bone_neck_spine7) {transformation: [-0.8351f,0.5044f,-0.2197f,-0.691f,-0.195f,0.1021f,0.9755f,1.0762f,0.5144f,0.8574f,0.0131f,-5.2171f,0f,0f,0f,1f],start_interpolation: 0,interpolation_duration: 1}
$data merge entity $(bone_tail6) {transformation: [-1.1085f,1.1186f,-0.6967f,-3.2103f,-0.8244f,0.1217f,1.5069f,0.6127f,1.0281f,1.3036f,0.4572f,-8.2026f,0f,0f,0f,1f],start_interpolation: 0,interpolation_duration: 1}
$data merge entity $(bone_tail5) {transformation: [-0.9157f,0.924f,-0.5756f,-2.6267f,-0.681f,0.1005f,1.2449f,0.6762f,0.8493f,1.0769f,0.3777f,-7.5225f,0f,0f,0f,1f],start_interpolation: 0,interpolation_duration: 1}
$data merge entity $(bone_tail4) {transformation: [-0.6747f,0.6809f,-0.4241f,-2.3349f,-0.5018f,0.0741f,0.9173f,0.7079f,0.6258f,0.7935f,0.2783f,-7.1824f,0f,0f,0f,1f],start_interpolation: 0,interpolation_duration: 1}
$data merge entity $(bone_segment18) {transformation: [-0.6437f,0.6496f,-0.4046f,-1.9702f,-0.4787f,0.0707f,0.8751f,0.7476f,0.597f,0.757f,0.2655f,-6.7573f,0f,0f,0f,1f],start_interpolation: 0,interpolation_duration: 1}
$data merge entity $(bone_segment17) {transformation: [-0.6437f,0.6496f,-0.4046f,-1.496f,-0.4787f,0.0707f,0.8751f,0.7992f,0.597f,0.757f,0.2655f,-6.2047f,0f,0f,0f,1f],start_interpolation: 0,interpolation_duration: 1}
$data merge entity $(bone_segment16) {transformation: [-0.6886f,0.7217f,-0.0703f,-0.807f,-0.225f,-0.1204f,0.9669f,0.6842f,0.6894f,0.6816f,0.2453f,-5.554f,0f,0f,0f,1f],start_interpolation: 0,interpolation_duration: 1}
$data merge entity $(bone_segment15) {transformation: [-0.8351f,0.544f,-0.0817f,-0.1655f,-0.195f,-0.1539f,0.9687f,0.5028f,0.5144f,0.8248f,0.2346f,-4.5814f,0f,0f,0f,1f],start_interpolation: 0,interpolation_duration: 1}
$data merge entity $(bone_segment14) {transformation: [-0.9996f,0.3151f,-0.015f,0.189f,-0.1187f,-0.3297f,0.9879f,0.1319f,0.2923f,0.9438f,0.3501f,-3.5197f,0f,0f,0f,1f],start_interpolation: 0,interpolation_duration: 1}
$data merge entity $(bone_segment13) {transformation: [-1.0232f,0.0646f,-0.0298f,0.2676f,-0.0472f,-0.2944f,0.9814f,-0.2495f,0.0532f,0.9804f,0.2966f,-2.347f,0f,0f,0f,1f],start_interpolation: 0,interpolation_duration: 1}
$data merge entity $(bone_segment12) {transformation: [-1.1108f,-0.0907f,-0.0484f,0.158f,-0.0436f,-0.0599f,1.1131f,-0.3219f,-0.0931f,1.1103f,0.0561f,-1.0057f,0f,0f,0f,1f],start_interpolation: 0,interpolation_duration: 1}
$data merge entity $(bone_segment11) {transformation: [-1.1784f,-0.1689f,0.0003f,-0.043f,-0.0718f,0.5026f,1.0768f,0.2586f,-0.1529f,1.0658f,-0.5077f,0.2253f,0f,0f,0f,1f],start_interpolation: 0,interpolation_duration: 1}
$data merge entity $(bone_segment10) {transformation: [-1.0394f,-0.1024f,0.0886f,-0.1489f,-0.0481f,0.9206f,0.4989f,1.2009f,-0.1266f,0.4907f,-0.9175f,0.7274f,0f,0f,0f,1f],start_interpolation: 0,interpolation_duration: 1}
data modify entity @s data merge value {"cameras":{},"locators":{"mouth":{"posx":-0.32797343007170804,"posy":4.643528569495126,"posz":3.5127710095349474,"roty":181.33317934337217,"rotx":81.31312857380546}}}