# This file was generated by Animated Java via MC-Build. It is not recommended to edit this file directly.
$data merge entity $(bone_neck_spine5) {transformation: [-1.5711f,0.0566f,0.0244f,0.0538f,0.0554f,1.5697f,-0.0717f,4.1604f,-0.0269f,-0.0708f,-1.5704f,-0.886f,0f,0f,0f,1f],start_interpolation: 0,interpolation_duration: 1}
$data merge entity $(bone_neck_spine2) {transformation: [-1.4962f,0.0528f,0.0256f,-0.0265f,0.0528f,1.4965f,-0.003f,5.8222f,-0.0256f,-0.0021f,-1.4972f,0.6683f,0f,0f,0f,1f],start_interpolation: 0,interpolation_duration: 1}
$data merge entity $(bone_scale_neck_left1) {transformation: [-1.5758f,0.4591f,0.1381f,0.7277f,0.4786f,1.479f,0.5446f,4.8932f,0.0278f,0.5612f,-1.5483f,0.6492f,0f,0f,0f,1f],start_interpolation: 0,interpolation_duration: 1}
$data merge entity $(bone_scale_neck_right1) {transformation: [-1.6038f,-0.3727f,-0.0463f,-0.8433f,-0.3664f,1.5083f,0.5511f,4.9487f,-0.0823f,0.5469f,-1.5515f,0.6223f,0f,0f,0f,1f],start_interpolation: 0,interpolation_duration: 1}
$data merge entity $(bone_blush_right1) {transformation: [-0.9988f,0.0294f,0.0394f,-0.7727f,0.0372f,0.9762f,0.2138f,4.5143f,-0.0321f,0.215f,-0.9761f,1.9631f,0f,0f,0f,1f],start_interpolation: 0,interpolation_duration: 1}
$data merge entity $(bone_blush_left1) {transformation: [-0.9988f,0.0294f,0.0394f,0.5509f,0.0372f,0.9762f,0.2138f,4.465f,-0.0321f,0.215f,-0.9761f,2.0057f,0f,0f,0f,1f],start_interpolation: 0,interpolation_duration: 1}
$data merge entity $(bone_left_head_scales) {transformation: [-0.9041f,0.0294f,-0.4263f,0.5991f,-0.0657f,0.9762f,0.2068f,5.2612f,0.4222f,0.215f,-0.8806f,1.7793f,0f,0f,0f,1f],start_interpolation: 0,interpolation_duration: 1}
$data merge entity $(bone_left_head_scales2) {transformation: [-0.8407f,0.0294f,-0.5406f,0.566f,-0.0922f,0.9762f,0.1965f,4.3482f,0.5335f,0.215f,-0.818f,1.7506f,0f,0f,0f,1f],start_interpolation: 0,interpolation_duration: 1}
$data merge entity $(bone_left_head_scales1) {transformation: [-0.9988f,0.0294f,0.0394f,0.5958f,0.0372f,0.9762f,0.2138f,5.1516f,-0.0321f,0.215f,-0.9761f,1.7552f,0f,0f,0f,1f],start_interpolation: 0,interpolation_duration: 1}
$data merge entity $(bone_right_head_scales) {transformation: [-0.8678f,0.0294f,0.4961f,-0.7469f,0.1317f,0.9762f,0.1725f,5.3113f,-0.4792f,0.215f,-0.851f,1.736f,0f,0f,0f,1f],start_interpolation: 0,interpolation_duration: 1}
$data merge entity $(bone_right_head_scales2) {transformation: [-0.7956f,0.0294f,0.6051f,-0.78f,0.1531f,0.9762f,0.1538f,4.3983f,-0.5862f,0.215f,-0.7811f,1.7073f,0f,0f,0f,1f],start_interpolation: 0,interpolation_duration: 1}
$data merge entity $(bone_right_head_scales1) {transformation: [-0.9988f,0.0294f,0.0394f,-0.7502f,0.0372f,0.9762f,0.2138f,5.2017f,-0.0321f,0.215f,-0.9761f,1.7119f,0f,0f,0f,1f],start_interpolation: 0,interpolation_duration: 1}
$data merge entity $(bone_head_left_fin1) {transformation: [-0.7465f,0.0645f,-0.733f,0.5867f,0.1345f,1.0385f,-0.0456f,4.7585f,0.7235f,-0.1265f,-0.7479f,1.5824f,0f,0f,0f,1f],start_interpolation: 0,interpolation_duration: 1}
$data merge entity $(bone_head_right_fin1) {transformation: [-0.7064f,0.0211f,0.7741f,-0.7593f,-0.0804f,1.0401f,-0.1017f,4.8086f,-0.7702f,-0.1279f,-0.6993f,1.5391f,0f,0f,0f,1f],start_interpolation: 0,interpolation_duration: 1}
$data merge entity $(bone_right_whisker16) {transformation: [0.2587f,0.8823f,-0.3932f,-1.3309f,0.9619f,-0.2728f,0.0208f,2.063f,-0.0889f,-0.3836f,-0.9192f,1.6603f,0f,0f,0f,1f],start_interpolation: 0,interpolation_duration: 1}
$data merge entity $(bone_right_whisker15) {transformation: [-0.841f,0.3717f,-0.3932f,-1.0476f,0.396f,0.918f,0.0208f,1.9296f,0.3687f,-0.1382f,-0.9192f,1.5361f,0f,0f,0f,1f],start_interpolation: 0,interpolation_duration: 1}
$data merge entity $(bone_right_whisker14) {transformation: [-0.6923f,-0.6051f,-0.3932f,-0.8144f,-0.6647f,0.7469f,0.0208f,2.1535f,0.2811f,0.2757f,-0.9192f,1.4414f,0f,0f,0f,1f],start_interpolation: 0,interpolation_duration: 1}
$data merge entity $(bone_right_whisker13) {transformation: [-0.1226f,-0.9783f,-0.1668f,-0.7731f,-0.9719f,0.0843f,0.2197f,2.4809f,-0.2009f,0.1891f,-0.9612f,1.5091f,0f,0f,0f,1f],start_interpolation: 0,interpolation_duration: 1}
$data merge entity $(bone_right_whisker12) {transformation: [0.0165f,-0.9905f,-0.1363f,-0.7805f,-0.9023f,-0.0735f,0.4249f,2.8863f,-0.4309f,0.116f,-0.8949f,1.7027f,0f,0f,0f,1f],start_interpolation: 0,interpolation_duration: 1}
$data merge entity $(bone_right_whisker11) {transformation: [0.2698f,-0.9548f,-0.1251f,-0.9017f,-0.9489f,-0.2857f,0.1339f,3.3125f,-0.1636f,0.0826f,-0.9831f,1.7761f,0f,0f,0f,1f],start_interpolation: 0,interpolation_duration: 1}
$data merge entity $(bone_right_whisker10) {transformation: [0.0744f,-0.9971f,-0.0151f,-0.9351f,-0.9913f,-0.0723f,-0.1098f,3.7579f,0.1084f,0.0231f,-0.9938f,1.7274f,0f,0f,0f,1f],start_interpolation: 0,interpolation_duration: 1}
$data merge entity $(bone_right_whisker1) {transformation: [-0.3617f,-0.9313f,-0.0429f,-0.7726f,-0.9241f,0.352f,0.1488f,4.173f,-0.1235f,0.0934f,-0.9879f,1.7829f,0f,0f,0f,1f],start_interpolation: 0,interpolation_duration: 1}
$data merge entity $(bone_left_whisker16) {transformation: [0.2569f,-0.9458f,0.1988f,1.0581f,-0.9658f,-0.2589f,0.0163f,2.0448f,0.036f,-0.1962f,-0.9799f,1.4155f,0f,0f,0f,1f],start_interpolation: 0,interpolation_duration: 1}
$data merge entity $(bone_left_whisker15) {transformation: [-0.9041f,-0.3781f,0.1988f,0.7535f,-0.3827f,0.9237f,0.0163f,1.9159f,-0.1898f,-0.0614f,-0.9799f,1.3515f,0f,0f,0f,1f],start_interpolation: 0,interpolation_duration: 1}
$data merge entity $(bone_left_whisker14) {transformation: [-0.7248f,0.6596f,0.1988f,0.5093f,0.6754f,0.7373f,0.0163f,2.1434f,-0.1358f,0.1461f,-0.9799f,1.3058f,0f,0f,0f,1f],start_interpolation: 0,interpolation_duration: 1}
$data merge entity $(bone_left_whisker13) {transformation: [-0.0647f,0.9975f,-0.0283f,0.4875f,0.9733f,0.0693f,0.2187f,2.4714f,0.2201f,-0.0134f,-0.9754f,1.3799f,0f,0f,0f,1f],start_interpolation: 0,interpolation_duration: 1}
$data merge entity $(bone_left_whisker12) {transformation: [0.1171f,0.9922f,-0.0416f,0.5401f,0.9013f,-0.0885f,0.4241f,2.8762f,0.4172f,-0.0872f,-0.9046f,1.5673f,0f,0f,0f,1f],start_interpolation: 0,interpolation_duration: 1}
$data merge entity $(bone_left_whisker11) {transformation: [0.3115f,0.9473f,-0.0749f,0.68f,0.9445f,-0.3001f,0.1335f,3.3005f,0.104f,-0.1124f,-0.9882f,1.614f,0f,0f,0f,1f],start_interpolation: 0,interpolation_duration: 1}
$data merge entity $(bone_left_whisker10) {transformation: [0.0658f,0.9799f,-0.1885f,0.7096f,0.9903f,-0.0873f,-0.1085f,3.7454f,-0.1228f,-0.1795f,-0.9761f,1.5589f,0f,0f,0f,1f],start_interpolation: 0,interpolation_duration: 1}
$data merge entity $(bone_left_whisker1) {transformation: [-0.3152f,0.9361f,-0.1562f,0.568f,0.9292f,0.3379f,0.1497f,4.1628f,0.1929f,-0.098f,-0.9763f,1.6455f,0f,0f,0f,1f],start_interpolation: 0,interpolation_duration: 1}
$data merge entity $(bone_upper_left_tooth1) {transformation: [-0.9988f,0.0328f,0.0367f,0.1707f,0.0372f,0.9911f,0.1279f,4.4098f,-0.0321f,0.1291f,-0.9911f,2.75f,0f,0f,0f,1f],start_interpolation: 0,interpolation_duration: 1}
$data merge entity $(bone_upper_right_tooth1) {transformation: [-0.9988f,0.0328f,0.0367f,-0.5023f,0.0372f,0.9911f,0.1279f,4.4349f,-0.0321f,0.1291f,-0.9911f,2.7283f,0f,0f,0f,1f],start_interpolation: 0,interpolation_duration: 1}
$data merge entity $(bone_top_lip1) {transformation: [-0.9988f,0.0455f,0.0186f,-0.1337f,0.0372f,0.9469f,-0.3195f,4.5437f,-0.0321f,-0.3184f,-0.9474f,2.756f,0f,0f,0f,1f],start_interpolation: 0,interpolation_duration: 1}
$data merge entity $(bone_muzzle1) {transformation: [-0.9988f,0.0328f,0.0367f,-0.1076f,0.0372f,0.9911f,0.1279f,4.7825f,-0.0321f,0.1291f,-0.9911f,2.2212f,0f,0f,0f,1f],start_interpolation: 0,interpolation_duration: 1}
$data merge entity $(bone_jaw_right_tooth1) {transformation: [-0.9988f,0.047f,0.0146f,-0.5109f,0.0372f,0.9154f,-0.4008f,4.2295f,-0.0321f,-0.3998f,-0.916f,2.7584f,0f,0f,0f,1f],start_interpolation: 0,interpolation_duration: 1}
$data merge entity $(bone_jaw_left_tooth1) {transformation: [-0.9988f,0.047f,0.0146f,0.2182f,0.0372f,0.9154f,-0.4008f,4.2023f,-0.0321f,-0.3998f,-0.916f,2.7818f,0f,0f,0f,1f],start_interpolation: 0,interpolation_duration: 1}
$data merge entity $(bone_tongue1) {transformation: [-0.9988f,0.0349f,0.0346f,-0.1189f,0.0372f,0.997f,0.0672f,4.2656f,-0.0321f,0.0684f,-0.9971f,1.9745f,0f,0f,0f,1f],start_interpolation: 0,interpolation_duration: 1}
$data merge entity $(bone_jaw_lips1) {transformation: [-0.9988f,0.0349f,0.0346f,-0.0984f,0.0372f,0.997f,0.0672f,4.0744f,-0.0321f,0.0684f,-0.9971f,2.8634f,0f,0f,0f,1f],start_interpolation: 0,interpolation_duration: 1}
$data merge entity $(bone_jaw3) {transformation: [-0.9988f,0.0437f,0.0225f,-0.0819f,0.0372f,0.9711f,-0.2358f,3.7808f,-0.0321f,-0.2346f,-0.9716f,2.0102f,0f,0f,0f,1f],start_interpolation: 0,interpolation_duration: 1}
$data merge entity $(bone_jaw1) {transformation: [-0.9988f,0.015f,0.0468f,-0.0398f,0.0372f,0.8534f,0.52f,4.2479f,-0.0321f,0.5211f,-0.8529f,1.244f,0f,0f,0f,1f],start_interpolation: 0,interpolation_duration: 1}
$data merge entity $(bone_tear_right1) {transformation: [-0.9988f,0.0294f,0.0394f,-0.709f,0.0372f,0.9762f,0.2138f,4.8743f,-0.0321f,0.215f,-0.9761f,2.1481f,0f,0f,0f,1f],start_interpolation: 0,interpolation_duration: 1}
$data merge entity $(bone_right_pupil1) {transformation: [-0.9988f,0.0294f,0.0394f,-0.5233f,0.0372f,0.9762f,0.2138f,4.9626f,-0.0321f,0.215f,-0.9761f,2.2439f,0f,0f,0f,1f],start_interpolation: 0,interpolation_duration: 1}
$data merge entity $(bone_right_sad_pupil1) {transformation: [-0.9988f,0.0294f,0.0394f,-0.5228f,0.0372f,0.9762f,0.2138f,4.965f,-0.0321f,0.215f,-0.9761f,2.233f,0f,0f,0f,1f],start_interpolation: 0,interpolation_duration: 1}
$data merge entity $(bone_right_happy_pupil1) {transformation: [-0.9988f,0.0294f,0.0394f,-0.5517f,0.0372f,0.9762f,0.2138f,4.9387f,-0.0321f,0.215f,-0.9761f,2.226f,0f,0f,0f,1f],start_interpolation: 0,interpolation_duration: 1}
$data merge entity $(bone_eyelid_right1) {transformation: [-0.9988f,0.0294f,0.0394f,-0.0705f,0.0372f,0.9762f,0.2138f,5.0142f,-0.0321f,0.215f,-0.9761f,1.6867f,0f,0f,0f,1f],start_interpolation: 0,interpolation_duration: 1}
$data merge entity $(bone_eyelid_expressions_right5) {transformation: [-0.9988f,0.0294f,0.0394f,-0.6485f,0.0372f,0.9762f,0.2138f,5.0795f,-0.0321f,0.215f,-0.9761f,2.253f,0f,0f,0f,1f],start_interpolation: 0,interpolation_duration: 1}
$data merge entity $(bone_eyelid_expressions_right7) {transformation: [-0.9988f,0.0294f,0.0394f,-0.312f,0.0372f,0.9762f,0.2138f,5.0669f,-0.0321f,0.215f,-0.9761f,2.2638f,0f,0f,0f,1f],start_interpolation: 0,interpolation_duration: 1}
$data merge entity $(bone_eyelid_expressions_right6) {transformation: [-0.9988f,0.0294f,0.0394f,-0.4242f,0.0372f,0.9762f,0.2138f,5.0711f,-0.0321f,0.215f,-0.9761f,2.2602f,0f,0f,0f,1f],start_interpolation: 0,interpolation_duration: 1}
$data merge entity $(bone_right_eye1) {transformation: [-0.9988f,0.0294f,0.0394f,-0.0822f,0.0372f,0.9762f,0.2138f,5.0122f,-0.0321f,0.215f,-0.9761f,1.6973f,0f,0f,0f,1f],start_interpolation: 0,interpolation_duration: 1}
$data merge entity $(bone_tear_left1) {transformation: [-0.9988f,0.0294f,0.0394f,0.5024f,0.0372f,0.9762f,0.2138f,4.8292f,-0.0321f,0.215f,-0.9761f,2.187f,0f,0f,0f,1f],start_interpolation: 0,interpolation_duration: 1}
$data merge entity $(bone_left_sad_pupil1) {transformation: [-0.9988f,0.0294f,0.0394f,0.3184f,0.0372f,0.9762f,0.2138f,4.9337f,-0.0321f,0.215f,-0.9761f,2.26f,0f,0f,0f,1f],start_interpolation: 0,interpolation_duration: 1}
$data merge entity $(bone_left_pupil1) {transformation: [-0.9988f,0.0294f,0.0394f,0.318f,0.0372f,0.9762f,0.2138f,4.9313f,-0.0321f,0.215f,-0.9761f,2.271f,0f,0f,0f,1f],start_interpolation: 0,interpolation_duration: 1}
$data merge entity $(bone_eyelid_left1) {transformation: [-0.9988f,0.0294f,0.0394f,-0.0929f,0.0372f,0.9762f,0.2138f,5.015f,-0.0321f,0.215f,-0.9761f,1.686f,0f,0f,0f,1f],start_interpolation: 0,interpolation_duration: 1}
$data merge entity $(bone_left_happy_pupil1) {transformation: [-0.9988f,0.0294f,0.0394f,0.3457f,0.0372f,0.9762f,0.2138f,4.9052f,-0.0321f,0.215f,-0.9761f,2.2549f,0f,0f,0f,1f],start_interpolation: 0,interpolation_duration: 1}
$data merge entity $(bone_eyelid_expressions_left5) {transformation: [-0.9988f,0.0294f,0.0394f,0.4507f,0.0372f,0.9762f,0.2138f,5.0385f,-0.0321f,0.215f,-0.9761f,2.2883f,0f,0f,0f,1f],start_interpolation: 0,interpolation_duration: 1}
$data merge entity $(bone_eyelid_expressions_left7) {transformation: [-0.9988f,0.0294f,0.0394f,0.1142f,0.0372f,0.9762f,0.2138f,5.0511f,-0.0321f,0.215f,-0.9761f,2.2775f,0f,0f,0f,1f],start_interpolation: 0,interpolation_duration: 1}
$data merge entity $(bone_eyelid_expressions_left6) {transformation: [-0.9988f,0.0294f,0.0394f,0.2264f,0.0372f,0.9762f,0.2138f,5.0469f,-0.0321f,0.215f,-0.9761f,2.2811f,0f,0f,0f,1f],start_interpolation: 0,interpolation_duration: 1}
$data merge entity $(bone_left_eye1) {transformation: [-0.9988f,0.0294f,0.0394f,-0.0822f,0.0372f,0.9762f,0.2138f,5.0122f,-0.0321f,0.215f,-0.9761f,1.6973f,0f,0f,0f,1f],start_interpolation: 0,interpolation_duration: 1}
$data merge entity $(bone_crest_middle5) {transformation: [-0.9988f,0.0373f,0.0321f,-0.0601f,0.0372f,0.9993f,-0.0025f,6.2629f,-0.0321f,-0.0013f,-0.9995f,2.4606f,0f,0f,0f,1f],start_interpolation: 0,interpolation_duration: 1}
$data merge entity $(bone_crest_middle4) {transformation: [-0.9988f,0.0373f,0.0321f,-0.0853f,0.0372f,0.9993f,-0.0025f,5.5896f,-0.0321f,-0.0013f,-0.9995f,2.4615f,0f,0f,0f,1f],start_interpolation: 0,interpolation_duration: 1}
$data merge entity $(bone_crest_middle1) {transformation: [-0.9988f,0.0373f,0.0321f,-0.1068f,0.0372f,0.9993f,-0.0025f,5.0848f,-0.0321f,-0.0013f,-0.9995f,2.5464f,0f,0f,0f,1f],start_interpolation: 0,interpolation_duration: 1}
$data merge entity $(bone_crest_left5) {transformation: [-0.5615f,-0.8143f,0.1469f,-1.1861f,-0.8033f,0.579f,0.1394f,5.6569f,-0.1986f,-0.0397f,-0.9793f,2.3837f,0f,0f,0f,1f],start_interpolation: 0,interpolation_duration: 1}
$data merge entity $(bone_crest_left4) {transformation: [-0.5615f,-0.8143f,0.1469f,-0.7288f,-0.8033f,0.579f,0.1394f,5.3318f,-0.1986f,-0.0397f,-0.9793f,2.406f,0f,0f,0f,1f],start_interpolation: 0,interpolation_duration: 1}
$data merge entity $(bone_crest_left1) {transformation: [-0.5615f,-0.8143f,0.1469f,-0.2176f,-0.8033f,0.579f,0.1394f,4.9819f,-0.1986f,-0.0397f,-0.9793f,2.3756f,0f,0f,0f,1f],start_interpolation: 0,interpolation_duration: 1}
$data merge entity $(bone_crest_center1) {transformation: [-0.9988f,0.0294f,0.0394f,-0.1062f,0.0372f,0.9762f,0.2138f,4.9504f,-0.0321f,0.215f,-0.9761f,2.3731f,0f,0f,0f,1f],start_interpolation: 0,interpolation_duration: 1}
$data merge entity $(bone_crest_right5) {transformation: [-0.5118f,0.856f,-0.073f,1.0202f,0.8433f,0.5168f,0.1476f,5.5747f,0.1641f,0.014f,-0.9863f,2.4547f,0f,0f,0f,1f],start_interpolation: 0,interpolation_duration: 1}
$data merge entity $(bone_crest_right4) {transformation: [-0.5118f,0.856f,-0.073f,0.5396f,0.8433f,0.5168f,0.1476f,5.2845f,0.1641f,0.014f,-0.9863f,2.4468f,0f,0f,0f,1f],start_interpolation: 0,interpolation_duration: 1}
$data merge entity $(bone_crest_right1) {transformation: [-0.5118f,0.856f,-0.073f,0.0068f,0.8433f,0.5168f,0.1476f,4.9736f,0.1641f,0.014f,-0.9863f,2.3828f,0f,0f,0f,1f],start_interpolation: 0,interpolation_duration: 1}
$data merge entity $(bone_head1) {transformation: [-1.0469f,0.0309f,0.0413f,-0.0595f,0.039f,1.0232f,0.2241f,5.0895f,-0.0337f,0.2254f,-1.0231f,1.0823f,0f,0f,0f,1f],start_interpolation: 0,interpolation_duration: 1}
$data merge entity $(bone_neck10) {transformation: [-1.4962f,0.0491f,0.0322f,-0.0513f,0.0528f,1.484f,0.1924f,4.7813f,-0.0256f,0.1933f,-1.4846f,-0.0335f,0f,0f,0f,1f],start_interpolation: 0,interpolation_duration: 1}
$data merge entity $(bone_neck9) {transformation: [-1.1446f,0.0352f,0.0278f,-0.0975f,0.0404f,1.1182f,0.2455f,3.3442f,-0.0196f,0.2463f,-1.1185f,-0.2926f,0f,0f,0f,1f],start_interpolation: 0,interpolation_duration: 1}
$data merge entity $(bone_neck8) {transformation: [-1.0625f,0.0366f,0.0064f,-0.125f,0.0331f,1.0156f,-0.3127f,2.5962f,-0.0168f,-0.3123f,-1.0161f,-0.0276f,0f,0f,0f,1f],start_interpolation: 0,interpolation_duration: 1}
$data merge entity $(bone_neck7) {transformation: [-1.0557f,0f,0f,-0.125f,0f,0.9406f,-0.4793f,1.7553f,0f,-0.4793f,-0.9406f,0.4259f,0f,0f,0f,1f],start_interpolation: 0,interpolation_duration: 1}
$data merge entity $(bone_neck6) {transformation: [-1.0497f,0f,0f,-0.125f,0f,1.0139f,-0.2717f,0.857f,0f,-0.2717f,-1.0139f,0.6573f,0f,0f,0f,1f],start_interpolation: 0,interpolation_duration: 1}
$data merge entity $(bone_neck_spine6) {transformation: [-1.2187f,-0.2916f,-0.2227f,0.0086f,-0.2166f,-0.0517f,1.2532f,0.3501f,-0.2962f,1.2378f,-0.0002f,-1.9746f,0f,0f,0f,1f],start_interpolation: 0,interpolation_duration: 1}
$data merge entity $(bone_neck_spine7) {transformation: [-0.9751f,-0.1253f,-0.1832f,0.6502f,-0.2032f,0.172f,0.9639f,0.7198f,-0.0893f,0.9771f,-0.1932f,-5.4878f,0f,0f,0f,1f],start_interpolation: 0,interpolation_duration: 1}
$data merge entity $(bone_tail6) {transformation: [-1.3869f,0.1924f,-1.0024f,0.2456f,-0.9704f,0.2757f,1.3956f,-0.0994f,0.3165f,1.6889f,-0.1136f,-9.3126f,0f,0f,0f,1f],start_interpolation: 0,interpolation_duration: 1}
$data merge entity $(bone_tail5) {transformation: [-1.1457f,0.159f,-0.8281f,0.346f,-0.8016f,0.2278f,1.1528f,0.0444f,0.2614f,1.3951f,-0.0939f,-8.4315f,0f,0f,0f,1f],start_interpolation: 0,interpolation_duration: 1}
$data merge entity $(bone_tail4) {transformation: [-0.8442f,0.1171f,-0.6102f,0.3962f,-0.5907f,0.1678f,0.8495f,0.1164f,0.1926f,1.028f,-0.0692f,-7.9909f,0f,0f,0f,1f],start_interpolation: 0,interpolation_duration: 1}
$data merge entity $(bone_segment18) {transformation: [-0.8054f,0.1117f,-0.5821f,0.4589f,-0.5635f,0.1601f,0.8104f,0.2063f,0.1838f,0.9808f,-0.066f,-7.4402f,0f,0f,0f,1f],start_interpolation: 0,interpolation_duration: 1}
$data merge entity $(bone_segment17) {transformation: [-0.8054f,0.1117f,-0.5821f,0.5405f,-0.5635f,0.1601f,0.8104f,0.3232f,0.1838f,0.9808f,-0.066f,-6.7243f,0f,0f,0f,1f],start_interpolation: 0,interpolation_duration: 1}
$data merge entity $(bone_segment16) {transformation: [-0.9493f,0.2351f,-0.2086f,0.7649f,-0.2191f,-0.0191f,0.9755f,0.305f,0.2254f,0.9718f,0.0696f,-5.7966f,0f,0f,0f,1f],start_interpolation: 0,interpolation_duration: 1}
$data merge entity $(bone_segment15) {transformation: [-0.9751f,-0.0736f,-0.2094f,0.6781f,-0.2032f,-0.0833f,0.9756f,0.2067f,-0.0893f,0.9938f,0.0663f,-4.6247f,0f,0f,0f,1f],start_interpolation: 0,interpolation_duration: 1}
$data merge entity $(bone_segment14) {transformation: [-1.0037f,-0.1988f,-0.2276f,0.4545f,-0.1784f,-0.2474f,1.0028f,-0.0716f,-0.2439f,0.999f,0.2031f,-3.5009f,0f,0f,0f,1f],start_interpolation: 0,interpolation_duration: 1}
$data merge entity $(bone_segment13) {transformation: [-0.9822f,-0.2003f,-0.2176f,0.2192f,-0.1746f,-0.2164f,0.9873f,-0.3593f,-0.2387f,0.9824f,0.1731f,-2.3224f,0f,0f,0f,1f],start_interpolation: 0,interpolation_duration: 1}
$data merge entity $(bone_segment12) {transformation: [-1.087f,-0.1682f,-0.1861f,0.016f,-0.1897f,0.0097f,1.0993f,-0.3476f,-0.1641f,1.1028f,-0.038f,-0.9902f,0f,0f,0f,1f],start_interpolation: 0,interpolation_duration: 1}
$data merge entity $(bone_segment11) {transformation: [-1.1813f,-0.1058f,-0.102f,-0.1093f,-0.139f,0.535f,1.0543f,0.2703f,-0.0478f,1.0582f,-0.5432f,0.2326f,0f,0f,0f,1f],start_interpolation: 0,interpolation_duration: 1}
$data merge entity $(bone_segment10) {transformation: [-1.0478f,-0.0184f,-0.0204f,-0.125f,-0.0258f,0.9253f,0.4918f,1.2176f,0.0094f,0.4922f,-0.9254f,0.7364f,0f,0f,0f,1f],start_interpolation: 0,interpolation_duration: 1}
data modify entity @s data merge value {"cameras":{},"locators":{"mouth":{"px":-0.16013723346936623,"py":4.4549517066280115,"pz":3.4746739402233757,"ry":172.20264455782686,"rx":77.46602972989326}}}
function animated_java:gyarados/animations/surfacewater_swim/zzz/frames/on_tick/transform_floating_entities