# This file was generated by Animated Java via MC-Build. It is not recommended to edit this file directly.
$data merge entity $(bone_neck_spine5) {transformation: [-1.5665f,-0.045f,-0.1271f,0.1298f,-0.0554f,1.5661f,0.128f,4.2919f,0.1229f,0.132f,-1.5619f,-0.6943f,0f,0f,0f,1f],start_interpolation: 0,interpolation_duration: 1}
$data merge entity $(bone_neck_spine2) {transformation: [-1.4919f,-0.0326f,-0.1242f,0.1083f,-0.0527f,1.4761f,0.2461f,5.7014f,0.1171f,0.2496f,-1.4718f,1.1033f,0f,0f,0f,1f],start_interpolation: 0,interpolation_duration: 1}
$data merge entity $(bone_scale_neck_left1) {transformation: [-1.5897f,0.4283f,-0.0486f,0.9083f,0.3515f,1.3955f,0.8014f,4.8457f,0.2495f,0.7631f,-1.4382f,0.8583f,0f,0f,0f,1f],start_interpolation: 0,interpolation_duration: 1}
$data merge entity $(bone_scale_neck_right1) {transformation: [-1.5806f,-0.4011f,-0.2324f,-0.6581f,-0.4636f,1.3662f,0.7949f,4.7903f,-0.0008f,0.8281f,-1.4238f,0.9812f,0f,0f,0f,1f],start_interpolation: 0,interpolation_duration: 1}
$data merge entity $(bone_blush_right1) {transformation: [-0.9982f,-0.0095f,-0.0598f,-0.4386f,-0.0278f,0.9497f,0.3118f,4.203f,0.0538f,0.3129f,-0.9483f,2.2581f,0f,0f,0f,1f],start_interpolation: 0,interpolation_duration: 1}
$data merge entity $(bone_blush_left1) {transformation: [-0.9982f,-0.0095f,-0.0598f,0.8841f,-0.0278f,0.9497f,0.3118f,4.2398f,0.0538f,0.3129f,-0.9483f,2.1867f,0f,0f,0f,1f],start_interpolation: 0,interpolation_duration: 1}
$data merge entity $(bone_left_head_scales) {transformation: [-0.8578f,-0.0095f,-0.514f,0.8648f,-0.1686f,0.9497f,0.2638f,5.056f,0.4856f,0.3129f,-0.8162f,2.0418f,0f,0f,0f,1f],start_interpolation: 0,interpolation_duration: 1}
$data merge entity $(bone_left_head_scales2) {transformation: [-0.7833f,-0.0095f,-0.6215f,0.8835f,-0.2016f,0.9497f,0.2395f,4.1502f,0.588f,0.3129f,-0.7459f,1.9204f,0f,0f,0f,1f],start_interpolation: 0,interpolation_duration: 1}
$data merge entity $(bone_left_head_scales1) {transformation: [-0.9982f,-0.0095f,-0.0598f,0.8659f,-0.0278f,0.9497f,0.3118f,4.9493f,0.0538f,0.3129f,-0.9483f,2.0067f,0f,0f,0f,1f],start_interpolation: 0,interpolation_duration: 1}
$data merge entity $(bone_right_head_scales) {transformation: [-0.913f,-0.0095f,0.4078f,-0.4803f,0.1193f,0.9497f,0.2894f,5.0186f,-0.3901f,0.3129f,-0.866f,2.1144f,0f,0f,0f,1f],start_interpolation: 0,interpolation_duration: 1}
$data merge entity $(bone_right_head_scales2) {transformation: [-0.852f,-0.0095f,0.5235f,-0.4617f,0.1561f,0.9497f,0.2714f,4.1128f,-0.4998f,0.3129f,-0.8076f,1.993f,0f,0f,0f,1f],start_interpolation: 0,interpolation_duration: 1}
$data merge entity $(bone_right_head_scales1) {transformation: [-0.9982f,-0.0095f,-0.0598f,-0.4793f,-0.0278f,0.9497f,0.3118f,4.9119f,0.0538f,0.3129f,-0.9483f,2.0792f,0f,0f,0f,1f],start_interpolation: 0,interpolation_duration: 1}
$data merge entity $(bone_head_left_fin1) {transformation: [-0.6862f,-0.0086f,-0.7923f,0.8649f,0.0109f,1.0479f,-0.0208f,4.5756f,0.7923f,-0.0219f,-0.6859f,1.795f,0f,0f,0f,1f],start_interpolation: 0,interpolation_duration: 1}
$data merge entity $(bone_head_right_fin1) {transformation: [-0.7657f,-0.0519f,0.7139f,-0.4803f,-0.0513f,1.0467f,0.0211f,4.5382f,-0.7139f,-0.0196f,-0.7672f,1.8676f,0f,0f,0f,1f],start_interpolation: 0,interpolation_duration: 1}
$data merge entity $(bone_right_whisker16) {transformation: [0.276f,0.934f,-0.2269f,-1.0106f,0.9605f,-0.277f,0.0283f,1.8383f,-0.0364f,-0.2257f,-0.9735f,1.6516f,0f,0f,0f,1f],start_interpolation: 0,interpolation_duration: 1}
$data merge entity $(bone_right_whisker15) {transformation: [-0.89f,0.3956f,-0.2269f,-0.7107f,0.4f,0.9161f,0.0283f,1.7035f,0.219f,-0.0656f,-0.9735f,1.5778f,0f,0f,0f,1f],start_interpolation: 0,interpolation_duration: 1}
$data merge entity $(bone_right_whisker14) {transformation: [-0.7346f,-0.6394f,-0.2269f,-0.4632f,-0.6612f,0.7496f,0.0283f,1.9263f,0.152f,0.1708f,-0.9735f,1.5266f,0f,0f,0f,1f],start_interpolation: 0,interpolation_duration: 1}
$data merge entity $(bone_right_whisker13) {transformation: [-0.0915f,-0.9958f,0.0045f,-0.4324f,-0.97f,0.0902f,0.2258f,2.2531f,-0.2253f,0.0163f,-0.9742f,1.6025f,0f,0f,0f,1f],start_interpolation: 0,interpolation_duration: 1}
$data merge entity $(bone_right_whisker12) {transformation: [0.0859f,-0.996f,0.0242f,-0.471f,-0.9001f,-0.0672f,0.4304f,2.6575f,-0.4271f,-0.0588f,-0.9023f,1.7943f,0f,0f,0f,1f],start_interpolation: 0,interpolation_duration: 1}
$data merge entity $(bone_right_whisker11) {transformation: [0.2884f,-0.9562f,0.049f,-0.6005f,-0.9499f,-0.2794f,0.1398f,3.0842f,-0.12f,-0.0868f,-0.989f,1.8482f,0f,0f,0f,1f],start_interpolation: 0,interpolation_duration: 1}
$data merge entity $(bone_right_whisker10) {transformation: [0.0485f,-0.9863f,0.1577f,-0.6223f,-0.9924f,-0.0655f,-0.1046f,3.53f,0.1135f,-0.1514f,-0.9819f,1.7972f,0f,0f,0f,1f],start_interpolation: 0,interpolation_duration: 1}
$data merge entity $(bone_right_whisker1) {transformation: [-0.3402f,-0.9312f,0.1309f,-0.4695f,-0.9209f,0.358f,0.1542f,3.9437f,-0.1904f,-0.0681f,-0.9793f,1.8828f,0f,0f,0f,1f],start_interpolation: 0,interpolation_duration: 1}
$data merge entity $(bone_left_whisker16) {transformation: [0.2409f,-0.8986f,0.3666f,1.3844f,-0.9677f,-0.2513f,0.02f,1.8047f,0.0742f,-0.3596f,-0.9301f,1.8266f,0f,0f,0f,1f],start_interpolation: 0,interpolation_duration: 1}
$data merge entity $(bone_left_whisker15) {transformation: [-0.8595f,-0.3561f,0.3666f,1.0948f,-0.3754f,0.9266f,0.02f,1.6782f,-0.3469f,-0.1205f,-0.9301f,1.7097f,0f,0f,0f,1f],start_interpolation: 0,interpolation_duration: 1}
$data merge entity $(bone_left_whisker14) {transformation: [-0.686f,0.6285f,0.3666f,0.8637f,0.6812f,0.7319f,0.02f,1.9077f,-0.2558f,0.2634f,-0.9301f,1.6235f,0f,0f,0f,1f],start_interpolation: 0,interpolation_duration: 1}
$data merge entity $(bone_left_whisker13) {transformation: [-0.0962f,0.985f,0.1434f,0.8313f,0.9726f,0.0624f,0.2239f,2.2354f,0.2116f,0.161f,-0.964f,1.6948f,0f,0f,0f,1f],start_interpolation: 0,interpolation_duration: 1}
$data merge entity $(bone_left_whisker12) {transformation: [0.048f,0.9917f,0.1192f,0.8529f,0.8983f,-0.095f,0.4291f,2.6389f,0.4369f,0.0865f,-0.8954f,1.891f,0f,0f,0f,1f],start_interpolation: 0,interpolation_duration: 1}
$data merge entity $(bone_left_whisker11) {transformation: [0.2943f,0.9505f,0.0992f,0.9851f,0.9418f,-0.3061f,0.1391f,3.062f,0.1626f,0.0525f,-0.9853f,1.9641f,0f,0f,0f,1f],start_interpolation: 0,interpolation_duration: 1}
$data merge entity $(bone_left_whisker10) {transformation: [0.0921f,0.9956f,-0.0162f,1.0264f,0.9904f,-0.0933f,-0.1022f,3.5069f,-0.1032f,-0.0066f,-0.9946f,1.9177f,0f,0f,0f,1f],start_interpolation: 0,interpolation_duration: 1}
$data merge entity $(bone_left_whisker1) {transformation: [-0.3384f,0.9408f,0.0172f,0.8744f,0.9304f,0.3318f,0.1558f,3.9248f,0.1409f,0.0687f,-0.9876f,1.981f,0f,0f,0f,1f],start_interpolation: 0,interpolation_duration: 1}
$data merge entity $(bone_upper_left_tooth1) {transformation: [-0.9982f,-0.0147f,-0.0588f,0.5752f,-0.0278f,0.9733f,0.2279f,4.0853f,0.0538f,0.2291f,-0.9719f,2.9498f,0f,0f,0f,1f],start_interpolation: 0,interpolation_duration: 1}
$data merge entity $(bone_upper_right_tooth1) {transformation: [-0.9982f,-0.0147f,-0.0588f,-0.0974f,-0.0278f,0.9733f,0.2279f,4.0666f,0.0538f,0.2291f,-0.9719f,2.9861f,0f,0f,0f,1f],start_interpolation: 0,interpolation_duration: 1}
$data merge entity $(bone_top_lip1) {transformation: [-0.9982f,-0.0379f,-0.0473f,0.2651f,-0.0278f,0.9797f,-0.1984f,4.197f,0.0538f,-0.1967f,-0.979f,2.9947f,0f,0f,0f,1f],start_interpolation: 0,interpolation_duration: 1}
$data merge entity $(bone_muzzle1) {transformation: [-0.9982f,-0.0147f,-0.0588f,0.2296f,-0.0278f,0.9733f,0.2279f,4.4889f,0.0538f,0.2291f,-0.9719f,2.4876f,0f,0f,0f,1f],start_interpolation: 0,interpolation_duration: 1}
$data merge entity $(bone_jaw_right_tooth1) {transformation: [-0.9982f,-0.0455f,-0.04f,-0.0934f,-0.0278f,0.9301f,-0.3664f,3.9568f,0.0538f,-0.3646f,-0.9296f,3.0042f,0f,0f,0f,1f],start_interpolation: 0,interpolation_duration: 1}
$data merge entity $(bone_jaw_left_tooth1) {transformation: [-0.9982f,-0.0455f,-0.04f,0.6353f,-0.0278f,0.9301f,-0.3664f,3.977f,0.0538f,-0.3646f,-0.9296f,2.9649f,0f,0f,0f,1f],start_interpolation: 0,interpolation_duration: 1}
$data merge entity $(bone_tongue1) {transformation: [-0.9982f,-0.0279f,-0.0538f,0.2276f,-0.0278f,0.9996f,-0.0022f,3.9512f,0.0538f,-0.0007f,-0.9985f,2.1733f,0f,0f,0f,1f],start_interpolation: 0,interpolation_duration: 1}
$data merge entity $(bone_jaw_lips1) {transformation: [-0.9982f,-0.0279f,-0.0538f,0.3356f,-0.0278f,0.9996f,-0.0022f,3.8256f,0.0538f,-0.0007f,-0.9985f,3.0675f,0f,0f,0f,1f],start_interpolation: 0,interpolation_duration: 1}
$data merge entity $(bone_jaw3) {transformation: [-0.9982f,-0.0379f,-0.0473f,0.2963f,-0.0278f,0.9795f,-0.1993f,3.5641f,0.0538f,-0.1976f,-0.9788f,2.2048f,0f,0f,0f,1f],start_interpolation: 0,interpolation_duration: 1}
$data merge entity $(bone_jaw1) {transformation: [-0.9982f,0.0066f,-0.0602f,0.2422f,-0.0278f,0.8336f,0.5517f,4.0598f,0.0538f,0.5524f,-0.8318f,1.4574f,0f,0f,0f,1f],start_interpolation: 0,interpolation_duration: 1}
$data merge entity $(bone_tear_right1) {transformation: [-0.9982f,-0.0095f,-0.0598f,-0.3803f,-0.0278f,0.9497f,0.3118f,4.5464f,0.0538f,0.3129f,-0.9483f,2.4739f,0f,0f,0f,1f],start_interpolation: 0,interpolation_duration: 1}
$data merge entity $(bone_right_pupil1) {transformation: [-0.9982f,-0.0095f,-0.0598f,-0.1924f,-0.0278f,0.9497f,0.3118f,4.6372f,0.0538f,0.3129f,-0.9483f,2.563f,0f,0f,0f,1f],start_interpolation: 0,interpolation_duration: 1}
$data merge entity $(bone_right_sad_pupil1) {transformation: [-0.9982f,-0.0095f,-0.0598f,-0.193f,-0.0278f,0.9497f,0.3118f,4.6407f,0.0538f,0.3129f,-0.9483f,2.5523f,0f,0f,0f,1f],start_interpolation: 0,interpolation_duration: 1}
$data merge entity $(bone_right_happy_pupil1) {transformation: [-0.9982f,-0.0095f,-0.0598f,-0.2208f,-0.0278f,0.9497f,0.3118f,4.6132f,0.0538f,0.3129f,-0.9483f,2.545f,0f,0f,0f,1f],start_interpolation: 0,interpolation_duration: 1}
$data merge entity $(bone_eyelid_right1) {transformation: [-0.9982f,-0.0095f,-0.0598f,0.2055f,-0.0278f,0.9497f,0.3118f,4.7744f,0.0538f,0.3129f,-0.9483f,1.979f,0f,0f,0f,1f],start_interpolation: 0,interpolation_duration: 1}
$data merge entity $(bone_eyelid_expressions_right5) {transformation: [-0.9982f,-0.0095f,-0.0598f,-0.323f,-0.0278f,0.9497f,0.3118f,4.7437f,0.0538f,0.3129f,-0.9483f,2.5944f,0f,0f,0f,1f],start_interpolation: 0,interpolation_duration: 1}
$data merge entity $(bone_eyelid_expressions_right7) {transformation: [-0.9982f,-0.0095f,-0.0598f,0.0133f,-0.0278f,0.9497f,0.3118f,4.7531f,0.0538f,0.3129f,-0.9483f,2.5763f,0f,0f,0f,1f],start_interpolation: 0,interpolation_duration: 1}
$data merge entity $(bone_eyelid_expressions_right6) {transformation: [-0.9982f,-0.0095f,-0.0598f,-0.0988f,-0.0278f,0.9497f,0.3118f,4.75f,0.0538f,0.3129f,-0.9483f,2.5823f,0f,0f,0f,1f],start_interpolation: 0,interpolation_duration: 1}
$data merge entity $(bone_right_eye1) {transformation: [-0.9982f,-0.0095f,-0.0598f,0.1949f,-0.0278f,0.9497f,0.3118f,4.7706f,0.0538f,0.3129f,-0.9483f,1.9902f,0f,0f,0f,1f],start_interpolation: 0,interpolation_duration: 1}
$data merge entity $(bone_tear_left1) {transformation: [-0.9982f,-0.0095f,-0.0598f,0.8304f,-0.0278f,0.9497f,0.3118f,4.5801f,0.0538f,0.3129f,-0.9483f,2.4086f,0f,0f,0f,1f],start_interpolation: 0,interpolation_duration: 1}
$data merge entity $(bone_left_sad_pupil1) {transformation: [-0.9982f,-0.0095f,-0.0598f,0.6477f,-0.0278f,0.9497f,0.3118f,4.6641f,0.0538f,0.3129f,-0.9483f,2.507f,0f,0f,0f,1f],start_interpolation: 0,interpolation_duration: 1}
$data merge entity $(bone_left_pupil1) {transformation: [-0.9982f,-0.0095f,-0.0598f,0.6484f,-0.0278f,0.9497f,0.3118f,4.6606f,0.0538f,0.3129f,-0.9483f,2.5176f,0f,0f,0f,1f],start_interpolation: 0,interpolation_duration: 1}
$data merge entity $(bone_eyelid_left1) {transformation: [-0.9982f,-0.0095f,-0.0598f,0.1831f,-0.0278f,0.9497f,0.3118f,4.7738f,0.0538f,0.3129f,-0.9483f,1.9802f,0f,0f,0f,1f],start_interpolation: 0,interpolation_duration: 1}
$data merge entity $(bone_left_happy_pupil1) {transformation: [-0.9982f,-0.0095f,-0.0598f,0.676f,-0.0278f,0.9497f,0.3118f,4.6382f,0.0538f,0.3129f,-0.9483f,2.4967f,0f,0f,0f,1f],start_interpolation: 0,interpolation_duration: 1}
$data merge entity $(bone_eyelid_expressions_left5) {transformation: [-0.9982f,-0.0095f,-0.0598f,0.7755f,-0.0278f,0.9497f,0.3118f,4.7743f,0.0538f,0.3129f,-0.9483f,2.5351f,0f,0f,0f,1f],start_interpolation: 0,interpolation_duration: 1}
$data merge entity $(bone_eyelid_expressions_left7) {transformation: [-0.9982f,-0.0095f,-0.0598f,0.4392f,-0.0278f,0.9497f,0.3118f,4.765f,0.0538f,0.3129f,-0.9483f,2.5533f,0f,0f,0f,1f],start_interpolation: 0,interpolation_duration: 1}
$data merge entity $(bone_eyelid_expressions_left6) {transformation: [-0.9982f,-0.0095f,-0.0598f,0.5513f,-0.0278f,0.9497f,0.3118f,4.7681f,0.0538f,0.3129f,-0.9483f,2.5472f,0f,0f,0f,1f],start_interpolation: 0,interpolation_duration: 1}
$data merge entity $(bone_left_eye1) {transformation: [-0.9982f,-0.0095f,-0.0598f,0.1949f,-0.0278f,0.9497f,0.3118f,4.7706f,0.0538f,0.3129f,-0.9483f,1.9902f,0f,0f,0f,1f],start_interpolation: 0,interpolation_duration: 1}
$data merge entity $(bone_crest_middle5) {transformation: [-0.9982f,-0.0223f,-0.0563f,0.2102f,-0.0278f,0.9947f,0.0989f,5.938f,0.0538f,0.1003f,-0.9935f,2.8759f,0f,0f,0f,1f],start_interpolation: 0,interpolation_duration: 1}
$data merge entity $(bone_crest_middle4) {transformation: [-0.9982f,-0.0223f,-0.0563f,0.2252f,-0.0278f,0.9947f,0.0989f,5.2677f,0.0538f,0.1003f,-0.9935f,2.8084f,0f,0f,0f,1f],start_interpolation: 0,interpolation_duration: 1}
$data merge entity $(bone_crest_middle1) {transformation: [-0.9982f,-0.0223f,-0.0563f,0.2412f,-0.0278f,0.9947f,0.0989f,4.7567f,0.0538f,0.1003f,-0.9935f,2.8414f,0f,0f,0f,1f],start_interpolation: 0,interpolation_duration: 1}
$data merge entity $(bone_crest_left5) {transformation: [-0.5283f,-0.8475f,0.0512f,-0.8802f,-0.8159f,0.5234f,0.2456f,5.2675f,-0.235f,0.0879f,-0.968f,2.8284f,0f,0f,0f,1f],start_interpolation: 0,interpolation_duration: 1}
$data merge entity $(bone_crest_left4) {transformation: [-0.5283f,-0.8475f,0.0512f,-0.4043f,-0.8159f,0.5234f,0.2456f,4.9736f,-0.235f,0.0879f,-0.968f,2.7791f,0f,0f,0f,1f],start_interpolation: 0,interpolation_duration: 1}
$data merge entity $(bone_crest_left1) {transformation: [-0.5283f,-0.8475f,0.0512f,0.1221f,-0.8159f,0.5234f,0.2456f,4.6641f,-0.235f,0.0879f,-0.968f,2.6704f,0f,0f,0f,1f],start_interpolation: 0,interpolation_duration: 1}
$data merge entity $(bone_crest_center1) {transformation: [-0.9982f,-0.0095f,-0.0598f,0.2344f,-0.0278f,0.9497f,0.3118f,4.6405f,0.0538f,0.3129f,-0.9483f,2.6556f,0f,0f,0f,1f],start_interpolation: 0,interpolation_duration: 1}
$data merge entity $(bone_crest_right5) {transformation: [-0.5444f,0.8217f,-0.1685f,1.3247f,0.7861f,0.5699f,0.2395f,5.3288f,0.2928f,-0.0021f,-0.9562f,2.7095f,0f,0f,0f,1f],start_interpolation: 0,interpolation_duration: 1}
$data merge entity $(bone_crest_right4) {transformation: [-0.5444f,0.8217f,-0.1685f,0.8633f,0.7861f,0.5699f,0.2395f,5.0088f,0.2928f,-0.0021f,-0.9562f,2.7107f,0f,0f,0f,1f],start_interpolation: 0,interpolation_duration: 1}
$data merge entity $(bone_crest_right1) {transformation: [-0.5444f,0.8217f,-0.1685f,0.3463f,0.7861f,0.5699f,0.2395f,4.6703f,0.2928f,-0.0021f,-0.9562f,2.6583f,0f,0f,0f,1f],start_interpolation: 0,interpolation_duration: 1}
$data merge entity $(bone_head1) {transformation: [-1.0463f,-0.01f,-0.0627f,0.1585f,-0.0291f,0.9955f,0.3269f,4.9099f,0.0564f,0.328f,-0.9939f,1.387f,0f,0f,0f,1f],start_interpolation: 0,interpolation_duration: 1}
$data merge entity $(bone_neck10) {transformation: [-1.4919f,-0.0161f,-0.1274f,0.0726f,-0.0527f,1.4313f,0.4367f,4.7916f,0.1171f,0.4395f,-1.4266f,0.2386f,0f,0f,0f,1f],start_interpolation: 0,interpolation_duration: 1}
$data merge entity $(bone_neck9) {transformation: [-1.1413f,-0.0077f,-0.0979f,0.0872f,-0.0404f,1.078f,0.3854f,3.3988f,0.0896f,0.3874f,-1.0743f,-0.2025f,0f,0f,0f,1f],start_interpolation: 0,interpolation_duration: 1}
$data merge entity $(bone_neck8) {transformation: [-1.0596f,-0.0462f,-0.0735f,0.124f,-0.0298f,1.039f,-0.2232f,2.6306f,0.0815f,-0.2204f,-1.0369f,-0.0054f,0f,0f,0f,1f],start_interpolation: 0,interpolation_duration: 1}
$data merge entity $(bone_neck7) {transformation: [-1.0535f,-0.0288f,-0.0604f,0.1513f,0f,0.9531f,-0.4539f,1.7778f,0.0669f,-0.453f,-0.9512f,0.4246f,0f,0f,0f,1f],start_interpolation: 0,interpolation_duration: 1}
$data merge entity $(bone_neck6) {transformation: [-1.0476f,-0.0172f,-0.0642f,0.166f,0f,1.0139f,-0.2717f,0.8796f,0.0665f,-0.2711f,-1.0119f,0.6556f,0f,0f,0f,1f],start_interpolation: 0,interpolation_duration: 1}
$data merge entity $(bone_neck_spine6) {transformation: [-1.2388f,0.2248f,0.1868f,-0.1434f,0.1954f,0.0319f,1.2573f,0.4554f,0.2174f,1.2524f,-0.0655f,-2.0421f,0f,0f,0f,1f],start_interpolation: 0,interpolation_duration: 1}
$data merge entity $(bone_neck_spine7) {transformation: [-0.9649f,-0.1019f,0.2422f,-0.3097f,0.1862f,0.3853f,0.9038f,0.35f,-0.1854f,0.9172f,-0.3528f,-5.6584f,0f,0f,0f,1f],start_interpolation: 0,interpolation_duration: 1}
$data merge entity $(bone_tail6) {transformation: [-1.1246f,-0.5651f,1.1753f,0.9553f,0.8798f,0.8168f,1.2345f,-1.6716f,-0.9627f,1.4067f,-0.2447f,-8.8328f,0f,0f,0f,1f],start_interpolation: 0,interpolation_duration: 1}
$data merge entity $(bone_tail5) {transformation: [-0.929f,-0.4668f,0.9709f,0.6604f,0.7268f,0.6748f,1.0198f,-1.2454f,-0.7952f,1.162f,-0.2022f,-8.0989f,0f,0f,0f,1f],start_interpolation: 0,interpolation_duration: 1}
$data merge entity $(bone_tail4) {transformation: [-0.6845f,-0.344f,0.7154f,0.513f,0.5355f,0.4972f,0.7515f,-1.0323f,-0.586f,0.8562f,-0.149f,-7.7319f,0f,0f,0f,1f],start_interpolation: 0,interpolation_duration: 1}
$data merge entity $(bone_segment18) {transformation: [-0.653f,-0.3282f,0.6825f,0.3287f,0.5109f,0.4744f,0.7169f,-0.766f,-0.559f,0.8169f,-0.1421f,-7.2732f,0f,0f,0f,1f],start_interpolation: 0,interpolation_duration: 1}
$data merge entity $(bone_segment17) {transformation: [-0.653f,-0.3282f,0.6825f,0.0892f,0.5109f,0.4744f,0.7169f,-0.4197f,-0.559f,0.8169f,-0.1421f,-6.6769f,0f,0f,0f,1f],start_interpolation: 0,interpolation_duration: 1}
$data merge entity $(bone_segment16) {transformation: [-0.8433f,-0.4681f,0.264f,-0.3577f,0.1244f,0.3079f,0.9432f,-0.1257f,-0.5229f,0.8283f,-0.2015f,-5.8863f,0f,0f,0f,1f],start_interpolation: 0,interpolation_duration: 1}
$data merge entity $(bone_segment15) {transformation: [-0.9649f,-0.1611f,0.2076f,-0.5477f,0.1862f,0.1382f,0.9727f,0.0373f,-0.1854f,0.9772f,-0.1034f,-4.734f,0f,0f,0f,1f],start_interpolation: 0,interpolation_duration: 1}
$data merge entity $(bone_segment14) {transformation: [-1.0311f,0.0486f,0.1819f,-0.493f,0.1769f,-0.0962f,1.0286f,-0.071f,0.0644f,1.0426f,0.0864f,-3.561f,0f,0f,0f,1f],start_interpolation: 0,interpolation_duration: 1}
$data merge entity $(bone_segment13) {transformation: [-0.9983f,0.1523f,0.1797f,-0.3145f,0.1574f,-0.1506f,1.0023f,-0.2798f,0.1752f,1.0031f,0.1233f,-2.3563f,0f,0f,0f,1f],start_interpolation: 0,interpolation_duration: 1}
$data merge entity $(bone_segment12) {transformation: [-1.0875f,0.1844f,0.1668f,-0.0917f,0.1711f,0.0119f,1.1023f,-0.2655f,0.1805f,1.1001f,-0.0399f,-1.0272f,0f,0f,0f,1f],start_interpolation: 0,interpolation_duration: 1}
$data merge entity $(bone_segment11) {transformation: [-1.1762f,0.1628f,0.0841f,0.101f,0.1453f,0.4962f,1.0723f,0.3074f,0.1116f,1.0698f,-0.5102f,0.2086f,0f,0f,0f,1f],start_interpolation: 0,interpolation_duration: 1}
$data merge entity $(bone_segment10) {transformation: [-1.0461f,0.0625f,-0.0228f,0.171f,0.0432f,0.9114f,0.516f,1.2401f,0.0506f,0.514f,-0.9121f,0.7345f,0f,0f,0f,1f],start_interpolation: 0,interpolation_duration: 1}
data modify entity @s data merge value {"cameras":{},"locators":{"mouth":{"px":0.30760706776761226,"py":4.0356832531811415,"pz":3.6998644681657735,"ry":181.74787121197653,"rx":71.75612929853752}}}
function animated_java:gyarados/animations/surfacewater_swim/zzz/frames/on_tick/transform_floating_entities