# This file was generated by Animated Java via MC-Build. It is not recommended to edit this file directly.
$data merge entity $(bone_neck_spine5) {transformation: [-1.5644f,0.0193f,0.1559f,0.0902f,0.0533f,1.533f,0.3449f,4.3545f,-0.1478f,0.3485f,-1.526f,-0.4498f,0f,0f,0f,1f],start_interpolation: 0,interpolation_duration: 1}
$data merge entity $(bone_neck_spine2) {transformation: [-1.4899f,0.021f,0.1482f,-0.1569f,0.0507f,1.4658f,0.3019f,5.6046f,-0.1408f,0.3055f,-1.4591f,1.4207f,0f,0f,0f,1f],start_interpolation: 0,interpolation_duration: 1}
$data merge entity $(bone_scale_neck_left1) {transformation: [-1.5826f,0.3801f,0.2529f,0.616f,0.4564f,1.3357f,0.849f,4.7021f,-0.0092f,0.8858f,-1.3887f,1.2778f,0f,0f,0f,1f],start_interpolation: 0,interpolation_duration: 1}
$data merge entity $(bone_scale_neck_right1) {transformation: [-1.5835f,-0.4482f,0.0692f,-0.9484f,-0.3486f,1.3639f,0.8552f,4.7553f,-0.29f,0.8075f,-1.406f,1.1299f,0f,0f,0f,1f],start_interpolation: 0,interpolation_duration: 1}
$data merge entity $(bone_blush_right1) {transformation: [-0.9981f,0.0061f,0.0615f,-0.934f,0.0213f,0.9682f,0.2493f,4.1843f,-0.058f,0.2502f,-0.9665f,2.5136f,0f,0f,0f,1f],start_interpolation: 0,interpolation_duration: 1}
$data merge entity $(bone_blush_left1) {transformation: [-0.9981f,0.0061f,0.0615f,0.3887f,0.0213f,0.9682f,0.2493f,4.156f,-0.058f,0.2502f,-0.9665f,2.5904f,0f,0f,0f,1f],start_interpolation: 0,interpolation_duration: 1}
$data merge entity $(bone_left_head_scales) {transformation: [-0.9137f,0.0061f,-0.4063f,0.4285f,-0.0962f,0.9682f,0.231f,4.9606f,0.3948f,0.2502f,-0.8841f,2.3938f,0f,0f,0f,1f],start_interpolation: 0,interpolation_duration: 1}
$data merge entity $(bone_left_head_scales2) {transformation: [-0.8529f,0.0061f,-0.5221f,0.4127f,-0.1256f,0.9682f,0.2165f,4.0487f,0.5068f,0.2502f,-0.825f,2.3319f,0f,0f,0f,1f],start_interpolation: 0,interpolation_duration: 1}
$data merge entity $(bone_left_head_scales1) {transformation: [-0.9981f,0.0061f,0.0615f,0.4278f,0.0213f,0.9682f,0.2493f,4.8518f,-0.058f,0.2502f,-0.9665f,2.3657f,0f,0f,0f,1f],start_interpolation: 0,interpolation_duration: 1}
$data merge entity $(bone_right_head_scales) {transformation: [-0.8569f,0.0061f,0.5154f,-0.9166f,0.134f,0.9682f,0.2113f,4.9893f,-0.4977f,0.2502f,-0.8305f,2.3156f,0f,0f,0f,1f],start_interpolation: 0,interpolation_duration: 1}
$data merge entity $(bone_right_head_scales2) {transformation: [-0.7823f,0.0061f,0.6229f,-0.9324f,0.1605f,0.9682f,0.192f,4.0774f,-0.6019f,0.2502f,-0.7584f,2.2537f,0f,0f,0f,1f],start_interpolation: 0,interpolation_duration: 1}
$data merge entity $(bone_right_head_scales1) {transformation: [-0.9981f,0.0061f,0.0615f,-0.9172f,0.0213f,0.9682f,0.2493f,4.8806f,-0.058f,0.2502f,-0.9665f,2.2876f,0f,0f,0f,1f],start_interpolation: 0,interpolation_duration: 1}
$data merge entity $(bone_head_left_fin1) {transformation: [-0.7678f,0.0491f,-0.7119f,0.4304f,0.0957f,1.0433f,-0.0312f,4.4651f,0.7072f,-0.0878f,-0.7687f,2.179f,0f,0f,0f,1f],start_interpolation: 0,interpolation_duration: 1}
$data merge entity $(bone_head_right_fin1) {transformation: [-0.6841f,0.0058f,0.7942f,-0.9146f,-0.0647f,1.0443f,-0.0633f,4.4938f,-0.7916f,-0.0904f,-0.6811f,2.1008f,0f,0f,0f,1f],start_interpolation: 0,interpolation_duration: 1}
$data merge entity $(bone_right_whisker16) {transformation: [0.233f,0.9055f,-0.3547f,-1.4119f,0.9338f,-0.3102f,-0.1784f,1.7576f,-0.2716f,-0.2896f,-0.9178f,2.6231f,0f,0f,0f,1f],start_interpolation: 0,interpolation_duration: 1}
$data merge entity $(bone_right_whisker15) {transformation: [-0.8673f,0.3492f,-0.3547f,-1.1197f,0.4294f,0.8853f,-0.1784f,1.6129f,0.2517f,-0.3071f,-0.9178f,2.5383f,0f,0f,0f,1f],start_interpolation: 0,interpolation_duration: 1}
$data merge entity $(bone_right_whisker14) {transformation: [-0.683f,-0.6385f,-0.3547f,-0.8895f,-0.6209f,0.7633f,-0.1784f,1.8221f,0.3847f,0.0984f,-0.9178f,2.4087f,0f,0f,0f,1f],start_interpolation: 0,interpolation_duration: 1}
$data merge entity $(bone_right_whisker13) {transformation: [-0.0846f,-0.9875f,-0.1329f,-0.861f,-0.9964f,0.0831f,0.0165f,2.1578f,-0.0053f,0.1338f,-0.991f,2.4105f,0f,0f,0f,1f],start_interpolation: 0,interpolation_duration: 1}
$data merge entity $(bone_right_whisker12) {transformation: [0.0618f,-0.9918f,-0.1114f,-0.8888f,-0.9689f,-0.0864f,0.2318f,2.593f,-0.2395f,0.0936f,-0.9664f,2.5181f,0f,0f,0f,1f],start_interpolation: 0,interpolation_duration: 1}
$data merge entity $(bone_right_whisker11) {transformation: [0.305f,-0.9483f,-0.0877f,-1.0258f,-0.9515f,-0.2995f,-0.0703f,3.0205f,0.0404f,0.1049f,-0.9937f,2.5f,0f,0f,0f,1f],start_interpolation: 0,interpolation_duration: 1}
$data merge entity $(bone_right_whisker10) {transformation: [0.0997f,-0.9946f,0.03f,-1.0706f,-0.946f,-0.1041f,-0.3069f,3.4455f,0.3083f,0.0022f,-0.9513f,2.3615f,0f,0f,0f,1f],start_interpolation: 0,interpolation_duration: 1}
$data merge entity $(bone_right_whisker1) {transformation: [-0.3281f,-0.9446f,-0.0058f,-0.9232f,-0.9432f,0.3279f,-0.0535f,3.8692f,0.0525f,-0.0121f,-0.9986f,2.3379f,0f,0f,0f,1f],start_interpolation: 0,interpolation_duration: 1}
$data merge entity $(bone_left_whisker16) {transformation: [0.2842f,-0.9284f,0.2392f,0.9848f,-0.9286f,-0.3287f,-0.1724f,1.7818f,0.2387f,-0.1731f,-0.9555f,2.4709f,0f,0f,0f,1f],start_interpolation: 0,interpolation_duration: 1}
$data merge entity $(bone_left_whisker15) {transformation: [-0.8834f,-0.403f,0.2392f,0.6871f,-0.4471f,0.8777f,-0.1724f,1.6311f,-0.1405f,-0.2593f,-0.9555f,2.4235f,0f,0f,0f,1f],start_interpolation: 0,interpolation_duration: 1}
$data merge entity $(bone_left_whisker14) {transformation: [-0.7386f,0.6303f,0.2392f,0.4383f,0.6065f,0.7761f,-0.1724f,1.8355f,-0.2944f,0.0177f,-0.9555f,2.3244f,0f,0f,0f,1f],start_interpolation: 0,interpolation_duration: 1}
$data merge entity $(bone_left_whisker13) {transformation: [-0.1032f,0.9946f,0.0061f,0.4035f,0.9945f,0.1031f,0.0179f,2.1705f,0.0172f,0.0079f,-0.9998f,2.3302f,0f,0f,0f,1f],start_interpolation: 0,interpolation_duration: 1}
$data merge entity $(bone_left_whisker12) {transformation: [0.0722f,0.9973f,-0.0164f,0.4359f,0.9703f,-0.0664f,0.2328f,2.6064f,0.231f,-0.0327f,-0.9724f,2.434f,0f,0f,0f,1f],start_interpolation: 0,interpolation_duration: 1}
$data merge entity $(bone_left_whisker11) {transformation: [0.2782f,0.9598f,-0.0374f,0.5609f,0.9574f,-0.2802f,-0.0698f,3.0365f,-0.0774f,-0.0164f,-0.9969f,2.3992f,0f,0f,0f,1f],start_interpolation: 0,interpolation_duration: 1}
$data merge entity $(bone_left_whisker10) {transformation: [0.0409f,0.9887f,-0.144f,0.5793f,0.9475f,-0.0841f,-0.3086f,3.4621f,-0.3172f,-0.1238f,-0.9402f,2.2567f,0f,0f,0f,1f],start_interpolation: 0,interpolation_duration: 1}
$data merge entity $(bone_left_whisker1) {transformation: [-0.351f,0.9287f,-0.1195f,0.4216f,0.9363f,0.3468f,-0.0547f,3.8827f,-0.0093f,-0.1311f,-0.9913f,2.2525f,0f,0f,0f,1f],start_interpolation: 0,interpolation_duration: 1}
$data merge entity $(bone_upper_left_tooth1) {transformation: [-0.9981f,0.0115f,0.0607f,-0.0102f,0.0213f,0.9862f,0.164f,4.0677f,-0.058f,0.165f,-0.9846f,3.3217f,0f,0f,0f,1f],start_interpolation: 0,interpolation_duration: 1}
$data merge entity $(bone_upper_right_tooth1) {transformation: [-0.9981f,0.0115f,0.0607f,-0.6827f,0.0213f,0.9862f,0.164f,4.0821f,-0.058f,0.165f,-0.9846f,3.2826f,0f,0f,0f,1f],start_interpolation: 0,interpolation_duration: 1}
$data merge entity $(bone_top_lip1) {transformation: [-0.9981f,0.0387f,0.0482f,-0.317f,0.0213f,0.9471f,-0.3202f,4.1961f,-0.058f,-0.3186f,-0.9461f,3.3242f,0f,0f,0f,1f],start_interpolation: 0,interpolation_duration: 1}
$data merge entity $(bone_muzzle1) {transformation: [-0.9981f,0.0115f,0.0607f,-0.281f,0.0213f,0.9862f,0.164f,4.4544f,-0.058f,0.165f,-0.9846f,2.7991f,0f,0f,0f,1f],start_interpolation: 0,interpolation_duration: 1}
$data merge entity $(bone_jaw_right_tooth1) {transformation: [-0.9981f,0.044f,0.0434f,-0.6865f,0.0213f,0.904f,-0.4271f,3.9751f,-0.058f,-0.4253f,-0.9032f,3.3078f,0f,0f,0f,1f],start_interpolation: 0,interpolation_duration: 1}
$data merge entity $(bone_jaw_left_tooth1) {transformation: [-0.9981f,0.044f,0.0434f,0.0421f,0.0213f,0.904f,-0.4271f,3.9595f,-0.058f,-0.4253f,-0.9032f,3.3502f,0f,0f,0f,1f],start_interpolation: 0,interpolation_duration: 1}
$data merge entity $(bone_tongue1) {transformation: [-0.9981f,0.0253f,0.0564f,-0.2767f,0.0213f,0.9973f,-0.0698f,3.8966f,-0.058f,-0.0685f,-0.996f,2.5206f,0f,0f,0f,1f],start_interpolation: 0,interpolation_duration: 1}
$data merge entity $(bone_jaw_lips1) {transformation: [-0.9981f,0.0253f,0.0564f,-0.2746f,0.0213f,0.9973f,-0.0698f,3.8293f,-0.058f,-0.0685f,-0.996f,3.4276f,0f,0f,0f,1f],start_interpolation: 0,interpolation_duration: 1}
$data merge entity $(bone_jaw3) {transformation: [-0.9981f,0.0358f,0.0504f,-0.2323f,0.0213f,0.9644f,-0.2636f,3.5112f,-0.058f,-0.262f,-0.9633f,2.5841f,0f,0f,0f,1f],start_interpolation: 0,interpolation_duration: 1}
$data merge entity $(bone_jaw1) {transformation: [-0.9981f,-0.0103f,0.061f,-0.1776f,0.0213f,0.8683f,0.4955f,3.9564f,-0.058f,0.4959f,-0.8664f,1.8057f,0f,0f,0f,1f],start_interpolation: 0,interpolation_duration: 1}
$data merge entity $(bone_tear_right1) {transformation: [-0.9981f,0.0061f,0.0615f,-0.8818f,0.0213f,0.9682f,0.2493f,4.5385f,-0.058f,0.2502f,-0.9665f,2.7128f,0f,0f,0f,1f],start_interpolation: 0,interpolation_duration: 1}
$data merge entity $(bone_right_pupil1) {transformation: [-0.9981f,0.0061f,0.0615f,-0.7003f,0.0213f,0.9682f,0.2493f,4.6264f,-0.058f,0.2502f,-0.9665f,2.8168f,0f,0f,0f,1f],start_interpolation: 0,interpolation_duration: 1}
$data merge entity $(bone_right_sad_pupil1) {transformation: [-0.9981f,0.0061f,0.0615f,-0.6996f,0.0213f,0.9682f,0.2493f,4.6292f,-0.058f,0.2502f,-0.9665f,2.806f,0f,0f,0f,1f],start_interpolation: 0,interpolation_duration: 1}
$data merge entity $(bone_right_happy_pupil1) {transformation: [-0.9981f,0.0061f,0.0615f,-0.7278f,0.0213f,0.9682f,0.2493f,4.6026f,-0.058f,0.2502f,-0.9665f,2.7973f,0f,0f,0f,1f],start_interpolation: 0,interpolation_duration: 1}
$data merge entity $(bone_eyelid_right1) {transformation: [-0.9981f,0.0061f,0.0615f,-0.2338f,0.0213f,0.9682f,0.2493f,4.7057f,-0.058f,0.2502f,-0.9665f,2.2743f,0f,0f,0f,1f],start_interpolation: 0,interpolation_duration: 1}
$data merge entity $(bone_eyelid_expressions_right5) {transformation: [-0.9981f,0.0061f,0.0615f,-0.8278f,0.0213f,0.9682f,0.2493f,4.7407f,-0.058f,0.2502f,-0.9665f,2.8266f,0f,0f,0f,1f],start_interpolation: 0,interpolation_duration: 1}
$data merge entity $(bone_eyelid_expressions_right7) {transformation: [-0.9981f,0.0061f,0.0615f,-0.4915f,0.0213f,0.9682f,0.2493f,4.7335f,-0.058f,0.2502f,-0.9665f,2.8461f,0f,0f,0f,1f],start_interpolation: 0,interpolation_duration: 1}
$data merge entity $(bone_eyelid_expressions_right6) {transformation: [-0.9981f,0.0061f,0.0615f,-0.6036f,0.0213f,0.9682f,0.2493f,4.7359f,-0.058f,0.2502f,-0.9665f,2.8396f,0f,0f,0f,1f],start_interpolation: 0,interpolation_duration: 1}
$data merge entity $(bone_right_eye1) {transformation: [-0.9981f,0.0061f,0.0615f,-0.2457f,0.0213f,0.9682f,0.2493f,4.7031f,-0.058f,0.2502f,-0.9665f,2.2845f,0f,0f,0f,1f],start_interpolation: 0,interpolation_duration: 1}
$data merge entity $(bone_tear_left1) {transformation: [-0.9981f,0.0061f,0.0615f,0.3288f,0.0213f,0.9682f,0.2493f,4.5126f,-0.058f,0.2502f,-0.9665f,2.7832f,0f,0f,0f,1f],start_interpolation: 0,interpolation_duration: 1}
$data merge entity $(bone_left_sad_pupil1) {transformation: [-0.9981f,0.0061f,0.0615f,0.1411f,0.0213f,0.9682f,0.2493f,4.6113f,-0.058f,0.2502f,-0.9665f,2.8548f,0f,0f,0f,1f],start_interpolation: 0,interpolation_duration: 1}
$data merge entity $(bone_left_pupil1) {transformation: [-0.9981f,0.0061f,0.0615f,0.1404f,0.0213f,0.9682f,0.2493f,4.6085f,-0.058f,0.2502f,-0.9665f,2.8657f,0f,0f,0f,1f],start_interpolation: 0,interpolation_duration: 1}
$data merge entity $(bone_eyelid_left1) {transformation: [-0.9981f,0.0061f,0.0615f,-0.2563f,0.0213f,0.9682f,0.2493f,4.7061f,-0.058f,0.2502f,-0.9665f,2.273f,0f,0f,0f,1f],start_interpolation: 0,interpolation_duration: 1}
$data merge entity $(bone_left_happy_pupil1) {transformation: [-0.9981f,0.0061f,0.0615f,0.169f,0.0213f,0.9682f,0.2493f,4.5835f,-0.058f,0.2502f,-0.9665f,2.8494f,0f,0f,0f,1f],start_interpolation: 0,interpolation_duration: 1}
$data merge entity $(bone_eyelid_expressions_left5) {transformation: [-0.9981f,0.0061f,0.0615f,0.2707f,0.0213f,0.9682f,0.2493f,4.7173f,-0.058f,0.2502f,-0.9665f,2.8904f,0f,0f,0f,1f],start_interpolation: 0,interpolation_duration: 1}
$data merge entity $(bone_eyelid_expressions_left7) {transformation: [-0.9981f,0.0061f,0.0615f,-0.0656f,0.0213f,0.9682f,0.2493f,4.7244f,-0.058f,0.2502f,-0.9665f,2.8709f,0f,0f,0f,1f],start_interpolation: 0,interpolation_duration: 1}
$data merge entity $(bone_eyelid_expressions_left6) {transformation: [-0.9981f,0.0061f,0.0615f,0.0465f,0.0213f,0.9682f,0.2493f,4.722f,-0.058f,0.2502f,-0.9665f,2.8774f,0f,0f,0f,1f],start_interpolation: 0,interpolation_duration: 1}
$data merge entity $(bone_left_eye1) {transformation: [-0.9981f,0.0061f,0.0615f,-0.2457f,0.0213f,0.9682f,0.2493f,4.7031f,-0.058f,0.2502f,-0.9665f,2.2845f,0f,0f,0f,1f],start_interpolation: 0,interpolation_duration: 1}
$data merge entity $(bone_crest_middle5) {transformation: [-0.9981f,0.0193f,0.0587f,-0.2666f,0.0213f,0.9992f,0.0339f,5.9258f,-0.058f,0.0351f,-0.9977f,3.0919f,0f,0f,0f,1f],start_interpolation: 0,interpolation_duration: 1}
$data merge entity $(bone_crest_middle4) {transformation: [-0.9981f,0.0193f,0.0587f,-0.2796f,0.0213f,0.9992f,0.0339f,5.2526f,-0.058f,0.0351f,-0.9977f,3.0683f,0f,0f,0f,1f],start_interpolation: 0,interpolation_duration: 1}
$data merge entity $(bone_crest_middle1) {transformation: [-0.9981f,0.0193f,0.0587f,-0.2943f,0.0213f,0.9992f,0.0339f,4.7447f,-0.058f,0.0351f,-0.9977f,3.1346f,0f,0f,0f,1f],start_interpolation: 0,interpolation_duration: 1}
$data merge entity $(bone_crest_left5) {transformation: [-0.5414f,-0.8233f,0.1704f,-1.379f,-0.8051f,0.5661f,0.177f,5.3038f,-0.2422f,-0.0414f,-0.9693f,2.9629f,0f,0f,0f,1f],start_interpolation: 0,interpolation_duration: 1}
$data merge entity $(bone_crest_left4) {transformation: [-0.5414f,-0.8233f,0.1704f,-0.9167f,-0.8051f,0.5661f,0.177f,4.986f,-0.2422f,-0.0414f,-0.9693f,2.9862f,0f,0f,0f,1f],start_interpolation: 0,interpolation_duration: 1}
$data merge entity $(bone_crest_left1) {transformation: [-0.5414f,-0.8233f,0.1704f,-0.3986f,-0.8051f,0.5661f,0.177f,4.6462f,-0.2422f,-0.0414f,-0.9693f,2.9573f,0f,0f,0f,1f],start_interpolation: 0,interpolation_duration: 1}
$data merge entity $(bone_crest_center1) {transformation: [-0.9981f,0.0061f,0.0615f,-0.2867f,0.0213f,0.9682f,0.2493f,4.6166f,-0.058f,0.2502f,-0.9665f,2.9568f,0f,0f,0f,1f],start_interpolation: 0,interpolation_duration: 1}
$data merge entity $(bone_crest_right5) {transformation: [-0.5311f,0.8459f,-0.0493f,0.8258f,0.828f,0.5305f,0.1817f,5.2568f,0.1798f,0.0556f,-0.9821f,3.0911f,0f,0f,0f,1f],start_interpolation: 0,interpolation_duration: 1}
$data merge entity $(bone_crest_right4) {transformation: [-0.5311f,0.8459f,-0.0493f,0.3508f,0.828f,0.5305f,0.1817f,4.9589f,0.1798f,0.0556f,-0.9821f,3.0599f,0f,0f,0f,1f],start_interpolation: 0,interpolation_duration: 1}
$data merge entity $(bone_crest_right1) {transformation: [-0.5311f,0.8459f,-0.0493f,-0.1744f,0.828f,0.5305f,0.1817f,4.6414f,0.1798f,0.0556f,-0.9821f,2.9703f,0f,0f,0f,1f],start_interpolation: 0,interpolation_duration: 1}
$data merge entity $(bone_head1) {transformation: [-1.0462f,0.0064f,0.0645f,-0.2081f,0.0223f,1.0148f,0.2614f,4.8027f,-0.0608f,0.2622f,-1.013f,1.6735f,0f,0f,0f,1f],start_interpolation: 0,interpolation_duration: 1}
$data merge entity $(bone_neck10) {transformation: [-1.4899f,0.0015f,0.1496f,-0.1019f,0.0507f,1.4138f,0.4907f,4.7282f,-0.1408f,0.4933f,-1.4068f,0.5232f,0f,0f,0f,1f],start_interpolation: 0,interpolation_duration: 1}
$data merge entity $(bone_neck9) {transformation: [-1.1398f,-0.0159f,0.1134f,-0.0873f,0.0388f,1.0138f,0.5318f,3.41f,-0.1077f,0.533f,-1.0082f,-0.1067f,0f,0f,0f,1f],start_interpolation: 0,interpolation_duration: 1}
$data merge entity $(bone_neck8) {transformation: [-1.0582f,0.0404f,0.0943f,-0.1204f,0.0276f,1.0533f,-0.1419f,2.6286f,-0.0989f,-0.1388f,-1.0494f,0.0299f,0f,0f,0f,1f],start_interpolation: 0,interpolation_duration: 1}
$data merge entity $(bone_neck7) {transformation: [-1.0521f,0.034f,0.0796f,-0.1528f,0f,0.971f,-0.4141f,1.7587f,-0.0865f,-0.4127f,-0.9678f,0.4238f,0f,0f,0f,1f],start_interpolation: 0,interpolation_duration: 1}
$data merge entity $(bone_neck6) {transformation: [-1.0461f,0.0223f,0.0831f,-0.1718f,0f,1.0139f,-0.2717f,0.8605f,-0.0861f,-0.2708f,-1.0105f,0.6544f,0f,0f,0f,1f],start_interpolation: 0,interpolation_duration: 1}
$data merge entity $(bone_neck_spine6) {transformation: [-1.2471f,-0.1491f,-0.206f,0.1161f,-0.1749f,-0.246f,1.2365f,0.7633f,-0.1846f,1.2399f,0.2205f,-1.9591f,0f,0f,0f,1f],start_interpolation: 0,interpolation_duration: 1}
$data merge entity $(bone_neck_spine7) {transformation: [-0.9338f,0.1871f,-0.3049f,-0.0194f,-0.2607f,0.2276f,0.9382f,1.395f,0.245f,0.9556f,-0.1638f,-5.5244f,0f,0f,0f,1f],start_interpolation: 0,interpolation_duration: 1}
$data merge entity $(bone_tail6) {transformation: [-0.965f,0.6316f,-1.2788f,-1.445f,-1.0698f,0.7005f,1.1533f,-0.3465f,0.9432f,1.4407f,-0.0002f,-8.8234f,0f,0f,0f,1f],start_interpolation: 0,interpolation_duration: 1}
$data merge entity $(bone_tail5) {transformation: [-0.7972f,0.5217f,-1.0564f,-1.1155f,-0.8838f,0.5787f,0.9527f,0.019f,0.7791f,1.1902f,-0.0002f,-8.0717f,0f,0f,0f,1f],start_interpolation: 0,interpolation_duration: 1}
$data merge entity $(bone_tail4) {transformation: [-0.5874f,0.3844f,-0.7784f,-0.9507f,-0.6512f,0.4264f,0.702f,0.2017f,0.5741f,0.877f,-0.0001f,-7.6958f,0f,0f,0f,1f],start_interpolation: 0,interpolation_duration: 1}
$data merge entity $(bone_segment18) {transformation: [-0.5604f,0.3668f,-0.7426f,-0.7448f,-0.6213f,0.4068f,0.6697f,0.4301f,0.5477f,0.8367f,-0.0001f,-7.226f,0f,0f,0f,1f],start_interpolation: 0,interpolation_duration: 1}
$data merge entity $(bone_segment17) {transformation: [-0.5604f,0.3668f,-0.7426f,-0.477f,-0.6213f,0.4068f,0.6697f,0.7271f,0.5477f,0.8367f,-0.0001f,-6.6153f,0f,0f,0f,1f],start_interpolation: 0,interpolation_duration: 1}
$data merge entity $(bone_segment16) {transformation: [-0.7799f,0.5188f,-0.3502f,0.0182f,-0.2518f,0.2522f,0.9344f,0.9678f,0.573f,0.8169f,-0.0661f,-5.8355f,0f,0f,0f,1f],start_interpolation: 0,interpolation_duration: 1}
$data merge entity $(bone_segment15) {transformation: [-0.9338f,0.2597f,-0.2461f,0.3244f,-0.2607f,-0.0229f,0.9651f,0.9408f,0.245f,0.9654f,0.0891f,-4.6971f,0f,0f,0f,1f],start_interpolation: 0,interpolation_duration: 1}
$data merge entity $(bone_segment14) {transformation: [-1.0296f,0.0491f,-0.1904f,0.3797f,-0.1964f,-0.3139f,0.9806f,0.5876f,-0.0111f,0.9989f,0.3176f,-3.5734f,0f,0f,0f,1f],start_interpolation: 0,interpolation_duration: 1}
$data merge entity $(bone_segment13) {transformation: [-1.005f,-0.0895f,-0.1844f,0.277f,-0.1409f,-0.3683f,0.9469f,0.1182f,-0.1488f,0.9531f,0.3485f,-2.435f,0f,0f,0f,1f],start_interpolation: 0,interpolation_duration: 1}
$data merge entity $(bone_segment12) {transformation: [-1.0904f,-0.1539f,-0.1781f,0.091f,-0.1497f,-0.198f,1.0876f,-0.1211f,-0.1817f,1.087f,0.1729f,-1.1218f,0f,0f,0f,1f],start_interpolation: 0,interpolation_duration: 1}
$data merge entity $(bone_segment11) {transformation: [-1.1751f,-0.1683f,-0.0893f,-0.0989f,-0.1387f,0.3733f,1.1219f,0.3108f,-0.1306f,1.1178f,-0.3881f,0.1705f,0f,0f,0f,1f],start_interpolation: 0,interpolation_duration: 1}
$data merge entity $(bone_segment10) {transformation: [-1.0449f,-0.0763f,0.0336f,-0.1783f,-0.0471f,0.8892f,0.553f,1.221f,-0.0687f,0.5498f,-0.8898f,0.7332f,0f,0f,0f,1f],start_interpolation: 0,interpolation_duration: 1}
data modify entity @s data merge value {"cameras":{},"locators":{"mouth":{"px":-0.36096417531395336,"py":4.0811657211592385,"pz":4.038236635301449,"ry":178.5963750670033,"rx":75.5075891437543}}}
function animated_java:gyarados/animations/surfacewater_swim/zzz/frames/on_tick/transform_floating_entities