# This file was generated by Animated Java via MC-Build. It is not recommended to edit this file directly.
$data merge entity $(bone_neck_spine5) {transformation: [-1.5686f,0.0369f,0.1002f,0.0701f,0.0581f,1.5326f,0.3461f,4.3507f,-0.0895f,0.349f,-1.5304f,-0.4554f,0f,0f,0f,1f],start_interpolation: 0,interpolation_duration: 1}
$data merge entity $(bone_neck_spine2) {transformation: [-1.4939f,0.0381f,0.0943f,-0.1024f,0.0554f,1.4692f,0.2838f,5.6112f,-0.0853f,0.2867f,-1.4672f,1.4127f,0f,0f,0f,1f],start_interpolation: 0,interpolation_duration: 1}
$data merge entity $(bone_scale_neck_left1) {transformation: [-1.5801f,0.4182f,0.2036f,0.6611f,0.463f,1.3445f,0.8312f,4.7037f,0.0448f,0.8546f,-1.4074f,1.2518f,0f,0f,0f,1f],start_interpolation: 0,interpolation_duration: 1}
$data merge entity $(bone_scale_neck_right1) {transformation: [-1.5946f,-0.4123f,0.0195f,-0.9075f,-0.3453f,1.3753f,0.838f,4.7619f,-0.226f,0.8072f,-1.4179f,1.1623f,0f,0f,0f,1f],start_interpolation: 0,interpolation_duration: 1}
$data merge entity $(bone_blush_right1) {transformation: [-0.9984f,0.0216f,0.0519f,-0.8696f,0.0331f,0.9718f,0.2336f,4.2165f,-0.0454f,0.235f,-0.9709f,2.5359f,0f,0f,0f,1f],start_interpolation: 0,interpolation_duration: 1}
$data merge entity $(bone_blush_left1) {transformation: [-0.9984f,0.0216f,0.0519f,0.4535f,0.0331f,0.9718f,0.2336f,4.1726f,-0.0454f,0.235f,-0.9709f,2.5961f,0f,0f,0f,1f],start_interpolation: 0,interpolation_duration: 1}
$data merge entity $(bone_left_head_scales) {transformation: [-0.9096f,0.0216f,-0.4149f,0.5009f,-0.0785f,0.9718f,0.2225f,4.9734f,0.408f,0.235f,-0.8822f,2.3865f,0f,0f,0f,1f],start_interpolation: 0,interpolation_duration: 1}
$data merge entity $(bone_left_head_scales2) {transformation: [-0.8476f,0.0216f,-0.5301f,0.4727f,-0.1069f,0.9718f,0.2104f,4.061f,0.5197f,0.235f,-0.8214f,2.3389f,0f,0f,0f,1f],start_interpolation: 0,interpolation_duration: 1}
$data merge entity $(bone_left_head_scales1) {transformation: [-0.9984f,0.0216f,0.0519f,0.4984f,0.0331f,0.9718f,0.2336f,4.8643f,-0.0454f,0.235f,-0.9709f,2.3601f,0f,0f,0f,1f],start_interpolation: 0,interpolation_duration: 1}
$data merge entity $(bone_right_head_scales) {transformation: [-0.8616f,0.0216f,0.5071f,-0.8447f,0.1373f,0.9718f,0.1919f,5.0181f,-0.4886f,0.235f,-0.8402f,2.3253f,0f,0f,0f,1f],start_interpolation: 0,interpolation_duration: 1}
$data merge entity $(bone_right_head_scales2) {transformation: [-0.7881f,0.0216f,0.6152f,-0.8728f,0.1611f,0.9718f,0.1724f,4.1057f,-0.5941f,0.235f,-0.7693f,2.2777f,0f,0f,0f,1f],start_interpolation: 0,interpolation_duration: 1}
$data merge entity $(bone_right_head_scales1) {transformation: [-0.9984f,0.0216f,0.0519f,-0.8471f,0.0331f,0.9718f,0.2336f,4.9089f,-0.0454f,0.235f,-0.9709f,2.2989f,0f,0f,0f,1f],start_interpolation: 0,interpolation_duration: 1}
$data merge entity $(bone_head_left_fin1) {transformation: [-0.7572f,0.0611f,-0.7223f,0.4937f,0.1163f,1.0411f,-0.0339f,4.4747f,0.7154f,-0.1047f,-0.7589f,2.1794f,0f,0f,0f,1f],start_interpolation: 0,interpolation_duration: 1}
$data merge entity $(bone_head_right_fin1) {transformation: [-0.6951f,0.0177f,0.7843f,-0.8518f,-0.0681f,1.0426f,-0.0839f,4.5194f,-0.7815f,-0.1067f,-0.6903f,2.1181f,0f,0f,0f,1f],start_interpolation: 0,interpolation_duration: 1}
$data merge entity $(bone_right_whisker16) {transformation: [0.2344f,0.895f,-0.3796f,-1.3631f,0.926f,-0.3244f,-0.193f,1.7961f,-0.2959f,-0.3062f,-0.9048f,2.713f,0f,0f,0f,1f],start_interpolation: 0,interpolation_duration: 1}
$data merge entity $(bone_right_whisker15) {transformation: [-0.8567f,0.3492f,-0.3796f,-1.0745f,0.4425f,0.8758f,-0.193f,1.647f,0.265f,-0.3333f,-0.9048f,2.6238f,0f,0f,0f,1f],start_interpolation: 0,interpolation_duration: 1}
$data merge entity $(bone_right_whisker14) {transformation: [-0.6786f,-0.6289f,-0.3796f,-0.8459f,-0.6067f,0.7711f,-0.193f,1.8514f,0.4141f,0.0993f,-0.9048f,2.4843f,0f,0f,0f,1f],start_interpolation: 0,interpolation_duration: 1}
$data merge entity $(bone_right_whisker13) {transformation: [-0.0936f,-0.983f,-0.1579f,-0.8143f,-0.9955f,0.0951f,-0.0017f,2.1868f,0.0167f,0.1571f,-0.9874f,2.4786f,0f,0f,0f,1f],start_interpolation: 0,interpolation_duration: 1}
$data merge entity $(bone_right_whisker12) {transformation: [0.047f,-0.9899f,-0.1339f,-0.8355f,-0.974f,-0.0752f,0.2138f,2.6244f,-0.2217f,0.1204f,-0.9676f,2.5783f,0f,0f,0f,1f],start_interpolation: 0,interpolation_duration: 1}
$data merge entity $(bone_right_whisker11) {transformation: [0.2974f,-0.948f,-0.1136f,-0.969f,-0.9534f,-0.2884f,-0.0889f,3.0526f,0.0516f,0.1347f,-0.9895f,2.5551f,0f,0f,0f,1f],start_interpolation: 0,interpolation_duration: 1}
$data merge entity $(bone_right_whisker10) {transformation: [0.0991f,-0.9951f,0.003f,-1.0136f,-0.9407f,-0.0947f,-0.3257f,3.4752f,0.3244f,0.0295f,-0.9455f,2.4094f,0f,0f,0f,1f],start_interpolation: 0,interpolation_duration: 1}
$data merge entity $(bone_right_whisker1) {transformation: [-0.3351f,-0.9417f,-0.0317f,-0.863f,-0.9388f,0.3365f,-0.073f,3.897f,0.0795f,0.0053f,-0.9968f,2.3737f,0f,0f,0f,1f],start_interpolation: 0,interpolation_duration: 1}
$data merge entity $(bone_left_whisker16) {transformation: [0.2819f,-0.9354f,0.2132f,1.029f,-0.9263f,-0.3232f,-0.1934f,1.7946f,0.2499f,-0.143f,-0.9577f,2.4997f,0f,0f,0f,1f],start_interpolation: 0,interpolation_duration: 1}
$data merge entity $(bone_left_whisker15) {transformation: [-0.8906f,-0.4016f,0.2132f,0.7289f,-0.4414f,0.8762f,-0.1934f,1.6459f,-0.1092f,-0.2664f,-0.9577f,2.463f,0f,0f,0f,1f],start_interpolation: 0,interpolation_duration: 1}
$data merge entity $(bone_left_whisker14) {transformation: [-0.7404f,0.6375f,0.2132f,0.4795f,0.6076f,0.7703f,-0.1934f,1.8506f,-0.2876f,-0.0136f,-0.9577f,2.3661f,0f,0f,0f,1f],start_interpolation: 0,interpolation_duration: 1}
$data merge entity $(bone_left_whisker13) {transformation: [-0.0939f,0.9954f,-0.0193f,0.4478f,0.9956f,0.0939f,-0.0018f,2.1861f,0.0001f,-0.0193f,-0.9998f,2.3661f,0f,0f,0f,1f],start_interpolation: 0,interpolation_duration: 1}
$data merge entity $(bone_left_whisker12) {transformation: [0.0867f,0.9955f,-0.0391f,0.4868f,0.9739f,-0.0764f,0.2138f,2.6235f,0.2098f,-0.0566f,-0.9761f,2.4604f,0f,0f,0f,1f],start_interpolation: 0,interpolation_duration: 1}
$data merge entity $(bone_left_whisker11) {transformation: [0.2847f,0.9565f,-0.0634f,0.6147f,0.953f,-0.2896f,-0.089f,3.0517f,-0.1035f,-0.0351f,-0.994f,2.4139f,0f,0f,0f,1f],start_interpolation: 0,interpolation_duration: 1}
$data merge entity $(bone_left_whisker10) {transformation: [0.0413f,0.9845f,-0.1706f,0.6332f,0.9406f,-0.0959f,-0.3256f,3.4742f,-0.3369f,-0.1471f,-0.93f,2.2625f,0f,0f,0f,1f],start_interpolation: 0,interpolation_duration: 1}
$data merge entity $(bone_left_whisker1) {transformation: [-0.3427f,0.9282f,-0.1452f,0.4793f,0.9393f,0.3354f,-0.073f,3.8961f,-0.019f,-0.1614f,-0.9867f,2.254f,0f,0f,0f,1f],start_interpolation: 0,interpolation_duration: 1}
$data merge entity $(bone_upper_left_tooth1) {transformation: [-0.9984f,0.026f,0.0499f,0.0632f,0.0331f,0.9884f,0.1481f,4.1006f,-0.0454f,0.1495f,-0.9877f,3.3337f,0f,0f,0f,1f],start_interpolation: 0,interpolation_duration: 1}
$data merge entity $(bone_upper_right_tooth1) {transformation: [-0.9984f,0.026f,0.0499f,-0.6096f,0.0331f,0.9884f,0.1481f,4.1229f,-0.0454f,0.1495f,-0.9877f,3.3031f,0f,0f,0f,1f],start_interpolation: 0,interpolation_duration: 1}
$data merge entity $(bone_top_lip1) {transformation: [-0.9984f,0.0467f,0.0314f,-0.2419f,0.0331f,0.9388f,-0.3428f,4.233f,-0.0454f,-0.3412f,-0.9389f,3.3382f,0f,0f,0f,1f],start_interpolation: 0,interpolation_duration: 1}
$data merge entity $(bone_muzzle1) {transformation: [-0.9984f,0.026f,0.0499f,-0.2095f,0.0331f,0.9884f,0.1481f,4.4826f,-0.0454f,0.1495f,-0.9877f,2.8087f,0f,0f,0f,1f],start_interpolation: 0,interpolation_duration: 1}
$data merge entity $(bone_jaw_right_tooth1) {transformation: [-0.9984f,0.0496f,0.0265f,-0.6146f,0.0331f,0.8993f,-0.4361f,4.0073f,-0.0454f,-0.4345f,-0.8995f,3.3302f,0f,0f,0f,1f],start_interpolation: 0,interpolation_duration: 1}
$data merge entity $(bone_jaw_left_tooth1) {transformation: [-0.9984f,0.0496f,0.0265f,0.1142f,0.0331f,0.8993f,-0.4361f,3.9831f,-0.0454f,-0.4345f,-0.8995f,3.3634f,0f,0f,0f,1f],start_interpolation: 0,interpolation_duration: 1}
$data merge entity $(bone_tongue1) {transformation: [-0.9984f,0.0362f,0.043f,-0.2158f,0.0331f,0.997f,-0.07f,3.9253f,-0.0454f,-0.0685f,-0.9966f,2.5392f,0f,0f,0f,1f],start_interpolation: 0,interpolation_duration: 1}
$data merge entity $(bone_jaw_lips1) {transformation: [-0.9984f,0.0362f,0.043f,-0.2031f,0.0331f,0.997f,-0.07f,3.8575f,-0.0454f,-0.0685f,-0.9966f,3.446f,0f,0f,0f,1f],start_interpolation: 0,interpolation_duration: 1}
$data merge entity $(bone_jaw3) {transformation: [-0.9984f,0.0443f,0.0347f,-0.1756f,0.0331f,0.9614f,-0.2733f,3.531f,-0.0454f,-0.2717f,-0.9613f,2.6052f,0f,0f,0f,1f],start_interpolation: 0,interpolation_duration: 1}
$data merge entity $(bone_jaw1) {transformation: [-0.9984f,0.0068f,0.0558f,-0.1255f,0.0331f,0.873f,0.4865f,3.9682f,-0.0454f,0.4876f,-0.8719f,1.8219f,0f,0f,0f,1f],start_interpolation: 0,interpolation_duration: 1}
$data merge entity $(bone_tear_right1) {transformation: [-0.9984f,0.0216f,0.0519f,-0.8103f,0.0331f,0.9718f,0.2336f,4.573f,-0.0454f,0.235f,-0.9709f,2.7289f,0f,0f,0f,1f],start_interpolation: 0,interpolation_duration: 1}
$data merge entity $(bone_right_pupil1) {transformation: [-0.9984f,0.0216f,0.0519f,-0.6264f,0.0331f,0.9718f,0.2336f,4.6602f,-0.0454f,0.235f,-0.9709f,2.8292f,0f,0f,0f,1f],start_interpolation: 0,interpolation_duration: 1}
$data merge entity $(bone_right_sad_pupil1) {transformation: [-0.9984f,0.0216f,0.0519f,-0.6258f,0.0331f,0.9718f,0.2336f,4.6629f,-0.0454f,0.235f,-0.9709f,2.8183f,0f,0f,0f,1f],start_interpolation: 0,interpolation_duration: 1}
$data merge entity $(bone_right_happy_pupil1) {transformation: [-0.9984f,0.0216f,0.0519f,-0.6544f,0.0331f,0.9718f,0.2336f,4.6365f,-0.0454f,0.235f,-0.9709f,2.8104f,0f,0f,0f,1f],start_interpolation: 0,interpolation_duration: 1}
$data merge entity $(bone_eyelid_right1) {transformation: [-0.9984f,0.0216f,0.0519f,-0.1662f,0.0331f,0.9718f,0.2336f,4.7252f,-0.0454f,0.235f,-0.9709f,2.2795f,0f,0f,0f,1f],start_interpolation: 0,interpolation_duration: 1}
$data merge entity $(bone_eyelid_expressions_right5) {transformation: [-0.9984f,0.0216f,0.0519f,-0.7523f,0.0331f,0.9718f,0.2336f,4.7763f,-0.0454f,0.235f,-0.9709f,2.8388f,0f,0f,0f,1f],start_interpolation: 0,interpolation_duration: 1}
$data merge entity $(bone_eyelid_expressions_right7) {transformation: [-0.9984f,0.0216f,0.0519f,-0.416f,0.0331f,0.9718f,0.2336f,4.7651f,-0.0454f,0.235f,-0.9709f,2.8541f,0f,0f,0f,1f],start_interpolation: 0,interpolation_duration: 1}
$data merge entity $(bone_eyelid_expressions_right6) {transformation: [-0.9984f,0.0216f,0.0519f,-0.5281f,0.0331f,0.9718f,0.2336f,4.7688f,-0.0454f,0.235f,-0.9709f,2.849f,0f,0f,0f,1f],start_interpolation: 0,interpolation_duration: 1}
$data merge entity $(bone_right_eye1) {transformation: [-0.9984f,0.0216f,0.0519f,-0.178f,0.0331f,0.9718f,0.2336f,4.7229f,-0.0454f,0.235f,-0.9709f,2.2899f,0f,0f,0f,1f],start_interpolation: 0,interpolation_duration: 1}
$data merge entity $(bone_tear_left1) {transformation: [-0.9984f,0.0216f,0.0519f,0.4006f,0.0331f,0.9718f,0.2336f,4.5328f,-0.0454f,0.235f,-0.9709f,2.784f,0f,0f,0f,1f],start_interpolation: 0,interpolation_duration: 1}
$data merge entity $(bone_left_sad_pupil1) {transformation: [-0.9984f,0.0216f,0.0519f,0.2151f,0.0331f,0.9718f,0.2336f,4.635f,-0.0454f,0.235f,-0.9709f,2.8565f,0f,0f,0f,1f],start_interpolation: 0,interpolation_duration: 1}
$data merge entity $(bone_left_pupil1) {transformation: [-0.9984f,0.0216f,0.0519f,0.2146f,0.0331f,0.9718f,0.2336f,4.6323f,-0.0454f,0.235f,-0.9709f,2.8674f,0f,0f,0f,1f],start_interpolation: 0,interpolation_duration: 1}
$data merge entity $(bone_eyelid_left1) {transformation: [-0.9984f,0.0216f,0.0519f,-0.1886f,0.0331f,0.9718f,0.2336f,4.7259f,-0.0454f,0.235f,-0.9709f,2.2785f,0f,0f,0f,1f],start_interpolation: 0,interpolation_duration: 1}
$data merge entity $(bone_left_happy_pupil1) {transformation: [-0.9984f,0.0216f,0.0519f,0.2426f,0.0331f,0.9718f,0.2336f,4.6068f,-0.0454f,0.235f,-0.9709f,2.8512f,0f,0f,0f,1f],start_interpolation: 0,interpolation_duration: 1}
$data merge entity $(bone_eyelid_expressions_left5) {transformation: [-0.9984f,0.0216f,0.0519f,0.3465f,0.0331f,0.9718f,0.2336f,4.7398f,-0.0454f,0.235f,-0.9709f,2.8888f,0f,0f,0f,1f],start_interpolation: 0,interpolation_duration: 1}
$data merge entity $(bone_eyelid_expressions_left7) {transformation: [-0.9984f,0.0216f,0.0519f,0.0101f,0.0331f,0.9718f,0.2336f,4.751f,-0.0454f,0.235f,-0.9709f,2.8735f,0f,0f,0f,1f],start_interpolation: 0,interpolation_duration: 1}
$data merge entity $(bone_eyelid_expressions_left6) {transformation: [-0.9984f,0.0216f,0.0519f,0.1223f,0.0331f,0.9718f,0.2336f,4.7473f,-0.0454f,0.235f,-0.9709f,2.8786f,0f,0f,0f,1f],start_interpolation: 0,interpolation_duration: 1}
$data merge entity $(bone_left_eye1) {transformation: [-0.9984f,0.0216f,0.0519f,-0.178f,0.0331f,0.9718f,0.2336f,4.7229f,-0.0454f,0.235f,-0.9709f,2.2899f,0f,0f,0f,1f],start_interpolation: 0,interpolation_duration: 1}
$data merge entity $(bone_crest_middle5) {transformation: [-0.9984f,0.0323f,0.046f,-0.1729f,0.0331f,0.9993f,0.0178f,5.9581f,-0.0454f,0.0193f,-0.9988f,3.0784f,0f,0f,0f,1f],start_interpolation: 0,interpolation_duration: 1}
$data merge entity $(bone_crest_middle4) {transformation: [-0.9984f,0.0323f,0.046f,-0.1946f,0.0331f,0.9993f,0.0178f,5.2848f,-0.0454f,0.0193f,-0.9988f,3.0654f,0f,0f,0f,1f],start_interpolation: 0,interpolation_duration: 1}
$data merge entity $(bone_crest_middle1) {transformation: [-0.9984f,0.0323f,0.046f,-0.2148f,0.0331f,0.9993f,0.0178f,4.7782f,-0.0454f,0.0193f,-0.9988f,3.1398f,0f,0f,0f,1f],start_interpolation: 0,interpolation_duration: 1}
$data merge entity $(bone_crest_left5) {transformation: [-0.5546f,-0.8166f,0.1599f,-1.2946f,-0.8018f,0.5759f,0.1598f,5.3484f,-0.2226f,-0.0395f,-0.9741f,2.9735f,0f,0f,0f,1f],start_interpolation: 0,interpolation_duration: 1}
$data merge entity $(bone_crest_left4) {transformation: [-0.5546f,-0.8166f,0.1599f,-0.836f,-0.8018f,0.5759f,0.1598f,5.0251f,-0.2226f,-0.0395f,-0.9741f,2.9957f,0f,0f,0f,1f],start_interpolation: 0,interpolation_duration: 1}
$data merge entity $(bone_crest_left1) {transformation: [-0.5546f,-0.8166f,0.1599f,-0.3227f,-0.8018f,0.5759f,0.1598f,4.6783f,-0.2226f,-0.0395f,-0.9741f,2.9654f,0f,0f,0f,1f],start_interpolation: 0,interpolation_duration: 1}
$data merge entity $(bone_crest_center1) {transformation: [-0.9984f,0.0216f,0.0519f,-0.2111f,0.0331f,0.9718f,0.2336f,4.6473f,-0.0454f,0.235f,-0.9709f,2.9639f,0f,0f,0f,1f],start_interpolation: 0,interpolation_duration: 1}
$data merge entity $(bone_crest_right5) {transformation: [-0.5183f,0.8531f,-0.0599f,0.9109f,0.8374f,0.5205f,0.1671f,5.2752f,0.1738f,0.0364f,-0.9841f,3.0739f,0f,0f,0f,1f],start_interpolation: 0,interpolation_duration: 1}
$data merge entity $(bone_crest_right4) {transformation: [-0.5183f,0.8531f,-0.0599f,0.4319f,0.8374f,0.5205f,0.1671f,4.983f,0.1738f,0.0364f,-0.9841f,3.0534f,0f,0f,0f,1f],start_interpolation: 0,interpolation_duration: 1}
$data merge entity $(bone_crest_right1) {transformation: [-0.5183f,0.8531f,-0.0599f,-0.0984f,0.8374f,0.5205f,0.1671f,4.6709f,0.1738f,0.0364f,-0.9841f,2.9756f,0f,0f,0f,1f],start_interpolation: 0,interpolation_duration: 1}
$data merge entity $(bone_head1) {transformation: [-1.0465f,0.0226f,0.0544f,-0.1471f,0.0347f,1.0186f,0.2449f,4.8127f,-0.0476f,0.2463f,-1.0177f,1.677f,0f,0f,0f,1f],start_interpolation: 0,interpolation_duration: 1}
$data merge entity $(bone_neck10) {transformation: [-1.4939f,0.0255f,0.0984f,-0.0846f,0.0554f,1.4196f,0.4732f,4.7239f,-0.0853f,0.4757f,-1.4173f,0.5245f,0f,0f,0f,1f],start_interpolation: 0,interpolation_duration: 1}
$data merge entity $(bone_neck9) {transformation: [-1.1429f,0.0071f,0.0774f,-0.0974f,0.0423f,1.0133f,0.5326f,3.4064f,-0.0652f,0.5342f,-1.0112f,-0.1068f,0f,0f,0f,1f],start_interpolation: 0,interpolation_duration: 1}
$data merge entity $(bone_neck8) {transformation: [-1.061f,0.0402f,0.0547f,-0.1291f,0.0325f,1.053f,-0.143f,2.6252f,-0.0596f,-0.1411f,-1.0521f,0.0315f,0f,0f,0f,1f],start_interpolation: 0,interpolation_duration: 1}
$data merge entity $(bone_neck7) {transformation: [-1.0547f,0.0178f,0.0419f,-0.1461f,0f,0.9716f,-0.4129f,1.7549f,-0.0455f,-0.4125f,-0.9707f,0.4253f,0f,0f,0f,1f],start_interpolation: 0,interpolation_duration: 1}
$data merge entity $(bone_neck6) {transformation: [-1.0487f,0.0117f,0.0437f,-0.1561f,0f,1.0139f,-0.2717f,0.8566f,-0.0453f,-0.2714f,-1.013f,0.6565f,0f,0f,0f,1f],start_interpolation: 0,interpolation_duration: 1}
$data merge entity $(bone_neck_spine6) {transformation: [-1.2327f,-0.2153f,-0.2327f,0.0405f,-0.1799f,-0.2939f,1.2252f,0.7802f,-0.261f,1.2195f,0.2542f,-1.949f,0f,0f,0f,1f],start_interpolation: 0,interpolation_duration: 1}
$data merge entity $(bone_neck_spine7) {transformation: [-0.9672f,0.0332f,-0.2518f,0.2838f,-0.2437f,0.1577f,0.9569f,1.603f,0.0715f,0.9869f,-0.1445f,-5.4897f,0f,0f,0f,1f],start_interpolation: 0,interpolation_duration: 1}
$data merge entity $(bone_tail6) {transformation: [-1.1454f,0.3991f,-1.2223f,-0.6125f,-1.0869f,0.5741f,1.206f,0.1504f,0.687f,1.5737f,-0.1299f,-9.099f,0f,0f,0f,1f],start_interpolation: 0,interpolation_duration: 1}
$data merge entity $(bone_tail5) {transformation: [-0.9462f,0.3297f,-1.0098f,-0.4043f,-0.8979f,0.4742f,0.9962f,0.4499f,0.5675f,1.3f,-0.1073f,-8.278f,0f,0f,0f,1f],start_interpolation: 0,interpolation_duration: 1}
$data merge entity $(bone_tail4) {transformation: [-0.6972f,0.243f,-0.744f,-0.3001f,-0.6616f,0.3494f,0.7341f,0.5997f,0.4182f,0.9579f,-0.0791f,-7.8675f,0f,0f,0f,1f],start_interpolation: 0,interpolation_duration: 1}
$data merge entity $(bone_segment18) {transformation: [-0.6651f,0.2318f,-0.7098f,-0.17f,-0.6312f,0.3334f,0.7003f,0.7869f,0.399f,0.9139f,-0.0754f,-7.3543f,0f,0f,0f,1f],start_interpolation: 0,interpolation_duration: 1}
$data merge entity $(bone_segment17) {transformation: [-0.6651f,0.2318f,-0.7098f,-0.0008f,-0.6312f,0.3334f,0.7003f,1.0302f,0.399f,0.9139f,-0.0754f,-6.6872f,0f,0f,0f,1f],start_interpolation: 0,interpolation_duration: 1}
$data merge entity $(bone_segment16) {transformation: [-0.8716f,0.3799f,-0.3098f,0.3619f,-0.2617f,0.1739f,0.9494f,1.1962f,0.4146f,0.9085f,-0.0521f,-5.8199f,0f,0f,0f,1f],start_interpolation: 0,interpolation_duration: 1}
$data merge entity $(bone_segment15) {transformation: [-0.9672f,0.0973f,-0.2346f,0.4766f,-0.2437f,-0.0953f,0.9651f,1.0838f,0.0715f,0.9907f,0.1159f,-4.6517f,0f,0f,0f,1f],start_interpolation: 0,interpolation_duration: 1}
$data merge entity $(bone_segment14) {transformation: [-1.0229f,-0.0716f,-0.2172f,0.3961f,-0.179f,-0.3697f,0.9644f,0.668f,-0.1424f,0.9782f,0.3485f,-3.5512f,0f,0f,0f,1f],start_interpolation: 0,interpolation_duration: 1}
$data merge entity $(bone_segment13) {transformation: [-0.9934f,-0.1383f,-0.2148f,0.2354f,-0.145f,-0.4047f,0.9313f,0.155f,-0.2103f,0.9323f,0.3724f,-2.4386f,0f,0f,0f,1f],start_interpolation: 0,interpolation_duration: 1}
$data merge entity $(bone_segment12) {transformation: [-1.0867f,-0.1548f,-0.1988f,0.0484f,-0.1659f,-0.2229f,1.0804f,-0.1143f,-0.1896f,1.082f,0.1942f,-1.1314f,0f,0f,0f,1f],start_interpolation: 0,interpolation_duration: 1}
$data merge entity $(bone_segment11) {transformation: [-1.1777f,-0.1379f,-0.1058f,-0.107f,-0.1437f,0.3645f,1.1241f,0.3075f,-0.0978f,1.1248f,-0.3773f,0.1688f,0f,0f,0f,1f],start_interpolation: 0,interpolation_duration: 1}
$data merge entity $(bone_segment10) {transformation: [-1.047f,-0.049f,0.0063f,-0.1595f,-0.0383f,0.8887f,0.5545f,1.2171f,-0.0312f,0.5536f,-0.8895f,0.7355f,0f,0f,0f,1f],start_interpolation: 0,interpolation_duration: 1}
data modify entity @s data merge value {"cameras":{},"locators":{"mouth":{"px":-0.27795694743755067,"py":4.129561978311784,"pz":4.054436804728821,"ry":174.7602328893312,"rx":76.35080481114893}}}
function animated_java:gyarados/animations/surfacewater_swim/zzz/frames/on_tick/transform_floating_entities