# This file was generated by Animated Java via MC-Build. It is not recommended to edit this file directly.
$data merge entity $(bone_neck_spine5) {transformation: [-1.5711f,0.051f,0.0343f,0.0539f,0.0573f,1.5335f,0.3423f,4.3457f,-0.0224f,0.3433f,-1.5342f,-0.4676f,0f,0f,0f,1f],start_interpolation: 0,interpolation_duration: 1}
$data merge entity $(bone_neck_spine2) {transformation: [-1.4962f,0.05f,0.0306f,-0.0384f,0.0546f,1.4733f,0.262f,5.6216f,-0.0213f,0.2629f,-1.474f,1.392f,0f,0f,0f,1f],start_interpolation: 0,interpolation_duration: 1}
$data merge entity $(bone_scale_neck_left1) {transformation: [-1.5768f,0.4544f,0.1422f,0.7177f,0.4641f,1.3569f,0.8102f,4.7116f,0.1063f,0.8157f,-1.427f,1.2116f,0f,0f,0f,1f],start_interpolation: 0,interpolation_duration: 1}
$data merge entity $(bone_scale_neck_right1) {transformation: [-1.6028f,-0.3774f,-0.0422f,-0.8534f,-0.3481f,1.3873f,0.8169f,4.7689f,-0.1516f,0.8038f,-1.4297f,1.1892f,0f,0f,0f,1f],start_interpolation: 0,interpolation_duration: 1}
$data merge entity $(bone_blush_right1) {transformation: [-0.9987f,0.0338f,0.0369f,-0.7837f,0.041f,0.9753f,0.2171f,4.2515f,-0.0287f,0.2184f,-0.9754f,2.5508f,0f,0f,0f,1f],start_interpolation: 0,interpolation_duration: 1}
$data merge entity $(bone_blush_left1) {transformation: [-0.9987f,0.0338f,0.0369f,0.5398f,0.041f,0.9753f,0.2171f,4.1971f,-0.0287f,0.2184f,-0.9754f,2.5888f,0f,0f,0f,1f],start_interpolation: 0,interpolation_duration: 1}
$data merge entity $(bone_left_head_scales) {transformation: [-0.9029f,0.0338f,-0.4284f,0.5902f,-0.0639f,0.9753f,0.2116f,4.9939f,0.425f,0.2184f,-0.8785f,2.3651f,0f,0f,0f,1f],start_interpolation: 0,interpolation_duration: 1}
$data merge entity $(bone_left_head_scales2) {transformation: [-0.8393f,0.0338f,-0.5426f,0.5536f,-0.091f,0.9753f,0.2014f,4.0811f,0.536f,0.2184f,-0.8155f,2.3332f,0f,0f,0f,1f],start_interpolation: 0,interpolation_duration: 1}
$data merge entity $(bone_left_head_scales1) {transformation: [-0.9987f,0.0338f,0.0369f,0.5864f,0.041f,0.9753f,0.2171f,4.8844f,-0.0287f,0.2184f,-0.9754f,2.3406f,0f,0f,0f,1f],start_interpolation: 0,interpolation_duration: 1}
$data merge entity $(bone_right_head_scales) {transformation: [-0.8689f,0.0338f,0.4939f,-0.7558f,0.1366f,0.9753f,0.1737f,5.0492f,-0.4758f,0.2184f,-0.852f,2.3265f,0f,0f,0f,1f],start_interpolation: 0,interpolation_duration: 1}
$data merge entity $(bone_right_head_scales2) {transformation: [-0.7969f,0.0338f,0.6031f,-0.7923f,0.1581f,0.9753f,0.1544f,4.1364f,-0.583f,0.2184f,-0.7826f,2.2946f,0f,0f,0f,1f],start_interpolation: 0,interpolation_duration: 1}
$data merge entity $(bone_right_head_scales1) {transformation: [-0.9987f,0.0338f,0.0369f,-0.7596f,0.041f,0.9753f,0.2171f,4.9397f,-0.0287f,0.2184f,-0.9754f,2.302f,0f,0f,0f,1f],start_interpolation: 0,interpolation_duration: 1}
$data merge entity $(bone_head_left_fin1) {transformation: [-0.7435f,0.0679f,-0.7357f,0.5753f,0.1347f,1.0387f,-0.0402f,4.492f,0.7264f,-0.123f,-0.7456f,2.1665f,0f,0f,0f,1f],start_interpolation: 0,interpolation_duration: 1}
$data merge entity $(bone_head_right_fin1) {transformation: [-0.7092f,0.0246f,0.7714f,-0.7707f,-0.075f,1.0405f,-0.1021f,4.5472f,-0.7681f,-0.1243f,-0.7023f,2.1278f,0f,0f,0f,1f],start_interpolation: 0,interpolation_duration: 1}
$data merge entity $(bone_right_whisker16) {transformation: [0.2371f,0.887f,-0.3963f,-1.2947f,0.9185f,-0.3376f,-0.206f,1.8395f,-0.3165f,-0.3151f,-0.8947f,2.7792f,0f,0f,0f,1f],start_interpolation: 0,interpolation_duration: 1}
$data merge entity $(bone_right_whisker15) {transformation: [-0.8484f,0.3509f,-0.3963f,-1.0089f,0.4546f,0.8666f,-0.206f,1.6863f,0.2711f,-0.3549f,-0.8947f,2.6878f,0f,0f,0f,1f],start_interpolation: 0,interpolation_duration: 1}
$data merge entity $(bone_right_whisker14) {transformation: [-0.6766f,-0.6207f,-0.3963f,-0.7809f,-0.5932f,0.7782f,-0.206f,1.8862f,0.4362f,0.0957f,-0.8947f,2.5409f,0f,0f,0f,1f],start_interpolation: 0,interpolation_duration: 1}
$data merge entity $(bone_right_whisker13) {transformation: [-0.1017f,-0.9794f,-0.1745f,-0.7467f,-0.9942f,0.1064f,-0.0181f,2.2212f,0.0363f,0.1716f,-0.9845f,2.5286f,0f,0f,0f,1f],start_interpolation: 0,interpolation_duration: 1}
$data merge entity $(bone_right_whisker12) {transformation: [0.0351f,-0.9883f,-0.1483f,-0.7624f,-0.9782f,-0.0644f,0.1975f,2.6606f,-0.2048f,0.1381f,-0.969f,2.6206f,0f,0f,0f,1f],start_interpolation: 0,interpolation_duration: 1}
$data merge entity $(bone_right_whisker11) {transformation: [0.2902f,-0.948f,-0.1309f,-0.8928f,-0.9548f,-0.2777f,-0.1058f,3.0895f,0.0639f,0.1557f,-0.9857f,2.5919f,0f,0f,0f,1f],start_interpolation: 0,interpolation_duration: 1}
$data merge entity $(bone_right_whisker10) {transformation: [0.0966f,-0.9952f,-0.0156f,-0.9362f,-0.9355f,-0.0855f,-0.3427f,3.5098f,0.3397f,0.0477f,-0.9393f,2.4393f,0f,0f,0f,1f],start_interpolation: 0,interpolation_duration: 1}
$data merge entity $(bone_right_whisker1) {transformation: [-0.3415f,-0.9386f,-0.049f,-0.7828f,-0.9343f,0.3447f,-0.0907f,3.9295f,0.102f,0.0148f,-0.9947f,2.3935f,0f,0f,0f,1f],start_interpolation: 0,interpolation_duration: 1}
$data merge entity $(bone_left_whisker16) {transformation: [0.2783f,-0.9404f,0.1956f,1.0934f,-0.9241f,-0.3176f,-0.2125f,1.8134f,0.2619f,-0.1216f,-0.9574f,2.5263f,0f,0f,0f,1f],start_interpolation: 0,interpolation_duration: 1}
$data merge entity $(bone_left_whisker15) {transformation: [-0.896f,-0.3986f,0.1956f,0.7915f,-0.4355f,0.8747f,-0.2125f,1.6667f,-0.0864f,-0.2755f,-0.9574f,2.4972f,0f,0f,0f,1f],start_interpolation: 0,interpolation_duration: 1}
$data merge entity $(bone_left_whisker14) {transformation: [-0.74f,0.6436f,0.1956f,0.5422f,0.6087f,0.7644f,-0.2125f,1.8718f,-0.2862f,-0.0382f,-0.9574f,2.4007f,0f,0f,0f,1f],start_interpolation: 0,interpolation_duration: 1}
$data merge entity $(bone_left_whisker13) {transformation: [-0.0855f,0.9957f,-0.036f,0.5134f,0.9962f,0.0848f,-0.0196f,2.2074f,-0.0164f,-0.0375f,-0.9992f,2.3952f,0f,0f,0f,1f],start_interpolation: 0,interpolation_duration: 1}
$data merge entity $(bone_left_whisker12) {transformation: [0.0984f,0.9937f,-0.0537f,0.5576f,0.9767f,-0.0861f,0.1965f,2.6462f,0.1906f,-0.0717f,-0.979f,2.4808f,0f,0f,0f,1f],start_interpolation: 0,interpolation_duration: 1}
$data merge entity $(bone_left_whisker11) {transformation: [0.2909f,0.9533f,-0.0808f,0.6883f,0.9485f,-0.2984f,-0.1063f,3.0722f,-0.1254f,-0.0457f,-0.991f,2.4245f,0f,0f,0f,1f],start_interpolation: 0,interpolation_duration: 1}
$data merge entity $(bone_left_whisker10) {transformation: [0.0435f,0.981f,-0.1889f,0.7078f,0.934f,-0.1071f,-0.3408f,3.4918f,-0.3546f,-0.1616f,-0.921f,2.2652f,0f,0f,0f,1f],start_interpolation: 0,interpolation_duration: 1}
$data merge entity $(bone_left_whisker1) {transformation: [-0.3351f,0.9281f,-0.1623f,0.5573f,0.9417f,0.3243f,-0.0895f,3.9148f,-0.0304f,-0.1828f,-0.9827f,2.2516f,0f,0f,0f,1f],start_interpolation: 0,interpolation_duration: 1}
$data merge entity $(bone_upper_left_tooth1) {transformation: [-0.9987f,0.0369f,0.0338f,0.1619f,0.041f,0.9905f,0.1313f,4.1407f,-0.0287f,0.1325f,-0.9908f,3.3342f,0f,0f,0f,1f],start_interpolation: 0,interpolation_duration: 1}
$data merge entity $(bone_upper_right_tooth1) {transformation: [-0.9987f,0.0369f,0.0338f,-0.5111f,0.041f,0.9905f,0.1313f,4.1683f,-0.0287f,0.1325f,-0.9908f,3.3149f,0f,0f,0f,1f],start_interpolation: 0,interpolation_duration: 1}
$data merge entity $(bone_top_lip1) {transformation: [-0.9987f,0.0487f,0.0117f,-0.142f,0.041f,0.93f,-0.3653f,4.2757f,-0.0287f,-0.3644f,-0.9308f,3.3417f,0f,0f,0f,1f],start_interpolation: 0,interpolation_duration: 1}
$data merge entity $(bone_muzzle1) {transformation: [-0.9987f,0.0369f,0.0338f,-0.1168f,0.041f,0.9905f,0.1313f,4.5163f,-0.0287f,0.1325f,-0.9908f,2.8077f,0f,0f,0f,1f],start_interpolation: 0,interpolation_duration: 1}
$data merge entity $(bone_jaw_right_tooth1) {transformation: [-0.9987f,0.0495f,0.0074f,-0.5171f,0.041f,0.8946f,-0.445f,4.0428f,-0.0287f,-0.4441f,-0.8955f,3.3442f,0f,0f,0f,1f],start_interpolation: 0,interpolation_duration: 1}
$data merge entity $(bone_jaw_left_tooth1) {transformation: [-0.9987f,0.0495f,0.0074f,0.212f,0.041f,0.8946f,-0.445f,4.0129f,-0.0287f,-0.4441f,-0.8955f,3.3652f,0f,0f,0f,1f],start_interpolation: 0,interpolation_duration: 1}
$data merge entity $(bone_tongue1) {transformation: [-0.9987f,0.0429f,0.0258f,-0.1322f,0.041f,0.9968f,-0.0688f,3.96f,-0.0287f,-0.0676f,-0.9973f,2.5481f,0f,0f,0f,1f],start_interpolation: 0,interpolation_duration: 1}
$data merge entity $(bone_jaw_lips1) {transformation: [-0.9987f,0.0429f,0.0258f,-0.1048f,0.041f,0.9968f,-0.0688f,3.8908f,-0.0287f,-0.0676f,-0.9973f,3.4545f,0f,0f,0f,1f],start_interpolation: 0,interpolation_duration: 1}
$data merge entity $(bone_jaw3) {transformation: [-0.9987f,0.0474f,0.0159f,-0.0945f,0.041f,0.9583f,-0.2829f,3.5559f,-0.0287f,-0.2819f,-0.959f,2.6166f,0f,0f,0f,1f],start_interpolation: 0,interpolation_duration: 1}
$data merge entity $(bone_jaw1) {transformation: [-0.9987f,0.0223f,0.0448f,-0.0543f,0.041f,0.8776f,0.4776f,3.985f,-0.0287f,0.4788f,-0.8775f,1.8283f,0f,0f,0f,1f],start_interpolation: 0,interpolation_duration: 1}
$data merge entity $(bone_tear_right1) {transformation: [-0.9987f,0.0338f,0.0369f,-0.7181f,0.041f,0.9753f,0.2171f,4.6106f,-0.0287f,0.2184f,-0.9754f,2.7368f,0f,0f,0f,1f],start_interpolation: 0,interpolation_duration: 1}
$data merge entity $(bone_right_pupil1) {transformation: [-0.9987f,0.0338f,0.0369f,-0.5317f,0.041f,0.9753f,0.2171f,4.6979f,-0.0287f,0.2184f,-0.9754f,2.8324f,0f,0f,0f,1f],start_interpolation: 0,interpolation_duration: 1}
$data merge entity $(bone_right_sad_pupil1) {transformation: [-0.9987f,0.0338f,0.0369f,-0.5313f,0.041f,0.9753f,0.2171f,4.7003f,-0.0287f,0.2184f,-0.9754f,2.8214f,0f,0f,0f,1f],start_interpolation: 0,interpolation_duration: 1}
$data merge entity $(bone_right_happy_pupil1) {transformation: [-0.9987f,0.0338f,0.0369f,-0.5603f,0.041f,0.9753f,0.2171f,4.6741f,-0.0287f,0.2184f,-0.9754f,2.8145f,0f,0f,0f,1f],start_interpolation: 0,interpolation_duration: 1}
$data merge entity $(bone_eyelid_right1) {transformation: [-0.9987f,0.0338f,0.0369f,-0.0806f,0.041f,0.9753f,0.2171f,4.7497f,-0.0287f,0.2184f,-0.9754f,2.2739f,0f,0f,0f,1f],start_interpolation: 0,interpolation_duration: 1}
$data merge entity $(bone_eyelid_expressions_right5) {transformation: [-0.9987f,0.0338f,0.0369f,-0.6565f,0.041f,0.9753f,0.2171f,4.8151f,-0.0287f,0.2184f,-0.9754f,2.8423f,0f,0f,0f,1f],start_interpolation: 0,interpolation_duration: 1}
$data merge entity $(bone_eyelid_expressions_right7) {transformation: [-0.9987f,0.0338f,0.0369f,-0.32f,0.041f,0.9753f,0.2171f,4.8013f,-0.0287f,0.2184f,-0.9754f,2.8519f,0f,0f,0f,1f],start_interpolation: 0,interpolation_duration: 1}
$data merge entity $(bone_eyelid_expressions_right6) {transformation: [-0.9987f,0.0338f,0.0369f,-0.4322f,0.041f,0.9753f,0.2171f,4.8059f,-0.0287f,0.2184f,-0.9754f,2.8487f,0f,0f,0f,1f],start_interpolation: 0,interpolation_duration: 1}
$data merge entity $(bone_right_eye1) {transformation: [-0.9987f,0.0338f,0.0369f,-0.0923f,0.041f,0.9753f,0.2171f,4.7478f,-0.0287f,0.2184f,-0.9754f,2.2845f,0f,0f,0f,1f],start_interpolation: 0,interpolation_duration: 1}
$data merge entity $(bone_tear_left1) {transformation: [-0.9987f,0.0338f,0.0369f,0.4933f,0.041f,0.9753f,0.2171f,4.5608f,-0.0287f,0.2184f,-0.9754f,2.7716f,0f,0f,0f,1f],start_interpolation: 0,interpolation_duration: 1}
$data merge entity $(bone_left_sad_pupil1) {transformation: [-0.9987f,0.0338f,0.0369f,0.3099f,0.041f,0.9753f,0.2171f,4.6658f,-0.0287f,0.2184f,-0.9754f,2.8456f,0f,0f,0f,1f],start_interpolation: 0,interpolation_duration: 1}
$data merge entity $(bone_left_pupil1) {transformation: [-0.9987f,0.0338f,0.0369f,0.3095f,0.041f,0.9753f,0.2171f,4.6633f,-0.0287f,0.2184f,-0.9754f,2.8566f,0f,0f,0f,1f],start_interpolation: 0,interpolation_duration: 1}
$data merge entity $(bone_eyelid_left1) {transformation: [-0.9987f,0.0338f,0.0369f,-0.1031f,0.041f,0.9753f,0.2171f,4.7507f,-0.0287f,0.2184f,-0.9754f,2.2732f,0f,0f,0f,1f],start_interpolation: 0,interpolation_duration: 1}
$data merge entity $(bone_left_happy_pupil1) {transformation: [-0.9987f,0.0338f,0.0369f,0.337f,0.041f,0.9753f,0.2171f,4.6372f,-0.0287f,0.2184f,-0.9754f,2.8403f,0f,0f,0f,1f],start_interpolation: 0,interpolation_duration: 1}
$data merge entity $(bone_eyelid_expressions_left5) {transformation: [-0.9987f,0.0338f,0.0369f,0.4427f,0.041f,0.9753f,0.2171f,4.77f,-0.0287f,0.2184f,-0.9754f,2.8738f,0f,0f,0f,1f],start_interpolation: 0,interpolation_duration: 1}
$data merge entity $(bone_eyelid_expressions_left7) {transformation: [-0.9987f,0.0338f,0.0369f,0.1062f,0.041f,0.9753f,0.2171f,4.7838f,-0.0287f,0.2184f,-0.9754f,2.8642f,0f,0f,0f,1f],start_interpolation: 0,interpolation_duration: 1}
$data merge entity $(bone_eyelid_expressions_left6) {transformation: [-0.9987f,0.0338f,0.0369f,0.2184f,0.041f,0.9753f,0.2171f,4.7792f,-0.0287f,0.2184f,-0.9754f,2.8674f,0f,0f,0f,1f],start_interpolation: 0,interpolation_duration: 1}
$data merge entity $(bone_left_eye1) {transformation: [-0.9987f,0.0338f,0.0369f,-0.0923f,0.041f,0.9753f,0.2171f,4.7478f,-0.0287f,0.2184f,-0.9754f,2.2845f,0f,0f,0f,1f],start_interpolation: 0,interpolation_duration: 1}
$data merge entity $(bone_crest_middle5) {transformation: [-0.9987f,0.041f,0.0287f,-0.063f,0.041f,0.9992f,0.0009f,5.9957f,-0.0287f,0.0021f,-0.9996f,3.0521f,0f,0f,0f,1f],start_interpolation: 0,interpolation_duration: 1}
$data merge entity $(bone_crest_middle4) {transformation: [-0.9987f,0.041f,0.0287f,-0.0907f,0.041f,0.9992f,0.0009f,5.3224f,-0.0287f,0.0021f,-0.9996f,3.0507f,0f,0f,0f,1f],start_interpolation: 0,interpolation_duration: 1}
$data merge entity $(bone_crest_middle1) {transformation: [-0.9987f,0.041f,0.0287f,-0.1138f,0.041f,0.9992f,0.0009f,4.8174f,-0.0287f,0.0021f,-0.9996f,3.1339f,0f,0f,0f,1f],start_interpolation: 0,interpolation_duration: 1}
$data merge entity $(bone_crest_left5) {transformation: [-0.5651f,-0.8123f,0.1442f,-1.1915f,-0.8005f,0.5822f,0.1424f,5.3941f,-0.1996f,-0.035f,-0.9793f,2.9768f,0f,0f,0f,1f],start_interpolation: 0,interpolation_duration: 1}
$data merge entity $(bone_crest_left4) {transformation: [-0.5651f,-0.8123f,0.1442f,-0.7353f,-0.8005f,0.5822f,0.1424f,5.0672f,-0.1996f,-0.035f,-0.9793f,2.9965f,0f,0f,0f,1f],start_interpolation: 0,interpolation_duration: 1}
$data merge entity $(bone_crest_left1) {transformation: [-0.5651f,-0.8123f,0.1442f,-0.2255f,-0.8005f,0.5822f,0.1424f,4.7156f,-0.1996f,-0.035f,-0.9793f,2.9631f,0f,0f,0f,1f],start_interpolation: 0,interpolation_duration: 1}
$data merge entity $(bone_crest_center1) {transformation: [-0.9987f,0.0338f,0.0369f,-0.1143f,0.041f,0.9753f,0.2171f,4.6836f,-0.0287f,0.2184f,-0.9754f,2.9602f,0f,0f,0f,1f],start_interpolation: 0,interpolation_duration: 1}
$data merge entity $(bone_crest_right5) {transformation: [-0.5081f,0.8579f,-0.0757f,1.0148f,0.8446f,0.5136f,0.1514f,5.3035f,0.1688f,0.013f,-0.9856f,3.0402f,0f,0f,0f,1f],start_interpolation: 0,interpolation_duration: 1}
$data merge entity $(bone_crest_right4) {transformation: [-0.5081f,0.8579f,-0.0757f,0.533f,0.8446f,0.5136f,0.1514f,5.0151f,0.1688f,0.013f,-0.9856f,3.0329f,0f,0f,0f,1f],start_interpolation: 0,interpolation_duration: 1}
$data merge entity $(bone_crest_right1) {transformation: [-0.5081f,0.8579f,-0.0757f,-0.0012f,0.8446f,0.5136f,0.1514f,4.7064f,0.1688f,0.013f,-0.9856f,2.9695f,0f,0f,0f,1f],start_interpolation: 0,interpolation_duration: 1}
$data merge entity $(bone_head1) {transformation: [-1.0469f,0.0354f,0.0387f,-0.0713f,0.043f,1.0223f,0.2276f,4.8271f,-0.0301f,0.2289f,-1.0224f,1.6697f,0f,0f,0f,1f],start_interpolation: 0,interpolation_duration: 1}
$data merge entity $(bone_neck10) {transformation: [-1.4962f,0.0456f,0.0368f,-0.0588f,0.0546f,1.4265f,0.4521f,4.7213f,-0.0213f,0.4531f,-1.427f,0.517f,0f,0f,0f,1f],start_interpolation: 0,interpolation_duration: 1}
$data merge entity $(bone_neck9) {transformation: [-1.1446f,0.0294f,0.0338f,-0.098f,0.0417f,1.0146f,0.5301f,3.4021f,-0.0163f,0.5309f,-1.0149f,-0.1099f,0f,0f,0f,1f],start_interpolation: 0,interpolation_duration: 1}
$data merge entity $(bone_neck8) {transformation: [-1.0625f,0.0358f,0.0097f,-0.125f,0.0342f,1.0525f,-0.1463f,2.6215f,-0.0145f,-0.1459f,-1.053f,0.0321f,0f,0f,0f,1f],start_interpolation: 0,interpolation_duration: 1}
$data merge entity $(bone_neck7) {transformation: [-1.0557f,0f,0f,-0.125f,0f,0.9717f,-0.4125f,1.7509f,0f,-0.4125f,-0.9717f,0.4259f,0f,0f,0f,1f],start_interpolation: 0,interpolation_duration: 1}
$data merge entity $(bone_neck6) {transformation: [-1.0497f,0f,0f,-0.125f,0f,1.0139f,-0.2717f,0.8527f,0f,-0.2717f,-1.0139f,0.6573f,0f,0f,0f,1f],start_interpolation: 0,interpolation_duration: 1}
$data merge entity $(bone_neck_spine6) {transformation: [-1.2232f,-0.2604f,-0.2368f,-0.0388f,-0.1644f,-0.3345f,1.217f,0.7895f,-0.3112f,1.2001f,0.2879f,-1.9404f,0f,0f,0f,1f],start_interpolation: 0,interpolation_duration: 1}
$data merge entity $(bone_neck_spine7) {transformation: [-0.9763f,-0.1266f,-0.1756f,0.5583f,-0.1871f,0.0853f,0.9786f,1.7919f,-0.1089f,0.9883f,-0.107f,-5.406f,0f,0f,0f,1f],start_interpolation: 0,interpolation_duration: 1}
$data merge entity $(bone_tail6) {transformation: [-1.3703f,0.1091f,-1.0372f,0.32f,-0.9864f,0.4203f,1.3475f,0.6955f,0.3385f,1.6664f,-0.2719f,-9.2386f,0f,0f,0f,1f],start_interpolation: 0,interpolation_duration: 1}
$data merge entity $(bone_tail5) {transformation: [-1.132f,0.0901f,-0.8568f,0.377f,-0.8149f,0.3472f,1.1131f,0.9147f,0.2796f,1.3766f,-0.2246f,-8.3692f,0f,0f,0f,1f],start_interpolation: 0,interpolation_duration: 1}
$data merge entity $(bone_tail4) {transformation: [-0.8341f,0.0664f,-0.6313f,0.4054f,-0.6004f,0.2558f,0.8202f,1.0244f,0.206f,1.0143f,-0.1655f,-7.9345f,0f,0f,0f,1f],start_interpolation: 0,interpolation_duration: 1}
$data merge entity $(bone_segment18) {transformation: [-0.7958f,0.0634f,-0.6023f,0.441f,-0.5728f,0.2441f,0.7825f,1.1614f,0.1966f,0.9677f,-0.1579f,-7.3911f,0f,0f,0f,1f],start_interpolation: 0,interpolation_duration: 1}
$data merge entity $(bone_segment17) {transformation: [-0.7958f,0.0634f,-0.6023f,0.4873f,-0.5728f,0.2441f,0.7825f,1.3395f,0.1966f,0.9677f,-0.1579f,-6.6847f,0f,0f,0f,1f],start_interpolation: 0,interpolation_duration: 1}
$data merge entity $(bone_segment16) {transformation: [-0.9515f,0.1922f,-0.2402f,0.6708f,-0.2311f,0.0689f,0.9705f,1.4053f,0.2031f,0.9789f,-0.0211f,-5.7503f,0f,0f,0f,1f],start_interpolation: 0,interpolation_duration: 1}
$data merge entity $(bone_segment15) {transformation: [-0.9763f,-0.0768f,-0.2024f,0.5801f,-0.1871f,-0.1709f,0.9674f,1.2038f,-0.1089f,0.9823f,0.1525f,-4.5919f,0f,0f,0f,1f],start_interpolation: 0,interpolation_duration: 1}
$data merge entity $(bone_segment14) {transformation: [-1.0073f,-0.1832f,-0.2246f,0.374f,-0.1354f,-0.4206f,0.9505f,0.7306f,-0.2563f,0.9424f,0.3805f,-3.5317f,0f,0f,0f,1f],start_interpolation: 0,interpolation_duration: 1}
$data merge entity $(bone_segment13) {transformation: [-0.9857f,-0.1735f,-0.2244f,0.1712f,-0.1325f,-0.4358f,0.919f,0.1806f,-0.2508f,0.9122f,0.3964f,-2.444f,0f,0f,0f,1f],start_interpolation: 0,interpolation_duration: 1}
$data merge entity $(bone_segment12) {transformation: [-1.0885f,-0.141f,-0.1995f,0.0009f,-0.1659f,-0.2423f,1.0762f,-0.1121f,-0.1793f,1.0798f,0.2154f,-1.1395f,0f,0f,0f,1f],start_interpolation: 0,interpolation_duration: 1}
$data merge entity $(bone_segment11) {transformation: [-1.1815f,-0.0939f,-0.1112f,-0.1046f,-0.1346f,0.3594f,1.1269f,0.3035f,-0.0553f,1.131f,-0.3673f,0.1677f,0f,0f,0f,1f],start_interpolation: 0,interpolation_duration: 1}
$data merge entity $(bone_segment10) {transformation: [-1.0478f,-0.0169f,-0.0216f,-0.125f,-0.0258f,0.8887f,0.5552f,1.2132f,0.0094f,0.5555f,-0.8888f,0.7364f,0f,0f,0f,1f],start_interpolation: 0,interpolation_duration: 1}
data modify entity @s data merge value {"cameras":{},"locators":{"mouth":{"px":-0.16636964113919736,"py":4.184443312489414,"pz":4.060108925735114,"ry":171.20700513717685,"rx":77.2330159334591}}}
function animated_java:gyarados/animations/surfacewater_swim/zzz/frames/on_tick/transform_floating_entities