# This file was generated by Animated Java via MC-Build. It is not recommended to edit this file directly.
$data merge entity $(bone_neck_spine5) {transformation: [-1.5678f,0.0613f,-0.1014f,0.0366f,0.0394f,1.5388f,0.3202f,4.3321f,0.1117f,0.3168f,-1.536f,-0.5052f,0f,0f,0f,1f],start_interpolation: 0,interpolation_duration: 1}
$data merge entity $(bone_neck_spine2) {transformation: [-1.4931f,0.052f,-0.1001f,0.0871f,0.0375f,1.4822f,0.2093f,5.6521f,0.1064f,0.2062f,-1.4793f,1.3184f,0f,0f,0f,1f],start_interpolation: 0,interpolation_duration: 1}
$data merge entity $(bone_scale_neck_left1) {transformation: [-1.5681f,0.504f,0.0075f,0.8374f,0.4505f,1.3901f,0.76f,4.7445f,0.2262f,0.7256f,-1.4613f,1.105f,0f,0f,0f,1f],start_interpolation: 0,interpolation_duration: 1}
$data merge entity $(bone_scale_neck_right1) {transformation: [-1.6049f,-0.326f,-0.1765f,-0.7303f,-0.3707f,1.411f,0.7646f,4.7839f,-0.0002f,0.7847f,-1.4482f,1.2167f,0f,0f,0f,1f],start_interpolation: 0,interpolation_duration: 1}
$data merge entity $(bone_blush_right1) {transformation: [-0.9991f,0.0431f,-0.0027f,-0.587f,0.0418f,0.9819f,0.1849f,4.3226f,0.0106f,0.1847f,-0.9827f,2.5531f,0f,0f,0f,1f],start_interpolation: 0,interpolation_duration: 1}
$data merge entity $(bone_blush_left1) {transformation: [-0.9991f,0.0431f,-0.0027f,0.737f,0.0418f,0.9819f,0.1849f,4.2671f,0.0106f,0.1847f,-0.9827f,2.5391f,0f,0f,0f,1f],start_interpolation: 0,interpolation_duration: 1}
$data merge entity $(bone_left_head_scales) {transformation: [-0.885f,0.0431f,-0.4637f,0.7786f,-0.0483f,0.9819f,0.1834f,5.0561f,0.4632f,0.1847f,-0.8668f,2.2875f,0f,0f,0f,1f],start_interpolation: 0,interpolation_duration: 1}
$data merge entity $(bone_left_head_scales2) {transformation: [-0.8169f,0.0431f,-0.5752f,0.7404f,-0.0718f,0.9819f,0.1755f,4.1428f,0.5724f,0.1847f,-0.7989f,2.2871f,0f,0f,0f,1f],start_interpolation: 0,interpolation_duration: 1}
$data merge entity $(bone_left_head_scales1) {transformation: [-0.9991f,0.0431f,-0.0027f,0.7738f,0.0418f,0.9819f,0.1849f,4.9458f,0.0106f,0.1847f,-0.9827f,2.2667f,0f,0f,0f,1f],start_interpolation: 0,interpolation_duration: 1}
$data merge entity $(bone_right_head_scales) {transformation: [-0.8874f,0.0431f,0.4589f,-0.5678f,0.1225f,0.9819f,0.1447f,5.1125f,-0.4444f,0.1847f,-0.8766f,2.3018f,0f,0f,0f,1f],start_interpolation: 0,interpolation_duration: 1}
$data merge entity $(bone_right_head_scales2) {transformation: [-0.8199f,0.0431f,0.5709f,-0.606f,0.1403f,0.9819f,0.1275f,4.1992f,-0.555f,0.1847f,-0.8111f,2.3014f,0f,0f,0f,1f],start_interpolation: 0,interpolation_duration: 1}
$data merge entity $(bone_right_head_scales1) {transformation: [-0.9991f,0.0431f,-0.0027f,-0.5726f,0.0418f,0.9819f,0.1849f,5.0022f,0.0106f,0.1847f,-0.9827f,2.281f,0f,0f,0f,1f],start_interpolation: 0,interpolation_duration: 1}
$data merge entity $(bone_head_left_fin1) {transformation: [-0.7133f,0.0633f,-0.7654f,0.7554f,0.1597f,1.034f,-0.0633f,4.5479f,0.7512f,-0.1598f,-0.7133f,2.1062f,0f,0f,0f,1f],start_interpolation: 0,interpolation_duration: 1}
$data merge entity $(bone_head_right_fin1) {transformation: [-0.7399f,0.0199f,0.7422f,-0.591f,-0.0989f,1.0358f,-0.1264f,4.6043f,-0.7358f,-0.1593f,-0.7293f,2.1205f,0f,0f,0f,1f],start_interpolation: 0,interpolation_duration: 1}
$data merge entity $(bone_right_whisker16) {transformation: [0.2459f,0.8833f,-0.3992f,-1.1323f,0.9067f,-0.3552f,-0.2274f,1.9273f,-0.3427f,-0.306f,-0.8882f,2.8254f,0f,0f,0f,1f],start_interpolation: 0,interpolation_duration: 1}
$data merge entity $(bone_right_whisker15) {transformation: [-0.8436f,0.3591f,-0.3992f,-0.8481f,0.4705f,0.8526f,-0.2274f,1.7688f,0.2587f,-0.3797f,-0.8882f,2.7383f,0f,0f,0f,1f],start_interpolation: 0,interpolation_duration: 1}
$data merge entity $(bone_right_whisker14) {transformation: [-0.682f,-0.6128f,-0.3992f,-0.6183f,-0.5738f,0.7867f,-0.2274f,1.9621f,0.4535f,0.074f,-0.8882f,2.5855f,0f,0f,0f,1f],start_interpolation: 0,interpolation_duration: 1}
$data merge entity $(bone_right_whisker13) {transformation: [-0.1115f,-0.9781f,-0.1757f,-0.5808f,-0.9917f,0.121f,-0.0444f,2.2962f,0.0646f,0.1693f,-0.9835f,2.5637f,0f,0f,0f,1f],start_interpolation: 0,interpolation_duration: 1}
$data merge entity $(bone_right_whisker12) {transformation: [0.0253f,-0.9888f,-0.1474f,-0.5921f,-0.9839f,-0.0507f,0.1713f,2.7382f,-0.1769f,0.1407f,-0.9741f,2.6432f,0f,0f,0f,1f],start_interpolation: 0,interpolation_duration: 1}
$data merge entity $(bone_right_whisker11) {transformation: [0.2808f,-0.9505f,-0.133f,-0.7182f,-0.9555f,-0.2637f,-0.1325f,3.1674f,0.0909f,0.1642f,-0.9822f,2.6023f,0f,0f,0f,1f],start_interpolation: 0,interpolation_duration: 1}
$data merge entity $(bone_right_whisker10) {transformation: [0.0877f,-0.9959f,-0.0199f,-0.7577f,-0.9264f,-0.0742f,-0.3692f,3.5836f,0.3662f,0.0508f,-0.9292f,2.4379f,0f,0f,0f,1f],start_interpolation: 0,interpolation_duration: 1}
$data merge entity $(bone_right_whisker1) {transformation: [-0.3507f,-0.9351f,-0.051f,-0.6001f,-0.9276f,0.3543f,-0.1185f,4.0003f,0.1289f,0.0057f,-0.9916f,2.38f,0f,0f,0f,1f],start_interpolation: 0,interpolation_duration: 1}
$data merge entity $(bone_left_whisker16) {transformation: [0.2694f,-0.9436f,0.1924f,1.2552f,-0.919f,-0.3116f,-0.2416f,1.8704f,0.2879f,-0.1118f,-0.9511f,2.5716f,0f,0f,0f,1f],start_interpolation: 0,interpolation_duration: 1}
$data merge entity $(bone_left_whisker15) {transformation: [-0.9004f,-0.3903f,0.1924f,0.9518f,-0.4289f,0.8705f,-0.2416f,1.7259f,-0.0732f,-0.3f,-0.9511f,2.5469f,0f,0f,0f,1f],start_interpolation: 0,interpolation_duration: 1}
$data merge entity $(bone_left_whisker14) {transformation: [-0.7342f,0.6511f,0.1924f,0.7044f,0.6076f,0.7566f,-0.2416f,1.9306f,-0.3029f,-0.0604f,-0.9511f,2.4448f,0f,0f,0f,1f],start_interpolation: 0,interpolation_duration: 1}
$data merge entity $(bone_left_whisker13) {transformation: [-0.0757f,0.9964f,-0.0372f,0.679f,0.9961f,0.0739f,-0.0477f,2.2662f,-0.0447f,-0.0407f,-0.9982f,2.4298f,0f,0f,0f,1f],start_interpolation: 0,interpolation_duration: 1}
$data merge entity $(bone_left_whisker12) {transformation: [0.1082f,0.9927f,-0.0527f,0.7276f,0.9807f,-0.0979f,0.1691f,2.7067f,0.1627f,-0.07f,-0.9842f,2.5028f,0f,0f,0f,1f],start_interpolation: 0,interpolation_duration: 1}
$data merge entity $(bone_left_whisker11) {transformation: [0.3001f,0.9503f,-0.0828f,0.8624f,0.9416f,-0.3091f,-0.1337f,3.1297f,-0.1526f,-0.0379f,-0.9876f,2.4343f,0f,0f,0f,1f],start_interpolation: 0,interpolation_duration: 1}
$data merge entity $(bone_left_whisker10) {transformation: [0.0524f,0.9798f,-0.1932f,0.8859f,0.9231f,-0.1213f,-0.365f,3.5444f,-0.3811f,-0.1592f,-0.9107f,2.2631f,0f,0f,0f,1f],start_interpolation: 0,interpolation_duration: 1}
$data merge entity $(bone_left_whisker1) {transformation: [-0.3258f,0.9311f,-0.1642f,0.7396f,0.9437f,0.3098f,-0.1158f,3.9683f,-0.0569f,-0.1927f,-0.9796f,2.2375f,0f,0f,0f,1f],start_interpolation: 0,interpolation_duration: 1}
$data merge entity $(bone_upper_left_tooth1) {transformation: [-0.9991f,0.0427f,-0.0064f,0.3897f,0.0418f,0.9942f,0.0987f,4.2359f,0.0106f,0.0983f,-0.9951f,3.3007f,0f,0f,0f,1f],start_interpolation: 0,interpolation_duration: 1}
$data merge entity $(bone_upper_right_tooth1) {transformation: [-0.9991f,0.0427f,-0.0064f,-0.2835f,0.0418f,0.9942f,0.0987f,4.2641f,0.0106f,0.0983f,-0.9951f,3.3078f,0f,0f,0f,1f],start_interpolation: 0,interpolation_duration: 1}
$data merge entity $(bone_top_lip1) {transformation: [-0.9991f,0.0339f,-0.0267f,0.0864f,0.0418f,0.9123f,-0.4074f,4.3716f,0.0106f,-0.4081f,-0.9129f,3.3161f,0f,0f,0f,1f],start_interpolation: 0,interpolation_duration: 1}
$data merge entity $(bone_muzzle1) {transformation: [-0.9991f,0.0427f,-0.0064f,0.09f,0.0418f,0.9942f,0.0987f,4.5945f,0.0106f,0.0983f,-0.9951f,2.7739f,0f,0f,0f,1f],start_interpolation: 0,interpolation_duration: 1}
$data merge entity $(bone_jaw_right_tooth1) {transformation: [-0.9991f,0.0322f,-0.0287f,-0.2893f,0.0418f,0.8866f,-0.4607f,4.1163f,0.0106f,-0.4614f,-0.8871f,3.3427f,0f,0f,0f,1f],start_interpolation: 0,interpolation_duration: 1}
$data merge entity $(bone_jaw_left_tooth1) {transformation: [-0.9991f,0.0322f,-0.0287f,0.44f,0.0418f,0.8866f,-0.4607f,4.0858f,0.0106f,-0.4614f,-0.8871f,3.335f,0f,0f,0f,1f],start_interpolation: 0,interpolation_duration: 1}
$data merge entity $(bone_tongue1) {transformation: [-0.9991f,0.0411f,-0.0131f,0.0643f,0.0418f,0.9973f,-0.0609f,4.0421f,0.0106f,-0.0614f,-0.9981f,2.535f,0f,0f,0f,1f],start_interpolation: 0,interpolation_duration: 1}
$data merge entity $(bone_jaw_lips1) {transformation: [-0.9991f,0.0411f,-0.0131f,0.1269f,0.0418f,0.9973f,-0.0609f,3.9657f,0.0106f,-0.0614f,-0.9981f,3.4391f,0f,0f,0f,1f],start_interpolation: 0,interpolation_duration: 1}
$data merge entity $(bone_jaw3) {transformation: [-0.9991f,0.0367f,-0.0227f,0.1035f,0.0418f,0.9531f,-0.2997f,3.6161f,0.0106f,-0.3004f,-0.9538f,2.6075f,0f,0f,0f,1f],start_interpolation: 0,interpolation_duration: 1}
$data merge entity $(bone_jaw1) {transformation: [-0.9991f,0.042f,0.0099f,0.1124f,0.0418f,0.8859f,0.462f,4.0312f,0.0106f,0.462f,-0.8868f,1.8107f,0f,0f,0f,1f],start_interpolation: 0,interpolation_duration: 1}
$data merge entity $(bone_tear_right1) {transformation: [-0.9991f,0.0431f,-0.0027f,-0.5137f,0.0418f,0.9819f,0.1849f,4.6875f,0.0106f,0.1847f,-0.9827f,2.7244f,0f,0f,0f,1f],start_interpolation: 0,interpolation_duration: 1}
$data merge entity $(bone_right_pupil1) {transformation: [-0.9991f,0.0431f,-0.0027f,-0.3235f,0.0418f,0.9819f,0.1849f,4.7775f,0.0106f,0.1847f,-0.9827f,2.8094f,0f,0f,0f,1f],start_interpolation: 0,interpolation_duration: 1}
$data merge entity $(bone_right_sad_pupil1) {transformation: [-0.9991f,0.0431f,-0.0027f,-0.3235f,0.0418f,0.9819f,0.1849f,4.7796f,0.0106f,0.1847f,-0.9827f,2.7984f,0f,0f,0f,1f],start_interpolation: 0,interpolation_duration: 1}
$data merge entity $(bone_right_happy_pupil1) {transformation: [-0.9991f,0.0431f,-0.0027f,-0.3528f,0.0418f,0.9819f,0.1849f,4.7532f,0.0106f,0.1847f,-0.9827f,2.7935f,0f,0f,0f,1f],start_interpolation: 0,interpolation_duration: 1}
$data merge entity $(bone_eyelid_right1) {transformation: [-0.9991f,0.0431f,-0.0027f,0.1045f,0.0418f,0.9819f,0.1849f,4.8102f,0.0106f,0.1847f,-0.9827f,2.2316f,0f,0f,0f,1f],start_interpolation: 0,interpolation_duration: 1}
$data merge entity $(bone_eyelid_expressions_right5) {transformation: [-0.9991f,0.0431f,-0.0027f,-0.4477f,0.0418f,0.9819f,0.1849f,4.8953f,0.0106f,0.1847f,-0.9827f,2.8205f,0f,0f,0f,1f],start_interpolation: 0,interpolation_duration: 1}
$data merge entity $(bone_eyelid_expressions_right7) {transformation: [-0.9991f,0.0431f,-0.0027f,-0.1111f,0.0418f,0.9819f,0.1849f,4.8812f,0.0106f,0.1847f,-0.9827f,2.8169f,0f,0f,0f,1f],start_interpolation: 0,interpolation_duration: 1}
$data merge entity $(bone_eyelid_expressions_right6) {transformation: [-0.9991f,0.0431f,-0.0027f,-0.2233f,0.0418f,0.9819f,0.1849f,4.8859f,0.0106f,0.1847f,-0.9827f,2.8181f,0f,0f,0f,1f],start_interpolation: 0,interpolation_duration: 1}
$data merge entity $(bone_right_eye1) {transformation: [-0.9991f,0.0431f,-0.0027f,0.0933f,0.0418f,0.9819f,0.1849f,4.8086f,0.0106f,0.1847f,-0.9827f,2.2428f,0f,0f,0f,1f],start_interpolation: 0,interpolation_duration: 1}
$data merge entity $(bone_tear_left1) {transformation: [-0.9991f,0.0431f,-0.0027f,0.6981f,0.0418f,0.9819f,0.1849f,4.6367f,0.0106f,0.1847f,-0.9827f,2.7116f,0f,0f,0f,1f],start_interpolation: 0,interpolation_duration: 1}
$data merge entity $(bone_left_sad_pupil1) {transformation: [-0.9991f,0.0431f,-0.0027f,0.518f,0.0418f,0.9819f,0.1849f,4.7444f,0.0106f,0.1847f,-0.9827f,2.7895f,0f,0f,0f,1f],start_interpolation: 0,interpolation_duration: 1}
$data merge entity $(bone_left_pupil1) {transformation: [-0.9991f,0.0431f,-0.0027f,0.518f,0.0418f,0.9819f,0.1849f,4.7423f,0.0106f,0.1847f,-0.9827f,2.8005f,0f,0f,0f,1f],start_interpolation: 0,interpolation_duration: 1}
$data merge entity $(bone_eyelid_left1) {transformation: [-0.9991f,0.0431f,-0.0027f,0.0821f,0.0418f,0.9819f,0.1849f,4.8112f,0.0106f,0.1847f,-0.9827f,2.2319f,0f,0f,0f,1f],start_interpolation: 0,interpolation_duration: 1}
$data merge entity $(bone_left_happy_pupil1) {transformation: [-0.9991f,0.0431f,-0.0027f,0.5448f,0.0418f,0.9819f,0.1849f,4.7156f,0.0106f,0.1847f,-0.9827f,2.784f,0f,0f,0f,1f],start_interpolation: 0,interpolation_duration: 1}
$data merge entity $(bone_eyelid_expressions_left5) {transformation: [-0.9991f,0.0431f,-0.0027f,0.6518f,0.0418f,0.9819f,0.1849f,4.8492f,0.0106f,0.1847f,-0.9827f,2.8089f,0f,0f,0f,1f],start_interpolation: 0,interpolation_duration: 1}
$data merge entity $(bone_eyelid_expressions_left7) {transformation: [-0.9991f,0.0431f,-0.0027f,0.3152f,0.0418f,0.9819f,0.1849f,4.8633f,0.0106f,0.1847f,-0.9827f,2.8124f,0f,0f,0f,1f],start_interpolation: 0,interpolation_duration: 1}
$data merge entity $(bone_eyelid_expressions_left6) {transformation: [-0.9991f,0.0431f,-0.0027f,0.4274f,0.0418f,0.9819f,0.1849f,4.8586f,0.0106f,0.1847f,-0.9827f,2.8112f,0f,0f,0f,1f],start_interpolation: 0,interpolation_duration: 1}
$data merge entity $(bone_left_eye1) {transformation: [-0.9991f,0.0431f,-0.0027f,0.0933f,0.0418f,0.9819f,0.1849f,4.8086f,0.0106f,0.1847f,-0.9827f,2.2428f,0f,0f,0f,1f],start_interpolation: 0,interpolation_duration: 1}
$data merge entity $(bone_crest_middle5) {transformation: [-0.9991f,0.0415f,-0.0119f,0.1543f,0.0418f,0.9986f,-0.0319f,6.081f,0.0106f,-0.0324f,-0.9994f,2.9672f,0f,0f,0f,1f],start_interpolation: 0,interpolation_duration: 1}
$data merge entity $(bone_crest_middle4) {transformation: [-0.9991f,0.0415f,-0.0119f,0.1263f,0.0418f,0.9986f,-0.0319f,5.4081f,0.0106f,-0.0324f,-0.9994f,2.989f,0f,0f,0f,1f],start_interpolation: 0,interpolation_duration: 1}
$data merge entity $(bone_crest_middle1) {transformation: [-0.9991f,0.0415f,-0.0119f,0.1064f,0.0418f,0.9986f,-0.0319f,4.9061f,0.0106f,-0.0324f,-0.9994f,3.0896f,0f,0f,0f,1f],start_interpolation: 0,interpolation_duration: 1}
$data merge entity $(bone_crest_left5) {transformation: [-0.5731f,-0.8128f,0.1043f,-0.9766f,-0.8056f,0.5821f,0.1099f,5.4793f,-0.1501f,-0.0211f,-0.9885f,2.9576f,0f,0f,0f,1f],start_interpolation: 0,interpolation_duration: 1}
$data merge entity $(bone_crest_left4) {transformation: [-0.5731f,-0.8128f,0.1043f,-0.5202f,-0.8056f,0.5821f,0.1099f,5.1524f,-0.1501f,-0.0211f,-0.9885f,2.9694f,0f,0f,0f,1f],start_interpolation: 0,interpolation_duration: 1}
$data merge entity $(bone_crest_left1) {transformation: [-0.5731f,-0.8128f,0.1043f,-0.0122f,-0.8056f,0.5821f,0.1099f,4.799f,-0.1501f,-0.0211f,-0.9885f,2.9269f,0f,0f,0f,1f],start_interpolation: 0,interpolation_duration: 1}
$data merge entity $(bone_crest_center1) {transformation: [-0.9991f,0.0431f,-0.0027f,0.0987f,0.0418f,0.9819f,0.1849f,4.7667f,0.0106f,0.1847f,-0.9827f,2.9205f,0f,0f,0f,1f],start_interpolation: 0,interpolation_duration: 1}
$data merge entity $(bone_crest_right5) {transformation: [-0.5005f,0.858f,-0.1157f,1.2304f,0.8506f,0.5122f,0.1191f,5.3869f,0.1614f,-0.0388f,-0.9861f,2.9342f,0f,0f,0f,1f],start_interpolation: 0,interpolation_duration: 1}
$data merge entity $(bone_crest_right4) {transformation: [-0.5005f,0.858f,-0.1157f,0.7486f,0.8506f,0.5122f,0.1191f,5.0993f,0.1614f,-0.0388f,-0.9861f,2.956f,0f,0f,0f,1f],start_interpolation: 0,interpolation_duration: 1}
$data merge entity $(bone_crest_right1) {transformation: [-0.5005f,0.858f,-0.1157f,0.2122f,0.8506f,0.5122f,0.1191f,4.7896f,0.1614f,-0.0388f,-0.9861f,2.9245f,0f,0f,0f,1f],start_interpolation: 0,interpolation_duration: 1}
$data merge entity $(bone_head1) {transformation: [-1.0472f,0.0451f,-0.0028f,0.0893f,0.0438f,1.0292f,0.1939f,4.8677f,0.0111f,0.1936f,-1.0301f,1.6254f,0f,0f,0f,1f],start_interpolation: 0,interpolation_duration: 1}
$data merge entity $(bone_neck10) {transformation: [-1.4931f,0.0646f,-0.0925f,0.004f,0.0375f,1.4422f,0.401f,4.7208f,0.1064f,0.3976f,-1.4397f,0.4803f,0f,0f,0f,1f],start_interpolation: 0,interpolation_duration: 1}
$data merge entity $(bone_neck9) {transformation: [-1.1423f,0.0622f,-0.0598f,-0.0724f,0.0287f,1.0226f,0.5155f,3.3923f,0.0814f,0.5125f,-1.0212f,-0.1229f,0f,0f,0f,1f],start_interpolation: 0,interpolation_duration: 1}
$data merge entity $(bone_neck8) {transformation: [-1.0601f,0.016f,-0.0787f,-0.0818f,0.0276f,1.0508f,-0.1589f,2.6132f,0.0754f,-0.1605f,-1.0483f,0.0299f,0f,0f,0f,1f],start_interpolation: 0,interpolation_duration: 1}
$data merge entity $(bone_neck7) {transformation: [-1.0521f,-0.034f,-0.0796f,-0.0494f,0f,0.971f,-0.4141f,1.7433f,0.0865f,-0.4127f,-0.9678f,0.4238f,0f,0f,0f,1f],start_interpolation: 0,interpolation_duration: 1}
$data merge entity $(bone_neck6) {transformation: [-1.0461f,-0.0223f,-0.0831f,-0.0305f,0f,1.0139f,-0.2717f,0.8451f,0.0861f,-0.2708f,-1.0105f,0.6544f,0f,0f,0f,1f],start_interpolation: 0,interpolation_duration: 1}
$data merge entity $(bone_neck_spine6) {transformation: [-1.2293f,-0.2789f,-0.1763f,-0.1757f,-0.0884f,-0.377f,1.2125f,0.7883f,-0.3179f,1.1832f,0.3447f,-1.9191f,0f,0f,0f,1f],start_interpolation: 0,interpolation_duration: 1}
$data merge entity $(bone_neck_spine7) {transformation: [-0.9177f,-0.397f,0.0105f,0.931f,0.0107f,0.0017f,0.9999f,1.9824f,-0.397f,0.9178f,0.0027f,-5.1765f,0f,0f,0f,1f],start_interpolation: 0,interpolation_duration: 1}
$data merge entity $(bone_tail6) {transformation: [-1.6194f,-0.5152f,-0.2782f,2.1161f,-0.349f,0.1927f,1.6752f,1.4219f,-0.4701f,1.6318f,-0.2856f,-8.9514f,0f,0f,0f,1f],start_interpolation: 0,interpolation_duration: 1}
$data merge entity $(bone_tail5) {transformation: [-1.3378f,-0.4256f,-0.2298f,1.8473f,-0.2883f,0.1592f,1.3839f,1.5225f,-0.3883f,1.348f,-0.236f,-8.1f,0f,0f,0f,1f],start_interpolation: 0,interpolation_duration: 1}
$data merge entity $(bone_tail4) {transformation: [-0.9857f,-0.3136f,-0.1693f,1.7129f,-0.2125f,0.1173f,1.0197f,1.5727f,-0.2861f,0.9933f,-0.1739f,-7.6743f,0f,0f,0f,1f],start_interpolation: 0,interpolation_duration: 1}
$data merge entity $(bone_segment18) {transformation: [-0.9404f,-0.2992f,-0.1615f,1.5449f,-0.2027f,0.1119f,0.9728f,1.6355f,-0.273f,0.9476f,-0.1659f,-7.1422f,0f,0f,0f,1f],start_interpolation: 0,interpolation_duration: 1}
$data merge entity $(bone_segment17) {transformation: [-0.9404f,-0.2992f,-0.1615f,1.3265f,-0.2027f,0.1119f,0.9728f,1.7172f,-0.273f,0.9476f,-0.1659f,-6.4505f,0f,0f,0f,1f],start_interpolation: 0,interpolation_duration: 1}
$data merge entity $(bone_segment16) {transformation: [-0.9649f,-0.2571f,-0.0529f,1.081f,-0.0276f,-0.1013f,0.9945f,1.6205f,-0.2611f,0.9611f,0.0907f,-5.5331f,0f,0f,0f,1f],start_interpolation: 0,interpolation_duration: 1}
$data merge entity $(bone_segment15) {transformation: [-0.9177f,-0.3862f,-0.0926f,0.6256f,0.0107f,-0.2571f,0.9663f,1.3173f,-0.397f,0.8858f,0.2401f,-4.4885f,0f,0f,0f,1f],start_interpolation: 0,interpolation_duration: 1}
$data merge entity $(bone_segment14) {transformation: [-0.9731f,-0.3458f,-0.1791f,0.2366f,-0.0034f,-0.4745f,0.9346f,0.7835f,-0.3894f,0.8683f,0.4394f,-3.5116f,0f,0f,0f,1f],start_interpolation: 0,interpolation_duration: 1}
$data merge entity $(bone_segment13) {transformation: [-0.9906f,-0.1967f,-0.179f,0.0046f,-0.0712f,-0.4689f,0.9095f,0.1939f,-0.2562f,0.8908f,0.4392f,-2.4508f,0f,0f,0f,1f],start_interpolation: 0,interpolation_duration: 1}
$data merge entity $(bone_segment12) {transformation: [-1.1038f,-0.0778f,-0.1419f,-0.0894f,-0.1203f,-0.2599f,1.0782f,-0.1201f,-0.1082f,1.0821f,0.2488f,-1.1436f,0f,0f,0f,1f],start_interpolation: 0,interpolation_duration: 1}
$data merge entity $(bone_segment11) {transformation: [-1.187f,0.0161f,-0.0884f,-0.0694f,-0.0794f,0.3588f,1.1323f,0.2947f,0.042f,1.1349f,-0.3567f,0.168f,0f,0f,0f,1f],start_interpolation: 0,interpolation_duration: 1}
$data merge entity $(bone_segment10) {transformation: [-1.0448f,0.0489f,-0.0684f,-0.024f,0.0054f,0.8898f,0.5539f,1.2056f,0.084f,0.5518f,-0.8872f,0.7332f,0f,0f,0f,1f],start_interpolation: 0,interpolation_duration: 1}
data modify entity @s data merge value {"cameras":{},"locators":{"mouth":{"posx":0.09121209615035837,"posy":4.304027049040791,"posz":4.037497798954524,"roty":166.8748208237822,"rotx":79.06949187749834}}}