# This file was generated by Animated Java via MC-Build. It is not recommended to edit this file directly.
$data merge entity $(bone_neck_spine5) {transformation: [-1.5634f,0.0554f,-0.1578f,0.0364f,0.0241f,1.5427f,0.3023f,4.3234f,0.1654f,0.2981f,-1.5349f,-0.5274f,0f,0f,0f,1f],start_interpolation: 0,interpolation_duration: 1}
$data merge entity $(bone_neck_spine2) {transformation: [-1.4889f,0.0416f,-0.1537f,0.1346f,0.023f,1.4864f,0.1797f,5.6707f,0.1576f,0.1763f,-1.4786f,1.2713f,0f,0f,0f,1f],start_interpolation: 0,interpolation_duration: 1}
$data merge entity $(bone_scale_neck_left1) {transformation: [-1.5645f,0.5124f,-0.052f,0.8878f,0.4373f,1.4094f,0.7317f,4.7675f,0.2721f,0.6812f,-1.4748f,1.0491f,0f,0f,0f,1f],start_interpolation: 0,interpolation_duration: 1}
$data merge entity $(bone_scale_neck_right1) {transformation: [-1.5994f,-0.3153f,-0.2355f,-0.6756f,-0.3885f,1.4222f,0.7346f,4.7917f,0.0627f,0.7688f,-1.4553f,1.2146f,0f,0f,0f,1f],start_interpolation: 0,interpolation_duration: 1}
$data merge entity $(bone_blush_right1) {transformation: [-0.999f,0.0393f,-0.023f,-0.4974f,0.0348f,0.9847f,0.1706f,4.356f,0.0294f,0.1696f,-0.9851f,2.5413f,0f,0f,0f,1f],start_interpolation: 0,interpolation_duration: 1}
$data merge entity $(bone_blush_left1) {transformation: [-0.999f,0.0393f,-0.023f,0.8264f,0.0348f,0.9847f,0.1706f,4.3099f,0.0294f,0.1696f,-0.9851f,2.5024f,0f,0f,0f,1f],start_interpolation: 0,interpolation_duration: 1}
$data merge entity $(bone_left_head_scales) {transformation: [-0.8754f,0.0393f,-0.4817f,0.8572f,-0.0479f,0.9847f,0.1674f,5.0954f,0.4809f,0.1696f,-0.8602f,2.2386f,0f,0f,0f,1f],start_interpolation: 0,interpolation_duration: 1}
$data merge entity $(bone_left_head_scales2) {transformation: [-0.8051f,0.0393f,-0.5919f,0.8258f,-0.0694f,0.9847f,0.1597f,4.182f,0.5891f,0.1696f,-0.7901f,2.2522f,0f,0f,0f,1f],start_interpolation: 0,interpolation_duration: 1}
$data merge entity $(bone_left_head_scales1) {transformation: [-0.999f,0.0393f,-0.023f,0.8528f,0.0348f,0.9847f,0.1706f,4.9848f,0.0294f,0.1696f,-0.9851f,2.2196f,0f,0f,0f,1f],start_interpolation: 0,interpolation_duration: 1}
$data merge entity $(bone_right_head_scales) {transformation: [-0.8967f,0.0393f,0.4408f,-0.4891f,0.1096f,0.9847f,0.1352f,5.1423f,-0.4288f,0.1696f,-0.8873f,2.2783f,0f,0f,0f,1f],start_interpolation: 0,interpolation_duration: 1}
$data merge entity $(bone_right_head_scales2) {transformation: [-0.8315f,0.0393f,0.5541f,-0.5205f,0.1263f,0.9847f,0.1198f,4.2289f,-0.5409f,0.1696f,-0.8238f,2.2918f,0f,0f,0f,1f],start_interpolation: 0,interpolation_duration: 1}
$data merge entity $(bone_right_head_scales1) {transformation: [-0.999f,0.0393f,-0.023f,-0.4935f,0.0348f,0.9847f,0.1706f,5.0317f,0.0294f,0.1696f,-0.9851f,2.2592f,0f,0f,0f,1f],start_interpolation: 0,interpolation_duration: 1}
$data merge entity $(bone_head_left_fin1) {transformation: [-0.6999f,0.0525f,-0.7785f,0.8343f,0.1655f,1.032f,-0.0792f,4.5845f,0.7625f,-0.1759f,-0.6973f,2.0652f,0f,0f,0f,1f],start_interpolation: 0,interpolation_duration: 1}
$data merge entity $(bone_head_right_fin1) {transformation: [-0.7532f,0.0091f,0.7289f,-0.512f,-0.115f,1.0335f,-0.1317f,4.6314f,-0.7198f,-0.1746f,-0.7417f,2.1048f,0f,0f,0f,1f],start_interpolation: 0,interpolation_duration: 1}
$data merge entity $(bone_right_whisker16) {transformation: [0.2511f,0.8881f,-0.3849f,-1.0566f,0.9038f,-0.3575f,-0.2353f,1.9655f,-0.3466f,-0.2888f,-0.8925f,2.8042f,0f,0f,0f,1f],start_interpolation: 0,interpolation_duration: 1}
$data merge entity $(bone_right_whisker15) {transformation: [-0.8478f,0.3649f,-0.3849f,-0.771f,0.4724f,0.8494f,-0.2353f,1.8064f,0.2411f,-0.3813f,-0.8925f,2.7229f,0f,0f,0f,1f],start_interpolation: 0,interpolation_duration: 1}
$data merge entity $(bone_right_whisker14) {transformation: [-0.689f,-0.6141f,-0.3849f,-0.5389f,-0.5701f,0.7871f,-0.2353f,1.9984f,0.4475f,0.0573f,-0.8925f,2.5722f,0f,0f,0f,1f],start_interpolation: 0,interpolation_duration: 1}
$data merge entity $(bone_right_whisker13) {transformation: [-0.1123f,-0.9807f,-0.1599f,-0.501f,-0.9911f,0.1221f,-0.053f,2.3324f,0.0715f,0.1525f,-0.9857f,2.5481f,0f,0f,0f,1f],start_interpolation: 0,interpolation_duration: 1}
$data merge entity $(bone_right_whisker12) {transformation: [0.0283f,-0.9909f,-0.1318f,-0.5138f,-0.9854f,-0.0498f,0.1628f,2.775f,-0.1679f,0.1253f,-0.9778f,2.6235f,0f,0f,0f,1f],start_interpolation: 0,interpolation_duration: 1}
$data merge entity $(bone_right_whisker11) {transformation: [0.2795f,-0.953f,-0.1172f,-0.6393f,-0.9545f,-0.2626f,-0.141f,3.2038f,0.1036f,0.1513f,-0.983f,2.577f,0f,0f,0f,1f],start_interpolation: 0,interpolation_duration: 1}
$data merge entity $(bone_right_whisker10) {transformation: [0.0821f,-0.9966f,-0.005f,-0.6762f,-0.9232f,-0.0741f,-0.3772f,3.6185f,0.3756f,0.0356f,-0.9261f,2.4083f,0f,0f,0f,1f],start_interpolation: 0,interpolation_duration: 1}
$data merge entity $(bone_right_whisker1) {transformation: [-0.3525f,-0.9352f,-0.0351f,-0.5178f,-0.9266f,0.354f,-0.1271f,4.0347f,0.1313f,-0.0123f,-0.9913f,2.3493f,0f,0f,0f,1f],start_interpolation: 0,interpolation_duration: 1}
$data merge entity $(bone_left_whisker16) {transformation: [0.265f,-0.9416f,0.2077f,1.3346f,-0.9164f,-0.3129f,-0.2497f,1.9072f,0.3001f,-0.1241f,-0.9458f,2.589f,0f,0f,0f,1f],start_interpolation: 0,interpolation_duration: 1}
$data merge entity $(bone_left_whisker15) {transformation: [-0.899f,-0.3856f,0.2077f,1.0317f,-0.4299f,0.8677f,-0.2497f,1.7624f,-0.0839f,-0.3138f,-0.9458f,2.5607f,0f,0f,0f,1f],start_interpolation: 0,interpolation_duration: 1}
$data merge entity $(bone_left_whisker14) {transformation: [-0.7294f,0.6518f,0.2077f,0.786f,0.6047f,0.7563f,-0.2497f,1.9661f,-0.3198f,-0.0566f,-0.9458f,2.453f,0f,0f,0f,1f],start_interpolation: 0,interpolation_duration: 1}
$data merge entity $(bone_left_whisker13) {transformation: [-0.0752f,0.9969f,-0.0213f,0.7607f,0.9957f,0.0739f,-0.0563f,2.3016f,-0.0546f,-0.0254f,-0.9982f,2.4346f,0f,0f,0f,1f],start_interpolation: 0,interpolation_duration: 1}
$data merge entity $(bone_left_whisker12) {transformation: [0.1054f,0.9937f,-0.037f,0.808f,0.9821f,-0.0982f,0.1605f,2.7428f,0.1559f,-0.0533f,-0.9863f,2.5046f,0f,0f,0f,1f],start_interpolation: 0,interpolation_duration: 1}
$data merge entity $(bone_left_whisker11) {transformation: [0.3023f,0.9508f,-0.067f,0.9438f,0.9404f,-0.309f,-0.1423f,3.1652f,-0.156f,-0.02f,-0.9876f,2.4345f,0f,0f,0f,1f],start_interpolation: 0,interpolation_duration: 1}
$data merge entity $(bone_left_whisker10) {transformation: [0.0583f,0.9822f,-0.1786f,0.97f,0.9197f,-0.1224f,-0.373f,3.5784f,-0.3882f,-0.1425f,-0.9105f,2.2601f,0f,0f,0f,1f],start_interpolation: 0,interpolation_duration: 1}
$data merge entity $(bone_left_whisker1) {transformation: [-0.325f,0.934f,-0.1485f,0.824f,0.9431f,0.3084f,-0.1243f,4.002f,-0.0703f,-0.1805f,-0.9811f,2.2285f,0f,0f,0f,1f],start_interpolation: 0,interpolation_duration: 1}
$data merge entity $(bone_upper_left_tooth1) {transformation: [-0.999f,0.0371f,-0.0264f,0.4941f,0.0348f,0.9958f,0.0841f,4.2873f,0.0294f,0.0831f,-0.9961f,3.2709f,0f,0f,0f,1f],start_interpolation: 0,interpolation_duration: 1}
$data merge entity $(bone_upper_right_tooth1) {transformation: [-0.999f,0.0371f,-0.0264f,-0.1791f,0.0348f,0.9958f,0.0841f,4.3107f,0.0294f,0.0831f,-0.9961f,3.2907f,0f,0f,0f,1f],start_interpolation: 0,interpolation_duration: 1}
$data merge entity $(bone_top_lip1) {transformation: [-0.999f,0.0189f,-0.0414f,0.1901f,0.0348f,0.9044f,-0.4253f,4.421f,0.0294f,-0.4263f,-0.9041f,3.2903f,0f,0f,0f,1f],start_interpolation: 0,interpolation_duration: 1}
$data merge entity $(bone_muzzle1) {transformation: [-0.999f,0.0371f,-0.0264f,0.1816f,0.0348f,0.9958f,0.0841f,4.636f,0.0294f,0.0831f,-0.9961f,2.7449f,0f,0f,0f,1f],start_interpolation: 0,interpolation_duration: 1}
$data merge entity $(bone_jaw_right_tooth1) {transformation: [-0.999f,0.017f,-0.0422f,-0.1835f,0.0348f,0.8838f,-0.4666f,4.151f,0.0294f,-0.4675f,-0.8835f,3.3286f,0f,0f,0f,1f],start_interpolation: 0,interpolation_duration: 1}
$data merge entity $(bone_jaw_left_tooth1) {transformation: [-0.999f,0.017f,-0.0422f,0.5457f,0.0348f,0.8838f,-0.4666f,4.1256f,0.0294f,-0.4675f,-0.8835f,3.3071f,0f,0f,0f,1f],start_interpolation: 0,interpolation_duration: 1}
$data merge entity $(bone_tongue1) {transformation: [-0.999f,0.0331f,-0.0312f,0.1557f,0.0348f,0.9979f,-0.0539f,4.0864f,0.0294f,-0.0549f,-0.9981f,2.5158f,0f,0f,0f,1f],start_interpolation: 0,interpolation_duration: 1}
$data merge entity $(bone_jaw_lips1) {transformation: [-0.999f,0.0331f,-0.0312f,0.2356f,0.0348f,0.9979f,-0.0539f,4.004f,0.0294f,-0.0549f,-0.9981f,3.4179f,0f,0f,0f,1f],start_interpolation: 0,interpolation_duration: 1}
$data merge entity $(bone_jaw3) {transformation: [-0.999f,0.0241f,-0.0386f,0.1988f,0.0348f,0.9514f,-0.306f,3.6489f,0.0294f,-0.307f,-0.9512f,2.5891f,0f,0f,0f,1f],start_interpolation: 0,interpolation_duration: 1}
$data merge entity $(bone_jaw1) {transformation: [-0.999f,0.0444f,-0.0103f,0.1896f,0.0348f,0.8891f,0.4564f,4.0589f,0.0294f,0.4555f,-0.8897f,1.7898f,0f,0f,0f,1f],start_interpolation: 0,interpolation_duration: 1}
$data merge entity $(bone_tear_right1) {transformation: [-0.999f,0.0393f,-0.023f,-0.4236f,0.0348f,0.9847f,0.1706f,4.7239f,0.0294f,0.1696f,-0.9851f,2.7059f,0f,0f,0f,1f],start_interpolation: 0,interpolation_duration: 1}
$data merge entity $(bone_right_pupil1) {transformation: [-0.999f,0.0393f,-0.023f,-0.2325f,0.0348f,0.9847f,0.1706f,4.8166f,0.0294f,0.1696f,-0.9851f,2.7859f,0f,0f,0f,1f],start_interpolation: 0,interpolation_duration: 1}
$data merge entity $(bone_right_sad_pupil1) {transformation: [-0.999f,0.0393f,-0.023f,-0.2328f,0.0348f,0.9847f,0.1706f,4.8185f,0.0294f,0.1696f,-0.9851f,2.7748f,0f,0f,0f,1f],start_interpolation: 0,interpolation_duration: 1}
$data merge entity $(bone_right_happy_pupil1) {transformation: [-0.999f,0.0393f,-0.023f,-0.2619f,0.0348f,0.9847f,0.1706f,4.7918f,0.0294f,0.1696f,-0.9851f,2.7709f,0f,0f,0f,1f],start_interpolation: 0,interpolation_duration: 1}
$data merge entity $(bone_eyelid_right1) {transformation: [-0.999f,0.0393f,-0.023f,0.184f,0.0348f,0.9847f,0.1706f,4.8439f,0.0294f,0.1696f,-0.9851f,2.1994f,0f,0f,0f,1f],start_interpolation: 0,interpolation_duration: 1}
$data merge entity $(bone_eyelid_expressions_right5) {transformation: [-0.999f,0.0393f,-0.023f,-0.3574f,0.0348f,0.9847f,0.1706f,4.9336f,0.0294f,0.1696f,-0.9851f,2.7977f,0f,0f,0f,1f],start_interpolation: 0,interpolation_duration: 1}
$data merge entity $(bone_eyelid_expressions_right7) {transformation: [-0.999f,0.0393f,-0.023f,-0.0208f,0.0348f,0.9847f,0.1706f,4.9218f,0.0294f,0.1696f,-0.9851f,2.7878f,0f,0f,0f,1f],start_interpolation: 0,interpolation_duration: 1}
$data merge entity $(bone_eyelid_expressions_right6) {transformation: [-0.999f,0.0393f,-0.023f,-0.133f,0.0348f,0.9847f,0.1706f,4.9257f,0.0294f,0.1696f,-0.9851f,2.7911f,0f,0f,0f,1f],start_interpolation: 0,interpolation_duration: 1}
$data merge entity $(bone_right_eye1) {transformation: [-0.999f,0.0393f,-0.023f,0.173f,0.0348f,0.9847f,0.1706f,4.8424f,0.0294f,0.1696f,-0.9851f,2.2108f,0f,0f,0f,1f],start_interpolation: 0,interpolation_duration: 1}
$data merge entity $(bone_tear_left1) {transformation: [-0.999f,0.0393f,-0.023f,0.788f,0.0348f,0.9847f,0.1706f,4.6817f,0.0294f,0.1696f,-0.9851f,2.6702f,0f,0f,0f,1f],start_interpolation: 0,interpolation_duration: 1}
$data merge entity $(bone_left_sad_pupil1) {transformation: [-0.999f,0.0393f,-0.023f,0.6086f,0.0348f,0.9847f,0.1706f,4.7892f,0.0294f,0.1696f,-0.9851f,2.7501f,0f,0f,0f,1f],start_interpolation: 0,interpolation_duration: 1}
$data merge entity $(bone_left_pupil1) {transformation: [-0.999f,0.0393f,-0.023f,0.6089f,0.0348f,0.9847f,0.1706f,4.7873f,0.0294f,0.1696f,-0.9851f,2.7611f,0f,0f,0f,1f],start_interpolation: 0,interpolation_duration: 1}
$data merge entity $(bone_eyelid_left1) {transformation: [-0.999f,0.0393f,-0.023f,0.1616f,0.0348f,0.9847f,0.1706f,4.8447f,0.0294f,0.1696f,-0.9851f,2.2001f,0f,0f,0f,1f],start_interpolation: 0,interpolation_duration: 1}
$data merge entity $(bone_left_happy_pupil1) {transformation: [-0.999f,0.0393f,-0.023f,0.6356f,0.0348f,0.9847f,0.1706f,4.7606f,0.0294f,0.1696f,-0.9851f,2.7445f,0f,0f,0f,1f],start_interpolation: 0,interpolation_duration: 1}
$data merge entity $(bone_eyelid_expressions_left5) {transformation: [-0.999f,0.0393f,-0.023f,0.7421f,0.0348f,0.9847f,0.1706f,4.8953f,0.0294f,0.1696f,-0.9851f,2.7653f,0f,0f,0f,1f],start_interpolation: 0,interpolation_duration: 1}
$data merge entity $(bone_eyelid_expressions_left7) {transformation: [-0.999f,0.0393f,-0.023f,0.4055f,0.0348f,0.9847f,0.1706f,4.907f,0.0294f,0.1696f,-0.9851f,2.7752f,0f,0f,0f,1f],start_interpolation: 0,interpolation_duration: 1}
$data merge entity $(bone_eyelid_expressions_left6) {transformation: [-0.999f,0.0393f,-0.023f,0.5177f,0.0348f,0.9847f,0.1706f,4.9031f,0.0294f,0.1696f,-0.9851f,2.7719f,0f,0f,0f,1f],start_interpolation: 0,interpolation_duration: 1}
$data merge entity $(bone_left_eye1) {transformation: [-0.999f,0.0393f,-0.023f,0.173f,0.0348f,0.9847f,0.1706f,4.8424f,0.0294f,0.1696f,-0.9851f,2.2108f,0f,0f,0f,1f],start_interpolation: 0,interpolation_duration: 1}
$data merge entity $(bone_crest_middle5) {transformation: [-0.999f,0.0334f,-0.031f,0.2384f,0.0348f,0.9983f,-0.0466f,6.1256f,0.0294f,-0.0476f,-0.9984f,2.9155f,0f,0f,0f,1f],start_interpolation: 0,interpolation_duration: 1}
$data merge entity $(bone_crest_middle4) {transformation: [-0.999f,0.0334f,-0.031f,0.216f,0.0348f,0.9983f,-0.0466f,5.4529f,0.0294f,-0.0476f,-0.9984f,2.9476f,0f,0f,0f,1f],start_interpolation: 0,interpolation_duration: 1}
$data merge entity $(bone_crest_middle1) {transformation: [-0.999f,0.0334f,-0.031f,0.2017f,0.0348f,0.9983f,-0.0466f,4.9523f,0.0294f,-0.0476f,-0.9984f,3.0557f,0f,0f,0f,1f],start_interpolation: 0,interpolation_duration: 1}
$data merge entity $(bone_crest_left5) {transformation: [-0.5699f,-0.8174f,0.0844f,-0.8878f,-0.8118f,0.5759f,0.0962f,5.5157f,-0.1272f,-0.0137f,-0.9918f,2.9365f,0f,0f,0f,1f],start_interpolation: 0,interpolation_duration: 1}
$data merge entity $(bone_crest_left4) {transformation: [-0.5699f,-0.8174f,0.0844f,-0.4288f,-0.8118f,0.5759f,0.0962f,5.1923f,-0.1272f,-0.0137f,-0.9918f,2.9442f,0f,0f,0f,1f],start_interpolation: 0,interpolation_duration: 1}
$data merge entity $(bone_crest_left1) {transformation: [-0.5699f,-0.8174f,0.0844f,0.0808f,-0.8118f,0.5759f,0.0962f,4.842f,-0.1272f,-0.0137f,-0.9918f,2.8969f,0f,0f,0f,1f],start_interpolation: 0,interpolation_duration: 1}
$data merge entity $(bone_crest_center1) {transformation: [-0.999f,0.0393f,-0.023f,0.1919f,0.0348f,0.9847f,0.1706f,4.8104f,0.0294f,0.1696f,-0.9851f,2.8889f,0f,0f,0f,1f],start_interpolation: 0,interpolation_duration: 1}
$data merge entity $(bone_crest_right5) {transformation: [-0.5036f,0.8532f,-0.1356f,1.3189f,0.8492f,0.5178f,0.1039f,5.4388f,0.1588f,-0.0628f,-0.9853f,2.8716f,0f,0f,0f,1f],start_interpolation: 0,interpolation_duration: 1}
$data merge entity $(bone_crest_right4) {transformation: [-0.5036f,0.8532f,-0.1356f,0.8398f,0.8492f,0.5178f,0.1039f,5.1481f,0.1588f,-0.0628f,-0.9853f,2.9069f,0f,0f,0f,1f],start_interpolation: 0,interpolation_duration: 1}
$data merge entity $(bone_crest_right1) {transformation: [-0.5036f,0.8532f,-0.1356f,0.3052f,0.8492f,0.5178f,0.1039f,4.8341f,0.1588f,-0.0628f,-0.9853f,2.8903f,0f,0f,0f,1f],start_interpolation: 0,interpolation_duration: 1}
$data merge entity $(bone_head1) {transformation: [-1.0471f,0.0412f,-0.0242f,0.1566f,0.0365f,1.0322f,0.1788f,4.8925f,0.0308f,0.1778f,-1.0325f,1.5929f,0f,0f,0f,1f],start_interpolation: 0,interpolation_duration: 1}
$data merge entity $(bone_neck10) {transformation: [-1.4889f,0.0613f,-0.147f,0.0335f,0.023f,1.4502f,0.3721f,4.7225f,0.1576f,0.3678f,-1.443f,0.4544f,0f,0f,0f,1f],start_interpolation: 0,interpolation_duration: 1}
$data merge entity $(bone_neck9) {transformation: [-1.139f,0.0687f,-0.1006f,-0.0491f,0.0176f,1.0287f,0.5036f,3.3868f,0.1205f,0.4992f,-1.0239f,-0.1317f,0f,0f,0f,1f],start_interpolation: 0,interpolation_duration: 1}
$data merge entity $(bone_neck8) {transformation: [-1.0571f,0.0021f,-0.113f,-0.0472f,0.02f,1.0496f,-0.1679f,2.6089f,0.1113f,-0.1691f,-1.0437f,0.0273f,0f,0f,0f,1f],start_interpolation: 0,interpolation_duration: 1}
$data merge entity $(bone_neck7) {transformation: [-1.0489f,-0.0469f,-0.1094f,-0.0024f,0f,0.9702f,-0.4162f,1.7399f,0.119f,-0.4135f,-0.964f,0.4219f,0f,0f,0f,1f],start_interpolation: 0,interpolation_duration: 1}
$data merge entity $(bone_neck6) {transformation: [-1.043f,-0.0306f,-0.1143f,0.0237f,0f,1.0139f,-0.2717f,0.8416f,0.1183f,-0.2699f,-1.0074f,0.6518f,0f,0f,0f,1f],start_interpolation: 0,interpolation_duration: 1}
$data merge entity $(bone_neck_spine6) {transformation: [-1.2423f,-0.251f,-0.1168f,-0.2194f,-0.0375f,-0.3793f,1.2144f,0.7803f,-0.2743f,1.1887f,0.3629f,-1.9044f,0f,0f,0f,1f],start_interpolation: 0,interpolation_duration: 1}
$data merge entity $(bone_neck_spine7) {transformation: [-0.8712f,-0.4802f,0.1025f,0.9973f,0.1155f,0.0027f,0.9933f,1.9725f,-0.4772f,0.8772f,0.0531f,-5.0923f,0f,0f,0f,1f],start_interpolation: 0,interpolation_duration: 1}
$data merge entity $(bone_tail6) {transformation: [-1.533f,-0.7658f,0.17f,2.7548f,0.1042f,0.171f,1.7103f,1.4632f,-0.7775f,1.5329f,-0.1059f,-8.6429f,0f,0f,0f,1f],start_interpolation: 0,interpolation_duration: 1}
$data merge entity $(bone_tail5) {transformation: [-1.2664f,-0.6326f,0.1404f,2.3552f,0.0861f,0.1413f,1.4129f,1.5524f,-0.6423f,1.2663f,-0.0875f,-7.8432f,0f,0f,0f,1f],start_interpolation: 0,interpolation_duration: 1}
$data merge entity $(bone_tail4) {transformation: [-0.9331f,-0.4661f,0.1035f,2.1555f,0.0634f,0.1041f,1.0411f,1.597f,-0.4732f,0.933f,-0.0645f,-7.4433f,0f,0f,0f,1f],start_interpolation: 0,interpolation_duration: 1}
$data merge entity $(bone_segment18) {transformation: [-0.8902f,-0.4447f,0.0987f,1.9057f,0.0605f,0.0993f,0.9932f,1.6528f,-0.4515f,0.8902f,-0.0615f,-6.9434f,0f,0f,0f,1f],start_interpolation: 0,interpolation_duration: 1}
$data merge entity $(bone_segment17) {transformation: [-0.8902f,-0.4447f,0.0987f,1.5811f,0.0605f,0.0993f,0.9932f,1.7253f,-0.4515f,0.8902f,-0.0615f,-6.2936f,0f,0f,0f,1f],start_interpolation: 0,interpolation_duration: 1}
$data merge entity $(bone_segment16) {transformation: [-0.8893f,-0.4555f,0.0407f,1.1463f,0.1056f,-0.118f,0.9874f,1.6127f,-0.445f,0.8824f,0.1531f,-5.4513f,0f,0f,0f,1f],start_interpolation: 0,interpolation_duration: 1}
$data merge entity $(bone_segment15) {transformation: [-0.8712f,-0.4904f,-0.0252f,0.568f,0.1155f,-0.2545f,0.9601f,1.3125f,-0.4772f,0.8335f,0.2784f,-4.4685f,0f,0f,0f,1f],start_interpolation: 0,interpolation_duration: 1}
$data merge entity $(bone_segment14) {transformation: [-0.9664f,-0.3845f,-0.1296f,0.1354f,0.0643f,-0.4755f,0.9319f,0.7777f,-0.4007f,0.8513f,0.462f,-3.5107f,0f,0f,0f,1f],start_interpolation: 0,interpolation_duration: 1}
$data merge entity $(bone_segment13) {transformation: [-1.0012f,-0.1829f,-0.1278f,-0.0814f,-0.0302f,-0.471f,0.9107f,0.1855f,-0.2211f,0.8926f,0.4543f,-2.4481f,0f,0f,0f,1f],start_interpolation: 0,interpolation_duration: 1}
$data merge entity $(bone_segment12) {transformation: [-1.1115f,-0.0342f,-0.0893f,-0.1227f,-0.0789f,-0.2598f,1.082f,-0.1283f,-0.054f,1.0844f,0.2564f,-1.1381f,0f,0f,0f,1f],start_interpolation: 0,interpolation_duration: 1}
$data merge entity $(bone_segment11) {transformation: [-1.1866f,0.0713f,-0.0631f,-0.0399f,-0.0385f,0.362f,1.1334f,0.2901f,0.0871f,1.1318f,-0.3586f,0.1698f,0f,0f,0f,1f],start_interpolation: 0,interpolation_duration: 1}
$data merge entity $(bone_segment10) {transformation: [-1.0421f,0.076f,-0.083f,0.0326f,0.021f,0.8909f,0.5519f,1.2021f,0.1105f,0.547f,-0.8872f,0.7304f,0f,0f,0f,1f],start_interpolation: 0,interpolation_duration: 1}
data modify entity @s data merge value {"cameras":{},"locators":{"mouth":{"px":0.20939990178001677,"py":4.3640138972314055,"pz":4.012353813004415,"ry":166.9630329163048,"rx":79.97438966568848}}}
function animated_java:gyarados/animations/surfacewater_swim/zzz/frames/on_tick/transform_floating_entities