# This file was generated by Animated Java via MC-Build. It is not recommended to edit this file directly.
$data merge entity $(bone_neck_spine5) {transformation: [-1.5701f,-0.0532f,-0.0631f,0.1573f,-0.0576f,1.5672f,0.1119f,4.2363f,0.0591f,0.1141f,-1.567f,-0.7131f,0f,0f,0f,1f],start_interpolation: 0,interpolation_duration: 1}
$data merge entity $(bone_neck_spine2) {transformation: [-1.4953f,-0.0552f,-0.0559f,0.0489f,-0.0548f,1.4964f,-0.0112f,5.7899f,0.0563f,-0.0091f,-1.4963f,0.908f,0f,0f,0f,1f],start_interpolation: 0,interpolation_duration: 1}
$data merge entity $(bone_scale_neck_left1) {transformation: [-1.6023f,0.3813f,0.014f,0.866f,0.3645f,1.5118f,0.5427f,4.9173f,0.1128f,0.5311f,-1.5551f,0.8502f,0f,0f,0f,1f],start_interpolation: 0,interpolation_duration: 1}
$data merge entity $(bone_scale_neck_right1) {transformation: [-1.5753f,-0.4499f,-0.1703f,-0.7041f,-0.481f,1.4813f,0.536f,4.8598f,0.0068f,0.5624f,-1.5481f,0.9093f,0f,0f,0f,1f],start_interpolation: 0,interpolation_duration: 1}
$data merge entity $(bone_blush_right1) {transformation: [-0.9986f,-0.032f,-0.0431f,-0.5141f,-0.0368f,0.9925f,0.1162f,4.5275f,0.0391f,0.1176f,-0.9923f,2.3079f,0f,0f,0f,1f],start_interpolation: 0,interpolation_duration: 1}
$data merge entity $(bone_blush_left1) {transformation: [-0.9986f,-0.032f,-0.0431f,0.8092f,-0.0368f,0.9925f,0.1162f,4.5763f,0.0391f,0.1176f,-0.9923f,2.2561f,0f,0f,0f,1f],start_interpolation: 0,interpolation_duration: 1}
$data merge entity $(bone_left_head_scales) {transformation: [-0.8658f,-0.032f,-0.4993f,0.7801f,-0.0863f,0.9925f,0.0861f,5.3469f,0.4929f,0.1176f,-0.8621f,1.9515f,0f,0f,0f,1f],start_interpolation: 0,interpolation_duration: 1}
$data merge entity $(bone_left_head_scales2) {transformation: [-0.7932f,-0.032f,-0.6081f,0.8161f,-0.0968f,0.9925f,0.0741f,4.4356f,0.6012f,0.1176f,-0.7904f,2.013f,0f,0f,0f,1f],start_interpolation: 0,interpolation_duration: 1}
$data merge entity $(bone_left_head_scales1) {transformation: [-0.9986f,-0.032f,-0.0431f,0.7837f,-0.0368f,0.9925f,0.1162f,5.2354f,0.0391f,0.1176f,-0.9923f,1.9383f,0f,0f,0f,1f],start_interpolation: 0,interpolation_duration: 1}
$data merge entity $(bone_right_head_scales) {transformation: [-0.9057f,-0.032f,0.4228f,-0.5656f,0.021f,0.9925f,0.1201f,5.2973f,-0.4235f,0.1176f,-0.8982f,2.0042f,0f,0f,0f,1f],start_interpolation: 0,interpolation_duration: 1}
$data merge entity $(bone_right_head_scales2) {transformation: [-0.8427f,-0.032f,0.5374f,-0.5296f,0.0365f,0.9925f,0.1163f,4.386f,-0.5371f,0.1176f,-0.8353f,2.0657f,0f,0f,0f,1f],start_interpolation: 0,interpolation_duration: 1}
$data merge entity $(bone_right_head_scales1) {transformation: [-0.9986f,-0.032f,-0.0431f,-0.562f,-0.0368f,0.9925f,0.1162f,5.1858f,0.0391f,0.1176f,-0.9923f,1.991f,0f,0f,0f,1f],start_interpolation: 0,interpolation_duration: 1}
$data merge entity $(bone_head_left_fin1) {transformation: [-0.7042f,-0.0249f,-0.776f,0.7936f,0.154f,1.0223f,-0.1726f,4.8272f,0.7609f,-0.23f,-0.6832f,1.8052f,0f,0f,0f,1f],start_interpolation: 0,interpolation_duration: 1}
$data merge entity $(bone_head_right_fin1) {transformation: [-0.7483f,-0.0683f,0.7308f,-0.5521f,-0.2075f,1.0207f,-0.1171f,4.7776f,-0.7041f,-0.2283f,-0.7422f,1.8579f,0f,0f,0f,1f],start_interpolation: 0,interpolation_duration: 1}
$data merge entity $(bone_right_whisker16) {transformation: [0.267f,0.9429f,-0.1992f,-1.0452f,0.9294f,-0.3066f,-0.2054f,2.0926f,-0.2548f,-0.1303f,-0.9582f,2.2485f,0f,0f,0f,1f],start_interpolation: 0,interpolation_duration: 1}
$data merge entity $(bone_right_whisker15) {transformation: [-0.9f,0.3878f,-0.1992f,-0.742f,0.4253f,0.8814f,-0.2054f,1.9493f,0.096f,-0.2696f,-0.9582f,2.2161f,0f,0f,0f,1f],start_interpolation: 0,interpolation_duration: 1}
$data merge entity $(bone_right_whisker14) {transformation: [-0.7318f,-0.6517f,-0.1992f,-0.4955f,-0.6191f,0.758f,-0.2054f,2.1579f,0.2849f,-0.027f,-0.9582f,2.1202f,0f,0f,0f,1f],start_interpolation: 0,interpolation_duration: 1}
$data merge entity $(bone_right_whisker13) {transformation: [-0.075f,-0.9967f,0.03f,-0.4702f,-0.9972f,0.0748f,-0.0097f,2.4938f,0.0075f,-0.0307f,-0.9995f,2.1176f,0f,0f,0f,1f],start_interpolation: 0,interpolation_duration: 1}
$data merge entity $(bone_right_whisker12) {transformation: [0.1074f,-0.9932f,0.0456f,-0.5184f,-0.9738f,-0.0958f,0.2063f,2.9313f,-0.2005f,-0.0665f,-0.9774f,2.2077f,0f,0f,0f,1f],start_interpolation: 0,interpolation_duration: 1}
$data merge entity $(bone_right_whisker11) {transformation: [0.3015f,-0.9504f,0.0757f,-0.6539f,-0.9465f,-0.308f,-0.0961f,3.3565f,0.1146f,-0.0427f,-0.9925f,2.1562f,0f,0f,0f,1f],start_interpolation: 0,interpolation_duration: 1}
$data merge entity $(bone_right_whisker10) {transformation: [0.0554f,-0.9808f,0.1867f,-0.6788f,-0.9368f,-0.1158f,-0.3301f,3.7773f,0.3454f,-0.1567f,-0.9253f,2.0011f,0f,0f,0f,1f],start_interpolation: 0,interpolation_duration: 1}
$data merge entity $(bone_right_whisker1) {transformation: [-0.3251f,-0.9325f,0.1572f,-0.5328f,-0.9454f,0.3163f,-0.0785f,4.202f,0.0234f,-0.1741f,-0.9844f,1.9905f,0f,0f,0f,1f],start_interpolation: 0,interpolation_duration: 1}
$data merge entity $(bone_left_whisker16) {transformation: [0.2486f,-0.8854f,0.3928f,1.344f,-0.9189f,-0.3439f,-0.1934f,2.1413f,0.3063f,-0.3129f,-0.899f,2.4871f,0f,0f,0f,1f],start_interpolation: 0,interpolation_duration: 1}
$data merge entity $(bone_left_whisker15) {transformation: [-0.8453f,-0.3621f,0.3928f,1.0592f,-0.4609f,0.8662f,-0.1934f,1.986f,-0.2703f,-0.3445f,-0.899f,2.396f,0f,0f,0f,1f],start_interpolation: 0,interpolation_duration: 1}
$data merge entity $(bone_left_whisker14) {transformation: [-0.6854f,0.6131f,0.3928f,0.8283f,0.5902f,0.7837f,-0.1934f,2.1849f,-0.4264f,0.0993f,-0.899f,2.2524f,0f,0f,0f,1f],start_interpolation: 0,interpolation_duration: 1}
$data merge entity $(bone_left_whisker13) {transformation: [-0.1122f,0.9793f,0.1686f,0.7905f,0.9933f,0.115f,-0.0069f,2.5195f,-0.0262f,0.1667f,-0.9857f,2.2435f,0f,0f,0f,1f],start_interpolation: 0,interpolation_duration: 1}
$data merge entity $(bone_left_whisker12) {transformation: [0.0262f,0.9898f,0.1403f,0.8022f,0.9765f,-0.0554f,0.2082f,2.9582f,0.2139f,0.1315f,-0.968f,2.3396f,0f,0f,0f,1f],start_interpolation: 0,interpolation_duration: 1}
$data merge entity $(bone_left_whisker11) {transformation: [0.2798f,0.9518f,0.1259f,0.9279f,0.9584f,-0.2692f,-0.095f,3.3887f,-0.0566f,0.1473f,-0.9875f,2.3142f,0f,0f,0f,1f],start_interpolation: 0,interpolation_duration: 1}
$data merge entity $(bone_left_whisker10) {transformation: [0.0848f,0.9963f,0.0133f,0.966f,0.9397f,-0.0755f,-0.3336f,3.8108f,-0.3314f,0.0408f,-0.9426f,2.1653f,0f,0f,0f,1f],start_interpolation: 0,interpolation_duration: 1}
$data merge entity $(bone_left_whisker1) {transformation: [-0.3519f,0.935f,0.0438f,0.8079f,0.9316f,0.3544f,-0.0808f,4.2293f,-0.091f,0.0124f,-0.9958f,2.1244f,0f,0f,0f,1f],start_interpolation: 0,interpolation_duration: 1}
$data merge entity $(bone_upper_left_tooth1) {transformation: [-0.9986f,-0.0356f,-0.0402f,0.4854f,-0.0368f,0.9989f,0.0292f,4.57f,0.0391f,0.0307f,-0.9988f,3.0286f,0f,0f,0f,1f],start_interpolation: 0,interpolation_duration: 1}
$data merge entity $(bone_upper_right_tooth1) {transformation: [-0.9986f,-0.0356f,-0.0402f,-0.1874f,-0.0368f,0.9989f,0.0292f,4.5452f,0.0391f,0.0307f,-0.9988f,3.0549f,0f,0f,0f,1f],start_interpolation: 0,interpolation_duration: 1}
$data merge entity $(bone_top_lip1) {transformation: [-0.9986f,-0.051f,-0.0168f,0.1726f,-0.0368f,0.878f,-0.4773f,4.682f,0.0391f,-0.476f,-0.8786f,3.0445f,0f,0f,0f,1f],start_interpolation: 0,interpolation_duration: 1}
$data merge entity $(bone_muzzle1) {transformation: [-0.9986f,-0.0356f,-0.0402f,0.1441f,-0.0368f,0.9989f,0.0292f,4.8667f,0.0391f,0.0307f,-0.9988f,2.4888f,0f,0f,0f,1f],start_interpolation: 0,interpolation_duration: 1}
$data merge entity $(bone_jaw_right_tooth1) {transformation: [-0.9986f,-0.0509f,-0.017f,-0.177f,-0.0368f,0.8795f,-0.4745f,4.3179f,0.0391f,-0.4732f,-0.8801f,3.1068f,0f,0f,0f,1f],start_interpolation: 0,interpolation_duration: 1}
$data merge entity $(bone_jaw_left_tooth1) {transformation: [-0.9986f,-0.0509f,-0.017f,0.5519f,-0.0368f,0.8795f,-0.4745f,4.3448f,0.0391f,-0.4732f,-0.8801f,3.0783f,0f,0f,0f,1f],start_interpolation: 0,interpolation_duration: 1}
$data merge entity $(bone_tongue1) {transformation: [-0.9986f,-0.0362f,-0.0396f,0.156f,-0.0368f,0.9992f,0.0134f,4.341f,0.0391f,0.0149f,-0.9991f,2.2993f,0f,0f,0f,1f],start_interpolation: 0,interpolation_duration: 1}
$data merge entity $(bone_jaw_lips1) {transformation: [-0.9986f,-0.0362f,-0.0396f,0.2524f,-0.0368f,0.9992f,0.0134f,4.202f,0.0391f,0.0149f,-0.9991f,3.1929f,0f,0f,0f,1f],start_interpolation: 0,interpolation_duration: 1}
$data merge entity $(bone_jaw3) {transformation: [-0.9986f,-0.0472f,-0.0256f,0.2334f,-0.0368f,0.9485f,-0.3146f,3.8394f,0.0391f,-0.3132f,-0.9489f,2.3668f,0f,0f,0f,1f],start_interpolation: 0,interpolation_duration: 1}
$data merge entity $(bone_jaw1) {transformation: [-0.9986f,-0.0153f,-0.0515f,0.1872f,-0.0368f,0.8932f,0.4482f,4.2421f,0.0391f,0.4495f,-0.8924f,1.5649f,0f,0f,0f,1f],start_interpolation: 0,interpolation_duration: 1}
$data merge entity $(bone_tear_right1) {transformation: [-0.9986f,-0.032f,-0.0431f,-0.4662f,-0.0368f,0.9925f,0.1162f,4.908f,0.0391f,0.1176f,-0.9923f,2.4522f,0f,0f,0f,1f],start_interpolation: 0,interpolation_duration: 1}
$data merge entity $(bone_right_pupil1) {transformation: [-0.9986f,-0.032f,-0.0431f,-0.2818f,-0.0368f,0.9925f,0.1162f,5.0184f,0.0391f,0.1176f,-0.9923f,2.5251f,0f,0f,0f,1f],start_interpolation: 0,interpolation_duration: 1}
$data merge entity $(bone_right_sad_pupil1) {transformation: [-0.9986f,-0.032f,-0.0431f,-0.2823f,-0.0368f,0.9925f,0.1162f,5.0197f,0.0391f,0.1176f,-0.9923f,2.5139f,0f,0f,0f,1f],start_interpolation: 0,interpolation_duration: 1}
$data merge entity $(bone_right_happy_pupil1) {transformation: [-0.9986f,-0.032f,-0.0431f,-0.3095f,-0.0368f,0.9925f,0.1162f,4.9908f,0.0391f,0.1176f,-0.9923f,2.5117f,0f,0f,0f,1f],start_interpolation: 0,interpolation_duration: 1}
$data merge entity $(bone_eyelid_right1) {transformation: [-0.9986f,-0.032f,-0.0431f,0.127f,-0.0368f,0.9925f,0.1162f,5.0452f,0.0391f,0.1176f,-0.9923f,1.9332f,0f,0f,0f,1f],start_interpolation: 0,interpolation_duration: 1}
$data merge entity $(bone_eyelid_expressions_right5) {transformation: [-0.9986f,-0.032f,-0.0431f,-0.4149f,-0.0368f,0.9925f,0.1162f,5.1265f,0.0391f,0.1176f,-0.9923f,2.5322f,0f,0f,0f,1f],start_interpolation: 0,interpolation_duration: 1}
$data merge entity $(bone_eyelid_expressions_right7) {transformation: [-0.9986f,-0.032f,-0.0431f,-0.0785f,-0.0368f,0.9925f,0.1162f,5.1389f,0.0391f,0.1176f,-0.9923f,2.519f,0f,0f,0f,1f],start_interpolation: 0,interpolation_duration: 1}
$data merge entity $(bone_eyelid_expressions_right6) {transformation: [-0.9986f,-0.032f,-0.0431f,-0.1906f,-0.0368f,0.9925f,0.1162f,5.1347f,0.0391f,0.1176f,-0.9923f,2.5234f,0f,0f,0f,1f],start_interpolation: 0,interpolation_duration: 1}
$data merge entity $(bone_right_eye1) {transformation: [-0.9986f,-0.032f,-0.0431f,0.1163f,-0.0368f,0.9925f,0.1162f,5.0434f,0.0391f,0.1176f,-0.9923f,1.9448f,0f,0f,0f,1f],start_interpolation: 0,interpolation_duration: 1}
$data merge entity $(bone_tear_left1) {transformation: [-0.9986f,-0.032f,-0.0431f,0.7449f,-0.0368f,0.9925f,0.1162f,4.9526f,0.0391f,0.1176f,-0.9923f,2.4048f,0f,0f,0f,1f],start_interpolation: 0,interpolation_duration: 1}
$data merge entity $(bone_left_sad_pupil1) {transformation: [-0.9986f,-0.032f,-0.0431f,0.5587f,-0.0368f,0.9925f,0.1162f,5.0507f,0.0391f,0.1176f,-0.9923f,2.481f,0f,0f,0f,1f],start_interpolation: 0,interpolation_duration: 1}
$data merge entity $(bone_left_pupil1) {transformation: [-0.9986f,-0.032f,-0.0431f,0.5592f,-0.0368f,0.9925f,0.1162f,5.0494f,0.0391f,0.1176f,-0.9923f,2.4921f,0f,0f,0f,1f],start_interpolation: 0,interpolation_duration: 1}
$data merge entity $(bone_eyelid_left1) {transformation: [-0.9986f,-0.032f,-0.0431f,0.1046f,-0.0368f,0.9925f,0.1162f,5.0443f,0.0391f,0.1176f,-0.9923f,1.9341f,0f,0f,0f,1f],start_interpolation: 0,interpolation_duration: 1}
$data merge entity $(bone_left_happy_pupil1) {transformation: [-0.9986f,-0.032f,-0.0431f,0.5877f,-0.0368f,0.9925f,0.1162f,5.0239f,0.0391f,0.1176f,-0.9923f,2.4766f,0f,0f,0f,1f],start_interpolation: 0,interpolation_duration: 1}
$data merge entity $(bone_eyelid_expressions_left5) {transformation: [-0.9986f,-0.032f,-0.0431f,0.6841f,-0.0368f,0.9925f,0.1162f,5.167f,0.0391f,0.1176f,-0.9923f,2.4891f,0f,0f,0f,1f],start_interpolation: 0,interpolation_duration: 1}
$data merge entity $(bone_eyelid_expressions_left7) {transformation: [-0.9986f,-0.032f,-0.0431f,0.3477f,-0.0368f,0.9925f,0.1162f,5.1546f,0.0391f,0.1176f,-0.9923f,2.5023f,0f,0f,0f,1f],start_interpolation: 0,interpolation_duration: 1}
$data merge entity $(bone_eyelid_expressions_left6) {transformation: [-0.9986f,-0.032f,-0.0431f,0.4598f,-0.0368f,0.9925f,0.1162f,5.1587f,0.0391f,0.1176f,-0.9923f,2.4979f,0f,0f,0f,1f],start_interpolation: 0,interpolation_duration: 1}
$data merge entity $(bone_left_eye1) {transformation: [-0.9986f,-0.032f,-0.0431f,0.1163f,-0.0368f,0.9925f,0.1162f,5.0434f,0.0391f,0.1176f,-0.9923f,1.9448f,0f,0f,0f,1f],start_interpolation: 0,interpolation_duration: 1}
$data merge entity $(bone_crest_middle5) {transformation: [-0.9986f,-0.0406f,-0.0352f,0.0925f,-0.0368f,0.9942f,-0.1014f,6.3634f,0.0391f,-0.0999f,-0.9942f,2.5809f,0f,0f,0f,1f],start_interpolation: 0,interpolation_duration: 1}
$data merge entity $(bone_crest_middle4) {transformation: [-0.9986f,-0.0406f,-0.0352f,0.1199f,-0.0368f,0.9942f,-0.1014f,5.6935f,0.0391f,-0.0999f,-0.9942f,2.6482f,0f,0f,0f,1f],start_interpolation: 0,interpolation_duration: 1}
$data merge entity $(bone_crest_middle1) {transformation: [-0.9986f,-0.0406f,-0.0352f,0.1433f,-0.0368f,0.9942f,-0.1014f,5.1996f,0.0391f,-0.0999f,-0.9942f,2.7825f,0f,0f,0f,1f],start_interpolation: 0,interpolation_duration: 1}
$data merge entity $(bone_crest_left5) {transformation: [-0.5096f,-0.8576f,0.0694f,-0.9856f,-0.8569f,0.5131f,0.0496f,5.6748f,-0.0782f,-0.0342f,-0.9964f,2.6467f,0f,0f,0f,1f],start_interpolation: 0,interpolation_duration: 1}
$data merge entity $(bone_crest_left4) {transformation: [-0.5096f,-0.8576f,0.0694f,-0.504f,-0.8569f,0.5131f,0.0496f,5.3866f,-0.0782f,-0.0342f,-0.9964f,2.6659f,0f,0f,0f,1f],start_interpolation: 0,interpolation_duration: 1}
$data merge entity $(bone_crest_left1) {transformation: [-0.5096f,-0.8576f,0.0694f,0.0296f,-0.8569f,0.5131f,0.0496f,5.0725f,-0.0782f,-0.0342f,-0.9964f,2.631f,0f,0f,0f,1f],start_interpolation: 0,interpolation_duration: 1}
$data merge entity $(bone_crest_center1) {transformation: [-0.9986f,-0.032f,-0.0431f,0.1426f,-0.0368f,0.9925f,0.1162f,5.0488f,0.0391f,0.1176f,-0.9923f,2.6233f,0f,0f,0f,1f],start_interpolation: 0,interpolation_duration: 1}
$data merge entity $(bone_crest_right5) {transformation: [-0.5635f,0.8123f,-0.1505f,1.2202f,0.8173f,0.5747f,0.0415f,5.7561f,0.1202f,-0.0996f,-0.9877f,2.5603f,0f,0f,0f,1f],start_interpolation: 0,interpolation_duration: 1}
$data merge entity $(bone_crest_right4) {transformation: [-0.5635f,0.8123f,-0.1505f,0.7641f,0.8173f,0.5747f,0.0415f,5.4334f,0.1202f,-0.0996f,-0.9877f,2.6162f,0f,0f,0f,1f],start_interpolation: 0,interpolation_duration: 1}
$data merge entity $(bone_crest_right1) {transformation: [-0.5635f,0.8123f,-0.1505f,0.2539f,0.8173f,0.5747f,0.0415f,5.0808f,0.1202f,-0.0996f,-0.9877f,2.6223f,0f,0f,0f,1f],start_interpolation: 0,interpolation_duration: 1}
$data merge entity $(bone_head1) {transformation: [-1.0467f,-0.0335f,-0.0452f,0.0914f,-0.0386f,1.0404f,0.1218f,5.0595f,0.041f,0.1233f,-1.0401f,1.3253f,0f,0f,0f,1f],start_interpolation: 0,interpolation_duration: 1}
$data merge entity $(bone_neck10) {transformation: [-1.4953f,-0.0474f,-0.0626f,0.061f,-0.0548f,1.485f,0.1842f,4.7452f,0.0563f,0.1863f,-1.4847f,0.2116f,0f,0f,0f,1f],start_interpolation: 0,interpolation_duration: 1}
$data merge entity $(bone_neck9) {transformation: [-1.1439f,-0.0255f,-0.0544f,0.0962f,-0.0419f,1.0818f,0.3743f,3.3481f,0.0431f,0.3758f,-1.0813f,-0.2144f,0f,0f,0f,1f],start_interpolation: 0,interpolation_duration: 1}
$data merge entity $(bone_neck8) {transformation: [-1.0619f,-0.0414f,-0.0297f,0.128f,-0.0333f,1.0326f,-0.2507f,2.5855f,0.0386f,-0.2495f,-1.0327f,0.0043f,0f,0f,0f,1f],start_interpolation: 0,interpolation_duration: 1}
$data merge entity $(bone_neck7) {transformation: [-1.0554f,-0.0097f,-0.0209f,0.1372f,0f,0.958f,-0.4435f,1.7281f,0.0231f,-0.4434f,-0.9577f,0.4257f,0f,0f,0f,1f],start_interpolation: 0,interpolation_duration: 1}
$data merge entity $(bone_neck6) {transformation: [-1.0494f,-0.0059f,-0.0221f,0.1423f,0f,1.0139f,-0.2717f,0.8299f,0.0229f,-0.2716f,-1.0137f,0.6571f,0f,0f,0f,1f],start_interpolation: 0,interpolation_duration: 1}
$data merge entity $(bone_neck_spine6) {transformation: [-1.227f,0.2224f,0.2551f,0.0154f,0.1836f,-0.3688f,1.2043f,0.6428f,0.2843f,1.1977f,0.3234f,-1.8719f,0f,0f,0f,1f],start_interpolation: 0,interpolation_duration: 1}
$data merge entity $(bone_neck_spine7) {transformation: [-0.9685f,0.0099f,0.2489f,-0.3058f,0.2479f,-0.0593f,0.967f,1.8877f,0.0243f,0.9982f,0.055f,-5.2156f,0f,0f,0f,1f],start_interpolation: 0,interpolation_duration: 1}
$data merge entity $(bone_tail6) {transformation: [-1.237f,-0.3949f,1.1311f,0.5551f,1.1645f,-0.0144f,1.2685f,1.7435f,-0.2814f,1.6761f,0.2774f,-9.0648f,0f,0f,0f,1f],start_interpolation: 0,interpolation_duration: 1}
$data merge entity $(bone_tail5) {transformation: [-1.0218f,-0.3262f,0.9344f,0.349f,0.962f,-0.0119f,1.0479f,1.736f,-0.2325f,1.3846f,0.2292f,-8.1903f,0f,0f,0f,1f],start_interpolation: 0,interpolation_duration: 1}
$data merge entity $(bone_tail4) {transformation: [-0.7529f,-0.2404f,0.6885f,0.246f,0.7088f,-0.0088f,0.7721f,1.7322f,-0.1713f,1.0202f,0.1688f,-7.7531f,0f,0f,0f,1f],start_interpolation: 0,interpolation_duration: 1}
$data merge entity $(bone_segment18) {transformation: [-0.7183f,-0.2293f,0.6568f,0.1173f,0.6762f,-0.0084f,0.7366f,1.7275f,-0.1634f,0.9733f,0.1611f,-7.2066f,0f,0f,0f,1f],start_interpolation: 0,interpolation_duration: 1}
$data merge entity $(bone_segment17) {transformation: [-0.7183f,-0.2293f,0.6568f,-0.0501f,0.6762f,-0.0084f,0.7366f,1.7214f,-0.1634f,0.9733f,0.1611f,-6.4961f,0f,0f,0f,1f],start_interpolation: 0,interpolation_duration: 1}
$data merge entity $(bone_segment16) {transformation: [-0.8939f,-0.366f,0.2586f,-0.3995f,0.3367f,-0.1676f,0.9266f,1.5614f,-0.2958f,0.9154f,0.2731f,-5.6222f,0f,0f,0f,1f],start_interpolation: 0,interpolation_duration: 1}
$data merge entity $(bone_segment15) {transformation: [-0.9685f,-0.0548f,0.243f,-0.4642f,0.2479f,-0.3075f,0.9187f,1.1987f,0.0243f,0.95f,0.3114f,-4.5021f,0f,0f,0f,1f],start_interpolation: 0,interpolation_duration: 1}
$data merge entity $(bone_segment14) {transformation: [-1.0152f,0.0947f,0.243f,-0.3576f,0.1691f,-0.5046f,0.903f,0.6311f,0.1986f,0.9138f,0.4734f,-3.474f,0f,0f,0f,1f],start_interpolation: 0,interpolation_duration: 1}
$data merge entity $(bone_segment13) {transformation: [-0.9888f,0.1408f,0.2336f,-0.1945f,0.1479f,-0.4612f,0.9042f,0.0508f,0.2291f,0.9053f,0.4243f,-2.3953f,0f,0f,0f,1f],start_interpolation: 0,interpolation_duration: 1}
$data merge entity $(bone_segment12) {transformation: [-1.0867f,0.146f,0.2058f,-0.0181f,0.175f,-0.2197f,1.0796f,-0.2145f,0.1818f,1.0839f,0.1911f,-1.0858f,0f,0f,0f,1f],start_interpolation: 0,interpolation_duration: 1}
$data merge entity $(bone_segment11) {transformation: [-1.1795f,0.1198f,0.1076f,0.1152f,0.1429f,0.4125f,1.1075f,0.2628f,0.0742f,1.1102f,-0.4231f,0.1975f,0f,0f,0f,1f],start_interpolation: 0,interpolation_duration: 1}
$data merge entity $(bone_segment10) {transformation: [-1.0476f,0.0336f,0.0067f,0.144f,0.0324f,0.906f,0.5262f,1.1904f,0.0111f,0.5261f,-0.9065f,0.7361f,0f,0f,0f,1f],start_interpolation: 0,interpolation_duration: 1}
data modify entity @s data merge value {"cameras":{},"locators":{"mouth":{"posx":0.2016297532031978,"posy":4.664782407730116,"posz":3.7682589276585734,"roty":195.20897214839337,"rotx":82.99941567663681}}}