# This file was generated by Animated Java via MC-Build. It is not recommended to edit this file directly.
$data merge entity $(bone_neck_spine5) {transformation: [-1.5663f,0.0603f,0.1224f,0.1066f,0.0546f,1.5695f,-0.0755f,4.1527f,-0.1251f,-0.071f,-1.5657f,-0.8778f,0f,0f,0f,1f],start_interpolation: 0,interpolation_duration: 1}
$data merge entity $(bone_neck_spine2) {transformation: [-1.4917f,0.0546f,0.1179f,-0.0692f,0.052f,1.4961f,-0.0348f,5.8311f,-0.1191f,-0.0306f,-1.4923f,0.6446f,0f,0f,0f,1f],start_interpolation: 0,interpolation_duration: 1}
$data merge entity $(bone_scale_neck_left1) {transformation: [-1.574f,0.4252f,0.234f,0.6837f,0.4788f,1.4907f,0.5116f,4.9021f,-0.0797f,0.5569f,-1.5481f,0.6919f,0f,0f,0f,1f],start_interpolation: 0,interpolation_duration: 1}
$data merge entity $(bone_scale_neck_right1) {transformation: [-1.596f,-0.404f,0.0502f,-0.8826f,-0.3684f,1.5196f,0.518f,4.9567f,-0.1734f,0.4907f,-1.5628f,0.5669f,0f,0f,0f,1f],start_interpolation: 0,interpolation_duration: 1}
$data merge entity $(bone_blush_right1) {transformation: [-0.998f,0.0209f,0.0594f,-0.858f,0.032f,0.9809f,0.192f,4.5489f,-0.0542f,0.1935f,-0.9796f,1.9494f,0f,0f,0f,1f],start_interpolation: 0,interpolation_duration: 1}
$data merge entity $(bone_blush_left1) {transformation: [-0.998f,0.0209f,0.0594f,0.4645f,0.032f,0.9809f,0.192f,4.5066f,-0.0542f,0.1935f,-0.9796f,2.0213f,0f,0f,0f,1f],start_interpolation: 0,interpolation_duration: 1}
$data merge entity $(bone_left_head_scales) {transformation: [-0.9127f,0.0209f,-0.4082f,0.5143f,-0.0603f,0.9809f,0.1851f,5.2977f,0.4042f,0.1935f,-0.894f,1.7782f,0f,0f,0f,1f],start_interpolation: 0,interpolation_duration: 1}
$data merge entity $(bone_left_head_scales2) {transformation: [-0.8516f,0.0209f,-0.5238f,0.4856f,-0.084f,0.9809f,0.1756f,4.3841f,0.5174f,0.1935f,-0.8335f,1.7693f,0f,0f,0f,1f],start_interpolation: 0,interpolation_duration: 1}
$data merge entity $(bone_left_head_scales1) {transformation: [-0.998f,0.0209f,0.0594f,0.512f,0.032f,0.9809f,0.192f,5.1875f,-0.0542f,0.1935f,-0.9796f,1.7564f,0f,0f,0f,1f],start_interpolation: 0,interpolation_duration: 1}
$data merge entity $(bone_right_head_scales) {transformation: [-0.8578f,0.0209f,0.5135f,-0.8306f,0.117f,0.9809f,0.1556f,5.3408f,-0.5004f,0.1935f,-0.8439f,1.7051f,0f,0f,0f,1f],start_interpolation: 0,interpolation_duration: 1}
$data merge entity $(bone_right_head_scales2) {transformation: [-0.7835f,0.0209f,0.6211f,-0.8594f,0.1363f,0.9809f,0.139f,4.4272f,-0.6063f,0.1935f,-0.7713f,1.6962f,0f,0f,0f,1f],start_interpolation: 0,interpolation_duration: 1}
$data merge entity $(bone_right_head_scales1) {transformation: [-0.998f,0.0209f,0.0594f,-0.833f,0.032f,0.9809f,0.192f,5.2306f,-0.0542f,0.1935f,-0.9796f,1.6833f,0f,0f,0f,1f],start_interpolation: 0,interpolation_duration: 1}
$data merge entity $(bone_head_left_fin1) {transformation: [-0.7623f,0.063f,-0.7167f,0.5082f,0.1473f,1.0357f,-0.0657f,4.7906f,0.7042f,-0.1485f,-0.7621f,1.5924f,0f,0f,0f,1f],start_interpolation: 0,interpolation_duration: 1}
$data merge entity $(bone_head_right_fin1) {transformation: [-0.6894f,0.0196f,0.7893f,-0.8368f,-0.1008f,1.0371f,-0.1139f,4.8337f,-0.7831f,-0.1508f,-0.6802f,1.5193f,0f,0f,0f,1f],start_interpolation: 0,interpolation_duration: 1}
$data merge entity $(bone_right_whisker16) {transformation: [0.2576f,0.8926f,-0.3699f,-1.401f,0.9603f,-0.279f,-0.0046f,2.0896f,-0.1073f,-0.354f,-0.9291f,1.6931f,0f,0f,0f,1f],start_interpolation: 0,interpolation_duration: 1}
$data merge entity $(bone_right_whisker15) {transformation: [-0.8514f,0.3719f,-0.3699f,-1.1142f,0.4019f,0.9157f,-0.0046f,1.9542f,0.337f,-0.1526f,-0.9291f,1.5796f,0f,0f,0f,1f],start_interpolation: 0,interpolation_duration: 1}
$data merge entity $(bone_right_whisker14) {transformation: [-0.6968f,-0.6145f,-0.3699f,-0.8794f,-0.66f,0.7513f,-0.0046f,2.1766f,0.2807f,0.2409f,-0.9291f,1.485f,0f,0f,0f,1f],start_interpolation: 0,interpolation_duration: 1}
$data merge entity $(bone_right_whisker13) {transformation: [-0.1141f,-0.9831f,-0.1433f,-0.8409f,-0.9773f,0.0852f,0.1941f,2.5058f,-0.1786f,0.1621f,-0.9705f,1.5451f,0f,0f,0f,1f],start_interpolation: 0,interpolation_duration: 1}
$data merge entity $(bone_right_whisker12) {transformation: [0.0305f,-0.9929f,-0.1152f,-0.8546f,-0.913f,-0.0745f,0.401f,2.916f,-0.4067f,0.0929f,-0.9088f,1.7278f,0f,0f,0f,1f],start_interpolation: 0,interpolation_duration: 1}
$data merge entity $(bone_right_whisker11) {transformation: [0.2771f,-0.9556f,-0.1007f,-0.9791f,-0.9517f,-0.2873f,0.1079f,3.3435f,-0.132f,0.0659f,-0.9891f,1.7871f,0f,0f,0f,1f],start_interpolation: 0,interpolation_duration: 1}
$data merge entity $(bone_right_whisker10) {transformation: [0.0751f,-0.9971f,0.0104f,-1.0128f,-0.9879f,-0.0758f,-0.1356f,3.7873f,0.136f,-0.0001f,-0.9907f,1.7261f,0f,0f,0f,1f],start_interpolation: 0,interpolation_duration: 1}
$data merge entity $(bone_right_whisker1) {transformation: [-0.3553f,-0.9346f,-0.0184f,-0.8532f,-0.9285f,0.3505f,0.123f,4.2044f,-0.1085f,0.0608f,-0.9922f,1.7748f,0f,0f,0f,1f],start_interpolation: 0,interpolation_duration: 1}
$data merge entity $(bone_left_whisker16) {transformation: [0.2592f,-0.9396f,0.2235f,0.9935f,-0.9634f,-0.2678f,-0.0082f,2.075f,0.0676f,-0.2132f,-0.9747f,1.509f,0f,0f,0f,1f],start_interpolation: 0,interpolation_duration: 1}
$data merge entity $(bone_left_whisker15) {transformation: [-0.8977f,-0.3797f,0.2235f,0.691f,-0.3912f,0.9203f,-0.0082f,1.9431f,-0.2025f,-0.0948f,-0.9747f,1.4408f,0f,0f,0f,1f],start_interpolation: 0,interpolation_duration: 1}
$data merge entity $(bone_left_whisker14) {transformation: [-0.7235f,0.6532f,0.2235f,0.4473f,0.6687f,0.7435f,-0.0082f,2.1684f,-0.1715f,0.1435f,-0.9747f,1.383f,0f,0f,0f,1f],start_interpolation: 0,interpolation_duration: 1}
$data merge entity $(bone_left_whisker13) {transformation: [-0.0736f,0.9973f,-0.0044f,0.4225f,0.9784f,0.073f,0.1932f,2.4981f,0.193f,0.0099f,-0.9811f,1.448f,0f,0f,0f,1f],start_interpolation: 0,interpolation_duration: 1}
$data merge entity $(bone_left_whisker12) {transformation: [0.1034f,0.9944f,-0.0202f,0.4689f,0.9122f,-0.0867f,0.4004f,2.9079f,0.3964f,-0.0599f,-0.9161f,1.6261f,0f,0f,0f,1f],start_interpolation: 0,interpolation_duration: 1}
$data merge entity $(bone_left_whisker11) {transformation: [0.3056f,0.9508f,-0.0504f,0.6062f,0.9482f,-0.299f,0.1076f,3.3338f,0.0872f,-0.0807f,-0.9929f,1.6652f,0f,0f,0f,1f],start_interpolation: 0,interpolation_duration: 1}
$data merge entity $(bone_left_whisker10) {transformation: [0.0654f,0.9844f,-0.1634f,0.6356f,0.987f,-0.0879f,-0.1345f,3.7772f,-0.1468f,-0.1525f,-0.9773f,1.5993f,0f,0f,0f,1f],start_interpolation: 0,interpolation_duration: 1}
$data merge entity $(bone_left_whisker1) {transformation: [-0.3232f,0.9371f,-0.132f,0.4904f,0.9326f,0.339f,0.1237f,4.1961f,0.1607f,-0.0831f,-0.9835f,1.6715f,0f,0f,0f,1f],start_interpolation: 0,interpolation_duration: 1}
$data merge entity $(bone_upper_left_tooth1) {transformation: [-0.998f,0.026f,0.0573f,0.0687f,0.032f,0.9939f,0.1058f,4.4664f,-0.0542f,0.1074f,-0.9927f,2.7584f,0f,0f,0f,1f],start_interpolation: 0,interpolation_duration: 1}
$data merge entity $(bone_upper_right_tooth1) {transformation: [-0.998f,0.026f,0.0573f,-0.6037f,0.032f,0.9939f,0.1058f,4.4879f,-0.0542f,0.1074f,-0.9927f,2.7219f,0f,0f,0f,1f],start_interpolation: 0,interpolation_duration: 1}
$data merge entity $(bone_top_lip1) {transformation: [-0.998f,0.0489f,0.0396f,-0.2363f,0.032f,0.9358f,-0.3512f,4.599f,-0.0542f,-0.3492f,-0.9355f,2.7549f,0f,0f,0f,1f],start_interpolation: 0,interpolation_duration: 1}
$data merge entity $(bone_muzzle1) {transformation: [-0.998f,0.026f,0.0573f,-0.1997f,0.032f,0.9939f,0.1058f,4.8258f,-0.0542f,0.1074f,-0.9927f,2.2156f,0f,0f,0f,1f],start_interpolation: 0,interpolation_duration: 1}
$data merge entity $(bone_jaw_right_tooth1) {transformation: [-0.998f,0.0514f,0.0363f,-0.6127f,0.032f,0.9105f,-0.4122f,4.2681f,-0.0542f,-0.4102f,-0.9104f,2.7562f,0f,0f,0f,1f],start_interpolation: 0,interpolation_duration: 1}
$data merge entity $(bone_jaw_left_tooth1) {transformation: [-0.998f,0.0514f,0.0363f,0.1159f,0.032f,0.9105f,-0.4122f,4.2448f,-0.0542f,-0.4102f,-0.9104f,2.7958f,0f,0f,0f,1f],start_interpolation: 0,interpolation_duration: 1}
$data merge entity $(bone_tongue1) {transformation: [-0.998f,0.028f,0.0564f,-0.2036f,0.032f,0.997f,0.0712f,4.3108f,-0.0542f,0.0728f,-0.9959f,1.9837f,0f,0f,0f,1f],start_interpolation: 0,interpolation_duration: 1}
$data merge entity $(bone_jaw_lips1) {transformation: [-0.998f,0.028f,0.0564f,-0.2018f,0.032f,0.997f,0.0712f,4.1163f,-0.0542f,0.0728f,-0.9959f,2.8721f,0f,0f,0f,1f],start_interpolation: 0,interpolation_duration: 1}
$data merge entity $(bone_jaw3) {transformation: [-0.998f,0.0444f,0.0447f,-0.1654f,0.032f,0.9683f,-0.2479f,3.8121f,-0.0542f,-0.2459f,-0.9678f,2.0233f,0f,0f,0f,1f],start_interpolation: 0,interpolation_duration: 1}
$data merge entity $(bone_jaw1) {transformation: [-0.998f,-0.0002f,0.0629f,-0.1089f,0.032f,0.8599f,0.5094f,4.2698f,-0.0542f,0.5104f,-0.8582f,1.2523f,0f,0f,0f,1f],start_interpolation: 0,interpolation_duration: 1}
$data merge entity $(bone_tear_right1) {transformation: [-0.998f,0.0209f,0.0594f,-0.7998f,0.032f,0.9809f,0.192f,4.9132f,-0.0542f,0.1935f,-0.9796f,2.1276f,0f,0f,0f,1f],start_interpolation: 0,interpolation_duration: 1}
$data merge entity $(bone_right_pupil1) {transformation: [-0.998f,0.0209f,0.0594f,-0.6165f,0.032f,0.9809f,0.192f,5.0045f,-0.0542f,0.1935f,-0.9796f,2.2254f,0f,0f,0f,1f],start_interpolation: 0,interpolation_duration: 1}
$data merge entity $(bone_right_sad_pupil1) {transformation: [-0.998f,0.0209f,0.0594f,-0.6158f,0.032f,0.9809f,0.192f,5.0067f,-0.0542f,0.1935f,-0.9796f,2.2144f,0f,0f,0f,1f],start_interpolation: 0,interpolation_duration: 1}
$data merge entity $(bone_right_happy_pupil1) {transformation: [-0.998f,0.0209f,0.0594f,-0.6444f,0.032f,0.9809f,0.192f,4.9801f,-0.0542f,0.1935f,-0.9796f,2.2074f,0f,0f,0f,1f],start_interpolation: 0,interpolation_duration: 1}
$data merge entity $(bone_eyelid_right1) {transformation: [-0.998f,0.0209f,0.0594f,-0.1521f,0.032f,0.9809f,0.192f,5.0456f,-0.0542f,0.1935f,-0.9796f,1.6769f,0f,0f,0f,1f],start_interpolation: 0,interpolation_duration: 1}
$data merge entity $(bone_eyelid_expressions_right5) {transformation: [-0.998f,0.0209f,0.0594f,-0.7424f,0.032f,0.9809f,0.192f,5.121f,-0.0542f,0.1935f,-0.9796f,2.2291f,0f,0f,0f,1f],start_interpolation: 0,interpolation_duration: 1}
$data merge entity $(bone_eyelid_expressions_right7) {transformation: [-0.998f,0.0209f,0.0594f,-0.4061f,0.032f,0.9809f,0.192f,5.1102f,-0.0542f,0.1935f,-0.9796f,2.2474f,0f,0f,0f,1f],start_interpolation: 0,interpolation_duration: 1}
$data merge entity $(bone_eyelid_expressions_right6) {transformation: [-0.998f,0.0209f,0.0594f,-0.5182f,0.032f,0.9809f,0.192f,5.1138f,-0.0542f,0.1935f,-0.9796f,2.2413f,0f,0f,0f,1f],start_interpolation: 0,interpolation_duration: 1}
$data merge entity $(bone_right_eye1) {transformation: [-0.998f,0.0209f,0.0594f,-0.164f,0.032f,0.9809f,0.192f,5.0438f,-0.0542f,0.1935f,-0.9796f,1.6873f,0f,0f,0f,1f],start_interpolation: 0,interpolation_duration: 1}
$data merge entity $(bone_tear_left1) {transformation: [-0.998f,0.0209f,0.0594f,0.4107f,0.032f,0.9809f,0.192f,4.8745f,-0.0542f,0.1935f,-0.9796f,2.1933f,0f,0f,0f,1f],start_interpolation: 0,interpolation_duration: 1}
$data merge entity $(bone_left_sad_pupil1) {transformation: [-0.998f,0.0209f,0.0594f,0.2248f,0.032f,0.9809f,0.192f,4.9798f,-0.0542f,0.1935f,-0.9796f,2.26f,0f,0f,0f,1f],start_interpolation: 0,interpolation_duration: 1}
$data merge entity $(bone_left_pupil1) {transformation: [-0.998f,0.0209f,0.0594f,0.2241f,0.032f,0.9809f,0.192f,4.9776f,-0.0542f,0.1935f,-0.9796f,2.271f,0f,0f,0f,1f],start_interpolation: 0,interpolation_duration: 1}
$data merge entity $(bone_eyelid_left1) {transformation: [-0.998f,0.0209f,0.0594f,-0.1746f,0.032f,0.9809f,0.192f,5.0463f,-0.0542f,0.1935f,-0.9796f,1.6757f,0f,0f,0f,1f],start_interpolation: 0,interpolation_duration: 1}
$data merge entity $(bone_left_happy_pupil1) {transformation: [-0.998f,0.0209f,0.0594f,0.2522f,0.032f,0.9809f,0.192f,4.9513f,-0.0542f,0.1935f,-0.9796f,2.2561f,0f,0f,0f,1f],start_interpolation: 0,interpolation_duration: 1}
$data merge entity $(bone_eyelid_expressions_left5) {transformation: [-0.998f,0.0209f,0.0594f,0.356f,0.032f,0.9809f,0.192f,5.0858f,-0.0542f,0.1935f,-0.9796f,2.2888f,0f,0f,0f,1f],start_interpolation: 0,interpolation_duration: 1}
$data merge entity $(bone_eyelid_expressions_left7) {transformation: [-0.998f,0.0209f,0.0594f,0.0198f,0.032f,0.9809f,0.192f,5.0966f,-0.0542f,0.1935f,-0.9796f,2.2705f,0f,0f,0f,1f],start_interpolation: 0,interpolation_duration: 1}
$data merge entity $(bone_eyelid_expressions_left6) {transformation: [-0.998f,0.0209f,0.0594f,0.1319f,0.032f,0.9809f,0.192f,5.093f,-0.0542f,0.1935f,-0.9796f,2.2766f,0f,0f,0f,1f],start_interpolation: 0,interpolation_duration: 1}
$data merge entity $(bone_left_eye1) {transformation: [-0.998f,0.0209f,0.0594f,-0.164f,0.032f,0.9809f,0.192f,5.0438f,-0.0542f,0.1935f,-0.9796f,1.6873f,0f,0f,0f,1f],start_interpolation: 0,interpolation_duration: 1}
$data merge entity $(bone_crest_middle5) {transformation: [-0.998f,0.0332f,0.0535f,-0.1634f,0.032f,0.9992f,-0.0248f,6.3115f,-0.0542f,-0.0231f,-0.9983f,2.4225f,0f,0f,0f,1f],start_interpolation: 0,interpolation_duration: 1}
$data merge entity $(bone_crest_middle4) {transformation: [-0.998f,0.0332f,0.0535f,-0.1858f,0.032f,0.9992f,-0.0248f,5.6382f,-0.0542f,-0.0231f,-0.9983f,2.438f,0f,0f,0f,1f],start_interpolation: 0,interpolation_duration: 1}
$data merge entity $(bone_crest_middle1) {transformation: [-0.998f,0.0332f,0.0535f,-0.2071f,0.032f,0.9992f,-0.0248f,5.1353f,-0.0542f,-0.0231f,-0.9983f,2.5338f,0f,0f,0f,1f],start_interpolation: 0,interpolation_duration: 1}
$data merge entity $(bone_crest_left5) {transformation: [-0.5539f,-0.8156f,0.1673f,-1.285f,-0.8101f,0.5743f,0.1181f,5.6988f,-0.1924f,-0.0701f,-0.9788f,2.3353f,0f,0f,0f,1f],start_interpolation: 0,interpolation_duration: 1}
$data merge entity $(bone_crest_left4) {transformation: [-0.5539f,-0.8156f,0.1673f,-0.827f,-0.8101f,0.5743f,0.1181f,5.3763f,-0.1924f,-0.0701f,-0.9788f,2.3746f,0f,0f,0f,1f],start_interpolation: 0,interpolation_duration: 1}
$data merge entity $(bone_crest_left1) {transformation: [-0.5539f,-0.8156f,0.1673f,-0.3138f,-0.8101f,0.5743f,0.1181f,5.0282f,-0.1924f,-0.0701f,-0.9788f,2.363f,0f,0f,0f,1f],start_interpolation: 0,interpolation_duration: 1}
$data merge entity $(bone_crest_center1) {transformation: [-0.998f,0.0209f,0.0594f,-0.2023f,0.032f,0.9809f,0.192f,4.9971f,-0.0542f,0.1935f,-0.9796f,2.3636f,0f,0f,0f,1f],start_interpolation: 0,interpolation_duration: 1}
$data merge entity $(bone_crest_right5) {transformation: [-0.5186f,0.8534f,-0.0525f,0.9197f,0.8444f,0.5209f,0.1251f,5.6282f,0.1341f,0.0206f,-0.9908f,2.4551f,0f,0f,0f,1f],start_interpolation: 0,interpolation_duration: 1}
$data merge entity $(bone_crest_right4) {transformation: [-0.5186f,0.8534f,-0.0525f,0.4405f,0.8444f,0.5209f,0.1251f,5.3357f,0.1341f,0.0206f,-0.9908f,2.4435f,0f,0f,0f,1f],start_interpolation: 0,interpolation_duration: 1}
$data merge entity $(bone_crest_right1) {transformation: [-0.5186f,0.8534f,-0.0525f,-0.0896f,0.8444f,0.5209f,0.1251f,5.021f,0.1341f,0.0206f,-0.9908f,2.3752f,0f,0f,0f,1f],start_interpolation: 0,interpolation_duration: 1}
$data merge entity $(bone_head1) {transformation: [-1.0461f,0.0219f,0.0622f,-0.1285f,0.0335f,1.0281f,0.2013f,5.1074f,-0.0568f,0.2029f,-1.0268f,1.0713f,0f,0f,0f,1f],start_interpolation: 0,interpolation_duration: 1}
$data merge entity $(bone_neck10) {transformation: [-1.4917f,0.0387f,0.124f,-0.0517f,0.052f,1.4878f,0.1608f,4.7756f,-0.1191f,0.1645f,-1.4836f,-0.035f,0f,0f,0f,1f],start_interpolation: 0,interpolation_duration: 1}
$data merge entity $(bone_neck9) {transformation: [-1.1412f,0.0194f,0.0975f,-0.0812f,0.0398f,1.1188f,0.2428f,3.3378f,-0.0911f,0.2453f,-1.1152f,-0.293f,0f,0f,0f,1f],start_interpolation: 0,interpolation_duration: 1}
$data merge entity $(bone_neck8) {transformation: [-1.0596f,0.0526f,0.0698f,-0.1226f,0.0295f,1.0145f,-0.3166f,2.5908f,-0.0823f,-0.3136f,-1.0125f,-0.0272f,0f,0f,0f,1f],start_interpolation: 0,interpolation_duration: 1}
$data merge entity $(bone_neck7) {transformation: [-1.0535f,0.0303f,0.0596f,-0.1513f,0f,0.9411f,-0.4784f,1.7494f,-0.0669f,-0.4774f,-0.9392f,0.4246f,0f,0f,0f,1f],start_interpolation: 0,interpolation_duration: 1}
$data merge entity $(bone_neck6) {transformation: [-1.0476f,0.0172f,0.0642f,-0.166f,0f,1.0139f,-0.2717f,0.8512f,-0.0665f,-0.2711f,-1.0119f,0.6556f,0f,0f,0f,1f],start_interpolation: 0,interpolation_duration: 1}
$data merge entity $(bone_neck_spine6) {transformation: [-1.2389f,-0.2047f,-0.2081f,0.1209f,-0.199f,-0.0717f,1.2551f,0.3743f,-0.2135f,1.2542f,0.0378f,-1.9429f,0f,0f,0f,1f],start_interpolation: 0,interpolation_duration: 1}
$data merge entity $(bone_neck_spine7) {transformation: [-0.9551f,0.1395f,-0.2614f,0.1921f,-0.2347f,0.1824f,0.9548f,0.7617f,0.1809f,0.9733f,-0.1415f,-5.4736f,0f,0f,0f,1f],start_interpolation: 0,interpolation_duration: 1}
$data merge entity $(bone_tail6) {transformation: [-1.127f,0.6974f,-1.0994f,-1.3458f,-1.0864f,0.2976f,1.3025f,-0.1148f,0.7175f,1.5461f,0.2452f,-8.9764f,0f,0f,0f,1f],start_interpolation: 0,interpolation_duration: 1}
$data merge entity $(bone_tail5) {transformation: [-0.931f,0.5761f,-0.9082f,-0.9819f,-0.8975f,0.2459f,1.0759f,0.0405f,0.5927f,1.2772f,0.2026f,-8.1698f,0f,0f,0f,1f],start_interpolation: 0,interpolation_duration: 1}
$data merge entity $(bone_tail4) {transformation: [-0.686f,0.4245f,-0.6692f,-0.8f,-0.6613f,0.1812f,0.7928f,0.1181f,0.4368f,0.9411f,0.1493f,-7.7665f,0f,0f,0f,1f],start_interpolation: 0,interpolation_duration: 1}
$data merge entity $(bone_segment18) {transformation: [-0.6545f,0.405f,-0.6385f,-0.5725f,-0.6309f,0.1728f,0.7564f,0.2152f,0.4167f,0.8978f,0.1424f,-7.2623f,0f,0f,0f,1f],start_interpolation: 0,interpolation_duration: 1}
$data merge entity $(bone_segment17) {transformation: [-0.6545f,0.405f,-0.6385f,-0.2769f,-0.6309f,0.1728f,0.7564f,0.3413f,0.4167f,0.8978f,0.1424f,-6.6069f,0f,0f,0f,1f],start_interpolation: 0,interpolation_duration: 1}
$data merge entity $(bone_segment16) {transformation: [-0.8194f,0.5336f,-0.2094f,0.2325f,-0.2445f,0.005f,0.9696f,0.3461f,0.5185f,0.8457f,0.1263f,-5.7996f,0f,0f,0f,1f],start_interpolation: 0,interpolation_duration: 1}
$data merge entity $(bone_segment15) {transformation: [-0.9551f,0.2024f,-0.2164f,0.4711f,-0.2347f,-0.0709f,0.9695f,0.2625f,0.1809f,0.9767f,0.1152f,-4.6478f,0f,0f,0f,1f],start_interpolation: 0,interpolation_duration: 1}
$data merge entity $(bone_segment14) {transformation: [-1.029f,-0.0153f,-0.1987f,0.4539f,-0.1892f,-0.2542f,0.9991f,-0.0235f,-0.0628f,1.0168f,0.2468f,-3.504f,0f,0f,0f,1f],start_interpolation: 0,interpolation_duration: 1}
$data merge entity $(bone_segment13) {transformation: [-0.9984f,-0.1333f,-0.1938f,0.2987f,-0.1604f,-0.2325f,0.9861f,-0.3305f,-0.1721f,0.9901f,0.2055f,-2.3172f,0f,0f,0f,1f],start_interpolation: 0,interpolation_duration: 1}
$data merge entity $(bone_segment12) {transformation: [-1.0875f,-0.1778f,-0.1738f,0.0838f,-0.1745f,-0.0094f,1.1018f,-0.3418f,-0.1771f,1.1013f,-0.0187f,-0.9868f,0f,0f,0f,1f],start_interpolation: 0,interpolation_duration: 1}
$data merge entity $(bone_segment11) {transformation: [-1.1763f,-0.1635f,-0.0819f,-0.1094f,-0.1467f,0.5258f,1.0579f,0.2653f,-0.1091f,1.0554f,-0.5397f,0.2325f,0f,0f,0f,1f],start_interpolation: 0,interpolation_duration: 1}
$data merge entity $(bone_segment10) {transformation: [-1.0461f,-0.0619f,0.0244f,-0.171f,-0.0432f,0.9244f,0.4923f,1.2117f,-0.0506f,0.4903f,-0.9251f,0.7345f,0f,0f,0f,1f],start_interpolation: 0,interpolation_duration: 1}
data modify entity @s data merge value {"cameras":{},"locators":{"mouth":{"px":-0.2777133838719305,"py":4.526247730683975,"pz":3.4746784030549547,"ry":173.84050127453125,"rx":78.77454520104195}}}
function animated_java:gyarados/animations/surfacewater_swim/zzz/frames/on_tick/transform_floating_entities