# This file was generated by Animated Java via MC-Build. It is not recommended to edit this file directly.
$data merge entity $(bone_neck_spine5) {transformation: [-1.5709f,0.0475f,-0.0453f,0.0253f,0.0492f,1.5702f,-0.0626f,4.1698f,0.0433f,-0.064f,-1.5704f,-0.8842f,0f,0f,0f,1f],start_interpolation: 0,interpolation_duration: 1}
$data merge entity $(bone_neck_spine2) {transformation: [-1.4961f,0.0475f,-0.0405f,0.0079f,0.0469f,1.4965f,0.0225f,5.8143f,0.0412f,0.0213f,-1.4967f,0.6935f,0f,0f,0f,1f],start_interpolation: 0,interpolation_duration: 1}
$data merge entity $(bone_scale_neck_left1) {transformation: [-1.5747f,0.4783f,0.0677f,0.7639f,0.4714f,1.4712f,0.5714f,4.889f,0.1054f,0.5657f,-1.5434f,0.6253f,0f,0f,0f,1f],start_interpolation: 0,interpolation_duration: 1}
$data merge entity $(bone_scale_neck_right1) {transformation: [-1.6045f,-0.3534f,-0.1167f,-0.807f,-0.3717f,1.4972f,0.5772f,4.9383f,-0.0178f,0.5886f,-1.5383f,0.6686f,0f,0f,0f,1f],start_interpolation: 0,interpolation_duration: 1}
$data merge entity $(bone_blush_right1) {transformation: [-0.9992f,0.0333f,0.0212f,-0.7007f,0.0372f,0.9728f,0.2286f,4.4858f,-0.013f,0.2292f,-0.9733f,1.981f,0f,0f,0f,1f],start_interpolation: 0,interpolation_duration: 1}
$data merge entity $(bone_blush_left1) {transformation: [-0.9992f,0.0333f,0.0212f,0.6234f,0.0372f,0.9728f,0.2286f,4.4365f,-0.013f,0.2292f,-0.9733f,1.9982f,0f,0f,0f,1f],start_interpolation: 0,interpolation_duration: 1}
$data merge entity $(bone_left_head_scales) {transformation: [-0.8961f,0.0333f,-0.4426f,0.6673f,-0.0725f,0.9728f,0.2199f,5.236f,0.4379f,0.2292f,-0.8693f,1.7831f,0f,0f,0f,1f],start_interpolation: 0,interpolation_duration: 1}
$data merge entity $(bone_left_head_scales2) {transformation: [-0.8307f,0.0333f,-0.5558f,0.6338f,-0.1006f,0.9728f,0.2086f,4.3235f,0.5476f,0.2292f,-0.8047f,1.7412f,0f,0f,0f,1f],start_interpolation: 0,interpolation_duration: 1}
$data merge entity $(bone_left_head_scales1) {transformation: [-0.9992f,0.0333f,0.0212f,0.6635f,0.0372f,0.9728f,0.2286f,5.1268f,-0.013f,0.2292f,-0.9733f,1.7574f,0f,0f,0f,1f],start_interpolation: 0,interpolation_duration: 1}
$data merge entity $(bone_right_head_scales) {transformation: [-0.8765f,0.0333f,0.4802f,-0.6793f,0.1386f,0.9728f,0.1855f,5.2862f,-0.4609f,0.2292f,-0.8573f,1.7656f,0f,0f,0f,1f],start_interpolation: 0,interpolation_duration: 1}
$data merge entity $(bone_right_head_scales2) {transformation: [-0.8064f,0.0333f,0.5905f,-0.7128f,0.1616f,0.9728f,0.1659f,4.3737f,-0.5689f,0.2292f,-0.7898f,1.7237f,0f,0f,0f,1f],start_interpolation: 0,interpolation_duration: 1}
$data merge entity $(bone_right_head_scales1) {transformation: [-0.9992f,0.0333f,0.0212f,-0.6831f,0.0372f,0.9728f,0.2286f,5.177f,-0.013f,0.2292f,-0.9733f,1.7399f,0f,0f,0f,1f],start_interpolation: 0,interpolation_duration: 1}
$data merge entity $(bone_head_left_fin1) {transformation: [-0.7329f,0.062f,-0.7468f,0.6513f,0.1232f,1.0403f,-0.0346f,4.7363f,0.7392f,-0.112f,-0.7347f,1.5789f,0f,0f,0f,1f],start_interpolation: 0,interpolation_duration: 1}
$data merge entity $(bone_head_right_fin1) {transformation: [-0.7206f,0.0186f,0.761f,-0.6953f,-0.069f,1.042f,-0.0908f,4.7865f,-0.7581f,-0.1125f,-0.7151f,1.5614f,0f,0f,0f,1f],start_interpolation: 0,interpolation_duration: 1}
$data merge entity $(bone_right_whisker16) {transformation: [0.2609f,0.8797f,-0.3975f,-1.2709f,0.9622f,-0.27f,0.034f,2.0429f,-0.0774f,-0.3914f,-0.917f,1.6391f,0f,0f,0f,1f],start_interpolation: 0,interpolation_duration: 1}
$data merge entity $(bone_right_whisker15) {transformation: [-0.8381f,0.3735f,-0.3975f,-0.9885f,0.3933f,0.9188f,0.034f,1.9103f,0.3779f,-0.1279f,-0.917f,1.5117f,0f,0f,0f,1f],start_interpolation: 0,interpolation_duration: 1}
$data merge entity $(bone_right_whisker14) {transformation: [-0.6927f,-0.6018f,-0.3975f,-0.7551f,-0.6665f,0.7448f,0.034f,2.1349f,0.2756f,0.2885f,-0.917f,1.4189f,0f,0f,0f,1f],start_interpolation: 0,interpolation_duration: 1}
$data merge entity $(bone_right_whisker13) {transformation: [-0.1262f,-0.9772f,-0.1708f,-0.7126f,-0.9688f,0.0844f,0.2328f,2.4613f,-0.2131f,0.1948f,-0.9574f,1.4907f,0f,0f,0f,1f],start_interpolation: 0,interpolation_duration: 1}
$data merge entity $(bone_right_whisker12) {transformation: [0.012f,-0.9902f,-0.1394f,-0.718f,-0.8965f,-0.0724f,0.437f,2.864f,-0.4428f,0.1198f,-0.8886f,1.6896f,0f,0f,0f,1f],start_interpolation: 0,interpolation_duration: 1}
$data merge entity $(bone_right_whisker11) {transformation: [0.2664f,-0.9551f,-0.1294f,-0.8376f,-0.9474f,-0.2842f,0.1472f,3.2896f,-0.1773f,0.0834f,-0.9806f,1.7693f,0f,0f,0f,1f],start_interpolation: 0,interpolation_duration: 1}
$data merge entity $(bone_right_whisker10) {transformation: [0.0722f,-0.9972f,-0.0201f,-0.8701f,-0.9929f,-0.07f,-0.0967f,3.7357f,0.095f,0.0269f,-0.9951f,1.7266f,0f,0f,0f,1f],start_interpolation: 0,interpolation_duration: 1}
$data merge entity $(bone_right_whisker1) {transformation: [-0.3648f,-0.9299f,-0.0471f,-0.7062f,-0.9214f,0.3532f,0.1619f,4.1496f,-0.1339f,0.1025f,-0.9857f,1.7868f,0f,0f,0f,1f],start_interpolation: 0,interpolation_duration: 1}
$data merge entity $(bone_left_whisker16) {transformation: [0.2544f,-0.9474f,0.1942f,1.1169f,-0.9668f,-0.2538f,0.0287f,2.0216f,0.0221f,-0.1951f,-0.9805f,1.3826f,0f,0f,0f,1f],start_interpolation: 0,interpolation_duration: 1}
$data merge entity $(bone_left_whisker15) {transformation: [-0.9061f,-0.3759f,0.1942f,0.8116f,-0.3778f,0.9254f,0.0287f,1.8943f,-0.1905f,-0.0474f,-0.9805f,1.3184f,0f,0f,0f,1f],start_interpolation: 0,interpolation_duration: 1}
$data merge entity $(bone_left_whisker14) {transformation: [-0.7236f,0.6623f,0.1942f,0.5679f,0.6791f,0.7335f,0.0287f,2.1231f,-0.1235f,0.1527f,-0.9805f,1.2768f,0f,0f,0f,1f],start_interpolation: 0,interpolation_duration: 1}
$data merge entity $(bone_left_whisker13) {transformation: [-0.061f,0.9976f,-0.0323f,0.5473f,0.9705f,0.0668f,0.2316f,2.4501f,0.2332f,-0.0173f,-0.9723f,1.3554f,0f,0f,0f,1f],start_interpolation: 0,interpolation_duration: 1}
$data merge entity $(bone_left_whisker12) {transformation: [0.1215f,0.9916f,-0.0448f,0.6019f,0.8954f,-0.09f,0.4362f,2.8523f,0.4285f,-0.0931f,-0.8988f,1.5478f,0f,0f,0f,1f],start_interpolation: 0,interpolation_duration: 1}
$data merge entity $(bone_left_whisker11) {transformation: [0.3146f,0.9459f,-0.0792f,0.7432f,0.9422f,-0.3011f,0.1467f,3.2756f,0.1149f,-0.1208f,-0.986f,1.5995f,0f,0f,0f,1f],start_interpolation: 0,interpolation_duration: 1}
$data merge entity $(bone_left_whisker10) {transformation: [0.0679f,0.9788f,-0.1934f,0.7737f,0.9916f,-0.0876f,-0.0951f,3.721f,-0.11f,-0.1853f,-0.9765f,1.55f,0f,0f,0f,1f],start_interpolation: 0,interpolation_duration: 1}
$data merge entity $(bone_left_whisker1) {transformation: [-0.3117f,0.9365f,-0.1604f,0.6337f,0.9274f,0.3366f,0.163f,4.1376f,0.2066f,-0.098f,-0.9735f,1.6429f,0f,0f,0f,1f],start_interpolation: 0,interpolation_duration: 1}
$data merge entity $(bone_upper_left_tooth1) {transformation: [-0.9992f,0.035f,0.0182f,0.2572f,0.0372f,0.989f,0.1429f,4.3698f,-0.013f,0.1435f,-0.9896f,2.7486f,0f,0f,0f,1f],start_interpolation: 0,interpolation_duration: 1}
$data merge entity $(bone_upper_right_tooth1) {transformation: [-0.9992f,0.035f,0.0182f,-0.4161f,0.0372f,0.989f,0.1429f,4.3949f,-0.013f,0.1435f,-0.9896f,2.7398f,0f,0f,0f,1f],start_interpolation: 0,interpolation_duration: 1}
$data merge entity $(bone_top_lip1) {transformation: [-0.9992f,0.0394f,0.0013f,-0.0471f,0.0372f,0.9536f,-0.2987f,4.5035f,-0.013f,-0.2984f,-0.9544f,2.7623f,0f,0f,0f,1f],start_interpolation: 0,interpolation_duration: 1}
$data merge entity $(bone_muzzle1) {transformation: [-0.9992f,0.035f,0.0182f,-0.031f,0.0372f,0.989f,0.1429f,4.7504f,-0.013f,0.1435f,-0.9896f,2.2308f,0f,0f,0f,1f],start_interpolation: 0,interpolation_duration: 1}
$data merge entity $(bone_jaw_right_tooth1) {transformation: [-0.9992f,0.0394f,-0.0027f,-0.4237f,0.0372f,0.9185f,-0.3937f,4.2004f,-0.013f,-0.3935f,-0.9192f,2.7673f,0f,0f,0f,1f],start_interpolation: 0,interpolation_duration: 1}
$data merge entity $(bone_jaw_left_tooth1) {transformation: [-0.9992f,0.0394f,-0.0027f,0.3057f,0.0372f,0.9185f,-0.3937f,4.1733f,-0.013f,-0.3935f,-0.9192f,2.7768f,0f,0f,0f,1f],start_interpolation: 0,interpolation_duration: 1}
$data merge entity $(bone_tongue1) {transformation: [-0.9992f,0.0364f,0.0153f,-0.047f,0.0372f,0.9973f,0.0626f,4.2317f,-0.013f,0.0631f,-0.9979f,1.9741f,0f,0f,0f,1f],start_interpolation: 0,interpolation_duration: 1}
$data merge entity $(bone_jaw_lips1) {transformation: [-0.9992f,0.0364f,0.0153f,-0.0093f,0.0372f,0.9973f,0.0626f,4.0446f,-0.013f,0.0631f,-0.9979f,2.8633f,0f,0f,0f,1f],start_interpolation: 0,interpolation_duration: 1}
$data merge entity $(bone_jaw3) {transformation: [-0.9992f,0.0392f,0.0042f,-0.0089f,0.0372f,0.9729f,-0.2282f,3.7576f,-0.013f,-0.2279f,-0.9736f,2.0078f,0f,0f,0f,1f],start_interpolation: 0,interpolation_duration: 1}
$data merge entity $(bone_jaw1) {transformation: [-0.9992f,0.0248f,0.0307f,0.0187f,0.0372f,0.8493f,0.5265f,4.2307f,-0.013f,0.5273f,-0.8496f,1.2444f,0f,0f,0f,1f],start_interpolation: 0,interpolation_duration: 1}
$data merge entity $(bone_tear_right1) {transformation: [-0.9992f,0.0333f,0.0212f,-0.6337f,0.0372f,0.9728f,0.2286f,4.843f,-0.013f,0.2292f,-0.9733f,2.1702f,0f,0f,0f,1f],start_interpolation: 0,interpolation_duration: 1}
$data merge entity $(bone_right_pupil1) {transformation: [-0.9992f,0.0333f,0.0212f,-0.4462f,0.0372f,0.9728f,0.2286f,4.93f,-0.013f,0.2292f,-0.9733f,2.2639f,0f,0f,0f,1f],start_interpolation: 0,interpolation_duration: 1}
$data merge entity $(bone_right_sad_pupil1) {transformation: [-0.9992f,0.0333f,0.0212f,-0.446f,0.0372f,0.9728f,0.2286f,4.9325f,-0.013f,0.2292f,-0.9733f,2.253f,0f,0f,0f,1f],start_interpolation: 0,interpolation_duration: 1}
$data merge entity $(bone_right_happy_pupil1) {transformation: [-0.9992f,0.0333f,0.0212f,-0.4749f,0.0372f,0.9728f,0.2286f,4.9063f,-0.013f,0.2292f,-0.9733f,2.2462f,0f,0f,0f,1f],start_interpolation: 0,interpolation_duration: 1}
$data merge entity $(bone_eyelid_right1) {transformation: [-0.9992f,0.0333f,0.0212f,-0.0039f,0.0372f,0.9728f,0.2286f,4.9901f,-0.013f,0.2292f,-0.9733f,1.6992f,0f,0f,0f,1f],start_interpolation: 0,interpolation_duration: 1}
$data merge entity $(bone_eyelid_expressions_right5) {transformation: [-0.9992f,0.0333f,0.0212f,-0.5713f,0.0372f,0.9728f,0.2286f,5.0466f,-0.013f,0.2292f,-0.9733f,2.2771f,0f,0f,0f,1f],start_interpolation: 0,interpolation_duration: 1}
$data merge entity $(bone_eyelid_expressions_right7) {transformation: [-0.9992f,0.0333f,0.0212f,-0.2346f,0.0372f,0.9728f,0.2286f,5.034f,-0.013f,0.2292f,-0.9733f,2.2814f,0f,0f,0f,1f],start_interpolation: 0,interpolation_duration: 1}
$data merge entity $(bone_eyelid_expressions_right6) {transformation: [-0.9992f,0.0333f,0.0212f,-0.3468f,0.0372f,0.9728f,0.2286f,5.0382f,-0.013f,0.2292f,-0.9733f,2.28f,0f,0f,0f,1f],start_interpolation: 0,interpolation_duration: 1}
$data merge entity $(bone_right_eye1) {transformation: [-0.9992f,0.0333f,0.0212f,-0.0154f,0.0372f,0.9728f,0.2286f,4.988f,-0.013f,0.2292f,-0.9733f,1.71f,0f,0f,0f,1f],start_interpolation: 0,interpolation_duration: 1}
$data merge entity $(bone_tear_left1) {transformation: [-0.9992f,0.0333f,0.0212f,0.5783f,0.0372f,0.9728f,0.2286f,4.7978f,-0.013f,0.2292f,-0.9733f,2.186f,0f,0f,0f,1f],start_interpolation: 0,interpolation_duration: 1}
$data merge entity $(bone_left_sad_pupil1) {transformation: [-0.9992f,0.0333f,0.0212f,0.3957f,0.0372f,0.9728f,0.2286f,4.9011f,-0.013f,0.2292f,-0.9733f,2.264f,0f,0f,0f,1f],start_interpolation: 0,interpolation_duration: 1}
$data merge entity $(bone_left_pupil1) {transformation: [-0.9992f,0.0333f,0.0212f,0.3954f,0.0372f,0.9728f,0.2286f,4.8986f,-0.013f,0.2292f,-0.9733f,2.2749f,0f,0f,0f,1f],start_interpolation: 0,interpolation_duration: 1}
$data merge entity $(bone_eyelid_left1) {transformation: [-0.9992f,0.0333f,0.0212f,-0.0263f,0.0372f,0.9728f,0.2286f,4.991f,-0.013f,0.2292f,-0.9733f,1.6989f,0f,0f,0f,1f],start_interpolation: 0,interpolation_duration: 1}
$data merge entity $(bone_left_happy_pupil1) {transformation: [-0.9992f,0.0333f,0.0212f,0.4228f,0.0372f,0.9728f,0.2286f,4.8728f,-0.013f,0.2292f,-0.9733f,2.2579f,0f,0f,0f,1f],start_interpolation: 0,interpolation_duration: 1}
$data merge entity $(bone_eyelid_expressions_left5) {transformation: [-0.9992f,0.0333f,0.0212f,0.5285f,0.0372f,0.9728f,0.2286f,5.0056f,-0.013f,0.2292f,-0.9733f,2.2914f,0f,0f,0f,1f],start_interpolation: 0,interpolation_duration: 1}
$data merge entity $(bone_eyelid_expressions_left7) {transformation: [-0.9992f,0.0333f,0.0212f,0.1918f,0.0372f,0.9728f,0.2286f,5.0181f,-0.013f,0.2292f,-0.9733f,2.287f,0f,0f,0f,1f],start_interpolation: 0,interpolation_duration: 1}
$data merge entity $(bone_eyelid_expressions_left6) {transformation: [-0.9992f,0.0333f,0.0212f,0.304f,0.0372f,0.9728f,0.2286f,5.014f,-0.013f,0.2292f,-0.9733f,2.2884f,0f,0f,0f,1f],start_interpolation: 0,interpolation_duration: 1}
$data merge entity $(bone_left_eye1) {transformation: [-0.9992f,0.0333f,0.0212f,-0.0154f,0.0372f,0.9728f,0.2286f,4.988f,-0.013f,0.2292f,-0.9733f,1.71f,0f,0f,0f,1f],start_interpolation: 0,interpolation_duration: 1}
$data merge entity $(bone_crest_middle5) {transformation: [-0.9992f,0.0371f,0.0135f,0.0207f,0.0372f,0.9992f,0.0126f,6.2271f,-0.013f,0.0131f,-0.9998f,2.4916f,0f,0f,0f,1f],start_interpolation: 0,interpolation_duration: 1}
$data merge entity $(bone_crest_middle4) {transformation: [-0.9992f,0.0371f,0.0135f,-0.0043f,0.0372f,0.9992f,0.0126f,5.5537f,-0.013f,0.0131f,-0.9998f,2.4828f,0f,0f,0f,1f],start_interpolation: 0,interpolation_duration: 1}
$data merge entity $(bone_crest_middle1) {transformation: [-0.9992f,0.0371f,0.0135f,-0.0242f,0.0372f,0.9992f,0.0126f,5.0477f,-0.013f,0.0131f,-0.9998f,2.5604f,0f,0f,0f,1f],start_interpolation: 0,interpolation_duration: 1}
$data merge entity $(bone_crest_left5) {transformation: [-0.5649f,-0.815f,0.1287f,-1.1064f,-0.8005f,0.5792f,0.1543f,5.6217f,-0.2003f,-0.0158f,-0.9796f,2.4265f,0f,0f,0f,1f],start_interpolation: 0,interpolation_duration: 1}
$data merge entity $(bone_crest_left4) {transformation: [-0.5649f,-0.815f,0.1287f,-0.6488f,-0.8005f,0.5792f,0.1543f,5.2965f,-0.2003f,-0.0158f,-0.9796f,2.4354f,0f,0f,0f,1f],start_interpolation: 0,interpolation_duration: 1}
$data merge entity $(bone_crest_left1) {transformation: [-0.5649f,-0.815f,0.1287f,-0.1381f,-0.8005f,0.5792f,0.1543f,4.9474f,-0.2003f,-0.0158f,-0.9796f,2.3901f,0f,0f,0f,1f],start_interpolation: 0,interpolation_duration: 1}
$data merge entity $(bone_crest_center1) {transformation: [-0.9992f,0.0333f,0.0212f,-0.0268f,0.0372f,0.9728f,0.2286f,4.9159f,-0.013f,0.2292f,-0.9733f,2.3852f,0f,0f,0f,1f],start_interpolation: 0,interpolation_duration: 1}
$data merge entity $(bone_crest_right5) {transformation: [-0.5088f,0.856f,-0.0913f,1.1009f,0.8405f,0.5169f,0.1625f,5.5395f,0.1863f,0.0059f,-0.9825f,2.4552f,0f,0f,0f,1f],start_interpolation: 0,interpolation_duration: 1}
$data merge entity $(bone_crest_right4) {transformation: [-0.5088f,0.856f,-0.0913f,0.6202f,0.8405f,0.5169f,0.1625f,5.2492f,0.1863f,0.0059f,-0.9825f,2.4519f,0f,0f,0f,1f],start_interpolation: 0,interpolation_duration: 1}
$data merge entity $(bone_crest_right1) {transformation: [-0.5088f,0.856f,-0.0913f,0.0863f,0.8405f,0.5169f,0.1625f,4.939f,0.1863f,0.0059f,-0.9825f,2.393f,0f,0f,0f,1f],start_interpolation: 0,interpolation_duration: 1}
$data merge entity $(bone_head1) {transformation: [-1.0474f,0.0349f,0.0222f,-0.0042f,0.039f,1.0197f,0.2396f,5.0745f,-0.0136f,0.2402f,-1.0202f,1.096f,0f,0f,0f,1f],start_interpolation: 0,interpolation_duration: 1}
$data merge entity $(bone_neck10) {transformation: [-1.4961f,0.0524f,-0.034f,-0.0441f,0.0469f,1.4807f,0.2177f,4.7854f,0.0412f,0.2164f,-1.4811f,-0.0243f,0f,0f,0f,1f],start_interpolation: 0,interpolation_duration: 1}
$data merge entity $(bone_neck9) {transformation: [-1.1445f,0.0419f,-0.0229f,-0.0964f,0.0359f,1.1169f,0.252f,3.3496f,0.0315f,0.2511f,-1.1172f,-0.2895f,0f,0f,0f,1f],start_interpolation: 0,interpolation_duration: 1}
$data merge entity $(bone_neck8) {transformation: [-1.0623f,0.0215f,-0.0377f,-0.1112f,0.0314f,1.0172f,-0.3075f,2.6003f,0.0298f,-0.3084f,-1.017f,-0.0274f,0f,0f,0f,1f],start_interpolation: 0,interpolation_duration: 1}
$data merge entity $(bone_neck7) {transformation: [-1.0547f,-0.0207f,-0.0406f,-0.0917f,0f,0.9408f,-0.4789f,1.7592f,0.0455f,-0.4784f,-0.9399f,0.4253f,0f,0f,0f,1f],start_interpolation: 0,interpolation_duration: 1}
$data merge entity $(bone_neck6) {transformation: [-1.0487f,-0.0117f,-0.0437f,-0.0817f,0f,1.0139f,-0.2717f,0.8609f,0.0453f,-0.2714f,-1.013f,0.6565f,0f,0f,0f,1f],start_interpolation: 0,interpolation_duration: 1}
$data merge entity $(bone_neck_spine6) {transformation: [-1.2159f,-0.3152f,-0.2057f,-0.0697f,-0.204f,-0.0327f,1.2559f,0.3375f,-0.3163f,1.2327f,-0.0193f,-1.994f,0f,0f,0f,1f],start_interpolation: 0,interpolation_duration: 1}
$data merge entity $(bone_neck_spine7) {transformation: [-0.952f,-0.2877f,-0.1047f,0.8793f,-0.1586f,0.1711f,0.9724f,0.6777f,-0.2619f,0.9423f,-0.2085f,-5.4525f,0f,0f,0f,1f],start_interpolation: 0,interpolation_duration: 1}
$data merge entity $(bone_tail6) {transformation: [-1.5364f,-0.1905f,-0.754f,1.3332f,-0.776f,0.2659f,1.5141f,-0.1096f,-0.0511f,1.6907f,-0.3231f,-9.2872f,0f,0f,0f,1f],start_interpolation: 0,interpolation_duration: 1}
$data merge entity $(bone_tail5) {transformation: [-1.2692f,-0.1574f,-0.6229f,1.2338f,-0.6411f,0.2196f,1.2507f,0.0291f,-0.0422f,1.3966f,-0.2669f,-8.4051f,0f,0f,0f,1f],start_interpolation: 0,interpolation_duration: 1}
$data merge entity $(bone_tail4) {transformation: [-0.9352f,-0.116f,-0.459f,1.1841f,-0.4724f,0.1618f,0.9216f,0.0985f,-0.0311f,1.0291f,-0.1967f,-7.9641f,0f,0f,0f,1f],start_interpolation: 0,interpolation_duration: 1}
$data merge entity $(bone_segment18) {transformation: [-0.8922f,-0.1106f,-0.4379f,1.122f,-0.4507f,0.1544f,0.8792f,0.1852f,-0.0297f,0.9818f,-0.1876f,-7.4128f,0f,0f,0f,1f],start_interpolation: 0,interpolation_duration: 1}
$data merge entity $(bone_segment17) {transformation: [-0.8922f,-0.1106f,-0.4379f,1.0413f,-0.4507f,0.1544f,0.8792f,0.2979f,-0.0297f,0.9818f,-0.1876f,-6.6961f,0f,0f,0f,1f],start_interpolation: 0,interpolation_duration: 1}
$data merge entity $(bone_segment16) {transformation: [-0.9844f,-0.0132f,-0.1755f,1.0286f,-0.1749f,-0.0396f,0.9838f,0.2601f,-0.02f,0.9991f,0.0366f,-5.7423f,0f,0f,0f,1f],start_interpolation: 0,interpolation_duration: 1}
$data merge entity $(bone_segment15) {transformation: [-0.952f,-0.2508f,-0.1756f,0.7329f,-0.1586f,-0.0865f,0.9835f,0.1582f,-0.2619f,0.9642f,0.0425f,-4.6054f,0f,0f,0f,1f],start_interpolation: 0,interpolation_duration: 1}
$data merge entity $(bone_segment14) {transformation: [-0.9814f,-0.2971f,-0.2175f,0.3986f,-0.152f,-0.2372f,1.0096f,-0.1086f,-0.3354f,0.9768f,0.179f,-3.5065f,0f,0f,0f,1f],start_interpolation: 0,interpolation_duration: 1}
$data merge entity $(bone_segment13) {transformation: [-0.9798f,-0.2214f,-0.2073f,0.1377f,-0.1644f,-0.2017f,0.9922f,-0.3787f,-0.2549f,0.981f,0.1572f,-2.3293f,0f,0f,0f,1f],start_interpolation: 0,interpolation_duration: 1}
$data merge entity $(bone_segment12) {transformation: [-1.0931f,-0.1408f,-0.1728f,-0.0324f,-0.1772f,0.0239f,1.1011f,-0.3499f,-0.1353f,1.1064f,-0.0457f,-0.9927f,0f,0f,0f,1f],start_interpolation: 0,interpolation_duration: 1}
$data merge entity $(bone_segment11) {transformation: [-1.1847f,-0.0533f,-0.1037f,-0.0962f,-0.1166f,0.5403f,1.0543f,0.2742f,-0.0001f,1.0594f,-0.5429f,0.2316f,0f,0f,0f,1f],start_interpolation: 0,interpolation_duration: 1}
$data merge entity $(bone_segment10) {transformation: [-1.047f,0.0136f,-0.0484f,-0.0783f,-0.0107f,0.9252f,0.4924f,1.2214f,0.0491f,0.4924f,-0.924f,0.7355f,0f,0f,0f,1f],start_interpolation: 0,interpolation_duration: 1}
data modify entity @s data merge value {"cameras":{},"locators":{"mouth":{"px":-0.06014876767858855,"py":4.403875896462451,"pz":3.4798912819110406,"ry":171.7373363149844,"rx":76.61005174080675}}}
function animated_java:gyarados/animations/surfacewater_swim/zzz/frames/on_tick/transform_floating_entities