# This file was generated by Animated Java via MC-Build. It is not recommended to edit this file directly.
$data merge entity $(bone_neck_spine5) {transformation: [-1.5565f,-0.0087f,-0.2219f,0.0211f,-0.0115f,1.5721f,0.0189f,4.2311f,0.2218f,0.0203f,-1.5564f,-0.8092f,0f,0f,0f,1f],start_interpolation: 0,interpolation_duration: 1}
$data merge entity $(bone_neck_spine2) {transformation: [-1.4824f,0.0095f,-0.2113f,0.137f,-0.0109f,1.4904f,0.144f,5.765f,0.2112f,0.1441f,-1.4754f,0.8797f,0f,0f,0f,1f],start_interpolation: 0,interpolation_duration: 1}
$data merge entity $(bone_scale_neck_left1) {transformation: [-1.5645f,0.5f,-0.1238f,0.9047f,0.4037f,1.4361f,0.6984f,4.8765f,0.3199f,0.633f,-1.4866f,0.6488f,0f,0f,0f,1f],start_interpolation: 0,interpolation_duration: 1}
$data merge entity $(bone_scale_neck_right1) {transformation: [-1.5856f,-0.324f,-0.3065f,-0.6518f,-0.427f,1.43f,0.697f,4.865f,0.1289f,0.7504f,-1.4606f,0.8706f,0f,0f,0f,1f],start_interpolation: 0,interpolation_duration: 1}
$data merge entity $(bone_blush_right1) {transformation: [-0.9983f,0.028f,-0.052f,-0.4293f,0.012f,0.9585f,0.2847f,4.3382f,0.0578f,0.2836f,-0.9572f,2.1105f,0f,0f,0f,1f],start_interpolation: 0,interpolation_duration: 1}
$data merge entity $(bone_blush_left1) {transformation: [-0.9983f,0.028f,-0.052f,0.8936f,0.012f,0.9585f,0.2847f,4.3222f,0.0578f,0.2836f,-0.9572f,2.0339f,0f,0f,0f,1f],start_interpolation: 0,interpolation_duration: 1}
$data merge entity $(bone_left_head_scales) {transformation: [-0.8615f,0.028f,-0.507f,0.9048f,-0.1208f,0.9585f,0.2581f,5.1337f,0.4932f,0.2836f,-0.8224f,1.864f,0f,0f,0f,1f],start_interpolation: 0,interpolation_duration: 1}
$data merge entity $(bone_left_head_scales2) {transformation: [-0.7879f,0.028f,-0.6151f,0.8884f,-0.1534f,0.9585f,0.2401f,4.2245f,0.5964f,0.2836f,-0.751f,1.7705f,0f,0f,0f,1f],start_interpolation: 0,interpolation_duration: 1}
$data merge entity $(bone_left_head_scales1) {transformation: [-0.9983f,0.028f,-0.052f,0.9016f,0.012f,0.9585f,0.2847f,5.026f,0.0578f,0.2836f,-0.9572f,1.8322f,0f,0f,0f,1f],start_interpolation: 0,interpolation_duration: 1}
$data merge entity $(bone_right_head_scales) {transformation: [-0.9095f,0.028f,0.4149f,-0.4405f,0.1421f,0.9585f,0.247f,5.1499f,-0.3907f,0.2836f,-0.8757f,1.9419f,0f,0f,0f,1f],start_interpolation: 0,interpolation_duration: 1}
$data merge entity $(bone_right_head_scales2) {transformation: [-0.8475f,0.028f,0.53f,-0.4569f,0.1732f,0.9585f,0.2263f,4.2408f,-0.5017f,0.2836f,-0.8172f,1.8483f,0f,0f,0f,1f],start_interpolation: 0,interpolation_duration: 1}
$data merge entity $(bone_right_head_scales1) {transformation: [-0.9983f,0.028f,-0.052f,-0.4437f,0.012f,0.9585f,0.2847f,5.0423f,0.0578f,0.2836f,-0.9572f,1.91f,0f,0f,0f,1f],start_interpolation: 0,interpolation_duration: 1}
$data merge entity $(bone_head_left_fin1) {transformation: [-0.6819f,0.0313f,-0.7954f,0.8855f,0.0614f,1.0463f,-0.0116f,4.6463f,0.7937f,-0.0541f,-0.6825f,1.6321f,0f,0f,0f,1f],start_interpolation: 0,interpolation_duration: 1}
$data merge entity $(bone_head_right_fin1) {transformation: [-0.7702f,-0.0121f,0.7109f,-0.4598f,-0.0439f,1.0468f,-0.0297f,4.6626f,-0.7096f,-0.0516f,-0.7697f,1.71f,0f,0f,0f,1f],start_interpolation: 0,interpolation_duration: 1}
$data merge entity $(bone_right_whisker16) {transformation: [0.2762f,0.9029f,-0.3293f,-1.0387f,0.9603f,-0.2732f,0.0566f,1.9475f,-0.0389f,-0.3319f,-0.9425f,1.5772f,0f,0f,0f,1f],start_interpolation: 0,interpolation_duration: 1}
$data merge entity $(bone_right_whisker15) {transformation: [-0.8591f,0.3917f,-0.3293f,-0.7493f,0.3962f,0.9164f,0.0566f,1.8141f,0.324f,-0.0819f,-0.9425f,1.4681f,0f,0f,0f,1f],start_interpolation: 0,interpolation_duration: 1}
$data merge entity $(bone_right_whisker14) {transformation: [-0.7181f,-0.6131f,-0.3293f,-0.5073f,-0.6631f,0.7464f,0.0566f,2.0375f,0.2111f,0.259f,-0.9425f,1.3969f,0f,0f,0f,1f],start_interpolation: 0,interpolation_duration: 1}
$data merge entity $(bone_right_whisker13) {transformation: [-0.1208f,-0.9878f,-0.0981f,-0.4666f,-0.9629f,0.0926f,0.2534f,2.3619f,-0.2412f,0.1251f,-0.9624f,1.4782f,0f,0f,0f,1f],start_interpolation: 0,interpolation_duration: 1}
$data merge entity $(bone_right_whisker12) {transformation: [0.0345f,-0.997f,-0.0697f,-0.4821f,-0.8879f,-0.0626f,0.4558f,2.7608f,-0.4587f,0.0461f,-0.8874f,1.6843f,0f,0f,0f,1f],start_interpolation: 0,interpolation_duration: 1}
$data merge entity $(bone_right_whisker11) {transformation: [0.2683f,-0.9617f,-0.0561f,-0.6027f,-0.947f,-0.274f,0.1677f,3.1862f,-0.1766f,0.0081f,-0.9842f,1.7636f,0f,0f,0f,1f],start_interpolation: 0,interpolation_duration: 1}
$data merge entity $(bone_right_whisker10) {transformation: [0.0544f,-0.9972f,0.0513f,-0.6271f,-0.9953f,-0.0583f,-0.0772f,3.6333f,0.0799f,-0.0469f,-0.9957f,1.7277f,0f,0f,0f,1f],start_interpolation: 0,interpolation_duration: 1}
$data merge entity $(bone_right_whisker1) {transformation: [-0.364f,-0.931f,0.0265f,-0.4636f,-0.9141f,0.3625f,0.1815f,4.0439f,-0.1786f,0.0419f,-0.983f,1.8079f,0f,0f,0f,1f],start_interpolation: 0,interpolation_duration: 1}
$data merge entity $(bone_left_whisker16) {transformation: [0.2417f,-0.9334f,0.2654f,1.361f,-0.9701f,-0.2383f,0.0453f,1.902f,0.021f,-0.2684f,-0.9631f,1.4942f,0f,0f,0f,1f],start_interpolation: 0,interpolation_duration: 1}
$data merge entity $(bone_left_whisker15) {transformation: [-0.8938f,-0.3615f,0.2654f,1.0599f,-0.3629f,0.9307f,0.0453f,1.7798f,-0.2633f,-0.0558f,-0.9631f,1.4055f,0f,0f,0f,1f],start_interpolation: 0,interpolation_duration: 1}
$data merge entity $(bone_left_whisker14) {transformation: [-0.7053f,0.6573f,0.2654f,0.8222f,0.6901f,0.7223f,0.0453f,2.0123f,-0.1619f,0.2151f,-0.9631f,1.351f,0f,0f,0f,1f],start_interpolation: 0,interpolation_duration: 1}
$data merge entity $(bone_left_whisker13) {transformation: [-0.0673f,0.9969f,0.041f,0.7996f,0.9665f,0.0549f,0.2507f,2.3379f,0.2477f,0.0565f,-0.9672f,1.4344f,0f,0f,0f,1f],start_interpolation: 0,interpolation_duration: 1}
$data merge entity $(bone_left_whisker12) {transformation: [0.0997f,0.9947f,0.0254f,0.8443f,0.8854f,-0.1003f,0.454f,2.7356f,0.4541f,-0.0227f,-0.8907f,1.6384f,0f,0f,0f,1f],start_interpolation: 0,interpolation_duration: 1}
$data merge entity $(bone_left_whisker11) {transformation: [0.3156f,0.9489f,-0.0057f,0.9861f,0.9359f,-0.3103f,0.1667f,3.1561f,0.1564f,-0.0579f,-0.986f,1.7087f,0f,0f,0f,1f],start_interpolation: 0,interpolation_duration: 1}
$data merge entity $(bone_left_whisker10) {transformation: [0.0864f,0.9887f,-0.1228f,1.0249f,0.9926f,-0.0959f,-0.0739f,3.602f,-0.0848f,-0.1156f,-0.9897f,1.6706f,0f,0f,0f,1f],start_interpolation: 0,interpolation_duration: 1}
$data merge entity $(bone_left_whisker1) {transformation: [-0.3159f,0.9448f,-0.0874f,0.883f,0.927f,0.327f,0.1837f,4.0184f,0.2021f,-0.023f,-0.9791f,1.7614f,0f,0f,0f,1f],start_interpolation: 0,interpolation_duration: 1}
$data merge entity $(bone_upper_left_tooth1) {transformation: [-0.9983f,0.0233f,-0.0542f,0.5822f,0.012f,0.9797f,0.2001f,4.2031f,0.0578f,0.1991f,-0.9783f,2.8023f,0f,0f,0f,1f],start_interpolation: 0,interpolation_duration: 1}
$data merge entity $(bone_upper_right_tooth1) {transformation: [-0.9983f,0.0233f,-0.0542f,-0.0904f,0.012f,0.9797f,0.2001f,4.2112f,0.0578f,0.1991f,-0.9783f,2.8413f,0f,0f,0f,1f],start_interpolation: 0,interpolation_duration: 1}
$data merge entity $(bone_top_lip1) {transformation: [-0.9983f,-0.0013f,-0.059f,0.2768f,0.012f,0.9741f,-0.226f,4.3278f,0.0578f,-0.2263f,-0.9723f,2.8448f,0f,0f,0f,1f],start_interpolation: 0,interpolation_duration: 1}
$data merge entity $(bone_muzzle1) {transformation: [-0.9983f,0.0233f,-0.0542f,0.2503f,0.012f,0.9797f,0.2001f,4.6052f,0.0578f,0.1991f,-0.9783f,2.329f,0f,0f,0f,1f],start_interpolation: 0,interpolation_duration: 1}
$data merge entity $(bone_jaw_right_tooth1) {transformation: [-0.9983f,-0.0102f,-0.0581f,-0.091f,0.012f,0.9288f,-0.3703f,4.0646f,0.0578f,-0.3703f,-0.9271f,2.8611f,0f,0f,0f,1f],start_interpolation: 0,interpolation_duration: 1}
$data merge entity $(bone_jaw_left_tooth1) {transformation: [-0.9983f,-0.0102f,-0.0581f,0.6377f,0.012f,0.9288f,-0.3703f,4.0558f,0.0578f,-0.3703f,-0.9271f,2.8189f,0f,0f,0f,1f],start_interpolation: 0,interpolation_duration: 1}
$data merge entity $(bone_tongue1) {transformation: [-0.9983f,0.014f,-0.0573f,0.2269f,0.012f,0.9993f,0.0344f,4.0776f,0.0578f,0.0336f,-0.9978f,2.0349f,0f,0f,0f,1f],start_interpolation: 0,interpolation_duration: 1}
$data merge entity $(bone_jaw_lips1) {transformation: [-0.9983f,0.014f,-0.0573f,0.3327f,0.012f,0.9993f,0.0344f,3.917f,0.0578f,0.0336f,-0.9978f,2.9237f,0f,0f,0f,1f],start_interpolation: 0,interpolation_duration: 1}
$data merge entity $(bone_jaw3) {transformation: [-0.9983f,0f,-0.059f,0.2796f,0.012f,0.979f,-0.2034f,3.6518f,0.0578f,-0.2037f,-0.9773f,2.0628f,0f,0f,0f,1f],start_interpolation: 0,interpolation_duration: 1}
$data merge entity $(bone_jaw1) {transformation: [-0.9983f,0.0418f,-0.0417f,0.2422f,0.012f,0.8361f,0.5485f,4.1446f,0.0578f,0.547f,-0.8351f,1.3125f,0f,0f,0f,1f],start_interpolation: 0,interpolation_duration: 1}
$data merge entity $(bone_tear_right1) {transformation: [-0.9983f,0.028f,-0.052f,-0.357f,0.012f,0.9585f,0.2847f,4.6855f,0.0578f,0.2836f,-0.9572f,2.3154f,0f,0f,0f,1f],start_interpolation: 0,interpolation_duration: 1}
$data merge entity $(bone_right_pupil1) {transformation: [-0.9983f,0.028f,-0.052f,-0.1654f,0.012f,0.9585f,0.2847f,4.7717f,0.0578f,0.2836f,-0.9572f,2.4011f,0f,0f,0f,1f],start_interpolation: 0,interpolation_duration: 1}
$data merge entity $(bone_right_sad_pupil1) {transformation: [-0.9983f,0.028f,-0.052f,-0.166f,0.012f,0.9585f,0.2847f,4.7749f,0.0578f,0.2836f,-0.9572f,2.3903f,0f,0f,0f,1f],start_interpolation: 0,interpolation_duration: 1}
$data merge entity $(bone_right_happy_pupil1) {transformation: [-0.9983f,0.028f,-0.052f,-0.1948f,0.012f,0.9585f,0.2847f,4.7484f,0.0578f,0.2836f,-0.9572f,2.384f,0f,0f,0f,1f],start_interpolation: 0,interpolation_duration: 1}
$data merge entity $(bone_eyelid_right1) {transformation: [-0.9983f,0.028f,-0.052f,0.2349f,0.012f,0.9585f,0.2847f,4.8758f,0.0578f,0.2836f,-0.9572f,1.8119f,0f,0f,0f,1f],start_interpolation: 0,interpolation_duration: 1}
$data merge entity $(bone_eyelid_expressions_right5) {transformation: [-0.9983f,0.028f,-0.052f,-0.2918f,0.012f,0.9585f,0.2847f,4.8841f,0.0578f,0.2836f,-0.9572f,2.4296f,0f,0f,0f,1f],start_interpolation: 0,interpolation_duration: 1}
$data merge entity $(bone_eyelid_expressions_right7) {transformation: [-0.9983f,0.028f,-0.052f,0.0446f,0.012f,0.9585f,0.2847f,4.8801f,0.0578f,0.2836f,-0.9572f,2.4102f,0f,0f,0f,1f],start_interpolation: 0,interpolation_duration: 1}
$data merge entity $(bone_eyelid_expressions_right6) {transformation: [-0.9983f,0.028f,-0.052f,-0.0675f,0.012f,0.9585f,0.2847f,4.8814f,0.0578f,0.2836f,-0.9572f,2.4166f,0f,0f,0f,1f],start_interpolation: 0,interpolation_duration: 1}
$data merge entity $(bone_right_eye1) {transformation: [-0.9983f,0.028f,-0.052f,0.2243f,0.012f,0.9585f,0.2847f,4.8727f,0.0578f,0.2836f,-0.9572f,1.8233f,0f,0f,0f,1f],start_interpolation: 0,interpolation_duration: 1}
$data merge entity $(bone_tear_left1) {transformation: [-0.9983f,0.028f,-0.052f,0.8538f,0.012f,0.9585f,0.2847f,4.6709f,0.0578f,0.2836f,-0.9572f,2.2454f,0f,0f,0f,1f],start_interpolation: 0,interpolation_duration: 1}
$data merge entity $(bone_left_sad_pupil1) {transformation: [-0.9983f,0.028f,-0.052f,0.6748f,0.012f,0.9585f,0.2847f,4.7648f,0.0578f,0.2836f,-0.9572f,2.3417f,0f,0f,0f,1f],start_interpolation: 0,interpolation_duration: 1}
$data merge entity $(bone_left_pupil1) {transformation: [-0.9983f,0.028f,-0.052f,0.6754f,0.012f,0.9585f,0.2847f,4.7616f,0.0578f,0.2836f,-0.9572f,2.3524f,0f,0f,0f,1f],start_interpolation: 0,interpolation_duration: 1}
$data merge entity $(bone_eyelid_left1) {transformation: [-0.9983f,0.028f,-0.052f,0.2125f,0.012f,0.9585f,0.2847f,4.876f,0.0578f,0.2836f,-0.9572f,1.8132f,0f,0f,0f,1f],start_interpolation: 0,interpolation_duration: 1}
$data merge entity $(bone_left_happy_pupil1) {transformation: [-0.9983f,0.028f,-0.052f,0.7021f,0.012f,0.9585f,0.2847f,4.7375f,0.0578f,0.2836f,-0.9572f,2.3321f,0f,0f,0f,1f],start_interpolation: 0,interpolation_duration: 1}
$data merge entity $(bone_eyelid_expressions_left5) {transformation: [-0.9983f,0.028f,-0.052f,0.8069f,0.012f,0.9585f,0.2847f,4.8709f,0.0578f,0.2836f,-0.9572f,2.366f,0f,0f,0f,1f],start_interpolation: 0,interpolation_duration: 1}
$data merge entity $(bone_eyelid_expressions_left7) {transformation: [-0.9983f,0.028f,-0.052f,0.4706f,0.012f,0.9585f,0.2847f,4.8749f,0.0578f,0.2836f,-0.9572f,2.3855f,0f,0f,0f,1f],start_interpolation: 0,interpolation_duration: 1}
$data merge entity $(bone_eyelid_expressions_left6) {transformation: [-0.9983f,0.028f,-0.052f,0.5827f,0.012f,0.9585f,0.2847f,4.8736f,0.0578f,0.2836f,-0.9572f,2.379f,0f,0f,0f,1f],start_interpolation: 0,interpolation_duration: 1}
$data merge entity $(bone_left_eye1) {transformation: [-0.9983f,0.028f,-0.052f,0.2243f,0.012f,0.9585f,0.2847f,4.8727f,0.0578f,0.2836f,-0.9572f,1.8233f,0f,0f,0f,1f],start_interpolation: 0,interpolation_duration: 1}
$data merge entity $(bone_crest_middle5) {transformation: [-0.9983f,0.0161f,-0.0568f,0.2878f,0.012f,0.9974f,0.0705f,6.0652f,0.0578f,0.0697f,-0.9959f,2.6726f,0f,0f,0f,1f],start_interpolation: 0,interpolation_duration: 1}
$data merge entity $(bone_crest_middle4) {transformation: [-0.9983f,0.0161f,-0.0568f,0.277f,0.012f,0.9974f,0.0705f,5.3931f,0.0578f,0.0697f,-0.9959f,2.6257f,0f,0f,0f,1f],start_interpolation: 0,interpolation_duration: 1}
$data merge entity $(bone_crest_middle1) {transformation: [-0.9983f,0.0161f,-0.0568f,0.2737f,0.012f,0.9974f,0.0705f,4.8831f,0.0578f,0.0697f,-0.9959f,2.6743f,0f,0f,0f,1f],start_interpolation: 0,interpolation_duration: 1}
$data merge entity $(bone_crest_left5) {transformation: [-0.56f,-0.8266f,0.0564f,-0.8276f,-0.802f,0.5579f,0.2137f,5.4357f,-0.2081f,0.0744f,-0.9753f,2.6492f,0f,0f,0f,1f],start_interpolation: 0,interpolation_duration: 1}
$data merge entity $(bone_crest_left4) {transformation: [-0.56f,-0.8266f,0.0564f,-0.3634f,-0.802f,0.5579f,0.2137f,5.1224f,-0.2081f,0.0744f,-0.9753f,2.6074f,0f,0f,0f,1f],start_interpolation: 0,interpolation_duration: 1}
$data merge entity $(bone_crest_left1) {transformation: [-0.56f,-0.8266f,0.0564f,0.1503f,-0.802f,0.5579f,0.2137f,4.7899f,-0.2081f,0.0744f,-0.9753f,2.5066f,0f,0f,0f,1f],start_interpolation: 0,interpolation_duration: 1}
$data merge entity $(bone_crest_center1) {transformation: [-0.9983f,0.028f,-0.052f,0.2616f,0.012f,0.9585f,0.2847f,4.7616f,0.0578f,0.2836f,-0.9572f,2.4922f,0f,0f,0f,1f],start_interpolation: 0,interpolation_duration: 1}
$data merge entity $(bone_crest_right5) {transformation: [-0.5128f,0.8428f,-0.1634f,1.3776f,0.8149f,0.5377f,0.2164f,5.4091f,0.2702f,-0.0222f,-0.9625f,2.5215f,0f,0f,0f,1f],start_interpolation: 0,interpolation_duration: 1}
$data merge entity $(bone_crest_right4) {transformation: [-0.5128f,0.8428f,-0.1634f,0.9043f,0.8149f,0.5377f,0.2164f,5.1071f,0.2702f,-0.0222f,-0.9625f,2.534f,0f,0f,0f,1f],start_interpolation: 0,interpolation_duration: 1}
$data merge entity $(bone_crest_right1) {transformation: [-0.5128f,0.8428f,-0.1634f,0.3745f,0.8149f,0.5377f,0.2164f,4.7872f,0.2702f,-0.0222f,-0.9625f,2.4937f,0f,0f,0f,1f],start_interpolation: 0,interpolation_duration: 1}
$data merge entity $(bone_head1) {transformation: [-1.0463f,0.0293f,-0.0545f,0.1906f,0.0126f,1.0047f,0.2984f,4.9947f,0.0606f,0.2972f,-1.0033f,1.2161f,0f,0f,0f,1f],start_interpolation: 0,interpolation_duration: 1}
$data merge entity $(bone_neck10) {transformation: [-1.4824f,0.037f,-0.2083f,0.0311f,-0.0109f,1.4589f,0.3373f,4.7974f,0.2112f,0.3354f,-1.444f,0.0867f,0f,0f,0f,1f],start_interpolation: 0,interpolation_duration: 1}
$data merge entity $(bone_neck9) {transformation: [-1.134f,0.0357f,-0.1578f,-0.0067f,-0.0084f,1.1028f,0.3097f,3.3766f,0.1616f,0.3078f,-1.0915f,-0.2521f,0f,0f,0f,1f],start_interpolation: 0,interpolation_duration: 1}
$data merge entity $(bone_neck8) {transformation: [-1.0528f,-0.0375f,-0.1431f,0.0258f,0f,1.0284f,-0.2696f,2.6178f,0.148f,-0.267f,-1.0184f,-0.0208f,0f,0f,0f,1f],start_interpolation: 0,interpolation_duration: 1}
$data merge entity $(bone_neck7) {transformation: [-1.0454f,-0.0654f,-0.1316f,0.0878f,0f,0.9455f,-0.4696f,1.7723f,0.1469f,-0.465f,-0.9363f,0.4197f,0f,0f,0f,1f],start_interpolation: 0,interpolation_duration: 1}
$data merge entity $(bone_neck6) {transformation: [-1.0395f,-0.0378f,-0.1411f,0.12f,0f,1.0139f,-0.2717f,0.874f,0.1461f,-0.269f,-1.004f,0.6489f,0f,0f,0f,1f],start_interpolation: 0,interpolation_duration: 1}
$data merge entity $(bone_neck_spine6) {transformation: [-1.2677f,-0.1129f,0.0097f,-0.2683f,0.0029f,0.077f,1.2705f,0.3511f,-0.1132f,1.2654f,-0.0765f,-2.0223f,0f,0f,0f,1f],start_interpolation: 0,interpolation_duration: 1}
$data merge entity $(bone_neck_spine7) {transformation: [-0.8309f,-0.5089f,0.2252f,0.7853f,0.0532f,0.3301f,0.9424f,0.2576f,-0.5539f,0.795f,-0.2472f,-5.4238f,0f,0f,0f,1f],start_interpolation: 0,interpolation_duration: 1}
$data merge entity $(bone_tail6) {transformation: [-1.1576f,-1.0485f,0.7252f,3.1626f,0.4336f,0.5974f,1.5558f,-1.2629f,-1.1989f,1.2284f,-0.1375f,-8.2066f,0f,0f,0f,1f],start_interpolation: 0,interpolation_duration: 1}
$data merge entity $(bone_tail5) {transformation: [-0.9562f,-0.8662f,0.5991f,2.6156f,0.3582f,0.4935f,1.2852f,-0.9513f,-0.9904f,1.0148f,-0.1136f,-7.5656f,0f,0f,0f,1f],start_interpolation: 0,interpolation_duration: 1}
$data merge entity $(bone_tail4) {transformation: [-0.7046f,-0.6382f,0.4414f,2.342f,0.2639f,0.3636f,0.947f,-0.7954f,-0.7298f,0.7477f,-0.0837f,-7.2452f,0f,0f,0f,1f],start_interpolation: 0,interpolation_duration: 1}
$data merge entity $(bone_segment18) {transformation: [-0.6722f,-0.6089f,0.4211f,2.0001f,0.2518f,0.3469f,0.9035f,-0.6006f,-0.6962f,0.7134f,-0.0799f,-6.8446f,0f,0f,0f,1f],start_interpolation: 0,interpolation_duration: 1}
$data merge entity $(bone_segment17) {transformation: [-0.6722f,-0.6089f,0.4211f,1.5556f,0.2518f,0.3469f,0.9035f,-0.3474f,-0.6962f,0.7134f,-0.0799f,-6.3239f,0f,0f,0f,1f],start_interpolation: 0,interpolation_duration: 1}
$data merge entity $(bone_segment16) {transformation: [-0.7167f,-0.6856f,0.1273f,0.9011f,0.0387f,0.1431f,0.9889f,-0.2108f,-0.6963f,0.7137f,-0.0761f,-5.6425f,0f,0f,0f,1f],start_interpolation: 0,interpolation_duration: 1}
$data merge entity $(bone_segment15) {transformation: [-0.8309f,-0.5498f,0.0858f,0.2528f,0.0532f,0.075f,0.9958f,-0.1224f,-0.5539f,0.8319f,-0.033f,-4.6615f,0f,0f,0f,1f],start_interpolation: 0,interpolation_duration: 1}
$data merge entity $(bone_segment14) {transformation: [-0.9905f,-0.3428f,-0.0036f,-0.1329f,0.0311f,-0.101f,1.0428f,-0.236f,-0.3414f,0.9854f,0.1056f,-3.553f,0f,0f,0f,1f],start_interpolation: 0,interpolation_duration: 1}
$data merge entity $(bone_segment13) {transformation: [-1.0216f,-0.0909f,-0.0081f,-0.2422f,0.0023f,-0.1167f,1.0191f,-0.4044f,-0.0913f,1.015f,0.1164f,-2.3337f,0f,0f,0f,1f],start_interpolation: 0,interpolation_duration: 1}
$data merge entity $(bone_segment12) {transformation: [-1.1134f,0.0695f,0.0083f,-0.1582f,0.0123f,0.064f,1.1137f,-0.327f,0.0689f,1.1115f,-0.0647f,-0.9909f,0f,0f,0f,1f],start_interpolation: 0,interpolation_duration: 1}
$data merge entity $(bone_segment11) {transformation: [-1.1802f,0.1542f,-0.0216f,0.0216f,0.0507f,0.5368f,1.0613f,0.2933f,0.1472f,1.0513f,-0.5388f,0.2238f,0f,0f,0f,1f],start_interpolation: 0,interpolation_duration: 1}
$data merge entity $(bone_segment10) {transformation: [-1.0392f,0.101f,-0.0928f,0.131f,0.0446f,0.9197f,0.5008f,1.2345f,0.1296f,0.4925f,-0.9161f,0.7272f,0f,0f,0f,1f],start_interpolation: 0,interpolation_duration: 1}
data modify entity @s data merge value {"cameras":{},"locators":{"mouth":{"posx":0.31617836202315786,"posy":4.186698765965968,"posz":3.554390811529439,"roty":174.364396815246,"rotx":73.44460577723089}}}