# This file was generated by Animated Java via MC-Build. It is not recommended to edit this file directly.
$data merge entity $(bone_neck_spine5) {transformation: [-1.5562f,-0.0152f,-0.2234f,0.0333f,-0.0201f,1.5718f,0.0331f,4.2401f,0.223f,0.0356f,-1.556f,-0.7941f,0f,0f,0f,1f],start_interpolation: 0,interpolation_duration: 1}
$data merge entity $(bone_neck_spine2) {transformation: [-1.4821f,0.0038f,-0.2132f,0.1446f,-0.0191f,1.4887f,0.1597f,5.7568f,0.2124f,0.1608f,-1.4735f,0.911f,0f,0f,0f,1f],start_interpolation: 0,interpolation_duration: 1}
$data merge entity $(bone_scale_neck_left1) {transformation: [-1.5658f,0.495f,-0.1279f,0.9156f,0.3939f,1.4309f,0.7145f,4.8739f,0.3258f,0.6486f,-1.4786f,0.6694f,0f,0f,0f,1f],start_interpolation: 0,interpolation_duration: 1}
$data merge entity $(bone_scale_neck_right1) {transformation: [-1.5838f,-0.329f,-0.3106f,-0.6406f,-0.4346f,1.4202f,0.7121f,4.8538f,0.1256f,0.7667f,-1.4524f,0.8925f,0f,0f,0f,1f],start_interpolation: 0,interpolation_duration: 1}
$data merge entity $(bone_blush_right1) {transformation: [-0.998f,0.0244f,-0.0575f,-0.4112f,0.0067f,0.9569f,0.2904f,4.3177f,0.0621f,0.2894f,-0.9552f,2.1315f,0f,0f,0f,1f],start_interpolation: 0,interpolation_duration: 1}
$data merge entity $(bone_blush_left1) {transformation: [-0.998f,0.0244f,-0.0575f,0.9114f,0.0067f,0.9569f,0.2904f,4.3089f,0.0621f,0.2894f,-0.9552f,2.0492f,0f,0f,0f,1f],start_interpolation: 0,interpolation_duration: 1}
$data merge entity $(bone_left_head_scales) {transformation: [-0.8587f,0.0244f,-0.5119f,0.9178f,-0.1282f,0.9569f,0.2607f,5.1215f,0.4961f,0.2894f,-0.8186f,1.8843f,0f,0f,0f,1f],start_interpolation: 0,interpolation_duration: 1}
$data merge entity $(bone_left_head_scales2) {transformation: [-0.7846f,0.0244f,-0.6196f,0.9056f,-0.1611f,0.9569f,0.2417f,4.2128f,0.5987f,0.2894f,-0.7468f,1.7852f,0f,0f,0f,1f],start_interpolation: 0,interpolation_duration: 1}
$data merge entity $(bone_left_head_scales1) {transformation: [-0.998f,0.0244f,-0.0575f,0.9151f,0.0067f,0.9569f,0.2904f,5.014f,0.0621f,0.2894f,-0.9552f,1.8518f,0f,0f,0f,1f],start_interpolation: 0,interpolation_duration: 1}
$data merge entity $(bone_right_head_scales) {transformation: [-0.9118f,0.0244f,0.4098f,-0.4272f,0.14f,0.9569f,0.2545f,5.1304f,-0.386f,0.2894f,-0.8759f,1.9681f,0f,0f,0f,1f],start_interpolation: 0,interpolation_duration: 1}
$data merge entity $(bone_right_head_scales2) {transformation: [-0.8505f,0.0244f,0.5253f,-0.4394f,0.172f,0.9569f,0.2341f,4.2218f,-0.497f,0.2894f,-0.8181f,1.8689f,0f,0f,0f,1f],start_interpolation: 0,interpolation_duration: 1}
$data merge entity $(bone_right_head_scales1) {transformation: [-0.998f,0.0244f,-0.0575f,-0.4299f,0.0067f,0.9569f,0.2904f,5.023f,0.0621f,0.2894f,-0.9552f,1.9355f,0f,0f,0f,1f],start_interpolation: 0,interpolation_duration: 1}
$data merge entity $(bone_head_left_fin1) {transformation: [-0.6788f,0.0258f,-0.7983f,0.9f,0.053f,1.0468f,-0.0113f,4.6355f,0.797f,-0.0477f,-0.6792f,1.6495f,0f,0f,0f,1f],start_interpolation: 0,interpolation_duration: 1}
$data merge entity $(bone_head_right_fin1) {transformation: [-0.773f,-0.0176f,0.7077f,-0.4451f,-0.0433f,1.0471f,-0.0213f,4.6445f,-0.7066f,-0.045f,-0.7729f,1.7332f,0f,0f,0f,1f],start_interpolation: 0,interpolation_duration: 1}
$data merge entity $(bone_right_whisker16) {transformation: [0.2777f,0.9078f,-0.3143f,-1.0207f,0.96f,-0.2744f,0.0556f,1.9336f,-0.0358f,-0.3171f,-0.9477f,1.5774f,0f,0f,0f,1f],start_interpolation: 0,interpolation_duration: 1}
$data merge entity $(bone_right_whisker15) {transformation: [-0.8638f,0.3938f,-0.3143f,-0.7297f,0.3973f,0.916f,0.0556f,1.7997f,0.3097f,-0.0769f,-0.9477f,1.473f,0f,0f,0f,1f],start_interpolation: 0,interpolation_duration: 1}
$data merge entity $(bone_right_whisker14) {transformation: [-0.722f,-0.6165f,-0.3143f,-0.4865f,-0.6622f,0.7472f,0.0556f,2.0228f,0.2006f,0.2482f,-0.9477f,1.4055f,0f,0f,0f,1f],start_interpolation: 0,interpolation_duration: 1}
$data merge entity $(bone_right_whisker13) {transformation: [-0.1178f,-0.9896f,-0.0826f,-0.4468f,-0.9632f,0.0936f,0.2521f,2.3473f,-0.2418f,0.1093f,-0.9642f,1.4869f,0f,0f,0f,1f],start_interpolation: 0,interpolation_duration: 1}
$data merge entity $(bone_right_whisker12) {transformation: [0.041f,-0.9976f,-0.0552f,-0.4652f,-0.8885f,-0.0616f,0.4546f,2.7465f,-0.457f,0.0304f,-0.889f,1.6922f,0f,0f,0f,1f],start_interpolation: 0,interpolation_duration: 1}
$data merge entity $(bone_right_whisker11) {transformation: [0.2703f,-0.9619f,-0.0403f,-0.5866f,-0.9475f,-0.2732f,0.1664f,3.1721f,-0.1711f,-0.0068f,-0.9852f,1.7691f,0f,0f,0f,1f],start_interpolation: 0,interpolation_duration: 1}
$data merge entity $(bone_right_whisker10) {transformation: [0.0523f,-0.9964f,0.0671f,-0.6101f,-0.9953f,-0.0575f,-0.0785f,3.6192f,0.0821f,-0.0627f,-0.9947f,1.7322f,0f,0f,0f,1f],start_interpolation: 0,interpolation_duration: 1}
$data merge entity $(bone_right_whisker1) {transformation: [-0.3619f,-0.9313f,0.0422f,-0.4475f,-0.914f,0.3634f,0.1802f,4.0298f,-0.1832f,0.0266f,-0.9827f,1.8145f,0f,0f,0f,1f],start_interpolation: 0,interpolation_duration: 1}
$data merge entity $(bone_left_whisker16) {transformation: [0.2405f,-0.9292f,0.2807f,1.38f,-0.9703f,-0.2379f,0.0438f,1.8859f,0.0261f,-0.2829f,-0.9588f,1.5326f,0f,0f,0f,1f],start_interpolation: 0,interpolation_duration: 1}
$data merge entity $(bone_left_whisker15) {transformation: [-0.8899f,-0.3597f,0.2807f,1.0802f,-0.3625f,0.931f,0.0438f,1.7638f,-0.277f,-0.0628f,-0.9588f,1.4393f,0f,0f,0f,1f],start_interpolation: 0,interpolation_duration: 1}
$data merge entity $(bone_left_whisker14) {transformation: [-0.7021f,0.6545f,0.2807f,0.8436f,0.6905f,0.722f,0.0438f,1.9964f,-0.174f,0.2245f,-0.9588f,1.3807f,0f,0f,0f,1f],start_interpolation: 0,interpolation_duration: 1}
$data merge entity $(bone_left_whisker13) {transformation: [-0.0704f,0.9959f,0.0566f,0.8199f,0.9669f,0.0542f,0.2494f,2.3222f,0.2453f,0.0722f,-0.9668f,1.4633f,0f,0f,0f,1f],start_interpolation: 0,interpolation_duration: 1}
$data merge entity $(bone_left_whisker12) {transformation: [0.0932f,0.9948f,0.04f,0.8618f,0.8859f,-0.1012f,0.4527f,2.7201f,0.4545f,-0.0068f,-0.8907f,1.6675f,0f,0f,0f,1f],start_interpolation: 0,interpolation_duration: 1}
$data merge entity $(bone_left_whisker11) {transformation: [0.3139f,0.9494f,0.0101f,1.0028f,0.9359f,-0.3111f,0.1654f,3.1405f,0.1602f,-0.0425f,-0.9862f,1.7394f,0f,0f,0f,1f],start_interpolation: 0,interpolation_duration: 1}
$data merge entity $(bone_left_whisker10) {transformation: [0.0886f,0.9903f,-0.1072f,1.0426f,0.9925f,-0.0969f,-0.0751f,3.5864f,-0.0847f,-0.0997f,-0.9914f,1.7013f,0f,0f,0f,1f],start_interpolation: 0,interpolation_duration: 1}
$data merge entity $(bone_left_whisker1) {transformation: [-0.3183f,0.9453f,-0.0717f,0.8996f,0.9276f,0.3261f,0.1825f,4.003f,0.1958f,-0.0084f,-0.9806f,1.7893f,0f,0f,0f,1f],start_interpolation: 0,interpolation_duration: 1}
$data merge entity $(bone_upper_left_tooth1) {transformation: [-0.998f,0.0193f,-0.0594f,0.604f,0.0067f,0.9786f,0.2059f,4.1834f,0.0621f,0.2051f,-0.9768f,2.8182f,0f,0f,0f,1f],start_interpolation: 0,interpolation_duration: 1}
$data merge entity $(bone_upper_right_tooth1) {transformation: [-0.998f,0.0193f,-0.0594f,-0.0685f,0.0067f,0.9786f,0.2059f,4.1879f,0.0621f,0.2051f,-0.9768f,2.86f,0f,0f,0f,1f],start_interpolation: 0,interpolation_duration: 1}
$data merge entity $(bone_top_lip1) {transformation: [-0.998f,-0.0071f,-0.0621f,0.2981f,0.0067f,0.9756f,-0.2193f,4.3063f,0.0621f,-0.2193f,-0.9737f,2.8627f,0f,0f,0f,1f],start_interpolation: 0,interpolation_duration: 1}
$data merge entity $(bone_muzzle1) {transformation: [-0.998f,0.0193f,-0.0594f,0.268f,0.0067f,0.9786f,0.2059f,4.5868f,0.0621f,0.2051f,-0.9768f,2.3488f,0f,0f,0f,1f],start_interpolation: 0,interpolation_duration: 1}
$data merge entity $(bone_jaw_right_tooth1) {transformation: [-0.998f,-0.0167f,-0.0602f,-0.0683f,0.0067f,0.9296f,-0.3684f,4.0471f,0.0621f,-0.3681f,-0.9277f,2.8793f,0f,0f,0f,1f],start_interpolation: 0,interpolation_duration: 1}
$data merge entity $(bone_jaw_left_tooth1) {transformation: [-0.998f,-0.0167f,-0.0602f,0.6603f,0.0067f,0.9296f,-0.3684f,4.0423f,0.0621f,-0.3681f,-0.9277f,2.834f,0f,0f,0f,1f],start_interpolation: 0,interpolation_duration: 1}
$data merge entity $(bone_tongue1) {transformation: [-0.998f,0.0085f,-0.0619f,0.2459f,0.0067f,0.9995f,0.0299f,4.0579f,0.0621f,0.0294f,-0.9976f,2.0507f,0f,0f,0f,1f],start_interpolation: 0,interpolation_duration: 1}
$data merge entity $(bone_jaw_lips1) {transformation: [-0.998f,0.0085f,-0.0619f,0.3565f,0.0067f,0.9995f,0.0299f,3.9016f,0.0621f,0.0294f,-0.9976f,2.9397f,0f,0f,0f,1f],start_interpolation: 0,interpolation_duration: 1}
$data merge entity $(bone_jaw3) {transformation: [-0.998f,-0.006f,-0.0622f,0.3011f,0.0067f,0.9795f,-0.2014f,3.6382f,0.0621f,-0.2014f,-0.9775f,2.0784f,0f,0f,0f,1f],start_interpolation: 0,interpolation_duration: 1}
$data merge entity $(bone_jaw1) {transformation: [-0.998f,0.0397f,-0.0482f,0.2578f,0.0067f,0.835f,0.5502f,4.1325f,0.0621f,0.5488f,-0.8336f,1.3295f,0f,0f,0f,1f],start_interpolation: 0,interpolation_duration: 1}
$data merge entity $(bone_tear_right1) {transformation: [-0.998f,0.0244f,-0.0575f,-0.3398f,0.0067f,0.9569f,0.2904f,4.6641f,0.0621f,0.2894f,-0.9552f,2.3383f,0f,0f,0f,1f],start_interpolation: 0,interpolation_duration: 1}
$data merge entity $(bone_right_pupil1) {transformation: [-0.998f,0.0244f,-0.0575f,-0.1482f,0.0067f,0.9569f,0.2904f,4.7508f,0.0621f,0.2894f,-0.9552f,2.4237f,0f,0f,0f,1f],start_interpolation: 0,interpolation_duration: 1}
$data merge entity $(bone_right_sad_pupil1) {transformation: [-0.998f,0.0244f,-0.0575f,-0.1488f,0.0067f,0.9569f,0.2904f,4.754f,0.0621f,0.2894f,-0.9552f,2.413f,0f,0f,0f,1f],start_interpolation: 0,interpolation_duration: 1}
$data merge entity $(bone_right_happy_pupil1) {transformation: [-0.998f,0.0244f,-0.0575f,-0.1775f,0.0067f,0.9569f,0.2904f,4.7274f,0.0621f,0.2894f,-0.9552f,2.4066f,0f,0f,0f,1f],start_interpolation: 0,interpolation_duration: 1}
$data merge entity $(bone_eyelid_right1) {transformation: [-0.998f,0.0244f,-0.0575f,0.249f,0.0067f,0.9569f,0.2904f,4.8605f,0.0621f,0.2894f,-0.9552f,1.8335f,0f,0f,0f,1f],start_interpolation: 0,interpolation_duration: 1}
$data merge entity $(bone_eyelid_expressions_right5) {transformation: [-0.998f,0.0244f,-0.0575f,-0.275f,0.0067f,0.9569f,0.2904f,4.8624f,0.0621f,0.2894f,-0.9552f,2.4535f,0f,0f,0f,1f],start_interpolation: 0,interpolation_duration: 1}
$data merge entity $(bone_eyelid_expressions_right7) {transformation: [-0.998f,0.0244f,-0.0575f,0.0613f,0.0067f,0.9569f,0.2904f,4.8601f,0.0621f,0.2894f,-0.9552f,2.4326f,0f,0f,0f,1f],start_interpolation: 0,interpolation_duration: 1}
$data merge entity $(bone_eyelid_expressions_right6) {transformation: [-0.998f,0.0244f,-0.0575f,-0.0508f,0.0067f,0.9569f,0.2904f,4.8609f,0.0621f,0.2894f,-0.9552f,2.4395f,0f,0f,0f,1f],start_interpolation: 0,interpolation_duration: 1}
$data merge entity $(bone_right_eye1) {transformation: [-0.998f,0.0244f,-0.0575f,0.2385f,0.0067f,0.9569f,0.2904f,4.8573f,0.0621f,0.2894f,-0.9552f,1.8449f,0f,0f,0f,1f],start_interpolation: 0,interpolation_duration: 1}
$data merge entity $(bone_tear_left1) {transformation: [-0.998f,0.0244f,-0.0575f,0.8708f,0.0067f,0.9569f,0.2904f,4.656f,0.0621f,0.2894f,-0.9552f,2.263f,0f,0f,0f,1f],start_interpolation: 0,interpolation_duration: 1}
$data merge entity $(bone_left_sad_pupil1) {transformation: [-0.998f,0.0244f,-0.0575f,0.6918f,0.0067f,0.9569f,0.2904f,4.7484f,0.0621f,0.2894f,-0.9552f,2.3607f,0f,0f,0f,1f],start_interpolation: 0,interpolation_duration: 1}
$data merge entity $(bone_left_pupil1) {transformation: [-0.998f,0.0244f,-0.0575f,0.6924f,0.0067f,0.9569f,0.2904f,4.7452f,0.0621f,0.2894f,-0.9552f,2.3714f,0f,0f,0f,1f],start_interpolation: 0,interpolation_duration: 1}
$data merge entity $(bone_eyelid_left1) {transformation: [-0.998f,0.0244f,-0.0575f,0.2266f,0.0067f,0.9569f,0.2904f,4.8606f,0.0621f,0.2894f,-0.9552f,1.8349f,0f,0f,0f,1f],start_interpolation: 0,interpolation_duration: 1}
$data merge entity $(bone_left_happy_pupil1) {transformation: [-0.998f,0.0244f,-0.0575f,0.7191f,0.0067f,0.9569f,0.2904f,4.7214f,0.0621f,0.2894f,-0.9552f,2.3508f,0f,0f,0f,1f],start_interpolation: 0,interpolation_duration: 1}
$data merge entity $(bone_eyelid_expressions_left5) {transformation: [-0.998f,0.0244f,-0.0575f,0.8234f,0.0067f,0.9569f,0.2904f,4.855f,0.0621f,0.2894f,-0.9552f,2.3851f,0f,0f,0f,1f],start_interpolation: 0,interpolation_duration: 1}
$data merge entity $(bone_eyelid_expressions_left7) {transformation: [-0.998f,0.0244f,-0.0575f,0.4872f,0.0067f,0.9569f,0.2904f,4.8573f,0.0621f,0.2894f,-0.9552f,2.4061f,0f,0f,0f,1f],start_interpolation: 0,interpolation_duration: 1}
$data merge entity $(bone_eyelid_expressions_left6) {transformation: [-0.998f,0.0244f,-0.0575f,0.5993f,0.0067f,0.9569f,0.2904f,4.8565f,0.0621f,0.2894f,-0.9552f,2.3991f,0f,0f,0f,1f],start_interpolation: 0,interpolation_duration: 1}
$data merge entity $(bone_left_eye1) {transformation: [-0.998f,0.0244f,-0.0575f,0.2385f,0.0067f,0.9569f,0.2904f,4.8573f,0.0621f,0.2894f,-0.9552f,1.8449f,0f,0f,0f,1f],start_interpolation: 0,interpolation_duration: 1}
$data merge entity $(bone_crest_middle5) {transformation: [-0.998f,0.0114f,-0.0614f,0.2997f,0.0067f,0.9971f,0.0764f,6.0448f,0.0621f,0.0759f,-0.9952f,2.7014f,0f,0f,0f,1f],start_interpolation: 0,interpolation_duration: 1}
$data merge entity $(bone_crest_middle4) {transformation: [-0.998f,0.0114f,-0.0614f,0.292f,0.0067f,0.9971f,0.0764f,5.373f,0.0621f,0.0759f,-0.9952f,2.6503f,0f,0f,0f,1f],start_interpolation: 0,interpolation_duration: 1}
$data merge entity $(bone_crest_middle1) {transformation: [-0.998f,0.0114f,-0.0614f,0.2915f,0.0067f,0.9971f,0.0764f,4.8626f,0.0621f,0.0759f,-0.9952f,2.6958f,0f,0f,0f,1f],start_interpolation: 0,interpolation_duration: 1}
$data merge entity $(bone_crest_left5) {transformation: [-0.5568f,-0.829f,0.0511f,-0.8126f,-0.8034f,0.5532f,0.2201f,5.4098f,-0.2107f,0.0815f,-0.9741f,2.6788f,0f,0f,0f,1f],start_interpolation: 0,interpolation_duration: 1}
$data merge entity $(bone_crest_left4) {transformation: [-0.5568f,-0.829f,0.0511f,-0.3471f,-0.8034f,0.5532f,0.2201f,5.0992f,-0.2107f,0.0815f,-0.9741f,2.6331f,0f,0f,0f,1f],start_interpolation: 0,interpolation_duration: 1}
$data merge entity $(bone_crest_left1) {transformation: [-0.5568f,-0.829f,0.0511f,0.1679f,-0.8034f,0.5532f,0.2201f,4.7698f,-0.2107f,0.0815f,-0.9741f,2.528f,0f,0f,0f,1f],start_interpolation: 0,interpolation_duration: 1}
$data merge entity $(bone_crest_center1) {transformation: [-0.998f,0.0244f,-0.0575f,0.2793f,0.0067f,0.9569f,0.2904f,4.7422f,0.0621f,0.2894f,-0.9552f,2.5129f,0f,0f,0f,1f],start_interpolation: 0,interpolation_duration: 1}
$data merge entity $(bone_crest_right5) {transformation: [-0.5157f,0.84f,-0.1686f,1.3921f,0.8106f,0.5421f,0.2215f,5.3951f,0.2775f,-0.0224f,-0.9605f,2.5416f,0f,0f,0f,1f],start_interpolation: 0,interpolation_duration: 1}
$data merge entity $(bone_crest_right4) {transformation: [-0.5157f,0.84f,-0.1686f,0.9204f,0.8106f,0.5421f,0.2215f,5.0907f,0.2775f,-0.0224f,-0.9605f,2.5542f,0f,0f,0f,1f],start_interpolation: 0,interpolation_duration: 1}
$data merge entity $(bone_crest_right1) {transformation: [-0.5157f,0.84f,-0.1686f,0.392f,0.8106f,0.5421f,0.2215f,4.7683f,0.2775f,-0.0224f,-0.9605f,2.5141f,0f,0f,0f,1f],start_interpolation: 0,interpolation_duration: 1}
$data merge entity $(bone_head1) {transformation: [-1.0461f,0.0256f,-0.0603f,0.2016f,0.007f,1.003f,0.3044f,4.9829f,0.0651f,0.3034f,-1.0012f,1.2387f,0f,0f,0f,1f],start_interpolation: 0,interpolation_duration: 1}
$data merge entity $(bone_neck10) {transformation: [-1.4821f,0.0316f,-0.2109f,0.0418f,-0.0191f,1.4552f,0.3526f,4.7976f,0.2124f,0.3517f,-1.4399f,0.1072f,0f,0f,0f,1f],start_interpolation: 0,interpolation_duration: 1}
$data merge entity $(bone_neck9) {transformation: [-1.1338f,0.0314f,-0.1601f,0.0096f,-0.0146f,1.0999f,0.3197f,3.3801f,0.1625f,0.3184f,-1.0883f,-0.2453f,0f,0f,0f,1f],start_interpolation: 0,interpolation_duration: 1}
$data merge entity $(bone_neck8) {transformation: [-1.0527f,-0.0418f,-0.1428f,0.0453f,-0.0052f,1.03f,-0.2634f,2.6199f,0.1487f,-0.2601f,-1.0201f,-0.0191f,0f,0f,0f,1f],start_interpolation: 0,interpolation_duration: 1}
$data merge entity $(bone_neck7) {transformation: [-1.0456f,-0.0643f,-0.1301f,0.1062f,0f,0.9464f,-0.4677f,1.7735f,0.1451f,-0.4633f,-0.9374f,0.4199f,0f,0f,0f,1f],start_interpolation: 0,interpolation_duration: 1}
$data merge entity $(bone_neck6) {transformation: [-1.0397f,-0.0373f,-0.1394f,0.1381f,0f,1.0139f,-0.2717f,0.8752f,0.1443f,-0.2691f,-1.0043f,0.6491f,0f,0f,0f,1f],start_interpolation: 0,interpolation_duration: 1}
$data merge entity $(bone_neck_spine6) {transformation: [-1.2705f,-0.0625f,0.0422f,-0.2688f,0.0381f,0.0827f,1.2695f,0.3621f,-0.0651f,1.2686f,-0.0807f,-2.023f,0f,0f,0f,1f],start_interpolation: 0,interpolation_duration: 1}
$data merge entity $(bone_neck_spine7) {transformation: [-0.8404f,-0.4805f,0.2506f,0.6629f,0.0754f,0.3543f,0.9321f,0.2193f,-0.5367f,0.8022f,-0.2616f,-5.4574f,0f,0f,0f,1f],start_interpolation: 0,interpolation_duration: 1}
$data merge entity $(bone_tail6) {transformation: [-1.0783f,-1.0427f,0.8458f,3.0223f,0.5418f,0.6546f,1.4977f,-1.4326f,-1.2284f,1.204f,-0.0819f,-8.1804f,0f,0f,0f,1f],start_interpolation: 0,interpolation_duration: 1}
$data merge entity $(bone_tail5) {transformation: [-0.8908f,-0.8613f,0.6987f,2.4783f,0.4476f,0.5408f,1.2373f,-1.091f,-1.0148f,0.9946f,-0.0676f,-7.5522f,0f,0f,0f,1f],start_interpolation: 0,interpolation_duration: 1}
$data merge entity $(bone_tail4) {transformation: [-0.6564f,-0.6347f,0.5148f,2.2063f,0.3298f,0.3985f,0.9117f,-0.9202f,-0.7477f,0.7329f,-0.0498f,-7.2381f,0f,0f,0f,1f],start_interpolation: 0,interpolation_duration: 1}
$data merge entity $(bone_segment18) {transformation: [-0.6262f,-0.6055f,0.4912f,1.8663f,0.3146f,0.3802f,0.8698f,-0.7068f,-0.7134f,0.6992f,-0.0475f,-6.8455f,0f,0f,0f,1f],start_interpolation: 0,interpolation_duration: 1}
$data merge entity $(bone_segment17) {transformation: [-0.6262f,-0.6055f,0.4912f,1.4243f,0.3146f,0.3802f,0.8698f,-0.4293f,-0.7134f,0.6992f,-0.0475f,-6.3351f,0f,0f,0f,1f],start_interpolation: 0,interpolation_duration: 1}
$data merge entity $(bone_segment16) {transformation: [-0.6972f,-0.6975f,0.1656f,0.7585f,0.0503f,0.1829f,0.9818f,-0.2547f,-0.7151f,0.6929f,-0.0924f,-5.6737f,0f,0f,0f,1f],start_interpolation: 0,interpolation_duration: 1}
$data merge entity $(bone_segment15) {transformation: [-0.8404f,-0.529f,0.1177f,0.1347f,0.0754f,0.101f,0.992f,-0.1356f,-0.5367f,0.8426f,-0.045f,-4.6801f,0f,0f,0f,1f],start_interpolation: 0,interpolation_duration: 1}
$data merge entity $(bone_segment14) {transformation: [-1.0024f,-0.3047f,0.0306f,-0.2081f,0.0579f,-0.0854f,1.0431f,-0.2316f,-0.3007f,0.9993f,0.0985f,-3.5559f,0f,0f,0f,1f],start_interpolation: 0,interpolation_duration: 1}
$data merge entity $(bone_segment13) {transformation: [-1.0239f,-0.0555f,0.0248f,-0.2756f,0.0307f,-0.112f,1.0191f,-0.3944f,-0.0525f,1.0181f,0.1135f,-2.3329f,0f,0f,0f,1f],start_interpolation: 0,interpolation_duration: 1}
$data merge entity $(bone_segment12) {transformation: [-1.1108f,0.0961f,0.0368f,-0.1595f,0.0422f,0.0619f,1.113f,-0.3196f,0.0939f,1.1097f,-0.0653f,-0.9923f,0f,0f,0f,1f],start_interpolation: 0,interpolation_duration: 1}
$data merge entity $(bone_segment11) {transformation: [-1.1784f,0.1688f,-0.0051f,0.0377f,0.0717f,0.5325f,1.0623f,0.2956f,0.1529f,1.0512f,-0.5373f,0.2222f,0f,0f,0f,1f],start_interpolation: 0,interpolation_duration: 1}
$data merge entity $(bone_segment10) {transformation: [-1.0394f,0.1027f,-0.0882f,0.1489f,0.0481f,0.9186f,0.5025f,1.2357f,0.1266f,0.4942f,-0.9156f,0.7274f,0f,0f,0f,1f],start_interpolation: 0,interpolation_duration: 1}
data modify entity @s data merge value {"cameras":{},"locators":{"mouth":{"px":0.341256912153937,"py":4.160968358532852,"pz":3.571262761603913,"ry":175.18087326423316,"rx":73.1135246578925}}}
function animated_java:gyarados/animations/surfacewater_swim/zzz/frames/on_tick/transform_floating_entities