# This file was generated by Animated Java via MC-Build. It is not recommended to edit this file directly.
$data merge entity $(bone_neck_spine5) {transformation: [-1.5701f,-0.0511f,-0.0647f,0.1586f,-0.0575f,1.5629f,0.1611f,4.3072f,0.059f,0.1632f,-1.5627f,-0.6594f,0f,0f,0f,1f],start_interpolation: 0,interpolation_duration: 1}
$data merge entity $(bone_neck_spine2) {transformation: [-1.4953f,-0.0437f,-0.0652f,0.0643f,-0.0548f,1.4718f,0.27f,5.6826f,0.0562f,0.2721f,-1.4714f,1.1609f,0f,0f,0f,1f],start_interpolation: 0,interpolation_duration: 1}
$data merge entity $(bone_scale_neck_left1) {transformation: [-1.5987f,0.3963f,0.0086f,0.8741f,0.3472f,1.3829f,0.8247f,4.8311f,0.1912f,0.8023f,-1.4258f,0.9344f,0f,0f,0f,1f],start_interpolation: 0,interpolation_duration: 1}
$data merge entity $(bone_scale_neck_right1) {transformation: [-1.5789f,-0.435f,-0.1757f,-0.696f,-0.4636f,1.3524f,0.8179f,4.7736f,-0.0717f,0.8335f,-1.4189f,0.9935f,0f,0f,0f,1f],start_interpolation: 0,interpolation_duration: 1}
$data merge entity $(bone_blush_right1) {transformation: [-0.9986f,-0.0229f,-0.0487f,-0.4998f,-0.037f,0.9488f,0.3135f,4.1722f,0.039f,0.3149f,-0.9483f,2.2941f,0f,0f,0f,1f],start_interpolation: 0,interpolation_duration: 1}
$data merge entity $(bone_blush_left1) {transformation: [-0.9986f,-0.0229f,-0.0487f,0.8235f,-0.037f,0.9488f,0.3135f,4.2212f,0.039f,0.3149f,-0.9483f,2.2424f,0f,0f,0f,1f],start_interpolation: 0,interpolation_duration: 1}
$data merge entity $(bone_left_head_scales) {transformation: [-0.8633f,-0.0229f,-0.5043f,0.7989f,-0.1776f,0.9488f,0.261f,5.0376f,0.4725f,0.3149f,-0.8232f,2.0991f,0f,0f,0f,1f],start_interpolation: 0,interpolation_duration: 1}
$data merge entity $(bone_left_head_scales2) {transformation: [-0.79f,-0.0229f,-0.6126f,0.8276f,-0.2102f,0.9488f,0.2356f,4.1322f,0.5759f,0.3149f,-0.7545f,1.9759f,0f,0f,0f,1f],start_interpolation: 0,interpolation_duration: 1}
$data merge entity $(bone_left_head_scales1) {transformation: [-0.9986f,-0.0229f,-0.0487f,0.8014f,-0.037f,0.9488f,0.3135f,4.931f,0.039f,0.3149f,-0.9483f,2.0637f,0f,0f,0f,1f],start_interpolation: 0,interpolation_duration: 1}
$data merge entity $(bone_right_head_scales) {transformation: [-0.9082f,-0.0229f,0.4179f,-0.5468f,0.1119f,0.9488f,0.2952f,4.9876f,-0.4033f,0.3149f,-0.8592f,2.1516f,0f,0f,0f,1f],start_interpolation: 0,interpolation_duration: 1}
$data merge entity $(bone_right_head_scales2) {transformation: [-0.8459f,-0.0229f,0.5329f,-0.5181f,0.1495f,0.9488f,0.2781f,4.0823f,-0.512f,0.3149f,-0.7992f,2.0285f,0f,0f,0f,1f],start_interpolation: 0,interpolation_duration: 1}
$data merge entity $(bone_right_head_scales1) {transformation: [-0.9986f,-0.0229f,-0.0487f,-0.5443f,-0.037f,0.9488f,0.3135f,4.8811f,0.039f,0.3149f,-0.9483f,2.1163f,0f,0f,0f,1f],start_interpolation: 0,interpolation_duration: 1}
$data merge entity $(bone_head_left_fin1) {transformation: [-0.6979f,-0.0179f,-0.7818f,0.807f,0.0027f,1.0478f,-0.0264f,4.5578f,0.782f,-0.0197f,-0.6976f,1.8512f,0f,0f,0f,1f],start_interpolation: 0,interpolation_duration: 1}
$data merge entity $(bone_head_right_fin1) {transformation: [-0.7546f,-0.0613f,0.7249f,-0.5387f,-0.0566f,1.0462f,0.0295f,4.5079f,-0.7253f,-0.018f,-0.7565f,1.9038f,0f,0f,0f,1f],start_interpolation: 0,interpolation_duration: 1}
$data merge entity $(bone_right_whisker16) {transformation: [0.2714f,0.9399f,-0.2071f,-1.0477f,0.9613f,-0.2751f,0.011f,1.8039f,-0.0466f,-0.2021f,-0.9783f,1.7085f,0f,0f,0f,1f],start_interpolation: 0,interpolation_duration: 1}
$data merge entity $(bone_right_whisker15) {transformation: [-0.8965f,0.3917f,-0.2071f,-0.7456f,0.3983f,0.9172f,0.011f,1.6697f,0.1943f,-0.0726f,-0.9783f,1.643f,0f,0f,0f,1f],start_interpolation: 0,interpolation_duration: 1}
$data merge entity $(bone_right_whisker14) {transformation: [-0.7339f,-0.6469f,-0.2071f,-0.4984f,-0.663f,0.7486f,0.011f,1.8931f,0.1479f,0.1454f,-0.9783f,1.5932f,0f,0f,0f,1f],start_interpolation: 0,interpolation_duration: 1}
$data merge entity $(bone_right_whisker13) {transformation: [-0.0815f,-0.9964f,0.0232f,-0.4709f,-0.9741f,0.0846f,0.2099f,2.2213f,-0.2111f,-0.0055f,-0.9775f,1.6643f,0f,0f,0f,1f],start_interpolation: 0,interpolation_duration: 1}
$data merge entity $(bone_right_whisker12) {transformation: [0.0996f,-0.9942f,0.0403f,-0.5156f,-0.9065f,-0.0739f,0.4157f,2.6285f,-0.4103f,-0.0779f,-0.9086f,1.8486f,0f,0f,0f,1f],start_interpolation: 0,interpolation_duration: 1}
$data merge entity $(bone_right_whisker11) {transformation: [0.2961f,-0.9527f,0.0684f,-0.6487f,-0.9501f,-0.2864f,0.1239f,3.0553f,-0.0985f,-0.1016f,-0.9899f,1.8929f,0f,0f,0f,1f],start_interpolation: 0,interpolation_duration: 1}
$data merge entity $(bone_right_whisker10) {transformation: [0.0516f,-0.9826f,0.1783f,-0.6718f,-0.9901f,-0.0737f,-0.1197f,3.5f,0.1308f,-0.1703f,-0.9767f,1.8341f,0f,0f,0f,1f],start_interpolation: 0,interpolation_duration: 1}
$data merge entity $(bone_right_whisker1) {transformation: [-0.3311f,-0.9316f,0.15f,-0.5231f,-0.9259f,0.3514f,0.1389f,3.9159f,-0.1821f,-0.0929f,-0.9789f,1.9159f,0f,0f,0f,1f],start_interpolation: 0,interpolation_duration: 1}
$data merge entity $(bone_left_whisker16) {transformation: [0.2447f,-0.8897f,0.3854f,1.3434f,-0.9649f,-0.2624f,0.0069f,1.7872f,0.095f,-0.3736f,-0.9227f,1.9326f,0f,0f,0f,1f],start_interpolation: 0,interpolation_duration: 1}
$data merge entity $(bone_left_whisker15) {transformation: [-0.8502f,-0.3587f,0.3854f,1.057f,-0.3861f,0.9224f,0.0069f,1.6572f,-0.358f,-0.143f,-0.9227f,1.812f,0f,0f,0f,1f],start_interpolation: 0,interpolation_duration: 1}
$data merge entity $(bone_left_whisker14) {transformation: [-0.6844f,0.6189f,0.3854f,0.8264f,0.6728f,0.7398f,0.0069f,1.8839f,-0.2809f,0.2641f,-0.9227f,1.7174f,0f,0f,0f,1f],start_interpolation: 0,interpolation_duration: 1}
$data merge entity $(bone_left_whisker13) {transformation: [-0.1059f,0.9811f,0.1618f,0.7907f,0.9754f,0.0708f,0.2089f,2.2125f,0.1935f,0.1799f,-0.9645f,1.7826f,0f,0f,0f,1f],start_interpolation: 0,interpolation_duration: 1}
$data merge entity $(bone_left_whisker12) {transformation: [0.0341f,0.9903f,0.1351f,0.806f,0.9056f,-0.0878f,0.4151f,2.6193f,0.4229f,0.1081f,-0.8997f,1.9725f,0f,0f,0f,1f],start_interpolation: 0,interpolation_duration: 1}
$data merge entity $(bone_left_whisker11) {transformation: [0.2857f,0.951f,0.1185f,0.9344f,0.946f,-0.2996f,0.1235f,3.0442f,0.153f,0.0768f,-0.9852f,2.0413f,0f,0f,0f,1f],start_interpolation: 0,interpolation_duration: 1}
$data merge entity $(bone_left_whisker10) {transformation: [0.0887f,0.996f,0.0047f,0.9742f,0.9891f,-0.0875f,-0.1185f,3.4885f,-0.1176f,0.0152f,-0.9929f,1.9884f,0f,0f,0f,1f],start_interpolation: 0,interpolation_duration: 1}
$data merge entity $(bone_left_whisker1) {transformation: [-0.3463f,0.9374f,0.0365f,0.8186f,0.9306f,0.3384f,0.1397f,3.9066f,0.1186f,0.0824f,-0.9895f,2.0417f,0f,0f,0f,1f],start_interpolation: 0,interpolation_duration: 1}
$data merge entity $(bone_upper_left_tooth1) {transformation: [-0.9986f,-0.0271f,-0.0465f,0.5047f,-0.037f,0.9726f,0.2297f,4.0621f,0.039f,0.231f,-0.9722f,3.0005f,0f,0f,0f,1f],start_interpolation: 0,interpolation_duration: 1}
$data merge entity $(bone_upper_right_tooth1) {transformation: [-0.9986f,-0.0271f,-0.0465f,-0.1681f,-0.037f,0.9726f,0.2297f,4.0371f,0.039f,0.231f,-0.9722f,3.0267f,0f,0f,0f,1f],start_interpolation: 0,interpolation_duration: 1}
$data merge entity $(bone_top_lip1) {transformation: [-0.9986f,-0.0441f,-0.0309f,0.193f,-0.037f,0.9792f,-0.1993f,4.1708f,0.039f,-0.1979f,-0.9794f,3.0411f,0f,0f,0f,1f],start_interpolation: 0,interpolation_duration: 1}
$data merge entity $(bone_muzzle1) {transformation: [-0.9986f,-0.0271f,-0.0465f,0.1623f,-0.037f,0.9726f,0.2297f,4.4636f,0.039f,0.231f,-0.9722f,2.5341f,0f,0f,0f,1f],start_interpolation: 0,interpolation_duration: 1}
$data merge entity $(bone_jaw_right_tooth1) {transformation: [-0.9986f,-0.0488f,-0.0226f,-0.1636f,-0.037f,0.9286f,-0.3693f,3.9352f,0.039f,-0.3679f,-0.929f,3.0451f,0f,0f,0f,1f],start_interpolation: 0,interpolation_duration: 1}
$data merge entity $(bone_jaw_left_tooth1) {transformation: [-0.9986f,-0.0488f,-0.0226f,0.5653f,-0.037f,0.9286f,-0.3693f,3.9622f,0.039f,-0.3679f,-0.929f,3.0167f,0f,0f,0f,1f],start_interpolation: 0,interpolation_duration: 1}
$data merge entity $(bone_tongue1) {transformation: [-0.9986f,-0.0376f,-0.0385f,0.1701f,-0.037f,0.9992f,-0.0141f,3.9226f,0.039f,-0.0126f,-0.9992f,2.2181f,0f,0f,0f,1f],start_interpolation: 0,interpolation_duration: 1}
$data merge entity $(bone_jaw_lips1) {transformation: [-0.9986f,-0.0376f,-0.0385f,0.2656f,-0.037f,0.9992f,-0.0141f,3.8083f,0.039f,-0.0126f,-0.9992f,3.1153f,0f,0f,0f,1f],start_interpolation: 0,interpolation_duration: 1}
$data merge entity $(bone_jaw3) {transformation: [-0.9986f,-0.0442f,-0.0307f,0.2417f,-0.037f,0.9786f,-0.2024f,3.544f,0.039f,-0.201f,-0.9788f,2.2528f,0f,0f,0f,1f],start_interpolation: 0,interpolation_duration: 1}
$data merge entity $(bone_jaw1) {transformation: [-0.9986f,-0.0095f,-0.0529f,0.1941f,-0.037f,0.8351f,0.5488f,4.0371f,0.039f,0.55f,-0.8342f,1.5033f,0f,0f,0f,1f],start_interpolation: 0,interpolation_duration: 1}
$data merge entity $(bone_tear_right1) {transformation: [-0.9986f,-0.0229f,-0.0487f,-0.4478f,-0.037f,0.9488f,0.3135f,4.5155f,0.039f,0.3149f,-0.9483f,2.5115f,0f,0f,0f,1f],start_interpolation: 0,interpolation_duration: 1}
$data merge entity $(bone_right_pupil1) {transformation: [-0.9986f,-0.0229f,-0.0487f,-0.262f,-0.037f,0.9488f,0.3135f,4.6078f,0.039f,0.3149f,-0.9483f,2.6036f,0f,0f,0f,1f],start_interpolation: 0,interpolation_duration: 1}
$data merge entity $(bone_right_sad_pupil1) {transformation: [-0.9986f,-0.0229f,-0.0487f,-0.2626f,-0.037f,0.9488f,0.3135f,4.6113f,0.039f,0.3149f,-0.9483f,2.5929f,0f,0f,0f,1f],start_interpolation: 0,interpolation_duration: 1}
$data merge entity $(bone_right_happy_pupil1) {transformation: [-0.9986f,-0.0229f,-0.0487f,-0.29f,-0.037f,0.9488f,0.3135f,4.5836f,0.039f,0.3149f,-0.9483f,2.5852f,0f,0f,0f,1f],start_interpolation: 0,interpolation_duration: 1}
$data merge entity $(bone_eyelid_right1) {transformation: [-0.9986f,-0.0229f,-0.0487f,0.1431f,-0.037f,0.9488f,0.3135f,4.7501f,0.039f,0.3149f,-0.9483f,2.0259f,0f,0f,0f,1f],start_interpolation: 0,interpolation_duration: 1}
$data merge entity $(bone_eyelid_expressions_right5) {transformation: [-0.9986f,-0.0229f,-0.0487f,-0.3941f,-0.037f,0.9488f,0.3135f,4.7131f,0.039f,0.3149f,-0.9483f,2.6333f,0f,0f,0f,1f],start_interpolation: 0,interpolation_duration: 1}
$data merge entity $(bone_eyelid_expressions_right7) {transformation: [-0.9986f,-0.0229f,-0.0487f,-0.0577f,-0.037f,0.9488f,0.3135f,4.7256f,0.039f,0.3149f,-0.9483f,2.6202f,0f,0f,0f,1f],start_interpolation: 0,interpolation_duration: 1}
$data merge entity $(bone_eyelid_expressions_right6) {transformation: [-0.9986f,-0.0229f,-0.0487f,-0.1698f,-0.037f,0.9488f,0.3135f,4.7214f,0.039f,0.3149f,-0.9483f,2.6245f,0f,0f,0f,1f],start_interpolation: 0,interpolation_duration: 1}
$data merge entity $(bone_right_eye1) {transformation: [-0.9986f,-0.0229f,-0.0487f,0.1324f,-0.037f,0.9488f,0.3135f,4.7462f,0.039f,0.3149f,-0.9483f,2.0369f,0f,0f,0f,1f],start_interpolation: 0,interpolation_duration: 1}
$data merge entity $(bone_tear_left1) {transformation: [-0.9986f,-0.0229f,-0.0487f,0.7633f,-0.037f,0.9488f,0.3135f,4.5604f,0.039f,0.3149f,-0.9483f,2.4642f,0f,0f,0f,1f],start_interpolation: 0,interpolation_duration: 1}
$data merge entity $(bone_left_sad_pupil1) {transformation: [-0.9986f,-0.0229f,-0.0487f,0.5785f,-0.037f,0.9488f,0.3135f,4.6425f,0.039f,0.3149f,-0.9483f,2.5601f,0f,0f,0f,1f],start_interpolation: 0,interpolation_duration: 1}
$data merge entity $(bone_left_pupil1) {transformation: [-0.9986f,-0.0229f,-0.0487f,0.579f,-0.037f,0.9488f,0.3135f,4.639f,0.039f,0.3149f,-0.9483f,2.5707f,0f,0f,0f,1f],start_interpolation: 0,interpolation_duration: 1}
$data merge entity $(bone_eyelid_left1) {transformation: [-0.9986f,-0.0229f,-0.0487f,0.1207f,-0.037f,0.9488f,0.3135f,4.7493f,0.039f,0.3149f,-0.9483f,2.0267f,0f,0f,0f,1f],start_interpolation: 0,interpolation_duration: 1}
$data merge entity $(bone_left_happy_pupil1) {transformation: [-0.9986f,-0.0229f,-0.0487f,0.6072f,-0.037f,0.9488f,0.3135f,4.6169f,0.039f,0.3149f,-0.9483f,2.5501f,0f,0f,0f,1f],start_interpolation: 0,interpolation_duration: 1}
$data merge entity $(bone_eyelid_expressions_left5) {transformation: [-0.9986f,-0.0229f,-0.0487f,0.7049f,-0.037f,0.9488f,0.3135f,4.7539f,0.039f,0.3149f,-0.9483f,2.5904f,0f,0f,0f,1f],start_interpolation: 0,interpolation_duration: 1}
$data merge entity $(bone_eyelid_expressions_left7) {transformation: [-0.9986f,-0.0229f,-0.0487f,0.3684f,-0.037f,0.9488f,0.3135f,4.7414f,0.039f,0.3149f,-0.9483f,2.6035f,0f,0f,0f,1f],start_interpolation: 0,interpolation_duration: 1}
$data merge entity $(bone_eyelid_expressions_left6) {transformation: [-0.9986f,-0.0229f,-0.0487f,0.4806f,-0.037f,0.9488f,0.3135f,4.7455f,0.039f,0.3149f,-0.9483f,2.5991f,0f,0f,0f,1f],start_interpolation: 0,interpolation_duration: 1}
$data merge entity $(bone_left_eye1) {transformation: [-0.9986f,-0.0229f,-0.0487f,0.1324f,-0.037f,0.9488f,0.3135f,4.7462f,0.039f,0.3149f,-0.9483f,2.0369f,0f,0f,0f,1f],start_interpolation: 0,interpolation_duration: 1}
$data merge entity $(bone_crest_middle5) {transformation: [-0.9986f,-0.0329f,-0.0426f,0.1239f,-0.037f,0.9942f,0.1007f,5.9115f,0.039f,0.1022f,-0.994f,2.9254f,0f,0f,0f,1f],start_interpolation: 0,interpolation_duration: 1}
$data merge entity $(bone_crest_middle4) {transformation: [-0.9986f,-0.0329f,-0.0426f,0.1461f,-0.037f,0.9942f,0.1007f,5.2416f,0.039f,0.1022f,-0.994f,2.8566f,0f,0f,0f,1f],start_interpolation: 0,interpolation_duration: 1}
$data merge entity $(bone_crest_middle1) {transformation: [-0.9986f,-0.0329f,-0.0426f,0.1663f,-0.037f,0.9942f,0.1007f,4.7307f,0.039f,0.1022f,-0.994f,2.8886f,0f,0f,0f,1f],start_interpolation: 0,interpolation_duration: 1}
$data merge entity $(bone_crest_left5) {transformation: [-0.5172f,-0.8535f,0.0633f,-0.9595f,-0.8202f,0.5154f,0.2484f,5.2311f,-0.2446f,0.0766f,-0.9666f,2.8603f,0f,0f,0f,1f],start_interpolation: 0,interpolation_duration: 1}
$data merge entity $(bone_crest_left4) {transformation: [-0.5172f,-0.8535f,0.0633f,-0.4802f,-0.8202f,0.5154f,0.2484f,4.9417f,-0.2446f,0.0766f,-0.9666f,2.8173f,0f,0f,0f,1f],start_interpolation: 0,interpolation_duration: 1}
$data merge entity $(bone_crest_left1) {transformation: [-0.5172f,-0.8535f,0.0633f,0.0505f,-0.8202f,0.5154f,0.2484f,4.6373f,-0.2446f,0.0766f,-0.9666f,2.7157f,0f,0f,0f,1f],start_interpolation: 0,interpolation_duration: 1}
$data merge entity $(bone_crest_center1) {transformation: [-0.9986f,-0.0229f,-0.0487f,0.1633f,-0.037f,0.9488f,0.3135f,4.6148f,0.039f,0.3149f,-0.9483f,2.7025f,0f,0f,0f,1f],start_interpolation: 0,interpolation_duration: 1}
$data merge entity $(bone_crest_right5) {transformation: [-0.5558f,0.8164f,-0.1566f,1.2463f,0.7803f,0.5774f,0.2402f,5.313f,0.2865f,0.0114f,-0.958f,2.7741f,0f,0f,0f,1f],start_interpolation: 0,interpolation_duration: 1}
$data merge entity $(bone_crest_right4) {transformation: [-0.5558f,0.8164f,-0.1566f,0.7879f,0.7803f,0.5774f,0.2402f,4.9888f,0.2865f,0.0114f,-0.958f,2.7677f,0f,0f,0f,1f],start_interpolation: 0,interpolation_duration: 1}
$data merge entity $(bone_crest_right1) {transformation: [-0.5558f,0.8164f,-0.1566f,0.2748f,0.7803f,0.5774f,0.2402f,4.6456f,0.2865f,0.0114f,-0.958f,2.7069f,0f,0f,0f,1f],start_interpolation: 0,interpolation_duration: 1}
$data merge entity $(bone_head1) {transformation: [-1.0467f,-0.024f,-0.051f,0.1037f,-0.0388f,0.9946f,0.3287f,4.8866f,0.0409f,0.3301f,-0.994f,1.4335f,0f,0f,0f,1f],start_interpolation: 0,interpolation_duration: 1}
$data merge entity $(bone_neck10) {transformation: [-1.4953f,-0.0348f,-0.0704f,0.064f,-0.0548f,1.424f,0.4599f,4.787f,0.0562f,0.4618f,-1.4233f,0.2809f,0f,0f,0f,1f],start_interpolation: 0,interpolation_duration: 1}
$data merge entity $(bone_neck9) {transformation: [-1.1439f,-0.0238f,-0.0551f,0.097f,-0.0419f,1.0695f,0.4081f,3.4039f,0.043f,0.4095f,-1.0689f,-0.1887f,0f,0f,0f,1f],start_interpolation: 0,interpolation_duration: 1}
$data merge entity $(bone_neck8) {transformation: [-1.0619f,-0.0402f,-0.0315f,0.1279f,-0.0332f,1.0417f,-0.2096f,2.6332f,0.0388f,-0.2084f,-1.0418f,-0.0004f,0f,0f,0f,1f],start_interpolation: 0,interpolation_duration: 1}
$data merge entity $(bone_neck7) {transformation: [-1.0554f,-0.0098f,-0.0209f,0.1372f,0f,0.9555f,-0.4488f,1.7781f,0.0231f,-0.4487f,-0.9553f,0.4257f,0f,0f,0f,1f],start_interpolation: 0,interpolation_duration: 1}
$data merge entity $(bone_neck6) {transformation: [-1.0494f,-0.0059f,-0.0221f,0.1423f,0f,1.0139f,-0.2717f,0.8799f,0.0229f,-0.2716f,-1.0137f,0.6571f,0f,0f,0f,1f],start_interpolation: 0,interpolation_duration: 1}
$data merge entity $(bone_neck_spine6) {transformation: [-1.2239f,0.2847f,0.2026f,-0.066f,0.207f,-0.0037f,1.2558f,0.4897f,0.2815f,1.2405f,-0.0428f,-2.0519f,0f,0f,0f,1f],start_interpolation: 0,interpolation_duration: 1}
$data merge entity $(bone_neck_spine7) {transformation: [-0.9819f,0.0669f,0.1774f,-0.6211f,0.1896f,0.3503f,0.9172f,0.5041f,-0.0007f,0.9342f,-0.3567f,-5.6585f,0f,0f,0f,1f],start_interpolation: 0,interpolation_duration: 1}
$data merge entity $(bone_tail6) {transformation: [-1.3167f,-0.2621f,1.0784f,-0.0381f,0.875f,0.784f,1.259f,-1.4378f,-0.6826f,1.5106f,-0.4663f,-9.0803f,0f,0f,0f,1f],start_interpolation: 0,interpolation_duration: 1}
$data merge entity $(bone_tail5) {transformation: [-1.0877f,-0.2166f,0.8908f,-0.1749f,0.7228f,0.6477f,1.04f,-1.0288f,-0.5639f,1.2479f,-0.3852f,-8.2922f,0f,0f,0f,1f],start_interpolation: 0,interpolation_duration: 1}
$data merge entity $(bone_tail4) {transformation: [-0.8015f,-0.1596f,0.6564f,-0.2432f,0.5326f,0.4772f,0.7663f,-0.8242f,-0.4155f,0.9195f,-0.2838f,-7.8981f,0f,0f,0f,1f],start_interpolation: 0,interpolation_duration: 1}
$data merge entity $(bone_segment18) {transformation: [-0.7646f,-0.1522f,0.6262f,-0.3287f,0.5081f,0.4553f,0.7311f,-0.5686f,-0.3964f,0.8772f,-0.2708f,-7.4055f,0f,0f,0f,1f],start_interpolation: 0,interpolation_duration: 1}
$data merge entity $(bone_segment17) {transformation: [-0.7646f,-0.1522f,0.6262f,-0.4398f,0.5081f,0.4553f,0.7311f,-0.2362f,-0.3964f,0.8772f,-0.2708f,-6.7652f,0f,0f,0f,1f],start_interpolation: 0,interpolation_duration: 1}
$data merge entity $(bone_segment16) {transformation: [-0.9312f,-0.2842f,0.2282f,-0.7111f,0.1447f,0.2863f,0.9472f,0.037f,-0.3345f,0.915f,-0.2254f,-5.8917f,0f,0f,0f,1f],start_interpolation: 0,interpolation_duration: 1}
$data merge entity $(bone_segment15) {transformation: [-0.9819f,0.0188f,0.1887f,-0.689f,0.1896f,0.101f,0.9767f,0.1561f,-0.0007f,0.9947f,-0.1027f,-4.7187f,0f,0f,0f,1f],start_interpolation: 0,interpolation_duration: 1}
$data merge entity $(bone_segment14) {transformation: [-1.0149f,0.1719f,0.1978f,-0.4955f,0.1773f,-0.1318f,1.0246f,0.0078f,0.193f,1.0255f,0.0986f,-3.565f,0f,0f,0f,1f],start_interpolation: 0,interpolation_duration: 1}
$data merge entity $(bone_segment13) {transformation: [-0.9863f,0.1976f,0.2006f,-0.2631f,0.1668f,-0.1787f,0.9962f,-0.2346f,0.2268f,0.9905f,0.1396f,-2.3758f,0f,0f,0f,1f],start_interpolation: 0,interpolation_duration: 1}
$data merge entity $(bone_segment12) {transformation: [-1.086f,0.1789f,0.1818f,-0.0469f,0.1825f,-0.0109f,1.1005f,-0.2478f,0.1782f,1.1011f,-0.0187f,-1.0457f,0f,0f,0f,1f],start_interpolation: 0,interpolation_duration: 1}
$data merge entity $(bone_segment11) {transformation: [-1.1795f,0.1261f,0.1001f,0.1039f,0.1432f,0.4833f,1.0784f,0.3102f,0.0736f,1.0806f,-0.4941f,0.2027f,0f,0f,0f,1f],start_interpolation: 0,interpolation_duration: 1}
$data merge entity $(bone_segment10) {transformation: [-1.0476f,0.0337f,0.0065f,0.144f,0.0324f,0.9088f,0.5212f,1.2404f,0.0111f,0.5211f,-0.9094f,0.7361f,0f,0f,0f,1f],start_interpolation: 0,interpolation_duration: 1}
data modify entity @s data merge value {"cameras":{},"locators":{"mouth":{"px":0.22658949821514257,"py":4.008186691005136,"pz":3.7463694757582533,"ry":184.16037112214613,"rx":71.59514642376651}}}
function animated_java:gyarados/animations/surfacewater_swim/zzz/frames/on_tick/transform_floating_entities