# This file was generated by Animated Java via MC-Build. It is not recommended to edit this file directly.
$data merge entity $(bone_neck_spine5) {transformation: [-1.5696f,-0.056f,0.0719f,0.192f,-0.0452f,1.5555f,0.2247f,4.3326f,-0.0792f,0.2223f,-1.5545f,-0.5888f,0f,0f,0f,1f],start_interpolation: 0,interpolation_duration: 1}
$data merge entity $(bone_neck_spine2) {transformation: [-1.4949f,-0.0576f,0.065f,-0.0515f,-0.043f,1.4649f,0.3073f,5.6481f,-0.0754f,0.3049f,-1.4641f,1.2582f,0f,0f,0f,1f],start_interpolation: 0,interpolation_duration: 1}
$data merge entity $(bone_scale_neck_left1) {transformation: [-1.607f,0.334f,0.1382f,0.7694f,0.3563f,1.3589f,0.86f,4.7955f,0.0604f,0.8689f,-1.398f,1.0811f,0f,0f,0f,1f],start_interpolation: 0,interpolation_duration: 1}
$data merge entity $(bone_scale_neck_right1) {transformation: [-1.5697f,-0.497f,-0.0461f,-0.8002f,-0.4478f,1.3349f,0.8547f,4.7503f,-0.2206f,0.827f,-1.4073f,1.0019f,0f,0f,0f,1f],start_interpolation: 0,interpolation_duration: 1}
$data merge entity $(bone_blush_right1) {transformation: [-0.9989f,-0.0441f,-0.0135f,-0.6721f,-0.0461f,0.9496f,0.3099f,4.1282f,-0.0008f,0.3102f,-0.9507f,2.351f,0f,0f,0f,1f],start_interpolation: 0,interpolation_duration: 1}
$data merge entity $(bone_blush_left1) {transformation: [-0.9989f,-0.0441f,-0.0135f,0.6517f,-0.0461f,0.9496f,0.3099f,4.1892f,-0.0008f,0.3102f,-0.9507f,2.352f,0f,0f,0f,1f],start_interpolation: 0,interpolation_duration: 1}
$data merge entity $(bone_left_head_scales) {transformation: [-0.8798f,-0.0441f,-0.4733f,0.6254f,-0.184f,0.9496f,0.2536f,5.0048f,0.4383f,0.3102f,-0.8436f,2.2048f,0f,0f,0f,1f],start_interpolation: 0,interpolation_duration: 1}
$data merge entity $(bone_left_head_scales2) {transformation: [-0.8105f,-0.0441f,-0.5841f,0.6673f,-0.2155f,0.9496f,0.2274f,4.0994f,0.5446f,0.3102f,-0.7792f,2.0862f,0f,0f,0f,1f],start_interpolation: 0,interpolation_duration: 1}
$data merge entity $(bone_left_head_scales1) {transformation: [-0.9989f,-0.0441f,-0.0135f,0.6303f,-0.0461f,0.9496f,0.3099f,4.8982f,-0.0008f,0.3102f,-0.9507f,2.17f,0f,0f,0f,1f],start_interpolation: 0,interpolation_duration: 1}
$data merge entity $(bone_right_head_scales) {transformation: [-0.8923f,-0.0441f,0.4492f,-0.7208f,0.1022f,0.9496f,0.2962f,4.9427f,-0.4397f,0.3102f,-0.8429f,2.2038f,0f,0f,0f,1f],start_interpolation: 0,interpolation_duration: 1}
$data merge entity $(bone_right_head_scales2) {transformation: [-0.8261f,-0.0441f,0.5619f,-0.679f,0.14f,0.9496f,0.2803f,4.0373f,-0.5459f,0.3102f,-0.7783f,2.0852f,0f,0f,0f,1f],start_interpolation: 0,interpolation_duration: 1}
$data merge entity $(bone_right_head_scales1) {transformation: [-0.9989f,-0.0441f,-0.0135f,-0.7159f,-0.0461f,0.9496f,0.3099f,4.8361f,-0.0008f,0.3102f,-0.9507f,2.1689f,0f,0f,0f,1f],start_interpolation: 0,interpolation_duration: 1}
$data merge entity $(bone_head_left_fin1) {transformation: [-0.7286f,-0.0266f,-0.753f,0.6478f,-0.0011f,1.0476f,-0.0359f,4.5243f,0.7535f,-0.0242f,-0.7282f,1.9593f,0f,0f,0f,1f],start_interpolation: 0,interpolation_duration: 1}
$data merge entity $(bone_head_right_fin1) {transformation: [-0.7244f,-0.07f,0.7543f,-0.6985f,-0.066f,1.0456f,0.0336f,4.4622f,-0.7547f,-0.0243f,-0.727f,1.9582f,0f,0f,0f,1f],start_interpolation: 0,interpolation_duration: 1}
$data merge entity $(bone_right_whisker16) {transformation: [0.2587f,0.9463f,-0.1938f,-1.1704f,0.9623f,-0.2699f,-0.0333f,1.741f,-0.0838f,-0.1779f,-0.9805f,1.8708f,0f,0f,0f,1f],start_interpolation: 0,interpolation_duration: 1}
$data merge entity $(bone_right_whisker15) {transformation: [-0.9044f,0.38f,-0.1938f,-0.8657f,0.3932f,0.9188f,-0.0333f,1.6085f,0.1654f,-0.1063f,-0.9805f,1.8151f,0f,0f,0f,1f],start_interpolation: 0,interpolation_duration: 1}
$data merge entity $(bone_right_whisker14) {transformation: [-0.7266f,-0.6591f,-0.1938f,-0.6208f,-0.6666f,0.7447f,-0.0333f,1.8331f,0.1663f,0.105f,-0.9805f,1.7591f,0f,0f,0f,1f],start_interpolation: 0,interpolation_duration: 1}
$data merge entity $(bone_right_whisker13) {transformation: [-0.0652f,-0.9973f,0.0337f,-0.5989f,-0.9832f,0.07f,0.1687f,2.1643f,-0.1706f,-0.0221f,-0.9851f,1.8166f,0f,0f,0f,1f],start_interpolation: 0,interpolation_duration: 1}
$data merge entity $(bone_right_whisker12) {transformation: [0.1177f,-0.9919f,0.047f,-0.6517f,-0.9215f,-0.0914f,0.3775f,2.5783f,-0.3701f,-0.0877f,-0.9248f,1.9828f,0f,0f,0f,1f],start_interpolation: 0,interpolation_duration: 1}
$data merge entity $(bone_right_whisker11) {transformation: [0.3105f,-0.9472f,0.0802f,-0.7912f,-0.949f,-0.3041f,0.0829f,3.0046f,-0.0542f,-0.1018f,-0.9933f,2.0072f,0f,0f,0f,1f],start_interpolation: 0,interpolation_duration: 1}
$data merge entity $(bone_right_whisker10) {transformation: [0.0635f,-0.9791f,0.1933f,-0.8197f,-0.9828f,-0.095f,-0.1583f,3.4461f,0.1734f,-0.1799f,-0.9683f,1.9293f,0f,0f,0f,1f],start_interpolation: 0,interpolation_duration: 1}
$data merge entity $(bone_right_whisker1) {transformation: [-0.3158f,-0.935f,0.1614f,-0.6779f,-0.9374f,0.3338f,0.0996f,3.8672f,-0.147f,-0.1199f,-0.9819f,1.9953f,0f,0f,0f,1f],start_interpolation: 0,interpolation_duration: 1}
$data merge entity $(bone_left_whisker16) {transformation: [0.2566f,-0.8808f,0.3979f,1.2174f,-0.9564f,-0.2907f,-0.0266f,1.7681f,0.1391f,-0.3738f,-0.917f,2.1268f,0f,0f,0f,1f],start_interpolation: 0,interpolation_duration: 1}
$data merge entity $(bone_left_whisker15) {transformation: [-0.8398f,-0.3694f,0.3979f,0.9345f,-0.413f,0.9103f,-0.0266f,1.629f,-0.3524f,-0.1867f,-0.917f,2.0081f,0f,0f,0f,1f],start_interpolation: 0,interpolation_duration: 1}
$data merge entity $(bone_left_whisker14) {transformation: [-0.6897f,0.605f,0.3979f,0.7021f,0.6505f,0.7591f,-0.0266f,1.8481f,-0.3181f,0.2405f,-0.917f,1.9009f,0f,0f,0f,1f],start_interpolation: 0,interpolation_duration: 1}
$data merge entity $(bone_left_whisker13) {transformation: [-0.1219f,0.9775f,0.1721f,0.661f,0.9811f,0.0924f,0.1703f,2.1786f,0.1505f,0.1896f,-0.9703f,1.9516f,0f,0f,0f,1f],start_interpolation: 0,interpolation_duration: 1}
$data merge entity $(bone_left_whisker12) {transformation: [0.0158f,0.9898f,0.1416f,0.6681f,0.923f,-0.0689f,0.3786f,2.5933f,0.3845f,0.1247f,-0.9147f,2.1243f,0f,0f,0f,1f],start_interpolation: 0,interpolation_duration: 1}
$data merge entity $(bone_left_whisker11) {transformation: [0.2705f,0.9539f,0.1303f,0.7896f,0.9556f,-0.2824f,0.0835f,3.0226f,0.1164f,0.1019f,-0.988f,2.1766f,0f,0f,0f,1f],start_interpolation: 0,interpolation_duration: 1}
$data merge entity $(bone_left_whisker10) {transformation: [0.0767f,0.9969f,0.0199f,0.8241f,0.9844f,-0.0725f,-0.1603f,3.4648f,-0.1583f,0.0319f,-0.9869f,2.1055f,0f,0f,0f,1f],start_interpolation: 0,interpolation_duration: 1}
$data merge entity $(bone_left_whisker1) {transformation: [-0.3607f,0.9314f,0.0481f,0.662f,0.9297f,0.355f,0.0983f,3.8824f,0.0744f,0.0802f,-0.994f,2.1389f,0f,0f,0f,1f],start_interpolation: 0,interpolation_duration: 1}
$data merge entity $(bone_upper_left_tooth1) {transformation: [-0.9989f,-0.0451f,-0.0097f,0.3043f,-0.0461f,0.973f,0.226f,4.0297f,-0.0008f,0.2262f,-0.9741f,3.0973f,0f,0f,0f,1f],start_interpolation: 0,interpolation_duration: 1}
$data merge entity $(bone_upper_right_tooth1) {transformation: [-0.9989f,-0.0451f,-0.0097f,-0.3688f,-0.0461f,0.973f,0.226f,3.9986f,-0.0008f,0.2262f,-0.9741f,3.0968f,0f,0f,0f,1f],start_interpolation: 0,interpolation_duration: 1}
$data merge entity $(bone_top_lip1) {transformation: [-0.9989f,-0.0449f,0.0105f,-0.0098f,-0.0461f,0.9762f,-0.2119f,4.1356f,-0.0008f,-0.2122f,-0.9772f,3.125f,0f,0f,0f,1f],start_interpolation: 0,interpolation_duration: 1}
$data merge entity $(bone_muzzle1) {transformation: [-0.9989f,-0.0451f,-0.0097f,-0.0228f,-0.0461f,0.973f,0.226f,4.4265f,-0.0008f,0.2262f,-0.9741f,2.6162f,0f,0f,0f,1f],start_interpolation: 0,interpolation_duration: 1}
$data merge entity $(bone_jaw_right_tooth1) {transformation: [-0.9989f,-0.0423f,0.0182f,-0.3646f,-0.0461f,0.9242f,-0.3791f,3.9075f,-0.0008f,-0.3795f,-0.9252f,3.1163f,0f,0f,0f,1f],start_interpolation: 0,interpolation_duration: 1}
$data merge entity $(bone_jaw_left_tooth1) {transformation: [-0.9989f,-0.0423f,0.0182f,0.3646f,-0.0461f,0.9242f,-0.3791f,3.9412f,-0.0008f,-0.3795f,-0.9252f,3.1168f,0f,0f,0f,1f],start_interpolation: 0,interpolation_duration: 1}
$data merge entity $(bone_tongue1) {transformation: [-0.9989f,-0.046f,0.0025f,0.0027f,-0.0461f,0.9983f,-0.0365f,3.879f,-0.0008f,-0.0366f,-0.9993f,2.3023f,0f,0f,0f,1f],start_interpolation: 0,interpolation_duration: 1}
$data merge entity $(bone_jaw_lips1) {transformation: [-0.9989f,-0.046f,0.0025f,0.0625f,-0.0461f,0.9983f,-0.0365f,3.7855f,-0.0008f,-0.0366f,-0.9993f,3.205f,0f,0f,0f,1f],start_interpolation: 0,interpolation_duration: 1}
$data merge entity $(bone_jaw3) {transformation: [-0.9989f,-0.0449f,0.0106f,0.0758f,-0.0461f,0.976f,-0.2128f,3.512f,-0.0008f,-0.2131f,-0.977f,2.3451f,0f,0f,0f,1f],start_interpolation: 0,interpolation_duration: 1}
$data merge entity $(bone_jaw1) {transformation: [-0.9989f,-0.0392f,-0.0242f,0.0541f,-0.0461f,0.8406f,0.5396f,3.9969f,-0.0008f,0.5402f,-0.8415f,1.589f,0f,0f,0f,1f],start_interpolation: 0,interpolation_duration: 1}
$data merge entity $(bone_tear_right1) {transformation: [-0.9989f,-0.0441f,-0.0135f,-0.632f,-0.0461f,0.9496f,0.3099f,4.4727f,-0.0008f,0.3102f,-0.9507f,2.5691f,0f,0f,0f,1f],start_interpolation: 0,interpolation_duration: 1}
$data merge entity $(bone_right_pupil1) {transformation: [-0.9989f,-0.0441f,-0.0135f,-0.4509f,-0.0461f,0.9496f,0.3099f,4.567f,-0.0008f,0.3102f,-0.9507f,2.6681f,0f,0f,0f,1f],start_interpolation: 0,interpolation_duration: 1}
$data merge entity $(bone_right_sad_pupil1) {transformation: [-0.9989f,-0.0441f,-0.0135f,-0.4511f,-0.0461f,0.9496f,0.3099f,4.5705f,-0.0008f,0.3102f,-0.9507f,2.6574f,0f,0f,0f,1f],start_interpolation: 0,interpolation_duration: 1}
$data merge entity $(bone_right_happy_pupil1) {transformation: [-0.9989f,-0.0441f,-0.0135f,-0.4779f,-0.0461f,0.9496f,0.3099f,4.5425f,-0.0008f,0.3102f,-0.9507f,2.6487f,0f,0f,0f,1f],start_interpolation: 0,interpolation_duration: 1}
$data merge entity $(bone_eyelid_right1) {transformation: [-0.9989f,-0.0441f,-0.0135f,-0.0243f,-0.0461f,0.9496f,0.3099f,4.7111f,-0.0008f,0.3102f,-0.9507f,2.1065f,0f,0f,0f,1f],start_interpolation: 0,interpolation_duration: 1}
$data merge entity $(bone_eyelid_expressions_right5) {transformation: [-0.9989f,-0.0441f,-0.0135f,-0.585f,-0.0461f,0.9496f,0.3099f,4.6712f,-0.0008f,0.3102f,-0.9507f,2.6922f,0f,0f,0f,1f],start_interpolation: 0,interpolation_duration: 1}
$data merge entity $(bone_eyelid_expressions_right7) {transformation: [-0.9989f,-0.0441f,-0.0135f,-0.2485f,-0.0461f,0.9496f,0.3099f,4.6867f,-0.0008f,0.3102f,-0.9507f,2.6924f,0f,0f,0f,1f],start_interpolation: 0,interpolation_duration: 1}
$data merge entity $(bone_eyelid_expressions_right6) {transformation: [-0.9989f,-0.0441f,-0.0135f,-0.3606f,-0.0461f,0.9496f,0.3099f,4.6815f,-0.0008f,0.3102f,-0.9507f,2.6923f,0f,0f,0f,1f],start_interpolation: 0,interpolation_duration: 1}
$data merge entity $(bone_right_eye1) {transformation: [-0.9989f,-0.0441f,-0.0135f,-0.0353f,-0.0461f,0.9496f,0.3099f,4.7071f,-0.0008f,0.3102f,-0.9507f,2.1172f,0f,0f,0f,1f],start_interpolation: 0,interpolation_duration: 1}
$data merge entity $(bone_tear_left1) {transformation: [-0.9989f,-0.0441f,-0.0135f,0.5796f,-0.0461f,0.9496f,0.3099f,4.5286f,-0.0008f,0.3102f,-0.9507f,2.57f,0f,0f,0f,1f],start_interpolation: 0,interpolation_duration: 1}
$data merge entity $(bone_left_sad_pupil1) {transformation: [-0.9989f,-0.0441f,-0.0135f,0.3903f,-0.0461f,0.9496f,0.3099f,4.6093f,-0.0008f,0.3102f,-0.9507f,2.6581f,0f,0f,0f,1f],start_interpolation: 0,interpolation_duration: 1}
$data merge entity $(bone_left_pupil1) {transformation: [-0.9989f,-0.0441f,-0.0135f,0.3905f,-0.0461f,0.9496f,0.3099f,4.6058f,-0.0008f,0.3102f,-0.9507f,2.6688f,0f,0f,0f,1f],start_interpolation: 0,interpolation_duration: 1}
$data merge entity $(bone_eyelid_left1) {transformation: [-0.9989f,-0.0441f,-0.0135f,-0.0467f,-0.0461f,0.9496f,0.3099f,4.7101f,-0.0008f,0.3102f,-0.9507f,2.1065f,0f,0f,0f,1f],start_interpolation: 0,interpolation_duration: 1}
$data merge entity $(bone_left_happy_pupil1) {transformation: [-0.9989f,-0.0441f,-0.0135f,0.4196f,-0.0461f,0.9496f,0.3099f,4.5839f,-0.0008f,0.3102f,-0.9507f,2.6494f,0f,0f,0f,1f],start_interpolation: 0,interpolation_duration: 1}
$data merge entity $(bone_eyelid_expressions_left5) {transformation: [-0.9989f,-0.0441f,-0.0135f,0.5144f,-0.0461f,0.9496f,0.3099f,4.7219f,-0.0008f,0.3102f,-0.9507f,2.693f,0f,0f,0f,1f],start_interpolation: 0,interpolation_duration: 1}
$data merge entity $(bone_eyelid_expressions_left7) {transformation: [-0.9989f,-0.0441f,-0.0135f,0.1778f,-0.0461f,0.9496f,0.3099f,4.7064f,-0.0008f,0.3102f,-0.9507f,2.6928f,0f,0f,0f,1f],start_interpolation: 0,interpolation_duration: 1}
$data merge entity $(bone_eyelid_expressions_left6) {transformation: [-0.9989f,-0.0441f,-0.0135f,0.29f,-0.0461f,0.9496f,0.3099f,4.7116f,-0.0008f,0.3102f,-0.9507f,2.6929f,0f,0f,0f,1f],start_interpolation: 0,interpolation_duration: 1}
$data merge entity $(bone_left_eye1) {transformation: [-0.9989f,-0.0441f,-0.0135f,-0.0353f,-0.0461f,0.9496f,0.3099f,4.7071f,-0.0008f,0.3102f,-0.9507f,2.1172f,0f,0f,0f,1f],start_interpolation: 0,interpolation_duration: 1}
$data merge entity $(bone_crest_middle5) {transformation: [-0.9989f,-0.0459f,-0.0037f,-0.0899f,-0.0461f,0.9942f,0.097f,5.8753f,-0.0008f,0.0971f,-0.9953f,3.0003f,0f,0f,0f,1f],start_interpolation: 0,interpolation_duration: 1}
$data merge entity $(bone_crest_middle4) {transformation: [-0.9989f,-0.0459f,-0.0037f,-0.059f,-0.0461f,0.9942f,0.097f,5.2054f,-0.0008f,0.0971f,-0.9953f,2.9349f,0f,0f,0f,1f],start_interpolation: 0,interpolation_duration: 1}
$data merge entity $(bone_crest_middle1) {transformation: [-0.9989f,-0.0459f,-0.0037f,-0.0354f,-0.0461f,0.9942f,0.097f,4.6947f,-0.0008f,0.0971f,-0.9953f,2.9696f,0f,0f,0f,1f],start_interpolation: 0,interpolation_duration: 1}
$data merge entity $(bone_crest_left5) {transformation: [-0.4996f,-0.8605f,0.0996f,-1.1637f,-0.8257f,0.5078f,0.2458f,5.1848f,-0.2621f,0.0405f,-0.9642f,2.8944f,0f,0f,0f,1f],start_interpolation: 0,interpolation_duration: 1}
$data merge entity $(bone_crest_left4) {transformation: [-0.4996f,-0.8605f,0.0996f,-0.6805f,-0.8257f,0.5078f,0.2458f,4.8996f,-0.2621f,0.0405f,-0.9642f,2.8717f,0f,0f,0f,1f],start_interpolation: 0,interpolation_duration: 1}
$data merge entity $(bone_crest_left1) {transformation: [-0.4996f,-0.8605f,0.0996f,-0.1433f,-0.8257f,0.5078f,0.2458f,4.5998f,-0.2621f,0.0405f,-0.9642f,2.7925f,0f,0f,0f,1f],start_interpolation: 0,interpolation_duration: 1}
$data merge entity $(bone_crest_center1) {transformation: [-0.9989f,-0.0441f,-0.0135f,-0.0299f,-0.0461f,0.9496f,0.3099f,4.5783f,-0.0008f,0.3102f,-0.9507f,2.7839f,0f,0f,0f,1f],start_interpolation: 0,interpolation_duration: 1}
$data merge entity $(bone_crest_right5) {transformation: [-0.5739f,0.8101f,-0.1203f,1.043f,0.7762f,0.5849f,0.2356f,5.2866f,0.2612f,0.0418f,-0.9644f,2.8962f,0f,0f,0f,1f],start_interpolation: 0,interpolation_duration: 1}
$data merge entity $(bone_crest_right4) {transformation: [-0.5739f,0.8101f,-0.1203f,0.5881f,0.7762f,0.5849f,0.2356f,4.9581f,0.2612f,0.0418f,-0.9644f,2.8727f,0f,0f,0f,1f],start_interpolation: 0,interpolation_duration: 1}
$data merge entity $(bone_crest_right1) {transformation: [-0.5739f,0.8101f,-0.1203f,0.081f,0.7762f,0.5849f,0.2356f,4.6101f,0.2612f,0.0418f,-0.9644f,2.7927f,0f,0f,0f,1f],start_interpolation: 0,interpolation_duration: 1}
$data merge entity $(bone_head1) {transformation: [-1.0471f,-0.0462f,-0.0142f,-0.0412f,-0.0483f,0.9954f,0.3249f,4.8452f,-0.0008f,0.3252f,-0.9965f,1.5126f,0f,0f,0f,1f],start_interpolation: 0,interpolation_duration: 1}
$data merge entity $(bone_neck10) {transformation: [-1.4949f,-0.0655f,0.0569f,0.019f,-0.043f,1.4122f,0.4959f,4.7749f,-0.0754f,0.4934f,-1.4117f,0.3587f,0f,0f,0f,1f],start_interpolation: 0,interpolation_duration: 1}
$data merge entity $(bone_neck9) {transformation: [-1.1436f,-0.053f,0.0401f,0.0845f,-0.0329f,1.0523f,0.4515f,3.4116f,-0.0577f,0.4496f,-1.052f,-0.1627f,0f,0f,0f,1f],start_interpolation: 0,interpolation_duration: 1}
$data merge entity $(bone_neck8) {transformation: [-1.0614f,-0.0203f,0.058f,0.0978f,-0.0301f,1.0466f,-0.1841f,2.6365f,-0.0536f,-0.1855f,-1.0455f,0.0086f,0f,0f,0f,1f],start_interpolation: 0,interpolation_duration: 1}
$data merge entity $(bone_neck7) {transformation: [-1.0535f,0.0278f,0.0608f,0.0714f,0f,0.9604f,-0.4383f,1.7768f,-0.0669f,-0.4375f,-0.9584f,0.4246f,0f,0f,0f,1f],start_interpolation: 0,interpolation_duration: 1}
$data merge entity $(bone_neck6) {transformation: [-1.0476f,0.0172f,0.0642f,0.0568f,0f,1.0139f,-0.2717f,0.8786f,-0.0665f,-0.2711f,-1.0119f,0.6556f,0f,0f,0f,1f],start_interpolation: 0,interpolation_duration: 1}
$data merge entity $(bone_neck_spine6) {transformation: [-1.2199f,0.3193f,0.1729f,0.0977f,0.1623f,-0.0625f,1.2608f,0.5564f,0.3248f,1.2305f,0.0192f,-2.0598f,0f,0f,0f,1f],start_interpolation: 0,interpolation_duration: 1}
$data merge entity $(bone_neck_spine7) {transformation: [-0.9329f,0.3601f,-0.0036f,-1.0331f,0.1052f,0.282f,0.9536f,0.7861f,0.3444f,0.8893f,-0.301f,-5.5423f,0f,0f,0f,1f],start_interpolation: 0,interpolation_duration: 1}
$data merge entity $(bone_tail6) {transformation: [-1.6202f,0.3936f,0.4304f,-1.9359f,0.559f,0.6858f,1.4773f,-0.9126f,0.1663f,1.5297f,-0.773f,-9.0432f,0f,0f,0f,1f],start_interpolation: 0,interpolation_duration: 1}
$data merge entity $(bone_tail5) {transformation: [-1.3384f,0.3251f,0.3555f,-1.7306f,0.4618f,0.5665f,1.2204f,-0.5548f,0.1373f,1.2637f,-0.6386f,-8.2451f,0f,0f,0f,1f],start_interpolation: 0,interpolation_duration: 1}
$data merge entity $(bone_tail4) {transformation: [-0.9862f,0.2396f,0.262f,-1.6279f,0.3403f,0.4174f,0.8992f,-0.3759f,0.1012f,0.9311f,-0.4705f,-7.8461f,0f,0f,0f,1f],start_interpolation: 0,interpolation_duration: 1}
$data merge entity $(bone_segment18) {transformation: [-0.9409f,0.2286f,0.2499f,-1.4996f,0.3246f,0.3983f,0.8579f,-0.1523f,0.0966f,0.8883f,-0.4489f,-7.3472f,0f,0f,0f,1f],start_interpolation: 0,interpolation_duration: 1}
$data merge entity $(bone_segment17) {transformation: [-0.9409f,0.2286f,0.2499f,-1.3327f,0.3246f,0.3983f,0.8579f,0.1385f,0.0966f,0.8883f,-0.4489f,-6.6988f,0f,0f,0f,1f],start_interpolation: 0,interpolation_duration: 1}
$data merge entity $(bone_segment16) {transformation: [-0.9835f,0.1691f,0.0637f,-1.1713f,0.0981f,0.2031f,0.9742f,0.3324f,0.1517f,0.9644f,-0.2164f,-5.7781f,0f,0f,0f,1f],start_interpolation: 0,interpolation_duration: 1}
$data merge entity $(bone_segment15) {transformation: [-0.9329f,0.3487f,0.0898f,-0.7601f,0.1052f,0.0256f,0.9941f,0.3626f,0.3444f,0.9369f,-0.0606f,-4.6733f,0f,0f,0f,1f],start_interpolation: 0,interpolation_duration: 1}
$data merge entity $(bone_segment14) {transformation: [-0.9725f,0.3529f,0.1684f,-0.3631f,0.1073f,-0.1932f,1.0246f,0.1452f,0.376f,0.9679f,0.1432f,-3.5845f,0f,0f,0f,1f],start_interpolation: 0,interpolation_duration: 1}
$data merge entity $(bone_segment13) {transformation: [-0.9831f,0.2292f,0.1819f,-0.092f,0.1308f,-0.2261f,0.9919f,-0.1543f,0.2618f,0.9739f,0.1874f,-2.4167f,0f,0f,0f,1f],start_interpolation: 0,interpolation_duration: 1}
$data merge entity $(bone_segment12) {transformation: [-1.0982f,0.1185f,0.156f,0.0512f,0.1513f,-0.051f,1.1041f,-0.2158f,0.1244f,1.1081f,0.0341f,-1.0781f,0f,0f,0f,1f],start_interpolation: 0,interpolation_duration: 1}
$data merge entity $(bone_segment11) {transformation: [-1.1862f,0.0196f,0.0987f,0.0798f,0.0987f,0.4591f,1.0939f,0.3143f,-0.0201f,1.0982f,-0.4591f,0.1911f,0f,0f,0f,1f],start_interpolation: 0,interpolation_duration: 1}
$data merge entity $(bone_segment10) {transformation: [-1.046f,-0.0318f,0.0594f,0.0518f,0.0027f,0.9034f,0.5315f,1.2391f,-0.0674f,0.5305f,-0.9015f,0.7345f,0f,0f,0f,1f],start_interpolation: 0,interpolation_duration: 1}
data modify entity @s data merge value {"cameras":{},"locators":{"mouth":{"px":-0.0029540035375856706,"py":3.975721670419686,"pz":3.831731155459474,"ry":188.08253892956105,"rx":71.73941972519451}}}
function animated_java:gyarados/animations/surfacewater_swim/zzz/frames/on_tick/transform_floating_entities