# This file was generated by Animated Java via MC-Build. It is not recommended to edit this file directly.
$data merge entity $(bone_neck_spine5) {transformation: [-1.5576f,-0.0385f,0.2108f,0.17f,0.0027f,1.543f,0.302f,4.3544f,-0.2143f,0.2996f,-1.5285f,-0.494f,0f,0f,0f,1f],start_interpolation: 0,interpolation_duration: 1}
$data merge entity $(bone_neck_spine2) {transformation: [-1.4834f,-0.0425f,0.1996f,-0.1969f,0.0026f,1.4605f,0.3303f,5.6116f,-0.2041f,0.3276f,-1.4468f,1.3648f,0f,0f,0f,1f],start_interpolation: 0,interpolation_duration: 1}
$data merge entity $(bone_scale_neck_left1) {transformation: [-1.5956f,0.2958f,0.2823f,0.612f,0.4027f,1.3333f,0.8794f,4.7382f,-0.0706f,0.9208f,-1.3639f,1.242f,0f,0f,0f,1f],start_interpolation: 0,interpolation_duration: 1}
$data merge entity $(bone_scale_neck_right1) {transformation: [-1.5567f,-0.5289f,0.0994f,-0.9456f,-0.3973f,1.3347f,0.8797f,4.7409f,-0.363f,0.8074f,-1.389f,1.0277f,0f,0f,0f,1f],start_interpolation: 0,interpolation_duration: 1}
$data merge entity $(bone_blush_right1) {transformation: [-0.9981f,-0.0431f,0.0441f,-0.9201f,-0.0284f,0.9563f,0.2912f,4.1155f,-0.0548f,0.2893f,-0.9557f,2.4192f,0f,0f,0f,1f],start_interpolation: 0,interpolation_duration: 1}
$data merge entity $(bone_blush_left1) {transformation: [-0.9981f,-0.0431f,0.0441f,0.4026f,-0.0284f,0.9563f,0.2912f,4.1532f,-0.0548f,0.2893f,-0.9557f,2.4918f,0f,0f,0f,1f],start_interpolation: 0,interpolation_duration: 1}
$data merge entity $(bone_left_head_scales) {transformation: [-0.9057f,-0.0431f,-0.4217f,0.3996f,-0.1597f,0.9563f,0.2451f,4.9661f,0.3927f,0.2893f,-0.873f,2.328f,0f,0f,0f,1f],start_interpolation: 0,interpolation_duration: 1}
$data merge entity $(bone_left_head_scales2) {transformation: [-0.8429f,-0.0431f,-0.5363f,0.4309f,-0.1903f,0.9563f,0.2222f,4.0579f,0.5033f,0.2893f,-0.8142f,2.229f,0f,0f,0f,1f],start_interpolation: 0,interpolation_duration: 1}
$data merge entity $(bone_left_head_scales1) {transformation: [-0.9981f,-0.0431f,0.0441f,0.4045f,-0.0284f,0.9563f,0.2912f,4.8587f,-0.0548f,0.2893f,-0.9557f,2.2955f,0f,0f,0f,1f],start_interpolation: 0,interpolation_duration: 1}
$data merge entity $(bone_right_head_scales) {transformation: [-0.8649f,-0.0431f,0.5f,-0.9455f,0.1092f,0.9563f,0.2714f,4.9277f,-0.4899f,0.2893f,-0.8224f,2.2542f,0f,0f,0f,1f],start_interpolation: 0,interpolation_duration: 1}
$data merge entity $(bone_right_head_scales2) {transformation: [-0.7923f,-0.0431f,0.6086f,-0.9141f,0.1437f,0.9563f,0.2548f,4.0195f,-0.593f,0.2893f,-0.7514f,2.1552f,0f,0f,0f,1f],start_interpolation: 0,interpolation_duration: 1}
$data merge entity $(bone_right_head_scales1) {transformation: [-0.9981f,-0.0431f,0.0441f,-0.9406f,-0.0284f,0.9563f,0.2912f,4.8203f,-0.0548f,0.2893f,-0.9557f,2.2217f,0f,0f,0f,1f],start_interpolation: 0,interpolation_duration: 1}
$data merge entity $(bone_head_left_fin1) {transformation: [-0.7685f,-0.0056f,-0.7127f,0.4264f,0.0268f,1.0472f,-0.0371f,4.4805f,0.7123f,-0.0454f,-0.7677f,2.0932f,0f,0f,0f,1f],start_interpolation: 0,interpolation_duration: 1}
$data merge entity $(bone_head_right_fin1) {transformation: [-0.6833f,-0.0489f,0.7933f,-0.9187f,-0.0682f,1.0459f,0.0058f,4.4421f,-0.7919f,-0.0478f,-0.685f,2.0193f,0f,0f,0f,1f],start_interpolation: 0,interpolation_duration: 1}
$data merge entity $(bone_right_whisker16) {transformation: [0.2406f,0.9394f,-0.2443f,-1.3768f,0.9558f,-0.2731f,-0.1089f,1.6948f,-0.169f,-0.2073f,-0.9636f,2.209f,0f,0f,0f,1f],start_interpolation: 0,interpolation_duration: 1}
$data merge entity $(bone_right_whisker15) {transformation: [-0.8999f,0.3611f,-0.2443f,-1.0736f,0.3955f,0.912f,-0.1089f,1.5616f,0.1835f,-0.1946f,-0.9636f,2.1471f,0f,0f,0f,1f],start_interpolation: 0,interpolation_duration: 1}
$data merge entity $(bone_right_whisker14) {transformation: [-0.7076f,-0.663f,-0.2443f,-0.8352f,-0.6594f,0.7439f,-0.1089f,1.7837f,0.2539f,0.084f,-0.9636f,2.0616f,0f,0f,0f,1f],start_interpolation: 0,interpolation_duration: 1}
$data merge entity $(bone_right_whisker13) {transformation: [-0.0604f,-0.998f,-0.0202f,-0.8149f,-0.9938f,0.0582f,0.0944f,2.1186f,-0.093f,0.0258f,-0.9953f,2.0929f,0f,0f,0f,1f],start_interpolation: 0,interpolation_duration: 1}
$data merge entity $(bone_right_whisker12) {transformation: [0.111f,-0.9938f,-0.0067f,-0.8647f,-0.9455f,-0.1076f,0.3073f,2.5433f,-0.3061f,-0.0278f,-0.9516f,2.2304f,0f,0f,0f,1f],start_interpolation: 0,interpolation_duration: 1}
$data merge entity $(bone_right_whisker11) {transformation: [0.3204f,-0.9469f,0.027f,-1.0086f,-0.9473f,-0.3202f,0.0087f,2.9688f,0.0004f,-0.0284f,-0.9996f,2.2303f,0f,0f,0f,1f],start_interpolation: 0,interpolation_duration: 1}
$data merge entity $(bone_right_whisker10) {transformation: [0.0861f,-0.9857f,0.1446f,-1.0473f,-0.9663f,-0.1179f,-0.2288f,3.4029f,0.2426f,-0.12f,-0.9627f,2.1213f,0f,0f,0f,1f],start_interpolation: 0,interpolation_duration: 1}
$data merge entity $(bone_right_whisker1) {transformation: [-0.31f,-0.9445f,0.1085f,-0.9081f,-0.9489f,0.3145f,0.027f,3.8292f,-0.0596f,-0.0946f,-0.9937f,2.1481f,0f,0f,0f,1f],start_interpolation: 0,interpolation_duration: 1}
$data merge entity $(bone_left_whisker16) {transformation: [0.2768f,-0.895f,0.3498f,1.0204f,-0.9407f,-0.3267f,-0.0915f,1.7649f,0.1962f,-0.3037f,-0.9324f,2.3349f,0f,0f,0f,1f],start_interpolation: 0,interpolation_duration: 1}
$data merge entity $(bone_left_whisker15) {transformation: [-0.8512f,-0.3913f,0.3498f,0.7336f,-0.4467f,0.89f,-0.0915f,1.6144f,-0.2755f,-0.2342f,-0.9324f,2.2421f,0f,0f,0f,1f],start_interpolation: 0,interpolation_duration: 1}
$data merge entity $(bone_left_whisker14) {transformation: [-0.7143f,0.6061f,0.3498f,0.493f,0.6178f,0.781f,-0.0915f,1.8225f,-0.3286f,0.1507f,-0.9324f,2.1314f,0f,0f,0f,1f],start_interpolation: 0,interpolation_duration: 1}
$data merge entity $(bone_left_whisker13) {transformation: [-0.1275f,0.9847f,0.1188f,0.45f,0.9883f,0.1161f,0.0985f,2.1555f,0.0832f,0.1299f,-0.988f,2.1594f,0f,0f,0f,1f],start_interpolation: 0,interpolation_duration: 1}
$data merge entity $(bone_left_whisker12) {transformation: [0.0231f,0.9958f,0.0884f,0.4604f,0.9494f,-0.0495f,0.3101f,2.582f,0.3131f,0.0767f,-0.9466f,2.3f,0f,0f,0f,1f],start_interpolation: 0,interpolation_duration: 1}
$data merge entity $(bone_left_whisker11) {transformation: [0.263f,0.9617f,0.0773f,0.5785f,0.9643f,-0.2645f,0.0102f,3.0152f,0.0303f,0.0719f,-0.997f,2.3136f,0f,0f,0f,1f],start_interpolation: 0,interpolation_duration: 1}
$data merge entity $(bone_left_whisker10) {transformation: [0.0546f,0.9981f,-0.0294f,0.603f,0.9704f,-0.06f,-0.2339f,3.4511f,-0.2352f,-0.0158f,-0.9718f,2.208f,0f,0f,0f,1f],start_interpolation: 0,interpolation_duration: 1}
$data merge entity $(bone_left_whisker1) {transformation: [-0.3692f,0.9293f,-0.0052f,0.4372f,0.929f,0.3692f,0.0237f,3.8685f,0.0239f,0.0039f,-0.9997f,2.2187f,0f,0f,0f,1f],start_interpolation: 0,interpolation_duration: 1}
$data merge entity $(bone_upper_left_tooth1) {transformation: [-0.9981f,-0.0391f,0.0477f,0.0121f,-0.0284f,0.978f,0.2067f,4.0147f,-0.0548f,0.2049f,-0.9772f,3.2198f,0f,0f,0f,1f],start_interpolation: 0,interpolation_duration: 1}
$data merge entity $(bone_upper_right_tooth1) {transformation: [-0.9981f,-0.0391f,0.0477f,-0.6604f,-0.0284f,0.978f,0.2067f,3.9955f,-0.0548f,0.2049f,-0.9772f,3.1829f,0f,0f,0f,1f],start_interpolation: 0,interpolation_duration: 1}
$data merge entity $(bone_top_lip1) {transformation: [-0.9981f,-0.0137f,0.0602f,-0.301f,-0.0284f,0.9675f,-0.2514f,4.1267f,-0.0548f,-0.2526f,-0.966f,3.2282f,0f,0f,0f,1f],start_interpolation: 0,interpolation_duration: 1}
$data merge entity $(bone_muzzle1) {transformation: [-0.9981f,-0.0391f,0.0477f,-0.2807f,-0.0284f,0.978f,0.2067f,4.4075f,-0.0548f,0.2049f,-0.9772f,2.714f,0f,0f,0f,1f],start_interpolation: 0,interpolation_duration: 1}
$data merge entity $(bone_jaw_right_tooth1) {transformation: [-0.9981f,-0.0042f,0.0616f,-0.6591f,-0.0284f,0.9166f,-0.3988f,3.9067f,-0.0548f,-0.3998f,-0.915f,3.2043f,0f,0f,0f,1f],start_interpolation: 0,interpolation_duration: 1}
$data merge entity $(bone_jaw_left_tooth1) {transformation: [-0.9981f,-0.0042f,0.0616f,0.0695f,-0.0284f,0.9166f,-0.3988f,3.9275f,-0.0548f,-0.3998f,-0.915f,3.2443f,0f,0f,0f,1f],start_interpolation: 0,interpolation_duration: 1}
$data merge entity $(bone_tongue1) {transformation: [-0.9981f,-0.0251f,0.0564f,-0.2484f,-0.0284f,0.9978f,-0.0598f,3.8525f,-0.0548f,-0.0613f,-0.9966f,2.4124f,0f,0f,0f,1f],start_interpolation: 0,interpolation_duration: 1}
$data merge entity $(bone_jaw_lips1) {transformation: [-0.9981f,-0.0251f,0.0564f,-0.2398f,-0.0284f,0.9978f,-0.0598f,3.779f,-0.0548f,-0.0613f,-0.9966f,3.3188f,0f,0f,0f,1f],start_interpolation: 0,interpolation_duration: 1}
$data merge entity $(bone_jaw3) {transformation: [-0.9981f,-0.0148f,0.0599f,-0.1847f,-0.0284f,0.9719f,-0.2336f,3.4873f,-0.0548f,-0.2349f,-0.9705f,2.4667f,0f,0f,0f,1f],start_interpolation: 0,interpolation_duration: 1}
$data merge entity $(bone_jaw1) {transformation: [-0.9981f,-0.0528f,0.0319f,-0.156f,-0.0284f,0.8524f,0.5221f,3.9563f,-0.0548f,0.5201f,-0.8523f,1.7009f,0f,0f,0f,1f],start_interpolation: 0,interpolation_duration: 1}
$data merge entity $(bone_tear_right1) {transformation: [-0.9981f,-0.0431f,0.0441f,-0.8855f,-0.0284f,0.9563f,0.2912f,4.4636f,-0.0548f,0.2893f,-0.9557f,2.6326f,0f,0f,0f,1f],start_interpolation: 0,interpolation_duration: 1}
$data merge entity $(bone_right_pupil1) {transformation: [-0.9981f,-0.0431f,0.0441f,-0.7083f,-0.0284f,0.9563f,0.2912f,4.5566f,-0.0548f,0.2893f,-0.9557f,2.7397f,0f,0f,0f,1f],start_interpolation: 0,interpolation_duration: 1}
$data merge entity $(bone_right_sad_pupil1) {transformation: [-0.9981f,-0.0431f,0.0441f,-0.7079f,-0.0284f,0.9563f,0.2912f,4.5599f,-0.0548f,0.2893f,-0.9557f,2.7289f,0f,0f,0f,1f],start_interpolation: 0,interpolation_duration: 1}
$data merge entity $(bone_right_happy_pupil1) {transformation: [-0.9981f,-0.0431f,0.0441f,-0.7347f,-0.0284f,0.9563f,0.2912f,4.5323f,-0.0548f,0.2893f,-0.9557f,2.7193f,0f,0f,0f,1f],start_interpolation: 0,interpolation_duration: 1}
$data merge entity $(bone_eyelid_right1) {transformation: [-0.9981f,-0.0431f,0.0441f,-0.2491f,-0.0284f,0.9563f,0.2912f,4.682f,-0.0548f,0.2893f,-0.9557f,2.1997f,0f,0f,0f,1f],start_interpolation: 0,interpolation_duration: 1}
$data merge entity $(bone_eyelid_expressions_right5) {transformation: [-0.9981f,-0.0431f,0.0441f,-0.8416f,-0.0284f,0.9563f,0.2912f,4.6636f,-0.0548f,0.2893f,-0.9557f,2.7543f,0f,0f,0f,1f],start_interpolation: 0,interpolation_duration: 1}
$data merge entity $(bone_eyelid_expressions_right7) {transformation: [-0.9981f,-0.0431f,0.0441f,-0.5053f,-0.0284f,0.9563f,0.2912f,4.6732f,-0.0548f,0.2893f,-0.9557f,2.7728f,0f,0f,0f,1f],start_interpolation: 0,interpolation_duration: 1}
$data merge entity $(bone_eyelid_expressions_right6) {transformation: [-0.9981f,-0.0431f,0.0441f,-0.6174f,-0.0284f,0.9563f,0.2912f,4.67f,-0.0548f,0.2893f,-0.9557f,2.7667f,0f,0f,0f,1f],start_interpolation: 0,interpolation_duration: 1}
$data merge entity $(bone_right_eye1) {transformation: [-0.9981f,-0.0431f,0.0441f,-0.2608f,-0.0284f,0.9563f,0.2912f,4.6784f,-0.0548f,0.2893f,-0.9557f,2.2099f,0f,0f,0f,1f],start_interpolation: 0,interpolation_duration: 1}
$data merge entity $(bone_tear_left1) {transformation: [-0.9981f,-0.0431f,0.0441f,0.3251f,-0.0284f,0.9563f,0.2912f,4.4981f,-0.0548f,0.2893f,-0.9557f,2.699f,0f,0f,0f,1f],start_interpolation: 0,interpolation_duration: 1}
$data merge entity $(bone_left_sad_pupil1) {transformation: [-0.9981f,-0.0431f,0.0441f,0.1328f,-0.0284f,0.9563f,0.2912f,4.5839f,-0.0548f,0.2893f,-0.9557f,2.7751f,0f,0f,0f,1f],start_interpolation: 0,interpolation_duration: 1}
$data merge entity $(bone_left_pupil1) {transformation: [-0.9981f,-0.0431f,0.0441f,0.1323f,-0.0284f,0.9563f,0.2912f,4.5806f,-0.0548f,0.2893f,-0.9557f,2.7858f,0f,0f,0f,1f],start_interpolation: 0,interpolation_duration: 1}
$data merge entity $(bone_eyelid_left1) {transformation: [-0.9981f,-0.0431f,0.0441f,-0.2715f,-0.0284f,0.9563f,0.2912f,4.6814f,-0.0548f,0.2893f,-0.9557f,2.1985f,0f,0f,0f,1f],start_interpolation: 0,interpolation_duration: 1}
$data merge entity $(bone_left_happy_pupil1) {transformation: [-0.9981f,-0.0431f,0.0441f,0.1621f,-0.0284f,0.9563f,0.2912f,4.5578f,-0.0548f,0.2893f,-0.9557f,2.7685f,0f,0f,0f,1f],start_interpolation: 0,interpolation_duration: 1}
$data merge entity $(bone_eyelid_expressions_left5) {transformation: [-0.9981f,-0.0431f,0.0441f,0.2569f,-0.0284f,0.9563f,0.2912f,4.6949f,-0.0548f,0.2893f,-0.9557f,2.8146f,0f,0f,0f,1f],start_interpolation: 0,interpolation_duration: 1}
$data merge entity $(bone_eyelid_expressions_left7) {transformation: [-0.9981f,-0.0431f,0.0441f,-0.0794f,-0.0284f,0.9563f,0.2912f,4.6853f,-0.0548f,0.2893f,-0.9557f,2.7962f,0f,0f,0f,1f],start_interpolation: 0,interpolation_duration: 1}
$data merge entity $(bone_eyelid_expressions_left6) {transformation: [-0.9981f,-0.0431f,0.0441f,0.0327f,-0.0284f,0.9563f,0.2912f,4.6885f,-0.0548f,0.2893f,-0.9557f,2.8023f,0f,0f,0f,1f],start_interpolation: 0,interpolation_duration: 1}
$data merge entity $(bone_left_eye1) {transformation: [-0.9981f,-0.0431f,0.0441f,-0.2608f,-0.0284f,0.9563f,0.2912f,4.6784f,-0.0548f,0.2893f,-0.9557f,2.2099f,0f,0f,0f,1f],start_interpolation: 0,interpolation_duration: 1}
$data merge entity $(bone_crest_middle5) {transformation: [-0.9981f,-0.0326f,0.0524f,-0.3416f,-0.0284f,0.9966f,0.0773f,5.8647f,-0.0548f,0.0756f,-0.9956f,3.0664f,0f,0f,0f,1f],start_interpolation: 0,interpolation_duration: 1}
$data merge entity $(bone_crest_middle4) {transformation: [-0.9981f,-0.0326f,0.0524f,-0.3197f,-0.0284f,0.9966f,0.0773f,5.1931f,-0.0548f,0.0756f,-0.9956f,3.0154f,0f,0f,0f,1f],start_interpolation: 0,interpolation_duration: 1}
$data merge entity $(bone_crest_middle1) {transformation: [-0.9981f,-0.0326f,0.0524f,-0.3076f,-0.0284f,0.9966f,0.0773f,4.683f,-0.0548f,0.0756f,-0.9956f,3.0611f,0f,0f,0f,1f],start_interpolation: 0,interpolation_duration: 1}
$data merge entity $(bone_crest_left5) {transformation: [-0.4999f,-0.8518f,0.1567f,-1.4207f,-0.8218f,0.5236f,0.2247f,5.1912f,-0.2735f,-0.0164f,-0.9617f,2.9148f,0f,0f,0f,1f],start_interpolation: 0,interpolation_duration: 1}
$data merge entity $(bone_crest_left4) {transformation: [-0.4999f,-0.8518f,0.1567f,-0.9424f,-0.8218f,0.5236f,0.2247f,4.8972f,-0.2735f,-0.0164f,-0.9617f,2.924f,0f,0f,0f,1f],start_interpolation: 0,interpolation_duration: 1}
$data merge entity $(bone_crest_left1) {transformation: [-0.4999f,-0.8518f,0.1567f,-0.4075f,-0.8218f,0.5236f,0.2247f,4.5864f,-0.2735f,-0.0164f,-0.9617f,2.8801f,0f,0f,0f,1f],start_interpolation: 0,interpolation_duration: 1}
$data merge entity $(bone_crest_center1) {transformation: [-0.9981f,-0.0431f,0.0441f,-0.2942f,-0.0284f,0.9563f,0.2912f,4.5628f,-0.0548f,0.2893f,-0.9557f,2.8782f,0f,0f,0f,1f],start_interpolation: 0,interpolation_duration: 1}
$data merge entity $(bone_crest_right5) {transformation: [-0.5727f,0.8174f,-0.0631f,0.7841f,0.7912f,0.5712f,0.2185f,5.2541f,0.2146f,0.0752f,-0.9738f,3.0358f,0f,0f,0f,1f],start_interpolation: 0,interpolation_duration: 1}
$data merge entity $(bone_crest_right4) {transformation: [-0.5727f,0.8174f,-0.0631f,0.3251f,0.7912f,0.5712f,0.2185f,4.9333f,0.2146f,0.0752f,-0.9738f,2.9936f,0f,0f,0f,1f],start_interpolation: 0,interpolation_duration: 1}
$data merge entity $(bone_crest_right1) {transformation: [-0.5727f,0.8174f,-0.0631f,-0.1833f,0.7912f,0.5712f,0.2185f,4.5928f,0.2146f,0.0752f,-0.9738f,2.8924f,0f,0f,0f,1f],start_interpolation: 0,interpolation_duration: 1}
$data merge entity $(bone_head1) {transformation: [-1.0462f,-0.0452f,0.0463f,-0.2311f,-0.0298f,1.0023f,0.3052f,4.8045f,-0.0574f,0.3033f,-1.0017f,1.6033f,0f,0f,0f,1f],start_interpolation: 0,interpolation_duration: 1}
$data merge entity $(bone_neck10) {transformation: [-1.4834f,-0.0682f,0.1923f,-0.0736f,0.0026f,1.4049f,0.5181f,4.7522f,-0.2041f,0.5136f,-1.3917f,0.4577f,0f,0f,0f,1f],start_interpolation: 0,interpolation_duration: 1}
$data merge entity $(bone_neck9) {transformation: [-1.1348f,-0.0669f,0.1411f,0.0047f,0.002f,1.0289f,0.5035f,3.4162f,-0.1561f,0.499f,-1.0192f,-0.1284f,0f,0f,0f,1f],start_interpolation: 0,interpolation_duration: 1}
$data merge entity $(bone_neck8) {transformation: [-1.0534f,0.0157f,0.1431f,-0.0115f,-0.0053f,1.0518f,-0.1548f,2.6363f,-0.1438f,-0.1541f,-1.042f,0.0194f,0f,0f,0f,1f],start_interpolation: 0,interpolation_duration: 1}
$data merge entity $(bone_neck7) {transformation: [-1.0456f,0.0583f,0.1329f,-0.0671f,0f,0.9666f,-0.4243f,1.7706f,-0.1451f,-0.4203f,-0.9574f,0.4199f,0f,0f,0f,1f],start_interpolation: 0,interpolation_duration: 1}
$data merge entity $(bone_neck6) {transformation: [-1.0397f,0.0373f,0.1394f,-0.0989f,0f,1.0139f,-0.2717f,0.8724f,-0.1443f,-0.2691f,-1.0043f,0.6491f,0f,0f,0f,1f],start_interpolation: 0,interpolation_duration: 1}
$data merge entity $(bone_neck_spine6) {transformation: [-1.2622f,0.164f,0.0039f,0.2395f,-0.011f,-0.1142f,1.2676f,0.6584f,0.1636f,1.257f,0.1147f,-2.0205f,0f,0f,0f,1f],start_interpolation: 0,interpolation_duration: 1}
$data merge entity $(bone_neck_spine7) {transformation: [-0.8257f,0.5021f,-0.2573f,-0.9381f,-0.115f,0.2967f,0.948f,0.9549f,0.5523f,0.8123f,-0.1872f,-5.4241f,0f,0f,0f,1f],start_interpolation: 0,interpolation_duration: 1}
$data merge entity $(bone_tail6) {transformation: [-1.2057f,0.9144f,-0.8218f,-3.0346f,-0.4436f,0.7499f,1.4853f,-0.8796f,1.1466f,1.2517f,-0.2895f,-8.3017f,0f,0f,0f,1f],start_interpolation: 0,interpolation_duration: 1}
$data merge entity $(bone_tail5) {transformation: [-0.996f,0.7554f,-0.6789f,-2.5575f,-0.3665f,0.6195f,1.227f,-0.4883f,0.9472f,1.034f,-0.2392f,-7.6486f,0f,0f,0f,1f],start_interpolation: 0,interpolation_duration: 1}
$data merge entity $(bone_tail4) {transformation: [-0.7339f,0.5566f,-0.5002f,-2.319f,-0.27f,0.4565f,0.9041f,-0.2927f,0.6979f,0.7619f,-0.1762f,-7.3221f,0f,0f,0f,1f],start_interpolation: 0,interpolation_duration: 1}
$data merge entity $(bone_segment18) {transformation: [-0.7002f,0.531f,-0.4772f,-2.0208f,-0.2576f,0.4355f,0.8625f,-0.0481f,0.6659f,0.7269f,-0.1681f,-6.914f,0f,0f,0f,1f],start_interpolation: 0,interpolation_duration: 1}
$data merge entity $(bone_segment17) {transformation: [-0.7002f,0.531f,-0.4772f,-1.6332f,-0.2576f,0.4355f,0.8625f,0.2698f,0.6659f,0.7269f,-0.1681f,-6.3833f,0f,0f,0f,1f],start_interpolation: 0,interpolation_duration: 1}
$data merge entity $(bone_segment16) {transformation: [-0.7463f,0.6217f,-0.2377f,-1.0397f,-0.1087f,0.2385f,0.965f,0.4974f,0.6567f,0.746f,-0.1104f,-5.6712f,0f,0f,0f,1f],start_interpolation: 0,interpolation_duration: 1}
$data merge entity $(bone_segment15) {transformation: [-0.8257f,0.5516f,-0.1186f,-0.3893f,-0.115f,0.0412f,0.9925f,0.546f,0.5523f,0.8331f,0.0294f,-4.6888f,0f,0f,0f,1f],start_interpolation: 0,interpolation_duration: 1}
$data merge entity $(bone_segment14) {transformation: [-0.9777f,0.3779f,0.0071f,0.0359f,-0.0742f,-0.2114f,1.0239f,0.3082f,0.3706f,0.9546f,0.224f,-3.6149f,0f,0f,0f,1f],start_interpolation: 0,interpolation_duration: 1}
$data merge entity $(bone_segment13) {transformation: [-1.0172f,0.1296f,0.026f,0.1912f,-0.0088f,-0.268f,0.99f,-0.0417f,0.1319f,0.9816f,0.2669f,-2.44f,0f,0f,0f,1f],start_interpolation: 0,interpolation_duration: 1}
$data merge entity $(bone_segment12) {transformation: [-1.1149f,-0.0377f,0.0041f,0.1457f,0.0076f,-0.1057f,1.1105f,-0.1695f,-0.0371f,1.1099f,0.1059f,-1.0992f,0f,0f,0f,1f],start_interpolation: 0,interpolation_duration: 1}
$data merge entity $(bone_segment11) {transformation: [-1.1822f,-0.1384f,0.0216f,-0.0082f,-0.0288f,0.4204f,1.1134f,0.3165f,-0.1371f,1.1051f,-0.4208f,0.1786f,0f,0f,0f,1f],start_interpolation: 0,interpolation_duration: 1}
$data merge entity $(bone_segment10) {transformation: [-1.0394f,-0.1013f,0.0901f,-0.1098f,-0.0401f,0.8951f,0.5439f,1.2329f,-0.1295f,0.5359f,-0.8915f,0.7274f,0f,0f,0f,1f],start_interpolation: 0,interpolation_duration: 1}
data modify entity @s data merge value {"cameras":{},"locators":{"mouth":{"px":-0.33569170077236554,"py":3.9807795370313315,"pz":3.9370984304070764,"ry":188.4789436758101,"rx":72.99003319148933}}}
function animated_java:gyarados/animations/surfacewater_swim/zzz/frames/on_tick/transform_floating_entities