# This file was generated by Animated Java via MC-Build. It is not recommended to edit this file directly.
$data merge entity $(bone_neck_spine5) {transformation: [-1.5667f,0.0283f,0.1297f,0.0797f,0.0564f,1.5327f,0.3461f,4.3528f,-0.1202f,0.3496f,-1.5282f,-0.4517f,0f,0f,0f,1f],start_interpolation: 0,interpolation_duration: 1}
$data merge entity $(bone_neck_spine2) {transformation: [-1.4921f,0.0301f,0.1228f,-0.1313f,0.0537f,1.4674f,0.2934f,5.6074f,-0.1144f,0.2967f,-1.4632f,1.4183f,0f,0f,0f,1f],start_interpolation: 0,interpolation_duration: 1}
$data merge entity $(bone_scale_neck_left1) {transformation: [-1.5814f,0.3991f,0.2301f,0.6367f,0.4603f,1.3396f,0.8405f,4.7021f,0.0165f,0.8713f,-1.3977f,1.2667f,0f,0f,0f,1f],start_interpolation: 0,interpolation_duration: 1}
$data merge entity $(bone_scale_neck_right1) {transformation: [-1.5893f,-0.4304f,0.0462f,-0.93f,-0.3462f,1.3695f,0.8471f,4.7585f,-0.2597f,0.8077f,-1.4118f,1.1466f,0f,0f,0f,1f],start_interpolation: 0,interpolation_duration: 1}
$data merge entity $(bone_blush_right1) {transformation: [-0.9982f,0.0141f,0.0575f,-0.905f,0.0276f,0.97f,0.2416f,4.1999f,-0.0523f,0.2428f,-0.9687f,2.5255f,0f,0f,0f,1f],start_interpolation: 0,interpolation_duration: 1}
$data merge entity $(bone_blush_left1) {transformation: [-0.9982f,0.0141f,0.0575f,0.4179f,0.0276f,0.97f,0.2416f,4.1633f,-0.0523f,0.2428f,-0.9687f,2.5949f,0f,0f,0f,1f],start_interpolation: 0,interpolation_duration: 1}
$data merge entity $(bone_left_head_scales) {transformation: [-0.912f,0.0141f,-0.4099f,0.462f,-0.0871f,0.97f,0.2271f,4.9661f,0.4008f,0.2428f,-0.8834f,2.3919f,0f,0f,0f,1f],start_interpolation: 0,interpolation_duration: 1}
$data merge entity $(bone_left_head_scales2) {transformation: [-0.8507f,0.0141f,-0.5255f,0.4396f,-0.116f,0.97f,0.2138f,4.0539f,0.5127f,0.2428f,-0.8235f,2.337f,0f,0f,0f,1f],start_interpolation: 0,interpolation_duration: 1}
$data merge entity $(bone_left_head_scales1) {transformation: [-0.9982f,0.0141f,0.0575f,0.4604f,0.0276f,0.97f,0.2416f,4.8571f,-0.0523f,0.2428f,-0.9687f,2.3647f,0f,0f,0f,1f],start_interpolation: 0,interpolation_duration: 1}
$data merge entity $(bone_right_head_scales) {transformation: [-0.8589f,0.0141f,0.5119f,-0.8833f,0.1361f,0.97f,0.2016f,5.0033f,-0.4937f,0.2428f,-0.835f,2.3214f,0f,0f,0f,1f],start_interpolation: 0,interpolation_duration: 1}
$data merge entity $(bone_right_head_scales2) {transformation: [-0.7847f,0.0141f,0.6197f,-0.9057f,0.1612f,0.97f,0.1821f,4.0911f,-0.5985f,0.2428f,-0.7635f,2.2664f,0f,0f,0f,1f],start_interpolation: 0,interpolation_duration: 1}
$data merge entity $(bone_right_head_scales1) {transformation: [-0.9982f,0.0141f,0.0575f,-0.8849f,0.0276f,0.97f,0.2416f,4.8944f,-0.0523f,0.2428f,-0.9687f,2.2941f,0f,0f,0f,1f],start_interpolation: 0,interpolation_duration: 1}
$data merge entity $(bone_head_left_fin1) {transformation: [-0.7629f,0.0556f,-0.7166f,0.4593f,0.1062f,1.0423f,-0.0322f,4.469f,0.7109f,-0.096f,-0.7643f,2.1808f,0f,0f,0f,1f],start_interpolation: 0,interpolation_duration: 1}
$data merge entity $(bone_head_right_fin1) {transformation: [-0.6891f,0.0123f,0.7897f,-0.886f,-0.066f,1.0435f,-0.0738f,4.5062f,-0.787f,-0.0983f,-0.6853f,2.1103f,0f,0f,0f,1f],start_interpolation: 0,interpolation_duration: 1}
$data merge entity $(bone_right_whisker16) {transformation: [0.2335f,0.9f,-0.368f,-1.3904f,0.9299f,-0.3173f,-0.186f,1.776f,-0.2841f,-0.2988f,-0.911f,2.6707f,0f,0f,0f,1f],start_interpolation: 0,interpolation_duration: 1}
$data merge entity $(bone_right_whisker15) {transformation: [-0.8618f,0.349f,-0.368f,-1.1f,0.436f,0.8805f,-0.186f,1.6292f,0.2591f,-0.3207f,-0.911f,2.5834f,0f,0f,0f,1f],start_interpolation: 0,interpolation_duration: 1}
$data merge entity $(bone_right_whisker14) {transformation: [-0.6805f,-0.6336f,-0.368f,-0.8707f,-0.6138f,0.7673f,-0.186f,1.8359f,0.4002f,0.0993f,-0.911f,2.4486f,0f,0f,0f,1f],start_interpolation: 0,interpolation_duration: 1}
$data merge entity $(bone_right_whisker13) {transformation: [-0.0892f,-0.9852f,-0.1463f,-0.8407f,-0.996f,0.0891f,0.0072f,2.1715f,0.0059f,0.1464f,-0.9892f,2.4466f,0f,0f,0f,1f],start_interpolation: 0,interpolation_duration: 1}
$data merge entity $(bone_right_whisker12) {transformation: [0.0542f,-0.9909f,-0.1236f,-0.865f,-0.9715f,-0.0809f,0.2226f,2.608f,-0.2306f,0.108f,-0.967f,2.5502f,0f,0f,0f,1f],start_interpolation: 0,interpolation_duration: 1}
$data merge entity $(bone_right_whisker11) {transformation: [0.3012f,-0.9481f,-0.1016f,-1.0003f,-0.9525f,-0.294f,-0.0798f,3.0358f,0.0458f,0.1208f,-0.9916f,2.5296f,0f,0f,0f,1f],start_interpolation: 0,interpolation_duration: 1}
$data merge entity $(bone_right_whisker10) {transformation: [0.0997f,-0.9949f,0.0156f,-1.0451f,-0.9434f,-0.0995f,-0.3165f,3.4596f,0.3165f,0.0168f,-0.9485f,2.3874f,0f,0f,0f,1f],start_interpolation: 0,interpolation_duration: 1}
$data merge entity $(bone_right_whisker1) {transformation: [-0.3316f,-0.9432f,-0.0197f,-0.8961f,-0.9411f,0.3322f,-0.0635f,3.8823f,0.0664f,-0.0025f,-0.9978f,2.3576f,0f,0f,0f,1f],start_interpolation: 0,interpolation_duration: 1}
$data merge entity $(bone_left_whisker16) {transformation: [0.2833f,-0.9322f,0.2254f,1.004f,-0.9274f,-0.3261f,-0.1831f,1.7875f,0.2442f,-0.1571f,-0.9569f,2.4856f,0f,0f,0f,1f],start_interpolation: 0,interpolation_duration: 1}
$data merge entity $(bone_left_whisker15) {transformation: [-0.8872f,-0.4025f,0.2254f,0.7051f,-0.4444f,0.8769f,-0.1831f,1.6378f,-0.1239f,-0.2626f,-0.9569f,2.4439f,0f,0f,0f,1f],start_interpolation: 0,interpolation_duration: 1}
$data merge entity $(bone_left_whisker14) {transformation: [-0.7398f,0.634f,0.2254f,0.4559f,0.607f,0.7733f,-0.1831f,1.8423f,-0.2904f,0.0013f,-0.9569f,2.346f,0f,0f,0f,1f],start_interpolation: 0,interpolation_duration: 1}
$data merge entity $(bone_left_whisker13) {transformation: [-0.0985f,0.9951f,-0.0075f,0.4227f,0.9951f,0.0986f,0.0079f,2.1776f,0.0086f,-0.0067f,-0.9999f,2.3489f,0f,0f,0f,1f],start_interpolation: 0,interpolation_duration: 1}
$data merge entity $(bone_left_whisker12) {transformation: [0.0797f,0.9964f,-0.0287f,0.4585f,0.9722f,-0.0713f,0.2231f,2.6143f,0.2202f,-0.0456f,-0.9744f,2.4479f,0f,0f,0f,1f],start_interpolation: 0,interpolation_duration: 1}
$data merge entity $(bone_left_whisker11) {transformation: [0.2815f,0.9582f,-0.0513f,0.5849f,0.9553f,-0.2848f,-0.0796f,3.0434f,-0.0909f,-0.0266f,-0.9955f,2.407f,0f,0f,0f,1f],start_interpolation: 0,interpolation_duration: 1}
$data merge entity $(bone_left_whisker10) {transformation: [0.0408f,0.9866f,-0.1582f,0.6033f,0.944f,-0.09f,-0.3174f,3.4675f,-0.3273f,-0.1364f,-0.935f,2.26f,0f,0f,0f,1f],start_interpolation: 0,interpolation_duration: 1}
$data merge entity $(bone_left_whisker1) {transformation: [-0.3468f,0.9284f,-0.1333f,0.4475f,0.9378f,0.3411f,-0.064f,3.8888f,-0.014f,-0.1472f,-0.989f,2.2537f,0f,0f,0f,1f],start_interpolation: 0,interpolation_duration: 1}
$data merge entity $(bone_upper_left_tooth1) {transformation: [-0.9982f,0.0191f,0.056f,0.0228f,0.0276f,0.9873f,0.1562f,4.0832f,-0.0523f,0.1575f,-0.9861f,3.3291f,0f,0f,0f,1f],start_interpolation: 0,interpolation_duration: 1}
$data merge entity $(bone_upper_right_tooth1) {transformation: [-0.9982f,0.0191f,0.056f,-0.6499f,0.0276f,0.9873f,0.1562f,4.1018f,-0.0523f,0.1575f,-0.9861f,3.2938f,0f,0f,0f,1f],start_interpolation: 0,interpolation_duration: 1}
$data merge entity $(bone_top_lip1) {transformation: [-0.9982f,0.0434f,0.0403f,-0.2832f,0.0276f,0.9431f,-0.3314f,4.2137f,-0.0523f,-0.3297f,-0.9426f,3.3324f,0f,0f,0f,1f],start_interpolation: 0,interpolation_duration: 1}
$data merge entity $(bone_muzzle1) {transformation: [-0.9982f,0.0191f,0.056f,-0.2485f,0.0276f,0.9873f,0.1562f,4.4677f,-0.0523f,0.1575f,-0.9861f,2.8051f,0f,0f,0f,1f],start_interpolation: 0,interpolation_duration: 1}
$data merge entity $(bone_jaw_right_tooth1) {transformation: [-0.9982f,0.0475f,0.0353f,-0.6543f,0.0276f,0.9017f,-0.4316f,3.9907f,-0.0523f,-0.4298f,-0.9014f,3.3199f,0f,0f,0f,1f],start_interpolation: 0,interpolation_duration: 1}
$data merge entity $(bone_jaw_left_tooth1) {transformation: [-0.9982f,0.0475f,0.0353f,0.0744f,0.0276f,0.9017f,-0.4316f,3.9705f,-0.0523f,-0.4298f,-0.9014f,3.3581f,0f,0f,0f,1f],start_interpolation: 0,interpolation_duration: 1}
$data merge entity $(bone_tongue1) {transformation: [-0.9982f,0.0312f,0.0503f,-0.2496f,0.0276f,0.9972f,-0.07f,3.9101f,-0.0523f,-0.0685f,-0.9963f,2.531f,0f,0f,0f,1f],start_interpolation: 0,interpolation_duration: 1}
$data merge entity $(bone_jaw_lips1) {transformation: [-0.9982f,0.0312f,0.0503f,-0.2427f,0.0276f,0.9972f,-0.07f,3.8427f,-0.0523f,-0.0685f,-0.9963f,3.4379f,0f,0f,0f,1f],start_interpolation: 0,interpolation_duration: 1}
$data merge entity $(bone_jaw3) {transformation: [-0.9982f,0.0406f,0.043f,-0.2075f,0.0276f,0.9629f,-0.2684f,3.5204f,-0.0523f,-0.2668f,-0.9623f,2.5958f,0f,0f,0f,1f],start_interpolation: 0,interpolation_duration: 1}
$data merge entity $(bone_jaw1) {transformation: [-0.9982f,-0.0017f,0.0592f,-0.1543f,0.0276f,0.8707f,0.4911f,3.9616f,-0.0523f,0.4918f,-0.8691f,1.815f,0f,0f,0f,1f],start_interpolation: 0,interpolation_duration: 1}
$data merge entity $(bone_tear_right1) {transformation: [-0.9982f,0.0141f,0.0575f,-0.8492f,0.0276f,0.97f,0.2416f,4.5552f,-0.0523f,0.2428f,-0.9687f,2.7218f,0f,0f,0f,1f],start_interpolation: 0,interpolation_duration: 1}
$data merge entity $(bone_right_pupil1) {transformation: [-0.9982f,0.0141f,0.0575f,-0.6665f,0.0276f,0.97f,0.2416f,4.6428f,-0.0523f,0.2428f,-0.9687f,2.824f,0f,0f,0f,1f],start_interpolation: 0,interpolation_duration: 1}
$data merge entity $(bone_right_sad_pupil1) {transformation: [-0.9982f,0.0141f,0.0575f,-0.6659f,0.0276f,0.97f,0.2416f,4.6455f,-0.0523f,0.2428f,-0.9687f,2.8131f,0f,0f,0f,1f],start_interpolation: 0,interpolation_duration: 1}
$data merge entity $(bone_right_happy_pupil1) {transformation: [-0.9982f,0.0141f,0.0575f,-0.6943f,0.0276f,0.97f,0.2416f,4.619f,-0.0523f,0.2428f,-0.9687f,2.8048f,0f,0f,0f,1f],start_interpolation: 0,interpolation_duration: 1}
$data merge entity $(bone_eyelid_right1) {transformation: [-0.9982f,0.0141f,0.0575f,-0.2028f,0.0276f,0.97f,0.2416f,4.7147f,-0.0523f,0.2428f,-0.9687f,2.2782f,0f,0f,0f,1f],start_interpolation: 0,interpolation_duration: 1}
$data merge entity $(bone_eyelid_expressions_right5) {transformation: [-0.9982f,0.0141f,0.0575f,-0.7932f,0.0276f,0.97f,0.2416f,4.758f,-0.0523f,0.2428f,-0.9687f,2.8336f,0f,0f,0f,1f],start_interpolation: 0,interpolation_duration: 1}
$data merge entity $(bone_eyelid_expressions_right7) {transformation: [-0.9982f,0.0141f,0.0575f,-0.4569f,0.0276f,0.97f,0.2416f,4.7487f,-0.0523f,0.2428f,-0.9687f,2.8513f,0f,0f,0f,1f],start_interpolation: 0,interpolation_duration: 1}
$data merge entity $(bone_eyelid_expressions_right6) {transformation: [-0.9982f,0.0141f,0.0575f,-0.569f,0.0276f,0.97f,0.2416f,4.7518f,-0.0523f,0.2428f,-0.9687f,2.8454f,0f,0f,0f,1f],start_interpolation: 0,interpolation_duration: 1}
$data merge entity $(bone_right_eye1) {transformation: [-0.9982f,0.0141f,0.0575f,-0.2146f,0.0276f,0.97f,0.2416f,4.7123f,-0.0523f,0.2428f,-0.9687f,2.2885f,0f,0f,0f,1f],start_interpolation: 0,interpolation_duration: 1}
$data merge entity $(bone_tear_left1) {transformation: [-0.9982f,0.0141f,0.0575f,0.3616f,0.0276f,0.97f,0.2416f,4.5217f,-0.0523f,0.2428f,-0.9687f,2.7853f,0f,0f,0f,1f],start_interpolation: 0,interpolation_duration: 1}
$data merge entity $(bone_left_sad_pupil1) {transformation: [-0.9982f,0.0141f,0.0575f,0.1749f,0.0276f,0.97f,0.2416f,4.6222f,-0.0523f,0.2428f,-0.9687f,2.8572f,0f,0f,0f,1f],start_interpolation: 0,interpolation_duration: 1}
$data merge entity $(bone_left_pupil1) {transformation: [-0.9982f,0.0141f,0.0575f,0.1743f,0.0276f,0.97f,0.2416f,4.6195f,-0.0523f,0.2428f,-0.9687f,2.8681f,0f,0f,0f,1f],start_interpolation: 0,interpolation_duration: 1}
$data merge entity $(bone_eyelid_left1) {transformation: [-0.9982f,0.0141f,0.0575f,-0.2252f,0.0276f,0.97f,0.2416f,4.7154f,-0.0523f,0.2428f,-0.9687f,2.277f,0f,0f,0f,1f],start_interpolation: 0,interpolation_duration: 1}
$data merge entity $(bone_left_happy_pupil1) {transformation: [-0.9982f,0.0141f,0.0575f,0.2026f,0.0276f,0.97f,0.2416f,4.5942f,-0.0523f,0.2428f,-0.9687f,2.8519f,0f,0f,0f,1f],start_interpolation: 0,interpolation_duration: 1}
$data merge entity $(bone_eyelid_expressions_left5) {transformation: [-0.9982f,0.0141f,0.0575f,0.3054f,0.0276f,0.97f,0.2416f,4.7276f,-0.0523f,0.2428f,-0.9687f,2.8912f,0f,0f,0f,1f],start_interpolation: 0,interpolation_duration: 1}
$data merge entity $(bone_eyelid_expressions_left7) {transformation: [-0.9982f,0.0141f,0.0575f,-0.0309f,0.0276f,0.97f,0.2416f,4.7369f,-0.0523f,0.2428f,-0.9687f,2.8736f,0f,0f,0f,1f],start_interpolation: 0,interpolation_duration: 1}
$data merge entity $(bone_eyelid_expressions_left6) {transformation: [-0.9982f,0.0141f,0.0575f,0.0812f,0.0276f,0.97f,0.2416f,4.7338f,-0.0523f,0.2428f,-0.9687f,2.8795f,0f,0f,0f,1f],start_interpolation: 0,interpolation_duration: 1}
$data merge entity $(bone_left_eye1) {transformation: [-0.9982f,0.0141f,0.0575f,-0.2146f,0.0276f,0.97f,0.2416f,4.7123f,-0.0523f,0.2428f,-0.9687f,2.2885f,0f,0f,0f,1f],start_interpolation: 0,interpolation_duration: 1}
$data merge entity $(bone_crest_middle5) {transformation: [-0.9982f,0.0262f,0.0531f,-0.2225f,0.0276f,0.9993f,0.026f,5.9412f,-0.0523f,0.0274f,-0.9983f,3.0867f,0f,0f,0f,1f],start_interpolation: 0,interpolation_duration: 1}
$data merge entity $(bone_crest_middle4) {transformation: [-0.9982f,0.0262f,0.0531f,-0.2401f,0.0276f,0.9993f,0.026f,5.2679f,-0.0523f,0.0274f,-0.9983f,3.0683f,0f,0f,0f,1f],start_interpolation: 0,interpolation_duration: 1}
$data merge entity $(bone_crest_middle1) {transformation: [-0.9982f,0.0262f,0.0531f,-0.2579f,0.0276f,0.9993f,0.026f,4.7607f,-0.0523f,0.0274f,-0.9983f,3.1385f,0f,0f,0f,1f],start_interpolation: 0,interpolation_duration: 1}
$data merge entity $(bone_crest_left5) {transformation: [-0.5483f,-0.8197f,0.1659f,-1.3398f,-0.8032f,0.5714f,0.1685f,5.3258f,-0.2329f,-0.0409f,-0.9716f,2.969f,0f,0f,0f,1f],start_interpolation: 0,interpolation_duration: 1}
$data merge entity $(bone_crest_left4) {transformation: [-0.5483f,-0.8197f,0.1659f,-0.8795f,-0.8032f,0.5714f,0.1685f,5.005f,-0.2329f,-0.0409f,-0.9716f,2.9919f,0f,0f,0f,1f],start_interpolation: 0,interpolation_duration: 1}
$data merge entity $(bone_crest_left1) {transformation: [-0.5483f,-0.8197f,0.1659f,-0.3639f,-0.8032f,0.5714f,0.1685f,4.6616f,-0.2329f,-0.0409f,-0.9716f,2.9626f,0f,0f,0f,1f],start_interpolation: 0,interpolation_duration: 1}
$data merge entity $(bone_crest_center1) {transformation: [-0.9982f,0.0141f,0.0575f,-0.2522f,0.0276f,0.97f,0.2416f,4.6312f,-0.0523f,0.2428f,-0.9687f,2.9616f,0f,0f,0f,1f],start_interpolation: 0,interpolation_duration: 1}
$data merge entity $(bone_crest_right5) {transformation: [-0.5245f,0.8497f,-0.0539f,0.8654f,0.8329f,0.5251f,0.1746f,5.2648f,0.1766f,0.0467f,-0.9832f,3.0846f,0f,0f,0f,1f],start_interpolation: 0,interpolation_duration: 1}
$data merge entity $(bone_crest_right4) {transformation: [-0.5245f,0.8497f,-0.0539f,0.3882f,0.8329f,0.5251f,0.1746f,4.9699f,0.1766f,0.0467f,-0.9832f,3.0584f,0f,0f,0f,1f],start_interpolation: 0,interpolation_duration: 1}
$data merge entity $(bone_crest_right1) {transformation: [-0.5245f,0.8497f,-0.0539f,-0.1397f,0.8329f,0.5251f,0.1746f,4.6553f,0.1766f,0.0467f,-0.9832f,2.9743f,0f,0f,0f,1f],start_interpolation: 0,interpolation_duration: 1}
$data merge entity $(bone_head1) {transformation: [-1.0463f,0.0148f,0.0603f,-0.1799f,0.029f,1.0167f,0.2533f,4.8071f,-0.0549f,0.2545f,-1.0153f,1.6765f,0f,0f,0f,1f],start_interpolation: 0,interpolation_duration: 1}
$data merge entity $(bone_neck10) {transformation: [-1.4921f,0.0138f,0.1257f,-0.0945f,0.0537f,1.4165f,0.4824f,4.7259f,-0.1144f,0.4852f,-1.412f,0.5249f,0f,0f,0f,1f],start_interpolation: 0,interpolation_duration: 1}
$data merge entity $(bone_neck9) {transformation: [-1.1414f,-0.0045f,0.0966f,-0.0935f,0.0411f,1.0133f,0.5326f,3.4083f,-0.0875f,0.5342f,-1.0095f,-0.1064f,0f,0f,0f,1f],start_interpolation: 0,interpolation_duration: 1}
$data merge entity $(bone_neck8) {transformation: [-1.0597f,0.0408f,0.0755f,-0.1263f,0.0304f,1.0532f,-0.1422f,2.627f,-0.0802f,-0.1396f,-1.0509f,0.0308f,0f,0f,0f,1f],start_interpolation: 0,interpolation_duration: 1}
$data merge entity $(bone_neck7) {transformation: [-1.0535f,0.0262f,0.0615f,-0.1513f,0f,0.9713f,-0.4134f,1.7568f,-0.0669f,-0.4126f,-0.9694f,0.4246f,0f,0f,0f,1f],start_interpolation: 0,interpolation_duration: 1}
$data merge entity $(bone_neck6) {transformation: [-1.0476f,0.0172f,0.0642f,-0.166f,0f,1.0139f,-0.2717f,0.8586f,-0.0665f,-0.2711f,-1.0119f,0.6556f,0f,0f,0f,1f],start_interpolation: 0,interpolation_duration: 1}
$data merge entity $(bone_neck_spine6) {transformation: [-1.2396f,-0.1846f,-0.222f,0.0793f,-0.1801f,-0.2704f,1.2306f,0.7727f,-0.2257f,1.2299f,0.2372f,-1.9537f,0f,0f,0f,1f],start_interpolation: 0,interpolation_duration: 1}
$data merge entity $(bone_neck_spine7) {transformation: [-0.9529f,0.1119f,-0.2817f,0.1342f,-0.257f,0.1942f,0.9467f,1.4987f,0.1607f,0.9746f,-0.1563f,-5.5136f,0f,0f,0f,1f],start_interpolation: 0,interpolation_duration: 1}
$data merge entity $(bone_tail6) {transformation: [-1.0452f,0.5236f,-1.2644f,-1.0449f,-1.0904f,0.6428f,1.1675f,-0.1114f,0.827f,1.5093f,-0.0586f,-8.9718f,0f,0f,0f,1f],start_interpolation: 0,interpolation_duration: 1}
$data merge entity $(bone_tail5) {transformation: [-0.8634f,0.4325f,-1.0445f,-0.7717f,-0.9008f,0.531f,0.9645f,0.224f,0.6831f,1.2468f,-0.0484f,-8.1843f,0f,0f,0f,1f],start_interpolation: 0,interpolation_duration: 1}
$data merge entity $(bone_tail4) {transformation: [-0.6362f,0.3187f,-0.7696f,-0.6352f,-0.6637f,0.3913f,0.7107f,0.3916f,0.5034f,0.9187f,-0.0357f,-7.7906f,0f,0f,0f,1f],start_interpolation: 0,interpolation_duration: 1}
$data merge entity $(bone_segment18) {transformation: [-0.607f,0.3041f,-0.7343f,-0.4644f,-0.6332f,0.3733f,0.678f,0.6012f,0.4802f,0.8765f,-0.034f,-7.2984f,0f,0f,0f,1f],start_interpolation: 0,interpolation_duration: 1}
$data merge entity $(bone_segment17) {transformation: [-0.607f,0.3041f,-0.7343f,-0.2425f,-0.6332f,0.3733f,0.678f,0.8737f,0.4802f,0.8765f,-0.034f,-6.6586f,0f,0f,0f,1f],start_interpolation: 0,interpolation_duration: 1}
$data merge entity $(bone_segment16) {transformation: [-0.825f,0.4558f,-0.334f,0.1926f,-0.2606f,0.2177f,0.9406f,1.0815f,0.5014f,0.8631f,-0.0608f,-5.8347f,0f,0f,0f,1f],start_interpolation: 0,interpolation_duration: 1}
$data merge entity $(bone_segment15) {transformation: [-0.9529f,0.181f,-0.2431f,0.4061f,-0.257f,-0.0574f,0.9647f,1.0138f,0.1607f,0.9818f,0.1013f,-4.677f,0f,0f,0f,1f],start_interpolation: 0,interpolation_duration: 1}
$data merge entity $(bone_segment14) {transformation: [-1.0276f,-0.0117f,-0.2062f,0.3929f,-0.1912f,-0.3416f,0.9723f,0.6294f,-0.078f,0.9909f,0.3328f,-3.5622f,0f,0f,0f,1f],start_interpolation: 0,interpolation_duration: 1}
$data merge entity $(bone_segment13) {transformation: [-0.999f,-0.1154f,-0.202f,0.2594f,-0.1452f,-0.3868f,0.9388f,0.1378f,-0.1819f,0.9429f,0.3604f,-2.4364f,0f,0f,0f,1f],start_interpolation: 0,interpolation_duration: 1}
$data merge entity $(bone_segment12) {transformation: [-1.0879f,-0.1562f,-0.1909f,0.0707f,-0.1598f,-0.211f,1.0837f,-0.1171f,-0.1879f,1.0842f,0.1834f,-1.1267f,0f,0f,0f,1f],start_interpolation: 0,interpolation_duration: 1}
$data merge entity $(bone_segment11) {transformation: [-1.1761f,-0.155f,-0.0988f,-0.1043f,-0.1429f,0.3685f,1.1229f,0.3092f,-0.1156f,1.1213f,-0.3827f,0.1696f,0f,0f,0f,1f],start_interpolation: 0,interpolation_duration: 1}
$data merge entity $(bone_segment10) {transformation: [-1.0461f,-0.0635f,0.0202f,-0.171f,-0.0432f,0.8889f,0.5538f,1.2191f,-0.0506f,0.5519f,-0.8897f,0.7345f,0f,0f,0f,1f],start_interpolation: 0,interpolation_duration: 1}
data modify entity @s data merge value {"cameras":{},"locators":{"mouth":{"px":-0.32369857734466645,"py":4.104423616030009,"pz":4.047519929033467,"ry":176.67244037052765,"rx":75.92391365284543}}}
function animated_java:gyarados/animations/surfacewater_swim/zzz/frames/on_tick/transform_floating_entities