# This file was generated by Animated Java via MC-Build. It is not recommended to edit this file directly.
$data merge entity $(bone_tail7) {transformation: [-0.2205f,0.1958f,0.9555f,0.474f,0.0205f,0.9804f,-0.1961f,0.1133f,-0.9752f,-0.0237f,-0.2201f,-1.0752f,0f,0f,0f,1f],start_interpolation: 0,interpolation_duration: 1}
$data merge entity $(bone_tail6) {transformation: [-0.5209f,0.1436f,0.8414f,0.2111f,0.0656f,0.9896f,-0.1283f,0.1534f,-0.8511f,-0.0117f,-0.5249f,-0.9111f,0f,0f,0f,1f],start_interpolation: 0,interpolation_duration: 1}
$data merge entity $(bone_tail5) {transformation: [-0.8662f,0.0426f,0.4978f,0.0555f,0.0091f,0.9975f,-0.0696f,0.1751f,-0.4995f,-0.0557f,-0.8645f,-0.641f,0f,0f,0f,1f],start_interpolation: 0,interpolation_duration: 1}
$data merge entity $(bone_tail1) {transformation: [-0.983f,0.0457f,0.1776f,0f,0.0016f,0.9705f,-0.241f,0.2504f,-0.1834f,-0.2366f,-0.9541f,-0.3428f,0f,0f,0f,1f],start_interpolation: 0,interpolation_duration: 1}
$data merge entity $(bone_ear_left1) {transformation: [-0.7071f,0.7058f,-0.0425f,0.2187f,0.7043f,0.7084f,0.0458f,0.4195f,0.0624f,0.0025f,-0.998f,0.577f,0f,0f,0f,1f],start_interpolation: 0,interpolation_duration: 1}
$data merge entity $(bone_ear_right1) {transformation: [-0.7071f,-0.7058f,0.0425f,-0.2188f,-0.7043f,0.7084f,0.0458f,0.4195f,-0.0624f,0.0025f,-0.998f,0.577f,0f,0f,0f,1f],start_interpolation: 0,interpolation_duration: 1}
$data merge entity $(bone_eyelid_left1) {transformation: [-1f,0f,0f,0.1944f,0f,0.9961f,0.0883f,0.2622f,0f,0.0883f,-0.9961f,0.7582f,0f,0f,0f,1f],start_interpolation: 0,interpolation_duration: 1}
$data merge entity $(bone_eye_left1) {transformation: [-1f,0f,0f,0.1959f,0f,0.9961f,0.0883f,0.2655f,0f,0.0883f,-0.9961f,0.721f,0f,0f,0f,1f],start_interpolation: 0,interpolation_duration: 1}
$data merge entity $(bone_eyelid_right1) {transformation: [-1f,0f,0f,-0.1881f,0f,0.9961f,0.0883f,0.2655f,0f,0.0883f,-0.9961f,0.7208f,0f,0f,0f,1f],start_interpolation: 0,interpolation_duration: 1}
$data merge entity $(bone_eye_right1) {transformation: [-1f,0f,0f,-0.1959f,0f,0.9961f,0.0883f,0.2655f,0f,0.0883f,-0.9961f,0.721f,0f,0f,0f,1f],start_interpolation: 0,interpolation_duration: 1}
$data merge entity $(bone_jaw1) {transformation: [-1f,0f,0f,0f,0f,0.9821f,0.1881f,0.0916f,0f,0.1881f,-0.9821f,0.7362f,0f,0f,0f,1f],start_interpolation: 0,interpolation_duration: 1}
$data merge entity $(bone_head1) {transformation: [-1f,0f,0f,0f,0f,0.9961f,0.0883f,0.2749f,0f,0.0883f,-0.9961f,0.4387f,0f,0f,0f,1f],start_interpolation: 0,interpolation_duration: 1}
$data merge entity $(bone_torso1) {transformation: [-1f,0f,0f,-0.125f,0f,1f,0.0087f,0.1406f,0f,0.0087f,-1f,-0.2969f,0f,0f,0f,1f],start_interpolation: 0,interpolation_duration: 1}