# This file was generated by Animated Java via MC-Build. It is not recommended to edit this file directly.
$data merge entity $(bone_tail7) {transformation: [-0.1387f,0.1331f,0.9814f,0.5018f,0.0499f,0.9906f,-0.1273f,0.1477f,-0.9891f,0.0313f,-0.144f,-1.0487f,0f,0f,0f,1f],start_interpolation: 0,interpolation_duration: 1}
$data merge entity $(bone_tail6) {transformation: [-0.4546f,0.084f,0.8867f,0.2247f,0.0727f,0.9957f,-0.0571f,0.1655f,-0.8877f,0.0385f,-0.4588f,-0.9053f,0f,0f,0f,1f],start_interpolation: 0,interpolation_duration: 1}
$data merge entity $(bone_tail5) {transformation: [-0.8454f,0.018f,0.5339f,0.0578f,0.0006f,0.9995f,-0.0327f,0.1758f,-0.5342f,-0.0274f,-0.8449f,-0.6413f,0f,0f,0f,1f],start_interpolation: 0,interpolation_duration: 1}
$data merge entity $(bone_tail1) {transformation: [-0.9816f,0.0462f,0.1851f,0f,0.0008f,0.9712f,-0.2382f,0.2502f,-0.1908f,-0.2337f,-0.9534f,-0.3433f,0f,0f,0f,1f],start_interpolation: 0,interpolation_duration: 1}
$data merge entity $(bone_ear_left1) {transformation: [-0.7071f,0.7051f,0.0537f,0.2187f,0.7042f,0.6952f,0.1443f,0.4226f,0.0644f,0.1399f,-0.9881f,0.5768f,0f,0f,0f,1f],start_interpolation: 0,interpolation_duration: 1}
$data merge entity $(bone_ear_right1) {transformation: [-0.7071f,-0.7051f,-0.0537f,-0.2188f,-0.7042f,0.6952f,0.1443f,0.4226f,-0.0644f,0.1399f,-0.9881f,0.5768f,0f,0f,0f,1f],start_interpolation: 0,interpolation_duration: 1}
$data merge entity $(bone_eyelid_left1) {transformation: [-1f,0f,0f,0.1944f,0f,0.9958f,0.0911f,0.2648f,0f,0.0911f,-0.9958f,0.7575f,0f,0f,0f,1f],start_interpolation: 0,interpolation_duration: 1}
$data merge entity $(bone_eye_left1) {transformation: [-1f,0f,0f,0.1959f,0f,0.9958f,0.0911f,0.2682f,0f,0.0911f,-0.9958f,0.7203f,0f,0f,0f,1f],start_interpolation: 0,interpolation_duration: 1}
$data merge entity $(bone_eyelid_right1) {transformation: [-1f,0f,0f,-0.1881f,0f,0.9958f,0.0911f,0.2682f,0f,0.0911f,-0.9958f,0.7202f,0f,0f,0f,1f],start_interpolation: 0,interpolation_duration: 1}
$data merge entity $(bone_eye_right1) {transformation: [-1f,0f,0f,-0.1959f,0f,0.9958f,0.0911f,0.2682f,0f,0.0911f,-0.9958f,0.7203f,0f,0f,0f,1f],start_interpolation: 0,interpolation_duration: 1}
$data merge entity $(bone_jaw1) {transformation: [-1f,0f,0f,0f,0f,0.9664f,0.2572f,0.0943f,0f,0.2572f,-0.9664f,0.735f,0f,0f,0f,1f],start_interpolation: 0,interpolation_duration: 1}
$data merge entity $(bone_head1) {transformation: [-1f,0f,0f,0f,0f,0.9958f,0.0911f,0.2783f,0f,0.0911f,-0.9958f,0.4381f,0f,0f,0f,1f],start_interpolation: 0,interpolation_duration: 1}
$data merge entity $(bone_torso1) {transformation: [-1f,0f,0f,-0.125f,0f,1f,0.004f,0.1406f,0f,0.004f,-1f,-0.2969f,0f,0f,0f,1f],start_interpolation: 0,interpolation_duration: 1}