# This file was generated by Animated Java via MC-Build. It is not recommended to edit this file directly.
$data merge entity $(bone_tail7) {transformation: [0.0542f,-0.0702f,0.9961f,0.5004f,0.0398f,0.9969f,0.0681f,0.1516f,-0.9977f,0.036f,0.0568f,-1.0274f,0f,0f,0f,1f],start_interpolation: 0,interpolation_duration: 1}
$data merge entity $(bone_tail6) {transformation: [-0.3827f,-0.0073f,0.9238f,0.2117f,0.0337f,0.9992f,0.0219f,0.1447f,-0.9233f,0.0395f,-0.3821f,-0.908f,0f,0f,0f,1f],start_interpolation: 0,interpolation_duration: 1}
$data merge entity $(bone_tail5) {transformation: [-0.8563f,0.0191f,0.5161f,0.0505f,-0.0154f,0.9979f,-0.0625f,0.1643f,-0.5162f,-0.0615f,-0.8543f,-0.6411f,0f,0f,0f,1f],start_interpolation: 0,interpolation_duration: 1}
$data merge entity $(bone_tail1) {transformation: [-0.9859f,0.0444f,0.1615f,0f,-0.0014f,0.962f,-0.273f,0.2496f,-0.1675f,-0.2694f,-0.9483f,-0.3447f,0f,0f,0f,1f],start_interpolation: 0,interpolation_duration: 1}
$data merge entity $(bone_ear_left1) {transformation: [-0.7071f,0.7044f,0.0621f,0.2187f,0.706f,0.6985f,0.1167f,0.4367f,0.0388f,0.1263f,-0.9912f,0.5697f,0f,0f,0f,1f],start_interpolation: 0,interpolation_duration: 1}
$data merge entity $(bone_ear_right1) {transformation: [-0.7071f,-0.7044f,-0.0621f,-0.2188f,-0.706f,0.6985f,0.1167f,0.4367f,-0.0388f,0.1263f,-0.9912f,0.5697f,0f,0f,0f,1f],start_interpolation: 0,interpolation_duration: 1}
$data merge entity $(bone_eyelid_left1) {transformation: [-1f,0f,0f,0.1944f,0f,0.9985f,0.0549f,0.2856f,0f,0.0549f,-0.9985f,0.756f,0f,0f,0f,1f],start_interpolation: 0,interpolation_duration: 1}
$data merge entity $(bone_eye_left1) {transformation: [-1f,0f,0f,0.1959f,0f,0.9985f,0.0549f,0.2877f,0f,0.0549f,-0.9985f,0.7187f,0f,0f,0f,1f],start_interpolation: 0,interpolation_duration: 1}
$data merge entity $(bone_eyelid_right1) {transformation: [-1f,0f,0f,-0.1881f,0f,0.9985f,0.0549f,0.2877f,0f,0.0549f,-0.9985f,0.7186f,0f,0f,0f,1f],start_interpolation: 0,interpolation_duration: 1}
$data merge entity $(bone_eye_right1) {transformation: [-1f,0f,0f,-0.1959f,0f,0.9985f,0.0549f,0.2877f,0f,0.0549f,-0.9985f,0.7187f,0f,0f,0f,1f],start_interpolation: 0,interpolation_duration: 1}
$data merge entity $(bone_jaw1) {transformation: [-1f,0f,0f,0f,0f,0.9737f,0.2278f,0.1144f,0f,0.2278f,-0.9737f,0.7397f,0f,0f,0f,1f],start_interpolation: 0,interpolation_duration: 1}
$data merge entity $(bone_head1) {transformation: [-1f,0f,0f,0f,0f,0.9985f,0.0549f,0.2876f,0f,0.0549f,-0.9985f,0.4363f,0f,0f,0f,1f],start_interpolation: 0,interpolation_duration: 1}
$data merge entity $(bone_torso1) {transformation: [-1f,0f,0f,-0.125f,0f,1f,-0.0086f,0.1406f,0f,-0.0086f,-1f,-0.2969f,0f,0f,0f,1f],start_interpolation: 0,interpolation_duration: 1}