# This file was generated by Animated Java via MC-Build. It is not recommended to edit this file directly.
$data merge entity $(bone_tail7) {transformation: [-0.164f,0.1252f,0.9785f,0.4576f,-0.014f,0.9915f,-0.1292f,0.0929f,-0.9864f,-0.0348f,-0.1609f,-1.0793f,0f,0f,0f,1f],start_interpolation: 0,interpolation_duration: 1}
$data merge entity $(bone_tail6) {transformation: [-0.5241f,0.1319f,0.8414f,0.1947f,0.0389f,0.9906f,-0.1311f,0.1338f,-0.8508f,-0.0359f,-0.5243f,-0.9154f,0f,0f,0f,1f],start_interpolation: 0,interpolation_duration: 1}
$data merge entity $(bone_tail5) {transformation: [-0.8843f,0.0569f,0.4635f,0.0498f,0.0064f,0.9939f,-0.1099f,0.1682f,-0.467f,-0.0942f,-0.8792f,-0.6406f,0f,0f,0f,1f],start_interpolation: 0,interpolation_duration: 1}
$data merge entity $(bone_tail1) {transformation: [-0.9862f,0.0441f,0.1594f,0f,0.0008f,0.9649f,-0.2625f,0.2502f,-0.1654f,-0.2588f,-0.9517f,-0.3433f,0f,0f,0f,1f],start_interpolation: 0,interpolation_duration: 1}
$data merge entity $(bone_ear_left1) {transformation: [-0.7071f,0.7002f,-0.0984f,0.2187f,0.7056f,0.7079f,-0.0328f,0.4256f,0.0467f,-0.0926f,-0.9946f,0.5732f,0f,0f,0f,1f],start_interpolation: 0,interpolation_duration: 1}
$data merge entity $(bone_ear_right1) {transformation: [-0.7071f,-0.7002f,0.0984f,-0.2188f,-0.7056f,0.7079f,-0.0328f,0.4256f,-0.0467f,-0.0926f,-0.9946f,0.5732f,0f,0f,0f,1f],start_interpolation: 0,interpolation_duration: 1}
$data merge entity $(bone_eyelid_left1) {transformation: [-1f,0f,0f,0.1944f,0f,0.9978f,0.066f,0.2724f,0f,0.066f,-0.9978f,0.7578f,0f,0f,0f,1f],start_interpolation: 0,interpolation_duration: 1}
$data merge entity $(bone_eye_left1) {transformation: [-1f,0f,0f,0.1959f,0f,0.9978f,0.066f,0.2749f,0f,0.066f,-0.9978f,0.7206f,0f,0f,0f,1f],start_interpolation: 0,interpolation_duration: 1}
$data merge entity $(bone_eyelid_right1) {transformation: [-1f,0f,0f,-0.1881f,0f,0.9978f,0.066f,0.2749f,0f,0.066f,-0.9978f,0.7204f,0f,0f,0f,1f],start_interpolation: 0,interpolation_duration: 1}
$data merge entity $(bone_eye_right1) {transformation: [-1f,0f,0f,-0.1959f,0f,0.9978f,0.066f,0.2749f,0f,0.066f,-0.9978f,0.7206f,0f,0f,0f,1f],start_interpolation: 0,interpolation_duration: 1}
$data merge entity $(bone_jaw1) {transformation: [-1f,0f,0f,0f,0f,0.9919f,0.1268f,0.1014f,0f,0.1268f,-0.9919f,0.7396f,0f,0f,0f,1f],start_interpolation: 0,interpolation_duration: 1}
$data merge entity $(bone_head1) {transformation: [-1f,0f,0f,0f,0f,0.9978f,0.066f,0.2779f,0f,0.066f,-0.9978f,0.4381f,0f,0f,0f,1f],start_interpolation: 0,interpolation_duration: 1}
$data merge entity $(bone_torso1) {transformation: [-1f,0f,0f,-0.125f,0f,1f,0.0046f,0.1406f,0f,0.0046f,-1f,-0.2969f,0f,0f,0f,1f],start_interpolation: 0,interpolation_duration: 1}