# This file was generated by Animated Java via MC-Build. It is not recommended to edit this file directly.
$data merge entity $(bone_nose4) { transformation: [-0.9965815646709029f,-0.04129148866747516f,-0.07155555828668274f,-0.25102099134380346f,-0.04721375644021135f,0.9954176962700139f,0.08315329912458536f,0.4771816474050953f,0.06779414547657846f,0.08624745165001768f,-0.9939644515388759f,0.46447966884679115f,0f,0f,0f,1f], start_interpolation: 0, interpolation_duration: 1 }
$data merge entity $(bone_pupil_left4) { transformation: [-0.9965815646709029f,-0.04129148866747516f,-0.07155555828668274f,-0.1645542775988411f,-0.04721375644021135f,0.9954176962700139f,0.08315329912458536f,0.6525394411819152f,0.06779414547657846f,0.08624745165001768f,-0.9939644515388759f,0.4748114318073441f,0f,0f,0f,1f], start_interpolation: 0, interpolation_duration: 1 }
$data merge entity $(bone_eyelid_left4) { transformation: [-0.9965815646709029f,-0.04129148866747516f,-0.07155555828668274f,-0.16594725201373312f,-0.04721375644021135f,0.9954176962700139f,0.08315329912458536f,0.6245508868906492f,0.06779414547657846f,0.08624745165001768f,-0.9939644515388759f,0.43484253201057316f,0f,0f,0f,1f], start_interpolation: 0, interpolation_duration: 1 }
$data merge entity $(bone_eye_left4) { transformation: [-0.9965815646709029f,-0.04129148866747516f,-0.07155555828668274f,-0.16330864080191168f,-0.04721375644021135f,0.9954176962700139f,0.08315329912458536f,0.6214846089854301f,0.06779414547657846f,0.08624745165001768f,-0.9939644515388759f,0.4714949711610692f,0f,0f,0f,1f], start_interpolation: 0, interpolation_duration: 1 }
$data merge entity $(bone_pupil_right4) { transformation: [-0.9965815646709029f,-0.04129148866747516f,-0.07155555828668274f,-0.35141332097463535f,-0.04721375644021135f,0.9954176962700139f,0.08315329912458536f,0.6436868618493755f,0.06779414547657846f,0.08624745165001768f,-0.9939644515388759f,0.48752283408420255f,0f,0f,0f,1f], start_interpolation: 0, interpolation_duration: 1 }
$data merge entity $(bone_eyelid_right4) { transformation: [-0.9965815646709029f,-0.04129148866747516f,-0.07155555828668274f,-0.35280629538952735f,-0.04721375644021135f,0.9954176962700139f,0.08315329912458536f,0.6156983075581095f,0.06779414547657846f,0.08624745165001768f,-0.9939644515388759f,0.4475539342874316f,0f,0f,0f,1f], start_interpolation: 0, interpolation_duration: 1 }
$data merge entity $(bone_eye_right4) { transformation: [-0.9965815646709029f,-0.04129148866747516f,-0.07155555828668274f,-0.35016768417770594f,-0.04721375644021135f,0.9954176962700139f,0.08315329912458536f,0.6126320296528904f,0.06779414547657846f,0.08624745165001768f,-0.9939644515388759f,0.48420637343792766f,0f,0f,0f,1f], start_interpolation: 0, interpolation_duration: 1 }
$data merge entity $(bone_body1_3) { transformation: [-0.9965815646709029f,-0.04129148866747516f,-0.07155555828668274f,-0.2634478721668688f,-0.04721375644021135f,0.9954176962700139f,0.08315329912458536f,0.4176044240675035f,0.06779414547657846f,0.08624745165001768f,-0.9939644515388759f,0.2403118629125044f,0f,0f,0f,1f], start_interpolation: 0, interpolation_duration: 1 }
$data merge entity $(bone_body5) { transformation: [-0.9965815646709029f,-0.04129148866747516f,-0.07155555828668274f,-0.25312500000000004f,-0.04721375644021135f,0.9954176962700139f,0.08315329912458536f,0.16875f,0.06779414547657846f,0.08624745165001768f,-0.9939644515388759f,0.21874999999999997f,0f,0f,0f,1f], start_interpolation: 0, interpolation_duration: 1 }
$data merge entity $(bone_ground4) { transformation: [-1f,0f,1.2246467991473532e-16f,-0.23437500000000003f,0f,1f,0f,0f,-1.2246467991473532e-16f,0f,-1f,0.21874999999999997f,0f,0f,0f,1f], start_interpolation: 0, interpolation_duration: 1 }
$data merge entity $(bone_nose5) { transformation: [-0.9966119515554273f,0.07014775724905323f,0.042940775142172954f,0.25140411638676485f,0.06977030134922493f,0.9975106433148275f,-0.010228466320878007f,0.2738402036202513f,-0.04355138420901336f,-0.0071978209596304755f,-0.9990252590935387f,0.45524951375925204f,0f,0f,0f,1f], start_interpolation: 0, interpolation_duration: 1 }
$data merge entity $(bone_pupil_left5) { transformation: [-0.9966119515554273f,0.07014775724905323f,0.042940775142172954f,0.35681261866887565f,0.06977030134922493f,0.9975106433148275f,-0.010228466320878007f,0.43876555806284906f,-0.04355138420901336f,-0.0071978209596304755f,-0.9990252590935387f,0.4599685029122109f,0f,0f,0f,1f], start_interpolation: 0, interpolation_duration: 1 }
$data merge entity $(bone_eyelid_left5) { transformation: [-0.9966119515554273f,0.07014775724905323f,0.042940775142172954f,0.3562307803226742f,0.06977030134922493f,0.9975106433148275f,-0.010228466320878007f,0.4072097829722278f,-0.04355138420901336f,-0.0071978209596304755f,-0.9990252590935387f,0.4227299876011916f,0f,0f,0f,1f], start_interpolation: 0, interpolation_duration: 1 }
$data merge entity $(bone_eye_left5) { transformation: [-0.9966119515554273f,0.07014775724905323f,0.042940775142172954f,0.3546473392393066f,0.06977030134922493f,0.9975106433148275f,-0.010228466320878007f,0.40758695766781017f,-0.04355138420901336f,-0.0071978209596304755f,-0.9990252590935387f,0.4595690440302659f,0f,0f,0f,1f], start_interpolation: 0, interpolation_duration: 1 }
$data merge entity $(bone_pupil_right5) { transformation: [-0.9966119515554273f,0.07014775724905323f,0.042940775142172954f,0.16994787775223302f,0.06977030134922493f,0.9975106433148275f,-0.010228466320878007f,0.45184748956582876f,-0.04355138420901336f,-0.0071978209596304755f,-0.9990252590935387f,0.4518026183730209f,0f,0f,0f,1f], start_interpolation: 0, interpolation_duration: 1 }
$data merge entity $(bone_eyelid_right5) { transformation: [-0.9966119515554273f,0.07014775724905323f,0.042940775142172954f,0.1693660394060316f,0.06977030134922493f,0.9975106433148275f,-0.010228466320878007f,0.4202917144752075f,-0.04355138420901336f,-0.0071978209596304755f,-0.9990252590935387f,0.41456410306200164f,0f,0f,0f,1f], start_interpolation: 0, interpolation_duration: 1 }
$data merge entity $(bone_eye_right5) { transformation: [-0.9966119515554273f,0.07014775724905323f,0.042940775142172954f,0.16778259832266396f,0.06977030134922493f,0.9975106433148275f,-0.010228466320878007f,0.4206688891707899f,-0.04355138420901336f,-0.0071978209596304755f,-0.9990252590935387f,0.45140315949107584f,0f,0f,0f,1f], start_interpolation: 0, interpolation_duration: 1 }
$data merge entity $(bone_body6) { transformation: [-0.9966119515554273f,0.07014775724905323f,0.042940775142172954f,0.253125f,0.06977030134922493f,0.9975106433148275f,-0.010228466320878007f,0.1625f,-0.04355138420901336f,-0.0071978209596304755f,-0.9990252590935387f,0.23750000000000004f,0f,0f,0f,1f], start_interpolation: 0, interpolation_duration: 1 }
$data merge entity $(bone_ground5) { transformation: [-1f,0f,1.2246467991473532e-16f,0.23437499999999997f,0f,1f,0f,0f,-1.2246467991473532e-16f,0f,-1f,0.21875000000000003f,0f,0f,0f,1f], start_interpolation: 0, interpolation_duration: 1 }
$data merge entity $(bone_nose6) { transformation: [-0.9983525131852625f,0.053890890237505755f,-0.019698511773208492f,0.03393139871679822f,0.05481768889591526f,0.9972434155384745f,-0.050005911143263124f,0.8187894512745002f,0.01694934809309123f,-0.05100335395409193f,-0.9985546442156548f,-0.06415560182125665f,0f,0f,0f,1f], start_interpolation: 0, interpolation_duration: 1 }
$data merge entity $(bone_pupil_left6) { transformation: [-0.9983525131852625f,0.053890890237505755f,-0.019698511773208492f,0.13682637829706268f,0.05481768889591526f,0.9972434155384745f,-0.050005911143263124f,0.9851452660695771f,0.01694934809309123f,-0.05100335395409193f,-0.9985546442156548f,-0.07263851470793915f,0f,0f,0f,1f], start_interpolation: 0, interpolation_duration: 1 }
$data merge entity $(bone_eyelid_left6) { transformation: [-0.9983525131852625f,0.053890890237505755f,-0.019698511773208492f,0.1344035937856453f,0.05481768889591526f,0.9972434155384745f,-0.050005911143263124f,0.9521061876661274f,0.01694934809309123f,-0.05100335395409193f,-0.9985546442156548f,-0.10849045905496084f,0f,0f,0f,1f], start_interpolation: 0, interpolation_duration: 1 }
$data merge entity $(bone_eye_left6) { transformation: [-0.9983525131852625f,0.053890890237505755f,-0.019698511773208492f,0.13512997640728236f,0.05481768889591526f,0.9972434155384745f,-0.050005911143263124f,0.9539501556395352f,0.01694934809309123f,-0.05100335395409193f,-0.9985546442156548f,-0.07166875654950856f,0f,0f,0f,1f], start_interpolation: 0, interpolation_duration: 1 }
$data merge entity $(bone_pupil_right6) { transformation: [-0.9983525131852625f,0.053890890237505755f,-0.019698511773208492f,-0.05036471792517407f,0.05481768889591526f,0.9972434155384745f,-0.050005911143263124f,0.9954235827375613f,0.01694934809309123f,-0.05100335395409193f,-0.9985546442156548f,-0.06946051194048454f,0f,0f,0f,1f], start_interpolation: 0, interpolation_duration: 1 }
$data merge entity $(bone_eyelid_right6) { transformation: [-0.9983525131852625f,0.053890890237505755f,-0.019698511773208492f,-0.05278750243659145f,0.05481768889591526f,0.9972434155384745f,-0.050005911143263124f,0.9623845043341116f,0.01694934809309123f,-0.05100335395409193f,-0.9985546442156548f,-0.10531245628750623f,0f,0f,0f,1f], start_interpolation: 0, interpolation_duration: 1 }
$data merge entity $(bone_eye_right6) { transformation: [-0.9983525131852625f,0.053890890237505755f,-0.019698511773208492f,-0.052061119814954385f,0.05481768889591526f,0.9972434155384745f,-0.050005911143263124f,0.9642284723075194f,0.01694934809309123f,-0.05100335395409193f,-0.9985546442156548f,-0.06849075378205395f,0f,0f,0f,1f], start_interpolation: 0, interpolation_duration: 1 }
$data merge entity $(bone_body3_3) { transformation: [-0.9983525131852625f,0.053890890237505755f,-0.019698511773208492f,0.01867576218691551f,0.05481768889591526f,0.9972434155384745f,-0.050005911143263124f,0.6052855894306588f,0.01694934809309123f,-0.05100335395409193f,-0.9985546442156548f,-0.2722293739715062f,0f,0f,0f,1f], start_interpolation: 0, interpolation_duration: 1 }
$data merge entity $(bone_body7) { transformation: [-0.9988942635222677f,0.04268745642723538f,-0.019698511773208492f,2.985076572921673e-17f,0.04362663920205791f,0.9977956329843629f,-0.050005911143263124f,0.16875f,0.017520463870566244f,-0.050809997649157036f,-0.9985546442156548f,-0.25f,0f,0f,0f,1f], start_interpolation: 0, interpolation_duration: 1 }
$data merge entity $(bone_ground6) { transformation: [-1f,0f,1.2246467991473532e-16f,3.061616997868383e-17f,0f,1f,0f,0f,-1.2246467991473532e-16f,0f,-1f,-0.25f,0f,0f,0f,1f], start_interpolation: 0, interpolation_duration: 1 }