# This file was generated by Animated Java via MC-Build. It is not recommended to edit this file directly.
$data merge entity $(bone_nose4) { transformation: [-0.9966416382543369f,-0.03982608175896015f,-0.07154948014793654f,-0.2500511149464987f,-0.04584885646578785f,0.9953589450694879f,0.08460764049975561f,0.47830326601570355f,0.06784782427234441f,0.08760395928201489f,-0.9938421499713243f,0.4648980194456383f,0f,0f,0f,1f], start_interpolation: 0, interpolation_duration: 1 }
$data merge entity $(bone_pupil_left4) { transformation: [-0.9966416382543369f,-0.03982608175896015f,-0.07154948014793654f,-0.1633269138871985f,-0.04584885646578785f,0.9953589450694879f,0.08460764049975561f,0.6535202756672523f,0.06784782427234441f,0.08760395928201489f,-0.9938421499713243f,0.47545767045289855f,0f,0f,0f,1f], start_interpolation: 0, interpolation_duration: 1 }
$data merge entity $(bone_eyelid_left4) { transformation: [-0.9966416382543369f,-0.03982608175896015f,-0.07154948014793654f,-0.16476545433777862f,-0.04584885646578785f,0.9953589450694879f,0.08460764049975561f,0.6255880951525716f,0.06784782427234441f,0.08760395928201489f,-0.9938421499713243f,0.43545096610141093f,0f,0f,0f,1f], start_interpolation: 0, interpolation_duration: 1 }
$data merge entity $(bone_eye_left4) { transformation: [-0.9966416382543369f,-0.03982608175896015f,-0.07154948014793654f,-0.16212706725732345f,-0.04584885646578785f,0.9953589450694879f,0.08460764049975561f,0.6224681884091432f,0.06784782427234441f,0.08760395928201489f,-0.9938421499713243f,0.4720988953816035f,0f,0f,0f,1f], start_interpolation: 0, interpolation_duration: 1 }
$data merge entity $(bone_pupil_right4) { transformation: [-0.9966416382543369f,-0.03982608175896015f,-0.07154948014793654f,-0.35019722105988665f,-0.04584885646578785f,0.9953589450694879f,0.08460764049975561f,0.6449236150799171f,0.06784782427234441f,0.08760395928201489f,-0.9938421499713243f,0.48817913750396313f,0f,0f,0f,1f], start_interpolation: 0, interpolation_duration: 1 }
$data merge entity $(bone_eyelid_right4) { transformation: [-0.9966416382543369f,-0.03982608175896015f,-0.07154948014793654f,-0.35163576151046677f,-0.04584885646578785f,0.9953589450694879f,0.08460764049975561f,0.6169914345652364f,0.06784782427234441f,0.08760395928201489f,-0.9938421499713243f,0.4481724331524755f,0f,0f,0f,1f], start_interpolation: 0, interpolation_duration: 1 }
$data merge entity $(bone_eye_right4) { transformation: [-0.9966416382543369f,-0.03982608175896015f,-0.07154948014793654f,-0.3489973744300116f,-0.04584885646578785f,0.9953589450694879f,0.08460764049975561f,0.613871527821808f,0.06784782427234441f,0.08760395928201489f,-0.9938421499713243f,0.4848203624326681f,0f,0f,0f,1f], start_interpolation: 0, interpolation_duration: 1 }
$data merge entity $(bone_body1_3) { transformation: [-0.9966416382543369f,-0.03982608175896015f,-0.07154948014793654f,-0.26259115109144104f,-0.04584885646578785f,0.9953589450694879f,0.08460764049975561f,0.4190487697914714f,0.06784782427234441f,0.08760395928201489f,-0.9938421499713243f,0.2406509898205037f,0f,0f,0f,1f], start_interpolation: 0, interpolation_duration: 1 }
$data merge entity $(bone_body5) { transformation: [-0.9966416382543369f,-0.03982608175896015f,-0.07154948014793654f,-0.252634630651701f,-0.04584885646578785f,0.9953589450694879f,0.08460764049975561f,0.1702090335240994f,0.06784782427234441f,0.08760395928201489f,-0.9938421499713243f,0.21874999999999997f,0f,0f,0f,1f], start_interpolation: 0, interpolation_duration: 1 }
$data merge entity $(bone_nose5) { transformation: [-0.9965477697904582f,0.07020649746919443f,0.04431241630482326f,0.25112976125818093f,0.06981968806403434f,0.9975072825877901f,-0.01021921440051345f,0.2740105001806664f,-0.04491941322306993f,-0.007090056236075824f,-0.9989654535659701f,0.4552482180667352f,0f,0f,0f,1f], start_interpolation: 0, interpolation_duration: 1 }
$data merge entity $(bone_pupil_left5) { transformation: [-0.9965477697904582f,0.07020649746919443f,0.04431241630482326f,0.3565397706479827f,0.06981968806403434f,0.9975072825877901f,-0.01021921440051345f,0.43893062964644053f,-0.04491941322306993f,-0.007090056236075824f,-0.9989654535659701f,0.46011386986625874f,0f,0f,0f,1f], start_interpolation: 0, interpolation_duration: 1 }
$data merge entity $(bone_eyelid_left5) { transformation: [-0.9965477697904582f,0.07020649746919443f,0.04431241630482326f,0.35600753321350126f,0.06981968806403434f,0.9975072825877901f,-0.01021921440051345f,0.40737530652555287f,-0.04491941322306993f,-0.007090056236075824f,-0.9989654535659701f,0.42287422961491217f,0f,0f,0f,1f], start_interpolation: 0, interpolation_duration: 1 }
$data merge entity $(bone_eye_left5) { transformation: [-0.9965477697904582f,0.07020649746919443f,0.04431241630482326f,0.3543735128622609f,0.06981968806403434f,0.9975072825877901f,-0.01021921440051345f,0.4077521400565718f,-0.04491941322306993f,-0.007090056236075824f,-0.9989654535659701f,0.4597110807151573f,0f,0f,0f,1f], start_interpolation: 0, interpolation_duration: 1 }
$data merge entity $(bone_pupil_right5) { transformation: [-0.9965477697904582f,0.07020649746919443f,0.04431241630482326f,0.16968706381227175f,0.06981968806403434f,0.9975072825877901f,-0.01021921440051345f,0.45202182115844697f,-0.04491941322306993f,-0.007090056236075824f,-0.9989654535659701f,0.4516914798869331f,0f,0f,0f,1f], start_interpolation: 0, interpolation_duration: 1 }
$data merge entity $(bone_eyelid_right5) { transformation: [-0.9965477697904582f,0.07020649746919443f,0.04431241630482326f,0.1691548263777903f,0.06981968806403434f,0.9975072825877901f,-0.01021921440051345f,0.4204664980375593f,-0.04491941322306993f,-0.007090056236075824f,-0.9989654535659701f,0.4144518396355865f,0f,0f,0f,1f], start_interpolation: 0, interpolation_duration: 1 }
$data merge entity $(bone_eye_right5) { transformation: [-0.9965477697904582f,0.07020649746919443f,0.04431241630482326f,0.16752080602654995f,0.06981968806403434f,0.9975072825877901f,-0.01021921440051345f,0.4208433315685782f,-0.04491941322306993f,-0.007090056236075824f,-0.9989654535659701f,0.45128869073583167f,0f,0f,0f,1f], start_interpolation: 0, interpolation_duration: 1 }
$data merge entity $(bone_body6) { transformation: [-0.9965477697904582f,0.07020649746919443f,0.04431241630482326f,0.2531442666641679f,0.06981968806403434f,0.9975072825877901f,-0.01021921440051345f,0.16267268799751453f,-0.04491941322306993f,-0.007090056236075824f,-0.9989654535659701f,0.23750000000000004f,0f,0f,0f,1f], start_interpolation: 0, interpolation_duration: 1 }
$data merge entity $(bone_nose6) { transformation: [-0.9984841558969854f,0.051419316914299094f,-0.01963273467328305f,0.03231629250405979f,0.052369156543198195f,0.9973042620365953f,-0.05139727975872008f,0.8176419628816072f,0.01693699694865231f,-0.05234751925076306f,-0.998485290508905f,-0.06504019622103485f,0f,0f,0f,1f], start_interpolation: 0, interpolation_duration: 1 }
$data merge entity $(bone_pupil_left6) { transformation: [-0.9984841558969854f,0.051419316914299094f,-0.01963273467328305f,0.13479868859155972f,0.052369156543198195f,0.9973042620365953f,-0.05139727975872008f,0.9842403943927697f,0.01693699694865231f,-0.05234751925076306f,-0.998485290508905f,-0.0737531096364917f,0f,0f,0f,1f], start_interpolation: 0, interpolation_duration: 1 }
$data merge entity $(bone_eyelid_left6) { transformation: [-0.9984841558969854f,0.051419316914299094f,-0.01963273467328305f,0.13245560738773976f,0.052369156543198195f,0.9973042620365953f,-0.05139727975872008f,0.951147238213174f,0.01693699694865231f,-0.05234751925076306f,-0.998485290508905f,-0.10956044805398929f,0f,0f,0f,1f], start_interpolation: 0, interpolation_duration: 1 }
$data merge entity $(bone_eye_left6) { transformation: [-0.9984841558969854f,0.051419316914299094f,-0.01963273467328305f,0.13317956447881707f,0.052369156543198195f,0.9973042620365953f,-0.05139727975872008f,0.9530425129042769f,0.01693699694865231f,-0.05234751925076306f,-0.998485290508905f,-0.07274130296647342f,0f,0f,0f,1f], start_interpolation: 0, interpolation_duration: 1 }
$data merge entity $(bone_pupil_right6) { transformation: [-0.9984841558969854f,0.051419316914299094f,-0.01963273467328305f,-0.05241709063912502f,0.052369156543198195f,0.9973042620365953f,-0.05139727975872008f,0.9940596112446194f,0.01693699694865231f,-0.05234751925076306f,-0.998485290508905f,-0.0705774227086194f,0f,0f,0f,1f], start_interpolation: 0, interpolation_duration: 1 }
$data merge entity $(bone_eyelid_right6) { transformation: [-0.9984841558969854f,0.051419316914299094f,-0.01963273467328305f,-0.05476017184294498f,0.052369156543198195f,0.9973042620365953f,-0.05139727975872008f,0.9609664550650238f,0.01693699694865231f,-0.05234751925076306f,-0.998485290508905f,-0.106384761126117f,0f,0f,0f,1f], start_interpolation: 0, interpolation_duration: 1 }
$data merge entity $(bone_eye_right6) { transformation: [-0.9984841558969854f,0.051419316914299094f,-0.01963273467328305f,-0.05403621475186767f,0.052369156543198195f,0.9973042620365953f,-0.05139727975872008f,0.9628617297561266f,0.01693699694865231f,-0.05234751925076306f,-0.998485290508905f,-0.06956561603860112f,0f,0f,0f,1f], start_interpolation: 0, interpolation_duration: 1 }
$data merge entity $(bone_body3_3) { transformation: [-0.9984841558969854f,0.051419316914299094f,-0.01963273467328305f,0.01757708304606212f,0.052369156543198195f,0.9973042620365953f,-0.05139727975872008f,0.6038213797082037f,0.01693699694865231f,-0.05234751925076306f,-0.998485290508905f,-0.2728257636720466f,0f,0f,0f,1f], start_interpolation: 0, interpolation_duration: 1 }
$data merge entity $(bone_body7) { transformation: [-0.998954008304885f,0.04129703404425399f,-0.01963273467328305f,-0.0004903693482990011f,0.042258783119149324f,0.9977838016738358f,-0.05139727975872008f,0.16729096647590058f,0.017466669427584184f,-0.05217317410753502f,-0.998485290508905f,-0.25f,0f,0f,0f,1f], start_interpolation: 0, interpolation_duration: 1 }