# This file was generated by Animated Java via MC-Build. It is not recommended to edit this file directly.
$data merge entity $(bone_nose4) { transformation: [-0.9962434658145849f,-0.022909582866123598f,-0.08351112401736818f,-0.23629683649666205f,-0.030264475627946777f,0.9956696801713647f,0.08789738052079692f,0.4714740245323045f,0.08113580181836774f,0.0900946113835482f,-0.9926227594927178f,0.46544852299925876f,0f,0f,0f,1f], start_interpolation: 0, interpolation_duration: 1 }
$data merge entity $(bone_pupil_left4) { transformation: [-0.9962434658145849f,-0.022909582866123598f,-0.08351112401736818f,-0.14668001277412712f,-0.030264475627946777f,0.9956696801713647f,0.08789738052079692f,0.6452772378134014f,0.08113580181836774f,0.0900946113835482f,-0.9926227594927178f,0.475188220584383f,0f,0f,0f,1f], start_interpolation: 0, interpolation_duration: 1 }
$data merge entity $(bone_eyelid_left4) { transformation: [-0.9962434658145849f,-0.022909582866123598f,-0.08351112401736818f,-0.1490957554602121f,-0.030264475627946777f,0.9956696801713647f,0.08789738052079692f,0.6174587120775761f,0.08113580181836774f,0.0900946113835482f,-0.9926227594927178f,0.43514941049767014f,0f,0f,0f,1f], start_interpolation: 0, interpolation_duration: 1 }
$data merge entity $(bone_eye_left4) { transformation: [-0.9962434658145849f,-0.022909582866123598f,-0.08351112401736818f,-0.14601628276207163f,-0.030264475627946777f,0.9956696801713647f,0.08789738052079692f,0.6142174961708717f,0.08113580181836774f,0.0900946113835482f,-0.9926227594927178f,0.4717523747539641f,0f,0f,0f,1f], start_interpolation: 0, interpolation_duration: 1 }
$data merge entity $(bone_pupil_right4) { transformation: [-0.9962434658145849f,-0.022909582866123598f,-0.08351112401736818f,-0.3334756626143618f,-0.030264475627946777f,0.9956696801713647f,0.08789738052079692f,0.6396026486331614f,0.08113580181836774f,0.0900946113835482f,-0.9926227594927178f,0.49040118342532696f,0f,0f,0f,1f], start_interpolation: 0, interpolation_duration: 1 }
$data merge entity $(bone_eyelid_right4) { transformation: [-0.9962434658145849f,-0.022909582866123598f,-0.08351112401736818f,-0.33589140530044675f,-0.030264475627946777f,0.9956696801713647f,0.08789738052079692f,0.6117841228973361f,0.08113580181836774f,0.0900946113835482f,-0.9926227594927178f,0.4503623733386141f,0f,0f,0f,1f], start_interpolation: 0, interpolation_duration: 1 }
$data merge entity $(bone_eye_right4) { transformation: [-0.9962434658145849f,-0.022909582866123598f,-0.08351112401736818f,-0.3328119326023063f,-0.030264475627946777f,0.9956696801713647f,0.08789738052079692f,0.6085429069906317f,0.08113580181836774f,0.0900946113835482f,-0.9926227594927178f,0.48696533759490807f,0f,0f,0f,1f], start_interpolation: 0, interpolation_duration: 1 }
$data merge entity $(bone_body1_3) { transformation: [-0.9962434658145849f,-0.022909582866123598f,-0.08351112401736818f,-0.25277508371404545f,-0.030264475627946777f,0.9956696801713647f,0.08789738052079692f,0.412914882757841f,0.08113580181836774f,0.0900946113835482f,-0.9926227594927178f,0.24127365284588703f,0f,0f,0f,1f], start_interpolation: 0, interpolation_duration: 1 }
$data merge entity $(bone_body5) { transformation: [-0.9962434658145849f,-0.022909582866123598f,-0.08351112401736818f,-0.24704768799751456f,-0.030264475627946777f,0.9956696801713647f,0.08789738052079692f,0.16399746271499982f,0.08113580181836774f,0.0900946113835482f,-0.9926227594927178f,0.21874999999999997f,0f,0f,0f,1f], start_interpolation: 0, interpolation_duration: 1 }
$data merge entity $(bone_nose5) { transformation: [-0.9947094501048713f,0.08261202675104504f,0.06106032188049025f,0.25359471149043883f,0.08302379329580928f,0.9965385741565931f,0.00423319793053362f,0.28087944480313676f,-0.06049925304364667f,0.00928026152804758f,-0.9981251009403239f,0.4568548944353261f,0f,0f,0f,1f], start_interpolation: 0, interpolation_duration: 1 }
$data merge entity $(bone_pupil_left5) { transformation: [-0.9947094501048713f,0.08261202675104504f,0.06106032188049025f,0.3609331764320805f,0.08302379329580928f,0.9965385741565931f,0.00423319793053362f,0.44436809436869934f,-0.06049925304364667f,0.00928026152804758f,-0.9981251009403239f,0.46599322892256434f,0f,0f,0f,1f], start_interpolation: 0, interpolation_duration: 1 }
$data merge entity $(bone_eyelid_left5) { transformation: [-0.9947094501048713f,0.08261202675104504f,0.06106032188049025f,0.36064131266662874f,0.08302379329580928f,0.9965385741565931f,0.00423319793053362f,0.41338500884870083f,-0.06049925304364667f,0.00928026152804758f,-0.9981251009403239f,0.42827352946455066f,0f,0f,0f,1f], start_interpolation: 0, interpolation_duration: 1 }
$data merge entity $(bone_eye_left5) { transformation: [-0.9947094501048713f,0.08261202675104504f,0.06106032188049025f,0.35838971329728564f,0.08302379329580928f,0.9965385741565931f,0.00423319793053362f,0.4132289096750124f,-0.06049925304364667f,0.00928026152804758f,-0.9981251009403239f,0.4650793925617251f,0f,0f,0f,1f], start_interpolation: 0, interpolation_duration: 1 }
$data merge entity $(bone_pupil_right5) { transformation: [-0.9947094501048713f,0.08261202675104504f,0.06106032188049025f,0.1744251545374171f,0.08302379329580928f,0.9965385741565931f,0.00423319793053362f,0.45993505561166353f,-0.06049925304364667f,0.00928026152804758f,-0.9981251009403239f,0.4546496189768806f,0f,0f,0f,1f], start_interpolation: 0, interpolation_duration: 1 }
$data merge entity $(bone_eyelid_right5) { transformation: [-0.9947094501048713f,0.08261202675104504f,0.06106032188049025f,0.17413329077196535f,0.08302379329580928f,0.9965385741565931f,0.00423319793053362f,0.428951970091665f,-0.06049925304364667f,0.00928026152804758f,-0.9981251009403239f,0.41692991951886693f,0f,0f,0f,1f], start_interpolation: 0, interpolation_duration: 1 }
$data merge entity $(bone_eye_right5) { transformation: [-0.9947094501048713f,0.08261202675104504f,0.06106032188049025f,0.17188169140262227f,0.08302379329580928f,0.9965385741565931f,0.00423319793053362f,0.4287958709179766f,-0.06049925304364667f,0.00928026152804758f,-0.9981251009403239f,0.45373578261604136f,0f,0f,0f,1f], start_interpolation: 0, interpolation_duration: 1 }
$data merge entity $(bone_body6) { transformation: [-0.9947094501048713f,0.08261202675104504f,0.06106032188049025f,0.25791596647590054f,0.08302379329580928f,0.9965385741565931f,0.00423319793053362f,0.17280905030206364f,-0.06049925304364667f,0.00928026152804758f,-0.9981251009403239f,0.23750000000000004f,0f,0f,0f,1f], start_interpolation: 0, interpolation_duration: 1 }
$data merge entity $(bone_nose6) { transformation: [-0.9998559003848105f,0.0160270433892686f,-0.005595743550087743f,0.009954924685545763f,0.01630908779443884f,0.9983726845751048f,-0.05464427096788544f,0.8249408609201375f,0.004710851408517677f,-0.054727658222300204f,-0.9984902059131626f,-0.06666027933448082f,0f,0f,0f,1f], start_interpolation: 0, interpolation_duration: 1 }
$data merge entity $(bone_pupil_left6) { transformation: [-0.9998559003848105f,0.0160270433892686f,-0.005595743550087743f,0.10645655544830872f,0.01630908779443884f,0.9983726845751048f,-0.05464427096788544f,0.9951096471088198f,0.004710851408517677f,-0.054727658222300204f,-0.9984902059131626f,-0.0746360687749f,0f,0f,0f,1f], start_interpolation: 0, interpolation_duration: 1 }
$data merge entity $(bone_eyelid_left6) { transformation: [-0.9998559003848105f,0.0160270433892686f,-0.005595743550087743f,0.10574586995926578f,0.01630908779443884f,0.9983726845751048f,-0.05464427096788544f,0.9618613405545521f,0.004710851408517677f,-0.054727658222300204f,-0.9984902059131626f,-0.11036921217719672f,0f,0f,0f,1f], start_interpolation: 0, interpolation_duration: 1 }
$data merge entity $(bone_eye_left6) { transformation: [-0.9998559003848105f,0.0160270433892686f,-0.005595743550087743f,0.10595221300267527f,0.01630908779443884f,0.9983726845751048f,-0.05464427096788544f,0.9638763480464928f,0.004710851408517677f,-0.054727658222300204f,-0.9984902059131626f,-0.07354988583414886f,0f,0f,0f,1f], start_interpolation: 0, interpolation_duration: 1 }
$data merge entity $(bone_pupil_right6) { transformation: [-0.9998559003848105f,0.0160270433892686f,-0.005595743550087743f,-0.08101642587384326f,0.01630908779443884f,0.9983726845751048f,-0.05464427096788544f,0.9981676010702771f,0.004710851408517677f,-0.054727658222300204f,-0.9984902059131626f,-0.07375278413580294f,0f,0f,0f,1f], start_interpolation: 0, interpolation_duration: 1 }
$data merge entity $(bone_eyelid_right6) { transformation: [-0.9998559003848105f,0.0160270433892686f,-0.005595743550087743f,-0.0817271113628862f,0.01630908779443884f,0.9983726845751048f,-0.05464427096788544f,0.9649192945160094f,0.004710851408517677f,-0.054727658222300204f,-0.9984902059131626f,-0.10948592753809966f,0f,0f,0f,1f], start_interpolation: 0, interpolation_duration: 1 }
$data merge entity $(bone_eye_right6) { transformation: [-0.9998559003848105f,0.0160270433892686f,-0.005595743550087743f,-0.08152076831947672f,0.01630908779443884f,0.9983726845751048f,-0.05464427096788544f,0.9669343020079502f,0.004710851408517677f,-0.054727658222300204f,-0.9984902059131626f,-0.07266660119505179f,0f,0f,0f,1f], start_interpolation: 0, interpolation_duration: 1 }
$data merge entity $(bone_body3_3) { transformation: [-0.9998559003848105f,0.0160270433892686f,-0.005595743550087743f,0.0054753625955188834f,0.01630908779443884f,0.9983726845751048f,-0.05464427096788544f,0.6101929750915944f,0.004710851408517677f,-0.054727658222300204f,-0.9984902059131626f,-0.2739634563015804f,0f,0f,0f,1f], start_interpolation: 0, interpolation_duration: 1 }
$data merge entity $(bone_body7) { transformation: [-0.9996356360349394f,0.026406113366867046f,-0.005595743550087743f,-0.006077312002485449f,0.0266727446725634f,0.9981495721293581f,-0.05464427096788544f,0.1735025372850002f,0.004142446216237912f,-0.05477361440361237f,-0.9984902059131626f,-0.25f,0f,0f,0f,1f], start_interpolation: 0, interpolation_duration: 1 }