# This file was generated by Animated Java via MC-Build. It is not recommended to edit this file directly.
$data merge entity $(bone_nose4) { transformation: [-0.9955495437532317f,-0.022901059191567038f,-0.09141470024365048f,-0.23456513236644894f,-0.030243395251478407f,0.9963552220029294f,0.07975969302320628f,0.4734790870858846f,0.08925493250456795f,0.08216941691041497f,-0.9926135924659744f,0.4628460632756618f,0f,0f,0f,1f], start_interpolation: 0, interpolation_duration: 1 }
$data merge entity $(bone_pupil_left4) { transformation: [-0.9955495437532317f,-0.022901059191567038f,-0.09141470024365048f,-0.1449970796251772f,-0.030243395251478407f,0.9963552220029294f,0.07975969302320628f,0.6474134097480457f,0.08925493250456795f,0.08216941691041497f,-0.9926135924659744f,0.47046243237070984f,0f,0f,0f,1f], start_interpolation: 0, interpolation_duration: 1 }
$data merge entity $(bone_eyelid_left4) { transformation: [-0.9955495437532317f,-0.022901059191567038f,-0.09141470024365048f,-0.1477094727845776f,-0.030243395251478407f,0.9963552220029294f,0.07975969302320628f,0.6192682975488244f,0.08925493250456795f,0.08216941691041497f,-0.9926135924659744f,0.4306716283747853f,0f,0f,0f,1f], start_interpolation: 0, interpolation_duration: 1 }
$data merge entity $(bone_eye_left4) { transformation: [-0.9955495437532317f,-0.022901059191567038f,-0.09141470024365048f,-0.144338555713093f,-0.030243395251478407f,0.9963552220029294f,0.07975969302320628f,0.6163271588685937f,0.08925493250456795f,0.08216941691041497f,-0.9926135924659744f,0.4672742545969681f,0f,0f,0f,1f], start_interpolation: 0, interpolation_duration: 1 }
$data merge entity $(bone_pupil_right4) { transformation: [-0.9955495437532317f,-0.022901059191567038f,-0.09141470024365048f,-0.33166261907890815f,-0.030243395251478407f,0.9963552220029294f,0.07975969302320628f,0.6417427731383935f,0.08925493250456795f,0.08216941691041497f,-0.9926135924659744f,0.4871977322153163f,0f,0f,0f,1f], start_interpolation: 0, interpolation_duration: 1 }
$data merge entity $(bone_eyelid_right4) { transformation: [-0.9955495437532317f,-0.022901059191567038f,-0.09141470024365048f,-0.33437501223830857f,-0.030243395251478407f,0.9963552220029294f,0.07975969302320628f,0.6135976609391721f,0.08925493250456795f,0.08216941691041497f,-0.9926135924659744f,0.44740692821939176f,0f,0f,0f,1f], start_interpolation: 0, interpolation_duration: 1 }
$data merge entity $(bone_eye_right4) { transformation: [-0.9955495437532317f,-0.022901059191567038f,-0.09141470024365048f,-0.33100409516682394f,-0.030243395251478407f,0.9963552220029294f,0.07975969302320628f,0.6106565222589414f,0.08925493250456795f,0.08216941691041497f,-0.9926135924659744f,0.48400955444157456f,0f,0f,0f,1f], start_interpolation: 0, interpolation_duration: 1 }
$data merge entity $(bone_body1_3) { transformation: [-0.9955495437532317f,-0.022901059191567038f,-0.09141470024365048f,-0.2527729527954063f,-0.030243395251478407f,0.9963552220029294f,0.07975969302320628f,0.41308626821573213f,0.08925493250456795f,0.08216941691041497f,-0.9926135924659744f,0.23929235422760373f,0f,0f,0f,1f], start_interpolation: 0, interpolation_duration: 1 }
$data merge entity $(bone_body5) { transformation: [-0.9955495437532317f,-0.022901059191567038f,-0.09141470024365048f,-0.24704768799751456f,-0.030243395251478407f,0.9963552220029294f,0.07975969302320628f,0.16399746271499982f,0.08925493250456795f,0.08216941691041497f,-0.9926135924659744f,0.21874999999999997f,0f,0f,0f,1f], start_interpolation: 0, interpolation_duration: 1 }
$data merge entity $(bone_nose5) { transformation: [-0.9939998894534535f,0.09072976811403839f,0.06109278962770466f,0.25739355418051196f,0.09112661602233983f,0.995832308134228f,0.0037354957332558416f,0.2727929687084678f,-0.06049925304364667f,0.009280261528047583f,-0.9981251009403239f,0.4568548944353261f,0f,0f,0f,1f], start_interpolation: 0, interpolation_duration: 1 }
$data merge entity $(bone_pupil_left5) { transformation: [-0.9939998894534535f,0.09072976811403839f,0.06109278962770466f,0.36606067373082163f,0.09112661602233983f,0.995832308134228f,0.0037354957332558416f,0.43540152236244406f,-0.06049925304364667f,0.009280261528047583f,-0.9981251009403239f,0.46599322892256434f,0f,0f,0f,1f], start_interpolation: 0, interpolation_duration: 1 }
$data merge entity $(bone_eyelid_left5) { transformation: [-0.9939998894534535f,0.09072976811403839f,0.06109278962770466f,0.36551634808829686f,0.09112661602233983f,0.995832308134228f,0.0037354957332558416f,0.40442184382324653f,-0.06049925304364667f,0.009280261528047583f,-0.9981251009403239f,0.42827352946455066f,0f,0f,0f,1f], start_interpolation: 0, interpolation_duration: 1 }
$data merge entity $(bone_eye_left5) { transformation: [-0.9939998894534535f,0.09072976811403839f,0.06109278962770466f,0.36326355147077527f,0.09112661602233983f,0.995832308134228f,0.0037354957332558416f,0.40428409741808274f,-0.06049925304364667f,0.009280261528047583f,-0.9981251009403239f,0.4650793925617251f,0f,0f,0f,1f], start_interpolation: 0, interpolation_duration: 1 }
$data merge entity $(bone_pupil_right5) { transformation: [-0.9939998894534535f,0.09072976811403839f,0.06109278962770466f,0.1796856944582991f,0.09112661602233983f,0.995832308134228f,0.0037354957332558416f,0.4524877628666327f,-0.06049925304364667f,0.009280261528047583f,-0.9981251009403239f,0.4546496189768806f,0f,0f,0f,1f], start_interpolation: 0, interpolation_duration: 1 }
$data merge entity $(bone_eyelid_right5) { transformation: [-0.9939998894534535f,0.09072976811403839f,0.06109278962770466f,0.17914136881577433f,0.09112661602233983f,0.995832308134228f,0.0037354957332558416f,0.4215080843274352f,-0.06049925304364667f,0.009280261528047583f,-0.9981251009403239f,0.41692991951886693f,0f,0f,0f,1f], start_interpolation: 0, interpolation_duration: 1 }
$data merge entity $(bone_eye_right5) { transformation: [-0.9939998894534535f,0.09072976811403839f,0.06109278962770466f,0.1768885721982527f,0.09112661602233983f,0.995832308134228f,0.0037354957332558416f,0.4213703379222714f,-0.06049925304364667f,0.009280261528047583f,-0.9981251009403239f,0.45373578261604136f,0f,0f,0f,1f], start_interpolation: 0, interpolation_duration: 1 }
$data merge entity $(bone_body6) { transformation: [-0.9939998894534535f,0.09072976811403839f,0.06109278962770466f,0.2608340335240994f,0.09112661602233983f,0.995832308134228f,0.0037354957332558416f,0.16469094969793635f,-0.06049925304364667f,0.009280261528047583f,-0.9981251009403239f,0.23750000000000004f,0f,0f,0f,1f], start_interpolation: 0, interpolation_duration: 1 }
$data merge entity $(bone_nose6) { transformation: [-0.9999333286744303f,0.011214836576564378f,0.0027505720558507326f,0.0073377267404574975f,0.01107337729932125f,0.9988358244327548f,-0.046950784284462296f,0.8235232486269911f,-0.003273915279959135f,-0.04691719589127411f,-0.9988934168410759f,-0.061523518267417504f,0f,0f,0f,1f], start_interpolation: 0, interpolation_duration: 1 }
$data merge entity $(bone_pupil_left6) { transformation: [-0.9999333286744303f,0.011214836576564378f,0.0027505720558507326f,0.10300386901767762f,0.01107337729932125f,0.9988358244327548f,-0.046950784284462296f,0.9942480595500929f,-0.003273915279959135f,-0.04691719589127411f,-0.9988934168410759f,-0.06740755659715704f,0f,0f,0f,1f], start_interpolation: 0, interpolation_duration: 1 }
$data merge entity $(bone_eyelid_left6) { transformation: [-0.9999333286744303f,0.011214836576564378f,0.0027505720558507326f,0.10275655182675439f,0.01107337729932125f,0.9988358244327548f,-0.046950784284462296f,0.9612737856259019f,-0.003273915279959135f,-0.04691719589127411f,-0.9988934168410759f,-0.10339989735709508f,0f,0f,0f,1f], start_interpolation: 0, interpolation_duration: 1 }
$data merge entity $(bone_eye_left6) { transformation: [-0.9999333286744303f,0.011214836576564378f,0.0027505720558507326f,0.1026551244821949f,0.01107337729932125f,0.9988358244327548f,-0.046950784284462296f,0.9630050957963915f,-0.003273915279959135f,-0.04691719589127411f,-0.9988934168410759f,-0.0665657026110804f,0f,0f,0f,1f], start_interpolation: 0, interpolation_duration: 1 }
$data merge entity $(bone_pupil_right6) { transformation: [-0.9999333286744303f,0.011214836576564378f,0.0027505720558507326f,-0.08448363010877806f,0.01107337729932125f,0.9988358244327548f,-0.046950784284462296f,0.9963243177937156f,-0.003273915279959135f,-0.04691719589127411f,-0.9988934168410759f,-0.06802141571214938f,0f,0f,0f,1f], start_interpolation: 0, interpolation_duration: 1 }
$data merge entity $(bone_eyelid_right6) { transformation: [-0.9999333286744303f,0.011214836576564378f,0.0027505720558507326f,-0.08473094729970129f,0.01107337729932125f,0.9988358244327548f,-0.046950784284462296f,0.9633500438695246f,-0.003273915279959135f,-0.04691719589127411f,-0.9988934168410759f,-0.10401375647208742f,0f,0f,0f,1f], start_interpolation: 0, interpolation_duration: 1 }
$data merge entity $(bone_eye_right6) { transformation: [-0.9999333286744303f,0.011214836576564378f,0.0027505720558507326f,-0.08483237464426079f,0.01107337729932125f,0.9988358244327548f,-0.046950784284462296f,0.9650813540400142f,-0.003273915279959135f,-0.04691719589127411f,-0.9988934168410759f,-0.06717956172607274f,0f,0f,0f,1f], start_interpolation: 0, interpolation_duration: 1 }
$data merge entity $(bone_body3_3) { transformation: [-0.9999333286744303f,0.011214836576564378f,0.0027505720558507326f,0.005661400698060206f,0.01107337729932125f,0.9988358244327548f,-0.046950784284462296f,0.6103642377268617f,-0.003273915279959135f,-0.04691719589127411f,-0.9988934168410759f,-0.2705013977859878f,0f,0f,0f,1f], start_interpolation: 0, interpolation_duration: 1 }
$data merge entity $(bone_body7) { transformation: [-0.9996361905059508f,0.026831343315532927f,0.0027505720558507326f,-0.006077312002485449f,0.026672759467217748f,0.9985410295813978f,-0.046950784284462296f,0.1735025372850002f,-0.004006311664656948f,-0.0468603377965436f,-0.9988934168410759f,-0.25f,0f,0f,0f,1f], start_interpolation: 0, interpolation_duration: 1 }