# This file was generated by Animated Java via MC-Build. It is not recommended to edit this file directly.
$data merge entity $(bone_nose4) { transformation: [-0.9952878462782088f,-0.02373810716336822f,-0.09401385705939894f,-0.23457428810304115f,-0.03107857342778994f,0.9965155604950182f,0.0774006457659961f,0.4764085055738344f,0.09184892663813835f,0.07995773858483111f,-0.9925575724943222f,0.4621081019562807f,0f,0f,0f,1f], start_interpolation: 0, interpolation_duration: 1 }
$data merge entity $(bone_pupil_left4) { transformation: [-0.9952878462782088f,-0.02373810716336822f,-0.09401385705939894f,-0.14516976370117662f,-0.03107857342778994f,0.9965155604950182f,0.0774006457659961f,0.6504531075819597f,0.09184892663813835f,0.07995773858483111f,-0.9925575724943222f,0.4691010468516499f,0f,0f,0f,1f], start_interpolation: 0, interpolation_duration: 1 }
$data merge entity $(bone_eyelid_left4) { transformation: [-0.9952878462782088f,-0.02373810716336822f,-0.09401385705939894f,-0.14795346749204882f,-0.03107857342778994f,0.9965155604950182f,0.0774006457659961f,0.6222145205327153f,0.09184892663813835f,0.07995773858483111f,-0.9925575724943222f,0.4293814585523368f,0f,0f,0f,1f], start_interpolation: 0, interpolation_duration: 1 }
$data merge entity $(bone_eye_left4) { transformation: [-0.9952878462782088f,-0.02373810716336822f,-0.09401385705939894f,-0.14448670651298348f,-0.03107857342778994f,0.9965155604950182f,0.0774006457659961f,0.6193603717200942f,0.09184892663813835f,0.07995773858483111f,-0.9925575724943222f,0.4659820190380649f,0f,0f,0f,1f], start_interpolation: 0, interpolation_duration: 1 }
$data merge entity $(bone_pupil_right4) { transformation: [-0.9952878462782088f,-0.02373810716336822f,-0.09401385705939894f,-0.33178623487834075f,-0.03107857342778994f,0.9965155604950182f,0.0774006457659961f,0.6446258750642492f,0.09184892663813835f,0.07995773858483111f,-0.9925575724943222f,0.48632272059630083f,0f,0f,0f,1f], start_interpolation: 0, interpolation_duration: 1 }
$data merge entity $(bone_eyelid_right4) { transformation: [-0.9952878462782088f,-0.02373810716336822f,-0.09401385705939894f,-0.334569938669213f,-0.03107857342778994f,0.9965155604950182f,0.0774006457659961f,0.6163872880150048f,0.09184892663813835f,0.07995773858483111f,-0.9925575724943222f,0.4466031322969877f,0f,0f,0f,1f], start_interpolation: 0, interpolation_duration: 1 }
$data merge entity $(bone_eye_right4) { transformation: [-0.9952878462782088f,-0.02373810716336822f,-0.09401385705939894f,-0.33110317769014763f,-0.03107857342778994f,0.9965155604950182f,0.0774006457659961f,0.6135331392023836f,0.09184892663813835f,0.07995773858483111f,-0.9925575724943222f,0.48320369278271585f,0f,0f,0f,1f], start_interpolation: 0, interpolation_duration: 1 }
$data merge entity $(bone_body1_3) { transformation: [-0.9952878462782088f,-0.02373810716336822f,-0.09401385705939894f,-0.2532852797126465f,-0.03107857342778994f,0.9965155604950182f,0.0774006457659961f,0.41548711867147275f,0.09184892663813835f,0.07995773858483111f,-0.9925575724943222f,0.23873943464620775f,0f,0f,0f,1f], start_interpolation: 0, interpolation_duration: 1 }
$data merge entity $(bone_body5) { transformation: [-0.9952878462782088f,-0.02373810716336822f,-0.09401385705939894f,-0.24735075292180447f,-0.03107857342778994f,0.9965155604950182f,0.0774006457659961f,0.1663582285477182f,0.09184892663813835f,0.07995773858483111f,-0.9925575724943222f,0.21874999999999997f,0f,0f,0f,1f], start_interpolation: 0, interpolation_duration: 1 }
$data merge entity $(bone_nose5) { transformation: [-0.9938097802344497f,0.09342770583259771f,0.060111433964035364f,0.2588360505980894f,0.09372014479089427f,0.9955964541275747f,0.0020579088837745143f,0.2714189475236823f,-0.05965446480129389f,0.007678822270224143f,-0.9981895513968344f,0.45669383555386334f,0f,0f,0f,1f], start_interpolation: 0, interpolation_duration: 1 }
$data merge entity $(bone_pupil_left5) { transformation: [-0.9938097802344497f,0.09342770583259771f,0.060111433964035364f,0.3679508954963642f,0.09372014479089427f,0.9955964541275747f,0.0020579088837745143f,0.4337469659235557f,-0.05965446480129389f,0.007678822270224143f,-0.9981895513968344f,0.46547784461554853f,0f,0f,0f,1f], start_interpolation: 0, interpolation_duration: 1 }
$data merge entity $(bone_eyelid_left5) { transformation: [-0.9938097802344497f,0.09342770583259771f,0.060111433964035364f,0.3672854584627469f,0.09372014479089427f,0.9955964541275747f,0.0020579088837745143f,0.40271174831521056f,-0.05965446480129389f,0.007678822270224143f,-0.9981895513968344f,0.4278057732422227f,0f,0f,0f,1f], start_interpolation: 0, interpolation_duration: 1 }
$data merge entity $(bone_eye_left5) { transformation: [-0.9938097802344497f,0.09342770583259771f,0.060111433964035364f,0.3650688493353231f,0.09372014479089427f,0.9955964541275747f,0.0020579088837745143f,0.4026358629251214f,-0.05965446480129389f,0.007678822270224143f,-0.9981895513968344f,0.46461401294998095f,0f,0f,0f,1f], start_interpolation: 0, interpolation_duration: 1 }
$data merge entity $(bone_pupil_right5) { transformation: [-0.9938097802344497f,0.09342770583259771f,0.060111433964035364f,0.1816115617024049f,0.09372014479089427f,0.9955964541275747f,0.0020579088837745143f,0.45131949307184843f,-0.05965446480129389f,0.007678822270224143f,-0.9981895513968344f,0.4542926324653059f,0f,0f,0f,1f], start_interpolation: 0, interpolation_duration: 1 }
$data merge entity $(bone_eyelid_right5) { transformation: [-0.9938097802344497f,0.09342770583259771f,0.060111433964035364f,0.18094612466878754f,0.09372014479089427f,0.9955964541275747f,0.0020579088837745143f,0.4202842754635033f,-0.05965446480129389f,0.007678822270224143f,-0.9981895513968344f,0.41662056109198004f,0f,0f,0f,1f], start_interpolation: 0, interpolation_duration: 1 }
$data merge entity $(bone_eye_right5) { transformation: [-0.9938097802344497f,0.09342770583259771f,0.060111433964035364f,0.17872951554136374f,0.09372014479089427f,0.9955964541275747f,0.0020579088837745143f,0.4202083900734141f,-0.05965446480129389f,0.007678822270224143f,-0.9981895513968344f,0.4534288007997383f,0f,0f,0f,1f], start_interpolation: 0, interpolation_duration: 1 }
$data merge entity $(bone_body6) { transformation: [-0.9938097802344497f,0.09342770583259771f,0.060111433964035364f,0.2617667714522818f,0.09372014479089427f,0.9955964541275747f,0.0020579088837745143f,0.16297575292180447f,-0.05965446480129389f,0.007678822270224143f,-0.9981895513968344f,0.23750000000000004f,0f,0f,0f,1f], start_interpolation: 0, interpolation_duration: 1 }
$data merge entity $(bone_nose6) { transformation: [-0.9999234600172218f,0.011144710861788861f,0.005373037036404325f,0.007470819000550926f,0.01089286949399183f,0.9989357347188146f,-0.04481900596810391f,0.8207492676692576f,-0.005866813562259263f,-0.044757047730935036f,-0.9989806740758485f,-0.0601000260528429f,0f,0f,0f,1f], start_interpolation: 0, interpolation_duration: 1 }
$data merge entity $(bone_pupil_left6) { transformation: [-0.9999234600172218f,0.011144710861788861f,0.005373037036404325f,0.10311906611209218f,0.01089286949399183f,0.9989357347188146f,-0.04481900596810391f,0.9915041761951823f,-0.005866813562259263f,-0.044757047730935036f,-0.9989806740758485f,-0.06536954109624334f,0f,0f,0f,1f], start_interpolation: 0, interpolation_duration: 1 }
$data merge entity $(bone_eyelid_left6) { transformation: [-0.9999234600172218f,0.011144710861788861f,0.005373037036404325f,0.10297228278652644f,0.01089286949399183f,0.9989357347188146f,-0.04481900596810391f,0.9586067217614154f,-0.005866813562259263f,-0.044757047730935036f,-0.9989806740758485f,-0.10143265863249594f,0f,0f,0f,1f], start_interpolation: 0, interpolation_duration: 1 }
$data merge entity $(bone_eye_left6) { transformation: [-0.9999234600172218f,0.011144710861788861f,0.005373037036404325f,0.10277415204580903f,0.01089286949399183f,0.9989357347188146f,-0.04481900596810391f,0.9602594226064892f,-0.005866813562259263f,-0.044757047730935036f,-0.9989806740758485f,-0.06459524627594902f,0f,0f,0f,1f], start_interpolation: 0, interpolation_duration: 1 }
$data merge entity $(bone_pupil_right6) { transformation: [-0.9999234600172218f,0.011144710861788861f,0.005373037036404325f,-0.08436658264113692f,0.01089286949399183f,0.9989357347188146f,-0.04481900596810391f,0.9935465892253058f,-0.005866813562259263f,-0.044757047730935036f,-0.9989806740758485f,-0.06646956863916695f,0f,0f,0f,1f], start_interpolation: 0, interpolation_duration: 1 }
$data merge entity $(bone_eyelid_right6) { transformation: [-0.9999234600172218f,0.011144710861788861f,0.005373037036404325f,-0.08451336596670266f,0.01089286949399183f,0.9989357347188146f,-0.04481900596810391f,0.9606491347915389f,-0.005866813562259263f,-0.044757047730935036f,-0.9989806740758485f,-0.10253268617541955f,0f,0f,0f,1f], start_interpolation: 0, interpolation_duration: 1 }
$data merge entity $(bone_eye_right6) { transformation: [-0.9999234600172218f,0.011144710861788861f,0.005373037036404325f,-0.08471149670742006f,0.01089286949399183f,0.9989357347188146f,-0.04481900596810391f,0.9623018356366128f,-0.005866813562259263f,-0.044757047730935036f,-0.9989806740758485f,-0.06569527381887263f,0f,0f,0f,1f], start_interpolation: 0, interpolation_duration: 1 }
$data merge entity $(bone_body3_3) { transformation: [-0.9999234600172218f,0.011144710861788861f,0.005373037036404325f,0.0063824014584635096f,0.01089286949399183f,0.9989357347188146f,-0.04481900596810391f,0.6080362889989757f,-0.005866813562259263f,-0.044757047730935036f,-0.9989806740758485f,-0.26953577318658856f,0f,0f,0f,1f], start_interpolation: 0, interpolation_duration: 1 }
$data merge entity $(bone_body7) { transformation: [-0.999599436740297f,0.02778662522664919f,0.005373037036404325f,-0.005774247078195512f,0.02751837832408793f,0.9986160401067287f,-0.04481900596810391f,0.17114177145228182f,-0.006610969890507535f,-0.04465319585505957f,-0.9989806740758485f,-0.25f,0f,0f,0f,1f], start_interpolation: 0, interpolation_duration: 1 }