# This file was generated by Animated Java via MC-Build. It is not recommended to edit this file directly.
$data merge entity $(bone_nose4) { transformation: [-0.9951548284290013f,-0.02429512905296698f,-0.09527126617582421f,-0.234687458968366f,-0.0316459492172817f,0.9965732976649292f,0.07642117690395585f,0.4780557654420631f,0.09308813755029313f,0.07906585284146479f,-0.992513571474904f,0.46180582672374093f,0f,0f,0f,1f], start_interpolation: 0, interpolation_duration: 1 }
$data merge entity $(bone_pupil_left4) { transformation: [-0.9951548284290013f,-0.02429512905296698f,-0.09527126617582421f,-0.14538878548504613f,-0.0316459492172817f,0.9965732976649292f,0.07642117690395585f,0.652165319010648f,0.09308813755029313f,0.07906585284146479f,-0.992513571474904f,0.46852922023204313f,0f,0f,0f,1f], start_interpolation: 0, interpolation_duration: 1 }
$data merge entity $(bone_eyelid_left4) { transformation: [-0.9951548284290013f,-0.02429512905296698f,-0.09527126617582421f,-0.14820223518373432f,-0.0316459492172817f,0.9965732976649292f,0.07642117690395585f,0.6238881975925172f,0.09308813755029313f,0.07906585284146479f,-0.992513571474904f,0.42883915340043843f,0f,0f,0f,1f], start_interpolation: 0, interpolation_duration: 1 }
$data merge entity $(bone_eye_left4) { transformation: [-0.9951548284290013f,-0.02429512905296698f,-0.09527126617582421f,-0.14468910724350081f,-0.0316459492172817f,0.9965732976649292f,0.07642117690395585f,0.6210701666941839f,0.09308813755029313f,0.07906585284146479f,-0.992513571474904f,0.4654380913485755f,0f,0f,0f,1f], start_interpolation: 0, interpolation_duration: 1 }
$data merge entity $(bone_pupil_right4) { transformation: [-0.9951548284290013f,-0.02429512905296698f,-0.09527126617582421f,-0.3319803158154839f,-0.0316459492172817f,0.9965732976649292f,0.07642117690395585f,0.6462317035324078f,0.09308813755029313f,0.07906585284146479f,-0.992513571474904f,0.4859832460227231f,0f,0f,0f,1f], start_interpolation: 0, interpolation_duration: 1 }
$data merge entity $(bone_eyelid_right4) { transformation: [-0.9951548284290013f,-0.02429512905296698f,-0.09527126617582421f,-0.33479376551417206f,-0.0316459492172817f,0.9965732976649292f,0.07642117690395585f,0.617954582114277f,0.09308813755029313f,0.07906585284146479f,-0.992513571474904f,0.4462931791911184f,0f,0f,0f,1f], start_interpolation: 0, interpolation_duration: 1 }
$data merge entity $(bone_eye_right4) { transformation: [-0.9951548284290013f,-0.02429512905296698f,-0.09527126617582421f,-0.33128063757393855f,-0.0316459492172817f,0.9965732976649292f,0.07642117690395585f,0.6151365512159437f,0.09308813755029313f,0.07906585284146479f,-0.992513571474904f,0.48289211713925545f,0f,0f,0f,1f], start_interpolation: 0, interpolation_duration: 1 }
$data merge entity $(bone_body1_3) { transformation: [-0.9951548284290013f,-0.02429512905296698f,-0.09527126617582421f,-0.2536299914870645f,-0.0316459492172817f,0.9965732976649292f,0.07642117690395585f,0.41691560900973085f,0.09308813755029313f,0.07906585284146479f,-0.992513571474904f,0.23851646321036618f,0f,0f,0f,1f], start_interpolation: 0, interpolation_duration: 1 }
$data merge entity $(bone_body5) { transformation: [-0.9951548284290013f,-0.02429512905296698f,-0.09527126617582421f,-0.24755620922382274f,-0.0316459492172817f,0.9965732976649292f,0.07642117690395585f,0.16777228459349855f,0.09308813755029313f,0.07906585284146479f,-0.992513571474904f,0.21874999999999997f,0f,0f,0f,1f], start_interpolation: 0, interpolation_duration: 1 }
$data merge entity $(bone_nose5) { transformation: [-0.9937262793776774f,0.09473303189661901f,0.05944522135438885f,0.25957022381579226f,0.0949601511924829f,0.9954805712179062f,0.001001006079910017f,0.27123866526825857f,-0.05908173456914507f,0.006639653254906793f,-0.9982310672609602f,0.45658925803809053f,0f,0f,0f,1f], start_interpolation: 0, interpolation_duration: 1 }
$data merge entity $(bone_pupil_left5) { transformation: [-0.9937262793776774f,0.09473303189661901f,0.05944522135438885f,0.36890284257464145f,0.0949601511924829f,0.9954805712179062f,0.001001006079910017f,0.4334324973856411f,-0.05908173456914507f,0.006639653254906793f,-0.9982310672609602f,0.4651410443082492f,0f,0f,0f,1f], start_interpolation: 0, interpolation_duration: 1 }
$data merge entity $(bone_eyelid_left5) { transformation: [-0.9937262793776774f,0.09473303189661901f,0.05944522135438885f,0.3681716311286617f,0.0949601511924829f,0.9954805712179062f,0.001001006079910017f,0.4023612672630782f,-0.05908173456914507f,0.006639653254906793f,-0.9982310672609602f,0.4274998901217474f,0f,0f,0f,1f], start_interpolation: 0, interpolation_duration: 1 }
$data merge entity $(bone_eye_left5) { transformation: [-0.9937262793776774f,0.09473303189661901f,0.05944522135438885f,0.3659795885912186f,0.0949601511924829f,0.9954805712179062f,0.001001006079910017f,0.4023243551638815f,-0.05908173456914507f,0.006639653254906793f,-0.9982310672609602f,0.46430966072699525f,0f,0f,0f,1f], start_interpolation: 0, interpolation_duration: 1 }
$data merge entity $(bone_pupil_right5) { transformation: [-0.9937262793776774f,0.09473303189661901f,0.05944522135438885f,0.18257916519132694f,0.0949601511924829f,0.9954805712179062f,0.001001006079910017f,0.45123752573423165f,-0.05908173456914507f,0.006639653254906793f,-0.9982310672609602f,0.4540632190765345f,0f,0f,0f,1f], start_interpolation: 0, interpolation_duration: 1 }
$data merge entity $(bone_eyelid_right5) { transformation: [-0.9937262793776774f,0.09473303189661901f,0.05944522135438885f,0.18184795374534718f,0.0949601511924829f,0.9954805712179062f,0.001001006079910017f,0.42016629561166874f,-0.05908173456914507f,0.006639653254906793f,-0.9982310672609602f,0.41642206489003264f,0f,0f,0f,1f], start_interpolation: 0, interpolation_duration: 1 }
$data merge entity $(bone_eye_right5) { transformation: [-0.9937262793776774f,0.09473303189661901f,0.05944522135438885f,0.17965591120790408f,0.0949601511924829f,0.9954805712179062f,0.001001006079910017f,0.42012938351247203f,-0.05908173456914507f,0.006639653254906793f,-0.9982310672609602f,0.45323183549528057f,0f,0f,0f,1f], start_interpolation: 0, interpolation_duration: 1 }
$data merge entity $(bone_body6) { transformation: [-0.9937262793776774f,0.09473303189661901f,0.05944522135438885f,0.2622124406233721f,0.0949601511924829f,0.9954805712179062f,0.001001006079910017f,0.16257694787128038f,-0.05908173456914507f,0.006639653254906793f,-0.9982310672609602f,0.23750000000000004f,0f,0f,0f,1f], start_interpolation: 0, interpolation_duration: 1 }
$data merge entity $(bone_nose6) { transformation: [-0.9999130522327224f,0.011407229370212362f,0.006615367921475866f,0.007730236706693861f,0.011105588427542775f,0.9989711715206111f,-0.043968902379019695f,0.8191660002219737f,-0.0071101251971505686f,-0.04389161182769551f,-0.9990109972021568f,-0.05952873397144148f,0f,0f,0f,1f], start_interpolation: 0, interpolation_duration: 1 }
$data merge entity $(bone_pupil_left6) { transformation: [-0.9999130522327224f,0.011407229370212362f,0.006615367921475866f,0.10342029908666406f,0.011105588427542775f,0.9989711715206111f,-0.043968902379019695f,0.9899054631039571f,-0.0071101251971505686f,-0.04389161182769551f,-0.9990109972021568f,-0.06453288489733976f,0f,0f,0f,1f], start_interpolation: 0, interpolation_duration: 1 }
$data merge entity $(bone_eyelid_left6) { transformation: [-0.9999130522327224f,0.011407229370212362f,0.006615367921475866f,0.10331189946590028f,0.011105588427542775f,0.9989711715206111f,-0.043968902379019695f,0.9570387801547248f,-0.0071101251971505686f,-0.04389161182769551f,-0.9990109972021568f,-0.10062418442280516f,0f,0f,0f,1f], start_interpolation: 0, interpolation_duration: 1 }
$data merge entity $(bone_eye_left6) { transformation: [-0.9999130522327224f,0.011407229370212362f,0.006615367921475866f,0.10306795777379585f,0.011105588427542775f,0.9989711715206111f,-0.043968902379019695f,0.9586601334299512f,-0.0071101251971505686f,-0.04389161182769551f,-0.9990109972021568f,-0.06378565390097563f,0f,0f,0f,1f], start_interpolation: 0, interpolation_duration: 1 }
$data merge entity $(bone_pupil_right6) { transformation: [-0.9999130522327224f,0.011407229370212362f,0.006615367921475866f,-0.0840633982069714f,0.011105588427542775f,0.9989711715206111f,-0.043968902379019695f,0.9919877609341214f,-0.0071101251971505686f,-0.04389161182769551f,-0.9990109972021568f,-0.0658660333718055f,0f,0f,0f,1f], start_interpolation: 0, interpolation_duration: 1 }
$data merge entity $(bone_eyelid_right6) { transformation: [-0.9999130522327224f,0.011407229370212362f,0.006615367921475866f,-0.08417179782773518f,0.011105588427542775f,0.9989711715206111f,-0.043968902379019695f,0.9591210779848891f,-0.0071101251971505686f,-0.04389161182769551f,-0.9990109972021568f,-0.10195733289727091f,0f,0f,0f,1f], start_interpolation: 0, interpolation_duration: 1 }
$data merge entity $(bone_eye_right6) { transformation: [-0.9999130522327224f,0.011407229370212362f,0.006615367921475866f,-0.0844157395198396f,0.011105588427542775f,0.9989711715206111f,-0.043968902379019695f,0.9607424312601155f,-0.0071101251971505686f,-0.04389161182769551f,-0.9990109972021568f,-0.06511880237544136f,0f,0f,0f,1f], start_interpolation: 0, interpolation_duration: 1 }
$data merge entity $(bone_body3_3) { transformation: [-0.9999130522327224f,0.011407229370212362f,0.006615367921475866f,0.006860254973692321f,0.011105588427542775f,0.9989711715206111f,-0.043968902379019695f,0.606631783611439f,-0.0071101251971505686f,-0.04389161182769551f,-0.9990109972021568f,-0.26914690595691265f,0f,0f,0f,1f], start_interpolation: 0, interpolation_duration: 1 }
$data merge entity $(bone_body7) { transformation: [-0.9995744852525111f,0.02840924742827335f,0.006615367921475866f,-0.005568790776177269f,0.028091633283167026f,0.9986378701827145f,-0.043968902379019695f,0.16972771540650144f,-0.007855480358412877f,-0.043764356472943196f,-0.9990109972021568f,-0.25f,0f,0f,0f,1f], start_interpolation: 0, interpolation_duration: 1 }