# This file was generated by Animated Java via MC-Build. It is not recommended to edit this file directly.
$data merge entity $(bone_nose4) { transformation: [-0.9950214572031844f,-0.024937009841543147f,-0.09649064848685733f,-0.23487112597054327f,-0.03230868165950634f,0.996614224217987f,0.07560580120470049f,0.47971564265629774f,0.09427857017730042f,0.07834688013279657f,-0.9924582195633129f,0.4615578055730486f,0f,0f,0f,1f], start_interpolation: 0, interpolation_duration: 1 }
$data merge entity $(bone_pupil_left4) { transformation: [-0.9950214572031844f,-0.024937009841543147f,-0.09649064848685733f,-0.1456929929583471f,-0.03230868165950634f,0.996614224217987f,0.07560580120470049f,0.6538958904720842f,0.09427857017730042f,0.07834688013279657f,-0.9924582195633129f,0.4680459188034322f,0f,0f,0f,1f], start_interpolation: 0, interpolation_duration: 1 }
$data merge entity $(bone_eyelid_left4) { transformation: [-0.9950214572031844f,-0.024937009841543147f,-0.09649064848685733f,-0.14853211071905603f,-0.03230868165950634f,0.996614224217987f,0.07560580120470049f,0.6255869135104484f,0.09427857017730042f,0.07834688013279657f,-0.9924582195633129f,0.42838039556565805f,0f,0f,0f,1f], start_interpolation: 0, interpolation_duration: 1 }
$data merge entity $(bone_eye_left4) { transformation: [-0.9950214572031844f,-0.024937009841543147f,-0.09649064848685733f,-0.14497401805610316f,-0.03230868165950634f,0.996614224217987f,0.07560580120470049f,0.622798949591025f,0.09427857017730042f,0.07834688013279657f,-0.9924582195633129f,0.4649772924120552f,0f,0f,0f,1f], start_interpolation: 0, interpolation_duration: 1 }
$data merge entity $(bone_pupil_right4) { transformation: [-0.9950214572031844f,-0.024937009841543147f,-0.09649064848685733f,-0.33225951618394417f,-0.03230868165950634f,0.996614224217987f,0.07560580120470049f,0.6478380126609267f,0.09427857017730042f,0.07834688013279657f,-0.9924582195633129f,0.48572315071167604f,0f,0f,0f,1f], start_interpolation: 0, interpolation_duration: 1 }
$data merge entity $(bone_eyelid_right4) { transformation: [-0.9950214572031844f,-0.024937009841543147f,-0.09649064848685733f,-0.3350986339446531f,-0.03230868165950634f,0.996614224217987f,0.07560580120470049f,0.6195290356992909f,0.09427857017730042f,0.07834688013279657f,-0.9924582195633129f,0.4460576274739019f,0f,0f,0f,1f], start_interpolation: 0, interpolation_duration: 1 }
$data merge entity $(bone_eye_right4) { transformation: [-0.9950214572031844f,-0.024937009841543147f,-0.09649064848685733f,-0.33154054128170024f,-0.03230868165950634f,0.996614224217987f,0.07560580120470049f,0.6167410717798675f,0.09427857017730042f,0.07834688013279657f,-0.9924582195633129f,0.48265452432029904f,0f,0f,0f,1f], start_interpolation: 0, interpolation_duration: 1 }
$data merge entity $(bone_body1_3) { transformation: [-0.9950214572031844f,-0.024937009841543147f,-0.09649064848685733f,-0.25403025143317276f,-0.03230868165950634f,0.996614224217987f,0.07560580120470049f,0.41839392540279574f,0.09427857017730042f,0.07834688013279657f,-0.9924582195633129f,0.2383367200331991f,0f,0f,0f,1f], start_interpolation: 0, interpolation_duration: 1 }
$data merge entity $(bone_body5) { transformation: [-0.9950214572031844f,-0.024937009841543147f,-0.09649064848685733f,-0.24779599897278695f,-0.03230868165950634f,0.996614224217987f,0.07560580120470049f,0.16924036934829903f,0.09427857017730042f,0.07834688013279657f,-0.9924582195633129f,0.21874999999999997f,0f,0f,0f,1f], start_interpolation: 0, interpolation_duration: 1 }
$data merge entity $(bone_nose5) { transformation: [-0.9936511815936125f,0.09599624293594818f,0.05866899231962313f,0.2603063630306764f,0.09615206183706494f,0.9953666424125378f,-0.00016785968059068864f,0.2714242124831685f,-0.05841327179758738f,0.0054743506074738275f,-0.9982774770389882f,0.4564719551999712f,0f,0f,0f,1f], start_interpolation: 0, interpolation_duration: 1 }
$data merge entity $(bone_pupil_left5) { transformation: [-0.9936511815936125f,0.09599624293594818f,0.05866899231962313f,0.3698505111990944f,0.09615206183706494f,0.9953666424125378f,-0.00016785968059068864f,0.43348891308749965f,-0.05841327179758738f,0.0054743506074738275f,-0.9982774770389882f,0.4647608737111027f,0f,0f,0f,1f], start_interpolation: 0, interpolation_duration: 1 }
$data merge entity $(bone_eyelid_left5) { transformation: [-0.9936511815936125f,0.09599624293594818f,0.05866899231962313f,0.36905071581933185f,0.09615206183706494f,0.9953666424125378f,-0.00016785968059068864f,0.40237741077408573f,-0.05841327179758738f,0.0054743506074738275f,-0.9982774770389882f,0.42715439486565704f,0f,0f,0f,1f], start_interpolation: 0, interpolation_duration: 1 }
$data merge entity $(bone_eye_left5) { transformation: [-0.9936511815936125f,0.09599624293594818f,0.05866899231962313f,0.3668872967275458f,0.09615206183706494f,0.9953666424125378f,-0.00016785968059068864f,0.4023836005998075f,-0.05841327179758738f,0.0054743506074738275f,-0.9982774770389882f,0.4639658768314697f,0f,0f,0f,1f], start_interpolation: 0, interpolation_duration: 1 }
$data merge entity $(bone_pupil_right5) { transformation: [-0.9936511815936125f,0.09599624293594818f,0.05866899231962313f,0.18354091465029204f,0.09615206183706494f,0.9953666424125378f,-0.00016785968059068864f,0.45151742468194933f,-0.05841327179758738f,0.0054743506074738275f,-0.9982774770389882f,0.45380838524905504f,0f,0f,0f,1f], start_interpolation: 0, interpolation_duration: 1 }
$data merge entity $(bone_eyelid_right5) { transformation: [-0.9936511815936125f,0.09599624293594818f,0.05866899231962313f,0.18274111927052952f,0.09615206183706494f,0.9953666424125378f,-0.00016785968059068864f,0.4204059223685354f,-0.05841327179758738f,0.0054743506074738275f,-0.9982774770389882f,0.4162019064036094f,0f,0f,0f,1f], start_interpolation: 0, interpolation_duration: 1 }
$data merge entity $(bone_eye_right5) { transformation: [-0.9936511815936125f,0.09599624293594818f,0.05866899231962313f,0.18057770017874342f,0.09615206183706494f,0.9953666424125378f,-0.00016785968059068864f,0.42041211219425717f,-0.05841327179758738f,0.0054743506074738275f,-0.9982774770389882f,0.45301338836942207f,0f,0f,0f,1f], start_interpolation: 0, interpolation_duration: 1 }
$data merge entity $(bone_body6) { transformation: [-0.9936511815936125f,0.09599624293594818f,0.05866899231962313f,0.26264061602947464f,0.09615206183706494f,0.9953666424125378f,-0.00016785968059068864f,0.16251926666416794f,-0.05841327179758738f,0.0054743506074738275f,-0.9982774770389882f,0.23750000000000004f,0f,0f,0f,1f], start_interpolation: 0, interpolation_duration: 1 }
$data merge entity $(bone_nose6) { transformation: [-0.9998991505352315f,0.011867463760000661f,0.007800773219836706f,0.008117206347755826f,0.011518990404528789f,0.9989960034430927f,-0.04329316302591463f,0.8175597261480557f,-0.008306721313648619f,-0.04319893990172812f,-0.9990319564320174f,-0.05907053603313511f,0f,0f,0f,1f], start_interpolation: 0, interpolation_duration: 1 }
$data merge entity $(bone_pupil_left6) { transformation: [-0.9998991505352315f,0.011867463760000661f,0.007800773219836706f,0.1038828455943967f,0.011518990404528789f,0.9989960034430927f,-0.04329316302591463f,0.9882634335700863f,-0.008306721313648619f,-0.04319893990172812f,-0.9990319564320174f,-0.06384341378728005f,0f,0f,0f,1f], start_interpolation: 0, interpolation_duration: 1 }
$data merge entity $(bone_eyelid_left6) { transformation: [-0.9998991505352315f,0.011867463760000661f,0.007800773219836706f,0.10380451634764055f,0.011518990404528789f,0.9989960034430927f,-0.04329316302591463f,0.9554213148490178f,-0.008306721313648619f,-0.04319893990172812f,-0.9990319564320174f,-0.0999571452815517f,0f,0f,0f,1f], start_interpolation: 0, interpolation_duration: 1 }
$data merge entity $(bone_eye_left6) { transformation: [-0.9998991505352315f,0.011867463760000661f,0.007800773219836706f,0.10351686283515908f,0.011518990404528789f,0.9989960034430927f,-0.04329316302591463f,0.9570177502355984f,-0.008306721313648619f,-0.04319893990172812f,-0.9990319564320174f,-0.06311784188812106f,0f,0f,0f,1f], start_interpolation: 0, interpolation_duration: 1 }
$data merge entity $(bone_pupil_right6) { transformation: [-0.9998991505352315f,0.011867463760000661f,0.007800773219836706f,-0.0835982451309592f,0.011518990404528789f,0.9989960034430927f,-0.04329316302591463f,0.9904232442709354f,-0.008306721313648619f,-0.04319893990172812f,-0.9990319564320174f,-0.06540092403358916f,0f,0f,0f,1f], start_interpolation: 0, interpolation_duration: 1 }
$data merge entity $(bone_eyelid_right6) { transformation: [-0.9998991505352315f,0.011867463760000661f,0.007800773219836706f,-0.08367657437771535f,0.011518990404528789f,0.9989960034430927f,-0.04329316302591463f,0.957581125549867f,-0.008306721313648619f,-0.04319893990172812f,-0.9990319564320174f,-0.10151465552786082f,0f,0f,0f,1f], start_interpolation: 0, interpolation_duration: 1 }
$data merge entity $(bone_eye_right6) { transformation: [-0.9998991505352315f,0.011867463760000661f,0.007800773219836706f,-0.08396422789019682f,0.011518990404528789f,0.9989960034430927f,-0.04329316302591463f,0.9591775609364476f,-0.008306721313648619f,-0.04319893990172812f,-0.9990319564320174f,-0.06467535213443017f,0f,0f,0f,1f], start_interpolation: 0, interpolation_duration: 1 }
$data merge entity $(bone_body3_3) { transformation: [-0.9998991505352315f,0.011867463760000661f,0.007800773219836706f,0.007413046913344971f,0.011518990404528789f,0.9989960034430927f,-0.04329316302591463f,0.6051682835367587f,-0.008306721313648619f,-0.04319893990172812f,-0.9990319564320174f,-0.26883399183510037f,0f,0f,0f,1f], start_interpolation: 0, interpolation_duration: 1 }
$data merge entity $(bone_body7) { transformation: [-0.9995453470920735f,0.029124681006989752f,0.007800773219836706f,-0.005329001027213045f,0.02876067059171739f,0.9986483494515606f,-0.04329316302591463f,0.16825963065170096f,-0.00905112886334923f,-0.04304912419451514f,-0.9990319564320174f,-0.25f,0f,0f,0f,1f], start_interpolation: 0, interpolation_duration: 1 }