# This file was generated by Animated Java via MC-Build. It is not recommended to edit this file directly.
$data merge entity $(bone_nose4) { transformation: [-0.9947569451103632f,-0.02645120099399033f,-0.09878741883799494f,-0.2354420151703415f,-0.033903216615081805f,0.9966419420270395f,0.07453463151932932f,0.4827343026122437f,0.09648415443920702f,0.07749305361480399f,-0.9923132744167057f,0.4612459369960119f,0f,0f,0f,1f], start_interpolation: 0, interpolation_duration: 1 }
$data merge entity $(bone_pupil_left4) { transformation: [-0.9947569451103632f,-0.02645120099399033f,-0.09878741883799494f,-0.1465446253267658f,-0.033903216615081805f,0.9966419420270395f,0.07453463151932932f,0.6570708105217063f,0.09648415443920702f,0.07749305361480399f,-0.9923132744167057f,0.46738025349691203f,0f,0f,0f,1f], start_interpolation: 0, interpolation_duration: 1 }
$data merge entity $(bone_eyelid_left4) { transformation: [-0.9947569451103632f,-0.02645120099399033f,-0.09878741883799494f,-0.1494225535021284f,-0.033903216615081805f,0.9966419420270395f,0.07453463151932932f,0.6287207985153362f,0.09648415443920702f,0.07749305361480399f,-0.9923132744167057f,0.4277468477808229f,0f,0f,0f,1f], start_interpolation: 0, interpolation_duration: 1 }
$data merge entity $(bone_eye_left4) { transformation: [-0.9947569451103632f,-0.02645120099399033f,-0.09878741883799494f,-0.14577976743247734f,-0.033903216615081805f,0.9966419420270395f,0.07453463151932932f,0.625972333978061f,0.09648415443920702f,0.07749305361480399f,-0.9923132744167057f,0.4643383997749389f,0f,0f,0f,1f], start_interpolation: 0, interpolation_duration: 1 }
$data merge entity $(bone_pupil_right4) { transformation: [-0.9947569451103632f,-0.02645120099399033f,-0.09878741883799494f,-0.3330615525349589f,-0.033903216615081805f,0.9966419420270395f,0.07453463151932932f,0.6507139574063785f,0.09648415443920702f,0.07749305361480399f,-0.9923132744167057f,0.4854710324542633f,0f,0f,0f,1f], start_interpolation: 0, interpolation_duration: 1 }
$data merge entity $(bone_eyelid_right4) { transformation: [-0.9947569451103632f,-0.02645120099399033f,-0.09878741883799494f,-0.33593948071032154f,-0.033903216615081805f,0.9966419420270395f,0.07453463151932932f,0.6223639454000084f,0.09648415443920702f,0.07749305361480399f,-0.9923132744167057f,0.4458376267381742f,0f,0f,0f,1f], start_interpolation: 0, interpolation_duration: 1 }
$data merge entity $(bone_eye_right4) { transformation: [-0.9947569451103632f,-0.02645120099399033f,-0.09878741883799494f,-0.33229669464067046f,-0.033903216615081805f,0.9966419420270395f,0.07453463151932932f,0.6196154808627331f,0.09648415443920702f,0.07749305361480399f,-0.9923132744167057f,0.4824291787322902f,0f,0f,0f,1f], start_interpolation: 0, interpolation_duration: 1 }
$data merge entity $(bone_body1_3) { transformation: [-0.9947569451103632f,-0.02645120099399033f,-0.09878741883799494f,-0.2549852629634974f,-0.033903216615081805f,0.9966419420270395f,0.07453463151932932f,0.4211761015362345f,0.09648415443920702f,0.07749305361480399f,-0.9923132744167057f,0.23812326340370096f,0f,0f,0f,1f], start_interpolation: 0, interpolation_duration: 1 }
$data merge entity $(bone_body5) { transformation: [-0.9947569451103632f,-0.02645120099399033f,-0.09878741883799494f,-0.24837246271499983f,-0.033903216615081805f,0.9966419420270395f,0.07453463151932932f,0.17201561602947468f,0.09648415443920702f,0.07749305361480399f,-0.9923132744167057f,0.21874999999999997f,0f,0f,0f,1f], start_interpolation: 0, interpolation_duration: 1 }
$data merge entity $(bone_nose5) { transformation: [-0.9935279882967182f,0.09835805440003738f,0.05681399128485524f,0.2617639019085056f,0.09836258035843469f,0.9951469162143151f,-0.0027235885095858708f,0.27286097792019953f,-0.05680615509173983f,0.0028824093703630734f,-0.9983810657559141f,0.4562111216589897f,0f,0f,0f,1f], start_interpolation: 0, interpolation_duration: 1 }
$data merge entity $(bone_pupil_left5) { transformation: [-0.9935279882967182f,0.09835805440003738f,0.05681399128485524f,0.37170591517767027f,0.09836258035843469f,0.9951469162143151f,-0.0027235885095858708f,0.4346854689643872f,-0.05680615509173983f,0.0028824093703630734f,-0.9983810657559141f,0.46390407730766386f,0f,0f,0f,1f], start_interpolation: 0, interpolation_duration: 1 }
$data merge entity $(bone_eyelid_left5) { transformation: [-0.9935279882967182f,0.09835805440003738f,0.05681399128485524f,0.3707627506508512f,0.09836258035843469f,0.9951469162143151f,-0.0027235885095858708f,0.4034849932635804f,-0.05680615509173983f,0.0028824093703630734f,-0.9983810657559141f,0.4263747120489932f,0f,0f,0f,1f], start_interpolation: 0, interpolation_duration: 1 }
$data merge entity $(bone_eye_left5) { transformation: [-0.9935279882967182f,0.09835805440003738f,0.05681399128485524f,0.36866773472222214f,0.09836258035843469f,0.9951469162143151f,-0.0027235885095858708f,0.40358542558987137f,-0.05680615509173983f,0.0028824093703630734f,-0.9983810657559141f,0.46319001384874253f,0f,0f,0f,1f], start_interpolation: 0, interpolation_duration: 1 }
$data merge entity $(bone_pupil_right5) { transformation: [-0.9935279882967182f,0.09835805440003738f,0.05681399128485524f,0.1854194173720356f,0.09836258035843469f,0.9951469162143151f,-0.0027235885095858708f,0.4531284527815937f,-0.05680615509173983f,0.0028824093703630734f,-0.9983810657559141f,0.4532529232279627f,0f,0f,0f,1f], start_interpolation: 0, interpolation_duration: 1 }
$data merge entity $(bone_eyelid_right5) { transformation: [-0.9935279882967182f,0.09835805440003738f,0.05681399128485524f,0.18447625284521652f,0.09836258035843469f,0.9951469162143151f,-0.0027235885095858708f,0.4219279770807869f,-0.05680615509173983f,0.0028824093703630734f,-0.9983810657559141f,0.415723557969292f,0f,0f,0f,1f], start_interpolation: 0, interpolation_duration: 1 }
$data merge entity $(bone_eye_right5) { transformation: [-0.9935279882967182f,0.09835805440003738f,0.05681399128485524f,0.18238123691658747f,0.09836258035843469f,0.9951469162143151f,-0.0027235885095858708f,0.42202840940707786f,-0.05680615509173983f,0.0028824093703630734f,-0.9983810657559141f,0.45253885976904135f,0f,0f,0f,1f], start_interpolation: 0, interpolation_duration: 1 }
$data merge entity $(bone_body6) { transformation: [-0.9935279882967182f,0.09835805440003738f,0.05681399128485524f,0.2634340503020636f,0.09836258035843469f,0.9951469162143151f,-0.0027235885095858708f,0.16342099897278692f,-0.05680615509173983f,0.0028824093703630734f,-0.9983810657559141f,0.23750000000000004f,0f,0f,0f,1f], start_interpolation: 0, interpolation_duration: 1 }
$data merge entity $(bone_nose6) { transformation: [-0.9998608900495295f,0.013371917234883124f,0.009969572650137875f,0.00926618721692488f,0.012936488186953189f,0.9990114196012339f,-0.04253035127666136f,0.8146142547057897f,-0.010528429263273895f,-0.04239546362278428f,-0.9990454328214795f,-0.058535194715193695f,0f,0f,0f,1f], start_interpolation: 0, interpolation_duration: 1 }
$data merge entity $(bone_pupil_left6) { transformation: [-0.9998608900495295f,0.013371917234883124f,0.009969572650137875f,0.10528275098509479f,0.012936488186953189f,0.9990114196012339f,-0.04253035127666136f,0.9851862910908686f,-0.010528429263273895f,-0.04239546362278428f,-0.9990454328214795f,-0.06296166459538755f,0f,0f,0f,1f], start_interpolation: 0, interpolation_duration: 1 }
$data merge entity $(bone_eyelid_left6) { transformation: [-0.9998608900495295f,0.013371917234883124f,0.009969572650137875f,0.10523873754588486f,0.012936488186953189f,0.9990114196012339f,-0.04253035127666136f,0.9523722960554553f,-0.010528429263273895f,-0.04239546362278428f,-0.9990454328214795f,-0.09910101008798103f,0f,0f,0f,1f], start_interpolation: 0, interpolation_duration: 1 }
$data merge entity $(bone_eye_left6) { transformation: [-0.9998608900495295f,0.013371917234883124f,0.009969572650137875f,0.10487110955441103f,0.012936488186953189f,0.9990114196012339f,-0.04253035127666136f,0.9539406027587821f,-0.010528429263273895f,-0.04239546362278428f,-0.9990454328214795f,-0.062261209752688965f,0f,0f,0f,1f], start_interpolation: 0, interpolation_duration: 1 }
$data merge entity $(bone_pupil_right6) { transformation: [-0.9998608900495295f,0.013371917234883124f,0.009969572650137875f,-0.08219116589919198f,0.012936488186953189f,0.9990114196012339f,-0.04253035127666136f,0.9876118826259224f,-0.010528429263273895f,-0.04239546362278428f,-0.9990454328214795f,-0.0649357450822514f,0f,0f,0f,1f], start_interpolation: 0, interpolation_duration: 1 }
$data merge entity $(bone_eyelid_right6) { transformation: [-0.9998608900495295f,0.013371917234883124f,0.009969572650137875f,-0.08223517933840191f,0.012936488186953189f,0.9990114196012339f,-0.04253035127666136f,0.954797887590509f,-0.010528429263273895f,-0.04239546362278428f,-0.9990454328214795f,-0.10107509057484489f,0f,0f,0f,1f], start_interpolation: 0, interpolation_duration: 1 }
$data merge entity $(bone_eye_right6) { transformation: [-0.9998608900495295f,0.013371917234883124f,0.009969572650137875f,-0.08260280732987574f,0.012936488186953189f,0.9990114196012339f,-0.04253035127666136f,0.9563661942938358f,-0.010528429263273895f,-0.04239546362278428f,-0.9990454328214795f,-0.06423529023955282f,0f,0f,0f,1f], start_interpolation: 0, interpolation_duration: 1 }
$data merge entity $(bone_body3_3) { transformation: [-0.9998608900495295f,0.013371917234883124f,0.009969572650137875f,0.008730860545806905f,0.012936488186953189f,0.9990114196012339f,-0.04253035127666136f,0.6023865457575194f,-0.010528429263273895f,-0.04239546362278428f,-0.9990454328214795f,-0.2684648045965143f,0f,0f,0f,1f], start_interpolation: 0, interpolation_duration: 1 }
$data merge entity $(bone_body7) { transformation: [-0.9994752547402794f,0.030819195041844726f,0.009969572650137875f,-0.0047525372850001635f,0.03036900756774239f,0.9986335126559864f,-0.04253035127666136f,0.1654843839705253f,-0.011266700546479833f,-0.04220526764917548f,-0.9990454328214795f,-0.25f,0f,0f,0f,1f], start_interpolation: 0, interpolation_duration: 1 }