# This file was generated by Animated Java via MC-Build. It is not recommended to edit this file directly.
$data merge entity $(bone_nose4) { transformation: [-0.996732881392168f,-0.03690955143431863f,-0.07184182740286973f,-0.2480615132959087f,-0.043151494543133655f,0.995241149527416f,0.08736705789965399f,0.48026100857519777f,0.0682752639713699f,0.09018170158222219f,-0.9935822809558224f,0.46568699479075276f,0f,0f,0f,1f], start_interpolation: 0, interpolation_duration: 1 }
$data merge entity $(bone_pupil_left4) { transformation: [-0.996732881392168f,-0.03690955143431863f,-0.07184182740286973f,-0.16082693139178603f,-0.043151494543133655f,0.995241149527416f,0.08736705789965399f,0.6551997205300794f,0.0682752639713699f,0.09018170158222219f,-0.9935822809558224f,0.4766491355296735f,0f,0f,0f,1f], start_interpolation: 0, interpolation_duration: 1 }
$data merge entity $(bone_eyelid_left4) { transformation: [-0.996732881392168f,-0.03690955143431863f,-0.07184182740286973f,-0.1623675764370712f,-0.043151494543133655f,0.995241149527416f,0.08736705789965399f,0.6273746992785847f,0.0682752639713699f,0.09018170158222219f,-0.9935822809558224f,0.43657162181938564f,0f,0f,0f,1f], start_interpolation: 0, interpolation_duration: 1 }
$data merge entity $(bone_eye_left4) { transformation: [-0.996732881392168f,-0.03690955143431863f,-0.07184182740286973f,-0.15971840905159038f,-0.043151494543133655f,0.995241149527416f,0.08736705789965399f,0.6241530390185349f,0.0682752639713699f,0.09018170158222219f,-0.9935822809558224f,0.4732099684296316f,0f,0f,0f,1f], start_interpolation: 0, interpolation_duration: 1 }
$data merge entity $(bone_pupil_right4) { transformation: [-0.996732881392168f,-0.03690955143431863f,-0.07184182740286973f,-0.34771434665281753f,-0.043151494543133655f,0.995241149527416f,0.08736705789965399f,0.6471088153032417f,0.0682752639713699f,0.09018170158222219f,-0.9935822809558224f,0.48945074752430534f,0f,0f,0f,1f], start_interpolation: 0, interpolation_duration: 1 }
$data merge entity $(bone_eyelid_right4) { transformation: [-0.996732881392168f,-0.03690955143431863f,-0.07184182740286973f,-0.3492549916981027f,-0.043151494543133655f,0.995241149527416f,0.08736705789965399f,0.619283794051747f,0.0682752639713699f,0.09018170158222219f,-0.9935822809558224f,0.4493732338140175f,0f,0f,0f,1f], start_interpolation: 0, interpolation_duration: 1 }
$data merge entity $(bone_eye_right4) { transformation: [-0.996732881392168f,-0.03690955143431863f,-0.07184182740286973f,-0.3466058243126219f,-0.043151494543133655f,0.995241149527416f,0.08736705789965399f,0.6160621337916973f,0.0682752639713699f,0.09018170158222219f,-0.9935822809558224f,0.48601158042426346f,0f,0f,0f,1f], start_interpolation: 0, interpolation_duration: 1 }
$data merge entity $(bone_body1_3) { transformation: [-0.996732881392168f,-0.03690955143431863f,-0.07184182740286973f,-0.2608933543344803f,-0.043151494543133655f,0.995241149527416f,0.08736705789965399f,0.4216193376839177f,0.0682752639713699f,0.09018170158222219f,-0.9935822809558224f,0.2412954253955555f,0f,0f,0f,1f], start_interpolation: 0, interpolation_duration: 1 }
$data merge entity $(bone_body5) { transformation: [-0.996732881392168f,-0.03690955143431863f,-0.07184182740286973f,-0.2516659664759006f,-0.043151494543133655f,0.995241149527416f,0.08736705789965399f,0.17280905030206364f,0.0682752639713699f,0.09018170158222219f,-0.9935822809558224f,0.21874999999999997f,0f,0f,0f,1f], start_interpolation: 0, interpolation_duration: 1 }
$data merge entity $(bone_nose5) { transformation: [-0.9963929124138334f,0.07061330403586935f,0.047062993791477985f,0.2507259882345519f,0.07023783463866237f,0.9974842070584834f,-0.00958661849562178f,0.2751943706579387f,-0.047621535850397974f,-0.006246435947526684f,-0.9988459197299665f,0.4553143410091695f,0f,0f,0f,1f], start_interpolation: 0, interpolation_duration: 1 }
$data merge entity $(bone_pupil_left5) { transformation: [-0.9963929124138334f,0.07061330403586935f,0.047062993791477985f,0.3561862422911548f,0.07023783463866237f,0.9974842070584834f,-0.00958661849562178f,0.44007014665842026f,-0.047621535850397974f,-0.006246435947526684f,-0.9988459197299665f,0.46057808991615684f,0f,0f,0f,1f], start_interpolation: 0, interpolation_duration: 1 }
$data merge entity $(bone_eyelid_left5) { transformation: [-0.9963929124138334f,0.07061330403586935f,0.047062993791477985f,0.3557444388072143f,0.07023783463866237f,0.9974842070584834f,-0.00958661849562178f,0.40853926699425686f,-0.047621535850397974f,-0.006246435947526684f,-0.9988459197299665f,0.4233165690496433f,0f,0f,0f,1f], start_interpolation: 0, interpolation_duration: 1 }
$data merge entity $(bone_eye_left5) { transformation: [-0.9963929124138334f,0.07061330403586935f,0.047062993791477985f,0.35400899091115356f,0.07023783463866237f,0.9974842070584834f,-0.00958661849562178f,0.4088927735512829f,-0.047621535850397974f,-0.006246435947526684f,-0.9988459197299665f,0.4601490123396858f,0f,0f,0f,1f], start_interpolation: 0, interpolation_duration: 1 }
$data merge entity $(bone_pupil_right5) { transformation: [-0.9963929124138334f,0.07061330403586935f,0.047062993791477985f,0.16936257121356108f,0.07023783463866237f,0.9974842070584834f,-0.00958661849562178f,0.45323974065316947f,-0.047621535850397974f,-0.006246435947526684f,-0.9988459197299665f,0.45164905194420724f,0f,0f,0f,1f], start_interpolation: 0, interpolation_duration: 1 }
$data merge entity $(bone_eyelid_right5) { transformation: [-0.9963929124138334f,0.07061330403586935f,0.047062993791477985f,0.16892076772962059f,0.07023783463866237f,0.9974842070584834f,-0.00958661849562178f,0.42170886098900606f,-0.047621535850397974f,-0.006246435947526684f,-0.9988459197299665f,0.4143875310776937f,0f,0f,0f,1f], start_interpolation: 0, interpolation_duration: 1 }
$data merge entity $(bone_eye_right5) { transformation: [-0.9963929124138334f,0.07061330403586935f,0.047062993791477985f,0.16718531983355983f,0.07023783463866237f,0.9974842070584834f,-0.00958661849562178f,0.4220623675460321f,-0.047621535850397974f,-0.006246435947526684f,-0.9988459197299665f,0.4512199743677362f,0f,0f,0f,1f], start_interpolation: 0, interpolation_duration: 1 }
$data merge entity $(bone_body6) { transformation: [-0.9963929124138334f,0.07061330403586935f,0.047062993791477985f,0.2532976879975145f,0.07023783463866237f,0.9974842070584834f,-0.00958661849562178f,0.16399746271499982f,-0.047621535850397974f,-0.006246435947526684f,-0.9988459197299665f,0.23750000000000004f,0f,0f,0f,1f], start_interpolation: 0, interpolation_duration: 1 }
$data merge entity $(bone_nose6) { transformation: [-0.9987413849877087f,0.0463497032817702f,-0.019166400771280765f,0.029023018847150764f,0.04732558467448176f,0.9974156640727928f,-0.0540581362742748f,0.8156335852370602f,0.016611289776894154f,-0.054897159015029805f,-0.9983538285517949f,-0.06672126871628559f,0f,0f,0f,1f], start_interpolation: 0, interpolation_duration: 1 }
$data merge entity $(bone_pupil_left6) { transformation: [-0.9987413849877087f,0.0463497032817702f,-0.019166400771280765f,0.13065731594274888f,0.04732558467448176f,0.9974156640727928f,-0.0540581362742748f,0.982728987941853f,0.016611289776894154f,-0.054897159015029805f,-0.9983538285517949f,-0.07584211291004304f,0f,0f,0f,1f], start_interpolation: 0, interpolation_duration: 1 }
$data merge entity $(bone_eyelid_left6) { transformation: [-0.9987413849877087f,0.0463497032817702f,-0.019166400771280765f,0.12849014768627054f,0.04732558467448176f,0.9974156640727928f,-0.0540581362742748f,0.949532568329293f,0.016611289776894154f,-0.054897159015029805f,-0.9983538285517949f,-0.11156484526151567f,0f,0f,0f,1f], start_interpolation: 0, interpolation_duration: 1 }
$data merge entity $(bone_eye_left6) { transformation: [-0.9987413849877087f,0.0463497032817702f,-0.019166400771280765f,0.1291969087147115f,0.04732558467448176f,0.9974156640727928f,-0.0540581362742748f,0.9515259621044069f,0.016611289776894154f,-0.054897159015029805f,-0.9983538285517949f,-0.07475054783366823f,0f,0f,0f,1f], start_interpolation: 0, interpolation_duration: 1 }
$data merge entity $(bone_pupil_right6) { transformation: [-0.9987413849877087f,0.0463497032817702f,-0.019166400771280765f,-0.056606693742446514f,0.04732558467448176f,0.9974156640727928f,-0.0540581362742748f,0.9916025350683183f,0.016611289776894154f,-0.054897159015029805f,-0.9983538285517949f,-0.07272749607687538f,0f,0f,0f,1f], start_interpolation: 0, interpolation_duration: 1 }
$data merge entity $(bone_eyelid_right6) { transformation: [-0.9987413849877087f,0.0463497032817702f,-0.019166400771280765f,-0.05877386199892486f,0.04732558467448176f,0.9974156640727928f,-0.0540581362742748f,0.9584061154557583f,0.016611289776894154f,-0.054897159015029805f,-0.9983538285517949f,-0.108450228428348f,0f,0f,0f,1f], start_interpolation: 0, interpolation_duration: 1 }
$data merge entity $(bone_eye_right6) { transformation: [-0.9987413849877087f,0.0463497032817702f,-0.019166400771280765f,-0.058067100970483884f,0.04732558467448176f,0.9974156640727928f,-0.0540581362742748f,0.9603995092308721f,0.016611289776894154f,-0.054897159015029805f,-0.9983538285517949f,-0.07163593100050057f,0f,0f,0f,1f], start_interpolation: 0, interpolation_duration: 1 }
$data merge entity $(bone_body3_3) { transformation: [-0.9987413849877087f,0.0463497032817702f,-0.019166400771280765f,0.015415585199323524f,0.04732558467448176f,0.9974156640727928f,-0.0540581362742748f,0.6012083111622766f,0.016611289776894154f,-0.054897159015029805f,-0.9983538285517949f,-0.2739601832870628f,0f,0f,0f,1f], start_interpolation: 0, interpolation_duration: 1 }
$data merge entity $(bone_body7) { transformation: [-0.9990720500583781f,0.03857055708210949f,-0.019166400771280765f,-0.0014590335240993791f,0.03955673299043256f,0.997753969061349f,-0.0540581362742748f,0.16469094969793635f,0.017038300011246513f,-0.05476613322757207f,-0.9983538285517949f,-0.25f,0f,0f,0f,1f], start_interpolation: 0, interpolation_duration: 1 }