# This file was generated by Animated Java via MC-Build. It is not recommended to edit this file directly.
$data merge entity $(bone_nose4) { transformation: [-0.9945008301104449f,-0.028231267884259115f,-0.10085184392604488f,-0.2362679936136366f,-0.035822785926061806f,0.996594249985475f,0.07427401230837116f,0.48483904911124087f,0.0984115182188125f,0.07747836091151983f,-0.9921251315596902f,0.4611999597027746f,0f,0f,0f,1f], start_interpolation: 0, interpolation_duration: 1 }
$data merge entity $(bone_pupil_left4) { transformation: [-0.9945008301104449f,-0.028231267884259115f,-0.10085184392604488f,-0.1476966927510281f,-0.035822785926061806f,0.996594249985475f,0.07427401230837116f,0.6593478082349845f,0.0984115182188125f,0.07747836091151983f,-0.9921251315596902f,0.46715070777310286f,0f,0f,0f,1f], start_interpolation: 0, interpolation_duration: 1 }
$data merge entity $(bone_eyelid_left4) { transformation: [-0.9945008301104449f,-0.028231267884259115f,-0.10085184392604488f,-0.15059640977687166f,-0.035822785926061806f,0.996594249985475f,0.07427401230837116f,0.6309895133845024f,0.0984115182188125f,0.07747836091151983f,-0.9921251315596902f,0.42752481656112945f,0f,0f,0f,1f], start_interpolation: 0, interpolation_duration: 1 }
$data merge entity $(bone_eye_left4) { transformation: [-0.9945008301104449f,-0.028231267884259115f,-0.10085184392604488f,-0.14687749803209876f,-0.035822785926061806f,0.996594249985475f,0.07427401230837116f,0.6282506591806312f,0.0984115182188125f,0.07747836091151983f,-0.9921251315596902f,0.46410943078739303f,0f,0f,0f,1f], start_interpolation: 0, interpolation_duration: 1 }
$data merge entity $(bone_pupil_right4) { transformation: [-0.9945008301104449f,-0.028231267884259115f,-0.10085184392604488f,-0.33416559839673654f,-0.035822785926061806f,0.996594249985475f,0.07427401230837116f,0.6526310358738479f,0.0984115182188125f,0.07747836091151983f,-0.9921251315596902f,0.4856028674391302f,0f,0f,0f,1f], start_interpolation: 0, interpolation_duration: 1 }
$data merge entity $(bone_eyelid_right4) { transformation: [-0.9945008301104449f,-0.028231267884259115f,-0.10085184392604488f,-0.3370653154225801f,-0.035822785926061806f,0.996594249985475f,0.07427401230837116f,0.6242727410233657f,0.0984115182188125f,0.07747836091151983f,-0.9921251315596902f,0.4459769762271568f,0f,0f,0f,1f], start_interpolation: 0, interpolation_duration: 1 }
$data merge entity $(bone_eye_right4) { transformation: [-0.9945008301104449f,-0.028231267884259115f,-0.10085184392604488f,-0.3333464036778072f,-0.035822785926061806f,0.996594249985475f,0.07427401230837116f,0.6215338868194945f,0.0984115182188125f,0.07747836091151983f,-0.9921251315596902f,0.4825615904534204f,0f,0f,0f,1f], start_interpolation: 0, interpolation_duration: 1 }
$data merge entity $(bone_body1_3) { transformation: [-0.9945008301104449f,-0.028231267884259115f,-0.10085184392604488f,-0.25612376666900116f,-0.035822785926061806f,0.996594249985475f,0.07427401230837116f,0.4232275635235818f,0.0984115182188125f,0.07747836091151983f,-0.9921251315596902f,0.23811959022787993f,0f,0f,0f,1f], start_interpolation: 0, interpolation_duration: 1 }
$data merge entity $(bone_body5) { transformation: [-0.9945008301104449f,-0.028231267884259115f,-0.10085184392604488f,-0.24906594969793638f,-0.035822785926061806f,0.996594249985475f,0.07427401230837116f,0.17407900102721308f,0.0984115182188125f,0.07747836091151983f,-0.9921251315596902f,0.21874999999999997f,0f,0f,0f,1f], start_interpolation: 0, interpolation_duration: 1 }
$data merge entity $(bone_nose5) { transformation: [-0.9934432288502403f,0.10044008333064106f,0.054610811311891556f,0.26316705642481275f,0.10029730438761097f,0.9949430964406606f,-0.005355891863095132f,0.27547788648877464f,-0.05487259593082922f,0.00015654265915721895f,-0.9984933518607962f,0.45593754257289454f,0f,0f,0f,1f], start_interpolation: 0, interpolation_duration: 1 }
$data merge entity $(bone_pupil_left5) { transformation: [-0.9934432288502403f,0.10044008333064106f,0.054610811311891556f,0.3734631031807669f,0.10029730438761097f,0.9949430964406606f,-0.005355891863095132f,0.43709090120041794f,-0.05487259593082922f,0.00015654265915721895f,-0.9984933518607962f,0.46298092924569145f,0f,0f,0f,1f], start_interpolation: 0, interpolation_duration: 1 }
$data merge entity $(bone_eyelid_left5) { transformation: [-0.9934432288502403f,0.10044008333064106f,0.054610811311891556f,0.37237225600088036f,0.10029730438761097f,0.9949430964406606f,-0.005355891863095132f,0.4057980834917812f,-0.05487259593082922f,0.00015654265915721895f,-0.9984933518607962f,0.4255325365928129f,0f,0f,0f,1f], start_interpolation: 0, interpolation_duration: 1 }
$data merge entity $(bone_eye_left5) { transformation: [-0.9934432288502403f,0.10044008333064106f,0.054610811311891556f,0.37035848233375435f,0.10029730438761097f,0.9949430964406606f,-0.005355891863095132f,0.40599558200423286f,-0.05487259593082922f,0.00015654265915721895f,-0.9984933518607962f,0.46235197894267976f,0f,0f,0f,1f], start_interpolation: 0, interpolation_duration: 1 }
$data merge entity $(bone_pupil_right5) { transformation: [-0.9934432288502403f,0.10044008333064106f,0.054610811311891556f,0.18719249777134686f,0.10029730438761097f,0.9949430964406606f,-0.005355891863095132f,0.455896645773095f,-0.05487259593082922f,0.00015654265915721895f,-0.9984933518607962f,0.45269231750866096f,0f,0f,0f,1f], start_interpolation: 0, interpolation_duration: 1 }
$data merge entity $(bone_eyelid_right5) { transformation: [-0.9934432288502403f,0.10044008333064106f,0.054610811311891556f,0.18610165059146025f,0.10029730438761097f,0.9949430964406606f,-0.005355891863095132f,0.4246038280644583f,-0.05487259593082922f,0.00015654265915721895f,-0.9984933518607962f,0.41524392485578243f,0f,0f,0f,1f], start_interpolation: 0, interpolation_duration: 1 }
$data merge entity $(bone_eye_right5) { transformation: [-0.9934432288502403f,0.10044008333064106f,0.054610811311891556f,0.18408787692433426f,0.10029730438761097f,0.9949430964406606f,-0.005355891863095132f,0.42480132657690994f,-0.05487259593082922f,0.00015654265915721895f,-0.9984933518607962f,0.45206336720564927f,0f,0f,0f,1f], start_interpolation: 0, interpolation_duration: 1 }
$data merge entity $(bone_body6) { transformation: [-0.9934432288502403f,0.10044008333064106f,0.054610811311891556f,0.26412753728500016f,0.10029730438761097f,0.9949430964406606f,-0.005355891863095132f,0.1654843839705253f,-0.05487259593082922f,0.00015654265915721895f,-0.9984933518607962f,0.23750000000000004f,0f,0f,0f,1f], start_interpolation: 0, interpolation_duration: 1 }
$data merge entity $(bone_nose6) { transformation: [-0.9998080085871731f,0.01562730008328637f,0.011820890704948583f,0.010894633135328966f,0.015110508218823065f,0.9989774186582294f,-0.04261208223391241f,0.8125337557471122f,-0.012474714678913618f,-0.04242528141388988f,-0.9990217600185853f,-0.05854599234831237f,0f,0f,0f,1f], start_interpolation: 0, interpolation_duration: 1 }
$data merge entity $(bone_pupil_left6) { transformation: [-0.9998080085871731f,0.01562730008328637f,0.011820890704948583f,0.10729041197211953f,0.015110508218823065f,0.9989774186582294f,-0.04261208223391241f,0.9828962870876693f,-0.012474714678913618f,-0.04242528141388988f,-0.9990217600185853f,-0.06279516729014169f,0f,0f,0f,1f], start_interpolation: 0, interpolation_duration: 1 }
$data merge entity $(bone_eyelid_left6) { transformation: [-0.9998080085871731f,0.01562730008328637f,0.011820890704948583f,0.10724534224595239f,0.015110508218823065f,0.9989774186582294f,-0.04261208223391241f,0.9500802896708279f,-0.012474714678913618f,-0.04242528141388988f,-0.9990217600185853f,-0.09893269324665457f,0f,0f,0f,1f], start_interpolation: 0, interpolation_duration: 1 }
$data merge entity $(bone_eye_left6) { transformation: [-0.9998080085871731f,0.01562730008328637f,0.011820890704948583f,0.10680944690120742f,0.015110508218823065f,0.9989774186582294f,-0.04261208223391241f,0.9516516102032034f,-0.012474714678913618f,-0.04242528141388988f,-0.9990217600185853f,-0.06209376584596924f,0f,0f,0f,1f], start_interpolation: 0, interpolation_duration: 1 }
$data merge entity $(bone_pupil_right6) { transformation: [-0.9998080085871731f,0.01562730008328637f,0.011820890704948583f,-0.08017358963797544f,0.015110508218823065f,0.9989774186582294f,-0.04261208223391241f,0.9857295073786986f,-0.012474714678913618f,-0.04242528141388988f,-0.9990217600185853f,-0.06513417629243798f,0f,0f,0f,1f], start_interpolation: 0, interpolation_duration: 1 }
$data merge entity $(bone_eyelid_right6) { transformation: [-0.9998080085871731f,0.01562730008328637f,0.011820890704948583f,-0.08021865936414257f,0.015110508218823065f,0.9989774186582294f,-0.04261208223391241f,0.9529135099618572f,-0.012474714678913618f,-0.04242528141388988f,-0.9990217600185853f,-0.10127170224895088f,0f,0f,0f,1f], start_interpolation: 0, interpolation_duration: 1 }
$data merge entity $(bone_eye_right6) { transformation: [-0.9998080085871731f,0.01562730008328637f,0.011820890704948583f,-0.08065455470888755f,0.015110508218823065f,0.9989774186582294f,-0.04261208223391241f,0.9544848304942327f,-0.012474714678913618f,-0.04242528141388988f,-0.9990217600185853f,-0.06443277484826554f,0f,0f,0f,1f], start_interpolation: 0, interpolation_duration: 1 }
$data merge entity $(bone_body3_3) { transformation: [-0.9998080085871731f,0.01562730008328637f,0.011820890704948583f,0.010306157647618924f,0.015110508218823065f,0.9989774186582294f,-0.04261208223391241f,0.600295074593491f,-0.012474714678913618f,-0.04242528141388988f,-0.9990217600185853f,-0.2684643670651815f,0f,0f,0f,1f], start_interpolation: 0, interpolation_duration: 1 }
$data merge entity $(bone_body7) { transformation: [-0.9993908869962673f,0.032834761027845806f,0.011820890704948583f,-0.004059050302063618f,0.03230374871751146f,0.9985693157044664f,-0.04261208223391241f,0.16342099897278692f,-0.01320313627930722f,-0.042204267577557776f,-0.9990217600185853f,-0.25f,0f,0f,0f,1f], start_interpolation: 0, interpolation_duration: 1 }