# This file was generated by Animated Java via MC-Build. It is not recommended to edit this file directly.
$data merge entity $(bone_nose4) { transformation: [-0.9943779059666007f,-0.029205582857309093f,-0.10178218928399527f,-0.23676957014235267f,-0.036889956807106876f,0.9965419770605985f,0.07445279741502822f,0.4853978900153162f,0.09925578679476565f,0.07778895735333066f,-0.9920167170474667f,0.461278158485695f,0f,0f,0f,1f], start_interpolation: 0, interpolation_duration: 1 }
$data merge entity $(bone_pupil_left4) { transformation: [-0.9943779059666007f,-0.029205582857309093f,-0.10178218928399527f,-0.14837550940667635f,-0.036889956807106876f,0.9965419770605985f,0.07445279741502822f,0.6599973767781196f,0.09925578679476565f,0.07778895735333066f,-0.9920167170474667f,0.4672029368632534f,0f,0f,0f,1f], start_interpolation: 0, interpolation_duration: 1 }
$data merge entity $(bone_eyelid_left4) { transformation: [-0.9943779059666007f,-0.029205582857309093f,-0.10178218928399527f,-0.15127966704053528f,-0.036889956807106876f,0.9965419770605985f,0.07445279741502822f,0.6316474198980395f,0.09925578679476565f,0.07778895735333066f,-0.9920167170474667f,0.42757140505668184f,0f,0f,0f,1f], start_interpolation: 0, interpolation_duration: 1 }
$data merge entity $(bone_eye_left4) { transformation: [-0.9943779059666007f,-0.029205582857309093f,-0.10178218928399527f,-0.14752644881068794f,-0.036889956807106876f,0.9965419770605985f,0.07445279741502822f,0.6289019729933604f,0.09925578679476565f,0.07778895735333066f,-0.9920167170474667f,0.46415202149780715f,0f,0f,0f,1f], start_interpolation: 0, interpolation_duration: 1 }
$data merge entity $(bone_pupil_right4) { transformation: [-0.9943779059666007f,-0.029205582857309093f,-0.10178218928399527f,-0.33482136677541396f,-0.036889956807106876f,0.9965419770605985f,0.07445279741502822f,0.6530805098767871f,0.09925578679476565f,0.07778895735333066f,-0.9920167170474667f,0.485813396887272f,0f,0f,0f,1f], start_interpolation: 0, interpolation_duration: 1 }
$data merge entity $(bone_eyelid_right4) { transformation: [-0.9943779059666007f,-0.029205582857309093f,-0.10178218928399527f,-0.3377255244092729f,-0.036889956807106876f,0.9965419770605985f,0.07445279741502822f,0.624730552996707f,0.09925578679476565f,0.07778895735333066f,-0.9920167170474667f,0.4461818650807004f,0f,0f,0f,1f], start_interpolation: 0, interpolation_duration: 1 }
$data merge entity $(bone_eye_right4) { transformation: [-0.9943779059666007f,-0.029205582857309093f,-0.10178218928399527f,-0.3339723061794256f,-0.036889956807106876f,0.9965419770605985f,0.07445279741502822f,0.6219851060920278f,0.09925578679476565f,0.07778895735333066f,-0.9920167170474667f,0.4827624815218257f,0f,0f,0f,1f], start_interpolation: 0, interpolation_duration: 1 }
$data merge entity $(bone_body1_3) { transformation: [-0.9943779059666007f,-0.029205582857309093f,-0.10178218928399527f,-0.25675273788749936f,-0.036889956807106876f,0.9965419770605985f,0.07445279741502822f,0.42382959749199434f,0.09925578679476565f,0.07778895735333066f,-0.9920167170474667f,0.23819723933833264f,0f,0f,0f,1f], start_interpolation: 0, interpolation_duration: 1 }
$data merge entity $(bone_body5) { transformation: [-0.9943779059666007f,-0.029205582857309093f,-0.10178218928399527f,-0.24945134217317208f,-0.036889956807106876f,0.9965419770605985f,0.07445279741502822f,0.1746941032268447f,0.09925578679476565f,0.07778895735333066f,-0.9920167170474667f,0.21874999999999997f,0f,0f,0f,1f], start_interpolation: 0, interpolation_duration: 1 }
$data merge entity $(bone_nose5) { transformation: [-0.99341595271258f,0.10135554351498952f,0.05340223492456183f,0.2638353798970475f,0.1011460510420138f,0.9948495754356679f,-0.006618052136217568f,0.27707801500323037f,-0.053797967013293f,-0.0011730533885647581f,-0.998551151764888f,0.45580476173419504f,0f,0f,0f,1f], start_interpolation: 0, interpolation_duration: 1 }
$data merge entity $(bone_pupil_left5) { transformation: [-0.99341595271258f,0.10135554351498952f,0.05340223492456183f,0.3742884803150071f,0.1011460510420138f,0.9948495754356679f,-0.006618052136217568f,0.43859775234380244f,-0.053797967013293f,-0.0011730533885647581f,-0.998551151764888f,0.46251898600009084f,0f,0f,0f,1f], start_interpolation: 0, interpolation_duration: 1 }
$data merge entity $(bone_eyelid_left5) { transformation: [-0.99341595271258f,0.10135554351498952f,0.05340223492456183f,0.37312370338983475f,0.1011460510420138f,0.9948495754356679f,-0.006618052136217568f,0.4072605261563296f,-0.053797967013293f,-0.0011730533885647581f,-0.998551151764888f,0.4251099757273002f,0f,0f,0f,1f], start_interpolation: 0, interpolation_duration: 1 }
$data merge entity $(bone_eye_left5) { transformation: [-0.99341595271258f,0.10135554351498952f,0.05340223492456183f,0.3711544959769915f,0.1011460510420138f,0.9948495754356679f,-0.006618052136217568f,0.40750456682885267f,-0.053797967013293f,-0.0011730533885647581f,-0.998551151764888f,0.4619315494486304f,0f,0f,0f,1f], start_interpolation: 0, interpolation_duration: 1 }
$data merge entity $(bone_pupil_right5) { transformation: [-0.99341595271258f,0.10135554351498952f,0.05340223492456183f,0.18802298918139834f,0.1011460510420138f,0.9948495754356679f,-0.006618052136217568f,0.45756263691418003f,-0.053797967013293f,-0.0011730533885647581f,-0.998551151764888f,0.4524318671850984f,0f,0f,0f,1f], start_interpolation: 0, interpolation_duration: 1 }
$data merge entity $(bone_eyelid_right5) { transformation: [-0.99341595271258f,0.10135554351498952f,0.05340223492456183f,0.18685821225622598f,0.1011460510420138f,0.9948495754356679f,-0.006618052136217568f,0.4262254107267072f,-0.053797967013293f,-0.0011730533885647581f,-0.998551151764888f,0.4150228569123078f,0f,0f,0f,1f], start_interpolation: 0, interpolation_duration: 1 }
$data merge entity $(bone_eye_right5) { transformation: [-0.99341595271258f,0.10135554351498952f,0.05340223492456183f,0.18488900484338278f,0.1011460510420138f,0.9948495754356679f,-0.006618052136217568f,0.42646945139923026f,-0.053797967013293f,-0.0011730533885647581f,-0.998551151764888f,0.451844430633638f,0f,0f,0f,1f], start_interpolation: 0, interpolation_duration: 1 }
$data merge entity $(bone_body6) { transformation: [-0.99341595271258f,0.10135554351498952f,0.05340223492456183f,0.26443135621484337f,0.1011460510420138f,0.9948495754356679f,-0.006618052136217568f,0.16681864378515657f,-0.053797967013293f,-0.0011730533885647581f,-0.998551151764888f,0.23750000000000004f,0f,0f,0f,1f], start_interpolation: 0, interpolation_duration: 1 }
$data merge entity $(bone_nose6) { transformation: [-0.9997755878910044f,0.017021436236079556f,0.012611287232376981f,0.011877895265652088f,0.016465162657278185f,0.9989405797999612f,-0.04297227533639455f,0.8119677391896228f,-0.013329376424492202f,-0.042754984941859225f,-0.9989966661539745f,-0.05875795671242928f,0f,0f,0f,1f], start_interpolation: 0, interpolation_duration: 1 }
$data merge entity $(bone_pupil_left6) { transformation: [-0.9997755878910044f,0.017021436236079556f,0.012611287232376981f,0.10850876981994921f,0.016465162657278185f,0.9989405797999612f,-0.04297227533639455f,0.9821976153598772f,-0.013329376424492202f,-0.042754984941859225f,-0.9989966661539745f,-0.0629837219604765f,0f,0f,0f,1f], start_interpolation: 0, interpolation_duration: 1 }
$data merge entity $(bone_eyelid_left6) { transformation: [-0.9997755878910044f,0.017021436236079556f,0.012611287232376981f,0.10844977320878586f,0.016465162657278185f,0.9989405797999612f,-0.04297227533639455f,0.9493692619160136f,-0.013329376424492202f,-0.042754984941859225f,-0.9989966661539745f,-0.09911000366181745f,0f,0f,0f,1f], start_interpolation: 0, interpolation_duration: 1 }
$data merge entity $(bone_eye_left6) { transformation: [-0.9997755878910044f,0.017021436236079556f,0.012611287232376981f,0.10798473199209196f,0.016465162657278185f,0.9989405797999612f,-0.04297227533639455f,0.9509538645690431f,-0.013329376424492202f,-0.042754984941859225f,-0.9989966661539745f,-0.06227200159738963f,0f,0f,0f,1f], start_interpolation: 0, interpolation_duration: 1 }
$data merge entity $(bone_pupil_right6) { transformation: [-0.9997755878910044f,0.017021436236079556f,0.012611287232376981f,-0.07894915290961411f,0.016465162657278185f,0.9989405797999612f,-0.04297227533639455f,0.9852848333581169f,-0.013329376424492202f,-0.042754984941859225f,-0.9989966661539745f,-0.06548298004006878f,0f,0f,0f,1f], start_interpolation: 0, interpolation_duration: 1 }
$data merge entity $(bone_eyelid_right6) { transformation: [-0.9997755878910044f,0.017021436236079556f,0.012611287232376981f,-0.07900814952077746f,0.016465162657278185f,0.9989405797999612f,-0.04297227533639455f,0.9524564799142533f,-0.013329376424492202f,-0.042754984941859225f,-0.9989966661539745f,-0.10160926174140973f,0f,0f,0f,1f], start_interpolation: 0, interpolation_duration: 1 }
$data merge entity $(bone_eye_right6) { transformation: [-0.9997755878910044f,0.017021436236079556f,0.012611287232376981f,-0.07947319073747136f,0.016465162657278185f,0.9989405797999612f,-0.04297227533639455f,0.9540410825672828f,-0.013329376424492202f,-0.042754984941859225f,-0.9989966661539745f,-0.06477125967698191f,0f,0f,0f,1f], start_interpolation: 0, interpolation_duration: 1 }
$data merge entity $(bone_body3_3) { transformation: [-0.9997755878910044f,0.017021436236079556f,0.012611287232376981f,0.011179135112280893f,0.016465162657278185f,0.9989405797999612f,-0.04297227533639455f,0.5996577486879194f,-0.013329376424492202f,-0.042754984941859225f,-0.9989966661539745f,-0.26860387111729606f,0f,0f,0f,1f], start_interpolation: 0, interpolation_duration: 1 }
$data merge entity $(bone_body7) { transformation: [-0.9993439870583185f,0.0339492410036773f,0.012611287232376981f,-0.0036736578268279263f,0.033378907124458644f,0.998518518662318f,-0.04297227533639455f,0.1628058967731553f,-0.014051479977569704f,-0.04252313398239099f,-0.9989966661539745f,-0.25f,0f,0f,0f,1f], start_interpolation: 0, interpolation_duration: 1 }