# This file was generated by Animated Java via MC-Build. It is not recommended to edit this file directly.
$data merge entity $(bone_nose4) { transformation: [-0.9942594223451818f,-0.030228128985391862f,-0.10263752381983786f,-0.23732603045826753f,-0.03802009539077999f,0.996471237567435f,0.07483010789314928f,0.4855787720610203f,0.10001336622822603f,0.07830282829417393f,-0.9919001933948959f,0.4614212828391593f,0f,0f,0f,1f], start_interpolation: 0, interpolation_duration: 1 }
$data merge entity $(bone_pupil_left4) { transformation: [-0.9942594223451818f,-0.030228128985391862f,-0.10263752381983786f,-0.14911722392560878f,-0.03802009539077999f,0.996471237567435f,0.07483010789314928f,0.6602713435085092f,0.10001336622822603f,0.07830282829417393f,-0.9919001933948959f,0.4673631412309397f,0f,0f,0f,1f], start_interpolation: 0, interpolation_duration: 1 }
$data merge entity $(bone_eyelid_left4) { transformation: [-0.9942594223451818f,-0.030228128985391862f,-0.10263752381983786f,-0.1520215020380592f,-0.03802009539077999f,0.996471237567435f,0.07483010789314928f,0.6319377463805199f,0.10001336622822603f,0.07830282829417393f,-0.9919001933948959f,0.42771992059443814f,0f,0f,0f,1f], start_interpolation: 0, interpolation_duration: 1 }
$data merge entity $(bone_eye_left4) { transformation: [-0.9942594223451818f,-0.030228128985391862f,-0.10263752381983786f,-0.1482367433472027f,-0.03802009539077999f,0.996471237567435f,0.07483010789314928f,0.6291783861519601f,0.10001336622822603f,0.07830282829417393f,-0.9919001933948959f,0.4642962402258749f,0f,0f,0f,1f], start_interpolation: 0, interpolation_duration: 1 }
$data merge entity $(bone_pupil_right4) { transformation: [-0.9942594223451818f,-0.030228128985391862f,-0.10263752381983786f,-0.3355408656153304f,-0.03802009539077999f,0.996471237567435f,0.07483010789314928f,0.653142575622738f,0.10001336622822603f,0.07830282829417393f,-0.9919001933948959f,0.48611564739873203f,0f,0f,0f,1f], start_interpolation: 0, interpolation_duration: 1 }
$data merge entity $(bone_eyelid_right4) { transformation: [-0.9942594223451818f,-0.030228128985391862f,-0.10263752381983786f,-0.33844514372778084f,-0.03802009539077999f,0.996471237567435f,0.07483010789314928f,0.6248089784947487f,0.10001336622822603f,0.07830282829417393f,-0.9919001933948959f,0.4464724267622305f,0f,0f,0f,1f], start_interpolation: 0, interpolation_duration: 1 }
$data merge entity $(bone_eye_right4) { transformation: [-0.9942594223451818f,-0.030228128985391862f,-0.10263752381983786f,-0.3346603850369243f,-0.03802009539077999f,0.996471237567435f,0.07483010789314928f,0.6220496182661889f,0.10001336622822603f,0.07830282829417393f,-0.9919001933948959f,0.48304874639366724f,0f,0f,0f,1f], start_interpolation: 0, interpolation_duration: 1 }
$data merge entity $(bone_body1_3) { transformation: [-0.9942594223451818f,-0.030228128985391862f,-0.10263752381983786f,-0.25741641621687333f,-0.03802009539077999f,0.996471237567435f,0.07483010789314928f,0.4240985427276908f,0.10001336622822603f,0.07830282829417393f,-0.9919001933948959f,0.23832570707354345f,0f,0f,0f,1f], start_interpolation: 0, interpolation_duration: 1 }
$data merge entity $(bone_body5) { transformation: [-0.9942594223451818f,-0.030228128985391862f,-0.10263752381983786f,-0.24985938397052534f,-0.03802009539077999f,0.996471237567435f,0.07483010789314928f,0.17498073333583206f,0.10001336622822603f,0.07830282829417393f,-0.9919001933948959f,0.21874999999999997f,0f,0f,0f,1f], start_interpolation: 0, interpolation_duration: 1 }
$data merge entity $(bone_nose5) { transformation: [-0.9933989915509297f,0.10217767168008712f,0.052136043152815885f,0.2644749244275441f,0.10190856634214118f,0.9947631813048154f,-0.007801104179045666f,0.2787683451460814f,-0.05266011480888896f,-0.0024364996119922333f,-0.9986095211732939f,0.45567934061159643f,0f,0f,0f,1f], start_interpolation: 0, interpolation_duration: 1 }
$data merge entity $(bone_pupil_left5) { transformation: [-0.9933989915509297f,0.10217767168008712f,0.052136043152815885f,0.3750701121245472f,0.10190856634214118f,0.9947631813048154f,-0.007801104179045666f,0.44020396590860655f,-0.05266011480888896f,-0.0024364996119922333f,-0.9986095211732939f,0.4620698458563186f,0f,0f,0f,1f], start_interpolation: 0, interpolation_duration: 1 }
$data merge entity $(bone_eyelid_left5) { transformation: [-0.9933989915509297f,0.10217767168008712f,0.052136043152815885f,0.3738321615027751f,0.10190856634214118f,0.9947631813048154f,-0.007801104179045666f,0.4088250750861168f,-0.05266011480888896f,-0.0024364996119922333f,-0.9986095211732939f,0.4246981294251948f,0f,0f,0f,1f], start_interpolation: 0, interpolation_duration: 1 }
$data merge entity $(bone_eye_left5) { transformation: [-0.9933989915509297f,0.10217767168008712f,0.052136043152815885f,0.371909644911515f,0.10190856634214118f,0.9947631813048154f,-0.007801104179045666f,0.40911274080271914f,-0.05266011480888896f,-0.0024364996119922333f,-0.9986095211732939f,0.46152185551846003f,0f,0f,0f,1f], start_interpolation: 0, interpolation_duration: 1 }
$data merge entity $(bone_pupil_right5) { transformation: [-0.9933989915509297f,0.10217767168008712f,0.052136043152815885f,0.18880780120874788f,0.10190856634214118f,0.9947631813048154f,-0.007801104179045666f,0.459311822097758f,-0.05266011480888896f,-0.0024364996119922333f,-0.9986095211732939f,0.4521960743296519f,0f,0f,0f,1f], start_interpolation: 0, interpolation_duration: 1 }
$data merge entity $(bone_eyelid_right5) { transformation: [-0.9933989915509297f,0.10217767168008712f,0.052136043152815885f,0.18756985058697576f,0.10190856634214118f,0.9947631813048154f,-0.007801104179045666f,0.42793293127526827f,-0.05266011480888896f,-0.0024364996119922333f,-0.9986095211732939f,0.4148243578985281f,0f,0f,0f,1f], start_interpolation: 0, interpolation_duration: 1 }
$data merge entity $(bone_eye_right5) { transformation: [-0.9933989915509297f,0.10217767168008712f,0.052136043152815885f,0.18564733399571567f,0.10190856634214118f,0.9947631813048154f,-0.007801104179045666f,0.4282205969918706f,-0.05266011480888896f,-0.0024364996119922333f,-0.9986095211732939f,0.45164808399179335f,0f,0f,0f,1f], start_interpolation: 0, interpolation_duration: 1 }
$data merge entity $(bone_body6) { transformation: [-0.9933989915509297f,0.10217767168008712f,0.052136043152815885f,0.26470400102721303f,0.10190856634214118f,0.9947631813048154f,-0.007801104179045666f,0.16825963065170096f,-0.05266011480888896f,-0.0024364996119922333f,-0.9986095211732939f,0.23750000000000004f,0f,0f,0f,1f], start_interpolation: 0, interpolation_duration: 1 }
$data merge entity $(bone_nose6) { transformation: [-0.999738810727888f,0.018582584813562113f,0.013304054496096174f,0.012966479474576676f,0.017987447940104376f,0.9988899134566808f,-0.043536105833052084f,0.8117665372191314f,-0.014098299223323379f,-0.04328542868161812f,-0.9989632674041915f,-0.05910183484923753f,0f,0f,0f,1f], start_interpolation: 0, interpolation_duration: 1 }
$data merge entity $(bone_pupil_left6) { transformation: [-0.999738810727888f,0.018582584813562113f,0.013304054496096174f,0.10986092964296697f,0.017987447940104376f,0.9988899134566808f,-0.043536105833052084f,0.9818460480485505f,-0.014098299223323379f,-0.04328542868161812f,-0.9989632674041915f,-0.06334674622532124f,0f,0f,0f,1f], start_interpolation: 0, interpolation_duration: 1 }
$data merge entity $(bone_eyelid_left6) { transformation: [-0.999738810727888f,0.018582584813562113f,0.013304054496096174f,0.10977912591114676f,0.017987447940104376f,0.9988899134566808f,-0.043536105833052084f,0.9489981342842897f,-0.014098299223323379f,-0.04328542868161812f,-0.9989632674041915f,-0.09945519910667787f,0f,0f,0f,1f], start_interpolation: 0, interpolation_duration: 1 }
$data merge entity $(bone_eye_left6) { transformation: [-0.999738810727888f,0.018582584813562113f,0.013304054496096174f,0.10928853890160321f,0.017987447940104376f,0.9988899134566808f,-0.043536105833052084f,0.9506035281868835f,-0.014098299223323379f,-0.04328542868161812f,-0.9989632674041915f,-0.0626184286211483f,0f,0f,0f,1f], start_interpolation: 0, interpolation_duration: 1 }
$data merge entity $(bone_pupil_right6) { transformation: [-0.999738810727888f,0.018582584813562113f,0.013304054496096174f,-0.07759009736851201f,0.017987447940104376f,0.9988899134566808f,-0.043536105833052084f,0.98521869453732f,-0.014098299223323379f,-0.04328542868161812f,-0.9989632674041915f,-0.06599017732969438f,0f,0f,0f,1f], start_interpolation: 0, interpolation_duration: 1 }
$data merge entity $(bone_eyelid_right6) { transformation: [-0.999738810727888f,0.018582584813562113f,0.013304054496096174f,-0.07767190110033222f,0.017987447940104376f,0.9988899134566808f,-0.043536105833052084f,0.9523707807730593f,-0.014098299223323379f,-0.04328542868161812f,-0.9989632674041915f,-0.102098630211051f,0f,0f,0f,1f], start_interpolation: 0, interpolation_duration: 1 }
$data merge entity $(bone_eye_right6) { transformation: [-0.999738810727888f,0.018582584813562113f,0.013304054496096174f,-0.07816248810987576f,0.017987447940104376f,0.9988899134566808f,-0.043536105833052084f,0.9539761746756531f,-0.014098299223323379f,-0.04328542868161812f,-0.9989632674041915f,-0.06526185972552144f,0f,0f,0f,1f], start_interpolation: 0, interpolation_duration: 1 }
$data merge entity $(bone_body3_3) { transformation: [-0.999738810727888f,0.018582584813562113f,0.013304054496096174f,0.01210215385534291f,0.017987447940104376f,0.9988899134566808f,-0.043536105833052084f,0.5993435003972629f,-0.014098299223323379f,-0.04328542868161812f,-0.9989632674041915f,-0.26883269689295075f,0f,0f,0f,1f], start_interpolation: 0, interpolation_duration: 1 }
$data merge entity $(bone_body7) { transformation: [-0.9992943225060527f,0.03512633116529728f,0.013304054496096174f,-0.0032656160294746495f,0.034517226036756124f,0.9984553913899312f,-0.043536105833052084f,0.16251926666416794f,-0.014812768610111899f,-0.04304616432674452f,-0.9989632674041915f,-0.25f,0f,0f,0f,1f], start_interpolation: 0, interpolation_duration: 1 }