# This file was generated by Animated Java via MC-Build. It is not recommended to edit this file directly.
$data merge entity $(bone_nose4) { transformation: [-0.9939377527025233f,-0.033529401322594916f,-0.10470684313647309f,-0.23929085665802957f,-0.04171712447916949f,0.9961570380723841f,0.07701192780371248f,0.48382402512528233f,0.1017222948907814f,0.08091313086145609f,-0.9915168379691541f,0.46219392936966774f,0f,0f,0f,1f], start_interpolation: 0, interpolation_duration: 1 }
$data merge entity $(bone_pupil_left4) { transformation: [-0.9939377527025233f,-0.033529401322594916f,-0.10470684313647309f,-0.15167573286360814f,-0.04171712447916949f,0.9961570380723841f,0.07701192780371248f,0.6588050990992635f,0.1017222948907814f,0.08091313086145609f,-0.9915168379691541f,0.46842350266166194f,0f,0f,0f,1f], start_interpolation: 0, interpolation_duration: 1 }
$data merge entity $(bone_eyelid_left4) { transformation: [-0.9939377527025233f,-0.033529401322594916f,-0.10470684313647309f,-0.1545544456898948f,-0.04171712447916949f,0.9961570380723841f,0.07701192780371248f,0.6305631389521407f,0.1017222948907814f,0.08091313086145609f,-0.9915168379691541f,0.42871308589839807f,0f,0f,0f,1f], start_interpolation: 0, interpolation_duration: 1 }
$data merge entity $(bone_eye_left4) { transformation: [-0.9939377527025233f,-0.033529401322594916f,-0.10470684313647309f,-0.15069338084923734f,-0.04171712447916949f,0.9961570380723841f,0.07701192780371248f,0.6277233241143788f,0.1017222948907814f,0.08091313086145609f,-0.9915168379691541f,0.46527526929851065f,0f,0f,0f,1f], start_interpolation: 0, interpolation_duration: 1 }
$data merge entity $(bone_pupil_right4) { transformation: [-0.9939377527025233f,-0.033529401322594916f,-0.10470684313647309f,-0.33803906149533125f,-0.04171712447916949f,0.9961570380723841f,0.07701192780371248f,0.6509831382594191f,0.1017222948907814f,0.08091313086145609f,-0.9915168379691541f,0.48749643295368345f,0f,0f,0f,1f], start_interpolation: 0, interpolation_duration: 1 }
$data merge entity $(bone_eyelid_right4) { transformation: [-0.9939377527025233f,-0.033529401322594916f,-0.10470684313647309f,-0.3409177743216179f,-0.04171712447916949f,0.9961570380723841f,0.07701192780371248f,0.6227411781122963f,0.1017222948907814f,0.08091313086145609f,-0.9915168379691541f,0.4477860161904196f,0f,0f,0f,1f], start_interpolation: 0, interpolation_duration: 1 }
$data merge entity $(bone_eye_right4) { transformation: [-0.9939377527025233f,-0.033529401322594916f,-0.10470684313647309f,-0.33705670948096045f,-0.04171712447916949f,0.9961570380723841f,0.07701192780371248f,0.6199013632745345f,0.1017222948907814f,0.08091313086145609f,-0.9915168379691541f,0.48434819959053216f,0f,0f,0f,1f], start_interpolation: 0, interpolation_duration: 1 }
$data merge entity $(bone_body1_3) { transformation: [-0.9939377527025233f,-0.033529401322594916f,-0.10470684313647309f,-0.25957599411580534f,-0.04171712447916949f,0.9961570380723841f,0.07701192780371248f,0.42284561573293944f,0.1017222948907814f,0.08091313086145609f,-0.9915168379691541f,0.238978282715364f,0f,0f,0f,1f], start_interpolation: 0, interpolation_duration: 1 }
$data merge entity $(bone_body5) { transformation: [-0.9939377527025233f,-0.033529401322594916f,-0.10470684313647309f,-0.25119364378515663f,-0.04171712447916949f,0.9961570380723841f,0.07701192780371248f,0.17380635621484342f,0.1017222948907814f,0.08091313086145609f,-0.9915168379691541f,0.21874999999999997f,0f,0f,0f,1f], start_interpolation: 0, interpolation_duration: 1 }
$data merge entity $(bone_nose5) { transformation: [-0.9934107343574067f,0.10402670440775535f,0.048099455647018695f,0.26617526809865755f,0.10363440521325601f,0.9945591225416391f,-0.010585925812104095f,0.2835192331262175f,-0.04893897137836759f,-0.005531413857795185f,-0.9987864539235407f,0.4553795384050782f,0f,0f,0f,1f], start_interpolation: 0, interpolation_duration: 1 }
$data merge entity $(bone_pupil_left5) { transformation: [-0.9934107343574067f,0.10402670440775535f,0.048099455647018695f,0.3770969277854092f,0.10363440521325601f,0.9945591225416391f,-0.010585925812104095f,0.4447632054352167f,-0.04893897137836759f,-0.005531413857795185f,-0.9987864539235407f,0.4608895798160983f,0f,0f,0f,1f], start_interpolation: 0, interpolation_duration: 1 }
$data merge entity $(bone_eyelid_left5) { transformation: [-0.9934107343574067f,0.10402670440775535f,0.048099455647018695f,0.37564982285943005f,0.10363440521325601f,0.9945591225416391f,-0.010585925812104095f,0.4132862606378365f,-0.04893897137836759f,-0.005531413857795185f,-0.9987864539235407f,0.42360794447702155f,0f,0f,0f,1f], start_interpolation: 0, interpolation_duration: 1 }
$data merge entity $(bone_eye_left5) { transformation: [-0.9934107343574067f,0.10402670440775535f,0.048099455647018695f,0.37387615543244623f,0.10363440521325601f,0.9945591225416391f,-0.010585925812104095f,0.4136766166521579f,-0.04893897137836759f,-0.005531413857795185f,-0.9987864539235407f,0.46043819496545213f,0f,0f,0f,1f], start_interpolation: 0, interpolation_duration: 1 }
$data merge entity $(bone_pupil_right5) { transformation: [-0.9934107343574067f,0.10402670440775535f,0.048099455647018695f,0.19083241509339546f,0.10363440521325601f,0.9945591225416391f,-0.010585925812104095f,0.4641946564127022f,-0.04893897137836759f,-0.005531413857795185f,-0.9987864539235407f,0.45171352268265436f,0f,0f,0f,1f], start_interpolation: 0, interpolation_duration: 1 }
$data merge entity $(bone_eyelid_right5) { transformation: [-0.9934107343574067f,0.10402670440775535f,0.048099455647018695f,0.1893853101674163f,0.10363440521325601f,0.9945591225416391f,-0.010585925812104095f,0.432717711615322f,-0.04893897137836759f,-0.005531413857795185f,-0.9987864539235407f,0.4144318873435776f,0f,0f,0f,1f], start_interpolation: 0, interpolation_duration: 1 }
$data merge entity $(bone_eye_right5) { transformation: [-0.9934107343574067f,0.10402670440775535f,0.048099455647018695f,0.1876116427404325f,0.10363440521325601f,0.9945591225416391f,-0.010585925812104095f,0.4331080676296434f,-0.04893897137836759f,-0.005531413857795185f,-0.9987864539235407f,0.4512621378320082f,0f,0f,0f,1f], start_interpolation: 0, interpolation_duration: 1 }
$data merge entity $(bone_body6) { transformation: [-0.9934107343574067f,0.10402670440775535f,0.048099455647018695f,0.26531910322684465f,0.10363440521325601f,0.9945591225416391f,-0.010585925812104095f,0.17242365782682795f,-0.04893897137836759f,-0.005531413857795185f,-0.9987864539235407f,0.23750000000000004f,0f,0f,0f,1f], start_interpolation: 0, interpolation_duration: 1 }
$data merge entity $(bone_nose6) { transformation: [-0.9995990615827425f,0.024167230273937322f,0.014753340766991897f,0.01679503038592186f,0.023461099735259616f,0.9986523832070576f,-0.04629248658342145f,0.8133820329845276f,-0.015852220100436996f,-0.04592779654795711f,-0.9988189749009261f,-0.06082599502959868f,0f,0f,0f,1f], start_interpolation: 0, interpolation_duration: 1 }
$data merge entity $(bone_pupil_left6) { transformation: [-0.9995990615827425f,0.024167230273937322f,0.014753340766991897f,0.11463352259869884f,0.023461099735259616f,0.9986523832070576f,-0.04629248658342145f,0.9829127316604039f,-0.015852220100436996f,-0.04592779654795711f,-0.9988189749009261f,-0.06536090384892361f,0f,0f,0f,1f], start_interpolation: 0, interpolation_duration: 1 }
$data merge entity $(bone_eyelid_left6) { transformation: [-0.9995990615827425f,0.024167230273937322f,0.014753340766991897f,0.1144315469314005f,0.023461099735259616f,0.9986523832070576f,-0.04629248658342145f,0.9499688764383051f,-0.015852220100436996f,-0.04592779654795711f,-0.9988189749009261f,-0.10138137176558468f,0f,0f,0f,1f], start_interpolation: 0, interpolation_duration: 1 }
$data merge entity $(bone_eye_left6) { transformation: [-0.9995990615827425f,0.024167230273937322f,0.014753340766991897f,0.11388751749061767f,0.023461099735259616f,0.9986523832070576f,-0.04629248658342145f,0.9516759118810687f,-0.015852220100436996f,-0.04592779654795711f,-0.9988189749009261f,-0.06454992206611303f,0f,0f,0f,1f], start_interpolation: 0, interpolation_duration: 1 }
$data merge entity $(bone_pupil_right6) { transformation: [-0.9995990615827425f,0.024167230273937322f,0.014753340766991897f,-0.07279130144806538f,0.023461099735259616f,0.9986523832070576f,-0.04629248658342145f,0.9873116878607652f,-0.015852220100436996f,-0.04592779654795711f,-0.9988189749009261f,-0.06833319511775554f,0f,0f,0f,1f], start_interpolation: 0, interpolation_duration: 1 }
$data merge entity $(bone_eyelid_right6) { transformation: [-0.9995990615827425f,0.024167230273937322f,0.014753340766991897f,-0.07299327711536373f,0.023461099735259616f,0.9986523832070576f,-0.04629248658342145f,0.9543678326386663f,-0.015852220100436996f,-0.04592779654795711f,-0.9988189749009261f,-0.10435366303441662f,0f,0f,0f,1f], start_interpolation: 0, interpolation_duration: 1 }
$data merge entity $(bone_eye_right6) { transformation: [-0.9995990615827425f,0.024167230273937322f,0.014753340766991897f,-0.07353730655614656f,0.023461099735259616f,0.9986523832070576f,-0.04629248658342145f,0.9560748680814299f,-0.015852220100436996f,-0.04592779654795711f,-0.9988189749009261f,-0.06752221333494496f,0f,0f,0f,1f], start_interpolation: 0, interpolation_duration: 1 }
$data merge entity $(bone_body3_3) { transformation: [-0.9995990615827425f,0.024167230273937322f,0.014753340766991897f,0.015113355029307817f,0.023461099735259616f,0.9986523832070576f,-0.04629248658342145f,0.6004042862054706f,-0.015852220100436996f,-0.04592779654795711f,-0.9988189749009261f,-0.2699885621153725f,0f,0f,0f,1f], start_interpolation: 0, interpolation_duration: 1 }
$data merge entity $(bone_body7) { transformation: [-0.9991318775637273f,0.03895933998663133f,0.014753340766991897f,-0.0019313562148433906f,0.03823927530065171f,0.998195754103575f,-0.04629248658342145f,0.16369364378515658f,-0.016530246836084575f,-0.0456881419779942f,-0.9988189749009261f,-0.25f,0f,0f,0f,1f], start_interpolation: 0, interpolation_duration: 1 }