# This file was generated by Animated Java via MC-Build. It is not recommended to edit this file directly.
$data merge entity $(bone_nose4) { transformation: [-0.9937579586990443f,-0.03587356758901905f,-0.10563241297416573f,-0.24081120862054664f,-0.04436098741731207f,0.9958769744010468f,0.07912745827573289f,0.48105044135089914f,0.10235830360879225f,0.0833194995559434f,-0.9912520560765952f,0.4629255980585491f,0f,0f,0f,1f], start_interpolation: 0, interpolation_duration: 1 }
$data merge entity $(bone_pupil_left4) { transformation: [-0.9937579586990443f,-0.03587356758901905f,-0.10563241297416573f,-0.15361410864754732f,-0.04436098741731207f,0.9958769744010468f,0.07912745827573289f,0.656227274912185f,0.10235830360879225f,0.0833194995559434f,-0.9912520560765952f,0.46950864368654616f,0f,0f,0f,1f], start_interpolation: 0, interpolation_duration: 1 }
$data merge entity $(bone_eyelid_left4) { transformation: [-0.9937579586990443f,-0.03587356758901905f,-0.10563241297416573f,-0.1564542751469217f,-0.04436098741731207f,0.9958769744010468f,0.07912745827573289f,0.6280733991474924f,0.10235830360879225f,0.0833194995559434f,-0.9912520560765952f,0.42973295722255056f,0f,0f,0f,1f], start_interpolation: 0, interpolation_duration: 1 }
$data merge entity $(bone_eye_left4) { transformation: [-0.9937579586990443f,-0.03587356758901905f,-0.10563241297416573f,-0.15255907991849935f,-0.04436098741731207f,0.9958769744010468f,0.07912745827573289f,0.6251555741235747f,0.10235830360879225f,0.0833194995559434f,-0.9912520560765952f,0.466285376790375f,0f,0f,0f,1f], start_interpolation: 0, interpolation_duration: 1 }
$data merge entity $(bone_pupil_right4) { transformation: [-0.9937579586990443f,-0.03587356758901905f,-0.10563241297416573f,-0.33994372590361815f,-0.04436098741731207f,0.9958769744010468f,0.07912745827573289f,0.647909589771439f,0.10235830360879225f,0.0833194995559434f,-0.9912520560765952f,0.4887008256131947f,0f,0f,0f,1f], start_interpolation: 0, interpolation_duration: 1 }
$data merge entity $(bone_eyelid_right4) { transformation: [-0.9937579586990443f,-0.03587356758901905f,-0.10563241297416573f,-0.3427838924029925f,-0.04436098741731207f,0.9958769744010468f,0.07912745827573289f,0.6197557140067463f,0.10235830360879225f,0.0833194995559434f,-0.9912520560765952f,0.4489251391491991f,0f,0f,0f,1f], start_interpolation: 0, interpolation_duration: 1 }
$data merge entity $(bone_eye_right4) { transformation: [-0.9937579586990443f,-0.03587356758901905f,-0.10563241297416573f,-0.33888869717457015f,-0.04436098741731207f,0.9958769744010468f,0.07912745827573289f,0.6168378889828287f,0.10235830360879225f,0.0833194995559434f,-0.9912520560765952f,0.4854775587170236f,0f,0f,0f,1f], start_interpolation: 0, interpolation_duration: 1 }
$data merge entity $(bone_body1_3) { transformation: [-0.9937579586990443f,-0.03587356758901905f,-0.10563241297416573f,-0.2611156764907533f,-0.04436098741731207f,0.9958769744010468f,0.07912745827573289f,0.4205566842236339f,0.10235830360879225f,0.0833194995559434f,-0.9912520560765952f,0.23957987488898583f,0f,0f,0f,1f], start_interpolation: 0, interpolation_duration: 1 }
$data merge entity $(bone_body5) { transformation: [-0.9937579586990443f,-0.03587356758901905f,-0.10563241297416573f,-0.25214728459349856f,-0.04436098741731207f,0.9958769744010468f,0.07912745827573289f,0.17158744062337217f,0.10235830360879225f,0.0833194995559434f,-0.9912520560765952f,0.21874999999999997f,0f,0f,0f,1f], start_interpolation: 0, interpolation_duration: 1 }
$data merge entity $(bone_nose5) { transformation: [-0.9934703662440262f,0.10470415217450342f,0.04531745703786686f,0.2670868750457725f,0.10428275287969112f,0.9944803686598039f,-0.011571681040094312f,0.285621386325864f,-0.04627892443427952f,-0.0067702930275456595f,-0.998905613301641f,0.4552701021098462f,0f,0f,0f,1f], start_interpolation: 0, interpolation_duration: 1 }
$data merge entity $(bone_pupil_left5) { transformation: [-0.9934703662440262f,0.10470415217450342f,0.04531745703786686f,0.3781357778041967f,0.10428275287969112f,0.9944803686598039f,-0.011571681040094312f,0.4467928885087469f,-0.04627892443427952f,-0.0067702930275456595f,-0.998905613301641f,0.4603180551863911f,0f,0f,0f,1f], start_interpolation: 0, interpolation_duration: 1 }
$data merge entity $(bone_eyelid_left5) { transformation: [-0.9934703662440262f,0.10470415217450342f,0.04531745703786686f,0.3765631776876635f,0.10428275287969112f,0.9944803686598039f,-0.011571681040094312f,0.4152814389491245f,-0.04627892443427952f,-0.0067702930275456595f,-0.998905613301641f,0.4230706663446903f,0f,0f,0f,1f], start_interpolation: 0, interpolation_duration: 1 }
$data merge entity $(bone_eye_left5) { transformation: [-0.9934703662440262f,0.10470415217450342f,0.04531745703786686f,0.37489209645939214f,0.10428275287969112f,0.9944803686598039f,-0.011571681040094312f,0.41570814468747797f,-0.04627892443427952f,-0.0067702930275456595f,-0.998905613301641f,0.4599053108351883f,0f,0f,0f,1f], start_interpolation: 0, interpolation_duration: 1 }
$data merge entity $(bone_pupil_right5) { transformation: [-0.9934703662440262f,0.10470415217450342f,0.04531745703786686f,0.19186008413344183f,0.10428275287969112f,0.9944803686598039f,-0.011571681040094312f,0.46634590467368897f,-0.04627892443427952f,-0.0067702930275456595f,-0.998905613301641f,0.4516407568549637f,0f,0f,0f,1f], start_interpolation: 0, interpolation_duration: 1 }
$data merge entity $(bone_eyelid_right5) { transformation: [-0.9934703662440262f,0.10470415217450342f,0.04531745703786686f,0.1902874840169086f,0.10428275287969112f,0.9944803686598039f,-0.011571681040094312f,0.4348344551140666f,-0.04627892443427952f,-0.0067702930275456595f,-0.998905613301641f,0.41439336801326293f,0f,0f,0f,1f], start_interpolation: 0, interpolation_duration: 1 }
$data merge entity $(bone_eye_right5) { transformation: [-0.9934703662440262f,0.10470415217450342f,0.04531745703786686f,0.18861640278863726f,0.10428275287969112f,0.9944803686598039f,-0.011571681040094312f,0.43526116085242006f,-0.04627892443427952f,-0.0067702930275456595f,-0.998905613301641f,0.45122801250376093f,0f,0f,0f,1f], start_interpolation: 0, interpolation_duration: 1 }
$data merge entity $(bone_body6) { transformation: [-0.9934703662440262f,0.10470415217450342f,0.04531745703786686f,0.26554805212871957f,0.10428275287969112f,0.9944803686598039f,-0.011571681040094312f,0.1743187907761773f,-0.04627892443427952f,-0.0067702930275456595f,-0.998905613301641f,0.23750000000000004f,0f,0f,0f,1f], start_interpolation: 0, interpolation_duration: 1 }
$data merge entity $(bone_nose6) { transformation: [-0.9994781191400414f,0.028521229037359517f,0.015166702162430053f,0.01973454738368738f,0.027750835713769826f,0.9984236832246317f,-0.048785652535838483f,0.8160017803440907f,-0.016534221405096087f,-0.04833930357751016f,-0.998694112955598f,-0.062405913443323f,0f,0f,0f,1f], start_interpolation: 0, interpolation_duration: 1 }
$data merge entity $(bone_pupil_left6) { transformation: [-0.9994781191400414f,0.028521229037359517f,0.015166702162430053f,0.11830926972730788f,0.027750835713769826f,0.9984236832246317f,-0.048785652535838483f,0.9850956831486629f,-0.016534221405096087f,-0.04833930357751016f,-0.998694112955598f,-0.06729159652718807f,0f,0f,0f,1f], start_interpolation: 0, interpolation_duration: 1 }
$data merge entity $(bone_eyelid_left6) { transformation: [-0.9994781191400414f,0.028521229037359517f,0.015166702162430053f,0.11798673265098152f,0.027750835713769826f,0.9984236832246317f,-0.048785652535838483f,0.9520654810777993f,-0.016534221405096087f,-0.04833930357751016f,-0.998694112955598f,-0.10323202252622579f,0f,0f,0f,1f], start_interpolation: 0, interpolation_duration: 1 }
$data merge entity $(bone_eye_left6) { transformation: [-0.9994781191400414f,0.028521229037359517f,0.015166702162430053f,0.11742746050874191f,0.027750835713769826f,0.9984236832246317f,-0.048785652535838483f,0.9538644520150583f,-0.016534221405096087f,-0.04833930357751016f,-0.998694112955598f,-0.06640517711098812f,0f,0f,0f,1f], start_interpolation: 0, interpolation_duration: 1 }
$data merge entity $(bone_pupil_right6) { transformation: [-0.9994781191400414f,0.028521229037359517f,0.015166702162430053f,-0.06909287761144989f,0.027750835713769826f,0.9984236832246317f,-0.048785652535838483f,0.9902989648449947f,-0.016534221405096087f,-0.04833930357751016f,-0.998694112955598f,-0.07039176304064358f,0f,0f,0f,1f], start_interpolation: 0, interpolation_duration: 1 }
$data merge entity $(bone_eyelid_right6) { transformation: [-0.9994781191400414f,0.028521229037359517f,0.015166702162430053f,-0.06941541468777625f,0.027750835713769826f,0.9984236832246317f,-0.048785652535838483f,0.9572687627741311f,-0.016534221405096087f,-0.04833930357751016f,-0.998694112955598f,-0.10633218903968131f,0f,0f,0f,1f], start_interpolation: 0, interpolation_duration: 1 }
$data merge entity $(bone_eye_right6) { transformation: [-0.9994781191400414f,0.028521229037359517f,0.015166702162430053f,-0.06997468683001586f,0.027750835713769826f,0.9984236832246317f,-0.048785652535838483f,0.9590677337113901f,-0.016534221405096087f,-0.04833930357751016f,-0.998694112955598f,-0.06950534362444363f,0f,0f,0f,1f], start_interpolation: 0, interpolation_duration: 1 }
$data merge entity $(bone_body3_3) { transformation: [-0.9994781191400414f,0.028521229037359517f,0.015166702162430053f,0.0172588888335053f,0.027750835713769826f,0.9984236832246317f,-0.048785652535838483f,0.6025251081968727f,-0.016534221405096087f,-0.04833930357751016f,-0.998694112955598f,-0.2710513296131783f,0f,0f,0f,1f], start_interpolation: 0, interpolation_duration: 1 }
$data merge entity $(bone_body7) { transformation: [-0.9990157371456984f,0.04168366683430105f,0.015166702162430053f,-0.0009777154065014125f,0.04089945153926761f,0.9979715401605597f,-0.048785652535838483f,0.16591255937662783f,-0.017169502002794674f,-0.04811732483012177f,-0.998694112955598f,-0.25f,0f,0f,0f,1f], start_interpolation: 0, interpolation_duration: 1 }