# This file was generated by Animated Java via MC-Build. It is not recommended to edit this file directly.
$data merge entity $(bone_nose4) { transformation: [-0.9967634857846979f,-0.035479104262845576f,-0.07213727584989983f,-0.24705519577923724f,-0.04183572492312432f,0.9951875944613869f,0.08860826118548261f,0.48096922851316165f,0.06864638028691013f,0.09133939451772254f,-0.9934509497114796f,0.46603813407551387f,0f,0f,0f,1f], start_interpolation: 0, interpolation_duration: 1 }
$data merge entity $(bone_pupil_left4) { transformation: [-0.9967634857846979f,-0.035479104262845576f,-0.07213727584989983f,-0.15957133263987983f,-0.04183572492312432f,0.9951875944613869f,0.08860826118548261f,0.6557730550330327f,0.06864638028691013f,0.09133939451772254f,-0.9934509497114796f,0.47716421488705857f,0f,0f,0f,1f], start_interpolation: 0, interpolation_duration: 1 }
$data merge entity $(bone_eyelid_left4) { transformation: [-0.9967634857846979f,-0.035479104262845576f,-0.07213727584989983f,-0.16116775847603715f,-0.04183572492312432f,0.9951875944613869f,0.08860826118548261f,0.6279962525005699f,0.06864638028691013f,0.09133939451772254f,-0.9934509497114796f,0.4370554481941992f,0f,0f,0f,1f], start_interpolation: 0, interpolation_duration: 1 }
$data merge entity $(bone_eye_left4) { transformation: [-0.9967634857846979f,-0.035479104262845576f,-0.07213727584989983f,-0.1585076964290721f,-0.04183572492312432f,0.9951875944613869f,0.08860826118548261f,0.6247288228693553f,0.06864638028691013f,0.09133939451772254f,-0.9934509497114796f,0.47368895196481003f,0f,0f,0f,1f], start_interpolation: 0, interpolation_duration: 1 }
$data merge entity $(bone_pupil_right4) { transformation: [-0.9967634857846979f,-0.035479104262845576f,-0.07213727584989983f,-0.34646448622451065f,-0.04183572492312432f,0.9951875944613869f,0.08860826118548261f,0.6479288566099468f,0.06864638028691013f,0.09133939451772254f,-0.9934509497114796f,0.49003541119085425f,0f,0f,0f,1f], start_interpolation: 0, interpolation_duration: 1 }
$data merge entity $(bone_eyelid_right4) { transformation: [-0.9967634857846979f,-0.035479104262845576f,-0.07213727584989983f,-0.34806091206066797f,-0.04183572492312432f,0.9951875944613869f,0.08860826118548261f,0.6201520540774841f,0.06864638028691013f,0.09133939451772254f,-0.9934509497114796f,0.4499266444979949f,0f,0f,0f,1f], start_interpolation: 0, interpolation_duration: 1 }
$data merge entity $(bone_eye_right4) { transformation: [-0.9967634857846979f,-0.035479104262845576f,-0.07213727584989983f,-0.3454008500137029f,-0.04183572492312432f,0.9951875944613869f,0.08860826118548261f,0.6168846244462695f,0.06864638028691013f,0.09133939451772254f,-0.9934509497114796f,0.4865601482686057f,0f,0f,0f,1f], start_interpolation: 0, interpolation_duration: 1 }
$data merge entity $(bone_body1_3) { transformation: [-0.9967634857846979f,-0.035479104262845576f,-0.07213727584989983f,-0.260063419850868f,-0.04183572492312432f,0.9951875944613869f,0.08860826118548261f,0.4226032548301901f,0.06864638028691013f,0.09133939451772254f,-0.9934509497114796f,0.2415848486294306f,0f,0f,0f,1f], start_interpolation: 0, interpolation_duration: 1 }
$data merge entity $(bone_body5) { transformation: [-0.9967634857846979f,-0.035479104262845576f,-0.07213727584989983f,-0.25119364378515663f,-0.04183572492312432f,0.9951875944613869f,0.08860826118548261f,0.17380635621484342f,0.06864638028691013f,0.09133939451772254f,-0.9934509497114796f,0.21874999999999997f,0f,0f,0f,1f], start_interpolation: 0, interpolation_duration: 1 }
$data merge entity $(bone_nose5) { transformation: [-0.9963031946724887f,0.07095794125775218f,0.04842432093333322f,0.2505991013940553f,0.07060397556668024f,0.9974639712958033f,-0.008983573953858045f,0.27613912083605696f,-0.048938971378367585f,-0.00553141385779519f,-0.9987864539235407f,0.4553795384050782f,0f,0f,0f,1f], start_interpolation: 0, interpolation_duration: 1 }
$data merge entity $(bone_pupil_left5) { transformation: [-0.9963031946724887f,0.07095794125775218f,0.04842432093333322f,0.3561076264465272f,0.07060397556668024f,0.9974639712958033f,-0.008983573953858045f,0.44097596239431036f,-0.048938971378367585f,-0.00553141385779519f,-0.9987864539235407f,0.4608895798160983f,0f,0f,0f,1f], start_interpolation: 0, interpolation_duration: 1 }
$data merge entity $(bone_eyelid_left5) { transformation: [-0.9963031946724887f,0.07095794125775218f,0.04842432093333322f,0.3557061028172225f,0.07060397556668024f,0.9974639712958033f,-0.008983573953858045f,0.4094683292680468f,-0.048938971378367585f,-0.00553141385779519f,-0.9987864539235407f,0.42360794447702155f,0f,0f,0f,1f], start_interpolation: 0, interpolation_duration: 1 }
$data merge entity $(bone_eye_left5) { transformation: [-0.9963031946724887f,0.07095794125775218f,0.04842432093333322f,0.3539204559828058f,0.07060397556668024f,0.9974639712958033f,-0.008983573953858045f,0.40979959855759535f,-0.048938971378367585f,-0.00553141385779519f,-0.9987864539235407f,0.46043819496545213f,0f,0f,0f,1f], start_interpolation: 0, interpolation_duration: 1 }
$data merge entity $(bone_pupil_right5) { transformation: [-0.9963031946724887f,0.07095794125775218f,0.04842432093333322f,0.1693007774454356f,0.07060397556668024f,0.9974639712958033f,-0.008983573953858045f,0.4542142078130629f,-0.048938971378367585f,-0.00553141385779519f,-0.9987864539235407f,0.45171352268265436f,0f,0f,0f,1f], start_interpolation: 0, interpolation_duration: 1 }
$data merge entity $(bone_eyelid_right5) { transformation: [-0.9963031946724887f,0.07095794125775218f,0.04842432093333322f,0.16889925381613083f,0.07060397556668024f,0.9974639712958033f,-0.008983573953858045f,0.42270657468679934f,-0.048938971378367585f,-0.00553141385779519f,-0.9987864539235407f,0.4144318873435776f,0f,0f,0f,1f], start_interpolation: 0, interpolation_duration: 1 }
$data merge entity $(bone_eye_right5) { transformation: [-0.9963031946724887f,0.07095794125775218f,0.04842432093333322f,0.16711360698171418f,0.07060397556668024f,0.9974639712958033f,-0.008983573953858045f,0.42303784397634786f,-0.048938971378367585f,-0.00553141385779519f,-0.9987864539235407f,0.4512621378320082f,0f,0f,0f,1f], start_interpolation: 0, interpolation_duration: 1 }
$data merge entity $(bone_body6) { transformation: [-0.9963031946724887f,0.07095794125775218f,0.04842432093333322f,0.2534308967731553f,0.07060397556668024f,0.9974639712958033f,-0.008983573953858045f,0.16507634217317205f,-0.048938971378367585f,-0.00553141385779519f,-0.9987864539235407f,0.23750000000000004f,0f,0f,0f,1f], start_interpolation: 0, interpolation_duration: 1 }
$data merge entity $(bone_nose6) { transformation: [-0.9988647020973667f,0.04378456806616632f,-0.018767485265698276f,0.027365951649083002f,0.044761663176882904f,0.9974680165806513f,-0.055262549781028195f,0.8149039840264305f,0.016300319431785327f,-0.05603987417830792f,-0.9982954633216066f,-0.06747626223346406f,0f,0f,0f,1f], start_interpolation: 0, interpolation_duration: 1 }
$data merge entity $(bone_pupil_left6) { transformation: [-0.9988647020973667f,0.04378456806616632f,-0.018767485265698276f,0.12857017914195668f,0.044761663176882904f,0.9974680165806513f,-0.055262549781028195f,0.9822510107342366f,0.016300319431785327f,-0.05603987417830792f,-0.9982954633216066f,-0.07676446656086261f,0f,0f,0f,1f], start_interpolation: 0, interpolation_duration: 1 }
$data merge entity $(bone_eyelid_left6) { transformation: [-0.9988647020973667f,0.04378456806616632f,-0.018767485265698276f,0.12649813069242527f,0.044761663176882904f,0.9974680165806513f,-0.055262549781028195f,0.9490077895993027f,0.016300319431785327f,-0.05603987417830792f,-0.9982954633216066f,-0.11244930036735074f,0f,0f,0f,1f], start_interpolation: 0, interpolation_duration: 1 }
$data merge entity $(bone_eye_left6) { transformation: [-0.9988647020973667f,0.04378456806616632f,-0.018767485265698276f,0.1271901817115979f,0.044761663176882904f,0.9974680165806513f,-0.055262549781028195f,0.9510455961224781f,0.016300319431785327f,-0.05603987417830792f,-0.9982954633216066f,-0.07563715515736649f,0f,0f,0f,1f], start_interpolation: 0, interpolation_duration: 1 }
$data merge entity $(bone_pupil_right6) { transformation: [-0.9988647020973667f,0.04378456806616632f,-0.018767485265698276f,-0.0587169525012996f,0.044761663176882904f,0.9974680165806513f,-0.055262549781028195f,0.9906438225799021f,0.016300319431785327f,-0.05603987417830792f,-0.9982954633216066f,-0.07370815666740285f,0f,0f,0f,1f], start_interpolation: 0, interpolation_duration: 1 }
$data merge entity $(bone_eyelid_right6) { transformation: [-0.9988647020973667f,0.04378456806616632f,-0.018767485265698276f,-0.06078900095083098f,0.044761663176882904f,0.9974680165806513f,-0.055262549781028195f,0.9574006014449682f,0.016300319431785327f,-0.05603987417830792f,-0.9982954633216066f,-0.10939299047389098f,0f,0f,0f,1f], start_interpolation: 0, interpolation_duration: 1 }
$data merge entity $(bone_eye_right6) { transformation: [-0.9988647020973667f,0.04378456806616632f,-0.018767485265698276f,-0.06009694993165836f,0.044761663176882904f,0.9974680165806513f,-0.055262549781028195f,0.9594384079681436f,0.016300319431785327f,-0.05603987417830792f,-0.9982954633216066f,-0.07258084526390673f,0f,0f,0f,1f], start_interpolation: 0, interpolation_duration: 1 }
$data merge entity $(bone_body3_3) { transformation: [-0.9988647020973667f,0.04378456806616632f,-0.018767485265698276f,0.014366823858771471f,0.044761663176882904f,0.9974680165806513f,-0.055262549781028195f,0.6002046103938857f,0.016300319431785327f,-0.05603987417830792f,-0.9982954633216066f,-0.2744702953925967f,0f,0f,0f,1f], start_interpolation: 0, interpolation_duration: 1 }
$data merge entity $(bone_body7) { transformation: [-0.9991296195952308f,0.0372529830254054f,-0.018767485265698276f,-0.0019313562148433915f,0.03823918888255124f,0.9977393522485238f,-0.055262549781028195f,0.16369364378515658f,0.01666636376339825f,-0.05593210375450674f,-0.9982954633216066f,-0.25f,0f,0f,0f,1f], start_interpolation: 0, interpolation_duration: 1 }