# This file was generated by Animated Java via MC-Build. It is not recommended to edit this file directly.
$data merge entity $(bone_nose4) { transformation: [-0.9934097752533199f,-0.044399853907125406f,-0.10566774060314892f,-0.24697065525861853f,-0.05371565585482431f,0.9947578720517768f,0.08701381675979411f,0.47034640727258875f,0.1012504160348713f,0.09211638814047624f,-0.9905871613789059f,0.46566663141022935f,0f,0f,0f,1f], start_interpolation: 0, interpolation_duration: 1 }
$data merge entity $(bone_pupil_left4) { transformation: [-0.9934097752533199f,-0.044399853907125406f,-0.10566774060314892f,-0.16127158670527608f,-0.05371565585482431f,0.9947578720517768f,0.08701381675979411f,0.646193108361453f,0.1012504160348713f,0.09211638814047624f,-0.9905871613789059f,0.47386426004619003f,0f,0f,0f,1f], start_interpolation: 0, interpolation_duration: 1 }
$data merge entity $(bone_eyelid_left4) { transformation: [-0.9934097752533199f,-0.044399853907125406f,-0.10566774060314892f,-0.1638466315432965f,-0.05371565585482431f,0.9947578720517768f,0.08701381675979411f,0.6183699429883274f,0.1012504160348713f,0.09211638814047624f,-0.9905871613789059f,0.43383860436509114f,0f,0f,0f,1f], start_interpolation: 0, interpolation_duration: 1 }
$data merge entity $(bone_eye_left4) { transformation: [-0.9934097752533199f,-0.044399853907125406f,-0.10566774060314892f,-0.1599501336085554f,-0.05371565585482431f,0.9947578720517768f,0.08701381675979411f,0.6151613084953099f,0.1012504160348713f,0.09211638814047624f,-0.9905871613789059f,0.4703665059409383f,0f,0f,0f,1f], start_interpolation: 0, interpolation_duration: 1 }
$data merge entity $(bone_pupil_right4) { transformation: [-0.9934097752533199f,-0.044399853907125406f,-0.10566774060314892f,-0.3475359195652736f,-0.05371565585482431f,0.9947578720517768f,0.08701381675979411f,0.6361214228886735f,0.1012504160348713f,0.09211638814047624f,-0.9905871613789059f,0.49284871305272837f,0f,0f,0f,1f], start_interpolation: 0, interpolation_duration: 1 }
$data merge entity $(bone_eyelid_right4) { transformation: [-0.9934097752533199f,-0.044399853907125406f,-0.10566774060314892f,-0.350110964403294f,-0.05371565585482431f,0.9947578720517768f,0.08701381675979411f,0.6082982575155478f,0.1012504160348713f,0.09211638814047624f,-0.9905871613789059f,0.45282305737162953f,0f,0f,0f,1f], start_interpolation: 0, interpolation_duration: 1 }
$data merge entity $(bone_eye_right4) { transformation: [-0.9934097752533199f,-0.044399853907125406f,-0.10566774060314892f,-0.34621446646855286f,-0.05371565585482431f,0.9947578720517768f,0.08701381675979411f,0.6050896230225303f,0.1012504160348713f,0.09211638814047624f,-0.9905871613789059f,0.48935095894747666f,0f,0f,0f,1f], start_interpolation: 0, interpolation_duration: 1 }
$data merge entity $(bone_body1_3) { transformation: [-0.9934097752533199f,-0.044399853907125406f,-0.10566774060314892f,-0.2666167349290632f,-0.05371565585482431f,0.9947578720517768f,0.08701381675979411f,0.41166522093474867f,0.1012504160348713f,0.09211638814047624f,-0.9905871613789059f,0.24177909703511902f,0f,0f,0f,1f], start_interpolation: 0, interpolation_duration: 1 }
$data merge entity $(bone_body5) { transformation: [-0.9934097752533199f,-0.044399853907125406f,-0.10566774060314892f,-0.25551677145228185f,-0.05371565585482431f,0.9947578720517768f,0.08701381675979411f,0.16297575292180447f,0.1012504160348713f,0.09211638814047624f,-0.9905871613789059f,0.21874999999999997f,0f,0f,0f,1f], start_interpolation: 0, interpolation_duration: 1 }
$data merge entity $(bone_nose5) { transformation: [-0.9939750238422342f,0.1034563541179116f,0.03619992776869992f,0.268546051610439f,0.10321669539891126f,0.9946231454780434f,-0.008432809157759522f,0.2817733549922027f,-0.03687771371381623f,-0.004645564765676542f,-0.9993089877306467f,0.45559073241983317f,0f,0f,0f,1f], start_interpolation: 0, interpolation_duration: 1 }
$data merge entity $(bone_pupil_left5) { transformation: [-0.9939750238422342f,0.1034563541179116f,0.03619992776869992f,0.37944489609509824f,0.10321669539891126f,0.9946231454780434f,-0.008432809157759522f,0.4430634544447643f,-0.03687771371381623f,-0.004645564765676542f,-0.9993089877306467f,0.46012326598839776f,0f,0f,0f,1f], start_interpolation: 0, interpolation_duration: 1 }
$data merge entity $(bone_eyelid_left5) { transformation: [-0.9939750238422342f,0.1034563541179116f,0.03619992776869992f,0.37756938232023973f,0.10321669539891126f,0.9946231454780434f,-0.008432809157759522f,0.4116652508051595f,-0.03687771371381623f,-0.004645564765676542f,-0.9993089877306467f,0.42279435284742584f,0f,0f,0f,1f], start_interpolation: 0, interpolation_duration: 1 }
$data merge entity $(bone_eye_left5) { transformation: [-0.9939750238422342f,0.1034563541179116f,0.03619992776869992f,0.37623450998376895f,0.10321669539891126f,0.9946231454780434f,-0.008432809157759522f,0.41197621064285184f,-0.03687771371381623f,-0.004645564765676542f,-0.9993089877306467f,0.45964387176999344f,0f,0f,0f,1f], start_interpolation: 0, interpolation_duration: 1 }
$data merge entity $(bone_pupil_right5) { transformation: [-0.9939750238422342f,0.1034563541179116f,0.03619992776869992f,0.1930745791246793f,0.10321669539891126f,0.9946231454780434f,-0.008432809157759522f,0.46241658483206016f,-0.03687771371381623f,-0.004645564765676542f,-0.9993089877306467f,0.4532086946670572f,0f,0f,0f,1f], start_interpolation: 0, interpolation_duration: 1 }
$data merge entity $(bone_eyelid_right5) { transformation: [-0.9939750238422342f,0.1034563541179116f,0.03619992776869992f,0.1911990653498208f,0.10321669539891126f,0.9946231454780434f,-0.008432809157759522f,0.43101838119245534f,-0.03687771371381623f,-0.004645564765676542f,-0.9993089877306467f,0.4158797815260853f,0f,0f,0f,1f], start_interpolation: 0, interpolation_duration: 1 }
$data merge entity $(bone_eye_right5) { transformation: [-0.9939750238422342f,0.1034563541179116f,0.03619992776869992f,0.18986419301335f,0.10321669539891126f,0.9946231454780434f,-0.008432809157759522f,0.4313293410301477f,-0.03687771371381623f,-0.004645564765676542f,-0.9993089877306467f,0.4527293004486529f,0f,0f,0f,1f], start_interpolation: 0, interpolation_duration: 1 }
$data merge entity $(bone_body6) { transformation: [-0.9939750238422342f,0.1034563541179116f,0.03619992776869992f,0.26514924707819554f,0.10321669539891126f,0.9946231454780434f,-0.008432809157759522f,0.17114177145228182f,-0.03687771371381623f,-0.004645564765676542f,-0.9993089877306467f,0.23750000000000004f,0f,0f,0f,1f], start_interpolation: 0, interpolation_duration: 1 }
$data merge entity $(bone_nose6) { transformation: [-0.9988597860203425f,0.04589534794520703f,0.013143245732462937f,0.031211622573086944f,0.045064981362756766f,0.9973155331130332f,-0.05771373204221494f,0.8259449053837294f,-0.015756754937800772f,-0.05705562591414262f,-0.9982466529998363f,-0.06814828177032248f,0f,0f,0f,1f], start_interpolation: 0, interpolation_duration: 1 }
$data merge entity $(bone_pupil_left6) { transformation: [-0.9988597860203425f,0.04589534794520703f,0.013143245732462937f,0.13271834685482817f,0.045064981362756766f,0.9973155331130332f,-0.05771373204221494f,0.9932418838823527f,-0.015756754937800772f,-0.05705562591414262f,-0.9982466529998363f,-0.07460580922452224f,0f,0f,0f,1f], start_interpolation: 0, interpolation_duration: 1 }
$data merge entity $(bone_eyelid_left6) { transformation: [-0.9988597860203425f,0.04589534794520703f,0.013143245732462937f,0.1317769889465078f,0.045064981362756766f,0.9973155331130332f,-0.05771373204221494f,0.9599115085209873f,-0.015756754937800772f,-0.05705562591414262f,-0.9982466529998363f,-0.11025707040219916f,0f,0f,0f,1f], start_interpolation: 0, interpolation_duration: 1 }
$data merge entity $(bone_eye_left6) { transformation: [-0.9988597860203425f,0.04589534794520703f,0.013143245732462937f,0.13129233176012323f,0.045064981362756766f,0.9973155331130332f,-0.05771373204221494f,0.962039702390044f,-0.015756754937800772f,-0.05705562591414262f,-0.9982466529998363f,-0.07344672507283019f,0f,0f,0f,1f], start_interpolation: 0, interpolation_duration: 1 }
$data merge entity $(bone_pupil_right6) { transformation: [-0.9988597860203425f,0.04589534794520703f,0.013143245732462937f,-0.05456786302398608f,0.045064981362756766f,0.9973155331130332f,-0.05771373204221494f,1.0016915678878695f,-0.015756754937800772f,-0.05705562591414262f,-0.9982466529998363f,-0.0775602007753599f,0f,0f,0f,1f], start_interpolation: 0, interpolation_duration: 1 }
$data merge entity $(bone_eyelid_right6) { transformation: [-0.9988597860203425f,0.04589534794520703f,0.013143245732462937f,-0.05550922093230643f,0.045064981362756766f,0.9973155331130332f,-0.05771373204221494f,0.9683611925265041f,-0.015756754937800772f,-0.05705562591414262f,-0.9982466529998363f,-0.11321146195303682f,0f,0f,0f,1f], start_interpolation: 0, interpolation_duration: 1 }
$data merge entity $(bone_eye_right6) { transformation: [-0.9988597860203425f,0.04589534794520703f,0.013143245732462937f,-0.055993878118691005f,0.045064981362756766f,0.9973155331130332f,-0.05771373204221494f,0.9704893863955608f,-0.015756754937800772f,-0.05705562591414262f,-0.9982466529998363f,-0.07640111662366784f,0f,0f,0f,1f], start_interpolation: 0, interpolation_duration: 1 }
$data merge entity $(bone_body3_3) { transformation: [-0.9988597860203425f,0.04589534794520703f,0.013143245732462937f,0.024764215025693034f,0.045064981362756766f,0.9973155331130332f,-0.05771373204221494f,0.61074030883591f,-0.015756754937800772f,-0.05705562591414262f,-0.9982466529998363f,-0.27492531310022644f,0f,0f,0f,1f], start_interpolation: 0, interpolation_duration: 1 }
$data merge entity $(bone_body7) { transformation: [-0.9986051576588415f,0.05113701388208273f,0.013143245732462937f,0.002391771452281842f,0.050298554060687006f,0.9970652840176332f,-0.05771373204221494f,0.17452424707819555f,-0.016055981955781253f,-0.056972144229089f,-0.9982466529998363f,-0.25f,0f,0f,0f,1f], start_interpolation: 0, interpolation_duration: 1 }