# This file was generated by Animated Java via MC-Build. It is not recommended to edit this file directly.
$data merge entity $(bone_nose4) { transformation: [-0.9933999939372309f,-0.04559702661021799f,-0.1052490532490281f,-0.24790073458162507f,-0.054955154917019515f,0.9946212361584653f,0.08779822054377139f,0.4697311802418268f,0.10067960564859234f,0.09300272978205214f,-0.9905625216307805f,0.46595207231646907f,0f,0f,0f,1f], start_interpolation: 0, interpolation_duration: 1 }
$data merge entity $(bone_pupil_left4) { transformation: [-0.9933999939372309f,-0.04559702661021799f,-0.1052490532490281f,-0.16240913212379895f,-0.054955154917019515f,0.9946212361584653f,0.08779822054377139f,0.645669129316514f,0.10067960564859234f,0.09300272978205214f,-0.9905625216307805f,0.47435550819626154f,0f,0f,0f,1f], start_interpolation: 0, interpolation_duration: 1 }
$data merge entity $(bone_eyelid_left4) { transformation: [-0.9933999939372309f,-0.04559702661021799f,-0.1052490532490281f,-0.1649310645390682f,-0.054955154917019515f,0.9946212361584653f,0.08779822054377139f,0.6178796489569534f,0.10067960564859234f,0.09300272978205214f,-0.9905625216307805f,0.4343030783294181f,0f,0f,0f,1f], start_interpolation: 0, interpolation_duration: 1 }
$data merge entity $(bone_eye_left4) { transformation: [-0.9933999939372309f,-0.04559702661021799f,-0.1052490532490281f,-0.16105000570051028f,-0.054955154917019515f,0.9946212361584653f,0.08779822054377139f,0.6146420895744018f,0.10067960564859234f,0.09300272978205214f,-0.9905625216307805f,0.4708300713145531f,0f,0f,0f,1f], start_interpolation: 0, interpolation_duration: 1 }
$data merge entity $(bone_pupil_right4) { transformation: [-0.9933999939372309f,-0.04559702661021799f,-0.1052490532490281f,-0.34867163098702975f,-0.054955154917019515f,0.9946212361584653f,0.08779822054377139f,0.6353650377695729f,0.10067960564859234f,0.09300272978205214f,-0.9905625216307805f,0.49323293425537257f,0f,0f,0f,1f], start_interpolation: 0, interpolation_duration: 1 }
$data merge entity $(bone_eyelid_right4) { transformation: [-0.9933999939372309f,-0.04559702661021799f,-0.1052490532490281f,-0.351193563402299f,-0.054955154917019515f,0.9946212361584653f,0.08779822054377139f,0.6075755574100122f,0.10067960564859234f,0.09300272978205214f,-0.9905625216307805f,0.45318050438852914f,0f,0f,0f,1f], start_interpolation: 0, interpolation_duration: 1 }
$data merge entity $(bone_eye_right4) { transformation: [-0.9933999939372309f,-0.04559702661021799f,-0.1052490532490281f,-0.3473125045637411f,-0.054955154917019515f,0.9946212361584653f,0.08779822054377139f,0.6043379980274607f,0.10067960564859234f,0.09300272978205214f,-0.9905625216307805f,0.48970749737366415f,0f,0f,0f,1f], start_interpolation: 0, interpolation_duration: 1 }
$data merge entity $(bone_body1_3) { transformation: [-0.9933999939372309f,-0.04559702661021799f,-0.1052490532490281f,-0.2673616972759267f,-0.054955154917019515f,0.9946212361584653f,0.08779822054377139f,0.4112322569108967f,0.10067960564859234f,0.09300272978205214f,-0.9905625216307805f,0.242000682445513f,0f,0f,0f,1f], start_interpolation: 0, interpolation_duration: 1 }
$data merge entity $(bone_body5) { transformation: [-0.9933999939372309f,-0.04559702661021799f,-0.1052490532490281f,-0.2559624406233722f,-0.054955154917019515f,0.9946212361584653f,0.08779822054377139f,0.16257694787128038f,0.10067960564859234f,0.09300272978205214f,-0.9905625216307805f,0.21874999999999997f,0f,0f,0f,1f], start_interpolation: 0, interpolation_duration: 1 }
$data merge entity $(bone_nose5) { transformation: [-0.9940789633293808f,0.10284346191855813f,0.03507473459043712f,0.26851969623186145f,0.1026510277554163f,0.9946910199174914f,-0.007248544423365658f,0.2801076648025883f,-0.03563398892546659f,-0.0036051679720694777f,-0.9993584049764893f,0.45571533584166196f,0f,0f,0f,1f], start_interpolation: 0, interpolation_duration: 1 }
$data merge entity $(bone_pupil_left5) { transformation: [-0.9940789633293808f,0.10284346191855813f,0.03507473459043712f,0.379325053933886f,0.1026510277554163f,0.9946910199174914f,-0.007248544423365658f,0.44146024101963066f,-0.03563398892546659f,-0.0036051679720694777f,-0.9993584049764893f,0.46031018106755595f,0f,0f,0f,1f], start_interpolation: 0, interpolation_duration: 1 }
$data merge entity $(bone_eyelid_left5) { transformation: [-0.9940789633293808f,0.10284346191855813f,0.03507473459043712f,0.37742649829607244f,0.1026510277554163f,0.9946910199174914f,-0.007248544423365658f,0.41010432623133286f,-0.03563398892546659f,-0.0036051679720694777f,-0.9993584049764893f,0.42294690238006477f,0f,0f,0f,1f], start_interpolation: 0, interpolation_duration: 1 }
$data merge entity $(bone_eye_left5) { transformation: [-0.9940789633293808f,0.10284346191855813f,0.03507473459043712f,0.37613311745805006f,0.1026510277554163f,0.9946910199174914f,-0.007248544423365658f,0.41037161630694446f,-0.03563398892546659f,-0.0036051679720694777f,-0.9993584049764893f,0.4597982435635728f,0f,0f,0f,1f], start_interpolation: 0, interpolation_duration: 1 }
$data merge entity $(bone_pupil_right5) { transformation: [-0.9940789633293808f,0.10284346191855813f,0.03507473459043712f,0.19293524830962708f,0.1026510277554163f,0.9946910199174914f,-0.007248544423365658f,0.46070730872377125f,-0.03563398892546659f,-0.0036051679720694777f,-0.9993584049764893f,0.45362880814403095f,0f,0f,0f,1f], start_interpolation: 0, interpolation_duration: 1 }
$data merge entity $(bone_eyelid_right5) { transformation: [-0.9940789633293808f,0.10284346191855813f,0.03507473459043712f,0.19103669267181353f,0.1026510277554163f,0.9946910199174914f,-0.007248544423365658f,0.42935139393547345f,-0.03563398892546659f,-0.0036051679720694777f,-0.9993584049764893f,0.4162655294565398f,0f,0f,0f,1f], start_interpolation: 0, interpolation_duration: 1 }
$data merge entity $(bone_eye_right5) { transformation: [-0.9940789633293808f,0.10284346191855813f,0.03507473459043712f,0.18974331183379117f,0.1026510277554163f,0.9946910199174914f,-0.007248544423365658f,0.42961868401108505f,-0.03563398892546659f,-0.0036051679720694777f,-0.9993584049764893f,0.4531168706400478f,0f,0f,0f,1f], start_interpolation: 0, interpolation_duration: 1 }
$data merge entity $(bone_body6) { transformation: [-0.9940789633293808f,0.10284346191855813f,0.03507473459043712f,0.26494379077617725f,0.1026510277554163f,0.9946910199174914f,-0.007248544423365658f,0.16972771540650144f,-0.03563398892546659f,-0.0036051679720694777f,-0.9993584049764893f,0.23750000000000004f,0f,0f,0f,1f], start_interpolation: 0, interpolation_duration: 1 }
$data merge entity $(bone_nose6) { transformation: [-0.9987486824135665f,0.04843547580800357f,0.012452873580710642f,0.032857718862095646f,0.04762723598033226f,0.9971455211107498f,-0.058587166868223524f,0.8264501736733246f,-0.015255024419469309f,-0.05792075976732025f,-0.998204623220078f,-0.06872182683653816f,0f,0f,0f,1f], start_interpolation: 0, interpolation_duration: 1 }
$data merge entity $(bone_pupil_left6) { transformation: [-0.9987486824135665f,0.04843547580800357f,0.012452873580710642f,0.13479190610490427f,0.04762723598033226f,0.9971455211107498f,-0.058587166868223524f,0.9934793576789567f,-0.015255024419469309f,-0.05792075976732025f,-0.998204623220078f,-0.07537516521368348f,0f,0f,0f,1f], start_interpolation: 0, interpolation_duration: 1 }
$data merge entity $(bone_eyelid_left6) { transformation: [-0.9987486824135665f,0.04843547580800357f,0.012452873580710642f,0.13374528024518081f,0.04762723598033226f,0.9971455211107498f,-0.058587166868223524f,0.9601215413866874f,-0.015255024419469309f,-0.05792075976732025f,-0.998204623220078f,-0.11099781484170765f,0f,0f,0f,1f], start_interpolation: 0, interpolation_duration: 1 }
$data merge entity $(bone_eye_left6) { transformation: [-0.9987486824135665f,0.04843547580800357f,0.012452873580710642f,0.13328608053189211f,0.04762723598033226f,0.9971455211107498f,-0.058587166868223524f,0.9622819431649531f,-0.015255024419469309f,-0.05792075976732025f,-0.998204623220078f,-0.07418901936046728f,0f,0f,0f,1f], start_interpolation: 0, interpolation_duration: 1 }
$data merge entity $(bone_pupil_right6) { transformation: [-0.9987486824135665f,0.04843547580800357f,0.012452873580710642f,-0.05247347184763944f,0.04762723598033226f,0.9971455211107498f,-0.058587166868223524f,1.0024094644252688f,-0.015255024419469309f,-0.05792075976732025f,-0.998204623220078f,-0.07823548229233397f,0f,0f,0f,1f], start_interpolation: 0, interpolation_duration: 1 }
$data merge entity $(bone_eyelid_right6) { transformation: [-0.9987486824135665f,0.04843547580800357f,0.012452873580710642f,-0.0535200977073629f,0.04762723598033226f,0.9971455211107498f,-0.058587166868223524f,0.9690516481329996f,-0.015255024419469309f,-0.05792075976732025f,-0.998204623220078f,-0.11385813192035815f,0f,0f,0f,1f], start_interpolation: 0, interpolation_duration: 1 }
$data merge entity $(bone_eye_right6) { transformation: [-0.9987486824135665f,0.04843547580800357f,0.012452873580710642f,-0.053979297420651606f,0.04762723598033226f,0.9971455211107498f,-0.058587166868223524f,0.9712120499112653f,-0.015255024419469309f,-0.05792075976732025f,-0.998204623220078f,-0.07704933643911777f,0f,0f,0f,1f], start_interpolation: 0, interpolation_duration: 1 }
$data merge entity $(bone_body3_3) { transformation: [-0.9987486824135665f,0.04843547580800357f,0.012452873580710642f,0.025743328934375375f,0.04762723598033226f,0.9971455211107498f,-0.058587166868223524f,0.6110890469452797f,-0.015255024419469309f,-0.05792075976732025f,-0.998204623220078f,-0.2753139338381933f,0f,0f,0f,1f], start_interpolation: 0, interpolation_duration: 1 }
$data merge entity $(bone_body7) { transformation: [-0.9985508209900437f,0.052356316139435845f,0.012452873580710642f,0.0028374406233721955f,0.05154178832705972f,0.9969508452949942f,-0.058587166868223524f,0.1749230521287196f,-0.015482311072907769f,-0.05786042020158466f,-0.998204623220078f,-0.25f,0f,0f,0f,1f], start_interpolation: 0, interpolation_duration: 1 }