# This file was generated by Animated Java via MC-Build. It is not recommended to edit this file directly.
$data merge entity $(bone_nose4) { transformation: [-0.9967838049014774f,-0.03408074757283055f,-0.07252964174053551f,-0.24605011471431115f,-0.04055280190044635f,0.9951412674655908f,0.08971804748767374f,0.4814291525774139f,0.0691195814813471f,0.09237077693650915f,-0.9933227688037706f,0.46634851685811685f,0f,0f,0f,1f], start_interpolation: 0, interpolation_duration: 1 }
$data merge entity $(bone_pupil_left4) { transformation: [-0.9967838049014774f,-0.03408074757283055f,-0.07252964174053551f,-0.1583232684156144f,-0.04055280190044635f,0.9951412674655908f,0.08971804748767374f,0.6561026617621898f,0.0691195814813471f,0.09237077693650915f,-0.9933227688037706f,0.47760726357171013f,0f,0f,0f,1f], start_interpolation: 0, interpolation_duration: 1 }
$data merge entity $(bone_eyelid_left4) { transformation: [-0.9967838049014774f,-0.03408074757283055f,-0.07252964174053551f,-0.1599781066192335f,-0.04055280190044635f,0.9951412674655908f,0.08971804748767374f,0.6283689239346779f,0.0691195814813471f,0.09237077693650915f,-0.9933227688037706f,0.4374710729623028f,0f,0f,0f,1f], start_interpolation: 0, interpolation_duration: 1 }
$data merge entity $(bone_eye_left4) { transformation: [-0.9967838049014774f,-0.03408074757283055f,-0.07252964174053551f,-0.15730357608005127f,-0.04055280190044635f,0.9951412674655908f,0.08971804748767374f,0.6250605709335699f,0.0691195814813471f,0.09237077693650915f,-0.9933227688037706f,0.47409985006194183f,0f,0f,0f,1f], start_interpolation: 0, interpolation_duration: 1 }
$data merge entity $(bone_pupil_right4) { transformation: [-0.9967838049014774f,-0.03408074757283055f,-0.07252964174053551f,-0.34522023183464134f,-0.04055280190044635f,0.9951412674655908f,0.08971804748767374f,0.6484990114058561f,0.0691195814813471f,0.09237077693650915f,-0.9933227688037706f,0.49056718509946273f,0f,0f,0f,1f], start_interpolation: 0, interpolation_duration: 1 }
$data merge entity $(bone_eyelid_right4) { transformation: [-0.9967838049014774f,-0.03408074757283055f,-0.07252964174053551f,-0.3468750700382605f,-0.04055280190044635f,0.9951412674655908f,0.08971804748767374f,0.6207652735783442f,0.0691195814813471f,0.09237077693650915f,-0.9933227688037706f,0.4504309944900554f,0f,0f,0f,1f], start_interpolation: 0, interpolation_duration: 1 }
$data merge entity $(bone_eye_right4) { transformation: [-0.9967838049014774f,-0.03408074757283055f,-0.07252964174053551f,-0.34420053949907825f,-0.04055280190044635f,0.9951412674655908f,0.08971804748767374f,0.6174569205772362f,0.0691195814813471f,0.09237077693650915f,-0.9933227688037706f,0.48705977158969443f,0f,0f,0f,1f], start_interpolation: 0, interpolation_duration: 1 }
$data merge entity $(bone_body1_3) { transformation: [-0.9967838049014774f,-0.03408074757283055f,-0.07252964174053551f,-0.2592534154409259f,-0.04055280190044635f,0.9951412674655908f,0.08971804748767374f,0.4233095639445933f,0.0691195814813471f,0.09237077693650915f,-0.9933227688037706f,0.24184269423412727f,0f,0f,0f,1f], start_interpolation: 0, interpolation_duration: 1 }
$data merge entity $(bone_body5) { transformation: [-0.9967838049014774f,-0.03408074757283055f,-0.07252964174053551f,-0.25073322854771823f,-0.04055280190044635f,0.9951412674655908f,0.08971804748767374f,0.17452424707819555f,0.0691195814813471f,0.09237077693650915f,-0.9933227688037706f,0.21874999999999997f,0f,0f,0f,1f], start_interpolation: 0, interpolation_duration: 1 }
$data merge entity $(bone_nose5) { transformation: [-0.9962060073384778f,0.07139392281933704f,0.04976443235078125f,0.25052349365343607f,0.07107200557337207f,0.9974373923372855f,-0.008210870305556983f,0.27724907121394937f,-0.05022311187598302f,-0.004642860310482566f,-0.9987272314709507f,0.4554637690378115f,0f,0f,0f,1f], start_interpolation: 0, interpolation_duration: 1 }
$data merge entity $(bone_pupil_left5) { transformation: [-0.9962060073384778f,0.07139392281933704f,0.04976443235078125f,0.35609532901533414f,0.07107200557337207f,0.9974373923372855f,-0.008210870305556983f,0.4420360178812396f,-0.05022311187598302f,-0.004642860310482566f,-0.9987272314709507f,0.46124680771932874f,0f,0f,0f,1f], start_interpolation: 0, interpolation_duration: 1 }
$data merge entity $(bone_eyelid_left5) { transformation: [-0.9962060073384778f,0.07139392281933704f,0.04976443235078125f,0.35573043514038416f,0.07107200557337207f,0.9974373923372855f,-0.008210870305556983f,0.410558191734241f,-0.05022311187598302f,-0.004642860310482566f,-0.9987272314709507f,0.42393962592387063f,0f,0f,0f,1f], start_interpolation: 0, interpolation_duration: 1 }
$data merge entity $(bone_eye_left5) { transformation: [-0.9962060073384778f,0.07139392281933704f,0.04976443235078125f,0.3538953716974491f,0.07107200557337207f,0.9974373923372855f,-0.008210870305556983f,0.41086096757675844f,-0.05022311187598302f,-0.004642860310482566f,-0.9987272314709507f,0.46076769258436195f,0f,0f,0f,1f], start_interpolation: 0, interpolation_duration: 1 }
$data merge entity $(bone_pupil_right5) { transformation: [-0.9962060073384778f,0.07139392281933704f,0.04976443235078125f,0.16930670263936962f,0.07107200557337207f,0.9974373923372855f,-0.008210870305556983f,0.45536201892624684f,-0.05022311187598302f,-0.004642860310482566f,-0.9987272314709507f,0.4518299742425819f,0f,0f,0f,1f], start_interpolation: 0, interpolation_duration: 1 }
$data merge entity $(bone_eyelid_right5) { transformation: [-0.9962060073384778f,0.07139392281933704f,0.04976443235078125f,0.1689418087644196f,0.07107200557337207f,0.9974373923372855f,-0.008210870305556983f,0.42388419277924827f,-0.05022311187598302f,-0.004642860310482566f,-0.9987272314709507f,0.4145227924471238f,0f,0f,0f,1f], start_interpolation: 0, interpolation_duration: 1 }
$data merge entity $(bone_eye_right5) { transformation: [-0.9962060073384778f,0.07139392281933704f,0.04976443235078125f,0.16710674532148456f,0.07107200557337207f,0.9974373923372855f,-0.008210870305556983f,0.4241869686217657f,-0.05022311187598302f,-0.004642860310482566f,-0.9987272314709507f,0.45135085910761513f,0f,0f,0f,1f], start_interpolation: 0, interpolation_duration: 1 }
$data merge entity $(bone_body6) { transformation: [-0.9962060073384778f,0.07139392281933704f,0.04976443235078125f,0.25360075292180445f,0.07107200557337207f,0.9974373923372855f,-0.008210870305556983f,0.1663582285477182f,-0.05022311187598302f,-0.004642860310482566f,-0.9987272314709507f,0.23750000000000004f,0f,0f,0f,1f], start_interpolation: 0, interpolation_duration: 1 }
$data merge entity $(bone_nose6) { transformation: [-0.9989831642442839f,0.041221167723453f,-0.018260692429176984f,0.025716028539141032f,0.042190688374314625f,0.9975196256893128f,-0.05634307569838925f,0.8144276755191049f,0.01589287170336178f,-0.05705621522821073f,-0.9982444615087291f,-0.06814882614387793f,0f,0f,0f,1f], start_interpolation: 0, interpolation_duration: 1 }
$data merge entity $(bone_pupil_left6) { transformation: [-0.9989831642442839f,0.041221167723453f,-0.018260692429176984f,0.12648982718781585f,0.042190688374314625f,0.9975196256893128f,-0.05634307569838925f,0.9820266274162981f,0.01589287170336178f,-0.05705621522821073f,-0.9982444615087291f,-0.07757361149308796f,0f,0f,0f,1f], start_interpolation: 0, interpolation_duration: 1 }
$data merge entity $(bone_eyelid_left6) { transformation: [-0.9989831642442839f,0.041221167723453f,-0.018260692429176984f,0.12451688973036379f,0.042190688374314625f,0.9975196256893128f,-0.05634307569838925f,0.9487412737748174f,0.01589287170336178f,-0.05705621522821073f,-0.9982444615087291f,-0.11322477207378372f,0f,0f,0f,1f], start_interpolation: 0, interpolation_duration: 1 }
$data merge entity $(bone_eye_left6) { transformation: [-0.9989831642442839f,0.041221167723453f,-0.018260692429176984f,0.1251902527636897f,0.042190688374314625f,0.9975196256893128f,-0.05634307569838925f,0.9508189246911956f,0.01589287170336178f,-0.05705621522821073f,-0.9982444615087291f,-0.07641450755564932f,0f,0f,0f,1f], start_interpolation: 0, interpolation_duration: 1 }
$data merge entity $(bone_pupil_right6) { transformation: [-0.9989831642442839f,0.041221167723453f,-0.018260692429176984f,-0.06081951610798739f,0.042190688374314625f,0.9975196256893128f,-0.05634307569838925f,0.9899373814864821f,0.01589287170336178f,-0.05705621522821073f,-0.9982444615087291f,-0.07459369804870762f,0f,0f,0f,1f], start_interpolation: 0, interpolation_duration: 1 }
$data merge entity $(bone_eyelid_right6) { transformation: [-0.9989831642442839f,0.041221167723453f,-0.018260692429176984f,-0.06279245356543943f,0.042190688374314625f,0.9975196256893128f,-0.05634307569838925f,0.9566520278450015f,0.01589287170336178f,-0.05705621522821073f,-0.9982444615087291f,-0.11024485862940338f,0f,0f,0f,1f], start_interpolation: 0, interpolation_duration: 1 }
$data merge entity $(bone_eye_right6) { transformation: [-0.9989831642442839f,0.041221167723453f,-0.018260692429176984f,-0.06211909053211353f,0.042190688374314625f,0.9975196256893128f,-0.05634307569838925f,0.9587296787613796f,0.01589287170336178f,-0.05705621522821073f,-0.9982444615087291f,-0.07343459411126899f,0f,0f,0f,1f], start_interpolation: 0, interpolation_duration: 1 }
$data merge entity $(bone_body3_3) { transformation: [-0.9989831642442839f,0.041221167723453f,-0.018260692429176984f,0.013348452376432179f,0.042190688374314625f,0.9975196256893128f,-0.05634307569838925f,0.5994814537419406f,0.01589287170336178f,-0.05705621522821073f,-0.9982444615087291f,-0.2749252583806821f,0f,0f,0f,1f], start_interpolation: 0, interpolation_duration: 1 }
$data merge entity $(bone_body7) { transformation: [-0.9991857462409872f,0.035977654465631906f,-0.018260692429176984f,-0.002391771452281781f,0.0369548428272659f,0.9977273161603112f,-0.05634307569838925f,0.16297575292180447f,0.016192099939584075f,-0.05697201915584478f,-0.9982444615087291f,-0.25f,0f,0f,0f,1f], start_interpolation: 0, interpolation_duration: 1 }