# This file was generated by Animated Java via MC-Build. It is not recommended to edit this file directly.
$data merge entity $(bone_nose4) { transformation: [-0.9934649803444242f,-0.05011770461909735f,-0.10254534856816158f,-0.2515574942112719f,-0.05936212874582477f,0.9942450401288464f,0.08917924562336706f,0.47105927642975026f,0.0974857451118725f,0.09468376768433763f,-0.9907227228831896f,0.46653870690212096f,0f,0f,0f,1f], start_interpolation: 0, interpolation_duration: 1 }
$data merge entity $(bone_pupil_left4) { transformation: [-0.9934649803444242f,-0.05011770461909735f,-0.10254534856816158f,-0.16684186025682418f,-0.05936212874582477f,0.9942450401288464f,0.08917924562336706f,0.6473431311862731f,0.0974857451118725f,0.09468376768433763f,-0.9907227228831896f,0.47553079597403447f,0f,0f,0f,1f], start_interpolation: 0, interpolation_duration: 1 }
$data merge entity $(bone_eyelid_left4) { transformation: [-0.9934649803444242f,-0.05011770461909735f,-0.10254534856816158f,-0.16912113255878344f,-0.05936212874582477f,0.9942450401288464f,0.08917924562336706f,0.6196171953931229f,0.0974857451118725f,0.09468376768433763f,-0.9907227228831896f,0.4354198261257793f,0f,0f,0f,1f], start_interpolation: 0, interpolation_duration: 1 }
$data merge entity $(bone_eye_left4) { transformation: [-0.9934649803444242f,-0.05011770461909735f,-0.10254534856816158f,-0.1653397728303325f,-0.05936212874582477f,0.9942450401288464f,0.08917924562336706f,0.6163287107107612f,0.0974857451118725f,0.09468376768433763f,-0.9907227228831896f,0.4719527265320969f,0f,0f,0f,1f], start_interpolation: 0, interpolation_duration: 1 }
$data merge entity $(bone_pupil_right4) { transformation: [-0.9934649803444242f,-0.05011770461909735f,-0.10254534856816158f,-0.3531165440714037f,-0.05936212874582477f,0.9942450401288464f,0.08917924562336706f,0.6362127320464309f,0.0974857451118725f,0.09468376768433763f,-0.9907227228831896f,0.49380937318251056f,0f,0f,0f,1f], start_interpolation: 0, interpolation_duration: 1 }
$data merge entity $(bone_eyelid_right4) { transformation: [-0.9934649803444242f,-0.05011770461909735f,-0.10254534856816158f,-0.355395816373363f,-0.05936212874582477f,0.9942450401288464f,0.08917924562336706f,0.6084867962532807f,0.0974857451118725f,0.09468376768433763f,-0.9907227228831896f,0.4536984033342554f,0f,0f,0f,1f], start_interpolation: 0, interpolation_duration: 1 }
$data merge entity $(bone_eye_right4) { transformation: [-0.9934649803444242f,-0.05011770461909735f,-0.10254534856816158f,-0.35161445664491203f,-0.05936212874582477f,0.9942450401288464f,0.08917924562336706f,0.6051983115709191f,0.0974857451118725f,0.09468376768433763f,-0.9907227228831896f,0.490231303740573f,0f,0f,0f,1f], start_interpolation: 0, interpolation_duration: 1 }
$data merge entity $(bone_body1_3) { transformation: [-0.9934649803444242f,-0.05011770461909735f,-0.10254534856816158f,-0.2700738435371903f,-0.05936212874582477f,0.9942450401288464f,0.08917924562336706f,0.41289184264979567f,0.0974857451118725f,0.09468376768433763f,-0.9907227228831896f,0.24242094192108438f,0f,0f,0f,1f], start_interpolation: 0, interpolation_duration: 1 }
$data merge entity $(bone_body5) { transformation: [-0.9934649803444242f,-0.05011770461909735f,-0.10254534856816158f,-0.25754441738241596f,-0.05936212874582477f,0.9942450401288464f,0.08917924562336706f,0.16433058261758407f,0.0974857451118725f,0.09468376768433763f,-0.9907227228831896f,0.21874999999999997f,0f,0f,0f,1f], start_interpolation: 0, interpolation_duration: 1 }
$data merge entity $(bone_nose5) { transformation: [-0.9945502520013759f,0.09947566727611827f,0.031215186431779573f,0.2678462464587895f,0.09947454936997156f,0.9950388322156524f,-0.0015926112368938668f,0.2735113385992416f,-0.031218748719973283f,0.0015211846968079049f,-0.9995114185068009f,0.4563095023745761f,0f,0f,0f,1f], start_interpolation: 0, interpolation_duration: 1 }
$data merge entity $(bone_pupil_left5) { transformation: [-0.9945502520013759f,0.09947566727611827f,0.031215186431779573f,0.37812418442244183f,0.09947454936997156f,0.9950388322156524f,-0.0015926112368938668f,0.4352108850289412f,-0.031218748719973283f,0.0015211846968079049f,-0.9995114185068009f,0.4613717975965377f,0f,0f,0f,1f], start_interpolation: 0, interpolation_duration: 1 }
$data merge entity $(bone_eyelid_left5) { transformation: [-0.9945502520013759f,0.09947566727611827f,0.031215186431779573f,0.37618613931125483f,0.09947454936997156f,0.9950388322156524f,-0.0015926112368938668f,0.4040561986008185f,-0.031218748719973283f,0.0015211846968079049f,-0.9995114185068009f,0.4238425823807574f,0f,0f,0f,1f], start_interpolation: 0, interpolation_duration: 1 }
$data merge entity $(bone_eye_left5) { transformation: [-0.9945502520013759f,0.09947566727611827f,0.031215186431779573f,0.375035079311583f,0.09947454936997156f,0.9950388322156524f,-0.0015926112368938668f,0.40411492614017896f,-0.031218748719973283f,0.0015211846968079049f,-0.9995114185068009f,0.46069956593819567f,0f,0f,0f,1f], start_interpolation: 0, interpolation_duration: 1 }
$data merge entity $(bone_pupil_right5) { transformation: [-0.9945502520013759f,0.09947566727611827f,0.031215186431779573f,0.1916460121721838f,0.09947454936997156f,0.9950388322156524f,-0.0015926112368938668f,0.45386236303581085f,-0.031218748719973283f,0.0015211846968079049f,-0.9995114185068009f,0.4555182822115427f,0f,0f,0f,1f], start_interpolation: 0, interpolation_duration: 1 }
$data merge entity $(bone_eyelid_right5) { transformation: [-0.9945502520013759f,0.09947566727611827f,0.031215186431779573f,0.18970796706099685f,0.09947454936997156f,0.9950388322156524f,-0.0015926112368938668f,0.42270767660768815f,-0.031218748719973283f,0.0015211846968079049f,-0.9995114185068009f,0.41798906699576244f,0f,0f,0f,1f], start_interpolation: 0, interpolation_duration: 1 }
$data merge entity $(bone_eye_right5) { transformation: [-0.9945502520013759f,0.09947566727611827f,0.031215186431779573f,0.18855690706132497f,0.09947454936997156f,0.9950388322156524f,-0.0015926112368938668f,0.42276640414704864f,-0.031218748719973283f,0.0015211846968079049f,-0.9995114185068009f,0.4548460505532007f,0f,0f,0f,1f], start_interpolation: 0, interpolation_duration: 1 }
$data merge entity $(bone_body6) { transformation: [-0.9945502520013759f,0.09947566727611827f,0.031215186431779573f,0.2637944173824159f,0.09947454936997156f,0.9950388322156524f,-0.0015926112368938668f,0.16433058261758407f,-0.031218748719973283f,0.0015211846968079049f,-0.9995114185068009f,0.23750000000000004f,0f,0f,0f,1f], start_interpolation: 0, interpolation_duration: 1 }
$data merge entity $(bone_nose6) { transformation: [-0.9982706172446332f,0.05810811128429576f,0.008900682501415284f,0.03903351846421352f,0.05747102401111032f,0.9965351258439751f,-0.06012340940305113f,0.8247644710177082f,-0.01236350052102892f,-0.05950790167788153f,-0.9981512678410833f,-0.06978485752149305f,0f,0f,0f,1f], start_interpolation: 0, interpolation_duration: 1 }
$data merge entity $(bone_pupil_left6) { transformation: [-0.9982706172446332f,0.05810811128429576f,0.008900682501415284f,0.14259203167819606f,0.05747102401111032f,0.9965351258439751f,-0.06012340940305113f,0.9907687686637306f,-0.01236350052102892f,-0.05950790167788153f,-0.9981512678410833f,-0.07698216632133043f,0f,0f,0f,1f], start_interpolation: 0, interpolation_duration: 1 }
$data merge entity $(bone_eyelid_left6) { transformation: [-0.9982706172446332f,0.05810811128429576f,0.008900682501415284f,0.1411099287943649f,0.05747102401111032f,0.9965351258439751f,-0.06012340940305113f,0.957372418128492f,-0.01236350052102892f,-0.05950790167788153f,-0.9981512678410833f,-0.11255321693793725f,0f,0f,0f,1f], start_interpolation: 0, interpolation_duration: 1 }
$data merge entity $(bone_eye_left6) { transformation: [-0.9982706172446332f,0.05810811128429576f,0.008900682501415284f,0.1407817161271252f,0.05747102401111032f,0.9965351258439751f,-0.06012340940305113f,0.9595894688502296f,-0.01236350052102892f,-0.05950790167788153f,-0.9981512678410833f,-0.0757463889362973f,0f,0f,0f,1f], start_interpolation: 0, interpolation_duration: 1 }
$data merge entity $(bone_pupil_right6) { transformation: [-0.9982706172446332f,0.05810811128429576f,0.008900682501415284f,-0.044583709055172664f,0.05747102401111032f,0.9965351258439751f,-0.06012340940305113f,1.0015445856658138f,-0.01236350052102892f,-0.05950790167788153f,-0.9981512678410833f,-0.07930032266902336f,0f,0f,0f,1f], start_interpolation: 0, interpolation_duration: 1 }
$data merge entity $(bone_eyelid_right6) { transformation: [-0.9982706172446332f,0.05810811128429576f,0.008900682501415284f,-0.04606581193900383f,0.05747102401111032f,0.9965351258439751f,-0.06012340940305113f,0.9681482351305752f,-0.01236350052102892f,-0.05950790167788153f,-0.9981512678410833f,-0.11487137328563019f,0f,0f,0f,1f], start_interpolation: 0, interpolation_duration: 1 }
$data merge entity $(bone_eye_right6) { transformation: [-0.9982706172446332f,0.05810811128429576f,0.008900682501415284f,-0.04639402460624352f,0.05747102401111032f,0.9965351258439751f,-0.06012340940305113f,0.9703652858523127f,-0.01236350052102892f,-0.05950790167788153f,-0.9981512678410833f,-0.07806454528399023f,0f,0f,0f,1f], start_interpolation: 0, interpolation_duration: 1 }
$data merge entity $(bone_body3_3) { transformation: [-0.9982706172446332f,0.05810811128429576f,0.008900682501415284f,0.029177332656775537f,0.05747102401111032f,0.9965351258439751f,-0.06012340940305113f,0.6091912777737334f,-0.01236350052102892f,-0.05950790167788153f,-0.9981512678410833f,-0.2760429048334103f,0f,0f,0f,1f], start_interpolation: 0, interpolation_duration: 1 }
$data merge entity $(bone_body7) { transformation: [-0.9983578536808349f,0.05658952062710763f,0.008900682501415284f,0.004419417382415952f,0.05595507404083974f,0.9966213951801542f,-0.06012340940305113f,0.17316941738241592f,-0.012272965529202085f,-0.059526639619223554f,-0.9981512678410833f,-0.25f,0f,0f,0f,1f], start_interpolation: 0, interpolation_duration: 1 }