# This file was generated by Animated Java via MC-Build. It is not recommended to edit this file directly.
$data merge entity $(bone_nose4) { transformation: [-0.9938551947657452f,-0.05535236312649284f,-0.0958538874196315f,-0.2562635595046808f,-0.06363322287974721f,0.9942949704562994f,0.08560563457648684f,0.47995046244419476f,0.0905685639892724f,0.09117909640712316f,-0.9917074707771952f,0.46560415024109875f,0f,0f,0f,1f], start_interpolation: 0, interpolation_duration: 1 }
$data merge entity $(bone_pupil_left4) { transformation: [-0.9938551947657452f,-0.05535236312649284f,-0.0958538874196315f,-0.17242359636884635f,-0.06363322287974721f,0.9942949704562994f,0.08560563457648684f,0.6566500145715166f,0.0905685639892724f,0.09117909640712316f,-0.9917074707771952f,0.47464420606978597f,0f,0f,0f,1f], start_interpolation: 0, interpolation_duration: 1 }
$data merge entity $(bone_eyelid_left4) { transformation: [-0.9938551947657452f,-0.05535236312649284f,-0.0958538874196315f,-0.17428835579937962f,-0.06363322287974721f,0.9942949704562994f,0.08560563457648684f,0.6287885080413755f,0.0905685639892724f,0.09117909640712316f,-0.9917074707771952f,0.4346058291529185f,0f,0f,0f,1f], start_interpolation: 0, interpolation_duration: 1 }
$data merge entity $(bone_eye_left4) { transformation: [-0.9938551947657452f,-0.05535236312649284f,-0.0958538874196315f,-0.17075374370078072f,-0.06363322287974721f,0.9942949704562994f,0.08560563457648684f,0.6256318002663676f,0.0905685639892724f,0.09117909640712316f,-0.9917074707771952f,0.47117504213782757f,0f,0f,0f,1f], start_interpolation: 0, interpolation_duration: 1 }
$data merge entity $(bone_pupil_right4) { transformation: [-0.9938551947657452f,-0.05535236312649284f,-0.0958538874196315f,-0.3587714453874236f,-0.06363322287974721f,0.9942949704562994f,0.08560563457648684f,0.644718785281564f,0.0905685639892724f,0.09117909640712316f,-0.9917074707771952f,0.49162581181777454f,0f,0f,0f,1f], start_interpolation: 0, interpolation_duration: 1 }
$data merge entity $(bone_eyelid_right4) { transformation: [-0.9938551947657452f,-0.05535236312649284f,-0.0958538874196315f,-0.3606362048179569f,-0.06363322287974721f,0.9942949704562994f,0.08560563457648684f,0.6168572787514229f,0.0905685639892724f,0.09117909640712316f,-0.9917074707771952f,0.4515874349009071f,0f,0f,0f,1f], start_interpolation: 0, interpolation_duration: 1 }
$data merge entity $(bone_eye_right4) { transformation: [-0.9938551947657452f,-0.05535236312649284f,-0.0958538874196315f,-0.357101592719358f,-0.06363322287974721f,0.9942949704562994f,0.08560563457648684f,0.613700570976415f,0.0905685639892724f,0.09117909640712316f,-0.9917074707771952f,0.48815664788581614f,0f,0f,0f,1f], start_interpolation: 0, interpolation_duration: 1 }
$data merge entity $(bone_body1_3) { transformation: [-0.9938551947657452f,-0.05535236312649284f,-0.0958538874196315f,-0.27290719400846797f,-0.06363322287974721f,0.9942949704562994f,0.08560563457648684f,0.42099740044090284f,0.0905685639892724f,0.09117909640712316f,-0.9917074707771952f,0.24154477410178077f,0f,0f,0f,1f], start_interpolation: 0, interpolation_duration: 1 }
$data merge entity $(bone_body5) { transformation: [-0.9938551947657452f,-0.05535236312649284f,-0.0958538874196315f,-0.25906910322684473f,-0.06363322287974721f,0.9942949704562994f,0.08560563457648684f,0.17242365782682795f,0.0905685639892724f,0.09117909640712316f,-0.9917074707771952f,0.21874999999999997f,0f,0f,0f,1f], start_interpolation: 0, interpolation_duration: 1 }
$data merge entity $(bone_nose5) { transformation: [-0.9953407163442316f,0.09237342395616202f,0.027640711531491394f,0.2653632938125349f,0.09257356157296484f,0.9956874792500212f,0.006048087502258992f,0.2712739426870085f,-0.026962827838497527f,0.008578706857892138f,-0.9995996257020097f,0.4571007141848966f,0f,0f,0f,1f], start_interpolation: 0, interpolation_duration: 1 }
$data merge entity $(bone_pupil_left5) { transformation: [-0.9953407163442316f,0.09237342395616202f,0.027640711531491394f,0.3745013418781504f,0.09257356157296484f,0.9956874792500212f,0.006048087502258992f,0.4337176166215737f,-0.026962827838497527f,0.008578706857892138f,-0.9995996257020097f,0.4629771938341472f,0f,0f,0f,1f], start_interpolation: 0, interpolation_duration: 1 }
$data merge entity $(bone_eyelid_left5) { transformation: [-0.9953407163442316f,0.09237342395616202f,0.027640711531491394f,0.3726511990619512f,0.09257356157296484f,0.9956874792500212f,0.006048087502258992f,0.4028291861763453f,-0.026962827838497527f,0.008578706857892138f,-0.9995996257020097f,0.4252241232810127f,0f,0f,0f,1f], start_interpolation: 0, interpolation_duration: 1 }
$data merge entity $(bone_eye_left5) { transformation: [-0.9953407163442316f,0.09237342395616202f,0.027640711531491394f,0.3716319478242275f,0.09257356157296484f,0.9956874792500212f,0.006048087502258992f,0.4026061629496995f,-0.026962827838497527f,0.008578706857892138f,-0.9995996257020097f,0.4620843594787743f,0f,0f,0f,1f], start_interpolation: 0, interpolation_duration: 1 }
$data merge entity $(bone_pupil_right5) { transformation: [-0.9953407163442316f,0.09237342395616202f,0.027640711531491394f,0.18787495756360698f,0.09257356157296484f,0.9956874792500212f,0.006048087502258992f,0.4510751594165046f,-0.026962827838497527f,0.008578706857892138f,-0.9995996257020097f,0.45792166361442893f,0f,0f,0f,1f], start_interpolation: 0, interpolation_duration: 1 }
$data merge entity $(bone_eyelid_right5) { transformation: [-0.9953407163442316f,0.09237342395616202f,0.027640711531491394f,0.18602481474740784f,0.09257356157296484f,0.9956874792500212f,0.006048087502258992f,0.4201867289712762f,-0.026962827838497527f,0.008578706857892138f,-0.9995996257020097f,0.42016859306129445f,0f,0f,0f,1f], start_interpolation: 0, interpolation_duration: 1 }
$data merge entity $(bone_eye_right5) { transformation: [-0.9953407163442316f,0.09237342395616202f,0.027640711531491394f,0.18500556350968408f,0.09257356157296484f,0.9956874792500212f,0.006048087502258992f,0.4199637057446304f,-0.026962827838497527f,0.008578706857892138f,-0.9995996257020097f,0.457028829259056f,0f,0f,0f,1f], start_interpolation: 0, interpolation_duration: 1 }
$data merge entity $(bone_body6) { transformation: [-0.9953407163442316f,0.09237342395616202f,0.027640711531491394f,0.2613063562148434f,0.09257356157296484f,0.9956874792500212f,0.006048087502258992f,0.16369364378515658f,-0.026962827838497527f,0.008578706857892138f,-0.9995996257020097f,0.23750000000000004f,0f,0f,0f,1f], start_interpolation: 0, interpolation_duration: 1 }
$data merge entity $(bone_nose6) { transformation: [-0.9975701562227556f,0.06964210714055165f,0.0019391561903837678f,0.04609660842212183f,0.06942369690210386f,0.9960053069262251f,-0.056158515678753816f,0.8156891896854352f,-0.005842407222335198f,-0.055887435867285486f,-0.9984199821668377f,-0.06742111191968142f,0f,0f,0f,1f], start_interpolation: 0, interpolation_duration: 1 }
$data merge entity $(bone_pupil_left6) { transformation: [-0.9975701562227556f,0.06964210714055165f,0.0019391561903837678f,0.1515849118149305f,0.06942369690210386f,0.9960053069262251f,-0.056158515678753816f,0.9804744274457057f,-0.005842407222335198f,-0.055887435867285486f,-0.9984199821668377f,-0.07460700181571436f,0f,0f,0f,1f], start_interpolation: 0, interpolation_duration: 1 }
$data merge entity $(bone_eyelid_left6) { transformation: [-0.9975701562227556f,0.06964210714055165f,0.0019391561903837678f,0.14948131432392767f,0.06942369690210386f,0.9960053069262251f,-0.056158515678753816f,0.9472433172663078f,-0.005842407222335198f,-0.055887435867285486f,-0.9984199821668377f,-0.11030126877611812f,0f,0f,0f,1f], start_interpolation: 0, interpolation_duration: 1 }
$data merge entity $(bone_eye_left6) { transformation: [-0.9975701562227556f,0.06964210714055165f,0.0019391561903837678f,0.14940980793940725f,0.06942369690210386f,0.9960053069262251f,-0.056158515678753816f,0.9493141625319619f,-0.005842407222335198f,-0.055887435867285486f,-0.9984199821668377f,-0.07348453193371597f,0f,0f,0f,1f], start_interpolation: 0, interpolation_duration: 1 }
$data merge entity $(bone_pupil_right6) { transformation: [-0.9975701562227556f,0.06964210714055165f,0.0019391561903837678f,-0.035459492476836156f,0.06942369690210386f,0.9960053069262251f,-0.056158515678753816f,0.9934913706148502f,-0.005842407222335198f,-0.055887435867285486f,-0.9984199821668377f,-0.07570245316990222f,0f,0f,0f,1f], start_interpolation: 0, interpolation_duration: 1 }
$data merge entity $(bone_eyelid_right6) { transformation: [-0.9975701562227556f,0.06964210714055165f,0.0019391561903837678f,-0.037563089967839004f,0.06942369690210386f,0.9960053069262251f,-0.056158515678753816f,0.9602602604354523f,-0.005842407222335198f,-0.055887435867285486f,-0.9984199821668377f,-0.11139672013030597f,0f,0f,0f,1f], start_interpolation: 0, interpolation_duration: 1 }
$data merge entity $(bone_eye_right6) { transformation: [-0.9975701562227556f,0.06964210714055165f,0.0019391561903837678f,-0.037634596352359405f,0.06942369690210386f,0.9960053069262251f,-0.056158515678753816f,0.9623311057011064f,-0.005842407222335198f,-0.055887435867285486f,-0.9984199821668377f,-0.07457998328790383f,0f,0f,0f,1f], start_interpolation: 0, interpolation_duration: 1 }
$data merge entity $(bone_body3_3) { transformation: [-0.9975701562227556f,0.06964210714055165f,0.0019391561903837678f,0.03237474582584372f,0.06942369690210386f,0.9960053069262251f,-0.056158515678753816f,0.6010909364113184f,-0.005842407222335198f,-0.055887435867285486f,-0.9984199821668377f,-0.2744733476081348f,0f,0f,0f,1f], start_interpolation: 0, interpolation_duration: 1 }
$data merge entity $(bone_body7) { transformation: [-0.9981715892093578f,0.06041289736914054f,0.0019391561903837678f,0.005944103226844739f,0.06020896930019863f,0.9966047868300487f,-0.056158515678753816f,0.16507634217317205f,-0.005325270985851409f,-0.055939080247165235f,-0.9984199821668377f,-0.25f,0f,0f,0f,1f], start_interpolation: 0, interpolation_duration: 1 }