# This file was generated by Animated Java via MC-Build. It is not recommended to edit this file directly.
$data merge entity $(bone_nose4) { transformation: [-0.994515721893735f,-0.0574133826358144f,-0.08741957675770709f,-0.2590137858903478f,-0.0643139866075632f,0.9948546535910846f,0.07828109193671969f,0.4836314851245945f,0.08247539046785568f,0.08347407814691063f,-0.9930910775174139f,0.46337860509888934f,0f,0f,0f,1f], start_interpolation: 0, interpolation_duration: 1 }
$data merge entity $(bone_pupil_left4) { transformation: [-0.994515721893735f,-0.0574133826358144f,-0.08741957675770709f,-0.17548195039692002f,-0.0643139866075632f,0.9948546535910846f,0.07828109193671969f,0.6605047879076399f,0.08247539046785568f,0.08347407814691063f,-0.9930910775174139f,0.4718556901943733f,0f,0f,0f,1f], start_interpolation: 0, interpolation_duration: 1 }
$data merge entity $(bone_eyelid_left4) { transformation: [-0.994515721893735f,-0.0574133826358144f,-0.08741957675770709f,-0.17696601631796482f,-0.0643139866075632f,0.9948546535910846f,0.07828109193671969f,0.6323511209305455f,0.08247539046785568f,0.08347407814691063f,-0.9930910775174139f,0.4320062098453793f,0f,0f,0f,1f], start_interpolation: 0, interpolation_duration: 1 }
$data merge entity $(bone_eye_left4) { transformation: [-0.994515721893735f,-0.0574133826358144f,-0.08741957675770709f,-0.17374241942502439f,-0.0643139866075632f,0.9948546535910846f,0.07828109193671969f,0.6294645056653789f,0.08247539046785568f,0.08347407814691063f,-0.9930910775174139f,0.4686264433288339f,0f,0f,0f,1f], start_interpolation: 0, interpolation_duration: 1 }
$data merge entity $(bone_pupil_right4) { transformation: [-0.994515721893735f,-0.0574133826358144f,-0.08741957675770709f,-0.36195364825199533f,-0.0643139866075632f,0.9948546535910846f,0.07828109193671969f,0.6484459154187219f,0.08247539046785568f,0.08347407814691063f,-0.9930910775174139f,0.4873198259070962f,0f,0f,0f,1f], start_interpolation: 0, interpolation_duration: 1 }
$data merge entity $(bone_eyelid_right4) { transformation: [-0.994515721893735f,-0.0574133826358144f,-0.08741957675770709f,-0.36343771417304016f,-0.0643139866075632f,0.9948546535910846f,0.07828109193671969f,0.6202922484416274f,0.08247539046785568f,0.08347407814691063f,-0.9930910775174139f,0.4474703455581022f,0f,0f,0f,1f], start_interpolation: 0, interpolation_duration: 1 }
$data merge entity $(bone_eye_right4) { transformation: [-0.994515721893735f,-0.0574133826358144f,-0.08741957675770709f,-0.3602141172800997f,-0.0643139866075632f,0.9948546535910846f,0.07828109193671969f,0.6174056331764609f,0.08247539046785568f,0.08347407814691063f,-0.9930910775174139f,0.48409057904155683f,0f,0f,0f,1f], start_interpolation: 0, interpolation_duration: 1 }
$data merge entity $(bone_body1_3) { transformation: [-0.994515721893735f,-0.0574133826358144f,-0.08741957675770709f,-0.2736513977876732f,-0.0643139866075632f,0.9948546535910846f,0.07828109193671969f,0.4230324541739484f,0.08247539046785568f,0.08347407814691063f,-0.9930910775174139f,0.23961851953672764f,0f,0f,0f,1f], start_interpolation: 0, interpolation_duration: 1 }
$data merge entity $(bone_body5) { transformation: [-0.994515721893735f,-0.0574133826358144f,-0.08741957675770709f,-0.25929805212871965f,-0.0643139866075632f,0.9948546535910846f,0.07828109193671969f,0.1743187907761773f,0.08247539046785568f,0.08347407814691063f,-0.9930910775174139f,0.21874999999999997f,0f,0f,0f,1f], start_interpolation: 0, interpolation_duration: 1 }
$data merge entity $(bone_nose5) { transformation: [-0.9960768745690783f,0.08425382824132972f,0.027058314348405048f,0.26169354079368035f,0.08448622550500177f,0.9963959560703826f,0.007561509538862615f,0.2789141681069441f,-0.02632370886889949f,0.00981789963631912f,-0.999605257688312f,0.4572374828920407f,0f,0f,0f,1f], start_interpolation: 0, interpolation_duration: 1 }
$data merge entity $(bone_pupil_left5) { transformation: [-0.9960768745690783f,0.08425382824132972f,0.027058314348405048f,0.36950614017410677f,0.08448622550500177f,0.9963959560703826f,0.007561509538862615f,0.4422349615850618f,-0.02632370886889949f,0.00981789963631912f,-0.999605257688312f,0.46326704195665797f,0f,0f,0f,1f], start_interpolation: 0, interpolation_duration: 1 }
$data merge entity $(bone_eyelid_left5) { transformation: [-0.9960768745690783f,0.08425382824132972f,0.027058314348405048f,0.3678878948296304f,0.08448622550500177f,0.9963959560703826f,0.007561509538862615f,0.4113811445655697f,-0.02632370886889949f,0.00981789963631912f,-0.999605257688312f,0.42547503542971127f,0f,0f,0f,1f], start_interpolation: 0, interpolation_duration: 1 }
$data merge entity $(bone_eye_left5) { transformation: [-0.9960768745690783f,0.08425382824132972f,0.027058314348405048f,0.36689011948803296f,0.08448622550500177f,0.9963959560703826f,0.007561509538862615f,0.4111023139013241f,-0.02632370886889949f,0.00981789963631912f,-0.999605257688312f,0.4623354793069678f,0f,0f,0f,1f], start_interpolation: 0, interpolation_duration: 1 }
$data merge entity $(bone_pupil_right5) { transformation: [-0.9960768745690783f,0.08425382824132972f,0.027058314348405048f,0.18274172619240459f,0.08448622550500177f,0.9963959560703826f,0.007561509538862615f,0.45807612886724963f,-0.02632370886889949f,0.00981789963631912f,-0.999605257688312f,0.4583313465437393f,0f,0f,0f,1f], start_interpolation: 0, interpolation_duration: 1 }
$data merge entity $(bone_eyelid_right5) { transformation: [-0.9960768745690783f,0.08425382824132972f,0.027058314348405048f,0.1811234808479282f,0.08448622550500177f,0.9963959560703826f,0.007561509538862615f,0.4272223118477575f,-0.02632370886889949f,0.00981789963631912f,-0.999605257688312f,0.4205393400167926f,0f,0f,0f,1f], start_interpolation: 0, interpolation_duration: 1 }
$data merge entity $(bone_eye_right5) { transformation: [-0.9960768745690783f,0.08425382824132972f,0.027058314348405048f,0.18012570550633078f,0.08448622550500177f,0.9963959560703826f,0.007561509538862615f,0.42694348118351194f,-0.02632370886889949f,0.00981789963631912f,-0.999605257688312f,0.4573997838940491f,0f,0f,0f,1f], start_interpolation: 0, interpolation_duration: 1 }
$data merge entity $(bone_body6) { transformation: [-0.9960768745690783f,0.08425382824132972f,0.027058314348405048f,0.25839728459349853f,0.08448622550500177f,0.9963959560703826f,0.007561509538862615f,0.17158744062337217f,-0.02632370886889949f,0.00981789963631912f,-0.999605257688312f,0.23750000000000004f,0f,0f,0f,1f], start_interpolation: 0, interpolation_duration: 1 }
$data merge entity $(bone_nose6) { transformation: [-0.9971242286694587f,0.07556834412484754f,-0.0057182135816924605f,0.049305076629986386f,0.07575588445724499f,0.9959768930931007f,-0.04786516890929042f,0.812146467522956f,0.002078117041405614f,-0.04816070795620611f,-0.9988374380442091f,-0.0623413049735472f,0f,0f,0f,1f], start_interpolation: 0, interpolation_duration: 1 }
$data merge entity $(bone_pupil_left6) { transformation: [-0.9971242286694587f,0.07556834412484754f,-0.0057182135816924605f,0.155784503864672f,0.07575588445724499f,0.9959768930931007f,-0.04786516890929042f,0.976317629047171f,0.002078117041405614f,-0.04816070795620611f,-0.9988374380442091f,-0.06894092992981905f,0f,0f,0f,1f], start_interpolation: 0, interpolation_duration: 1 }
$data merge entity $(bone_eyelid_left6) { transformation: [-0.9971242286694587f,0.07556834412484754f,-0.0057182135816924605f,0.15320856010145703f,0.07575588445724499f,0.9959768930931007f,-0.04786516890929042f,0.9433984073039132f,0.002078117041405614f,-0.04816070795620611f,-0.9988374380442091f,-0.10489231173284545f,0f,0f,0f,1f], start_interpolation: 0, interpolation_duration: 1 }
$data merge entity $(bone_eye_left6) { transformation: [-0.9971242286694587f,0.07556834412484754f,-0.0057182135816924605f,0.15341941922728194f,0.07575588445724499f,0.9959768930931007f,-0.04786516890929042f,0.9451634354074433f,0.002078117041405614f,-0.04816070795620611f,-0.9988374380442091f,-0.06806018120496524f,0f,0f,0f,1f], start_interpolation: 0, interpolation_duration: 1 }
$data merge entity $(bone_pupil_right6) { transformation: [-0.9971242286694587f,0.07556834412484754f,-0.0057182135816924605f,-0.03117628901085152f,0.07575588445724499f,0.9959768930931007f,-0.04786516890929042f,0.9905218573829044f,0.002078117041405614f,-0.04816070795620611f,-0.9988374380442091f,-0.0685512829845555f,0f,0f,0f,1f], start_interpolation: 0, interpolation_duration: 1 }
$data merge entity $(bone_eyelid_right6) { transformation: [-0.9971242286694587f,0.07556834412484754f,-0.0057182135816924605f,-0.03375223277406647f,0.07575588445724499f,0.9959768930931007f,-0.04786516890929042f,0.9576026356396466f,0.002078117041405614f,-0.04816070795620611f,-0.9988374380442091f,-0.1045026647875819f,0f,0f,0f,1f], start_interpolation: 0, interpolation_duration: 1 }
$data merge entity $(bone_eye_right6) { transformation: [-0.9971242286694587f,0.07556834412484754f,-0.0057182135816924605f,-0.033541373648241564f,0.07575588445724499f,0.9959768930931007f,-0.04786516890929042f,0.9593676637431767f,0.002078117041405614f,-0.04816070795620611f,-0.9988374380442091f,-0.06767053425970168f,0f,0f,0f,1f], start_interpolation: 0, interpolation_duration: 1 }
$data merge entity $(bone_body3_3) { transformation: [-0.9971242286694587f,0.07556834412484754f,-0.0057182135816924605f,0.0327043975086315f,0.07575588445724499f,0.9959768930931007f,-0.04786516890929042f,0.5993681554145127f,0.002078117041405614f,-0.04816070795620611f,-0.9988374380442091f,-0.2710543507421136f,0f,0f,0f,1f], start_interpolation: 0, interpolation_duration: 1 }
$data merge entity $(bone_body7) { transformation: [-0.9981431357622464f,0.06064307515408425f,-0.0057182135816924605f,0.006173052128719642f,0.060847758449153126f,0.9969987341501486f,-0.04786516890929042f,0.1631812092238227f,0.002798360667118533f,-0.048124230267688216f,-0.9988374380442091f,-0.25f,0f,0f,0f,1f], start_interpolation: 0, interpolation_duration: 1 }