# This file was generated by Animated Java via MC-Build. It is not recommended to edit this file directly.
$data merge entity $(bone_nose4) { transformation: [-0.9947722993178219f,-0.05720513641564442f,-0.08459104490193561f,-0.2593352475409297f,-0.06369194201576789f,0.9950649902070757f,0.07608548998627974f,0.482285656804026f,0.07982110643303458f,0.08107550574532191f,-0.993506594510548f,0.46268246787186607f,0f,0f,0f,1f], start_interpolation: 0, interpolation_duration: 1 }
$data merge entity $(bone_pupil_left4) { transformation: [-0.9947722993178219f,-0.05720513641564442f,-0.08459104490193561f,-0.1757488690921316f,-0.06369194201576789f,0.9950649902070757f,0.07608548998627974f,0.6591409112661212f,0.07982110643303458f,0.08107550574532191f,-0.993506594510548f,0.47099691655845366f,0f,0f,0f,1f], start_interpolation: 0, interpolation_duration: 1 }
$data merge entity $(bone_eyelid_left4) { transformation: [-0.9947722993178219f,-0.05720513641564442f,-0.08459104490193561f,-0.1771333727629653f,-0.06369194201576789f,0.9950649902070757f,0.07608548998627974f,0.6308983361966355f,0.07982110643303458f,0.08107550574532191f,-0.993506594510548f,0.43120680970976677f,0f,0f,0f,1f], start_interpolation: 0, interpolation_duration: 1 }
$data merge entity $(bone_eye_left4) { transformation: [-0.9947722993178219f,-0.05720513641564442f,-0.08459104490193561f,-0.17401407798220644f,-0.06369194201576789f,0.9950649902070757f,0.07608548998627974f,0.6280926837533914f,0.07982110643303458f,0.08107550574532191f,-0.993506594510548f,0.4678423653823432f,0f,0f,0f,1f], start_interpolation: 0, interpolation_duration: 1 }
$data merge entity $(bone_pupil_right4) { transformation: [-0.9947722993178219f,-0.05720513641564442f,-0.08459104490193561f,-0.36226867521422323f,-0.06369194201576789f,0.9950649902070757f,0.07608548998627974f,0.6471986721381646f,0.07982110643303458f,0.08107550574532191f,-0.993506594510548f,0.4859633740146476f,0f,0f,0f,1f], start_interpolation: 0, interpolation_duration: 1 }
$data merge entity $(bone_eyelid_right4) { transformation: [-0.9947722993178219f,-0.05720513641564442f,-0.08459104490193561f,-0.36365317888505694f,-0.06369194201576789f,0.9950649902070757f,0.07608548998627974f,0.6189560970686789f,0.07982110643303458f,0.08107550574532191f,-0.993506594510548f,0.44617326716596073f,0f,0f,0f,1f], start_interpolation: 0, interpolation_duration: 1 }
$data merge entity $(bone_eye_right4) { transformation: [-0.9947722993178219f,-0.05720513641564442f,-0.08459104490193561f,-0.36053388410429804f,-0.06369194201576789f,0.9950649902070757f,0.07608548998627974f,0.6161504446254349f,0.07982110643303458f,0.08107550574532191f,-0.993506594510548f,0.48280882283853715f,0f,0f,0f,1f], start_interpolation: 0, interpolation_duration: 1 }
$data merge entity $(bone_body1_3) { transformation: [-0.9947722993178219f,-0.05720513641564442f,-0.08459104490193561f,-0.27337038733075586f,-0.06369194201576789f,0.9950649902070757f,0.07608548998627974f,0.4211899053785969f,0.07982110643303458f,0.08107550574532191f,-0.993506594510548f,0.23901887643633046f,0f,0f,0f,1f], start_interpolation: 0, interpolation_duration: 1 }
$data merge entity $(bone_body5) { transformation: [-0.9947722993178219f,-0.05720513641564442f,-0.08459104490193561f,-0.25906910322684473f,-0.06369194201576789f,0.9950649902070757f,0.07608548998627974f,0.17242365782682795f,0.07982110643303458f,0.08107550574532191f,-0.993506594510548f,0.21874999999999997f,0f,0f,0f,1f], start_interpolation: 0, interpolation_duration: 1 }
$data merge entity $(bone_nose5) { transformation: [-0.9962813576809735f,0.08162804829364163f,0.027573865690668452f,0.26033992844743986f,0.08183191463180887f,0.9966259416252505f,0.0063458827025938405f,0.2814241567389128f,-0.02696282783849752f,0.008578706857892141f,-0.9995996257020097f,0.4571007141848966f,0f,0f,0f,1f], start_interpolation: 0, interpolation_duration: 1 }
$data merge entity $(bone_pupil_left5) { transformation: [-0.9962813576809735f,0.08162804829364163f,0.027573865690668452f,0.3677194255323308f,0.08183191463180887f,0.9966259416252505f,0.0063458827025938405f,0.4450355999289533f,-0.02696282783849752f,0.008578706857892141f,-0.9995996257020097f,0.46297719383414726f,0f,0f,0f,1f], start_interpolation: 0, interpolation_duration: 1 }
$data merge entity $(bone_eyelid_left5) { transformation: [-0.9962813576809735f,0.08162804829364163f,0.027573865690668452f,0.36620256898655457f,0.08183191463180887f,0.9966259416252505f,0.0063458827025938405f,0.4141290098545115f,-0.02696282783849752f,0.008578706857892141f,-0.9995996257020097f,0.4252241232810128f,0f,0f,0f,1f], start_interpolation: 0, interpolation_duration: 1 }
$data merge entity $(bone_eye_left5) { transformation: [-0.9962813576809735f,0.08162804829364163f,0.027573865690668452f,0.36518578268921115f,0.08183191463180887f,0.9966259416252505f,0.0063458827025938405f,0.41389500542985336f,-0.02696282783849752f,0.008578706857892141f,-0.9995996257020097f,0.46208435947877435f,0f,0f,0f,1f], start_interpolation: 0, interpolation_duration: 1 }
$data merge entity $(bone_pupil_right5) { transformation: [-0.9962813576809735f,0.08162804829364163f,0.027573865690668452f,0.18091667096714825f,0.08183191463180887f,0.9966259416252505f,0.0063458827025938405f,0.46037908392241744f,-0.02696282783849752f,0.008578706857892141f,-0.9995996257020097f,0.457921663614429f,0f,0f,0f,1f], start_interpolation: 0, interpolation_duration: 1 }
$data merge entity $(bone_eyelid_right5) { transformation: [-0.9962813576809735f,0.08162804829364163f,0.027573865690668452f,0.179399814421372f,0.08183191463180887f,0.9966259416252505f,0.0063458827025938405f,0.42947249384797564f,-0.02696282783849752f,0.008578706857892141f,-0.9995996257020097f,0.4201685930612945f,0f,0f,0f,1f], start_interpolation: 0, interpolation_duration: 1 }
$data merge entity $(bone_eye_right5) { transformation: [-0.9962813576809735f,0.08162804829364163f,0.027573865690668452f,0.17838302812402862f,0.08183191463180887f,0.9966259416252505f,0.0063458827025938405f,0.4292384894233175f,-0.02696282783849752f,0.008578706857892141f,-0.9995996257020097f,0.4570288292590561f,0f,0f,0f,1f], start_interpolation: 0, interpolation_duration: 1 }
$data merge entity $(bone_body6) { transformation: [-0.9962813576809735f,0.08162804829364163f,0.027573865690668452f,0.25744364378515655f,0.08183191463180887f,0.9966259416252505f,0.0063458827025938405f,0.17380635621484342f,-0.02696282783849752f,0.008578706857892141f,-0.9995996257020097f,0.23750000000000004f,0f,0f,0f,1f], start_interpolation: 0, interpolation_duration: 1 }
$data merge entity $(bone_nose6) { transformation: [-0.9970709144680593f,0.0760420925929974f,-0.008197052879301258f,0.049388558815744076f,0.07633676024924915f,0.996053286321692f,-0.04528299727719261f,0.81356200332688f,0.004721287586739976f,-0.04577609596542272f,-0.9989405680428078f,-0.060771015694896624f,0f,0f,0f,1f], start_interpolation: 0, interpolation_duration: 1 }
$data merge entity $(bone_pupil_left6) { transformation: [-0.9970709144680593f,0.0760420925929974f,-0.008197052879301258f,0.15594906118569474f,0.07633676024924915f,0.996053286321692f,-0.04528299727719261f,0.9776869962599484f,0.004721287586739976f,-0.04577609596542272f,-0.9989405680428078f,-0.06720838933513026f,0f,0f,0f,1f], start_interpolation: 0, interpolation_duration: 1 }
$data merge entity $(bone_eyelid_left6) { transformation: [-0.9970709144680593f,0.0760420925929974f,-0.008197052879301258f,0.15326535630918978f,0.07633676024924915f,0.996053286321692f,-0.04528299727719261f,0.9448622186645008f,0.004721287586739976f,-0.04577609596542272f,-0.9989405680428078f,-0.1032381576378161f,0f,0f,0f,1f], start_interpolation: 0, interpolation_duration: 1 }
$data merge entity $(bone_eye_left6) { transformation: [-0.9970709144680593f,0.0760420925929974f,-0.008197052879301258f,0.153567622634114f,0.07633676024924915f,0.996053286321692f,-0.04528299727719261f,0.9465320291890973f,0.004721287586739976f,-0.04577609596542272f,-0.9989405680428078f,-0.06640222419123756f,0f,0f,0f,1f], start_interpolation: 0, interpolation_duration: 1 }
$data merge entity $(bone_pupil_right6) { transformation: [-0.9970709144680593f,0.0760420925929974f,-0.008197052879301258f,-0.031001735277066365f,0.07633676024924915f,0.996053286321692f,-0.04528299727719261f,0.9920001388066826f,0.004721287586739976f,-0.04577609596542272f,-0.9989405680428078f,-0.06632314791261652f,0f,0f,0f,1f], start_interpolation: 0, interpolation_duration: 1 }
$data merge entity $(bone_eyelid_right6) { transformation: [-0.9970709144680593f,0.0760420925929974f,-0.008197052879301258f,-0.03368544015357133f,0.07633676024924915f,0.996053286321692f,-0.04528299727719261f,0.959175361211235f,0.004721287586739976f,-0.04577609596542272f,-0.9989405680428078f,-0.10235291621530238f,0f,0f,0f,1f], start_interpolation: 0, interpolation_duration: 1 }
$data merge entity $(bone_eye_right6) { transformation: [-0.9970709144680593f,0.0760420925929974f,-0.008197052879301258f,-0.0333831738286471f,0.07633676024924915f,0.996053286321692f,-0.04528299727719261f,0.9608451717358315f,0.004721287586739976f,-0.04577609596542272f,-0.9989405680428078f,-0.06551698276872382f,0f,0f,0f,1f], start_interpolation: 0, interpolation_duration: 1 }
$data merge entity $(bone_body3_3) { transformation: [-0.9970709144680593f,0.0760420925929974f,-0.008197052879301258f,0.03214940344044433f,0.07633676024924915f,0.996053286321692f,-0.04528299727719261f,0.6013330238884004f,0.004721287586739976f,-0.04577609596542272f,-0.9989405680428078f,-0.26999099546128436f,0f,0f,0f,1f], start_interpolation: 0, interpolation_duration: 1 }
$data merge entity $(bone_body7) { transformation: [-0.9981708563157082f,0.059897829059656196f,-0.008197052879301258f,0.005944103226844741f,0.060208925092597725f,0.9971581296348075f,-0.04528299727719261f,0.16507634217317205f,0.005461404687423497f,-0.04569370391150714f,-0.9989405680428078f,-0.25f,0f,0f,0f,1f], start_interpolation: 0, interpolation_duration: 1 }