# This file was generated by Animated Java via MC-Build. It is not recommended to edit this file directly.
$data merge entity $(bone_nose4) { transformation: [-0.9949039971312488f,-0.05692386576526398f,-0.08322085074428355f,-0.25937282943211076f,-0.06322654331245926f,0.9951642134353335f,0.07517042316225077f,0.4812364989190082f,0.07853942139474816f,0.08004912119425384f,-0.9936919530131085f,0.462386232613482f,0f,0f,0f,1f], start_interpolation: 0, interpolation_duration: 1 }
$data merge entity $(bone_pupil_left4) { transformation: [-0.9949039971312488f,-0.05692386576526398f,-0.08322085074428355f,-0.1757283300343154f,-0.06322654331245926f,0.9951642134353335f,0.07517042316225077f,0.65806689199532f,0.07853942139474816f,0.08004912119425384f,-0.9936919530131085f,0.4706447769748863f,0f,0f,0f,1f], start_interpolation: 0, interpolation_duration: 1 }
$data merge entity $(bone_eyelid_left4) { transformation: [-0.9949039971312488f,-0.05692386576526398f,-0.08322085074428355f,-0.17707024113206152f,-0.06322654331245926f,0.9951642134353335f,0.07517042316225077f,0.6297869011940502f,0.07853942139474816f,0.08004912119425384f,-0.9936919530131085f,0.4308797936995743f,0f,0f,0f,1f], start_interpolation: 0, interpolation_duration: 1 }
$data merge entity $(bone_eye_left4) { transformation: [-0.9949039971312488f,-0.05692386576526398f,-0.08322085074428355f,-0.17400147226086607f,-0.06322654331245926f,0.9951642134353335f,0.07517042316225077f,0.6270149918399422f,0.07853942139474816f,0.08004912119425384f,-0.9936919530131085f,0.46752218446693267f,0f,0f,0f,1f], start_interpolation: 0, interpolation_duration: 1 }
$data merge entity $(bone_pupil_right4) { transformation: [-0.9949039971312488f,-0.05692386576526398f,-0.08322085074428355f,-0.36227282949642453f,-0.06322654331245926f,0.9951642134353335f,0.07517042316225077f,0.6462119151242338f,0.07853942139474816f,0.08004912119425384f,-0.9936919530131085f,0.4853709184864016f,0f,0f,0f,1f], start_interpolation: 0, interpolation_duration: 1 }
$data merge entity $(bone_eyelid_right4) { transformation: [-0.9949039971312488f,-0.05692386576526398f,-0.08322085074428355f,-0.36361474059417065f,-0.06322654331245926f,0.9951642134353335f,0.07517042316225077f,0.6179319243229641f,0.07853942139474816f,0.08004912119425384f,-0.9936919530131085f,0.4456059352110896f,0f,0f,0f,1f], start_interpolation: 0, interpolation_duration: 1 }
$data merge entity $(bone_eye_right4) { transformation: [-0.9949039971312488f,-0.05692386576526398f,-0.08322085074428355f,-0.3605459717229752f,-0.06322654331245926f,0.9951642134353335f,0.07517042316225077f,0.6151600149688561f,0.07853942139474816f,0.08004912119425384f,-0.9936919530131085f,0.48224832597844797f,0f,0f,0f,1f], start_interpolation: 0, interpolation_duration: 1 }
$data merge entity $(bone_body1_3) { transformation: [-0.9949039971312488f,-0.05692386576526398f,-0.08322085074428355f,-0.27313021351951156f,-0.06322654331245926f,0.9951642134353335f,0.07517042316225077f,0.41993282481111516f,0.07853942139474816f,0.08004912119425384f,-0.9936919530131085f,0.23876228029856345f,0f,0f,0f,1f], start_interpolation: 0, interpolation_duration: 1 }
$data merge entity $(bone_body5) { transformation: [-0.9949039971312488f,-0.05692386576526398f,-0.08322085074428355f,-0.25889924707819556f,-0.06322654331245926f,0.9951642134353335f,0.07517042316225077f,0.17114177145228182f,0.07853942139474816f,0.08004912119425384f,-0.9936919530131085f,0.21874999999999997f,0f,0f,0f,1f], start_interpolation: 0, interpolation_duration: 1 }
$data merge entity $(bone_nose5) { transformation: [-0.9963728875517653f,0.08036744515444769f,0.027966814461142516f,0.25965567719811095f,0.08054986697668523f,0.9967356436944493f,0.0054566948833491445f,0.2823485561015433f,-0.027436980187248005f,0.007689626022018196f,-0.9995939584500529f,0.45700223125710737f,0f,0f,0f,1f], start_interpolation: 0, interpolation_duration: 1 }
$data merge entity $(bone_pupil_left5) { transformation: [-0.9963728875517653f,0.08036744515444769f,0.027966814461142516f,0.366826352264895f,0.08054986697668523f,0.9967356436944493f,0.0054566948833491445f,0.4461007135295562f,-0.027436980187248005f,0.007689626022018196f,-0.9995939584500529f,0.4627703412942901f,0f,0f,0f,1f], start_interpolation: 0, interpolation_duration: 1 }
$data merge entity $(bone_eyelid_left5) { transformation: [-0.9963728875517653f,0.08036744515444769f,0.027966814461142516f,0.36536362514611137f,0.08054986697668523f,0.9967356436944493f,0.0054566948833491445f,0.4151573507222303f,-0.027436980187248005f,0.007689626022018196f,-0.9995939584500529f,0.425045267039225f,0f,0f,0f,1f], start_interpolation: 0, interpolation_duration: 1 }
$data merge entity $(bone_eye_left5) { transformation: [-0.9963728875517653f,0.08036744515444769f,0.027966814461142516f,0.36433234886285676f,0.08054986697668523f,0.9967356436944493f,0.0054566948833491445f,0.4149561350984068f,-0.027436980187248005f,0.007689626022018196f,-0.9995939584500529f,0.4619052942570707f,0f,0f,0f,1f], start_interpolation: 0, interpolation_duration: 1 }
$data merge entity $(bone_pupil_right5) { transformation: [-0.9963728875517653f,0.08036744515444769f,0.027966814461142516f,0.18000643584893902f,0.08054986697668523f,0.9967356436944493f,0.0054566948833491445f,0.4612038135876847f,-0.027436980187248005f,0.007689626022018196f,-0.9995939584500529f,0.45762590750918114f,0f,0f,0f,1f], start_interpolation: 0, interpolation_duration: 1 }
$data merge entity $(bone_eyelid_right5) { transformation: [-0.9963728875517653f,0.08036744515444769f,0.027966814461142516f,0.17854370873015538f,0.08054986697668523f,0.9967356436944493f,0.0054566948833491445f,0.4302604507803588f,-0.027436980187248005f,0.007689626022018196f,-0.9995939584500529f,0.41990083325411603f,0f,0f,0f,1f], start_interpolation: 0, interpolation_duration: 1 }
$data merge entity $(bone_eye_right5) { transformation: [-0.9963728875517653f,0.08036744515444769f,0.027966814461142516f,0.17751243244690074f,0.08054986697668523f,0.9967356436944493f,0.0054566948833491445f,0.43005923515653527f,-0.027436980187248005f,0.007689626022018196f,-0.9995939584500529f,0.45676086047196174f,0f,0f,0f,1f], start_interpolation: 0, interpolation_duration: 1 }
$data merge entity $(bone_body6) { transformation: [-0.9963728875517653f,0.08036744515444769f,0.027966814461142516f,0.25698322854771816f,0.08054986697668523f,0.9967356436944493f,0.0054566948833491445f,0.17452424707819553f,-0.027436980187248005f,0.007689626022018196f,-0.9995939584500529f,0.23750000000000004f,0f,0f,0f,1f], start_interpolation: 0, interpolation_duration: 1 }
$data merge entity $(bone_nose6) { transformation: [-0.9970648879720937f,0.07598241823496338f,-0.009395812490851002f,0.04924051590733143f,0.07632544810436473f,0.9961040505877663f,-0.044171782557563384f,0.8146453985465395f,0.0060029280242271735f,-0.044759273025953415f,-0.9989797657276769f,-0.060100659003665485f,0f,0f,0f,1f], start_interpolation: 0, interpolation_duration: 1 }
$data merge entity $(bone_pupil_left6) { transformation: [-0.9970648879720937f,0.07598241823496338f,-0.009395812490851002f,0.15579244443726992f,0.07632544810436473f,0.9961040505877663f,-0.044171782557563384f,0.9787780935738231f,0.0060029280242271735f,-0.044759273025953415f,-0.9989797657276769f,-0.06648334649653315f,0f,0f,0f,1f], start_interpolation: 0, interpolation_duration: 1 }
$data merge entity $(bone_eyelid_left6) { transformation: [-0.9970648879720937f,0.07598241823496338f,-0.009395812490851002f,0.15306565089902038f,0.07632544810436473f,0.9961040505877663f,-0.044171782557563384f,0.9459934001470467f,0.0060029280242271735f,-0.044759273025953415f,-0.9989797657276769f,-0.10254636042925999f,0f,0f,0f,1f], start_interpolation: 0, interpolation_duration: 1 }
$data merge entity $(bone_eye_left6) { transformation: [-0.9970648879720937f,0.07598241823496338f,-0.009395812490851002f,0.15341212148462052f,0.07632544810436473f,0.9961040505877663f,-0.044171782557563384f,0.9476222346288569f,0.0060029280242271735f,-0.044759273025953415f,-0.9989797657276769f,-0.0657089815680519f,0f,0f,0f,1f], start_interpolation: 0, interpolation_duration: 1 }
$data merge entity $(bone_pupil_right6) { transformation: [-0.9970648879720937f,0.07598241823496338f,-0.009395812490851002f,-0.03115722205749768f,0.07632544810436473f,0.9961040505877663f,-0.044171782557563384f,0.9930891150933915f,0.0060029280242271735f,-0.044759273025953415f,-0.9989797657276769f,-0.06535779749199055f,0f,0f,0f,1f], start_interpolation: 0, interpolation_duration: 1 }
$data merge entity $(bone_eyelid_right6) { transformation: [-0.9970648879720937f,0.07598241823496338f,-0.009395812490851002f,-0.0338840155957472f,0.07632544810436473f,0.9961040505877663f,-0.044171782557563384f,0.9603044216666151f,0.0060029280242271735f,-0.044759273025953415f,-0.9989797657276769f,-0.1014208114247174f,0f,0f,0f,1f], start_interpolation: 0, interpolation_duration: 1 }
$data merge entity $(bone_eye_right6) { transformation: [-0.9970648879720937f,0.07598241823496338f,-0.009395812490851002f,-0.033537545010147066f,0.07632544810436473f,0.9961040505877663f,-0.044171782557563384f,0.9619332561484253f,0.0060029280242271735f,-0.044759273025953415f,-0.9989797657276769f,-0.0645834325635093f,0f,0f,0f,1f], start_interpolation: 0, interpolation_duration: 1 }
$data merge entity $(bone_body3_3) { transformation: [-0.9970648879720937f,0.07598241823496338f,-0.009395812490851002f,0.03175125322098084f,0.07632544810436473f,0.9961040505877663f,-0.044171782557563384f,0.6026491858364325f,0.0060029280242271735f,-0.044759273025953415f,-0.9989797657276769f,-0.269535755423198f,0f,0f,0f,1f], start_interpolation: 0, interpolation_duration: 1 }
$data merge entity $(bone_body7) { transformation: [-0.9981914684389368f,0.05937601404065204f,-0.009395812490851002f,0.005774247078195573f,0.0597349892700561f,0.9972364738027755f,-0.044171782557563384f,0.16635822854771817f,0.006747102535549815f,-0.04465315525302406f,-0.9989797657276769f,-0.25f,0f,0f,0f,1f], start_interpolation: 0, interpolation_duration: 1 }