# This file was generated by Animated Java via MC-Build. It is not recommended to edit this file directly.
$data merge entity $(bone_nose4) { transformation: [-0.9950368910171967f,-0.056525173913902896f,-0.08189316350486411f,-0.2593269839499877f,-0.06266180927718366f,0.9952570172261495f,0.074410801099155f,0.48001906144339157f,0.07729866216786185f,0.07917306597644923f,-0.9938594178509089f,0.46213540992840874f,0f,0f,0f,1f], start_interpolation: 0, interpolation_duration: 1 }
$data merge entity $(bone_pupil_left4) { transformation: [-0.9950368910171967f,-0.056525173913902896f,-0.08189316350486411f,-0.17560399000200597f,-0.06266180927718366f,0.9952570172261495f,0.074410801099155f,0.6568138856468111f,0.07729866216786185f,0.07917306597644923f,-0.9938594178509089f,0.4703600174733443f,0f,0f,0f,1f], start_interpolation: 0, interpolation_duration: 1 }
$data merge entity $(bone_eyelid_left4) { transformation: [-0.9950368910171967f,-0.056525173913902896f,-0.08189316350486411f,-0.1769085719486289f,-0.06266180927718366f,0.9952570172261495f,0.074410801099155f,0.6285025088997123f,0.07729866216786185f,0.07917306597644923f,-0.9938594178509089f,0.4306161309921712f,0f,0f,0f,1f], start_interpolation: 0, interpolation_duration: 1 }
$data merge entity $(bone_eye_left4) { transformation: [-0.9950368910171967f,-0.056525173913902896f,-0.08189316350486411f,-0.17388876154438704f,-0.06266180927718366f,0.9952570172261495f,0.074410801099155f,0.6257586106091809f,0.07729866216786185f,0.07917306597644923f,-0.9938594178509089f,0.46726469702542345f,0f,0f,0f,1f], start_interpolation: 0, interpolation_duration: 1 }
$data merge entity $(bone_pupil_right4) { transformation: [-0.9950368910171967f,-0.056525173913902896f,-0.08189316350486411f,-0.3621734070677303f,-0.06266180927718366f,0.9952570172261495f,0.074410801099155f,0.6450647964073392f,0.07729866216786185f,0.07917306597644923f,-0.9938594178509089f,0.4848535166298184f,0f,0f,0f,1f], start_interpolation: 0, interpolation_duration: 1 }
$data merge entity $(bone_eyelid_right4) { transformation: [-0.9950368910171967f,-0.056525173913902896f,-0.08189316350486411f,-0.3634779890143533f,-0.06266180927718366f,0.9952570172261495f,0.074410801099155f,0.6167534196602403f,0.07729866216786185f,0.07917306597644923f,-0.9938594178509089f,0.44510963014864524f,0f,0f,0f,1f], start_interpolation: 0, interpolation_duration: 1 }
$data merge entity $(bone_eye_right4) { transformation: [-0.9950368910171967f,-0.056525173913902896f,-0.08189316350486411f,-0.3604581786101114f,-0.06266180927718366f,0.9952570172261495f,0.074410801099155f,0.614009521369709f,0.07729866216786185f,0.07917306597644923f,-0.9938594178509089f,0.4817581961818975f,0f,0f,0f,1f], start_interpolation: 0, interpolation_duration: 1 }
$data merge entity $(bone_body1_3) { transformation: [-0.9950368910171967f,-0.056525173913902896f,-0.08189316350486411f,-0.27282508425465307f,-0.06266180927718366f,0.9952570172261495f,0.074410801099155f,0.4185419697130388f,0.07729866216786185f,0.07917306597644923f,-0.9938594178509089f,0.23854326649411228f,0f,0f,0f,1f], start_interpolation: 0, interpolation_duration: 1 }
$data merge entity $(bone_body5) { transformation: [-0.9950368910171967f,-0.056525173913902896f,-0.08189316350486411f,-0.2586937907761773f,-0.06266180927718366f,0.9952570172261495f,0.074410801099155f,0.16972771540650144f,0.07729866216786185f,0.07917306597644923f,-0.9938594178509089f,0.21874999999999997f,0f,0f,0f,1f], start_interpolation: 0, interpolation_duration: 1 }
$data merge entity $(bone_nose5) { transformation: [-0.9964565075336654f,0.07915217133564995f,0.0284492946601857f,0.2589715449095489f,0.0793085139089113f,0.9968403729097469f,0.004408010743722595f,0.2829882155655339f,-0.02801050187644227f,0.006648662272116745f,-0.999585517639497f,0.4568865294196528f,0f,0f,0f,1f], start_interpolation: 0, interpolation_duration: 1 }
$data merge entity $(bone_pupil_left5) { transformation: [-0.9964565075336654f,0.07915217133564995f,0.0284492946601857f,0.36594027951165703f,0.0793085139089113f,0.9968403729097469f,0.004408010743722595f,0.4468767164602917f,-0.02801050187644227f,0.006648662272116745f,-0.999585517639497f,0.46252947564416336f,0f,0f,0f,1f], start_interpolation: 0, interpolation_duration: 1 }
$data merge entity $(bone_eyelid_left5) { transformation: [-0.9964565075336654f,0.07915217133564995f,0.0284492946601857f,0.36453362270717493f,0.0793085139089113f,0.9968403729097469f,0.004408010743722595f,0.4158907552097517f,-0.02801050187644227f,0.006648662272116745f,-0.999585517639497f,0.42483724803667855f,0f,0f,0f,1f], start_interpolation: 0, interpolation_duration: 1 }
$data merge entity $(bone_eye_left5) { transformation: [-0.9964565075336654f,0.07915217133564995f,0.0284492946601857f,0.3634845549665806f,0.0793085139089113f,0.9968403729097469f,0.004408010743722595f,0.41572820981357694f,-0.02801050187644227f,0.006648662272116745f,-0.999585517639497f,0.461696963999635f,0f,0f,0f,1f], start_interpolation: 0, interpolation_duration: 1 }
$data merge entity $(bone_pupil_right5) { transformation: [-0.9964565075336654f,0.07915217133564995f,0.0284492946601857f,0.1791046843490948f,0.0793085139089113f,0.9968403729097469f,0.004408010743722595f,0.4617470628182126f,-0.02801050187644227f,0.006648662272116745f,-0.999585517639497f,0.4572775065423304f,0f,0f,0f,1f], start_interpolation: 0, interpolation_duration: 1 }
$data merge entity $(bone_eyelid_right5) { transformation: [-0.9964565075336654f,0.07915217133564995f,0.0284492946601857f,0.1776980275446127f,0.0793085139089113f,0.9968403729097469f,0.004408010743722595f,0.4307611015676726f,-0.02801050187644227f,0.006648662272116745f,-0.999585517639497f,0.4195852789348456f,0f,0f,0f,1f], start_interpolation: 0, interpolation_duration: 1 }
$data merge entity $(bone_eye_right5) { transformation: [-0.9964565075336654f,0.07915217133564995f,0.0284492946601857f,0.17664895980401835f,0.0793085139089113f,0.9968403729097469f,0.004408010743722595f,0.43059855617149784f,-0.02801050187644227f,0.006648662272116745f,-0.999585517639497f,0.45644499489780205f,0f,0f,0f,1f], start_interpolation: 0, interpolation_duration: 1 }
$data merge entity $(bone_body6) { transformation: [-0.9964565075336654f,0.07915217133564995f,0.0284492946601857f,0.2565375593766278f,0.0793085139089113f,0.9968403729097469f,0.004408010743722595f,0.1749230521287196f,-0.02801050187644227f,0.006648662272116745f,-0.999585517639497f,0.23750000000000004f,0f,0f,0f,1f], start_interpolation: 0, interpolation_duration: 1 }
$data merge entity $(bone_nose6) { transformation: [-0.9970728964219506f,0.0757241062339608f,-0.010559306597020434f,0.04896662973519607f,0.07611262220942497f,0.996162229294128f,-0.043216682752829236f,0.8158956022556367f,0.0072462377236334466f,-0.04389387955992451f,-0.9990099195583753f,-0.05952940968515674f,0f,0f,0f,1f], start_interpolation: 0, interpolation_duration: 1 }
$data merge entity $(bone_pupil_left6) { transformation: [-0.9970728964219506f,0.0757241062339608f,-0.010559306597020434f,0.15547709323358538f,0.07611262220942497f,0.996162229294128f,-0.043216682752829236f,0.980056458363593f,0.0072462377236334466f,-0.04389387955992451f,-0.9990099195583753f,-0.06587986142193746f,0f,0f,0f,1f], start_interpolation: 0, interpolation_duration: 1 }
$data merge entity $(bone_eyelid_left6) { transformation: [-0.9970728964219506f,0.0757241062339608f,-0.010559306597020434f,0.15271474091638584f,0.07611262220942497f,0.996162229294128f,-0.043216682752829236f,0.9473057630949204f,0.0072462377236334466f,-0.04389387955992451f,-0.9990099195583753f,-0.1019710496691289f,0f,0f,0f,1f], start_interpolation: 0, interpolation_duration: 1 }
$data merge entity $(bone_eye_left6) { transformation: [-0.9970728964219506f,0.0757241062339608f,-0.010559306597020434f,0.15310411534715096f,0.07611262220942497f,0.996162229294128f,-0.043216682752829236f,0.948899378271431f,0.0072462377236334466f,-0.04389387955992451f,-0.9990099195583753f,-0.0651325588854138f,0f,0f,0f,1f], start_interpolation: 0, interpolation_duration: 1 }
$data merge entity $(bone_pupil_right6) { transformation: [-0.9970728964219506f,0.0757241062339608f,-0.010559306597020434f,-0.031474074845530386f,0.07611262220942497f,0.996162229294128f,-0.043216682752829236f,0.9943275750278602f,0.0072462377236334466f,-0.04389387955992451f,-0.9990099195583753f,-0.06452119184875618f,0f,0f,0f,1f], start_interpolation: 0, interpolation_duration: 1 }
$data merge entity $(bone_eyelid_right6) { transformation: [-0.9970728964219506f,0.0757241062339608f,-0.010559306597020434f,-0.03423642716272993f,0.07611262220942497f,0.996162229294128f,-0.043216682752829236f,0.9615768797591876f,0.0072462377236334466f,-0.04389387955992451f,-0.9990099195583753f,-0.10061238009594763f,0f,0f,0f,1f], start_interpolation: 0, interpolation_duration: 1 }
$data merge entity $(bone_eye_right6) { transformation: [-0.9970728964219506f,0.0757241062339608f,-0.010559306597020434f,-0.0338470527319648f,0.07611262220942497f,0.996162229294128f,-0.043216682752829236f,0.9631704949356982f,0.0072462377236334466f,-0.04389387955992451f,-0.9990099195583753f,-0.06377388931223253f,0f,0f,0f,1f], start_interpolation: 0, interpolation_duration: 1 }
$data merge entity $(bone_body3_3) { transformation: [-0.9970728964219506f,0.0757241062339608f,-0.010559306597020434f,0.03127532233832456f,0.07611262220942497f,0.996162229294128f,-0.043216682752829236f,0.6040965000780856f,0.0072462377236334466f,-0.04389387955992451f,-0.9990099195583753f,-0.2691468853029417f,0f,0f,0f,1f], start_interpolation: 0, interpolation_duration: 1 }
$data merge entity $(bone_body7) { transformation: [-0.998216421212504f,0.05875778642776509f,-0.010559306597020434f,0.00556879077617733f,0.05916173225215378f,0.9973124925361989f,-0.043216682752829236f,0.16777228459349855f,0.00799161176642116f,-0.04376430926386667f,-0.9990099195583753f,-0.25f,0f,0f,0f,1f], start_interpolation: 0, interpolation_duration: 1 }