# This file was generated by Animated Java via MC-Build. It is not recommended to edit this file directly.
$data merge entity $(bone_nose4) { transformation: [-0.9955640507630443f,-0.05380836276970372f,-0.07718083262263034f,-0.2583169792800246f,-0.05948755368872864f,0.9955359587101277f,0.07327609344962109f,0.4749616736272401f,0.07289342758033227f,0.07754234334317565f,-0.9943207396028909f,0.46170124319761185f,0f,0f,0f,1f], start_interpolation: 0, interpolation_duration: 1 }
$data merge entity $(bone_pupil_left4) { transformation: [-0.9955640507630443f,-0.05380836276970372f,-0.07718083262263034f,-0.17408644781086458f,-0.05948755368872864f,0.9955359587101277f,0.07327609344962109f,0.6515089820136436f,0.07289342758033227f,0.07754234334317565f,-0.9943207396028909f,0.4700594260108195f,0f,0f,0f,1f], start_interpolation: 0, interpolation_duration: 1 }
$data merge entity $(bone_eyelid_left4) { transformation: [-0.9955640507630443f,-0.05380836276970372f,-0.07718083262263034f,-0.17529921769766f,-0.05948755368872864f,0.9955359587101277f,0.07327609344962109f,0.6231463368083129f,0.07289342758033227f,0.07754234334317565f,-0.9943207396028909f,0.43034920004623683f,0f,0f,0f,1f], start_interpolation: 0, interpolation_duration: 1 }
$data merge entity $(bone_eye_left4) { transformation: [-0.9955640507630443f,-0.05380836276970372f,-0.07718083262263034f,-0.1724531744947005f,-0.05948755368872864f,0.9955359587101277f,0.07327609344962109f,0.6204442808623581f,0.07289342758033227f,0.07754234334317565f,-0.9943207396028909f,0.4670147773190934f,0f,0f,0f,1f], start_interpolation: 0, interpolation_duration: 1 }
$data merge entity $(bone_pupil_right4) { transformation: [-0.9955640507630443f,-0.05380836276970372f,-0.07718083262263034f,-0.3607547073289354f,-0.05948755368872864f,0.9955359587101277f,0.07327609344962109f,0.640355065697007f,0.07289342758033227f,0.07754234334317565f,-0.9943207396028909f,0.4837269436821318f,0f,0f,0f,1f], start_interpolation: 0, interpolation_duration: 1 }
$data merge entity $(bone_eyelid_right4) { transformation: [-0.9955640507630443f,-0.05380836276970372f,-0.07718083262263034f,-0.3619674772157308f,-0.05948755368872864f,0.9955359587101277f,0.07327609344962109f,0.6119924204916762f,0.07289342758033227f,0.07754234334317565f,-0.9943207396028909f,0.44401671771754914f,0f,0f,0f,1f], start_interpolation: 0, interpolation_duration: 1 }
$data merge entity $(bone_eye_right4) { transformation: [-0.9955640507630443f,-0.05380836276970372f,-0.07718083262263034f,-0.3591214340127713f,-0.05948755368872864f,0.9955359587101277f,0.07327609344962109f,0.6092903645457215f,0.07289342758033227f,0.07754234334317565f,-0.9943207396028909f,0.4806822949904057f,0f,0f,0f,1f], start_interpolation: 0, interpolation_duration: 1 }
$data merge entity $(bone_body1_3) { transformation: [-0.9955640507630443f,-0.05380836276970372f,-0.07718083262263034f,-0.2709965080748419f,-0.05948755368872864f,0.9955359587101277f,0.07327609344962109f,0.413214572295116f,0.07289342758033227f,0.07754234334317565f,-0.9943207396028909f,0.2381355858357939f,0f,0f,0f,1f], start_interpolation: 0, interpolation_duration: 1 }
$data merge entity $(bone_body5) { transformation: [-0.9955640507630443f,-0.05380836276970372f,-0.07718083262263034f,-0.25754441738241596f,-0.05948755368872864f,0.9955359587101277f,0.07327609344962109f,0.16433058261758407f,0.07289342758033227f,0.07754234334317565f,-0.9943207396028909f,0.21874999999999997f,0f,0f,0f,1f], start_interpolation: 0, interpolation_duration: 1 }
$data merge entity $(bone_nose5) { transformation: [-0.9967023595167823f,0.07488763248379016f,0.03124498415188532f,0.2563115771372737f,0.07489857316423293f,0.9971908184986918f,-0.0008217298041758908f,0.2824169165503738f,-0.03121874871997328f,0.0015211846968079068f,-0.9995114185068009f,0.4563095023745761f,0f,0f,0f,1f], start_interpolation: 0, interpolation_duration: 1 }
$data merge entity $(bone_pupil_left5) { transformation: [-0.9967023595167823f,0.07488763248379016f,0.03124498415188532f,0.36256515082983864f,0.07489857316423293f,0.9971908184986918f,-0.0008217298041758908f,0.44678888798907246f,-0.03121874871997328f,0.0015211846968079068f,-0.9995114185068009f,0.4613717975965377f,0f,0f,0f,1f], start_interpolation: 0, interpolation_duration: 1 }
$data merge entity $(bone_eyelid_left5) { transformation: [-0.9967023595167823f,0.07488763248379016f,0.03124498415188532f,0.3613965992204159f,0.07489857316423293f,0.9971908184986918f,-0.0008217298041758908f,0.41559586004333177f,-0.03121874871997328f,0.0015211846968079068f,-0.9995114185068009f,0.4238425823807574f,0f,0f,0f,1f], start_interpolation: 0, interpolation_duration: 1 }
$data merge entity $(bone_eye_left5) { transformation: [-0.9967023595167823f,0.07488763248379016f,0.03124498415188532f,0.3602444404298151f,0.07489857316423293f,0.9971908184986918f,-0.0008217298041758908f,0.41562616132986074f,-0.03121874871997328f,0.0015211846968079068f,-0.9995114185068009f,0.46069956593819567f,0f,0f,0f,1f], start_interpolation: 0, interpolation_duration: 1 }
$data merge entity $(bone_pupil_right5) { transformation: [-0.9967023595167823f,0.07488763248379016f,0.03124498415188532f,0.17568345842044197f,0.07489857316423293f,0.9971908184986918f,-0.0008217298041758908f,0.46083237045736614f,-0.03121874871997328f,0.0015211846968079068f,-0.9995114185068009f,0.4555182822115427f,0f,0f,0f,1f], start_interpolation: 0, interpolation_duration: 1 }
$data merge entity $(bone_eyelid_right5) { transformation: [-0.9967023595167823f,0.07488763248379016f,0.03124498415188532f,0.17451490681101922f,0.07489857316423293f,0.9971908184986918f,-0.0008217298041758908f,0.42963934251162544f,-0.03121874871997328f,0.0015211846968079068f,-0.9995114185068009f,0.41798906699576244f,0f,0f,0f,1f], start_interpolation: 0, interpolation_duration: 1 }
$data merge entity $(bone_eye_right5) { transformation: [-0.9967023595167823f,0.07488763248379016f,0.03124498415188532f,0.17336274802041846f,0.07489857316423293f,0.9971908184986918f,-0.0008217298041758908f,0.4296696437981544f,-0.03121874871997328f,0.0015211846968079068f,-0.9995114185068009f,0.4548460505532007f,0f,0f,0f,1f], start_interpolation: 0, interpolation_duration: 1 }
$data merge entity $(bone_body6) { transformation: [-0.9967023595167823f,0.07488763248379016f,0.03124498415188532f,0.25495558261758405f,0.07489857316423293f,0.9971908184986918f,-0.0008217298041758908f,0.17316941738241592f,-0.03121874871997328f,0.0015211846968079068f,-0.9995114185068009f,0.23750000000000004f,0f,0f,0f,1f], start_interpolation: 0, interpolation_duration: 1 }
$data merge entity $(bone_nose6) { transformation: [-0.9972422998417234f,0.07273711240808158f,-0.014734581260564409f,0.046649610227649546f,0.07329039863587257f,0.9964534369488842f,-0.04134084494239105f,0.8210572918597492f,0.01167531045347226f,-0.04230674262206956f,-0.9990364491121058f,-0.05847192932439396f,0f,0f,0f,1f], start_interpolation: 0, interpolation_duration: 1 }
$data merge entity $(bone_pupil_left6) { transformation: [-0.9972422998417234f,0.07273711240808158f,-0.014734581260564409f,0.15267039437281368f,0.07329039863587257f,0.9964534369488842f,-0.04134084494239105f,0.9855292655474926f,0.01167531045347226f,-0.04230674262206956f,-0.9990364491121058f,-0.06496476772549002f,0f,0f,0f,1f], start_interpolation: 0, interpolation_duration: 1 }
$data merge entity $(bone_eyelid_left6) { transformation: [-0.9972422998417234f,0.07273711240808158f,-0.014734581260564409f,0.14984481281278997f,0.07329039863587257f,0.9964534369488842f,-0.04134084494239105f,0.9528398139575004f,0.01167531045347226f,-0.04230674262206956f,-0.9990364491121058f,-0.10110654886025432f,0f,0f,0f,1f], start_interpolation: 0, interpolation_duration: 1 }
$data merge entity $(bone_eye_left6) { transformation: [-0.9972422998417234f,0.07273711240808158f,-0.014734581260564409f,0.1503881504967733f,0.07329039863587257f,0.9964534369488842f,-0.04134084494239105f,0.9543642576147511f,0.01167531045347226f,-0.04230674262206956f,-0.9990364491121058f,-0.06426707979924541f,0f,0f,0f,1f], start_interpolation: 0, interpolation_duration: 1 }
$data merge entity $(bone_pupil_right6) { transformation: [-0.9972422998417234f,0.07273711240808158f,-0.014734581260564409f,-0.03431253684750945f,0.07329039863587257f,0.9964534369488842f,-0.04134084494239105f,0.9992712152917187f,0.01167531045347226f,-0.04230674262206956f,-0.9990364491121058f,-0.06277564701546398f,0f,0f,0f,1f], start_interpolation: 0, interpolation_duration: 1 }
$data merge entity $(bone_eyelid_right6) { transformation: [-0.9972422998417234f,0.07273711240808158f,-0.014734581260564409f,-0.037138118407533165f,0.07329039863587257f,0.9964534369488842f,-0.04134084494239105f,0.9665817637017264f,0.01167531045347226f,-0.04230674262206956f,-0.9990364491121058f,-0.09891742815022828f,0f,0f,0f,1f], start_interpolation: 0, interpolation_duration: 1 }
$data merge entity $(bone_eye_right6) { transformation: [-0.9972422998417234f,0.07273711240808158f,-0.014734581260564409f,-0.03659478072354985f,0.07329039863587257f,0.9964534369488842f,-0.04134084494239105f,0.9681062073589771f,0.01167531045347226f,-0.04230674262206956f,-0.9990364491121058f,-0.06207795908921937f,0f,0f,0f,1f], start_interpolation: 0, interpolation_duration: 1 }
$data merge entity $(bone_body3_3) { transformation: [-0.9972422998417234f,0.07273711240808158f,-0.014734581260564409f,0.02865169461900951f,0.07329039863587257f,0.9964534369488842f,-0.04134084494239105f,0.6096093776483591f,0.01167531045347226f,-0.04230674262206956f,-0.9990364491121058f,-0.2684175954725592f,0f,0f,0f,1f], start_interpolation: 0, interpolation_duration: 1 }
$data merge entity $(bone_body7) { transformation: [-0.9983561762591066f,0.05538806225507098f,-0.014734581260564409f,0.004419417382415953f,0.05595498002619694f,0.9975770520364415f,-0.04134084494239105f,0.17316941738241592f,0.012409090843558845f,-0.04209736108013541f,-0.9990364491121058f,-0.25f,0f,0f,0f,1f], start_interpolation: 0, interpolation_duration: 1 }