# This file was generated by Animated Java via MC-Build. It is not recommended to edit this file directly.
$data merge entity $(bone_nose4) { transformation: [-0.9964343704773485f,-0.044184596565893096f,-0.07187674698899144f,-0.25287774775084326f,-0.04993380996490604f,0.9955222380424212f,0.08026262010050216f,0.47501084558731244f,0.06800852853722739f,0.08356551315775039f,-0.9941788798082983f,0.4636465639629521f,0f,0f,0f,1f], start_interpolation: 0, interpolation_duration: 1 }
$data merge entity $(bone_pupil_left4) { transformation: [-0.9964343704773485f,-0.044184596565893096f,-0.07187674698899144f,-0.1669214841527504f,-0.04993380996490604f,0.9955222380424212f,0.08026262010050216f,0.650647032522375f,0.06800852853722739f,0.08356551315775039f,-0.9941788798082983f,0.47349767238621593f,0f,0f,0f,1f], start_interpolation: 0, interpolation_duration: 1 }
$data merge entity $(bone_eyelid_left4) { transformation: [-0.9964343704773485f,-0.044184596565893096f,-0.07187674698899144f,-0.1682360935221534f,-0.04993380996490604f,0.9955222380424212f,0.08026262010050216f,0.6225468108373182f,0.06800852853722739f,0.08356551315775039f,-0.9941788798082983f,0.433604542107225f,0f,0f,0f,1f], start_interpolation: 0, interpolation_duration: 1 }
$data merge entity $(bone_eye_left4) { transformation: [-0.9964343704773485f,-0.044184596565893096f,-0.07187674698899144f,-0.16558563847693436f,-0.04993380996490604f,0.9955222380424212f,0.08026262010050216f,0.6195871267211122f,0.06800852853722739f,0.08356551315775039f,-0.9941788798082983f,0.470264888300156f,0f,0f,0f,1f], start_interpolation: 0, interpolation_duration: 1 }
$data merge entity $(bone_pupil_right4) { transformation: [-0.9964343704773485f,-0.044184596565893096f,-0.07187674698899144f,-0.3537529286172532f,-0.04993380996490604f,0.9955222380424212f,0.08026262010050216f,0.6412844431539552f,0.06800852853722739f,0.08356551315775039f,-0.9941788798082983f,0.4862492714869461f,0f,0f,0f,1f], start_interpolation: 0, interpolation_duration: 1 }
$data merge entity $(bone_eyelid_right4) { transformation: [-0.9964343704773485f,-0.044184596565893096f,-0.07187674698899144f,-0.35506753798665625f,-0.04993380996490604f,0.9955222380424212f,0.08026262010050216f,0.6131842214688984f,0.06800852853722739f,0.08356551315775039f,-0.9941788798082983f,0.44635614120795514f,0f,0f,0f,1f], start_interpolation: 0, interpolation_duration: 1 }
$data merge entity $(bone_eye_right4) { transformation: [-0.9964343704773485f,-0.044184596565893096f,-0.07187674698899144f,-0.3524170829414372f,-0.04993380996490604f,0.9955222380424212f,0.08026262010050216f,0.6102245373526923f,0.06800852853722739f,0.08356551315775039f,-0.9941788798082983f,0.48301648740088615f,0f,0f,0f,1f], start_interpolation: 0, interpolation_duration: 1 }
$data merge entity $(bone_body1_3) { transformation: [-0.9964343704773485f,-0.044184596565893096f,-0.07187674698899144f,-0.26514886454797476f,-0.04993380996490604f,0.9955222380424212f,0.08026262010050216f,0.41479311888723314f,0.06800852853722739f,0.08356551315775039f,-0.9941788798082983f,0.23964137828943757f,0f,0f,0f,1f], start_interpolation: 0, interpolation_duration: 1 }
$data merge entity $(bone_body5) { transformation: [-0.9964343704773485f,-0.044184596565893096f,-0.07187674698899144f,-0.2541027154065015f,-0.04993380996490604f,0.9955222380424212f,0.08026262010050216f,0.16591255937662783f,0.06800852853722739f,0.08356551315775039f,-0.9941788798082983f,0.21874999999999997f,0f,0f,0f,1f], start_interpolation: 0, interpolation_duration: 1 }
$data merge entity $(bone_nose5) { transformation: [-0.9967118377379067f,0.07032531085603912f,0.04024752372663705f,0.25208963293095776f,0.06999251947667155f,0.9975011237877638f,-0.009620564404240755f,0.27438739310153704f,-0.040823519329333924f,-0.006771904839102249f,-0.9991434239259235f,0.455321946892019f,0f,0f,0f,1f], start_interpolation: 0, interpolation_duration: 1 }
$data merge entity $(bone_pupil_left5) { transformation: [-0.9967118377379067f,0.07032531085603912f,0.04024752372663705f,0.3575430664152808f,0.06999251947667155f,0.9975011237877638f,-0.009620564404240755f,0.43928913860987895f,-0.040823519329333924f,-0.006771904839102249f,-0.9991434239259235f,0.4598586246047845f,0f,0f,0f,1f], start_interpolation: 0, interpolation_duration: 1 }
$data merge entity $(bone_eyelid_left5) { transformation: [-0.9967118377379067f,0.07032531085603912f,0.04024752372663705f,0.3568546825907784f,0.06999251947667155f,0.9975011237877638f,-0.009620564404240755f,0.4077564573263523f,-0.040823519329333924f,-0.006771904839102249f,-0.9991434239259235f,0.4226023682337843f,0f,0f,0f,1f], start_interpolation: 0, interpolation_duration: 1 }
$data merge entity $(bone_eye_left5) { transformation: [-0.9967118377379067f,0.07032531085603912f,0.04024752372663705f,0.3553705551533587f,0.06999251947667155f,0.9975011237877638f,-0.009620564404240755f,0.4081112156387587f,-0.040823519329333924f,-0.006771904839102249f,-0.9991434239259235f,0.4594457819910527f,0f,0f,0f,1f], start_interpolation: 0, interpolation_duration: 1 }
$data merge entity $(bone_pupil_right5) { transformation: [-0.9967118377379067f,0.07032531085603912f,0.04024752372663705f,0.1706595968394233f,0.06999251947667155f,0.9975011237877638f,-0.009620564404240755f,0.45241273601175486f,-0.040823519329333924f,-0.006771904839102249f,-0.9991434239259235f,0.45220421473053435f,0f,0f,0f,1f], start_interpolation: 0, interpolation_duration: 1 }
$data merge entity $(bone_eyelid_right5) { transformation: [-0.9967118377379067f,0.07032531085603912f,0.04024752372663705f,0.16997121301492096f,0.06999251947667155f,0.9975011237877638f,-0.009620564404240755f,0.4208800547282282f,-0.040823519329333924f,-0.006771904839102249f,-0.9991434239259235f,0.41494795835953413f,0f,0f,0f,1f], start_interpolation: 0, interpolation_duration: 1 }
$data merge entity $(bone_eye_right5) { transformation: [-0.9967118377379067f,0.07032531085603912f,0.04024752372663705f,0.16848708557750122f,0.06999251947667155f,0.9975011237877638f,-0.009620564404240755f,0.4212348130406346f,-0.040823519329333924f,-0.006771904839102249f,-0.9991434239259235f,0.45179137211680254f,0f,0f,0f,1f], start_interpolation: 0, interpolation_duration: 1 }
$data merge entity $(bone_body6) { transformation: [-0.9967118377379067f,0.07032531085603912f,0.04024752372663705f,0.25320194787128036f,0.06999251947667155f,0.9975011237877638f,-0.009620564404240755f,0.1631812092238227f,-0.040823519329333924f,-0.006771904839102249f,-0.9991434239259235f,0.23750000000000004f,0f,0f,0f,1f], start_interpolation: 0, interpolation_duration: 1 }
$data merge entity $(bone_nose6) { transformation: [-0.9980895291470002f,0.058626931341652304f,-0.019498069868086238f,0.03704692390050358f,0.059492789648808095f,0.9971088367033216f,-0.04727129941043887f,0.8210058782356926f,0.016670326539161073f,-0.048340983539951615f,-0.9986917690275954f,-0.06240671801262307f,0f,0f,0f,1f], start_interpolation: 0, interpolation_duration: 1 }
$data merge entity $(bone_pupil_left6) { transformation: [-0.9980895291470002f,0.058626931341652304f,-0.019498069868086238f,0.140730879963384f,0.059492789648808095f,0.9971088367033216f,-0.04727129941043887f,0.9868951442008946f,0.016670326539161073f,-0.048340983539951615f,-0.9986917690275954f,-0.07040562060467188f,0f,0f,0f,1f], start_interpolation: 0, interpolation_duration: 1 }
$data merge entity $(bone_eyelid_left6) { transformation: [-0.9980895291470002f,0.058626931341652304f,-0.019498069868086238f,0.13816761073890413f,0.059492789648808095f,0.9971088367033216f,-0.04727129941043887f,0.9539628193260244f,0.016670326539161073f,-0.048340983539951615f,-0.9986917690275954f,-0.10634590620758323f,0f,0f,0f,1f], start_interpolation: 0, interpolation_duration: 1 }
$data merge entity $(bone_eye_left6) { transformation: [-0.9980895291470002f,0.058626931341652304f,-0.019498069868086238f,0.1388866020652898f,0.059492789648808095f,0.9971088367033216f,-0.04727129941043887f,0.9557059484917844f,0.016670326539161073f,-0.048340983539951615f,-0.9986917690275954f,-0.06951914722469064f,0f,0f,0f,1f], start_interpolation: 0, interpolation_duration: 1 }
$data merge entity $(bone_pupil_right6) { transformation: [-0.9980895291470002f,0.058626931341652304f,-0.019498069868086238f,-0.04641090675167855f,0.059492789648808095f,0.9971088367033216f,-0.04727129941043887f,0.9980500422600461f,0.016670326539161073f,-0.048340983539951615f,-0.9986917690275954f,-0.06727993437857918f,0f,0f,0f,1f], start_interpolation: 0, interpolation_duration: 1 }
$data merge entity $(bone_eyelid_right6) { transformation: [-0.9980895291470002f,0.058626931341652304f,-0.019498069868086238f,-0.04897417597615841f,0.059492789648808095f,0.9971088367033216f,-0.04727129941043887f,0.9651177173851759f,0.016670326539161073f,-0.048340983539951615f,-0.9986917690275954f,-0.10322021998149053f,0f,0f,0f,1f], start_interpolation: 0, interpolation_duration: 1 }
$data merge entity $(bone_eye_right6) { transformation: [-0.9980895291470002f,0.058626931341652304f,-0.019498069868086238f,-0.048255184649772735f,0.059492789648808095f,0.9971088367033216f,-0.04727129941043887f,0.9668608465509358f,0.016670326539161073f,-0.048340983539951615f,-0.9986917690275954f,-0.06639346099859794f,0f,0f,0f,1f], start_interpolation: 0, interpolation_duration: 1 }
$data merge entity $(bone_body3_3) { transformation: [-0.9980895291470002f,0.058626931341652304f,-0.019498069868086238f,0.020873125688086587f,0.059492789648808095f,0.9971088367033216f,-0.04727129941043887f,0.6081275490342969f,0.016670326539161073f,-0.048340983539951615f,-0.9986917690275954f,-0.2710512802058569f,0f,0f,0f,1f], start_interpolation: 0, interpolation_duration: 1 }
$data merge entity $(bone_body7) { transformation: [-0.9987751645485458f,0.045475223500765966f,-0.019498069868086238f,0.0009777154065014743f,0.04635392416437143f,0.9978059620821136f,-0.04727129941043887f,0.17158744062337217f,0.017305617457608728f,-0.048117211899101536f,-0.9986917690275954f,-0.25f,0f,0f,0f,1f], start_interpolation: 0, interpolation_duration: 1 }