# This file was generated by Animated Java via MC-Build. It is not recommended to edit this file directly.
$data merge entity $(bone_eyelid_right) {transformation: [-0.9985f,-0.0162f,0.0532f,-0.2887f,0.0021f,0.9451f,0.3267f,0.7171f,-0.0555f,0.3263f,-0.9436f,0.3164f,0f,0f,0f,1f],start_interpolation: 0,interpolation_duration: 1}
$data merge entity $(bone_eye_right) {transformation: [-0.9985f,-0.0162f,0.0532f,-0.2886f,0.0021f,0.9451f,0.3267f,0.7176f,-0.0555f,0.3263f,-0.9436f,0.3149f,0f,0f,0f,1f],start_interpolation: 0,interpolation_duration: 1}
$data merge entity $(bone_eyelid_left) {transformation: [-0.9805f,-0.1893f,0.0532f,-0.2858f,-0.1621f,0.9311f,0.3267f,0.6997f,-0.1114f,0.3117f,-0.9436f,0.3089f,0f,0f,0f,1f],start_interpolation: 0,interpolation_duration: 1}
$data merge entity $(bone_eye_left) {transformation: [-0.9805f,-0.1893f,0.0532f,-0.0713f,-0.1621f,0.9311f,0.3267f,0.7351f,-0.1114f,0.3117f,-0.9436f,0.3332f,0f,0f,0f,1f],start_interpolation: 0,interpolation_duration: 1}
$data merge entity $(bone_mouth_closed) {transformation: [-0.9932f,-0.1031f,0.0532f,-0.18f,-0.0803f,0.9417f,0.3267f,0.6189f,-0.0838f,0.3203f,-0.9436f,0.0544f,0f,0f,0f,1f],start_interpolation: 0,interpolation_duration: 1}
$data merge entity $(bone_mouth_open) {transformation: [-0.9932f,-0.1031f,0.0532f,-0.1765f,-0.0803f,0.9417f,0.3267f,0.5916f,-0.0838f,0.3203f,-0.9436f,0.0385f,0f,0f,0f,1f],start_interpolation: 0,interpolation_duration: 1}
$data merge entity $(bone_head) {transformation: [-0.9932f,-0.1031f,0.0532f,-0.1458f,-0.0803f,0.9417f,0.3267f,0.592f,-0.0838f,0.3203f,-0.9436f,0.047f,0f,0f,0f,1f],start_interpolation: 0,interpolation_duration: 1}
$data merge entity $(bone_neck) {transformation: [-0.4967f,-0.3088f,0.8111f,-0.0963f,0.0172f,0.9309f,0.3649f,0.5307f,-0.8677f,0.1952f,-0.4571f,0.0175f,0f,0f,0f,1f],start_interpolation: 0,interpolation_duration: 1}
$data merge entity $(bone_finger_left2) {transformation: [-0.7979f,0.2182f,-0.5619f,-0.3216f,0.1985f,-0.7851f,-0.5867f,0.2901f,-0.5692f,-0.5796f,0.5831f,-0.118f,0f,0f,0f,1f],start_interpolation: 0,interpolation_duration: 1}
$data merge entity $(bone_finger_left) {transformation: [-0.3535f,-0.7478f,-0.5619f,-0.3658f,0.8077f,0.0591f,-0.5867f,0.3911f,0.472f,-0.6612f,0.5831f,-0.059f,0f,0f,0f,1f],start_interpolation: 0,interpolation_duration: 1}
$data merge entity $(bone_finger_left4) {transformation: [-0.7758f,0.2869f,-0.5619f,-0.3784f,0.1293f,-0.7994f,-0.5867f,0.2355f,-0.6176f,-0.5278f,0.5831f,-0.0668f,0f,0f,0f,1f],start_interpolation: 0,interpolation_duration: 1}
$data merge entity $(bone_finger_left3) {transformation: [-0.3205f,-0.7626f,-0.5619f,-0.4185f,0.8043f,0.0943f,-0.5867f,0.3361f,0.5004f,-0.64f,0.5831f,-0.0043f,0f,0f,0f,1f],start_interpolation: 0,interpolation_duration: 1}
$data merge entity $(bone_thumb_left2) {transformation: [0.6309f,0.7741f,0.0529f,-0.1757f,0.1519f,-0.1901f,0.9699f,0.3648f,0.7609f,-0.6039f,-0.2376f,-0.047f,0f,0f,0f,1f],start_interpolation: 0,interpolation_duration: 1}
$data merge entity $(bone_thumb_left) {transformation: [0.6309f,0.3751f,-0.6792f,-0.2803f,0.1519f,0.7987f,0.5822f,0.4328f,0.7609f,-0.4705f,0.4469f,-0.015f,0f,0f,0f,1f],start_interpolation: 0,interpolation_duration: 1}
$data merge entity $(bone_hand_left) {transformation: [0.6309f,-0.535f,-0.5619f,-0.2601f,0.1519f,0.7954f,-0.5867f,0.3376f,0.7609f,0.2847f,0.5831f,0.0695f,0f,0f,0f,1f],start_interpolation: 0,interpolation_duration: 1}
$data merge entity $(bone_arm_left2) {transformation: [0.6309f,-0.535f,-0.5619f,-0.1375f,0.1519f,0.7954f,-0.5867f,0.3389f,0.7609f,0.2847f,0.5831f,0.2961f,0f,0f,0f,1f],start_interpolation: 0,interpolation_duration: 1}
$data merge entity $(bone_arm_left) {transformation: [0.6148f,-0.535f,0.5795f,-0.02f,0.5977f,0.7954f,0.1002f,0.4821f,-0.5146f,0.2847f,0.8088f,0.1169f,0f,0f,0f,1f],start_interpolation: 0,interpolation_duration: 1}
$data merge entity $(bone_finger_right2) {transformation: [0.006f,0.4333f,-0.9012f,-0.2018f,-0.0737f,-0.8986f,-0.4326f,0.2566f,-0.9973f,0.069f,0.0266f,0.4368f,0f,0f,0f,1f],start_interpolation: 0,interpolation_duration: 1}
$data merge entity $(bone_finger_right) {transformation: [0.4278f,0.0694f,-0.9012f,-0.2553f,-0.8977f,-0.0835f,-0.4326f,0.3688f,-0.1052f,0.9941f,0.0266f,0.45f,0f,0f,0f,1f],start_interpolation: 0,interpolation_duration: 1}
$data merge entity $(bone_finger_right4) {transformation: [-0.0318f,0.4322f,-0.9012f,-0.286f,0.0049f,-0.9016f,-0.4326f,0.2157f,-0.9995f,-0.0182f,0.0266f,0.4448f,0f,0f,0f,1f],start_interpolation: 0,interpolation_duration: 1}
$data merge entity $(bone_finger_right3) {transformation: [0.4304f,0.0506f,-0.9012f,-0.3398f,-0.9005f,-0.0442f,-0.4326f,0.3282f,-0.0618f,0.9977f,0.0266f,0.4525f,0f,0f,0f,1f],start_interpolation: 0,interpolation_duration: 1}
$data merge entity $(bone_thumb_right2) {transformation: [0.1777f,0.9003f,0.3974f,-0.1543f,-0.313f,-0.3312f,0.8902f,0.3437f,0.933f,-0.2826f,0.2229f,0.2883f,0f,0f,0f,1f],start_interpolation: 0,interpolation_duration: 1}
$data merge entity $(bone_thumb_right) {transformation: [0.1777f,0.7406f,-0.648f,-0.2297f,-0.313f,0.6668f,0.6763f,0.4184f,0.933f,0.0826f,0.3503f,0.3613f,0f,0f,0f,1f],start_interpolation: 0,interpolation_duration: 1}
$data merge entity $(bone_hand_right) {transformation: [0.1777f,-0.3953f,-0.9012f,-0.3006f,-0.313f,0.8455f,-0.4326f,0.3446f,0.933f,0.3589f,0.0266f,0.283f,0f,0f,0f,1f],start_interpolation: 0,interpolation_duration: 1}
$data merge entity $(bone_arm_right2) {transformation: [0.1777f,-0.3953f,-0.9012f,-0.4014f,-0.313f,0.8455f,-0.4326f,0.3958f,0.933f,0.3589f,0.0266f,0.0515f,0f,0f,0f,1f],start_interpolation: 0,interpolation_duration: 1}
$data merge entity $(bone_arm_right) {transformation: [-0.5761f,-0.3953f,-0.7154f,-0.2126f,-0.5325f,0.8455f,-0.0383f,0.5313f,0.6201f,0.3589f,-0.6976f,-0.06f,0f,0f,0f,1f],start_interpolation: 0,interpolation_duration: 1}
$data merge entity $(bone_torso) {transformation: [-0.4967f,-0.0128f,0.8678f,-0.0781f,0.0172f,0.9996f,0.0246f,0.1719f,-0.8677f,0.0271f,-0.4963f,0f,0f,0f,0f,1f],start_interpolation: 0,interpolation_duration: 1}
$data merge entity $(bone_foot_right) {transformation: [-0.0244f,0.0354f,0.9991f,-0.3163f,-0.0083f,0.9993f,-0.0356f,-0.0468f,-0.9997f,-0.0092f,-0.0241f,-0.0671f,0f,0f,0f,1f],start_interpolation: 0,interpolation_duration: 1}
$data merge entity $(bone_leg_right3) {transformation: [-0.0244f,0.1863f,0.9822f,-0.3515f,-0.0083f,0.9824f,-0.1865f,0.103f,-0.9997f,-0.0127f,-0.0224f,-0.0675f,0f,0f,0f,1f],start_interpolation: 0,interpolation_duration: 1}
$data merge entity $(bone_foot_left) {transformation: [-0.8911f,0.0194f,0.4533f,-0.1925f,-0.0225f,0.996f,-0.0868f,-0.1156f,-0.4532f,-0.0875f,-0.8871f,0.3194f,0f,0f,0f,1f],start_interpolation: 0,interpolation_duration: 1}
$data merge entity $(bone_leg_left3) {transformation: [-0.8911f,0.2035f,0.4055f,-0.1892f,-0.0225f,0.8729f,-0.4874f,0.0376f,-0.4532f,-0.4434f,-0.7733f,0.3054f,0f,0f,0f,1f],start_interpolation: 0,interpolation_duration: 1}