# This file was generated by Animated Java via MC-Build. It is not recommended to edit this file directly.
$data merge entity $(bone_eyelid_right) {transformation: [-0.9984f,-0.0111f,0.0548f,-0.2857f,0.0073f,0.9462f,0.3236f,0.7191f,-0.0554f,0.3235f,-0.9446f,0.3147f,0f,0f,0f,1f],start_interpolation: 0,interpolation_duration: 1}
$data merge entity $(bone_eye_right) {transformation: [-0.9984f,-0.0111f,0.0548f,-0.2856f,0.0073f,0.9462f,0.3236f,0.7196f,-0.0554f,0.3235f,-0.9446f,0.3133f,0f,0f,0f,1f],start_interpolation: 0,interpolation_duration: 1}
$data merge entity $(bone_eyelid_left) {transformation: [-0.9813f,-0.1843f,0.0548f,-0.2829f,-0.1571f,0.9331f,0.3236f,0.7017f,-0.1108f,0.309f,-0.9446f,0.3073f,0f,0f,0f,1f],start_interpolation: 0,interpolation_duration: 1}
$data merge entity $(bone_eye_left) {transformation: [-0.9813f,-0.1843f,0.0548f,-0.0683f,-0.1571f,0.9331f,0.3236f,0.7361f,-0.1108f,0.309f,-0.9446f,0.3315f,0f,0f,0f,1f],start_interpolation: 0,interpolation_duration: 1}
$data merge entity $(bone_mouth_closed) {transformation: [-0.9937f,-0.098f,0.0548f,-0.1776f,-0.0752f,0.9432f,0.3236f,0.6197f,-0.0834f,0.3174f,-0.9446f,0.053f,0f,0f,0f,1f],start_interpolation: 0,interpolation_duration: 1}
$data merge entity $(bone_mouth_open) {transformation: [-0.9937f,-0.098f,0.0548f,-0.1742f,-0.0752f,0.9432f,0.3236f,0.5922f,-0.0834f,0.3174f,-0.9446f,0.0372f,0f,0f,0f,1f],start_interpolation: 0,interpolation_duration: 1}
$data merge entity $(bone_head) {transformation: [-0.9937f,-0.098f,0.0548f,-0.1435f,-0.0752f,0.9432f,0.3236f,0.5925f,-0.0834f,0.3174f,-0.9446f,0.0457f,0f,0f,0f,1f],start_interpolation: 0,interpolation_duration: 1}
$data merge entity $(bone_neck) {transformation: [-0.4967f,-0.3038f,0.813f,-0.0943f,0.0172f,0.9331f,0.3592f,0.5308f,-0.8677f,0.1924f,-0.4583f,0.0164f,0f,0f,0f,1f],start_interpolation: 0,interpolation_duration: 1}
$data merge entity $(bone_finger_left2) {transformation: [-0.7969f,0.2139f,-0.565f,-0.321f,0.201f,-0.7881f,-0.5818f,0.2911f,-0.5698f,-0.5772f,0.585f,-0.1183f,0f,0f,0f,1f],start_interpolation: 0,interpolation_duration: 1}
$data merge entity $(bone_finger_left) {transformation: [-0.3491f,-0.7476f,-0.565f,-0.3646f,0.811f,0.0611f,-0.5818f,0.3925f,0.4695f,-0.6613f,0.585f,-0.0596f,0f,0f,0f,1f],start_interpolation: 0,interpolation_duration: 1}
$data merge entity $(bone_finger_left4) {transformation: [-0.7752f,0.2826f,-0.565f,-0.3781f,0.1315f,-0.8026f,-0.5818f,0.237f,-0.6179f,-0.5254f,0.585f,-0.067f,0f,0f,0f,1f],start_interpolation: 0,interpolation_duration: 1}
$data merge entity $(bone_finger_left3) {transformation: [-0.3161f,-0.7621f,-0.565f,-0.4176f,0.8076f,0.0964f,-0.5818f,0.3379f,0.4979f,-0.6402f,0.585f,-0.0048f,0f,0f,0f,1f],start_interpolation: 0,interpolation_duration: 1}
$data merge entity $(bone_thumb_left2) {transformation: [0.6318f,0.773f,0.0581f,-0.1746f,0.1509f,-0.1961f,0.9689f,0.3652f,0.7603f,-0.6034f,-0.2405f,-0.0476f,0f,0f,0f,1f],start_interpolation: 0,interpolation_duration: 1}
$data merge entity $(bone_thumb_left) {transformation: [0.6318f,0.3793f,-0.676f,-0.2789f,0.1509f,0.7952f,0.5872f,0.4339f,0.7603f,-0.473f,0.4452f,-0.0157f,0f,0f,0f,1f],start_interpolation: 0,interpolation_duration: 1}
$data merge entity $(bone_hand_left) {transformation: [0.6318f,-0.5307f,-0.565f,-0.2592f,0.1509f,0.7992f,-0.5818f,0.3388f,0.7603f,0.2823f,0.585f,0.069f,0f,0f,0f,1f],start_interpolation: 0,interpolation_duration: 1}
$data merge entity $(bone_arm_left2) {transformation: [0.6318f,-0.5307f,-0.565f,-0.1366f,0.1509f,0.7992f,-0.5818f,0.3402f,0.7603f,0.2823f,0.585f,0.2956f,0f,0f,0f,1f],start_interpolation: 0,interpolation_duration: 1}
$data merge entity $(bone_arm_left) {transformation: [0.6179f,-0.5307f,0.5801f,-0.0183f,0.5928f,0.7992f,0.0996f,0.4821f,-0.5165f,0.2823f,0.8084f,0.116f,0f,0f,0f,1f],start_interpolation: 0,interpolation_duration: 1}
$data merge entity $(bone_finger_right2) {transformation: [0.0055f,0.4285f,-0.9035f,-0.2013f,-0.0768f,-0.9007f,-0.4276f,0.2586f,-0.997f,0.0717f,0.028f,0.4366f,0f,0f,0f,1f],start_interpolation: 0,interpolation_duration: 1}
$data merge entity $(bone_finger_right) {transformation: [0.423f,0.069f,-0.9035f,-0.2542f,-0.9003f,-0.0808f,-0.4276f,0.3711f,-0.1025f,0.9943f,0.028f,0.4494f,0f,0f,0f,1f],start_interpolation: 0,interpolation_duration: 1}
$data merge entity $(bone_finger_right4) {transformation: [-0.0319f,0.4274f,-0.9035f,-0.2857f,0.002f,-0.9039f,-0.4276f,0.2182f,-0.9995f,-0.0155f,0.028f,0.4447f,0f,0f,0f,1f],start_interpolation: 0,interpolation_duration: 1}
$data merge entity $(bone_finger_right3) {transformation: [0.4256f,0.0505f,-0.9035f,-0.3389f,-0.903f,-0.0414f,-0.4276f,0.331f,-0.059f,0.9979f,0.028f,0.452f,0f,0f,0f,1f],start_interpolation: 0,interpolation_duration: 1}
$data merge entity $(bone_thumb_right2) {transformation: [0.1761f,0.8984f,0.4022f,-0.1533f,-0.3111f,-0.3369f,0.8887f,0.3449f,0.9339f,-0.2817f,0.2201f,0.2878f,0f,0f,0f,1f],start_interpolation: 0,interpolation_duration: 1}
$data merge entity $(bone_thumb_right) {transformation: [0.1761f,0.7442f,-0.6443f,-0.2283f,-0.3111f,0.6631f,0.6809f,0.4203f,0.9339f,0.0805f,0.3483f,0.3605f,0f,0f,0f,1f],start_interpolation: 0,interpolation_duration: 1}
$data merge entity $(bone_hand_right) {transformation: [0.1761f,-0.3907f,-0.9035f,-0.2996f,-0.3111f,0.8487f,-0.4276f,0.3466f,0.9339f,0.3564f,0.028f,0.2825f,0f,0f,0f,1f],start_interpolation: 0,interpolation_duration: 1}
$data merge entity $(bone_arm_right2) {transformation: [0.1761f,-0.3907f,-0.9035f,-0.4001f,-0.3111f,0.8487f,-0.4276f,0.3977f,0.9339f,0.3564f,0.028f,0.0508f,0f,0f,0f,1f],start_interpolation: 0,interpolation_duration: 1}
$data merge entity $(bone_arm_right) {transformation: [-0.5789f,-0.3907f,-0.7157f,-0.2107f,-0.5275f,0.8487f,-0.0366f,0.5318f,0.6218f,0.3564f,-0.6974f,-0.0611f,0f,0f,0f,1f],start_interpolation: 0,interpolation_duration: 1}
$data merge entity $(bone_torso) {transformation: [-0.4967f,-0.0074f,0.8679f,-0.0781f,0.0172f,0.9997f,0.0184f,0.1719f,-0.8677f,0.024f,-0.4965f,0f,0f,0f,0f,1f],start_interpolation: 0,interpolation_duration: 1}
$data merge entity $(bone_foot_right) {transformation: [-0.0244f,0.0405f,0.9989f,-0.3127f,-0.0083f,0.9991f,-0.0407f,-0.0459f,-0.9997f,-0.0093f,-0.024f,-0.0672f,0f,0f,0f,1f],start_interpolation: 0,interpolation_duration: 1}
$data merge entity $(bone_leg_right3) {transformation: [-0.0244f,0.163f,0.9863f,-0.3515f,-0.0083f,0.9866f,-0.1632f,0.103f,-0.9997f,-0.0122f,-0.0227f,-0.0675f,0f,0f,0f,1f],start_interpolation: 0,interpolation_duration: 1}
$data merge entity $(bone_foot_left) {transformation: [-0.8894f,0.035f,0.4557f,-0.193f,-0.0194f,0.9933f,-0.1142f,-0.1156f,-0.4567f,-0.1104f,-0.8828f,0.3192f,0f,0f,0f,1f],start_interpolation: 0,interpolation_duration: 1}
$data merge entity $(bone_leg_left3) {transformation: [-0.8894f,0.2078f,0.4071f,-0.1892f,-0.0194f,0.8728f,-0.4877f,0.0376f,-0.4567f,-0.4417f,-0.7722f,0.3054f,0f,0f,0f,1f],start_interpolation: 0,interpolation_duration: 1}