# This file was generated by Animated Java via MC-Build. It is not recommended to edit this file directly.
$data merge entity $(bone_eyelid_right) {transformation: [-0.9983f,-0.0075f,0.058f,-0.2847f,0.0101f,0.9547f,0.2974f,0.7273f,-0.0576f,0.2975f,-0.953f,0.3104f,0f,0f,0f,1f],start_interpolation: 0,interpolation_duration: 1}
$data merge entity $(bone_eye_right) {transformation: [-0.9983f,-0.0075f,0.058f,-0.2846f,0.0101f,0.9547f,0.2974f,0.7277f,-0.0576f,0.2975f,-0.953f,0.3089f,0f,0f,0f,1f],start_interpolation: 0,interpolation_duration: 1}
$data merge entity $(bone_eyelid_left) {transformation: [-0.9818f,-0.1807f,0.058f,-0.282f,-0.1558f,0.9419f,0.2974f,0.7096f,-0.1084f,0.283f,-0.953f,0.3034f,0f,0f,0f,1f],start_interpolation: 0,interpolation_duration: 1}
$data merge entity $(bone_eye_left) {transformation: [-0.9818f,-0.1807f,0.058f,-0.0672f,-0.1558f,0.9419f,0.2974f,0.7437f,-0.1084f,0.283f,-0.953f,0.3271f,0f,0f,0f,1f],start_interpolation: 0,interpolation_duration: 1}
$data merge entity $(bone_mouth_closed) {transformation: [-0.9938f,-0.0945f,0.058f,-0.1766f,-0.0731f,0.9519f,0.2974f,0.6202f,-0.0833f,0.2913f,-0.953f,0.0517f,0f,0f,0f,1f],start_interpolation: 0,interpolation_duration: 1}
$data merge entity $(bone_mouth_open) {transformation: [-0.9938f,-0.0945f,0.058f,-0.1733f,-0.0731f,0.9519f,0.2974f,0.5923f,-0.0833f,0.2913f,-0.953f,0.0366f,0f,0f,0f,1f],start_interpolation: 0,interpolation_duration: 1}
$data merge entity $(bone_head) {transformation: [-0.9938f,-0.0945f,0.058f,-0.1426f,-0.0731f,0.9519f,0.2974f,0.5927f,-0.0833f,0.2913f,-0.953f,0.0452f,0f,0f,0f,1f],start_interpolation: 0,interpolation_duration: 1}
$data merge entity $(bone_neck) {transformation: [-0.4967f,-0.3017f,0.8138f,-0.0936f,0.0172f,0.934f,0.3568f,0.5309f,-0.8677f,0.1912f,-0.4588f,0.0159f,0f,0f,0f,1f],start_interpolation: 0,interpolation_duration: 1}
$data merge entity $(bone_finger_left2) {transformation: [-0.7964f,0.2122f,-0.5663f,-0.3207f,0.202f,-0.7893f,-0.5799f,0.2915f,-0.57f,-0.5762f,0.5857f,-0.1184f,0f,0f,0f,1f],start_interpolation: 0,interpolation_duration: 1}
$data merge entity $(bone_finger_left) {transformation: [-0.3473f,-0.7475f,-0.5663f,-0.3641f,0.8124f,0.0619f,-0.5799f,0.393f,0.4685f,-0.6614f,0.5857f,-0.0599f,0f,0f,0f,1f],start_interpolation: 0,interpolation_duration: 1}
$data merge entity $(bone_finger_left4) {transformation: [-0.7749f,0.2808f,-0.5663f,-0.3779f,0.1325f,-0.8039f,-0.5799f,0.2375f,-0.618f,-0.5244f,0.5857f,-0.0671f,0f,0f,0f,1f],start_interpolation: 0,interpolation_duration: 1}
$data merge entity $(bone_finger_left3) {transformation: [-0.3143f,-0.7619f,-0.5663f,-0.4172f,0.8089f,0.0973f,-0.5799f,0.3386f,0.4969f,-0.6403f,0.5857f,-0.005f,0f,0f,0f,1f],start_interpolation: 0,interpolation_duration: 1}
$data merge entity $(bone_thumb_left2) {transformation: [0.6321f,0.7725f,0.0602f,-0.1742f,0.1505f,-0.1986f,0.9685f,0.3653f,0.7601f,-0.6032f,-0.2418f,-0.0479f,0f,0f,0f,1f],start_interpolation: 0,interpolation_duration: 1}
$data merge entity $(bone_thumb_left) {transformation: [0.6321f,0.381f,-0.6747f,-0.2783f,0.1505f,0.7938f,0.5893f,0.4343f,0.7601f,-0.474f,0.4445f,-0.0161f,0f,0f,0f,1f],start_interpolation: 0,interpolation_duration: 1}
$data merge entity $(bone_hand_left) {transformation: [0.6321f,-0.5289f,-0.5663f,-0.2588f,0.1505f,0.8007f,-0.5799f,0.3393f,0.7601f,0.2814f,0.5857f,0.0688f,0f,0f,0f,1f],start_interpolation: 0,interpolation_duration: 1}
$data merge entity $(bone_arm_left2) {transformation: [0.6321f,-0.5289f,-0.5663f,-0.1362f,0.1505f,0.8007f,-0.5799f,0.3407f,0.7601f,0.2814f,0.5857f,0.2954f,0f,0f,0f,1f],start_interpolation: 0,interpolation_duration: 1}
$data merge entity $(bone_arm_left) {transformation: [0.6192f,-0.5289f,0.5804f,-0.0177f,0.5908f,0.8007f,0.0993f,0.4821f,-0.5173f,0.2814f,0.8083f,0.1156f,0f,0f,0f,1f],start_interpolation: 0,interpolation_duration: 1}
$data merge entity $(bone_finger_right2) {transformation: [0.0052f,0.4265f,-0.9045f,-0.2011f,-0.078f,-0.9015f,-0.4256f,0.2594f,-0.9969f,0.0728f,0.0286f,0.4365f,0f,0f,0f,1f],start_interpolation: 0,interpolation_duration: 1}
$data merge entity $(bone_finger_right) {transformation: [0.421f,0.0689f,-0.9045f,-0.2537f,-0.9014f,-0.0797f,-0.4256f,0.3721f,-0.1014f,0.9944f,0.0286f,0.4492f,0f,0f,0f,1f],start_interpolation: 0,interpolation_duration: 1}
$data merge entity $(bone_finger_right4) {transformation: [-0.0319f,0.4254f,-0.9045f,-0.2856f,0.0008f,-0.9049f,-0.4256f,0.2192f,-0.9995f,-0.0143f,0.0286f,0.4446f,0f,0f,0f,1f],start_interpolation: 0,interpolation_duration: 1}
$data merge entity $(bone_finger_right3) {transformation: [0.4236f,0.0505f,-0.9045f,-0.3385f,-0.904f,-0.0403f,-0.4256f,0.3322f,-0.0579f,0.9979f,0.0286f,0.4518f,0f,0f,0f,1f],start_interpolation: 0,interpolation_duration: 1}
$data merge entity $(bone_thumb_right2) {transformation: [0.1755f,0.8977f,0.4042f,-0.1529f,-0.3103f,-0.3392f,0.8881f,0.3455f,0.9343f,-0.2813f,0.219f,0.2876f,0f,0f,0f,1f],start_interpolation: 0,interpolation_duration: 1}
$data merge entity $(bone_thumb_right) {transformation: [0.1755f,0.7457f,-0.6428f,-0.2278f,-0.3103f,0.6615f,0.6827f,0.4211f,0.9343f,0.0796f,0.3475f,0.3602f,0f,0f,0f,1f],start_interpolation: 0,interpolation_duration: 1}
$data merge entity $(bone_hand_right) {transformation: [0.1755f,-0.3888f,-0.9045f,-0.2992f,-0.3103f,0.8501f,-0.4256f,0.3475f,0.9343f,0.3553f,0.0286f,0.2823f,0f,0f,0f,1f],start_interpolation: 0,interpolation_duration: 1}
$data merge entity $(bone_arm_right2) {transformation: [0.1755f,-0.3888f,-0.9045f,-0.3996f,-0.3103f,0.8501f,-0.4256f,0.3984f,0.9343f,0.3553f,0.0286f,0.0505f,0f,0f,0f,1f],start_interpolation: 0,interpolation_duration: 1}
$data merge entity $(bone_arm_right) {transformation: [-0.58f,-0.3888f,-0.7158f,-0.2099f,-0.5255f,0.8501f,-0.0359f,0.5321f,0.6224f,0.3553f,-0.6974f,-0.0615f,0f,0f,0f,1f],start_interpolation: 0,interpolation_duration: 1}
$data merge entity $(bone_torso) {transformation: [-0.4967f,-0.0052f,0.8679f,-0.0781f,0.0172f,0.9997f,0.0158f,0.1719f,-0.8677f,0.0227f,-0.4965f,0f,0f,0f,0f,1f],start_interpolation: 0,interpolation_duration: 1}
$data merge entity $(bone_foot_right) {transformation: [-0.0244f,0.015f,0.9996f,-0.3137f,-0.0083f,0.9999f,-0.0152f,-0.0461f,-0.9997f,-0.0087f,-0.0243f,-0.0671f,0f,0f,0f,1f],start_interpolation: 0,interpolation_duration: 1}
$data merge entity $(bone_leg_right3) {transformation: [-0.0244f,0.1691f,0.9853f,-0.3515f,-0.0083f,0.9855f,-0.1693f,0.103f,-0.9997f,-0.0123f,-0.0226f,-0.0675f,0f,0f,0f,1f],start_interpolation: 0,interpolation_duration: 1}
$data merge entity $(bone_foot_left) {transformation: [-0.8715f,0.0855f,0.4828f,-0.1979f,0.0108f,0.9878f,-0.1554f,-0.1155f,-0.4902f,-0.1303f,-0.8618f,0.3174f,0f,0f,0f,1f],start_interpolation: 0,interpolation_duration: 1}
$data merge entity $(bone_leg_left3) {transformation: [-0.8715f,0.2492f,0.4223f,-0.1892f,0.0108f,0.8708f,-0.4916f,0.0376f,-0.4902f,-0.4239f,-0.7616f,0.3054f,0f,0f,0f,1f],start_interpolation: 0,interpolation_duration: 1}