# This file was generated by Animated Java via MC-Build. It is not recommended to edit this file directly.
$data merge entity $(bone_eyelid_right) {transformation: [-0.9983f,-0.0007f,0.0585f,-0.28f,0.0175f,0.9502f,0.3111f,0.725f,-0.0558f,0.3116f,-0.9486f,0.3106f,0f,0f,0f,1f],start_interpolation: 0,interpolation_duration: 1}
$data merge entity $(bone_eye_right) {transformation: [-0.9983f,-0.0007f,0.0585f,-0.2799f,0.0175f,0.9502f,0.3111f,0.7255f,-0.0558f,0.3116f,-0.9486f,0.3091f,0f,0f,0f,1f],start_interpolation: 0,interpolation_duration: 1}
$data merge entity $(bone_eyelid_left) {transformation: [-0.983f,-0.1741f,0.0585f,-0.2774f,-0.1477f,0.9388f,0.3111f,0.7074f,-0.1091f,0.2972f,-0.9486f,0.3034f,0f,0f,0f,1f],start_interpolation: 0,interpolation_duration: 1}
$data merge entity $(bone_eye_left) {transformation: [-0.983f,-0.1741f,0.0585f,-0.0624f,-0.1477f,0.9388f,0.3111f,0.7397f,-0.1091f,0.2972f,-0.9486f,0.3272f,0f,0f,0f,1f],start_interpolation: 0,interpolation_duration: 1}
$data merge entity $(bone_mouth_closed) {transformation: [-0.9944f,-0.0877f,0.0585f,-0.1729f,-0.0654f,0.9481f,0.3111f,0.621f,-0.0828f,0.3055f,-0.9486f,0.0502f,0f,0f,0f,1f],start_interpolation: 0,interpolation_duration: 1}
$data merge entity $(bone_mouth_open) {transformation: [-0.9944f,-0.0877f,0.0585f,-0.1698f,-0.0654f,0.9481f,0.3111f,0.5934f,-0.0828f,0.3055f,-0.9486f,0.0347f,0f,0f,0f,1f],start_interpolation: 0,interpolation_duration: 1}
$data merge entity $(bone_head) {transformation: [-0.9944f,-0.0877f,0.0585f,-0.1391f,-0.0654f,0.9481f,0.3111f,0.5934f,-0.0828f,0.3055f,-0.9486f,0.0432f,0f,0f,0f,1f],start_interpolation: 0,interpolation_duration: 1}
$data merge entity $(bone_neck) {transformation: [-0.4967f,-0.294f,0.8166f,-0.0906f,0.0172f,0.9374f,0.3479f,0.5311f,-0.8677f,0.1868f,-0.4606f,0.0142f,0f,0f,0f,1f],start_interpolation: 0,interpolation_duration: 1}
$data merge entity $(bone_finger_left2) {transformation: [-0.7949f,0.2056f,-0.5709f,-0.3197f,0.2059f,-0.7937f,-0.5724f,0.2929f,-0.5708f,-0.5725f,0.5885f,-0.119f,0f,0f,0f,1f],start_interpolation: 0,interpolation_duration: 1}
$data merge entity $(bone_finger_left) {transformation: [-0.3405f,-0.7471f,-0.5709f,-0.3623f,0.8174f,0.0649f,-0.5724f,0.3951f,0.4647f,-0.6616f,0.5885f,-0.0609f,0f,0f,0f,1f],start_interpolation: 0,interpolation_duration: 1}
$data merge entity $(bone_finger_left4) {transformation: [-0.7739f,0.2741f,-0.5709f,-0.3774f,0.1359f,-0.8086f,-0.5724f,0.2397f,-0.6185f,-0.5206f,0.5885f,-0.0673f,0f,0f,0f,1f],start_interpolation: 0,interpolation_duration: 1}
$data merge entity $(bone_finger_left3) {transformation: [-0.3076f,-0.7612f,-0.5709f,-0.4158f,0.8138f,0.1005f,-0.5724f,0.3414f,0.4931f,-0.6407f,0.5885f,-0.0057f,0f,0f,0f,1f],start_interpolation: 0,interpolation_duration: 1}
$data merge entity $(bone_thumb_left2) {transformation: [0.6335f,0.7707f,0.0681f,-0.1726f,0.1488f,-0.2078f,0.9668f,0.3659f,0.7593f,-0.6023f,-0.2463f,-0.0488f,0f,0f,0f,1f],start_interpolation: 0,interpolation_duration: 1}
$data merge entity $(bone_thumb_left) {transformation: [0.6335f,0.3875f,-0.6698f,-0.2762f,0.1488f,0.7884f,0.5969f,0.4358f,0.7593f,-0.4778f,0.4418f,-0.0173f,0f,0f,0f,1f],start_interpolation: 0,interpolation_duration: 1}
$data merge entity $(bone_hand_left) {transformation: [0.6335f,-0.5222f,-0.5709f,-0.2574f,0.1488f,0.8063f,-0.5724f,0.3411f,0.7593f,0.2777f,0.5885f,0.068f,0f,0f,0f,1f],start_interpolation: 0,interpolation_duration: 1}
$data merge entity $(bone_arm_left2) {transformation: [0.6335f,-0.5222f,-0.5709f,-0.1348f,0.1488f,0.8063f,-0.5724f,0.3425f,0.7593f,0.2777f,0.5885f,0.2946f,0f,0f,0f,1f],start_interpolation: 0,interpolation_duration: 1}
$data merge entity $(bone_arm_left) {transformation: [0.624f,-0.5222f,0.5813f,-0.0151f,0.5832f,0.8063f,0.0984f,0.4822f,-0.5201f,0.2777f,0.8077f,0.1141f,0f,0f,0f,1f],start_interpolation: 0,interpolation_duration: 1}
$data merge entity $(bone_finger_right2) {transformation: [0.0044f,0.4191f,-0.9079f,-0.2003f,-0.0828f,-0.9047f,-0.418f,0.2625f,-0.9966f,0.077f,0.0307f,0.4361f,0f,0f,0f,1f],start_interpolation: 0,interpolation_duration: 1}
$data merge entity $(bone_finger_right) {transformation: [0.4135f,0.0684f,-0.9079f,-0.252f,-0.9053f,-0.0756f,-0.418f,0.3756f,-0.0972f,0.9948f,0.0307f,0.4482f,0f,0f,0f,1f],start_interpolation: 0,interpolation_duration: 1}
$data merge entity $(bone_finger_right4) {transformation: [-0.0321f,0.4179f,-0.9079f,-0.2851f,-0.0036f,-0.9084f,-0.418f,0.223f,-0.9995f,-0.0101f,0.0307f,0.4444f,0f,0f,0f,1f],start_interpolation: 0,interpolation_duration: 1}
$data merge entity $(bone_finger_right3) {transformation: [0.4161f,0.0503f,-0.9079f,-0.3371f,-0.9077f,-0.036f,-0.418f,0.3364f,-0.0537f,0.9981f,0.0307f,0.4511f,0f,0f,0f,1f],start_interpolation: 0,interpolation_duration: 1}
$data merge entity $(bone_thumb_right2) {transformation: [0.1731f,0.8948f,0.4115f,-0.1514f,-0.3073f,-0.3479f,0.8858f,0.3474f,0.9357f,-0.2798f,0.2148f,0.2868f,0f,0f,0f,1f],start_interpolation: 0,interpolation_duration: 1}
$data merge entity $(bone_thumb_right) {transformation: [0.1731f,0.7511f,-0.6371f,-0.2257f,-0.3073f,0.6557f,0.6896f,0.424f,0.9357f,0.0764f,0.3443f,0.3591f,0f,0f,0f,1f],start_interpolation: 0,interpolation_duration: 1}
$data merge entity $(bone_hand_right) {transformation: [0.1731f,-0.3817f,-0.9079f,-0.2977f,-0.3073f,0.8549f,-0.418f,0.3506f,0.9357f,0.3514f,0.0307f,0.2815f,0f,0f,0f,1f],start_interpolation: 0,interpolation_duration: 1}
$data merge entity $(bone_arm_right2) {transformation: [0.1731f,-0.3817f,-0.9079f,-0.3978f,-0.3073f,0.8549f,-0.418f,0.4013f,0.9357f,0.3514f,0.0307f,0.0495f,0f,0f,0f,1f],start_interpolation: 0,interpolation_duration: 1}
$data merge entity $(bone_arm_right) {transformation: [-0.5842f,-0.3817f,-0.7162f,-0.2069f,-0.5178f,0.8549f,-0.0333f,0.5328f,0.625f,0.3514f,-0.6971f,-0.0632f,0f,0f,0f,1f],start_interpolation: 0,interpolation_duration: 1}
$data merge entity $(bone_torso) {transformation: [-0.4967f,0.003f,0.8679f,-0.0781f,0.0172f,0.9998f,0.0064f,0.1719f,-0.8677f,0.018f,-0.4967f,0f,0f,0f,0f,1f],start_interpolation: 0,interpolation_duration: 1}
$data merge entity $(bone_foot_right) {transformation: [-0.0244f,0.202f,0.9791f,-0.3213f,-0.0083f,0.9793f,-0.2022f,-0.0479f,-0.9997f,-0.0131f,-0.0222f,-0.0669f,0f,0f,0f,1f],start_interpolation: 0,interpolation_duration: 1}
$data merge entity $(bone_leg_right3) {transformation: [-0.0244f,0.219f,0.9754f,-0.3515f,-0.0083f,0.9756f,-0.2193f,0.103f,-0.9997f,-0.0134f,-0.022f,-0.0675f,0f,0f,0f,1f],start_interpolation: 0,interpolation_duration: 1}
$data merge entity $(bone_foot_left) {transformation: [-0.8733f,0.0819f,0.4802f,-0.1974f,0.0079f,0.988f,-0.1542f,-0.1155f,-0.487f,-0.1309f,-0.8635f,0.3176f,0f,0f,0f,1f],start_interpolation: 0,interpolation_duration: 1}
$data merge entity $(bone_leg_left3) {transformation: [-0.8733f,0.2453f,0.4209f,-0.1892f,0.0079f,0.871f,-0.4912f,0.0376f,-0.487f,-0.4257f,-0.7626f,0.3054f,0f,0f,0f,1f],start_interpolation: 0,interpolation_duration: 1}