# This file was generated by Animated Java via MC-Build. It is not recommended to edit this file directly.
$data merge entity $(bone_eyelid_right) {transformation: [-0.9982f,0.0016f,0.0594f,-0.2787f,0.0198f,0.9513f,0.3075f,0.7265f,-0.056f,0.3082f,-0.9497f,0.3096f,0f,0f,0f,1f],start_interpolation: 0,interpolation_duration: 1}
$data merge entity $(bone_eye_right) {transformation: [-0.9982f,0.0016f,0.0594f,-0.2786f,0.0198f,0.9513f,0.3075f,0.7269f,-0.056f,0.3082f,-0.9497f,0.3081f,0f,0f,0f,1f],start_interpolation: 0,interpolation_duration: 1}
$data merge entity $(bone_eyelid_left) {transformation: [-0.9833f,-0.1718f,0.0594f,-0.2762f,-0.1457f,0.9403f,0.3075f,0.7089f,-0.1087f,0.2938f,-0.9497f,0.3024f,0f,0f,0f,1f],start_interpolation: 0,interpolation_duration: 1}
$data merge entity $(bone_eye_left) {transformation: [-0.9833f,-0.1718f,0.0594f,-0.0611f,-0.1457f,0.9403f,0.3075f,0.7408f,-0.1087f,0.2938f,-0.9497f,0.3262f,0f,0f,0f,1f],start_interpolation: 0,interpolation_duration: 1}
$data merge entity $(bone_mouth_closed) {transformation: [-0.9946f,-0.0855f,0.0594f,-0.1719f,-0.0632f,0.9494f,0.3075f,0.6213f,-0.0827f,0.3021f,-0.9497f,0.0496f,0f,0f,0f,1f],start_interpolation: 0,interpolation_duration: 1}
$data merge entity $(bone_mouth_open) {transformation: [-0.9946f,-0.0855f,0.0594f,-0.1689f,-0.0632f,0.9494f,0.3075f,0.5936f,-0.0827f,0.3021f,-0.9497f,0.0342f,0f,0f,0f,1f],start_interpolation: 0,interpolation_duration: 1}
$data merge entity $(bone_head) {transformation: [-0.9946f,-0.0855f,0.0594f,-0.1381f,-0.0632f,0.9494f,0.3075f,0.5936f,-0.0827f,0.3021f,-0.9497f,0.0427f,0f,0f,0f,1f],start_interpolation: 0,interpolation_duration: 1}
$data merge entity $(bone_neck) {transformation: [-0.4967f,-0.2919f,0.8173f,-0.0898f,0.0172f,0.9383f,0.3455f,0.5311f,-0.8677f,0.1856f,-0.4611f,0.0138f,0f,0f,0f,1f],start_interpolation: 0,interpolation_duration: 1}
$data merge entity $(bone_finger_left2) {transformation: [-0.7944f,0.2038f,-0.5722f,-0.3195f,0.2069f,-0.7949f,-0.5704f,0.2933f,-0.571f,-0.5715f,0.5893f,-0.1191f,0f,0f,0f,1f],start_interpolation: 0,interpolation_duration: 1}
$data merge entity $(bone_finger_left) {transformation: [-0.3386f,-0.747f,-0.5722f,-0.3618f,0.8187f,0.0658f,-0.5704f,0.3956f,0.4637f,-0.6616f,0.5893f,-0.0611f,0f,0f,0f,1f],start_interpolation: 0,interpolation_duration: 1}
$data merge entity $(bone_finger_left4) {transformation: [-0.7736f,0.2722f,-0.5722f,-0.3772f,0.1369f,-0.8099f,-0.5704f,0.2403f,-0.6187f,-0.5196f,0.5893f,-0.0674f,0f,0f,0f,1f],start_interpolation: 0,interpolation_duration: 1}
$data merge entity $(bone_finger_left3) {transformation: [-0.3057f,-0.761f,-0.5722f,-0.4154f,0.8151f,0.1014f,-0.5704f,0.3422f,0.4921f,-0.6408f,0.5893f,-0.0059f,0f,0f,0f,1f],start_interpolation: 0,interpolation_duration: 1}
$data merge entity $(bone_thumb_left2) {transformation: [0.6339f,0.7702f,0.0703f,-0.1722f,0.1484f,-0.2103f,0.9663f,0.366f,0.7591f,-0.6021f,-0.2476f,-0.049f,0f,0f,0f,1f],start_interpolation: 0,interpolation_duration: 1}
$data merge entity $(bone_thumb_left) {transformation: [0.6339f,0.3892f,-0.6684f,-0.2756f,0.1484f,0.7869f,0.599f,0.4363f,0.7591f,-0.4788f,0.441f,-0.0176f,0f,0f,0f,1f],start_interpolation: 0,interpolation_duration: 1}
$data merge entity $(bone_hand_left) {transformation: [0.6339f,-0.5204f,-0.5722f,-0.2571f,0.1484f,0.8079f,-0.5704f,0.3416f,0.7591f,0.2766f,0.5893f,0.0678f,0f,0f,0f,1f],start_interpolation: 0,interpolation_duration: 1}
$data merge entity $(bone_arm_left2) {transformation: [0.6339f,-0.5204f,-0.5722f,-0.1344f,0.1484f,0.8079f,-0.5704f,0.343f,0.7591f,0.2766f,0.5893f,0.2944f,0f,0f,0f,1f],start_interpolation: 0,interpolation_duration: 1}
$data merge entity $(bone_arm_left) {transformation: [0.6252f,-0.5204f,0.5816f,-0.0144f,0.5811f,0.8079f,0.0981f,0.4822f,-0.5209f,0.2766f,0.8075f,0.1137f,0f,0f,0f,1f],start_interpolation: 0,interpolation_duration: 1}
$data merge entity $(bone_finger_right2) {transformation: [0.0042f,0.4171f,-0.9089f,-0.2001f,-0.0841f,-0.9055f,-0.4159f,0.2633f,-0.9965f,0.0782f,0.0313f,0.436f,0f,0f,0f,1f],start_interpolation: 0,interpolation_duration: 1}
$data merge entity $(bone_finger_right) {transformation: [0.4115f,0.0683f,-0.9089f,-0.2515f,-0.9063f,-0.0744f,-0.4159f,0.3766f,-0.0961f,0.9949f,0.0313f,0.448f,0f,0f,0f,1f],start_interpolation: 0,interpolation_duration: 1}
$data merge entity $(bone_finger_right4) {transformation: [-0.0322f,0.4159f,-0.9089f,-0.285f,-0.0048f,-0.9094f,-0.4159f,0.224f,-0.9995f,-0.009f,0.0313f,0.4444f,0f,0f,0f,1f],start_interpolation: 0,interpolation_duration: 1}
$data merge entity $(bone_finger_right3) {transformation: [0.4141f,0.0503f,-0.9089f,-0.3367f,-0.9087f,-0.0348f,-0.4159f,0.3376f,-0.0526f,0.9981f,0.0313f,0.4509f,0f,0f,0f,1f],start_interpolation: 0,interpolation_duration: 1}
$data merge entity $(bone_thumb_right2) {transformation: [0.1725f,0.894f,0.4135f,-0.151f,-0.3065f,-0.3502f,0.8851f,0.348f,0.9361f,-0.2794f,0.2136f,0.2866f,0f,0f,0f,1f],start_interpolation: 0,interpolation_duration: 1}
$data merge entity $(bone_thumb_right) {transformation: [0.1725f,0.7526f,-0.6355f,-0.2251f,-0.3065f,0.6541f,0.6915f,0.4248f,0.9361f,0.0755f,0.3435f,0.3588f,0f,0f,0f,1f],start_interpolation: 0,interpolation_duration: 1}
$data merge entity $(bone_hand_right) {transformation: [0.1725f,-0.3798f,-0.9089f,-0.2973f,-0.3065f,0.8562f,-0.4159f,0.3515f,0.9361f,0.3503f,0.0313f,0.2813f,0f,0f,0f,1f],start_interpolation: 0,interpolation_duration: 1}
$data merge entity $(bone_arm_right2) {transformation: [0.1725f,-0.3798f,-0.9089f,-0.3972f,-0.3065f,0.8562f,-0.4159f,0.4021f,0.9361f,0.3503f,0.0313f,0.0492f,0f,0f,0f,1f],start_interpolation: 0,interpolation_duration: 1}
$data merge entity $(bone_arm_right) {transformation: [-0.5854f,-0.3798f,-0.7163f,-0.2061f,-0.5156f,0.8562f,-0.0326f,0.533f,0.6257f,0.3503f,-0.697f,-0.0636f,0f,0f,0f,1f],start_interpolation: 0,interpolation_duration: 1}
$data merge entity $(bone_torso) {transformation: [-0.4967f,0.0053f,0.8679f,-0.0781f,0.0172f,0.9998f,0.0038f,0.1719f,-0.8677f,0.0168f,-0.4968f,0f,0f,0f,0f,1f],start_interpolation: 0,interpolation_duration: 1}
$data merge entity $(bone_foot_right) {transformation: [-0.0244f,0.2036f,0.9787f,-0.3228f,-0.0083f,0.979f,-0.2039f,-0.0481f,-0.9997f,-0.0131f,-0.0222f,-0.0669f,0f,0f,0f,1f],start_interpolation: 0,interpolation_duration: 1}
$data merge entity $(bone_leg_right3) {transformation: [-0.0244f,0.2284f,0.9733f,-0.3515f,-0.0083f,0.9735f,-0.2286f,0.103f,-0.9997f,-0.0137f,-0.0219f,-0.0675f,0f,0f,0f,1f],start_interpolation: 0,interpolation_duration: 1}
$data merge entity $(bone_foot_left) {transformation: [-0.8699f,0.0883f,0.4852f,-0.1983f,0.0134f,0.9877f,-0.1558f,-0.1155f,-0.493f,-0.129f,-0.8604f,0.3172f,0f,0f,0f,1f],start_interpolation: 0,interpolation_duration: 1}
$data merge entity $(bone_leg_left3) {transformation: [-0.8699f,0.2527f,0.4236f,-0.1892f,0.0134f,0.8705f,-0.4919f,0.0376f,-0.493f,-0.4223f,-0.7607f,0.3054f,0f,0f,0f,1f],start_interpolation: 0,interpolation_duration: 1}