# This file was generated by Animated Java via MC-Build. It is not recommended to edit this file directly.
$data merge entity $(bone_eyelid_right) {transformation: [-0.9981f,0.0057f,0.061f,-0.2765f,0.0238f,0.9536f,0.3002f,0.7294f,-0.0564f,0.3011f,-0.9519f,0.3076f,0f,0f,0f,1f],start_interpolation: 0,interpolation_duration: 1}
$data merge entity $(bone_eye_right) {transformation: [-0.9981f,0.0057f,0.061f,-0.2764f,0.0238f,0.9536f,0.3002f,0.7299f,-0.0564f,0.3011f,-0.9519f,0.3061f,0f,0f,0f,1f],start_interpolation: 0,interpolation_duration: 1}
$data merge entity $(bone_eyelid_left) {transformation: [-0.984f,-0.1677f,0.061f,-0.274f,-0.1421f,0.9432f,0.3002f,0.7118f,-0.1078f,0.2867f,-0.9519f,0.3005f,0f,0f,0f,1f],start_interpolation: 0,interpolation_duration: 1}
$data merge entity $(bone_eye_left) {transformation: [-0.984f,-0.1677f,0.061f,-0.0588f,-0.1421f,0.9432f,0.3002f,0.7429f,-0.1078f,0.2867f,-0.9519f,0.3241f,0f,0f,0f,1f],start_interpolation: 0,interpolation_duration: 1}
$data merge entity $(bone_mouth_closed) {transformation: [-0.9948f,-0.0813f,0.061f,-0.1701f,-0.0594f,0.952f,0.3002f,0.6219f,-0.0824f,0.295f,-0.9519f,0.0484f,0f,0f,0f,1f],start_interpolation: 0,interpolation_duration: 1}
$data merge entity $(bone_mouth_open) {transformation: [-0.9948f,-0.0813f,0.061f,-0.1671f,-0.0594f,0.952f,0.3002f,0.594f,-0.0824f,0.295f,-0.9519f,0.0332f,0f,0f,0f,1f],start_interpolation: 0,interpolation_duration: 1}
$data merge entity $(bone_head) {transformation: [-0.9948f,-0.0813f,0.061f,-0.1364f,-0.0594f,0.952f,0.3002f,0.594f,-0.0824f,0.295f,-0.9519f,0.0417f,0f,0f,0f,1f],start_interpolation: 0,interpolation_duration: 1}
$data merge entity $(bone_neck) {transformation: [-0.4967f,-0.2881f,0.8187f,-0.0883f,0.0172f,0.9399f,0.3411f,0.5312f,-0.8677f,0.1835f,-0.4619f,0.013f,0f,0f,0f,1f],start_interpolation: 0,interpolation_duration: 1}
$data merge entity $(bone_finger_left2) {transformation: [-0.7936f,0.2005f,-0.5744f,-0.319f,0.2088f,-0.797f,-0.5667f,0.294f,-0.5715f,-0.5697f,0.5907f,-0.1194f,0f,0f,0f,1f],start_interpolation: 0,interpolation_duration: 1}
$data merge entity $(bone_finger_left) {transformation: [-0.3353f,-0.7467f,-0.5744f,-0.3609f,0.8212f,0.0672f,-0.5667f,0.3966f,0.4618f,-0.6617f,0.5907f,-0.0616f,0f,0f,0f,1f],start_interpolation: 0,interpolation_duration: 1}
$data merge entity $(bone_finger_left4) {transformation: [-0.7731f,0.2689f,-0.5744f,-0.377f,0.1386f,-0.8122f,-0.5667f,0.2413f,-0.6189f,-0.5177f,0.5907f,-0.0675f,0f,0f,0f,1f],start_interpolation: 0,interpolation_duration: 1}
$data merge entity $(bone_finger_left3) {transformation: [-0.3024f,-0.7607f,-0.5744f,-0.4148f,0.8175f,0.103f,-0.5667f,0.3435f,0.4902f,-0.6409f,0.5907f,-0.0063f,0f,0f,0f,1f],start_interpolation: 0,interpolation_duration: 1}
$data merge entity $(bone_thumb_left2) {transformation: [0.6345f,0.7693f,0.0742f,-0.1714f,0.1476f,-0.2148f,0.9654f,0.3663f,0.7587f,-0.6017f,-0.2498f,-0.0495f,0f,0f,0f,1f],start_interpolation: 0,interpolation_duration: 1}
$data merge entity $(bone_thumb_left) {transformation: [0.6345f,0.3923f,-0.6659f,-0.2745f,0.1476f,0.7842f,0.6027f,0.437f,0.7587f,-0.4807f,0.4397f,-0.0182f,0f,0f,0f,1f],start_interpolation: 0,interpolation_duration: 1}
$data merge entity $(bone_hand_left) {transformation: [0.6345f,-0.5171f,-0.5744f,-0.2564f,0.1476f,0.8106f,-0.5667f,0.3425f,0.7587f,0.2748f,0.5907f,0.0674f,0f,0f,0f,1f],start_interpolation: 0,interpolation_duration: 1}
$data merge entity $(bone_arm_left2) {transformation: [0.6345f,-0.5171f,-0.5744f,-0.1336f,0.1476f,0.8106f,-0.5667f,0.3439f,0.7587f,0.2748f,0.5907f,0.294f,0f,0f,0f,1f],start_interpolation: 0,interpolation_duration: 1}
$data merge entity $(bone_arm_left) {transformation: [0.6275f,-0.5171f,0.582f,-0.0131f,0.5774f,0.8106f,0.0976f,0.4822f,-0.5223f,0.2748f,0.8073f,0.113f,0f,0f,0f,1f],start_interpolation: 0,interpolation_duration: 1}
$data merge entity $(bone_finger_right2) {transformation: [0.0038f,0.4134f,-0.9105f,-0.1997f,-0.0864f,-0.907f,-0.4122f,0.2648f,-0.9963f,0.0802f,0.0323f,0.4358f,0f,0f,0f,1f],start_interpolation: 0,interpolation_duration: 1}
$data merge entity $(bone_finger_right) {transformation: [0.4078f,0.0681f,-0.9105f,-0.2506f,-0.9082f,-0.0724f,-0.4122f,0.3783f,-0.094f,0.995f,0.0323f,0.4475f,0f,0f,0f,1f],start_interpolation: 0,interpolation_duration: 1}
$data merge entity $(bone_finger_right4) {transformation: [-0.0323f,0.4122f,-0.9105f,-0.2847f,-0.007f,-0.9111f,-0.4122f,0.2259f,-0.9995f,-0.0069f,0.0323f,0.4442f,0f,0f,0f,1f],start_interpolation: 0,interpolation_duration: 1}
$data merge entity $(bone_finger_right3) {transformation: [0.4104f,0.0502f,-0.9105f,-0.336f,-0.9105f,-0.0327f,-0.4122f,0.3397f,-0.0505f,0.9982f,0.0323f,0.4506f,0f,0f,0f,1f],start_interpolation: 0,interpolation_duration: 1}
$data merge entity $(bone_thumb_right2) {transformation: [0.1713f,0.8926f,0.4171f,-0.1503f,-0.305f,-0.3545f,0.8839f,0.3489f,0.9368f,-0.2786f,0.2115f,0.2862f,0f,0f,0f,1f],start_interpolation: 0,interpolation_duration: 1}
$data merge entity $(bone_thumb_right) {transformation: [0.1713f,0.7552f,-0.6327f,-0.224f,-0.305f,0.6513f,0.6948f,0.4262f,0.9368f,0.0739f,0.3419f,0.3582f,0f,0f,0f,1f],start_interpolation: 0,interpolation_duration: 1}
$data merge entity $(bone_hand_right) {transformation: [0.1713f,-0.3763f,-0.9105f,-0.2966f,-0.305f,0.8585f,-0.4122f,0.353f,0.9368f,0.3483f,0.0323f,0.2809f,0f,0f,0f,1f],start_interpolation: 0,interpolation_duration: 1}
$data merge entity $(bone_arm_right2) {transformation: [0.1713f,-0.3763f,-0.9105f,-0.3963f,-0.305f,0.8585f,-0.4122f,0.4035f,0.9368f,0.3483f,0.0323f,0.0487f,0f,0f,0f,1f],start_interpolation: 0,interpolation_duration: 1}
$data merge entity $(bone_arm_right) {transformation: [-0.5874f,-0.3763f,-0.7165f,-0.2047f,-0.5118f,0.8585f,-0.0313f,0.5334f,0.6269f,0.3483f,-0.6969f,-0.0645f,0f,0f,0f,1f],start_interpolation: 0,interpolation_duration: 1}
$data merge entity $(bone_torso) {transformation: [-0.4967f,0.0093f,0.8678f,-0.0781f,0.0172f,0.9999f,-0.0009f,0.1719f,-0.8677f,0.0144f,-0.4968f,0f,0f,0f,0f,1f],start_interpolation: 0,interpolation_duration: 1}
$data merge entity $(bone_foot_right) {transformation: [-0.0244f,0.1504f,0.9883f,-0.3224f,-0.0083f,0.9886f,-0.1506f,-0.0481f,-0.9997f,-0.0119f,-0.0229f,-0.0669f,0f,0f,0f,1f],start_interpolation: 0,interpolation_duration: 1}
$data merge entity $(bone_leg_right3) {transformation: [-0.0244f,0.2259f,0.9738f,-0.3515f,-0.0083f,0.974f,-0.2262f,0.103f,-0.9997f,-0.0136f,-0.0219f,-0.0675f,0f,0f,0f,1f],start_interpolation: 0,interpolation_duration: 1}
$data merge entity $(bone_foot_left) {transformation: [-0.866f,0.0908f,0.4917f,-0.1993f,0.0194f,0.9887f,-0.1485f,-0.1155f,-0.4996f,-0.119f,-0.858f,0.3168f,0f,0f,0f,1f],start_interpolation: 0,interpolation_duration: 1}
$data merge entity $(bone_leg_left3) {transformation: [-0.866f,0.2609f,0.4265f,-0.1892f,0.0194f,0.8699f,-0.4928f,0.0376f,-0.4996f,-0.4185f,-0.7584f,0.3054f,0f,0f,0f,1f],start_interpolation: 0,interpolation_duration: 1}