# This file was generated by Animated Java via MC-Build. It is not recommended to edit this file directly.
$data merge entity $(bone_eyelid_right) {transformation: [-0.9981f,0.0067f,0.0613f,-0.276f,0.0247f,0.9541f,0.2984f,0.7301f,-0.0565f,0.2993f,-0.9525f,0.3071f,0f,0f,0f,1f],start_interpolation: 0,interpolation_duration: 1}
$data merge entity $(bone_eye_right) {transformation: [-0.9981f,0.0067f,0.0613f,-0.2759f,0.0247f,0.9541f,0.2984f,0.7306f,-0.0565f,0.2993f,-0.9525f,0.3056f,0f,0f,0f,1f],start_interpolation: 0,interpolation_duration: 1}
$data merge entity $(bone_eyelid_left) {transformation: [-0.9841f,-0.1668f,0.0613f,-0.2736f,-0.1414f,0.9439f,0.2984f,0.7125f,-0.1076f,0.2849f,-0.9525f,0.3001f,0f,0f,0f,1f],start_interpolation: 0,interpolation_duration: 1}
$data merge entity $(bone_eye_left) {transformation: [-0.9841f,-0.1668f,0.0613f,-0.0583f,-0.1414f,0.9439f,0.2984f,0.7434f,-0.1076f,0.2849f,-0.9525f,0.3236f,0f,0f,0f,1f],start_interpolation: 0,interpolation_duration: 1}
$data merge entity $(bone_mouth_closed) {transformation: [-0.9949f,-0.0804f,0.0613f,-0.1697f,-0.0586f,0.9527f,0.2984f,0.622f,-0.0824f,0.2932f,-0.9525f,0.0481f,0f,0f,0f,1f],start_interpolation: 0,interpolation_duration: 1}
$data merge entity $(bone_mouth_open) {transformation: [-0.9949f,-0.0804f,0.0613f,-0.1668f,-0.0586f,0.9527f,0.2984f,0.5941f,-0.0824f,0.2932f,-0.9525f,0.033f,0f,0f,0f,1f],start_interpolation: 0,interpolation_duration: 1}
$data merge entity $(bone_head) {transformation: [-0.9949f,-0.0804f,0.0613f,-0.1361f,-0.0586f,0.9527f,0.2984f,0.594f,-0.0824f,0.2932f,-0.9525f,0.0415f,0f,0f,0f,1f],start_interpolation: 0,interpolation_duration: 1}
$data merge entity $(bone_neck) {transformation: [-0.4967f,-0.2873f,0.819f,-0.088f,0.0172f,0.9402f,0.3402f,0.5312f,-0.8677f,0.183f,-0.4621f,0.0128f,0f,0f,0f,1f],start_interpolation: 0,interpolation_duration: 1}
$data merge entity $(bone_finger_left2) {transformation: [-0.7934f,0.1998f,-0.5749f,-0.3189f,0.2092f,-0.7975f,-0.5659f,0.2941f,-0.5716f,-0.5693f,0.591f,-0.1194f,0f,0f,0f,1f],start_interpolation: 0,interpolation_duration: 1}
$data merge entity $(bone_finger_left) {transformation: [-0.3345f,-0.7467f,-0.5749f,-0.3607f,0.8217f,0.0676f,-0.5659f,0.3968f,0.4614f,-0.6617f,0.591f,-0.0617f,0f,0f,0f,1f],start_interpolation: 0,interpolation_duration: 1}
$data merge entity $(bone_finger_left4) {transformation: [-0.773f,0.2682f,-0.5749f,-0.3769f,0.1389f,-0.8127f,-0.5659f,0.2415f,-0.619f,-0.5173f,0.591f,-0.0676f,0f,0f,0f,1f],start_interpolation: 0,interpolation_duration: 1}
$data merge entity $(bone_finger_left3) {transformation: [-0.3017f,-0.7606f,-0.5749f,-0.4146f,0.818f,0.1033f,-0.5659f,0.3438f,0.4898f,-0.641f,0.591f,-0.0063f,0f,0f,0f,1f],start_interpolation: 0,interpolation_duration: 1}
$data merge entity $(bone_thumb_left2) {transformation: [0.6347f,0.7691f,0.075f,-0.1713f,0.1474f,-0.2157f,0.9653f,0.3664f,0.7586f,-0.6016f,-0.2503f,-0.0495f,0f,0f,0f,1f],start_interpolation: 0,interpolation_duration: 1}
$data merge entity $(bone_thumb_left) {transformation: [0.6347f,0.393f,-0.6654f,-0.2743f,0.1474f,0.7836f,0.6035f,0.4372f,0.7586f,-0.4811f,0.4394f,-0.0183f,0f,0f,0f,1f],start_interpolation: 0,interpolation_duration: 1}
$data merge entity $(bone_hand_left) {transformation: [0.6347f,-0.5164f,-0.5749f,-0.2562f,0.1474f,0.8112f,-0.5659f,0.3426f,0.7586f,0.2744f,0.591f,0.0673f,0f,0f,0f,1f],start_interpolation: 0,interpolation_duration: 1}
$data merge entity $(bone_arm_left2) {transformation: [0.6347f,-0.5164f,-0.5749f,-0.1335f,0.1474f,0.8112f,-0.5659f,0.3441f,0.7586f,0.2744f,0.591f,0.2939f,0f,0f,0f,1f],start_interpolation: 0,interpolation_duration: 1}
$data merge entity $(bone_arm_left) {transformation: [0.628f,-0.5164f,0.5821f,-0.0129f,0.5766f,0.8112f,0.0975f,0.4822f,-0.5226f,0.2744f,0.8072f,0.1128f,0f,0f,0f,1f],start_interpolation: 0,interpolation_duration: 1}
$data merge entity $(bone_finger_right2) {transformation: [0.0037f,0.4126f,-0.9109f,-0.1996f,-0.0869f,-0.9073f,-0.4114f,0.2651f,-0.9962f,0.0807f,0.0325f,0.4357f,0f,0f,0f,1f],start_interpolation: 0,interpolation_duration: 1}
$data merge entity $(bone_finger_right) {transformation: [0.407f,0.068f,-0.9109f,-0.2505f,-0.9086f,-0.072f,-0.4114f,0.3787f,-0.0936f,0.9951f,0.0325f,0.4474f,0f,0f,0f,1f],start_interpolation: 0,interpolation_duration: 1}
$data merge entity $(bone_finger_right4) {transformation: [-0.0323f,0.4114f,-0.9109f,-0.2846f,-0.0075f,-0.9114f,-0.4114f,0.2263f,-0.9995f,-0.0065f,0.0325f,0.4442f,0f,0f,0f,1f],start_interpolation: 0,interpolation_duration: 1}
$data merge entity $(bone_finger_right3) {transformation: [0.4096f,0.0502f,-0.9109f,-0.3358f,-0.9109f,-0.0323f,-0.4114f,0.3401f,-0.0501f,0.9982f,0.0325f,0.4505f,0f,0f,0f,1f],start_interpolation: 0,interpolation_duration: 1}
$data merge entity $(bone_thumb_right2) {transformation: [0.1711f,0.8923f,0.4179f,-0.1501f,-0.3047f,-0.3554f,0.8836f,0.3491f,0.937f,-0.2785f,0.2111f,0.2861f,0f,0f,0f,1f],start_interpolation: 0,interpolation_duration: 1}
$data merge entity $(bone_thumb_right) {transformation: [0.1711f,0.7558f,-0.6321f,-0.2238f,-0.3047f,0.6507f,0.6956f,0.4266f,0.937f,0.0736f,0.3416f,0.3581f,0f,0f,0f,1f],start_interpolation: 0,interpolation_duration: 1}
$data merge entity $(bone_hand_right) {transformation: [0.1711f,-0.3755f,-0.9109f,-0.2964f,-0.3047f,0.859f,-0.4114f,0.3533f,0.937f,0.3479f,0.0325f,0.2808f,0f,0f,0f,1f],start_interpolation: 0,interpolation_duration: 1}
$data merge entity $(bone_arm_right2) {transformation: [0.1711f,-0.3755f,-0.9109f,-0.3961f,-0.3047f,0.859f,-0.4114f,0.4038f,0.937f,0.3479f,0.0325f,0.0486f,0f,0f,0f,1f],start_interpolation: 0,interpolation_duration: 1}
$data merge entity $(bone_arm_right) {transformation: [-0.5878f,-0.3755f,-0.7165f,-0.2044f,-0.511f,0.859f,-0.031f,0.5335f,0.6272f,0.3479f,-0.6969f,-0.0646f,0f,0f,0f,1f],start_interpolation: 0,interpolation_duration: 1}
$data merge entity $(bone_torso) {transformation: [-0.4967f,0.0102f,0.8678f,-0.0781f,0.0172f,0.9999f,-0.0019f,0.1719f,-0.8677f,0.0139f,-0.4968f,0f,0f,0f,0f,1f],start_interpolation: 0,interpolation_duration: 1}
$data merge entity $(bone_foot_right) {transformation: [-0.0244f,0.1291f,0.9913f,-0.3216f,-0.0083f,0.9916f,-0.1294f,-0.0479f,-0.9997f,-0.0114f,-0.0231f,-0.0669f,0f,0f,0f,1f],start_interpolation: 0,interpolation_duration: 1}
$data merge entity $(bone_leg_right3) {transformation: [-0.0244f,0.221f,0.975f,-0.3515f,-0.0083f,0.9752f,-0.2212f,0.103f,-0.9997f,-0.0135f,-0.022f,-0.0675f,0f,0f,0f,1f],start_interpolation: 0,interpolation_duration: 1}
$data merge entity $(bone_foot_left) {transformation: [-0.8658f,0.0892f,0.4923f,-0.1993f,0.0197f,0.9893f,-0.1447f,-0.1155f,-0.4999f,-0.1156f,-0.8583f,0.3168f,0f,0f,0f,1f],start_interpolation: 0,interpolation_duration: 1}
$data merge entity $(bone_leg_left3) {transformation: [-0.8658f,0.2613f,0.4267f,-0.1892f,0.0197f,0.8699f,-0.4928f,0.0376f,-0.4999f,-0.4183f,-0.7583f,0.3054f,0f,0f,0f,1f],start_interpolation: 0,interpolation_duration: 1}