# This file was generated by Animated Java via MC-Build. It is not recommended to edit this file directly.
$data merge entity $(bone_eyelid_right) {transformation: [-0.9979f,0.0111f,0.0632f,-0.2738f,0.0288f,0.9575f,0.287f,0.7342f,-0.0573f,0.2883f,-0.9558f,0.3045f,0f,0f,0f,1f],start_interpolation: 0,interpolation_duration: 1}
$data merge entity $(bone_eye_right) {transformation: [-0.9979f,0.0111f,0.0632f,-0.2737f,0.0288f,0.9575f,0.287f,0.7346f,-0.0573f,0.2883f,-0.9558f,0.303f,0f,0f,0f,1f],start_interpolation: 0,interpolation_duration: 1}
$data merge entity $(bone_eyelid_left) {transformation: [-0.9847f,-0.1624f,0.0632f,-0.2714f,-0.1379f,0.9479f,0.287f,0.7164f,-0.1065f,0.2739f,-0.9558f,0.2977f,0f,0f,0f,1f],start_interpolation: 0,interpolation_duration: 1}
$data merge entity $(bone_eye_left) {transformation: [-0.9847f,-0.1624f,0.0632f,-0.056f,-0.1379f,0.9479f,0.287f,0.7466f,-0.1065f,0.2739f,-0.9558f,0.3209f,0f,0f,0f,1f],start_interpolation: 0,interpolation_duration: 1}
$data merge entity $(bone_mouth_closed) {transformation: [-0.9951f,-0.0759f,0.0632f,-0.1678f,-0.0547f,0.9564f,0.287f,0.6225f,-0.0822f,0.2822f,-0.9558f,0.0468f,0f,0f,0f,1f],start_interpolation: 0,interpolation_duration: 1}
$data merge entity $(bone_mouth_open) {transformation: [-0.9951f,-0.0759f,0.0632f,-0.1651f,-0.0547f,0.9564f,0.287f,0.5945f,-0.0822f,0.2822f,-0.9558f,0.032f,0f,0f,0f,1f],start_interpolation: 0,interpolation_duration: 1}
$data merge entity $(bone_head) {transformation: [-0.9951f,-0.0759f,0.0632f,-0.1344f,-0.0547f,0.9564f,0.287f,0.5944f,-0.0822f,0.2822f,-0.9558f,0.0405f,0f,0f,0f,1f],start_interpolation: 0,interpolation_duration: 1}
$data merge entity $(bone_neck) {transformation: [-0.4967f,-0.2835f,0.8203f,-0.0866f,0.0172f,0.9418f,0.3358f,0.5313f,-0.8677f,0.1809f,-0.463f,0.0119f,0f,0f,0f,1f],start_interpolation: 0,interpolation_duration: 1}
$data merge entity $(bone_finger_left2) {transformation: [-0.7926f,0.1965f,-0.5771f,-0.3184f,0.2111f,-0.7996f,-0.5622f,0.2948f,-0.572f,-0.5675f,0.5923f,-0.1197f,0f,0f,0f,1f],start_interpolation: 0,interpolation_duration: 1}
$data merge entity $(bone_finger_left) {transformation: [-0.3312f,-0.7465f,-0.5771f,-0.3598f,0.8241f,0.069f,-0.5622f,0.3978f,0.4595f,-0.6618f,0.5923f,-0.0622f,0f,0f,0f,1f],start_interpolation: 0,interpolation_duration: 1}
$data merge entity $(bone_finger_left4) {transformation: [-0.7725f,0.2649f,-0.5771f,-0.3766f,0.1406f,-0.8149f,-0.5622f,0.2426f,-0.6193f,-0.5155f,0.5923f,-0.0677f,0f,0f,0f,1f],start_interpolation: 0,interpolation_duration: 1}
$data merge entity $(bone_finger_left3) {transformation: [-0.2983f,-0.7602f,-0.5771f,-0.4139f,0.8203f,0.1049f,-0.5622f,0.3451f,0.488f,-0.6411f,0.5923f,-0.0067f,0f,0f,0f,1f],start_interpolation: 0,interpolation_duration: 1}
$data merge entity $(bone_thumb_left2) {transformation: [0.6353f,0.7682f,0.0789f,-0.1705f,0.1466f,-0.2202f,0.9644f,0.3666f,0.7582f,-0.6011f,-0.2525f,-0.05f,0f,0f,0f,1f],start_interpolation: 0,interpolation_duration: 1}
$data merge entity $(bone_thumb_left) {transformation: [0.6353f,0.3961f,-0.6629f,-0.2732f,0.1466f,0.7809f,0.6071f,0.4379f,0.7582f,-0.4829f,0.4381f,-0.0189f,0f,0f,0f,1f],start_interpolation: 0,interpolation_duration: 1}
$data merge entity $(bone_hand_left) {transformation: [0.6353f,-0.5131f,-0.5771f,-0.2555f,0.1466f,0.8139f,-0.5622f,0.3435f,0.7582f,0.2726f,0.5923f,0.067f,0f,0f,0f,1f],start_interpolation: 0,interpolation_duration: 1}
$data merge entity $(bone_arm_left2) {transformation: [0.6353f,-0.5131f,-0.5771f,-0.1328f,0.1466f,0.8139f,-0.5622f,0.345f,0.7582f,0.2726f,0.5923f,0.2935f,0f,0f,0f,1f],start_interpolation: 0,interpolation_duration: 1}
$data merge entity $(bone_arm_left) {transformation: [0.6303f,-0.5131f,0.5826f,-0.0116f,0.5729f,0.8139f,0.097f,0.4822f,-0.524f,0.2726f,0.8069f,0.1121f,0f,0f,0f,1f],start_interpolation: 0,interpolation_duration: 1}
$data merge entity $(bone_finger_right2) {transformation: [0.0032f,0.409f,-0.9125f,-0.1992f,-0.0892f,-0.9088f,-0.4076f,0.2666f,-0.996f,0.0827f,0.0335f,0.4355f,0f,0f,0f,1f],start_interpolation: 0,interpolation_duration: 1}
$data merge entity $(bone_finger_right) {transformation: [0.4034f,0.0678f,-0.9125f,-0.2496f,-0.9105f,-0.07f,-0.4076f,0.3804f,-0.0915f,0.9952f,0.0335f,0.447f,0f,0f,0f,1f],start_interpolation: 0,interpolation_duration: 1}
$data merge entity $(bone_finger_right4) {transformation: [-0.0324f,0.4077f,-0.9125f,-0.2844f,-0.0097f,-0.9131f,-0.4076f,0.2281f,-0.9994f,-0.0044f,0.0335f,0.4441f,0f,0f,0f,1f],start_interpolation: 0,interpolation_duration: 1}
$data merge entity $(bone_finger_right3) {transformation: [0.4059f,0.0502f,-0.9125f,-0.3351f,-0.9126f,-0.0302f,-0.4076f,0.3422f,-0.048f,0.9983f,0.0335f,0.4501f,0f,0f,0f,1f],start_interpolation: 0,interpolation_duration: 1}
$data merge entity $(bone_thumb_right2) {transformation: [0.1699f,0.8908f,0.4214f,-0.1494f,-0.3032f,-0.3596f,0.8824f,0.3501f,0.9376f,-0.2777f,0.209f,0.2857f,0f,0f,0f,1f],start_interpolation: 0,interpolation_duration: 1}
$data merge entity $(bone_thumb_right) {transformation: [0.1699f,0.7584f,-0.6292f,-0.2227f,-0.3032f,0.6478f,0.6989f,0.428f,0.9376f,0.072f,0.34f,0.3575f,0f,0f,0f,1f],start_interpolation: 0,interpolation_duration: 1}
$data merge entity $(bone_hand_right) {transformation: [0.1699f,-0.3721f,-0.9125f,-0.2957f,-0.3032f,0.8613f,-0.4076f,0.3549f,0.9376f,0.346f,0.0335f,0.2804f,0f,0f,0f,1f],start_interpolation: 0,interpolation_duration: 1}
$data merge entity $(bone_arm_right2) {transformation: [0.1699f,-0.3721f,-0.9125f,-0.3952f,-0.3032f,0.8613f,-0.4076f,0.4052f,0.9376f,0.346f,0.0335f,0.0481f,0f,0f,0f,1f],start_interpolation: 0,interpolation_duration: 1}
$data merge entity $(bone_arm_right) {transformation: [-0.5898f,-0.3721f,-0.7167f,-0.2029f,-0.5072f,0.8613f,-0.0297f,0.5338f,0.6284f,0.346f,-0.6967f,-0.0655f,0f,0f,0f,1f],start_interpolation: 0,interpolation_duration: 1}
$data merge entity $(bone_torso) {transformation: [-0.4967f,0.0142f,0.8678f,-0.0781f,0.0172f,0.9998f,-0.0065f,0.1719f,-0.8677f,0.0116f,-0.4969f,0f,0f,0f,0f,1f],start_interpolation: 0,interpolation_duration: 1}
$data merge entity $(bone_foot_right) {transformation: [-0.0244f,0.0155f,0.9996f,-0.3139f,-0.0083f,0.9998f,-0.0157f,-0.0462f,-0.9997f,-0.0087f,-0.0243f,-0.0671f,0f,0f,0f,1f],start_interpolation: 0,interpolation_duration: 1}
$data merge entity $(bone_leg_right3) {transformation: [-0.0244f,0.1708f,0.985f,-0.3515f,-0.0083f,0.9852f,-0.171f,0.103f,-0.9997f,-0.0123f,-0.0226f,-0.0675f,0f,0f,0f,1f],start_interpolation: 0,interpolation_duration: 1}
$data merge entity $(bone_foot_left) {transformation: [-0.8733f,0.059f,0.4835f,-0.1974f,0.0079f,0.9942f,-0.1069f,-0.1155f,-0.487f,-0.0896f,-0.8688f,0.3176f,0f,0f,0f,1f],start_interpolation: 0,interpolation_duration: 1}
$data merge entity $(bone_leg_left3) {transformation: [-0.8733f,0.2453f,0.4209f,-0.1892f,0.0079f,0.871f,-0.4912f,0.0376f,-0.487f,-0.4257f,-0.7626f,0.3054f,0f,0f,0f,1f],start_interpolation: 0,interpolation_duration: 1}