# This file was generated by Animated Java via MC-Build. It is not recommended to edit this file directly.
$data merge entity $(bone_eyelid_right) {transformation: [-0.998f,0.0086f,0.063f,-0.2756f,0.0259f,0.9597f,0.28f,0.7356f,-0.0581f,0.281f,-0.9579f,0.3041f,0f,0f,0f,1f],start_interpolation: 0,interpolation_duration: 1}
$data merge entity $(bone_eye_right) {transformation: [-0.998f,0.0086f,0.063f,-0.2755f,0.0259f,0.9597f,0.28f,0.736f,-0.0581f,0.281f,-0.9579f,0.3026f,0f,0f,0f,1f],start_interpolation: 0,interpolation_duration: 1}
$data merge entity $(bone_eyelid_left) {transformation: [-0.9843f,-0.1648f,0.063f,-0.2732f,-0.1411f,0.9496f,0.28f,0.7178f,-0.106f,0.2667f,-0.9579f,0.2974f,0f,0f,0f,1f],start_interpolation: 0,interpolation_duration: 1}
$data merge entity $(bone_eye_left) {transformation: [-0.9843f,-0.1648f,0.063f,-0.0579f,-0.1411f,0.9496f,0.28f,0.7486f,-0.106f,0.2667f,-0.9579f,0.3206f,0f,0f,0f,1f],start_interpolation: 0,interpolation_duration: 1}
$data merge entity $(bone_mouth_closed) {transformation: [-0.9949f,-0.0784f,0.063f,-0.1693f,-0.0578f,0.9583f,0.28f,0.6223f,-0.0824f,0.2749f,-0.9579f,0.0473f,0f,0f,0f,1f],start_interpolation: 0,interpolation_duration: 1}
$data merge entity $(bone_mouth_open) {transformation: [-0.9949f,-0.0784f,0.063f,-0.1664f,-0.0578f,0.9583f,0.28f,0.5941f,-0.0824f,0.2749f,-0.9579f,0.0328f,0f,0f,0f,1f],start_interpolation: 0,interpolation_duration: 1}
$data merge entity $(bone_head) {transformation: [-0.9949f,-0.0784f,0.063f,-0.1357f,-0.0578f,0.9583f,0.28f,0.5941f,-0.0824f,0.2749f,-0.9579f,0.0413f,0f,0f,0f,1f],start_interpolation: 0,interpolation_duration: 1}
$data merge entity $(bone_neck) {transformation: [-0.4967f,-0.2865f,0.8192f,-0.0877f,0.0172f,0.9405f,0.3393f,0.5312f,-0.8677f,0.1826f,-0.4623f,0.0126f,0f,0f,0f,1f],start_interpolation: 0,interpolation_duration: 1}
$data merge entity $(bone_finger_left2) {transformation: [-0.7933f,0.1991f,-0.5754f,-0.3188f,0.2096f,-0.7979f,-0.5652f,0.2943f,-0.5716f,-0.5689f,0.5912f,-0.1195f,0f,0f,0f,1f],start_interpolation: 0,interpolation_duration: 1}
$data merge entity $(bone_finger_left) {transformation: [-0.3339f,-0.7466f,-0.5754f,-0.3605f,0.8222f,0.0679f,-0.5652f,0.397f,0.461f,-0.6617f,0.5912f,-0.0618f,0f,0f,0f,1f],start_interpolation: 0,interpolation_duration: 1}
$data merge entity $(bone_finger_left4) {transformation: [-0.7729f,0.2675f,-0.5754f,-0.3768f,0.1393f,-0.8131f,-0.5652f,0.2418f,-0.619f,-0.517f,0.5912f,-0.0676f,0f,0f,0f,1f],start_interpolation: 0,interpolation_duration: 1}
$data merge entity $(bone_finger_left3) {transformation: [-0.301f,-0.7605f,-0.5754f,-0.4145f,0.8184f,0.1037f,-0.5652f,0.3441f,0.4895f,-0.641f,0.5912f,-0.0064f,0f,0f,0f,1f],start_interpolation: 0,interpolation_duration: 1}
$data merge entity $(bone_thumb_left2) {transformation: [0.6348f,0.769f,0.0758f,-0.1711f,0.1472f,-0.2166f,0.9651f,0.3664f,0.7585f,-0.6015f,-0.2507f,-0.0496f,0f,0f,0f,1f],start_interpolation: 0,interpolation_duration: 1}
$data merge entity $(bone_thumb_left) {transformation: [0.6348f,0.3936f,-0.6649f,-0.274f,0.1472f,0.7831f,0.6042f,0.4373f,0.7585f,-0.4814f,0.4391f,-0.0184f,0f,0f,0f,1f],start_interpolation: 0,interpolation_duration: 1}
$data merge entity $(bone_hand_left) {transformation: [0.6348f,-0.5157f,-0.5754f,-0.2561f,0.1472f,0.8117f,-0.5652f,0.3428f,0.7585f,0.2741f,0.5912f,0.0673f,0f,0f,0f,1f],start_interpolation: 0,interpolation_duration: 1}
$data merge entity $(bone_arm_left2) {transformation: [0.6348f,-0.5157f,-0.5754f,-0.1333f,0.1472f,0.8117f,-0.5652f,0.3443f,0.7585f,0.2741f,0.5912f,0.2938f,0f,0f,0f,1f],start_interpolation: 0,interpolation_duration: 1}
$data merge entity $(bone_arm_left) {transformation: [0.6285f,-0.5157f,0.5822f,-0.0126f,0.5759f,0.8117f,0.0974f,0.4822f,-0.5229f,0.2741f,0.8072f,0.1127f,0f,0f,0f,1f],start_interpolation: 0,interpolation_duration: 1}
$data merge entity $(bone_finger_right2) {transformation: [0.0036f,0.4119f,-0.9112f,-0.1995f,-0.0874f,-0.9076f,-0.4106f,0.2654f,-0.9962f,0.0811f,0.0327f,0.4357f,0f,0f,0f,1f],start_interpolation: 0,interpolation_duration: 1}
$data merge entity $(bone_finger_right) {transformation: [0.4063f,0.068f,-0.9112f,-0.2503f,-0.909f,-0.0716f,-0.4106f,0.3791f,-0.0931f,0.9951f,0.0327f,0.4473f,0f,0f,0f,1f],start_interpolation: 0,interpolation_duration: 1}
$data merge entity $(bone_finger_right4) {transformation: [-0.0323f,0.4107f,-0.9112f,-0.2846f,-0.0079f,-0.9118f,-0.4106f,0.2266f,-0.9994f,-0.0061f,0.0327f,0.4442f,0f,0f,0f,1f],start_interpolation: 0,interpolation_duration: 1}
$data merge entity $(bone_finger_right3) {transformation: [0.4089f,0.0502f,-0.9112f,-0.3357f,-0.9112f,-0.0319f,-0.4106f,0.3406f,-0.0496f,0.9982f,0.0327f,0.4504f,0f,0f,0f,1f],start_interpolation: 0,interpolation_duration: 1}
$data merge entity $(bone_thumb_right2) {transformation: [0.1708f,0.892f,0.4186f,-0.15f,-0.3044f,-0.3563f,0.8834f,0.3493f,0.9371f,-0.2783f,0.2107f,0.286f,0f,0f,0f,1f],start_interpolation: 0,interpolation_duration: 1}
$data merge entity $(bone_thumb_right) {transformation: [0.1708f,0.7563f,-0.6315f,-0.2236f,-0.3044f,0.6501f,0.6962f,0.4268f,0.9371f,0.0733f,0.3413f,0.3579f,0f,0f,0f,1f],start_interpolation: 0,interpolation_duration: 1}
$data merge entity $(bone_hand_right) {transformation: [0.1708f,-0.3748f,-0.9112f,-0.2963f,-0.3044f,0.8595f,-0.4106f,0.3536f,0.9371f,0.3475f,0.0327f,0.2807f,0f,0f,0f,1f],start_interpolation: 0,interpolation_duration: 1}
$data merge entity $(bone_arm_right2) {transformation: [0.1708f,-0.3748f,-0.9112f,-0.3959f,-0.3044f,0.8595f,-0.4106f,0.4041f,0.9371f,0.3475f,0.0327f,0.0485f,0f,0f,0f,1f],start_interpolation: 0,interpolation_duration: 1}
$data merge entity $(bone_arm_right) {transformation: [-0.5882f,-0.3748f,-0.7166f,-0.2041f,-0.5102f,0.8595f,-0.0308f,0.5336f,0.6274f,0.3475f,-0.6968f,-0.0648f,0f,0f,0f,1f],start_interpolation: 0,interpolation_duration: 1}
$data merge entity $(bone_torso) {transformation: [-0.4967f,0.011f,0.8678f,-0.0781f,0.0172f,0.9998f,-0.0028f,0.1719f,-0.8677f,0.0135f,-0.4969f,0f,0f,0f,0f,1f],start_interpolation: 0,interpolation_duration: 1}
$data merge entity $(bone_foot_right) {transformation: [-0.0244f,0.1969f,0.9801f,-0.3206f,-0.0083f,0.9803f,-0.1971f,-0.0477f,-0.9997f,-0.0129f,-0.0223f,-0.067f,0f,0f,0f,1f],start_interpolation: 0,interpolation_duration: 1}
$data merge entity $(bone_leg_right3) {transformation: [-0.0244f,0.2147f,0.9764f,-0.3515f,-0.0083f,0.9766f,-0.2149f,0.103f,-0.9997f,-0.0133f,-0.0221f,-0.0675f,0f,0f,0f,1f],start_interpolation: 0,interpolation_duration: 1}
$data merge entity $(bone_foot_left) {transformation: [-0.8916f,0.0201f,0.4524f,-0.1924f,-0.0233f,0.9957f,-0.09f,-0.1156f,-0.4523f,-0.0907f,-0.8872f,0.3195f,0f,0f,0f,1f],start_interpolation: 0,interpolation_duration: 1}
$data merge entity $(bone_leg_left3) {transformation: [-0.8916f,0.2024f,0.4051f,-0.1892f,-0.0233f,0.8729f,-0.4873f,0.0376f,-0.4523f,-0.4439f,-0.7736f,0.3054f,0f,0f,0f,1f],start_interpolation: 0,interpolation_duration: 1}