# This file was generated by Animated Java via MC-Build. It is not recommended to edit this file directly.
$data merge entity $(bone_eyelid_right) {transformation: [-0.998f,0.0061f,0.0624f,-0.2771f,0.0234f,0.9593f,0.2814f,0.7346f,-0.0581f,0.2823f,-0.9576f,0.3049f,0f,0f,0f,1f],start_interpolation: 0,interpolation_duration: 1}
$data merge entity $(bone_eye_right) {transformation: [-0.998f,0.0061f,0.0624f,-0.277f,0.0234f,0.9593f,0.2814f,0.7351f,-0.0581f,0.2823f,-0.9576f,0.3034f,0f,0f,0f,1f],start_interpolation: 0,interpolation_duration: 1}
$data merge entity $(bone_eyelid_left) {transformation: [-0.9839f,-0.1673f,0.0624f,-0.2746f,-0.1435f,0.9488f,0.2814f,0.7169f,-0.1062f,0.2679f,-0.9576f,0.2982f,0f,0f,0f,1f],start_interpolation: 0,interpolation_duration: 1}
$data merge entity $(bone_eye_left) {transformation: [-0.9839f,-0.1673f,0.0624f,-0.0594f,-0.1435f,0.9488f,0.2814f,0.7483f,-0.1062f,0.2679f,-0.9576f,0.3214f,0f,0f,0f,1f],start_interpolation: 0,interpolation_duration: 1}
$data merge entity $(bone_mouth_closed) {transformation: [-0.9948f,-0.0809f,0.0624f,-0.1704f,-0.0603f,0.9577f,0.2814f,0.6219f,-0.0825f,0.2761f,-0.9576f,0.048f,0f,0f,0f,1f],start_interpolation: 0,interpolation_duration: 1}
$data merge entity $(bone_mouth_open) {transformation: [-0.9948f,-0.0809f,0.0624f,-0.1675f,-0.0603f,0.9577f,0.2814f,0.5938f,-0.0825f,0.2761f,-0.9576f,0.0334f,0f,0f,0f,1f],start_interpolation: 0,interpolation_duration: 1}
$data merge entity $(bone_head) {transformation: [-0.9948f,-0.0809f,0.0624f,-0.1368f,-0.0603f,0.9577f,0.2814f,0.5939f,-0.0825f,0.2761f,-0.9576f,0.0419f,0f,0f,0f,1f],start_interpolation: 0,interpolation_duration: 1}
$data merge entity $(bone_neck) {transformation: [-0.4967f,-0.289f,0.8184f,-0.0887f,0.0172f,0.9395f,0.3421f,0.5312f,-0.8677f,0.184f,-0.4617f,0.0131f,0f,0f,0f,1f],start_interpolation: 0,interpolation_duration: 1}
$data merge entity $(bone_finger_left2) {transformation: [-0.7938f,0.2013f,-0.5739f,-0.3191f,0.2084f,-0.7965f,-0.5676f,0.2938f,-0.5714f,-0.5701f,0.5903f,-0.1193f,0f,0f,0f,1f],start_interpolation: 0,interpolation_duration: 1}
$data merge entity $(bone_finger_left) {transformation: [-0.336f,-0.7468f,-0.5739f,-0.3611f,0.8206f,0.0669f,-0.5676f,0.3964f,0.4622f,-0.6617f,0.5903f,-0.0615f,0f,0f,0f,1f],start_interpolation: 0,interpolation_duration: 1}
$data merge entity $(bone_finger_left4) {transformation: [-0.7732f,0.2697f,-0.5739f,-0.377f,0.1382f,-0.8117f,-0.5676f,0.2411f,-0.6189f,-0.5182f,0.5903f,-0.0675f,0f,0f,0f,1f],start_interpolation: 0,interpolation_duration: 1}
$data merge entity $(bone_finger_left3) {transformation: [-0.3032f,-0.7607f,-0.5739f,-0.4149f,0.8169f,0.1026f,-0.5676f,0.3432f,0.4907f,-0.6409f,0.5903f,-0.0062f,0f,0f,0f,1f],start_interpolation: 0,interpolation_duration: 1}
$data merge entity $(bone_thumb_left2) {transformation: [0.6344f,0.7695f,0.0733f,-0.1716f,0.1478f,-0.2137f,0.9657f,0.3662f,0.7588f,-0.6018f,-0.2493f,-0.0494f,0f,0f,0f,1f],start_interpolation: 0,interpolation_duration: 1}
$data merge entity $(bone_thumb_left) {transformation: [0.6344f,0.3916f,-0.6665f,-0.2747f,0.1478f,0.7848f,0.6018f,0.4369f,0.7588f,-0.4803f,0.44f,-0.0181f,0f,0f,0f,1f],start_interpolation: 0,interpolation_duration: 1}
$data merge entity $(bone_hand_left) {transformation: [0.6344f,-0.5179f,-0.5739f,-0.2565f,0.1478f,0.81f,-0.5676f,0.3423f,0.7588f,0.2752f,0.5903f,0.0675f,0f,0f,0f,1f],start_interpolation: 0,interpolation_duration: 1}
$data merge entity $(bone_arm_left2) {transformation: [0.6344f,-0.5179f,-0.5739f,-0.1338f,0.1478f,0.81f,-0.5676f,0.3437f,0.7588f,0.2752f,0.5903f,0.2941f,0f,0f,0f,1f],start_interpolation: 0,interpolation_duration: 1}
$data merge entity $(bone_arm_left) {transformation: [0.627f,-0.5179f,0.5819f,-0.0134f,0.5783f,0.81f,0.0977f,0.4822f,-0.522f,0.2752f,0.8073f,0.1131f,0f,0f,0f,1f],start_interpolation: 0,interpolation_duration: 1}
$data merge entity $(bone_finger_right2) {transformation: [0.0039f,0.4143f,-0.9101f,-0.1998f,-0.0859f,-0.9067f,-0.4131f,0.2645f,-0.9963f,0.0797f,0.0321f,0.4358f,0f,0f,0f,1f],start_interpolation: 0,interpolation_duration: 1}
$data merge entity $(bone_finger_right) {transformation: [0.4087f,0.0681f,-0.9101f,-0.2508f,-0.9078f,-0.0729f,-0.4131f,0.3779f,-0.0945f,0.995f,0.0321f,0.4476f,0f,0f,0f,1f],start_interpolation: 0,interpolation_duration: 1}
$data merge entity $(bone_finger_right4) {transformation: [-0.0323f,0.413f,-0.9101f,-0.2848f,-0.0065f,-0.9107f,-0.4131f,0.2254f,-0.9995f,-0.0074f,0.0321f,0.4443f,0f,0f,0f,1f],start_interpolation: 0,interpolation_duration: 1}
$data merge entity $(bone_finger_right3) {transformation: [0.4112f,0.0502f,-0.9101f,-0.3362f,-0.9101f,-0.0332f,-0.4131f,0.3392f,-0.051f,0.9982f,0.0321f,0.4506f,0f,0f,0f,1f],start_interpolation: 0,interpolation_duration: 1}
$data merge entity $(bone_thumb_right2) {transformation: [0.1716f,0.8929f,0.4163f,-0.1505f,-0.3054f,-0.3535f,0.8842f,0.3487f,0.9367f,-0.2788f,0.212f,0.2863f,0f,0f,0f,1f],start_interpolation: 0,interpolation_duration: 1}
$data merge entity $(bone_thumb_right) {transformation: [0.1716f,0.7546f,-0.6333f,-0.2243f,-0.3054f,0.6519f,0.6941f,0.4259f,0.9367f,0.0743f,0.3423f,0.3583f,0f,0f,0f,1f],start_interpolation: 0,interpolation_duration: 1}
$data merge entity $(bone_hand_right) {transformation: [0.1716f,-0.3771f,-0.9101f,-0.2967f,-0.3054f,0.858f,-0.4131f,0.3527f,0.9367f,0.3488f,0.0321f,0.281f,0f,0f,0f,1f],start_interpolation: 0,interpolation_duration: 1}
$data merge entity $(bone_arm_right2) {transformation: [0.1716f,-0.3771f,-0.9101f,-0.3965f,-0.3054f,0.858f,-0.4131f,0.4032f,0.9367f,0.3488f,0.0321f,0.0488f,0f,0f,0f,1f],start_interpolation: 0,interpolation_duration: 1}
$data merge entity $(bone_arm_right) {transformation: [-0.5869f,-0.3771f,-0.7165f,-0.205f,-0.5127f,0.858f,-0.0316f,0.5333f,0.6266f,0.3488f,-0.6969f,-0.0643f,0f,0f,0f,1f],start_interpolation: 0,interpolation_duration: 1}
$data merge entity $(bone_torso) {transformation: [-0.4967f,0.0084f,0.8679f,-0.0781f,0.0172f,0.9999f,0.0002f,0.1719f,-0.8677f,0.015f,-0.4968f,0f,0f,0f,0f,1f],start_interpolation: 0,interpolation_duration: 1}
$data merge entity $(bone_foot_right) {transformation: [-0.0244f,0.2019f,0.9791f,-0.3229f,-0.0083f,0.9793f,-0.2021f,-0.0482f,-0.9997f,-0.0131f,-0.0222f,-0.0669f,0f,0f,0f,1f],start_interpolation: 0,interpolation_duration: 1}
$data merge entity $(bone_leg_right3) {transformation: [-0.0244f,0.2293f,0.9731f,-0.3515f,-0.0083f,0.9733f,-0.2295f,0.103f,-0.9997f,-0.0137f,-0.0218f,-0.0675f,0f,0f,0f,1f],start_interpolation: 0,interpolation_duration: 1}
$data merge entity $(bone_foot_left) {transformation: [-0.8911f,0.0269f,0.4529f,-0.1925f,-0.0225f,0.9944f,-0.1033f,-0.1156f,-0.4532f,-0.1022f,-0.8855f,0.3194f,0f,0f,0f,1f],start_interpolation: 0,interpolation_duration: 1}
$data merge entity $(bone_leg_left3) {transformation: [-0.8911f,0.2035f,0.4055f,-0.1892f,-0.0225f,0.8729f,-0.4874f,0.0376f,-0.4532f,-0.4434f,-0.7733f,0.3054f,0f,0f,0f,1f],start_interpolation: 0,interpolation_duration: 1}