# This file was generated by Animated Java via MC-Build. It is not recommended to edit this file directly.
$data merge entity $(bone_tail7) {transformation: [-0.9741f,0.1751f,-0.143f,-0.0771f,0.0638f,0.8198f,0.5691f,0.3763f,0.2169f,0.5452f,-0.8098f,-0.707f,0f,0f,0f,1f],start_interpolation: 0,interpolation_duration: 1}
$data merge entity $(bone_tail6) {transformation: [-0.9828f,0.0929f,-0.1596f,-0.0459f,0.0706f,0.9876f,0.1401f,0.2487f,0.1706f,0.1264f,-0.9772f,-0.4746f,0f,0f,0f,1f],start_interpolation: 0,interpolation_duration: 1}
$data merge entity $(bone_tail5) {transformation: [-0.9893f,0.0241f,-0.144f,-0.0099f,0.0605f,0.9651f,-0.2546f,0.3123f,0.1328f,-0.2606f,-0.9563f,-0.2355f,0f,0f,0f,1f],start_interpolation: 0,interpolation_duration: 1}
$data merge entity $(bone_tail1) {transformation: [-0.9987f,-0.0185f,-0.0465f,0f,0.0087f,0.8506f,-0.5257f,0.5235f,0.0493f,-0.5255f,-0.8494f,-0.0724f,0f,0f,0f,1f],start_interpolation: 0,interpolation_duration: 1}
$data merge entity $(bone_pad_right1) {transformation: [-1f,0f,0f,-0.1563f,0f,0.9962f,0.0872f,0.8044f,0f,0.0872f,-0.9962f,0.034f,0f,0f,0f,1f],start_interpolation: 0,interpolation_duration: 1}
$data merge entity $(bone_pad_left1) {transformation: [-1f,0f,0f,0.1562f,0f,0.9962f,0.0872f,0.8044f,0f,0.0872f,-0.9962f,0.034f,0f,0f,0f,1f],start_interpolation: 0,interpolation_duration: 1}
$data merge entity $(bone_jaw1) {transformation: [-1f,0f,0f,0f,0f,0.4437f,0.8962f,0.9232f,0f,0.8962f,-0.4437f,0.1863f,0f,0f,0f,1f],start_interpolation: 0,interpolation_duration: 1}
$data merge entity $(bone_eye_right1) {transformation: [-0.9063f,0.4226f,0f,-0.125f,0.4178f,0.896f,0.1506f,1.055f,0.0636f,0.1365f,-0.9886f,0.2544f,0f,0f,0f,1f],start_interpolation: 0,interpolation_duration: 1}
$data merge entity $(bone_eye_left1) {transformation: [-0.9063f,-0.4226f,0f,0.125f,-0.4178f,0.896f,0.1506f,1.055f,-0.0636f,0.1365f,-0.9886f,0.2544f,0f,0f,0f,1f],start_interpolation: 0,interpolation_duration: 1}
$data merge entity $(bone_ear_right1) {transformation: [-0.554f,-0.2588f,-0.7912f,-0.2187f,-0.2701f,0.9549f,-0.1232f,1.1962f,0.7875f,0.1455f,-0.599f,0.054f,0f,0f,0f,1f],start_interpolation: 0,interpolation_duration: 1}
$data merge entity $(bone_ear_left1) {transformation: [-0.554f,0.2588f,0.7912f,0.2188f,0.2701f,0.9549f,-0.1232f,1.1962f,-0.7875f,0.1455f,-0.599f,0.054f,0f,0f,0f,1f],start_interpolation: 0,interpolation_duration: 1}
$data merge entity $(bone_head1) {transformation: [-1f,0f,0f,0f,0f,0.9886f,0.1506f,0.9289f,0f,0.1506f,-0.9886f,0.0449f,0f,0f,0f,1f],start_interpolation: 0,interpolation_duration: 1}
$data merge entity $(bone_finger_index_right3) {transformation: [0.3294f,0.5821f,-0.7434f,-0.0632f,-0.9129f,-0.0045f,-0.4081f,0.5791f,-0.2409f,0.8131f,0.5299f,0.3649f,0f,0f,0f,1f],start_interpolation: 0,interpolation_duration: 1}
$data merge entity $(bone_finger_index_right1) {transformation: [0.6577f,0.1218f,-0.7434f,-0.1276f,-0.5903f,0.6964f,-0.4081f,0.6032f,0.468f,0.7072f,0.5299f,0.3522f,0f,0f,0f,1f],start_interpolation: 0,interpolation_duration: 1}
$data merge entity $(bone_finger_middle_right3) {transformation: [0.3719f,0.3591f,-0.856f,-0.122f,-0.9101f,-0.0404f,-0.4124f,0.5483f,-0.1827f,0.9324f,0.3118f,0.3951f,0f,0f,0f,1f],start_interpolation: 0,interpolation_duration: 1}
$data merge entity $(bone_finger_middle_right1) {transformation: [0.5169f,-0.0091f,-0.856f,-0.1543f,-0.6721f,0.615f,-0.4124f,0.5903f,0.5302f,0.7885f,0.3118f,0.3619f,0f,0f,0f,1f],start_interpolation: 0,interpolation_duration: 1}
$data merge entity $(bone_finger_pinky_right3) {transformation: [0.3133f,0.3098f,-0.8977f,-0.1817f,-0.9355f,-0.0617f,-0.3478f,0.5193f,-0.1632f,0.9488f,0.2705f,0.4104f,0f,0f,0f,1f],start_interpolation: 0,interpolation_duration: 1}
$data merge entity $(bone_finger_pinky_right1) {transformation: [0.4391f,0.036f,-0.8977f,-0.1811f,-0.7563f,0.5541f,-0.3478f,0.5775f,0.4849f,0.8317f,0.2705f,0.3717f,0f,0f,0f,1f],start_interpolation: 0,interpolation_duration: 1}
$data merge entity $(bone_forearm_right1) {transformation: [0.505f,-0.1105f,-0.856f,-0.3605f,-0.5381f,0.7351f,-0.4124f,0.6983f,0.6748f,0.6689f,0.3118f,0.1392f,0f,0f,0f,1f],start_interpolation: 0,interpolation_duration: 1}
$data merge entity $(bone_arm_right1) {transformation: [-0.5624f,-0.1105f,-0.8195f,-0.1563f,-0.6012f,0.7351f,0.3134f,0.8822f,0.5678f,0.6689f,-0.4799f,0.0409f,0f,0f,0f,1f],start_interpolation: 0,interpolation_duration: 1}
$data merge entity $(bone_finger_index_left3) {transformation: [0.4003f,-0.6899f,0.6032f,0.0274f,0.8569f,0.0485f,-0.5132f,0.6252f,0.3248f,0.7223f,0.6106f,0.3276f,0f,0f,0f,1f],start_interpolation: 0,interpolation_duration: 1}
$data merge entity $(bone_finger_index_left1) {transformation: [0.7709f,-0.2048f,0.6032f,0.0944f,0.5716f,0.6403f,-0.5132f,0.6449f,-0.2811f,0.7404f,0.6106f,0.3291f,0f,0f,0f,1f],start_interpolation: 0,interpolation_duration: 1}
$data merge entity $(bone_finger_middle_left3) {transformation: [0.391f,-0.5281f,0.7539f,0.0774f,0.8566f,-0.0909f,-0.5079f,0.5871f,0.3368f,0.8443f,0.4168f,0.3646f,0f,0f,0f,1f],start_interpolation: 0,interpolation_duration: 1}
$data merge entity $(bone_finger_middle_left1) {transformation: [0.6499f,-0.0969f,0.7539f,0.118f,0.67f,0.5414f,-0.5079f,0.629f,-0.3589f,0.8352f,0.4168f,0.3421f,0f,0f,0f,1f],start_interpolation: 0,interpolation_duration: 1}
$data merge entity $(bone_finger_pinky_left3) {transformation: [0.3044f,-0.5043f,0.8081f,0.1301f,0.8694f,-0.1996f,-0.452f,0.5576f,0.3892f,0.8402f,0.3777f,0.396f,0f,0f,0f,1f],start_interpolation: 0,interpolation_duration: 1}
$data merge entity $(bone_finger_pinky_left1) {transformation: [0.5876f,-0.0399f,0.8081f,0.1415f,0.6622f,0.5977f,-0.452f,0.6131f,-0.465f,0.8007f,0.3777f,0.3552f,0f,0f,0f,1f],start_interpolation: 0,interpolation_duration: 1}
$data merge entity $(bone_forearm_left1) {transformation: [0.6406f,0.1462f,0.7539f,0.3584f,0.427f,0.7481f,-0.5079f,0.6956f,-0.6382f,0.6473f,0.4168f,0.1384f,0f,0f,0f,1f],start_interpolation: 0,interpolation_duration: 1}
$data merge entity $(bone_arm_left1) {transformation: [-0.5624f,0.1462f,0.8139f,0.1562f,0.6012f,0.7481f,0.281f,0.8822f,-0.5678f,0.6473f,-0.5086f,0.0409f,0f,0f,0f,1f],start_interpolation: 0,interpolation_duration: 1}
$data merge entity $(bone_chest1) {transformation: [-1f,0f,0f,0f,0f,0.9962f,0.0872f,0.6285f,0f,0.0872f,-0.9962f,-0.1068f,0f,0f,0f,1f],start_interpolation: 0,interpolation_duration: 1}
$data merge entity $(bone_torso1) {transformation: [-1f,0f,0f,0f,0f,0.9848f,-0.1736f,0.5579f,0f,-0.1736f,-0.9848f,0.0326f,0f,0f,0f,1f],start_interpolation: 0,interpolation_duration: 1}
$data merge entity $(bone_toe_outer_right3) {transformation: [-0.4021f,-0.5848f,0.7045f,-0.4812f,-0.8605f,0.5044f,-0.0723f,0.5112f,-0.313f,-0.6353f,-0.706f,0.3416f,0f,0f,0f,1f],start_interpolation: 0,interpolation_duration: 1}
$data merge entity $(bone_toe_outer_right1) {transformation: [-0.4021f,0.0846f,0.9117f,-0.4368f,-0.8605f,0.3055f,-0.4078f,0.4589f,-0.313f,-0.9484f,-0.05f,0.3287f,0f,0f,0f,1f],start_interpolation: 0,interpolation_duration: 1}
$data merge entity $(bone_toe_inner_right3) {transformation: [-0.6896f,-0.5406f,0.4818f,-0.434f,-0.6691f,0.7302f,-0.1384f,0.5774f,-0.277f,-0.4178f,-0.8653f,0.3671f,0f,0f,0f,1f],start_interpolation: 0,interpolation_duration: 1}
$data merge entity $(bone_toe_inner_right1) {transformation: [-0.6896f,0.0846f,0.7192f,-0.3675f,-0.6691f,0.3055f,-0.6775f,0.5559f,-0.277f,-0.9484f,-0.1541f,0.3661f,0f,0f,0f,1f],start_interpolation: 0,interpolation_duration: 1}
$data merge entity $(bone_toe_back_right1) {transformation: [-0.5543f,0.6453f,0.5257f,-0.2339f,-0.7766f,-0.1736f,-0.6056f,0.3955f,-0.2996f,-0.7439f,0.5974f,0.3264f,0f,0f,0f,1f],start_interpolation: 0,interpolation_duration: 1}
$data merge entity $(bone_foot_right1) {transformation: [-0.5543f,0.0846f,0.828f,-0.3245f,-0.7766f,0.3055f,-0.551f,0.4558f,-0.2996f,-0.9484f,-0.1036f,0.3377f,0f,0f,0f,1f],start_interpolation: 0,interpolation_duration: 1}
$data merge entity $(bone_knee_right1) {transformation: [-0.1524f,0.0846f,0.9847f,-0.3662f,-0.9367f,0.3055f,-0.1712f,0.538f,-0.3153f,-0.9484f,0.0327f,0.1134f,0f,0f,0f,1f],start_interpolation: 0,interpolation_duration: 1}
$data merge entity $(bone_leg_right1) {transformation: [-0.0096f,0.8229f,0.5681f,-0.125f,-0.9111f,0.2269f,-0.3441f,0.5733f,-0.412f,-0.521f,0.7476f,0.0298f,0f,0f,0f,1f],start_interpolation: 0,interpolation_duration: 1}
$data merge entity $(bone_toe_outer_left3) {transformation: [-0.151f,0.6059f,-0.7811f,0.4401f,0.9416f,0.3288f,0.073f,0.4613f,0.301f,-0.7245f,-0.6201f,0.3323f,0f,0f,0f,1f],start_interpolation: 0,interpolation_duration: 1}
$data merge entity $(bone_toe_outer_left1) {transformation: [-0.151f,0.0483f,-0.9874f,0.3831f,0.9416f,0.3112f,-0.1288f,0.4238f,0.301f,-0.9491f,-0.0924f,0.3171f,0f,0f,0f,1f],start_interpolation: 0,interpolation_duration: 1}
$data merge entity $(bone_toe_inner_left3) {transformation: [-0.4796f,0.6537f,-0.5854f,0.4128f,0.8407f,0.5333f,-0.0933f,0.5383f,0.2513f,-0.5369f,-0.8054f,0.3562f,0f,0f,0f,1f],start_interpolation: 0,interpolation_duration: 1}
$data merge entity $(bone_toe_inner_left1) {transformation: [-0.4796f,0.0483f,-0.8761f,0.3431f,0.8407f,0.3112f,-0.4431f,0.5369f,0.2513f,-0.9491f,-0.1898f,0.3522f,0f,0f,0f,1f],start_interpolation: 0,interpolation_duration: 1}
$data merge entity $(bone_toe_back_left1) {transformation: [-0.3202f,-0.5031f,-0.8027f,0.1709f,0.9049f,0.0883f,-0.4163f,0.4214f,0.2804f,-0.8597f,0.427f,0.3055f,0f,0f,0f,1f],start_interpolation: 0,interpolation_duration: 1}
$data merge entity $(bone_foot_left1) {transformation: [-0.3202f,0.0483f,-0.9461f,0.2744f,0.9049f,0.3112f,-0.2904f,0.4531f,0.2804f,-0.9491f,-0.1433f,0.3212f,0f,0f,0f,1f],start_interpolation: 0,interpolation_duration: 1}
$data merge entity $(bone_knee_left1) {transformation: [-0.1524f,0.1305f,-0.9797f,0.3662f,0.9367f,0.3353f,-0.101f,0.538f,0.3153f,-0.933f,-0.1734f,0.1134f,0f,0f,0f,1f],start_interpolation: 0,interpolation_duration: 1}
$data merge entity $(bone_leg_left1) {transformation: [-0.0096f,-0.8229f,-0.5681f,0.125f,0.9111f,0.2269f,-0.3441f,0.5733f,0.412f,-0.521f,0.7476f,0.0298f,0f,0f,0f,1f],start_interpolation: 0,interpolation_duration: 1}