# This file was generated by Animated Java via MC-Build. It is not recommended to edit this file directly.
$data merge entity $(bone_tail7) {transformation: [-0.9967f,-0.0784f,0.021f,0.1092f,-0.0588f,0.8756f,0.4795f,0.3385f,-0.056f,0.4767f,-0.8773f,-0.7111f,0f,0f,0f,1f],start_interpolation: 0,interpolation_duration: 1}
$data merge entity $(bone_tail6) {transformation: [-0.9889f,-0.064f,0.134f,0.0817f,-0.05f,0.9932f,0.1052f,0.2191f,-0.1399f,0.0973f,-0.9854f,-0.4738f,0f,0f,0f,1f],start_interpolation: 0,interpolation_duration: 1}
$data merge entity $(bone_tail5) {transformation: [-0.976f,-0.013f,0.2174f,0.0273f,-0.0675f,0.9671f,-0.2452f,0.2804f,-0.207f,-0.254f,-0.9448f,-0.2376f,0f,0f,0f,1f],start_interpolation: 0,interpolation_duration: 1}
$data merge entity $(bone_tail1) {transformation: [-0.9907f,0.0482f,0.1273f,0f,-0.0236f,0.8603f,-0.5093f,0.4884f,-0.1341f,-0.5076f,-0.8511f,-0.0724f,0f,0f,0f,1f],start_interpolation: 0,interpolation_duration: 1}
$data merge entity $(bone_pad_right1) {transformation: [-1f,0f,0f,-0.1563f,0f,0.9962f,0.0872f,0.7693f,0f,0.0872f,-0.9962f,0.034f,0f,0f,0f,1f],start_interpolation: 0,interpolation_duration: 1}
$data merge entity $(bone_pad_left1) {transformation: [-1f,0f,0f,0.1562f,0f,0.9962f,0.0872f,0.7693f,0f,0.0872f,-0.9962f,0.034f,0f,0f,0f,1f],start_interpolation: 0,interpolation_duration: 1}
$data merge entity $(bone_jaw1) {transformation: [-1f,0f,0f,0f,0f,0.4424f,0.8968f,0.8879f,0f,0.8968f,-0.4424f,0.1863f,0f,0f,0f,1f],start_interpolation: 0,interpolation_duration: 1}
$data merge entity $(bone_eye_right1) {transformation: [-0.9063f,0.4226f,0f,-0.125f,0.4177f,0.8958f,0.152f,1.0196f,0.0642f,0.1377f,-0.9884f,0.2546f,0f,0f,0f,1f],start_interpolation: 0,interpolation_duration: 1}
$data merge entity $(bone_eye_left1) {transformation: [-0.9063f,-0.4226f,0f,0.125f,-0.4177f,0.8958f,0.152f,1.0196f,-0.0642f,0.1377f,-0.9884f,0.2546f,0f,0f,0f,1f],start_interpolation: 0,interpolation_duration: 1}
$data merge entity $(bone_ear_right1) {transformation: [-0.554f,-0.2588f,-0.7912f,-0.2187f,-0.2712f,0.9547f,-0.1224f,1.1611f,0.7871f,0.1468f,-0.5991f,0.0544f,0f,0f,0f,1f],start_interpolation: 0,interpolation_duration: 1}
$data merge entity $(bone_ear_left1) {transformation: [-0.554f,0.2588f,0.7912f,0.2188f,0.2712f,0.9547f,-0.1224f,1.1611f,-0.7871f,0.1468f,-0.5991f,0.0544f,0f,0f,0f,1f],start_interpolation: 0,interpolation_duration: 1}
$data merge entity $(bone_head1) {transformation: [-1f,0f,0f,0f,0f,0.9884f,0.152f,0.8938f,0f,0.152f,-0.9884f,0.0449f,0f,0f,0f,1f],start_interpolation: 0,interpolation_duration: 1}
$data merge entity $(bone_finger_index_right3) {transformation: [0.3307f,0.5812f,-0.7435f,-0.0632f,-0.9127f,-0.0033f,-0.4085f,0.5439f,-0.2399f,0.8137f,0.5294f,0.3649f,0f,0f,0f,1f],start_interpolation: 0,interpolation_duration: 1}
$data merge entity $(bone_finger_index_right1) {transformation: [0.6578f,0.1203f,-0.7435f,-0.1276f,-0.5893f,0.6971f,-0.4085f,0.568f,0.4691f,0.7069f,0.5294f,0.3521f,0f,0f,0f,1f],start_interpolation: 0,interpolation_duration: 1}
$data merge entity $(bone_finger_middle_right3) {transformation: [0.3731f,0.358f,-0.8559f,-0.122f,-0.9098f,-0.0394f,-0.4131f,0.5131f,-0.1816f,0.9329f,0.3111f,0.395f,0f,0f,0f,1f],start_interpolation: 0,interpolation_duration: 1}
$data merge entity $(bone_finger_middle_right1) {transformation: [0.517f,-0.0107f,-0.8559f,-0.1543f,-0.6712f,0.6155f,-0.4131f,0.5551f,0.5312f,0.788f,0.3111f,0.3618f,0f,0f,0f,1f],start_interpolation: 0,interpolation_duration: 1}
$data merge entity $(bone_finger_pinky_right3) {transformation: [0.3145f,0.3088f,-0.8976f,-0.1816f,-0.9353f,-0.0607f,-0.3486f,0.484f,-0.1622f,0.9492f,0.2698f,0.4103f,0f,0f,0f,1f],start_interpolation: 0,interpolation_duration: 1}
$data merge entity $(bone_finger_pinky_right1) {transformation: [0.4394f,0.0344f,-0.8976f,-0.1811f,-0.7555f,0.5547f,-0.3486f,0.5422f,0.4859f,0.8313f,0.2698f,0.3715f,0f,0f,0f,1f],start_interpolation: 0,interpolation_duration: 1}
$data merge entity $(bone_forearm_right1) {transformation: [0.505f,-0.1114f,-0.8559f,-0.3604f,-0.5381f,0.7347f,-0.4131f,0.663f,0.6749f,0.6692f,0.3111f,0.139f,0f,0f,0f,1f],start_interpolation: 0,interpolation_duration: 1}
$data merge entity $(bone_arm_right1) {transformation: [-0.5623f,-0.1114f,-0.8194f,-0.1563f,-0.6018f,0.7347f,0.3131f,0.8471f,0.5671f,0.6692f,-0.4802f,0.0409f,0f,0f,0f,1f],start_interpolation: 0,interpolation_duration: 1}
$data merge entity $(bone_finger_index_left3) {transformation: [0.4018f,-0.6889f,0.6033f,0.0274f,0.8566f,0.0498f,-0.5136f,0.59f,0.3238f,0.7231f,0.6101f,0.3276f,0f,0f,0f,1f],start_interpolation: 0,interpolation_duration: 1}
$data merge entity $(bone_finger_index_left1) {transformation: [0.7712f,-0.2031f,0.6033f,0.0944f,0.5705f,0.6409f,-0.5136f,0.6096f,-0.2824f,0.7403f,0.6101f,0.329f,0f,0f,0f,1f],start_interpolation: 0,interpolation_duration: 1}
$data merge entity $(bone_finger_middle_left3) {transformation: [0.3925f,-0.5271f,0.7538f,0.0774f,0.8563f,-0.0898f,-0.5086f,0.5519f,0.3358f,0.845f,0.4161f,0.3645f,0f,0f,0f,1f],start_interpolation: 0,interpolation_duration: 1}
$data merge entity $(bone_finger_middle_left1) {transformation: [0.6502f,-0.0952f,0.7538f,0.118f,0.669f,0.542f,-0.5086f,0.5937f,-0.3601f,0.835f,0.4161f,0.342f,0f,0f,0f,1f],start_interpolation: 0,interpolation_duration: 1}
$data merge entity $(bone_finger_pinky_left3) {transformation: [0.3059f,-0.5034f,0.8081f,0.1301f,0.8693f,-0.1985f,-0.4527f,0.5224f,0.3883f,0.8409f,0.3769f,0.3959f,0f,0f,0f,1f],start_interpolation: 0,interpolation_duration: 1}
$data merge entity $(bone_finger_pinky_left1) {transformation: [0.5879f,-0.0382f,0.8081f,0.1415f,0.6612f,0.5982f,-0.4527f,0.5779f,-0.4661f,0.8004f,0.3769f,0.355f,0f,0f,0f,1f],start_interpolation: 0,interpolation_duration: 1}
$data merge entity $(bone_forearm_left1) {transformation: [0.6405f,0.147f,0.7538f,0.3584f,0.4269f,0.7477f,-0.5086f,0.6603f,-0.6383f,0.6476f,0.4161f,0.1382f,0f,0f,0f,1f],start_interpolation: 0,interpolation_duration: 1}
$data merge entity $(bone_arm_left1) {transformation: [-0.5623f,0.147f,0.8138f,0.1562f,0.6018f,0.7477f,0.2807f,0.8471f,-0.5671f,0.6476f,-0.5089f,0.0409f,0f,0f,0f,1f],start_interpolation: 0,interpolation_duration: 1}
$data merge entity $(bone_chest1) {transformation: [-1f,0f,0f,0f,0f,0.9962f,0.0872f,0.5934f,0f,0.0872f,-0.9962f,-0.1068f,0f,0f,0f,1f],start_interpolation: 0,interpolation_duration: 1}
$data merge entity $(bone_torso1) {transformation: [-1f,0f,0f,0f,0f,0.9848f,-0.1736f,0.5227f,0f,-0.1736f,-0.9848f,0.0326f,0f,0f,0f,1f],start_interpolation: 0,interpolation_duration: 1}
$data merge entity $(bone_toe_outer_right3) {transformation: [-0.4015f,-0.5853f,0.7045f,-0.4811f,-0.8605f,0.5044f,-0.0714f,0.4757f,-0.3136f,-0.6349f,-0.7061f,0.3416f,0f,0f,0f,1f],start_interpolation: 0,interpolation_duration: 1}
$data merge entity $(bone_toe_outer_right1) {transformation: [-0.4015f,0.0843f,0.912f,-0.4367f,-0.8605f,0.3062f,-0.4071f,0.4233f,-0.3136f,-0.9482f,-0.0504f,0.3286f,0f,0f,0f,1f],start_interpolation: 0,interpolation_duration: 1}
$data merge entity $(bone_toe_inner_right3) {transformation: [-0.6892f,-0.5412f,0.4818f,-0.434f,-0.6694f,0.7301f,-0.1374f,0.5418f,-0.2774f,-0.4172f,-0.8654f,0.3671f,0f,0f,0f,1f],start_interpolation: 0,interpolation_duration: 1}
$data merge entity $(bone_toe_inner_right1) {transformation: [-0.6892f,0.0843f,0.7197f,-0.3674f,-0.6694f,0.3062f,-0.6769f,0.5204f,-0.2774f,-0.9482f,-0.1546f,0.3661f,0f,0f,0f,1f],start_interpolation: 0,interpolation_duration: 1}
$data merge entity $(bone_toe_back_right1) {transformation: [-0.5538f,0.6454f,0.5262f,-0.2338f,-0.7767f,-0.1727f,-0.6057f,0.3601f,-0.3f,-0.7441f,0.5969f,0.3263f,0f,0f,0f,1f],start_interpolation: 0,interpolation_duration: 1}
$data merge entity $(bone_foot_right1) {transformation: [-0.5538f,0.0843f,0.8284f,-0.3244f,-0.7767f,0.3062f,-0.5504f,0.4203f,-0.3f,-0.9482f,-0.1041f,0.3376f,0f,0f,0f,1f],start_interpolation: 0,interpolation_duration: 1}
$data merge entity $(bone_knee_right1) {transformation: [-0.1518f,0.0843f,0.9848f,-0.3662f,-0.9366f,0.3062f,-0.1706f,0.5027f,-0.3159f,-0.9482f,0.0325f,0.1134f,0f,0f,0f,1f],start_interpolation: 0,interpolation_duration: 1}
$data merge entity $(bone_leg_right1) {transformation: [-0.0091f,0.8227f,0.5685f,-0.125f,-0.9108f,0.2278f,-0.3442f,0.5381f,-0.4126f,-0.5209f,0.7473f,0.0298f,0f,0f,0f,1f],start_interpolation: 0,interpolation_duration: 1}
$data merge entity $(bone_toe_outer_left3) {transformation: [-0.1504f,0.6062f,-0.781f,0.44f,0.9415f,0.3289f,0.0739f,0.4257f,0.3017f,-0.7242f,-0.6202f,0.3323f,0f,0f,0f,1f],start_interpolation: 0,interpolation_duration: 1}
$data merge entity $(bone_toe_outer_left1) {transformation: [-0.1504f,0.0486f,-0.9874f,0.383f,0.9415f,0.3118f,-0.1281f,0.3883f,0.3017f,-0.9489f,-0.0926f,0.317f,0f,0f,0f,1f],start_interpolation: 0,interpolation_duration: 1}
$data merge entity $(bone_toe_inner_left3) {transformation: [-0.4791f,0.6541f,-0.5854f,0.4128f,0.8409f,0.5333f,-0.0923f,0.5028f,0.2518f,-0.5365f,-0.8055f,0.3562f,0f,0f,0f,1f],start_interpolation: 0,interpolation_duration: 1}
$data merge entity $(bone_toe_inner_left1) {transformation: [-0.4791f,0.0486f,-0.8764f,0.343f,0.8409f,0.3118f,-0.4424f,0.5014f,0.2518f,-0.9489f,-0.1902f,0.3522f,0f,0f,0f,1f],start_interpolation: 0,interpolation_duration: 1}
$data merge entity $(bone_toe_back_left1) {transformation: [-0.3196f,-0.503f,-0.803f,0.1708f,0.9049f,0.0893f,-0.4161f,0.386f,0.281f,-0.8597f,0.4266f,0.3054f,0f,0f,0f,1f],start_interpolation: 0,interpolation_duration: 1}
$data merge entity $(bone_foot_left1) {transformation: [-0.3196f,0.0486f,-0.9463f,0.2743f,0.9049f,0.3118f,-0.2896f,0.4177f,0.281f,-0.9489f,-0.1436f,0.3211f,0f,0f,0f,1f],start_interpolation: 0,interpolation_duration: 1}
$data merge entity $(bone_knee_left1) {transformation: [-0.1518f,0.1309f,-0.9797f,0.3662f,0.9366f,0.3359f,-0.1002f,0.5027f,0.3159f,-0.9328f,-0.1735f,0.1134f,0f,0f,0f,1f],start_interpolation: 0,interpolation_duration: 1}
$data merge entity $(bone_leg_left1) {transformation: [-0.0091f,-0.8227f,-0.5685f,0.125f,0.9108f,0.2278f,-0.3442f,0.5381f,0.4126f,-0.5209f,0.7473f,0.0298f,0f,0f,0f,1f],start_interpolation: 0,interpolation_duration: 1}