# This file was generated by Animated Java via MC-Build. It is not recommended to edit this file directly.
$data merge entity $(bone_tail7) {transformation: [-0.9864f,-0.1044f,0.1266f,0.005f,-0.0002f,0.7723f,0.6353f,0.3988f,-0.1641f,0.6266f,-0.7618f,-0.7141f,0f,0f,0f,1f],start_interpolation: 0,interpolation_duration: 1}
$data merge entity $(bone_tail6) {transformation: [-0.9969f,-0.0415f,0.0662f,-0.0076f,-0.0237f,0.9679f,0.2504f,0.2454f,-0.0745f,0.248f,-0.9659f,-0.4959f,0f,0f,0f,1f],start_interpolation: 0,interpolation_duration: 1}
$data merge entity $(bone_tail5) {transformation: [-0.9999f,-0.0117f,-0.0004f,-0.0075f,-0.0115f,0.9874f,-0.1577f,0.2849f,0.0023f,-0.1577f,-0.9875f,-0.249f,0f,0f,0f,1f],start_interpolation: 0,interpolation_duration: 1}
$data merge entity $(bone_tail1) {transformation: [-0.9993f,-0.0112f,-0.0344f,0f,0.0063f,0.8829f,-0.4695f,0.485f,0.0356f,-0.4694f,-0.8822f,-0.0724f,0f,0f,0f,1f],start_interpolation: 0,interpolation_duration: 1}
$data merge entity $(bone_pad_right1) {transformation: [-1f,0f,0f,-0.1563f,0f,0.9962f,0.0872f,0.7659f,0f,0.0872f,-0.9962f,0.034f,0f,0f,0f,1f],start_interpolation: 0,interpolation_duration: 1}
$data merge entity $(bone_pad_left1) {transformation: [-1f,0f,0f,0.1562f,0f,0.9962f,0.0872f,0.7659f,0f,0.0872f,-0.9962f,0.034f,0f,0f,0f,1f],start_interpolation: 0,interpolation_duration: 1}
$data merge entity $(bone_jaw1) {transformation: [-1f,0f,0f,0f,0f,0.3914f,0.9202f,0.8766f,0f,0.9202f,-0.3914f,0.1858f,0f,0f,0f,1f],start_interpolation: 0,interpolation_duration: 1}
$data merge entity $(bone_eye_right1) {transformation: [-0.9063f,0.4226f,0f,-0.125f,0.4134f,0.8866f,0.2072f,1.0043f,0.0876f,0.1878f,-0.9783f,0.2614f,0f,0f,0f,1f],start_interpolation: 0,interpolation_duration: 1}
$data merge entity $(bone_eye_left1) {transformation: [-0.9063f,-0.4226f,0f,0.125f,-0.4134f,0.8866f,0.2072f,1.0043f,-0.0876f,0.1878f,-0.9783f,0.2614f,0f,0f,0f,1f],start_interpolation: 0,interpolation_duration: 1}
$data merge entity $(bone_ear_right1) {transformation: [-0.554f,-0.2588f,-0.7912f,-0.2187f,-0.3149f,0.945f,-0.0886f,1.1568f,0.7706f,0.2001f,-0.6051f,0.0694f,0f,0f,0f,1f],start_interpolation: 0,interpolation_duration: 1}
$data merge entity $(bone_ear_left1) {transformation: [-0.554f,0.2588f,0.7912f,0.2188f,0.3149f,0.945f,-0.0886f,1.1568f,-0.7706f,0.2001f,-0.6051f,0.0694f,0f,0f,0f,1f],start_interpolation: 0,interpolation_duration: 1}
$data merge entity $(bone_head1) {transformation: [-1f,0f,0f,0f,0f,0.9783f,0.2072f,0.8904f,0f,0.2072f,-0.9783f,0.0449f,0f,0f,0f,1f],start_interpolation: 0,interpolation_duration: 1}
$data merge entity $(bone_finger_index_right3) {transformation: [0.3798f,0.5422f,-0.7495f,-0.0624f,-0.9036f,0.0439f,-0.4261f,0.5384f,-0.1981f,0.8391f,0.5066f,0.3635f,0f,0f,0f,1f],start_interpolation: 0,interpolation_duration: 1}
$data merge entity $(bone_finger_index_right1) {transformation: [0.6595f,0.0576f,-0.7495f,-0.127f,-0.5472f,0.7205f,-0.4261f,0.5592f,0.5155f,0.6911f,0.5066f,0.3471f,0f,0f,0f,1f],start_interpolation: 0,interpolation_duration: 1}
$data merge entity $(bone_finger_middle_right3) {transformation: [0.4193f,0.3154f,-0.8513f,-0.1211f,-0.8973f,0.0015f,-0.4414f,0.5059f,-0.138f,0.9489f,0.2837f,0.3918f,0f,0f,0f,1f],start_interpolation: 0,interpolation_duration: 1}
$data merge entity $(bone_finger_middle_right1) {transformation: [0.5195f,-0.0734f,-0.8513f,-0.1536f,-0.6335f,0.6355f,-0.4414f,0.5455f,0.5734f,0.7686f,0.2837f,0.356f,0f,0f,0f,1f],start_interpolation: 0,interpolation_duration: 1}
$data merge entity $(bone_finger_pinky_right3) {transformation: [0.3609f,0.2665f,-0.8937f,-0.1802f,-0.9248f,-0.0216f,-0.3799f,0.4746f,-0.1205f,0.9636f,0.2386f,0.4052f,0f,0f,0f,1f],start_interpolation: 0,interpolation_duration: 1}
$data merge entity $(bone_finger_pinky_right1) {transformation: [0.4478f,-0.0279f,-0.8937f,-0.1802f,-0.7223f,0.5779f,-0.3799f,0.5317f,0.5271f,0.8156f,0.2386f,0.3648f,0f,0f,0f,1f],start_interpolation: 0,interpolation_duration: 1}
$data merge entity $(bone_forearm_right1) {transformation: [0.5041f,-0.1454f,-0.8513f,-0.3575f,-0.5383f,0.7179f,-0.4414f,0.6524f,0.6753f,0.6808f,0.2837f,0.1308f,0f,0f,0f,1f],start_interpolation: 0,interpolation_duration: 1}
$data merge entity $(bone_arm_right1) {transformation: [-0.5585f,-0.1454f,-0.8167f,-0.1563f,-0.6275f,0.7179f,0.3013f,0.8437f,0.5425f,0.6808f,-0.4922f,0.0409f,0f,0f,0f,1f],start_interpolation: 0,interpolation_duration: 1}
$data merge entity $(bone_finger_index_left3) {transformation: [0.4589f,-0.6472f,0.6087f,0.0266f,0.8423f,0.0989f,-0.5298f,0.5859f,0.2827f,0.7559f,0.5906f,0.3281f,0f,0f,0f,1f],start_interpolation: 0,interpolation_duration: 1}
$data merge entity $(bone_finger_index_left1) {transformation: [0.7821f,-0.1332f,0.6087f,0.0945f,0.5257f,0.6656f,-0.5298f,0.6022f,-0.3346f,0.7344f,0.5906f,0.3256f,0f,0f,0f,1f],start_interpolation: 0,interpolation_duration: 1}
$data merge entity $(bone_finger_middle_left3) {transformation: [0.4502f,-0.4862f,0.749f,0.0765f,0.8427f,-0.0459f,-0.5364f,0.5462f,0.2951f,0.8726f,0.3891f,0.3633f,0f,0f,0f,1f],start_interpolation: 0,interpolation_duration: 1}
$data merge entity $(bone_finger_middle_left1) {transformation: [0.6621f,-0.0255f,0.749f,0.1179f,0.6284f,0.5635f,-0.5364f,0.5855f,-0.4084f,0.8258f,0.3891f,0.3378f,0f,0f,0f,1f],start_interpolation: 0,interpolation_duration: 1}
$data merge entity $(bone_finger_pinky_left3) {transformation: [0.3672f,-0.468f,0.8038f,0.1293f,0.8611f,-0.1557f,-0.484f,0.5147f,0.3517f,0.8699f,0.3459f,0.3927f,0f,0f,0f,1f],start_interpolation: 0,interpolation_duration: 1}
$data merge entity $(bone_finger_pinky_left1) {transformation: [0.594f,0.0323f,0.8038f,0.1413f,0.6214f,0.6161f,-0.484f,0.5687f,-0.5109f,0.787f,0.3459f,0.3499f,0f,0f,0f,1f],start_interpolation: 0,interpolation_duration: 1}
$data merge entity $(bone_forearm_left1) {transformation: [0.6374f,0.1809f,0.749f,0.3554f,0.4229f,0.7304f,-0.5364f,0.6499f,-0.644f,0.6587f,0.3891f,0.13f,0f,0f,0f,1f],start_interpolation: 0,interpolation_duration: 1}
$data merge entity $(bone_arm_left1) {transformation: [-0.5585f,0.1809f,0.8096f,0.1562f,0.6275f,0.7304f,0.2697f,0.8437f,-0.5425f,0.6587f,-0.5214f,0.0409f,0f,0f,0f,1f],start_interpolation: 0,interpolation_duration: 1}
$data merge entity $(bone_chest1) {transformation: [-1f,0f,0f,0f,0f,0.9962f,0.0872f,0.59f,0f,0.0872f,-0.9962f,-0.1068f,0f,0f,0f,1f],start_interpolation: 0,interpolation_duration: 1}
$data merge entity $(bone_torso1) {transformation: [-1f,0f,0f,0f,0f,0.9848f,-0.1736f,0.5194f,0f,-0.1736f,-0.9848f,0.0326f,0f,0f,0f,1f],start_interpolation: 0,interpolation_duration: 1}
$data merge entity $(bone_toe_outer_right3) {transformation: [-0.3793f,-0.6023f,0.7024f,-0.4776f,-0.8622f,0.5056f,-0.0321f,0.4538f,-0.3358f,-0.6177f,-0.7111f,0.3413f,0f,0f,0f,1f],start_interpolation: 0,interpolation_duration: 1}
$data merge entity $(bone_toe_outer_right1) {transformation: [-0.3793f,0.0708f,0.9226f,-0.4318f,-0.8622f,0.3348f,-0.3802f,0.4031f,-0.3358f,-0.9396f,-0.066f,0.3267f,0f,0f,0f,1f],start_interpolation: 0,interpolation_duration: 1}
$data merge entity $(bone_toe_inner_right3) {transformation: [-0.672f,-0.5633f,0.4808f,-0.4321f,-0.6802f,0.7262f,-0.0998f,0.5205f,-0.293f,-0.3941f,-0.8711f,0.3685f,0f,0f,0f,1f],start_interpolation: 0,interpolation_duration: 1}
$data merge entity $(bone_toe_inner_right1) {transformation: [-0.672f,0.0708f,0.7372f,-0.3651f,-0.6802f,0.3348f,-0.6521f,0.501f,-0.293f,-0.9396f,-0.1769f,0.3666f,0f,0f,0f,1f],start_interpolation: 0,interpolation_duration: 1}
$data merge entity $(bone_toe_back_right1) {transformation: [-0.5338f,0.6459f,0.5458f,-0.2273f,-0.7831f,-0.1338f,-0.6074f,0.3456f,-0.3192f,-0.7516f,0.5772f,0.3216f,0f,0f,0f,1f],start_interpolation: 0,interpolation_duration: 1}
$data merge entity $(bone_foot_right1) {transformation: [-0.5338f,0.0708f,0.8427f,-0.3194f,-0.7831f,0.3348f,-0.5241f,0.4029f,-0.3192f,-0.9396f,-0.1233f,0.3351f,0f,0f,0f,1f],start_interpolation: 0,interpolation_duration: 1}
$data merge entity $(bone_knee_right1) {transformation: [-0.1276f,0.0708f,0.9893f,-0.3647f,-0.9312f,0.3348f,-0.1441f,0.4904f,-0.3414f,-0.9396f,0.0232f,0.1134f,0f,0f,0f,1f],start_interpolation: 0,interpolation_duration: 1}
$data merge entity $(bone_leg_right1) {transformation: [0.0138f,0.8133f,0.5817f,-0.125f,-0.8988f,0.265f,-0.3491f,0.5348f,-0.438f,-0.518f,0.7347f,0.0298f,0f,0f,0f,1f],start_interpolation: 0,interpolation_duration: 1}
$data merge entity $(bone_toe_outer_left3) {transformation: [-0.126f,0.6188f,-0.7753f,0.4352f,0.9365f,0.3321f,0.1128f,0.4053f,0.3273f,-0.7119f,-0.6214f,0.3304f,0f,0f,0f,1f],start_interpolation: 0,interpolation_duration: 1}
$data merge entity $(bone_toe_outer_left1) {transformation: [-0.126f,0.0622f,-0.9901f,0.3772f,0.9365f,0.3368f,-0.0981f,0.3699f,0.3273f,-0.9395f,-0.1007f,0.3139f,0f,0f,0f,1f],start_interpolation: 0,interpolation_duration: 1}
$data merge entity $(bone_toe_inner_left3) {transformation: [-0.4571f,0.6714f,-0.5834f,0.4099f,0.8465f,0.5298f,-0.0535f,0.4824f,0.2731f,-0.5183f,-0.8104f,0.3564f,0f,0f,0f,1f],start_interpolation: 0,interpolation_duration: 1}
$data merge entity $(bone_toe_inner_left1) {transformation: [-0.4571f,0.0622f,-0.8873f,0.3402f,0.8465f,0.3368f,-0.4124f,0.4831f,0.2731f,-0.9395f,-0.2066f,0.352f,0f,0f,0f,1f],start_interpolation: 0,interpolation_duration: 1}
$data merge entity $(bone_toe_back_left1) {transformation: [-0.2961f,-0.4957f,-0.8165f,0.1651f,0.9052f,0.1272f,-0.4055f,0.3738f,0.3049f,-0.8591f,0.4111f,0.3013f,0f,0f,0f,1f],start_interpolation: 0,interpolation_duration: 1}
$data merge entity $(bone_foot_left1) {transformation: [-0.2961f,0.0622f,-0.9531f,0.2694f,0.9052f,0.3368f,-0.2592f,0.4022f,0.3049f,-0.9395f,-0.156f,0.3183f,0f,0f,0f,1f],start_interpolation: 0,interpolation_duration: 1}
$data merge entity $(bone_knee_left1) {transformation: [-0.1276f,0.145f,-0.9812f,0.3647f,0.9312f,0.3581f,-0.0682f,0.4904f,0.3414f,-0.9224f,-0.1808f,0.1134f,0f,0f,0f,1f],start_interpolation: 0,interpolation_duration: 1}
$data merge entity $(bone_leg_left1) {transformation: [0.0138f,-0.8133f,-0.5817f,0.125f,0.8988f,0.265f,-0.3491f,0.5348f,0.438f,-0.518f,0.7347f,0.0298f,0f,0f,0f,1f],start_interpolation: 0,interpolation_duration: 1}