# This file was generated by Animated Java via MC-Build. It is not recommended to edit this file directly.
$data merge entity $(bone_tail7) {transformation: [-0.9823f,0.1277f,-0.1372f,-0.0253f,0.0367f,0.8487f,0.5276f,0.3575f,0.1838f,0.5132f,-0.8384f,-0.713f,0f,0f,0f,1f],start_interpolation: 0,interpolation_duration: 1}
$data merge entity $(bone_tail6) {transformation: [-0.9939f,0.0562f,-0.095f,-0.0068f,0.0459f,0.9932f,0.1073f,0.2376f,0.1004f,0.1023f,-0.9897f,-0.4752f,0f,0f,0f,1f],start_interpolation: 0,interpolation_duration: 1}
$data merge entity $(bone_tail5) {transformation: [-0.9991f,0.0169f,-0.0387f,0.0029f,0.0268f,0.9621f,-0.2715f,0.3054f,0.0327f,-0.2723f,-0.9617f,-0.2348f,0f,0f,0f,1f],start_interpolation: 0,interpolation_duration: 1}
$data merge entity $(bone_tail1) {transformation: [-0.9999f,0.0055f,0.0135f,0f,-0.0025f,0.8481f,-0.5299f,0.5174f,-0.0144f,-0.5298f,-0.848f,-0.0724f,0f,0f,0f,1f],start_interpolation: 0,interpolation_duration: 1}
$data merge entity $(bone_pad_right1) {transformation: [-1f,0f,0f,-0.1563f,0f,0.9962f,0.0872f,0.7983f,0f,0.0872f,-0.9962f,0.034f,0f,0f,0f,1f],start_interpolation: 0,interpolation_duration: 1}
$data merge entity $(bone_pad_left1) {transformation: [-1f,0f,0f,0.1562f,0f,0.9962f,0.0872f,0.7983f,0f,0.0872f,-0.9962f,0.034f,0f,0f,0f,1f],start_interpolation: 0,interpolation_duration: 1}
$data merge entity $(bone_jaw1) {transformation: [-1f,0f,0f,0f,0f,0.4519f,0.8921f,0.9184f,0f,0.8921f,-0.4519f,0.1864f,0f,0f,0f,1f],start_interpolation: 0,interpolation_duration: 1}
$data merge entity $(bone_eye_right1) {transformation: [-0.9063f,0.4226f,0f,-0.125f,0.4184f,0.8972f,0.1415f,1.0509f,0.0598f,0.1282f,-0.9899f,0.2533f,0f,0f,0f,1f],start_interpolation: 0,interpolation_duration: 1}
$data merge entity $(bone_eye_left1) {transformation: [-0.9063f,-0.4226f,0f,0.125f,-0.4184f,0.8972f,0.1415f,1.0509f,-0.0598f,0.1282f,-0.9899f,0.2533f,0f,0f,0f,1f],start_interpolation: 0,interpolation_duration: 1}
$data merge entity $(bone_ear_right1) {transformation: [-0.554f,-0.2588f,-0.7912f,-0.2187f,-0.2628f,0.9562f,-0.1287f,1.1902f,0.7899f,0.1366f,-0.5978f,0.0516f,0f,0f,0f,1f],start_interpolation: 0,interpolation_duration: 1}
$data merge entity $(bone_ear_left1) {transformation: [-0.554f,0.2588f,0.7912f,0.2188f,0.2628f,0.9562f,-0.1287f,1.1902f,-0.7899f,0.1366f,-0.5978f,0.0516f,0f,0f,0f,1f],start_interpolation: 0,interpolation_duration: 1}
$data merge entity $(bone_head1) {transformation: [-1f,0f,0f,0f,0f,0.9899f,0.1415f,0.9228f,0f,0.1415f,-0.9899f,0.0449f,0f,0f,0f,1f],start_interpolation: 0,interpolation_duration: 1}
$data merge entity $(bone_finger_index_right3) {transformation: [0.321f,0.5881f,-0.7423f,-0.0634f,-0.9141f,-0.0126f,-0.4052f,0.5734f,-0.2477f,0.8087f,0.5336f,0.3651f,0f,0f,0f,1f],start_interpolation: 0,interpolation_duration: 1}
$data merge entity $(bone_finger_index_right1) {transformation: [0.6569f,0.1321f,-0.7423f,-0.1276f,-0.5972f,0.6922f,-0.4052f,0.598f,0.4603f,0.7095f,0.5336f,0.353f,0f,0f,0f,1f],start_interpolation: 0,interpolation_duration: 1}
$data merge entity $(bone_finger_middle_right3) {transformation: [0.364f,0.3657f,-0.8566f,-0.1221f,-0.9119f,-0.0474f,-0.4077f,0.5429f,-0.1897f,0.9295f,0.3162f,0.3956f,0f,0f,0f,1f],start_interpolation: 0,interpolation_duration: 1}
$data merge entity $(bone_finger_middle_right1) {transformation: [0.516f,0.0012f,-0.8566f,-0.1544f,-0.6783f,0.6113f,-0.4077f,0.5853f,0.5231f,0.7914f,0.3162f,0.3629f,0f,0f,0f,1f],start_interpolation: 0,interpolation_duration: 1}
$data merge entity $(bone_finger_pinky_right3) {transformation: [0.3053f,0.3165f,-0.8981f,-0.1819f,-0.937f,-0.0684f,-0.3426f,0.5142f,-0.1699f,0.9461f,0.2756f,0.4112f,0f,0f,0f,1f],start_interpolation: 0,interpolation_duration: 1}
$data merge entity $(bone_finger_pinky_right1) {transformation: [0.4373f,0.0462f,-0.8981f,-0.1812f,-0.7618f,0.5499f,-0.3426f,0.5725f,0.478f,0.834f,0.2756f,0.3728f,0f,0f,0f,1f],start_interpolation: 0,interpolation_duration: 1}
$data merge entity $(bone_forearm_right1) {transformation: [0.5052f,-0.1049f,-0.8566f,-0.3609f,-0.5381f,0.7377f,-0.4077f,0.6934f,0.6747f,0.6669f,0.3162f,0.1405f,0f,0f,0f,1f],start_interpolation: 0,interpolation_duration: 1}
$data merge entity $(bone_arm_right1) {transformation: [-0.5628f,-0.1049f,-0.8199f,-0.1563f,-0.5969f,0.7377f,0.3154f,0.8761f,0.5718f,0.6669f,-0.4778f,0.0409f,0f,0f,0f,1f],start_interpolation: 0,interpolation_duration: 1}
$data merge entity $(bone_finger_index_left3) {transformation: [0.3905f,-0.6963f,0.6022f,0.0275f,0.8589f,0.0402f,-0.5105f,0.6192f,0.3313f,0.7166f,0.6137f,0.3275f,0f,0f,0f,1f],start_interpolation: 0,interpolation_duration: 1}
$data merge entity $(bone_finger_index_left1) {transformation: [0.7685f,-0.2162f,0.6022f,0.0944f,0.5789f,0.6358f,-0.5105f,0.6394f,-0.2725f,0.741f,0.6137f,0.3296f,0f,0f,0f,1f],start_interpolation: 0,interpolation_duration: 1}
$data merge entity $(bone_finger_middle_left3) {transformation: [0.3811f,-0.5343f,0.7545f,0.0775f,0.8585f,-0.0984f,-0.5033f,0.5814f,0.3432f,0.8395f,0.4212f,0.3647f,0f,0f,0f,1f],start_interpolation: 0,interpolation_duration: 1}
$data merge entity $(bone_finger_middle_left1) {transformation: [0.6473f,-0.1083f,0.7545f,0.118f,0.6766f,0.5374f,-0.5033f,0.6237f,-0.351f,0.8363f,0.4212f,0.3428f,0f,0f,0f,1f],start_interpolation: 0,interpolation_duration: 1}
$data merge entity $(bone_finger_pinky_left3) {transformation: [0.294f,-0.5096f,0.8086f,0.1302f,0.8704f,-0.2068f,-0.4468f,0.5522f,0.3949f,0.8352f,0.3828f,0.3965f,0f,0f,0f,1f],start_interpolation: 0,interpolation_duration: 1}
$data merge entity $(bone_finger_pinky_left1) {transformation: [0.586f,-0.0515f,0.8086f,0.1415f,0.6687f,0.5944f,-0.4468f,0.608f,-0.4576f,0.8025f,0.3828f,0.356f,0f,0f,0f,1f],start_interpolation: 0,interpolation_duration: 1}
$data merge entity $(bone_forearm_left1) {transformation: [0.6411f,0.1406f,0.7545f,0.3589f,0.4278f,0.7508f,-0.5033f,0.6907f,-0.6372f,0.6454f,0.4212f,0.1398f,0f,0f,0f,1f],start_interpolation: 0,interpolation_duration: 1}
$data merge entity $(bone_arm_left1) {transformation: [-0.5628f,0.1406f,0.8145f,0.1562f,0.5969f,0.7508f,0.2829f,0.8761f,-0.5718f,0.6454f,-0.5065f,0.0409f,0f,0f,0f,1f],start_interpolation: 0,interpolation_duration: 1}
$data merge entity $(bone_chest1) {transformation: [-1f,0f,0f,0f,0f,0.9962f,0.0872f,0.6224f,0f,0.0872f,-0.9962f,-0.1068f,0f,0f,0f,1f],start_interpolation: 0,interpolation_duration: 1}
$data merge entity $(bone_torso1) {transformation: [-1f,0f,0f,0f,0f,0.9848f,-0.1736f,0.5518f,0f,-0.1736f,-0.9848f,0.0326f,0f,0f,0f,1f],start_interpolation: 0,interpolation_duration: 1}
$data merge entity $(bone_toe_outer_right3) {transformation: [-0.4057f,-0.5821f,0.7047f,-0.4817f,-0.86f,0.5041f,-0.0788f,0.5082f,-0.3093f,-0.638f,-0.7051f,0.3416f,0f,0f,0f,1f],start_interpolation: 0,interpolation_duration: 1}
$data merge entity $(bone_toe_outer_right1) {transformation: [-0.4057f,0.0867f,0.9099f,-0.4375f,-0.86f,0.3007f,-0.4122f,0.4556f,-0.3093f,-0.9498f,-0.0475f,0.329f,0f,0f,0f,1f],start_interpolation: 0,interpolation_duration: 1}
$data merge entity $(bone_toe_inner_right3) {transformation: [-0.6925f,-0.537f,0.4818f,-0.4342f,-0.6672f,0.7307f,-0.1445f,0.5742f,-0.2744f,-0.4216f,-0.8643f,0.3669f,0f,0f,0f,1f],start_interpolation: 0,interpolation_duration: 1}
$data merge entity $(bone_toe_inner_right1) {transformation: [-0.6925f,0.0867f,0.7162f,-0.3678f,-0.6672f,0.3007f,-0.6815f,0.5525f,-0.2744f,-0.9498f,-0.1504f,0.366f,0f,0f,0f,1f],start_interpolation: 0,interpolation_duration: 1}
$data merge entity $(bone_toe_back_right1) {transformation: [-0.5576f,0.6451f,0.5225f,-0.235f,-0.7754f,-0.18f,-0.6053f,0.3913f,-0.2964f,-0.7426f,0.6006f,0.3271f,0f,0f,0f,1f],start_interpolation: 0,interpolation_duration: 1}
$data merge entity $(bone_foot_right1) {transformation: [-0.5576f,0.0867f,0.8256f,-0.3253f,-0.7754f,0.3007f,-0.5553f,0.452f,-0.2964f,-0.9498f,-0.1005f,0.3381f,0f,0f,0f,1f],start_interpolation: 0,interpolation_duration: 1}
$data merge entity $(bone_knee_right1) {transformation: [-0.1564f,0.0867f,0.9839f,-0.3664f,-0.9374f,0.3007f,-0.1755f,0.5334f,-0.3111f,-0.9498f,0.0342f,0.1133f,0f,0f,0f,1f],start_interpolation: 0,interpolation_duration: 1}
$data merge entity $(bone_leg_right1) {transformation: [-0.0135f,0.8243f,0.566f,-0.125f,-0.913f,0.2207f,-0.3432f,0.5672f,-0.4078f,-0.5214f,0.7496f,0.0298f,0f,0f,0f,1f],start_interpolation: 0,interpolation_duration: 1}
$data merge entity $(bone_toe_outer_left3) {transformation: [-0.1551f,0.6038f,-0.7819f,0.4408f,0.9423f,0.3282f,0.0665f,0.458f,0.2968f,-0.7264f,-0.6199f,0.3326f,0f,0f,0f,1f],start_interpolation: 0,interpolation_duration: 1}
$data merge entity $(bone_toe_outer_left1) {transformation: [-0.1551f,0.0461f,-0.9868f,0.384f,0.9423f,0.307f,-0.1337f,0.4202f,0.2968f,-0.9506f,-0.0911f,0.3176f,0f,0f,0f,1f],start_interpolation: 0,interpolation_duration: 1}
$data merge entity $(bone_toe_inner_left3) {transformation: [-0.4833f,0.6508f,-0.5856f,0.4132f,0.8397f,0.5338f,-0.0997f,0.5351f,0.2477f,-0.5399f,-0.8045f,0.3561f,0f,0f,0f,1f],start_interpolation: 0,interpolation_duration: 1}
$data merge entity $(bone_toe_inner_left1) {transformation: [-0.4833f,0.0461f,-0.8743f,0.3435f,0.8397f,0.307f,-0.448f,0.5333f,0.2477f,-0.9506f,-0.1871f,0.3522f,0f,0f,0f,1f],start_interpolation: 0,interpolation_duration: 1}
$data merge entity $(bone_toe_back_left1) {transformation: [-0.3241f,-0.5042f,-0.8005f,0.1718f,0.9047f,0.0821f,-0.418f,0.4168f,0.2765f,-0.8597f,0.4295f,0.3062f,0f,0f,0f,1f],start_interpolation: 0,interpolation_duration: 1}
$data merge entity $(bone_foot_left1) {transformation: [-0.3241f,0.0461f,-0.9449f,0.2752f,0.9047f,0.307f,-0.2953f,0.4491f,0.2765f,-0.9506f,-0.1413f,0.3216f,0f,0f,0f,1f],start_interpolation: 0,interpolation_duration: 1}
$data merge entity $(bone_knee_left1) {transformation: [-0.1564f,0.1283f,-0.9793f,0.3664f,0.9374f,0.3316f,-0.1063f,0.5334f,0.3111f,-0.9347f,-0.1722f,0.1133f,0f,0f,0f,1f],start_interpolation: 0,interpolation_duration: 1}
$data merge entity $(bone_leg_left1) {transformation: [-0.0135f,-0.8243f,-0.566f,0.125f,0.913f,0.2207f,-0.3432f,0.5672f,0.4078f,-0.5214f,0.7496f,0.0298f,0f,0f,0f,1f],start_interpolation: 0,interpolation_duration: 1}