# This file was generated by Animated Java via MC-Build. It is not recommended to edit this file directly.
$data merge entity $(bone_tail7) {transformation: [-0.9818f,0.1718f,-0.0807f,-0.1203f,0.0838f,0.7739f,0.6277f,0.4047f,0.1703f,0.6095f,-0.7743f,-0.6987f,0f,0f,0f,1f],start_interpolation: 0,interpolation_duration: 1}
$data merge entity $(bone_tail6) {transformation: [-0.9764f,0.1154f,-0.1824f,-0.0856f,0.0772f,0.9759f,0.2039f,0.2622f,0.2015f,0.1851f,-0.9618f,-0.4756f,0f,0f,0f,1f],start_interpolation: 0,interpolation_duration: 1}
$data merge entity $(bone_tail5) {transformation: [-0.9703f,0.031f,-0.2398f,-0.0256f,0.0829f,0.9743f,-0.2094f,0.3146f,0.2272f,-0.2231f,-0.948f,-0.2386f,0f,0f,0f,1f],start_interpolation: 0,interpolation_duration: 1}
$data merge entity $(bone_tail1) {transformation: [-0.9919f,-0.0446f,-0.1191f,0f,0.0221f,0.862f,-0.5065f,0.522f,0.1253f,-0.505f,-0.854f,-0.0724f,0f,0f,0f,1f],start_interpolation: 0,interpolation_duration: 1}
$data merge entity $(bone_pad_right1) {transformation: [-1f,0f,0f,-0.1563f,0f,0.9962f,0.0872f,0.8029f,0f,0.0872f,-0.9962f,0.034f,0f,0f,0f,1f],start_interpolation: 0,interpolation_duration: 1}
$data merge entity $(bone_pad_left1) {transformation: [-1f,0f,0f,0.1562f,0f,0.9962f,0.0872f,0.8029f,0f,0.0872f,-0.9962f,0.034f,0f,0f,0f,1f],start_interpolation: 0,interpolation_duration: 1}
$data merge entity $(bone_jaw1) {transformation: [-1f,0f,0f,0f,0f,0.421f,0.9071f,0.9181f,0f,0.9071f,-0.421f,0.1861f,0f,0f,0f,1f],start_interpolation: 0,interpolation_duration: 1}
$data merge entity $(bone_eye_right1) {transformation: [-0.9063f,0.4226f,0f,-0.125f,0.4161f,0.8922f,0.1754f,1.0482f,0.0741f,0.159f,-0.9845f,0.2576f,0f,0f,0f,1f],start_interpolation: 0,interpolation_duration: 1}
$data merge entity $(bone_eye_left1) {transformation: [-0.9063f,-0.4226f,0f,0.125f,-0.4161f,0.8922f,0.1754f,1.0482f,-0.0741f,0.159f,-0.9845f,0.2576f,0f,0f,0f,1f],start_interpolation: 0,interpolation_duration: 1}
$data merge entity $(bone_ear_right1) {transformation: [-0.554f,-0.2588f,-0.7912f,-0.2187f,-0.2899f,0.9509f,-0.1081f,1.1944f,0.7804f,0.1695f,-0.6019f,0.0608f,0f,0f,0f,1f],start_interpolation: 0,interpolation_duration: 1}
$data merge entity $(bone_ear_left1) {transformation: [-0.554f,0.2588f,0.7912f,0.2188f,0.2899f,0.9509f,-0.1081f,1.1944f,-0.7804f,0.1695f,-0.6019f,0.0608f,0f,0f,0f,1f],start_interpolation: 0,interpolation_duration: 1}
$data merge entity $(bone_head1) {transformation: [-1f,0f,0f,0f,0f,0.9845f,0.1754f,0.9274f,0f,0.1754f,-0.9845f,0.0449f,0f,0f,0f,1f],start_interpolation: 0,interpolation_duration: 1}
$data merge entity $(bone_finger_index_right3) {transformation: [0.3519f,0.5652f,-0.7462f,-0.0629f,-0.9092f,0.017f,-0.4159f,0.5766f,-0.2224f,0.8248f,0.5199f,0.3643f,0f,0f,0f,1f],start_interpolation: 0,interpolation_duration: 1}
$data merge entity $(bone_finger_index_right1) {transformation: [0.6591f,0.0937f,-0.7462f,-0.1274f,-0.5714f,0.7074f,-0.4159f,0.5993f,0.4889f,0.7005f,0.5199f,0.35f,0f,0f,0f,1f],start_interpolation: 0,interpolation_duration: 1}
$data merge entity $(bone_finger_middle_right3) {transformation: [0.3932f,0.3404f,-0.8541f,-0.1217f,-0.9049f,-0.0217f,-0.4252f,0.5451f,-0.1633f,0.94f,0.2995f,0.3937f,0f,0f,0f,1f],start_interpolation: 0,interpolation_duration: 1}
$data merge entity $(bone_finger_middle_right1) {transformation: [0.5187f,-0.0373f,-0.8541f,-0.1541f,-0.6552f,0.6245f,-0.4252f,0.586f,0.5492f,0.7802f,0.2995f,0.3594f,0f,0f,0f,1f],start_interpolation: 0,interpolation_duration: 1}
$data merge entity $(bone_finger_pinky_right3) {transformation: [0.3346f,0.2913f,-0.8962f,-0.181f,-0.9312f,-0.0438f,-0.3619f,0.5151f,-0.1447f,0.9556f,0.2566f,0.4082f,0f,0f,0f,1f],start_interpolation: 0,interpolation_duration: 1}
$data merge entity $(bone_finger_pinky_right1) {transformation: [0.4436f,0.0081f,-0.8962f,-0.1808f,-0.7415f,0.565f,-0.3619f,0.5728f,0.5034f,0.8251f,0.2566f,0.3687f,0f,0f,0f,1f],start_interpolation: 0,interpolation_duration: 1}
$data merge entity $(bone_forearm_right1) {transformation: [0.5046f,-0.1259f,-0.8541f,-0.3592f,-0.5381f,0.7278f,-0.4252f,0.6935f,0.6751f,0.6742f,0.2995f,0.1355f,0f,0f,0f,1f],start_interpolation: 0,interpolation_duration: 1}
$data merge entity $(bone_arm_right1) {transformation: [-0.5609f,-0.1259f,-0.8183f,-0.1563f,-0.6127f,0.7278f,0.308f,0.8807f,0.5568f,0.6742f,-0.4853f,0.0409f,0f,0f,0f,1f],start_interpolation: 0,interpolation_duration: 1}
$data merge entity $(bone_finger_index_left3) {transformation: [0.4264f,-0.6718f,0.6057f,0.027f,0.851f,0.071f,-0.5204f,0.6233f,0.3066f,0.7373f,0.6019f,0.3278f,0f,0f,0f,1f],start_interpolation: 0,interpolation_duration: 1}
$data merge entity $(bone_finger_index_left1) {transformation: [0.7766f,-0.1735f,0.6057f,0.0945f,0.5515f,0.6519f,-0.5204f,0.6415f,-0.3045f,0.7382f,0.6019f,0.3276f,0f,0f,0f,1f],start_interpolation: 0,interpolation_duration: 1}
$data merge entity $(bone_finger_middle_left3) {transformation: [0.4174f,-0.5103f,0.7519f,0.077f,0.851f,-0.0708f,-0.5204f,0.5845f,0.3188f,0.8571f,0.4047f,0.3641f,0f,0f,0f,1f],start_interpolation: 0,interpolation_duration: 1}
$data merge entity $(bone_finger_middle_left1) {transformation: [0.656f,-0.0657f,0.7519f,0.118f,0.6518f,0.5516f,-0.5204f,0.6253f,-0.3806f,0.8315f,0.4047f,0.3403f,0f,0f,0f,1f],start_interpolation: 0,interpolation_duration: 1}
$data merge entity $(bone_finger_pinky_left3) {transformation: [0.3323f,-0.489f,0.8065f,0.1298f,0.8663f,-0.18f,-0.4661f,0.5542f,0.3731f,0.8535f,0.3638f,0.3946f,0f,0f,0f,1f],start_interpolation: 0,interpolation_duration: 1}
$data merge entity $(bone_finger_pinky_left1) {transformation: [0.5912f,-0.0083f,0.8065f,0.1415f,0.6443f,0.6063f,-0.4661f,0.609f,-0.4852f,0.7952f,0.3638f,0.3529f,0f,0f,0f,1f],start_interpolation: 0,interpolation_duration: 1}
$data merge entity $(bone_forearm_left1) {transformation: [0.6392f,0.1615f,0.7519f,0.3572f,0.4252f,0.7405f,-0.5204f,0.6909f,-0.6408f,0.6524f,0.4047f,0.1347f,0f,0f,0f,1f],start_interpolation: 0,interpolation_duration: 1}
$data merge entity $(bone_arm_left1) {transformation: [-0.5609f,0.1615f,0.812f,0.1562f,0.6127f,0.7405f,0.276f,0.8807f,-0.5568f,0.6524f,-0.5143f,0.0409f,0f,0f,0f,1f],start_interpolation: 0,interpolation_duration: 1}
$data merge entity $(bone_chest1) {transformation: [-1f,0f,0f,0f,0f,0.9962f,0.0872f,0.627f,0f,0.0872f,-0.9962f,-0.1068f,0f,0f,0f,1f],start_interpolation: 0,interpolation_duration: 1}
$data merge entity $(bone_torso1) {transformation: [-1f,0f,0f,0f,0f,0.9848f,-0.1736f,0.5564f,0f,-0.1736f,-0.9848f,0.0326f,0f,0f,0f,1f],start_interpolation: 0,interpolation_duration: 1}
$data merge entity $(bone_toe_outer_right3) {transformation: [-0.392f,-0.5925f,0.7038f,-0.4797f,-0.8614f,0.505f,-0.0547f,0.5014f,-0.323f,-0.6277f,-0.7083f,0.3415f,0f,0f,0f,1f],start_interpolation: 0,interpolation_duration: 1}
$data merge entity $(bone_toe_outer_right1) {transformation: [-0.392f,0.0787f,0.9166f,-0.4347f,-0.8614f,0.3184f,-0.3958f,0.4498f,-0.323f,-0.9447f,-0.057f,0.3279f,0f,0f,0f,1f],start_interpolation: 0,interpolation_duration: 1}
$data merge entity $(bone_toe_inner_right3) {transformation: [-0.6819f,-0.5505f,0.4816f,-0.4333f,-0.6741f,0.7286f,-0.1215f,0.5678f,-0.284f,-0.4075f,-0.8679f,0.3678f,0f,0f,0f,1f],start_interpolation: 0,interpolation_duration: 1}
$data merge entity $(bone_toe_inner_right1) {transformation: [-0.6819f,0.0787f,0.7272f,-0.3665f,-0.6741f,0.3184f,-0.6665f,0.5472f,-0.284f,-0.9447f,-0.1641f,0.3664f,0f,0f,0f,1f],start_interpolation: 0,interpolation_duration: 1}
$data merge entity $(bone_toe_back_right1) {transformation: [-0.5452f,0.6458f,0.5345f,-0.2311f,-0.7796f,-0.1562f,-0.6065f,0.3889f,-0.3082f,-0.7474f,0.5886f,0.3243f,0f,0f,0f,1f],start_interpolation: 0,interpolation_duration: 1}
$data merge entity $(bone_foot_right1) {transformation: [-0.5452f,0.0787f,0.8346f,-0.3224f,-0.7796f,0.3184f,-0.5393f,0.4479f,-0.3082f,-0.9447f,-0.1122f,0.3366f,0f,0f,0f,1f],start_interpolation: 0,interpolation_duration: 1}
$data merge entity $(bone_knee_right1) {transformation: [-0.1415f,0.0787f,0.9868f,-0.3656f,-0.9345f,0.3184f,-0.1594f,0.5325f,-0.3268f,-0.9447f,0.0285f,0.1134f,0f,0f,0f,1f],start_interpolation: 0,interpolation_duration: 1}
$data merge entity $(bone_leg_right1) {transformation: [0.0007f,0.8189f,0.574f,-0.125f,-0.9059f,0.2436f,-0.3464f,0.5718f,-0.4234f,-0.5197f,0.742f,0.0298f,0f,0f,0f,1f],start_interpolation: 0,interpolation_duration: 1}
$data merge entity $(bone_toe_outer_left3) {transformation: [-0.14f,0.6115f,-0.7788f,0.438f,0.9395f,0.3303f,0.0905f,0.4521f,0.3126f,-0.719f,-0.6207f,0.3315f,0f,0f,0f,1f],start_interpolation: 0,interpolation_duration: 1}
$data merge entity $(bone_toe_outer_left1) {transformation: [-0.14f,0.0542f,-0.9887f,0.3806f,0.9395f,0.3225f,-0.1154f,0.4155f,0.3126f,-0.945f,-0.0961f,0.3157f,0f,0f,0f,1f],start_interpolation: 0,interpolation_duration: 1}
$data merge entity $(bone_toe_inner_left3) {transformation: [-0.4697f,0.6614f,-0.5847f,0.4117f,0.8434f,0.5319f,-0.0759f,0.5292f,0.2608f,-0.5288f,-0.8077f,0.3563f,0f,0f,0f,1f],start_interpolation: 0,interpolation_duration: 1}
$data merge entity $(bone_toe_inner_left1) {transformation: [-0.4697f,0.0542f,-0.8812f,0.3419f,0.8434f,0.3225f,-0.4298f,0.5287f,0.2608f,-0.945f,-0.1972f,0.3521f,0f,0f,0f,1f],start_interpolation: 0,interpolation_duration: 1}
$data merge entity $(bone_toe_back_left1) {transformation: [-0.3096f,-0.5001f,-0.8087f,0.1684f,0.9052f,0.1054f,-0.4117f,0.4159f,0.2911f,-0.8595f,0.4201f,0.3037f,0f,0f,0f,1f],start_interpolation: 0,interpolation_duration: 1}
$data merge entity $(bone_foot_left1) {transformation: [-0.3096f,0.0542f,-0.9493f,0.2723f,0.9052f,0.3225f,-0.2768f,0.4461f,0.2911f,-0.945f,-0.1489f,0.32f,0f,0f,0f,1f],start_interpolation: 0,interpolation_duration: 1}
$data merge entity $(bone_knee_left1) {transformation: [-0.1415f,0.1367f,-0.9805f,0.3656f,0.9345f,0.3454f,-0.0867f,0.5325f,0.3268f,-0.9285f,-0.1766f,0.1134f,0f,0f,0f,1f],start_interpolation: 0,interpolation_duration: 1}
$data merge entity $(bone_leg_left1) {transformation: [0.0007f,-0.8189f,-0.574f,0.125f,0.9059f,0.2436f,-0.3464f,0.5718f,0.4234f,-0.5197f,0.742f,0.0298f,0f,0f,0f,1f],start_interpolation: 0,interpolation_duration: 1}