# This file was generated by Animated Java via MC-Build. It is not recommended to edit this file directly.
$data merge entity $(bone_tail7) {transformation: [-0.9742f,-0.1707f,0.1479f,0.0764f,-0.0517f,0.8059f,0.5897f,0.3778f,-0.2199f,0.5668f,-0.7939f,-0.7135f,0f,0f,0f,1f],start_interpolation: 0,interpolation_duration: 1}
$data merge entity $(bone_tail6) {transformation: [-0.9827f,-0.0976f,0.1572f,0.0463f,-0.0621f,0.9742f,0.2169f,0.2322f,-0.1743f,0.2034f,-0.9634f,-0.4917f,0f,0f,0f,1f],start_interpolation: 0,interpolation_duration: 1}
$data merge entity $(bone_tail5) {transformation: [-0.9892f,-0.0307f,0.1434f,0.0104f,-0.0554f,0.9837f,-0.1711f,0.275f,-0.1358f,-0.1772f,-0.9748f,-0.248f,0f,0f,0f,1f],start_interpolation: 0,interpolation_duration: 1}
$data merge entity $(bone_tail1) {transformation: [-0.9987f,0.0157f,0.0475f,0f,-0.0087f,0.8808f,-0.4734f,0.4759f,-0.0493f,-0.4732f,-0.8796f,-0.0724f,0f,0f,0f,1f],start_interpolation: 0,interpolation_duration: 1}
$data merge entity $(bone_pad_right1) {transformation: [-1f,0f,0f,-0.1563f,0f,0.9962f,0.0872f,0.7568f,0f,0.0872f,-0.9962f,0.034f,0f,0f,0f,1f],start_interpolation: 0,interpolation_duration: 1}
$data merge entity $(bone_pad_left1) {transformation: [-1f,0f,0f,0.1562f,0f,0.9962f,0.0872f,0.7568f,0f,0.0872f,-0.9962f,0.034f,0f,0f,0f,1f],start_interpolation: 0,interpolation_duration: 1}
$data merge entity $(bone_jaw1) {transformation: [-1f,0f,0f,0f,0f,0.4013f,0.9159f,0.869f,0f,0.9159f,-0.4013f,0.1859f,0f,0f,0f,1f],start_interpolation: 0,interpolation_duration: 1}
$data merge entity $(bone_eye_right1) {transformation: [-0.9063f,0.4226f,0f,-0.125f,0.4144f,0.8886f,0.1966f,0.9976f,0.0831f,0.1782f,-0.9805f,0.2601f,0f,0f,0f,1f],start_interpolation: 0,interpolation_duration: 1}
$data merge entity $(bone_eye_left1) {transformation: [-0.9063f,-0.4226f,0f,0.125f,-0.4144f,0.8886f,0.1966f,0.9976f,-0.0831f,0.1782f,-0.9805f,0.2601f,0f,0f,0f,1f],start_interpolation: 0,interpolation_duration: 1}
$data merge entity $(bone_ear_right1) {transformation: [-0.554f,-0.2588f,-0.7912f,-0.2187f,-0.3066f,0.9471f,-0.0951f,1.1479f,0.774f,0.1899f,-0.6041f,0.0665f,0f,0f,0f,1f],start_interpolation: 0,interpolation_duration: 1}
$data merge entity $(bone_ear_left1) {transformation: [-0.554f,0.2588f,0.7912f,0.2188f,0.3066f,0.9471f,-0.0951f,1.1479f,-0.774f,0.1899f,-0.6041f,0.0665f,0f,0f,0f,1f],start_interpolation: 0,interpolation_duration: 1}
$data merge entity $(bone_head1) {transformation: [-1f,0f,0f,0f,0f,0.9805f,0.1966f,0.8814f,0f,0.1966f,-0.9805f,0.0449f,0f,0f,0f,1f],start_interpolation: 0,interpolation_duration: 1}
$data merge entity $(bone_finger_index_right3) {transformation: [0.3706f,0.55f,-0.7484f,-0.0625f,-0.9056f,0.035f,-0.4227f,0.5297f,-0.2063f,0.8344f,0.5111f,0.3638f,0f,0f,0f,1f],start_interpolation: 0,interpolation_duration: 1}
$data merge entity $(bone_finger_index_right1) {transformation: [0.6596f,0.0696f,-0.7484f,-0.1271f,-0.5553f,0.7163f,-0.4227f,0.5512f,0.5066f,0.6944f,0.5111f,0.3481f,0f,0f,0f,1f],start_interpolation: 0,interpolation_duration: 1}
$data merge entity $(bone_finger_middle_right3) {transformation: [0.4107f,0.3239f,-0.8523f,-0.1213f,-0.8999f,-0.0062f,-0.436f,0.4975f,-0.1465f,0.9461f,0.289f,0.3925f,0f,0f,0f,1f],start_interpolation: 0,interpolation_duration: 1}
$data merge entity $(bone_finger_middle_right1) {transformation: [0.5194f,-0.0614f,-0.8523f,-0.1538f,-0.6407f,0.632f,-0.436f,0.5376f,0.5654f,0.7726f,0.289f,0.3571f,0f,0f,0f,1f],start_interpolation: 0,interpolation_duration: 1}
$data merge entity $(bone_finger_pinky_right3) {transformation: [0.3523f,0.2749f,-0.8946f,-0.1805f,-0.927f,-0.0289f,-0.3739f,0.4667f,-0.1286f,0.961f,0.2446f,0.4062f,0f,0f,0f,1f],start_interpolation: 0,interpolation_duration: 1}
$data merge entity $(bone_finger_pinky_right1) {transformation: [0.4465f,-0.0159f,-0.8946f,-0.1804f,-0.7287f,0.5737f,-0.3739f,0.524f,0.5192f,0.8189f,0.2446f,0.3662f,0f,0f,0f,1f],start_interpolation: 0,interpolation_duration: 1}
$data merge entity $(bone_forearm_right1) {transformation: [0.5043f,-0.1389f,-0.8523f,-0.3581f,-0.5382f,0.7213f,-0.436f,0.6447f,0.6753f,0.6786f,0.289f,0.1323f,0f,0f,0f,1f],start_interpolation: 0,interpolation_duration: 1}
$data merge entity $(bone_arm_right1) {transformation: [-0.5593f,-0.1389f,-0.8172f,-0.1563f,-0.6226f,0.7213f,0.3035f,0.8347f,0.5473f,0.6786f,-0.4899f,0.0409f,0f,0f,0f,1f],start_interpolation: 0,interpolation_duration: 1}
$data merge entity $(bone_finger_index_left3) {transformation: [0.4482f,-0.6556f,0.6077f,0.0267f,0.8453f,0.0897f,-0.5267f,0.577f,0.2908f,0.7498f,0.5944f,0.328f,0f,0f,0f,1f],start_interpolation: 0,interpolation_duration: 1}
$data merge entity $(bone_finger_index_left1) {transformation: [0.7805f,-0.1467f,0.6077f,0.0945f,0.5343f,0.6612f,-0.5267f,0.5939f,-0.3246f,0.7358f,0.5944f,0.3263f,0f,0f,0f,1f],start_interpolation: 0,interpolation_duration: 1}
$data merge entity $(bone_finger_middle_left3) {transformation: [0.4394f,-0.4944f,0.75f,0.0767f,0.8456f,-0.0541f,-0.5311f,0.5376f,0.3031f,0.8675f,0.3943f,0.3636f,0f,0f,0f,1f],start_interpolation: 0,interpolation_duration: 1}
$data merge entity $(bone_finger_middle_left1) {transformation: [0.6603f,-0.0389f,0.75f,0.118f,0.6362f,0.5597f,-0.5311f,0.5773f,-0.3991f,0.8278f,0.3943f,0.3386f,0f,0f,0f,1f],start_interpolation: 0,interpolation_duration: 1}
$data merge entity $(bone_finger_pinky_left3) {transformation: [0.3557f,-0.4752f,0.8048f,0.1295f,0.8629f,-0.1637f,-0.478f,0.5065f,0.3589f,0.8645f,0.3518f,0.3933f,0f,0f,0f,1f],start_interpolation: 0,interpolation_duration: 1}
$data merge entity $(bone_finger_pinky_left1) {transformation: [0.5933f,0.0188f,0.8048f,0.1414f,0.6291f,0.613f,-0.478f,0.5607f,-0.5023f,0.7899f,0.3518f,0.3509f,0f,0f,0f,1f],start_interpolation: 0,interpolation_duration: 1}
$data merge entity $(bone_forearm_left1) {transformation: [0.638f,0.1744f,0.75f,0.356f,0.4237f,0.7338f,-0.5311f,0.6421f,-0.643f,0.6566f,0.3943f,0.1316f,0f,0f,0f,1f],start_interpolation: 0,interpolation_duration: 1}
$data merge entity $(bone_arm_left1) {transformation: [-0.5593f,0.1744f,0.8104f,0.1562f,0.6226f,0.7338f,0.2718f,0.8347f,-0.5473f,0.6566f,-0.519f,0.0409f,0f,0f,0f,1f],start_interpolation: 0,interpolation_duration: 1}
$data merge entity $(bone_chest1) {transformation: [-1f,0f,0f,0f,0f,0.9962f,0.0872f,0.5809f,0f,0.0872f,-0.9962f,-0.1068f,0f,0f,0f,1f],start_interpolation: 0,interpolation_duration: 1}
$data merge entity $(bone_torso1) {transformation: [-1f,0f,0f,0f,0f,0.9848f,-0.1736f,0.5103f,0f,-0.1736f,-0.9848f,0.0326f,0f,0f,0f,1f],start_interpolation: 0,interpolation_duration: 1}
$data merge entity $(bone_toe_outer_right3) {transformation: [-0.3835f,-0.599f,0.7029f,-0.4783f,-0.862f,0.5054f,-0.0396f,0.4483f,-0.3315f,-0.6211f,-0.7102f,0.3414f,0f,0f,0f,1f],start_interpolation: 0,interpolation_duration: 1}
$data merge entity $(bone_toe_outer_right1) {transformation: [-0.3835f,0.0735f,0.9206f,-0.4328f,-0.862f,0.3294f,-0.3854f,0.3972f,-0.3315f,-0.9413f,-0.063f,0.3271f,0f,0f,0f,1f],start_interpolation: 0,interpolation_duration: 1}
$data merge entity $(bone_toe_inner_right3) {transformation: [-0.6753f,-0.559f,0.4811f,-0.4326f,-0.6782f,0.7271f,-0.107f,0.5148f,-0.29f,-0.3985f,-0.8701f,0.3683f,0f,0f,0f,1f],start_interpolation: 0,interpolation_duration: 1}
$data merge entity $(bone_toe_inner_right1) {transformation: [-0.6753f,0.0735f,0.7339f,-0.3656f,-0.6782f,0.3294f,-0.657f,0.495f,-0.29f,-0.9413f,-0.1726f,0.3666f,0f,0f,0f,1f],start_interpolation: 0,interpolation_duration: 1}
$data merge entity $(bone_toe_back_right1) {transformation: [-0.5376f,0.6459f,0.542f,-0.2286f,-0.7819f,-0.1413f,-0.6071f,0.3386f,-0.3156f,-0.7502f,0.581f,0.3225f,0f,0f,0f,1f],start_interpolation: 0,interpolation_duration: 1}
$data merge entity $(bone_foot_right1) {transformation: [-0.5376f,0.0735f,0.84f,-0.3204f,-0.7819f,0.3294f,-0.5292f,0.3965f,-0.3156f,-0.9413f,-0.1196f,0.3356f,0f,0f,0f,1f],start_interpolation: 0,interpolation_duration: 1}
$data merge entity $(bone_knee_right1) {transformation: [-0.1322f,0.0735f,0.9885f,-0.365f,-0.9323f,0.3294f,-0.1492f,0.483f,-0.3365f,-0.9413f,0.0249f,0.1134f,0f,0f,0f,1f],start_interpolation: 0,interpolation_duration: 1}
$data merge entity $(bone_leg_right1) {transformation: [0.0095f,0.8152f,0.5791f,-0.125f,-0.9013f,0.2579f,-0.3482f,0.5257f,-0.4332f,-0.5186f,0.7371f,0.0298f,0f,0f,0f,1f],start_interpolation: 0,interpolation_duration: 1}
$data merge entity $(bone_toe_outer_left3) {transformation: [-0.1307f,0.6164f,-0.7765f,0.4361f,0.9375f,0.3315f,0.1054f,0.3995f,0.3224f,-0.7143f,-0.6212f,0.3308f,0f,0f,0f,1f],start_interpolation: 0,interpolation_duration: 1}
$data merge entity $(bone_toe_outer_left1) {transformation: [-0.1307f,0.0595f,-0.9896f,0.3784f,0.9375f,0.332f,-0.1038f,0.3637f,0.3224f,-0.9414f,-0.0992f,0.3145f,0f,0f,0f,1f],start_interpolation: 0,interpolation_duration: 1}
$data merge entity $(bone_toe_inner_left3) {transformation: [-0.4613f,0.668f,-0.5839f,0.4105f,0.8455f,0.5305f,-0.061f,0.4766f,0.269f,-0.5218f,-0.8095f,0.3564f,0f,0f,0f,1f],start_interpolation: 0,interpolation_duration: 1}
$data merge entity $(bone_toe_inner_left1) {transformation: [-0.4613f,0.0595f,-0.8853f,0.3408f,0.8455f,0.332f,-0.4182f,0.4769f,0.269f,-0.9414f,-0.2034f,0.3521f,0f,0f,0f,1f],start_interpolation: 0,interpolation_duration: 1}
$data merge entity $(bone_toe_back_left1) {transformation: [-0.3005f,-0.4973f,-0.8139f,0.1662f,0.9053f,0.1199f,-0.4076f,0.3664f,0.3003f,-0.8593f,0.4141f,0.3021f,0f,0f,0f,1f],start_interpolation: 0,interpolation_duration: 1}
$data merge entity $(bone_foot_left1) {transformation: [-0.3005f,0.0595f,-0.9519f,0.2703f,0.9053f,0.332f,-0.2651f,0.3954f,0.3003f,-0.9414f,-0.1536f,0.3189f,0f,0f,0f,1f],start_interpolation: 0,interpolation_duration: 1}
$data merge entity $(bone_knee_left1) {transformation: [-0.1322f,0.1422f,-0.981f,0.365f,0.9323f,0.3539f,-0.0744f,0.483f,0.3365f,-0.9244f,-0.1794f,0.1134f,0f,0f,0f,1f],start_interpolation: 0,interpolation_duration: 1}
$data merge entity $(bone_leg_left1) {transformation: [0.0095f,-0.8152f,-0.5791f,0.125f,0.9013f,0.2579f,-0.3482f,0.5257f,0.4332f,-0.5186f,0.7371f,0.0298f,0f,0f,0f,1f],start_interpolation: 0,interpolation_duration: 1}