# This file was generated by Animated Java via MC-Build. It is not recommended to edit this file directly.
$data merge entity $(bone_tail7) {transformation: [-0.9784f,0.1814f,-0.0987f,-0.1171f,0.0826f,0.7817f,0.6181f,0.4001f,0.1893f,0.5966f,-0.7799f,-0.6995f,0f,0f,0f,1f],start_interpolation: 0,interpolation_duration: 1}
$data merge entity $(bone_tail6) {transformation: [-0.9755f,0.1159f,-0.187f,-0.0812f,0.0794f,0.9782f,0.1918f,0.2604f,0.2051f,0.1722f,-0.9635f,-0.4748f,0f,0f,0f,1f],start_interpolation: 0,interpolation_duration: 1}
$data merge entity $(bone_tail5) {transformation: [-0.9724f,0.0304f,-0.2312f,-0.0234f,0.0824f,0.9723f,-0.2189f,0.3152f,0.2181f,-0.2319f,-0.948f,-0.2378f,0f,0f,0f,1f],start_interpolation: 0,interpolation_duration: 1}
$data merge entity $(bone_tail1) {transformation: [-0.9932f,-0.0415f,-0.1092f,0f,0.0203f,0.8593f,-0.5111f,0.5235f,0.1151f,-0.5098f,-0.8525f,-0.0724f,0f,0f,0f,1f],start_interpolation: 0,interpolation_duration: 1}
$data merge entity $(bone_pad_right1) {transformation: [-1f,0f,0f,-0.1563f,0f,0.9962f,0.0872f,0.8044f,0f,0.0872f,-0.9962f,0.034f,0f,0f,0f,1f],start_interpolation: 0,interpolation_duration: 1}
$data merge entity $(bone_pad_left1) {transformation: [-1f,0f,0f,0.1562f,0f,0.9962f,0.0872f,0.8044f,0f,0.0872f,-0.9962f,0.034f,0f,0f,0f,1f],start_interpolation: 0,interpolation_duration: 1}
$data merge entity $(bone_jaw1) {transformation: [-1f,0f,0f,0f,0f,0.4259f,0.9048f,0.9204f,0f,0.9048f,-0.4259f,0.1862f,0f,0f,0f,1f],start_interpolation: 0,interpolation_duration: 1}
$data merge entity $(bone_eye_right1) {transformation: [-0.9063f,0.4226f,0f,-0.125f,0.4165f,0.8931f,0.1701f,1.0509f,0.0719f,0.1541f,-0.9854f,0.2569f,0f,0f,0f,1f],start_interpolation: 0,interpolation_duration: 1}
$data merge entity $(bone_eye_left1) {transformation: [-0.9063f,-0.4226f,0f,0.125f,-0.4165f,0.8931f,0.1701f,1.0509f,-0.0719f,0.1541f,-0.9854f,0.2569f,0f,0f,0f,1f],start_interpolation: 0,interpolation_duration: 1}
$data merge entity $(bone_ear_right1) {transformation: [-0.554f,-0.2588f,-0.7912f,-0.2187f,-0.2856f,0.9519f,-0.1114f,1.196f,0.782f,0.1643f,-0.6013f,0.0593f,0f,0f,0f,1f],start_interpolation: 0,interpolation_duration: 1}
$data merge entity $(bone_ear_left1) {transformation: [-0.554f,0.2588f,0.7912f,0.2188f,0.2856f,0.9519f,-0.1114f,1.196f,-0.782f,0.1643f,-0.6013f,0.0593f,0f,0f,0f,1f],start_interpolation: 0,interpolation_duration: 1}
$data merge entity $(bone_head1) {transformation: [-1f,0f,0f,0f,0f,0.9854f,0.1701f,0.9289f,0f,0.1701f,-0.9854f,0.0449f,0f,0f,0f,1f],start_interpolation: 0,interpolation_duration: 1}
$data merge entity $(bone_finger_index_right3) {transformation: [0.3471f,0.5689f,-0.7456f,-0.0629f,-0.9101f,0.0124f,-0.4142f,0.5783f,-0.2264f,0.8223f,0.5221f,0.3645f,0f,0f,0f,1f],start_interpolation: 0,interpolation_duration: 1}
$data merge entity $(bone_finger_index_right1) {transformation: [0.6589f,0.0998f,-0.7456f,-0.1274f,-0.5755f,0.7051f,-0.4142f,0.6013f,0.4844f,0.702f,0.5221f,0.3505f,0f,0f,0f,1f],start_interpolation: 0,interpolation_duration: 1}
$data merge entity $(bone_finger_middle_right3) {transformation: [0.3886f,0.3445f,-0.8546f,-0.1217f,-0.906f,-0.0257f,-0.4224f,0.547f,-0.1675f,0.9384f,0.3022f,0.394f,0f,0f,0f,1f],start_interpolation: 0,interpolation_duration: 1}
$data merge entity $(bone_finger_middle_right1) {transformation: [0.5184f,-0.0312f,-0.8546f,-0.1541f,-0.6589f,0.6225f,-0.4224f,0.5881f,0.5451f,0.782f,0.3022f,0.3599f,0f,0f,0f,1f],start_interpolation: 0,interpolation_duration: 1}
$data merge entity $(bone_finger_pinky_right3) {transformation: [0.33f,0.2954f,-0.8966f,-0.1812f,-0.9322f,-0.0477f,-0.3588f,0.5172f,-0.1487f,0.9542f,0.2596f,0.4087f,0f,0f,0f,1f],start_interpolation: 0,interpolation_duration: 1}
$data merge entity $(bone_finger_pinky_right1) {transformation: [0.4427f,0.0141f,-0.8966f,-0.1808f,-0.7447f,0.5627f,-0.3588f,0.5749f,0.4994f,0.8266f,0.2596f,0.3694f,0f,0f,0f,1f],start_interpolation: 0,interpolation_duration: 1}
$data merge entity $(bone_forearm_right1) {transformation: [0.5047f,-0.1226f,-0.8546f,-0.3595f,-0.5381f,0.7294f,-0.4224f,0.6957f,0.6751f,0.673f,0.3022f,0.1363f,0f,0f,0f,1f],start_interpolation: 0,interpolation_duration: 1}
$data merge entity $(bone_arm_right1) {transformation: [-0.5612f,-0.1226f,-0.8185f,-0.1563f,-0.6102f,0.7294f,0.3092f,0.8822f,0.5592f,0.673f,-0.4841f,0.0409f,0f,0f,0f,1f],start_interpolation: 0,interpolation_duration: 1}
$data merge entity $(bone_finger_index_left3) {transformation: [0.4208f,-0.6758f,0.6051f,0.0271f,0.8523f,0.0661f,-0.5188f,0.6249f,0.3106f,0.7341f,0.6038f,0.3278f,0f,0f,0f,1f],start_interpolation: 0,interpolation_duration: 1}
$data merge entity $(bone_finger_index_left1) {transformation: [0.7754f,-0.1803f,0.6051f,0.0945f,0.5559f,0.6494f,-0.5188f,0.6434f,-0.2994f,0.7387f,0.6038f,0.3279f,0f,0f,0f,1f],start_interpolation: 0,interpolation_duration: 1}
$data merge entity $(bone_finger_middle_left3) {transformation: [0.4117f,-0.5142f,0.7524f,0.0771f,0.8522f,-0.0752f,-0.5177f,0.5863f,0.3228f,0.8543f,0.4073f,0.3642f,0f,0f,0f,1f],start_interpolation: 0,interpolation_duration: 1}
$data merge entity $(bone_finger_middle_left1) {transformation: [0.6547f,-0.0725f,0.7524f,0.118f,0.6558f,0.5495f,-0.5177f,0.6273f,-0.3759f,0.8324f,0.4073f,0.3407f,0f,0f,0f,1f],start_interpolation: 0,interpolation_duration: 1}
$data merge entity $(bone_finger_pinky_left3) {transformation: [0.3263f,-0.4924f,0.8069f,0.1298f,0.867f,-0.1842f,-0.463f,0.5561f,0.3766f,0.8507f,0.3668f,0.3949f,0f,0f,0f,1f],start_interpolation: 0,interpolation_duration: 1}
$data merge entity $(bone_finger_pinky_left1) {transformation: [0.5905f,-0.0152f,0.8069f,0.1415f,0.6482f,0.6045f,-0.463f,0.6111f,-0.4808f,0.7964f,0.3668f,0.3534f,0f,0f,0f,1f],start_interpolation: 0,interpolation_duration: 1}
$data merge entity $(bone_forearm_left1) {transformation: [0.6395f,0.1581f,0.7524f,0.3575f,0.4256f,0.7422f,-0.5177f,0.6931f,-0.6403f,0.6513f,0.4073f,0.1355f,0f,0f,0f,1f],start_interpolation: 0,interpolation_duration: 1}
$data merge entity $(bone_arm_left1) {transformation: [-0.5612f,0.1581f,0.8124f,0.1562f,0.6102f,0.7422f,0.2771f,0.8822f,-0.5592f,0.6513f,-0.513f,0.0409f,0f,0f,0f,1f],start_interpolation: 0,interpolation_duration: 1}
$data merge entity $(bone_chest1) {transformation: [-1f,0f,0f,0f,0f,0.9962f,0.0872f,0.6285f,0f,0.0872f,-0.9962f,-0.1068f,0f,0f,0f,1f],start_interpolation: 0,interpolation_duration: 1}
$data merge entity $(bone_torso1) {transformation: [-1f,0f,0f,0f,0f,0.9848f,-0.1736f,0.5579f,0f,-0.1736f,-0.9848f,0.0326f,0f,0f,0f,1f],start_interpolation: 0,interpolation_duration: 1}
$data merge entity $(bone_toe_outer_right3) {transformation: [-0.3942f,-0.5908f,0.704f,-0.4801f,-0.8612f,0.5049f,-0.0585f,0.5047f,-0.3208f,-0.6293f,-0.7078f,0.3415f,0f,0f,0f,1f],start_interpolation: 0,interpolation_duration: 1}
$data merge entity $(bone_toe_outer_right1) {transformation: [-0.3942f,0.08f,0.9155f,-0.4351f,-0.8612f,0.3156f,-0.3984f,0.4529f,-0.3208f,-0.9455f,-0.0555f,0.328f,0f,0f,0f,1f],start_interpolation: 0,interpolation_duration: 1}
$data merge entity $(bone_toe_inner_right3) {transformation: [-0.6836f,-0.5484f,0.4817f,-0.4335f,-0.673f,0.729f,-0.1251f,0.5711f,-0.2825f,-0.4097f,-0.8674f,0.3676f,0f,0f,0f,1f],start_interpolation: 0,interpolation_duration: 1}
$data merge entity $(bone_toe_inner_right1) {transformation: [-0.6836f,0.08f,0.7255f,-0.3667f,-0.673f,0.3156f,-0.6689f,0.5503f,-0.2825f,-0.9455f,-0.1619f,0.3663f,0f,0f,0f,1f],start_interpolation: 0,interpolation_duration: 1}
$data merge entity $(bone_toe_back_right1) {transformation: [-0.5472f,0.6457f,0.5326f,-0.2317f,-0.7789f,-0.16f,-0.6064f,0.3915f,-0.3063f,-0.7466f,0.5905f,0.3248f,0f,0f,0f,1f],start_interpolation: 0,interpolation_duration: 1}
$data merge entity $(bone_foot_right1) {transformation: [-0.5472f,0.08f,0.8332f,-0.3228f,-0.7789f,0.3156f,-0.5419f,0.4508f,-0.3063f,-0.9455f,-0.1104f,0.3368f,0f,0f,0f,1f],start_interpolation: 0,interpolation_duration: 1}
$data merge entity $(bone_knee_right1) {transformation: [-0.1438f,0.08f,0.9864f,-0.3657f,-0.935f,0.3156f,-0.1619f,0.5349f,-0.3243f,-0.9455f,0.0294f,0.1134f,0f,0f,0f,1f],start_interpolation: 0,interpolation_duration: 1}
$data merge entity $(bone_leg_right1) {transformation: [-0.0015f,0.8197f,0.5727f,-0.125f,-0.9071f,0.24f,-0.3459f,0.5733f,-0.421f,-0.52f,0.7432f,0.0298f,0f,0f,0f,1f],start_interpolation: 0,interpolation_duration: 1}
$data merge entity $(bone_toe_outer_left3) {transformation: [-0.1424f,0.6102f,-0.7793f,0.4385f,0.94f,0.33f,0.0867f,0.4553f,0.3101f,-0.7202f,-0.6206f,0.3317f,0f,0f,0f,1f],start_interpolation: 0,interpolation_duration: 1}
$data merge entity $(bone_toe_outer_left1) {transformation: [-0.1424f,0.0529f,-0.9884f,0.3812f,0.94f,0.32f,-0.1183f,0.4185f,0.3101f,-0.9459f,-0.0953f,0.316f,0f,0f,0f,1f],start_interpolation: 0,interpolation_duration: 1}
$data merge entity $(bone_toe_inner_left3) {transformation: [-0.4719f,0.6597f,-0.5849f,0.4119f,0.8428f,0.5322f,-0.0797f,0.5323f,0.2588f,-0.5306f,-0.8072f,0.3563f,0f,0f,0f,1f],start_interpolation: 0,interpolation_duration: 1}
$data merge entity $(bone_toe_inner_left1) {transformation: [-0.4719f,0.0529f,-0.8801f,0.3422f,0.8428f,0.32f,-0.4327f,0.5316f,0.2588f,-0.9459f,-0.1956f,0.3521f,0f,0f,0f,1f],start_interpolation: 0,interpolation_duration: 1}
$data merge entity $(bone_toe_back_left1) {transformation: [-0.3119f,-0.5008f,-0.8074f,0.169f,0.9052f,0.1017f,-0.4127f,0.4182f,0.2888f,-0.8596f,0.4216f,0.3041f,0f,0f,0f,1f],start_interpolation: 0,interpolation_duration: 1}
$data merge entity $(bone_foot_left1) {transformation: [-0.3119f,0.0529f,-0.9487f,0.2727f,0.9052f,0.32f,-0.2797f,0.4488f,0.2888f,-0.9459f,-0.1477f,0.3202f,0f,0f,0f,1f],start_interpolation: 0,interpolation_duration: 1}
$data merge entity $(bone_knee_left1) {transformation: [-0.1438f,0.1354f,-0.9803f,0.3657f,0.935f,0.3432f,-0.0898f,0.5349f,0.3243f,-0.9295f,-0.1759f,0.1134f,0f,0f,0f,1f],start_interpolation: 0,interpolation_duration: 1}
$data merge entity $(bone_leg_left1) {transformation: [-0.0015f,-0.8197f,-0.5727f,0.125f,0.9071f,0.24f,-0.3459f,0.5733f,0.421f,-0.52f,0.7432f,0.0298f,0f,0f,0f,1f],start_interpolation: 0,interpolation_duration: 1}