# This file was generated by Animated Java via MC-Build. It is not recommended to edit this file directly.
$data merge entity $(bone_shell2) { transformation: [-1.1979166666666667f,1.9646655652490605e-17f,1.4540351700130177e-16f,-0.049999999999999954f,-2.560441316875067e-18f,1.1841491256028969f,-0.18109441905169876f,1.205414269058929f,-1.4670248114786003e-16f,-0.18109441905169876f,-1.1841491256028969f,-0.4024967627914581f,0f,0f,0f,1f], start_interpolation: 0, interpolation_duration: 1 }
$data merge entity $(bone_shell) { transformation: [-1.2604166666666667f,5.256749044465112e-19f,1.5437913671273557e-16f,-0.05000000000000008f,-2.694029559494636e-18f,1.260142537445903f,-0.026286097666108992f,0.9919453292524301f,-1.5435652364253098e-16f,-0.026286097666108992f,-1.260142537445903f,0.6021736569795678f,0f,0f,0f,1f], start_interpolation: 0, interpolation_duration: 1 }
$data merge entity $(bone_pupil_right2) { transformation: [-0.9999912565872452f,0.004172265901897416f,-0.00028097385362711486f,-0.371124691283687f,0.004127157823032669f,0.9955324281821519f,0.09433001116321482f,2.3826733826847426f,0.0006732884718589811f,0.09432802677355404f,-0.9955409434310782f,1.4234363729683825f,0f,0f,0f,1f], start_interpolation: 0, interpolation_duration: 1 }
$data merge entity $(bone_pupil_right) { transformation: [-0.9999912565872452f,0.004172265901897416f,-0.00028097385362711486f,-0.36995745473352176f,0.004127157823032669f,0.9955324281821519f,0.09433001116321482f,2.3730086552448184f,0.0006732884718589811f,0.09432802677355404f,-0.9955409434310782f,1.3597403469750136f,0f,0f,0f,1f], start_interpolation: 0, interpolation_duration: 1 }
$data merge entity $(bone_eyelid_right) { transformation: [-0.9999912565872452f,0.004172265901897416f,-0.00028097385362711486f,-0.33357738837279993f,0.004127157823032669f,0.9955324281821519f,0.09433001116321482f,2.4039694341544258f,0.0006732884718589811f,0.09432802677355404f,-0.9955409434310782f,1.3626636911045822f,0f,0f,0f,1f], start_interpolation: 0, interpolation_duration: 1 }
$data merge entity $(bone_eye_right) { transformation: [-0.9999912565872452f,0.004172265901897416f,-0.00028097385362711486f,-0.3698270714240875f,0.004127157823032669f,0.9955324281821519f,0.09433001116321482f,2.404119043625511f,0.0006732884718589811f,0.09432802677355404f,-0.9955409434310782f,1.362688097811687f,0f,0f,0f,1f], start_interpolation: 0, interpolation_duration: 1 }
$data merge entity $(bone_pupil_left2) { transformation: [-0.9999912565872452f,0.004172265901897416f,-0.00028097385362711486f,0.32136925390298027f,0.004127157823032669f,0.9955324281821519f,0.09433001116321482f,2.379815325892292f,0.0006732884718589811f,0.09432802677355404f,-0.9955409434310782f,1.4229701207016203f,0f,0f,0f,1f], start_interpolation: 0, interpolation_duration: 1 }
$data merge entity $(bone_pupil_left) { transformation: [-0.9999912565872452f,0.004172265901897416f,-0.00028097385362711486f,0.32003651231167735f,0.004127157823032669f,0.9955324281821519f,0.09433001116321482f,2.3701609163469257f,0.0006732884718589811f,0.09432802677355404f,-0.9955409434310782f,1.3592757779294309f,0f,0f,0f,1f], start_interpolation: 0, interpolation_duration: 1 }
$data merge entity $(bone_eyelid_left) { transformation: [-0.9999912565872452f,0.004172265901897416f,-0.00028097385362711486f,0.28391721256982405f,0.004127157823032669f,0.9955324281821519f,0.09433001116321482f,2.4014209141987033f,0.0006732884718589811f,0.09432802677355404f,-0.9955409434310782f,1.3622479354732093f,0f,0f,0f,1f], start_interpolation: 0, interpolation_duration: 1 }
$data merge entity $(bone_eye_left) { transformation: [-0.9999912565872452f,0.004172265901897416f,-0.00028097385362711486f,0.3201668956211116f,0.004127157823032669f,0.9955324281821519f,0.09433001116321482f,2.401271304727618f,0.0006732884718589811f,0.09432802677355404f,-0.9955409434310782f,1.3622235287661044f,0f,0f,0f,1f], start_interpolation: 0, interpolation_duration: 1 }
$data merge entity $(bone_muzzle2) { transformation: [-0.9999912565872452f,0.004180877655404724f,0.0000837322703348592f,-0.024343668206548593f,0.004127157823032669f,0.9835227245471364f,0.1807374251993249f,2.483682764664676f,0.0006732884718589811f,0.18073619051371073f,-0.9835313803439245f,1.5884612785235084f,0f,0f,0f,1f], start_interpolation: 0, interpolation_duration: 1 }
$data merge entity $(bone_muzzle) { transformation: [-0.9999912565872452f,0.004172265901897416f,-0.00028097385362711486f,-0.02390993929806989f,0.004127157823032669f,0.9955324281821519f,0.09433001116321482f,2.63760244667595f,0.0006732884718589811f,0.09432802677355404f,-0.9955409434310782f,1.2891457370479906f,0f,0f,0f,1f], start_interpolation: 0, interpolation_duration: 1 }
$data merge entity $(bone_tongue) { transformation: [-0.9999912565872452f,0.004131900685593637f,-0.0006435415969063352f,-0.026125122212194832f,0.004127157823032669f,0.999965528919786f,0.007204688784134654f,2.106595905961818f,0.0006732884718589811f,0.007201969792830769f,-0.9999738388146645f,1.2540705081325911f,0f,0f,0f,1f], start_interpolation: 0, interpolation_duration: 1 }
$data merge entity $(bone_jaw) { transformation: [-0.9999912565872452f,0.004131900685593637f,-0.0006435415969063352f,-0.02597588964086671f,0.004127157823032669f,0.999965528919786f,0.007204688784134654f,2.137619682216057f,0.0006732884718589811f,0.007201969792830769f,-0.9999738388146645f,1.2855447521515753f,0f,0f,0f,1f], start_interpolation: 0, interpolation_duration: 1 }
$data merge entity $(bone_ear_left) { transformation: [-0.9010260198463509f,-0.21986498183938954f,-0.37391376187646314f,0.3252704502886637f,-0.2058848204700855f,0.9755039633689854f,-0.07748198597997778f,2.4818270730024574f,0.3817899321090645f,0.007169882297899807f,-0.9242213157723587f,1.022166727367565f,0f,0f,0f,1f], start_interpolation: 0, interpolation_duration: 1 }
$data merge entity $(bone_ear_right) { transformation: [-0.899809189403382f,0.22791899433028243f,0.37201660539376674f,-0.37472342932240793f,0.2133172165764401f,0.9736558720700831f,-0.08056058524815886f,2.48471608347858f,-0.3805774399216392f,0.0068683918728063625f,-0.9247235464806617f,1.0226380292978663f,0f,0f,0f,1f], start_interpolation: 0, interpolation_duration: 1 }
$data merge entity $(bone_head_angle) { transformation: [-0.9999912565872452f,0.004131900685593637f,-0.0006435415969063352f,-0.025668966651205598f,0.004127157823032669f,0.999965528919786f,0.007204688784134654f,2.2322670366503035f,0.0006732884718589811f,0.007201969792830769f,-0.9999738388146645f,1.16122320696782f,0f,0f,0f,1f], start_interpolation: 0, interpolation_duration: 1 }
$data merge entity $(bone_neck3) { transformation: [-0.9997676101167784f,0.0215394892000457f,-0.0008810030570814724f,-0.041233068550339834f,0.021556487421212425f,0.9984896067689047f,-0.050535364098190996f,1.5098649414009477f,-0.0002088335331858805f,-0.05054261152214766f,-0.9987218836137899f,1.103920532410571f,0f,0f,0f,1f], start_interpolation: 0, interpolation_duration: 1 }
$data merge entity $(bone_neck2) { transformation: [-0.9999776554782372f,0.006339546041319279f,0.0021210139645341285f,-0.04410604247300456f,0.00650273524437392f,0.9960352964014393f,0.08872092626228772f,1.0699407058067734f,-0.001550154375968077f,0.08873273622788108f,-0.9960542648585587f,1.111790003976118f,0f,0f,0f,1f], start_interpolation: 0, interpolation_duration: 1 }
$data merge entity $(bone_chest2) { transformation: [-0.9999776554782372f,0.005127498575969314f,0.004289207689211189f,-0.05000000000000013f,0.00650273524437392f,0.894881572432376f,0.4462563005216841f,0.14049148131976674f,-0.001550154375968077f,0.4462742207200765f,-0.8948949194973113f,1.0149374563061062f,0f,0f,0f,1f], start_interpolation: 0, interpolation_duration: 1 }
$data merge entity $(bone_chest) { transformation: [-1f,2.631884457157172e-17f,1.1962225870041484e-16f,-0.050000000000000065f,-2.1374118819130994e-18f,0.972742673614945f,-0.23188723752817553f,-0.005850345994788064f,-1.2246467991473532e-16f,-0.23188723752817553f,-0.972742673614945f,0.5358125956713892f,0f,0f,0f,1f], start_interpolation: 0, interpolation_duration: 1 }
$data merge entity $(bone_tail2) { transformation: [-1f,-1.818251559658084e-17f,1.211262254127966e-16f,-0.049999999999999864f,-2.1374118819130994e-18f,0.9913600206958921f,0.1311690106917023f,0.42957037139233056f,-1.2246467991473532e-16f,0.1311690106917023f,-0.9913600206958921f,-1.1336843390307099f,0f,0f,0f,1f], start_interpolation: 0, interpolation_duration: 1 }
$data merge entity $(bone_tail) { transformation: [-1f,-1.3855686347998382e-17f,1.2169710888923128e-16f,-0.04999999999999991f,-2.1374118819130994e-18f,0.9954037597481722f,0.09576719208164526f,0.6425086142987566f,-1.2246467991473532e-16f,0.09576719208164526f,-0.9954037597481722f,-0.7364661311047341f,0f,0f,0f,1f], start_interpolation: 0, interpolation_duration: 1 }
$data merge entity $(bone_torso) { transformation: [-1f,-1.0259586463903126e-17f,1.2205288706852132e-16f,-0.049999999999999996f,-2.1374118819130994e-18f,0.9977956752472181f,0.06636106130817856f,0.6280664995008594f,-1.2246467991473532e-16f,0.06636106130817856f,-0.9977956752472181f,-0.048407821206391075f,0f,0f,0f,1f], start_interpolation: 0, interpolation_duration: 1 }
$data merge entity $(bone_leg_front_left4) { transformation: [-0.7206422683458137f,0.6823078871331933f,-0.12300678123273648f,1.6828750652186655f,0.6345585384293885f,0.7205882140027303f,0.2794424576665354f,-0.22058423082450107f,0.2793030296644828f,0.1233230432489923f,-0.9522506207002693f,0.5921461098806974f,0f,0f,0f,1f], start_interpolation: 0, interpolation_duration: 1 }
$data merge entity $(bone_leg_front_left3) { transformation: [-0.8619087267691015f,0.5070476755105945f,0.0040001848169380905f,1.340647264898571f,0.500670061704206f,0.8497659235393134f,0.16500716500953577f,-0.003909425701865588f,0.0802672787153849f,0.1442238882802726f,-0.9862842561944027f,0.6270081901132017f,0f,0f,0f,1f], start_interpolation: 0, interpolation_duration: 1 }
$data merge entity $(bone_leg_front_left2) { transformation: [-0.9174024663270217f,0.36712015359911393f,0.15360829273988097f,0.7730069758441687f,0.38134698709643616f,0.9213387966526745f,0.07555989157663065f,0.24882835993110503f,-0.11378572058728864f,0.12789689051718428f,-0.9852386488493369f,0.5578905036604773f,0f,0f,0f,1f], start_interpolation: 0, interpolation_duration: 1 }
$data merge entity $(bone_leg_front_left) { transformation: [-0.9051747467162002f,0.32657824460455176f,0.27203920316430924f,0.5749999999999998f,0.3459463370675598f,0.9379174953613238f,0.025137696089325756f,0.32450412116463373f,-0.24694090340970448f,0.11686497356415478f,-0.9619577787912775f,0.5038721810396045f,0f,0f,0f,1f], start_interpolation: 0, interpolation_duration: 1 }
$data merge entity $(bone_leg_back_left4) { transformation: [-0.33093515926634076f,0.7358432753721398f,-0.5907762642921284f,0.955499133689345f,0.6845124315745693f,0.6181293721986775f,0.3864696757122595f,-0.18849059243910865f,0.6495572733648911f,-0.27649729350369784f,-0.7082546119185515f,-0.9346195842038003f,0f,0f,0f,1f], start_interpolation: 0, interpolation_duration: 1 }
$data merge entity $(bone_leg_back_left3) { transformation: [-0.48372657469481567f,0.7147286896317323f,-0.5051450298194841f,0.8496839454748542f,0.7232541322587213f,0.651453968798273f,0.22915319484498253f,-0.03027875100751337f,0.4928610971711044f,-0.25450074018415986f,-0.8320560751181436f,-0.8268062191976212f,0f,0f,0f,1f], start_interpolation: 0, interpolation_duration: 1 }
$data merge entity $(bone_leg_back_left2) { transformation: [-0.6223827246597298f,0.6325032980922015f,-0.46106325156925954f,0.6162904237274555f,0.640098379547743f,0.7503119397007405f,0.16524544666303445f,0.20975814132289022f,0.4504595526187499f,-0.192279928866743f,-0.8718455255430951f,-0.65788388696559f,0f,0f,0f,1f], start_interpolation: 0, interpolation_duration: 1 }
$data merge entity $(bone_leg_back_left) { transformation: [-0.773764519759524f,0.509903454149276f,-0.3758815443832675f,0.5437500000000001f,0.520994646714303f,0.8497760618635889f,0.08028214483089335f,0.2586013894523561f,0.3603512814690018f,-0.13371279718204634f,-0.9231835363639243f,-0.624100954327871f,0f,0f,0f,1f], start_interpolation: 0, interpolation_duration: 1 }
$data merge entity $(bone_leg_front_right4) { transformation: [-0.7206422683458137f,-0.6823078871331933f,0.12300678123273664f,-1.7828750652186658f,-0.6345585384293885f,0.7205882140027303f,0.2794424576665354f,-0.22058423082450107f,-0.27930302966448295f,0.12332304324899215f,-0.9522506207002692f,0.5921461098806969f,0f,0f,0f,1f], start_interpolation: 0, interpolation_duration: 1 }
$data merge entity $(bone_leg_front_right3) { transformation: [-0.8619087267691015f,-0.5070476755105945f,-0.004000184816937924f,-1.4406472648985713f,-0.500670061704206f,0.8497659235393134f,0.16500716500953577f,-0.003909425701865588f,-0.08026727871538511f,0.1442238882802725f,-0.9862842561944027f,0.6270081901132014f,0f,0f,0f,1f], start_interpolation: 0, interpolation_duration: 1 }
$data merge entity $(bone_leg_front_right2) { transformation: [-0.9174024663270217f,-0.36712015359911393f,-0.1536082927398808f,-0.873006975844169f,-0.38134698709643616f,0.9213387966526745f,0.07555989157663065f,0.24882835993110503f,0.11378572058728842f,0.1278968905171842f,-0.985238648849337f,0.5578905036604772f,0f,0f,0f,1f], start_interpolation: 0, interpolation_duration: 1 }
$data merge entity $(bone_leg_front_right) { transformation: [-0.9051747467162002f,-0.32657824460455176f,-0.272039203164309f,-0.6750000000000002f,-0.3459463370675598f,0.9379174953613238f,0.025137696089325756f,0.32450412116463373f,0.24694090340970426f,0.11686497356415469f,-0.9619577787912776f,0.5038721810396044f,0f,0f,0f,1f], start_interpolation: 0, interpolation_duration: 1 }
$data merge entity $(bone_leg_back_right4) { transformation: [-0.3309351592663406f,-0.7358432753721398f,0.5907762642921286f,-1.055499133689345f,-0.6845124315745693f,0.6181293721986775f,0.3864696757122595f,-0.18849059243910865f,-0.6495572733648911f,-0.276497293503698f,-0.7082546119185514f,-0.9346195842038004f,0f,0f,0f,1f], start_interpolation: 0, interpolation_duration: 1 }
$data merge entity $(bone_leg_back_right3) { transformation: [-0.4837265746948156f,-0.7147286896317323f,0.5051450298194843f,-0.949683945474854f,-0.7232541322587213f,0.651453968798273f,0.22915319484498253f,-0.03027875100751337f,-0.4928610971711045f,-0.25450074018416f,-0.8320560751181435f,-0.8268062191976213f,0f,0f,0f,1f], start_interpolation: 0, interpolation_duration: 1 }
$data merge entity $(bone_leg_back_right2) { transformation: [-0.6223827246597298f,-0.6325032980922015f,0.46106325156925976f,-0.7162904237274553f,-0.640098379547743f,0.7503119397007405f,0.16524544666303445f,0.20975814132289022f,-0.4504595526187501f,-0.19227992886674317f,-0.871845525543095f,-0.6578838869655901f,0f,0f,0f,1f], start_interpolation: 0, interpolation_duration: 1 }
$data merge entity $(bone_leg_back_right) { transformation: [-0.773764519759524f,-0.509903454149276f,0.3758815443832677f,-0.6437499999999999f,-0.520994646714303f,0.8497760618635889f,0.08028214483089335f,0.2586013894523561f,-0.360351281469002f,-0.13371279718204648f,-0.9231835363639241f,-0.6241009543278712f,0f,0f,0f,1f], start_interpolation: 0, interpolation_duration: 1 }