# This file was generated by Animated Java via MC-Build. It is not recommended to edit this file directly.
$data merge entity $(bone_shell2) { transformation: [-1.1978790619254538f,0.009380778165842162f,-0.0014471625258359081f,-0.037272062214887505f,0.009491747909259118f,1.1838744409202155f,-0.18263503260670486f,1.1697208188601895f,-1.4668164109710838e-16f,-0.1826407660261759f,-1.18391160601759f,-0.4188783182329623f,0f,0f,0f,1f], start_interpolation: 0, interpolation_duration: 1 }
$data merge entity $(bone_shell) { transformation: [-1.2603770999389556f,0.009984516935566647f,-0.0002213190964129546f,-0.03895309525451235f,0.009986969539307418f,1.260067576056067f,-0.02793094740104801f,0.9575708229034878f,-1.543345962847836e-16f,-0.027931824230840126f,-1.2601071330669662f,0.5860700356482167f,0f,0f,0f,1f], start_interpolation: 0, interpolation_duration: 1 }
$data merge entity $(bone_pupil_right2) { transformation: [-0.9999982844255024f,-0.0005486862095207966f,-0.0017692058939182771f,-0.35566222173961237f,-0.0007228649908414507f,0.9949867394420288f,0.10000432890993155f,2.3403285224642323f,0.0017054654076261067f,0.10000543624205724f,-0.9949854290942048f,1.4598886131895423f,0f,0f,0f,1f], start_interpolation: 0, interpolation_duration: 1 }
$data merge entity $(bone_pupil_right) { transformation: [-0.9999982844255024f,-0.0005486862095207966f,-0.0017692058939182771f,-0.3545142260304266f,-0.0007228649908414507f,0.9949867394420288f,0.10000432890993155f,2.3310330287985597f,0.0017054654076261067f,0.10000543624205724f,-0.9949854290942048f,1.396137307098113f,0f,0f,0f,1f], start_interpolation: 0, interpolation_duration: 1 }
$data merge entity $(bone_eyelid_right) { transformation: [-0.9999982844255024f,-0.0005486862095207966f,-0.0017692058939182771f,-0.31828143466404973f,-0.0007228649908414507f,0.9949867394420288f,0.10000432890993155f,2.362152568262041f,0.0017054654076261067f,0.10000543624205724f,-0.9949854290942048f,1.3992006538596506f,0f,0f,0f,1f], start_interpolation: 0, interpolation_duration: 1 }
$data merge entity $(bone_eye_right) { transformation: [-0.9999982844255024f,-0.0005486862095207966f,-0.0017692058939182771f,-0.35453137247447414f,-0.0007228649908414507f,0.9949867394420288f,0.10000432890993155f,2.362126364406123f,0.0017054654076261067f,0.10000543624205724f,-0.9949854290942048f,1.3992624769806772f,0f,0f,0f,1f], start_interpolation: 0, interpolation_duration: 1 }
$data merge entity $(bone_pupil_left2) { transformation: [-0.9999982844255024f,-0.0005486862095207966f,-0.0017692058939182771f,0.336836590225048f,-0.0007228649908414507f,0.9949867394420288f,0.10000432890993155f,2.34082910647039f,0.0017054654076261067f,0.10000543624205724f,-0.9949854290942048f,1.4587075783947616f,0f,0f,0f,1f], start_interpolation: 0, interpolation_duration: 1 }
$data merge entity $(bone_pupil_left) { transformation: [-0.9999982844255024f,-0.0005486862095207966f,-0.0017692058939182771f,0.33548459022317f,-0.0007228649908414507f,0.9949867394420288f,0.10000432890993155f,2.3315318056422405f,0.0017054654076261067f,0.10000543624205724f,-0.9949854290942048f,1.394960535966851f,0f,0f,0f,1f], start_interpolation: 0, interpolation_duration: 1 }
$data merge entity $(bone_eyelid_left) { transformation: [-0.9999982844255024f,-0.0005486862095207966f,-0.0017692058939182771f,0.29921750596869806f,-0.0007228649908414507f,0.9949867394420288f,0.10000432890993155f,2.362598937393886f,0.0017054654076261067f,0.10000543624205724f,-0.9949854290942048f,1.398147528970442f,0f,0f,0f,1f], start_interpolation: 0, interpolation_duration: 1 }
$data merge entity $(bone_eye_left) { transformation: [-0.9999982844255024f,-0.0005486862095207966f,-0.0017692058939182771f,0.33546744377912247f,-0.0007228649908414507f,0.9949867394420288f,0.10000432890993155f,2.362625141249804f,0.0017054654076261067f,0.10000543624205724f,-0.9949854290942048f,1.3980857058494154f,0f,0f,0f,1f], start_interpolation: 0, interpolation_duration: 1 }
$data merge entity $(bone_muzzle2) { transformation: [-0.9999982844255024f,-0.0003924018390826922f,-0.001810294685480237f,-0.009203349426662424f,-0.0007228649908414507f,0.982484562939616f,0.18634259054643754f,2.4420743523939747f,0.0017054654076261067f,0.18634357946049235f,-0.9824831610677072f,1.6251376027641236f,0f,0f,0f,1f], start_interpolation: 0, interpolation_duration: 1 }
$data merge entity $(bone_muzzle) { transformation: [-0.9999982844255024f,-0.0005486862095207966f,-0.0017692058939182771f,-0.009824812044701986f,-0.0007228649908414507f,0.9949867394420288f,0.10000432890993155f,2.597699047608582f,0.0017054654076261067f,0.10000543624205724f,-0.9949854290942048f,1.3267053357024416f,0f,0f,0f,1f], start_interpolation: 0, interpolation_duration: 1 }
$data merge entity $(bone_tongue) { transformation: [-0.9999982844255024f,-0.0007007947465986562f,-0.0017146523772278727f,-0.009506097722359821f,-0.0007228649908414507f,0.9999164660678683f,0.012904973946156232f,2.0668967054458443f,0.0017054654076261067f,0.012906191268886712f,-0.9999152572166674f,1.2886015698028246f,0f,0f,0f,1f], start_interpolation: 0, interpolation_duration: 1 }
$data merge entity $(bone_jaw) { transformation: [-0.9999982844255024f,-0.0007007947465986562f,-0.0017146523772278727f,-0.009474414671402658f,-0.0007228649908414507f,0.9999164660678683f,0.012904973946156232f,2.0977408145746477f,0.0017054654076261067f,0.012906191268886712f,-0.9999152572166674f,1.3202522400679981f,0f,0f,0f,1f], start_interpolation: 0, interpolation_duration: 1 }
$data merge entity $(bone_ear_left) { transformation: [-0.9072993711376303f,-0.18485667490825247f,-0.377671631017111f,0.3398286321456787f,-0.1757299382573513f,0.9826795114483959f,-0.05882148059688544f,2.4451429862367196f,0.3820037171721341f,0.012999520045251301f,-0.9240693548350498f,1.0584893402258315f,0f,0f,0f,1f], start_interpolation: 0, interpolation_duration: 1 }
$data merge entity $(bone_ear_right) { transformation: [-0.9088501886039528f,0.18347905996040026f,0.3746021479257784f,-0.36017016695217297f,0.17441710507021888f,0.982945768912793f,-0.0582776872856417f,2.4446369807431303f,-0.37890633160912374f,0.012371335113342223f,-0.9253523339431473f,1.0596831660111699f,0f,0f,0f,1f], start_interpolation: 0, interpolation_duration: 1 }
$data merge entity $(bone_head_angle) { transformation: [-0.9999982844255024f,-0.0007007947465986562f,-0.0017146523772278727f,-0.009754445726049766f,-0.0007228649908414507f,0.9999164660678683f,0.012904973946156232f,2.19309610501178f,0.0017054654076261067f,0.012906191268886712f,-0.9999152572166674f,1.196472788347373f,0f,0f,0f,1f], start_interpolation: 0, interpolation_duration: 1 }
$data merge entity $(bone_neck3) { transformation: [-0.9995916885678305f,0.028523397927649356f,-0.0016946730580948352f,-0.03041451358574413f,0.0285452285128256f,0.9994847525678806f,-0.014676488458535947f,1.473340518310628f,0.0012751765616699892f,-0.014718870710212356f,-0.9998908584289351f,1.1133122086926255f,0f,0f,0f,1f], start_interpolation: 0, interpolation_duration: 1 }
$data merge entity $(bone_neck2) { transformation: [-0.9999365027470078f,0.011070157537310322f,0.0021076257214994996f,-0.03535650246401269f,0.011241655527001874f,0.9929305130300132f,0.11816353699414811f,1.0333945030633966f,-0.0007846369192327364f,0.11817972713648583f,-0.9929919115676878f,1.1081550739251482f,0f,0f,0f,1f], start_interpolation: 0, interpolation_duration: 1 }
$data merge entity $(bone_chest2) { transformation: [-0.9999365027470078f,0.009642199589759677f,0.005832534710915414f,-0.045707227557071524f,0.011241655527001874f,0.8895456643818592f,0.456707933104352f,0.10518475617940432f,-0.0007846369192327364f,0.4567445007512493f,-0.8895975749620707f,1.0004028400522345f,0f,0f,0f,1f], start_interpolation: 0, interpolation_duration: 1 }
$data merge entity $(bone_chest) { transformation: [-0.9999686082160308f,0.007710906111409266f,-0.001823323732956292f,-0.046859855239531206f,0.007923546080772828f,0.9731329853714082f,-0.23010738840731865f,-0.04027934381711151f,-1.2244728300280352e-16f,-0.23011461211551032f,-0.9731635347108564f,0.521012154325416f,0f,0f,0f,1f], start_interpolation: 0, interpolation_duration: 1 }
$data merge entity $(bone_tail2) { transformation: [-0.9999686082160308f,0.0077137332219234245f,0.0018113261095466188f,-0.043331381937367346f,0.007923546080772828f,0.973489772816998f,0.22859326245148912f,0.4050215986048536f,-1.2244728300280352e-16f,0.22860043862707374f,-0.9735203333569923f,-1.1553123643011565f,0f,0f,0f,1f], start_interpolation: 0, interpolation_duration: 1 }
$data merge entity $(bone_tail) { transformation: [-0.9999686082160308f,0.007861933218032942f,0.000986199051571551f,-0.04173572327719844f,0.007923546080772828f,0.9921929320258339f,0.12446044775544052f,0.6063971637030219f,-1.2244728300280352e-16f,0.12446435491358183f,-0.9922240797097931f,-0.7521122456815886f,0f,0f,0f,1f], start_interpolation: 0, interpolation_duration: 1 }
$data merge entity $(bone_torso) { transformation: [-0.9999686082160308f,0.007906759985018854f,0.0005154891205787837f,-0.04184303579806452f,0.007923546080772828f,0.9978501667205992f,0.06505583903984476f,0.5928540920731473f,-1.2244728300280352e-16f,0.06505788132280073f,-0.9978814920008229f,-0.06403566113968541f,0f,0f,0f,1f], start_interpolation: 0, interpolation_duration: 1 }
$data merge entity $(bone_leg_front_left4) { transformation: [-0.8399670542933871f,0.5170687206833022f,-0.1646064573235918f,1.7573502485063122f,0.48259271456287184f,0.8505223573154554f,0.20908369510174463f,-0.09275267566136583f,0.24811211085420418f,0.09618553840101932f,-0.9639443566150369f,0.5987036336135445f,0f,0f,0f,1f], start_interpolation: 0, interpolation_duration: 1 }
$data merge entity $(bone_leg_front_left3) { transformation: [-0.9463537245356144f,0.3227238201898834f,-0.01624696708984022f,1.3779366076041857f,0.3184726261583433f,0.94003475251349f,0.12210589852545896f,0.05131487172348442f,0.05467919572724733f,0.11038115758112627f,-0.992384091773781f,0.6226417624649438f,0f,0f,0f,1f], start_interpolation: 0, interpolation_duration: 1 }
$data merge entity $(bone_leg_front_left2) { transformation: [-0.9601490836730704f,0.23687806625274882f,0.14833246054091276f,0.781544650093716f,0.24846887559260403f,0.9664599792303935f,0.06494864438719605f,0.22170885614433683f,-0.1279724774453871f,0.0992163810786593f,-0.986802490239128f,0.544209220015931f,0f,0f,0f,1f], start_interpolation: 0, interpolation_duration: 1 }
$data merge entity $(bone_leg_front_left) { transformation: [-0.9178240848999598f,0.2887969773847579f,0.272388059633639f,0.5807706315218497f,0.3086114598615481f,0.9506510621252011f,0.03196130351458021f,0.28921761298905047f,-0.24971567035265382f,0.11339693088287119f,-0.9616564979485503f,0.4895839171262879f,0f,0f,0f,1f], start_interpolation: 0, interpolation_duration: 1 }
$data merge entity $(bone_leg_back_left4) { transformation: [-0.34290032488589983f,0.711449515568358f,-0.6133995060241679f,1.010684786496326f,0.7013013704713161f,0.628326198410152f,0.3367232931748263f,-0.17614269613625627f,0.6249766035366427f,-0.31471538759487927f,-0.7143937778584069f,-0.9502419813735706f,0f,0f,0f,1f], start_interpolation: 0, interpolation_duration: 1 }
$data merge entity $(bone_leg_back_left3) { transformation: [-0.5566060022748244f,0.6441585534422489f,-0.5246422745631804f,0.8889272234987082f,0.6688321278431321f,0.7220467440427201f,0.17695220875178347f,-0.029835668170571122f,0.49280152495347085f,-0.2524049473455223f,-0.8327294876243051f,-0.8424416477899989f,0f,0f,0f,1f], start_interpolation: 0, interpolation_duration: 1 }
$data merge entity $(bone_leg_back_left2) { transformation: [-0.7029298824024454f,0.5301755469712128f,-0.47413444276856703f,0.6253285175977912f,0.5460050718635621f,0.829432153081188f,0.11798629129848559f,0.17491623377826465f,0.45581579823976137f,-0.1759437206292963f,-0.872511183450487f,-0.6715107234500883f,0f,0f,0f,1f], start_interpolation: 0, interpolation_duration: 1 }
$data merge entity $(bone_leg_back_left) { transformation: [-0.8146611033047578f,0.4395402919493269f,-0.378327395935551f,0.5489540391629701f,0.4578134251441547f,0.8878724912000339f,0.04570893925725068f,0.21783624238552915f,0.3559974080243453f,-0.1359660660729214f,-0.9245426298211467f,-0.6381359664478059f,0f,0f,0f,1f], start_interpolation: 0, interpolation_duration: 1 }
$data merge entity $(bone_leg_front_right4) { transformation: [-0.8475090348411275f,-0.5035259117903224f,0.16789905305982325f,-1.8516749366679544f,-0.4692215002641415f,0.8586093397804562f,0.2064489896600067f,-0.06415550058362568f,-0.24811211085420426f,0.09618553840101923f,-0.9639443566150366f,0.5987036336135441f,0f,0f,0f,1f], start_interpolation: 0, interpolation_duration: 1 }
$data merge entity $(bone_leg_front_right3) { transformation: [-0.951281602101619f,-0.30778694759969094f,0.018179889720301268f,-1.4700259568704168f,-0.3034361531815194f,0.9450307904710384f,0.12183310717570053f,0.07388154274747655f,-0.05467919572724747f,0.1103811575811262f,-0.9923840917737807f,0.6226417624649434f,0f,0f,0f,1f], start_interpolation: 0, interpolation_duration: 1 }
$data merge entity $(bone_leg_front_right2) { transformation: [-0.9639659079603202f,-0.22153322304135822f,-0.1472846203075644f,-0.8710087210052379f,-0.23322258318337336f,0.970092336231228f,0.06729105348196279f,0.23480334999069785f,0.12797247744538692f,0.09921638107865924f,-0.9868024902391279f,0.5442092200159306f,0f,0f,0f,1f], start_interpolation: 0, interpolation_duration: 1 }
$data merge entity $(bone_leg_front_right) { transformation: [-0.9225992788893663f,-0.27369613246862706f,-0.2718473793593328f,-0.669190128748189f,-0.2940283227397423f,0.9551081421169338f,0.03627371346847231f,0.2991220455900165f,0.2497156703526536f,0.11339693088287112f,-0.9616564979485503f,0.4895839171262877f,0f,0f,0f,1f], start_interpolation: 0, interpolation_duration: 1 }
$data merge entity $(bone_leg_back_right4) { transformation: [-0.3539705071255717f,-0.7014033516913228f,0.6186584019646415f,-1.1064246776858067f,-0.6957795089804437f,0.6395213546451621f,0.32696071910208013f,-0.15936715512460944f,-0.6249766035366429f,-0.3147153875948795f,-0.7143937778584067f,-0.9502419813735707f,0f,0f,0f,1f], start_interpolation: 0, interpolation_duration: 1 }
$data merge entity $(bone_leg_back_right3) { transformation: [-0.5671348235979368f,-0.6326356874649245f,0.527380487701545f,-0.9823639350237581f,-0.6599278361048809f,0.7321637996386371f,0.16861619623465288f,-0.015007940976666745f,-0.492801524953471f,-0.2524049473455225f,-0.832729487624305f,-0.842441647789999f,0f,0f,0f,1f], start_interpolation: 0, interpolation_duration: 1 }
$data merge entity $(bone_leg_back_right2) { transformation: [-0.7114939399699587f,-0.5169653002359217f,0.4759445889365779f,-0.7155537075350236f,-0.5347974677025628f,0.8377294823050597f,0.1104580599857828f,0.1855411094117943f,-0.45581579823976154f,-0.17594372062929642f,-0.8725111834504868f,-0.6715107234500884f,0f,0f,0f,1f], start_interpolation: 0, interpolation_duration: 1 }
$data merge entity $(bone_leg_back_right) { transformation: [-0.821813594042209f,-0.425415345492892f,0.37900422222791996f,-0.6385086830935665f,-0.4448463354096276f,0.8947262222019746f,0.03970799890208293f,0.22724545335644689f,-0.3559974080243455f,-0.1359660660729215f,-0.9245426298211465f,-0.638135966447806f,0f,0f,0f,1f], start_interpolation: 0, interpolation_duration: 1 }