# This file was generated by Animated Java via MC-Build. It is not recommended to edit this file directly.
$data merge entity $(bone_shell2) { transformation: [-1.1978590232985928f,0.011606494308335229f,-0.00184115990333896f,-0.03235563716760938f,0.01175162031036917f,1.183066127811811f,-0.1876719929084425f,1.1602050012671226f,-1.4666295227492826e-16f,-0.1876810240594828f,-1.1831230593162159f,-0.42563906051398914f,0f,0f,0f,1f], start_interpolation: 0, interpolation_duration: 1 }
$data merge entity $(bone_shell) { transformation: [-1.2603560158185194f,0.012360432752815165f,-0.0003266547755052868f,-0.03439490062620305f,0.012364748326562345f,1.2599161233766907f,-0.0332963761599337f,0.9523400370966937f,-1.5431493239362015e-16f,-0.03329797844804039f,-1.2599767530563353f,0.5802036899693918f,0f,0f,0f,1f], start_interpolation: 0, interpolation_duration: 1 }
$data merge entity $(bone_pupil_right2) { transformation: [-0.9999963789812638f,-0.0018360432146396896f,-0.0019674779984921614f,-0.3510176420171979f,-0.0020296913337046266f,0.9946349272239606f,0.10342747168560269f,2.334728815165796f,0.001767025028249305f,0.10343109054583285f,-0.9946350522332545f,1.464494049565794f,0f,0f,0f,1f], start_interpolation: 0, interpolation_duration: 1 }
$data merge entity $(bone_pupil_right) { transformation: [-0.9999963789812638f,-0.0018360432146396896f,-0.0019674779984921614f,-0.3498619257431483f,-0.0020296913337046266f,0.9946349272239606f,0.10342747168560269f,2.3256543985224387f,0.001767025028249305f,0.10343109054583285f,-0.9946350522332545f,1.4007110392301518f,0f,0f,0f,1f], start_interpolation: 0, interpolation_duration: 1 }
$data merge entity $(bone_eyelid_right) { transformation: [-0.9999963789812638f,-0.0018360432146396896f,-0.0019674779984921614f,-0.313669433355535f,-0.0020296913337046266f,0.9946349272239606f,0.10342747168560269f,2.356810316309034f,0.001767025028249305f,0.10343109054583285f,-0.9946350522332545f,1.403879206152435f,0f,0f,0f,1f], start_interpolation: 0, interpolation_duration: 1 }
$data merge entity $(bone_eye_right) { transformation: [-0.9999963789812638f,-0.0018360432146396896f,-0.0019674779984921614f,-0.3499193020936058f,-0.0020296913337046266f,0.9946349272239606f,0.10342747168560269f,2.3567367399981873f,0.001767025028249305f,0.10343109054583285f,-0.9946350522332545f,1.403943260809709f,0f,0f,0f,1f], start_interpolation: 0, interpolation_duration: 1 }
$data merge entity $(bone_pupil_left2) { transformation: [-0.9999963789812638f,-0.0018360432146396896f,-0.0019674779984921614f,0.3414798504273273f,-0.0020296913337046266f,0.9946349272239606f,0.10342747168560269f,2.3361343764143863f,0.001767025028249305f,0.10343109054583285f,-0.9946350522332545f,1.4632703847337316f,0f,0f,0f,1f], start_interpolation: 0, interpolation_duration: 1 }
$data merge entity $(bone_pupil_left) { transformation: [-0.9999963789812638f,-0.0018360432146396896f,-0.0019674779984921614f,0.34013557575392367f,-0.0020296913337046266f,0.9946349272239606f,0.10342747168560269f,2.327054885542695f,0.001767025028249305f,0.10343109054583285f,-0.9946350522332545f,1.3994917919606598f,0f,0f,0f,1f], start_interpolation: 0, interpolation_duration: 1 }
$data merge entity $(bone_eyelid_left) { transformation: [-0.9999963789812638f,-0.0018360432146396896f,-0.0019674779984921614f,0.3038283306653954f,-0.0020296913337046266f,0.9946349272239606f,0.10342747168560269f,2.358063650707597f,0.001767025028249305f,0.10343109054583285f,-0.9946350522332545f,1.4027880681974911f,0f,0f,0f,1f], start_interpolation: 0, interpolation_duration: 1 }
$data merge entity $(bone_eye_left) { transformation: [-0.9999963789812638f,-0.0018360432146396896f,-0.0019674779984921614f,0.3400781994034662f,-0.0020296913337046266f,0.9946349272239606f,0.10342747168560269f,2.3581372270184437f,0.001767025028249305f,0.10343109054583285f,-0.9946350522332545f,1.402724013540217f,0f,0f,0f,1f], start_interpolation: 0, interpolation_duration: 1 }
$data merge entity $(bone_muzzle2) { transformation: [-0.9999963789812638f,-0.0016575795095931233f,-0.002120012860798771f,-0.004680081821020825f,-0.0020296913337046266f,0.9818357429221076f,0.18972204477519877f,2.4363556686738668f,0.001767025028249305f,0.18972566075985103f,-0.9818355520512523f,1.630070224516424f,0f,0f,0f,1f], start_interpolation: 0, interpolation_duration: 1 }
$data merge entity $(bone_muzzle) { transformation: [-0.9999963789812638f,-0.0018360432146396896f,-0.0019674779984921614f,-0.005524424097379587f,-0.0020296913337046266f,0.9946349272239606f,0.10342747168560269f,2.5930061194786127f,0.001767025028249305f,0.10343109054583285f,-0.9946350522332545f,1.332175657011761f,0f,0f,0f,1f], start_interpolation: 0, interpolation_duration: 1 }
$data merge entity $(bone_tongue) { transformation: [-0.9999963789812638f,-0.0020005335221896436f,-0.0017999694406213304f,-0.004517889708735756f,-0.0020296913337046266f,0.9998643391526498f,0.016345753085264307f,2.0623389940876815f,0.001767025028249305f,0.016349347279360864f,-0.9998647790906969f,1.2922442919230162f,0f,0f,0f,1f], start_interpolation: 0, interpolation_duration: 1 }
$data merge entity $(bone_jaw) { transformation: [-0.9999963789812638f,-0.0020005335221896436f,-0.0017999694406213304f,-0.004524157336284766f,-0.0020296913337046266f,0.9998643391526498f,0.016345753085264307f,2.0930739499022875f,0.001767025028249305f,0.016349347279360864f,-0.9998647790906969f,1.3240009833720805f,0f,0f,0f,1f], start_interpolation: 0, interpolation_duration: 1 }
$data merge entity $(bone_ear_left) { transformation: [-0.9094694127551847f,-0.17169694878330902f,-0.378662838209985f,0.3443087750262398f,-0.16488838844186002f,0.9850130975846245f,-0.05060649112306609f,2.441829549116081f,0.38167683531986285f,0.016412049391969996f,-0.9241501166017183f,1.0634135307935073f,0f,0f,0f,1f], start_interpolation: 0, interpolation_duration: 1 }
$data merge entity $(bone_ear_right) { transformation: [-0.9114744427554476f,0.16775393209369635f,0.3755968030624724f,-0.35568869026064487f,0.16119242109600038f,0.9857020805905794f,-0.04907557132232293f,2.4404087651824877f,-0.37845917030091347f,0.015812229017638242f,-0.9254829170917406f,1.064650448313282f,0f,0f,0f,1f], start_interpolation: 0, interpolation_duration: 1 }
$data merge entity $(bone_head_angle) { transformation: [-0.9999963789812638f,-0.0020005335221896436f,-0.0017999694406213304f,-0.004936703534067711f,-0.0020296913337046266f,0.9998643391526498f,0.016345753085264307f,2.1888544508335066f,0.001767025028249305f,0.016349347279360864f,-0.9998647790906969f,1.2005506372931836f,0f,0f,0f,1f], start_interpolation: 0, interpolation_duration: 1 }
$data merge entity $(bone_neck3) { transformation: [-0.9995667169848338f,0.029381985828246762f,-0.001754196382914366f,-0.026219461759018292f,0.02939250242877263f,0.9995480619122477f,-0.006304976482424368f,1.4698381897888513f,0.0015681508651015127f,-0.0063538048646486905f,-0.9999785848039977f,1.111369442214275f,0f,0f,0f,1f], start_interpolation: 0, interpolation_duration: 1 }
$data merge entity $(bone_neck2) { transformation: [-0.9999263944191293f,0.011961744951576654f,0.002030369836540845f,-0.03154789876142093f,0.012120104655409676f,0.9924559363445685f,0.12200130113063379f,1.0299199066476041f,-0.0005557041493647691f,0.12201692944890535f,-0.9925278636495598f,1.104511779188952f,0f,0f,0f,1f], start_interpolation: 0, interpolation_duration: 1 }
$data merge entity $(bone_chest2) { transformation: [-0.9999263944191293f,0.010537704882265062f,0.006013528063790137f,-0.042741579429334f,0.012120104655409676f,0.8902534928950133f,0.45530409777572867f,0.10155144328180657f,-0.0005557041493647691f,0.45534346944262066f,-0.8903156833555476f,0.9982210770276979f,0f,0f,0f,1f], start_interpolation: 0, interpolation_duration: 1 }
$data merge entity $(bone_chest) { transformation: [-0.9999518803188253f,0.009537987130487624f,-0.0022943078137736004f,-0.04418679543404854f,0.009810048259090785f,0.9722203106136182f,-0.23386199046342254f,-0.04576143665658028f,-1.2243168189907053e-16f,-0.2338732443693769f,-0.9722670957962847f,0.5193960680160986f,0f,0f,0f,1f], start_interpolation: 0, interpolation_duration: 1 }
$data merge entity $(bone_tail2) { transformation: [-0.9999518803188253f,0.00950514377942224f,0.002426785647353486f,-0.039868821747630866f,0.009810048259090785f,0.96887254210256f,0.2473656405260789f,0.39437563432053424f,-1.2243168189907053e-16f,0.2473775442546382f,-0.9689191661839209f,-1.1598062463479764f,0f,0f,0f,1f], start_interpolation: 0, interpolation_duration: 1 }
$data merge entity $(bone_tail) { transformation: [-0.9999518803188253f,0.009732943266943227f,0.0012275431593857127f,-0.0378959146156647f,0.009810048259090785f,0.9920924610944136f,0.1251251836873124f,0.5954768057113955f,-1.2243168189907053e-16f,0.1251312049610001f,-0.9921402025646417f,-0.7564708691459857f,0f,0f,0f,1f], start_interpolation: 0, interpolation_duration: 1 }
$data merge entity $(bone_torso) { transformation: [-0.9999518803188253f,0.009791894807845494f,0.000596525705882476f,-0.03800002932571373f,0.009810048259090785f,0.998101473753274f,0.06080469590991174f,0.584864248328121f,-1.2243168189907053e-16f,0.06080762195329313f,-0.9981495043891899f,-0.06834284669237727f,0f,0f,0f,1f], start_interpolation: 0, interpolation_duration: 1 }
$data merge entity $(bone_leg_front_left4) { transformation: [-0.8700223301747323f,0.4615385567536718f,-0.17333004825207488f,1.7715350750522854f,0.431390047102176f,0.882876638567789f,0.18555718345680916f,-0.06616849736326544f,0.23867084501151647f,0.0866660354520684f,-0.9672255300810196f,0.6002962356927761f,0f,0f,0f,1f], start_interpolation: 0, interpolation_duration: 1 }
$data merge entity $(bone_leg_front_left3) { transformation: [-0.9611375901461648f,0.27537180013000423f,-0.019618983184244793f,1.385375613432437f,0.2717842955876172f,0.9562982833402681f,0.10782805735243019f,0.05918603339639575f,0.048454406197634844f,0.09830546766898193f,-0.9939759582336071f,0.6215168611428932f,0f,0f,0f,1f], start_interpolation: 0, interpolation_duration: 1 }
$data merge entity $(bone_leg_front_left2) { transformation: [-0.9660540510622437f,0.21203784861906777f,0.1475788642700061f,0.7849049229032076f,0.2226017233563196f,0.973122836925411f,0.05899505922563822f,0.21351715482105504f,-0.13110317763129978f,0.08984372547505654f,-0.9872892493123475f,0.5409811833338786f,0f,0f,0f,1f], start_interpolation: 0, interpolation_duration: 1 }
$data merge entity $(bone_leg_front_left) { transformation: [-0.9182167936761821f,0.28752357374509213f,0.27241166339179057f,0.5840449992865427f,0.3066378563701312f,0.9513710139733816f,0.029434992984380896f,0.28059418590202123f,-0.25070130604319246f,0.11055943339267954f,-0.9617304543561712f,0.4861402726369302f,0f,0f,0f,1f], start_interpolation: 0, interpolation_duration: 1 }
$data merge entity $(bone_leg_back_left4) { transformation: [-0.36550357192913663f,0.6898523388899391f,-0.6249087048802591f,1.031111953926926f,0.6911371744071167f,0.6508354142593344f,0.31423346368333765f,-0.16612497404221355f,0.6234874056944448f,-0.3170441831574284f,-0.7146652649082994f,-0.9545176578868962f,0f,0f,0f,1f], start_interpolation: 0, interpolation_duration: 1 }
$data merge entity $(bone_leg_back_left3) { transformation: [-0.588201452059472f,0.6099774357277191f,-0.5309864213877459f,0.9024428862889164f,0.6389704194306751f,0.7529982771040259f,0.1571954126905615f,-0.02635019479175338f,0.4957175152117541f,-0.2468220463844448f,-0.8326722179410571f,-0.8460794514343251f,0f,0f,0f,1f], start_interpolation: 0, interpolation_duration: 1 }
$data merge entity $(bone_leg_back_left2) { transformation: [-0.72777442665223f,0.49208373562254715f,-0.47770072330568747f,0.6295274762943301f,0.5109656020575681f,0.8536579357634451f,0.1009072951874181f,0.16526190597983467f,0.45744785213722955f,-0.1706508887871758f,-0.8727082769924794f,-0.6745365068828639f,0f,0f,0f,1f], start_interpolation: 0, interpolation_duration: 1 }
$data merge entity $(bone_leg_back_left) { transformation: [-0.8262665846024795f,0.41704939462890944f,-0.37862030268992947f,0.5520649839878476f,0.43812362255041926f,0.8982958832603806f,0.03334962489669539f,0.20633599559393648f,0.3540215000994308f,-0.13832681792448182f,-0.9249510629812996f,-0.6413469912485423f,0f,0f,0f,1f], start_interpolation: 0, interpolation_duration: 1 }
$data merge entity $(bone_leg_front_right4) { transformation: [-0.8783183804955079f,-0.44412843121103507f,0.17693716137028292f,-1.8599595557331157f,-0.41423791500203977f,0.8917617029728546f,0.1821208798730039f,-0.030541645429875364f,-0.23867084501151664f,0.08666603545206827f,-0.9672255300810196f,0.6002962356927759f,0f,0f,0f,1f], start_interpolation: 0, interpolation_duration: 1 }
$data merge entity $(bone_leg_front_right3) { transformation: [-0.9662847735761148f,-0.25655703642647815f,0.021730702129012264f,-1.4714150701619828f,-0.2528752792880152f,0.9615167820097814f,0.10742239542368624f,0.08721263649978364f,-0.048454406197635067f,0.09830546766898185f,-0.9939759582336071f,0.621516861142893f,0f,0f,0f,1f], start_interpolation: 0, interpolation_duration: 1 }
$data merge entity $(bone_leg_front_right2) { transformation: [-0.9702353678205395f,-0.19290519157951902f,-0.14639302610374455f,-0.8680321088925755f,-0.2036057166317255f,0.9770955388570924f,0.06187907643500947f,0.22973332718925416f,0.13110317763129956f,0.08984372547505648f,-0.9872892493123475f,0.5409811833338785f,0f,0f,0f,1f], start_interpolation: 0, interpolation_duration: 1 }
$data merge entity $(bone_leg_front_right) { transformation: [-0.9240560355683957f,-0.2688031399886041f,-0.27178174159035584f,-0.665894851111989f,-0.288564201310311f,0.9568288685131509f,0.03477381345187343f,0.2928567462258847f,0.25070130604319224f,0.11055943339267947f,-0.9617304543561712f,0.4861402726369301f,0f,0f,0f,1f], start_interpolation: 0, interpolation_duration: 1 }
$data merge entity $(bone_leg_back_right4) { transformation: [-0.3789927475181144f,-0.6769507210030498f,0.6309534203585255f,-1.121640008226813f,-0.6838332781234632f,0.6642444634767308f,0.3019128027617054f,-0.14500535713440083f,-0.6234874056944449f,-0.31704418315742855f,-0.7146652649082993f,-0.9545176578868966f,0f,0f,0f,1f], start_interpolation: 0, interpolation_duration: 1 }
$data merge entity $(bone_leg_back_right3) { transformation: [-0.6006242965594272f,-0.5950868429141033f,0.5339682610165317f,-0.9902534433544383f,-0.6273074202452715f,0.7648205847184818f,0.1467476531195713f,-0.007781858955747678f,-0.4957175152117543f,-0.24682204638444497f,-0.832672217941057f,-0.8460794514343253f,0f,0f,0f,1f], start_interpolation: 0, interpolation_duration: 1 }
$data merge entity $(bone_leg_back_right2) { transformation: [-0.737659060949729f,-0.475240977107697f,0.4795884938950115f,-0.71363129549829f,-0.4965889370231674f,0.8631478945313302f,0.09151578985252955f,0.1784389924279401f,-0.4574478521372297f,-0.17065088878717594f,-0.8727082769924793f,-0.6745365068828642f,0f,0f,0f,1f], start_interpolation: 0, interpolation_duration: 1 }
$data merge entity $(bone_leg_back_right) { transformation: [-0.8347031638136799f,-0.3993453195858315f,0.37920171946382714f,-0.6353778738907575f,-0.4218286450524449f,0.9063051402081846f,0.025914996535618885f,0.2179854279016068f,-0.354021500099431f,-0.13832681792448193f,-0.9249510629812995f,-0.6413469912485426f,0f,0f,0f,1f], start_interpolation: 0, interpolation_duration: 1 }