# This file was generated by Animated Java via MC-Build. It is not recommended to edit this file directly.
$data merge entity $(bone_shell2) { transformation: [-1.1977866000646342f,0.01736474590463087f,-0.003172787898604688f,-0.013385965765936076f,0.0176522231852514f,1.178279910684114f,-0.21528862341664157f,1.1333362980313093f,-1.466703177849188e-16f,-0.21531200142045503f,-1.1784078590717628f,-0.4514908397656967f,0f,0f,0f,1f], start_interpolation: 0, interpolation_duration: 1 }
$data merge entity $(bone_shell) { transformation: [-1.2602798139810498f,0.0185501628029524f,-0.0009249556667526214f,-0.016101527080466468f,0.018573208742742778f,1.258716038269791f,-0.0627626045548747f,0.9490726548593893f,-1.543226821910885e-16f,-0.06276941989135343f,-1.2588527211463676f,0.5589403435203093f,0f,0f,0f,1f], start_interpolation: 0, interpolation_duration: 1 }
$data merge entity $(bone_pupil_right2) { transformation: [-0.9999811707984612f,-0.005655974575242512f,-0.0023807562124877396f,-0.3354263629127549f,-0.005898439778359903f,0.9929235586644413f,0.11860866350028038f,2.3360753965483894f,0.0016930613456547239f,0.11862047294099734f,-0.9929382241320626f,1.4621587815409867f,0f,0f,0f,1f], start_interpolation: 0, interpolation_duration: 1 }
$data merge entity $(bone_pupil_right) { transformation: [-0.9999811707984612f,-0.005655974575242512f,-0.0023807562124877396f,-0.33423680910979914f,-0.005898439778359903f,0.9929235586644413f,0.11860866350028038f,2.327981380462748f,0.0016930613456547239f,0.11862047294099734f,-0.9929382241320626f,1.3982445813163475f,0f,0f,0f,1f], start_interpolation: 0, interpolation_duration: 1 }
$data merge entity $(bone_eyelid_right) { transformation: [-0.9999811707984612f,-0.005655974575242512f,-0.0023807562124877396f,-0.2981642408738313f,-0.005898439778359903f,0.9929235586644413f,0.11860866350028038f,2.359224060112977f,0.0016930613456547239f,0.11862047294099734f,-0.9929382241320626f,1.4018900976219737f,0f,0f,0f,1f], start_interpolation: 0, interpolation_duration: 1 }
$data merge entity $(bone_eye_right) { transformation: [-0.9999811707984612f,-0.005655974575242512f,-0.0023807562124877396f,-0.33441355831527547f,-0.005898439778359903f,0.9929235586644413f,0.11860866350028038f,2.3590102416710117f,0.0016930613456547239f,0.11862047294099734f,-0.9929382241320626f,1.4019514710957537f,0f,0f,0f,1f], start_interpolation: 0, interpolation_duration: 1 }
$data merge entity $(bone_pupil_left2) { transformation: [-0.9999811707984612f,-0.005655974575242512f,-0.0023807562124877396f,0.3570605978651794f,-0.005898439778359903f,0.9929235586644413f,0.11860866350028038f,2.340160066094904f,0.0016930613456547239f,0.11862047294099734f,-0.9929382241320626f,1.4609863365591205f,0f,0f,0f,1f], start_interpolation: 0, interpolation_duration: 1 }
$data merge entity $(bone_pupil_left) { transformation: [-0.9999811707984612f,-0.005655974575242512f,-0.0023807562124877396f,0.355750198741139f,-0.005898439778359903f,0.9929235586644413f,0.11860866350028038f,2.3320513039098163f,0.0016930613456547239f,0.11862047294099734f,-0.9929382241320626f,1.3970763689878456f,0f,0f,0f,1f], start_interpolation: 0, interpolation_duration: 1 }
$data merge entity $(bone_eyelid_left) { transformation: [-0.9999811707984612f,-0.005655974575242512f,-0.0023807562124877396f,0.3193241320942185f,-0.005898439778359903f,0.9929235586644413f,0.11860866350028038f,2.362866346676115f,0.0016930613456547239f,0.11862047294099734f,-0.9929382241320626f,1.4008446322410317f,0f,0f,0f,1f], start_interpolation: 0, interpolation_duration: 1 }
$data merge entity $(bone_eye_left) { transformation: [-0.9999811707984612f,-0.005655974575242512f,-0.0023807562124877396f,0.35557344953566267f,-0.005898439778359903f,0.9929235586644413f,0.11860866350028038f,2.36308016511808f,0.0016930613456547239f,0.11862047294099734f,-0.9929382241320626f,1.4007832587672517f,0f,0f,0f,1f], start_interpolation: 0, interpolation_duration: 1 }
$data merge entity $(bone_muzzle2) { transformation: [-0.9999811707984612f,-0.005426955308397833f,-0.002864647381396403f,0.010520816124250699f,-0.005898439778359903f,0.9788077585882308f,0.20469631197377458f,2.436489663011968f,0.0016930613456547239f,0.20470935465572754f,-0.9788213389887429f,1.6292836362897418f,0f,0f,0f,1f], start_interpolation: 0, interpolation_duration: 1 }
$data merge entity $(bone_muzzle) { transformation: [-0.9999811707984612f,-0.005655974575242512f,-0.0023807562124877396f,0.009069832985942966f,-0.005898439778359903f,0.9929235586644413f,0.11860866350028038f,2.5976703151888607f,0.0016930613456547239f,0.11862047294099734f,-0.9929382241320626f,1.3338180003660969f,0f,0f,0f,1f], start_interpolation: 0, interpolation_duration: 1 }
$data merge entity $(bone_tongue) { transformation: [-0.9999811707984612f,-0.005841948460398773f,-0.0018787460512621396f,0.012114657291427872f,-0.005898439778359903f,0.9994826109155787f,0.031618331479679906f,2.0676832509986993f,0.0016930613456547239f,0.03162881780218632f,-0.9994982498372451f,1.2857808706012714f,0f,0f,0f,1f], start_interpolation: 0, interpolation_duration: 1 }
$data merge entity $(bone_jaw) { transformation: [-0.9999811707984612f,-0.005841948460398773f,-0.0018787460512621396f,0.011990807216142353f,-0.005898439778359903f,0.9994826109155787f,0.031618331479679906f,2.097929009731071f,0.0016930613456547239f,0.03162881780218632f,-0.9994982498372451f,1.3180035914650037f,0f,0f,0f,1f], start_interpolation: 0, interpolation_duration: 1 }
$data merge entity $(bone_ear_left) { transformation: [-0.9160675957191179f,-0.12366197033380566f,-0.3814811622695883f,0.35947700529247517f,-0.1263461135786169f,0.9918208795520455f,-0.018110838417529578f,2.451964230455017f,0.3806006038578685f,0.0316079100506124f,-0.9241991778644137f,1.062791703500508f,0f,0f,0f,1f], start_interpolation: 0, interpolation_duration: 1 }
$data merge entity $(bone_ear_right) { transformation: [-0.9187777989774818f,0.1120595116941471f,0.3785366850715577f,-0.34050981426644755f,0.11552318472828943f,0.9932112946986601f,-0.013627834503124901f,2.4478353226101652f,-0.3774940395507297f,0.03120881160634539f,-0.9254859589328148f,1.0639768464424662f,0f,0f,0f,1f], start_interpolation: 0, interpolation_duration: 1 }
$data merge entity $(bone_head_angle) { transformation: [-0.9999811707984612f,-0.005841948460398773f,-0.0018787460512621396f,0.011208281291572201f,-0.005898439778359903f,0.9994826109155787f,0.031618331479679906f,2.195582795939367f,0.0016930613456547239f,0.03162881780218632f,-0.9994982498372451f,1.196031511904303f,0f,0f,0f,1f], start_interpolation: 0, interpolation_duration: 1 }
$data merge entity $(bone_neck3) { transformation: [-0.9995779241680437f,0.02899704125694374f,-0.0017734469960430717f,-0.009799602767735147f,0.0289701882937794f,0.9994870737318903f,0.013649821723587821f,1.478481132481157f,0.002168341792162504f,0.01359268337032335f,-0.9999052641388916f,1.092520652218862f,0f,0f,0f,1f], start_interpolation: 0, interpolation_duration: 1 }
$data merge entity $(bone_neck2) { transformation: [-0.9999071939989904f,0.013556131730972901f,0.0013545041741720599f,-0.015793902783200107f,0.013620410738056383f,0.9925551064012854f,0.12103241370831114f,1.0385648790380175f,0.0002963113092311422f,0.12103963007720092f,-0.9926476314132736f,1.0860961717825837f,0f,0f,0f,1f], start_interpolation: 0, interpolation_duration: 1 }
$data merge entity $(bone_chest2) { transformation: [-0.9999071939989904f,0.01236742997549493f,0.005714023526952731f,-0.028490317981539535f,0.013620410738056383f,0.8983710586620792f,0.4390261101229649f,0.10843476032460037f,0.0002963113092311422f,0.43906319321274956f,-0.8984561339127424f,0.9967217966615465f,0f,0f,0f,1f], start_interpolation: 0, interpolation_duration: 1 }
$data merge entity $(bone_chest) { transformation: [-0.9998914226626511f,0.014241854837034957f,-0.0037831807332449653f,-0.03082696631181936f,0.014735768919862037f,0.966377022590494f,-0.25670665617290195f,-0.05011784971780353f,-1.2243783049871483e-16f,-0.2567345317247621f,-0.9664819606283745f,0.5215037704637581f,0f,0f,0f,1f], start_interpolation: 0, interpolation_duration: 1 }
$data merge entity $(bone_tail2) { transformation: [-0.9998914226626511f,0.014148143257408624f,0.004119821358677438f,-0.02489412762485766f,0.014735768919862037f,0.9600182499209404f,0.2795493103784644f,0.35245323750507374f,-1.2243783049871483e-16f,0.2795796663942184f,-0.9601224974652439f,-1.1685178257710824f,0f,0f,0f,1f], start_interpolation: 0, interpolation_duration: 1 }
$data merge entity $(bone_tail) { transformation: [-0.9998914226626511f,0.014651906090684737f,0.0015698832979962108f,-0.021819857338935055f,0.014735768919862037f,0.9942009341628235f,0.10652398614448011f,0.5610569762415996f,-1.2243783049871483e-16f,0.10653555349121119f,-0.9943088935749902f,-0.7690181023076583f,0f,0f,0f,1f], start_interpolation: 0, interpolation_duration: 1 }
$data merge entity $(bone_torso) { transformation: [-0.9998914226626511f,0.014725439231352892f,0.0005516566897129945f,-0.02173895133713296f,0.014735768919862037f,0.9991905045771928f,0.03743250829312928f,0.5665468300581105f,-1.2243783049871483e-16f,0.03743657305655123f,-0.9992990058024582f,-0.080830142910451f,0f,0f,0f,1f], start_interpolation: 0, interpolation_duration: 1 }
$data merge entity $(bone_leg_front_left4) { transformation: [-0.9424122209112124f,0.27384728039044237f,-0.19200748136454138f,1.802858690283667f,0.25729006642633434f,0.9604007049144554f,0.10692197023133058f,-0.01776865221000752f,0.21368441121319243f,0.05136295379527479f,-0.9755515462454538f,0.6039330517355113f,0f,0f,0f,1f], start_interpolation: 0, interpolation_duration: 1 }
$data merge entity $(bone_leg_front_left3) { transformation: [-0.9878595692214184f,0.15325195365899483f,-0.0254422915118708f,1.4039353020633876f,0.15149489972420144f,0.9865974636704806f,0.06061963408441847f,0.059191736172800574f,0.03439137762910724f,0.05602930821164887f,-0.9978366348085724f,0.618780006838143f,0f,0f,0f,1f], start_interpolation: 0, interpolation_duration: 1 }
$data merge entity $(bone_leg_front_left2) { transformation: [-0.9737892534863527f,0.17400245649837437f,0.14648424805085108f,0.7980358070172042f,0.18066726763395122f,0.9829772740330424f,0.03339187236815649f,0.18746779835078636f,-0.1381804190186662f,0.05898155531265988f,-0.9886492542518431f,0.533338831753237f,0f,0f,0f,1f], start_interpolation: 0, interpolation_duration: 1 }
$data merge entity $(bone_leg_front_left) { transformation: [-0.9108395048844462f,0.3101684505230379f,0.2723360582846031f,0.5987896653237317f,0.32488870862446595f,0.9457042946967482f,0.00952438976799826f,0.2585372033623883f,-0.25459521470401564f,0.097154100748572f,-0.962155058895162f,0.47764612853673366f,0f,0f,0f,1f], start_interpolation: 0, interpolation_duration: 1 }
$data merge entity $(bone_leg_back_left4) { transformation: [-0.4747011048704666f,0.5728845418891877f,-0.6681782417133719f,1.0995920337789191f,0.6088653588026448f,0.7619488661348748f,0.22071905274784348f,-0.11539330963524225f,0.6355641870691618f,-0.3020550066795685f,-0.7105075207588735f,-0.9669821770023492f,0f,0f,0f,1f], start_interpolation: 0, interpolation_duration: 1 }
$data merge entity $(bone_leg_back_left3) { transformation: [-0.6982017447318392f,0.45875807570460553f,-0.5495956255550282f,0.9468604021188294f,0.5003437361759728f,0.8617712541807756f,0.08370454669348462f,-0.0059431173467481835f,0.5120258482956538f,-0.21654406813279506f,-0.8312269228277048f,-0.854976522687675f,0f,0f,0f,1f], start_interpolation: 0, interpolation_duration: 1 }
$data merge entity $(bone_leg_back_left2) { transformation: [-0.7999733454553554f,0.35101640941192236f,-0.48665195662252103f,0.6468703975730711f,0.38109793545473797f,0.9236785472996766f,0.039778195666667106f,0.13696860844877856f,0.4634727717494338f,-0.15364055969021007f,-0.8726898465462836f,-0.6811742332816373f,0f,0f,0f,1f], start_interpolation: 0, interpolation_duration: 1 }
$data merge entity $(bone_leg_back_left) { transformation: [-0.8598208130908215f,0.34317693311067804f,-0.3780711070110855f,0.5662621963458065f,0.37457662348567794f,0.9271386910223195f,-0.010305374689390856f,0.17208516690056086f,0.3469877843871555f,-0.15047737434634248f,-0.9257192000255388f,-0.6486441284953415f,0f,0f,0f,1f], start_interpolation: 0, interpolation_duration: 1 }
$data merge entity $(bone_leg_front_right4) { transformation: [-0.9495848553083622f,-0.24542693992256437f,0.19507490799496097f,-1.8627630022346655f,-0.22940700724578508f,0.9680534407447093f,0.10121739420110483f,0.036252967522206f,-0.2136844112131926f,0.05136295379527472f,-0.9755515462454537f,0.6039330517355109f,0f,0f,0f,1f], start_interpolation: 0, interpolation_duration: 1 }
$data merge entity $(bone_leg_front_right3) { transformation: [-0.9918948587614339f,-0.1241120110867328f,0.027217602147167896f,-1.461744966036063f,-0.12231852806262394f,0.9906850787840357f,0.05984356579668608f,0.10142432390364753f,-0.034391377629107434f,0.056029308211648816f,-0.9978366348085723f,0.6187800068381428f,0f,0f,0f,1f], start_interpolation: 0, interpolation_duration: 1 }
$data merge entity $(bone_leg_front_right2) { transformation: [-0.9786903147591574f,-0.14496018324947457f,-0.1454366290481876f,-0.8523285221748627f,-0.151892855646496f,0.9876779441726835f,0.03769401807149672f,0.2117898265604057f,0.13818041901866598f,0.05898155531265983f,-0.9886492542518431f,0.5333388317532369f,0f,0f,0f,1f], start_interpolation: 0, interpolation_duration: 1 }
$data merge entity $(bone_leg_front_right) { transformation: [-0.9200178704927109f,-0.28216541506996573f,-0.27193711867351117f,-0.6510746130045821f,-0.2979066877797034f,0.9544337374831897f,0.017545544448549888f,0.2769569145122158f,0.2545952147040154f,0.09715410074857192f,-0.9621550588951621f,0.47764612853673355f,0f,0f,0f,1f], start_interpolation: 0, interpolation_duration: 1 }
$data merge entity $(bone_leg_back_right4) { transformation: [-0.4924371990629514f,-0.5501823796353054f,0.6743922850373273f,-1.1626786008245242f,-0.5946122846814976f,0.778499917841125f,0.20093309540046206f,-0.08205339237009217f,-0.635564187069162f,-0.30205500667956864f,-0.7105075207588734f,-0.9669821770023497f,0f,0f,0f,1f], start_interpolation: 0, interpolation_duration: 1 }
$data merge entity $(bone_leg_back_right3) { transformation: [-0.7126428239316825f,-0.43316387709033444f,0.5518235778604847f,-1.0067879830894686f,-0.47955159907542055f,0.874915837175536f,0.06747252539840311f,0.022848519927656075f,-0.512025848295654f,-0.21654406813279514f,-0.8312269228277048f,-0.8549765226876753f,0f,0f,0f,1f], start_interpolation: 0, interpolation_duration: 1 }
$data merge entity $(bone_leg_back_right2) { transformation: [-0.8108562511484355f,-0.3236446964382838f,0.4876128079130781f,-0.7027168889088052f,-0.3573585451901247f,0.9336212770098217f,0.025420096265504354f,0.15685797437395285f,-0.463472771749434f,-0.15364055969021012f,-0.8726898465462836f,-0.6811742332816375f,0f,0f,0f,1f], start_interpolation: 0, interpolation_duration: 1 }
$data merge entity $(bone_leg_back_right) { transformation: [-0.8704855556556114f,-0.3157066600256551f,0.3776032338452451f,-0.6211088680660917f,-0.34907645993540465f,0.9368489017046858f,-0.02144202634290232f,0.18958389249289703f,-0.3469877843871557f,-0.15047737434634254f,-0.9257192000255388f,-0.6486441284953417f,0f,0f,0f,1f], start_interpolation: 0, interpolation_duration: 1 }