# This file was generated by Animated Java via MC-Build. It is not recommended to edit this file directly.
$data merge entity $(bone_shell2) { transformation: [-1.1977814939020903f,0.01769483704261253f,-0.0032750397692532743f,-0.011797618363463061f,0.01799536449908151f,1.1777782188483166f,-0.21798847295398419f,1.13165201542137f,-1.4670216205666868e-16f,-0.21801307352152094f,-1.1779111341911486f,-0.4535913758467458f,0f,0f,0f,1f], start_interpolation: 0, interpolation_duration: 1 }
$data merge entity $(bone_shell) { transformation: [-1.2602744414100253f,0.01890854766289214f,-0.0009862885175324705f,-0.014531160716619723f,0.018934253081642285f,1.2585634744066339f,-0.06564791360625132f,0.9497059123804681f,-1.5435618790310356e-16f,-0.06565532214446636f,-1.2587055065761878f,0.5572596438190767f,0f,0f,0f,1f], start_interpolation: 0, interpolation_duration: 1 }
$data merge entity $(bone_pupil_right2) { transformation: [-0.9999796101178163f,-0.005912596891545114f,-0.002412580903976426f,-0.3342389246014119f,-0.00615932421118108f,0.9927597626936197f,0.11995881085509841f,2.337415249649204f,0.0016858451535354912f,0.11997122477705155f,-0.9927759380402065f,1.4608705309208458f,0f,0f,0f,1f], start_interpolation: 0, interpolation_duration: 1 }
$data merge entity $(bone_pupil_right) { transformation: [-0.9999796101178163f,-0.005912596891545114f,-0.002412580903976426f,-0.33304735206883274f,-0.00615932421118108f,0.9927597626936197f,0.11995881085509841f,2.3294085031908236f,0.0016858451535354912f,0.11997122477705155f,-0.9927759380402065f,1.3969453770997495f,0f,0f,0f,1f], start_interpolation: 0, interpolation_duration: 1 }
$data merge entity $(bone_eyelid_right) { transformation: [-0.9999796101178163f,-0.005912596891545114f,-0.002412580903976426f,-0.29698285985492273f,-0.00615932421118108f,0.9927597626936197f,0.11995881085509841f,2.3606555212776548f,0.0016858451535354912f,0.11997122477705155f,-0.9927759380402065f,1.4006333659872168f,0f,0f,0f,1f], start_interpolation: 0, interpolation_duration: 1 }
$data merge entity $(bone_eye_right) { transformation: [-0.9999796101178163f,-0.005912596891545114f,-0.002412580903976426f,-0.3332321207216935f,-0.00615932421118108f,0.9927597626936197f,0.11995881085509841f,2.3604322457749993f,0.0016858451535354912f,0.11997122477705155f,-0.9927759380402065f,1.4006944778740325f,0f,0f,0f,1f], start_interpolation: 0, interpolation_duration: 1 }
$data merge entity $(bone_pupil_left2) { transformation: [-0.9999796101178163f,-0.005912596891545114f,-0.002412580903976426f,0.3582469554051759f,-0.00615932421118108f,0.9927597626936197f,0.11995881085509841f,2.3416805816654462f,0.0016858451535354912f,0.11997122477705155f,-0.9927759380402065f,1.4597030831520226f,0f,0f,0f,1f], start_interpolation: 0, interpolation_duration: 1 }
$data merge entity $(bone_pupil_left) { transformation: [-0.9999796101178163f,-0.005912596891545114f,-0.002412580903976426f,0.3569385789124605f,-0.00615932421118108f,0.9927597626936197f,0.11995881085509841f,2.3336584368965383f,0.0016858451535354912f,0.11997122477705155f,-0.9927759380402065f,1.39578214394381f,0f,0f,0f,1f], start_interpolation: 0, interpolation_duration: 1 }
$data merge entity $(bone_eyelid_left) { transformation: [-0.9999796101178163f,-0.005912596891545114f,-0.002412580903976426f,0.32050454939282896f,-0.00615932421118108f,0.9927597626936197f,0.11995881085509841f,2.3644589039780586f,0.0016858451535354912f,0.11997122477705155f,-0.9927759380402065f,1.3995923566049087f,0f,0f,0f,1f], start_interpolation: 0, interpolation_duration: 1 }
$data merge entity $(bone_eye_left) { transformation: [-0.9999796101178163f,-0.005912596891545114f,-0.002412580903976426f,0.35675381025959974f,-0.00615932421118108f,0.9927597626936197f,0.11995881085509841f,2.364682179480714f,0.0016858451535354912f,0.11997122477705155f,-0.9927759380402065f,1.399531244718093f,0f,0f,0f,1f], start_interpolation: 0, interpolation_duration: 1 }
$data merge entity $(bone_muzzle2) { transformation: [-0.9999796101178163f,-0.005679827394686096f,-0.0029187170789088156f,0.01168247090834578f,-0.00615932421118108f,0.9785269128150014f,0.20602704585079085f,2.4376915081333794f,0.0016858451535354912f,0.2060408223083691f,-0.9785419446649227f,1.6281315627868178f,0f,0f,0f,1f], start_interpolation: 0, interpolation_duration: 1 }
$data merge entity $(bone_muzzle) { transformation: [-0.9999796101178163f,-0.005912596891545114f,-0.002412580903976426f,0.010189464764410006f,-0.00615932421118108f,0.9927597626936197f,0.11995881085509841f,2.5992736068623f,0.0016858451535354912f,0.11997122477705155f,-0.9927759380402065f,1.3328854852463847f,0f,0f,0f,1f], start_interpolation: 0, interpolation_duration: 1 }
$data merge entity $(bone_tongue) { transformation: [-0.9999796101178163f,-0.00610036795593586f,-0.001888083531608597f,0.013371282630638161f,-0.00615932421118108f,0.9994371113334053f,0.03297761687568826f,2.0693531919937938f,0.0016858451535354912f,0.032988573784574524f,-0.9994543070725032f,1.2841273583273138f,0f,0f,0f,1f], start_interpolation: 0, interpolation_duration: 1 }
$data merge entity $(bone_jaw) { transformation: [-0.9999796101178163f,-0.00610036795593586f,-0.001888083531608597f,0.013239648742377935f,-0.00615932421118108f,0.9994371113334053f,0.03297761687568826f,2.0995550511955976f,0.0016858451535354912f,0.032988573784574524f,-0.9994543070725032f,1.3163911983540975f,0f,0f,0f,1f], start_interpolation: 0, interpolation_duration: 1 }
$data merge entity $(bone_ear_left) { transformation: [-0.9164929013972954f,-0.1198779780868419f,-0.3816674364655412f,0.36063398861067714f,-0.12336986570938041f,0.9922411542039301f,-0.015406756274497002f,2.4540270011729737f,0.38055306847168713f,0.03296607762326264f,-0.9241713043602467f,1.0616609244726738f,0f,0f,0f,1f], start_interpolation: 0, interpolation_duration: 1 }
$data merge entity $(bone_ear_right) { transformation: [-0.9192209533741816f,0.1077565294312605f,0.37871013881699883f,-0.3393517384717943f,0.11206287837074622f,0.9936432575261082f,-0.010723248769253846f,2.449715474225147f,-0.3774582760638901f,0.0325823132670758f,-0.9254532093482856f,1.0628410160801487f,0f,0f,0f,1f], start_interpolation: 0, interpolation_duration: 1 }
$data merge entity $(bone_head_angle) { transformation: [-0.9999796101178163f,-0.00610036795593586f,-0.001888083531608597f,0.012431728805057874f,-0.00615932421118108f,0.9994371113334053f,0.03297761687568826f,2.1973744824925654f,0.0016858451535354912f,0.032988573784574524f,-0.9994543070725032f,1.1945520887623384f,0f,0f,0f,1f], start_interpolation: 0, interpolation_duration: 1 }
$data merge entity $(bone_neck3) { transformation: [-0.9995845783065662f,0.028766603571084896f,-0.0017757619965107399f,-0.008410745198832278f,0.028737618394593496f,0.9994800335293894f,0.014622307105823573f,1.4803690496844877f,0.0021954727716206562f,0.014565201511628503f,-0.9998915115172416f,1.090343520971114f,0f,0f,0f,1f], start_interpolation: 0, interpolation_duration: 1 }
$data merge entity $(bone_neck2) { transformation: [-0.9999068245943504f,0.013591280108819966f,0.001272491511360693f,-0.014416578286036045f,0.013645724714463861f,0.9926673680279934f,0.12010533147780339f,1.0404471387592185f,0.00036922440325711593f,0.12011150468368786f,-0.9927603387101843f,1.0843303785490406f,0f,0f,0f,1f], start_interpolation: 0, interpolation_duration: 1 }
$data merge entity $(bone_chest2) { transformation: [-0.9999068245943504f,0.012434288688816604f,0.005632991607135389f,-0.027144906259841874f,0.013645724714463861f,0.8993094223963319f,0.4370999393573425f,0.11012797656079998f,0.00036922440325711593f,0.43713607864597337f,-0.8993953037565634f,0.9969503937789364f,0f,0f,0f,1f], start_interpolation: 0, interpolation_duration: 1 }
$data merge entity $(bone_chest) { transformation: [-0.9998871601269622f,0.014509407141486803f,-0.0038915443773770066f,-0.02954409742170184f,0.01502221732097239f,0.9657542286765416f,-0.25902336338666343f,-0.04956352477867365f,-1.224644135429582e-16f,-0.25905259484857623f,-0.96586321655927f,0.5221141790883194f,0f,0f,0f,1f], start_interpolation: 0, interpolation_duration: 1 }
$data merge entity $(bone_tail2) { transformation: [-0.9998871601269622f,0.014420973464094822f,0.004207438363944964f,-0.023556473124556835f,0.01502221732097239f,0.9598680338054596f,0.28004944325101316f,0.34897608668207786f,-1.224644135429582e-16f,0.2800810475608602f,-0.9599763574157495f,-1.1687448007504606f,0f,0f,0f,1f], start_interpolation: 0, interpolation_duration: 1 }
$data merge entity $(bone_tail) { transformation: [-0.9998871601269622f,0.01494095981500612f,0.0015603631131551334f,-0.02040636933823848f,0.01502221732097239f,0.9944786152268581f,0.10385863875110277f,0.5586487509571288f,-1.224644135429582e-16f,0.10387035946927767f,-0.994590844731502f,-0.7698056441088279f,0f,0f,0f,1f], start_interpolation: 0, interpolation_duration: 1 }
$data merge entity $(bone_torso) { transformation: [-0.9998871601269622f,0.015012936705082114f,0.0005279628090321291f,-0.020300189497414252f,0.01502221732097239f,0.9992694371591418f,0.03514149892097924f,0.5657161403601788f,-1.224644135429582e-16f,0.03514546473075731f,-0.9993822073205321f,-0.08163208080312596f,0f,0f,0f,1f], start_interpolation: 0, interpolation_duration: 1 }
$data merge entity $(bone_leg_front_left4) { transformation: [-0.9461160783151965f,0.2601269534324933f,-0.19286869743792565f,1.8044642472228942f,0.24451025940932872f,0.9643510635292222f,0.10120157762426854f,-0.016821389391711128f,0.21231839156572233f,0.04859006449869739f,-0.9759917552084939f,0.6041701459492319f,0f,0f,0f,1f], start_interpolation: 0, interpolation_duration: 1 }
$data merge entity $(bone_leg_front_left3) { transformation: [-0.9888553124558493f,0.14665397813713033f,-0.025647255689418336f,1.405033244946098f,0.14501007841589555f,0.9877750890475415f,0.05720533729414812f,0.057522940731114275f,0.033723110557303426f,0.052848691125472046f,-0.9980329491858794f,0.618695920411972f,0f,0f,0f,1f], start_interpolation: 0, interpolation_duration: 1 }
$data merge entity $(bone_leg_front_left2) { transformation: [-0.9737871915766114f,0.17403835396163073f,0.1464553067377956f,0.7991355994913663f,0.18038881357895709f,0.9831018305704828f,0.031155523820696543f,0.18562691532062625f,-0.138558224068122f,0.05675774906822753f,-0.9887265428134293f,0.5329838701985867f,0f,0f,0f,1f], start_interpolation: 0, interpolation_duration: 1 }
$data merge entity $(bone_leg_front_left) { transformation: [-0.909707365211416f,0.3134985732913507f,0.2723070954352656f,0.600137113351369f,0.327766176249587f,0.944730335299357f,0.007343519039884937f,0.2573257663752234f,-0.25495459083301064f,0.09593350879360198f,-0.9621823727878827f,0.4772125534538656f,0f,0f,0f,1f], start_interpolation: 0, interpolation_duration: 1 }
$data merge entity $(bone_leg_back_left4) { transformation: [-0.48420259142964367f,0.5609534351333149f,-0.6714753115826013f,1.104524698017256f,0.5993130461544922f,0.7717738402211366f,0.21257707369173895f,-0.11056641424027366f,0.6374729195517572f,-0.29949354444203513f,-0.7098816053932553f,-0.9677867818305845f,0f,0f,0f,1f], start_interpolation: 0, interpolation_duration: 1 }
$data merge entity $(bone_leg_back_left3) { transformation: [-0.7060710963478442f,0.4451170456060875f,-0.5507580436208458f,0.9500716456911651f,0.48752483035097793f,0.8696338945294646f,0.0778230639127379f,-0.003920357600997237f,0.5135982347062764f,-0.21355960572267416f,-0.8310289694771009f,-0.8554371679885866f,0f,0f,0f,1f], start_interpolation: 0, interpolation_duration: 1 }
$data merge entity $(bone_leg_back_left2) { transformation: [-0.8045112030738264f,0.3398114815219835f,-0.4871240921516192f,0.6483799445384801f,0.37078170756862516f,0.9280589316228404f,0.035036334961959015f,0.1351227827372372f,0.4639856134205015f,-0.1524295786942505f,-0.8726296889734465f,-0.6814425629558986f,0f,0f,0f,1f], start_interpolation: 0, interpolation_duration: 1 }
$data merge entity $(bone_leg_back_left) { transformation: [-0.8619850245399743f,0.33784310371010173f,-0.37794689407950616f,0.5675688484878575f,0.37006159731278676f,0.9289067849025153f,-0.013660130174375472f,0.16981605748531098f,0.34646245346809057f,-0.151638458966047f,-0.9257264963796129f,-0.648961707943265f,0f,0f,0f,1f], start_interpolation: 0, interpolation_duration: 1 }
$data merge entity $(bone_leg_front_right4) { transformation: [-0.9530344075029915f,-0.2310394361399145f,0.1958218503221041f,-1.8617410837515669f,-0.2159775884631707f,0.9717303044467444f,0.09536192479952627f,0.03825935913816562f,-0.21231839156572263f,0.048590064498697315f,-0.9759917552084939f,0.6041701459492314f,0f,0f,0f,1f], start_interpolation: 0, interpolation_duration: 1 }
$data merge entity $(bone_leg_front_right3) { transformation: [-0.9927652626148198f,-0.11691399286802151f,0.027354188289627157f,-1.4602569769528593f,-0.11523838405526196f,0.9917349112126589f,0.0564090482312128f,0.10057081064831358f,-0.03372311055730373f,0.052848691125472f,-0.9980329491858794f,0.6186959204119715f,0f,0f,0f,1f], start_interpolation: 0, interpolation_duration: 1 }
$data merge entity $(bone_leg_front_right2) { transformation: [-0.9787667566462225f,-0.14442639875746888f,-0.1454532619991144f,-0.8507844165295555f,-0.1510538136801669f,0.9878864171870452f,0.03554113264965987f,0.21041516946696548f,0.1385582240681217f,0.056757749068227475f,-0.9887265428134294f,0.5329838701985865f,0f,0f,0f,1f], start_interpolation: 0, interpolation_duration: 1 }
$data merge entity $(bone_leg_front_right) { transformation: [-0.9191432215872994f,-0.28497639473921815f,-0.27196358699568174f,-0.6497218368073338f,-0.30028968484330704f,0.9537217709227284f,0.015520594212920923f,0.2761035380264389f,0.2549545908330104f,0.0959335087936019f,-0.9621823727878828f,0.4772125534538655f,0f,0f,0f,1f], start_interpolation: 0, interpolation_duration: 1 }
$data merge entity $(bone_leg_back_right4) { transformation: [-0.50198804417248f,-0.5375153655354212f,0.6775582892424908f,-1.1649336395376932f,-0.5844966042211424f,0.788277139495285f,0.19230931075505395f,-0.07647027048809837f,-0.6374729195517573f,-0.2994935444420353f,-0.7098816053932551f,-0.9677867818305849f,0f,0f,0f,1f], start_interpolation: 0, interpolation_duration: 1 }
$data merge entity $(bone_leg_back_right3) { transformation: [-0.7203981775271076f,-0.4187914386727214f,0.5528473538962217f,-1.0073465382036384f,-0.4660936806289249f,0.8826131801066692f,0.06124259285638947f,0.025487722149478947f,-0.5135982347062766f,-0.21355960572267424f,-0.8310289694771007f,-0.8554371679885868f,0f,0f,0f,1f], start_interpolation: 0, interpolation_duration: 1 }
$data merge entity $(bone_leg_back_right2) { transformation: [-0.8152867695447479f,-0.3117782534376169f,0.4879567645690327f,-0.701613999624358f,-0.3464460043702192f,0.937848358863245f,0.020386805375722874f,0.15540497378831117f,-0.4639856134205017f,-0.15242957869425056f,-0.8726296889734463f,-0.6814425629558987f,0f,0f,0f,1f], start_interpolation: 0, interpolation_duration: 1 }
$data merge entity $(bone_leg_back_right) { transformation: [-0.872713018255445f,-0.3097852936235722f,0.37736594920849503f,-0.61979715416291f,-0.3439996455003149f,0.9386366973525803f,-0.02500788433070765f,0.1876549405539657f,-0.3464624534680908f,-0.15163845896604705f,-0.9257264963796128f,-0.6489617079432651f,0f,0f,0f,1f], start_interpolation: 0, interpolation_duration: 1 }