# This file was generated by Animated Java via MC-Build. It is not recommended to edit this file directly.
$data merge entity $(bone_shell2) { transformation: [-1.19773868287838f,0.02005600735672256f,-0.004913693463010301f,0.023137971833037962f,0.02064916014130695f,1.1633333109362731f,-0.28501501737502305f,1.1148618193479993f,-1.467131540165089e-16f,-0.28505737056377467f,-1.1635061820914598f,-0.49393519919849393f,0f,0f,0f,1f], start_interpolation: 0, interpolation_duration: 1 }
$data merge entity $(bone_shell) { transformation: [-1.2602293967676867f,0.02159670197257658f,-0.0023714125687455162f,0.021003507471191653f,0.021726507626940353f,1.2527001194303078f,-0.13755196565931135f,0.9910538525390074f,-1.5436775335650067e-16f,-0.13757240586073785f,-1.252886270479807f,0.5256719173133082f,0f,0f,0f,1f], start_interpolation: 0, interpolation_duration: 1 }
$data merge entity $(bone_pupil_right2) { transformation: [-0.9999485793458056f,-0.009445520172049514f,-0.0036906385605912184f,-0.31216475443955777f,-0.009892127560810707f,0.9886474566875797f,0.14992782329341242f,2.402243379659433f,0.002232594147212217f,0.14995662217407887f,-0.9886900560790092f,1.398910297300517f,0f,0f,0f,1f], start_interpolation: 0, interpolation_duration: 1 }
$data merge entity $(bone_pupil_right) { transformation: [-0.9999485793458056f,-0.009445520172049514f,-0.0036906385605912184f,-0.31099789737272415f,-0.009892127560810707f,0.9886474566875797f,0.14992782329341242f,2.396178617263979f,0.002232594147212217f,0.14995662217407887f,-0.9886900560790092f,1.334771305831425f,0f,0f,0f,1f], start_interpolation: 0, interpolation_duration: 1 }
$data merge entity $(bone_eyelid_right) { transformation: [-0.9999485793458056f,-0.009445520172049514f,-0.0036906385605912184f,-0.2750449338768153f,-0.009892127560810707f,0.9886474566875797f,0.14992782329341242f,2.427432439909545f,0.002232594147212217f,0.14995662217407887f,-0.9886900560790092f,1.3393765187365285f,0f,0f,0f,1f], start_interpolation: 0, interpolation_duration: 1 }
$data merge entity $(bone_eye_right) { transformation: [-0.9999485793458056f,-0.009445520172049514f,-0.0036906385605912184f,-0.3112930698781007f,-0.009892127560810707f,0.9886474566875797f,0.14992782329341242f,2.4270738502854656f,0.002232594147212217f,0.14995662217407887f,-0.9886900560790092f,1.339457450274365f,0f,0f,0f,1f], start_interpolation: 0, interpolation_duration: 1 }
$data merge entity $(bone_pupil_left2) { transformation: [-0.9999485793458056f,-0.009445520172049514f,-0.0036906385605912184f,0.38029963675741263f,-0.009892127560810707f,0.9886474566875797f,0.14992782329341242f,2.4090936779952945f,0.002232594147212217f,0.14995662217407887f,-0.9886900560790092f,1.3973642258535728f,0f,0f,0f,1f], start_interpolation: 0, interpolation_duration: 1 }
$data merge entity $(bone_pupil_left) { transformation: [-0.9999485793458056f,-0.009445520172049514f,-0.0036906385605912184f,0.3789666223758817f,-0.009892127560810707f,0.9886474566875797f,0.14992782329341242f,2.4030041852809383f,0.002232594147212217f,0.14995662217407887f,-0.9886900560790092f,1.3332308158698487f,0f,0f,0f,1f], start_interpolation: 0, interpolation_duration: 1 }
$data merge entity $(bone_eyelid_left) { transformation: [-0.9999485793458056f,-0.009445520172049514f,-0.0036906385605912184f,0.34242331386921976f,-0.009892127560810707f,0.9886474566875797f,0.14992782329341242f,2.4335408286783458f,0.002232594147212217f,0.14995662217407887f,-0.9886900560790092f,1.3379978918506252f,0f,0f,0f,1f], start_interpolation: 0, interpolation_duration: 1 }
$data merge entity $(bone_eye_left) { transformation: [-0.9999485793458056f,-0.009445520172049514f,-0.0036906385605912184f,0.37867144987050516f,-0.009892127560810707f,0.9886474566875797f,0.14992782329341242f,2.433899418302425f,0.002232594147212217f,0.14995662217407887f,-0.9886900560790092f,1.3379169603127887f,0f,0f,0f,1f], start_interpolation: 0, interpolation_duration: 1 }
$data merge entity $(bone_muzzle2) { transformation: [-0.9999485793458056f,-0.009087916771152883f,-0.004499825892866886f,0.03352844354492344f,-0.009892127560810707f,0.9718182838363786f,0.2355236060645228f,2.4986876820837294f,0.002232594147212217f,0.23555600813835434f,-0.9718582111364277f,1.5688747114142552f,0f,0f,0f,1f], start_interpolation: 0, interpolation_duration: 1 }
$data merge entity $(bone_muzzle) { transformation: [-0.9999485793458056f,-0.009445520172049514f,-0.0036906385605912184f,0.031194428973232494f,-0.009892127560810707f,0.9886474566875797f,0.14992782329341242f,2.669121058948868f,0.002232594147212217f,0.14995662217407887f,-0.9886900560790092f,1.2786536466613245f,0f,0f,0f,1f], start_interpolation: 0, interpolation_duration: 1 }
$data merge entity $(bone_tongue) { transformation: [-0.9999485793458056f,-0.009731237461075834f,-0.00285336324040096f,0.03627498127316651f,-0.009892127560810707f,0.9979524254317326f,0.06319099925814432f,2.140933551665077f,0.002232594147212217f,0.0632159757687746f,-0.9979973727074513f,1.2138827416370555f,0f,0f,0f,1f], start_interpolation: 0, interpolation_duration: 1 }
$data merge entity $(bone_jaw) { transformation: [-0.9999485793458056f,-0.009731237461075834f,-0.00285336324040096f,0.036060047703770415f,-0.009892127560810707f,0.9979524254317326f,0.06319099925814432f,2.170144846233002f,0.002232594147212217f,0.0632159757687746f,-0.9979973727074513f,1.2470456587769374f,0f,0f,0f,1f], start_interpolation: 0, interpolation_duration: 1 }
$data merge entity $(bone_ear_left) { transformation: [-0.9215776481180709f,-0.05108251249374671f,-0.38481841874641565f,0.38193901298682603f,-0.07144847258069502f,0.9966892596661617f,0.03880251837193178f,2.533438346299388f,0.38156225475674493f,0.06325422186261277f,-0.9221763113209447f,1.0029016903705126f,0f,0f,0f,1f], start_interpolation: 0, interpolation_duration: 1 }
$data merge entity $(bone_ear_right) { transformation: [-0.9245052423187046f,0.03163669282776474f,0.3798541517374209f,-0.3180249925552378f,0.05318584606446153f,0.9975075706750184f,0.0463671459595102f,2.5265138570068206f,-0.37744048895639326f,0.06306953395217675f,-0.9238836026163759f,1.004464506273561f,0f,0f,0f,1f], start_interpolation: 0, interpolation_duration: 1 }
$data merge entity $(bone_head_angle) { transformation: [-0.9999485793458056f,-0.009731237461075834f,-0.00285336324040096f,0.03479107378674443f,-0.009892127560810707f,0.9979524254317326f,0.06319099925814432f,2.271601761024495f,0.002232594147212217f,0.0632159757687746f,-0.9979973727074513f,1.1282224849168285f,0f,0f,0f,1f], start_interpolation: 0, interpolation_duration: 1 }
$data merge entity $(bone_neck3) { transformation: [-0.999848227157889f,0.01726225998003484f,-0.0023530893753303337f,0.022163222297157174f,0.01723235526113045f,0.9997772479689315f,0.01218607302718007f,1.5541543083931235f,0.002562924380623565f,0.012143674240165644f,-0.9999229783311152f,1.0257514398381675f,0f,0f,0f,1f], start_interpolation: 0, interpolation_duration: 1 }
$data merge entity $(bone_neck2) { transformation: [-0.9999373442367159f,0.011120944940325318f,-0.0012775697467749523f,0.017357694967644922f,0.01099552708602682f,0.9971834411950405f,0.0741908551677189f,1.1144088565343064f,0.0020990438118515748f,0.07417215913030467f,-0.9972432425567117f,1.040046897213505f,0f,0f,0f,1f], start_interpolation: 0, interpolation_duration: 1 }
$data merge entity $(bone_chest2) { transformation: [-0.9999373442367159f,0.010969945429983766f,0.0022288782126442435f,0.007027642052885237f,0.01099552708602682f,0.9251973604714506f,0.37932695997089494f,0.18039450738133722f,0.0020990438118515748f,0.3793277006414423f,-0.9252600118567496f,1.011736100542739f,0f,0f,0f,1f], start_interpolation: 0, interpolation_duration: 1 }
$data merge entity $(bone_chest) { transformation: [-0.9998514222289084f,0.016338652942586462f,-0.005493804405934922f,0.0037701569454619485f,0.017237559770134494f,0.9477110217336819f,-0.31866390730308874f,-0.008553415699384725f,-1.224735894398683e-16f,-0.3187112607118271f,-0.9478518514490953f,0.547769901715436f,0f,0f,0f,1f], start_interpolation: 0, interpolation_duration: 1 }
$data merge entity $(bone_tail2) { transformation: [-0.9998514222289084f,0.01681402086389626f,0.0037976531196806875f,0.00874625792019412f,0.017237559770134494f,0.9752843730979025f,0.22027995397721195f,0.2800815014865523f,-1.224735894398683e-16f,0.22031268754527059f,-0.9754293002091847f,-1.1553315847191985f,0f,0f,0f,1f], start_interpolation: 0, interpolation_duration: 1 }
$data merge entity $(bone_tail) { transformation: [-0.9998514222289084f,0.01723584206190544f,0.00024334182955355134f,0.012963965249587896f,0.017237559770134494f,0.9997517878816635f,0.014114856024361848f,0.5247263774478325f,-1.224735894398683e-16f,0.014116953489845974f,-0.9999003508471059f,-0.7768397147790723f,0f,0f,0f,1f], start_interpolation: 0, interpolation_duration: 1 }
$data merge entity $(bone_torso) { transformation: [-0.9998514222289084f,0.017233350525729704f,-0.000380915326931055f,0.01376438674078205f,0.017237559770134494f,0.9996072682383921f,-0.022094701132859704f,0.5711542116091233f,-1.224735894398683e-16f,-0.022097984402127784f,-0.9997558097282373f,-0.09019815760347556f,0f,0f,0f,1f], start_interpolation: 0, interpolation_duration: 1 }
$data merge entity $(bone_leg_front_left4) { transformation: [-0.9782140554492181f,0.06014093329463768f,-0.1986965773838178f,1.8120600184539988f,0.058089248740649184f,0.9981808464538474f,0.01614425450208142f,-0.09854893144081533f,0.19930604833356308f,0.004250401761121135f,-0.9799280755149985f,0.6155927808015296f,0f,0f,0f,1f], start_interpolation: 0, interpolation_duration: 1 }
$data merge entity $(bone_leg_front_left3) { transformation: [-0.9908210729911645f,0.13269249607438577f,-0.02581284180763968f,1.4116122778025004f,0.13258573796352974f,0.9911545005534369f,0.00581189481439727f,-0.029199186321983928f,0.026355709159560176f,0.0023361331761111367f,-0.9996498982526234f,0.6263362897284777f,0f,0f,0f,1f], start_interpolation: 0, interpolation_duration: 1 }
$data merge entity $(bone_leg_front_left2) { transformation: [-0.9496331543876406f,0.27693945774720197f,0.14663358697946707f,0.8224187353375252f,0.2774609423400466f,0.9605811505541487f,-0.01729967270908221f,0.15922298311795374f,-0.1456444216698756f,0.024256750457424606f,-0.9890395909637257f,0.5356875379107027f,0f,0f,0f,1f], start_interpolation: 0, interpolation_duration: 1 }
$data merge entity $(bone_leg_front_left) { transformation: [-0.864239241367217f,0.42491326603760543f,0.26933111596373743f,0.6333664012884465f,0.42714554699225366f,0.9026065487348429f,-0.053367591904301875f,0.2526610715225092f,-0.2657766268235518f,0.06892121970939565f,-0.9615678083775808f,0.47754890079305073f,0f,0f,0f,1f], start_interpolation: 0, interpolation_duration: 1 }
$data merge entity $(bone_leg_back_left4) { transformation: [-0.6501505547659365f,0.23607483857792314f,-0.7222000600442738f,1.1838222394747815f,0.3056867532008529f,0.951457920126091f,0.03582506311026165f,0.0007074555902629523f,0.6956003630354617f,-0.1974753068607339f,-0.6907558455237226f,-0.9756442837156768f,0f,0f,0f,1f], start_interpolation: 0, interpolation_duration: 1 }
$data merge entity $(bone_leg_back_left3) { transformation: [-0.8129269745978146f,0.14368186018623577f,-0.564362699887818f,1.0059944637815095f,0.19491956452779888f,0.9803232851098221f,-0.031186856779416676f,0.04334611033071896f,0.548776910352046f,-0.13535796882677292f,-0.8249376479101634f,-0.8555993345761668f,0f,0f,0f,1f], start_interpolation: 0, interpolation_duration: 1 }
$data merge entity $(bone_leg_back_left2) { transformation: [-0.8595618212115881f,0.14041017664268018f,-0.491363875158308f,0.683658780827164f,0.1877258460854663f,0.9810451445260775f,-0.048056540796271904f,0.11374330261276883f,0.4753025165375351f,-0.1335492669278993f,-0.8696275703288775f,-0.6773608908745911f,0f,0f,0f,1f], start_interpolation: 0, interpolation_duration: 1 }
$data merge entity $(bone_leg_back_left) { transformation: [-0.8900941971178005f,0.2591016708355429f,-0.37496485758994563f,0.6002124498473702f,0.3066654293411487f,0.9490789751842608f,-0.07214855029868805f,0.14249318661350152f,0.3371774528408256f,-0.17920776499198737f,-0.9242272135478101f,-0.6457505046707637f,0f,0f,0f,1f], start_interpolation: 0, interpolation_duration: 1 }
$data merge entity $(bone_leg_front_right4) { transformation: [-0.979635071429498f,-0.02569790244060298f,0.19913499098720722f,-1.8065472428768772f,-0.024335692366999288f,0.9996607183915063f,0.009285590018757945f,-0.03616370343085498f,-0.1993060483335633f,0.00425040176112113f,-0.9799280755149984f,0.6155927808015292f,0f,0f,0f,1f], start_interpolation: 0, interpolation_duration: 1 }
$data merge entity $(bone_leg_front_right3) { transformation: [-0.9948024908204461f,-0.09844854834984892f,0.0259978380878724f,-1.4039469895490373f,-0.09835334692898061f,0.9951394001895368f,0.004918672409973145f,0.019341396887004897f,-0.026355709159560398f,0.002336133176111116f,-0.9996498982526234f,0.6263362897284774f,0f,0f,0f,1f], start_interpolation: 0, interpolation_duration: 1 }
$data merge entity $(bone_leg_front_right2) { transformation: [-0.9586328967392678f,-0.24366365211510746f,-0.14714276715900085f,-0.8086086736512936f,-0.24456220420524422f,0.9695564113011549f,-0.012234932737792074f,0.1873420934418631f,0.14564442166987537f,0.02425675045742455f,-0.9890395909637257f,0.5356875379107026f,0f,0f,0f,1f], start_interpolation: 0, interpolation_duration: 1 }
$data merge entity $(bone_leg_front_right) { transformation: [-0.8784493584164773f,-0.39354790883259977f,-0.271010642136369f,-0.6164478764976892f,-0.39710138419800795f,0.9167169186435129f,-0.04405203446799137f,0.27420802123517735f,0.2657766268235516f,0.06892121970939555f,-0.9615678083775808f,0.4775489007930506f,0f,0f,0f,1f], start_interpolation: 0, interpolation_duration: 1 }
$data merge entity $(bone_leg_back_right4) { transformation: [-0.6603012133479954f,-0.20313779516601493f,0.7230057702579249f,-1.1752614374428303f,-0.28309440580149037f,0.9590299991946808f,0.010909539337292912f,0.04137834426386636f,-0.6956003630354617f,-0.19747530686073395f,-0.6907558455237225f,-0.975644283715677f,0f,0f,0f,1f], start_interpolation: 0, interpolation_duration: 1 }
$data merge entity $(bone_leg_back_right3) { transformation: [-0.819162755841073f,-0.1098047338131241f,0.5629523069275829f,-0.9960695846025955f,-0.1667821396532638f,0.9846934247304181f,-0.05062190420519429f,0.07786193731301781f,-0.5487769103520462f,-0.13535796882677298f,-0.8249376479101633f,-0.8555993345761669f,0f,0f,0f,1f], start_interpolation: 0, interpolation_duration: 1 }
$data merge entity $(bone_leg_back_right2) { transformation: [-0.8655219214522359f,-0.10651011203078378f,0.4894153650232278f,-0.6714988640580071f,-0.1579851931628893f,0.9853020802465663f,-0.06496529383504665f,0.1371063847491013f,-0.4753025165375353f,-0.13354926692789937f,-0.8696275703288774f,-0.6773608908745912f,0f,0f,0f,1f], start_interpolation: 0, interpolation_duration: 1 }
$data merge entity $(bone_leg_back_right) { transformation: [-0.9001360000911856f,-0.22623294556436804f,0.37225506803952396f,-0.5871111140494585f,-0.27580164364197257f,0.957446202827003f,-0.08503071243109796f,0.16296278884053622f,-0.33717745284082584f,-0.17920776499198746f,-0.92422721354781f,-0.6457505046707638f,0f,0f,0f,1f], start_interpolation: 0, interpolation_duration: 1 }