# This file was generated by Animated Java via MC-Build. It is not recommended to edit this file directly.
$data merge entity $(bone_shell2) { transformation: [-1.1977718213816408f,-0.017885657450622747f,0.005206480523720406f,0.009148463491025244f,-0.018628048257530817f,1.150036558047881f,-0.33477343271125265f,1.1826365544285138f,-1.4668474271639217e-16f,-0.33481391650993164f,-1.1501756307577806f,-0.48776455588593715f,0f,0f,0f,1f], start_interpolation: 0, interpolation_duration: 1 }
$data merge entity $(bone_shell) { transformation: [-1.260264264236335f,-0.019372863088437275f,0.0029749076821140533f,0.010390598053065653f,-0.019599946427488947f,1.245662947938405f,-0.1912846984067304f,1.1027680810271254f,-1.5433785972768218e-16f,-0.19130783026387316f,-1.245813584646933f,0.5362232978912751f,0f,0f,0f,1f], start_interpolation: 0, interpolation_duration: 1 }
$data merge entity $(bone_pupil_right2) { transformation: [-0.9999755505528024f,0.005875914033044215f,0.0037910329589452476f,-0.3628266234044237f,0.006409618236022704f,0.9869354202513717f,0.16098879789388004f,2.5446192270427885f,-0.0027955483698158612f,0.1610091608807535f,-0.9869489525916664f,1.261079437237521f,0f,0f,0f,1f], start_interpolation: 0, interpolation_duration: 1 }
$data merge entity $(bone_pupil_right) { transformation: [-0.9999755505528024f,0.005875914033044215f,0.0037910329589452476f,-0.3614315255630649f,0.006409618236022704f,0.9869354202513717f,0.16098879789388004f,2.5392521489469333f,-0.0027955483698158612f,0.1610091608807535f,-0.9869489525916664f,1.1968828539972423f,0f,0f,0f,1f], start_interpolation: 0, interpolation_duration: 1 }
$data merge entity $(bone_eyelid_right) { transformation: [-0.9999755505528024f,0.005875914033044215f,0.0037910329589452476f,-0.32499878954199324f,0.006409618236022704f,0.9869354202513717f,0.16098879789388004f,2.5698615321687326f,-0.0027955483698158612f,0.1610091608807535f,-0.9869489525916664f,1.2020157289031717f,0f,0f,0f,1f], start_interpolation: 0, interpolation_duration: 1 }
$data merge entity $(bone_eye_right) { transformation: [-0.9999755505528024f,0.005875914033044215f,0.0037910329589452476f,-0.36124790324953227f,0.006409618236022704f,0.9869354202513717f,0.16098879789388004f,2.5700938808297886f,-0.0027955483698158612f,0.1610091608807535f,-0.9869489525916664f,1.2019143902747658f,0f,0f,0f,1f], start_interpolation: 0, interpolation_duration: 1 }
$data merge entity $(bone_pupil_left2) { transformation: [-0.9999755505528024f,0.005875914033044215f,0.0037910329589452476f,0.329656445353392f,0.006409618236022704f,0.9869354202513717f,0.16098879789388004f,2.540180566414343f,-0.0027955483698158612f,0.1610091608807535f,-0.9869489525916664f,1.2630153544836182f,0f,0f,0f,1f], start_interpolation: 0, interpolation_duration: 1 }
$data merge entity $(bone_pupil_left) { transformation: [-0.9999755505528024f,0.005875914033044215f,0.0037910329589452476f,0.3285516043183687f,0.006409618236022704f,0.9869354202513717f,0.16098879789388004f,2.5348295123640776f,-0.0027955483698158612f,0.1610091608807535f,-0.9869489525916664f,1.1988117823724151f,0f,0f,0f,1f], start_interpolation: 0, interpolation_duration: 1 }
$data merge entity $(bone_eyelid_left) { transformation: [-0.9999755505528024f,0.005875914033044215f,0.0037910329589452476f,0.29248611292436233f,0.006409618236022704f,0.9869354202513717f,0.16098879789388004f,2.565903592907989f,-0.0027955483698158612f,0.1610091608807535f,-0.9869489525916664f,1.2037419800215328f,0f,0f,0f,1f], start_interpolation: 0, interpolation_duration: 1 }
$data merge entity $(bone_eye_left) { transformation: [-0.9999755505528024f,0.005875914033044215f,0.0037910329589452476f,0.32873522663190136f,0.006409618236022704f,0.9869354202513717f,0.16098879789388004f,2.565671244246933f,-0.0027955483698158612f,0.1610091608807535f,-0.9869489525916664f,1.2038433186499387f,0f,0f,0f,1f], start_interpolation: 0, interpolation_duration: 1 }
$data merge entity $(bone_muzzle2) { transformation: [-0.9999755505528024f,0.005523144112843807f,0.004288726585863674f,-0.01648132209001686f,0.006409618236022704f,0.9691487347588714f,0.24639327651002735f,2.6335048799798613f,-0.0027955483698158612f,0.24641474143075748f,-0.9691604408532802f,1.4338146844433415f,0f,0f,0f,1f], start_interpolation: 0, interpolation_duration: 1 }
$data merge entity $(bone_muzzle) { transformation: [-0.9999755505528024f,0.005875914033044215f,0.0037910329589452476f,-0.014562135036215944f,0.006409618236022704f,0.9869354202513717f,0.16098879789388004f,2.80718080685312f,-0.0027955483698158612f,0.1610091608807535f,-0.9869489525916664f,1.14551928186854f,0f,0f,0f,1f], start_interpolation: 0, interpolation_duration: 1 }
$data merge entity $(bone_tongue) { transformation: [-0.9999755505528024f,0.0061839646994792585f,0.0032644872821209615f,-0.01774535105524802f,0.006409618236022704f,0.997210931267859f,0.0743590973180664f,2.27973622140826f,-0.0027955483698158612f,0.07437820339645757f,-0.9972261868647588f,1.0748425429746484f,0f,0f,0f,1f], start_interpolation: 0, interpolation_duration: 1 }
$data merge entity $(bone_jaw) { transformation: [-0.9999755505528024f,0.0061839646994792585f,0.0032644872821209615f,-0.017654117385955573f,0.006409618236022704f,0.997210931267859f,0.0743590973180664f,2.308575341219191f,-0.0027955483698158612f,0.07437820339645757f,-0.9972261868647588f,1.1083301801703114f,0f,0f,0f,1f], start_interpolation: 0, interpolation_duration: 1 }
$data merge entity $(bone_ear_left) { transformation: [-0.9228360447623629f,-0.07033136079152078f,-0.37871775001519387f,0.3353301926072846f,-0.09303044150623463f,0.9947790863905313f,0.04195123637241886f,2.6688748676850205f,0.3737900098190332f,0.07394639253697523f,-0.9245609550431244f,0.8699879236313276f,0f,0f,0f,1f], start_interpolation: 0, interpolation_duration: 1 }
$data merge entity $(bone_ear_right) { transformation: [-0.9194633994618009f,0.082663047857227f,0.3843876657348701f,-0.36465269277967705f,0.10483916633694254f,0.9937984266622586f,0.037059902393207715f,2.6733616004502365f,-0.37894037295057814f,0.07437410626402836f,-0.9224276047828921f,0.8680310397724564f,0f,0f,0f,1f], start_interpolation: 0, interpolation_duration: 1 }
$data merge entity $(bone_head_angle) { transformation: [-0.9999755505528024f,0.0061839646994792585f,0.0032644872821209615f,-0.016666309785114273f,0.006409618236022704f,0.997210931267859f,0.0743590973180664f,2.411358753190311f,-0.0027955483698158612f,0.07437820339645757f,-0.9972261868647588f,0.9906498633806343f,0f,0f,0f,1f], start_interpolation: 0, interpolation_duration: 1 }
$data merge entity $(bone_neck3) { transformation: [-0.9995979184485475f,-0.02825953348346287f,0.0023238331755597924f,0.0038630892663333973f,-0.028353641024594055f,0.9969684897140656f,-0.07245620441275778f,1.68799488204463f,-0.0002692099166983269f,-0.07249296024133606f,-0.9973688877448846f,0.9492508453280116f,0f,0f,0f,1f], start_interpolation: 0, interpolation_duration: 1 }
$data merge entity $(bone_neck2) { transformation: [-0.9999055229335216f,-0.013697263684731911f,0.001153331952000442f,0.009801579693153588f,-0.013726563416403255f,0.9994198310525616f,-0.031170222258501856f,1.2522098101275017f,-0.0007257160712294025f,-0.031183108671520743f,-0.9995134251573431f,1.0097456471760524f,0f,0f,0f,1f], start_interpolation: 0, interpolation_duration: 1 }
$data merge entity $(bone_chest2) { transformation: [-0.9999055229335216f,-0.013289894909014431f,-0.0035105413183628958f,0.02258213410862904f,-0.013726563416403255f,0.9519145623745386f,0.3060559546816006f,0.31885995791988f,-0.0007257160712294025f,0.3060752270808564f,-0.9520070528644133f,1.0543071377014388f,0f,0f,0f,1f], start_interpolation: 0, interpolation_duration: 1 }
$data merge entity $(bone_chest) { transformation: [-0.9998790856751087f,-0.014448739197303096f,0.005748735958183773f,0.025908025187636647f,-0.015550370719330072f,0.9290448696376779f,-0.3696401171009466f,0.10500724719322929f,-1.224498721806404e-16f,-0.3696848172910518f,-0.9291572180554168f,0.6012811792140758f,0f,0f,0f,1f], start_interpolation: 0, interpolation_duration: 1 }
$data merge entity $(bone_tail2) { transformation: [-0.9998790856751087f,-0.015525900991643391f,0.000872025175258618f,0.023090457917845836f,-0.015550370719330072f,0.9983056975297279f,-0.056070671925479654f,0.28617505575516716f,-1.224498721806404e-16f,-0.056077452492789434f,-0.9984264215864477f,-1.0860012784438566f,0f,0f,0f,1f], start_interpolation: 0, interpolation_duration: 1 }
$data merge entity $(bone_tail) { transformation: [-0.9998790856751087f,-0.01542945227613338f,0.0019354668602485905f,0.01850729477621927f,-0.015550370719330072f,0.9921041056050541f,-0.12444930539013446f,0.5808695716777311f,-1.224498721806404e-16f,-0.12446435491358185f,-0.9922240797097931f,-0.7450333372810797f,0f,0f,0f,1f], start_interpolation: 0, interpolation_duration: 1 }
$data merge entity $(bone_torso) { transformation: [-0.9998790856751087f,-0.015517427134570994f,0.0010116741727838534f,0.017326849184475027f,-0.015550370719330072f,0.9977608338338961f,-0.06505001489300173f,0.656771482973979f,-1.224498721806404e-16f,-0.06505788132280073f,-0.9978814920008229f,-0.06102287032185151f,0f,0f,0f,1f], start_interpolation: 0, interpolation_duration: 1 }
$data merge entity $(bone_leg_front_left4) { transformation: [-0.9241722432528372f,0.3522005083172568f,-0.1478528550352845f,1.6222224039936528f,0.3360141144876964f,0.9336815961716737f,0.12382726612247018f,-0.41646479950077775f,0.18165951575975373f,0.06475707614911044f,-0.9812269571422048f,0.6519335391860159f,0f,0f,0f,1f], start_interpolation: 0, interpolation_duration: 1 }
$data merge entity $(bone_leg_front_left3) { transformation: [-0.839200324861377f,0.5436189596449545f,0.014874187947475942f,1.2897913182631708f,0.5433722733110253f,0.8370793814034143f,0.0635978130605588f,-0.18264044813374536f,0.022122100925723948f,0.06145352669956954f,-0.9978647587257591f,0.6618808540417721f,0f,0f,0f,1f], start_interpolation: 0, interpolation_duration: 1 }
$data merge entity $(bone_leg_front_left2) { transformation: [-0.7713396919710035f,0.6158857983232092f,0.16037382272010908f,0.8173272263800938f,0.6196118528680093f,0.7842670084340794f,-0.031723985678537375f,0.21687113191554297f,-0.14531425042145743f,0.07489955210575691f,-0.9865464133626999f,0.5722297530300137f,0f,0f,0f,1f], start_interpolation: 0, interpolation_duration: 1 }
$data merge entity $(bone_leg_front_left) { transformation: [-0.7771717243496975f,0.5732097829485311f,0.2596818353358892f,0.6473209116785975f,0.565234510182234f,0.8172468007469881f,-0.11232815839255433f,0.34051618101790665f,-0.2766117484315659f,0.059482866448337474f,-0.9591390562523879f,0.5117209330606086f,0f,0f,0f,1f], start_interpolation: 0, interpolation_duration: 1 }
$data merge entity $(bone_leg_back_left4) { transformation: [-0.6837244982357547f,0.00009648995414600348f,-0.7297402285758638f,1.1891705894308846f,-0.0037959926370633884f,0.9999859913170864f,0.0036888493440810693f,0.04676899799604878f,0.7297303618132964f,0.0052922452014920185f,-0.6837145538809034f,-0.9388071652653871f,0f,0f,0f,1f], start_interpolation: 0, interpolation_duration: 1 }
$data merge entity $(bone_leg_back_left3) { transformation: [-0.818352982604636f,0.10810288549941505f,-0.5644574049552336f,1.0101558744861205f,0.12796010999499843f,0.9917694526523433f,0.004423012066371211f,0.07476027205745468f,0.5602897519249874f,-0.0686084465089519f,-0.8254503467534945f,-0.816243782031796f,0f,0f,0f,1f], start_interpolation: 0, interpolation_duration: 1 }
$data merge entity $(bone_leg_back_left2) { transformation: [-0.8325406893051763f,0.2565334753335726f,-0.49098531208636054f,0.6979531159966793f,0.29809552705170217f,0.954512202381362f,-0.006746277258571319f,0.186546094701843f,0.4669208256257472f,-0.15197707570012295f,-0.8711417284567475f,-0.6411484724221409f,0f,0f,0f,1f], start_interpolation: 0, interpolation_duration: 1 }
$data merge entity $(bone_leg_back_left) { transformation: [-0.8541652127659934f,0.35697297203093925f,-0.3781164986347771f,0.6178751272998674f,0.4023164165567019f,0.9143644450231164f,-0.045597835985301594f,0.2242632587540338f,0.32945908739841945f,-0.1910705600477646f,-0.9246343876439131f,-0.6102616829785391f,0f,0f,0f,1f], start_interpolation: 0, interpolation_duration: 1 }
$data merge entity $(bone_leg_front_right4) { transformation: [-0.913276263119743f,-0.38106485304447635f,0.14393069511480183f,-1.5534181249108063f,-0.3645905752429293f,0.9222776690687084f,0.12836515719314148f,-0.4658531587566883f,-0.18165951575975395f,0.06475707614911036f,-0.9812269571422046f,0.6519335391860156f,0f,0f,0f,1f], start_interpolation: 0, interpolation_duration: 1 }
$data merge entity $(bone_leg_front_right3) { transformation: [-0.8218972268250567f,-0.5693866918092475f,-0.01684469435171415f,-1.2284190435726465f,-0.569206079717982f,0.819769637914644f,0.063104513034964f,-0.22180428827884183f,-0.02212210092572417f,0.061453526699569404f,-0.9978647587257591f,0.6618808540417718f,0f,0f,0f,1f], start_interpolation: 0, interpolation_duration: 1 }
$data merge entity $(bone_leg_front_right2) { transformation: [-0.7516985924905144f,-0.6399762748623565f,-0.1593097412623638f,-0.7686070525607993f,-0.6432985268693141f,0.7647355259876832f,-0.03669578477307253f,0.19220628360803702f,0.14531425042145724f,0.07489955210575676f,-0.9865464133626999f,0.5722297530300134f,0f,0f,0f,1f], start_interpolation: 0, interpolation_duration: 1 }
$data merge entity $(bone_leg_front_right) { transformation: [-0.7592187755223357f,-0.5983464707782465f,-0.25606317931632094f,-0.6025279454152884f,-0.5891288411918036f,0.7990264635832197f,-0.12034915442036218f,0.32107821761874406f,0.2766117484315657f,0.059482866448337335f,-0.959139056252388f,0.5117209330606084f,0f,0f,0f,1f], start_interpolation: 0, interpolation_duration: 1 }
$data merge entity $(bone_leg_back_right4) { transformation: [-0.683511873794353f,-0.03119298857465712f,0.7292725936478854f,-1.1349809189158178f,-0.017467610883221095f,0.999499369486799f,0.02637978327287355f,0.010623209889800873f,-0.7297303618132966f,0.005292245201492032f,-0.6837145538809032f,-0.9388071652653873f,0f,0f,0f,1f], start_interpolation: 0, interpolation_duration: 1 }
$data merge entity $(bone_leg_back_right3) { transformation: [-0.8139780310418635f,-0.13889163965045456f,0.5640468751942692f,-0.9569232246254102f,-0.1533465319759366f,0.9879281317498942f,0.02197379412201027f,0.044167763759537f,-0.5602897519249876f,-0.06860844650895191f,-0.8254503467534944f,-0.8162437820317963f,0f,0f,0f,1f], start_interpolation: 0, interpolation_duration: 1 }
$data merge entity $(bone_leg_back_right2) { transformation: [-0.8228681783524266f,-0.28609185628598544f,0.49095764666801744f,-0.6483476577432502f,-0.3238408616155922f,0.9460731569114927f,0.00852514630916592f,0.16560808686538409f,-0.46692082562574744f,-0.151977075700123f,-0.8711417284567474f,-0.641148472422141f,0f,0f,0f,1f], start_interpolation: 0, interpolation_duration: 1 }
$data merge entity $(bone_leg_back_right) { transformation: [-0.8412412885752095f,-0.38523430358022615f,0.37935158592179224f,-0.5694812869393243f,-0.42868380436741627f,0.9028214510234521f,-0.03381750205126145f,0.20579719352482936f,-0.32945908739841967f,-0.19107056004776468f,-0.924634387643913f,-0.6102616829785392f,0f,0f,0f,1f], start_interpolation: 0, interpolation_duration: 1 }