# This file was generated by Animated Java via MC-Build. It is not recommended to edit this file directly.
$data merge entity $(bone_shell2) { transformation: [-1.1977589422486372f,-0.018680318541252027f,0.005376080393866233f,0.004246358984748306f,-0.019438532382974726f,1.1510394990742427f,-0.33126206439538175f,1.1900434095812862f,-1.466506958811799e-16f,-0.3313056859576838f,-1.1511910713386753f,-0.4829112737435022f,0f,0f,0f,1f], start_interpolation: 0, interpolation_duration: 1 }
$data merge entity $(bone_shell) { transformation: [-1.260250713148566f,-0.02022512383183554f,0.003042693811254378f,0.005593191053639871f,-0.020452716681216884f,1.2462269501829477f,-0.18748399566143692f,1.1070546261464236f,-1.5430203653585015e-16f,-0.1875086841050482f,-1.246391057010722f,0.5408282871275134f,0f,0f,0f,1f], start_interpolation: 0, interpolation_duration: 1 }
$data merge entity $(bone_pupil_right2) { transformation: [-0.9999695439302951f,0.006482128617443449f,0.004346633228674049f,-0.3662601825171826f,0.00708921794290282f,0.9873316931959247f,0.15851142103907556f,2.5485228152462005f,-0.0032640773268593996f,0.15853740763446317f,-0.9873475761755576f,1.2577172212439367f,0f,0f,0f,1f], start_interpolation: 0, interpolation_duration: 1 }
$data merge entity $(bone_pupil_right) { transformation: [-0.9999695439302951f,0.006482128617443449f,0.004346633228674049f,-0.36483983927012514f,0.00708921794290282f,0.9873316931959247f,0.15851142103907556f,2.542993859832528f,-0.0032640773268593996f,0.15853740763446317f,-0.9873475761755576f,1.1935349308353345f,0f,0f,0f,1f], start_interpolation: 0, interpolation_duration: 1 }
$data merge entity $(bone_eyelid_right) { transformation: [-0.9999695439302951f,0.006482128617443449f,0.004346633228674049f,-0.32838837678335686f,0.00708921794290282f,0.9873316931959247f,0.15851142103907556f,2.5735909910944703f,-0.0032640773268593996f,0.15853740763446317f,-0.9873475761755576f,1.1986075476270102f,0f,0f,0f,1f], start_interpolation: 0, interpolation_duration: 1 }
$data merge entity $(bone_eye_right) { transformation: [-0.9999695439302951f,0.006482128617443449f,0.004346633228674049f,-0.36463727275083f,0.00708921794290282f,0.9873316931959247f,0.15851142103907556f,2.5738479752449006f,-0.0032640773268593996f,0.15853740763446317f,-0.9873475761755576f,1.1984892248239114f,0f,0f,0f,1f], start_interpolation: 0, interpolation_duration: 1 }
$data merge entity $(bone_pupil_left2) { transformation: [-0.9999695439302951f,0.006482128617443449f,0.004346633228674049f,0.32621872665454676f,0.00708921794290282f,0.9873316931959247f,0.15851142103907556f,2.543613531820741f,-0.0032640773268593996f,0.15853740763446317f,-0.9873475761755576f,1.2599775947927867f,0f,0f,0f,1f], start_interpolation: 0, interpolation_duration: 1 }
$data merge entity $(bone_pupil_left) { transformation: [-0.9999695439302951f,0.006482128617443449f,0.004346633228674049f,0.32513914604177846f,0.00708921794290282f,0.9873316931959247f,0.15851142103907556f,2.5381022994519253f,-0.0032640773268593996f,0.15853740763446317f,-0.9873475761755576f,1.1957871441908674f,0f,0f,0f,1f], start_interpolation: 0, interpolation_duration: 1 }
$data merge entity $(bone_eyelid_left) { transformation: [-0.9999695439302951f,0.006482128617443449f,0.004346633228674049f,0.2890928165936004f,0.00708921794290282f,0.9873316931959247f,0.15851142103907556f,2.5692133990147283f,-0.0032640773268593996f,0.15853740763446317f,-0.9873475761755576f,1.2006231153763456f,0f,0f,0f,1f], start_interpolation: 0, interpolation_duration: 1 }
$data merge entity $(bone_eye_left) { transformation: [-0.9999695439302951f,0.006482128617443449f,0.004346633228674049f,0.3253417125610736f,0.00708921794290282f,0.9873316931959247f,0.15851142103907556f,2.568956414864298f,-0.0032640773268593996f,0.15853740763446317f,-0.9873475761755576f,1.2007414381794443f,0f,0f,0f,1f], start_interpolation: 0, interpolation_duration: 1 }
$data merge entity $(bone_muzzle2) { transformation: [-0.9999695439302951f,0.006078628113549202f,0.004895047711193628f,-0.01993172676393845f,0.00708921794290282f,0.9697594173850788f,0.24395986428490923f,2.6376033894650655f,-0.0032640773268593996f,0.24398713628634278f,-0.9697729750441564f,1.430385819142581f,0f,0f,0f,1f], start_interpolation: 0, interpolation_duration: 1 }
$data merge entity $(bone_muzzle) { transformation: [-0.9999695439302951f,0.006482128617443449f,0.004346633228674049f,-0.01776313780279738f,0.00708921794290282f,0.9873316931959247f,0.15851142103907556f,2.810554670189267f,-0.0032640773268593996f,0.15853740763446317f,-0.9873475761755576f,1.141656877542027f,0f,0f,0f,1f], start_interpolation: 0, interpolation_duration: 1 }
$data merge entity $(bone_tongue) { transformation: [-0.9999695439302951f,0.006836296208542679f,0.0037651382427153594f,-0.02127725959350082f,0.00708921794290282f,0.9973897786543735f,0.07185661016732166f,2.28293686934686f,-0.0032640773268593996f,0.0718811135829813f,-0.9974078660754961f,1.0723010401362087f,0f,0f,0f,1f], start_interpolation: 0, interpolation_duration: 1 }
$data merge entity $(bone_jaw) { transformation: [-0.9999695439302951f,0.006836296208542679f,0.0037651382427153594f,-0.021181285907068716f,0.00708921794290282f,0.9973897786543735f,0.07185661016732166f,2.3118597808620804f,-0.0032640773268593996f,0.0718811135829813f,-0.9974078660754961f,1.1057163207505363f,0f,0f,0f,1f], start_interpolation: 0, interpolation_duration: 1 }
$data merge entity $(bone_ear_left) { transformation: [-0.9223118263410642f,-0.08054879152109037f,-0.3779587109406299f,0.33215814613594236f,-0.1014747212595112f,0.9941957494244288f,0.03574482860084113f,2.6713182030702f,0.3728857411281842f,0.07132113298939455f,-0.9251321635595607f,0.8666314161827833f,0f,0f,0f,1f], start_interpolation: 0, interpolation_duration: 1 }
$data merge entity $(bone_ear_right) { transformation: [-0.9183265774199559f,0.09416910904416673f,0.3844586793219495f,-0.36782053461526415f,0.11452380548166848f,0.992957098424354f,0.030339720939474818f,2.676280655630232f,-0.3788939101940631f,0.07189144309663045f,-0.9226434984474432f,0.8643465620539817f,0f,0f,0f,1f], start_interpolation: 0, interpolation_duration: 1 }
$data merge entity $(bone_head_angle) { transformation: [-0.9999695439302951f,0.006836296208542679f,0.0037651382427153594f,-0.02006974085717842f,0.00708921794290282f,0.9973897786543735f,0.07185661016732166f,2.414347148881843f,-0.0032640773268593996f,0.0718811135829813f,-0.9974078660754961f,0.9877791918895038f,0f,0f,0f,1f], start_interpolation: 0, interpolation_duration: 1 }
$data merge entity $(bone_neck3) { transformation: [-0.9996262620539154f,-0.02720424223412714f,0.00269544367105937f,-0.00026399390723772474f,-0.02733206452525371f,0.9965165105523693f,-0.0787896087394626f,1.6907143811030032f,-0.0005426425197941093f,-0.07883383411326114f,-0.9968876226225796f,0.9509827955375434f,0f,0f,0f,1f], start_interpolation: 0, interpolation_duration: 1 }
$data merge entity $(bone_neck2) { transformation: [-0.9999061175955353f,-0.013622378956252864f,0.0014787787514688173f,0.005626479132147803f,-0.01366503688147418f,0.9993201477379977f,-0.03424192009707927f,1.2551169064721799f,-0.0010113169886374856f,-0.03425891294946548f,-0.9994124794705486f,1.0128185299281165f,0f,0f,0f,1f], start_interpolation: 0, interpolation_duration: 1 }
$data merge entity $(bone_chest2) { transformation: [-0.9999061175955353f,-0.013315525578740824f,-0.0032330749427527004f,0.018338416729136754f,-0.01366503688147418f,0.9516095713352308f,0.3070056848174095f,0.32172229122314044f,-0.0010113169886374856f,0.30702104247386763f,-0.9517021890886919f,1.0564523985582093f,0f,0f,0f,1f], start_interpolation: 0, interpolation_duration: 1 }
$data merge entity $(bone_chest) { transformation: [-0.9998683343988622f,-0.015093727759091676f,0.005957621067126242f,0.021788906255171492f,-0.016226948771874552f,0.9300417870617027f,-0.3670953015943264f,0.10911083458029902f,-1.2242145047472408e-16f,-0.3671436417826257f,-0.9301642576978493f,0.6028435085149917f,0f,0f,0f,1f], start_interpolation: 0, interpolation_duration: 1 }
$data merge entity $(bone_tail2) { transformation: [-0.9998683343988622f,-0.016186105992021034f,0.0011505821396587917f,0.01878657322426763f,-0.016226948771874552f,0.997351693541825f,-0.07089630119271612f,0.2941078891173703f,-1.2242145047472408e-16f,-0.07090563702603923f,-0.9974830277442978f,-1.082747472575758f,0f,0f,0f,1f], start_interpolation: 0, interpolation_duration: 1 }
$data merge entity $(bone_tail) { transformation: [-0.9998683343988622f,-0.01609915989804554f,0.0020324657493309382f,0.013999608593757143f,-0.016226948771874552f,0.991994269457487f,-0.12523599920574457f,0.5890699561838962f,-1.2242145047472408e-16f,-0.12525249065022007f,-0.9921248981786096f,-0.7420137584213345f,0f,0f,0f,1f], start_interpolation: 0, interpolation_duration: 1 }
$data merge entity $(bone_torso) { transformation: [-0.9998683343988622f,-0.01619571520153162f,0.001006317820531191f,0.012801648992094086f,-0.016226948771874552f,0.9979437915661247f,-0.062007056116074585f,0.6628855507501389f,-1.2242145047472408e-16f,-0.06201522138747827f,-0.9980752037378056f,-0.05777503151995198f,0f,0f,0f,1f], start_interpolation: 0, interpolation_duration: 1 }
$data merge entity $(bone_leg_front_left4) { transformation: [-0.9072652006019885f,0.39676102290226617f,-0.13946521602959244f,1.6000340657954744f,0.3784346591297301f,0.9148549453702568f,0.1408106448424622f,-0.43353869168268167f,0.18345861807502678f,0.07497412645127878f,-0.9801641779910492f,0.6507916035137353f,0f,0f,0f,1f], start_interpolation: 0, interpolation_duration: 1 }
$data merge entity $(bone_leg_front_left3) { transformation: [-0.8178371693777948f,0.5750951087115038f,0.02019852272369216f,1.2767735768093624f,0.5748846187975477f,0.81497543646687f,0.07295692582362165f,-0.18725782410138309f,0.025495871315065727f,0.07127870573837983f,-0.9971305364164449f,0.6622630310126429f,0f,0f,0f,1f], start_interpolation: 0, interpolation_duration: 1 }
$data merge entity $(bone_leg_front_left2) { transformation: [-0.758217781333731f,0.6315787571391731f,0.16190759586842002f,0.81275588155608f,0.6362387491387441f,0.770984709916605f,-0.027979120235902946f,0.2224380302027789f,-0.14249929881834783f,0.08179761980244883f,-0.9864091946200285f,0.5744790570605888f,0f,0f,0f,1f], start_interpolation: 0, interpolation_duration: 1 }
$data merge entity $(bone_leg_front_left) { transformation: [-0.7759476672708531f,0.5749524290782809f,0.2594897338121603f,0.6430173293405809f,0.5674980753428515f,0.8158875477519963f,-0.11078557625157487f,0.34657823418402767f,-0.2754108787595018f,0.061296115049963046f,-0.95937043634912f,0.5142329273319477f,0f,0f,0f,1f], start_interpolation: 0, interpolation_duration: 1 }
$data merge entity $(bone_leg_back_left4) { transformation: [-0.6846441748801657f,0.025000591838892194f,-0.7284485734836486f,1.1793520811369067f,0.011212012914547641f,0.9996545631567741f,0.023770677866707588f,0.035169412227285375f,0.7287912215230513f,0.0081070813209118f,-0.684687980516231f,-0.9353766365794567f,0f,0f,0f,1f], start_interpolation: 0, interpolation_duration: 1 }
$data merge entity $(bone_leg_back_left3) { transformation: [-0.8139661559520651f,0.14315419224672699f,-0.5629973127882634f,1.0012969845223925f,0.1592171647661414f,0.9870248555670128f,0.020780494141107074f,0.06999816701987881f,0.5586671561927101f,-0.0727242169782824f,-0.8261974321289347f,-0.8131681961623014f,0f,0f,0f,1f], start_interpolation: 0, interpolation_duration: 1 }
$data merge entity $(bone_leg_back_left2) { transformation: [-0.8222473744689505f,0.289645294707863f,-0.48991311314610964f,0.6929542190965361f,0.328621561899758f,0.9444370239166606f,0.006824727833728124f,0.19323125273228806f,0.4646688328621592f,-0.15538439789449926f,-0.8717445524105571f,-0.6389173838389917f,0f,0f,0f,1f], start_interpolation: 0, interpolation_duration: 1 }
$data merge entity $(bone_leg_back_left) { transformation: [-0.8462803648055505f,0.3750003195062337f,-0.37839701969598966f,0.6136154348960158f,0.41831768308823347f,0.9075820229838093f,-0.03612737981515681f,0.23244853552180994f,0.32987855365312374f,-0.18886405673615864f,-0.9249381103148925f,-0.6079912694340113f,0f,0f,0f,1f], start_interpolation: 0, interpolation_duration: 1 }
$data merge entity $(bone_leg_front_right4) { transformation: [-0.8945073470066001f,-0.42623877697687684f,0.13482251723087715f,-1.5380163322623468f,-0.4076757800081028f,0.9014984111822518f,0.1452620839402381f,-0.48446638016024424f,-0.18345861807502706f,0.07497412645127868f,-0.980164177991049f,0.6507916035137348f,0f,0f,0f,1f], start_interpolation: 0, interpolation_duration: 1 }
$data merge entity $(bone_leg_front_right3) { transformation: [-0.7987516836430575f,-0.6012378945534642f,-0.02255531046778675f,-1.2229178028847525f,-0.6011203776476607f,0.7958846274813827f,0.07226307020570519f,-0.2278255294364855f,-0.025495871315065977f,0.07127870573837969f,-0.9971305364164449f,0.6622630310126425f,0f,0f,0f,1f], start_interpolation: 0, interpolation_duration: 1 }
$data merge entity $(bone_leg_front_right2) { transformation: [-0.7371727743321752f,-0.6562643145681781f,-0.1609144188932832f,-0.7724389488422707f,-0.6605075704484263f,0.7500841944868679f,-0.03321822634192931f,0.19671176763263823f,0.1424992988183476f,0.08179761980244868f,-0.9864091946200285f,0.5744790570605885f,0f,0f,0f,1f], start_interpolation: 0, interpolation_duration: 1 }
$data merge entity $(bone_leg_front_right) { transformation: [-0.7571239322709659f,-0.601124887727981f,-0.2557581289745687f,-0.6068180886579969f,-0.5923784255384973f,0.79680088832393f,-0.11914757791380853f,0.3262945482191845f,0.2754108787595016f,0.06129611504996291f,-0.95937043634912f,0.5142329273319476f,0f,0f,0f,1f], start_interpolation: 0, interpolation_duration: 1 }
$data merge entity $(bone_leg_back_right4) { transformation: [-0.6839197966617494f,-0.05742584101986613f,0.727293602692415f,-1.1327652923670914f,-0.03342255473613205f,0.9983168575235105f,0.04739604223237506f,-0.0023541385079895727f,-0.7287912215230515f,0.008107081320911758f,-0.6846879805162307f,-0.935376636579457f,0f,0f,0f,1f], start_interpolation: 0, interpolation_duration: 1 }
$data merge entity $(bone_leg_back_right3) { transformation: [-0.8083709615929853f,-0.17510738919638236f,0.5620265035583811f,-0.9559341445186258f,-0.1855462126931783f,0.9818597611236151f,0.039038601940841966f,0.03823409551864318f,-0.5586671561927103f,-0.07272421697828246f,-0.8261974321289345f,-0.8131681961623016f,0f,0f,0f,1f], start_interpolation: 0, interpolation_duration: 1 }
$data merge entity $(bone_leg_back_right2) { transformation: [-0.8111507099179825f,-0.32013938623579175f,0.48943365145862555f,-0.6517526282993824f,-0.35513011920431564f,0.9345407761417018f,0.022718630293091985f,0.17140789022026154f,-0.46466883286215943f,-0.15538439789449937f,-0.8717445524105569f,-0.6389173838389918f,0f,0f,0f,1f], start_interpolation: 0, interpolation_duration: 1 }
$data merge entity $(bone_leg_back_right) { transformation: [-0.8322604383653253f,-0.40425352977041396f,0.379370065239889f,-0.5737282122026331f,-0.44555886543943846f,0.8949354455720938f,-0.023829512940854877f,0.2131790338552089f,-0.32987855365312396f,-0.18886405673615875f,-0.9249381103148924f,-0.6079912694340114f,0f,0f,0f,1f], start_interpolation: 0, interpolation_duration: 1 }