# This file was generated by Animated Java via MC-Build. It is not recommended to edit this file directly.
$data merge entity $(bone_shell2) { transformation: [-1.1979138006173267f,-0.002531373290739124f,0.000677286935057719f,0.04767988543128f,-0.0026204137706605226f,1.157209229108186f,-0.30961956297412224f,1.1206423309061986f,-1.4670213015804499e-16f,-0.30962030374941313f,-1.15721199777046f,-0.5031344097429714f,0f,0f,0f,1f], start_interpolation: 0, interpolation_duration: 1 }
$data merge entity $(bone_shell) { transformation: [-1.2604136510843176f,-0.002733674850830249f,0.0003588777243479629f,0.04790348396521617f,-0.0027571310108688977f,1.2496907423077084f,-0.16405980747918944f,1.0184249740142874f,-1.5435615434020385e-16f,-0.16406019999783536f,-1.2496937322351351f,0.51886520012913f,0f,0f,0f,1f], start_interpolation: 0, interpolation_duration: 1 }
$data merge entity $(bone_pupil_right2) { transformation: [-0.9999954973040645f,-0.0024939804735519704f,-0.001668961651586214f,-0.32433867695954127f,-0.002727910442722848f,0.9872380334174142f,0.1592282131995847f,2.442412048634973f,0.0012505503642027207f,0.1592320490212743f,-0.9872403915401112f,1.36142263316491f,0f,0f,0f,1f], start_interpolation: 0, interpolation_duration: 1 }
$data merge entity $(bone_pupil_right) { transformation: [-0.9999954973040645f,-0.0024939804735519704f,-0.001668961651586214f,-0.32315402424623607f,-0.002727910442722848f,0.9872380334174142f,0.1592282131995847f,2.4369416275758535f,0.0012505503642027207f,0.1592320490212743f,-0.9872403915401112f,1.2972305447397403f,0f,0f,0f,1f], start_interpolation: 0, interpolation_duration: 1 }
$data merge entity $(bone_eyelid_right) { transformation: [-0.9999954973040645f,-0.0024939804735519704f,-0.001668961651586214f,-0.2869821243587623f,-0.002727910442722848f,0.9872380334174142f,0.1592282131995847f,2.4678917028736964f,0.0012505503642027207f,0.1592320490212743f,-0.9872403915401112f,1.3021612138209528f,0f,0f,0f,1f], start_interpolation: 0, interpolation_duration: 1 }
$data merge entity $(bone_eye_right) { transformation: [-0.9999954973040645f,-0.0024939804735519704f,-0.001668961651586214f,-0.3232319611360346f,-0.002727910442722848f,0.9872380334174142f,0.1592282131995847f,2.4677928161201477f,0.0012505503642027207f,0.1592320490212743f,-0.9872403915401112f,1.3022065462716552f,0f,0f,0f,1f], start_interpolation: 0, interpolation_duration: 1 }
$data merge entity $(bone_pupil_left2) { transformation: [-0.9999954973040645f,-0.0024939804735519704f,-0.001668961651586214f,0.3681582049235233f,-0.002727910442722848f,0.9872380334174142f,0.1592282131995847f,2.4443011266165584f,0.0012505503642027207f,0.1592320490212743f,-0.9872403915401112f,1.3605566270376994f,0f,0f,0f,1f], start_interpolation: 0, interpolation_duration: 1 }
$data merge entity $(bone_pupil_left) { transformation: [-0.9999954973040645f,-0.0024939804735519704f,-0.001668961651586214f,0.3668428688935683f,-0.002727910442722848f,0.9872380334174142f,0.1592282131995847f,2.438823885781332f,0.0012505503642027207f,0.1592320490212743f,-0.9872403915401112f,1.2963676649884404f,0f,0f,0f,1f], start_interpolation: 0, interpolation_duration: 1 }
$data merge entity $(bone_eyelid_left) { transformation: [-0.9999954973040645f,-0.0024939804735519704f,-0.001668961651586214f,0.3305150952264975f,-0.002727910442722848f,0.9872380334174142f,0.1592282131995847f,2.4695761875720774f,0.0012505503642027207f,0.1592320490212743f,-0.9872403915401112f,1.3013889989710576f,0f,0f,0f,1f], start_interpolation: 0, interpolation_duration: 1 }
$data merge entity $(bone_eye_left) { transformation: [-0.9999954973040645f,-0.0024939804735519704f,-0.001668961651586214f,0.3667649320037698f,-0.002727910442722848f,0.9872380334174142f,0.1592282131995847f,2.469675074325626f,0.0012505503642027207f,0.1592320490212743f,-0.9872403915401112f,1.3013436665203553f,0f,0f,0f,1f], start_interpolation: 0, interpolation_duration: 1 }
$data merge entity $(bone_muzzle2) { transformation: [-0.9999954973040645f,-0.0023390305325354586f,-0.0018799754691992078f,0.021874995592095603f,-0.002727910442722848f,0.9696036414571573f,0.24466576584728048f,2.5347697906469997f,0.0012505503642027207f,0.24466979259644564f,-0.9696056562925971f,1.5325931127944912f,0f,0f,0f,1f], start_interpolation: 0, interpolation_duration: 1 }
$data merge entity $(bone_muzzle) { transformation: [-0.9999954973040645f,-0.0024939804735519704f,-0.001668961651586214f,0.021041697516780915f,-0.002727910442722848f,0.9872380334174142f,0.1592282131995847f,2.707933361449047f,0.0012505503642027207f,0.1592320490212743f,-0.9872403915401112f,1.2439844965658657f,0f,0f,0f,1f], start_interpolation: 0, interpolation_duration: 1 }
$data merge entity $(bone_tongue) { transformation: [-0.9999954973040645f,-0.002629949717258168f,-0.0014452460280580512f,0.022393694365697502f,-0.002727910442722848f,0.9973589478327418f,0.07257883770481624f,2.180354509091178f,0.0012505503642027207f,0.07258245340611112f,-0.9973616312959585f,1.1742575172158702f,0f,0f,0f,1f], start_interpolation: 0, interpolation_duration: 1 }
$data merge entity $(bone_jaw) { transformation: [-0.9999954973040645f,-0.002629949717258168f,-0.0014452460280580512f,0.02235667237541f,-0.002727910442722848f,0.9973589478327418f,0.07257883770481624f,2.2092538875326757f,0.0012505503642027207f,0.07258245340611112f,-0.9973616312959585f,1.20769326986281f,0f,0f,0f,1f], start_interpolation: 0, interpolation_duration: 1 }
$data merge entity $(bone_ear_left) { transformation: [-0.9228891953319946f,-0.030729020866004857f,-0.3838375443023782f,0.3710671577403222f,-0.056186652256955946f,0.9968884462223976f,0.05528549444880859f,2.5723295482704756f,0.38094434402891364f,0.07258893211027424f,-0.9217441367795457f,0.9672816122807009f,0f,0f,0f,1f], start_interpolation: 0, interpolation_duration: 1 }
$data merge entity $(bone_ear_right) { transformation: [-0.9241318922285453f,0.02547119851110687f,0.38122364015430127f,-0.32892969037252295f,0.051148121457298086f,0.9970417560780275f,0.05737252224046144f,2.5704200109605693f,-0.37863454073483277f,0.0725186505890076f,-0.922700888630368f,0.9681569975356428f,0f,0f,0f,1f], start_interpolation: 0, interpolation_duration: 1 }
$data merge entity $(bone_head_angle) { transformation: [-0.9999954973040645f,-0.002629949717258168f,-0.0014452460280580512f,0.021929458835909788f,-0.002727910442722848f,0.9973589478327418f,0.07257883770481624f,2.3118286436050974f,0.0012505503642027207f,0.07258245340611112f,-0.9973616312959585f,1.0898276709576382f,0f,0f,0f,1f], start_interpolation: 0, interpolation_duration: 1 }
$data merge entity $(bone_neck3) { transformation: [-0.9997152056487828f,-0.02383175577845648f,-0.001247000853249137f,0.038941626971683276f,-0.02383013033879027f,0.9997151736329344f,-0.00130249610660918f,1.593161253546431f,0.0012776864436414754f,-0.0012724089702098249f,-0.9999983742450602f,0.9969923673195021f,0f,0f,0f,1f], start_interpolation: 0, interpolation_duration: 1 }
$data merge entity $(bone_neck2) { transformation: [-0.9999678394867969f,-0.007657725951758976f,-0.0023831125351662934f,0.04240359047566375f,-0.007760108181343123f,0.998891997777509f,0.04641721121599485f,1.153970197743021f,0.002025021758243881f,0.04643421162574207f,-0.9989192976800347f,1.0235017418119916f,0f,0f,0f,1f], start_interpolation: 0, interpolation_duration: 1 }
$data merge entity $(bone_chest2) { transformation: [-0.9999678394867969f,-0.006544516288148836f,-0.004635655149130942f,0.04965111657360257f,-0.007760108181343123f,0.9355073228544197f,0.35322206840282516f,0.21950029905072674f,0.002025021758243881f,0.3532466817852795f,-0.935528022613202f,1.021381027669829f,0f,0f,0f,1f], start_interpolation: 0, interpolation_duration: 1 }
$data merge entity $(bone_chest) { transformation: [-0.9999976074718553f,-0.002055942291616593f,0.0007470956155085595f,0.050088912577969866f,-0.0021874758433340015f,0.9398674636714244f,-0.34153237867188874f,0.019363251475050358f,-1.224643869145419e-16f,-0.341533195799672f,-0.9398697123361635f,0.562119083870487f,0f,0f,0f,1f], start_interpolation: 0, interpolation_duration: 1 }
$data merge entity $(bone_tail2) { transformation: [-0.9999976074718553f,-0.002158062004451406f,-0.00035751776195453973f,0.04955497879863762f,-0.0021874758433340015f,0.9865511648065282f,0.16343810500711625f,0.26344937636092763f,-1.224643869145419e-16f,0.16343849603831795f,-0.9865535251636034f,-1.1408292573784466f,0f,0f,0f,1f], start_interpolation: 0, interpolation_duration: 1 }
$data merge entity $(bone_tail) { transformation: [-0.9999976074718553f,-0.002186495066721908f,0.00006549723941176411f,0.04898379356717773f,-0.0021874758433340015f,0.9995492485706389f,-0.029941854172810818f,0.5245648838183914f,-1.224643869145419e-16f,-0.02994192580971102f,-0.9995516400260697f,-0.7734828738210983f,0f,0f,0f,1f], start_interpolation: 0, interpolation_duration: 1 }
$data merge entity $(bone_torso) { transformation: [-0.9999976074718553f,-0.0021854286127536973f,0.0000946168258147181f,0.04885044985528156f,-0.0021874758433340015f,0.9990617225392371f,-0.043253780255222786f,0.5855225365732082f,-1.224643869145419e-16f,-0.043253883741357003f,-0.9990641128282454f,-0.08797798011859706f,0f,0f,0f,1f], start_interpolation: 0, interpolation_duration: 1 }
$data merge entity $(bone_leg_front_left4) { transformation: [-0.9798098992978469f,0.038850154686350696f,-0.19612043931928655f,1.8302793792781382f,0.03784996763033767f,0.9992442722324757f,0.008846714699374501f,-0.14452597288888214f,0.19631592189205058f,0.0012449463588283067f,-0.980539906847364f,0.6257508786653615f,0f,0f,0f,1f], start_interpolation: 0, interpolation_duration: 1 }
$data merge entity $(bone_leg_front_left3) { transformation: [-0.9832852680660871f,0.18061323379175478f,-0.02299872569270406f,1.4336418209042865f,0.18061219161956477f,0.9835520615458716f,0.0021397353208706324f,-0.05578426908177972f,0.02300690858374796f,-0.002049880033243719f,-0.9997332044847105f,0.6350654059019897f,0f,0f,0f,1f], start_interpolation: 0, interpolation_duration: 1 }
$data merge entity $(bone_leg_front_left2) { transformation: [-0.9273124762679499f,0.34374268878056713f,0.14809637155483907f,0.8594425027490141f,0.34331547777568755f,0.9387643920661086f,-0.029255750005780373f,0.17345609815405794f,-0.1490840503791541f,0.023714554574259028f,-0.9885401184695997f,0.5422584143302411f,0f,0f,0f,1f], start_interpolation: 0, interpolation_duration: 1 }
$data merge entity $(bone_leg_front_left) { transformation: [-0.8453004872099225f,0.4622919489123824f,0.2678679530915542f,0.6745330211718435f,0.4604101682614442f,0.8846318494211919f,-0.07381712505313602f,0.27417082246124885f,-0.27108958534797395f,0.06093147758287946f,-0.960623647301809f,0.4829575675353719f,0f,0f,0f,1f], start_interpolation: 0, interpolation_duration: 1 }
$data merge entity $(bone_leg_back_left4) { transformation: [-0.6783865704428614f,0.09298824399277683f,-0.7287968492809997f,1.23283123521237f,0.16486755795323485f,0.9859275717630794f,-0.027667879786756243f,0.055315050133498855f,0.7159681203638254f,-0.13892447486493315f,-0.6841707688188622f,-0.9721094819961671f,0f,0f,0f,1f], start_interpolation: 0, interpolation_duration: 1 }
$data merge entity $(bone_leg_back_left3) { transformation: [-0.8242554127193518f,0.0415483883202981f,-0.5646917265471815f,1.0525253636800118f,0.09304146065395677f,0.9936863234058055f,-0.06269591115560039f,0.0756678696515519f,0.5585215315475575f,-0.10421718718252972f,-0.8229170533495658f,-0.8499328969701389f,0f,0f,0f,1f], start_interpolation: 0, interpolation_duration: 1 }
$data merge entity $(bone_leg_back_left2) { transformation: [-0.86657070907092f,0.09090921306055846f,-0.4907043113332434f,0.7275613477784169f,0.14351555131329366f,0.9871290013067537f,-0.07056643189486285f,0.12948620139403702f,0.47797331799124937f,-0.13157450269653662f,-0.8684639644387065f,-0.6706929027234203f,0f,0f,0f,1f], start_interpolation: 0, interpolation_duration: 1 }
$data merge entity $(bone_leg_back_left) { transformation: [-0.8962312038523088f,0.23946813355448593f,-0.3733960929808613f,0.643539672417263f,0.2914468602835496f,0.9524662081387639f,-0.08869526472493239f,0.1568093445456198f,0.33440747131650966f,-0.18831658282184174f,-0.9234221720112649f,-0.6393422022874975f,0f,0f,0f,1f], start_interpolation: 0, interpolation_duration: 1 }
$data merge entity $(bone_leg_front_right4) { transformation: [-0.9796349310344803f,-0.0432214178413535f,0.19607985857005353f,-1.7293675117963034f,-0.04213621611800554f,0.9990647422206161f,0.009704645429379244f,-0.15231263310371018f,-0.1963159218920509f,0.0012449463588283336f,-0.9805399068473641f,0.625750878665361f,0f,0f,0f,1f], start_interpolation: 0, interpolation_duration: 1 }
$data merge entity $(bone_leg_front_right3) { transformation: [-0.9824856902047758f,-0.1849144877603965f,0.02298914437631952f,-1.3331219890218695f,-0.18491227839238847f,0.9827524765718777f,0.002240332916415573f,-0.06183651256036679f,-0.023006908583748292f,-0.00204988003324374f,-0.9997332044847106f,0.6350654059019893f,0f,0f,0f,1f], start_interpolation: 0, interpolation_duration: 1 }
$data merge entity $(bone_leg_front_right2) { transformation: [-0.9258016167587687f,-0.34784643816249616f,-0.14796696207097912f,-0.7599310791439281f,-0.3473691297876018f,0.9372515539379004f,-0.029903382945663824f,0.16991374908716403f,0.1490840503791538f,0.02371455457425895f,-0.9885401184695998f,0.542258414330241f,0f,0f,0f,1f], start_interpolation: 0, interpolation_duration: 1 }
$data merge entity $(bone_leg_front_right) { transformation: [-0.8432781301757829f,-0.4661577370737709f,-0.26754244398505533f,-0.5754639881679756f,-0.4641039020339077f,0.8826008833022024f,-0.0749883251651402f,0.27143647765708134f,0.2710895853479737f,0.06093147758287935f,-0.9606236473018092f,0.4829575675353718f,0f,0f,0f,1f], start_interpolation: 0, interpolation_duration: 1 }
$data merge entity $(bone_leg_back_right4) { transformation: [-0.6776587923397331f,-0.09730072925899905f,0.7289109199691834f,-1.1327993780986563f,-0.1678338815237995f,0.9855113182349401f,-0.024479171625807206f,0.05014027793184147f,-0.7159681203638256f,-0.1389244748649332f,-0.6841707688188621f,-0.9721094819961672f,0f,0f,0f,1f], start_interpolation: 0, interpolation_duration: 1 }
$data merge entity $(bone_leg_back_right3) { transformation: [-0.8238404735903597f,-0.04589530995351464f,0.5649606133162582f,-0.9525842745007651f,-0.09664663921824856f,0.9934950419705335f,-0.0602248180386236f,0.07128173026083334f,-0.5585215315475577f,-0.10421718718252976f,-0.8229170533495657f,-0.849932896970139f,0f,0f,0f,1f], start_interpolation: 0, interpolation_duration: 1 }
$data merge entity $(bone_leg_back_right2) { transformation: [-0.8659345438005217f,-0.09522697440694985f,0.49100833923496706f,-0.6278588205755695f,-0.14730537376965605f,0.986721831918934f,-0.06841895404874834f,0.12652124542445436f,-0.4779733179912496f,-0.13157450269653667f,-0.8684639644387064f,-0.6706929027234204f,0f,0f,0f,1f], start_interpolation: 0, interpolation_duration: 1 }
$data merge entity $(bone_leg_back_right) { transformation: [-0.8949475639467113f,-0.24363282549437165f,0.37378055611210725f,-0.5439574864555653f,-0.29536502994353386f,0.951409433932591f,-0.08706082994390707f,0.15421171698166067f,-0.3344074713165099f,-0.18831658282184183f,-0.9234221720112648f,-0.6393422022874976f,0f,0f,0f,1f], start_interpolation: 0, interpolation_duration: 1 }