# This file was generated by Animated Java via MC-Build. It is not recommended to edit this file directly.
$data merge entity $(bone_shell2) { transformation: [-1.197902465265165f,-0.005620084686522795f,0.0015616137596281081f,0.04374626041900338f,-0.005833008607738193f,1.1541751013453803f,-0.3207025907639988f,1.1268262036545609f,-1.467169767759265e-16f,-0.3207063927649013f,-1.1541887843492082f,-0.5056205306489687f,0f,0f,0f,1f], start_interpolation: 0, interpolation_duration: 1 }
$data merge entity $(bone_shell) { transformation: [-1.2604017243224779f,-0.006077183524042304f,0.0008571910233486411f,0.04419622976651977f,-0.006137339491620186f,1.2480477254330657f,-0.17603801213495684f,1.0344177354125104f,-1.543717755642357e-16f,-0.17604009910494176f,-1.248062521317836f,0.5173125625442003f,0f,0f,0f,1f], start_interpolation: 0, interpolation_duration: 1 }
$data merge entity $(bone_pupil_right2) { transformation: [-0.9999989120001036f,-0.000998297557315001f,-0.0010860021160182753f,-0.3299613409958815f,-0.0011619020245894722f,0.9866367351216123f,0.16293128273063653f,2.463852267307923f,0.00090883568052324f,0.1629323672894753f,-0.9866368215848997f,1.340320321539587f,0f,0f,0f,1f], start_interpolation: 0, interpolation_duration: 1 }
$data merge entity $(bone_pupil_right) { transformation: [-0.9999989120001036f,-0.000998297557315001f,-0.0010860021160182753f,-0.3287636190887994f,-0.0011619020245894722f,0.9866367351216123f,0.16293128273063653f,2.4586207258698436f,0.00090883568052324f,0.1629323672894753f,-0.9866368215848997f,1.276108565907032f,0f,0f,0f,1f], start_interpolation: 0, interpolation_duration: 1 }
$data merge entity $(bone_eyelid_right) { transformation: [-0.9999989120001036f,-0.000998297557315001f,-0.0010860021160182753f,-0.2925448553274618f,-0.0011619020245894722f,0.9866367351216123f,0.16293128273063653f,2.489495242790785f,0.00090883568052324f,0.1629323672894753f,-0.9866368215848997f,1.2811672570914092f,0f,0f,0f,1f], start_interpolation: 0, interpolation_duration: 1 }
$data merge entity $(bone_eye_right) { transformation: [-0.9999989120001036f,-0.000998297557315001f,-0.0010860021160182753f,-0.3287948158874655f,-0.0011619020245894722f,0.9866367351216123f,0.16293128273063653f,2.489453123842394f,0.00090883568052324f,0.1629323672894753f,-0.9866368215848997f,1.2812002023848281f,0f,0f,0f,1f], start_interpolation: 0, interpolation_duration: 1 }
$data merge entity $(bone_pupil_left2) { transformation: [-0.9999989120001036f,-0.000998297557315001f,-0.0010860021160182753f,0.36253790556419024f,-0.0011619020245894722f,0.9866367351216123f,0.16293128273063653f,2.4646568844599517f,0.00090883568052324f,0.1629323672894753f,-0.9866368215848997f,1.3396909528308245f,0f,0f,0f,1f], start_interpolation: 0, interpolation_duration: 1 }
$data merge entity $(bone_pupil_left) { transformation: [-0.9999989120001036f,-0.000998297557315001f,-0.0010860021160182753f,0.361235630191272f,-0.0011619020245894722f,0.9866367351216123f,0.16293128273063653f,2.4594224382668104f,0.00090883568052324f,0.1629323672894753f,-0.9866368215848997f,1.275481469287471f,0f,0f,0f,1f], start_interpolation: 0, interpolation_duration: 1 }
$data merge entity $(bone_eyelid_left) { transformation: [-0.9999989120001036f,-0.000998297557315001f,-0.0010860021160182753f,0.32495447283260215f,-0.0011619020245894722f,0.9866367351216123f,0.16293128273063653f,2.4902127172909694f,0.00090883568052324f,0.1629323672894753f,-0.9866368215848997f,1.280606051058686f,0f,0f,0f,1f], start_interpolation: 0, interpolation_duration: 1 }
$data merge entity $(bone_eye_left) { transformation: [-0.9999989120001036f,-0.000998297557315001f,-0.0010860021160182753f,0.3612044333926059f,-0.0011619020245894722f,0.9866367351216123f,0.16293128273063653f,2.4902548362393606f,0.00090883568052324f,0.1629323672894753f,-0.9866368215848997f,1.2805731057652672f,0f,0f,0f,1f], start_interpolation: 0, interpolation_duration: 1 }
$data merge entity $(bone_muzzle2) { transformation: [-0.9999989120001036f,-0.0008998474126680434f,-0.0011688769151847844f,0.016339087400530087f,-0.0011619020245894722f,0.9686818875074829f,0.2483023374811959f,2.5550236324487683f,0.00090883568052324f,0.2483034254487329f,-0.9686818791162202f,1.511950703869434f,0f,0f,0f,1f], start_interpolation: 0, interpolation_duration: 1 }
$data merge entity $(bone_muzzle) { transformation: [-0.9999989120001036f,-0.000998297557315001f,-0.0010860021160182753f,0.01587492454461f,-0.0011619020245894722f,0.9866367351216123f,0.16293128273063653f,2.729269250192294f,0.00090883568052324f,0.1629323672894753f,-0.9866368215848997f,1.2239932430353373f,0f,0f,0f,1f], start_interpolation: 0, interpolation_duration: 1 }
$data merge entity $(bone_tongue) { transformation: [-0.9999989120001036f,-0.0010891500547622456f,-0.0009948621850028607f,0.016422446067921107f,-0.0011619020245894722f,0.9970826814339174f,0.07632022253789868f,2.2019540826348343f,0.00090883568052324f,0.07632129543389157f,-0.9970828620937171f,1.1522887153956538f,0f,0f,0f,1f], start_interpolation: 0, interpolation_duration: 1 }
$data merge entity $(bone_jaw) { transformation: [-0.9999989120001036f,-0.0010891500547622456f,-0.0009948621850028607f,0.016419499571991125f,-0.0011619020245894722f,0.9970826814339174f,0.07632022253789868f,2.230727909475335f,0.00090883568052324f,0.07632129543389157f,-0.9970828620937171f,1.1858325953183915f,0f,0f,0f,1f], start_interpolation: 0, interpolation_duration: 1 }
$data merge entity $(bone_ear_left) { transformation: [-0.9231548544637304f,-0.027266693143073697f,-0.3834600919588507f,0.3657804631728115f,-0.054394285639246934f,0.996710563875564f,0.06007756277222915f,2.59415430603848f,0.38056060801118774f,0.07631893149079462f,-0.921601347832271f,0.946899812891965f,0f,0f,0f,1f], start_interpolation: 0, interpolation_duration: 1 }
$data merge entity $(bone_ear_right) { transformation: [-0.9239689717857854f,0.025089139539435572f,0.38164364825618297f,-0.334218775227261f,0.05224810639081737f,0.9967713962897427f,0.06096653932421237f,2.5933409746212672f,-0.3788818741450853f,0.07627134859019906f,-0.9222967021672256f,0.9475359978683312f,0f,0f,0f,1f], start_interpolation: 0, interpolation_duration: 1 }
$data merge entity $(bone_head_angle) { transformation: [-0.9999989120001036f,-0.0010891500547622456f,-0.0009948621850028607f,0.016193033981231807f,-0.0011619020245894722f,0.9970826814339174f,0.07632022253789868f,2.333744438677002f,0.00090883568052324f,0.07632129543389157f,-0.9970828620937171f,1.0683523590036041f,0f,0f,0f,1f], start_interpolation: 0, interpolation_duration: 1 }
$data merge entity $(bone_neck3) { transformation: [-0.9996520315412468f,-0.02636310658759016f,-0.0008957937872742731f,0.03505753617350527f,-0.02635146244941215f,0.9995902616715616f,-0.011176278367864854f,1.61424116200358f,0.0011900681640898464f,-0.011148783899158677f,-0.999937142202116f,0.982621440349676f,0f,0f,0f,1f], start_interpolation: 0, interpolation_duration: 1 }
$data merge entity $(bone_neck2) { transformation: [-0.9999542371808423f,-0.009356070392180654f,-0.0019968702752523335f,0.03924442026423676f,-0.009412829636287057f,0.999487024660218f,0.03061186329028026f,1.1755306576230027f,0.0017094391822647123f,0.030629258604823295f,-0.999529352412925f,1.0160740781044217f,0f,0f,0f,1f], start_interpolation: 0, interpolation_duration: 1 }
$data merge entity $(bone_chest2) { transformation: [-0.9999542371808423f,-0.008270730338006809f,-0.004808176760020327f,0.04805899230937439f,-0.009412829636287057f,0.9403776872229135f,0.34000177060056974f,0.24113710032464136f,0.0017094391822647123f,0.34003146970973186f,-0.9404125038645126f,1.0271193949389494f,0f,0f,0f,1f], start_interpolation: 0, interpolation_duration: 1 }
$data merge entity $(bone_chest) { transformation: [-0.9999881449170073f,-0.004557422215916884f,0.0017146218790953097f,0.049058722693169445f,-0.004869294142111883f,0.9359402111045461f,-0.35212527772390234f,0.035826329865673134f,-1.2247678061294732e-16f,-0.3521294522477829f,-0.9359513068849664f,0.5701477868792093f,0f,0f,0f,1f], start_interpolation: 0, interpolation_duration: 1 }
$data merge entity $(bone_tail2) { transformation: [-0.9999881449170073f,-0.004829863277815593f,-0.0006184223152616013f,0.04797387299286933f,-0.004869294142111883f,0.9918903804999588f,0.1270030040833876f,0.2586177258372017f,-1.2247678061294732e-16f,0.1270045097323909f,-0.991902139582144f,-1.131424095161556f,0f,0f,0f,1f], start_interpolation: 0, interpolation_duration: 1 }
$data merge entity $(bone_tail) { transformation: [-0.9999881449170073f,-0.004862414332302085f,0.0002587514317416944f,0.04666123762289067f,-0.004869294142111883f,0.9985752649290074f,-0.053138782885203045f,0.5281885856514047f,-1.2247678061294732e-16f,-0.05313941285735265f,-0.9985871032619918f,-0.7702387846526471f,0f,0f,0f,1f], start_interpolation: 0, interpolation_duration: 1 }
$data merge entity $(bone_torso) { transformation: [-0.9999881449170073f,-0.004862492926649676f,0.0002572702483517483f,0.04633241142319104f,-0.004869294142111883f,0.9985914055468371f,-0.05283459796903946f,0.595718353178458f,-1.2247678061294732e-16f,-0.05283522433500888f,-0.9986032440711724f,-0.08535015511418503f,0f,0f,0f,1f], start_interpolation: 0, interpolation_duration: 1 }
$data merge entity $(bone_leg_front_left4) { transformation: [-0.9794992444612175f,0.05749587676876239f,-0.193068522174112f,1.8071137102568793f,0.055625482840381026f,0.9983375285609718f,0.015099163074340775f,-0.19118264816007513f,0.19361569088965583f,0.004050089056099691f,-0.9810690908493443f,0.6322701934754406f,0f,0f,0f,1f], start_interpolation: 0, interpolation_duration: 1 }
$data merge entity $(bone_leg_front_left3) { transformation: [-0.9730166243349125f,0.2298624845441478f,-0.020047118672849362f,1.4154173079418233f,0.22980388763058388f,0.9732230082691479f,0.0052105091325311825f,-0.08261820930594499f,0.020708017716862592f,0.0004630062003892453f,-0.9997854587997851f,0.640690060144797f,0f,0f,0f,1f], start_interpolation: 0, interpolation_duration: 1 }
$data merge entity $(bone_leg_front_left2) { transformation: [-0.9071902942633812f,0.3933689869258437f,0.14922000576080785f,0.8545697644479262f,0.3927623770999967f,0.9189823211336838f,-0.034773676516969304f,0.17721737514926672f,-0.1508094331568162f,0.02706166234144107f,-0.9881923807145235f,0.5468570028958719f,0f,0f,0f,1f], start_interpolation: 0, interpolation_duration: 1 }
$data merge entity $(bone_leg_front_left) { transformation: [-0.830667558980923f,0.4889234629899909f,0.2663555026549106f,0.6728612359208492f,0.4848176223307239f,0.8704023146225174f,-0.08574196042398291f,0.2832712300341126f,-0.27375770223732276f,0.057910776524229775f,-0.9600536768473429f,0.4869725055314576f,0f,0f,0f,1f], start_interpolation: 0, interpolation_duration: 1 }
$data merge entity $(bone_leg_back_left4) { transformation: [-0.6824069423189799f,0.036375935603115396f,-0.7300668163831707f,1.231514625887936f,0.10236329186126113f,0.9936750172025633f,-0.04617051728984794f,0.06907407992888673f,0.7237696605648697f,-0.106239124132703f,-0.6818142906608291f,-0.9684471602476945f,0f,0f,0f,1f], start_interpolation: 0, interpolation_duration: 1 }
$data merge entity $(bone_leg_back_left3) { transformation: [-0.8249615492837737f,0.012001286111873025f,-0.56506142262145f,1.0510542869821105f,0.06053861854893501f,0.9958990875556748f,-0.0672315630486251f,0.08231690273646626f,0.5619372899777184f,-0.08967149233416201f,-0.8223049954822492f,-0.8455233780650686f,0f,0f,0f,1f], start_interpolation: 0, interpolation_duration: 1 }
$data merge entity $(bone_leg_back_left2) { transformation: [-0.8666519321993191f,0.08844529704158496f,-0.49101105674558143f,0.7260598124073657f,0.14169009461090562f,0.9872707650029147f,-0.07225201491801082f,0.13545068821555586f,0.4783705106968231f,-0.1321887514192703f,-0.8681519385993877f,-0.6661344365537599f,0f,0f,0f,1f], start_interpolation: 0, interpolation_duration: 1 }
$data merge entity $(bone_leg_back_left) { transformation: [-0.8945625558850774f,0.24518137611610624f,-0.37368961239800375f,0.6421945727931397f,0.2980993767884464f,0.9502703177490867f,-0.09012815743922609f,0.1633975047894727f,0.3330084010452254f,-0.19202191544420774f,-0.9231646596476925f,-0.63491489895577f,0f,0f,0f,1f], start_interpolation: 0, interpolation_duration: 1 }
$data merge entity $(bone_leg_front_right4) { transformation: [-0.9789110893037702f,-0.06721543321086815f,0.1929123240655743f,-1.7067021770483448f,-0.06516167185874648f,0.9977302653106765f,0.01697863962925361f,-0.20829265411713072f,-0.1936156908896561f,0.004050089056099698f,-0.9810690908493442f,0.6322701934754401f,0f,0f,0f,1f], start_interpolation: 0, interpolation_duration: 1 }
$data merge entity $(bone_leg_front_right3) { transformation: [-0.9707325449205925f,-0.23932929027938f,0.01999542563583173f,-1.3160816008349694f,-0.23926868628014802f,0.9709383484236405f,0.005405490370487459f,-0.0959188386217012f,-0.02070801771686287f,0.0004630062003892037f,-0.9997854587997851f,0.6406900601447967f,0f,0f,0f,1f], start_interpolation: 0, interpolation_duration: 1 }
$data merge entity $(bone_leg_front_right2) { transformation: [-0.9033223695144675f,-0.4022998177163307f,-0.14887428723649637f,-0.7577910545402449f,-0.4015784003226365f,0.9151079297529472f,-0.03622520251961929f,0.1693662229823364f,0.15080943315681591f,0.027061662341440976f,-0.9881923807145236f,0.5468570028958718f,0f,0f,0f,1f], start_interpolation: 0, interpolation_duration: 1 }
$data merge entity $(bone_leg_front_right) { transformation: [-0.8259067854392462f,-0.4973766675087513f,-0.26550787631123085f,-0.5771239452254098f,-0.4928840657103376f,0.8655996722389917f,-0.08833179036223543f,0.27718461235647274f,0.27375770223732254f,0.05791077652422966f,-0.960053676847343f,0.4869725055314575f,0f,0f,0f,1f], start_interpolation: 0, interpolation_duration: 1 }
$data merge entity $(bone_leg_back_right4) { transformation: [-0.6813777204102198f,-0.046051087813710964f,0.7304818269058762f,-1.1336648906932287f,-0.10900403925720192f,0.9932736510220584f,-0.03905859202434689f,0.057557188630052915f,-0.7237696605648698f,-0.10623912413270302f,-0.6818142906608287f,-0.9684471602476947f,0f,0f,0f,1f], start_interpolation: 0, interpolation_duration: 1 }
$data merge entity $(bone_leg_back_right3) { transformation: [-0.8243328758730757f,-0.021699253218299006f,0.5656893601302686f,-0.9533420740959935f,-0.06856961344007995f,0.9957349877715116f,-0.06172553961161894f,0.0725567915700704f,-0.5619372899777186f,-0.08967149233416202f,-0.8223049954822489f,-0.8455233780650688f,0f,0f,0f,1f], start_interpolation: 0, interpolation_duration: 1 }
$data merge entity $(bone_leg_back_right2) { transformation: [-0.865230990383599f,-0.09805561248435313f,0.49169139726065464f,-0.6288804527021439f,-0.15012324195632384f,0.9863626264506035f,-0.06746689088723679f,0.12885300730369184f,-0.47837051069682335f,-0.13218875141927033f,-0.8681519385993874f,-0.66613443655376f,0f,0f,0f,1f], start_interpolation: 0, interpolation_duration: 1 }
$data merge entity $(bone_leg_back_right) { transformation: [-0.8916171030009326f,-0.2544239312756592f,0.3745496026302297f,-0.5452913492958065f,-0.30679691404824544f,0.9478375637119348f,-0.08648471741930691f,0.15761521799571485f,-0.3330084010452256f,-0.1920219154442078f,-0.9231646596476923f,-0.6349148989557701f,0f,0f,0f,1f], start_interpolation: 0, interpolation_duration: 1 }