# This file was generated by Animated Java via MC-Build. It is not recommended to edit this file directly.
$data merge entity $(bone_neck_spine5) { transformation: [-1.5722597284637123f,-0.0012945824893599897f,0.004106807036342994f,0.12240656337592817f,-1.70465380634928e-19f,1.499526615939201f,0.4726934774741144f,4.3109729288580745f,-0.004306019955308362f,0.47269170471116706f,-1.499520992199188f,-0.4224478930884028f,0f,0f,0f,1f], start_interpolation: 0, interpolation_duration: 1 }
$data merge entity $(bone_neck_spine2) { transformation: [-1.4973902175844875f,-0.0015107972702585566f,0.003812539562684612f,0.004484106693715743f,-1.6234798155707422e-19f,1.3920801483912961f,0.551640410175772f,5.304814191187571f,-0.004100971386007963f,0.5516383413347029f,-1.392074927612453f,1.628617854863875f,0f,0f,0f,1f], start_interpolation: 0, interpolation_duration: 1 }
$data merge entity $(bone_scale_neck_left1) { transformation: [-1.591572794671296f,0.41328021169314455f,0.0956586991482842f,0.7916097469098453f,0.37243644054151775f,1.183530912952309f,1.0833285543549152f,4.478928605430552f,0.20308180089962977f,1.0684143042597358f,-1.2370544601731241f,1.267182564068542f,0f,0f,0f,1f], start_interpolation: 0, interpolation_duration: 1 }
$data merge entity $(bone_scale_neck_right1) { transformation: [-1.5904365483631235f,-0.41912619872400303f,-0.0888813591909659f,-0.7806499815538663f,-0.37243644054151775f,1.183530912952309f,1.0833285543549152f,4.478928605430552f,-0.2117965160837884f,1.0661345545788832f,-1.2375598685095313f,1.2628765441132335f,0f,0f,0f,1f], start_interpolation: 0, interpolation_duration: 1 }
$data merge entity $(bone_blush_right1) { transformation: [-0.999996249656423f,-0.0014713738566287187f,0.0023099203585823917f,-0.660178641500003f,-1.0842021724855044e-19f,0.8434258117660508f,0.537245660798464f,3.595689159387765f,-0.0027387356734383615f,0.5372436459426507f,-0.8434226486294749f,2.3817388113892894f,0f,0f,0f,1f], start_interpolation: 0, interpolation_duration: 1 }
$data merge entity $(bone_blush_left1) { transformation: [-0.999996249656423f,-0.0014713738566287187f,0.0023099203585823917f,0.6650117010622685f,-1.0842021724855044e-19f,0.8434258117660508f,0.537245660798464f,3.595689159387765f,-0.0027387356734383615f,0.5372436459426507f,-0.8434226486294749f,2.3853681710659065f,0f,0f,0f,1f], start_interpolation: 0, interpolation_duration: 1 }
$data merge entity $(bone_left_head_scales) { transformation: [-0.8880741091050995f,-0.0014713738566287187f,-0.45969795713724654f,0.6760760056106555f,-0.2480724388402302f,0.8434258117660508f,0.47654272120622987f,4.422546749980055f,0.3870199501641278f,0.5372436459426507f,-0.7493896336814406f,2.4460551874028327f,0f,0f,0f,1f], start_interpolation: 0, interpolation_duration: 1 }
$data merge entity $(bone_left_head_scales2) { transformation: [-0.8204738880749143f,-0.0014713738566287187f,-0.5716821092584645f,0.6770088207339396f,-0.3081514515658459f,0.8434258117660508f,0.44008588132845206f,3.5742785631514398f,0.4815239162129905f,0.5372436459426507f,-0.6924622610721486f,2.1054558247283657f,0f,0f,0f,1f], start_interpolation: 0, interpolation_duration: 1 }
$data merge entity $(bone_left_head_scales1) { transformation: [-0.999996249656423f,-0.0014713738566287187f,0.0023099203585823917f,0.6762412477918198f,-1.0842021724855044e-19f,0.8434258117660508f,0.537245660798464f,4.327826077760235f,-0.0027387356734383615f,0.5372436459426507f,-0.8434226486294749f,2.3857202076338826f,0f,0f,0f,1f], start_interpolation: 0, interpolation_duration: 1 }
$data merge entity $(bone_right_head_scales) { transformation: [-0.885940904060582f,-0.0014713738566287187f,0.46379580590092956f,-0.6715751902153834f,0.2480724388402302f,0.8434258117660508f,0.47654272120622987f,4.422546749980055f,-0.39187852658723077f,0.5372436459426507f,-0.7468604188829856f,2.4423643131554256f,0f,0f,0f,1f], start_interpolation: 0, interpolation_duration: 1 }
$data merge entity $(bone_right_head_scales2) { transformation: [-0.8178240562998536f,-0.0014713738566287187f,0.5754664612262195f,-0.6706423750920992f,0.3081514515658459f,0.8434258117660508f,0.44008588132845206f,3.5742785631514398f,-0.4860107980643189f,0.5372436459426507f,-0.6893205125767922f,2.1017649504809586f,0f,0f,0f,1f], start_interpolation: 0, interpolation_duration: 1 }
$data merge entity $(bone_right_head_scales1) { transformation: [-0.999996249656423f,-0.0014713738566287187f,0.0023099203585823917f,-0.671409948034219f,-1.0842021724855044e-19f,0.8434258117660508f,0.537245660798464f,4.327826077760235f,-0.0027387356734383615f,0.5372436459426507f,-0.8434226486294749f,2.3820293333864755f,0f,0f,0f,1f], start_interpolation: 0, interpolation_duration: 1 }
$data merge entity $(bone_head_left_fin1) { transformation: [-0.7293197082962601f,0.021064675938868353f,-0.7525451750848065f,0.6770554657752988f,-0.15633518988233325f,1.0206887241783935f,0.18008063406349858f,4.017875071504427f,0.7364287267076742f,0.23754158749121662f,-0.7070515700548581f,2.088424291938703f,0f,0f,0f,1f], start_interpolation: 0, interpolation_duration: 1 }
$data merge entity $(bone_head_right_fin1) { transformation: [-0.7252750153972964f,-0.02236548229987303f,0.7564067260853244f,-0.67059573005074f,0.15633518988233325f,1.0206887241783935f,0.18008063406349858f,4.017875071504427f,-0.7404124921083379f,0.2374226433214636f,-0.7029189341548163f,2.0847334176912957f,0f,0f,0f,1f], start_interpolation: 0, interpolation_duration: 1 }
$data merge entity $(bone_right_whisker16) { transformation: [0.25933605948659705f,0.919642995313015f,-0.2949602844819456f,-1.1970084319723375f,0.9638046365760612f,-0.2659971204086661f,0.01805974664230106f,1.2878964102964447f,-0.06185006681039863f,-0.28896763331903375f,-0.9553388279189462f,1.8794419379448413f,0f,0f,0f,1f], start_interpolation: 0, interpolation_duration: 1 }
$data merge entity $(bone_right_whisker15) { transformation: [-0.8779251736513696f,0.3771549019269698f,-0.2949602844819456f,-0.9012230951464366f,0.3895232274257064f,0.920839563033147f,0.01805974664230106f,1.1566605573063387f,0.2784224214481904f,-0.0990387757667701f,-0.9553388279189462f,1.7856375088436442f,0f,0f,0f,1f], start_interpolation: 0, interpolation_duration: 1 }
$data merge entity $(bone_right_whisker14) { transformation: [-0.7128456353624002f,-0.6362778722563796f,-0.2949602844819456f,-0.661055376201097f,-0.6699444373060881f,0.7421915497186994f,0.01805974664230106f,1.382374259328409f,0.20742601347807105f,0.21048081338461572f,-0.9553388279189462f,1.7157527679745677f,0f,0f,0f,1f], start_interpolation: 0, interpolation_duration: 1 }
$data merge entity $(bone_right_whisker13) { transformation: [-0.0935299767602476f,-0.9933627731431154f,-0.06695180640316856f,-0.6295438117652714f,-0.9727655579653866f,0.07685179752550347f,0.2186800641425485f,1.7101126553226067f,-0.21208326827809326f,0.08558155262975076f,-0.9734970391151498f,1.7872066034784175f,0f,0f,0f,1f], start_interpolation: 0, interpolation_duration: 1 }
$data merge entity $(bone_right_whisker12) { transformation: [0.0682990693146287f,-0.9966440264286949f,-0.04512118919925253f,-0.6602250343089523f,-0.9020121554281049f,-0.08101171955032108f,0.42404147527741254f,2.1153134282688257f,-0.4262737484184311f,0.011738223012847628f,-0.9045180515223568f,1.9786967639007595f,0f,0f,0f,1f], start_interpolation: 0, interpolation_duration: 1 }
$data merge entity $(bone_right_whisker11) { transformation: [0.2925537809014837f,-0.9559844475729695f,-0.02249491673359176f,-0.7916456780732908f,-0.9468276323696686f,-0.2928852772939933f,0.13317525643177258f,2.540646153747388f,-0.13390190387553996f,-0.017662116040420235f,-0.9908371863204773f,2.03884800978235f,0f,0f,0f,1f], start_interpolation: 0, interpolation_duration: 1 }
$data merge entity $(bone_right_whisker10) { transformation: [0.07015184204983992f,-0.9934795532148933f,0.08987266770798731f,-0.8231592008691173f,-0.990750231234402f,-0.07988232284193679f,-0.10969409193915453f,2.9857097341847165f,0.11615807490654015f,-0.08134612370182487f,-0.9898939891688877f,1.9866676245704276f,0f,0f,0f,1f], start_interpolation: 0, interpolation_duration: 1 }
$data merge entity $(bone_right_whisker1) { transformation: [-0.3397787416637318f,-0.9386104055724772f,0.059673388243680944f,-0.6705242192623628f,-0.9267650061660195f,0.3449460168323762f,0.14872413663415934f,3.402029951798358f,-0.1601781197901545f,-0.00476990802302274f,-0.9870766018490879f,2.058622639319911f,0f,0f,0f,1f], start_interpolation: 0, interpolation_duration: 1 }
$data merge entity $(bone_left_whisker16) { transformation: [0.2589933883983848f,-0.918046393434491f,0.3001886811121423f,1.2045847447786124f,-0.9638046365760612f,-0.2659971204086661f,0.01805974664230106f,1.2878964102964447f,0.06326963948380007f,-0.2940005976800412f,-0.9537088661029468f,1.8860192915184306f,0f,0f,0f,1f], start_interpolation: 0, interpolation_duration: 1 }
$data merge entity $(bone_left_whisker15) { transformation: [-0.8763869584755756f,-0.37660676407372534f,0.3001886811121423f,0.9093176542765875f,-0.3895232274257064f,0.920839563033147f,0.01805974664230106f,1.1566605573063387f,-0.28322703668575006f,-0.10110313747278217f,-0.9537088661029468f,1.790596119978798f,0f,0f,0f,1f], start_interpolation: 0, interpolation_duration: 1 }
$data merge entity $(bone_left_whisker14) { transformation: [-0.7116987759338579f,0.6351154289311519f,0.3001886811121423f,0.6695363284004345f,0.6699444373060881f,0.7421915497186994f,0.01805974664230106f,1.382374259328409f,-0.21132747870752036f,0.21396283663233207f,-0.9537088661029468f,1.7193969206095652f,0f,0f,0f,1f], start_interpolation: 0, interpolation_duration: 1 }
$data merge entity $(bone_left_whisker13) { transformation: [-0.09469024935313418f,0.9928791026199749f,0.07228308417600099f,0.6376338518117322f,0.9727655579653866f,0.07685179752550347f,0.2186800641425485f,1.7101126553226067f,0.21156778089711914f,0.0910213645121438f,-0.9731157101232186f,1.7906770811657235f,0f,0f,0f,1f], start_interpolation: 0, interpolation_duration: 1 }
$data merge entity $(bone_left_whisker12) { transformation: [0.06596315125044426f,0.9965647798875534f,0.05007496544964875f,0.6672657361625176f,0.9020121554281049f,-0.08101171955032108f,0.42404147527741254f,2.1153134282688257f,0.42664145853052693f,0.017197115548039987f,-0.9042573334398633f,1.9823324238649838f,0f,0f,0f,1f], start_interpolation: 0, interpolation_duration: 1 }
$data merge entity $(bone_left_whisker11) { transformation: [0.29181595110983666f,0.9560668498910452f,0.027921841222875693f,0.7983549329501396f,0.9468276323696686f,-0.2928852772939933f,0.13317525643177258f,2.540646153747388f,0.13550234410927775f,-0.01242549330347699f,-0.9906991076290803f,2.0432026175078235f,0f,0f,0f,1f], start_interpolation: 0, interpolation_duration: 1 }
$data merge entity $(bone_left_whisker10) { transformation: [0.07078703981861563f,0.9939102190749067f,-0.08444922386966677f,0.8301537984936583f,0.990750231234402f,-0.07988232284193679f,-0.10969409193915453f,2.9857097341847165f,-0.11577207911537565f,-0.07590316802247438f,-0.9903714125425144f,1.9911956288427133f,0f,0f,0f,1f], start_interpolation: 0, interpolation_duration: 1 }
$data merge entity $(bone_left_whisker1) { transformation: [-0.34065101229630845f,0.938622452089395f,-0.05426582953564735f,0.677126976563676f,0.9267650061660195f,0.3449460168323762f,0.14872413663415934f,3.402029951798358f,0.15831459556085914f,0.0003713558531124317f,-0.9873886524197206f,2.062313513567318f,0f,0f,0f,1f], start_interpolation: 0, interpolation_duration: 1 }
$data merge entity $(bone_upper_left_tooth1) { transformation: [-0.999996249656423f,-0.0012644520103441484f,0.002429369095567925f,0.30937311633774683f,-1.0842021724855044e-19f,0.8870403665199129f,0.46169187578320947f,3.2710887008006093f,-0.0027387356734383615f,0.46169014428004856f,-0.8870370398137717f,3.070766902986244f,0f,0f,0f,1f], start_interpolation: 0, interpolation_duration: 1 }
$data merge entity $(bone_upper_right_tooth1) { transformation: [-0.999996249656423f,-0.0012644520103441484f,0.002429369095567925f,-0.3644524815752725f,-1.0842021724855044e-19f,0.8870403665199129f,0.46169187578320947f,3.2710887008006093f,-0.0027387356734383615f,0.46169014428004856f,-0.8870370398137717f,3.0689214658625406f,0f,0f,0f,1f], start_interpolation: 0, interpolation_duration: 1 }
$data merge entity $(bone_top_lip1) { transformation: [-0.999996249656423f,-0.00011796789485400716f,0.002736193828066204f,0.0003805390579300317f,-1.0842021724855044e-19f,0.9990718909470492f,0.043073851923031314f,3.380669371078704f,-0.0027387356734383615f,0.043073690381287444f,-0.9990681440842f,3.126956042734834f,0f,0f,0f,1f], start_interpolation: 0, interpolation_duration: 1 }
$data merge entity $(bone_muzzle1) { transformation: [-0.999996249656423f,-0.0012644520103441484f,0.002429369095567925f,0.0015316809116089295f,-1.0842021724855044e-19f,0.8870403665199129f,0.46169187578320947f,3.7893483669771713f,-0.0027387356734383615f,0.46169014428004856f,-0.8870370398137717f,2.7066389060115816f,0f,0f,0f,1f], start_interpolation: 0, interpolation_duration: 1 }
$data merge entity $(bone_jaw_right_tooth1) { transformation: [-0.999996249656423f,0.0003674937252368875f,0.0027139678426384107f,-0.3644382498434985f,-1.0842021724855044e-19f,0.9909564727110537f,-0.13418371433250276f,3.173652862917236f,-0.0027387356734383615f,-0.13418321109747156f,-0.9909527562838111f,3.0637250248411574f,0f,0f,0f,1f], start_interpolation: 0, interpolation_duration: 1 }
$data merge entity $(bone_jaw_left_tooth1) { transformation: [-0.999996249656423f,0.0003674937252368875f,0.0027139678426384107f,0.36553948122893914f,-1.0842021724855044e-19f,0.9909564727110537f,-0.13418371433250276f,3.173652862917236f,-0.0027387356734383615f,-0.13418321109747156f,-0.9909527562838111f,3.0657242483918363f,0f,0f,0f,1f], start_interpolation: 0, interpolation_duration: 1 }
$data merge entity $(bone_tongue1) { transformation: [-0.999996249656423f,-0.0006056278485426538f,0.0026709339186946337f,0.0027359567076919653f,-1.0842021724855044e-19f,0.9752434105265056f,0.22113410009455733f,3.338937282904734f,-0.0027387356734383615f,0.2211332707657054f,-0.9752397530286449f,2.2669209400484265f,0f,0f,0f,1f], start_interpolation: 0, interpolation_duration: 1 }
$data merge entity $(bone_jaw_lips1) { transformation: [-0.999996249656423f,-0.0006056278485426538f,0.0026709339186946337f,0.05656663953009819f,-1.0842021724855044e-19f,0.9752434105265056f,0.22113410009455733f,3.0143093979051754f,-0.0027387356734383615f,0.2211332707657054f,-0.9752397530286449f,3.114707323257268f,0f,0f,0f,1f], start_interpolation: 0, interpolation_duration: 1 }
$data merge entity $(bone_jaw3) { transformation: [-0.999996249656423f,-0.00010936490032418546f,0.0027365511885475407f,0.059034471421077664f,-1.0842021724855044e-19f,0.9992023746898954f,0.039932623430899594f,2.966024672351416f,-0.0027387356734383615f,0.03993247366984182f,-0.9991986273376873f,2.213626339175388f,0f,0f,0f,1f], start_interpolation: 0, interpolation_duration: 1 }
$data merge entity $(bone_jaw1) { transformation: [-0.999996249656423f,-0.002012366565129095f,0.0018577012398430497f,0.06070349987874916f,-1.0842021724855044e-19f,0.6783061461023685f,0.7347794037394845f,3.626178042898609f,-0.0027387356734383615f,0.7347766480642671f,-0.6783036022212702f,1.6042129465547155f,0f,0f,0f,1f], start_interpolation: 0, interpolation_duration: 1 }
$data merge entity $(bone_tear_right1) { transformation: [-0.999996249656423f,-0.0014713738566287187f,0.0023099203585823917f,-0.6048383293702783f,-1.0842021724855044e-19f,0.8434258117660508f,0.537245660798464f,3.8729098267151025f,-0.0027387356734383615f,0.5372436459426507f,-0.8434226486294749f,2.67831331229387f,0f,0f,0f,1f], start_interpolation: 0, interpolation_duration: 1 }
$data merge entity $(bone_right_pupil1) { transformation: [-0.999996249656423f,-0.0014713738566287187f,0.0023099203585823917f,-0.4198575404294269f,-1.0842021724855044e-19f,0.8434258117660508f,0.537245660798464f,3.931429375306901f,-0.0027387356734383615f,0.5372436459426507f,-0.8434226486294749f,2.7959879764784588f,0f,0f,0f,1f], start_interpolation: 0, interpolation_duration: 1 }
$data merge entity $(bone_right_sad_pupil1) { transformation: [-0.999996249656423f,-0.0014713738566287187f,0.0023099203585823917f,-0.4198315989410249f,-1.0842021724855044e-19f,0.8434258117660508f,0.537245660798464f,3.9374628959115716f,-0.0027387356734383615f,0.5372436459426507f,-0.8434226486294749f,2.786515944779983f,0f,0f,0f,1f], start_interpolation: 0, interpolation_duration: 1 }
$data merge entity $(bone_right_happy_pupil1) { transformation: [-0.999996249656423f,-0.0014713738566287187f,0.0023099203585823917f,-0.4478659961305657f,-1.0842021724855044e-19f,0.8434258117660508f,0.537245660798464f,3.9137830309627675f,-0.0027387356734383615f,0.5372436459426507f,-0.8434226486294749f,2.7713555006804267f,0f,0f,0f,1f], start_interpolation: 0, interpolation_duration: 1 }
$data merge entity $(bone_eyelid_right1) { transformation: [-0.999996249656423f,-0.0014713738566287187f,0.0023099203585823917f,0.013919881270832693f,-1.0842021724855044e-19f,0.8434258117660508f,0.537245660798464f,4.191778590035174f,-0.0027387356734383615f,0.5372436459426507f,-0.8434226486294749f,2.2839310264436734f,0f,0f,0f,1f], start_interpolation: 0, interpolation_duration: 1 }
$data merge entity $(bone_eyelid_expressions_right5) { transformation: [-0.999996249656423f,-0.0014713738566287187f,0.0023099203585823917f,-0.5491463880151991f,-1.0842021724855044e-19f,0.8434258117660508f,0.537245660798464f,4.032183568131392f,-0.0027387356734383615f,0.5372436459426507f,-0.8434226486294749f,2.846497216751123f,0f,0f,0f,1f], start_interpolation: 0, interpolation_duration: 1 }
$data merge entity $(bone_eyelid_expressions_right7) { transformation: [-0.999996249656423f,-0.0014713738566287187f,0.0023099203585823917f,-0.21223358905868933f,-1.0842021724855044e-19f,0.8434258117660508f,0.537245660798464f,4.032183568131392f,-0.0027387356734383615f,0.5372436459426507f,-0.8434226486294749f,2.8474199353129754f,0f,0f,0f,1f], start_interpolation: 0, interpolation_duration: 1 }
$data merge entity $(bone_eyelid_expressions_right6) { transformation: [-0.999996249656423f,-0.0014713738566287187f,0.0023099203585823917f,-0.32453785537752594f,-1.0842021724855044e-19f,0.8434258117660508f,0.537245660798464f,4.032183568131392f,-0.0027387356734383615f,0.5372436459426507f,-0.8434226486294749f,2.8471123624590247f,0f,0f,0f,1f], start_interpolation: 0, interpolation_duration: 1 }
$data merge entity $(bone_right_eye1) { transformation: [-0.999996249656423f,-0.0014713738566287187f,0.0023099203585823917f,0.0026635131505469895f,-1.0842021724855044e-19f,0.8434258117660508f,0.537245660798464f,4.185745069430504f,-0.0027387356734383615f,0.5372436459426507f,-0.8434226486294749f,2.293372300856754f,0f,0f,0f,1f], start_interpolation: 0, interpolation_duration: 1 }
$data merge entity $(bone_tear_left1) { transformation: [-0.999996249656423f,-0.0014713738566287187f,0.0023099203585823917f,0.6080477468731565f,-1.0842021724855044e-19f,0.8434258117660508f,0.537245660798464f,3.8729098267151025f,-0.0027387356734383615f,0.5372436459426507f,-0.8434226486294749f,2.6816350991165363f,0f,0f,0f,1f], start_interpolation: 0, interpolation_duration: 1 }
$data merge entity $(bone_left_sad_pupil1) { transformation: [-0.999996249656423f,-0.0014713738566287187f,0.0023099203585823917f,0.4224503984502493f,-1.0842021724855044e-19f,0.8434258117660508f,0.537245660798464f,3.9374628959115716f,-0.0027387356734383615f,0.5372436459426507f,-0.8434226486294749f,2.788822741184613f,0f,0f,0f,1f], start_interpolation: 0, interpolation_duration: 1 }
$data merge entity $(bone_left_pupil1) { transformation: [-0.999996249656423f,-0.0014713738566287187f,0.0023099203585823917f,0.42242445696184727f,-1.0842021724855044e-19f,0.8434258117660508f,0.537245660798464f,3.931429375306901f,-0.0027387356734383615f,0.5372436459426507f,-0.8434226486294749f,2.7982947728830885f,0f,0f,0f,1f], start_interpolation: 0, interpolation_duration: 1 }
$data merge entity $(bone_eyelid_left1) { transformation: [-0.999996249656423f,-0.0014713738566287187f,0.0023099203585823917f,-0.00854097199293462f,-1.0842021724855044e-19f,0.8434258117660508f,0.537245660798464f,4.191778590035174f,-0.0027387356734383615f,0.5372436459426507f,-0.8434226486294749f,2.2838695118728833f,0f,0f,0f,1f], start_interpolation: 0, interpolation_duration: 1 }
$data merge entity $(bone_left_happy_pupil1) { transformation: [-0.999996249656423f,-0.0014713738566287187f,0.0023099203585823917f,0.4505681344201267f,-1.0842021724855044e-19f,0.8434258117660508f,0.537245660798464f,3.9137830309627675f,-0.0027387356734383615f,0.5372436459426507f,-0.8434226486294749f,2.773816083512031f,0f,0f,0f,1f], start_interpolation: 0, interpolation_duration: 1 }
$data merge entity $(bone_eyelid_expressions_left5) { transformation: [-0.999996249656423f,-0.0014713738566287187f,0.0023099203585823917f,0.5514354219093993f,-1.0842021724855044e-19f,0.8434258117660508f,0.537245660798464f,4.032183568131392f,-0.0027387356734383615f,0.5372436459426507f,-0.8434226486294749f,2.849511430719839f,0f,0f,0f,1f], start_interpolation: 0, interpolation_duration: 1 }
$data merge entity $(bone_eyelid_expressions_left7) { transformation: [-0.999996249656423f,-0.0014713738566287187f,0.0023099203585823917f,0.21452262295288949f,-1.0842021724855044e-19f,0.8434258117660508f,0.537245660798464f,4.032183568131392f,-0.0027387356734383615f,0.5372436459426507f,-0.8434226486294749f,2.848588712157987f,0f,0f,0f,1f], start_interpolation: 0, interpolation_duration: 1 }
$data merge entity $(bone_eyelid_expressions_left6) { transformation: [-0.999996249656423f,-0.0014713738566287187f,0.0023099203585823917f,0.3268268892717261f,-1.0842021724855044e-19f,0.8434258117660508f,0.537245660798464f,4.032183568131392f,-0.0027387356734383615f,0.5372436459426507f,-0.8434226486294749f,2.848896285011938f,0f,0f,0f,1f], start_interpolation: 0, interpolation_duration: 1 }
$data merge entity $(bone_left_eye1) { transformation: [-0.999996249656423f,-0.0014713738566287187f,0.0023099203585823917f,0.0026635131505469895f,-1.0842021724855044e-19f,0.8434258117660508f,0.537245660798464f,4.185745069430504f,-0.0027387356734383615f,0.5372436459426507f,-0.8434226486294749f,2.293372300856754f,0f,0f,0f,1f], start_interpolation: 0, interpolation_duration: 1 }
$data merge entity $(bone_crest_middle5) { transformation: [-0.999996249656423f,-0.0009365381505679384f,0.0025736296123363713f,-0.0004766321536894319f,-1.0842021724855044e-19f,0.9397144957422244f,0.3419600363959755f,5.098349956507871f,-0.0027387356734383615f,0.3419587539283494f,-0.939710971490001f,3.4399354971765916f,0f,0f,0f,1f], start_interpolation: 0, interpolation_duration: 1 }
$data merge entity $(bone_crest_middle4) { transformation: [-0.999996249656423f,-0.0009365381505679384f,0.0025736296123363713f,0.00015443359229872975f,-1.0842021724855044e-19f,0.9397144957422244f,0.3419600363959755f,4.465143899806567f,-0.0027387356734383615f,0.3419587539283494f,-0.939710971490001f,3.2095140711897154f,0f,0f,0f,1f], start_interpolation: 0, interpolation_duration: 1 }
$data merge entity $(bone_crest_middle1) { transformation: [-0.999996249656423f,-0.0009365381505679384f,0.0025736296123363713f,0.00041095897487607234f,-1.0842021724855044e-19f,0.9397144957422244f,0.3419600363959755f,3.961436448119998f,-0.0027387356734383615f,0.3419587539283494f,-0.939710971490001f,3.1158487996533184f,0f,0f,0f,1f], start_interpolation: 0, interpolation_duration: 1 }
$data merge entity $(bone_crest_left5) { transformation: [-0.5360566491644153f,-0.8366552791943125f,0.11247760969591111f,-1.1042616176463955f,-0.7113381148212764f,0.5194200363751867f,0.4734985873416227f,4.5043661510252795f,-0.4545782169100622f,0.17381245527374178f,-0.8735833532654922f,3.1757348738949434f,0f,0f,0f,1f], start_interpolation: 0, interpolation_duration: 1 }
$data merge entity $(bone_crest_left4) { transformation: [-0.5360566491644153f,-0.8366552791943125f,0.11247760969591111f,-0.634460069270683f,-0.7113381148212764f,0.5194200363751867f,0.4734985873416227f,4.212699626693509f,-0.4545782169100622f,0.17381245527374178f,-0.8735833532654922f,3.078135106529317f,0f,0f,0f,1f], start_interpolation: 0, interpolation_duration: 1 }
$data merge entity $(bone_crest_left1) { transformation: [-0.5360566491644153f,-0.8366552791943125f,0.11247760969591111f,-0.11136248465357682f,-0.7113381148212764f,0.5194200363751867f,0.4734985873416227f,3.9184545053701094f,-0.4545782169100622f,0.17381245527374178f,-0.8735833532654922f,2.9217216096802865f,0f,0f,0f,1f], start_interpolation: 0, interpolation_duration: 1 }
$data merge entity $(bone_crest_center1) { transformation: [-0.999996249656423f,-0.0014713738566287187f,0.0023099203585823917f,0.0009830916817758426f,-1.0842021724855044e-19f,0.8434258117660508f,0.537245660798464f,3.8947746404213053f,-0.0027387356734383615f,0.5372436459426507f,-0.8434226486294749f,2.9069456306639347f,0f,0f,0f,1f], start_interpolation: 0, interpolation_duration: 1 }
$data merge entity $(bone_crest_right5) { transformation: [-0.538538537412962f,0.8356906790658705f,-0.10769091253922883f,1.104738940994881f,0.7113381148212764f,0.5194200363751867f,0.4734985873416227f,4.5043661510252795f,0.45163517370065437f,0.17839258598502317f,-0.8741863389129092f,3.1817847652167104f,0f,0f,0f,1f], start_interpolation: 0, interpolation_duration: 1 }
$data merge entity $(bone_crest_right4) { transformation: [-0.538538537412962f,0.8356906790658705f,-0.10769091253922883f,0.6354790381991041f,0.7113381148212764f,0.5194200363751867f,0.4734985873416227f,4.212699626693509f,0.45163517370065437f,0.17839258598502317f,-0.8741863389129092f,3.081613147109886f,0f,0f,0f,1f], start_interpolation: 0, interpolation_duration: 1 }
$data merge entity $(bone_crest_right1) { transformation: [-0.538538537412962f,0.8356906790658705f,-0.10769091253922883f,0.11324604798409629f,0.7113381148212764f,0.5194200363751867f,0.4734985873416227f,3.9184545053701094f,0.45163517370065437f,0.17839258598502317f,-0.8741863389129092f,2.9223367553881876f,0f,0f,0f,1f], start_interpolation: 0, interpolation_duration: 1 }
$data merge entity $(bone_head1) { transformation: [-1.0481731523091407f,-0.0015422603575340078f,0.0024212055841911777f,0.004172916103241827f,-1.136435870899519e-19f,0.8840596073849877f,0.5631285897692231f,4.470228366577458f,-0.0028706799702055727f,0.5631264778435333f,-0.8840562918577174f,1.7422430675561238f,0f,0f,0f,1f], start_interpolation: 0, interpolation_duration: 1 }
$data merge entity $(bone_neck10) { transformation: [-1.4973902175844875f,-0.0019955084619809487f,0.0035827241433047147f,0.007324259593940721f,-1.6234798155707422e-19f,1.3081671875280911f,0.7286239710295505f,4.596922789677585f,-0.004100971386007963f,0.7286212384393206f,-1.3081622814516818f,0.5915910704900043f,0f,0f,0f,1f], start_interpolation: 0, interpolation_duration: 1 }
$data merge entity $(bone_neck9) { transformation: [-1.1455035164521337f,-0.0016854702478764534f,0.0026460318170089332f,0.009342700507067135f,-1.2419620589116186e-19f,0.9661508566421662f,0.6154191016763659f,3.3353864477965707f,-0.0031372431102960935f,0.6154167936432907f,-0.9661472332445066f,-0.14540350801396895f,0f,0f,0f,1f], start_interpolation: 0, interpolation_duration: 1 }
$data merge entity $(bone_neck8) { transformation: [-1.0631470544849861f,0.0005057930195796021f,0.0028674222286993066f,0.008875059410973852f,-1.1526706690552271e-19f,1.0469875777020075f,-0.18468121056187992f,2.5600213220978993f,-0.002911689684065654f,-0.18468051794388807f,-1.0469836511388702f,0.02534657452006478f,0f,0f,0f,1f], start_interpolation: 0, interpolation_duration: 1 }
$data merge entity $(bone_neck7) { transformation: [-1.0556601033970636f,0.0012608503899714622f,0.00260176978204606f,0.007679298210917542f,-1.1445532699773733e-19f,0.9499893718402013f,-0.46037680897788885f,1.7101753935310717f,-0.002891184827135614f,-0.46037508240668024f,-0.9499858090536624f,0.46195560077185827f,0f,0f,0f,1f], start_interpolation: 0, interpolation_duration: 1 }
$data merge entity $(bone_neck6) { transformation: [-1.0496705425267256f,0.0007929917158153964f,0.0027632462070518323f,0.007002068444120326f,-1.1380593507150903e-19f,1.0089495798558386f,-0.2895466413594527f,0.8161583509310169f,-0.002874780941591582f,-0.289545555460066f,-1.0089457959482622f,0.709232924217491f,0f,0f,0f,1f], start_interpolation: 0, interpolation_duration: 1 }
$data merge entity $(bone_neck_spine6) { transformation: [-1.2659807958637987f,0.1036979694220502f,0.08077576467305222f,-0.03653849777993798f,0.06728986490101466f,-0.16061811833932704f,1.2608169029083671f,0.10141187176694055f,0.11291619504028629f,1.2583457075524147f,0.1542769642517849f,-1.8651387316002577f,0f,0f,0f,1f], start_interpolation: 0, interpolation_duration: 1 }
$data merge entity $(bone_neck_spine7) { transformation: [-0.9962464004702489f,0.07099574928545226f,0.04952487388645617f,-0.3144985631499261f,0.05746803950414253f,0.11460024182847986f,0.9917480572244163f,0.6410328041430267f,0.0647343339011262f,0.9908715295921318f,-0.11825006493920576f,-5.447062177848722f,0f,0f,0f,1f], start_interpolation: 0, interpolation_duration: 1 }
$data merge entity $(bone_tail6) { transformation: [-1.5487421925714102f,-0.6924351439674001f,-0.29535255183436526f,0.5931086871501288f,-0.45276314597405537f,0.31703535215421436f,1.6308881189889317f,0.5922449120923816f,-0.6014192315880015f,1.5444494470232508f,-0.4671966941158711f,-9.081861520609227f,0f,0f,0f,1f], start_interpolation: 0, interpolation_duration: 1 }
$data merge entity $(bone_tail5) { transformation: [-1.2793957242981215f,-0.5720116406687218f,-0.24398689064577997f,0.23183817725409392f,-0.37402172928291527f,0.2618987691708727f,1.3472554026430306f,0.7576546610424065f,-0.4968245826161751f,1.2758495431931203f,-0.38594509513919784f,-8.276061809118834f,0f,0f,0f,1f], start_interpolation: 0, interpolation_duration: 1 }
$data merge entity $(bone_tail4) { transformation: [-0.9427126389565105f,-0.42148226154537394f,-0.17977981416004837f,0.05120292230607651f,-0.2755949584189902f,0.19297804044169564f,0.9927145072106539f,0.8403595355174189f,-0.3660812714013921f,0.9400996634054569f,-0.2843805964183563f,-7.873161953373638f,0f,0f,0f,1f], start_interpolation: 0, interpolation_duration: 1 }
$data merge entity $(bone_segment18) { transformation: [-0.8993829897125467f,-0.34761670082928453f,-0.26509029993623695f,-0.14399200247599245f,-0.26292786095128506f,-0.054325968896817955f,0.963284812004738f,0.8098542307169596f,-0.3492551756972288f,0.9360615996866795f,-0.04253826325453558f,-7.347541426205825f,0f,0f,0f,1f], start_interpolation: 0, interpolation_duration: 1 }
$data merge entity $(bone_segment17) { transformation: [-0.9737038212189462f,-0.22615194900391522f,0.02749844550792778f,-0.3090785082185968f,0.11941783471689829f,-0.40387391050363175f,0.9069869046276423f,0.5150341642116226f,-0.19401095148251166f,0.8864204196521166f,0.420260146015079f,-6.7004718327586f,0f,0f,0f,1f], start_interpolation: 0, interpolation_duration: 1 }
$data merge entity $(bone_segment16) { transformation: [-0.9968539049933406f,-0.05323627052609563f,0.05872130448142232f,-0.3598973113819352f,0.07169800253042026f,-0.28983030023193324f,0.954388701473679f,0.23836510319920565f,-0.033788881790840455f,0.9555963041828591f,0.29273540083048516f,-5.788269306060606f,0f,0f,0f,1f], start_interpolation: 0, interpolation_duration: 1 }
$data merge entity $(bone_segment15) { transformation: [-0.9962464004702489f,0.055758647223446645f,0.0662124067670358f,-0.2941467581374901f,0.05746803950414253f,-0.14598795187200206f,0.9876157868036376f,0.06621622440482822f,0.0647343339011262f,0.9877137698584691f,0.1422356314231714f,-4.6235580002948815f,0f,0f,0f,1f], start_interpolation: 0, interpolation_duration: 1 }
$data merge entity $(bone_segment14) { transformation: [-1.0419411532984761f,0.0875146607441681f,0.07331449544971763f,-0.19569276480030096f,0.05286165888067792f,-0.22678907953622826f,1.0219821703183793f,-0.18892149007342857f,0.10119029651402527f,1.0195994780221864f,0.22102630235666554f,-3.4765085875199215f,0f,0f,0f,1f], start_interpolation: 0, interpolation_duration: 1 }
$data merge entity $(bone_segment13) { transformation: [-1.0202315825490613f,0.07099501170291857f,0.07861830643004343f,-0.11233975709557387f,0.05422771465552357f,-0.30391155312576973f,0.9781568047420154f,-0.5817203757085231f,0.09099716894423071f,0.9770829483790885f,0.2985331456541303f,-2.3079012771846106f,0f,0f,0f,1f], start_interpolation: 0, interpolation_duration: 1 }
$data merge entity $(bone_segment12) { transformation: [-1.1126131776432588f,0.06328663887586607f,0.050602366209912486f,-0.03588609939318532f,0.05570473610370664f,0.09146600607665085f,1.1104075077644597f,-0.4712245294414281f,0.05884539490786664f,1.1100011947128066f,-0.09438457726745111f,-0.9669602365919583f,0f,0f,0f,1f], start_interpolation: 0, interpolation_duration: 1 }
$data merge entity $(bone_segment11) { transformation: [-1.1899855202819247f,0.029035506003147412f,0.01463700078038698f,0.0033081464229375384f,0.028287608082206782f,0.6601647976658913f,0.9902045707999367f,0.2915679209180877f,0.016034763162932227f,0.9901829225932149f,-0.6606084370157671f,0.17727924744937584f,0f,0f,0f,1f], start_interpolation: 0, interpolation_duration: 1 }
$data merge entity $(bone_segment10) { transformation: [-1.048173152309141f,-0.001617546223095031f,0.002371570725803993f,0.006803066420589835f,-1.1364358708995195e-19f,0.8659363328869888f,0.5906178675009819f,1.1780094368451142f,-0.002870679970205574f,0.5906156524810561f,-0.8659330853282247f,0.7818946561014933f,0f,0f,0f,1f], start_interpolation: 0, interpolation_duration: 1 }