# This file was generated by Animated Java via MC-Build. It is not recommended to edit this file directly.
$data merge entity $(bone_neck_spine5) { transformation: [-1.5713078432624459f,-0.01695615771258837f,0.05218568744578045f,0.12436110978778357f,-1.363723045079424e-18f,1.4953134680031233f,0.4858567977965481f,4.4300112535980904f,-0.054871278995143345f,0.4855608269627417f,-1.4944025634404334f,-0.29487061565513845f,0f,0f,0f,1f], start_interpolation: 0, interpolation_duration: 1 }
$data merge entity $(bone_neck_spine2) { transformation: [-1.496483660249948f,-0.013965439516189575f,0.05035774804402546f,-0.056715092488847006f,-1.2987838524565938e-18f,1.4429362255077038f,0.400161630846348f,5.521398835429297f,-0.05225836094775555f,0.39991786319284167f,-1.4420572277459565f,1.6725276145261658f,0f,0f,0f,1f], start_interpolation: 0, interpolation_duration: 1 }
$data merge entity $(bone_scale_neck_left1) { transformation: [-1.5958547373387748f,0.38331717620860883f,0.13917859237153388f,0.7384843443927367f,0.39242043852374664f,1.2905199951921411f,0.9453144568215274f,4.661471912775489f,0.11094565146905817f,0.9490422357674114f,-1.3416650021474705f,1.4266154615984634f,0f,0f,0f,1f], start_interpolation: 0, interpolation_duration: 1 }
$data merge entity $(bone_scale_neck_right1) { transformation: [-1.5842281379822698f,-0.44858527463419423f,-0.04524974081989627f,-0.8328234988697085f,-0.39242043852374664f,1.2905199951921411f,0.9453144568215274f,4.661471912775489f,-0.22199659252279913f,0.9199915620419098f,-1.3481053814585957f,1.37174418260332f,0f,0f,0f,1f], start_interpolation: 0, interpolation_duration: 1 }
$data merge entity $(bone_blush_right1) { transformation: [-0.9993908270190958f,-0.019007628206560302f,0.029269180720496047f,-0.7480680373049589f,-8.673617379884035e-19f,0.8386705679454242f,0.544639035015027f,3.823529682388312f,-0.0348994967025011f,0.5443072556305499f,-0.8381596724955522f,2.484405656017541f,0f,0f,0f,1f], start_interpolation: 0, interpolation_duration: 1 }
$data merge entity $(bone_blush_left1) { transformation: [-0.9993908270190958f,-0.019007628206560302f,0.029269180720496047f,0.5763200020162451f,-8.673617379884035e-19f,0.8386705679454242f,0.544639035015027f,3.823529682388312f,-0.0348994967025011f,0.5443072556305499f,-0.8381596724955522f,2.530654305456305f,0f,0f,0f,1f], start_interpolation: 0, interpolation_duration: 1 }
$data merge entity $(bone_left_head_scales) { transformation: [-0.8999854937530949f,-0.019007628206560302f,-0.43550524807854996f,0.5851731637997564f,-0.25148631913185576f,0.8386705679454242f,0.48310072423006173f,4.649822124900766f,0.3560628347967653f,0.5443072556305499f,-0.7595715036416457f,2.5989274984411237f,0f,0f,0f,1f], start_interpolation: 0, interpolation_duration: 1 }
$data merge entity $(bone_left_head_scales2) { transformation: [-0.8354411513689353f,-0.019007628206560302f,-0.5492511198616793f,0.5973197304752934f,-0.31239211680159173f,0.8386705679454242f,0.44614217893214314f,3.8045807615708025f,0.452160643974648f,0.5443072556305499f,-0.7065977381143891f,2.2510953386026245f,0f,0f,0f,1f], start_interpolation: 0, interpolation_duration: 1 }
$data merge entity $(bone_left_head_scales1) { transformation: [-0.9993908270190958f,-0.019007628206560302f,0.029269180720496047f,0.5873078095456103f,-8.673617379884035e-19f,0.8386705679454242f,0.544639035015027f,4.555635488852207f,-0.0348994967025011f,0.5443072556305499f,-0.8381596724955522f,2.537799242193552f,0f,0f,0f,1f], start_interpolation: 0, interpolation_duration: 1 }
$data merge entity $(bone_right_head_scales) { transformation: [-0.8729554865366655f,-0.019007628206560302f,0.4874294088332123f,-0.7616621304251969f,0.25148631913185576f,0.8386705679454242f,0.48310072423006173f,4.649822124900766f,-0.4179752980919375f,0.5443072556305499f,-0.7273419152316847f,2.5518949735881438f,0f,0f,0f,1f], start_interpolation: 0, interpolation_duration: 1 }
$data merge entity $(bone_right_head_scales2) { transformation: [-0.8018649266237816f,-0.019007628206560302f,0.597202938305396f,-0.7495155637496599f,0.31239211680159173f,0.8386705679454242f,0.44614217893214314f,3.8045807615708025f,-0.5093366321116695f,0.5443072556305499f,-0.6665626802162579f,2.2040628137496445f,0f,0f,0f,1f], start_interpolation: 0, interpolation_duration: 1 }
$data merge entity $(bone_right_head_scales1) { transformation: [-0.9993908270190958f,-0.019007628206560302f,0.029269180720496047f,-0.759527484679343f,-8.673617379884035e-19f,0.8386705679454242f,0.544639035015027f,4.555635488852207f,-0.0348994967025011f,0.5443072556305499f,-0.8381596724955522f,2.490766717340572f,0f,0f,0f,1f], start_interpolation: 0, interpolation_duration: 1 }
$data merge entity $(bone_head_left_fin1) { transformation: [-0.7525786853559191f,0.013101084228928715f,-0.7294716457581862f,0.5977780133887316f,-0.16282025785175186f,1.0185616940667495f,0.18627087007403f,4.248309846808444f,0.7111892040844119f,0.247053911114707f,-0.7292801101235936f,2.237971833018175f,0f,0f,0f,1f], start_interpolation: 0, interpolation_duration: 1 }
$data merge entity $(bone_head_right_fin1) { transformation: [-0.7011353904610448f,-0.03030278031026182f,0.7785666983461855f,-0.7490572808362217f,0.16282025785175186f,1.0185616940667495f,0.18627087007403f,4.248309846808444f,-0.7619540182329253f,0.24553821476608295f,-0.6766182507244077f,2.190939308165195f,0f,0f,0f,1f], start_interpolation: 0, interpolation_duration: 1 }
$data merge entity $(bone_right_whisker16) { transformation: [0.2608953706256106f,0.9285423005816702f,-0.2640886245498369f,-1.2677577636103539f,0.9643173321479428f,-0.26342454325246134f,0.026449819116701495f,1.5202285982452584f,-0.045007649407620635f,-0.2615658732379505f,-0.9641356779271626f,1.9448480131959691f,0f,0f,0f,1f], start_interpolation: 0, interpolation_duration: 1 }
$data merge entity $(bone_right_whisker15) { transformation: [-0.886544813184313f,0.37986246537314916f,-0.2640886245498369f,-0.9690683490121235f,0.3870395792244653f,0.9216836611237298f,0.026449819116701495f,1.3898295212604532f,0.25345346383456774f,-0.0787638001761618f,-0.9641356779271626f,1.8594559770407681f,0f,0f,0f,1f], start_interpolation: 0, interpolation_duration: 1 }
$data merge entity $(bone_right_whisker14) { transformation: [-0.7189423382738123f,-0.6429456529293581f,-0.2640886245498369f,-0.7268465651210444f,-0.6717590850641901f,0.7402973312814357f,0.026449819116701495f,1.6161546036307124f,0.17849830775417833f,0.19641982760613944f,-0.9641356779271626f,1.7993173870259327f,0f,0f,0f,1f], start_interpolation: 0, interpolation_duration: 1 }
$data merge entity $(bone_right_whisker13) { transformation: [-0.08636236133476109f,-0.9956248235762843f,-0.03567566710486546f,-0.6977498711166571f,-0.9708659144932013f,0.0760726115936132f,0.22722749358430902f,1.9432529830253944f,-0.2235193920445473f,0.05426019207504036f,-0.9731880152036481f,1.8746242134471913f,0f,0f,0f,1f], start_interpolation: 0, interpolation_duration: 1 }
$data merge entity $(bone_right_whisker12) { transformation: [0.08224982675288038f,-0.9964810776982793f,-0.016137775199741466f,-0.7346980354783026f,-0.8982285159969603f,-0.08113576796418623f,0.4319751384128029f,2.346754074195904f,-0.4317644022485174f,-0.021034470426848258f,-0.9017411224984933f,2.0685808785197675f,0f,0f,0f,1f], start_interpolation: 0, interpolation_duration: 1 }
$data merge entity $(bone_right_whisker11) { transformation: [0.2969993138230134f,-0.9548319916052147f,0.009342130157455053f,-0.8681156959847345f,-0.9456069466108825f,-0.2927417180256115f,0.14187948776569892f,2.7715384447437614f,-0.13273624263893757f,-0.05097209368500572f,-0.9898398534891713f,2.128208487517728f,0f,0f,0f,1f], start_interpolation: 0, interpolation_duration: 1 }
$data merge entity $(bone_right_whisker10) { transformation: [0.06668374158086529f,-0.9903249070578577f,0.12169575616931881f,-0.8980712830230138f,-0.9917313459128735f,-0.07918808412891976f,-0.1009860627306147f,3.21704276029056f,0.10964586696550355f,-0.11395536754728608f,-0.9874168107058671f,2.0789535082168182f,0f,0f,0f,1f], start_interpolation: 0, interpolation_duration: 1 }
$data merge entity $(bone_right_whisker1) { transformation: [-0.33416716197851626f,-0.9380772400039008f,0.09134221171992794f,-0.7479571282279772f,-0.9253293387543884f,0.34495202189868196f,0.15739668811121066f,3.632718049184133f,-0.17915893138660582f,-0.03192482380022342f,-0.9833020303699846f,2.159435059425645f,0f,0f,0f,1f], start_interpolation: 0, interpolation_duration: 1 }
$data merge entity $(bone_left_whisker16) { transformation: [0.25712026770113466f,-0.9080345052369436f,0.330700023036582f,1.1323814288127996f,-0.9643173321479428f,-0.26342454325246134f,0.026449819116701495f,1.5202285982452584f,0.0630971541067496f,-0.325700548527833f,-0.9433652006684887f,2.0286627206826884f,0f,0f,0f,1f], start_interpolation: 0, interpolation_duration: 1 }
$data merge entity $(bone_left_whisker15) { transformation: [-0.8667052146816487f,-0.373442854540345f,0.330700023036582f,0.8403762539444706f,-0.3870395792244653f,0.9216836611237298f,0.026449819116701495f,1.3898295212604532f,-0.31467830391907553f,-0.10506980160976838f,-0.9433652006684887f,1.922643174928703f,0f,0f,0f,1f], start_interpolation: 0, interpolation_duration: 1 }
$data merge entity $(bone_left_whisker14) { transformation: [-0.7047396183534675f,0.6276779150859243f,0.330700023036582f,0.6029395661203046f,0.6717590850641901f,0.7402973312814357f,0.026449819116701495f,1.6161546036307124f,-0.2282143771911202f,0.2407909803355833f,-0.9433652006684887f,1.8457545419883354f,0f,0f,0f,1f], start_interpolation: 0, interpolation_duration: 1 }
$data merge entity $(bone_left_whisker13) { transformation: [-0.10174391156556503f,0.9894145318821471f,0.10347492720350165f,0.5686606115401094f,0.9708659144932013f,0.0760726115936132f,0.22722749358430902f,1.9432529830253944f,0.21695057624864317f,0.123579293839052f,-0.9683287693751659f,1.9188482419939819f,0f,0f,0f,1f], start_interpolation: 0, interpolation_duration: 1 }
$data merge entity $(bone_left_whisker12) { transformation: [0.05193110811967543f,0.995520990360022f,0.07900074532600107f,0.5919890390157448f,0.8982285159969603f,-0.08113576796418623f,0.4319751384128029f,2.346754074195904f,0.4364501037453891f,0.048527774618900725f,-0.8984188121534279f,2.114909812035856f,0f,0f,0f,1f], start_interpolation: 0, interpolation_duration: 1 }
$data merge entity $(bone_left_whisker11) { transformation: [0.2870166261971369f,0.9560617023781735f,0.05972836455288113f,0.72092228906524f,0.9456069466108825f,-0.2927417180256115f,0.14187948776569892f,2.7715384447437614f,0.15313052865988763f,0.015757784525822775f,-0.9880803274122915f,2.1836989167072898f,0f,0f,0f,1f], start_interpolation: 0, interpolation_duration: 1 }
$data merge entity $(bone_left_whisker10) { transformation: [0.07416981237801845f,0.9958616499621349f,-0.05252059659318567f,0.754240759469428f,0.9917313459128735f,-0.07918808412891976f,-0.1009860627306147f,3.21704276029056f,-0.10472715247561196f,-0.04459620462198259f,-0.9935005798023795f,2.136653516181136f,0f,0f,0f,1f], start_interpolation: 0, interpolation_duration: 1 }
$data merge entity $(bone_left_whisker1) { transformation: [-0.3458506428604148f,0.9380190941280546f,-0.02252802441897255f,0.5988781659969761f,0.9253293387543884f,0.34495202189868196f,0.15739668811121066f,3.632718049184133f,0.1554121863735411f,0.03358990382831176f,-0.9872784666381621f,2.206467584278625f,0f,0f,0f,1f], start_interpolation: 0, interpolation_duration: 1 }
$data merge entity $(bone_upper_left_tooth1) { transformation: [-0.9993908270190958f,-0.016384321257364217f,0.0308144266054614f,0.1989219126498105f,-8.673617379884035e-19f,0.8829475928589271f,0.4694715627858907f,3.4929082307617216f,-0.0348994967025011f,0.4691855733945385f,-0.882409725041803f,3.2013821341951685f,0f,0f,0f,1f], start_interpolation: 0, interpolation_duration: 1 }
$data merge entity $(bone_upper_right_tooth1) { transformation: [-0.9993908270190958f,-0.016384321257364217f,0.0308144266054614f,-0.47449573446266613f,-8.673617379884035e-19f,0.8829475928589271f,0.4694715627858907f,3.4929082307617216f,-0.0348994967025011f,0.4691855733945385f,-0.882409725041803f,3.1778658717686783f,0f,0f,0f,1f], start_interpolation: 0, interpolation_duration: 1 }
$data merge entity $(bone_top_lip1) { transformation: [-0.9993908270190958f,0.0006090802009086974f,0.03489418134011379f,-0.11175152280724149f,-8.673617379884035e-19f,0.9998476951563913f,-0.01745240643728374f,3.6019832996061107f,-0.0348994967025011f,-0.017441774902830554f,-0.9992386149554826f,3.248564772911241f,0f,0f,0f,1f], start_interpolation: 0, interpolation_duration: 1 }
$data merge entity $(bone_muzzle1) { transformation: [-0.9993908270190958f,-0.016384321257364217f,0.0308144266054614f,-0.0972085541732132f,-8.673617379884035e-19f,0.8829475928589271f,0.4694715627858907f,4.01434131559249f,-0.0348994967025011f,0.4691855733945385f,-0.882409725041803f,2.8321086396217106f,0f,0f,0f,1f], start_interpolation: 0, interpolation_duration: 1 }
$data merge entity $(bone_jaw_right_tooth1) { transformation: [-0.9993908270190958f,0.0036479907591269955f,0.034708313607970186f,-0.4739308909370866f,-8.673617379884035e-19f,0.9945218953682732f,-0.10452846326765382f,3.3649225893056838f,-0.0348994967025011f,-0.10446478735209586f,-0.9939160595006972f,3.1616908695049695f,0f,0f,0f,1f], start_interpolation: 0, interpolation_duration: 1 }
$data merge entity $(bone_jaw_left_tooth1) { transformation: [-0.9993908270190958f,0.0036479907591269955f,0.034708313607970186f,0.255604893434763f,-8.673617379884035e-19f,0.9945218953682732f,-0.10452846326765382f,3.3649225893056838f,-0.0348994967025011f,-0.10446478735209586f,-0.9939160595006972f,3.187166820467f,0f,0f,0f,1f], start_interpolation: 0, interpolation_duration: 1 }
$data merge entity $(bone_tongue1) { transformation: [-0.9993908270190958f,-0.00991199258595424f,0.033462326175325484f,-0.08195111721367387f,-8.673617379884035e-19f,0.9588197348681932f,0.28401534470392215f,3.58316366829606f,-0.0348994967025011f,0.28384233022976624f,-0.9582356477921536f,2.395192810400226f,0f,0f,0f,1f], start_interpolation: 0, interpolation_duration: 1 }
$data merge entity $(bone_jaw_lips1) { transformation: [-0.9993908270190958f,-0.00991199258595424f,0.033462326175325484f,-0.05461665447521902f,-8.673617379884035e-19f,0.9588197348681932f,0.28401534470392215f,3.2041620333172864f,-0.0348994967025011f,0.28384233022976624f,-0.9582356477921536f,3.2214090929297816f,0f,0f,0f,1f], start_interpolation: 0, interpolation_duration: 1 }
$data merge entity $(bone_jaw3) { transformation: [-0.9993908270190958f,-0.0024344658254111876f,0.03481448328257637f,-0.023132964833329012f,-8.673617379884035e-19f,0.9975640502598242f,0.06975647374412491f,3.182810167502945f,-0.0348994967025011f,0.06971397998507672f,-0.9969563611936846f,2.319834182063916f,0f,0f,0f,1f], start_interpolation: 0, interpolation_duration: 1 }
$data merge entity $(bone_jaw1) { transformation: [-0.9993908270190958f,-0.026338984506330602f,0.022896129918900287f,-0.00256222310931703f,-8.673617379884035e-19f,0.6560590289905075f,0.7547095802227718f,3.860869555984342f,-0.0348994967025011f,0.7542498315380705f,-0.6556593755561683f,1.7307652118376713f,0f,0f,0f,1f], start_interpolation: 0, interpolation_duration: 1 }
$data merge entity $(bone_tear_right1) { transformation: [-0.9993908270190958f,-0.019007628206560302f,0.029269180720496047f,-0.7023795197308513f,-8.673617379884035e-19f,0.8386705679454242f,0.544639035015027f,4.098133943593368f,-0.0348994967025011f,0.5443072556305499f,-0.8381596724955522f,2.785030575504826f,0f,0f,0f,1f], start_interpolation: 0, interpolation_duration: 1 }
$data merge entity $(bone_right_pupil1) { transformation: [-0.9993908270190958f,-0.019007628206560302f,0.029269180720496047f,-0.5212969113933704f,-8.673617379884035e-19f,0.8386705679454242f,0.544639035015027f,4.155621269665328f,-0.0348994967025011f,0.5443072556305499f,-0.8381596724955522f,2.9091033474345047f,0f,0f,0f,1f], start_interpolation: 0, interpolation_duration: 1 }
$data merge entity $(bone_right_sad_pupil1) { transformation: [-0.9993908270190958f,-0.019007628206560302f,0.029269180720496047f,-0.5209682047739509f,-8.673617379884035e-19f,0.8386705679454242f,0.544639035015027f,4.161737821328094f,-0.0348994967025011f,0.5443072556305499f,-0.8381596724955522f,2.899690421425033f,0f,0f,0f,1f], start_interpolation: 0, interpolation_duration: 1 }
$data merge entity $(bone_right_happy_pupil1) { transformation: [-0.9993908270190958f,-0.019007628206560302f,0.029269180720496047f,-0.5484932596419618f,-8.673617379884035e-19f,0.8386705679454242f,0.544639035015027f,4.13819146371319f,-0.0348994967025011f,0.5443072556305499f,-0.8381596724955522f,2.8834287212477965f,0f,0f,0f,1f], start_interpolation: 0, interpolation_duration: 1 }
$data merge entity $(bone_eyelid_right1) { transformation: [-0.9993908270190958f,-0.019007628206560302f,0.029269180720496047f,-0.07135553487679121f,-8.673617379884035e-19f,0.8386705679454242f,0.544639035015027f,4.420472086442136f,-0.0348994967025011f,0.5443072556305499f,-0.8381596724955522f,2.4135696070933412f,0f,0f,0f,1f], start_interpolation: 0, interpolation_duration: 1 }
$data merge entity $(bone_eyelid_expressions_right5) { transformation: [-0.9993908270190958f,-0.019007628206560302f,0.029269180720496047f,-0.6521742070602843f,-8.673617379884035e-19f,0.8386705679454242f,0.544639035015027f,4.255924457376653f,-0.0348994967025011f,0.5443072556305499f,-0.8381596724955522f,2.9563114065828673f,0f,0f,0f,1f], start_interpolation: 0, interpolation_duration: 1 }
$data merge entity $(bone_eyelid_expressions_right7) { transformation: [-0.9993908270190958f,-0.019007628206560302f,0.029269180720496047f,-0.31546538350404596f,-8.673617379884035e-19f,0.8386705679454242f,0.544639035015027f,4.255924457376653f,-0.0348994967025011f,0.5443072556305499f,-0.8381596724955522f,2.9680695377961124f,0f,0f,0f,1f], start_interpolation: 0, interpolation_duration: 1 }
$data merge entity $(bone_eyelid_expressions_right6) { transformation: [-0.9993908270190958f,-0.019007628206560302f,0.029269180720496047f,-0.4277016580227921f,-8.673617379884035e-19f,0.8386705679454242f,0.544639035015027f,4.255924457376653f,-0.0348994967025011f,0.5443072556305499f,-0.8381596724955522f,2.9641501607250307f,0f,0f,0f,1f], start_interpolation: 0, interpolation_duration: 1 }
$data merge entity $(bone_right_eye1) { transformation: [-0.9993908270190958f,-0.019007628206560302f,0.029269180720496047f,-0.08290786894808545f,-8.673617379884035e-19f,0.8386705679454242f,0.544639035015027f,4.41435553477937f,-0.0348994967025011f,0.5443072556305499f,-0.8381596724955522f,2.4225905953957048f,0f,0f,0f,1f], start_interpolation: 0, interpolation_duration: 1 }
$data merge entity $(bone_tear_left1) { transformation: [-0.9993908270190958f,-0.019007628206560302f,0.029269180720496047f,0.5097722450716067f,-8.673617379884035e-19f,0.8386705679454242f,0.544639035015027f,4.098133943593368f,-0.0348994967025011f,0.5443072556305499f,-0.8381596724955522f,2.8273598478725077f,0f,0f,0f,1f], start_interpolation: 0, interpolation_duration: 1 }
$data merge entity $(bone_left_sad_pupil1) { transformation: [-0.9993908270190958f,-0.019007628206560302f,0.029269180720496047f,0.3208038541166449f,-8.673617379884035e-19f,0.8386705679454242f,0.544639035015027f,4.161737821328094f,-0.0348994967025011f,0.5443072556305499f,-0.8381596724955522f,2.929085749458146f,0f,0f,0f,1f], start_interpolation: 0, interpolation_duration: 1 }
$data merge entity $(bone_left_pupil1) { transformation: [-0.9993908270190958f,-0.019007628206560302f,0.029269180720496047f,0.32047514749722533f,-8.673617379884035e-19f,0.8386705679454242f,0.544639035015027f,4.155621269665328f,-0.0348994967025011f,0.5443072556305499f,-0.8381596724955522f,2.938498675467617f,0f,0f,0f,1f], start_interpolation: 0, interpolation_duration: 1 }
$data merge entity $(bone_eyelid_left1) { transformation: [-0.9993908270190958f,-0.019007628206560302f,0.029269180720496047f,-0.09380278978054044f,-8.673617379884035e-19f,0.8386705679454242f,0.544639035015027f,4.420472086442136f,-0.0348994967025011f,0.5443072556305499f,-0.8381596724955522f,2.4127857316791252f,0f,0f,0f,1f], start_interpolation: 0, interpolation_duration: 1 }
$data merge entity $(bone_left_happy_pupil1) { transformation: [-0.9993908270190958f,-0.019007628206560302f,0.029269180720496047f,0.349396936508007f,-8.673617379884035e-19f,0.8386705679454242f,0.544639035015027f,4.13819146371319f,-0.0348994967025011f,0.5443072556305499f,-0.8381596724955522f,2.9147837378164496f,0f,0f,0f,1f], start_interpolation: 0, interpolation_duration: 1 }
$data merge entity $(bone_eyelid_expressions_left5) { transformation: [-0.9993908270190958f,-0.019007628206560302f,0.029269180720496047f,0.44774128322342754f,-8.673617379884035e-19f,0.8386705679454242f,0.544639035015027f,4.255924457376653f,-0.0348994967025011f,0.5443072556305499f,-0.8381596724955522f,2.994721301879468f,0f,0f,0f,1f], start_interpolation: 0, interpolation_duration: 1 }
$data merge entity $(bone_eyelid_expressions_left7) { transformation: [-0.9993908270190958f,-0.019007628206560302f,0.029269180720496047f,0.11103245966718918f,-8.673617379884035e-19f,0.8386705679454242f,0.544639035015027f,4.255924457376653f,-0.0348994967025011f,0.5443072556305499f,-0.8381596724955522f,2.9829631706662227f,0f,0f,0f,1f], start_interpolation: 0, interpolation_duration: 1 }
$data merge entity $(bone_eyelid_expressions_left6) { transformation: [-0.9993908270190958f,-0.019007628206560302f,0.029269180720496047f,0.22326873418593532f,-8.673617379884035e-19f,0.8386705679454242f,0.544639035015027f,4.255924457376653f,-0.0348994967025011f,0.5443072556305499f,-0.8381596724955522f,2.9868825477373044f,0f,0f,0f,1f], start_interpolation: 0, interpolation_duration: 1 }
$data merge entity $(bone_left_eye1) { transformation: [-0.9993908270190958f,-0.019007628206560302f,0.029269180720496047f,-0.08290786894808545f,-8.673617379884035e-19f,0.8386705679454242f,0.544639035015027f,4.41435553477937f,-0.0348994967025011f,0.5443072556305499f,-0.8381596724955522f,2.4225905953957048f,0f,0f,0f,1f], start_interpolation: 0, interpolation_duration: 1 }
$data merge entity $(bone_crest_middle5) { transformation: [-0.9993908270190958f,-0.012222061347456313f,0.03268938797999893f,-0.12320092395209965f,-8.673617379884035e-19f,0.9366721892483977f,0.3502073812594673f,5.316846263532387f,-0.0348994967025011f,0.34999404438509074f,-0.9361015938587431f,3.576432724033103f,0f,0f,0f,1f], start_interpolation: 0, interpolation_duration: 1 }
$data merge entity $(bone_crest_middle4) { transformation: [-0.9993908270190958f,-0.012222061347456313f,0.03268938797999893f,-0.1149653552707082f,-8.673617379884035e-19f,0.9366721892483977f,0.3502073812594673f,4.6856901985114945f,-0.0348994967025011f,0.34999404438509074f,-0.9361015938587431f,3.3405968933439305f,0f,0f,0f,1f], start_interpolation: 0, interpolation_duration: 1 }
$data merge entity $(bone_crest_middle1) { transformation: [-0.9993908270190958f,-0.012222061347456313f,0.03268938797999893f,-0.11154206913365844f,-8.673617379884035e-19f,0.9366721892483977f,0.3502073812594673f,4.182825576005643f,-0.0348994967025011f,0.34999404438509074f,-0.9361015938587431f,3.24256680446348f,0f,0f,0f,1f], start_interpolation: 0, interpolation_duration: 1 }
$data merge entity $(bone_crest_left5) { transformation: [-0.5209414289081639f,-0.8419717638189719f,0.14036942893197918f,-1.2177357049081334f,-0.7073275828602053f,0.5178519330160507f,0.48116220341656013f,4.725181280456893f,-0.4778155692024486f,0.15137015691049915f,-0.8653203784868533f,3.2716603732580865f,0f,0f,0f,1f], start_interpolation: 0, interpolation_duration: 1 }
$data merge entity $(bone_crest_left4) { transformation: [-0.5209414289081639f,-0.8419717638189719f,0.14036942893197918f,-0.7449488258105663f,-0.7073275828602053f,0.5178519330160507f,0.48116220341656013f,4.434395282913701f,-0.4778155692024486f,0.15137015691049915f,-0.8653203784868533f,3.1866624824147887f,0f,0f,0f,1f], start_interpolation: 0, interpolation_duration: 1 }
$data merge entity $(bone_crest_left1) { transformation: [-0.5209414289081639f,-0.8419717638189719f,0.14036942893197918f,-0.21700118637786348f,-0.7073275828602053f,0.5178519330160507f,0.48116220341656013f,4.141549071061943f,-0.4778155692024486f,0.15137015691049915f,-0.8653203784868533f,3.0445750351404874f,0f,0f,0f,1f], start_interpolation: 0, interpolation_duration: 1 }
$data merge entity $(bone_crest_center1) { transformation: [-0.9993908270190958f,-0.019007628206560302f,0.029269180720496047f,-0.1042312572535203f,-8.673617379884035e-19f,0.8386705679454242f,0.544639035015027f,4.118002713447039f,-0.0348994967025011f,0.5443072556305499f,-0.8381596724955522f,3.0332125437600963f,0f,0f,0f,1f], start_interpolation: 0, interpolation_duration: 1 }
$data merge entity $(bone_crest_right5) { transformation: [-0.5530031709773732f,0.8293617145434904f,-0.07966579779586877f,0.9899274697734239f,0.7073275828602053f,0.5178519330160507f,0.48116220341656013f,4.725181280456893f,0.4403125973829384f,0.20973440805223587f,-0.8730041779194809f,3.348753670096561f,0f,0f,0f,1f], start_interpolation: 0, interpolation_duration: 1 }
$data merge entity $(bone_crest_right4) { transformation: [-0.5530031709773732f,0.8293617145434904f,-0.07966579779586877f,0.5242214288920695f,0.7073275828602053f,0.5178519330160507f,0.48116220341656013f,4.434395282913701f,0.4403125973829384f,0.20973440805223587f,-0.8730041779194809f,3.230982884325042f,0f,0f,0f,1f], start_interpolation: 0, interpolation_duration: 1 }
$data merge entity $(bone_crest_right1) { transformation: [-0.5530031709773732f,0.8293617145434904f,-0.07966579779586877f,0.007471362659628694f,0.7073275828602053f,0.5178519330160507f,0.48116220341656013f,4.141549071061943f,0.4403125973829384f,0.20973440805223587f,-0.8730041779194809f,3.0524137892826504f,0f,0f,0f,1f], start_interpolation: 0, interpolation_duration: 1 }
$data merge entity $(bone_head1) { transformation: [-1.047538562174963f,-0.019923360294636764f,0.030679284479165764f,-0.06376168200707866f,-9.091486967196152e-19f,0.8790752697865444f,0.5708781551915318f,4.703672558207243f,-0.03658085266342887f,0.5705303916440007f,-0.8785397608840094f,1.874315536750985f,0f,0f,0f,1f], start_interpolation: 0, interpolation_duration: 1 }
$data merge entity $(bone_neck10) { transformation: [-1.496483660249948f,-0.0204189683461163f,0.048104074885878444f,-0.023361838147055378f,-1.2987838524565938e-18f,1.378360132122795f,0.5850791637534696f,4.707033422744752f,-0.05225836094775555f,0.5847227493352208f,-1.3775204723723502f,0.7174153753851191f,0f,0f,0f,1f], start_interpolation: 0, interpolation_duration: 1 }
$data merge entity $(bone_neck9) { transformation: [-1.144810000091211f,-0.021773386607710207f,0.03352807518080261f,0.0027450234519477007f,-9.935696471292949e-19f,0.9607036876952961f,0.6238882696021748f,3.45202439579966f,-0.039977646125033024f,0.62350821372523f,-0.9601184529660971f,-0.030187325785953623f,0f,0f,0f,1f], start_interpolation: 0, interpolation_duration: 1 }
$data merge entity $(bone_neck8) { transformation: [-1.0625033987774632f,0.006123833326047432f,0.036594584963521845f,-0.0029759910488596983f,-9.221365352441817e-19f,1.0485705646551426f,-0.17547053409536892f,2.6751882443334605f,-0.037103436272906444f,-0.17536364218705325f,-1.0479318037985834f,0.1336410944943996f,0f,0f,0f,1f], start_interpolation: 0, interpolation_duration: 1 }
$data merge entity $(bone_neck7) { transformation: [-1.0550209804762134f,0.01729633913985423f,0.03252968277392946f,-0.01931269858363918f,-9.156426159818987e-19f,0.9320960428520508f,-0.4956042571987774f,1.8422761399800738f,-0.036842144468167665f,-0.49530234847607074f,-0.9315282351271377f,0.6014631892692591f,0f,0f,0f,1f], start_interpolation: 0, interpolation_duration: 1 }
$data merge entity $(bone_neck6) { transformation: [-1.0490350458352136f,0.01252926188302243f,0.03442386410603762f,-0.030091447978200264f,-9.104474805720722e-19f,0.9863713623002084f,-0.35900981580988f,0.9676196484474109f,-0.03663311102437664f,-0.3587911167302092f,-0.9857704915171573f,0.9101261870049826f,0f,0f,0f,1f], start_interpolation: 0, interpolation_duration: 1 }
$data merge entity $(bone_neck_spine6) { transformation: [-1.2705007686324985f,0.07513913191201284f,0.012933533022719122f,0.1090852977027883f,-0.00344385459793656f,-0.2722417587607179f,1.2433253529020827f,0.3713573940654289f,0.07616630020191936f,1.2410575748768027f,0.27195617123200366f,-1.6243993184499037f,0f,0f,0f,1f], start_interpolation: 0, interpolation_duration: 1 }
$data merge entity $(bone_neck_spine7) { transformation: [-0.961853099299121f,0.2343154498645158f,-0.14119095340518534f,-0.44914732837744914f,-0.06582184130517749f,0.30272714854793f,0.9508016400591848f,0.8751404032010817f,0.26552984874750263f,0.9238249528383771f,-0.27575597171647837f,-5.276076123181095f,0f,0f,0f,1f], start_interpolation: 0, interpolation_duration: 1 }
$data merge entity $(bone_tail6) { transformation: [-1.6150182194256337f,0.16344988736805277f,-0.5747192556107323f,-1.2423912075233614f,0.021707440411149123f,1.6712800357451367f,0.41431119545295625f,-1.954033406273644f,0.5971154624368554f,0.38132546986299304f,-1.5695050009731462f,-7.5172596562507685f,0f,0f,0f,1f], start_interpolation: 0, interpolation_duration: 1 }
$data merge entity $(bone_tail5) { transformation: [-1.33414548561248f,0.13502381999969576f,-0.4747680807219093f,-1.1571130054182903f,0.017932233383123188f,1.3806226382242432f,0.342257074504616f,-1.082061213710964f,0.49326929505653266f,0.3150079968433421f,-1.2965476094995554f,-7.318307237191815f,0f,0f,0f,1f], start_interpolation: 0, interpolation_duration: 1 }
$data merge entity $(bone_tail4) { transformation: [-0.9830545683460377f,0.0994912357892495f,-0.34982911211088047f,-1.1144739043657548f,0.013213224598090769f,1.0173008913231265f,0.2521894233191907f,-0.646075117429624f,0.3634615858311293f,0.23211115556877834f,-0.955350870157567f,-7.218831027662339f,0f,0f,0f,1f], start_interpolation: 0, interpolation_duration: 1 }
$data merge entity $(bone_segment18) { transformation: [-0.9378706937760957f,0.1443420250874196f,-0.3155375438035984f,-1.0334224742629556f,0.012605908684886598f,0.922943073269794f,0.3847300021697502f,-0.12782095031035495f,0.3467558980351644f,0.356849356587581f,-0.8674208228310272f,-7.018451750281617f,0f,0f,0f,1f], start_interpolation: 0, interpolation_duration: 1 }
$data merge entity $(bone_segment17) { transformation: [-0.9239797937428265f,0.3138563560399809f,-0.21853038353571952f,-0.8043134643607233f,-0.054753977656279956f,0.4569599852688661f,0.8878004132652187f,0.20575091393620543f,0.3785014434394927f,0.8322750504709261f,-0.40503690903155737f,-6.410907218809919f,0f,0f,0f,1f], start_interpolation: 0, interpolation_duration: 1 }
$data merge entity $(bone_segment16) { transformation: [-0.9344204741188596f,0.3303854034794162f,-0.13305586313736453f,-0.4889309136760263f,-0.06140470081145712f,0.21854578845802156f,0.9738928077902194f,0.414372503992569f,0.35083876676579107f,0.9181956346634443f,-0.1839264424144984f,-5.53440699138461f,0f,0f,0f,1f], start_interpolation: 0, interpolation_duration: 1 }
$data merge entity $(bone_segment15) { transformation: [-0.961853099299121f,0.26287425226012173f,-0.07573468734574344f,-0.17894980078140033f,-0.06582184130517749f,0.04632639853926396f,0.9967554113249535f,0.46900055695757015f,0.26552984874750263f,0.9637172781978455f,-0.027256322698874347f,-4.397992329837834f,0f,0f,0f,1f], start_interpolation: 0, interpolation_duration: 1 }
$data merge entity $(bone_segment14) { transformation: [-1.0343864884362735f,0.16922179515325536f,-0.009152847139401734f,0.011424718766011963f,-0.04448499527825888f,-0.2165004060459621f,1.024609124204054f,0.22543760015586278f,0.16352637634565517f,1.0115170568271281f,0.22083379725987587f,-3.2600356409073146f,0f,0f,0f,1f], start_interpolation: 0, interpolation_duration: 1 }
$data merge entity $(bone_segment13) { transformation: [-1.0238741488391312f,0.05782344109016048f,0.02077952893174987f,0.08049731397622953f,-0.0027753416465724043f,-0.39005268106158253f,0.948654212713254f,-0.27030035705168187f,0.06138107722154678f,0.9468943803193428f,0.3895086747454522f,-2.1302769991641575f,0f,0f,0f,1f], start_interpolation: 0, interpolation_duration: 1 }
$data merge entity $(bone_segment12) { transformation: [-1.1152870149729661f,-0.024628559003685727f,-0.0014796978642473272f,0.05074469236103871f,-0.0009105790891500873f,-0.02577063069165363f,1.1152618197675166f,-0.30143266258522317f,-0.02465616089519799f,1.1149902196283308f,0.02574422371627733f,-0.7833089486064421f,0f,0f,0f,1f], start_interpolation: 0, interpolation_duration: 1 }
$data merge entity $(bone_segment11) { transformation: [-1.1891335456098029f,-0.05395713924798307f,0.013148334912828229f,-0.008489854337789881f,-0.01751874767875723f,0.6318938505446842f,1.0087249853180635f,0.4288682024552469f,-0.0527005224506757f,1.0074331886777077f,-0.6319998941182188f,0.3810803187905857f,0f,0f,0f,1f], start_interpolation: 0, interpolation_duration: 1 }
$data merge entity $(bone_segment10) { transformation: [-1.0475385621749636f,-0.019664374435335377f,0.030845926143502643f,-0.03174297319489687f,-9.091486967196156e-19f,0.8838501714350526f,0.5634572499128939f,1.3336477527105894f,-0.036580852663428885f,0.5631140069803525f,-0.8833117537914469f,0.9574196814134286f,0f,0f,0f,1f], start_interpolation: 0, interpolation_duration: 1 }