# This file was generated by Animated Java via MC-Build. It is not recommended to edit this file directly.
$data merge entity $(bone_neck_spine5) { transformation: [-1.3664000297665648f,-0.013864863472881751f,0.04427622805817774f,0.10708085490478872f,-1.1858461261560207e-18f,1.3047134195373047f,0.4085640133877729f,3.8518378551697703f,-0.046396323239901414f,0.40832868941136435f,-1.3039619330140229f,-0.28824535692032566f,0f,0f,0f,1f], start_interpolation: 0, interpolation_duration: 1 }
$data merge entity $(bone_neck_spine2) { transformation: [-1.3013333616824425f,-0.010649304847201098f,0.042884507960208845f,-0.04797543809695947f,-1.1293772630057337e-18f,1.263702792216615f,0.313809273107687f,4.832584244080834f,-0.04418697451419181f,0.31362852579866857f,-1.262974926921782f,1.4005634452569344f,0f,0f,0f,1f], start_interpolation: 0, interpolation_duration: 1 }
$data merge entity $(bone_scale_neck_left1) { transformation: [-1.3872902103210987f,0.3351580383215718f,0.12064153554416962f,0.6426045888081398f,0.3450379948636794f,1.1438310485494323f,0.7899738811362914f,4.078646355339684f,0.08851029799108669f,0.7942159908523116f,-1.1886321152597163f,1.206415749659996f,0f,0f,0f,1f], start_interpolation: 0, interpolation_duration: 1 }
$data merge entity $(bone_scale_neck_right1) { transformation: [-1.3780910955323185f,-0.3882594246972433f,-0.03973625486979808f,-0.7237954409584249f,-0.3450379948636794f,1.1438310485494323f,0.7899738811362914f,4.078646355339684f,-0.1824092457025231f,0.7696522395932134f,-1.1940777678083472f,1.160019426420095f,0f,0f,0f,1f], start_interpolation: 0, interpolation_duration: 1 }
$data merge entity $(bone_blush_right1) { transformation: [-0.9994240217721159f,-0.018177434165531373f,0.028656684944479434f,-0.6493994814017622f,-8.673617379884035e-19f,0.8444432384210138f,0.5356450476621913f,3.3671313839531565f,-0.03393559642689931f,0.5353365277768637f,-0.8439568575009992f,2.1344760259237456f,0f,0f,0f,1f], start_interpolation: 0, interpolation_duration: 1 }
$data merge entity $(bone_blush_left1) { transformation: [-0.9994240217721159f,-0.018177434165531373f,0.028656684944479434f,0.5022805436871994f,-8.673617379884035e-19f,0.8444432384210138f,0.5356450476621913f,3.3671313839531565f,-0.03393559642689931f,0.5353365277768637f,-0.8439568575009992f,2.1735814983688053f,0f,0f,0f,1f], start_interpolation: 0, interpolation_duration: 1 }
$data merge entity $(bone_left_head_scales) { transformation: [-0.8997321187834404f,-0.018177434165531373f,-0.43606386609832637f,0.5102968989027205f,-0.2473333579442305f,0.8444432384210138f,0.4751229600146286f,4.086236727366659f,0.3595946669202597f,0.5353365277768637f,-0.7642685899278596f,2.225264309788611f,0f,0f,0f,1f], start_interpolation: 0, interpolation_duration: 1 }
$data merge entity $(bone_left_head_scales2) { transformation: [-0.8351170297742437f,-0.018177434165531373f,-0.5497718867568646f,0.5203002627608779f,-0.3072333775871659f,0.8444432384210138f,0.4387747358057585f,3.3480518173216f,0.45627535357218996f,0.5353365277768637f,-0.7107936435776451f,1.930659140260934f,0f,0f,0f,1f], start_interpolation: 0, interpolation_duration: 1 }
$data merge entity $(bone_left_head_scales1) { transformation: [-0.9994240217721159f,-0.018177434165531373f,0.028656684944479434f,0.5120720389579482f,-8.673617379884035e-19f,0.8444432384210138f,0.5356450476621913f,4.003771567364606f,-0.03393559642689931f,0.5353365277768637f,-0.8439568575009992f,2.1729853519979017f,0f,0f,0f,1f], start_interpolation: 0, interpolation_duration: 1 }
$data merge entity $(bone_right_head_scales) { transformation: [-0.8732677497173871f,-0.018177434165531373f,0.48690144607578334f,-0.6609031266114779f,0.2473333579442305f,0.8444432384210138f,0.4751229600146286f,4.086236727366659f,-0.4197971502423074f,0.5353365277768637f,-0.7329291607490105f,2.185496032725838f,0f,0f,0f,1f], start_interpolation: 0, interpolation_duration: 1 }
$data merge entity $(bone_right_head_scales2) { transformation: [-0.8022434313180654f,-0.018177434165531373f,0.5967202508664964f,-0.6508997627533204f,0.3072333775871659f,0.8444432384210138f,0.4387747358057585f,3.3480518173216f,-0.5118721799467115f,0.5353365277768637f,-0.6718643266496688f,1.8908908631981614f,0f,0f,0f,1f], start_interpolation: 0, interpolation_duration: 1 }
$data merge entity $(bone_right_head_scales1) { transformation: [-0.9994240217721159f,-0.018177434165531373f,0.028656684944479434f,-0.6591279865562502f,-8.673617379884035e-19f,0.8444432384210138f,0.5356450476621913f,4.003771567364606f,-0.03393559642689931f,0.5353365277768637f,-0.8439568575009992f,2.133217074935129f,0f,0f,0f,1f], start_interpolation: 0, interpolation_duration: 1 }
$data merge entity $(bone_head_left_fin1) { transformation: [-0.7173883566381588f,0.013079120322418097f,-0.6965507033745597f,0.5208276778212217f,-0.14781320121923522f,0.9742030392153025f,0.17052769842166413f,3.733759128870666f,0.6808121644810144f,0.22529397460930844f,-0.6969486506905774f,1.9151264449129255f,0f,0f,0f,1f], start_interpolation: 0, interpolation_duration: 1 }
$data merge entity $(bone_head_right_fin1) { transformation: [-0.669555113149887f,-0.028331159379499586f,0.7422218643121852f,-0.6503723476929766f,0.14781320121923522f,0.9742030392153025f,0.17052769842166413f,3.733759128870666f,-0.7279060433875818f,0.2238878821907998f,-0.6480949067906294f,1.875358167850153f,0f,0f,0f,1f], start_interpolation: 0, interpolation_duration: 1 }
$data merge entity $(bone_right_whisker16) { transformation: [0.2612014650265533f,0.9281934902290202f,-0.26501064009668085f,-1.1024831519565357f,0.9636842512474417f,-0.2665494747352735f,0.016249351248811383f,1.359532717980828f,-0.055555904867437673f,-0.2596309346260956f,-0.9641085619470148f,1.6871497726333042f,0f,0f,0f,1f], start_interpolation: 0, interpolation_duration: 1 }
$data merge entity $(bone_right_whisker15) { transformation: [-0.8861590336159693f,0.3801204122069208f,-0.26501064009668085f,-0.8428662475768572f,0.39005514284593507f,0.9206481109106941f,0.016249351248811383f,1.245258750350183f,0.25015825527103613f,-0.08896925367907069f,-0.9641085619470148f,1.613861221284368f,0f,0f,0f,1f], start_interpolation: 0, interpolation_duration: 1 }
$data merge entity $(bone_right_whisker14) { transformation: [-0.7190130800073123f,-0.6424870048599784f,-0.26501064009668085f,-0.6322178842934649f,-0.6695461255863743f,0.7425927176428999f,0.016249351248811383f,1.4414148418305661f,0.1863549744189123f,0.189120343405426f,-0.9641085619470148f,1.5592650373725772f,0f,0f,0f,1f], start_interpolation: 0, interpolation_duration: 1 }
$data merge entity $(bone_right_whisker13) { transformation: [-0.08693043047459098f,-0.9955442663960412f,-0.03653373651121349f,-0.6067499847403621f,-0.973165559559698f,0.07701913305038562f,0.21683368472409245f,1.7265219393578215f,-0.21305373487541193f,0.05440281968919864f,-0.9755246994646023f,1.621683123761858f,0f,0f,0f,1f], start_interpolation: 0, interpolation_duration: 1 }
$data merge entity $(bone_right_whisker12) { transformation: [0.08150676148399653f,-0.9965303002490136f,-0.0168525522696759f,-0.6385885634450483f,-0.902819358396941f,-0.08098413426755566f,0.4223254386141928f,2.0791857512316265f,-0.42222488550075604f,-0.019207568366291557f,-0.9062876008096591f,1.7866147196605908f,0f,0f,0f,1f], start_interpolation: 0, interpolation_duration: 1 }
$data merge entity $(bone_right_whisker11) { transformation: [0.2965279347232288f,-0.9549869114860777f,0.008436991114088868f,-0.7544197879463096f,-0.9470814073242636f,-0.29291328280690626f,0.13129591256384837f,2.449139425967667f,-0.12291457126585495f,-0.046923423208073155f,-0.9913073189102193f,1.8346282240613154f,0f,0f,0f,1f], start_interpolation: 0, interpolation_duration: 1 }
$data merge entity $(bone_right_whisker10) { transformation: [0.0664299973354579f,-0.9904632260549211f,0.1207048188221569f,-0.7803690056554728f,-0.990528508368508f,-0.08003129974162748f,-0.1115717937963022f,2.8360646245491155f,0.12016792235563495f,-0.1121498501762015f,-0.9863985409266306f,1.7876876293911454f,0f,0f,0f,1f], start_interpolation: 0, interpolation_duration: 1 }
$data merge entity $(bone_right_whisker1) { transformation: [-0.3346757140235245f,-0.9379824888535551f,0.09044897482522847f,-0.6496363048650335f,-0.9270653681319069f,0.34494122524943205f,0.14685147031566614f,3.1981995339756417f,-0.16894368781726166f,-0.03470449146020414f,-0.985014532186806f,1.8536812574447632f,0f,0f,0f,1f], start_interpolation: 0, interpolation_duration: 1 }
$data merge entity $(bone_left_whisker16) { transformation: [0.25683137918272547f,-0.9084443174637589f,0.3297977633867526f,0.9846637289256301f,-0.9636842512474417f,-0.2665494747352735f,0.016249351248811383f,1.359532717980828f,0.07314578979515181f,-0.3219942539645003f,-0.943911751091747f,1.75801916609424f,0f,0f,0f,1f], start_interpolation: 0, interpolation_duration: 1 }
$data merge entity $(bone_left_whisker15) { transformation: [-0.8671492284263369f,-0.3732099287327497f,0.3297977633867526f,0.7306161034101017f,-0.39005514284593507f,0.9206481109106941f,0.016249351248811383f,1.245258750350183f,-0.30969210706610806f,-0.11454870131025456f,-0.943911751091747f,1.667289056602216f,0f,0f,0f,1f], start_interpolation: 0, interpolation_duration: 1 }
$data merge entity $(bone_left_whisker14) { transformation: [-0.7047161641972114f,0.628178766900207f,0.3297977633867526f,0.52415628968045f,0.6695461255863743f,0.7425927176428999f,0.016249351248811383f,1.4414148418305661f,-0.23469791995551215f,0.23226599518540733f,-0.943911751091747f,1.5985299003652496f,0f,0f,0f,1f], start_interpolation: 0, interpolation_duration: 1 }
$data merge entity $(bone_left_whisker13) { transformation: [-0.10118209037308629f,0.9895610221181662f,0.10262147968229188f,0.4945130991414599f,0.973165559559698f,0.07701913305038562f,0.21683368472409245f,1.7265219393578215f,0.206666345287743f,0.12180737518154408f,-0.9707996626888525f,1.659076681211268f,0f,0f,0f,1f], start_interpolation: 0, interpolation_duration: 1 }
$data merge entity $(bone_left_whisker12) { transformation: [0.05267863020652552f,0.9955379321314699f,0.0782891282807599f,0.515090689065884f,0.902819358396941f,-0.08098413426755566f,0.4223254386141928f,2.0791857512316265f,0.4267811711208682f,0.04843341495632567f,-0.9030570504084271f,1.825788076180357f,0f,0f,0f,1f], start_interpolation: 0, interpolation_duration: 1 }
$data merge entity $(bone_left_whisker11) { transformation: [0.28750740337859765f,0.9559702528059271f,0.058824899087619904f,0.6273982685106486f,0.9470814073242636f,-0.29291328280690626f,0.13129591256384837f,2.449139425967667f,0.14274558102858653f,0.017963421318155412f,-0.9895963897424837f,1.8815480687696486f,0f,0f,0f,1f], start_interpolation: 0, interpolation_duration: 1 }
$data merge entity $(bone_left_whisker10) { transformation: [0.07442823507234622f,0.9957893021251318f,-0.05351732053418619f,0.6564717978357839f,0.990528508368508f,-0.08003129974162748f,-0.1115717937963022f,2.8360646245491155f,-0.11538505940230923f,-0.04470633998449228f,-0.9923142804736393f,1.8364757799406215f,0f,0f,0f,1f], start_interpolation: 0, interpolation_duration: 1 }
$data merge entity $(bone_left_whisker1) { transformation: [-0.34536467759774503f,0.9381761597931726f,-0.02342504351205005f,0.5215637206491648f,0.9270653681319069f,0.34494122524943205f,0.14685147031566614f,3.1981995339756417f,0.14585281169130038f,0.029000764113320116f,-0.9888811419996771f,1.8934495345075357f,0f,0f,0f,1f], start_interpolation: 0, interpolation_duration: 1 }
$data merge entity $(bone_upper_left_tooth1) { transformation: [-0.9994240217721159f,-0.015610668879592365f,0.030131905382519506f,0.17456784989051927f,-8.673617379884035e-19f,0.8879144189325407f,0.4600086788873541f,3.0860026007606156f,-0.03393559642689931f,0.45974372390367696f,-0.8874029995590111f,2.7601761221860848f,0f,0f,0f,1f], start_interpolation: 0, interpolation_duration: 1 }
$data merge entity $(bone_upper_right_tooth1) { transformation: [-0.9994240217721159f,-0.015610668879592365f,0.030131905382519506f,-0.4110321628665799f,-8.673617379884035e-19f,0.8879144189325407f,0.4600086788873541f,3.0860026007606156f,-0.03393559642689931f,0.45974372390367696f,-0.8874029995590111f,2.7402919836546986f,0f,0f,0f,1f], start_interpolation: 0, interpolation_duration: 1 }
$data merge entity $(bone_top_lip1) { transformation: [-0.9994240217721159f,0.0012893350011562148f,0.033911094351320704f,-0.09550877095752772f,-8.673617379884035e-19f,0.9992779830573661f,-0.03799358599556579f,3.1813840324818843f,-0.03393559642689931f,-0.03797170251723336f,-0.9987024206955211f,2.800449102138622f,0f,0f,0f,1f], start_interpolation: 0, interpolation_duration: 1 }
$data merge entity $(bone_muzzle1) { transformation: [-0.9994240217721159f,-0.015610668879592365f,0.030131905382519506f,-0.08308264560662841f,-8.673617379884035e-19f,0.8879144189325407f,0.4600086788873541f,3.5360632339306717f,-0.03393559642689931f,0.45974372390367696f,-0.8874029995590111f,2.4344921283164016f,0f,0f,0f,1f], start_interpolation: 0, interpolation_duration: 1 }
$data merge entity $(bone_jaw_right_tooth1) { transformation: [-0.9994240217721159f,0.0035262524537526515f,0.033751892517039465f,-0.41043187596619135f,-8.673617379884035e-19f,0.994586689812405f,-0.10391013640642953f,2.960317686918656f,-0.03393559642689931f,-0.10385028643020329f,-0.9940138295333297f,2.722613168152051f,0f,0f,0f,1f], start_interpolation: 0, interpolation_duration: 1 }
$data merge entity $(bone_jaw_left_tooth1) { transformation: [-0.9994240217721159f,0.0035262524537526515f,0.033751892517039465f,0.2239681378539994f,-8.673617379884035e-19f,0.994586689812405f,-0.10391013640642953f,2.960317686918656f,-0.03393559642689931f,-0.10385028643020329f,-0.9940138295333297f,2.7441543182277193f,0f,0f,0f,1f], start_interpolation: 0, interpolation_duration: 1 }
$data merge entity $(bone_tongue1) { transformation: [-0.9994240217721159f,-0.010269878218052725f,0.03234430871476074f,-0.07044229895465966f,-8.673617379884035e-19f,0.953108597470318f,0.302628487469642f,3.1639683434781376f,-0.03393559642689931f,0.3024541800497217f,-0.9525596276693662f,2.062226206463011f,0f,0f,0f,1f], start_interpolation: 0, interpolation_duration: 1 }
$data merge entity $(bone_jaw_lips1) { transformation: [-0.9994240217721159f,-0.010269878218052725f,0.03234430871476074f,-0.045757936820370354f,-8.673617379884035e-19f,0.953108597470318f,0.302628487469642f,2.8205015722964495f,-0.03393559642689931f,0.3024541800497217f,-0.9525596276693662f,2.7741034994673637f,0f,0f,0f,1f], start_interpolation: 0, interpolation_duration: 1 }
$data merge entity $(bone_jaw3) { transformation: [-0.9994240217721159f,-0.002388273872860072f,0.03385145274220289f,-0.019136566216391405f,-8.673617379884035e-19f,0.9975204889981032f,0.07037665826810074f,2.8024224421529595f,-0.03393559642689931f,0.07033612284518675f,-0.9969459389145721f,1.9900878912128661f,0f,0f,0f,1f], start_interpolation: 0, interpolation_duration: 1 }
$data merge entity $(bone_jaw1) { transformation: [-0.9994240217721159f,-0.025625356437857627f,0.022247827136197593f,-0.0017554512662370375f,-8.673617379884035e-19f,0.6555896898444573f,0.755117314441702f,3.3923578440605393f,-0.03393559642689931f,0.7546823833090851f,-0.6552120844566818f,1.4782034502310835f,0f,0f,0f,1f], start_interpolation: 0, interpolation_duration: 1 }
$data merge entity $(bone_tear_right1) { transformation: [-0.9994240217721159f,-0.018177434165531373f,0.028656684944479434f,-0.6093311244821659f,-8.673617379884035e-19f,0.8444432384210138f,0.5356450476621913f,3.6086812659431544f,-0.03393559642689931f,0.5353365277768637f,-0.8439568575009992f,2.3932852854143096f,0f,0f,0f,1f], start_interpolation: 0, interpolation_duration: 1 }
$data merge entity $(bone_right_pupil1) { transformation: [-0.9994240217721159f,-0.018177434165531373f,0.028656684944479434f,-0.4517456759826637f,-8.673617379884035e-19f,0.8444432384210138f,0.5356450476621913f,3.65976097393375f,-0.03393559642689931f,0.5353365277768637f,-0.8439568575009992f,2.500482967815475f,0f,0f,0f,1f], start_interpolation: 0, interpolation_duration: 1 }
$data merge entity $(bone_right_sad_pupil1) { transformation: [-0.9994240217721159f,-0.018177434165531373f,0.028656684944479434f,-0.45146582554375275f,-8.673617379884035e-19f,0.8444432384210138f,0.5356450476621913f,3.6649918826023264f,-0.03393559642689931f,0.5353365277768637f,-0.8439568575009992f,2.492241201628942f,0f,0f,0f,1f], start_interpolation: 0, interpolation_duration: 1 }
$data merge entity $(bone_right_happy_pupil1) { transformation: [-0.9994240217721159f,-0.018177434165531373f,0.028656684944479434f,-0.47542173442193303f,-8.673617379884035e-19f,0.8444432384210138f,0.5356450476621913f,3.6443758564903255f,-0.03393559642689931f,0.5353365277768637f,-0.8439568575009992f,2.4783431343066624f,0f,0f,0f,1f], start_interpolation: 0, interpolation_duration: 1 }
$data merge entity $(bone_eyelid_right1) { transformation: [-0.9994240217721159f,-0.018177434165531373f,0.028656684944479434f,-0.06082541306478023f,-8.673617379884035e-19f,0.8444432384210138f,0.5356450476621913f,3.8853047360301045f,-0.03393559642689931f,0.5353365277768637f,-0.8439568575009992f,2.0667724129027745f,0f,0f,0f,1f], start_interpolation: 0, interpolation_duration: 1 }
$data merge entity $(bone_eyelid_expressions_right5) { transformation: [-0.9994240217721159f,-0.018177434165531373f,0.028656684944479434f,-0.5654806557240842f,-8.673617379884035e-19f,0.8444432384210138f,0.5356450476621913f,3.7474570426043785f,-0.03393559642689931f,0.5353365277768637f,-0.8439568575009992f,2.5407090434726762f,0f,0f,0f,1f], start_interpolation: 0, interpolation_duration: 1 }
$data merge entity $(bone_eyelid_expressions_right7) { transformation: [-0.9994240217721159f,-0.018177434165531373f,0.028656684944479434f,-0.27268064934553476f,-8.673617379884035e-19f,0.8444432384210138f,0.5356450476621913f,3.7474570426043785f,-0.03393559642689931f,0.5353365277768637f,-0.8439568575009992f,2.5506511127383695f,0f,0f,0f,1f], start_interpolation: 0, interpolation_duration: 1 }
$data merge entity $(bone_eyelid_expressions_right6) { transformation: [-0.9994240217721159f,-0.018177434165531373f,0.028656684944479434f,-0.37028065147171796f,-8.673617379884035e-19f,0.8444432384210138f,0.5356450476621913f,3.7474570426043785f,-0.03393559642689931f,0.5353365277768637f,-0.8439568575009992f,2.547337089649805f,0f,0f,0f,1f], start_interpolation: 0, interpolation_duration: 1 }
$data merge entity $(bone_right_eye1) { transformation: [-0.9994240217721159f,-0.018177434165531373f,0.028656684944479434f,-0.07086526371630948f,-8.673617379884035e-19f,0.8444432384210138f,0.5356450476621913f,3.8800738273615285f,-0.03393559642689931f,0.5353365277768637f,-0.8439568575009992f,2.074682776780451f,0f,0f,0f,1f], start_interpolation: 0, interpolation_duration: 1 }
$data merge entity $(bone_tear_left1) { transformation: [-0.9994240217721159f,-0.018177434165531373f,0.028656684944479434f,0.44474889848061266f,-8.673617379884035e-19f,0.8444432384210138f,0.5356450476621913f,3.6086812659431544f,-0.03393559642689931f,0.5353365277768637f,-0.8439568575009992f,2.429076734770805f,0f,0f,0f,1f], start_interpolation: 0, interpolation_duration: 1 }
$data merge entity $(bone_left_sad_pupil1) { transformation: [-0.9994240217721159f,-0.018177434165531373f,0.028656684944479434f,0.2805341904026212f,-8.673617379884035e-19f,0.8444432384210138f,0.5356450476621913f,3.6649918826023264f,-0.03393559642689931f,0.5353365277768637f,-0.8439568575009992f,2.517096374793175f,0f,0f,0f,1f], start_interpolation: 0, interpolation_duration: 1 }
$data merge entity $(bone_left_pupil1) { transformation: [-0.9994240217721159f,-0.018177434165531373f,0.028656684944479434f,0.28025433996371024f,-8.673617379884035e-19f,0.8444432384210138f,0.5356450476621913f,3.65976097393375f,-0.03393559642689931f,0.5353365277768637f,-0.8439568575009992f,2.5253381409797084f,0f,0f,0f,1f], start_interpolation: 0, interpolation_duration: 1 }
$data merge entity $(bone_eyelid_left1) { transformation: [-0.9994240217721159f,-0.018177434165531373f,0.028656684944479434f,-0.08034541349001686f,-8.673617379884035e-19f,0.8444432384210138f,0.5356450476621913f,3.8853047360301045f,-0.03393559642689931f,0.5353365277768637f,-0.8439568575009992f,2.0661096082850614f,0f,0f,0f,1f], start_interpolation: 0, interpolation_duration: 1 }
$data merge entity $(bone_left_happy_pupil1) { transformation: [-0.9994240217721159f,-0.018177434165531373f,0.028656684944479434f,0.3053782825875325f,-8.673617379884035e-19f,0.8444432384210138f,0.5356450476621913f,3.6443758564903255f,-0.03393559642689931f,0.5353365277768637f,-0.8439568575009992f,2.504855319015178f,0f,0f,0f,1f], start_interpolation: 0, interpolation_duration: 1 }
$data merge entity $(bone_eyelid_expressions_left5) { transformation: [-0.9994240217721159f,-0.018177434165531373f,0.028656684944479434f,0.39099936511251093f,-8.673617379884035e-19f,0.8444432384210138f,0.5356450476621913f,3.7474570426043785f,-0.03393559642689931f,0.5353365277768637f,-0.8439568575009992f,2.5731864697406075f,0f,0f,0f,1f], start_interpolation: 0, interpolation_duration: 1 }
$data merge entity $(bone_eyelid_expressions_left7) { transformation: [-0.9994240217721159f,-0.018177434165531373f,0.028656684944479434f,0.09819935873396135f,-8.673617379884035e-19f,0.8444432384210138f,0.5356450476621913f,3.7474570426043785f,-0.03393559642689931f,0.5353365277768637f,-0.8439568575009992f,2.563244400474914f,0f,0f,0f,1f], start_interpolation: 0, interpolation_duration: 1 }
$data merge entity $(bone_eyelid_expressions_left6) { transformation: [-0.9994240217721159f,-0.018177434165531373f,0.028656684944479434f,0.19579936086014454f,-8.673617379884035e-19f,0.8444432384210138f,0.5356450476621913f,3.7474570426043785f,-0.03393559642689931f,0.5353365277768637f,-0.8439568575009992f,2.5665584235634786f,0f,0f,0f,1f], start_interpolation: 0, interpolation_duration: 1 }
$data merge entity $(bone_left_eye1) { transformation: [-0.9994240217721159f,-0.018177434165531373f,0.028656684944479434f,-0.07086526371630948f,-8.673617379884035e-19f,0.8444432384210138f,0.5356450476621913f,3.8800738273615285f,-0.03393559642689931f,0.5353365277768637f,-0.8439568575009992f,2.074682776780451f,0f,0f,0f,1f], start_interpolation: 0, interpolation_duration: 1 }
$data merge entity $(bone_crest_middle5) { transformation: [-0.9994240217721159f,-0.011544114569364765f,0.03191172392176207f,-0.10464843271128942f,-8.673617379884035e-19f,0.940361369233723f,0.3401771527496783f,4.675532812628505f,-0.03393559642689931f,0.33998121811607057f,-0.939819741558701f,3.0696177176735726f,0f,0f,0f,1f], start_interpolation: 0, interpolation_duration: 1 }
$data merge entity $(bone_crest_middle4) { transformation: [-0.9994240217721159f,-0.011544114569364765f,0.03191172392176207f,-0.09788430308080225f,-8.673617379884035e-19f,0.940361369233723f,0.3401771527496783f,4.124539822843121f,-0.03393559642689931f,0.33998121811607057f,-0.939819741558701f,2.8704099726836874f,0f,0f,0f,1f], start_interpolation: 0, interpolation_duration: 1 }
$data merge entity $(bone_crest_middle1) { transformation: [-0.9994240217721159f,-0.011544114569364765f,0.03191172392176207f,-0.09514850029727653f,-8.673617379884035e-19f,0.940361369233723f,0.3401771527496783f,3.686379655393814f,-0.03393559642689931f,0.33998121811607057f,-0.939819741558701f,2.789838911362387f,0f,0f,0f,1f], start_interpolation: 0, interpolation_duration: 1 }
$data merge entity $(bone_crest_left5) { transformation: [-0.5216594429885293f,-0.8416372204171195f,0.13970760447965055f,-1.0568600080741322f,-0.7121962037588142f,0.5197531006032637f,0.47184031384020975f,4.158595346098055f,-0.469731830827368f,0.14664072975077147f,-0.8705449462754523f,2.8110247896590437f,0f,0f,0f,1f], start_interpolation: 0, interpolation_duration: 1 }
$data merge entity $(bone_crest_left4) { transformation: [-0.5216594429885293f,-0.8416372204171195f,0.13970760447965055f,-0.6459043340423355f,-0.7121962037588142f,0.5197531006032637f,0.47184031384020975f,3.9048096524441176f,-0.469731830827368f,0.14664072975077147f,-0.8705449462754523f,2.739422870835425f,0f,0f,0f,1f], start_interpolation: 0, interpolation_duration: 1 }
$data merge entity $(bone_crest_left1) { transformation: [-0.5216594429885293f,-0.8416372204171195f,0.13970760447965055f,-0.18703143223237625f,-0.7121962037588142f,0.5197531006032637f,0.47184031384020975f,3.6486844672490153f,-0.469731830827368f,0.14664072975077147f,-0.8705449462754523f,2.618153682674588f,0f,0f,0f,1f], start_interpolation: 0, interpolation_duration: 1 }
$data merge entity $(bone_crest_center1) { transformation: [-0.9994240217721159f,-0.018177434165531373f,0.028656684944479434f,-0.08898765077283433f,-8.673617379884035e-19f,0.8444432384210138f,0.5356450476621913f,3.6280684411370143f,-0.03393559642689931f,0.5353365277768637f,-0.8439568575009992f,2.60839813360814f,0f,0f,0f,1f], start_interpolation: 0, interpolation_duration: 1 }
$data merge entity $(bone_crest_right5) { transformation: [-0.5523208279526013f,0.8297517712645853f,-0.08033493071532505f,0.8629108633906745f,0.7121962037588142f,0.5197531006032637f,0.47184031384020975f,4.158595346098054f,0.43326466548899023f,0.20339300011695793f,-0.8780165244129159f,2.8762109049683686f,0f,0f,0f,1f], start_interpolation: 0, interpolation_duration: 1 }
$data merge entity $(bone_crest_right4) { transformation: [-0.5523208279526013f,0.8297517712645853f,-0.08033493071532505f,0.4577586313278887f,0.7121962037588142f,0.5197531006032637f,0.47184031384020975f,3.904809652444117f,0.43326466548899023f,0.20339300011695793f,-0.8780165244129159f,2.77689791663001f,0f,0f,0f,1f], start_interpolation: 0, interpolation_duration: 1 }
$data merge entity $(bone_crest_right1) { transformation: [-0.5523208279526013f,0.8297517712645853f,-0.08033493071532505f,0.00816857201999012f,0.7121962037588142f,0.5197531006032637f,0.47184031384020975f,3.648684467249015f,0.43326466548899023f,0.20339300011695793f,-0.8780165244129159f,2.6247817288517163f,0f,0f,0f,1f], start_interpolation: 0, interpolation_duration: 1 }
$data merge entity $(bone_head1) { transformation: [-0.9994240217721159f,-0.018177434165531373f,0.028656684944479434f,-0.05458591954859439f,-8.673617379884035e-19f,0.8444432384210138f,0.5356450476621913f,4.126541224132187f,-0.03393559642689931f,0.5353365277768637f,-0.8439568575009992f,1.5952461576257706f,0f,0f,0f,1f], start_interpolation: 0, interpolation_duration: 1 }
$data merge entity $(bone_neck10) { transformation: [-1.3013333616824425f,-0.01615575009723729f,0.04112761183819763f,-0.02043577108470739f,-1.1293772630057337e-18f,1.2119313101448106f,0.4760709048399488f,4.102162350787207f,-0.04418697451419181f,0.47579669836383165f,-1.211233264096476f,0.5895034474478821f,0f,0f,0f,1f], start_interpolation: 0, interpolation_duration: 1 }
$data merge entity $(bone_neck9) { transformation: [-0.9994240217721159f,-0.01817743416553137f,0.028656684944479437f,0.001241797438697706f,-8.673617379884035e-19f,0.8444432384210137f,0.5356450476621912f,3.003960727417649f,-0.03393559642689931f,0.5353365277768637f,-0.8439568575009992f,-0.048914172898673614f,0f,0f,0f,1f], start_interpolation: 0, interpolation_duration: 1 }
$data merge entity $(bone_neck8) { transformation: [-0.9994240217721159f,0.0059583654796130925f,0.03340842087948391f,-0.004018147689683451f,-8.673617379884035e-19f,0.9844654108687616f,-0.17557862854858064f,2.3672051798711085f,-0.03393559642689931f,-0.17547749908125498f,-0.9838983802259961f,0.10599442067301362f,0f,0f,0f,1f], start_interpolation: 0, interpolation_duration: 1 }
$data merge entity $(bone_neck7) { transformation: [-0.9994240217721159f,0.016446626579881937f,0.029683887531644203f,-0.018100458176612714f,-8.673617379884035e-19f,0.8747124157840067f,-0.484642331697621f,1.6642223649111227f,-0.03393559642689931f,-0.48436318826625224f,-0.8742086004768551f,0.5207270573310353f,0f,0f,0f,1f], start_interpolation: 0, interpolation_duration: 1 }
$data merge entity $(bone_neck6) { transformation: [-0.9994240217721159f,0.012124806557059286f,0.03169564277315217f,-0.02746535134435129f,-8.673617379884035e-19f,0.9339939800801136f,-0.3572887420198239f,0.9178492992227114f,-0.03393559642689931f,-0.35708295148335245f,-0.9334560198826125f,0.7965288754404887f,0f,0f,0f,1f], start_interpolation: 0, interpolation_duration: 1 }
$data merge entity $(bone_neck_spine6) { transformation: [-1.1058555828451933f,0.04473711212808341f,-0.004868080311483472f,0.09932960362793153f,-0.013689838202985282f,-0.22038643205050232f,1.0845202102383276f,0.39711435197394573f,0.04286835356595635f,1.0836835741506141f,0.22075754323704444f,-1.3748951815941133f,0f,0f,0f,1f], start_interpolation: 0, interpolation_duration: 1 }
$data merge entity $(bone_neck_spine7) { transformation: [-0.965595225909534f,0.21706617623354113f,-0.14320661589488676f,-0.3227055750448464f,-0.07349126061853625f,0.3004641619157874f,0.9509575816075821f,0.8094481307115f,0.24944918182550674f,0.9287645355737874f,-0.27417429337374527f,-4.55664547831541f,0f,0f,0f,1f], start_interpolation: 0, interpolation_duration: 1 }
$data merge entity $(bone_tail6) { transformation: [-1.397732910984912f,0.23930766962379968f,-0.48090418015743935f,-1.1415152868299705f,0.1514774032859682f,1.4617783439209642f,0.2871462192358634f,-1.6572666553569237f,0.5153557873231005f,0.21938594801613187f,-1.3886945308345096f,-6.378844160331122f,0f,0f,0f,1f], start_interpolation: 0, interpolation_duration: 1 }
$data merge entity $(bone_tail5) { transformation: [-1.154648926465797f,0.19768894447183452f,-0.3972686705648413f,-1.0166591113740748f,0.12513350706232157f,1.2075560232390574f,0.23720774632527847f,-0.8945996933112024f,0.4257286938756048f,0.18123187010028285f,-1.1471824385154645f,-6.2643819265835745f,0f,0f,0f,1f], start_interpolation: 0, interpolation_duration: 1 }
$data merge entity $(bone_tail4) { transformation: [-0.9334425005534022f,0.15981590458354622f,-0.3211603568355769f,-0.954231023646127f,0.10116056149880312f,0.9762137114185222f,0.19176373597664617f,-0.5132662122883421f,0.34416803883838365f,0.14651165919686024f,-0.9274064345051334f,-6.207150809709801f,0f,0f,0f,1f], start_interpolation: 0, interpolation_duration: 1 }
$data merge entity $(bone_segment18) { transformation: [-0.9334425005534022f,0.20952724243799914f,-0.29117594824597065f,-0.8519227997994477f,0.10116056149880312f,0.9324980483735343f,0.3467188062058303f,-0.05794489960595231f,0.34416803883838365f,0.29418654703415203f,-0.8916292035292832f,-6.063505034790781f,0f,0f,0f,1f], start_interpolation: 0, interpolation_duration: 1 }
$data merge entity $(bone_segment17) { transformation: [-0.9063021640270686f,0.35071962617240654f,-0.23582224512827477f,-0.6292980370923538f,-0.05317014359854447f,0.4589343702368468f,0.8868777704086502f,0.23337086275142113f,0.4192723736541234f,0.8163179451860633f,-0.3972854000056394f,-5.545334464116034f,0f,0f,0f,1f], start_interpolation: 0, interpolation_duration: 1 }
$data merge entity $(bone_segment16) { transformation: [-0.9318841942304095f,0.3354417860767457f,-0.1380965484622396f,-0.3508551482591177f,-0.06808943711527635f,0.21217640955671482f,0.9748563995691599f,0.40949385896549106f,0.35630840166471756f,0.9178561866552212f,-0.17488380005555193f,-4.783442121677618f,0f,0f,0f,1f], start_interpolation: 0, interpolation_duration: 1 }
$data merge entity $(bone_segment15) { transformation: [-0.965595225909534f,0.24673442521606978f,-0.08214610833150914f,-0.09785598177779614f,-0.07349126061853625f,0.04410016066408251f,0.9963203352547312f,0.45471375027143507f,0.24944918182550674f,0.9680791802547444f,-0.024450080651962525f,-3.7907828059867184f,0f,0f,0f,1f], start_interpolation: 0, interpolation_duration: 1 }
$data merge entity $(bone_segment14) { transformation: [-0.989873443971126f,0.14034449622026549f,-0.02130697776368338f,0.046051948916811976f,-0.04953535630403609f,-0.2008460228408411f,0.9783696252362131f,0.24876812138190083f,0.1330293704283922f,0.9695175591445965f,0.20576415896294817f,-2.7966485900669666f,0f,0f,0f,1f], start_interpolation: 0, interpolation_duration: 1 }
$data merge entity $(bone_segment13) { transformation: [-0.9991730442648332f,0.04057098976009492f,0.0026874531497452156f,0.08956845601382935f,-0.012369171458697288f,-0.366257596319209f,0.9304312853380954f,-0.1673879727065474f,0.038732818280769965f,0.92962861828171f,0.36645654702797614f,-1.8069706762971653f,0f,0f,0f,1f], start_interpolation: 0, interpolation_duration: 1 }
$data merge entity $(bone_segment12) { transformation: [-0.99934504171639f,-0.03401170162342959f,-0.012356850308459663f,0.04971099317387279f,-0.012330733739363697f,-0.0009775263434387838f,0.9999234957974017f,-0.16853351139026473f,-0.034021178732016336f,0.9994209566518637f,0.0005574968677214964f,-0.6357742427207624f,0f,0f,0f,1f], start_interpolation: 0, interpolation_duration: 1 }
$data merge entity $(bone_segment11) { transformation: [-1.0338222450286623f,-0.051802833694193064f,0.008746085936628841f,-0.008382696460158462f,-0.021238770578855565f,0.5697325945265813f,0.8640035574419651f,0.48992046623678553f,-0.04805145390368391f,0.862710669384194f,-0.5700612428699923f,0.3613089545477407f,0f,0f,0f,1f], start_interpolation: 0, interpolation_duration: 1 }
$data merge entity $(bone_segment10) { transformation: [-0.9994240217721159f,-0.017657108984251796f,0.028980186458469098f,-0.028977319672943272f,-8.673617379884035e-19f,0.8539760460935271f,0.5203123222627599f,1.2780133278442545f,-0.03393559642689931f,0.5200126336934366f,-0.8534841744838426f,0.8410572652982748f,0f,0f,0f,1f], start_interpolation: 0, interpolation_duration: 1 }