# This file was generated by Animated Java via MC-Build. It is not recommended to edit this file directly.
$data merge entity $(bone_neck_spine5) { transformation: [-1.57136003423155f,-0.015944592993814018f,0.05091766226690441f,0.12199340796938157f,-1.363723045079424e-18f,1.5004204324679005f,0.46984861539593886f,4.442985572114045f,-0.05335577172588663f,0.46957799282306906f,-1.4995562229661266f,-0.2957750981245489f,0f,0f,0f,1f], start_interpolation: 0, interpolation_duration: 1 }
$data merge entity $(bone_neck_spine2) { transformation: [-1.4965333659348088f,-0.012246700574281262f,0.049317184154240176f,-0.0563213289826288f,-1.2987838524565938e-18f,1.4532582110491075f,0.36088066407384006f,5.570843919361768f,-0.050815020691320587f,0.3606728046684689f,-1.4524211659600494f,1.6463550243792997f,0f,0f,0f,1f], start_interpolation: 0, interpolation_duration: 1 }
$data merge entity $(bone_scale_neck_left1) { transformation: [-1.5953837418692633f,0.38543174406980757f,0.13873776587579503f,0.7378457019582352f,0.3967936940932313f,1.315405705831847f,0.908469963306735f,4.703815347309446f,0.10178684268974968f,0.9133483894801583f,-1.3669269325486735f,1.4230851744428212f,0f,0f,0f,1f], start_interpolation: 0, interpolation_duration: 1 }
$data merge entity $(bone_scale_neck_right1) { transformation: [-1.584804759862166f,-0.44649833840182973f,-0.045696693100267784f,-0.8335143322733141f,-0.3967936940932313f,1.315405705831847f,0.908469963306735f,4.703815347309446f,-0.20977063255790152f,0.8851000755321953f,-1.373189432979599f,1.3697294027169344f,0f,0f,0f,1f], start_interpolation: 0, interpolation_duration: 1 }
$data merge entity $(bone_blush_right1) { transformation: [-0.9994240217721159f,-0.018177434165531373f,0.028656684944479434f,-0.747958978783152f,-8.673617379884035e-19f,0.8444432384210138f,0.5356450476621913f,3.88557313021494f,-0.03393559642689931f,0.5353365277768637f,-0.8439568575009992f,2.4903544921461336f,0f,0f,0f,1f], start_interpolation: 0, interpolation_duration: 1 }
$data merge entity $(bone_blush_left1) { transformation: [-0.9994240217721159f,-0.018177434165531373f,0.028656684944479434f,0.576473050069154f,-8.673617379884035e-19f,0.8444432384210138f,0.5356450476621913f,3.88557313021494f,-0.03393559642689931f,0.5353365277768637f,-0.8439568575009992f,2.5353257854579523f,0f,0f,0f,1f], start_interpolation: 0, interpolation_duration: 1 }
$data merge entity $(bone_left_head_scales) { transformation: [-0.8997321187834404f,-0.018177434165531373f,-0.43606386609832637f,0.5856918585670032f,-0.2473333579442305f,0.8444432384210138f,0.4751229600146286f,4.712544275140466f,0.3595946669202597f,0.5353365277768637f,-0.7642685899278596f,2.5947610185907277f,0f,0f,0f,1f], start_interpolation: 0, interpolation_duration: 1 }
$data merge entity $(bone_left_head_scales2) { transformation: [-0.8351170297742437f,-0.018177434165531373f,-0.5497718867568646f,0.5971957270038842f,-0.3072333775871659f,0.8444432384210138f,0.4387747358057585f,3.8636316285886494f,0.45627535357218996f,0.5353365277768637f,-0.7107936435776451f,2.255965073633899f,0f,0f,0f,1f], start_interpolation: 0, interpolation_duration: 1 }
$data merge entity $(bone_left_head_scales1) { transformation: [-0.9994240217721159f,-0.018177434165531373f,0.028656684944479434f,0.5877332696305151f,-8.673617379884035e-19f,0.8444432384210138f,0.5356450476621913f,4.617709341138107f,-0.03393559642689931f,0.5353365277768637f,-0.8439568575009992f,2.534640217131412f,0f,0f,0f,1f], start_interpolation: 0, interpolation_duration: 1 }
$data merge entity $(bone_right_head_scales) { transformation: [-0.8732677497173871f,-0.018177434165531373f,0.48690144607578334f,-0.7611881707743249f,0.2473333579442305f,0.8444432384210138f,0.4751229600146286f,4.712544275140466f,-0.4197971502423074f,0.5353365277768637f,-0.7329291607490105f,2.549027499968539f,0f,0f,0f,1f], start_interpolation: 0, interpolation_duration: 1 }
$data merge entity $(bone_right_head_scales2) { transformation: [-0.8022434313180654f,-0.018177434165531373f,0.5967202508664964f,-0.7496843023374439f,0.3072333775871659f,0.8444432384210138f,0.4387747358057585f,3.8636316285886494f,-0.5118721799467115f,0.5353365277768637f,-0.6718643266496688f,2.2102315550117106f,0f,0f,0f,1f], start_interpolation: 0, interpolation_duration: 1 }
$data merge entity $(bone_right_head_scales1) { transformation: [-0.9994240217721159f,-0.018177434165531373f,0.028656684944479434f,-0.759146759710813f,-8.673617379884035e-19f,0.8444432384210138f,0.5356450476621913f,4.617709341138107f,-0.03393559642689931f,0.5353365277768637f,-0.8439568575009992f,2.4889066985092234f,0f,0f,0f,1f], start_interpolation: 0, interpolation_duration: 1 }
$data merge entity $(bone_head_left_fin1) { transformation: [-0.7519500352782784f,0.013709234192117926f,-0.7301084846569278f,0.5978022543232796f,-0.15493441013214107f,1.0211373002191646f,0.17874322555916616f,4.307195036870076f,0.7136117088635633f,0.23614798119855895f,-0.7305256039139516f,2.2381024739836897f,0f,0f,0f,1f], start_interpolation: 0, interpolation_duration: 1 }
$data merge entity $(bone_head_right_fin1) { transformation: [-0.7018123256323685f,-0.029696072005855684f,0.7779799489209753f,-0.7490777750180485f,0.15493441013214107f,1.0211373002191646f,0.17874322555916616f,4.307195036870076f,-0.7629744334987022f,0.23467414734842945f,-0.6793182291229904f,2.192368955361501f,0f,0f,0f,1f], start_interpolation: 0, interpolation_duration: 1 }
$data merge entity $(bone_right_whisker16) { transformation: [0.2612014650265533f,0.9281934902290202f,-0.26501064009668085f,-1.2690051999211411f,0.9636842512474417f,-0.2665494747352735f,0.016249351248811383f,1.5768346643467621f,-0.055555904867437673f,-0.2596309346260956f,-0.9641085619470148f,1.9759293008621253f,0f,0f,0f,1f], start_interpolation: 0, interpolation_duration: 1 }
$data merge entity $(bone_right_whisker15) { transformation: [-0.8861590336159693f,0.3801204122069208f,-0.26501064009668085f,-0.9704457598845109f,0.39005514284593507f,0.9206481109106941f,0.016249351248811383f,1.4454196015715204f,0.25015825527103613f,-0.08896925367907069f,-0.9641085619470148f,1.8916474668108485f,0f,0f,0f,1f], start_interpolation: 0, interpolation_duration: 1 }
$data merge entity $(bone_right_whisker14) { transformation: [-0.7190130800073123f,-0.6424870048599784f,-0.26501064009668085f,-0.7282001421086101f,-0.6695461255863743f,0.7425927176428999f,0.016249351248811383f,1.6709991067739607f,0.1863549744189123f,0.189120343405426f,-0.9641085619470148f,1.8288618553122893f,0f,0f,0f,1f], start_interpolation: 0, interpolation_duration: 1 }
$data merge entity $(bone_right_whisker13) { transformation: [-0.08693043047459098f,-0.9955442663960412f,-0.03653373651121349f,-0.6989120576225418f,-0.973165559559698f,0.07701913305038562f,0.21683368472409245f,1.9988722689303042f,-0.21305373487541193f,0.05440281968919864f,-0.9755246994646023f,1.9006426546599622f,0f,0f,0f,1f], start_interpolation: 0, interpolation_duration: 1 }
$data merge entity $(bone_right_whisker12) { transformation: [0.08150676148399653f,-0.9965303002490136f,-0.0168525522696759f,-0.7355264231329309f,-0.902819358396941f,-0.08098413426755566f,0.4223254386141928f,2.40443565258518f,-0.42222488550075604f,-0.019207568366291557f,-0.9062876008096591f,2.090313989943505f,0f,0f,0f,1f], start_interpolation: 0, interpolation_duration: 1 }
$data merge entity $(bone_right_whisker11) { transformation: [0.2965279347232288f,-0.9549869114860777f,0.008436991114088868f,-0.8687323313093814f,-0.9470814073242636f,-0.29291328280690626f,0.13129591256384837f,2.8298823785316265f,-0.12291457126585495f,-0.046923423208073155f,-0.9913073189102193f,2.1455295200043385f,0f,0f,0f,1f], start_interpolation: 0, interpolation_duration: 1 }
$data merge entity $(bone_right_whisker10) { transformation: [0.0664299973354579f,-0.9904632260549211f,0.1207048188221569f,-0.8985739316749192f,-0.990528508368508f,-0.08003129974162748f,-0.1115717937963022f,3.274846356900292f,0.12016792235563495f,-0.1121498501762015f,-0.9863985409266306f,2.091547836133643f,0f,0f,0f,1f], start_interpolation: 0, interpolation_duration: 1 }
$data merge entity $(bone_right_whisker1) { transformation: [-0.3346757140235245f,-0.9379824888535551f,0.09044897482522847f,-0.748231325765914f,-0.9270653681319069f,0.34494122524943205f,0.14685147031566614f,3.691301502740797f,-0.16894368781726166f,-0.03470449146020414f,-0.985014532186806f,2.1674405083953037f,0f,0f,0f,1f], start_interpolation: 0, interpolation_duration: 1 }
$data merge entity $(bone_left_whisker16) { transformation: [0.25683137918272547f,-0.9084443174637589f,0.3297977633867526f,1.131213713093349f,-0.9636842512474417f,-0.2665494747352735f,0.016249351248811383f,1.5768346643467621f,0.07314578979515181f,-0.3219942539645003f,-0.943911751091747f,2.0574291033422014f,0f,0f,0f,1f], start_interpolation: 0, interpolation_duration: 1 }
$data merge entity $(bone_left_whisker15) { transformation: [-0.8671492284263369f,-0.3732099287327497f,0.3297977633867526f,0.8390589437504913f,-0.39005514284593507f,0.9206481109106941f,0.016249351248811383f,1.4454196015715204f,-0.30969210706610806f,-0.11454870131025456f,-0.943911751091747f,1.9530894774263738f,0f,0f,0f,1f], start_interpolation: 0, interpolation_duration: 1 }
$data merge entity $(bone_left_whisker14) { transformation: [-0.7047161641972114f,0.628178766900207f,0.3297977633867526f,0.6016301579613921f,0.6695461255863743f,0.7425927176428999f,0.016249351248811383f,1.6709991067739607f,-0.23469791995551215f,0.23226599518540733f,-0.943911751091747f,1.8740164477538626f,0f,0f,0f,1f], start_interpolation: 0, interpolation_duration: 1 }
$data merge entity $(bone_left_whisker13) { transformation: [-0.10118209037308629f,0.9895610221181662f,0.10262147968229188f,0.5675404888415534f,0.973165559559698f,0.07701913305038562f,0.21683368472409245f,1.9988722689303042f,0.206666345287743f,0.12180737518154408f,-0.9707996626888525f,1.9436452457267839f,0f,0f,0f,1f], start_interpolation: 0, interpolation_duration: 1 }
$data merge entity $(bone_left_whisker12) { transformation: [0.05267863020652552f,0.9955379321314699f,0.0782891282807599f,0.5912047172546411f,0.902819358396941f,-0.08098413426755566f,0.4223254386141928f,2.40443565258518f,0.4267811711208682f,0.04843341495632567f,-0.9030570504084271f,2.1353633499412363f,0f,0f,0f,1f], start_interpolation: 0, interpolation_duration: 1 }
$data merge entity $(bone_left_whisker11) { transformation: [0.28750740337859765f,0.9559702528059271f,0.058824899087619904f,0.7203584336161206f,0.9470814073242636f,-0.29291328280690626f,0.13129591256384837f,2.8298823785316265f,0.14274558102858653f,0.017963421318155412f,-0.9895963897424837f,2.1994873414189215f,0f,0f,0f,1f], start_interpolation: 0, interpolation_duration: 1 }
$data merge entity $(bone_left_whisker10) { transformation: [0.07442823507234622f,0.9957893021251318f,-0.05351732053418619f,0.7537929923400262f,0.990528508368508f,-0.08003129974162748f,-0.1115717937963022f,3.274846356900292f,-0.11538505940230923f,-0.04470633998449228f,-0.9923142804736393f,2.1476542092655406f,0f,0f,0f,1f], start_interpolation: 0, interpolation_duration: 1 }
$data merge entity $(bone_left_whisker1) { transformation: [-0.34536467759774503f,0.9381761597931726f,-0.02342504351205005f,0.5986487035754141f,0.9270653681319069f,0.34494122524943205f,0.14685147031566614f,3.691301502740797f,0.14585281169130038f,0.029000764113320116f,-0.9888811419996771f,2.2131740270174918f,0f,0f,0f,1f], start_interpolation: 0, interpolation_duration: 1 }
$data merge entity $(bone_upper_left_tooth1) { transformation: [-0.9994240217721159f,-0.015610668879592365f,0.030131905382519506f,0.19960345220297165f,-8.673617379884035e-19f,0.8879144189325407f,0.4600086788873541f,3.562275029543517f,-0.03393559642689931f,0.45974372390367696f,-0.8874029995590111f,3.209909602847824f,0f,0f,0f,1f], start_interpolation: 0, interpolation_duration: 1 }
$data merge entity $(bone_upper_right_tooth1) { transformation: [-0.9994240217721159f,-0.015610668879592365f,0.030131905382519506f,-0.4738365624676923f,-8.673617379884035e-19f,0.8879144189325407f,0.4600086788873541f,3.562275029543517f,-0.03393559642689931f,0.45974372390367696f,-0.8874029995590111f,3.1870428435367297f,0f,0f,0f,1f], start_interpolation: 0, interpolation_duration: 1 }
$data merge entity $(bone_top_lip1) { transformation: [-0.9994240217721159f,0.0012893350011562148f,0.033911094351320704f,-0.1109846617722823f,-8.673617379884035e-19f,0.9992779830573661f,-0.03799358599556579f,3.671963676022976f,-0.03393559642689931f,-0.03797170251723336f,-0.9987024206955211f,3.2562235297932416f,0f,0f,0f,1f], start_interpolation: 0, interpolation_duration: 1 }
$data merge entity $(bone_muzzle1) { transformation: [-0.9994240217721159f,-0.015610668879592365f,0.030131905382519506f,-0.09669461761874809f,-8.673617379884035e-19f,0.8879144189325407f,0.4600086788873541f,4.079844757689082f,-0.03393559642689931f,0.45974372390367696f,-0.8874029995590111f,2.8353730098976877f,0f,0f,0f,1f], start_interpolation: 0, interpolation_duration: 1 }
$data merge entity $(bone_jaw_right_tooth1) { transformation: [-0.9994240217721159f,0.0035262524537526515f,0.033751892517039465f,-0.47314623253224547f,-8.673617379884035e-19f,0.994586689812405f,-0.10391013640642953f,3.417737378625264f,-0.03393559642689931f,-0.10385028643020329f,-0.9940138295333297f,3.1667122057086834f,0f,0f,0f,1f], start_interpolation: 0, interpolation_duration: 1 }
$data merge entity $(bone_jaw_left_tooth1) { transformation: [-0.9994240217721159f,0.0035262524537526515f,0.033751892517039465f,0.2564137833609738f,-8.673617379884035e-19f,0.994586689812405f,-0.10391013640642953f,3.417737378625264f,-0.03393559642689931f,-0.10385028643020329f,-0.9940138295333297f,3.1914845282957023f,0f,0f,0f,1f], start_interpolation: 0, interpolation_duration: 1 }
$data merge entity $(bone_tongue1) { transformation: [-0.9994240217721159f,-0.010269878218052725f,0.03234430871476074f,-0.08215821896898402f,-8.673617379884035e-19f,0.953108597470318f,0.302628487469642f,3.6519356336686677f,-0.03393559642689931f,0.3024541800497217f,-0.9525596276693662f,2.4072671997662884f,0f,0f,0f,1f], start_interpolation: 0, interpolation_duration: 1 }
$data merge entity $(bone_jaw_lips1) { transformation: [-0.9994240217721159f,-0.010269878218052725f,0.03234430871476074f,-0.05377120251455132f,-8.673617379884035e-19f,0.953108597470318f,0.302628487469642f,3.2569488468097263f,-0.03393559642689931f,0.3024541800497217f,-0.9525596276693662f,3.2259260867212936f,0f,0f,0f,1f], start_interpolation: 0, interpolation_duration: 1 }
$data merge entity $(bone_jaw3) { transformation: [-0.9994240217721159f,-0.002388273872860072f,0.03385145274220289f,-0.023156626319975553f,-8.673617379884035e-19f,0.9975204889981032f,0.07037665826810074f,3.236157847144713f,-0.03393559642689931f,0.07033612284518675f,-0.9969459389145721f,2.3243081372286216f,0f,0f,0f,1f], start_interpolation: 0, interpolation_duration: 1 }
$data merge entity $(bone_jaw1) { transformation: [-0.9994240217721159f,-0.025625356437857627f,0.022247827136197593f,-0.003168344127298023f,-8.673617379884035e-19f,0.6555896898444573f,0.755117314441702f,3.9145835593384297f,-0.03393559642689931f,0.7546823833090851f,-0.6552120844566818f,1.7356410300995715f,0f,0f,0f,1f], start_interpolation: 0, interpolation_duration: 1 }
$data merge entity $(bone_tear_right1) { transformation: [-0.9994240217721159f,-0.018177434165531373f,0.028656684944479434f,-0.7018803683256162f,-8.673617379884035e-19f,0.8444432384210138f,0.5356450476621913f,4.163355494503437f,-0.03393559642689931f,0.5353365277768637f,-0.8439568575009992f,2.787985140560281f,0f,0f,0f,1f], start_interpolation: 0, interpolation_duration: 1 }
$data merge entity $(bone_right_pupil1) { transformation: [-0.9994240217721159f,-0.018177434165531373f,0.028656684944479434f,-0.5206571025511887f,-8.673617379884035e-19f,0.8444432384210138f,0.5356450476621913f,4.2220971586926215f,-0.03393559642689931f,0.5353365277768637f,-0.8439568575009992f,2.9112624753216223f,0f,0f,0f,1f], start_interpolation: 0, interpolation_duration: 1 }
$data merge entity $(bone_right_sad_pupil1) { transformation: [-0.9994240217721159f,-0.018177434165531373f,0.028656684944479434f,-0.5203352745464411f,-8.673617379884035e-19f,0.8444432384210138f,0.5356450476621913f,4.228112703661484f,-0.03393559642689931f,0.5353365277768637f,-0.8439568575009992f,2.901784444207109f,0f,0f,0f,1f], start_interpolation: 0, interpolation_duration: 1 }
$data merge entity $(bone_right_happy_pupil1) { transformation: [-0.9994240217721159f,-0.018177434165531373f,0.028656684944479434f,-0.5478845697563484f,-8.673617379884035e-19f,0.8444432384210138f,0.5356450476621913f,4.204404273632683f,-0.03393559642689931f,0.5353365277768637f,-0.8439568575009992f,2.885801666786487f,0f,0f,0f,1f], start_interpolation: 0, interpolation_duration: 1 }
$data merge entity $(bone_eyelid_right1) { transformation: [-0.9994240217721159f,-0.018177434165531373f,0.028656684944479434f,-0.07109880019562269f,-8.673617379884035e-19f,0.8444432384210138f,0.5356450476621913f,4.4814724851034295f,-0.03393559642689931f,0.5353365277768637f,-0.8439568575009992f,2.412495337172016f,0f,0f,0f,1f], start_interpolation: 0, interpolation_duration: 1 }
$data merge entity $(bone_eyelid_expressions_right5) { transformation: [-0.9994240217721159f,-0.018177434165531373f,0.028656684944479434f,-0.6514523292538223f,-8.673617379884035e-19f,0.8444432384210138f,0.5356450476621913f,4.3229476376638445f,-0.03393559642689931f,0.5353365277768637f,-0.8439568575009992f,2.957522462327403f,0f,0f,0f,1f], start_interpolation: 0, interpolation_duration: 1 }
$data merge entity $(bone_eyelid_expressions_right7) { transformation: [-0.9994240217721159f,-0.018177434165531373f,0.028656684944479434f,-0.3147323219184903f,-8.673617379884035e-19f,0.8444432384210138f,0.5356450476621913f,4.3229476376638445f,-0.03393559642689931f,0.5353365277768637f,-0.8439568575009992f,2.9689558419829507f,0f,0f,0f,1f], start_interpolation: 0, interpolation_duration: 1 }
$data merge entity $(bone_eyelid_expressions_right6) { transformation: [-0.9994240217721159f,-0.018177434165531373f,0.028656684944479434f,-0.426972324363601f,-8.673617379884035e-19f,0.8444432384210138f,0.5356450476621913f,4.3229476376638445f,-0.03393559642689931f,0.5353365277768637f,-0.8439568575009992f,2.9651447154311015f,0f,0f,0f,1f], start_interpolation: 0, interpolation_duration: 1 }
$data merge entity $(bone_right_eye1) { transformation: [-0.9994240217721159f,-0.018177434165531373f,0.028656684944479434f,-0.08264462844488132f,-8.673617379884035e-19f,0.8444432384210138f,0.5356450476621913f,4.475456940134567f,-0.03393559642689931f,0.5353365277768637f,-0.8439568575009992f,2.421592255631344f,0f,0f,0f,1f], start_interpolation: 0, interpolation_duration: 1 }
$data merge entity $(bone_tear_left1) { transformation: [-0.9994240217721159f,-0.018177434165531373f,0.028656684944479434f,0.5103116580815791f,-8.673617379884035e-19f,0.8444432384210138f,0.5356450476621913f,4.163355494503437f,-0.03393559642689931f,0.5353365277768637f,-0.8439568575009992f,2.829145307320251f,0f,0f,0f,1f], start_interpolation: 0, interpolation_duration: 1 }
$data merge entity $(bone_left_sad_pupil1) { transformation: [-0.9994240217721159f,-0.018177434165531373f,0.028656684944479434f,0.32146474379188883f,-8.673617379884035e-19f,0.8444432384210138f,0.5356450476621913f,4.228112703661484f,-0.03393559642689931f,0.5353365277768637f,-0.8439568575009992f,2.9303678933459767f,0f,0f,0f,1f], start_interpolation: 0, interpolation_duration: 1 }
$data merge entity $(bone_left_pupil1) { transformation: [-0.9994240217721159f,-0.018177434165531373f,0.028656684944479434f,0.32114291578714127f,-8.673617379884035e-19f,0.8444432384210138f,0.5356450476621913f,4.2220971586926215f,-0.03393559642689931f,0.5353365277768637f,-0.8439568575009992f,2.93984592446049f,0f,0f,0f,1f], start_interpolation: 0, interpolation_duration: 1 }
$data merge entity $(bone_eyelid_left1) { transformation: [-0.9994240217721159f,-0.018177434165531373f,0.028656684944479434f,-0.09354680068464483f,-8.673617379884035e-19f,0.8444432384210138f,0.5356450476621913f,4.4814724851034295f,-0.03393559642689931f,0.5353365277768637f,-0.8439568575009992f,2.411733111861646f,0f,0f,0f,1f], start_interpolation: 0, interpolation_duration: 1 }
$data merge entity $(bone_left_happy_pupil1) { transformation: [-0.9994240217721159f,-0.018177434165531373f,0.028656684944479434f,0.3500354498045368f,-8.673617379884035e-19f,0.8444432384210138f,0.5356450476621913f,4.204404273632683f,-0.03393559642689931f,0.5353365277768637f,-0.8439568575009992f,2.9162906792012797f,0f,0f,0f,1f], start_interpolation: 0, interpolation_duration: 1 }
$data merge entity $(bone_eyelid_expressions_left5) { transformation: [-0.9994240217721159f,-0.018177434165531373f,0.028656684944479434f,0.44849969470826206f,-8.673617379884035e-19f,0.8444432384210138f,0.5356450476621913f,4.3229476376638445f,-0.03393559642689931f,0.5353365277768637f,-0.8439568575009992f,2.994871502535524f,0f,0f,0f,1f], start_interpolation: 0, interpolation_duration: 1 }
$data merge entity $(bone_eyelid_expressions_left7) { transformation: [-0.9994240217721159f,-0.018177434165531373f,0.028656684944479434f,0.11177968737293019f,-8.673617379884035e-19f,0.8444432384210138f,0.5356450476621913f,4.3229476376638445f,-0.03393559642689931f,0.5353365277768637f,-0.8439568575009992f,2.983438122879977f,0f,0f,0f,1f], start_interpolation: 0, interpolation_duration: 1 }
$data merge entity $(bone_eyelid_expressions_left6) { transformation: [-0.9994240217721159f,-0.018177434165531373f,0.028656684944479434f,0.22401968981804088f,-8.673617379884035e-19f,0.8444432384210138f,0.5356450476621913f,4.3229476376638445f,-0.03393559642689931f,0.5353365277768637f,-0.8439568575009992f,2.987249249431826f,0f,0f,0f,1f], start_interpolation: 0, interpolation_duration: 1 }
$data merge entity $(bone_left_eye1) { transformation: [-0.9994240217721159f,-0.018177434165531373f,0.028656684944479434f,-0.08264462844488132f,-8.673617379884035e-19f,0.8444432384210138f,0.5356450476621913f,4.475456940134567f,-0.03393559642689931f,0.5353365277768637f,-0.8439568575009992f,2.421592255631344f,0f,0f,0f,1f], start_interpolation: 0, interpolation_duration: 1 }
$data merge entity $(bone_crest_middle5) { transformation: [-0.9994240217721159f,-0.011544114569364765f,0.03191172392176207f,-0.12149527278910825f,-8.673617379884035e-19f,0.940361369233723f,0.3401771527496783f,5.390234773191591f,-0.03393559642689931f,0.33998121811607057f,-0.939819741558701f,3.5657674376584345f,0f,0f,0f,1f], start_interpolation: 0, interpolation_duration: 1 }
$data merge entity $(bone_crest_middle4) { transformation: [-0.9994240217721159f,-0.011544114569364765f,0.03191172392176207f,-0.11371652371404802f,-8.673617379884035e-19f,0.940361369233723f,0.3401771527496783f,4.756592834938399f,-0.03393559642689931f,0.33998121811607057f,-0.939819741558701f,3.3366785309200666f,0f,0f,0f,1f], start_interpolation: 0, interpolation_duration: 1 }
$data merge entity $(bone_crest_middle1) { transformation: [-0.9994240217721159f,-0.011544114569364765f,0.03191172392176207f,-0.11057035051299344f,-8.673617379884035e-19f,0.940361369233723f,0.3401771527496783f,4.2527086423716955f,-0.03393559642689931f,0.33998121811607057f,-0.939819741558701f,3.2440218104005707f,0f,0f,0f,1f], start_interpolation: 0, interpolation_duration: 1 }
$data merge entity $(bone_crest_left5) { transformation: [-0.5216594429885293f,-0.8416372204171195f,0.13970760447965055f,-1.2165385844563765f,-0.7121962037588142f,0.5197531006032637f,0.47184031384020975f,4.795756686681572f,-0.469731830827368f,0.14664072975077147f,-0.8705449462754523f,3.2683855704417257f,0f,0f,0f,1f], start_interpolation: 0, interpolation_duration: 1 }
$data merge entity $(bone_crest_left4) { transformation: [-0.5216594429885293f,-0.8416372204171195f,0.13970760447965055f,-0.7439395593198105f,-0.7121962037588142f,0.5197531006032637f,0.47184031384020975f,4.503903138979544f,-0.469731830827368f,0.14664072975077147f,-0.8705449462754523f,3.186043363794564f,0f,0f,0f,1f], start_interpolation: 0, interpolation_duration: 1 }
$data merge entity $(bone_crest_left1) { transformation: [-0.5216594429885293f,-0.8416372204171195f,0.13970760447965055f,-0.2162357222383581f,-0.7121962037588142f,0.5197531006032637f,0.47184031384020975f,4.209359176005177f,-0.469731830827368f,0.14664072975077147f,-0.8705449462754523f,3.046583797409602f,0f,0f,0f,1f], start_interpolation: 0, interpolation_duration: 1 }
$data merge entity $(bone_crest_center1) { transformation: [-0.9994240217721159f,-0.018177434165531373f,0.028656684944479434f,-0.10348537355988491f,-8.673617379884035e-19f,0.8444432384210138f,0.5356450476621913f,4.185650745976376f,-0.03393559642689931f,0.5353365277768637f,-0.8439568575009992f,3.0353649159831866f,0f,0f,0f,1f], start_interpolation: 0, interpolation_duration: 1 }
$data merge entity $(bone_crest_right5) { transformation: [-0.5523208279526013f,0.8297517712645853f,-0.08033493071532505f,0.9911979177281495f,0.7121962037588142f,0.5197531006032637f,0.47184031384020975f,4.795756686681572f,0.43326466548899023f,0.20339300011695793f,-0.8780165244129159f,3.3433496030474497f,0f,0f,0f,1f], start_interpolation: 0, interpolation_duration: 1 }
$data merge entity $(bone_crest_right4) { transformation: [-0.5523208279526013f,0.8297517712645853f,-0.08033493071532505f,0.5252728508559458f,0.7121962037588142f,0.5197531006032637f,0.47184031384020975f,4.503903138979544f,0.43326466548899023f,0.20339300011695793f,-0.8780165244129159f,3.2291396664583374f,0f,0f,0f,1f], start_interpolation: 0, interpolation_duration: 1 }
$data merge entity $(bone_crest_right1) { transformation: [-0.5523208279526013f,0.8297517712645853f,-0.08033493071532505f,0.008244282651863194f,0.7121962037588142f,0.5197531006032637f,0.47184031384020975f,4.209359176005177f,0.43326466548899023f,0.20339300011695793f,-0.8780165244129159f,3.0542060505133f,0f,0f,0f,1f], start_interpolation: 0, interpolation_duration: 1 }
$data merge entity $(bone_head1) { transformation: [-1.0475733561543656f,-0.01905316992611035f,0.030037280443106683f,-0.06392338265200896f,-9.091486967196152e-19f,0.8851260506886923f,0.5614508637604998f,4.7588944464208245f,-0.03557051448392439f,0.5611274802869467f,-0.8846162373545626f,1.870240143603462f,0f,0f,0f,1f], start_interpolation: 0, interpolation_duration: 1 }
$data merge entity $(bone_neck10) { transformation: [-1.4965333659348088f,-0.018579112611822882f,0.047296753613927274f,-0.024650711918538914f,-1.2987838524565938e-18f,1.3937210066665322f,0.5474815405659411f,4.730858742074098f,-0.050815020691320587f,0.5471662031184064f,-1.3929182537109475f,0.7136360268988899f,0f,0f,0f,1f], start_interpolation: 0, interpolation_duration: 1 }
$data merge entity $(bone_neck9) { transformation: [-1.1448480249401294f,-0.020822392847820614f,0.032826456484252343f,0.0002784918833769511f,-9.935696471292949e-19f,0.9673163268240719f,0.6135855868239752f,3.467926875199105f,-0.03887349082886027f,0.613232174885021f,-0.9667591736803445f,-0.020544236499649315f,0f,0f,0f,1f], start_interpolation: 0, interpolation_duration: 1 }
$data merge entity $(bone_neck8) { transformation: [-1.0625386898137144f,0.006334642466281367f,0.035518197458461735f,-0.00556592973352836f,-9.221365352441817e-19f,1.046635427049927f,-0.18666660183582826f,2.692886990970033f,-0.03607866469083762f,-0.18655908593729778f,-1.0460325878314138f,0.15157754629799863f,0f,0f,0f,1f], start_interpolation: 0, interpolation_duration: 1 }
$data merge entity $(bone_neck7) { transformation: [-1.0550560229840402f,0.017362112629738646f,0.031336213302448616f,-0.0219369553450994f,-9.156426159818987e-19f,0.9234024623657336f,-0.5116194927393831f,1.8681790595557293f,-0.035824589587381016f,-0.5113248110506041f,-0.9228706026518363f,0.6337142399169002f,0f,0f,0f,1f], start_interpolation: 0, interpolation_duration: 1 }
$data merge entity $(bone_neck6) { transformation: [-1.049069889520301f,0.01272710000777779f,0.033270107319761225f,-0.032900333752294036f,-9.104474805720722e-19f,0.9803896445853951f,-0.3750368741917722f,0.9986720218840999f,-0.035621329504615724f,-0.37482086111758406f,-0.9798249614952709f,0.9565924237004284f,0f,0f,0f,1f], start_interpolation: 0, interpolation_duration: 1 }
$data merge entity $(bone_neck_spine6) { transformation: [-1.271733920271972f,0.05144767894729591f,-0.005598292358205991f,0.11307723914287032f,-0.015743313933433072f,-0.2534443968580776f,1.2471982417740766f,0.34238683007864346f,0.04929860660084979f,1.246236110273206f,0.25387117472260107f,-1.55652920926034f,0f,0f,0f,1f], start_interpolation: 0, interpolation_duration: 1 }
$data merge entity $(bone_neck_spine7) { transformation: [-0.965595225909534f,0.21706617623354113f,-0.14320661589488676f,-0.37226321633082426f,-0.07349126061853625f,0.3004641619157874f,0.9509575816075821f,0.8165706756268309f,0.24944918182550674f,0.9287645355737874f,-0.27417429337374527f,-5.215542050489831f,0f,0f,0f,1f], start_interpolation: 0, interpolation_duration: 1 }
$data merge entity $(bone_tail6) { transformation: [-1.6073928476326491f,0.27520382006736965f,-0.5530398071810554f,-1.3138943848837175f,0.17419901377886346f,1.681045095509109f,0.33021815212124295f,-2.0201513283518557f,0.5926591554215657f,0.25229384021855167f,-1.596998710459686f,-7.3110705348079f,0f,0f,0f,1f], start_interpolation: 0, interpolation_duration: 1 }
$data merge entity $(bone_tail5) { transformation: [-1.3278462654356666f,0.2273422861426097f,-0.45685897114956747f,-1.1703097831094376f,0.1439035331216698f,1.3886894267249161f,0.27278890827407026f,-1.1430843219992772f,0.4895879979569455f,0.20841665061532527f,-1.319259804292784f,-7.179438965998221f,0f,0f,0f,1f], start_interpolation: 0, interpolation_duration: 1 }
$data merge entity $(bone_tail4) { transformation: [-0.9784130376894384f,0.16751536873665976f,-0.33663292611020756f,-1.0985174822222976f,0.10603418230017775f,1.0232448407446748f,0.20100235346510437f,-0.704550818822988f,0.36074905112617034f,0.1535701636112923f,-0.9720861715841567f,-7.113623181593382f,0f,0f,0f,1f], start_interpolation: 0, interpolation_duration: 1 }
$data merge entity $(bone_segment18) { transformation: [-0.9334425005534022f,0.20952724243799914f,-0.29117594824597065f,-0.9808630247986165f,0.10116056149880312f,0.9324980483735343f,0.3467188062058303f,-0.18093130923823975f,0.34416803883838365f,0.29418654703415203f,-0.8916292035292832f,-6.948430540436509f,0f,0f,0f,1f], start_interpolation: 0, interpolation_duration: 1 }
$data merge entity $(bone_segment17) { transformation: [-0.9063021640270686f,0.35071962617240654f,-0.23582224512827477f,-0.7248445476854581f,-0.05317014359854447f,0.4589343702368468f,0.8868777704086502f,0.15408181747274013f,0.4192723736541234f,0.8163179451860633f,-0.3972854000056394f,-6.352534384160549f,0f,0f,0f,1f], start_interpolation: 0, interpolation_duration: 1 }
$data merge entity $(bone_segment16) { transformation: [-0.9318841942304095f,0.3354417860767457f,-0.1380965484622396f,-0.40463522552723624f,-0.06808943711527635f,0.21217640955671482f,0.9748563995691599f,0.35662326311892073f,0.35630840166471756f,0.9178561866552212f,-0.17488380005555193f,-5.47635819035637f,0f,0f,0f,1f], start_interpolation: 0, interpolation_duration: 1 }
$data merge entity $(bone_segment15) { transformation: [-0.965595225909534f,0.24673442521606978f,-0.08214610833150914f,-0.11368618407371643f,-0.07349126061853625f,0.04410016066408251f,0.9963203352547312f,0.4086261381207563f,0.24944918182550674f,0.9680791802547444f,-0.024450080651962525f,-4.334799977311835f,0f,0f,0f,1f], start_interpolation: 0, interpolation_duration: 1 }
$data merge entity $(bone_segment14) { transformation: [-1.0375626593707759f,0.1471058847100438f,-0.022333485806985822f,0.051807936225082826f,-0.05192182529264196f,-0.21052219842041273f,1.0255046202020195f,0.171788664897792f,0.13943833749330162f,1.016226087384635f,0.21567727599631922f,-3.1915456290041213f,0f,0f,0f,1f], start_interpolation: 0, interpolation_duration: 1 }
$data merge entity $(bone_segment13) { transformation: [-1.0248679239838832f,0.04161431924936819f,0.0027565640868643143f,0.1018519193866528f,-0.012687258875766652f,-0.37567633007871987f,0.9543583919597456f,-0.3067908433039235f,0.03972887708421424f,0.9535350834002825f,0.3758803970329273f,-2.05341602816885f,0f,0f,0f,1f], start_interpolation: 0, interpolation_duration: 1 }
$data merge entity $(bone_segment12) { transformation: [-1.1148292506386936f,-0.03794209032014751f,-0.013784806642933349f,0.056015837120702794f,-0.013755672045833129f,-0.0010904891858609083f,1.1154745508130515f,-0.3081082127901984f,-0.03795266260241534f,1.114913938296203f,0.0006219211476828019f,-0.7065401295559871f,0f,0f,0f,1f], start_interpolation: 0, interpolation_duration: 1 }
$data merge entity $(bone_segment11) { transformation: [-1.1888955817829614f,-0.05957325874832201f,0.010057998827123165f,-0.011057827209407706f,-0.024424586165683895f,0.6551924837055684f,0.9936040910582598f,0.449108398413667f,-0.055259171989236494f,0.992117269791823f,-0.6555704293004909f,0.44009318743841985f,0f,0f,0f,1f], start_interpolation: 0, interpolation_duration: 1 }
$data merge entity $(bone_segment10) { transformation: [-1.047573356154366f,-0.018507776995211844f,0.0303763673164943f,-0.03430360243272717f,-9.091486967196156e-19f,0.8951181212308453f,0.5453794523717731f,1.3654227210524148f,-0.035570514483924405f,0.5450653256812714f,-0.8946025526816318f,0.9979195425930159f,0f,0f,0f,1f], start_interpolation: 0, interpolation_duration: 1 }