# This file was generated by Animated Java via MC-Build. It is not recommended to edit this file directly.
$data merge entity $(bone_neck_spine5) { transformation: [-1.5713992948797646f,-0.015390548442912625f,0.04986564575584596f,0.12112734200015632f,0f,1.5023375954746274f,0.4636819435563101f,4.446368708368442f,-0.052186699531788366f,0.46342645133697685f,-1.5015097962217356f,-0.29760986299782505f,0f,0f,0f,1f], start_interpolation: 0, interpolation_duration: 1 }
$data merge entity $(bone_neck_spine2) { transformation: [-1.4965707570283466f,-0.011549137070012816f,0.04834116594133021f,-0.055453869422864115f,0f,1.4564085133545848f,0.3479490248762262f,5.586650785334233f,-0.04970161860170319f,0.34775730236079133f,-1.4556060213694995f,1.6359631037131006f,0f,0f,0f,1f], start_interpolation: 0, interpolation_duration: 1 }
$data merge entity $(bone_scale_neck_left1) { transformation: [-1.5951903028818524f,0.3865004120296158f,0.13798699188805572f,0.7382907067956747f,0.39816346684848436f,1.3233511630771022f,0.8962492028935648f,4.717433506894102f,0.09944260704835294f,0.9013402307237215f,-1.3750461945767525f,1.4198147420168832f,0f,0f,0f,1f], start_interpolation: 0, interpolation_duration: 1 }
$data merge entity $(bone_scale_neck_right1) { transformation: [-1.585077656300004f,-0.4454504563304212f,-0.046452075208523576f,-0.8331085880840893f,-0.39816346684848436f,1.3233511630771022f,0.8962492028935648f,4.717433506894102f,-0.20506037648301234f,0.8737108623424421f,-1.3811714780790778f,1.3676280424850948f,0f,0f,0f,1f], start_interpolation: 0, interpolation_duration: 1 }
$data merge entity $(bone_blush_right1) { transformation: [-0.9994489925198002f,-0.017663877272462106f,0.028101579864124263f,-0.746821546330485f,0f,0.8466361817275222f,0.5321721298507114f,3.9060514884585396f,-0.033192037466180914f,0.5318788990264098f,-0.8461696788583825f,2.491260761321552f,0f,0f,0f,1f], start_interpolation: 0, interpolation_duration: 1 }
$data merge entity $(bone_blush_left1) { transformation: [-0.9994489925198002f,-0.017663877272462106f,0.028101579864124263f,0.5776435736396017f,0f,0.8466361817275222f,0.5321721298507114f,3.9060514884585396f,-0.033192037466180914f,0.5318788990264098f,-0.8461696788583825f,2.5352466937840594f,0f,0f,0f,1f], start_interpolation: 0, interpolation_duration: 1 }
$data merge entity $(bone_left_head_scales) { transformation: [-0.8994979491060953f,-0.017663877272462106f,-0.4365677805262683f,0.5870193559131587f,-0.2457297429609004f,0.8466361817275222f,0.4720424442931083f,4.733258351843534f,0.3612759789666322f,0.5318788990264098f,-0.7658880491247764f,2.5912797892065234f,0f,0f,0f,1f], start_interpolation: 0, interpolation_duration: 1 }
$data merge entity $(bone_left_head_scales2) { transformation: [-0.8348190894194664f,-0.017663877272462106f,-0.5502409248507025f,0.5981553369327912f,-0.30524139376511716f,0.8466361817275222f,0.43592988808083705f,3.882960520214073f,0.4581536636033612f,0.5318788990264098f,-0.7121797928172862f,2.255963072896732f,0f,0f,0f,1f], start_interpolation: 0, interpolation_duration: 1 }
$data merge entity $(bone_left_head_scales1) { transformation: [-0.9994489925198002f,-0.017663877272462106f,0.028101579864124263f,0.5890030921302809f,0f,0.8466361817275222f,0.5321721298507114f,4.638177140028431f,-0.033192037466180914f,0.5318788990264098f,-0.8461696788583825f,2.5315472956635183f,0f,0f,0f,1f], start_interpolation: 0, interpolation_duration: 1 }
$data merge entity $(bone_right_head_scales) { transformation: [-0.8735462180421494f,-0.017663877272462106f,0.48642059206407073f,-0.7598943254123534f,0.2457297429609004f,0.8466361817275222f,0.4720424442931083f,4.733258351843534f,-0.42015937258215197f,0.5318788990264098f,-0.7352352945838678f,2.5465483324649907f,0f,0f,0f,1f], start_interpolation: 0, interpolation_duration: 1 }
$data merge entity $(bone_right_head_scales2) { transformation: [-0.8025822813508688f,-0.017663877272462106f,0.5962798580375981f,-0.7487583443927208f,0.30524139376511716f,0.8466361817275222f,0.43592988808083705f,3.882960520214073f,-0.512532314292439f,0.5318788990264098f,-0.6741034516871212f,2.2112316161551995f,0f,0f,0f,1f], start_interpolation: 0, interpolation_duration: 1 }
$data merge entity $(bone_right_head_scales1) { transformation: [-0.9994489925198002f,-0.017663877272462106f,0.028101579864124263f,-0.7579105891952311f,0f,0.8466361817275222f,0.5321721298507114f,4.638177140028431f,-0.033192037466180914f,0.5318788990264098f,-0.8461696788583825f,2.4868158389219857f,0f,0f,0f,1f], start_interpolation: 0, interpolation_duration: 1 }
$data merge entity $(bone_head_left_fin1) { transformation: [-0.7514398311419616f,0.01402419728286483f,-0.7306276069853133f,0.5988090408562006f,-0.1518989488689334f,1.0220961529361072f,0.175844708509801f,4.326446777286635f,0.7148007327437678f,0.23194390284927752f,-0.7307100221190288f,2.236279324096333f,0f,0f,0f,1f], start_interpolation: 0, interpolation_duration: 1 }
$data merge entity $(bone_head_right_fin1) { transformation: [-0.7023588522227354f,-0.029382193402699257f,0.777498506391094f,-0.7481046404693115f,0.1518989488689334f,1.0220961529361072f,0.175844708509801f,4.326446777286635f,-0.7630818763815903f,0.23050236200358157f,-0.6806246462433571f,2.1915478673548003f,0f,0f,0f,1f], start_interpolation: 0, interpolation_duration: 1 }
$data merge entity $(bone_right_whisker16) { transformation: [0.26129142175537723f,0.9279636533711391f,-0.2657258943707636f,-1.2685652344733573f,0.9634116605715706f,-0.2677423754787394f,0.012328529828429968f,1.5952934301974913f,-0.05970565460475577f,-0.25922476423962715f,-0.9639697901973523f,1.98670504999344f,0f,0f,0f,1f], start_interpolation: 0, interpolation_duration: 1 }
$data merge entity $(bone_right_whisker15) { transformation: [-0.8859194213349907f,0.3801795996135682f,-0.2657258943707636f,-0.9700865231837366f,0.3912022579352171f,0.9202221474941021f,0.012328529828429968f,1.4634918882173644f,0.24921390869665144f,-0.09303048585818376f,-0.9639697901973523f,1.902741379582947f,0f,0f,0f,1f], start_interpolation: 0, interpolation_duration: 1 }
$data merge entity $(bone_right_whisker14) { transformation: [-0.7189654574891725f,-0.6422448287049438f,-0.2657258943707636f,-0.7278569501038887f,-0.6686752798398754f,0.7434523370622583f,0.012328529828429968f,1.688777993241541f,0.18963660266005905f,0.1865481238673376f,-0.9639697901973523f,1.8388501413820484f,0f,0f,0f,1f], start_interpolation: 0, interpolation_duration: 1 }
$data merge entity $(bone_right_whisker13) { transformation: [-0.08722164452566623f,-0.9954929916441831f,-0.03723020700389299f,-0.6984707515088157f,-0.9740198101775023f,0.07738056787391706f,0.21283246250817206f,2.016938964443922f,-0.20899233026123407f,0.05482655654721087f,-0.9763791551385941f,1.9092625964017025f,0f,0f,0f,1f], start_interpolation: 0, interpolation_duration: 1 }
$data merge entity $(bone_right_whisker12) { transformation: [0.08106941225873462f,-0.9965553509698646f,-0.017469483373967663f,-0.7348886515469191f,-0.9045563181628637f,-0.08092339660041684f,0.41860395501511416f,2.423282622993646f,-0.4185757012389366f,-0.018133845041293624f,-0.9080008513191774f,2.097294649692631f,0f,0f,0f,1f], start_interpolation: 0, interpolation_duration: 1 }
$data merge entity $(bone_right_whisker11) { transformation: [0.2963072537525496f,-0.9550614942196107f,0.00771710001403704f,-0.8679954256935724f,-0.9476193088242463f,-0.29297032035028253f,0.12722435669835705f,2.848970984379538f,-0.11924620294617416f,-0.04501037272515443f,-0.9918439440910363f,2.150862279922358f,0f,0f,0f,1f], start_interpolation: 0, interpolation_duration: 1 }
$data merge entity $(bone_right_whisker10) { transformation: [0.06638437513843881f,-0.9905573216397325f,0.11995543874038722f,-0.8978165317127929f,-0.990036128518254f,-0.08035293969416513f,-0.11563679912161853f,3.293713776487347f,0.12418365015599553f,-0.11108374151254378f,-0.9860217154837453f,2.0950766558288443f,0f,0f,0f,1f], start_interpolation: 0, interpolation_duration: 1 }
$data merge entity $(bone_right_whisker1) { transformation: [-0.3349277430501443f,-0.9379610234843024f,0.08973586440000744f,-0.7473607096394859f,-0.9277044060038117f,0.34492659537216086f,0.14279418365635588f,3.710455990121872f,-0.16488766484019357f,-0.03542262312773645f,-0.9856760602522f,2.169147286518775f,0f,0f,0f,1f], start_interpolation: 0, interpolation_duration: 1 }
$data merge entity $(bone_left_whisker16) { transformation: [0.25675436557630327f,-0.9087200429717867f,0.3290973704830595f,1.131713648343297f,-0.9634116605715706f,-0.2677423754787394f,0.012328529828429968f,1.5952934301974913f,0.0769101295814713f,-0.3202216480414088f,-0.9442155093480543f,2.066419119649831f,0f,0f,0f,1f], start_interpolation: 0, interpolation_duration: 1 }
$data merge entity $(bone_left_whisker15) { transformation: [-0.8674326473572161f,-0.3731695633890673f,0.3290973704830595f,0.8394633911770474f,-0.3912022579352171f,0.9202221474941021f,0.012328529828429968f,1.4634918882173644f,-0.3074433210938875f,-0.11804946514641816f,-0.9442155093480543f,1.9628371413515975f,0f,0f,0f,1f], start_interpolation: 0, interpolation_duration: 1 }
$data merge entity $(bone_left_whisker14) { transformation: [-0.7047993587878182f,0.628452690815638f,0.3290973704830595f,0.6020065759604488f,0.6686752798398754f,0.7434523370622583f,0.012328529828429968f,1.688777993241541f,-0.23692031146219678f,0.2287484162202009f,-0.9442155093480543f,1.8830153567281036f,0f,0f,0f,1f], start_interpolation: 0, interpolation_duration: 1 }
$data merge entity $(bone_left_whisker13) { transformation: [-0.10089557633941304f,0.9896618950007537f,0.10192848600197313f,0.5680134374476583f,0.9740198101775023f,0.07738056787391706f,0.21283246250817206f,2.016938964443922f,0.20274489403415327f,0.12075421855582055f,-0.9717576481016515f,1.9513229626282822f,0f,0f,0f,1f], start_interpolation: 0, interpolation_duration: 1 }
$data merge entity $(bone_left_whisker12) { transformation: [0.053119332072394235f,0.9955626535114658f,0.07767457430454144f,0.5918756374020542f,0.9045563181628637f,-0.08092339660041684f,0.41860395501511416f,2.423282622993646f,0.42303215460745636f,0.048025064454518304f,-0.9048410851372259f,2.1413569383308504f,0f,0f,0f,1f], start_interpolation: 0, interpolation_duration: 1 }
$data merge entity $(bone_left_whisker11) { transformation: [0.28774267655313496f,0.9559434156019644f,0.058106266936431554f,0.7211350428849078f,0.9476193088242463f,-0.29297032035028253f,0.12722435669835705f,2.848970984379538f,0.1386426977287155f,0.01845474359352233f,-0.9901705028960424f,2.203637837701172f,0f,0f,0f,1f], start_interpolation: 0, interpolation_duration: 1 }
$data merge entity $(bone_left_whisker10) { transformation: [0.07447737663182219f,0.9957448333349922f,-0.05427105358025143f,0.7545916769187342f,0.990036128518254f,-0.08035293969416513f,-0.11563679912161853f,3.293713776487347f,-0.11950558396422067f,-0.045117978336519766f,-0.991807835940106f,2.149953688654745f,0f,0f,0f,1f], start_interpolation: 0, interpolation_duration: 1 }
$data merge entity $(bone_left_whisker1) { transformation: [-0.34512963947455f,0.93824450124626f,-0.02414099909539993f,0.5995529716860262f,0.9277044060038117f,0.34492659537216086f,0.14279418365635588f,3.710455990121872f,0.14230273025238327f,0.026886793898244193f,-0.9894579492209818f,2.2138787432603078f,0f,0f,0f,1f], start_interpolation: 0, interpolation_duration: 1 }
$data merge entity $(bone_upper_left_tooth1) { transformation: [-0.9994489925198002f,-0.015147446821129647f,0.029534153212127257f,0.20123207264297754f,0f,0.8897963326963392f,0.45635784897396714f,3.5855777810957563f,-0.033192037466180914f,0.45610639238553463f,-0.889306048261169f,3.2114320730880497f,0f,0f,0f,1f], start_interpolation: 0, interpolation_duration: 1 }
$data merge entity $(bone_upper_right_tooth1) { transformation: [-0.9994489925198002f,-0.015147446821129647f,0.029534153212127257f,-0.4722247680197784f,0f,0.8897963326963392f,0.45635784897396714f,3.5855777810957563f,-0.033192037466180914f,0.45610639238553463f,-0.889306048261169f,3.189066344717283f,0f,0f,0f,1f], start_interpolation: 0, interpolation_duration: 1 }
$data merge entity $(bone_top_lip1) { transformation: [-0.9994489925198002f,0.00149243719863708f,0.033158467732458355f,-0.10930652902697408f,0f,0.99898862087762f,-0.04496371155755996f,3.6954989100860756f,-0.033192037466180914f,-0.044938936216154135f,-0.9984381706748817f,3.2575263006298076f,0f,0f,0f,1f], start_interpolation: 0, interpolation_duration: 1 }
$data merge entity $(bone_muzzle1) { transformation: [-0.9994489925198002f,-0.015147446821129647f,0.029534153212127257f,-0.09527410371415346f,0f,0.8897963326963392f,0.45635784897396714f,4.101646986795206f,-0.033192037466180914f,0.45610639238553463f,-0.889306048261169f,2.83499444021607f,0f,0f,0f,1f], start_interpolation: 0, interpolation_duration: 1 }
$data merge entity $(bone_jaw_right_tooth1) { transformation: [-0.9994489925198002f,0.0034530349356642854f,0.03301193573375301f,-0.47150396480473616f,0f,0.9945739476640626f,-0.10403202693364504f,3.435190856711396f,-0.033192037466180914f,-0.10397470450862399f,-0.994025929979288f,3.1673621619652286f,0f,0f,0f,1f], start_interpolation: 0, interpolation_duration: 1 }
$data merge entity $(bone_jaw_left_tooth1) { transformation: [-0.9994489925198002f,0.0034530349356642854f,0.03301193573375301f,0.2580742792465828f,0f,0.9945739476640626f,-0.10403202693364504f,3.435190856711396f,-0.033192037466180914f,-0.10397470450862399f,-0.994025929979288f,3.191591701033559f,0f,0f,0f,1f], start_interpolation: 0, interpolation_duration: 1 }
$data merge entity $(bone_tongue1) { transformation: [-0.9994489925198002f,-0.010250865629927634f,0.03156946475620906f,-0.08116776308418984f,0f,0.9511156038063323f,0.30883508252158837f,3.6747134641045784f,-0.033192037466180914f,0.30866491208097113f,-0.9505915319941002f,2.4102369077770573f,0f,0f,0f,1f], start_interpolation: 0, interpolation_duration: 1 }
$data merge entity $(bone_jaw_lips1) { transformation: [-0.9994489925198002f,-0.010250865629927634f,0.03156946475620906f,-0.05208565107108869f,0f,0.9511156038063323f,0.30883508252158837f,3.2744078346976386f,-0.033192037466180914f,0.30866491208097113f,-0.9505915319941002f,3.226283714959534f,0f,0f,0f,1f], start_interpolation: 0, interpolation_duration: 1 }
$data merge entity $(bone_jaw3) { transformation: [-0.9994489925198002f,-0.0023318869053598305f,0.033110023476539074f,-0.02214195214321995f,0f,0.9975291064995515f,0.07025440688104095f,3.2535062739596112f,-0.033192037466180914f,0.07021569617733275f,-0.9969794605001532f,2.32464579182007f,0f,0f,0f,1f], start_interpolation: 0, interpolation_duration: 1 }
$data merge entity $(bone_jaw1) { transformation: [-0.9994489925198002f,-0.02506121516924662f,0.021763429081766518f,-0.0025888713275703384f,0f,0.6556822281229676f,0.7550369631506136f,3.931859795540241f,-0.033192037466180914f,0.7546209321360904f,-0.6553209423106376f,1.735880882712856f,0f,0f,0f,1f], start_interpolation: 0, interpolation_duration: 1 }
$data merge entity $(bone_tear_right1) { transformation: [-0.9994489925198002f,-0.017663877272462106f,0.028101579864124263f,-0.7004835649322568f,0f,0.8466361817275222f,0.5321721298507114f,4.185046847546214f,-0.033192037466180914f,0.5318788990264098f,-0.8461696788583825f,2.787714238640183f,0f,0f,0f,1f], start_interpolation: 0, interpolation_duration: 1 }
$data merge entity $(bone_right_pupil1) { transformation: [-0.9994489925198002f,-0.017663877272462106f,0.028101579864124263f,-0.519160592631041f,0f,0.8466361817275222f,0.5321721298507114f,4.24426880451786f,-0.033192037466180914f,0.5318788990264098f,-0.8461696788583825f,2.91061458837046f,0f,0f,0f,1f], start_interpolation: 0, interpolation_duration: 1 }
$data merge entity $(bone_right_sad_pupil1) { transformation: [-0.9994489925198002f,-0.017663877272462106f,0.028101579864124263f,-0.5188449987165513f,0f,0.8466361817275222f,0.5321721298507114f,4.25024534699177f,-0.033192037466180914f,0.5318788990264098f,-0.8461696788583825f,2.9011117062348433f,0f,0f,0f,1f], start_interpolation: 0, interpolation_duration: 1 }
$data merge entity $(bone_right_happy_pupil1) { transformation: [-0.9994489925198002f,-0.017663877272462106f,0.028101579864124263f,-0.5464094135275264f,0f,0.8466361817275222f,0.5321721298507114f,4.226475348297872f,-0.033192037466180914f,0.5318788990264098f,-0.8461696788583825f,2.8852468805726783f,0f,0f,0f,1f], start_interpolation: 0, interpolation_duration: 1 }
$data merge entity $(bone_eyelid_right1) { transformation: [-0.9994489925198002f,-0.017663877272462106f,0.028101579864124263f,-0.06993826961458953f,0f,0.8466361817275222f,0.5321721298507114f,4.501531864779687f,-0.033192037466180914f,0.5318788990264098f,-0.8461696788583825f,2.4104527069821406f,0f,0f,0f,1f], start_interpolation: 0, interpolation_duration: 1 }
$data merge entity $(bone_eyelid_expressions_right5) { transformation: [-0.9994489925198002f,-0.017663877272462106f,0.028101579864124263f,-0.6499076035503868f,0f,0.8466361817275222f,0.5321721298507114f,4.345326558806872f,-0.033192037466180914f,0.5318788990264098f,-0.8461696788583825f,2.95655744710184f,0f,0f,0f,1f], start_interpolation: 0, interpolation_duration: 1 }
$data merge entity $(bone_eyelid_expressions_right7) { transformation: [-0.9994489925198002f,-0.017663877272462106f,0.028101579864124263f,-0.3131791832190087f,0f,0.8466361817275222f,0.5321721298507114f,4.345326558806872f,-0.033192037466180914f,0.5318788990264098f,-0.8461696788583825f,2.9677403112872236f,0f,0f,0f,1f], start_interpolation: 0, interpolation_duration: 1 }
$data merge entity $(bone_eyelid_expressions_right6) { transformation: [-0.9994489925198002f,-0.017663877272462106f,0.028101579864124263f,-0.42542198999613473f,0f,0.8466361817275222f,0.5321721298507114f,4.345326558806872f,-0.033192037466180914f,0.5318788990264098f,-0.8461696788583825f,2.9640126898920958f,0f,0f,0f,1f], start_interpolation: 0, interpolation_duration: 1 }
$data merge entity $(bone_right_eye1) { transformation: [-0.9994489925198002f,-0.017663877272462106f,0.028101579864124263f,-0.08147814420679181f,0f,0.8466361817275222f,0.5321721298507114f,4.495555322305777f,-0.033192037466180914f,0.5318788990264098f,-0.8461696788583825f,2.4195828269782447f,0f,0f,0f,1f], start_interpolation: 0, interpolation_duration: 1 }
$data merge entity $(bone_tear_left1) { transformation: [-0.9994489925198002f,-0.017663877272462106f,0.028101579864124263f,0.511738748260704f,0f,0.8466361817275222f,0.5321721298507114f,4.185046847546214f,-0.033192037466180914f,0.5318788990264098f,-0.8461696788583825f,2.8279725497075625f,0f,0f,0f,1f], start_interpolation: 0, interpolation_duration: 1 }
$data merge entity $(bone_left_sad_pupil1) { transformation: [-0.9994489925198002f,-0.017663877272462106f,0.028101579864124263f,0.32297605211189373f,0f,0.8466361817275222f,0.5321721298507114f,4.25024534699177f,-0.033192037466180914f,0.5318788990264098f,-0.8461696788583825f,2.9290688666983016f,0f,0f,0f,1f], start_interpolation: 0, interpolation_duration: 1 }
$data merge entity $(bone_left_pupil1) { transformation: [-0.9994489925198002f,-0.017663877272462106f,0.028101579864124263f,0.3226604581974041f,0f,0.8466361817275222f,0.5321721298507114f,4.24426880451786f,-0.033192037466180914f,0.5318788990264098f,-0.8461696788583825f,2.938571748833918f,0f,0f,0f,1f], start_interpolation: 0, interpolation_duration: 1 }
$data merge entity $(bone_eyelid_left1) { transformation: [-0.9994489925198002f,-0.017663877272462106f,0.028101579864124263f,-0.09238683097001474f,0f,0.8466361817275222f,0.5321721298507114f,4.501531864779687f,-0.033192037466180914f,0.5318788990264098f,-0.8461696788583825f,2.4097071827031153f,0f,0f,0f,1f], start_interpolation: 0, interpolation_duration: 1 }
$data merge entity $(bone_left_happy_pupil1) { transformation: [-0.9994489925198002f,-0.017663877272462106f,0.028101579864124263f,0.35153304068948155f,0f,0.8466361817275222f,0.5321721298507114f,4.226475348297872f,-0.033192037466180914f,0.5318788990264098f,-0.8461696788583825f,2.9150678517337f,0f,0f,0f,1f], start_interpolation: 0, interpolation_duration: 1 }
$data merge entity $(bone_eyelid_expressions_left5) { transformation: [-0.9994489925198002f,-0.017663877272462106f,0.028101579864124263f,0.45007190286544807f,0f,0.8466361817275222f,0.5321721298507114f,4.345326558806872f,-0.033192037466180914f,0.5318788990264098f,-0.8461696788583825f,2.993088136774092f,0f,0f,0f,1f], start_interpolation: 0, interpolation_duration: 1 }
$data merge entity $(bone_eyelid_expressions_left7) { transformation: [-0.9994489925198002f,-0.017663877272462106f,0.028101579864124263f,0.11334348253407003f,0f,0.8466361817275222f,0.5321721298507114f,4.345326558806872f,-0.033192037466180914f,0.5318788990264098f,-0.8461696788583825f,2.9819052725887087f,0f,0f,0f,1f], start_interpolation: 0, interpolation_duration: 1 }
$data merge entity $(bone_eyelid_expressions_left6) { transformation: [-0.9994489925198002f,-0.017663877272462106f,0.028101579864124263f,0.22558628931119606f,0f,0.8466361817275222f,0.5321721298507114f,4.345326558806872f,-0.033192037466180914f,0.5318788990264098f,-0.8461696788583825f,2.9856328939838366f,0f,0f,0f,1f], start_interpolation: 0, interpolation_duration: 1 }
$data merge entity $(bone_left_eye1) { transformation: [-0.9994489925198002f,-0.017663877272462106f,0.028101579864124263f,-0.08147814420679181f,0f,0.8466361817275222f,0.5321721298507114f,4.495555322305777f,-0.033192037466180914f,0.5318788990264098f,-0.8461696788583825f,2.4195828269782447f,0f,0f,0f,1f], start_interpolation: 0, interpolation_duration: 1 }
$data merge entity $(bone_crest_middle5) { transformation: [-0.9994489925198002f,-0.011162877754519473f,0.03125862299260817f,-0.11935250402119411f,0f,0.9417506540373521f,0.33631191715462583f,5.415027642471022f,-0.033192037466180914f,0.3361266067725933f,-0.9412317423824944f,3.56002172885058f,0f,0f,0f,1f], start_interpolation: 0, interpolation_duration: 1 }
$data merge entity $(bone_crest_middle4) { transformation: [-0.9994489925198002f,-0.011162877754519473f,0.03125862299260817f,-0.11183064303426204f,0f,0.9417506540373521f,0.33631191715462583f,4.78044956504351f,-0.033192037466180914f,0.3361266067725933f,-0.9412317423824944f,3.3335301676463915f,0f,0f,0f,1f], start_interpolation: 0, interpolation_duration: 1 }
$data merge entity $(bone_crest_middle1) { transformation: [-0.9994489925198002f,-0.011162877754519473f,0.03125862299260817f,-0.10882212594277951f,0f,0.9417506540373521f,0.33631191715462583f,4.276188832541848f,-0.033192037466180914f,0.3361266067725933f,-0.9412317423824944f,3.2429403875184173f,0f,0f,0f,1f], start_interpolation: 0, interpolation_duration: 1 }
$data merge entity $(bone_crest_left5) { transformation: [-0.5221059892520331f,-0.8414569828477356f,0.1391239806932707f,-1.2146978764439589f,-0.714045713384676f,0.5204679812026687f,0.4682433125414479f,4.819486463060429f,-0.46641618237806176f,0.1451317558620593f,-0.8725782017998561f,3.2658971915276966f,0f,0f,0f,1f], start_interpolation: 0, interpolation_duration: 1 }
$data merge entity $(bone_crest_left4) { transformation: [-0.5221059892520331f,-0.8414569828477356f,0.1391239806932707f,-0.7422000589269198f,-0.714045713384676f,0.5204679812026687f,0.4682433125414479f,4.527231493146821f,-0.46641618237806176f,0.1451317558620593f,-0.8725782017998561f,3.1844023090856224f,0f,0f,0f,1f], start_interpolation: 0, interpolation_duration: 1 }
$data merge entity $(bone_crest_left1) { transformation: [-0.5221059892520331f,-0.8414569828477356f,0.1391239806932707f,-0.2146403220704206f,-0.714045713384676f,0.5204679812026687f,0.4682433125414479f,4.232043985686318f,-0.46641618237806176f,0.1451317558620593f,-0.8725782017998561f,3.0457606272631184f,0f,0f,0f,1f], start_interpolation: 0, interpolation_duration: 1 }
$data merge entity $(bone_crest_center1) { transformation: [-0.9994489925198002f,-0.017663877272462106f,0.028101579864124263f,-0.10190158758696997f,0f,0.8466361817275222f,0.5321721298507114f,4.20827398699242f,-0.033192037466180914f,0.5318788990264098f,-0.8461696788583825f,3.034555316416474f,0f,0f,0f,1f], start_interpolation: 0, interpolation_duration: 1 }
$data merge entity $(bone_crest_right5) { transformation: [-0.5519011152349994f,0.8299737687195479f,-0.08092405229494032f,0.9930937863430231f,0.714045713384676f,0.5204679812026687f,0.4682433125414479f,4.819486463060429f,0.43074804491643753f,0.20064053374203605f,-0.8798860710457791f,3.339218695813765f,0f,0f,0f,1f], start_interpolation: 0, interpolation_duration: 1 }
$data merge entity $(bone_crest_right4) { transformation: [-0.5519011152349994f,0.8299737687195479f,-0.08092405229494032f,0.5270440626967926f,0.714045713384676f,0.5204679812026687f,0.4682433125414479f,4.527231493146821f,0.43074804491643753f,0.20064053374203605f,-0.8798860710457791f,3.2265543336051024f,0f,0f,0f,1f], start_interpolation: 0, interpolation_duration: 1 }
$data merge entity $(bone_crest_right1) { transformation: [-0.5519011152349994f,0.8299737687195479f,-0.08092405229494032f,0.009845291483831353f,0.714045713384676f,0.5204679812026687f,0.4682433125414479f,4.232043985686318f,0.43074804491643753f,0.20064053374203605f,-0.8798860710457791f,3.053215870053374f,0f,0f,0f,1f], start_interpolation: 0, interpolation_duration: 1 }
$data merge entity $(bone_head1) { transformation: [-1.0475995299198422f,-0.018514871359807276f,0.029455432019036484f,-0.06312861080129849f,0f,0.8874246436076237f,0.5578106308982064f,4.77672455246324f,-0.034791133021192217f,0.5575032730680465f,-0.8869356659908822f,1.8670580627478293f,0f,0f,0f,1f], start_interpolation: 0, interpolation_duration: 1 }
$data merge entity $(bone_neck10) { transformation: [-1.4965707570283466f,-0.01776012091916547f,0.04642013568017428f,-0.024726227853424668f,0f,1.3985322753226999f,0.5350717302986027f,4.738403477704185f,-0.04970161860170319f,0.5347769017727648f,-1.397761673577696f,0.7107197997918913f,0f,0f,0f,1f], start_interpolation: 0, interpolation_duration: 1 }
$data merge entity $(bone_neck9) { transformation: [-1.1448766291266859f,-0.020234109414646543f,0.032190579277947044f,-0.00051562660328432f,0f,0.9698283605140469f,0.6096073323387545f,3.4724650117383034f,-0.038021738230302964f,0.6092714341386514f,-0.9692939778328937f,-0.018288205589091167f,0f,0f,0f,1f], start_interpolation: 0, interpolation_duration: 1 }
$data merge entity $(bone_neck8) { transformation: [-1.0625652374901262f,0.006338480762546348f,0.03471422094895828f,-0.006337605015936831f,0f,1.0458598989088363f,-0.19096389515119627f,2.698139031904942f,-0.03528814920720927f,-0.1908586726165199f,-1.0452836222812967f,0.15701800949114536f,0f,0f,0f,1f], start_interpolation: 0, interpolation_duration: 1 }
$data merge entity $(bone_neck7) { transformation: [-1.0550823837049845f,0.01716589132128556f,0.030546826751035858f,-0.02251442225890487f,0f,0.9203058649882451f,-0.517168954716195f,1.8763501006160344f,-0.03503964111420075f,-0.5168839907536193f,-0.919798769572565f,0.6441198848169576f,0f,0f,0f,1f], start_interpolation: 0, interpolation_duration: 1 }
$data merge entity $(bone_neck6) { transformation: [-1.0490961006768709f,0.012619747521685327f,0.03247500163027527f,-0.03338969947259119f,0f,0.9783973539847857f,-0.38020406353612624f,1.0085596095571945f,-0.034840834639793934f,-0.3799945682531155f,-0.9778582497241324f,0.971586520924095f,0f,0f,0f,1f], start_interpolation: 0, interpolation_duration: 1 }
$data merge entity $(bone_neck_spine6) { transformation: [-1.2720076593408343f,0.04290871591911193f,-0.011862764986936728f,0.11304826218857959f,-0.019977344534912886f,-0.24707523530809192f,1.2484150360835509f,0.3324994274074812f,0.03978427830557853f,1.2478373446536744f,0.24759753836433915f,-1.534393027272467f,0f,0f,0f,1f], start_interpolation: 0, interpolation_duration: 1 }
$data merge entity $(bone_neck_spine7) { transformation: [-0.9675655879839978f,0.20866723060843867f,-0.14238967595786334f,-0.34219013681868876f,-0.07541251674819205f,0.2993660241574492f,0.9511534765209371f,0.7971148266667831f,0.24110119300178556f,0.9310413365959463f,-0.27392014216327615f,-5.196387079561532f,0f,0f,0f,1f], start_interpolation: 0, interpolation_duration: 1 }
$data merge entity $(bone_tail6) { transformation: [-1.6047570392974104f,0.310766623183821f,-0.5417387638589859f,-1.3242483157799592f,0.22239917506978646f,1.6801238531372527f,0.30499898782559004f,-2.0353214759629927f,0.5836055082680556f,0.21426591320431992f,-1.6058632154343129f,-7.252166463820053f,0f,0f,0f,1f], start_interpolation: 0, interpolation_duration: 1 }
$data merge entity $(bone_tail5) { transformation: [-1.3256688585500347f,0.2567202539344608f,-0.44752332666611877f,-1.1621092080318787f,0.18372105766634533f,1.3879284004177304f,0.25195568559505266f,-1.1587351178044263f,0.48210889813448066f,0.17700227612530775f,-1.3265826562283454f,-7.140375552583017f,0f,0f,0f,1f], start_interpolation: 0, interpolation_duration: 1 }
$data merge entity $(bone_tail4) { transformation: [-0.9768086326158149f,0.18916229237276055f,-0.32975403017503485f,-1.0810396541578384f,0.1353734109120439f,1.0226840845183276f,0.18565155780688086f,-0.7204419387251431f,0.35523813546751204f,0.13042272977654254f,-0.9774819572208859f,-7.084480096964499f,0f,0f,0f,1f], start_interpolation: 0, interpolation_duration: 1 }
$data merge entity $(bone_segment18) { transformation: [-0.9319118383216719f,0.22980558862733627f,-0.28058816267185194f,-0.9519984300751057f,0.12915127898192513f,0.9331974961403484f,0.33535411185002123f,-0.19642967282602164f,0.3389104199242848f,0.27628214678662694f,-0.8993374798337483f,-6.929341196180992f,0f,0f,0f,1f], start_interpolation: 0, interpolation_duration: 1 }
$data merge entity $(bone_segment17) { transformation: [-0.902215488524445f,0.3591933701895764f,-0.23872020249331855f,-0.6897942853322261f,-0.0524567690980239f,0.4580065879799128f,0.8873997141890425f,0.1379061909581436f,0.4280835194706678f,0.8131482571947457f,-0.39437851384013545f,-6.335758850230725f,0f,0f,0f,1f], start_interpolation: 0, interpolation_duration: 1 }
$data merge entity $(bone_segment16) { transformation: [-0.932626245516356f,0.33332775582598184f,-0.13820598167257606f,-0.3716029949807636f,-0.06980605518146978f,0.2091117397718478f,0.975397044771816f,0.33752213395324265f,0.3540274012475127f,0.919328498136333f,-0.17175480104010749f,-5.45817720283984f,0f,0f,0f,1f], start_interpolation: 0, interpolation_duration: 1 }
$data merge entity $(bone_segment15) { transformation: [-0.9675655879839978f,0.2384102271087792f,-0.08353081203436824f,-0.09046984143208109f,-0.07541251674819205f,0.042988739708065465f,0.9962253362447752f,0.38821442223204056f,0.24110119300178556f,0.9702126219897639f,-0.02361530996754413f,-4.314103236968121f,0f,0f,0f,1f], start_interpolation: 0, interpolation_duration: 1 }
$data merge entity $(bone_segment14) { transformation: [-1.0387159262751784f,0.1379594597355655f,-0.02667601913594993f,0.06473455077043008f,-0.05404549653099486f,-0.20856712914818287f,1.0257943434084509f,0.15357640194033484f,0.12970546184409082f,1.0179106729637566f,0.21379792576041307f,-3.168953729883895f,0f,0f,0f,1f], start_interpolation: 0, interpolation_duration: 1 }
$data merge entity $(bone_segment13) { transformation: [-1.02508852546879f,0.0357141138673453f,-0.00341010939417877f,0.10784124080440742f,-0.01609938941931215f,-0.37079179206845925f,0.9562153880889877f,-0.3191710980471897f,0.032061447810966225f,0.9556838184402403f,0.3711254701026784f,-2.028106085038806f,0f,0f,0f,1f], start_interpolation: 0, interpolation_duration: 1 }
$data merge entity $(bone_segment12) { transformation: [-1.1146294278606281f,-0.04194731073619901f,-0.017763526135485184f,0.057166637230475714f,-0.018046232953502887f,0.007189724178246361f,1.1153907488114219f,-0.31048552521440886f,-0.04182646548482443f,1.114747779625471f,-0.007862302258581009f,-0.6814309150214583f,0f,0f,0f,1f], start_interpolation: 0, interpolation_duration: 1 }
$data merge entity $(bone_segment11) { transformation: [-1.188846030587788f,-0.060737172558095805f,0.008885511052039574f,-0.011727205482495145f,-0.026474295482200004f,0.6628079055273495f,0.9884875481919416f,0.45552440788189896f,-0.05538111695992586f,0.9869749323673036f,-0.6632769072146074f,0.45923765858139676f,0f,0f,0f,1f], start_interpolation: 0, interpolation_duration: 1 }
$data merge entity $(bone_segment10) { transformation: [-1.0475995299198426f,-0.017904697230247804f,0.029830265737861753f,-0.0346979779480859f,0f,0.8987175242934562f,0.5394274831272635f,1.37552336666083f,-0.03479113302119223f,0.5391302545490352f,-0.898222324214984f,1.010980234118134f,0f,0f,0f,1f], start_interpolation: 0, interpolation_duration: 1 }