# This file was generated by Animated Java via MC-Build. It is not recommended to edit this file directly.
$data merge entity $(bone_neck_spine5) { transformation: [-1.366476604342262f,-0.0128179009485407f,0.042178802220607686f,0.10527719535036989f,0f,1.308117681252105f,0.3975296116666881f,3.85817851027409f,-0.0440834429405388f,0.3973229084348661f,-1.3074375000923057f,-0.2910688194733706f,0f,0f,0f,1f], start_interpolation: 0, interpolation_duration: 1 }
$data merge entity $(bone_neck_spine2) { transformation: [-1.3014062898497731f,-0.009399385750478068f,0.040918543857356944f,-0.04643239580228968f,0f,1.2690324971994227f,0.29150905302621705f,4.860538181632327f,-0.0419842313719417f,0.29135747724016875f,-1.2683726391391434f,1.3828749050923084f,0f,0f,0f,1f], start_interpolation: 0, interpolation_duration: 1 }
$data merge entity $(bone_scale_neck_left1) { transformation: [-1.3869418320045734f,0.33715520455847725f,0.11907199955365809f,0.6433888797926949f,0.3473710825419675f,1.1574301223755135f,0.7688616658633746f,4.102887899875734f,0.08476499308203063f,0.7733959517994083f,-1.2025527082381329f,1.2008608956425526f,0f,0f,0f,1f], start_interpolation: 0, interpolation_duration: 1 }
$data merge entity $(bone_scale_neck_right1) { transformation: [-1.3785944488894786f,-0.3863027995786602f,-0.04131477860985927f,-0.7230877245495669f,-0.3473710825419675f,1.1574301223755135f,0.7688616658633746f,4.102887899875734f,-0.1739830305159499f,0.7500567160277087f,-1.2077268922388837f,1.156777452702014f,0f,0f,0f,1f], start_interpolation: 0, interpolation_duration: 1 }
$data merge entity $(bone_blush_right1) { transformation: [-0.9994800306046258f,-0.01704069038029997f,0.027373039545127254f,-0.6472193931169544f,0f,0.8489372654849691f,0.5284936321952266f,3.4033741569266476f,-0.03224388969365123f,0.5282188316808347f,-0.8484958440883241f,2.1365907778924695f,0f,0f,0f,1f], start_interpolation: 0, interpolation_duration: 1 }
$data merge entity $(bone_blush_left1) { transformation: [-0.9994800306046258f,-0.01704069038029997f,0.027373039545127254f,0.5045251734000947f,0f,0.8489372654849691f,0.5284936321952266f,3.4033741569266476f,-0.03224388969365123f,0.5282188316808347f,-0.8484958440883241f,2.173746822656638f,0f,0f,0f,1f], start_interpolation: 0, interpolation_duration: 1 }
$data merge entity $(bone_left_head_scales) { transformation: [-0.899189077741594f,-0.01704069038029997f,-0.43722833547425144f,0.5128248954700612f,-0.24403120176969195f,0.8489372654849691f,0.4687795770228726f,4.122887822779733f,0.36319109988140097f,0.5282188316808347f,-0.7675135769643898f,2.219343633260706f,0f,0f,0f,1f], start_interpolation: 0, interpolation_duration: 1 }
$data merge entity $(bone_left_head_scales2) { transformation: [-0.8344266407701936f,-0.01704069038029997f,-0.5508555128564413f,0.5221282122400522f,-0.3031314941887585f,0.8489372654849691f,0.4329166392064344f,3.3822395247160033f,0.46026457435247053f,0.5282188316808347f,-0.713541440600245f,1.9309640544214295f,0f,0f,0f,1f], start_interpolation: 0, interpolation_duration: 1 }
$data merge entity $(bone_left_head_scales1) { transformation: [-0.9994800306046258f,-0.01704069038029997f,0.027373039545127254f,0.5144890253900123f,0f,0.8489372654849691f,0.5284936321952266f,4.039983792947217f,-0.03224388969365123f,0.5282188316808347f,-0.8484958440883241f,2.1677597629793746f,0f,0f,0f,1f], start_interpolation: 0, interpolation_duration: 1 }
$data merge entity $(bone_right_head_scales) { transformation: [-0.8739101516416133f,-0.01704069038029997f,0.48578870070133895f,-0.6584407653947346f,0.24403120176969195f,0.8489372654849691f,0.4687795770228726f,4.122887822779733f,-0.42039245880554543f,0.5282188316808347f,-0.737736434261696f,2.1815578250259584f,0f,0f,0f,1f], start_interpolation: 0, interpolation_duration: 1 }
$data merge entity $(bone_right_head_scales2) { transformation: [-0.8030255798214129f,-0.01704069038029997f,0.59570087546003f,-0.6491374486247435f,0.3031314941887585f,0.8489372654849691f,0.4329166392064344f,3.3822395247160033f,-0.5130898706692368f,0.5282188316808347f,-0.6765527699110837f,1.893178246186682f,0f,0f,0f,1f], start_interpolation: 0, interpolation_duration: 1 }
$data merge entity $(bone_right_head_scales1) { transformation: [-0.9994800306046258f,-0.01704069038029997f,0.027373039545127254f,-0.6567766354747835f,0f,0.8489372654849691f,0.5284936321952266f,4.039983792947217f,-0.03224388969365123f,0.5282188316808347f,-0.8484958440883241f,2.129973954744627f,0f,0f,0f,1f], start_interpolation: 0, interpolation_duration: 1 }
$data merge entity $(bone_head_left_fin1) { transformation: [-0.7162744082939158f,0.013726011895358136f,-0.6976837167518313f,0.5227343600053478f,-0.14185536508035032f,0.9760663157531316f,0.16483811042968455f,3.7678018109157136f,0.6832481448354775f,0.217039498362756f,-0.6971842143431833f,1.9121749879420298f,0f,0f,0f,1f], start_interpolation: 0, interpolation_duration: 1 }
$data merge entity $(bone_head_right_fin1) { transformation: [-0.6707467873470291f,-0.02768658848463961f,0.7411694813480394f,-0.648531300859448f,0.14185536508035032f,0.9760663157531316f,0.16483811042968455f,3.7678018109157136f,-0.7279943699380923f,0.21570350036610558f,-0.650765854411746f,1.8743891797072822f,0f,0f,0f,1f], start_interpolation: 0, interpolation_duration: 1 }
$data merge entity $(bone_right_whisker16) { transformation: [0.2613694282091743f,0.9276797746615593f,-0.2666388150316591f,-1.1016068143282325f,0.9631060458130937f,-0.2689976345718888f,0.00818639804773294f,1.3922009500305623f,-0.06413085463235704f,-0.2589411289822588f,-0.9637617574927513f,1.7069951583519496f,0f,0f,0f,1f], start_interpolation: 0, interpolation_duration: 1 }
$data merge entity $(bone_right_whisker15) { transformation: [-0.8856277893617417f,0.38021988510432553f,-0.2666388150316591f,-0.8421455479136597f,0.3924068873821026f,0.9197553031225718f,0.00818639804773294f,1.277237994742837f,0.24835509546881435f,-0.09738080585597664f,-0.9637617574927513f,1.6342348764763204f,0f,0f,0f,1f], start_interpolation: 0, interpolation_duration: 1 }
$data merge entity $(bone_right_whisker14) { transformation: [-0.718878719545548f,-0.6419634949925621f,-0.2666388150316591f,-0.6315365480467999f,-0.6677430767477388f,0.7443468051536646f,0.00818639804773294f,1.472865849258776f,0.19321638139665157f,0.1839312500758557f,-0.9637617574927513f,1.57762851473902f,0f,0f,0f,1f], start_interpolation: 0, interpolation_duration: 1 }
$data merge entity $(bone_right_whisker13) { transformation: [-0.08755619852449706f,-0.9954296796914109f,-0.03812695751556222f,-0.6058853180103262f,-0.9749043818454215f,0.0777609651119746f,0.20860172234056712f,1.7584823673775518f,-0.20468355663935398f,0.055434511762158536f,-0.9772572110489416f,1.637594400473206f,0f,0f,0f,1f], start_interpolation: 0, interpolation_duration: 1 }
$data merge entity $(bone_right_whisker12) { transformation: [0.08054561303285425f,-0.9965834222641663f,-0.0182725665795447f,-0.6373484481012849f,-0.9063746453869035f,-0.08085775127116032f,0.41466495663262454f,2.112534963231811f,-0.4147257002175376f,-0.016837652081373253f,-0.9097906830977441f,1.7995966271206816f,0f,0f,0f,1f], start_interpolation: 0, interpolation_duration: 1 }
$data merge entity $(bone_right_whisker11) { transformation: [0.29606138222678957f,-0.9551447554762611f,0.006793676483018901f,-0.7529974255336246f,-0.9481701770676889f,-0.2930252057337054f,0.12292088563034156f,2.4829139386488768f,-0.11541652079919318f,-0.04283368873810467f,-0.9923932193620111f,1.8446812055578665f,0f,0f,0f,1f], start_interpolation: 0, interpolation_duration: 1 }
$data merge entity $(bone_right_whisker10) { transformation: [0.06636368004389176f,-0.9906735215161755f,0.1190035114514345f,-0.7789207380507698f,-0.9894978434083026f,-0.08069124367133676f,-0.1199289001245806f,2.8694365337302448f,0.12841292715825237f,-0.10979479478332616f,-0.9856242809393124f,1.794519905886674f,0f,0f,0f,1f], start_interpolation: 0, interpolation_duration: 1 }
$data merge entity $(bone_right_whisker1) { transformation: [-0.3352138498800989f,-0.9379459500776705f,0.08882043448136678f,-0.6479778279413562f,-0.9283624783422746f,0.3449048201636988f,0.13850550109666f,3.232078126832696f,-0.1605452697987479f,-0.0360285964303757f,-0.9863706993744819f,1.85723290190181f,0f,0f,0f,1f], start_interpolation: 0, interpolation_duration: 1 }
$data merge entity $(bone_left_whisker16) { transformation: [0.2566924471362127f,-0.9090609602544116f,0.3282029221755196f,0.9856570325838951f,-0.9631060458130937f,-0.2689976345718888f,0.00818639804773294f,1.3922009500305623f,0.08084387485449962f,-0.31819560514887074f,-0.9445717679257909f,1.7743316765219699f,0f,0f,0f,1f], start_interpolation: 0, interpolation_duration: 1 }
$data merge entity $(bone_left_whisker15) { transformation: [-0.8677787300234414f,-0.37315267330457835f,0.3282029221755196f,0.73142498277234f,-0.3924068873821026f,0.9197553031225718f,0.00818639804773294f,1.277237994742837f,-0.3049211544875057f,-0.12168510501927812f,-0.9445717679257909f,1.6849993070432085f,0f,0f,0f,1f], start_interpolation: 0, interpolation_duration: 1 }
$data merge entity $(bone_left_whisker14) { transformation: [-0.7049303120275408f,0.6287734862891438f,0.3282029221755196f,0.5249024304205214f,0.6677430767477388f,0.7443468051536646f,0.00818639804773294f,1.472865849258776f,-0.23914940652282118f,0.22492606918125002f,-0.9445717679257909f,1.6149360043509757f,0f,0f,0f,1f], start_interpolation: 0, interpolation_duration: 1 }
$data merge entity $(bone_left_whisker13) { transformation: [-0.10056686435783589f,0.9897868563285563f,0.10103605709085581f,0.49543948187818665f,0.9749043818454215f,0.0777609651119746f,0.20860172234056712f,1.7584823673775518f,0.19861458166969864f,0.1194789158976942f,-0.9727677197584644f,1.6731238700745203f,0f,0f,0f,1f], start_interpolation: 0, interpolation_duration: 1 }
$data merge entity $(bone_left_whisker12) { transformation: [0.053647298556093924f,0.995596447833187f,0.0768744458163686f,0.5163954578766609f,0.9063746453869035f,-0.08085775127116032f,0.41466495663262454f,2.112534963231811f,0.4190548526832716f,0.04743139383690565f,-0.9067211772762838f,1.8368171719039232f,0f,0f,0f,1f], start_interpolation: 0, interpolation_duration: 1 }
$data merge entity $(bone_left_whisker11) { transformation: [0.28800668586422945f,0.9559195009782459f,0.05718440825089218f,0.6288980695423755f,0.9481701770676889f,-0.2930252057337054f,0.12292088563034156f,2.4829139386488768f,0.13425894464403793f,0.018818513602868795f,-0.9907675808830484f,1.8892620721555005f,0f,0f,0f,1f], start_interpolation: 0, interpolation_duration: 1 }
$data merge entity $(bone_left_whisker10) { transformation: [0.07450244621574567f,0.9956903184622229f,-0.05522839150715364f,0.6580005875954011f,0.9894978434083026f,-0.08069124367133676f,-0.1199289001245806f,2.8694365337302448f,-0.1238684923545475f,-0.04571337785999285f,-0.9912451178626006f,1.8408759423295054f,0f,0f,0f,1f], start_interpolation: 0, interpolation_duration: 1 }
$data merge entity $(bone_left_whisker1) { transformation: [-0.34486465196022137f,0.9383178405840827f,-0.02505996548240993f,0.5232878329234396f,0.9283624783422746f,0.3449048201636988f,0.13850550109666f,3.232078126832696f,0.1386054855860533f,0.02450091976785368f,-0.9900445567225666f,1.8950187101365574f,0f,0f,0f,1f], start_interpolation: 0, interpolation_duration: 1 }
$data merge entity $(bone_upper_left_tooth1) { transformation: [-0.9994800306046258f,-0.014590127815861257f,0.028754070892539372f,0.17772996369885266f,0f,0.8917680579400135f,0.4524927964486254f,3.1273009552933373f,-0.03224388969365123f,0.4522575140428447f,-0.8913043658421123f,2.763247232633074f,0f,0f,0f,1f], start_interpolation: 0, interpolation_duration: 1 }
$data merge entity $(bone_upper_right_tooth1) { transformation: [-0.9994800306046258f,-0.014590127815861257f,0.028754070892539372f,-0.40790286673354526f,0f,0.8917680579400135f,0.4524927964486254f,3.1273009552933373f,-0.03224388969365123f,0.4522575140428447f,-0.8913043658421123f,2.7443543285157004f,0f,0f,0f,1f], start_interpolation: 0, interpolation_duration: 1 }
$data merge entity $(bone_top_lip1) { transformation: [-0.9994800306046258f,0.0016742112130673798f,0.03220039501916689f,-0.0922520701316229f,0f,0.9986510723458744f,-0.051923363743457684f,3.2230963521423623f,-0.03224388969365123f,-0.051896365183406235f,-0.9981318043515968f,2.8031703451301477f,0f,0f,0f,1f], start_interpolation: 0, interpolation_duration: 1 }
$data merge entity $(bone_muzzle1) { transformation: [-0.9994800306046258f,-0.014590127815861257f,0.028754070892539372f,-0.08034922220790172f,0f,0.8917680579400135f,0.4524927964486254f,3.5746701870205992f,-0.03224388969365123f,0.4522575140428447f,-0.8913043658421123f,2.434211794529924f,0f,0f,0f,1f], start_interpolation: 0, interpolation_duration: 1 }
$data merge entity $(bone_jaw_right_tooth1) { transformation: [-0.9994800306046258f,0.003363602136759445f,0.03206796849259297f,-0.4072562417007039f,0f,0.9945440453143312f,-0.10431750538526786f,2.991349260137327f,-0.03224388969365123f,-0.10426326347506583f,-0.994026912848416f,2.724310567860446f,0f,0f,0f,1f], start_interpolation: 0, interpolation_duration: 1 }
$data merge entity $(bone_jaw_left_tooth1) { transformation: [-0.9994800306046258f,0.003363602136759445f,0.03206796849259297f,0.22717932460106052f,0f,0.9945440453143312f,-0.10431750538526786f,2.991349260137327f,-0.03224388969365123f,-0.10426326347506583f,-0.994026912848416f,2.7447778806542678f,0f,0f,0f,1f], start_interpolation: 0, interpolation_duration: 1 }
$data merge entity $(bone_tongue1) { transformation: [-0.9994800306046258f,-0.010156135542807768f,0.030602636053328237f,-0.0685325220596826f,0f,0.9490987701571824f,0.31497860956916407f,3.204214149285058f,-0.03224388969365123f,0.3148148303319905f,-0.9486052678435133f,2.0679236097606655f,0f,0f,0f,1f], start_interpolation: 0, interpolation_duration: 1 }
$data merge entity $(bone_jaw_lips1) { transformation: [-0.9994800306046258f,-0.010156135542807768f,0.030602636053328237f,-0.042497517152428485f,0f,0.9490987701571824f,0.31497860956916407f,2.8515491663633776f,-0.03224388969365123f,0.3148148303319905f,-0.9486052678435133f,2.7752408011786924f,0f,0f,0f,1f], start_interpolation: 0, interpolation_duration: 1 }
$data merge entity $(bone_jaw3) { transformation: [-0.9994800306046258f,-0.002256042827890178f,0.03216486737630164f,-0.017203476297871088f,0f,0.9975492312465901f,0.06996807300002605f,2.8331487238250697f,-0.03224388969365123f,0.06993169174341263f,-0.9970305361759628f,1.9911887228587046f,0f,0f,0f,1f], start_interpolation: 0, interpolation_duration: 1 }
$data merge entity $(bone_jaw1) { transformation: [-0.9994800306046258f,-0.024339259019997266f,0.02114873265550042f,-0.0006810289107613832f,0f,0.6558989270970175f,0.7548487248667652f,3.42287429012723f,-0.03224388969365123f,0.7544562266316971f,-0.6555578797284682f,1.4790341293208389f,0f,0f,0f,1f], start_interpolation: 0, interpolation_duration: 1 }
$data merge entity $(bone_tear_right1) { transformation: [-0.9994800306046258f,-0.01704069038029997f,0.027373039545127254f,-0.6066469455211881f,0f,0.8489372654849691f,0.5284936321952266f,3.647088625698297f,-0.03224388969365123f,0.5282188316808347f,-0.8484958440883241f,2.393283562600403f,0f,0f,0f,1f], start_interpolation: 0, interpolation_duration: 1 }
$data merge entity $(bone_right_pupil1) { transformation: [-0.9994800306046258f,-0.01704069038029997f,0.027373039545127254f,-0.44886624844558665f,0f,0.8489372654849691f,0.5284936321952266f,3.6990262317693743f,-0.03224388969365123f,0.5282188316808347f,-0.8484958440883241f,2.499779524802347f,0f,0f,0f,1f], start_interpolation: 0, interpolation_duration: 1 }
$data merge entity $(bone_right_sad_pupil1) { transformation: [-0.9994800306046258f,-0.01704069038029997f,0.027373039545127254f,-0.4485989336062788f,0f,0.8489372654849691f,0.5284936321952266f,3.704187302396281f,-0.03224388969365123f,0.5282188316808347f,-0.8484958440883241f,2.4914934325749223f,0f,0f,0f,1f], start_interpolation: 0, interpolation_duration: 1 }
$data merge entity $(bone_right_happy_pupil1) { transformation: [-0.9994800306046258f,-0.01704069038029997f,0.027373039545127254f,-0.4725839620486805f,0f,0.8489372654849691f,0.5284936321952266f,3.683461560231047f,-0.03224388969365123f,0.5282188316808347f,-0.8484958440883241f,2.477810435810966f,0f,0f,0f,1f], start_interpolation: 0, interpolation_duration: 1 }
$data merge entity $(bone_eyelid_right1) { transformation: [-0.9994800306046258f,-0.01704069038029997f,0.027373039545127254f,-0.05861974814927753f,0f,0.8489372654849691f,0.5284936321952266f,3.920788818825348f,-0.03224388969365123f,0.5282188316808347f,-0.8484958440883241f,2.063519842947868f,0f,0f,0f,1f], start_interpolation: 0, interpolation_duration: 1 }
$data merge entity $(bone_eyelid_expressions_right5) { transformation: [-0.9994800306046258f,-0.01704069038029997f,0.027373039545127254f,-0.5625090436882634f,0f,0.8489372654849691f,0.5284936321952266f,3.7870913322287976f,-0.03224388969365123f,0.5282188316808347f,-0.8484958440883241f,2.539456172976639f,0f,0f,0f,1f], start_interpolation: 0, interpolation_duration: 1 }
$data merge entity $(bone_eyelid_expressions_right7) { transformation: [-0.9994800306046258f,-0.01704069038029997f,0.027373039545127254f,-0.26969262847206443f,0f,0.8489372654849691f,0.5284936321952266f,3.7870913322287976f,-0.03224388969365123f,0.5282188316808347f,-0.8484958440883241f,2.548902625035326f,0f,0f,0f,1f], start_interpolation: 0, interpolation_duration: 1 }
$data merge entity $(bone_eyelid_expressions_right6) { transformation: [-0.9994800306046258f,-0.01704069038029997f,0.027373039545127254f,-0.3672981002107974f,0f,0.8489372654849691f,0.5284936321952266f,3.7870913322287976f,-0.03224388969365123f,0.5282188316808347f,-0.8484958440883241f,2.5457538076824306f,0f,0f,0f,1f], start_interpolation: 0, interpolation_duration: 1 }
$data merge entity $(bone_right_eye1) { transformation: [-0.9994800306046258f,-0.01704069038029997f,0.027373039545127254f,-0.06864761016245871f,0f,0.8489372654849691f,0.5284936321952266f,3.9156277481984416f,-0.03224388969365123f,0.5282188316808347f,-0.8484958440883241f,2.0714910534400035f,0f,0f,0f,1f], start_interpolation: 0, interpolation_duration: 1 }
$data merge entity $(bone_tear_left1) { transformation: [-0.9994800306046258f,-0.01704069038029997f,0.027373039545127254f,0.4474921492571281f,0f,0.8489372654849691f,0.5284936321952266f,3.647088625698297f,-0.03224388969365123f,0.5282188316808347f,-0.8484958440883241f,2.427290790011676f,0f,0f,0f,1f], start_interpolation: 0, interpolation_duration: 1 }
$data merge entity $(bone_left_sad_pupil1) { transformation: [-0.9994800306046258f,-0.01704069038029997f,0.027373039545127254f,0.2834421044342186f,0f,0.8489372654849691f,0.5284936321952266f,3.704187302396281f,-0.03224388969365123f,0.5282188316808347f,-0.8484958440883241f,2.5151095627216393f,0f,0f,0f,1f], start_interpolation: 0, interpolation_duration: 1 }
$data merge entity $(bone_left_pupil1) { transformation: [-0.9994800306046258f,-0.01704069038029997f,0.027373039545127254f,0.2831747895949107f,0f,0.8489372654849691f,0.5284936321952266f,3.6990262317693743f,-0.03224388969365123f,0.5282188316808347f,-0.8484958440883241f,2.5233956549490646f,0f,0f,0f,1f], start_interpolation: 0, interpolation_duration: 1 }
$data merge entity $(bone_eyelid_left1) { transformation: [-0.9994800306046258f,-0.01704069038029997f,0.027373039545127254f,-0.07814084249702413f,0f,0.8489372654849691f,0.5284936321952266f,3.920788818825348f,-0.03224388969365123f,0.5282188316808347f,-0.8484958440883241f,2.062890079477289f,0f,0f,0f,1f], start_interpolation: 0, interpolation_duration: 1 }
$data merge entity $(bone_left_happy_pupil1) { transformation: [-0.9994800306046258f,-0.01704069038029997f,0.027373039545127254f,0.30825981186118345f,0f,0.8489372654849691f,0.5284936321952266f,3.683461560231047f,-0.03224388969365123f,0.5282188316808347f,-0.8484958440883241f,2.503000974634131f,0f,0f,0f,1f], start_interpolation: 0, interpolation_duration: 1 }
$data merge entity $(bone_eyelid_expressions_left5) { transformation: [-0.9994800306046258f,-0.01704069038029997f,0.027373039545127254f,0.3940245793513199f,0f,0.8489372654849691f,0.5284936321952266f,3.7870913322287976f,-0.03224388969365123f,0.5282188316808347f,-0.8484958440883241f,2.5703145830350165f,0f,0f,0f,1f], start_interpolation: 0, interpolation_duration: 1 }
$data merge entity $(bone_eyelid_expressions_left7) { transformation: [-0.9994800306046258f,-0.01704069038029997f,0.027373039545127254f,0.10120816413512093f,0f,0.8489372654849691f,0.5284936321952266f,3.7870913322287976f,-0.03224388969365123f,0.5282188316808347f,-0.8484958440883241f,2.5608681309763295f,0f,0f,0f,1f], start_interpolation: 0, interpolation_duration: 1 }
$data merge entity $(bone_eyelid_expressions_left6) { transformation: [-0.9994800306046258f,-0.01704069038029997f,0.027373039545127254f,0.19881363587385392f,0f,0.8489372654849691f,0.5284936321952266f,3.7870913322287976f,-0.03224388969365123f,0.5282188316808347f,-0.8484958440883241f,2.564016948329225f,0f,0f,0f,1f], start_interpolation: 0, interpolation_duration: 1 }
$data merge entity $(bone_left_eye1) { transformation: [-0.9994800306046258f,-0.01704069038029997f,0.027373039545127254f,-0.06864761016245871f,0f,0.8489372654849691f,0.5284936321952266f,3.9156277481984416f,-0.03224388969365123f,0.5282188316808347f,-0.8484958440883241f,2.0714910534400035f,0f,0f,0f,1f], start_interpolation: 0, interpolation_duration: 1 }
$data merge entity $(bone_crest_middle5) { transformation: [-0.9994800306046258f,-0.010712147865394154f,0.030412469657794643f,-0.10052889289733889f,0f,0.9432010203093707f,0.332222568901275f,4.719466590227931f,-0.03224388969365123f,0.33204982333299343f,-0.942710584645124f,3.0597311741673385f,0f,0f,0f,1f], start_interpolation: 0, interpolation_duration: 1 }
$data merge entity $(bone_crest_middle4) { transformation: [-0.9994800306046258f,-0.010712147865394154f,0.030412469657794643f,-0.09425224375745951f,0f,0.9432010203093707f,0.332222568901275f,4.166809742390409f,-0.03224388969365123f,0.33204982333299343f,-0.942710584645124f,2.865170730808163f,0f,0f,0f,1f], start_interpolation: 0, interpolation_duration: 1 }
$data merge entity $(bone_crest_middle1) { transformation: [-0.9994800306046258f,-0.010712147865394154f,0.030412469657794643f,-0.09177224221146099f,0f,0.9432010203093707f,0.332222568901275f,3.7279842950095166f,-0.03224388969365123f,0.33204982333299343f,-0.942710584645124f,2.7882968782846516f,0f,0f,0f,1f], start_interpolation: 0, interpolation_duration: 1 }
$data merge entity $(bone_crest_left5) { transformation: [-0.522648256496846f,-0.8412460562596888f,0.13836138481645607f,-1.0533178485795145f,-0.7159864277418057f,0.5212136349835227f,0.4644349060921149f,4.200637629701814f,-0.4628198734608695f,0.14367122027317647f,-0.8747321562597783f,2.807122293431739f,0f,0f,0f,1f], start_interpolation: 0, interpolation_duration: 1 }
$data merge entity $(bone_crest_left4) { transformation: [-0.522648256496846f,-0.8412460562596888f,0.13836138481645607f,-0.6425531726714633f,-0.7159864277418057f,0.5212136349835227f,0.4644349060921149f,3.9461387844950155f,-0.4628198734608695f,0.14367122027317647f,-0.8747321562597783f,2.7369703304077273f,0f,0f,0f,1f], start_interpolation: 0, interpolation_duration: 1 }
$data merge entity $(bone_crest_left1) { transformation: [-0.522648256496846f,-0.8412460562596888f,0.13836138481645607f,-0.1839561021796159f,-0.7159864277418057f,0.5212136349835227f,0.4644349060921149f,3.6888675404165667f,-0.4628198734608695f,0.14367122027317647f,-0.8747321562597783f,2.617091640013942f,0f,0f,0f,1f], start_interpolation: 0, interpolation_duration: 1 }
$data merge entity $(bone_crest_center1) { transformation: [-0.9994800306046258f,-0.01704069038029997f,0.027373039545127254f,-0.08593460328611084f,0f,0.8489372654849691f,0.5284936321952266f,3.6681417982513334f,-0.03224388969365123f,0.5282188316808347f,-0.8484958440883241f,2.6073446548648898f,0f,0f,0f,1f], start_interpolation: 0, interpolation_duration: 1 }
$data merge entity $(bone_crest_right5) { transformation: [-0.5513922014918278f,0.8302366019179723f,-0.08169348180665245f,0.8665606089777363f,0.7159864277418057f,0.5212136349835227f,0.4644349060921149f,4.200637629701814f,0.4281706148529155f,0.19759436111124618f,-0.881831272428867f,2.8690588477551353f,0f,0f,0f,1f], start_interpolation: 0, interpolation_duration: 1 }
$data merge entity $(bone_crest_right4) { transformation: [-0.5513922014918278f,0.8302366019179723f,-0.08169348180665245f,0.46117164319747644f,0.7159864277418057f,0.5212136349835227f,0.4644349060921149f,3.946138784495016f,0.4281706148529155f,0.19759436111124618f,-0.881831272428867f,2.7725772261187847f,0f,0f,0f,1f], start_interpolation: 0, interpolation_duration: 1 }
$data merge entity $(bone_crest_right1) { transformation: [-0.5513922014918278f,0.8302366019179723f,-0.08169348180665245f,0.011254841297850107f,0.7159864277418057f,0.5212136349835227f,0.4644349060921149f,3.688867540416567f,0.4281706148529155f,0.19759436111124618f,-0.881831272428867f,2.623389274719733f,0f,0f,0f,1f], start_interpolation: 0, interpolation_duration: 1 }
$data merge entity $(bone_head1) { transformation: [-0.9994800306046258f,-0.01704069038029997f,0.027373039545127254f,-0.05311322904054955f,0f,0.8489372654849691f,0.5284936321952266f,4.158034617762041f,-0.03224388969365123f,0.5282188316808347f,-0.8484958440883241f,1.5899640457909605f,0f,0f,0f,1f], start_interpolation: 0, interpolation_duration: 1 }
$data merge entity $(bone_neck10) { transformation: [-1.3014062898497731f,-0.014659914423271681f,0.03934161401105813f,-0.020684354730689122f,0f,1.2201261815755569f,0.4546571323297324f,4.115939970074309f,-0.0419842313719417f,0.4544207245355322f,-1.2194917533026426f,0.584749954202168f,0f,0f,0f,1f], start_interpolation: 0, interpolation_duration: 1 }
$data merge entity $(bone_neck9) { transformation: [-0.9994800306046258f,-0.01704069038029997f,0.02737303954512725f,-0.0003872399678633365f,0f,0.8489372654849691f,0.5284936321952266f,3.0123822291170614f,-0.03224388969365123f,0.5282188316808347f,-0.8484958440883241f,-0.044409898318016644f,0f,0f,0f,1f], start_interpolation: 0, interpolation_duration: 1 }
$data merge entity $(bone_neck8) { transformation: [-0.9994800306046258f,0.00592924264837073f,0.03169404524817067f,-0.005558208178874299f,0f,0.9829473289139548f,-0.18388732577565503f,2.376958532336074f,-0.03224388969365123f,-0.18379170999405453f,-0.9824362263856544f,0.11587719839706767f,0f,0f,0f,1f], start_interpolation: 0, interpolation_duration: 1 }
$data merge entity $(bone_neck7) { transformation: [-0.9994800306046258f,0.015967191404355624f,0.02801280459420334f,-0.019212048546535892f,0f,0.8687787007198149f,-0.4952005343046295f,1.6790530473953156f,-0.03224388969365123f,-0.4949430451822181f,-0.8683269623840874f,0.5391121405271453f,0f,0f,0f,1f], start_interpolation: 0, interpolation_duration: 1 }
$data merge entity $(bone_neck6) { transformation: [-0.9994800306046258f,0.01183351572027608f,0.029993938192146873f,-0.028360347670320585f,0f,0.9302208411304866f,-0.3670002543956748f,0.9355956143450745f,-0.03224388969365123f,-0.3668094254952945f,-0.9297371547621593f,0.8226865595905173f,0f,0f,0f,1f], start_interpolation: 0, interpolation_duration: 1 }
$data merge entity $(bone_neck_spine6) { transformation: [-1.1062605984967555f,0.02968218860551189f,-0.01575225096766956f,0.0986991167884355f,-0.02108877397266968f,-0.209332564290086f,1.086589535499688f,0.3808546682141214f,0.026161600549111593f,1.0863887530367227f,0.2098016335717735f,-1.3369035673564214f,0f,0f,0f,1f], start_interpolation: 0, interpolation_duration: 1 }
$data merge entity $(bone_neck_spine7) { transformation: [-0.9698244551239501f,0.1989941886225066f,-0.14086106324319486f,-0.2687069015259548f,-0.07703772729211586f,0.29803792838598997f,0.9514402670777881f,0.7768773387266761f,0.23131302344917515f,0.9335816547779083f,-0.2737144114673976f,-4.523919090221421f,0f,0f,0f,1f], start_interpolation: 0, interpolation_duration: 1 }
$data merge entity $(bone_tail6) { transformation: [-1.393180542771603f,0.3003135868656277f,-0.45940614544273267f,-1.1537249704181698f,0.23364656647979526f,1.4586294940786966f,0.24495624641955177f,-1.6795706439772529f,0.4966402509854094f,0.15622429462684226f,-1.403971763445947f,-6.2818378749638555f,0f,0f,0f,1f], start_interpolation: 0, interpolation_duration: 1 }
$data merge entity $(bone_tail5) { transformation: [-1.1508882744634983f,0.24808513697595336f,-0.3795094244961705f,-0.9970396207491464f,0.19301238100504828f,1.2049547994563146f,0.2023551600857167f,-0.9185465601101059f,0.41026803342272955f,0.12905485208304363f,-1.1598027611075217f,-6.200329547332459f,0f,0f,0f,1f], start_interpolation: 0, interpolation_duration: 1 }
$data merge entity $(bone_tail4) { transformation: [-0.9304023103031228f,0.20055724757634966f,-0.30680340843479886f,-0.9186969459146348f,0.1560352722230285f,0.9741108273499469f,0.16358817152192676f,-0.5380345181765329f,0.33166931544069084f,0.10433065936818683f,-0.9376089689795543f,-6.159575383516762f,0f,0f,0f,1f], start_interpolation: 0, interpolation_duration: 1 }
$data merge entity $(bone_segment18) { transformation: [-0.9304023103031228f,0.2492564028040989f,-0.26874297505939015f,-0.7969897179829459f,0.1560352722230285f,0.9327748676317277f,0.32493697871571686f,-0.0825780398407284f,0.33166931544069084f,0.26038873242860067f,-0.9067486825021197f,-6.032432447760609f,0f,0f,0f,1f], start_interpolation: 0, interpolation_duration: 1 }
$data merge entity $(bone_segment17) { transformation: [-0.8992071758148192f,0.36570517222110427f,-0.2401794786693253f,-0.564852645772284f,-0.05174817374695503f,0.45620315547356116f,0.8883697470365707f,0.20700404127041885f,0.434452047384969f,0.8112573007047134f,-0.39129657623893255f,-5.517474200242969f,0f,0f,0f,1f], start_interpolation: 0, interpolation_duration: 1 }
$data merge entity $(bone_segment16) { transformation: [-0.9341473726300076f,0.32930422980005186f,-0.13757692555166354f,-0.2915044081452878f,-0.07130473307177618f,0.20550457837137384f,0.976055071863246f,0.3775888963638444f,0.34969175176148504f,0.9215891668765417f,-0.16849061174375735f,-4.752483192581777f,0f,0f,0f,1f], start_interpolation: 0, interpolation_duration: 1 }
$data merge entity $(bone_segment15) { transformation: [-0.9698244551239501f,0.22867115195264687f,-0.08455785302491166f,-0.05702715272509326f,-0.07703772729211586f,0.0416316708445591f,0.9961586181709997f,0.42027762135094116f,0.23131302344917515f,0.9726131339064571f,-0.022759106649022615f,-3.7551748033222263f,0f,0f,0f,1f], start_interpolation: 0, interpolation_duration: 1 }
$data merge entity $(bone_segment14) { transformation: [-0.992074658146325f,0.12212732228350458f,-0.029543016361119227f,0.06820105860076586f,-0.05342606828454125f,-0.19719390190924568f,0.9789076668805194f,0.21807684302603114f,0.11372566944849295f,0.9727278561867486f,0.20215585548488116f,-2.7577487789119863f,0f,0f,0f,1f], start_interpolation: 0, interpolation_duration: 1 }
$data merge entity $(bone_segment13) { transformation: [-0.9995389878182449f,0.028882762516871545f,-0.00935937287816292f,0.09945596103779071f,-0.019054327542365072f,-0.3567465035134015f,0.9340068869301075f,-0.18794955068079555f,0.023637775554962f,0.9337546349338014f,0.3571323806468077f,-1.763410982824708f,0f,0f,0f,1f], start_interpolation: 0, interpolation_duration: 1 }
$data merge entity $(bone_segment12) { transformation: [-0.9989722806327903f,-0.04096196561010987f,-0.01940360535255695f,0.0514536575884432f,-0.0199849793224833f,0.01383153412579502f,0.9997046010023194f,-0.1717407216271295f,-0.040681483856928276f,0.9990649658741332f,-0.014635943226022408f,-0.5926317259409579f,0f,0f,0f,1f], start_interpolation: 0, interpolation_duration: 1 }
$data merge entity $(bone_segment11) { transformation: [-1.0337508295698612f,-0.05351147155511469f,0.006648811148821402f,-0.00957276486246502f,-0.024671587616381906f,0.5828607957634386f,0.855109973886728f,0.5018680247609342f,-0.04794785753476094f,0.8537905346676544f,-0.5833448275109752f,0.39409821016184404f,0f,0f,0f,1f], start_interpolation: 0, interpolation_duration: 1 }
$data merge entity $(bone_segment10) { transformation: [-0.9994800306046258f,-0.016413510391477242f,0.027753650196059194f,-0.029675873574343814f,0f,0.8607413826230723f,0.5090425053373457f,1.2962042856413647f,-0.03224388969365123f,0.5087778188136256f,-0.8602938234467763f,0.8634645762413191f,0f,0f,0f,1f], start_interpolation: 0, interpolation_duration: 1 }