# This file was generated by Animated Java via MC-Build. It is not recommended to edit this file directly.
$data merge entity $(bone_neck_spine5) { transformation: [-1.5717117953753654f,-0.011367534406065062f,0.0401498069249979f,0.11632029246404095f,0f,1.512800223665536f,0.4283160968655591f,4.454912069079921f,-0.041728022174405556f,0.4281652227769956f,-1.5122673406929017f,-0.3175108182826156f,0f,0f,0f,1f], start_interpolation: 0, interpolation_duration: 1 }
$data merge entity $(bone_neck_spine2) { transformation: [-1.4968683765479667f,-0.007647672006057258f,0.038998180567437646f,-0.046259782776131214f,0f,1.4694082189530162f,0.288155804656704f,5.655979465786382f,-0.03974097349943385f,0.2880543019471164f,-1.4688906207880505f,1.5746522450749527f,0f,0f,0f,1f], start_interpolation: 0, interpolation_duration: 1 }
$data merge entity $(bone_scale_neck_left1) { transformation: [-1.5940580868852197f,0.3939447990334676f,0.12977438802779007f,0.7450808926091596f,0.40405480428825774f,1.3585267733159496f,0.8391661350132074f,4.7775855070000315f,0.09366755897899973f,0.8439594672351914f,-1.411387220750096f,1.388928707720182f,0f,0f,0f,1f], start_interpolation: 0, interpolation_duration: 1 }
$data merge entity $(bone_scale_neck_right1) { transformation: [-1.586842324733536f,-0.43817151744629634f,-0.054701358033877046f,-0.8266309027662052f,-0.40405480428825774f,1.3585267733159496f,0.8391661350132074f,4.7775855070000315f,-0.17811859084193946f,0.8218672692839382f,-1.41628494312194f,1.3472006855457763f,0f,0f,0f,1f], start_interpolation: 0, interpolation_duration: 1 }
$data merge entity $(bone_blush_right1) { transformation: [-0.9996477505989899f,-0.013592951097831405f,0.022794876679458873f,-0.7333305967971766f,0f,0.8588856878821839f,0.5121673312025551f,4.0009080074076415f,-0.026540058823969738f,0.5119869205669222f,-0.858583145913091f,2.4876546483126774f,0f,0f,0f,1f], start_interpolation: 0, interpolation_duration: 1 }
$data merge entity $(bone_blush_left1) { transformation: [-0.9996477505989899f,-0.013592951097831405f,0.022794876679458873f,0.5913979164477738f,0f,0.8588856878821839f,0.5121673312025551f,4.0009080074076415f,-0.026540058823969738f,0.5119869205669222f,-0.858583145913091f,2.522825409859676f,0f,0f,0f,1f], start_interpolation: 0, interpolation_duration: 1 }
$data merge entity $(bone_left_head_scales) { transformation: [-0.8972238868391489f,-0.013592951097831405f,-0.441366660006963f,0.6016617407150997f,-0.23649255492706814f,0.8588856878821839f,0.4542979711766446f,4.829193556724987f,0.37290825728229415f,0.5119869205669222f,-0.7738273869662938f,2.5593837277993545f,0f,0f,0f,1f], start_interpolation: 0, interpolation_duration: 1 }
$data merge entity $(bone_left_head_scales2) { transformation: [-0.8319381026049204f,-0.013592951097831405f,-0.5547019245636137f,0.6100342004639261f,-0.29376711264658745f,0.8588856878821839f,0.41954291637261015f,3.9712602584007195f,0.470722717702696f,0.5119869205669222f,-0.718532891527582f,2.2440298466943154f,0f,0f,0f,1f], start_interpolation: 0, interpolation_duration: 1 }
$data merge entity $(bone_left_head_scales1) { transformation: [-0.9996477505989899f,-0.013592951097831405f,0.022794876679458873f,0.6031882928403445f,0f,0.8588856878821839f,0.5121673312025551f,4.732736667949156f,-0.026540058823969738f,0.5119869205669222f,-0.858583145913091f,2.501885196680999f,0f,0f,0f,1f], start_interpolation: 0, interpolation_duration: 1 }
$data merge entity $(bone_right_head_scales) { transformation: [-0.8761728814479415f,-0.013592951097831405f,0.4818052651182463f,-0.7455197981780703f,0.23649255492706814f,0.8588856878821839f,0.4542979711766446f,4.829193556724987f,-0.419990896662391f,0.5119869205669222f,-0.7493177162520054f,2.523616851649864f,0f,0f,0f,1f], start_interpolation: 0, interpolation_duration: 1 }
$data merge entity $(bone_right_head_scales2) { transformation: [-0.8057888943391893f,-0.013592951097831405f,0.5920468642262021f,-0.737147338429244f,0.29376711264658745f,0.8588856878821839f,0.41954291637261015f,3.9712602584007195f,-0.5142034045851058f,0.5119869205669222f,-0.6880873868059826f,2.208262970544825f,0f,0f,0f,1f], start_interpolation: 0, interpolation_duration: 1 }
$data merge entity $(bone_right_head_scales1) { transformation: [-0.9996477505989899f,-0.013592951097831405f,0.022794876679458873f,-0.7439932460528256f,0f,0.8588856878821839f,0.5121673312025551f,4.732736667949156f,-0.026540058823969738f,0.5119869205669222f,-0.858583145913091f,2.4661183205315087f,0f,0f,0f,1f], start_interpolation: 0, interpolation_duration: 1 }
$data merge entity $(bone_head_left_fin1) { transformation: [-0.7467554168816961f,0.01620541092995092f,-0.7353699273424291f,0.6108328288597024f,-0.1345152673377166f,1.0272414273921906f,0.15923533127886838f,4.414162553700507f,0.7231439609345295f,0.2078163432721783f,-0.7297604930784298f,2.213949013614881f,0f,0f,0f,1f], start_interpolation: 0, interpolation_duration: 1 }
$data merge entity $(bone_head_right_fin1) { transformation: [-0.7073323800205568f,-0.027209611882817043f,0.7730561035402379f,-0.7363487100334677f,0.1345152673377166f,1.0272414273921906f,0.15923533127886838f,4.414162553700507f,-0.7617491352490601f,0.20666369999497947f,-0.6897126706657399f,2.1781821374653907f,0f,0f,0f,1f], start_interpolation: 0, interpolation_duration: 1 }
$data merge entity $(bone_right_whisker16) { transformation: [0.26148753795283947f,0.9260491967918928f,-0.2721344384976888f,-1.259862539044575f,0.9615435175122646f,-0.27446810133338884f,-0.01006604592607896f,1.679363733930325f,-0.0840138763866041f,-0.2590369596631621f,-0.9622065901369422f,2.0408973922474036f,0f,0f,0f,1f], start_interpolation: 0, interpolation_duration: 1 }
$data merge entity $(bone_right_whisker15) { transformation: [-0.8839957448966863f,0.38012415128231464f,-0.2721344384976888f,-0.9620319413987188f,0.3976266026727648f,0.9174921032719188f,-0.01006604592607896f,1.5453977398657703f,0.24585485118554756f,-0.11710623401668473f,-0.9622065901369422f,1.958065435549148f,0f,0f,0f,1f], start_interpolation: 0, interpolation_duration: 1 }
$data merge entity $(bone_right_whisker14) { transformation: [-0.7181022234422716f,-0.6405248192465404f,-0.2721344384976888f,-0.7200932040085006f,-0.6634859740965506f,0.7481210041808511f,-0.01006604592607896f,1.7689354948104088f,0.21003704164841203f,0.1733289330510677f,-0.9622065901369422f,1.8873010025719f,0f,0f,0f,1f], start_interpolation: 0, interpolation_duration: 1 }
$data merge entity $(bone_right_whisker13) { transformation: [-0.0892183831908069f,-0.9950572696058396f,-0.04360172365159217f,-0.6900342760780042f,-0.9785832772853682f,0.07941959312337048f,0.18991392167386303f,2.098633962255186f,-0.18551239720904455f,0.05961173066343362f,-0.9808320916696516f,1.9498027379597127f,0f,0f,0f,1f], start_interpolation: 0, interpolation_duration: 1 }
$data merge entity $(bone_right_whisker12) { transformation: [0.07771586006593528f,-0.9967042289495501f,-0.02325779629059623f,-0.7249456975919986f,-0.9141831192508378f,-0.08055038086953831f,0.3972163901686088f,2.5093021603561487f,-0.3977806802385208f,-0.009608128634401743f,-0.9174302231195157f,2.1284932779106107f,0f,0f,0f,1f], start_interpolation: 0, interpolation_duration: 1 }
$data merge entity $(bone_right_whisker11) { transformation: [0.29491627127684517f,-0.9555223602750287f,0.0011882552758984283f,-0.8574276163296439f,-0.9503847396949181f,-0.29320132924256254f,0.10393183865119018f,2.9362328051409756f,-0.09896079774933603f,-0.031780490003031604f,-0.994583712396288f,2.17294832377457f,0f,0f,0f,1f], start_interpolation: 0, interpolation_duration: 1 }
$data merge entity $(bone_right_whisker10) { transformation: [0.06659391515313623f,-0.9913252303439276f,0.11331168584102863f,-0.8873428516523418f,-0.9869042304755016f,-0.08216374788697867f,-0.1388133941762208f,3.3795686899248922f,0.14691933274465507f,-0.10258365472493207f,-0.9838146692589723f,2.1069494047681823f,0f,0f,0f,1f], start_interpolation: 0, interpolation_duration: 1 }
$data merge entity $(bone_right_whisker1) { transformation: [-0.3365962699907809f,-0.9379612971064041f,0.08325596770661989f,-0.7361374959924207f,-0.9310538335117893f,0.3447315369334528f,0.11957811901222071f,3.7978155291977664f,-0.14086060532063166f,-0.03726623906395499f,-0.9893278108365969f,2.1702266298145596f,0f,0f,0f,1f], start_interpolation: 0, interpolation_duration: 1 }
$data merge entity $(bone_left_whisker16) { transformation: [0.2566612719306599f,-0.9109997565339267f,0.3228071174649998f,1.1408936816090667f,-0.9615435175122646f,-0.27446810133338884f,-0.01006604592607896f,1.679363733930325f,0.09777042201543973f,-0.30780952705459075f,-0.9464112423430692f,2.104636055471504f,0f,0f,0f,1f], start_interpolation: 0, interpolation_duration: 1 }
$data merge entity $(bone_left_whisker15) { transformation: [-0.8697050088128899f,-0.3733748285030863f,0.3228071174649998f,0.8478778339133175f,-0.3976266026727648f,0.9174921032719188f,-0.01006604592607896f,1.5453977398657703f,-0.29241457298275403f,-0.1371111879970472f,-0.9464112423430692f,2.0061174737536818f,0f,0f,0f,1f], start_interpolation: 0, interpolation_duration: 1 }
$data merge entity $(bone_left_whisker14) { transformation: [-0.7059457336075039f,0.6304254009121945f,0.3228071174649998f,0.6100347888990709f,0.6634859740965506f,0.7481210041808511f,-0.01006604592607896f,1.7689354948104088f,-0.2478446759131903f,0.2070719126007525f,-0.9464112423430692f,1.922615117122773f,0f,0f,0f,1f], start_interpolation: 0, interpolation_duration: 1 }
$data merge entity $(bone_left_whisker13) { transformation: [-0.09893624810518138f,0.9904924001397025f,0.09558464351746926f,0.5767017756214463f,0.9785832772853682f,0.07941959312337048f,0.18991392167386303f,2.098633962255186f,0.1805170026016885f,0.11232690458483191f,-0.9771367756246265f,1.983433833819631f,0f,0f,0f,1f], start_interpolation: 0, interpolation_duration: 1 }
$data merge entity $(bone_left_whisker12) { transformation: [0.05649957006634171f,0.9958099433713133f,0.07190518246371765f,0.6020824418621857f,0.9141831192508378f,-0.08055038086953831f,0.3972163901686088f,2.5093021603561487f,0.4013440208339062f,0.043291948727151294f,-0.9149037020999962f,2.1637250931786123f,0f,0f,0f,1f], start_interpolation: 0, interpolation_duration: 1 }
$data merge entity $(bone_left_whisker11) { transformation: [0.28924980766990793f,0.9558625866150123f,0.051587442973844676f,0.7320188789014023f,0.9503847396949181f,-0.29320132924256254f,0.10393183865119018f,2.9362328051409756f,0.11447006297693713f,0.018965654221587004f,-0.993245643656192f,2.2151471917815333f,0f,0f,0f,1f], start_interpolation: 0, interpolation_duration: 1 }
$data merge entity $(bone_left_whisker10) { transformation: [0.07429584946362591f,0.9953719358859665f,-0.06094945449388267f,0.7653939675276404f,0.9869042304755016f,-0.08216374788697867f,-0.1388133941762208f,3.3795686899248922f,-0.14317879250097063f,-0.04983801544793551f,-0.9884411998668283f,2.150828593587738f,0f,0f,0f,1f], start_interpolation: 0, interpolation_duration: 1 }
$data merge entity $(bone_left_whisker1) { transformation: [-0.34359635395203575f,0.9386173442204545f,-0.030643542213789534f,0.6110440429007493f,0.9310538335117893f,0.3447315369334528f,0.11957811901222071f,3.7978155291977664f,0.1228018918985731f,0.012555818254512574f,-0.9923517757197247f,2.20599350596405f,0f,0f,0f,1f], start_interpolation: 0, interpolation_duration: 1 }
$data merge entity $(bone_upper_left_tooth1) { transformation: [-0.9996477505989899f,-0.011554521407240507f,0.023892839040796195f,0.21930023048243422f,0f,0.9002556926971579f,0.4353615598170794f,3.6966671369736983f,-0.026540058823969738f,0.4352082039684111f,-0.8999385781686492f,3.2088257649869125f,0f,0f,0f,1f], start_interpolation: 0, interpolation_duration: 1 }
$data merge entity $(bone_upper_right_tooth1) { transformation: [-0.9996477505989899f,-0.011554521407240507f,0.023892839040796195f,-0.4542905389641507f,0f,0.9002556926971579f,0.4353615598170794f,3.6966671369736983f,-0.026540058823969738f,0.4352082039684111f,-0.8999385781686492f,3.1909423269121673f,0f,0f,0f,1f], start_interpolation: 0, interpolation_duration: 1 }
$data merge entity $(bone_top_lip1) { transformation: [-0.9996477505989899f,0.002091369895167063f,0.026457530012103603f,-0.09085590253961091f,0f,0.9968904058422207f,-0.07880049961600816f,3.8078803646359938f,-0.026540058823969738f,-0.07877274218721897f,-0.9965392517938899f,3.2543927122190075f,0f,0f,0f,1f], start_interpolation: 0, interpolation_duration: 1 }
$data merge entity $(bone_muzzle1) { transformation: [-0.9996477505989899f,-0.011554521407240507f,0.023892839040796195f,-0.07938595380356714f,0f,0.9002556926971579f,0.4353615598170794f,4.2040004856175175f,-0.026540058823969738f,0.4352082039684111f,-0.8999385781686492f,2.822369990283048f,0f,0f,0f,1f], start_interpolation: 0, interpolation_duration: 1 }
$data merge entity $(bone_jaw_right_tooth1) { transformation: [-0.9996477505989899f,0.0028409760413065253f,0.026387564827253317f,-0.4535491049361356f,0f,0.9942541952251176f,-0.10704482835360872f,3.5161367404451855f,-0.026540058823969738f,-0.10700712187693985f,-0.9939039697803979f,3.163015755112202f,0f,0f,0f,1f], start_interpolation: 0, interpolation_duration: 1 }
$data merge entity $(bone_jaw_left_tooth1) { transformation: [-0.9996477505989899f,0.0028409760413065253f,0.026387564827253317f,0.2761742286309981f,0f,0.9942541952251176f,-0.10704482835360872f,3.5161367404451855f,-0.026540058823969738f,-0.10700712187693985f,-0.9939039697803979f,3.1823894796931755f,0f,0f,0f,1f], start_interpolation: 0, interpolation_duration: 1 }
$data merge entity $(bone_tongue1) { transformation: [-0.9996477505989899f,-0.00897538612295806f,0.024976332123103785f,-0.06861294624151469f,0f,0.9410805111157602f,0.3381826009689141f,3.780867203919436f,-0.026540058823969738f,0.3380634763502908f,-0.9407490160694172f,2.4165979892479417f,0f,0f,0f,1f], start_interpolation: 0, interpolation_duration: 1 }
$data merge entity $(bone_jaw_lips1) { transformation: [-0.9996477505989899f,-0.00897538612295806f,0.024976332123103785f,-0.03376088411455613f,0f,0.9410805111157602f,0.3381826009689141f,3.3554906959420614f,-0.026540058823969738f,0.3380634763502908f,-0.9407490160694172f,3.219631561343913f,0f,0f,0f,1f], start_interpolation: 0, interpolation_duration: 1 }
$data merge entity $(bone_jaw3) { transformation: [-0.9996477505989899f,-0.001784337313719929f,0.026480008737359603f,-0.009819958540029487f,0f,0.9977373792948829f,0.06723185225604716f,3.3318560161998976f,-0.026540058823969738f,0.06720816987636125f,-0.9973859269006609f,2.3178817741046065f,0f,0f,0f,1f], start_interpolation: 0, interpolation_duration: 1 }
$data merge entity $(bone_jaw1) { transformation: [-0.9996477505989899f,-0.019985910758521554f,0.01746247672961045f,0.005868985396729906f,0f,0.6579667681007231f,0.7530469653846892f,4.008421649162704f,-0.026540058823969738f,0.7527817050422f,-0.6577349997007749f,1.7269479853109415f,0f,0f,0f,1f], start_interpolation: 0, interpolation_duration: 1 }
$data merge entity $(bone_tear_right1) { transformation: [-0.9996477505989899f,-0.013592951097831405f,0.022794876679458873f,-0.6848449394668634f,0f,0.8588856878821839f,0.5121673312025551f,4.28674020525248f,-0.026540058823969738f,0.5119869205669222f,-0.858583145913091f,2.777170414438233f,0f,0f,0f,1f], start_interpolation: 0, interpolation_duration: 1 }
$data merge entity $(bone_right_pupil1) { transformation: [-0.9996477505989899f,-0.013592951097831405f,0.022794876679458873f,-0.5026703721439603f,0f,0.8588856878821839f,0.5121673312025551f,4.348685818781264f,-0.026540058823969738f,0.5119869205669222f,-0.858583145913091f,2.897440628626032f,0f,0f,0f,1f], start_interpolation: 0, interpolation_duration: 1 }
$data merge entity $(bone_right_sad_pupil1) { transformation: [-0.9996477505989899f,-0.013592951097831405f,0.022794876679458873f,-0.5024143749937515f,0f,0.8588856878821839f,0.5121673312025551f,4.3544376979891055f,-0.026540058823969738f,0.5119869205669222f,-0.858583145913091f,2.8877983374365783f,0f,0f,0f,1f], start_interpolation: 0, interpolation_duration: 1 }
$data merge entity $(bone_right_happy_pupil1) { transformation: [-0.9996477505989899f,-0.013592951097831405f,0.022794876679458873f,-0.530098664659271f,0f,0.8588856878821839f,0.5121673312025551f,4.330323784457192f,-0.026540058823969738f,0.5119869205669222f,-0.858583145913091f,2.8726787549370085f,0f,0f,0f,1f], start_interpolation: 0, interpolation_duration: 1 }
$data merge entity $(bone_eyelid_right1) { transformation: [-0.9996477505989899f,-0.013592951097831405f,0.022794876679458873f,-0.05663013844405501f,0f,0.8588856878821839f,0.5121673312025551f,4.593803213993249f,-0.026540058823969738f,0.5119869205669222f,-0.858583145913091f,2.3884097280405125f,0f,0f,0f,1f], start_interpolation: 0, interpolation_duration: 1 }
$data merge entity $(bone_eyelid_expressions_right5) { transformation: [-0.9996477505989899f,-0.013592951097831405f,0.022794876679458873f,-0.633045465347848f,0f,0.8588856878821839f,0.5121673312025551f,4.450894586764936f,-0.026540058823969738f,0.5119869205669222f,-0.858583145913091f,2.9418692191284412f,0f,0f,0f,1f], start_interpolation: 0, interpolation_duration: 1 }
$data merge entity $(bone_eyelid_expressions_right7) { transformation: [-0.9996477505989899f,-0.013592951097831405f,0.022794876679458873f,-0.29625008062455543f,0f,0.8588856878821839f,0.5121673312025551f,4.450894586764936f,-0.026540058823969738f,0.5119869205669222f,-0.858583145913091f,2.950810938165814f,0f,0f,0f,1f], start_interpolation: 0, interpolation_duration: 1 }
$data merge entity $(bone_eyelid_expressions_right6) { transformation: [-0.9996477505989899f,-0.013592951097831405f,0.022794876679458873f,-0.40851520886565296f,0f,0.8588856878821839f,0.5121673312025551f,4.450894586764936f,-0.026540058823969738f,0.5119869205669222f,-0.858583145913091f,2.9478303651533566f,0f,0f,0f,1f], start_interpolation: 0, interpolation_duration: 1 }
$data merge entity $(bone_right_eye1) { transformation: [-0.9996477505989899f,-0.013592951097831405f,0.022794876679458873f,-0.06811264841837353f,0f,0.8588856878821839f,0.5121673312025551f,4.588051334785408f,-0.026540058823969738f,0.5119869205669222f,-0.858583145913091f,2.3977539619287205f,0f,0f,0f,1f], start_interpolation: 0, interpolation_duration: 1 }
$data merge entity $(bone_tear_left1) { transformation: [-0.9996477505989899f,-0.013592951097831405f,0.022794876679458873f,0.5276184455369897f,0f,0.8588856878821839f,0.5121673312025551f,4.28674020525248f,-0.026540058823969738f,0.5119869205669222f,-0.858583145913091f,2.8093606029727747f,0f,0f,0f,1f], start_interpolation: 0, interpolation_duration: 1 }
$data merge entity $(bone_left_sad_pupil1) { transformation: [-0.9996477505989899f,-0.013592951097831405f,0.022794876679458873f,0.33957408681447976f,0f,0.8588856878821839f,0.5121673312025551f,4.3544376979891055f,-0.026540058823969738f,0.5119869205669222f,-0.858583145913091f,2.91015263503001f,0f,0f,0f,1f], start_interpolation: 0, interpolation_duration: 1 }
$data merge entity $(bone_left_pupil1) { transformation: [-0.9996477505989899f,-0.013592951097831405f,0.022794876679458873f,0.339318089664271f,0f,0.8588856878821839f,0.5121673312025551f,4.348685818781264f,-0.026540058823969738f,0.5119869205669222f,-0.858583145913091f,2.919794926219464f,0f,0f,0f,1f], start_interpolation: 0, interpolation_duration: 1 }
$data merge entity $(bone_eyelid_left1) { transformation: [-0.9996477505989899f,-0.013592951097831405f,0.022794876679458873f,-0.0790831640922745f,0f,0.8588856878821839f,0.5121673312025551f,4.593803213993249f,-0.026540058823969738f,0.5119869205669222f,-0.858583145913091f,2.3878136134380212f,0f,0f,0f,1f], start_interpolation: 0, interpolation_duration: 1 }
$data merge entity $(bone_left_happy_pupil1) { transformation: [-0.9996477505989899f,-0.013592951097831405f,0.022794876679458873f,0.3680223612695088f,0f,0.8588856878821839f,0.5121673312025551f,4.330323784457192f,-0.026540058823969738f,0.5119869205669222f,-0.858583145913091f,2.8965233390366687f,0f,0f,0f,1f], start_interpolation: 0, interpolation_duration: 1 }
$data merge entity $(bone_eyelid_expressions_left5) { transformation: [-0.9996477505989899f,-0.013592951097831405f,0.022794876679458873f,0.4671527914149075f,0f,0.8588856878821839f,0.5121673312025551f,4.450894586764936f,-0.026540058823969738f,0.5119869205669222f,-0.858583145913091f,2.971078834650525f,0f,0f,0f,1f], start_interpolation: 0, interpolation_duration: 1 }
$data merge entity $(bone_eyelid_expressions_left7) { transformation: [-0.9996477505989899f,-0.013592951097831405f,0.022794876679458873f,0.130357406691615f,0f,0.8588856878821839f,0.5121673312025551f,4.450894586764936f,-0.026540058823969738f,0.5119869205669222f,-0.858583145913091f,2.9621371156131526f,0f,0f,0f,1f], start_interpolation: 0, interpolation_duration: 1 }
$data merge entity $(bone_eyelid_expressions_left6) { transformation: [-0.9996477505989899f,-0.013592951097831405f,0.022794876679458873f,0.24262253493271252f,0f,0.8588856878821839f,0.5121673312025551f,4.450894586764936f,-0.026540058823969738f,0.5119869205669222f,-0.858583145913091f,2.96511768862561f,0f,0f,0f,1f], start_interpolation: 0, interpolation_duration: 1 }
$data merge entity $(bone_left_eye1) { transformation: [-0.9996477505989899f,-0.013592951097831405f,0.022794876679458873f,-0.06811264841837353f,0f,0.8588856878821839f,0.5121673312025551f,4.588051334785408f,-0.026540058823969738f,0.5119869205669222f,-0.858583145913091f,2.3977539619287205f,0f,0f,0f,1f], start_interpolation: 0, interpolation_duration: 1 }
$data merge entity $(bone_crest_middle5) { transformation: [-0.9996477505989899f,-0.008337029573520572f,0.025196600172841123f,-0.09781593464059328f,0f,0.949379967089023f,0.31413003372814524f,5.5340351513973625f,-0.026540058823969738f,0.31401938161192533f,-0.9490455485642847f,3.5165466313188416f,0f,0f,0f,1f], start_interpolation: 0, interpolation_duration: 1 }
$data merge entity $(bone_crest_middle4) { transformation: [-0.9996477505989899f,-0.008337029573520572f,0.025196600172841123f,-0.09219820963499836f,0f,0.949379967089023f,0.31413003372814524f,4.8943162282612045f,-0.026540058823969738f,0.31401938161192533f,-0.9490455485642847f,3.3049515401936187f,0f,0f,0f,1f], start_interpolation: 0, interpolation_duration: 1 }
$data merge entity $(bone_crest_middle1) { transformation: [-0.9996477505989899f,-0.008337029573520572f,0.025196600172841123f,-0.09010719716718539f,0f,0.949379967089023f,0.31413003372814524f,4.388068216564452f,-0.026540058823969738f,0.31401938161192533f,-0.9490455485642847f,3.2261922607290288f,0f,0f,0f,1f], start_interpolation: 0, interpolation_duration: 1 }
$data merge entity $(bone_crest_left5) { transformation: [-0.5256461662023568f,-0.84014724904187f,0.1335990564492974f,-1.1954670376447922f,-0.72437684209095f,0.5243821788986263f,0.4475505793716192f,4.9326155127960645f,-0.44606535238584416f,0.13847718361126266f,-0.8842226931152497f,3.243752754746298f,0f,0f,0f,1f], start_interpolation: 0, interpolation_duration: 1 }
$data merge entity $(bone_crest_left4) { transformation: [-0.5256461662023568f,-0.84014724904187f,0.1335990564492974f,-0.7237046663566329f,-0.72437684209095f,0.5243821788986263f,0.4475505793716192f,4.638162629137168f,-0.44606535238584416f,0.13847718361126266f,-0.8842226931152497f,3.165994570589583f,0f,0f,0f,1f], start_interpolation: 0, interpolation_duration: 1 }
$data merge entity $(bone_crest_left1) { transformation: [-0.5256461662023568f,-0.84014724904187f,0.1335990564492974f,-0.19726415779724177f,-0.72437684209095f,0.5243821788986263f,0.4475505793716192f,4.339395471090769f,-0.44606535238584416f,0.13847718361126266f,-0.8842226931152497f,3.0308093914018386f,0f,0f,0f,1f], start_interpolation: 0, interpolation_duration: 1 }
$data merge entity $(bone_crest_center1) { transformation: [-0.9996477505989899f,-0.013592951097831405f,0.022794876679458873f,-0.0846173964097999f,0f,0.8588856878821839f,0.5121673312025551f,4.315281557558855f,-0.026540058823969738f,0.5119869205669222f,-0.858583145913091f,3.0194155156300067f,0f,0f,0f,1f], start_interpolation: 0, interpolation_duration: 1 }
$data merge entity $(bone_crest_right5) { transformation: [-0.5485745235608845f,0.8316158960424078f,-0.08649273697560778f,1.0127636834967737f,0.72437684209095f,0.5243821788986263f,0.4475505793716192f,4.9326155127960645f,0.41754542596260297f,0.18286151017399005f,-0.8900660005609673f,3.3023799793870547f,0f,0f,0f,1f], start_interpolation: 0, interpolation_duration: 1 }
$data merge entity $(bone_crest_right4) { transformation: [-0.5485745235608845f,0.8316158960424078f,-0.08649273697560778f,0.5457918668713982f,0.72437684209095f,0.5243821788986263f,0.4475505793716192f,4.638162629137168f,0.41754542596260297f,0.18286151017399005f,-0.8900660005609673f,3.1996989556077144f,0f,0f,0f,1f], start_interpolation: 0, interpolation_duration: 1 }
$data merge entity $(bone_crest_right1) { transformation: [-0.5485745235608845f,0.8316158960424078f,-0.08649273697560778f,0.0272660986849532f,0.72437684209095f,0.5243821788986263f,0.4475505793716192f,4.339395471090769f,0.41754542596260297f,0.18286151017399005f,-0.8900660005609673f,3.0367705374267535f,0f,0f,0f,1f], start_interpolation: 0, interpolation_duration: 1 }
$data merge entity $(bone_head1) { transformation: [-1.0478078635835761f,-0.014247819835617546f,0.02389306735281821f,-0.053269529094269005f,0f,0.9002642952410908f,0.5368420593985113f,4.856176246828759f,-0.027818681449603682f,0.5366529571046512f,-0.8999471776823411f,1.8386786809495916f,0f,0f,0f,1f], start_interpolation: 0, interpolation_duration: 1 }
$data merge entity $(bone_neck10) { transformation: [-1.4968683765479667f,-0.012672529124855458f,0.037666324220215514f,-0.022630514349908815f,0f,1.4192253479934662f,0.4774868514387097f,4.770618024080799f,-0.03974097349943385f,0.4773186569813005f,-1.418725426714737f,0.6846412173209513f,0f,0f,0f,1f], start_interpolation: 0, interpolation_duration: 1 }
$data merge entity $(bone_neck9) { transformation: [-1.1451043080591952f,-0.015570831677496335f,0.026111709321294214f,-0.004065322472771042f,0f,0.9838602655134789f,0.5866916791998024f,3.487919073955787f,-0.030401844727066914f,0.5864850174072268f,-0.983513701324274f,-0.01462823127040283f,0f,0f,0f,1f], start_interpolation: 0, interpolation_duration: 1 }
$data merge entity $(bone_neck8) { transformation: [-1.0627765473490565f,0.005717860922135281f,0.027630668978739358f,-0.009201272691478208f,0f,1.0410929818205463f,-0.21544266197975329f,2.71792031264021f,-0.028216091184598037f,-0.21536677243111874f,-1.0407262574413043f,0.17882051416651723f,0f,0f,0f,1f], start_interpolation: 0, interpolation_duration: 1 }
$data merge entity $(bone_neck7) { transformation: [-1.0552922054663165f,0.014462274038271286f,0.023996178147438717f,-0.022793528553796693f,0f,0.9041493956963838f,-0.5449224560576194f,1.9113358897303812f,-0.028017386317100865f,-0.5447305074488761f,-0.9038309096133261f,0.6907812482573188f,0f,0f,0f,1f], start_interpolation: 0, interpolation_duration: 1 }
$data merge entity $(bone_neck6) { transformation: [-1.0493047319601245f,0.010704870376008821f,0.02571959272883037f,-0.032034169364192414f,0f,0.9690857469238778f,-0.40334765069701656f,1.05157678955945f,-0.027858422423103126f,-0.4032055717286597f,-0.9687443870499967f,1.038835706669541f,0f,0f,0f,1f], start_interpolation: 0, interpolation_duration: 1 }
$data merge entity $(bone_neck_spine6) { transformation: [-1.2720811952601025f,-0.0022325051763200363f,-0.042306230072843724f,0.10333474113909798f,-0.041310432539422626f,-0.21647200310514833f,1.2535623991456348f,0.2821566025176499f,-0.00939411229145648f,1.2542409084019672f,0.2162795941876469f,-1.4330828220605727f,0f,0f,0f,1f], start_interpolation: 0, interpolation_duration: 1 }
$data merge entity $(bone_neck_spine7) { transformation: [-0.9805708064042727f,0.1485013953074637f,-0.12817265394541247f,-0.1661744385877711f,-0.08075582214314585f,0.2898663929701067f,0.9536540103289475f,0.7069797424560125f,0.17877189605096955f,0.9454759699845555f,-0.2722421704367366f,-5.109174668416471f,0f,0f,0f,1f], start_interpolation: 0, interpolation_duration: 1 }
$data merge entity $(bone_tail6) { transformation: [-1.593116120309281f,0.47167967460479726f,-0.4525497202546286f,-1.276710019086177f,0.4290804068529615f,1.6539807463998706f,0.21340016991687658f,-2.059414698145815f,0.4931257133761403f,0.08466352597410103f,-1.6477138876953221f,-7.0601539331633285f,0f,0f,0f,1f], start_interpolation: 0, interpolation_duration: 1 }
$data merge entity $(bone_tail5) { transformation: [-1.3160524472120148f,0.3896484268474412f,-0.3738454210799106f,-1.030616275814109f,0.35445772740027254f,1.3663319209390234f,0.17628709688785454f,-1.1964682217632736f,0.4073647197455072f,0.06993943450034433f,-1.3611549507048313f,-7.015981658742058f,0f,0f,0f,1f], start_interpolation: 0, interpolation_duration: 1 }
$data merge entity $(bone_tail4) { transformation: [-0.9697228558404318f,0.28710936715074614f,-0.27546504711151304f,-0.9075694041780751f,0.26117937808441133f,1.0067708891129645f,0.129895755601577f,-0.7649949835720031f,0.3001634777072158f,0.05153432015814845f,-1.0029562794667177f,-6.993895521531424f,0f,0f,0f,1f], start_interpolation: 0, interpolation_duration: 1 }
$data merge entity $(bone_segment18) { transformation: [-0.9251517432117412f,0.3170638416868372f,-0.2087217581543913f,-0.7295306258871265f,0.2491748600855005f,0.9220496534187155f,0.2962031831898471f,-0.2472424926386424f,0.2863671439492444f,0.22202467638803391f,-0.9320401825785954f,-6.86922346203619f,0f,0f,0f,1f], start_interpolation: 0, interpolation_duration: 1 }
$data merge entity $(bone_segment17) { transformation: [-0.8989540908824927f,0.3715120135948638f,-0.23207836228377784f,-0.4583341120568911f,-0.049916135405462594f,0.43947670617923884f,0.8968659900743425f,0.07356691934278481f,0.4351895241292169f,0.8178258057071425f,-0.3765249388920326f,-6.272226597030243f,0f,0f,0f,1f], start_interpolation: 0, interpolation_duration: 1 }
$data merge entity $(bone_segment16) { transformation: [-0.947042416204091f,0.294286513001232f,-0.1284761074125948f,-0.17741119559331248f,-0.07543842438719012f,0.18499836865860625f,0.9798390927696408f,0.2501644831746088f,0.31212130019640616f,0.9376412170223907f,-0.15300079118904825f,-5.377163814179278f,0f,0f,0f,1f], start_interpolation: 0, interpolation_duration: 1 }
$data merge entity $(bone_segment15) { transformation: [-0.9805708064042727f,0.17661485686984893f,-0.08537028734001563f,0.03085290564725647f,-0.08075582214314585f,0.03316561483155442f,0.9961819809567073f,0.2892733502733412f,0.17877189605096955f,0.983721116132864f,-0.018258555711051977f,-4.217160642567527f,0f,0f,0f,1f], start_interpolation: 0, interpolation_duration: 1 }
$data merge entity $(bone_segment14) { transformation: [-1.0439394789322287f,0.08144194608804435f,-0.04725221443774718f,0.12247509499630636f,-0.06213746044820745f,-0.2006836531988031f,1.0269080802939483f,0.06350424042468777f,0.07074247918278116f,1.025557642836982f,0.20470031969417937f,-3.063408294375922f,0f,0f,0f,1f], start_interpolation: 0, interpolation_duration: 1 }
$data merge entity $(bone_segment13) { transformation: [-1.0251477867684355f,0.004148530323096151f,-0.03388829891163408f,0.1283990876794534f,-0.03329134857588764f,-0.3472241896734687f,0.9645831535118108f,-0.3810879626541463f,-0.0075705493172325755f,0.9651485707521661f,0.34716643700287914f,-1.9105056907311369f,0f,0f,0f,1f], start_interpolation: 0, interpolation_duration: 1 }
$data merge entity $(bone_segment12) { transformation: [-1.1134907871523212f,-0.05770391517317586f,-0.03581070080670585f,0.058689659953469156f,-0.03827246701301527f,0.04724886661674271f,1.1139015414586009f,-0.3240087949292222f,-0.056101393809050194f,1.1130640969723158f,-0.04914092831399978f,-0.5658644997578693f,0f,0f,0f,1f], start_interpolation: 0, interpolation_duration: 1 }
$data merge entity $(bone_segment11) { transformation: [-1.1888588222046377f,-0.061099210797442106f,0.002104325896461537f,-0.01305776456949144f,-0.034180104239106876f,0.6982561980908106f,0.9635314437958512f,0.48290573461258535f,-0.05068789028705547f,0.9621995682544467f,-0.6990890998367454f,0.5460632100109816f,0f,0f,0f,1f], start_interpolation: 0, interpolation_duration: 1 }
$data merge entity $(bone_segment10) { transformation: [-1.0478078635835766f,-0.013579751116549998f,0.024278990860558514f,-0.03284851526218961f,0f,0.9148054652626038f,0.5116699705384753f,1.4193735932854499f,-0.027818681449603696f,0.5114897350978383f,-0.9144832255854244f,1.0695085492032281f,0f,0f,0f,1f], start_interpolation: 0, interpolation_duration: 1 }