# This file was generated by Animated Java via MC-Build. It is not recommended to edit this file directly.
$data merge entity $(bone_neck_spine5) { transformation: [-1.5718616254489544f,-0.009358757683341158f,0.03438952823517395f,0.11419256213387718f,-1.363723045079424e-18f,1.5170910242965983f,0.4128607750263278f,4.454072673212109f,-0.03564023004433787f,0.41275468890124634f,-1.5167012020662027f,-0.3299343296193502f,0f,0f,0f,1f], start_interpolation: 0, interpolation_duration: 1 }
$data merge entity $(bone_neck_spine2) { transformation: [-1.4970110718561465f,-0.006073473081721513f,0.03339528932146977f,-0.04070569197451068f,-1.2987838524565938e-18f,1.4732302617507411f,0.2679307327386518f,5.677535621059037f,-0.03394307623270272f,0.26786188693167334f,-1.4728517097078349f,1.5473212805763477f,0f,0f,0f,1f], start_interpolation: 0, interpolation_duration: 1 }
$data merge entity $(bone_scale_neck_left1) { transformation: [-1.5935571529012993f,0.39763570931528475f,0.12456534009148586f,0.7496355748843156f,0.4058852168198868f,1.3698513272348702f,0.8196460290135074f,4.7963839848153675f,0.0942755113582036f,0.8236797100741696f,-1.4232775358333853f,1.3706245926496503f,0f,0f,0f,1f], start_interpolation: 0, interpolation_duration: 1 }
$data merge entity $(bone_scale_neck_right1) { transformation: [-1.5876464915010706f,-0.4345599321713281f,-0.059927991900813736f,-0.822226050564638f,-0.4058852168198868f,1.3698513272348702f,0.8196460290135074f,4.7963839848153675f,-0.16640579806330924f,0.804810591047228f,-1.4274607188104327f,1.3349843626053124f,0f,0f,0f,1f], start_interpolation: 0, interpolation_duration: 1 }
$data merge entity $(bone_blush_right1) { transformation: [-0.9997430462482787f,-0.011410623193949412f,0.0195867086703644f,-0.724680791980966f,-8.673617379884035e-19f,0.8640659364710208f,0.5033786422072933f,4.033017112721135f,-0.022668071779752774f,0.5032492971766418f,-0.8638439114869099f,2.4826321439980066f,0f,0f,0f,1f], start_interpolation: 0, interpolation_duration: 1 }
$data merge entity $(bone_blush_left1) { transformation: [-0.9997430462482787f,-0.011410623193949412f,0.0195867086703644f,0.6001740066117237f,-8.673617379884035e-19f,0.8640659364710208f,0.5033786422072933f,4.033017112721135f,-0.022668071779752774f,0.5032492971766418f,-0.8638439114869099f,2.5126717664639484f,0f,0f,0f,1f], start_interpolation: 0, interpolation_duration: 1 }
$data merge entity $(bone_left_head_scales) { transformation: [-0.8958270479831986f,-0.011410623193949412f,-0.44425634241959205f,0.6107709347701218f,-0.23243438997135202f,0.8640659364710208f,0.44650230882841324f,4.861629603932583f,0.37877190294470575f,0.5032492971766418f,-0.776705858372951f,2.540740475537704f,0f,0f,0f,1f], start_interpolation: 0, interpolation_duration: 1 }
$data merge entity $(bone_left_head_scales2) { transformation: [-0.8301760346569753f,-0.011410623193949412f,-0.5573845612856048f,0.6177231477513674f,-0.28872612773248757f,0.8640659364710208f,0.4123436438155213f,4.000522692473504f,0.4769119149757361f,0.5032492971766418f,-0.7206213778714814f,2.2341230158980374f,0f,0f,0f,1f], start_interpolation: 0, interpolation_duration: 1 }
$data merge entity $(bone_left_head_scales1) { transformation: [-0.9997430462482787f,-0.011410623193949412f,0.0195867086703644f,0.6120524012420985f,-8.673617379884035e-19f,0.8640659364710208f,0.5033786422072933f,4.76459094895781f,-0.022668071779752774f,0.5032492971766418f,-0.8638439114869099f,2.4842232204836865f,0f,0f,0f,1f], start_interpolation: 0, interpolation_duration: 1 }
$data merge entity $(bone_right_head_scales) { transformation: [-0.8777387768504398f,-0.011410623193949412f,0.47900358797343007f,-0.73653902990041f,0.23243438997135202f,0.8640659364710208f,0.44650230882841324f,4.861629603932583f,-0.4189855534165102f,0.5032492971766418f,-0.7557719569549249f,2.5101917069282713f,0f,0f,0f,1f], start_interpolation: 0, interpolation_duration: 1 }
$data merge entity $(bone_right_head_scales2) { transformation: [-0.8077070855389878f,-0.011410623193949412f,0.5894735461820486f,-0.7295868169191644f,0.28872612773248757f,0.8640659364710208f,0.4123436438155213f,4.000522692473504f,-0.5140491096526842f,0.5032492971766418f,-0.6946176342107209f,2.203574247288605f,0f,0f,0f,1f], start_interpolation: 0, interpolation_duration: 1 }
$data merge entity $(bone_right_head_scales1) { transformation: [-0.9997430462482787f,-0.011410623193949412f,0.0195867086703644f,-0.7352575634284333f,-8.673617379884035e-19f,0.8640659364710208f,0.5033786422072933f,4.76459094895781f,-0.022668071779752774f,0.5032492971766418f,-0.8638439114869099f,2.453674451874254f,0f,0f,0f,1f], start_interpolation: 0, interpolation_duration: 1 }
$data merge entity $(bone_head_left_fin1) { transformation: [-0.7439791997555381f,0.017247989243840203f,-0.7381548992070208f,0.6185076487696292f,-0.1269314310746043f,1.0293029034742591f,0.1519840212982492f,4.443094958254857f,0.7273641180053053f,0.19726438551263653f,-0.7284939258990839f,2.1995237149340072f,0f,0f,0f,1f], start_interpolation: 0, interpolation_duration: 1 }
$data merge entity $(bone_head_right_fin1) { transformation: [-0.7102472142152229f,-0.02617117228957746f,0.7704149287661023f,-0.7288023159009026f,0.1269314310746043f,1.0293029034742591f,0.1519840212982492f,4.443094958254857f,-0.7603370992724491f,0.19627990387613029f,-0.6942887676100691f,2.1689749463245747f,0f,0f,0f,1f], start_interpolation: 0, interpolation_duration: 1 }
$data merge entity $(bone_right_whisker16) { transformation: [0.26138242906766873f,0.9249751556322933f,-0.27586262385053223f,-1.2534765143557431f,0.9605659055837389f,-0.2773462173980546f,-0.019804462251801463f,1.7071801590836695f,-0.09482809080002137f,-0.25980769264593795f,-0.9609930260086266f,2.061617542277774f,0f,0f,0f,1f], start_interpolation: 0, interpolation_duration: 1 }
$data merge entity $(bone_right_whisker15) { transformation: [-0.8829446117706472f,0.37987975111537725f,-0.27586262385053223f,-0.956000058241609f,0.4003524920930157f,0.916147185418276f,-0.019804462251801463f,1.5722957745406125f,0.24520745221157741f,-0.127928532168122f,-0.9609930260086266f,1.9790037033978967f,0f,0f,0f,1f], start_interpolation: 0, interpolation_duration: 1 }
$data merge entity $(bone_right_whisker14) { transformation: [-0.7174364936132384f,-0.6396754570829191f,-0.27586262385053223f,-0.714285614592618f,-0.6611150539243859f,0.7500231121435349f,-0.019804462251801463f,1.7950347331381837f,0.21957177210766f,0.16816848948683902f,-0.9609930260086266f,1.905026885646781f,0f,0f,0f,1f], start_interpolation: 0, interpolation_duration: 1 }
$data merge entity $(bone_right_whisker13) { transformation: [-0.0901627464283078f,-0.9948004533521807f,-0.04735754603862355f,-0.6839085174072994f,-0.9804000605075852f,0.08029279677907869f,0.17991327950464664f,2.12534530039904f,-0.17517534219526507f,0.06265081640081994f,-0.9825418437354627f,1.9640459218356154f,0f,0f,0f,1f], start_interpolation: 0, interpolation_duration: 1 }
$data merge entity $(bone_right_whisker12) { transformation: [0.07596273441482522f,-0.9967525742440828f,-0.026720193075964592f,-0.7180324020077091f,-0.9182131718928956f,-0.0803743136544065f,0.3878460270093935f,2.537823873710302f,-0.38873414301114695f,-0.0049270115056877055f,-0.9213367954309715f,2.138672587641404f,0f,0f,0f,1f], start_interpolation: 0, interpolation_duration: 1 }
$data merge entity $(bone_right_whisker11) { transformation: [0.2943108652775236f,-0.9557060946486137f,-0.0026410662790720546f,-0.8502423610190968f,-0.9514243388655359f,-0.2932514607883746f,0.09378330426980547f,2.9652215259350543f,-0.09040377201131533f,-0.025088670689765606f,-0.9955891304193445f,2.1792836570996124f,0f,0f,0f,1f], start_interpolation: 0, interpolation_duration: 1 }
$data merge entity $(bone_right_whisker10) { transformation: [0.06693440482276101f,-0.9917342072536693f,0.10946710745223362f,-0.8803105506855714f,-0.9853726151725941f,-0.08293722120237232f,-0.14886983108458235f,3.407869380407118f,0.15671820161980551f,-0.09790137640587536f,-0.9827790828965018f,2.1088829024657154f,0f,0f,0f,1f], start_interpolation: 0, interpolation_duration: 1 }
$data merge entity $(bone_right_whisker1) { transformation: [-0.3373547828895892f,-0.9380188945198766f,0.07945000934692711f,-0.7287644568093887f,-0.9323507512778468f,0.3445875100485393f,0.10946015032961998f,3.826698819457713f,-0.13005317010036055f,-0.03714837065412871f,-0.9908108656573111f,2.1673052249717366f,0f,0f,0f,1f], start_interpolation: 0, interpolation_duration: 1 }
$data merge entity $(bone_left_whisker16) { transformation: [0.25681577554235974f,-0.9122489221537954f,0.31913564743195816f,1.1475085685373165f,-0.9605659055837389f,-0.2773462173980546f,-0.019804462251801463f,1.7071801590836695f,0.10657766399517421f,-0.30146472384713585f,-0.9475020959412712f,2.116057232961673f,0f,0f,0f,1f], start_interpolation: 0, interpolation_duration: 1 }
$data merge entity $(bone_left_whisker15) { transformation: [-0.870923320879594f,-0.3736910591467834f,0.31913564743195816f,0.8540822543737815f,-0.4003524920930157f,0.916147185418276f,-0.019804462251801463f,1.5722957745406125f,-0.2849744746867195f,-0.14501491979767597f,-0.9475020959412712f,2.020045324986167f,0f,0f,0f,1f], start_interpolation: 0, interpolation_duration: 1 }
$data merge entity $(bone_left_whisker14) { transformation: [-0.7067472168302744f,0.6313959217803407f,0.31913564743195816f,0.6159691783909257f,0.6611150539243859f,0.7500231121435349f,-0.019804462251801463f,1.7950347331381837f,-0.2518635681816993f,0.19698863218389184f,-0.9475020959412712f,1.9351889470343249f,0f,0f,0f,1f], start_interpolation: 0, interpolation_duration: 1 }
$data merge entity $(bone_left_whisker13) { transformation: [-0.09800982150360578f,0.9909384973124254f,0.0918420896595008f,0.582948291263246f,0.9804000605075852f,0.08029279677907869f,0.17991327950464664f,2.12534530039904f,0.17090873659808867f,0.10767525866969635f,-0.97938564540474f,1.9927705037983294f,0f,0f,0f,1f], start_interpolation: 0, interpolation_duration: 1 }
$data merge entity $(bone_left_whisker12) { transformation: [0.05826549037091983f,0.9959515429165051f,0.06845185749173874f,0.6091222420158077f,0.9182131718928956f,-0.0803743136544065f,0.3878460270093935f,2.537823873710302f,0.3917776200783097f,0.04025535823733452f,-0.9191788740712874f,2.1687643565678827f,0f,0f,0f,1f], start_interpolation: 0, interpolation_duration: 1 }
$data merge entity $(bone_left_whisker11) { transformation: [0.28991090177111567f,0.9558610630946459f,0.04776292593457727f,0.7393556549208011f,0.9514243388655359f,-0.2932514607883746f,0.09378330426980547f,2.9652215259350543f,0.10365035672170675f,0.01825400791765442f,-0.9944462754449861f,2.215326040251462f,0f,0f,0f,1f], start_interpolation: 0, interpolation_duration: 1 }
$data merge entity $(bone_left_whisker10) { transformation: [0.07396879070662932f,0.9951523492852438f,-0.06481064506282222f,0.7725838226210447f,0.9853726151725941f,-0.08293722120237232f,-0.14886983108458235f,3.407869380407118f,-0.15352337694736304f,-0.05285091343854922f,-0.9867306388672589f,2.146360460763389f,0f,0f,0f,1f], start_interpolation: 0, interpolation_duration: 1 }
$data merge entity $(bone_left_whisker1) { transformation: [-0.3429026832916072f,0.9387386396019286f,-0.03446035852594111f,0.618545507861143f,0.9323507512778468f,0.3445875100485393f,0.10946015032961998f,3.826698819457713f,0.11462908175088415f,0.0054050381005642245f,-0.9933936577108193f,2.1978539935811687f,0f,0f,0f,1f], start_interpolation: 0, interpolation_duration: 1 }
$data merge entity $(bone_upper_left_tooth1) { transformation: [-0.9997430462482787f,-0.009660108185587499f,0.020506676670166955f,0.23066655993761645f,-8.673617379884035e-19f,0.9046502441589943f,0.42615482602344473f,3.7358886794542636f,-0.022668071779752774f,0.42604532394208383f,-0.9044177908847619f,3.2031749332739317f,0f,0f,0f,1f], start_interpolation: 0, interpolation_duration: 1 }
$data merge entity $(bone_upper_right_tooth1) { transformation: [-0.9997430462482787f,-0.009660108185587499f,0.020506676670166955f,-0.44298842239764946f,-8.673617379884035e-19f,0.9046502441589943f,0.42615482602344473f,3.7358886794542636f,-0.022668071779752774f,0.42604532394208383f,-0.9044177908847619f,3.1879005489692154f,0f,0f,0f,1f], start_interpolation: 0, interpolation_duration: 1 }
$data merge entity $(bone_top_lip1) { transformation: [-0.9997430462482787f,0.0020647029048903014f,0.022573845045241226f,-0.07928497732415492f,-8.673617379884035e-19f,0.9958431958647798f,-0.09108418770468613f,3.847644788718046f,-0.022668071779752774f,-0.09106078328093287f,-0.995587310219476f,3.248805757610042f,0f,0f,0f,1f], start_interpolation: 0, interpolation_duration: 1 }
$data merge entity $(bone_muzzle1) { transformation: [-0.9997430462482787f,-0.009660108185587499f,0.020506676670166955f,-0.06939731089511961f,-8.673617379884035e-19f,0.9046502441589943f,0.42615482602344473f,4.239335405984557f,-0.022668071779752774f,0.42604532394208383f,-0.9044177908847619f,2.8127243011855025f,0f,0f,0f,1f], start_interpolation: 0, interpolation_duration: 1 }
$data merge entity $(bone_jaw_right_tooth1) { transformation: [-0.9997430462482787f,0.0024775542373203178f,0.022532270263183878f,-0.44231000227994294f,-8.673617379884035e-19f,0.9940091279978125f,-0.10929708805374774f,3.5435688253864104f,-0.022668071779752774f,-0.10926900375692003f,-0.9937537136231281f,3.157979795157338f,0f,0f,0f,1f], start_interpolation: 0, interpolation_duration: 1 }
$data merge entity $(bone_jaw_left_tooth1) { transformation: [-0.9997430462482787f,0.0024775542373203178f,0.022532270263183878f,0.2874828952499284f,-8.673617379884035e-19f,0.9940091279978125f,-0.10929708805374774f,3.5435688253864104f,-0.022668071779752774f,-0.10926900375692003f,-0.9937537136231281f,3.1745270448207803f,0f,0f,0f,1f], start_interpolation: 0, interpolation_duration: 1 }
$data merge entity $(bone_tongue1) { transformation: [-0.9997430462482787f,-0.007899319089602895f,0.021247170073510017f,-0.06038275410026187f,-8.673617379884035e-19f,0.9373170457527881f,0.3484777693645124f,3.8171661947100897f,-0.022668071779752774f,0.34838822669428277f,-0.9370761986213294f,2.41515010262844f,0f,0f,0f,1f], start_interpolation: 0, interpolation_duration: 1 }
$data merge entity $(bone_jaw_lips1) { transformation: [-0.9997430462482787f,-0.007899319089602895f,0.021247170073510017f,-0.02231389596129959f,-8.673617379884035e-19f,0.9373170457527881f,0.3484777693645124f,3.3830261730465305f,-0.022668071779752774f,0.34838822669428277f,-0.9370761986213294f,3.2133330148213175f,0f,0f,0f,1f], start_interpolation: 0, interpolation_duration: 1 }
$data merge entity $(bone_jaw3) { transformation: [-0.9997430462482787f,-0.0014727730484793474f,0.022620177226531563f,-0.0018670304673339255f,-8.673617379884035e-19f,0.9978871359819854f,0.0649712539641259f,3.35734787318919f,-0.022668071779752774f,0.06495455935666583f,-0.9976307251386003f,2.3115531107438745f,0f,0f,0f,1f], start_interpolation: 0, interpolation_duration: 1 }
$data merge entity $(bone_jaw1) { transformation: [-0.9997430462482787f,-0.017036288518250512f,0.014953472898793448f,0.011567730340175816f,-8.673617379884035e-19f,0.6596711464514575f,0.7515543749719111f,4.0325725069530165f,-0.022668071779752774f,0.7513612602556395f,-0.6595016414754744f,1.7190321047307526f,0f,0f,0f,1f], start_interpolation: 0, interpolation_duration: 1 }
$data merge entity $(bone_tear_right1) { transformation: [-0.9997430462482787f,-0.011410623193949412f,0.0195867086703644f,-0.67500772071502f,-8.673617379884035e-19f,0.8640659364710208f,0.5033786422072933f,4.321773802136302f,-0.022668071779752774f,0.5032492971766418f,-0.8638439114869099f,2.769027750521278f,0f,0f,0f,1f], start_interpolation: 0, interpolation_duration: 1 }
$data merge entity $(bone_right_pupil1) { transformation: [-0.9997430462482787f,-0.011410623193949412f,0.0195867086703644f,-0.4923542338452831f,-8.673617379884035e-19f,0.8640659364710208f,0.5033786422072933f,4.384893388446716f,-0.022668071779752774f,0.5032492971766418f,-0.8638439114869099f,2.887953685429743f,0f,0f,0f,1f], start_interpolation: 0, interpolation_duration: 1 }
$data merge entity $(bone_right_sad_pupil1) { transformation: [-0.9997430462482787f,-0.011410623193949412f,0.0195867086703644f,-0.49213426592564524f,-8.673617379884035e-19f,0.8640659364710208f,0.5033786422072933f,4.390546566557442f,-0.022668071779752774f,0.5032492971766418f,-0.8638439114869099f,2.878252313376912f,0f,0f,0f,1f], start_interpolation: 0, interpolation_duration: 1 }
$data merge entity $(bone_right_happy_pupil1) { transformation: [-0.9997430462482787f,-0.011410623193949412f,0.0195867086703644f,-0.5198825017229893f,-8.673617379884035e-19f,0.8640659364710208f,0.5033786422072933f,4.366287213337444f,-0.022668071779752774f,0.5032492971766418f,-0.8638439114869099f,2.8634867559355985f,0f,0f,0f,1f], start_interpolation: 0, interpolation_duration: 1 }
$data merge entity $(bone_eyelid_right1) { transformation: [-0.9997430462482787f,-0.011410623193949412f,0.0195867086703644f,-0.048232830426643294f,-8.673617379884035e-19f,0.8640659364710208f,0.5033786422072933f,4.624686144606378f,-0.022668071779752774f,0.5032492971766418f,-0.8638439114869099f,2.3747261546168583f,0f,0f,0f,1f], start_interpolation: 0, interpolation_duration: 1 }
$data merge entity $(bone_eyelid_expressions_right5) { transformation: [-0.9997430462482787f,-0.011410623193949412f,0.0195867086703644f,-0.6225325780625575f,-8.673617379884035e-19f,0.8640659364710208f,0.5033786422072933f,4.487585221532215f,-0.022668071779752774f,0.5032492971766418f,-0.8638439114869099f,2.9318419862521967f,0f,0f,0f,1f], start_interpolation: 0, interpolation_duration: 1 }
$data merge entity $(bone_eyelid_expressions_right7) { transformation: [-0.9997430462482787f,-0.011410623193949412f,0.0195867086703644f,-0.2857050868949244f,-8.673617379884035e-19f,0.8640659364710208f,0.5033786422072933f,4.487585221532215f,-0.022668071779752774f,0.5032492971766418f,-0.8638439114869099f,2.939479178404555f,0f,0f,0f,1f], start_interpolation: 0, interpolation_duration: 1 }
$data merge entity $(bone_eyelid_expressions_right6) { transformation: [-0.9997430462482787f,-0.011410623193949412f,0.0195867086703644f,-0.3979809172841354f,-8.673617379884035e-19f,0.8640659364710208f,0.5033786422072933f,4.487585221532215f,-0.022668071779752774f,0.5032492971766418f,-0.8638439114869099f,2.9369334476871023f,0f,0f,0f,1f], start_interpolation: 0, interpolation_duration: 1 }
$data merge entity $(bone_right_eye1) { transformation: [-0.9997430462482787f,-0.011410623193949412f,0.0195867086703644f,-0.05968038138520227f,-8.673617379884035e-19f,0.8640659364710208f,0.5033786422072933f,4.619032966495651f,-0.022668071779752774f,0.5032492971766418f,-0.8638439114869099f,2.3841729535979446f,0f,0f,0f,1f], start_interpolation: 0, interpolation_duration: 1 }
$data merge entity $(bone_tear_left1) { transformation: [-0.9997430462482787f,-0.011410623193949412f,0.0195867086703644f,0.5375712474884586f,-8.673617379884035e-19f,0.8640659364710208f,0.5033786422072933f,4.321773802136302f,-0.022668071779752774f,0.5032492971766418f,-0.8638439114869099f,2.796521642269767f,0f,0f,0f,1f], start_interpolation: 0, interpolation_duration: 1 }
$data merge entity $(bone_left_sad_pupil1) { transformation: [-0.9997430462482787f,-0.011410623193949412f,0.0195867086703644f,0.3499344619934371f,-8.673617379884035e-19f,0.8640659364710208f,0.5033786422072933f,4.390546566557442f,-0.022668071779752774f,0.5032492971766418f,-0.8638439114869099f,2.897345293757807f,0f,0f,0f,1f], start_interpolation: 0, interpolation_duration: 1 }
$data merge entity $(bone_left_pupil1) { transformation: [-0.9997430462482787f,-0.011410623193949412f,0.0195867086703644f,0.34971449407379923f,-8.673617379884035e-19f,0.8640659364710208f,0.5033786422072933f,4.384893388446716f,-0.022668071779752774f,0.5032492971766418f,-0.8638439114869099f,2.9070466658106384f,0f,0f,0f,1f], start_interpolation: 0, interpolation_duration: 1 }
$data merge entity $(bone_eyelid_left1) { transformation: [-0.9997430462482787f,-0.011410623193949412f,0.0195867086703644f,-0.07068799650448548f,-8.673617379884035e-19f,0.8640659364710208f,0.5033786422072933f,4.624686144606378f,-0.022668071779752774f,0.5032492971766418f,-0.8638439114869099f,2.3742170084733676f,0f,0f,0f,1f], start_interpolation: 0, interpolation_duration: 1 }
$data merge entity $(bone_left_happy_pupil1) { transformation: [-0.9997430462482787f,-0.011410623193949412f,0.0195867086703644f,0.37832414139069853f,-8.673617379884035e-19f,0.8640659364710208f,0.5033786422072933f,4.366287213337444f,-0.022668071779752774f,0.5032492971766418f,-0.8638439114869099f,2.88385260167522f,0f,0f,0f,1f], start_interpolation: 0, interpolation_duration: 1 }
$data merge entity $(bone_eyelid_expressions_left5) { transformation: [-0.9997430462482787f,-0.011410623193949412f,0.0195867086703644f,0.47777055975171023f,-8.673617379884035e-19f,0.8640659364710208f,0.5033786422072933f,4.487585221532215f,-0.022668071779752774f,0.5032492971766418f,-0.8638439114869099f,2.9567901472832334f,0f,0f,0f,1f], start_interpolation: 0, interpolation_duration: 1 }
$data merge entity $(bone_eyelid_expressions_left7) { transformation: [-0.9997430462482787f,-0.011410623193949412f,0.0195867086703644f,0.1409430685840773f,-8.673617379884035e-19f,0.8640659364710208f,0.5033786422072933f,4.487585221532215f,-0.022668071779752774f,0.5032492971766418f,-0.8638439114869099f,2.949152955130875f,0f,0f,0f,1f], start_interpolation: 0, interpolation_duration: 1 }
$data merge entity $(bone_eyelid_expressions_left6) { transformation: [-0.9997430462482787f,-0.011410623193949412f,0.0195867086703644f,0.2532188989732883f,-8.673617379884035e-19f,0.8640659364710208f,0.5033786422072933f,4.487585221532215f,-0.022668071779752774f,0.5032492971766418f,-0.8638439114869099f,2.951698685848328f,0f,0f,0f,1f], start_interpolation: 0, interpolation_duration: 1 }
$data merge entity $(bone_left_eye1) { transformation: [-0.9997430462482787f,-0.011410623193949412f,0.0195867086703644f,-0.05968038138520227f,-8.673617379884035e-19f,0.8640659364710208f,0.5033786422072933f,4.619032966495651f,-0.022668071779752774f,0.5032492971766418f,-0.8638439114869099f,2.3841729535979446f,0f,0f,0f,1f], start_interpolation: 0, interpolation_duration: 1 }
$data merge entity $(bone_crest_middle5) { transformation: [-0.9997430462482787f,-0.0069008062000711495f,0.021592136346389717f,-0.08483011018712854f,-8.673617379884035e-19f,0.9525352026490366f,0.30442846074958096f,5.576385090345756f,-0.022668071779752774f,0.3043502367144607f,-0.9522904451550692f,3.4933659510902992f,0f,0f,0f,1f], start_interpolation: 0, interpolation_duration: 1 }
$data merge entity $(bone_crest_middle4) { transformation: [-0.9997430462482787f,-0.0069008062000711495f,0.021592136346389717f,-0.08018015288434621f,-8.673617379884035e-19f,0.9525352026490366f,0.30442846074958096f,4.934540080748261f,-0.022668071779752774f,0.3043502367144607f,-0.9522904451550692f,3.288286201741688f,0f,0f,0f,1f], start_interpolation: 0, interpolation_duration: 1 }
$data merge entity $(bone_crest_middle1) { transformation: [-0.9997430462482787f,-0.0069008062000711495f,0.021592136346389717f,-0.07851136626056249f,-8.673617379884035e-19f,0.9525352026490366f,0.30442846074958096f,4.42751465678322f,-0.022668071779752774f,0.3043502367144607f,-0.9522904451550692f,3.2146867425988903f,0f,0f,0f,1f], start_interpolation: 0, interpolation_duration: 1 }
$data merge entity $(bone_crest_left5) { transformation: [-0.5275379252034896f,-0.8394831504608176f,0.13027577504807816f,-1.1836689187046443f,-0.7287458194379594f,0.5259945584204683f,0.43847377933435683f,4.97251197680046f,-0.4366156984393654f,0.1363736213658524f,-0.8892519144043876f,3.2309720480551025f,0f,0f,0f,1f], start_interpolation: 0, interpolation_duration: 1 }
$data merge entity $(bone_crest_left4) { transformation: [-0.5275379252034896f,-0.8394831504608176f,0.13027577504807816f,-0.7122794543345563f,-0.7287458194379594f,0.5259945584204683f,0.43847377933435683f,4.677153704249904f,-0.4366156984393654f,0.1363736213658524f,-0.8892519144043876f,3.1543950634014255f,0f,0f,0f,1f], start_interpolation: 0, interpolation_duration: 1 }
$data merge entity $(bone_crest_left1) { transformation: [-0.5275379252034896f,-0.8394831504608176f,0.13027577504807816f,-0.1864357534246629f,-0.7287458194379594f,0.5259945584204683f,0.43847377933435683f,4.376880934826838f,-0.4366156984393654f,0.1363736213658524f,-0.8892519144043876f,3.0202268011044002f,0f,0f,0f,1f], start_interpolation: 0, interpolation_duration: 1 }
$data merge entity $(bone_crest_center1) { transformation: [-0.9997430462482787f,-0.011410623193949412f,0.0195867086703644f,-0.07383956051815044f,-8.673617379884035e-19f,0.8640659364710208f,0.5033786422072933f,4.352621581606841f,-0.022668071779752774f,0.5032492971766418f,-0.8638439114869099f,3.0086433989135646f,0f,0f,0f,1f], start_interpolation: 0, interpolation_duration: 1 }
$data merge entity $(bone_crest_right5) { transformation: [-0.5467851691898317f,0.8324393625150723f,-0.08983699955779298f,1.0247723113689173f,0.7287458194379594f,0.5259945584204683f,0.43847377933435683f,4.97251197680046f,0.4122566062608876f,0.17428262176004983f,-0.8942427289873253f,3.281046019074492f,0f,0f,0f,1f], start_interpolation: 0, interpolation_duration: 1 }
$data merge entity $(bone_crest_right4) { transformation: [-0.5467851691898317f,0.8324393625150723f,-0.08983699955779298f,0.5573380990191453f,0.7287458194379594f,0.5259945584204683f,0.43847377933435683f,4.677153704249904f,0.4122566062608876f,0.17428262176004983f,-0.8942427289873253f,3.1831822422072764f,0f,0f,0f,1f], start_interpolation: 0, interpolation_duration: 1 }
$data merge entity $(bone_crest_right1) { transformation: [-0.5467851691898317f,0.8324393625150723f,-0.08983699955779298f,0.038115907353759075f,0.7287458194379594f,0.5259945584204683f,0.43847377933435683f,4.376880934826838f,0.4122566062608876f,0.17428262176004983f,-0.8942427289873253f,3.0253182625393054f,0f,0f,0f,1f], start_interpolation: 0, interpolation_duration: 1 }
$data merge entity $(bone_head1) { transformation: [-1.047907750299302f,-0.011960353738449572f,0.02053033916620226f,-0.046941412569130425f,-9.091486967196152e-19f,0.9056941130978794f,0.527629957001134f,4.881438435098219f,-0.023760153362891893f,0.5274943805041621f,-0.9054613915976069f,1.822338863165203f,0f,0f,0f,1f], start_interpolation: 0, interpolation_duration: 1 }
$data merge entity $(bone_neck10) { transformation: [-1.4970110718561465f,-0.010380473630783354f,0.03231684067695479f,-0.020801521497565124f,-1.2987838524565938e-18f,1.4256545943100616f,0.45793368450753025f,4.780019807016815f,-0.03394307623270272f,0.4578160167292566f,-1.4252882670133946f,0.6694761678993824f,0f,0f,0f,1f], start_interpolation: 0, interpolation_duration: 1 }
$data merge entity $(bone_neck9) { transformation: [-1.1452134699699528f,-0.01307095801416276f,0.022436727803063918f,-0.005242296960056899f,-9.935696471292949e-19f,0.9897942807426835f,0.5766241672940969f,3.490251401791136f,-0.0259664533180176f,0.5764760015509777f,-0.9895399493888143f,-0.016741287538686644f,0f,0f,0f,1f], start_interpolation: 0, interpolation_duration: 1 }
$data merge entity $(bone_neck8) { transformation: [-1.0628778610178642f,0.00512416975309658f,0.02354852095886182f,-0.009806787188573059f,-9.221365352441817e-19f,1.038840938376394f,-0.22605229959054174f,2.7222668982502434f,-0.024099584125218933f,-0.22599421460407676f,-1.0385740042998364f,0.18456905813011537f,0f,0f,0f,1f], start_interpolation: 0, interpolation_duration: 1 }
$data merge entity $(bone_neck7) { transformation: [-1.0553928056585833f,0.012589647260808915f,0.020350415228101045f,-0.021627698093749516f,-9.156426159818987e-19f,0.8977567843365545f,-0.5553911855905647f,1.9216876070093796f,-0.023929868744055418f,-0.5552484757417543f,-0.897526102362686f,0.7059135109179518f,0f,0f,0f,1f], start_interpolation: 0, interpolation_duration: 1 }
$data merge entity $(bone_neck6) { transformation: [-1.0494047613711586f,0.009313003341995281f,0.021895821384600916f,-0.02967093209925488f,-9.104474805720722e-19f,0.9659322414956515f,-0.4108423262676315f,1.0646513675247924f,-0.023794096439124605f,-0.4107367587905311f,-0.9656840415822907f,1.0606489001685753f,0f,0f,0f,1f], start_interpolation: 0, interpolation_duration: 1 }
$data merge entity $(bone_neck_spine6) { transformation: [-1.2715013424646546f,-0.02040868016197511f,-0.05341526374864137f,0.09537903156902672f,-0.049427928347094946f,-0.20552065910600395f,1.2551109540979462f,0.261856314102151f,-0.028750383068842162f,1.2559180359288538f,0.2045205882514396f,-1.3991284758424478f,0f,0f,0f,1f], start_interpolation: 0, interpolation_duration: 1 }
$data merge entity $(bone_neck_spine7) { transformation: [-0.9860489248614022f,0.11705506843581609f,-0.11834537901058542f,-0.087574544897492f,-0.08098664576412166f,0.28377987787216535f,0.9554633138549775f,0.6763986719803728f,0.1454258607935651f,0.9517179686589644f,-0.27034094611084225f,-5.078510522953496f,0f,0f,0f,1f], start_interpolation: 0, interpolation_duration: 1 }
$data merge entity $(bone_tail6) { transformation: [-1.590193270172032f,0.5251701954167058f,-0.40097826234433803f,-1.2118124664528367f,0.4913248925272337f,1.638557087303133f,0.19756634115886612f,-2.046978178985764f,0.4417998992867788f,0.06803583630542262f,-1.6629750183017007f,-7.038074035026866f,0f,0f,0f,1f], start_interpolation: 0, interpolation_duration: 1 }
$data merge entity $(bone_tail5) { transformation: [-1.3136379188377656f,0.4338362483877135f,-0.3312429123714096f,-0.9378106253658597f,0.4058770851311931f,1.3535906373373707f,0.16320697747906332f,-1.1920788290884774f,0.36496513419342597f,0.05620351694795782f,-1.3737619716405354f,-7.002577076954472f,0f,0f,0f,1f], start_interpolation: 0, interpolation_duration: 1 }
$data merge entity $(bone_tail4) { transformation: [-0.9679437296699324f,0.31966881460147306f,-0.2440737249052492f,-0.8008097048223712f,0.2990673258861422f,0.9973825748801677f,0.12025777287930979f,-0.7646291541398341f,0.26892167782673493f,0.041413117751126806f,-1.0122456633140786f,-6.984828597918274f,0f,0f,0f,1f], start_interpolation: 0, interpolation_duration: 1 }
$data merge entity $(bone_segment18) { transformation: [-0.9234543905422461f,0.3433466368981124f,-0.17130404408245725f,-0.6080125210172789f,0.2853213742615618f,0.9129496918325615f,0.2917440206282291f,-0.25198650491744856f,0.25656130257258686f,0.22053559148941596f,-0.9410315355548247f,-6.860992694494041f,0f,0f,0f,1f], start_interpolation: 0, interpolation_duration: 1 }
$data merge entity $(bone_segment17) { transformation: [-0.9058438919864598f,0.3618353226124855f,-0.2202771950537354f,-0.34387980260630896f,-0.05001674101156485f,0.42500313451573435f,0.9038089738824141f,0.05825748243656684f,0.4206485100049743f,0.8297273859296916f,-0.36688866985623314f,-6.255307908378372f,0f,0f,0f,1f], start_interpolation: 0, interpolation_duration: 1 }
$data merge entity $(bone_segment16) { transformation: [-0.956455555929154f,0.2657713991716995f,-0.12065791691625535f,-0.09017712419777724f,-0.07646631689297963f,0.17078603757091743f,0.9823365165520659f,0.2212880993560707f,0.2816836379931842f,0.9487874855588804f,-0.14302669447967553f,-5.349605010786764f,0f,0f,0f,1f], start_interpolation: 0, interpolation_duration: 1 }
$data merge entity $(bone_segment15) { transformation: [-0.9860489248614022f,0.14369655168800471f,-0.08401677697132455f,0.07926973728978692f,-0.08098664576412166f,0.02681821049544686f,0.9963543279344443f,0.2529121122205747f,0.1454258607935651f,0.989258350795584f,-0.014806565896659907f,-4.183072336386698f,0f,0f,0f,1f], start_interpolation: 0, interpolation_duration: 1 }
$data merge entity $(bone_segment14) { transformation: [-1.0453037517916448f,0.05508001973139768f,-0.05460271002315013f,0.1412347594876093f,-0.06413596116613506f,-0.1989436569693009f,1.0271237500234083f,0.029100498130111174f,0.04361012498009368f,1.0276491671787809f,0.20176854120786683f,-3.0269670233105694f,0f,0f,0f,1f], start_interpolation: 0, interpolation_duration: 1 }
$data merge entity $(bone_segment13) { transformation: [-1.0246804936332805f,-0.008722196260301197f,-0.045248437354687296f,0.13196846083947344f,-0.03983309519736475f,-0.3387494786845499f,0.9673446785097495f,-0.40536052445979937f,-0.023169426355478685f,0.9681251601970327f,0.33806872629543183f,-1.8702304544331874f,0f,0f,0f,1f], start_interpolation: 0, interpolation_duration: 1 }
$data merge entity $(bone_segment12) { transformation: [-1.113068583919896f,-0.06167918694909478f,-0.04180773348954153f,0.05745669137076832f,-0.04523787639264517f,0.06200383727279957f,1.1129164119081936f,-0.330456559969169f,-0.05920931701782814f,1.112126379172989f,-0.064366565214679f,-0.5267220769087709f,0f,0f,0f,1f], start_interpolation: 0, interpolation_duration: 1 }
$data merge entity $(bone_segment11) { transformation: [-1.1889793419928032f,-0.05873747490752124f,-0.0009350065219261879f,-0.012507649838719642f,-0.03585887886062392f,0.7106731155915883f,0.9543483140151455f,0.4907775708783265f,-0.04653069957100183f,0.9532137602333383f,-0.7115766031711553f,0.5747880371229076f,0f,0f,0f,1f], start_interpolation: 0, interpolation_duration: 1 }
$data merge entity $(bone_segment10) { transformation: [-1.0479077502993024f,-0.011380955598760062f,0.02085710280665067f,-0.03030186808109071f,-9.091486967196156e-19f,0.9201092624596474f,0.5020698588454967f,1.4326748195062726f,-0.023760153362891903f,0.5019408501116402f,-0.9198728369326648f,1.088475433743946f,0f,0f,0f,1f], start_interpolation: 0, interpolation_duration: 1 }