# This file was generated by Animated Java via MC-Build. It is not recommended to edit this file directly.
$data merge entity $(bone_neck_spine5) { transformation: [-1.3668361960425688f,-0.008138050159427092f,0.029903937595803436f,0.09917887209945421f,-1.1858461261560207e-18f,1.319209586344868f,0.3590093695881111f,3.8642226595208213f,-0.03099150438638075f,0.3589171207836924f,-1.31887061049235f,-0.31399143363980536f,0f,0f,0f,1f], start_interpolation: 0, interpolation_duration: 1 }
$data merge entity $(bone_neck_spine2) { transformation: [-1.3017487581357794f,-0.0052812809406274025f,0.029039382018669364f,-0.0355152619078396f,-1.1293772630057337e-18f,1.2810697928267314f,0.2329832458596972f,4.928103483735543f,-0.029515718463219758f,0.23292337994058554f,-1.2807406171372475f,1.3184047491390625f,0f,0f,0f,1f], start_interpolation: 0, interpolation_duration: 1 }
$data merge entity $(bone_scale_neck_left1) { transformation: [-1.3857018720880865f,0.3457701820132911f,0.10831768703607467f,0.6517380136215747f,0.35294366679990163f,1.1911750671607568f,0.71273567740305f,4.161884669610613f,0.0819787055288727f,0.7162432261514519f,-1.2376326398551178f,1.16475545528976f,0f,0f,0f,1f], start_interpolation: 0, interpolation_duration: 1 }
$data merge entity $(bone_scale_neck_right1) { transformation: [-1.3805621665226702f,-0.37787820188811144f,-0.05211129730505543f,-0.7150981824209939f,-0.35294366679990163f,1.1911750671607568f,0.71273567740305f,4.161884669610613f,-0.144700693968095f,0.6998352965628071f,-1.2412701902699415f,1.1337639509033794f,0f,0f,0f,1f], start_interpolation: 0, interpolation_duration: 1 }
$data merge entity $(bone_blush_right1) { transformation: [-0.9997430462482787f,-0.011410623193949412f,0.0195867086703644f,-0.6302762184351921f,-8.673617379884035e-19f,0.8640659364710208f,0.5033786422072933f,3.4980873895286706f,-0.022668071779752774f,0.5032492971766418f,-0.8638439114869099f,2.1317185434187658f,0f,0f,0f,1f], start_interpolation: 0, interpolation_duration: 1 }
$data merge entity $(bone_blush_left1) { transformation: [-0.9997430462482787f,-0.011410623193949412f,0.0195867086703644f,0.5217714325149728f,-8.673617379884035e-19f,0.8640659364710208f,0.5033786422072933f,3.4980873895286706f,-0.022668071779752774f,0.5032492971766418f,-0.8638439114869099f,2.157839954258715f,0f,0f,0f,1f], start_interpolation: 0, interpolation_duration: 1 }
$data merge entity $(bone_left_head_scales) { transformation: [-0.8958270479831986f,-0.011410623193949412f,-0.44425634241959205f,0.5309861526527103f,-0.23243438997135202f,0.8640659364710208f,0.44650230882841324f,4.218619990582105f,0.37877190294470575f,0.5032492971766418f,-0.776705858372951f,2.1822475273663287f,0f,0f,0f,1f], start_interpolation: 0, interpolation_duration: 1 }
$data merge entity $(bone_left_head_scales2) { transformation: [-0.8301760346569753f,-0.011410623193949412f,-0.5573845612856048f,0.5370315552450978f,-0.28872612773248757f,0.8640659364710208f,0.4123436438155213f,3.4698313719220355f,0.4769119149757361f,0.5032492971766418f,-0.7206213778714814f,1.9156236494187928f,0f,0f,0f,1f], start_interpolation: 0, interpolation_duration: 1 }
$data merge entity $(bone_left_head_scales1) { transformation: [-0.9997430462482787f,-0.011410623193949412f,0.0195867086703644f,0.5321004713239944f,-8.673617379884035e-19f,0.8640659364710208f,0.5033786422072933f,4.134238551473606f,-0.022668071779752774f,0.5032492971766418f,-0.8638439114869099f,2.1331020881889224f,0f,0f,0f,1f], start_interpolation: 0, interpolation_duration: 1 }
$data merge entity $(bone_right_head_scales) { transformation: [-0.8777387768504398f,-0.011410623193949412f,0.47900358797343007f,-0.6405877296694912f,0.23243438997135202f,0.8640659364710208f,0.44650230882841324f,4.218619990582105f,-0.4189855534165102f,0.5032492971766418f,-0.7557719569549249f,2.155683380749431f,0f,0f,0f,1f], start_interpolation: 0, interpolation_duration: 1 }
$data merge entity $(bone_right_head_scales2) { transformation: [-0.8077070855389878f,-0.011410623193949412f,0.5894735461820486f,-0.6345423270771037f,0.28872612773248757f,0.8640659364710208f,0.4123436438155213f,3.4698313719220355f,-0.5140491096526842f,0.5032492971766418f,-0.6946176342107209f,1.889059502801895f,0f,0f,0f,1f], start_interpolation: 0, interpolation_duration: 1 }
$data merge entity $(bone_right_head_scales1) { transformation: [-0.9997430462482787f,-0.011410623193949412f,0.0195867086703644f,-0.6394734109982071f,-8.673617379884035e-19f,0.8640659364710208f,0.5033786422072933f,4.134238551473606f,-0.022668071779752774f,0.5032492971766418f,-0.8638439114869099f,2.1065379415720247f,0f,0f,0f,1f], start_interpolation: 0, interpolation_duration: 1 }
$data merge entity $(bone_head_left_fin1) { transformation: [-0.7097838824996935f,0.0164552245208314f,-0.7042272827217292f,0.5377137300435864f,-0.1210973156090635f,0.9819933290288585f,0.14499842031932347f,3.854676820427559f,0.6939324753143783f,0.18819757524683833f,-0.695010354149685f,1.8855373007544185f,0f,0f,0f,1f], start_interpolation: 0, interpolation_duration: 1 }
$data merge entity $(bone_head_right_fin1) { transformation: [-0.677602311201604f,-0.024968273687447813f,0.7350045531582193f,-0.6338601522786151f,0.1210973156090635f,0.9819933290288585f,0.14499842031932347f,3.854676820427559f,-0.7253899282499887f,0.18725834307685474f,-0.6623773584155691f,1.8589731541375207f,0f,0f,0f,1f], start_interpolation: 0, interpolation_duration: 1 }
$data merge entity $(bone_right_whisker16) { transformation: [0.26138242906766873f,0.9249751556322933f,-0.27586262385053223f,-1.090098585717607f,0.9605659055837389f,-0.2773462173980546f,-0.019804462251801463f,1.4756204733221783f,-0.09482809080002137f,-0.25980769264593795f,-0.9609930260086266f,1.7656188897489988f,0f,0f,0f,1f], start_interpolation: 0, interpolation_duration: 1 }
$data merge entity $(bone_right_whisker15) { transformation: [-0.8829446117706472f,0.37987975111537725f,-0.27586262385053223f,-0.8314234064879252f,0.4003524920930157f,0.916147185418276f,-0.019804462251801463f,1.3583297041543025f,0.24520745221157741f,-0.127928532168122f,-0.9609930260086266f,1.6937807689838882f,0f,0f,0f,1f], start_interpolation: 0, interpolation_duration: 1 }
$data merge entity $(bone_right_whisker14) { transformation: [-0.7174364936132384f,-0.6396754570829191f,-0.27586262385053223f,-0.6212369337496718f,-0.6611150539243859f,0.7500231121435349f,-0.019804462251801463f,1.5520157551087124f,0.21957177210766f,0.16816848948683902f,-0.9609930260086266f,1.6294531013742222f,0f,0f,0f,1f], start_interpolation: 0, interpolation_duration: 1 }
$data merge entity $(bone_right_whisker13) { transformation: [-0.0901627464283078f,-0.9948004533521807f,-0.04735754603862355f,-0.5948220666320035f,-0.9804000605075852f,0.08029279677907869f,0.17991327950464664f,1.839242335335544f,-0.17517534219526507f,0.06265081640081994f,-0.9825418437354627f,1.6807740024079911f,0f,0f,0f,1f], start_interpolation: 0, interpolation_duration: 1 }
$data merge entity $(bone_right_whisker12) { transformation: [0.07596273441482522f,-0.9967525742440828f,-0.026720193075964592f,-0.6244950097627946f,-0.9182131718928956f,-0.0803743136544065f,0.3878460270093935f,2.1979193556062064f,-0.38873414301114695f,-0.0049270115056877055f,-0.9213367954309715f,1.8326232770217203f,0f,0f,0f,1f], start_interpolation: 0, interpolation_duration: 1 }
$data merge entity $(bone_right_whisker11) { transformation: [0.2943108652775236f,-0.9557060946486137f,-0.0026410662790720546f,-0.7394601915118273f,-0.9514243388655359f,-0.2932514607883746f,0.09378330426980547f,2.5695694879755564f,-0.09040377201131533f,-0.025088670689765606f,-0.9955891304193445f,1.8679372504636405f,0f,0f,0f,1f], start_interpolation: 0, interpolation_duration: 1 }
$data merge entity $(bone_right_whisker10) { transformation: [0.06693440482276101f,-0.9917342072536693f,0.10946710745223362f,-0.7656064433957183f,-0.9853726151725941f,-0.08293722120237232f,-0.14886983108458235f,2.954480665777351f,0.15671820161980551f,-0.09790137640587536f,-0.9827790828965018f,1.8067192029559038f,0f,0f,0f,1f], start_interpolation: 0, interpolation_duration: 1 }
$data merge entity $(bone_right_whisker1) { transformation: [-0.3373547828895892f,-0.9380188945198766f,0.07945000934692711f,-0.6338272313294725f,-0.9323507512778468f,0.3445875100485393f,0.10946015032961998f,3.31868017799526f,-0.13005317010036055f,-0.03714837065412871f,-0.9908108656573111f,1.857521222526357f,0f,0f,0f,1f], start_interpolation: 0, interpolation_duration: 1 }
$data merge entity $(bone_left_whisker16) { transformation: [0.25681577554235974f,-0.9122489221537954f,0.31913564743195816f,0.9977145298415759f,-0.9605659055837389f,-0.2773462173980546f,-0.019804462251801463f,1.4756204733221783f,0.10657766399517421f,-0.30146472384713585f,-0.9475020959412712f,1.812957751213259f,0f,0f,0f,1f], start_interpolation: 0, interpolation_duration: 1 }
$data merge entity $(bone_left_whisker15) { transformation: [-0.870923320879594f,-0.3736910591467834f,0.31913564743195816f,0.7425612131776325f,-0.4003524920930157f,0.916147185418276f,-0.019804462251801463f,1.3583297041543025f,-0.2849744746867195f,-0.14501491979767597f,-0.9475020959412712f,1.7294691355823841f,0f,0f,0f,1f], start_interpolation: 0, interpolation_duration: 1 }
$data merge entity $(bone_left_whisker14) { transformation: [-0.7067472168302744f,0.6313959217803407f,0.31913564743195816f,0.535506364496888f,0.6611150539243859f,0.7500231121435349f,-0.019804462251801463f,1.5520157551087124f,-0.2518635681816993f,0.19698863218389184f,-0.9475020959412712f,1.655680980841652f,0f,0f,0f,1f], start_interpolation: 0, interpolation_duration: 1 }
$data merge entity $(bone_left_whisker13) { transformation: [-0.09800982150360578f,0.9909384973124254f,0.0918420896595008f,0.5067925496032535f,0.9804000605075852f,0.08029279677907869f,0.17991327950464664f,1.839242335335544f,0.17090873659808867f,0.10767525866969635f,-0.97938564540474f,1.7057518997668732f,0f,0f,0f,1f], start_interpolation: 0, interpolation_duration: 1 }
$data merge entity $(bone_left_whisker12) { transformation: [0.05826549037091983f,0.9959515429165051f,0.06845185749173874f,0.529552506779394f,0.9182131718928956f,-0.0803743136544065f,0.3878460270093935f,2.1979193556062064f,0.3917776200783097f,0.04025535823733452f,-0.9191788740712874f,1.858790032609963f,0f,0f,0f,1f], start_interpolation: 0, interpolation_duration: 1 }
$data merge entity $(bone_left_whisker11) { transformation: [0.28991090177111567f,0.9558610630946459f,0.04776292593457727f,0.6427989527837361f,0.9514243388655359f,-0.2932514607883746f,0.09378330426980547f,2.5695694879755564f,0.10365035672170675f,0.01825400791765442f,-0.9944462754449861f,1.8992784532043796f,0f,0f,0f,1f], start_interpolation: 0, interpolation_duration: 1 }
$data merge entity $(bone_left_whisker10) { transformation: [0.07396879070662932f,0.9951523492852438f,-0.06481064506282222f,0.6716930116535131f,0.9853726151725941f,-0.08293722120237232f,-0.14886983108458235f,2.954480665777351f,-0.15352337694736304f,-0.05285091343854922f,-0.9867306388672589f,1.8393083840843159f,0f,0f,0f,1f], start_interpolation: 0, interpolation_duration: 1 }
$data merge entity $(bone_left_whisker1) { transformation: [-0.3429026832916072f,0.9387386396019286f,-0.03446035852594111f,0.537746650992729f,0.9323507512778468f,0.3445875100485393f,0.10946015032961998f,3.31868017799526f,0.11462908175088415f,0.0054050381005642245f,-0.9933936577108193f,1.8840853691432549f,0f,0f,0f,1f], start_interpolation: 0, interpolation_duration: 1 }
$data merge entity $(bone_upper_left_tooth1) { transformation: [-0.9997430462482787f,-0.009660108185587499f,0.020506676670166955f,0.20046060932009713f,-8.673617379884035e-19f,0.9046502441589943f,0.42615482602344473f,3.2397148388618255f,-0.022668071779752774f,0.42604532394208383f,-0.9044177908847619f,2.758277490615222f,0f,0f,0f,1f], start_interpolation: 0, interpolation_duration: 1 }
$data merge entity $(bone_upper_right_tooth1) { transformation: [-0.9997430462482787f,-0.009660108185587499f,0.020506676670166955f,-0.3853263318410037f,-8.673617379884035e-19f,0.9046502441589943f,0.42615482602344473f,3.2397148388618255f,-0.022668071779752774f,0.42604532394208383f,-0.9044177908847619f,2.744995417306773f,0f,0f,0f,1f], start_interpolation: 0, interpolation_duration: 1 }
$data merge entity $(bone_top_lip1) { transformation: [-0.9997430462482787f,0.0020647029048903014f,0.022573845045241226f,-0.06906246655970413f,-8.673617379884035e-19f,0.9958431958647798f,-0.09108418770468613f,3.3368940643085927f,-0.022668071779752774f,-0.09106078328093287f,-0.995587310219476f,2.7979564682987963f,0f,0f,0f,1f], start_interpolation: 0, interpolation_duration: 1 }
$data merge entity $(bone_muzzle1) { transformation: [-0.9997430462482787f,-0.009660108185587499f,0.020506676670166955f,-0.060464495751847355f,-8.673617379884035e-19f,0.9046502441589943f,0.42615482602344473f,3.6774946010620804f,-0.022668071779752774f,0.42604532394208383f,-0.9044177908847619f,2.418755201842675f,0f,0f,0f,1f], start_interpolation: 0, interpolation_duration: 1 }
$data merge entity $(bone_jaw_right_tooth1) { transformation: [-0.9997430462482787f,0.0024775542373203178f,0.022532270263183878f,-0.3847364013038677f,-8.673617379884035e-19f,0.9940091279978125f,-0.10929708805374774f,3.072480183150648f,-0.022668071779752774f,-0.10926900375692003f,-0.9937537136231281f,2.7189773705138367f,0f,0f,0f,1f], start_interpolation: 0, interpolation_duration: 1 }
$data merge entity $(bone_jaw_left_tooth1) { transformation: [-0.9997430462482787f,0.0024775542373203178f,0.022532270263183878f,0.24986611828732486f,-8.673617379884035e-19f,0.9940091279978125f,-0.10929708805374774f,3.072480183150648f,-0.022668071779752774f,-0.10926900375692003f,-0.9937537136231281f,2.7333662832646564f,0f,0f,0f,1f], start_interpolation: 0, interpolation_duration: 1 }
$data merge entity $(bone_tongue1) { transformation: [-0.9997430462482787f,-0.007899319089602895f,0.021247170073510017f,-0.052625750712840653f,-8.673617379884035e-19f,0.9373170457527881f,0.3484777693645124f,3.3103909390842823f,-0.022668071779752774f,0.34838822669428277f,-0.9370761986213294f,2.0730385074452293f,0f,0f,0f,1f], start_interpolation: 0, interpolation_duration: 1 }
$data merge entity $(bone_jaw_lips1) { transformation: [-0.9997430462482787f,-0.007899319089602895f,0.021247170073510017f,-0.019522395809395195f,-8.673617379884035e-19f,0.9373170457527881f,0.3484777693645124f,2.932877876768144f,-0.022668071779752774f,0.34838822669428277f,-0.9370761986213294f,2.7671106050042535f,0f,0f,0f,1f], start_interpolation: 0, interpolation_duration: 1 }
$data merge entity $(bone_jaw3) { transformation: [-0.9997430462482787f,-0.0014727730484793474f,0.022620177226531563f,-0.0017425127711641654f,-8.673617379884035e-19f,0.9978871359819854f,0.0649712539641259f,2.9105489203704566f,-0.022668071779752774f,0.06495455935666583f,-0.9976307251386003f,1.9829541666760417f,0f,0f,0f,1f], start_interpolation: 0, interpolation_duration: 1 }
$data merge entity $(bone_jaw1) { transformation: [-0.9997430462482787f,-0.017036288518250512f,0.014953472898793448f,0.009939887931018215f,-8.673617379884035e-19f,0.6596711464514575f,0.7515543749719111f,3.4977007758172625f,-0.022668071779752774f,0.7513612602556395f,-0.6595016414754744f,1.4677185092733274f,0f,0f,0f,1f], start_interpolation: 0, interpolation_duration: 1 }
$data merge entity $(bone_tear_right1) { transformation: [-0.9997430462482787f,-0.011410623193949412f,0.0195867086703644f,-0.587082243421326f,-8.673617379884035e-19f,0.8640659364710208f,0.5033786422072933f,3.7491801629331634f,-0.022668071779752774f,0.5032492971766418f,-0.8638439114869099f,2.3807582012650883f,0f,0f,0f,1f], start_interpolation: 0, interpolation_duration: 1 }
$data merge entity $(bone_right_pupil1) { transformation: [-0.9997430462482787f,-0.011410623193949412f,0.0195867086703644f,-0.42825312440416347f,-8.673617379884035e-19f,0.8640659364710208f,0.5033786422072933f,3.804066759724828f,-0.022668071779752774f,0.5032492971766418f,-0.8638439114869099f,2.484172057707232f,0f,0f,0f,1f], start_interpolation: 0, interpolation_duration: 1 }
$data merge entity $(bone_right_sad_pupil1) { transformation: [-0.9997430462482787f,-0.011410623193949412f,0.0195867086703644f,-0.42806184795230445f,-8.673617379884035e-19f,0.8640659364710208f,0.5033786422072933f,3.8089825667776336f,-0.022668071779752774f,0.5032492971766418f,-0.8638439114869099f,2.4757360820091177f,0f,0f,0f,1f], start_interpolation: 0, interpolation_duration: 1 }
$data merge entity $(bone_right_happy_pupil1) { transformation: [-0.9997430462482787f,-0.011410623193949412f,0.0195867086703644f,-0.45219074864564707f,-8.673617379884035e-19f,0.8640659364710208f,0.5033786422072933f,3.787887477021114f,-0.022668071779752774f,0.5032492971766418f,-0.8638439114869099f,2.4628964668427584f,0f,0f,0f,1f], start_interpolation: 0, interpolation_duration: 1 }
$data merge entity $(bone_eyelid_right1) { transformation: [-0.9997430462482787f,-0.011410623193949412f,0.0195867086703644f,-0.04206059969230273f,-8.673617379884035e-19f,0.8640659364710208f,0.5033786422072933f,4.012582199863664f,-0.022668071779752774f,0.5032492971766418f,-0.8638439114869099f,2.037887248304724f,0f,0f,0f,1f], start_interpolation: 0, interpolation_duration: 1 }
$data merge entity $(bone_eyelid_expressions_right5) { transformation: [-0.9997430462482787f,-0.011410623193949412f,0.0195867086703644f,-0.5414516845930977f,-8.673617379884035e-19f,0.8640659364710208f,0.5033786422072933f,3.8933640058861316f,-0.022668071779752774f,0.5032492971766418f,-0.8638439114869099f,2.522335797552844f,0f,0f,0f,1f], start_interpolation: 0, interpolation_duration: 1 }
$data merge entity $(bone_eyelid_expressions_right7) { transformation: [-0.9997430462482787f,-0.011410623193949412f,0.0195867086703644f,-0.24855821401254724f,-8.673617379884035e-19f,0.8640659364710208f,0.5033786422072933f,3.8933640058861316f,-0.022668071779752774f,0.5032492971766418f,-0.8638439114869099f,2.5289768342070684f,0f,0f,0f,1f], start_interpolation: 0, interpolation_duration: 1 }
$data merge entity $(bone_eyelid_expressions_right6) { transformation: [-0.9997430462482787f,-0.011410623193949412f,0.0195867086703644f,-0.3461893708727307f,-8.673617379884035e-19f,0.8640659364710208f,0.5033786422072933f,3.8933640058861316f,-0.022668071779752774f,0.5032492971766418f,-0.8638439114869099f,2.526763155322327f,0f,0f,0f,1f], start_interpolation: 0, interpolation_duration: 1 }
$data merge entity $(bone_right_eye1) { transformation: [-0.9997430462482787f,-0.011410623193949412f,0.0195867086703644f,-0.05201499183018011f,-8.673617379884035e-19f,0.8640659364710208f,0.5033786422072933f,4.007666392810859f,-0.022668071779752774f,0.5032492971766418f,-0.8638439114869099f,2.046101856114364f,0f,0f,0f,1f], start_interpolation: 0, interpolation_duration: 1 }
$data merge entity $(bone_tear_left1) { transformation: [-0.9997430462482787f,-0.011410623193949412f,0.0195867086703644f,0.4673342506686554f,-8.673617379884035e-19f,0.8640659364710208f,0.5033786422072933f,3.7491801629331634f,-0.022668071779752774f,0.5032492971766418f,-0.8638439114869099f,2.404665933220296f,0f,0f,0f,1f], start_interpolation: 0, interpolation_duration: 1 }
$data merge entity $(bone_left_sad_pupil1) { transformation: [-0.9997430462482787f,-0.011410623193949412f,0.0195867086703644f,0.3041718284990716f,-8.673617379884035e-19f,0.8640659364710208f,0.5033786422072933f,3.8089825667776336f,-0.022668071779752774f,0.5032492971766418f,-0.8638439114869099f,2.492338673644679f,0f,0f,0f,1f], start_interpolation: 0, interpolation_duration: 1 }
$data merge entity $(bone_left_pupil1) { transformation: [-0.9997430462482787f,-0.011410623193949412f,0.0195867086703644f,0.3039805520472126f,-8.673617379884035e-19f,0.8640659364710208f,0.5033786422072933f,3.804066759724828f,-0.022668071779752774f,0.5032492971766418f,-0.8638439114869099f,2.500774649342793f,0f,0f,0f,1f], start_interpolation: 0, interpolation_duration: 1 }
$data merge entity $(bone_eyelid_left1) { transformation: [-0.9997430462482787f,-0.011410623193949412f,0.0195867086703644f,-0.06158683106433943f,-8.673617379884035e-19f,0.8640659364710208f,0.5033786422072933f,4.012582199863664f,-0.022668071779752774f,0.5032492971766418f,-0.8638439114869099f,2.0374445125277756f,0f,0f,0f,1f], start_interpolation: 0, interpolation_duration: 1 }
$data merge entity $(bone_left_happy_pupil1) { transformation: [-0.9997430462482787f,-0.011410623193949412f,0.0195867086703644f,0.32885850623582064f,-8.673617379884035e-19f,0.8640659364710208f,0.5033786422072933f,3.787887477021114f,-0.022668071779752774f,0.5032492971766418f,-0.8638439114869099f,2.4806058979206904f,0f,0f,0f,1f], start_interpolation: 0, interpolation_duration: 1 }
$data merge entity $(bone_eyelid_expressions_left5) { transformation: [-0.9997430462482787f,-0.011410623193949412f,0.0195867086703644f,0.4153336526367003f,-8.673617379884035e-19f,0.8640659364710208f,0.5033786422072933f,3.8933640058861316f,-0.022668071779752774f,0.5032492971766418f,-0.8638439114869099f,2.5440298506233106f,0f,0f,0f,1f], start_interpolation: 0, interpolation_duration: 1 }
$data merge entity $(bone_eyelid_expressions_left7) { transformation: [-0.9997430462482787f,-0.011410623193949412f,0.0195867086703644f,0.12244018205615f,-8.673617379884035e-19f,0.8640659364710208f,0.5033786422072933f,3.8933640058861316f,-0.022668071779752774f,0.5032492971766418f,-0.8638439114869099f,2.537388813969086f,0f,0f,0f,1f], start_interpolation: 0, interpolation_duration: 1 }
$data merge entity $(bone_eyelid_expressions_left6) { transformation: [-0.9997430462482787f,-0.011410623193949412f,0.0195867086703644f,0.22007133891633346f,-8.673617379884035e-19f,0.8640659364710208f,0.5033786422072933f,3.8933640058861316f,-0.022668071779752774f,0.5032492971766418f,-0.8638439114869099f,2.5396024928538274f,0f,0f,0f,1f], start_interpolation: 0, interpolation_duration: 1 }
$data merge entity $(bone_left_eye1) { transformation: [-0.9997430462482787f,-0.011410623193949412f,0.0195867086703644f,-0.05201499183018011f,-8.673617379884035e-19f,0.8640659364710208f,0.5033786422072933f,4.007666392810859f,-0.022668071779752774f,0.5032492971766418f,-0.8638439114869099f,2.046101856114364f,0f,0f,0f,1f], start_interpolation: 0, interpolation_duration: 1 }
$data merge entity $(bone_crest_middle5) { transformation: [-0.9997430462482787f,-0.0069008062000711495f,0.021592136346389717f,-0.07388432122315947f,-8.673617379884035e-19f,0.9525352026490366f,0.30442846074958096f,4.840146500506602f,-0.022668071779752774f,0.3043502367144607f,-0.9522904451550692f,3.010617506107715f,0f,0f,0f,1f], start_interpolation: 0, interpolation_duration: 1 }
$data merge entity $(bone_crest_middle4) { transformation: [-0.9997430462482787f,-0.0069008062000711495f,0.021592136346389717f,-0.06984088009030527f,-8.673617379884035e-19f,0.9525352026490366f,0.30442846074958096f,4.282020405204432f,-0.022668071779752774f,0.3043502367144607f,-0.9522904451550692f,2.832287289282836f,0f,0f,0f,1f], start_interpolation: 0, interpolation_duration: 1 }
$data merge entity $(bone_crest_middle1) { transformation: [-0.9997430462482787f,-0.0069008062000711495f,0.021592136346389717f,-0.06838976128701509f,-8.673617379884035e-19f,0.9525352026490366f,0.30442846074958096f,3.841128732191353f,-0.022668071779752774f,0.3043502367144607f,-0.9522904451550692f,2.7682877595934468f,0f,0f,0f,1f], start_interpolation: 0, interpolation_duration: 1 }
$data merge entity $(bone_crest_left5) { transformation: [-0.5275379252034896f,-0.8394831504608176f,0.13027577504807816f,-1.0293963286296957f,-0.7287458194379594f,0.5259945584204683f,0.43847377933435683f,4.315039445249824f,-0.4366156984393654f,0.1363736213658524f,-0.8892519144043876f,2.7824488947727612f,0f,0f,0f,1f], start_interpolation: 0, interpolation_duration: 1 }
$data merge entity $(bone_crest_left4) { transformation: [-0.5275379252034896f,-0.8394831504608176f,0.13027577504807816f,-0.6194924465687495f,-0.7287458194379594f,0.5259945584204683f,0.43847377933435683f,4.05820616477108f,-0.4366156984393654f,0.1363736213658524f,-0.8892519144043876f,2.7158602124652163f,0f,0f,0f,1f], start_interpolation: 0, interpolation_duration: 1 }
$data merge entity $(bone_crest_left1) { transformation: [-0.5275379252034896f,-0.8394831504608176f,0.13027577504807816f,-0.16223705447318934f,-0.7287458194379594f,0.5259945584204683f,0.43847377933435683f,3.7970994087510213f,-0.4366156984393654f,0.1363736213658524f,-0.8892519144043876f,2.59919215829389f,0f,0f,0f,1f], start_interpolation: 0, interpolation_duration: 1 }
$data merge entity $(bone_crest_center1) { transformation: [-0.9997430462482787f,-0.011410623193949412f,0.0195867086703644f,-0.06432732151100459f,-8.673617379884035e-19f,0.8640659364710208f,0.5033786422072933f,3.776004318994502f,-0.022668071779752774f,0.5032492971766418f,-0.8638439114869099f,2.5891196346496854f,0f,0f,0f,1f], start_interpolation: 0, interpolation_duration: 1 }
$data merge entity $(bone_crest_right5) { transformation: [-0.5467851691898317f,0.8324393625150723f,-0.08983699955779298f,0.8909873496951422f,0.7287458194379594f,0.5259945584204683f,0.43847377933435683f,4.315039445249823f,0.4122566062608876f,0.17428262176004983f,-0.8942427289873253f,2.825991478267883f,0f,0f,0f,1f], start_interpolation: 0, interpolation_duration: 1 }
$data merge entity $(bone_crest_right4) { transformation: [-0.5467851691898317f,0.8324393625150723f,-0.08983699955779298f,0.4845228172170794f,0.7287458194379594f,0.5259945584204683f,0.43847377933435683f,4.058206164771079f,0.4122566062608876f,0.17428262176004983f,-0.8942427289873253f,2.740892541861609f,0f,0f,0f,1f], start_interpolation: 0, interpolation_duration: 1 }
$data merge entity $(bone_crest_right1) { transformation: [-0.5467851691898317f,0.8324393625150723f,-0.08983699955779298f,0.03302525924717759f,0.7287458194379594f,0.5259945584204683f,0.43847377933435683f,3.797099408751021f,0.4122566062608876f,0.17428262176004983f,-0.8942427289873253f,2.603619516063373f,0f,0f,0f,1f], start_interpolation: 0, interpolation_duration: 1 }
$data merge entity $(bone_head1) { transformation: [-0.9997430462482787f,-0.011410623193949412f,0.0195867086703644f,-0.040937627642291544f,-8.673617379884035e-19f,0.8640659364710208f,0.5033786422072933f,4.2358450611609175f,-0.022668071779752774f,0.5032492971766418f,-0.8638439114869099f,1.5575504731293712f,0f,0f,0f,1f], start_interpolation: 0, interpolation_duration: 1 }
$data merge entity $(bone_neck10) { transformation: [-1.3017487581357794f,-0.009026498809376829f,0.028101600588656343f,-0.01820728758006085f,-1.1293772630057337e-18f,1.2396996472261403f,0.3982032039195915f,4.147654949785784f,-0.029515718463219758f,0.398100884112397f,-1.2393811017507779f,0.5550611728982229f,0f,0f,0f,1f], start_interpolation: 0, interpolation_duration: 1 }
$data merge entity $(bone_neck9) { transformation: [-0.9997430462482787f,-0.01141062319394941f,0.019586708670364397f,-0.004677527112662392f,-8.673617379884035e-19f,0.8640659364710207f,0.5033786422072932f,3.02611720611128f,-0.022668071779752774f,0.5032492971766418f,-0.8638439114869099f,-0.041649657917489036f,0f,0f,0f,1f], start_interpolation: 0, interpolation_duration: 1 }
$data merge entity $(bone_neck8) { transformation: [-0.9997430462482787f,0.004819794697340078f,0.022149741697986378f,-0.008733523511455836f,-8.673617379884035e-19f,0.9771339138678143f,-0.21262482068038707f,2.3956681213997486f,-0.022668071779752774f,-0.2125701859350042f,-0.9768828356427119f,0.13723429104387386f,0f,0f,0f,1f], start_interpolation: 0, interpolation_duration: 1 }
$data merge entity $(bone_neck7) { transformation: [-0.9997430462482787f,0.011925808321062284f,0.01927735910599026f,-0.01889483706726571f,-8.673617379884035e-19f,0.8504190075491506f,-0.5261059889405534f,1.7134332721273946f,-0.022668071779752774f,-0.5259708040328921f,-0.8502004891946258f,0.5853845645595548f,0f,0f,0f,1f], start_interpolation: 0, interpolation_duration: 1 }
$data merge entity $(bone_neck6) { transformation: [-0.9997430462482787f,0.008872277574461795f,0.020859630122649016f,-0.025768386040981677f,-8.673617379884035e-19f,0.9202207547834279f,-0.3913997476568145f,0.9777151985566381f,-0.022668071779752774f,-0.39129917602323133f,-0.9199843006080746f,0.888532660096178f,0f,0f,0f,1f], start_interpolation: 0, interpolation_duration: 1 }
$data merge entity $(bone_neck_spine6) { transformation: [-1.105653341273613f,-0.017746678401717488f,-0.0464480554336012f,0.08377287612326922f,-0.04298080725834344f,-0.1787136166139165f,1.0914008296503883f,0.3301245594785517f,-0.025000333103341016f,1.092102639938134f,0.17784398978386057f,-1.2384237171177814f,0f,0f,0f,1f], start_interpolation: 0, interpolation_duration: 1 }
$data merge entity $(bone_neck_spine7) { transformation: [-0.9860489248614022f,0.11705506843581609f,-0.11834537901058542f,-0.07531719036935577f,-0.08098664576412166f,0.28377987787216535f,0.9554633138549775f,0.6905961750248315f,0.1454258607935651f,0.9517179686589644f,-0.27034094611084225f,-4.437886366779563f,0f,0f,0f,1f], start_interpolation: 0, interpolation_duration: 1 }
$data merge entity $(bone_tail6) { transformation: [-1.382776756671332f,0.4566697351449615f,-0.3486767498646417f,-1.052915383026177f,0.42723903698020316f,1.424832249828811f,0.171796818399014f,-1.6775576084239838f,0.38417382546676415f,0.059161596787324015f,-1.4460652333058266f,-6.1418546381477075f,0f,0f,0f,1f], start_interpolation: 0, interpolation_duration: 1 }
$data merge entity $(bone_tail5) { transformation: [-1.1422938424676221f,0.37724891164149f,-0.2880373151055736f,-0.814652912515762f,0.35293659576625486f,1.177035336815105f,0.14191911085135941f,-0.934166869382864f,0.317360986255153f,0.0488726234330068f,-1.1945756275135089f,-6.110987718084756f,0f,0f,0f,1f], start_interpolation: 0, interpolation_duration: 1 }
$data merge entity $(bone_tail4) { transformation: [-0.9234543905422461f,0.30497596225333085f,-0.2328554294748216f,-0.6955216772605547f,0.2853213742615618f,0.9515401459726321f,0.1147303969829937f,-0.5624714998623046f,0.25656130257258686f,0.039509657680578125f,-0.9657200862424998f,-6.09555425805328f,0f,0f,0f,1f], start_interpolation: 0, interpolation_duration: 1 }
$data merge entity $(bone_segment18) { transformation: [-0.9234543905422461f,0.3433466368981124f,-0.17130404408245725f,-0.5278719522126483f,0.2853213742615618f,0.9129496918325615f,0.2917440206282291f,-0.11669528314718675f,0.25656130257258686f,0.22053559148941596f,-0.9410315355548247f,-5.987870863771339f,0f,0f,0f,1f], start_interpolation: 0, interpolation_duration: 1 }
$data merge entity $(bone_segment17) { transformation: [-0.9058438919864598f,0.3618353226124855f,-0.2202771950537354f,-0.29819132750745725f,-0.05001674101156485f,0.42500313451573435f,0.9038089738824141f,0.15308209716065246f,0.4206485100049743f,0.8297273859296916f,-0.36688866985623314f,-5.461188441062062f,0f,0f,0f,1f], start_interpolation: 0, interpolation_duration: 1 }
$data merge entity $(bone_segment16) { transformation: [-0.956455555929154f,0.2657713991716995f,-0.12065791691625535f,-0.07758030280438641f,-0.07646631689297963f,0.17078603757091743f,0.9823365165520659f,0.29484785100369915f,0.2816836379931842f,0.9487874855588804f,-0.14302669447967553f,-4.673620704025883f,0f,0f,0f,1f], start_interpolation: 0, interpolation_duration: 1 }
$data merge entity $(bone_segment15) { transformation: [-0.9860489248614022f,0.14369655168800471f,-0.08401677697132455f,0.06976479414132156f,-0.08098664576412166f,0.02681821049544686f,0.9963543279344443f,0.322346992625007f,0.1454258607935651f,0.989258350795584f,-0.014806565896659907f,-3.65924446541713f,0f,0f,0f,1f], start_interpolation: 0, interpolation_duration: 1 }
$data merge entity $(bone_segment14) { transformation: [-0.9972587346285513f,0.05254839149529621f,-0.05209302024568861f,0.123647422139428f,-0.06118809711253634f,-0.18979966279804125f,0.9799143354260598f,0.12772819776373434f,0.041605684453058345f,0.9804156029730489f,0.19249470763682217f,-2.653935497524844f,0f,0f,0f,1f], start_interpolation: 0, interpolation_duration: 1 }
$data merge entity $(bone_segment13) { transformation: [-0.998990313056629f,-0.008503518537494535f,-0.044113995415296536f,0.115589771141049f,-0.038834423499303244f,-0.3302565530050579f,0.943091987426833f,-0.25006399579270955f,-0.02258853626278341f,0.9438529013409345f,0.32959286803540677f,-1.6480776115445115f,0f,0f,0f,1f], start_interpolation: 0, interpolation_duration: 1 }
$data merge entity $(bone_segment12) { transformation: [-0.9977667609576661f,-0.05528989270721309f,-0.03747690612193512f,0.05079692812478365f,-0.040551723454393354f,0.05558091278145327f,0.9976303523145527f,-0.184930113626944f,-0.05307587449044883f,0.9969221583949296f,-0.0576988877559072f,-0.47980945717545315f,0f,0f,0f,1f], start_interpolation: 0, interpolation_duration: 1 }
$data merge entity $(bone_segment11) { transformation: [-1.033895079993742f,-0.051076065136975f,-0.0008130491495010331f,-0.010313423065298387f,-0.031181633791846897f,0.6179766222535552f,0.829868099143605f,0.5291783247658639f,-0.04046147788782769f,0.8288815306376855f,-0.6187622636270916f,0.47801478794963265f,0f,0f,0f,1f], start_interpolation: 0, interpolation_duration: 1 }
$data merge entity $(bone_segment10) { transformation: [-0.9997430462482787f,-0.010857855776208358f,0.01989845336087915f,-0.026477372943982974f,-8.673617379884035e-19f,0.8778185261726823f,0.47899335601657334f,1.3392742489174814f,-0.022668071779752774f,0.4788702768766953f,-0.8775929674090517f,0.9198015184729966f,0f,0f,0f,1f], start_interpolation: 0, interpolation_duration: 1 }