# This file was generated by Animated Java via MC-Build. It is not recommended to edit this file directly.
$data merge entity $(bone_neck_spine5) { transformation: [-1.3669601102027134f,-0.00629937525996412f,0.024125404497558657f,0.09696259968106552f,0f,1.3228366437180847f,0.34540537661264603f,3.8615571221532785f,-0.02493425897909684f,0.3453479289995207f,-1.3226166303283642f,-0.32574890425036557f,0f,0f,0f,1f], start_interpolation: 0, interpolation_duration: 1 }
$data merge entity $(bone_neck_spine2) { transformation: [-1.3018667716216314f,-0.003974735052489614f,0.02341190665404803f,-0.030274501451923553f,0f,1.2837143528273685f,0.21794143086952392f,4.943299294385354f,-0.023746913313425554f,0.21790518298268635f,-1.2835008462333832f,1.295058737301344f,0f,0f,0f,1f], start_interpolation: 0, interpolation_duration: 1 }
$data merge entity $(bone_scale_neck_left1) { transformation: [-1.3852493488076678f,0.34919641131998974f,0.1029831362503115f,0.6561270363831713f,0.35424910215179267f,1.19939992215542f,0.6981452705282764f,4.175148758954927f,0.0839716241081388f,0.700686171875535f,-1.2463735689149653f,1.1473626807497914f,0f,0f,0f,1f], start_interpolation: 0, interpolation_duration: 1 }
$data merge entity $(bone_scale_neck_right1) { transformation: [-1.3812654728055256f,-0.3745175768447405f,-0.057460392205844986f,-0.7108330738195419f,-0.35424910215179267f,1.19939992215542f,0.6981452705282764f,4.175148758954927f,-0.1344346892091268f,0.6874851487637352f,-1.2493001652802773f,1.1224284217706946f,0f,0f,0f,1f], start_interpolation: 0, interpolation_duration: 1 }
$data merge entity $(bone_blush_right1) { transformation: [-0.999833680605413f,-0.009017668321174635f,0.01585221703997147f,-0.6217113032597706f,0f,0.8692038132155885f,0.494453972672362f,3.5222243406982834f,-0.018237629424710827f,0.494371735386976f,-0.8690592477636017f,2.1266667848080107f,0f,0f,0f,1f], start_interpolation: 0, interpolation_duration: 1 }
$data merge entity $(bone_blush_left1) { transformation: [-0.999833680605413f,-0.009017668321174635f,0.01585221703997147f,0.5304407896253732f,0f,0.8692038132155885f,0.494453972672362f,3.5222243406982834f,-0.018237629424710827f,0.494371735386976f,-0.8690592477636017f,2.147682803090392f,0f,0f,0f,1f], start_interpolation: 0, interpolation_duration: 1 }
$data merge entity $(bone_left_head_scales) { transformation: [-0.894183045308363f,-0.009017668321174635f,-0.4476107272408822f,0.5398989227906863f,-0.2283134361900165f,0.8692038132155885f,0.4385860302683935f,4.242967865137208f,0.3851099276027164f,0.494371735386976f,-0.7792861675355857f,2.164629353460042f,0f,0f,0f,1f], start_interpolation: 0, interpolation_duration: 1 }
$data merge entity $(bone_left_head_scales2) { transformation: [-0.8281082615749611f,-0.009017668321174635f,-0.5604956634705973f,0.5446218740611394f,-0.2836071475850309f,0.8692038132155885f,0.40503298252137865f,3.4914726049093514f,0.48353251488393045f,0.494371735386976f,-0.7223523339067244f,1.905705035935588f,0f,0f,0f,1f], start_interpolation: 0, interpolation_duration: 1 }
$data merge entity $(bone_left_head_scales1) { transformation: [-0.999833680605413f,-0.009017668321174635f,0.01585221703997147f,0.540779554462676f,0f,0.8692038132155885f,0.494453972672362f,4.158084680252873f,-0.018237629424710827f,0.494371735386976f,-0.8690592477636017f,2.1163508636761574f,0f,0f,0f,1f], start_interpolation: 0, interpolation_duration: 1 }
$data merge entity $(bone_right_head_scales) { transformation: [-0.8795435668385478f,-0.009017668321174635f,0.4757329037295764f,-0.631781171668782f,0.2283134361900165f,0.8692038132155885f,0.4385860302683935f,4.242967865137208f,-0.4174638773451332f,0.494371735386976f,-0.7624437673444763f,2.143257131477959f,0f,0f,0f,1f], start_interpolation: 0, interpolation_duration: 1 }
$data merge entity $(bone_right_head_scales2) { transformation: [-0.8099233452588608f,-0.009017668321174635f,0.5864664154602082f,-0.6270582203983289f,0.2836071475850309f,0.8692038132155885f,0.40503298252137865f,3.4914726049093514f,-0.5134112977364044f,0.494371735386976f,-0.7014309849208911f,1.8843328139535052f,0f,0f,0f,1f], start_interpolation: 0, interpolation_duration: 1 }
$data merge entity $(bone_right_head_scales1) { transformation: [-0.999833680605413f,-0.009017668321174635f,0.01585221703997147f,-0.6309005399967923f,0f,0.8692038132155885f,0.494453972672362f,4.158084680252873f,-0.018237629424710827f,0.494371735386976f,-0.8690592477636017f,2.0949786416940746f,0f,0f,0f,1f], start_interpolation: 0, interpolation_duration: 1 }
$data merge entity $(bone_head_left_fin1) { transformation: [-0.7067239064834185f,0.017473641133172044f,-0.7072736329528805f,0.5452429665135304f,-0.11378106690899212f,0.9838749419702923f,0.13799988179707234f,3.8759877446225324f,0.6982801649895751f,0.1780021641118546f,-0.6933397729494745f,1.8716551526854626f,0f,0f,0f,1f], start_interpolation: 0, interpolation_duration: 1 }
$data merge entity $(bone_head_right_fin1) { transformation: [-0.680788064392559f,-0.023953612432190623f,0.7320886803059324f,-0.6264371279459379f,0.11378106690899212f,0.9838749419702923f,0.13799988179707234f,3.8759877446225324f,-0.7235893035373621f,0.17724650353223587f,-0.6670848497694374f,1.8502829307033795f,0f,0f,0f,1f], start_interpolation: 0, interpolation_duration: 1 }
$data merge entity $(bone_right_whisker16) { transformation: [0.2611399494610698f,0.9237624135925633f,-0.28012306229425615f,-1.0835316528056465f,0.9594776881143088f,-0.2802221898777066f,-0.02963258866458296f,1.4962029477745675f,-0.10587016957713649f,-0.2610335754913234f,-0.9595066334632213f,1.7834507112029148f,0f,0f,0f,1f], start_interpolation: 0, interpolation_duration: 1 }
$data merge entity $(bone_right_whisker15) { transformation: [-0.8817738948469254f,0.3794810513548357f,-0.28012306229425615f,-0.8251994570497112f,0.4030618193468271f,0.9146928880634537f,-0.02963258866458296f,1.3781184303878018f,0.24498156696231044f,-0.13903615425049365f,-0.9595066334632213f,1.7116787677569254f,0f,0f,0f,1f], start_interpolation: 0, interpolation_duration: 1 }
$data merge entity $(bone_right_whisker14) { transformation: [-0.7165803825642763f,-0.638782925018291f,-0.28012306229425615f,-0.6152637980953334f,-0.6586520017325511f,0.7518639839111457f,-0.02963258866458296f,1.5710828840203852f,0.22954323326497558f,0.16326948398992713f,-0.9595066334632213f,1.6444297736363271f,0f,0f,0f,1f], start_interpolation: 0, interpolation_duration: 1 }
$data merge entity $(bone_right_whisker13) { transformation: [-0.09112241972665429f,-0.9944978956998773f,-0.051678235957464985f,-0.5885677766910401f,-0.9821304863904756f,0.08116575671653325f,0.16979937467211412f,1.858816424955095f,-0.16467061767530933f,0.06622730090490256f,-0.9841227221689803f,1.6926731186583903f,0f,0f,0f,1f], start_interpolation: 0, interpolation_duration: 1 }
$data merge entity $(bone_right_whisker12) { transformation: [0.0740665434719458f,-0.9967796987761091f,-0.030730754073532013f,-0.6175000202347689f,-0.9221842948478132f,-0.08018810302346771f,0.3783463948150423f,2.219044665130022f,-0.3795922463304019f,0.00031660907641929345f,-0.9251538392529821f,1.8409513398812036f,0f,0f,0f,1f], start_interpolation: 0, interpolation_duration: 1 }
$data merge entity $(bone_right_whisker11) { transformation: [0.29372858561603155f,-0.9558629660442217f,-0.007036201897953134f,-0.7322377489910312f,-0.9523733129209901f,-0.29327111153683727f,0.08352920431709096f,2.591065490489784f,-0.08190598774145869f,-0.017833824129757134f,-0.9964804884637758f,1.872945866342711f,0f,0f,0f,1f], start_interpolation: 0, interpolation_duration: 1 }
$data merge entity $(bone_right_whisker10) { transformation: [0.0674433118618737f,-0.9921739551242905f,0.10508207486590883f,-0.7585827926870756f,-0.9837225535358156f,-0.08370923155291352f,-0.15900535279604786f,2.9753321129647117f,0.16655730950659886f,-0.09264775942160254f,-0.9816695244959376f,1.807884417316696f,0f,0f,0f,1f], start_interpolation: 0, interpolation_duration: 1 }
$data merge entity $(bone_right_whisker1) { transformation: [-0.33810300354963607f,-0.9381096015562284f,0.07507818896809865f,-0.6265113069254991f,-0.9335614828383875f,0.34440575346707525f,0.09923524948005158f,3.3400045671984566f,-0.11895090059056562f,-0.03653836951467601f,-0.9922276103807547f,1.8543496128598855f,0f,0f,0f,1f], start_interpolation: 0, interpolation_duration: 1 }
$data merge entity $(bone_left_whisker16) { transformation: [0.25710523378143746f,-0.9136282226145378f,0.3149291501344278f,1.0044707389883205f,-0.9594776881143088f,-0.2802221898777066f,-0.02963258866458296f,1.4962029477745675f,0.11532330542008498f,-0.29454879925462796f,-0.9486524864694357f,1.8215372595940333f,0f,0f,0f,1f], start_interpolation: 0, interpolation_duration: 1 }
$data merge entity $(bone_left_whisker15) { transformation: [-0.8722530393519341f,-0.3741580758675674f,0.3149291501344278f,0.7489278563656835f,-0.4030618193468271f,0.9146928880634537f,-0.02963258866458296f,1.3781184303878018f,-0.27697618151411324f,-0.15278303174508062f,-0.9486524864694357f,1.7403918939160705f,0f,0f,0f,1f], start_interpolation: 0, interpolation_duration: 1 }
$data merge entity $(bone_left_whisker14) { transformation: [-0.7077324410303821f,0.6324036861916474f,0.3149291501344278f,0.5415843677825637f,0.6586520017325511f,0.7518639839111457f,-0.02963258866458296f,1.5710828840203852f,-0.2555236437727052f,0.18645677083033746f,-0.9486524864694357f,1.6655314514045358f,0f,0f,0f,1f], start_interpolation: 0, interpolation_duration: 1 }
$data merge entity $(bone_left_whisker13) { transformation: [-0.0970672074884309f,0.9914210773953976f,0.08753401925278517f,0.5131467093386874f,0.9821304863904756f,0.08116575671653325f,0.16979937467211412f,1.858816424955095f,0.16123791406740035f,0.10245178003715501f,-0.9815833983082701f,1.7127691215414695f,0f,0f,0f,1f], start_interpolation: 0, interpolation_duration: 1 }
$data merge entity $(bone_left_whisker12) { transformation: [0.06017385012948483f,0.9961050722607878f,0.06444992456880784f,0.5366521195455175f,0.9221842948478132f,-0.08018810302346771f,0.3783463948150423f,2.219044665130022f,0.3820408801380246f,0.036668148982849466f,-0.9234176805506462f,1.8620038403453854f,0f,0f,0f,1f], start_interpolation: 0, interpolation_duration: 1 }
$data merge entity $(bone_left_whisker11) { transformation: [0.2905461456062312f,0.955877489889119f,0.043372359823279596f,0.6501467076729516f,0.9523733129209901f,-0.29327111153683727f,0.08352920431709096f,2.591065490489784f,0.0925635463304052f,0.017037589654211795f,-0.9955610028669835f,1.8981614756307f,0f,0f,0f,1f], start_interpolation: 0, interpolation_duration: 1 }
$data merge entity $(bone_left_whisker10) { transformation: [0.0734726576203767f,0.9948927278845455f,-0.06921147726097854f,0.6788469645559112f,0.9837225535358156f,-0.08370923155291352f,-0.15900535279604786f,2.9753321129647117f,-0.16398690876766292f,-0.05640234529936467f,-0.9848487544783502f,1.8341040893933316f,0f,0f,0f,1f], start_interpolation: 0, interpolation_duration: 1 }
$data merge entity $(bone_left_whisker1) { transformation: [-0.3422161331761713f,0.9388180749969149f,-0.038842505751254607f,0.5451687875339692f,0.9335614828383875f,0.34440575346707525f,0.09923524948005158f,3.3400045671984566f,0.10654142834851071f,-0.0023019639144639947f,-0.9943055994047283f,1.8757218348419686f,0f,0f,0f,1f], start_interpolation: 0, interpolation_duration: 1 }
$data merge entity $(bone_upper_left_tooth1) { transformation: [-0.999833680605413f,-0.007601741620388267f,0.016577836148603205f,0.21174593841167044f,0f,0.9089907335292872f,0.41681632208670655f,3.2701220909940396f,-0.018237629424710827f,0.416746997448363f,-0.9088395507408012f,2.7521663037833943f,0f,0f,0f,1f], start_interpolation: 0, interpolation_duration: 1 }
$data merge entity $(bone_upper_right_tooth1) { transformation: [-0.999833680605413f,-0.007601741620388267f,0.016577836148603205f,-0.3740941088180637f,0f,0.9089907335292872f,0.41681632208670655f,3.2701220909940396f,-0.018237629424710827f,0.416746997448363f,-0.9088395507408012f,2.741480192792353f,0f,0f,0f,1f], start_interpolation: 0, interpolation_duration: 1 }
$data merge entity $(bone_top_lip1) { transformation: [-0.999833680605413f,0.0018636800560998387f,0.018142155982175164f,-0.05758036412539351f,0f,0.9947650300204969f,-0.1021887227061799f,3.367767579947381f,-0.018237629424710827f,-0.10217172673968583f,-0.9945995813029473f,2.792036252478283f,0f,0f,0f,1f], start_interpolation: 0, interpolation_duration: 1 }
$data merge entity $(bone_muzzle1) { transformation: [-0.999833680605413f,-0.007601741620388267f,0.016577836148603205f,-0.05059925393863242f,0f,0.9089907335292872f,0.41681632208670655f,3.7044441141981097f,-0.018237629424710827f,0.416746997448363f,-0.9088395507408012f,2.4093138640474763f,0f,0f,0f,1f], start_interpolation: 0, interpolation_duration: 1 }
$data merge entity $(bone_jaw_right_tooth1) { transformation: [-0.999833680605413f,0.00204392807406191f,0.018122733928994814f,-0.3735938343325678f,0f,0.9937000860670886f,-0.11207202572569658f,3.093151093196683f,-0.018237629424710827f,-0.11205338597422757f,-0.9935348144703727f,2.714053860756644f,0f,0f,0f,1f], start_interpolation: 0, interpolation_duration: 1 }
$data merge entity $(bone_jaw_left_tooth1) { transformation: [-0.999833680605413f,0.00204392807406191f,0.018122733928994814f,0.26106621683297754f,0f,0.9937000860670886f,-0.11207202572569658f,3.093151093196683f,-0.018237629424710827f,-0.11205338597422757f,-0.9935348144703727f,2.725630480996939f,0f,0f,0f,1f], start_interpolation: 0, interpolation_duration: 1 }
$data merge entity $(bone_tongue1) { transformation: [-0.999833680605413f,-0.006521224696874402f,0.017031874690883374f,-0.04442343885338802f,0f,0.9338864330583596f,0.3575697556415175f,3.3378914777019477f,-0.018237629424710827f,0.3575102848562367f,-0.9337311096322002f,2.070739821137498f,0f,0f,0f,1f], start_interpolation: 0, interpolation_duration: 1 }
$data merge entity $(bone_jaw_lips1) { transformation: [-0.999833680605413f,-0.006521224696874402f,0.017031874690883374f,-0.008177224956012436f,0f,0.9338864330583596f,0.3575697556415175f,2.953660573921414f,-0.018237629424710827f,0.3575102848562367f,-0.9337311096322002f,2.760957790690056f,0f,0f,0f,1f], start_interpolation: 0, interpolation_duration: 1 }
$data merge entity $(bone_jaw3) { transformation: [-0.999833680605413f,-0.001134103507177119f,0.01820233326439462f,0.006126412482920274f,0f,0.9980646519624758f,0.06218480926257214f,2.929141705886437f,-0.018237629424710827f,0.06217446672274324f,-0.9978986544538027f,1.9767956535190825f,0f,0f,0f,1f], start_interpolation: 0, interpolation_duration: 1 }
$data merge entity $(bone_jaw1) { transformation: [-0.999833680605413f,-0.01367292556516329f,0.012069061004178514f,0.015555366392434739f,0f,0.6617669831489013f,0.749709583781615f,3.514852318215824f,-0.018237629424710827f,0.7495848925375244f,-0.6616569184649062f,1.4598761859683747f,0f,0f,0f,1f], start_interpolation: 0, interpolation_duration: 1 }
$data merge entity $(bone_tear_right1) { transformation: [-0.999833680605413f,-0.009017668321174635f,0.01585221703997147f,-0.5773667714392021f,0f,0.8692038132155885f,0.494453972672362f,3.775857619101549f,-0.018237629424710827f,0.494371735386976f,-0.8690592477636017f,2.3729141687488324f,0f,0f,0f,1f], start_interpolation: 0, interpolation_duration: 1 }
$data merge entity $(bone_right_pupil1) { transformation: [-0.999833680605413f,-0.009017668321174635f,0.01585221703997147f,-0.418070543413226f,0f,0.8692038132155885f,0.494453972672362f,3.831768891524612f,-0.018237629424710827f,0.494371735386976f,-0.8690592477636017f,2.4750527736546424f,0f,0f,0f,1f], start_interpolation: 0, interpolation_duration: 1 }
$data merge entity $(bone_right_sad_pupil1) { transformation: [-0.999833680605413f,-0.009017668321174635f,0.01585221703997147f,-0.4179157366061951f,0f,0.8692038132155885f,0.494453972672362f,3.8365975436014907f,-0.018237629424710827f,0.494371735386976f,-0.8690592477636017f,2.4665658669382013f,0f,0f,0f,1f], start_interpolation: 0, interpolation_duration: 1 }
$data merge entity $(bone_right_happy_pupil1) { transformation: [-0.999833680605413f,-0.009017668321174635f,0.01585221703997147f,-0.4421052710260993f,0f,0.8692038132155885f,0.494453972672362f,3.8153770190065988f,-0.018237629424710827f,0.494371735386976f,-0.8690592477636017f,2.4540511500580298f,0f,0f,0f,1f], start_interpolation: 0, interpolation_duration: 1 }
$data merge entity $(bone_eyelid_right1) { transformation: [-0.999833680605413f,-0.009017668321174635f,0.01585221703997147f,-0.03382073766488035f,0f,0.8692038132155885f,0.494453972672362f,4.03558855500325f,-0.018237629424710827f,0.494371735386976f,-0.8690592477636017f,2.0249382131426987f,0f,0f,0f,1f], start_interpolation: 0, interpolation_duration: 1 }
$data merge entity $(bone_eyelid_expressions_right5) { transformation: [-0.999833680605413f,-0.009017668321174635f,0.01585221703997147f,-0.5310820648825254f,0f,0.8692038132155885f,0.494453972672362f,3.9214807284858257f,-0.018237629424710827f,0.494371735386976f,-0.8690592477636017f,2.5127961911480616f,0f,0f,0f,1f], start_interpolation: 0, interpolation_duration: 1 }
$data merge entity $(bone_eyelid_expressions_right7) { transformation: [-0.999833680605413f,-0.009017668321174635f,0.01585221703997147f,-0.23816204126765822f,0f,0.8692038132155885f,0.494453972672362f,3.9214807284858257f,-0.018237629424710827f,0.494371735386976f,-0.8690592477636017f,2.5181392466435826f,0f,0f,0f,1f], start_interpolation: 0, interpolation_duration: 1 }
$data merge entity $(bone_eyelid_expressions_right6) { transformation: [-0.999833680605413f,-0.009017668321174635f,0.01585221703997147f,-0.3358020491392806f,0f,0.8692038132155885f,0.494453972672362f,3.9214807284858257f,-0.018237629424710827f,0.494371735386976f,-0.8690592477636017f,2.5163582281450756f,0f,0f,0f,1f], start_interpolation: 0, interpolation_duration: 1 }
$data merge entity $(bone_right_eye1) { transformation: [-0.999833680605413f,-0.009017668321174635f,0.01585221703997147f,-0.04373954525907356f,0f,0.8692038132155885f,0.494453972672362f,4.030759902926372f,-0.018237629424710827f,0.494371735386976f,-0.8690592477636017f,2.0332470180092894f,0f,0f,0f,1f], start_interpolation: 0, interpolation_duration: 1 }
$data merge entity $(bone_tear_left1) { transformation: [-0.999833680605413f,-0.009017668321174635f,0.01585221703997147f,0.47714531357431933f,0f,0.8692038132155885f,0.494453972672362f,3.775857619101549f,-0.018237629424710827f,0.494371735386976f,-0.8690592477636017f,2.392149168532707f,0f,0f,0f,1f], start_interpolation: 0, interpolation_duration: 1 }
$data merge entity $(bone_left_sad_pupil1) { transformation: [-0.999833680605413f,-0.009017668321174635f,0.01585221703997147f,0.3143843224309727f,0f,0.8692038132155885f,0.494453972672362f,3.8365975436014907f,-0.018237629424710827f,0.494371735386976f,-0.8690592477636017f,2.479923505677003f,0f,0f,0f,1f], start_interpolation: 0, interpolation_duration: 1 }
$data merge entity $(bone_left_pupil1) { transformation: [-0.999833680605413f,-0.009017668321174635f,0.01585221703997147f,0.31422951562394175f,0f,0.8692038132155885f,0.494453972672362f,3.831768891524612f,-0.018237629424710827f,0.494371735386976f,-0.8690592477636017f,2.4884104123934443f,0f,0f,0f,1f], start_interpolation: 0, interpolation_duration: 1 }
$data merge entity $(bone_eyelid_left1) { transformation: [-0.999833680605413f,-0.009017668321174635f,0.01585221703997147f,-0.05334873923920482f,0f,0.8692038132155885f,0.494453972672362f,4.03558855500325f,-0.018237629424710827f,0.494371735386976f,-0.8690592477636017f,2.024582009442997f,0f,0f,0f,1f], start_interpolation: 0, interpolation_duration: 1 }
$data merge entity $(bone_left_happy_pupil1) { transformation: [-0.999833680605413f,-0.009017668321174635f,0.01585221703997147f,0.33901479194687956f,0f,0.8692038132155885f,0.494453972672362f,3.8153770190065988f,-0.018237629424710827f,0.494371735386976f,-0.8690592477636017f,2.468299298046085f,0f,0f,0f,1f], start_interpolation: 0, interpolation_duration: 1 }
$data merge entity $(bone_eyelid_expressions_left5) { transformation: [-0.999833680605413f,-0.009017668321174635f,0.01585221703997147f,0.4257900122593739f,0f,0.8692038132155885f,0.494453972672362f,3.9214807284858257f,-0.018237629424710827f,0.494371735386976f,-0.8690592477636017f,2.53025017243343f,0f,0f,0f,1f], start_interpolation: 0, interpolation_duration: 1 }
$data merge entity $(bone_eyelid_expressions_left7) { transformation: [-0.999833680605413f,-0.009017668321174635f,0.01585221703997147f,0.13286998864450683f,0f,0.8692038132155885f,0.494453972672362f,3.9214807284858257f,-0.018237629424710827f,0.494371735386976f,-0.8690592477636017f,2.524907116937909f,0f,0f,0f,1f], start_interpolation: 0, interpolation_duration: 1 }
$data merge entity $(bone_eyelid_expressions_left6) { transformation: [-0.999833680605413f,-0.009017668321174635f,0.01585221703997147f,0.2305099965161292f,0f,0.8692038132155885f,0.494453972672362f,3.9214807284858257f,-0.018237629424710827f,0.494371735386976f,-0.8690592477636017f,2.526688135436416f,0f,0f,0f,1f], start_interpolation: 0, interpolation_duration: 1 }
$data merge entity $(bone_left_eye1) { transformation: [-0.999833680605413f,-0.009017668321174635f,0.01585221703997147f,-0.04373954525907356f,0f,0.8692038132155885f,0.494453972672362f,4.030759902926372f,-0.018237629424710827f,0.494371735386976f,-0.8690592477636017f,2.0332470180092894f,0f,0f,0f,1f], start_interpolation: 0, interpolation_duration: 1 }
$data merge entity $(bone_crest_middle5) { transformation: [-0.999833680605413f,-0.005372865839300269f,0.017428236850179614f,-0.06117726642613699f,0f,0.9556196391711667f,0.29460330145870683f,4.873130811830842f,-0.018237629424710827f,0.2945543032159649f,-0.9554607010913242f,2.9892276737085908f,0f,0f,0f,1f], start_interpolation: 0, interpolation_duration: 1 }
$data merge entity $(bone_crest_middle4) { transformation: [-0.999833680605413f,-0.005372865839300269f,0.017428236850179614f,-0.058029102848421985f,0f,0.9556196391711667f,0.29460330145870683f,4.313197429503987f,-0.018237629424710827f,0.2945543032159649f,-0.9554607010913242f,2.8166372616679864f,0f,0f,0f,1f], start_interpolation: 0, interpolation_duration: 1 }
$data merge entity $(bone_crest_middle1) { transformation: [-0.999833680605413f,-0.005372865839300269f,0.017428236850179614f,-0.05694446780263501f,0f,0.9556196391711667f,0.29460330145870683f,3.8716699104517556f,-0.018237629424710827f,0.2945543032159649f,-0.9554607010913242f,2.7571747830372146f,0f,0f,0f,1f], start_interpolation: 0, interpolation_duration: 1 }
$data merge entity $(bone_crest_left5) { transformation: [-0.5296048206779952f,-0.8387716516320943f,0.12641538803878774f,-1.0177898076929408f,-0.7330790607339687f,0.5275666173144173f,0.42926513369807484f,4.3459256150488095f,-0.42674796382411867f,0.13466841022968992f,-0.8942877583072336f,2.7707130120629255f,0f,0f,0f,1f], start_interpolation: 0, interpolation_duration: 1 }
$data merge entity $(bone_crest_left4) { transformation: [-0.5296048206779952f,-0.8387716516320943f,0.12641538803878774f,-0.6082333371694573f,-0.7330790607339687f,0.5275666173144173f,0.42926513369807484f,4.088324727688254f,-0.42674796382411867f,0.13466841022968992f,-0.8942877583072336f,2.7049569523804595f,0f,0f,0f,1f], start_interpolation: 0, interpolation_duration: 1 }
$data merge entity $(bone_crest_left1) { transformation: [-0.5296048206779952f,-0.8387716516320943f,0.12641538803878774f,-0.15154859322454392f,-0.7330790607339687f,0.5275666173144173f,0.42926513369807484f,3.8259239631979938f,-0.42674796382411867f,0.13466841022968992f,-0.8942877583072336f,2.588958892281152f,0f,0f,0f,1f], start_interpolation: 0, interpolation_duration: 1 }
$data merge entity $(bone_crest_center1) { transformation: [-0.999833680605413f,-0.009017668321174635f,0.01585221703997147f,-0.05368843025294548f,0f,0.8692038132155885f,0.494453972672362f,3.804703438603102f,-0.018237629424710827f,0.494371735386976f,-0.8690592477636017f,2.5786704428248552f,0f,0f,0f,1f], start_interpolation: 0, interpolation_duration: 1 }
$data merge entity $(bone_crest_right5) { transformation: [-0.5448156693245082f,0.833302433913078f,-0.09371734147439517f,0.9027679681070325f,0.7330790607339687f,0.5275666173144173f,0.42926513369807484f,4.3459256150488095f,0.4071498215299754f,0.16516815047085698f,-0.8983031252857501f,2.805745259608915f,0f,0f,0f,1f], start_interpolation: 0, interpolation_duration: 1 }
$data merge entity $(bone_crest_right4) { transformation: [-0.5448156693245082f,0.833302433913078f,-0.09371734147439517f,0.4958820140479124f,0.7330790607339687f,0.5275666173144173f,0.42926513369807484f,4.088324727688254f,0.4071498215299754f,0.16516815047085698f,-0.8983031252857501f,2.725096748636817f,0f,0f,0f,1f], start_interpolation: 0, interpolation_duration: 1 }
$data merge entity $(bone_crest_right1) { transformation: [-0.5448156693245082f,0.833302433913078f,-0.09371734147439517f,0.043731422518700803f,0.7330790607339687f,0.5275666173144173f,0.42926513369807484f,3.8259239631979938f,0.4071498215299754f,0.16516815047085698f,-0.8983031252857501f,2.592520929278166f,0f,0f,0f,1f], start_interpolation: 0, interpolation_duration: 1 }
$data merge entity $(bone_head1) { transformation: [-0.999833680605413f,-0.009017668321174635f,0.01585221703997147f,-0.03478485503637528f,0f,0.8692038132155885f,0.494453972672362f,4.253894174712523f,-0.018237629424710827f,0.494371735386976f,-0.8690592477636017f,1.5423279037130688f,0f,0f,0f,1f], start_interpolation: 0, interpolation_duration: 1 }
$data merge entity $(bone_neck10) { transformation: [-1.3018667716216314f,-0.006996597671277368f,0.022692807515634204f,-0.0165172503801027f,0f,1.2442849334841126f,0.3836352580888293f,4.15394881605558f,-0.023746913313425554f,0.38357145210496174f,-1.2440779847672816f,0.5408509039348921f,0f,0f,0f,1f], start_interpolation: 0, interpolation_duration: 1 }
$data merge entity $(bone_neck9) { transformation: [-0.999833680605413f,-0.009017668321174633f,0.015852217039971465f,-0.005843072679391319f,0f,0.8692038132155884f,0.494453972672362f,3.0263241521748347f,-0.018237629424710827f,0.494371735386976f,-0.8690592477636016f,-0.04433492967339797f,0f,0f,0f,1f], start_interpolation: 0, interpolation_duration: 1 }
$data merge entity $(bone_neck8) { transformation: [-0.999833680605413f,0.004061080117130171f,0.017779728775077764f,-0.009224560372283539f,0f,0.9748925346069025f,-0.22267587648357773f,2.3977510808919966f,-0.018237629424710827f,-0.22263884116661187f,-0.9747303910707592f,0.1410469095543142f,0f,0f,0f,1f], start_interpolation: 0, interpolation_duration: 1 }
$data merge entity $(bone_neck7) { transformation: [-0.999833680605413f,0.009762953776566835f,0.01540441042655309f,-0.017534628928995967f,0f,0.8446498208632913f,-0.5353192319687478f,1.7204293298239395f,-0.018237629424710827f,-0.535230197998176f,-0.8445093392164472f,0.5966262086864349f,0f,0f,0f,1f], start_interpolation: 0, interpolation_duration: 1 }
$data merge entity $(bone_neck6) { transformation: [-0.999833680605413f,0.007246120990851026f,0.016736333458049476f,-0.023151036384733613f,0f,0.9176814084934092f,-0.39731704280782204f,0.9866790165207511f,-0.018237629424710827f,-0.3972509612778031f,-0.9175287802771248f,0.9045320887478667f,0f,0f,0f,1f], start_interpolation: 0, interpolation_duration: 1 }
$data merge entity $(bone_neck_spine6) { transformation: [-1.1048989395930506f,-0.033043573745687775f,-0.055209899815405375f,0.07499798974210845f,-0.04950173680601329f,-0.17014112094384526f,1.0924940524023556f,0.3128090575423259f,-0.04110460870391535f,1.0931156383088874f,0.16837544341504462f,-1.2133237139668291f,0f,0f,0f,1f], start_interpolation: 0, interpolation_duration: 1 }
$data merge entity $(bone_neck_spine7) { transformation: [-0.9908862617220648f,0.08233913719814995f,-0.10660526636116813f,-0.005362443895671212f,-0.08008419402766717f,0.2762498067521324f,0.9577434761648592f,0.6678437852908417f,0.10830945571560371f,0.9575522496213318f,-0.2671380748746159f,-4.413540353408297f,0f,0f,0f,1f], start_interpolation: 0, interpolation_duration: 1 }
$data merge entity $(bone_tail6) { transformation: [-1.381782731398569f,0.4953326469788098f,-0.29583159690895394f,-0.9737853689791154f,0.4695773214515685f,1.411629629647786f,0.1702739250820648f,-1.6570909988120097f,0.3352132218023428f,0.06435556869026782f,-1.4579728181250406f,-6.1508605389130455f,0f,0f,0f,1f], start_interpolation: 0, interpolation_duration: 1 }
$data merge entity $(bone_tail5) { transformation: [-1.14147269115534f,0.40918783880858206f,-0.24438262353348372f,-0.7153509444684317f,0.38791170032955663f,1.1661288244916495f,0.14066106854605354f,-0.9205885833435988f,0.2769152701845441f,0.053163295874569076f,-1.2044123280163381f,-6.11728372046595f,0f,0f,0f,1f], start_interpolation: 0, interpolation_duration: 1 }
$data merge entity $(bone_tail4) { transformation: [-0.922790554534001f,0.33079606337367473f,-0.19756405776180577f,-0.5861337322130901f,0.31359598510852577f,0.9427230917995649f,0.11371336909828328f,-0.5523373756093938f,0.22386413421234722f,0.04297832761228321f,-0.9736722820174185f,-6.100495311242401f,0f,0f,0f,1f], start_interpolation: 0, interpolation_duration: 1 }
$data merge entity $(bone_segment18) { transformation: [-0.922790554534001f,0.36293934299974806f,-0.12935465111754424f,-0.4089172561389943f,0.31359598510852577f,0.9025236806316268f,0.29514159995323386f,-0.11165198467598225f,0.22386413421234722f,0.23178878144132106f,-0.9466566485327738f,-5.987317195304256f,0f,0f,0f,1f], start_interpolation: 0, interpolation_duration: 1 }
$data merge entity $(bone_segment17) { transformation: [-0.9167342456664047f,0.3434746618714719f,-0.20401833122228402f,-0.19089134772448577f,-0.05083195841983283f,0.40624892732266427f,0.9123474782408231f,0.14622086958156832f,0.39625046981126977f,0.8467508285803225f,-0.35496281421141185f,-5.4498288763812f,0f,0f,0f,1f], start_interpolation: 0, interpolation_duration: 1 }
$data merge entity $(bone_segment16) { transformation: [-0.9667071704583656f,0.23042951962301592f,-0.11126312538611427f,0.0003831558688379977f,-0.07671264447553477f,0.15383538241198053f,0.9851141280560999f,0.2739162553727631f,0.24411558074393835f,0.9608521798926543f,-0.13103690943235757f,-4.652246500493742f,0f,0f,0f,1f], start_interpolation: 0, interpolation_duration: 1 }
$data merge entity $(bone_segment15) { transformation: [-0.9908862617220648f,0.10712497237654936f,-0.08166184313248692f,0.11022809824713568f,-0.08008419402766717f,0.018954570895091227f,0.996607869780849f,0.2933520946694875f,0.10830945571560371f,0.9940648693800149f,-0.010202806823770671f,-3.632941702789625f,0f,0f,0f,1f], start_interpolation: 0, interpolation_duration: 1 }
$data merge entity $(bone_segment14) { transformation: [-0.997948921586434f,0.026234201116773975f,-0.05839277863090499f,0.13712840212664024f,-0.06231284163335969f,-0.18913106971460467f,0.9799727283124694f,0.09941886888791052f,0.014664912957431858f,0.9816013473709038f,0.1903778746797457f,-2.6264168837081323f,0f,0f,0f,1f], start_interpolation: 0, interpolation_duration: 1 }
$data merge entity $(bone_segment13) { transformation: [-0.9983086889499562f,-0.02074003798124276f,-0.05431033411383415f,0.11617498337094874f,-0.04472627513766847f,-0.3228002451485956f,0.9454097323617501f,-0.2704202038087541f,-0.03713922292306704f,0.9462398493809816f,0.3213266648819042f,-1.6177930843706663f,0f,0f,0f,1f], start_interpolation: 0, interpolation_duration: 1 }
$data merge entity $(bone_segment12) { transformation: [-0.9974589431302762f,-0.057520848681700716f,-0.04203580302991132f,0.0487677388220807f,-0.045913473208385236f,0.06784111864303044f,0.9966391200425584f,-0.1909188928989528f,-0.05447577211362406f,0.9960366130761453f,-0.07030971244732365f,-0.4505626784220581f,0f,0f,0f,1f], start_interpolation: 0, interpolation_duration: 1 }
$data merge entity $(bone_segment11) { transformation: [-1.034043835344358f,-0.047846384520113625f,-0.003540054907239603f,-0.009505483842971243f,-0.03185803158737131f,0.6276487746033032f,0.8225512406387899f,0.5343383346180021f,-0.0358730305908337f,0.8217762476132953f,-0.6284468047885228f,0.4990284693680772f,0f,0f,0f,1f], start_interpolation: 0, interpolation_duration: 1 }
$data merge entity $(bone_segment10) { transformation: [-0.999833680605413f,-0.008589335049224343f,0.01608833274286818f,-0.023678981570907195f,0f,0.8821504356848875f,0.47096773649684665f,1.348431966877845f,-0.018237629424710827f,0.4708894054280425f,-0.8820037169584896f,0.9334753996550742f,0f,0f,0f,1f], start_interpolation: 0, interpolation_duration: 1 }