# This file was generated by Animated Java via MC-Build. It is not recommended to edit this file directly.
$data merge entity $(bone_neck_spine5) { transformation: [-1.5720682032073918f,-0.006171359256807573f,0.02413864838485499f,0.11079670447592024f,0f,1.5232703841058381f,0.38944387588289836f,4.448107300806015f,-0.024915056109193236f,0.38939497529836936f,-1.523079114408736f,-0.35237800682933884f,0f,0f,0f,1f], start_interpolation: 0, interpolation_duration: 1 }
$data merge entity $(bone_neck_spine2) { transformation: [-1.497207812578468f,-0.0038542797453913853f,0.02341350391698759f,-0.03096844169935746f,0f,1.477510113087779f,0.24322447945748807f,5.701545921279388f,-0.02372862486589831f,0.2431939389355956f,-1.4773245892866569f,1.5056021132918453f,0f,0f,0f,1f], start_interpolation: 0, interpolation_duration: 1 }
$data merge entity $(bone_scale_neck_left1) { transformation: [-1.59276885984467f,0.40361146917309043f,0.11506616313548404f,0.7579146393754619f,0.40801137768411205f,1.383297007043997f,0.7956577070707647f,4.817259875265014f,0.09833186475957467f,0.7978986483838236f,-1.4376173594242119f,1.3382972511468996f,0f,0f,0f,1f], start_interpolation: 0, interpolation_duration: 1 }
$data merge entity $(bone_scale_neck_right1) { transformation: [-1.588852865836201f,-0.42869354142554633f,-0.06945141540520929f,-0.8141535638319293f,-0.40801137768411205f,1.383297007043997f,0.7956577070707647f,4.817259875265014f,-0.1487560662362262f,0.7847077919078009f,-1.4405417019006352f,1.3133821950377063f,0f,0f,0f,1f], start_interpolation: 0, interpolation_duration: 1 }
$data merge entity $(bone_blush_right1) { transformation: [-0.9998744348350117f,-0.007764983868099396f,0.013813746374319414f,-0.7089627224464892f,0f,0.8717170245021807f,0.49000962153111305f,4.072250524183863f,-0.01584659469305209f,0.4899480933921394f,-0.8716075672101758f,2.471834438279744f,0f,0f,0f,1f], start_interpolation: 0, interpolation_duration: 1 }
$data merge entity $(bone_blush_left1) { transformation: [-0.9998744348350117f,-0.007764983868099396f,0.013813746374319414f,0.6160661916854551f,0f,0.8717170245021807f,0.49000962153111305f,4.072250524183863f,-0.01584659469305209f,0.4899480933921394f,-0.8716075672101758f,2.4928342712860636f,0f,0f,0f,1f], start_interpolation: 0, interpolation_duration: 1 }
$data merge entity $(bone_left_head_scales) { transformation: [-0.8932779337485298f,-0.007764983868099396f,-0.44943769101343223f,0.6270566833601249f,-0.22626126321381526f,0.8717170245021807f,0.43464384265965766f,4.901193247310478f,0.3884074842827386f,0.4899480933921394f,-0.7804424975195554f,2.5080651207465112f,0f,0f,0f,1f], start_interpolation: 0, interpolation_duration: 1 }
$data merge entity $(bone_left_head_scales2) { transformation: [-0.8269724267454395f,-0.007764983868099396f,-0.5621888565493688f,0.6317060133494622f,-0.28105797249554065f,0.8717170245021807f,0.4013923831984864f,4.035464416982233f,0.48695279185918483f,0.4899480933921394f,-0.7230683538103106f,2.214705803776772f,0f,0f,0f,1f], start_interpolation: 0, interpolation_duration: 1 }
$data merge entity $(bone_left_head_scales1) { transformation: [-0.9998744348350117f,-0.007764983868099396f,0.013813746374319414f,0.6279287274468743f,0f,0.8717170245021807f,0.49000962153111305f,4.803295339285331f,-0.01584659469305209f,0.4899480933921394f,-0.8716075672101758f,2.453041653226886f,0f,0f,0f,1f], start_interpolation: 0, interpolation_duration: 1 }
$data merge entity $(bone_right_head_scales) { transformation: [-0.8805209772846848f,-0.007764983868099396f,0.4739435763750276f,-0.7204303479604964f,0.22626126321381526f,0.8717170245021807f,0.43464384265965766f,4.901193247310478f,-0.41651968660618205f,0.4899480933921394f,-0.7658082112715265f,2.486709358367203f,0f,0f,0f,1f], start_interpolation: 0, interpolation_duration: 1 }
$data merge entity $(bone_right_head_scales2) { transformation: [-0.8111259479093609f,-0.007764983868099396f,0.5848199737129957f,-0.7157810179711591f,0.28105797249554065f,0.8717170245021807f,0.4013923831984864f,4.035464416982233f,-0.5129143327348502f,0.4899480933921394f,-0.7048898871856302f,2.193350041397464f,0f,0f,0f,1f], start_interpolation: 0, interpolation_duration: 1 }
$data merge entity $(bone_right_head_scales1) { transformation: [-0.9998744348350117f,-0.007764983868099396f,0.013813746374319414f,-0.719558303873747f,0f,0.8717170245021807f,0.49000962153111305f,4.803295339285331f,-0.01584659469305209f,0.4899480933921394f,-0.8716075672101758f,2.431685890847578f,0f,0f,0f,1f], start_interpolation: 0, interpolation_duration: 1 }
$data merge entity $(bone_head_left_fin1) { transformation: [-0.7390288781669808f,0.018845073343903132f,-0.7430722565612918f,0.6323623963696579f,-0.11545581523330832f,1.0322124741230965f,0.14100553541851285f,4.47745110443066f,0.7342897724939653f,0.18126629444138845f,-0.7256970845576146f,2.1732899277437276f,0f,0f,0f,1f], start_interpolation: 0, interpolation_duration: 1 }
$data merge entity $(bone_head_right_fin1) { transformation: [-0.7153886536655529f,-0.024579794438027505f,0.7656958312131165f,-0.7151246349509635f,0.11545581523330832f,1.0322124741230965f,0.14100553541851285f,4.47745110443066f,-0.7573402319701318f,0.18057807174525248f,-0.7017852456908499f,2.1519341653644193f,0f,0f,0f,1f], start_interpolation: 0, interpolation_duration: 1 }
$data merge entity $(bone_right_whisker16) { transformation: [0.260963633680349f,0.9231128120188518f,-0.28241940121563314f,-1.2411870695073075f,0.958900412775702f,-0.28163709575487345f,-0.03450427036395243f,1.7403908619735662f,-0.11139111398552815f,-0.26180772062987084f,-0.9586702963707878f,2.090306580946526f,0f,0f,0f,1f], start_interpolation: 0, interpolation_duration: 1 }
$data merge entity $(bone_right_whisker15) { transformation: [-0.8811528645322144f,0.3792214539601842f,-0.28241940121563314f,-0.944314278234247f,0.4043892709562609f,0.9139358691188979f,-0.03450427036395243f,1.6041464298642791f,0.2450284613307949f,-0.14461091243128427f,-0.9586702963707878f,2.0077530466114437f,0f,0f,0f,1f], start_interpolation: 0, interpolation_duration: 1 }
$data merge entity $(bone_right_whisker14) { transformation: [-0.7160826486719177f,-0.6383297910077625f,-0.28241940121563314f,-0.7030559639844313f,-0.6574049042764422f,0.7527471336112369f,-0.03450427036395243f,1.8256353868714785f,0.2346154984315667f,0.16095599010926226f,-0.9586702963707878f,1.9287077859094024f,0f,0f,0f,1f], start_interpolation: 0, interpolation_duration: 1 }
$data merge entity $(bone_right_whisker13) { transformation: [-0.0915954453074493f,-0.9943300930174105f,-0.054017964779487115f,-0.6721961703994019f,-0.9829498213821157f,0.0815953840083678f,0.1647781598191766f,2.1568050044269764f,-0.15943626640070674f,0.06818987775700171f,-0.9848503528596045f,1.9824241061322967f,0f,0f,0f,1f], start_interpolation: 0, interpolation_duration: 1 }
$data merge entity $(bone_right_whisker12) { transformation: [0.07308389133595813f,-0.9967825755510118f,-0.032912640506125516f,-0.7050268247104768f,-0.9241169388669183f,-0.08009262532281958f,0.37362153935250464f,2.5719356605585997f,-0.37505550006156485f,0.0031094126117361433f,-0.9269971431599879f,2.1509060690505777f,0f,0f,0f,1f], start_interpolation: 0, interpolation_duration: 1 }
$data merge entity $(bone_right_whisker11) { transformation: [0.2934548045581472f,-0.9559266084650877f,-0.009412593169511888f,-0.8368522251955821f,-0.9528063693394915f,-0.2932693219805946f,0.07844187230771127f,2.9999541467853246f,-0.07774509777366373f,-0.014050765583322251f,-0.996874252731349f,2.1858306246910906f,0f,0f,0f,1f], start_interpolation: 0, interpolation_duration: 1 }
$data merge entity $(bone_right_whisker10) { transformation: [0.06776186382558148f,-0.9923994623335427f,0.10272116126183016f,-0.8672921249609801f,-0.9828657589219316f,-0.08408870738488933f,-0.16402435559743597f,3.4414758744260356f,0.1714153719760833f,-0.08984651607287862f,-0.981093458239258f,2.1088276255612093f,0f,0f,0f,1f], start_interpolation: 0, interpolation_duration: 1 }
$data merge entity $(bone_right_whisker1) { transformation: [-0.3384620496919572f,-0.9381664350740582f,0.0727130044679241f,-0.7152486260759212f,-0.9341250600279999f,0.34430209408229095f,0.09416177694922312f,3.861102366235489f,-0.1133746583060124f,-0.03605285163454497f,-0.992897969956134f,2.159757647847113f,0f,0f,0f,1f], start_interpolation: 0, interpolation_duration: 1 }
$data merge entity $(bone_left_whisker16) { transformation: [0.2573026737587079f,-0.9143527180844077f,0.31265706614160443f,1.1601135565025482f,-0.958900412775702f,-0.28163709575487345f,-0.03450427036395243f,1.7403908619735662f,0.11960490146816007f,-0.29092894875968606f,-0.9492391765610895f,2.1283637973637344f,0f,0f,0f,1f], start_interpolation: 0, interpolation_duration: 1 }
$data merge entity $(bone_left_whisker15) { transformation: [-0.8729455655742f,-0.37444839235342475f,0.31265706614160443f,0.8660059196635843f,-0.4043892709562609f,0.9139358691188979f,-0.03450427036395243f,1.6041464298642791f,-0.272828438913182f,-0.15655551284391245f,-0.9492391765610895f,2.0364440596439612f,0f,0f,0f,1f], start_interpolation: 0, interpolation_duration: 1 }
$data merge entity $(bone_left_whisker14) { transformation: [-0.7082882313504837f,0.6329086350510063f,0.31265706614160443f,0.6273736542183533f,0.6574049042764422f,0.7527471336112369f,-0.03450427036395243f,1.8256353868714785f,-0.25718976100087165f,0.18110332000805185f,-0.9492391765610895f,1.9497932124317534f,0f,0f,0f,1f], start_interpolation: 0, interpolation_duration: 1 }
$data merge entity $(bone_left_whisker13) { transformation: [-0.09660185270671422f,0.9916698281388909f,0.08519996486274292f,0.5948271315779077f,0.9829498213821157f,0.0815953840083678f,0.1647781598191766f,2.1568050044269764f,0.1564536055784505f,0.09966516576773114f,-0.98264394570668f,2.002504632279962f,0f,0f,0f,1f], start_interpolation: 0, interpolation_duration: 1 }
$data merge entity $(bone_left_whisker12) { transformation: [0.06116197403935683f,0.9961834274798638f,0.062271917796707835f,0.6223022371034f,0.9241169388669183f,-0.08009262532281958f,0.37362153935250464f,2.5719356605585997f,0.37718310703270586f,0.03469510316124357f,-0.9254886026233843f,2.1719423561423103f,0f,0f,0f,1f], start_interpolation: 0, interpolation_duration: 1 }
$data merge entity $(bone_left_whisker11) { transformation: [0.29084374229166116f,0.955891771938078f,0.04099802325555604f,0.7529546994609823f,0.9528063693394915f,-0.2932693219805946f,0.07844187230771127f,2.9999541467853246f,0.08700540279706007f,0.016248849993883027f,-0.9960753158059872f,2.2110268144300522f,0f,0f,0f,1f], start_interpolation: 0, interpolation_duration: 1 }
$data merge entity $(bone_left_whisker10) { transformation: [0.07315984953376141f,0.9947482155181339f,-0.07157949524609453f,0.7858194756187267f,0.9828657589219316f,-0.08408870738488933f,-0.16402435559743597f,3.4414758744260356f,-0.16918196226256818f,-0.0583530377429209f,-0.9838558769612344f,2.135027104819914f,0f,0f,0f,1f], start_interpolation: 0, interpolation_duration: 1 }
$data merge entity $(bone_left_whisker1) { transformation: [-0.34188481752826777f,0.9388377469448983f,-0.04121233377388564f,0.6322384052447001f,0.9341250600279999f,0.34430209408229095f,0.09416177694922312f,3.861102366235489f,0.10259212333970374f,-0.006304991830002382f,-0.9947035253313794f,2.1811134102264216f,0f,0f,0f,1f], start_interpolation: 0, interpolation_duration: 1 }
$data merge entity $(bone_upper_left_tooth1) { transformation: [-0.9998744348350117f,-0.006531488434786973f,0.01443794383532886f,0.25120723141186885f,0f,0.9111070305634277f,0.41216984224697156f,3.785919520579041f,-0.01584659469305209f,0.4121180880727264f,-0.9109926272588129f,3.190335653263613f,0f,0f,0f,1f], start_interpolation: 0, interpolation_duration: 1 }
$data merge entity $(bone_upper_right_tooth1) { transformation: [-0.9998744348350117f,-0.006531488434786973f,0.01443794383532886f,-0.4225362842484417f,0f,0.9111070305634277f,0.41216984224697156f,3.785919520579041f,-0.01584659469305209f,0.4121180880727264f,-0.9109926272588129f,3.179657772073959f,0f,0f,0f,1f], start_interpolation: 0, interpolation_duration: 1 }
$data merge entity $(bone_top_lip1) { transformation: [-0.9998744348350117f,0.0016989589304660197f,0.015755256326650365f,-0.05839838904690156f,0f,0.9942360886883937f,-0.10721287212645897f,3.8984732699601676f,-0.01584659469305209f,-0.10719940992448174f,-0.9941112472698801f,3.236352702483407f,0f,0f,0f,1f], start_interpolation: 0, interpolation_duration: 1 }
$data merge entity $(bone_muzzle1) { transformation: [-0.9998744348350117f,-0.006531488434786973f,0.01443794383532886f,-0.05139142034542369f,0f,0.9111070305634277f,0.41216984224697156f,4.283398682132238f,-0.01584659469305209f,0.4121180880727264f,-0.9109926272588129f,2.79423318052904f,0f,0f,0f,1f], start_interpolation: 0, interpolation_duration: 1 }
$data merge entity $(bone_jaw_right_tooth1) { transformation: [-0.9998744348350117f,0.0018007191923176988f,0.015743950385982714f,-0.4220259862487349f,0f,0.9935226268445941f,-0.11363445757259251f,3.5771147485293584f,-0.01584659469305209f,-0.11362018904317914f,-0.9933978750120347f,3.147459439628566f,0f,0f,0f,1f], start_interpolation: 0, interpolation_duration: 1 }
$data merge entity $(bone_jaw_left_tooth1) { transformation: [-0.9998744348350117f,0.0018007191923176988f,0.015743950385982714f,0.30786282238326823f,0f,0.9935226268445941f,-0.11363445757259251f,3.5771147485293584f,-0.01584659469305209f,-0.11362018904317914f,-0.9933978750120347f,3.1590271442506914f,0f,0f,0f,1f], start_interpolation: 0, interpolation_duration: 1 }
$data merge entity $(bone_tongue1) { transformation: [-0.9998744348350117f,-0.005730086401992265f,0.014774324796469378f,-0.04528461987644588f,0f,0.9323343647419188f,0.36159733450522424f,3.8620572203555135f,-0.01584659469305209f,0.36155193047625767f,-0.9322172960235856f,2.4089116786011484f,0f,0f,0f,1f], start_interpolation: 0, interpolation_duration: 1 }
$data merge entity $(bone_jaw_lips1) { transformation: [-0.9998744348350117f,-0.005730086401992265f,0.014774324796469378f,-0.0016730935011987705f,0f,0.9323343647419188f,0.36159733450522424f,3.4167736027941085f,-0.01584659469305209f,0.36155193047625767f,-0.9322172960235856f,3.2006460358103026f,0f,0f,0f,1f], start_interpolation: 0, interpolation_duration: 1 }
$data merge entity $(bone_jaw3) { transformation: [-0.9998744348350117f,-0.0009605460722121118f,0.01581745600939116f,0.01261880784728668f,0f,0.9981612021872621f,0.060615298795599515f,3.3871586651768992f,-0.01584659469305209f,0.06060768762560531f,-0.9980358679112245f,2.2988682683887567f,0f,0f,0f,1f], start_interpolation: 0, interpolation_duration: 1 }
$data merge entity $(bone_jaw1) { transformation: [-0.9998744348350117f,-0.011863839046663684f,0.010505421764057108f,0.02205727271343174f,0f,0.6629450659619123f,0.7486680436059469f,4.059790110604117f,-0.01584659469305209f,0.7485740369795297f,-0.6628618231553266f,1.7033283491476428f,0f,0f,0f,1f], start_interpolation: 0, interpolation_duration: 1 }
$data merge entity $(bone_tear_right1) { transformation: [-0.9998744348350117f,-0.007764983868099396f,0.013813746374319414f,-0.6572657974012146f,0f,0.8717170245021807f,0.49000962153111305f,4.365365862595638f,-0.01584659469305209f,0.4899480933921394f,-0.8716075672101758f,2.7534034519432593f,0f,0f,0f,1f], start_interpolation: 0, interpolation_duration: 1 }
$data merge entity $(bone_right_pupil1) { transformation: [-0.9998744348350117f,-0.007764983868099396f,0.013813746374319414f,-0.473789543093117f,0f,0.8717170245021807f,0.49000962153111305f,4.430245544169958f,-0.01584659469305209f,0.4899480933921394f,-0.8716075672101758f,2.870094700370074f,0f,0f,0f,1f], start_interpolation: 0, interpolation_duration: 1 }
$data merge entity $(bone_right_sad_pupil1) { transformation: [-0.9998744348350117f,-0.007764983868099396f,0.013813746374319414f,-0.4736344082461398f,0f,0.8717170245021807f,0.49000962153111305f,4.435748581911763f,-0.01584659469305209f,0.4899480933921394f,-0.8716075672101758f,2.8603061388242565f,0f,0f,0f,1f], start_interpolation: 0, interpolation_duration: 1 }
$data merge entity $(bone_right_happy_pupil1) { transformation: [-0.9998744348350117f,-0.007764983868099396f,0.013813746374319414f,-0.5014886871709646f,0f,0.8717170245021807f,0.49000962153111305f,4.411274418178782f,-0.01584659469305209f,0.4899480933921394f,-0.8716075672101758f,2.8461055419980807f,0f,0f,0f,1f], start_interpolation: 0, interpolation_duration: 1 }
$data merge entity $(bone_eyelid_right1) { transformation: [-0.9998744348350117f,-0.007764983868099396f,0.013813746374319414f,-0.0331225286419964f,0f,0.8717170245021807f,0.49000962153111305f,4.661951514989414f,-0.01584659469305209f,0.4899480933921394f,-0.8716075672101758f,2.3502179738984714f,0f,0f,0f,1f], start_interpolation: 0, interpolation_duration: 1 }
$data merge entity $(bone_eyelid_expressions_right5) { transformation: [-0.9998744348350117f,-0.007764983868099396f,0.013813746374319414f,-0.6036402668379071f,0f,0.8717170245021807f,0.49000962153111305f,4.53364648993691f,-0.01584659469305209f,0.4899480933921394f,-0.8716075672101758f,2.913283018144068f,0f,0f,0f,1f], start_interpolation: 0, interpolation_duration: 1 }
$data merge entity $(bone_eyelid_expressions_right7) { transformation: [-0.9998744348350117f,-0.007764983868099396f,0.013813746374319414f,-0.26676850900775173f,0f,0.8717170245021807f,0.49000962153111305f,4.53364648993691f,-0.01584659469305209f,0.4899480933921394f,-0.8716075672101758f,2.918621958738895f,0f,0f,0f,1f], start_interpolation: 0, interpolation_duration: 1 }
$data merge entity $(bone_eyelid_expressions_right6) { transformation: [-0.9998744348350117f,-0.007764983868099396f,0.013813746374319414f,-0.3790590949511369f,0f,0.8717170245021807f,0.49000962153111305f,4.53364648993691f,-0.01584659469305209f,0.4899480933921394f,-0.8716075672101758f,2.9168423118739524f,0f,0f,0f,1f], start_interpolation: 0, interpolation_duration: 1 }
$data merge entity $(bone_right_eye1) { transformation: [-0.9998744348350117f,-0.007764983868099396f,0.013813746374319414f,-0.04450672208331213f,0f,0.8717170245021807f,0.49000962153111305f,4.65644847724761f,-0.01584659469305209f,0.4899480933921394f,-0.8716075672101758f,2.3598285707577946f,0f,0f,0f,1f], start_interpolation: 0, interpolation_duration: 1 }
$data merge entity $(bone_tear_left1) { transformation: [-0.9998744348350117f,-0.007764983868099396f,0.013813746374319414f,0.5554725307873445f,0f,0.8717170245021807f,0.49000962153111305f,4.365365862595638f,-0.01584659469305209f,0.4899480933921394f,-0.8716075672101758f,2.772623638084637f,0f,0f,0f,1f], start_interpolation: 0, interpolation_duration: 1 }
$data merge entity $(bone_left_sad_pupil1) { transformation: [-0.9998744348350117f,-0.007764983868099396f,0.013813746374319414f,0.3685449863292485f,0f,0.8717170245021807f,0.49000962153111305f,4.435748581911763f,-0.01584659469305209f,0.4899480933921394f,-0.8716075672101758f,2.873653490311324f,0f,0f,0f,1f], start_interpolation: 0, interpolation_duration: 1 }
$data merge entity $(bone_left_pupil1) { transformation: [-0.9998744348350117f,-0.007764983868099396f,0.013813746374319414f,0.36838985148227127f,0f,0.8717170245021807f,0.49000962153111305f,4.430245544169958f,-0.01584659469305209f,0.4899480933921394f,-0.8716075672101758f,2.8834420518571418f,0f,0f,0f,1f], start_interpolation: 0, interpolation_duration: 1 }
$data merge entity $(bone_eyelid_left1) { transformation: [-0.9998744348350117f,-0.007764983868099396f,0.013813746374319414f,-0.05558064583067342f,0f,0.8717170245021807f,0.49000962153111305f,4.661951514989414f,-0.01584659469305209f,0.4899480933921394f,-0.8716075672101758f,2.349862044525483f,0f,0f,0f,1f], start_interpolation: 0, interpolation_duration: 1 }
$data merge entity $(bone_left_happy_pupil1) { transformation: [-0.9998744348350117f,-0.007764983868099396f,0.013813746374319414f,0.39683600037611605f,0f,0.8717170245021807f,0.49000962153111305f,4.411274418178782f,-0.01584659469305209f,0.4899480933921394f,-0.8716075672101758f,2.8603427169176197f,0f,0f,0f,1f], start_interpolation: 0, interpolation_duration: 1 }
$data merge entity $(bone_eyelid_expressions_left5) { transformation: [-0.9998744348350117f,-0.007764983868099396f,0.013813746374319414f,0.496807475407267f,0f,0.8717170245021807f,0.49000962153111305f,4.53364648993691f,-0.01584659469305209f,0.4899480933921394f,-0.8716075672101758f,2.930723557420503f,0f,0f,0f,1f], start_interpolation: 0, interpolation_duration: 1 }
$data merge entity $(bone_eyelid_expressions_left7) { transformation: [-0.9998744348350117f,-0.007764983868099396f,0.013813746374319414f,0.15993571757711156f,0f,0.8717170245021807f,0.49000962153111305f,4.53364648993691f,-0.01584659469305209f,0.4899480933921394f,-0.8716075672101758f,2.9253846168256756f,0f,0f,0f,1f], start_interpolation: 0, interpolation_duration: 1 }
$data merge entity $(bone_eyelid_expressions_left6) { transformation: [-0.9998744348350117f,-0.007764983868099396f,0.013813746374319414f,0.2722263035204967f,0f,0.8717170245021807f,0.49000962153111305f,4.53364648993691f,-0.01584659469305209f,0.4899480933921394f,-0.8716075672101758f,2.927164263690618f,0f,0f,0f,1f], start_interpolation: 0, interpolation_duration: 1 }
$data merge entity $(bone_left_eye1) { transformation: [-0.9998744348350117f,-0.007764983868099396f,0.013813746374319414f,-0.04450672208331213f,0f,0.8717170245021807f,0.49000962153111305f,4.65644847724761f,-0.01584659469305209f,0.4899480933921394f,-0.8716075672101758f,2.3598285707577946f,0f,0f,0f,1f], start_interpolation: 0, interpolation_duration: 1 }
$data merge entity $(bone_crest_middle5) { transformation: [-0.9998744348350117f,-0.004591080813479573f,0.01516695553926253f,-0.06185240874542914f,0f,0.9571113436700981f,0.28972034070465164f,5.630776438274175f,-0.01584659469305209f,0.2896839619222704f,-0.9569911638263179f,3.4542913865268936f,0f,0f,0f,1f], start_interpolation: 0, interpolation_duration: 1 }
$data merge entity $(bone_crest_middle4) { transformation: [-0.9998744348350117f,-0.004591080813479573f,0.01516695553926253f,-0.05875880936915873f,0f,0.9571113436700981f,0.28972034070465164f,4.985847896152722f,-0.01584659469305209f,0.2896839619222704f,-0.9569911638263179f,3.2590941856222386f,0f,0f,0f,1f], start_interpolation: 0, interpolation_duration: 1 }
$data merge entity $(bone_crest_middle1) { transformation: [-0.9998744348350117f,-0.004591080813479573f,0.01516695553926253f,-0.05771610543920302f,0f,0.9571113436700981f,0.28972034070465164f,4.477748671199463f,-0.01584659469305209f,0.2896839619222704f,-0.9569911638263179f,3.1933025740577787f,0f,0f,0f,1f], start_interpolation: 0, interpolation_duration: 1 }
$data merge entity $(bone_crest_left5) { transformation: [-0.5306832212616235f,-0.838404494473737f,0.12431099033321312f,-1.162603721273092f,-0.7351986816346009f,0.5283253081134975f,0.4246825488874282f,5.023317990868024f,-0.421732399981471f,0.1339786268515073f,-0.8967672553973259f,3.2087291594628318f,0f,0f,0f,1f], start_interpolation: 0, interpolation_duration: 1 }
$data merge entity $(bone_crest_left4) { transformation: [-0.5306832212616235f,-0.838404494473737f,0.12431099033321312f,-0.6918199475207494f,-0.7351986816346009f,0.5283253081134975f,0.4246825488874282f,4.726650947737886f,-0.421732399981471f,0.1339786268515073f,-0.8967672553973259f,3.1334970203616437f,0f,0f,0f,1f], start_interpolation: 0, interpolation_duration: 1 }
$data merge entity $(bone_crest_left1) { transformation: [-0.5306832212616235f,-0.838404494473737f,0.12431099033321312f,-0.1669774429320799f,-0.7351986816346009f,0.5283253081134975f,0.4246825488874282f,4.4241641207644875f,-0.421732399981471f,0.1339786268515073f,-0.8967672553973259f,3.000386084161522f,0f,0f,0f,1f], start_interpolation: 0, interpolation_duration: 1 }
$data merge entity $(bone_crest_center1) { transformation: [-0.9998744348350117f,-0.007764983868099396f,0.013813746374319414f,-0.054468848757548496f,0f,0.8717170245021807f,0.49000962153111305f,4.399689957031506f,-0.01584659469305209f,0.4899480933921394f,-0.8716075672101758f,2.988410040221654f,0f,0f,0f,1f], start_interpolation: 0, interpolation_duration: 1 }
$data merge entity $(bone_crest_right5) { transformation: [-0.5437810632040836f,0.833737746498193f,-0.09583071201212655f,1.0461277473504564f,0.7351986816346009f,0.5283253081134975f,0.4246825488874282f,5.023317990868024f,0.40470366173705546f,0.16047971482680534f,-0.9002561898180572f,3.2437344272741266f,0f,0f,0f,1f], start_interpolation: 0, interpolation_duration: 1 }
$data merge entity $(bone_crest_right4) { transformation: [-0.5437810632040836f,0.833737746498193f,-0.09583071201212655f,0.5779644619632877f,0.7351986816346009f,0.5283253081134975f,0.4246825488874282f,4.726650947737886f,0.40470366173705546f,0.16047971482680534f,-0.9002561898180572f,3.1536213061555594f,0f,0f,0f,1f], start_interpolation: 0, interpolation_duration: 1 }
$data merge entity $(bone_crest_right1) { transformation: [-0.5437810632040836f,0.833737746498193f,-0.09583071201212655f,0.05760372895469032f,0.7351986816346009f,0.5283253081134975f,0.4246825488874282f,4.4241641207644875f,0.40470366173705546f,0.16047971482680534f,-0.9002561898180572f,3.0039453778914065f,0f,0f,0f,1f], start_interpolation: 0, interpolation_duration: 1 }
$data merge entity $(bone_head1) { transformation: [-1.0480454688049272f,-0.008139078142994806f,0.014479252384540524f,-0.03553828345619031f,0f,0.9137138082347072f,0.5136168559017523f,4.910166599034283f,-0.01661003740612881f,0.5135523635165f,-0.913599077609624f,1.793945951978025f,0f,0f,0f,1f], start_interpolation: 0, interpolation_duration: 1 }
$data merge entity $(bone_neck10) { transformation: [-1.497207812578468f,-0.0068773813606790996f,0.02271011368633612f,-0.017294113046472093f,0f,1.4331226440904261f,0.43399742934641206f,4.7894529742164735f,-0.02372862486589831f,0.43394293438759146f,-1.432942693809172f,0.6427914023227124f,0f,0f,0f,1f], start_interpolation: 0, interpolation_duration: 1 }
$data merge entity $(bone_neck9) { transformation: [-1.1453639766225288f,-0.008894849684844332f,0.015823754391676447f,-0.006733214153615416f,0f,0.9985586618565024f,0.5613098496640585f,3.489264981180536f,-0.018152398022412218f,0.5612393687001757f,-0.9984332776733759f,-0.02357086770332656f,0f,0f,0f,1f], start_interpolation: 0, interpolation_duration: 1 }
$data merge entity $(bone_neck8) { transformation: [-1.0630175469307124f,0.0038353015996236404f,0.01640496193135165f,-0.010111193878527174f,0f,1.0352357871905677f,-0.24202686280007024f,2.7244731897295473f,-0.0168473236547878f,-0.24199647265711122f,-1.0351057976381473f,0.18956991325014572f,0f,0f,0f,1f], start_interpolation: 0, interpolation_duration: 1 }
$data merge entity $(bone_neck7) { transformation: [-1.05553150786782f,0.009026705512538783f,0.014084294085258119f,-0.018576020178280327f,0f,0.8887899487599916f,-0.5696306170117751f,1.9323078285974655f,-0.01672868053045831f,-0.5695590912493675f,-0.8886783477034353f,0.7236760462323408f,0f,0f,0f,1f], start_interpolation: 0, interpolation_duration: 1 }
$data merge entity $(bone_neck6) { transformation: [-1.049542676617506f,0.0066497405839790105f,0.015246741374459532f,-0.02432240510468642f,0f,0.9621462320320744f,-0.4196321489117517f,1.0785423478428733f,-0.016633766030994715f,-0.41957945773173927f,-0.9620254199817063f,1.086256366605771f,0f,0f,0f,1f], start_interpolation: 0, interpolation_duration: 1 }
$data merge entity $(bone_neck_spine6) { transformation: [-1.270116670882787f,-0.04644585520562976f,-0.0680572802612149f,0.07972606695108339f,-0.06035728179241495f,-0.19119321918550616f,1.2568959861455615f,0.23153363633103718f,-0.05608929841749576f,1.2574869001259659f,0.18858964746595297f,-1.3577755215789558f,0f,0f,0f,1f], start_interpolation: 0, interpolation_duration: 1 }
$data merge entity $(bone_neck_spine7) { transformation: [-0.9929144654382521f,0.06400067458342407f,-0.10012381323309787f,0.03339233534617343f,-0.07917997092228096f,0.2719462714025131f,0.9590494031461662f,0.6382816691843965f,0.08860810644752748f,0.9601818260741753f,-0.2649518151450304f,-5.037390022516295f,0f,0f,0f,1f], start_interpolation: 0, interpolation_duration: 1 }
$data merge entity $(bone_tail6) { transformation: [-1.589333650708503f,0.5877155647352577f,-0.30644885253599186f,-1.0652795503574104f,0.5590513991139887f,1.6163466395810224f,0.20046698329389107f,-2.0085097165821093f,0.35606462531596805f,0.08553299486267653f,-1.6826182059265695f,-7.0651210773138935f,0f,0f,0f,1f], start_interpolation: 0, interpolation_duration: 1 }
$data merge entity $(bone_tail5) { transformation: [-1.312927798411372f,0.48550416217260417f,-0.25315339992103675f,-0.7586453426694498f,0.461825068833295f,1.3352428761756272f,0.1656031601123448f,-1.1651984263659239f,0.2941403426523214f,0.070657691408298f,-1.3899889527219487f,-7.020495166950758f,0f,0f,0f,1f], start_interpolation: 0, interpolation_duration: 1 }
$data merge entity $(bone_tail4) { transformation: [-0.9674204830399582f,0.3577399089692872f,-0.18653408415234285f,-0.6053282388254696f,0.34029215598242785f,0.9838631719188831f,0.12202338113541193f,-0.743542781257831f,0.2167349893227631f,0.05206356209032483f,-1.0242023862161724f,-6.99818221176919f,0f,0f,0f,1f], start_interpolation: 0, interpolation_duration: 1 }
$data merge entity $(bone_segment18) { transformation: [-0.9229551937573763f,0.36977647187801704f,-0.10686005409754297f,-0.3976900832299034f,0.3246513985024902f,0.8970085216930166f,0.2999619666899217f,-0.23985147268997498f,0.20677325689426346f,0.24215918907932113f,-0.9479471226697112f,-6.862204151495157f,0f,0f,0f,1f], start_interpolation: 0, interpolation_duration: 1 }
$data merge entity $(bone_segment17) { transformation: [-0.9233829495042096f,0.3309953349797629f,-0.19443769384185944f,-0.15606995344731253f,-0.051443450078962255f,0.39524303257920546f,0.9171349500709076f,0.04866822150236527f,0.38041753378213206f,0.8568693210864932f,-0.34793313520257446f,-6.236706282830943f,0f,0f,0f,1f], start_interpolation: 0, interpolation_duration: 1 }
$data merge entity $(bone_segment16) { transformation: [-0.9718405060416645f,0.21038750799979353f,-0.10612788179511562f,0.04476382494116243f,-0.07648718688184378f,0.14434731585471794f,0.9865665525692832f,0.1864607031898525f,0.2228805533454706f,0.9669027608209502f,-0.12419061984401951f,-5.313710727457428f,0f,0f,0f,1f], start_interpolation: 0, interpolation_duration: 1 }
$data merge entity $(bone_segment15) { transformation: [-0.9929144654382521f,0.08773385421306518f,-0.08014758354679342f,0.14821951728713528f,-0.07917997092228096f,0.014459676182270537f,0.9967554614695877f,0.2035115420473639f,0.08860810644752748f,0.9960389995324606f,-0.00741045762143927f,-4.139182317364218f,0f,0f,0f,1f], start_interpolation: 0, interpolation_duration: 1 }
$data merge entity $(bone_segment14) { transformation: [-1.04612421064222f,0.013457084164531834f,-0.06417352116841386f,0.1633587369722336f,-0.06556095797618434f,-0.1983037237220748f,1.0271575302612428f,-0.01958014713997025f,0.0010462899259509985f,1.0291597242745756f,0.19875705077718156f,-2.981377627555321f,0f,0f,0f,1f], start_interpolation: 0, interpolation_duration: 1 }
$data merge entity $(bone_segment13) { transformation: [-1.023564611240834f,-0.027337314930717036f,-0.060512557795604785f,0.13209057802013457f,-0.04864086826800499f,-0.32762845827116344f,0.9707663318678614f,-0.44074089723093757f,-0.04520137578351129f,0.9715996481917989f,0.3256448542262544f,-1.8201163912104206f,0f,0f,0f,1f], start_interpolation: 0, interpolation_duration: 1 }
$data merge entity $(bone_segment12) { transformation: [-1.1125933091908178f,-0.0648351830179913f,-0.04905515853124134f,0.0537661958507491f,-0.05377707589534266f,0.08205548825596447f,1.1112375102321277f,-0.3416134617539335f,-0.06097569715590141f,1.1106471883914242f,-0.08496274752062194f,-0.47839495556977385f,0f,0f,0f,1f], start_interpolation: 0, interpolation_duration: 1 }
$data merge entity $(bone_segment11) { transformation: [-1.1892497944286422f,-0.05268608617115488f,-0.0056518719681806755f,-0.010521662384560634f,-0.03667695192710157f,0.7268252567094318f,0.9420736108648584f,0.49824503158732625f,-0.03824354233221793f,0.941314008933566f,-0.7277281147081303f,0.6093352752443132f,0f,0f,0f,1f], start_interpolation: 0, interpolation_duration: 1 }
$data merge entity $(bone_segment10) { transformation: [-1.0480454688049277f,-0.007764117440896357f,0.014683726468337916f,-0.024710283314412683f,0f,0.9266171535753337f,0.489954945607369f,1.4468042767697349f,-0.016610037406128816f,0.48989342433378696f,-0.926500802739564f,1.1107303632749044f,0f,0f,0f,1f], start_interpolation: 0, interpolation_duration: 1 }