# This file was generated by Animated Java via MC-Build. It is not recommended to edit this file directly.
$data merge entity $(bone_neck_spine5) { transformation: [-1.572174156582072f,-0.004036759528271015f,0.016471839745560445f,0.1084123039616029f,0f,1.5270765320814321f,0.3742411798864324f,4.441106522710807f,-0.01695927274656881f,0.3742194079618263f,-1.5269876925925927f,-0.3693282919806826f,0f,0f,0f,1f], start_interpolation: 0, interpolation_duration: 1 }
$data merge entity $(bone_neck_spine2) { transformation: [-1.4973087205543538f,-0.0024930868409648666f,0.01595811874611111f,-0.023830677072473563f,0f,1.479450323083865f,0.2311298838555414f,5.711495031068641f,-0.01615168833006553f,0.2311164376003563f,-1.4793642543062333f,1.4784040935292317f,0f,0f,0f,1f], start_interpolation: 0, interpolation_duration: 1 }
$data merge entity $(bone_scale_neck_left1) { transformation: [-1.5922148098589708f,0.4077664173155614f,0.10785930193110725f,0.7641175636465048f,0.4090084780592688f,1.3897246239013725f,0.7838575224079329f,4.825767879776361f,0.10304923570349796f,0.7845043654878496f,-1.4446414213877106f,1.3143485325424047f,0f,0f,0f,1f], start_interpolation: 0, interpolation_duration: 1 }
$data merge entity $(bone_scale_neck_right1) { transformation: [-1.589621348985871f,-0.42459468851129517f,-0.07667071262228214f,-0.8080565929355664f,-0.4090084780592688f,1.3897246239013725f,0.7838575224079329f,4.825767879776361f,-0.13737216807509847f,0.7755255644063955f,-1.4466319736644018f,1.2973892597958359f,0f,0f,0f,1f], start_interpolation: 0, interpolation_duration: 1 }
$data merge entity $(bone_blush_right1) { transformation: [-0.9999418238136902f,-0.005191512163794302f,0.009455008704598488f,-0.6970860946162378f,0f,0.8765579392738775f,0.48129635267258547f,4.091489211991254f,-0.01078651881520898f,0.4812683526863021f,-0.8765069444758911f,2.462836053744889f,0f,0f,0f,1f], start_interpolation: 0, interpolation_duration: 1 }
$data merge entity $(bone_blush_left1) { transformation: [-0.9999418238136902f,-0.005191512163794302f,0.009455008704598488f,0.6280321230743653f,0f,0.8765579392738775f,0.48129635267258547f,4.091489211991254f,-0.01078651881520898f,0.4812683526863021f,-0.8765069444758911f,2.4771302979169967f,0f,0f,0f,1f], start_interpolation: 0, interpolation_duration: 1 }
$data merge entity $(bone_left_head_scales) { transformation: [-0.8913250674282055f,-0.005191512163794302f,-0.45333505531290885f,0.639188682288254f,-0.22223792340164614f,0.8765579392738775f,0.42691507878974927f,4.92054081507518f,0.3951581070612485f,0.4812683526863021f,-0.7824518152106138f,2.4840424985496528f,0f,0f,0f,1f], start_interpolation: 0, interpolation_duration: 1 }
$data merge entity $(bone_left_head_scales2) { transformation: [-0.8245275593454989f,-0.005191512163794302f,-0.5657979781522798f,0.6422601688010934f,-0.2760602467946978f,0.8765579392738775f,0.39425489120058393f,4.051930536786128f,0.4939079307111857f,0.4812683526863021f,-0.724179348423585f,2.1993067206694703f,0f,0f,0f,1f], start_interpolation: 0, interpolation_duration: 1 }
$data merge entity $(bone_left_head_scales1) { transformation: [-0.9999418238136902f,-0.005191512163794302f,0.009455008704598488f,0.6397717134394614f,0f,0.8765579392738775f,0.48129635267258547f,4.822099249629383f,-0.01078651881520898f,0.4812683526863021f,-0.8765069444758911f,2.4299938065975777f,0f,0f,0f,1f], start_interpolation: 0, interpolation_duration: 1 }
$data merge entity $(bone_right_head_scales) { transformation: [-0.8825933931132585f,-0.005191512163794302f,0.4701084456104553f,-0.7083891662106645f,0.22223792340164614f,0.8765579392738775f,0.42691507878974927f,4.92054081507518f,-0.41429362514399065f,0.4812683526863021f,-0.7724904950015011f,2.469505979052594f,0f,0f,0f,1f], start_interpolation: 0, interpolation_duration: 1 }
$data merge entity $(bone_right_head_scales2) { transformation: [-0.8136812189485955f,-0.005191512163794302f,0.5812881575705641f,-0.7053176796978251f,0.2760602467946978f,0.8765579392738775f,0.39425489120058393f,4.051930536786128f,-0.511579528587666f,0.4812683526863021f,-0.7118055623782629f,2.1847702011724115f,0f,0f,0f,1f], start_interpolation: 0, interpolation_duration: 1 }
$data merge entity $(bone_right_head_scales1) { transformation: [-0.9999418238136902f,-0.005191512163794302f,0.009455008704598488f,-0.7078061350594571f,0f,0.8765579392738775f,0.48129635267258547f,4.822099249629383f,-0.01078651881520898f,0.4812683526863021f,-0.8765069444758911f,2.415457287100519f,0f,0f,0f,1f], start_interpolation: 0, interpolation_duration: 1 }
$data merge entity $(bone_head_left_fin1) { transformation: [-0.7353155493653418f,0.01987320765455038f,-0.7467203603118362f,0.6427544563413053f,-0.10801516074930001f,1.033964782475425f,0.13388335099639392f,4.493482398616115f,0.7391339296332041f,0.1708715372531067f,-0.7232974145169551f,2.153484820859586f,0f,0f,0f,1f], start_interpolation: 0, interpolation_duration: 1 }
$data merge entity $(bone_head_right_fin1) { transformation: [-0.7192000064876367f,-0.02355458685236404f,0.7621494145714286f,-0.7048233921576131f,0.10801516074930001f,1.033964782475425f,0.13388335099639392f,4.493482398616115f,-0.7548240018319899f,0.17040307527722362f,-0.7070210154016492f,2.138948301362527f,0f,0f,0f,1f], start_interpolation: 0, interpolation_duration: 1 }
$data merge entity $(bone_right_whisker16) { transformation: [0.2604996314684832f,0.9217456833744981f,-0.28727136506318207f,-1.231485263181837f,0.957701394284664f,-0.2843781795050379f,-0.044012389239973526f,1.7560270180949387f,-0.12226193761753894f,-0.26365497568200763f,-0.9568375371023681f,2.1072666297409173f,0f,0f,0f,1f], start_interpolation: 0, interpolation_duration: 1 }
$data merge entity $(bone_right_whisker15) { transformation: [-0.8798579963048296f,0.37858297525534135f,-0.28727136506318207f,-0.9350487312236667f,0.40695040103692015f,0.9123893251728009f,-0.044012389239973526f,1.6189197052455857f,0.2454409856449006f,-0.15562984982815703f,-0.9568375371023681f,2.0245741101632895f,0f,0f,0f,1f], start_interpolation: 0, interpolation_duration: 1 }
$data merge entity $(bone_right_whisker14) { transformation: [-0.7149567554904209f,-0.6374260746104966f,-0.28727136506318207f,-0.6941697462195702f,-0.65492087911232f,0.7544147080327471f,-0.044012389239973526f,1.8395717592433884f,0.24477638750777497f,0.15667305993858227f,-0.9568375371023681f,1.9421055030439707f,0f,0f,0f,1f], start_interpolation: 0, interpolation_duration: 1 }
$data merge entity $(bone_right_whisker13) { transformation: [-0.09250686822657384f,-0.9939634679509826f,-0.05898392755461055f,-0.663002881436203f,-0.98447552023143f,0.08242799152221976f,0.15496314490441992f,2.1712554061963605f,-0.14916577823336907f,0.0724033879902668f,-0.9861578575520071f,1.9923615513745492f,0f,0f,0f,1f], start_interpolation: 0, interpolation_duration: 1 }
$data merge entity $(bone_right_whisker12) { transformation: [0.07108542538097959f,-0.9967626781698665f,-0.037563622110235104f,-0.6949357873690649f,-0.9278205082422062f,-0.07990021270178713f,0.36436940115133654f,2.588049775133289f,-0.3661911615312139f,0.008950945081080925f,-0.9304965952643655f,2.156861487218649f,0f,0f,0f,1f], start_interpolation: 0, interpolation_duration: 1 }
$data merge entity $(bone_right_whisker11) { transformation: [0.29295513151864894f,-0.9560170028311153f,-0.014449263465743281f,-0.826536725355958f,-0.9535802226838263f,-0.29324379683068286f,0.0685042664845765f,3.016415890792039f,-0.06972840040583017f,-0.006290144524296937f,-0.9975461815167798f,2.188184792088456f,0f,0f,0f,1f], start_interpolation: 0, interpolation_duration: 1 }
$data merge entity $(bone_right_whisker10) { transformation: [0.06852286286581097f,-0.9928505048161561f,0.09773685257351657f,-0.8573184801589591f,-0.9811192502584593f,-0.08482321970838859f,-0.17381035116063046f,3.457153053994081f,0.18085804941155514f,-0.08398152466231183f,-0.9799170727558743f,2.1069399652043588f,0f,0f,0f,1f], start_interpolation: 0, interpolation_duration: 1 }
$data merge entity $(bone_right_whisker1) { transformation: [-0.3391319402607422f,-0.9382998615920998f,0.06769709618019727f,-0.7049740538699538f,-0.9351551251644319f,0.3440738604045248f,0.08425004727015811f,3.8772422703765406f,-0.10234460891361397f,-0.034735404453873076f,-0.9941423603809193f,2.152915082489771f,0f,0f,0f,1f], start_interpolation: 0, interpolation_duration: 1 }
$data merge entity $(bone_left_whisker16) { transformation: [0.25780160579368466f,-0.9158436872042417f,0.30784520892542216f,1.1699772043463625f,-0.957701394284664f,-0.2843781795050379f,-0.044012389239973526f,1.7560270180949387f,0.12785292892776542f,-0.28347732119084856f,-0.9504179275113934f,2.1331715568807956f,0f,0f,0f,1f], start_interpolation: 0, interpolation_duration: 1 }
$data merge entity $(bone_left_whisker15) { transformation: [-0.8743586555478244f,-0.3751376664776068f,0.30784520892542216f,0.8753934776237069f,-0.40695040103692015f,0.9123893251728009f,-0.044012389239973526f,1.6189197052455857f,-0.2643639774335579f,-0.16376034471280596f,-0.9504179275113934f,2.0441036152649974f,0f,0f,0f,1f], start_interpolation: 0, interpolation_duration: 1 }
$data merge entity $(bone_left_whisker14) { transformation: [-0.7095101234849691f,0.633898029665661f,0.30784520892542216f,0.6363495395355095f,0.65492087911232f,0.7544147080327471f,-0.044012389239973526f,1.8395717592433884f,-0.2601423202308498f,0.170387019135431f,-0.9504179275113934f,1.956458009327846f,0f,0f,0f,1f], start_interpolation: 0, interpolation_duration: 1 }
$data merge entity $(bone_left_whisker13) { transformation: [-0.09570311380396339f,0.9921703045187237f,0.08024338501988129f,0.6041058146699164f,0.98447552023143f,0.08242799152221976f,0.15496314490441992f,2.1712554061963605f,0.1471355296088643f,0.0938281037047863f,-0.9846559921525299f,2.0060300383464575f,0f,0f,0f,1f], start_interpolation: 0, interpolation_duration: 1 }
$data merge entity $(bone_left_whisker12) { transformation: [0.06316948782218697f,0.9963376456705091f,0.05762735138829342f,0.6324827330275394f,0.9278205082422062f,-0.07990021270178713f,0.36436940115133654f,2.588049775133289f,0.36763938893086107f,0.030450810004931675f,-0.9294697563001104f,2.1711805450927426f,0f,0f,0f,1f], start_interpolation: 0, interpolation_duration: 1 }
$data merge entity $(bone_left_whisker11) { transformation: [0.29138279555825986f,0.9559302292394055f,0.03596475050589362f,0.7633773482197266f,0.9535802226838263f,-0.29324379683068286f,0.0685042664845765f,3.016415890792039f,0.07603173915489492f,0.014334310120234381f,-0.9970023581689559f,2.2053354279162307f,0f,0f,0f,1f], start_interpolation: 0, interpolation_duration: 1 }
$data merge entity $(bone_left_whisker10) { transformation: [0.07240834825645713f,0.9944311017047898f,-0.0765755513526997f,0.7959045359130569f,0.9811192502584593f,-0.08482321970838859f,-0.17381035116063046f,3.457153053994081f,-0.17933780380904318f,-0.06254442709387285f,-0.9817974061711757f,2.124773523861387f,0f,0f,0f,1f], start_interpolation: 0, interpolation_duration: 1 }
$data merge entity $(bone_left_whisker1) { transformation: [-0.34126078059763143f,0.9388308257063146f,-0.046235920337926215f,0.6426037946289647f,0.9351551251644319f,0.3440738604045248f,0.08425004727015811f,3.8772422703765406f,0.0950051130444648f,-0.014486520973904682f,-0.9953713725065039f,2.16745160198683f,0f,0f,0f,1f], start_interpolation: 0, interpolation_duration: 1 }
$data merge entity $(bone_upper_left_tooth1) { transformation: [-0.9999418238136902f,-0.004347698586315834f,0.009871499640551312f,0.2666771379482312f,0f,0.915170112773781f,0.4030678164845531f,3.812181604584504f,-0.01078651881520898f,0.4030443675361658f,-0.9151168716667952f,3.1792880562214028f,0f,0f,0f,1f], start_interpolation: 0, interpolation_duration: 1 }
$data merge entity $(bone_upper_right_tooth1) { transformation: [-0.9999418238136902f,-0.004347698586315834f,0.009871499640551312f,-0.407111786301228f,0f,0.915170112773781f,0.4030678164845531f,3.812181604584504f,-0.01078651881520898f,0.4030443675361658f,-0.9151168716667952f,3.172019796472873f,0f,0f,0f,1f], start_interpolation: 0, interpolation_duration: 1 }
$data merge entity $(bone_top_lip1) { transformation: [-0.9999418238136902f,0.0012518032839619235f,0.010713635082880112f,-0.04267951993619977f,0f,0.9932430718772676f,-0.1160525750158507f,3.9252372874613433f,-0.01078651881520898f,-0.11604582351962489f,-0.9931852887832672f,3.2257469232989946f,0f,0f,0f,1f], start_interpolation: 0, interpolation_duration: 1 }
$data merge entity $(bone_muzzle1) { transformation: [-0.9999418238136902f,-0.004347698586315834f,0.009871499640551312f,-0.03786884192137797f,0f,0.915170112773781f,0.4030678164845531f,4.3057361536059675f,-0.01078651881520898f,0.4030443675361658f,-0.9151168716667952f,2.7797830094235856f,0f,0f,0f,1f], start_interpolation: 0, interpolation_duration: 1 }
$data merge entity $(bone_jaw_right_tooth1) { transformation: [-0.9999418238136902f,0.0012626788769287407f,0.010712358760077789f,-0.40675364991645363f,0f,0.9931247461389836f,-0.11706083293048805f,3.5935872875877712f,-0.01078651881520898f,-0.11705402277766203f,-0.9930669699287235f,3.1388195067500773f,0f,0f,0f,1f], start_interpolation: 0, interpolation_duration: 1 }
$data merge entity $(bone_jaw_left_tooth1) { transformation: [-0.9999418238136902f,0.0012626788769287407f,0.010712358760077789f,0.32318435135379386f,0f,0.9931247461389836f,-0.11706083293048805f,3.5935872875877712f,-0.01078651881520898f,-0.11705402277766203f,-0.9930669699287235f,3.1466934548109844f,0f,0f,0f,1f], start_interpolation: 0, interpolation_duration: 1 }
$data merge entity $(bone_tongue1) { transformation: [-0.9999418238136902f,-0.003974833910723702f,0.01002744651110233f,-0.033796344132812656f,0f,0.9296276846023429f,0.3685001601368541f,3.8845433644270644f,-0.01078651881520898f,0.3684787222028828f,-0.9295736024089649f,2.4022505602673907f,0f,0f,0f,1f], start_interpolation: 0, interpolation_duration: 1 }
$data merge entity $(bone_jaw_lips1) { transformation: [-0.9999418238136902f,-0.003974833910723702f,0.01002744651110233f,0.013857048836940649f,0f,0.9296276846023429f,0.3685001601368541f,3.433407557286852f,-0.01078651881520898f,0.3684787222028828f,-0.9295736024089649f,3.1904309935066095f,0f,0f,0f,1f], start_interpolation: 0, interpolation_duration: 1 }
$data merge entity $(bone_jaw3) { transformation: [-0.9999418238136902f,-0.000616685629637714f,0.010768875845930052f,0.02358415346658147f,0f,0.9983643500205043f,0.05717188651895588f,3.400681818038893f,-0.01078651881520898f,0.05716856047663399f,-0.9983062689900726f,2.2886999614265258f,0f,0f,0f,1f], start_interpolation: 0, interpolation_duration: 1 }
$data merge entity $(bone_jaw1) { transformation: [-0.9999418238136902f,-0.008050807726990282f,0.007178682545836035f,0.030033751066356036f,0f,0.665523573343617f,0.74637683064518f,4.071254751821672f,-0.01078651881520898f,0.746333409287623f,-0.6654848557202206f,1.6908034113653898f,0f,0f,0f,1f], start_interpolation: 0, interpolation_duration: 1 }
$data merge entity $(bone_tear_right1) { transformation: [-0.9999418238136902f,-0.005191512163794302f,0.009455008704598488f,-0.6439332842427672f,0f,0.8765579392738775f,0.48129635267258547f,4.387388038217937f,-0.01078651881520898f,0.4812683526863021f,-0.8765069444758911f,2.741204418531379f,0f,0f,0f,1f], start_interpolation: 0, interpolation_duration: 1 }
$data merge entity $(bone_right_pupil1) { transformation: [-0.9999418238136902f,-0.005191512163794302f,0.009455008704598488f,-0.459861825658194f,0f,0.8765579392738775f,0.48129635267258547f,4.453398501774664f,-0.01078651881520898f,0.4812683526863021f,-0.8765069444758911f,2.8563133811324617f,0f,0f,0f,1f], start_interpolation: 0, interpolation_duration: 1 }
$data merge entity $(bone_right_sad_pupil1) { transformation: [-0.9999418238136902f,-0.005191512163794302f,0.009455008704598488f,-0.45975564147840603f,0f,0.8765579392738775f,0.48129635267258547f,4.458803685422842f,-0.01078651881520898f,0.4812683526863021f,-0.8765069444758911f,2.8464697972833672f,0f,0f,0f,1f], start_interpolation: 0, interpolation_duration: 1 }
$data merge entity $(bone_right_happy_pupil1) { transformation: [-0.9999418238136902f,-0.005191512163794302f,0.009455008704598488f,-0.487684064712605f,0f,0.8765579392738775f,0.48129635267258547f,4.434193609074402f,-0.01078651881520898f,0.4812683526863021f,-0.8765069444758911f,2.8326549569713793f,0f,0f,0f,1f], start_interpolation: 0, interpolation_duration: 1 }
$data merge entity $(bone_eyelid_right1) { transformation: [-0.9999418238136902f,-0.005191512163794302f,0.009455008704598488f,-0.021806664499241138f,0f,0.8765579392738775f,0.48129635267258547f,4.679842085108866f,-0.01078651881520898f,0.4812683526863021f,-0.8765069444758911f,2.331930062734317f,0f,0f,0f,1f], start_interpolation: 0, interpolation_duration: 1 }
$data merge entity $(bone_eyelid_expressions_right5) { transformation: [-0.9999418238136902f,-0.005191512163794302f,0.009455008704598488f,-0.5894811904233334f,0f,0.8765579392738775f,0.48129635267258547f,4.557245250868639f,-0.01078651881520898f,0.4812683526863021f,-0.8765069444758911f,2.899125409993379f,0f,0f,0f,1f], start_interpolation: 0, interpolation_duration: 1 }
$data merge entity $(bone_eyelid_expressions_right7) { transformation: [-0.9999418238136902f,-0.005191512163794302f,0.009455008704598488f,-0.2525867282986038f,0f,0.8765579392738775f,0.48129635267258547f,4.557245250868639f,-0.01078651881520898f,0.4812683526863021f,-0.8765069444758911f,2.902759539867644f,0f,0f,0f,1f], start_interpolation: 0, interpolation_duration: 1 }
$data merge entity $(bone_eyelid_expressions_right6) { transformation: [-0.9999418238136902f,-0.005191512163794302f,0.009455008704598488f,-0.36488488234018035f,0f,0.8765579392738775f,0.48129635267258547f,4.557245250868639f,-0.01078651881520898f,0.4812683526863021f,-0.8765069444758911f,2.901548163242889f,0f,0f,0f,1f], start_interpolation: 0, interpolation_duration: 1 }
$data merge entity $(bone_right_eye1) { transformation: [-0.9999418238136902f,-0.005191512163794302f,0.009455008704598488f,-0.033142664083186765f,0f,0.8765579392738775f,0.48129635267258547f,4.6744369014606875f,-0.01078651881520898f,0.4812683526863021f,-0.8765069444758911f,2.341652508920936f,0f,0f,0f,1f], start_interpolation: 0, interpolation_duration: 1 }
$data merge entity $(bone_tear_left1) { transformation: [-0.9999418238136902f,-0.005191512163794302f,0.009455008704598488f,0.5688867794062595f,0f,0.8765579392738775f,0.48129635267258547f,4.387388038217937f,-0.01078651881520898f,0.4812683526863021f,-0.8765069444758911f,2.7542872860787324f,0f,0f,0f,1f], start_interpolation: 0, interpolation_duration: 1 }
$data merge entity $(bone_left_sad_pupil1) { transformation: [-0.9999418238136902f,-0.005191512163794302f,0.009455008704598488f,0.38248051383341797f,0f,0.8765579392738775f,0.48129635267258547f,4.458803685422842f,-0.01078651881520898f,0.4812683526863021f,-0.8765069444758911f,2.855555121969029f,0f,0f,0f,1f], start_interpolation: 0, interpolation_duration: 1 }
$data merge entity $(bone_left_pupil1) { transformation: [-0.9999418238136902f,-0.005191512163794302f,0.009455008704598488f,0.38237432965363f,0f,0.8765579392738775f,0.48129635267258547f,4.453398501774664f,-0.01078651881520898f,0.4812683526863021f,-0.8765069444758911f,2.8653987058181234f,0f,0f,0f,1f], start_interpolation: 0, interpolation_duration: 1 }
$data merge entity $(bone_eyelid_left1) { transformation: [-0.9999418238136902f,-0.005191512163794302f,0.009455008704598488f,-0.04426629530755645f,0f,0.8765579392738775f,0.48129635267258547f,4.679842085108866f,-0.01078651881520898f,0.4812683526863021f,-0.8765069444758911f,2.3316877874093658f,0f,0f,0f,1f], start_interpolation: 0, interpolation_duration: 1 }
$data merge entity $(bone_left_happy_pupil1) { transformation: [-0.9999418238136902f,-0.005191512163794302f,0.009455008704598488f,0.41070116762000725f,0f,0.8765579392738775f,0.48129635267258547f,4.434193609074402f,-0.01078651881520898f,0.4812683526863021f,-0.8765069444758911f,2.8423459699694185f,0f,0f,0f,1f], start_interpolation: 0, interpolation_duration: 1 }
$data merge entity $(bone_eyelid_expressions_left5) { transformation: [-0.9999418238136902f,-0.005191512163794302f,0.009455008704598488f,0.5110407191841166f,0f,0.8765579392738775f,0.48129635267258547f,4.557245250868639f,-0.01078651881520898f,0.4812683526863021f,-0.8765069444758911f,2.9109969009159773f,0f,0f,0f,1f], start_interpolation: 0, interpolation_duration: 1 }
$data merge entity $(bone_eyelid_expressions_left7) { transformation: [-0.9999418238136902f,-0.005191512163794302f,0.009455008704598488f,0.17414625705938697f,0f,0.8765579392738775f,0.48129635267258547f,4.557245250868639f,-0.01078651881520898f,0.4812683526863021f,-0.8765069444758911f,2.9073627710417127f,0f,0f,0f,1f], start_interpolation: 0, interpolation_duration: 1 }
$data merge entity $(bone_eyelid_expressions_left6) { transformation: [-0.9999418238136902f,-0.005191512163794302f,0.009455008704598488f,0.2864444111009635f,0f,0.8765579392738775f,0.48129635267258547f,4.557245250868639f,-0.01078651881520898f,0.4812683526863021f,-0.8765069444758911f,2.9085741476664677f,0f,0f,0f,1f], start_interpolation: 0, interpolation_duration: 1 }
$data merge entity $(bone_left_eye1) { transformation: [-0.9999418238136902f,-0.005191512163794302f,0.009455008704598488f,-0.033142664083186765f,0f,0.8765579392738775f,0.48129635267258547f,4.6744369014606875f,-0.01078651881520898f,0.4812683526863021f,-0.8765069444758911f,2.341652508920936f,0f,0f,0f,1f], start_interpolation: 0, interpolation_duration: 1 }
$data merge entity $(bone_crest_middle5) { transformation: [-0.9999418238136902f,-0.003022014162622243f,0.01035453613407032f,-0.04484424828152069f,0f,0.959951612884635f,0.28016584538481537f,5.659626997189475f,-0.01078651881520898f,0.28014954640439654f,-0.9598957665607556f,3.426423568541508f,0f,0f,0f,1f], start_interpolation: 0, interpolation_duration: 1 }
$data merge entity $(bone_crest_middle4) { transformation: [-0.9999418238136902f,-0.003022014162622243f,0.01035453613407032f,-0.0428079301445975f,0f,0.959951612884635f,0.28016584538481537f,5.012784601788696f,-0.01078651881520898f,0.28014954640439654f,-0.9598957665607556f,3.237650924968233f,0f,0f,0f,1f], start_interpolation: 0, interpolation_duration: 1 }
$data merge entity $(bone_crest_middle1) { transformation: [-0.9999418238136902f,-0.003022014162622243f,0.01035453613407032f,-0.0421528424716247f,0f,0.959951612884635f,0.28016584538481537f,4.504054751267924f,-0.01078651881520898f,0.28014954640439654f,-0.9598957665607556f,3.176922382822952f,0f,0f,0f,1f], start_interpolation: 0, interpolation_duration: 1 }
$data merge entity $(bone_crest_left5) { transformation: [-0.5328898733549268f,-0.837658877027183f,0.11981647888887739f,-1.1468895695421877f,-0.7392814677429592f,0.5297667678180267f,0.41570432180512323f,5.049925234770144f,-0.4116932041309236f,0.13294652102706522f,-0.901573029886772f,3.1925007276145014f,0f,0f,0f,1f], start_interpolation: 0, interpolation_duration: 1 }
$data merge entity $(bone_crest_left4) { transformation: [-0.5328898733549268f,-0.837658877027183f,0.11981647888887739f,-0.676524477461494f,-0.7392814677429592f,0.5297667678180267f,0.41570432180512323f,4.752448778231701f,-0.4116932041309236f,0.13294652102706522f,-0.901573029886772f,3.117848140123718f,0f,0f,0f,1f], start_interpolation: 0, interpolation_duration: 1 }
$data merge entity $(bone_crest_left1) { transformation: [-0.5328898733549268f,-0.837658877027183f,0.11981647888887739f,-0.15239490006324893f,-0.7392814677429592f,0.5297667678180267f,0.41570432180512323f,4.448567448015776f,-0.4116932041309236f,0.13294652102706522f,-0.901573029886772f,2.9851048551939248f,0f,0f,0f,1f], start_interpolation: 0, interpolation_duration: 1 }
$data merge entity $(bone_crest_center1) { transformation: [-0.9999418238136902f,-0.005191512163794302f,0.009455008704598488f,-0.039950990099570254f,0f,0.8765579392738775f,0.48129635267258547f,4.423957371667337f,-0.01078651881520898f,0.4812683526863021f,-0.8765069444758911f,2.9728042317864753f,0f,0f,0f,1f], start_interpolation: 0, interpolation_duration: 1 }
$data merge entity $(bone_crest_right5) { transformation: [-0.5416468272544821f,0.8345960620535279f,-0.10034006044395669f,1.0619907619311948f,0.7392814677429592f,0.5297667678180267f,0.41570432180512323f,5.049925234770145f,0.4001020194612487f,0.1509853798232956f,-0.9039478907009221f,3.2163282430644626f,0f,0f,0f,1f], start_interpolation: 0, interpolation_duration: 1 }
$data merge entity $(bone_crest_right4) { transformation: [-0.5416468272544821f,0.8345960620535279f,-0.10034006044395669f,0.5933455122429345f,0.7392814677429592f,0.5297667678180267f,0.41570432180512323f,4.7524487782317015f,0.4001020194612487f,0.1509853798232956f,-0.9039478907009221f,3.1315464135738424f,0f,0f,0f,1f], start_interpolation: 0, interpolation_duration: 1 }
$data merge entity $(bone_crest_right1) { transformation: [-0.5416468272544821f,0.8345960620535279f,-0.10034006044395669f,0.07220140801990413f,0.7392814677429592f,0.5297667678180267f,0.41570432180512323f,4.448567448015777f,0.4001020194612487f,0.1509853798232956f,-0.9039478907009221f,2.987527608443435f,0f,0f,0f,1f], start_interpolation: 0, interpolation_duration: 1 }
$data merge entity $(bone_head1) { transformation: [-1.0481161043880471f,-0.005441624077935431f,0.009910523446877317f,-0.02701101861924466f,0f,0.9187879441607696f,0.5044838071633218f,4.922501219387604f,-0.011306181831045866f,0.5044544582193659f,-0.918734492582151f,1.7732310512447023f,0f,0f,0f,1f], start_interpolation: 0, interpolation_duration: 1 }
$data merge entity $(bone_neck10) { transformation: [-1.4973087205543538f,-0.004554710612358591f,0.015496181695799876f,-0.014603575977279671f,0f,1.436624916831395f,0.4222595529093641f,4.7923736757861075f,-0.01615168833006553f,0.4222349874589428f,-1.4365413394725761f,0.6230248506328089f,0f,0f,0f,1f], start_interpolation: 0, interpolation_duration: 1 }
$data merge entity $(bone_neck9) { transformation: [-1.1454411712240813f,-0.005946917742315156f,0.01083078633837308f,-0.00755509191052374f,0f,1.0041039675471277f,0.5513287321142022f,3.485607406749857f,-0.012356041572500137f,0.5512966579111647f,-1.0040455526076375f,-0.030390225498693413f,0f,0f,0f,1f], start_interpolation: 0, interpolation_duration: 1 }
$data merge entity $(bone_neck8) { transformation: [-1.0630891915935914f,0.002721801720452972f,0.011140013877799447f,-0.009936540570644557f,0f,1.0327719321355133f,-0.25233365528600715f,2.7229783772019127f,-0.011467698714346528f,-0.2523189754762651f,-1.032711849403174f,0.19037702641229715f,0f,0f,0f,1f], start_interpolation: 0, interpolation_duration: 1 }
$data merge entity $(bone_neck7) { transformation: [-1.0556026479908194f,0.006232773307499037f,0.009529687595681093f,-0.01577722468632229f,0f,0.8834812935424766f,-0.5778299203178355f,1.9357894590723062f,-0.011386940272696199f,-0.5777963043767358f,-0.8834298959701424f,0.7318255166068877f,0f,0f,0f,1f], start_interpolation: 0, interpolation_duration: 1 }
$data merge entity $(bone_neck6) { transformation: [-1.049613413108602f,0.004569838525252488f,0.010359141478766569f,-0.01972726816235221f,0f,0.9603785666382179f,-0.4236620362455607f,1.083551705635819f,-0.011322333519375935f,-0.42363738920400773f,-0.9603226954757973f,1.0980060930497244f,0f,0f,0f,1f], start_interpolation: 0, interpolation_duration: 1 }
$data merge entity $(bone_neck_spine6) { transformation: [-1.268977523436402f,-0.062389895538916405f,-0.07608491614353004f,0.06714477809082321f,-0.06640412800652622f,-0.18324089352553463f,1.257775272153323f,0.2115566047466747f,-0.07260788740638156f,1.2579807806128502f,0.17943750670296202f,-1.3375061526462133f,0f,0f,0f,1f], start_interpolation: 0, interpolation_duration: 1 }
$data merge entity $(bone_neck_spine7) { transformation: [-0.9959444408778523f,0.025911947672946353f,-0.08615823612572607f,0.1131923831647609f,-0.07639292407451197f,0.2623157135443203f,0.9619535267252155f,0.618397611058393f,0.04752674863534982f,0.9646341469155695f,-0.2592723872081706f,-5.013520607499394f,0f,0f,0f,1f], start_interpolation: 0, interpolation_duration: 1 }
$data merge entity $(bone_tail6) { transformation: [-1.5919647743686633f,0.6138892549295194f,-0.23257273567324602f,-0.9347219822434205f,0.5862411054781542f,1.60399029857316f,0.2209941760727266f,-1.971223876873053f,0.29541743507147583f,0.1251281035275105f,-1.6918550275630966f,-7.120148355545443f,0f,0f,0f,1f], start_interpolation: 0, interpolation_duration: 1 }
$data merge entity $(bone_tail5) { transformation: [-1.315101335348026f,0.5071259062461247f,-0.1921253033822467f,-0.6144319361932364f,0.48428613061238823f,1.3250354640386974f,0.18256040632094803f,-1.1343593732696653f,0.24404048984165394f,0.10336669421837824f,-1.3976193705956015f,-7.054864127618046f,0f,0f,0f,1f], start_interpolation: 0, interpolation_duration: 1 }
$data merge entity $(bone_tail4) { transformation: [-0.9690220365722297f,0.37367172039188135f,-0.14156601301849756f,-0.4542869131681444f,0.35684241203018074f,0.976341920870619f,0.13451819413122484f,-0.7159271214679714f,0.17981930830437656f,0.0761649325819629f,-1.0298247993862324f,-7.022222013654348f,0f,0f,0f,1f], start_interpolation: 0, interpolation_duration: 1 }
$data merge entity $(bone_segment18) { transformation: [-0.9244831355123881f,0.3765736736465508f,-0.05935655372007674f,-0.24283196947013f,0.34044095955177495f,0.8855831919743947f,0.31597842197198966f,-0.21865140331828686f,0.1715543214630574f,0.27190932019477243f,-0.9469078288717263f,-6.869538557490292f,0f,0f,0f,1f], start_interpolation: 0, interpolation_duration: 1 }
$data merge entity $(bone_segment17) { transformation: [-0.9383186219053409f,0.29944347074309324f,-0.17289237003116126f,-0.024244084332959603f,-0.05283608756269763f,0.36997654724643003f,0.9275374398581855f,0.051424250067169f,0.3417111523446793f,0.8794606087352296f,-0.3313344625093061f,-6.227549490078587f,0f,0f,0f,1f], start_interpolation: 0, interpolation_duration: 1 }
$data merge entity $(bone_segment16) { transformation: [-0.9815002197827707f,0.16606175533984072f,-0.09529329451657902f,0.13427678074974983f,-0.07518489832967863f,0.12344020128965386f,0.9894997462196369f,0.16925901252872833f,0.17608108822224053f,0.9783588350492985f,-0.10867124850415058f,-5.293618082597445f,0f,0f,0f,1f], start_interpolation: 0, interpolation_duration: 1 }
$data merge entity $(bone_segment15) { transformation: [-0.9959444408778523f,0.04732841186852773f,-0.07651595986789214f,0.19008640704979596f,-0.07639292407451197f,0.004405629133881678f,0.9970680576486645f,0.17445412696150384f,0.04752674863534982f,0.9988696671047417f,-0.0007722060700190436f,-4.115751751514461f,0f,0f,0f,1f], start_interpolation: 0, interpolation_duration: 1 }
$data merge entity $(bone_segment14) { transformation: [-1.0457782730642038f,-0.0147018015404821f,-0.06933151262944802f,0.1735468803167536f,-0.0652849099120302f,-0.19925116368010737f,1.0269917489128495f,-0.049703432178616946f,-0.027584092332377626f,1.0289596828004288f,0.19787947606210102f,-2.9581721083639785f,0f,0f,0f,1f], start_interpolation: 0, interpolation_duration: 1 }
$data merge entity $(bone_segment13) { transformation: [-1.0226465924163946f,-0.03886774279183035f,-0.06911481326453839f,0.12862716989032277f,-0.053513914922906414f,-0.32144022826787805f,0.9725770161709077f,-0.463460766420544f,-0.05851341514514279f,0.9732723616976648f,0.31845047028806495f,-1.794699366012467f,0f,0f,0f,1f], start_interpolation: 0, interpolation_duration: 1 }
$data merge entity $(bone_segment12) { transformation: [-1.112424579818513f,-0.06499457989844477f,-0.05254655070606958f,0.050110227731127735f,-0.05791592633873583f,0.09377856455402839f,1.1101014401838187f,-0.3501712253485634f,-0.06025928047701027f,1.109709496492522f,-0.09688928579766887f,-0.45411071253156776f,0f,0f,0f,1f], start_interpolation: 0, interpolation_duration: 1 }
$data merge entity $(bone_segment11) { transformation: [-1.189464378767263f,-0.04711819110440587f,-0.008786841992715842f,-0.008521088095180429f,-0.03605310878663423f,0.7357428843004414f,0.9351499464949103f,0.4999712388720684f,-0.03158331635492679f,0.9346577582996161f,-0.7365732888584192f,0.6259255527936576f,0f,0f,0f,1f], start_interpolation: 0, interpolation_duration: 1 }
$data merge entity $(bone_segment10) { transformation: [-1.0481161043880476f,-0.005216944377061939f,0.01003061508399727f,-0.019974635423471845f,0f,0.9299214376610658f,0.4836541303488991f,1.451913012864932f,-0.011306181831045871f,0.4836259931961025f,-0.9298673383782551f,1.1209377612249096f,0f,0f,0f,1f], start_interpolation: 0, interpolation_duration: 1 }