# This file was generated by Animated Java via MC-Build. It is not recommended to edit this file directly.
$data merge entity $(bone_neck_spine5) { transformation: [-1.572213424008278f,-0.0029898037765027268f,0.012458169937307565f,0.10719148044655817f,6.81861522539712e-19f,1.5288555014335896f,0.3669060524070026f,4.436759938252698f,-0.012811905588507274f,0.3668938707123193f,-1.528804741706921f,-0.37824666045903377f,0f,0f,0f,1f], start_interpolation: 0, interpolation_duration: 1 }
$data merge entity $(bone_neck_spine2) { transformation: [-1.4973461181031213f,-0.001845856895452859f,0.012061388720308803f,-0.020139635028057157f,6.493919262282969e-19f,1.4801628644309854f,0.22652191161891652f,5.714573597180097f,-0.0122018148461974f,0.22651439083601227f,-1.480113721354774f,1.4652643767834013f,0f,0f,0f,1f], start_interpolation: 0, interpolation_duration: 1 }
$data merge entity $(bone_scale_neck_left1) { transformation: [-1.5919270487773134f,0.4098697714177893f,0.10406787538310885f,0.7673506132574966f,0.4093808402895166f,1.392146911598567f,0.7793519005995265f,4.828313452456851f,0.10597490180544954f,0.7790948773045384f,-1.4473546811969846f,1.3018896283996262f,0f,0f,0f,1f], start_interpolation: 0, interpolation_duration: 1 }
$data merge entity $(bone_scale_neck_right1) { transformation: [-1.5899885812355559f,-0.42251212388596004f,-0.0804667480863468f,-0.8048628107507806f,-0.4093808402895166f,1.392146911598567f,0.7793519005995265f,4.828313452456851f,-0.1319042075980363f,0.7723118298547679f,-1.4488584466130523f,1.2890777228111188f,0f,0f,0f,1f], start_interpolation: 0, interpolation_duration: 1 }
$data merge entity $(bone_blush_right1) { transformation: [-0.9999667988723454f,-0.0038876003093684924f,0.007161544304745001f,-0.69084828390183f,4.336808689942018e-19f,0.8788583286443801f,0.47708284204360907f,4.098844283799598f,-0.008148690262504003f,0.47706700235526844f,-0.8788291495568205f,2.457905412303263f,0f,0f,0f,1f], start_interpolation: 0, interpolation_duration: 1 }
$data merge entity $(bone_blush_left1) { transformation: [-0.9999667988723454f,-0.0038876003093684924f,0.007161544304745001f,0.6343030306194324f,4.336808689942018e-19f,0.8788583286443801f,0.47708284204360907f,4.098844283799598f,-0.008148690262504003f,0.47706700235526844f,-0.8788291495568205f,2.4687040184421476f,0f,0f,0f,1f], start_interpolation: 0, interpolation_duration: 1 }
$data merge entity $(bone_left_head_scales) { transformation: [-0.8902882165696556f,-0.0038876003093684924f,-0.4553809152797869f,0.6455102166921266f,-0.2202923407118652f,0.8788583286443801f,0.4231776492161356f,4.927918936713882f,0.39857016453933114f,0.47706700235526844f,-0.7832936225980964f,2.4716069105339065f,0f,0f,0f,1f], start_interpolation: 0, interpolation_duration: 1 }
$data merge entity $(bone_left_head_scales2) { transformation: [-0.8232325405784866f,-0.0038876003093684924f,-0.567690999309065f,0.6477965701023323f,-0.2736434763836023f,0.8788583286443801f,0.3908033853552245f,4.057951697841467f,0.49740067547741357f,0.47706700235526844f,-0.7245685911619211f,2.1910369751156495f,0f,0f,0f,1f], start_interpolation: 0, interpolation_duration: 1 }
$data merge entity $(bone_left_head_scales1) { transformation: [-0.9999667988723454f,-0.0038876003093684924f,0.007161544304745001f,0.6459468124299952f,4.336808689942018e-19f,0.8788583286443801f,0.47708284204360907f,4.829219026758702f,-0.008148690262504003f,0.47706700235526844f,-0.8788291495568205f,2.4180300499178364f,0f,0f,0f,1f], start_interpolation: 0, interpolation_duration: 1 }
$data merge entity $(bone_right_head_scales) { transformation: [-0.883674550266981f,-0.0038876003093684924f,0.4680856500409762f,-0.7021012896006827f,0.2202923407118652f,0.8788583286443801f,0.4231776492161356f,4.927918936713882f,-0.413026117617441f,0.47706700235526844f,-0.7757683297413103f,2.460625277172329f,0f,0f,0f,1f], start_interpolation: 0, interpolation_duration: 1 }
$data merge entity $(bone_right_head_scales2) { transformation: [-0.8150171544563152f,-0.0038876003093684924f,0.5794237866240611f,-0.6998149361904771f,0.2736434763836023f,0.8788583286443801f,0.3908033853552245f,4.057951697841467f,-0.5107507080510295f,0.47706700235526844f,-0.7152207977185301f,2.180055341754072f,0f,0f,0f,1f], start_interpolation: 0, interpolation_duration: 1 }
$data merge entity $(bone_right_head_scales1) { transformation: [-0.9999667988723454f,-0.0038876003093684924f,0.007161544304745001f,-0.7016646938628142f,4.336808689942018e-19f,0.8788583286443801f,0.47708284204360907f,4.829219026758702f,-0.008148690262504003f,0.47706700235526844f,-0.8788291495568205f,2.407048416556259f,0f,0f,0f,1f], start_interpolation: 0, interpolation_duration: 1 }
$data merge entity $(bone_head_left_fin1) { transformation: [-0.7333673518673993f,0.020364351040756755f,-0.7486206104876225f,0.6481872487225873f,-0.10442779372861627f,1.034772069844069f,0.13044844726085725f,4.499278488430334f,0.7415809875779888f,0.1658531118263503f,-0.7219595433163444f,2.143094835127601f,0f,0f,0f,1f], start_interpolation: 0, interpolation_duration: 1 }
$data merge entity $(bone_head_right_fin1) { transformation: [-0.7211845327103681f,-0.023064528140974982f,0.7602868506992184f,-0.6994242575702221f,0.10442779372861627f,1.034772069844069f,0.13044844726085725f,4.499278488430334f,-0.7534340738919864f,0.1654992115915638f,-0.7096635155383637f,2.1321132017660234f,0f,0f,0f,1f], start_interpolation: 0, interpolation_duration: 1 }
$data merge entity $(bone_right_whisker16) { transformation: [0.2602136567340454f,0.9210358190185297f,-0.2897962610765757f,-1.22627495749867f,0.9570899789082125f,-0.2856882484956232f,-0.04859009101638548f,1.7617298413322233f,-0.1275446005230088f,-0.2647172921370448f,-0.9558541364251434f,2.114962114102883f,0f,0f,0f,1f], start_interpolation: 0, interpolation_duration: 1 }
$data merge entity $(bone_right_whisker15) { transformation: [-0.8791915321299897f,0.3782067911830229f,-0.2897962610765757f,-0.9300629666931559f,0.408169456484728f,0.9116121422227663f,-0.04859009101638548f,1.6242118115595368f,0.24580468796156696f,-0.1610059789419639f,-0.9558541364251434f,2.0321470581002066f,0f,0f,0f,1f], start_interpolation: 0, interpolation_duration: 1 }
$data merge entity $(bone_right_whisker14) { transformation: [-0.7143341570052363f,-0.6369810351977959f,-0.2897962610765757f,-0.6893937438740092f,-0.6537013170584335f,0.7551910957705267f,-0.04859009101638548f,1.844452977951294f,0.2498025224285932f,0.15473063583936963f,-0.9558541364251434f,1.9479850754460422f,0f,0f,0f,1f], start_interpolation: 0, interpolation_duration: 1 }
$data merge entity $(bone_right_whisker13) { transformation: [-0.09293856226097277f,-0.9937657812121496f,-0.061579182656718315f,-0.6580814352997557f,-0.9851754231551482f,0.08282606666692958f,0.15023058374232662f,2.1763724320416515f,-0.14419365192663f,0.07462851179201906f,-0.9867313595765417f,1.9965659445033541f,0f,0f,0f,1f], start_interpolation: 0, interpolation_duration: 1 }
$data merge entity $(bone_right_whisker12) { transformation: [0.07008285693504712f,-0.9967387216614636f,-0.04000392361373585f,-0.6895639686885464f,-0.9295713167282273f,-0.07980471138045736f,0.3599005073039377f,2.59395329697816f,-0.361919273153519f,0.01196364418368307f,-0.932132668099276f,2.1591468679902865f,0f,0f,0f,1f], start_interpolation: 0, interpolation_duration: 1 }
$data merge entity $(bone_right_whisker11) { transformation: [0.2927328633453659f,-0.9560417403380159f,-0.01707809852066021f,-0.8210650596444726f,-0.9539191199884325f,-0.2932211085072701f,0.06371572840564993f,3.0224716516604637f,-0.06592255485126619f,-0.0023605629044176624f,-0.9978219503020849f,2.188760515677379f,0f,0f,0f,1f], start_interpolation: 0, interpolation_duration: 1 }
$data merge entity $(bone_right_whisker10) { transformation: [0.06896135519863356f,-0.99307191392472f,0.09514465441138407f,-0.8520437934251088f,-0.9802433247449156f,-0.08517396573551701f,-0.17851728166740397f,3.4628153326982187f,0.18538434610884003f,-0.0809541187017608f,-0.9793258267211272f,2.1054823914487986f,0f,0f,0f,1f], start_interpolation: 0, interpolation_duration: 1 }
$data merge entity $(bone_right_whisker1) { transformation: [-0.3394373305741439f,-0.9383747697055297f,0.06507757058152772f,-0.6995621800812551f,-0.9356180713000498f,0.34395174257487693f,0.07947341339392089f,3.883112513165038f,-0.09695938979528879f,-0.03391150777833399f,-0.9947104535344571f,2.149038367333401f,0f,0f,0f,1f], start_interpolation: 0, interpolation_duration: 1 }
$data merge entity $(bone_left_whisker16) { transformation: [0.2581005258850355f,-0.9165994481326117f,0.30533517684809763f,1.1752474901849306f,-0.9570899789082125f,-0.2856882484956232f,-0.04859009101638548f,1.7617298413322233f,0.1317683224881667f,-0.27969210992535026f,-0.9510044336564157f,2.1345320264306653f,0f,0f,0f,1f], start_interpolation: 0, interpolation_duration: 1 }
$data merge entity $(bone_left_whisker15) { transformation: [-0.8750689339353819f,-0.37553267586234684f,0.30533517684809763f,0.880424460685217f,-0.408169456484728f,0.9116121422227663f,-0.04859009101638548f,1.6242118115595368f,-0.26010008776268323f,-0.16714817232528797f,-0.9510044336564157f,2.046900649205933f,0f,0f,0f,1f], start_interpolation: 0, interpolation_duration: 1 }
$data merge entity $(bone_left_whisker14) { transformation: [-0.710168300183813f,0.634374822319718f,0.30533517684809763f,0.6411587736115694f,0.6537013170584335f,0.7551910957705267f,-0.04859009101638548f,1.844452977951294f,-0.26141073713622087f,0.16509086490698782f,-0.9510044336564157f,1.9588276957762492f,0f,0f,0f,1f], start_interpolation: 0, interpolation_duration: 1 }
$data merge entity $(bone_left_whisker13) { transformation: [-0.09527612059838142f,0.9924175979509491f,0.07765160733037409f,0.6090589087615288f,0.9851754231551482f,0.08282606666692958f,0.15023058374232662f,2.1763724320416515f,0.1426598978507888f,0.09081384232457781f,-0.98559677332439f,2.0068918215169935f,0f,0f,0f,1f], start_interpolation: 0, interpolation_duration: 1 }
$data merge entity $(bone_left_whisker12) { transformation: [0.06417540948752895f,0.9964113828724563f,0.05518942742325537f,0.6378877059922546f,0.9295713167282273f,-0.07980471138045736f,0.3599005073039377f,2.59395329697816f,0.36301333850598066f,0.0282057462883128f,-0.9313569412116182f,2.169964219673977f,0f,0f,0f,1f], start_interpolation: 0, interpolation_duration: 1 }
$data merge entity $(bone_left_whisker11) { transformation: [0.2916196584546114f,0.9559532455049037f,0.033337174617186174f,0.7688887244386622f,0.9539191199884325f,-0.2932211085072701f,0.06371572840564993f,3.0224716516604637f,0.0706844206548417f,0.013220209317884521f,-0.9974111182166964f,2.2017169867650193f,0f,0f,0f,1f], start_interpolation: 0, interpolation_duration: 1 }
$data merge entity $(bone_left_whisker10) { transformation: [0.07197337589367717f,0.9942593279585091f,-0.07917210323062715f,0.8012205143908999f,0.9802433247449156f,-0.08517396573551701f,-0.17851728166740397f,3.4628153326982187f,-0.18423587450738727f,-0.06475943428087216f,-0.9807463271489318f,2.118954777513654f,0f,0f,0f,1f], start_interpolation: 0, interpolation_duration: 1 }
$data merge entity $(bone_left_whisker1) { transformation: [-0.34097238412097836f,0.938802801769446f,-0.0488582915859151f,0.6480493262115542f,0.9356180713000498f,0.34395174257487693f,0.07947341339392089f,3.883112513165038f,0.0914147576906012f,-0.018614461301472124f,-0.9956389124109326f,2.1600200006949786f,0f,0f,0f,1f], start_interpolation: 0, interpolation_duration: 1 }
$data merge entity $(bone_upper_left_tooth1) { transformation: [-0.9999667988723454f,-0.00324863710339241f,0.007473119159005142f,0.2747906962433549f,4.336808689942018e-19f,0.9170945168197787f,0.39866984739141864f,3.822929157188864f,-0.008148690262504003f,0.3986566111029233f,-0.9170640682476544f,3.173145220187691f,0f,0f,0f,1f], start_interpolation: 0, interpolation_duration: 1 }
$data merge entity $(bone_upper_right_tooth1) { transformation: [-0.9999667988723454f,-0.00324863710339241f,0.007473119159005142f,-0.39901505690304967f,4.336808689942018e-19f,0.9170945168197787f,0.39866984739141864f,3.822929157188864f,-0.008148690262504003f,0.3986566111029233f,-0.9170640682476544f,3.1676544035069023f,0f,0f,0f,1f], start_interpolation: 0, interpolation_duration: 1 }
$data merge entity $(bone_top_lip1) { transformation: [-0.9999667988723454f,0.0009763329037794127f,0.008089989311193507f,-0.03443790214451265f,4.336808689942018e-19f,0.9927962716191823f,-0.11981470301699715f,3.9362225716202137f,-0.008148690262504003f,-0.11981072503374746f,-0.9927633096634332f,3.2198767055467936f,0f,0f,0f,1f], start_interpolation: 0, interpolation_duration: 1 }
$data merge entity $(bone_muzzle1) { transformation: [-0.9999667988723454f,-0.00324863710339241f,0.007473119159005142f,-0.03078882634754706f,4.336808689942018e-19f,0.9170945168197787f,0.39866984739141864f,4.3145760544341565f,-0.008148690262504003f,0.3986566111029233f,-0.9170640682476544f,2.77208024673122f,0f,0f,0f,1f], start_interpolation: 0, interpolation_duration: 1 }
$data merge entity $(bone_jaw_right_tooth1) { transformation: [-0.9999667988723454f,0.0009689080307986129f,0.008090881918683618f,-0.3987417098229014f,4.336808689942018e-19f,0.9929058116141207f,-0.11890352922812888f,3.5998954001910732f,-0.008148690262504003f,-0.11889958149687653f,-0.9928728460215204f,3.1341106073983758f,0f,0f,0f,1f], start_interpolation: 0, interpolation_duration: 1 }
$data merge entity $(bone_jaw_left_tooth1) { transformation: [-0.9999667988723454f,0.0009689080307986129f,0.008090881918683618f,0.3312145227523702f,4.336808689942018e-19f,0.9929058116141207f,-0.11890352922812888f,3.5998954001910732f,-0.008148690262504003f,-0.11889958149687653f,-0.9928728460215204f,3.1400589921358972f,0f,0f,0f,1f], start_interpolation: 0, interpolation_duration: 1 }
$data merge entity $(bone_tongue1) { transformation: [-0.9999667988723454f,-0.00302590336853215f,0.0075660466426353285f,-0.02774240265443669f,4.336808689942018e-19f,0.9284984947151949f,0.3713361621383218f,3.893341237074282f,-0.008148690262504003f,0.3713238333589997f,-0.9284676675181446f,2.3982382610533497f,0f,0f,0f,1f], start_interpolation: 0, interpolation_duration: 1 }
$data merge entity $(bone_jaw_lips1) { transformation: [-0.9999667988723454f,-0.00302590336853215f,0.0075660466426353285f,0.02200125225854308f,4.336808689942018e-19f,0.9284984947151949f,0.3713361621383218f,3.4398032942950882f,-0.008148690262504003f,0.3713238333589997f,-0.9284676675181446f,3.1849095144637296f,0f,0f,0f,1f], start_interpolation: 0, interpolation_duration: 1 }
$data merge entity $(bone_jaw3) { transformation: [-0.9999667988723454f,-0.0004507787602114617f,0.00813621235610095f,0.02934909913507403f,4.336808689942018e-19f,0.9984687224570963f,0.055319167337321506f,3.4054042114844645f,-0.008148690262504003f,0.05531733067858485f,-0.9984355721695828f,2.2832182385615605f,0f,0f,0f,1f], start_interpolation: 0, interpolation_duration: 1 }
$data merge entity $(bone_jaw1) { transformation: [-0.9999667988723454f,-0.006071919648333148f,0.005434422212012369f,0.03423158784117889f,4.336808689942018e-19f,0.6669074460982681f,0.745140562805895f,4.074866435880386f,-0.008148690262504003f,0.7451158232989485f,-0.6668853040190165f,1.684063473231975f,0f,0f,0f,1f], start_interpolation: 0, interpolation_duration: 1 }
$data merge entity $(bone_tear_right1) { transformation: [-0.9999667988723454f,-0.0038876003093684924f,0.007161544304745001f,-0.6369497370511485f,4.336808689942018e-19f,0.8788583286443801f,0.47708284204360907f,4.3960731931041375f,-0.008148690262504003f,0.47706700235526844f,-0.8788291495568205f,2.7347089622224234f,0f,0f,0f,1f], start_interpolation: 0, interpolation_duration: 1 }
$data merge entity $(bone_right_pupil1) { transformation: [-0.9999667988723454f,-0.0038876003093684924f,0.007161544304745001f,-0.45257267503392107f,4.336808689942018e-19f,0.8788583286443801f,0.47708284204360907f,4.462625919366926f,-0.008148690262504003f,0.47706700235526844f,-0.8788291495568205f,2.8490137743013966f,0f,0f,0f,1f], start_interpolation: 0, interpolation_duration: 1 }
$data merge entity $(bone_right_sad_pupil1) { transformation: [-0.9999667988723454f,-0.0038876003093684924f,0.007161544304745001f,-0.4524922475344049f,4.336808689942018e-19f,0.8788583286443801f,0.47708284204360907f,4.467983783315657f,-0.008148690262504003f,0.47706700235526844f,-0.8788291495568205f,2.8391441110007096f,0f,0f,0f,1f], start_interpolation: 0, interpolation_duration: 1 }
$data merge entity $(bone_right_happy_pupil1) { transformation: [-0.9999667988723454f,-0.0038876003093684924f,0.007161544304745001f,-0.48045798034840925f,4.336808689942018e-19f,0.8788583286443801f,0.47708284204360907f,4.443309121666574f,-0.008148690262504003f,0.47706700235526844f,-0.8788291495568205f,2.8255212861927155f,0f,0f,0f,1f], start_interpolation: 0, interpolation_duration: 1 }
$data merge entity $(bone_eyelid_right1) { transformation: [-0.9999667988723454f,-0.0038876003093684924f,0.007161544304745001f,-0.015893523724317037f,4.336808689942018e-19f,0.8788583286443801f,0.47708284204360907f,4.686527025774665f,-0.008148690262504003f,0.47706700235526844f,-0.8788291495568205f,2.322395792623602f,0f,0f,0f,1f], start_interpolation: 0, interpolation_duration: 1 }
$data merge entity $(bone_eyelid_expressions_right5) { transformation: [-0.9999667988723454f,-0.0038876003093684924f,0.007161544304745001f,-0.5820745865955993f,4.336808689942018e-19f,0.8788583286443801f,0.47708284204360907f,4.566683693270837f,-0.008148690262504003f,0.47706700235526844f,-0.8788291495568205f,2.891668568014731f,0f,0f,0f,1f], start_interpolation: 0, interpolation_duration: 1 }
$data merge entity $(bone_eyelid_expressions_right7) { transformation: [-0.9999667988723454f,-0.0038876003093684924f,0.007161544304745001f,-0.24517171002239707f,4.336808689942018e-19f,0.8788583286443801f,0.47708284204360907f,4.566683693270837f,-0.008148690262504003f,0.47706700235526844f,-0.8788291495568205f,2.8944139763551253f,0f,0f,0f,1f], start_interpolation: 0, interpolation_duration: 1 }
$data merge entity $(bone_eyelid_expressions_right6) { transformation: [-0.9999667988723454f,-0.0038876003093684924f,0.007161544304745001f,-0.3574726688801312f,4.336808689942018e-19f,0.8788583286443801f,0.47708284204360907f,4.566683693270837f,-0.008148690262504003f,0.47706700235526844f,-0.8788291495568205f,2.8934988402416604f,0f,0f,0f,1f], start_interpolation: 0, interpolation_duration: 1 }
$data merge entity $(bone_right_eye1) { transformation: [-0.9999667988723454f,-0.0038876003093684924f,0.007161544304745001f,-0.027204047109606628f,4.336808689942018e-19f,0.8788583286443801f,0.47708284204360907f,4.681169161825933f,-0.008148690262504003f,0.47706700235526844f,-0.8788291495568205f,2.3321739423129424f,0f,0f,0f,1f], start_interpolation: 0, interpolation_duration: 1 }
$data merge entity $(bone_tear_left1) { transformation: [-0.9999667988723454f,-0.0038876003093684924f,0.007161544304745001f,0.5759006186123798f,4.336808689942018e-19f,0.8788583286443801f,0.47708284204360907f,4.3960731931041375f,-0.008148690262504003f,0.47706700235526844f,-0.8788291495568205f,2.744592432247843f,0f,0f,0f,1f], start_interpolation: 0, interpolation_duration: 1 }
$data merge entity $(bone_left_sad_pupil1) { transformation: [-0.9999667988723454f,-0.0038876003093684924f,0.007161544304745001f,0.3897649438986008f,4.336808689942018e-19f,0.8788583286443801f,0.47708284204360907f,4.467983783315657f,-0.008148690262504003f,0.47706700235526844f,-0.8788291495568205f,2.8460076318516956f,0f,0f,0f,1f], start_interpolation: 0, interpolation_duration: 1 }
$data merge entity $(bone_left_pupil1) { transformation: [-0.9999667988723454f,-0.0038876003093684924f,0.007161544304745001f,0.38968451639908464f,4.336808689942018e-19f,0.8788583286443801f,0.47708284204360907f,4.462625919366926f,-0.008148690262504003f,0.47706700235526844f,-0.8788291495568205f,2.855877295152383f,0f,0f,0f,1f], start_interpolation: 0, interpolation_duration: 1 }
$data merge entity $(bone_eyelid_left1) { transformation: [-0.9999667988723454f,-0.0038876003093684924f,0.007161544304745001f,-0.03835371549586386f,4.336808689942018e-19f,0.8788583286443801f,0.47708284204360907f,4.686527025774665f,-0.008148690262504003f,0.47706700235526844f,-0.8788291495568205f,2.322212765400909f,0f,0f,0f,1f], start_interpolation: 0, interpolation_duration: 1 }
$data merge entity $(bone_left_happy_pupil1) { transformation: [-0.9999667988723454f,-0.0038876003093684924f,0.007161544304745001f,0.4179496905134634f,4.336808689942018e-19f,0.8788583286443801f,0.47708284204360907f,4.443309121666574f,-0.008148690262504003f,0.47706700235526844f,-0.8788291495568205f,2.832842375100434f,0f,0f,0f,1f], start_interpolation: 0, interpolation_duration: 1 }
$data merge entity $(bone_eyelid_expressions_left5) { transformation: [-0.9999667988723454f,-0.0038876003093684924f,0.007161544304745001f,0.5184748102101949f,4.336808689942018e-19f,0.8788583286443801f,0.47708284204360907f,4.566683693270837f,-0.008148690262504003f,0.47706700235526844f,-0.8788291495568205f,2.900636901926686f,0f,0f,0f,1f], start_interpolation: 0, interpolation_duration: 1 }
$data merge entity $(bone_eyelid_expressions_left7) { transformation: [-0.9999667988723454f,-0.0038876003093684924f,0.007161544304745001f,0.18157193363699253f,4.336808689942018e-19f,0.8788583286443801f,0.47708284204360907f,4.566683693270837f,-0.008148690262504003f,0.47706700235526844f,-0.8788291495568205f,2.897891493586292f,0f,0f,0f,1f], start_interpolation: 0, interpolation_duration: 1 }
$data merge entity $(bone_eyelid_expressions_left6) { transformation: [-0.9999667988723454f,-0.0038876003093684924f,0.007161544304745001f,0.29387289249472665f,4.336808689942018e-19f,0.8788583286443801f,0.47708284204360907f,4.566683693270837f,-0.008148690262504003f,0.47706700235526844f,-0.8788291495568205f,2.8988066296997568f,0f,0f,0f,1f], start_interpolation: 0, interpolation_duration: 1 }
$data merge entity $(bone_left_eye1) { transformation: [-0.9999667988723454f,-0.0038876003093684924f,0.007161544304745001f,-0.027204047109606628f,4.336808689942018e-19f,0.8788583286443801f,0.47708284204360907f,4.681169161825933f,-0.008148690262504003f,0.47706700235526844f,-0.8788291495568205f,2.3321739423129424f,0f,0f,0f,1f], start_interpolation: 0, interpolation_duration: 1 }
$data merge entity $(bone_crest_middle5) { transformation: [-0.9999667988723454f,-0.0022454067747950494f,0.00783321781964041f,-0.036005383995556174f,4.336808689942018e-19f,0.9612855032280181f,0.27555431639452943f,5.671555711803572f,-0.008148690262504003f,0.2755451676804949f,-0.961253587465313f,3.4122302934713438f,0f,0f,0f,1f], start_interpolation: 0, interpolation_duration: 1 }
$data merge entity $(bone_crest_middle4) { transformation: [-0.9999667988723454f,-0.0022454067747950494f,0.00783321781964041f,-0.03449236575863373f,4.336808689942018e-19f,0.9612855032280181f,0.27555431639452943f,5.023814503573755f,-0.008148690262504003f,0.2755451676804949f,-0.961253587465313f,3.226560209780385f,0f,0f,0f,1f], start_interpolation: 0, interpolation_duration: 1 }
$data merge entity $(bone_crest_middle1) { transformation: [-0.9999667988723454f,-0.0022454067747950494f,0.00783321781964041f,-0.03401738520552016f,4.336808689942018e-19f,0.9612855032280181f,0.27555431639452943f,4.514798967330087f,-0.008148690262504003f,0.2755451676804949f,-0.961253587465313f,3.168272955274084f,0f,0f,0f,1f], start_interpolation: 0, interpolation_duration: 1 }
$data merge entity $(bone_crest_left5) { transformation: [-0.5340030005482773f,-0.8372845200770438f,0.11745393924765056f,-1.1386878175939237f,-0.74122159646008f,0.5304422184906988f,0.41136552819097094f,5.060795145947565f,-0.4067325169526122f,0.13261103001643665f,-0.9038711049543363f,3.1841447688408677f,0f,0f,0f,1f], start_interpolation: 0, interpolation_duration: 1 }
$data merge entity $(bone_crest_left4) { transformation: [-0.5340030005482773f,-0.8372845200770438f,0.11745393924765056f,-0.6685329357147243f,-0.74122159646008f,0.5304422184906988f,0.41136552819097094f,4.762939408025542f,-0.4067325169526122f,0.13261103001643665f,-0.9038711049543363f,3.1096805674156225f,0f,0f,0f,1f], start_interpolation: 0, interpolation_duration: 1 }
$data merge entity $(bone_crest_left1) { transformation: [-0.5340030005482773f,-0.8372845200770438f,0.11745393924765056f,-0.14476725167618f,-0.74122159646008f,0.5304422184906988f,0.41136552819097094f,4.4583972348571965f,-0.4067325169526122f,0.13261103001643665f,-0.9038711049543363f,2.977015464856765f,0f,0f,0f,1f], start_interpolation: 0, interpolation_duration: 1 }
$data merge entity $(bone_crest_center1) { transformation: [-0.9999667988723454f,-0.0038876003093684924f,0.007161544304745001f,-0.03235714528108514f,4.336808689942018e-19f,0.8788583286443801f,0.47708284204360907f,4.433722573208113f,-0.008148690262504003f,0.47706700235526844f,-0.8788291495568205f,2.964536557262166f,0f,0f,0f,1f], start_interpolation: 0, interpolation_duration: 1 }
$data merge entity $(bone_crest_right5) { transformation: [-0.5405605382395992f,0.8350121860987074f,-0.10270809882756253f,1.0702476840048871f,0.74122159646008f,0.5304422184906988f,0.41136552819097094f,5.060795145947565f,0.39797594077944626f,0.1462385103497827f,-0.9056651967760444f,3.202145297691102f,0f,0f,0f,1f], start_interpolation: 0, interpolation_duration: 1 }
$data merge entity $(bone_crest_right4) { transformation: [-0.5405605382395992f,0.8350121860987074f,-0.10270809882756253f,0.6013687709123512f,0.74122159646008f,0.5304422184906988f,0.41136552819097094f,4.762939408025542f,0.39797594077944626f,0.1462385103497827f,-0.9056651967760444f,3.1200289466646125f,0f,0f,0f,1f], start_interpolation: 0, interpolation_duration: 1 }
$data merge entity $(bone_crest_right1) { transformation: [-0.5405605382395992f,0.8350121860987074f,-0.10270809882756253f,0.07983466603928817f,0.74122159646008f,0.5304422184906988f,0.41136552819097094f,4.4583972348571965f,0.39797594077944626f,0.1462385103497827f,-0.9056651967760444f,2.9788457370836947f,0f,0f,0f,1f], start_interpolation: 0, interpolation_duration: 1 }
$data merge entity $(bone_head1) { transformation: [-1.0481422826721845f,-0.004074893553439629f,0.007506566621510055f,-0.022562236767282508f,4.545743483598076e-19f,0.921199159581674f,0.5000673018816473f,4.9265017240286f,-0.008541270392338176f,0.5000506990833214f,-0.9211685747307814f,1.7625540304671254f,0f,0f,0f,1f], start_interpolation: 0, interpolation_duration: 1 }
$data merge entity $(bone_neck10) { transformation: [-1.4973461181031213f,-0.0034043924763759404f,0.011717269195835614f,-0.013192364722336848f,6.493919262282969e-19f,1.4379328233584163f,0.4177840078228482f,4.792792982594854f,-0.0122018148461974f,0.41777013692267234f,-1.4378850823671894f,0.6127298682037013f,0f,0f,0f,1f], start_interpolation: 0, interpolation_duration: 1 }
$data merge entity $(bone_neck9) { transformation: [-1.1454697803488885f,-0.004453276526259028f,0.008203604950650286f,-0.007918757627626826f,4.967848235646474e-19f,1.0067390815428305f,0.5465021227706578f,3.4829048334338615f,-0.009334388357341017f,0.5464839782839163f,-1.0067056566700694f,-0.03442100330177675f,0f,0f,0f,1f], start_interpolation: 0, interpolation_duration: 1 }
$data merge entity $(bone_neck8) { transformation: [-1.0631157438532162f,0.0020965653245197946f,0.008405770766632913f,-0.009747638219804348f,4.6106826762209085e-19f,1.0315486901388142f,-0.25728862639031574f,2.7213444584953823f,-0.008663288540800155f,-0.2572800841177869f,-1.031514441559071f,0.1900101399084133f,0f,0f,0f,1f], start_interpolation: 0, interpolation_duration: 1 }
$data merge entity $(bone_neck7) { transformation: [-1.0556290132627006f,0.004738220154396695f,0.007179727138925718f,-0.014186419174736732f,4.578213079909493e-19f,0.8810897098350952f,-0.5814701506326114f,1.9363963285916705f,-0.008602279466569168f,-0.581450845167913f,-0.8810604566631638f,0.7347152936707958f,0f,0f,0f,1f], start_interpolation: 0, interpolation_duration: 1 }
$data merge entity $(bone_neck6) { transformation: [-1.049639628790288f,0.0034639313726775593f,0.007820681955204144f,-0.01718081486000789f,4.552237402860361e-19f,0.9597471131269795f,-0.42509056806549095f,1.0847044107845512f,-0.008553472207184377f,-0.42507645457927584f,-0.9597152484405604f,1.1021726606216473f,0f,0f,0f,1f], start_interpolation: 0, interpolation_duration: 1 }
$data merge entity $(bone_neck_spine6) { transformation: [-1.2683831235063463f,-0.06979518826389496f,-0.07948743432896446f,0.06029980883294361f,-0.0689531174454033f,-0.17977227479746785f,1.2581386113323976f,0.20168621585862107f,-0.0802190009633279f,1.2580921784297292f,0.17536918479337915f,-1.329740699203965f,0f,0f,0f,1f], start_interpolation: 0, interpolation_duration: 1 }
$data merge entity $(bone_neck_spine7) { transformation: [-0.9968728428844247f,0.006397493290584321f,-0.07876298114674042f,0.1520835657469099f,-0.07447908701018327f,0.2570264340049452f,0.9635301125656797f,0.6101191357396385f,0.026408345606160323f,0.9663831974441085f,-0.2557461925035194f,-5.002759518938753f,0f,0f,0f,1f], start_interpolation: 0, interpolation_duration: 1 }
$data merge entity $(bone_tail6) { transformation: [-1.5944235306923245f,0.6212735992792173f,-0.19270354729582484f,-0.8596459394287852f,0.5943346476932589f,1.5987443364981855f,0.23682231861341582f,-1.949372439445297f,0.2643517899562586f,0.152766484808516f,-1.6947219446839354f,-7.157378011314554f,0f,0f,0f,1f], start_interpolation: 0, interpolation_duration: 1 }
$data merge entity $(bone_tail5) { transformation: [-1.317132481876268f,0.5132260167958752f,-0.15918988689655095f,-0.5355031919787588f,0.4909721002683443f,1.3207018431941533f,0.19563582841977828f,-1.1152449595332001f,0.2183775656160397f,0.12619840049399147f,-1.3999876934345554f,-7.077673758370981f,0f,0f,0f,1f], start_interpolation: 0, interpolation_duration: 1 }
$data merge entity $(bone_tail4) { transformation: [-0.9705186708561974f,0.3781665386916975f,-0.11729781139745858f,-0.3734318182537456f,0.36176891598720107f,0.9731487265641128f,0.14415271567773136f,-0.6981812195771517f,0.16090978519076607f,0.09298829510083582f,-1.03156987937283f,-7.037821631899194f,0f,0f,0f,1f], start_interpolation: 0, interpolation_duration: 1 }
$data merge entity $(bone_segment18) { transformation: [-0.925910980394484f,0.3761517789107818f,-0.034622183743651835f,-0.1622137783380234f,0.34514102792319307f,0.8796886098325157f,0.32714770452359543f,-0.20421544745440123f,0.15351393170994826f,0.2909601157430176f,-0.9443387548002906f,-6.874440707531777f,0f,0f,0f,1f], start_interpolation: 0, interpolation_duration: 1 }
$data merge entity $(bone_segment17) { transformation: [-0.9462526069917745f,0.28041735331138423f,-0.1611586538883597f,0.042485412677855494f,-0.0534892004163252f,0.35573884691485846f,0.9330534701904866f,0.05546696276909198f,0.3189747783134148f,0.8915245261671297f,-0.3216195112899447f,-6.223645216018173f,0f,0f,0f,1f], start_interpolation: 0, interpolation_duration: 1 }
$data merge entity $(bone_segment16) { transformation: [-0.9857895075812407f,0.14202135709168726f,-0.08971611266974332f,0.1780575577531723f,-0.0740369056148123f,0.11208314444347654f,0.9909368826210105f,0.16246039411039903f,0.150789864877312f,0.9834974849289135f,-0.09997556595880723f,-5.284808505551363f,0f,0f,0f,1f], start_interpolation: 0, interpolation_duration: 1 }
$data merge entity $(bone_segment15) { transformation: [-0.9968728428844247f,0.026564863562713627f,-0.07442340454063673f,0.20938282411252457f,-0.07447908701018327f,-0.0011114730174142107f,0.997221956349669f,0.16114974599660248f,0.026408345606160323f,0.9996464738354387f,0.00308652405135984f,-4.106026164578422f,0f,0f,0f,1f], start_interpolation: 0, interpolation_duration: 1 }
$data merge entity $(bone_segment14) { transformation: [-1.0453444952315483f,-0.028650483154968865f,-0.07147890688348772f,0.1771510305631846f,-0.06472977125590394f,-0.20012560635257823f,1.0268568529353754f,-0.063991561150048f,-0.04171499763190472f,1.0284960328179067f,0.19781548846227986f,-2.9489681276582767f,0f,0f,0f,1f], start_interpolation: 0, interpolation_duration: 1 }
$data merge entity $(bone_segment13) { transformation: [-1.0221675760021731f,-0.04426872490413103f,-0.07285148171719842f,0.12582876742732146f,-0.0555681005295309f,-0.3187382421983654f,0.9733507748941406f,-0.47451585784892486f,-0.06464707724691719f,0.973930092346903f,0.31523727959708786f,-1.784615276781347f,0f,0f,0f,1f], start_interpolation: 0, interpolation_duration: 1 }
$data merge entity $(bone_segment12) { transformation: [-1.1123918078014428f,-0.06448489421163957f,-0.053852070957649066f,0.04792755294346156f,-0.05945935577054027f,0.09909468153736031f,1.1095578895641445f,-0.3548041620319795f,-0.05935429335158778f,1.1092771627060567f,-0.10225030734042274f,-0.44454890572704997f,0f,0f,0f,1f], start_interpolation: 0, interpolation_duration: 1 }
$data merge entity $(bone_segment11) { transformation: [-1.1895745135331985f,-0.043918558987182874f,-0.01031880855963076f,-0.007357731772036812f,-0.03539153514361227f,0.7396071168518966f,0.9321220911573498f,0.49979591714787885f,-0.027977792510836666f,0.9317592574049702f,-0.7403815031777242f,0.6321420809549285f,0f,0f,0f,1f], start_interpolation: 0, interpolation_duration: 1 }
$data merge entity $(bone_segment10) { transformation: [-1.048142282672185f,-0.003920235766402571f,0.007588481498353333f,-0.017363222245366385f,4.545743483598078e-19f,0.9312516801959629f,0.48108783621847045f,1.4530994335280303f,-0.00854127039233818f,0.481071863559807f,-0.9312207615900501f,1.1245567890339057f,0f,0f,0f,1f], start_interpolation: 0, interpolation_duration: 1 }