# This file was generated by Animated Java via MC-Build. It is not recommended to edit this file directly.
$data merge entity $(bone_neck_spine5) { transformation: [-1.367182372577141f,-0.0008406699282171349f,0.003648773035141028f,0.08998915617489901f,0f,1.332283750684168f,0.3069554818197196f,3.8401043069030925f,-0.003744365178529048f,0.30695433063120003f,-1.3322787541623609f,-0.3692339064806825f,0f,0f,0f,1f], start_interpolation: 0, interpolation_duration: 1 }
$data merge entity $(bone_neck_spine2) { transformation: [-1.3020784500734675f,-0.000524727084518722f,0.0035272454136372434f,-0.01204239712930786f,0f,1.287910128694131f,0.1915946433267673f,4.96216280927484f,-0.0035660620747895687f,0.1915939247810275f,-1.287905298588652f,1.2281895664219507f,0f,0f,0f,1f], start_interpolation: 0, interpolation_duration: 1 }
$data merge entity $(bone_scale_neck_left1) { transformation: [-1.3837615110259673f,0.3600822968840288f,0.08369132856294781f,0.6719443123145241f,0.3564124952090148f,1.2133711161741763f,0.6724284988724791f,4.190891506442206f,0.09815106858711847f,0.6704705006991238f,-1.261861757020257f,1.0856441347997343f,0f,0f,0f,1f], start_interpolation: 0, interpolation_duration: 1 }
$data merge entity $(bone_scale_neck_right1) { transformation: [-1.3832031350909197f,-0.3637493643482735f,-0.07677828738422621f,-0.6952380602626167f,-0.3564124952090148f,1.2133711161741763f,0.6724284988724791f,4.190891506442206f,-0.10572908179073479f,0.6684881096722952f,-1.2623012425301763f,1.0818997696212052f,0f,0f,0f,1f], start_interpolation: 0, interpolation_duration: 1 }
$data merge entity $(bone_blush_right1) { transformation: [-0.999996249656423f,-0.001284678764105534f,0.002418733875816086f,-0.5906147115876638f,0f,0.8831571075931721f,0.4690773105871381f,3.563834031619944f,-0.0027387356734383888f,0.4690755513860593f,-0.8831537954505861f,2.103874517201298f,0f,0f,0f,1f], start_interpolation: 0, interpolation_duration: 1 }
$data merge entity $(bone_blush_left1) { transformation: [-0.999996249656423f,-0.001284678764105534f,0.002418733875816086f,0.5617247167273548f,0f,0.8831571075931721f,0.4690773105871381f,3.563834031619944f,-0.0027387356734383888f,0.4690755513860593f,-0.8831537954505861f,2.107030482137487f,0f,0f,0f,1f], start_interpolation: 0, interpolation_duration: 1 }
$data merge entity $(bone_left_head_scales) { transformation: [-0.8881243535957835f,-0.001284678764105534f,-0.459601438368664f,0.5715015508644948f,-0.2165957976636303f,0.8831571075931721f,0.4160766560888968f,4.284760963886605f,0.40536575211101344f,0.4690755513860593f,-0.7846315913263607f,2.10295105572144f,0f,0f,0f,1f], start_interpolation: 0, interpolation_duration: 1 }
$data merge entity $(bone_left_head_scales2) { transformation: [-0.820536300944356f,-0.001284678764105534f,-0.5715929744433762f,0.5721508994288621f,-0.2690516921797035f,0.8831571075931721f,0.3842456378970365f,3.526081976911401f,0.5043127658187837f,0.4690755513860593f,-0.7250081112126081f,1.8658540129565382f,0f,0f,0f,1f], start_interpolation: 0, interpolation_duration: 1 }
$data merge entity $(bone_left_head_scales1) { transformation: [-0.999996249656423f,-0.001284678764105534f,0.002418733875816086f,0.571627007775052f,0f,0.8831571075931721f,0.4690773105871381f,4.198515152598209f,-0.0027387356734383888f,0.4690755513860593f,-0.8831537954505861f,2.057142896406395f,0f,0f,0f,1f], start_interpolation: 0, interpolation_duration: 1 }
$data merge entity $(bone_right_head_scales) { transformation: [-0.8858906595698981f,-0.001284678764105534f,0.4638923246695121f,-0.6003690542016259f,0.2165957976636303f,0.8831571075931721f,0.4160766560888968f,4.284760963886605f,-0.4102243285341165f,0.4690755513860593f,-0.7821023765279057f,2.0997415998541293f,0f,0f,0f,1f], start_interpolation: 0, interpolation_duration: 1 }
$data merge entity $(bone_right_head_scales2) { transformation: [-0.8177616434304118f,-0.001284678764105534f,0.5755555960413078f,-0.5997197056372586f,0.2690516921797035f,0.8831571075931721f,0.3842456378970365f,3.526081976911401f,-0.5087996476701121f,0.4690755513860593f,-0.7218663627172515f,1.8626445570892276f,0f,0f,0f,1f], start_interpolation: 0, interpolation_duration: 1 }
$data merge entity $(bone_right_head_scales1) { transformation: [-0.999996249656423f,-0.001284678764105534f,0.002418733875816086f,-0.6002435972910687f,0f,0.8831571075931721f,0.4690773105871381f,4.198515152598209f,-0.0027387356734383888f,0.4690755513860593f,-0.8831537954505861f,2.0539334405390846f,0f,0f,0f,1f], start_interpolation: 0, interpolation_duration: 1 }
$data merge entity $(bone_head_left_fin1) { transformation: [-0.6958243804463933f,0.020308677839033035f,-0.7179247796119196f,0.57227462339237f,-0.09314356837456111f,0.9886066486713008f,0.11824199707951877f,3.9094497380006805f,0.7121465489959539f,0.149145740158175f,-0.6860049860939962f,1.8206786056689193f,0f,0f,0f,1f], start_interpolation: 0, interpolation_duration: 1 }
$data merge entity $(bone_head_right_fin1) { transformation: [-0.6919131944562795f,-0.021125311635940114f,0.7216715683367271f,-0.5995959816737507f,0.09314356837456111f,0.9886066486713008f,0.11824199707951877f,3.9094497380006805f,-0.715947209651494f,0.14903226298752864f,-0.6820622974340805f,1.8174691498016087f,0f,0f,0f,1f], start_interpolation: 0, interpolation_duration: 1 }
$data merge entity $(bone_right_whisker16) { transformation: [0.2595436337985661f,0.9195830754923182f,-0.29496452231196385f,-1.0578602469372216f,0.9558722906521664f,-0.2881499519520295f,-0.057251804804945294f,1.5289693380541738f,-0.13764180367176324f,-0.26708907214285715f,-0.9537914664243182f,1.8266647020873397f,0f,0f,0f,1f], start_interpolation: 0, interpolation_duration: 1 }
$data merge entity $(bone_right_whisker15) { transformation: [-0.8778386725685015f,0.3773528793058907f,-0.29496452231196385f,-0.8006809483331685f,0.4104511595154354f,0.9100835546800145f,-0.057251804804945294f,1.408719974914886f,0.24683822758155954f,-0.17132637853098626f,-0.9537914664243182f,1.7543488151005546f,0f,0f,0f,1f], start_interpolation: 0, interpolation_duration: 1 }
$data merge entity $(bone_right_whisker14) { transformation: [-0.7129885068652928f,-0.6361158067956455f,-0.29496452231196385f,-0.5917975967124772f,-0.6513516568966242f,0.7566130119847257f,-0.057251804804945294f,1.5995456556463188f,0.2595927736590954f,0.15130575151039777f,-0.9537914664243182f,1.6782962446926166f,0f,0f,0f,1f], start_interpolation: 0, interpolation_duration: 1 }
$data merge entity $(bone_right_whisker13) { transformation: [-0.0937418250856042f,-0.9933454262959096f,-0.06691288580398772f,-0.5643341713944291f,-0.9864380564000547f,0.08357432661670164f,0.14126320404212728f,1.8885411799822722f,-0.13473095826610448f,0.07924768758495349f,-0.9877081415565707f,1.7177682051221395f,0f,0f,0f,1f], start_interpolation: 0, interpolation_duration: 1 }
$data merge entity $(bone_right_whisker12) { transformation: [0.0681006685345682f,-0.9966613953889282f,-0.04503733880392395f,-0.5909359950407448f,-0.9328266365857564f,-0.07961890903656893f,0.3514189741603777f,2.2529265848985833f,-0.35383154893430646f,0.01808016220118361f,-0.9351343982089036f,1.8559836539246028f,0f,0f,0f,1f], start_interpolation: 0, interpolation_duration: 1 }
$data merge entity $(bone_right_whisker11) { transformation: [0.2923481906515284f,-0.9560478165042279f,-0.022474607455430312f,-0.705134507013998f,-0.9545004055681032f,-0.2931596628831979f,0.054647852917903444f,2.6257783058236237f,-0.05883460880387201f,0.0054758210076521485f,-0.9982527256116998f,1.8789659229886153f,0f,0f,0f,1f], start_interpolation: 0, interpolation_duration: 1 }
$data merge entity $(bone_right_whisker10) { transformation: [0.06993890484409057f,-0.9934974719272377f,0.089840541312911f,-0.732454391718721f,-0.9785235047486046f,-0.08583249189983456f,-0.187415404886506f,3.0080140498660475f,0.19390796848948044f,-0.07480345318534748f,-0.9781636586726326f,1.8032206227974121f,0f,0f,0f,1f], start_interpolation: 0, interpolation_duration: 1 }
$data merge entity $(bone_right_whisker1) { transformation: [-0.339980209170606f,-0.9385359425253574f,0.05969708502389577f,-0.599649622511453f,-0.9364353140652721f,0.343698893662523f,0.0704270762323213f,3.3738090944227945f,-0.08661616444859749f,-0.031958646454394335f,-0.9957290218593695f,1.8370550620351456f,0f,0f,0f,1f], start_interpolation: 0, interpolation_duration: 1 }
$data merge entity $(bone_left_whisker16) { transformation: [0.2587858140864156f,-0.9181063132551875f,0.3001844432821239f,1.030481645889692f,-0.9558722906521664f,-0.2881499519520295f,-0.057251804804945294f,1.5289693380541738f,0.13906137634516463f,-0.27212203650386474f,-0.952161504608319f,1.832384139977418f,0f,0f,0f,1f], start_interpolation: 0, interpolation_duration: 1 }
$data merge entity $(bone_left_whisker15) { transformation: [-0.8764734595584436f,-0.37640878669480426f,0.3001844432821239f,0.7737023120346791f,-0.4104511595154354f,0.9100835546800145f,-0.057251804804945294f,1.408719974914886f,-0.2516428428191193f,-0.1733907402369983f,-0.952161504608319f,1.758660650870254f,0f,0f,0f,1f], start_interpolation: 0, interpolation_duration: 1 }
$data merge entity $(bone_left_whisker14) { transformation: [-0.7115559044309651f,0.635277494391886f,0.3001844432821239f,0.5652386681584198f,0.6513516568966242f,0.7566130119847257f,-0.057251804804945294f,1.5995456556463188f,-0.2634942388885448f,0.15478777475811423f,-0.952161504608319f,1.6814650730708758f,0f,0f,0f,1f], start_interpolation: 0, interpolation_duration: 1 }
$data merge entity $(bone_left_whisker13) { transformation: [-0.09447840102777738f,0.9928964494671805f,0.07232200477518182f,0.5375594491073131f,0.9864380564000547f,0.08357432661670164f,0.14126320404212728f,1.8885411799822722f,0.13421547088513036f,0.0846874994673466f,-0.9873268125646396f,1.7207860118067537f,0f,0f,0f,1f], start_interpolation: 0, interpolation_duration: 1 }
$data merge entity $(bone_left_whisker12) { transformation: [0.06616155203050493f,0.9965474109273199f,0.05015881584497736f,0.5634038053692291f,0.9328266365857564f,-0.07961890903656893f,0.3514189741603777f,2.2529265848985833f,0.35419925904640237f,0.02353905473637602f,-0.9348736801264101f,1.8591450973717547f,0f,0f,0f,1f], start_interpolation: 0, interpolation_duration: 1 }
$data merge entity $(bone_left_whisker11) { transformation: [0.2920215413597921f,0.9560034809597865f,0.027942150501037114f,0.6774747199628979f,0.9545004055681032f,-0.2931596628831979f,0.054647852917903444f,2.6257783058236237f,0.060435049037609795f,0.010712443744595443f,-0.9981146469203027f,1.8827525384020711f,0f,0f,0f,1f], start_interpolation: 0, interpolation_duration: 1 }
$data merge entity $(bone_left_whisker10) { transformation: [0.07099997702436497f,0.9938923003625623f,-0.0844813502647431f,0.7052090859880404f,0.9785235047486046f,-0.08583249189983456f,-0.187415404886506f,3.0080140498660475f,-0.1935219726983159f,-0.06936049750599693f,-0.9786410820462592f,1.8071580178167914f,0f,0f,0f,1f], start_interpolation: 0, interpolation_duration: 1 }
$data merge entity $(bone_left_whisker1) { transformation: [-0.34044954478943423f,0.9386969151365148f,-0.05424213275543252f,0.5722209825546677f,0.9364353140652721f,0.343698893662523f,0.0704270762323213f,3.3738090944227945f,0.08475264021930212f,-0.026817382578259108f,-0.9960410724300023f,1.8402645179024564f,0f,0f,0f,1f], start_interpolation: 0, interpolation_duration: 1 }
$data merge entity $(bone_upper_left_tooth1) { transformation: [-0.999996249656423f,-0.0010689836260973163f,0.002521496995060645f,0.25241791486610277f,0f,0.9206792095766554f,0.3903201161268856f,3.32950676905794f,-0.0027387356734383888f,0.3903186522923452f,-0.9206757567132952f,2.7234250728411147f,0f,0f,0f,1f], start_interpolation: 0, interpolation_duration: 1 }
$data merge entity $(bone_upper_right_tooth1) { transformation: [-0.999996249656423f,-0.0010689836260973163f,0.002521496995060645f,-0.3335173876669576f,0f,0.9206792095766554f,0.3903201161268856f,3.32950676905794f,-0.0027387356734383888f,0.3903186522923452f,-0.9206757567132952f,2.721820344907459f,0f,0f,0f,1f], start_interpolation: 0, interpolation_duration: 1 }
$data merge entity $(bone_top_lip1) { transformation: [-0.999996249656423f,0.0003448354543213537f,0.002716939748762754f,-0.01625028518818158f,0f,0.9920416107012361f,-0.12591045483714924f,3.428407856024182f,-0.0027387356734383888f,-0.12590998262968356f,-0.9920378902043532f,2.764618334870761f,0f,0f,0f,1f], start_interpolation: 0, interpolation_duration: 1 }
$data merge entity $(bone_muzzle1) { transformation: [-0.999996249656423f,-0.0010689836260973163f,0.002521496995060645f,-0.015175674881916226f,0f,0.9206792095766554f,0.3903201161268856f,3.7538589688170934f,-0.0027387356734383888f,0.3903186522923452f,-0.9206757567132952f,2.372245209369984f,0f,0f,0f,1f], start_interpolation: 0, interpolation_duration: 1 }
$data merge entity $(bone_jaw_right_tooth1) { transformation: [-0.999996249656423f,0.00033629187211866066f,0.002718010460927433f,-0.33343659760709593f,0f,0.9924325619620907f,-0.1227909196861112f,3.1287582355119334f,-0.0027387356734383888f,-0.12279045917797406f,-0.9924288399990064f,2.692321420401992f,0f,0f,0f,1f], start_interpolation: 0, interpolation_duration: 1 }
$data merge entity $(bone_jaw_left_tooth1) { transformation: [-0.999996249656423f,0.00033629187211866066f,0.002718010460927433f,0.30132664680371946f,0f,0.9924325619620907f,-0.1227909196861112f,3.1287582355119334f,-0.0027387356734383888f,-0.12279045917797406f,-0.9924288399990064f,2.6940598756634517f,0f,0f,0f,1f], start_interpolation: 0, interpolation_duration: 1 }
$data merge entity $(bone_tongue1) { transformation: [-0.999996249656423f,-0.001028936136029144f,0.0025381023456388526f,-0.01430162569707659f,0f,0.9267423542383524f,0.3756974964792236f,3.3873009703210277f,-0.0027387356734383888f,0.37569608748453104f,-0.9267388786361166f,2.0531030901316027f,0f,0f,0f,1f], start_interpolation: 0, interpolation_duration: 1 }
$data merge entity $(bone_jaw_lips1) { transformation: [-0.999996249656423f,-0.001028936136029144f,0.0025381023456388526f,0.03265897775281975f,0f,0.9267423542383524f,0.3756974964792236f,2.9897100803178676f,-0.0027387356734383888f,0.37569608748453104f,-0.9267388786361166f,2.735059252098978f,0f,0f,0f,1f], start_interpolation: 0, interpolation_duration: 1 }
$data merge entity $(bone_jaw3) { transformation: [-0.999996249656423f,-0.0001407947204822551f,0.002735114245447227f,0.034806097914390315f,0f,0.9986777007995752f,0.051408656135658315f,2.9567274414230376f,-0.0027387356734383888f,0.05140846333553517f,-0.9986739554150745f,1.9510799400550982f,0f,0f,0f,1f], start_interpolation: 0, interpolation_duration: 1 }
$data merge entity $(bone_jaw1) { transformation: [-0.999996249656423f,-0.0020335747318839283f,0.001834460928667394f,0.036239270514911714f,0f,0.6698203650899581f,0.7425231838203811f,3.53682367878271f,-0.0027387356734383888f,0.742520399103328f,-0.6698178530334541f,1.4277847423727121f,0f,0f,0f,1f], start_interpolation: 0, interpolation_duration: 1 }
$data merge entity $(bone_tear_right1) { transformation: [-0.999996249656423f,-0.001284678764105534f,0.002418733875816086f,-0.542438452928913f,0f,0.8831571075931721f,0.4690773105871381f,3.824466873128507f,-0.0027387356734383888f,0.4690755513860593f,-0.8831537954505861f,2.341957741185034f,0f,0f,0f,1f], start_interpolation: 0, interpolation_duration: 1 }
$data merge entity $(bone_right_pupil1) { transformation: [-0.999996249656423f,-0.001284678764105534f,0.002418733875816086f,-0.3815737368297427f,0f,0.8831571075931721f,0.4690773105871381f,3.8832276857496875f,-0.0027387356734383888f,0.4690755513860593f,-0.8831537954505861f,2.439954492528162f,0f,0f,0f,1f], start_interpolation: 0, interpolation_duration: 1 }
$data merge entity $(bone_right_sad_pupil1) { transformation: [-0.999996249656423f,-0.001284678764105534f,0.002418733875816086f,-0.3815501163817367f,0f,0.8831571075931721f,0.4690773105871381f,3.88780851886089f,-0.0027387356734383888f,0.4690755513860593f,-0.8831537954505861f,2.4313299437444647f,0f,0f,0f,1f], start_interpolation: 0, interpolation_duration: 1 }
$data merge entity $(bone_right_happy_pupil1) { transformation: [-0.999996249656423f,-0.001284678764105534f,0.002418733875816086f,-0.405932410995609f,0f,0.8831571075931721f,0.4690773105871381f,3.866247342025387f,-0.0027387356734383888f,0.4690755513860593f,-0.8831537954505861f,2.419811187693766f,0f,0f,0f,1f], start_interpolation: 0, interpolation_duration: 1 }
$data merge entity $(bone_eyelid_right1) { transformation: [-0.999996249656423f,-0.001284678764105534f,0.002418733875816086f,-0.004330900568615561f,0f,0.8831571075931721f,0.4690773105871381f,4.0737272687768185f,-0.0027387356734383888f,0.4690755513860593f,-0.8831537954505861f,1.9782281261820363f,0f,0f,0f,1f], start_interpolation: 0, interpolation_duration: 1 }
$data merge entity $(bone_eyelid_expressions_right5) { transformation: [-0.999996249656423f,-0.001284678764105534f,0.002418733875816086f,-0.4939795271123024f,0f,0.8831571075931721f,0.4690773105871381f,3.9740543301492854f,-0.0027387356734383888f,0.4690755513860593f,-0.8831537954505861f,2.476830531061414f,0f,0f,0f,1f], start_interpolation: 0, interpolation_duration: 1 }
$data merge entity $(bone_eyelid_expressions_right7) { transformation: [-0.999996249656423f,-0.001284678764105534f,0.002418733875816086f,-0.20101187584577224f,0f,0.8831571075931721f,0.4690773105871381f,3.9740543301492854f,-0.0027387356734383888f,0.4690755513860593f,-0.8831537954505861f,2.4776328950282416f,0f,0f,0f,1f], start_interpolation: 0, interpolation_duration: 1 }
$data merge entity $(bone_eyelid_expressions_right6) { transformation: [-0.999996249656423f,-0.001284678764105534f,0.002418733875816086f,-0.2986677596012823f,0f,0.8831571075931721f,0.4690773105871381f,3.9740543301492854f,-0.0027387356734383888f,0.4690755513860593f,-0.8831537954505861f,2.4773654403726324f,0f,0f,0f,1f], start_interpolation: 0, interpolation_duration: 1 }
$data merge entity $(bone_right_eye1) { transformation: [-0.999996249656423f,-0.001284678764105534f,0.002418733875816086f,-0.014120109392172583f,0f,0.8831571075931721f,0.4690773105871381f,4.0691464356656155f,-0.0027387356734383888f,0.4690755513860593f,-0.8831537954505861f,1.9868259295001724f,0f,0f,0f,1f], start_interpolation: 0, interpolation_duration: 1 }
$data merge entity $(bone_tear_left1) { transformation: [-0.999996249656423f,-0.001284678764105534f,0.002418733875816086f,0.5122450916305956f,0f,0.8831571075931721f,0.4690773105871381f,3.824466873128507f,-0.0027387356734383888f,0.4690755513860593f,-0.8831537954505861f,2.3448462514656137f,0f,0f,0f,1f], start_interpolation: 0, interpolation_duration: 1 }
$data merge entity $(bone_left_sad_pupil1) { transformation: [-0.999996249656423f,-0.001284678764105534f,0.002418733875816086f,0.35086901178458874f,0f,0.8831571075931721f,0.4690773105871381f,3.88780851886089f,-0.0027387356734383888f,0.4690755513860593f,-0.8831537954505861f,2.433335853661534f,0f,0f,0f,1f], start_interpolation: 0, interpolation_duration: 1 }
$data merge entity $(bone_left_pupil1) { transformation: [-0.999996249656423f,-0.001284678764105534f,0.002418733875816086f,0.3508453913365827f,0f,0.8831571075931721f,0.4690773105871381f,3.8832276857496875f,-0.0027387356734383888f,0.4690755513860593f,-0.8831537954505861f,2.441960402445231f,0f,0f,0f,1f], start_interpolation: 0, interpolation_duration: 1 }
$data merge entity $(bone_eyelid_left1) { transformation: [-0.999996249656423f,-0.001284678764105534f,0.002418733875816086f,-0.023862077319717574f,0f,0.8831571075931721f,0.4690773105871381f,4.0737272687768185f,-0.0027387356734383888f,0.4690755513860593f,-0.8831537954505861f,1.9781746352509144f,0f,0f,0f,1f], start_interpolation: 0, interpolation_duration: 1 }
$data merge entity $(bone_left_happy_pupil1) { transformation: [-0.999996249656423f,-0.001284678764105534f,0.002418733875816086f,0.37531465904847144f,0f,0.8831571075931721f,0.4690773105871381f,3.866247342025387f,-0.0027387356734383888f,0.4690755513860593f,-0.8831537954505861f,2.42195082493864f,0f,0f,0f,1f], start_interpolation: 0, interpolation_duration: 1 }
$data merge entity $(bone_eyelid_expressions_left5) { transformation: [-0.999996249656423f,-0.001284678764105534f,0.002418733875816086f,0.4630481336916961f,0f,0.8831571075931721f,0.4690773105871381f,3.9740543301492854f,-0.0027387356734383888f,0.4690755513860593f,-0.8831537954505861f,2.4794515866863844f,0f,0f,0f,1f], start_interpolation: 0, interpolation_duration: 1 }
$data merge entity $(bone_eyelid_expressions_left7) { transformation: [-0.999996249656423f,-0.001284678764105534f,0.002418733875816086f,0.17008048242516594f,0f,0.8831571075931721f,0.4690773105871381f,3.9740543301492854f,-0.0027387356734383888f,0.4690755513860593f,-0.8831537954505861f,2.4786492227195565f,0f,0f,0f,1f], start_interpolation: 0, interpolation_duration: 1 }
$data merge entity $(bone_eyelid_expressions_left6) { transformation: [-0.999996249656423f,-0.001284678764105534f,0.002418733875816086f,0.267736366180676f,0f,0.8831571075931721f,0.4690773105871381f,3.9740543301492854f,-0.0027387356734383888f,0.4690755513860593f,-0.8831537954505861f,2.4789166773751656f,0f,0f,0f,1f], start_interpolation: 0, interpolation_duration: 1 }
$data merge entity $(bone_left_eye1) { transformation: [-0.999996249656423f,-0.001284678764105534f,0.002418733875816086f,-0.014120109392172583f,0f,0.8831571075931721f,0.4690773105871381f,4.0691464356656155f,-0.0027387356734383888f,0.4690755513860593f,-0.8831537954505861f,1.9868259295001724f,0f,0f,0f,1f], start_interpolation: 0, interpolation_duration: 1 }
$data merge entity $(bone_crest_middle5) { transformation: [-0.999996249656423f,-0.0007307169215273588f,0.0026394556009824463f,-0.016670821032686942f,0f,0.963749669813407f,0.26680812194262205f,4.938850810047155f,-0.0027387356734383888f,0.26680712132049567f,-0.963746055421023f,2.9181688477698358f,0f,0f,0f,1f], start_interpolation: 0, interpolation_duration: 1 }
$data merge entity $(bone_crest_middle4) { transformation: [-0.999996249656423f,-0.0007307169215273588f,0.0026394556009824463f,-0.016242666586479507f,0f,0.963749669813407f,0.26680812194262205f,4.374153737890862f,-0.0027387356734383888f,0.26680712132049567f,-0.963746055421023f,2.761836550121108f,0f,0f,0f,1f], start_interpolation: 0, interpolation_duration: 1 }
$data merge entity $(bone_crest_middle1) { transformation: [-0.999996249656423f,-0.0007307169215273588f,0.0026394556009824463f,-0.016114871078678886f,0f,0.963749669813407f,0.26680812194262205f,3.9310892399022594f,-0.0027387356734383888f,0.26680712132049567f,-0.963746055421023f,2.715174497348736f,0f,0f,0f,1f], start_interpolation: 0, interpolation_duration: 1 }
$data merge entity $(bone_crest_left5) { transformation: [-0.5362141062084246f,-0.8365416231563755f,0.11257239905943532f,-0.9765973139182551f,-0.7448471498529317f,0.5316872591189932f,0.40312700461082623f,4.406045455442408f,-0.397085829083669f,0.13231315587434644f,-0.9081938521722696f,2.7298576337172533f,0f,0f,0f,1f], start_interpolation: 0, interpolation_duration: 1 }
$data merge entity $(bone_crest_left4) { transformation: [-0.5362141062084246f,-0.8365416231563755f,0.11257239905943532f,-0.5681297244864311f,-0.7448471498529317f,0.5316872591189932f,0.40312700461082623f,4.146432535950712f,-0.397085829083669f,0.13231315587434644f,-0.9081938521722696f,2.6652516005754827f,0f,0f,0f,1f], start_interpolation: 0, interpolation_duration: 1 }
$data merge entity $(bone_crest_left1) { transformation: [-0.5362141062084246f,-0.8365416231563755f,0.11257239905943532f,-0.1133186769386008f,-0.7448471498529317f,0.5316872591189932f,0.40312700461082623f,3.88054226028186f,-0.397085829083669f,0.13231315587434644f,-0.9081938521722696f,2.549839561181436f,0f,0f,0f,1f], start_interpolation: 0, interpolation_duration: 1 }
$data merge entity $(bone_crest_center1) { transformation: [-0.999996249656423f,-0.001284678764105534f,0.002418733875816086f,-0.01563142935691357f,0f,0.8831571075931721f,0.4690773105871381f,3.858981083446357f,-0.0027387356734383888f,0.4690755513860593f,-0.8831537954505861f,2.5386551225943936f,0f,0f,0f,1f], start_interpolation: 0, interpolation_duration: 1 }
$data merge entity $(bone_crest_right5) { transformation: [-0.5383810803689527f,0.8358043351038075f,-0.10759612317570462f,0.9442727370741606f,0.7448471498529317f,0.5316872591189932f,0.40312700461082623f,4.406045455442408f,0.39414278587426116f,0.13689328658562794f,-0.9087968378196865f,2.73511840877966f,0f,0f,0f,1f], start_interpolation: 0, interpolation_duration: 1 }
$data merge entity $(bone_crest_right4) { transformation: [-0.5383810803689527f,0.8358043351038075f,-0.10759612317570462f,0.5361651515742546f,0.7448471498529317f,0.5316872591189932f,0.40312700461082623f,4.146432535950712f,0.39414278587426116f,0.13689328658562794f,-0.9087968378196865f,2.6682759836890213f,0f,0f,0f,1f], start_interpolation: 0, interpolation_duration: 1 }
$data merge entity $(bone_crest_right1) { transformation: [-0.5383810803689527f,0.8358043351038075f,-0.10759612317570462f,0.0819930905724193f,0.7448471498529317f,0.5316872591189932f,0.40312700461082623f,3.88054226028186f,0.39414278587426116f,0.13689328658562794f,-0.9087968378196865f,2.5503744704926543f,0f,0f,0f,1f], start_interpolation: 0, interpolation_duration: 1 }
$data merge entity $(bone_head1) { transformation: [-0.999996249656423f,-0.001284678764105534f,0.002418733875816086f,-0.012758256296563087f,0f,0.8831571075931721f,0.4690773105871381f,4.277969351137556f,-0.0027387356734383888f,0.4690755513860593f,-0.8831537954505861f,1.4895716667393077f,0f,0f,0f,1f], start_interpolation: 0, interpolation_duration: 1 }
$data merge entity $(bone_neck10) { transformation: [-1.3020784500734675f,-0.0009806358844374583f,0.0034285787118580277f,-0.010021203199033005f,0f,1.2518837597618773f,0.358061529613153f,4.157523063058364f,-0.0035660620747895687f,0.3580601867593954f,-1.2518790647676596f,0.49018977706453165f,0f,0f,0f,1f], start_interpolation: 0, interpolation_duration: 1 }
$data merge entity $(bone_neck9) { transformation: [-0.999996249656423f,-0.001284678764105534f,0.002418733875816086f,-0.008508365601819733f,0f,0.883157107593172f,0.46907731058713803f,3.0134233507532073f,-0.0027387356734383888f,0.4690755513860592f,-0.883153795450586f,-0.06219355011256583f,0f,0f,0f,1f], start_interpolation: 0, interpolation_duration: 1 }
$data merge entity $(bone_neck8) { transformation: [-0.999996249656423f,0.0006869083834733699f,0.0026511940633756007f,-0.009065797898177578f,0f,0.9680357579185862f,-0.2508122233683764f,2.390482811114421f,-0.0027387356734383888f,-0.2508112827363654f,-0.9680321274518993f,0.14134204888716423f,0f,0f,0f,1f], start_interpolation: 0, interpolation_duration: 1 }
$data merge entity $(bone_neck7) { transformation: [-0.999996249656423f,0.0015247678944442116f,0.0022750287815841343f,-0.010360740386672469f,0f,0.8306857809055788f,-0.556741531952924f,1.725033414004266f,-0.0027387356734383888f,-0.5567394439808955f,-0.8306826655484959f,0.6141652003050211f,0f,0f,0f,1f], start_interpolation: 0, interpolation_duration: 1 }
$data merge entity $(bone_neck6) { transformation: [-0.999996249656423f,0.0011134056798202095f,0.002502199208917652f,-0.011224351421072767f,0f,0.9136329705656575f,-0.40654002889675245f,0.9944221503818094f,-0.0027387356734383888f,-0.40653850423196625f,-0.9136295441281146f,0.9294960312201395f,0f,0f,0f,1f], start_interpolation: 0, interpolation_duration: 1 }
$data merge entity $(bone_neck_spine6) { transformation: [-1.1019279413250236f,-0.07239782748564441f,-0.07385827116792995f,0.04003677064282539f,-0.06343158403063698f,-0.15118252911721553f,1.0945601648856258f,0.2608434452855659f,-0.08168796601654885f,1.0940036905707597f,0.14637171428591658f,-1.1691309557800178f,0f,0f,0f,1f], start_interpolation: 0, interpolation_duration: 1 }
$data merge entity $(bone_neck_spine7) { transformation: [-0.9974460964042826f,-0.032953706003634134f,-0.0633666949468275f,0.1973868158316788f,-0.0695391684780042f,0.24563232279702563f,0.9668655884065406f,0.6212737230796872f,-0.016296895877620086f,0.9688027741795354f,-0.24729657483837134f,-4.355813824918956f,0f,0f,0f,1f], start_interpolation: 0, interpolation_duration: 1 }
$data merge entity $(bone_tail6) { transformation: [-1.3928334093676642f,0.5416530427037308f,-0.09392207814495052f,-0.5999357881201763f,0.5212907641184065f,1.3825718115955004f,0.24278675151336565f,-1.5493962129157395f,0.17454315992935343f,0.19313582991085576f,-1.474594018098049f,-6.324788149197328f,0f,0f,0f,1f], start_interpolation: 0, interpolation_duration: 1 }
$data merge entity $(bone_tail5) { transformation: [-1.1506015120863315f,0.44745251353786464f,-0.07758780368495913f,-0.31733420062257733f,0.4306315007934663f,1.1421245400136744f,0.200562968641476f,-0.82805439817026f,0.14418782776772676f,0.15954698992635913f,-1.2181428845157798f,-6.224021629243838f,0f,0f,0f,1f], start_interpolation: 0, interpolation_duration: 1 }
$data merge entity $(bone_tail4) { transformation: [-0.9301704855603184f,0.3617300319969263f,-0.06272361392636695f,-0.17603340687377797f,0.3481315711677706f,0.9233175228742124f,0.16213932622805638f,-0.46738349079752084f,0.11656447550064647f,0.12898114554046716f,-0.9847723529559146f,-6.173638369267093f,0f,0f,0f,1f], start_interpolation: 0, interpolation_duration: 1 }
$data merge entity $(bone_segment18) { transformation: [-0.9301704855603184f,0.3667809891495448f,0.01595536871911052f,0.00305887298439822f,0.3481315711677706f,0.8674086015622919f,0.355537237279035f,-0.043844134565933f,0.11656447550064647f,0.3362648122153591f,-0.9345259221214941f,-6.009446566427562f,0f,0f,0f,1f], start_interpolation: 0, interpolation_duration: 1 }
$data merge entity $(bone_segment17) { transformation: [-0.9621027839312345f,0.23612469369270236f,-0.13639414276388637f,0.15294271175418f,-0.05432749027480504f,0.32417912547678623f,0.9444344436780922f,0.16193363062929264f,0.2672204276476799f,0.9160529589677847f,-0.29906557711337756f,-5.427967637395277f,0f,0f,0f,1f], start_interpolation: 0, interpolation_duration: 1 }
$data merge entity $(bone_segment16) { transformation: [-0.9927590947459997f,0.09089761669374004f,-0.07853026854978198f,0.22839483498628843f,-0.07056274073425561f,0.08777824048533907f,0.9936377006320607f,0.234796427907162f,0.09721254764264327f,0.991984175164451f,-0.08072866160249983f,-4.604543273245097f,0f,0f,0f,1f], start_interpolation: 0, interpolation_duration: 1 }
$data merge entity $(bone_segment15) { transformation: [-0.9974460964042826f,-0.015430328223406712f,-0.06973657389617147f,0.2125727210853343f,-0.0695391684780042f,-0.012980623972847521f,0.9974947656246942f,0.22148621777875388f,-0.016296895877620086f,0.9997966835173008f,0.011874460516610175f,-3.5793611270603654f,0f,0f,0f,1f], start_interpolation: 0, interpolation_duration: 1 }
$data merge entity $(bone_segment14) { transformation: [-0.9960247712669938f,-0.05330263095284487f,-0.07136865247457919f,0.15791670301845237f,-0.05982659668881427f,-0.1933022091256407f,0.9793135525845547f,0.02327594474953254f,-0.06599570706619023f,0.979690300799519f,0.18934487362530228f,-2.5747958772171087f,0f,0f,0f,1f], start_interpolation: 0, interpolation_duration: 1 }
$data merge entity $(bone_segment13) { transformation: [-0.9956243046324917f,-0.052831702692287486f,-0.07707824087056478f,0.10304566629502543f,-0.057312301806504935f,-0.3062550029015324f,0.9502226966661146f,-0.32890742100933035f,-0.07380747988318766f,0.9504823430176997f,0.30188701781440797f,-1.5611401169847303f,0f,0f,0f,1f], start_interpolation: 0, interpolation_duration: 1 }
$data merge entity $(bone_segment12) { transformation: [-0.997197700490221f,-0.05584485442219066f,-0.04978050192173293f,0.03760247751902073f,-0.05505774522276406f,0.09732596192002924f,0.9937284849632351f,-0.21485355938429607f,-0.0506496873435614f,0.9936845623088373f,-0.10012791719143138f,-0.3966660205290613f,0f,0f,0f,1f], start_interpolation: 0, interpolation_duration: 1 }
$data merge entity $(bone_segment11) { transformation: [-1.0345979875419808f,-0.031978553276578135f,-0.01152554634203588f,-0.004501889927027129f,-0.02903332520752734f,0.6487836292288252f,0.8060926313930247f,0.5347757046013037f,-0.017678577870952186f,0.8059811638550083f,-0.6493306502156274f,0.5346867526886282f,0f,0f,0f,1f], start_interpolation: 0, interpolation_duration: 1 }
$data merge entity $(bone_segment10) { transformation: [-0.999996249656423f,-0.0012468128542720003f,0.002438468944929612f,-0.011293649599013966f,0f,0.8903630126043516f,0.45525125566669583f,1.3564483237369953f,-0.0027387356734383888f,0.4552495483180732f,-0.8903596734371461f,0.9547989177751688f,0f,0f,0f,1f], start_interpolation: 0, interpolation_duration: 1 }