# This file was generated by Animated Java via MC-Build. It is not recommended to edit this file directly.
$data merge entity $(bone_neck_spine5) { transformation: [-1.3671671166006398f,0.0015892154861092838f,-0.007294507267920583f,0.08651441221040004f,0f,1.3358519077912574f,0.29103494739757524f,3.823059399756404f,0.007465617331676985f,0.2910306083573482f,-1.3358319915742622f,-0.3934200388837358f,0f,0f,0f,1f], start_interpolation: 0, interpolation_duration: 1 }
$data merge entity $(bone_neck_spine2) { transformation: [-1.3020639205720377f,0.001039273083719667f,-0.007033747257051701f,-0.002441409714706369f,0f,1.2880986127158296f,0.1903233324214346f,4.956082423880531f,0.0071101117444542705f,0.1903204948907432f,-1.288079408452743f,1.2001427171669992f,0f,0f,0f,1f], start_interpolation: 0, interpolation_duration: 1 }
$data merge entity $(bone_scale_neck_left1) { transformation: [-1.3829121538780695f,0.3655610000292966f,0.07333858681946814f,0.6803577011159078f,0.3565129408033966f,1.2140313298009702f,0.6711824429349893f,4.184668950394328f,0.10914172482973666f,0.6662976091222651f,-1.2631686341822776f,1.052755239686088f,0f,0f,0f,1f], start_interpolation: 0, interpolation_duration: 1 }
$data merge entity $(bone_scale_neck_right1) { transformation: [-1.384021616513335f,-0.35826258418340967f,-0.0871292384955714f,-0.6868094154847318f,-0.3565129408033966f,1.2140313298009702f,0.6711824429349893f,4.184668950394328f,-0.09403247559384356f,0.6702501543742393f,-1.2622923759960605f,1.060220857017765f,0f,0f,0f,1f], start_interpolation: 0, interpolation_duration: 1 }
$data merge entity $(bone_blush_right1) { transformation: [-0.999985090999325f,0.0025036958625997497f,-0.004852760667838799f,-0.5737643418282459f,0f,0.8886919099656744f,0.4585048409357986f,3.5654124063165002f,0.00546056581974088f,0.45849800508681565f,-0.8886786604573887f,2.089695357093139f,0f,0f,0f,1f], start_interpolation: 0, interpolation_duration: 1 }
$data merge entity $(bone_blush_left1) { transformation: [-0.999985090999325f,0.0025036958625997497f,-0.004852760667838799f,0.5785622278780076f,0f,0.8886919099656744f,0.4585048409357986f,3.5654124063165002f,0.00546056581974088f,0.45849800508681565f,-0.8886786604573887f,2.083402908199297f,0f,0f,0f,1f], start_interpolation: 0, interpolation_duration: 1 }
$data merge entity $(bone_left_head_scales) { transformation: [-0.884756853224375f,0.0025036958625997497f,-0.4660461803078417f,0.5882583089199406f,-0.2117139744636548f,0.8886919099656744f,0.4066987609747107f,4.2862390037825335f,0.4151897201151597f,0.45849800508681565f,-0.7857461903452705f,2.070640766097878f,0f,0f,0f,1f], start_interpolation: 0, interpolation_duration: 1 }
$data merge entity $(bone_left_head_scales2) { transformation: [-0.8163564023802871f,0.0025036958625997497f,-0.5775430337210747f,0.5870131501407375f,-0.2629875727136586f,0.8886919099656744f,0.3755851777689584f,3.5247846540628958f,0.5141981727805857f,0.45849800508681565f,-0.7248308895463255f,1.842616737776741f,0f,0f,0f,1f], start_interpolation: 0, interpolation_duration: 1 }
$data merge entity $(bone_left_head_scales1) { transformation: [-0.999985090999325f,0.0025036958625997497f,-0.004852760667838799f,0.5880138073708586f,0f,0.8886919099656744f,0.4585048409357986f,4.199452684449948f,0.00546056581974088f,0.45849800508681565f,-0.8886786604573887f,2.0258655702886186f,0f,0f,0f,1f], start_interpolation: 0, interpolation_duration: 1 }
$data merge entity $(bone_right_head_scales) { transformation: [-0.8892383642418471f,0.0025036958625997497f,0.4574372777414533f,-0.5835992195948935f,0.2117139744636548f,0.8886919099656744f,0.4066987609747107f,4.2862390037825335f,-0.405502558040374f,0.45849800508681565f,-0.7907890077347584f,2.077039866667887f,0f,0f,0f,1f], start_interpolation: 0, interpolation_duration: 1 }
$data merge entity $(bone_right_head_scales2) { transformation: [-0.821923260720934f,0.0025036958625997497f,0.5695927360780639f,-0.5848443783740965f,0.2629875727136586f,0.8886919099656744f,0.3755851777689584f,3.5247846540628958f,-0.5052521054721549f,0.45849800508681565f,-0.7310949933130201f,1.8490158383467499f,0f,0f,0f,1f], start_interpolation: 0, interpolation_duration: 1 }
$data merge entity $(bone_right_head_scales1) { transformation: [-0.999985090999325f,0.0025036958625997497f,-0.004852760667838799f,-0.5838437211439754f,0f,0.8886919099656744f,0.4585048409357986f,4.199452684449948f,0.00546056581974088f,0.45849800508681565f,-0.8886786604573887f,2.0322646708586274f,0f,0f,0f,1f], start_interpolation: 0, interpolation_duration: 1 }
$data merge entity $(bone_head_left_fin1) { transformation: [-0.6899561382850364f,0.021466398252371153f,-0.7235328057447503f,0.5867415020539674f,-0.08461589566924338f,0.9903154000168857f,0.11007069859634652f,3.9075860189156892f,0.7188885013984376f,0.1371663305460442f,-0.6814577905649344f,1.7928702379201353f,0f,0f,0f,1f], start_interpolation: 0, interpolation_duration: 1 }
$data merge entity $(bone_head_right_fin1) { transformation: [-0.6977659512718207f,-0.01996712887318727f,0.7160474781816446f,-0.5851160264608667f,0.08461589566924338f,0.9903154000168857f,0.11007069859634652f,3.9075860189156892f,-0.7113106406105725f,0.13739258442127655f,-0.6893188306583679f,1.7992693384901441f,0f,0f,0f,1f], start_interpolation: 0, interpolation_duration: 1 }
$data merge entity $(bone_right_whisker16) { transformation: [0.2583441173718126f,0.9173811184473921f,-0.3027708713459582f,-1.0431343754516713f,0.954153215892273f,-0.2913467575768287f,-0.06862002223769617f,1.5273998334482661f,-0.15116202440365856f,-0.2711622214942199f,-0.950589865300755f,1.8406280621958153f,0f,0f,0f,1f], start_interpolation: 0, interpolation_duration: 1 }
$data merge entity $(bone_right_whisker15) { transformation: [-0.875812121883033f,0.3758762118399462f,-0.3027708713459582f,-0.7865487928687513f,0.41339623174240303f,0.9079619199775282f,-0.06862002223769617f,1.406287656179984f,0.24911178764546732f,-0.18526258457544048f,-0.950589865300755f,1.7676460931590574f,0f,0f,0f,1f], start_interpolation: 0, interpolation_duration: 1 }
$data merge entity $(bone_right_whisker14) { transformation: [-0.7107937343140216f,-0.6349031947662076f,-0.3027708713459582f,-0.5783084410189403f,-0.6481841615392518f,0.7583855123073983f,-0.06862002223769617f,1.5961853597559368f,0.2731841137211033f,0.1474766015268454f,-0.950589865300755f,1.687611684842328f,0f,0f,0f,1f], start_interpolation: 0, interpolation_duration: 1 }
$data merge entity $(bone_right_whisker13) { transformation: [-0.09477903382886434f,-0.9926677426612418f,-0.0750179140359252f,-0.5505411459518902f,-0.9879725454466328f,0.08454653156575764f,0.12946865815285652f,1.8856304414297549f,-0.1221768561969406f,0.0863865538150169f,-0.9887417150751744f,1.7234056856812754f,0f,0f,0f,1f], start_interpolation: 0, interpolation_duration: 1 }
$data merge entity $(bone_right_whisker12) { transformation: [0.0652581530721371f,-0.9964744695609546f,-0.05272575244439438f,-0.5760326119956938f,-0.9369848380765052f,-0.07936490937313162f,0.34023613031972344f,2.2516401438033897f,-0.34322119205019797f,0.027200049143496597f,-0.9388606769133706f,1.857476463825884f,0f,0f,0f,1f], start_interpolation: 0, interpolation_duration: 1 }
$data merge entity $(bone_right_whisker11) { transformation: [0.29191818589128105f,-0.9559516819681962f,-0.030661938753444445f,-0.6900631533594754f,-0.9551440888684148f,-0.29304219738340775f,0.04273218988572561f,2.624743303517614f,-0.04983515070378869f,0.016812266202994974f,-0.9986159449255005f,1.8769433195695515f,0f,0f,0f,1f], start_interpolation: 0, interpolation_duration: 1 }
$data merge entity $(bone_right_whisker10) { transformation: [0.07159014023129037f,-0.9940717865090252f,0.08182991560804245f,-0.7180280518873232f,-0.9761421411455348f,-0.0866865665574414f,-0.19907777238630459f,3.006048827402589f,0.20499115127603712f,-0.0656256233893246f,-0.9765612655913031f,1.7968686511023495f,0f,0f,0f,1f], start_interpolation: 0, interpolation_duration: 1 }
$data merge entity $(bone_right_whisker1) { transformation: [-0.34061791332886515f,-0.938788815949976f,0.051526654915024145f,-0.5849741794932353f,-0.9373911448962813f,0.34332372008049533f,0.058537720318858566f,3.372217243377699f,-0.07264487999528224f,-0.028361633897431793f,-0.9969545321292939f,1.8252455573505066f,0f,0f,0f,1f], start_interpolation: 0, interpolation_duration: 1 }
$data merge entity $(bone_left_whisker16) { transformation: [0.2599795466309047f,-0.9202877640774664f,0.2923714531599939f,1.045184214196762f,-0.954153215892273f,-0.2913467575768287f,-0.06862002223769617f,1.5273998334482661f,0.14833164172226523f,-0.2611273599965464f,-0.9538397275880321f,1.8292244910686024f,0f,0f,0f,1f], start_interpolation: 0, interpolation_duration: 1 }
$data merge entity $(bone_left_whisker15) { transformation: [-0.8784804344029703f,-0.37787704316124004f,0.2923714531599939f,0.7878168994302669f,-0.41339623174240303f,0.9079619199775282f,-0.06862002223769617f,1.406287656179984f,-0.23953221485292883f,-0.18114660394950471f,-0.9538397275880321f,1.7590490374984085f,0f,0f,0f,1f], start_interpolation: 0, interpolation_duration: 1 }
$data merge entity $(bone_left_whisker14) { transformation: [-0.7137347809200139f,0.6364759193262326f,0.2923714531599939f,0.5787149128326066f,0.6481841615392518f,0.7583855123073983f,-0.06862002223769617f,1.5961853597559368f,-0.2654052660267246f,0.14053404868597474f,-0.9538397275880321f,1.6812935884671414f,0f,0f,0f,1f], start_interpolation: 0, interpolation_duration: 1 }
$data merge entity $(bone_left_whisker13) { transformation: [-0.09343909199167849f,0.9935519692267206f,0.06421542286301743f,0.5513401788506695f,0.9879725454466328f,0.08454653156575764f,0.12946865815285652f,1.8856304414297549f,0.12320464898481523f,0.07554050864209111f,-0.989502019210988f,1.7173887004744115f,0f,0f,0f,1f], start_interpolation: 0, interpolation_duration: 1 }
$data merge entity $(bone_left_whisker12) { transformation: [0.0690025693012366f,0.9967120951382853f,0.04246933993927622f,0.578294307483965f,0.9369848380765052f,-0.07936490937313162f,0.34023613031972344f,2.2516401438033897f,0.3424880416081317f,0.016315960445047434f,-0.9393805037311463f,1.851173091727588f,0f,0f,0f,1f], start_interpolation: 0, interpolation_duration: 1 }
$data merge entity $(bone_left_whisker11) { transformation: [0.29244502531412603f,0.9560782794910186f,0.01975425661759904f,0.6925306454972955f,0.9551440888684148f,-0.29304219738340775f,0.04273218988572561f,2.624743303517614f,0.04664414935172506f,0.006371345085430337f,-0.9988912499832283f,1.8693934625681055f,0f,0f,0f,1f], start_interpolation: 0, interpolation_duration: 1 }
$data merge entity $(bone_left_whisker10) { transformation: [0.06934716894261245f,0.9932958090966155f,-0.09249003076410367f,0.7196193833655035f,0.9761421411455348f,-0.0866865665574414f,-0.19907777238630459f,3.006048827402589f,-0.2057607602033384f,-0.07647793675029657f,-0.9756093658585704f,1.7890181656136763f,0f,0f,0f,1f], start_interpolation: 0, interpolation_duration: 1 }
$data merge entity $(bone_left_whisker1) { transformation: [-0.3398042479203961f,0.9384230942355842f,-0.062411291450874706f,0.5868833490215988f,0.9373911448962813f,0.34332372008049533f,0.058537720318858566f,3.372217243377699f,0.07636042538706289f,-0.03861242591966674f,-0.9963323571977902f,1.8188464567804978f,0f,0f,0f,1f], start_interpolation: 0, interpolation_duration: 1 }
$data merge entity $(bone_upper_left_tooth1) { transformation: [-0.999985090999325f,0.0020712225835739975f,-0.00505250592092829f,0.2743348199558142f,0f,0.9252714989099882f,0.37930548810274833f,3.3384675948725175f,0.00546056581974088f,0.37929983303697024f,-0.9252577040365862f,2.7050651894531383f,0f,0f,0f,1f], start_interpolation: 0, interpolation_duration: 1 }
$data merge entity $(bone_upper_right_tooth1) { transformation: [-0.999985090999325f,0.0020712225835739975f,-0.00505250592092829f,-0.31159394430160275f,0f,0.9252714989099882f,0.37930548810274833f,3.3384675948725175f,0.00546056581974088f,0.37929983303697024f,-0.9252577040365862f,2.7082647397381425f,0f,0f,0f,1f], start_interpolation: 0, interpolation_duration: 1 }
$data merge entity $(bone_top_lip1) { transformation: [-0.999985090999325f,-0.0007165988552520499f,-0.005413341403640992f,0.006006943446642261f,0f,0.9913517357616749f,-0.1312316120540884f,3.437861994169489f,0.00546056581974088f,-0.13122965552189558f,-0.9913369556979772f,2.7472767475460236f,0f,0f,0f,1f], start_interpolation: 0, interpolation_duration: 1 }
$data merge entity $(bone_muzzle1) { transformation: [-0.999985090999325f,0.0020712225835739975f,-0.00505250592092829f,0.003843301285579718f,0f,0.9252714989099882f,0.37930548810274833f,3.7586075692553016f,0.00546056581974088f,0.37929983303697024f,-0.9252577040365862f,2.351052258226934f,0f,0f,0f,1f], start_interpolation: 0, interpolation_duration: 1 }
$data merge entity $(bone_jaw_right_tooth1) { transformation: [-0.999985090999325f,-0.0007041085886244261f,-0.005414980163135198f,-0.31175434340182007f,0f,0.9916518437629886f,-0.12894425447248598f,3.1301075851335063f,0.00546056581974088f,-0.1289423320425089f,-0.9916370592249807f,2.6788910971300606f,0f,0f,0f,1f], start_interpolation: 0, interpolation_duration: 1 }
$data merge entity $(bone_jaw_left_tooth1) { transformation: [-0.999985090999325f,-0.0007041085886244261f,-0.005414980163135198f,0.32300181787704835f,0f,0.9916518437629886f,-0.12894425447248598f,3.1301075851335063f,0.00546056581974088f,-0.1289423320425089f,-0.9916370592249807f,2.675424917654639f,0f,0f,0f,1f], start_interpolation: 0, interpolation_duration: 1 }
$data merge entity $(bone_tongue1) { transformation: [-0.999985090999325f,0.0020684571598046705f,-0.005053638694027816f,0.002140793345857546f,0f,0.9254789450129965f,0.37879905271480174f,3.3911930663405823f,0.00546056581974088f,0.3787934051994693f,-0.9254651470467806f,2.0392745756147446f,0f,0f,0f,1f], start_interpolation: 0, interpolation_duration: 1 }
$data merge entity $(bone_jaw_lips1) { transformation: [-0.999985090999325f,0.0020684571598046705f,-0.005053638694027816f,0.05468404880847205f,0f,0.9254789450129965f,0.37879905271480174f,2.9913209719117995f,0.00546056581974088f,0.3787934051994693f,-0.9254651470467806f,2.7194874359295764f,0f,0f,0f,1f], start_interpolation: 0, interpolation_duration: 1 }
$data merge entity $(bone_jaw3) { transformation: [-0.999985090999325f,0.00024688984039118603f,-0.00545498162035712f,0.050404261588433204f,0f,0.9989773588364103f,0.045213234038611216f,2.9534762117998885f,0.00546056581974088f,0.04521255995447454f,-0.998962465082293f,1.9357365291615696f,0f,0f,0f,1f], start_interpolation: 0, interpolation_duration: 1 }
$data merge entity $(bone_jaw1) { transformation: [-0.999985090999325f,0.0040318319753491726f,-0.0036826770146558283f,0.04752717017073334f,0f,0.6744130802969762f,0.7383542490731292f,3.5303154688882707f,0.00546056581974088f,0.7383432409491315f,-0.6744030254719068f,1.4088591655116425f,0f,0f,0f,1f], start_interpolation: 0, interpolation_duration: 1 }
$data merge entity $(bone_tear_right1) { transformation: [-0.999985090999325f,0.0025036958625997497f,-0.004852760667838799f,-0.5236546772169357f,0f,0.8886919099656744f,0.4585048409357986f,3.828866246945176f,0.00546056581974088f,0.45849800508681565f,-0.8886786604573887f,2.3242484361268927f,0f,0f,0f,1f], start_interpolation: 0, interpolation_duration: 1 }
$data merge entity $(bone_right_pupil1) { transformation: [-0.999985090999325f,0.0025036958625997497f,-0.004852760667838799f,-0.3619957365470239f,0f,0.8886919099656744f,0.4585048409357986f,3.888787048254179f,0.00546056581974088f,0.45849800508681565f,-0.8886786604573887f,2.4202147725753775f,0f,0f,0f,1f], start_interpolation: 0, interpolation_duration: 1 }
$data merge entity $(bone_right_sad_pupil1) { transformation: [-0.999985090999325f,0.0025036958625997497f,-0.004852760667838799f,-0.3620431267879207f,0f,0.8886919099656744f,0.4585048409357986f,3.893264634591443f,0.00546056581974088f,0.45849800508681565f,-0.8886786604573887f,2.4115362700318483f,0f,0f,0f,1f], start_interpolation: 0, interpolation_duration: 1 }
$data merge entity $(bone_right_happy_pupil1) { transformation: [-0.999985090999325f,0.0025036958625997497f,-0.004852760667838799f,-0.38651763740817097f,0f,0.8886919099656744f,0.4585048409357986f,3.8715683324745185f,0.00546056581974088f,0.45849800508681565f,-0.8886786604573887f,2.4004759272489418f,0f,0f,0f,1f], start_interpolation: 0, interpolation_duration: 1 }
$data merge entity $(bone_eyelid_right1) { transformation: [-0.999985090999325f,0.0025036958625997497f,-0.004852760667838799f,0.01143637995321198f,0f,0.8886919099656744f,0.4585048409357986f,4.073750791788333f,0.00546056581974088f,0.45849800508681565f,-0.8886786604573887f,1.9531704984781213f,0f,0f,0f,1f], start_interpolation: 0, interpolation_duration: 1 }
$data merge entity $(bone_eyelid_expressions_right5) { transformation: [-0.999985090999325f,0.0025036958625997497f,-0.004852760667838799f,-0.474101325892836f,0f,0.8886919099656744f,0.4585048409357986f,3.9800509539240285f,0.00546056581974088f,0.45849800508681565f,-0.8886786604573887f,2.4569247112726402f,0f,0f,0f,1f], start_interpolation: 0, interpolation_duration: 1 }
$data merge entity $(bone_eyelid_expressions_right7) { transformation: [-0.999985090999325f,0.0025036958625997497f,-0.004852760667838799f,-0.18113694376412748f,0f,0.8886919099656744f,0.4585048409357986f,3.9800509539240285f,0.00546056581974088f,0.45849800508681565f,-0.8886786604573887f,2.455324936130138f,0f,0f,0f,1f], start_interpolation: 0, interpolation_duration: 1 }
$data merge entity $(bone_eyelid_expressions_right6) { transformation: [-0.999985090999325f,0.0025036958625997497f,-0.004852760667838799f,-0.2787917378070303f,0f,0.8886919099656744f,0.4585048409357986f,3.9800509539240285f,0.00546056581974088f,0.45849800508681565f,-0.8886786604573887f,2.455858194510972f,0f,0f,0f,1f], start_interpolation: 0, interpolation_duration: 1 }
$data merge entity $(bone_right_eye1) { transformation: [-0.999985090999325f,0.0025036958625997497f,-0.004852760667838799f,0.0017182907898185607f,0f,0.8886919099656744f,0.4585048409357986f,4.069273205451069f,0.00546056581974088f,0.45849800508681565f,-0.8886786604573887f,1.961902326859734f,0f,0f,0f,1f], start_interpolation: 0, interpolation_duration: 1 }
$data merge entity $(bone_tear_left1) { transformation: [-0.999985090999325f,0.0025036958625997497f,-0.004852760667838799f,0.5310170984464149f,0f,0.8886919099656744f,0.4585048409357986f,3.828866246945176f,0.00546056581974088f,0.45849800508681565f,-0.8886786604573887f,2.3184892456138844f,0f,0f,0f,1f], start_interpolation: 0, interpolation_duration: 1 }
$data merge entity $(bone_left_sad_pupil1) { transformation: [-0.999985090999325f,0.0025036958625997497f,-0.004852760667838799f,0.37036782853385053f,0f,0.8886919099656744f,0.4585048409357986f,3.893264634591443f,0.00546056581974088f,0.45849800508681565f,-0.8886786604573887f,2.407536832175593f,0f,0f,0f,1f], start_interpolation: 0, interpolation_duration: 1 }
$data merge entity $(bone_left_pupil1) { transformation: [-0.999985090999325f,0.0025036958625997497f,-0.004852760667838799f,0.37041521877474737f,0f,0.8886919099656744f,0.4585048409357986f,3.888787048254179f,0.00546056581974088f,0.45849800508681565f,-0.8886786604573887f,2.416215334719122f,0f,0f,0f,1f], start_interpolation: 0, interpolation_duration: 1 }
$data merge entity $(bone_eyelid_left1) { transformation: [-0.999985090999325f,0.0025036958625997497f,-0.004852760667838799f,-0.008094578855368585f,0f,0.8886919099656744f,0.4585048409357986f,4.073750791788333f,0.00546056581974088f,0.45849800508681565f,-0.8886786604573887f,1.9532771501542883f,0f,0f,0f,1f], start_interpolation: 0, interpolation_duration: 1 }
$data merge entity $(bone_left_happy_pupil1) { transformation: [-0.999985090999325f,0.0025036958625997497f,-0.004852760667838799f,0.3947207149350516f,0f,0.8886919099656744f,0.4585048409357986f,3.8715683324745185f,0.00546056581974088f,0.45849800508681565f,-0.8886786604573887f,2.3962098602022692f,0f,0f,0f,1f], start_interpolation: 0, interpolation_duration: 1 }
$data merge entity $(bone_eyelid_expressions_left5) { transformation: [-0.999985090999325f,0.0025036958625997497f,-0.004852760667838799f,0.48291565572761175f,0f,0.8886919099656744f,0.4585048409357986f,3.9800509539240285f,0.00546056581974088f,0.45849800508681565f,-0.8886786604573887f,2.4516987791404663f,0f,0f,0f,1f], start_interpolation: 0, interpolation_duration: 1 }
$data merge entity $(bone_eyelid_expressions_left7) { transformation: [-0.999985090999325f,0.0025036958625997497f,-0.004852760667838799f,0.18995127359890324f,0f,0.8886919099656744f,0.4585048409357986f,3.9800509539240285f,0.00546056581974088f,0.45849800508681565f,-0.8886786604573887f,2.453298554282968f,0f,0f,0f,1f], start_interpolation: 0, interpolation_duration: 1 }
$data merge entity $(bone_eyelid_expressions_left6) { transformation: [-0.999985090999325f,0.0025036958625997497f,-0.004852760667838799f,0.2876060676418061f,0f,0.8886919099656744f,0.4585048409357986f,3.9800509539240285f,0.00546056581974088f,0.45849800508681565f,-0.8886786604573887f,2.452765295902134f,0f,0f,0f,1f], start_interpolation: 0, interpolation_duration: 1 }
$data merge entity $(bone_left_eye1) { transformation: [-0.999985090999325f,0.0025036958625997497f,-0.004852760667838799f,0.0017182907898185607f,0f,0.8886919099656744f,0.4585048409357986f,4.069273205451069f,0.00546056581974088f,0.45849800508681565f,-0.8886786604573887f,1.961902326859734f,0f,0f,0f,1f], start_interpolation: 0, interpolation_duration: 1 }
$data merge entity $(bone_crest_middle5) { transformation: [-0.999985090999325f,0.001394018628217793f,-0.005279629829439196f,0.006746934383835513f,0f,0.9668649740201707f,0.25528831154789444f,4.950029783090929f,0.00546056581974088f,0.2552845054542854f,-0.9668505590296204f,2.8827901593600003f,0f,0f,0f,1f], start_interpolation: 0, interpolation_duration: 1 }
$data merge entity $(bone_crest_middle4) { transformation: [-0.999985090999325f,0.001394018628217793f,-0.005279629829439196f,0.0059301265938641505f,0f,0.9668649740201707f,0.25528831154789444f,4.383507337375985f,0.00546056581974088f,0.2552845054542854f,-0.9668505590296204f,2.73320939444538f,0f,0f,0f,1f], start_interpolation: 0, interpolation_duration: 1 }
$data merge entity $(bone_crest_middle1) { transformation: [-0.999985090999325f,0.001394018628217793f,-0.005279629829439196f,0.005704214039168329f,0f,0.9668649740201707f,0.25528831154789444f,3.9399175489312306f,0.00546056581974088f,0.2552845054542854f,-0.9668505590296204f,2.6918383728291415f,0f,0f,0f,1f], start_interpolation: 0, interpolation_duration: 1 }
$data merge entity $(bone_crest_left5) { transformation: [-0.5394031934200341f,-0.8354633347631372f,0.10509619971591509f,-0.9546565086243015f,-0.749515154828165f,0.5332556803854684f,0.39225681895862974f,4.415046554954876f,-0.38375933553619446f,0.13281338638514323f,-0.9138322476175424f,2.7087272501511075f,0f,0f,0f,1f], start_interpolation: 0, interpolation_duration: 1 }
$data merge entity $(bone_crest_left4) { transformation: [-0.5394031934200341f,-0.8354633347631372f,0.10509619971591509f,-0.5467154271969885f,-0.749515154828165f,0.5332556803854684f,0.39225681895862974f,4.154667804766659f,-0.38375933553619446f,0.13281338638514323f,-0.9138322476175424f,2.6438769638302366f,0f,0f,0f,1f], start_interpolation: 0, interpolation_duration: 1 }
$data merge entity $(bone_crest_left1) { transformation: [-0.5394031934200341f,-0.8354633347631372f,0.10509619971591509f,-0.09284858725019046f,-0.749515154828165f,0.5332556803854684f,0.39225681895862974f,3.8874043445478352f,-0.38375933553619446f,0.13281338638514323f,-0.9138322476175424f,2.5279209336615787f,0f,0f,0f,1f], start_interpolation: 0, interpolation_duration: 1 }
$data merge entity $(bone_crest_center1) { transformation: [-0.999985090999325f,0.0025036958625997497f,-0.004852760667838799f,0.004745082187846819f,0f,0.8886919099656744f,0.4585048409357986f,3.865708042430911f,0.00546056581974088f,0.45849800508681565f,-0.8886786604573887f,2.516194019609056f,0f,0f,0f,1f], start_interpolation: 0, interpolation_duration: 1 }
$data merge entity $(bone_crest_right5) { transformation: [-0.5351800020731665f,0.8368639622919626f,-0.11506986572496762f,0.9661921079574991f,0.749515154828165f,0.5332556803854684f,0.39225681895862974f,4.415046554954876f,0.38962725528879216f,0.123681396958588f,-0.9126299984015948f,2.698238173468853f,0f,0f,0f,1f], start_interpolation: 0, interpolation_duration: 1 }
$data merge entity $(bone_crest_right4) { transformation: [-0.5351800020731665f,0.8368639622919626f,-0.11506986572496762f,0.5575671263696267f,0.749515154828165f,0.5332556803854684f,0.39225681895862974f,4.154667804766659f,0.38962725528879216f,0.123681396958588f,-0.9126299984015948f,2.6378468663601673f,0f,0f,0f,1f], start_interpolation: 0, interpolation_duration: 1 }
$data merge entity $(bone_crest_right1) { transformation: [-0.5351800020731665f,0.8368639622919626f,-0.11506986572496762f,0.10246100083561518f,0.749515154828165f,0.5332556803854684f,0.39225681895862974f,3.8874043445478352f,0.38962725528879216f,0.123681396958588f,-0.9126299984015948f,2.5268544168999103f,0f,0f,0f,1f], start_interpolation: 0, interpolation_duration: 1 }
$data merge entity $(bone_head1) { transformation: [-0.999985090999325f,0.0025036958625997497f,-0.004852760667838799f,-0.0010104232340499225f,0f,0.8886919099656744f,0.4585048409357986f,4.272147294334278f,0.00546056581974088f,0.45849800508681565f,-0.8886786604573887f,1.462197089060999f,0f,0f,0f,1f], start_interpolation: 0, interpolation_duration: 1 }
$data merge entity $(bone_neck10) { transformation: [-1.3020639205720377f,0.0019484702049191688f,-0.006837920215911325f,-0.006466982449362493f,0f,1.2522365706482423f,0.35682569705049905f,4.150714632288286f,0.0071101117444542705f,0.35682037713594095f,-1.252217901052365f,0.4629457214204066f,0f,0f,0f,1f], start_interpolation: 0, interpolation_duration: 1 }
$data merge entity $(bone_neck9) { transformation: [-0.999985090999325f,0.0025036958625997497f,-0.004852760667838799f,-0.009408551382944266f,0f,0.8886919099656744f,0.4585048409357985f,3.0001045492783573f,0.00546056581974088f,0.45849800508681565f,-0.8886786604573887f,-0.07573931138231918f,0f,0f,0f,1f], start_interpolation: 0, interpolation_duration: 1 }
$data merge entity $(bone_neck8) { transformation: [-0.999985090999325f,-0.001432559369334254f,-0.0052693028689813435f,-0.008256614065987478f,0f,0.9649737853047964f,-0.2623463239203723f,2.379637247698303f,0.00546056581974088f,-0.2623424125988518f,-0.9649593985099799f,0.13521321272391224f,0f,0f,0f,1f], start_interpolation: 0, interpolation_duration: 1 }
$data merge entity $(bone_neck7) { transformation: [-0.999985090999325f,-0.0030743064016318287f,-0.004512916930390801f,-0.0056473434603195325f,0f,0.8264559167249363f,-0.5630014366858624f,1.717779012889915f,0.00546056581974088f,-0.5629930428970628f,-0.826443595093116f,0.613044959503322f,0f,0f,0f,1f], start_interpolation: 0, interpolation_duration: 1 }
$data merge entity $(bone_neck6) { transformation: [-0.999985090999325f,-0.0022167237169127686f,-0.004990382253354828f,-0.003928023091312327f,0f,0.9138947167917552f,-0.40595128601855385f,0.9869647308532179f,0.00546056581974088f,-0.4059452336905566f,-0.9138810915348056f,0.9279014766508893f,0f,0f,0f,1f], start_interpolation: 0, interpolation_duration: 1 }
$data merge entity $(bone_neck_spine6) { transformation: [-1.1006406328183496f,-0.08653613726784437f,-0.07773912691396535f,0.01905259697324896f,-0.06590137517368136f,-0.1456437444378341f,1.0951650953046788f,0.23567837743241127f,-0.095858665006365f,1.0937280622578214f,0.13968435735725673f,-1.1663326898181245f,0f,0f,0f,1f], start_interpolation: 0, interpolation_duration: 1 }
$data merge entity $(bone_neck_spine7) { transformation: [-0.995082685264754f,-0.09088148491828672f,-0.03938280316755445f,0.2842186297576482f,-0.05920709209259695f,0.2270256261126204f,0.9720873856470476f,0.609416668579601f,-0.0794038395307548f,0.9696390672756641f,-0.23129009810312723f,-4.337606535090734f,0f,0f,0f,1f], start_interpolation: 0, interpolation_duration: 1 }
$data merge entity $(bone_tail6) { transformation: [-1.407214072006079f,0.5112463616852311f,0.023874565874843143f,-0.34000520548345303f,0.5043290969284686f,1.373259439328313f,0.3193821472327936f,-1.4719436154959595f,0.08714929273042697f,0.3081881757033004f,-1.462743767998102f,-6.4690300204423234f,0f,0f,0f,1f], start_interpolation: 0, interpolation_duration: 1 }
$data merge entity $(bone_tail5) { transformation: [-1.1624811899180654f,0.4223339509573648f,0.019722467461826945f,-0.07326797329985393f,0.41661968876699584f,1.1344317107494761f,0.2638374259749165f,-0.7554604297594476f,0.07199289399470055f,0.25459023210272647f,-1.2083535474766929f,-6.308236189640601f,0f,0f,0f,1f], start_interpolation: 0, interpolation_duration: 1 }
$data merge entity $(bone_tail4) { transformation: [-0.9397742672179729f,0.3414236571950065f,0.015944057905982204f,0.06010064279194549f,0.33680412734005555f,0.9170984777427343f,0.21329172963024828f,-0.3972188368911921f,0.05820057114518949f,0.20581610342620413f,-0.9768584468022107f,-6.22783927423974f,0f,0f,0f,1f], start_interpolation: 0, interpolation_duration: 1 }
$data merge entity $(bone_segment18) { transformation: [-0.9397742672179729f,0.3293556457215101f,0.09137387649809864f,0.2209188291794016f,0.33680412734005555f,0.8468235276340037f,0.41164656302732006f,0.016269213711348762f,0.05820057114518949f,0.41762994585741675f,-0.906751300986938f,-6.0239184022390475f,0f,0f,0f,1f], start_interpolation: 0, interpolation_duration: 1 }
$data merge entity $(bone_segment17) { transformation: [-0.9829551434881935f,0.15555107083768258f,-0.09799515422384815f,0.31965730187910246f,-0.05315160275408068f,0.2698216109838207f,0.9614422527488421f,0.18754269724600056f,0.17599458234496282f,0.9502632070154805f,-0.25695475161568043f,-5.420723983723362f,0f,0f,0f,1f], start_interpolation: 0, interpolation_duration: 1 }
$data merge entity $(bone_segment16) { transformation: [-0.9980083796359217f,0.009098621832855824f,-0.06242186521744749f,0.3272098688302035f,-0.06191394342530905f,0.04821882730801639f,0.9969160487737008f,0.2275680910075376f,0.012080471266061044f,0.9987953543012614f,-0.04755946215221004f,-4.59164580876626f,0f,0f,0f,1f], start_interpolation: 0, interpolation_duration: 1 }
$data merge entity $(bone_segment15) { transformation: [-0.995082685264754f,-0.07759175390478662f,-0.061562725835249875f,0.24764801179892815f,-0.05920709209259695f,-0.03230481341774874f,0.9977228669705749f,0.19444303818660386f,-0.0794038395307548f,0.996461699593127f,0.027551978363643426f,-3.569883323831901f,0f,0f,0f,1f], start_interpolation: 0, interpolation_duration: 1 }
$data merge entity $(bone_segment14) { transformation: [-0.993266205513227f,-0.08950627376611014f,-0.07355862928210669f,0.1558691178004754f,-0.05459824193664565f,-0.19835963697879663f,0.9786074220008081f,-0.008953073949857449f,-0.10218256682420818f,0.976033852575896f,0.19213703875898072f,-2.569067361717946f,0f,0f,0f,1f], start_interpolation: 0, interpolation_duration: 1 }
$data merge entity $(bone_segment13) { transformation: [-0.9944611835346968f,-0.06480311823818405f,-0.0827496846482097f,0.08827662324413138f,-0.05954383074516151f,-0.3014214882582846f,0.9516299798957326f,-0.35597854471149104f,-0.08661112320575096f,0.9512863093111183f,0.2958933440519902f,-1.5544016377659924f,0f,0f,0f,1f], start_interpolation: 0, interpolation_duration: 1 }
$data merge entity $(bone_segment12) { transformation: [-0.9974844783348238f,-0.050377393542882176f,-0.049868163199882784f,0.029240615186066327f,-0.05505160851252268f,0.10737638571674912f,0.992693120853868f,-0.23014684269967567f,-0.04465462888983078f,0.9929413023992071f,-0.1098796346393544f,-0.39079854901692146f,0f,0f,0f,1f], start_interpolation: 0, interpolation_duration: 1 }
$data merge entity $(bone_segment11) { transformation: [-1.03482936590695f,-0.021304099136042944f,-0.014925841037737897f,-0.0012127296063165634f,-0.02503604040828123f,0.6545051091451847f,0.8015888726133787f,0.5260978553549284f,-0.007059890321887152f,0.8016967377861244f,-0.6548136837954682f,0.5356510529531587f,0f,0f,0f,1f], start_interpolation: 0, interpolation_duration: 1 }
$data merge entity $(bone_segment10) { transformation: [-0.999985090999325f,0.0024719461905200785f,-0.00486901027960464f,-0.0037885808181330393f,0f,0.8916677209534468f,0.4526904852210682f,1.3489745262214679f,0.00546056581974088f,0.45268373605831835f,-0.8916544270787933f,0.9534373274834609f,0f,0f,0f,1f], start_interpolation: 0, interpolation_duration: 1 }