# This file was generated by Animated Java via MC-Build. It is not recommended to edit this file directly.
$data merge entity $(bone_neck_spine5) { transformation: [-1.572174156582072f,0.0035017073634075096f,-0.016593823478437842f,0.09859328725537479f,0f,1.5383854385940516f,0.3246373944548441f,4.3938693556473405f,0.016959272746568384f,0.32461850828930106f,-1.5382959411961596f,-0.4438974721316755f,0f,0f,0f,1f], start_interpolation: 0, interpolation_duration: 1 }
$data merge entity $(bone_neck_spine2) { transformation: [-1.4973087205543538f,0.002406983055295643f,-0.0159713327084211f,0.006058154882970441f,0f,1.4806753672836444f,0.22314734684390078f,5.700822399334459f,0.016151688330065122f,0.22313436498227623f,-1.480589227237613f,1.3894037817274085f,0f,0f,0f,1f], start_interpolation: 0, interpolation_duration: 1 }
$data merge entity $(bone_scale_neck_left1) { transformation: [-1.5896451620530663f,0.424513718432064f,0.0766253382500559f,0.7903356252934319f,0.40965090402598864f,1.3939115405227847f,0.776048861132957f,4.814177535444119f,0.13516462713906915f,0.7680194013812746f,-1.4508383106018317f,1.213168205232135f,0f,0f,0f,1f], start_interpolation: 0, interpolation_duration: 1 }
$data merge entity $(bone_scale_neck_right1) { transformation: [-1.5921909967917753f,-0.4078473873947925f,-0.10790467630333349f,-0.7818385312886393f,-0.40965090402598864f,1.3939115405227847f,0.776048861132957f,4.814177535444119f,-0.10084169476746951f,0.7769982024627283f,-1.448847758325141f,1.2301274779787035f,0f,0f,0f,1f], start_interpolation: 0, interpolation_duration: 1 }
$data merge entity $(bone_blush_right1) { transformation: [-0.9999418238136902f,0.004882881749520526f,-0.009618027550961316f,-0.6454727092626664f,0f,0.8916711420741368f,0.4526837465518335f,4.1053977251936145f,0.010786518815208708f,0.45265741113785474f,-0.8916192680476485f,2.4189014236955404f,0f,0f,0f,1f], start_interpolation: 0, interpolation_duration: 1 }
$data merge entity $(bone_blush_left1) { transformation: [-0.9999418238136902f,0.004882881749520526f,-0.009618027550961316f,0.6796455084279367f,0f,0.8916711420741368f,0.4526837465518335f,4.1053977251936145f,0.010786518815208708f,0.45265741113785474f,-0.8916192680476485f,2.404607179523433f,0f,0f,0f,1f], start_interpolation: 0, interpolation_duration: 1 }
$data merge entity $(bone_left_head_scales) { transformation: [-0.8825181193870193f,0.004882881749520526f,-0.4702530450931914f,0.6906592086157906f,-0.2090260922043487f,0.8916711420741368f,0.4015353871951808f,4.934235016880656f,0.4212717195960085f,0.45265741113785474f,-0.7858952897241447f,2.384451529591785f,0f,0f,0f,1f], start_interpolation: 0, interpolation_duration: 1 }
$data merge entity $(bone_left_head_scales2) { transformation: [-0.8135877151796407f,0.004882881749520526f,-0.5814216947918197f,0.6878924689116713f,-0.2596487301412408f,0.8916711420741368f,0.3708168164043343f,4.056866465134175f,0.5202476012869383f,0.45265741113785474f,-0.7241848531260249f,2.1279666716732235f,0f,0f,0f,1f], start_interpolation: 0, interpolation_duration: 1 }
$data merge entity $(bone_left_head_scales1) { transformation: [-0.9999418238136902f,0.004882881749520526f,-0.009618027550961316f,0.6901108381068112f,0f,0.8916711420741368f,0.4526837465518335f,4.834096167917252f,0.010786518815208708f,0.45265741113785474f,-0.8916192680476485f,2.3336159804893892f,0f,0f,0f,1f], start_interpolation: 0, interpolation_duration: 1 }
$data merge entity $(bone_right_head_scales) { transformation: [-0.8914003411544447f,0.004882881749520526f,0.45319045583017276f,-0.6569186398831279f,0.2090260922043487f,0.8916711420741368f,0.4015353871951808f,4.934235016880656f,-0.4021362015132668f,0.45265741113785474f,-0.7958566099332571f,2.3989880490888438f,0f,0f,0f,1f], start_interpolation: 0, interpolation_duration: 1 }
$data merge entity $(bone_right_head_scales2) { transformation: [-0.8246210631144537f,0.004882881749520526f,0.5656644409310242f,-0.6596853795872472f,0.2596487301412408f,0.8916711420741368f,0.3708168164043343f,4.056866465134175f,-0.5025760034104584f,0.45265741113785474f,-0.7365586391713468f,2.1425031911702823f,0f,0f,0f,1f], start_interpolation: 0, interpolation_duration: 1 }
$data merge entity $(bone_right_head_scales1) { transformation: [-0.9999418238136902f,0.004882881749520526f,-0.009618027550961316f,-0.6574670103921073f,0f,0.8916711420741368f,0.4526837465518335f,4.834096167917252f,0.010786518815208708f,0.45265741113785474f,-0.8916192680476485f,2.348152499986448f,0f,0f,0f,1f], start_interpolation: 0, interpolation_duration: 1 }
$data merge entity $(bone_head_left_fin1) { transformation: [-0.7191665285789683f,0.02319277688722136f,-0.7621920999965225f,0.6872443417255449f,-0.08378904568271527f,1.0389446674644913f,0.11067326594914859f,4.496704522085207f,0.7579275018235118f,0.13686223391619282f,-0.7109780790799485f,2.0678833870045343f,0f,0f,0f,1f], start_interpolation: 0, interpolation_duration: 1 }
$data merge entity $(bone_head_right_fin1) { transformation: [-0.7353490272740102f,-0.020235017619693058f,0.7466776748867423f,-0.6603335067733735f,0.08378904568271527f,1.0389446674644913f,0.11067326594914859f,4.496704522085207f,-0.7422374296247263f,0.13733069589207592f,-0.727254478195254f,2.082419906501593f,0f,0f,0f,1f], start_interpolation: 0, interpolation_duration: 1 }
$data merge entity $(bone_right_whisker16) { transformation: [0.25746808115611847f,0.915944478126427f,-0.30782446325055723f,-1.186600755694035f,0.953153583759863f,-0.29308091558568206f,-0.07484532507236262f,1.7598411378599785f,-0.1587716377427525f,-0.27413370808633775f,-0.9484947428105855f,2.1506842006276186f,0f,0f,0f,1f], start_interpolation: 0, interpolation_duration: 1 }
$data merge entity $(bone_right_whisker15) { transformation: [-0.8745021178906512f,0.37482015104483346f,-0.30782446325055723f,-0.8919686944906418f,0.4149850756132266f,0.9067444867949827f,-0.07484532507236262f,1.6200268301582568f,0.2510645989044449f,-0.19319495344762883f,-0.9484947428105855f,2.066097006660789f,0f,0f,0f,1f], start_interpolation: 0, interpolation_duration: 1 }
$data merge entity $(bone_right_whisker14) { transformation: [-0.709282986581693f,-0.6341622385243859f,-0.30782446325055723f,-0.6530012820192709f,-0.6464093179308492f,0.7593109843845184f,-0.07484532507236262f,1.837811219500193f,0.2811985750993915f,0.1458940856332194f,-0.9484947428105855f,1.9713572523548415f,0f,0f,0f,1f], start_interpolation: 0, interpolation_duration: 1 }
$data merge entity $(bone_right_whisker13) { transformation: [-0.09535870223047434f,-0.9921995406965427f,-0.0802919009022045f,-0.6208735942560739f,-0.9887537275384382f,0.08507416463701326f,0.1229977755496344f,2.170936254657186f,-0.11520757001067078f,0.09111782456184983f,-0.9891535562587602f,2.0101723027978897f,0f,0f,0f,1f], start_interpolation: 0, interpolation_duration: 1 }
$data merge entity $(bone_right_whisker12) { transformation: [0.06349536268921563f,-0.9963098723321044f,-0.05774926155848927f,-0.64939690171412f,-0.9392068167104212f,-0.07922093149498477f,0.33408771222202155f,2.5928455668513206f,-0.33742983620545813f,0.03302547965817859f,-0.9407711854280534f,2.1617521120308103f,0f,0f,0f,1f], start_interpolation: 0, interpolation_duration: 1 }
$data merge entity $(bone_right_whisker11) { transformation: [0.29171599979992124f,-0.9558279119758872f,-0.035983025839249796f,-0.780441198499241f,-0.9554391185263457f,-0.2929601302927921f,0.03620017746406706f,3.0220467333768277f,-0.0451427319768313f,0.0238194195278986f,-0.998696534990996f,2.1820310736610273f,0f,0f,0f,1f], start_interpolation: 0, interpolation_duration: 1 }
$data merge entity $(bone_right_whisker10) { transformation: [0.07274973471319035f,-0.9944010852536231f,0.07664174936402006f,-0.8131217433899319f,-0.9747782661764566f,-0.0871493384616548f,-0.20545638124847157f,3.4599354076357827f,0.2109853262413805f,-0.05976181433083165f,-0.9756606570210286f,2.087252509138532f,0f,0f,0f,1f], start_interpolation: 0, interpolation_duration: 1 }
$data merge entity $(bone_right_whisker1) { transformation: [-0.34093386090508065f,-0.9389507660199845f,0.04621213562301215f,-0.6599678605614777f,-0.9378582944431183f,0.3430973996162279f,0.05201916878255336f,3.881238938342652f,-0.06469870193906929f,-0.02560533864386333f,-0.9975762851032157f,2.1163163791502235f,0f,0f,0f,1f], start_interpolation: 0, interpolation_duration: 1 }
$data merge entity $(bone_left_whisker16) { transformation: [0.2608331561060495f,-0.9216448924523128f,0.2872921107380469f,1.2148617118341645f,-0.953153583759863f,-0.29308091558568206f,-0.07484532507236262f,1.7598411378599785f,0.153180646432526f,-0.25431136257749726f,-0.9549143524015595f,2.12477927348774f,0f,0f,0f,1f], start_interpolation: 0, interpolation_duration: 1 }
$data merge entity $(bone_left_whisker15) { transformation: [-0.8797145339620027f,-0.3789004906881148f,0.2872921107380469f,0.9184735143567319f,-0.4149850756132266f,0.9067444867949827f,-0.07484532507236262f,1.6200268301582568f,-0.23214160711578802f,-0.18506445856297998f,-0.9549143524015595f,2.046567501559081f,0f,0f,0f,1f], start_interpolation: 0, interpolation_duration: 1 }
$data merge entity $(bone_left_whisker14) { transformation: [-0.7151838923936971f,0.6371618657517715f,0.2872921107380469f,0.6775180037358088f,0.6464093179308492f,0.7593109843845184f,-0.07484532507236262f,1.837811219500193f,-0.2658326423763169f,0.13218012643637103f,-0.9549143524015595f,1.9570047460709665f,0f,0f,0f,1f], start_interpolation: 0, interpolation_duration: 1 }
$data merge entity $(bone_left_whisker13) { transformation: [-0.0928512798000629f,0.9939342317731634f,0.05893541167228732f,0.6462351018500454f,0.9887537275384382f,0.08507416463701326f,0.1229977755496344f,2.170936254657186f,0.11723781863517552f,0.0696931088473309f,-0.9906554216582371f,1.9965038158259818f,0f,0f,0f,1f], start_interpolation: 0, interpolation_duration: 1 }
$data merge entity $(bone_left_whisker12) { transformation: [0.07075955051395091f,0.9967904515082711f,0.03744171194003926f,0.6780216186824843f,0.9392068167104212f,-0.07922093149498477f,0.33408771222202155f,2.5928455668513206f,0.33598160880581096f,0.0115256147343284f,-0.9417980243923081f,2.1474330541567173f,0f,0f,0f,1f], start_interpolation: 0, interpolation_duration: 1 }
$data merge entity $(bone_left_whisker11) { transformation: [0.29262192727698755f,0.9561193200946335f,0.014430988132387107f,0.8094728750764437f,0.9554391185263457f,-0.2929601302927921f,0.03620017746406706f,3.0220467333768277f,0.03883939322776672f,0.003194964883367818f,-0.9992403583388196f,2.164880437833253f,0f,0f,0f,1f], start_interpolation: 0, interpolation_duration: 1 }
$data merge entity $(bone_left_whisker10) { transformation: [0.06818147640907776f,0.9928805212673227f,-0.0976706545621962f,0.8401012726820841f,0.9747782661764566f,-0.0871493384616548f,-0.20545638124847157f,3.4599354076357827f,-0.21250557184389246f,-0.08119891189927009f,-0.9737803236057272f,2.0694189504815044f,0f,0f,0f,1f], start_interpolation: 0, interpolation_duration: 1 }
$data merge entity $(bone_left_whisker1) { transformation: [-0.339458859953293f,0.9381799212784299f,-0.06772088089511134f,0.6876099879374408f,0.9378582944431183f,0.3430973996162279f,0.05201916878255336f,3.881238938342652f,0.07203819780821824f,-0.04585422212383122f,-0.9963472729776311f,2.1017798596531647f,0f,0f,0f,1f], start_interpolation: 0, interpolation_duration: 1 }
$data merge entity $(bone_upper_left_tooth1) { transformation: [-0.9999418238136902f,0.004026034575309821f,-0.010006999237996445f,0.3336148937061158f,0f,0.9277320523361844f,0.37324688755312f,3.849079125334067f,0.010786518815208708f,0.3732251734726502f,-0.9276780804234621f,3.123063351756046f,0f,0f,0f,1f], start_interpolation: 0, interpolation_duration: 1 }
$data merge entity $(bone_upper_right_tooth1) { transformation: [-0.9999418238136902f,0.004026034575309821f,-0.010006999237996445f,-0.34017403054334344f,0f,0.9277320523361844f,0.37324688755312f,3.849079125334067f,0.010786518815208708f,0.3732251734726502f,-0.9276780804234621f,3.1303316115045754f,0f,0f,0f,1f], start_interpolation: 0, interpolation_duration: 1 }
$data merge entity $(bone_top_lip1) { transformation: [-0.9999418238136902f,-0.00142497946706099f,-0.010691979314855885f,0.025292686256202016f,0f,0.9912354020817609f,-0.13210744740479274f,3.9636866493775504f,0.010786518815208708f,-0.1320997618973196f,-0.9911777357863325f,3.172501063719094f,0f,0f,0f,1f], start_interpolation: 0, interpolation_duration: 1 }
$data merge entity $(bone_muzzle1) { transformation: [-0.9999418238136902f,0.004026034575309821f,-0.010006999237996445f,0.02035173547728892f,0f,0.9277320523361844f,0.37324688755312f,4.329556512044578f,0.010786518815208708f,0.3732251734726502f,-0.9276780804234621f,2.714460483817279f,0f,0f,0f,1f], start_interpolation: 0, interpolation_duration: 1 }
$data merge entity $(bone_jaw_right_tooth1) { transformation: [-0.9999418238136902f,-0.0014358329863495799f,-0.01069052719870082f,-0.34053287950405625f,0f,0.9911007788376963f,-0.13311365890588306f,3.605840730175674f,0.010786518815208708f,-0.1331059148608622f,-0.9910431203741348f,3.097065263909386f,0f,0f,0f,1f], start_interpolation: 0, interpolation_duration: 1 }
$data merge entity $(bone_jaw_left_tooth1) { transformation: [-0.9999418238136902f,-0.0014358329863495799f,-0.01069052719870082f,0.38940512176619124f,0f,0.9911007788376963f,-0.13311365890588306f,3.605840730175674f,0.010786518815208708f,-0.1331059148608622f,-0.9910431203741348f,3.0891913158484794f,0f,0f,0f,1f], start_interpolation: 0, interpolation_duration: 1 }
$data merge entity $(bone_tongue1) { transformation: [-0.9999418238136902f,0.0040827639105059646f,-0.00998398853174029f,0.016529406118272638f,0f,0.9255987684982411f,0.3785061687139849f,3.906048801327543f,0.010786518815208708f,0.37848414866859437f,-0.9255449206918367f,2.3601193793376485f,0f,0f,0f,1f], start_interpolation: 0, interpolation_duration: 1 }
$data merge entity $(bone_jaw_lips1) { transformation: [-0.9999418238136902f,0.0040827639105059646f,-0.00998398853174029f,0.0811211837489181f,0f,0.9255987684982411f,0.3785061687139849f,3.4464435554970634f,0.010786518815208708f,0.37848414866859437f,-0.9255449206918367f,3.142176716081164f,0f,0f,0f,1f], start_interpolation: 0, interpolation_duration: 1 }
$data merge entity $(bone_jaw3) { transformation: [-0.9999418238136902f,0.000442371109365413f,-0.010777443850582121f,0.07140106361853638f,0f,0.999158675307385f,0.041011480807105094f,3.3991317966170653f,0.010786518815208708f,0.04100909491555682f,-0.9991005480661372f,2.241093167498489f,0f,0f,0f,1f], start_interpolation: 0, interpolation_duration: 1 }
$data merge entity $(bone_jaw1) { transformation: [-0.9999418238136902f,0.007933607241837174f,-0.007308000019370575f,0.06483528235113312f,0f,0.6775123786060138f,0.7355113709764258f,4.059942793978698f,0.010786518815208708f,0.735468581729875f,-0.6774729635196488f,1.6324260518363043f,0f,0f,0f,1f], start_interpolation: 0, interpolation_duration: 1 }
$data merge entity $(bone_tear_right1) { transformation: [-0.9999418238136902f,0.004882881749520526f,-0.009618027550961316f,-0.586432200839821f,0f,0.8916711420741368f,0.4526837465518335f,4.41012904054198f,0.010786518815208708f,0.45265741113785474f,-0.8916192680476485f,2.686339878181911f,0f,0f,0f,1f], start_interpolation: 0, interpolation_duration: 1 }
$data merge entity $(bone_right_pupil1) { transformation: [-0.9999418238136902f,0.004882881749520526f,-0.009618027550961316f,-0.39994414576924703f,0f,0.8916711420741368f,0.4526837465518335f,4.479764785489684f,0.010786518815208708f,0.45265741113785474f,-0.8916192680476485f,2.7952564736901087f,0f,0f,0f,1f], start_interpolation: 0, interpolation_duration: 1 }
$data merge entity $(bone_right_sad_pupil1) { transformation: [-0.9999418238136902f,0.004882881749520526f,-0.009618027550961316f,-0.4000521607270947f,0f,0.8916711420741368f,0.4526837465518335f,4.484848636158968f,0.010786518815208708f,0.45265741113785474f,-0.8916192680476485f,2.7852431713634016f,0f,0f,0f,1f], start_interpolation: 0, interpolation_duration: 1 }
$data merge entity $(bone_right_happy_pupil1) { transformation: [-0.9999418238136902f,0.004882881749520526f,-0.009618027550961316f,-0.4282634307558551f,0f,0.8916711420741368f,0.4526837465518335f,4.459814244362433f,0.010786518815208708f,0.45265741113785474f,-0.8916192680476485f,2.772837287041343f,0f,0f,0f,1f], start_interpolation: 0, interpolation_duration: 1 }
$data merge entity $(bone_eyelid_right1) { transformation: [-0.9999418238136902f,0.004882881749520526f,-0.009618027550961316f,0.02662115854019271f,0f,0.8916711420741368f,0.4526837465518335f,4.68897174514143f,0.010786518815208708f,0.45265741113785474f,-0.8916192680476485f,2.2544964765951425f,0f,0f,0f,1f], start_interpolation: 0, interpolation_duration: 1 }
$data merge entity $(bone_eyelid_expressions_right5) { transformation: [-0.9999418238136902f,0.004882881749520526f,-0.009618027550961316f,-0.5286463080118353f,0f,0.8916711420741368f,0.4526837465518335f,4.5849874851223715f,0.010786518815208708f,0.45265741113785474f,-0.8916192680476485f,2.8374717997078602f,0f,0f,0f,1f], start_interpolation: 0, interpolation_duration: 1 }
$data merge entity $(bone_eyelid_expressions_right7) { transformation: [-0.9999418238136902f,0.004882881749520526f,-0.009618027550961316f,-0.1917518458871058f,0f,0.8916711420741368f,0.4526837465518335f,4.5849874851223715f,0.010786518815208708f,0.45265741113785474f,-0.8916192680476485f,2.8338376698335956f,0f,0f,0f,1f], start_interpolation: 0, interpolation_duration: 1 }
$data merge entity $(bone_eyelid_expressions_right6) { transformation: [-0.9999418238136902f,0.004882881749520526f,-0.009618027550961316f,-0.30404999992868237f,0f,0.8916711420741368f,0.4526837465518335f,4.5849874851223715f,0.010786518815208708f,0.45265741113785474f,-0.8916192680476485f,2.8350490464583507f,0f,0f,0f,1f], start_interpolation: 0, interpolation_duration: 1 }
$data merge entity $(bone_right_eye1) { transformation: [-0.9999418238136902f,0.004882881749520526f,-0.009618027550961316f,0.015499358093882767f,0f,0.8916711420741368f,0.4526837465518335f,4.6838878944721465f,0.010786518815208708f,0.45265741113785474f,-0.8916192680476485f,2.264630916584325f,0f,0f,0f,1f], start_interpolation: 0, interpolation_duration: 1 }
$data merge entity $(bone_tear_left1) { transformation: [-0.9999418238136902f,0.004882881749520526f,-0.009618027550961316f,0.6263878628092058f,0f,0.8916711420741368f,0.4526837465518335f,4.41012904054198f,0.010786518815208708f,0.45265741113785474f,-0.8916192680476485f,2.673257010634558f,0f,0f,0f,1f], start_interpolation: 0, interpolation_duration: 1 }
$data merge entity $(bone_left_sad_pupil1) { transformation: [-0.9999418238136902f,0.004882881749520526f,-0.009618027550961316f,0.4421839945847293f,0f,0.8916711420741368f,0.4526837465518335f,4.484848636158968f,0.010786518815208708f,0.45265741113785474f,-0.8916192680476485f,2.77615784667774f,0f,0f,0f,1f], start_interpolation: 0, interpolation_duration: 1 }
$data merge entity $(bone_left_pupil1) { transformation: [-0.9999418238136902f,0.004882881749520526f,-0.009618027550961316f,0.44229200954257697f,0f,0.8916711420741368f,0.4526837465518335f,4.479764785489684f,0.010786518815208708f,0.45265741113785474f,-0.8916192680476485f,2.786171149004447f,0f,0f,0f,1f], start_interpolation: 0, interpolation_duration: 1 }
$data merge entity $(bone_eyelid_left1) { transformation: [-0.9999418238136902f,0.004882881749520526f,-0.009618027550961316f,0.004161527731877402f,0f,0.8916711420741368f,0.4526837465518335f,4.68897174514143f,0.010786518815208708f,0.45265741113785474f,-0.8916192680476485f,2.2547387519200934f,0f,0f,0f,1f], start_interpolation: 0, interpolation_duration: 1 }
$data merge entity $(bone_left_happy_pupil1) { transformation: [-0.9999418238136902f,0.004882881749520526f,-0.009618027550961316f,0.47012180157675715f,0f,0.8916711420741368f,0.4526837465518335f,4.459814244362433f,0.010786518815208708f,0.45265741113785474f,-0.8916192680476485f,2.7631462740433044f,0f,0f,0f,1f], start_interpolation: 0, interpolation_duration: 1 }
$data merge entity $(bone_eyelid_expressions_left5) { transformation: [-0.9999418238136902f,0.004882881749520526f,-0.009618027550961316f,0.5718756015956147f,0f,0.8916711420741368f,0.4526837465518335f,4.5849874851223715f,0.010786518815208708f,0.45265741113785474f,-0.8916192680476485f,2.8256003087852624f,0f,0f,0f,1f], start_interpolation: 0, interpolation_duration: 1 }
$data merge entity $(bone_eyelid_expressions_left7) { transformation: [-0.9999418238136902f,0.004882881749520526f,-0.009618027550961316f,0.23498113947088495f,0f,0.8916711420741368f,0.4526837465518335f,4.5849874851223715f,0.010786518815208708f,0.45265741113785474f,-0.8916192680476485f,2.829234438659527f,0f,0f,0f,1f], start_interpolation: 0, interpolation_duration: 1 }
$data merge entity $(bone_eyelid_expressions_left6) { transformation: [-0.9999418238136902f,0.004882881749520526f,-0.009618027550961316f,0.3472792935124615f,0f,0.8916711420741368f,0.4526837465518335f,4.5849874851223715f,0.010786518815208708f,0.45265741113785474f,-0.8916192680476485f,2.828023062034772f,0f,0f,0f,1f], start_interpolation: 0, interpolation_duration: 1 }
$data merge entity $(bone_left_eye1) { transformation: [-0.9999418238136902f,0.004882881749520526f,-0.009618027550961316f,0.015499358093882767f,0f,0.8916711420741368f,0.4526837465518335f,4.6838878944721465f,0.010786518815208708f,0.45265741113785474f,-0.8916192680476485f,2.264630916584325f,0f,0f,0f,1f], start_interpolation: 0, interpolation_duration: 1 }
$data merge entity $(bone_crest_middle5) { transformation: [-0.9999418238136902f,0.00268541578531958f,-0.010446890935144676f,0.026850991719662407f,0f,0.9685136710107833f,0.2489603764963735f,5.703661505514337f,0.010786518815208708f,0.24894589293112673f,-0.9684573265790152f,3.3169605352025524f,0f,0f,0f,1f], start_interpolation: 0, interpolation_duration: 1 }
$data merge entity $(bone_crest_middle4) { transformation: [-0.9999418238136902f,0.00268541578531958f,-0.010446890935144676f,0.025041483036195113f,0f,0.9685136710107833f,0.2489603764963735f,5.051049754540275f,0.010786518815208708f,0.24894589293112673f,-0.9684573265790152f,3.1492137909423206f,0f,0f,0f,1f], start_interpolation: 0, interpolation_duration: 1 }
$data merge entity $(bone_crest_middle1) { transformation: [-0.9999418238136902f,0.00268541578531958f,-0.010446890935144676f,0.024564281394309575f,0f,0.9685136710107833f,0.2489603764963735f,4.540621288877862f,0.010786518815208708f,0.24894589293112673f,-0.9684573265790152f,3.1049758038504045f,0f,0f,0f,1f], start_interpolation: 0, interpolation_duration: 1 }
$data merge entity $(bone_crest_left5) { transformation: [-0.5413865310031659f,-0.8347817486105379f,0.10020008101339355f,-1.0797699831489982f,-0.7520278137035332f,0.5340829207913261f,0.38627658631515577f,5.0870955305660575f,-0.37597179610263587f,0.1337716932154879f,-0.9169243930824501f,3.1267069117575894f,0f,0f,0f,1f], start_interpolation: 0, interpolation_duration: 1 }
$data merge entity $(bone_crest_left4) { transformation: [-0.5413865310031659f,-0.8347817486105379f,0.10020008101339355f,-0.611020466106948f,-0.7520278137035332f,0.5340829207913261f,0.38627658631515577f,4.787195452973272f,-0.37597179610263587f,0.1337716932154879f,-0.9169243930824501f,3.051590970743033f,0f,0f,0f,1f], start_interpolation: 0, interpolation_duration: 1 }
$data merge entity $(bone_crest_left1) { transformation: [-0.5413865310031659f,-0.8347817486105379f,0.10020008101339355f,-0.08976952796785181f,-0.7520278137035332f,0.5340829207913261f,0.38627658631515577f,4.478995703278553f,-0.37597179610263587f,0.1337716932154879f,-0.9169243930824501f,2.9174759819138956f,0f,0f,0f,1f], start_interpolation: 0, interpolation_duration: 1 }
$data merge entity $(bone_crest_center1) { transformation: [-0.9999418238136902f,0.004882881749520526f,-0.009618027550961316f,0.022391535201265515f,0f,0.8916711420741368f,0.4526837465518335f,4.4539613114820185f,0.010786518815208708f,0.45265741113785474f,-0.8916192680476485f,2.903555880687299f,0f,0f,0f,1f], start_interpolation: 0, interpolation_duration: 1 }
$data merge entity $(bone_crest_right5) { transformation: [-0.533150169606243f,0.837473190470173f,-0.11995645831944053f,1.1291103483243843f,0.7520278137035332f,0.5340829207913261f,0.38627658631515577f,5.087095530566057f,0.38756298077231044f,0.115732834419258f,-0.9145495322683f,3.1028793963076295f,0f,0f,0f,1f], start_interpolation: 0, interpolation_duration: 1 }
$data merge entity $(bone_crest_right4) { transformation: [-0.533150169606243f,0.837473190470173f,-0.11995645831944053f,0.6588495235974804f,0.7520278137035332f,0.5340829207913261f,0.38627658631515577f,4.787195452973271f,0.38756298077231044f,0.115732834419258f,-0.9145495322683f,3.0378926972929094f,0f,0f,0f,1f], start_interpolation: 0, interpolation_duration: 1 }
$data merge entity $(bone_crest_right1) { transformation: [-0.533150169606243f,0.837473190470173f,-0.11995645831944053f,0.13482678011530125f,0.7520278137035332f,0.5340829207913261f,0.38627658631515577f,4.478995703278552f,0.38756298077231044f,0.115732834419258f,-0.9145495322683f,2.915053228664386f,0f,0f,0f,1f], start_interpolation: 0, interpolation_duration: 1 }
$data merge entity $(bone_head1) { transformation: [-1.0481161043880471f,0.005118124750473986f,-0.01008139606578627f,0.009284350157769036f,0f,0.9346292569917705f,0.47449272913310653f,4.913430256801025f,0.01130618183104558f,0.4744651249556939f,-0.9345748838259852f,1.6884815140642428f,0f,0f,0f,1f], start_interpolation: 0, interpolation_duration: 1 }
$data merge entity $(bone_neck10) { transformation: [-1.4973087205543538f,0.00447106822469647f,-0.015520521410109636f,-0.0031153418143430225f,0f,1.4388814107686072f,0.4145052079631453f,4.777100794244184f,0.016151688330065122f,0.41448109363094043f,-1.4387977021355767f,0.5389938232033622f,0f,0f,0f,1f], start_interpolation: 0, interpolation_duration: 1 }
$data merge entity $(bone_neck9) { transformation: [-1.1454411712240813f,0.0055933791915894334f,-0.011017525700466435f,-0.009704083641836104f,0f,1.0214162594267218f,0.5185527682668956f,3.4498765043735147f,0.012356041572499825f,0.5185226008444375f,-1.0213568373241135f,-0.07180180349424853f,0f,0f,0f,1f], start_interpolation: 0, interpolation_duration: 1 }
$data merge entity $(bone_neck8) { transformation: [-1.0630891915935914f,-0.003080806719586645f,-0.011046118945564919f,-0.0070577297247415155f,0f,1.0240670910424017f,-0.2856164043623406f,2.6947899831534112f,0.011467698714346239f,-0.28559978828918736f,-1.0240075147245196f,0.17352294007222946f,0f,0f,0f,1f], start_interpolation: 0, interpolation_duration: 1 }
$data merge entity $(bone_neck7) { transformation: [-1.0556026479908194f,-0.006436895302760158f,-0.009393018025919481f,-0.0010352381127768573f,0f,0.8708108878163332f,-0.5967537268543308f,1.9194649309459217f,0.011386940272695911f,-0.5967190099983363f,-0.8707602273598831f,0.7318255166068877f,0f,0f,0f,1f], start_interpolation: 0, interpolation_duration: 1 }
$data merge entity $(bone_neck6) { transformation: [-1.049613413108602f,-0.004569838525252374f,-0.01035914147876631f,0.0029148053632529654f,0f,0.9603785666382179f,-0.4236620362455607f,1.0672271775094346f,0.01132233351937565f,-0.42363738920400773f,-0.9603226954757973f,1.0980060930497244f,0f,0f,0f,1f], start_interpolation: 0, interpolation_duration: 1 }
$data merge entity $(bone_neck_spine6) { transformation: [-1.265072487281782f,-0.10736432756188115f,-0.089721076713228f,0.005027323466423705f,-0.07536193391994288f,-0.16480397483737866f,1.2598196685678298f,0.13678604029977504f,-0.11788786771861652f,1.2574966876941251f,0.15744808541158042f,-1.322107047963287f,0f,0f,0f,1f], start_interpolation: 0, interpolation_duration: 1 }
$data merge entity $(bone_neck_spine7) { transformation: [-0.9915914381666372f,-0.12730263320390547f,-0.0232477812698834f,0.38322825213131684f,-0.050355232400362555f,0.21408209141920453f,0.9755168930897533f,0.5799808210557654f,-0.11920893559010551f,0.968484846403356f,-0.2186923225962511f,-4.954613435895699f,0f,0f,0f,1f], start_interpolation: 0, interpolation_duration: 1 }
$data merge entity $(bone_tail6) { transformation: [-1.6317235408946094f,0.5371514758827576f,0.11936714612682289f,-0.16527252233920184f,0.5495291866300605f,1.571590825830188f,0.43979755198866155f,-1.7390805838199674f,0.02824706461193905f,0.4548323929212727f,-1.660611795458965f,-7.534881971837653f,0f,0f,0f,1f], start_interpolation: 0, interpolation_duration: 1 }
$data merge entity $(bone_tail5) { transformation: [-1.3479455337825033f,0.4437338279031475f,0.09860764245259282f,0.11498042159962815f,0.45395889330309347f,1.2982706822075467f,0.3633110212080247f,-0.9191201529520432f,0.02333453163594965f,0.37573110719583397f,-1.371809744074797f,-7.297578114661337f,0f,0f,0f,1f], start_interpolation: 0, interpolation_duration: 1 }
$data merge entity $(bone_tail4) { transformation: [-0.9932230248923708f,0.32696176792863496f,0.07265826285980523f,0.25510689356904315f,0.3344960266443846f,0.9566205026792447f,0.26770285773222874f,-0.5091399375180812f,0.0171938654159629f,0.2768545000390355f,-1.0108071798445872f,-7.178926186073179f,0f,0f,0f,1f], start_interpolation: 0, interpolation_duration: 1 }
$data merge entity $(bone_segment18) { transformation: [-0.9475717802699886f,0.28799225312396676f,0.13844920865265392f,0.41682129351658304f,0.3191216751091769f,0.8306434849106389f,0.45628144543803484f,-0.042714152534079786f,0.016403588371999386f,0.47654156494065725f,-0.8789988960018278f,-6.9113369284160715f,0f,0f,0f,1f], start_interpolation: 0, interpolation_duration: 1 }
$data merge entity $(bone_segment17) { transformation: [-0.9928713452955396f,0.09413103937696425f,-0.07311524544743342f,0.4855351137649042f,-0.049798890902823696f,0.22971120549185114f,0.9719839672218517f,0.12497054092798948f,0.10828925226390052f,0.9686960872726254f,-0.22338605226565134f,-6.204207704552509f,0f,0f,0f,1f], start_interpolation: 0, interpolation_duration: 1 }
$data merge entity $(bone_segment16) { transformation: [-0.9975235469061728f,-0.04670472191155837f,-0.05258747302250631f,0.44095126057296247f,-0.053595372502945715f,0.02059590458768773f,0.9983503116444076f,0.14463118227024024f,-0.045544587098790584f,0.9986963891320423f,-0.023048056764547686f,-5.250862274497263f,0f,0f,0f,1f], start_interpolation: 0, interpolation_duration: 1 }
$data merge entity $(bone_segment15) { transformation: [-0.9915914381666372f,-0.11694793261723309f,-0.05540397829737091f,0.3030463497962936f,-0.050355232400362555f,-0.04569492970308078f,0.9976854834913337f,0.09074775686353123f,-0.11920893559010551f,0.9920862636162171f,0.0394217607355187f,-4.080994927508413f,0f,0f,0f,1f], start_interpolation: 0, interpolation_duration: 1 }
$data merge entity $(bone_segment14) { transformation: [-1.0388768319383226f,-0.11633681873685832f,-0.07665422814922825f,0.17216742871732799f,-0.05187681635633336f,-0.2122199126329831f,1.0251569161020924f,-0.14799964484857475f,-0.129301670568086f,1.019854720689868f,0.2045791404324152f,-2.9336583667323115f,0f,0f,0f,1f], start_interpolation: 0, interpolation_duration: 1 }
$data merge entity $(bone_segment13) { transformation: [-1.019499592691789f,-0.07265297021948991f,-0.0862307267901083f,0.08702597616384028f,-0.06073285262960102f,-0.3070940599073469f,0.9767795917218386f,-0.54459377965331f,-0.09500375222029685f,0.9759653662456966f,0.30093105983955165f,-1.7664626849744098f,0f,0f,0f,1f], start_interpolation: 0, interpolation_duration: 1 }
$data merge entity $(bone_segment12) { transformation: [-1.1131103578810673f,-0.05037907272878936f,-0.054047769616756294f,0.02616535139080615f,-0.05941418397578081f,0.12521359946572838f,1.1069170657474772f,-0.3933290286208865f,-0.04392228491381891f,1.1073650638933397f,-0.12762182159852525f,-0.4287062319488987f,0f,0f,0f,1f], start_interpolation: 0, interpolation_duration: 1 }
$data merge entity $(bone_segment11) { transformation: [-1.1901716000916012f,-0.01553430497261002f,-0.019315501178137365f,0.002100868851534832f,-0.024785967362350055f,0.7549473268344357f,0.9200885992168362f,0.4790066241746679f,0.00024297871758705505f,0.9202912908182415f,-0.755107092991971f,0.6348394741128821f,0f,0f,0f,1f], start_interpolation: 0, interpolation_duration: 1 }
$data merge entity $(bone_segment10) { transformation: [-1.0481161043880476f,0.0051218426517267044f,-0.010079507698673508f,0.003162172624372595f,0f,0.9344541896558569f,0.47483740949907205f,1.4355884847385476f,0.011306181831045585f,0.47480978526947015f,-0.9343998266748217f,1.1209377612249096f,0f,0f,0f,1f], start_interpolation: 0, interpolation_duration: 1 }