# This file was generated by Animated Java via MC-Build. It is not recommended to edit this file directly.
$data merge entity $(bone_neck_spine5) { transformation: [-1.572125348954774f,0.004279260001485681f,-0.020561387703954874f,0.09744796834872343f,6.81861522539712e-19f,1.5392824378182697f,0.32035725710663565f,4.386513469473355f,0.021001969680786183f,0.32032867513653335f,-1.5391451045016658f,-0.4530821443407685f,0f,0f,0f,1f], start_interpolation: 0, interpolation_duration: 1 }
$data merge entity $(bone_neck_spine2) { transformation: [-1.4972622370997841f,0.003029927724795513f,-0.019771054017426244f,0.009643727740754858f,6.493919262282969e-19f,1.4801158688490117f,0.22682878226839315f,5.6940778762525674f,0.020001875886463023f,0.22680854481995308f,-1.4799838143174764f,1.3816756361334317f,0f,0f,0f,1f], start_interpolation: 0, interpolation_duration: 1 }
$data merge entity $(bone_scale_neck_left1) { transformation: [-1.5892787356859859f,0.42653350243538624f,0.07292017851205283f,0.7934359802307668f,0.40935617146878395f,1.391986053247073f,0.7796521232471114f,4.80785295161561f,0.14027011803818695f,0.7703889145772492f,-1.4490963719227627f,1.201219736900336f,0f,0f,0f,1f], start_interpolation: 0, interpolation_duration: 1 }
$data merge entity $(bone_scale_neck_right1) { transformation: [-1.5924586441064752f,-0.40580176301592374f,-0.11160410736799718f,-0.7786893687240065f,-0.40935617146878395f,1.391986053247073f,0.7796521232471114f,4.80785295161561f,-0.09776539535366796f,0.7815080534047476f,-1.4466313181915205f,1.222221706581122f,0f,0f,0f,1f], start_interpolation: 0, interpolation_duration: 1 }
$data merge entity $(bone_blush_right1) { transformation: [-0.9999107809501168f,0.006013695354028443f,-0.011927514741831591f,-0.6392338740259077f,4.336808689942018e-19f,0.892926792357914f,0.4502018919211765f,4.099926811889812f,0.013357774505046612f,0.45016172533612375f,-0.8928471262778847f,2.4131308924901225f,0f,0f,0f,1f], start_interpolation: 0, interpolation_duration: 1 }
$data merge entity $(bone_blush_left1) { transformation: [-0.9999107809501168f,0.006013695354028443f,-0.011927514741831591f,0.6858432058074014f,4.336808689942018e-19f,0.892926792357914f,0.4502018919211765f,4.099926811889812f,0.013357774505046612f,0.45016172533612375f,-0.8928471262778847f,2.395429232330603f,0f,0f,0f,1f], start_interpolation: 0, interpolation_duration: 1 }
$data merge entity $(bone_left_head_scales) { transformation: [-0.8814241815230683f,0.006013695354028443f,-0.4722872512513738f,0.6967742473840375f,-0.20788009927039186f,0.892926792357914f,0.39933395525141446f,4.928705170079084f,0.42411941308282664f,0.45016172533612375f,-0.7857971395269158f,2.372940274278938f,0f,0f,0f,1f], start_interpolation: 0, interpolation_duration: 1 }
$data merge entity $(bone_left_head_scales2) { transformation: [-0.8122376189217461f,0.006013695354028443f,-0.5832957104904178f,0.6933805916880021f,-0.2582251968066472f,0.892926792357914f,0.36878380011000345f,4.050626580893846f,0.5230581211897017f,0.45016172533612375f,-0.7237158440298953f,2.1189044754251305f,0f,0f,0f,1f], start_interpolation: 0, interpolation_duration: 1 }
$data merge entity $(bone_left_head_scales1) { transformation: [-0.9999107809501168f,0.006013695354028443f,-0.011927514741831591f,0.6960988812065831f,4.336808689942018e-19f,0.892926792357914f,0.4502018919211765f,4.828425305702951f,0.013357774505046612f,0.45016172533612375f,-0.8928471262778847f,2.322385002390604f,0f,0f,0f,1f], start_interpolation: 0, interpolation_duration: 1 }
$data merge entity $(bone_right_head_scales) { transformation: [-0.8924392083058306f,0.006013695354028443f,0.45112758167357864f,-0.6507617660057683f,0.20788009927039186f,0.892926792357914f,0.39933395525141446f,4.928705170079084f,-0.4004224316965702f,0.45016172533612375f,-0.7981330072341389f,2.390941962576755f,0f,0f,0f,1f], start_interpolation: 0, interpolation_duration: 1 }
$data merge entity $(bone_right_head_scales2) { transformation: [-0.8259203017220348f,0.006013695354028443f,0.5637548143223009f,-0.6541554217018036f,0.2582251968066472f,0.892926792357914f,0.36878380011000345f,4.050626580893846f,-0.5011740246037811f,0.45016172533612375f,-0.7390392534262663f,2.1369061637229474f,0f,0f,0f,1f], start_interpolation: 0, interpolation_duration: 1 }
$data merge entity $(bone_right_head_scales1) { transformation: [-0.9999107809501168f,0.006013695354028443f,-0.011927514741831591f,-0.6514371321832226f,4.336808689942018e-19f,0.892926792357914f,0.4502018919211765f,4.828425305702951f,0.013357774505046612f,0.45016172533612375f,-0.8928471262778847f,2.3403866906884208f,0f,0f,0f,1f], start_interpolation: 0, interpolation_duration: 1 }
$data merge entity $(bone_head_left_fin1) { transformation: [-0.7172121107915246f,0.02350602589168757f,-0.7640218929493572f,0.692561627626952f,-0.08170231285459886f,1.0393219924410755f,0.10867256382222551f,4.490295810484801f,0.7600044198775089f,0.1339121383604405f,-0.7093208152814628f,2.057600027326724f,0f,0f,0f,1f], start_interpolation: 0, interpolation_duration: 1 }
$data merge entity $(bone_head_right_fin1) { transformation: [-0.7372582901065452f,-0.019920420413693442f,0.7448010395702257f,-0.6549743857628538f,0.08170231285459886f,1.0393219924410755f,0.10867256382222551f,4.490295810484801f,-0.7405741986921746f,0.13449227079660805f,-0.7294771301093607f,2.0756017156245408f,0f,0f,0f,1f], start_interpolation: 0, interpolation_duration: 1 }
$data merge entity $(bone_right_whisker16) { transformation: [0.25702355314476066f,0.9152474338473158f,-0.31025961381518147f,-1.1809626764591226f,0.9527160378983266f,-0.29381473603529806f,-0.07749227071019528f,1.7536170838580456f,-0.1620834484460287f,-0.27567197123467463f,-0.9474882162937078f,2.152830468889076f,0f,0f,0f,1f], start_interpolation: 0, interpolation_duration: 1 }
$data merge entity $(bone_right_whisker15) { transformation: [-0.8738690594706341f,0.3742884434966749f,-0.31025961381518147f,-0.8865439015398172f,0.4156555069319415f,0.9062149014098853f,-0.07749227071019528f,1.6135768984171084f,0.2521574239578519f,-0.19667921478261968f,-0.9474882162937078f,2.0678750867939013f,0f,0f,0f,1f], start_interpolation: 0, interpolation_duration: 1 }
$data merge entity $(bone_right_whisker14) { transformation: [-0.7085335538413228f,-0.6338132020684325f,-0.31025961381518147f,-0.647828983497575f,-0.6456460140539028f,0.7596947890544496f,-0.07749227071019528f,1.8311041199489406f,0.28481823610382195f,0.14541200902014673f,-0.9474882162937078f,1.9719158177940785f,0f,0f,0f,1f], start_interpolation: 0, interpolation_duration: 1 }
$data merge entity $(bone_right_whisker13) { transformation: [-0.09561789479885159f,-0.9919651211751479f,-0.08283970404467841f,-0.6156139701131963f,-0.9890731847549467f,0.08529748919002365f,0.12024380872454238f,2.1643367847345427f,-0.11221164553174648f,0.09343198975646386f,-0.9892820679145082f,2.009721499149989f,0f,0f,0f,1f], start_interpolation: 0, interpolation_duration: 1 }
$data merge entity $(bone_right_whisker12) { transformation: [0.06266238404294489f,-0.9962187131214262f,-0.06018057205397896f,-0.6437630879449879f,-0.9401397550975049f,-0.07915866400975205f,0.3314681686035543f,2.58666519034475f,-0.3349786060500846f,0.035807562593407984f,-0.9415450875820347f,2.1602001698365507f,0f,0f,0f,1f], start_interpolation: 0, interpolation_duration: 1 }
$data merge entity $(bone_right_whisker11) { transformation: [0.2916344535057103f,-0.9557526178420332f,-0.03855228938112723f,-0.7747707526057563f,-0.9555522239464495f,-0.29292142585121334f,0.03342133432833427f,3.0159171659456945f,-0.0432353193514278f,0.027091913284087762f,-0.9986975194698281f,2.17962228595145f,0f,0f,0f,1f], start_interpolation: 0, interpolation_duration: 1 }
$data merge entity $(bone_right_whisker10) { transformation: [0.07332823593831307f,-0.9945482300402967f,0.074140325989899f,-0.8077111710936704f,-0.9741855103001065f,-0.08734504759292394f,-0.20816684217788084f,3.4535395631508203f,0.2135077547432317f,-0.05696192399053282f,-0.9752793332578114f,2.083710599250389f,0f,0f,0f,1f], start_interpolation: 0, interpolation_duration: 1 }
$data merge entity $(bone_right_whisker1) { transformation: [-0.3410642544051239f,-0.9390262497229298f,0.04364489315334766f,-0.6544987130601186f,-0.9380448384818482f,0.34299668749814893f,0.049245846148284145f,3.874926892937588f,-0.06121319600086461f,-0.024144868949475567f,-0.9978326362365447f,2.111208714641402f,0f,0f,0f,1f], start_interpolation: 0, interpolation_duration: 1 }
$data merge entity $(bone_left_whisker16) { transformation: [0.26126159362672546f,-0.9222848893764916f,0.2848384849759895f,1.220425238460134f,-0.9527160378983266f,-0.29381473603529806f,-0.07749227071019528f,1.7536170838580456f,0.15515969459540022f,-0.2511244387077875f,-0.9554381117878651f,2.1207504084699296f,0f,0f,0f,1f], start_interpolation: 0, interpolation_duration: 1 }
$data merge entity $(bone_left_whisker15) { transformation: [-0.8802931333055968f,-0.37940879922795434f,0.2848384849759895f,0.9238421027272914f,-0.4156555069319415f,0.9062149014098853f,-0.07749227071019528f,1.6135768984171084f,-0.22872363020065467f,-0.1866105986568645f,-0.9554381117878651f,2.0436902010292792f,0f,0f,0f,1f], start_interpolation: 0, interpolation_duration: 1 }
$data merge entity $(bone_left_whisker14) { transformation: [-0.7158891030304049f,0.63747143437091f,0.2848384849759895f,0.6826489967258369f,0.6456460140539028f,0.7596947890544496f,-0.07749227071019528f,1.8311041199489406f,-0.2657894217207105f,0.1284289603033891f,-0.9554381117878651f,1.954142007187829f,0f,0f,0f,1f], start_interpolation: 0, interpolation_duration: 1 }
$data merge entity $(bone_left_whisker13) { transformation: [-0.09258624431497173f,0.994106992427743f,0.056383286263890484f,0.6514553890220622f,0.9890731847549467f,0.08529748919002365f,0.12024380872454238f,2.1643367847345427f,0.1147258582986195f,0.06690011916390923f,-0.9911419431612709f,1.9927947621810163f,0f,0f,0f,1f], start_interpolation: 0, interpolation_duration: 1 }
$data merge entity $(bone_left_whisker12) { transformation: [0.07158836126079449f,0.9968197355778483f,0.035007446272225115f,0.6836142231821848f,0.9401397550975049f,-0.07915866400975205f,0.3314681686035543f,2.58666519034475f,0.3331851548571713f,0.009182628964513596f,-0.94281670111857f,2.142467780964511f,0f,0f,0f,1f], start_interpolation: 0, interpolation_duration: 1 }
$data merge entity $(bone_left_whisker11) { transformation: [0.2926853329932977f,0.9561352584583103f,0.011860159504100978f,0.8150939626127678f,0.9555522239464495f,-0.29292142585121334f,0.03342133432833427f,3.0159171659456945f,0.03542941096880767f,0.0015510674235344399f,-0.9993709776795857f,2.1583833366731553f,0f,0f,0f,1f], start_interpolation: 0, interpolation_duration: 1 }
$data merge entity $(bone_left_whisker10) { transformation: [0.0675986000210646f,0.992671681979705f,-0.10016666646532427f,0.8454605212159804f,0.9741855103001065f,-0.08734504759292394f,-0.20816684217788084f,3.4535395631508203f,-0.21539039160675905f,-0.08350912798355188f,-0.9729507720059191f,2.0616259341935566f,0f,0f,0f,1f], start_interpolation: 0, interpolation_duration: 1 }
$data merge entity $(bone_left_whisker1) { transformation: [-0.33930734388600936f,0.9380461626734375f,-0.07028458635191763f,0.6930373003296871f,0.9380448384818482f,0.34299668749814893f,0.049245846148284145f,3.874926892937588f,0.07030225730788986f,-0.049220616198254755f,-0.9963106561502189f,2.093207026343585f,0f,0f,0f,1f], start_interpolation: 0, interpolation_duration: 1 }
$data merge entity $(bone_upper_left_tooth1) { transformation: [-0.9999107809501168f,0.004951260021164123f,-0.012406255032462257f,0.341670688933472f,4.336808689942018e-19f,0.9287666166078139f,0.37066503999551115f,3.8455970273623925f,0.013357774505046612f,0.37063196961281786f,-0.9286837529327171f,3.115482925959599f,0f,0f,0f,1f], start_interpolation: 0, interpolation_duration: 1 }
$data merge entity $(bone_upper_right_tooth1) { transformation: [-0.9999107809501168f,0.004951260021164123f,-0.012406255032462257f,-0.3320973177614308f,4.336808689942018e-19f,0.9287666166078139f,0.37066503999551115f,3.8455970273623925f,0.013357774505046612f,0.37063196961281786f,-0.9286837529327171f,3.124483770108507f,0f,0f,0f,1f], start_interpolation: 0, interpolation_duration: 1 }
$data merge entity $(bone_top_lip1) { transformation: [-0.9999107809501168f,-0.00175963640783272f,-0.013241367732976182f,0.03347236655492734f,4.336808689942018e-19f,0.9912854666002595f,-0.1317312556195589f,3.9603323564648227f,0.013357774505046612f,-0.1317195026820926f,-0.9911970250527666f,3.165394386338096f,0f,0f,0f,1f], start_interpolation: 0, interpolation_duration: 1 }
$data merge entity $(bone_muzzle1) { transformation: [-0.9999107809501168f,0.004951260021164123f,-0.012406255032462257f,0.027340038146709576f,4.336808689942018e-19f,0.9287666166078139f,0.37066503999551115f,4.324926730842036f,0.013357774505046612f,0.37063196961281786f,-0.9286837529327171f,2.7063522543282317f,0f,0f,0f,1f], start_interpolation: 0, interpolation_duration: 1 }
$data merge entity $(bone_jaw_right_tooth1) { transformation: [-0.9999107809501168f,-0.001805703729149032f,-0.013235164289505833f,-0.33253685932688193f,4.336808689942018e-19f,0.9908210596387554f,-0.13517998289811176f,3.601249632979353f,0.013357774505046612f,-0.13516792226847446f,-0.9907326595252102f,3.091581406784121f,0f,0f,0f,1f], start_interpolation: 0, interpolation_duration: 1 }
$data merge entity $(bone_jaw_left_tooth1) { transformation: [-0.9999107809501168f,-0.001805703729149032f,-0.013235164289505833f,0.3973784812592628f,4.336808689942018e-19f,0.9908210596387554f,-0.13517998289811176f,3.601249632979353f,0.013357774505046612f,-0.13516792226847446f,-0.9907326595252102f,3.0818304922894706f,0f,0f,0f,1f], start_interpolation: 0, interpolation_duration: 1 }
$data merge entity $(bone_tongue1) { transformation: [-0.9999107809501168f,0.005044564134496853f,-0.012368609963153547f,0.02262799830012356f,4.336808689942018e-19f,0.9259484024438838f,0.37765004436861843f,3.900837574964262f,0.013357774505046612f,0.37761635079047134f,-0.9258657902071769f,2.3536273718197105f,0f,0f,0f,1f], start_interpolation: 0, interpolation_duration: 1 }
$data merge entity $(bone_jaw_lips1) { transformation: [-0.9999107809501168f,0.005044564134496853f,-0.012368609963153547f,0.08923624958952332f,4.336808689942018e-19f,0.9259484024438838f,0.37765004436861843f,3.4419563481153164f,0.013357774505046612f,0.37761635079047134f,-0.9258657902071769f,3.1359406838581276f,0f,0f,0f,1f], start_interpolation: 0, interpolation_duration: 1 }
$data merge entity $(bone_jaw3) { transformation: [-0.9999107809501168f,0.0005199911278860976f,-0.013347649566668767f,0.07720042241425754f,4.336808689942018e-19f,0.9992420190673217f,0.038927976190168634f,3.392765670604902f,0.013357774505046612f,0.038924503073118955f,-0.9991528676437771f,2.23498571223064f,0f,0f,0f,1f], start_interpolation: 0, interpolation_duration: 1 }
$data merge entity $(bone_jaw1) { transformation: [-0.9999107809501168f,0.009805902774178268f,-0.009070524268808066f,0.06905112326650029f,4.336808689942018e-19f,0.6790445717871039f,0.7340970436709773f,4.052305983278046f,0.013357774505046612f,0.7340315482302189f,-0.6789839880755807f,1.6249610354439852f,0f,0f,0f,1f], start_interpolation: 0, interpolation_duration: 1 }
$data merge entity $(bone_tear_right1) { transformation: [-0.9999107809501168f,0.006013695354028443f,-0.011927514741831591f,-0.5795171942794157f,4.336808689942018e-19f,0.892926792357914f,0.4502018919211765f,4.405402532700572f,0.013357774505046612f,0.45016172533612375f,-0.8928471262778847f,2.6795680995052695f,0f,0f,0f,1f], start_interpolation: 0, interpolation_duration: 1 }
$data merge entity $(bone_right_pupil1) { transformation: [-0.9999107809501168f,0.006013695354028443f,-0.011927514741831591f,-0.3927522761143601f,4.336808689942018e-19f,0.892926792357914f,0.4502018919211765f,4.475346527406235f,0.013357774505046612f,0.45016172533612375f,-0.8928471262778847f,2.787810694554251f,0f,0f,0f,1f], start_interpolation: 0, interpolation_duration: 1 }
$data merge entity $(bone_right_sad_pupil1) { transformation: [-0.9999107809501168f,0.006013695354028443f,-0.011927514741831591f,-0.3928862276959334f,4.336808689942018e-19f,0.892926792357914f,0.4502018919211765f,4.480402505684647f,0.013357774505046612f,0.45016172533612375f,-0.8928471262778847f,2.77778360280406f,0f,0f,0f,1f], start_interpolation: 0, interpolation_duration: 1 }
$data merge entity $(bone_right_happy_pupil1) { transformation: [-0.9999107809501168f,0.006013695354028443f,-0.011927514741831591f,-0.4211283746818092f,4.336808689942018e-19f,0.892926792357914f,0.4502018919211765f,4.4553328604861795f,0.013357774505046612f,0.45016172533612375f,-0.8928471262778847f,2.7655199769812673f,0f,0f,0f,1f], start_interpolation: 0, interpolation_duration: 1 }
$data merge entity $(bone_eyelid_right1) { transformation: [-0.9999107809501168f,0.006013695354028443f,-0.011927514741831591f,0.03241334044217382f,4.336808689942018e-19f,0.892926792357914f,0.4502018919211765f,4.683061487417163f,0.013357774505046612f,0.45016172533612375f,-0.8928471262778847f,2.2453758328876714f,0f,0f,0f,1f], start_interpolation: 0, interpolation_duration: 1 }
$data merge entity $(bone_eyelid_expressions_right5) { transformation: [-0.9999107809501168f,0.006013695354028443f,-0.011927514741831591f,-0.5213493701253985f,4.336808689942018e-19f,0.892926792357914f,0.4502018919211765f,4.58068237006078f,0.013357774505046612f,0.45016172533612375f,-0.8928471262778847f,2.830064031687151f,0f,0f,0f,1f], start_interpolation: 0, interpolation_duration: 1 }
$data merge entity $(bone_eyelid_expressions_right7) { transformation: [-0.9999107809501168f,0.006013695354028443f,-0.011927514741831591f,-0.18446536677794703f,4.336808689942018e-19f,0.892926792357914f,0.4502018919211765f,4.58068237006078f,0.013357774505046612f,0.45016172533612375f,-0.8928471262778847f,2.8255636096126966f,0f,0f,0f,1f], start_interpolation: 0, interpolation_duration: 1 }
$data merge entity $(bone_eyelid_expressions_right6) { transformation: [-0.9999107809501168f,0.006013695354028443f,-0.011927514741831591f,-0.2967600345604309f,4.336808689942018e-19f,0.892926792357914f,0.4502018919211765f,4.58068237006078f,0.013357774505046612f,0.45016172533612375f,-0.8928471262778847f,2.8270637503041813f,0f,0f,0f,1f], start_interpolation: 0, interpolation_duration: 1 }
$data merge entity $(bone_right_eye1) { transformation: [-0.9999107809501168f,0.006013695354028443f,-0.011927514741831591f,0.021317825245498738f,4.336808689942018e-19f,0.892926792357914f,0.4502018919211765f,4.678005509138751f,0.013357774505046612f,0.45016172533612375f,-0.8928471262778847f,2.255552938707011f,0f,0f,0f,1f], start_interpolation: 0, interpolation_duration: 1 }
$data merge entity $(bone_tear_left1) { transformation: [-0.9999107809501168f,0.006013695354028443f,-0.011927514741831591f,0.6332652177714095f,4.336808689942018e-19f,0.892926792357914f,0.4502018919211765f,4.405402532700572f,0.013357774505046612f,0.45016172533612375f,-0.8928471262778847f,2.6633665800372346f,0f,0f,0f,1f], start_interpolation: 0, interpolation_duration: 1 }
$data merge entity $(bone_left_sad_pupil1) { transformation: [-0.9999107809501168f,0.006013695354028443f,-0.011927514741831591f,0.4493237806726952f,4.336808689942018e-19f,0.892926792357914f,0.4502018919211765f,4.480402505684647f,0.013357774505046612f,0.45016172533612375f,-0.8928471262778847f,2.766532547617924f,0f,0f,0f,1f], start_interpolation: 0, interpolation_duration: 1 }
$data merge entity $(bone_left_pupil1) { transformation: [-0.9999107809501168f,0.006013695354028443f,-0.011927514741831591f,0.4494577322542685f,4.336808689942018e-19f,0.892926792357914f,0.4502018919211765f,4.475346527406235f,0.013357774505046612f,0.45016172533612375f,-0.8928471262778847f,2.7765596393681156f,0f,0f,0f,1f], start_interpolation: 0, interpolation_duration: 1 }
$data merge entity $(bone_eyelid_left1) { transformation: [-0.9999107809501168f,0.006013695354028443f,-0.011927514741831591f,0.009954406885677053f,4.336808689942018e-19f,0.892926792357914f,0.4502018919211765f,4.683061487417163f,0.013357774505046612f,0.45016172533612375f,-0.8928471262778847f,2.2456758610259686f,0f,0f,0f,1f], start_interpolation: 0, interpolation_duration: 1 }
$data merge entity $(bone_left_happy_pupil1) { transformation: [-0.9999107809501168f,0.006013695354028443f,-0.011927514741831591f,0.4772289675780612f,4.336808689942018e-19f,0.892926792357914f,0.4502018919211765f,4.4553328604861795f,0.013357774505046612f,0.45016172533612375f,-0.8928471262778847f,2.7535188514493893f,0f,0f,0f,1f], start_interpolation: 0, interpolation_duration: 1 }
$data merge entity $(bone_eyelid_expressions_left5) { transformation: [-0.9999107809501168f,0.006013695354028443f,-0.011927514741831591f,0.5791383741429429f,4.336808689942018e-19f,0.892926792357914f,0.4502018919211765f,4.58068237006078f,0.013357774505046612f,0.45016172533612375f,-0.8928471262778847f,2.8153626529106006f,0f,0f,0f,1f], start_interpolation: 0, interpolation_duration: 1 }
$data merge entity $(bone_eyelid_expressions_left7) { transformation: [-0.9999107809501168f,0.006013695354028443f,-0.011927514741831591f,0.24225437079549142f,4.336808689942018e-19f,0.892926792357914f,0.4502018919211765f,4.58068237006078f,0.013357774505046612f,0.45016172533612375f,-0.8928471262778847f,2.819863074985055f,0f,0f,0f,1f], start_interpolation: 0, interpolation_duration: 1 }
$data merge entity $(bone_eyelid_expressions_left6) { transformation: [-0.9999107809501168f,0.006013695354028443f,-0.011927514741831591f,0.35454903857797526f,4.336808689942018e-19f,0.892926792357914f,0.4502018919211765f,4.58068237006078f,0.013357774505046612f,0.45016172533612375f,-0.8928471262778847f,2.81836293429357f,0f,0f,0f,1f], start_interpolation: 0, interpolation_duration: 1 }
$data merge entity $(bone_left_eye1) { transformation: [-0.9999107809501168f,0.006013695354028443f,-0.011927514741831591f,0.021317825245498738f,4.336808689942018e-19f,0.892926792357914f,0.4502018919211765f,4.678005509138751f,0.013357774505046612f,0.45016172533612375f,-0.8928471262778847f,2.255552938707011f,0f,0f,0f,1f], start_interpolation: 0, interpolation_duration: 1 }
$data merge entity $(bone_crest_middle5) { transformation: [-0.9999107809501168f,0.003289560076210603f,-0.012946386918081604f,0.03533748232293199f,4.336808689942018e-19f,0.9692023857110642f,0.24626557926754894f,5.700702306638518f,0.013357774505046612f,0.24624360768654785f,-0.9691159143950667f,3.305009661580489f,0f,0f,0f,1f], start_interpolation: 0, interpolation_duration: 1 }
$data merge entity $(bone_crest_middle4) { transformation: [-0.9999107809501168f,0.003289560076210603f,-0.012946386918081604f,0.03312088422470414f,4.336808689942018e-19f,0.9692023857110642f,0.24626557926754894f,5.0476264803293045f,0.013357774505046612f,0.24624360768654785f,-0.9691159143950667f,3.139083793119827f,0f,0f,0f,1f], start_interpolation: 0, interpolation_duration: 1 }
$data merge entity $(bone_crest_middle1) { transformation: [-0.9999107809501168f,0.003289560076210603f,-0.012946386918081604f,0.03254889525645799f,4.336808689942018e-19f,0.9692023857110642f,0.24626557926754894f,4.537076937904466f,0.013357774505046612f,0.24624360768654785f,-0.9691159143950667f,3.096266934988423f,0f,0f,0f,1f], start_interpolation: 0, interpolation_duration: 1 }
$data merge entity $(bone_crest_left5) { transformation: [-0.5423235702055768f,-0.8344548521516131f,0.09782762861332296f,-1.0717461418346033f,-0.7530868184118035f,0.5344278623491405f,0.3837279034411172f,5.083576373430031f,-0.37248542137090984f,0.1344319889965086f,-0.9182497760416708f,3.1193178297706394f,0f,0f,0f,1f], start_interpolation: 0, interpolation_duration: 1 }
$data merge entity $(bone_crest_left4) { transformation: [-0.5423235702055768f,-0.8344548521516131f,0.09782762861332296f,-0.6031801848158752f,-0.7530868184118035f,0.5344278623491405f,0.3837279034411172f,4.783482603067965f,-0.37248542137090984f,0.1344319889965086f,-0.9182497760416708f,3.0438311171993577f,0f,0f,0f,1f], start_interpolation: 0, interpolation_duration: 1 }
$data merge entity $(bone_crest_left1) { transformation: [-0.5423235702055768f,-0.8344548521516131f,0.09782762861332296f,-0.08226438146513244f,-0.7530868184118035f,0.5344278623491405f,0.3837279034411172f,4.474926676810185f,-0.37248542137090984f,0.1344319889965086f,-0.9182497760416708f,2.909233856298296f,0f,0f,0f,1f], start_interpolation: 0, interpolation_duration: 1 }
$data merge entity $(bone_crest_center1) { transformation: [-0.9999107809501168f,0.006013695354028443f,-0.011927514741831591f,0.029861446934159527f,4.336808689942018e-19f,0.892926792357914f,0.4502018919211765f,4.449857031611717f,0.013357774505046612f,0.45016172533612375f,-0.8928471262778847f,2.8950950594115974f,0f,0f,0f,1f], start_interpolation: 0, interpolation_duration: 1 }
$data merge entity $(bone_crest_right5) { transformation: [-0.5321797717669522f,0.8377481723269702f,-0.12232207603247976f,1.1370656156786274f,0.7530868184118035f,0.5344278623491405f,0.3837279034411172f,5.083576373430031f,0.3868396753908033f,0.11209308501307792f,-0.9153088035388871f,3.0898103877637415f,0f,0f,0f,1f], start_interpolation: 0, interpolation_duration: 1 }
$data merge entity $(bone_crest_right4) { transformation: [-0.5321797717669522f,0.8377481723269702f,-0.12232207603247976f,0.6666503821942448f,0.7530868184118035f,0.5344278623491405f,0.3837279034411172f,4.783482603067965f,0.3868396753908033f,0.11209308501307792f,-0.9153088035388871f,3.0268674933472184f,0f,0f,0f,1f], start_interpolation: 0, interpolation_duration: 1 }
$data merge entity $(bone_crest_right1) { transformation: [-0.5321797717669522f,0.8377481723269702f,-0.12232207603247976f,0.14232495409983514f,0.7530868184118035f,0.5344278623491405f,0.3837279034411172f,4.474926676810185f,0.3868396753908033f,0.11209308501307792f,-0.9153088035388871f,2.9062335749153263f,0f,0f,0f,1f], start_interpolation: 0, interpolation_duration: 1 }
$data merge entity $(bone_head1) { transformation: [-1.0480835659698484f,0.006303417656240748f,-0.012502147613508367f,0.013612805170239837f,4.545743483598076e-19f,0.9359454008439068f,0.4718913059850871f,4.905944382263326f,0.014001313120524111f,0.47184920429111904f,-0.935861896684501f,1.6787852565023345f,0f,0f,0f,1f], start_interpolation: 0, interpolation_duration: 1 }
$data merge entity $(bone_neck10) { transformation: [-1.4972622370997841f,0.005584646670154154f,-0.019206424980901755f,-0.0017471666296989125f,6.493919262282969e-19f,1.437846175172781f,0.41808211899701203f,4.7724740394968626f,0.020001875886463023f,0.41804481810758204f,-1.4377178919031541f,0.5289978130890625f,0f,0f,0f,1f], start_interpolation: 0, interpolation_duration: 1 }
$data merge entity $(bone_neck9) { transformation: [-1.1454056113813356f,0.006888735010034539f,-0.013663061320477015f,-0.009857169028739158f,4.967848235646474e-19f,1.0228546166365564f,0.5157097843979886f,3.4435559112150758f,0.015301435053144224f,0.5156637732610092f,-1.0227633585194915f,-0.07808526270832716f,0f,0f,0f,1f], start_interpolation: 0, interpolation_duration: 1 }
$data merge entity $(bone_neck8) { transformation: [-1.063056188340847f,-0.0038532323983060386f,-0.0136685927305333f,-0.006551944372395597f,4.6106826762209085e-19f,1.0232687133151757f,-0.2884636506515568f,2.689154699315595f,0.014201331879388749f,-0.28843791419871995f,-1.0231774182527984f,0.16933093421066248f,0f,0f,0f,1f], start_interpolation: 0, interpolation_duration: 1 }
$data merge entity $(bone_neck7) { transformation: [-1.055569877155348f,-0.007979141478812648f,-0.011626719120580364f,0.0009131494710714191f,4.578213079909493e-19f,0.8704083989580562f,-0.5973406330371951f,1.9142062150024914f,0.014101322499956433f,-0.597287338873459f,-0.8703307419476909f,0.7281386766281533f,0f,0f,0f,1f], start_interpolation: 0, interpolation_duration: 1 }
$data merge entity $(bone_neck6) { transformation: [-1.0495808282069485f,-0.005634832077429547f,-0.012839234466577018f,0.0057831838325510705f,4.552237402860361e-19f,0.9611806563830159f,-0.42183913759741104f,1.0612751969214278f,0.014021314996410579f,-0.421801501510351f,-0.9610949007580872f,1.092690410886077f,0f,0f,0f,1f], start_interpolation: 0, interpolation_duration: 1 }
$data merge entity $(bone_neck_spine6) { transformation: [-1.2648653222409294f,-0.11031521261262545f,-0.08905974946793249f,-0.0035027327779629386f,-0.07442306702308649f,-0.163890783000218f,1.259994597948405f,0.128426030778519f,-0.12067432288576077f,1.2573606219500102f,0.15642040366351376f,-1.3276688164513728f,0f,0f,0f,1f], start_interpolation: 0, interpolation_duration: 1 }
$data merge entity $(bone_neck_spine7) { transformation: [-0.9893882750280859f,-0.14449427012386235f,-0.015239656765202163f,0.4078416518463649f,-0.04536672831648348f,0.20757661426897717f,0.9771662136865391f,0.5790084432545193f,-0.13803152248239262f,0.9674881679431541f,-0.21192910062375125f,-4.95243897744146f,0f,0f,0f,1f], start_interpolation: 0, interpolation_duration: 1 }
$data merge entity $(bone_tail6) { transformation: [-1.6385862523811174f,0.5032441353332732f,0.16456722421976652f,-0.04587542943366496f,0.5293805922357635f,1.5669284014766223f,0.4793678240528425f,-1.700749241999599f,-0.009655029717447963f,0.506737271597138f,-1.645729642287144f,-7.595955047022395f,0f,0f,0f,1f], start_interpolation: 0, interpolation_duration: 1 }
$data merge entity $(bone_tail5) { transformation: [-1.3536147302278796f,0.4157234161448778f,0.13594683739893756f,0.216686728131521f,0.4373144022817177f,1.2944191142632966f,0.3959995068262612f,-0.8832213803596223f,-0.007975894114413535f,0.4186090504498096f,-1.359515791454597f,-7.33157038358041f,0f,0f,0f,1f], start_interpolation: 0, interpolation_duration: 1 }
$data merge entity $(bone_tail4) { transformation: [-0.9974003275363322f,0.30632251715938363f,0.10017135387290135f,0.347967806914114f,0.3222316648391603f,0.9537825052466395f,0.29178911029303456f,-0.47445744953963387f,-0.005876974610620499f,0.3084487740156492f,-1.0017484779139134f,-7.1993780518594175f,0f,0f,0f,1f], start_interpolation: 0, interpolation_duration: 1 }
$data merge entity $(bone_segment18) { transformation: [-0.9515570826682027f,0.2624287446059017f,0.16021945084336606f,0.4953276976840295f,0.30742101689003126f,0.8215250310901236f,0.48019677390281434f,-0.013151890089613233f,-0.005606852796219308f,0.5061894677854747f,-0.8624040734509428f,-6.915140801882222f,0f,0f,0f,1f], start_interpolation: 0, interpolation_duration: 1 }
$data merge entity $(bone_segment17) { transformation: [-0.9962126523910612f,0.06169567805665852f,-0.061269850049563736f,0.5403643376716782f,-0.0471486688210307f,0.20876694145415148f,0.9768282178480943f,0.13924389969259227f,0.07305719844321729f,0.9760174217015842f,-0.20506739938522706f,-6.202667146880333f,0f,0f,0f,1f], start_interpolation: 0, interpolation_duration: 1 }
$data merge entity $(bone_segment16) { transformation: [-0.996070792629489f,-0.07441047253273887f,-0.0480214290490851f,0.46933285632328736f,-0.04864884224140104f,0.006641298562008076f,0.9987938642692904f,0.14558361584919666f,-0.07400179875538898f,0.9972055829821977f,-0.010235186862101536f,-5.250744825234728f,0f,0f,0f,1f], start_interpolation: 0, interpolation_duration: 1 }
$data merge entity $(bone_segment15) { transformation: [-0.9893882750280859f,-0.13562643385176776f,-0.05211824706953343f,0.3094022714834343f,-0.04536672831648348f,-0.052405613676746815f,0.9975948634676415f,0.08378695714346251f,-0.13803152248239262f,0.9893730954982634f,0.04569657214033837f,-4.084076843970907f,0f,0f,0f,1f], start_interpolation: 0, interpolation_duration: 1 }
$data merge entity $(bone_segment14) { transformation: [-1.0377433131181413f,-0.1265621896570732f,-0.07580254779994344f,0.16701980811922695f,-0.04869627797414807f,-0.21452478879390538f,1.0248331500930126f,-0.15755343024968105f,-0.13925762677577191f,1.018153389802985f,0.2065095306339216f,-2.9386542804425493f,0f,0f,0f,1f], start_interpolation: 0, interpolation_duration: 1 }
$data merge entity $(bone_segment13) { transformation: [-1.0193326420412196f,-0.07508745437459272f,-0.0861188184312706f,0.07894324945941804f,-0.059976236365663814f,-0.3063937946959937f,0.9770462146011248f,-0.5533114779239503f,-0.09724930726676015f,0.9760011929247425f,0.3000964102897646f,-1.77139260381026f,0f,0f,0f,1f], start_interpolation: 0, interpolation_duration: 1 }
$data merge entity $(bone_segment12) { transformation: [-1.1133201756735958f,-0.04698760938693591f,-0.05276582410889711f,0.02217969449533439f,-0.05782833937412003f,0.1273163556358813f,1.10676118017597f,-0.3995064845383218f,-0.040594960217026146f,1.1072743974929498f,-0.12949648278343104f,-0.43374568066441455f,0f,0f,0f,1f], start_interpolation: 0, interpolation_duration: 1 }
$data merge entity $(bone_segment11) { transformation: [-1.1902080600288045f,-0.010889754261648146f,-0.020224440064869776f,0.003399456939923071f,-0.022540383578424014f,0.7554530815644735f,0.9197311637343958f,0.4734236076330187f,0.0044210668343859f,0.919942876317986f,-0.7555186293938646f,0.6294191415780038f,0f,0f,0f,1f], start_interpolation: 0, interpolation_duration: 1 }
$data merge entity $(bone_segment10) { transformation: [-1.0480835659698489f,0.006353368991729671f,-0.012476837401917552f,0.0060988528459897245f,4.545743483598078e-19f,0.9340506082958476f,0.4756308013231805f,1.4295923301185205f,0.014001313120524116f,0.47558836599499127f,-0.9339672731880324f,1.1163201592120386f,0f,0f,0f,1f], start_interpolation: 0, interpolation_duration: 1 }