# This file was generated by Animated Java via MC-Build. It is not recommended to edit this file directly.
$data merge entity $(bone_neck_spine5) { transformation: [-1.5720682032073918f,0.005017224343235342f,-0.02440466104689588f,0.09635168380380582f,6.81861522539712e-19f,1.5400571239192726f,0.3166121454116072f,4.379008029963066f,0.024915056109192896f,0.3165723899553313f,-1.5398637463924163f,-0.4620581153222686f,0f,0f,0f,1f], start_interpolation: 0, interpolation_duration: 1 }
$data merge entity $(bone_neck_spine2) { transformation: [-1.497207812578468f,0.0036686407754756103f,-0.02344330848850115f,0.013145788175483234f,6.493919262282969e-19f,1.4793909317804501f,0.23150972474131426f,5.686254535687126f,0.02372862486589799f,0.2314806551845308f,-1.4792051718140191f,1.3748816308841039f,0f,0f,0f,1f], start_interpolation: 0, interpolation_duration: 1 }
$data merge entity $(bone_scale_neck_left1) { transformation: [-1.5889041577089116f,0.42851945927569396f,0.0693522276143559f,0.7964420317802647f,0.40897759871467837f,1.3895242977952282f,0.7842286850300277f,4.800571714535036f,0.14551969695742997f,0.773723710181107f,-1.4468001655165348f,1.1896731571311778f,0f,0f,0f,1f], start_interpolation: 0, interpolation_duration: 1 }
$data merge entity $(bone_scale_neck_right1) { transformation: [-1.5927175679719594f,-0.40378555132294275f,-0.11516535092633744f,-0.7756261714271264f,-0.40897759871467837f,1.3895242977952282f,0.7842286850300277f,4.800571714535036f,-0.09509549548077913f,0.7869145666571294f,-1.4438758230401116f,1.2145882132403707f,0f,0f,0f,1f], start_interpolation: 0, interpolation_duration: 1 }
$data merge entity $(bone_blush_right1) { transformation: [-0.9998744348350117f,0.007099727590638826f,-0.01416716031901177f,-0.633170921831272f,4.336808689942018e-19f,0.8940192257976743f,0.44802859719456234f,4.092934720265466f,0.015846594693051875f,0.44797234040983613f,-0.8939069681260843f,2.407412684053885f,0f,0f,0f,1f], start_interpolation: 0, interpolation_duration: 1 }
$data merge entity $(bone_blush_left1) { transformation: [-0.9998744348350117f,0.007099727590638826f,-0.01416716031901177f,0.6918579923006722f,4.336808689942018e-19f,0.8940192257976743f,0.44802859719456234f,4.092934720265466f,0.015846594693051875f,0.44797234040983613f,-0.8939069681260843f,2.3864128510475653f,0f,0f,0f,1f], start_interpolation: 0, interpolation_duration: 1 }
$data merge entity $(bone_left_head_scales) { transformation: [-0.8803577888858253f,0.007099727590638826f,-0.474257058372566f,0.7027010785762612f,-0.20687658344422677f,0.8940192257976743f,0.39740621928521863f,4.92165628438126f,0.4268164040550746f,0.44797234040983613f,-0.7855880214573218f,2.361881145917325f,0f,0f,0f,1f], start_interpolation: 0, interpolation_duration: 1 }
$data merge entity $(bone_left_head_scales2) { transformation: [-0.8109232379984075f,0.007099727590638826f,-0.5851094734682706f,0.6987089748376301f,-0.25697864616221533f,0.8940192257976743f,0.367003541291855f,4.042962318805164f,0.52570474364496f,0.44797234040983613f,-0.7231564870323164f,2.109990910394571f,0f,0f,0f,1f], start_interpolation: 0, interpolation_duration: 1 }
$data merge entity $(bone_left_head_scales1) { transformation: [-0.9998744348350117f,0.007099727590638826f,-0.01416716031901177f,0.7019037458878593f,4.336808689942018e-19f,0.8940192257976743f,0.44802859719456234f,4.82125373460906f,0.015846594693051875f,0.44797234040983613f,-0.8939069681260843f,2.3115717522189545f,0f,0f,0f,1f], start_interpolation: 0, interpolation_duration: 1 }
$data merge entity $(bone_right_head_scales) { transformation: [-0.8934411221473894f,0.007099727590638826f,0.44912420901589384f,-0.6447859527443601f,0.20687658344422677f,0.8940192257976743f,0.39740621928521863f,4.92165628438126f,-0.39870420173163157f,0.44797234040983613f,-0.8002223077053504f,2.383236908296633f,0f,0f,0f,1f], start_interpolation: 0, interpolation_duration: 1 }
$data merge entity $(bone_right_head_scales2) { transformation: [-0.8271751366563929f,0.007099727590638826f,0.5618993567940939f,-0.6487780564829912f,0.25697864616221533f,0.8940192257976743f,0.367003541291855f,4.042962318805164f,-0.49974320276929496f,0.44797234040983613f,-0.7413349536569966f,2.1313466727738795f,0f,0f,0f,1f], start_interpolation: 0, interpolation_duration: 1 }
$data merge entity $(bone_right_head_scales1) { transformation: [-0.9998744348350117f,0.007099727590638826f,-0.01416716031901177f,-0.645583285432762f,4.336808689942018e-19f,0.8940192257976743f,0.44802859719456234f,4.82125373460906f,0.015846594693051875f,0.44797234040983613f,-0.8939069681260843f,2.332927514598263f,0f,0f,0f,1f], start_interpolation: 0, interpolation_duration: 1 }
$data merge entity $(bone_head_left_fin1) { transformation: [-0.7153150603903959f,0.023799204220065266f,-0.7657892401192048f,0.6977204770648485f,-0.07987689807732455f,1.0396453815395026f,0.10692221388608109f,4.482481116940442f,0.7619837554419401f,0.13132507965825804f,-0.7076790783402626f,2.047619551055838f,0f,0f,0f,1f], start_interpolation: 0, interpolation_duration: 1 }
$data merge entity $(bone_head_right_fin1) { transformation: [-0.7391024714421379f,-0.019625663561865375f,0.7429788476552034f,-0.6497665542557728f,0.07987689807732455f,1.0396453815395026f,0.10692221388608109f,4.482481116940442f,-0.738933295965774f,0.132013302354394f,-0.731590917207027f,2.0689753134351463f,0f,0f,0f,1f], start_interpolation: 0, interpolation_duration: 1 }
$data merge entity $(bone_right_whisker16) { transformation: [0.2565826023050435f,0.9145697655781274f,-0.31261399854251704f,-1.1754555036622774f,0.9523273525528275f,-0.2944546160899739f,-0.07980659523516102f,1.7459812312057577f,-0.16503933402099824f,-0.27723387771640573f,-0.9465217352349763f,2.1541687339426336f,0f,0f,0f,1f], start_interpolation: 0, interpolation_duration: 1 }
$data merge entity $(bone_right_whisker15) { transformation: [-0.8732547443814958f,0.3737628115937533f,-0.31261399854251704f,-0.8812437001353086f,0.4162391791059257f,0.9057460202143846f,-0.07980659523516102f,1.6057443984015152f,0.2533201476243717f,-0.19981368205239636f,-0.9465217352349763f,2.068821613893407f,0f,0f,0f,1f], start_interpolation: 0, interpolation_duration: 1 }
$data merge entity $(bone_right_whisker14) { transformation: [-0.7077975487794573f,-0.6334785851605804f,-0.31261399854251704f,-0.64277675254848f,-0.6449743928556299f,0.7600256179350028f,-0.07980659523516102f,1.823045341306976f,0.28815041645346146f,0.14514111142424935f,-0.9465217352349763f,1.9717396864750047f,0f,0f,0f,1f], start_interpolation: 0, interpolation_duration: 1 }
$data merge entity $(bone_right_whisker13) { transformation: [-0.09585877323146748f,-0.9917327798384801f,-0.08530644165828852f,-0.6104805838328f,-0.9893462857745852f,0.08549225086008809f,0.11783463780615958f,2.1563700176665774f,-0.10956743320253123f,0.0956930950315468f,-0.9893623245023495f,2.008654495512967f,0f,0f,0f,1f], start_interpolation: 0, interpolation_duration: 1 }
$data merge entity $(bone_right_whisker12) { transformation: [0.0618646538814075f,-0.9961234488959365f,-0.06253670250179766f,-0.6382713463185885f,-0.9409496700496175f,-0.07910370768512995f,0.32917521453472437f,2.5790622522591793f,-0.33284603502768356f,0.038479578871528766f,-0.9421957540639949f,2.1581751753105594f,0f,0f,0f,1f], start_interpolation: 0, interpolation_duration: 1 }
$data merge entity $(bone_right_whisker11) { transformation: [0.291562767743729f,-0.9556709329982359f,-0.04103925301339968f,-0.7692468083909668f,-0.9556450780497662f,-0.2928857204728307f,0.030990959042398514f,3.008355939664348f,-0.04163696992905552f,0.03018315035566014f,-0.9986767946486664f,2.1768792828958774f,0f,0f,0f,1f], start_interpolation: 0, interpolation_duration: 1 }
$data merge entity $(bone_right_whisker10) { transformation: [0.07389698775448138f,-0.994683562106123f,0.07172061402894428f,-0.8024427208588002f,-0.9736609540244449f,-0.0875156459466285f,-0.21053588369385579f,3.4457426963550164f,0.21569325860819663f,-0.05427359385943713f,-0.9749516886495242f,2.0799858268804767f,0f,0f,0f,1f], start_interpolation: 0, interpolation_duration: 1 }
$data merge entity $(bone_right_whisker1) { transformation: [-0.3411794022386662f,-0.9390966586535023f,0.04115921760546353f,-0.6491785362593994f,-0.9382020273916619f,0.3429064374241604f,0.04682019832557527f,3.8672006383473647f,-0.0580824524812974f,-0.02264157412588491f,-0.9980550024096168f,2.1060775535810596f,0f,0f,0f,1f], start_interpolation: 0, interpolation_duration: 1 }
$data merge entity $(bone_left_whisker16) { transformation: [0.2616837051340136f,-0.9228957645251318f,0.2824624688147206f,1.2258451223475784f,-0.9523273525528275f,-0.2944546160899739f,-0.07980659523516102f,1.7459812312057577f,0.15682554653836642f,-0.24811264958659096f,-0.9559528550446744f,2.1161115175254257f,0f,0f,0f,1f], start_interpolation: 0, interpolation_duration: 1 }
$data merge entity $(bone_left_whisker15) { transformation: [-0.8808436857249186f,-0.3799070347198558f,0.2824624688147206f,0.9290764977625229f,-0.4162391791059257f,0.9057460202143846f,-0.07980659523516102f,1.6057443984015152f,-0.22552017004198505f,-0.18786908163976834f,-0.9559528550446744f,2.04013060086089f,0f,0f,0f,1f], start_interpolation: 0, interpolation_duration: 1 }
$data merge entity $(bone_left_whisker14) { transformation: [-0.7165733312429442f,0.6377598408981884f,0.2824624688147206f,0.6876528656543047f,0.6449743928556299f,0.7600256179350028f,-0.07980659523516102f,1.823045341306976f,-0.26557615388415684f,0.12499378152546009f,-0.9559528550446744f,1.9506542599526535f,0f,0f,0f,1f], start_interpolation: 0, interpolation_duration: 1 }
$data merge entity $(bone_left_whisker13) { transformation: [-0.09233852478269601f,0.9942671413178215f,0.05391148798394155f,0.6565427181445097f,0.9893462857745852f,0.08549225086008809f,0.11783463780615958f,2.1563700176665774f,0.1125500940247875f,0.0642178070208178f,-0.9915687316552739f,1.9885739693653017f,0f,0f,0f,1f], start_interpolation: 0, interpolation_duration: 1 }
$data merge entity $(bone_left_whisker12) { transformation: [0.07238121149390749f,0.9968425541349392f,0.03264785580103573f,0.6890577154952885f,0.9409496700496175f,-0.07910370768512995f,0.32917521453472437f,2.5790622522591793f,0.33071842805654267f,0.006893888322021768f,-0.9437042946005985f,2.1371388882188267f,0f,0f,0f,1f], start_interpolation: 0, interpolation_duration: 1 }
$data merge entity $(bone_left_whisker11) { transformation: [0.2927357791060794f,0.9561474474049299f,0.009371363411668276f,0.8205601162655977f,0.9556450780497662f,-0.2928857204728307f,0.030990959042398514f,3.008355939664348f,0.03237666490565938f,-0.00011646522154474398f,-0.9994757315740282f,2.1516830931569157f,0f,0f,0f,1f], start_interpolation: 0, interpolation_duration: 1 }
$data merge entity $(bone_left_whisker10) { transformation: [0.06702472560486157f,0.9924641157455536f,-0.1025800424789804f,0.8506688797209065f,0.9736609540244449f,-0.0875156459466285f,-0.21053588369385579f,3.4457426963550164f,-0.2179266683217117f,-0.08576707218939443f,-0.9721892699275477f,2.053786347621772f,0f,0f,0f,1f], start_interpolation: 0, interpolation_duration: 1 }
$data merge entity $(bone_left_whisker1) { transformation: [-0.33916746498155875f,0.9379075233654541f,-0.07276612063634622f,0.698308495061222f,0.9382020273916619f,0.3429064374241604f,0.04682019832557527f,3.8672006383473647f,0.06886498744760594f,-0.052389433930427096f,-0.9962494470343713f,2.0847217912017513f,0f,0f,0f,1f], start_interpolation: 0, interpolation_duration: 1 }
$data merge entity $(bone_upper_left_tooth1) { transformation: [-0.9998744348350117f,0.0058379616034614605f,-0.014732032028283456f,0.3494885851696693f,4.336808689942018e-19f,0.9296654778924138f,0.36840480346362264f,3.8403458140181232f,0.015846594693051875f,0.36835854465369333f,-0.9295487442932983f,3.1079374285079564f,0f,0f,0f,1f], start_interpolation: 0, interpolation_duration: 1 }
$data merge entity $(bone_upper_right_tooth1) { transformation: [-0.9998744348350117f,0.0058379616034614605f,-0.014732032028283456f,-0.32425493049064125f,4.336808689942018e-19f,0.9296654778924138f,0.36840480346362264f,3.8403458140181232f,0.015846594693051875f,0.36835854465369333f,-0.9295487442932983f,3.118615309697611f,0f,0f,0f,1f], start_interpolation: 0, interpolation_duration: 1 }
$data merge entity $(bone_top_lip1) { transformation: [-0.9998744348350117f,-0.0020729600984644263f,-0.015710423285068872f,0.04141102665410044f,4.336808689942018e-19f,0.9914068977833639f,-0.13081423098259348f,3.9551921840897935f,0.015846594693051875f,-0.13079780527209722f,-0.991282411612673f,3.1583366820614946f,0f,0f,0f,1f], start_interpolation: 0, interpolation_duration: 1 }
$data merge entity $(bone_muzzle1) { transformation: [-0.9998744348350117f,0.0058379616034614605f,-0.014732032028283456f,0.03412209106848922f,4.336808689942018e-19f,0.9296654778924138f,0.36840480346362264f,4.318668802183567f,0.015846594693051875f,0.36835854465369333f,-0.9295487442932983f,2.698425862710045f,0f,0f,0f,1f], start_interpolation: 0, interpolation_duration: 1 }
$data merge entity $(bone_jaw_right_tooth1) { transformation: [-0.9998744348350117f,-0.0021744228846654733f,-0.015696701834605347f,-0.3247696167502998f,4.336808689942018e-19f,0.9905410050960509f,-0.13721704421574407f,3.5953690652519708f,0.015846594693051875f,-0.13719981453494778f,-0.9904166276513183f,3.0861400907018797f,0f,0f,0f,1f], start_interpolation: 0, interpolation_duration: 1 }
$data merge entity $(bone_jaw_left_tooth1) { transformation: [-0.9998744348350117f,-0.0021744228846654733f,-0.015696701834605347f,0.4051191918817033f,4.336808689942018e-19f,0.9905410050960509f,-0.13721704421574407f,3.5953690652519708f,0.015846594693051875f,-0.13719981453494778f,-0.9904166276513183f,3.0745723860797542f,0f,0f,0f,1f], start_interpolation: 0, interpolation_duration: 1 }
$data merge entity $(bone_tongue1) { transformation: [-0.9998744348350117f,0.005963489639660881f,-0.014681667299169981f,0.028552119750834312f,4.336808689942018e-19f,0.9264872096215935f,0.3763262552727271f,3.893940378171537f,0.015846594693051875f,0.3762790018043945f,-0.9263708751022577f,2.3469767323975654f,0f,0f,0f,1f], start_interpolation: 0, interpolation_duration: 1 }
$data merge entity $(bone_jaw_lips1) { transformation: [-0.9998744348350117f,0.005963489639660881f,-0.014681667299169981f,0.09711778831330362f,4.336808689942018e-19f,0.9264872096215935f,0.3763262552727271f,3.436178906124592f,0.015846594693051875f,0.3762790018043945f,-0.9263708751022577f,3.1297767972230215f,0f,0f,0f,1f], start_interpolation: 0, interpolation_duration: 1 }
$data merge entity $(bone_jaw3) { transformation: [-0.9998744348350117f,0.0005843151538146522f,-0.015835818234839726f,0.08284107915988856f,4.336808689942018e-19f,0.9993199511680027f,0.036873231450215094f,3.385135604753709f,0.015846594693051875f,0.036868601456824523f,-0.9991944713934581f,2.228957613506931f,0f,0f,0f,1f], start_interpolation: 0, interpolation_duration: 1 }
$data merge entity $(bone_jaw1) { transformation: [-0.9998744348350117f,0.011610787667105157f,-0.010784441251880352f,0.0731519327226523f,4.336808689942018e-19f,0.680552602043196f,0.7326992260486125f,4.043420065656759f,0.015846594693051875f,0.7326072245494069f,-0.6804671483434371f,1.6176004099171242f,0f,0f,0f,1f], start_interpolation: 0, interpolation_duration: 1 }
$data merge entity $(bone_tear_right1) { transformation: [-0.9998744348350117f,0.007099727590638826f,-0.01416716031901177f,-0.5728030297890229f,4.336808689942018e-19f,0.8940192257976743f,0.44802859719456234f,4.399059504029067f,0.015846594693051875f,0.44797234040983613f,-0.8939069681260843f,2.672956687004235f,0f,0f,0f,1f], start_interpolation: 0, interpolation_duration: 1 }
$data merge entity $(bone_right_pupil1) { transformation: [-0.9998744348350117f,0.007099727590638826f,-0.01416716031901177f,-0.38577196651647716f,4.336808689942018e-19f,0.8940192257976743f,0.44802859719456234f,4.469272626841867f,0.015846594693051875f,0.44797234040983613f,-0.8939069681260843f,2.780563634696004f,0f,0f,0f,1f], start_interpolation: 0, interpolation_duration: 1 }
$data merge entity $(bone_right_sad_pupil1) { transformation: [-0.9998744348350117f,0.007099727590638826f,-0.01416716031901177f,-0.38593107036771607f,4.336808689942018e-19f,0.8940192257976743f,0.44802859719456234f,4.474304198001767f,0.015846594693051875f,0.44797234040983613f,-0.8939069681260843f,2.770524640425057f,0f,0f,0f,1f], start_interpolation: 0, interpolation_duration: 1 }
$data merge entity $(bone_right_happy_pupil1) { transformation: [-0.9998744348350117f,0.007099727590638826f,-0.01416716031901177f,-0.41420268814432315f,4.336808689942018e-19f,0.8940192257976743f,0.44802859719456234f,4.449203881846876f,0.015846594693051875f,0.44797234040983613f,-0.8939069681260843f,2.7583923590118897f,0f,0f,0f,1f], start_interpolation: 0, interpolation_duration: 1 }
$data merge entity $(bone_eyelid_right1) { transformation: [-0.9998744348350117f,0.007099727590638826f,-0.01416716031901177f,0.038034185938045556f,4.336808689942018e-19f,0.8940192257976743f,0.44802859719456234f,4.675681481110661f,0.015846594693051875f,0.44797234040983613f,-0.8939069681260843f,2.2365685839036114f,0f,0f,0f,1f], start_interpolation: 0, interpolation_duration: 1 }
$data merge entity $(bone_eyelid_expressions_right5) { transformation: [-0.9998744348350117f,0.007099727590638826f,-0.01416716031901177f,-0.5142675521843322f,4.336808689942018e-19f,0.8940192257976743f,0.44802859719456234f,4.574706747773967f,0.015846594693051875f,0.44797234040983613f,-0.8939069681260843f,2.822880622323241f,0f,0f,0f,1f], start_interpolation: 0, interpolation_duration: 1 }
$data merge entity $(bone_eyelid_expressions_right7) { transformation: [-0.9998744348350117f,0.007099727590638826f,-0.01416716031901177f,-0.17739579435417674f,4.336808689942018e-19f,0.8940192257976743f,0.44802859719456234f,4.574706747773967f,0.015846594693051875f,0.44797234040983613f,-0.8939069681260843f,2.817541681728414f,0f,0f,0f,1f], start_interpolation: 0, interpolation_duration: 1 }
$data merge entity $(bone_eyelid_expressions_right6) { transformation: [-0.9998744348350117f,0.007099727590638826f,-0.01416716031901177f,-0.2896863802975619f,4.336808689942018e-19f,0.8940192257976743f,0.44802859719456234f,4.574706747773967f,0.015846594693051875f,0.44797234040983613f,-0.8939069681260843f,2.8193213285933565f,0f,0f,0f,1f], start_interpolation: 0, interpolation_duration: 1 }
$data merge entity $(bone_right_eye1) { transformation: [-0.9998744348350117f,0.007099727590638826f,-0.01416716031901177f,0.026964231194945947f,4.336808689942018e-19f,0.8940192257976743f,0.44802859719456234f,4.670649909950761f,0.015846594693051875f,0.44797234040983613f,-0.8939069681260843f,2.246785542861053f,0f,0f,0f,1f], start_interpolation: 0, interpolation_duration: 1 }
$data merge entity $(bone_tear_left1) { transformation: [-0.9998744348350117f,0.007099727590638826f,-0.01416716031901177f,0.6399352983995362f,4.336808689942018e-19f,0.8940192257976743f,0.44802859719456234f,4.399059504029067f,0.015846594693051875f,0.44797234040983613f,-0.8939069681260843f,2.6537365008628577f,0f,0f,0f,1f], start_interpolation: 0, interpolation_duration: 1 }
$data merge entity $(bone_left_sad_pupil1) { transformation: [-0.9998744348350117f,0.007099727590638826f,-0.01416716031901177f,0.4562483242076722f,4.336808689942018e-19f,0.8940192257976743f,0.44802859719456234f,4.474304198001767f,0.015846594693051875f,0.44797234040983613f,-0.8939069681260843f,2.7571772889379895f,0f,0f,0f,1f], start_interpolation: 0, interpolation_duration: 1 }
$data merge entity $(bone_left_pupil1) { transformation: [-0.9998744348350117f,0.007099727590638826f,-0.01416716031901177f,0.4564074280589111f,4.336808689942018e-19f,0.8940192257976743f,0.44802859719456234f,4.469272626841867f,0.015846594693051875f,0.44797234040983613f,-0.8939069681260843f,2.7672162832089366f,0f,0f,0f,1f], start_interpolation: 0, interpolation_duration: 1 }
$data merge entity $(bone_eyelid_left1) { transformation: [-0.9998744348350117f,0.007099727590638826f,-0.01416716031901177f,0.015576068749368534f,4.336808689942018e-19f,0.8940192257976743f,0.44802859719456234f,4.675681481110661f,0.015846594693051875f,0.44797234040983613f,-0.8939069681260843f,2.2369245132766f,0f,0f,0f,1f], start_interpolation: 0, interpolation_duration: 1 }
$data merge entity $(bone_left_happy_pupil1) { transformation: [-0.9998744348350117f,0.007099727590638826f,-0.01416716031901177f,0.4841219994027576f,4.336808689942018e-19f,0.8940192257976743f,0.44802859719456234f,4.449203881846876f,0.015846594693051875f,0.44797234040983613f,-0.8939069681260843f,2.744155184092351f,0f,0f,0f,1f], start_interpolation: 0, interpolation_duration: 1 }
$data merge entity $(bone_eyelid_expressions_left5) { transformation: [-0.9998744348350117f,0.007099727590638826f,-0.01416716031901177f,0.5861801900608419f,4.336808689942018e-19f,0.8940192257976743f,0.44802859719456234f,4.574706747773967f,0.015846594693051875f,0.44797234040983613f,-0.8939069681260843f,2.805440083046806f,0f,0f,0f,1f], start_interpolation: 0, interpolation_duration: 1 }
$data merge entity $(bone_eyelid_expressions_left7) { transformation: [-0.9998744348350117f,0.007099727590638826f,-0.01416716031901177f,0.24930843223068655f,4.336808689942018e-19f,0.8940192257976743f,0.44802859719456234f,4.574706747773967f,0.015846594693051875f,0.44797234040983613f,-0.8939069681260843f,2.8107790236416332f,0f,0f,0f,1f], start_interpolation: 0, interpolation_duration: 1 }
$data merge entity $(bone_eyelid_expressions_left6) { transformation: [-0.9998744348350117f,0.007099727590638826f,-0.01416716031901177f,0.3615990181740717f,4.336808689942018e-19f,0.8940192257976743f,0.44802859719456234f,4.574706747773967f,0.015846594693051875f,0.44797234040983613f,-0.8939069681260843f,2.8089993767766908f,0f,0f,0f,1f], start_interpolation: 0, interpolation_duration: 1 }
$data merge entity $(bone_left_eye1) { transformation: [-0.9998744348350117f,0.007099727590638826f,-0.01416716031901177f,0.026964231194945947f,4.336808689942018e-19f,0.8940192257976743f,0.44802859719456234f,4.670649909950761f,0.015846594693051875f,0.44797234040983613f,-0.8939069681260843f,2.246785542861053f,0f,0f,0f,1f], start_interpolation: 0, interpolation_duration: 1 }
$data merge entity $(bone_crest_middle5) { transformation: [-0.9998744348350117f,0.003865100988333793f,-0.015368004350462717f,0.04355656094985674f,4.336808689942018e-19f,0.9697985370447445f,0.24390735443170591f,5.695896617419416f,0.015846594693051875f,0.2438767281645049f,-0.969676764131435f,3.2937137099303966f,0f,0f,0f,1f], start_interpolation: 0, interpolation_duration: 1 }
$data merge entity $(bone_crest_middle4) { transformation: [-0.9998744348350117f,0.003865100988333793f,-0.015368004350462717f,0.040952147197952135f,4.336808689942018e-19f,0.9697985370447445f,0.24390735443170591f,5.042419087574813f,0.015846594693051875f,0.2438767281645049f,-0.969676764131435f,3.1293827114601735f,0f,0f,0f,1f], start_interpolation: 0, interpolation_duration: 1 }
$data merge entity $(bone_crest_middle1) { transformation: [-0.9998744348350117f,0.003865100988333793f,-0.015368004350462717f,0.04029326660145826f,4.336808689942018e-19f,0.9697985370447445f,0.24390735443170591f,4.531766898123352f,0.015846594693051875f,0.2438767281645049f,-0.969676764131435f,3.087809245563937f,0f,0f,0f,1f], start_interpolation: 0, interpolation_duration: 1 }
$data merge entity $(bone_crest_left5) { transformation: [-0.5432199917504f,-0.8341382602466764f,0.09552697710774288f,-1.0639620394540197f,-0.7540081674300173f,0.5347261329643358f,0.38149658736853065f,5.078284900852352f,-0.36930167074022624f,0.1352084520940006f,-0.9194209865294689f,3.1122795840454085f,0f,0f,0f,1f], start_interpolation: 0, interpolation_duration: 1 }
$data merge entity $(bone_crest_left4) { transformation: [-0.5432199917504f,-0.8341382602466764f,0.09552697710774288f,-0.5955738562100364f,-0.7540081674300173f,0.5347261329643358f,0.38149658736853065f,4.778023644549136f,-0.36930167074022624f,0.1352084520940006f,-0.9194209865294689f,3.0363568692465313f,0f,0f,0f,1f], start_interpolation: 0, interpolation_duration: 1 }
$data merge entity $(bone_crest_left1) { transformation: [-0.5432199917504f,-0.8341382602466764f,0.09552697710774288f,-0.07498279098570323f,-0.7540081674300173f,0.5347261329643358f,0.38149658736853065f,4.469158190128969f,-0.36930167074022624f,0.1352084520940006f,-0.9194209865294689f,2.9012142396811997f,0f,0f,0f,1f], start_interpolation: 0, interpolation_duration: 1 }
$data merge entity $(bone_crest_center1) { transformation: [-0.9998744348350117f,0.007099727590638826f,-0.01416716031901177f,0.03710846433704602f,4.336808689942018e-19f,0.8940192257976743f,0.44802859719456234f,4.444057873974078f,0.015846594693051875f,0.44797234040983613f,-0.8939069681260843f,2.8868574053817246f,0f,0f,0f,1f], start_interpolation: 0, interpolation_duration: 1 }
$data merge entity $(bone_crest_right5) { transformation: [-0.531244292715307f,0.8380039807252536f,-0.12461472523759679f,1.1447694291695287f,0.7540081674300173f,0.5347261329643358f,0.38149658736853065f,5.078284900852352f,0.38633040898464155f,0.10870736411870294f,-0.9159320521087377f,3.077274316234114f,0f,0f,0f,1f], start_interpolation: 0, interpolation_duration: 1 }
$data merge entity $(bone_crest_right4) { transformation: [-0.531244292715307f,0.8380039807252536f,-0.12461472523759679f,0.6742105532740006f,0.7540081674300173f,0.5347261329643358f,0.38149658736853065f,4.778023644549136f,0.38633040898464155f,0.10870736411870294f,-0.9159320521087377f,3.016232583452616f,0f,0f,0f,1f], start_interpolation: 0, interpolation_duration: 1 }
$data merge entity $(bone_crest_right1) { transformation: [-0.531244292715307f,0.8380039807252536f,-0.12461472523759679f,0.14959838090106697f,0.7540081674300173f,0.5347261329643358f,0.38149658736853065f,4.469158190128969f,0.38633040898464155f,0.10870736411870294f,-0.9159320521087377f,2.8976549459513152f,0f,0f,0f,1f], start_interpolation: 0, interpolation_duration: 1 }
$data merge entity $(bone_head1) { transformation: [-1.0480454688049272f,0.007441771758416995f,-0.014849692782297487f,0.017814853032605445f,4.545743483598076e-19f,0.9370904645405306f,0.46961330825732095f,4.8971850488591535f,0.016610037406128583f,0.46955434118478895f,-0.9369727986217415f,1.66948616110977f,0f,0f,0f,1f], start_interpolation: 0, interpolation_duration: 1 }
$data merge entity $(bone_neck10) { transformation: [-1.497207812578468f,0.006697220835115793f,-0.022763894023479447f,-0.00041358770965839974f,6.493919262282969e-19f,1.4365164544443447f,0.4226283920830176f,4.767352841885f,0.02372862486589799f,0.422575324679237f,-1.436336078018734f,0.519324108117651f,0f,0f,0f,1f], start_interpolation: 0, interpolation_duration: 1 }
$data merge entity $(bone_neck9) { transformation: [-1.1453639766225288f,0.008132793421698582f,-0.016228592826367984f,-0.009983393402687574f,4.967848235646474e-19f,1.0241060076764381f,0.513220258309787f,3.4369618390469023f,0.01815239802241197f,0.513155815723377f,-1.0239774156366186f,-0.08450303860642666f,0f,0f,0f,1f], start_interpolation: 0, interpolation_duration: 1 }
$data merge entity $(bone_neck8) { transformation: [-1.0630175469307124f,-0.004610595329007035f,-0.016204157646767803f,-0.006033272284162404f,4.6106826762209085e-19f,1.0225640246779775f,-0.2909518049974865f,2.6831647299062746f,0.016847323654787572f,-0.2909152715860883f,-1.0224356262575076f,0.16473821463563154f,0f,0f,0f,1f], start_interpolation: 0, interpolation_duration: 1 }
$data merge entity $(bone_neck7) { transformation: [-1.05553150786782f,-0.00946849218862432f,-0.013791171377518575f,0.002825101294903911f,4.578213079909493e-19f,0.8702924284146345f,-0.5975095831015285f,1.9083247441166256f,0.016728680530458083f,-0.5974345567121442f,-0.8701831500022725f,0.7236760462323406f,0f,0f,0f,1f], start_interpolation: 0, interpolation_duration: 1 }
$data merge entity $(bone_neck6) { transformation: [-1.049542676617506f,-0.006649740583978919f,-0.015246741374459326f,0.008571486221309928f,4.552237402860361e-19f,0.9621462320320744f,-0.41963214891175166f,1.0545592633620333f,0.01663376603099449f,-0.4195794577317392f,-0.9620254199817064f,1.0862563666057707f,0f,0f,0f,1f], start_interpolation: 0, interpolation_duration: 1 }
$data merge entity $(bone_neck_spine6) { transformation: [-1.2647494581054914f,-0.11259180627108989f,-0.08784794760942914f,-0.012077035199808447f,-0.07299678272140833f,-0.16324453272098313f,1.260161918471488f,0.1203813654743725f,-0.12274219507121073f,1.257242886722383f,0.1557563669702772f,-1.334811704730354f,0f,0f,0f,1f], start_interpolation: 0, interpolation_duration: 1 }
$data merge entity $(bone_neck_spine7) { transformation: [-0.9869505232050545f,-0.16085769433809088f,-0.007312107596494075f,0.42982525811994193f,-0.04002823224277873f,0.20110413262375476f,0.9787516888696364f,0.5786915649250457f,-0.15596924494523767f,0.9662721821587749f,-0.20491867805871627f,-4.951654681589546f,0f,0f,0f,1f], start_interpolation: 0, interpolation_duration: 1 }
$data merge entity $(bone_tail6) { transformation: [-1.645212602096636f,0.4637216669630653f,0.2086615609510745f,0.07698964869968353f,0.5061417708284454f,1.5613942790134256f,0.52074019512029f,-1.660294316395265f,-0.048968757919600425f,0.558848869176872f,-1.628063862290012f,-7.656396128374797f,0f,0f,0f,1f], start_interpolation: 0, interpolation_duration: 1 }
$data merge entity $(bone_tail5) { transformation: [-1.359088671297221f,0.38307442053470614f,0.1723725938291485f,0.31893138798476106f,0.418117115032194f,1.2898474478806559f,0.43017668292545697f,-0.8456538229969561f,-0.04045245219445252f,0.4616577614939378f,-1.3449223210221837f,-7.3648228053259945f,0f,0f,0f,1f], start_interpolation: 0, interpolation_duration: 1 }
$data merge entity $(bone_tail4) { transformation: [-1.0014337577979522f,0.2822653624992571f,0.12701138492674097f,0.43990225762729984f,0.30808629528687975f,0.9504139089646937f,0.3169722926819156f,-0.43833357629780156f,-0.029807070038017646f,0.34016887689026987f,-0.9909953944373985f,-7.219036143801593f,0f,0f,0f,1f], start_interpolation: 0, interpolation_duration: 1 }
$data merge entity $(bone_segment18) { transformation: [-0.9554051254519594f,0.23374721767157572f,0.1804529980103478f,0.5711567988003038f,0.2939258071805263f,0.8115961127012563f,0.5048954047339763f,0.017396662767845322f,-0.028437055638754725f,0.5354194505983201f,-0.8441074255019865f,-6.918385573397263f,0f,0f,0f,1f], start_interpolation: 0, interpolation_duration: 1 }
$data merge entity $(bone_segment17) { transformation: [-0.9983462201119749f,0.02841896514811093f,-0.049971864164174526f,0.5919020883005117f,-0.04378553290601255f,0.18737157720275732f,0.981312752981784f,0.1541742545247411f,0.03725119993058941f,0.9818779223897754f,-0.18581736632314425f,-6.2016338673558975f,0f,0f,0f,1f], start_interpolation: 0, interpolation_duration: 1 }
$data merge entity $(bone_segment16) { transformation: [-0.9938514892063568f,-0.10172874062042576f,-0.043709046364445836f,0.49479286568677516f,-0.043189608306585504f,-0.007304106873369083f,0.999040193264068f,0.1472018282857584f,-0.10195035623591933f,0.994785360444435f,0.002865573032501928f,-5.252021865564456f,0f,0f,0f,1f], start_interpolation: 0, interpolation_duration: 1 }
$data merge entity $(bone_segment15) { transformation: [-0.9869505232050545f,-0.15348408861266333f,-0.04869598841803595f,0.3138045483041668f,-0.04002823224277873f,-0.05906790203097209f,0.9974511133750755f,0.07754900435763457f,-0.15596924494523767f,0.9863841125506835f,0.05215340006953398f,-4.088878490657278f,0f,0f,0f,1f], start_interpolation: 0, interpolation_duration: 1 }
$data merge entity $(bone_segment14) { transformation: [-1.036638954270908f,-0.13601891102377742f,-0.074523367859995f,0.16078327340241721f,-0.04519097256918325f,-0.21689668867561226f,1.0244944121199382f,-0.1664597704024292f,-0.1483666152189964f,1.0164299682273403f,0.20864483028102576f,-2.94539477640152f,0f,0f,0f,1f], start_interpolation: 0, interpolation_duration: 1 }
$data merge entity $(bone_segment13) { transformation: [-1.0192392691791312f,-0.07706382787432173f,-0.08547567150795007f,0.07030880673131863f,-0.05882681901666436f,-0.30590431998270173f,0.9772694429907697f,-0.5616344149238008f,-0.09891576896915218f,0.97600067893033f,0.29955292887896057f,-1.778118842688024f,0f,0f,0f,1f], start_interpolation: 0, interpolation_duration: 1 }
$data merge entity $(bone_segment12) { transformation: [-1.1135444659345621f,-0.04329955606451072f,-0.051163971921692135f,0.018000618197010373f,-0.0558646448997449f,0.12901714485625124f,1.1066650798570645f,-0.40577477684242347f,-0.0370370764020706f,1.1072278925178112f,-0.13095239667081227f,-0.4405281000490574f,0f,0f,0f,1f], start_interpolation: 0, interpolation_duration: 1 }
$data merge entity $(bone_segment11) { transformation: [-1.1902282506801474f,-0.006171655016021438f,-0.021011017076446138f,0.004627900712144552f,-0.02015326509607221f,0.7555488310376974f,0.9197079159738073f,0.4672776346699208f,0.008567267370108836f,0.9199079929391196f,-0.755525464387453f,0.6226183141814473f,0f,0f,0f,1f], start_interpolation: 0, interpolation_duration: 1 }
$data merge entity $(bone_segment10) { transformation: [-1.0480454688049277f,0.007556103388450368f,-0.014791843840983445f,0.008959364431036187f,4.545743483598078e-19f,0.933439904755632f,0.4768282104017863f,1.422821192288895f,0.01661003740612859f,0.4767683373888762f,-0.9333226972199846f,1.1107303632749044f,0f,0f,0f,1f], start_interpolation: 0, interpolation_duration: 1 }