# This file was generated by Animated Java via MC-Build. It is not recommended to edit this file directly.
$data merge entity $(bone_neck_spine5) { transformation: [-1.3669601102027134f,0.004970562798067659f,-0.024433803967191f,0.08135256289854496f,-1.1858461261560207e-18f,1.339746707106852f,0.27254434676323325f,3.789066267223733f,0.024934258979096468f,0.27249901735248167f,-1.339523881245626f,-0.4330441273513026f,0f,0f,0f,1f], start_interpolation: 0, interpolation_duration: 1 }
$data merge entity $(bone_neck_spine2) { transformation: [-1.3018667716216314f,0.003761072063943077f,-0.023447179549898067f,0.012862463615036212f,-1.1293772630057337e-18f,1.2856484252349691f,0.20622592862025818f,4.9247154051707325f,0.023746913313425204f,0.20619162924866208f,-1.2854345969672325f,1.1668097390073382f,0f,0f,0f,1f], start_interpolation: 0, interpolation_duration: 1 }
$data merge entity $(bone_scale_neck_left1) { transformation: [-1.381324471678058f,0.37431757523442477f,0.05734522836934625f,0.693548910479712f,0.3552303826368603f,1.2056806048614972f,0.686735081902229f,4.155136007879294f,0.13120021950355723f,0.6765205468677299f,-1.2556137425461635f,1.001189831796272f,0f,0f,0f,1f], start_interpolation: 0, interpolation_duration: 1 }
$data merge entity $(bone_scale_neck_right1) { transformation: [-1.3851903499351355f,-0.34939641293030554f,-0.10309830008681024f,-0.6734111997230011f,-0.3552303826368603f,1.2056806048614972f,0.686735081902229f,4.155136007879294f,-0.08073715440256998f,0.6897215699795295f,-1.2526871461808515f,1.0261240907753684f,0f,0f,0f,1f], start_interpolation: 0, interpolation_duration: 1 }
$data merge entity $(bone_blush_right1) { transformation: [-0.999833680605413f,0.008137237056991643f,-0.016321657394743658f,-0.5470248356149928f,-8.673617379884035e-19f,0.8949440201164023f,0.4461784406018431f,3.5395561325864566f,0.018237629424710557f,0.4461042324737245f,-0.8947951735687872f,2.064826444206168f,0f,0f,0f,1f], start_interpolation: 0, interpolation_duration: 1 }
$data merge entity $(bone_blush_left1) { transformation: [-0.999833680605413f,0.008137237056991643f,-0.016321657394743658f,0.605127257270151f,-8.673617379884035e-19f,0.8949440201164023f,0.4461784406018431f,3.5395561325864566f,0.018237629424710557f,0.4461042324737245f,-0.8947951735687872f,2.0438104259237866f,0f,0f,0f,1f], start_interpolation: 0, interpolation_duration: 1 }
$data merge entity $(bone_left_head_scales) { transformation: [-0.8793268034057352f,0.008137237056991643f,-0.47614930240979036f,0.6144778049312236f,-0.206022276203271f,0.8949440201164023f,0.39576511034440054f,4.26013822954574f,0.42934740539599714f,0.4461042324737245f,-0.7852718123355469f,2.020965761924371f,0f,0f,0f,1f], start_interpolation: 0, interpolation_duration: 1 }
$data merge entity $(bone_left_head_scales2) { transformation: [-0.8096540853330911f,0.008137237056991643f,-0.5868509584864916f,0.6105114562628821f,-0.25591743993707206f,0.8949440201164023f,0.36548798173667424f,3.4956050438197654f,0.5281728183459373f,0.4461042324737245f,-0.7225126211558789f,1.8035203420575139f,0f,0f,0f,1f], start_interpolation: 0, interpolation_duration: 1 }
$data merge entity $(bone_left_head_scales1) { transformation: [-0.999833680605413f,0.008137237056991643f,-0.016321657394743658f,0.6136831528748767f,-8.673617379884035e-19f,0.8949440201164023f,0.4461784406018431f,4.172741352581248f,0.018237629424710557f,0.4461042324737245f,-0.8947951735687872f,1.9774008954718587f,0f,0f,0f,1f], start_interpolation: 0, interpolation_duration: 1 }
$data merge entity $(bone_right_head_scales) { transformation: [-0.8943998087411756f,0.008137237056991643f,0.4471943285606682f,-0.5572022895282447f,0.206022276203271f,0.8949440201164023f,0.39576511034440054f,4.26013822954574f,-0.3969934556535808f,0.4461042324737245f,-0.802114212526656f,2.0423379839064535f,0f,0f,0f,1f], start_interpolation: 0, interpolation_duration: 1 }
$data merge entity $(bone_right_head_scales2) { transformation: [-0.8283775215007307f,0.008137237056991643f,0.5601111204443139f,-0.5611686381965862f,0.25591743993707206f,0.8949440201164023f,0.36548798173667424f,3.4956050438197654f,-0.4982940354934639f,0.4461042324737245f,-0.7434339701417118f,1.8248925640395965f,0f,0f,0f,1f], start_interpolation: 0, interpolation_duration: 1 }
$data merge entity $(bone_right_head_scales1) { transformation: [-0.999833680605413f,0.008137237056991643f,-0.016321657394743658f,-0.5579969415845916f,-8.673617379884035e-19f,0.8949440201164023f,0.4461784406018431f,4.172741352581248f,0.018237629424710557f,0.4461042324737245f,-0.8947951735687872f,1.9987731174539414f,0f,0f,0f,1f], start_interpolation: 0, interpolation_duration: 1 }
$data merge entity $(bone_head_left_fin1) { transformation: [-0.6806939872429209f,0.022967455780616132f,-0.73220775173874f,0.609507781415764f,-0.07472427865560727f,0.9921181775103676f,0.10058729558401427f,3.8776822892086633f,0.7287468544774198f,0.12318286337178624f,-0.6736126514999509f,1.7484963094293826f,0f,0f,0f,1f], start_interpolation: 0, interpolation_duration: 1 }
$data merge entity $(bone_head_right_fin1) { transformation: [-0.7068179836330567f,-0.01845979778474654f,0.7071545615200729f,-0.5621723130437043f,0.07472427865560727f,0.9921181775103676f,0.10058729558401427f,3.8776822892086633f,-0.7034377159296331f,0.12393852395140498f,-0.6998675746799875f,1.7698685314114653f,0f,0f,0f,1f], start_interpolation: 0, interpolation_duration: 1 }
$data merge entity $(bone_right_whisker16) { transformation: [0.2561512785664998f,0.9139152967899971f,-0.3148735504643083f,-1.0190249136642837f,0.9519923993204842f,-0.29499737040403823f,-0.08177422020863571f,1.4982604894062814f,-0.1676215801285f,-0.2788106557288558f,-0.9456043697695512f,1.849963658979828f,0f,0f,0f,1f], start_interpolation: 0, interpolation_duration: 1 }
$data merge entity $(bone_right_whisker15) { transformation: [-0.8726621737097805f,0.37324975257074405f,-0.3148735504643083f,-0.7633621674602465f,0.41673356991160365f,0.9053430888994514f,-0.08177422020863571f,1.3761705763462413f,0.2545463853305553f,-0.20257964751642293f,-0.9456043697695512f,1.775389522652517f,0f,0f,0f,1f], start_interpolation: 0, interpolation_duration: 1 }
$data merge entity $(bone_right_whisker14) { transformation: [-0.7070821282044558f,-0.6331583618589098f,-0.3148735504643083f,-0.5562092002128474f,-0.6444002744843488f,0.76030340204011f,-0.08177422020863571f,1.5649597192615778f,0.29117546294005137f,0.14508351268967978f,-0.9456043697695512f,1.6900842112442986f,0f,0f,0f,1f], start_interpolation: 0, interpolation_duration: 1 }
$data merge entity $(bone_right_whisker13) { transformation: [-0.09608319120339578f,-0.9915043336741979f,-0.08767654574318426f,-0.5280598277899775f,-0.9895739132928177f,0.0856574693907099f,0.11578543979239508f,1.854873951671583f,-0.1072916142972527f,0.09788745702522147f,-0.9893970665302303f,1.7215173013704468f,0f,0f,0f,1f], start_interpolation: 0, interpolation_duration: 1 }
$data merge entity $(bone_right_whisker12) { transformation: [0.06110402382069295f,-0.9960255981833831f,-0.06480205271713507f,-0.5519285870949356f,-0.941634005028306f,-0.07905660711294524f,0.3272238583082559f,2.222699734885765f,-0.3310463696331261f,0.04102512200132453f,-0.9427222499323457f,1.8508322895083866f,0f,0f,0f,1f], start_interpolation: 0, interpolation_duration: 1 }
$data merge entity $(bone_right_whisker11) { transformation: [0.2914984153728384f,-0.9555849730950612f,-0.04342848178368229f,-0.6657951555999506f,-0.9557195886490327f,-0.29285399492379716f,0.028924134035372195f,2.5960276992017937f,-0.04035767222781583f,0.0330741115086102f,-0.9986377528615009f,1.8665970052223773f,0f,0f,0f,1f], start_interpolation: 0, interpolation_duration: 1 }
$data merge entity $(bone_right_whisker10) { transformation: [0.07444930191803252f,-0.9948072026823989f,0.06939690868575249f,-0.6948769141616821f,-0.9732103630214861f,-0.08766030767211111f,-0.2125494289957467f,2.9761879972570617f,0.21752905725788624f,-0.051713634082820384f,-0.9746829275710349f,1.7816247172310156f,0f,0f,0f,1f], start_interpolation: 0, interpolation_duration: 1 }
$data merge entity $(bone_right_whisker1) { transformation: [-0.34128192974861626f,-0.9391610520173591f,0.038770643542610596f,-0.5615636603536288f,-0.9383313265816415f,0.3428280967083321f,0.04475731965700358f,3.3427236717030153f,-0.0553259973484192f,-0.02110484496484391f,-0.9982452702299233f,1.8032364349452419f,0f,0f,0f,1f], start_interpolation: 0, interpolation_duration: 1 }
$data merge entity $(bone_left_whisker16) { transformation: [0.26209390467600746f,-0.9234753394171044f,0.28017866196437563f,1.0689774781296832f,-0.9519923993204842f,-0.29499737040403823f,-0.08177422020863571f,1.4982604894062814f,0.15816844428555166f,-0.24529543196555187f,-0.9564585167633366f,1.8118771105887101f,0f,0f,0f,1f], start_interpolation: 0, interpolation_duration: 1 }
$data merge entity $(bone_left_whisker15) { transformation: [-0.8813647604890792f,-0.380389374651659f,0.28017866196437563f,0.8107651459551483f,-0.41673356991160365f,0.9053430888994514f,-0.08177422020863571f,1.3761705763462413f,-0.2225517707787531f,-0.18883277002183615f,-0.9564585167633366f,1.7466763964933723f,0f,0f,0f,1f], start_interpolation: 0, interpolation_duration: 1 }
$data merge entity $(bone_left_whisker14) { transformation: [-0.7172306953902027f,0.6380282493510288f,0.28017866196437563f,0.6006389656650498f,0.6444002744843488f,0.76030340204011f,-0.08177422020863571f,1.5649597192615778f,-0.26519505243232216f,0.12189622584926992f,-0.9564585167633366f,1.6689825334760904f,0f,0f,0f,1f], start_interpolation: 0, interpolation_duration: 1 }
$data merge entity $(bone_left_whisker13) { transformation: [-0.09210643601168943f,0.9944146394210771f,0.0515357094670659f,0.5736546582397501f,0.9895739132928177f,0.0856574693907099f,0.11578543979239508f,1.854873951671583f,0.11072431790516171f,0.061662977892969664f,-0.9919363903909403f,1.7014212984873682f,0f,0f,0f,1f], start_interpolation: 0, interpolation_duration: 1 }
$data merge entity $(bone_left_whisker12) { transformation: [0.07313636978073768f,0.9968591728535139f,0.030378625925204752f,0.6022235526853508f,0.941634005028306f,-0.07905660711294524f,0.3272238583082559f,2.222699734885765f,0.32859773582550356f,0.0046735820948949555f,-0.9444584086346814f,1.8297797890442056f,0f,0f,0f,1f], start_interpolation: 0, interpolation_duration: 1 }
$data merge entity $(bone_left_whisker11) { transformation: [0.2927763158494243f,0.9561554828382797f,0.006980079937550426f,0.7165893010640322f,0.9557195886490327f,-0.29285399492379716f,0.028924134035372195f,2.5960276992017937f,0.029700113638869596f,-0.0017973022753581813f,-0.9995572384582933f,1.841381395934389f,0f,0f,0f,1f], start_interpolation: 0, interpolation_duration: 1 }
$data merge entity $(bone_left_whisker10) { transformation: [0.06646666756421789f,0.9922594803264373f,-0.1048966434411349f,0.7425528430813048f,0.9732103630214861f,-0.08766030767211111f,-0.2125494289957467f,2.9761879972570617f,-0.22009945799682212f,-0.08795904820505768f,-0.9715036975886224f,1.7554050451543803f,0f,0f,0f,1f], start_interpolation: 0, interpolation_duration: 1 }
$data merge entity $(bone_left_whisker1) { transformation: [-0.3390372069771911f,0.9377666245357842f,-0.07515005117674267f,0.6101164341058395f,0.9383313265816415f,0.3428280967083321f,0.04475731965700358f,3.3427236717030153f,0.06773546959047388f,-0.055341250565055386f,-0.9961672812059498f,1.7818642129631592f,0f,0f,0f,1f], start_interpolation: 0, interpolation_duration: 1 }
$data merge entity $(bone_upper_left_tooth1) { transformation: [-0.999833680605413f,0.006683746240179062f,-0.01696875550032944f,0.30892422418083876f,-8.673617379884035e-19f,0.930425501317518f,0.3664810861395787f,3.3212019006844065f,0.018237629424710557f,0.3664201332272045f,-0.9302707535114305f,2.6723861554149027f,0f,0f,0f,1f], start_interpolation: 0, interpolation_duration: 1 }
$data merge entity $(bone_upper_right_tooth1) { transformation: [-0.999833680605413f,0.006683746240179062f,-0.01696875550032944f,-0.2769158230488954f,-8.673617379884035e-19f,0.930425501317518f,0.3664810861395787f,3.3212019006844065f,0.018237629424710557f,0.3664201332272045f,-0.9302707535114305f,2.683072266405944f,0f,0f,0f,1f], start_interpolation: 0, interpolation_duration: 1 }
$data merge entity $(bone_top_lip1) { transformation: [-0.999833680605413f,-0.002359253138302435f,-0.018084386958436786f,0.041132495535046706f,-8.673617379884035e-19f,0.9915974569553354f,-0.1293618311547568f,3.421149952583749f,0.018237629424710557f,-0.12934031577331634f,-0.9914325350666207f,2.7166454883355535f,0f,0f,0f,1f], start_interpolation: 0, interpolation_duration: 1 }
$data merge entity $(bone_muzzle1) { transformation: [-0.999833680605413f,0.006683746240179062f,-0.01696875550032944f,0.0338260347790527f,-8.673617379884035e-19f,0.930425501317518f,0.3664810861395787f,3.7363885934698984f,0.018237629424710557f,0.3664201332272045f,-0.9302707535114305f,2.3160865461757543f,0f,0f,0f,1f], start_interpolation: 0, interpolation_duration: 1 }
$data merge entity $(bone_jaw_right_tooth1) { transformation: [-0.999833680605413f,-0.0025389024249424475f,-0.01806004156998786f,-0.2774232488762177f,-8.673617379884035e-19f,0.9902625582203093f,-0.13921230472543925f,3.108052218566916f,0.018237629424710557f,-0.1391891510191983f,-0.9900978583511437f,2.655253879446149f,0f,0f,0f,1f], start_interpolation: 0, interpolation_duration: 1 }
$data merge entity $(bone_jaw_left_tooth1) { transformation: [-0.999833680605413f,-0.0025389024249424475f,-0.01806004156998786f,0.35723680228932764f,-8.673617379884035e-19f,0.9902625582203093f,-0.13921230472543925f,3.108052218566916f,0.018237629424710557f,-0.1391891510191983f,-0.9900978583511437f,2.643677259205854f,0f,0f,0f,1f], start_interpolation: 0, interpolation_duration: 1 }
$data merge entity $(bone_tongue1) { transformation: [-0.999833680605413f,0.006830761109751184f,-0.016910110280378983f,0.028266237203639f,-8.673617379884035e-19f,0.9272098849353255f,0.37454215954711984f,3.366455208814309f,0.018237629424710557f,0.3744798659218965f,-0.9270556719486078f,2.011284165131917f,0f,0f,0f,1f], start_interpolation: 0, interpolation_duration: 1 }
$data merge entity $(bone_jaw_lips1) { transformation: [-0.999833680605413f,0.006830761109751184f,-0.016910110280378983f,0.08953014043879134f,-8.673617379884035e-19f,0.9272098849353255f,0.37454215954711984f,2.969714420046638f,0.018237629424710557f,0.3744798659218965f,-0.9270556719486078f,2.6926001723000708f,0f,0f,0f,1f], start_interpolation: 0, interpolation_duration: 1 }
$data merge entity $(bone_jaw3) { transformation: [-0.999833680605413f,0.0006357625149925814f,-0.018226544737212223f,0.07524408752683996f,-8.673617379884035e-19f,0.9993922078774495f,0.03485993163843859f,2.923750757853704f,0.018237629424710557f,0.03485413375571306f,-0.9992259895704803f,1.9094020640565306f,0f,0f,0f,1f], start_interpolation: 0, interpolation_duration: 1 }
$data merge entity $(bone_jaw1) { transformation: [-0.999833680605413f,0.013337665366858212f,-0.012438561395707273f,0.06552646143644365f,-8.673617379884035e-19f,0.6820273132019009f,0.7313267013083797f,3.4950997432508757f,0.018237629424710557f,0.7312050674941728f,-0.6819138788320773f,1.37665684621897f,0f,0f,0f,1f], start_interpolation: 0, interpolation_duration: 1 }
$data merge entity $(bone_tear_right1) { transformation: [-0.999833680605413f,0.008137237056991643f,-0.016321657394743658f,-0.49398902881250784f,-8.673617379884035e-19f,0.8949440201164023f,0.4461784406018431f,3.8062302999561592f,0.018237629424710557f,0.4461042324737245f,-0.8947951735687872f,2.295057074592651f,0f,0f,0f,1f], start_interpolation: 0, interpolation_duration: 1 }
$data merge entity $(bone_right_pupil1) { transformation: [-0.999833680605413f,0.008137237056991643f,-0.016321657394743658f,-0.3311323291030361f,-8.673617379884035e-19f,0.8949440201164023f,0.4461784406018431f,3.867483908916637f,0.018237629424710557f,0.4461042324737245f,-0.8947951735687872f,2.3881126709231824f,0f,0f,0f,1f], start_interpolation: 0, interpolation_duration: 1 }
$data merge entity $(bone_right_sad_pupil1) { transformation: [-0.999833680605413f,0.008137237056991643f,-0.016321657394743658f,-0.3312917202885316f,-8.673617379884035e-19f,0.8949440201164023f,0.4461784406018431f,3.8718411202506395f,0.018237629424710557f,0.4461042324737245f,-0.8947951735687872f,2.3793744368063f,0f,0f,0f,1f], start_interpolation: 0, interpolation_duration: 1 }
$data merge entity $(bone_right_happy_pupil1) { transformation: [-0.999833680605413f,0.008137237056991643f,-0.016321657394743658f,-0.3559000702796121f,-8.673617379884035e-19f,0.8949440201164023f,0.4461784406018431f,3.8499921806795228f,0.018237629424710557f,0.4461042324737245f,-0.8947951735687872f,2.3689286085261116f,0f,0f,0f,1f], start_interpolation: 0, interpolation_duration: 1 }
$data merge entity $(bone_eyelid_right1) { transformation: [-0.999833680605413f,0.008137237056991643f,-0.016321657394743658f,0.03625573716228905f,-8.673617379884035e-19f,0.8949440201164023f,0.4461784406018431f,4.046003248468512f,0.018237629424710557f,0.4461042324737245f,-0.8947951735687872f,1.9138233708173984f,0f,0f,0f,1f], start_interpolation: 0, interpolation_duration: 1 }
$data merge entity $(bone_eyelid_expressions_right5) { transformation: [-0.999833680605413f,0.008137237056991643f,-0.016321657394743658f,-0.44278276483652534f,-8.673617379884035e-19f,0.8949440201164023f,0.4461784406018431f,3.959237997215132f,0.018237629424710557f,0.4461042324737245f,-0.8947951735687872f,2.4249874688328354f,0f,0f,0f,1f], start_interpolation: 0, interpolation_duration: 1 }
$data merge entity $(bone_eyelid_expressions_right7) { transformation: [-0.999833680605413f,0.008137237056991643f,-0.016321657394743658f,-0.14986274122165824f,-8.673617379884035e-19f,0.8949440201164023f,0.4461784406018431f,3.959237997215132f,0.018237629424710557f,0.4461042324737245f,-0.8947951735687872f,2.419644413337315f,0f,0f,0f,1f], start_interpolation: 0, interpolation_duration: 1 }
$data merge entity $(bone_eyelid_expressions_right6) { transformation: [-0.999833680605413f,0.008137237056991643f,-0.016321657394743658f,-0.2475027490932806f,-8.673617379884035e-19f,0.8949440201164023f,0.4461784406018431f,3.959237997215132f,0.018237629424710557f,0.4461042324737245f,-0.8947951735687872f,2.421425431835822f,0f,0f,0f,1f], start_interpolation: 0, interpolation_duration: 1 }
$data merge entity $(bone_right_eye1) { transformation: [-0.999833680605413f,0.008137237056991643f,-0.016321657394743658f,0.026651127560622365f,-8.673617379884035e-19f,0.8949440201164023f,0.4461784406018431f,4.04164603713451f,0.018237629424710557f,0.4461042324737245f,-0.8947951735687872f,1.9227397067841319f,0f,0f,0f,1f], start_interpolation: 0, interpolation_duration: 1 }
$data merge entity $(bone_tear_left1) { transformation: [-0.999833680605413f,0.008137237056991643f,-0.016321657394743658f,0.5605230562010136f,-8.673617379884035e-19f,0.8949440201164023f,0.4461784406018431f,3.8062302999561592f,0.018237629424710557f,0.4461042324737245f,-0.8947951735687872f,2.2758220748087767f,0f,0f,0f,1f], start_interpolation: 0, interpolation_duration: 1 }
$data merge entity $(bone_left_sad_pupil1) { transformation: [-0.999833680605413f,0.008137237056991643f,-0.016321657394743658f,0.4010083387486362f,-8.673617379884035e-19f,0.8949440201164023f,0.4461784406018431f,3.8718411202506395f,0.018237629424710557f,0.4461042324737245f,-0.8947951735687872f,2.366016798067498f,0f,0f,0f,1f], start_interpolation: 0, interpolation_duration: 1 }
$data merge entity $(bone_left_pupil1) { transformation: [-0.999833680605413f,0.008137237056991643f,-0.016321657394743658f,0.4011677299341317f,-8.673617379884035e-19f,0.8949440201164023f,0.4461784406018431f,3.867483908916637f,0.018237629424710557f,0.4461042324737245f,-0.8947951735687872f,2.374755032184381f,0f,0f,0f,1f], start_interpolation: 0, interpolation_duration: 1 }
$data merge entity $(bone_eyelid_left1) { transformation: [-0.999833680605413f,0.008137237056991643f,-0.016321657394743658f,0.016727735587964584f,-8.673617379884035e-19f,0.8949440201164023f,0.4461784406018431f,4.046003248468512f,0.018237629424710557f,0.4461042324737245f,-0.8947951735687872f,1.9141795745171f,0f,0f,0f,1f], start_interpolation: 0, interpolation_duration: 1 }
$data merge entity $(bone_left_happy_pupil1) { transformation: [-0.999833680605413f,0.008137237056991643f,-0.016321657394743658f,0.42521999269336674f,-8.673617379884035e-19f,0.8949440201164023f,0.4461784406018431f,3.8499921806795228f,0.018237629424710557f,0.4461042324737245f,-0.8947951735687872f,2.3546804605380567f,0f,0f,0f,1f], start_interpolation: 0, interpolation_duration: 1 }
$data merge entity $(bone_eyelid_expressions_left5) { transformation: [-0.999833680605413f,0.008137237056991643f,-0.016321657394743658f,0.5140893123053738f,-8.673617379884035e-19f,0.8949440201164023f,0.4461784406018431f,3.959237997215132f,0.018237629424710557f,0.4461042324737245f,-0.8947951735687872f,2.407533487547468f,0f,0f,0f,1f], start_interpolation: 0, interpolation_duration: 1 }
$data merge entity $(bone_eyelid_expressions_left7) { transformation: [-0.999833680605413f,0.008137237056991643f,-0.016321657394743658f,0.22116928869050678f,-8.673617379884035e-19f,0.8949440201164023f,0.4461784406018431f,3.959237997215132f,0.018237629424710557f,0.4461042324737245f,-0.8947951735687872f,2.412876543042989f,0f,0f,0f,1f], start_interpolation: 0, interpolation_duration: 1 }
$data merge entity $(bone_eyelid_expressions_left6) { transformation: [-0.999833680605413f,0.008137237056991643f,-0.016321657394743658f,0.31880929656212914f,-8.673617379884035e-19f,0.8949440201164023f,0.4461784406018431f,3.959237997215132f,0.018237629424710557f,0.4461042324737245f,-0.8947951735687872f,2.411095524544482f,0f,0f,0f,1f], start_interpolation: 0, interpolation_duration: 1 }
$data merge entity $(bone_left_eye1) { transformation: [-0.999833680605413f,0.008137237056991643f,-0.016321657394743658f,0.026651127560622365f,-8.673617379884035e-19f,0.8949440201164023f,0.4461784406018431f,4.04164603713451f,0.018237629424710557f,0.4461042324737245f,-0.8947951735687872f,1.9227397067841319f,0f,0f,0f,1f], start_interpolation: 0, interpolation_duration: 1 }
$data merge entity $(bone_crest_middle5) { transformation: [-0.999833680605413f,0.004411698822380999f,-0.01769598939120586f,0.043222579389041796f,-8.673617379884035e-19f,0.9703009628668726f,0.24190089181236987f,4.9350462656494205f,0.018237629424710557f,0.24186065900249365f,-0.9701395829981613f,2.8312292526970797f,0f,0f,0f,1f], start_interpolation: 0, interpolation_duration: 1 }
$data merge entity $(bone_crest_middle4) { transformation: [-0.999833680605413f,0.004411698822380999f,-0.01769598939120586f,0.04063759961030293f,-8.673617379884035e-19f,0.9703009628668726f,0.24190089181236987f,4.3665105452196125f,0.018237629424710557f,0.24186065900249365f,-0.9701395829981613f,2.6895140228128063f,0f,0f,0f,1f], start_interpolation: 0, interpolation_duration: 1 }
$data merge entity $(bone_crest_middle1) { transformation: [-0.999833680605413f,0.004411698822380999f,-0.01769598939120586f,0.03999496327923418f,-8.673617379884035e-19f,0.9703009628668726f,0.24190089181236987f,3.9223913288286885f,0.018237629424710557f,0.24186065900249365f,-0.9701395829981613f,2.654283048807344f,0f,0f,0f,1f], start_interpolation: 0, interpolation_duration: 1 }
$data merge entity $(bone_crest_left5) { transformation: [-0.54407312112767f,-0.8338327164941852f,0.09331366336353679f,-0.9201913386552636f,-0.7547881310475688f,0.534977279717795f,0.3795974017501518f,4.397635891887157f,-0.3664414224621907f,0.13609669757079335f,-0.9204337959974146f,2.6768749729758503f,0f,0f,0f,1f], start_interpolation: 0, interpolation_duration: 1 }
$data merge entity $(bone_crest_left4) { transformation: [-0.54407312112767f,-0.8338327164941852f,0.09331366336353679f,-0.5130464575545872f,-0.7547881310475688f,0.534977279717795f,0.3795974017501518f,4.136416517024952f,-0.3664414224621907f,0.13609669757079335f,-0.9204337959974146f,2.6104215073651114f,0f,0f,0f,1f], start_interpolation: 0, interpolation_duration: 1 }
$data merge entity $(bone_crest_left1) { transformation: [-0.54407312112767f,-0.8338327164941852f,0.09331366336353679f,-0.060630757124920547f,-0.7547881310475688f,0.534977279717795f,0.3795974017501518f,3.867610234058859f,-0.3664414224621907f,0.13609669757079335f,-0.9204337959974146f,2.4923796387481123f,0f,0f,0f,1f], start_interpolation: 0, interpolation_duration: 1 }
$data merge entity $(bone_crest_center1) { transformation: [-0.999833680605413f,0.008137237056991643f,-0.016321657394743658f,0.03681059027550169f,-8.673617379884035e-19f,0.8949440201164023f,0.4461784406018431f,3.845761294487742f,0.018237629424710557f,0.4461042324737245f,-0.8947951735687872f,2.47970754304405f,0f,0f,0f,1f], start_interpolation: 0, interpolation_duration: 1 }
$data merge entity $(bone_crest_right5) { transformation: [-0.5303473688748334f,0.8382413690509871f,-0.1268190661496461f,1.0003664371447096f,0.7547881310475688f,0.534977279717795f,0.3795974017501518f,4.397635891887157f,0.3860395647563337f,0.10559695732962673f,-0.9164184290188983f,2.641842725429861f,0f,0f,0f,1f], start_interpolation: 0, interpolation_duration: 1 }
$data merge entity $(bone_crest_right4) { transformation: [-0.5303473688748334f,0.8382413690509871f,-0.1268190661496461f,0.5910688936627824f,0.7547881310475688f,0.534977279717795f,0.3795974017501518f,4.136416517024952f,0.3860395647563337f,0.10559695732962673f,-0.9164184290188983f,2.590281711108754f,0f,0f,0f,1f], start_interpolation: 0, interpolation_duration: 1 }
$data merge entity $(bone_crest_right1) { transformation: [-0.5303473688748334f,0.8382413690509871f,-0.1268190661496461f,0.13464925861832416f,0.7547881310475688f,0.534977279717795f,0.3795974017501518f,3.867610234058859f,0.3860395647563337f,0.10559695732962673f,-0.9164184290188983f,2.4888176017510983f,0f,0f,0f,1f], start_interpolation: 0, interpolation_duration: 1 }
$data merge entity $(bone_head1) { transformation: [-0.999833680605413f,0.008137237056991643f,-0.016321657394743658f,0.01748728633019405f,-8.673617379884035e-19f,0.8949440201164023f,0.4461784406018431f,4.237594222022394f,0.018237629424710557f,0.4461042324737245f,-0.8947951735687872f,1.420354397129328f,0f,0f,0f,1f], start_interpolation: 0, interpolation_duration: 1 }
$data merge entity $(bone_neck10) { transformation: [-1.3018667716216314f,0.006789366636001013f,-0.022755667263283832f,-0.0007629365856959853f,-1.1293772630057337e-18f,1.2477316395326954f,0.37227243069222343f,4.128518837030795f,0.023746913313425204f,0.3722105145669294f,-1.2475241175618013f,0.4198303089964657f,0f,0f,0f,1f], start_interpolation: 0, interpolation_duration: 1 }
$data merge entity $(bone_neck9) { transformation: [-0.999833680605413f,0.008137237056991643f,-0.016321657394743658f,-0.010296457390727192f,-8.673617379884035e-19f,0.8949440201164024f,0.4461784406018431f,2.9705733798223806f,0.018237629424710557f,0.4461042324737245f,-0.8947951735687873f,-0.10282178430177913f,0f,0f,0f,1f], start_interpolation: 0, interpolation_duration: 1 }
$data merge entity $(bone_neck8) { transformation: [-0.999833680605413f,-0.005027351441575089f,-0.0175310257690747f,-0.006293097201876258f,-8.673617379884035e-19f,0.961255729065398f,-0.2756581639258127f,2.3530809591299584f,0.018237629424710557f,-0.27561231662687563f,-0.9610958535944966f,0.11665270216764506f,0f,0f,0f,1f], start_interpolation: 0, interpolation_duration: 1 }
$data merge entity $(bone_neck7) { transformation: [-0.999833680605413f,-0.010318245648662572f,-0.015038116031169734f,0.0024619378758260375f,-8.673617379884035e-19f,0.8245652809895495f,-0.5657668224512863f,1.6928271504261567f,0.018237629424710557f,-0.5656727244558988f,-0.8244281397912179f,0.5966262086864349f,0f,0f,0f,1f], start_interpolation: 0, interpolation_duration: 1 }
$data merge entity $(bone_neck6) { transformation: [-0.999833680605413f,-0.00724612099085092f,-0.016736333458049226f,0.0080783453315636f,-8.673617379884035e-19f,0.9176814084934092f,-0.39731704280782204f,0.9590768371229683f,0.018237629424710557f,-0.3972509612778031f,-0.9175287802771248f,0.9045320887478667f,0f,0f,0f,1f], start_interpolation: 0, interpolation_duration: 1 }
$data merge entity $(bone_neck_spine6) { transformation: [-1.09976356935423f,-0.09928637387272697f,-0.07485976891368513f,-0.01825644194777489f,-0.061814621726278385f,-0.14160829032236386f,1.0959323529169929f,0.19717751702309072f,-0.1078921757100225f,1.0931747278420518f,0.13516645421618237f,-1.1903115912886943f,0f,0f,0f,1f], start_interpolation: 0, interpolation_duration: 1 }
$data merge entity $(bone_neck_spine7) { transformation: [-0.9843383562363686f,-0.17628880796087235f,0.0005065862401189419f,0.39017801874797087f,-0.0343656996356402f,0.19470358257699877f,0.9802599214597294f,0.602648862748308f,-0.17290748720178942f,0.9648900305834944f,-0.19771249265068377f,-4.328434147929471f,0f,0f,0f,1f], start_interpolation: 0, interpolation_duration: 1 }
$data merge entity $(bone_tail6) { transformation: [-1.4359313060376757f,0.3641243934500296f,0.2184238817519965f,0.1758568396754465f,0.4173799340187309f,1.3519642042501112f,0.4900827101509611f,-1.307511391115873f,-0.07803561176464252f,0.5308488468528855f,-1.397964315272571f,-6.731178402895627f,0f,0f,0f,1f], start_interpolation: 0, interpolation_duration: 1 }
$data merge entity $(bone_tail5) { transformation: [-1.1862041223789497f,0.30079841198045926f,0.18043711970817106f,0.3658347840841578f,0.3447921194067778f,1.1168399948153094f,0.4048509344725331f,-0.6021387628114663f,-0.06446420102296557f,0.43852730826977504f,-1.1548400865295152f,-6.454213787146295f,0f,0f,0f,1f], start_interpolation: 0, interpolation_duration: 1 }
$data merge entity $(bone_tail4) { transformation: [-0.9589523852495088f,0.24317176884315023f,0.14586916624828986f,0.46082375628851335f,0.2787372081099003f,0.9028769642296396f,0.3272900186051636f,-0.24945244865926336f,-0.05211421724803953f,0.35451470815914443f,-0.9335970383733343f,-6.315731479271629f,0f,0f,0f,1f], start_interpolation: 0, interpolation_duration: 1 }
$data merge entity $(bone_segment18) { transformation: [-0.9589523852495088f,0.2021176885827274f,0.19889384803521032f,0.5595140339167982f,0.2787372081099003f,0.8007726636786526f,0.5301591364110344f,0.14154982852757875f,-0.05211421724803953f,0.56383648433475f,-0.8242405761024226f,-6.040420695905052f,0f,0f,0f,1f], start_interpolation: 0, interpolation_duration: 1 }
$data merge entity $(bone_segment17) { transformation: [-0.999211775238027f,-0.005447596350968004f,-0.039321138331280814f,0.5560560870143283f,-0.03968018382665034f,0.16563834973873542f,0.9853879541111267f,0.24669135912345574f,0.001145092639938311f,0.9861715169228046f,-0.16572395111455918f,-5.41443291660835f,0f,0f,0f,1f], start_interpolation: 0, interpolation_duration: 1 }
$data merge entity $(bone_segment16) { transformation: [-0.9909199829216504f,-0.12847159383151655f,-0.03965648780396467f,0.4494146272909015f,-0.03723917860887669f,-0.021164570325211518f,0.999082231119884f,0.22912311227147353f,-0.12919299912569698f,0.9914873224309726f,0.016188219036343397f,-4.591420979043578f,0f,0f,0f,1f], start_interpolation: 0, interpolation_duration: 1 }
$data merge entity $(bone_segment15) { transformation: [-0.9843383562363686f,-0.17041302666205016f,-0.04513757620612108f,0.2746747073737602f,-0.0343656996356402f,-0.06564071794234977f,0.9972513699346649f,0.1618157354751188f,-0.17290748720178942f,0.9831839586221353f,0.05875631351327895f,-3.5832733652220528f,0f,0f,0f,1f], start_interpolation: 0, interpolation_duration: 1 }
$data merge entity $(bone_segment14) { transformation: [-0.9879925106061522f,-0.13800420409298758f,-0.069466816817911f,0.13316649028622418f,-0.03947320866037696f,-0.2092303207080346f,0.9770693622739726f,-0.052727073844643146f,-0.14937424404564034f,0.9680792904246399f,0.20127052110708943f,-2.590613936563975f,0f,0f,0f,1f], start_interpolation: 0, interpolation_duration: 1 }
$data merge entity $(bone_segment13) { transformation: [-0.9936687308988806f,-0.07660007451639081f,-0.08218808805350938f,0.05288777342403637f,-0.05585132880680211f,-0.29795110984029466f,0.9529458354048521f,-0.39605672400751235f,-0.0974837540532909f,0.9515027928119919f,0.29178648523647777f,-1.57561539815191f,0f,0f,0f,1f], start_interpolation: 0, interpolation_duration: 1 }
$data merge entity $(bone_segment12) { transformation: [-0.9984025156082944f,-0.03526081133103479f,-0.04414852218712049f,0.011566510145479963f,-0.047990939626082654f,0.11682283891786793f,0.9919925876844927f,-0.25915495965063584f,-0.029820907780199968f,0.9925266240718418f,-0.1183284157238565f,-0.4124982605677202f,0f,0f,0f,1f], start_interpolation: 0, interpolation_duration: 1 }
$data merge entity $(bone_segment11) { transformation: [-1.0349840379448163f,-0.001223210277090719f,-0.01884162599468445f,0.0039060752592959616f,-0.015340135848622271f,0.6567332227845333f,0.8000091350961245f,0.4997132147257929f,0.011008330738643485f,0.8001552597850753f,-0.6566420933862602f,0.5122761530742944f,0f,0f,0f,1f], start_interpolation: 0, interpolation_duration: 1 }
$data merge entity $(bone_segment10) { transformation: [-0.999833680605413f,0.008324160047827815f,-0.016227121942329007f,0.008606290517737172f,-8.673617379884035e-19f,0.8897604817182287f,0.45642774364903105f,1.3208297874800623f,0.018237629424710557f,0.45635183086303455f,-0.8896124972935819f,0.9334753996550742f,0f,0f,0f,1f], start_interpolation: 0, interpolation_duration: 1 }