# This file was generated by Animated Java via MC-Build. It is not recommended to edit this file directly.
$data merge entity $(bone_neck_spine5) { transformation: [-1.5718616254489544f,0.00700009155184214f,-0.0349460257522815f,0.09346582156821591f,2.727446090158848e-18f,1.541640863493994f,0.30880842534188274f,4.356155574302468f,0.035640230044337445f,0.308729075858428f,-1.5412447330903125f,-0.4872303974171881f,0f,0f,0f,1f], start_interpolation: 0, interpolation_duration: 1 }
$data merge entity $(bone_neck_spine2) { transformation: [-1.4970110718561465f,0.0056945551942325905f,-0.033461985375630054f,0.023025899910479642f,2.5975677049131876e-18f,1.4761725523349916f,0.2512148033393412f,5.656868133470053f,0.03394307623270232f,0.25115025275313513f,-1.475793244259481f,1.3604285499933755f,0f,0f,0f,1f], start_interpolation: 0, interpolation_duration: 1 }
$data merge entity $(bone_scale_neck_left1) { transformation: [-1.5877509683823452f,0.43420678033011406f,0.05971947047616664f,0.8047729425041328f,0.4073369028321857f,1.378994976058587f,0.8034329993434002f,4.773567734108095f,0.1617979938988127f,0.7892353316712356f,-1.4366572594915552f,1.1580892073971911f,0f,0f,0f,1f], start_interpolation: 0, interpolation_duration: 1 }
$data merge entity $(bone_scale_neck_right1) { transformation: [-1.5934526760200247f,-0.3979888611564988f,-0.12477386151613296f,-0.7670886829448209f,-0.4073369028321857f,1.378994976058587f,0.8034329993434002f,4.773567734108095f,-0.08966770719370787f,0.808104450698177f,-1.4324740765145079f,1.1937294374415286f,0f,0f,0f,1f], start_interpolation: 0, interpolation_duration: 1 }
$data merge entity $(bone_blush_right1) { transformation: [-0.9997430462482787f,0.010053178025593378f,-0.020316867125561914f,-0.6163780841957168f,1.734723475976807e-18f,0.8962768127331091f,0.44349506756781326f,4.063384669269513f,0.022668071779752507f,0.4433811098463318f,-0.8960465110434965f,2.3908633228905094f,0f,0f,0f,1f], start_interpolation: 0, interpolation_duration: 1 }
$data merge entity $(bone_blush_left1) { transformation: [-0.9997430462482787f,0.010053178025593378f,-0.020316867125561914f,0.7084767143969729f,1.734723475976807e-18f,0.8962768127331091f,0.44349506756781326f,4.063384669269513f,0.022668071779752507f,0.4433811098463318f,-0.8960465110434965f,2.3608237004245676f,0f,0f,0f,1f], start_interpolation: 0, interpolation_duration: 1 }
$data merge entity $(bone_left_head_scales) { transformation: [-0.8774016271963105f,0.010053178025593378f,-0.47965124643312695f,0.7190570430961404f,-0.20478323242601543f,0.8962768127331091f,0.3933849293937578f,4.891972249556666f,0.43385505910432703f,0.4433811098463318f,-0.7843360116181176f,2.3320228958246245f,0f,0f,0f,1f], start_interpolation: 0, interpolation_duration: 1 }
$data merge entity $(bone_left_head_scales2) { transformation: [-0.8072882838542841f,0.010053178025593378f,-0.5900716569732786f,0.7134474100840442f,-0.25437832039481273f,0.8962768127331091f,0.3632898912302588f,4.012013688160271f,0.5325197619475908f,0.4433811098463318f,-0.7209964594689187f,2.0846180150593687f,0f,0f,0f,1f], start_interpolation: 0, interpolation_duration: 1 }
$data merge entity $(bone_left_head_scales1) { transformation: [-0.9997430462482787f,0.010053178025593378f,-0.020316867125561914f,0.7179280240795942f,1.734723475976807e-18f,0.8962768127331091f,0.44349506756781326f,4.791316162189178f,0.022668071779752507f,0.4433811098463318f,-0.8960465110434965f,2.282229118839929f,0f,0f,0f,1f], start_interpolation: 0, interpolation_duration: 1 }
$data merge entity $(bone_right_head_scales) { transformation: [-0.8961641976373278f,0.010053178025593378f,0.44360868395989517f,-0.6282529215743914f,0.20478323242601543f,0.8962768127331091f,0.3933849293937578f,4.891972249556666f,-0.393641408632523f,0.4433811098463318f,-0.8052699130361435f,2.3625716644340566f,0f,0f,0f,1f], start_interpolation: 0, interpolation_duration: 1 }
$data merge entity $(bone_right_head_scales2) { transformation: [-0.8305948363416791f,0.010053178025593378f,0.5567864504943748f,-0.6338625545864875f,0.25437832039481273f,0.8962768127331091f,0.3632898912302588f,4.012013688160271f,-0.49538256727064306f,0.4433811098463318f,-0.747000203129679f,2.115166783668801f,0f,0f,0f,1f], start_interpolation: 0, interpolation_duration: 1 }
$data merge entity $(bone_right_head_scales1) { transformation: [-0.9997430462482787f,0.010053178025593378f,-0.020316867125561914f,-0.6293819405909375f,1.734723475976807e-18f,0.8962768127331091f,0.44349506756781326f,4.791316162189178f,0.022668071779752507f,0.4433811098463318f,-0.8960465110434965f,2.312777887449361f,0f,0f,0f,1f], start_interpolation: 0, interpolation_duration: 1 }
$data merge entity $(bone_head_left_fin1) { transformation: [-0.7100906710283182f,0.024575249523735073f,-0.7706117661018242f,0.7119829541216449f,-0.07607467954343426f,1.0402989741050714f,0.1032757746689573f,4.451210928507783f,0.7672412137496851f,0.12589400149314348f,-0.7029699981771113f,2.020030268947969f,0f,0f,0f,1f], start_interpolation: 0, interpolation_duration: 1 }
$data merge entity $(bone_head_right_fin1) { transformation: [-0.7441357429424427f,-0.018843912009682596f,0.7379580618712989f,-0.6353270105488869f,0.07607467954343426f,1.0402989741050714f,0.1032757746689573f,4.451210928507783f,-0.7342682324825418f,0.12687848312964958f,-0.7371751564661254f,2.050579037557401f,0f,0f,0f,1f], start_interpolation: 0, interpolation_duration: 1 }
$data merge entity $(bone_right_whisker16) { transformation: [0.25534133278793525f,0.9126908754098672f,-0.3190551201809042f,-1.1601083390516034f,0.9514999902426721f,-0.29578132244613475f,-0.08462374288703069f,1.7151353585262077f,-0.17160586335634198f,-0.28197300444472684f,-0.9439505561342386f,2.153211623302533f,0f,0f,0f,1f], start_interpolation: 0, interpolation_duration: 1 }
$data merge entity $(bone_right_whisker15) { transformation: [-0.8715539465626753f,0.37228691693017374f,-0.3190551201809042f,-0.8664695582272646f,0.41744654285336236f,0.9047525661746229f,-0.08462374288703069f,1.574491747896901f,0.25716162639632123f,-0.20694261398527933f,-0.9439505561342386f,2.0665702550342413f,0f,0f,0f,1f], start_interpolation: 0, interpolation_duration: 1 }
$data merge entity $(bone_right_whisker14) { transformation: [-0.705741145735247f,-0.6325608788904429f,-0.3190551201809042f,-0.6286954417441982f,-0.6435637637551004f,0.760700009281687f,-0.08462374288703069f,1.7913174300214219f,0.2962349020586026f,0.14560985672746038f,-0.9439505561342386f,1.9667645507273879f,0f,0f,0f,1f], start_interpolation: 0, interpolation_duration: 1 }
$data merge entity $(bone_right_whisker13) { transformation: [-0.09649047588589567f,-0.9910666498394048f,-0.0920678208681618f,-0.5961864435209229f,-0.989896128258751f,0.08589614176475012f,0.11281625808483575f,2.1248273560460986f,-0.10390016035429245f,0.1020232738448853f,-0.9893411991180412f,2.001769975846754f,0f,0f,0f,1f], start_interpolation: 0, interpolation_duration: 1 }
$data merge entity $(bone_right_whisker12) { transformation: [0.059700424826493854f,-0.9958286547427145f,-0.06900108454837256f,-0.6230049937359494f,-0.9426181333686184f,-0.07898778121169978f,0.3243947981455839f,2.5482690956452827f,-0.32849187801252794f,0.045675166256600994f,-0.9434017517830006f,2.1493346866726943f,0f,0f,0f,1f], start_interpolation: 0, interpolation_duration: 1 }
$data merge entity $(bone_right_whisker11) { transformation: [0.29138162670643275f,-0.9554091393873051f,-0.04785523997559887f,-0.7538990838579799f,-0.9558202676290595f,-0.29280581795560945f,0.02593007830415689f,2.9776414814942744f,-0.03878612648133703f,0.03818545988403931f,-0.9985176548494362f,2.1667581419279824f,0f,0f,0f,1f], start_interpolation: 0, interpolation_duration: 1 }
$data merge entity $(bone_right_whisker10) { transformation: [0.07547859496947858f,-0.9950206361089948f,0.06509159253455743f,-0.7878054839419253f,-0.9725502893990451f,-0.08786918791787945f,-0.21546447596874585f,3.4145293068102514f,0.22011114531360582f,-0.0470418912449727f,-0.9743398504509752f,2.067880088369136f,0f,0f,0f,1f], start_interpolation: 0, interpolation_duration: 1 }
$data merge entity $(bone_right_whisker1) { transformation: [-0.3414600137179852f,-0.939268633788261f,0.03434374198085117f,-0.6344152434045491f,-0.9385114998278461f,0.342712017607939f,0.0417688601470369f,3.8361262696235414f,-0.05100219331166422f,-0.01796960123735747f,-0.9985368644715976f,2.0907912298958604f,0f,0f,0f,1f], start_interpolation: 0, interpolation_duration: 1 }
$data merge entity $(bone_left_whisker16) { transformation: [0.26285687182209316f,-0.924533202376221f,0.27594315110158624f,1.240876743841456f,-0.9514999902426721f,-0.29578132244613475f,-0.08462374288703069f,1.7151353585262077f,0.1598562901611893f,-0.24031597324352946f,-0.9574414862015936f,2.0987719326186345f,0f,0f,0f,1f], start_interpolation: 0, interpolation_duration: 1 }
$data merge entity $(bone_left_whisker15) { transformation: [-0.8823139860875656f,-0.38128389333198687f,0.27594315110158624f,0.9436127543881259f,-0.41744654285336236f,0.9047525661746229f,-0.08462374288703069f,1.574491747896901f,-0.21739460392117968f,-0.18985622635572558f,-0.9574414862015936f,2.0255286334459712f,0f,0f,0f,1f], start_interpolation: 0, interpolation_duration: 1 }
$data merge entity $(bone_left_whisker14) { transformation: [-0.7184425647082656f,0.6385104999728167f,0.27594315110158624f,0.7015593512393453f,0.6435637637551004f,0.760700009281687f,-0.08462374288703069f,1.7913174300214219f,-0.2639431059845637f,0.11678971403040792f,-0.9574414862015936f,1.936602489339844f,0f,0f,0f,1f], start_interpolation: 0, interpolation_duration: 1 }
$data merge entity $(bone_left_whisker13) { transformation: [-0.09168209204601785f,0.9946723008252012f,0.047131814829962586f,0.6706703651496225f,0.989896128258751f,0.08589614176475012f,0.11281625808483575f,2.1248273560460986f,0.10816676595146876f,0.056998831576009476f,-0.9924973974487639f,1.97304539388404f,0f,0f,0f,1f], start_interpolation: 0, interpolation_duration: 1 }
$data merge entity $(bone_left_whisker12) { transformation: [0.07452779995925125f,0.9968754624178734f,0.026170966019330826f,0.7041496502875674f,0.9426181333686184f,-0.07898778121169978f,0.3243947981455839f,2.5482690956452827f,0.32544840094536526f,0.0004927965135793373f,-0.9455596731426847f,2.1192429177462158f,0f,0f,0f,1f], start_interpolation: 0, interpolation_duration: 1 }
$data merge entity $(bone_left_whisker11) { transformation: [0.2928401403422066f,0.9561580183559545f,0.0025487522380504696f,0.835698932081918f,0.9558202676290595f,-0.29280581795560945f,0.02593007830415689f,2.9776414814942744f,0.02553954177094586f,-0.005157218723380187f,-0.9996605098237947f,2.130715758776133f,0f,0f,0f,1f], start_interpolation: 0, interpolation_duration: 1 }
$data merge entity $(bone_left_whisker10) { transformation: [0.06542460055991182f,0.9918659204299184f,-0.1091861599804984f,0.8650888893646909f,0.9725502893990451f,-0.08786918791787945f,-0.21546447596874585f,3.4145293068102514f,-0.2233059699860482f,-0.09209235421229828f,-0.9703882944802181f,2.0304025300714628f,0f,0f,0f,1f], start_interpolation: 0, interpolation_duration: 1 }
$data merge entity $(bone_left_whisker1) { transformation: [-0.33879745246321125f,0.9374889003335443f,-0.07956662589201705f,0.7128947212659826f,0.9385114998278461f,0.342712017607939f,0.0417688601470369f,3.8361262696235414f,0.0664262816611404f,-0.0605230099920499f,-0.9959540724180894f,2.0602424612864283f,0f,0f,0f,1f], start_interpolation: 0, interpolation_duration: 1 }
$data merge entity $(bone_upper_left_tooth1) { transformation: [-0.9997430462482787f,0.008244191003434737f,-0.02111574751011429f,0.3710668133202131f,1.734723475976807e-18f,0.9315193508860873f,0.3636917636196382f,3.814425246653539f,0.022668071779752507f,0.3635983116565059f,-0.9312799934940761f,3.085937103227158f,0f,0f,0f,1f], start_interpolation: 0, interpolation_duration: 1 }
$data merge entity $(bone_upper_right_tooth1) { transformation: [-0.9997430462482787f,0.008244191003434737f,-0.02111574751011429f,-0.3025881690150528f,1.734723475976807e-18f,0.9315193508860873f,0.3636917636196382f,3.814425246653539f,0.022668071779752507f,0.3635983116565059f,-0.9312799934940761f,3.1012114875318737f,0f,0f,0f,1f], start_interpolation: 0, interpolation_duration: 1 }
$data merge entity $(bone_top_lip1) { transformation: [-0.9997430462482787f,-0.002830985397327566f,-0.022490598033225576f,0.06332708645630422f,1.734723475976807e-18f,0.9921707612252466f,-0.1248886727037915f,3.9295006352151503f,0.022668071779752507f,-0.12485658209079281f,-0.9919158192258016f,3.1378550287965368f,0f,0f,0f,1f], start_interpolation: 0, interpolation_duration: 1 }
$data merge entity $(bone_muzzle1) { transformation: [-0.9997430462482787f,0.008244191003434737f,-0.02111574751011429f,0.05285889127053936f,1.734723475976807e-18f,0.9315193508860873f,0.3636917636196382f,4.290643068915484f,0.022668071779752507f,0.3635983116565059f,-0.9312799934940761f,2.676170177723933f,0f,0f,0f,1f], start_interpolation: 0, interpolation_duration: 1 }
$data merge entity $(bone_jaw_right_tooth1) { transformation: [-0.9997430462482787f,-0.003242184575353141f,-0.022435010973729297f,-0.30328824843709734f,1.734723475976807e-18f,0.9897185429670565f,-0.14302868840609156f,3.570466071472329f,0.022668071779752507f,-0.14299193664800183f,-0.9894642310742927f,3.0703354809261567f,0f,0f,0f,1f], start_interpolation: 0, interpolation_duration: 1 }
$data merge entity $(bone_jaw_left_tooth1) { transformation: [-0.9997430462482787f,-0.003242184575353141f,-0.022435010973729297f,0.42650464909277397f,1.734723475976807e-18f,0.9897185429670565f,-0.14302868840609156f,3.570466071472329f,0.022668071779752507f,-0.14299193664800183f,-0.9894642310742927f,3.0537882312627147f,0f,0f,0f,1f], start_interpolation: 0, interpolation_duration: 1 }
$data merge entity $(bone_tongue1) { transformation: [-0.9997430462482787f,0.008378921706269617f,-0.02106264820131162f,0.0449289680628433f,1.734723475976807e-18f,0.9291768795317266f,0.36963539676779267f,3.863671514638354f,0.022668071779752507f,0.3695404175658241f,-0.9289381240465179f,2.3264321999547657f,0f,0f,0f,1f], start_interpolation: 0, interpolation_duration: 1 }
$data merge entity $(bone_jaw_lips1) { transformation: [-0.9997430462482787f,0.008378921706269617f,-0.02106264820131162f,0.11890821825060865f,1.734723475976807e-18f,0.9291768795317266f,0.36963539676779267f,3.4115739898264903f,0.022668071779752507f,0.3695404175658241f,-0.9289381240465179f,3.1120260239423176f,0f,0f,0f,1f], start_interpolation: 0, interpolation_duration: 1 }
$data merge entity $(bone_jaw3) { transformation: [-0.9997430462482787f,0.00070287026502131f,-0.022657172189012482f,0.09849296314034908f,1.734723475976807e-18f,0.9995191655097124f,0.03100706014391258f,3.355243520572715f,0.022668071779752507f,0.03099909276347873f,-0.9992623353102171f,2.211640250852557f,0f,0f,0f,1f], start_interpolation: 0, interpolation_duration: 1 }
$data merge entity $(bone_jaw1) { transformation: [-0.9997430462482787f,0.016518044428052936f,-0.015524035766671026f,0.08454558725623058f,1.734723475976807e-18f,0.684841477365417f,0.7286920823502565f,4.0099278133092735f,0.022668071779752507f,0.7285048421858469f,-0.6846655047784735f,1.5965110864031469f,0f,0f,0f,1f], start_interpolation: 0, interpolation_duration: 1 }
$data merge entity $(bone_tear_right1) { transformation: [-0.9997430462482787f,0.010053178025593378f,-0.020316867125561914f,-0.554235090971036f,1.734723475976807e-18f,0.8962768127331091f,0.44349506756781326f,4.370855057581825f,0.022668071779752507f,0.4433811098463318f,-0.8960465110434965f,2.654435878045602f,0f,0f,0f,1f], start_interpolation: 0, interpolation_duration: 1 }
$data merge entity $(bone_right_pupil1) { transformation: [-0.9997430462482787f,0.010053178025593378f,-0.020316867125561914f,-0.36648230344683985f,1.734723475976807e-18f,0.8962768127331091f,0.44349506756781326f,4.441627199966716f,0.022668071779752507f,0.4433811098463318f,-0.8960465110434965f,2.760407341537762f,0f,0f,0f,1f], start_interpolation: 0, interpolation_duration: 1 }
$data merge entity $(bone_right_sad_pupil1) { transformation: [-0.9997430462482787f,0.010053178025593378f,-0.020316867125561914f,-0.3667104713881914f,1.734723475976807e-18f,0.8962768127331091f,0.44349506756781326f,4.446607857463816f,0.022668071779752507f,0.4433811098463318f,-0.8960465110434965f,2.7503443191969414f,0f,0f,0f,1f], start_interpolation: 0, interpolation_duration: 1 }
$data merge entity $(bone_right_happy_pupil1) { transformation: [-0.9997430462482787f,0.010053178025593378f,-0.020316867125561914f,-0.39506132084411255f,1.734723475976807e-18f,0.8962768127331091f,0.44349506756781326f,4.421444157721423f,0.022668071779752507f,0.4433811098463318f,-0.8960465110434965f,2.7385324588238786f,0f,0f,0f,1f], start_interpolation: 0, interpolation_duration: 1 }
$data merge entity $(bone_eyelid_right1) { transformation: [-0.9997430462482787f,0.010053178025593378f,-0.020316867125561914f,0.05357892831707878f,1.734723475976807e-18f,0.8962768127331091f,0.44349506756781326f,4.645312688635045f,0.022668071779752507f,0.4433811098463318f,-0.8960465110434965f,2.2124952422550366f,0f,0f,0f,1f], start_interpolation: 0, interpolation_duration: 1 }
$data merge entity $(bone_eyelid_expressions_right5) { transformation: [-0.9997430462482787f,0.010053178025593378f,-0.020316867125561914f,-0.49469829803658066f,1.734723475976807e-18f,0.8962768127331091f,0.44349506756781326f,4.547263944831304f,0.022668071779752507f,0.4433811098463318f,-0.8960465110434965f,2.803065678360369f,0f,0f,0f,1f], start_interpolation: 0, interpolation_duration: 1 }
$data merge entity $(bone_eyelid_expressions_right7) { transformation: [-0.9997430462482787f,0.010053178025593378f,-0.020316867125561914f,-0.15787080686894772f,1.734723475976807e-18f,0.8962768127331091f,0.44349506756781326f,4.547263944831304f,0.022668071779752507f,0.4433811098463318f,-0.8960465110434965f,2.795428486208011f,0f,0f,0f,1f], start_interpolation: 0, interpolation_duration: 1 }
$data merge entity $(bone_eyelid_expressions_right6) { transformation: [-0.9997430462482787f,0.010053178025593378f,-0.020316867125561914f,-0.27014663725815874f,1.734723475976807e-18f,0.8962768127331091f,0.44349506756781326f,4.547263944831304f,0.022668071779752507f,0.4433811098463318f,-0.8960465110434965f,2.7979742169254638f,0f,0f,0f,1f], start_interpolation: 0, interpolation_duration: 1 }
$data merge entity $(bone_right_eye1) { transformation: [-0.9997430462482787f,0.010053178025593378f,-0.020316867125561914f,0.04257951321950921f,1.734723475976807e-18f,0.8962768127331091f,0.44349506756781326f,4.6403320311379455f,0.022668071779752507f,0.4433811098463318f,-0.8960465110434965f,2.222812837667602f,0f,0f,0f,1f], start_interpolation: 0, interpolation_duration: 1 }
$data merge entity $(bone_tear_left1) { transformation: [-0.9997430462482787f,0.010053178025593378f,-0.020316867125561914f,0.6583438772324427f,1.734723475976807e-18f,0.8962768127331091f,0.44349506756781326f,4.370855057581825f,0.022668071779752507f,0.4433811098463318f,-0.8960465110434965f,2.626941986297113f,0f,0f,0f,1f], start_interpolation: 0, interpolation_duration: 1 }
$data merge entity $(bone_left_sad_pupil1) { transformation: [-0.9997430462482787f,0.010053178025593378f,-0.020316867125561914f,0.4753582565308909f,1.734723475976807e-18f,0.8962768127331091f,0.44349506756781326f,4.446607857463816f,0.022668071779752507f,0.4433811098463318f,-0.8960465110434965f,2.7312513388160466f,0f,0f,0f,1f], start_interpolation: 0, interpolation_duration: 1 }
$data merge entity $(bone_left_pupil1) { transformation: [-0.9997430462482787f,0.010053178025593378f,-0.020316867125561914f,0.4755864244722425f,1.734723475976807e-18f,0.8962768127331091f,0.44349506756781326f,4.441627199966716f,0.022668071779752507f,0.4433811098463318f,-0.8960465110434965f,2.741314361156867f,0f,0f,0f,1f], start_interpolation: 0, interpolation_duration: 1 }
$data merge entity $(bone_eyelid_left1) { transformation: [-0.9997430462482787f,0.010053178025593378f,-0.020316867125561914f,0.031123762239236585f,1.734723475976807e-18f,0.8962768127331091f,0.44349506756781326f,4.645312688635045f,0.022668071779752507f,0.4433811098463318f,-0.8960465110434965f,2.213004388398527f,0f,0f,0f,1f], start_interpolation: 0, interpolation_duration: 1 }
$data merge entity $(bone_left_happy_pupil1) { transformation: [-0.9997430462482787f,0.010053178025593378f,-0.020316867125561914f,0.5031453222695753f,1.734723475976807e-18f,0.8962768127331091f,0.44349506756781326f,4.421444157721423f,0.022668071779752507f,0.4433811098463318f,-0.8960465110434965f,2.718166613084257f,0f,0f,0f,1f], start_interpolation: 0, interpolation_duration: 1 }
$data merge entity $(bone_eyelid_expressions_left5) { transformation: [-0.9997430462482787f,0.010053178025593378f,-0.020316867125561914f,0.6056048397776871f,1.734723475976807e-18f,0.8962768127331091f,0.44349506756781326f,4.547263944831304f,0.022668071779752507f,0.4433811098463318f,-0.8960465110434965f,2.778117517329333f,0f,0f,0f,1f], start_interpolation: 0, interpolation_duration: 1 }
$data merge entity $(bone_eyelid_expressions_left7) { transformation: [-0.9997430462482787f,0.010053178025593378f,-0.020316867125561914f,0.268777348610054f,1.734723475976807e-18f,0.8962768127331091f,0.44349506756781326f,4.547263944831304f,0.022668071779752507f,0.4433811098463318f,-0.8960465110434965f,2.785754709481691f,0f,0f,0f,1f], start_interpolation: 0, interpolation_duration: 1 }
$data merge entity $(bone_eyelid_expressions_left6) { transformation: [-0.9997430462482787f,0.010053178025593378f,-0.020316867125561914f,0.381053178999265f,1.734723475976807e-18f,0.8962768127331091f,0.44349506756781326f,4.547263944831304f,0.022668071779752507f,0.4433811098463318f,-0.8960465110434965f,2.7832089787642382f,0f,0f,0f,1f], start_interpolation: 0, interpolation_duration: 1 }
$data merge entity $(bone_left_eye1) { transformation: [-0.9997430462482787f,0.010053178025593378f,-0.020316867125561914f,0.04257951321950921f,1.734723475976807e-18f,0.8962768127331091f,0.44349506756781326f,4.6403320311379455f,0.022668071779752507f,0.4433811098463318f,-0.8960465110434965f,2.222812837667602f,0f,0f,0f,1f], start_interpolation: 0, interpolation_duration: 1 }
$data merge entity $(bone_crest_middle5) { transformation: [-0.9997430462482787f,0.005417502688164315f,-0.022011182222582783f,0.06619633049038982f,1.734723475976807e-18f,0.971021374753345f,0.23899265631421368f,5.670868450966824f,0.022668071779752507f,0.23893124625453988f,-0.9707718671681006f,3.2643989536145543f,0f,0f,0f,1f], start_interpolation: 0, interpolation_duration: 1 }
$data merge entity $(bone_crest_middle4) { transformation: [-0.9997430462482787f,0.005417502688164315f,-0.022011182222582783f,0.0625458648118416f,1.734723475976807e-18f,0.971021374753345f,0.23899265631421368f,5.016566938681856f,0.022668071779752507f,0.23893124625453988f,-0.9707718671681006f,3.1034003599469444f,0f,0f,0f,1f], start_interpolation: 0, interpolation_duration: 1 }
$data merge entity $(bone_crest_middle1) { transformation: [-0.9997430462482787f,0.005417502688164315f,-0.022011182222582783f,0.06166199266895858f,1.734723475976807e-18f,0.971021374753345f,0.23899265631421368f,4.5057107218935215f,0.022668071779752507f,0.23893124625453988f,-0.9707718671681006f,3.0644184369494556f,0f,0f,0f,1f], start_interpolation: 0, interpolation_duration: 1 }
$data merge entity $(bone_crest_left5) { transformation: [-0.5456403115466801f,-0.8332577823442f,0.08920828760864802f,-1.0424634020608512f,-0.7559121969395419f,0.5353370117929742f,0.3768435143698299f,5.052257008194847f,-0.36176428919018094f,0.13818737991363217f,-0.9219711747659622f,3.0936549785872955f,0f,0f,0f,1f], start_interpolation: 0, interpolation_duration: 1 }
$data merge entity $(bone_crest_left4) { transformation: [-0.5456403115466801f,-0.8332577823442f,0.08920828760864802f,-0.5745696277953092f,-0.7559121969395419f,0.5353370117929742f,0.3768435143698299f,4.7516527291118775f,-0.36176428919018094f,0.13818737991363217f,-0.9219711747659622f,3.0160595259990743f,0f,0f,0f,1f], start_interpolation: 0, interpolation_duration: 1 }
$data merge entity $(bone_crest_left1) { transformation: [-0.5456403115466801f,-0.8332577823442f,0.08920828760864802f,-0.0548772216720641f,-0.7559121969395419f,0.5353370117929742f,0.3768435143698299f,4.442148668679465f,-0.36176428919018094f,0.13818737991363217f,-0.9219711747659622f,2.8789336858189816f,0f,0f,0f,1f], start_interpolation: 0, interpolation_duration: 1 }
$data merge entity $(bone_crest_center1) { transformation: [-0.9997430462482787f,0.010053178025593378f,-0.020316867125561914f,0.05711635757587119f,1.734723475976807e-18f,0.8962768127331091f,0.44349506756781326f,4.416984968937073f,0.022668071779752507f,0.4433811098463318f,-0.8960465110434965f,2.863939670195441f,0f,0f,0f,1f], start_interpolation: 0, interpolation_duration: 1 }
$data merge entity $(bone_crest_right5) { transformation: [-0.5286827828466412f,0.8386647306316899f,-0.13090448699722312f,1.1659778280127104f,0.7559121969395419f,0.5353370117929742f,0.3768435143698299f,5.052257008194847f,0.38612338136865837f,0.10027837951943522f,-0.9169803601830245f,3.043581007567906f,0f,0f,0f,1f], start_interpolation: 0, interpolation_duration: 1 }
$data merge entity $(bone_crest_right4) { transformation: [-0.5286827828466412f,0.8386647306316899f,-0.13090448699722312f,0.6950479255583925f,0.7559121969395419f,0.5353370117929742f,0.3768435143698299f,4.7516527291118775f,0.38612338136865837f,0.10027837951943522f,-0.9169803601830245f,2.987272347193223f,0f,0f,0f,1f], start_interpolation: 0, interpolation_duration: 1 }
$data merge entity $(bone_crest_right1) { transformation: [-0.5286827828466412f,0.8386647306316899f,-0.13090448699722312f,0.16967443910635785f,0.7559121969395419f,0.5353370117929742f,0.3768435143698299f,4.442148668679465f,0.38612338136865837f,0.10027837951943522f,-0.9169803601830245f,2.873842224384076f,0f,0f,0f,1f], start_interpolation: 0, interpolation_duration: 1 }
$data merge entity $(bone_head1) { transformation: [-1.047907750299302f,0.01053751082109722f,-0.02129567452614236f,0.02946576693690225f,1.8182973934392305e-18f,0.939456815429886f,0.4648613663959499f,4.863940149794672f,0.023760153362891615f,0.46474191852382407f,-0.9392154184765812f,1.644449720430126f,0f,0f,0f,1f], start_interpolation: 0, interpolation_duration: 1 }
$data merge entity $(bone_neck10) { transformation: [-1.4970110718561465f,0.010013503020335487f,-0.03243242484614391f,0.0033536133279240612f,2.5975677049131876e-18f,1.4307535798043962f,0.4417448081878634f,4.749457251687206f,0.03394307623270232f,0.44163130020209607f,-1.4303859423042768f,0.49281034647769995f,0f,0f,0f,1f], start_interpolation: 0, interpolation_duration: 1 }
$data merge entity $(bone_neck9) { transformation: [-1.1452134699699528f,0.011515993968770545f,-0.023273130017855605f,-0.010182794180418026f,1.9871392942585898e-18f,1.0266920911483763f,0.5080270647041457f,3.416024828424366f,0.02596645331801729f,0.507896525243894f,-1.0264282787636931f,-0.1041936426192388f,0f,0f,0f,1f], start_interpolation: 0, interpolation_duration: 1 }
$data merge entity $(bone_neck8) { transformation: [-1.0628778610178642f,-0.006712625277640557f,-0.023145855285352315f,-0.004445800317332079f,1.8442730704883634e-18f,1.0210773774779807f,-0.2961268758481867f,2.6634998339423044f,0.02409958412521865f,-0.296050784936452f,-1.02081500781504f,0.14882830722795926f,0f,0f,0f,1f], start_interpolation: 0, interpolation_duration: 1 }
$data merge entity $(bone_neck7) { transformation: [-1.0553928056585833f,-0.013499081373235265f,-0.01975888205811451f,0.008185492725487166f,1.8312852319637973e-18f,0.871661350382853f,-0.5955107917601029f,1.8873790313498557f,0.023929868744055137f,-0.5953577730279697f,-0.8714373737286417f,0.7059135109179518f,0f,0f,0f,1f], start_interpolation: 0, interpolation_duration: 1 }
$data merge entity $(bone_neck6) { transformation: [-1.0494047613711586f,-0.009313003341995172f,-0.021895821384600663f,0.016228726730992432f,1.8208949611441444e-18f,0.9659322414956515f,-0.4108423262676315f,1.0303427918652686f,0.023794096439124324f,-0.4107367587905311f,-0.9656840415822907f,1.0606489001685753f,0f,0f,0f,1f], start_interpolation: 0, interpolation_duration: 1 }
$data merge entity $(bone_neck_spine6) { transformation: [-1.2649699540163972f,-0.11524641723636349f,-0.08096077609957299f,-0.03763668807711102f,-0.0658549622491985f,-0.16274849675871916f,1.2606194585467272f,0.09844040349289729f,-0.12449701964151517f,1.2570666484453672f,0.15578607763025865f,-1.3651706081428276f,0f,0f,0f,1f], start_interpolation: 0, interpolation_duration: 1 }
$data merge entity $(bone_neck_spine7) { transformation: [-0.9788504946138908f,-0.20397258156966724f,0.015712897948694383f,0.47876400555184373f,-0.0221992731518868f,0.18225758974805115f,0.9830001847663912f,0.5811399450001147f,-0.20336888027834682f,0.9618614021505573f,-0.18293097492577604f,-4.958252656700541f,0f,0f,0f,1f], start_interpolation: 0, interpolation_duration: 1 }
$data merge entity $(bone_tail6) { transformation: [-1.660813294694993f,0.3135184912964209f,0.3297078908772195f,0.4585214015346274f,0.41973836048624474f,1.5373389578151935f,0.6524649990973771f,-1.5261761377334786f,-0.17555866947493004f,0.7096457016892562f,-1.5591292663449308f,-7.827065599389854f,0f,0f,0f,1f], start_interpolation: 0, interpolation_duration: 1 }
$data merge entity $(bone_tail5) { transformation: [-1.371976199965429f,0.2589935362883477f,0.27236738811596395f,0.622096266558847f,0.3467403847495065f,1.2699756608038555f,0.5389928253413115f,-0.7240862466994646f,-0.1450267269575509f,0.5862290579172117f,-1.287976350458856f,-7.4568156680737205f,0f,0f,0f,1f], start_interpolation: 0, interpolation_duration: 1 }
$data merge entity $(bone_tail4) { transformation: [-1.0109298315534738f,0.19083734252825615f,0.20069175966439448f,0.7038836990709567f,0.25549291507858374f,0.9357715395396828f,0.3971526081462295f,-0.3230413011824577f,-0.10686179881082697f,0.4319582532021559f,-0.9490352056012621f,-7.271690702415654f,0f,0f,0f,1f], start_interpolation: 0, interpolation_duration: 1 }
$data merge entity $(bone_segment18) { transformation: [-0.9644647337056744f,0.1309620677578186f,0.22947050844637645f,0.777421969540435f,0.243749762460065f,0.7761623303873539f,0.581513619950843f,0.11279203863465999f,-0.10195013849281381f,0.6167827605375074f,-0.7805031681966625f,-6.925352726527894f,0f,0f,0f,1f], start_interpolation: 0, interpolation_duration: 1 }
$data merge entity $(bone_segment17) { transformation: [-0.9970596343145995f,-0.07389320664558958f,-0.020294817862415625f,0.7234813719158468f,-0.0292082966645485f,0.12162113964963989f,0.9921467501313898f,0.20157309516601343f,-0.07084462595280001f,0.9898222529333006f,-0.12342182372519397f,-6.202801814352461f,0f,0f,0f,1f], start_interpolation: 0, interpolation_duration: 1 }
$data merge entity $(bone_segment16) { transformation: [-0.9832242748666449f,-0.1795138371389983f,-0.0323234835466856f,0.5521192861703673f,-0.02399929774398937f,-0.048350954068975535f,0.9985420466602372f,0.1554177654761466f,-0.1808149856089229f,0.9825665206571271f,0.04323162572691409f,-5.264853792924392f,0f,0f,0f,1f], start_interpolation: 0, interpolation_duration: 1 }
$data merge entity $(bone_segment15) { transformation: [-0.9788504946138908f,-0.20108918163586967f,-0.03761449485446887f,0.314995080286273f,-0.0221992731518868f,-0.07837185618199846f,0.9966770010540608f,0.06300173389434666f,-0.20336888027834682f,0.9764327898978014f,0.07225029651653386f,-4.113445009915022f,0f,0f,0f,1f], start_interpolation: 0, interpolation_duration: 1 }
$data merge entity $(bone_segment14) { transformation: [-1.0337666816908093f,-0.15925863249348826f,-0.06810531423794f,0.13582911873109865f,-0.032887260145541906f,-0.2241700770790128f,1.023396991732769f,-0.18918960281954272f,-0.1700590308430104f,1.0114641182681001f,0.21609132678116097f,-2.975547876863409f,0f,0f,0f,1f], start_interpolation: 0, interpolation_duration: 1 }
$data merge entity $(bone_segment13) { transformation: [-1.019416962942626f,-0.08013442196330074f,-0.08038122855883564f,0.04151704664972667f,-0.05307135193023644f,-0.3055746745628454f,0.9777019799986578f,-0.5839790684996116f,-0.10032995112286812f,0.9758566516172374f,0.2995518456382202f,-1.8084453770518074f,0f,0f,0f,1f], start_interpolation: 0, interpolation_duration: 1 }
$data merge entity $(bone_segment12) { transformation: [-1.1142486801734446f,-0.030670926669021777f,-0.0445314965016512f,0.004464920472384923f,-0.047857945466026154f,0.1317868588915692f,1.1067139296452995f,-0.4247734671540917f,-0.02516698192441737f,1.1073235296300865f,-0.1329477526702084f,-0.47073909964633376f,0f,0f,0f,1f], start_interpolation: 0, interpolation_duration: 1 }
$data merge entity $(bone_segment11) { transformation: [-1.1901878083613884f,0.00815416982496792f,-0.022568367768345723f,0.00774427938895233f,-0.012312262630350287f,0.7534718688527346f,0.9215483665645747f,0.44592078512724476f,0.020596841946837457f,0.9215945384188103f,-0.7532344374361702f,0.5944177974809893f,0f,0f,0f,1f], start_interpolation: 0, interpolation_duration: 1 }
$data merge entity $(bone_segment10) { transformation: [-1.0479077502993024f,0.01094203511410078f,-0.021090679348705572f,0.01685966271282826f,1.8182973934392313e-18f,0.9304134711424423f,0.4827069201304713f,1.3983662438467488f,0.023760153362891622f,0.48258288677636196f,-0.9301743979103801f,1.088475433743946f,0f,0f,0f,1f], start_interpolation: 0, interpolation_duration: 1 }