# This file was generated by Animated Java via MC-Build. It is not recommended to edit this file directly.
$data merge entity $(bone_neck_spine5) { transformation: [-1.571786709817152f,0.0075868481634509604f,-0.03805488317888055f,0.09267491751482122f,0f,1.5419210111570785f,0.3074065563857988f,4.348611640146183f,0.038803793613685564f,0.30731291974780356f,-1.5414513390029247f,-0.4948758190348863f,0f,0f,0f,1f], start_interpolation: 0, interpolation_duration: 1 }
$data merge entity $(bone_neck_spine2) { transformation: [-1.4969397236353825f,0.006405209614566688f,-0.03639668633606114f,0.026070874947952797f,0f,1.4747336139297882f,0.2595285140974183f,5.645308678949897f,0.03695599391779576f,0.2594494612046965f,-1.474284407188168f,1.357660854868165f,0f,0f,0f,1f], start_interpolation: 0, interpolation_duration: 1 }
$data merge entity $(bone_scale_neck_left1) { transformation: [-1.587365510286264f,0.43598582505045547f,0.056940125977857386f,0.8072863293711839f,0.40662179523009057f,1.3744717121506012f,0.8115055816070066f,4.763062268087903f,0.16728578312325001f,0.7961149123653829f,-1.4322260973435628f,1.1487758913820245f,0f,0f,0f,1f], start_interpolation: 0, interpolation_duration: 1 }
$data merge entity $(bone_scale_neck_right1) { transformation: [-1.5936865165200953f,-0.396170153617716f,-0.1275444129792884f,-0.7645003804459675f,-0.40662179523009057f,1.3744717121506012f,0.8115055816070066f,4.763062268087903f,-0.08875293540821258f,0.8166589267974622f,-1.4276715989947113f,1.18757968499571f,0f,0f,0f,1f], start_interpolation: 0, interpolation_duration: 1 }
$data merge entity $(bone_blush_right1) { transformation: [-0.9996953980451946f,0.010925419238277188f,-0.022130213323141218f,-0.6113503124233338f,0f,0.8966796913799787f,0.4426799420198592f,4.050902558012696f,0.024680176807710563f,0.44254510084416687f,-0.8964065609931503f,2.385636821818885f,0f,0f,0f,1f], start_interpolation: 0, interpolation_duration: 1 }
$data merge entity $(bone_blush_left1) { transformation: [-0.9996953980451946f,0.010925419238277188f,-0.022130213323141218f,0.7134413429939798f,0f,0.8966796913799787f,0.4426799420198592f,4.050902558012696f,0.024680176807710563f,0.44254510084416687f,-0.8964065609931503f,2.3529307672016357f,0f,0f,0f,1f], start_interpolation: 0, interpolation_duration: 1 }
$data merge entity $(bone_left_head_scales) { transformation: [-0.876522052631946f,0.010925419238277188f,-0.4812377026629851f,0.72394509015762f,-0.2044068493346352f,0.8966796913799787f,0.3926619042023222f,4.8794638333735625f,0.4358060706265661f,0.44254510084416687f,-0.7837262931176029f,2.3233555719359944f,0f,0f,0f,1f], start_interpolation: 0, interpolation_duration: 1 }
$data merge entity $(bone_left_head_scales2) { transformation: [-0.8062091600814427f,0.010925419238277188f,-0.5915297333315057f,0.717857273848076f,-0.25391078358783853f,0.8966796913799787f,0.36262217947130004f,3.9992806243227754f,0.5343744980615976f,0.44254510084416687f,-0.7201372990897236f,2.076762445954241f,0f,0f,0f,1f], start_interpolation: 0, interpolation_duration: 1 }
$data merge entity $(bone_left_head_scales1) { transformation: [-0.9996953980451946f,0.010925419238277188f,-0.022130213323141218f,0.7227181143642588f,0f,0.8966796913799787f,0.4426799420198592f,4.778762500845538f,0.024680176807710563f,0.44254510084416687f,-0.8964065609931503f,2.273655682681034f,0f,0f,0f,1f], start_interpolation: 0, interpolation_duration: 1 }
$data merge entity $(bone_right_head_scales) { transformation: [-0.896959243257058f,0.010925419238277188f,0.44197822474664256f,-0.6233006611142243f,0.2044068493346352f,0.8966796913799787f,0.3926619042023222f,4.8794638333735625f,-0.3920229022401798f,0.44254510084416687f,-0.8065183679483144f,2.3566159664620105f,0f,0f,0f,1f], start_interpolation: 0, interpolation_duration: 1 }
$data merge entity $(bone_right_head_scales2) { transformation: [-0.8315958978685942f,0.010925419238277188f,0.5552737143631006f,-0.6293884774237684f,0.25391078358783853f,0.8966796913799787f,0.36262217947130004f,3.9992806243227754f,-0.4939408634906979f,0.44254510084416687f,-0.7484492348134842f,2.1100228404802572f,0f,0f,0f,1f], start_interpolation: 0, interpolation_duration: 1 }
$data merge entity $(bone_right_head_scales1) { transformation: [-0.9996953980451946f,0.010925419238277188f,-0.022130213323141218f,-0.6245276369075855f,0f,0.8966796913799787f,0.4426799420198592f,4.778762500845538f,0.024680176807710563f,0.44254510084416687f,-0.8964065609931503f,2.3069160772070503f,0f,0f,0f,1f], start_interpolation: 0, interpolation_duration: 1 }
$data merge entity $(bone_head_left_fin1) { transformation: [-0.7085433313851994f,0.02480523644966193f,-0.7720273607971505f,0.7162529719998494f,-0.07539184679832418f,1.0404134906595248f,0.1026208356776249f,4.4384189414348985f,0.7687376763311884f,0.12489862578712559f,-0.7015111661909497f,2.011778585131723f,0f,0f,0f,1f], start_interpolation: 0, interpolation_duration: 1 }
$data merge entity $(bone_head_right_fin1) { transformation: [-0.7456137735008289f,-0.018611855706995122f,0.7364705680596952f,-0.6309927792719949f,0.07539184679832418f,1.0404134906595248f,0.1026208356776249f,4.4384189414348985f,-0.7328378867303234f,0.12597049379111785f,-0.7387525055739774f,2.0450389796577393f,0f,0f,0f,1f], start_interpolation: 0, interpolation_duration: 1 }
$data merge entity $(bone_right_whisker16) { transformation: [0.2549740795037362f,0.9121281489086478f,-0.3209524244334443f,-1.1555050815070949f,0.951348866740986f,-0.29601870757041837f,-0.08548835311889125f,1.702426981183229f,-0.17298425515596383f,-0.28354041111774964f,-0.9432291782654489f,2.151214557330186f,0f,0f,0f,1f], start_interpolation: 0, interpolation_duration: 1 }
$data merge entity $(bone_right_whisker15) { transformation: [-0.8710439704374493f,0.37184935500126637f,-0.3209524244334443f,-0.8620381188108839f,0.4176621715397699f,0.9045717505790809f,-0.08548835311889125f,1.5617107222171933f,0.2585357074549807f,-0.20851380107666417f,-0.9432291782654489f,2.064110241830217f,0f,0f,0f,1f], start_interpolation: 0, interpolation_duration: 1 }
$data merge entity $(bone_right_whisker14) { transformation: [-0.7051290547281952f,-0.6322836052187465f,-0.3209524244334443f,-0.6244702243956232f,-0.6433087605522121f,0.7608190192666032f,-0.08548835311889125f,1.7784504901766784f,0.2982395929029177f,0.14619118473351253f,-0.9432291782654489f,1.9636291289869492f,0f,0f,0f,1f], start_interpolation: 0, interpolation_duration: 1 }
$data merge entity $(bone_right_whisker13) { transformation: [-0.09667718212465519f,-0.9908612318911625f,-0.0940613714101809f,-0.5918983222149532f,-0.9899921550700268f,0.08596842048820068f,0.11191498370891931f,2.111992768984451f,-0.1028059110958118f,0.1039396450537122f,-0.9892560309797804f,1.998265886143253f,0f,0f,0f,1f], start_interpolation: 0, interpolation_duration: 1 }
$data merge entity $(bone_right_whisker12) { transformation: [0.05906031496126604f,-0.9957329365313676f,-0.07090696935630064f,-0.6184293230764595f,-0.9429151186514013f,-0.07896675399066291f,0.3235356715770174f,2.535567919941135f,-0.3277544175374141f,0.04775113475926414f,-0.9435554413567403f,2.145499315896388f,0f,0f,0f,1f], start_interpolation: 0, interpolation_duration: 1 }
$data merge entity $(bone_right_whisker11) { transformation: [0.29132442236949896f,-0.9553237790804538f,-0.049865399371887324f,-0.749297715937758f,-0.9558491241852023f,-0.29279067754833754f,0.02502140953597662f,2.9649532686962066f,-0.03850367158414217f,0.0403744506368248f,-0.9984424725592933f,2.162795887115827f,0f,0f,0f,1f], start_interpolation: 0, interpolation_duration: 1 }
$data merge entity $(bone_right_whisker10) { transformation: [0.07594327504712983f,-0.99511132794959f,0.06313528301607116f,-0.7834128590253358f,-0.9723482464316737f,-0.08793242195548848f,-0.21634873891541637f,3.401750332522935f,0.22084271922878757f,-0.04495924994309107f,-0.9742726308422041f,2.0635891968372704f,0f,0f,0f,1f], start_interpolation: 0, interpolation_duration: 1 }
$data merge entity $(bone_right_whisker1) { transformation: [-0.341540911320615f,-0.9393105884549483f,0.03233302198531014f,-0.6299862777680283f,-0.9385645116822795f,0.34267618195513416f,0.04086186157354932f,3.8233711092552087f,-0.04946173576501267f,-0.016390629550768226f,-0.9986415192440387f,2.0858083359504596f,0f,0f,0f,1f], start_interpolation: 0, interpolation_duration: 1 }
$data merge entity $(bone_left_whisker16) { transformation: [0.26319942754687053f,-0.9250083659518489f,0.27401748896391637f,1.245365569357394f,-0.951348866740986f,-0.29601870757041837f,-0.08548835311889125f,1.702426981183229f,0.16019174476121026f,-0.23818574199021553f,-0.9579176150499215f,2.091942590817543f,0f,0f,0f,1f], start_interpolation: 0, interpolation_duration: 1 }
$data merge entity $(bone_left_whisker15) { transformation: [-0.8827403720785554f,-0.38168553973725994f,0.27401748896391637f,0.9479579244676464f,-0.4176621715397699f,0.9045717505790809f,-0.08548835311889125f,1.5617107222171933f,-0.21523881147994028f,-0.18991076012109737f,-0.9579176150499215f,2.0194256084341644f,0f,0f,0f,1f], start_interpolation: 0, interpolation_duration: 1 }
$data merge entity $(bone_left_whisker14) { transformation: [-0.7189867784793426f,0.6387271938111032f,0.27401748896391637f,0.7057211680463839f,0.6433087605522121f,0.7608190192666032f,-0.08548835311889125f,1.7784504901766784f,-0.26308145310658626f,0.11481285558855031f,-0.9579176150499215f,1.9307897672996215f,0f,0f,0f,1f], start_interpolation: 0, interpolation_duration: 1 }
$data merge entity $(bone_left_whisker13) { transformation: [-0.09148641741806543f,0.9947830775622359f,0.045131629970719775f,0.6748981074904926f,0.9899921550700268f,0.08596842048820068f,0.11191498370891931f,2.111992768984451f,0.10745123697664546f,0.054918660531466f,-0.992692385584587f,1.9669916000700733f,0f,0f,0f,1f], start_interpolation: 0, interpolation_duration: 1 }
$data merge entity $(bone_left_whisker12) { transformation: [0.07516151244693463f,0.9968762074550458f,0.024260545268681818f,0.708662068160014f,0.9429151186514013f,-0.07896675399066291f,0.3235356715770174f,2.535567919941135f,0.32444078976802965f,-0.001441795485696595f,-0.9459049080961968f,2.1127364860986804f,0f,0f,0f,1f], start_interpolation: 0, interpolation_duration: 1 }
$data merge entity $(bone_left_whisker11) { transformation: [0.2928695004070476f,0.9561522725125975f,0.0005361905648306881f,0.8402245390459925f,0.9558491241852023f,-0.29279067754833754f,0.02502140953597662f,2.9649532686962066f,0.02408126918806419f,-0.006815490428491874f,-0.9996867717262797f,2.123554243741756f,0f,0f,0f,1f], start_interpolation: 0, interpolation_duration: 1 }
$data merge entity $(bone_left_whisker10) { transformation: [0.06495320497260931f,0.9916805326827034f,-0.11113416334294182f,0.8694027365922818f,0.9723482464316737f,-0.08793242195548848f,-0.21634873891541637f,3.401750332522935f,-0.224321128797613f,-0.09400856486082215f,-0.9699703196014676f,2.0227849866647034f,0f,0f,0f,1f], start_interpolation: 0, interpolation_duration: 1 }
$data merge entity $(bone_left_whisker1) { transformation: [-0.338684133483889f,0.9373574985589613f,-0.08157191686820939f,0.717259473503816f,0.9385645116822795f,0.34267618195513416f,0.04086186157354932f,3.8233711092552087f,0.06625492537820432f,-0.06272124214282235f,-0.9958294686577567f,2.0525479414244434f,0f,0f,0f,1f], start_interpolation: 0, interpolation_duration: 1 }
$data merge entity $(bone_upper_left_tooth1) { transformation: [-0.9996953980451946f,0.008955069540258799f,-0.022998214208694193f,0.3774971173915686f,0f,0.9318496535855086f,0.3628446266827821f,3.8025954259453134f,0.024680176807710563f,0.3627341035002039f,-0.931565810359442f,3.0789477971855934f,0f,0f,0f,1f], start_interpolation: 0, interpolation_duration: 1 }
$data merge entity $(bone_upper_right_tooth1) { transformation: [-0.9996953980451946f,0.008955069540258799f,-0.022998214208694193f,-0.2961257582443535f,0f,0.9318496535855086f,0.3628446266827821f,3.8025954259453134f,0.024680176807710563f,0.3627341035002039f,-0.931565810359442f,3.0955779944486017f,0f,0f,0f,1f], start_interpolation: 0, interpolation_duration: 1 }
$data merge entity $(bone_top_lip1) { transformation: [-0.9996953980451946f,-0.003008381035029017f,-0.024496137875345415f,0.06985992457219013f,0f,0.9925430464376717f,-0.12189463059637168f,3.9177116185025076f,0.024680176807710563f,-0.12185750125361183f,-0.9922407158854984f,3.1313803762148016f,0f,0f,0f,1f], start_interpolation: 0, interpolation_duration: 1 }
$data merge entity $(bone_muzzle1) { transformation: [-0.9996953980451946f,0.008955069540258799f,-0.022998214208694193f,0.05845443270275213f,0f,0.9318496535855086f,0.3628446266827821f,4.278434006770183f,0.024680176807710563f,0.3627341035002039f,-0.931565810359442f,2.6693894503330693f,0f,0f,0f,1f], start_interpolation: 0, interpolation_duration: 1 }
$data merge entity $(bone_jaw_right_tooth1) { transformation: [-0.9996953980451946f,-0.0035743405568798427f,-0.02441997577483029f,-0.2968727081312369f,0f,0.9894570839217413f,-0.14482637562641573f,3.559937764418131f,0.024680176807710563f,-0.1447822612292927f,-0.9891556933597829f,3.065322037600901f,0f,0f,0f,1f], start_interpolation: 0, interpolation_duration: 1 }
$data merge entity $(bone_jaw_left_tooth1) { transformation: [-0.9996953980451946f,-0.0035743405568798427f,-0.02441997577483029f,0.432885407141012f,0f,0.9894570839217413f,-0.14482637562641573f,3.559937764418131f,0.024680176807710563f,-0.1447822612292927f,-0.9891556933597829f,3.0473059905659756f,0f,0f,0f,1f], start_interpolation: 0, interpolation_duration: 1 }
$data merge entity $(bone_tongue1) { transformation: [-0.9996953980451946f,0.009046278542769447f,-0.02296249053971462f,0.04981665926798995f,0f,0.9304021895232408f,0.3665402648146026f,3.8506140371274773f,0.024680176807710563f,0.36642861593342524f,-0.9301187871975573f,2.319507744891195f,0f,0f,0f,1f], start_interpolation: 0, interpolation_duration: 1 }
$data merge entity $(bone_jaw_lips1) { transformation: [-0.9996953980451946f,0.009046278542769447f,-0.02296249053971462f,0.12541393434209674f,0f,0.9304021895232408f,0.3665402648146026f,3.4011390461061133f,0.024680176807710563f,0.36642861593342524f,-0.9301187871975573f,3.106451225793386f,0f,0f,0f,1f], start_interpolation: 0, interpolation_duration: 1 }
$data merge entity $(bone_jaw3) { transformation: [-0.9996953980451946f,0.0007204459996486227f,-0.02466965919548636f,0.10318910505260334f,0f,0.9995738437246153f,0.02919128194509285f,3.3431726081423077f,0.024680176807710563f,0.029182390223549015f,-0.9992693715778448f,2.2062121498680765f,0f,0f,0f,1f], start_interpolation: 0, interpolation_duration: 1 }
$data merge entity $(bone_jaw1) { transformation: [-0.9996953980451946f,0.017953515558519737f,-0.01693465105485921f,0.08797437949550327f,0f,0.6861640897794742f,0.7274467966092815f,3.996738089470959f,0.024680176807710563f,0.7272252148930175f,-0.6859550828564104f,1.58992438011427f,0f,0f,0f,1f], start_interpolation: 0, interpolation_duration: 1 }
$data merge entity $(bone_tear_right1) { transformation: [-0.9996953980451946f,0.010925419238277188f,-0.022130213323141218f,-0.5486838634878355f,0f,0.8966796913799787f,0.4426799420198592f,4.358613692564831f,0.024680176807710563f,0.44254510084416687f,-0.8964065609931503f,2.6488041772740853f,0f,0f,0f,1f], start_interpolation: 0, interpolation_duration: 1 }
$data merge entity $(bone_right_pupil1) { transformation: [-0.9996953980451946f,0.010925419238277188f,-0.022130213323141218f,-0.360719760145191f,0f,0.8966796913799787f,0.4426799420198592f,4.429486005562221f,0.024680176807710563f,0.44254510084416687f,-0.8964065609931503f,2.754333166374328f,0f,0f,0f,1f], start_interpolation: 0, interpolation_duration: 1 }
$data merge entity $(bone_right_sad_pupil1) { transformation: [-0.9996953980451946f,0.010925419238277188f,-0.022130213323141218f,-0.3609682928143474f,0f,0.8966796913799787f,0.4426799420198592f,4.434457508817327f,0.024680176807710563f,0.44254510084416687f,-0.8964065609931503f,2.7442661005037996f,0f,0f,0f,1f], start_interpolation: 0, interpolation_duration: 1 }
$data merge entity $(bone_right_happy_pupil1) { transformation: [-0.9996953980451946f,0.010925419238277188f,-0.022130213323141218f,-0.38934229338899484f,0f,0.8966796913799787f,0.4426799420198592f,4.409282497929585f,0.024680176807710563f,0.44254510084416687f,-0.8964065609931503f,2.7325342032462254f,0f,0f,0f,1f], start_interpolation: 0, interpolation_duration: 1 }
$data merge entity $(bone_eyelid_right1) { transformation: [-0.9996953980451946f,0.010925419238277188f,-0.022130213323141218f,0.05823329029640377f,0f,0.8966796913799787f,0.4426799420198592f,4.632682005308606f,0.024680176807710563f,0.44254510084416687f,-0.8964065609931503f,2.20539181023669f,0f,0f,0f,1f], start_interpolation: 0, interpolation_duration: 1 }
$data merge entity $(bone_eyelid_expressions_right5) { transformation: [-0.9996953980451946f,0.010925419238277188f,-0.022130213323141218f,-0.48885200891900427f,0f,0.8966796913799787f,0.4426799420198592f,4.535158841345352f,0.024680176807710563f,0.44254510084416687f,-0.8964065609931503f,2.797153435364731f,0f,0f,0f,1f], start_interpolation: 0, interpolation_duration: 1 }
$data merge entity $(bone_eyelid_expressions_right7) { transformation: [-0.9996953980451946f,0.010925419238277188f,-0.022130213323141218f,-0.15204057110104324f,0f,0.8966796913799787f,0.4426799420198592f,4.535158841345352f,0.024680176807710563f,0.44254510084416687f,-0.8964065609931503f,2.7888383367332272f,0f,0f,0f,1f], start_interpolation: 0, interpolation_duration: 1 }
$data merge entity $(bone_eyelid_expressions_right6) { transformation: [-0.9996953980451946f,0.010925419238277188f,-0.022130213323141218f,-0.26431105037369695f,0f,0.8966796913799787f,0.4426799420198592f,4.535158841345352f,0.024680176807710563f,0.44254510084416687f,-0.8964065609931503f,2.7916100362770617f,0f,0f,0f,1f], start_interpolation: 0, interpolation_duration: 1 }
$data merge entity $(bone_right_eye1) { transformation: [-0.9996953980451946f,0.010925419238277188f,-0.022130213323141218f,0.04725477503829477f,0f,0.8966796913799787f,0.4426799420198592f,4.6277105020535005f,0.024680176807710563f,0.44254510084416687f,-0.8964065609931503f,2.215736046061602f,0f,0f,0f,1f], start_interpolation: 0, interpolation_duration: 1 }
$data merge entity $(bone_tear_left1) { transformation: [-0.9996953980451946f,0.010925419238277188f,-0.022130213323141218f,0.6638373126568244f,0f,0.8966796913799787f,0.4426799420198592f,4.358613692564831f,0.024680176807710563f,0.44254510084416687f,-0.8964065609931503f,2.6188698222006703f,0f,0f,0f,1f], start_interpolation: 0, interpolation_duration: 1 }
$data merge entity $(bone_left_sad_pupil1) { transformation: [-0.9996953980451946f,0.010925419238277188f,-0.022130213323141218f,0.4810603017305552f,0f,0.8966796913799787f,0.4426799420198592f,4.434457508817327f,0.024680176807710563f,0.44254510084416687f,-0.8964065609931503f,2.7234783539250396f,0f,0f,0f,1f], start_interpolation: 0, interpolation_duration: 1 }
$data merge entity $(bone_left_pupil1) { transformation: [-0.9996953980451946f,0.010925419238277188f,-0.022130213323141218f,0.48130883439971156f,0f,0.8966796913799787f,0.4426799420198592f,4.429486005562221f,0.024680176807710563f,0.44254510084416687f,-0.8964065609931503f,2.733545419795568f,0f,0f,0f,1f], start_interpolation: 0, interpolation_duration: 1 }
$data merge entity $(bone_eyelid_left1) { transformation: [-0.9996953980451946f,0.010925419238277188f,-0.022130213323141218f,0.035779194441873025f,0f,0.8966796913799787f,0.4426799420198592f,4.632682005308606f,0.024680176807710563f,0.44254510084416687f,-0.8964065609931503f,2.205946150145457f,0f,0f,0f,1f], start_interpolation: 0, interpolation_duration: 1 }
$data merge entity $(bone_left_happy_pupil1) { transformation: [-0.9996953980451946f,0.010925419238277188f,-0.022130213323141218f,0.5088215407922345f,0f,0.8966796913799787f,0.4426799420198592f,4.409282497929585f,0.024680176807710563f,0.44254510084416687f,-0.8964065609931503f,2.7103606068955477f,0f,0f,0f,1f], start_interpolation: 0, interpolation_duration: 1 }
$data merge entity $(bone_eyelid_expressions_left5) { transformation: [-0.9996953980451946f,0.010925419238277188f,-0.022130213323141218f,0.6113986879530018f,0f,0.8966796913799787f,0.4426799420198592f,4.535158841345352f,0.024680176807710563f,0.44254510084416687f,-0.8964065609931503f,2.769990779835151f,0f,0f,0f,1f], start_interpolation: 0, interpolation_duration: 1 }
$data merge entity $(bone_eyelid_expressions_left7) { transformation: [-0.9996953980451946f,0.010925419238277188f,-0.022130213323141218f,0.27458725013504076f,0f,0.8966796913799787f,0.4426799420198592f,4.535158841345352f,0.024680176807710563f,0.44254510084416687f,-0.8964065609931503f,2.778305878466655f,0f,0f,0f,1f], start_interpolation: 0, interpolation_duration: 1 }
$data merge entity $(bone_eyelid_expressions_left6) { transformation: [-0.9996953980451946f,0.010925419238277188f,-0.022130213323141218f,0.3868577294076945f,0f,0.8966796913799787f,0.4426799420198592f,4.535158841345352f,0.024680176807710563f,0.44254510084416687f,-0.8964065609931503f,2.7755341789228205f,0f,0f,0f,1f], start_interpolation: 0, interpolation_duration: 1 }
$data merge entity $(bone_left_eye1) { transformation: [-0.9996953980451946f,0.010925419238277188f,-0.022130213323141218f,0.04725477503829477f,0f,0.8966796913799787f,0.4426799420198592f,4.6277105020535005f,0.024680176807710563f,0.44254510084416687f,-0.8964065609931503f,2.215736046061602f,0f,0f,0f,1f], start_interpolation: 0, interpolation_duration: 1 }
$data merge entity $(bone_crest_middle5) { transformation: [-0.9996953980451946f,0.005876588350412778f,-0.02397033242613976f,0.07294477522465469f,0f,0.9712382781087274f,0.23810965359765235f,5.659193804417619f,0.024680176807710563f,0.23803712493170845f,-0.970942437030634f,3.256335356276454f,0f,0f,0f,1f], start_interpolation: 0, interpolation_duration: 1 }
$data merge entity $(bone_crest_middle4) { transformation: [-0.9996953980451946f,0.005876588350412778f,-0.02397033242613976f,0.0689849647150992f,0f,0.9712382781087274f,0.23810965359765235f,5.004746136551387f,0.024680176807710563f,0.23803712493170845f,-0.970942437030634f,3.09593924670333f,0f,0f,0f,1f], start_interpolation: 0, interpolation_duration: 1 }
$data merge entity $(bone_crest_middle1) { transformation: [-0.9996953980451946f,0.005876588350412778f,-0.02397033242613976f,0.06803410096656236f,0f,0.9712382781087274f,0.23810965359765235f,4.493854677402543f,0.024680176807710563f,0.23803712493170845f,-0.970942437030634f,3.0574235536843357f,0f,0f,0f,1f], start_interpolation: 0, interpolation_duration: 1 }
$data merge entity $(bone_crest_left5) { transformation: [-0.5463503509632877f,-0.8329899837745544f,0.08734403776766746f,-1.0360424788183873f,-0.7562519813440124f,0.5354452311969423f,0.3760071077808348f,5.040404557217469f,-0.359978103105658f,0.13937751368036508f,-0.9224910156552919f,3.088385474952676f,0f,0f,0f,1f], start_interpolation: 0, interpolation_duration: 1 }
$data merge entity $(bone_crest_left4) { transformation: [-0.5463503509632877f,-0.8329899837745544f,0.08734403776766746f,-0.5682990797262304f,-0.7562519813440124f,0.5354452311969423f,0.3760071077808348f,4.73973951040278f,-0.359978103105658f,0.13937751368036508f,-0.9224910156552919f,3.0101217343606743f,0f,0f,0f,1f], start_interpolation: 0, interpolation_duration: 1 }
$data merge entity $(bone_crest_left1) { transformation: [-0.5463503509632877f,-0.8329899837745544f,0.08734403776766746f,-0.04887676829161541f,-0.7562519813440124f,0.5354452311969423f,0.3760071077808348f,4.430121639275175f,-0.359978103105658f,0.13937751368036508f,-0.9224910156552919f,2.87223158709211f,0f,0f,0f,1f], start_interpolation: 0, interpolation_duration: 1 }
$data merge entity $(bone_crest_center1) { transformation: [-0.9996953980451946f,0.010925419238277188f,-0.022130213323141218f,0.0630869709590205f,0f,0.8966796913799787f,0.4426799420198592f,4.404946628387433f,0.024680176807710563f,0.44254510084416687f,-0.8964065609931503f,2.857035074274181f,0f,0f,0f,1f], start_interpolation: 0, interpolation_duration: 1 }
$data merge entity $(bone_crest_right5) { transformation: [-0.5279215407083226f,0.838852844622645f,-0.13275824616439985f,1.1722934959531996f,0.7562519813440124f,0.5354452311969423f,0.3760071077808348f,5.040404557217469f,0.3864994017710845f,0.09810356495535513f,-0.9170571972203503f,3.0338667461331137f,0f,0f,0f,1f], start_interpolation: 0, interpolation_duration: 1 }
$data merge entity $(bone_crest_right4) { transformation: [-0.5279215407083226f,0.838852844622645f,-0.13275824616439985f,0.7012579630840388f,0.7562519813440124f,0.5354452311969423f,0.3760071077808348f,4.73973951040278f,0.3864994017710845f,0.09810356495535513f,-0.9170571972203503f,2.978779295108378f,0f,0f,0f,1f], start_interpolation: 0, interpolation_duration: 1 }
$data merge entity $(bone_crest_right1) { transformation: [-0.5279215407083226f,0.838852844622645f,-0.13275824616439985f,0.1756641902536919f,0.7562519813440124f,0.5354452311969423f,0.3760071077808348f,4.430121639275175f,0.3864994017710845f,0.09810356495535513f,-0.9170571972203503f,2.8666881880044404f,0f,0f,0f,1f], start_interpolation: 0, interpolation_duration: 1 }
$data merge entity $(bone_head1) { transformation: [-1.0478578065447672f,0.011451774071371266f,-0.023196382454594624f,0.03297199033801376f,0f,0.9398791035948991f,0.46400697047654493f,4.850792514820309f,0.025869195742457024f,0.46386563304629447f,-0.9395928145826636f,1.637197478555052f,0f,0f,0f,1f], start_interpolation: 0, interpolation_duration: 1 }
$data merge entity $(bone_neck10) { transformation: [-1.4969397236353825f,0.01110113303525791f,-0.03524926001756155f,0.004526552664923789f,0f,1.4282417947082533f,0.44979957484703675f,4.742802173486347f,0.03695599391779576f,0.44966256501726776f,-1.4278067494656506f,0.4849864000555954f,0f,0f,0f,1f], start_interpolation: 0, interpolation_duration: 1 }
$data merge entity $(bone_neck9) { transformation: [-1.1451588885810682f,0.012515153092284325f,-0.02535033225394987f,-0.010181469302990066f,0f,1.0271535917858552f,0.5070933320207961f,3.4088273343464928f,0.028271335347113777f,0.5069388704005938f,-1.026840718793912f,-0.11077683090624418f,0f,0f,0f,1f], start_interpolation: 0, interpolation_duration: 1 }
$data merge entity $(bone_neck8) { transformation: [-1.0628272037811217f,-0.007331374140044859f,-0.025193714552229376f,-0.003918353381455901f,0f,1.0208077011976013f,-0.2970551709238322f,2.6565327709878495f,0.026238755681634994f,-0.2969646873380838f,-1.0204967611763363f,0.14291698226875593f,0f,0f,0f,1f], start_interpolation: 0, interpolation_duration: 1 }
$data merge entity $(bone_neck7) { transformation: [-1.0553425051629446f,-0.01466053962719415f,-0.021537832487122596f,0.009801399205812572f,0f,0.8726773983399406f,-0.5940208508803679f,1.8794611794268161f,0.026053975712046016f,-0.5938399109679946f,-0.8724115790984919f,0.6986493674405647f,0f,0f,0f,1f], start_interpolation: 0, interpolation_duration: 1 }
$data merge entity $(bone_neck6) { transformation: [-1.049354746268403f,-0.010050885291195537f,-0.02387694290840655f,0.01847981552710702f,0f,0.9674542891016458f,-0.4072452709518453f,1.0211105717991975f,0.025906151736374828f,-0.4071212232462282f,-0.9671596006340005f,1.0501773539016621f,0f,0f,0f,1f], start_interpolation: 0, interpolation_duration: 1 }
$data merge entity $(bone_neck_spine6) { transformation: [-1.265227715408845f,-0.11471503354638514f,-0.07761866886565602f,-0.045951089469807006f,-0.0625645084640424f,-0.16300953772186208f,1.2607533229815682f,0.09195361708956773f,-0.1235713516907434f,1.257081429425662f,0.1564025874183865f,-1.3780397665462925f,0f,0f,0f,1f], start_interpolation: 0, interpolation_duration: 1 }
$data merge entity $(bone_neck_spine7) { transformation: [-0.9761094118343011f,-0.21605329974582735f,0.02305185019546513f,0.48909281953839123f,-0.01577291047054348f,0.17627163010509092f,0.9842151836439944f,0.5829362421265472f,-0.21670632529712347f,0.9603381092558148f,-0.17546818653871038f,-4.9635945991124615f,0f,0f,0f,1f], start_interpolation: 0, interpolation_duration: 1 }
$data merge entity $(bone_tail6) { transformation: [-1.663627909257432f,0.25405054574293584f,0.3648320672235229f,0.5870016351479241f,0.38609934917167443f,1.5261830815080772f,0.6978498633766749f,-1.4772635285470916f,-0.22038922304886416f,0.7559930287068466f,-1.531406238865995f,-7.8785454321586075f,0f,0f,0f,1f], start_interpolation: 0, interpolation_duration: 1 }
$data merge entity $(bone_tail5) { transformation: [-1.374301316343096f,0.20986784213546875f,0.3013830120542146f,0.7195497459703255f,0.3189516362722528f,1.260759936897977f,0.5764846697459488f,-0.6809940947167906f,-0.1820606625186269f,0.6245159802360907f,-1.2650747190632132f,-7.4841142867463395f,0f,0f,0f,1f], start_interpolation: 0, interpolation_duration: 1 }
$data merge entity $(bone_tail4) { transformation: [-1.0126430752001758f,0.15463946262613484f,0.22207169309257913f,0.7858238013815262f,0.23501699514797572f,0.9289810061353513f,0.42477817770754117f,-0.28285937780164006f,-0.13414996185583034f,0.46016966964764566f,-0.932160319309736f,-7.2868987140402055f,0f,0f,0f,1f], start_interpolation: 0, interpolation_duration: 1 }
$data merge entity $(bone_segment18) { transformation: [-0.9660992319922175f,0.09203470634194151f,0.24120921784334862f,0.8375034460559563f,0.22421497176850355f,0.7622685694915493f,0.6071855354009641f,0.14517228963746232f,-0.12798406298792261f,0.6406841973967041f,-0.7570626386417731f,-6.92713952116608f,0f,0f,0f,1f], start_interpolation: 0, interpolation_duration: 1 }
$data merge entity $(bone_segment17) { transformation: [-0.9940852891561894f,-0.10793175863676487f,-0.012048790845149038f,0.7587153702932787f,-0.022867217802935852f,0.09956485484613228f,0.9947682795653574f,0.21785268904906777f,-0.10616745373798932f,0.9891600351596517f,-0.10144405655211237f,-6.20507201503147f,0f,0f,0f,1f], start_interpolation: 0, interpolation_duration: 1 }
$data merge entity $(bone_segment16) { transformation: [-0.9786492928161494f,-0.20347757043592588f,-0.029024816966576484f,0.5644777481242185f,-0.016799632171631287f,-0.061553358901257946f,0.9979624022812033f,0.15909447779322822f,-0.20484953997836636f,0.9771428054984929f,0.05682080282067388f,-5.272301417009226f,0f,0f,0f,1f], start_interpolation: 0, interpolation_duration: 1 }
$data merge entity $(bone_segment15) { transformation: [-0.9761094118343011f,-0.21465771993490468f,-0.033652331283917244f,0.31135353247832254f,-0.01577291047054348f,-0.08446831404555974f,0.9963013194900368f,0.05948950786157453f,-0.21670632529712347f,0.9730298901856245f,0.07906453934330204f,-4.124905330681939f,0f,0f,0f,1f], start_interpolation: 0, interpolation_duration: 1 }
$data merge entity $(bone_segment14) { transformation: [-1.0330352999030277f,-0.16514544380126936f,-0.06511719873516666f,0.12556490820189453f,-0.028263873817092923f,-0.2265741086869663f,1.023005632797166f,-0.19540636441126252f,-0.17525530125016148f,1.0099833432733236f,0.21884794657324647f,-2.9886740694994494f,0f,0f,0f,1f], start_interpolation: 0, interpolation_duration: 1 }
$data merge entity $(bone_segment13) { transformation: [-1.019624688300069f,-0.0801803895354422f,-0.07765443944887693f,0.03112283628344368f,-0.050419633291610644f,-0.3058005798904598f,0.9777716899872819f,-0.5904698139465695f,-0.09958397165665792f,0.975782108001469f,0.30004320041701105f,-1.8216747978151262f,0f,0f,0f,1f], start_interpolation: 0, interpolation_duration: 1 }
$data merge entity $(bone_segment12) { transformation: [-1.1144745186217746f,-0.026020009521625385f,-0.04175389369788562f,-0.00031073226617088674f,-0.04454862862719676f,0.1319689475476575f,1.1068303834654503f,-0.43104423972792283f,-0.020876978274547143f,1.1074208943212758f,-0.13287962895216832f,-0.4838508986350615f,0f,0f,0f,1f], start_interpolation: 0, interpolation_duration: 1 }
$data merge entity $(bone_segment11) { transformation: [-1.1901414232425607f,0.012894165700741804f,-0.02280293959998599f,0.00855497348857556f,-0.00953223817845743f,0.7520328763376988f,0.9227559429361066f,0.4380022440330148f,0.02440020489315518f,0.9227150883558132f,-0.7517475218469581f,0.5826183880951042f,0f,0f,0f,1f], start_interpolation: 0, interpolation_duration: 1 }
$data merge entity $(bone_segment10) { transformation: [-1.0478578065447677f,0.011979040013742254f,-0.022928538739106753f,0.01920054824885179f,0f,0.9290265186407997f,0.4853709155762518f,1.3890279075188716f,0.025869195742457034f,0.4852230706465617f,-0.9287435353471557f,1.0793713580922533f,0f,0f,0f,1f], start_interpolation: 0, interpolation_duration: 1 }