# This file was generated by Animated Java via MC-Build. It is not recommended to edit this file directly.
$data merge entity $(bone_neck_spine5) { transformation: [-1.3667710520149148f,0.006597259272566052f,-0.033091202764243946f,0.07902064602743694f,0f,1.3408008792670245f,0.2673100490311293f,3.7675214036737383f,0.03374242922929179f,0.2672286258676552f,-1.3403924686981952f,-0.4544253336846229f,0f,0f,0f,1f], start_interpolation: 0, interpolation_duration: 1 }
$data merge entity $(bone_neck_spine2) { transformation: [-1.3016867162046803f,0.005569747490927555f,-0.03164929246614012f,0.021104087273638314f,0f,1.28237705559112f,0.22567696878036375f,4.8950840461117515f,0.032135646885039795f,0.22560822713451864f,-1.2819864410331896f,1.156476121883248f,0f,0f,0f,1f], start_interpolation: 0, interpolation_duration: 1 }
$data merge entity $(bone_scale_neck_left1) { transformation: [-1.3803178350315342f,0.3791181087395265f,0.04951315302422382f,0.7004218737286221f,0.3535841697652962f,1.195192793174436f,0.7056570274843535f,4.127913254057842f,0.1454658983680435f,0.6922738368394634f,-1.245413997690055f,0.9748370231996475f,0f,0f,0f,1f], start_interpolation: 0, interpolation_duration: 1 }
$data merge entity $(bone_scale_neck_right1) { transformation: [-1.3858143621913874f,-0.3444957857545357f,-0.11090818519938123f,-0.6663491782862925f,-0.3535841697652962f,1.195192793174436f,0.7056570274843535f,4.127913254057842f,-0.07717646557235877f,0.7101381972151847f,-1.2414535643432272f,1.0085794524289393f,0f,0f,0f,1f], start_interpolation: 0, interpolation_duration: 1 }
$data merge entity $(bone_blush_right1) { transformation: [-0.9996953980451946f,0.010925419238277188f,-0.022130213323141218f,-0.5331752060926979f,0f,0.8966796913799787f,0.4426799420198592f,3.508643940948968f,0.024680176807710563f,0.44254510084416687f,-0.8964065609931503f,2.0503682670577867f,0f,0f,0f,1f], start_interpolation: 0, interpolation_duration: 1 }
$data merge entity $(bone_blush_left1) { transformation: [-0.9996953980451946f,0.010925419238277188f,-0.022130213323141218f,0.6188175377484443f,0f,0.8966796913799787f,0.4426799420198592f,3.508643940948968f,0.024680176807710563f,0.44254510084416687f,-0.8964065609931503f,2.0219282195645265f,0f,0f,0f,1f], start_interpolation: 0, interpolation_duration: 1 }
$data merge entity $(bone_left_head_scales) { transformation: [-0.876522052631946f,0.010925419238277188f,-0.4812377026629851f,0.6279512309342183f,-0.2044068493346352f,0.8966796913799787f,0.3926619042023222f,4.229132006480156f,0.4358060706265661f,0.44254510084416687f,-0.7837262931176029f,1.996210658463969f,0f,0f,0f,1f], start_interpolation: 0, interpolation_duration: 1 }
$data merge entity $(bone_left_head_scales2) { transformation: [-0.8062091600814427f,0.010925419238277188f,-0.5915297333315057f,0.6226574776215713f,-0.25391078358783853f,0.8966796913799787f,0.36262217947130004f,3.463755302957732f,0.5343744980615976f,0.44254510084416687f,-0.7201372990897236f,1.7817818532624445f,0f,0f,0f,1f], start_interpolation: 0, interpolation_duration: 1 }
$data merge entity $(bone_left_head_scales1) { transformation: [-0.9996953980451946f,0.010925419238277188f,-0.022130213323141218f,0.6268842954617303f,0f,0.8966796913799787f,0.4426799420198592f,4.14156563036883f,0.024680176807710563f,0.44254510084416687f,-0.8964065609931503f,1.9529933634596557f,0f,0f,0f,1f], start_interpolation: 0, interpolation_duration: 1 }
$data merge entity $(bone_right_head_scales) { transformation: [-0.896959243257058f,0.010925419238277188f,0.44197822474664256f,-0.543566813649994f,0.2044068493346352f,0.8966796913799787f,0.3926619042023222f,4.229132006480156f,-0.3920229022401798f,0.44254510084416687f,-0.8065183679483144f,2.0251327406605046f,0f,0f,0f,1f], start_interpolation: 0, interpolation_duration: 1 }
$data merge entity $(bone_right_head_scales2) { transformation: [-0.8315958978685942f,0.010925419238277188f,0.5552737143631006f,-0.5488605669626411f,0.25391078358783853f,0.8966796913799787f,0.36262217947130004f,3.463755302957732f,-0.4939408634906979f,0.44254510084416687f,-0.7484492348134842f,1.8107039354589805f,0f,0f,0f,1f], start_interpolation: 0, interpolation_duration: 1 }
$data merge entity $(bone_right_head_scales1) { transformation: [-0.9996953980451946f,0.010925419238277188f,-0.022130213323141218f,-0.5446337491224821f,0f,0.8966796913799787f,0.4426799420198592f,4.14156563036883f,0.024680176807710563f,0.44254510084416687f,-0.8964065609931503f,1.9819154456561916f,0f,0f,0f,1f], start_interpolation: 0, interpolation_duration: 1 }
$data merge entity $(bone_head_left_fin1) { transformation: [-0.6759767434830226f,0.02366511999172716f,-0.7365428734064741f,0.6212624325361571f,-0.07192663147964345f,0.9925932432627517f,0.09790410161542351f,3.8456147091421866f,0.7334043918290096f,0.11915794360809001f,-0.6692677958194402f,1.7252741481993854f,0f,0f,0f,1f], start_interpolation: 0, interpolation_duration: 1 }
$data merge entity $(bone_head_right_fin1) { transformation: [-0.7113433267684928f,-0.0177564039540028f,0.7026203680370757f,-0.5502556120480553f,0.07192663147964345f,0.9925932432627517f,0.09790410161542351f,3.8456147091421866f,-0.6991546546694265f,0.12018054562929009f,-0.7047974214668505f,1.7541962303959213f,0f,0f,0f,1f], start_interpolation: 0, interpolation_duration: 1 }
$data merge entity $(bone_right_whisker16) { transformation: [0.2549740795037362f,0.9121281489086478f,-0.3209524244334443f,-1.0063532661655339f,0.951348866740986f,-0.29601870757041837f,-0.08548835311889125f,1.4664912654450828f,-0.17298425515596383f,-0.28354041111774964f,-0.9432291782654489f,1.8465228196763106f,0f,0f,0f,1f], start_interpolation: 0, interpolation_duration: 1 }
$data merge entity $(bone_right_whisker15) { transformation: [-0.8710439704374493f,0.37184935500126637f,-0.3209524244334443f,-0.7511646029514374f,0.4176621715397699f,0.9045717505790809f,-0.08548835311889125f,1.3441293011267907f,0.2585357074549807f,-0.20851380107666417f,-0.9432291782654489f,1.7707799366328592f,0f,0f,0f,1f], start_interpolation: 0, interpolation_duration: 1 }
$data merge entity $(bone_right_whisker14) { transformation: [-0.7051290547281952f,-0.6322836052187465f,-0.3209524244334443f,-0.5445838251990365f,-0.6433087605522121f,0.7608190192666032f,-0.08548835311889125f,1.5325986645698215f,0.2982395929029177f,0.14619118473351253f,-0.9432291782654489f,1.6834050558995826f,0f,0f,0f,1f], start_interpolation: 0, interpolation_duration: 1 }
$data merge entity $(bone_right_whisker13) { transformation: [-0.09667718212465519f,-0.9908612318911625f,-0.0940613714101809f,-0.516260431998454f,-0.9899921550700268f,0.08596842048820068f,0.11191498370891931f,1.8226354287504933f,-0.1028059110958118f,0.1039396450537122f,-0.9892560309797804f,1.7135239751659337f,0f,0f,0f,1f], start_interpolation: 0, interpolation_duration: 1 }
$data merge entity $(bone_right_whisker12) { transformation: [0.05906031496126604f,-0.9957329365313676f,-0.07090696935630064f,-0.5393308675301985f,-0.9429151186514013f,-0.07896675399066291f,0.3235356715770174f,2.190961646973697f,-0.3277544175374141f,0.04775113475926414f,-0.9435554413567403f,1.841553044516486f,0f,0f,0f,1f], start_interpolation: 0, interpolation_duration: 1 }
$data merge entity $(bone_right_whisker11) { transformation: [0.29132442236949896f,-0.9553237790804538f,-0.049865399371887324f,-0.653129470018284f,-0.9558491241852023f,-0.29279067754833754f,0.02502140953597662f,2.564340211108542f,-0.03850367158414217f,0.0403744506368248f,-0.9984424725592933f,1.8565935412290415f,0f,0f,0f,1f], start_interpolation: 0, interpolation_duration: 1 }
$data merge entity $(bone_right_whisker10) { transformation: [0.07594327504712983f,-0.99511132794959f,0.06313528301607116f,-0.6827948118335692f,-0.9723482464316737f,-0.08793242195548848f,-0.21634873891541637f,2.9441637448709144f,0.22084271922878757f,-0.04495924994309107f,-0.9742726308422041f,1.7703268540302963f,0f,0f,0f,1f], start_interpolation: 0, interpolation_duration: 1 }
$data merge entity $(bone_right_whisker1) { transformation: [-0.341540911320615f,-0.9393105884549483f,0.03233302198531014f,-0.5493803933489539f,-0.9385645116822795f,0.34267618195513416f,0.04086186157354932f,3.310790507246805f,-0.04946173576501267f,-0.016390629550768226f,-0.9986415192440387f,1.7896478445635045f,0f,0f,0f,1f], start_interpolation: 0, interpolation_duration: 1 }
$data merge entity $(bone_left_whisker16) { transformation: [0.26319942754687053f,-0.9250083659518489f,0.27401748896391637f,1.0813603432818482f,-0.951348866740986f,-0.29601870757041837f,-0.08548835311889125f,1.4664912654450828f,0.16019174476121026f,-0.23818574199021553f,-0.9579176150499215f,1.7949819792305333f,0f,0f,0f,1f], start_interpolation: 0, interpolation_duration: 1 }
$data merge entity $(bone_left_whisker15) { transformation: [-0.8827403720785554f,-0.38168553973725994f,0.27401748896391637f,0.8227449998994588f,-0.4176621715397699f,0.9045717505790809f,-0.08548835311889125f,1.3441293011267907f,-0.21523881147994028f,-0.18991076012109737f,-0.9579176150499215f,1.7319237336797695f,0f,0f,0f,1f], start_interpolation: 0, interpolation_duration: 1 }
$data merge entity $(bone_left_whisker14) { transformation: [-0.7189867784793426f,0.6387271938111032f,0.27401748896391637f,0.612104342141839f,0.6433087605522121f,0.7608190192666032f,-0.08548835311889125f,1.5325986645698215f,-0.26308145310658626f,0.11481285558855031f,-0.9579176150499215f,1.6548490892149492f,0f,0f,0f,1f], start_interpolation: 0, interpolation_duration: 1 }
$data merge entity $(bone_left_whisker13) { transformation: [-0.09148641741806543f,0.9947830775622359f,0.045131629970719775f,0.5853016807888901f,0.9899921550700268f,0.08596842048820068f,0.11191498370891931f,1.8226354287504933f,0.10745123697664546f,0.054918660531466f,-0.992692385584587f,1.6863289437979507f,0f,0f,0f,1f], start_interpolation: 0, interpolation_duration: 1 }
$data merge entity $(bone_left_whisker12) { transformation: [0.07516151244693463f,0.9968762074550458f,0.024260545268681818f,0.614661646588474f,0.9429151186514013f,-0.07896675399066291f,0.3235356715770174f,2.190961646973697f,0.32444078976802965f,-0.001441795485696595f,-0.9459049080961968f,1.8130636273010874f,0f,0f,0f,1f], start_interpolation: 0, interpolation_duration: 1 }
$data merge entity $(bone_left_whisker11) { transformation: [0.2928695004070476f,0.9561522725125975f,0.0005361905648306881f,0.729063795184977f,0.9558491241852023f,-0.29279067754833754f,0.02502140953597662f,2.564340211108542f,0.02408126918806419f,-0.006815490428491874f,-0.9996867717262797f,1.822470373077675f,0f,0f,0f,1f], start_interpolation: 0, interpolation_duration: 1 }
$data merge entity $(bone_left_whisker10) { transformation: [0.06495320497260931f,0.9916805326827034f,-0.11113416334294182f,0.7544361408774025f,0.9723482464316737f,-0.08793242195548848f,-0.21634873891541637f,2.9441637448709144f,-0.224321128797613f,-0.09400856486082215f,-0.9699703196014676f,1.7348449321411075f,0f,0f,0f,1f], start_interpolation: 0, interpolation_duration: 1 }
$data merge entity $(bone_left_whisker1) { transformation: [-0.338684133483889f,0.9373574985589613f,-0.08157191686820939f,0.6221376512352584f,0.9385645116822795f,0.34267618195513416f,0.04086186157354932f,3.310790507246805f,0.06625492537820432f,-0.06272124214282235f,-0.9958294686577567f,1.7607257623669685f,0f,0f,0f,1f], start_interpolation: 0, interpolation_duration: 1 }
$data merge entity $(bone_upper_left_tooth1) { transformation: [-0.9996953980451946f,0.008955069540258799f,-0.022998214208694193f,0.32669212418113036f,0f,0.9318496535855086f,0.3628446266827821f,3.2927246956729825f,0.024680176807710563f,0.3627341035002039f,-0.931565810359442f,2.653247376072316f,0f,0f,0f,1f], start_interpolation: 0, interpolation_duration: 1 }
$data merge entity $(bone_upper_right_tooth1) { transformation: [-0.9996953980451946f,0.008955069540258799f,-0.022998214208694193f,-0.25906689811097583f,0f,0.9318496535855086f,0.3628446266827821f,3.2927246956729825f,0.024680176807710563f,0.3627341035002039f,-0.931565810359442f,2.6677084171705836f,0f,0f,0f,1f], start_interpolation: 0, interpolation_duration: 1 }
$data merge entity $(bone_top_lip1) { transformation: [-0.9996953980451946f,-0.003008381035029017f,-0.024496137875345415f,0.059181521729496867f,0f,0.9925430464376717f,-0.12189463059637168f,3.3928257326792384f,0.024680176807710563f,-0.12185750125361183f,-0.9922407158854984f,2.698840923054236f,0f,0f,0f,1f], start_interpolation: 0, interpolation_duration: 1 }
$data merge entity $(bone_muzzle1) { transformation: [-0.9996953980451946f,0.008955069540258799f,-0.022998214208694193f,0.049263702712594254f,0f,0.9318496535855086f,0.3628446266827821f,3.7064973746511303f,0.024680176807710563f,0.3627341035002039f,-0.931565810359442f,2.2971096831570774f,0f,0f,0f,1f], start_interpolation: 0, interpolation_duration: 1 }
$data merge entity $(bone_jaw_right_tooth1) { transformation: [-0.9996953980451946f,-0.0035743405568798427f,-0.02441997577483029f,-0.259716419751744f,0f,0.9894570839217413f,-0.14482637562641573f,3.0817180334754326f,0.024680176807710563f,-0.1447822612292927f,-0.9891556933597829f,2.641398889476932f,0f,0f,0f,1f], start_interpolation: 0, interpolation_duration: 1 }
$data merge entity $(bone_jaw_left_tooth1) { transformation: [-0.9996953980451946f,-0.0035743405568798427f,-0.02441997577483029f,0.3748558543980377f,0f,0.9894570839217413f,-0.14482637562641573f,3.0817180334754326f,0.024680176807710563f,-0.1447822612292927f,-0.9891556933597829f,2.625732761620475f,0f,0f,0f,1f], start_interpolation: 0, interpolation_duration: 1 }
$data merge entity $(bone_tongue1) { transformation: [-0.9996953980451946f,0.009046278542769447f,-0.02296249053971462f,0.04175259537801847f,0f,0.9304021895232408f,0.3665402648146026f,3.33448000974443f,0.024680176807710563f,0.36642861593342524f,-0.9301187871975573f,1.9928647219032736f,0f,0f,0f,1f], start_interpolation: 0, interpolation_duration: 1 }
$data merge entity $(bone_jaw_lips1) { transformation: [-0.9996953980451946f,0.009046278542769447f,-0.02296249053971462f,0.10748935631202439f,0f,0.9304021895232408f,0.3665402648146026f,2.9436321914649826f,0.024680176807710563f,0.36642861593342524f,-0.9301187871975573f,2.6771634009486576f,0f,0f,0f,1f], start_interpolation: 0, interpolation_duration: 1 }
$data merge entity $(bone_jaw3) { transformation: [-0.9996953980451946f,0.0007204459996486227f,-0.02466965919548636f,0.08816341779942141f,0f,0.9995738437246153f,0.02919128194509285f,2.8932265932355863f,0.024680176807710563f,0.029182390223549015f,-0.9992693715778448f,1.8943468131875183f,0f,0f,0f,1f], start_interpolation: 0, interpolation_duration: 1 }
$data merge entity $(bone_jaw1) { transformation: [-0.9996953980451946f,0.017953515558519737f,-0.01693465105485921f,0.07493322166281266f,0f,0.6861640897794742f,0.7274467966092815f,3.4615444030865876f,0.024680176807710563f,0.7272252148930175f,-0.6859550828564104f,1.3584444047059478f,0f,0f,0f,1f], start_interpolation: 0, interpolation_duration: 1 }
$data merge entity $(bone_tear_right1) { transformation: [-0.9996953980451946f,0.010925419238277188f,-0.022130213323141218f,-0.4786826418009601f,0f,0.8966796913799787f,0.4426799420198592f,3.77621884055952f,0.024680176807710563f,0.44254510084416687f,-0.8964065609931503f,2.279209445714483f,0f,0f,0f,1f], start_interpolation: 0, interpolation_duration: 1 }
$data merge entity $(bone_right_pupil1) { transformation: [-0.9996953980451946f,0.010925419238277188f,-0.022130213323141218f,-0.31523559541605195f,0f,0.8966796913799787f,0.4426799420198592f,3.83784693881812f,0.024680176807710563f,0.44254510084416687f,-0.8964065609931503f,2.37097378406252f,0f,0f,0f,1f], start_interpolation: 0, interpolation_duration: 1 }
$data merge entity $(bone_right_sad_pupil1) { transformation: [-0.9996953980451946f,0.010925419238277188f,-0.022130213323141218f,-0.31545171078053574f,0f,0.8966796913799787f,0.4426799420198592f,3.8421699851269073f,0.024680176807710563f,0.44254510084416687f,-0.8964065609931503f,2.362219813740321f,0f,0f,0f,1f], start_interpolation: 0, interpolation_duration: 1 }
$data merge entity $(bone_right_happy_pupil1) { transformation: [-0.9996953980451946f,0.010925419238277188f,-0.022130213323141218f,-0.34012475475849013f,0f,0.8966796913799787f,0.4426799420198592f,3.8202786713114794f,0.024680176807710563f,0.44254510084416687f,-0.8964065609931503f,2.352018163951126f,0f,0f,0f,1f], start_interpolation: 0, interpolation_duration: 1 }
$data merge entity $(bone_eyelid_right1) { transformation: [-0.9996953980451946f,0.010925419238277188f,-0.022130213323141218f,0.0490714049679435f,0f,0.8966796913799787f,0.4426799420198592f,4.0145391125106284f,0.024680176807710563f,0.44254510084416687f,-0.8964065609931503f,1.8936334743776175f,0f,0f,0f,1f], start_interpolation: 0, interpolation_duration: 1 }
$data merge entity $(bone_eyelid_expressions_right5) { transformation: [-0.9996953980451946f,0.010925419238277188f,-0.022130213323141218f,-0.4266549421758896f,0f,0.8966796913799787f,0.4426799420198592f,3.9297363612382337f,0.024680176807710563f,0.44254510084416687f,-0.8964065609931503f,2.4082088005759137f,0f,0f,0f,1f], start_interpolation: 0, interpolation_duration: 1 }
$data merge entity $(bone_eyelid_expressions_right7) { transformation: [-0.9996953980451946f,0.010925419238277188f,-0.022130213323141218f,-0.13377543102983652f,0f,0.8966796913799787f,0.4426799420198592f,3.9297363612382337f,0.024680176807710563f,0.44254510084416687f,-0.8964065609931503f,2.40097828002678f,0f,0f,0f,1f], start_interpolation: 0, interpolation_duration: 1 }
$data merge entity $(bone_eyelid_expressions_right6) { transformation: [-0.9996953980451946f,0.010925419238277188f,-0.022130213323141218f,-0.23140193474518755f,0f,0.8966796913799787f,0.4426799420198592f,3.9297363612382337f,0.024680176807710563f,0.44254510084416687f,-0.8964065609931503f,2.4033884535431578f,0f,0f,0f,1f], start_interpolation: 0, interpolation_duration: 1 }
$data merge entity $(bone_right_eye1) { transformation: [-0.9996953980451946f,0.010925419238277188f,-0.022130213323141218f,0.0395248699608922f,0f,0.8966796913799787f,0.4426799420198592f,4.010216066201841f,0.024680176807710563f,0.44254510084416687f,-0.8964065609931503f,1.902628462051454f,0f,0f,0f,1f], start_interpolation: 0, interpolation_duration: 1 }
$data merge entity $(bone_tear_left1) { transformation: [-0.9996953980451946f,0.010925419238277188f,-0.022130213323141218f,0.5756835983248311f,0f,0.8966796913799787f,0.4426799420198592f,3.77621884055952f,0.024680176807710563f,0.44254510084416687f,-0.8964065609931503f,2.2531795717376006f,0f,0f,0f,1f], start_interpolation: 0, interpolation_duration: 1 }
$data merge entity $(bone_left_sad_pupil1) { transformation: [-0.9996953980451946f,0.010925419238277188f,-0.022130213323141218f,0.41674706708459697f,0f,0.8966796913799787f,0.4426799420198592f,3.8421699851269073f,0.024680176807710563f,0.44254510084416687f,-0.8964065609931503f,2.344143512367486f,0f,0f,0f,1f], start_interpolation: 0, interpolation_duration: 1 }
$data merge entity $(bone_left_pupil1) { transformation: [-0.9996953980451946f,0.010925419238277188f,-0.022130213323141218f,0.41696318244908076f,0f,0.8966796913799787f,0.4426799420198592f,3.83784693881812f,0.024680176807710563f,0.44254510084416687f,-0.8964065609931503f,2.352897482689685f,0f,0f,0f,1f], start_interpolation: 0, interpolation_duration: 1 }
$data merge entity $(bone_eyelid_left1) { transformation: [-0.9996953980451946f,0.010925419238277188f,-0.022130213323141218f,0.0295461042248733f,0f,0.8966796913799787f,0.4426799420198592f,4.0145391125106284f,0.024680176807710563f,0.44254510084416687f,-0.8964065609931503f,1.894115509080893f,0f,0f,0f,1f], start_interpolation: 0, interpolation_duration: 1 }
$data merge entity $(bone_left_happy_pupil1) { transformation: [-0.9996953980451946f,0.010925419238277188f,-0.022130213323141218f,0.4408872749643181f,0f,0.8966796913799787f,0.4426799420198592f,3.8202786713114794f,0.024680176807710563f,0.44254510084416687f,-0.8964065609931503f,2.332736775820102f,0f,0f,0f,1f], start_interpolation: 0, interpolation_duration: 1 }
$data merge entity $(bone_eyelid_expressions_left5) { transformation: [-0.9996953980451946f,0.010925419238277188f,-0.022130213323141218f,0.5300847942345506f,0f,0.8966796913799787f,0.4426799420198592f,3.9297363612382337f,0.024680176807710563f,0.44254510084416687f,-0.8964065609931503f,2.3845891001154094f,0f,0f,0f,1f], start_interpolation: 0, interpolation_duration: 1 }
$data merge entity $(bone_eyelid_expressions_left7) { transformation: [-0.9996953980451946f,0.010925419238277188f,-0.022130213323141218f,0.23720528308849742f,0f,0.8966796913799787f,0.4426799420198592f,3.9297363612382337f,0.024680176807710563f,0.44254510084416687f,-0.8964065609931503f,2.3918196206645432f,0f,0f,0f,1f], start_interpolation: 0, interpolation_duration: 1 }
$data merge entity $(bone_eyelid_expressions_left6) { transformation: [-0.9996953980451946f,0.010925419238277188f,-0.022130213323141218f,0.33483178680384845f,0f,0.8966796913799787f,0.4426799420198592f,3.9297363612382337f,0.024680176807710563f,0.44254510084416687f,-0.8964065609931503f,2.3894094471481653f,0f,0f,0f,1f], start_interpolation: 0, interpolation_duration: 1 }
$data merge entity $(bone_left_eye1) { transformation: [-0.9996953980451946f,0.010925419238277188f,-0.022130213323141218f,0.0395248699608922f,0f,0.8966796913799787f,0.4426799420198592f,4.010216066201841f,0.024680176807710563f,0.44254510084416687f,-0.8964065609931503f,1.902628462051454f,0f,0f,0f,1f], start_interpolation: 0, interpolation_duration: 1 }
$data merge entity $(bone_crest_middle5) { transformation: [-0.9996953980451946f,0.005876588350412778f,-0.02397033242613976f,0.0618640005577269f,0f,0.9712382781087274f,0.23810965359765235f,4.907158068257597f,0.024680176807710563f,0.23803712493170845f,-0.970942437030634f,2.8074974274556723f,0f,0f,0f,1f], start_interpolation: 0, interpolation_duration: 1 }
$data merge entity $(bone_crest_middle4) { transformation: [-0.9996953980451946f,0.005876588350412778f,-0.02397033242613976f,0.05842068707115691f,0f,0.9712382781087274f,0.23810965359765235f,4.338073139678264f,0.024680176807710563f,0.23803712493170845f,-0.970942437030634f,2.6680225495659995f,0f,0f,0f,1f], start_interpolation: 0, interpolation_duration: 1 }
$data merge entity $(bone_crest_middle1) { transformation: [-0.9996953980451946f,0.005876588350412778f,-0.02397033242613976f,0.05759384902895097f,0f,0.9712382781087274f,0.23810965359765235f,3.8938196969401386f,0.024680176807710563f,0.23803712493170845f,-0.970942437030634f,2.634530642592961f,0f,0f,0f,1f], start_interpolation: 0, interpolation_duration: 1 }
$data merge entity $(bone_crest_left5) { transformation: [-0.5463503509632877f,-0.8329899837745544f,0.08734403776766746f,-0.9024727420883973f,-0.7562519813440124f,0.5354452311969423f,0.3760071077808348f,4.369080461996597f,-0.359978103105658f,0.13937751368036508f,-0.9224910156552919f,2.6614540523915178f,0f,0f,0f,1f], start_interpolation: 0, interpolation_duration: 1 }
$data merge entity $(bone_crest_left4) { transformation: [-0.5463503509632877f,-0.8329899837745544f,0.08734403776766746f,-0.49573935157347815f,-0.7562519813440124f,0.5354452311969423f,0.3760071077808348f,4.107632595201215f,-0.359978103105658f,0.13937751368036508f,-0.9224910156552919f,2.593398625789777f,0f,0f,0f,1f], start_interpolation: 0, interpolation_duration: 1 }
$data merge entity $(bone_crest_left1) { transformation: [-0.5463503509632877f,-0.8329899837745544f,0.08734403776766746f,-0.044067776412942766f,-0.7562519813440124f,0.5354452311969423f,0.3760071077808348f,3.8383996637859057f,-0.359978103105658f,0.13937751368036508f,-0.9224910156552919f,2.473494149904069f,0f,0f,0f,1f], start_interpolation: 0, interpolation_duration: 1 }
$data merge entity $(bone_crest_center1) { transformation: [-0.9996953980451946f,0.010925419238277188f,-0.022130213323141218f,0.05329199684847978f,0f,0.8966796913799787f,0.4426799420198592f,3.8165083499704777f,0.024680176807710563f,0.44254510084416687f,-0.8964065609931503f,2.4602797909319567f,0f,0f,0f,1f], start_interpolation: 0, interpolation_duration: 1 }
$data merge entity $(bone_crest_right5) { transformation: [-0.5279215407083226f,0.838852844622645f,-0.13275824616439985f,1.0178194098868973f,0.7562519813440124f,0.5354452311969423f,0.3760071077808348f,4.369080461996597f,0.3864994017710845f,0.09810356495535513f,-0.9170571972203503f,2.6140464621136377f,0f,0f,0f,1f], start_interpolation: 0, interpolation_duration: 1 }
$data merge entity $(bone_crest_right4) { transformation: [-0.5279215407083226f,0.838852844622645f,-0.13275824616439985f,0.6082232943484964f,0.7562519813440124f,0.5354452311969423f,0.3760071077808348f,4.107632595201215f,0.3864994017710845f,0.09810356495535513f,-0.9170571972203503f,2.5661443307877807f,0f,0f,0f,1f], start_interpolation: 0, interpolation_duration: 1 }
$data merge entity $(bone_crest_right1) { transformation: [-0.5279215407083226f,0.838852844622645f,-0.13275824616439985f,0.15118523101775933f,0.7562519813440124f,0.5354452311969423f,0.3760071077808348f,3.8383996637859057f,0.3864994017710845f,0.09810356495535513f,-0.9170571972203503f,2.468673802871313f,0f,0f,0f,1f], start_interpolation: 0, interpolation_duration: 1 }
$data merge entity $(bone_head1) { transformation: [-0.9996953980451946f,0.010925419238277188f,-0.022130213323141218f,0.02710505717803915f,0f,0.8966796913799787f,0.4426799420198592f,4.204200425129501f,0.024680176807710563f,0.44254510084416687f,-0.8964065609931503f,1.399551446828367f,0f,0f,0f,1f], start_interpolation: 0, interpolation_duration: 1 }
$data merge entity $(bone_neck10) { transformation: [-1.3016867162046803f,0.009653159161093834f,-0.03065153045005352f,0.0023698939840478654f,0f,1.241949386702829f,0.3911300650843798f,4.110295780491272f,0.032135646885039795f,0.3910109261019719f,-1.24157108649187f,0.3976287698723179f,0f,0f,0f,1f], start_interpolation: 0, interpolation_duration: 1 }
$data merge entity $(bone_neck9) { transformation: [-0.9996953980451946f,0.010925419238277188f,-0.02213021332314122f,-0.01041969033587722f,0f,0.8966796913799788f,0.4426799420198593f,2.9503176595000946f,0.024680176807710563f,0.44254510084416687f,-0.8964065609931503f,-0.12042621357275987f,0f,0f,0f,1f], start_interpolation: 0, interpolation_duration: 1 }
$data merge entity $(bone_neck8) { transformation: [-0.9996953980451946f,-0.006895891414028722f,-0.0236972109934013f,-0.004942644183921747f,0f,0.9601718487688399f,-0.27941013015248395f,2.3336872215571764f,0.024680176807710563f,-0.27932502128064707f,-0.9598793785467559f,0.10142705253838147f,0f,0f,0f,1f], start_interpolation: 0, interpolation_duration: 1 }
$data merge entity $(bone_neck7) { transformation: [-0.9996953980451946f,-0.013887504697730629f,-0.020402165094184587f,0.0068445210796879204f,0f,0.8266620313599438f,-0.5626987523603115f,1.6716540474461352f,0.024680176807710563f,-0.5625273532203761f,-0.8264102284892282f,0.5788780433411436f,0f,0f,0f,1f], start_interpolation: 0, interpolation_duration: 1 }
$data merge entity $(bone_neck6) { transformation: [-0.9996953980451946f,-0.009575240220353748f,-0.02274699764765395f,0.014260576629744327f,0f,0.9216707734665559f,-0.3879729183043072f,0.9348127703048301f,0.024680176807710563f,-0.3878547409949802f,-0.921390030747271f,0.8792728364093481f,0f,0f,0f,1f], start_interpolation: 0, interpolation_duration: 1 }
$data merge entity $(bone_neck_spine6) { transformation: [-1.1001980133989957f,-0.09975220308381319f,-0.06749449466578786f,-0.040473267120423484f,-0.054403920403515146f,-0.14174742410596705f,1.096307237375277f,0.17740040887566233f,-0.10745334929629864f,1.0931142864570977f,0.13600224992903176f,-1.220298390830014f,0f,0f,0f,1f], start_interpolation: 0, interpolation_duration: 1 }
$data merge entity $(bone_neck_spine7) { transformation: [-0.9761094118343011f,-0.21605329974582735f,0.02305185019546513f,0.42478230593018373f,-0.01577291047054348f,0.17627163010509092f,0.9842151836439944f,0.6043418219512965f,-0.21670632529712347f,0.9603381092558148f,-0.17546818653871038f,-4.338172158278857f,0f,0f,0f,1f], start_interpolation: 0, interpolation_duration: 1 }
$data merge entity $(bone_tail6) { transformation: [-1.4466329645716798f,0.2209135180373355f,0.3172452758465416f,0.5099204064602121f,0.33573856449710815f,1.3271157230505017f,0.6068259681536303f,-1.1871362395040421f,-0.1916428026511862f,0.6573852423537796f,-1.3316575990139086f,-6.8729120131015895f,0f,0f,0f,1f], start_interpolation: 0, interpolation_duration: 1 }
$data merge entity $(bone_tail5) { transformation: [-1.19504462290704f,0.18249377576997283f,0.2620721843949692f,0.6251796332623003f,0.2773492489323937f,1.0963129886069365f,0.5012910171703903f,-0.4947280361733448f,-0.1583136195814147f,0.5430573741183397f,-1.1000649730984462f,-6.52992840839527f,0f,0f,0f,1f], start_interpolation: 0, interpolation_duration: 1 }
$data merge entity $(bone_tail4) { transformation: [-0.9660992319922175f,0.14753181030667276f,0.21186467117403823f,0.6828092466633443f,0.22421497176850355f,0.8862825002632917f,0.4052542117756418f,-0.14852393450799653f,-0.12798406298792261f,0.4390190140240893f,-0.8893156835153755f,-6.35843660604211f,0f,0f,0f,1f], start_interpolation: 0, interpolation_duration: 1 }
$data merge entity $(bone_segment18) { transformation: [-0.9660992319922175f,0.09203470634194151f,0.24120921784334862f,0.7277480681193704f,0.22421497176850355f,0.7622685694915493f,0.6071855354009641f,0.22367751543904904f,-0.12798406298792261f,0.6406841973967041f,-0.7570626386417731f,-6.045602525282001f,0f,0f,0f,1f], start_interpolation: 0, interpolation_duration: 1 }
$data merge entity $(bone_segment17) { transformation: [-0.9940852891561894f,-0.10793175863676487f,-0.012048790845149038f,0.6592366978909553f,-0.022867217802935852f,0.09956485484613228f,0.9947682795653574f,0.2868778627534885f,-0.10616745373798932f,0.9891600351596517f,-0.10144405655211237f,-5.4177177373388625f,0f,0f,0f,1f], start_interpolation: 0, interpolation_duration: 1 }
$data merge entity $(bone_segment16) { transformation: [-0.9786492928161494f,-0.20347757043592588f,-0.029024816966576484f,0.4903344177439465f,-0.016799632171631287f,-0.061553358901257946f,0.9979624022812033f,0.2357837660092802f,-0.20484953997836636f,0.9771428054984929f,0.05682080282067388f,-4.606612869493434f,0f,0f,0f,1f], start_interpolation: 0, interpolation_duration: 1 }
$data merge entity $(bone_segment15) { transformation: [-0.9761094118343011f,-0.21465771993490468f,-0.033652331283917244f,0.27022640413881965f,-0.01577291047054348f,-0.08446831404555974f,0.9963013194900368f,0.1491707486774074f,-0.21670632529712347f,0.9730298901856245f,0.07906453934330204f,-3.608877142252315f,0f,0f,0f,1f], start_interpolation: 0, interpolation_duration: 1 }
$data merge entity $(bone_segment14) { transformation: [-0.9855541743174234f,-0.15755490787499996f,-0.06212423432125221f,0.10867107868105612f,-0.026964788933574384f,-0.21616014344296924f,0.9759854981220173f,-0.07247783590766838f,-0.1672000886461169f,0.9635617486135566f,0.20878909685497318f,-2.6208499586153677f,0f,0f,0f,1f], start_interpolation: 0, interpolation_duration: 1 }
$data merge entity $(bone_segment13) { transformation: [-0.9940612638710925f,-0.07817015444394745f,-0.07570753347729291f,0.026547537882403202f,-0.04915554219988191f,-0.2981337294266876f,0.953257579067258f,-0.4160112702861962f,-0.09708726148183217f,0.9513178786989887f,0.2925206955509546f,-1.6060679832376956f,0f,0f,0f,1f], start_interpolation: 0, interpolation_duration: 1 }
$data merge entity $(bone_segment12) { transformation: [-0.9990270560858165f,-0.023324618981742987f,-0.03742864354826515f,-0.0007859999868268658f,-0.039933874275678f,0.11829839710137263f,0.9921747703547898f,-0.27738033618302516f,-0.018714349944385426f,0.9927041106959325f,-0.11911474179780018f,-0.4427428535158994f,0f,0f,0f,1f], start_interpolation: 0, interpolation_duration: 1 }
$data merge entity $(bone_segment11) { transformation: [-1.0349055854283138f,0.011212318000645049f,-0.019828643130422603f,0.006136060512438642f,-0.008288902763876027f,0.6539416315979991f,0.8023964721183537f,0.47830595305401546f,0.021217569472308857f,0.8023609463963595f,-0.6536934972582246f,0.4846378837674205f,0f,0f,0f,1f], start_interpolation: 0, interpolation_duration: 1 }
$data merge entity $(bone_segment10) { transformation: [-0.9996953980451946f,0.011428450596961555f,-0.021874680436812406f,0.015065694129436348f,0f,0.8863259208896077f,0.46306194181684646f,1.296252937054391f,0.024680176807710563f,0.4629208922441732f,-0.8860559442815101f,0.9118849309497856f,0f,0f,0f,1f], start_interpolation: 0, interpolation_duration: 1 }