# This file was generated by Animated Java via MC-Build. It is not recommended to edit this file directly.
$data merge entity $(bone_neck_spine5) { transformation: [-1.3667059090220568f,0.0070763313199849985f,-0.0355885365742137f,0.07842700644960027f,0f,1.3409366124717155f,0.2666283208684549f,3.760457276677039f,0.03628523667339579f,0.2665344012021367f,-1.3404642683531798f,-0.46089988668961357f,0f,0f,0f,1f], start_interpolation: 0, interpolation_duration: 1 }
$data merge entity $(bone_neck_spine2) { transformation: [-1.3016246752591014f,0.006199518193376066f,-0.033996730361217184f,0.02363121297514141f,0f,1.280959118693183f,0.2335909741005177f,4.883749933027227f,0.03455736826037693f,0.23350869181980943f,-1.2805079016109049f,1.1547618793741397f,0f,0f,0f,1f], start_interpolation: 0, interpolation_duration: 1 }
$data merge entity $(bone_scale_neck_left1) { transformation: [-1.3799869199952208f,0.38060093209325047f,0.0473122556493622f,0.702484247332263f,0.35288984358596276f,1.1908389446924423f,0.7133237585419702f,4.117611470135446f,0.1502141049926952f,0.698931296120239f,-1.2411245644042763f,0.9671269818543513f,0f,0f,0f,1f], start_interpolation: 0, interpolation_duration: 1 }
$data merge entity $(bone_scale_neck_right1) { transformation: [-1.3860134379341322f,-0.342978473541327f,-0.11310143657817442f,-0.6642216616897936f,-0.35288984358596276f,1.1908389446924423f,0.7133237585419702f,4.117611470135446f,-0.07677842511187875f,0.7181419030343721f,-1.2368656753852814f,1.0034122185277472f,0f,0f,0f,1f], start_interpolation: 0, interpolation_duration: 1 }
$data merge entity $(bone_blush_right1) { transformation: [-0.9996477505989899f,0.011736650774005646f,-0.023803902011829768f,-0.5290880021405502f,0f,0.8969046440217919f,0.4422239924881315f,3.496145470275289f,0.026540058823969485f,0.4420682193516653f,-0.8965887098981722f,2.045768001613878f,0f,0f,0f,1f], start_interpolation: 0, interpolation_duration: 1 }
$data merge entity $(bone_blush_left1) { transformation: [-0.9996477505989899f,0.011736650774005646f,-0.023803902011829768f,0.6228498354637546f,0f,0.8969046440217919f,0.4422239924881315f,3.496145470275289f,0.026540058823969485f,0.4420682193516653f,-0.8965887098981722f,2.0151847307034445f,0f,0f,0f,1f], start_interpolation: 0, interpolation_duration: 1 }
$data merge entity $(bone_left_head_scales) { transformation: [-0.8757069654000001f,0.011736650774005646f,-0.4827002815190105f,0.6319259436717165f,-0.20419631527065477f,0.8969046440217919f,0.3922574720282972f,4.216620485885651f,0.43753991312771734f,0.4420682193516653f,-0.7830290632278205f,1.989084040787412f,0f,0f,0f,1f], start_interpolation: 0, interpolation_duration: 1 }
$data merge entity $(bone_left_head_scales2) { transformation: [-0.80521014118486f,0.011736650774005646f,-0.5928734093899531f,0.6262435849632888f,-0.25364926168027424f,0.8969046440217919f,0.36224868748029265f,3.4511348275939975f,0.5360025005371801f,0.4420682193516653f,-0.7192197222387181f,1.7750544812204134f,0f,0f,0f,1f], start_interpolation: 0, interpolation_duration: 1 }
$data merge entity $(bone_left_head_scales1) { transformation: [-0.9996477505989899f,0.011736650774005646f,-0.023803902011829768f,0.6307797863695676f,0f,0.8969046440217919f,0.4422239924881315f,4.129032141742898f,0.026540058823969485f,0.4420682193516653f,-0.8965887098981722f,1.9459133162413509f,0f,0f,0f,1f], start_interpolation: 0, interpolation_duration: 1 }
$data merge entity $(bone_right_head_scales) { transformation: [-0.8976898028870902f,0.011736650774005646f,0.4404716436061988f,-0.5395362640614748f,0.20419631527065477f,0.8969046440217919f,0.3922574720282972f,4.216620485885651f,-0.39045727374762096f,0.4420682193516653f,-0.8075387339421087f,2.0201856722217513f,0f,0f,0f,1f], start_interpolation: 0, interpolation_duration: 1 }
$data merge entity $(bone_right_head_scales2) { transformation: [-0.8325168557592497f,0.011736650774005646f,0.5538753793998626f,-0.5452186227699025f,0.25364926168027424f,0.8969046440217919f,0.36224868748029265f,3.4511348275939975f,-0.49252181365477077f,0.4420682193516653f,-0.7496652269603171f,1.8061561126547527f,0f,0f,0f,1f], start_interpolation: 0, interpolation_duration: 1 }
$data merge entity $(bone_right_head_scales1) { transformation: [-0.9996477505989899f,0.011736650774005646f,-0.023803902011829768f,-0.5406824213636238f,0f,0.8969046440217919f,0.4422239924881315f,4.129032141742898f,0.026540058823969485f,0.4420682193516653f,-0.8965887098981722f,1.9770149476756902f,0f,0f,0f,1f], start_interpolation: 0, interpolation_duration: 1 }
$data merge entity $(bone_head_left_fin1) { transformation: [-0.6746101128772466f,0.023873377332608317f,-0.737788084383642f,0.6247382577385495f,-0.07156233844704274f,0.9926539760730214f,0.09755467955158556f,3.8329654458700917f,0.7346972351382167f,0.11860921398085628f,-0.6679459761381186f,1.7183553991231673f,0f,0f,0f,1f], start_interpolation: 0, interpolation_duration: 1 }
$data merge entity $(bone_head_right_fin1) { transformation: [-0.7126438349748407f,-0.017546172381933046f,0.7013065637131137f,-0.5467239499946418f,0.07156233844704274f,0.9926539760730214f,0.09755467955158556f,3.8329654458700917f,-0.6978664601400065f,0.11970887862295404f,-0.7061530911852558f,1.7494570305575066f,0f,0f,0f,1f], start_interpolation: 0, interpolation_duration: 1 }
$data merge entity $(bone_right_whisker16) { transformation: [0.25463896597056634f,0.9116030410101963f,-0.3227055819635038f,-1.0026169393203745f,0.9512640208533574f,-0.29615133843396635f,-0.08597178242698963f,1.4538835132072054f,-0.17394182832011434f,-0.2850864436705701f,-0.9425868448031316f,1.8438411896598643f,0f,0f,0f,1f], start_interpolation: 0, interpolation_duration: 1 }
$data merge entity $(bone_right_whisker15) { transformation: [-0.8705670960033087f,0.3714485680763388f,-0.3227055819635038f,-0.7475679854131552f,0.4177825931172564f,0.9044703187581931f,-0.08597178242698963f,1.3314862691298843f,0.2599435251061026f,-0.20966497981181859f,-0.9425868448031316f,1.7676858600389358f,0f,0f,0f,1f], start_interpolation: 0, interpolation_duration: 1 }
$data merge entity $(bone_right_whisker14) { transformation: [-0.7045642825727658f,-0.6320207900791874f,-0.3227055819635038f,-0.5411526682531652f,-0.6431659397453346f,0.7608852913401776f,-0.08597178242698963f,1.5199137905396503f,0.2998778846034241f,0.14698059167744812f,-0.9425868448031316f,1.6798310110340264f,0f,0f,0f,1f], start_interpolation: 0, interpolation_duration: 1 }
$data merge entity $(bone_right_whisker13) { transformation: [-0.09685492543375417f,-0.9906672984655001f,-0.0959032177264667f,-0.5127772018174951f,-0.9900454931568181f,0.08600880526666486f,0.11141098193837945f,1.8099661811129368f,-0.10212269531840076f,0.10573925083746845f,-0.9891360704843577f,1.7097497694280892f,0f,0f,0f,1f], start_interpolation: 0, interpolation_duration: 1 }
$data merge entity $(bone_right_whisker12) { transformation: [0.058463152865154286f,-0.9956413071594167f,-0.07266668586741756f,-0.535614370905446f,-0.9430808427262729f,-0.07895496783764808f,0.32305516113577126f,2.178357135302887f,-0.32738445876334576f,0.0496437360766118f,-0.9435861993631462f,1.8376343236325212f,0f,0f,0f,1f], start_interpolation: 0, interpolation_duration: 1 }
$data merge entity $(bone_right_whisker11) { transformation: [0.29126518034143467f,-0.955243058633281f,-0.05172324094259599f,-0.6493898319763188f,-0.9558649152948919f,-0.29278210603798727f,0.024513304392717344f,2.5517418678399544f,-0.03855980327959152f,0.042300559297662445f,-0.9983605582424341f,1.8526967467886117f,0f,0f,0f,1f], start_interpolation: 0, interpolation_duration: 1 }
$data merge entity $(bone_right_whisker10) { transformation: [0.07636713928361681f,-0.9951920652338778f,0.061325470509128135f,-0.6792207457589816f,-0.9722349205732236f,-0.0879677485508651f,-0.21684311018076974f,2.93152113368887f,0.22119520622204802f,-0.04306307595169033f,-0.9742783238038119f,1.7662923693581243f,0f,0f,0f,1f], start_interpolation: 0, interpolation_duration: 1 }
$data merge entity $(bone_right_whisker1) { transformation: [-0.34161967856326897f,-0.9393440811901763f,0.03047445407734826f,-0.5457755588202047f,-0.9385938158279387f,0.342656020401551f,0.040354684636627114f,3.2981593429966582f,-0.04834918931976584f,-0.01481717974364502f,-0.9987205850870234f,1.7851787714361578f,0f,0f,0f,1f], start_interpolation: 0, interpolation_duration: 1 }
$data merge entity $(bone_left_whisker16) { transformation: [0.26350984391293325f,-0.9254459123156238f,0.2722359739991849f,1.0849971655958364f,-0.9512640208533574f,-0.29615133843396635f,-0.08597178242698963f,1.4538835132072054f,0.1601852826912788f,-0.23631387627914194f,-0.9583821925970045f,1.7884162651171682f,0f,0f,0f,1f], start_interpolation: 0, interpolation_duration: 1 }
$data merge entity $(bone_left_whisker15) { transformation: [-0.8831336577062678f,-0.3820504117090624f,0.2722359739991849f,0.8262666018147031f,-0.4177825931172564f,0.9044703187581931f,-0.08597178242698963f,1.3314862691298843f,-0.21338380330889653f,-0.18966002583145625f,-0.9583821925970045f,1.725901478991515f,0f,0f,0f,1f], start_interpolation: 0, interpolation_duration: 1 }
$data merge entity $(bone_left_whisker14) { transformation: [-0.71948367447701f,0.6389294300795475f,0.2722359739991849f,0.6154803690577666f,0.6431659397453346f,0.7608852913401776f,-0.08597178242698963f,1.5199137905396503f,-0.2620702503386461f,0.11323761212776366f,-0.9583821925970045f,1.6491230853376149f,0f,0f,0f,1f], start_interpolation: 0, interpolation_duration: 1 }
$data merge entity $(bone_left_whisker13) { transformation: [-0.09129970586223407f,0.9948823712800423f,0.043283149442594746f,0.5887324083559402f,0.9900454931568181f,0.08600880526666486f,0.11141098193837945f,1.8099661811129368f,0.10711808992575686f,0.0530240769160706f,-0.9928313865293826f,1.6805053382455515f,0f,0f,0f,1f], start_interpolation: 0, interpolation_duration: 1 }
$data merge entity $(bone_left_whisker12) { transformation: [0.07575227726712276f,0.9968728651614469f,0.022496292886896335f,0.6183231416634101f,0.9430808427262729f,-0.07895496783764808f,0.32305516113577126f,2.178357135302887f,0.32382111816796044f,-0.003256341284940802f,-0.9461127203826657f,1.806997962529911f,0f,0f,0f,1f], start_interpolation: 0, interpolation_duration: 1 }
$data merge entity $(bone_left_whisker11) { transformation: [0.2929008986053184f,0.95614188825676f,-0.0013240532446497227f,0.7327375551811126f,0.9558649152948919f,-0.29278210603798727f,0.024513304392717344f,2.5517418678399544f,0.023050538051990532f,-0.00844558492695574f,-0.99969862698253f,1.81600207895647f,0f,0f,0f,1f], start_interpolation: 0, interpolation_duration: 1 }
$data merge entity $(bone_left_whisker10) { transformation: [0.06452262533314533f,0.9915051009960164f,-0.11293566982578317f,0.7579417057018725f,0.9722349205732236f,-0.0879677485508651f,-0.21684311018076974f,2.93152113368887f,-0.2249357464657324f,-0.09580871522868642f,-0.9696517931959558f,1.7281365529932933f,0f,0f,0f,1f], start_interpolation: 0, interpolation_duration: 1 }
$data merge entity $(bone_left_whisker1) { transformation: [-0.3385729453795477f,0.9372345601366823f,-0.08342505584306116f,0.6256866489129866f,0.9385938158279387f,0.342656020401551f,0.040354684636627114f,3.2981593429966582f,0.06640790274182429f,-0.0646392370621121f,-0.9956966202038957f,1.7540771400018185f,0f,0f,0f,1f], start_interpolation: 0, interpolation_duration: 1 }
$data merge entity $(bone_upper_left_tooth1) { transformation: [-0.9996477505989899f,0.009617342514285306f,-0.02473623749365859f,0.33190240275001354f,0f,0.9320340115945114f,0.3623708062620973f,3.280543466552336f,0.026540058823969485f,0.3622431613626479f,-0.9317057031722064f,2.647155950375719f,0f,0f,0f,1f], start_interpolation: 0, interpolation_duration: 1 }
$data merge entity $(bone_upper_right_tooth1) { transformation: [-0.9996477505989899f,0.009617342514285306f,-0.02473623749365859f,-0.2538287011165821f,0f,0.9320340115945114f,0.3623708062620973f,3.280543466552336f,0.026540058823969485f,0.3622431613626479f,-0.9317057031722064f,2.6627067660928887f,0f,0f,0f,1f], start_interpolation: 0, interpolation_duration: 1 }
$data merge entity $(bone_top_lip1) { transformation: [-0.9996477505989899f,-0.003142834483011654f,-0.02635331694098778f,0.06447573883314764f,0f,0.9929637728303358f,-0.11841851986300861f,3.3806643076415903f,0.026540058823969485f,-0.1183768070103185f,-0.9926140019361316f,2.6931962388851565f,0f,0f,0f,1f], start_interpolation: 0, interpolation_duration: 1 }
$data merge entity $(bone_muzzle1) { transformation: [-0.9996477505989899f,0.009617342514285306f,-0.02473623749365859f,0.05380628827681318f,0f,0.9320340115945114f,0.3623708062620973f,3.6941315975539197f,0.026540058823969485f,0.3622431613626479f,-0.9317057031722064f,2.2913247765983344f,0f,0f,0f,1f], start_interpolation: 0, interpolation_duration: 1 }
$data merge entity $(bone_jaw_right_tooth1) { transformation: [-0.9996477505989899f,-0.003889061652686746f,-0.02625356969711666f,-0.25451207913609375f,0f,0.989205407239185f,-0.14653553251262413f,3.0710775551855027f,0.026540058823969485f,-0.14648391545906997f,-0.9888569602270093f,2.6369669098045287f,0f,0f,0f,1f], start_interpolation: 0, interpolation_duration: 1 }
$data merge entity $(bone_jaw_left_tooth1) { transformation: [-0.9996477505989899f,-0.003889061652686746f,-0.02625356969711666f,0.3800299500527182f,0f,0.989205407239185f,-0.14653553251262413f,3.0710775551855027f,0.026540058823969485f,-0.14648391545906997f,-0.9888569602270093f,2.6201201927775952f,0f,0f,0f,1f], start_interpolation: 0, interpolation_duration: 1 }
$data merge entity $(bone_tongue1) { transformation: [-0.9996477505989899f,0.009635097872326503f,-0.024729326949402605f,0.04571728210568836f,0f,0.9317736299464593f,0.36303980847339473f,3.3213364488452064f,0.026540058823969485f,0.3629119279183172f,-0.9314454132434338f,1.9866473500267208f,0f,0f,0f,1f], start_interpolation: 0, interpolation_duration: 1 }
$data merge entity $(bone_jaw_lips1) { transformation: [-0.9996477505989899f,0.009635097872326503f,-0.024729326949402605f,0.11276593046250999f,0f,0.9317736299464593f,0.36303980847339473f,2.9330693433227486f,0.026540058823969485f,0.3629119279183172f,-0.9314454132434338f,2.6722865805684775f,0f,0f,0f,1f], start_interpolation: 0, interpolation_duration: 1 }
$data merge entity $(bone_jaw3) { transformation: [-0.9996477505989899f,0.0007289064676476737f,-0.026530047450790246f,0.09198594395962344f,0f,0.9996227825550185f,0.027464387795153422f,2.881311024636426f,0.026540058823969485f,0.027454713481003423f,-0.9992706660286276f,1.88959552088148f,0f,0f,0f,1f], start_interpolation: 0, interpolation_duration: 1 }
$data merge entity $(bone_jaw1) { transformation: [-0.9996477505989899f,0.019274991163779065f,-0.018244161751530256f,0.07773269259124042f,0f,0.6874197933221291f,0.7262603030243093f,3.4487018863741676f,0.026540058823969485f,0.7260044782675916f,-0.6871776501116891f,1.352737981731723f,0f,0f,0f,1f], start_interpolation: 0, interpolation_duration: 1 }
$data merge entity $(bone_tear_right1) { transformation: [-0.9996477505989899f,0.011736650774005646f,-0.023803902011829768f,-0.474173386435554f,0f,0.8969046440217919f,0.4422239924881315f,3.763837331685148f,0.026540058823969485f,0.4420682193516653f,-0.8965887098981722f,2.274371378296222f,0f,0f,0f,1f], start_interpolation: 0, interpolation_duration: 1 }
$data merge entity $(bone_right_pupil1) { transformation: [-0.9996477505989899f,0.011736650774005646f,-0.023803902011829768f,-0.3105567280765077f,0f,0.8969046440217919f,0.4422239924881315f,3.8255141137680493f,0.026540058823969485f,0.4420682193516653f,-0.8965887098981722f,2.3658001315344257f,0f,0f,0f,1f], start_interpolation: 0, interpolation_duration: 1 }
$data merge entity $(bone_right_sad_pupil1) { transformation: [-0.9996477505989899f,0.011736650774005646f,-0.023803902011829768f,-0.310789188057092f,0f,0.8969046440217919f,0.4422239924881315f,3.8298327074446914f,0.026540058823969485f,0.4420682193516653f,-0.8965887098981722f,2.357044382414326f,0f,0f,0f,1f], start_interpolation: 0, interpolation_duration: 1 }
$data merge entity $(bone_right_happy_pupil1) { transformation: [-0.9996477505989899f,0.011736650774005646f,-0.023803902011829768f,-0.335480873986112f,0f,0.8969046440217919f,0.4422239924881315f,3.8079359016917045f,0.026540058823969485f,0.4420682193516653f,-0.8965887098981722f,2.3468997817852433f,0f,0f,0f,1f], start_interpolation: 0, interpolation_duration: 1 }
$data merge entity $(bone_eyelid_right1) { transformation: [-0.9996477505989899f,0.011736650774005646f,-0.023803902011829768f,0.0528591716336074f,0f,0.8969046440217919f,0.4422239924881315f,4.00196821920541f,0.026540058823969485f,0.4420682193516653f,-0.8965887098981722f,1.8876931157573769f,0f,0f,0f,1f], start_interpolation: 0, interpolation_duration: 1 }
$data merge entity $(bone_eyelid_expressions_right5) { transformation: [-0.9996477505989899f,0.011736650774005646f,-0.023803902011829768f,-0.4219078466061184f,0f,0.8969046440217919f,0.4422239924881315f,3.917421051587445f,0.026540058823969485f,0.4420682193516653f,-0.8965887098981722f,2.4031956716790766f,0f,0f,0f,1f], start_interpolation: 0, interpolation_duration: 1 }
$data merge entity $(bone_eyelid_expressions_right7) { transformation: [-0.9996477505989899f,0.011736650774005646f,-0.023803902011829768f,-0.12904229467282058f,0f,0.8969046440217919f,0.4422239924881315f,3.917421051587445f,0.026540058823969485f,0.4420682193516653f,-0.8965887098981722f,2.395420263820492f,0f,0f,0f,1f], start_interpolation: 0, interpolation_duration: 1 }
$data merge entity $(bone_eyelid_expressions_right6) { transformation: [-0.9996477505989899f,0.011736650774005646f,-0.023803902011829768f,-0.2266641453172532f,0f,0.8969046440217919f,0.4422239924881315f,3.917421051587445f,0.026540058823969485f,0.4420682193516653f,-0.8965887098981722f,2.39801206644002f,0f,0f,0f,1f], start_interpolation: 0, interpolation_duration: 1 }
$data merge entity $(bone_right_eye1) { transformation: [-0.9996477505989899f,0.011736650774005646f,-0.023803902011829768f,0.043329446549748414f,0f,0.8969046440217919f,0.4422239924881315f,3.9976496255287683f,0.026540058823969485f,0.4420682193516653f,-0.8965887098981722f,1.896708045139429f,0f,0f,0f,1f], start_interpolation: 0, interpolation_duration: 1 }
$data merge entity $(bone_tear_left1) { transformation: [-0.9996477505989899f,0.011736650774005646f,-0.023803902011829768f,0.5801426005243182f,0f,0.8969046440217919f,0.4422239924881315f,3.763837331685148f,0.026540058823969485f,0.4420682193516653f,-0.8965887098981722f,2.2463799100053166f,0f,0f,0f,1f], start_interpolation: 0, interpolation_duration: 1 }
$data merge entity $(bone_left_sad_pupil1) { transformation: [-0.9996477505989899f,0.011736650774005646f,-0.023803902011829768f,0.4213746917761526f,0f,0.8969046440217919f,0.4422239924881315f,3.8298327074446914f,0.026540058823969485f,0.4420682193516653f,-0.8965887098981722f,2.337605862767864f,0f,0f,0f,1f], start_interpolation: 0, interpolation_duration: 1 }
$data merge entity $(bone_left_pupil1) { transformation: [-0.9996477505989899f,0.011736650774005646f,-0.023803902011829768f,0.4216071517567369f,0f,0.8969046440217919f,0.4422239924881315f,3.8255141137680493f,0.026540058823969485f,0.4420682193516653f,-0.8965887098981722f,2.3463616118879638f,0f,0f,0f,1f], start_interpolation: 0, interpolation_duration: 1 }
$data merge entity $(bone_eyelid_left1) { transformation: [-0.9996477505989899f,0.011736650774005646f,-0.023803902011829768f,0.03333480150472088f,0f,0.8969046440217919f,0.4422239924881315f,4.00196821920541f,0.026540058823969485f,0.4420682193516653f,-0.8965887098981722f,1.8882114762812825f,0f,0f,0f,1f], start_interpolation: 0, interpolation_duration: 1 }
$data merge entity $(bone_left_happy_pupil1) { transformation: [-0.9996477505989899f,0.011736650774005646f,-0.023803902011829768f,0.44549393116934893f,0f,0.8969046440217919f,0.4422239924881315f,3.8079359016917045f,0.026540058823969485f,0.4420682193516653f,-0.8965887098981722f,2.3261653608290174f,0f,0f,0f,1f], start_interpolation: 0, interpolation_duration: 1 }
$data merge entity $(bone_eyelid_expressions_left5) { transformation: [-0.9996477505989899f,0.011736650774005646f,-0.023803902011829768f,0.5347862897093212f,0f,0.8969046440217919f,0.4422239924881315f,3.917421051587445f,0.026540058823969485f,0.4420682193516653f,-0.8965887098981722f,2.3777960060076992f,0f,0f,0f,1f], start_interpolation: 0, interpolation_duration: 1 }
$data merge entity $(bone_eyelid_expressions_left7) { transformation: [-0.9996477505989899f,0.011736650774005646f,-0.023803902011829768f,0.2419207377760233f,0f,0.8969046440217919f,0.4422239924881315f,3.917421051587445f,0.026540058823969485f,0.4420682193516653f,-0.8965887098981722f,2.3855714138662845f,0f,0f,0f,1f], start_interpolation: 0, interpolation_duration: 1 }
$data merge entity $(bone_eyelid_expressions_left6) { transformation: [-0.9996477505989899f,0.011736650774005646f,-0.023803902011829768f,0.3395425884204559f,0f,0.8969046440217919f,0.4422239924881315f,3.917421051587445f,0.026540058823969485f,0.4420682193516653f,-0.8965887098981722f,2.382979611246756f,0f,0f,0f,1f], start_interpolation: 0, interpolation_duration: 1 }
$data merge entity $(bone_left_eye1) { transformation: [-0.9996477505989899f,0.011736650774005646f,-0.023803902011829768f,0.043329446549748414f,0f,0.8969046440217919f,0.4422239924881315f,3.9976496255287683f,0.026540058823969485f,0.4420682193516653f,-0.8965887098981722f,1.896708045139429f,0f,0f,0f,1f], start_interpolation: 0, interpolation_duration: 1 }
$data merge entity $(bone_crest_middle5) { transformation: [-0.9996477505989899f,0.006306337925961922f,-0.02577993065047567f,0.06733993339506217f,0f,0.9713592129340983f,0.23761582322742994f,4.895051707763867f,0.026540058823969485f,0.23753212319602757f,-0.9710170522331768f,2.801077900718922f,0f,0f,0f,1f], start_interpolation: 0, interpolation_duration: 1 }
$data merge entity $(bone_crest_middle4) { transformation: [-0.9996477505989899f,0.006306337925961922f,-0.02577993065047567f,0.06364481351656885f,0f,0.9713592129340983f,0.23761582322742994f,4.325895918935293f,0.026540058823969485f,0.23753212319602757f,-0.9710170522331768f,2.6618989222837497f,0f,0f,0f,1f], start_interpolation: 0, interpolation_duration: 1 }
$data merge entity $(bone_crest_middle1) { transformation: [-0.9996477505989899f,0.006306337925961922f,-0.02577993065047567f,0.06276166017836633f,0f,0.9713592129340983f,0.23761582322742994f,3.881625500381128f,0.026540058823969485f,0.23753212319602757f,-0.9710170522331768f,2.6286344049055588f,0f,0f,0f,1f], start_interpolation: 0, interpolation_duration: 1 }
$data merge entity $(bone_crest_left5) { transformation: [-0.5470089357469102f,-0.8327364569089639f,0.08562252944020027f,-0.897259591537969f,-0.7564417044778307f,0.5355055507734118f,0.3755392826556757f,4.356887841435603f,-0.3585765914553084f,0.14065489122519093f,-0.9228429062601733f,2.657102415115919f,0f,0f,0f,1f], start_interpolation: 0, interpolation_duration: 1 }
$data merge entity $(bone_crest_left4) { transformation: [-0.5470089357469102f,-0.8327364569089639f,0.08562252944020027f,-0.49064999343788895f,-0.7564417044778307f,0.5355055507734118f,0.3755392826556757f,4.095410521722023f,-0.3585765914553084f,0.14065489122519093f,-0.9228429062601733f,2.5884232690098687f,0f,0f,0f,1f], start_interpolation: 0, interpolation_duration: 1 }
$data merge entity $(bone_crest_left1) { transformation: [-0.5470089357469102f,-0.8327364569089639f,0.08562252944020027f,-0.03919864795747871f,-0.7564417044778307f,0.5355055507734118f,0.3755392826556757f,3.8261223490730067f,-0.3585765914553084f,0.14065489122519093f,-0.9228429062601733f,2.4678155195109786f,0f,0f,0f,1f], start_interpolation: 0, interpolation_duration: 1 }
$data merge entity $(bone_crest_center1) { transformation: [-0.9996477505989899f,0.011736650774005646f,-0.023803902011829768f,0.05813666702912003f,0f,0.8969046440217919f,0.4422239924881315f,3.80422554332002f,0.026540058823969485f,0.4420682193516653f,-0.8965887098981722f,2.4544311739012534f,0f,0f,0f,1f], start_interpolation: 0, interpolation_duration: 1 }
$data merge entity $(bone_crest_right5) { transformation: [-0.5272117540163311f,0.8390266881753139f,-0.1344692639847049f,1.0229410355416548f,0.7564417044778307f,0.5355055507734118f,0.3755392826556757f,4.356887841435603f,0.3870965178785494f,0.09627056466246403f,-0.9169995988144557f,2.6061222197761307f,0f,0f,0f,1f], start_interpolation: 0, interpolation_duration: 1 }
$data merge entity $(bone_crest_right4) { transformation: [-0.5272117540163311f,0.8390266881753139f,-0.1344692639847049f,0.6132600354560525f,0.7564417044778307f,0.5355055507734118f,0.3755392826556757f,4.095410521722023f,0.3870965178785494f,0.09627056466246403f,-0.9169995988144557f,2.559115108124537f,0f,0f,0f,1f], start_interpolation: 0, interpolation_duration: 1 }
$data merge entity $(bone_crest_right1) { transformation: [-0.5272117540163311f,0.8390266881753139f,-0.1344692639847049f,0.15604505333138652f,0.7564417044778307f,0.5355055507734118f,0.3755392826556757f,3.8261223490730067f,0.3870965178785494f,0.09627056466246403f,-0.9169995988144557f,2.4626319142719217f,0f,0f,0f,1f], start_interpolation: 0, interpolation_duration: 1 }
$data merge entity $(bone_head1) { transformation: [-0.9996477505989899f,0.011736650774005646f,-0.023803902011829768f,0.02997106896653879f,0f,0.8969046440217919f,0.4422239924881315f,4.191378105672697f,0.026540058823969485f,0.4420682193516653f,-0.8965887098981722f,1.3935564812609347f,0f,0f,0f,1f], start_interpolation: 0, interpolation_duration: 1 }
$data merge entity $(bone_neck10) { transformation: [-1.3016246752591014f,0.010583944217797648f,-0.03289668411675947f,0.0033569982680083724f,0f,1.2395105954719678f,0.39879128708783534f,4.103663719081189f,0.03455736826037693f,0.3986508130958306f,-1.2390739786071672f,0.39112102757457884f,0f,0f,0f,1f], start_interpolation: 0, interpolation_duration: 1 }
$data merge entity $(bone_neck9) { transformation: [-0.9996477505989899f,0.011736650774005646f,-0.023803902011829768f,-0.010380746757007113f,0f,0.8969046440217919f,0.4422239924881315f,2.943422276842189f,0.026540058823969485f,0.44206821935166524f,-0.8965887098981721f,-0.12631964592371842f,0f,0f,0f,1f], start_interpolation: 0, interpolation_duration: 1 }
$data merge entity $(bone_neck8) { transformation: [-0.9996477505989899f,-0.007428516476505536f,-0.02547924381409398f,-0.004482634197873255f,0f,0.960029666214702f,-0.2798982672109422f,2.3269047482032184f,0.026540058823969485f,-0.2797996732139733f,-0.959691496339826f,0.0958364160362063f,0f,0f,0f,1f], start_interpolation: 0, interpolation_duration: 1 }
$data merge entity $(bone_neck7) { transformation: [-0.9996477505989899f,-0.014886527038353208f,-0.02197193744566326f,0.008154737258480633f,0f,0.8278782496826814f,-0.5609078388669032f,1.663839203229799f,0.026540058823969485f,-0.5607102594166404f,-0.8275866300651215f,0.5718308376619302f,0f,0f,0f,1f], start_interpolation: 0, interpolation_duration: 1 }
$data merge entity $(bone_neck6) { transformation: [-0.9996477505989899f,-0.010198276311821242f,-0.02450244646249648f,0.01605087875042327f,0f,0.923225024669774f,-0.38425974785748157f,0.9257943397096682f,0.026540058823969485f,-0.3841243925914664f,-0.9228998192078366f,0.8692438966602385f,0f,0f,0f,1f], start_interpolation: 0, interpolation_duration: 1 }
$data merge entity $(bone_neck_spine6) { transformation: [-1.100494972078638f,-0.09867203463322714f,-0.06415858109667598f,-0.04761183470422207f,-0.05117645413618539f,-0.14213582100033254f,1.0964123569387434f,0.1715305958572022f,-0.10598803936787604f,1.0931618889657935f,0.13676731166858863f,-1.2325410682639713f,0f,0f,0f,1f], start_interpolation: 0, interpolation_duration: 1 }
$data merge entity $(bone_neck_spine7) { transformation: [-0.9734598943716666f,-0.22685844954613374f,0.03018406731089085f,0.4310021397206519f,-0.009176444095260852f,0.17047564345712002f,0.98531916040522f,0.6056490679974809f,-0.22867362533460356f,0.9588917034041984f,-0.1680329557525077f,-4.344199234406922f,0f,0f,0f,1f], start_interpolation: 0, interpolation_duration: 1 }
$data merge entity $(bone_tail6) { transformation: [-1.4476634662365588f,0.16580121401547004f,0.3449271338108621f,0.6206989280026157f,0.30473763306213536f,1.315816894778725f,0.646494513584291f,-1.1434405833644297f,-0.23151618777888375f,0.6952194894635059f,-1.305857725003173f,-6.914722270581557f,0f,0f,0f,1f], start_interpolation: 0, interpolation_duration: 1 }
$data merge entity $(bone_tail5) { transformation: [-1.1958959068910706f,0.1369662202736492f,0.28493980619158177f,0.7072039092280784f,0.2517397838339379f,1.0869791739476427f,0.5340606851348492f,-0.4569274208711809f,-0.19125250294777354f,0.5743117521655049f,-1.0787520336982737f,-6.551999058687554f,0f,0f,0f,1f], start_interpolation: 0, interpolation_duration: 1 }
$data merge entity $(bone_tail4) { transformation: [-0.9667874278866759f,0.11072637596859217f,0.23035133805803662f,0.7504563998408097f,0.20351174103627823f,0.8787368479913573f,0.431745901245857f,-0.11367083962455693f,-0.15461254975146324f,0.46428571122432394f,-0.8720858546108148f,-6.370637452740552f,0f,0f,0f,1f], start_interpolation: 0, interpolation_duration: 1 }
$data merge entity $(bone_segment18) { transformation: [-0.9667874278866759f,0.05134675027339791f,0.2503708859205223f,0.7755280552477423f,0.20351174103627823f,0.7472679269741033f,0.6325927730983095f,0.25120607784326693f,-0.15461254975146324f,0.6625361549018949f,-0.7328989036061958f,-6.047133470854861f,0f,0f,0f,1f], start_interpolation: 0, interpolation_duration: 1 }
$data merge entity $(bone_segment17) { transformation: [-0.9899287110840965f,-0.1414884741236262f,-0.004707298752760689f,0.6857160355403623f,-0.015834348483188935f,0.07762025409143022f,0.9968572463311359f,0.30047674694427245f,-0.14067842897719862f,0.9868921460042884f,-0.07907889589237795f,-5.420688260988858f,0f,0f,0f,1f], start_interpolation: 0, interpolation_duration: 1 }
$data merge entity $(bone_segment16) { transformation: [-0.9737356884765366f,-0.2261976244315359f,-0.0259507936035768f,0.4979543355727788f,-0.00928652768619791f,-0.07442639511715227f,0.997183269070134f,0.23869702443491753f,-0.22749191060488083f,0.9712339298085685f,0.07037104658839113f,-4.6144882215969805f,0f,0f,0f,1f], start_interpolation: 0, interpolation_duration: 1 }
$data merge entity $(bone_segment15) { transformation: [-0.9734598943716666f,-0.22694064680722112f,-0.029559717126931614f,0.26525152390521806f,-0.009176444095260852f,-0.09035253744881727f,0.9958675674256728f,0.14605037958993888f,-0.22867362533460356f,0.9697083900860507f,0.08587206340276869f,-3.620158329418901f,0f,0f,0f,1f], start_interpolation: 0, interpolation_duration: 1 }
$data merge entity $(bone_segment14) { transformation: [-0.9849955315116451f,-0.16222413262527013f,-0.058882371691965155f,0.0989084191625095f,-0.02234894075339127f,-0.2184141602778331f,0.975600214963758f,-0.07790945272619848f,-0.1711266424297905f,0.9622778109174647f,0.21151143436372116f,-2.6334476834586105f,0f,0f,0f,1f], start_interpolation: 0, interpolation_duration: 1 }
$data merge entity $(bone_segment13) { transformation: [-0.994329574772228f,-0.07773240984680578f,-0.072569753979799f,0.017178506853610408f,-0.04623943150187103f,-0.2984958189228872f,0.9532901767352578f,-0.4218326462620391f,-0.09576331086415152f,0.9512402002359673f,0.2932089182602954f,-1.6187659538395573f,0f,0f,0f,1f], start_interpolation: 0, interpolation_duration: 1 }
$data merge entity $(bone_segment12) { transformation: [-0.9992169072824693f,-0.018996998891676775f,-0.034708590204254194f,-0.005083601222573319f,-0.036715165586391374f,0.11815017687922702f,0.9923167499943613f,-0.2833754077316949f,-0.014750214127973943f,0.9928140056105761f,-0.11875513229609053f,-0.4553120410146633f,0f,0f,0f,1f], start_interpolation: 0, interpolation_duration: 1 }
$data merge entity $(bone_segment11) { transformation: [-1.0348521028980777f,0.015277833553130032f,-0.01990414136333954f,0.006682611988504431f,-0.005826464291518591f,0.652387737902179f,0.8036819978466612f,0.4705302877263474f,0.024405723823492896f,0.8035578940878271f,-0.6521100623421253f,0.4734671239123646f,0f,0f,0f,1f], start_interpolation: 0, interpolation_duration: 1 }
$data merge entity $(bone_segment10) { transformation: [-0.9996477505989899f,0.012365194005858638f,-0.023483541035739013f,0.01695527590119452f,0f,0.8848337975245935f,0.46590680479920765f,1.2871002638141653f,0.026540058823969485f,0.46574268940629054f,-0.8845221153494219f,0.9033085753941115f,0f,0f,0f,1f], start_interpolation: 0, interpolation_duration: 1 }