# This file was generated by Animated Java via MC-Build. It is not recommended to edit this file directly.
$data merge entity $(bone_neck_spine5) { transformation: [-1.5717117953753654f,0.00813778101798275f,-0.04092681706034576f,0.0919874833638669f,0f,1.5420771043424728f,0.30662256899872314f,4.3411946133016475f,0.04172802217440516f,0.3065145613824572f,-1.5415339086061568f,-0.5020730153119544f,0f,0f,0f,1f], start_interpolation: 0, interpolation_duration: 1 }
$data merge entity $(bone_neck_spine2) { transformation: [-1.4968683765479667f,0.007129445922382476f,-0.03909623991539976f,0.028972320868239247f,0f,1.4731029864971605f,0.2686296202155954f,5.6329811681043624f,0.03974097349943347f,0.2685349955927809f,-1.4725840868525406f,1.3559380156613612f,0f,0f,0f,1f], start_interpolation: 0, interpolation_duration: 1 }
$data merge entity $(bone_scale_neck_left1) { transformation: [-1.5869849579945037f,0.437691071907238f,0.05440909399676653f,0.809653310378929f,0.4058233201238571f,1.3694647863963085f,0.8203223223232655f,4.751921935778816f,0.17274622074159945f,0.8037709905382746f,-1.4272932490649177f,1.140157883513605f,0f,0f,0f,1f], start_interpolation: 0, interpolation_duration: 1 }
$data merge entity $(bone_scale_neck_right1) { transformation: [-1.5939154536242517f,-0.394425244572526f,-0.1300666520649006f,-0.7620584849964358f,-0.4058233201238571f,1.3694647863963085f,0.8203223223232655f,4.751921935778816f,-0.08829518887866054f,0.8258631884895278f,-1.4223955266930735f,1.1818859056880102f,0f,0f,0f,1f], start_interpolation: 0, interpolation_duration: 1 }
$data merge entity $(bone_blush_right1) { transformation: [-0.9996477505989899f,0.011736650774005646f,-0.023803902011829768f,-0.6066547765148063f,0f,0.8969046440217919f,0.4422239924881315f,4.037236035939635f,0.026540058823969485f,0.4420682193516653f,-0.8965887098981722f,2.380595056237061f,0f,0f,0f,1f], start_interpolation: 0, interpolation_duration: 1 }
$data merge entity $(bone_blush_left1) { transformation: [-0.9996477505989899f,0.011736650774005646f,-0.023803902011829768f,0.7180737367301442f,0f,0.8969046440217919f,0.4422239924881315f,4.037236035939635f,0.026540058823969485f,0.4420682193516653f,-0.8965887098981722f,2.345424294690062f,0f,0f,0f,1f], start_interpolation: 0, interpolation_duration: 1 }
$data merge entity $(bone_left_head_scales) { transformation: [-0.8757069654000001f,0.011736650774005646f,-0.4827002815190105f,0.7285112611693007f,-0.20419631527065477f,0.8969046440217919f,0.3922574720282972f,4.865782303891551f,0.43753991312771734f,0.4420682193516653f,-0.7830290632278205f,2.3154085012866243f,0f,0f,0f,1f], start_interpolation: 0, interpolation_duration: 1 }
$data merge entity $(bone_left_head_scales2) { transformation: [-0.80521014118486f,0.011736650774005646f,-0.5928734093899531f,0.7219765486546087f,-0.25364926168027424f,0.8969046440217919f,0.36224868748029265f,3.9854737968561498f,0.5360025005371801f,0.4420682193516653f,-0.7192197222387181f,2.0692745077845762f,0f,0f,0f,1f], start_interpolation: 0, interpolation_duration: 1 }
$data merge entity $(bone_left_head_scales1) { transformation: [-0.9996477505989899f,0.011736650774005646f,-0.023803902011829768f,0.7271931802718293f,0f,0.8969046440217919f,0.4422239924881315f,4.765055708127385f,0.026540058823969485f,0.4420682193516653f,-0.8965887098981722f,2.265762168058654f,0f,0f,0f,1f], start_interpolation: 0, interpolation_duration: 1 }
$data merge entity $(bone_right_head_scales) { transformation: [-0.8976898028870902f,0.011736650774005646f,0.4404716436061988f,-0.6186702777238694f,0.20419631527065477f,0.8969046440217919f,0.3922574720282972f,4.865782303891551f,-0.39045727374762096f,0.4420682193516653f,-0.8075387339421087f,2.3511753774361144f,0f,0f,0f,1f], start_interpolation: 0, interpolation_duration: 1 }
$data merge entity $(bone_right_head_scales2) { transformation: [-0.8325168557592497f,0.011736650774005646f,0.5538753793998626f,-0.6252049902385614f,0.25364926168027424f,0.8969046440217919f,0.36224868748029265f,3.9854737968561498f,-0.49252181365477077f,0.4420682193516653f,-0.7496652269603171f,2.1050413839340663f,0f,0f,0f,1f], start_interpolation: 0, interpolation_duration: 1 }
$data merge entity $(bone_right_head_scales1) { transformation: [-0.9996477505989899f,0.011736650774005646f,-0.023803902011829768f,-0.6199883586213407f,0f,0.8969046440217919f,0.4422239924881315f,4.765055708127385f,0.026540058823969485f,0.4420682193516653f,-0.8965887098981722f,2.301529044208144f,0f,0f,0f,1f], start_interpolation: 0, interpolation_duration: 1 }
$data merge entity $(bone_head_left_fin1) { transformation: [-0.7071108605028431f,0.0250235270218095f,-0.773332562407333f,0.7202454223461586f,-0.07501000318993412f,1.040477149399456f,0.10225457947789891f,4.424579007873658f,0.7700928050602401f,0.12432345996691314f,-0.7001256650926894f,2.004070563372743f,0f,0f,0f,1f], start_interpolation: 0, interpolation_duration: 1 }
$data merge entity $(bone_head_right_fin1) { transformation: [-0.7469769363994099f,-0.018391495790958466f,0.735093468475334f,-0.6269361165470114f,0.07501000318993412f,1.040477149399456f,0.10225457947789891f,4.424579007873658f,-0.7314876307457099f,0.125476103244112f,-0.7401734875053788f,2.039837439522233f,0f,0f,0f,1f], start_interpolation: 0, interpolation_duration: 1 }
$data merge entity $(bone_right_whisker16) { transformation: [0.25463896597056634f,0.9116030410101963f,-0.3227055819635038f,-1.1512130542716037f,0.9512640208533574f,-0.29615133843396635f,-0.08597178242698963f,1.6886347853113395f,-0.17394182832011434f,-0.2850864436705701f,-0.9425868448031316f,2.148379222489944f,0f,0f,0f,1f], start_interpolation: 0, interpolation_duration: 1 }
$data merge entity $(bone_right_whisker15) { transformation: [-0.8705670960033087f,0.3714485680763388f,-0.3227055819635038f,-0.8579067572783015f,0.4177825931172564f,0.9044703187581931f,-0.08597178242698963f,1.5478779546224202f,0.2599435251061026f,-0.20966497981181859f,-0.9425868448031316f,2.0608005934258764f,0f,0f,0f,1f], start_interpolation: 0, interpolation_duration: 1 }
$data merge entity $(bone_right_whisker14) { transformation: [-0.7045642825727658f,-0.6320207900791874f,-0.3227055819635038f,-0.6205291425443132f,-0.6431659397453346f,0.7608852913401776f,-0.08597178242698963f,1.7645696042436507f,0.2998778846034241f,0.14698059167744812f,-0.9425868448031316f,1.959767517070231f,0f,0f,0f,1f], start_interpolation: 0, interpolation_duration: 1 }
$data merge entity $(bone_right_whisker13) { transformation: [-0.09685492543375417f,-0.9906672984655001f,-0.0959032177264667f,-0.5878973561432925f,-0.9900454931568181f,0.08600880526666486f,0.11141098193837945f,2.0981298534029302f,-0.10212269531840076f,0.10573925083746845f,-0.9891360704843577f,1.994174089223403f,0f,0f,0f,1f], start_interpolation: 0, interpolation_duration: 1 }
$data merge entity $(bone_right_whisker12) { transformation: [0.058463152865154286f,-0.9956413071594167f,-0.07266668586741756f,-0.614160100594436f,-0.9430808427262729f,-0.07895496783764808f,0.32305516113577126f,2.521779450721373f,-0.32738445876334576f,0.0496437360766118f,-0.9435861993631462f,2.1412413265584997f,0f,0f,0f,1f], start_interpolation: 0, interpolation_duration: 1 }
$data merge entity $(bone_right_whisker11) { transformation: [0.29126518034143467f,-0.955243058633281f,-0.05172324094259599f,-0.74500188082594f,-0.9558649152948919f,-0.29278210603798727f,0.024513304392717344f,2.9511718931390005f,-0.03855980327959152f,0.042300559297662445f,-0.9983605582424341f,2.158563113188004f,0f,0f,0f,1f], start_interpolation: 0, interpolation_duration: 1 }
$data merge entity $(bone_right_whisker10) { transformation: [0.07636713928361681f,-0.9951920652338778f,0.061325470509128135f,-0.7793074316760022f,-0.9722349205732236f,-0.0879677485508651f,-0.21684311018076974f,3.387918048865253f,0.22119520622204802f,-0.04306307595169033f,-0.9742783238038119f,2.059198079142943f,0f,0f,0f,1f], start_interpolation: 0, interpolation_duration: 1 }
$data merge entity $(bone_right_whisker1) { transformation: [-0.34161967856326897f,-0.9393440811901763f,0.03047445407734826f,-0.6258454666964087f,-0.9385938158279387f,0.342656020401551f,0.040354684636627114f,3.80955198956921f,-0.04834918931976584f,-0.01481717974364502f,-0.9987205850870234f,2.080917441532682f,0f,0f,0f,1f], start_interpolation: 0, interpolation_duration: 1 }
$data merge entity $(bone_left_whisker16) { transformation: [0.26350984391293325f,-0.9254459123156238f,0.2722359739991849f,1.249543166382038f,-0.9512640208533574f,-0.29615133843396635f,-0.08597178242698963f,1.6886347853113395f,0.1601852826912788f,-0.23631387627914194f,-0.9583821925970045f,2.0846405592658446f,0f,0f,0f,1f], start_interpolation: 0, interpolation_duration: 1 }
$data merge entity $(bone_left_whisker15) { transformation: [-0.8831336577062678f,-0.3820504117090624f,0.2722359739991849f,0.952003018033735f,-0.4177825931172564f,0.9044703187581931f,-0.08597178242698963f,1.5478779546224202f,-0.21338380330889653f,-0.18966002583145625f,-0.9583821925970045f,2.0127485552213433f,0f,0f,0f,1f], start_interpolation: 0, interpolation_duration: 1 }
$data merge entity $(bone_left_whisker14) { transformation: [-0.71948367447701f,0.6389294300795475f,0.2722359739991849f,0.7095988503632583f,0.6431659397453346f,0.7608852913401776f,-0.08597178242698963f,1.7645696042436507f,-0.2620702503386461f,0.11323761212776366f,-0.9583821925970045f,1.924453402519358f,0f,0f,0f,1f], start_interpolation: 0, interpolation_duration: 1 }
$data merge entity $(bone_left_whisker13) { transformation: [-0.09129970586223407f,0.9948823712800423f,0.043283149442594746f,0.678838695556158f,0.9900454931568181f,0.08600880526666486f,0.11141098193837945f,2.0981298534029302f,0.10711808992575686f,0.0530240769160706f,-0.9928313865293826f,1.960542993363485f,0f,0f,0f,1f], start_interpolation: 0, interpolation_duration: 1 }
$data merge entity $(bone_left_whisker12) { transformation: [0.07575227726712276f,0.9968728651614469f,0.022496292886896335f,0.7128680388597483f,0.9430808427262729f,-0.07895496783764808f,0.32305516113577126f,2.521779450721373f,0.32382111816796044f,-0.003256341284940802f,-0.9461127203826657f,2.1060095112904986f,0f,0f,0f,1f], start_interpolation: 0, interpolation_duration: 1 }
$data merge entity $(bone_left_whisker11) { transformation: [0.2929008986053184f,0.95614188825676f,-0.0013240532446497227f,0.8444446144051062f,0.9558649152948919f,-0.29278210603798727f,0.024513304392717344f,2.9511718931390005f,0.023050538051990532f,-0.00844558492695574f,-0.99969862698253f,2.116364245181041f,0f,0f,0f,1f], start_interpolation: 0, interpolation_duration: 1 }
$data merge entity $(bone_left_whisker10) { transformation: [0.06452262533314533f,0.9915051009960164f,-0.11293566982578317f,0.87342938750398f,0.9722349205732236f,-0.0879677485508651f,-0.21684311018076974f,3.387918048865253f,-0.2249357464657324f,-0.09580871522868642f,-0.9696517931959558f,2.015318890323388f,0f,0f,0f,1f], start_interpolation: 0, interpolation_duration: 1 }
$data merge entity $(bone_left_whisker1) { transformation: [-0.3385729453795477f,0.9372345601366823f,-0.08342505584306116f,0.7213360721967613f,0.9385938158279387f,0.342656020401551f,0.040354684636627114f,3.80955198956921f,0.06640790274182429f,-0.0646392370621121f,-0.9956966202038957f,2.045150565383192f,0f,0f,0f,1f], start_interpolation: 0, interpolation_duration: 1 }
$data merge entity $(bone_upper_left_tooth1) { transformation: [-0.9996477505989899f,0.009617342514285306f,-0.02473623749365859f,0.3834841891093422f,0f,0.9320340115945114f,0.3623708062620973f,3.789293731658239f,0.026540058823969485f,0.3622431613626479f,-0.9317057031722064f,3.0721911973131784f,0f,0f,0f,1f], start_interpolation: 0, interpolation_duration: 1 }
$data merge entity $(bone_upper_right_tooth1) { transformation: [-0.9996477505989899f,0.009617342514285306f,-0.02473623749365859f,-0.29010658033724274f,0f,0.9320340115945114f,0.3623708062620973f,3.789293731658239f,0.026540058823969485f,0.3622431613626479f,-0.9317057031722064f,3.090074635387923f,0f,0f,0f,1f], start_interpolation: 0, interpolation_duration: 1 }
$data merge entity $(bone_top_lip1) { transformation: [-0.9996477505989899f,-0.003142834483011654f,-0.02635331694098778f,0.07594352560494644f,0f,0.9929637728303358f,-0.11841851986300861f,3.904432698910881f,0.026540058823969485f,-0.1183768070103185f,-0.9926140019361316f,3.1251375290990313f,0f,0f,0f,1f], start_interpolation: 0, interpolation_duration: 1 }
$data merge entity $(bone_muzzle1) { transformation: [-0.9996477505989899f,0.009617342514285306f,-0.02473623749365859f,0.06367365746516179f,0f,0.9320340115945114f,0.3623708062620973f,4.26492008231006f,0.026540058823969485f,0.3622431613626479f,-0.9317057031722064f,2.662985347469186f,0f,0f,0f,1f], start_interpolation: 0, interpolation_duration: 1 }
$data merge entity $(bone_jaw_right_tooth1) { transformation: [-0.9996477505989899f,-0.003889061652686746f,-0.02625356969711666f,-0.2908924650596812f,0f,0.989205407239185f,-0.14653553251262413f,3.5484079335863803f,0.026540058823969485f,-0.14648391545906997f,-0.9888569602270093f,3.0604738006563093f,0f,0f,0f,1f], start_interpolation: 0, interpolation_duration: 1 }
$data merge entity $(bone_jaw_left_tooth1) { transformation: [-0.9996477505989899f,-0.003889061652686746f,-0.02625356969711666f,0.4388308685074525f,0f,0.989205407239185f,-0.14653553251262413f,3.5484079335863803f,0.026540058823969485f,-0.14648391545906997f,-0.9888569602270093f,3.041100076075335f,0f,0f,0f,1f], start_interpolation: 0, interpolation_duration: 1 }
$data merge entity $(bone_tongue1) { transformation: [-0.9996477505989899f,0.009635097872326503f,-0.024729326949402605f,0.054371300368368264f,0f,0.9317736299464593f,0.36303980847339473f,3.8362056612950397f,0.026540058823969485f,0.3629119279183172f,-0.9314454132434338f,2.3126063069118303f,0f,0f,0f,1f], start_interpolation: 0, interpolation_duration: 1 }
$data merge entity $(bone_jaw_lips1) { transformation: [-0.9996477505989899f,0.009635097872326503f,-0.024729326949402605f,0.1314772459787131f,0f,0.9317736299464593f,0.36303980847339473f,3.3896984899442133f,0.026540058823969485f,0.3629119279183172f,-0.9314454132434338f,3.10109142203485f,0f,0f,0f,1f], start_interpolation: 0, interpolation_duration: 1 }
$data merge entity $(bone_jaw3) { transformation: [-0.9996477505989899f,0.0007289064676476737f,-0.026530047450790246f,0.10758026150039358f,0f,0.9996227825550185f,0.027464387795153422f,3.3301764234549425f,0.026540058823969485f,0.027454713481003423f,-0.9992706660286276f,2.2009967033948037f,0f,0f,0f,1f], start_interpolation: 0, interpolation_duration: 1 }
$data merge entity $(bone_jaw1) { transformation: [-0.9996477505989899f,0.019274991163779065f,-0.018244161751530256f,0.09118902242675311f,0f,0.6874197933221291f,0.7262603030243093f,3.9826759144533455f,0.026540058823969485f,0.7260044782675916f,-0.6871776501116891f,1.5836105333725827f,0f,0f,0f,1f], start_interpolation: 0, interpolation_duration: 1 }
$data merge entity $(bone_tear_right1) { transformation: [-0.9996477505989899f,0.011736650774005646f,-0.023803902011829768f,-0.5435029684540605f,0f,0.8969046440217919f,0.4422239924881315f,4.345081676560972f,0.026540058823969485f,0.4420682193516653f,-0.8965887098981722f,2.643488939421756f,0f,0f,0f,1f], start_interpolation: 0, interpolation_duration: 1 }
$data merge entity $(bone_right_pupil1) { transformation: [-0.9996477505989899f,0.011736650774005646f,-0.023803902011829768f,-0.35534381134115717f,0f,0.8969046440217919f,0.4422239924881315f,4.416009975956309f,0.026540058823969485f,0.4420682193516653f,-0.8965887098981722f,2.7486320056456908f,0f,0f,0f,1f], start_interpolation: 0, interpolation_duration: 1 }
$data merge entity $(bone_right_sad_pupil1) { transformation: [-0.9996477505989899f,0.011736650774005646f,-0.023803902011829768f,-0.3556111403188291f,0f,0.8969046440217919f,0.4422239924881315f,4.420976358684447f,0.026540058823969485f,0.4420682193516653f,-0.8965887098981722f,2.7385628941575764f,0f,0f,0f,1f], start_interpolation: 0, interpolation_duration: 1 }
$data merge entity $(bone_right_happy_pupil1) { transformation: [-0.9996477505989899f,0.011736650774005646f,-0.023803902011829768f,-0.38400657913720193f,0f,0.8969046440217919f,0.4422239924881315f,4.395795032068512f,0.026540058823969485f,0.4420682193516653f,-0.8965887098981722f,2.726896603434131f,0f,0f,0f,1f], start_interpolation: 0, interpolation_duration: 1 }
$data merge entity $(bone_eyelid_right1) { transformation: [-0.9996477505989899f,0.011736650774005646f,-0.023803902011829768f,0.06258447332547515f,0f,0.8969046440217919f,0.4422239924881315f,4.618932197209275f,0.026540058823969485f,0.4420682193516653f,-0.8965887098981722f,2.198808937502084f,0f,0f,0f,1f], start_interpolation: 0, interpolation_duration: 1 }
$data merge entity $(bone_eyelid_expressions_right5) { transformation: [-0.9996477505989899f,0.011736650774005646f,-0.023803902011829768f,-0.48339759765020957f,0f,0.8969046440217919f,0.4422239924881315f,4.521702954448614f,0.026540058823969485f,0.4420682193516653f,-0.8965887098981722f,2.791636876812039f,0f,0f,0f,1f], start_interpolation: 0, interpolation_duration: 1 }
$data merge entity $(bone_eyelid_expressions_right7) { transformation: [-0.9996477505989899f,0.011736650774005646f,-0.023803902011829768f,-0.146602212926917f,0f,0.8969046440217919f,0.4422239924881315f,4.521702954448614f,0.026540058823969485f,0.4420682193516653f,-0.8965887098981722f,2.7826951577746666f,0f,0f,0f,1f], start_interpolation: 0, interpolation_duration: 1 }
$data merge entity $(bone_eyelid_expressions_right6) { transformation: [-0.9996477505989899f,0.011736650774005646f,-0.023803902011829768f,-0.2588673411680145f,0f,0.8969046440217919f,0.4422239924881315f,4.521702954448614f,0.026540058823969485f,0.4420682193516653f,-0.8965887098981722f,2.785675730787124f,0f,0f,0f,1f], start_interpolation: 0, interpolation_duration: 1 }
$data merge entity $(bone_right_eye1) { transformation: [-0.9996477505989899f,0.011736650774005646f,-0.023803902011829768f,0.05162528947903731f,0f,0.8969046440217919f,0.4422239924881315f,4.613965814481136f,0.026540058823969485f,0.4420682193516653f,-0.8965887098981722f,2.209176106291444f,0f,0f,0f,1f], start_interpolation: 0, interpolation_duration: 1 }
$data merge entity $(bone_tear_left1) { transformation: [-0.9996477505989899f,0.011736650774005646f,-0.023803902011829768f,0.6689604165497925f,0f,0.8969046440217919f,0.4422239924881315f,4.345081676560972f,0.026540058823969485f,0.4420682193516653f,-0.8965887098981722f,2.6112987508872147f,0f,0f,0f,1f], start_interpolation: 0, interpolation_duration: 1 }
$data merge entity $(bone_left_sad_pupil1) { transformation: [-0.9996477505989899f,0.011736650774005646f,-0.023803902011829768f,0.48637732148940216f,0f,0.8969046440217919f,0.4422239924881315f,4.420976358684447f,0.026540058823969485f,0.4420682193516653f,-0.8965887098981722f,2.716208596564145f,0f,0f,0f,1f], start_interpolation: 0, interpolation_duration: 1 }
$data merge entity $(bone_left_pupil1) { transformation: [-0.9996477505989899f,0.011736650774005646f,-0.023803902011829768f,0.48664465046707406f,0f,0.8969046440217919f,0.4422239924881315f,4.416009975956309f,0.026540058823969485f,0.4420682193516653f,-0.8965887098981722f,2.726277708052259f,0f,0f,0f,1f], start_interpolation: 0, interpolation_duration: 1 }
$data merge entity $(bone_eyelid_left1) { transformation: [-0.9996477505989899f,0.011736650774005646f,-0.023803902011829768f,0.04013144767725564f,0f,0.8969046440217919f,0.4422239924881315f,4.618932197209275f,0.026540058823969485f,0.4420682193516653f,-0.8965887098981722f,2.1994050521045754f,0f,0f,0f,1f], start_interpolation: 0, interpolation_duration: 1 }
$data merge entity $(bone_left_happy_pupil1) { transformation: [-0.9996477505989899f,0.011736650774005646f,-0.023803902011829768f,0.5141144467915779f,0f,0.8969046440217919f,0.4422239924881315f,4.395795032068512f,0.026540058823969485f,0.4420682193516653f,-0.8965887098981722f,2.703052019334471f,0f,0f,0f,1f], start_interpolation: 0, interpolation_duration: 1 }
$data merge entity $(bone_eyelid_expressions_left5) { transformation: [-0.9996477505989899f,0.011736650774005646f,-0.023803902011829768f,0.6168006591125459f,0f,0.8969046440217919f,0.4422239924881315f,4.521702954448614f,0.026540058823969485f,0.4420682193516653f,-0.8965887098981722f,2.7624272612899556f,0f,0f,0f,1f], start_interpolation: 0, interpolation_duration: 1 }
$data merge entity $(bone_eyelid_expressions_left7) { transformation: [-0.9996477505989899f,0.011736650774005646f,-0.023803902011829768f,0.2800052743892535f,0f,0.8969046440217919f,0.4422239924881315f,4.521702954448614f,0.026540058823969485f,0.4420682193516653f,-0.8965887098981722f,2.771368980327328f,0f,0f,0f,1f], start_interpolation: 0, interpolation_duration: 1 }
$data merge entity $(bone_eyelid_expressions_left6) { transformation: [-0.9996477505989899f,0.011736650774005646f,-0.023803902011829768f,0.392270402630351f,0f,0.8969046440217919f,0.4422239924881315f,4.521702954448614f,0.026540058823969485f,0.4420682193516653f,-0.8965887098981722f,2.7683884073148706f,0f,0f,0f,1f], start_interpolation: 0, interpolation_duration: 1 }
$data merge entity $(bone_left_eye1) { transformation: [-0.9996477505989899f,0.011736650774005646f,-0.023803902011829768f,0.05162528947903731f,0f,0.8969046440217919f,0.4422239924881315f,4.613965814481136f,0.026540058823969485f,0.4420682193516653f,-0.8965887098981722f,2.209176106291444f,0f,0f,0f,1f], start_interpolation: 0, interpolation_duration: 1 }
$data merge entity $(bone_crest_middle5) { transformation: [-0.9996477505989899f,0.006306337925961922f,-0.02577993065047567f,0.07923734935114814f,0f,0.9713592129340983f,0.23761582322742994f,5.645978209051499f,0.026540058823969485f,0.23753212319602757f,-0.9710170522331768f,3.249201440207861f,0f,0f,0f,1f], start_interpolation: 0, interpolation_duration: 1 }
$data merge entity $(bone_crest_middle4) { transformation: [-0.9996477505989899f,0.006306337925961922f,-0.02577993065047567f,0.07498796149088083f,0f,0.9713592129340983f,0.23761582322742994f,4.99144905189864f,0.026540058823969485f,0.23753212319602757f,-0.9710170522331768f,3.089145615007413f,0f,0f,0f,1f], start_interpolation: 0, interpolation_duration: 1 }
$data merge entity $(bone_crest_middle1) { transformation: [-0.9996477505989899f,0.006306337925961922f,-0.02577993065047567f,0.07397233515194793f,0f,0.9713592129340983f,0.23761582322742994f,4.480538070561351f,0.026540058823969485f,0.23753212319602757f,-0.9710170522331768f,3.0508914200224933f,0f,0f,0f,1f], start_interpolation: 0, interpolation_duration: 1 }
$data merge entity $(bone_crest_left5) { transformation: [-0.5470089357469102f,-0.8327364569089639f,0.08562252944020027f,-1.0300521043218371f,-0.7564417044778307f,0.5355055507734118f,0.3755392826556757f,5.027089762773997f,-0.3585765914553084f,0.14065489122519093f,-0.9228429062601733f,3.0836296317644076f,0f,0f,0f,1f], start_interpolation: 0, interpolation_duration: 1 }
$data merge entity $(bone_crest_left4) { transformation: [-0.5470089357469102f,-0.8327364569089639f,0.08562252944020027f,-0.562451066506745f,-0.7564417044778307f,0.5355055507734118f,0.3755392826556757f,4.72639084510338f,-0.3585765914553084f,0.14065489122519093f,-0.9228429062601733f,3.0046486137424497f,0f,0f,0f,1f], start_interpolation: 0, interpolation_duration: 1 }
$data merge entity $(bone_crest_left1) { transformation: [-0.5470089357469102f,-0.8327364569089639f,0.08562252944020027f,-0.04328201920427384f,-0.7564417044778307f,0.5355055507734118f,0.3755392826556757f,4.416709446557011f,-0.3585765914553084f,0.14065489122519093f,-0.9228429062601733f,2.865949701818726f,0f,0f,0f,1f], start_interpolation: 0, interpolation_duration: 1 }
$data merge entity $(bone_crest_center1) { transformation: [-0.9996477505989899f,0.011736650774005646f,-0.023803902011829768f,0.06865359303031468f,0f,0.8969046440217919f,0.4422239924881315f,4.391528119941076f,0.026540058823969485f,0.4420682193516653f,-0.8965887098981722f,2.8505577043675423f,0f,0f,0f,1f], start_interpolation: 0, interpolation_duration: 1 }
$data merge entity $(bone_crest_right5) { transformation: [-0.5272117540163311f,0.8390266881753139f,-0.1344692639847049f,1.178178616819729f,0.7564417044778307f,0.5355055507734118f,0.3755392826556757f,5.027089762773997f,0.3870965178785494f,0.09627056466246403f,-0.9169995988144557f,3.025002407123652f,0f,0f,0f,1f], start_interpolation: 0, interpolation_duration: 1 }
$data merge entity $(bone_crest_right4) { transformation: [-0.5272117540163311f,0.8390266881753139f,-0.1344692639847049f,0.7070454667212862f,0.7564417044778307f,0.5355055507734118f,0.3755392826556757f,4.72639084510338f,0.3870965178785494f,0.09627056466246403f,-0.9169995988144557f,2.970944228724319f,0f,0f,0f,1f], start_interpolation: 0, interpolation_duration: 1 }
$data merge entity $(bone_crest_right1) { transformation: [-0.5272117540163311f,0.8390266881753139f,-0.1344692639847049f,0.1812482372779211f,0.7564417044778307f,0.5355055507734118f,0.3755392826556757f,4.416709446557011f,0.3870965178785494f,0.09627056466246403f,-0.9169995988144557f,2.8599885557938114f,0f,0f,0f,1f], start_interpolation: 0, interpolation_duration: 1 }
$data merge entity $(bone_head1) { transformation: [-1.0478078635835761f,0.01230208837639914f,-0.02495070458271218f,0.036263155258346245f,0f,0.940114893798883f,0.46352905462623134f,4.836753566646654f,0.02781868144960342f,0.4633657767943885f,-0.9397837388906618f,1.6305518078311758f,0f,0f,0f,1f], start_interpolation: 0, interpolation_duration: 1 }
$data merge entity $(bone_neck10) { transformation: [-1.4968683765479667f,0.012171535850467294f,-0.03783118673427339f,0.005656973955036263f,0f,1.4254371847927632f,0.4586099801510107f,4.73588202206642f,0.03974097349943347f,0.4584484350602052f,-1.4249350753982424f,0.47775103609186664f,0f,0f,0f,1f], start_interpolation: 0, interpolation_duration: 1 }
$data merge entity $(bone_neck9) { transformation: [-1.1451043080591952f,0.013444425154207646f,-0.02726755572253548f,-0.010141432823731549f,0f,1.0274112767944947f,0.5065710382700962f,3.401604363491569f,0.030401844727066623f,0.5063925989252965f,-1.0270493717876528f,-0.11730573843117531f,0f,0f,0f,1f], start_interpolation: 0, interpolation_duration: 1 }
$data merge entity $(bone_neck8) { transformation: [-1.0627765473490565f,-0.007897635030034858f,-0.027088284601832987f,-0.003396182306300493f,0f,1.0206565396670628f,-0.2975741343460082f,2.6494389203607263f,0.028216091184597766f,-0.2974693140354287f,-1.020297014012328f,0.136758299320197f,0f,0f,0f,1f], start_interpolation: 0, interpolation_duration: 1 }
$data merge entity $(bone_neck7) { transformation: [-1.0552922054663165f,-0.015715171609824042f,-0.02319498474488475f,0.011312800578730482f,0f,0.8739613163154089f,-0.5921302478663304f,1.871165708805488f,0.028017386317100598f,-0.5919216703411995f,-0.8736534639652308f,0.6907812482573188f,0f,0f,0f,1f], start_interpolation: 0, interpolation_duration: 1 }
$data merge entity $(bone_neck6) { transformation: [-1.0493047319601245f,-0.010704870376008715f,-0.025719592728830124f,0.020553441389126112f,0f,0.9690857469238778f,-0.40334765069701656f,1.011406608634557f,0.027858422423102863f,-0.4032055717286597f,-0.9687443870499967f,1.038835706669541f,0f,0f,0f,1f], start_interpolation: 0, interpolation_duration: 1 }
$data merge entity $(bone_neck_spine6) { transformation: [-1.2655692178904334f,-0.11347283982821119f,-0.07378236826117737f,-0.05408354689472765f,-0.058852922256613184f,-0.16345619415038237f,1.2608742104795547f,0.08592417401671515f,-0.12188624527305743f,1.2571361723106624f,0.1572824084188769f,-1.392151093402441f,0f,0f,0f,1f], start_interpolation: 0, interpolation_duration: 1 }
$data merge entity $(bone_neck_spine7) { transformation: [-0.9734598943716666f,-0.22685844954613374f,0.03018406731089085f,0.49632252369387736f,-0.009176444095260852f,0.17047564345712002f,0.98531916040522f,0.5851604169780358f,-0.22867362533460356f,0.9588917034041984f,-0.1680329557525077f,-4.970557984466834f,0f,0f,0f,1f], start_interpolation: 0, interpolation_duration: 1 }
$data merge entity $(bone_tail6) { transformation: [-1.664812986172043f,0.19067139611779058f,0.39666620388249146f,0.7144738302181362f,0.3504482780214557f,1.513189428995534f,0.7434686906219348f,-1.4262926820881603f,-0.2662436159457163f,0.7995024128830318f,-1.5017363837536493f,-7.926659476067667f,0f,0f,0f,1f], start_interpolation: 0, interpolation_duration: 1 }
$data merge entity $(bone_tail5) { transformation: [-1.3752802929247312f,0.15751115331469653f,0.327680777120319f,0.8139545586274182f,0.2895007514090286f,1.250026050039789f,0.6141697879050766f,-0.6368025452209253f,-0.21994037838993957f,0.6604585149903306f,-1.2405648387530146f,-7.509527782389563f,0f,0f,0f,1f], start_interpolation: 0, interpolation_duration: 1 }
$data merge entity $(bone_tail4) { transformation: [-1.0133644263655912f,0.11606084981082902f,0.24144899366760347f,0.8636949228320592f,0.21331634314349474f,0.9210718263451075f,0.45254615950900373f,-0.24205747678730774f,-0.16206133144521861f,0.4866536426244541f,-0.9141004075022212f,-7.300961935550512f,0f,0f,0f,1f], start_interpolation: 0, interpolation_duration: 1 }
$data merge entity $(bone_segment18) { transformation: [-0.9667874278866759f,0.05134675027339791f,0.2503708859205223f,0.8925273265500316f,0.20351174103627823f,0.7472679269741033f,0.6325927730983095f,0.1775509783006897f,-0.15461254975146324f,0.6625361549018949f,-0.7328989036061958f,-6.928932356381967f,0f,0f,0f,1f], start_interpolation: 0, interpolation_duration: 1 }
$data merge entity $(bone_segment17) { transformation: [-0.9899287110840965f,-0.1414884741236262f,-0.004707298752760689f,0.7892435038865446f,-0.015834348483188935f,0.07762025409143022f,0.9968572463311359f,0.2342122477668461f,-0.14067842897719862f,0.9868921460042884f,-0.07907889589237795f,-6.208520365036062f,0f,0f,0f,1f], start_interpolation: 0, interpolation_duration: 1 }
$data merge entity $(bone_segment16) { transformation: [-0.9737356884765366f,-0.2261976244315359f,-0.0259507936035768f,0.5733175489238234f,-0.00928652768619791f,-0.07442639511715227f,0.997183269070134f,0.16316556688108788f,-0.22749191060488083f,0.9712339298085685f,0.07037104658839113f,-5.281390319735401f,0f,0f,0f,1f], start_interpolation: 0, interpolation_duration: 1 }
$data merge entity $(bone_segment15) { transformation: [-0.9734598943716666f,-0.22694064680722112f,-0.029559717126931614f,0.30570931550612845f,-0.009176444095260852f,-0.09035253744881727f,0.9958675674256728f,0.05662192530936244f,-0.22867362533460356f,0.9697083900860507f,0.08587206340276869f,-4.13791094373061f,0f,0f,0f,1f], start_interpolation: 0, interpolation_duration: 1 }
$data merge entity $(bone_segment14) { transformation: [-1.0324497433162418f,-0.17003961818143537f,-0.061719152619833226f,0.11441474505201364f,-0.023425647534479115f,-0.22893671747871813f,1.0226017878200842f,-0.20093188185419547f,-0.17937102494268392f,1.0086375492038522f,0.22170143836301487f,-3.003193700876276f,0f,0f,0f,1f], start_interpolation: 0, interpolation_duration: 1 }
$data merge entity $(bone_segment13) { transformation: [-1.019899899123467f,-0.07973138783440267f,-0.07443596835623263f,0.020425345896779707f,-0.04742853146562357f,-0.3061719809329484f,0.9778051259416658f,-0.5964435544204122f,-0.09822597413181687f,0.9757024319477646f,0.300749121561911f,-1.836309711814365f,0f,0f,0f,1f], start_interpolation: 0, interpolation_duration: 1 }
$data merge entity $(bone_segment12) { transformation: [-1.1146863090029364f,-0.021192290104744882f,-0.038719511272779644f,-0.005176078390831562f,-0.04095796629705833f,0.13180359901208033f,1.106988770257381f,-0.43721773011051646f,-0.016454747336121966f,1.1075434886808082f,-0.1324784630139004f,-0.4983377120657375f,0f,0f,0f,1f], start_interpolation: 0, interpolation_duration: 1 }
$data merge entity $(bone_segment11) { transformation: [-1.190079918332789f,0.017569508586099535f,-0.022889762567840467f,0.009238533545457187f,-0.006700433935246379f,0.7502458985875056f,0.9242342975236602f,0.429778793794825f,0.028066582397016825f,0.924091578201001f,-0.749926571693444f,0.5697374921154579f,0f,0f,0f,1f], start_interpolation: 0, interpolation_duration: 1 }
$data merge entity $(bone_segment10) { transformation: [-1.0478078635835766f,0.012960912987911723f,-0.024614909549179564f,0.021367787287123303f,0f,0.9274625091240856f,0.4883528357595861f,1.3792034123605568f,0.02781868144960343f,0.48818081376570815f,-0.9271358110107872f,1.0695085492032281f,0f,0f,0f,1f], start_interpolation: 0, interpolation_duration: 1 }