# This file was generated by Animated Java via MC-Build. It is not recommended to edit this file directly.
$data merge entity $(bone_neck_spine5) { transformation: [-1.3665262897630626f,0.008328803337822247f,-0.04169161279692373f,0.07731725204677668f,1.1858461261560207e-18f,1.3406964783136595f,0.26783318165156866f,3.7402958364978334f,0.042515403592683125f,0.2677036500097863f,-1.3400480798781216f,-0.477834607096552f,0f,0f,0f,1f], start_interpolation: 0, interpolation_duration: 1 }
$data merge entity $(bone_neck_spine2) { transformation: [-1.3014536092981546f,0.008113455857852484f,-0.0396696562033657f,0.030410001711562305f,1.1293772630057337e-18f,1.2756754848229406f,0.26090815312327714f,4.846324073228701f,0.04049086056446011f,0.2607819706196006f,-1.2750585323642802f,1.1548539638112767f,0f,0f,0f,1f], start_interpolation: 0, interpolation_duration: 1 }
$data merge entity $(bone_scale_neck_left1) { transformation: [-1.379054109880854f,0.3845694949745856f,0.04213649200508622f,0.7078927300838761f,0.3503833253193689f,1.1754222930485756f,0.7396440878864289f,4.083983374799489f,0.16401434620679958f,0.7224597946890874f,-1.2258101638096073f,0.9478026329269293f,0f,0f,0f,1f], start_interpolation: 0, interpolation_duration: 1 }
$data merge entity $(bone_scale_neck_right1) { transformation: [-1.3865827265832082f,-0.3389148142710719f,-0.11825611786059022f,-0.6586335596791862f,-0.3503833253193689f,1.1754222930485756f,0.7396440878864289f,4.083983374799489f,-0.0779697767214601f,0.7449688584597419f,-1.2208200245105636f,0.9903180365196125f,0f,0f,0f,1f], start_interpolation: 0, interpolation_duration: 1 }
$data merge entity $(bone_blush_right1) { transformation: [-0.9995163719409828f,0.01377688843627442f,-0.027878657911552442f,-0.5187227294426153f,8.673617379884035e-19f,0.8965068985023167f,0.44302977432420587f,3.4532012538613115f,0.031096980913505365f,0.4428155126943628f,-0.8960733226110987f,2.0329044703437225f,0f,0f,0f,1f], start_interpolation: 0, interpolation_duration: 1 }
$data merge entity $(bone_blush_left1) { transformation: [-0.9995163719409828f,0.01377688843627442f,-0.027878657911552442f,0.6330637147862515f,8.673617379884035e-19f,0.8965068985023167f,0.44302977432420587f,3.4532012538613115f,0.031096980913505365f,0.4428155126943628f,-0.8960733226110987f,1.9970700587441752f,0f,0f,0f,1f], start_interpolation: 0, interpolation_duration: 1 }
$data merge entity $(bone_left_head_scales) { transformation: [-0.8737089182211313f,0.01377688843627442f,-0.48625397023147787f,0.642040873901432f,-0.2045683839160321f,0.8965068985023167f,0.3929722092460734f,4.173699208001915f,0.4413439730219997f,0.4428155126943628f,-0.7804677566654407f,1.971575381525734f,0f,0f,0f,1f], start_interpolation: 0, interpolation_duration: 1 }
$data merge entity $(bone_left_head_scales2) { transformation: [-0.8027653381206141f,0.01377688843627442f,-0.5961358983127173f,0.6353614675906052f,-0.2541114391542862f,0.8965068985023167f,0.36290874531856393f,3.4084062539487077f,0.5394396985790288f,0.4428155126943628f,-0.716183798556066f,1.7568865028501233f,0f,0f,0f,1f], start_interpolation: 0, interpolation_duration: 1 }
$data merge entity $(bone_left_head_scales1) { transformation: [-0.9995163719409828f,0.01377688843627442f,-0.027878657911552442f,0.6406954746400771f,8.673617379884035e-19f,0.8965068985023167f,0.44302977432420587f,4.086149706195048f,0.031096980913505365f,0.4428155126943628f,-0.8960733226110987f,1.9283316791141751f,0f,0f,0f,1f], start_interpolation: 0, interpolation_duration: 1 }
$data merge entity $(bone_right_head_scales) { transformation: [-0.8994547814801577f,0.01377688843627442f,0.4367966270674444f,-0.5292673744669072f,0.2045683839160321f,0.8965068985023167f,0.3929722092460734f,4.173699208001915f,-0.38617725512316836f,0.4428155126943628f,-0.8091857322906556f,2.0080171560337483f,0f,0f,0f,1f], start_interpolation: 0, interpolation_duration: 1 }
$data merge entity $(bone_right_head_scales2) { transformation: [-0.8347464206309305f,0.01377688843627442f,0.5504621790721539f,-0.535946780777734f,0.2541114391542862f,0.8965068985023167f,0.36290874531856393f,3.4084062539487077f,-0.48849338760600153f,0.4428155126943628f,-0.7518567895433557f,1.7933282773581374f,0f,0f,0f,1f], start_interpolation: 0, interpolation_duration: 1 }
$data merge entity $(bone_right_head_scales1) { transformation: [-0.9995163719409828f,0.01377688843627442f,-0.027878657911552442f,-0.5306127737282621f,8.673617379884035e-19f,0.8965068985023167f,0.44302977432420587f,4.086149706195048f,0.031096980913505365f,0.4428155126943628f,-0.8960733226110987f,1.9647734536221892f,0f,0f,0f,1f], start_interpolation: 0, interpolation_duration: 1 }
$data merge entity $(bone_head_left_fin1) { transformation: [-0.6712557709706553f,0.024441582419292833f,-0.7408227176507429f,0.6336083465373482f,-0.07220618872022178f,0.9925464609978956f,0.09817224185610066f,3.790287685930035f,0.7377004515717008f,0.11939066885395172f,-0.6644877063885496f,1.7005378431651605f,0f,0f,0f,1f], start_interpolation: 0, interpolation_duration: 1 }
$data merge entity $(bone_head_right_fin1) { transformation: [-0.7158158570974134f,-0.016972523732900202f,0.6980827975004338f,-0.537699901830991f,0.07220618872022178f,0.9925464609978956f,0.09817224185610066f,3.790287685930035f,-0.694545840847381f,0.12067914566605603f,-0.7092549744364969f,1.7369796176731747f,0f,0f,0f,1f], start_interpolation: 0, interpolation_duration: 1 }
$data merge entity $(bone_right_whisker16) { transformation: [0.25386993730341145f,0.9102856427175566f,-0.32700168745106917f,-0.9932243565859238f,0.951413813345715f,-0.29591687060927263f,-0.08511733938381662f,1.4111328024484342f,-0.1742464080218778f,-0.2895051888155028f,-0.941182731960364f,1.831304275396675f,0f,0f,0f,1f], start_interpolation: 0, interpolation_duration: 1 }
$data merge entity $(bone_right_whisker15) { transformation: [-0.8693613466193204f,0.3705141635732635f,-0.32700168745106917f,-0.7385286495685448f,0.4175696830409569f,0.9046494339473687f,-0.08511733938381662f,1.2887979343700289f,0.26428471164506784f,-0.21054371577016961f,-0.941182731960364f,1.7538771137819091f,0f,0f,0f,1f], start_interpolation: 0, interpolation_duration: 1 }
$data merge entity $(bone_right_whisker14) { transformation: [-0.7032078527866306f,-0.6313229064301166f,-0.32700168745106917f,-0.5325107239474617f,-0.6434182529224138f,0.7607680266299894f,-0.08511733938381662f,1.4772993756558923f,0.30250895455421634f,0.15054367297944365f,-0.941182731960364f,1.6652514435023535f,0f,0f,0f,1f], start_interpolation: 0, interpolation_duration: 1 }
$data merge entity $(bone_right_whisker13) { transformation: [-0.09734714062914443f,-0.9901725571394159f,-0.10040837265547148f,-0.5039910538412671f,-0.9899510482028928f,0.0859374128770542f,0.11230175078774152f,1.7673240968090835f,-0.10256927597152521f,0.1103316280854641f,-0.9885881222585515f,1.6953010360721363f,0f,0f,0f,1f], start_interpolation: 0, interpolation_duration: 1 }
$data merge entity $(bone_right_whisker12) { transformation: [0.05694371468058349f,-0.9954068515983697f,-0.07695851576919688f,-0.52623469238837f,-0.9427877715202437f,-0.07897578520905316f,0.32390437357730434f,2.1356005700591787f,-0.3284944919329225f,0.054111229348767484f,-0.9429545819540287f,1.823619196983434f,0f,0f,0f,1f], start_interpolation: 0, interpolation_duration: 1 }
$data merge entity $(bone_right_whisker11) { transformation: [0.29105965699174596f,-0.955048474034758f,-0.0562733357437397f,-0.6399298709007707f,-0.9558368380264171f,-0.2927972042644969f,0.02541134090431435f,2.508974334913248f,-0.04074573773424692f,0.046391911135184996f,-0.9980919674247047f,1.8395355007858742f,0f,0f,0f,1f], start_interpolation: 0, interpolation_duration: 1 }
$data merge entity $(bone_right_whisker10) { transformation: [0.07734756049847832f,-0.9953804971881063f,0.056877242395292286f,-0.6701437617204888f,-0.9724350457740646f,-0.0879052958077028f,-0.21596930503975154f,2.888831774668742f,0.21997144504532218f,-0.038604724924792194f,-0.9747421395313505f,1.7536091550650452f,0f,0f,0f,1f], start_interpolation: 0, interpolation_duration: 1 }
$data merge entity $(bone_right_whisker1) { transformation: [-0.3418627702887932f,-0.9393922930901518f,0.02592230648106726f,-0.536603617076429f,-0.9385418582278184f,0.3426915944870898f,0.0412510778303975f,3.2554496880389836f,-0.0476343011363175f,-0.010226961949793612f,-0.998812486207763f,1.7722163039464192f,0f,0f,0f,1f], start_interpolation: 0, interpolation_duration: 1 }
$data merge entity $(bone_left_whisker16) { transformation: [0.2642107748974295f,-0.9265218765370746f,0.2678616783459654f,1.0941153837459854f,-0.951413813345715f,-0.29591687060927263f,-0.08511733938381662f,1.4111328024484342f,0.1581278666240225f,-0.2323583826485127f,-0.9596901373932648f,1.7663629038621067f,0f,0f,0f,1f], start_interpolation: 0, interpolation_duration: 1 }
$data merge entity $(bone_left_whisker15) { transformation: [-0.884108927052232f,-0.3828857876446099f,0.2678616783459654f,0.8350990965236518f,-0.4175696830409569f,0.9046494339473687f,-0.08511733938381662f,1.2887979343700289f,-0.20973069615968365f,-0.18710391572191037f,-0.9596901373932648f,1.7049183639715744f,0f,0f,0f,1f], start_interpolation: 0, interpolation_duration: 1 }
$data merge entity $(bone_left_whisker14) { transformation: [-0.7206529488282201f,0.6394602791564719f,0.2678616783459654f,0.6239703029216342f,0.6434182529224138f,0.7607680266299894f,-0.08511733938381662f,1.4772993756558923f,-0.2582097580484887f,0.11100703148286688f,-0.9596901373932648f,1.6292709739183062f,0f,0f,0f,1f], start_interpolation: 0, interpolation_duration: 1 }
$data merge entity $(bone_left_whisker13) { transformation: [-0.09078276245338789f,0.9951161618353559f,0.03875970195191452f,0.5973737904841183f,0.9899510482028928f,0.0859374128770542f,0.11230175078774152f,1.7673240968090835f,0.10842237870165491f,0.04856527074019258f,-0.9929179232316271f,1.6610353426785567f,0f,0f,0f,1f], start_interpolation: 0, interpolation_duration: 1 }
$data merge entity $(bone_left_whisker12) { transformation: [0.0772540761951814f,0.9968454546423042f,0.018191956195167062f,0.627551163997861f,0.9427877715202437f,-0.07897578520905316f,0.32390437357730434f,2.1356005700591787f,0.3243193265643009f,-0.007871779315458172f,-0.9459149060604171f,1.7877225796177367f,0f,0f,0f,1f], start_interpolation: 0, interpolation_duration: 1 }
$data merge entity $(bone_left_whisker11) { transformation: [0.29302964795590664f,0.9560852691796814f,-0.005880771756636011f,0.7420158702306371f,0.9558368380264171f,-0.2927972042644969f,0.02541134090431435f,2.508974334913248f,0.02257353517945751f,-0.013067334560296864f,-0.999659782264442f,1.7965403667972124f,0f,0f,0f,1f], start_interpolation: 0, interpolation_duration: 1 }
$data merge entity $(bone_left_whisker10) { transformation: [0.06352368768767994f,0.9910555674613467f,-0.11736099567755091f,0.7668298107336371f,0.9724350457740646f,-0.0879052958077028f,-0.21596930503975154f,2.888831774668742f,-0.2243542352017252f,-0.10040677852031865f,-0.9693212346658981f,1.7089019936715386f,0f,0f,0f,1f], start_interpolation: 0, interpolation_duration: 1 }
$data merge entity $(bone_left_whisker1) { transformation: [-0.3382404593708208f,0.9369397189781558f,-0.08796223420167615f,0.6347046312919102f,0.9385418582278184f,0.3426915944870898f,0.0412510778303975f,3.2554496880389836f,0.06879369156317805f,-0.0686034552266166f,-0.995269307239041f,1.735774529438405f,0f,0f,0f,1f], start_interpolation: 0, interpolation_duration: 1 }
$data merge entity $(bone_upper_left_tooth1) { transformation: [-0.9995163719409828f,0.011294678079328827f,-0.02897330614581716f,0.3449943055902063f,8.673617379884035e-19f,0.9317080081312361f,0.36320818766118756f,3.237038585362629f,0.031096980913505365f,0.36303252999037006f,-0.9312574079956931f,2.6301671850519015f,0f,0f,0f,1f], start_interpolation: 0, interpolation_duration: 1 }
$data merge entity $(bone_upper_right_tooth1) { transformation: [-0.9995163719409828f,0.011294678079328827f,-0.02897330614581716f,-0.24065981859396332f,8.673617379884035e-19f,0.9317080081312361f,0.36320818766118756f,3.237038585362629f,0.031096980913505365f,0.36303252999037006f,-0.9312574079956931f,2.6483880723059086f,0f,0f,0f,1f], start_interpolation: 0, interpolation_duration: 1 }
$data merge entity $(bone_top_lip1) { transformation: [-0.9995163719409828f,-0.003275153273623233f,-0.030924029377964193f,0.07778310651813097f,8.673617379884035e-19f,0.9944383174681094f,-0.1053206188321914f,3.3371244065486017f,0.031096980913505365f,-0.10526968282573101f,-0.9939573791948203f,2.677516050383074f,0f,0f,0f,1f], start_interpolation: 0, interpolation_duration: 1 }
$data merge entity $(bone_muzzle1) { transformation: [-0.9995163719409828f,0.011294678079328827f,-0.02897330614581716f,0.06529047823589537f,8.673617379884035e-19f,0.9317080081312361f,0.36320818766118756f,3.65095281968364f,0.031096980913505365f,0.36303252999037006f,-0.9312574079956931f,2.2759791123954853f,0f,0f,0f,1f], start_interpolation: 0, interpolation_duration: 1 }
$data merge entity $(bone_jaw_right_tooth1) { transformation: [-0.9995163719409828f,-0.0046965845294988295f,-0.030740271887089565f,-0.24140285150055912f,8.673617379884035e-19f,0.9885291428319691f,-0.15103024124953268f,3.0345403789831016f,0.031096980913505365f,-0.1509571987871042f,-0.9880510624013398f,2.624505575252607f,0f,0f,0f,1f], start_interpolation: 0, interpolation_duration: 1 }
$data merge entity $(bone_jaw_left_tooth1) { transformation: [-0.9995163719409828f,-0.0046965845294988295f,-0.030740271887089565f,0.3930557830322913f,8.673617379884035e-19f,0.9885291428319691f,-0.15103024124953268f,3.0345403789831016f,0.031096980913505365f,-0.1509571987871042f,-0.9880510624013398f,2.6047662807274325f,0f,0f,0f,1f], start_interpolation: 0, interpolation_duration: 1 }
$data merge entity $(bone_tongue1) { transformation: [-0.9995163719409828f,0.010893807219983327f,-0.029126400158425964f,0.05571576100714007f,8.673617379884035e-19f,0.9366311231125469f,0.3503171980033652f,3.2756114635913973f,0.031096980913505365f,0.3501477747768547f,-0.936178142020461f,1.9682294098290205f,0f,0f,0f,1f], start_interpolation: 0, interpolation_duration: 1 }
$data merge entity $(bone_jaw_lips1) { transformation: [-0.9995163719409828f,0.010893807219983327f,-0.029126400158425964f,0.12605184926838042f,8.673617379884035e-19f,0.9366311231125469f,0.3503171980033652f,2.8967383797645656f,0.031096980913505365f,0.3501477747768547f,-0.936178142020461f,2.6587770490073828f,0f,0f,0f,1f], start_interpolation: 0, interpolation_duration: 1 }
$data merge entity $(bone_jaw3) { transformation: [-0.9995163719409828f,0.0007127593368514325f,-0.031088811428915196f,0.1017115110638111f,8.673617379884035e-19f,0.9997372901050139f,0.02292053170158015f,2.8414217866859084f,0.031096980913505365f,0.022909446689321822f,-0.9992537890998736f,1.8764320811239639f,0f,0f,0f,1f], start_interpolation: 0, interpolation_duration: 1 }
$data merge entity $(bone_jaw1) { transformation: [-0.9995163719409828f,0.022487106340857453f,-0.021479112419974102f,0.08493095448570634f,8.673617379884035e-19f,0.6907137538437295f,0.7231282806329067f,3.406365755930367f,0.031096980913505365f,0.722778555506124f,-0.6903797052916216f,1.3370729363648846f,0f,0f,0f,1f], start_interpolation: 0, interpolation_duration: 1 }
$data merge entity $(bone_tear_right1) { transformation: [-0.9995163719409828f,0.01377688843627442f,-0.027878657911552442f,-0.4627590490111849f,8.673617379884035e-19f,0.8965068985023167f,0.44302977432420587f,3.7206863464263824f,0.031096980913505365f,0.4428155126943628f,-0.8960733226110987f,2.261495465883127f,0f,0f,0f,1f], start_interpolation: 0, interpolation_duration: 1 }
$data merge entity $(bone_right_pupil1) { transformation: [-0.9995163719409828f,0.01377688843627442f,-0.027878657911552442f,-0.29872556283604446f,8.673617379884035e-19f,0.8965068985023167f,0.44302977432420587f,3.7822770723939403f,0.031096980913505365f,0.4428155126943628f,-0.8960733226110987f,2.352232730264385f,0f,0f,0f,1f], start_interpolation: 0, interpolation_duration: 1 }
$data merge entity $(bone_right_sad_pupil1) { transformation: [-0.9995163719409828f,0.01377688843627442f,-0.027878657911552442f,-0.2989978153547119f,8.673617379884035e-19f,0.8965068985023167f,0.44302977432420587f,3.786603535033825f,0.031096980913505365f,0.4428155126943628f,-0.8960733226110987f,2.3434820142232606f,0f,0f,0f,1f], start_interpolation: 0, interpolation_duration: 1 }
$data merge entity $(bone_right_happy_pupil1) { transformation: [-0.9995163719409828f,0.01377688843627442f,-0.027878657911552442f,-0.3237361036902472f,8.673617379884035e-19f,0.8965068985023167f,0.44302977432420587f,3.764716439740514f,0.031096980913505365f,0.4428155126943628f,-0.8960733226110987f,2.333430420917996f,0f,0f,0f,1f], start_interpolation: 0, interpolation_duration: 1 }
$data merge entity $(bone_eyelid_right1) { transformation: [-0.9995163719409828f,0.01377688843627442f,-0.027878657911552442f,0.06251190111494373f,8.673617379884035e-19f,0.8965068985023167f,0.44302977432420587f,3.959151916124633f,0.031096980913505365f,0.4428155126943628f,-0.8960733226110987f,1.8726326152554864f,0f,0f,0f,1f], start_interpolation: 0, interpolation_duration: 1 }
$data merge entity $(bone_eyelid_expressions_right5) { transformation: [-0.9995163719409828f,0.01377688843627442f,-0.027878657911552442f,-0.40990247754645665f,8.673617379884035e-19f,0.8965068985023167f,0.44302977432420587f,3.874153036840692f,0.031096980913505365f,0.4428155126943628f,-0.8960733226110987f,2.390218043640698f,0f,0f,0f,1f], start_interpolation: 0, interpolation_duration: 1 }
$data merge entity $(bone_eyelid_expressions_right7) { transformation: [-0.9995163719409828f,0.01377688843627442f,-0.027878657911552442f,-0.11707541545437183f,8.673617379884035e-19f,0.8965068985023167f,0.44302977432420587f,3.874153036840692f,0.031096980913505365f,0.4428155126943628f,-0.8960733226110987f,2.3811076000136944f,0f,0f,0f,1f], start_interpolation: 0, interpolation_duration: 1 }
$data merge entity $(bone_eyelid_expressions_right6) { transformation: [-0.9995163719409828f,0.01377688843627442f,-0.027878657911552442f,-0.21468443615173344f,8.673617379884035e-19f,0.8965068985023167f,0.44302977432420587f,3.874153036840692f,0.031096980913505365f,0.4428155126943628f,-0.8960733226110987f,2.3841444145560287f,0f,0f,0f,1f], start_interpolation: 0, interpolation_duration: 1 }
$data merge entity $(bone_right_eye1) { transformation: [-0.9995163719409828f,0.01377688843627442f,-0.027878657911552442f,0.05302325156387508f,8.673617379884035e-19f,0.8965068985023167f,0.44302977432420587f,3.954825453484748f,0.031096980913505365f,0.4428155126943628f,-0.8960733226110987f,1.8816870127508438f,0f,0f,0f,1f], start_interpolation: 0, interpolation_duration: 1 }
$data merge entity $(bone_tear_left1) { transformation: [-0.9995163719409828f,0.01377688843627442f,-0.027878657911552442f,0.5914183745203204f,8.673617379884035e-19f,0.8965068985023167f,0.44302977432420587f,3.7206863464263824f,0.031096980913505365f,0.4428155126943628f,-0.8960733226110987f,2.2286978688259147f,0f,0f,0f,1f], start_interpolation: 0, interpolation_duration: 1 }
$data merge entity $(bone_left_sad_pupil1) { transformation: [-0.9995163719409828f,0.01377688843627442f,-0.027878657911552442f,0.4330698398755001f,8.673617379884035e-19f,0.8965068985023167f,0.44302977432420587f,3.786603535033825f,0.031096980913505365f,0.4428155126943628f,-0.8960733226110987f,2.320705905155752f,0f,0f,0f,1f], start_interpolation: 0, interpolation_duration: 1 }
$data merge entity $(bone_left_pupil1) { transformation: [-0.9995163719409828f,0.01377688843627442f,-0.027878657911552442f,0.43334209239416754f,8.673617379884035e-19f,0.8965068985023167f,0.44302977432420587f,3.7822770723939403f,0.031096980913505365f,0.4428155126943628f,-0.8960733226110987f,2.329456621196876f,0f,0f,0f,1f], start_interpolation: 0, interpolation_duration: 1 }
$data merge entity $(bone_eyelid_left1) { transformation: [-0.9995163719409828f,0.01377688843627442f,-0.027878657911552442f,0.04299009697547142f,8.673617379884035e-19f,0.8965068985023167f,0.44302977432420587f,3.959151916124633f,0.031096980913505365f,0.4428155126943628f,-0.8960733226110987f,1.8732399781639533f,0f,0f,0f,1f], start_interpolation: 0, interpolation_duration: 1 }
$data merge entity $(bone_left_happy_pupil1) { transformation: [-0.9995163719409828f,0.01377688843627442f,-0.027878657911552442f,0.45713606188864564f,8.673617379884035e-19f,0.8965068985023167f,0.44302977432420587f,3.764716439740514f,0.031096980913505365f,0.4428155126943628f,-0.8960733226110987f,2.30913590457932f,0f,0f,0f,1f], start_interpolation: 0, interpolation_duration: 1 }
$data merge entity $(bone_eyelid_expressions_left5) { transformation: [-0.9995163719409828f,0.01377688843627442f,-0.027878657911552442f,0.5466659252876869f,8.673617379884035e-19f,0.8965068985023167f,0.44302977432420587f,3.874153036840692f,0.031096980913505365f,0.4428155126943628f,-0.8960733226110987f,2.3604572611258194f,0f,0f,0f,1f], start_interpolation: 0, interpolation_duration: 1 }
$data merge entity $(bone_eyelid_expressions_left7) { transformation: [-0.9995163719409828f,0.01377688843627442f,-0.027878657911552442f,0.25383886319560217f,8.673617379884035e-19f,0.8965068985023167f,0.44302977432420587f,3.874153036840692f,0.031096980913505365f,0.4428155126943628f,-0.8960733226110987f,2.3695677047528227f,0f,0f,0f,1f], start_interpolation: 0, interpolation_duration: 1 }
$data merge entity $(bone_eyelid_expressions_left6) { transformation: [-0.9995163719409828f,0.01377688843627442f,-0.027878657911552442f,0.3514478838929638f,8.673617379884035e-19f,0.8965068985023167f,0.44302977432420587f,3.874153036840692f,0.031096980913505365f,0.4428155126943628f,-0.8960733226110987f,2.3665308902104885f,0f,0f,0f,1f], start_interpolation: 0, interpolation_duration: 1 }
$data merge entity $(bone_left_eye1) { transformation: [-0.9995163719409828f,0.01377688843627442f,-0.027878657911552442f,0.05302325156387508f,8.673617379884035e-19f,0.8965068985023167f,0.44302977432420587f,3.954825453484748f,0.031096980913505365f,0.4428155126943628f,-0.8960733226110987f,1.8816870127508438f,0f,0f,0f,1f], start_interpolation: 0, interpolation_duration: 1 }
$data merge entity $(bone_crest_middle5) { transformation: [-0.9995163719409828f,0.007416275215382651f,-0.030199686817326737f,0.08118139903923115f,8.673617379884035e-19f,0.9711452986811031f,0.23848859270327996f,4.851414218401649f,0.031096980913505365f,0.23837325292809328f,-0.9706756255652785f,2.786743663858859f,0f,0f,0f,1f], start_interpolation: 0, interpolation_duration: 1 }
$data merge entity $(bone_crest_middle4) { transformation: [-0.9995163719409828f,0.007416275215382651f,-0.030199686817326737f,0.07683592528021788f,8.673617379884035e-19f,0.9711452986811031f,0.23848859270327996f,4.28238376995569f,0.031096980913505365f,0.23837325292809328f,-0.9706756255652785f,2.647071835971304f,0f,0f,0f,1f], start_interpolation: 0, interpolation_duration: 1 }
$data merge entity $(bone_crest_middle1) { transformation: [-0.9995163719409828f,0.007416275215382651f,-0.030199686817326737f,0.07578872052267598f,8.673617379884035e-19f,0.9711452986811031f,0.23848859270327996f,3.8381434328701505f,0.031096980913505365f,0.23837325292809328f,-0.9706756255652785f,2.6134126745611033f,0f,0f,0f,1f], start_interpolation: 0, interpolation_duration: 1 }
$data merge entity $(bone_crest_left5) { transformation: [-0.5486590650372005f,-0.8320716229926802f,0.08142508558688559f,-0.8840794945544822f,-0.7561062493090949f,0.5353988462023432f,0.37636606547473495f,4.3134029051394664f,-0.35675841981407785f,0.14493063753232582f,-0.9228859843969005f,2.6466838013799774f,0f,0f,0f,1f], start_interpolation: 0, interpolation_duration: 1 }
$data merge entity $(bone_crest_left4) { transformation: [-0.5486590650372005f,-0.8320716229926802f,0.08142508558688559f,-0.4777945223900876f,-0.7561062493090949f,0.5353988462023432f,0.37636606547473495f,4.051977687267229f,-0.35675841981407785f,0.14493063753232582f,-0.9228859843969005f,2.5759168885223964f,0f,0f,0f,1f], start_interpolation: 0, interpolation_duration: 1 }
$data merge entity $(bone_crest_left1) { transformation: [-0.5486590650372005f,-0.8320716229926802f,0.08142508558688559f,-0.026905218752081322f,-0.7561062493090949f,0.5353988462023432f,0.37636606547473495f,3.782787196898526f,-0.35675841981407785f,0.14493063753232582f,-0.9228859843969005f,2.4530104921721776f,0f,0f,0f,1f], start_interpolation: 0, interpolation_duration: 1 }
$data merge entity $(bone_crest_center1) { transformation: [-0.9995163719409828f,0.01377688843627442f,-0.027878657911552442f,0.07036745643521919f,8.673617379884035e-19f,0.8965068985023167f,0.44302977432420587f,3.760900101605215f,0.031096980913505365f,0.4428155126943628f,-0.8960733226110987f,2.4391628904068012f,0f,0f,0f,1f], start_interpolation: 0, interpolation_duration: 1 }
$data merge entity $(bone_crest_right5) { transformation: [-0.525420445323056f,0.8394718106998843f,-0.13863778228455215f,1.0358687702491909f,0.7561062493090949f,0.5353988462023432f,0.37636606547473495f,4.3134029051394664f,0.390175211145268f,0.09292553215051814f,-0.9160393823860898f,2.586950318045857f,0f,0f,0f,1f], start_interpolation: 0, interpolation_duration: 1 }
$data merge entity $(bone_crest_right4) { transformation: [-0.525420445323056f,0.8394718106998843f,-0.13863778228455215f,0.625970425180888f,0.7561062493090949f,0.5353988462023432f,0.37636606547473495f,4.051977687267229f,0.390175211145268f,0.09292553215051814f,-0.9160393823860898f,2.541576523050487f,0f,0f,0f,1f], start_interpolation: 0, interpolation_duration: 1 }
$data merge entity $(bone_crest_right1) { transformation: [-0.525420445323056f,0.8394718106998843f,-0.13863778228455215f,0.16831282264264188f,0.7561062493090949f,0.5353988462023432f,0.37636606547473495f,3.7827871968985254f,0.390175211145268f,0.09292553215051814f,-0.9160393823860898f,2.446936863087509f,0f,0f,0f,1f], start_interpolation: 0, interpolation_duration: 1 }
$data merge entity $(bone_head1) { transformation: [-0.9995163719409828f,0.01377688843627442f,-0.027878657911552442f,0.037376663406484885f,8.673617379884035e-19f,0.8965068985023167f,0.44302977432420587f,4.14900614777498f,0.031096980913505365f,0.4428155126943628f,-0.8960733226110987f,1.3787757792832438f,0f,0f,0f,1f], start_interpolation: 0, interpolation_duration: 1 }
$data merge entity $(bone_neck10) { transformation: [-1.3014536092981546f,0.01322197328915496f,-0.03827125829642167f,0.006141799883537958f,1.1293772630057337e-18f,1.2307065564619013f,0.4251851112470111f,4.082738572599904f,0.04049086056446011f,0.4249794797969359f,-1.23011135223878f,0.374827596874032f,0f,0f,0f,1f], start_interpolation: 0, interpolation_duration: 1 }
$data merge entity $(bone_neck9) { transformation: [-0.9995163719409828f,0.01377688843627442f,-0.02787865791155244f,-0.00998712792073854f,8.673617379884035e-19f,0.8965068985023168f,0.44302977432420587f,2.9229627359112107f,0.031096980913505365f,0.4428155126943628f,-0.8960733226110987f,-0.14358695427061344f,0f,0f,0f,1f], start_interpolation: 0, interpolation_duration: 1 }
$data merge entity $(bone_neck8) { transformation: [-0.9995163719409828f,-0.008677160670685073f,-0.029861833577830302f,-0.003093541410939392f,8.673617379884035e-19f,0.9602807957753017f,-0.2790354695467109f,2.3062457559426353f,0.031096980913505365f,-0.278900520164177f,-0.9598163770379295f,0.07798608515403765f,0f,0f,0f,1f], start_interpolation: 0, interpolation_duration: 1 }
$data merge entity $(bone_neck7) { transformation: [-0.9995163719409828f,-0.017207891026391656f,-0.025901944103845692f,0.011525693592417879f,8.673617379884035e-19f,0.8329407982045137f,-0.5533621117192858f,1.6388809057147733f,0.031096980913505365f,-0.5530944902752615f,-0.832537964663002f,0.5478762256712557f,0f,0f,0f,1f], start_interpolation: 0, interpolation_duration: 1 }
$data merge entity $(bone_neck6) { transformation: [-0.9995163719409828f,-0.011556461788098915f,-0.028869887649160098f,0.02046357149503699f,8.673617379884035e-19f,0.928382331695163f,-0.371626487479367f,0.8968450958335628f,0.031096980913505365f,-0.371446758482548f,-0.9279333399500596f,0.8351566957247814f,0f,0f,0f,1f], start_interpolation: 0, interpolation_duration: 1 }
$data merge entity $(bone_neck_spine6) { transformation: [-1.1017422832311636f,-0.09177779749907772f,-0.051792419755809095f,-0.06762240733883006f,-0.039546343872820876f,-0.14412464684244994f,1.0966338725281983f,0.15641894430757386f,-0.0976816540822085f,1.0935019888304356f,0.140190486114452f,-1.2749248977418164f,0f,0f,0f,1f], start_interpolation: 0, interpolation_duration: 1 }
$data merge entity $(bone_neck_spine7) { transformation: [-0.966688001316859f,-0.25100215410309906f,0.050122118327345436f,0.4333007281946492f,0.011139165806435538f,0.15438105750362102f,0.9879485857417887f,0.6114991729784032f,-0.25571512879599634f,0.9555963623411652f,-0.14644236130703153f,-4.370720786797304f,0f,0f,0f,1f], start_interpolation: 0, interpolation_duration: 1 }
$data merge entity $(bone_tail6) { transformation: [-1.4406772599397184f,-0.014605227884350341f,0.4079583332830176f,0.938544482888146f,0.20357401048871684f,1.271380141738202f,0.7644242533641359f,-1.0020325337572384f,-0.3538374437932641f,0.790932047774158f,-1.2212370125645773f,-7.021335126492465f,0f,0f,0f,1f], start_interpolation: 0, interpolation_duration: 1 }
$data merge entity $(bone_tail5) { transformation: [-1.1901246929936804f,-0.012065188252289414f,0.33700905792944935f,0.9309243639919632f,0.1681698347515487f,1.0502705518706887f,0.6314809049529819f,-0.33870376415469755f,-0.2923004970466095f,0.6533786481612611f,-1.0088479669011727f,-6.608674927653773f,0f,0f,0f,1f], start_interpolation: 0, interpolation_duration: 1 }
$data merge entity $(bone_tail4) { transformation: [-0.9621218570727859f,-0.009753752187113968f,0.2724452173577022f,0.9271143045438718f,0.13595203483072568f,0.8490608250912515f,0.5105024578988316f,-0.007039379353427466f,-0.23630187550715376f,0.5282050545135247f,-0.8155739353474742f,-6.402344828234427f,0f,0f,0f,1f], start_interpolation: 0, interpolation_duration: 1 }
$data merge entity $(bone_segment18) { transformation: [-0.9621218570727859f,-0.07717470048575131f,0.26146815819091207f,0.8894313453223135f,0.13595203483072568f,0.695502053890344f,0.7055451348139948f,0.3325612328977171f,-0.23630187550715376f,0.7143675235054067f,-0.658665670118425f,-6.053532560897803f,0f,0f,0f,1f], start_interpolation: 0, interpolation_duration: 1 }
$data merge entity $(bone_segment17) { transformation: [-0.9715088538419409f,-0.23671281404347908f,0.01172990086639088f,0.7391741879704957f,0.008814499919879712f,0.013370766884827301f,0.9998717553686943f,0.3410485360960938f,-0.23683929466598336f,0.9714876562574168f,-0.010903313330845557f,-5.4368655915937785f,0f,0f,0f,1f], start_interpolation: 0, interpolation_duration: 1 }
$data merge entity $(bone_segment16) { transformation: [-0.9581899517597957f,-0.28557524896552705f,-0.017854789969007818f,0.5021244207627829f,0.014480679105585424f,-0.11071818568487159f,0.9937463425297682f,0.24914379211939375f,-0.2857662091276734f,0.9519392105260333f,0.11022437654108672f,-4.646681676606349f,0f,0f,0f,1f], start_interpolation: 0, interpolation_duration: 1 }
$data merge entity $(bone_segment15) { transformation: [-0.966688001316859f,-0.2554220219063711f,-0.016549889282940253f,0.24021707408144533f,0.011139165806435538f,-0.10657925903951028f,0.9942418118987582f,0.1398584190808334f,-0.25571512879599634f,0.9609372780092621f,0.10587407915536608f,-3.6613456005226332f,0f,0f,0f,1f], start_interpolation: 0, interpolation_duration: 1 }
$data merge entity $(bone_segment14) { transformation: [-0.9842748807979693f,-0.17028662016084545f,-0.046961963591177325f,0.06560677020557847f,-0.007596688922184444f,-0.2248050555658177f,0.9743741464701683f,-0.09065457734896004f,-0.17648016700910807f,0.9594087522981251f,0.21997635478885397f,-2.677576860373189f,0f,0f,0f,1f], start_interpolation: 0, interpolation_duration: 1 }
$data merge entity $(bone_segment13) { transformation: [-0.9954565570841571f,-0.07353810271525876f,-0.060484629511935555f,-0.01191258194683138f,-0.03573128481685462f,-0.3003002366279754f,0.953175242631972f,-0.4365133042439743f,-0.08825824745310132f,0.9510057388524118f,0.296308228752232f,-1.6632226593600241f,0f,0f,0f,1f], start_interpolation: 0, interpolation_duration: 1 }
$data merge entity $(bone_segment12) { transformation: [-0.999664544480198f,-0.005322351930403826f,-0.025347013219056483f,-0.018149713115273365f,-0.025793445974836682f,0.11599580752762428f,0.9929147348996072f,-0.30058071729753955f,-0.0023444943892614997f,0.9932354429871817f,-0.11609417789069126f,-0.4992748746094204f,0f,0f,0f,1f], start_interpolation: 0, interpolation_duration: 1 }
$data merge entity $(bone_segment11) { transformation: [-1.0346258988126729f,0.026891284062051973f,-0.01935381775322716f,0.0076884809641112f,0.0016630837613936242f,0.6460739624169404f,0.8087855903472434f,0.4460699782615143f,0.03308996180919056f,0.8083401238602662f,-0.6457861569429142f,0.43505957868385686f,0f,0f,0f,1f], start_interpolation: 0, interpolation_duration: 1 }
$data merge entity $(bone_segment10) { transformation: [-0.9995163719409828f,0.014803081192692353f,-0.027347596039459757f,0.021676464478551385f,8.673617379884035e-19f,0.879429296224147f,0.47602952948604077f,1.2576524035685885f,0.031096980913505365f,0.4757993082486606f,-0.8790039795405712f,0.8741413932363162f,0f,0f,0f,1f], start_interpolation: 0, interpolation_duration: 1 }