# This file was generated by Animated Java via MC-Build. It is not recommended to edit this file directly.
$data merge entity $(bone_neck_spine5) { transformation: [-1.3664341694606645f,0.009005346564617505f,-0.04447723484936479f,0.07720642093581129f,-1.1858461261560207e-18f,1.339997127162881f,0.27131044829028805f,3.7281483670387527f,0.04537973872329387f,0.27116095420382375f,-1.3392587787223678f,-0.48671448305924586f,0f,0f,0f,1f], start_interpolation: 0, interpolation_duration: 1 }
$data merge entity $(bone_neck_spine2) { transformation: [-1.3013658756768232f,0.009343621402169155f,-0.042196697826163296f,0.03415745289044436f,-1.1293772630057337e-18f,1.2712897745176828f,0.28150189369029743f,4.819251127360604f,0.04321879878408939f,0.2813467840411838f,-1.2705892843424218f,1.1591923798052115f,0f,0f,0f,1f], start_interpolation: 0, interpolation_duration: 1 }
$data merge entity $(bone_scale_neck_left1) { transformation: [-1.3785197510356f,0.3867107129337849f,0.03996922453299449f,0.7107963278328292f,0.34838010894309746f,1.1633986069884665f,0.7593381324238027f,4.060015864323821f,0.17255148246341065f,0.7405524452476792f,-1.2137823034383635f,0.9384253314862108f,0f,0f,0f,1f], start_interpolation: 0, interpolation_duration: 1 }
$data merge entity $(bone_scale_neck_right1) { transformation: [-1.3869306482529713f,-0.3367248247705952f,-0.12041257294229188f,-0.6556378416278351f,-0.34838010894309746f,1.1633986069884665f,0.7593381324238027f,4.060015864323821f,-0.0807099438245771f,0.7645779829705306f,-1.2084559699580808f,0.9838050702095047f,0f,0f,0f,1f], start_interpolation: 0, interpolation_duration: 1 }
$data merge entity $(bone_blush_right1) { transformation: [-0.9994489925198002f,0.014782209663239851f,-0.029718641096597248f,-0.5135687798690857f,-8.673617379884035e-19f,0.895354529738572f,0.4453540906701324f,3.420947899474611f,0.03319203746618066f,0.44510869723483565f,-0.894861182695255f,2.0252869520686f,0f,0f,0f,1f], start_interpolation: 0, interpolation_duration: 1 }
$data merge entity $(bone_blush_left1) { transformation: [-0.9994489925198002f,0.014782209663239851f,-0.029718641096597248f,0.6381400201049029f,-8.673617379884035e-19f,0.895354529738572f,0.4453540906701324f,3.420947899474611f,0.03319203746618066f,0.44510869723483565f,-0.894861182695255f,1.9870383151446807f,0f,0f,0f,1f], start_interpolation: 0, interpolation_duration: 1 }
$data merge entity $(bone_left_head_scales) { transformation: [-0.8727995422605389f,0.014782209663239851f,-0.48785494289518677f,0.647125764072183f,-0.20564163376548317f,0.895354529738572f,0.3950339030246434f,4.141508813600215f,0.442642606955156f,0.44510869723483565f,-0.7784251859709129f,1.9633931187429638f,0f,0f,0f,1f], start_interpolation: 0, interpolation_duration: 1 }
$data merge entity $(bone_left_head_scales2) { transformation: [-0.8016547731317856f,0.014782209663239851f,-0.5976044770519188f,0.6399304793396613f,-0.2554446122409352f,0.895354529738572f,0.36481271380490393f,3.376775671616448f,0.5404606135437654f,0.44510869723483565f,-0.7139891965946009f,1.7467351300871237f,0f,0f,0f,1f], start_interpolation: 0, interpolation_duration: 1 }
$data merge entity $(bone_left_head_scales1) { transformation: [-0.9994489925198002f,0.014782209663239851f,-0.029718641096597248f,0.6456821889097573f,-8.673617379884035e-19f,0.895354529738572f,0.4453540906701324f,4.0540718478054325f,0.03319203746618066f,0.44510869723483565f,-0.894861182695255f,1.9199254725286243f,0f,0f,0f,1f], start_interpolation: 0, interpolation_duration: 1 }
$data merge entity $(bone_right_head_scales) { transformation: [-0.9002446248877057f,0.014782209663239851f,0.4351334296951523f,-0.5241035240369578f,0.20564163376548317f,0.895354529738572f,0.3950339030246434f,4.141508813600215f,-0.3837592133396367f,0.44510869723483565f,-0.8090779405118212f,2.002290037648644f,0f,0f,0f,1f], start_interpolation: 0, interpolation_duration: 1 }
$data merge entity $(bone_right_head_scales2) { transformation: [-0.8357465976385496f,0.014782209663239851f,0.5489163058363818f,-0.5312988087694795f,0.2554446122409352f,0.895354529738572f,0.36481271380490393f,3.376775671616448f,-0.486081962854688f,0.44510869723483565f,-0.7520655377247655f,1.7856320489928041f,0f,0f,0f,1f], start_interpolation: 0, interpolation_duration: 1 }
$data merge entity $(bone_right_head_scales1) { transformation: [-0.9994489925198002f,0.014782209663239851f,-0.029718641096597248f,-0.5255470991993836f,-8.673617379884035e-19f,0.895354529738572f,0.4453540906701324f,4.0540718478054325f,0.03319203746618066f,0.44510869723483565f,-0.894861182695255f,1.9588223914343048f,0f,0f,0f,1f], start_interpolation: 0, interpolation_duration: 1 }
$data merge entity $(bone_head_left_fin1) { transformation: [-0.6697142715896478f,0.024777242956529076f,-0.7422054181024422f,0.6380921376737343f,-0.07406468245453035f,0.9922315637253495f,0.09995472355050158f,3.7588020745128894f,0.7389162450792762f,0.12191231348235826f,-0.6626765203169053f,1.6913806274360017f,0f,0f,0f,1f], start_interpolation: 0, interpolation_duration: 1 }
$data merge entity $(bone_head_right_fin1) { transformation: [-0.7172638511731937f,-0.016634071386965606f,0.6966030975162918f,-0.5331371504354065f,0.07406468245453035f,0.9922315637253495f,0.09995472355050158f,3.7588020745128894f,-0.6928542347515154f,0.12328759717117127f,-0.7104598354380426f,1.7302775463416822f,0f,0f,0f,1f], start_interpolation: 0, interpolation_duration: 1 }
$data merge entity $(bone_right_whisker16) { transformation: [0.2535860798421186f,0.9096513476370863f,-0.32898104178256043f,-0.9886677650560018f,0.9518419594357088f,-0.2952386120943989f,-0.08265014329184925f,1.3794473586948415f,-0.1723107204090813f,-0.2921790335917438f,-0.9407127233972641f,1.8193877308695066f,0f,0f,0f,1f], start_interpolation: 0, interpolation_duration: 1 }
$data merge entity $(bone_right_whisker15) { transformation: [-0.8687695288547492f,0.3701499424303044f,-0.32898104178256043f,-0.7341454421493371f,0.4169531114005431f,0.9051624476894977f,-0.08265014329184925f,1.2572931268392136f,0.267188339242009f,-0.20897359501046778f,-0.9407127233972641f,1.7411098971071992f,0f,0f,0f,1f], start_interpolation: 0, interpolation_duration: 1 }
$data merge entity $(bone_right_whisker14) { transformation: [-0.7026276433336329f,-0.6309404638879057f,-0.32898104178256043f,-0.5282974997664368f,-0.6441437757066725f,0.7604260319269641f,-0.08265014329184925f,1.4460071236282777f,0.3023130679308723f,0.15383881498739416f,-0.9407127233972641f,1.6525416154868264f,0f,0f,0f,1f], start_interpolation: 0, interpolation_duration: 1 }
$data merge entity $(bone_right_whisker13) { transformation: [-0.09764715916237358f,-0.989931720242622f,-0.10247058878039521f,-0.49968993360558517f,-0.9896738966401297f,0.0857309108925392f,0.11487292643036967f,1.7359506480345657f,-0.10493145675468218f,0.11262948181989602f,-0.9880809628812415f,1.6832832532079247f,0f,0f,0f,1f], start_interpolation: 0, interpolation_duration: 1 }
$data merge entity $(bone_right_whisker12) { transformation: [0.05617387253572173f,-0.995298043345267f,-0.07890691324227186f,-0.5216328525648515f,-0.941937391897647f,-0.0790355279482284f,0.3263546155135594f,2.103894941744584f,-0.33105655980421084f,0.05599276948881627f,-0.941948174782229f,1.8126022218814446f,0f,0f,0f,1f], start_interpolation: 0, interpolation_duration: 1 }
$data merge entity $(bone_right_whisker11) { transformation: [0.2908913051994701f,-0.9549743466639105f,-0.05836305143826908f,-0.6352622686583945f,-0.9557514471292982f,-0.2928394668222336f,0.028003892256650093f,2.477235350779466f,-0.043834003577142594f,0.04763448210180495f,-0.9979025685132248f,1.829724879528766f,0f,0f,0f,1f], start_interpolation: 0, interpolation_duration: 1 }
$data merge entity $(bone_right_whisker10) { transformation: [0.0777247199283889f,-0.9954667930552471f,0.054815434289580786f,-0.6656234873804214f,-0.9730084091160054f,-0.08772459401554238f,-0.21344561694808412f,2.8573167605904057f,0.21728668551384678f,-0.03674587771587595f,-0.9754159301391874f,1.7448472679999196f,0f,0f,0f,1f], start_interpolation: 0, interpolation_duration: 1 }
$data merge entity $(bone_right_whisker1) { transformation: [-0.34204267875737066f,-0.9393821528629037f,0.023832263659553966f,-0.5320130659908235f,-0.9383876022409358f,0.34279274558705025f,0.0438388130929549f,3.223874417715771f,-0.04935092571562766f,-0.0073691556876046005f,-0.9987543149721366f,1.7641249733575868f,0f,0f,0f,1f], start_interpolation: 0, interpolation_duration: 1 }
$data merge entity $(bone_left_whisker16) { transformation: [0.26445970748956193f,-0.9270323487058392f,0.26584222307126254f,1.0985312634802198f,-0.9518419594357088f,-0.2952386120943989f,-0.08265014329184925f,1.3794473586948415f,0.15510624543236595f,-0.23118214978996252f,-0.9604670042465618f,1.750071148559602f,0f,0f,0f,1f], start_interpolation: 0, interpolation_duration: 1 }
$data merge entity $(bone_left_whisker15) { transformation: [-0.8845825398374574f,-0.3831992205723312f,0.26584222307126254f,0.8393762225122148f,-0.4169531114005431f,0.9051624476894977f,-0.08265014329184925f,1.2572931268392136f,-0.2089589268447734f,-0.18395461572223362f,-0.9604670042465618f,1.6888527129605473f,0f,0f,0f,1f], start_interpolation: 0, interpolation_duration: 1 }
$data merge entity $(bone_left_whisker14) { transformation: [-0.7211371729433577f,0.6397570556326759f,0.26584222307126254f,0.6281055663764654f,0.6441437757066725f,0.7604260319269641f,-0.08265014329184925f,1.4460071236282777f,-0.255029359128735f,0.11163852263453115f,-0.9604670042465618f,1.6141370804033006f,0f,0f,0f,1f], start_interpolation: 0, interpolation_duration: 1 }
$data merge entity $(bone_left_whisker13) { transformation: [-0.0904700617027057f,0.9952231664023148f,0.03668810422547085f,0.6016006654870009f,0.9896738966401297f,0.0857309108925392f,0.11487292643036967f,1.7359506480345657f,0.1111788929817629f,0.046701819811286835f,-0.992702469918184f,1.6467090217065514f,0f,0f,0f,1f], start_interpolation: 0, interpolation_duration: 1 }
$data merge entity $(bone_left_whisker12) { transformation: [0.07801487179540714f,0.9968199611360634f,0.016237144436237173f,0.6320752247820818f,0.941937391897647f,-0.0790355279482284f,0.3263546155135594f,2.103894941744584f,0.32660010643569104f,-0.010166140006995145f,-0.9451079409641804f,1.7742871882829931f,0f,0f,0f,1f], start_interpolation: 0, interpolation_duration: 1 }
$data merge entity $(bone_left_whisker11) { transformation: [0.29315862510621443f,0.9560305631576647f,-0.007973884515874607f,0.7465903127141968f,0.9557514471292982f,-0.2928394668222336f,0.028003892256650093f,2.477235350779466f,0.02443750879460127f,-0.015830634216871295f,-0.9995760097082186f,1.7838330901558843f,0f,0f,0f,1f], start_interpolation: 0, interpolation_duration: 1 }
$data merge entity $(bone_left_whisker10) { transformation: [0.0631370318418721f,0.9908353619194774f,-0.11941105803105788f,0.7712532157774281f,0.9730084091160054f,-0.08772459401554238f,-0.21344561694808412f,2.8573167605904057f,-0.2219647517056217f,-0.10271164089189946f,-0.9696298096828266f,1.6971281090208759f,0f,0f,0f,1f], start_interpolation: 0, interpolation_duration: 1 }
$data merge entity $(bone_left_whisker1) { transformation: [-0.3380147037673236f,0.9368233718676587f,-0.0900445998358534f,0.6392162221183173f,0.9383876022409358f,0.34279274558705025f,0.0438388130929549f,3.223874417715771f,0.07193586030343774f,-0.06967857271358478f,-0.9949724260033548f,1.7252280544519063f,0f,0f,0f,1f], start_interpolation: 0, interpolation_duration: 1 }
$data merge entity $(bone_upper_left_tooth1) { transformation: [-0.9994489925198002f,0.012135808654375095f,-0.030893907157572918f,0.3513796196407386f,-8.673617379884035e-19f,0.9307626019960568f,0.365624094837211f,3.2031675492631577f,0.03319203746618066f,0.3654226332260145f,-0.9302497448400666f,2.6201753041869726f,0f,0f,0f,1f], start_interpolation: 0, interpolation_duration: 1 }
$data merge entity $(bone_upper_right_tooth1) { transformation: [-0.9994489925198002f,0.012135808654375095f,-0.030893907157572918f,-0.23423502441383182f,-8.673617379884035e-19f,0.9307626019960568f,0.365624094837211f,3.2031675492631577f,0.03319203746618066f,0.3654226332260145f,-0.9302497448400666f,2.639623763639813f,0f,0f,0f,1f], start_interpolation: 0, interpolation_duration: 1 }
$data merge entity $(bone_top_lip1) { transformation: [-0.9994489925198002f,-0.003141103732032446f,-0.03304307519739881f,0.08427687143049817f,-8.673617379884035e-19f,0.9955121083201467f,-0.0946342548339465f,3.303151813149453f,0.03319203746618066f,-0.09458211065164979f,-0.9949635737018327f,2.6683435554922554f,0f,0f,0f,1f], start_interpolation: 0, interpolation_duration: 1 }
$data merge entity $(bone_muzzle1) { transformation: [-0.9994489925198002f,0.012135808654375095f,-0.030893907157572918f,0.07096966217207025f,-8.673617379884035e-19f,0.9307626019960568f,0.365624094837211f,3.6180213812334507f,0.03319203746618066f,0.3654226332260145f,-0.9302497448400666f,2.2676487533085337f,0f,0f,0f,1f], start_interpolation: 0, interpolation_duration: 1 }
$data merge entity $(bone_jaw_right_tooth1) { transformation: [-0.9994489925198002f,-0.005091977195794323f,-0.032799132906128035f,-0.23498380205000174f,-8.673617379884035e-19f,0.9881626862932729f,-0.15340960014830454f,3.0071173331897256f,0.03319203746618066f,-0.15332507031108825f,-0.9876182012614707f,2.617077240099223f,0f,0f,0f,1f], start_interpolation: 0, interpolation_duration: 1 }
$data merge entity $(bone_jaw_left_tooth1) { transformation: [-0.9994489925198002f,-0.005091977195794323f,-0.032799132906128035f,0.39943206234244955f,-8.673617379884035e-19f,0.9881626862932729f,-0.15340960014830454f,3.0071173331897256f,0.03319203746618066f,-0.15332507031108825f,-0.9876182012614707f,2.5960080756919792f,0f,0f,0f,1f], start_interpolation: 0, interpolation_duration: 1 }
$data merge entity $(bone_tongue1) { transformation: [-0.9994489925198002f,0.011293072183262297f,-0.0312118226289329f,0.060635740800028606f,-8.673617379884035e-19f,0.9403406663641724f,0.3402343768371798f,3.2408381855133435f,0.03319203746618066f,0.3400469051505214f,-0.9398225316230695f,1.9564829408877304f,0f,0f,0f,1f], start_interpolation: 0, interpolation_duration: 1 }
$data merge entity $(bone_jaw_lips1) { transformation: [-0.9994489925198002f,0.011293072183262297f,-0.0312118226289329f,0.13255293615339214f,-8.673617379884035e-19f,0.9403406663641724f,0.3402343768371798f,2.869425707786185f,0.03319203746618066f,0.3400469051505214f,-0.9398225316230695f,2.6509098336102364f,0f,0f,0f,1f], start_interpolation: 0, interpolation_duration: 1 }
$data merge entity $(bone_jaw3) { transformation: [-0.9994489925198002f,0.000680891037624972f,-0.03318505293880398f,0.10657724338312831f,-8.673617379884035e-19f,0.999789572201351f,0.020513686100732287f,2.8122249373104244f,0.03319203746618066f,0.0205023829062444f,-0.9992386806684421f,1.8687529685580058f,0f,0f,0f,1f], start_interpolation: 0, interpolation_duration: 1 }
$data merge entity $(bone_jaw1) { transformation: [-0.9994489925198002f,0.023946838637016625f,-0.022983913297109096f,0.08862106111976183f,-8.673617379884035e-19f,0.6924526197142127f,0.7214633528121328f,3.375868181694903f,0.03319203746618066f,0.7210658211080432f,-0.692071073141066f,1.328072442666548f,0f,0f,0f,1f], start_interpolation: 0, interpolation_duration: 1 }
$data merge entity $(bone_tear_right1) { transformation: [-0.9994489925198002f,0.014782209663239851f,-0.029718641096597248f,-0.45710305652258404f,-8.673617379884035e-19f,0.895354529738572f,0.4453540906701324f,3.687834830381045f,0.03319203746618066f,0.44510869723483565f,-0.894861182695255f,2.2544529174997097f,0f,0f,0f,1f], start_interpolation: 0, interpolation_duration: 1 }
$data merge entity $(bone_right_pupil1) { transformation: [-0.9994489925198002f,0.014782209663239851f,-0.029718641096597248f,-0.29287443994620777f,-8.673617379884035e-19f,0.895354529738572f,0.4453540906701324f,3.7491768299256245f,0.03319203746618066f,0.44510869723483565f,-0.894861182695255f,2.3450055201605795f,0f,0f,0f,1f], start_interpolation: 0, interpolation_duration: 1 }
$data merge entity $(bone_right_sad_pupil1) { transformation: [-0.9994489925198002f,0.014782209663239851f,-0.029718641096597248f,-0.29316466105066674f,-8.673617379884035e-19f,0.895354529738572f,0.4453540906701324f,3.753525990967325f,0.03319203746618066f,0.44510869723483565f,-0.894861182695255f,2.3362666414233213f,0f,0f,0f,1f], start_interpolation: 0, interpolation_duration: 1 }
$data merge entity $(bone_right_happy_pupil1) { transformation: [-0.9994489925198002f,0.014782209663239851f,-0.029718641096597248f,-0.317925848062963f,-8.673617379884035e-19f,0.895354529738572f,0.4453540906701324f,3.73166702931692f,0.03319203746618066f,0.44510869723483565f,-0.894861182695255f,2.3262102110708947f,0f,0f,0f,1f], start_interpolation: 0, interpolation_duration: 1 }
$data merge entity $(bone_eyelid_right1) { transformation: [-0.9994489925198002f,0.014782209663239851f,-0.029718641096597248f,0.06737220507466536f,-8.673617379884035e-19f,0.895354529738572f,0.4453540906701324f,3.927265560154959f,0.03319203746618066f,0.44510869723483565f,-0.894861182695255f,1.8651094429318167f,0f,0f,0f,1f], start_interpolation: 0, interpolation_duration: 1 }
$data merge entity $(bone_eyelid_expressions_right5) { transformation: [-0.9994489925198002f,0.014782209663239851f,-0.029718641096597248f,-0.4039635803375568f,-8.673617379884035e-19f,0.895354529738572f,0.4453540906701324f,3.8409629567621075f,0.03319203746618066f,0.44510869723483565f,-0.894861182695255f,2.3834618986602765f,0f,0f,0f,1f], start_interpolation: 0, interpolation_duration: 1 }
$data merge entity $(bone_eyelid_expressions_right7) { transformation: [-0.9994489925198002f,0.014782209663239851f,-0.029718641096597248f,-0.1111562583102716f,-8.673617379884035e-19f,0.895354529738572f,0.4453540906701324f,3.8409629567621075f,0.03319203746618066f,0.44510869723483565f,-0.894861182695255f,2.373737668933857f,0f,0f,0f,1f], start_interpolation: 0, interpolation_duration: 1 }
$data merge entity $(bone_eyelid_expressions_right6) { transformation: [-0.9994489925198002f,0.014782209663239851f,-0.029718641096597248f,-0.20875869898603333f,-8.673617379884035e-19f,0.895354529738572f,0.4453540906701324f,3.8409629567621075f,0.03319203746618066f,0.44510869723483565f,-0.894861182695255f,2.3769790788426635f,0f,0f,0f,1f], start_interpolation: 0, interpolation_duration: 1 }
$data merge entity $(bone_right_eye1) { transformation: [-0.9994489925198002f,0.014782209663239851f,-0.029718641096597248f,0.05790218211154814f,-8.673617379884035e-19f,0.895354529738572f,0.4453540906701324f,3.9229163991132587f,0.03319203746618066f,0.44510869723483565f,-0.894861182695255f,1.8741724626599556f,0f,0f,0f,1f], start_interpolation: 0, interpolation_duration: 1 }
$data merge entity $(bone_tear_left1) { transformation: [-0.9994489925198002f,0.014782209663239851f,-0.029718641096597248f,0.5970033027756427f,-8.673617379884035e-19f,0.895354529738572f,0.4453540906701324f,3.687834830381045f,0.03319203746618066f,0.44510869723483565f,-0.894861182695255f,2.219445690484597f,0f,0f,0f,1f], start_interpolation: 0, interpolation_duration: 1 }
$data merge entity $(bone_left_sad_pupil1) { transformation: [-0.9994489925198002f,0.014782209663239851f,-0.029718641096597248f,0.4388536440175463f,-8.673617379884035e-19f,0.895354529738572f,0.4453540906701324f,3.753525990967325f,0.03319203746618066f,0.44510869723483565f,-0.894861182695255f,2.311956067107271f,0f,0f,0f,1f], start_interpolation: 0, interpolation_duration: 1 }
$data merge entity $(bone_left_pupil1) { transformation: [-0.9994489925198002f,0.014782209663239851f,-0.029718641096597248f,0.43914386512200526f,-8.673617379884035e-19f,0.895354529738572f,0.4453540906701324f,3.7491768299256245f,0.03319203746618066f,0.44510869723483565f,-0.894861182695255f,2.3206949458445294f,0f,0f,0f,1f], start_interpolation: 0, interpolation_duration: 1 }
$data merge entity $(bone_eyelid_left1) { transformation: [-0.9994489925198002f,0.014782209663239851f,-0.029718641096597248f,0.04785171693951301f,-8.673617379884035e-19f,0.895354529738572f,0.4453540906701324f,3.927265560154959f,0.03319203746618066f,0.44510869723483565f,-0.894861182695255f,1.865757724913578f,0f,0f,0f,1f], start_interpolation: 0, interpolation_duration: 1 }
$data merge entity $(bone_left_happy_pupil1) { transformation: [-0.9994489925198002f,0.014782209663239851f,-0.029718641096597248f,0.4628936773431309f,-8.673617379884035e-19f,0.895354529738572f,0.4453540906701324f,3.73166702931692f,0.03319203746618066f,0.44510869723483565f,-0.894861182695255f,2.300278931800441f,0f,0f,0f,1f], start_interpolation: 0, interpolation_duration: 1 }
$data merge entity $(bone_eyelid_expressions_left5) { transformation: [-0.9994489925198002f,0.014782209663239851f,-0.029718641096597248f,0.5525403382849082f,-8.673617379884035e-19f,0.895354529738572f,0.4453540906701324f,3.8409629567621075f,0.03319203746618066f,0.44510869723483565f,-0.894861182695255f,2.351696081553971f,0f,0f,0f,1f], start_interpolation: 0, interpolation_duration: 1 }
$data merge entity $(bone_eyelid_expressions_left7) { transformation: [-0.9994489925198002f,0.014782209663239851f,-0.029718641096597248f,0.2597330162576231f,-8.673617379884035e-19f,0.895354529738572f,0.4453540906701324f,3.8409629567621075f,0.03319203746618066f,0.44510869723483565f,-0.894861182695255f,2.361420311280391f,0f,0f,0f,1f], start_interpolation: 0, interpolation_duration: 1 }
$data merge entity $(bone_eyelid_expressions_left6) { transformation: [-0.9994489925198002f,0.014782209663239851f,-0.029718641096597248f,0.3573354569333848f,-8.673617379884035e-19f,0.895354529738572f,0.4453540906701324f,3.8409629567621075f,0.03319203746618066f,0.44510869723483565f,-0.894861182695255f,2.3581789013715846f,0f,0f,0f,1f], start_interpolation: 0, interpolation_duration: 1 }
$data merge entity $(bone_left_eye1) { transformation: [-0.9994489925198002f,0.014782209663239851f,-0.029718641096597248f,0.05790218211154814f,-8.673617379884035e-19f,0.895354529738572f,0.4453540906701324f,3.9229163991132587f,0.03319203746618066f,0.44510869723483565f,-0.894861182695255f,1.8741724626599556f,0f,0f,0f,1f], start_interpolation: 0, interpolation_duration: 1 }
$data merge entity $(bone_crest_middle5) { transformation: [-0.9994489925198002f,0.007999521064918216f,-0.03221364639230198f,0.08803449611536537f,-8.673617379884035e-19f,0.9705233197909118f,0.24100723172143085f,4.817153022880205f,0.03319203746618066f,0.2408744349339702f,-0.9699885541819985f,2.7814897945378276f,0f,0f,0f,1f], start_interpolation: 0, interpolation_duration: 1 }
$data merge entity $(bone_crest_middle4) { transformation: [-0.9994489925198002f,0.007999521064918216f,-0.03221364639230198f,0.08334727674138985f,-8.673617379884035e-19f,0.9705233197909118f,0.24100723172143085f,4.248487015190217f,0.03319203746618066f,0.2408744349339702f,-0.9699885541819985f,2.6403524303187043f,0f,0f,0f,1f], start_interpolation: 0, interpolation_duration: 1 }
$data merge entity $(bone_crest_middle1) { transformation: [-0.9994489925198002f,0.007999521064918216f,-0.03221364639230198f,0.0821912702067964f,-8.673617379884035e-19f,0.9705233197909118f,0.24100723172143085f,3.8043355372533694f,0.03319203746618066f,0.2408744349339702f,-0.9699885541819985f,2.605543793834037f,0f,0f,0f,1f], start_interpolation: 0, interpolation_duration: 1 }
$data merge entity $(bone_crest_left5) { transformation: [-0.5494707414237053f,-0.8317199103599928f,0.07952292141294255f,-0.8775641709903438f,-0.7551343513513307f,0.5350883601410203f,0.3787513145202254f,4.2795845739119285f,-0.3575667989739661f,0.14806227592590615f,-0.922075672989561f,2.6420591388893833f,0f,0f,0f,1f], start_interpolation: 0, interpolation_duration: 1 }
$data merge entity $(bone_crest_left4) { transformation: [-0.5494707414237053f,-0.8317199103599928f,0.07952292141294255f,-0.47145093350987854f,-0.7551343513513307f,0.5350883601410203f,0.3787513145202254f,4.018310960561821f,-0.3575667989739661f,0.14806227592590615f,-0.922075672989561f,2.569763105722437f,0f,0f,0f,1f], start_interpolation: 0, interpolation_duration: 1 }
$data merge entity $(bone_crest_left1) { transformation: [-0.5494707414237053f,-0.8317199103599928f,0.07952292141294255f,-0.02084341713425039f,-0.7551343513513307f,0.5350883601410203f,0.3787513145202254f,3.7494037024060107f,-0.3575667989739661f,0.14806227592590615f,-0.922075672989561f,2.4452142430186026f,0f,0f,0f,1f], start_interpolation: 0, interpolation_duration: 1 }
$data merge entity $(bone_crest_center1) { transformation: [-0.9994489925198002f,0.014782209663239851f,-0.029718641096597248f,0.07639813437034543f,-8.673617379884035e-19f,0.895354529738572f,0.4453540906701324f,3.7275447407556057f,0.03319203746618066f,0.44510869723483565f,-0.894861182695255f,2.431106060652679f,0f,0f,0f,1f], start_interpolation: 0, interpolation_duration: 1 }
$data merge entity $(bone_crest_right5) { transformation: [-0.5245363630633272f,0.8397108412072907f,-0.14052511157526845f,1.0422546662157288f,0.7551343513513307f,0.5350883601410203f,0.3787513145202254f,4.2795845739119285f,0.39323493643559f,0.09255349804592979f,-0.9147678037436381f,2.5783013090754117f,0f,0f,0f,1f], start_interpolation: 0, interpolation_duration: 1 }
$data merge entity $(bone_crest_right4) { transformation: [-0.5245363630633272f,0.8397108412072907f,-0.14052511157526845f,0.6322396070324814f,0.7551343513513307f,0.5350883601410203f,0.3787513145202254f,4.018310960561821f,0.39323493643559f,0.09255349804592979f,-0.9147678037436381f,2.5331091713576726f,0f,0f,0f,1f], start_interpolation: 0, interpolation_duration: 1 }
$data merge entity $(bone_crest_right1) { transformation: [-0.5245363630633272f,0.8397108412072907f,-0.14052511157526845f,0.17436146421727308f,0.7551343513513307f,0.5350883601410203f,0.3787513145202254f,3.7494037024060107f,0.39323493643559f,0.09255349804592979f,-0.9147678037436381f,2.4387314232009896f,0f,0f,0f,1f], start_interpolation: 0, interpolation_duration: 1 }
$data merge entity $(bone_head1) { transformation: [-0.9994489925198002f,0.014782209663239851f,-0.029718641096597248f,0.041218233785092595f,-8.673617379884035e-19f,0.895354529738572f,0.4453540906701324f,4.118401773509396f,0.03319203746618066f,0.44510869723483565f,-0.894861182695255f,1.3718003090035766f,0f,0f,0f,1f], start_interpolation: 0, interpolation_duration: 1 }
$data merge entity $(bone_neck10) { transformation: [-1.3013658756768232f,0.01477145971731219f,-0.040616111903522115f,0.007847816138639425f,-1.1293772630057337e-18f,1.2236703439764984f,0.4450302194423231f,4.0683847016691015f,0.04321879878408939f,0.4447850044624956f,-1.2229960924636685f,0.36698009178446417f,0f,0f,0f,1f], start_interpolation: 0, interpolation_duration: 1 }
$data merge entity $(bone_neck9) { transformation: [-0.9994489925198002f,0.014782209663239853f,-0.02971864109659725f,-0.009467555450600762f,-8.673617379884035e-19f,0.8953545297385721f,0.4453540906701325f,2.9099583411284264f,0.03319203746618066f,0.4451086972348357f,-0.8948611826952553f,-0.15440491531565675f,0f,0f,0f,1f], start_interpolation: 0, interpolation_duration: 1 }
$data merge entity $(bone_neck8) { transformation: [-0.9994489925198002f,-0.009179034735823063f,-0.03189759665672156f,-0.0021626665896539807f,-8.673617379884035e-19f,0.9610014657648538f,-0.2765432747289338f,2.292668331615346f,0.03319203746618066f,-0.27639089731595917f,-0.9604719467687344f,0.06555337498156333f,0f,0f,0f,1f], start_interpolation: 0, interpolation_duration: 1 }
$data merge entity $(bone_neck7) { transformation: [-0.9994489925198002f,-0.01814476193469753f,-0.02779350581501895f,0.013263229032802934f,-8.673617379884035e-19f,0.8373546168516389f,-0.5466600823521367f,1.621552355423205f,0.03319203746618066f,-0.546358868557634f,-0.8368932281941739f,0.5300441690248313f,0f,0f,0f,1f], start_interpolation: 0, interpolation_duration: 1 }
$data merge entity $(bone_neck6) { transformation: [-0.9994489925198002f,-0.01202253438771229f,-0.030938164426038854f,0.02255350415435914f,-8.673617379884035e-19f,0.9320959720403342f,-0.36221140085064196f,0.8766456106782763f,0.03319203746618066f,-0.36201181965935963f,-0.931582380187476f,0.8097846375010962f,0f,0f,0f,1f], start_interpolation: 0, interpolation_duration: 1 }
$data merge entity $(bone_neck_spine6) { transformation: [-1.1027651235341454f,-0.08425349251764756f,-0.04185819910914773f,-0.07935103934395667f,-0.030473177920600246f,-0.1459898916661177f,1.0966768049321076f,0.14860116282372193f,-0.08900643382083005f,1.0938601272773663f,0.14314172769882438f,-1.3070117035023063f,0f,0f,0f,1f], start_interpolation: 0, interpolation_duration: 1 }
$data merge entity $(bone_neck_spine7) { transformation: [-0.963689998704257f,-0.25972992704118114f,0.06198347680286789f,0.42127619307280734f,0.024595195420657964f,0.1448009001025809f,0.9891550817195969f,0.6168764479638831f,-0.26588844043998716f,0.9547633551454863f,-0.1331550709200601f,-4.395168589324727f,0f,0f,0f,1f], start_interpolation: 0, interpolation_duration: 1 }
$data merge entity $(bone_tail6) { transformation: [-1.4269692443157465f,-0.1414425367908267f,0.4312158000898746f,1.1291593195879943f,0.13175832278167202f,1.2324016772302697f,0.8402500413697144f,-0.899495939920836f,-0.4342727274866979f,0.8386741896769108f,-1.161992720895906f,-7.0775389012417f,0f,0f,0f,1f], start_interpolation: 0, interpolation_duration: 1 }
$data merge entity $(bone_tail5) { transformation: [-1.178800680086921f,-0.11684383474024813f,0.35622174790033123f,1.0553632134362585f,0.10884383186312037f,1.0180709507554404f,0.6941195993923728f,-0.25650376049634677f,-0.3587470357498809f,0.6928178088635351f,-0.9599070303053137f,-6.639969758801572f,0f,0f,0f,1f], start_interpolation: 0, interpolation_duration: 1 }
$data merge entity $(bone_tail4) { transformation: [-0.9529672866386898f,-0.09445901587422165f,0.2879771604078467f,1.0184651603603907f,0.08799164512723835f,0.8230299896633454f,0.5611408971929919f,0.06499232921589754f,-0.2900186562693774f,0.560088502323363f,-0.7760090518678746f,-6.421185187581508f,0f,0f,0f,1f], start_interpolation: 0, interpolation_duration: 1 }
$data merge entity $(bone_segment18) { transformation: [-0.9529672866386898f,-0.1638554897040463f,0.2549602500201557f,0.9384575970283368f,0.08799164512723835f,0.6554298590202597f,0.750112771716683f,0.38502644006563375f,-0.2900186562693774f,0.7372673045772004f,-0.6101853002303276f,-6.061191386518422f,0f,0f,0f,1f], start_interpolation: 0, interpolation_duration: 1 }
$data merge entity $(bone_segment17) { transformation: [-0.9558305624204839f,-0.2933573584259684f,0.018149275475317785f,0.7522444300587279f,0.02739941009679439f,-0.027453121230812547f,0.9992475161145181f,0.36760014240935623f,-0.29263835748119f,0.9556085947667198f,0.03427835087467104f,-5.454603899605953f,0f,0f,0f,1f], start_interpolation: 0, interpolation_duration: 1 }
$data merge entity $(bone_segment16) { transformation: [-0.9484170696182208f,-0.31675322734705863f,-0.013132213142089785f,0.4893145050147827f,0.030633760555389373f,-0.13279508245611213f,0.9906699948972462f,0.2573698493549663f,-0.31554181144663185f,0.9391660444461871f,0.13564846548443282f,-4.6750227103683955f,0f,0f,0f,1f], start_interpolation: 0, interpolation_duration: 1 }
$data merge entity $(bone_segment15) { transformation: [-0.963689998704257f,-0.2669223486675048f,-0.007351610654266406f,0.215614831088142f,0.024595195420657964f,-0.1161452446299856f,0.9929276703325679f,0.1382756043730475f,-0.26588844043998716f,0.9566936510355153f,0.11849301797459508f,-3.6940380095995566f,0f,0f,0f,1f], start_interpolation: 0, interpolation_duration: 1 }
$data merge entity $(bone_segment14) { transformation: [-0.9846420738808542f,-0.17053271972026468f,-0.03739756473916047f,0.04075217903123003f,0.00262752523645881f,-0.22865885215678544f,0.9735030690457392f,-0.09618903895178121f,-0.17456541024711003f,0.958453817789439f,0.2255952054235802f,-2.711248450342808f,0f,0f,0f,1f], start_interpolation: 0, interpolation_duration: 1 }
$data merge entity $(bone_segment13) { transformation: [-0.9963807233814393f,-0.06840159712738997f,-0.05046459733616751f,-0.03149406906974256f,-0.02753341252120116f,-0.30196667257096177f,0.952920794112165f,-0.44383167053987493f,-0.08041993079340878f,0.9508613727388677f,0.2989904422625241f,-1.6971148130057638f,0f,0f,0f,1f], start_interpolation: 0, interpolation_duration: 1 }
$data merge entity $(bone_segment12) { transformation: [-0.9998239299524845f,0.00409624480913473f,-0.018312014439512525f,-0.026693782184037798f,-0.017730080111879154f,0.11332265261090774f,0.9934000305337494f,-0.31103168701146744f,0.006144375769402938f,0.9935497960261939f,-0.11323007313745381f,-0.5327986457875677f,0f,0f,0f,1f], start_interpolation: 0, interpolation_duration: 1 }
$data merge entity $(bone_segment11) { transformation: [-1.0344379744964913f,0.033906943106422636f,-0.01835369289370896f,0.007849706397314526f,0.006574650199653585f,0.6406770589537701f,0.8130425216550252f,0.4294030979938047f,0.037990956929392534f,0.8123617957865744f,-0.6404478603696508f,0.40618640101044456f,0f,0f,0f,1f], start_interpolation: 0, interpolation_duration: 1 }
$data merge entity $(bone_segment10) { transformation: [-0.9994489925198002f,0.016059808198543524f,-0.029048130951617783f,0.023969252530106268f,-8.673617379884035e-19f,0.8751535961362691f,0.48384520579391516f,1.2370396881301557f,0.03319203746618066f,0.48357860346626397f,-0.8746713799584743f,0.8524143883635951f,0f,0f,0f,1f], start_interpolation: 0, interpolation_duration: 1 }