# This file was generated by Animated Java via MC-Build. It is not recommended to edit this file directly.
$data merge entity $(bone_neck_spine5) { transformation: [-1.571331279528136f,0.010973724186155198f,-0.0530733728963903f,0.09080833449489356f,0f,1.5396976225020853f,0.31835581794286116f,4.296790052181498f,0.054195991854685203f,0.31816662960712f,-1.5387826311172008f,-0.5366789352801218f,0f,0f,0f,1f], start_interpolation: 0, interpolation_duration: 1 }
$data merge entity $(bone_neck_spine2) { transformation: [-1.496505980502986f,0.012026550529461888f,-0.050194562306946904f,0.044286446292617576f,0f,1.456181207804777f,0.34889908529580377f,5.5316684104712825f,0.051615230337795415f,0.3486917461062291f,-1.4553158474635646f,1.3725305473160527f,0f,0f,0f,1f], start_interpolation: 0, interpolation_duration: 1 }
$data merge entity $(bone_scale_neck_left1) { transformation: [-1.5848051988648546f,0.44659705133052846f,0.044706109554269506f,0.821577866594719f,0.39806400125117036f,1.322771556706572f,0.8971485610051732f,4.6626094382205565f,0.20734660208575745f,0.8740031826879247f,-1.380645104323534f,1.1026346519148316f,0f,0f,0f,1f], start_interpolation: 0, interpolation_duration: 1 }
$data merge entity $(bone_scale_neck_right1) { transformation: [-1.595325107815679f,-0.3853178074480904f,-0.13972497441030543f,-0.7497534129334164f,-0.39806400125117036f,1.322771556706572f,0.8971485610051732f,4.6626094382205565f,-0.09766233725685909f,0.9026963370198978f,-1.3742839851537454f,1.1568306437695168f,0f,0f,0f,1f], start_interpolation: 0, interpolation_duration: 1 }
$data merge entity $(bone_blush_right1) { transformation: [-0.9994057330663421f,0.015478429922039433f,-0.03079933313037643f,-0.5849192962819014f,0f,0.893511329835146f,0.449040647888617f,3.9165178905970217f,0.03446999730384946f,0.4487737978797085f,-0.8929803455969765f,2.352102130833114f,0f,0f,0f,1f], start_interpolation: 0, interpolation_duration: 1 }
$data merge entity $(bone_blush_left1) { transformation: [-0.9994057330663421f,0.015478429922039433f,-0.03079933313037643f,0.7394884964632413f,0f,0.893511329835146f,0.449040647888617f,3.9165178905970217f,0.03446999730384946f,0.4487737978797085f,-0.8929803455969765f,2.3064226519841653f,0f,0f,0f,1f], start_interpolation: 0, interpolation_duration: 1 }
$data merge entity $(bone_left_head_scales) { transformation: [-0.8722621626087523f,0.015478429922039433f,-0.48879355344383474f,0.7499050596585644f,-0.20734389644873005f,0.893511329835146f,0.39830391921457065f,4.745266503709267f,0.4429076972536838f,0.4487737978797085f,-0.7761667669064827f,2.2826310697998924f,0f,0f,0f,1f], start_interpolation: 0, interpolation_duration: 1 }
$data merge entity $(bone_left_head_scales2) { transformation: [-0.8009994775765225f,0.015478429922039433f,-0.5984649155374828f,0.7411870219991051f,-0.2575591345927178f,0.893511329835146f,0.36783256468681397f,3.8668583638566103f,0.5404286531171236f,0.4487737978797085f,-0.7117154973910815f,2.0298646787512076f,0f,0f,0f,1f], start_interpolation: 0, interpolation_duration: 1 }
$data merge entity $(bone_left_head_scales1) { transformation: [-0.9994057330663421f,0.015478429922039433f,-0.03079933313037643f,0.7481667594231791f,0f,0.893511329835146f,0.449040647888617f,4.644920993034422f,0.03446999730384946f,0.4487737978797085f,-0.8929803455969765f,2.2322316686708237f,0f,0f,0f,1f], start_interpolation: 0, interpolation_duration: 1 }
$data merge entity $(bone_right_head_scales) { transformation: [-0.9007052613317827f,0.015478429922039433f,0.4341548691612171f,-0.5969503227941231f,0.20734389644873005f,0.893511329835146f,0.39830391921457065f,4.745266503709267f,-0.38175717519740665f,0.4487737978797085f,-0.8079997138130184f,2.3290847771039083f,0f,0f,0f,1f], start_interpolation: 0, interpolation_duration: 1 }
$data merge entity $(bone_right_head_scales2) { transformation: [-0.8363310210543425f,0.015478429922039433f,0.5480062421445118f,-0.6056683604535823f,0.2575591345927178f,0.893511329835146f,0.36783256468681397f,3.8668583638566103f,-0.483956315600955f,0.4487737978797085f,-0.7512578538202259f,2.0763183860552235f,0f,0f,0f,1f], start_interpolation: 0, interpolation_duration: 1 }
$data merge entity $(bone_right_head_scales1) { transformation: [-0.9994057330663421f,0.015478429922039433f,-0.03079933313037643f,-0.5986886230295083f,0f,0.893511329835146f,0.449040647888617f,4.644920993034422f,0.03446999730384946f,0.4487737978797085f,-0.8929803455969765f,2.2786853759748396f,0f,0f,0f,1f], start_interpolation: 0, interpolation_duration: 1 }
$data merge entity $(bone_head_left_fin1) { transformation: [-0.7009994614895234f,0.026282039025762118f,-0.7788351606349191f,0.7390539680597439f,-0.08072673131326137f,1.0394956013870709f,0.10773712254177678f,4.30644751496235f,0.7750858970901537f,0.13203540111179896f,-0.6931693177069884f,1.9680199876377782f,0f,0f,0f,1f], start_interpolation: 0, interpolation_duration: 1 }
$data merge entity $(bone_head_right_fin1) { transformation: [-0.7527362966664324f,-0.01712247288784692f,0.7292256760621388f,-0.6078014143929436f,0.08072673131326137f,1.0394956013870709f,0.10773712254177678f,4.30644751496235f,-0.7249458328437753f,0.13353244416361992f,-0.7451830807414435f,2.014473694941794f,0f,0f,0f,1f], start_interpolation: 0, interpolation_duration: 1 }
$data merge entity $(bone_right_whisker16) { transformation: [0.2535008195972071f,0.9092351282368343f,-0.33019511814030805f,-1.131918931042881f,0.9525089958929348f,-0.2941569532857794f,-0.07872928030066752f,1.5698623602611563f,-0.168712617212162f,-0.29455588334605637f,-0.9406236677756132f,2.1063482554118576f,0f,0f,0f,1f], start_interpolation: 0, interpolation_duration: 1 }
$data merge entity $(bone_right_whisker15) { transformation: [-0.8683679989642813f,0.37001108406516436f,-0.33019511814030805f,-0.8393535407668291f,0.4159677720618113f,0.9059649623629338f,-0.07872928030066752f,1.4297169683067374f,0.2700145014266885f,-0.20571651523309906f,-0.9406236677756132f,2.0153765728022797f,0f,0f,0f,1f], start_interpolation: 0, interpolation_duration: 1 }
$data merge entity $(bone_right_whisker14) { transformation: [-0.7023321010516649f,-0.6306352383023502f,-0.33019511814030805f,-0.6027279793773525f,-0.6452875234029783f,0.7598721685677069f,-0.07872928030066752f,1.6471234092969984f,0.30055553891552994f,0.15777668917666f,-0.9406236677756132f,1.9141151851793716f,0f,0f,0f,1f], start_interpolation: 0, interpolation_duration: 1 }
$data merge entity $(bone_right_whisker13) { transformation: [-0.09792182892494022f,-0.9897747358425127f,-0.10371734526046826f,-0.5697367381868208f,-0.9892198789079396f,0.08540164755036633f,0.1189562514920699f,1.9804054974056304f,-0.10888226023258493f,0.11424767342737199f,-0.9874675298576032f,1.950799149808514f,0f,0f,0f,1f], start_interpolation: 0, interpolation_duration: 1 }
$data merge entity $(bone_right_whisker12) { transformation: [0.05561677952440964f,-0.9952368677364034f,-0.0800646671982477f,-0.5947208383638017f,-0.9405733277754275f,-0.07912934940002547f,0.33024288204439384f,2.4029286719922482f,-0.33500535654343194f,0.05693964490371926f,-0.9404941721911129f,2.1012898373182587f,0f,0f,0f,1f], start_interpolation: 0, interpolation_duration: 1 }
$data merge entity $(bone_right_whisker11) { transformation: [0.2906992404141352f,-0.9549542654787662f,-0.059634742110243895f,-0.7253083877685891f,-0.955602555647626f,-0.2929025577665128f,0.032122379948581026f,2.8322032575370804f,-0.04814257224506385f,0.04764916051458939f,-0.9977032876761929f,2.122916383443971f,0f,0f,0f,1f], start_interpolation: 0, interpolation_duration: 1 }
$data merge entity $(bone_right_whisker10) { transformation: [0.07786419613483095f,-0.9955254087772658f,0.05353809334608957f,-0.7602864446260327f,-0.9739058642502312f,-0.08743629273063533f,-0.20943319291013354f,3.2697000324932386f,0.21317723738543742f,-0.03583371586063441f,-0.9763561902647684f,2.0271531713372313f,0f,0f,0f,1f], start_interpolation: 0, interpolation_duration: 1 }
$data merge entity $(bone_right_whisker1) { transformation: [-0.34223880583920446f,-0.9393420947728593f,0.02256166584035876f,-0.6065463560654526f,-0.9381295427520321f,0.34294870340265216f,0.04794943013533309f,3.691125413026378f,-0.05277841219304363f,-0.00475560954835319f,-0.9985949245736256f,2.0508622236895753f,0f,0f,0f,1f], start_interpolation: 0, interpolation_duration: 1 }
$data merge entity $(bone_left_whisker16) { transformation: [0.26452254500175365f,-0.9273690703693646f,0.2646024007979813f,1.2682560597758878f,-0.9525089958929348f,-0.2941569532857794f,-0.07872928030066752f,1.5698623602611563f,0.150845735534116f,-0.23121049750365605f,-0.9611385279528042f,2.023565034618788f,0f,0f,0f,1f], start_interpolation: 0, interpolation_duration: 1 }
$data merge entity $(bone_left_whisker15) { transformation: [-0.884908178859278f,-0.3833054714974732f,0.2646024007979813f,0.9701180502969319f,-0.4159677720618113f,0.9059649623629338f,-0.07872928030066752f,1.4297169683067374f,-0.20954314017378095f,-0.17973425519590802f,-0.9611385279528042f,1.9529670039938325f,0f,0f,0f,1f], start_interpolation: 0, interpolation_duration: 1 }
$data merge entity $(bone_left_whisker14) { transformation: [-0.7213710899815505f,0.6400072812326231f,0.2646024007979813f,0.727077985801195f,0.6452875234029783f,0.7598721685677069f,-0.07872928030066752f,1.6471234092969984f,-0.2514513127412149f,0.1139516011534561f,-0.9611385279528042f,1.8682495206972318f,0f,0f,0f,1f], start_interpolation: 0, interpolation_duration: 1 }
$data merge entity $(bone_left_whisker13) { transformation: [-0.09018724960549115f,0.9952942267421985f,0.035435324497539826f,0.6966926331509075f,0.9892198789079396f,0.08540164755036633f,0.1189562514920699f,1.9804054974056304f,0.11537023525137852f,0.04578166455396872f,-0.992266974160034f,1.9071193753473545f,0f,0f,0f,1f], start_interpolation: 0, interpolation_duration: 1 }
$data merge entity $(bone_left_whisker12) { transformation: [0.07856615667465496f,0.9967949112979629f,0.015075272331195468f,0.7319860238446001f,0.9405733277754275f,-0.07912934940002547f,0.33024288204439384f,2.4029286719922482f,0.33037732080582094f,-0.011766514947716168f,-0.9437755956916628f,2.0555310624280945f,0f,0f,0f,1f], start_interpolation: 0, interpolation_duration: 1 }
$data merge entity $(bone_left_whisker11) { transformation: [0.2933254102815179f,0.9559679297384888f,-0.009247756197423254f,0.8637532979945007f,0.955602555647626f,-0.2929025577665128f,0.032122379948581026f,2.8322032575370804f,0.027999273613891817f,-0.018259489733900243f,-0.9994411597046382f,2.068108861121835f,0f,0f,0f,1f], start_interpolation: 0, interpolation_duration: 1 }
$data merge entity $(bone_left_whisker10) { transformation: [0.06299145867356368f,0.9906907724796703f,-0.12068085787651192f,0.8920502423205157f,0.9739058642502312f,-0.08743629273063533f,-0.20943319291013354f,3.2697000324932386f,-0.21803541848329885f,-0.1043392928726126f,-0.9703472925966539f,1.9701632629750405f,0f,0f,0f,1f], start_interpolation: 0, interpolation_duration: 1 }
$data merge entity $(bone_left_whisker1) { transformation: [-0.337789141555825f,0.9367822215857077f,-0.09131026868827469f,0.7403090263872348f,0.9381295427520321f,0.34294870340265216f,0.04794943013533309f,3.691125413026378f,0.0762329119399377f,-0.06946406376959123f,-0.9946674253144978f,2.0044085163855594f,0f,0f,0f,1f], start_interpolation: 0, interpolation_duration: 1 }
$data merge entity $(bone_upper_left_tooth1) { transformation: [-0.9994057330663421f,0.012735191068009799f,-0.032031166425665364f,0.41060953871804984f,0f,0.9292477206572994f,0.36945726904909265f,3.663118377757742f,0.03446999730384946f,0.3692377128106973f,-0.928695499463736f,3.0339135456887614f,0f,0f,0f,1f], start_interpolation: 0, interpolation_duration: 1 }
$data merge entity $(bone_upper_right_tooth1) { transformation: [-0.9994057330663421f,0.012735191068009799f,-0.032031166425665364f,-0.2628181525082939f,0f,0.9292477206572994f,0.36945726904909265f,3.663118377757742f,0.03446999730384946f,0.3692377128106973f,-0.928695499463736f,3.0571403993407693f,0f,0f,0f,1f], start_interpolation: 0, interpolation_duration: 1 }
$data merge entity $(bone_top_lip1) { transformation: [-0.9994057330663421f,-0.002850049895359738f,-0.034351971263980596f,0.10352878321920451f,0f,0.9965759776878289f,-0.0826820457871475f,3.777913140124098f,0.03446999730384946f,-0.08263291058132899f,-0.9959837455374113f,3.0901730131037386f,0f,0f,0f,1f], start_interpolation: 0, interpolation_duration: 1 }
$data merge entity $(bone_muzzle1) { transformation: [-0.9994057330663421f,0.012735191068009799f,-0.032031166425665364f,0.08768786502044876f,0f,0.9292477206572994f,0.36945726904909265f,4.141910368167665f,0.03446999730384946f,0.3692377128106973f,-0.928695499463736f,2.6308894127797124f,0f,0f,0f,1f], start_interpolation: 0, interpolation_duration: 1 }
$data merge entity $(bone_jaw_right_tooth1) { transformation: [-0.9994057330663421f,-0.00535063119846826f,-0.034052187299869106f,-0.2636569624955378f,0f,0.9878790241757955f,-0.15522575042008258f,3.4465226738508274f,0.03446999730384946f,-0.15513350488935557f,-0.987291960337274f,3.0328203652306627f,0f,0f,0f,1f], start_interpolation: 0, interpolation_duration: 1 }
$data merge entity $(bone_jaw_left_tooth1) { transformation: [-0.9994057330663421f,-0.00535063119846826f,-0.034052187299869106f,0.46588970299966787f,0f,0.9878790241757955f,-0.15522575042008258f,3.4465226738508274f,0.03446999730384946f,-0.15513350488935557f,-0.987291960337274f,3.0076579404409873f,0f,0f,0f,1f], start_interpolation: 0, interpolation_duration: 1 }
$data merge entity $(bone_tongue1) { transformation: [-0.9994057330663421f,0.011345527273370775f,-0.03254934292757058f,0.07517247215616159f,0f,0.9442804024802058f,0.32914209923955406f,3.705942287532711f,0.03446999730384946f,0.32894650097350153f,-0.9437192478609109f,2.2680244183357074f,0f,0f,0f,1f], start_interpolation: 0, interpolation_duration: 1 }
$data merge entity $(bone_jaw_lips1) { transformation: [-0.9994057330663421f,0.011345527273370775f,-0.03254934292757058f,0.15906972150960916f,0f,0.9442804024802058f,0.32914209923955406f,3.288274839258093f,0.03446999730384946f,0.32894650097350153f,-0.9437192478609109f,3.0714781580677704f,0f,0f,0f,1f], start_interpolation: 0, interpolation_duration: 1 }
$data merge entity $(bone_jaw3) { transformation: [-0.9994057330663421f,0.0006437571824347149f,-0.03446398541691678f,0.12805176166834836f,0f,0.9998255907338871f,0.018675869822676994f,3.220839756348179f,0.03446999730384946f,0.01866477137078426f,-0.9992314274458893f,2.1721590597771616f,0f,0f,0f,1f], start_interpolation: 0, interpolation_duration: 1 }
$data merge entity $(bone_jaw1) { transformation: [-0.9994057330663421f,0.024824922864153276f,-0.023914512725879005f,0.10656606664119143f,0f,0.6937776210156051f,0.7201892894079496f,3.867884821050634f,0.03446999730384946f,0.7197613047272801f,-0.6933653319161238f,1.5492136443837692f,0f,0f,0f,1f], start_interpolation: 0, interpolation_duration: 1 }
$data merge entity $(bone_tear_right1) { transformation: [-0.9994057330663421f,0.015478429922039433f,-0.03079933313037643f,-0.5196032526550171f,0f,0.893511329835146f,0.449040647888617f,4.222340745286645f,0.03446999730384946f,0.4487737978797085f,-0.8929803455969765f,2.616821754437507f,0f,0f,0f,1f], start_interpolation: 0, interpolation_duration: 1 }
$data merge entity $(bone_right_pupil1) { transformation: [-0.9994057330663421f,0.015478429922039433f,-0.03079933313037643f,-0.33059735080437347f,0f,0.893511329835146f,0.449040647888617f,4.292428634179933f,0.03446999730384946f,0.4487737978797085f,-0.8929803455969765f,2.7210053103934757f,0f,0f,0f,1f], start_interpolation: 0, interpolation_duration: 1 }
$data merge entity $(bone_right_sad_pupil1) { transformation: [-0.9994057330663421f,0.015478429922039433f,-0.03079933313037643f,-0.330943241752615f,0f,0.893511329835146f,0.449040647888617f,4.297471571143526f,0.03446999730384946f,0.4487737978797085f,-0.8929803455969765f,2.7109767225278847f,0f,0f,0f,1f], start_interpolation: 0, interpolation_duration: 1 }
$data merge entity $(bone_right_happy_pupil1) { transformation: [-0.9994057330663421f,0.015478429922039433f,-0.03079933313037643f,-0.35943693922189623f,0f,0.893511329835146f,0.449040647888617f,4.272385514580448f,0.03446999730384946f,0.4487737978797085f,-0.8929803455969765f,2.6993448067048793f,0f,0f,0f,1f], start_interpolation: 0, interpolation_duration: 1 }
$data merge entity $(bone_eyelid_right1) { transformation: [-0.9994057330663421f,0.015478429922039433f,-0.03079933313037643f,0.0830095217492883f,0f,0.893511329835146f,0.449040647888617f,4.499445663985746f,0.03446999730384946f,0.4487737978797085f,-0.8929803455969765f,2.1694437185361037f,0f,0f,0f,1f], start_interpolation: 0, interpolation_duration: 1 }
$data merge entity $(bone_eyelid_expressions_right5) { transformation: [-0.9994057330663421f,0.015478429922039433f,-0.03079933313037643f,-0.45827822317417694f,0f,0.893511329835146f,0.449040647888617f,4.3978170818183715f,0.03446999730384946f,0.4487737978797085f,-0.8929803455969765f,2.765827924885933f,0f,0f,0f,1f], start_interpolation: 0, interpolation_duration: 1 }
$data merge entity $(bone_eyelid_expressions_right7) { transformation: [-0.9994057330663421f,0.015478429922039433f,-0.03079933313037643f,-0.12156437756100509f,0f,0.893511329835146f,0.449040647888617f,4.3978170818183715f,0.03446999730384946f,0.4487737978797085f,-0.8929803455969765f,2.7542144980599286f,0f,0f,0f,1f], start_interpolation: 0, interpolation_duration: 1 }
$data merge entity $(bone_eyelid_expressions_right6) { transformation: [-0.9994057330663421f,0.015478429922039433f,-0.03079933313037643f,-0.23380232609872909f,0f,0.893511329835146f,0.449040647888617f,4.3978170818183715f,0.03446999730384946f,0.4487737978797085f,-0.8929803455969765f,2.7580856403352634f,0f,0f,0f,1f], start_interpolation: 0, interpolation_duration: 1 }
$data merge entity $(bone_right_eye1) { transformation: [-0.9994057330663421f,0.015478429922039433f,-0.03079933313037643f,0.07213161784375743f,0f,0.893511329835146f,0.449040647888617f,4.494402727022154f,0.03446999730384946f,0.4487737978797085f,-0.8929803455969765f,2.1798594206292283f,0f,0f,0f,1f], start_interpolation: 0, interpolation_duration: 1 }
$data merge entity $(bone_tear_left1) { transformation: [-0.9994057330663421f,0.015478429922039433f,-0.03079933313037643f,0.6925665915524016f,0f,0.893511329835146f,0.449040647888617f,4.222340745286645f,0.03446999730384946f,0.4487737978797085f,-0.8929803455969765f,2.575013417863893f,0f,0f,0f,1f], start_interpolation: 0, interpolation_duration: 1 }
$data merge entity $(bone_left_sad_pupil1) { transformation: [-0.9994057330663421f,0.015478429922039433f,-0.03079933313037643f,0.5108413722803147f,0f,0.893511329835146f,0.449040647888617f,4.297471571143526f,0.03446999730384946f,0.4487737978797085f,-0.8929803455969765f,2.6819431554628745f,0f,0f,0f,1f], start_interpolation: 0, interpolation_duration: 1 }
$data merge entity $(bone_left_pupil1) { transformation: [-0.9994057330663421f,0.015478429922039433f,-0.03079933313037643f,0.5111872632285561f,0f,0.893511329835146f,0.449040647888617f,4.292428634179933f,0.03446999730384946f,0.4487737978797085f,-0.8929803455969765f,2.6919717433284656f,0f,0f,0f,1f], start_interpolation: 0, interpolation_duration: 1 }
$data merge entity $(bone_eyelid_left1) { transformation: [-0.9994057330663421f,0.015478429922039433f,-0.03079933313037643f,0.0605619320417435f,0f,0.893511329835146f,0.449040647888617f,4.499445663985746f,0.03446999730384946f,0.4487737978797085f,-0.8929803455969765f,2.170217946991171f,0f,0f,0f,1f], start_interpolation: 0, interpolation_duration: 1 }
$data merge entity $(bone_left_happy_pupil1) { transformation: [-0.9994057330663421f,0.015478429922039433f,-0.03079933313037643f,0.5384666490798954f,0f,0.893511329835146f,0.449040647888617f,4.272385514580448f,0.03446999730384946f,0.4487737978797085f,-0.8929803455969765f,2.668375668502202f,0f,0f,0f,1f], start_interpolation: 0, interpolation_duration: 1 }
$data merge entity $(bone_eyelid_expressions_left5) { transformation: [-0.9994057330663421f,0.015478429922039433f,-0.03079933313037643f,0.6416536724955179f,0f,0.893511329835146f,0.449040647888617f,4.3978170818183715f,0.03446999730384946f,0.4487737978797085f,-0.8929803455969765f,2.727890730587653f,0f,0f,0f,1f], start_interpolation: 0, interpolation_duration: 1 }
$data merge entity $(bone_eyelid_expressions_left7) { transformation: [-0.9994057330663421f,0.015478429922039433f,-0.03079933313037643f,0.30493982688234594f,0f,0.893511329835146f,0.449040647888617f,4.3978170818183715f,0.03446999730384946f,0.4487737978797085f,-0.8929803455969765f,2.7395041574136574f,0f,0f,0f,1f], start_interpolation: 0, interpolation_duration: 1 }
$data merge entity $(bone_eyelid_expressions_left6) { transformation: [-0.9994057330663421f,0.015478429922039433f,-0.03079933313037643f,0.41717777542006995f,0f,0.893511329835146f,0.449040647888617f,4.3978170818183715f,0.03446999730384946f,0.4487737978797085f,-0.8929803455969765f,2.7356330151383226f,0f,0f,0f,1f], start_interpolation: 0, interpolation_duration: 1 }
$data merge entity $(bone_left_eye1) { transformation: [-0.9994057330663421f,0.015478429922039433f,-0.03079933313037643f,0.07213161784375743f,0f,0.893511329835146f,0.449040647888617f,4.494402727022154f,0.03446999730384946f,0.4487737978797085f,-0.8929803455969765f,2.1798594206292283f,0f,0f,0f,1f], start_interpolation: 0, interpolation_duration: 1 }
$data merge entity $(bone_crest_middle5) { transformation: [-0.9994057330663421f,0.008445333557083105f,-0.03341941135383738f,0.10826375506305613f,0f,0.9695217281060027f,0.2450053442893648f,5.518463144773953f,0.03446999730384946f,0.2448597457146842f,-0.9689455734015265f,3.2274564008841184f,0f,0f,0f,1f], start_interpolation: 0, interpolation_duration: 1 }
$data merge entity $(bone_crest_middle4) { transformation: [-0.9994057330663421f,0.008445333557083105f,-0.03341941135383738f,0.10257305178728725f,0f,0.9695217281060027f,0.2450053442893648f,4.865172136577526f,0.03446999730384946f,0.2448597457146842f,-0.9689455734015265f,3.062463017541216f,0f,0f,0f,1f], start_interpolation: 0, interpolation_duration: 1 }
$data merge entity $(bone_crest_middle1) { transformation: [-0.9994057330663421f,0.008445333557083105f,-0.03341941135383738f,0.10111990375195654f,0f,0.9695217281060027f,0.2450053442893648f,4.354567355911724f,0.03446999730384946f,0.2448597457146842f,-0.9689455734015265f,3.02033117561788f,0f,0f,0f,1f], start_interpolation: 0, interpolation_duration: 1 }
$data merge entity $(bone_crest_left5) { transformation: [-0.5500346843469782f,-0.8314539178786257f,0.07839788555569314f,-1.002466608972187f,-0.753579812319858f,0.5345876744174884f,0.3825355994216341f,4.901077117432572f,-0.3599712661856327f,0.1513287837960277f,-0.9206086501415939f,3.0659863529777325f,0f,0f,0f,1f], start_interpolation: 0, interpolation_duration: 1 }
$data merge entity $(bone_crest_left4) { transformation: [-0.5500346843469782f,-0.8314539178786257f,0.07839788555569314f,-0.5355857468821384f,-0.753579812319858f,0.5345876744174884f,0.3825355994216341f,4.6008936088485335f,-0.3599712661856327f,0.1513287837960277f,-0.9206086501415939f,2.9810116941078926f,0f,0f,0f,1f], start_interpolation: 0, interpolation_duration: 1 }
$data merge entity $(bone_crest_left1) { transformation: [-0.5500346843469782f,-0.8314539178786257f,0.07839788555569314f,-0.017614573564089284f,-0.753579812319858f,0.5345876744174884f,0.3825355994216341f,4.292172019881427f,-0.3599712661856327f,0.1513287837960277f,-0.9206086501415939f,2.835845235969095f,0f,0f,0f,1f], start_interpolation: 0, interpolation_duration: 1 }
$data merge entity $(bone_crest_center1) { transformation: [-0.9994057330663421f,0.015478429922039433f,-0.03079933313037643f,0.0941888054773491f,0f,0.893511329835146f,0.449040647888617f,4.26708596331835f,0.03446999730384946f,0.4487737978797085f,-0.8929803455969765f,2.819374404689577f,0f,0f,0f,1f], start_interpolation: 0, interpolation_duration: 1 }
$data merge entity $(bone_crest_right5) { transformation: [-0.5239259335652536f,0.8399044886451917f,-0.14164062302685748f,1.2052294932995546f,0.753579812319858f,0.5345876744174884f,0.3825355994216341f,4.901077117432572f,0.3970126982877815f,0.09368280693147657f,-0.9130194133115105f,2.9898418241090208f,0f,0f,0f,1f], start_interpolation: 0, interpolation_duration: 1 }
$data merge entity $(bone_crest_right4) { transformation: [-0.5239259335652536f,0.8399044886451917f,-0.14164062302685748f,0.7336034376638267f,0.753579812319858f,0.5345876744174884f,0.3825355994216341f,4.6008936088485335f,0.3970126982877815f,0.09368280693147657f,-0.9130194133115105f,2.9372367323262094f,0f,0f,0f,1f], start_interpolation: 0, interpolation_duration: 1 }
$data merge entity $(bone_crest_right1) { transformation: [-0.5239259335652536f,0.8399044886451917f,-0.14164062302685748f,0.2068613235113586f,0.753579812319858f,0.5345876744174884f,0.3825355994216341f,4.292172019881427f,0.3970126982877815f,0.09368280693147657f,-0.9130194133115105f,2.8281029514184257f,0f,0f,0f,1f], start_interpolation: 0, interpolation_duration: 1 }
$data merge entity $(bone_head1) { transformation: [-1.0475541863520899f,0.016224135530262678f,-0.032283155169209654f,0.05223846557278053f,0f,0.9365580996318909f,0.47067411660200065f,4.721591504682339f,0.03613066123645677f,0.4703944105379755f,-0.9360015341218304f,1.6030873874571867f,0f,0f,0f,1f], start_interpolation: 0, interpolation_duration: 1 }
$data merge entity $(bone_neck10) { transformation: [-1.496505980502986f,0.018475366810565375f,-0.04819536102197736f,0.01235666080145204f,0f,1.3981829066344347f,0.5359839934917007f,4.684025228054845f,0.051615230337795415f,0.5356654759273987f,-1.3973520127658163f,0.446774435583323f,0f,0f,0f,1f], start_interpolation: 0, interpolation_duration: 1 }
$data merge entity $(bone_neck9) { transformation: [-1.144827075084785f,0.017730662400929947f,-0.0352808767206363f,-0.008511787517349058f,0f,1.0235242088834247f,0.5143795702864726f,3.3543189044638884f,0.03948565120841352f,0.5140738915165023f,-1.022915962290287f,-0.15827483976661677f,0f,0f,0f,1f], start_interpolation: 0, interpolation_duration: 1 }
$data merge entity $(bone_neck8) { transformation: [-1.0625192461571202f,-0.009989188868420009f,-0.03525911298337564f,0.000051209063099685176f,0f,1.0228928268421438f,-0.28979372352038024f,2.600240016131579f,0.03664681353983475f,-0.2896215086929105f,-1.0222849554584756f,0.08999636835942049f,0f,0f,0f,1f], start_interpolation: 0, interpolation_duration: 1 }
$data merge entity $(bone_neck7) { transformation: [-1.0550367162546053f,-0.01960578493328419f,-0.03065539766261798f,0.018437970870792512f,0f,0.8893356559443225f,-0.5687782554916156f,1.8075628970993693f,0.03638873738814577f,-0.5684402493817934f,-0.8888071531710718f,0.6230928754798704f,0f,0f,0f,1f], start_interpolation: 0, interpolation_duration: 1 }
$data merge entity $(bone_neck6) { transformation: [-1.0490506923325933f,-0.012745644711671958f,-0.033863042852103314f,0.02941269473244594f,0f,0.9823918044902673f,-0.3697605369481297f,0.9363315198800382f,0.03618227646679458f,-0.3695408004876498f,-0.9818080015249623f,0.9412884891746687f,0f,0f,0f,1f], start_interpolation: 0, interpolation_duration: 1 }
$data merge entity $(bone_neck_spine6) { transformation: [-1.2693982048408234f,-0.08574622738499961f,-0.03551268157778244f,-0.10173052839333238f,-0.023772839243875597f,-0.17036508785628954f,1.2611090188681997f,0.05802522329799864f,-0.08971297664156433f,1.258415150038201f,0.1683100130507732f,-1.5175148889956307f,0f,0f,0f,1f], start_interpolation: 0, interpolation_duration: 1 }
$data merge entity $(bone_neck_spine7) { transformation: [-0.9622670698323839f,-0.2622715961541815f,0.07249618036101133f,0.4596512089329835f,0.03747952261279799f,0.13613570926744353f,0.9899809867098293f,0.6107745040119459f,-0.2695132124793051f,0.9553432255022212f,-0.12116909583758084f,-5.063192280151139f,0f,0f,0f,1f], start_interpolation: 0, interpolation_duration: 1 }
$data merge entity $(bone_tail6) { transformation: [-1.6175194299942535f,-0.30786222801274293f,0.5041365684824135f,1.4900346880894038f,0.06753654423486083f,1.3636220483557775f,1.0494168199328304f,-1.0153226397642756f,-0.5868318722692263f,1.0055136475096453f,-1.2688075487984656f,-8.168354623050874f,0f,0f,0f,1f], start_interpolation: 0, interpolation_duration: 1 }
$data merge entity $(bone_tail5) { transformation: [-1.336211703038731f,-0.2543209709670485f,0.41646064352895024f,1.3294109169523205f,0.055791058280971986f,1.126470387772164f,0.8669095469010337f,-0.30386765801343507f,-0.4847741553528391f,0.8306417088123156f,-1.0481453663987323f,-7.6437388069588845f,0f,0f,0f,1f], start_interpolation: 0, interpolation_duration: 1 }
$data merge entity $(bone_tail4) { transformation: [-0.984577044344328f,-0.18739439965993046f,0.3068657373371212f,1.2490990313837789f,0.04110920083861093f,0.8300308120426471f,0.638775455611288f,0.051859832861985145f,-0.35720200920735506f,0.6120517854406535f,-0.7723176383990659f,-7.38143089891289f,0f,0f,0f,1f], start_interpolation: 0, interpolation_duration: 1 }
$data merge entity $(bone_segment18) { transformation: [-0.9393231926167006f,-0.24727465962256134f,0.2377544584669558f,1.1102485145058758f,0.03921970961994186f,0.6111340399609956f,0.790554868164304f,0.39502591975414575f,-0.3407840286599363f,0.7519111835246892f,-0.5643543371861378f,-6.959215146445413f,0f,0f,0f,1f], start_interpolation: 0, interpolation_duration: 1 }
$data merge entity $(bone_segment17) { transformation: [-0.9391881469952665f,-0.34274115487811757f,0.02131021577582211f,0.8600541656080309f,0.04681092006490154f,-0.06630178005689517f,0.996700964042859f,0.34662691526925393f,-0.34019753424484894f,0.9370872823350561f,0.07831387475807468f,-6.275159732826804f,0f,0f,0f,1f], start_interpolation: 0, interpolation_duration: 1 }
$data merge entity $(bone_segment16) { transformation: [-0.9402294660377638f,-0.34043078131749877f,-0.008685293656477489f,0.535082399262469f,0.046344540589956726f,-0.15318194346383962f,0.9871106704691966f,0.20040098779278578f,-0.3373732869565219f,0.9277080226710331f,0.15980328507247232f,-5.38957907641964f,0f,0f,0f,1f], start_interpolation: 0, interpolation_duration: 1 }
$data merge entity $(bone_segment15) { transformation: [-0.9622670698323839f,-0.2720983004019977f,0.002145048843871969f,0.2142242960052306f,0.03747952261279799f,-0.12472893618828547f,0.991482716875113f,0.05332072368404095f,-0.2695132124793051f,0.9541515641635151f,0.13022066235203242f,-4.264444297388932f,0f,0f,0f,1f], start_interpolation: 0, interpolation_duration: 1 }
$data merge entity $(bone_segment14) { transformation: [-1.0331444509557801f,-0.17463906899775003f,-0.028088023498481777f,0.01775534338276183f,0.0134122700418827f,-0.24330974461823934f,1.0194585215747147f,-0.22040273901147828f,-0.17637418319237017f,1.0044783530661963f,0.2420549188713544f,-3.1344061501894616f,0f,0f,0f,1f], start_interpolation: 0, interpolation_duration: 1 }
$data merge entity $(bone_segment13) { transformation: [-1.0229856121364282f,-0.06308192164702295f,-0.040183583045367365f,-0.057119332267972805f,-0.019158111625946803f,-0.3116880088182967f,0.9770246484818084f,-0.622536439665804f,-0.07229810470526066f,0.9751742757801766f,0.3096800409064538f,-1.9684027179633894f,0f,0f,0f,1f], start_interpolation: 0, interpolation_duration: 1 }
$data merge entity $(bone_segment12) { transformation: [-1.1153926069974969f,0.015048829505360743f,-0.012113883668032673f,-0.0389395382346511f,-0.01038825838047408f,0.12255988774812943f,1.108758332187255f,-0.4744775148694059f,0.016287956741855472f,1.108704869583137f,-0.12240137180395859f,-0.6290277077287268f,0f,0f,0f,1f], start_interpolation: 0, interpolation_duration: 1 }
$data merge entity $(bone_segment11) { transformation: [-1.1893764943437106f,0.046146895666652f,-0.01941287213020098f,0.010460841927029015f,0.012962028594231258f,0.7297107537966459f,0.9404663962575168f,0.36886333785050096f,0.04835681336414478f,0.9394229721990032f,-0.7295676382539203f,0.45678625628821823f,0f,0f,0f,1f], start_interpolation: 0, interpolation_duration: 1 }
$data merge entity $(bone_segment10) { transformation: [-1.0475541863520903f,0.01778553976688676f,-0.03144994843531688f,0.03090600803284764f,0f,0.9123861588409434f,0.5159716030758306f,1.3028546014545817f,0.03613066123645679f,0.5156649782134163f,-0.9118439579160169f,0.9845848625549769f,0f,0f,0f,1f], start_interpolation: 0, interpolation_duration: 1 }