# This file was generated by Animated Java via MC-Build. It is not recommended to edit this file directly.
$data merge entity $(bone_neck_spine5) { transformation: [-1.3663546463151701f,0.009920330776707105f,-0.04667148686808204f,0.07864478046312987f,1.1858461261560207e-18f,1.3373111728782505f,0.28425426478990534f,3.7082467522784595f,0.04771415564795039f,0.2840811047720883f,-1.3364965190446714f,-0.49770199207108146f,0f,0f,0f,1f], start_interpolation: 0, interpolation_duration: 1 }
$data merge entity $(bone_neck_spine2) { transformation: [-1.301290139347781f,0.01137778141389339f,-0.04399461638399707f,0.03942528959761245f,1.1293772630057337e-18f,1.260608906742328f,0.32601563027922037f,4.76277918170271f,0.04544205299804798f,0.32581703036590154f,-1.2598409778568531f,1.177412439721096f,0f,0f,0f,1f], start_interpolation: 0, interpolation_duration: 1 }
$data merge entity $(bone_scale_neck_left1) { transformation: [-1.3777982946917435f,0.38938632533259493f,0.03885314905229289f,0.7147588762688175f,0.34371109877707745f,1.1362112633851624f,0.8014649486639609f,4.010979671904142f,0.18706672105095365f,0.7802958881113302f,-1.1864247920852684f,0.9289401371886974f,0f,0f,0f,1f], start_interpolation: 0, interpolation_duration: 1 }
$data merge entity $(bone_scale_neck_right1) { transformation: [-1.387491162109165f,-0.3340071101828862f,-0.121519314592429f,-0.6515957700463524f,-0.34371109877707745f,1.1362112633851624f,0.8014649486639609f,4.010979671904142f,-0.09050068535204914f,0.8055573435248097f,-1.1808244622495074f,0.9766542928366477f,0f,0f,0f,1f], start_interpolation: 0, interpolation_duration: 1 }
$data merge entity $(bone_blush_right1) { transformation: [-0.9993908270190958f,0.015844039948627025f,-0.031095679252818694f,-0.5079212212373112f,8.673617379884035e-19f,0.8910065241883681f,0.45399049973954686f,3.3513270205613486f,0.03489949670250085f,0.45371394099351803f,-0.8904637470880231f,2.0129199864124425f,0f,0f,0f,1f], start_interpolation: 0, interpolation_duration: 1 }
$data merge entity $(bone_blush_left1) { transformation: [-0.9993908270190958f,0.015844039948627025f,-0.031095679252818694f,0.643720552085475f,8.673617379884035e-19f,0.8910065241883681f,0.45399049973954686f,3.3513270205613486f,0.03489949670250085f,0.45371394099351803f,-0.8904637470880231f,1.9727037695091703f,0f,0f,0f,1f], start_interpolation: 0, interpolation_duration: 1 }
$data merge entity $(bone_left_head_scales) { transformation: [-0.8721121033722897f,0.015844039948627025f,-0.4890495328181666f,0.6529090740564827f,-0.2096294836766158f,0.8910065241883681f,0.40269449142897273f,4.072079867857521f,0.4421266320015525f,0.45371394099351803f,-0.7737361960145682f,1.9560072413821719f,0f,0f,0f,1f], start_interpolation: 0, interpolation_duration: 1 }
$data merge entity $(bone_left_head_scales2) { transformation: [-0.8008172901046116f,0.015844039948627025f,-0.5986991183120388f,0.6450859489871674f,-0.2603982529778398f,0.8910065241883681f,0.3718872459494308f,3.3094785062250733f,0.539337016823058f,0.45371394099351803f,-0.7094076698433244f,1.731982250433333f,0f,0f,0f,1f], start_interpolation: 0, interpolation_duration: 1 }
$data merge entity $(bone_left_head_scales1) { transformation: [-0.9993908270190958f,0.015844039948627025f,-0.031095679252818694f,0.6513618045302496f,8.673617379884035e-19f,0.8910065241883681f,0.45399049973954686f,3.985067511979751f,0.03489949670250085f,0.45371394099351803f,-0.8904637470880231f,1.9116992393320236f,0f,0f,0f,1f], start_interpolation: 0, interpolation_duration: 1 }
$data merge entity $(bone_right_head_scales) { transformation: [-0.9008288769174707f,0.015844039948627025f,0.43388512409359564f,-0.5182520513565201f,0.2096294836766158f,0.8910065241883681f,0.40269449142897273f,4.072079867857521f,-0.38021416870638075f,0.45371394099351803f,-0.805965784424529f,1.996905089080415f,0f,0f,0f,1f], start_interpolation: 0, interpolation_duration: 1 }
$data merge entity $(bone_right_head_scales2) { transformation: [-0.8364887878881053f,0.015844039948627025f,0.5477549398550364f,-0.5260751764258353f,0.2603982529778398f,0.8910065241883681f,0.3718872459494308f,3.3094785062250733f,-0.482161028686037f,0.45371394099351803f,-0.7494427277414554f,1.772880098131576f,0f,0f,0f,1f], start_interpolation: 0, interpolation_duration: 1 }
$data merge entity $(bone_right_head_scales1) { transformation: [-0.9993908270190958f,0.015844039948627025f,-0.031095679252818694f,-0.5197993208827532f,8.673617379884035e-19f,0.8910065241883681f,0.45399049973954686f,3.985067511979751f,0.03489949670250085f,0.45371394099351803f,-0.8904637470880231f,1.9525970870302667f,0f,0f,0f,1f], start_interpolation: 0, interpolation_duration: 1 }
$data merge entity $(bone_head_left_fin1) { transformation: [-0.6684770547670854f,0.02532011120946935f,-0.743301634074797f,0.6432820429052629f,-0.0809869665454242f,0.9909991018734664f,0.10659217295727519f,3.6920225713107624f,0.7393101774625408f,0.13145216641167756f,-0.6604095618977539f,1.6803251389733218f,0f,0f,0f,1f], start_interpolation: 0, interpolation_duration: 1 }
$data merge entity $(bone_head_right_fin1) { transformation: [-0.7184203492421423f,-0.016088793096242865f,0.6954231463875106f,-0.5278790825077398f,0.0809869665454242f,0.9909991018734664f,0.10659217295727519f,3.6920225713107624f,-0.6908786529084314f,0.13289819721384322f,-0.7106509383183434f,1.721222986671565f,0f,0f,0f,1f], start_interpolation: 0, interpolation_duration: 1 }
$data merge entity $(bone_right_whisker16) { transformation: [0.2536127871890008f,0.9090516474607879f,-0.3306140596270121f,-0.9840598140509211f,0.9533812424785231f,-0.2926932131003074f,-0.07344991147119098f,1.3120641415108034f,-0.16353825443710218f,-0.2965734061810751f,-0.9409035306989876f,1.7881157525108502f,0f,0f,0f,1f], start_interpolation: 0, interpolation_duration: 1 }
$data merge entity $(bone_right_whisker15) { transformation: [-0.8681714731883003f,0.37009814471164576f,-0.3306140596270121f,-0.7297127027652862f,0.4146304054020325f,0.9070208031908753f,-0.07344991147119098f,1.1905903899281767f,0.2726901539443659f,-0.20084975942225408f,-0.9409035306989876f,1.7082260589724618f,0f,0f,0f,1f], start_interpolation: 0, interpolation_duration: 1 }
$data merge entity $(bone_right_whisker14) { transformation: [-0.7023279494116832f,-0.6304203320421434f,-0.3306140596270121f,-0.5239525613360821f,-0.6468096357402786f,0.7591063203652058f,-0.07344991147119098f,1.3800854003989613f,0.29727553984259825f,0.16225843376993104f,-0.9409035306989876f,1.6211336156592007f,0f,0f,0f,1f], start_interpolation: 0, interpolation_duration: 1 }
$data merge entity $(bone_right_whisker13) { transformation: [-0.09816007081036118f,-0.9897090543801104f,-0.1041181452799296f,-0.4951947280908592f,-0.9885822660931484f,0.08495618745046135f,0.12444898304131666f,1.6697091111684383f,-0.11432280465699168f,0.11514527298986144f,-0.986748125127912f,1.6546266248360537f,0f,0f,0f,1f], start_interpolation: 0, interpolation_duration: 1 }
$data merge entity $(bone_right_whisker12) { transformation: [0.05529088200210306f,-0.9952276375577012f,-0.080404401675197f,-0.5167927288729307f,-0.9387121492781587f,-0.07925350545501936f,0.3354674092526297f,2.036393544480219f,-0.3402387678748698f,0.05692829976741014f,-0.9386142708911804f,1.7875323935371747f,0f,0f,0f,1f], start_interpolation: 0, interpolation_duration: 1 }
$data merge entity $(bone_right_whisker11) { transformation: [0.2904935347037999f,-0.9549904150538645f,-0.06005675191466567f,-0.6302667658666026f,-0.9553765269303468f,-0.29297961890999635f,0.0376647672747622f,2.409587500312386f,-0.053564896021563196f,0.046435439683509036f,-0.9974841110792684f,1.808456181045598f,0f,0f,0f,1f], start_interpolation: 0, interpolation_duration: 1 }
$data merge entity $(bone_right_whisker10) { transformation: [0.07776713442389148f,-0.9955576071345252f,0.053078467197865006f,-0.6606445527509351f,-0.9750876673298834f,-0.08704591064745228f,-0.20402708266483352f,2.7904811203631215f,0.20774097772144878f,-0.035889557201701436f,-0.9775252558676949f,1.727307361623157f,0f,0f,0f,1f], start_interpolation: 0, interpolation_duration: 1 }
$data merge entity $(bone_right_whisker1) { transformation: [-0.3424430483181228f,-0.939277635180879f,0.02214232841431683f,-0.5268777370016684f,-0.9377570487685147f,0.3431494158031335f,0.05348079953529372f,3.1567924675383225f,-0.05783144597498713f,-0.0024499965273166724f,-0.9983233551176985f,1.7498977702071363f,0f,0f,0f,1f], start_interpolation: 0, interpolation_duration: 1 }
$data merge entity $(bone_left_whisker16) { transformation: [0.2644028511377443f,-0.9275251583578259f,0.26417458795940685f,1.1030177445779086f,-0.9533812424785231f,-0.2926932131003074f,-0.07344991147119098f,1.3120641415108034f,0.1454487497379734f,-0.23243873089119327f,-0.9616740079576612f,1.7152333981745735f,0f,0f,0f,1f], start_interpolation: 0, interpolation_duration: 1 }
$data merge entity $(bone_left_whisker15) { transformation: [-0.8850785546776614f,-0.3832071752018483f,0.26417458795940685f,0.8437173867621874f,-0.4146304054020325f,0.9070208031908753f,-0.07344991147119098f,1.1905903899281767f,-0.21146531385985867f,-0.17454375798864774f,-0.9616740079576612f,1.653280669504693f,0f,0f,0f,1f], start_interpolation: 0, interpolation_duration: 1 }
$data merge entity $(bone_left_whisker14) { transformation: [-0.7213540072155966f,0.6402032359731391f,0.26417458795940685f,0.6323832049607431f,0.6468096357402786f,0.7591063203652058f,-0.07344991147119098f,1.3800854003989613f,-0.24755947040565682f,0.11788728104048754f,-0.9616740079576612f,1.5807534809092858f,0f,0f,0f,1f], start_interpolation: 0, interpolation_duration: 1 }
$data merge entity $(bone_left_whisker13) { transformation: [-0.08994620208996489f,0.9953303010783212f,0.03503244902843756f,0.6060317785671987f,0.9885822660931484f,0.08495618745046135f,0.12444898304131666f,1.6697091111684383f,0.12089162045289578f,0.04582617122585032f,-0.9916073709563943f,1.616170947838845f,0f,0f,0f,1f], start_interpolation: 0, interpolation_duration: 1 }
$data merge entity $(bone_left_whisker12) { transformation: [0.07889005287045281f,0.9967744305006001f,0.014734118850545597f,0.6368482054697193f,0.9387121492781587f,-0.07925350545501936f,0.3354674092526297f,2.036393544480219f,0.3355530663779981f,-0.012633945278338318f,-0.9419365812362459f,1.7472463643927505f,0f,0f,0f,1f], start_interpolation: 0, interpolation_duration: 1 }
$data merge entity $(bone_left_whisker11) { transformation: [0.2935224053163505f,0.9559032789295235f,-0.009670517519239571f,0.7515053950464187f,0.9553765269303468f,-0.29297961890999635f,0.0376647672747622f,2.409587500312386f,0.03317061000061322f,-0.020294438527318936f,-0.9992436371561483f,1.76020363392424f,0f,0f,0f,1f], start_interpolation: 0, interpolation_duration: 1 }
$data merge entity $(bone_left_whisker10) { transformation: [0.06308641953499236f,0.9906289498854672f,-0.12113788556463945f,0.776148527677275f,0.9750876673298834f,-0.08704591064745228f,-0.20402708266483352f,2.7904811203631215f,-0.2126596922113404f,-0.1052487201270044f,-0.9714414867711826f,1.6771334416541852f,0f,0f,0f,1f], start_interpolation: 0, interpolation_duration: 1 }
$data merge entity $(bone_left_whisker1) { transformation: [-0.33757475652080826f,0.9368186989510764f,-0.09172790772458365f,0.6442833884113344f,0.9377570487685147f,0.3431494158031335f,0.05348079953529372f,3.1567924675383225f,0.08157819098805164f,-0.06796472415585139f,-0.9943469188495211f,1.708999922508893f,0f,0f,0f,1f], start_interpolation: 0, interpolation_duration: 1 }
$data merge entity $(bone_upper_left_tooth1) { transformation: [-0.9993908270190958f,0.013073581571653696f,-0.03235824987506563f,0.35796774670005893f,8.673617379884035e-19f,0.9271838545667876f,0.37460659341591207f,3.1275304223194125f,0.03489949670250085f,0.37437839320073424f,-0.9266190392142548f,2.604196185881555f,0f,0f,0f,1f], start_interpolation: 0, interpolation_duration: 1 }
$data merge entity $(bone_upper_right_tooth1) { transformation: [-0.9993908270190958f,0.013073581571653696f,-0.03235824987506563f,-0.22761281600644254f,8.673617379884035e-19f,0.9271838545667876f,0.37460659341591207f,3.1275304223194125f,0.03489949670250085f,0.37437839320073424f,-0.9266190392142548f,2.6246451097306767f,0f,0f,0f,1f], start_interpolation: 0, interpolation_duration: 1 }
$data merge entity $(bone_top_lip1) { transformation: [-0.9993908270190958f,-0.0024344658254111928f,-0.034814483282576136f,0.09098135641460497f,8.673617379884035e-19f,0.9975640502598244f,-0.06975647374412541f,3.227130250446704f,0.03489949670250085f,-0.06971397998507756f,-0.9969563611936846f,2.6537850273634196f,0f,0f,0f,1f], start_interpolation: 0, interpolation_duration: 1 }
$data merge entity $(bone_muzzle1) { transformation: [-0.9993908270190958f,0.013073581571653696f,-0.03235824987506563f,0.0770965051433308f,8.673617379884035e-19f,0.9271838545667876f,0.37460659341591207f,3.545861573584374f,0.03489949670250085f,0.37437839320073424f,-0.9266190392142548f,2.2561749095635983f,0f,0f,0f,1f], start_interpolation: 0, interpolation_duration: 1 }
$data merge entity $(bone_jaw_right_tooth1) { transformation: [-0.9993908270190958f,-0.00545948409682903f,-0.03446982598569855f,-0.22830051979997726f,8.673617379884035e-19f,0.987688340595138f,-0.156434465040231f,2.9479563620543194f,0.03489949670250085f,-0.15633916939084647f,-0.9870866675444929f,2.6049518497153947f,0f,0f,0f,1f], start_interpolation: 0, interpolation_duration: 1 }
$data merge entity $(bone_jaw_left_tooth1) { transformation: [-0.9993908270190958f,-0.00545948409682903f,-0.03446982598569855f,0.406078423132066f,8.673617379884035e-19f,0.987688340595138f,-0.156434465040231f,2.9479563620543194f,0.03489949670250085f,-0.15633916939084647f,-0.9870866675444929f,2.5827988488788467f,0f,0f,0f,1f], start_interpolation: 0, interpolation_duration: 1 }
$data merge entity $(bone_tongue1) { transformation: [-0.9993908270190958f,0.011073772809897672f,-0.03309601827777232f,0.06589717759500549f,8.673617379884035e-19f,0.9483236552061995f,0.31730465640509203f,3.164801424911212f,0.03489949670250085f,0.3171113629816947f,-0.9477459620582954f,1.9354681292914193f,0f,0f,0f,1f], start_interpolation: 0, interpolation_duration: 1 }
$data merge entity $(bone_jaw_lips1) { transformation: [-0.9993908270190958f,0.011073772809897672f,-0.03309601827777232f,0.13930818896574934f,8.673617379884035e-19f,0.9483236552061995f,0.31730465640509203f,2.8104062666990863f,0.03489949670250085f,0.3171113629816947f,-0.9477459620582954f,2.6385775917369783f,0f,0f,0f,1f], start_interpolation: 0, interpolation_duration: 1 }
$data merge entity $(bone_jaw3) { transformation: [-0.9993908270190958f,0.0006090802009086731f,-0.03489418134011356f,0.11200249923717057f,8.673617379884035e-19f,0.9998476951563915f,0.017452406437283408f,2.7508096144157217f,0.03489949670250085f,0.017441774902829832f,-0.9992386149554826f,1.856644944604687f,0f,0f,0f,1f], start_interpolation: 0, interpolation_duration: 1 }
$data merge entity $(bone_jaw1) { transformation: [-0.9993908270190958f,0.025104596989896377f,-0.024243227509198398f,0.09306247774560931f,8.673617379884035e-19f,0.6946583704589975f,0.7193398003386513f,3.312793833430293f,0.03489949670250085f,0.7189015979681956f,-0.694235203348755f,1.3142736919884723f,0f,0f,0f,1f], start_interpolation: 0, interpolation_duration: 1 }
$data merge entity $(bone_tear_right1) { transformation: [-0.9993908270190958f,0.015844039948627025f,-0.031095679252818694f,-0.45097437898562376f,8.673617379884035e-19f,0.8910065241883681f,0.45399049973954686f,3.6159687573673738f,0.03489949670250085f,0.45371394099351803f,-0.8904637470880231f,2.244557331871943f,0f,0f,0f,1f], start_interpolation: 0, interpolation_duration: 1 }
$data merge entity $(bone_right_pupil1) { transformation: [-0.9993908270190958f,0.015844039948627025f,-0.031095679252818694f,-0.28657075456851633f,8.673617379884035e-19f,0.8910065241883681f,0.45399049973954686f,3.67638010740103f,0.03489949670250085f,0.45371394099351803f,-0.8904637470880231f,2.3354175009506144f,0f,0f,0f,1f], start_interpolation: 0, interpolation_duration: 1 }
$data merge entity $(bone_right_sad_pupil1) { transformation: [-0.9993908270190958f,0.015844039948627025f,-0.031095679252818694f,-0.2868744233112197f,8.673617379884035e-19f,0.8910065241883681f,0.45399049973954686f,3.6808136083750487f,0.03489949670250085f,0.45371394099351803f,-0.8904637470880231f,2.326721565920458f,0f,0f,0f,1f], start_interpolation: 0, interpolation_duration: 1 }
$data merge entity $(bone_right_happy_pupil1) { transformation: [-0.9993908270190958f,0.015844039948627025f,-0.031095679252818694f,-0.31166011354465284f,8.673617379884035e-19f,0.8910065241883681f,0.45399049973954686f,3.6590607978451453f,0.03489949670250085f,0.45371394099351803f,-0.8904637470880231f,2.3164967347811483f,0f,0f,0f,1f], start_interpolation: 0, interpolation_duration: 1 }
$data merge entity $(bone_eyelid_right1) { transformation: [-0.9993908270190958f,0.015844039948627025f,-0.031095679252818694f,0.07291634483680358f,8.673617379884035e-19f,0.8910065241883681f,0.45399049973954686f,3.858982479137114f,0.03489949670250085f,0.45371394099351803f,-0.8904637470880231f,1.856649409678281f,0f,0f,0f,1f], start_interpolation: 0, interpolation_duration: 1 }
$data merge entity $(bone_eyelid_expressions_right5) { transformation: [-0.9993908270190958f,0.015844039948627025f,-0.031095679252818694f,-0.39756311599409927f,8.673617379884035e-19f,0.8910065241883681f,0.45399049973954686f,3.767825964252819f,0.03489949670250085f,0.45371394099351803f,-0.8904637470880231f,2.3749489341355954f,0f,0f,0f,1f], start_interpolation: 0, interpolation_duration: 1 }
$data merge entity $(bone_eyelid_expressions_right7) { transformation: [-0.9993908270190958f,0.015844039948627025f,-0.031095679252818694f,-0.10477283464084852f,8.673617379884035e-19f,0.8910065241883681f,0.45399049973954686f,3.767825964252819f,0.03489949670250085f,0.45371394099351803f,-0.8904637470880231f,2.3647244722110345f,0f,0f,0f,1f], start_interpolation: 0, interpolation_duration: 1 }
$data merge entity $(bone_eyelid_expressions_right6) { transformation: [-0.9993908270190958f,0.015844039948627025f,-0.031095679252818694f,-0.2023695950919321f,8.673617379884035e-19f,0.8910065241883681f,0.45399049973954686f,3.767825964252819f,0.03489949670250085f,0.45371394099351803f,-0.8904637470880231f,2.368132626185888f,0f,0f,0f,1f], start_interpolation: 0, interpolation_duration: 1 }
$data merge entity $(bone_right_eye1) { transformation: [-0.9993908270190958f,0.015844039948627025f,-0.031095679252818694f,0.06346033753439853f,8.673617379884035e-19f,0.8910065241883681f,0.45399049973954686f,3.8545489781630953f,0.03489949670250085f,0.45371394099351803f,-0.8904637470880231f,1.865686160105923f,0f,0f,0f,1f], start_interpolation: 0, interpolation_duration: 1 }
$data merge entity $(bone_tear_left1) { transformation: [-0.9993908270190958f,0.015844039948627025f,-0.031095679252818694f,0.6030706338860787f,8.673617379884035e-19f,0.8910065241883681f,0.45399049973954686f,3.6159687573673738f,0.03489949670250085f,0.45371394099351803f,-0.8904637470880231f,2.207749268943524f,0f,0f,0f,1f], start_interpolation: 0, interpolation_duration: 1 }
$data merge entity $(bone_left_sad_pupil1) { transformation: [-0.9993908270190958f,0.015844039948627025f,-0.031095679252818694f,0.4451012800719071f,8.673617379884035e-19f,0.8910065241883681f,0.45399049973954686f,3.6808136083750487f,0.03489949670250085f,0.45371394099351803f,-0.8904637470880231f,2.301160411109056f,0f,0f,0f,1f], start_interpolation: 0, interpolation_duration: 1 }
$data merge entity $(bone_left_pupil1) { transformation: [-0.9993908270190958f,0.015844039948627025f,-0.031095679252818694f,0.44540494881461046f,8.673617379884035e-19f,0.8910065241883681f,0.45399049973954686f,3.67638010740103f,0.03489949670250085f,0.45371394099351803f,-0.8904637470880231f,2.3098563461392123f,0f,0f,0f,1f], start_interpolation: 0, interpolation_duration: 1 }
$data merge entity $(bone_eyelid_left1) { transformation: [-0.9993908270190958f,0.015844039948627025f,-0.031095679252818694f,0.053396992746586866f,8.673617379884035e-19f,0.8910065241883681f,0.45399049973954686f,3.858982479137114f,0.03489949670250085f,0.45371394099351803f,-0.8904637470880231f,1.8573310404732517f,0f,0f,0f,1f], start_interpolation: 0, interpolation_duration: 1 }
$data merge entity $(bone_left_happy_pupil1) { transformation: [-0.9993908270190958f,0.015844039948627025f,-0.031095679252818694f,0.4691139700640157f,8.673617379884035e-19f,0.8910065241883681f,0.45399049973954686f,3.6590607978451453f,0.03489949670250085f,0.45371394099351803f,-0.8904637470880231f,2.2892315029823194f,0f,0f,0f,1f], start_interpolation: 0, interpolation_duration: 1 }
$data merge entity $(bone_eyelid_expressions_left5) { transformation: [-0.9993908270190958f,0.015844039948627025f,-0.031095679252818694f,0.5588851364265197f,8.673617379884035e-19f,0.8910065241883681f,0.45399049973954686f,3.767825964252819f,0.03489949670250085f,0.45371394099351803f,-0.8904637470880231f,2.34154902518203f,0f,0f,0f,1f], start_interpolation: 0, interpolation_duration: 1 }
$data merge entity $(bone_eyelid_expressions_left7) { transformation: [-0.9993908270190958f,0.015844039948627025f,-0.031095679252818694f,0.266094855073269f,8.673617379884035e-19f,0.8910065241883681f,0.45399049973954686f,3.767825964252819f,0.03489949670250085f,0.45371394099351803f,-0.8904637470880231f,2.3517734871065907f,0f,0f,0f,1f], start_interpolation: 0, interpolation_duration: 1 }
$data merge entity $(bone_eyelid_expressions_left6) { transformation: [-0.9993908270190958f,0.015844039948627025f,-0.031095679252818694f,0.3636916155243526f,8.673617379884035e-19f,0.8910065241883681f,0.45399049973954686f,3.767825964252819f,0.03489949670250085f,0.45371394099351803f,-0.8904637470880231f,2.348365333131737f,0f,0f,0f,1f], start_interpolation: 0, interpolation_duration: 1 }
$data merge entity $(bone_left_eye1) { transformation: [-0.9993908270190958f,0.015844039948627025f,-0.031095679252818694f,0.06346033753439853f,8.673617379884035e-19f,0.8910065241883681f,0.45399049973954686f,3.8545489781630953f,0.03489949670250085f,0.45371394099351803f,-0.8904637470880231f,1.865686160105923f,0f,0f,0f,1f], start_interpolation: 0, interpolation_duration: 1 }
$data merge entity $(bone_crest_middle5) { transformation: [-0.9993908270190958f,0.008738136125870124f,-0.03378786538290975f,0.09544298761620836f,8.673617379884035e-19f,0.968147640378108f,0.2503800040544414f,4.739966066345748f,0.03489949670250085f,0.2502274793210125f,-0.9675578709940634f,2.7815494285074935f,0f,0f,0f,1f], start_interpolation: 0, interpolation_duration: 1 }
$data merge entity $(bone_crest_middle4) { transformation: [-0.9993908270190958f,0.008738136125870124f,-0.03378786538290975f,0.09032298597995633f,8.673617379884035e-19f,0.968147640378108f,0.2503800040544414f,4.172692058311701f,0.03489949670250085f,0.2502274793210125f,-0.9675578709940634f,2.634931764842838f,0f,0f,0f,1f], start_interpolation: 0, interpolation_duration: 1 }
$data merge entity $(bone_crest_middle1) { transformation: [-0.9993908270190958f,0.008738136125870124f,-0.03378786538290975f,0.08895769248307508f,8.673617379884035e-19f,0.968147640378108f,0.2503800040544414f,3.728898094839208f,0.03489949670250085f,0.2502274793210125f,-0.9675578709940634f,2.5958348744606288f,0f,0f,0f,1f], start_interpolation: 0, interpolation_duration: 1 }
$data merge entity $(bone_crest_left5) { transformation: [-0.5503350277025582f,-0.8312853731944002f,0.07807679294560886f,-0.8705736006069651f,-0.7514672806639418f,0.533899442410213f,0.3876187708117407f,4.204080060746343f,-0.36390697077023054f,0.15464803169491237f,-0.9185073232793107f,2.638582050209477f,0f,0f,0f,1f], start_interpolation: 0, interpolation_duration: 1 }
$data merge entity $(bone_crest_left4) { transformation: [-0.5503350277025582f,-0.8312853731944002f,0.07807679294560886f,-0.46467253947688686f,-0.7514672806639418f,0.533899442410213f,0.3876187708117407f,3.943386973631981f,-0.36390697077023054f,0.15464803169491237f,-0.9185073232793107f,2.5630703159834454f,0f,0f,0f,1f], start_interpolation: 0, interpolation_duration: 1 }
$data merge entity $(bone_crest_left1) { transformation: [-0.5503350277025582f,-0.8312853731944002f,0.07807679294560886f,-0.014369028828253472f,-0.7514672806639418f,0.533899442410213f,0.3876187708117407f,3.6755512755997253f,-0.36390697077023054f,0.15464803169491237f,-0.9185073232793107f,2.4351584179403134f,0f,0f,0f,1f], start_interpolation: 0, interpolation_duration: 1 }
$data merge entity $(bone_crest_center1) { transformation: [-0.9993908270190958f,0.015844039948627025f,-0.031095679252818694f,0.0828409191925343f,8.673617379884035e-19f,0.8910065241883681f,0.45399049973954686f,3.6537984650698214f,0.03489949670250085f,0.45371394099351803f,-0.8904637470880231f,2.4206734052385293f,0f,0f,0f,1f], start_interpolation: 0, interpolation_duration: 1 }
$data merge entity $(bone_crest_right5) { transformation: [-0.5236095721829789f,0.840048105168062f,-0.14195843378223907f,1.049133507811782f,0.7514672806639418f,0.533899442410213f,0.3876187708117407f,4.204080060746343f,0.40140994258974044f,0.09628378055317609f,-0.9108235238466831f,2.571544400784717f,0f,0f,0f,1f], start_interpolation: 0, interpolation_duration: 1 }
$data merge entity $(bone_crest_right4) { transformation: [-0.5236095721829789f,0.840048105168062f,-0.14195843378223907f,0.6389537689601892f,0.7514672806639418f,0.533899442410213f,0.3876187708117407f,3.943386973631981f,0.40140994258974044f,0.09628378055317609f,-0.9108235238466831f,2.524530836061486f,0f,0f,0f,1f], start_interpolation: 0, interpolation_duration: 1 }
$data merge entity $(bone_crest_right1) { transformation: [-0.5236095721829789f,0.840048105168062f,-0.14195843378223907f,0.18082449207391366f,0.7514672806639418f,0.533899442410213f,0.3876187708117407f,3.6755512755997253f,0.40140994258974044f,0.09628378055317609f,-0.9108235238466831f,2.428342109990606f,0f,0f,0f,1f], start_interpolation: 0, interpolation_duration: 1 }
$data merge entity $(bone_head1) { transformation: [-0.9993908270190958f,0.015844039948627025f,-0.031095679252818694f,0.045984921922600064f,8.673617379884035e-19f,0.8910065241883681f,0.45399049973954686f,4.054885353795256f,0.03489949670250085f,0.45371394099351803f,-0.8904637470880231f,1.3652557324222425f,0f,0f,0f,1f], start_interpolation: 0, interpolation_duration: 1 }
$data merge entity $(bone_neck10) { transformation: [-1.301290139347781f,0.01702289267142408f,-0.04213313785815837f,0.010858193397235f,1.1293772630057337e-18f,1.2072706439671714f,0.48776900184363536f,4.0402395744186945f,0.04544205299804798f,0.4874718661467893f,-1.2065352073102276f,0.3593578373696687f,0f,0f,0f,1f], start_interpolation: 0, interpolation_duration: 1 }
$data merge entity $(bone_neck9) { transformation: [-0.9993908270190958f,0.015844039948627025f,-0.031095679252818694f,-0.00773796673027887f,8.673617379884035e-19f,0.8910065241883681f,0.45399049973954675f,2.886911443137585f,0.03489949670250085f,0.45371394099351803f,-0.890463747088023f,-0.17316651413147638f,0f,0f,0f,1f], start_interpolation: 0, interpolation_duration: 1 }
$data merge entity $(bone_neck8) { transformation: [-0.9993908270190958f,-0.009326484824724807f,-0.03363021782418374f,-0.00026596145711959944f,8.673617379884035e-19f,0.9636304532086232f,-0.26723837607825696f,2.267522329446235f,0.03489949670250085f,-0.26707558168008927f,-0.9630434355729517f,0.04080372140199423f,0f,0f,0f,1f], start_interpolation: 0, interpolation_duration: 1 }
$data merge entity $(bone_neck7) { transformation: [-0.9993908270190958f,-0.018493915614698413f,-0.029596451735373314f,0.015485030546188982f,8.673617379884035e-19f,0.8480480961564261f,-0.5299192642332051f,1.5873071739935858f,0.03489949670250085f,-0.5295964517353735f,-0.8475314881697401f,0.4918531178659187f,0f,0f,0f,1f], start_interpolation: 0, interpolation_duration: 1 }
$data merge entity $(bone_neck6) { transformation: [-0.9993908270190958f,-0.011936330864183047f,-0.03279479952048219f,0.02469014257096024f,8.673617379884035e-19f,0.9396926207859084f,-0.3420201433256689f,0.8365359400840648f,0.03489949670250085f,-0.3418117938954298f,-0.9391201854309704f,0.7554530373048814f,0f,0f,0f,1f], start_interpolation: 0, interpolation_duration: 1 }
$data merge entity $(bone_neck_spine6) { transformation: [-1.1048148795723234f,-0.06291651542798501f,-0.019164328304282136f,-0.09740858864137096f,-0.010451279335530732f,-0.1504524759453002f,1.0964472174981985f,0.13869806014146424f,-0.06493481464672773f,1.0946904777541868f,0.1495924639761845f,-1.3769096363401165f,0f,0f,0f,1f], start_interpolation: 0, interpolation_duration: 1 }
$data merge entity $(bone_neck_spine7) { transformation: [-0.9625630444739885f,-0.25852189604621373f,0.0814789216769406f,0.36636262075221865f,0.049375075371450874f,0.12833843002326478f,0.9905005549272689f,0.6307814975911417f,-0.2665229583826313f,0.9574422576029501f,-0.11076929182375347f,-4.457856468946119f,0f,0f,0f,1f], start_interpolation: 0, interpolation_duration: 1 }
$data merge entity $(bone_tail6) { transformation: [-1.3808865451820724f,-0.3886409780324929f,0.42930737381635353f,1.4295692651358851f,-0.01360832258800094f,1.1315609099333042f,0.9806013473125978f,-0.6757850855593005f,-0.578931295211692f,0.9004012322231059f,-1.0470484507030473f,-7.166424661905484f,0f,0f,0f,1f], start_interpolation: 0, interpolation_duration: 1 }
$data merge entity $(bone_tail5) { transformation: [-1.1407323634112774f,-0.3210512427224942f,0.3546452218482921f,1.2268000592058885f,-0.011241657790087735f,0.9347677082057732f,0.8100619825625809f,-0.08540548037670626f,-0.4782475916966152f,0.7438097135756092f,-0.8649530679720827f,-6.696650105962994f,0f,0f,0f,1f], start_interpolation: 0, interpolation_duration: 1 }
$data merge entity $(bone_tail4) { transformation: [-0.9221920579998537f,-0.2595445835903953f,0.28670266355735613f,1.1254154562408905f,-0.009087992823986715f,0.7556858946337197f,0.6548711606400653f,0.20978432221459054f,-0.3866254214978952f,0.6013114316063872f,-0.6992462696869047f,-6.461762827991749f,0f,0f,0f,1f], start_interpolation: 0, interpolation_duration: 1 }
$data merge entity $(bone_segment18) { transformation: [-0.9221920579998537f,-0.32427976698729327f,0.21072361254653216f,0.9670757262666261f,-0.009087992823986715f,0.5629034222308475f,0.8264727131776534f,0.4846395088507466f,-0.3866254214978952f,0.7602515175673553f,-0.5220521175975706f,-6.090546266679564f,0f,0f,0f,1f], start_interpolation: 0, interpolation_duration: 1 }
$data merge entity $(bone_segment17) { transformation: [-0.9231955027296526f,-0.38371559220461715f,0.021734949707871508f,0.7235062585586172f,0.06622721745571948f,-0.10312212962336105f,0.9924614763556397f,0.41918112578904276f,-0.37858158883894016f,0.9176754168446503f,0.1206143022662764f,-5.508037457159034f,0f,0f,0f,1f], start_interpolation: 0, interpolation_duration: 1 }
$data merge entity $(bone_segment16) { transformation: [-0.9344170658929922f,-0.35615488083982677f,-0.004295092769677792f,0.42786988286149535f,0.06104286523445854f,-0.17201066716177757f,0.983201962460678f,0.2763988337113954f,-0.35091097955450024f,0.9184585081736293f,0.18247041730530428f,-4.745645140803971f,0f,0f,0f,1f], start_interpolation: 0, interpolation_duration: 1 }
$data merge entity $(bone_segment15) { transformation: [-0.9625630444739885f,-0.27080127275666444f,0.011792204473166954f,0.15019279653874373f,0.049375075371450874f,-0.13239500373492885f,0.989966496866481f,0.14064223808475934f,-0.2665229583826313f,0.9534874061357068f,0.1408093711212832f,-3.7679480934968494f,0f,0f,0f,1f], start_interpolation: 0, interpolation_duration: 1 }
$data merge entity $(bone_segment14) { transformation: [-0.9872267649520243f,-0.15857218819129415f,-0.015432941864249105f,-0.012405638618344914f,0.02258410235837316f,-0.2351716787320755f,0.9716914324223531f,-0.10050059655262267f,-0.1577126275319354f,0.9589312502231647f,0.23574898613230688f,-2.7846689794984876f,0f,0f,0f,1f], start_interpolation: 0, interpolation_duration: 1 }
$data merge entity $(bone_segment13) { transformation: [-0.9982327382488756f,-0.052976478719767316f,-0.026923836847782778f,-0.0686566535462524f,-0.009443038270220708f,-0.30590147101878473f,0.9520163439021261f,-0.45234798138952337f,-0.058670514880808114f,0.9505881246528368f,0.304860604133468f,-1.7709721830432366f,0f,0f,0f,1f], start_interpolation: 0, interpolation_duration: 1 }
$data merge entity $(bone_segment12) { transformation: [-0.9997388988947029f,0.02262650978535098f,-0.003189841961702208f,-0.04214121239154421f,-0.0007778158178773184f,0.10581917248304912f,0.9943850852348683f,-0.32834113863595016f,0.02283701029821286f,0.9941279312995565f,-0.10577394372293786f,-0.6059785135515686f,0f,0f,0f,1f], start_interpolation: 0, interpolation_duration: 1 }
$data merge entity $(bone_segment11) { transformation: [-1.0340522017002878f,0.04538770937701027f,-0.014982052942045214f,0.007189911632478105f,0.015634831873353114f,0.627828535201727f,0.8228823393005883f,0.39726281229729654f,0.045167002392700065f,0.8217784057384474f,-0.6278444518118288f,0.3438548302280017f,0f,0f,0f,1f], start_interpolation: 0, interpolation_duration: 1 }
$data merge entity $(bone_segment10) { transformation: [-0.9993908270190958f,0.01748568464190611f,-0.030203074391387315f,0.026449693895801627f,8.673617379884035e-19f,0.8654300848190459f,0.5010297079915513f,1.195926047860159f,0.03489949670250085f,0.5007244942308124f,-0.8649028881945122f,0.8058399947073294f,0f,0f,0f,1f], start_interpolation: 0, interpolation_duration: 1 }