# This file was generated by Animated Java via MC-Build. It is not recommended to edit this file directly.
$data merge entity $(bone_neck_spine5) { transformation: [-1.3663750256766398f,0.010113169522854928f,-0.04602904697703997f,0.08019892569588609f,0f,1.335336541262208f,0.29339049358514285f,3.7009111532460475f,0.04712694943885668f,0.2932161413161553f,-1.3345429949104306f,-0.49949935216725005f,0f,0f,0f,1f], start_interpolation: 0, interpolation_duration: 1 }
$data merge entity $(bone_neck_spine2) { transformation: [-1.3013095482634662f,0.012023334413754062f,-0.04324240941891262f,0.040783786237120034f,0f,1.2544941340649163f,0.3488057834112843f,4.734644287126601f,0.04488280898938731f,0.3485984996679342f,-1.2537486296825735f,1.1907976658946886f,0f,0f,0f,1f], start_interpolation: 0, interpolation_duration: 1 }
$data merge entity $(bone_scale_neck_left1) { transformation: [-1.3776646525259995f,0.38975617879467983f,0.039870348312550694f,0.7157557645203105f,0.3411382073673112f,1.1216471937454033f,0.8227950623576057f,3.987040991586691f,0.19267653478670416f,0.8009101773964469f,-1.1716987919632573f,0.9290371219319769f,0f,0f,0f,1f], start_interpolation: 0, interpolation_duration: 1 }
$data merge entity $(bone_scale_neck_right1) { transformation: [-1.3876660489353345f,-0.33364804623020616f,-0.12050450730881883f,-0.6506192611563291f,-0.3411382073673112f,1.1216471937454033f,0.8227950623576057f,3.987040991586691f,-0.0972989131963578f,0.8258607463807712f,-1.1661673839895281f,0.9761640713708337f,0f,0f,0f,1f], start_interpolation: 0, interpolation_duration: 1 }
$data merge entity $(bone_blush_right1) { transformation: [-0.9994057330663421f,0.015858662848615583f,-0.030605285928762833f,-0.5075312884745741f,0f,0.887881877650886f,0.46007148503155126f,3.3156257300151415f,0.034469997303849455f,0.4597980797608779f,-0.8873542388100039f,2.008396969950507f,0f,0f,0f,1f], start_interpolation: 0, interpolation_duration: 1 }
$data merge entity $(bone_blush_left1) { transformation: [-0.9994057330663421f,0.015858662848615583f,-0.030605285928762833f,0.6441276617385935f,0f,0.887881877650886f,0.46007148503155126f,3.3156257300151415f,0.034469997303849455f,0.4597980797608779f,-0.8873542388100039f,1.9686756839948991f,0f,0f,0f,1f], start_interpolation: 0, interpolation_duration: 1 }
$data merge entity $(bone_left_head_scales) { transformation: [-0.8723517636349996f,0.015858662848615583f,-0.48862143147385556f,0.6534932262964026f,-0.21243737020230147f,0.887881877650886f,0.40808839125937807f,4.036473620868773f,0.44030985024688696f,0.4597980797608779f,-0.7711763492378204f,1.9569081725574293f,0f,0f,0f,1f], start_interpolation: 0, interpolation_duration: 1 }
$data merge entity $(bone_left_head_scales2) { transformation: [-0.8011107784789079f,0.015858662848615583f,-0.5983059613755924f,0.6455868421268928f,-0.2638861628511308f,0.887881877650886f,0.3768684974826675f,3.27542262001385f,0.5372016508357215f,0.4597980797608779f,-0.7071068605151448f,1.7276744538199276f,0f,0f,0f,1f], start_interpolation: 0, interpolation_duration: 1 }
$data merge entity $(bone_left_head_scales1) { transformation: [-0.9994057330663421f,0.015858662848615583f,-0.030605285928762833f,0.6519445287525925f,0f,0.887881877650886f,0.46007148503155126f,3.9497664062544287f,0.034469997303849455f,0.4597980797608779f,-0.8873542388100039f,1.912006016330781f,0f,0f,0f,1f], start_interpolation: 0, interpolation_duration: 1 }
$data merge entity $(bone_right_head_scales) { transformation: [-0.9006156603055355f,0.015858662848615583f,0.43432699113119627f,-0.5176853671407169f,0.21243737020230147f,0.887881877650886f,0.40808839125937807f,4.036473620868773f,-0.3791593281906098f,0.4597980797608779f,-0.8030092961443561f,1.9973027006478778f,0f,0f,0f,1f], start_interpolation: 0, interpolation_duration: 1 }
$data merge entity $(bone_right_head_scales2) { transformation: [-0.8362197201519571f,0.015858662848615583f,0.5481651963064021f,-0.5255917513102267f,0.2638861628511308f,0.887881877650886f,0.3768684974826675f,3.27542262001385f,-0.4807293133195528f,0.4597980797608779f,-0.746649216944289f,1.768068981910376f,0f,0f,0f,1f], start_interpolation: 0, interpolation_duration: 1 }
$data merge entity $(bone_right_head_scales1) { transformation: [-0.9994057330663421f,0.015858662848615583f,-0.030605285928762833f,-0.519234064684527f,0f,0.887881877650886f,0.46007148503155126f,3.9497664062544287f,0.034469997303849455f,0.4597980797608779f,-0.8873542388100039f,1.9524005444212296f,0f,0f,0f,1f], start_interpolation: 0, interpolation_duration: 1 }
$data merge entity $(bone_head_left_fin1) { transformation: [-0.6688143795388192f,0.025497051540967573f,-0.7429920767308504f,0.643895329392803f,-0.08587698086791729f,0.9900717408650949f,0.1112793426354218f,3.658311127111469f,0.7384527539925053f,0.13823114085862648f,-0.6599846072582348f,1.6786315859281078f,0f,0f,0f,1f], start_interpolation: 0, interpolation_duration: 1 }
$data merge entity $(bone_head_right_fin1) { transformation: [-0.7181037102298443f,-0.015912470384065652f,0.695754162503113f,-0.5272832640443165f,0.08587698086791729f,0.9900717408650949f,0.1112793426354218f,3.658311127111469f,-0.6906172641276375f,0.13965937572048798f,-0.7096076755942118f,1.7190261140185563f,0f,0f,0f,1f], start_interpolation: 0, interpolation_duration: 1 }
$data merge entity $(bone_right_whisker16) { transformation: [0.25390784686546103f,0.9091102545504882f,-0.3302262109089645f,-0.9840536103568427f,0.954415839518983f,-0.290876906494399f,-0.06694050002444882f,1.2780601125054534f,-0.1569114736895303f,-0.2981764080865469f,-0.9415251558429993f,1.7694601077663334f,0f,0f,0f,1f], start_interpolation: 0, interpolation_duration: 1 }
$data merge entity $(bone_right_whisker15) { transformation: [-0.8681910658701777f,0.3703983298719265f,-0.3302262109089645f,-0.729700759027689f,0.41296467956309874f,0.9082836246954051f,-0.06694050002444882f,1.1570743665397019f,0.275144410403976f,-0.19448890543746572f,-0.9415251558429993f,1.6888513937807936f,0f,0f,0f,1f], start_interpolation: 0, interpolation_duration: 1 }
$data merge entity $(bone_right_whisker14) { transformation: [-0.7026082897851562f,-0.6303112253116594f,-0.3302262109089645f,-0.523858486629694f,-0.648658106862058f,0.758130351495445f,-0.06694050002444882f,1.3471109212844454f,0.2925478619428078f,0.16717095856489833f,-0.9415251558429993f,1.6031440123522367f,0f,0f,0f,1f], start_interpolation: 0, interpolation_duration: 1 }
$data merge entity $(bone_right_whisker13) { transformation: [-0.09834380807940638f,-0.9897384914311589f,-0.10366394740706304f,-0.4950468241064304f,-0.9877546199493921f,0.084403605182148f,0.13121296506400448f,1.636492157597744f,-0.12111691121008833f,0.1152985256273016f,-0.9859193394021122f,1.6386274824333174f,0f,0f,0f,1f], start_interpolation: 0, interpolation_duration: 1 }
$data merge entity $(bone_right_whisker12) { transformation: [0.05521614986227867f,-0.9952707060152884f,-0.07992120208189682f,-0.516615632646383f,-0.9363786901996177f,-0.07940316040159504f,0.34189192248177885f,2.0022650834569697f,-0.34662101109776133f,0.05595855489616902f,-0.9363346168969174f,1.7740263148933804f,0f,0f,0f,1f], start_interpolation: 0, interpolation_duration: 1 }
$data merge entity $(bone_right_whisker11) { transformation: [0.29029141586956464f,-0.9550793378594539f,-0.0596183886597952f,-0.6300107169704317f,-0.9550575233884304f,-0.29306218602338263f,0.0444936191195312f,2.3753344285305755f,-0.059966831595483716f,0.04402287493046306f,-0.9972291439740693f,1.7974508584853661f,0f,0f,0f,1f], start_interpolation: 0, interpolation_duration: 1 }
$data merge entity $(bone_right_whisker10) { transformation: [0.07744788736718598f,-0.9955625479919402f,0.05345126544952404f,-0.6602637979732386f,-0.9765028433216948f,-0.08656111814122822f,-0.19735594698611414f,2.7567808517031125f,0.20110699074623248f,-0.03691051153717799f,-0.9788736345469f,1.718893440225119f,0f,0f,0f,1f], start_interpolation: 0, interpolation_duration: 1 }
$data merge entity $(bone_right_whisker1) { transformation: [-0.3426391016301751f,-0.9391955995326324f,0.022584770368676056f,-0.5264203988989515f,-0.9372582871274614f,0.34338224699440106f,0.06029540330716188f,3.122897370112277f,-0.0643843866551802f,-0.0005082003693173964f,-0.9979250435215163f,1.7440435912622987f,0f,0f,0f,1f], start_interpolation: 0, interpolation_duration: 1 }
$data merge entity $(bone_left_whisker16) { transformation: [0.2641155177334994f,-0.9274939440557104f,0.26457130802932466f,1.1030550773116525f,-0.954415839518983f,-0.290876906494399f,-0.06694050002444882f,1.2780601125054534f,0.1390445920114841f,-0.2348310222441467f,-0.9620400160201904f,1.6974746983810558f,0f,0f,0f,1f], start_interpolation: 0, interpolation_duration: 1 }
$data merge entity $(bone_left_whisker15) { transformation: [-0.8850851119533812f,-0.3829182256907107f,0.26457130802932466f,0.8437527984190603f,-0.41296467956309874f,0.9082836246954051f,-0.06694050002444882f,1.1570743665397019f,-0.2146730491510686f,-0.16850664540027455f,-0.9620400160201904f,1.6345822035125788f,0f,0f,0f,1f], start_interpolation: 0, interpolation_duration: 1 }
$data merge entity $(bone_left_whisker14) { transformation: [-0.7210949012480588f,0.6403312942233137f,0.26457130802932466f,0.632494526569043f,0.648658106862058f,0.758130351495445f,-0.06694050002444882f,1.3471109212844454f,-0.24344363576849265f,0.12334587054169457f,-0.9620400160201904f,1.563260825846028f,0f,0f,0f,1f], start_interpolation: 0, interpolation_duration: 1 }
$data merge entity $(bone_left_whisker13) { transformation: [-0.08976527045102489f,0.9953304711535518f,0.03548872235094502f,0.6061961074915944f,0.9877546199493921f,0.084403605182148f,0.13121296506400448f,1.636492157597744f,0.1276048862288821f,0.04683251675389839f,-0.990718783704543f,1.6006450698583958f,0f,0f,0f,1f], start_interpolation: 0, interpolation_duration: 1 }
$data merge entity $(bone_left_whisker12) { transformation: [0.07896678633678596f,0.9967610730190775f,0.015218737447546342f,0.6370425084044014f,0.9363786901996177f,-0.07940316040159504f,0.34189192248177885f,2.0022650834569697f,0.34199297536015044f,-0.012747604955266346f,-0.9396160403974675f,1.7342360758584545f,0f,0f,0f,1f], start_interpolation: 0, interpolation_duration: 1 }
$data merge entity $(bone_left_whisker11) { transformation: [0.2937332348260884f,0.9558428573578007f,-0.009231402746974593f,0.7517820532583421f,0.9550575233884304f,-0.29306218602338263f,0.0444936191195312f,2.3753344285305755f,0.039823532964311764f,-0.02188577531802654f,-0.9989670160025147f,1.749792143422639f,0f,0f,0f,1f], start_interpolation: 0, interpolation_duration: 1 }
$data merge entity $(bone_left_whisker10) { transformation: [0.06340776744120859f,0.9906536332649958f,-0.12076768577307746f,0.7765507124150642f,0.9765028433216948f,-0.08656111814122822f,-0.19735594698611414f,2.7567808517031125f,-0.20596517184409388f,-0.10541608854915613f,-0.9728647368787856f,1.6693369981710398f,0f,0f,0f,1f], start_interpolation: 0, interpolation_duration: 1 }
$data merge entity $(bone_left_whisker1) { transformation: [-0.3373888457648544f,0.9369287168259346f,-0.0912871641599574f,0.644758194538168f,0.9372582871274614f,0.34338224699440106f,0.06029540330716188f,3.122897370112277f,0.08783888640207427f,-0.0652166545905554f,-0.9939975442623885f,1.70364906317185f,0f,0f,0f,1f], start_interpolation: 0, interpolation_duration: 1 }
$data merge entity $(bone_upper_left_tooth1) { transformation: [-0.9994057330663421f,0.013130889421489607f,-0.031870997115371225f,0.35805025287752434f,0f,0.9246010910424995f,0.3809367696127789f,3.0875878121080063f,0.034469997303849455f,0.3807103914867833f,-0.9240516311872689f,2.5985015958483624f,0f,0f,0f,1f], start_interpolation: 0, interpolation_duration: 1 }
$data merge entity $(bone_upper_right_tooth1) { transformation: [-0.9994057330663421f,0.013130889421489607f,-0.031870997115371225f,-0.2275390438410355f,0f,0.9246010910424995f,0.3809367696127789f,3.0875878121080063f,0.034469997303849455f,0.3807103914867833f,-0.9240516311872689f,2.6186988598935868f,0f,0f,0f,1f], start_interpolation: 0, interpolation_duration: 1 }
$data merge entity $(bone_top_lip1) { transformation: [-0.9994057330663421f,-0.0019363718166251712f,-0.034415565930479314f,0.09106601562455005f,0f,0.9984209057839392f,-0.056175572036059385f,3.1869101949348373f,0.034469997303849455f,-0.056142188751119204f,-0.9978275772537588f,2.6486552885160437f,0f,0f,0f,1f], start_interpolation: 0, interpolation_duration: 1 }
$data merge entity $(bone_muzzle1) { transformation: [-0.9994057330663421f,0.013130889421489607f,-0.031870997115371225f,0.07742747544441123f,0f,0.9246010910424995f,0.3809367696127789f,3.5083540899180057f,0.034469997303849455f,0.3807103914867833f,-0.9240516311872689f,2.253226326728332f,0f,0f,0f,1f], start_interpolation: 0, interpolation_duration: 1 }
$data merge entity $(bone_jaw_right_tooth1) { transformation: [-0.9994057330663421f,-0.005412007984098501f,-0.034042486450132324f,-0.22816630412006914f,0f,0.9875975953827707f,-0.15700633615930415f,2.917626591498685f,0.034469997303849455f,-0.15691303248535f,-0.9870106987880747f,2.6005123914275434f,0f,0f,0f,1f], start_interpolation: 0, interpolation_duration: 1 }
$data merge entity $(bone_jaw_left_tooth1) { transformation: [-0.9994057330663421f,-0.005412007984098501f,-0.034042486450132324f,0.4062221006583706f,0f,0.9875975953827707f,-0.15700633615930415f,2.917626591498685f,0.034469997303849455f,-0.15691303248535f,-0.9870106987880747f,2.578632022045217f,0f,0f,0f,1f], start_interpolation: 0, interpolation_duration: 1 }
$data merge entity $(bone_tongue1) { transformation: [-0.9994057330663421f,0.010513635701638643f,-0.032827491199612216f,0.06616580659260102f,0f,0.9523496886362154f,0.3050083122711626f,3.1253441865832583f,0.034469997303849455f,0.3048270559166889f,-0.9517837387069795f,1.9267111745749306f,0f,0f,0f,1f], start_interpolation: 0, interpolation_duration: 1 }
$data merge entity $(bone_jaw_lips1) { transformation: [-0.9994057330663421f,0.010513635701638643f,-0.032827491199612216f,0.13943066486572783f,0f,0.9523496886362154f,0.3050083122711626f,2.7801034060576777f,0.034469997303849455f,0.3048270559166889f,-0.9517837387069795f,2.6343757031048423f,0f,0f,0f,1f], start_interpolation: 0, interpolation_duration: 1 }
$data merge entity $(bone_jaw3) { transformation: [-0.9994057330663421f,0.0005816283132124705f,-0.03446508991186093f,0.11246221346035604f,0f,0.999857632945391f,0.016873465584736846f,2.7200537283647503f,0.034469997303849455f,0.016863438242083528f,-0.999263450615766f,1.8524660119358294f,0f,0f,0f,1f], start_interpolation: 0, interpolation_duration: 1 }
$data merge entity $(bone_jaw1) { transformation: [-0.9994057330663421f,0.024781772115283568f,-0.0239592254664783f,0.09374406856466987f,0f,0.6950747705397307f,0.7189374544139013f,3.281723614625611f,0.034469997303849455f,0.7185102136573748f,-0.6946617105871791f,1.3097615505395956f,0f,0f,0f,1f], start_interpolation: 0, interpolation_duration: 1 }
$data merge entity $(bone_tear_right1) { transformation: [-0.9994057330663421f,0.015858662848615583f,-0.030605285928762833f,-0.45062182130277606f,0f,0.887881877650886f,0.46007148503155126f,3.578665010801245f,0.034469997303849455f,0.4597980797608779f,-0.8873542388100039f,2.241861530052084f,0f,0f,0f,1f], start_interpolation: 0, interpolation_duration: 1 }
$data merge entity $(bone_right_pupil1) { transformation: [-0.9994057330663421f,0.015858662848615583f,-0.030605285928762833f,-0.286243101003265f,0f,0.887881877650886f,0.46007148503155126f,3.638414911839522f,0.034469997303849455f,0.4597980797608779f,-0.8873542388100039f,2.3332028618684433f,0f,0f,0f,1f], start_interpolation: 0, interpolation_duration: 1 }
$data merge entity $(bone_right_sad_pupil1) { transformation: [-0.9994057330663421f,0.015858662848615583f,-0.030605285928762833f,-0.2865419807486631f,0f,0.887881877650886f,0.46007148503155126f,3.6429077974355333f,0.034469997303849455f,0.4597980797608779f,-0.8873542388100039f,2.3245372931300645f,0f,0f,0f,1f], start_interpolation: 0, interpolation_duration: 1 }
$data merge entity $(bone_right_happy_pupil1) { transformation: [-0.9994057330663421f,0.015858662848615583f,-0.030605285928762833f,-0.31132839189443196f,0f,0.887881877650886f,0.46007148503155126f,3.6212312712450343f,0.034469997303849455f,0.4597980797608779f,-0.8873542388100039f,2.3141534396569794f,0f,0f,0f,1f], start_interpolation: 0, interpolation_duration: 1 }
$data merge entity $(bone_eyelid_right1) { transformation: [-0.9994057330663421f,0.015858662848615583f,-0.030605285928762833f,0.07349312758489554f,0f,0.887881877650886f,0.46007148503155126f,3.8241984699289233f,0.034469997303849455f,0.4597980797608779f,-0.8873542388100039f,1.8558478562302336f,0f,0f,0f,1f], start_interpolation: 0, interpolation_duration: 1 }
$data merge entity $(bone_eyelid_expressions_right5) { transformation: [-0.9994057330663421f,0.015858662848615583f,-0.030605285928762833f,-0.39723091942828537f,0f,0.887881877650886f,0.46007148503155126f,3.729615012049878f,0.034469997303849455f,0.4597980797608779f,-0.8873542388100039f,2.3733105808601733f,0f,0f,0f,1f], start_interpolation: 0, interpolation_duration: 1 }
$data merge entity $(bone_eyelid_expressions_right7) { transformation: [-0.9994057330663421f,0.015858662848615583f,-0.030605285928762833f,-0.10443627106900549f,0f,0.887881877650886f,0.46007148503155126f,3.729615012049878f,0.034469997303849455f,0.4597980797608779f,-0.8873542388100039f,2.363211948837561f,0f,0f,0f,1f], start_interpolation: 0, interpolation_duration: 1 }
$data merge entity $(bone_eyelid_expressions_right6) { transformation: [-0.9994057330663421f,0.015858662848615583f,-0.030605285928762833f,-0.20203448718876546f,0f,0.887881877650886f,0.46007148503155126f,3.729615012049878f,0.034469997303849455f,0.4597980797608779f,-0.8873542388100039f,2.366578159511765f,0f,0f,0f,1f], start_interpolation: 0, interpolation_duration: 1 }
$data merge entity $(bone_right_eye1) { transformation: [-0.9994057330663421f,0.015858662848615583f,-0.030605285928762833f,0.06403218571831762f,0f,0.887881877650886f,0.46007148503155126f,3.819705584332912f,0.034469997303849455f,0.4597980797608779f,-0.8873542388100039f,1.8648500460360329f,0f,0f,0f,1f], start_interpolation: 0, interpolation_duration: 1 }
$data merge entity $(bone_tear_left1) { transformation: [-0.9994057330663421f,0.015858662848615583f,-0.030605285928762833f,0.6034389127906316f,0f,0.887881877650886f,0.46007148503155126f,3.578665010801245f,0.034469997303849455f,0.4597980797608779f,-0.8873542388100039f,2.2055064547706804f,0f,0f,0f,1f], start_interpolation: 0, interpolation_duration: 1 }
$data merge entity $(bone_left_sad_pupil1) { transformation: [-0.9994057330663421f,0.015858662848615583f,-0.030605285928762833f,0.44544464014953666f,0f,0.887881877650886f,0.46007148503155126f,3.6429077974355333f,0.034469997303849455f,0.4597980797608779f,-0.8873542388100039f,2.299290713073534f,0f,0f,0f,1f], start_interpolation: 0, interpolation_duration: 1 }
$data merge entity $(bone_left_pupil1) { transformation: [-0.9994057330663421f,0.015858662848615583f,-0.030605285928762833f,0.44574351989493466f,0f,0.887881877650886f,0.46007148503155126f,3.638414911839522f,0.034469997303849455f,0.4597980797608779f,-0.8873542388100039f,2.3079562818119133f,0f,0f,0f,1f], start_interpolation: 0, interpolation_duration: 1 }
$data merge entity $(bone_eyelid_left1) { transformation: [-0.9994057330663421f,0.015858662848615583f,-0.030605285928762833f,0.05397348436094355f,0f,0.887881877650886f,0.46007148503155126f,3.8241984699289233f,0.034469997303849455f,0.4597980797608779f,-0.8873542388100039f,1.8565210983650744f,0f,0f,0f,1f], start_interpolation: 0, interpolation_duration: 1 }
$data merge entity $(bone_left_happy_pupil1) { transformation: [-0.9994057330663421f,0.015858662848615583f,-0.030605285928762833f,0.4694573370636478f,0f,0.887881877650886f,0.46007148503155126f,3.6212312712450343f,0.034469997303849455f,0.4597980797608779f,-0.8873542388100039f,2.287223754263347f,0f,0f,0f,1f], start_interpolation: 0, interpolation_duration: 1 }
$data merge entity $(bone_eyelid_expressions_left5) { transformation: [-0.9994057330663421f,0.015858662848615583f,-0.030605285928762833f,0.5592315985453622f,0f,0.887881877650886f,0.46007148503155126f,3.729615012049878f,0.034469997303849455f,0.4597980797608779f,-0.8873542388100039f,2.3403217162529737f,0f,0f,0f,1f], start_interpolation: 0, interpolation_duration: 1 }
$data merge entity $(bone_eyelid_expressions_left7) { transformation: [-0.9994057330663421f,0.015858662848615583f,-0.030605285928762833f,0.2664369501860824f,0f,0.887881877650886f,0.46007148503155126f,3.729615012049878f,0.034469997303849455f,0.4597980797608779f,-0.8873542388100039f,2.350420348275586f,0f,0f,0f,1f], start_interpolation: 0, interpolation_duration: 1 }
$data merge entity $(bone_eyelid_expressions_left6) { transformation: [-0.9994057330663421f,0.015858662848615583f,-0.030605285928762833f,0.3640351663058424f,0f,0.887881877650886f,0.46007148503155126f,3.729615012049878f,0.034469997303849455f,0.4597980797608779f,-0.8873542388100039f,2.347054137601382f,0f,0f,0f,1f], start_interpolation: 0, interpolation_duration: 1 }
$data merge entity $(bone_left_eye1) { transformation: [-0.9994057330663421f,0.015858662848615583f,-0.030605285928762833f,0.06403218571831762f,0f,0.887881877650886f,0.46007148503155126f,3.819705584332912f,0.034469997303849455f,0.4597980797608779f,-0.8873542388100039f,1.8648500460360329f,0f,0f,0f,1f], start_interpolation: 0, interpolation_duration: 1 }
$data merge entity $(bone_crest_middle5) { transformation: [-0.9994057330663421f,0.008858552946477942f,-0.03331226131354393f,0.09582915509636215f,0f,0.9664132265488679f,0.25699314300464604f,4.698836627850848f,0.034469997303849455f,0.2568404204775814f,-0.9658389191240799f,2.7867553543083887f,0f,0f,0f,1f], start_interpolation: 0, interpolation_duration: 1 }
$data merge entity $(bone_crest_middle4) { transformation: [-0.9994057330663421f,0.008858552946477942f,-0.03331226131354393f,0.09063859672928523f,0f,0.9664132265488679f,0.25699314300464604f,4.132578877919871f,0.034469997303849455f,0.2568404204775814f,-0.9658389191240799f,2.636262920434806f,0f,0f,0f,1f], start_interpolation: 0, interpolation_duration: 1 }
$data merge entity $(bone_crest_middle1) { transformation: [-0.9994057330663421f,0.008858552946477942f,-0.03331226131354393f,0.08918555125323478f,0f,0.9664132265488679f,0.25699314300464604f,3.6890627451951197f,0.034469997303849455f,0.2568404204775814f,-0.9658389191240799f,2.5941340520635645f,0f,0f,0f,1f], start_interpolation: 0, interpolation_duration: 1 }
$data merge entity $(bone_crest_left5) { transformation: [-0.5503553695446689f,-0.831226038440046f,0.07856360628572231f,-0.8702520487942306f,-0.7488319805030405f,0.5330286618817405f,0.39386686911754215f,4.164170475217784f,-0.369269051220441f,0.157935805414188f,-0.9158038267985815f,2.6397154151935536f,0f,0f,0f,1f], start_interpolation: 0, interpolation_duration: 1 }
$data merge entity $(bone_crest_left4) { transformation: [-0.5503553695446689f,-0.831226038440046f,0.07856360628572231f,-0.4643799597121769f,-0.7488319805030405f,0.5330286618817405f,0.39386686911754215f,3.9039025739083404f,-0.369269051220441f,0.157935805414188f,-0.9158038267985815f,2.5625983227061573f,0f,0f,0f,1f], start_interpolation: 0, interpolation_duration: 1 }
$data merge entity $(bone_crest_left1) { transformation: [-0.5503553695446689f,-0.831226038440046f,0.07856360628572231f,-0.014084548133747751f,-0.7488319805030405f,0.5330286618817405f,0.39386686911754215f,3.6368396631865822f,-0.369269051220441f,0.157935805414188f,-0.9158038267985815f,2.4330525372396217f,0f,0f,0f,1f], start_interpolation: 0, interpolation_duration: 1 }
$data merge entity $(bone_crest_center1) { transformation: [-0.9994057330663421f,0.015858662848615583f,-0.030605285928762833f,0.08312649855589183f,0f,0.887881877650886f,0.46007148503155126f,3.615163136996083f,0.034469997303849455f,0.4597980797608779f,-0.8873542388100039f,2.4184609311956557f,0f,0f,0f,1f], start_interpolation: 0, interpolation_duration: 1 }
$data merge entity $(bone_crest_right5) { transformation: [-0.523605248367563f,0.8401323680837715f,-0.1414749022968283f,1.0494836923116329f,0.7488319805030405f,0.5330286618817405f,0.39386686911754215f,4.164170475217784f,0.40631048332258973f,0.10028982854963688f,-0.9082145899684981f,2.5735027813946743f,0f,0f,0f,1f], start_interpolation: 0, interpolation_duration: 1 }
$data merge entity $(bone_crest_right4) { transformation: [-0.523605248367563f,0.8401323680837715f,-0.1414749022968283f,0.6392628094582289f,0.7488319805030405f,0.5330286618817405f,0.39386686911754215f,3.9039025739083404f,0.40631048332258973f,0.10028982854963688f,-0.9082145899684981f,2.524533138548172f,0f,0f,0f,1f], start_interpolation: 0, interpolation_duration: 1 }
$data merge entity $(bone_crest_right1) { transformation: [-0.523605248367563f,0.8401323680837715f,-0.1414749022968283f,0.18111188410577217f,0.7488319805030405f,0.5330286618817405f,0.39386686911754215f,3.6368396631865822f,0.40631048332258973f,0.10028982854963688f,-0.9082145899684981f,2.4263201158912135f,0f,0f,0f,1f], start_interpolation: 0, interpolation_duration: 1 }
$data merge entity $(bone_head1) { transformation: [-0.9994057330663421f,0.015858662848615583f,-0.030605285928762833f,0.04681945094951846f,0f,0.887881877650886f,0.46007148503155126f,4.023460684806358f,0.034469997303849455f,0.4597980797608779f,-0.8873542388100039f,1.3657926873118669f,0f,0f,0f,1f], start_interpolation: 0, interpolation_duration: 1 }
$data merge entity $(bone_neck10) { transformation: [-1.3013095482634662f,0.01756474016496652f,-0.04130310455298775f,0.012121566906024738f,0f,1.1982334721092422f,0.5095660440624685f,4.027056449568095f,0.04488280898938731f,0.5092632258119671f,-1.1975214015779656f,0.3597797209439762f,0f,0f,0f,1f], start_interpolation: 0, interpolation_duration: 1 }
$data merge entity $(bone_neck9) { transformation: [-0.9994057330663421f,0.015858662848615583f,-0.030605285928762833f,-0.006517102436516399f,0f,0.887881877650886f,0.4600714850315513f,2.8773982316015614f,0.034469997303849455f,0.45979807976087794f,-0.887354238810004f,-0.18062046631055645f,0f,0f,0f,1f], start_interpolation: 0, interpolation_duration: 1 }
$data merge entity $(bone_neck8) { transformation: [-0.9994057330663421f,-0.008984398764352568f,-0.03327854102827359f,0.0007168071509787832f,0f,0.9654349762469285f,-0.2606440228340031f,2.2565598393174353f,0.034469997303849455f,-0.2604891307097774f,-0.964861250163948f,0.02911586324288079f,0f,0f,0f,1f], start_interpolation: 0, interpolation_duration: 1 }
$data merge entity $(bone_neck7) { transformation: [-0.9994057330663421f,-0.01793333275617924f,-0.029437667882893464f,0.016006813382321843f,0f,0.8540084184922752f,-0.5202591865064208f,1.571265657037395f,0.034469997303849455f,-0.5199500136749484f,-0.8535009095280996f,0.4724265995775727f,0f,0f,0f,1f], start_interpolation: 0, interpolation_duration: 1 }
$data merge entity $(bone_neck6) { transformation: [-0.9994057330663421f,-0.01143498704074467f,-0.032518022472244376f,0.0248154735418797f,0f,0.9433717730117984f,-0.3317373929549934f,0.8176586745535603f,0.034469997303849455f,-0.3315402523917024f,-0.9428111583609513f,0.7278204537311985f,0f,0f,0f,1f], start_interpolation: 0, interpolation_duration: 1 }
$data merge entity $(bone_neck_spine6) { transformation: [-1.105637179644137f,-0.04958395001136807f,-0.007038210510469726f,-0.10313431071265046f,-0.00012681505406523445f,-0.15276940085683813f,1.0961766151479178f,0.1365834074581297f,-0.05008081892163501f,1.0950546194507715f,0.15260723938603166f,-1.4130953718461905f,0f,0f,0f,1f], start_interpolation: 0, interpolation_duration: 1 }
$data merge entity $(bone_neck_spine7) { transformation: [-0.9645565414330947f,-0.24850504017027145f,0.08874639929934343f,0.3248437206227336f,0.059895421762339404f,0.12135546664943822f,0.9908003780611958f,0.6390150476938227f,-0.25698874845124675f,0.9609984889292328f,-0.10216989500431575f,-4.4943058134517395f,0f,0f,0f,1f], start_interpolation: 0, interpolation_duration: 1 }
$data merge entity $(bone_tail6) { transformation: [-1.3522511789048233f,-0.5000365108641327f,0.40444346778921614f,1.5291014337218278f,-0.08342714465637795f,1.0701000430862257f,1.0440881624677918f,-0.5552175049774544f,-0.6376918867047208f,0.9203497526884604f,-0.9942332080760987f,-7.207510450766398f,0f,0f,0f,1f], start_interpolation: 0, interpolation_duration: 1 }
$data merge entity $(bone_tail5) { transformation: [-1.1170770608344194f,-0.4130736394095009f,0.33410547339109165f,1.2682128193579323f,-0.06891807602048615f,0.8839956877668822f,0.8625076124733932f,0.003095560980577061f,-0.5267889498865086f,0.7602889261339456f,-0.8213230849324294f,-6.727327971102852f,0f,0f,0f,1f], start_interpolation: 0, interpolation_duration: 1 }
$data merge entity $(bone_tail4) { transformation: [-0.9030686133903516f,-0.333937426385786f,0.2700978984887983f,1.1377685121759846f,-0.055714823561824584f,0.7146407244262795f,0.6972693119784905f,0.2822520939595925f,-0.4258672773819353f,0.614633573969337f,-0.6639748728716903f,-6.4872367312710795f,0f,0f,0f,1f], start_interpolation: 0, interpolation_duration: 1 }
$data merge entity $(bone_segment18) { transformation: [-0.9030686133903516f,-0.3922099024134357f,0.17503848707661612f,0.9462597707631741f,-0.055714823561824584f,0.5110772837625125f,0.8577271526875008f,0.5318015489217568f,-0.4258672773819353f,0.7648342320207535f,-0.4833897594948843f,-6.113782516417196f,0f,0f,0f,1f], start_interpolation: 0, interpolation_duration: 1 }
$data merge entity $(bone_segment17) { transformation: [-0.90938759645089f,-0.4154653495466785f,0.02006845154288843f,0.6825366484923332f,0.08484733893970392f,-0.13805216768969658f,0.9867839318062628f,0.4441707784156017f,-0.40720403791726323f,0.8990718226717107f,0.16079405829085816f,-5.543082628979098f,0f,0f,0f,1f], start_interpolation: 0, interpolation_duration: 1 }
$data merge entity $(bone_segment16) { transformation: [-0.9315424120893255f,-0.36363261793083906f,0.00023163671013239767f,0.3806931668114609f,0.07420642554945908f,-0.18947596837570058f,0.9790772511989353f,0.2868909218537409f,-0.35598053442003486f,0.9120691731359276f,0.20348877740350074f,-4.785993959872127f,0f,0f,0f,1f], start_interpolation: 0, interpolation_duration: 1 }
$data merge entity $(bone_segment15) { transformation: [-0.9645565414330947f,-0.2630066945864106f,0.021404601873364675f,0.11100856787031718f,0.059895421762339404f,-0.13921762833896112f,0.9884487798624602f,0.1441384709202358f,-0.25698874845124675f,0.954696774144757f,0.1500361709957183f,-3.8070568379463507f,0f,0f,0f,1f], start_interpolation: 0, interpolation_duration: 1 }
$data merge entity $(bone_segment14) { transformation: [-0.9891958164069785f,-0.1465556966592154f,-0.003614495768890752f,-0.03926826952438603f,0.03167765459908698f,-0.23775524994696196f,0.9708084091733851f,-0.09965353341991062f,-0.1431368680739949f,0.9602051181385097f,0.23982903931462957f,-2.822471511730106f,0f,0f,0f,1f], start_interpolation: 0, interpolation_duration: 1 }
$data merge entity $(bone_segment13) { transformation: [-0.9989757105490555f,-0.043015667320758864f,-0.014042154320454622f,-0.08513368425906646f,-0.00011458113120247065f,-0.307920620732281f,0.9514120443840361f,-0.45365517352074636f,-0.045249492860959625f,0.9504391320293984f,0.3076002921049157f,-1.809001652001777f,0f,0f,0f,1f], start_interpolation: 0, interpolation_duration: 1 }
$data merge entity $(bone_segment12) { transformation: [-0.9995006707945573f,0.03127731149645215f,0.004487634876406606f,-0.04848058484916159f,0.007639846884922993f,0.10140453997203819f,0.9948159387608515f,-0.3348217282410141f,0.030660101448054138f,0.9943534829519194f,-0.10159285959447034f,-0.6437436641674963f,0f,0f,0f,1f], start_interpolation: 0, interpolation_duration: 1 }
$data merge entity $(bone_segment11) { transformation: [-1.0338918117101954f,0.04954226028466036f,-0.012718020229544338f,0.006536393542443099f,0.019559481508474f,0.6207750603048743f,0.8281329682488568f,0.3826259210662475f,0.0472610862739294f,0.8268810983832133f,-0.6209528973882329f,0.31195256792336024f,0f,0f,0f,1f], start_interpolation: 0, interpolation_duration: 1 }
$data merge entity $(bone_segment10) { transformation: [-0.9994057330663421f,0.017577317218528694f,-0.029651621094412425f,0.026688557751401075f,0f,0.8602153586795047f,0.5099309136460459f,1.1764767400928267f,0.034469997303849455f,0.5096278785656161f,-0.8597041611360169f,0.782127713491345f,0f,0f,0f,1f], start_interpolation: 0, interpolation_duration: 1 }