# This file was generated by Animated Java via MC-Build. It is not recommended to edit this file directly.
$data merge entity $(bone_neck_spine5) { transformation: [-1.3664000297665648f,0.010130790041570257f,-0.04527677001857584f,0.08117330320663722f,1.1858461261560207e-18f,1.3341969726716563f,0.29852989510271516f,3.6979596825354526f,0.04639632323990109f,0.29835794838276336f,-1.3334285042636886f,-0.4994328102009238f,0f,0f,0f,1f], start_interpolation: 0, interpolation_duration: 1 }
$data merge entity $(bone_neck_spine2) { transformation: [-1.3013333616824425f,0.012219685449783422f,-0.04246372574593711f,0.04111176106504638f,1.1293772630057337e-18f,1.2513033574467602f,0.3600845936539215f,4.72087890058096f,0.044186974514191506f,0.35987719276778024f,-1.2505826339563926f,1.1984239685527096f,0f,0f,0f,1f], start_interpolation: 0, interpolation_duration: 1 }
$data merge entity $(bone_scale_neck_left1) { transformation: [-1.3776634682493674f,0.38966939596745587f,0.040749828223688125f,0.7159955537732522f,0.33981843078085283f,1.1142753045236242f,0.833290704516258f,3.9754514195810033f,0.19500313011729034f,0.8111767538446356f,-1.1642274140687963f,0.9303079894407605f,0f,0f,0f,1f], start_interpolation: 0, interpolation_duration: 1 }
$data merge entity $(bone_scale_neck_right1) { transformation: [-1.3877178376040498f,-0.3337480670513592f,-0.11962796219027957f,-0.6504044759933124f,-0.33981843078085283f,1.1142753045236242f,0.833290704516258f,3.9754514195810033f,-0.10110418240585456f,0.8357405051037338f,-1.1587817615201654f,0.9767043126806616f,0f,0f,0f,1f], start_interpolation: 0, interpolation_duration: 1 }
$data merge entity $(bone_blush_right1) { transformation: [-0.9994240217721159f,0.015728700067400448f,-0.03007046223520888f,-0.507950561945642f,8.673617379884035e-19f,0.8861038378972911f,0.46348677269550154f,3.297918930377877f,0.03393559642689908f,0.46321981440551663f,-0.8855934613790177f,2.0065960008962547f,0f,0f,0f,1f], start_interpolation: 0, interpolation_duration: 1 }
$data merge entity $(bone_blush_left1) { transformation: [-0.9994240217721159f,0.015728700067400448f,-0.03007046223520888f,0.6437294631433196f,8.673617379884035e-19f,0.8861038378972911f,0.46348677269550154f,3.297918930377877f,0.03393559642689908f,0.46321981440551663f,-0.8855934613790177f,1.967490528451195f,0f,0f,0f,1f], start_interpolation: 0, interpolation_duration: 1 }
$data merge entity $(bone_left_head_scales) { transformation: [-0.8726149400139696f,0.015728700067400448f,-0.4881554818483617f,0.6531955114628591f,-0.21401437454492922f,0.8861038378972911f,0.4111177884157219f,4.018805517366808f,0.4390227943427986f,0.46321981440551663f,-0.7698612794455634f,1.9585020635260588f,0f,0f,0f,1f], start_interpolation: 0, interpolation_duration: 1 }
$data merge entity $(bone_left_head_scales2) { transformation: [-0.8014325219778548f,0.015728700067400448f,-0.5978783494243668f,0.6453123174016883f,-0.26584509137853307f,0.8861038378972911f,0.37966613735442734f,3.258643323790481f,0.5357539548208253f,0.46321981440551663f,-0.7059710358335987f,1.726337188215941f,0f,0f,0f,1f], start_interpolation: 0, interpolation_duration: 1 }
$data merge entity $(bone_left_head_scales1) { transformation: [-0.9994240217721159f,0.015728700067400448f,-0.03007046223520888f,0.6516595055969021f,8.673617379884035e-19f,0.8861038378972911f,0.46348677269550154f,3.93227193944715f,0.03393559642689908f,0.46321981440551663f,-0.8855934613790177f,1.9132657535255202f,0f,0f,0f,1f], start_interpolation: 0, interpolation_duration: 1 }
$data merge entity $(bone_right_head_scales) { transformation: [-0.9003849284868579f,0.015728700067400448f,0.434809830325748f,-0.5180045140513392f,0.21401437454492922f,0.8861038378972911f,0.4111177884157219f,4.018805517366808f,-0.37882031102075137f,0.46321981440551663f,-0.8012007086244123f,1.9982703405888311f,0f,0f,0f,1f], start_interpolation: 0, interpolation_duration: 1 }
$data merge entity $(bone_right_head_scales2) { transformation: [-0.8359279391144544f,0.015728700067400448f,0.5486137881989942f,-0.5258877081125101f,0.26584509137853307f,0.8861038378972911f,0.37966613735442734f,3.258643323790481f,-0.48015712844630415f,0.46321981440551663f,-0.7449003527615747f,1.7661054652787134f,0f,0f,0f,1f], start_interpolation: 0, interpolation_duration: 1 }
$data merge entity $(bone_right_head_scales1) { transformation: [-0.9994240217721159f,0.015728700067400448f,-0.03007046223520888f,-0.5195405199172962f,8.673617379884035e-19f,0.8861038378972911f,0.46348677269550154f,3.93227193944715f,0.03393559642689908f,0.46321981440551663f,-0.8855934613790177f,1.9530340305882925f,0f,0f,0f,1f], start_interpolation: 0, interpolation_duration: 1 }
$data merge entity $(bone_head_left_fin1) { transformation: [-0.6692205457539809f,0.025552467087370447f,-0.7426243549510703f,0.6436970714785584f,-0.0886292239746169f,0.9895290890720474f,0.11391682289241367f,3.641717939425802f,0.7377592573451054f,0.14205369867058443f,-0.6599485016996446f,1.6787672101805526f,0f,0f,0f,1f], start_interpolation: 0, interpolation_duration: 1 }
$data merge entity $(bone_head_right_fin1) { transformation: [-0.7177229240340649f,-0.01585781261454724f,0.6961482127356746f,-0.52750295403564f,0.0886292239746169f,0.9895290890720474f,0.11391682289241367f,3.641717939425802f,-0.6906653784385384f,0.14345979108909318f,-0.7088022455995923f,1.718535487243325f,0f,0f,0f,1f], start_interpolation: 0, interpolation_duration: 1 }
$data merge entity $(bone_right_whisker16) { transformation: [0.25411645978477515f,0.9092316230936653f,-0.3297312245343348f,-0.9846112282821593f,0.9549788776522898f,-0.28984799489747887f,-0.06327308347065239f,1.2613511176615029f,-0.15310182266852962f,-0.2988076227614853f,-0.9419521412870213f,1.7595653420795905f,0f,0f,0f,1f], start_interpolation: 0, interpolation_duration: 1 }
$data merge entity $(bone_right_whisker15) { transformation: [-0.8682841666386372f,0.37062099985259295f,-0.3297312245343348f,-0.730231101337246f,0.4120180616711395f,0.9089761458723068f,-0.06327308347065239f,1.1406427011562863f,0.27626748419132596f,-0.19079423655706026f,-0.9419521412870213f,1.678627602570413f,0f,0f,0f,1f], start_interpolation: 0, interpolation_duration: 1 }
$data merge entity $(bone_right_whisker14) { transformation: [-0.7028494434075065f,-0.6303014988629223f,-0.3297312245343348f,-0.5243181784639531f,-0.6496858022054044f,0.757565096424615f,-0.06327308347065239f,1.330980338521151f,0.28967398625779067f,0.16975024362373473f,-0.9419521412870213f,1.593762176908951f,0f,0f,0f,1f], start_interpolation: 0, interpolation_duration: 1 }
$data merge entity $(bone_right_whisker13) { transformation: [-0.09840806532809776f,-0.9897889934041326f,-0.10311935421837706f,-0.495487690574862f,-0.9872681743043328f,0.08409065943983937f,0.13501967634668252f,1.6202190614618734f,-0.12496961504370091f,0.11509348170512176f,-0.9854623715722597f,1.6303743688162853f,0f,0f,0f,1f], start_interpolation: 0, interpolation_duration: 1 }
$data merge entity $(bone_right_whisker12) { transformation: [0.05527921922037039f,-0.9953108662331112f,-0.0793756101121785f,-0.5170811355828192f,-0.9350452419490333f,-0.07948581093245502f,0.3455031133996973f,1.9854711090982144f,-0.35019223782211434f,0.055120644215251646f,-0.9350546032988852f,1.7671682117155487f,0f,0f,0f,1f], start_interpolation: 0, interpolation_duration: 1 }
$data merge entity $(bone_right_whisker11) { transformation: [0.2901986589157227f,-0.9551410368694497f,-0.05907908302833353f,-0.6304399867217734f,-0.9548582132137212f,-0.2931026572670462f,0.04833864873262764f,2.358462598634824f,-0.06348646329585506f,0.042384336622732846f,-0.9970822618957952f,1.791967611440492f,0f,0f,0f,1f], start_interpolation: 0, interpolation_duration: 1 }
$data merge entity $(bone_right_whisker10) { transformation: [0.07721269513398579f,-0.9955539617525683f,0.0539491329764652f,-0.6606011957584865f,-0.9772797654958422f,-0.08628630656376421f,-0.1935947655593408f,2.7402125070316377f,0.19738910725401793f,-0.03777542241127514f,-0.979597140562952f,1.7148624914193913f,0f,0f,0f,1f], start_interpolation: 0, interpolation_duration: 1 }
$data merge entity $(bone_right_whisker1) { transformation: [-0.3427270736278256f,-0.9391503170281479f,0.023126500566157913f,-0.5267234326226171f,-0.9369581051042181f,0.34350631021297906f,0.06413208341678955f,3.1062117668379727f,-0.06817376535017278f,0.00031123912693284406f,-0.9976734139227054f,1.7414928685093025f,0f,0f,0f,1f], start_interpolation: 0, interpolation_duration: 1 }
$data merge entity $(bone_left_whisker16) { transformation: [0.2639163844245038f,-0.9274061845991136f,0.26507717894909877f,1.102535652600007f,-0.9549788776522898f,-0.28984799489747887f,-0.06327308347065239f,1.2613511176615029f,0.13551193774081544f,-0.23644430342308098f,-0.9621489521422883f,1.6886959486186555f,0f,0f,0f,1f], start_interpolation: 0, interpolation_duration: 1 }
$data merge entity $(bone_left_whisker15) { transformation: [-0.8850240954036688f,-0.38270934108707777f,0.26507717894909877f,0.8432512496497133f,-0.4120180616711395f,0.9089761458723068f,-0.06327308347065239f,1.1406427011562863f,-0.2167336323962544f,-0.16521478892587638f,-0.9621489521422883f,1.6251997672525653f,0f,0f,0f,1f], start_interpolation: 0, interpolation_duration: 1 }
$data merge entity $(bone_left_whisker14) { transformation: [-0.7208798007970173f,0.6403642728972629f,0.26507717894909877f,0.6320559955099622f,0.6496858022054044f,0.757565096424615f,-0.06327308347065239f,1.330980338521151f,-0.241331040721191f,0.12660459184375372f,-0.9621489521422883f,1.554497313916279f,0f,0f,0f,1f], start_interpolation: 0, interpolation_duration: 1 }
$data merge entity $(bone_left_whisker13) { transformation: [-0.08970445551957967f,0.9953162951100749f,0.0360358619751283f,0.6057753933069603f,0.9872681743043328f,0.08409065943983937f,0.13501967634668252f,1.6202190614618734f,0.13135700463136987f,0.047688926212776796f,-0.990187408348009f,1.5929808113668755f,0f,0f,0f,1f], start_interpolation: 0, interpolation_duration: 1 }
$data merge entity $(bone_left_whisker12) { transformation: [0.0789061724701515f,0.9967573661473724f,0.01576607043825725f,0.6365981169281132f,0.9350452419490333f,-0.07948581093245502f,0.3455031133996973f,1.9854711090982144f,0.3456359522020023f,-0.01252033910736514f,-0.9382851537001169f,1.7279948551957827f,0f,0f,0f,1f], start_interpolation: 0, interpolation_duration: 1 }
$data merge entity $(bone_left_whisker11) { transformation: [0.2938366791861036f,0.9558161274225551f,-0.008691175054802519f,0.751378069735185f,0.9548582132137212f,-0.2931026572670462f,0.04833864873262764f,2.358462598634824f,0.04365545353312367f,-0.02250250790349531f,-0.9987931910635307f,1.7450477667321591f,0f,0f,0f,1f], start_interpolation: 0, interpolation_duration: 1 }
$data merge entity $(bone_left_whisker10) { transformation: [0.06364553727381833f,0.9906985664274847f,-0.12027300637987791f,0.7762396077327702f,0.9772797654958422f,-0.08628630656376421f,-0.1935947655593408f,2.7402125070316377f,-0.20217197020734357f,-0.1052189326029839f,-0.9736814010159432f,1.6660743408699155f,0f,0f,0f,1f], start_interpolation: 0, interpolation_duration: 1 }
$data merge entity $(bone_left_whisker1) { transformation: [-0.3373133179934439f,0.9370083316185798f,-0.09074751777112061f,0.6444765928915812f,0.9369581051042181f,0.34350631021297906f,0.06413208341678955f,3.1062117668379727f,0.09126464147613395f,-0.06339401644659097f,-0.9938068041098342f,1.7017245914465302f,0f,0f,0f,1f], start_interpolation: 0, interpolation_duration: 1 }
$data merge entity $(bone_upper_left_tooth1) { transformation: [-0.9994240217721159f,0.013048034144144571f,-0.03132688158471257f,0.35728536606956646f,8.673617379884035e-19f,0.9231274792000204f,0.38449402745142375f,3.067497033060636f,0.03393559642689908f,0.3842725672628602f,-0.9225957778704397f,2.59628125961257f,0f,0f,0f,1f], start_interpolation: 0, interpolation_duration: 1 }
$data merge entity $(bone_upper_right_tooth1) { transformation: [-0.9994240217721159f,0.013048034144144571f,-0.03132688158471257f,-0.2283146466875327f,8.673617379884035e-19f,0.9231274792000204f,0.38449402745142375f,3.067497033060636f,0.03393559642689908f,0.3842725672628602f,-0.9225957778704397f,2.616165398143956f,0f,0f,0f,1f], start_interpolation: 0, interpolation_duration: 1 }
$data merge entity $(bone_top_lip1) { transformation: [-0.9994240217721159f,-0.0016711179233593314f,-0.03389442534895072f,0.09028731683539754f,8.673617379884035e-19f,0.9987867878486519f,-0.04924380589447119f,3.1666611177403254f,0.03393559642689908f,-0.04921544253441795f,-0.9982115084045529f,2.646674092187688f,0f,0f,0f,1f], start_interpolation: 0, interpolation_duration: 1 }
$data merge entity $(bone_muzzle1) { transformation: [-0.9994240217721159f,0.013048034144144571f,-0.03132688158471257f,0.07690232106319578f,8.673617379884035e-19f,0.9231274792000204f,0.38449402745142375f,3.4896260939177814f,0.03393559642689908f,0.3842725672628602f,-0.9225957778704397f,2.252477799369533f,0f,0f,0f,1f], start_interpolation: 0, interpolation_duration: 1 }
$data merge entity $(bone_jaw_right_tooth1) { transformation: [-0.9994240217721159f,-0.005329534276568163f,-0.03351448596121163f,-0.2289059617859751f,8.673617379884035e-19f,0.9875908924543413f,-0.1570484929607337f,2.9025832567914813f,0.03393559642689908f,-0.15695803644806638f,-0.9870220616022312f,2.598750807683081f,0f,0f,0f,1f], start_interpolation: 0, interpolation_duration: 1 }
$data merge entity $(bone_jaw_left_tooth1) { transformation: [-0.9994240217721159f,-0.005329534276568163f,-0.03351448596121163f,0.4054940520342156f,8.673617379884035e-19f,0.9875908924543413f,-0.1570484929607337f,2.9025832567914813f,0.03393559642689908f,-0.15695803644806638f,-0.9870220616022312f,2.577209657607413f,0f,0f,0f,1f], start_interpolation: 0, interpolation_duration: 1 }
$data merge entity $(bone_tongue1) { transformation: [-0.9994240217721159f,0.010139341591933594f,-0.03238546675488022f,0.06571059213921773f,8.673617379884035e-19f,0.9543214254283694f,0.2987818886217257f,3.105659878717443f,0.03393559642689908f,0.29860979675899346f,-0.9537717570649193f,1.9228745535306175f,0f,0f,0f,1f], start_interpolation: 0, interpolation_duration: 1 }
$data merge entity $(bone_jaw_lips1) { transformation: [-0.9994240217721159f,0.010139341591933594f,-0.03238546675488022f,0.13867304668416588f,8.673617379884035e-19f,0.9543214254283694f,0.2987818886217257f,2.7650620569998776f,0.03393559642689908f,0.29860979675899346f,-0.9537717570649193f,2.6328165405994075f,0f,0f,0f,1f], start_interpolation: 0, interpolation_duration: 1 }
$data merge entity $(bone_jaw3) { transformation: [-0.9994240217721159f,0.0005711627370996834f,-0.03393078952775952f,0.11212278397883176f,8.673617379884035e-19f,0.9998583523012503f,0.01683078528854004f,2.704978982638125f,0.03393559642689908f,0.016821091122655563f,-0.9992824556593568f,1.8508951033489842f,0f,0f,0f,1f], start_interpolation: 0, interpolation_duration: 1 }
$data merge entity $(bone_jaw1) { transformation: [-0.9994240217721159f,0.024396564410656504f,-0.02358881832152799f,0.09369401966513802f,8.673617379884035e-19f,0.6951054587280007f,0.7189077835484436f,3.266625688535347f,0.03393559642689908f,0.7184937083172633f,-0.69470509311769f,1.3081567493507888f,0f,0f,0f,1f], start_interpolation: 0, interpolation_duration: 1 }
$data merge entity $(bone_tear_right1) { transformation: [-0.9994240217721159f,0.015728700067400448f,-0.03007046223520888f,-0.4511316286318091f,8.673617379884035e-19f,0.8861038378972911f,0.46348677269550154f,3.560050310965237f,0.03393559642689908f,0.46321981440551663f,-0.8855934613790177f,2.2411014371703732f,0f,0f,0f,1f], start_interpolation: 0, interpolation_duration: 1 }
$data merge entity $(bone_right_pupil1) { transformation: [-0.9994240217721159f,0.015728700067400448f,-0.03007046223520888f,-0.28679399043106235f,8.673617379884035e-19f,0.8861038378972911f,0.46348677269550154f,3.6194264607972673f,0.03393559642689908f,0.46321981440551663f,-0.8855934613790177f,2.3327598615573315f,0f,0f,0f,1f], start_interpolation: 0, interpolation_duration: 1 }
$data merge entity $(bone_right_sad_pupil1) { transformation: [-0.9994240217721159f,0.015728700067400448f,-0.03007046223520888f,-0.2870876472888281f,8.673617379884035e-19f,0.8861038378972911f,0.46348677269550154f,3.623952698811872f,0.03393559642689908f,0.46321981440551663f,-0.8855934613790177f,2.324111487911052f,0f,0f,0f,1f], start_interpolation: 0, interpolation_duration: 1 }
$data merge entity $(bone_right_happy_pupil1) { transformation: [-0.9994240217721159f,0.015728700067400448f,-0.03007046223520888f,-0.31187133205163764f,8.673617379884035e-19f,0.8861038378972911f,0.46348677269550154f,3.602319581239407f,0.03393559642689908f,0.46321981440551663f,-0.8855934613790177f,2.3136310503343767f,0f,0f,0f,1f], start_interpolation: 0, interpolation_duration: 1 }
$data merge entity $(bone_eyelid_right1) { transformation: [-0.9994240217721159f,0.015728700067400448f,-0.03007046223520888f,0.07322182739571986f,8.673617379884035e-19f,0.8861038378972911f,0.46348677269550154f,3.806997810582269f,0.03393559642689908f,0.46321981440551663f,-0.8855934613790177f,1.8563156511009622f,0f,0f,0f,1f], start_interpolation: 0, interpolation_duration: 1 }
$data merge entity $(bone_eyelid_expressions_right5) { transformation: [-0.9994240217721159f,0.015728700067400448f,-0.03007046223520888f,-0.39779133154797486f,8.673617379884035e-19f,0.8861038378972911f,0.46348677269550154f,3.710486276731529f,0.03393559642689908f,0.46321981440551663f,-0.8855934613790177f,2.373158913858566f,0f,0f,0f,1f], start_interpolation: 0, interpolation_duration: 1 }
$data merge entity $(bone_eyelid_expressions_right7) { transformation: [-0.9994240217721159f,0.015728700067400448f,-0.03007046223520888f,-0.1049913251694253f,8.673617379884035e-19f,0.8861038378972911f,0.46348677269550154f,3.710486276731529f,0.03393559642689908f,0.46321981440551663f,-0.8855934613790177f,2.3632168445928725f,0f,0f,0f,1f], start_interpolation: 0, interpolation_duration: 1 }
$data merge entity $(bone_eyelid_expressions_right6) { transformation: [-0.9994240217721159f,0.015728700067400448f,-0.03007046223520888f,-0.2025913272956085f,8.673617379884035e-19f,0.8861038378972911f,0.46348677269550154f,3.710486276731529f,0.03393559642689908f,0.46321981440551663f,-0.8855934613790177f,2.366530867681437f,0f,0f,0f,1f], start_interpolation: 0, interpolation_duration: 1 }
$data merge entity $(bone_right_eye1) { transformation: [-0.9994240217721159f,0.015728700067400448f,-0.03007046223520888f,0.06375548404086726f,8.673617379884035e-19f,0.8861038378972911f,0.46348677269550154f,3.802471572567664f,0.03393559642689908f,0.46321981440551663f,-0.8855934613790177f,1.8652954270560982f,0f,0f,0f,1f], start_interpolation: 0, interpolation_duration: 1 }
$data merge entity $(bone_tear_left1) { transformation: [-0.9994240217721159f,0.015728700067400448f,-0.03007046223520888f,0.6029483943309694f,8.673617379884035e-19f,0.8861038378972911f,0.46348677269550154f,3.560050310965237f,0.03393559642689908f,0.46321981440551663f,-0.8855934613790177f,2.205309987813878f,0f,0f,0f,1f], start_interpolation: 0, interpolation_duration: 1 }
$data merge entity $(bone_left_sad_pupil1) { transformation: [-0.9994240217721159f,0.015728700067400448f,-0.03007046223520888f,0.4449123686575458f,8.673617379884035e-19f,0.8861038378972911f,0.46348677269550154f,3.623952698811872f,0.03393559642689908f,0.46321981440551663f,-0.8855934613790177f,2.299256314746819f,0f,0f,0f,1f], start_interpolation: 0, interpolation_duration: 1 }
$data merge entity $(bone_left_pupil1) { transformation: [-0.9994240217721159f,0.015728700067400448f,-0.03007046223520888f,0.4452060255153115f,8.673617379884035e-19f,0.8861038378972911f,0.46348677269550154f,3.6194264607972673f,0.03393559642689908f,0.46321981440551663f,-0.8855934613790177f,2.3079046883930987f,0f,0f,0f,1f], start_interpolation: 0, interpolation_duration: 1 }
$data merge entity $(bone_eyelid_left1) { transformation: [-0.9994240217721159f,0.015728700067400448f,-0.03007046223520888f,0.05370182697048322f,8.673617379884035e-19f,0.8861038378972911f,0.46348677269550154f,3.806997810582269f,0.03393559642689908f,0.46321981440551663f,-0.8855934613790177f,1.8569784557186753f,0f,0f,0f,1f], start_interpolation: 0, interpolation_duration: 1 }
$data merge entity $(bone_left_happy_pupil1) { transformation: [-0.9994240217721159f,0.015728700067400448f,-0.03007046223520888f,0.4689286849578279f,8.673617379884035e-19f,0.8861038378972911f,0.46348677269550154f,3.602319581239407f,0.03393559642689908f,0.46321981440551663f,-0.8855934613790177f,2.2871188656258616f,0f,0f,0f,1f], start_interpolation: 0, interpolation_duration: 1 }
$data merge entity $(bone_eyelid_expressions_left5) { transformation: [-0.9994240217721159f,0.015728700067400448f,-0.03007046223520888f,0.5586886892886205f,8.673617379884035e-19f,0.8861038378972911f,0.46348677269550154f,3.710486276731529f,0.03393559642689908f,0.46321981440551663f,-0.8855934613790177f,2.340681487590635f,0f,0f,0f,1f], start_interpolation: 0, interpolation_duration: 1 }
$data merge entity $(bone_eyelid_expressions_left7) { transformation: [-0.9994240217721159f,0.015728700067400448f,-0.03007046223520888f,0.2658886829100708f,8.673617379884035e-19f,0.8861038378972911f,0.46348677269550154f,3.710486276731529f,0.03393559642689908f,0.46321981440551663f,-0.8855934613790177f,2.350623556856328f,0f,0f,0f,1f], start_interpolation: 0, interpolation_duration: 1 }
$data merge entity $(bone_eyelid_expressions_left6) { transformation: [-0.9994240217721159f,0.015728700067400448f,-0.03007046223520888f,0.363488685036254f,8.673617379884035e-19f,0.8861038378972911f,0.46348677269550154f,3.710486276731529f,0.03393559642689908f,0.46321981440551663f,-0.8855934613790177f,2.3473095337677634f,0f,0f,0f,1f], start_interpolation: 0, interpolation_duration: 1 }
$data merge entity $(bone_left_eye1) { transformation: [-0.9994240217721159f,0.015728700067400448f,-0.03007046223520888f,0.06375548404086726f,8.673617379884035e-19f,0.8861038378972911f,0.46348677269550154f,3.802471572567664f,0.03393559642689908f,0.46321981440551663f,-0.8855934613790177f,1.8652954270560982f,0f,0f,0f,1f], start_interpolation: 0, interpolation_duration: 1 }
$data merge entity $(bone_crest_middle5) { transformation: [-0.9994240217721159f,0.008847427835861173f,-0.03276198598282154f,0.09517413353943228f,8.673617379884035e-19f,0.9654165369804055f,0.2607123129519613f,4.678044286716958f,0.03393559642689908f,0.26056214833595964f,-0.9648604780742656f,2.790593825984919f,0f,0f,0f,1f], start_interpolation: 0, interpolation_duration: 1 }
$data merge entity $(bone_crest_middle4) { transformation: [-0.9994240217721159f,0.008847427835861173f,-0.03276198598282154f,0.08999009379185738f,8.673617379884035e-19f,0.9654165369804055f,0.2607123129519613f,4.112370534580001f,0.03393559642689908f,0.26056214833595964f,-0.9648604780742656f,2.6379206921943177f,0f,0f,0f,1f], start_interpolation: 0, interpolation_duration: 1 }
$data merge entity $(bone_crest_middle1) { transformation: [-0.9994240217721159f,0.008847427835861173f,-0.03276198598282154f,0.08850163373952301f,8.673617379884035e-19f,0.9654165369804055f,0.2607123129519613f,3.6690199988958994f,0.03393559642689908f,0.26056214833595964f,-0.9648604780742656f,2.594084635416721f,0f,0f,0f,1f], start_interpolation: 0, interpolation_duration: 1 }
$data merge entity $(bone_crest_left5) { transformation: [-0.5502555865611674f,-0.8312407540738479f,0.07910498230178889f,-0.8708981250626249f,-0.7473323969845432f,0.5325272793792964f,0.39737763542280796f,4.144076144588709f,-0.3724420463314565f,0.15954154782885116f,-0.9142392556879255f,2.6409811750203f,0f,0f,0f,1f], start_interpolation: 0, interpolation_duration: 1 }
$data merge entity $(bone_crest_left4) { transformation: [-0.5502555865611674f,-0.8312407540738479f,0.07910498230178889f,-0.4650188506125038f,-0.7473323969845432f,0.5325272793792964f,0.39737763542280796f,3.8840530589542865f,-0.3724420463314565f,0.15954154782885116f,-0.9142392556879255f,2.5630800286194937f,0f,0f,0f,1f], start_interpolation: 0, interpolation_duration: 1 }
$data merge entity $(bone_crest_left1) { transformation: [-0.5502555865611674f,-0.8312407540738479f,0.07910498230178889f,-0.014689100753416146f,-0.7473323969845432f,0.5325272793792964f,0.39737763542280796f,3.6174308696110513f,-0.3724420463314565f,0.15954154782885116f,-0.9142392556879255f,2.43274817892197f,0f,0f,0f,1f], start_interpolation: 0, interpolation_duration: 1 }
$data merge entity $(bone_crest_center1) { transformation: [-0.9994240217721159f,0.015728700067400448f,-0.03007046223520888f,0.08252690482149655f,8.673617379884035e-19f,0.8861038378972911f,0.46348677269550154f,3.595797752038586f,0.03393559642689908f,0.46321981440551663f,-0.8855934613790177f,2.4181252230894628f,0f,0f,0f,1f], start_interpolation: 0, interpolation_duration: 1 }
$data merge entity $(bone_crest_right5) { transformation: [-0.5237246843799632f,0.840148237607857f,-0.1409375528931867f,1.0488727464021819f,0.7473323969845432f,0.5325272793792964f,0.39737763542280796f,4.144076144588707f,0.40890921166983396f,0.10278927746266511f,-0.906767677550462f,2.575795059710975f,0f,0f,0f,1f], start_interpolation: 0, interpolation_duration: 1 }
$data merge entity $(bone_crest_right4) { transformation: [-0.5237246843799632f,0.840148237607857f,-0.1409375528931867f,0.6386441147577204f,0.7473323969845432f,0.5325272793792964f,0.39737763542280796f,3.8840530589542857f,0.40890921166983396f,0.10278927746266511f,-0.906767677550462f,2.525604982824908f,0f,0f,0f,1f], start_interpolation: 0, interpolation_duration: 1 }
$data merge entity $(bone_crest_right1) { transformation: [-0.5237246843799632f,0.840148237607857f,-0.1409375528931867f,0.18051090349895024f,0.7473323969845432f,0.5325272793792964f,0.39737763542280796f,3.617430869611051f,0.40890921166983396f,0.10278927746266511f,-0.906767677550462f,2.426120132744841f,0f,0f,0f,1f], start_interpolation: 0, interpolation_duration: 1 }
$data merge entity $(bone_head1) { transformation: [-0.9994240217721159f,0.015728700067400448f,-0.03007046223520888f,0.04683635393077458f,8.673617379884035e-19f,0.8861038378972911f,0.46348677269550154f,4.008147874411083f,0.03393559642689908f,0.46321981440551663f,-0.8855934613790177f,1.367016721510458f,0f,0f,0f,1f], start_interpolation: 0, interpolation_duration: 1 }
$data merge entity $(bone_neck10) { transformation: [-1.3013333616824425f,0.017657772775885833f,-0.04050545367370912f,0.012678886355491081f,1.1293772630057337e-18f,1.193597812873636f,0.5203318825977488f,4.020804996899889f,0.044186974514191506f,0.5200321827620985f,-1.1929103265205705f,0.36105845903592193f,0f,0f,0f,1f], start_interpolation: 0, interpolation_duration: 1 }
$data merge entity $(bone_neck9) { transformation: [-0.9994240217721159f,0.015728700067400448f,-0.030070462235208876f,-0.005820905613122343f,8.673617379884035e-19f,0.886103837897291f,0.4634867726955015f,2.8732372938713207f,0.03393559642689908f,0.4632198144055166f,-0.8855934613790176f,-0.18377170273968446f,0f,0f,0f,1f], start_interpolation: 0, interpolation_duration: 1 }
$data merge entity $(bone_neck8) { transformation: [-0.9994240217721159f,-0.008718895727405408f,-0.03279642605748373f,0.001219679077447973f,8.673617379884035e-19f,0.9664314027346107f,-0.25692478239440536f,2.2515954553254254f,0.03393559642689908f,-0.25677679931354236f,-0.9658747592878921f,0.0235778124584472f,0f,0f,0f,1f], start_interpolation: 0, interpolation_duration: 1 }
$data merge entity $(bone_neck7) { transformation: [-0.9994240217721159f,-0.017483687395542947f,-0.02908514019055605f,0.016134909120622706f,8.673617379884035e-19f,0.8570687788914675f,-0.5152020072257957f,1.563691253438705f,0.03393559642689908f,-0.5149052620866714f,-0.8565751259350267f,0.4628404382831173f,0f,0f,0f,1f], start_interpolation: 0, interpolation_duration: 1 }
$data merge entity $(bone_neck6) { transformation: [-0.9994240217721159f,-0.011085425768705028f,-0.03207394644218102f,0.02466938478830478f,8.673617379884035e-19f,0.9451416747977818f,-0.3266607025040572f,0.8087212596103406f,0.03393559642689908f,-0.3264725530515096f,-0.9445972937708321f,0.7141859543074097f,0f,0f,0f,1f], start_interpolation: 0, interpolation_duration: 1 }
$data merge entity $(bone_neck_spine6) { transformation: [-1.1059586791257892f,-0.04238179596604111f,-0.000927876282012295f,-0.10506276931782567f,0.00497736324894924f,-0.15388021111234812f,1.0960099379113626f,0.13619830159200158f,-0.04209873440841033f,1.0952015072652492f,0.15395789217347075f,-1.4311374692528072f,0f,0f,0f,1f], start_interpolation: 0, interpolation_duration: 1 }
$data merge entity $(bone_neck_spine7) { transformation: [-0.9661377369225821f,-0.24119031076252784f,0.09167937220763969f,0.30097081757181754f,0.06453123049114849f,0.11815831524326961f,0.9908957224805094f,0.6433390762183498f,-0.24982712740094892f,0.9632579335428012f,-0.0985928997516693f,-4.513308037486519f,0f,0f,0f,1f], start_interpolation: 0, interpolation_duration: 1 }
$data merge entity $(bone_tail6) { transformation: [-1.3376436098626294f,-0.5510258881319682f,0.38636035677341174f,1.5646009030293935f,-0.11685719254844061f,1.0367785314854714f,1.0740712056863615f,-0.49295026019137506f,-0.662758063872028f,0.9293304196803379f,-0.969170264459964f,-7.229210363191161f,0f,0f,0f,1f], start_interpolation: 0, interpolation_duration: 1 }
$data merge entity $(bone_tail5) { transformation: [-1.1050099385821721f,-0.45519529889162597f,0.31916725124760104f,1.2771091353083661f,-0.09653420254001617f,0.8564692216619112f,0.8872762133930813f,0.0479776692793063f,-0.5474957918942841f,0.7677077379968009f,-0.8006189141191008f,-6.744342318140549f,0f,0f,0f,1f], start_interpolation: 0, interpolation_duration: 1 }
$data merge entity $(bone_tail4) { transformation: [-0.893313297716956f,-0.36798946268291444f,0.25802152521911326f,1.1333632514478527f,-0.07804028163234991f,0.6923877497224713f,0.7172927704061962f,0.31844163401464665f,-0.442607124394537f,0.6206310976647822f,-0.6472371853089152f,-6.501908295615244f,0f,0f,0f,1f], start_interpolation: 0, interpolation_duration: 1 }
$data merge entity $(bone_segment18) { transformation: [-0.893313297716956f,-0.42209217480766237f,0.1543682224040796f,0.9272635567175488f,-0.07804028163234991f,0.48393352343051266f,0.8716180696514232f,0.5547372997522017f,-0.442607124394537f,0.7665810725985005f,-0.46524444388829833f,-6.127601131260507f,0f,0f,0f,1f], start_interpolation: 0, interpolation_duration: 1 }
$data merge entity $(bone_segment17) { transformation: [-0.9037248391134187f,-0.4277063514918196f,0.018673298128122247f,0.6557702671963742f,0.09362506243925056f,-0.15488751049443797f,0.9834857430466809f,0.45642003234850564f,-0.4177508382429318f,0.890548783608395f,0.18001972436634936f,-5.562311376040334f,0f,0f,0f,1f], start_interpolation: 0, interpolation_duration: 1 }
$data merge entity $(bone_segment16) { transformation: [-0.9313070710055457f,-0.3642257505204871f,0.002596565589327554f,0.3534344391276105f,0.08006678209501777f,-0.19776191377222932f,0.9769746853762868f,0.29226219376804186f,-0.3553258362405143f,0.9100713313355903f,0.2133394524719841f,-4.806881071709034f,0f,0f,0f,1f], start_interpolation: 0, interpolation_duration: 1 }
$data merge entity $(bone_segment15) { transformation: [-0.9661377369225821f,-0.25670031778659175f,0.02613082743378971f,0.0902163398347186f,0.06453123049114849f,-0.14233051640429845f,0.987713391825475f,0.14631781659566548f,-0.24982712740094892f,0.9559534355544463f,0.15407607038810878f,-3.8266553809549633f,0f,0f,0f,1f], start_interpolation: 0, interpolation_duration: 1 }
$data merge entity $(bone_segment14) { transformation: [-0.9902715849142092f,-0.13912804569025589f,0.0023611467363279844f,-0.05244425389064137f,0.035871986957423954f,-0.23885746183853665f,0.970391835021183f,-0.09860438548486516f,-0.13444474204381074f,0.9610361594791647f,0.2415245567438455f,-2.8412179127390234f,0f,0f,0f,1f], start_interpolation: 0, interpolation_duration: 1 }
$data merge entity $(bone_segment13) { transformation: [-0.9992661947865952f,-0.03756585914289724f,-0.0074751711401711855f,-0.09261570718237716f,0.0044971940884623715f,-0.30888287174332174f,0.9510894525694887f,-0.4536318179880549f,-0.03803744473606956f,0.9503579208753168f,0.30882515284137024f,-1.8278651949989229f,0f,0f,0f,1f], start_interpolation: 0, interpolation_duration: 1 }
$data merge entity $(bone_segment12) { transformation: [-0.9993407619094564f,0.03535160377062616f,0.00826472607362688f,-0.05118804651367462f,0.011735571248889819f,0.09912953949775388f,0.9950053320291434f,-0.33746438888912456f,0.034355755757800865f,0.9944463778956651f,-0.09947906079423174f,-0.6624983459024401f,0f,0f,0f,1f], start_interpolation: 0, interpolation_duration: 1 }
$data merge entity $(bone_segment11) { transformation: [-1.0338272713707886f,0.05116693844333009f,-0.011470801821537322f,0.006170755363595605f,0.021328308688485863f,0.6171833360740462f,0.8307697002389185f,0.3758266984861739f,0.04790342506106605f,0.8294667781152599f,-0.6174452103503366f,0.2961659395601657f,0f,0f,0f,1f], start_interpolation: 0, interpolation_duration: 1 }
$data merge entity $(bone_segment10) { transformation: [-0.9994240217721159f,0.017455008031216496f,-0.029102360720043546f,0.026578869459245598f,8.673617379884035e-19f,0.8575762262712299f,0.5143568956808069f,1.1672419908708611f,0.03393559642689908f,0.5140606373075325f,-0.8570822810361465f,0.7704214430059727f,0f,0f,0f,1f], start_interpolation: 0, interpolation_duration: 1 }