# This file was generated by Animated Java via MC-Build. It is not recommended to edit this file directly.
$data merge entity $(bone_neck_spine5) { transformation: [-1.5714480949936014f,0.01148708925552609f,-0.04937739440329315f,0.09684859828981958f,0f,1.5313721412778512f,0.35625631289105786f,4.273661510437201f,0.050695959381619235f,0.3560710705114459f,-1.5305758746314582f,-0.5373245647311355f,0f,0f,0f,1f], start_interpolation: 0, interpolation_duration: 1 }
$data merge entity $(bone_neck_spine2) { transformation: [-1.496617233327239f,0.014167039852114137f,-0.04615662004281417f,0.04802521854319228f,0f,1.431484243413185f,0.4393713037327412f,5.424583935536158f,0.048281866077732584f,0.43914284410159465f,-1.4307399154166498f,1.4322484309587893f,0f,0f,0f,1f], start_interpolation: 0, interpolation_duration: 1 }
$data merge entity $(bone_scale_neck_left1) { transformation: [-1.5844692748850808f,0.44726298276582066f,0.049679191119015316f,0.8241770668327957f,0.3877308734926919f,1.264533728354269f,0.9816691400022303f,4.57243754898548f,0.22842278240887587f,0.9560153528785749f,-1.3217082727949896f,1.110186188582524f,0f,0f,0f,1f], start_interpolation: 0, interpolation_duration: 1 }
$data merge entity $(bone_scale_neck_right1) { transformation: [-1.5958974481430785f,-0.38471372199188747f,-0.13476560376902963f,-0.747271028160805f,-0.3877308734926919f,1.264533728354269f,0.9816691400022303f,4.57243754898548f,-0.1258220393598695f,0.9828554740160292f,-1.315757961194126f,1.1608821479641431f,0f,0f,0f,1f], start_interpolation: 0, interpolation_duration: 1 }
$data merge entity $(bone_blush_right1) { transformation: [-0.9994800306046258f,0.015185402434726127f,-0.02844419053992829f,-0.585658260700976f,0f,0.8821575439618603f,0.47095442203166377f,3.778894451455125f,0.03224388969365098f,0.47070954014559135f,-0.8816988490371017f,2.3392008271875584f,0f,0f,0f,1f], start_interpolation: 0, interpolation_duration: 1 }
$data merge entity $(bone_blush_left1) { transformation: [-0.9994800306046258f,0.015185402434726127f,-0.02844419053992829f,0.7388479907936306f,0f,0.8821575439618603f,0.47095442203166377f,3.778894451455125f,0.03224388969365098f,0.47070954014559135f,-0.8816988490371017f,2.296471375708765f,0f,0f,0f,1f], start_interpolation: 0, interpolation_duration: 1 }
$data merge entity $(bone_left_head_scales) { transformation: [-0.8734155491551987f,0.015185402434726127f,-0.48673882323769707f,0.7499772114768236f,-0.21746255127002764f,0.8821575439618603f,0.4177416742752739f,4.607968591083284f,0.43572390029587926f,0.47070954014559135f,-0.7671878593453321f,2.293151834487982f,0f,0f,0f,1f], start_interpolation: 0, interpolation_duration: 1 }
$data merge entity $(bone_left_head_scales2) { transformation: [-0.802411192851021f,0.015185402434726127f,-0.5965783109871635f,0.74112570037154f,-0.2701283590726883f,0.8821575439618603f,0.38578327757417796f,3.736069588890537f,0.5321343319239027f,0.47070954014559135f,-0.7037510792914125f,2.0187771025787598f,0f,0f,0f,1f], start_interpolation: 0, interpolation_duration: 1 }
$data merge entity $(bone_left_head_scales1) { transformation: [-0.9994800306046258f,0.015185402434726127f,-0.02844419053992829f,0.74827181960183f,0f,0.8821575439618603f,0.47095442203166377f,4.50889816378288f,0.03224388969365098f,0.47070954014559135f,-0.8816988490371017f,2.240288946678663f,0f,0f,0f,1f], start_interpolation: 0, interpolation_duration: 1 }
$data merge entity $(bone_right_head_scales) { transformation: [-0.8996836802280086f,0.015185402434726127f,0.4362782129378933f,-0.5969782985176916f,0.21746255127002764f,0.8821575439618603f,0.4177416742752739f,4.607968591083284f,-0.37852254137173524f,0.47070954014559135f,-0.7969650020480255f,2.3366055139579416f,0f,0f,0f,1f], start_interpolation: 0, interpolation_duration: 1 }
$data merge entity $(bone_right_head_scales2) { transformation: [-0.8350410277405854f,0.015185402434726127f,0.5499780773293078f,-0.6058298096229752f,0.2701283590726883f,0.8821575439618603f,0.38578327757417796f,3.736069588890537f,-0.4793090356071368f,0.47070954014559135f,-0.7407397499805736f,2.062230782048719f,0f,0f,0f,1f], start_interpolation: 0, interpolation_duration: 1 }
$data merge entity $(bone_right_head_scales1) { transformation: [-0.9994800306046258f,0.015185402434726127f,-0.02844419053992829f,-0.5986836903926852f,0f,0.8821575439618603f,0.47095442203166377f,4.50889816378288f,0.03224388969365098f,0.47070954014559135f,-0.8816988490371017f,2.2837426261486224f,0f,0f,0f,1f], start_interpolation: 0, interpolation_duration: 1 }
$data merge entity $(bone_head_left_fin1) { transformation: [-0.7027957134092498f,0.02681373986336779f,-0.7771965044911723f,0.739480803802656f,-0.09922243024874153f,1.035900152804404f,0.12546306540380425f,4.177052001077243f,0.771302983641507f,0.15769303979416896f,-0.6920258742643642f,1.9677894181328148f,0f,0f,0f,1f], start_interpolation: 0, interpolation_duration: 1 }
$data merge entity $(bone_head_right_fin1) { transformation: [-0.7510481179591884f,-0.016593998816187134f,0.7309764440379889f,-0.6074747061918592f,0.09922243024874153f,1.035900152804404f,0.12546306540380425f,4.177052001077243f,-0.7244010159232718f,0.15909340227763716f,-0.7406805353904147f,2.011243097602774f,0f,0f,0f,1f], start_interpolation: 0, interpolation_duration: 1 }
$data merge entity $(bone_right_whisker16) { transformation: [0.25463548340296493f,0.9096574638297743f,-0.32815250889018266f,-1.1339738701049622f,0.9561643565740559f,-0.2875759396759392f,-0.0552250136878395f,1.4394801731442888f,-0.14460461199235577f,-0.29970548446480527f,-0.9430090820200285f,2.0344278416910826f,0f,0f,0f,1f], start_interpolation: 0, interpolation_duration: 1 }
$data merge entity $(bone_right_whisker15) { transformation: [-0.8686386180716614f,0.3711911665215553f,-0.32815250889018266f,-0.8413173044460528f,0.4099201802466017f,0.9104480455741398f,-0.0552250136878395f,1.301372299916674f,0.27826677311735937f,-0.18248691516543158f,-0.9430090820200285f,1.9406758527013472f,0f,0f,0f,1f], start_interpolation: 0, interpolation_duration: 1 }
$data merge entity $(bone_right_whisker14) { transformation: [-0.7035159875479922f,-0.6303817781102591f,-0.32815250889018266f,-0.6042928750475597f,-0.6519063993678889f,0.7562858218467222f,-0.0552250136878395f,1.5210087332974565f,0.28298993220177915f,0.17507304047218641f,-0.9430090820200285f,1.8453325649966463f,0f,0f,0f,1f], start_interpolation: 0, interpolation_duration: 1 }
$data merge entity $(bone_right_whisker13) { transformation: [-0.09846511912113763f,-0.9899595791975331f,-0.10141327265946815f,-0.5711185917499108f,-0.9861498462640466f,0.08339982002207041f,0.1433630033644776f,1.8532564842360268f,-0.1334657297955442f,0.11412493844611563f,-0.9844604600464222f,1.8902990462265905f,0f,0f,0f,1f], start_interpolation: 0, interpolation_duration: 1 }
$data merge entity $(bone_right_whisker12) { transformation: [0.0556176396611004f,-0.9954244109328156f,-0.07769762079745551f,-0.5961030783164207f,-0.9320716550128443f,-0.07966298405546493f,0.3534066197639708f,2.271960548011328f,-0.3579792006250437f,0.0527641079753646f,-0.9322375452798599f,2.051110015257372f,0f,0f,0f,1f], start_interpolation: 0, interpolation_duration: 1 }
$data merge entity $(bone_right_whisker11) { transformation: [0.2900457206292937f,-0.9552912439811312f,-0.057376991186509504f,-0.7263970543803613f,-0.954371423822566f,-0.2931762134575821f,0.05677053155962389f,2.7006820860566214f,-0.07105396073071332f,0.038292911036604586f,-0.9967371707871744f,2.083028786679372f,0f,0f,0f,1f], start_interpolation: 0, interpolation_duration: 1 }
$data merge entity $(bone_right_whisker10) { transformation: [0.07661209756222494f,-0.9955120123910748f,0.05555555500747844f,-0.760812645082142f,-0.978933258807226f,-0.08567900359602425f,-0.18533424708848895f,3.1404372609114297f,0.18926241388131093f,-0.040186335088750254f,-0.9811038666542672f,1.998008561693627f,0f,0f,0f,1f], start_interpolation: 0, interpolation_duration: 1 }
$data merge entity $(bone_right_whisker1) { transformation: [-0.34286626640487494f,-0.9390559126256828f,0.024833773863984582f,-0.606790689470577f,-0.9362509744573135f,0.3437606149025913f,0.07254483075673451f,3.561018753343426f,-0.07666052562637649f,0.0016225302889269488f,-0.9970559318343928f,2.032445907189851f,0f,0f,0f,1f], start_interpolation: 0, interpolation_duration: 1 }
$data merge entity $(bone_left_whisker16) { transformation: [0.263426391942422f,-0.9270832710861968f,0.2666892283169961f,1.266379553843984f,-0.9561643565740559f,-0.2875759396759392f,-0.0552250136878395f,1.4394801731442888f,0.12789159177021334f,-0.2404510082981937f,-0.9621990715869888f,1.9569908457955598f,0f,0f,0f,1f], start_interpolation: 0, interpolation_duration: 1 }
$data merge entity $(bone_left_whisker15) { transformation: [-0.8847679013135219f,-0.38218139188734856f,0.2666892283169961f,0.9682888058428462f,-0.4099201802466017f,0.9104480455741398f,-0.0552250136878395f,1.301372299916674f,-0.2217007140986684f,-0.15818261600213032f,-0.9621990715869888f,1.8822967575494265f,0f,0f,0f,1f], start_interpolation: 0, interpolation_duration: 1 }
$data merge entity $(bone_left_whisker14) { transformation: [-0.7202930440250968f,0.6403552031714469f,0.2666892283169961f,0.7256119501898598f,0.6519063993678889f,0.7562858218467222f,-0.0552250136878395f,1.5210087332974565f,-0.2370569070756099f,0.13407822136679237f,-0.9621990715869888f,1.802428951942898f,0f,0f,0f,1f], start_interpolation: 0, interpolation_duration: 1 }
$data merge entity $(bone_left_whisker13) { transformation: [-0.08965794376119532f,0.9952569568224344f,0.037749741946949925f,0.6954049281218789f,0.9861498462640466f,0.08339982002207041f,0.1433630033644776f,1.8532564842360268f,0.1395347047651994f,0.050080534310580474f,-0.9889499513368993f,1.8494401561850795f,0f,0f,0f,1f], start_interpolation: 0, interpolation_duration: 1 }
$data merge entity $(bone_left_whisker12) { transformation: [0.0785752719278478f,0.9967554591645378f,0.01744939159845782f,0.7307024135582169f,0.9320716550128443f,-0.07966298405546493f,0.3534066197639708f,2.271960548011328f,0.3536500481593097f,-0.011504937942913775f,-0.9353070511013204f,2.0083063887566444f,0f,0f,0f,1f], start_interpolation: 0, interpolation_duration: 1 }
$data merge entity $(bone_left_whisker11) { transformation: [0.29402234746172545f,0.9557730124733759f,-0.0069862594186362315f,0.8627827649570389f,0.954371423822566f,-0.2931762134575821f,0.05677053155962389f,2.7006820860566214f,0.05221153688586866f,-0.023359291304368354f,-0.9983628092661373f,2.0317607900920933f,0f,0f,0f,1f], start_interpolation: 0, interpolation_duration: 1 }
$data merge entity $(bone_left_whisker10) { transformation: [0.06425402869741251f,0.9908518275873236f,-0.11867634795110969f,0.8916468794109547f,0.978933258807226f,-0.08567900359602425f,-0.18533424708848895f,3.1404372609114297f,-0.19380684868501585f,-0.10426775201208305f,-0.9754830297309792f,1.9446991197843713f,0f,0f,0f,1f], start_interpolation: 0, interpolation_duration: 1 }
$data merge entity $(bone_left_whisker1) { transformation: [-0.3372122354354453f,0.9372078780360704f,-0.08904662609979214f,0.7401648205239382f,0.9362509744573135f,0.3437606149025913f,0.07254483075673451f,3.561018753343426f,0.09860030983907087f,-0.05890698590930195f,-0.993382074486308f,1.9889922277198915f,0f,0f,0f,1f], start_interpolation: 0, interpolation_duration: 1 }
$data merge entity $(bone_upper_left_tooth1) { transformation: [-0.9994800306046258f,0.01264854284050029f,-0.029659446835508602f,0.408140808600319f,0f,0.9198470506289049f,0.39227720230635993f,3.5079091539963168f,0.03224388969365098f,0.39207323016665785f,-0.9193687583141528f,3.016759797512684f,0f,0f,0f,1f], start_interpolation: 0, interpolation_duration: 1 }
$data merge entity $(bone_upper_right_tooth1) { transformation: [-0.9994800306046258f,0.01264854284050029f,-0.029659446835508602f,-0.26533694639693856f,0f,0.9198470506289049f,0.39227720230635993f,3.5079091539963168f,0.03224388969365098f,0.39207323016665785f,-0.9193687583141528f,3.0384866372476633f,0f,0f,0f,1f], start_interpolation: 0, interpolation_duration: 1 }
$data merge entity $(bone_top_lip1) { transformation: [-0.9994800306046258f,-0.0011386090107200104f,-0.03222377991634501f,0.10102640313084801f,0f,0.999376322847614f,-0.03531239628772881f,3.62154260312186f,0.03224388969365098f,-0.035294034922381645f,-0.9988566777452719f,3.0751527485536485f,0f,0f,0f,1f], start_interpolation: 0, interpolation_duration: 1 }
$data merge entity $(bone_muzzle1) { transformation: [-0.9994800306046258f,0.01264854284050029f,-0.029659446835508602f,0.08650266456597384f,0f,0.9198470506289049f,0.39227720230635993f,3.996770149566824f,0.03224388969365098f,0.39207323016665785f,-0.9193687583141528f,2.624953135441452f,0f,0f,0f,1f], start_interpolation: 0, interpolation_duration: 1 }
$data merge entity $(bone_jaw_right_tooth1) { transformation: [-0.9994800306046258f,-0.005050810810373569f,-0.0318458432567603f,-0.2659245135805858f,0f,0.9876551358824099f,-0.15664396753497495f,3.330239122579572f,0.03224388969365098f,-0.1565625174658867f,-0.9871415854385671f,3.0202735223823787f,0f,0f,0f,1f], start_interpolation: 0, interpolation_duration: 1 }
$data merge entity $(bone_jaw_left_tooth1) { transformation: [-0.9994800306046258f,-0.005050810810373569f,-0.0318458432567603f,0.4636763876664432f,0f,0.9876551358824099f,-0.15664396753497495f,3.330239122579572f,0.03224388969365098f,-0.1565625174658867f,-0.9871415854385671f,2.996736112669484f,0f,0f,0f,1f], start_interpolation: 0, interpolation_duration: 1 }
$data merge entity $(bone_tongue1) { transformation: [-0.9994800306046258f,0.009233531738448889f,-0.030893531915457465f,0.07403579898421801f,0f,0.9581205062099128f,0.28636531839603147f,3.553090477580254f,0.03224388969365098f,0.28621641719456903f,-0.9576223128696033f,2.2385114464398117f,0f,0f,0f,1f], start_interpolation: 0, interpolation_duration: 1 }
$data merge entity $(bone_jaw_lips1) { transformation: [-0.9994800306046258f,0.009233531738448889f,-0.030893531915457465f,0.15672234190171472f,0f,0.9581205062099128f,0.28636531839603147f,3.172067843515544f,0.03224388969365098f,0.28621641719456903f,-0.9576223128696033f,3.0600998139557385f,0f,0f,0f,1f], start_interpolation: 0, interpolation_duration: 1 }
$data merge entity $(bone_jaw3) { transformation: [-0.9994800306046258f,0.0005558950027493639f,-0.03223909743343089f,0.12771070539066698f,0f,0.9998513746242894f,0.01724032081832899f,3.103340837798954f,0.03224388969365098f,0.01723135637913714f,-0.999331482509562f,2.160811557376016f,0f,0f,0f,1f], start_interpolation: 0, interpolation_duration: 1 }
$data merge entity $(bone_jaw1) { transformation: [-0.9994800306046258f,0.023189561540584595f,-0.02240340728844101f,0.10758264415495825f,0f,0.694810939415054f,0.7191924349359983f,3.749490291061765f,0.03224388969365098f,0.7188184768804471f,-0.694449658990987f,1.5368919418763007f,0f,0f,0f,1f], start_interpolation: 0, interpolation_duration: 1 }
$data merge entity $(bone_tear_right1) { transformation: [-0.9994800306046258f,0.015185402434726127f,-0.02844419053992829f,-0.5206912685519274f,0f,0.8821575439618603f,0.47095442203166377f,4.078039596732832f,0.03224388969365098f,0.47070954014559135f,-0.8816988490371017f,2.6115273868814604f,0f,0f,0f,1f], start_interpolation: 0, interpolation_duration: 1 }
$data merge entity $(bone_right_pupil1) { transformation: [-0.9994800306046258f,0.015185402434726127f,-0.02844419053992829f,-0.33186320368295763f,0f,0.8821575439618603f,0.47095442203166377f,4.14537579051743f,0.03224388969365098f,0.47070954014559135f,-0.8816988490371017f,2.717826753577441f,0f,0f,0f,1f], start_interpolation: 0, interpolation_duration: 1 }
$data merge entity $(bone_right_sad_pupil1) { transformation: [-0.9994800306046258f,0.015185402434726127f,-0.02844419053992829f,-0.33218264527593533f,0f,0.8821575439618603f,0.47095442203166377f,4.150664829436731f,0.03224388969365098f,0.47070954014559135f,-0.8816988490371017f,2.707924862206419f,0f,0f,0f,1f], start_interpolation: 0, interpolation_duration: 1 }
$data merge entity $(bone_right_happy_pupil1) { transformation: [-0.9994800306046258f,0.015185402434726127f,-0.02844419053992829f,-0.36067020172417946f,0f,0.8821575439618603f,0.47095442203166377f,4.1258975396369975f,0.03224388969365098f,0.47070954014559135f,-0.8816988490371017f,2.69561458281664f,0f,0f,0f,1f], start_interpolation: 0, interpolation_duration: 1 }
$data merge entity $(bone_eyelid_right1) { transformation: [-0.9994800306046258f,0.015185402434726127f,-0.02844419053992829f,0.08314116444905856f,0f,0.8821575439618603f,0.47095442203166377f,4.365581561751575f,0.03224388969365098f,0.47070954014559135f,-0.8816988490371017f,2.172457449333059f,0f,0f,0f,1f], start_interpolation: 0, interpolation_duration: 1 }
$data merge entity $(bone_eyelid_expressions_right5) { transformation: [-0.9994800306046258f,0.015185402434726127f,-0.02844419053992829f,-0.4595601305872801f,0f,0.8821575439618603f,0.47095442203166377f,4.249735256737136f,0.03224388969365098f,0.47070954014559135f,-0.8816988490371017f,2.7649520493772948f,0f,0f,0f,1f], start_interpolation: 0, interpolation_duration: 1 }
$data merge entity $(bone_eyelid_expressions_right7) { transformation: [-0.9994800306046258f,0.015185402434726127f,-0.02844419053992829f,-0.12282125308865124f,0f,0.8821575439618603f,0.47095442203166377f,4.249735256737136f,0.03224388969365098f,0.47070954014559135f,-0.8816988490371017f,2.754088629509805f,0f,0f,0f,1f], start_interpolation: 0, interpolation_duration: 1 }
$data merge entity $(bone_eyelid_expressions_right6) { transformation: [-0.9994800306046258f,0.015185402434726127f,-0.02844419053992829f,-0.2350675455881942f,0f,0.8821575439618603f,0.47095442203166377f,4.249735256737136f,0.03224388969365098f,0.47070954014559135f,-0.8816988490371017f,2.757709769465635f,0f,0f,0f,1f], start_interpolation: 0, interpolation_duration: 1 }
$data merge entity $(bone_right_eye1) { transformation: [-0.9994800306046258f,0.015185402434726127f,-0.02844419053992829f,0.07223597679208198f,0f,0.8821575439618603f,0.47095442203166377f,4.360292522832274f,0.03224388969365098f,0.47070954014559135f,-0.8816988490371017f,2.182721454699664f,0f,0f,0f,1f], start_interpolation: 0, interpolation_duration: 1 }
$data merge entity $(bone_tear_left1) { transformation: [-0.9994800306046258f,0.015185402434726127f,-0.02844419053992829f,0.6915686904431362f,0f,0.8821575439618603f,0.47095442203166377f,4.078039596732832f,0.03224388969365098f,0.47070954014559135f,-0.8816988490371017f,2.5724190753584972f,0f,0f,0f,1f], start_interpolation: 0, interpolation_duration: 1 }
$data merge entity $(bone_left_sad_pupil1) { transformation: [-0.9994800306046258f,0.015185402434726127f,-0.02844419053992829f,0.5096645484706366f,0f,0.8821575439618603f,0.47095442203166377f,4.150664829436731f,0.03224388969365098f,0.47070954014559135f,-0.8816988490371017f,2.6807663125376946f,0f,0f,0f,1f], start_interpolation: 0, interpolation_duration: 1 }
$data merge entity $(bone_left_pupil1) { transformation: [-0.9994800306046258f,0.015185402434726127f,-0.02844419053992829f,0.5099839900636143f,0f,0.8821575439618603f,0.47095442203166377f,4.14537579051743f,0.03224388969365098f,0.47070954014559135f,-0.8816988490371017f,2.6906682039087166f,0f,0f,0f,1f], start_interpolation: 0, interpolation_duration: 1 }
$data merge entity $(bone_eyelid_left1) { transformation: [-0.9994800306046258f,0.015185402434726127f,-0.02844419053992829f,0.06069190594914997f,0f,0.8821575439618603f,0.47095442203166377f,4.365581561751575f,0.03224388969365098f,0.47070954014559135f,-0.8816988490371017f,2.1731816773242247f,0f,0f,0f,1f], start_interpolation: 0, interpolation_duration: 1 }
$data merge entity $(bone_left_happy_pupil1) { transformation: [-0.9994800306046258f,0.015185402434726127f,-0.02844419053992829f,0.5373001382721638f,0f,0.8821575439618603f,0.47095442203166377f,4.1258975396369975f,0.03224388969365098f,0.47070954014559135f,-0.8816988490371017f,2.66664546317f,0f,0f,0f,1f], start_interpolation: 0, interpolation_duration: 1 }
$data merge entity $(bone_eyelid_expressions_left5) { transformation: [-0.9994800306046258f,0.015185402434726127f,-0.02844419053992829f,0.6404535359082407f,0f,0.8821575439618603f,0.47095442203166377f,4.249735256737136f,0.03224388969365098f,0.47070954014559135f,-0.8816988490371017f,2.7294648778101616f,0f,0f,0f,1f], start_interpolation: 0, interpolation_duration: 1 }
$data merge entity $(bone_eyelid_expressions_left7) { transformation: [-0.9994800306046258f,0.015185402434726127f,-0.02844419053992829f,0.30371465840961176f,0f,0.8821575439618603f,0.47095442203166377f,4.249735256737136f,0.03224388969365098f,0.47070954014559135f,-0.8816988490371017f,2.7403282976776513f,0f,0f,0f,1f], start_interpolation: 0, interpolation_duration: 1 }
$data merge entity $(bone_eyelid_expressions_left6) { transformation: [-0.9994800306046258f,0.015185402434726127f,-0.02844419053992829f,0.41596095090915475f,0f,0.8821575439618603f,0.47095442203166377f,4.249735256737136f,0.03224388969365098f,0.47070954014559135f,-0.8816988490371017f,2.7367071577218214f,0f,0f,0f,1f], start_interpolation: 0, interpolation_duration: 1 }
$data merge entity $(bone_left_eye1) { transformation: [-0.9994800306046258f,0.015185402434726127f,-0.02844419053992829f,0.07223597679208198f,0f,0.8821575439618603f,0.47095442203166377f,4.360292522832274f,0.03224388969365098f,0.47070954014559135f,-0.8816988490371017f,2.182721454699664f,0f,0f,0f,1f], start_interpolation: 0, interpolation_duration: 1 }
$data merge entity $(bone_crest_middle5) { transformation: [-0.9994800306046258f,0.008668998144288516f,-0.03105667229035742f,0.10683924695191643f,0f,0.963180081107667f,0.26885708351729926f,5.358172539223155f,0.03224388969365098f,0.2687172860621409f,-0.962679256943257f,3.2553363856824324f,0f,0f,0f,1f], start_interpolation: 0, interpolation_duration: 1 }
$data merge entity $(bone_crest_middle4) { transformation: [-0.9994800306046258f,0.008668998144288516f,-0.03105667229035742f,0.10099783218672202f,0f,0.963180081107667f,0.26885708351729926f,4.709154711133028f,0.03224388969365098f,0.2687172860621409f,-0.962679256943257f,3.0742671206600916f,0f,0f,0f,1f], start_interpolation: 0, interpolation_duration: 1 }
$data merge entity $(bone_crest_middle1) { transformation: [-0.9994800306046258f,0.008668998144288516f,-0.03105667229035742f,0.0992326396810867f,0f,0.963180081107667f,0.26885708351729926f,4.199745810384989f,0.03224388969365098f,0.2687172860621409f,-0.962679256943257f,3.0195505626915025f,0f,0f,0f,1f], start_interpolation: 0, interpolation_duration: 1 }
$data merge entity $(bone_crest_left5) { transformation: [-0.549827467509011f,-0.8313647325138177f,0.08076160910268969f,-1.0040180249665378f,-0.7440041264367376f,0.5313998008473875f,0.40505815817542035f,4.745901880041159f,-0.379667770317332f,0.16262513087338393f,-0.910716998298967f,3.0762252859486043f,0f,0f,0f,1f], start_interpolation: 0, interpolation_duration: 1 }
$data merge entity $(bone_crest_left4) { transformation: [-0.549827467509011f,-0.8313647325138177f,0.08076160910268969f,-0.5371872425491109f,-0.7440041264367376f,0.5313998008473875f,0.40505815817542035f,4.447508437182519f,-0.379667770317332f,0.16262513087338393f,-0.910716998298967f,2.9849074634366946f,0f,0f,0f,1f], start_interpolation: 0, interpolation_duration: 1 }
$data merge entity $(bone_crest_left1) { transformation: [-0.549827467509011f,-0.8313647325138177f,0.08076160910268969f,-0.019138428253804643f,-0.7440041264367376f,0.5313998008473875f,0.40505815817542035f,4.142020614974623f,-0.379667770317332f,0.16262513087338393f,-0.910716998298967f,2.833318964726142f,0f,0f,0f,1f], start_interpolation: 0, interpolation_duration: 1 }
$data merge entity $(bone_crest_center1) { transformation: [-0.9994800306046258f,0.015185402434726127f,-0.02844419053992829f,0.09268152173424386f,0f,0.8821575439618603f,0.47095442203166377f,4.1172533251748895f,0.03224388969365098f,0.47070954014559135f,-0.8816988490371017f,2.816482271979223f,0f,0f,0f,1f], start_interpolation: 0, interpolation_duration: 1 }
$data merge entity $(bone_crest_right5) { transformation: [-0.5242129904796627f,0.8401179256638435f,-0.13929325752041882f,1.203842201224299f,0.7440041264367376f,0.5313998008473875f,0.40505815817542035f,4.74590188004116f,0.41431702892528577f,0.10870199003531467f,-0.9036178821298783f,3.0049982484766993f,0f,0f,0f,1f], start_interpolation: 0, interpolation_duration: 1 }
$data merge entity $(bone_crest_right4) { transformation: [-0.5242129904796627f,0.8401179256638435f,-0.13929325752041882f,0.7320962957001682f,0.7440041264367376f,0.5313998008473875f,0.40505815817542035f,4.4475084371825195f,0.41431702892528577f,0.10870199003531467f,-0.9036178821298783f,2.9439595333689788f,0f,0f,0f,1f], start_interpolation: 0, interpolation_duration: 1 }
$data merge entity $(bone_crest_right1) { transformation: [-0.5242129904796627f,0.8401179256638435f,-0.13929325752041882f,0.20535415674528118f,0.7440041264367376f,0.5313998008473875f,0.40505815817542035f,4.142020614974624f,0.41431702892528577f,0.10870199003531467f,-0.9036178821298783f,2.826076684814482f,0f,0f,0f,1f], start_interpolation: 0, interpolation_duration: 1 }
$data merge entity $(bone_head1) { transformation: [-1.0476320633290668f,0.015916990833274122f,-0.029814548677919613f,0.05381399324081109f,0f,0.924657321470439f,0.49364363246808485f,4.601654449743622f,0.033797306254412796f,0.49338695288698026f,-0.9241765279620658f,1.6116859853887868f,0f,0f,0f,1f], start_interpolation: 0, interpolation_duration: 1 }
$data merge entity $(bone_neck10) { transformation: [-1.496617233327239f,0.020070486722192797f,-0.04391257399290536f,0.016505138254208178f,0f,1.3618882340225846f,0.6224586088366624f,4.636589738332969f,0.048281866077732584f,0.6221349494101803f,-1.3611800938209728f,0.4552046837182895f,0f,0f,0f,1f], start_interpolation: 0, interpolation_duration: 1 }
$data merge entity $(bone_neck9) { transformation: [-1.1449121834953386f,0.017394997124935307f,-0.03258304248372647f,-0.004067748155820821f,0f,1.0105183584641237f,0.5394819697686932f,3.322228988831208f,0.03693562754946545f,0.5392014556550575f,-1.0099929198442588f,-0.18250340094775164f,0f,0f,0f,1f], start_interpolation: 0, interpolation_duration: 1 }
$data merge entity $(bone_neck8) { transformation: [-1.0625982356623398f,-0.008527283098548211f,-0.033202596391822346f,0.0033397576042607686f,0f,1.029732972891299f,-0.2644619858077262f,2.562249155091994f,0.03428012491519014f,-0.2643244736688662f,-1.0291975432599878f,0.047110772594347816f,0f,0f,0f,1f], start_interpolation: 0, interpolation_duration: 1 }
$data merge entity $(bone_neck7) { transformation: [-1.0551151494957036f,-0.017182204383761102f,-0.029383771221163358f,0.019506782436934506f,0f,0.9112973496789128f,-0.5328824948543469f,1.7489429855756193f,0.034038715584801475f,-0.532605412265692f,-0.9108235029469942f,0.5482481548416336f,0f,0f,0f,1f], start_interpolation: 0, interpolation_duration: 1 }
$data merge entity $(bone_neck6) { transformation: [-1.0491286805623945f,-0.01072214441095619f,-0.032102327866565875f,0.02870841732068235f,0f,0.9956096541568001f,-0.3325325980465516f,0.8663482325530021f,0.033845588120490544f,-0.3323596912726031f,-0.9950919676068996f,0.8334758492234253f,0f,0f,0f,1f], start_interpolation: 0, interpolation_duration: 1 }
$data merge entity $(bone_neck_spine6) { transformation: [-1.2723393233051343f,-0.031191511125494096f,0.01284930044208538f,-0.12184063233875939f,0.017119547000556373f,-0.1792796652451233f,1.259980591619094f,0.05565179456595881f,-0.02906778282976772f,1.2597107841802477f,0.1796362233461189f,-1.6620450423961095f,0f,0f,0f,1f], start_interpolation: 0, interpolation_duration: 1 }
$data merge entity $(bone_neck_spine7) { transformation: [-0.9702802964509023f,-0.22211168650604546f,0.0960340826820835f,0.28600304136596355f,0.07236782573073094f,0.11235570573322684f,0.9910293099541484f,0.6484340031400367f,-0.2309091685450269f,0.9685259904135917f,-0.09294278764495748f,-5.2102923291851715f,0f,0f,0f,1f], start_interpolation: 0, interpolation_duration: 1 }
$data merge entity $(bone_tail6) { transformation: [-1.5060440859207607f,-0.7379445109615722f,0.39060344024587673f,1.8476824421381939f,-0.20674375030262115f,1.110093531544213f,1.300096654276763f,-0.5211781440094913f,-0.8089438611554178f,1.090152368934045f,-1.0594713679630894f,-8.344521137025557f,0f,0f,0f,1f], start_interpolation: 0, interpolation_duration: 1 }
$data merge entity $(bone_tail5) { transformation: [-1.2441233753258456f,-0.6096063351421683f,0.3226724071596373f,1.4626679146799824f,-0.17078831546738268f,0.9170337869278282f,1.0739928883155867f,0.058001089839663345f,-0.6682579722588233f,0.9005606525976895f,-0.8752154778825522f,-7.7757459880164905f,0f,0f,0f,1f], start_interpolation: 0, interpolation_duration: 1 }
$data merge entity $(bone_tail4) { transformation: [-0.9167224870822019f,-0.44918361536791346f,0.23775861580183796f,1.2701606509508765f,-0.1258440219233346f,0.675709106157347f,0.7913631808641165f,0.34759070676424064f,-0.4924006111380803f,0.6635710071772448f,-0.6448956152818804f,-7.491358413511957f,0f,0f,0f,1f], start_interpolation: 0, interpolation_duration: 1 }
$data merge entity $(bone_segment18) { transformation: [-0.8745874162473679f,-0.4726236853014193f,0.1082760519868465f,1.0047713745365052f,-0.12005988675418755f,0.4274473398256041f,0.896032586052866f,0.5876124063733446f,-0.469768533359063f,0.7706592137696917f,-0.43058321065452065f,-7.058615202654952f,0f,0f,0f,1f], start_interpolation: 0, interpolation_duration: 1 }
$data merge entity $(bone_segment17) { transformation: [-0.8955496342553647f,-0.4447011694883115f,0.015222432158184071f,0.680148206379754f,0.1096935719726492f,-0.18749013561923722f,0.9761223126808246f,0.4507482692880126f,-0.4312286781430055f,0.8758357830673555f,0.21668758212188394f,-6.419272187183419f,0f,0f,0f,1f], start_interpolation: 0, interpolation_duration: 1 }
$data merge entity $(bone_segment16) { transformation: [-0.9332744884400561f,-0.35908338208876633f,0.007606177400282695f,0.3373708567784167f,0.09009279479324292f,-0.21354999027658467f,0.9727690835852122f,0.24689561743707344f,-0.3476809134152955f,0.9085458306329756f,0.23165158338794534f,-5.551983564679772f,0f,0f,0f,1f], start_interpolation: 0, interpolation_duration: 1 }
$data merge entity $(bone_segment15) { transformation: [-0.9702802964509023f,-0.23939886389388385f,0.03527506605899908f,0.05507190350511132f,0.07236782573073094f,-0.14796998177228415f,0.9863406015638395f,0.07240953053274424f,-0.2309091685450269f,0.959579631120121f,0.160897133042254f,-4.4204480133345125f,0f,0f,0f,1f], start_interpolation: 0, interpolation_duration: 1 }
$data merge entity $(bone_segment14) { transformation: [-1.0402876804669874f,-0.1274923783570747f,0.014914199765444438f,-0.08835702214659771f,0.04548293316491018f,-0.25222793689767997f,1.0163599601835114f,-0.21134689847714572f,-0.12003350650757227f,1.0093572010613332f,0.25586167357832257f,-3.284921162140513f,0f,0f,0f,1f], start_interpolation: 0, interpolation_duration: 1 }
$data merge entity $(bone_segment13) { transformation: [-1.0253558076047258f,-0.0265529367289083f,0.005832768255191052f,-0.1204964904769186f,0.013796340818095429f,-0.3186050546776626f,0.9748815784171238f,-0.621752687868115f,-0.023425213221636338f,0.9746175519187524f,0.3188502763063043f,-2.1198392436349747f,0f,0f,0f,1f], start_interpolation: 0, interpolation_duration: 1 }
$data merge entity $(bone_segment12) { transformation: [-1.1143990508529724f,0.047821948338242985f,0.017369453267306274f,-0.06272500926293377f,0.021834416232221723f,0.1055204624227858f,1.1103434475285365f,-0.4942783037332059f,0.04595535787553841f,1.1095279962483562f,-0.10634665869370474f,-0.7794698521940073f,0f,0f,0f,1f], start_interpolation: 0, interpolation_duration: 1 }
$data merge entity $(bone_segment11) { transformation: [-1.1887985985801426f,0.06146922878656114f,-0.01011270525734078f,0.007497890495600571f,0.02809475713413191f,0.7015056660884587f,0.961365344678447f,0.3164434638688368f,0.05560051723509943f,0.9598094473589643f,-0.7019951909557617f,0.3297822881252208f,0f,0f,0f,1f], start_interpolation: 0, interpolation_duration: 1 }
$data merge entity $(bone_segment10) { transformation: [-1.0476320633290672f,0.01767665196605218f,-0.02880614318727231f,0.0305490018457159f,0f,0.8933830087175995f,0.5482171082334655f,1.2309815869093788f,0.03379730625441281f,0.5479320521151634f,-0.892918476894719f,0.8905293714531941f,0f,0f,0f,1f], start_interpolation: 0, interpolation_duration: 1 }