# This file was generated by Animated Java via MC-Build. It is not recommended to edit this file directly.
$data merge entity $(bone_neck_spine5) { transformation: [-1.5715693029238025f,0.011023333217571412f,-0.045470955444214534f,0.09972731744765741f,0f,1.5280059652900093f,0.37042808424144796f,4.2717559155926885f,0.046788050442771775f,0.3702640297403512f,-1.527329244849598f,-0.530810081148607f,0f,0f,0f,1f], start_interpolation: 0, interpolation_duration: 1 }
$data merge entity $(bone_neck_spine2) { transformation: [-1.49673266945124f,0.013785466176562374f,-0.04237403454578602f,0.04649315118683784f,0f,1.4239370368806294f,0.46324679889195214f,5.39703991756671f,0.04456004804073501f,0.46304163701111756f,-1.4233064062937044f,1.4549879429433539f,0f,0f,0f,1f], start_interpolation: 0, interpolation_duration: 1 }
$data merge entity $(bone_scale_neck_left1) { transformation: [-1.5848401972955974f,0.4455094683876916f,0.05345973672438657f,0.8230206753961538f,0.3847133234003071f,1.248137829503769f,1.0035948874907568f,4.549976840786069f,0.23093784590667493f,0.9781249168568449f,-1.3049882908246526f,1.1206551868762313f,0f,0f,0f,1f], start_interpolation: 0, interpolation_duration: 1 }
$data merge entity $(bone_scale_neck_right1) { transformation: [-1.5957718317461722f,-0.3865314078655183f,-0.13099928464170493f,-0.7485486275276481f,-0.3847133234003071f,1.248137829503769f,1.0035948874907568f,4.549976840786069f,-0.13624610321557437f,1.002896061480348f,-1.2994966602740656f,1.1674432373190031f,0f,0f,0f,1f], start_interpolation: 0, interpolation_duration: 1 }
$data merge entity $(bone_blush_right1) { transformation: [-0.9995571218596108f,0.014257432814263345f,-0.026120600094139683f,-0.5900816812779661f,0f,0.8777566332373702f,0.47910676556253834f,3.7419533550974555f,0.029758362517638685f,0.47889457964915805f,-0.8773678940119278f,2.3389327113298917f,0f,0f,0f,1f], start_interpolation: 0, interpolation_duration: 1 }
$data merge entity $(bone_blush_left1) { transformation: [-0.9995571218596108f,0.014257432814263345f,-0.026120600094139683f,0.7345267311863815f,0f,0.8777566332373702f,0.47910676556253834f,3.7419533550974555f,0.029758362517638685f,0.47889457964915805f,-0.8773678940119278f,2.299497068813841f,0f,0f,0f,1f], start_interpolation: 0, interpolation_duration: 1 }
$data merge entity $(bone_left_head_scales) { transformation: [-0.8745568445995827f,0.014257432814263345f,-0.48471337012049504f,0.7458927432880964f,-0.22122688459002457f,0.8777566332373702f,0.4249728913029501f,4.571019328226221f,0.4315193982877401f,0.47889457964915805f,-0.7644939440466767f,2.303882713129262f,0f,0f,0f,1f], start_interpolation: 0, interpolation_duration: 1 }
$data merge entity $(bone_left_head_scales2) { transformation: [-0.8038070990375735f,0.014257432814263345f,-0.5947191548507136f,0.7374835297403589f,-0.2748043512230368f,0.8777566332373702f,0.39246128644324f,3.7017009496735667f,0.5276141735072005f,0.47889457964915805f,-0.7016290084488884f,2.0214246549650356f,0f,0f,0f,1f], start_interpolation: 0, interpolation_duration: 1 }
$data merge entity $(bone_left_head_scales1) { transformation: [-0.9995571218596108f,0.014257432814263345f,-0.026120600094139683f,0.7442915667513383f,0f,0.8777566332373702f,0.47910676556253834f,4.472443143829446f,0.029758362517638685f,0.47889457964915805f,-0.8773678940119278f,2.2501006070163196f,0f,0f,0f,1f], start_interpolation: 0, interpolation_duration: 1 }
$data merge entity $(bone_right_head_scales) { transformation: [-0.8986791463402545f,0.014257432814263345f,0.43837485961525907f,-0.6011666592180196f,0.22122688459002457f,0.8777566332373702f,0.4249728913029501f,4.571019328226221f,-0.37872741842615965f,0.47889457964915805f,-0.7919757092960069f,2.343986756365924f,0f,0f,0f,1f], start_interpolation: 0, interpolation_duration: 1 }
$data merge entity $(bone_right_head_scales2) { transformation: [-0.8337714204722685f,0.014257432814263345f,0.551925668920374f,-0.6095758727657571f,0.2748043512230368f,0.8777566332373702f,0.39246128644324f,3.7017009496735667f,-0.4788609265251672f,0.47889457964915805f,-0.7357663994979079f,2.0615286982016974f,0f,0f,0f,1f], start_interpolation: 0, interpolation_duration: 1 }
$data merge entity $(bone_right_head_scales1) { transformation: [-0.9995571218596108f,0.014257432814263345f,-0.026120600094139683f,-0.6027678357547777f,0f,0.8777566332373702f,0.47910676556253834f,4.472443143829446f,0.029758362517638685f,0.47889457964915805f,-0.8773678940119278f,2.2902046502529814f,0f,0f,0f,1f], start_interpolation: 0, interpolation_duration: 1 }
$data merge entity $(bone_head_left_fin1) { transformation: [-0.7047398655412079f,0.026706903160239458f,-0.7754377223644227f,0.7360870698761874f,-0.10615008667523115f,1.0343875353082415f,0.13209763027002508f,4.143137047295563f,0.7686020290377685f,0.1673450511598861f,-0.6927638506998574f,1.974518801129955f,0f,0f,0f,1f], start_interpolation: 0, interpolation_duration: 1 }
$data merge entity $(bone_head_right_fin1) { transformation: [-0.7492161027805265f,-0.0167041836172748f,0.7328515535967796f,-0.6109723326299286f,0.10615008667523115f,1.0343875353082415f,0.13209763027002508f,4.143137047295563f,-0.7253155095945311f,0.16863746639995422f,-0.7376679568023841f,2.0146228443666168f,0f,0f,0f,1f], start_interpolation: 0, interpolation_duration: 1 }
$data merge entity $(bone_right_whisker16) { transformation: [0.25525806619233926f,0.9103209983715117f,-0.32582050206768975f,-1.1382822511685762f,0.957386220586657f,-0.28506021643744167f,-0.04639286190176167f,1.4056252961775666f,-0.13511085920289498f,-0.3000939068500606f,-0.9442926997477653f,2.0111475956758254f,0f,0f,0f,1f], start_interpolation: 0, interpolation_duration: 1 }
$data merge entity $(bone_right_whisker15) { transformation: [-0.8692152126225723f,0.3718950316659997f,-0.32582050206768975f,-0.8454314226971041f,0.4075854646261302f,0.9119878241457314f,-0.04639286190176167f,1.268304021474427f,0.2798910558967501f,-0.17312508204208782f,-0.9442926997477653f,1.9168483629762365f,0f,0f,0f,1f], start_interpolation: 0, interpolation_duration: 1 }
$data merge entity $(bone_right_whisker14) { transformation: [-0.704397585396261f,-0.6306068839778677f,-0.32582050206768975f,-0.6081099705860595f,-0.654288606134817f,0.7548205894427644f,-0.04639286190176167f,1.4887430538147703f,0.2751916815059565f,0.1805016222447918f,-0.9442926997477653f,1.8241324155938587f,0f,0f,0f,1f], start_interpolation: 0, interpolation_duration: 1 }
$data merge entity $(bone_right_whisker13) { transformation: [-0.09840461974943368f,-0.990217427596771f,-0.09892409663779128f,-0.5749560703775101f,-0.9848422921975845f,0.08263522255082703f,0.15250271962487486f,1.8205502714008706f,-0.14283623598715178f,0.11243160622177795f,-0.9833396888214236f,1.8722559521324988f,0f,0f,0f,1f], start_interpolation: 0, interpolation_duration: 1 }
$data merge entity $(bone_right_whisker12) { transformation: [0.05625115390464287f,-0.9955745314054344f,-0.07528054264712881f,-0.6002251434206114f,-0.9287335746464537f,-0.07985078304277812f,0.36204668175785754f,2.2377548068865822f,-0.3664556658162299f,0.04955002385776619f,-0.9291151920654828f,2.0368747082608833f,0f,0f,0f,1f], start_interpolation: 0, interpolation_duration: 1 }
$data merge entity $(bone_right_whisker11) { transformation: [0.2899584834676892f,-0.9554643493190256f,-0.054881281376158f,-0.7304799309158625f,-0.9537591875109717f,-0.29323284259053933f,0.0660144852640942f,2.666201316901277f,-0.0791674813514302f,0.03320206630080855f,-0.9963082518426856f,2.072438225274221f,0f,0f,0f,1f], start_interpolation: 0, interpolation_duration: 1 }
$data merge entity $(bone_right_whisker10) { transformation: [0.0758710913239626f,-0.9954325307305094f,0.057945269563308734f,-0.7645626477215488f,-0.9806666020413292f,-0.08500584709316084f,-0.17625839441197605f,3.10673514203703f,0.18037902633628022f,-0.04345207386797284f,-0.9826369238607657f,1.9914085845372202f,0f,0f,0f,1f], start_interpolation: 0, interpolation_duration: 1 }
$data merge entity $(bone_right_whisker1) { transformation: [-0.34293257586887677f,-0.93896223605341f,0.027334367991916606f,-0.6105109046554518f,-0.935398540796784f,0.34401135029127067f,0.08176650136837449f,3.5269337052855856f,-0.08617898980137084f,0.002471869000801513f,-0.996276603951161f,2.030121802612055f,0f,0f,0f,1f], start_interpolation: 0, interpolation_duration: 1 }
$data merge entity $(bone_left_whisker16) { transformation: [0.2628437679705404f,-0.9265614068570226f,0.26906711609221895f,1.262256315306677f,-0.957386220586657f,-0.28506021643744167f,-0.04639286190176167f,1.4056252961775666f,0.11968616574126614f,-0.24540707473048487f,-0.9620034248392157f,1.9396798472735723f,0f,0f,0f,1f], start_interpolation: 0, interpolation_duration: 1 }
$data merge entity $(bone_left_whisker15) { transformation: [-0.8843265493937181f,-0.3815356353936233f,0.26906711609221895f,0.9643142649738325f,-0.4075854646261302f,0.9119878241457314f,-0.04639286190176167f,1.268304021474427f,-0.22768540371069246f,-0.15069428501014429f,-0.9620034248392157f,1.8629694329374504f,0f,0f,0f,1f], start_interpolation: 0, interpolation_duration: 1 }
$data merge entity $(bone_left_whisker14) { transformation: [-0.7195212665051406f,0.6402281109765912f,0.26906711609221895f,0.7218974320204408f,0.654288606134817f,0.7548205894427644f,-0.04639286190176167f,1.4887430538147703f,-0.2327994135065563f,0.14266689759233925f,-0.9620034248392157f,1.7845360367853393f,0f,0f,0f,1f], start_interpolation: 0, interpolation_duration: 1 }
$data merge entity $(bone_left_whisker13) { transformation: [-0.08973295332076213f,0.9951522308763644f,0.04024965180133478f,0.6916651381770199f,0.9848422921975845f,0.08263522255082703f,0.15250271962487486f,1.8205502714008706f,0.14843738271521031f,0.053324078761569325f,-0.9874831067096228f,1.8345466784227882f,0f,0f,0f,1f], start_interpolation: 0, interpolation_duration: 1 }
$data merge entity $(bone_left_whisker12) { transformation: [0.07795210816620357f,0.9967589982365211f,0.019873808567339217f,0.7266826867673066f,0.9287335746464537f,-0.07985078304277812f,0.36204668175785754f,2.2377548068865822f,0.36246022699996294f,-0.009764828825019346f,-0.9319480843701293f,1.9973706085204277f,0f,0f,0f,1f], start_interpolation: 0, interpolation_duration: 1 }
$data merge entity $(bone_left_whisker11) { transformation: [0.2941546345882987f,0.9557473101224105f,-0.0044866629025650945f,0.8588224640237689f,0.9537591875109717f,-0.29323284259053933f,0.0660144852640942f,2.666201316901277f,0.06177752980360887f,-0.02369766275498037f,-0.9978085776296552f,2.0251222332368926f,0f,0f,0f,1f], start_interpolation: 0, interpolation_duration: 1 }
$data merge entity $(bone_left_whisker10) { transformation: [0.06500590013170247f,0.9910845201941728f,-0.11630007213907238f,0.8880243332235571f,0.9806666020413292f,-0.08500584709316084f,-0.17625839441197605f,3.10673514203703f,-0.18457315240516614f,-0.10259376097726647f,-0.9774493703613294f,1.9422085124298842f,0f,0f,0f,1f], start_interpolation: 0, interpolation_duration: 1 }
$data merge entity $(bone_left_whisker1) { transformation: [-0.33719838135183106f,0.9374462733879845f,-0.08655481572209281f,0.7365484978506642f,0.935398540796784f,0.34401135029127067f,0.08176650136837449f,3.5269337052855856f,0.10642754102652541f,-0.05339171641516206f,-0.9928859466873778f,1.9900177593753936f,0f,0f,0f,1f], start_interpolation: 0, interpolation_duration: 1 }
$data merge entity $(bone_upper_left_tooth1) { transformation: [-0.9995571218596108f,0.011926618675749123f,-0.027263820471358658f,0.4019538018831367f,0f,0.9161734102539602f,0.4007820883517988f,3.464408990780206f,0.029758362517638685f,0.4006045907258082f,-0.915767657077753f,3.016421091921068f,0f,0f,0f,1f], start_interpolation: 0, interpolation_duration: 1 }
$data merge entity $(bone_upper_right_tooth1) { transformation: [-0.9995571218596108f,0.011926618675749123f,-0.027263820471358658f,-0.2715758993699213f,0f,0.9161734102539602f,0.4007820883517988f,3.464408990780206f,0.029758362517638685f,0.4006045907258082f,-0.915767657077753f,3.0364731135393983f,0f,0f,0f,1f], start_interpolation: 0, interpolation_duration: 1 }
$data merge entity $(bone_top_lip1) { transformation: [-0.9995571218596108f,-0.000642149139478531f,-0.029751433313604747f,0.09472640472630192f,0f,0.9997671510309134f,-0.021578779380011515f,3.577588616168024f,0.029758362517638685f,-0.021569222610327954f,-0.9993243760142426f,3.0751003418448377f,0f,0f,0f,1f], start_interpolation: 0, interpolation_duration: 1 }
$data merge entity $(bone_muzzle1) { transformation: [-0.9995571218596108f,0.011926618675749123f,-0.027263820471358658f,0.08142625331080924f,0f,0.9161734102539602f,0.4007820883517988f,3.9569730049093255f,0.029758362517638685f,0.4006045907258082f,-0.915767657077753f,2.6283599991500077f,0f,0f,0f,1f], start_interpolation: 0, interpolation_duration: 1 }
$data merge entity $(bone_jaw_right_tooth1) { transformation: [-0.9995571218596108f,-0.004630326920710941f,-0.029395921695679873f,-0.27206291364144874f,0f,0.987820538789929f,-0.15559750365855676f,3.29896339084118f,0.029758362517638685f,-0.1555285929254872f,-0.9873830546666715f,3.020114734167417f,0f,0f,0f,1f], start_interpolation: 0, interpolation_duration: 1 }
$data merge entity $(bone_jaw_left_tooth1) { transformation: [-0.9995571218596108f,-0.004630326920710941f,-0.029395921695679873f,0.45759426271603076f,0f,0.987820538789929f,-0.15559750365855676f,3.29896339084118f,0.029758362517638685f,-0.1555285929254872f,-0.9873830546666715f,2.998391710747559f,0f,0f,0f,1f], start_interpolation: 0, interpolation_duration: 1 }
$data merge entity $(bone_tongue1) { transformation: [-0.9995571218596108f,0.008161400770862852f,-0.028617331762212955f,0.06969429660137488f,0f,0.9616568030331171f,0.2742557076527763f,3.5113352088232137f,0.029758362517638685f,0.2741342457949799f,-0.9612309062564971f,2.23429393199618f,0f,0f,0f,1f], start_interpolation: 0, interpolation_duration: 1 }
$data merge entity $(bone_jaw_lips1) { transformation: [-0.9995571218596108f,0.008161400770862852f,-0.028617331762212955f,0.15047861054630884f,0f,0.9616568030331171f,0.2742557076527763f,3.140735590315421f,0.029758362517638685f,0.2741342457949799f,-0.9612309062564971f,3.0608243761233562f,0f,0f,0f,1f], start_interpolation: 0, interpolation_duration: 1 }
$data merge entity $(bone_jaw3) { transformation: [-0.9995571218596108f,0.0005445663827973127f,-0.029753379424628898f,0.12370119050570802f,0f,0.9998325481448507f,0.01829960847054435f,3.0729618740820515f,0.029758362517638685f,0.01829150397397511f,-0.9993897441652277f,2.1613944800481244f,0f,0f,0f,1f], start_interpolation: 0, interpolation_duration: 1 }
$data merge entity $(bone_jaw1) { transformation: [-0.9995571218596108f,0.021423882936453604f,-0.020653749772289183f,0.10514508719466695f,0f,0.6940485976016684f,0.7199281520868299f,3.719772323222563f,0.029758362517638685f,0.7196093116456199f,-0.6937412186494228f,1.5381113539177833f,0f,0f,0f,1f], start_interpolation: 0, interpolation_duration: 1 }
$data merge entity $(bone_tear_right1) { transformation: [-0.9995571218596108f,0.014257432814263345f,-0.026120600094139683f,-0.5257099690470948f,0f,0.8777566332373702f,0.47910676556253834f,4.038544658459094f,0.029758362517638685f,0.47889457964915805f,-0.8773678940119278f,2.614178355367251f,0f,0f,0f,1f], start_interpolation: 0, interpolation_duration: 1 }
$data merge entity $(bone_right_pupil1) { transformation: [-0.9995571218596108f,0.014257432814263345f,-0.026120600094139683f,-0.3371284043830556f,0f,0.8777566332373702f,0.47910676556253834f,4.104837281504487f,0.029758362517638685f,0.47889457964915805f,-0.8773678940119278f,2.72156568252529f,0f,0f,0f,1f], start_interpolation: 0, interpolation_duration: 1 }
$data merge entity $(bone_right_sad_pupil1) { transformation: [-0.9995571218596108f,0.014257432814263345f,-0.026120600094139683f,-0.3374217509661441f,0f,0.8777566332373702f,0.47910676556253834f,4.110217875063051f,0.029758362517638685f,0.47889457964915805f,-0.8773678940119278f,2.711712429809336f,0f,0f,0f,1f], start_interpolation: 0, interpolation_duration: 1 }
$data merge entity $(bone_right_happy_pupil1) { transformation: [-0.9995571218596108f,0.014257432814263345f,-0.026120600094139683f,-0.3658854183129387f,0f,0.8777566332373702f,0.47910676556253834f,4.085574144407647f,0.029758362517638685f,0.47889457964915805f,-0.8773678940119278f,2.6991025655901923f,0f,0f,0f,1f], start_interpolation: 0, interpolation_duration: 1 }
$data merge entity $(bone_eyelid_right1) { transformation: [-0.9995571218596108f,0.014257432814263345f,-0.026120600094139683f,0.079292249130939f,0f,0.8777566332373702f,0.47910676556253834f,4.329959460792847f,0.029758362517638685f,0.47889457964915805f,-0.8773678940119278f,2.179292016388977f,0f,0f,0f,1f], start_interpolation: 0, interpolation_duration: 1 }
$data merge entity $(bone_eyelid_expressions_right5) { transformation: [-0.9995571218596108f,0.014257432814263345f,-0.026120600094139683f,-0.46491340795371483f,0f,0.8777566332373702f,0.47910676556253834f,4.2087940594598265f,0.029758362517638685f,0.47889457964915805f,-0.8773678940119278f,2.76933782937138f,0f,0f,0f,1f], start_interpolation: 0, interpolation_duration: 1 }
$data merge entity $(bone_eyelid_expressions_right7) { transformation: [-0.9995571218596108f,0.014257432814263345f,-0.026120600094139683f,-0.12814855732718566f,0f,0.8777566332373702f,0.47910676556253834f,4.2087940594598265f,0.029758362517638685f,0.47889457964915805f,-0.8773678940119278f,2.7593118185622147f,0f,0f,0f,1f], start_interpolation: 0, interpolation_duration: 1 }
$data merge entity $(bone_eyelid_expressions_right6) { transformation: [-0.9995571218596108f,0.014257432814263345f,-0.026120600094139683f,-0.2404035075360287f,0f,0.8777566332373702f,0.47910676556253834f,4.2087940594598265f,0.029758362517638685f,0.47889457964915805f,-0.8773678940119278f,2.76265382216527f,0f,0f,0f,1f], start_interpolation: 0, interpolation_duration: 1 }
$data merge entity $(bone_right_eye1) { transformation: [-0.9995571218596108f,0.014257432814263345f,-0.026120600094139683f,0.06836010069314319f,0f,0.8777566332373702f,0.47910676556253834f,4.324578867234283f,0.029758362517638685f,0.47889457964915805f,-0.8773678940119278f,2.189479469465237f,0f,0f,0f,1f], start_interpolation: 0, interpolation_duration: 1 }
$data merge entity $(bone_tear_left1) { transformation: [-0.9995571218596108f,0.014257432814263345f,-0.026120600094139683f,0.6866434932084098f,0f,0.8777566332373702f,0.47910676556253834f,4.038544658459094f,0.029758362517638685f,0.47889457964915805f,-0.8773678940119278f,2.578084716454256f,0f,0f,0f,1f], start_interpolation: 0, interpolation_duration: 1 }
$data merge entity $(bone_left_sad_pupil1) { transformation: [-0.9995571218596108f,0.014257432814263345f,-0.026120600094139683f,0.5044903756001784f,0f,0.8777566332373702f,0.47910676556253834f,4.110217875063051f,0.029758362517638685f,0.47889457964915805f,-0.8773678940119278f,2.6866474027864227f,0f,0f,0f,1f], start_interpolation: 0, interpolation_duration: 1 }
$data merge entity $(bone_left_pupil1) { transformation: [-0.9995571218596108f,0.014257432814263345f,-0.026120600094139683f,0.504783722183267f,0f,0.8777566332373702f,0.47910676556253834f,4.104837281504487f,0.029758362517638685f,0.47889457964915805f,-0.8773678940119278f,2.6965006555023767f,0f,0f,0f,1f], start_interpolation: 0, interpolation_duration: 1 }
$data merge entity $(bone_eyelid_left1) { transformation: [-0.9995571218596108f,0.014257432814263345f,-0.026120600094139683f,0.056841259089170405f,0f,0.8777566332373702f,0.47910676556253834f,4.329959460792847f,0.029758362517638685f,0.47889457964915805f,-0.8773678940119278f,2.179960417109588f,0f,0f,0f,1f], start_interpolation: 0, interpolation_duration: 1 }
$data merge entity $(bone_left_happy_pupil1) { transformation: [-0.9995571218596108f,0.014257432814263345f,-0.026120600094139683f,0.5321541833578052f,0f,0.8777566332373702f,0.47910676556253834f,4.085574144407647f,0.029758362517638685f,0.47889457964915805f,-0.8773678940119278f,2.672366536765751f,0f,0f,0f,1f], start_interpolation: 0, interpolation_duration: 1 }
$data merge entity $(bone_eyelid_expressions_left5) { transformation: [-0.9995571218596108f,0.014257432814263345f,-0.026120600094139683f,0.6351851040929466f,0f,0.8777566332373702f,0.47910676556253834f,4.2087940594598265f,0.029758362517638685f,0.47889457964915805f,-0.8773678940119278f,2.7365861940614398f,0f,0f,0f,1f], start_interpolation: 0, interpolation_duration: 1 }
$data merge entity $(bone_eyelid_expressions_left7) { transformation: [-0.9995571218596108f,0.014257432814263345f,-0.026120600094139683f,0.2984202534664177f,0f,0.8777566332373702f,0.47910676556253834f,4.2087940594598265f,0.029758362517638685f,0.47889457964915805f,-0.8773678940119278f,2.746612204870605f,0f,0f,0f,1f], start_interpolation: 0, interpolation_duration: 1 }
$data merge entity $(bone_eyelid_expressions_left6) { transformation: [-0.9995571218596108f,0.014257432814263345f,-0.026120600094139683f,0.4106752036752607f,0f,0.8777566332373702f,0.47910676556253834f,4.2087940594598265f,0.029758362517638685f,0.47889457964915805f,-0.8773678940119278f,2.74327020126755f,0f,0f,0f,1f], start_interpolation: 0, interpolation_duration: 1 }
$data merge entity $(bone_left_eye1) { transformation: [-0.9995571218596108f,0.014257432814263345f,-0.026120600094139683f,0.06836010069314319f,0f,0.8777566332373702f,0.47910676556253834f,4.324578867234283f,0.029758362517638685f,0.47889457964915805f,-0.8773678940119278f,2.189479469465237f,0f,0f,0f,1f], start_interpolation: 0, interpolation_duration: 1 }
$data merge entity $(bone_crest_middle5) { transformation: [-0.9995571218596108f,0.008265942128138852f,-0.028587310829552723f,0.10056970515490497f,0f,0.9606479796261692f,0.2777687153733468f,5.312473885870995f,0.029758362517638685f,0.2776456976812238f,-0.9602225296353839f,3.271371643907024f,0f,0f,0f,1f], start_interpolation: 0, interpolation_duration: 1 }
$data merge entity $(bone_crest_middle4) { transformation: [-0.9995571218596108f,0.008265942128138852f,-0.028587310829552723f,0.09499988086934266f,0f,0.9606479796261692f,0.2777687153733468f,4.665162258974456f,0.029758362517638685f,0.2776456976812238f,-0.9602225296353839f,3.084286164024168f,0f,0f,0f,1f], start_interpolation: 0, interpolation_duration: 1 }
$data merge entity $(bone_crest_middle1) { transformation: [-0.9995571218596108f,0.008265942128138852f,-0.028587310829552723f,0.09323038968561947f,0f,0.9606479796261692f,0.2777687153733468f,4.156282392395958f,0.029758362517638685f,0.2776456976812238f,-0.9602225296353839f,3.024850517532869f,0f,0f,0f,1f], start_interpolation: 0, interpolation_duration: 1 }
$data merge entity $(bone_crest_left5) { transformation: [-0.5490862469702489f,-0.8316202371078234f,0.08313888753678535f,-1.0100072552798252f,-0.7402924359779165f,0.5301195171433929f,0.41344940050451f,4.702219805716494f,-0.3879064353964875f,0.16547229005601982f,-0.9067235072510293f,3.083838187362688f,0f,0f,0f,1f], start_interpolation: 0, interpolation_duration: 1 }
$data merge entity $(bone_crest_left4) { transformation: [-0.5490862469702489f,-0.8316202371078234f,0.08313888753678535f,-0.5430330010444752f,-0.7402924359779165f,0.5301195171433929f,0.41344940050451f,4.404545272164296f,-0.3879064353964875f,0.16547229005601982f,-0.9067235072510293f,2.990921618239435f,0f,0f,0f,1f], start_interpolation: 0, interpolation_duration: 1 }
$data merge entity $(bone_crest_left1) { transformation: [-0.5490862469702489f,-0.8316202371078234f,0.08313888753678535f,-0.024692877993632734f,-0.7402924359779165f,0.5301195171433929f,0.41344940050451f,4.100319438117239f,-0.3879064353964875f,0.16547229005601982f,-0.9067235072510293f,2.837798742138491f,0f,0f,0f,1f], start_interpolation: 0, interpolation_duration: 1 }
$data merge entity $(bone_crest_center1) { transformation: [-0.9995571218596108f,0.014257432814263345f,-0.026120600094139683f,0.08716178320478565f,0f,0.8777566332373702f,0.47910676556253834f,4.075675707461835f,0.029758362517638685f,0.47889457964915805f,-0.8773678940119278f,2.82101138410994f,0f,0f,0f,1f], start_interpolation: 0, interpolation_duration: 1 }
$data merge entity $(bone_crest_right5) { transformation: [-0.5250370532206456f,0.8399913448020375f,-0.13693295221766558f,1.1980232661750057f,0.7402924359779165f,0.5301195171433929f,0.41344940050451f,4.702219805716494f,0.4198847484480276f,0.11570582613386711f,-0.9001716279795848f,3.0181017014025664f,0f,0f,0f,1f], start_interpolation: 0, interpolation_duration: 1 }
$data merge entity $(bone_crest_right4) { transformation: [-0.5250370532206456f,0.8399913448020375f,-0.13693295221766558f,0.7263484387715178f,0.7402924359779165f,0.5301195171433929f,0.41344940050451f,4.404545272164296f,0.4198847484480276f,0.11570582613386711f,-0.9001716279795848f,2.9531301681731f,0f,0f,0f,1f], start_interpolation: 0, interpolation_duration: 1 }
$data merge entity $(bone_crest_right1) { transformation: [-0.5250370532206456f,0.8399913448020375f,-0.13693295221766558f,0.19981702242405325f,0.7402924359779165f,0.5301195171433929f,0.41344940050451f,4.100319438117239f,0.4198847484480276f,0.11570582613386711f,-0.9001716279795848f,2.8311147349323806f,0f,0f,0f,1f], start_interpolation: 0, interpolation_duration: 1 }
$data merge entity $(bone_head1) { transformation: [-1.0477128686158674f,0.014944314343075504f,-0.027379014421591713f,0.051425450354897595f,0f,0.9200443877032326f,0.5021887321326083f,4.571223420756898f,0.03119203362851449f,0.501966323720797f,-0.9196369201557312f,1.620659517031281f,0f,0f,0f,1f], start_interpolation: 0, interpolation_duration: 1 }
$data merge entity $(bone_neck10) { transformation: [-1.49673266945124f,0.01919845098065761f,-0.04021215439809087f,0.017014755052060564f,0f,1.3512892174176556f,0.6451447376944247f,4.625502281138878f,0.04456004804073501f,0.6448590171927127f,-1.3506907609619176f,0.46483464468810065f,0f,0f,0f,1f], start_interpolation: 0, interpolation_duration: 1 }
$data merge entity $(bone_neck9) { transformation: [-1.1450004921301993f,0.01633200067493253f,-0.02992135147502526f,-0.002333807010352208f,0f,1.0054770808471052f,0.5488205429734938f,3.317108916187985f,0.034088436751162306f,0.5485774823520144f,-1.0050317770273358f,-0.18506647120038155f,0f,0f,0f,1f], start_interpolation: 0, interpolation_duration: 1 }
$data merge entity $(bone_neck8) { transformation: [-1.0626801953103806f,-0.007585731040337531f,-0.03071476154219133f,0.004292877506279186f,0f,1.03213883236975f,-0.2549109022998572f,2.5550333799077f,0.03163763410892186f,-0.2547980078334818f,-1.0316817206430469f,0.037518010690704484f,0f,0f,0f,1f], start_interpolation: 0, interpolation_duration: 1 }
$data merge entity $(bone_neck7) { transformation: [-1.0551965319631242f,-0.015524388567830767f,-0.027310897945585173f,0.018916126112582615f,0f,0.9177554016756524f,-0.5216815461075517f,1.735647409512422f,0.031414833868718184f,-0.5214505047545362f,-0.9173489478700263f,0.5287000197979064f,0f,0f,0f,1f], start_interpolation: 0, interpolation_duration: 1 }
$data merge entity $(bone_neck6) { transformation: [-1.0492096012853191f,-0.00960596453180123f,-0.02972289067247645f,0.02715168363395591f,0f,0.9988080041319071f,-0.32279882759367157f,0.8503092072689311f,0.03123659367655524f,-0.3226558670491871f,-0.9983656539004313f,0.8053251253659248f,0f,0f,0f,1f], start_interpolation: 0, interpolation_duration: 1 }
$data merge entity $(bone_neck_spine6) { transformation: [-1.2724521483792952f,-0.012697011330018357f,0.026261845040122f,-0.12090233081380479f,0.027802199270957333f,-0.18109599475060423f,1.2595303279070722f,0.05890448853934749f,-0.008828154808564114f,1.2597731522402293f,0.18132577614366246f,-1.7012564357343107f,0f,0f,0f,1f], start_interpolation: 0, interpolation_duration: 1 }
$data merge entity $(bone_neck_spine7) { transformation: [-0.9753829970049354f,-0.19742442493903112f,0.09824258542588962f,0.21747450176853828f,0.07809290885595407f,0.10739368323422843f,0.9911448402669519f,0.6592260658636044f,-0.20622683322033042f,0.9744178740349947f,-0.08933252498969735f,-5.254742234503188f,0f,0f,0f,1f], start_interpolation: 0, interpolation_duration: 1 }
$data merge entity $(bone_tail6) { transformation: [-1.4782061778850846f,-0.8224228419522521f,0.32222523523876606f,1.8478307889625623f,-0.2717326813644265f,1.0211325475802726f,1.3596880552824782f,-0.36864775911366254f,-0.8404580793043729f,1.1163381776301164f,-1.0063405127612626f,-8.410495491584292f,0f,0f,0f,1f], start_interpolation: 0, interpolation_duration: 1 }
$data merge entity $(bone_tail5) { transformation: [-1.221126842600722f,-0.6793927824822952f,0.2661860638928937f,1.4187406105526916f,-0.2244748237358306f,0.8435442784358773f,1.1232205674072646f,0.16411704831952312f,-0.6942914568166558f,0.9221924076074874f,-0.8313247714114776f,-7.828058181516405f,0f,0f,0f,1f], start_interpolation: 0, interpolation_duration: 1 }
$data merge entity $(bone_tail4) { transformation: [-0.8997776734952687f,-0.500605208144849f,0.1961370997105532f,1.2041955213477564f,-0.1654025017000857f,0.6215589420053832f,0.8276362075632475f,0.43049945203611595f,-0.5115831787070095f,0.6795101950792012f,-0.6125550947242466f,-7.536839526482462f,0f,0f,0f,1f], start_interpolation: 0, interpolation_duration: 1 }
$data merge entity $(bone_segment18) { transformation: [-0.8584214326016975f,-0.5097526714891409f,0.05713893558453319f,0.9179574489783658f,-0.1578001506902681f,0.36842915897278133f,0.9161654147918581f,0.6373810598577461f,-0.48806941769811596f,0.7774394952202343f,-0.3967065348334067f,-7.100289028678131f,0f,0f,0f,1f], start_interpolation: 0, interpolation_duration: 1 }
$data merge entity $(bone_segment17) { transformation: [-0.892170487605497f,-0.45155220286444664f,0.01150778580072525f,0.5883331602662816f,0.12328304523027597f,-0.2189133922384925f,0.9679246961708258f,0.4775785591758386f,-0.4345493203360459f,0.8649725630254993f,0.2509767985463577f,-6.468875951664887f,0f,0f,0f,1f], start_interpolation: 0, interpolation_duration: 1 }
$data merge entity $(bone_segment16) { transformation: [-0.9383112614912569f,-0.3455452799627588f,0.013055116014226723f,0.25847914545808137f,0.09758169881389339f,-0.22838083104326468f,0.968669194342724f,0.25956853735475316f,-0.3317375297057612f,0.9101871541103216f,0.24801120111251576f,-5.600020538439457f,0f,0f,0f,1f], start_interpolation: 0, interpolation_duration: 1 }
$data merge entity $(bone_segment15) { transformation: [-0.9753829970049354f,-0.21612440293720933f,0.0437978493616425f,0.003625418361713942f,0.07809290885595407f,-0.1527928288999344f,0.9851679293517277f,0.0793953528853481f,-0.20622683322033042f,0.9643363489425201f,0.16590931067340342f,-4.46287586915421f,0f,0f,0f,1f], start_interpolation: 0, interpolation_duration: 1 }
$data merge entity $(bone_segment14) { transformation: [-1.042474292940967f,-0.10581715803893585f,0.026930942184893142f,-0.11541888443208888f,0.05196235824954029f,-0.25340045383459425f,1.0157575110954091f,-0.2056801576785704f,-0.09603363945800247f,1.0115661802799438f,0.2572675670026557f,-3.324863916339274f,0f,0f,0f,1f], start_interpolation: 0, interpolation_duration: 1 }
$data merge entity $(bone_segment13) { transformation: [-1.0254467313409614f,-0.013751928424615272f,0.01906560961338901f,-0.13250328816174192f,0.022405301765418557f,-0.3199835550489365f,0.9742700543351583f,-0.6177294461593643f,-0.0071144541692546096f,0.9744306136334366f,0.32019989940508287f,-2.160044084249178f,0f,0f,0f,1f], start_interpolation: 0, interpolation_duration: 1 }
$data merge entity $(bone_segment12) { transformation: [-1.1139188926495718f,0.05508988309405799f,0.024973717598937194f,-0.06595175153804769f,0.029879007930416573f,0.10068743760660491f,1.110604864920457f,-0.49609361549366704f,0.05259112734219095f,1.109640043383698f,-0.1020148451745056f,-0.819539333852764f,0f,0f,0f,1f], start_interpolation: 0, interpolation_duration: 1 }
$data merge entity $(bone_segment11) { transformation: [-1.188765404285321f,0.06255396466087752f,-0.00683051688453675f,0.006502782948674613f,0.03093386403208179f,0.6934632092412083f,0.9670960212751761f,0.3053102965542339f,0.054797358620182895f,0.9655664761244753f,-0.6941192048590509f,0.29632034476251434f,0f,0f,0f,1f], start_interpolation: 0, interpolation_duration: 1 }
$data merge entity $(bone_segment10) { transformation: [-1.0477128686158679f,0.016570866727863016f,-0.026426300115032796f,0.028956218576289713f,0f,0.8880293765952049f,0.5568473977034508f,1.2143680146342066f,0.031192033628514505f,0.5566007821634754f,-0.8876360877962872f,0.8659378607671131f,0f,0f,0f,1f], start_interpolation: 0, interpolation_duration: 1 }