# This file was generated by Animated Java via MC-Build. It is not recommended to edit this file directly.
$data merge entity $(bone_neck_spine5) { transformation: [-1.3668361960425688f,0.00790421062256575f,-0.029966594710863548f,0.09250788326860038f,-1.1858461261560207e-18f,1.3219736994846722f,0.34869355891249293f,3.6922072393840315f,0.03099150438638042f,0.34860396079432937f,-1.3216340133829128f,-0.47611370405608f,0f,0f,0f,1f], start_interpolation: 0, interpolation_duration: 1 }
$data merge entity $(bone_neck_spine2) { transformation: [-1.3017487581357794f,0.009945967550228649f,-0.027789483008682104f,0.034542113851978945f,-1.1293772630057337e-18f,1.2259306075386658f,0.43876548684271194f,4.627932149479987f,0.029515718463219442f,0.4386527444047418f,-1.2256156000697087f,1.2754854390508794f,0f,0f,0f,1f], start_interpolation: 0, interpolation_duration: 1 }
$data merge entity $(bone_scale_neck_left1) { transformation: [-1.379291934798334f,0.38206640574981765f,0.055122033711225926f,0.7113440989928411f,0.3297327288476649f,1.0597432981798265f,0.9053617442174112f,3.899558362812237f,0.20072245646593254f,0.8845500675276308f,-1.1084859457430765f,0.9681954438509309f,0f,0f,0f,1f], start_interpolation: 0, interpolation_duration: 1 }
$data merge entity $(bone_scale_neck_right1) { transformation: [-1.386972103812423f,-0.3415819781515849f,-0.10530695062990418f,-0.6554920970497274f,-0.3297327288476649f,1.0597432981798265f,0.9053617442174112f,3.899558362812237f,-0.1380004680267109f,0.9009579971162754f,-1.1048483953282526f,0.9991869482373114f,0f,0f,0f,1f], start_interpolation: 0, interpolation_duration: 1 }
$data merge entity $(bone_blush_right1) { transformation: [-0.9997430462482787f,0.011257275688085652f,-0.01967524389415411f,-0.5252458120002271f,-8.673617379884035e-19f,0.8679716601095441f,0.49661373042504786f,3.172785844648458f,0.02266807177975253f,0.4964861236638588f,-0.8677486315350911f,2.004607391552935f,0f,0f,0f,1f], start_interpolation: 0, interpolation_duration: 1 }
$data merge entity $(bone_blush_left1) { transformation: [-0.9997430462482787f,0.011257275688085652f,-0.01967524389415411f,0.6268018389499378f,-8.673617379884035e-19f,0.8679716601095441f,0.49661373042504786f,3.172785844648458f,0.02266807177975253f,0.4964861236638588f,-0.8677486315350911f,1.9784859807129855f,0f,0f,0f,1f], start_interpolation: 0, interpolation_duration: 1 }
$data merge entity $(bone_left_head_scales) { transformation: [-0.8776978958336324f,0.011257275688085652f,-0.4790821196760494f,0.6369857493960163f,-0.22931070133724282f,0.8679716601095441f,0.4405017587920665f,3.893485439101554f,0.42078855248382874f,0.4964861236638588f,-0.7592354859381899f,1.9968231668716074f,0f,0f,0f,1f], start_interpolation: 0, interpolation_duration: 1 }
$data merge entity $(bone_left_head_scales2) { transformation: [-0.807656303820835f,0.011257275688085652f,-0.5895460699916075f,0.6310731185695071f,-0.284845933740198f,0.8679716601095441f,0.40680215249966023f,3.1426364277232413f,0.5162887650628684f,0.4964861236638588f,-0.6978161936205648f,1.7360549987067408f,0f,0f,0f,1f], start_interpolation: 0, interpolation_duration: 1 }
$data merge entity $(bone_left_head_scales1) { transformation: [-0.9997430462482787f,0.011257275688085652f,-0.01967524389415411f,0.6358864060671017f,-8.673617379884035e-19f,0.8679716601095441f,0.49661373042504786f,3.8087225816689814f,0.02266807177975253f,0.4964861236638588f,-0.8677486315350911f,1.9483381938575588f,0f,0f,0f,1f], start_interpolation: 0, interpolation_duration: 1 }
$data merge entity $(bone_right_head_scales) { transformation: [-0.8958679290000059f,0.011257275688085652f,0.4441778107169727f,-0.5345881329261852f,0.22931070133724282f,0.8679716601095441f,0.4405017587920665f,3.893485439101554f,-0.3805749020120247f,0.4964861236638588f,-0.7801693873562158f,2.023387313488505f,0f,0f,0f,1f], start_interpolation: 0, interpolation_duration: 1 }
$data merge entity $(bone_right_head_scales2) { transformation: [-0.8302268163751282f,0.011257275688085652f,0.5573120374760459f,-0.5405007637526944f,0.284845933740198f,0.8679716601095441f,0.40680215249966023f,3.1426364277232413f,-0.4791515703859206f,0.4964861236638588f,-0.7238199372813251f,1.7626191453236384f,0f,0f,0f,1f], start_interpolation: 0, interpolation_duration: 1 }
$data merge entity $(bone_right_head_scales1) { transformation: [-0.9997430462482787f,0.011257275688085652f,-0.01967524389415411f,-0.5356874762550998f,-8.673617379884035e-19f,0.8679716601095441f,0.49661373042504786f,3.8087225816689814f,0.02266807177975253f,0.4964861236638588f,-0.8677486315350911f,1.9749023404744563f,0f,0f,0f,1f], start_interpolation: 0, interpolation_duration: 1 }
$data merge entity $(bone_head_left_fin1) { transformation: [-0.6775813595287603f,0.02479426315160161f,-0.7350297584002474f,0.6303228203476805f,-0.11554875745454715f,0.9834301618148283f,0.13969109307171615f,3.527235058305053f,0.7263139719638243f,0.1795838560328566f,-0.6634889997449114f,1.7029641634044757f,0f,0f,0f,1f], start_interpolation: 0, interpolation_duration: 1 }
$data merge entity $(bone_head_right_fin1) { transformation: [-0.7098048341725371f,-0.016629235056677606f,0.7042020774797011f,-0.541251061974521f,0.11554875745454715f,0.9834301618148283f,0.13969109307171615f,3.527235058305053f,-0.6948565190282143f,0.18052308820284008f,-0.6961219954790268f,1.7295283100213732f,0f,0f,0f,1f], start_interpolation: 0, interpolation_duration: 1 }
$data merge entity $(bone_right_whisker16) { transformation: [0.25664575866767564f,0.9122982257326488f,-0.31913148055770685f,-1.0008305470197358f,0.9597497679414534f,-0.2795304773963283f,-0.02725977151238021f,1.1476030414252543f,-0.11407601629711452f,-0.29929025966716916f,-0.9473183218824274f,1.6755302480659513f,0f,0f,0f,1f], start_interpolation: 0, interpolation_duration: 1 }
$data merge entity $(bone_right_whisker15) { transformation: [-0.8709943943147613f,0.3735289321984416f,-0.31913148055770685f,-0.7456564080603332f,0.40241153810543356f,0.915052926806265f,-0.02725977151238021f,1.029709036120928f,0.2818398819753533f,-0.15216529812667523f,-0.9473183218824274f,1.5929599701434844f,0f,0f,0f,1f], start_interpolation: 0, interpolation_duration: 1 }
$data merge entity $(bone_right_whisker14) { transformation: [-0.7066303168461301f,-0.6315288539971737f,-0.31913148055770685f,-0.5386358074218185f,-0.6592531283766762f,0.7514267879059531f,-0.02725977151238021f,1.2228496010750323f,0.2570192756185868f,0.19112584594020232f,-0.9473183218824274f,1.5176613542396016f,0f,0f,0f,1f], start_interpolation: 0, interpolation_duration: 1 }
$data merge entity $(bone_right_whisker13) { transformation: [-0.09783610324559769f,-0.9909527735983391f,-0.0918732681440898f,-0.5099728865490848f,-0.9817221950055409f,0.0809557595815093f,0.172243132879321f,1.5104635253930618f,-0.1632471400521901f,0.10704562339647483f,-0.9807607280965323f,1.5654876648017666f,0f,0f,0f,1f], start_interpolation: 0, interpolation_duration: 1 }
$data merge entity $(bone_right_whisker12) { transformation: [0.058428347513863214f,-0.9959373233288388f,-0.0685198964344483f,-0.5327964597966877f,-0.9212343813028412f,-0.08023384431547181f,0.38064385576537546f,1.8703207055894842f,-0.38459503755557045f,0.04088249291504746f,-0.9221796348112876f,1.7157201013469112f,0f,0f,0f,1f], start_interpolation: 0, interpolation_duration: 1 }
$data merge entity $(bone_right_whisker11) { transformation: [0.29007943673968367f,-0.9558091349592971f,-0.047778843740176574f,-0.6461087397731266f,-0.9521534223395255f,-0.2932692148369192f,0.08600597628110657f,2.2422556361908614f,-0.09621736178007187f,0.02054422442676445f,-0.9951483076078584f,1.7533050082922519f,0f,0f,0f,1f], start_interpolation: 0, interpolation_duration: 1 }
$data merge entity $(bone_right_whisker10) { transformation: [0.07414316243851936f,-0.9951376115237248f,0.06483768652929892f,-0.6750709126006732f,-0.9841305320324327f,-0.08352363446361828f,-0.15655956824017128f,2.6266816252660306f,0.16121379402884928f,-0.052200925440495614f,-0.9855380134718189f,1.6903308699997326f,0f,0f,0f,1f], start_interpolation: 0, interpolation_duration: 1 }
$data merge entity $(bone_right_whisker1) { transformation: [-0.34273750815456316f,-0.938799644421691f,0.03444166281856312f,-0.541189073477797f,-0.9332782054462498f,0.34445298530219376f,0.10170512354564204f,2.991243424268472f,-0.10734426739713859f,0.0027145073426918798f,-0.994218205278327f,1.7322622244517398f,0f,0f,0f,1f], start_interpolation: 0, interpolation_duration: 1 }
$data merge entity $(bone_left_whisker16) { transformation: [0.2615524459423528f,-0.9249258520534396f,0.27586679072478365f,1.086982568539447f,-0.9597497679414534f,-0.2795304773963283f,-0.02725977151238021f,1.1476030414252543f,0.10232644310196191f,-0.2576332284659718f,-0.9608092519497827f,1.6281913866016915f,0f,0f,0f,1f], start_interpolation: 0, interpolation_duration: 1 }
$data merge entity $(bone_left_whisker15) { transformation: [-0.8828735383354798f,-0.380041878063719f,0.27586679072478365f,0.8283282116052243f,-0.40241153810543356f,0.915052926806265f,-0.02725977151238021f,1.029709036120928f,-0.2420728595002118f,-0.13507891049712156f,-0.9608092519497827f,1.5572716035449887f,0f,0f,0f,1f], start_interpolation: 0, interpolation_duration: 1 }
$data merge entity $(bone_left_whisker14) { transformation: [-0.7175533935973826f,0.639542524866086f,0.27586679072478365f,0.6181074908247411f,0.6592531283766762f,0.7514267879059531f,-0.02725977151238021f,1.2228496010750323f,-0.22472747954454797f,0.16230570324314986f,-0.9608092519497827f,1.491433474772172f,0f,0f,0f,1f], start_interpolation: 0, interpolation_duration: 1 }
$data merge entity $(bone_left_whisker13) { transformation: [-0.09033646468631593f,0.9947861770662673f,0.04732636755403459f,0.591641729686172f,0.9817221950055409f,0.0809557595815093f,0.172243132879321f,1.5104635253930618f,0.1675137456493664f,0.062021181127598975f,-0.9839169264272551f,1.540509767442885f,0f,0f,0f,1f], start_interpolation: 0, interpolation_duration: 1 }
$data merge entity $(bone_left_whisker12) { transformation: [0.07579987727188181f,0.9967667938317495f,0.02665215413325506f,0.6212510567455009f,0.9212343813028412f,-0.08023384431547181f,0.38064385576537546f,1.8703207055894842f,0.38155156048840777f,-0.004299876827974235f,-0.924337556170972f,1.6895533457586691f,0f,0f,0f,1f], start_interpolation: 0, interpolation_duration: 1 }
$data merge entity $(bone_left_whisker11) { transformation: [0.29414233030895565f,0.9557580227839627f,0.0026251484734727687f,0.7361504045224366f,0.9521534223395255f,-0.2932692148369192f,0.08600597628110657f,2.2422556361908614f,0.08297077706968056f,-0.02279845418065507f,-0.9962911625822171f,1.7219638055515132f,0f,0f,0f,1f], start_interpolation: 0, interpolation_duration: 1 }
$data merge entity $(bone_left_whisker10) { transformation: [0.06676003309087099f,0.9917489450151885f,-0.10944006598575692f,0.7622285424485581f,0.9841305320324327f,-0.08352363446361828f,-0.15655956824017128f,2.6266816252660306f,-0.16440861870129178f,-0.09725138840782124f,-0.981586457501062f,1.657741688871321f,0f,0f,0f,1f], start_interpolation: 0, interpolation_duration: 1 }
$data merge entity $(bone_left_whisker1) { transformation: [-0.33751995802663326f,0.9379578897001143f,-0.0794687050543051f,0.6303848088444045f,0.9332782054462498f,0.34445298530219376f,0.10170512354564204f,2.991243424268472f,0.12276835574661477f,-0.03983890141200061f,-0.9916354132248189f,1.7056980778348423f,0f,0f,0f,1f], start_interpolation: 0, interpolation_duration: 1 }
$data merge entity $(bone_upper_left_tooth1) { transformation: [-0.9997430462482787f,0.009499627860091705f,-0.020581509874928572f,0.33308107869447556f,-8.673617379884035e-19f,0.9079515044288987f,0.41907525052823086f,2.9191671161850565f,0.02266807177975253f,0.418967567570354f,-0.9077182028834546f,2.5948689060716394f,0f,0f,0f,1f], start_interpolation: 0, interpolation_duration: 1 }
$data merge entity $(bone_upper_right_tooth1) { transformation: [-0.9997430462482787f,0.009499627860091705f,-0.020581509874928572f,-0.25270586246662524f,-8.673617379884035e-19f,0.9079515044288987f,0.41907525052823086f,2.9191671161850565f,0.02266807177975253f,0.418967567570354f,-0.9077182028834546f,2.6081509793800883f,0f,0f,0f,1f], start_interpolation: 0, interpolation_duration: 1 }
$data merge entity $(bone_top_lip1) { transformation: [-0.9997430462482787f,0.00008940585539778459f,-0.022667895464842637f,0.06561617758520626f,-8.673617379884035e-19f,0.9999922218832019f,0.003944131475604795f,3.0167009691998796f,0.02266807177975253f,0.003943118016224878f,-0.9997352701300968f,2.6459627975935027f,0f,0f,0f,1f], start_interpolation: 0, interpolation_duration: 1 }
$data merge entity $(bone_muzzle1) { transformation: [-0.9997430462482787f,0.009499627860091705f,-0.020581509874928572f,0.05695815926640692f,-8.673617379884035e-19f,0.9079515044288987f,0.41907525052823086f,3.3543282650284443f,0.02266807177975253f,0.418967567570354f,-0.9077182028834546f,2.2641132211226296f,0f,0f,0f,1f], start_interpolation: 0, interpolation_duration: 1 }
$data merge entity $(bone_jaw_right_tooth1) { transformation: [-0.9997430462482787f,-0.0034386470496495453f,-0.022405739994027188f,-0.2529545907184251f,-8.673617379884035e-19f,0.9884272562627201f,-0.15169561324227818f,2.796134514973581f,0.02266807177975253f,-0.15165663448533606f,-0.9881732761709197f,2.5971811738069257f,0f,0f,0f,1f], start_interpolation: 0, interpolation_duration: 1 }
$data merge entity $(bone_jaw_left_tooth1) { transformation: [-0.9997430462482787f,-0.0034386470496495453f,-0.022405739994027188f,0.38164792887276744f,-8.673617379884035e-19f,0.9884272562627201f,-0.15169561324227818f,2.796134514973581f,0.02266807177975253f,-0.15165663448533606f,-0.9881732761709197f,2.582792261056106f,0f,0f,0f,1f], start_interpolation: 0, interpolation_duration: 1 }
$data merge entity $(bone_tongue1) { transformation: [-0.9997430462482787f,0.005716132712569116f,-0.021935526094085597f,0.0488894153541264f,-8.673617379884035e-19f,0.9676838112749734f,0.2521666936697659f,2.9640436515912048f,0.02266807177975253f,0.2521018984917682f,-0.9674351612891863f,1.9082527537375804f,0f,0f,0f,1f], start_interpolation: 0, interpolation_duration: 1 }
$data merge entity $(bone_jaw_lips1) { transformation: [-0.9997430462482787f,0.005716132712569116f,-0.021935526094085597f,0.11420017683352038f,-8.673617379884035e-19f,0.9676838112749734f,0.2521666936697659f,2.6583632965388464f,0.02266807177975253f,0.2521018984917682f,-0.9674351612891863f,2.6346424879059547f,0f,0f,0f,1f], start_interpolation: 0, interpolation_duration: 1 }
$data merge entity $(bone_jaw3) { transformation: [-0.9997430462482787f,0.0005043096448744521f,-0.02266246125190509f,0.09645819208130482f,-8.673617379884035e-19f,0.9997524920557005f,0.02224757578740838f,2.6025198432233694f,0.02266807177975253f,0.02224185918934296f,-0.999495601902074f,1.8521574995482841f,0f,0f,0f,1f], start_interpolation: 0, interpolation_duration: 1 }
$data merge entity $(bone_jaw1) { transformation: [-0.9997430462482787f,0.016381380799307968f,-0.015668179259890957f,0.08421742703451501f,-8.673617379884035e-19f,0.6912003549364977f,0.722663178344974f,3.16710045130538f,0.02266807177975253f,0.7224774873300672f,-0.6910227484121056f,1.3122959773513267f,0f,0f,0f,1f], start_interpolation: 0, interpolation_duration: 1 }
$data merge entity $(bone_tear_right1) { transformation: [-0.9997430462482787f,0.011257275688085652f,-0.01967524389415411f,-0.4708532624360496f,-8.673617379884035e-19f,0.8679716601095441f,0.49661373042504786f,3.4258081545118237f,0.02266807177975253f,0.4964861236638588f,-0.8677486315350911f,2.2494649272282485f,0f,0f,0f,1f], start_interpolation: 0, interpolation_duration: 1 }
$data merge entity $(bone_right_pupil1) { transformation: [-0.9997430462482787f,0.011257275688085652f,-0.01967524389415411f,-0.3075099763856111f,-8.673617379884035e-19f,0.8679716601095441f,0.49661373042504786f,3.4814725511773035f,0.02266807177975253f,0.4964861236638588f,-0.8677486315350911f,2.3451419835452554f,0f,0f,0f,1f], start_interpolation: 0, interpolation_duration: 1 }
$data merge entity $(bone_right_sad_pupil1) { transformation: [-0.9997430462482787f,0.011257275688085652f,-0.01967524389415411f,-0.307702117439265f,-8.673617379884035e-19f,0.8679716601095441f,0.49661373042504786f,3.4863222946384855f,0.02266807177975253f,0.4964861236638588f,-0.8677486315350911f,2.3366678758154205f,0f,0f,0f,1f], start_interpolation: 0, interpolation_duration: 1 }
$data merge entity $(bone_right_happy_pupil1) { transformation: [-0.9997430462482787f,0.011257275688085652f,-0.01967524389415411f,-0.3323844265489389f,-8.673617379884035e-19f,0.8679716601095441f,0.49661373042504786f,3.465131851521486f,0.02266807177975253f,0.4964861236638588f,-0.8677486315350911f,2.325100200351235f,0f,0f,0f,1f], start_interpolation: 0, interpolation_duration: 1 }
$data merge entity $(bone_eyelid_right1) { transformation: [-0.9997430462482787f,0.011257275688085652f,-0.01967524389415411f,0.05802142454499359f,-8.673617379884035e-19f,0.8679716601095441f,0.49661373042504786f,3.6864280389813047f,0.02266807177975253f,0.4964861236638588f,-0.8677486315350911f,1.8801973320266254f,0f,0f,0f,1f], start_interpolation: 0, interpolation_duration: 1 }
$data merge entity $(bone_eyelid_expressions_right5) { transformation: [-0.9997430462482787f,0.011257275688085652f,-0.01967524389415411f,-0.4188782920798593f,-8.673617379884035e-19f,0.8679716601095441f,0.49661373042504786f,3.571085152071058f,0.02266807177975253f,0.4964861236638588f,-0.8677486315350911f,2.3876985724631496f,0f,0f,0f,1f], start_interpolation: 0, interpolation_duration: 1 }
$data merge entity $(bone_eyelid_expressions_right7) { transformation: [-0.9997430462482787f,0.011257275688085652f,-0.01967524389415411f,-0.12598482149930895f,-8.673617379884035e-19f,0.8679716601095441f,0.49661373042504786f,3.571085152071058f,0.02266807177975253f,0.4964861236638588f,-0.8677486315350911f,2.3810575358089254f,0f,0f,0f,1f], start_interpolation: 0, interpolation_duration: 1 }
$data merge entity $(bone_eyelid_expressions_right6) { transformation: [-0.9997430462482787f,0.011257275688085652f,-0.01967524389415411f,-0.22361597835949243f,-8.673617379884035e-19f,0.8679716601095441f,0.49661373042504786f,3.571085152071058f,0.02266807177975253f,0.4964861236638588f,-0.8677486315350911f,2.383271214693667f,0f,0f,0f,1f], start_interpolation: 0, interpolation_duration: 1 }
$data merge entity $(bone_right_eye1) { transformation: [-0.9997430462482787f,0.011257275688085652f,-0.01967524389415411f,0.04845044991262909f,-8.673617379884035e-19f,0.8679716601095441f,0.49661373042504786f,3.6815782955201226f,0.02266807177975253f,0.4964861236638588f,-0.8677486315350911f,1.8888928076449345f,0f,0f,0f,1f], start_interpolation: 0, interpolation_duration: 1 }
$data merge entity $(bone_tear_left1) { transformation: [-0.9997430462482787f,0.011257275688085652f,-0.01967524389415411f,0.5835632316539319f,-8.673617379884035e-19f,0.8679716601095441f,0.49661373042504786f,3.4258081545118237f,0.02266807177975253f,0.4964861236638588f,-0.8677486315350911f,2.2255571952730406f,0f,0f,0f,1f], start_interpolation: 0, interpolation_duration: 1 }
$data merge entity $(bone_left_sad_pupil1) { transformation: [-0.9997430462482787f,0.011257275688085652f,-0.01967524389415411f,0.42453155901211104f,-8.673617379884035e-19f,0.8679716601095441f,0.49661373042504786f,3.4863222946384855f,0.02266807177975253f,0.4964861236638588f,-0.8677486315350911f,2.3200652841798597f,0f,0f,0f,1f], start_interpolation: 0, interpolation_duration: 1 }
$data merge entity $(bone_left_pupil1) { transformation: [-0.9997430462482787f,0.011257275688085652f,-0.01967524389415411f,0.42472370006576493f,-8.673617379884035e-19f,0.8679716601095441f,0.49661373042504786f,3.4814725511773035f,0.02266807177975253f,0.4964861236638588f,-0.8677486315350911f,2.3285393919096946f,0f,0f,0f,1f], start_interpolation: 0, interpolation_duration: 1 }
$data merge entity $(bone_eyelid_left1) { transformation: [-0.9997430462482787f,0.011257275688085652f,-0.01967524389415411f,0.038495193172956896f,-8.673617379884035e-19f,0.8679716601095441f,0.49661373042504786f,3.6864280389813047f,0.02266807177975253f,0.4964861236638588f,-0.8677486315350911f,1.8806400678035737f,0f,0f,0f,1f], start_interpolation: 0, interpolation_duration: 1 }
$data merge entity $(bone_left_happy_pupil1) { transformation: [-0.9997430462482787f,0.011257275688085652f,-0.01967524389415411f,0.4486648283325288f,-8.673617379884035e-19f,0.8679716601095441f,0.49661373042504786f,3.465131851521486f,0.02266807177975253f,0.4964861236638588f,-0.8677486315350911f,2.3073907692733036f,0f,0f,0f,1f], start_interpolation: 0, interpolation_duration: 1 }
$data merge entity $(bone_eyelid_expressions_left5) { transformation: [-0.9997430462482787f,0.011257275688085652f,-0.01967524389415411f,0.5379070451499386f,-8.673617379884035e-19f,0.8679716601095441f,0.49661373042504786f,3.571085152071058f,0.02266807177975253f,0.4964861236638588f,-0.8677486315350911f,2.3660045193926833f,0f,0f,0f,1f], start_interpolation: 0, interpolation_duration: 1 }
$data merge entity $(bone_eyelid_expressions_left7) { transformation: [-0.9997430462482787f,0.011257275688085652f,-0.01967524389415411f,0.24501357456938821f,-8.673617379884035e-19f,0.8679716601095441f,0.49661373042504786f,3.571085152071058f,0.02266807177975253f,0.4964861236638588f,-0.8677486315350911f,2.3726455560469075f,0f,0f,0f,1f], start_interpolation: 0, interpolation_duration: 1 }
$data merge entity $(bone_eyelid_expressions_left6) { transformation: [-0.9997430462482787f,0.011257275688085652f,-0.01967524389415411f,0.3426447314295717f,-8.673617379884035e-19f,0.8679716601095441f,0.49661373042504786f,3.571085152071058f,0.02266807177975253f,0.4964861236638588f,-0.8677486315350911f,2.370431877162166f,0f,0f,0f,1f], start_interpolation: 0, interpolation_duration: 1 }
$data merge entity $(bone_left_eye1) { transformation: [-0.9997430462482787f,0.011257275688085652f,-0.01967524389415411f,0.04845044991262909f,-8.673617379884035e-19f,0.8679716601095441f,0.49661373042504786f,3.6815782955201226f,0.02266807177975253f,0.4964861236638588f,-0.8677486315350911f,1.8888928076449345f,0f,0f,0f,1f], start_interpolation: 0, interpolation_duration: 1 }
$data merge entity $(bone_crest_middle5) { transformation: [-0.9997430462482787f,0.006731931112737591f,-0.02164538245689756f,0.070171705585551f,-8.673617379884035e-19f,0.9548841501477663f,0.2969785510715852f,4.5215691469065336f,0.02266807177975253f,0.2969022413187066f,-0.9546387890829264f,2.846877876943217f,0f,0f,0f,1f], start_interpolation: 0, interpolation_duration: 1 }
$data merge entity $(bone_crest_middle4) { transformation: [-0.9997430462482787f,0.006731931112737591f,-0.02164538245689756f,0.06622721469918132f,-8.673617379884035e-19f,0.9548841501477663f,0.2969785510715852f,3.962066715179327f,0.02266807177975253f,0.2969022413187066f,-0.9546387890829264f,2.672911719920537f,0f,0f,0f,1f], start_interpolation: 0, interpolation_duration: 1 }
$data merge entity $(bone_crest_middle1) { transformation: [-0.9997430462482787f,0.006731931112737591f,-0.02164538245689756f,0.06485420845900337f,-8.673617379884035e-19f,0.9548841501477663f,0.2969785510715852f,3.5206884398570613f,0.02266807177975253f,0.2969022413187066f,-0.9546387890829264f,2.6123572336629337f,0f,0f,0f,1f], start_interpolation: 0, interpolation_duration: 1 }
$data merge entity $(bone_crest_left5) { transformation: [-0.5466558372151494f,-0.8325326073472689f,0.08975997628209303f,-0.8946068423220035f,-0.732039873344399f,0.5271921506931546f,0.43149282738122363f,3.994865448464143f,-0.40655260357365836f,0.17017019113547516f,-0.8976397309479986f,2.6663589069662867f,0f,0f,0f,1f], start_interpolation: 0, interpolation_duration: 1 }
$data merge entity $(bone_crest_left4) { transformation: [-0.5466558372151494f,-0.8325326073472689f,0.08975997628209303f,-0.4880967801407199f,-0.732039873344399f,0.5271921506931546f,0.43149282738122363f,3.737447406133501f,-0.40655260357365836f,0.17017019113547516f,-0.8976397309479986f,2.583267993325918f,0f,0f,0f,1f], start_interpolation: 0, interpolation_duration: 1 }
$data merge entity $(bone_crest_left1) { transformation: [-0.5466558372151494f,-0.8325326073472689f,0.08975997628209303f,-0.03655290039940884f,-0.732039873344399f,0.5271921506931546f,0.43149282738122363f,3.4753565452817687f,-0.40655260357365836f,0.17017019113547516f,-0.8976397309479986f,2.448037923333817f,0f,0f,0f,1f], start_interpolation: 0, interpolation_duration: 1 }
$data merge entity $(bone_crest_center1) { transformation: [-0.9997430462482787f,0.011257275688085652f,-0.01967524389415411f,0.06080342414644463f,-8.673617379884035e-19f,0.8679716601095441f,0.49661373042504786f,3.4541661021647694f,0.02266807177975253f,0.4964861236638588f,-0.8677486315350911f,2.433703156347477f,0f,0f,0f,1f], start_interpolation: 0, interpolation_duration: 1 }
$data merge entity $(bone_crest_right5) { transformation: [-0.5276672571781719f,0.839389905628621f,-0.1303527983237781f,1.025776836002834f,0.732039873344399f,0.5271921506931546f,0.43149282738122363f,3.994865448464143f,0.4309116957521358f,0.13226119074127818f,-0.892648916365061f,2.6228163234711652f,0f,0f,0f,1f], start_interpolation: 0, interpolation_duration: 1 }
$data merge entity $(bone_crest_right4) { transformation: [-0.5276672571781719f,0.839389905628621f,-0.1303527983237781f,0.6159184836451089f,0.732039873344399f,0.5271921506931546f,0.43149282738122363f,3.737447406133501f,0.4309116957521358f,0.13226119074127818f,-0.892648916365061f,2.5582356639295254f,0f,0f,0f,1f], start_interpolation: 0, interpolation_duration: 1 }
$data merge entity $(bone_crest_right1) { transformation: [-0.5276672571781719f,0.839389905628621f,-0.1303527983237781f,0.1587094133209581f,0.732039873344399f,0.5271921506931546f,0.43149282738122363f,3.4753565452817687f,0.4309116957521358f,0.13226119074127818f,-0.892648916365061f,2.443610565564334f,0f,0f,0f,1f], start_interpolation: 0, interpolation_duration: 1 }
$data merge entity $(bone_head1) { transformation: [-0.9997430462482787f,0.011257275688085652f,-0.01967524389415411f,0.037333020297210105f,-8.673617379884035e-19f,0.8679716601095441f,0.49661373042504786f,3.905932757168852f,0.02266807177975253f,0.4964861236638588f,-0.8677486315350911f,1.398574395996992f,0f,0f,0f,1f], start_interpolation: 0, interpolation_duration: 1 }
$data merge entity $(bone_neck10) { transformation: [-1.3017487581357794f,0.013488133819951958f,-0.026253530856917152f,0.014580939415671047f,-1.1293772630057337e-18f,1.1581722129699275f,0.5950278414064214f,3.982438430279949f,0.029515718463219442f,0.5948749467701934f,-1.1578746162746654f,0.39512624787023476f,0f,0f,0f,1f], start_interpolation: 0, interpolation_duration: 1 }
$data merge entity $(bone_neck9) { transformation: [-0.9997430462482787f,0.011257275688085653f,-0.01967524389415411f,0.001250181408050298f,-8.673617379884035e-19f,0.8679716601095441f,0.49661373042504786f,2.8562725663505937f,0.02266807177975253f,0.4964861236638588f,-0.8677486315350911f,-0.19280786266322436f,0f,0f,0f,1f], start_interpolation: 0, interpolation_duration: 1 }
$data merge entity $(bone_neck8) { transformation: [-0.9997430462482787f,-0.004992667868291176f,-0.022111416638672107f,0.0054176871111459735f,-8.673617379884035e-19f,0.9754432072348724f,-0.2202511054667958f,2.2272404072534715f,0.02266807177975253f,-0.22019451111892532f,-0.9751925634431824f,-0.009005954527770754f,0f,0f,0f,1f], start_interpolation: 0, interpolation_duration: 1 }
$data merge entity $(bone_neck7) { transformation: [-0.9997430462482787f,-0.010731778543131586f,-0.019966732519698695f,0.014620010858683107f,-8.673617379884035e-19f,0.8808306552802295f,-0.473431469928438f,1.5190151416145632f,0.02266807177975253f,-0.4733098199360569f,-0.8806043225387241f,0.39684943826056485f,0f,0f,0f,1f], start_interpolation: 0, interpolation_duration: 1 }
$data merge entity $(bone_neck6) { transformation: [-0.9997430462482787f,-0.006611752851757244f,-0.02168239383553608f,0.019687504428953978f,-8.673617379884035e-19f,0.9565169038728353f,-0.29167689762050963f,0.7553060444841009f,0.02266807177975253f,-0.2916019501473756f,-0.9562711232658002f,0.6203440304786539f,0f,0f,0f,1f], start_interpolation: 0, interpolation_duration: 1 }
$data merge entity $(bone_neck_spine6) { transformation: [-1.1056931682520137f,0.021967481196496046f,0.04360877168720737f,-0.09615595635503843f,0.04002335303014034f,-0.158504603050517f,1.0946305767433067f,0.14627701297058476f,0.027971886071735407f,1.0951417251201057f,0.15755587265446577f,-1.5612669236471093f,0f,0f,0f,1f], start_interpolation: 0, interpolation_duration: 1 }
$data merge entity $(bone_neck_spine7) { transformation: [-0.9864186030448479f,-0.13345569874011823f,0.09574923519714246f,0.0559689154333569f,0.0826332253833651f,0.10058439218102411f,0.9914910640607487f,0.6741090359945185f,-0.14195101137291308f,0.985937298474584f,-0.0881904407906342f,-4.661740416620968f,0f,0f,0f,1f], start_interpolation: 0, interpolation_duration: 1 }
$data merge entity $(bone_tail6) { transformation: [-1.257690959233742f,-0.8019868975100582f,0.13124309112456076f,1.482255926181233f,-0.3257658537005897f,0.719095274891317f,1.272388649696206f,0.03510142316428244f,-0.7445027476836229f,1.0401506061793169f,-0.7784578709476597f,-7.48152122005289f,0f,0f,0f,1f], start_interpolation: 0, interpolation_duration: 1 }
$data merge entity $(bone_tail5) { transformation: [-1.0389620967583086f,-0.662510915334396f,0.10841820571159369f,1.0638279796542456f,-0.2691109226222263f,0.5940352270841315f,1.0511036671403442f,0.4102815665858396f,-0.6150240089560364f,0.8592548485829141f,-0.643073893391545f,-6.938833947263681f,0f,0f,0f,1f], start_interpolation: 0, interpolation_duration: 1 }
$data merge entity $(bone_tail4) { transformation: [-0.8399188319056642f,-0.5355877715545433f,0.08764755998579363f,0.854614006390752f,-0.21755493534091555f,0.4802305835795926f,0.8497343330145097f,0.5978716382966179f,-0.49719835671393253f,0.6946397091701874f,-0.5198744738154806f,-6.667490310869076f,0f,0f,0f,1f], start_interpolation: 0, interpolation_duration: 1 }
$data merge entity $(bone_segment18) { transformation: [-0.8399188319056642f,-0.5400905036950232f,-0.05327854754665366f,0.5908979401334165f,-0.21755493534091555f,0.24513073839887617f,0.9447649290701002f,0.7175643816554442f,-0.49719835671393253f,0.8051168666165665f,-0.3233892780697703f,-6.274366840841456f,0f,0f,0f,1f], start_interpolation: 0, interpolation_duration: 1 }
$data merge entity $(bone_segment17) { transformation: [-0.900582952749735f,-0.4346415480737075f,0.006088505946445336f,0.3150024262194419f,0.1410586611247037f,-0.2789693139703579f,0.949883453895589f,0.5404842507172288f,-0.41116030856379476f,0.8563076821744617f,0.3125449633424386f,-5.730812159773682f,0f,0f,0f,1f], start_interpolation: 0, interpolation_duration: 1 }
$data merge entity $(bone_segment16) { transformation: [-0.9554308657143123f,-0.29412484725263294f,0.02534630286679021f,0.07085582449606496f,0.1040207682129271f,-0.25505798289463577f,0.9613142593044752f,0.32876619850976746f,-0.2762816327966668f,0.9211058568863489f,0.27428536196609693f,-4.966222337162943f,0f,0f,0f,1f], start_interpolation: 0, interpolation_duration: 1 }
$data merge entity $(bone_segment15) { transformation: [-0.9864186030448479f,-0.15369003170155474f,0.057945782612939103f,-0.08673649316666206f,0.0826332253833651f,-0.1594597082986458f,0.9837399816476163f,0.16525770855510136f,-0.14195101137291308f,0.9751676653708766f,0.1699939257306603f,-3.9662945552885094f,0f,0f,0f,1f], start_interpolation: 0, interpolation_duration: 1 }
$data merge entity $(bone_segment14) { transformation: [-0.9975801367945549f,-0.052076427138639296f,0.0460642639084896f,-0.14013517333811834f,0.057334547736985715f,-0.2414172146286106f,0.9687262142198685f,-0.0822892400386887f,-0.03932709382540608f,0.9690231030359584f,0.24381879639152187f,-2.972667350027029f,0f,0f,0f,1f], start_interpolation: 0, interpolation_duration: 1 }
$data merge entity $(bone_segment13) { transformation: [-0.9990262979029958f,0.012704673487223638f,0.04224982094420798f,-0.12751905143159148f,0.03616227662017386f,-0.3127812519233485f,0.9491365434935632f,-0.4414567077919392f,0.02527342176834446f,0.9497402169629577f,0.3120172662454333f,-1.9600561128701512f,0f,0f,0f,1f], start_interpolation: 0, interpolation_duration: 1 }
$data merge entity $(bone_segment12) { transformation: [-0.9976966387725833f,0.0587612959209725f,0.0338899259895504f,-0.058658157774201816f,0.03871979838632756f,0.08310613450402632f,0.9957882041984234f,-0.34406670642003334f,0.05569734459389829f,0.9948067553597969f,-0.08518993658702856f,-0.794266946432889f,0f,0f,0f,1f], start_interpolation: 0, interpolation_duration: 1 }
$data merge entity $(bone_segment11) { transformation: [-1.0338413907518476f,0.05215783913492618f,-0.00002234106351538564f,0.0037022488818233418f,0.029767198955502977f,0.5903915408862901f,0.849764793475417f,0.33816558880805403f,0.042829365494850134f,0.8486847766872868f,-0.591141486604198f,0.1864383591433284f,0f,0f,0f,1f], start_interpolation: 0, interpolation_duration: 1 }
$data merge entity $(bone_segment10) { transformation: [-0.9997430462482787f,0.012369303556840221f,-0.018995836589388554f,0.02126104023417377f,-8.673617379884035e-19f,0.8379996664010887f,0.5456707424002721f,1.1115146284458817f,0.02266807177975253f,0.5455305302558079f,-0.8377843392428657f,0.6897425878229232f,0f,0f,0f,1f], start_interpolation: 0, interpolation_duration: 1 }