# This file was generated by Animated Java via MC-Build. It is not recommended to edit this file directly.
$data merge entity $(bone_neck_spine5) { transformation: [-1.3668997370049603f,0.007293503154354485f,-0.027084570215502504f,0.09417609484385653f,5.929230630780103e-19f,1.3201593965617515f,0.3555008126938155f,3.6936681916837286f,0.028049405199060174f,0.35542598756661115f,-1.3198815319514587f,-0.4705793440166354f,0f,0f,0f,1f], start_interpolation: 0, interpolation_duration: 1 }
$data merge entity $(bone_neck_spine2) { transformation: [-1.301809273338057f,0.0091559325280939f,-0.025095650918534673f,0.03255161949979886f,5.646886315028669e-19f,1.2232152516850425f,0.4462795704371231f,4.619494719929678f,0.02671371923720016f,0.4461856383716134f,-1.2229577916918786f,1.2863179878977369f,0f,0f,0f,1f], start_interpolation: 0, interpolation_duration: 1 }
$data merge entity $(bone_scale_neck_left1) { transformation: [-1.3796793380902779f,0.3802946469265934f,0.05762225237291401f,0.7099218783937905f,0.3286870477895894f,1.0542439768695044f,0.9121369854646364f,3.8929255629394772f,0.19977278859973505f,0.8918548296422056f,-1.1027897416016053f,0.976022590217158f,0f,0f,0f,1f], start_interpolation: 0, interpolation_duration: 1 }
$data merge entity $(bone_scale_neck_right1) { transformation: [-1.3867132975533576f,-0.3433873776662682f,-0.10281418992996019f,-0.6569778586111695f,-0.3286870477895894f,1.0542439768695044f,0.9121369854646364f,3.8929255629394772f,-0.1430051516793522f,0.9067051144096597f,-1.0994975127299331f,1.004071995416218f,0f,0f,0f,1f], start_interpolation: 0, interpolation_duration: 1 }
$data merge entity $(bone_blush_right1) { transformation: [-0.9997895219236279f,0.010280218083547656f,-0.017754688616763457f,-0.5289730029970716f,4.336808689942018e-19f,0.8654011794889904f,0.5010796329317971f,3.1605600084675087f,0.020516136374169724f,0.5009741666545485f,-0.8652190315134414f,2.0060169047024776f,0f,0f,0f,1f], start_interpolation: 0, interpolation_duration: 1 }
$data merge entity $(bone_blush_left1) { transformation: [-0.9997895219236279f,0.010280218083547656f,-0.017754688616763457f,0.6231282039071089f,4.336808689942018e-19f,0.8654011794889904f,0.5010796329317971f,3.1605600084675087f,0.020516136374169724f,0.5009741666545485f,-0.8652190315134414f,1.9823752631775553f,0f,0f,0f,1f], start_interpolation: 0, interpolation_duration: 1 }
$data merge entity $(bone_left_head_scales) { transformation: [-0.8786259339971227f,0.010280218083547656f,-0.477400026417928f,0.6333488054282761f,-0.23137282562657716f,0.8654011794889904f,0.44446306269547087f,3.88115438170381f,0.417711723164741f,0.5009741666545485f,-0.757985356504678f,2.0044469291267846f,0f,0f,0f,1f], start_interpolation: 0, interpolation_duration: 1 }
$data merge entity $(bone_left_head_scales2) { transformation: [-0.8087959597171279f,0.010280218083547656f,-0.5879995005622068f,0.6279181695158507f,-0.2874074701851105f,0.8654011794889904f,0.41046040566765923f,3.131659373372792f,0.513075083810396f,0.5009741666545485f,-0.6969783660327887f,1.73980193049727f,0f,0f,0f,1f], start_interpolation: 0, interpolation_duration: 1 }
$data merge entity $(bone_left_head_scales1) { transformation: [-0.9997895219236279f,0.010280218083547656f,-0.017754688616763457f,0.6323448778810546f,4.336808689942018e-19f,0.8654011794889904f,0.5010796329317971f,3.796642547769338f,0.020516136374169724f,0.5009741666545485f,-0.8652190315134414f,1.9555236706644261f,0f,0f,0f,1f], start_interpolation: 0, interpolation_duration: 1 }
$data merge entity $(bone_right_head_scales) { transformation: [-0.8950223396915435f,0.010280218083547656f,0.4459028241323775f,-0.5382795405759753f,0.23137282562657716f,0.8654011794889904f,0.44446306269547087f,3.88115438170381f,-0.3813156527270403f,0.5009741666545485f,-0.7769319515441054f,2.0284892764402644f,0f,0f,0f,1f], start_interpolation: 0, interpolation_duration: 1 }
$data merge entity $(bone_right_head_scales2) { transformation: [-0.8291633017677793f,0.010280218083547656f,0.5589119216099342f,-0.5437101764884007f,0.2874074701851105f,0.8654011794889904f,0.41046040566765923f,3.131659373372792f,-0.47946341370677026f,0.5009741666545485f,-0.7205135108111654f,1.7638442778107501f,0f,0f,0f,1f], start_interpolation: 0, interpolation_duration: 1 }
$data merge entity $(bone_right_head_scales1) { transformation: [-0.9997895219236279f,0.010280218083547656f,-0.017754688616763457f,-0.5392834681231967f,4.336808689942018e-19f,0.8654011794889904f,0.5010796329317971f,3.796642547769338f,0.020516136374169724f,0.5009741666545485f,-0.8652190315134414f,1.9795660179779062f,0f,0f,0f,1f], start_interpolation: 0, interpolation_duration: 1 }
$data merge entity $(bone_head_left_fin1) { transformation: [-0.679155543157641f,0.02451157802657559f,-0.7335849853567731f,0.6272797661072094f,-0.11920967726651632f,0.9824890856742574f,0.14319304933192434f,3.5164234527931746f,0.7242491291291021f,0.1847007825473651f,-0.6643408913217134f,1.7086913438312814f,0f,0f,0f,1f], start_interpolation: 0, interpolation_duration: 1 }
$data merge entity $(bone_head_right_fin1) { transformation: [-0.7082951468265406f,-0.016913845861568844f,0.705713756986599f,-0.544348579897042f,0.11920967726651632f,0.9824890856742574f,0.14319304933192434f,3.5164234527931746f,-0.6957780090143568f,0.1855508511140087f,-0.6938759570866286f,1.7327336911447615f,0f,0f,0f,1f], start_interpolation: 0, interpolation_duration: 1 }
$data merge entity $(bone_right_whisker16) { transformation: [0.25699219567264187f,0.9129108405940626f,-0.31709432112416636f,-1.004062320143162f,0.9602947104471802f,-0.2780915363757766f,-0.022342034001567007f,1.1371548787809442f,-0.10857753197840497f,-0.29876227091452096f,-0.9481308058635565f,1.665488176234693f,0f,0f,0f,1f], start_interpolation: 0, interpolation_duration: 1 }
$data merge entity $(bone_right_whisker15) { transformation: [-0.8715565490680088f,0.3739523676719628f,-0.31709432112416636f,-0.7487234874083939f,0.401056036695039f,0.9157810267455538f,-0.022342034001567007f,1.0196579930304446f,0.28203410646078f,-0.146644937742128f,-0.9481308058635565f,1.5828609966075113f,0f,0f,0f,1f], start_interpolation: 0, interpolation_duration: 1 }
$data merge entity $(bone_right_whisker14) { transformation: [-0.7072516565777367f,-0.6318593876637828f,-0.31709432112416636f,-0.5415208536453852f,-0.6604858706712426f,0.750505994753089f,-0.022342034001567007f,1.2131597129536602f,0.2520982128292415f,0.19363487821367725f,-0.9481308058635565f,1.5090040983176944f,0f,0f,0f,1f], start_interpolation: 0, interpolation_duration: 1 }
$data merge entity $(bone_right_whisker13) { transformation: [-0.09758823609320323f,-0.9911723516400841f,-0.08974355420018909f,-0.5129305501024545f,-0.9808567683450022f,0.08051898807712729f,0.17730395525998424f,1.5005200943047352f,-0.16851271811948285f,0.1053283527987621f,-0.9800558157210656f,1.5583730587042617f,0f,0f,0f,1f], start_interpolation: 0, interpolation_duration: 1 }
$data merge entity $(bone_right_whisker12) { transformation: [0.05915874368375364f,-0.9960315001644546f,-0.0664943134854826f,-0.5360394343539208f,-0.9192477388291916f,-0.08032705505520885f,0.3853974038360614f,1.8596012422848882f,-0.38920924668252516f,0.03832512108660763f,-0.9203517519897043f,1.710407920689623f,0f,0f,0f,1f], start_interpolation: 0, interpolation_duration: 1 }
$data merge entity $(bone_right_whisker11) { transformation: [0.29018523322212947f,-0.9558821438472569f,-0.04562737658237967f,-0.6493930410813151f,-0.9516790015922314f,-0.29325951214062373f,0.09113691056568418f,2.2313508522818535f,-0.10049680765194721f,0.01697603054354436f,-0.9947925442215337f,1.7496644861786648f,0f,0f,0f,1f], start_interpolation: 0, interpolation_duration: 1 }
$data merge entity $(bone_right_whisker10) { transformation: [0.07369190580483351f,-0.9950317565551071f,0.06694256094376434f,-0.6781789417863282f,-0.9849566181732335f,-0.08313737675618012f,-0.15148807511764278f,2.616099531255773f,0.15630087439166523f,-0.05477207347690088f,-0.9861896656482677f,1.6886094571194206f,0f,0f,0f,1f], start_interpolation: 0, interpolation_duration: 1 }
$data merge entity $(bone_right_whisker1) { transformation: [-0.3426042934584594f,-0.9387668933188202f,0.036592596414586134f,-0.5443491396541176f,-0.9326727993947237f,0.3445440845130991f,0.10682145428817419f,2.980424843519337f,-0.11288820741352867f,0.002468569537491666f,-0.9936046290106538f,1.7327064131403302f,0f,0f,0f,1f], start_interpolation: 0, interpolation_duration: 1 }
$data merge entity $(bone_left_whisker16) { transformation: [0.2612300987388754f,-0.9243986453677598f,0.27793161021216806f,1.0838478528798485f,-0.9602947104471802f,-0.2780915363757766f,-0.022342034001567007f,1.1371548787809442f,0.0979433744571041f,-0.2610598434045557f,-0.9603410089970876f,1.6226433084825893f,0f,0f,0f,1f], start_interpolation: 0, interpolation_duration: 1 }
$data merge entity $(bone_left_whisker15) { transformation: [-0.8823929167291233f,-0.37965347430405844f,0.27793161021216806f,0.8253343030568632f,-0.401056036695039f,0.9157810267455538f,-0.022342034001567007f,1.0196579930304446f,-0.24604226453342992f,-0.1311806026122663f,-0.9603410089970876f,1.550560613795061f,0f,0f,0f,1f], start_interpolation: 0, interpolation_duration: 1 }
$data merge entity $(bone_left_whisker14) { transformation: [-0.7169982607776545f,0.6392710802833883f,0.27793161021216806f,0.6152762188446597f,0.6604858706712426f,0.750505994753089f,-0.022342034001567007f,1.2131597129536602f,-0.22287195580752073f,0.1675507020366855f,-0.9603410089970876f,1.4852660954920764f,0f,0f,0f,1f], start_interpolation: 0, interpolation_duration: 1 }
$data merge entity $(bone_left_whisker13) { transformation: [-0.09059307953364014f,0.9946589113033076f,0.04946255255777581f,0.5887352775750385f,0.9808567683450022f,0.08051898807712729f,0.17730395525998424f,1.5005200943047352f,0.17237428442900257f,0.06457819077641146f,-0.9829123884373596f,1.5357663741333858f,0f,0f,0f,1f], start_interpolation: 0, interpolation_duration: 1 }
$data merge entity $(bone_left_whisker12) { transformation: [0.07507572105276808f,0.9967652530689359f,0.028682161404391456f,0.618061731111276f,0.9192477388291916f,-0.08032705505520885f,0.3853974038360614f,1.8596012422848882f,0.3864546943249956f,-0.0025679759691364552f,-0.9223048166054411f,1.6867252391040872f,0f,0f,0f,1f], start_interpolation: 0, interpolation_duration: 1 }
$data merge entity $(bone_left_whisker11) { transformation: [0.2940636929063146f,0.9557738781046261f,0.004778958792932275f,0.7329303611528052f,0.9516790015922314f,-0.29325951214062373f,0.09113691056568418f,2.2313508522818535f,0.08850775357399399f,-0.022252021748309474f,-0.9958269051825211f,1.7212985803439287f,0f,0f,0f,1f], start_interpolation: 0, interpolation_duration: 1 }
$data merge entity $(bone_left_whisker10) { transformation: [0.06721783997884037f,0.9919471656120582f,-0.1073432933293151f,0.7591873298945397f,0.9849566181732335f,-0.08313737675618012f,-0.15148807511764278f,2.616099531255773f,-0.15919240655674058f,-0.09554578598925936f,-0.9826132405348343f,1.659114046532702f,0f,0f,0f,1f], start_interpolation: 0, interpolation_duration: 1 }
$data merge entity $(bone_left_whisker1) { transformation: [-0.33768479627367914f,0.938077886795035f,-0.0773230668802368f,0.6272792063501338f,0.9326727993947237f,0.3445440845130991f,0.10682145428817419f,2.980424843519337f,0.1268480493930193f,-0.03604514021601565f,-0.9912670277135188f,1.7086640658268502f,0f,0f,0f,1f], start_interpolation: 0, interpolation_duration: 1 }
$data merge entity $(bone_upper_left_tooth1) { transformation: [-0.9997895219236279f,0.00869367567640965f,-0.01858310670896913f,0.3280544217368035f,4.336808689942018e-19f,0.90578003431317f,0.42374819107535194f,2.90380366515484f,0.020516136374169724f,0.42365900137122836f,-0.9055893874739315f,2.5968098800006554f,0f,0f,0f,1f], start_interpolation: 0, interpolation_duration: 1 }
$data merge entity $(bone_upper_right_tooth1) { transformation: [-0.9997895219236279f,0.00869367567640965f,-0.01858310670896913f,-0.25775975126532225f,4.336808689942018e-19f,0.90578003431317f,0.42374819107535194f,2.90380366515484f,0.020516136374169724f,0.42365900137122836f,-0.9055893874739315f,2.6088310536573953f,0f,0f,0f,1f], start_interpolation: 0, interpolation_duration: 1 }
$data merge entity $(bone_top_lip1) { transformation: [-0.9997895219236279f,0.00019873496903591564f,-0.020515173802227768f,0.06049046248685658f,4.336808689942018e-19f,0.9999530822020091f,0.00968676389215889f,3.001104254778325f,0.020516136374169724f,0.009684725040728703f,-0.9997426140008049f,2.6478298224699603f,0f,0f,0f,1f], start_interpolation: 0, interpolation_duration: 1 }
$data merge entity $(bone_muzzle1) { transformation: [-0.9997895219236279f,0.00869367567640965f,-0.01858310670896913f,0.05269016756202932f,4.336808689942018e-19f,0.90578003431317f,0.42374819107535194f,3.34069517341568f,0.020516136374169724f,0.42365900137122836f,-0.9055893874739315f,2.2677069283964433f,0f,0f,0f,1f], start_interpolation: 0, interpolation_duration: 1 }
$data merge entity $(bone_jaw_right_tooth1) { transformation: [-0.9997895219236279f,-0.003085148441672351f,-0.020282842769601524f,-0.25796848382456794f,4.336808689942018e-19f,0.9886287749158306f,-0.15037667840600927f,2.785700623101068f,0.020516136374169724f,-0.15034502741200703f,-0.9884206902330401f,2.59865912743249f,0f,0f,0f,1f], start_interpolation: 0, interpolation_duration: 1 }
$data merge entity $(bone_jaw_left_tooth1) { transformation: [-0.9997895219236279f,-0.003085148441672351f,-0.020282842769601524f,0.3766635369277349f,4.336808689942018e-19f,0.9886287749158306f,-0.15037667840600927f,2.785700623101068f,0.020516136374169724f,-0.15034502741200703f,-0.9884206902330401f,2.585636189304355f,0f,0f,0f,1f], start_interpolation: 0, interpolation_duration: 1 }
$data merge entity $(bone_tongue1) { transformation: [-0.9997895219236279f,0.005073558337125143f,-0.019878904837121136f,0.04532256866858318f,4.336808689942018e-19f,0.9689399833659287f,0.24729599397247468f,2.9498846477953697f,0.020516136374169724f,0.24724394358736898f,-0.9687360427421098f,1.9086701175143705f,0f,0f,0f,1f], start_interpolation: 0, interpolation_duration: 1 }
$data merge entity $(bone_jaw_lips1) { transformation: [-0.9997895219236279f,0.005073558337125143f,-0.019878904837121136f,0.10910102802468433f,4.336808689942018e-19f,0.9689399833659287f,0.24729599397247468f,2.647868453259953f,0.020516136374169724f,0.24724394358736898f,-0.9687360427421098f,2.636726809878134f,0f,0f,0f,1f], start_interpolation: 0, interpolation_duration: 1 }
$data merge entity $(bone_jaw3) { transformation: [-0.9997895219236279f,0.00048380058029371537f,-0.02051043121735956f,0.09304181887212001f,4.336808689942018e-19f,0.9997219185568806f,0.023581466386762395f,2.593069341254709f,0.020516136374169724f,0.023576503005079408f,-0.9995114990105558f,1.854131649254788f,0f,0f,0f,1f], start_interpolation: 0, interpolation_duration: 1 }
$data merge entity $(bone_jaw1) { transformation: [-0.9997895219236279f,0.014845163669922874f,-0.014160966327787525f,0.081978563928536f,4.336808689942018e-19f,0.6902355331199933f,0.7235847627047981f,3.158369937117832f,0.020516136374169724f,0.7234324639758519f,-0.6900902536727385f,1.3149986385729608f,0f,0f,0f,1f], start_interpolation: 0, interpolation_duration: 1 }
$data merge entity $(bone_tear_right1) { transformation: [-0.9997895219236279f,0.010280218083547656f,-0.017754688616763457f,-0.4750809381524117f,4.336808689942018e-19f,0.8654011794889904f,0.5010796329317971f,3.412311225125013f,0.020516136374169724f,0.5009741666545485f,-0.8652190315134414f,2.2522911862909476f,0f,0f,0f,1f], start_interpolation: 0, interpolation_duration: 1 }
$data merge entity $(bone_right_pupil1) { transformation: [-0.9997895219236279f,0.010280218083547656f,-0.017754688616763457f,-0.3119381116776927f,4.336808689942018e-19f,0.8654011794889904f,0.5010796329317971f,3.4674629243173873f,0.020516136374169724f,0.5009741666545485f,-0.8652190315134414f,2.3486050560367357f,0f,0f,0f,1f], start_interpolation: 0, interpolation_duration: 1 }
$data merge entity $(bone_right_sad_pupil1) { transformation: [-0.9997895219236279f,0.010280218083547656f,-0.017754688616763457f,-0.3121114973087158f,4.336808689942018e-19f,0.8654011794889904f,0.5010796329317971f,3.472356280107737f,0.020516136374169724f,0.5009741666545485f,-0.8652190315134414f,2.340155651432112f,0f,0f,0f,1f], start_interpolation: 0, interpolation_duration: 1 }
$data merge entity $(bone_right_happy_pupil1) { transformation: [-0.9997895219236279f,0.010280218083547656f,-0.017754688616763457f,-0.336771087423816f,4.336808689942018e-19f,0.8654011794889904f,0.5010796329317971f,3.451228592061988f,0.020516136374169724f,0.5009741666545485f,-0.8652190315134414f,2.3284258691953545f,0f,0f,0f,1f], start_interpolation: 0, interpolation_duration: 1 }
$data merge entity $(bone_eyelid_right1) { transformation: [-0.9997895219236279f,0.010280218083547656f,-0.017754688616763457f,0.05461499747710909f,4.336808689942018e-19f,0.8654011794889904f,0.5010796329317971f,3.6747681526579803f,0.020516136374169724f,0.5009741666545485f,-0.8652190315134414f,1.8855101991287264f,0f,0f,0f,1f], start_interpolation: 0, interpolation_duration: 1 }
$data merge entity $(bone_eyelid_expressions_right5) { transformation: [-0.9997895219236279f,0.010280218083547656f,-0.017754688616763457f,-0.42338830715267617f,4.336808689942018e-19f,0.8654011794889904f,0.5010796329317971f,3.5568681140422087f,0.020516136374169724f,0.5009741666545485f,-0.8652190315134414f,2.3913829617673863f,0f,0f,0f,1f], start_interpolation: 0, interpolation_duration: 1 }
$data merge entity $(bone_eyelid_expressions_right7) { transformation: [-0.9997895219236279f,0.010280218083547656f,-0.017754688616763457f,-0.13048122065161322f,4.336808689942018e-19f,0.8654011794889904f,0.5010796329317971f,3.5568681140422087f,0.020516136374169724f,0.5009741666545485f,-0.8652190315134414f,2.385372374939016f,0f,0f,0f,1f], start_interpolation: 0, interpolation_duration: 1 }
$data merge entity $(bone_eyelid_expressions_right6) { transformation: [-0.9997895219236279f,0.010280218083547656f,-0.017754688616763457f,-0.22811691615196752f,4.336808689942018e-19f,0.8654011794889904f,0.5010796329317971f,3.5568681140422087f,0.020516136374169724f,0.5009741666545485f,-0.8652190315134414f,2.3873759038818063f,0f,0f,0f,1f], start_interpolation: 0, interpolation_duration: 1 }
$data merge entity $(bone_right_eye1) { transformation: [-0.9997895219236279f,0.010280218083547656f,-0.017754688616763457f,0.04502481355809674f,4.336808689942018e-19f,0.8654011794889904f,0.5010796329317971f,3.6698747968676306f,0.020516136374169724f,0.5009741666545485f,-0.8652190315134414f,1.8941599566276288f,0f,0f,0f,1f], start_interpolation: 0, interpolation_duration: 1 }
$data merge entity $(bone_tear_left1) { transformation: [-0.9997895219236279f,0.010280218083547656f,-0.017754688616763457f,0.5793845732514147f,4.336808689942018e-19f,0.8654011794889904f,0.5010796329317971f,3.412311225125013f,0.020516136374169724f,0.5009741666545485f,-0.8652190315134414f,2.2306530737088153f,0f,0f,0f,1f], start_interpolation: 0, interpolation_duration: 1 }
$data merge entity $(bone_left_sad_pupil1) { transformation: [-0.9997895219236279f,0.010280218083547656f,-0.017754688616763457f,0.4201562189439414f,4.336808689942018e-19f,0.8654011794889904f,0.5010796329317971f,3.472356280107737f,0.020516136374169724f,0.5009741666545485f,-0.8652190315134414f,2.325129184361187f,0f,0f,0f,1f], start_interpolation: 0, interpolation_duration: 1 }
$data merge entity $(bone_left_pupil1) { transformation: [-0.9997895219236279f,0.010280218083547656f,-0.017754688616763457f,0.4203296045749645f,4.336808689942018e-19f,0.8654011794889904f,0.5010796329317971f,3.4674629243173873f,0.020516136374169724f,0.5009741666545485f,-0.8652190315134414f,2.3335785889658105f,0f,0f,0f,1f], start_interpolation: 0, interpolation_duration: 1 }
$data merge entity $(bone_eyelid_left1) { transformation: [-0.9997895219236279f,0.010280218083547656f,-0.017754688616763457f,0.035087858377038234f,4.336808689942018e-19f,0.8654011794889904f,0.5010796329317971f,3.6747681526579803f,0.020516136374169724f,0.5009741666545485f,-0.8652190315134414f,1.8859109049172844f,0f,0f,0f,1f], start_interpolation: 0, interpolation_duration: 1 }
$data merge entity $(bone_left_happy_pupil1) { transformation: [-0.9997895219236279f,0.010280218083547656f,-0.017754688616763457f,0.44431447657901835f,4.336808689942018e-19f,0.8654011794889904f,0.5010796329317971f,3.451228592061988f,0.020516136374169724f,0.5009741666545485f,-0.8652190315134414f,2.3123976376530346f,0f,0f,0f,1f], start_interpolation: 0, interpolation_duration: 1 }
$data merge entity $(bone_eyelid_expressions_left5) { transformation: [-0.9997895219236279f,0.010280218083547656f,-0.017754688616763457f,0.5334415087507959f,4.336808689942018e-19f,0.8654011794889904f,0.5010796329317971f,3.5568681140422087f,0.020516136374169724f,0.5009741666545485f,-0.8652190315134414f,2.371748378128044f,0f,0f,0f,1f], start_interpolation: 0, interpolation_duration: 1 }
$data merge entity $(bone_eyelid_expressions_left7) { transformation: [-0.9997895219236279f,0.010280218083547656f,-0.017754688616763457f,0.24053442224973304f,4.336808689942018e-19f,0.8654011794889904f,0.5010796329317971f,3.5568681140422087f,0.020516136374169724f,0.5009741666545485f,-0.8652190315134414f,2.3777589649564144f,0f,0f,0f,1f], start_interpolation: 0, interpolation_duration: 1 }
$data merge entity $(bone_eyelid_expressions_left6) { transformation: [-0.9997895219236279f,0.010280218083547656f,-0.017754688616763457f,0.3381701177500873f,4.336808689942018e-19f,0.8654011794889904f,0.5010796329317971f,3.5568681140422087f,0.020516136374169724f,0.5009741666545485f,-0.8652190315134414f,2.375755436013624f,0f,0f,0f,1f], start_interpolation: 0, interpolation_duration: 1 }
$data merge entity $(bone_left_eye1) { transformation: [-0.9997895219236279f,0.010280218083547656f,-0.017754688616763457f,0.04502481355809674f,4.336808689942018e-19f,0.8654011794889904f,0.5010796329317971f,3.6698747968676306f,0.020516136374169724f,0.5009741666545485f,-0.8652190315134414f,1.8941599566276288f,0f,0f,0f,1f], start_interpolation: 0, interpolation_duration: 1 }
$data merge entity $(bone_crest_middle5) { transformation: [-0.9997895219236279f,0.006193717917486198f,-0.019558878037406455f,0.06477255671125683f,4.336808689942018e-19f,0.9533411983959865f,0.30189494769025943f,4.504916910238045f,0.020516136374169724f,0.3018314054224033f,-0.9531405409744218f,2.856504246316897f,0f,0f,0f,1f], start_interpolation: 0, interpolation_duration: 1 }
$data merge entity $(bone_crest_middle4) { transformation: [-0.9997895219236279f,0.006193717917486198f,-0.019558878037406455f,0.06114342511897976f,4.336808689942018e-19f,0.9533411983959865f,0.30189494769025943f,3.946318551802896f,0.020516136374169724f,0.3018314054224033f,-0.9531405409744218f,2.6796499072022075f,0f,0f,0f,1f], start_interpolation: 0, interpolation_duration: 1 }
$data merge entity $(bone_crest_middle1) { transformation: [-0.9997895219236279f,0.006193717917486198f,-0.019558878037406455f,0.0598541175494267f,4.336808689942018e-19f,0.9533411983959865f,0.30189494769025943f,3.505258242270331f,0.020516136374169724f,0.3018314054224033f,-0.9531405409744218f,2.6168195489385098f,0f,0f,0f,1f], start_interpolation: 0, interpolation_duration: 1 }
$data merge entity $(bone_crest_left5) { transformation: [-0.5458567665515786f,-0.8328412678839209f,0.09173773988582119f,-0.8996708265652996f,-0.7298719519773963f,0.5264057653694227f,0.4361007955765938f,3.97926283597787f,-0.4114940146910538f,0.17109176688355154f,-0.8952096308564288f,2.6711983218439252f,0f,0f,0f,1f], start_interpolation: 0, interpolation_duration: 1 }
$data merge entity $(bone_crest_left4) { transformation: [-0.5458567665515786f,-0.8328412678839209f,0.09173773988582119f,-0.4930100512313539f,-0.7298719519773963f,0.5264057653694227f,0.4361007955765938f,3.7222287708560815f,-0.4114940146910538f,0.17109176688355154f,-0.8952096308564288f,2.587657420045316f,0f,0f,0f,1f], start_interpolation: 0, interpolation_duration: 1 }
$data merge entity $(bone_crest_left1) { transformation: [-0.5458567665515786f,-0.8328412678839209f,0.09173773988582119f,-0.041203816533651266f,-0.7298719519773963f,0.5264057653694227f,0.4361007955765938f,3.4607852833811275f,-0.4114940146910538f,0.17109176688355154f,-0.8952096308564288f,2.452051020310184f,0f,0f,0f,1f], start_interpolation: 0, interpolation_duration: 1 }
$data merge entity $(bone_crest_center1) { transformation: [-0.9997895219236279f,0.010280218083547656f,-0.017754688616763457f,0.05618090029246582f,4.336808689942018e-19f,0.8654011794889904f,0.5010796329317971f,3.4396575953353783f,0.020516136374169724f,0.5009741666545485f,-0.8652190315134414f,2.437816833306232f,0f,0f,0f,1f], start_interpolation: 0, interpolation_duration: 1 }
$data merge entity $(bone_crest_right5) { transformation: [-0.5285162705660684f,0.8391589687912874f,-0.12838526723918692f,1.0208021258272244f,0.7298719519773963f,0.5264057653694227f,0.4361007955765938f,3.9792628359778703f,0.43354063876831667f,0.13678156046403178f,-0.89069260648856f,2.631789342123492f,0f,0f,0f,1f], start_interpolation: 0, interpolation_duration: 1 }
$data merge entity $(bone_crest_right4) { transformation: [-0.5285162705660684f,0.8391589687912874f,-0.12838526723918692f,0.6110565355971036f,0.7298719519773963f,0.5264057653694227f,0.4361007955765938f,3.722228770856082f,0.43354063876831667f,0.13678156046403178f,-0.89069260648856f,2.565001470803164f,0f,0f,0f,1f], start_interpolation: 0, interpolation_duration: 1 }
$data merge entity $(bone_crest_right1) { transformation: [-0.5285162705660684f,0.8391589687912874f,-0.12838526723918692f,0.15406757446705732f,0.7298719519773963f,0.5264057653694227f,0.4361007955765938f,3.460785283381128f,0.43354063876831667f,0.13678156046403178f,-0.89069260648856f,2.448043962424604f,0f,0f,0f,1f], start_interpolation: 0, interpolation_duration: 1 }
$data merge entity $(bone_head1) { transformation: [-0.9997895219236279f,0.010280218083547656f,-0.017754688616763457f,0.03498664007821658f,4.336808689942018e-19f,0.8654011794889904f,0.5010796329317971f,3.896753448369622f,0.020516136374169724f,0.5009741666545485f,-0.8652190315134414f,1.40498107414216f,0f,0f,0f,1f], start_interpolation: 0, interpolation_duration: 1 }
$data merge entity $(bone_neck10) { transformation: [-1.301809273338057f,0.012353242011743988f,-0.02368586513689634f,0.01440448856465474f,5.646886315028669e-19f,1.1544993026424497f,0.6021232159139378f,3.9794164489155675f,0.02671371923720016f,0.6019964821777134f,-1.1542563058500563f,0.4019745115706808f,0f,0f,0f,1f], start_interpolation: 0, interpolation_duration: 1 }
$data merge entity $(bone_neck9) { transformation: [-0.9997895219236279f,0.010280218083547656f,-0.017754688616763457f,0.0022203586058912794f,4.336808689942018e-19f,0.8654011794889904f,0.5010796329317971f,2.8562958288156866f,0.020516136374169724f,0.5009741666545485f,-0.8652190315134414f,-0.19178082541685953f,0f,0f,0f,1f], start_interpolation: 0, interpolation_duration: 1 }
$data merge entity $(bone_neck8) { transformation: [-0.9997895219236279f,-0.004415521958285326f,-0.02003534420865861f,0.005925684097443928f,4.336808689942018e-19f,0.9765651701303546f,-0.2152219052240542f,2.2263246803969166f,0.020516136374169724f,-0.21517660573144942f,-0.9763596245718936f,-0.011213415734646626f,0f,0f,0f,1f], start_interpolation: 0, interpolation_duration: 1 }
$data merge entity $(bone_neck7) { transformation: [-0.9997895219236279f,-0.009612610317508815f,-0.018124833091845375f,0.014173695610091375f,4.336808689942018e-19f,0.8834428062520069f,-0.46853901447113155f,1.5158588142617733f,0.020516136374169724f,-0.46844039728066034f,-0.8832568609095622f,0.39072754121047365f,0f,0f,0f,1f], start_interpolation: 0, interpolation_duration: 1 }
$data merge entity $(bone_neck6) { transformation: [-0.9997895219236279f,-0.005917450797931827f,-0.019644226321685106f,0.01870691977574543f,4.336808689942018e-19f,0.9575012547887735f,-0.288429102342195f,0.7513954501433839f,0.020516136374169724f,-0.2883683943395643f,-0.9572997217665417f,0.6116399946419168f,0f,0f,0f,1f], start_interpolation: 0, interpolation_duration: 1 }
$data merge entity $(bone_neck_spine6) { transformation: [-1.1053169785408472f,0.03008815038718536f,0.04807034088679306f,-0.09202394992279538f,0.043296831868818116f,-0.15816558586487867f,1.0945550279979097f,0.14875125274536355f,0.03662565790286462f,1.094997729756395f,0.15678077219124964f,-1.5744032122584497f,0f,0f,0f,1f], start_interpolation: 0, interpolation_duration: 1 }
$data merge entity $(bone_neck_spine7) { transformation: [-0.9889475609481508f,-0.11495380207398344f,0.09363944192186971f,0.021357006516033422f,0.08230231286658952f,0.09970036415256167f,0.9916078694144459f,0.676064657941032f,-0.12332498121432561f,0.988354926520115f,-0.0891374681708213f,-4.677361555417159f,0f,0f,0f,1f], start_interpolation: 0, interpolation_duration: 1 }
$data merge entity $(bone_tail6) { transformation: [-1.2563024638051972f,-0.8098473215558426f,0.08969792020914677f,1.4259045220964792f,-0.34269685439000264f,0.6747303109045882f,1.2920882923476333f,0.10145062887582562f,-0.7392274799493159f,1.0635227336542707f,-0.7514362312081837f,-7.5243939845261f,0f,0f,0f,1f], start_interpolation: 0, interpolation_duration: 1 }
$data merge entity $(bone_tail5) { transformation: [-1.0378150787955978f,-0.6690043091113483f,0.07409828191190386f,1.0033754847629957f,-0.2830974014526109f,0.5573859090081381f,1.0673772849828276f,0.45348383456517644f,-0.6106661790885654f,0.8785622582361369f,-0.6207516692589344f,-6.969512558271697f,0f,0f,0f,1f], start_interpolation: 0, interpolation_duration: 1 }
$data merge entity $(bone_tail4) { transformation: [-0.8389915584368621f,-0.5408371677868584f,0.0599026110614128f,0.792110966096254f,-0.2288618992795844f,0.4506025032823685f,0.8628902682808542f,0.6295004374098516f,-0.4936753953052823f,0.7102482256056348f,-0.5018287178851175f,-6.692071845144496f,0f,0f,0f,1f], start_interpolation: 0, interpolation_duration: 1 }
$data merge entity $(bone_segment18) { transformation: [-0.8389915584368621f,-0.5380681431236518f,-0.08109154226644599f,0.5293823805866583f,-0.2288618992795844f,0.21372762067238418f,0.9497066574579032f,0.7338596271912892f,-0.4936753953052823f,0.815354632977079f,-0.30245896672604444f,-6.293949465761156f,0f,0f,0f,1f], start_interpolation: 0, interpolation_duration: 1 }
$data merge entity $(bone_segment17) { transformation: [-0.9055994683270061f,-0.4240968283361832f,0.005610985745314129f,0.2601802922873233f,0.14326350400946683f,-0.2934139045208573f,0.9451898481536685f,0.5476105667044169f,-0.39920567554178576f,0.8567672734348667f,0.32647307360058214f,-5.750103051959727f,0f,0f,0f,1f], start_interpolation: 0, interpolation_duration: 1 }
$data merge entity $(bone_segment16) { transformation: [-0.96058921427648f,-0.276488851931873f,0.028675358290523367f,0.030672944492311532f,0.103766786589394f,-0.2609725302666428f,0.9597529851202015f,0.3309829781041762f,-0.25787752018469196f,0.9249039156602274f,0.27937775748934046f,-4.982360543843328f,0f,0f,0f,1f], start_interpolation: 0, interpolation_duration: 1 }
$data merge entity $(bone_segment15) { transformation: [-0.9889475609481508f,-0.13527251719553374f,0.06069652202793665f,-0.10803422646014005f,0.08230231286658952f,-0.16034384525260786f,0.9836240036652308f,0.16656790240570132f,-0.12332498121432561f,0.9777480234606418f,0.16970489570809216f,-3.9797868869745057f,0f,0f,0f,1f], start_interpolation: 0, interpolation_duration: 1 }
$data merge entity $(bone_segment14) { transformation: [-0.9979780561900732f,-0.038727083088030814f,0.05039853567889057f,-0.14774461439220288f,0.05826697584583006f,-0.2406611289022479f,0.9688586999977228f,-0.08020376297258008f,-0.025392102883871268f,0.9698362924076355f,0.24243103563724364f,-2.985325844954958f,0f,0f,0f,1f], start_interpolation: 0, interpolation_duration: 1 }
$data merge entity $(bone_segment13) { transformation: [-0.9986863994345536f,0.019230464012297936f,0.04749384000393652f,-0.1282463921153883f,0.0391199610297086f,-0.31246774017879053f,0.949122510530961f,-0.4390341079342405f,0.033092359140470616f,0.9497336998345545f,0.31130498737586354f,-1.9727042192213553f,0f,0f,0f,1f], start_interpolation: 0, interpolation_duration: 1 }
$data merge entity $(bone_segment12) { transformation: [-0.9975258277136219f,0.06025122556922034f,0.03622171809371886f,-0.05763948715145818f,0.041098842058274826f,0.08178224118990807f,0.9958024654555866f,-0.343195544039817f,0.05703602568309693f,0.9948273492638623f,-0.08405615343872497f,-0.8068909193027665f,0f,0f,0f,1f], start_interpolation: 0, interpolation_duration: 1 }
$data merge entity $(bone_segment11) { transformation: [-1.0339103275163068f,0.050752448042000915f,0.0014441561306458679f,0.003552165748267236f,0.030036356518961287f,0.5876560782517695f,0.8516493485554244f,0.3358617161797205f,0.04093548407251997f,0.8506662004720517f,-0.5884214165309196f,0.17609003167709347f,0f,0f,0f,1f], start_interpolation: 0, interpolation_duration: 1 }
$data merge entity $(bone_segment10) { transformation: [-0.9997895219236279f,0.01125777268111127f,-0.01715151322723318f,0.020155868903701787f,4.336808689942018e-19f,0.8360011317153908f,0.5487277173340033f,1.1073664055846835f,0.020516136374169724f,0.5486122221796068f,-0.8358251718053424f,0.6822499832631184f,0f,0f,0f,1f], start_interpolation: 0, interpolation_duration: 1 }