# This file was generated by Animated Java via MC-Build. It is not recommended to edit this file directly.
$data merge entity $(bone_neck_spine5) { transformation: [-1.572125348954774f,0.005770342341088347f,-0.02019370891488998f,0.11343455359168955f,0f,1.5117569852119215f,0.4319838112934368f,4.284157226522555f,0.021001969680786225f,0.4319452701082281f,-1.5116221076900467f,-0.47894131698776116f,0f,0f,0f,1f], start_interpolation: 0, interpolation_duration: 1 }
$data merge entity $(bone_neck_spine2) { transformation: [-1.4972622370997841f,0.0071368921321845235f,-0.018685283237645487f,0.028314909060346206f,0f,1.3988320607288347f,0.5342875139483878f,5.31815560498878f,0.02000187588646306f,0.5342398453240288f,-1.3987072582614304f,1.5567748311022225f,0f,0f,0f,1f], start_interpolation: 0, interpolation_duration: 1 }
$data merge entity $(bone_scale_neck_left1) { transformation: [-1.5881598304249434f,0.43022640905622267f,0.07555574639215662f,0.8096583909830378f,0.374987120836483f,1.1967108078831186f,1.0678590648302664f,4.487812705927552f,0.2240269918314601f,1.0468254678235498f,-1.251808063436494f,1.1930135399857913f,0f,0f,0f,1f], start_interpolation: 0, interpolation_duration: 1 }
$data merge entity $(bone_scale_neck_right1) { transformation: [-1.5935775493675177f,-0.4021088563950873f,-0.10896853948789341f,-0.7624669579717355f,-0.374987120836483f,1.1967108078831186f,1.0678590648302664f,4.487812705927552f,-0.18152226914694103f,1.0579446066510483f,-1.2493430097052518f,1.2140155096665777f,0f,0f,0f,1f], start_interpolation: 0, interpolation_duration: 1 }
$data merge entity $(bone_blush_right1) { transformation: [-0.9999107809501168f,0.006869220429732819f,-0.011456175208830183f,-0.6236881569248394f,0f,0.8576410093239689f,0.5142488688619193f,3.6281643232467555f,0.013357774505046638f,0.5142029880664359f,-0.8575644914079763f,2.3542700541918133f,0f,0f,0f,1f], start_interpolation: 0, interpolation_duration: 1 }
$data merge entity $(bone_blush_left1) { transformation: [-0.9999107809501168f,0.006869220429732819f,-0.011456175208830183f,0.7013889229084698f,0f,0.8576410093239689f,0.5142488688619193f,3.6281643232467555f,0.013357774505046638f,0.5142029880664359f,-0.8575644914079763f,2.3365683940322937f,0f,0f,0f,1f], start_interpolation: 0, interpolation_duration: 1 }
$data merge entity $(bone_left_head_scales) { transformation: [-0.8816418218987946f,0.006869220429732819f,-0.47186916797949635f,0.7131297488172563f,-0.23745370205467606f,0.8576410093239689f,0.45614431763016916f,4.456359464053972f,0.40782770536036844f,0.5142029880664359f,-0.7545010601742355f,2.3746967254591898f,0f,0f,0f,1f], start_interpolation: 0, interpolation_duration: 1 }
$data merge entity $(bone_left_head_scales2) { transformation: [-0.8125079681713964f,0.006869220429732819f,-0.5829096117484055f,0.7088880568525776f,-0.2949610335993761f,0.8576410093239689f,0.4212480122015429f,3.599193781967319f,0.5028208332159446f,0.5142029880664359f,-0.6948140015483079f,2.057180246696255f,0f,0f,0f,1f], start_interpolation: 0, interpolation_duration: 1 }
$data merge entity $(bone_left_head_scales1) { transformation: [-0.9999107809501168f,0.006869220429732819f,-0.011456175208830183f,0.7123583031635266f,0f,0.8576410093239689f,0.5142488688619193f,4.360042358514659f,0.013357774505046638f,0.5142029880664359f,-0.8575644914079763f,2.3169493195728226f,0f,0f,0f,1f], start_interpolation: 0, interpolation_duration: 1 }
$data merge entity $(bone_right_head_scales) { transformation: [-0.8922215679301043f,0.006869220429732819f,0.45154566494545606f,-0.6344062645725494f,0.23745370205467606f,0.8576410093239689f,0.45614431763016916f,4.456359464053972f,-0.384130723974112f,0.5142029880664359f,-0.7668369278814586f,2.3926984137570066f,0f,0f,0f,1f], start_interpolation: 0, interpolation_duration: 1 }
$data merge entity $(bone_right_head_scales2) { transformation: [-0.8256499524723845f,0.006869220429732819f,0.5641409130643132f,-0.6386479565372282f,0.2949610335993761f,0.8576410093239689f,0.4212480122015429f,3.599193781967319f,-0.480936736630024f,0.5142029880664359f,-0.7101374109446789f,2.075181934994072f,0f,0f,0f,1f], start_interpolation: 0, interpolation_duration: 1 }
$data merge entity $(bone_right_head_scales1) { transformation: [-0.9999107809501168f,0.006869220429732819f,-0.011456175208830183f,-0.6351777102262792f,0f,0.8576410093239689f,0.5142488688619193f,4.360042358514659f,0.013357774505046638f,0.5142029880664359f,-0.8575644914079763f,2.3349510078706395f,0f,0f,0f,1f], start_interpolation: 0, interpolation_duration: 1 }
$data merge entity $(bone_head_left_fin1) { transformation: [-0.7173186592287671f,0.024515734905731775f,-0.7638901216074531f,0.7085004519151492f,-0.13631615189071863f,1.0267356127068235f,0.1609567841329579f,4.0421677550348605f,0.7520286203869664f,0.20949500797572468f,-0.6994569277498798f,2.0281656563138815f,0f,0f,0f,1f], start_interpolation: 0, interpolation_duration: 1 }
$data merge entity $(bone_head_right_fin1) { transformation: [-0.7371517416693026f,-0.01891071139964924f,0.7449328109121297f,-0.6390355614746566f,0.13631615189071863f,1.0267356127068235f,0.1609567841329579f,4.0421677550348605f,-0.7325983992016321f,0.21007514041189224f,-0.7196132425777776f,2.0461673446116984f,0f,0f,0f,1f], start_interpolation: 0, interpolation_duration: 1 }
$data merge entity $(bone_right_whisker16) { transformation: [0.25795918288050845f,0.9149700431366358f,-0.310301273168776f,-1.1676976837325543f,0.9617612067898955f,-0.2737796693098325f,-0.007750728136232787f,1.3076761187652557f,-0.09204586401171676f,-0.2964363554544916f,-0.9506066726481542f,1.9232435197721973f,0f,0f,0f,1f], start_interpolation: 0, interpolation_duration: 1 }
$data merge entity $(bone_right_whisker15) { transformation: [-0.8734719176892025f,0.37517986203710835f,-0.310301273168776f,-0.8734127114642195f,0.396972474433101f,0.9177977885982394f,-0.007750728136232787f,1.1739305097033224f,0.2818859052006819f,-0.12995110759819356f,-0.9506066726481542f,1.8282721942895457f,0f,0f,0f,1f], start_interpolation: 0, interpolation_duration: 1 }
$data merge entity $(bone_right_whisker14) { transformation: [-0.7091736140366933f,-0.633076539625322f,-0.310301273168776f,-0.6344821481413104f,-0.6640394656277802f,0.7476573508647726f,-0.007750728136232787f,1.3976547437283067f,0.23690583201539614f,0.2005556797348258f,-0.9506066726481542f,1.7484552879952961f,0f,0f,0f,1f], start_interpolation: 0, interpolation_duration: 1 }
$data merge entity $(bone_right_whisker13) { transformation: [-0.09657929549980548f,-0.9918847238581641f,-0.08268696546357901f,-0.601943225341083f,-0.9781363797554853f,0.07921078584541592f,0.19228851760982552f,1.72720264511077f,-0.18417834367697472f,0.09945021861497086f,-0.9778486548223303f,1.8105075619880269f,0f,0f,0f,1f], start_interpolation: 0, interpolation_duration: 1 }
$data merge entity $(bone_right_whisker12) { transformation: [0.06175662759392907f,-0.9962967848461488f,-0.05982336879056416f,-0.6296854603930433f,-0.913211035944203f,-0.08059100482187276f,0.3994379723705745f,2.13743416516383f,-0.40277999302092926f,0.029963418480339468f,-0.9148062476694354f,1.9914438869778974f,0f,0f,0f,1f], start_interpolation: 0, interpolation_duration: 1 }
$data merge entity $(bone_right_whisker11) { transformation: [0.29070312541256704f,-0.956039055577733f,-0.03848398479110339f,-0.76027475501197f,-0.9501230378991365f,-0.2931849216334004f,0.10634291034259169f,2.564247248595083f,-0.11295089963643959f,0.005650304138127463f,-0.9935845048784052f,2.0421835489239544f,0f,0f,0f,1f], start_interpolation: 0, interpolation_duration: 1 }
$data merge entity $(bone_right_whisker10) { transformation: [0.07236965550996446f,-0.994630980695899f,0.07397192170873759f,-0.7927845611980868f,-0.9872532374862482f,-0.0819786079950306f,-0.13642050030738948f,3.0077399138721086f,0.14175217118016362f,-0.06315631457828776f,-0.9878854194159351f,1.978505815776615f,0f,0f,0f,1f], start_interpolation: 0, interpolation_duration: 1 }
$data merge entity $(bone_right_whisker1) { transformation: [-0.34197754939803937f,-0.9386901339106187f,0.04372857425730197f,-0.6391618339294364f,-0.9307312540468478f,0.3447604985589893f,0.12198168458313319f,3.425841844400966f,-0.1295788888982054f,0.0010154468090050606f,-0.9915685959224831f,2.036715082273856f,0f,0f,0f,1f], start_interpolation: 0, interpolation_duration: 1 }
$data merge entity $(bone_left_whisker16) { transformation: [0.26032596389097773f,-0.9225622800871713f,0.28479682562239494f,1.2336902311867024f,-0.9617612067898955f,-0.2737796693098325f,-0.007750728136232787f,1.3076761187652557f,0.08512211016108805f,-0.2718888229276044f,-0.9585565681423113f,1.8911634593530506f,0f,0f,0f,1f], start_interpolation: 0, interpolation_duration: 1 }
$data merge entity $(bone_left_whisker15) { transformation: [-0.8806902750870281f,-0.378517380687521f,0.28479682562239494f,0.9369732928028892f,-0.396972474433101f,0.9177977885982394f,-0.007750728136232787f,1.1739305097033224f,-0.2584521114434847f,-0.11988249147243815f,-0.9585565681423113f,1.8040873085249234f,0f,0f,0f,1f], start_interpolation: 0, interpolation_duration: 1 }
$data merge entity $(bone_left_whisker14) { transformation: [-0.7152490428350344f,0.6382080968140204f,0.28479682562239494f,0.6959958320821016f,0.6640394656277802f,0.7476573508647726f,-0.007750728136232787f,1.3976547437283067f,-0.21787701763228445f,0.18357263101806823f,-0.9585565681423113f,1.7306814773890464f,0f,0f,0f,1f], start_interpolation: 0, interpolation_duration: 1 }
$data merge entity $(bone_left_whisker13) { transformation: [-0.0916248436140179f,0.9941873897447269f,0.05653602484498989f,0.6651261337941756f,0.9781363797554853f,0.07921078584541592f,0.19228851760982552f,1.72720264511077f,0.18669255644384786f,0.07291834802241616f,-0.9797085300690928f,1.7935808250190537f,0f,0f,0f,1f], start_interpolation: 0, interpolation_duration: 1 }
$data merge entity $(bone_left_whisker12) { transformation: [0.07249411770981024f,0.9967416638531258f,0.03536464953563989f,0.6976918507341294f,0.913211035944203f,-0.08059100482187276f,0.3994379723705745f,2.13743416516383f,0.40098654182801596f,0.003338484851445011f,-0.9160778612059706f,1.9737114981058577f,0f,0f,0f,1f], start_interpolation: 0, interpolation_duration: 1 }
$data merge entity $(bone_left_whisker11) { transformation: [0.2936166610864409f,0.9558488207226106f,0.011928464094124805f,0.8295899602065542f,0.9501230378991365f,-0.2931849216334004f,0.10634291034259169f,2.564247248595083f,0.1051449912538194f,-0.019890541722425915f,-0.9942579630881628f,2.0209445996456594f,0f,0f,0f,1f], start_interpolation: 0, interpolation_duration: 1 }
$data merge entity $(bone_left_whisker10) { transformation: [0.06855718044941315f,0.9925889313241028f,-0.10033507074648569f,0.860387131111564f,0.9872532374862482f,-0.0819786079950306f,-0.13642050030738948f,3.0077399138721086f,-0.14363480804369097f,-0.08970351857130687f,-0.9855568581640428f,1.9564211507197828f,0f,0f,0f,1f], start_interpolation: 0, interpolation_duration: 1 }
$data merge entity $(bone_left_whisker1) { transformation: [-0.3383940488930939f,0.9383822784857486f,-0.07020090524796332f,0.7083741794603694f,0.9307312540468478f,0.3447604985589893f,0.12198168458313319f,3.425841844400966f,0.13866795020523065f,-0.024060300439774196f,-0.9900466158361572f,2.018713393976039f,0f,0f,0f,1f], start_interpolation: 0, interpolation_duration: 1 }
$data merge entity $(bone_upper_left_tooth1) { transformation: [-0.9999107809501168f,0.005844609512750434f,-0.012011273012097475f,0.3569426012708501f,0f,0.8991971684773947f,0.4375436574814397f,3.322237235269724f,0.013357774505046638f,0.4375046202520367f,-0.8991169429603657f,3.0361261334148733f,0f,0f,0f,1f], start_interpolation: 0, interpolation_duration: 1 }
$data merge entity $(bone_upper_right_tooth1) { transformation: [-0.9999107809501168f,0.005844609512750434f,-0.012011273012097475f,-0.31682540542405274f,0f,0.8991971684773947f,0.4375436574814397f,3.322237235269724f,0.013357774505046638f,0.4375046202520367f,-0.8991169429603657f,3.0451269775637817f,0f,0f,0f,1f], start_interpolation: 0, interpolation_duration: 1 }
$data merge entity $(bone_top_lip1) { transformation: [-0.9999107809501168f,0.00033139285950863247f,-0.013353663111683652f,0.048854638961334323f,0f,0.9996922097044356f,0.024808987409050298f,3.4333196979771365f,0.013357774505046638f,0.024806773974764884f,-0.9996030181153103f,3.0942987171389387f,0f,0f,0f,1f], start_interpolation: 0, interpolation_duration: 1 }
$data merge entity $(bone_muzzle1) { transformation: [-0.9999107809501168f,0.005844609512750434f,-0.012011273012097475f,0.043094593218163814f,0f,0.8991971684773947f,0.4375436574814397f,3.830486802092545f,0.013357774505046638f,0.4375046202520367f,-0.8991169429603657f,2.6631242100991592f,0f,0f,0f,1f], start_interpolation: 0, interpolation_duration: 1 }
$data merge entity $(bone_jaw_right_tooth1) { transformation: [-0.9999107809501168f,-0.0019465059108768694f,-0.013215190292485215f,-0.3169467800039807f,0f,0.9893257508945399f,-0.14572082423920743f,3.2020944824861326f,0.013357774505046638f,-0.14570782316572062f,-0.9892374841910204f,3.0360413509904856f,0f,0f,0f,1f], start_interpolation: 0, interpolation_duration: 1 }
$data merge entity $(bone_jaw_left_tooth1) { transformation: [-0.9999107809501168f,-0.0019465059108768694f,-0.013215190292485215f,0.4129685605821641f,0f,0.9893257508945399f,-0.14572082423920743f,3.2020944824861326f,0.013357774505046638f,-0.14570782316572062f,-0.9892374841910204f,3.0262904364958345f,0f,0f,0f,1f], start_interpolation: 0, interpolation_duration: 1 }
$data merge entity $(bone_tongue1) { transformation: [-0.9999107809501168f,0.00313580181642196f,-0.012984486385521717f,0.03744084966826114f,0f,0.9720546173777751f,0.23475481003495283f,3.3797958309754383f,0.013357774505046638f,0.23473386543384603f,-0.9719678915883783f,2.239907069688604f,0f,0f,0f,1f], start_interpolation: 0, interpolation_duration: 1 }
$data merge entity $(bone_jaw_lips1) { transformation: [-0.9999107809501168f,0.00313580181642196f,-0.012984486385521717f,0.1048489441439105f,0f,0.9720546173777751f,0.23475481003495283f,3.0433424221236143f,0.013357774505046638f,0.23473386543384603f,-0.9719678915883783f,3.08209351588558f,0f,0f,0f,1f], start_interpolation: 0, interpolation_duration: 1 }
$data merge entity $(bone_jaw3) { transformation: [-0.9999107809501168f,0.0003778595994961345f,-0.013352429061812787f,0.09282079446971457f,0f,0.9995998253128289f,0.028287616275703586f,2.984561908635021f,0.013357774505046638f,0.028285092481455998f,-0.9995106419661512f,2.181713251975133f,0f,0f,0f,1f], start_interpolation: 0, interpolation_duration: 1 }
$data merge entity $(bone_jaw1) { transformation: [-0.9999107809501168f,0.009708780220060302f,-0.00917440604978f,0.08457816403436536f,0f,0.6868214496594367f,0.7268261802437427f,3.6375698049477587f,0.013357774505046638f,0.7267613335025112f,-0.6867601721022587f,1.5647021598520099f,0f,0f,0f,1f], start_interpolation: 0, interpolation_duration: 1 }
$data merge entity $(bone_tear_right1) { transformation: [-0.9999107809501168f,0.006869220429732819f,-0.011456175208830183f,-0.5636828392864477f,0f,0.8576410093239689f,0.5142488688619193f,3.913296889971061f,0.013357774505046638f,0.5142029880664359f,-0.8575644914079763f,2.642313565445159f,0f,0f,0f,1f], start_interpolation: 0, interpolation_duration: 1 }
$data merge entity $(bone_right_pupil1) { transformation: [-0.9999107809501168f,0.006869220429732819f,-0.011456175208830183f,-0.37685360182849276f,0f,0.8576410093239689f,0.5142488688619193f,3.9749624604015144f,0.013357774505046638f,0.5142029880664359f,-0.8575644914079763f,2.7553708513222284f,0f,0f,0f,1f], start_interpolation: 0, interpolation_duration: 1 }
$data merge entity $(bone_right_sad_pupil1) { transformation: [-0.9999107809501168f,0.006869220429732819f,-0.011456175208830183f,-0.37698226004617f,0f,0.8576410093239689f,0.5142488688619193f,3.980737716252991f,0.013357774505046638f,0.5142029880664359f,-0.8575644914079763f,2.745740000100361f,0f,0f,0f,1f], start_interpolation: 0, interpolation_duration: 1 }
$data merge entity $(bone_right_happy_pupil1) { transformation: [-0.9999107809501168f,0.006869220429732819f,-0.011456175208830183f,-0.4052484265936604f,0f,0.8576410093239689f,0.5142488688619193f,3.9566587480829005f,0.013357774505046638f,0.5142029880664359f,-0.8575644914079763f,2.731678363792889f,0f,0f,0f,1f], start_interpolation: 0, interpolation_duration: 1 }
$data merge entity $(bone_eyelid_right1) { transformation: [-0.9999107809501168f,0.006869220429732819f,-0.011456175208830183f,0.048533936548600054f,0f,0.8576410093239689f,0.5142488688619193f,4.2213419560571666f,0.013357774505046638f,0.5142029880664359f,-0.8575644914079763f,2.229548189601165f,0f,0f,0f,1f], start_interpolation: 0, interpolation_duration: 1 }
$data merge entity $(bone_eyelid_expressions_right5) { transformation: [-0.9999107809501168f,0.006869220429732819f,-0.011456175208830183f,-0.5053493229993598f,0f,0.8576410093239689f,0.5142488688619193f,4.077054821792304f,0.013357774505046638f,0.5142029880664359f,-0.8575644914079763f,2.805212562981486f,0f,0f,0f,1f], start_interpolation: 0, interpolation_duration: 1 }
$data merge entity $(bone_eyelid_expressions_right7) { transformation: [-0.9999107809501168f,0.006869220429732819f,-0.011456175208830183f,-0.16846531965190828f,0f,0.8576410093239689f,0.5142488688619193f,4.077054821792304f,0.013357774505046638f,0.5142029880664359f,-0.8575644914079763f,2.8007121409070317f,0f,0f,0f,1f], start_interpolation: 0, interpolation_duration: 1 }
$data merge entity $(bone_eyelid_expressions_right6) { transformation: [-0.9999107809501168f,0.006869220429732819f,-0.011456175208830183f,-0.2807599874343921f,0f,0.8576410093239689f,0.5142488688619193f,4.077054821792304f,0.013357774505046638f,0.5142029880664359f,-0.8575644914079763f,2.8022122815985164f,0f,0f,0f,1f], start_interpolation: 0, interpolation_duration: 1 }
$data merge entity $(bone_right_eye1) { transformation: [-0.9999107809501168f,0.006869220429732819f,-0.011456175208830183f,0.03743312798802896f,0f,0.8576410093239689f,0.5142488688619193f,4.21556670020569f,0.013357774505046638f,0.5142029880664359f,-0.8575644914079763f,2.2393290548921803f,0f,0f,0f,1f], start_interpolation: 0, interpolation_duration: 1 }
$data merge entity $(bone_tear_left1) { transformation: [-0.9999107809501168f,0.006869220429732819f,-0.011456175208830183f,0.6490995727643776f,0f,0.8576410093239689f,0.5142488688619193f,3.913296889971061f,0.013357774505046638f,0.5142029880664359f,-0.8575644914079763f,2.626112045977124f,0f,0f,0f,1f], start_interpolation: 0, interpolation_duration: 1 }
$data merge entity $(bone_left_sad_pupil1) { transformation: [-0.9999107809501168f,0.006869220429732819f,-0.011456175208830183f,0.46522774832245856f,0f,0.8576410093239689f,0.5142488688619193f,3.980737716252991f,0.013357774505046638f,0.5142029880664359f,-0.8575644914079763f,2.734488944914226f,0f,0f,0f,1f], start_interpolation: 0, interpolation_duration: 1 }
$data merge entity $(bone_left_pupil1) { transformation: [-0.9999107809501168f,0.006869220429732819f,-0.011456175208830183f,0.4653564065401358f,0f,0.8576410093239689f,0.5142488688619193f,3.9749624604015144f,0.013357774505046638f,0.5142029880664359f,-0.8575644914079763f,2.744119796136093f,0f,0f,0f,1f], start_interpolation: 0, interpolation_duration: 1 }
$data merge entity $(bone_eyelid_left1) { transformation: [-0.9999107809501168f,0.006869220429732819f,-0.011456175208830183f,0.02607500299210329f,0f,0.8576410093239689f,0.5142488688619193f,4.2213419560571666f,0.013357774505046638f,0.5142029880664359f,-0.8575644914079763f,2.2298482177394616f,0f,0f,0f,1f], start_interpolation: 0, interpolation_duration: 1 }
$data merge entity $(bone_left_happy_pupil1) { transformation: [-0.9999107809501168f,0.006869220429732819f,-0.011456175208830183f,0.49310891566621f,0f,0.8576410093239689f,0.5142488688619193f,3.9566587480829005f,0.013357774505046638f,0.5142029880664359f,-0.8575644914079763f,2.7196772382610117f,0f,0f,0f,1f], start_interpolation: 0, interpolation_duration: 1 }
$data merge entity $(bone_eyelid_expressions_left5) { transformation: [-0.9999107809501168f,0.006869220429732819f,-0.011456175208830183f,0.5951384212689816f,0f,0.8576410093239689f,0.5142488688619193f,4.077054821792304f,0.013357774505046638f,0.5142029880664359f,-0.8575644914079763f,2.7905111842049357f,0f,0f,0f,1f], start_interpolation: 0, interpolation_duration: 1 }
$data merge entity $(bone_eyelid_expressions_left7) { transformation: [-0.9999107809501168f,0.006869220429732819f,-0.011456175208830183f,0.25825441792153014f,0f,0.8576410093239689f,0.5142488688619193f,4.077054821792304f,0.013357774505046638f,0.5142029880664359f,-0.8575644914079763f,2.79501160627939f,0f,0f,0f,1f], start_interpolation: 0, interpolation_duration: 1 }
$data merge entity $(bone_eyelid_expressions_left6) { transformation: [-0.9999107809501168f,0.006869220429732819f,-0.011456175208830183f,0.37054908570401396f,0f,0.8576410093239689f,0.5142488688619193f,4.077054821792304f,0.013357774505046638f,0.5142029880664359f,-0.8575644914079763f,2.793511465587905f,0f,0f,0f,1f], start_interpolation: 0, interpolation_duration: 1 }
$data merge entity $(bone_left_eye1) { transformation: [-0.9999107809501168f,0.006869220429732819f,-0.011456175208830183f,0.03743312798802896f,0f,0.8576410093239689f,0.5142488688619193f,4.21556670020569f,0.013357774505046638f,0.5142029880664359f,-0.8575644914079763f,2.2393290548921803f,0f,0f,0f,1f], start_interpolation: 0, interpolation_duration: 1 }
$data merge entity $(bone_crest_middle5) { transformation: [-0.9999107809501168f,0.004226822338168354f,-0.012671389531114376f,0.052413576790284286f,0f,0.9486153195898803f,0.3164316283802694f,5.158833385671195f,0.013357774505046638f,0.31640339665103223f,-0.9485306850323619f,3.360706890338285f,0f,0f,0f,1f], start_interpolation: 0, interpolation_duration: 1 }
$data merge entity $(bone_crest_middle4) { transformation: [-0.9999107809501168f,0.004226822338168354f,-0.012671389531114376f,0.04956542501944819f,0f,0.9486153195898803f,0.3164316283802694f,4.51962970352567f,0.013357774505046638f,0.31640339665103223f,-0.9485306850323619f,3.1475053828292885f,0f,0f,0f,1f], start_interpolation: 0, interpolation_duration: 1 }
$data merge entity $(bone_crest_middle1) { transformation: [-0.9999107809501168f,0.004226822338168354f,-0.012671389531114376f,0.04849660807621366f,0f,0.9486153195898803f,0.3164316283802694f,4.0135742618436385f,0.013357774505046638f,0.31640339665103223f,-0.9485306850323619f,3.0674979247007963f,0f,0f,0f,1f], start_interpolation: 0, interpolation_duration: 1 }
$data merge entity $(bone_crest_left5) { transformation: [-0.5430451127361042f,-0.8339375892777233f,0.09823493636731769f,-1.0552652767577935f,-0.7233270908421647f,0.5239908301612848f,0.4497016005760909f,4.5580062333542815f,-0.42649727453671066f,0.1731522656408127f,-0.8877603098338036f,3.1304585132358804f,0f,0f,0f,1f], start_interpolation: 0, interpolation_duration: 1 }
$data merge entity $(bone_crest_left4) { transformation: [-0.5430451127361042f,-0.8339375892777233f,0.09823493636731769f,-0.5869897749661032f,-0.7233270908421647f,0.5239908301612848f,0.4497016005760909f,4.263773101183638f,-0.42649727453671066f,0.1731522656408127f,-0.8877603098338036f,3.033229457822338f,0f,0f,0f,1f], start_interpolation: 0, interpolation_duration: 1 }
$data merge entity $(bone_crest_left1) { transformation: [-0.5430451127361042f,-0.8339375892777233f,0.09823493636731769f,-0.06637060108008755f,-0.7233270908421647f,0.5239908301612848f,0.4497016005760909f,3.9653684546564048f,-0.42649727453671066f,0.1731522656408127f,-0.8877603098338036f,2.8764276747820476f,0f,0f,0f,1f], start_interpolation: 0, interpolation_duration: 1 }
$data merge entity $(bone_crest_center1) { transformation: [-0.9999107809501168f,0.006869220429732819f,-0.011456175208830183f,0.0457312077575899f,0f,0.8576410093239689f,0.5142488688619193f,3.941289486486314f,0.013357774505046638f,0.5142029880664359f,-0.8575644914079763f,2.86049086741067f,0f,0f,0f,1f], start_interpolation: 0, interpolation_duration: 1 }
$data merge entity $(bone_crest_right5) { transformation: [-0.5314582292364247f,0.8382654352008599f,-0.12191476827848503f,1.1535464807554372f,0.7233270908421647f,0.5239908301612848f,0.4497016005760909f,4.5580062333542815f,0.4408515285566042f,0.15081336165738196f,-0.8848193373310199f,3.1009510712289825f,0f,0f,0f,1f], start_interpolation: 0, interpolation_duration: 1 }
$data merge entity $(bone_crest_right4) { transformation: [-0.5314582292364247f,0.8382654352008599f,-0.12191476827848503f,0.6828407920440167f,0.7233270908421647f,0.5239908301612848f,0.4497016005760909f,4.263773101183638f,0.4408515285566042f,0.15081336165738196f,-0.8848193373310199f,3.016265833970199f,0f,0f,0f,1f], start_interpolation: 0, interpolation_duration: 1 }
$data merge entity $(bone_crest_right1) { transformation: [-0.5314582292364247f,0.8382654352008599f,-0.12191476827848503f,0.15821873448488005f,0.7233270908421647f,0.5239908301612848f,0.4497016005760909f,3.9653684546564048f,0.4408515285566042f,0.15081336165738196f,-0.8848193373310199f,2.873427393399078f,0f,0f,0f,1f], start_interpolation: 0, interpolation_duration: 1 }
$data merge entity $(bone_head1) { transformation: [-1.0480835659698484f,0.007200159434811089f,-0.012008100316547256f,0.02997120318891302f,0f,0.8989596517002534f,0.5390238794711522f,4.485047219267248f,0.014001313120524137f,0.5389757882727614f,-0.8988794473742455f,1.680758534746316f,0f,0f,0f,1f], start_interpolation: 0, interpolation_duration: 1 }
$data merge entity $(bone_neck10) { transformation: [-1.4972622370997841f,0.009514753902196546f,-0.01759387669497852f,0.014581139873081857f,0f,1.3171263437881404f,0.7123008326425799f,4.597423659388643f,0.02000187588646306f,0.7122372818390604f,-1.3170088310271715f,0.5287185580877383f,0f,0f,0f,1f], start_interpolation: 0, interpolation_duration: 1 }
$data merge entity $(bone_neck9) { transformation: [-1.1454056113813356f,0.007868745668043556f,-0.013123138203083801f,0.0051956374629814304f,0f,0.9824344765009925f,0.589076096850617f,3.3164250081201914f,0.015301435053144253f,0.589023540040947f,-0.9823468246304266f,-0.17384346232570275f,0f,0f,0f,1f], start_interpolation: 0, interpolation_duration: 1 }
$data merge entity $(bone_neck8) { transformation: [-1.063056188340847f,-0.002844098336266027f,-0.013913623963662122f,0.007755639917239174f,0f,1.0416124301548493f,-0.21291707950239094f,2.545959177407448f,0.014201331879388776f,-0.2128980832428539f,-1.0415194984834844f,0.017788313783706766f,0f,0f,0f,1f], start_interpolation: 0, interpolation_duration: 1 }
$data merge entity $(bone_neck7) { transformation: [-1.055569877155348f,-0.006417178791037653f,-0.012556556558692153f,0.013827075698262154f,0f,0.9400186051911729f,-0.480407779650211f,1.7055578133876583f,0.01410132249995646f,-0.48036491812455406f,-0.9399347376243451f,0.47227226176452886f,0f,0f,0f,1f], start_interpolation: 0, interpolation_duration: 1 }
$data merge entity $(bone_neck6) { transformation: [-1.0495808282069485f,-0.003936369032152608f,-0.013457424459058984f,0.0171910122704513f,0f,1.007460071584132f,-0.2946874893467791f,0.8128132593427875f,0.014021314996410607f,-0.29466119760896703f,-1.0073701869537501f,0.7240834031858416f,0f,0f,0f,1f], start_interpolation: 0, interpolation_duration: 1 }
$data merge entity $(bone_neck_spine6) { transformation: [-1.2694822211025107f,0.06128907063137852f,0.06814622984794443f,-0.08679084666203421f,0.058950062014346966f,-0.17861598134831683f,1.2588115783993221f,0.08175907646406111f,0.07017940588129556f,1.2586998647592007f,0.17531363313224896f,-1.8248032600528998f,0f,0f,0f,1f], start_interpolation: 0, interpolation_duration: 1 }
$data merge entity $(bone_neck_spine7) { transformation: [-0.9949537162501187f,-0.05523236120923326f,0.08376448409279318f,-0.09458949955801127f,0.07798287372426298f,0.09961744170727052f,0.9919652396699212f,0.6793298523421717f,-0.06313298603570613f,0.9934916967861139f,-0.09480756558030579f,-5.400392185221608f,0f,0f,0f,1f], start_interpolation: 0, interpolation_duration: 1 }
$data merge entity $(bone_tail6) { transformation: [-1.4570399302524053f,-0.9167346754784933f,-0.04397856242008549f,1.3789576060846098f,-0.4367634871845152f,0.6200168491444222f,1.5460008734042072f,0.23801344841665512f,-0.8072014837942366f,1.3192719882872874f,-0.7571321701050735f,-8.787058448808294f,0f,0f,0f,1f], start_interpolation: 0, interpolation_duration: 1 }
$data merge entity $(bone_tail5) { transformation: [-1.2036416815128566f,-0.7573025580039727f,-0.03633011678180975f,0.9006612536610481f,-0.36080461984807777f,0.512187831901914f,1.277131156290432f,0.5615005001441797f,-0.6668186170474129f,1.0898333816286288f,-0.6254570100867999f,-8.098742628832317f,0f,0f,0f,1f], start_interpolation: 0, interpolation_duration: 1 }
$data merge entity $(bone_tail4) { transformation: [-0.8868938705884205f,-0.5580124111608219f,-0.026769559733965078f,0.6615130774492672f,-0.26585603567753097f,0.37740156034877864f,0.9410440098982129f,0.723244026007942f,-0.4913400336138831f,0.8030351233053052f,-0.4608630600639577f,-7.75458471884433f,0f,0f,0f,1f], start_interpolation: 0, interpolation_duration: 1 }
$data merge entity $(bone_segment18) { transformation: [-0.8461298044868409f,-0.5083616488923625f,-0.160102429383503f,0.37605609687005975f,-0.25363656571471277f,0.11986766526438136f,0.9598438598837378f,0.7905525294522968f,-0.46875670287635063f,0.8527603278527355f,-0.23036270694057237f,-7.275739808184835f,0f,0f,0f,1f], start_interpolation: 0, interpolation_duration: 1 }
$data merge entity $(bone_segment17) { transformation: [-0.9258578817857398f,-0.3778014378889563f,0.007297688967135979f,0.10026842614545506f,0.14401343590296825f,-0.33493941589629617f,0.9311690061199791f,0.546053297633467f,-0.349352705749713f,0.8631811288530844f,0.36451478128776815f,-6.645634443128506f,0f,0f,0f,1f], start_interpolation: 0, interpolation_duration: 1 }
$data merge entity $(bone_segment16) { transformation: [-0.9761833394019612f,-0.21340795216664296f,0.03902734715652861f,-0.1034486375683083f,0.09860436853375468f,-0.2762069468760013f,0.9560266214930928f,0.28238895137244013f,-0.1932440591068606f,0.9371055268482189f,0.2906715761309086f,-5.751083024677202f,0f,0f,0f,1f], start_interpolation: 0, interpolation_duration: 1 }
$data merge entity $(bone_segment15) { transformation: [-0.9949537162501187f,-0.07503020792532694f,0.0666150915240775f,-0.19192420013650388f,0.07798287372426298f,-0.16051643641236377f,0.9839477349164341f,0.09310809495844674f,-0.06313298603570613f,0.984177291721445f,0.1655574961578532f,-4.590541931167783f,0f,0f,0f,1f], start_interpolation: 0, interpolation_duration: 1 }
$data merge entity $(bone_segment14) { transformation: [-1.0462175780667593f,0.0028121983452480018f,0.06400053835526966f,-0.1887604769980999f,0.06152391134605309f,-0.2477451082263413f,1.0166181031772814f,-0.1856051517961872f,0.01785457089880223f,1.0184741778344495f,0.24711689826402863f,-3.4447584811040275f,0f,0f,0f,1f], start_interpolation: 0, interpolation_duration: 1 }
$data merge entity $(bone_segment13) { transformation: [-1.0230533193590823f,0.03910502478086828f,0.06266031126989376f,-0.1433783169303911f,0.047506814682150206f,-0.3179147374156057f,0.9740466796390768f,-0.5951566844091862f,0.0565563447396323f,0.9744201499322777f,0.3152782312479531f,-2.279816535812049f,0f,0f,0f,1f], start_interpolation: 0, interpolation_duration: 1 }
$data merge entity $(bone_segment12) { transformation: [-1.112406503121876f,0.06971891162931342f,0.04652876921927618f,-0.05915412838491179f,0.05200496591244954f,0.0884260029062197f,1.1108331138033969f,-0.48833332519361883f,0.06573535216519066f,1.1098621520544478f,-0.09142618937954897f,-0.9390434662160713f,0f,0f,0f,1f], start_interpolation: 0, interpolation_duration: 1 }
$data merge entity $(bone_segment11) { transformation: [-1.1893046265105116f,0.05133019808816081f,0.006523573121395101f,0.003967326302177035f,0.03422768102868973f,0.6678826546830419f,0.9848269220052214f,0.28340300131717566f,0.038804794722279976f,0.9840837419747926f,-0.6687273118161086f,0.19809939459702675f,0f,0f,0f,1f], start_interpolation: 0, interpolation_duration: 1 }
$data merge entity $(bone_segment10) { transformation: [-1.0480835659698489f,0.007789205755594984f,-0.011634648374401677f,0.018136956282115795f,0f,0.8710020048628643f,0.5831215186820364f,1.1750301432249404f,0.014001313120524144f,0.5830694931341731f,-0.870924294891544f,0.7948930739944918f,0f,0f,0f,1f], start_interpolation: 0, interpolation_duration: 1 }