# This file was generated by Animated Java via MC-Build. It is not recommended to edit this file directly.
$data merge entity $(bone_neck_spine5) { transformation: [-1.367182372577141f,0.0010963450035367367f,-0.003580265105184033f,0.10518422606967032f,0f,1.3072693140515628f,0.400310630255314f,3.7156477678268693f,0.0037443651785287204f,0.400309128952913f,-1.3072644113424876f,-0.4202975136873204f,0f,0f,0f,1f], start_interpolation: 0, interpolation_duration: 1 }
$data merge entity $(bone_neck_spine2) { transformation: [-1.3020784500734675f,0.0013091957215715475f,-0.003317047675851072f,0.012405737718675197f,0f,1.2111602109037867f,0.4780292359970659f,4.588330423304129f,0.003566062074789257f,0.47802744322319096f,-1.2111556686368694f,1.3608563404518312f,0f,0f,0f,1f], start_interpolation: 0, interpolation_duration: 1 }
$data merge entity $(bone_scale_neck_left1) { transformation: [-1.3829895179644272f,0.3644537020348244f,0.07728460827622652f,0.6951337260082456f,0.3241044810378927f,1.0304272186242562f,0.940550610489523f,3.869736771237231f,0.18372723525502854f,0.9256633646170555f,-1.0774279822030581f,1.0438041388184922f,0f,0f,0f,1f], start_interpolation: 0, interpolation_duration: 1 }
$data merge entity $(bone_scale_neck_right1) { transformation: [-1.38397512815246f,-0.3593779591974779f,-0.08318500767094751f,-0.6720486465688952f,-0.3241044810378927f,1.0304272186242562f,0.940550610489523f,3.869736771237231f,-0.17614922205141292f,0.9276457556438837f,-1.0769884966931391f,1.047548503997021f,0f,0f,0f,1f], start_interpolation: 0, interpolation_duration: 1 }
$data merge entity $(bone_blush_right1) { transformation: [-0.999996249656423f,0.0014523455993978303f,-0.0023219313833256284f,-0.5619463016392018f,0f,0.8478114211039309f,0.5302978354149044f,3.1068782238801864f,0.0027387356734381494f,0.5302958466158234f,-0.8478082415198134f,2.026123046280891f,0f,0f,0f,1f], start_interpolation: 0, interpolation_duration: 1 }
$data merge entity $(bone_blush_left1) { transformation: [-0.999996249656423f,0.0014523455993978303f,-0.0023219313833256284f,0.5903931266758168f,0f,0.8478114211039309f,0.5302978354149044f,3.1068782238801864f,0.0027387356734381494f,0.5302958466158234f,-0.8478082415198134f,2.022967081344702f,0f,0f,0f,1f], start_interpolation: 0, interpolation_duration: 1 }
$data merge entity $(bone_left_head_scales) { transformation: [-0.8859353579865633f,0.0014523455993978303f,-0.46380645980999435f,0.6002869852227006f,-0.24486429010437236f,0.8478114211039309f,0.47037992482398183f,3.82629391344344f,0.3939035680225578f,0.5302958466158234f,-0.7507504872866253f,2.069775702840421f,0f,0f,0f,1f], start_interpolation: 0, interpolation_duration: 1 }
$data merge entity $(bone_left_head_scales2) { transformation: [-0.8178171670590844f,0.0014523455993978303f,-0.5754763000816919f,0.5994924668906504f,-0.3041663426419544f,0.8478114211039309f,0.4343945559621462f,3.086260893721389f,0.48852627080564553f,0.5302958466158234f,-0.6929129799583323f,1.7796727330506878f,0f,0f,0f,1f], start_interpolation: 0, interpolation_duration: 1 }
$data merge entity $(bone_left_head_scales1) { transformation: [-0.999996249656423f,0.0014523455993978303f,-0.0023219313833256284f,0.6001451545977594f,0f,0.8478114211039309f,0.5302978354149044f,3.7434998293512596f,0.0027387356734381494f,0.5302958466158234f,-0.8478082415198134f,2.0179889990693445f,0f,0f,0f,1f], start_interpolation: 0, interpolation_duration: 1 }
$data merge entity $(bone_right_head_scales) { transformation: [-0.8880796551791182f,0.0014523455993978303f,0.45968730322818174f,-0.5715836198434201f,0.24486429010437236f,0.8478114211039309f,0.47037992482398183f,3.82629391344344f,-0.3890449915994552f,0.5302958466158234f,-0.7532797020850801f,2.072985158707731f,0f,0f,0f,1f], start_interpolation: 0, interpolation_duration: 1 }
$data merge entity $(bone_right_head_scales2) { transformation: [-0.8204807773156835f,0.0014523455993978303f,0.5716722704029921f,-0.5723781381754703f,0.3041663426419544f,0.8478114211039309f,0.4343945559621462f,3.086260893721389f,-0.4840393889543175f,0.5302958466158234f,-0.6960547284536885f,1.782882188917998f,0f,0f,0f,1f], start_interpolation: 0, interpolation_duration: 1 }
$data merge entity $(bone_right_head_scales1) { transformation: [-0.999996249656423f,0.0014523455993978303f,-0.0023219313833256284f,-0.5717254504683613f,0f,0.8478114211039309f,0.5302978354149044f,3.7434998293512596f,0.0027387356734381494f,0.5302958466158234f,-0.8478082415198134f,2.0211984549366546f,0f,0f,0f,1f], start_interpolation: 0, interpolation_duration: 1 }
$data merge entity $(bone_head_left_fin1) { transformation: [-0.6919361025607188f,0.02131557097983059f,-0.7216440094720431f,0.5994432275999517f,-0.1433564393167048f,0.9756037212011031f,0.16627179702221345f,3.4718622867208797f,0.7075827593147803f,0.2185017748494597f,-0.6719997121339545f,1.7616939603958959f,0f,0f,0f,1f], start_interpolation: 0, interpolation_duration: 1 }
$data merge entity $(bone_head_right_fin1) { transformation: [-0.695801472341954f,-0.020118418495142558f,0.7179523384766036f,-0.572427377466169f,0.1433564393167048f,0.9756037212011031f,0.16627179702221345f,3.4718622867208797f,-0.7037820986592406f,0.21861525202010607f,-0.6759424007938698f,1.7649034162632062f,0f,0f,0f,1f], start_interpolation: 0, interpolation_duration: 1 }
$data merge entity $(bone_right_whisker16) { transformation: [0.2589717068478534f,0.9180524057919496f,-0.3001889992520092f,-1.0310950563717047f,0.9632581038601872f,-0.2683830210948415f,0.010216620560748901f,1.0965915342689423f,-0.07118623743383237f,-0.29180530188401166f,-0.9538250287093513f,1.6084091914413223f,0f,0f,0f,1f], start_interpolation: 0, interpolation_duration: 1 }
$data merge entity $(bone_right_whisker15) { transformation: [-0.8763957494067149f,0.37658605278198964f,-0.3001889992520092f,-0.7743384891627061f,0.39181737956643653f,0.9199862834488394f,0.010216620560748901f,0.9818012863490879f,0.2800171985638262f,-0.10866546422885169f,-0.9538250287093513f,1.5263729027995765f,0f,0f,0f,1f], start_interpolation: 0, interpolation_duration: 1 }
$data merge entity $(bone_right_whisker14) { transformation: [-0.7116837203369154f,-0.6351321491906106f,-0.3001889992520092f,-0.5658373992202503f,-0.6682015527844267f,0.7439101461337909f,0.010216620560748901f,1.1775634600164004f,0.2168247381271053f,0.2078577579589401f,-0.9538250287093513f,1.4628500303014011f,0f,0f,0f,1f], start_interpolation: 0, interpolation_duration: 1 }
$data merge entity $(bone_right_whisker13) { transformation: [-0.09466834080142215f,-0.9928808400859556f,-0.0722879148967003f,-0.5381025337510837f,-0.9744731157676891f,0.07757470208166917f,0.2106758463681869f,1.4630536306514657f,-0.20356829786564856f,0.09038696248434869f,-0.9748795541588383f,1.522489180066728f,0f,0f,0f,1f], start_interpolation: 0, interpolation_duration: 1 }
$data merge entity $(bone_right_whisker12) { transformation: [0.06598348756438735f,-0.9965629583159111f,-0.05008442354145351f,-0.5638773335809225f,-0.9054855519352665f,-0.0808901165450481f,0.41659657257569227f,1.8167589243761793f,-0.41921604764766085f,0.0178622271278781f,-0.907710772348057f,1.6862454486790954f,0f,0f,0f,1f], start_interpolation: 0, interpolation_duration: 1 }
$data merge entity $(bone_right_whisker11) { transformation: [0.2918372688823444f,-0.9560602580561437f,-0.02792474631780839f,-0.6778762667380883f,-0.9479024077881388f,-0.29299899380062777f,0.1250304560547893f,2.187033302418421f,-0.12771857265387482f,-0.010018612550620157f,-0.9917598467380182f,1.7361355161220153f,0f,0f,0f,1f], start_interpolation: 0, interpolation_duration: 1 }
$data merge entity $(bone_right_whisker10) { transformation: [0.07080932275655785f,-0.9939084143111996f,0.08445178371209391f,-0.7055361584398687f,-0.9897640033933842f,-0.08052561890946393f,-0.11782547384139241f,2.5736598662439616f,0.12390826202258864f,-0.07524419353441479f,-0.9894367356945553f,1.6877338512694418f,0f,0f,0f,1f], start_interpolation: 0, interpolation_duration: 1 }
$data merge entity $(bone_right_whisker1) { transformation: [-0.3406301437000014f,-0.9386302137903824f,0.05426257423618596f,-0.5724775085570557f,-0.928042118001376f,0.3449163043012259f,0.14060785981837604f,2.9361763185882492f,-0.1506948320893466f,-0.0024626788270739053f,-0.9885772619247108f,1.7465990200543429f,0f,0f,0f,1f], start_interpolation: 0, interpolation_duration: 1 }
$data merge entity $(bone_left_whisker16) { transformation: [0.2593577410371284f,-0.9196369829555561f,0.29495996634207855f,1.0572468364552088f,-0.9632581038601872f,-0.2683830210948415f,0.010216620560748901f,1.0965915342689423f,0.06976666476043103f,-0.28677233752300446f,-0.9554549905253507f,1.6026897535512454f,0f,0f,0f,1f], start_interpolation: 0, interpolation_duration: 1 }
$data merge entity $(bone_left_whisker15) { transformation: [-0.87791638272023f,-0.37717561321870535f,0.29495996634207855f,0.8000447712051415f,-0.39181737956643653f,0.9199862834488394f,0.010216620560748901f,0.9818012863490879f,-0.27521258332626686f,-0.10660110252283977f,-0.9554549905253507f,1.5220610670298782f,0f,0f,0f,1f], start_interpolation: 0, interpolation_duration: 1 }
$data merge entity $(bone_left_whisker14) { transformation: [-0.7128606909593423f,0.6362611519969208f,0.29495996634207855f,0.5911988656506467f,0.6682015527844267f,0.7439101461337909f,0.010216620560748901f,1.1775634600164004f,-0.21292327289765622f,0.20437573471122397f,-0.9554549905253507f,1.4596812019231429f,0f,0f,0f,1f], start_interpolation: 0, interpolation_duration: 1 }
$data merge entity $(bone_left_whisker13) { transformation: [-0.09355188531195954f,0.9933610356771343f,0.06694697568246917f,0.5637910867506586f,0.9744731157676891f,0.07757470208166917f,0.2106758463681869f,1.4630536306514657f,0.20408378524662266f,0.08494715060195604f,-0.9752608831507696f,1.5194713733821144f,0f,0f,0f,1f], start_interpolation: 0, interpolation_duration: 1 }
$data merge entity $(bone_left_whisker12) { transformation: [0.06827873300068565f,0.9966458480003368f,0.04511173110744773f,0.5904624668290515f,0.9054855519352665f,-0.0808901165450481f,0.41659657257569227f,1.8167589243761793f,0.41884833753556505f,0.012403334592686147f,-0.9079714904305506f,1.6830840052319445f,0f,0f,0f,1f], start_interpolation: 0, interpolation_duration: 1 }
$data merge entity $(bone_left_whisker11) { transformation: [0.29253246312897596f,0.9559910394078707f,0.022492011638659007f,0.7047329602388077f,0.9479024077881388f,-0.29299899380062777f,0.1250304560547893f,2.187033302418421f,0.1261181324201372f,-0.015255235287563021f,-0.9918979254294154f,1.7323489007085606f,0f,0f,0f,1f], start_interpolation: 0, interpolation_duration: 1 }
$data merge entity $(bone_left_whisker10) { transformation: [0.07012955911189764f,0.9934813579786004f,-0.08987010786556018f,0.7321273192668927f,0.9897640033933842f,-0.08052561890946393f,-0.11782547384139241f,2.5736598662439616f,-0.12429425781375311f,-0.0806871492137649f,-0.9889593123209287f,1.6837964562500634f,0f,0f,0f,1f], start_interpolation: 0, interpolation_duration: 1 }
$data merge entity $(bone_left_whisker1) { transformation: [-0.33979961026003885f,0.9386026438714898f,-0.05967664354314233f,0.599393096509065f,0.928042118001376f,0.3449163043012259f,0.14060785981837604f,2.9361763185882492f,0.15255835631864184f,-0.007603942703208688f,-0.9882652113540782f,1.7433895641870327f,0f,0f,0f,1f], start_interpolation: 0, interpolation_duration: 1 }
$data merge entity $(bone_upper_left_tooth1) { transformation: [-0.999996249656423f,0.0012444493315941542f,-0.0024396759928436342f,0.2844176734697157f,0f,0.8908037444084256f,0.4543882579335961f,2.8295302243742837f,0.0027387356734381494f,0.45438655382151155f,-0.8908004035883245f,2.6229498846912023f,0f,0f,0f,1f], start_interpolation: 0, interpolation_duration: 1 }
$data merge entity $(bone_upper_right_tooth1) { transformation: [-0.999996249656423f,0.0012444493315941542f,-0.0024396759928436342f,-0.30151762906334467f,0f,0.8908037444084256f,0.4543882579335961f,2.8295302243742837f,0.0027387356734381494f,0.45438655382151155f,-0.8908004035883245f,2.6245546126248573f,0f,0f,0f,1f], start_interpolation: 0, interpolation_duration: 1 }
$data merge entity $(bone_top_lip1) { transformation: [-0.999996249656423f,0.00010672634950492643f,-0.0027366553628990374f,0.015997986721433374f,0f,0.9992404120779937f,0.038969204125838486f,2.9252220328556575f,0.0027387356734381494f,0.038969057977934096f,-0.9992366645831325f,2.672496439724568f,0f,0f,0f,1f], start_interpolation: 0, interpolation_duration: 1 }
$data merge entity $(bone_muzzle1) { transformation: [-0.999996249656423f,0.0012444493315941542f,-0.0024396759928436342f,0.01498903106061043f,0f,0.8908037444084256f,0.4543882579335961f,3.277580129172124f,0.0027387356734381494f,0.45438655382151155f,-0.8908004035883245f,2.3040958355049046f,0f,0f,0f,1f], start_interpolation: 0, interpolation_duration: 1 }
$data merge entity $(bone_jaw_right_tooth1) { transformation: [-0.999996249656423f,-0.0003786398676253537f,-0.002712435241550914f,-0.30153243669201746f,0f,0.9903968710298288f,-0.13825352745707542f,2.7395413754519113f,0.0027387356734381494f,-0.13825300895884673f,-0.9903931567012848f,2.619147894012806f,0f,0f,0f,1f], start_interpolation: 0, interpolation_duration: 1 }
$data merge entity $(bone_jaw_left_tooth1) { transformation: [-0.999996249656423f,-0.0003786398676253537f,-0.002712435241550914f,0.33323080771879793f,0f,0.9903968710298288f,-0.13825352745707542f,2.7395413754519113f,0.0027387356734381494f,-0.13825300895884673f,-0.9903931567012848f,2.617409438751346f,0f,0f,0f,1f], start_interpolation: 0, interpolation_duration: 1 }
$data merge entity $(bone_tongue1) { transformation: [-0.999996249656423f,0.0006129405592346191f,-0.002669265247180928f,0.013953196806181123f,0f,0.9746341251801022f,0.22380420468440002f,2.885463723421201f,0.0027387356734381494f,0.2238033653417385f,-0.9746304699672708f,1.9258810337841488f,0f,0f,0f,1f], start_interpolation: 0, interpolation_duration: 1 }
$data merge entity $(bone_jaw_lips1) { transformation: [-0.999996249656423f,0.0006129405592346191f,-0.002669265247180928f,0.06479766625187926f,0f,0.9746341251801022f,0.22380420468440002f,2.6011610122294906f,0.0027387356734381494f,0.2238033653417385f,-0.9746304699672708f,2.6620432640506735f,0f,0f,0f,1f], start_interpolation: 0, interpolation_duration: 1 }
$data merge entity $(bone_jaw3) { transformation: [-0.999996249656423f,0.00009812195949791174f,-0.0027369773784280717f,0.0626522159773638f,0f,0.9993579902481534f,0.03582746610034554f,2.555955742519635f,0.0027387356734381494f,0.03582733173503816f,-0.9993542423123336f,1.8786736788995597f,0f,0f,0f,1f], start_interpolation: 0, interpolation_duration: 1 }
$data merge entity $(bone_jaw1) { transformation: [-0.999996249656423f,0.002004717967184954f,-0.0018659525612963832f,0.061194440538850994f,0f,0.6813189675051434f,0.7319866559697145f,3.1278203174959747f,0.0027387356734381494f,0.7319839107682609f,-0.6813164123249298f,1.3463952317707082f,0f,0f,0f,1f], start_interpolation: 0, interpolation_duration: 1 }
$data merge entity $(bone_tear_right1) { transformation: [-0.999996249656423f,0.0014523455993978303f,-0.0023219313833256284f,-0.5124178765736651f,0f,0.8478114211039309f,0.5302978354149044f,3.3500493100120563f,0.0027387356734381494f,0.5302958466158234f,-0.8478082415198134f,2.281757178379181f,0f,0f,0f,1f], start_interpolation: 0, interpolation_duration: 1 }
$data merge entity $(bone_right_pupil1) { transformation: [-0.999996249656423f,0.0014523455993978303f,-0.0023219313833256284f,-0.3510080995839685f,0f,0.8478114211039309f,0.5302978354149044f,3.401771255310395f,0.0027387356734381494f,0.5302958466158234f,-0.8478082415198134f,2.382778846975909f,0f,0f,0f,1f], start_interpolation: 0, interpolation_duration: 1 }
$data merge entity $(bone_right_sad_pupil1) { transformation: [-0.999996249656423f,0.0014523455993978303f,-0.0023219313833256284f,-0.3510307746951338f,0f,0.8478114211039309f,0.5302978354149044f,3.4069499451093685f,0.0027387356734381494f,0.5302958466158234f,-0.8478082415198134f,2.374499469617317f,0f,0f,0f,1f], start_interpolation: 0, interpolation_duration: 1 }
$data merge entity $(bone_right_happy_pupil1) { transformation: [-0.999996249656423f,0.0014523455993978303f,-0.0023219313833256284f,-0.3754798903375606f,0f,0.8478114211039309f,0.5302978354149044f,3.3862516890273926f,0.0027387356734381494f,0.5302958466158234f,-0.8478082415198134f,2.3616198222000473f,0f,0f,0f,1f], start_interpolation: 0, interpolation_duration: 1 }
$data merge entity $(bone_eyelid_right1) { transformation: [-0.999996249656423f,0.0014523455993978303f,-0.0023219313833256284f,0.023740019391672872f,0f,0.8478114211039309f,0.5302978354149044f,3.6244873930119623f,0.0027387356734381494f,0.5302958466158234f,-0.8478082415198134f,1.9336075485222322f,0f,0f,0f,1f], start_interpolation: 0, interpolation_duration: 1 }
$data merge entity $(bone_eyelid_expressions_right5) { transformation: [-0.999996249656423f,0.0014523455993978303f,-0.0023219313833256284f,-0.4631928978902011f,0f,0.8478114211039309f,0.5302978354149044f,3.4897440292015496f,0.0027387356734381494f,0.5302958466158234f,-0.8478082415198134f,2.426593745386489f,0f,0f,0f,1f], start_interpolation: 0, interpolation_duration: 1 }
$data merge entity $(bone_eyelid_expressions_right7) { transformation: [-0.999996249656423f,0.0014523455993978303f,-0.0023219313833256284f,-0.170225246623671f,0f,0.8478114211039309f,0.5302978354149044f,3.4897440292015496f,0.0027387356734381494f,0.5302958466158234f,-0.8478082415198134f,2.4257913814196614f,0f,0f,0f,1f], start_interpolation: 0, interpolation_duration: 1 }
$data merge entity $(bone_eyelid_expressions_right6) { transformation: [-0.999996249656423f,0.0014523455993978303f,-0.0023219313833256284f,-0.26788113037918104f,0f,0.8478114211039309f,0.5302978354149044f,3.4897440292015496f,0.0027387356734381494f,0.5302958466158234f,-0.8478082415198134f,2.4260588360752706f,0f,0f,0f,1f], start_interpolation: 0, interpolation_duration: 1 }
$data merge entity $(bone_right_eye1) { transformation: [-0.999996249656423f,0.0014523455993978303f,-0.0023219313833256284f,0.013997106127287155f,0f,0.8478114211039309f,0.5302978354149044f,3.6193087032129885f,0.0027387356734381494f,0.5302958466158234f,-0.8478082415198134f,1.941913671346385f,0f,0f,0f,1f], start_interpolation: 0, interpolation_duration: 1 }
$data merge entity $(bone_tear_left1) { transformation: [-0.999996249656423f,0.0014523455993978303f,-0.0023219313833256284f,0.5422656679858435f,0f,0.8478114211039309f,0.5302978354149044f,3.3500493100120563f,0.0027387356734381494f,0.5302958466158234f,-0.8478082415198134f,2.278868668098602f,0f,0f,0f,1f], start_interpolation: 0, interpolation_duration: 1 }
$data merge entity $(bone_left_sad_pupil1) { transformation: [-0.999996249656423f,0.0014523455993978303f,-0.0023219313833256284f,0.38138835347119165f,0f,0.8478114211039309f,0.5302978354149044f,3.4069499451093685f,0.0027387356734381494f,0.5302958466158234f,-0.8478082415198134f,2.372493559700248f,0f,0f,0f,1f], start_interpolation: 0, interpolation_duration: 1 }
$data merge entity $(bone_left_pupil1) { transformation: [-0.999996249656423f,0.0014523455993978303f,-0.0023219313833256284f,0.3814110285823569f,0f,0.8478114211039309f,0.5302978354149044f,3.401771255310395f,0.0027387356734381494f,0.5302958466158234f,-0.8478082415198134f,2.3807729370588397f,0f,0f,0f,1f], start_interpolation: 0, interpolation_duration: 1 }
$data merge entity $(bone_eyelid_left1) { transformation: [-0.999996249656423f,0.0014523455993978303f,-0.0023219313833256284f,0.004208842640570861f,0f,0.8478114211039309f,0.5302978354149044f,3.6244873930119623f,0.0027387356734381494f,0.5302958466158234f,-0.8478082415198134f,1.933661039453354f,0f,0f,0f,1f], start_interpolation: 0, interpolation_duration: 1 }
$data merge entity $(bone_left_happy_pupil1) { transformation: [-0.999996249656423f,0.0014523455993978303f,-0.0023219313833256284f,0.4057671797065199f,0f,0.8478114211039309f,0.5302978354149044f,3.3862516890273926f,0.0027387356734381494f,0.5302958466158234f,-0.8478082415198134f,2.359480184955174f,0f,0f,0f,1f], start_interpolation: 0, interpolation_duration: 1 }
$data merge entity $(bone_eyelid_expressions_left5) { transformation: [-0.999996249656423f,0.0014523455993978303f,-0.0023219313833256284f,0.4938347629137974f,0f,0.8478114211039309f,0.5302978354149044f,3.4897440292015496f,0.0027387356734381494f,0.5302958466158234f,-0.8478082415198134f,2.423972689761519f,0f,0f,0f,1f], start_interpolation: 0, interpolation_duration: 1 }
$data merge entity $(bone_eyelid_expressions_left7) { transformation: [-0.999996249656423f,0.0014523455993978303f,-0.0023219313833256284f,0.20086711164726723f,0f,0.8478114211039309f,0.5302978354149044f,3.4897440292015496f,0.0027387356734381494f,0.5302958466158234f,-0.8478082415198134f,2.4247750537283466f,0f,0f,0f,1f], start_interpolation: 0, interpolation_duration: 1 }
$data merge entity $(bone_eyelid_expressions_left6) { transformation: [-0.999996249656423f,0.0014523455993978303f,-0.0023219313833256284f,0.29852299540277727f,0f,0.8478114211039309f,0.5302978354149044f,3.4897440292015496f,0.0027387356734381494f,0.5302958466158234f,-0.8478082415198134f,2.4245075990727374f,0f,0f,0f,1f], start_interpolation: 0, interpolation_duration: 1 }
$data merge entity $(bone_left_eye1) { transformation: [-0.999996249656423f,0.0014523455993978303f,-0.0023219313833256284f,0.013997106127287155f,0f,0.8478114211039309f,0.5302978354149044f,3.6193087032129885f,0.0027387356734381494f,0.5302958466158234f,-0.8478082415198134f,1.941913671346385f,0f,0f,0f,1f], start_interpolation: 0, interpolation_duration: 1 }
$data merge entity $(bone_crest_middle5) { transformation: [-0.999996249656423f,0.000915361277452544f,-0.002581237459185643f,0.016709718360133335f,0f,0.9424923639838576f,0.33422768262386554f,4.421042986425513f,0.0027387356734381494f,0.3342264291552227f,-0.9424888293136741f,2.9323714529887344f,0f,0f,0f,1f], start_interpolation: 0, interpolation_duration: 1 }
$data merge entity $(bone_crest_middle4) { transformation: [-0.999996249656423f,0.000915361277452544f,-0.002581237459185643f,0.016173373861625984f,0f,0.9424923639838576f,0.33422768262386554f,3.868801366903721f,0.0027387356734381494f,0.3342264291552227f,-0.9424888293136741f,2.736535654655596f,0f,0f,0f,1f], start_interpolation: 0, interpolation_duration: 1 }
$data merge entity $(bone_crest_middle1) { transformation: [-0.999996249656423f,0.000915361277452544f,-0.002581237459185643f,0.015960171772349877f,0f,0.9424923639838576f,0.33422768262386554f,3.430140481217799f,0.0027387356734381494f,0.3342264291552227f,-0.9424888293136741f,2.658689043986749f,0f,0f,0f,1f], start_interpolation: 0, interpolation_duration: 1 }
$data merge entity $(bone_crest_left5) { transformation: [-0.5385224891435848f,-0.8357023832276833f,0.10768033875396137f,-0.9443356584259088f,-0.7150369002215216f,0.5208493901528427f,0.4663026314519462f,3.9026867978900763f,-0.4457754591811838f,0.17411903814626978f,-0.8780471516648879f,2.7121438967151756f,0f,0f,0f,1f], start_interpolation: 0, interpolation_duration: 1 }
$data merge entity $(bone_crest_left4) { transformation: [-0.5385224891435848f,-0.8357023832276833f,0.10768033875396137f,-0.5362778541155165f,-0.7150369002215216f,0.5208493901528427f,0.4663026314519462f,3.6483658066045086f,-0.4457754591811838f,0.17411903814626978f,-0.8780471516648879f,2.627124835120317f,0f,0f,0f,1f], start_interpolation: 0, interpolation_duration: 1 }
$data merge entity $(bone_crest_left1) { transformation: [-0.5385224891435848f,-0.8357023832276833f,0.10768033875396137f,-0.08215644033336435f,-0.7150369002215216f,0.5208493901528427f,0.4663026314519462f,3.3913813993667485f,-0.4457754591811838f,0.17411903814626978f,-0.8780471516648879f,2.490730471288586f,0f,0f,0f,1f], start_interpolation: 0, interpolation_duration: 1 }
$data merge entity $(bone_crest_center1) { transformation: [-0.999996249656423f,0.0014523455993978303f,-0.0023219313833256284f,0.01546398621976841f,0f,0.8478114211039309f,0.5302978354149044f,3.3706831432847726f,0.0027387356734381494f,0.5302958466158234f,-0.8478082415198134f,2.47751650640766f,0f,0f,0f,1f], start_interpolation: 0, interpolation_duration: 1 }
$data merge entity $(bone_crest_right5) { transformation: [-0.5360726974337925f,0.8366435750324996f,-0.11248818348117857f,0.9765343925665069f,0.7150369002215216f,0.5208493901528427f,0.4663026314519462f,3.9026867978900763f,0.4487185023905914f,0.16953890743498873f,-0.877444166017471f,2.7068831216527696f,0f,0f,0f,1f], start_interpolation: 0, interpolation_duration: 1 }
$data merge entity $(bone_crest_right4) { transformation: [-0.5360726974337925f,0.8366435750324996f,-0.11248818348117857f,0.5680170219451692f,0.7150369002215216f,0.5208493901528427f,0.4663026314519462f,3.6483658066045086f,0.4487185023905914f,0.16953890743498873f,-0.877444166017471f,2.624100452006779f,0f,0f,0f,1f], start_interpolation: 0, interpolation_duration: 1 }
$data merge entity $(bone_crest_right1) { transformation: [-0.5360726974337925f,0.8366435750324996f,-0.11248818348117857f,0.11315532717765577f,0.7150369002215216f,0.5208493901528427f,0.4663026314519462f,3.3913813993667485f,0.4487185023905914f,0.16953890743498873f,-0.877444166017471f,2.4901955619773677f,0f,0f,0f,1f], start_interpolation: 0, interpolation_duration: 1 }
$data merge entity $(bone_head1) { transformation: [-0.999996249656423f,0.0014523455993978303f,-0.0023219313833256284f,0.012679059700725645f,0f,0.8478114211039309f,0.5302978354149044f,3.86273960011045f,0.0027387356734381494f,0.5302958466158234f,-0.8478082415198134f,1.4606545647382907f,0f,0f,0f,1f], start_interpolation: 0, interpolation_duration: 1 }
$data merge entity $(bone_neck10) { transformation: [-1.3020784500734675f,0.001730956973225901f,-0.00311778554074697f,0.009938350410975658f,0f,1.1384032314564225f,0.6320277601134454f,3.9715384097543533f,0.003566062074789257f,0.6320253897921948f,-1.1383989620531756f,0.4599376873377444f,0f,0f,0f,1f], start_interpolation: 0, interpolation_duration: 1 }
$data merge entity $(bone_neck9) { transformation: [-0.999996249656423f,0.0014523455993978303f,-0.002321931383325628f,0.008207927842566578f,0f,0.8478114211039309f,0.5302978354149044f,2.8693218675611347f,0.0027387356734381494f,0.5302958466158234f,-0.8478082415198134f,-0.1718925748932908f,0f,0f,0f,1f], start_interpolation: 0, interpolation_duration: 1 }
$data merge entity $(bone_neck8) { transformation: [-0.999996249656423f,-0.0004978926096783418f,-0.002693097851581037f,0.008643438285336178f,0f,0.9833361713948032f,-0.18179651819165824f,2.233558554684757f,0.0027387356734381494f,-0.18179583639225394f,-0.9833324835463089f,-0.012874377671986847f,0f,0f,0f,1f], start_interpolation: 0, interpolation_duration: 1 }
$data merge entity $(bone_neck7) { transformation: [-0.999996249656423f,-0.0012078487719704076f,-0.002458002122255448f,0.00968384590869074f,0f,0.8974952004658873f,-0.44102422285028364f,1.5110124607124416f,0.0027387356734381494f,-0.4410225688579222f,-0.8974918345505268f,0.36701030107191535f,0f,0f,0f,1f], start_interpolation: 0, interpolation_duration: 1 }
$data merge entity $(bone_neck6) { transformation: [-0.999996249656423f,-0.0007554644144962812f,-0.0026324791751108877f,0.010261478316154898f,0f,0.9612023535685469f,-0.2758442232389254f,0.7437164315223024f,0.0027387356734381494f,-0.2758431887283145f,-0.961198748729474f,0.5779215791285612f,0f,0f,0f,1f], start_interpolation: 0, interpolation_duration: 1 }
$data merge entity $(bone_neck_spine6) { transformation: [-1.1017783682328512f,0.07970430405925885f,0.06836174899712864f,-0.04800986934355811f,0.05737677125418823f,-0.14649125599958301f,1.095531786646773f,0.16909823808093594f,0.08794322561722283f,1.094134001549835f,0.14169845884110507f,-1.6361920799899745f,0f,0f,0f,1f], start_interpolation: 0, interpolation_duration: 1 }
$data merge entity $(bone_neck_spine7) { transformation: [-0.9975941501423131f,0.029248307265573984f,0.06285259043137795f,-0.21462347110296356f,0.0656435310731664f,0.10702793183957215f,0.9920866638728644f,0.6609790473594876f,0.02228987281440168f,0.993825718286784f,-0.10869040087181278f,-4.7500544077801266f,0f,0f,0f,1f], start_interpolation: 0, interpolation_duration: 1 }
$data merge entity $(bone_tail6) { transformation: [-1.3135028906406938f,-0.6919032059789565f,-0.19538267967916284f,0.7719075576932835f,-0.3976979133547648f,0.36022656183022533f,1.3979511706598582f,0.5141403826111582f,-0.5989497538824393f,1.2781631583612647f,-0.4997523532872546f,-7.842503696467272f,0f,0f,0f,1f], start_interpolation: 0, interpolation_duration: 1 }
$data merge entity $(bone_tail5) { transformation: [-1.0850676053118777f,-0.5715722136347903f,-0.1614030832132215f,0.410914580660784f,-0.328533058858284f,0.29757846412062094f,1.1548292279364047f,0.7020846757399717f,-0.49478457929418906f,1.055873913428871f,-0.4128389005416451f,-7.17563596167009f,0f,0f,0f,1f], start_interpolation: 0, interpolation_duration: 1 }
$data merge entity $(bone_tail4) { transformation: [-0.8771914956626548f,-0.46207101060159883f,-0.13048165042921483f,0.23041809214453443f,-0.2655930412664864f,0.24056869520488092f,0.9335882600580618f,0.7960568223043782f,-0.39999427041888125f,0.8535907005403925f,-0.3337476585431405f,-6.842202094271499f,0f,0f,0f,1f], start_interpolation: 0, interpolation_duration: 1 }
$data merge entity $(bone_segment18) { transformation: [-0.8771914956626548f,-0.4149996695107101f,-0.2414753698477674f,0.027781534766258026f,-0.2655930412664864f,0.00041720685905760613f,0.964085142697083f,0.7962605365910275f,-0.39999427041888125f,0.9098214661374164f,-0.11058699465863381f,-6.397953331509089f,0f,0f,0f,1f], start_interpolation: 0, interpolation_duration: 1 }
$data merge entity $(bone_segment17) { transformation: [-0.9585280662687687f,-0.28441649882160863f,0.01819893879083783f,-0.15275628186855214f,0.1312247207451499f,-0.3837598332522551f,0.9140615203844643f,0.552662986186764f,-0.2529901556195659f,0.8785417722454973f,0.405167046512088f,-5.840285214361068f,0f,0f,0f,1f], start_interpolation: 0, interpolation_duration: 1 }
$data merge entity $(bone_segment16) { transformation: [-0.992515313302399f,-0.11018876174006506f,0.05264778861862973f,-0.2442215626098171f,0.0826184915587887f,-0.2883883324128812f,0.9539425321164099f,0.3132781399456029f,-0.08993073842013698f,0.9511522520155796f,0.295333465379222f,-5.050754536418449f,0f,0f,0f,1f], start_interpolation: 0, interpolation_duration: 1 }
$data merge entity $(bone_segment15) { transformation: [-0.9975941501423131f,0.011984247925387038f,0.0682809593041781f,-0.23193302713944952f,0.0656435310731664f,-0.15338987950437144f,0.9859829976697775f,0.15599359553194075f,0.02228987281440168f,0.9880930738889414f,0.1522341581335164f,-4.0375731618252955f,0f,0f,0f,1f], start_interpolation: 0, interpolation_duration: 1 }
$data merge entity $(bone_segment14) { transformation: [-0.9959501332743712f,0.05769805439486523f,0.068951189618523f,-0.1727699830822147f,0.05432303577783432f,-0.22491313506812097f,0.9728633457262685f,-0.07463022460626911f,0.07164035046426329f,0.972669016774399f,0.22086793337304783f,-3.04020747079686f,0f,0f,0f,1f], start_interpolation: 0, interpolation_duration: 1 }
$data merge entity $(bone_segment13) { transformation: [-0.9954891609445055f,0.06019540942353321f,0.07333377889034363f,-0.10989729815991278f,0.051841600380254774f,-0.3022331388846326f,0.951823291493729f,-0.42253230515020057f,0.07945929091062015f,0.9513315102761367f,0.2977491874778263f,-2.025538499218203f,0f,0f,0f,1f], start_interpolation: 0, interpolation_duration: 1 }
$data merge entity $(bone_segment12) { transformation: [-0.9971630228385714f,0.060153623307105414f,0.04524872911441531f,-0.039404770846898605f,0.04999300843179043f,0.07985759942399029f,0.9955518383902349f,-0.32894918082521196f,0.056272595385158844f,0.994989600657848f,-0.08263830583545284f,-0.8595350609472869f,0f,0f,0f,1f], start_interpolation: 0, interpolation_duration: 1 }
$data merge entity $(bone_segment11) { transformation: [-1.0345884240031804f,0.032589205145058746f,0.010639480282941666f,0.003405255365465814f,0.02696412376480262f,0.5751701886652982f,0.860232905679842f,0.3356182204860565f,0.02117051870583795f,0.8600381733927864f,-0.5757035794217258f,0.1342718972352307f,0f,0f,0f,1f], start_interpolation: 0, interpolation_duration: 1 }
$data merge entity $(bone_segment10) { transformation: [-0.999996249656423f,0.0015400972492487313f,-0.0022646795693473283f,0.010467672907962421f,0f,0.8269069524713567f,0.562338769741633f,1.0987303352079385f,0.0027387356734381494f,0.5623366607780398f,-0.8269038512861786f,0.6532095379143421f,0f,0f,0f,1f], start_interpolation: 0, interpolation_duration: 1 }