# This file was generated by Animated Java via MC-Build. It is not recommended to edit this file directly.
$data merge entity $(bone_neck_spine5) { transformation: [-1.57136003423155f,-0.016882826919062375f,0.05061431153029653f,0.12629488326242838f,0f,1.4914814194978079f,0.49749610134095246f,4.413574295875417f,-0.05335577172588664f,0.4972095544181228f,-1.4906223586728833f,-0.300920275740579f,0f,0f,0f,1f], start_interpolation: 0, interpolation_duration: 1 }
$data merge entity $(bone_neck_spine2) { transformation: [-1.4965333659348088f,-0.014879327276152064f,0.04858777570200655f,-0.053680636919198346f,0f,1.431764307035814f,0.438457809580675f,5.471280995554935f,-0.05081502069132059f,0.43820526742851074f,-1.4309396419674996f,1.690120926260879f,0f,0f,0f,1f], start_interpolation: 0, interpolation_duration: 1 }
$data merge entity $(bone_scale_neck_left1) { transformation: [-1.5960997355209274f,0.3830769457763518f,0.13701375377077907f,0.7420553398810734f,0.3878438720263772f,1.2651523722808515f,0.9808270421850094f,4.618945355874932f,0.12287329262001942f,0.9826986360855849f,-1.3161537240892187f,1.4206446634172407f,0f,0f,0f,1f], start_interpolation: 0, interpolation_duration: 1 }
$data merge entity $(bone_scale_neck_right1) { transformation: [-1.5840887662105019f,-0.44885313669528554f,-0.04742070520528376f,-0.8293046943504758f,-0.3878438720263772f,1.2651523722808515f,0.9808270421850094f,4.618945355874932f,-0.23085708248817127f,0.954450322137622f,-1.322416224520144f,1.3672888916913541f,0f,0f,0f,1f], start_interpolation: 0, interpolation_duration: 1 }
$data merge entity $(bone_blush_right1) { transformation: [-0.9994240217721159f,-0.01870390464122975f,0.02831587286348712f,-0.7432751286123842f,0f,0.8344003301807987f,0.5511588600341777f,3.763411981767301f,-0.03393559642689932f,0.5508414045306926f,-0.8339197337572752f,2.473948141061714f,0f,0f,0f,1f], start_interpolation: 0, interpolation_duration: 1 }
$data merge entity $(bone_blush_left1) { transformation: [-0.9994240217721159f,-0.01870390464122975f,0.02831587286348712f,0.5811569002399217f,0f,0.8344003301807987f,0.5511588600341777f,3.763411981767301f,-0.03393559642689932f,0.5508414045306926f,-0.8339197337572752f,2.5189194343735326f,0f,0f,0f,1f], start_interpolation: 0, interpolation_duration: 1 }
$data merge entity $(bone_left_head_scales) { transformation: [-0.8995747492776685f,-0.01870390464122975f,-0.43636617010624457f,0.5898574337932554f,-0.2544968392929837f,0.8344003301807987f,0.4888838796524748f,4.589149958304317f,0.3549600389507267f,0.5508414045306926f,-0.7553655524332261f,2.5936181808660117f,0f,0f,0f,1f], start_interpolation: 0, interpolation_duration: 1 }
$data merge entity $(bone_left_head_scales2) { transformation: [-0.8349215479953628f,-0.01870390464122975f,-0.5500510636697278f,0.6018917152395248f,-0.31613173480170864f,0.8344003301807987f,0.45148290692498694f,3.7466468263490134f,0.45051829590405024f,0.5508414045306926f,-0.702571713144192f,2.2392012491325084f,0f,0f,0f,1f], start_interpolation: 0, interpolation_duration: 1 }
$data merge entity $(bone_left_head_scales1) { transformation: [-0.9994240217721159f,-0.01870390464122975f,0.02831587286348712f,0.5919579699590185f,0f,0.8344003301807987f,0.5511588600341777f,4.495442889973465f,-0.03393559642689932f,0.5508414045306926f,-0.8339197337572752f,2.531756109068131f,0f,0f,0f,1f], start_interpolation: 0, interpolation_duration: 1 }
$data merge entity $(bone_right_head_scales) { transformation: [-0.873425119223159f,-0.01870390464122975f,0.48659914206786514f,-0.7570225955480727f,0.2544968392929837f,0.8344003301807987f,0.4888838796524748f,4.589149958304317f,-0.4151625222727744f,0.5508414045306926f,-0.724026123254377f,2.547884662243823f,0f,0f,0f,1f], start_interpolation: 0, interpolation_duration: 1 }
$data merge entity $(bone_right_head_scales2) { transformation: [-0.8024389130969464f,-0.01870390464122975f,0.5964410739536332f,-0.7449883141018033f,0.31613173480170864f,0.8344003301807987f,0.45148290692498694f,3.7466468263490134f,-0.5061151222785718f,0.5508414045306926f,-0.6636423962162157f,2.19346773051032f,0f,0f,0f,1f], start_interpolation: 0, interpolation_duration: 1 }
$data merge entity $(bone_right_head_scales1) { transformation: [-0.9994240217721159f,-0.01870390464122975f,0.02831587286348712f,-0.7549220593823096f,0f,0.8344003301807987f,0.5511588600341777f,4.495442889973465f,-0.03393559642689932f,0.5508414045306926f,-0.8339197337572752f,2.4860225904459425f,0f,0f,0f,1f], start_interpolation: 0, interpolation_duration: 1 }
$data merge entity $(bone_head_left_fin1) { transformation: [-0.7518485904693303f,0.013070214676606373f,-0.730224667155775f,0.6022199676228155f,-0.16855944741925227f,1.0166100253160653f,0.19174714375384938f,4.1904647781769215f,0.7106240973399166f,0.2549674958506487f,-0.7271039584300529f,2.229534016149843f,0f,0f,0f,1f], start_interpolation: 0, interpolation_duration: 1 }
$data merge entity $(bone_head_right_fin1) { transformation: [-0.7019137704413165f,-0.030335091521367243f,0.7778637664221281f,-0.7446600617185126f,0.16855944741925227f,1.0166100253160653f,0.19174714375384938f,4.1904647781769215f,-0.7599868219750556f,0.2534936620005189f,-0.6758965836390917f,2.1838004975276544f,0f,0f,0f,1f], start_interpolation: 0, interpolation_duration: 1 }
$data merge entity $(bone_right_whisker16) { transformation: [0.26059673780138537f,0.9283589647892858f,-0.2650263623540904f,-1.2628763504989509f,0.9647095706182173f,-0.26112665164377974f,0.03388681393880305f,1.4642420997514254f,-0.03774631909062039f,-0.2645042613960572f,-0.9636455318728125f,1.9169668401061044f,0f,0f,0f,1f], start_interpolation: 0, interpolation_duration: 1 }
$data merge entity $(bone_right_whisker15) { transformation: [-0.8864020252604656f,0.3795424572712559f,-0.2650263623540904f,-0.9642350431602198f,0.3848125437910111f,0.9223724789813321f,0.03388681393880305f,1.3345933423218366f,0.2573145074713743f,-0.0719481281641762f,-0.9636455318728125f,1.830273964053737f,0f,0f,0f,1f], start_interpolation: 0, interpolation_duration: 1 }
$data merge entity $(bone_right_whisker14) { transformation: [-0.7185919676549777f,-0.6429514843898456f,-0.2650263623540904f,-0.722131304057713f,-0.6733245518961063f,0.7385700587317255f,0.03388681393880305f,1.5614458524821455f,0.1739529586861202f,0.2027995489785656f,-0.9636455318728125f,1.7716667660589018f,0f,0f,0f,1f], start_interpolation: 0, interpolation_duration: 1 }
$data merge entity $(bone_right_whisker13) { transformation: [-0.08632134725873757f,-0.9955920564307705f,-0.03667536202119892f,-0.6930484282722985f,-0.9691189309852641f,0.07537686283583547f,0.23479102656406284f,1.887955648566048f,-0.2309916072358805f,0.05581026537275378f,-0.9713537417777356f,1.8494910868561467f,0f,0f,0f,1f], start_interpolation: 0, interpolation_duration: 1 }
$data merge entity $(bone_right_whisker12) { transformation: [0.08207048396947005f,-0.9964794280382396f,-0.017122650425676483f,-0.7299160284929589f,-0.8948158612381839f,-0.08124050665820476f,0.4389812690246423f,2.2899237112316384f,-0.4388268566730895f,-0.020705786015052487f,-0.8983330453055343f,2.0466203388772612f,0f,0f,0f,1f], start_interpolation: 0, interpolation_duration: 1 }
$data merge entity $(bone_right_whisker11) { transformation: [0.29712110647543355f,-0.9548033011112398f,0.008348908545038114f,-0.8633884005424701f,-0.9444635647736972f,-0.2925955180735838f,0.14958755836703608f,2.714194453219823f,-0.140383841312932f,-0.05233086078338859f,-0.9887132335049913f,2.109683392592055f,0f,0f,0f,1f], start_interpolation: 0, interpolation_duration: 1 }
$data merge entity $(bone_right_whisker10) { transformation: [0.06705186915396458f,-0.9904134908918583f,0.12076905192292843f,-0.8935093573889776f,-0.9925371167450285f,-0.07856744889783482f,-0.09325892910146338f,3.1600607361326287f,0.10185341784361121f,-0.1136145810760639f,-0.988290244938442f,2.06392892754512f,0f,0f,0f,1f], start_interpolation: 0, interpolation_duration: 1 }
$data merge entity $(bone_right_whisker1) { transformation: [-0.3340952373631044f,-0.9381988279449304f,0.09035115723691794f,-0.7434275124797706f,-0.923996662985706f,0.3449350526381482f,0.16507566826397446f,3.5751373620832387f,-0.18603907966492095f,-0.028333173212283402f,-0.9821337445242131f,2.147501170363346f,0f,0f,0f,1f], start_interpolation: 0, interpolation_duration: 1 }
$data merge entity $(bone_left_whisker16) { transformation: [0.25743610640789333f,-0.9082788429034929f,0.329782041129343f,1.1373425625155391f,-0.9647095706182173f,-0.26112665164377974f,0.03388681393880305f,1.4642420997514254f,0.05533620401833472f,-0.3268675807344619f,-0.9434487210175451f,1.9984666425861803f,0f,0f,0f,1f], start_interpolation: 0, interpolation_duration: 1 }
$data merge entity $(bone_left_whisker15) { transformation: [-0.8669062367818402f,-0.3737878836684145f,0.329782041129343f,0.8452696604747825f,-0.3848125437910111f,0.9223724789813321f,0.03388681393880305f,1.3345933423218366f,-0.3168483592664463f,-0.09752757579536028f,-0.9434487210175451f,1.8917159746692624f,0f,0f,0f,1f], start_interpolation: 0, interpolation_duration: 1 }
$data merge entity $(bone_left_whisker14) { transformation: [-0.7051372765495458f,0.6277142873703397f,0.329782041129343f,0.6076989960122893f,0.6733245518961063f,0.7385700587317255f,0.03388681393880305f,1.5614458524821455f,-0.22229590422272022f,0.2459452007585469f,-0.9434487210175451f,1.8168213585004749f,0f,0f,0f,1f], start_interpolation: 0, interpolation_duration: 1 }
$data merge entity $(bone_left_whisker13) { transformation: [-0.10179117358893972f,0.9895132320834367f,0.10247985417230643f,0.5734041181917969f,0.9691189309852641f,0.07537686283583547f,0.23479102656406284f,1.887955648566048f,0.22460421764821148f,0.12321482086509922f,-0.9666287050019862f,1.892493677922968f,0f,0f,0f,1f], start_interpolation: 0, interpolation_duration: 1 }
$data merge entity $(bone_left_whisker12) { transformation: [0.05211490772105195f,0.9955888043422436f,0.07801903012475928f,0.5968151118946132f,0.8948158612381839f,-0.08124050665820476f,0.4389812690246423f,2.2899237112316384f,0.44338314229320164f,0.04693519730756476f,-0.8951024949043025f,2.091669698874992f,0f,0f,0f,1f], start_interpolation: 0, interpolation_duration: 1 }
$data merge entity $(bone_left_whisker11) { transformation: [0.2869142316263928f,0.9561538631807648f,0.05873681651856913f,0.7257023643830319f,0.9444635647736972f,-0.2925955180735838f,0.14958755836703608f,2.714194453219823f,0.16021485107566352f,0.012555983742840015f,-0.9870023043372558f,2.163641214006638f,0f,0f,0f,1f], start_interpolation: 0, interpolation_duration: 1 }
$data merge entity $(bone_left_whisker10) { transformation: [0.07380636325383955f,0.9958390372881946f,-0.05345308743341465f,0.7588575666259676f,0.9925371167450285f,-0.07856744889783482f,-0.09325892910146338f,3.1600607361326287f,-0.09707055489028552f,-0.046171070884354654f,-0.9942059844854507f,2.1200353006770176f,0f,0f,0f,1f], start_interpolation: 0, interpolation_duration: 1 }
$data merge entity $(bone_left_whisker1) { transformation: [-0.3459451542581651f,0.9379598207017973f,-0.02352286110036056f,0.6034525168615575f,0.923996662985706f,0.3449350526381482f,0.16507566826397446f,3.5751373620832387f,0.16294820353895967f,0.0353720823612409f,-0.9860003543370843f,2.1932346889855348f,0f,0f,0f,1f], start_interpolation: 0, interpolation_duration: 1 }
$data merge entity $(bone_upper_left_tooth1) { transformation: [-0.9994240217721159f,-0.01616483970624119f,0.029838275119733554f,0.20449403308479913f,0f,0.879261844830345f,0.47633875364653955f,3.4274736376319948f,-0.03393559642689932f,0.4760643928953418f,-0.8787554091511134f,3.1874149061786676f,0f,0f,0f,1f], start_interpolation: 0, interpolation_duration: 1 }
$data merge entity $(bone_upper_right_tooth1) { transformation: [-0.9994240217721159f,-0.01616483970624119f,0.029838275119733554f,-0.4689459815858648f,0f,0.879261844830345f,0.47633875364653955f,3.4274736376319948f,-0.03393559642689932f,0.4760643928953418f,-0.8787554091511134f,3.164548146867573f,0f,0f,0f,1f], start_interpolation: 0, interpolation_duration: 1 }
$data merge entity $(bone_top_lip1) { transformation: [-0.9994240217721159f,-0.00005597470535472458f,0.03393555026342939f,-0.10616254047011403f,0f,0.9999986396741243f,0.00164943926874217f,3.536093387017775f,-0.03393559642689932f,0.0016484892276353302f,-0.9994226622297583f,3.235745009518075f,0f,0f,0f,1f], start_interpolation: 0, interpolation_duration: 1 }
$data merge entity $(bone_muzzle1) { transformation: [-0.9994240217721159f,-0.01616483970624119f,0.029838275119733554f,-0.09213073056335604f,0f,0.879261844830345f,0.47633875364653955f,3.9516866014513634f,-0.03393559642689932f,0.4760643928953418f,-0.8787554091511134f,2.822499645760806f,0f,0f,0f,1f], start_interpolation: 0, interpolation_duration: 1 }
$data merge entity $(bone_jaw_right_tooth1) { transformation: [-0.9994240217721159f,0.003617036651080212f,0.03374228431381202f,-0.46853027334302744f,0f,0.9943035592875547f,-0.10658532726459324f,3.3138696549318207f,-0.03393559642689932f,-0.10652393643667682f,-0.9937308620854974f,3.1523052854569817f,0f,0f,0f,1f], start_interpolation: 0, interpolation_duration: 1 }
$data merge entity $(bone_jaw_left_tooth1) { transformation: [-0.9994240217721159f,0.003617036651080212f,0.03374228431381202f,0.26102974255019185f,0f,0.9943035592875547f,-0.10658532726459324f,3.3138696549318207f,-0.03393559642689932f,-0.10652393643667682f,-0.9937308620854974f,3.1770776080440006f,0f,0f,0f,1f], start_interpolation: 0, interpolation_duration: 1 }
$data merge entity $(bone_tongue1) { transformation: [-0.9994240217721159f,-0.00903448142204126f,0.0327108980354281f,-0.07706802370189089f,0f,0.963911098656853f,0.26622433000411316f,3.516877690939835f,-0.03393559642689932f,0.2660709905862978f,-0.9633559068504107f,2.3788937376493093f,0f,0f,0f,1f], start_interpolation: 0, interpolation_duration: 1 }
$data merge entity $(bone_jaw_lips1) { transformation: [-0.9994240217721159f,-0.00903448142204126f,0.0327108980354281f,-0.0491699163750563f,0f,0.963911098656853f,0.26622433000411316f,3.1532026209380106f,-0.03393559642689932f,0.2660709905862978f,-0.9633559068504107f,3.21195129673721f,0f,0f,0f,1f], start_interpolation: 0, interpolation_duration: 1 }
$data merge entity $(bone_jaw3) { transformation: [-0.9994240217721159f,-0.002297200444499801f,0.03385775501959887f,-0.018557348990545758f,0f,0.9977062018795476f,0.0676929444705116f,3.1299848297708985f,-0.03393559642689932f,0.06765395480831532f,-0.99713154482944f,2.310392507926706f,0f,0f,0f,1f], start_interpolation: 0, interpolation_duration: 1 }
$data merge entity $(bone_jaw1) { transformation: [-0.9994240217721159f,-0.025565414182161787f,0.022316682158060663f,0.0014927951358368746f,0f,0.6576186809073195f,0.7533509610544858f,3.8068235838432884f,-0.03393559642689932f,0.7529170473029629f,-0.6572399068648669f,1.7199035291028018f,0f,0f,0f,1f], start_interpolation: 0, interpolation_duration: 1 }
$data merge entity $(bone_tear_right1) { transformation: [-0.9994240217721159f,-0.01870390464122975f,0.02831587286348712f,-0.6973690086979011f,0f,0.8344003301807987f,0.5511588600341777f,4.035678769740186f,-0.03393559642689932f,0.5508414045306926f,-0.8339197337572752f,2.776658741219945f,0f,0f,0f,1f], start_interpolation: 0, interpolation_duration: 1 }
$data merge entity $(bone_right_pupil1) { transformation: [-0.9994240217721159f,-0.01870390464122975f,0.02831587286348712f,-0.5161819031491734f,0f,0.8344003301807987f,0.5511588600341777f,4.0922472039476405f,-0.03393559642689932f,0.5508414045306926f,-0.8339197337572752f,2.901001016692588f,0f,0f,0f,1f], start_interpolation: 0, interpolation_duration: 1 }
$data merge entity $(bone_right_sad_pupil1) { transformation: [-0.9994240217721159f,-0.01870390464122975f,0.02831587286348712f,-0.5158639026238512f,0f,0.8344003301807987f,0.5511588600341777f,4.09843697630154f,-0.03393559642689932f,0.5508414045306926f,-0.8339197337572752f,2.8916357071826186f,0f,0f,0f,1f], start_interpolation: 0, interpolation_duration: 1 }
$data merge entity $(bone_right_happy_pupil1) { transformation: [-0.9994240217721159f,-0.01870390464122975f,0.02831587286348712f,-0.5433984167473959f,0f,0.8344003301807987f,0.5511588600341777f,4.075010509081445f,-0.03393559642689932f,0.5508414045306926f,-0.8339197337572752f,2.875217617749421f,0f,0f,0f,1f], start_interpolation: 0, interpolation_duration: 1 }
$data merge entity $(bone_eyelid_right1) { transformation: [-0.9994240217721159f,-0.01870390464122975f,0.02831587286348712f,-0.06678923969316744f,0f,0.8344003301807987f,0.5511588600341777f,4.361072059831087f,-0.03393559642689932f,0.5508414045306926f,-0.8339197337572752f,2.407112045205432f,0f,0f,0f,1f], start_interpolation: 0, interpolation_duration: 1 }
$data merge entity $(bone_eyelid_expressions_right5) { transformation: [-0.9994240217721159f,-0.01870390464122975f,0.02831587286348712f,-0.6470400824334838f,0f,0.8344003301807987f,0.5511588600341777f,4.192144044632391f,-0.03393559642689932f,0.5508414045306926f,-0.8339197337572752f,2.9491149956414775f,0f,0f,0f,1f], start_interpolation: 0, interpolation_duration: 1 }
$data merge entity $(bone_eyelid_expressions_right7) { transformation: [-0.9994240217721159f,-0.01870390464122975f,0.02831587286348712f,-0.3103200750981517f,0f,0.8344003301807987f,0.5511588600341777f,4.192144044632391f,-0.03393559642689932f,0.5508414045306926f,-0.8339197337572752f,2.960548375297025f,0f,0f,0f,1f], start_interpolation: 0, interpolation_duration: 1 }
$data merge entity $(bone_eyelid_expressions_right6) { transformation: [-0.9994240217721159f,-0.01870390464122975f,0.02831587286348712f,-0.42256007754326236f,0f,0.8344003301807987f,0.5511588600341777f,4.192144044632391f,-0.03393559642689932f,0.5508414045306926f,-0.8339197337572752f,2.956737248745176f,0f,0f,0f,1f], start_interpolation: 0, interpolation_duration: 1 }
$data merge entity $(bone_right_eye1) { transformation: [-0.9994240217721159f,-0.01870390464122975f,0.02831587286348712f,-0.07833124046300087f,0f,0.8344003301807987f,0.5511588600341777f,4.354882287477188f,-0.03393559642689932f,0.5508414045306926f,-0.8339197337572752f,2.4160962420602163f,0f,0f,0f,1f], start_interpolation: 0, interpolation_duration: 1 }
$data merge entity $(bone_tear_left1) { transformation: [-0.9994240217721159f,-0.01870390464122975f,0.02831587286348712f,0.5148230177092942f,0f,0.8344003301807987f,0.5511588600341777f,4.035678769740186f,-0.03393559642689932f,0.5508414045306926f,-0.8339197337572752f,2.8178189079799147f,0f,0f,0f,1f], start_interpolation: 0, interpolation_duration: 1 }
$data merge entity $(bone_left_sad_pupil1) { transformation: [-0.9994240217721159f,-0.01870390464122975f,0.02831587286348712f,0.3259361157144788f,0f,0.8344003301807987f,0.5511588600341777f,4.09843697630154f,-0.03393559642689932f,0.5508414045306926f,-0.8339197337572752f,2.9202191563214868f,0f,0f,0f,1f], start_interpolation: 0, interpolation_duration: 1 }
$data merge entity $(bone_left_pupil1) { transformation: [-0.9994240217721159f,-0.01870390464122975f,0.02831587286348712f,0.32561811518915645f,0f,0.8344003301807987f,0.5511588600341777f,4.0922472039476405f,-0.03393559642689932f,0.5508414045306926f,-0.8339197337572752f,2.929584465831456f,0f,0f,0f,1f], start_interpolation: 0, interpolation_duration: 1 }
$data merge entity $(bone_eyelid_left1) { transformation: [-0.9994240217721159f,-0.01870390464122975f,0.02831587286348712f,-0.08923724018218958f,0f,0.8344003301807987f,0.5511588600341777f,4.361072059831087f,-0.03393559642689932f,0.5508414045306926f,-0.8339197337572752f,2.406349819895062f,0f,0f,0f,1f], start_interpolation: 0, interpolation_duration: 1 }
$data merge entity $(bone_left_happy_pupil1) { transformation: [-0.9994240217721159f,-0.01870390464122975f,0.02831587286348712f,0.35452160281348927f,0f,0.8344003301807987f,0.5511588600341777f,4.075010509081445f,-0.03393559642689932f,0.5508414045306926f,-0.8339197337572752f,2.9057066301642136f,0f,0f,0f,1f], start_interpolation: 0, interpolation_duration: 1 }
$data merge entity $(bone_eyelid_expressions_left5) { transformation: [-0.9994240217721159f,-0.01870390464122975f,0.02831587286348712f,0.4529119415286007f,0f,0.8344003301807987f,0.5511588600341777f,4.192144044632391f,-0.03393559642689932f,0.5508414045306926f,-0.8339197337572752f,2.9864640358495986f,0f,0f,0f,1f], start_interpolation: 0, interpolation_duration: 1 }
$data merge entity $(bone_eyelid_expressions_left7) { transformation: [-0.9994240217721159f,-0.01870390464122975f,0.02831587286348712f,0.1161919341932688f,0f,0.8344003301807987f,0.5511588600341777f,4.192144044632391f,-0.03393559642689932f,0.5508414045306926f,-0.8339197337572752f,2.9750306561940514f,0f,0f,0f,1f], start_interpolation: 0, interpolation_duration: 1 }
$data merge entity $(bone_eyelid_expressions_left6) { transformation: [-0.9994240217721159f,-0.01870390464122975f,0.02831587286348712f,0.2284319366383795f,0f,0.8344003301807987f,0.5511588600341777f,4.192144044632391f,-0.03393559642689932f,0.5508414045306926f,-0.8339197337572752f,2.9788417827459006f,0f,0f,0f,1f], start_interpolation: 0, interpolation_duration: 1 }
$data merge entity $(bone_left_eye1) { transformation: [-0.9994240217721159f,-0.01870390464122975f,0.02831587286348712f,-0.07833124046300087f,0f,0.8344003301807987f,0.5511588600341777f,4.354882287477188f,-0.03393559642689932f,0.5508414045306926f,-0.8339197337572752f,2.4160962420602163f,0f,0f,0f,1f], start_interpolation: 0, interpolation_duration: 1 }
$data merge entity $(bone_crest_middle5) { transformation: [-0.9994240217721159f,-0.01213187082789104f,0.03169293951442101f,-0.1177489337810542f,0f,0.9339143215794301f,0.3574969090059843f,5.248347398201247f,-0.03393559642689932f,0.35729099856986096f,-0.9333764072634912f,3.576971362371405f,0f,0f,0f,1f], start_interpolation: 0, interpolation_duration: 1 }
$data merge entity $(bone_crest_middle4) { transformation: [-0.9994240217721159f,-0.01213187082789104f,0.03169293951442101f,-0.10957413800835418f,0f,0.9339143215794301f,0.3574969090059843f,4.619049661980733f,-0.03393559642689932f,0.35729099856986096f,-0.9333764072634912f,3.336218638725698f,0f,0f,0f,1f], start_interpolation: 0, interpolation_duration: 1 }
$data merge entity $(bone_crest_middle1) { transformation: [-0.9994240217721159f,-0.01213187082789104f,0.03169293951442101f,-0.1061125018195719f,0f,0.9339143215794301f,0.3574969090059843f,4.116964797353796f,-0.03393559642689932f,0.35729099856986096f,-0.9333764072634912f,3.2342713407267634f,0f,0f,0f,1f], start_interpolation: 0, interpolation_duration: 1 }
$data merge entity $(bone_crest_left5) { transformation: [-0.5212154222928522f,-0.8419621576882851f,0.1394066303479543f,-1.2124209381846334f,-0.7037261008579331f,0.5164281727563304f,0.4879257293429485f,4.658776539150291f,-0.4828085112499304f,0.1562103306585238f,-0.8616810744470258f,3.2686542696728416f,0f,0f,0f,1f], start_interpolation: 0, interpolation_duration: 1 }
$data merge entity $(bone_crest_left4) { transformation: [-0.5212154222928522f,-0.8419621576882851f,0.1394066303479543f,-0.7396394531545905f,-0.7037261008579331f,0.5164281727563304f,0.4879257293429485f,4.368790016362313f,-0.4828085112499304f,0.1562103306585238f,-0.8616810744470258f,3.1809385078284556f,0f,0f,0f,1f], start_interpolation: 0, interpolation_duration: 1 }
$data merge entity $(bone_crest_left1) { transformation: [-0.5212154222928522f,-0.8419621576882851f,0.1394066303479543f,-0.21175181059321657f,-0.7037261008579331f,0.5164281727563304f,0.4879257293429485f,4.077203014574072f,-0.4828085112499304f,0.1562103306585238f,-0.8616810744470258f,3.0360657579044124f,0f,0f,0f,1f], start_interpolation: 0, interpolation_duration: 1 }
$data merge entity $(bone_crest_center1) { transformation: [-0.9994240217721159f,-0.01870390464122975f,0.02831587286348712f,-0.09898668082838086f,0f,0.8344003301807987f,0.5511588600341777f,4.053776547353977f,-0.03393559642689932f,0.5508414045306926f,-0.8339197337572752f,3.024411564465421f,0f,0f,0f,1f], start_interpolation: 0, interpolation_duration: 1 }
$data merge entity $(bone_crest_right5) { transformation: [-0.5527648486482784f,0.8294268339934198f,-0.0806359048470213f,0.9953155639998928f,0.7037261008579331f,0.5164281727563304f,0.4879257293429485f,4.658776539150291f,0.4463413459115526f,0.21296260102471026f,-0.8691526525844894f,3.343618302278565f,0f,0f,0f,1f], start_interpolation: 0, interpolation_duration: 1 }
$data merge entity $(bone_crest_right4) { transformation: [-0.5527648486482784f,0.8294268339934198f,-0.0806359048470213f,0.5295729570211659f,0.7037261008579331f,0.5164281727563304f,0.4879257293429485f,4.368790016362313f,0.4463413459115526f,0.21296260102471026f,-0.8691526525844894f,3.2240348104922285f,0f,0f,0f,1f], start_interpolation: 0, interpolation_duration: 1 }
$data merge entity $(bone_crest_right1) { transformation: [-0.5527648486482784f,0.8294268339934198f,-0.0806359048470213f,0.012728194297004742f,0.7037261008579331f,0.5164281727563304f,0.4879257293429485f,4.077203014574072f,0.4463413459115526f,0.21296260102471026f,-0.8691526525844894f,3.0436880110081104f,0f,0f,0f,1f], start_interpolation: 0, interpolation_duration: 1 }
$data merge entity $(bone_head1) { transformation: [-1.0475733561543656f,-0.019605004213788985f,0.029680049030087398f,-0.059790943487389246f,0f,0.8745993044212795f,0.577712086363949f,4.648466232776232f,-0.0355705144839244f,0.5773793367802179f,-0.8740955542638102f,1.8700731831129591f,0f,0f,0f,1f], start_interpolation: 0, interpolation_duration: 1 }
$data merge entity $(bone_neck10) { transformation: [-1.4965333659348088f,-0.021094009919465f,0.046229958613185594f,-0.020523894999655012f,0f,1.3622851365753823f,0.6215894853919425f,4.6826632001453765f,-0.05081502069132059f,0.621231463381675f,-1.3615004899965448f,0.7136346449759187f,0f,0f,0f,1f], start_interpolation: 0, interpolation_duration: 1 }
$data merge entity $(bone_neck9) { transformation: [-1.1448480249401294f,-0.0214254688907837f,0.032436053582881264f,0.005193072528653566f,0f,0.955812096974685f,0.6313567800977451f,3.4335224500748103f,-0.038873490828860276f,0.6309931323383817f,-0.9552615700168793f,-0.04374574084668159f,0f,0f,0f,1f], start_interpolation: 0, interpolation_duration: 1 }
$data merge entity $(bone_neck8) { transformation: [-1.0625386898137144f,0.005677185551263062f,0.03562919603485916f,-0.00016430125754028288f,0f,1.0499062867985252f,-0.16729293570815215f,2.655432280606679f,-0.03607866469083763f,-0.16719657861950546f,-1.0493015636360103f,0.11403218614711802f,0f,0f,0f,1f], start_interpolation: 0, interpolation_duration: 1 }
$data merge entity $(bone_neck7) { transformation: [-1.0550560229840402f,0.016331663493772394f,0.03188538829355024f,-0.015614554307698527f,0f,0.9395853219269202f,-0.4812546474305362f,1.815440835651107f,-0.03582458958738102f,-0.48097745523154817f,-0.9390441412382508f,0.5690515659905895f,0f,0f,0f,1f], start_interpolation: 0, interpolation_duration: 1 }
$data merge entity $(bone_neck6) { transformation: [-1.049069889520301f,0.011636088520106273f,0.03366720302651615f,-0.025610487474184554f,0f,0.9920910952320725f,-0.34288740276516366f,0.9358672030554569f,-0.03562132950461573f,-0.34268990708655517f,-0.991519672361141f,0.8634378971144461f,0f,0f,0f,1f], start_interpolation: 0, interpolation_duration: 1 }
$data merge entity $(bone_neck_spine6) { transformation: [-1.268736295710441f,0.09575250350642422f,0.033541594117012095f,0.09730207729834084f,0.03051088392802347f,-0.04121416130840164f,1.2717530606946799f,0.1399442242904202f,0.09676087238956066f,1.2685102362600813f,0.038787660338229744f,-1.7320254232343633f,0f,0f,0f,1f], start_interpolation: 0, interpolation_duration: 1 }
$data merge entity $(bone_neck_spine7) { transformation: [-0.9617864276677723f,0.2623579544173804f,-0.07832733436031647f,-0.48832686786978313f,-0.005531753740921912f,0.26739636161649694f,0.9635707475296298f,0.23772955784409544f,0.27374489448136724f,0.9271825545965517f,-0.25572689181468156f,-5.335486537304521f,0f,0f,0f,1f], start_interpolation: 0, interpolation_duration: 1 }
$data merge entity $(bone_tail6) { transformation: [-1.634753088823457f,0.5411769353035566f,-0.0034352299406463518f,-1.6901588891708543f,-0.04768752488304198f,-0.13315761975013723f,1.7161867281272556f,0.4918443143244067f,0.539082717289123f,1.6293245565341046f,0.14139749263069587f,-8.909951776053106f,0f,0f,0f,1f], start_interpolation: 0, interpolation_duration: 1 }
$data merge entity $(bone_tail5) { transformation: [-1.3504482038106818f,0.4470592074246772f,-0.002837798646620899f,-1.4078057055342161f,-0.03939404229468685f,-0.10999977283706988f,1.4177194710616459f,0.42237077358520464f,0.44532920123884073f,1.3459637640933906f,0.11680662434709657f,-8.059869398730964f,0f,0f,0f,1f], start_interpolation: 0, interpolation_duration: 1 }
$data merge entity $(bone_tail4) { transformation: [-0.9950670975447128f,0.3294120475760779f,-0.0020910095290890833f,-1.2666291137158971f,-0.02902718905924294f,-0.08105246419573568f,1.0446353997296336f,0.38763400321560365f,0.32813730617598785f,0.9917627735424983f,0.08606803899259746f,-7.634828210069893f,0f,0f,0f,1f], start_interpolation: 0, interpolation_duration: 1 }
$data merge entity $(bone_segment18) { transformation: [-0.9493310943035272f,0.30798040259624043f,0.0625982827649883f,-1.0936908993674224f,-0.027693020121116248f,-0.2803821348126497f,0.9594889030700005f,0.2301928630620162f,0.31305521881137727f,0.9091391148193764f,0.2747043863508588f,-7.12432528915081f,0f,0f,0f,1f], start_interpolation: 0, interpolation_duration: 1 }
$data merge entity $(bone_segment17) { transformation: [-0.9463366662976678f,0.29801652696587727f,0.12503225054286393f,-0.876144655317624f,-0.003232622730828639f,-0.39558744803768253f,0.9184226266296547f,-0.0585782476881479f,0.32316631038970806f,0.8687328246418636f,0.37532228180441474f,-6.49016729460023f,0f,0f,0f,1f], start_interpolation: 0, interpolation_duration: 1 }
$data merge entity $(bone_segment16) { transformation: [-0.9428803058820634f,0.3294185632717572f,0.049599787819285965f,-0.5616850404756875f,-0.004967238502707709f,-0.16277520926944639f,0.9866506766778936f,-0.2139618092710424f,0.3330946642043432f,0.9300471178490151f,0.15511383967698253f,-5.6023537616926f,0f,0f,0f,1f], start_interpolation: 0, interpolation_duration: 1 }
$data merge entity $(bone_segment15) { transformation: [-0.9617864276677723f,0.27369092978868087f,-0.007755159925651747f,-0.2389489098899138f,-0.005531753740921912f,0.008894590776764424f,0.999945141473003f,-0.20347331477598085f,0.27374489448136724f,0.961776565115995f,-0.0070407058640361425f,-4.468227587495759f,0f,0f,0f,1f], start_interpolation: 0, interpolation_duration: 1 }
$data merge entity $(bone_segment14) { transformation: [-1.0320232637067188f,0.18239140922109412f,0.018345436371146478f,-0.03375857451618293f,0.0031119581924240395f,-0.08745216344346013f,1.0445178949402636f,-0.3018569986498735f,0.18328528830627133f,1.028474934539765f,0.08556290165185643f,-3.3111932861385234f,0f,0f,0f,1f], start_interpolation: 0, interpolation_duration: 1 }
$data merge entity $(bone_segment13) { transformation: [-1.0224521912490026f,0.07129912849807021f,0.04001952909164116f,0.051017227593491005f,0.02458818293023068f,-0.21067829942391955f,1.0035455581263977f,-0.5830625977574204f,0.07797787951394006f,1.0013114901220543f,0.20829873230350784f,-2.11093572685137f,0f,0f,0f,1f], start_interpolation: 0, interpolation_duration: 1 }
$data merge entity $(bone_segment12) { transformation: [-1.115419094291266f,-0.009019957781019834f,0.015256658997198424f,0.04012063430098382f,0.01391894083604372f,0.14868013349655393f,1.1055199510552158f,-0.40344901366762376f,-0.010972163329575913f,1.1055707754172737f,-0.14854882485833948f,-0.7753468706425829f,0f,0f,0f,1f], start_interpolation: 0, interpolation_duration: 1 }
$data merge entity $(bone_segment11) { transformation: [-1.189472184942595f,-0.04384015995091554f,0.018889216625207893f,-0.006244959044849469f,-0.009987351060465272f,0.6891745488220383f,0.9705985446908946f,0.3930390078562569f,-0.04667992018021144f,0.9696593847907446f,-0.6889880285030727f,0.345419053978557f,0f,0f,0f,1f], start_interpolation: 0, interpolation_duration: 1 }
$data merge entity $(bone_segment10) { transformation: [-1.047573356154366f,-0.01895083063274637f,0.03010195207922633f,-0.027418614691498255f,0f,0.8870317674854769f,0.5584351721522962f,1.301075493660894f,-0.03557051448392441f,0.5581135256514517f,-0.8865208564999635f,0.9166883469568683f,0f,0f,0f,1f], start_interpolation: 0, interpolation_duration: 1 }