# This file was generated by Animated Java via MC-Build. It is not recommended to edit this file directly.
$data merge entity $(bone_neck_spine5) { transformation: [-1.3663750256766398f,-0.01481144567727056f,0.0447389141616317f,0.11086191968279607f,0f,1.2979088384389035f,0.4296909438869137f,3.8285647171724406f,-0.04712694943885703f,0.42943559276726956f,-1.2971375341333171f,-0.29268328852295333f,0f,0f,0f,1f], start_interpolation: 0, interpolation_duration: 1 }
$data merge entity $(bone_neck_spine2) { transformation: [-1.3013095482634662f,-0.01276694163048901f,0.043028731612511445f,-0.04633850064325765f,0f,1.248295183582909f,0.3703783762426683f,4.757694238017303f,-0.04488280898938763f,0.3701582726207252f,-1.2475533630318614f,1.4320267771682096f,0f,0f,0f,1f], start_interpolation: 0, interpolation_duration: 1 }
$data merge entity $(bone_scale_neck_left1) { transformation: [-1.387868002978438f,0.33298575563804905f,0.12000962983684615f,0.6455075360128862f,0.33858680115899176f,1.1074514243492701f,0.84283434860622f,4.0143103973998695f,0.10315426696138547f,0.8450628660944149f,-1.151819155926281f,1.2045493751754561f,0f,0f,0f,1f], start_interpolation: 0, interpolation_duration: 1 }
$data merge entity $(bone_scale_neck_right1) { transformation: [-1.3774626984828957f,-0.39041846938683705f,-0.040365225784523374f,-0.7208674896637534f,-0.33858680115899176f,1.1074514243492701f,0.84283434860622f,4.0143103973998695f,-0.19853188855173257f,0.8201122971100903f,-1.15735056390001f,1.1574224257365993f,0f,0f,0f,1f], start_interpolation: 0, interpolation_duration: 1 }
$data merge entity $(bone_blush_right1) { transformation: [-0.9994057330663421f,-0.018933789949506098f,0.02880438008837176f,-0.6466250130422632f,0f,0.8356362733209385f,0.5492831862621446f,3.275211728682441f,-0.034469997303849705f,0.5489567654273346f,-0.8351396823151389f,2.121261150021285f,0f,0f,0f,1f], start_interpolation: 0, interpolation_duration: 1 }
$data merge entity $(bone_blush_left1) { transformation: [-0.9994057330663421f,-0.018933789949506098f,0.02880438008837176f,0.5050339371709044f,0f,0.8356362733209385f,0.5492831862621446f,3.275211728682441f,-0.034469997303849705f,0.5489567654273346f,-0.8351396823151389f,2.1609824359768925f,0f,0f,0f,1f], start_interpolation: 0, interpolation_duration: 1 }
$data merge entity $(bone_left_head_scales) { transformation: [-0.899784094531168f,-0.018933789949506098f,-0.4359244141211571f,0.512620486872481f,-0.2536307495298661f,0.8356362733209385f,0.4872201366971732f,3.9933881865441214f,0.35504932913842335f,0.5489567654273346f,-0.7566944188838147f,2.224329807744966f,0f,0f,0f,1f], start_interpolation: 0, interpolation_duration: 1 }
$data merge entity $(bone_left_head_scales2) { transformation: [-0.8351867629978218f,-0.018933789949506098f,-0.5496404120071304f,0.523193118656025f,-0.31505589252378874f,0.8356362733209385f,0.4499464449202068f,3.2600859437745195f,0.45078027407957755f,0.5489567654273346f,-0.7038775562498775f,1.9177922491564927f,0f,0f,0f,1f], start_interpolation: 0, interpolation_duration: 1 }
$data merge entity $(bone_left_head_scales1) { transformation: [-0.9994057330663421f,-0.018933789949506098f,0.02880438008837176f,0.5144694897972374f,0f,0.8356362733209385f,0.5492831862621446f,3.9117830817276236f,-0.034469997303849705f,0.5489567654273346f,-0.8351396823151389f,2.170720748621203f,0f,0f,0f,1f], start_interpolation: 0, interpolation_duration: 1 }
$data merge entity $(bone_right_head_scales) { transformation: [-0.873183329409367f,-0.018933789949506098f,0.4870240084838947f,-0.6585581065646385f,0.2536307495298661f,0.8356362733209385f,0.4872201366971732f,3.9933881865441214f,-0.41619985119470093f,0.5489567654273346f,-0.7248614719772788f,2.1839352796545173f,0f,0f,0f,1f], start_interpolation: 0, interpolation_duration: 1 }
$data merge entity $(bone_right_head_scales2) { transformation: [-0.8021437356330432f,-0.018933789949506098f,0.5968307456748642f,-0.6479854747810945f,0.31505589252378874f,0.8356362733209385f,0.4499464449202068f,3.2600859437745195f,-0.5072526115957466f,0.5489567654273346f,-0.6643351998207329f,1.877397721066044f,0f,0f,0f,1f], start_interpolation: 0, interpolation_duration: 1 }
$data merge entity $(bone_right_head_scales1) { transformation: [-0.9994057330663421f,-0.018933789949506098f,0.02880438008837176f,-0.6567091036398821f,0f,0.8356362733209385f,0.5492831862621446f,3.9117830817276236f,-0.034469997303849705f,0.5489567654273346f,-0.8351396823151389f,2.1303262205307543f,0f,0f,0f,1f], start_interpolation: 0, interpolation_duration: 1 }
$data merge entity $(bone_head_left_fin1) { transformation: [-0.7176663778998967f,0.01241451976111486f,-0.6962764176181351f,0.5235129316541499f,-0.1592349068500114f,0.9704265384135722f,0.18142926440659968f,3.645994730269906f,0.6779374709163899f,0.24107719353301027f,-0.6944656739434547f,1.9085197522364155f,0f,0f,0f,1f], start_interpolation: 0, interpolation_duration: 1 }
$data merge entity $(bone_head_right_fin1) { transformation: [-0.6692517118687668f,-0.028995002163918364f,0.7424698216158283f,-0.6476656617829696f,0.1592349068500114f,0.9704265384135722f,0.18142926440659968f,3.645994730269906f,-0.7257729607812582f,0.23964895867114877f,-0.6448426056074774f,1.8681252241459665f,0f,0f,0f,1f], start_interpolation: 0, interpolation_duration: 1 }
$data merge entity $(bone_right_whisker16) { transformation: [0.2606915761870371f,0.9284800216993004f,-0.2645085091455174f,-1.0983479614724678f,0.9646025325950076f,-0.26179056422666735f,0.03174357562059807f,1.274885746461619f,-0.03977255607093359f,-0.2634208605770419f,-0.9638607752141567f,1.6411774742584566f,0f,0f,0f,1f], start_interpolation: 0, interpolation_duration: 1 }
$data merge entity $(bone_right_whisker15) { transformation: [-0.886509667618478f,0.37965228539887746f,-0.2645085091455174f,-0.8386283322873669f,0.3854568052441241f,0.922179698701838f,0.03174357562059807f,1.1619589480502546f,0.2559758982989777f,-0.07381561822267918f,-0.9638607752141567f,1.566184535303678f,0f,0f,0f,1f], start_interpolation: 0, interpolation_duration: 1 }
$data merge entity $(bone_right_whisker14) { transformation: [-0.7187369973685096f,-0.6430026261247415f,-0.2645085091455174f,-0.6280608525895613f,-0.6728775569721924f,0.7390724854369517f,0.03174357562059807f,1.3590910448194515f,0.17507975878676654f,0.2007971216594813f,-0.9638607752141567f,1.5148916372216175f,0f,0f,0f,1f], start_interpolation: 0, interpolation_duration: 1 }
$data merge entity $(bone_right_whisker13) { transformation: [-0.08627287798671818f,-0.9956159124938442f,-0.036137865362224f,-0.60278559536689f,-0.9696284751450486f,0.07557785733668025f,0.23261256988452778f,1.6431618871471025f,-0.22886155359032373f,0.055108459145995096f,-0.9718978583260576f,1.5819409205000325f,0f,0f,0f,1f], start_interpolation: 0, interpolation_duration: 1 }
$data merge entity $(bone_right_whisker12) { transformation: [0.08223579615620084f,-0.996474503120779f,-0.016608385254202697f,-0.634908953240406f,-0.8958050129829427f,-0.08121082563382012f,0.4369647360079566f,1.9930857203435646f,-0.4367729988737692f,-0.021056268189531695f,-0.8993252921077807f,1.7525553731850987f,0f,0f,0f,1f], start_interpolation: 0, interpolation_duration: 1 }
$data merge entity $(bone_right_whisker11) { transformation: [0.29712298749244437f,-0.9547978396077436f,0.008889082289530795f,-0.7509726202296421f,-0.9447989885840105f,-0.2926394780768126f,0.14736691298104077f,2.3621478252591936f,-0.13810431374216978f,-0.052184493399054635f,-0.9890419491480068f,1.8065023707406338f,0f,0f,0f,1f], start_interpolation: 0, interpolation_duration: 1 }
$data merge entity $(bone_right_whisker10) { transformation: [0.06692055493698032f,-0.9903586883563569f,0.12129017983333538f,-0.7771134620019f,-0.9923110660989073f,-0.07874681447351023f,-0.0954865818213464f,2.7497693354540793f,0.10411718121701508f,-0.11396757261322539f,-0.9880136663872988f,1.7658315968277374f,0f,0f,0f,1f], start_interpolation: 0, interpolation_duration: 1 }
$data merge entity $(bone_right_whisker1) { transformation: [-0.3340672710052808f,-0.9381568355026579f,0.09088900066962562f,-0.6466184342654622f,-0.9243865165222074f,0.34494209259704167f,0.16286350366706775f,3.1108578184705666f,-0.18414295130420621f,-0.029609200502764055f,-0.982453392650544f,1.837762437180943f,0f,0f,0f,1f], start_interpolation: 0, interpolation_duration: 1 }
$data merge entity $(bone_left_whisker16) { transformation: [0.2573317884119236f,-0.9081241769068981f,0.33028900979277187f,0.9887607261960272f,-0.9646025325950076f,-0.26179056422666735f,0.03174357562059807f,1.274885746461619f,0.05763943774897981f,-0.3267662464194424f,-0.9433459150369654f,1.7131628836437347f,0f,0f,0f,1f], start_interpolation: 0, interpolation_duration: 1 }
$data merge entity $(bone_left_whisker15) { transformation: [-0.866766510205081f,-0.37366427016375997f,0.33028900979277187f,0.7348252251593824f,-0.3854568052441241f,0.922179698701838f,0.03174357562059807f,1.1619589480502546f,-0.31644725955188546f,-0.09979787825987047f,-0.9433459150369654f,1.6204537255718932f,0f,0f,0f,1f], start_interpolation: 0, interpolation_duration: 1 }
$data merge entity $(bone_left_whisker14) { transformation: [-0.7049661936647056f,0.6276398934102316f,0.33028900979277187f,0.5282921606091757f,0.6728775569721924f,0.7390724854369517f,0.03174357562059807f,1.3590910448194515f,-0.22418398496108194f,0.24462220968268533f,-0.9433459150369654f,1.5547748237278263f,0f,0f,0f,1f], start_interpolation: 0, interpolation_duration: 1 }
$data merge entity $(bone_left_whisker13) { transformation: [-0.10183620054371316f,0.9894530500908666f,0.10301480439578412f,0.49845733623113475f,0.9696284751450486f,0.07557785733668025f,0.23261256988452778f,1.6431618871471025f,0.22237357857152995f,0.12357446801939873f,-0.9670984140236266f,1.6199233330749543f,0f,0f,0f,1f], start_interpolation: 0, interpolation_duration: 1 }
$data merge entity $(bone_left_whisker12) { transformation: [0.051947140042863736f,0.9955572759135871f,0.0785315542752405f,0.5187491878103784f,0.8958050129829427f,-0.08121082563382012f,0.4369647360079566f,1.9930857203435646f,0.44140103461138014f,0.04764989166190411f,-0.8960438686072305f,1.7923456122200245f,0f,0f,0f,1f], start_interpolation: 0, interpolation_duration: 1 }
$data merge entity $(bone_left_whisker11) { transformation: [0.28690166320320865f,0.9561243556095111f,0.05927606820235146f,0.6308201499991317f,0.9447989885840105f,-0.2926394780768126f,0.14736691298104077f,2.3621478252591936f,0.15824761237334195f,0.01372415684943536f,-0.9873040771195613f,1.8541610858033613f,0f,0f,0f,1f], start_interpolation: 0, interpolation_duration: 1 }
$data merge entity $(bone_left_whisker10) { transformation: [0.07393509987141436f,0.9958574929005791f,-0.052928771389266084f,0.659701048386403f,0.9923110660989073f,-0.07874681447351023f,-0.0954865818213464f,2.7497693354540793f,-0.09925900011915359f,-0.04546199560124681f,-0.9940225640554132f,1.8153880388818169f,0f,0f,0f,1f], start_interpolation: 0, interpolation_duration: 1 }
$data merge entity $(bone_left_whisker1) { transformation: [-0.3459606763897487f,0.9379674808559091f,-0.022982933859007824f,0.5245601591716573f,0.9243865165222074f,0.34494209259704167f,0.16286350366706775f,3.1108578184705666f,0.16068845155731204f,0.03509925371847439f,-0.9863808919096718f,1.8781569652713919f,0f,0f,0f,1f], start_interpolation: 0, interpolation_duration: 1 }
$data merge entity $(bone_upper_left_tooth1) { transformation: [-0.9994057330663421f,-0.016351274021492855f,0.03034495925193274f,0.17716765972537882f,0f,0.8803296090929411f,0.4743624978371177f,2.9844221356885314f,-0.034469997303849705f,0.47408059989008555f,-0.8798064583155374f,2.7427619232627376f,0f,0f,0f,1f], start_interpolation: 0, interpolation_duration: 1 }
$data merge entity $(bone_upper_right_tooth1) { transformation: [-0.9994057330663421f,-0.016351274021492855f,0.03034495925193274f,-0.408421636993181f,0f,0.8803296090929411f,0.4743624978371177f,2.9844221356885314f,-0.034469997303849705f,0.47408059989008555f,-0.8798064583155374f,2.7225646592175132f,0f,0f,0f,1f], start_interpolation: 0, interpolation_duration: 1 }
$data merge entity $(bone_top_lip1) { transformation: [-0.9994057330663421f,0.0001547669753041419f,0.03446964985767567f,-0.09298360680369704f,0f,0.9999899203306876f,-0.004489903899321079f,3.0789887929153124f,-0.034469997303849705f,-0.004487235697898662f,-0.9993956593870439f,2.7844314816218683f,0f,0f,0f,1f], start_interpolation: 0, interpolation_duration: 1 }
$data merge entity $(bone_muzzle1) { transformation: [-0.9994057330663421f,-0.016351274021492855f,0.03034495925193274f,-0.08056193832445638f,0f,0.8803296090929411f,0.4743624978371177f,3.439565638894316f,-0.034469997303849705f,0.47408059989008555f,-0.8798064583155374f,2.4242838847720094f,0f,0f,0f,1f], start_interpolation: 0, interpolation_duration: 1 }
$data merge entity $(bone_jaw_right_tooth1) { transformation: [-0.9994057330663421f,0.003645041739055825f,0.03427673241205974f,-0.40801653068613586f,0f,0.9943932431996917f,-0.1057453444781308f,2.88172072956586f,-0.034469997303849705f,-0.10568250351651937f,-0.9938023081762054f,2.710819211076241f,0f,0f,0f,1f], start_interpolation: 0, interpolation_duration: 1 }
$data merge entity $(bone_jaw_left_tooth1) { transformation: [-0.9994057330663421f,0.003645041739055825f,0.03427673241205974f,0.22637187409230392f,0f,0.9943932431996917f,-0.1057453444781308f,2.88172072956586f,-0.034469997303849705f,-0.10568250351651937f,-0.9938023081762054f,2.732699580458567f,0f,0f,0f,1f], start_interpolation: 0, interpolation_duration: 1 }
$data merge entity $(bone_tongue1) { transformation: [-0.9994057330663421f,-0.009375824262445927f,0.03317038790136672f,-0.06731675627291518f,0f,0.9622973744086184f,0.27199956471707665f,3.0625468450619047f,-0.034469997303849705f,0.2718379243697958f,-0.9617255128986618f,2.0402597503593465f,0f,0f,0f,1f], start_interpolation: 0, interpolation_duration: 1 }
$data merge entity $(bone_jaw_lips1) { transformation: [-0.9994057330663421f,-0.009375824262445927f,0.03317038790136672f,-0.04337906767707411f,0f,0.9622973744086184f,0.27199956471707665f,2.741976979929588f,-0.034469997303849705f,0.2718379243697958f,-0.9617255128986618f,2.7627623244508808f,0f,0f,0f,1f], start_interpolation: 0, interpolation_duration: 1 }
$data merge entity $(bone_jaw3) { transformation: [-0.9994057330663421f,-0.0023624267550559006f,0.034388946682828214f,-0.016339673039507393f,0f,0.9976486618113998f,0.06853573947892522f,2.7224502442847767f,-0.034469997303849705f,0.06849501095517896f,-0.9970557922002774f,1.9787957409545298f,0f,0f,0f,1f], start_interpolation: 0, interpolation_duration: 1 }
$data merge entity $(bone_jaw1) { transformation: [-0.9994057330663421f,-0.02598714537584702f,0.0226461694187339f,0.001352646818878464f,0f,0.6569820478693428f,0.753906220147708f,3.3114394787751738f,-0.034469997303849705f,0.7534581986099953f,-0.6565916251622874f,1.4658335337964927f,0f,0f,0f,1f], start_interpolation: 0, interpolation_duration: 1 }
$data merge entity $(bone_tear_right1) { transformation: [-0.9994057330663421f,-0.018933789949506098f,0.02880438008837176f,-0.6068290501877354f,0f,0.8356362733209385f,0.5492831862621446f,3.512552752997612f,-0.034469997303849705f,0.5489567654273346f,-0.8351396823151389f,2.3839769109325366f,0f,0f,0f,1f], start_interpolation: 0, interpolation_duration: 1 }
$data merge entity $(bone_right_pupil1) { transformation: [-0.9994057330663421f,-0.018933789949506098f,0.02880438008837176f,-0.44932906547498247f,0f,0.8356362733209385f,0.5492831862621446f,3.5619732961190627f,-0.034469997303849705f,0.5489567654273346f,-0.8351396823151389f,2.492074172657515f,0f,0f,0f,1f], start_interpolation: 0, interpolation_duration: 1 }
$data merge entity $(bone_right_sad_pupil1) { transformation: [-0.9994057330663421f,-0.018933789949506098f,0.02880438008837176f,-0.44904777270068197f,0f,0.8356362733209385f,0.5492831862621446f,3.567337389734904f,-0.034469997303849705f,0.5489567654273346f,-0.8351396823151389f,2.4839185116974063f,0f,0f,0f,1f], start_interpolation: 0, interpolation_duration: 1 }
$data merge entity $(bone_right_happy_pupil1) { transformation: [-0.9994057330663421f,-0.018933789949506098f,0.02880438008837176f,-0.4729847696019507f,0f,0.8356362733209385f,0.5492831862621446f,3.546936374667115f,-0.034469997303849705f,0.5489567654273346f,-0.8351396823151389f,2.469674876568778f,0f,0f,0f,1f], start_interpolation: 0, interpolation_duration: 1 }
$data merge entity $(bone_eyelid_right1) { transformation: [-0.9994057330663421f,-0.018933789949506098f,0.02880438008837176f,-0.05830518814791105f,0f,0.8356362733209385f,0.5492831862621446f,3.794739518118718f,-0.034469997303849705f,0.5489567654273346f,-0.8351396823151389f,2.0622908559976456f,0f,0f,0f,1f], start_interpolation: 0, interpolation_duration: 1 }
$data merge entity $(bone_eyelid_expressions_right5) { transformation: [-0.9994057330663421f,-0.018933789949506098f,0.02880438008837176f,-0.5631344118488708f,0f,0.8356362733209385f,0.5492831862621446f,3.648942494551402f,-0.034469997303849705f,0.5489567654273346f,-0.8351396823151389f,2.533656439317709f,0f,0f,0f,1f], start_interpolation: 0, interpolation_duration: 1 }
$data merge entity $(bone_eyelid_expressions_right7) { transformation: [-0.9994057330663421f,-0.018933789949506098f,0.02880438008837176f,-0.270339763489591f,0f,0.8356362733209385f,0.5492831862621446f,3.648942494551402f,-0.034469997303849705f,0.5489567654273346f,-0.8351396823151389f,2.543755071340321f,0f,0f,0f,1f], start_interpolation: 0, interpolation_duration: 1 }
$data merge entity $(bone_eyelid_expressions_right6) { transformation: [-0.9994057330663421f,-0.018933789949506098f,0.02880438008837176f,-0.36793797960935093f,0f,0.8356362733209385f,0.5492831862621446f,3.648942494551402f,-0.034469997303849705f,0.5489567654273346f,-0.8351396823151389f,2.540388860666117f,0f,0f,0f,1f], start_interpolation: 0, interpolation_duration: 1 }
$data merge entity $(bone_right_eye1) { transformation: [-0.9994057330663421f,-0.018933789949506098f,0.02880438008837176f,-0.06834630253418755f,0f,0.8356362733209385f,0.5492831862621446f,3.7893754245028766f,-0.034469997303849705f,0.5489567654273346f,-0.8351396823151389f,2.070109895890334f,0f,0f,0f,1f], start_interpolation: 0, interpolation_duration: 1 }
$data merge entity $(bone_tear_left1) { transformation: [-0.9994057330663421f,-0.018933789949506098f,0.02880438008837176f,0.4472316839056722f,0f,0.8356362733209385f,0.5492831862621446f,3.512552752997612f,-0.034469997303849705f,0.5489567654273346f,-0.8351396823151389f,2.4203319862139407f,0f,0f,0f,1f], start_interpolation: 0, interpolation_duration: 1 }
$data merge entity $(bone_left_sad_pupil1) { transformation: [-0.9994057330663421f,-0.018933789949506098f,0.02880438008837176f,0.28293884819751774f,0f,0.8356362733209385f,0.5492831862621446f,3.567337389734904f,-0.034469997303849705f,0.5489567654273346f,-0.8351396823151389f,2.5091650917539368f,0f,0f,0f,1f], start_interpolation: 0, interpolation_duration: 1 }
$data merge entity $(bone_left_pupil1) { transformation: [-0.9994057330663421f,-0.018933789949506098f,0.02880438008837176f,0.28265755542321724f,0f,0.8356362733209385f,0.5492831862621446f,3.5619732961190627f,-0.034469997303849705f,0.5489567654273346f,-0.8351396823151389f,2.5173207527140455f,0f,0f,0f,1f], start_interpolation: 0, interpolation_duration: 1 }
$data merge entity $(bone_eyelid_left1) { transformation: [-0.9994057330663421f,-0.018933789949506098f,0.02880438008837176f,-0.07782483137186305f,0f,0.8356362733209385f,0.5492831862621446f,3.794739518118718f,-0.034469997303849705f,0.5489567654273346f,-0.8351396823151389f,2.0616176138628046f,0f,0f,0f,1f], start_interpolation: 0, interpolation_duration: 1 }
$data merge entity $(bone_left_happy_pupil1) { transformation: [-0.9994057330663421f,-0.018933789949506098f,0.02880438008837176f,0.30780095935612906f,0f,0.8356362733209385f,0.5492831862621446f,3.546936374667115f,-0.034469997303849705f,0.5489567654273346f,-0.8351396823151389f,2.4966045619624104f,0f,0f,0f,1f], start_interpolation: 0, interpolation_duration: 1 }
$data merge entity $(bone_eyelid_expressions_left5) { transformation: [-0.9994057330663421f,-0.018933789949506098f,0.02880438008837176f,0.3933281061247768f,0f,0.8356362733209385f,0.5492831862621446f,3.648942494551402f,-0.034469997303849705f,0.5489567654273346f,-0.8351396823151389f,2.5666453039249086f,0f,0f,0f,1f], start_interpolation: 0, interpolation_duration: 1 }
$data merge entity $(bone_eyelid_expressions_left7) { transformation: [-0.9994057330663421f,-0.018933789949506098f,0.02880438008837176f,0.10053345776549691f,0f,0.8356362733209385f,0.5492831862621446f,3.648942494551402f,-0.034469997303849705f,0.5489567654273346f,-0.8351396823151389f,2.5565466719022965f,0f,0f,0f,1f], start_interpolation: 0, interpolation_duration: 1 }
$data merge entity $(bone_eyelid_expressions_left6) { transformation: [-0.9994057330663421f,-0.018933789949506098f,0.02880438008837176f,0.19813167388525688f,0f,0.8356362733209385f,0.5492831862621446f,3.648942494551402f,-0.034469997303849705f,0.5489567654273346f,-0.8351396823151389f,2.5599128825765005f,0f,0f,0f,1f], start_interpolation: 0, interpolation_duration: 1 }
$data merge entity $(bone_left_eye1) { transformation: [-0.9994057330663421f,-0.018933789949506098f,0.02880438008837176f,-0.06834630253418755f,0f,0.8356362733209385f,0.5492831862621446f,3.7893754245028766f,-0.034469997303849705f,0.5489567654273346f,-0.8351396823151389f,2.070109895890334f,0f,0f,0f,1f], start_interpolation: 0, interpolation_duration: 1 }
$data merge entity $(bone_crest_middle5) { transformation: [-0.9994057330663421f,-0.012250574621296768f,0.0322196234548985f,-0.1031020787664996f,0f,0.9347149978250832f,0.35539818913558746f,4.568568460361345f,-0.034469997303849705f,0.3551869877435021f,-0.9341595276094817f,3.0778013592100666f,0f,0f,0f,1f], start_interpolation: 0, interpolation_duration: 1 }
$data merge entity $(bone_crest_middle4) { transformation: [-0.9994057330663421f,-0.012250574621296768f,0.0322196234548985f,-0.09592400769933353f,0f,0.9347149978250832f,0.35539818913558746f,4.02088389132321f,-0.034469997303849705f,0.3551869877435021f,-0.9341595276094817f,2.869683983579108f,0f,0f,0f,1f], start_interpolation: 0, interpolation_duration: 1 }
$data merge entity $(bone_crest_middle1) { transformation: [-0.9994057330663421f,-0.012250574621296768f,0.0322196234548985f,-0.09290030016985437f,0f,0.9347149978250832f,0.35539818913558746f,3.584090212676846f,-0.034469997303849705f,0.3551869877435021f,-0.9341595276094817f,2.782016131056827f,0f,0f,0f,1f], start_interpolation: 0, interpolation_duration: 1 }
$data merge entity $(bone_crest_left5) { transformation: [-0.5210117124758845f,-0.8420055627000014f,0.13990506726062585f,-1.0548870003395008f,-0.704768484729838f,0.5168417387401474f,0.48597942346118855f,4.055370121845555f,-0.48150615613359943f,0.15460028938625947f,-0.8626995839381927f,2.810342092427359f,0f,0f,0f,1f], start_interpolation: 0, interpolation_duration: 1 }
$data merge entity $(bone_crest_left4) { transformation: [-0.5210117124758845f,-0.8420055627000014f,0.13990506726062585f,-0.6437514716773907f,-0.704768484729838f,0.5168417387401474f,0.48597942346118855f,3.8030059916013426f,-0.48150615613359943f,0.15460028938625947f,-0.8626995839381927f,2.7348536698754744f,0f,0f,0f,1f], start_interpolation: 0, interpolation_duration: 1 }
$data merge entity $(bone_crest_left1) { transformation: [-0.5210117124758845f,-0.8420055627000014f,0.13990506726062585f,-0.18467108803673432f,-0.704768484729838f,0.5168417387401474f,0.48597942346118855f,3.5491349123688996f,-0.48150615613359943f,0.15460028938625947f,-0.8626995839381927f,2.6096924019464196f,0f,0f,0f,1f], start_interpolation: 0, interpolation_duration: 1 }
$data merge entity $(bone_crest_center1) { transformation: [-0.9994057330663421f,-0.018933789949506098f,0.02880438008837176f,-0.0866106271025946f,0f,0.8356362733209385f,0.5492831862621446f,3.5287338973011106f,-0.034469997303849705f,0.5489567654273346f,-0.8351396823151389f,2.599656519388672f,0f,0f,0f,1f], start_interpolation: 0, interpolation_duration: 1 }
$data merge entity $(bone_crest_right5) { transformation: [-0.5529489054363473f,0.829352843823816f,-0.08013344132192476f,0.8648487407663628f,0.704768484729838f,0.5168417387401474f,0.48597942346118855f,4.055370121845555f,0.4444647240314504f,0.212246266250811f,-0.8702888207682762f,2.8765547262262396f,0f,0f,0f,1f], start_interpolation: 0, interpolation_duration: 1 }
$data merge entity $(bone_crest_right4) { transformation: [-0.5529489054363473f,0.829352843823816f,-0.08013344132192476f,0.45989129749301516f,0.704768484729838f,0.5168417387401474f,0.48597942346118855f,3.8030059916013426f,0.4444647240314504f,0.212246266250811f,-0.8702888207682762f,2.7729188540334606f,0f,0f,0f,1f], start_interpolation: 0, interpolation_duration: 1 }
$data merge entity $(bone_crest_right1) { transformation: [-0.5529489054363473f,0.829352843823816f,-0.08013344132192476f,0.010525344202785628f,0.704768484729838f,0.5168417387401474f,0.48597942346118855f,3.5491349123688996f,0.4444647240314504f,0.212246266250811f,-0.8702888207682762f,2.6164248232948277f,0f,0f,0f,1f], start_interpolation: 0, interpolation_duration: 1 }
$data merge entity $(bone_head1) { transformation: [-0.9994057330663421f,-0.018933789949506098f,0.02880438008837176f,-0.05195069848528153f,0f,0.8356362733209385f,0.5492831862621446f,4.043598020965897f,-0.034469997303849705f,0.5489567654273346f,-0.8351396823151389f,1.5947440135224695f,0f,0f,0f,1f], start_interpolation: 0, interpolation_duration: 1 }
$data merge entity $(bone_neck10) { transformation: [-1.3013095482634662f,-0.018274095168447385f,0.040994194571333915f,-0.0172601063026719f,0f,1.1892717661093515f,0.5301449549694767f,4.064544771548843f,-0.04488280898938763f,0.5298299073526926f,-1.1885650212236198f,0.5889424636948326f,0f,0f,0f,1f], start_interpolation: 0, interpolation_duration: 1 }
$data merge entity $(bone_neck9) { transformation: [-0.9994057330663421f,-0.018933789949506098f,0.028804380088371762f,0.005370467847659498f,0f,0.8356362733209385f,0.5492831862621445f,2.976857940855164f,-0.034469997303849705f,0.5489567654273346f,-0.8351396823151389f,-0.06719700011354474f,0f,0f,0f,1f], start_interpolation: 0, interpolation_duration: 1 }
$data merge entity $(bone_neck8) { transformation: [-0.9994057330663421f,0.005500502894449314f,0.034028299722959426f,0.000384716149888829f,0f,0.987186027982632f,-0.15957363866213603f,2.3376700636335905f,-0.034469997303849705f,-0.15947880932519576f,-0.986599375968833f,0.07735737238827056f,0f,0f,0f,1f], start_interpolation: 0, interpolation_duration: 1 }
$data merge entity $(bone_neck7) { transformation: [-0.9994057330663421f,0.015862490035554556f,0.030603302501516702f,-0.01324141660629103f,0f,0.8878243369661892f,-0.46018251454237824f,1.623442548242879f,-0.034469997303849705f,-0.4599090432905383f,-0.8872967323198335f,0.4724265995775727f,0f,0f,0f,1f], start_interpolation: 0, interpolation_duration: 1 }
$data merge entity $(bone_neck6) { transformation: [-0.9994057330663421f,0.011434987040744752f,0.03251802247224461f,-0.022050076765848952f,0f,0.9433717730117984f,-0.3317373929549934f,0.8698355657590442f,-0.034469997303849705f,-0.3315402523917024f,-0.9428111583609513f,0.7278204537311985f,0f,0f,0f,1f], start_interpolation: 0, interpolation_duration: 1 }
$data merge entity $(bone_neck_spine6) { transformation: [-1.1037889938532897f,0.07745340834101237f,0.02434140715045702f,0.08962836445266478f,0.022428185047200202f,-0.028019516499329943f,1.1061887545658713f,0.22017068305319243f,0.07802891182883731f,1.1037017503605153f,0.026374470370101516f,-1.5134473304407567f,0f,0f,0f,1f], start_interpolation: 0, interpolation_duration: 1 }
$data merge entity $(bone_neck_spine7) { transformation: [-0.9614338890320901f,0.26170951543826676f,-0.08457544885898295f,-0.4103481075664639f,-0.008105066684520882f,0.28041336542400797f,0.9598451189570228f,0.2739245577254545f,0.2749166872248213f,0.9235131152401947f,-0.26747773938157965f,-4.65072096340872f,0f,0f,0f,1f], start_interpolation: 0, interpolation_duration: 1 }
$data merge entity $(bone_tail6) { transformation: [-1.4033217006076295f,0.5205963692277333f,0.04314981615998555f,-1.5296747149248615f,0.00015571480089349228f,-0.123271161784395f,1.4923131300465238f,0.4796322819603781f,0.5223815291916815f,1.3985628061346598f,0.11547249430116761f,-7.731150530900324f,0f,0f,0f,1f], start_interpolation: 0, interpolation_duration: 1 }
$data merge entity $(bone_tail5) { transformation: [-1.159265752675868f,0.43005787023160585f,0.03564550030607503f,-1.2580592179364785f,0.00012863396595549364f,-0.10183269886536979f,1.2327804117775634f,0.4153168932033024f,0.4315325675931282f,1.1553344920242843f,0.09539032137922543f,-7.0014655885691965f,0f,0f,0f,1f], start_interpolation: 0, interpolation_duration: 1 }
$data merge entity $(bone_tail4) { transformation: [-0.9371748400579648f,0.34766783614512975f,0.02881657287901644f,-1.1222514694422872f,0.00010399040616191485f,-0.08232369760905683f,0.996605638152809f,0.38315919882476457f,0.3488600125384447f,0.9339967261838424f,0.07711554402025803f,-6.636623117403633f,0f,0f,0f,1f], start_interpolation: 0, interpolation_duration: 1 }
$data merge entity $(bone_segment18) { transformation: [-0.9371748400579648f,0.3346539457478099f,0.09853961516948584f,-0.9588462224951143f,0.00010399040616191485f,-0.2821937576231605f,0.9593574267938493f,0.2453692781103307f,0.3488600125384447f,0.8990958901885507f,0.2644300888660996f,-6.197611452272504f,0f,0f,0f,1f], start_interpolation: 0, interpolation_duration: 1 }
$data merge entity $(bone_segment17) { transformation: [-0.9381716087532761f,0.3219048016697236f,0.1273237259557944f,-0.7545121198727311f,-0.006923424308296002f,-0.38518100128238797f,0.9228150748914671f,0.0008696190931899161f,0.3461012839114259f,0.8648773872133971f,0.36359456316313304f,-5.6486170170296255f,0f,0f,0f,1f], start_interpolation: 0, interpolation_duration: 1 }
$data merge entity $(bone_segment16) { transformation: [-0.9392128178544636f,0.34039623619261833f,0.04482951219651816f,-0.47195665037690543f,-0.006472335863253526f,-0.1481012060308656f,0.988951030961936f,-0.1220659523191497f,0.34327451354033217f,0.9285453328503148f,0.14130170981111984f,-4.877851848159735f,0f,0f,0f,1f], start_interpolation: 0, interpolation_duration: 1 }
$data merge entity $(bone_segment15) { transformation: [-0.9614338890320901f,0.2746817168602185f,-0.013958203442906339f,-0.1903005930495329f,-0.008105066684520882f,0.022432314564911293f,0.9997155091111172f,-0.09906406726723871f,0.2749166872248213f,0.961273502020098f,-0.01934087379996302f,-3.8921710111274077f,0f,0f,0f,1f], start_interpolation: 0, interpolation_duration: 1 }
$data merge entity $(bone_segment14) { transformation: [-0.9852548121314043f,0.1706626143819494f,0.012133722603935922f,-0.01530474822429187f,-0.0003369688063197514f,-0.07285413983613015f,0.9973425493584243f,-0.17376801924764557f,0.17109307883118705f,0.982632457412768f,0.07183739983469324f,-2.8845889014756443f,0f,0f,0f,1f], start_interpolation: 0, interpolation_duration: 1 }
$data merge entity $(bone_segment13) { transformation: [-0.9973058203286193f,0.06509918211426523f,0.03381119972307392f,0.05380055563527729f,0.020264524842646767f,-0.19848869508837655f,0.979893661044409f,-0.4109111760419355f,0.07050141680534946f,0.977938819359456f,0.1966347268878801f,-1.8388692764304122f,0f,0f,0f,1f], start_interpolation: 0, interpolation_duration: 1 }
$data merge entity $(bone_segment12) { transformation: [-0.9998612947064418f,-0.012983645325538817f,0.010431505261400659f,0.038585346269411486f,0.008551296061770767f,0.137269803848022f,0.990496782572861f,-0.2500481246575347f,-0.014292189602085448f,0.9904485983157258f,-0.1371397368044428f,-0.6781873252791708f,0f,0f,0f,1f], start_interpolation: 0, interpolation_duration: 1 }
$data merge entity $(bone_segment11) { transformation: [-1.0342238957661656f,-0.040982944454268026f,0.01580486014416332f,-0.004847321350696061f,-0.010986257428044684f,0.6019764838853421f,0.842052300579262f,0.4456741717549859f,-0.0425287842295417f,0.8411261338390106f,-0.6018692477598919f,0.29403066924189797f,0f,0f,0f,1f], start_interpolation: 0, interpolation_duration: 1 }
$data merge entity $(bone_segment10) { transformation: [-0.9994057330663421f,-0.01824494573627848f,0.02924555811072272f,-0.023923160975370342f,0f,0.8484351725625605f,0.5292993084812582f,1.2286536312983105f,-0.034469997303849705f,0.5289847634042197f,-0.8479309755941542f,0.782127713491345f,0f,0f,0f,1f], start_interpolation: 0, interpolation_duration: 1 }