# This file was generated by Animated Java via MC-Build. It is not recommended to edit this file directly.
$data merge entity $(bone_neck_spine5) { transformation: [-1.5713137386087186f,-0.017057009571629214f,0.05197488663390098f,0.12506069047560597f,1.363723045079424e-18f,1.4938765038123156f,0.49025726604930076f,4.424864999339458f,-0.05470219754391509f,0.48996045283125483f,-1.492972076028852f,-0.29611951774441525f,0f,0f,0f,1f], start_interpolation: 0, interpolation_duration: 1 }
$data merge entity $(bone_neck_spine2) { transformation: [-1.496489274865446f,-0.014374075141274404f,0.05007512217211988f,-0.056085914907186105f,1.2987838524565938e-18f,1.4392729505189192f,0.4131436258598115f,5.504615484584814f,-0.05209733099420483f,0.412893499043549f,-1.4384015810040263f,1.6794016662252205f,0f,0f,0f,1f], start_interpolation: 0, interpolation_duration: 1 }
$data merge entity $(bone_scale_neck_left1) { transformation: [-1.595965543985269f,0.38301615125524563f,0.13873604840522177f,0.7393561814358095f,0.39090400011447923f,1.282044203865152f,0.9573984556431767f,4.647187320466962f,0.11464347318524724f,0.9605812657193872f,-1.3331149938556073f,1.4256733500637728f,0f,0f,0f,1f], start_interpolation: 0, interpolation_duration: 1 }
$data merge entity $(bone_scale_neck_right1) { transformation: [-1.5841292626004264f,-0.4488894207792666f,-0.04569297673775139f,-0.8319575571729084f,-0.39090400011447923f,1.282044203865152f,0.9573984556431767f,4.647187320466962f,-0.22535221965891847f,0.9316201093181146f,-1.3395355276537368f,1.370971152519858f,0f,0f,0f,1f], start_interpolation: 0, interpolation_duration: 1 }
$data merge entity $(bone_blush_right1) { transformation: [-0.9993945766057934f,-0.0190348857829888f,0.029123072883119102f,-0.7470046688256506f,8.673617379884035e-19f,0.8370633803466144f,0.5471059287584983f,3.8030989980293284f,-0.03479195669873853f,0.5467746980301189f,-0.8365566025937188f,2.481391606973735f,0f,0f,0f,1f], start_interpolation: 0, interpolation_duration: 1 }
$data merge entity $(bone_blush_left1) { transformation: [-0.9993945766057934f,-0.0190348857829888f,0.029123072883119102f,0.577388339430269f,8.673617379884035e-19f,0.8370633803466144f,0.5471059287584983f,3.8030989980293284f,-0.03479195669873853f,0.5467746980301189f,-0.8365566025937188f,2.5274977449036062f,0f,0f,0f,1f], start_interpolation: 0, interpolation_duration: 1 }
$data merge entity $(bone_left_head_scales) { transformation: [-0.899921354585824f,-0.0190348857829888f,-0.43563657867957345f,0.5861642157424154f,-0.25262540389690186f,0.8370633803466144f,0.48528888570482037f,4.629187878043382f,0.3554180086410123f,0.5467746980301189f,-0.7580999068247728f,2.598201027848506f,0f,0f,0f,1f], start_interpolation: 0, interpolation_duration: 1 }
$data merge entity $(bone_left_head_scales2) { transformation: [-0.8353604188378584f,-0.0190348857829888f,-0.5493729550699292f,0.5983598845393018f,-0.3138070689238287f,0.8370633803466144f,0.4481629399851514f,3.7849749067252896f,0.4513292524670577f,0.5467746980301189f,-0.7052228977150408f,2.2478819768325953f,0f,0f,0f,1f], start_interpolation: 0, interpolation_duration: 1 }
$data merge entity $(bone_left_head_scales1) { transformation: [-0.9993945766057934f,-0.0190348857829888f,0.029123072883119102f,0.5883019226418722f,8.673617379884035e-19f,0.8370633803466144f,0.5471059287584983f,4.535181736695861f,-0.03479195669873853f,0.5467746980301189f,-0.8365566025937188f,2.536795666253327f,0f,0f,0f,1f], start_interpolation: 0, interpolation_duration: 1 }
$data merge entity $(bone_right_head_scales) { transformation: [-0.8730262775519779f,-0.0190348857829888f,0.48730154096510453f,-0.7606761316364858f,0.25262540389690186f,0.8370633803466144f,0.48528888570482037f,4.629187878043382f,-0.4171396936395097f,0.5467746980301189f,-0.7259696313100211f,2.551313429953722f,0f,0f,0f,1f], start_interpolation: 0, interpolation_duration: 1 }
$data merge entity $(bone_right_head_scales2) { transformation: [-0.8019518021180759f,-0.0190348857829888f,0.5970854044462978f,-0.7484804628395995f,0.3138070689238287f,0.8370633803466144f,0.4481629399851514f,3.7849749067252896f,-0.5083290573762292f,0.5467746980301189f,-0.665311204641156f,2.200994378937811f,0f,0f,0f,1f], start_interpolation: 0, interpolation_duration: 1 }
$data merge entity $(bone_right_head_scales1) { transformation: [-0.9993945766057934f,-0.0190348857829888f,0.029123072883119102f,-0.758538424737029f,8.673617379884035e-19f,0.8370633803466144f,0.5471059287584983f,4.535181736695861f,-0.03479195669873853f,0.5467746980301189f,-0.8365566025937188f,2.4899080683585426f,0f,0f,0f,1f], start_interpolation: 0, interpolation_duration: 1 }
$data merge entity $(bone_head_left_fin1) { transformation: [-0.7524853634104792f,0.0130233680927022f,-0.7295693029189858f,0.5987712994074523f,-0.16498952372571224f,1.017831680531481f,0.1883409811814654f,4.228740731115085f,0.7107878958866245f,0.2500485153228399f,-0.7286504683804723f,2.2360641365333285f,0f,0f,0f,1f], start_interpolation: 0, interpolation_duration: 1 }
$data merge entity $(bone_head_right_fin1) { transformation: [-0.7012341665559662f,-0.03038065929224268f,0.7784746991525815f,-0.7480690479714489f,0.16498952372571224f,1.017831680531481f,0.1883409811814654f,4.228740731115085f,-0.7613962823264214f,0.24853748947111226f,-0.6761508822829962f,2.1891765386385442f,0f,0f,0f,1f], start_interpolation: 0, interpolation_duration: 1 }
$data merge entity $(bone_right_whisker16) { transformation: [0.2607917369319559f,0.9285410892097605f,-0.26419522251010663f,-1.2665165886772933f,0.9644723931952908f,-0.2625583454444571f,0.02925949421328289f,1.50134212147229f,-0.042198017870055136f,-0.2624396328427175f,-0.9640252934447403f,1.9351147612960555f,0f,0f,0f,1f], start_interpolation: 0, interpolation_duration: 1 }
$data merge entity $(bone_right_whisker15) { transformation: [-0.8865571390872764f,0.37975956016434725f,-0.26419522251010663f,-0.9678230213090215f,0.3862010313868583f,0.9219504571039104f,0.02925949421328289f,1.3712255630460535f,0.25468647881092976f,-0.07609225394001463f,-0.9640252934447403f,1.8493073050560451f,0f,0f,0f,1f], start_interpolation: 0, interpolation_duration: 1 }
$data merge entity $(bone_right_whisker14) { transformation: [-0.7188542836334332f,-0.6430003136116641f,-0.26419522251010663f,-0.7256309042645546f,-0.6723552699680937f,0.7396501016997931f,0.02925949421328289f,1.597751508494288f,0.17659815924294006f,0.19866636290722958f,-0.9640252934447403f,1.7898089017954844f,0f,0f,0f,1f], start_interpolation: 0, interpolation_duration: 1 }
$data merge entity $(bone_right_whisker13) { transformation: [-0.0862869941742452f,-0.9956267582940141f,-0.03580380992752519f,-0.6965596025163958f,-0.970212884743066f,0.07581032049142036f,0.23008640460819457f,1.9246298729829185f,-0.22636588284216239f,0.054590781968576904f,-0.9725113539744136f,1.8660747509952362f,0f,0f,0f,1f], start_interpolation: 0, interpolation_duration: 1 }
$data merge entity $(bone_right_whisker12) { transformation: [0.08229531169212605f,-0.9964750220401438f,-0.016279192964970907f,-0.7335281995655931f,-0.896945724194234f,-0.08117591452396139f,0.4346249403231241f,2.327554710023297f,-0.43441437536432503f,-0.021166042409799732f,-0.9004644074729047f,2.061221833678429f,0f,0f,0f,1f], start_interpolation: 0, interpolation_duration: 1 }
$data merge entity $(bone_right_whisker11) { transformation: [0.2970818717492929f,-0.9548074862670258f,0.009220935222640073f,-0.8669829466404708f,-0.9451817601685988f,-0.29268857775947693f,0.1447923916983336f,2.752148078849035f,-0.13554999713215f,-0.05173065452493344f,-0.9894190910124464f,2.122113433952637f,0f,0f,0f,1f], start_interpolation: 0, interpolation_duration: 1 }
$data merge entity $(bone_right_whisker10) { transformation: [0.06679714499988891f,-0.9903290637707026f,0.12159969930434707f,-0.8969894766208897f,-0.9920428235025162f,-0.07895419103426507f,-0.09806769118970893f,3.1977923159693056f,0.10672009069064309f,-0.11408146724673815f,-0.9877227551665558f,2.0741727682126996f,0f,0f,0f,1f], start_interpolation: 0, interpolation_duration: 1 }
$data merge entity $(bone_right_whisker1) { transformation: [-0.33409167656266825f,-0.9381160052892691f,0.09122013084648457f,-0.7469092312900035f,-0.9248324976537445f,0.3449480740716278f,0.1602987132755947f,3.6132444145246985f,-0.1818449970031678f,-0.030808875577973793f,-0.9828444486542814f,2.1558609504602164f,0f,0f,0f,1f], start_interpolation: 0, interpolation_duration: 1 }
$data merge entity $(bone_left_whisker16) { transformation: [0.2572258449232813f,-0.9080426072103821f,0.33059565664732604f,1.133631608761461f,-0.9644723931952908f,-0.2625583454444571f,0.02925949421328289f,1.50134212147229f,0.06023178120935904f,-0.32637668226765454f,-0.9433188187480973f,2.018671200474915f,0f,0f,0f,1f], start_interpolation: 0, interpolation_duration: 1 }
$data merge entity $(bone_left_whisker15) { transformation: [-0.8666994667487893f,-0.37354858605446284f,0.33059565664732604f,0.8416283704525428f,-0.3862010313868583f,0.9219504571039104f,0.02925949421328289f,1.3712255630460535f,-0.3157226594546101f,-0.10231719553722116f,-0.9433188187480973f,1.9122997966547586f,0f,0f,0f,1f], start_interpolation: 0, interpolation_duration: 1 }
$data merge entity $(bone_left_whisker14) { transformation: [-0.7048330144666541f,0.6276280216209067f,0.33059565664732604f,0.6041602161644614f,0.6723552699680937f,0.7396501016997931f,0.02925949421328289f,1.597751508494288f,-0.22616103259399317f,0.24290078948350993f,-0.9433188187480973f,1.8361029643843214f,0f,0f,0f,1f], start_interpolation: 0, interpolation_duration: 1 }
$data merge entity $(bone_left_whisker13) { transformation: [-0.10181998447678398f,0.9894200447784643f,0.10334730645609347f,0.5698556315507012f,0.970212884743066f,0.07581032049142036f,0.23008640460819457f,1.9246298729829185f,0.21981730832599436f,0.12369628247271747f,-0.9676670815227434f,1.9101625067402472f,0f,0f,0f,1f], start_interpolation: 0, interpolation_duration: 1 }
$data merge entity $(bone_left_whisker12) { transformation: [0.051886126610153925f,0.9955345197554126f,0.07885968450834542f,0.5931638524888563f,0.896945724194234f,-0.08117591452396139f,0.4346249403231241f,2.327554710023297f,0.43908563824734226f,0.04818185214953043f,-0.8971523345610622f,2.1074080082966704f,0f,0f,0f,1f], start_interpolation: 0, interpolation_duration: 1 }
$data merge entity $(bone_left_whisker11) { transformation: [0.28693625942404866f,0.9560933771453607f,0.0596073586607801f,0.7220610002770032f,0.9451817601685988f,-0.29268857775947693f,0.1447923916983336f,2.752148078849035f,0.15588143979423663f,0.014793600911015486f,-0.9876649867742405f,2.177432873829238f,0f,0f,0f,1f], start_interpolation: 0, interpolation_duration: 1 }
$data merge entity $(bone_left_whisker10) { transformation: [0.07405693742353334f,0.9958649451674906f,-0.052617307095654535f,0.755328765135231f,0.9920428235025162f,-0.07895419103426507f,-0.09806769118970893f,3.1977923159693056f,-0.10181653282548048f,-0.04493602902656548f,-0.9937877776158857f,2.1316949782240417f,0f,0f,0f,1f], start_interpolation: 0, interpolation_duration: 1 }
$data merge entity $(bone_left_whisker1) { transformation: [-0.34592867961618545f,0.9379873677164362f,-0.02265053251899349f,0.5999311160888977f,0.9248324976537445f,0.3449480740716278f,0.1602987132755947f,3.6132444145246985f,0.1581714256828306f,0.0345039736648719f,-0.9868086318525969f,2.2027485483550007f,0f,0f,0f,1f], start_interpolation: 0, interpolation_duration: 1 }
$data merge entity $(bone_upper_left_tooth1) { transformation: [-0.9993945766057934f,-0.016424209247572957f,0.030671250406835965f,0.2000963968140303f,8.673617379884035e-19f,0.8815615250506458f,0.4720691448828016f,3.470466614446308f,-0.03479195669873853f,0.47178334317880655f,-0.8810278070799475f,3.1972903768477043f,0f,0f,0f,1f], start_interpolation: 0, interpolation_duration: 1 }
$data merge entity $(bone_upper_right_tooth1) { transformation: [-0.9993945766057934f,-0.016424209247572957f,0.030671250406835965f,-0.4733237768754203f,8.673617379884035e-19f,0.8815615250506458f,0.4720691448828016f,3.470466614446308f,-0.03479195669873853f,0.47178334317880655f,-0.8810278070799475f,3.173846577900312f,0f,0f,0f,1f], start_interpolation: 0, interpolation_duration: 1 }
$data merge entity $(bone_top_lip1) { transformation: [-0.9993945766057934f,0.0003782023270230764f,0.03478990103358632f,-0.11058312422522353f,8.673617379884035e-19f,0.9999409155061325f,-0.010870395427825696f,3.5793704551874277f,-0.03479195669873853f,-0.010863814236129254f,-0.9993355278830607f,3.24482714384925f,0f,0f,0f,1f], start_interpolation: 0, interpolation_duration: 1 }
$data merge entity $(bone_muzzle1) { transformation: [-0.9993945766057934f,-0.016424209247572957f,0.030671250406835965f,-0.09612727179482866f,8.673617379884035e-19f,0.8815615250506458f,0.4720691448828016f,3.9929535815339583f,-0.03479195669873853f,0.47178334317880655f,-0.8810278070799475f,2.829584602469733f,0f,0f,0f,1f], start_interpolation: 0, interpolation_duration: 1 }
$data merge entity $(bone_jaw_right_tooth1) { transformation: [-0.9993945766057934f,0.0036551838153788476f,0.034599420258187685f,-0.4728077727701139f,8.673617379884035e-19f,0.994466064607461f,-0.10505829973947345f,3.347556623197667f,-0.03479195669873853f,-0.10499469498705523f,-0.9938639915872031f,3.159024424929301f,0f,0f,0f,1f], start_interpolation: 0, interpolation_duration: 1 }
$data merge entity $(bone_jaw_left_tooth1) { transformation: [-0.9993945766057934f,0.0036551838153788476f,0.034599420258187685f,0.2567307487267909f,8.673617379884035e-19f,0.994466064607461f,-0.10505829973947345f,3.347556623197667f,-0.03479195669873853f,-0.10499469498705523f,-0.9938639915872031f,3.184421873788976f,0f,0f,0f,1f], start_interpolation: 0, interpolation_duration: 1 }
$data merge entity $(bone_tongue1) { transformation: [-0.9993945766057934f,-0.00967016246979578f,0.03342107432047403f,-0.08083059552055954f,8.673617379884035e-19f,0.9605977211878346f,0.2779424725527551f,3.5605952561303567f,-0.03479195669873853f,0.2777741996776284f,-0.9600161528550057f,2.39018950201672f,0f,0f,0f,1f], start_interpolation: 0, interpolation_duration: 1 }
$data merge entity $(bone_jaw_lips1) { transformation: [-0.9993945766057934f,-0.00967016246979578f,0.03342107432047403f,-0.05349009238773949f,8.673617379884035e-19f,0.9605977211878346f,0.2779424725527551f,3.186820090236153f,-0.03479195669873853f,0.2777741996776284f,-0.9600161528550057f,3.2187831176908617f,0f,0f,0f,1f], start_interpolation: 0, interpolation_duration: 1 }
$data merge entity $(bone_jaw3) { transformation: [-0.9993945766057934f,-0.0024084729160967315f,0.03470849332856908f,-0.02210381744866244f,8.673617379884035e-19f,0.9976010728315127f,0.06922499176897551f,3.164987602715201f,-0.03479195669873853f,0.06918308133949519f,-0.9969971018039349f,2.317216320928631f,0f,0f,0f,1f], start_interpolation: 0, interpolation_duration: 1 }
$data merge entity $(bone_jaw1) { transformation: [-0.9993945766057934f,-0.026245658528675386f,0.022839563466123106f,-0.0015838971470674562f,8.673617379884035e-19f,0.6564610224107119f,0.7543599446255631f,3.8427328654647304f,-0.03479195669873853f,0.7539032374674346f,-0.6560635855503595f,1.7277841932857299f,0f,0f,0f,1f], start_interpolation: 0, interpolation_duration: 1 }
$data merge entity $(bone_tear_right1) { transformation: [-0.9993945766057934f,-0.0190348857829888f,0.029123072883119102f,-0.7013118870055555f,8.673617379884035e-19f,0.8370633803466144f,0.5471059287584983f,4.076822188422891f,-0.03479195669873853f,0.5467746980301189f,-0.8365566025937188f,2.78281832751646f,0f,0f,0f,1f], start_interpolation: 0, interpolation_duration: 1 }
$data merge entity $(bone_right_pupil1) { transformation: [-0.9993945766057934f,-0.0190348857829888f,0.029123072883119102f,-0.5202217998573464f,8.673617379884035e-19f,0.8370633803466144f,0.5471059287584983f,4.133962793555238f,-0.03479195669873853f,0.5467746980301189f,-0.8365566025937188f,2.9070402580170227f,0f,0f,0f,1f], start_interpolation: 0, interpolation_duration: 1 }
$data merge entity $(bone_right_sad_pupil1) { transformation: [-0.9993945766057934f,-0.0190348857829888f,0.029123072883119102f,-0.5198947340974286f,8.673617379884035e-19f,0.8370633803466144f,0.5471059287584983f,4.1401070495911005f,-0.03479195669873853f,0.5467746980301189f,-0.8365566025937188f,2.897645335233988f,0f,0f,0f,1f], start_interpolation: 0, interpolation_duration: 1 }
$data merge entity $(bone_right_happy_pupil1) { transformation: [-0.9993945766057934f,-0.0190348857829888f,0.029123072883119102f,-0.5474191289595275f,8.673617379884035e-19f,0.8370633803466144f,0.5471059287584983f,4.116605815073872f,-0.03479195669873853f,0.5467746980301189f,-0.8365566025937188f,2.8813173788795683f,0f,0f,0f,1f], start_interpolation: 0, interpolation_duration: 1 }
$data merge entity $(bone_eyelid_right1) { transformation: [-0.9993945766057934f,-0.0190348857829888f,0.029123072883119102f,-0.07036095537698464f,8.673617379884035e-19f,0.8370633803466144f,0.5471059287584983f,4.400316780710442f,-0.03479195669873853f,0.5467746980301189f,-0.8365566025937188f,2.4122396321125876f,0f,0f,0f,1f], start_interpolation: 0, interpolation_duration: 1 }
$data merge entity $(bone_eyelid_expressions_right5) { transformation: [-0.9993945766057934f,-0.0190348857829888f,0.029123072883119102f,-0.651104281796604f,8.673617379884035e-19f,0.8370633803466144f,0.5471059287584983f,4.234113190938621f,-0.03479195669873853f,0.5467746980301189f,-0.8365566025937188f,2.9545573145342763f,0f,0f,0f,1f], start_interpolation: 0, interpolation_duration: 1 }
$data merge entity $(bone_eyelid_expressions_right7) { transformation: [-0.9993945766057934f,-0.0190348857829888f,0.029123072883119102f,-0.31439419495187876f,8.673617379884035e-19f,0.8370633803466144f,0.5471059287584983f,4.234113190938621f,-0.03479195669873853f,0.5467746980301189f,-0.8365566025937188f,2.966279214007973f,0f,0f,0f,1f], start_interpolation: 0, interpolation_duration: 1 }
$data merge entity $(bone_eyelid_expressions_right6) { transformation: [-0.9993945766057934f,-0.0190348857829888f,0.029123072883119102f,-0.4266308905667872f,8.673617379884035e-19f,0.8370633803466144f,0.5471059287584983f,4.234113190938621f,-0.03479195669873853f,0.5467746980301189f,-0.8365566025937188f,2.9623719141834073f,0f,0f,0f,1f], start_interpolation: 0, interpolation_duration: 1 }
$data merge entity $(bone_right_eye1) { transformation: [-0.9993945766057934f,-0.0190348857829888f,0.029123072883119102f,-0.08191169069839332f,8.673617379884035e-19f,0.8370633803466144f,0.5471059287584983f,4.39417252467458f,-0.03479195669873853f,0.5467746980301189f,-0.8365566025937188f,2.421243824913166f,0f,0f,0f,1f], start_interpolation: 0, interpolation_duration: 1 }
$data merge entity $(bone_tear_left1) { transformation: [-0.9993945766057934f,-0.0190348857829888f,0.029123072883119102f,0.5108444256354556f,8.673617379884035e-19f,0.8370633803466144f,0.5471059287584983f,4.076822188422891f,-0.03479195669873853f,0.5467746980301189f,-0.8365566025937188f,2.825017165621766f,0f,0f,0f,1f], start_interpolation: 0, interpolation_duration: 1 }
$data merge entity $(bone_left_sad_pupil1) { transformation: [-0.9993945766057934f,-0.0190348857829888f,0.029123072883119102f,0.32188048301438466f,8.673617379884035e-19f,0.8370633803466144f,0.5471059287584983f,4.1401070495911005f,-0.03479195669873853f,0.5467746980301189f,-0.8365566025937188f,2.926950083918228f,0f,0f,0f,1f], start_interpolation: 0, interpolation_duration: 1 }
$data merge entity $(bone_left_pupil1) { transformation: [-0.9993945766057934f,-0.0190348857829888f,0.029123072883119102f,0.32155341725446684f,8.673617379884035e-19f,0.8370633803466144f,0.5471059287584983f,4.133962793555238f,-0.03479195669873853f,0.5467746980301189f,-0.8365566025937188f,2.936345006701263f,0f,0f,0f,1f], start_interpolation: 0, interpolation_duration: 1 }
$data merge entity $(bone_eyelid_left1) { transformation: [-0.9993945766057934f,-0.0190348857829888f,0.029123072883119102f,-0.09280829449996633f,8.673617379884035e-19f,0.8370633803466144f,0.5471059287584983f,4.400316780710442f,-0.03479195669873853f,0.5467746980301189f,-0.8365566025937188f,2.4114581721476744f,0f,0f,0f,1f], start_interpolation: 0, interpolation_duration: 1 }
$data merge entity $(bone_left_happy_pupil1) { transformation: [-0.9993945766057934f,-0.0190348857829888f,0.029123072883119102f,0.3504744359597399f,8.673617379884035e-19f,0.8370633803466144f,0.5471059287584983f,4.116605815073872f,-0.03479195669873853f,0.5467746980301189f,-0.8365566025937188f,2.912575777476091f,0f,0f,0f,1f], start_interpolation: 0, interpolation_duration: 1 }
$data merge entity $(bone_eyelid_expressions_left5) { transformation: [-0.9993945766057934f,-0.0190348857829888f,0.029123072883119102f,0.44881533522949874f,8.673617379884035e-19f,0.8370633803466144f,0.5471059287584983f,4.234113190938621f,-0.03479195669873853f,0.5467746980301189f,-0.8365566025937188f,2.9928488528150172f,0f,0f,0f,1f], start_interpolation: 0, interpolation_duration: 1 }
$data merge entity $(bone_eyelid_expressions_left7) { transformation: [-0.9993945766057934f,-0.0190348857829888f,0.029123072883119102f,0.11210524838477325f,8.673617379884035e-19f,0.8370633803466144f,0.5471059287584983f,4.234113190938621f,-0.03479195669873853f,0.5467746980301189f,-0.8365566025937188f,2.9811269533413207f,0f,0f,0f,1f], start_interpolation: 0, interpolation_duration: 1 }
$data merge entity $(bone_eyelid_expressions_left6) { transformation: [-0.9993945766057934f,-0.0190348857829888f,0.029123072883119102f,0.22434194399968171f,8.673617379884035e-19f,0.8370633803466144f,0.5471059287584983f,4.234113190938621f,-0.03479195669873853f,0.5467746980301189f,-0.8365566025937188f,2.985034253165886f,0f,0f,0f,1f], start_interpolation: 0, interpolation_duration: 1 }
$data merge entity $(bone_left_eye1) { transformation: [-0.9993945766057934f,-0.0190348857829888f,0.029123072883119102f,-0.08191169069839332f,8.673617379884035e-19f,0.8370633803466144f,0.5471059287584983f,4.39417252467458f,-0.03479195669873853f,0.5467746980301189f,-0.8365566025937188f,2.421243824913166f,0f,0f,0f,1f], start_interpolation: 0, interpolation_duration: 1 }
$data merge entity $(bone_crest_middle5) { transformation: [-0.9993945766057934f,-0.012280296334402422f,0.032552643101077965f,-0.12217285945984645f,8.673617379884035e-19f,0.9356370319424504f,0.35296365883462005f,5.293260073309592f,-0.03479195669873853f,0.35274996637825695f,-0.9350705753948263f,3.5777408295632585f,0f,0f,0f,1f], start_interpolation: 0, interpolation_duration: 1 }
$data merge entity $(bone_crest_middle4) { transformation: [-0.9993945766057934f,-0.012280296334402422f,0.032552643101077965f,-0.11389805040639168f,8.673617379884035e-19f,0.9356370319424504f,0.35296365883462005f,4.662801526395246f,-0.03479195669873853f,0.35274996637825695f,-0.9350705753948263f,3.3400479811247847f,0f,0f,0f,1f], start_interpolation: 0, interpolation_duration: 1 }
$data merge entity $(bone_crest_middle1) { transformation: [-0.9993945766057934f,-0.012280296334402422f,0.032552643101077965f,-0.11043381612298092f,8.673617379884035e-19f,0.9356370319424504f,0.35296365883462005f,4.160227884309962f,-0.03479195669873853f,0.35274996637825695f,-0.9350705753948263f,3.240538287407038f,0f,0f,0f,1f], start_interpolation: 0, interpolation_duration: 1 }
$data merge entity $(bone_crest_left5) { transformation: [-0.5209204547528345f,-0.8420084902244601f,0.140226895458843f,-1.2166798614981789f,-0.7059720945875526f,0.5173177737108691f,0.483720707295536f,4.7023819670406715f,-0.47983880781337784f,0.15298373571316437f,-0.8639159074374546f,3.2713464583058167f,0f,0f,0f,1f], start_interpolation: 0, interpolation_duration: 1 }
$data merge entity $(bone_crest_left4) { transformation: [-0.5209204547528345f,-0.8420084902244601f,0.140226895458843f,-0.7438723596631549f,-0.7059720945875526f,0.5173177737108691f,0.483720707295536f,4.411895912466697f,-0.47983880781337784f,0.15298373571316437f,-0.8639159074374546f,3.185442505146569f,0f,0f,0f,1f], start_interpolation: 0, interpolation_duration: 1 }
$data merge entity $(bone_crest_left1) { transformation: [-0.5209204547528345f,-0.8420084902244601f,0.140226895458843f,-0.215910038807829f,-0.7059720945875526f,0.5173177737108691f,0.483720707295536f,4.119523303870378f,-0.47983880781337784f,0.15298373571316437f,-0.8639159074374546f,3.042437253665876f,0f,0f,0f,1f], start_interpolation: 0, interpolation_duration: 1 }
$data merge entity $(bone_crest_center1) { transformation: [-0.9993945766057934f,-0.0190348857829888f,0.029123072883119102f,-0.10313892330871846f,8.673617379884035e-19f,0.8370633803466144f,0.5471059287584983f,4.09602206935315f,-0.03479195669873853f,0.5467746980301189f,-0.8365566025937188f,3.0309934095888034f,0f,0f,0f,1f], start_interpolation: 0, interpolation_duration: 1 }
$data merge entity $(bone_crest_right5) { transformation: [-0.5530281744356307f,0.8293312587676781f,-0.07980915681306326f,0.990991596053552f,0.7059720945875526f,0.5173177737108691f,0.483720707295536f,4.7023819670406715f,0.4424513983976741f,0.21116814208977774f,-0.8715760298575758f,3.348202198324984f,0f,0f,0f,1f], start_interpolation: 0, interpolation_duration: 1 }
$data merge entity $(bone_crest_right4) { transformation: [-0.5530281744356307f,0.8293312587676781f,-0.07980915681306326f,0.5253026568041234f,0.7059720945875526f,0.5173177737108691f,0.483720707295536f,4.411895912466697f,0.4424513983976741f,0.21116814208977774f,-0.8715760298575758f,3.2296263372882437f,0f,0f,0f,1f], start_interpolation: 0, interpolation_duration: 1 }
$data merge entity $(bone_crest_right1) { transformation: [-0.5530281744356307f,0.8293312587676781f,-0.07980915681306326f,0.00856335242198785f,0.7059720945875526f,0.5173177737108691f,0.483720707295536f,4.119523303870378f,0.4424513983976741f,0.21116814208977774f,-0.8715760298575758f,3.0502518533150065f,0f,0f,0f,1f], start_interpolation: 0, interpolation_duration: 1 }
$data merge entity $(bone_head1) { transformation: [-1.0475424924058117f,-0.019951931061596324f,0.030526137592331856f,-0.06285422045318367f,9.091486967196152e-19f,0.8773906525768546f,0.5734638966804569f,4.685103535973233f,-0.036468131695943366f,0.5731167082216738f,-0.8768594597499262f,1.873820391048655f,0f,0f,0f,1f], start_interpolation: 0, interpolation_duration: 1 }
$data merge entity $(bone_neck10) { transformation: [-1.496489274865446f,-0.02078721795789822f,0.04777052926533856f,-0.02258155296426049f,1.2987838524565938e-18f,1.3730337065828382f,0.5974719426646075f,4.698892183146914f,-0.05209733099420483f,0.5971102191731366f,-1.3722024398558386f,0.716993086899429f,0f,0f,0f,1f], start_interpolation: 0, interpolation_duration: 1 }
$data merge entity $(bone_neck9) { transformation: [-1.1448142952720668f,-0.021804610374458865f,0.033360707511619854f,0.003573307929088077f,9.935696471292949e-19f,0.9588626417447064f,0.6267141156579286f,3.446091065449841f,-0.03985445821056672f,0.6263346882708299f,-0.9582821238695634f,-0.03430199992272867f,0f,0f,0f,1f], start_interpolation: 0, interpolation_duration: 1 }
$data merge entity $(bone_neck8) { transformation: [-1.0625073851544666f,0.005997525222628971f,0.0364996380850598f,-0.002050476892270635f,9.221365352441817e-19f,1.0490826486451446f,-0.17238252147072916f,2.66877563547184f,-0.03698910500588543f,-0.17227815705947844f,-1.0484475094671988f,0.1272405111562087f,0f,0f,0f,1f], start_interpolation: 0, interpolation_duration: 1 }
$data merge entity $(bone_neck7) { transformation: [-1.0550249387801394f,0.01706865209065507f,0.03252157010009361f,-0.018180998484690812f,9.156426159818987e-19f,0.9347439231916714f,-0.4905918985371105f,1.8333618754774532f,-0.036728618350914406f,-0.4902948827247279f,-0.9341780073529788f,0.590587713409765f,0f,0f,0f,1f], start_interpolation: 0, interpolation_duration: 1 }
$data merge entity $(bone_neck6) { transformation: [-1.0490389816806776f,0.012302492584512619f,0.034385691855595785f,-0.02875968846435754f,9.104474805720722e-19f,0.9883230240063653f,-0.3536016295674074f,0.9570267880360994f,-0.036520229026937585f,-0.3533875508686377f,-0.9877246701265989f,0.8944592514441954f,0f,0f,0f,1f], start_interpolation: 0, interpolation_duration: 1 }
$data merge entity $(bone_neck_spine6) { transformation: [-1.2699587568952029f,0.08180514970034397f,0.022316849786781973f,0.10610526132373248f,0.020855525237748106f,-0.023352221312849357f,1.2724013082921297f,0.14457286387890889f,0.08218984954943723f,1.269940140226684f,0.021959904115930337f,-1.6995950915724658f,0f,0f,0f,1f], start_interpolation: 0, interpolation_duration: 1 }
$data merge entity $(bone_neck_spine7) { transformation: [-0.961540123234956f,0.2594062564852451f,-0.09027173148675838f,-0.45452375864370104f,-0.01056467032649773f,0.2934885767856293f,0.9559042018095946f,0.1704355728845769f,0.27446125254796644f,0.9200939350917694f,-0.2794605007101082f,-5.312230934345249f,0f,0f,0f,1f], start_interpolation: 0, interpolation_duration: 1 }
$data merge entity $(bone_tail6) { transformation: [-1.5911794550075158f,0.6503171950247453f,0.10265196220366041f,-1.8167773826803773f,0.04985263126778095f,-0.1487089521518505f,1.7148476026261643f,0.3865610278838087f,0.656478936939178f,1.5875374423717301f,0.1185841977253333f,-8.824062994135058f,0f,0f,0f,1f], start_interpolation: 0, interpolation_duration: 1 }
$data merge entity $(bone_tail5) { transformation: [-1.314452593267078f,0.537218552411746f,0.08479944703780642f,-1.4774814548413797f,0.04118260843860166f,-0.12284652569065911f,1.4166132369520488f,0.3089737485002345f,0.5423086870367122f,1.3114439741331683f,0.09796085899049271f,-7.995782589419373f,0f,0f,0f,1f], start_interpolation: 0, interpolation_duration: 1 }
$data merge entity $(bone_tail4) { transformation: [-0.9685440160915312f,0.395845249145497f,0.06248380308048894f,-1.307833490921881f,0.030345079902127533f,-0.09051849261416986f,1.0438202798594043f,0.27018010880844745f,0.39959587465863f,0.9663271388349659f,0.07218168557194199f,-7.581642387061531f,0f,0f,0f,1f], start_interpolation: 0, interpolation_duration: 1 }
$data merge entity $(bone_segment18) { transformation: [-0.9240270861593739f,0.3582253021388338f,0.1335985664270349f,-1.1066815878654068f,0.028950337099172604f,-0.28287427056531766f,0.9587199930292387f,0.11133957602030517f,0.38122935619605947f,0.8897509651355715f,0.2510127447255565f,-7.082026366599662f,0f,0f,0f,1f], start_interpolation: 0, interpolation_duration: 1 }
$data merge entity $(bone_segment17) { transformation: [-0.9302219737650527f,0.34368364870427676f,0.1287191871399347f,-0.8557992368825482f,-0.00983130403292914f,-0.37394633756779644f,0.9273982327353464f,-0.16163394676478096f,0.36686567703406436f,0.8614207370576513f,0.35123195865608636f,-6.453206053171346f,0f,0f,0f,1f], start_interpolation: 0, interpolation_duration: 1 }
$data merge entity $(bone_segment16) { transformation: [-0.936194768421456f,0.3492346336798917f,0.03968030013455871f,-0.5224234024859716f,-0.007607587984551498f,-0.13300169524754754f,0.9910866125956579f,-0.2885960142496226f,0.35139931728071727f,0.9275482303900701f,0.12717232448491123f,-5.5677779328526995f,0f,0f,0f,1f], start_interpolation: 0, interpolation_duration: 1 }
$data merge entity $(bone_segment15) { transformation: [-0.961540123234956f,0.27393124598321833f,-0.02005651722976127f,-0.1994038912313465f,-0.01056467032649773f,0.03608198331621505f,0.9992929891782794f,-0.2460481677121913f,0.27446125254796644f,0.9610721944547402f,-0.03180028137849554f,-4.434482351989322f,0f,0f,0f,1f], start_interpolation: 0, interpolation_duration: 1 }
$data merge entity $(bone_segment14) { transformation: [-1.033573237093908f,0.17421717836844636f,0.007066565624800195f,-0.0034095655668443525f,-0.0038534343227279323f,-0.06529426943372703f,1.046134316160314f,-0.3195042208251342f,0.17431784943692108f,1.031532952050309f,0.06502502769883392f,-3.2740077809327244f,0f,0f,0f,1f], start_interpolation: 0, interpolation_duration: 1 }
$data merge entity $(bone_segment13) { transformation: [-1.0234373511449575f,0.061800752676082336f,0.02915933938295979f,0.07022385099166498f,0.016807099750420534f,-0.19659307961853487f,1.0065596327427737f,-0.5838283700585742f,0.06623534934278176f,1.0048011941861723f,0.19514366626326762f,-2.0691872140777816f,0f,0f,0f,1f], start_interpolation: 0, interpolation_duration: 1 }
$data merge entity $(bone_segment12) { transformation: [-1.1153547658476557f,-0.019859424212339143f,0.00795177732034601f,0.04623260026534923f,0.0050694012296293835f,0.15748551894385449f,1.1043760653354608f,-0.3935774075760654f,-0.02078289353701846f,1.1042091268345031f,-0.15736631387717553f,-0.7352433024656302f,0f,0f,0f,1f], start_interpolation: 0, interpolation_duration: 1 }
$data merge entity $(bone_segment11) { transformation: [-1.189247402912015f,-0.05012514989391981f,0.017347186990597317f,-0.008158541345049581f,-0.015216510647217593f,0.695366988488812f,0.9661035400023491f,0.4100761287475514f,-0.050812531447447004f,0.9649223085562172f,-0.6953170974309417f,0.38003057176917365f,0f,0f,0f,1f], start_interpolation: 0, interpolation_duration: 1 }
$data merge entity $(bone_segment10) { transformation: [-1.047542492405812f,-0.019174206653876362f,0.031020548489462813f,-0.030475854366107686f,9.091486967196156e-19f,0.891601146726753f,0.5511103275939514f,1.3227901956948784f,-0.03646813169594338f,0.5507766725088371f,-0.8910613505342232f,0.9437559009432757f,0f,0f,0f,1f], start_interpolation: 0, interpolation_duration: 1 }