# This file was generated by Animated Java via MC-Build. It is not recommended to edit this file directly.
$data merge entity $(bone_neck_spine5) { transformation: [-1.5713137386087186f,-0.016733849903207636f,0.05207982991092068f,0.12361377889342372f,-1.363723045079424e-18f,1.4968928123783554f,0.4809689218719441f,4.434771824948297f,-0.05470219754391509f,0.48067773203475656f,-1.4959865584511218f,-0.2943978172608026f,0f,0f,0f,1f], start_interpolation: 0, interpolation_duration: 1 }
$data merge entity $(bone_neck_spine2) { transformation: [-1.496489274865446f,-0.0134668996450204f,0.05032667792205924f,-0.056960920795090866f,-1.2987838524565938e-18f,1.446503235153887f,0.38706933794007276f,5.5381070060447755f,-0.05209733099420483f,0.38683499710770364f,-1.4456274882555293f,1.664695447631444f,0f,0f,0f,1f], start_interpolation: 0, interpolation_duration: 1 }
$data merge entity $(bone_scale_neck_left1) { transformation: [-1.5957188278733776f,0.38382751227192297f,0.13933034138777348f,0.7379405380103474f,0.39391380334019904f,1.298940742905656f,0.9330808875951931f,4.675736809861254f,0.10755658392746457f,0.9372750226483798f,-1.3501859849705913f,1.426496876681588f,0f,0f,0f,1f], start_interpolation: 0, interpolation_duration: 1 }
$data merge entity $(bone_scale_neck_right1) { transformation: [-1.5843759787123177f,-0.44807805976258913f,-0.04509868375519966f,-0.8333732005983705f,-0.39391380334019904f,1.298940742905656f,0.9330808875951931f,4.675736809861254f,-0.21826533040113585f,0.9083138662471072f,-1.3566065187687208f,1.3717946791376727f,0f,0f,0f,1f], start_interpolation: 0, interpolation_duration: 1 }
$data merge entity $(bone_blush_right1) { transformation: [-0.9993945766057934f,-0.018853627001734683f,0.029240742121334026f,-0.7485839528198729f,-8.673617379884035e-19f,0.8404454619936399f,0.5418961389549634f,3.844175851995864f,-0.03479195669873853f,0.5415680623552097f,-0.8399366366493944f,2.486915688330335f,0f,0f,0f,1f], start_interpolation: 0, interpolation_duration: 1 }
$data merge entity $(bone_blush_left1) { transformation: [-0.9993945766057934f,-0.018853627001734683f,0.029240742121334026f,0.5758090554360468f,-8.673617379884035e-19f,0.8404454619936399f,0.5418961389549634f,3.844175851995864f,-0.03479195669873853f,0.5415680623552097f,-0.8399366366493944f,2.533021826260206f,0f,0f,0f,1f], start_interpolation: 0, interpolation_duration: 1 }
$data merge entity $(bone_left_head_scales) { transformation: [-0.8999756881933902f,-0.018853627001734683f,-0.435532204790545f,0.5847634989428894f,-0.25021979067987354f,0.8404454619936399f,0.48066774571050347f,4.67068579220057f,0.3569787346789077f,0.5415680623552097f,-0.7610980336486685f,2.598595789015258f,0f,0f,0f,1f], start_interpolation: 0, interpolation_duration: 1 }
$data merge entity $(bone_left_head_scales2) { transformation: [-0.8354279111401819f,-0.018853627001734683f,-0.5492765660728955f,0.5967764958429536f,-0.31081885625417915f,0.8404454619936399f,0.4438953300172698f,3.824311857626468f,0.45326796035545736f,0.5415680623552097f,-0.707991659521514f,2.253523965241066f,0f,0f,0f,1f], start_interpolation: 0, interpolation_duration: 1 }
$data merge entity $(bone_left_head_scales1) { transformation: [-0.9993945766057934f,-0.018853627001734683f,0.029240742121334026f,0.5868808496315607f,-8.673617379884035e-19f,0.8404454619936399f,0.5418961389549634f,4.576299827230581f,-0.03479195669873853f,0.5415680623552097f,-0.8399366366493944f,2.537775157012476f,0f,0f,0f,1f], start_interpolation: 0, interpolation_duration: 1 }
$data merge entity $(bone_right_head_scales) { transformation: [-0.8729719439444117f,-0.018853627001734683f,0.487405914854133f,-0.7620768484360119f,0.25021979067987354f,0.8404454619936399f,0.48066774571050347f,4.67068579220057f,-0.4187004196774051f,0.5415680623552097f,-0.7289677581339168f,2.5517081911204738f,0f,0f,0f,1f], start_interpolation: 0, interpolation_duration: 1 }
$data merge entity $(bone_right_head_scales2) { transformation: [-0.8018843098157524f,-0.018853627001734683f,0.5971817934433314f,-0.7500638515359477f,0.31081885625417915f,0.8404454619936399f,0.4438953300172698f,3.824311857626468f,-0.5102677652646288f,0.5415680623552097f,-0.6680799664476292f,2.206636367346282f,0f,0f,0f,1f], start_interpolation: 0, interpolation_duration: 1 }
$data merge entity $(bone_right_head_scales1) { transformation: [-0.9993945766057934f,-0.018853627001734683f,0.029240742121334026f,-0.7599594977473405f,-8.673617379884035e-19f,0.8404454619936399f,0.5418961389549634f,4.576299827230581f,-0.03479195669873853f,0.5415680623552097f,-0.8399366366493944f,2.4908875591176916f,0f,0f,0f,1f], start_interpolation: 0, interpolation_duration: 1 }
$data merge entity $(bone_head_left_fin1) { transformation: [-0.752520523757081f,0.013243491604454129f,-0.7295290736356332f,0.5972838017348178f,-0.16041149638486019f,1.0193614133201017f,0.18397189700274305f,4.267995673291381f,0.7117978724168207f,0.243725495156622f,-0.7298060494807649f,2.23895166735626f,0f,0f,0f,1f], start_interpolation: 0, interpolation_duration: 1 }
$data merge entity $(bone_head_right_fin1) { transformation: [-0.7011990062093644f,-0.03016053578049075f,0.778514928435934f,-0.7495565456440835f,0.16041149638486019f,1.0193614133201017f,0.18397189700274305f,4.267995673291381f,-0.7624062588566174f,0.24221446930489435f,-0.6773064633832889f,2.192064069461476f,0f,0f,0f,1f], start_interpolation: 0, interpolation_duration: 1 }
$data merge entity $(bone_right_whisker16) { transformation: [0.26100012755547086f,0.9284841519519911f,-0.26418953989516736f,-1.2685936426543964f,0.9641354854867845f,-0.26438304027215487f,0.02333181608049892f,1.5391846198198007f,-0.04818401229858429f,-0.2608041172804683f,-0.9641885258435537f,1.9549372227522728f,0f,0f,0f,1f], start_interpolation: 0, interpolation_duration: 1 }
$data merge entity $(bone_right_whisker15) { transformation: [-0.8864734885010583f,0.37995873617373754f,-0.26418953989516736f,-0.9699282583449578f,0.38796614041703364f,0.9213782612197317f,0.02333181608049892f,1.4084733713394524f,0.25228362625163453f,-0.08181355973773509f,-0.9641885258435537f,1.869939321329603f,0f,0f,0f,1f], start_interpolation: 0, interpolation_duration: 1 }
$data merge entity $(bone_right_whisker14) { transformation: [-0.7189994461363934f,-0.6428403250151156f,-0.26418953989516736f,-0.7276872340118958f,-0.6710907170724366f,0.7410080133288629f,0.02333181608049892f,1.6345732711343648f,0.18076793386760348f,0.19407071061051973f,-0.9641885258435537f,1.8090360623605375f,0f,0f,0f,1f], start_interpolation: 0, interpolation_duration: 1 }
$data merge entity $(bone_right_whisker13) { transformation: [-0.08649680954362139f,-0.9956103156203263f,-0.035754739114822305f,-0.6985452425152656f,-0.9715806932134082f,0.07636288906341293f,0.22405281910487487f,1.9619124695314603f,-0.2203389627681118f,0.054118468236669354f,-0.9739209068923353f,1.8832713574337783f,0f,0f,0f,1f], start_interpolation: 0, interpolation_duration: 1 }
$data merge entity $(bone_right_whisker12) { transformation: [0.08210118606621061f,-0.9964925552972064f,-0.016185872968916895f,-0.7354266346934462f,-0.8996428424113239f,-0.0810903964029017f,0.4290304228248785f,2.366048902645922f,-0.4288381411961804f,-0.02066240180774541f,-0.9031450126125593f,2.07591349117425f,0f,0f,0f,1f], start_interpolation: 0, interpolation_duration: 1 }
$data merge entity $(bone_right_whisker11) { transformation: [0.29687751763344994f,-0.9548707494398256f,0.009251561383175372f,-0.8687895820678476f,-0.9460691570197076f,-0.2927977144455098f,0.1386457664391717f,2.7910409067758692f,-0.12967995087838471f,-0.04991342784974522f,-0.9902988236186427f,2.1341681566078994f,0f,0f,0f,1f], start_interpolation: 0, interpolation_duration: 1 }
$data merge entity $(bone_right_whisker10) { transformation: [0.06658283196201036f,-0.9903461793728304f,0.12157784127692307f,-0.898699838613282f,-0.9913756546681791f,-0.07944681835417088f,-0.10422338693709077f,3.23638543914634f,0.112876205726264f,-0.11358982373010973f,-0.9870948860802616f,2.0834620485668043f,0f,0f,0f,1f], start_interpolation: 0, interpolation_duration: 1 }
$data merge entity $(bone_right_whisker1) { transformation: [-0.3342916494630712f,-0.938041459863902f,0.09125411045897615f,-0.7485297617060429f,-0.9258712659561679f,0.34495290255513755f,0.1541748808837186f,3.6523041719000875f,-0.17610080061141747f,-0.03295018353796553f,-0.9838205087457936f,2.1625698300914644f,0f,0f,0f,1f], start_interpolation: 0, interpolation_duration: 1 }
$data merge entity $(bone_left_whisker16) { transformation: [0.2570174542997661f,-0.9080995444681516f,0.3306013392622653f,1.131554554784358f,-0.9641354854867845f,-0.26438304027215487f,0.02333181608049892f,1.5391846198198007f,0.06621777563788822f,-0.32474116670540537f,-0.9434820511469107f,2.038493661931133f,0f,0f,0f,1f], start_interpolation: 0, interpolation_duration: 1 }
$data merge entity $(bone_left_whisker15) { transformation: [-0.8667831173350073f,-0.37334941004507227f,0.3306013392622653f,0.8395231334166064f,-0.38796614041703364f,0.9213782612197317f,0.02333181608049892f,1.4084733713394524f,-0.3133198068953148f,-0.10803850133494163f,-0.9434820511469107f,1.9329318129283168f,0f,0f,0f,1f], start_interpolation: 0, interpolation_duration: 1 }
$data merge entity $(bone_left_whisker14) { transformation: [-0.7046878519636937f,0.6277880102174553f,0.3306013392622653f,0.6021038864171201f,0.6710907170724366f,0.7410080133288629f,0.02333181608049892f,1.6345732711343648f,-0.23033080721865662f,0.23830513718680005f,-0.9434820511469107f,1.855330124949375f,0f,0f,0f,1f], start_interpolation: 0, interpolation_duration: 1 }
$data merge entity $(bone_left_whisker13) { transformation: [-0.10161016910740764f,0.9894364874521522f,0.10339637726879637f,0.5678699915518314f,0.9715806932134082f,0.07636288906341293f,0.22405281910487487f,1.9619124695314603f,0.21379038825194377f,0.1232239687408099f,-0.9690766344406652f,1.9273591131787897f,0f,0f,0f,1f], start_interpolation: 0, interpolation_duration: 1 }
$data merge entity $(bone_left_whisker12) { transformation: [0.05208025223606946f,0.99551698649835f,0.07895300450439949f,0.5912654173610032f,0.8996428424113239f,-0.0810903964029017f,0.4290304228248785f,2.366048902645922f,0.4335094040791976f,0.04868549275158475f,-0.8998329397007169f,2.1220996657924918f,0f,0f,0f,1f], start_interpolation: 0, interpolation_duration: 1 }
$data merge entity $(bone_left_whisker11) { transformation: [0.2871406135398917f,0.9560301139725607f,0.05963798482131542f,0.7202543648496265f,0.9460691570197076f,-0.2927977144455098f,0.1386457664391717f,2.7910409067758692f,0.15001139354047138f,0.01661082758620369f,-0.988544719380437f,2.1894875964845f,0f,0f,0f,1f], start_interpolation: 0, interpolation_duration: 1 }
$data merge entity $(bone_left_whisker10) { transformation: [0.07427125046141195f,0.9958478295653628f,-0.05263916512307852f,0.7536184031428388f,0.9913756546681791f,-0.07944681835417088f,-0.10422338693709077f,3.23638543914634f,-0.10797264786110133f,-0.04444438550993707f,-0.9931599085295915f,2.140984258578146f,0f,0f,0f,1f], start_interpolation: 0, interpolation_duration: 1 }
$data merge entity $(bone_left_whisker1) { transformation: [-0.3457287067157825f,0.9380619131418033f,-0.022616552906501903f,0.5983105856728583f,0.9258712659561679f,0.34495290255513755f,0.1541748808837186f,3.6523041719000875f,0.15242722929108027f,0.03236266570488017f,-0.9877846919441091f,2.2094574279862487f,0f,0f,0f,1f], start_interpolation: 0, interpolation_duration: 1 }
$data merge entity $(bone_upper_left_tooth1) { transformation: [-0.9993945766057934f,-0.016233384660849864f,0.03077267413436443f,0.19844568815299304f,-8.673617379884035e-19f,0.8844766737560397f,0.46658441206436785f,3.5157891703825888f,-0.03479195669873853f,0.46630193094593186f,-0.883941190886118f,3.2048661227677204f,0f,0f,0f,1f], start_interpolation: 0, interpolation_duration: 1 }
$data merge entity $(bone_upper_right_tooth1) { transformation: [-0.9993945766057934f,-0.016233384660849864f,0.03077267413436443f,-0.4749744855364576f,-8.673617379884035e-19f,0.8844766737560397f,0.46658441206436785f,3.5157891703825888f,-0.03479195669873853f,0.46630193094593186f,-0.883941190886118f,3.181422323820328f,0f,0f,0f,1f], start_interpolation: 0, interpolation_duration: 1 }
$data merge entity $(bone_top_lip1) { transformation: [-0.9993945766057934f,0.0008417921681362003f,0.03478177161779661f,-0.11221025934112362f,-8.673617379884035e-19f,0.9997072575989294f,-0.024195022298550917f,3.6250531344745216f,-0.03479195669873853f,-0.024180374066028187f,-0.9991020114378212f,3.2517257426526074f,0f,0f,0f,1f], start_interpolation: 0, interpolation_duration: 1 }
$data merge entity $(bone_muzzle1) { transformation: [-0.9993945766057934f,-0.016233384660849864f,0.03077267413436443f,-0.09766530936723403f,-8.673617379884035e-19f,0.8844766737560397f,0.46658441206436785f,4.036047532091639f,-0.03479195669873853f,0.46630193094593186f,-0.883941190886118f,2.833923885551685f,0f,0f,0f,1f], start_interpolation: 0, interpolation_duration: 1 }
$data merge entity $(bone_jaw_right_tooth1) { transformation: [-0.9993945766057934f,0.00362389989045916f,0.034602710883843f,-0.47436341757024f,-8.673617379884035e-19f,0.9945606446761761f,-0.10415912855486369f,3.3824857247671387f,-0.03479195669873853f,-0.10409606818171666f,-0.9939585143949321f,3.163869473411155f,0f,0f,0f,1f], start_interpolation: 0, interpolation_duration: 1 }
$data merge entity $(bone_jaw_left_tooth1) { transformation: [-0.9993945766057934f,0.00362389989045916f,0.034602710883843f,0.2551751039266648f,-8.673617379884035e-19f,0.9945606446761761f,-0.10415912855486369f,3.3824857247671387f,-0.03479195669873853f,-0.10409606818171666f,-0.9939585143949321f,3.18926692227083f,0f,0f,0f,1f], start_interpolation: 0, interpolation_duration: 1 }
$data merge entity $(bone_tongue1) { transformation: [-0.9993945766057934f,-0.010095923787851733f,0.03329493315501304f,-0.08254950050950864f,-8.673617379884035e-19f,0.9569721370750103f,0.2901798215970356f,3.6060098656335295f,-0.03479195669873853f,0.29000413994451385f,-0.9563927637556215f,2.39972417887154f,0f,0f,0f,1f], start_interpolation: 0, interpolation_duration: 1 }
$data merge entity $(bone_jaw_lips1) { transformation: [-0.9993945766057934f,-0.010095923787851733f,0.03329493315501304f,-0.05504068033581276f,-8.673617379884035e-19f,0.9569721370750103f,0.2901798215970356f,3.2217084507588263f,-0.03479195669873853f,0.29000413994451385f,-0.9563927637556215f,3.22348290873405f,0f,0f,0f,1f], start_interpolation: 0, interpolation_duration: 1 }
$data merge entity $(bone_jaw3) { transformation: [-0.9993945766057934f,-0.0024398529790507217f,0.03470630156567413f,-0.0236537314513116f,-8.673617379884035e-19f,0.9975380765788457f,0.07012692617944039f,3.200691601038267f,-0.03479195669873853f,0.07008446969776733f,-0.9969341436906732f,2.321896752974347f,0f,0f,0f,1f], start_interpolation: 0, interpolation_duration: 1 }
$data merge entity $(bone_jaw1) { transformation: [-0.9993945766057934f,-0.026266297773578435f,0.022815824600408503f,-0.003155139036882082f,-8.673617379884035e-19f,0.6557787133954366f,0.7549531634859382f,3.878969833857665f,-0.03479195669873853f,0.7544960971792335f,-0.6553816896209246f,1.7330772662055474f,0f,0f,0f,1f], start_interpolation: 0, interpolation_duration: 1 }
$data merge entity $(bone_tear_right1) { transformation: [-0.9993945766057934f,-0.018853627001734683f,0.029240742121334026f,-0.7028318175883526f,-8.673617379884035e-19f,0.8404454619936399f,0.5418961389549634f,4.11975500050231f,-0.03479195669873853f,0.5415680623552097f,-0.8399366366493944f,2.786637489601196f,0f,0f,0f,1f], start_interpolation: 0, interpolation_duration: 1 }
$data merge entity $(bone_right_pupil1) { transformation: [-0.9993945766057934f,-0.018853627001734683f,0.029240742121334026f,-0.5217293031135737f,-8.673617379884035e-19f,0.8404454619936399f,0.5418961389549634f,4.177626479546622f,-0.03479195669873853f,0.5415680623552097f,-0.8399366366493944f,2.910502446710379f,0f,0f,0f,1f], start_interpolation: 0, interpolation_duration: 1 }
$data merge entity $(bone_right_sad_pupil1) { transformation: [-0.9993945766057934f,-0.018853627001734683f,0.029240742121334026f,-0.5214009158729532f,-8.673617379884035e-19f,0.8404454619936399f,0.5418961389549634f,4.1837122272009015f,-0.03479195669873853f,0.5415680623552097f,-0.8399366366493944f,2.901069564560508f,0f,0f,0f,1f], start_interpolation: 0, interpolation_duration: 1 }
$data merge entity $(bone_right_happy_pupil1) { transformation: [-0.9993945766057934f,-0.018853627001734683f,0.029240742121334026f,-0.5489303997226087f,-8.673617379884035e-19f,0.8404454619936399f,0.5418961389549634f,4.160116037993492f,-0.03479195669873853f,0.5415680623552097f,-0.8399366366493944f,2.8848877887330526f,0f,0f,0f,1f], start_interpolation: 0, interpolation_duration: 1 }
$data merge entity $(bone_eyelid_right1) { transformation: [-0.9993945766057934f,-0.018853627001734683f,0.029240742121334026f,-0.07181124122277156f,-8.673617379884035e-19f,0.8404454619936399f,0.5418961389549634f,4.440806627429876f,-0.03479195669873853f,0.5415680623552097f,-0.8399366366493944f,2.4140582578934957f,0f,0f,0f,1f], start_interpolation: 0, interpolation_duration: 1 }
$data merge entity $(bone_eyelid_expressions_right5) { transformation: [-0.9993945766057934f,-0.018853627001734683f,0.029240742121334026f,-0.6525901073613434f,-8.673617379884035e-19f,0.8404454619936399f,0.5418961389549634f,4.278098192170891f,-0.03479195669873853f,0.5415680623552097f,-0.8399366366493944f,2.957396814268399f,0f,0f,0f,1f], start_interpolation: 0, interpolation_duration: 1 }
$data merge entity $(bone_eyelid_expressions_right7) { transformation: [-0.9993945766057934f,-0.018853627001734683f,0.029240742121334026f,-0.315880020516618f,-8.673617379884035e-19f,0.8404454619936399f,0.5418961389549634f,4.278098192170891f,-0.03479195669873853f,0.5415680623552097f,-0.8399366366493944f,2.969118713742095f,0f,0f,0f,1f], start_interpolation: 0, interpolation_duration: 1 }
$data merge entity $(bone_eyelid_expressions_right6) { transformation: [-0.9993945766057934f,-0.018853627001734683f,0.029240742121334026f,-0.42811671613152646f,-8.673617379884035e-19f,0.8404454619936399f,0.5418961389549634f,4.278098192170891f,-0.03479195669873853f,0.5415680623552097f,-0.8399366366493944f,2.9652114139175296f,0f,0f,0f,1f], start_interpolation: 0, interpolation_duration: 1 }
$data merge entity $(bone_right_eye1) { transformation: [-0.9993945766057934f,-0.018853627001734683f,0.029240742121334026f,-0.08336329802488286f,-8.673617379884035e-19f,0.8404454619936399f,0.5418961389549634f,4.434720879775597f,-0.03479195669873853f,0.5415680623552097f,-0.8399366366493944f,2.4231004100609104f,0f,0f,0f,1f], start_interpolation: 0, interpolation_duration: 1 }
$data merge entity $(bone_tear_left1) { transformation: [-0.9993945766057934f,-0.018853627001734683f,0.029240742121334026f,0.5093244950526585f,-8.673617379884035e-19f,0.8404454619936399f,0.5418961389549634f,4.11975500050231f,-0.03479195669873853f,0.5415680623552097f,-0.8399366366493944f,2.828836327706502f,0f,0f,0f,1f], start_interpolation: 0, interpolation_duration: 1 }
$data merge entity $(bone_left_sad_pupil1) { transformation: [-0.9993945766057934f,-0.018853627001734683f,0.029240742121334026f,0.32037430123886f,-8.673617379884035e-19f,0.8404454619936399f,0.5418961389549634f,4.1837122272009015f,-0.03479195669873853f,0.5415680623552097f,-0.8399366366493944f,2.930374313244748f,0f,0f,0f,1f], start_interpolation: 0, interpolation_duration: 1 }
$data merge entity $(bone_left_pupil1) { transformation: [-0.9993945766057934f,-0.018853627001734683f,0.029240742121334026f,0.32004591399823956f,-8.673617379884035e-19f,0.8404454619936399f,0.5418961389549634f,4.177626479546622f,-0.03479195669873853f,0.5415680623552097f,-0.8399366366493944f,2.939807195394619f,0f,0f,0f,1f], start_interpolation: 0, interpolation_duration: 1 }
$data merge entity $(bone_eyelid_left1) { transformation: [-0.9993945766057934f,-0.018853627001734683f,0.029240742121334026f,-0.09425858034575325f,-8.673617379884035e-19f,0.8404454619936399f,0.5418961389549634f,4.440806627429876f,-0.03479195669873853f,0.5415680623552097f,-0.8399366366493944f,2.4132767979285825f,0f,0f,0f,1f], start_interpolation: 0, interpolation_duration: 1 }
$data merge entity $(bone_left_happy_pupil1) { transformation: [-0.9993945766057934f,-0.018853627001734683f,0.029240742121334026f,0.3489631651966587f,-8.673617379884035e-19f,0.8404454619936399f,0.5418961389549634f,4.160116037993492f,-0.03479195669873853f,0.5415680623552097f,-0.8399366366493944f,2.9161461873295753f,0f,0f,0f,1f], start_interpolation: 0, interpolation_duration: 1 }
$data merge entity $(bone_eyelid_expressions_left5) { transformation: [-0.9993945766057934f,-0.018853627001734683f,0.029240742121334026f,0.4473295096647594f,-8.673617379884035e-19f,0.8404454619936399f,0.5418961389549634f,4.278098192170891f,-0.03479195669873853f,0.5415680623552097f,-0.8399366366493944f,2.99568835254914f,0f,0f,0f,1f], start_interpolation: 0, interpolation_duration: 1 }
$data merge entity $(bone_eyelid_expressions_left7) { transformation: [-0.9993945766057934f,-0.018853627001734683f,0.029240742121334026f,0.11061942282003405f,-8.673617379884035e-19f,0.8404454619936399f,0.5418961389549634f,4.278098192170891f,-0.03479195669873853f,0.5415680623552097f,-0.8399366366493944f,2.983966453075444f,0f,0f,0f,1f], start_interpolation: 0, interpolation_duration: 1 }
$data merge entity $(bone_eyelid_expressions_left6) { transformation: [-0.9993945766057934f,-0.018853627001734683f,0.029240742121334026f,0.22285611843494252f,-8.673617379884035e-19f,0.8404454619936399f,0.5418961389549634f,4.278098192170891f,-0.03479195669873853f,0.5415680623552097f,-0.8399366366493944f,2.9878737529000094f,0f,0f,0f,1f], start_interpolation: 0, interpolation_duration: 1 }
$data merge entity $(bone_left_eye1) { transformation: [-0.9993945766057934f,-0.018853627001734683f,0.029240742121334026f,-0.08336329802488286f,-8.673617379884035e-19f,0.8404454619936399f,0.5418961389549634f,4.434720879775597f,-0.03479195669873853f,0.5415680623552097f,-0.8399366366493944f,2.4231004100609104f,0f,0f,0f,1f], start_interpolation: 0, interpolation_duration: 1 }
$data merge entity $(bone_crest_middle5) { transformation: [-0.9993945766057934f,-0.012077865825516971f,0.03262829152787051f,-0.12342939496034241f,-8.673617379884035e-19f,0.9378113398564192f,0.34714534540550535f,5.3409787645125535f,-0.03479195669873853f,0.34693517549220676f,-0.937243566931918f,3.5739940010647206f,0f,0f,0f,1f], start_interpolation: 0, interpolation_duration: 1 }
$data merge entity $(bone_crest_middle4) { transformation: [-0.9993945766057934f,-0.012077865825516971f,0.03262829152787051f,-0.11529098927713273f,-8.673617379884035e-19f,0.9378113398564192f,0.34714534540550535f,4.709055107773365f,-0.03479195669873853f,0.34693517549220676f,-0.937243566931918f,3.340219322266261f,0f,0f,0f,1f], start_interpolation: 0, interpolation_duration: 1 }
$data merge entity $(bone_crest_middle1) { transformation: [-0.9993945766057934f,-0.012077865825516971f,0.03262829152787051f,-0.11193542930329003f,-8.673617379884035e-19f,0.9378113398564192f,0.34714534540550535f,4.205872703313981f,-0.03479195669873853f,0.34693517549220676f,-0.937243566931918f,3.243831284411079f,0f,0f,0f,1f], start_interpolation: 0, interpolation_duration: 1 }
$data merge entity $(bone_crest_left5) { transformation: [-0.5210733268584228f,-0.8418965742219565f,0.1403308460390264f,-1.2180642672620332f,-0.7088245133176947f,0.5184394045077404f,0.4783182969253764f,4.748446632822697f,-0.47544757582369523f,0.1497689626290875f,-0.8669018747680608f,3.2712726870261086f,0f,0f,0f,1f], start_interpolation: 0, interpolation_duration: 1 }
$data merge entity $(bone_crest_left4) { transformation: [-0.5210733268584228f,-0.8418965742219565f,0.1403308460390264f,-0.7453196088854463f,-0.7088245133176947f,0.5184394045077404f,0.4783182969253764f,4.457330756268058f,-0.47544757582369523f,0.1497689626290875f,-0.8669018747680608f,3.187173904299814f,0f,0f,0f,1f], start_interpolation: 0, interpolation_duration: 1 }
$data merge entity $(bone_crest_left1) { transformation: [-0.5210733268584228f,-0.8418965742219565f,0.1403308460390264f,-0.2174205787656897f,-0.7088245133176947f,0.5184394045077404f,0.4783182969253764f,4.1639619854888235f,-0.47544757582369523f,0.1497689626290875f,-0.8669018747680608f,3.045986671231395f,0f,0f,0f,1f], start_interpolation: 0, interpolation_duration: 1 }
$data merge entity $(bone_crest_center1) { transformation: [-0.9993945766057934f,-0.018853627001734683f,0.029240742121334026f,-0.10465455225413564f,-8.673617379884035e-19f,0.8404454619936399f,0.5418961389549634f,4.140365796281414f,-0.03479195669873853f,0.5415680623552097f,-0.8399366366493944f,3.0346890076812874f,0f,0f,0f,1f], start_interpolation: 0, interpolation_duration: 1 }
$data merge entity $(bone_crest_right5) { transformation: [-0.5528753023300425f,0.8294431747701817f,-0.07970520623287987f,0.9896071902896977f,0.7088245133176947f,0.5184394045077404f,0.4783182969253764f,4.748446632822697f,0.4380601664079915f,0.20795336900570088f,-0.874561997188182f,3.3481284270452765f,0f,0f,0f,1f], start_interpolation: 0, interpolation_duration: 1 }
$data merge entity $(bone_crest_right4) { transformation: [-0.5528753023300425f,0.8294431747701817f,-0.07970520623287987f,0.5238554075818319f,0.7088245133176947f,0.5184394045077404f,0.4783182969253764f,4.457330756268058f,0.4380601664079915f,0.20795336900570088f,-0.874561997188182f,3.231357736441489f,0f,0f,0f,1f], start_interpolation: 0, interpolation_duration: 1 }
$data merge entity $(bone_crest_right1) { transformation: [-0.5528753023300425f,0.8294431747701817f,-0.07970520623287987f,0.0070528124641271485f,0.7088245133176947f,0.5184394045077404f,0.4783182969253764f,4.1639619854888235f,0.4380601664079915f,0.20795336900570088f,-0.874561997188182f,3.053801270880526f,0f,0f,0f,1f], start_interpolation: 0, interpolation_duration: 1 }
$data merge entity $(bone_head1) { transformation: [-1.0475424924058117f,-0.01976193976093283f,0.03064947579124203f,-0.0642433244464224f,-9.091486967196152e-19f,0.8809356730532288f,0.5680031143994079f,4.722244018275968f,-0.036468131695943366f,0.5676592320259682f,-0.8804023339879716f,1.8738815758166072f,0f,0f,0f,1f], start_interpolation: 0, interpolation_duration: 1 }
$data merge entity $(bone_neck10) { transformation: [-1.496489274865446f,-0.0199206380879436f,0.04813834308416635f,-0.023968563572570798f,-1.2987838524565938e-18f,1.3836055126474596f,0.5725644654146708f,4.7151145460896835f,-0.05209733099420483f,0.5722178214926171f,-1.3827678455017498f,0.7169941394488253f,0f,0f,0f,1f], start_interpolation: 0, interpolation_duration: 1 }
$data merge entity $(bone_neck9) { transformation: [-1.1448142952720668f,-0.021596977024448044f,0.03349549854328597f,0.0019150591770548476f,-9.935696471292949e-19f,0.962736842693887f,0.6207462607364965f,3.45766826320843f,-0.03985445821056672f,0.6203704464283804f,-0.9621539792868558f,-0.026509665837990165f,0f,0f,0f,1f], start_interpolation: 0, interpolation_duration: 1 }
$data merge entity $(bone_neck8) { transformation: [-1.0625073851544666f,0.006224119044487606f,0.03646168168442681f,-0.003876597066068504f,-9.221365352441817e-19f,1.047991695326202f,-0.17889534349510378f,2.6813718215960125f,-0.03698910500588543f,-0.1787870360690373f,-1.0473572166369174f,0.13985493069970406f,0f,0f,0f,1f], start_interpolation: 0, interpolation_duration: 1 }
$data merge entity $(bone_neck7) { transformation: [-1.0550249387801394f,0.017423893143378746f,0.03233263604618784f,-0.020324557628613325f,-9.156426159818987e-19f,0.9293135285880642f,-0.5008023346962401f,1.8510871123135306f,-0.036728618350914406f,-0.5004991372469418f,-0.9287509004373045f,0.6123205274112933f,0f,0f,0f,1f], start_interpolation: 0, interpolation_duration: 1 }
$data merge entity $(bone_neck6) { transformation: [-1.0490389816806776f,0.012678440594397992f,0.03424885797036589f,-0.03123661633723241f,-9.104474805720722e-19f,0.9843901067975194f,-0.36440723079129606f,0.978135458739191f,-0.036520229026937585f,-0.364186610128757f,-0.9837941339978387f,0.9257680402208657f,0f,0f,0f,1f], start_interpolation: 0, interpolation_duration: 1 }
$data merge entity $(bone_neck_spine6) { transformation: [-1.2710443310169934f,0.06570233856853504f,0.01071820007736923f,0.11230192919595593f,0.010411462543173907f,-0.006208770375914934f,1.2727287303800607f,0.14956499712715143f,0.06575164297555626f,1.2710743575392256f,0.0056628234097694016f,-1.6665852212619603f,0f,0f,0f,1f], start_interpolation: 0, interpolation_duration: 1 }
$data merge entity $(bone_neck_spine7) { transformation: [-0.9631107669344436f,0.2499158758198041f,-0.09979832477636089f,-0.40890201122636793f,-0.015257063512714173f,0.319545490123674f,0.9474480997683146f,0.10437644944850227f,0.2686724262515913f,0.9140200953780181f,-0.3039447196732361f,-5.289674708124508f,0f,0f,0f,1f], start_interpolation: 0, interpolation_duration: 1 }
$data merge entity $(bone_tail6) { transformation: [-1.5433689696218038f,0.7353852972090769f,0.20621014956683537f,-1.8893108648301629f,0.152927754762661f,-0.15796449715033378f,1.7079116654529947f,0.27191802520092023f,0.748282876296732f,1.5490505543125082f,0.07626961880283543f,-8.747400758651828f,0f,0f,0f,1f], start_interpolation: 0, interpolation_duration: 1 }
$data merge entity $(bone_tail5) { transformation: [-1.2749569749049683f,0.6074922020422808f,0.17034751485955962f,-1.505631579329775f,0.1263316234995895f,-0.13049241068940617f,1.4108835497220389f,0.1895017658181374f,0.6181467238973003f,1.2796504579103327f,0.06300533727190753f,-7.939200469445303f,0f,0f,0f,1f], start_interpolation: 0, interpolation_duration: 1 }
$data merge entity $(bone_tail4) { transformation: [-0.9394419815089239f,0.44762583308378584f,0.125519221475465f,-1.313791936579581f,0.09308645942075015f,-0.09615230261324664f,1.0395984050583444f,0.14829363612674598f,0.4554765333980107f,0.9429003374076135f,0.04642498535824765f,-7.535100324842039f,0f,0f,0f,1f], start_interpolation: 0, interpolation_duration: 1 }
$data merge entity $(bone_segment18) { transformation: [-0.896262660619694f,0.3959960613125346f,0.1997507511972525f,-1.0914308669949058f,0.08880795134799518f,-0.2810212559405183f,0.9555836967461229f,-0.009506385519541138f,0.43454158714245f,0.8741934414845342f,0.21670125959289557f,-7.044220218539689f,0f,0f,0f,1f], start_interpolation: 0, interpolation_duration: 1 }
$data merge entity $(bone_segment17) { transformation: [-0.9157601709551493f,0.3805342959004187f,0.1287515395471778f,-0.8136482632980666f,-0.013425219449819677f,-0.3493066969550593f,0.936912266407624f,-0.2644934519003098f,0.40150102462499415f,0.8562584195824993f,0.32498991694998924f,-6.419168296041721f,0f,0f,0f,1f], start_interpolation: 0, interpolation_duration: 1 }
$data merge entity $(bone_segment16) { transformation: [-0.9323914511338162f,0.36032774220679586f,0.02846225656425455f,-0.4696830601660908f,-0.008985419910539773f,-0.10182698325096727f,0.9947615431403842f,-0.3616964559313846f,0.36133840659637595f,0.9272514134139458f,0.09818030474709281f,-5.534023514193935f,0f,0f,0f,1f], start_interpolation: 0, interpolation_duration: 1 }
$data merge entity $(bone_segment15) { transformation: [-0.9631107669344436f,0.26722990597544943f,-0.03171479098622933f,-0.15456576381320486f,-0.015257063512714173f,0.06343962911842216f,0.9978690472553431f,-0.28688849483715145f,0.2686724262515913f,0.9615422979826054f,-0.05702224620631628f,-4.4001735876177674f,0f,0f,0f,1f], start_interpolation: 0, interpolation_duration: 1 }
$data merge entity $(bone_segment14) { transformation: [-1.0356504421742876f,0.16151228746383672f,-0.0041401265165931615f,0.02713555958361144f,-0.010963615711468581f,-0.0434571059939316f,1.0472184476480233f,-0.3357777390803245f,0.16119292409999167f,1.034746567504335f,0.04462712497196247f,-3.2360836991753903f,0f,0f,0f,1f], start_interpolation: 0, interpolation_duration: 1 }
$data merge entity $(bone_segment13) { transformation: [-1.0243121961725183f,0.05064404576927624f,0.01770076900983126f,0.08764570934843352f,0.008390413931851913f,-0.18303318456463077f,1.0092185423016018f,-0.5838434072869307f,0.05298808875088946f,1.0079819670011152f,0.18236838671841826f,-2.0270825907179266f,0f,0f,0f,1f], start_interpolation: 0, interpolation_duration: 1 }
$data merge entity $(bone_segment12) { transformation: [-1.1151506821883153f,-0.030209699287584428f,0.0004596472182116263f,0.05115077061175434f,-0.004035442068559998f,0.1657479339155249f,1.1031705302453119f,-0.38361100389904823f,-0.0299424850993164f,1.102764198577087f,-0.16579641466083855f,-0.6948842300207742f,0f,0f,0f,1f], start_interpolation: 0, interpolation_duration: 1 }
$data merge entity $(bone_segment11) { transformation: [-1.1890517305053363f,-0.05516321636235887f,0.015357168494605385f,-0.009911609680864297f,-0.020121309932427583f,0.7014286609248538f,0.9616214470367832f,0.4270479984518689f,-0.05360928977533006f,0.9602487667657132f,-0.701549136451652f,0.414958683576636f,0f,0f,0f,1f], start_interpolation: 0, interpolation_duration: 1 }
$data merge entity $(bone_segment10) { transformation: [-1.047542492405812f,-0.018915844875760604f,0.031178765883672042f,-0.03281327338600962f,-9.091486967196156e-19f,0.8961486746390007f,0.5436844222229801f,1.3444172777781636f,-0.03646813169594338f,0.5433552629547006f,-0.895606125266687f,0.9710573154794879f,0f,0f,0f,1f], start_interpolation: 0, interpolation_duration: 1 }