# This file was generated by Animated Java via MC-Build. It is not recommended to edit this file directly.
$data merge entity $(bone_neck_spine5) { transformation: [-1.3663597727032335f,-0.014551173828876203f,0.04528680861819189f,0.10873512158355633f,-1.1858461261560207e-18f,1.3016459238072653f,0.41823384510603834f,3.84366532677991f,-0.04756712829905659f,0.41798063655196216f,-1.3008578769140189f,-0.28803968326526175f,0f,0f,0f,1f], start_interpolation: 0, interpolation_duration: 1 }
$data merge entity $(bone_neck_spine2) { transformation: [-1.3012950216221268f,-0.011710347517409044f,0.0437623286278776f,-0.04828635640645637f,-1.1293772630057337e-18f,1.2578289001338148f,0.33658203299136763f,4.803087223385544f,-0.04530202695148246f,0.3363782583545249f,-1.2570673810917647f,1.4155196775106051f,0f,0f,0f,1f], start_interpolation: 0, interpolation_duration: 1 }
$data merge entity $(bone_scale_neck_left1) { transformation: [-1.3875815894551111f,0.33376305414949825f,0.12115681859806392f,0.6429323034243598f,0.34253374203495573f,1.1295136894831794f,0.8113746848653854f,4.053200096269437f,0.09352746428475182f,0.8150217588246782f,-1.1740747695396447f,1.2083904853802951f,0f,0f,0f,1f], start_interpolation: 0, interpolation_duration: 1 }
$data merge entity $(bone_scale_neck_right1) { transformation: [-1.3777182423585372f,-0.3896330954457297f,-0.039216246743651886f,-0.7234274692788735f,-0.34253374203495573f,1.1295136894831794f,0.8113746848653854f,4.053200096269437f,-0.18979593947924858f,0.789838144562702f,-1.1796578424075834f,1.1608233570812387f,0f,0f,0f,1f], start_interpolation: 0, interpolation_duration: 1 }
$data merge entity $(bone_blush_right1) { transformation: [-0.9993945766057934f,-0.018853627001734683f,0.029240742121334026f,-0.649697688601919f,-8.673617379884035e-19f,0.8404454619936399f,0.5418961389549634f,3.3301036111690987f,-0.03479195669873853f,0.5415680623552097f,-0.8399366366493944f,2.130493799857467f,0f,0f,0f,1f], start_interpolation: 0, interpolation_duration: 1 }
$data merge entity $(bone_blush_left1) { transformation: [-0.9993945766057934f,-0.018853627001734683f,0.029240742121334026f,0.5019484055336634f,-8.673617379884035e-19f,0.8404454619936399f,0.5418961389549634f,3.3301036111690987f,-0.03479195669873853f,0.5415680623552097f,-0.8399366366493944f,2.1705860937095287f,0f,0f,0f,1f], start_interpolation: 0, interpolation_duration: 1 }
$data merge entity $(bone_left_head_scales) { transformation: [-0.8999756881933902f,-0.018853627001734683f,-0.435532204790545f,0.5097348781483091f,-0.25021979067987354f,0.8404454619936399f,0.48066774571050347f,4.0488079069992775f,0.3569787346789077f,0.5415680623552097f,-0.7610980336486685f,2.227606930887835f,0f,0f,0f,1f], start_interpolation: 0, interpolation_duration: 1 }
$data merge entity $(bone_left_head_scales2) { transformation: [-0.8354279111401819f,-0.018853627001734683f,-0.5492765660728955f,0.5201809624092345f,-0.31081885625417915f,0.8404454619936399f,0.4438953300172698f,3.312830572587015f,0.45326796035545736f,0.5415680623552097f,-0.707991659521514f,1.9275444754320161f,0f,0f,0f,1f], start_interpolation: 0, interpolation_duration: 1 }
$data merge entity $(bone_left_head_scales1) { transformation: [-0.9993945766057934f,-0.018853627001734683f,0.029240742121334026f,0.5115760526601972f,-8.673617379884035e-19f,0.8404454619936399f,0.5418961389549634f,3.966733154851461f,-0.03479195669873853f,0.5415680623552097f,-0.8399366366493944f,2.174719424798459f,0f,0f,0f,1f], start_interpolation: 0, interpolation_duration: 1 }
$data merge entity $(bone_right_head_scales) { transformation: [-0.8729719439444117f,-0.018853627001734683f,0.487405914854133f,-0.6614306413116051f,0.25021979067987354f,0.8404454619936399f,0.48066774571050347f,4.0488079069992775f,-0.4187004196774051f,0.5415680623552097f,-0.7289677581339168f,2.186835106631501f,0f,0f,0f,1f], start_interpolation: 0, interpolation_duration: 1 }
$data merge entity $(bone_right_head_scales2) { transformation: [-0.8018843098157524f,-0.018853627001734683f,0.5971817934433314f,-0.6509845570506797f,0.31081885625417915f,0.8404454619936399f,0.4438953300172698f,3.312830572587015f,-0.5102677652646288f,0.5415680623552097f,-0.6680799664476292f,1.886772651175682f,0f,0f,0f,1f], start_interpolation: 0, interpolation_duration: 1 }
$data merge entity $(bone_right_head_scales1) { transformation: [-0.9993945766057934f,-0.018853627001734683f,0.029240742121334026f,-0.659589466799717f,-8.673617379884035e-19f,0.8404454619936399f,0.5418961389549634f,3.966733154851461f,-0.03479195669873853f,0.5415680623552097f,-0.8399366366493944f,2.133947600542125f,0f,0f,0f,1f], start_interpolation: 0, interpolation_duration: 1 }
$data merge entity $(bone_head_left_fin1) { transformation: [-0.7179326239073767f,0.012634784536920213f,-0.6959979236672874f,0.5206220979673772f,-0.15303854561934488f,0.972508776931476f,0.17551604583615735f,3.6986425862086785f,0.6790816969144327f,0.23252320531712511f,-0.6962621689456242f,1.9148729120539234f,0f,0f,0f,1f], start_interpolation: 0, interpolation_duration: 1 }
$data merge entity $(bone_head_right_fin1) { transformation: [-0.6689699835637166f,-0.028774275129710432f,0.7427322547065806f,-0.650543421492537f,0.15303854561934488f,0.972508776931476f,0.17551604583615735f,3.6986425862086785f,-0.7273639836048226f,0.2310816303430545f,-0.6461756073023179f,1.8741010877975892f,0f,0f,0f,1f], start_interpolation: 0, interpolation_duration: 1 }
$data merge entity $(bone_right_whisker16) { transformation: [0.26100012755547086f,0.9284841519519911f,-0.26418953989516736f,-1.1018800275884615f,0.9641354854867845f,-0.26438304027215487f,0.02333181608049892f,1.32576340927687f,-0.04818401229858429f,-0.2608041172804683f,-0.9641885258435537f,1.6679038297895872f,0f,0f,0f,1f], start_interpolation: 0, interpolation_duration: 1 }
$data merge entity $(bone_right_whisker15) { transformation: [-0.8864734885010583f,0.37995873617373754f,-0.26418953989516736f,-0.842170997754167f,0.38796614041703364f,0.9213782612197317f,0.02333181608049892f,1.212101454076567f,0.25228362625163453f,-0.08181355973773509f,-0.9641885258435537f,1.5939926111611786f,0f,0f,0f,1f], start_interpolation: 0, interpolation_duration: 1 }
$data merge entity $(bone_right_whisker14) { transformation: [-0.7189994461363934f,-0.6428403250151156f,-0.26418953989516736f,-0.6315266287688955f,-0.6710907170724366f,0.7410080133288629f,0.02333181608049892f,1.4087100625938824f,0.18076793386760348f,0.19407071061051973f,-0.9641885258435537f,1.541033255535904f,0f,0f,0f,1f], start_interpolation: 0, interpolation_duration: 1 }
$data merge entity $(bone_right_whisker13) { transformation: [-0.08649680954362139f,-0.9956103156203263f,-0.035754739114822305f,-0.6061857665979127f,-0.9715806932134082f,0.07636288906341293f,0.22405281910487487f,1.6933528438087482f,-0.2203389627681118f,0.054118468236669354f,-0.9739209068923353f,1.6055856860343742f,0f,0f,0f,1f], start_interpolation: 0, interpolation_duration: 1 }
$data merge entity $(bone_right_whisker12) { transformation: [0.08210118606621061f,-0.9964925552972064f,-0.016185872968916895f,-0.6382565424050262f,-0.8996428424113239f,-0.0810903964029017f,0.4290304228248785f,2.0447758291256717f,-0.4288381411961804f,-0.02066240180774541f,-0.9031450126125593f,1.7731005849391321f,0f,0f,0f,1f], start_interpolation: 0, interpolation_duration: 1 }
$data merge entity $(bone_right_whisker11) { transformation: [0.29687751763344994f,-0.9548707494398256f,0.009251561383175372f,-0.7542243227305926f,-0.9460691570197076f,-0.2927977144455098f,0.1386457664391717f,2.414334093586495f,-0.12967995087838471f,-0.04991342784974522f,-0.9902988236186427f,1.8237568157510011f,0f,0f,0f,1f], start_interpolation: 0, interpolation_duration: 1 }
$data merge entity $(bone_right_whisker10) { transformation: [0.06658283196201036f,-0.9903461793728304f,0.12157784127692307f,-0.7802332414657529f,-0.9913756546681791f,-0.07944681835417088f,-0.10422338693709077f,2.8015902086912527f,0.112876205726264f,-0.11358982373010973f,-0.9870948860802616f,1.7796645478891793f,0f,0f,0f,1f], start_interpolation: 0, interpolation_duration: 1 }
$data merge entity $(bone_right_whisker1) { transformation: [-0.3342916494630712f,-0.938041459863902f,0.09125411045897615f,-0.6496505658942408f,-0.9258712659561679f,0.34495290255513755f,0.1541748808837186f,3.1632586719553806f,-0.17610080061141747f,-0.03295018353796553f,-0.9838205087457936f,1.8484539231280142f,0f,0f,0f,1f], start_interpolation: 0, interpolation_duration: 1 }
$data merge entity $(bone_left_whisker16) { transformation: [0.2570174542997661f,-0.9080995444681516f,0.3306013392622653f,0.9852053614887167f,-0.9641354854867845f,-0.26438304027215487f,0.02333181608049892f,1.32576340927687f,0.06621777563788822f,-0.32474116670540537f,-0.9434820511469107f,1.7405616029885955f,0f,0f,0f,1f], start_interpolation: 0, interpolation_duration: 1 }
$data merge entity $(bone_left_whisker15) { transformation: [-0.8667831173350073f,-0.37334941004507227f,0.3306013392622653f,0.7312649950819763f,-0.38796614041703364f,0.9213782612197317f,0.02333181608049892f,1.212101454076567f,-0.3133198068953148f,-0.10803850133494163f,-0.9434820511469107f,1.6487686908122337f,0f,0f,0f,1f], start_interpolation: 0, interpolation_duration: 1 }
$data merge entity $(bone_left_whisker14) { transformation: [-0.7046878519636937f,0.6277880102174553f,0.3306013392622653f,0.5248134759519879f,0.6710907170724366f,0.7410080133288629f,0.02333181608049892f,1.4087100625938824f,-0.23033080721865662f,0.23830513718680005f,-0.9434820511469107f,1.581288962134893f,0f,0f,0f,1f], start_interpolation: 0, interpolation_duration: 1 }
$data merge entity $(bone_left_whisker13) { transformation: [-0.10161016910740764f,0.9894364874521522f,0.10339637726879637f,0.4950448717213021f,0.9715806932134082f,0.07636288906341293f,0.22405281910487487f,1.6933528438087482f,0.21379038825194377f,0.1232239687408099f,-0.9690766344406652f,1.6439228649430795f,0f,0f,0f,1f], start_interpolation: 0, interpolation_duration: 1 }
$data merge entity $(bone_left_whisker12) { transformation: [0.05208025223606946f,0.99551698649835f,0.07895300450439949f,0.5153887202510168f,0.8996428424113239f,-0.0810903964029017f,0.4290304228248785f,2.0447758291256717f,0.4335094040791976f,0.04868549275158475f,-0.8998329397007169f,1.8132624759115161f,0f,0f,0f,1f], start_interpolation: 0, interpolation_duration: 1 }
$data merge entity $(bone_left_whisker11) { transformation: [0.2871406135398917f,0.9560301139725607f,0.05963798482131542f,0.627553022415037f,0.9460691570197076f,-0.2927977144455098f,0.1386457664391717f,2.414334093586495f,0.15001139354047138f,0.01661082758620369f,-0.988544719380437f,1.8718606765132628f,0f,0f,0f,1f], start_interpolation: 0, interpolation_duration: 1 }
$data merge entity $(bone_left_whisker10) { transformation: [0.07427125046141195f,0.9958478295653628f,-0.05263916512307852f,0.656565229626526f,0.9913756546681791f,-0.07944681835417088f,-0.10422338693709077f,2.8015902086912527f,-0.10797264786110133f,-0.04444438550993707f,-0.9931599085295915f,1.8296838609425201f,0f,0f,0f,1f], start_interpolation: 0, interpolation_duration: 1 }
$data merge entity $(bone_left_whisker1) { transformation: [-0.3457287067157825f,0.9380619131418033f,-0.022616552906501903f,0.5215149535656735f,0.9258712659561679f,0.34495290255513755f,0.1541748808837186f,3.1632586719553806f,0.15242722929108027f,0.03236266570488017f,-0.9877846919441091f,1.8892257473843483f,0f,0f,0f,1f], start_interpolation: 0, interpolation_duration: 1 }
$data merge entity $(bone_upper_left_tooth1) { transformation: [-0.9993945766057934f,-0.016233384660849864f,0.03077267413436443f,0.17380634702666015f,-8.673617379884035e-19f,0.8844766737560397f,0.46658441206436785f,3.044549974983643f,-0.03479195669873853f,0.46630193094593186f,-0.883941190886118f,2.7547985254551923f,0f,0f,0f,1f], start_interpolation: 0, interpolation_duration: 1 }
$data merge entity $(bone_upper_right_tooth1) { transformation: [-0.9993945766057934f,-0.016233384660849864f,0.03077267413436443f,-0.41177641270329696f,-8.673617379884035e-19f,0.8844766737560397f,0.46658441206436785f,3.044549974983643f,-0.03479195669873853f,0.46630193094593186f,-0.883941190886118f,2.7344126133270255f,0f,0f,0f,1f], start_interpolation: 0, interpolation_duration: 1 }
$data merge entity $(bone_top_lip1) { transformation: [-0.9993945766057934f,0.0008417921681362003f,0.03478177161779661f,-0.0963292594899631f,-8.673617379884035e-19f,0.9997072575989294f,-0.024195022298550917f,3.1395621176722806f,-0.03479195669873853f,-0.024180374066028187f,-0.9991020114378212f,2.7955460210072682f,0f,0f,0f,1f], start_interpolation: 0, interpolation_duration: 1 }
$data merge entity $(bone_muzzle1) { transformation: [-0.9993945766057934f,-0.016233384660849864f,0.03077267413436443f,-0.08368147690397215f,-8.673617379884035e-19f,0.8844766737560397f,0.46658441206436785f,3.4969485503828173f,-0.03479195669873853f,0.46630193094593186f,-0.883941190886118f,2.432240058310814f,0f,0f,0f,1f], start_interpolation: 0, interpolation_duration: 1 }
$data merge entity $(bone_jaw_right_tooth1) { transformation: [-0.9993945766057934f,0.00362389989045916f,0.034602710883843f,-0.41124504925441213f,-8.673617379884035e-19f,0.9945606446761761f,-0.10415912855486369f,2.9286339353180346f,-0.03479195669873853f,-0.10409606818171666f,-0.9939585143949321f,2.7191492651451368f,0f,0f,0f,1f], start_interpolation: 0, interpolation_duration: 1 }
$data merge entity $(bone_jaw_left_tooth1) { transformation: [-0.9993945766057934f,0.00362389989045916f,0.034602710883843f,0.22313627378637474f,-8.673617379884035e-19f,0.9945606446761761f,-0.10415912855486369f,2.9286339353180346f,-0.03479195669873853f,-0.10409606818171666f,-0.9939585143949321f,2.741234003283984f,0f,0f,0f,1f], start_interpolation: 0, interpolation_duration: 1 }
$data merge entity $(bone_tongue1) { transformation: [-0.9993945766057934f,-0.010095923787851733f,0.03329493315501304f,-0.07053729528855877f,-8.673617379884035e-19f,0.9569721370750103f,0.2901798215970356f,3.123002753462722f,-0.03479195669873853f,0.29000413994451385f,-0.9563927637556215f,2.0546750959802536f,0f,0f,0f,1f], start_interpolation: 0, interpolation_duration: 1 }
$data merge entity $(bone_jaw_lips1) { transformation: [-0.9993945766057934f,-0.010095923787851733f,0.03329493315501304f,-0.046616582094040626f,-8.673617379884035e-19f,0.9569721370750103f,0.2901798215970356f,2.788827610093415f,-0.03479195669873853f,0.29000413994451385f,-0.9563927637556215f,2.770987034991132f,0f,0f,0f,1f], start_interpolation: 0, interpolation_duration: 1 }
$data merge entity $(bone_jaw3) { transformation: [-0.9993945766057934f,-0.0024398529790507217f,0.03470630156567413f,-0.0193235830640396f,-8.673617379884035e-19f,0.9975380765788457f,0.07012692617944039f,2.7705520885972765f,-0.03479195669873853f,0.07008446969776733f,-0.9969341436906732f,1.986999073460955f,0f,0f,0f,1f], start_interpolation: 0, interpolation_duration: 1 }
$data merge entity $(bone_jaw1) { transformation: [-0.9993945766057934f,-0.026266297773578435f,0.022815824600408503f,-0.001498720094970457f,-8.673617379884035e-19f,0.6557787133954366f,0.7549531634859382f,3.3603592475706656f,-0.03479195669873853f,0.7544960971792335f,-0.6553816896209246f,1.4749821284446079f,0f,0f,0f,1f], start_interpolation: 0, interpolation_duration: 1 }
$data merge entity $(bone_tear_right1) { transformation: [-0.9993945766057934f,-0.018853627001734683f,0.029240742121334026f,-0.6099132231832057f,-8.673617379884035e-19f,0.8404454619936399f,0.5418961389549634f,3.5697376533486174f,-0.03479195669873853f,0.5415680623552097f,-0.8399366366493944f,2.3911214531364764f,0f,0f,0f,1f], start_interpolation: 0, interpolation_duration: 1 }
$data merge entity $(bone_right_pupil1) { transformation: [-0.9993945766057934f,-0.018853627001734683f,0.029240742121334026f,-0.45243277581383273f,-8.673617379884035e-19f,0.8404454619936399f,0.5418961389549634f,3.6200606786045415f,-0.03479195669873853f,0.5415680623552097f,-0.8399366366493944f,2.4988301114922873f,0f,0f,0f,1f], start_interpolation: 0, interpolation_duration: 1 }
$data merge entity $(bone_right_sad_pupil1) { transformation: [-0.9993945766057934f,-0.018853627001734683f,0.029240742121334026f,-0.4521472216915541f,-8.673617379884035e-19f,0.8404454619936399f,0.5418961389549634f,3.6253526330865236f,-0.03479195669873853f,0.5415680623552097f,-0.8399366366493944f,2.490627605275008f,0f,0f,0f,1f], start_interpolation: 0, interpolation_duration: 1 }
$data merge entity $(bone_right_happy_pupil1) { transformation: [-0.9993945766057934f,-0.018853627001734683f,0.029240742121334026f,-0.4760859032999502f,-8.673617379884035e-19f,0.8404454619936399f,0.5418961389549634f,3.6048342076887763f,-0.03479195669873853f,0.5415680623552097f,-0.8399366366493944f,2.4765564958598296f,0f,0f,0f,1f], start_interpolation: 0, interpolation_duration: 1 }
$data merge entity $(bone_eyelid_right1) { transformation: [-0.9993945766057934f,-0.018853627001734683f,0.029240742121334026f,-0.061199678517483064f,-8.673617379884035e-19f,0.8404454619936399f,0.5418961389549634f,3.8489129811117184f,-0.03479195669873853f,0.5415680623552097f,-0.8399366366493944f,2.0671395125210847f,0f,0f,0f,1f], start_interpolation: 0, interpolation_duration: 1 }
$data merge entity $(bone_eyelid_expressions_right5) { transformation: [-0.9993945766057934f,-0.018853627001734683f,0.029240742121334026f,-0.5662247795075455f,-8.673617379884035e-19f,0.8404454619936399f,0.5418961389549634f,3.70742738523434f,-0.03479195669873853f,0.5415680623552097f,-0.8399366366493944f,2.539607822412305f,0f,0f,0f,1f], start_interpolation: 0, interpolation_duration: 1 }
$data merge entity $(bone_eyelid_expressions_right7) { transformation: [-0.9993945766057934f,-0.018853627001734683f,0.029240742121334026f,-0.27343339964256697f,-8.673617379884035e-19f,0.8404454619936399f,0.5418961389549634f,3.70742738523434f,-0.03479195669873853f,0.5415680623552097f,-0.8399366366493944f,2.5498007784763885f,0f,0f,0f,1f], start_interpolation: 0, interpolation_duration: 1 }
$data merge entity $(bone_eyelid_expressions_right6) { transformation: [-0.9993945766057934f,-0.018853627001734683f,0.029240742121334026f,-0.3710305262642265f,-8.673617379884035e-19f,0.8404454619936399f,0.5418961389549634f,3.70742738523434f,-0.03479195669873853f,0.5415680623552097f,-0.8399366366493944f,2.5464031264550275f,0f,0f,0f,1f], start_interpolation: 0, interpolation_duration: 1 }
$data merge entity $(bone_right_eye1) { transformation: [-0.9993945766057934f,-0.018853627001734683f,0.029240742121334026f,-0.07124494530192767f,-8.673617379884035e-19f,0.8404454619936399f,0.5418961389549634f,3.8436210266297364f,-0.03479195669873853f,0.5415680623552097f,-0.8399366366493944f,2.075002253536228f,0f,0f,0f,1f], start_interpolation: 0, interpolation_duration: 1 }
$data merge entity $(bone_tear_left1) { transformation: [-0.9993945766057934f,-0.018853627001734683f,0.029240742121334026f,0.4441357443307172f,-8.673617379884035e-19f,0.8404454619936399f,0.5418961389549634f,3.5697376533486174f,-0.03479195669873853f,0.5415680623552097f,-0.8399366366493944f,2.427816094967177f,0f,0f,0f,1f], start_interpolation: 0, interpolation_duration: 1 }
$data merge entity $(bone_left_sad_pupil1) { transformation: [-0.9993945766057934f,-0.018853627001734683f,0.029240742121334026f,0.27983122797089227f,-8.673617379884035e-19f,0.8404454619936399f,0.5418961389549634f,3.6253526330865236f,-0.03479195669873853f,0.5415680623552097f,-0.8399366366493944f,2.516109995435217f,0f,0f,0f,1f], start_interpolation: 0, interpolation_duration: 1 }
$data merge entity $(bone_left_pupil1) { transformation: [-0.9993945766057934f,-0.018853627001734683f,0.029240742121334026f,0.2795456738486136f,-8.673617379884035e-19f,0.8404454619936399f,0.5418961389549634f,3.6200606786045415f,-0.03479195669873853f,0.5415680623552097f,-0.8399366366493944f,2.524312501652496f,0f,0f,0f,1f], start_interpolation: 0, interpolation_duration: 1 }
$data merge entity $(bone_eyelid_left1) { transformation: [-0.9993945766057934f,-0.018853627001734683f,0.029240742121334026f,-0.08071910384181497f,-8.673617379884035e-19f,0.8404454619936399f,0.5418961389549634f,3.8489129811117184f,-0.03479195669873853f,0.5415680623552097f,-0.8399366366493944f,2.066459982116813f,0f,0f,0f,1f], start_interpolation: 0, interpolation_duration: 1 }
$data merge entity $(bone_left_happy_pupil1) { transformation: [-0.9993945766057934f,-0.018853627001734683f,0.029240742121334026f,0.30469110967332597f,-8.673617379884035e-19f,0.8404454619936399f,0.5418961389549634f,3.6048342076887763f,-0.03479195669873853f,0.5415680623552097f,-0.8399366366493944f,2.5037377120307194f,0f,0f,0f,1f], start_interpolation: 0, interpolation_duration: 1 }
$data merge entity $(bone_eyelid_expressions_left5) { transformation: [-0.9993945766057934f,-0.018853627001734683f,0.029240742121334026f,0.39022706138471774f,-8.673617379884035e-19f,0.8404454619936399f,0.5418961389549634f,3.70742738523434f,-0.03479195669873853f,0.5415680623552097f,-0.8399366366493944f,2.5729048122216445f,0f,0f,0f,1f], start_interpolation: 0, interpolation_duration: 1 }
$data merge entity $(bone_eyelid_expressions_left7) { transformation: [-0.9993945766057934f,-0.018853627001734683f,0.029240742121334026f,0.0974356815197392f,-8.673617379884035e-19f,0.8404454619936399f,0.5418961389549634f,3.70742738523434f,-0.03479195669873853f,0.5415680623552097f,-0.8399366366493944f,2.562711856157561f,0f,0f,0f,1f], start_interpolation: 0, interpolation_duration: 1 }
$data merge entity $(bone_eyelid_expressions_left6) { transformation: [-0.9993945766057934f,-0.018853627001734683f,0.029240742121334026f,0.19503280814139873f,-8.673617379884035e-19f,0.8404454619936399f,0.5418961389549634f,3.70742738523434f,-0.03479195669873853f,0.5415680623552097f,-0.8399366366493944f,2.566109508178922f,0f,0f,0f,1f], start_interpolation: 0, interpolation_duration: 1 }
$data merge entity $(bone_left_eye1) { transformation: [-0.9993945766057934f,-0.018853627001734683f,0.029240742121334026f,-0.07124494530192767f,-8.673617379884035e-19f,0.8404454619936399f,0.5418961389549634f,3.8436210266297364f,-0.03479195669873853f,0.5415680623552097f,-0.8399366366493944f,2.075002253536228f,0f,0f,0f,1f], start_interpolation: 0, interpolation_duration: 1 }
$data merge entity $(bone_crest_middle5) { transformation: [-0.9993945766057934f,-0.012077865825516971f,0.03262829152787051f,-0.10608502959363161f,-8.673617379884035e-19f,0.9378113398564192f,0.34714534540550535f,4.631671361183612f,-0.03479195669873853f,0.34693517549220676f,-0.937243566931918f,3.075779289191715f,0f,0f,0f,1f], start_interpolation: 0, interpolation_duration: 1 }
$data merge entity $(bone_crest_middle4) { transformation: [-0.9993945766057934f,-0.012077865825516971f,0.03262829152787051f,-0.09900815508649276f,-8.673617379884035e-19f,0.9378113398564192f,0.34714534540550535f,4.082172529236491f,-0.03479195669873853f,0.34693517549220676f,-0.937243566931918f,2.87249695980175f,0f,0f,0f,1f], start_interpolation: 0, interpolation_duration: 1 }
$data merge entity $(bone_crest_middle1) { transformation: [-0.9993945766057934f,-0.012077865825516971f,0.03262829152787051f,-0.09609027684836868f,-8.673617379884035e-19f,0.9378113398564192f,0.34714534540550535f,3.644622612315288f,-0.03479195669873853f,0.34693517549220676f,-0.937243566931918f,2.7886812747102874f,0f,0f,0f,1f], start_interpolation: 0, interpolation_duration: 1 }
$data merge entity $(bone_crest_left5) { transformation: [-0.5210733268584228f,-0.8418965742219565f,0.1403308460390264f,-1.0579414402907548f,-0.7088245133176947f,0.5184394045077404f,0.4783182969253764f,4.11642602927939f,-0.47544757582369523f,0.1497689626290875f,-0.8669018747680608f,2.8125433639407484f,0f,0f,0f,1f], start_interpolation: 0, interpolation_duration: 1 }
$data merge entity $(bone_crest_left4) { transformation: [-0.5210733268584228f,-0.8418965742219565f,0.1403308460390264f,-0.64685912865894f,-0.7088245133176947f,0.5184394045077404f,0.4783182969253764f,3.863281788797095f,-0.47544757582369523f,0.1497689626290875f,-0.8669018747680608f,2.7394139876570143f,0f,0f,0f,1f], start_interpolation: 0, interpolation_duration: 1 }
$data merge entity $(bone_crest_left1) { transformation: [-0.5210733268584228f,-0.8418965742219565f,0.1403308460390264f,-0.1878164937721945f,-0.7088245133176947f,0.5184394045077404f,0.4783182969253764f,3.6081785098586296f,-0.47544757582369523f,0.1497689626290875f,-0.8669018747680608f,2.6166424806409974f,0f,0f,0f,1f], start_interpolation: 0, interpolation_duration: 1 }
$data merge entity $(bone_crest_center1) { transformation: [-0.9993945766057934f,-0.018853627001734683f,0.029240742121334026f,-0.08975907941432137f,-8.673617379884035e-19f,0.8404454619936399f,0.5418961389549634f,3.5876600844608824f,-0.03479195669873853f,0.5415680623552097f,-0.8399366366493944f,2.606818425380034f,0f,0f,0f,1f], start_interpolation: 0, interpolation_duration: 1 }
$data merge entity $(bone_crest_right5) { transformation: [-0.5528753023300425f,0.8294431747701817f,-0.07970520623287987f,0.8617728706237953f,0.7088245133176947f,0.5184394045077404f,0.4783182969253764f,4.11642602927939f,0.4380601664079915f,0.20795336900570088f,-0.874561997188182f,2.879374442218285f,0f,0f,0f,1f], start_interpolation: 0, interpolation_duration: 1 }
$data merge entity $(bone_crest_right4) { transformation: [-0.5528753023300425f,0.8294431747701817f,-0.07970520623287987f,0.4567713204430424f,0.7088245133176947f,0.5184394045077404f,0.4783182969253764f,3.863281788797095f,0.4380601664079915f,0.20795336900570088f,-0.874561997188182f,2.7778347112584703f,0f,0f,0f,1f], start_interpolation: 0, interpolation_duration: 1 }
$data merge entity $(bone_crest_right1) { transformation: [-0.5528753023300425f,0.8294431747701817f,-0.07970520623287987f,0.007377759471124547f,0.7088245133176947f,0.5184394045077404f,0.4783182969253764f,3.6081785098586296f,0.4380601664079915f,0.20795336900570088f,-0.874561997188182f,2.62343778468372f,0f,0f,0f,1f], start_interpolation: 0, interpolation_duration: 1 }
$data merge entity $(bone_head1) { transformation: [-0.9993945766057934f,-0.018853627001734683f,0.029240742121334026f,-0.054618881320657696f,-8.673617379884035e-19f,0.8404454619936399f,0.5418961389549634f,4.093641147064842f,-0.03479195669873853f,0.5415680623552097f,-0.8399366366493944f,1.5974206585411816f,0f,0f,0f,1f], start_interpolation: 0, interpolation_duration: 1 }
$data merge entity $(bone_neck10) { transformation: [-1.3012950216221268f,-0.017322293989516173f,0.0418594287688403f,-0.01959735012600413f,-1.1293772630057337e-18f,1.2031352283890953f,0.49788214383884416f,4.087441606033289f,-0.04530202695148246f,0.4975807143414062f,-1.2024068221754347f,0.5914315834387626f,0f,0f,0f,1f], start_interpolation: 0, interpolation_duration: 1 }
$data merge entity $(bone_neck9) { transformation: [-0.9993945766057934f,-0.018853627001734683f,0.029240742121334026f,0.0029101479171485985f,-8.673617379884035e-19f,0.84044546199364f,0.5418961389549634f,2.9940100557017653f,-0.03479195669873853f,0.5415680623552098f,-0.8399366366493944f,-0.055093464636728956f,0f,0f,0f,1f], start_interpolation: 0, interpolation_duration: 1 }
$data merge entity $(bone_neck8) { transformation: [-0.9993945766057934f,0.005854407135537637f,0.03429586225797892f,-0.0023179985116395293f,-8.673617379884035e-19f,0.9857411169755336f,-0.1682689820015183f,2.3561219407827307f,-0.03479195669873853f,-0.16816710802329532f,-0.9851443262426853f,0.09508438341805575f,0f,0f,0f,1f], start_interpolation: 0, interpolation_duration: 1 }
$data merge entity $(bone_neck7) { transformation: [-0.9993945766057934f,0.01650514947161872f,0.03062776994569505f,-0.016469099894784282f,-8.673617379884035e-19f,0.8803117976634391f,-0.47439555109061043f,1.6483415588118113f,-0.03479195669873853f,-0.47410834092587273f,-0.8797788363069378f,0.5015729893269721f,0f,0f,0f,1f], start_interpolation: 0, interpolation_duration: 1 }
$data merge entity $(bone_neck6) { transformation: [-0.9993945766057934f,0.012078449887114878f,0.03262807532250947f,-0.02578878483898881f,-8.673617379884035e-19f,0.9378051256223965f,-0.34716213266478374f,0.8990263231662055f,-0.03479195669873853f,-0.34695195258808587f,-0.937237356460138f,0.7692797661996387f,0f,0f,0f,1f], start_interpolation: 0, interpolation_duration: 1 }
$data merge entity $(bone_neck_spine6) { transformation: [-1.1052559400147772f,0.057132468320465264f,0.009320173980321072f,0.09863974798705688f,0.009053445689716442f,-0.005398930761665161f,1.1067206351130965f,0.2283915050562989f,0.05717534171787502f,1.1052820500341094f,0.004924194269364698f,-1.4706207221087082f,0f,0f,0f,1f], start_interpolation: 0, interpolation_duration: 1 }
$data merge entity $(bone_neck_spine7) { transformation: [-0.9631107669344436f,0.2499158758198041f,-0.09979832477636089f,-0.3545810697714856f,-0.015257063512714173f,0.319545490123674f,0.9474480997683146f,0.18909711577051705f,0.2686724262515913f,0.9140200953780181f,-0.3039447196732361f,-4.621133319380489f,0f,0f,0f,1f], start_interpolation: 0, interpolation_duration: 1 }
$data merge entity $(bone_tail6) { transformation: [-1.3420599735841772f,0.6394654758339797f,0.17931317353637855f,-1.6418931163834811f,0.13298065631535735f,-0.13736043230463807f,1.4851405786547778f,0.3347854425117499f,0.6506807619971582f,1.3470004820108765f,0.0663214076546395f,-7.627851624186855f,0f,0f,0f,1f], start_interpolation: 0, interpolation_duration: 1 }
$data merge entity $(bone_tail5) { transformation: [-1.1086582390477986f,0.5282540887324181f,0.14812827379092142f,-1.3082589550787955f,0.10985358565181697f,-0.11347166146904884f,1.22685526062786f,0.2631191300049821f,0.5375188903454785f,1.1127395286176807f,0.05478724980165872f,-6.925068764007266f,0f,0f,0f,1f], start_interpolation: 0, interpolation_duration: 1 }
$data merge entity $(bone_tail4) { transformation: [-0.896262660619694f,0.42705172646999695f,0.11975001502255542f,-1.141441874426453f,0.08880795134799518f,-0.09173288000866264f,0.9918156212233646f,0.22728597375159823f,0.43454158714245f,0.8995620610298724f,0.044291166155446204f,-6.573677333917472f,0f,0f,0f,1f], start_interpolation: 0, interpolation_duration: 1 }
$data merge entity $(bone_segment18) { transformation: [-0.896262660619694f,0.3959960613125346f,0.1997507511972525f,-0.948084422613692f,0.08880795134799518f,-0.2810212559405183f,0.9555836967461229f,0.09006856362439203f,0.43454158714245f,0.8741934414845342f,0.21670125959289557f,-6.146825067567602f,0f,0f,0f,1f], start_interpolation: 0, interpolation_duration: 1 }
$data merge entity $(bone_segment17) { transformation: [-0.9157601709551493f,0.3805342959004187f,0.1287515395471778f,-0.7065343324425277f,-0.013425219449819677f,-0.3493066969550593f,0.936912266407624f,-0.13165932018497178f,0.40150102462499415f,0.8562584195824993f,0.32498991694998924f,-5.603301656699805f,0f,0f,0f,1f], start_interpolation: 0, interpolation_duration: 1 }
$data merge entity $(bone_segment16) { transformation: [-0.9323914511338162f,0.36032774220679586f,0.02846225656425455f,-0.40743415580602727f,-0.008985419910539773f,-0.10182698325096727f,0.9947615431403842f,-0.2161836715163411f,0.36133840659637595f,0.9272514134139458f,0.09818030474709281f,-4.8336105420495565f,0f,0f,0f,1f], start_interpolation: 0, interpolation_duration: 1 }
$data merge entity $(bone_segment15) { transformation: [-0.9631107669344436f,0.26722990597544943f,-0.03171479098622933f,-0.13341911549916993f,-0.015257063512714173f,0.06343962911842216f,0.9978690472553431f,-0.15113327056483403f,0.2686724262515913f,0.9615422979826054f,-0.05702224620631628f,-3.847654084157236f,0f,0f,0f,1f], start_interpolation: 0, interpolation_duration: 1 }
$data merge entity $(bone_segment14) { transformation: [-0.9880491175029236f,0.15408874133195863f,-0.003949834987259069f,0.024582035280670378f,-0.010459697970693014f,-0.04145969863768881f,0.9990854258306614f,-0.1936456568632454f,0.15378405678111018f,0.9871867873830185f,0.04257594034592199f,-2.835402007250821f,0f,0f,0f,1f], start_interpolation: 0, interpolation_duration: 1 }
$data merge entity $(bone_segment13) { transformation: [-0.9986312493309986f,0.04937432834123028f,0.01725698584519252f,0.07719955681529828f,0.008180054458473208f,-0.1784442853007127f,0.9839160145828374f,-0.40935493356464214f,0.051659602869797656f,0.9827104419636389f,0.17779615487114597f,-1.7840966955486788f,0f,0f,0f,1f], start_interpolation: 0, interpolation_duration: 1 }
$data merge entity $(bone_segment12) { transformation: [-0.9996331764466022f,-0.02708030236692717f,0.00041203275586405505f,0.045464827479055496f,-0.003617414074880747f,0.14857824715158818f,0.9888940382006419f,-0.2352398001838747f,-0.026840768667960323f,0.988529798082525f,-0.14862170581794465f,-0.6256633384207195f,0f,0f,0f,1f], start_interpolation: 0, interpolation_duration: 1 }
$data merge entity $(bone_segment11) { transformation: [-1.0339580265263795f,-0.04796801422813816f,0.013354059560526425f,-0.007282340627822501f,-0.017496791245589206f,0.6099379660216121f,0.8361925626406812f,0.46968700355053883f,-0.04661677371767832f,0.8349989276223595f,-0.6100427273492627f,0.33943326099691956f,0f,0f,0f,1f], start_interpolation: 0, interpolation_duration: 1 }
$data merge entity $(bone_segment10) { transformation: [-0.9993945766057934f,-0.01804642094979397f,0.029745704594608856f,-0.02747439851773089f,-8.673617379884035e-19f,0.8549592324506243f,0.518695200331986f,1.258687199916638f,-0.03479195669873853f,0.5183811701232424f,-0.8544416201302059f,0.8176988069386852f,0f,0f,0f,1f], start_interpolation: 0, interpolation_duration: 1 }