# This file was generated by Animated Java via MC-Build. It is not recommended to edit this file directly.
$data merge entity $(bone_neck_spine5) { transformation: [-1.3663750256766398f,-0.014256261768949166f,0.04491890875553174f,0.10792850650956244f,0f,1.3031306141272914f,0.41358464995751476f,3.8479646679600537f,-0.047126949438857035f,0.41333887027577654f,-1.3023562066930778f,-0.2878119057626536f,0f,0f,0f,1f], start_interpolation: 0, interpolation_duration: 1 }
$data merge entity $(bone_neck_spine2) { transformation: [-1.3013095482634662f,-0.011208691668949685f,0.04346069228450319f,-0.04828930757573187f,0f,1.2608266807044215f,0.3251723976113529f,4.817979846800482f,-0.044882808989387644f,0.3249791584077142f,-1.2600774130990051f,1.4084089697001108f,0f,0f,0f,1f], start_interpolation: 0, interpolation_duration: 1 }
$data merge entity $(bone_scale_neck_left1) { transformation: [-1.3874442151563362f,0.3343794758363618f,0.12103030352517308f,0.6426280761463047f,0.3438039041192908f,1.1367416824041707f,0.8006726181155736f,4.0660301794345495f,0.09086717638580623f,0.8046540449330466f,-1.1814120545480038f,1.2078564629487099f,0f,0f,0f,1f], start_interpolation: 0, interpolation_duration: 1 }
$data merge entity $(bone_scale_neck_right1) { transformation: [-1.3778864863049978f,-0.38902474918852425f,-0.03934455209619643f,-0.7237469495303349f,-0.3438039041192908f,1.1367416824041707f,0.8006726181155736f,4.0660301794345495f,-0.18624479797615331f,0.7797034759487219f,-1.186943462521733f,1.1607295135098528f,0f,0f,0f,1f], start_interpolation: 0, interpolation_duration: 1 }
$data merge entity $(bone_blush_right1) { transformation: [-0.9994057330663421f,-0.018575623680087375f,0.029036647861335238f,-0.6497854076622332f,0f,0.8423745324195989f,0.5388925190897185f,3.348654907157692f,-0.03446999730384971f,0.5385722730848277f,-0.8418739370892264f,2.1327135184767223f,0f,0f,0f,1f], start_interpolation: 0, interpolation_duration: 1 }
$data merge entity $(bone_blush_left1) { transformation: [-0.9994057330663421f,-0.018575623680087375f,0.029036647861335238f,0.5018735425509343f,0f,0.8423745324195989f,0.5388925190897185f,3.348654907157692f,-0.03446999730384971f,0.5385722730848277f,-0.8418739370892264f,2.1724348044323305f,0f,0f,0f,1f], start_interpolation: 0, interpolation_duration: 1 }
$data merge entity $(bone_left_head_scales) { transformation: [-0.8998913438532331f,-0.018575623680087375f,-0.4357183900903403f,0.5097668322873345f,-0.24883287337241156f,0.8423745324195989f,0.4780035023512819f,4.067557082698845f,0.3581588619415297f,0.5385722730848277f,-0.7626677758218126f,2.226888710191068f,0f,0f,0f,1f], start_interpolation: 0, interpolation_duration: 1 }
$data merge entity $(bone_left_head_scales2) { transformation: [-0.8353199863193174f,-0.018575623680087375f,-0.5494501493860849f,0.52002562307334f,-0.30909605067571877f,0.8423745324195989f,0.44143490866438745f,3.3305126453950002f,0.4546428839343787f,0.5385722730848277f,-0.7093939348148341f,1.9294504993468509f,0f,0f,0f,1f], start_interpolation: 0, interpolation_duration: 1 }
$data merge entity $(bone_left_head_scales1) { transformation: [-0.9994057330663421f,-0.018575623680087375f,0.029036647861335238f,0.5115808580373431f,0f,0.8423745324195989f,0.5388925190897185f,3.9852939447672435f,-0.03446999730384971f,0.5385722730848277f,-0.8418739370892264f,2.1742937616476277f,0f,0f,0f,1f], start_interpolation: 0, interpolation_duration: 1 }
$data merge entity $(bone_right_head_scales) { transformation: [-0.873076080087302f,-0.018575623680087375f,0.48723003251471153f,-0.661411761149785f,0.24883287337241156f,0.8423745324195989f,0.4780035023512819f,4.067557082698845f,-0.41930938399780726f,0.5385722730848277f,-0.7308348289152766f,2.186494182100619f,0f,0f,0f,1f], start_interpolation: 0, interpolation_duration: 1 }
$data merge entity $(bone_right_head_scales2) { transformation: [-0.8020105123115476f,-0.018575623680087375f,0.5970210082959096f,-0.6511529703637795f,0.30909605067571877f,0.8423745324195989f,0.44143490866438745f,3.3305126453950002f,-0.5111152214505478f,0.5385722730848277f,-0.6698515783856895f,1.8890559712564021f,0f,0f,0f,1f], start_interpolation: 0, interpolation_duration: 1 }
$data merge entity $(bone_right_head_scales1) { transformation: [-0.9994057330663421f,-0.018575623680087375f,0.029036647861335238f,-0.6595977353997764f,0f,0.8423745324195989f,0.5388925190897185f,3.9852939447672435f,-0.03446999730384971f,0.5385722730848277f,-0.8418739370892264f,2.133899233557179f,0f,0f,0f,1f], start_interpolation: 0, interpolation_duration: 1 }
$data merge entity $(bone_head_left_fin1) { transformation: [-0.7177324953597374f,0.012829408762066796f,-0.6962007407174318f,0.5205101473280717f,-0.15052573096968053f,0.9733305549332902f,0.1731174027915653f,3.7162769392873836f,0.6798544472317058f,0.2290481108939112f,-0.6966598118703293f,1.9154024472475153f,0f,0f,0f,1f], start_interpolation: 0, interpolation_duration: 1 }
$data merge entity $(bone_head_right_fin1) { transformation: [-0.6691855944089261f,-0.028580113162966422f,0.7425454985165316f,-0.6506684461090478f,0.15052573096968053f,0.9733305549332902f,0.1731174027915653f,3.7162769392873836f,-0.727689937096574f,0.2276198760320497f,-0.647036743534352f,1.8750079191570663f,0f,0f,0f,1f], start_interpolation: 0, interpolation_duration: 1 }
$data merge entity $(bone_right_whisker16) { transformation: [0.26110321449058543f,0.9283674887008748f,-0.26449748071751966f,-1.1023634773729862f,0.9639250267736577f,-0.2654271094744759f,0.019924666005430747f,1.3427333125019665f,-0.05170738962746677f,-0.2601581355238693f,-0.9641805278985142f,1.677422798243106f,0f,0f,0f,1f], start_interpolation: 0, interpolation_duration: 1 }
$data merge entity $(bone_right_whisker15) { transformation: [-0.8863443677751198f,0.3800457135758915f,-0.26449748071751966f,-0.8426922758763691f,0.38897380708814955f,0.9210333246326774f,0.019924666005430747f,1.2287761424566102f,0.2511832779320197f,-0.08522247654620412f,-0.9641805278985142f,1.6038339472864596f,0f,0f,0f,1f], start_interpolation: 0, interpolation_duration: 1 }
$data merge entity $(bone_right_whisker14) { transformation: [-0.719023705656511f,-0.6426865436572206f,-0.26449748071751966f,-0.6320407996098132f,-0.6703522400205946f,0.741775492978801f,0.019924666005430747f,1.4251684002751437f,0.1833924344223342f,0.19163278586398633f,-0.9641805278985142f,1.5501056950142913f,0f,0f,0f,1f], start_interpolation: 0, interpolation_duration: 1 }
$data merge entity $(bone_right_whisker13) { transformation: [-0.0866873873119334f,-0.995583413706663f,-0.036041132518534524f,-0.6066441041082702f,-0.972349835430788f,0.0766791269758209f,0.22058129799224957f,1.7100365161240074f,-0.21684347907822932f,0.0541662056859593f,-0.9747024816541896f,1.6136340580254913f,0f,0f,0f,1f], start_interpolation: 0, interpolation_duration: 1 }
$data merge entity $(bone_right_whisker12) { transformation: [0.08185223580014973f,-0.9965091350269231f,-0.01642422912682799f,-0.6386176337177036f,-0.9011772186263778f,-0.0810398319362268f,0.42580766346858306f,2.0620588671499362f,-0.4256522431790329f,-0.020052168153144135f,-0.9046646220721883f,1.779904465517301f,0f,0f,0f,1f], start_interpolation: 0, interpolation_duration: 1 }
$data merge entity $(bone_right_whisker11) { transformation: [0.2967192821423044f,-0.9549228116811549f,0.008949376286267727f,-0.7545236033045413f,-0.9465626434573395f,-0.29285532560745214f,0.13511077038640218f,2.4318098997504594f,-0.12639948423949143f,-0.048561116073571f,-0.990790082908423f,1.8292792640483524f,0f,0f,0f,1f], start_interpolation: 0, interpolation_duration: 1 }
$data merge entity $(bone_right_whisker10) { transformation: [0.06649722861628955f,-0.9903925144384123f,0.12124679761013228f,-0.7804990832327794f,-0.9909749134158923f,-0.07972855311678302f,-0.10775935596628977f,2.8189094753035424f,0.11639089125321697f,-0.11298683623442057f,-0.986755864067206f,1.7838140721525646f,0f,0f,0f,1f], start_interpolation: 0, interpolation_duration: 1 }
$data merge entity $(bone_right_whisker1) { transformation: [-0.3344623268420055f,-0.9380095802210836f,0.09095591974631517f,-0.6498497368101209f,-0.926452100890568f,0.34494965540336114f,0.150652713193476f,3.1808048272139207f,-0.17268890143516685f,-0.03387864593765638f,-0.9843936106408586f,1.8512706742756766f,0f,0f,0f,1f], start_interpolation: 0, interpolation_duration: 1 }
$data merge entity $(bone_left_whisker16) { transformation: [0.25692015010837554f,-0.9082367099053242f,0.3303000382207697f,0.9847452102955093f,-0.9639250267736577f,-0.2654271094744759f,0.019924666005430747f,1.3427333125019665f,0.06957427130551294f,-0.3235035213662701f,-0.9436656677213231f,1.749408207628384f,0f,0f,0f,1f], start_interpolation: 0, interpolation_duration: 1 }
$data merge entity $(bone_left_whisker15) { transformation: [-0.8669318100484396f,-0.37327084198674626f,0.3303000382207697f,0.7307612815703806f,-0.38897380708814955f,0.9210333246326774f,0.019924666005430747f,1.2287761424566102f,-0.31165463918492775f,-0.11120473658339541f,-0.9436656677213231f,1.6581031375546746f,0f,0f,0f,1f], start_interpolation: 0, interpolation_duration: 1 }
$data merge entity $(bone_left_whisker14) { transformation: [-0.7046794853767047f,0.6279559758777528f,0.3303000382207697f,0.5243122135889241f,0.6703522400205946f,0.741775492978801f,0.019924666005430747f,1.4251684002751437f,-0.2324966605966497f,0.23545787388719058f,-0.9436656677213231f,1.5899888815204999f,0f,0f,0f,1f], start_interpolation: 0, interpolation_duration: 1 }
$data merge entity $(bone_left_whisker13) { transformation: [-0.10142169121849813f,0.9894855488780483f,0.10311153723947356f,0.49459882748975476f,0.972349835430788f,0.0766791269758209f,0.22058129799224957f,1.7100365161240074f,0.2103555040594357f,0.12263221455936307f,-0.9699030373517589f,1.6516164706004126f,0f,0f,0f,1f], start_interpolation: 0, interpolation_duration: 1 }
$data merge entity $(bone_left_whisker12) { transformation: [0.05233070039891475f,0.9955226440074434f,0.07871571040261513f,0.5150405073330808f,0.9011772186263778f,-0.0810398319362268f,0.42580766346858306f,2.0620588671499362f,0.43028027891664405f,0.04865399169829175f,-0.9013831985716385f,1.8196947045522267f,0f,0f,0f,1f], start_interpolation: 0, interpolation_duration: 1 }
$data merge entity $(bone_left_whisker11) { transformation: [0.28730536855334854f,0.9559993835361f,0.05933636219908834f,0.6272691669242326f,0.9465626434573395f,-0.29285532560745214f,0.13511077038640218f,2.4318098997504594f,0.14654278287066375f,0.017347534174919056f,-0.9890522108799776f,1.8769379791110796f,0f,0f,0f,1f], start_interpolation: 0, interpolation_duration: 1 }
$data merge entity $(bone_left_whisker10) { transformation: [0.07435842619210502f,0.9958236668185239f,-0.05297215361246923f,0.6563154271555236f,0.9909749134158923f,-0.07972855311678302f,-0.10775935596628977f,2.8189094753035424f,-0.1115327101553554f,-0.044481259222441935f,-0.9927647617353205f,1.8333705142066439f,0f,0f,0f,1f], start_interpolation: 0, interpolation_duration: 1 }
$data merge entity $(bone_left_whisker1) { transformation: [-0.345565620553024f,0.9381147361374834f,-0.022916014782318275f,0.5213288566269986f,0.926452100890568f,0.34494965540336114f,0.150652713193476f,3.1808048272139207f,0.14923440168827268f,0.030829808283582116f,-0.9883211098999864f,1.8916652023661253f,0f,0f,0f,1f], start_interpolation: 0, interpolation_duration: 1 }
$data merge entity $(bone_upper_left_tooth1) { transformation: [-0.9994057330663421f,-0.015974227212593648f,0.03054512692865819f,0.17388470036537415f,0f,0.8861366207663387f,0.4634240923137409f,3.0652280656599413f,-0.03446999730384971f,0.4631486946994182f,-0.8856100190739138f,2.7577678720327485f,0f,0f,0f,1f], start_interpolation: 0, interpolation_duration: 1 }
$data merge entity $(bone_upper_right_tooth1) { transformation: [-0.9994057330663421f,-0.015974227212593648f,0.03054512692865819f,-0.4117045963531857f,0f,0.8861366207663387f,0.4634240923137409f,3.0652280656599413f,-0.03446999730384971f,0.4631486946994182f,-0.8856100190739138f,2.737570607987524f,0f,0f,0f,1f], start_interpolation: 0, interpolation_duration: 1 }
$data merge entity $(bone_top_lip1) { transformation: [-0.9994057330663421f,0.00107051087349567f,0.034453370235684275f,-0.096226063088527f,0f,0.999517636510996f,-0.031056308593795934f,3.160418522968825f,-0.03446999730384971f,-0.031037852856517223f,-0.9989236562300094f,2.7982631046389757f,0f,0f,0f,1f], start_interpolation: 0, interpolation_duration: 1 }
$data merge entity $(bone_muzzle1) { transformation: [-0.9994057330663421f,-0.015974227212593648f,0.03054512692865819f,-0.08365142501973791f,0f,0.8861366207663387f,0.4634240923137409f,3.516504987101463f,-0.03446999730384971f,0.4631486946994182f,-0.8856100190739138f,2.4336803845881514f,0f,0f,0f,1f], start_interpolation: 0, interpolation_duration: 1 }
$data merge entity $(bone_jaw_right_tooth1) { transformation: [-0.9994057330663421f,0.003583245552015421f,0.034283247591810326f,-0.4111364783934127f,0f,0.9945822533609967f,-0.10395259159521984f,2.9445047837794047f,-0.03446999730384971f,-0.10389081600736688f,-0.9939912060150213f,2.721098882125462f,0f,0f,0f,1f], start_interpolation: 0, interpolation_duration: 1 }
$data merge entity $(bone_jaw_left_tooth1) { transformation: [-0.9994057330663421f,0.003583245552015421f,0.034283247591810326f,0.22325192638502706f,0f,0.9945822533609967f,-0.10395259159521984f,2.9445047837794047f,-0.03446999730384971f,-0.10389081600736688f,-0.9939912060150213f,2.7429792515077884f,0f,0f,0f,1f], start_interpolation: 0, interpolation_duration: 1 }
$data merge entity $(bone_tongue1) { transformation: [-0.9994057330663421f,-0.01021680923871194f,0.03292108022388053f,-0.07071723620237001f,0f,0.9550647751342818f,0.2963971580459305f,3.1435085700707512f,-0.03446999730384971f,0.29622101901567344f,-0.9544972117189181f,2.058673031303665f,0f,0f,0f,1f], start_interpolation: 0, interpolation_duration: 1 }
$data merge entity $(bone_jaw_lips1) { transformation: [-0.9994057330663421f,-0.01021680923871194f,0.03292108022388053f,-0.04649032969134892f,0f,0.9550647751342818f,0.2963971580459305f,2.804690337691397f,-0.03446999730384971f,0.29622101901567344f,-0.9544972117189181f,2.7727901668937536f,0f,0f,0f,1f], start_interpolation: 0, interpolation_duration: 1 }
$data merge entity $(bone_jaw3) { transformation: [-0.9994057330663421f,-0.0024244154682507464f,0.03438463208709254f,-0.019449765623374523f,0f,0.9975234922125265f,0.07033407768732208f,2.7865777215062413f,-0.03446999730384971f,0.07029228047064306f,-0.9969306969855576f,1.988789677521416f,0f,0f,0f,1f], start_interpolation: 0, interpolation_duration: 1 }
$data merge entity $(bone_jaw1) { transformation: [-0.9994057330663421f,-0.02602792713540135f,0.02259928589937402f,-0.00179407351448857f,0f,0.6556219224551567f,0.7550893290175706f,3.3764912598012184f,-0.03446999730384971f,0.7546406043973775f,-0.6552323080256605f,1.4768894368763688f,0f,0f,0f,1f], start_interpolation: 0, interpolation_duration: 1 }
$data merge entity $(bone_tear_right1) { transformation: [-0.9994057330663421f,-0.018575623680087375f,0.029036647861335238f,-0.6098874388558209f,0f,0.8423745324195989f,0.5388925190897185f,3.5892122896076772f,-0.03446999730384971f,0.5385722730848277f,-0.8418739370892264f,2.3924717702178477f,0f,0f,0f,1f], start_interpolation: 0, interpolation_duration: 1 }
$data merge entity $(bone_right_pupil1) { transformation: [-0.9994057330663421f,-0.018575623680087375f,0.029036647861335238f,-0.45236608640814213f,0f,0.8423745324195989f,0.5388925190897185f,3.6398996939988653f,-0.03446999730384971f,0.5385722730848277f,-0.8418739370892264f,2.4999495066031723f,0f,0f,0f,1f], start_interpolation: 0, interpolation_duration: 1 }
$data merge entity $(bone_right_sad_pupil1) { transformation: [-0.9994057330663421f,-0.018575623680087375f,0.029036647861335238f,-0.4520825253938713f,0f,0.8423745324195989f,0.5388925190897185f,3.645162316255601f,-0.03446999730384971f,0.5385722730848277f,-0.8418739370892264f,2.4917280814362854f,0f,0f,0f,1f], start_interpolation: 0, interpolation_duration: 1 }
$data merge entity $(bone_right_happy_pupil1) { transformation: [-0.9994057330663421f,-0.018575623680087375f,0.029036647861335238f,-0.4760282664769f,0f,0.8423745324195989f,0.5388925190897185f,3.624596795014742f,-0.03446999730384971f,0.5385722730848277f,-0.8418739370892264f,2.477737970707584f,0f,0f,0f,1f], start_interpolation: 0, interpolation_duration: 1 }
$data merge entity $(bone_eyelid_right1) { transformation: [-0.9994057330663421f,-0.018575623680087375f,0.029036647861335238f,-0.061244017429957f,0f,0.8423745324195989f,0.5388925190897185f,3.867161860126577f,-0.03446999730384971f,0.5385722730848277f,-0.8418739370892264f,2.067319270687776f,0f,0f,0f,1f], start_interpolation: 0, interpolation_duration: 1 }
$data merge entity $(bone_eyelid_expressions_right5) { transformation: [-0.9994057330663421f,-0.018575623680087375f,0.029036647861335238f,-0.5661341873673122f,0f,0.8423745324195989f,0.5388925190897185f,3.7274254541872027f,-0.03446999730384971f,0.5385722730848277f,-0.8418739370892264f,2.540451898476265f,0f,0f,0f,1f], start_interpolation: 0, interpolation_duration: 1 }
$data merge entity $(bone_eyelid_expressions_right7) { transformation: [-0.9994057330663421f,-0.018575623680087375f,0.029036647861335238f,-0.2733395390080323f,0f,0.8423745324195989f,0.5388925190897185f,3.7274254541872027f,-0.03446999730384971f,0.5385722730848277f,-0.8418739370892264f,2.550550530498877f,0f,0f,0f,1f], start_interpolation: 0, interpolation_duration: 1 }
$data merge entity $(bone_eyelid_expressions_right6) { transformation: [-0.9994057330663421f,-0.018575623680087375f,0.029036647861335238f,-0.37093775512779226f,0f,0.8423745324195989f,0.5388925190897185f,3.7274254541872027f,-0.03446999730384971f,0.5385722730848277f,-0.8418739370892264f,2.547184319824673f,0f,0f,0f,1f], start_interpolation: 0, interpolation_duration: 1 }
$data merge entity $(bone_right_eye1) { transformation: [-0.9994057330663421f,-0.018575623680087375f,0.029036647861335238f,-0.07128740005620385f,0f,0.8423745324195989f,0.5388925190897185f,3.8618992378698414f,-0.03446999730384971f,0.5385722730848277f,-0.8418739370892264f,2.075204074787243f,0f,0f,0f,1f], start_interpolation: 0, interpolation_duration: 1 }
$data merge entity $(bone_tear_left1) { transformation: [-0.9994057330663421f,-0.018575623680087375f,0.029036647861335238f,0.44417329523758675f,0f,0.8423745324195989f,0.5388925190897185f,3.5892122896076772f,-0.03446999730384971f,0.5385722730848277f,-0.8418739370892264f,2.428826845499252f,0f,0f,0f,1f], start_interpolation: 0, interpolation_duration: 1 }
$data merge entity $(bone_left_sad_pupil1) { transformation: [-0.9994057330663421f,-0.018575623680087375f,0.029036647861335238f,0.2799040955043284f,0f,0.8423745324195989f,0.5388925190897185f,3.645162316255601f,-0.03446999730384971f,0.5385722730848277f,-0.8418739370892264f,2.516974661492816f,0f,0f,0f,1f], start_interpolation: 0, interpolation_duration: 1 }
$data merge entity $(bone_left_pupil1) { transformation: [-0.9994057330663421f,-0.018575623680087375f,0.029036647861335238f,0.2796205344900575f,0f,0.8423745324195989f,0.5388925190897185f,3.6398996939988653f,-0.03446999730384971f,0.5385722730848277f,-0.8418739370892264f,2.5251960866597027f,0f,0f,0f,1f], start_interpolation: 0, interpolation_duration: 1 }
$data merge entity $(bone_eyelid_left1) { transformation: [-0.9994057330663421f,-0.018575623680087375f,0.029036647861335238f,-0.080763660653909f,0f,0.8423745324195989f,0.5388925190897185f,3.867161860126577f,-0.03446999730384971f,0.5385722730848277f,-0.8418739370892264f,2.0666460285529356f,0f,0f,0f,1f], start_interpolation: 0, interpolation_duration: 1 }
$data merge entity $(bone_left_happy_pupil1) { transformation: [-0.9994057330663421f,-0.018575623680087375f,0.029036647861335238f,0.30475746248117974f,0f,0.8423745324195989f,0.5388925190897185f,3.624596795014742f,-0.03446999730384971f,0.5385722730848277f,-0.8418739370892264f,2.5046676561012164f,0f,0f,0f,1f], start_interpolation: 0, interpolation_duration: 1 }
$data merge entity $(bone_eyelid_expressions_left5) { transformation: [-0.9994057330663421f,-0.018575623680087375f,0.029036647861335238f,0.3903283306063355f,0f,0.8423745324195989f,0.5388925190897185f,3.7274254541872027f,-0.03446999730384971f,0.5385722730848277f,-0.8418739370892264f,2.573440763083465f,0f,0f,0f,1f], start_interpolation: 0, interpolation_duration: 1 }
$data merge entity $(bone_eyelid_expressions_left7) { transformation: [-0.9994057330663421f,-0.018575623680087375f,0.029036647861335238f,0.09753368224705558f,0f,0.8423745324195989f,0.5388925190897185f,3.7274254541872027f,-0.03446999730384971f,0.5385722730848277f,-0.8418739370892264f,2.563342131060853f,0f,0f,0f,1f], start_interpolation: 0, interpolation_duration: 1 }
$data merge entity $(bone_eyelid_expressions_left6) { transformation: [-0.9994057330663421f,-0.018575623680087375f,0.029036647861335238f,0.19513189836681555f,0f,0.8423745324195989f,0.5388925190897185f,3.7274254541872027f,-0.03446999730384971f,0.5385722730848277f,-0.8418739370892264f,2.566708341735057f,0f,0f,0f,1f], start_interpolation: 0, interpolation_duration: 1 }
$data merge entity $(bone_left_eye1) { transformation: [-0.9994057330663421f,-0.018575623680087375f,0.029036647861335238f,-0.07128740005620385f,0f,0.8423745324195989f,0.5388925190897185f,3.8618992378698414f,-0.03446999730384971f,0.5385722730848277f,-0.8418739370892264f,2.075204074787243f,0f,0f,0f,1f], start_interpolation: 0, interpolation_duration: 1 }
$data merge entity $(bone_crest_middle5) { transformation: [-0.9994057330663421f,-0.011850626375467747f,0.032368864185146735f,-0.10570789105789641f,0f,0.9390445812866857f,0.3437953960659067f,4.653519223845523f,-0.03446999730384971f,0.3435910898300808f,-0.9384865381427964f,3.0731744470741034f,0f,0f,0f,1f], start_interpolation: 0, interpolation_duration: 1 }
$data merge entity $(bone_crest_middle4) { transformation: [-0.9994057330663421f,-0.011850626375467747f,0.032368864185146735f,-0.09876416466602078f,0f,0.9390445812866857f,0.3437953960659067f,4.103297789497855f,-0.03446999730384971f,0.3435910898300808f,-0.9384865381427964f,2.8718515428767906f,0f,0f,0f,1f], start_interpolation: 0, interpolation_duration: 1 }
$data merge entity $(bone_crest_middle1) { transformation: [-0.9994057330663421f,-0.011850626375467747f,0.032368864185146735f,-0.09592714640719467f,0f,0.9390445812866857f,0.3437953960659067f,3.665451279440747f,-0.03446999730384971f,0.3435910898300808f,-0.9384865381427964f,2.7895964649987297f,0f,0f,0f,1f], start_interpolation: 0, interpolation_duration: 1 }
$data merge entity $(bone_crest_left5) { transformation: [-0.521313786843691f,-0.841784449448828f,0.14011022915127963f,-1.0577125053006156f,-0.7104514748133192f,0.5190749749229602f,0.4752050845101603f,4.137456280088326f,-0.47274796412281966f,0.1481894431964091f,-0.8686479444187201f,2.8120848388583357f,0f,0f,0f,1f], start_interpolation: 0, interpolation_duration: 1 }
$data merge entity $(bone_crest_left4) { transformation: [-0.521313786843691f,-0.841784449448828f,0.14011022915127963f,-0.64668494209318f,-0.7104514748133192f,0.5190749749229602f,0.4752050845101603f,3.8840017024892246f,-0.47274796412281966f,0.1481894431964091f,-0.8686479444187201f,2.739726712297589f,0f,0f,0f,1f], start_interpolation: 0, interpolation_duration: 1 }
$data merge entity $(bone_crest_left1) { transformation: [-0.521313786843691f,-0.841784449448828f,0.14011022915127963f,-0.18771330278222348f,-0.7104514748133192f,0.5190749749229602f,0.4752050845101603f,3.6284050403973103f,-0.47274796412281966f,0.1481894431964091f,-0.8686479444187201f,2.6177183226696976f,0f,0f,0f,1f], start_interpolation: 0, interpolation_duration: 1 }
$data merge entity $(bone_crest_center1) { transformation: [-0.9994057330663421f,-0.018575623680087375f,0.029036647861335238f,-0.08966158602984377f,0f,0.8423745324195989f,0.5388925190897185f,3.6078395191564514f,-0.03446999730384971f,0.5385722730848277f,-0.8418739370892264f,2.607935964511877f,0f,0f,0f,1f], start_interpolation: 0, interpolation_duration: 1 }
$data merge entity $(bone_crest_right5) { transformation: [-0.5526468310685408f,0.8295739570749894f,-0.07992827943127097f,0.862023235805248f,0.7104514748133192f,0.5190749749229602f,0.4752050845101603f,4.137456280088327f,0.4357065320206706f,0.20583542006096062f,-0.8762371812488035f,2.878297472657216f,0f,0f,0f,1f], start_interpolation: 0, interpolation_duration: 1 }
$data merge entity $(bone_crest_right4) { transformation: [-0.5526468310685408f,0.8295739570749894f,-0.07992827943127097f,0.4569578270772258f,0.7104514748133192f,0.5190749749229602f,0.4752050845101603f,3.884001702489225f,0.4357065320206706f,0.20583542006096062f,-0.8762371812488035f,2.777791896455575f,0f,0f,0f,1f], start_interpolation: 0, interpolation_duration: 1 }
$data merge entity $(bone_crest_right1) { transformation: [-0.5526468310685408f,0.8295739570749894f,-0.07992827943127097f,0.007483129457296473f,0.7104514748133192f,0.5190749749229602f,0.4752050845101603f,3.6284050403973107f,0.4357065320206706f,0.20583542006096062f,-0.8762371812488035f,2.6244507440181057f,0f,0f,0f,1f], start_interpolation: 0, interpolation_duration: 1 }
$data merge entity $(bone_head1) { transformation: [-0.9994057330663421f,-0.018575623680087375f,0.029036647861335238f,-0.054784531396302724f,0f,0.8423745324195989f,0.5388925190897185f,4.110211893024495f,-0.03446999730384971f,0.5385722730848277f,-0.8418739370892264f,1.5967282163367391f,0f,0f,0f,1f], start_interpolation: 0, interpolation_duration: 1 }
$data merge entity $(bone_neck10) { transformation: [-1.3013095482634662f,-0.01678555843304718f,0.04162585219390248f,-0.020090444178233052f,0f,1.2075966187921223f,0.4869614083541723f,4.094892910839206f,-0.044882808989387644f,0.48667202329121984f,-1.2068789840523768f,0.5908253332120545f,0f,0f,0f,1f], start_interpolation: 0, interpolation_duration: 1 }
$data merge entity $(bone_neck9) { transformation: [-0.9994057330663421f,-0.018575623680087375f,0.029036647861335235f,0.0020740855005236206f,0f,0.8423745324195989f,0.5388925190897185f,2.9991590064447085f,-0.03446999730384971f,0.5385722730848277f,-0.8418739370892263f,-0.051801872018233525f,0f,0f,0f,1f], start_interpolation: 0, interpolation_duration: 1 }
$data merge entity $(bone_neck8) { transformation: [-0.9994057330663421f,0.005921488600660387f,0.03395757186371923f,-0.0031841387934438917f,0f,0.9851341607133444f,-0.17178674394613475f,2.3618113756507233f,-0.03446999730384971f,-0.1716846567645668f,-0.9845487280564155f,0.10065243364406906f,0f,0f,0f,1f], start_interpolation: 0, interpolation_duration: 1 }
$data merge entity $(bone_neck7) { transformation: [-0.9994057330663421f,0.016527101836665514f,0.030249555682817782f,-0.017344725018002223f,0f,0.8775618813129245f,-0.479463392206872f,1.6563879221455253f,-0.03446999730384971f,-0.47917846296698396f,-0.8770403753046215f,0.5112173353948246f,0f,0f,0f,1f], start_interpolation: 0, interpolation_duration: 1 }
$data merge entity $(bone_neck6) { transformation: [-0.9994057330663421f,0.012142473656967237f,0.032260518402797915f,-0.026718634481520405f,0f,0.9359013903721706f,-0.3522621005720569f,0.9085419821334626f,-0.03446999730384971f,-0.35205276285370607f,-0.935345215122708f,0.7829997430493395f,0f,0f,0f,1f], start_interpolation: 0, interpolation_duration: 1 }
$data merge entity $(bone_neck_spine6) { transformation: [-1.105653600235056f,0.04953703060545743f,0.004228049599258426f,0.10047822414257326f,0.004308250121387418f,0.0016955239835929126f,1.106761149343739f,0.23127016219090607f,0.04953011998280825f,1.105660384256656f,-0.001886641797900259f,-1.4563924393377878f,0f,0f,0f,1f], start_interpolation: 0, interpolation_duration: 1 }
$data merge entity $(bone_neck_spine7) { transformation: [-0.9645379038337059f,0.2427922100064463f,-0.10353055021715125f,-0.3311222319074011f,-0.017546382110779905f,0.3323945130615069f,0.942977206596971f,0.16181243468830409f,0.2633605068018037f,0.9113538448082552f,-0.31634698198387745f,-4.611746596216371f,0f,0f,0f,1f], start_interpolation: 0, interpolation_duration: 1 }
$data merge entity $(bone_tail6) { transformation: [-1.3213197214482097f,0.6684657533199678f,0.22240056662342367f,-1.6558040160901102f,0.1785797022779746f,-0.13946270938829028f,1.4801532773021908f,0.28338806544281725f,0.6814820359557264f,1.3326282193516958f,0.043342188929411184f,-7.59929389170895f,0f,0f,0f,1f], start_interpolation: 0, interpolation_duration: 1 }
$data merge entity $(bone_tail5) { transformation: [-1.0915249872833037f,0.5522108396991039f,0.18372220721065435f,-1.307039275227518f,0.14752236275137032f,-0.1152083251468485f,1.2227353160322447f,0.2106249127184918f,0.5629634210069046f,1.100866789899227f,0.0358044169416875f,-6.904009603351542f,0f,0f,0f,1f], start_interpolation: 0, interpolation_duration: 1 }
$data merge entity $(bone_tail4) { transformation: [-0.8824117791932392f,0.44641886830411764f,0.14852490014503425f,-1.132656904796222f,0.11926018378216043f,-0.09313683548713647f,0.9884849712765935f,0.1742433363563291f,0.45511148140347646f,0.8899638890974804f,0.028945044432858946f,-6.556367459172839f,0f,0f,0f,1f], start_interpolation: 0, interpolation_duration: 1 }
$data merge entity $(bone_segment18) { transformation: [-0.8824117791932392f,0.41023458684011477f,0.23034112898295406f,-0.9323470479406972f,0.11926018378216043f,-0.2785604503951535f,0.9529853535285289f,0.03822749143682058f,0.45511148140347646f,0.8683960267273043f,0.1968803704257066f,-6.132345961747397f,0f,0f,0f,1f], start_interpolation: 0, interpolation_duration: 1 }
$data merge entity $(bone_segment17) { transformation: [-0.9096096188547108f,0.39545258273156475f,0.1273875821967044f,-0.6813273421052313f,-0.0142125909494498f,-0.3360537570159363f,0.9417355651423484f,-0.17508788166899836f,0.4152208370800902f,0.8548012208732557f,0.3112981356322265f,-5.589747530529022f,0f,0f,0f,1f], start_interpolation: 0, interpolation_duration: 1 }
$data merge entity $(bone_segment16) { transformation: [-0.9317018202716435f,0.3625255653109084f,0.022515163746059615f,-0.3804028005873874f,-0.009349165199858935f,-0.08590176393924724f,0.9962597452784048f,-0.24639305681388132f,0.36310371963472277f,0.9280065201538896f,0.08342414122600553f,-4.819429618291906f,0f,0f,0f,1f], start_interpolation: 0, interpolation_duration: 1 }
$data merge entity $(bone_segment15) { transformation: [-0.9645379038337059f,0.26131494421316726f,-0.03716358431246461f,-0.11245290661880766f,-0.017546382110779905f,0.0770079845180181f,0.9968760679218333f,-0.16742979143896042f,0.2633605068018037f,0.9621768393862646f,-0.06969198810304633f,-3.8328225075930993f,0f,0f,0f,1f], start_interpolation: 0, interpolation_duration: 1 }
$data merge entity $(bone_segment14) { transformation: [-0.9891693624179376f,0.14649195288145594f,-0.009169525324016136f,0.03775856850377892f,-0.013900758170934658f,-0.0313058807282873f,0.9994131832000714f,-0.1995305480451144f,0.14611892887632208f,0.9887163645721675f,0.03300316729092498f,-2.819002016576717f,0f,0f,0f,1f], start_interpolation: 0, interpolation_duration: 1 }
$data merge entity $(bone_segment13) { transformation: [-0.9989905470359094f,0.04341482197244466f,0.011534303879955722f,0.08411398868314168f,0.0038926306979123956f,-0.17213797634858508f,0.985065157502215f,-0.40849352431479075f,0.044751920172702034f,0.9841156793445142f,0.17179521328937308f,-1.7660406670442956f,0f,0f,0f,1f], start_interpolation: 0, interpolation_duration: 1 }
$data merge entity $(bone_segment12) { transformation: [-0.9994999308829512f,-0.03148156151218428f,-0.0029663866454501704f,0.04722153378605072f,-0.007721508176302735f,0.1520199937784953f,0.9883472566881892f,-0.23034509410561654f,-0.03066376487744188f,0.9878759197269364f,-0.15218705840905178f,-0.6083735736142917f,0f,0f,0f,1f], start_interpolation: 0, interpolation_duration: 1 }
$data merge entity $(bone_segment11) { transformation: [-1.0338876940446746f,-0.04972085733025581f,0.01235048028993157f,-0.008001851098098613f,-0.01948817358550385f,0.6124700153308059f,0.8342956030838506f,0.4775045869945861f,-0.04738047179322839f,0.8330406824285889f,-0.6126555102385224f,0.3544413058764628f,0f,0f,0f,1f], start_interpolation: 0, interpolation_duration: 1 }
$data merge entity $(bone_segment10) { transformation: [-0.9994057330663421f,-0.017758409908607036f,0.02954352029879468f,-0.02832113692246125f,0f,0.8570792750104212f,0.5151845459130259f,1.268461267287047f,-0.03446999730384971f,0.5148783887726581f,-0.856569941137759f,0.8294618913521541f,0f,0f,0f,1f], start_interpolation: 0, interpolation_duration: 1 }