# This file was generated by Animated Java via MC-Build. It is not recommended to edit this file directly.
$data merge entity $(bone_neck_spine5) { transformation: [-1.366476604342262f,-0.0128179009485407f,0.042178802220607686f,0.10527719535036989f,0f,1.308117681252105f,0.3975296116666881f,3.85817851027409f,-0.0440834429405388f,0.3973229084348661f,-1.3074375000923057f,-0.2910688194733706f,0f,0f,0f,1f], start_interpolation: 0, interpolation_duration: 1 }
$data merge entity $(bone_neck_spine2) { transformation: [-1.3014062898497731f,-0.009399385750478068f,0.040918543857356944f,-0.046432395802289694f,0f,1.2690324971994227f,0.29150905302621705f,4.860538181632327f,-0.0419842313719417f,0.2913574772401686f,-1.2683726391391434f,1.3828749050923081f,0f,0f,0f,1f], start_interpolation: 0, interpolation_duration: 1 }
$data merge entity $(bone_scale_neck_left1) { transformation: [-1.3869418320045734f,0.33715520455847725f,0.11907199955365809f,0.6433888797926949f,0.3473710825419675f,1.1574301223755135f,0.7688616658633746f,4.102887899875734f,0.08476499308203059f,0.7733959517994081f,-1.2025527082381329f,1.2008608956425526f,0f,0f,0f,1f], start_interpolation: 0, interpolation_duration: 1 }
$data merge entity $(bone_scale_neck_right1) { transformation: [-1.3785944488894786f,-0.3863027995786602f,-0.04131477860985927f,-0.7230877245495669f,-0.3473710825419675f,1.1574301223755135f,0.7688616658633746f,4.102887899875734f,-0.17398303051594985f,0.7500567160277085f,-1.207726892238884f,1.156777452702014f,0f,0f,0f,1f], start_interpolation: 0, interpolation_duration: 1 }
$data merge entity $(bone_blush_right1) { transformation: [-0.9994800306046258f,-0.017040690380299973f,0.02737303954512725f,-0.6472193931169544f,0f,0.8489372654849691f,0.5284936321952267f,3.4033741569266476f,-0.03224388969365123f,0.5282188316808347f,-0.8484958440883242f,2.1365907778924695f,0f,0f,0f,1f], start_interpolation: 0, interpolation_duration: 1 }
$data merge entity $(bone_blush_left1) { transformation: [-0.9994800306046258f,-0.017040690380299973f,0.02737303954512725f,0.5045251734000947f,0f,0.8489372654849691f,0.5284936321952267f,3.4033741569266476f,-0.03224388969365123f,0.5282188316808347f,-0.8484958440883242f,2.173746822656638f,0f,0f,0f,1f], start_interpolation: 0, interpolation_duration: 1 }
$data merge entity $(bone_left_head_scales) { transformation: [-0.8991890777415938f,-0.017040690380299973f,-0.43722833547425144f,0.5128248954700612f,-0.244031201769692f,0.8489372654849691f,0.4687795770228727f,4.122887822779733f,0.363191099881401f,0.5282188316808347f,-0.7675135769643899f,2.219343633260706f,0f,0f,0f,1f], start_interpolation: 0, interpolation_duration: 1 }
$data merge entity $(bone_left_head_scales2) { transformation: [-0.8344266407701936f,-0.017040690380299973f,-0.5508555128564413f,0.5221282122400522f,-0.3031314941887586f,0.8489372654849691f,0.4329166392064345f,3.3822395247160033f,0.46026457435247065f,0.5282188316808347f,-0.7135414406002452f,1.9309640544214295f,0f,0f,0f,1f], start_interpolation: 0, interpolation_duration: 1 }
$data merge entity $(bone_left_head_scales1) { transformation: [-0.9994800306046258f,-0.017040690380299973f,0.02737303954512725f,0.5144890253900123f,0f,0.8489372654849691f,0.5284936321952267f,4.039983792947217f,-0.03224388969365123f,0.5282188316808347f,-0.8484958440883242f,2.1677597629793746f,0f,0f,0f,1f], start_interpolation: 0, interpolation_duration: 1 }
$data merge entity $(bone_right_head_scales) { transformation: [-0.8739101516416135f,-0.017040690380299973f,0.48578870070133895f,-0.6584407653947346f,0.244031201769692f,0.8489372654849691f,0.4687795770228727f,4.122887822779733f,-0.4203924588055455f,0.5282188316808347f,-0.7377364342616961f,2.1815578250259584f,0f,0f,0f,1f], start_interpolation: 0, interpolation_duration: 1 }
$data merge entity $(bone_right_head_scales2) { transformation: [-0.8030255798214129f,-0.017040690380299973f,0.59570087546003f,-0.6491374486247435f,0.3031314941887586f,0.8489372654849691f,0.4329166392064345f,3.3822395247160033f,-0.513089870669237f,0.5282188316808347f,-0.6765527699110838f,1.893178246186682f,0f,0f,0f,1f], start_interpolation: 0, interpolation_duration: 1 }
$data merge entity $(bone_right_head_scales1) { transformation: [-0.9994800306046258f,-0.017040690380299973f,0.02737303954512725f,-0.6567766354747835f,0f,0.8489372654849691f,0.5284936321952267f,4.039983792947217f,-0.03224388969365123f,0.5282188316808347f,-0.8484958440883242f,2.129973954744627f,0f,0f,0f,1f], start_interpolation: 0, interpolation_duration: 1 }
$data merge entity $(bone_head_left_fin1) { transformation: [-0.7162744082939158f,0.013726011895358131f,-0.6976837167518313f,0.5227343600053478f,-0.14185536508035038f,0.9760663157531317f,0.1648381104296846f,3.7678018109157136f,0.6832481448354775f,0.21703949836275593f,-0.6971842143431833f,1.9121749879420298f,0f,0f,0f,1f], start_interpolation: 0, interpolation_duration: 1 }
$data merge entity $(bone_head_right_fin1) { transformation: [-0.6707467873470291f,-0.027686588484639615f,0.7411694813480394f,-0.648531300859448f,0.14185536508035038f,0.9760663157531317f,0.1648381104296846f,3.7678018109157136f,-0.7279943699380923f,0.21570350036610553f,-0.650765854411746f,1.8743891797072822f,0f,0f,0f,1f], start_interpolation: 0, interpolation_duration: 1 }
$data merge entity $(bone_right_whisker16) { transformation: [0.2613694282091743f,0.9276797746615593f,-0.2666388150316591f,-1.1016068143282325f,0.9631060458130941f,-0.2689976345718887f,0.008186398047733023f,1.3922009500305614f,-0.06413085463235713f,-0.25894112898225874f,-0.9637617574927514f,1.70699515835195f,0f,0f,0f,1f], start_interpolation: 0, interpolation_duration: 1 }
$data merge entity $(bone_right_whisker15) { transformation: [-0.8856277893617417f,0.38021988510432553f,-0.2666388150316591f,-0.8421455479136597f,0.39240688738210255f,0.9197553031225723f,0.008186398047733023f,1.277237994742836f,0.24835509546881424f,-0.09738080585597671f,-0.9637617574927514f,1.6342348764763208f,0f,0f,0f,1f], start_interpolation: 0, interpolation_duration: 1 }
$data merge entity $(bone_right_whisker14) { transformation: [-0.718878719545548f,-0.6419634949925621f,-0.2666388150316591f,-0.6315365480467999f,-0.6677430767477391f,0.7443468051536647f,0.008186398047733023f,1.4728658492587752f,0.1932163813966516f,0.1839312500758556f,-0.9637617574927514f,1.5776285147390205f,0f,0f,0f,1f], start_interpolation: 0, interpolation_duration: 1 }
$data merge entity $(bone_right_whisker13) { transformation: [-0.08755619852449706f,-0.9954296796914109f,-0.03812695751556222f,-0.6058853180103262f,-0.9749043818454217f,0.07776096511197463f,0.20860172234056726f,1.7584823673775511f,-0.2046835566393539f,0.055434511762158495f,-0.9772572110489417f,1.6375944004732061f,0f,0f,0f,1f], start_interpolation: 0, interpolation_duration: 1 }
$data merge entity $(bone_right_whisker12) { transformation: [0.08054561303285425f,-0.9965834222641663f,-0.0182725665795447f,-0.6373484481012849f,-0.9063746453869036f,-0.0808577512711603f,0.4146649566326247f,2.1125349632318104f,-0.4147257002175375f,-0.016837652081373285f,-0.9097906830977442f,1.7995966271206818f,0f,0f,0f,1f], start_interpolation: 0, interpolation_duration: 1 }
$data merge entity $(bone_right_whisker11) { transformation: [0.29606138222678957f,-0.9551447554762611f,0.006793676483018901f,-0.7529974255336246f,-0.948170177067689f,-0.2930252057337054f,0.12292088563034168f,2.4829139386488763f,-0.1154165207991931f,-0.04283368873810468f,-0.9923932193620111f,1.8446812055578665f,0f,0f,0f,1f], start_interpolation: 0, interpolation_duration: 1 }
$data merge entity $(bone_right_whisker10) { transformation: [0.06636368004389176f,-0.9906735215161755f,0.1190035114514345f,-0.7789207380507698f,-0.9894978434083027f,-0.08069124367133676f,-0.11992890012458049f,2.8694365337302448f,0.12841292715825245f,-0.10979479478332618f,-0.9856242809393124f,1.794519905886674f,0f,0f,0f,1f], start_interpolation: 0, interpolation_duration: 1 }
$data merge entity $(bone_right_whisker1) { transformation: [-0.3352138498800989f,-0.9379459500776705f,0.08882043448136678f,-0.6479778279413562f,-0.9283624783422746f,0.34490482016369883f,0.1385055010966601f,3.232078126832696f,-0.16054526979874784f,-0.03602859643037573f,-0.9863706993744819f,1.85723290190181f,0f,0f,0f,1f], start_interpolation: 0, interpolation_duration: 1 }
$data merge entity $(bone_left_whisker16) { transformation: [0.2566924471362127f,-0.9090609602544116f,0.3282029221755196f,0.9856570325838951f,-0.9631060458130941f,-0.2689976345718887f,0.008186398047733023f,1.3922009500305614f,0.08084387485449965f,-0.31819560514887074f,-0.9445717679257909f,1.7743316765219699f,0f,0f,0f,1f], start_interpolation: 0, interpolation_duration: 1 }
$data merge entity $(bone_left_whisker15) { transformation: [-0.8677787300234414f,-0.37315267330457835f,0.3282029221755196f,0.73142498277234f,-0.39240688738210255f,0.9197553031225723f,0.008186398047733023f,1.277237994742836f,-0.3049211544875057f,-0.12168510501927814f,-0.9445717679257909f,1.6849993070432085f,0f,0f,0f,1f], start_interpolation: 0, interpolation_duration: 1 }
$data merge entity $(bone_left_whisker14) { transformation: [-0.7049303120275408f,0.6287734862891438f,0.3282029221755196f,0.5249024304205214f,0.6677430767477391f,0.7443468051536647f,0.008186398047733023f,1.4728658492587752f,-0.23914940652282118f,0.22492606918124997f,-0.9445717679257909f,1.6149360043509757f,0f,0f,0f,1f], start_interpolation: 0, interpolation_duration: 1 }
$data merge entity $(bone_left_whisker13) { transformation: [-0.10056686435783589f,0.9897868563285563f,0.10103605709085581f,0.49543948187818665f,0.9749043818454217f,0.07776096511197463f,0.20860172234056726f,1.7584823673775511f,0.1986145816696986f,0.11947891589769419f,-0.9727677197584644f,1.6731238700745203f,0f,0f,0f,1f], start_interpolation: 0, interpolation_duration: 1 }
$data merge entity $(bone_left_whisker12) { transformation: [0.053647298556093924f,0.995596447833187f,0.0768744458163686f,0.5163954578766609f,0.9063746453869036f,-0.0808577512711603f,0.4146649566326247f,2.1125349632318104f,0.41905485268327153f,0.047431393836905644f,-0.9067211772762838f,1.8368171719039232f,0f,0f,0f,1f], start_interpolation: 0, interpolation_duration: 1 }
$data merge entity $(bone_left_whisker11) { transformation: [0.28800668586422945f,0.9559195009782459f,0.05718440825089218f,0.6288980695423755f,0.948170177067689f,-0.2930252057337054f,0.12292088563034168f,2.4829139386488763f,0.13425894464403787f,0.018818513602868802f,-0.9907675808830484f,1.8892620721555005f,0f,0f,0f,1f], start_interpolation: 0, interpolation_duration: 1 }
$data merge entity $(bone_left_whisker10) { transformation: [0.07450244621574567f,0.9956903184622229f,-0.05522839150715365f,0.6580005875954011f,0.9894978434083027f,-0.08069124367133676f,-0.11992890012458049f,2.8694365337302448f,-0.12386849235454755f,-0.045713377859992854f,-0.9912451178626006f,1.8408759423295054f,0f,0f,0f,1f], start_interpolation: 0, interpolation_duration: 1 }
$data merge entity $(bone_left_whisker1) { transformation: [-0.34486465196022137f,0.9383178405840827f,-0.025059965482409935f,0.5232878329234396f,0.9283624783422746f,0.34490482016369883f,0.1385055010966601f,3.232078126832696f,0.13860548558605323f,0.02450091976785365f,-0.9900445567225666f,1.8950187101365574f,0f,0f,0f,1f], start_interpolation: 0, interpolation_duration: 1 }
$data merge entity $(bone_upper_left_tooth1) { transformation: [-0.9994800306046258f,-0.01459012781586126f,0.02875407089253937f,0.17772996369885266f,0f,0.8917680579400135f,0.4524927964486255f,3.1273009552933373f,-0.03224388969365123f,0.4522575140428447f,-0.8913043658421124f,2.763247232633074f,0f,0f,0f,1f], start_interpolation: 0, interpolation_duration: 1 }
$data merge entity $(bone_upper_right_tooth1) { transformation: [-0.9994800306046258f,-0.01459012781586126f,0.02875407089253937f,-0.40790286673354526f,0f,0.8917680579400135f,0.4524927964486255f,3.1273009552933373f,-0.03224388969365123f,0.4522575140428447f,-0.8913043658421124f,2.7443543285157004f,0f,0f,0f,1f], start_interpolation: 0, interpolation_duration: 1 }
$data merge entity $(bone_top_lip1) { transformation: [-0.9994800306046258f,0.0016742112130673746f,0.03220039501916688f,-0.0922520701316229f,0f,0.9986510723458745f,-0.05192336374345757f,3.2230963521423623f,-0.03224388969365123f,-0.05189636518340629f,-0.9981318043515968f,2.8031703451301477f,0f,0f,0f,1f], start_interpolation: 0, interpolation_duration: 1 }
$data merge entity $(bone_muzzle1) { transformation: [-0.9994800306046258f,-0.01459012781586126f,0.02875407089253937f,-0.08034922220790172f,0f,0.8917680579400135f,0.4524927964486255f,3.5746701870205992f,-0.03224388969365123f,0.4522575140428447f,-0.8913043658421124f,2.434211794529924f,0f,0f,0f,1f], start_interpolation: 0, interpolation_duration: 1 }
$data merge entity $(bone_jaw_right_tooth1) { transformation: [-0.9994800306046258f,0.00336360213675944f,0.03206796849259297f,-0.40725624170070385f,0f,0.9945440453143314f,-0.10431750538526761f,2.991349260137327f,-0.03224388969365123f,-0.10426326347506572f,-0.994026912848416f,2.724310567860446f,0f,0f,0f,1f], start_interpolation: 0, interpolation_duration: 1 }
$data merge entity $(bone_jaw_left_tooth1) { transformation: [-0.9994800306046258f,0.00336360213675944f,0.03206796849259297f,0.22717932460106052f,0f,0.9945440453143314f,-0.10431750538526761f,2.991349260137327f,-0.03224388969365123f,-0.10426326347506572f,-0.994026912848416f,2.7447778806542678f,0f,0f,0f,1f], start_interpolation: 0, interpolation_duration: 1 }
$data merge entity $(bone_tongue1) { transformation: [-0.9994800306046258f,-0.010156135542807771f,0.030602636053328233f,-0.06853252205968262f,0f,0.9490987701571825f,0.3149786095691644f,3.204214149285058f,-0.03224388969365123f,0.3148148303319906f,-0.9486052678435133f,2.0679236097606655f,0f,0f,0f,1f], start_interpolation: 0, interpolation_duration: 1 }
$data merge entity $(bone_jaw_lips1) { transformation: [-0.9994800306046258f,-0.010156135542807771f,0.030602636053328233f,-0.042497517152428485f,0f,0.9490987701571825f,0.3149786095691644f,2.8515491663633776f,-0.03224388969365123f,0.3148148303319906f,-0.9486052678435133f,2.7752408011786924f,0f,0f,0f,1f], start_interpolation: 0, interpolation_duration: 1 }
$data merge entity $(bone_jaw3) { transformation: [-0.9994800306046258f,-0.0022560428278901833f,0.03216486737630164f,-0.017203476297871084f,0f,0.9975492312465903f,0.06996807300002633f,2.8331487238250697f,-0.03224388969365123f,0.06993169174341274f,-0.9970305361759628f,1.9911887228587046f,0f,0f,0f,1f], start_interpolation: 0, interpolation_duration: 1 }
$data merge entity $(bone_jaw1) { transformation: [-0.9994800306046258f,-0.02433925901999727f,0.021148732655500418f,-0.0006810289107613832f,0f,0.6558989270970174f,0.7548487248667655f,3.42287429012723f,-0.03224388969365123f,0.7544562266316972f,-0.6555578797284682f,1.4790341293208389f,0f,0f,0f,1f], start_interpolation: 0, interpolation_duration: 1 }
$data merge entity $(bone_tear_right1) { transformation: [-0.9994800306046258f,-0.017040690380299973f,0.02737303954512725f,-0.6066469455211881f,0f,0.8489372654849691f,0.5284936321952267f,3.647088625698297f,-0.03224388969365123f,0.5282188316808347f,-0.8484958440883242f,2.393283562600403f,0f,0f,0f,1f], start_interpolation: 0, interpolation_duration: 1 }
$data merge entity $(bone_right_pupil1) { transformation: [-0.9994800306046258f,-0.017040690380299973f,0.02737303954512725f,-0.4488662484455867f,0f,0.8489372654849691f,0.5284936321952267f,3.6990262317693743f,-0.03224388969365123f,0.5282188316808347f,-0.8484958440883242f,2.499779524802347f,0f,0f,0f,1f], start_interpolation: 0, interpolation_duration: 1 }
$data merge entity $(bone_right_sad_pupil1) { transformation: [-0.9994800306046258f,-0.017040690380299973f,0.02737303954512725f,-0.44859893360627884f,0f,0.8489372654849691f,0.5284936321952267f,3.704187302396281f,-0.03224388969365123f,0.5282188316808347f,-0.8484958440883242f,2.4914934325749223f,0f,0f,0f,1f], start_interpolation: 0, interpolation_duration: 1 }
$data merge entity $(bone_right_happy_pupil1) { transformation: [-0.9994800306046258f,-0.017040690380299973f,0.02737303954512725f,-0.47258396204868053f,0f,0.8489372654849691f,0.5284936321952267f,3.683461560231047f,-0.03224388969365123f,0.5282188316808347f,-0.8484958440883242f,2.477810435810966f,0f,0f,0f,1f], start_interpolation: 0, interpolation_duration: 1 }
$data merge entity $(bone_eyelid_right1) { transformation: [-0.9994800306046258f,-0.017040690380299973f,0.02737303954512725f,-0.05861974814927754f,0f,0.8489372654849691f,0.5284936321952267f,3.920788818825348f,-0.03224388969365123f,0.5282188316808347f,-0.8484958440883242f,2.063519842947868f,0f,0f,0f,1f], start_interpolation: 0, interpolation_duration: 1 }
$data merge entity $(bone_eyelid_expressions_right5) { transformation: [-0.9994800306046258f,-0.017040690380299973f,0.02737303954512725f,-0.5625090436882634f,0f,0.8489372654849691f,0.5284936321952267f,3.7870913322287976f,-0.03224388969365123f,0.5282188316808347f,-0.8484958440883242f,2.539456172976639f,0f,0f,0f,1f], start_interpolation: 0, interpolation_duration: 1 }
$data merge entity $(bone_eyelid_expressions_right7) { transformation: [-0.9994800306046258f,-0.017040690380299973f,0.02737303954512725f,-0.26969262847206443f,0f,0.8489372654849691f,0.5284936321952267f,3.7870913322287976f,-0.03224388969365123f,0.5282188316808347f,-0.8484958440883242f,2.548902625035326f,0f,0f,0f,1f], start_interpolation: 0, interpolation_duration: 1 }
$data merge entity $(bone_eyelid_expressions_right6) { transformation: [-0.9994800306046258f,-0.017040690380299973f,0.02737303954512725f,-0.36729810021079745f,0f,0.8489372654849691f,0.5284936321952267f,3.7870913322287976f,-0.03224388969365123f,0.5282188316808347f,-0.8484958440883242f,2.5457538076824306f,0f,0f,0f,1f], start_interpolation: 0, interpolation_duration: 1 }
$data merge entity $(bone_right_eye1) { transformation: [-0.9994800306046258f,-0.017040690380299973f,0.02737303954512725f,-0.06864761016245872f,0f,0.8489372654849691f,0.5284936321952267f,3.9156277481984416f,-0.03224388969365123f,0.5282188316808347f,-0.8484958440883242f,2.0714910534400035f,0f,0f,0f,1f], start_interpolation: 0, interpolation_duration: 1 }
$data merge entity $(bone_tear_left1) { transformation: [-0.9994800306046258f,-0.017040690380299973f,0.02737303954512725f,0.44749214925712805f,0f,0.8489372654849691f,0.5284936321952267f,3.647088625698297f,-0.03224388969365123f,0.5282188316808347f,-0.8484958440883242f,2.427290790011676f,0f,0f,0f,1f], start_interpolation: 0, interpolation_duration: 1 }
$data merge entity $(bone_left_sad_pupil1) { transformation: [-0.9994800306046258f,-0.017040690380299973f,0.02737303954512725f,0.2834421044342186f,0f,0.8489372654849691f,0.5284936321952267f,3.704187302396281f,-0.03224388969365123f,0.5282188316808347f,-0.8484958440883242f,2.5151095627216393f,0f,0f,0f,1f], start_interpolation: 0, interpolation_duration: 1 }
$data merge entity $(bone_left_pupil1) { transformation: [-0.9994800306046258f,-0.017040690380299973f,0.02737303954512725f,0.2831747895949107f,0f,0.8489372654849691f,0.5284936321952267f,3.6990262317693743f,-0.03224388969365123f,0.5282188316808347f,-0.8484958440883242f,2.5233956549490646f,0f,0f,0f,1f], start_interpolation: 0, interpolation_duration: 1 }
$data merge entity $(bone_eyelid_left1) { transformation: [-0.9994800306046258f,-0.017040690380299973f,0.02737303954512725f,-0.07814084249702415f,0f,0.8489372654849691f,0.5284936321952267f,3.920788818825348f,-0.03224388969365123f,0.5282188316808347f,-0.8484958440883242f,2.062890079477289f,0f,0f,0f,1f], start_interpolation: 0, interpolation_duration: 1 }
$data merge entity $(bone_left_happy_pupil1) { transformation: [-0.9994800306046258f,-0.017040690380299973f,0.02737303954512725f,0.3082598118611834f,0f,0.8489372654849691f,0.5284936321952267f,3.683461560231047f,-0.03224388969365123f,0.5282188316808347f,-0.8484958440883242f,2.503000974634131f,0f,0f,0f,1f], start_interpolation: 0, interpolation_duration: 1 }
$data merge entity $(bone_eyelid_expressions_left5) { transformation: [-0.9994800306046258f,-0.017040690380299973f,0.02737303954512725f,0.39402457935131985f,0f,0.8489372654849691f,0.5284936321952267f,3.7870913322287976f,-0.03224388969365123f,0.5282188316808347f,-0.8484958440883242f,2.5703145830350165f,0f,0f,0f,1f], start_interpolation: 0, interpolation_duration: 1 }
$data merge entity $(bone_eyelid_expressions_left7) { transformation: [-0.9994800306046258f,-0.017040690380299973f,0.02737303954512725f,0.1012081641351209f,0f,0.8489372654849691f,0.5284936321952267f,3.7870913322287976f,-0.03224388969365123f,0.5282188316808347f,-0.8484958440883242f,2.5608681309763295f,0f,0f,0f,1f], start_interpolation: 0, interpolation_duration: 1 }
$data merge entity $(bone_eyelid_expressions_left6) { transformation: [-0.9994800306046258f,-0.017040690380299973f,0.02737303954512725f,0.1988136358738539f,0f,0.8489372654849691f,0.5284936321952267f,3.7870913322287976f,-0.03224388969365123f,0.5282188316808347f,-0.8484958440883242f,2.564016948329225f,0f,0f,0f,1f], start_interpolation: 0, interpolation_duration: 1 }
$data merge entity $(bone_left_eye1) { transformation: [-0.9994800306046258f,-0.017040690380299973f,0.02737303954512725f,-0.06864761016245872f,0f,0.8489372654849691f,0.5284936321952267f,3.9156277481984416f,-0.03224388969365123f,0.5282188316808347f,-0.8484958440883242f,2.0714910534400035f,0f,0f,0f,1f], start_interpolation: 0, interpolation_duration: 1 }
$data merge entity $(bone_crest_middle5) { transformation: [-0.9994800306046258f,-0.010712147865394157f,0.030412469657794643f,-0.1005288928973389f,0f,0.9432010203093708f,0.3322225689012751f,4.719466590227931f,-0.03224388969365123f,0.3320498233329934f,-0.9427105846451241f,3.0597311741673385f,0f,0f,0f,1f], start_interpolation: 0, interpolation_duration: 1 }
$data merge entity $(bone_crest_middle4) { transformation: [-0.9994800306046258f,-0.010712147865394157f,0.030412469657794643f,-0.09425224375745951f,0f,0.9432010203093708f,0.3322225689012751f,4.166809742390409f,-0.03224388969365123f,0.3320498233329934f,-0.9427105846451241f,2.865170730808163f,0f,0f,0f,1f], start_interpolation: 0, interpolation_duration: 1 }
$data merge entity $(bone_crest_middle1) { transformation: [-0.9994800306046258f,-0.010712147865394157f,0.030412469657794643f,-0.09177224221146099f,0f,0.9432010203093708f,0.3322225689012751f,3.7279842950095166f,-0.03224388969365123f,0.3320498233329934f,-0.9427105846451241f,2.7882968782846516f,0f,0f,0f,1f], start_interpolation: 0, interpolation_duration: 1 }
$data merge entity $(bone_crest_left5) { transformation: [-0.522648256496846f,-0.8412460562596888f,0.13836138481645607f,-1.0533178485795145f,-0.7159864277418057f,0.5212136349835227f,0.464434906092115f,4.200637629701814f,-0.4628198734608695f,0.14367122027317647f,-0.8747321562597783f,2.807122293431739f,0f,0f,0f,1f], start_interpolation: 0, interpolation_duration: 1 }
$data merge entity $(bone_crest_left4) { transformation: [-0.522648256496846f,-0.8412460562596888f,0.13836138481645607f,-0.6425531726714633f,-0.7159864277418057f,0.5212136349835227f,0.464434906092115f,3.9461387844950155f,-0.4628198734608695f,0.14367122027317647f,-0.8747321562597783f,2.7369703304077273f,0f,0f,0f,1f], start_interpolation: 0, interpolation_duration: 1 }
$data merge entity $(bone_crest_left1) { transformation: [-0.522648256496846f,-0.8412460562596888f,0.13836138481645607f,-0.1839561021796159f,-0.7159864277418057f,0.5212136349835227f,0.464434906092115f,3.6888675404165667f,-0.4628198734608695f,0.14367122027317647f,-0.8747321562597783f,2.617091640013942f,0f,0f,0f,1f], start_interpolation: 0, interpolation_duration: 1 }
$data merge entity $(bone_crest_center1) { transformation: [-0.9994800306046258f,-0.017040690380299973f,0.02737303954512725f,-0.08593460328611084f,0f,0.8489372654849691f,0.5284936321952267f,3.6681417982513334f,-0.03224388969365123f,0.5282188316808347f,-0.8484958440883242f,2.6073446548648898f,0f,0f,0f,1f], start_interpolation: 0, interpolation_duration: 1 }
$data merge entity $(bone_crest_right5) { transformation: [-0.5513922014918278f,0.8302366019179723f,-0.08169348180665247f,0.8665606089777363f,0.7159864277418057f,0.5212136349835227f,0.464434906092115f,4.200637629701814f,0.4281706148529155f,0.19759436111124618f,-0.8818312724288672f,2.8690588477551358f,0f,0f,0f,1f], start_interpolation: 0, interpolation_duration: 1 }
$data merge entity $(bone_crest_right4) { transformation: [-0.5513922014918278f,0.8302366019179723f,-0.08169348180665247f,0.46117164319747644f,0.7159864277418057f,0.5212136349835227f,0.464434906092115f,3.946138784495016f,0.4281706148529155f,0.19759436111124618f,-0.8818312724288672f,2.772577226118785f,0f,0f,0f,1f], start_interpolation: 0, interpolation_duration: 1 }
$data merge entity $(bone_crest_right1) { transformation: [-0.5513922014918278f,0.8302366019179723f,-0.08169348180665247f,0.011254841297850097f,0.7159864277418057f,0.5212136349835227f,0.464434906092115f,3.688867540416567f,0.4281706148529155f,0.19759436111124618f,-0.8818312724288672f,2.6233892747197336f,0f,0f,0f,1f], start_interpolation: 0, interpolation_duration: 1 }
$data merge entity $(bone_head1) { transformation: [-0.9994800306046258f,-0.017040690380299973f,0.02737303954512725f,-0.053113229040549555f,0f,0.8489372654849691f,0.5284936321952267f,4.158034617762041f,-0.03224388969365123f,0.5282188316808347f,-0.8484958440883242f,1.5899640457909605f,0f,0f,0f,1f], start_interpolation: 0, interpolation_duration: 1 }
$data merge entity $(bone_neck10) { transformation: [-1.3014062898497731f,-0.014659914423271681f,0.03934161401105813f,-0.02068435473068913f,0f,1.2201261815755569f,0.4546571323297324f,4.115939970074309f,-0.0419842313719417f,0.45442072453553206f,-1.2194917533026428f,0.584749954202168f,0f,0f,0f,1f], start_interpolation: 0, interpolation_duration: 1 }
$data merge entity $(bone_neck9) { transformation: [-0.9994800306046258f,-0.01704069038029997f,0.02737303954512725f,-0.00038723996786334345f,0f,0.8489372654849691f,0.5284936321952266f,3.0123822291170614f,-0.03224388969365123f,0.5282188316808347f,-0.8484958440883241f,-0.044409898318016644f,0f,0f,0f,1f], start_interpolation: 0, interpolation_duration: 1 }
$data merge entity $(bone_neck8) { transformation: [-0.9994800306046258f,0.00592924264837073f,0.03169404524817067f,-0.005558208178874306f,0f,0.9829473289139548f,-0.18388732577565503f,2.376958532336074f,-0.03224388969365123f,-0.18379170999405453f,-0.9824362263856544f,0.11587719839706767f,0f,0f,0f,1f], start_interpolation: 0, interpolation_duration: 1 }
$data merge entity $(bone_neck7) { transformation: [-0.9994800306046258f,0.015967191404355624f,0.02801280459420334f,-0.0192120485465359f,0f,0.8687787007198149f,-0.4952005343046295f,1.6790530473953156f,-0.03224388969365123f,-0.4949430451822181f,-0.8683269623840874f,0.5391121405271453f,0f,0f,0f,1f], start_interpolation: 0, interpolation_duration: 1 }
$data merge entity $(bone_neck6) { transformation: [-0.9994800306046258f,0.01183351572027608f,0.029993938192146873f,-0.02836034767032059f,0f,0.9302208411304866f,-0.3670002543956748f,0.9355956143450745f,-0.03224388969365123f,-0.3668094254952945f,-0.9297371547621593f,0.8226865595905173f,0f,0f,0f,1f], start_interpolation: 0, interpolation_duration: 1 }
$data merge entity $(bone_neck_spine6) { transformation: [-1.1064356482150135f,0.024961706810535344f,-0.010897112896959181f,0.10247580621240586f,-0.0104248010550935f,0.02097350020585143f,1.1065229836426527f,0.24036548194704055f,0.025162619087565622f,1.1062905147381412f,-0.020732031218239563f,-1.415400874363551f,0f,0f,0f,1f], start_interpolation: 0, interpolation_duration: 1 }
$data merge entity $(bone_neck_spine7) { transformation: [-0.9709432630783038f,0.21248190673159492f,-0.11009368371782885f,-0.24787489668543664f,-0.024477137957304995f,0.36945691781962664f,0.9289254305877521f,0.08542235688395114f,0.2380547197605512f,0.9046286670158797f,-0.35352075641014064f,-4.585767027919063f,0f,0f,0f,1f], start_interpolation: 0, interpolation_duration: 1 }
$data merge entity $(bone_tail6) { transformation: [-1.2656935650401102f,0.7240873801490553f,0.3404578490928958f,-1.6292084232292596f,0.31300338869881245f,-0.13830253498556697f,1.4577707532954742f,0.12447252528523917f,0.7363714821767227f,1.3033664704945696f,-0.03445526826789811f,-7.5382740962016745f,0f,0f,0f,1f], start_interpolation: 0, interpolation_duration: 1 }
$data merge entity $(bone_tail5) { transformation: [-1.0455729450331346f,0.5981591401231328f,0.2812477883810878f,-1.2514237031514912f,0.2585680167511929f,-0.11424992020546837f,1.2042454048962614f,0.052314680944943286f,0.608306876580771f,1.07669404084334f,-0.028463047699568006f,-6.858256807247986f,0f,0f,0f,1f], start_interpolation: 0, interpolation_duration: 1 }
$data merge entity $(bone_tail4) { transformation: [-0.8452631808267866f,0.48356444169954305f,0.22736663313334257f,-1.0625313431126073f,0.2090318282788591f,-0.09236204075557863f,0.9735373378529776f,0.016235758774795384f,0.4917680854884548f,0.8704221298607212f,-0.023010126982387608f,-6.518248162771141f,0f,0f,0f,1f], start_interpolation: 0, interpolation_duration: 1 }
$data merge entity $(bone_segment18) { transformation: [-0.8452631808267866f,0.43497186653202785f,0.31037015073010243f,-0.8501427364075156f,0.2090318282788591f,-0.26538808339774067f,0.941209254075241f,-0.11334826632175768f,0.4917680854884548f,0.8604467679735439f,0.13339981101524112f,-6.098108139346559f,0f,0f,0f,1f], start_interpolation: 0, interpolation_duration: 1 }
$data merge entity $(bone_segment17) { transformation: [-0.8972279795364733f,0.42549810782672043f,0.11803945515283562f,-0.58005116405657f,-0.013387900911518159f,-0.2934093128589205f,0.9558931630871934f,-0.2995944121794709f,0.44136460760473417f,0.8560737908402154f,0.2689515714592167f,-5.554701924457751f,0f,0f,0f,1f], start_interpolation: 0, interpolation_duration: 1 }
$data merge entity $(bone_segment16) { transformation: [-0.9346319187444463f,0.35559254025568515f,0.00413784709521791f,-0.2848815749771439f,-0.009904846558216865f,-0.037661347314114066f,0.9992414707832857f,-0.3308562727429445f,0.35547864982124117f,0.9338819883866455f,0.03872158685117047f,-4.779506914566492f,0f,0f,0f,1f], start_interpolation: 0, interpolation_duration: 1 }
$data merge entity $(bone_segment15) { transformation: [-0.9709432630783038f,0.23373610342285997f,-0.0513479682125169f,-0.045210765803312875f,-0.024477137957304995f,0.11644438570696533f,0.9928955507779993f,-0.2114552913051382f,0.2380547197605512f,0.9653020972700854f,-0.10733970097638534f,-3.789695193732909f,0f,0f,0f,1f], start_interpolation: 0, interpolation_duration: 1 }
$data merge entity $(bone_segment14) { transformation: [-0.9927114031434573f,0.11812909283752213f,-0.023866032228508575f,0.0759176985320369f,-0.02434257206162866f,-0.002592663277143581f,0.9997003137353493f,-0.21411378392330302f,0.11803181458561307f,0.9929948617805207f,0.005449332354703851f,-2.7714875717899927f,0f,0f,0f,1f], start_interpolation: 0, interpolation_duration: 1 }
$data merge entity $(bone_segment13) { transformation: [-0.9996971503872121f,0.02392071185331556f,-0.005779883400073689f,0.10175488434657429f,-0.009419114365072714f,-0.15494701240825576f,0.9878778789052489f,-0.40467857347485703f,0.022735166422647522f,0.9876331418549027f,0.15512539868618547f,-1.7143407253902214f,0f,0f,0f,1f], start_interpolation: 0, interpolation_duration: 1 }
$data merge entity $(bone_segment12) { transformation: [-0.9989732261520822f,-0.043407233609040356f,-0.012973261028397876f,0.0508870324609801f,-0.0198080337571676f,0.16094411897283328f,0.9867647299973452f,-0.21607218405356798f,-0.040744757085736306f,0.9860085205709271f,-0.16163867770912904f,-0.558861990346166f,0f,0f,0f,1f], start_interpolation: 0, interpolation_duration: 1 }
$data merge entity $(bone_segment11) { transformation: [-1.0337544667505525f,-0.053122500855488135f,0.008841057074915205f,-0.009689868980592108f,-0.02473795169535972f,0.6193721408028334f,0.8290444179037065f,0.49973134044326206f,-0.04783511401952854f,0.8277104644827418f,-0.6198029128413038f,0.39772814528076456f,0f,0f,0f,1f], start_interpolation: 0, interpolation_duration: 1 }
$data merge entity $(bone_segment10) { transformation: [-0.9994800306046258f,-0.0162866165739448f,0.027828304712103007f,-0.02967587357434382f,0f,0.8630566900116381f,0.5051070676858076f,1.2962042856413647f,-0.03224388969365123f,0.5048444274692236f,-0.8626079269463591f,0.8634645762413191f,0f,0f,0f,1f], start_interpolation: 0, interpolation_duration: 1 }