# This file was generated by Animated Java via MC-Build. It is not recommended to edit this file directly.
$data merge entity $(bone_neck_spine5) { transformation: [-1.3665262897630626f,-0.012177009273619734f,0.040734260614364165f,0.1043272115928836f,-1.1858461261560207e-18f,1.3099104613294803f,0.391581720022576f,3.860589166346049f,-0.04251540359268344f,0.39139234011537494f,-1.3092769518755811f,-0.29343496824525805f,0f,0f,0f,1f], start_interpolation: 0, interpolation_duration: 1 }
$data merge entity $(bone_neck_spine2) { transformation: [-1.3014536092981546f,-0.008729352685085671f,0.03953869232726296f,-0.04522707814592622f,-1.1293772630057337e-18f,1.2714640188781503f,0.28071383229664165f,4.8737014749191205f,-0.04049086056446041f,0.28057807121078876f,-1.27084910320259f,1.373148396618871f,0f,0f,0f,1f], start_interpolation: 0, interpolation_duration: 1 }
$data merge entity $(bone_scale_neck_left1) { transformation: [-1.3867517061423795f,0.3383491759572347f,0.11789384650199852f,0.6441844290821295f,0.3484585771736237f,1.1638651172365557f,0.7585868620513073f,4.114343512165246f,0.08340110255932094f,0.7631495544202169f,-1.2091759309889076f,1.1967859872195383f,0f,0f,0f,1f], start_interpolation: 0, interpolation_duration: 1 }
$data merge entity $(bone_scale_neck_right1) { transformation: [-1.3788851303216827f,-0.3851351332884227f,-0.042498763363677944f,-0.7223418606809329f,-0.3484585771736237f,1.1638651172365557f,0.7585868620513073f,4.114343512165246f,-0.16944567204466107f,0.7406404906495622f,-1.2141660702879515f,1.1542705836268552f,0f,0f,0f,1f], start_interpolation: 0, interpolation_duration: 1 }
$data merge entity $(bone_blush_right1) { transformation: [-0.9995163719409828f,-0.016314433959875828f,0.026473788291511695f,-0.6454406732944395f,-8.673617379884035e-19f,0.851329856269551f,0.5246307995381758f,3.420900939984865f,-0.031096980913505597f,0.5243770733628945f,-0.8509181292635801f,2.1369344399829915f,0f,0f,0f,1f], start_interpolation: 0, interpolation_duration: 1 }
$data merge entity $(bone_blush_left1) { transformation: [-0.9995163719409828f,-0.016314433959875828f,0.026473788291511695f,0.5063457709344272f,-8.673617379884035e-19f,0.851329856269551f,0.5246307995381758f,3.420900939984865f,-0.031096980913505597f,0.5243770733628945f,-0.8509181292635801f,2.172768851582539f,0f,0f,0f,1f], start_interpolation: 0, interpolation_duration: 1 }
$data merge entity $(bone_left_head_scales) { transformation: [-0.8988060848813278f,-0.016314433959875828f,-0.43804276163962347f,0.5147994892425519f,-0.24224754414713975f,0.851329856269551f,0.46535320260931395f,4.1406130360918665f,0.36532690721459155f,0.5243770733628945f,-0.7691325866171496f,2.2150879162825032f,0f,0f,0f,1f], start_interpolation: 0, interpolation_duration: 1 }
$data merge entity $(bone_left_head_scales2) { transformation: [-0.8339406205207296f,-0.016314433959875828f,-0.5516129808933699f,0.5236671444419405f,-0.3009158643991069f,0.851329856269551f,0.429752391938665f,3.39866137110518f,0.4625934327229892f,0.5243770733628945f,-0.7148678206024713f,1.9300645380590868f,0f,0f,0f,1f], start_interpolation: 0, interpolation_duration: 1 }
$data merge entity $(bone_left_head_scales1) { transformation: [-0.9995163719409828f,-0.016314433959875828f,0.026473788291511695f,0.5163926956839461f,-8.673617379884035e-19f,0.851329856269551f,0.5246307995381758f,4.057475354815543f,-0.031096980913505597f,0.5243770733628945f,-0.8509181292635801f,2.163879217711908f,0f,0f,0f,1f], start_interpolation: 0, interpolation_duration: 1 }
$data merge entity $(bone_right_head_scales) { transformation: [-0.8743576148199611f,-0.016314433959875828f,0.4850078356592988f,-0.6565087591257873f,0.24224754414713975f,0.851329856269551f,0.46535320260931395f,4.1406130360918665f,-0.4204936251134233f,0.5243770733628945f,-0.7404146109919344f,2.1786461417744887f,0f,0f,0f,1f], start_interpolation: 0, interpolation_duration: 1 }
$data merge entity $(bone_right_head_scales2) { transformation: [-0.803571138230815f,-0.016314433959875828f,0.5949850964915013f,-0.6476411039263987f,0.3009158643991069f,0.851329856269551f,0.429752391938665f,3.39866137110518f,-0.513539743696017f,0.5243770733628945f,-0.6791948296151812f,1.8936227635510723f,0f,0f,0f,1f], start_interpolation: 0, interpolation_duration: 1 }
$data merge entity $(bone_right_head_scales1) { transformation: [-0.9995163719409828f,-0.016314433959875828f,0.026473788291511695f,-0.6549155526843932f,-8.673617379884035e-19f,0.851329856269551f,0.5246307995381758f,4.057475354815543f,-0.031096980913505597f,0.5243770733628945f,-0.8509181292635801f,2.1274374432038936f,0f,0f,0f,1f], start_interpolation: 0, interpolation_duration: 1 }
$data merge entity $(bone_head_left_fin1) { transformation: [-0.7155097374581836f,0.01411303755676282f,-0.6984601905430565f,0.5243062046337368f,-0.13864605090554866f,0.9770398939778555f,0.16177242702029518f,3.7841342595108363f,0.6847065708541269f,0.21258849391879636f,-0.6971248411027402f,1.909523922681255f,0f,0f,0f,1f], start_interpolation: 0, interpolation_duration: 1 }
$data merge entity $(bone_head_right_fin1) { transformation: [-0.671561890609885f,-0.027301068595430213f,0.7404453246081202f,-0.6470020437346025f,0.13864605090554866f,0.9770398939778555f,0.16177242702029518f,3.7841342595108363f,-0.727861181578447f,0.21130001710669194f,-0.6523575730547926f,1.8730821481732407f,0f,0f,0f,1f], start_interpolation: 0, interpolation_duration: 1 }
$data merge entity $(bone_right_whisker16) { transformation: [0.26143172826135586f,0.9273439316606966f,-0.2677436906266174f,-1.1006050565794787f,0.9627665663076816f,-0.2703067285936611f,0.003848542205682731f,1.407864096786124f,-0.0688039988546944f,-0.25878080471525305f,-0.9634824880881486f,1.7169986768794885f,0f,0f,0f,1f], start_interpolation: 0, interpolation_duration: 1 }
$data merge entity $(bone_right_whisker15) { transformation: [-0.8852866877557217f,0.3802378158628379f,-0.2677436906266174f,-0.8412437222760447f,0.3936604709558658f,0.9192478568534694f,0.003848542205682731f,1.2925338806857727f,0.24758617507710112f,-0.10199304416557899f,-0.9634824880881486f,1.644463664649869f,0f,0f,0f,1f], start_interpolation: 0, interpolation_duration: 1 }
$data merge entity $(bone_right_whisker14) { transformation: [-0.7187508145638022f,-0.6416467740848614f,-0.2677436906266174f,-0.6306721945718058f,-0.6667533869316581f,0.7452684816480926f,0.003848542205682731f,1.4878717870134068f,0.19707152909295012f,0.18128515540009676f,-0.9634824880881486f,1.5867278651109187f,0f,0f,0f,1f], start_interpolation: 0, interpolation_duration: 1 }
$data merge entity $(bone_right_whisker13) { transformation: [-0.08792882842402559f,-0.9953543985877821f,-0.03921915786873853f,-0.6049117956194545f,-0.9758110419030548f,0.07815775245288202f,0.2041670302266958f,1.7737539281959425f,-0.20015327035063094f,0.056222655073100036f,-0.9781501323541691f,1.645366518533955f,0f,0f,0f,1f], start_interpolation: 0, interpolation_duration: 1 }
$data merge entity $(bone_right_whisker12) { transformation: [0.07994146637335733f,-0.9966135071845436f,-0.019258225551729957f,-0.6361389309215473f,-0.9082605285561386f,-0.08078737493114366f,0.410531621581893f,2.128543197163184f,-0.41069718068304434f,-0.015327013703221246f,-0.9116429720180704f,1.8057951047382692f,0f,0f,0f,1f], start_interpolation: 0, interpolation_duration: 1 }
$data merge entity $(bone_right_whisker11) { transformation: [0.2957947344313978f,-0.9552346852369372f,0.005671966409326892f,-0.7516837490588121f,-0.9487279183634536f,-0.29307676895874046f,0.11841175792316064f,2.4991400402739083f,-0.11144869671919466f,-0.04040672737298447f,-0.992948379515571f,1.8493297518942047f,0f,0f,0f,1f], start_interpolation: 0, interpolation_duration: 1 }
$data merge entity $(bone_right_whisker10) { transformation: [0.06637121502372327f,-0.9908102835397783f,0.11785518167691687f,-0.777610004927454f,-0.9889141760876555f,-0.08104389130426722f,-0.12442122011592596f,2.885434640308149f,0.1328292669148945f,-0.10829067233186115f,-0.9852053167420309f,1.797443319505574f,0f,0f,0f,1f], start_interpolation: 0, interpolation_duration: 1 }
$data merge entity $(bone_right_whisker1) { transformation: [-0.3355290757612158f,-0.9379379424522278f,0.08770778430279605f,-0.6465439597082291f,-0.9290328847970462f,0.34487505652726747f,0.13401154558840322f,3.248338110931995f,-0.155942740403338f,-0.036518645837374825f,-0.9870908014066901f,1.8583584524756278f,0f,0f,0f,1f], start_interpolation: 0, interpolation_duration: 1 }
$data merge entity $(bone_left_whisker16) { transformation: [0.25664898393948554f,-0.9094635875939346f,0.3271196751704172f,0.9867346837524309f,-0.9627665663076816f,-0.2703067285936611f,0.003848542205682731f,1.407864096786124f,0.08492254025254976f,-0.3159276108822434f,-0.9449750826552477f,1.7819400484140566f,0f,0f,0f,1f], start_interpolation: 0, interpolation_duration: 1 }
$data merge entity $(bone_left_whisker15) { transformation: [-0.8681835859158307f,-0.3731621353550359f,0.3271196751704172f,0.7323840238161523f,-0.3936604709558658f,0.9192478568534694f,0.003848542205682731f,1.2925338806857727f,-0.3021401905624856f,-0.12543284421383832f,-0.9449750826552477f,1.6934224144602035f,0f,0f,0f,1f], start_interpolation: 0, interpolation_duration: 1 }
$data merge entity $(bone_left_whisker14) { transformation: [-0.7051099870510489f,0.629136411501727f,0.3271196751704172f,0.5258088322972904f,0.6667533869316581f,0.7452684816480926f,0.003848542205682731f,1.4878717870134068f,-0.241370725598678f,0.22082179689667378f,-0.9449750826552477f,1.6227083346949658f,0f,0f,0f,1f], start_interpolation: 0, interpolation_duration: 1 }
$data merge entity $(bone_left_whisker13) { transformation: [-0.10020107465850689f,0.9899343203869898f,0.09994891673864745f,0.49645304870593093f,0.9758110419030548f,0.07815775245288202f,0.2041670302266958f,1.7737539281959425f,0.19430016762050115f,0.11798901241837195f,-0.9738203313810935f,1.6796322119275344f,0f,0f,0f,1f], start_interpolation: 0, interpolation_duration: 1 }
$data merge entity $(bone_left_whisker12) { transformation: [0.05425632450240746f,0.9956387990561305f,0.07589224641263392f,0.5176469254646838f,0.9082605285561386f,-0.08078737493114366f,0.410531621581893f,2.128543197163184f,0.4148723460516659f,0.04665599496100484f,-0.908682647911682f,1.8416917221039664f,0f,0f,0f,1f], start_interpolation: 0, interpolation_duration: 1 }
$data merge entity $(bone_left_whisker11) { transformation: [0.28829457051625473f,0.9558990579775022f,0.056064530396430556f,0.6302619920725958f,0.9487279183634536f,-0.29307676895874046f,0.11841175792316064f,2.4991400402739083f,0.12962089927398418f,0.019052518322497807f,-0.9913805646758337f,1.8923248858828665f,0f,0f,0f,1f], start_interpolation: 0, interpolation_duration: 1 }
$data merge entity $(bone_left_whisker10) { transformation: [0.07450003316243495f,0.9956257811096747f,-0.05638305639592634f,0.6593635675266719f,0.9889141760876555f,-0.08104389130426722f,-0.12442122011592596f,2.885434640308149f,-0.12844647675849144f,-0.04648861873633425f,-0.9906262216074831f,1.8421504808990807f,0f,0f,0f,1f], start_interpolation: 0, interpolation_duration: 1 }
$data merge entity $(bone_left_whisker1) { transformation: [-0.3445741538983982f,0.9383940696160797f,-0.026176756379947354f,0.5247642886601102f,0.9290328847970462f,0.34487505652726747f,0.13401154558840322f,3.248338110931995f,0.13478334997647734f,0.021857847439448602f,-0.9906339803754122f,1.8948002269836421f,0f,0f,0f,1f], start_interpolation: 0, interpolation_duration: 1 }
$data merge entity $(bone_upper_left_tooth1) { transformation: [-0.9995163719409828f,-0.013945009931305262f,0.02779494414368788f,0.1801884028406356f,-8.673617379884035e-19f,0.893814876144982f,0.4484361350091343f,3.1475556290941196f,-0.031096980913505597f,0.44821925871156665f,-0.8933826021913114f,2.7638914846785014f,0f,0f,0f,1f], start_interpolation: 0, interpolation_duration: 1 }
$data merge entity $(bone_upper_right_tooth1) { transformation: [-0.9995163719409828f,-0.013945009931305262f,0.02779494414368788f,-0.405465721343534f,-8.673617379884035e-19f,0.893814876144982f,0.4484361350091343f,3.1475556290941196f,-0.031096980913505597f,0.44821925871156665f,-0.8933826021913114f,2.7456705974244944f,0f,0f,0f,1f], start_interpolation: 0, interpolation_duration: 1 }
$data merge entity $(bone_top_lip1) { transformation: [-0.9995163719409828f,0.001829414503031434f,0.031043122660438488f,-0.08973409084195702f,-8.673617379884035e-19f,0.9982680552425037f,-0.05882932842001071f,3.2435708989925063f,-0.031096980913505597f,-0.0588008769060937f,-0.9977852648005681f,2.8036888075867945f,0f,0f,0f,1f], start_interpolation: 0, interpolation_duration: 1 }
$data merge entity $(bone_muzzle1) { transformation: [-0.9995163719409828f,-0.013945009931305262f,0.02779494414368788f,-0.07820506683595298f,-8.673617379884035e-19f,0.893814876144982f,0.4484361350091343f,3.593463769037735f,-0.031096980913505597f,0.44821925871156665f,-0.8933826021913114f,2.4331239518358956f,0f,0f,0f,1f], start_interpolation: 0, interpolation_duration: 1 }
$data merge entity $(bone_jaw_right_tooth1) { transformation: [-0.9995163719409828f,0.003257868893056518f,0.03092585507646613f,-0.40480677440447893f,-8.673617379884035e-19f,0.9944970272993563f,-0.10476479701094066f,3.006360603744502f,-0.031096980913505597f,-0.10471412981550891f,-0.9940160606323452f,2.724490783999588f,0f,0f,0f,1f], start_interpolation: 0, interpolation_duration: 1 }
$data merge entity $(bone_jaw_left_tooth1) { transformation: [-0.9995163719409828f,0.003257868893056518f,0.03092585507646613f,0.2296518601283714f,-8.673617379884035e-19f,0.9944970272993563f,-0.10476479701094066f,3.006360603744502f,-0.031096980913505597f,-0.10471412981550891f,-0.9940160606323452f,2.7442300785247626f,0f,0f,0f,1f], start_interpolation: 0, interpolation_duration: 1 }
$data merge entity $(bone_tongue1) { transformation: [-0.9995163719409828f,-0.009982795559336597f,0.029451078329246635f,-0.06690877050898422f,-8.673617379884035e-19f,0.9470719492404444f,0.32102137461842867f,3.2237364009502802f,-0.031096980913505597f,0.32086611967411893f,-0.9466139186718835f,2.070039408275f,0f,0f,0f,1f], start_interpolation: 0, interpolation_duration: 1 }
$data merge entity $(bone_jaw_lips1) { transformation: [-0.9995163719409828f,-0.009982795559336597f,0.029451078329246635f,-0.03999180348898327f,-8.673617379884035e-19f,0.9470719492404444f,0.32102137461842867f,2.8665781286901533f,-0.031096980913505597f,0.32086611967411893f,-0.9466139186718835f,2.775065270479899f,0f,0f,0f,1f], start_interpolation: 0, interpolation_duration: 1 }
$data merge entity $(bone_jaw3) { transformation: [-0.9995163719409828f,-0.002161843832640571f,0.031021744844192845f,-0.01559772648254544f,-8.673617379884035e-19f,0.9975805989165953f,0.06951941214658813f,2.8478248724135264f,-0.031096980913505597f,0.06948579060822768f,-0.9970981409478281f,1.9909930348457854f,0f,0f,0f,1f], start_interpolation: 0, interpolation_duration: 1 }
$data merge entity $(bone_jaw1) { transformation: [-0.9995163719409828f,-0.023464340577494046f,0.020407031709641112f,0.000345267040611677f,-8.673617379884035e-19f,0.656238358521107f,0.7545536540270169f,3.437319914622133f,-0.031096980913505597f,0.7541887307078956f,-0.6559209832375229f,1.4785547666914705f,0f,0f,0f,1f], start_interpolation: 0, interpolation_duration: 1 }
$data merge entity $(bone_tear_right1) { transformation: [-0.9995163719409828f,-0.016314433959875828f,0.026473788291511695f,-0.6045391832896969f,-8.673617379884035e-19f,0.851329856269551f,0.5246307995381758f,3.665772695586337f,-0.031096980913505597f,0.5243770733628945f,-0.8509181292635801f,2.392471018456049f,0f,0f,0f,1f], start_interpolation: 0, interpolation_duration: 1 }
$data merge entity $(bone_right_pupil1) { transformation: [-0.9995163719409828f,-0.016314433959875828f,0.026473788291511695f,-0.4466290164620164f,-8.673617379884035e-19f,0.851329856269551f,0.5246307995381758f,3.7181702909522203f,-0.031096980913505597f,0.5243770733628945f,-0.8509181292635801f,2.4985489354402275f,0f,0f,0f,1f], start_interpolation: 0, interpolation_duration: 1 }
$data merge entity $(bone_right_sad_pupil1) { transformation: [-0.9995163719409828f,-0.016314433959875828f,0.026473788291511695f,-0.4463704833732321f,-8.673617379884035e-19f,0.851329856269551f,0.5246307995381758f,3.7232936386039603f,-0.031096980913505597f,0.5243770733628945f,-0.8509181292635801f,2.490239188084138f,0f,0f,0f,1f], start_interpolation: 0, interpolation_duration: 1 }
$data merge entity $(bone_right_happy_pupil1) { transformation: [-0.9995163719409828f,-0.016314433959875828f,0.026473788291511695f,-0.47037412968661835f,-8.673617379884035e-19f,0.851329856269551f,0.5246307995381758f,3.70250948432546f,-0.031096980913505597f,0.5243770733628945f,-0.8509181292635801f,2.4766779833915473f,0f,0f,0f,1f], start_interpolation: 0, interpolation_duration: 1 }
$data merge entity $(bone_eyelid_right1) { transformation: [-0.9995163719409828f,-0.016314433959875828f,0.026473788291511695f,-0.05685218367961195f,-8.673617379884035e-19f,0.851329856269551f,0.5246307995381758f,3.9378921805527987f,-0.031096980913505597f,0.5243770733628945f,-0.8509181292635801f,2.060839216700152f,0f,0f,0f,1f], start_interpolation: 0, interpolation_duration: 1 }
$data merge entity $(bone_eyelid_expressions_right5) { transformation: [-0.9995163719409828f,-0.016314433959875828f,0.026473788291511695f,-0.5602137512677259f,-8.673617379884035e-19f,0.851329856269551f,0.5246307995381758f,3.806431319880284f,-0.031096980913505597f,0.5243770733628945f,-0.8509181292635801f,2.537955559648855f,0f,0f,0f,1f], start_interpolation: 0, interpolation_duration: 1 }
$data merge entity $(bone_eyelid_expressions_right7) { transformation: [-0.9995163719409828f,-0.016314433959875828f,0.026473788291511695f,-0.26738668917564096f,-8.673617379884035e-19f,0.851329856269551f,0.5246307995381758f,3.806431319880284f,-0.031096980913505597f,0.5243770733628945f,-0.8509181292635801f,2.5470660032758587f,0f,0f,0f,1f], start_interpolation: 0, interpolation_duration: 1 }
$data merge entity $(bone_eyelid_expressions_right6) { transformation: [-0.9995163719409828f,-0.016314433959875828f,0.026473788291511695f,-0.36499570987300256f,-8.673617379884035e-19f,0.851329856269551f,0.5246307995381758f,3.806431319880284f,-0.031096980913505597f,0.5243770733628945f,-0.8509181292635801f,2.544029188733524f,0f,0f,0f,1f], start_interpolation: 0, interpolation_duration: 1 }
$data merge entity $(bone_right_eye1) { transformation: [-0.9995163719409828f,-0.016314433959875828f,0.026473788291511695f,-0.0668716188381324f,-8.673617379884035e-19f,0.851329856269551f,0.5246307995381758f,3.9327688329010586f,-0.031096980913505597f,0.5243770733628945f,-0.8509181292635801f,2.0688452826020085f,0f,0f,0f,1f], start_interpolation: 0, interpolation_duration: 1 }
$data merge entity $(bone_tear_left1) { transformation: [-0.9995163719409828f,-0.016314433959875828f,0.026473788291511695f,0.44963824024180843f,-8.673617379884035e-19f,0.851329856269551f,0.5246307995381758f,3.665772695586337f,-0.031096980913505597f,0.5243770733628945f,-0.8509181292635801f,2.425268615513262f,0f,0f,0f,1f], start_interpolation: 0, interpolation_duration: 1 }
$data merge entity $(bone_left_sad_pupil1) { transformation: [-0.9995163719409828f,-0.016314433959875828f,0.026473788291511695f,0.2856971718569799f,-8.673617379884035e-19f,0.851329856269551f,0.5246307995381758f,3.7232936386039603f,-0.031096980913505597f,0.5243770733628945f,-0.8509181292635801f,2.513015297151647f,0f,0f,0f,1f], start_interpolation: 0, interpolation_duration: 1 }
$data merge entity $(bone_left_pupil1) { transformation: [-0.9995163719409828f,-0.016314433959875828f,0.026473788291511695f,0.2854386387681956f,-8.673617379884035e-19f,0.851329856269551f,0.5246307995381758f,3.7181702909522203f,-0.031096980913505597f,0.5243770733628945f,-0.8509181292635801f,2.5213250445077366f,0f,0f,0f,1f], start_interpolation: 0, interpolation_duration: 1 }
$data merge entity $(bone_eyelid_left1) { transformation: [-0.9995163719409828f,-0.016314433959875828f,0.026473788291511695f,-0.07637398781908428f,-8.673617379884035e-19f,0.851329856269551f,0.5246307995381758f,3.9378921805527987f,-0.031096980913505597f,0.5243770733628945f,-0.8509181292635801f,2.0602318537916853f,0f,0f,0f,1f], start_interpolation: 0, interpolation_duration: 1 }
$data merge entity $(bone_left_happy_pupil1) { transformation: [-0.9995163719409828f,-0.016314433959875828f,0.026473788291511695f,0.3104980358922745f,-8.673617379884035e-19f,0.851329856269551f,0.5246307995381758f,3.70250948432546f,-0.031096980913505597f,0.5243770733628945f,-0.8509181292635801f,2.500972499730224f,0f,0f,0f,1f], start_interpolation: 0, interpolation_duration: 1 }
$data merge entity $(bone_eyelid_expressions_left5) { transformation: [-0.9995163719409828f,-0.016314433959875828f,0.026473788291511695f,0.39635465156641786f,-8.673617379884035e-19f,0.851329856269551f,0.5246307995381758f,3.806431319880284f,-0.031096980913505597f,0.5243770733628945f,-0.8509181292635801f,2.5677163421637337f,0f,0f,0f,1f], start_interpolation: 0, interpolation_duration: 1 }
$data merge entity $(bone_eyelid_expressions_left7) { transformation: [-0.9995163719409828f,-0.016314433959875828f,0.026473788291511695f,0.10352758947433305f,-8.673617379884035e-19f,0.851329856269551f,0.5246307995381758f,3.806431319880284f,-0.031096980913505597f,0.5243770733628945f,-0.8509181292635801f,2.5586058985367295f,0f,0f,0f,1f], start_interpolation: 0, interpolation_duration: 1 }
$data merge entity $(bone_eyelid_expressions_left6) { transformation: [-0.9995163719409828f,-0.016314433959875828f,0.026473788291511695f,0.20113661017169465f,-8.673617379884035e-19f,0.851329856269551f,0.5246307995381758f,3.806431319880284f,-0.031096980913505597f,0.5243770733628945f,-0.8509181292635801f,2.561642713079064f,0f,0f,0f,1f], start_interpolation: 0, interpolation_duration: 1 }
$data merge entity $(bone_left_eye1) { transformation: [-0.9995163719409828f,-0.016314433959875828f,0.026473788291511695f,-0.0668716188381324f,-8.673617379884035e-19f,0.851329856269551f,0.5246307995381758f,3.9327688329010586f,-0.031096980913505597f,0.5243770733628945f,-0.8509181292635801f,2.0688452826020085f,0f,0f,0f,1f], start_interpolation: 0, interpolation_duration: 1 }
$data merge entity $(bone_crest_middle5) { transformation: [-0.9995163719409828f,-0.010197740216154754f,0.02937734359023551f,-0.0975049927653727f,-8.673617379884035e-19f,0.9447008271300305f,0.327933449376297f,4.741092050349914f,-0.031096980913505597f,0.32777485155868824f,-0.9442439433026537f,3.053460440363799f,0f,0f,0f,1f], start_interpolation: 0, interpolation_duration: 1 }
$data merge entity $(bone_crest_middle4) { transformation: [-0.9995163719409828f,-0.010197740216154754f,0.02937734359023551f,-0.09152975435746952f,-8.673617379884035e-19f,0.9447008271300305f,0.327933449376297f,4.1875564094534115f,-0.031096980913505597f,0.32777485155868824f,-0.9442439433026537f,2.86140486327863f,0f,0f,0f,1f], start_interpolation: 0, interpolation_duration: 1 }
$data merge entity $(bone_crest_middle1) { transformation: [-0.9995163719409828f,-0.010197740216154754f,0.02937734359023551f,-0.08919999563944997f,-8.673617379884035e-19f,0.9447008271300305f,0.327933449376297f,3.7483860131150912f,-0.031096980913505597f,0.32777485155868824f,-0.9442439433026537f,2.786521967482098f,0f,0f,0f,1f], start_interpolation: 0, interpolation_duration: 1 }
$data merge entity $(bone_crest_left5) { transformation: [-0.5232803011350897f,-0.8410069409318833f,0.1374228938291044f,-1.050656566333177f,-0.7180043183428528f,0.5219839742805228f,0.4604373241118989f,4.22126083748407f,-0.4589635337202565f,0.1422675504066411f,-0.8769905465946078f,2.8043036244572725f,0f,0f,0f,1f], start_interpolation: 0, interpolation_duration: 1 }
$data merge entity $(bone_crest_left4) { transformation: [-0.5232803011350897f,-0.8410069409318833f,0.1374228938291044f,-0.6400086459562808f,-0.7180043183428528f,0.5219839742805228f,0.4604373241118989f,3.9663858500424083f,-0.4589635337202565f,0.1422675504066411f,-0.8769905465946078f,2.73483704711028f,0f,0f,0f,1f], start_interpolation: 0, interpolation_duration: 1 }
$data merge entity $(bone_crest_left1) { transformation: [-0.5232803011350897f,-0.8410069409318833f,0.1374228938291044f,-0.1815858313039458f,-0.7180043183428528f,0.5219839742805228f,0.4604373241118989f,3.708505655072982f,-0.4589635337202565f,0.1422675504066411f,-0.8769905465946078f,2.615602007995648f,0f,0f,0f,1f], start_interpolation: 0, interpolation_duration: 1 }
$data merge entity $(bone_crest_center1) { transformation: [-0.9995163719409828f,-0.016314433959875828f,0.026473788291511695f,-0.08357851409449626f,-8.673617379884035e-19f,0.851329856269551f,0.5246307995381758f,3.6877215007944812f,-0.031096980913505597f,0.5243770733628945f,-0.8509181292635801f,2.605836811763169f,0f,0f,0f,1f], start_interpolation: 0, interpolation_duration: 1 }
$data merge entity $(bone_crest_right5) { transformation: [-0.5507992092251668f,0.8305364927606812f,-0.08263997404233335f,0.8692916984704961f,0.7180043183428528f,0.5219839742805228f,0.4604373241118989f,4.22126083748407f,0.42554674238906604f,0.19427265578844913f,-0.8838371486054186f,2.8640371077913938f,0f,0f,0f,1f], start_interpolation: 0, interpolation_duration: 1 }
$data merge entity $(bone_crest_right4) { transformation: [-0.5507992092251668f,0.8305364927606812f,-0.08263997404233335f,0.4637563016146947f,0.7180043183428528f,0.5219839742805228f,0.4604373241118989f,3.9663858500424083f,0.42554674238906604f,0.19427265578844913f,-0.8838371486054186f,2.76917741258219f,0f,0f,0f,1f], start_interpolation: 0, interpolation_duration: 1 }
$data merge entity $(bone_crest_right1) { transformation: [-0.5507992092251668f,0.8305364927606812f,-0.08263997404233335f,0.013632210090777433f,0.7180043183428528f,0.5219839742805228f,0.4604373241118989f,3.708505655072982f,0.42554674238906604f,0.19427265578844913f,-0.8838371486054186f,2.621675637080317f,0f,0f,0f,1f], start_interpolation: 0, interpolation_duration: 1 }
$data merge entity $(bone_head1) { transformation: [-0.9995163719409828f,-0.016314433959875828f,0.026473788291511695f,-0.051855695734299184f,-8.673617379884035e-19f,0.851329856269551f,0.5246307995381758f,4.172984113108597f,-0.031096980913505597f,0.5243770733628945f,-0.8509181292635801f,1.58620482873178f,0f,0f,0f,1f], start_interpolation: 0, interpolation_duration: 1 }
$data merge entity $(bone_neck10) { transformation: [-1.3014536092981546f,-0.013815506817585668f,0.03806102416677485f,-0.020592563970196397f,-1.1293772630057337e-18f,1.2239459603052567f,0.4442716434760237f,4.122343870993687f,-0.04049086056446041f,0.444056781243413f,-1.2233540256961326f,0.5813480510502614f,0f,0f,0f,1f], start_interpolation: 0, interpolation_duration: 1 }
$data merge entity $(bone_neck9) { transformation: [-0.9995163719409828f,-0.01631443395987583f,0.026473788291511695f,-0.0011735456759942456f,-8.673617379884035e-19f,0.851329856269551f,0.5246307995381757f,3.0159372761427834f,-0.031096980913505597f,0.5243770733628945f,-0.8509181292635801f,-0.04281629358702779f,0f,0f,0f,1f], start_interpolation: 0, interpolation_duration: 1 }
$data merge entity $(bone_neck8) { transformation: [-0.9995163719409828f,0.005857169706733516f,0.03054039595292528f,-0.006250315918753656f,-8.673617379884035e-19f,0.9821016399589262f,-0.18835171565448383f,2.381248825680748f,-0.031096980913505597f,-0.1882606234798293f,-0.9816266680490354f,0.12036080030304258f,0f,0f,0f,1f], start_interpolation: 0, interpolation_duration: 1 }
$data merge entity $(bone_neck7) { transformation: [-0.9995163719409828f,0.015564444775494278f,0.026921557918618316f,-0.019551187616420586f,-8.673617379884035e-19f,0.8657289912965834f,-0.500513050407879f,1.685950359271287f,-0.031096980913505597f,-0.5002709882527975f,-0.8653103004648879f,0.5478762256712557f,0f,0f,0f,1f], start_interpolation: 0, interpolation_duration: 1 }
$data merge entity $(bone_neck6) { transformation: [-0.9995163719409828f,0.011556461788099003f,0.028869887649160313f,-0.028489065519039767f,-8.673617379884035e-19f,0.928382331695163f,-0.371626487479367f,0.9439145493900765f,-0.031096980913505597f,-0.371446758482548f,-0.9279333399500596f,0.8351566957247814f,0f,0f,0f,1f], start_interpolation: 0, interpolation_duration: 1 }
$data merge entity $(bone_neck_spine6) { transformation: [-1.1065373713791955f,0.016349505241686428f,-0.015792939464642258f,0.10198356122632911f,-0.015397367732642137f,0.02658589927202063f,1.1063443354327644f,0.24355260128968337f,0.01672256934467839f,1.106330674416836f,-0.026352837347473113f,-1.4026553776342565f,0f,0f,0f,1f], start_interpolation: 0, interpolation_duration: 1 }
$data merge entity $(bone_neck_spine7) { transformation: [-0.9736105719419227f,0.19961213343436685f,-0.11062301021352886f,-0.21635114373280812f,-0.02686425937534208f,0.3811163862925212f,0.9241366845156317f,0.062334356152640685f,0.22662913707450844f,0.9027210512030336f,-0.3656965107076541f,-4.57797787057302f,0f,0f,0f,1f], start_interpolation: 0, interpolation_duration: 1 }
$data merge entity $(bone_tail6) { transformation: [-1.250854290511339f,0.7324983880595892f,0.37550490953315757f,-1.5984866718167063f,0.3554649494136076f,-0.13542595484385492f,1.4482744084520165f,0.0708933508434405f,0.7424301282489706f,1.2989612018566066f,-0.06075839385207334f,-7.5270218057911835f,0f,0f,0f,1f], start_interpolation: 0, interpolation_duration: 1 }
$data merge entity $(bone_tail5) { transformation: [-1.0333144139006714f,0.6051073640492259f,0.31019970787521717f,-1.2163135997856158f,0.29364495821124115f,-0.1118736148710106f,1.1964005982864485f,0.0002363309249074283f,0.6133118450752366f,1.0730549058815446f,-0.05019171666040842f,-6.849302917865996f,0f,0f,0f,1f], start_interpolation: 0, interpolation_duration: 1 }
$data merge entity $(bone_tail4) { transformation: [-0.8353531261849638f,0.48918153219979527f,0.25077197436649135f,-1.0252270637700707f,0.23738876621708754f,-0.09044098549572224f,0.9671954310357815f,-0.03509217903435907f,0.49581420738713866f,0.8674801765442381f,-0.04057604041599333f,-6.510443473903403f,0f,0f,0f,1f], start_interpolation: 0, interpolation_duration: 1 }
$data merge entity $(bone_segment18) { transformation: [-0.8353531261849638f,0.4374443266836563f,0.332907818510305f,-0.8116312011315667f,0.23738876621708754f,-0.2591580251431944f,0.9362070773487071f,-0.16163418349880948f,0.49581420738713866f,0.8610920851199142f,0.11264409747919119f,-6.089988354215945f,0f,0f,0f,1f], start_interpolation: 0, interpolation_duration: 1 }
$data merge entity $(bone_segment17) { transformation: [-0.8954631250685444f,0.43047200361659715f,0.11331216062183463f,-0.5383823707108751f,-0.012331139249046006f,-0.2784476862306759f,0.9603722346244729f,-0.33838320307882835f,0.44496486900349413f,0.8585806544146538f,0.2546478454996387f,-5.544990868503518f,0f,0f,0f,1f], start_interpolation: 0, interpolation_duration: 1 }
$data merge entity $(bone_segment16) { transformation: [-0.9371971394580152f,0.34879481475193513f,-0.0019232768590871294f,-0.2488554248718665f,-0.010115263470752927f,-0.021666804449409743f,0.9997140746382779f,-0.35636834349093605f,0.34865341420475243f,0.9369486254790677f,0.023834218599631363f,-4.767250310244527f,0f,0f,0f,1f], start_interpolation: 0, interpolation_duration: 1 }
$data merge entity $(bone_segment15) { transformation: [-0.9736105719419227f,0.2214418567947465f,-0.05519020078072712f,-0.021791020931940852f,-0.02686425937534208f,0.1289459861113621f,0.9912876697679552f,-0.22414833820096516f,0.22662913707450844f,0.9666107989905054f,-0.11959430381000698f,-3.776096658935903f,0f,0f,0f,1f], start_interpolation: 0, interpolation_duration: 1 }
$data merge entity $(bone_segment14) { transformation: [-0.9938538370669001f,0.10701504175217935f,-0.028325454739134715f,0.08794119961472738f,-0.027820075507768514f,0.006212730557376617f,0.9995936401247076f,-0.21777786253178016f,0.10714753355136791f,0.9942379910352453f,-0.0031973795610988343f,-2.756614343909529f,0f,0f,0f,1f], start_interpolation: 0, interpolation_duration: 1 }
$data merge entity $(bone_segment13) { transformation: [-0.9997890602579083f,0.017025687803150277f,-0.01148742544865044f,0.10651096381756471f,-0.013911974610199012f,-0.14992505494239755f,0.9885994815206836f,-0.4029655882376594f,0.015109333243191768f,0.9885507593721976f,0.1501302907264136f,-1.6983598262503983f,0f,0f,0f,1f], start_interpolation: 0, interpolation_duration: 1 }
$data merge entity $(bone_segment12) { transformation: [-0.9987693543496444f,-0.046873492670584944f,-0.016206557217835458f,0.051581089594222966f,-0.023670676078747722f,0.1633610863807391f,0.986282340179768f,-0.21152681513523075f,-0.043582977249946524f,0.9854521962740583f,-0.16426957403203218f,-0.543533033741736f,0f,0f,0f,1f], start_interpolation: 0, interpolation_duration: 1 }
$data merge entity $(bone_segment11) { transformation: [-1.0337392906039715f,-0.05361826257273295f,0.007524818558712909f,-0.010056776169977077f,-0.026205681484000636f,0.6213678393520412f,0.8275045210698231f,0.5065718449026141f,-0.04737935450825805f,0.8261813070093754f,-0.6218746711586856f,0.4112671881308856f,0f,0f,0f,1f], start_interpolation: 0, interpolation_duration: 1 }
$data merge entity $(bone_segment10) { transformation: [-0.9995163719409828f,-0.015610344908550004f,0.026894968930471705f,-0.02970195850255417f,-8.673617379884035e-19f,0.8648739569052848f,0.5019890822189219f,1.3047218571251022f,-0.031096980913505597f,0.5017463062134406f,-0.864455679592212f,0.8741413932363162f,0f,0f,0f,1f], start_interpolation: 0, interpolation_duration: 1 }