# This file was generated by Animated Java via MC-Build. It is not recommended to edit this file directly.
$data merge entity $(bone_neck_spine5) { transformation: [-1.36664237106276f,-0.010701635586959203f,0.03709130313121858f,0.1023425074934679f,-1.1858461261560207e-18f,1.3136050527215328f,0.379003200013812f,3.8637736523617203f,-0.038604271424390546f,0.3788520827664456f,-1.313081288331979f,-0.2999871347825951f,0f,0f,0f,1f], start_interpolation: 0, interpolation_duration: 1 }
$data merge entity $(bone_neck_spine2) { transformation: [-1.301564162916914f,-0.007346465571986835f,0.03602452218193622f,-0.04202449465257916f,-1.1293772630057337e-18f,1.275824529342053f,0.2601783566586067f,4.897969474800043f,-0.03676597278513385f,0.26007461759497597f,-1.2753158289115816f,1.3522563985307205f,0f,0f,0f,1f], start_interpolation: 0, interpolation_duration: 1 }
$data merge entity $(bone_scale_neck_left1) { transformation: [-1.3863482405267462f,0.34106449478598777f,0.114773624093479f,0.6465330331417433f,0.35045251533027993f,1.1758420271702428f,0.7389438273926046f,4.135522565908275f,0.0817374387282371f,0.7433235876382039f,-1.2215762168500153f,1.1861850783563073f,0f,0f,0f,1f], start_interpolation: 0, interpolation_duration: 1 }
$data merge entity $(bone_scale_neck_right1) { transformation: [-1.379523526447525f,-0.3824812717470683f,-0.045632610524794275f,-0.7201093379210165f,-0.35045251533027993f,1.1758420271702428f,0.7389438273926046f,4.135522565908275f,-0.15986648454020108f,0.7228852068659982f,-1.2261072967802773f,1.1475808069319167f,0f,0f,0f,1f], start_interpolation: 0, interpolation_duration: 1 }
$data merge entity $(bone_blush_right1) { transformation: [-0.99960127712019f,-0.014582434271091706f,0.024179317410017772f,-0.640570797473435f,-8.673617379884035e-19f,0.8563213163148193f,0.5164434172538703f,3.454186523424099f,-0.028236267098982797f,0.5162374994472843f,-0.8559798814135358f,2.136204702947097f,0f,0f,0f,1f], start_interpolation: 0, interpolation_duration: 1 }
$data merge entity $(bone_blush_left1) { transformation: [-0.99960127712019f,-0.014582434271091706f,0.024179317410017772f,0.5113134867080339f,-8.673617379884035e-19f,0.8563213163148193f,0.5164434172538703f,3.454186523424099f,-0.028236267098982797f,0.5162374994472843f,-0.8559798814135358f,2.1687425888619405f,0f,0f,0f,1f], start_interpolation: 0, interpolation_duration: 1 }
$data merge entity $(bone_left_head_scales) { transformation: [-0.8978219279474396f,-0.014582434271091706f,-0.440117187016676f,0.520083205056177f,-0.2384670317313366f,0.8563213163148193f,0.4580909058277635f,4.1742686051071916f,0.37020164839447733f,0.5162374994472843f,-0.7723014849723051f,2.204136904112905f,0f,0f,0f,1f], start_interpolation: 0, interpolation_duration: 1 }
$data merge entity $(bone_left_head_scales2) { transformation: [-0.8326941163403294f,-0.014582434271091706f,-0.5535412010166245f,0.5279338396317343f,-0.29621977484543127f,0.8563213163148193f,0.42304568100310064f,3.429616685536942f,0.4678400940521451f,0.5162374994472843f,-0.7173733271886374f,1.9262140356111501f,0f,0f,0f,1f], start_interpolation: 0, interpolation_duration: 1 }
$data merge entity $(bone_left_head_scales1) { transformation: [-0.99960127712019f,-0.014582434271091706f,0.024179317410017772f,0.5215072709029633f,-8.673617379884035e-19f,0.8563213163148193f,0.5164434172538703f,4.090643476560823f,-0.028236267098982797f,0.5162374994472843f,-0.8559798814135358f,2.1537230858075063f,0f,0f,0f,1f], start_interpolation: 0, interpolation_duration: 1 }
$data merge entity $(bone_right_head_scales) { transformation: [-0.8754923953813488f,-0.014582434271091706f,0.48301181997975706f,-0.6513245415690456f,0.2384670317313366f,0.8563213163148193f,0.4580909058277635f,4.1742686051071916f,-0.42029339800510046f,0.5162374994472843f,-0.7462253706205264f,2.1710475286062847f,0f,0f,0f,1f], start_interpolation: 0, interpolation_duration: 1 }
$data merge entity $(bone_right_head_scales2) { transformation: [-0.8049567429134519f,-0.014582434271091706f,0.5931542755884815f,-0.6434739069934883f,0.29621977484543127f,0.8563213163148193f,0.42304568100310064f,3.429616685536942f,-0.5140996858865886f,0.5162374994472843f,-0.6849820122716558f,1.8931246601045297f,0f,0f,0f,1f], start_interpolation: 0, interpolation_duration: 1 }
$data merge entity $(bone_right_head_scales1) { transformation: [-0.99960127712019f,-0.014582434271091706f,0.024179317410017772f,-0.6499004757222593f,-8.673617379884035e-19f,0.8563213163148193f,0.5164434172538703f,4.090643476560823f,-0.028236267098982797f,0.5162374994472843f,-0.8559798814135358f,2.120633710300886f,0f,0f,0f,1f], start_interpolation: 0, interpolation_duration: 1 }
$data merge entity $(bone_head_left_fin1) { transformation: [-0.7135838185933326f,0.014986213475911067f,-0.7004095567933181f,0.528618451814731f,-0.13186395914858975f,0.979028257792599f,0.15529187590227453f,3.8148747963234313f,0.688047985331995f,0.2031725469871432f,-0.6966425812648411f,1.901977857009474f,0f,0f,0f,1f], start_interpolation: 0, interpolation_duration: 1 }
$data merge entity $(bone_head_right_fin1) { transformation: [-0.6736056360241157f,-0.026431410649777217f,0.7386181880021704f,-0.6427892948104916f,0.13186395914858975f,0.979028257792599f,0.15529187590227453f,3.8148747963234313f,-0.7272326611162386f,0.20200260140565357f,-0.655993601821804f,1.8688884815028537f,0f,0f,0f,1f], start_interpolation: 0, interpolation_duration: 1 }
$data merge entity $(bone_right_whisker16) { transformation: [0.2614943146246358f,0.9265259511723319f,-0.2705002499503421f,-1.097480722624507f,0.9619849181674441f,-0.27305102731679715f,-0.005306005994852786f,1.437353202143896f,-0.0787765233896982f,-0.258829670411735f,-0.9627052825642879f,1.736886950408558f,0f,0f,0f,1f], start_interpolation: 0, interpolation_duration: 1 }
$data merge entity $(bone_right_whisker15) { transformation: [-0.8844675360441446f,0.3801930989126473f,-0.2705002499503421f,-0.8383593741740738f,0.39627926626759263f,0.9181146929587832f,-0.005306005994852786f,1.321255760854562f,0.2463329470664005f,-0.11188663062402472f,-0.9627052825642879f,1.6647190948226984f,0f,0f,0f,1f], start_interpolation: 0, interpolation_duration: 1 }
$data merge entity $(bone_right_whisker14) { transformation: [-0.7183640987711832f,-0.6409232687096544f,-0.2705002499503421f,-0.6279011421122037f,-0.6646196409474185f,0.7471630204763261f,-0.005306005994852786f,1.515968546288376f,0.20550852649851278f,0.17596813478361667f,-0.9627052825642879f,1.6045115187000873f,0f,0f,0f,1f], start_interpolation: 0, interpolation_duration: 1 }
$data merge entity $(bone_right_whisker13) { transformation: [-0.08876576096057957f,-0.9951681400102684f,-0.04196442290311826f,-0.6018955480807839f,-0.9776582698746435f,0.07898980698662346f,0.19479455263927364f,1.8023918675407131f,-0.19053857096873622f,0.05831795178775125f,-0.9799459523221032f,1.6603333656635844f,0f,0f,0f,1f], start_interpolation: 0, interpolation_duration: 1 }
$data merge entity $(bone_right_whisker12) { transformation: [0.07851928539684394f,-0.9966751441458539f,-0.021757271488176883f,-0.6325671439389261f,-0.912178813088684f,-0.08063338389622285f,0.401781122445498f,2.1587117164034804f,-0.4021996205528905f,-0.011701044538228973f,-0.9154772257046189f,1.8174425924420572f,0f,0f,0f,1f], start_interpolation: 0, interpolation_duration: 1 }
$data merge entity $(bone_right_whisker11) { transformation: [0.2952175326965111f,-0.9554257812576246f,0.002860925871456768f,-0.7478864926485007f,-0.9498406493243687f,-0.2931657256112754f,0.1088880076862287f,2.529743220045812f,-0.1031956844041759f,-0.03486307265678068f,-0.9940499066371277f,1.8577534066624384f,0f,0f,0f,1f], start_interpolation: 0, interpolation_duration: 1 }
$data merge entity $(bone_right_whisker10) { transformation: [0.06648351489297241f,-0.9911381938322446f,0.11500009988879079f,-0.773856615653568f,-0.9876154404642172f,-0.08178260112915621f,-0.13389304653050382f,2.915530501477147f,0.1421115196039581f,-0.10467419395202097f,-0.9843005786426975f,1.8022410943171423f,0f,0f,0f,1f], start_interpolation: 0, interpolation_duration: 1 }
$data merge entity $(bone_right_whisker1) { transformation: [-0.33622573234521114f,-0.937945250048582f,0.08491739998510081f,-0.6425184389562199f,-0.9303847104182857f,0.3447888772470885f,0.12451875660548056f,3.2789620289842896f,-0.1460703512996711f,-0.03713944046421894f,-0.9885768126115421f,1.8592998252935764f,0f,0f,0f,1f], start_interpolation: 0, interpolation_duration: 1 }
$data merge entity $(bone_left_whisker16) { transformation: [0.2566304065959155f,-0.9104375980143438f,0.3244136472657813f,0.9900363294150393f,-0.9619849181674441f,-0.27305102731679715f,-0.005306005994852786f,1.437353202143896f,0.09341226701451397f,-0.31071935344151547f,-0.9459004343841356f,1.7958541510356765f,0f,0f,0f,1f], start_interpolation: 0, interpolation_duration: 1 }
$data merge entity $(bone_left_whisker15) { transformation: [-0.8691516883719876f,-0.3732708508145741f,0.3244136472657813f,0.7354020457123085f,-0.39627926626759263f,0.9181146929587832f,-0.005306005994852786f,1.321255760854562f,-0.2958683587789361f,-0.1331701261746155f,-0.9459004343841356f,1.70917396779966f,0f,0f,0f,1f], start_interpolation: 0, interpolation_duration: 1 }
$data merge entity $(bone_left_whisker14) { transformation: [-0.7056176544958076f,0.6299678651578571f,0.3244136472657813f,0.5286781234967399f,0.6646196409474185f,0.7471630204763261f,-0.005306005994852786f,1.515968546288376f,-0.24573249384393475f,0.21186767025939757f,-0.9459004343841356f,1.6371820262438197f,0f,0f,0f,1f], start_interpolation: 0, interpolation_duration: 1 }
$data merge entity $(bone_left_whisker13) { transformation: [-0.09938012305391548f,0.9902892218193823f,0.09721547351194006f,0.49956285307078807f,0.9776582698746435f,0.07898980698662346f,0.19479455263927364f,1.8023918675407131f,0.18522391445897993f,0.11440221825025096f,-0.9760144640177804f,1.691446844932974f,0f,0f,0f,1f], start_interpolation: 0, interpolation_duration: 1 }
$data merge entity $(bone_left_whisker12) { transformation: [0.05568990507957103f,0.9957463964804046f,0.0734012831530701f,0.5213167222424955f,0.912178813088684f,-0.08063338389622285f,0.401781122445498f,2.1587117164034804f,0.40599069869191395f,0.04457994277400054f,-0.912789231574255f,1.850036961609503f,0f,0f,0f,1f], start_interpolation: 0, interpolation_duration: 1 }
$data merge entity $(bone_left_whisker11) { transformation: [0.2889213884540388f,0.9558703056237237f,0.05325777051848371f,0.6341766396073544f,0.9498406493243687f,-0.2931657256112754f,0.1088880076862287f,2.529743220045812f,0.11969616612428408f,0.01912632096414544f,-0.992626320254266f,1.8967932765018014f,0f,0f,0f,1f], start_interpolation: 0, interpolation_duration: 1 }
$data merge entity $(bone_left_whisker10) { transformation: [0.07439969977908649f,0.9954666111348132f,-0.05925293907100494f,0.66323902233356f,0.9876154404642172f,-0.08178260112915621f,-0.13389304653050382f,2.915530501477147f,-0.13813191676601053f,-0.04855751505503333f,-0.9892227965944925f,1.8428354965150786f,0f,0f,0f,1f], start_interpolation: 0, interpolation_duration: 1 }
$data merge entity $(bone_left_whisker1) { transformation: [-0.3439352695412665f,0.9385461494096764f,-0.028976814763627953f,0.5288893076690028f,0.9303847104182857f,0.3447888772470885f,0.12451875660548056f,3.2789620289842896f,0.1268574829699029f,0.01586680670334703f,-0.9917940428635272f,1.892389200800197f,0f,0f,0f,1f], start_interpolation: 0, interpolation_duration: 1 }
$data merge entity $(bone_upper_left_tooth1) { transformation: [-0.99960127712019f,-0.012419577338131444f,0.025358250697303044f,0.18677600106463943f,-8.673617379884035e-19f,0.8980737647936674f,0.43984487377861825f,3.186616471247051f,-0.028236267098982797f,0.43966949756387586f,-0.8977156822358873f,2.7633886539261656f,0f,0f,0f,1f], start_interpolation: 0, interpolation_duration: 1 }
$data merge entity $(bone_upper_right_tooth1) { transformation: [-0.99960127712019f,-0.012419577338131444f,0.025358250697303044f,-0.3989278722479719f,-8.673617379884035e-19f,0.8980737647936674f,0.43984487377861825f,3.186616471247051f,-0.028236267098982797f,0.43966949756387586f,-0.8977156822358873f,2.7468439661728556f,0f,0f,0f,1f], start_interpolation: 0, interpolation_duration: 1 }
$data merge entity $(bone_top_lip1) { transformation: [-0.99960127712019f,0.0020417525038178667f,0.02816235122283386f,-0.08300542944594465f,-8.673617379884035e-19f,0.9973822362605573f,-0.07230957607322763f,3.2830892389494957f,-0.028236267098982797f,-0.07228074459081774f,-0.9969845571430445f,2.8030358026716846f,0f,0f,0f,1f], start_interpolation: 0, interpolation_duration: 1 }
$data merge entity $(bone_muzzle1) { transformation: [-0.99960127712019f,-0.012419577338131444f,0.025358250697303044f,-0.0724427451217925f,-8.673617379884035e-19f,0.8980737647936674f,0.43984487377861825f,3.6294110178639087f,-0.028236267098982797f,0.43966949756387586f,-0.8977156822358873f,2.4291027787621515f,0f,0f,0f,1f], start_interpolation: 0, interpolation_duration: 1 }
$data merge entity $(bone_jaw_right_tooth1) { transformation: [-0.99960127712019f,0.002996791532760397f,0.028076787925157567f,-0.39826945535284036f,-8.673617379884035e-19f,0.994351973889956f,-0.10613270947803016f,3.034873623618332f,-0.028236267098982797f,-0.10609039193846496f,-0.9939555030073822f,2.7235351354784916f,0f,0f,0f,1f], start_interpolation: 0, interpolation_duration: 1 }
$data merge entity $(bone_jaw_left_tooth1) { transformation: [-0.99960127712019f,0.002996791532760397f,0.028076787925157567f,0.23624307406915523f,-8.673617379884035e-19f,0.994351973889956f,-0.10613270947803016f,3.034873623618332f,-0.028236267098982797f,-0.10609039193846496f,-0.9939555030073822f,2.7414585472112445f,0f,0f,0f,1f], start_interpolation: 0, interpolation_duration: 1 }
$data merge entity $(bone_tongue1) { transformation: [-0.99960127712019f,-0.00939303254652481f,0.026628137735580083f,-0.062376966260911534f,-8.673617379884035e-19f,0.9430473809528227f,0.33265843936088796f,3.2609429634725706f,-0.028236267098982797f,0.33252580082995314f,-0.9426713663852923f,2.0727608668063575f,0f,0f,0f,1f], start_interpolation: 0, interpolation_duration: 1 }
$data merge entity $(bone_jaw_lips1) { transformation: [-0.99960127712019f,-0.00939303254652481f,0.026628137735580083f,-0.03331666410795706f,-8.673617379884035e-19f,0.9430473809528227f,0.33265843936088796f,2.8951452110085834f,-0.028236267098982797f,0.33252580082995314f,-0.9426713663852923f,2.773257493540727f,0f,0f,0f,1f], start_interpolation: 0, interpolation_duration: 1 }
$data merge entity $(bone_jaw3) { transformation: [-0.99960127712019f,-0.0019242195223207088f,0.02817062581688625f,-0.011167428040151113f,-8.673617379884035e-19f,0.9976752847015351f,0.0681470930833496f,2.875312895440198f,-0.028236267098982797f,0.06811992127814487f,-0.997277488738904f,1.9891451821292438f,0f,0f,0f,1f], start_interpolation: 0, interpolation_duration: 1 }
$data merge entity $(bone_jaw1) { transformation: [-0.99960127712019f,-0.021280269218113608f,0.01855901187266458f,0.003331799985368089f,-8.673617379884035e-19f,0.6572756875972875f,0.7536502308720623f,3.4641021383089967f,-0.028236267098982797f,0.7533497332816399f,-0.6570136167422997f,1.475853294049322f,0f,0f,0f,1f], start_interpolation: 0, interpolation_duration: 1 }
$data merge entity $(bone_tear_right1) { transformation: [-0.99960127712019f,-0.014582434271091706f,0.024179317410017772f,-0.5988715071470426f,-8.673617379884035e-19f,0.8563213163148193f,0.5164434172538703f,3.7014839386168124f,-0.028236267098982797f,0.5162374994472843f,-0.8559798814135358f,2.3892643977602974f,0f,0f,0f,1f], start_interpolation: 0, interpolation_duration: 1 }
$data merge entity $(bone_right_pupil1) { transformation: [-0.99960127712019f,-0.014582434271091706f,0.024179317410017772f,-0.44064407708775316f,-8.673617379884035e-19f,0.8563213163148193f,0.5164434172538703f,3.7548487106834623f,-0.028236267098982797f,0.5162374994472843f,-0.8559798814135358f,2.4943830675505976f,0f,0f,0f,1f], start_interpolation: 0, interpolation_duration: 1 }
$data merge entity $(bone_right_sad_pupil1) { transformation: [-0.99960127712019f,-0.014582434271091706f,0.024179317410017772f,-0.44040795094117097f,-8.673617379884035e-19f,0.8563213163148193f,0.5164434172538703f,3.759892103430082f,-0.028236267098982797f,0.5162374994472843f,-0.8559798814135358f,2.4860238890211686f,0f,0f,0f,1f], start_interpolation: 0, interpolation_duration: 1 }
$data merge entity $(bone_right_happy_pupil1) { transformation: [-0.99960127712019f,-0.014582434271091706f,0.024179317410017772f,-0.46445595471577816f,-8.673617379884035e-19f,0.8563213163148193f,0.5164434172538703f,3.7389860888939013f,-0.028236267098982797f,0.5162374994472843f,-0.8559798814135358f,2.4727312426031496f,0f,0f,0f,1f], start_interpolation: 0, interpolation_duration: 1 }
$data merge entity $(bone_eyelid_right1) { transformation: [-0.99960127712019f,-0.014582434271091706f,0.024179317410017772f,-0.0520626462710095f,-8.673617379884035e-19f,0.8563213163148193f,0.5164434172538703f,3.970249176487889f,-0.028236267098982797f,0.5162374994472843f,-0.8559798814135358f,2.0534742368625567f,0f,0f,0f,1f], start_interpolation: 0, interpolation_duration: 1 }
$data merge entity $(bone_eyelid_expressions_right5) { transformation: [-0.99960127712019f,-0.014582434271091706f,0.024179317410017772f,-0.554091613464142f,-8.673617379884035e-19f,0.8563213163148193f,0.5164434172538703f,3.8435172319764512f,-0.028236267098982797f,0.5162374994472843f,-0.8559798814135358f,2.533266650997683f,0f,0f,0f,1f], start_interpolation: 0, interpolation_duration: 1 }
$data merge entity $(bone_eyelid_expressions_right7) { transformation: [-0.99960127712019f,-0.014582434271091706f,0.024179317410017772f,-0.2612396768078363f,-8.673617379884035e-19f,0.8563213163148193f,0.5164434172538703f,3.8435172319764512f,-0.028236267098982797f,0.5162374994472843f,-0.8559798814135358f,2.541538994874338f,0f,0f,0f,1f], start_interpolation: 0, interpolation_duration: 1 }
$data merge entity $(bone_eyelid_expressions_right6) { transformation: [-0.99960127712019f,-0.014582434271091706f,0.024179317410017772f,-0.35885698902660484f,-8.673617379884035e-19f,0.8563213163148193f,0.5164434172538703f,3.8435172319764512f,-0.028236267098982797f,0.5162374994472843f,-0.8559798814135358f,2.538781546915453f,0f,0f,0f,1f], start_interpolation: 0, interpolation_duration: 1 }
$data merge entity $(bone_right_eye1) { transformation: [-0.99960127712019f,-0.014582434271091706f,0.024179317410017772f,-0.06206050363946856f,-8.673617379884035e-19f,0.8563213163148193f,0.5164434172538703f,3.9652057837412693f,-0.028236267098982797f,0.5162374994472843f,-0.8559798814135358f,2.0615576705960974f,0f,0f,0f,1f], start_interpolation: 0, interpolation_duration: 1 }
$data merge entity $(bone_tear_left1) { transformation: [-0.99960127712019f,-0.014582434271091706f,0.024179317410017772f,0.45539546481565785f,-8.673617379884035e-19f,0.8563213163148193f,0.5164434172538703f,3.7014839386168124f,-0.028236267098982797f,0.5162374994472843f,-0.8559798814135358f,2.4190448357162557f,0f,0f,0f,1f], start_interpolation: 0, interpolation_duration: 1 }
$data merge entity $(bone_left_sad_pupil1) { transformation: [-0.99960127712019f,-0.014582434271091706f,0.024179317410017772f,0.2917218906995932f,-8.673617379884035e-19f,0.8563213163148193f,0.5164434172538703f,3.759892103430082f,-0.028236267098982797f,0.5162374994472843f,-0.8559798814135358f,2.5067047487128065f,0f,0f,0f,1f], start_interpolation: 0, interpolation_duration: 1 }
$data merge entity $(bone_left_pupil1) { transformation: [-0.99960127712019f,-0.014582434271091706f,0.024179317410017772f,0.291485764553011f,-8.673617379884035e-19f,0.8563213163148193f,0.5164434172538703f,3.7548487106834623f,-0.028236267098982797f,0.5162374994472843f,-0.8559798814135358f,2.5150639272422355f,0f,0f,0f,1f], start_interpolation: 0, interpolation_duration: 1 }
$data merge entity $(bone_eyelid_left1) { transformation: [-0.99960127712019f,-0.014582434271091706f,0.024179317410017772f,-0.0715861087147632f,-8.673617379884035e-19f,0.8563213163148193f,0.5164434172538703f,3.970249176487889f,-0.028236267098982797f,0.5162374994472843f,-0.8559798814135358f,2.05292274727078f,0f,0f,0f,1f], start_interpolation: 0, interpolation_duration: 1 }
$data merge entity $(bone_left_happy_pupil1) { transformation: [-0.99960127712019f,-0.014582434271091706f,0.024179317410017772f,0.3164825430343703f,-8.673617379884035e-19f,0.8563213163148193f,0.5164434172538703f,3.7389860888939013f,-0.028236267098982797f,0.5162374994472843f,-0.8559798814135358f,2.49479082627423f,0f,0f,0f,1f], start_interpolation: 0, interpolation_duration: 1 }
$data merge entity $(bone_eyelid_expressions_left5) { transformation: [-0.99960127712019f,-0.014582434271091706f,0.024179317410017772f,0.40255804627978986f,-8.673617379884035e-19f,0.8563213163148193f,0.5164434172538703f,3.8435172319764512f,-0.028236267098982797f,0.5162374994472843f,-0.8559798814135358f,2.5602896409947564f,0f,0f,0f,1f], start_interpolation: 0, interpolation_duration: 1 }
$data merge entity $(bone_eyelid_expressions_left7) { transformation: [-0.99960127712019f,-0.014582434271091706f,0.024179317410017772f,0.10970610962348419f,-8.673617379884035e-19f,0.8563213163148193f,0.5164434172538703f,3.8435172319764512f,-0.028236267098982797f,0.5162374994472843f,-0.8559798814135358f,2.552017297118101f,0f,0f,0f,1f], start_interpolation: 0, interpolation_duration: 1 }
$data merge entity $(bone_eyelid_expressions_left6) { transformation: [-0.99960127712019f,-0.014582434271091706f,0.024179317410017772f,0.20732342184225275f,-8.673617379884035e-19f,0.8563213163148193f,0.5164434172538703f,3.8435172319764512f,-0.028236267098982797f,0.5162374994472843f,-0.8559798814135358f,2.554774745076986f,0f,0f,0f,1f], start_interpolation: 0, interpolation_duration: 1 }
$data merge entity $(bone_left_eye1) { transformation: [-0.99960127712019f,-0.014582434271091706f,0.024179317410017772f,-0.06206050363946856f,-8.673617379884035e-19f,0.8563213163148193f,0.5164434172538703f,3.9652057837412693f,-0.028236267098982797f,0.5162374994472843f,-0.8559798814135358f,2.0615576705960974f,0f,0f,0f,1f], start_interpolation: 0, interpolation_duration: 1 }
$data merge entity $(bone_crest_middle5) { transformation: [-0.99960127712019f,-0.009003410227444612f,0.02676238748619869f,-0.08965567780978789f,-8.673617379884035e-19f,0.9478018957811458f,0.31885979105817974f,4.782937721590298f,-0.028236267098982797f,0.31873265436403375f,-0.9474239854797708f,3.0384634083945268f,0f,0f,0f,1f], start_interpolation: 0, interpolation_duration: 1 }
$data merge entity $(bone_crest_middle4) { transformation: [-0.99960127712019f,-0.009003410227444612f,0.02676238748619869f,-0.08438024212964457f,-8.673617379884035e-19f,0.9478018957811458f,0.31885979105817974f,4.227585048281033f,-0.028236267098982797f,0.31873265436403375f,-0.9474239854797708f,2.8517059937281006f,0f,0f,0f,1f], start_interpolation: 0, interpolation_duration: 1 }
$data merge entity $(bone_crest_middle1) { transformation: [-0.99960127712019f,-0.009003410227444612f,0.02676238748619869f,-0.08238380953499498f,-8.673617379884035e-19f,0.9478018957811458f,0.31885979105817974f,3.7877164550525055f,-0.028236267098982797f,0.31873265436403375f,-0.9474239854797708f,2.7810296339847835f,0f,0f,0f,1f], start_interpolation: 0, interpolation_duration: 1 }
$data merge entity $(bone_crest_left5) { transformation: [-0.5247866743762954f,-0.8404547838432336f,0.13503593118904042f,-1.0436574579167988f,-0.7222140730471489f,0.5235742718663141f,0.45196992657953095f,4.2610266532821015f,-0.45056162629513363f,0.1396629448160192f,-0.8817530735730965f,2.797028176278155f,0f,0f,0f,1f], start_interpolation: 0, interpolation_duration: 1 }
$data merge entity $(bone_crest_left4) { transformation: [-0.5247866743762954f,-0.8404547838432336f,0.13503593118904042f,-0.6332791454933449f,-0.7222140730471489f,0.5235742718663141f,0.45196992657953095f,4.005375153347378f,-0.45056162629513363f,0.1396629448160192f,-0.8817530735730965f,2.728833379004708f,0f,0f,0f,1f], start_interpolation: 0, interpolation_duration: 1 }
$data merge entity $(bone_crest_left1) { transformation: [-0.5247866743762954f,-0.8404547838432336f,0.13503593118904042f,-0.17526945049995568f,-0.7222140730471489f,0.5235742718663141f,0.45196992657953095f,3.7462273474904486f,-0.45056162629513363f,0.1396629448160192f,-0.8817530735730965f,2.610764752708355f,0f,0f,0f,1f], start_interpolation: 0, interpolation_duration: 1 }
$data merge entity $(bone_crest_center1) { transformation: [-0.99960127712019f,-0.014582434271091706f,0.024179317410017772f,-0.07729612637650128f,-8.673617379884035e-19f,0.8563213163148193f,0.5164434172538703f,3.725321332954268f,-0.028236267098982797f,0.5162374994472843f,-0.8559798814135358f,2.600918907415109f,0f,0f,0f,1f], start_interpolation: 0, interpolation_duration: 1 }
$data merge entity $(bone_crest_right5) { transformation: [-0.5493840750230303f,0.8312306412151299f,-0.08504563020034057f,0.8764538993144402f,0.7222140730471489f,0.5235742718663141f,0.45196992657953095f,4.2610266532821015f,0.4202189557882141f,0.18688392907027312f,-0.8879698340887041f,2.8512665795130605f,0f,0f,0f,1f], start_interpolation: 0, interpolation_duration: 1 }
$data merge entity $(bone_crest_right4) { transformation: [-0.5493840750230303f,0.8312306412151299f,-0.08504563020034057f,0.47057956278361507f,0.7222140730471489f,0.5235742718663141f,0.45196992657953095f,4.005375153347378f,0.4202189557882141f,0.18688392907027312f,-0.8879698340887041f,2.760014661021716f,0f,0f,0f,1f], start_interpolation: 0, interpolation_duration: 1 }
$data merge entity $(bone_crest_right1) { transformation: [-0.5493840750230303f,0.8312306412151299f,-0.08504563020034057f,0.019965173937581408f,0.7222140730471489f,0.5235742718663141f,0.45196992657953095f,3.7462273474904486f,0.4202189557882141f,0.18688392907027312f,-0.8879698340887041f,2.616279648626125f,0f,0f,0f,1f], start_interpolation: 0, interpolation_duration: 1 }
$data merge entity $(bone_head1) { transformation: [-0.99960127712019f,-0.014582434271091706f,0.024179317410017772f,-0.04836153265405414f,-8.673617379884035e-19f,0.8563213163148193f,0.5164434172538703f,4.200779820532175f,-0.028236267098982797f,0.5162374994472843f,-0.8559798814135358f,1.5765959423247997f,0f,0f,0f,1f], start_interpolation: 0, interpolation_duration: 1 }
$data merge entity $(bone_neck10) { transformation: [-1.301564162916914f,-0.011985759247560877f,0.03475742122334037f,-0.020001142258155864f,-1.1293772630057337e-18f,1.23094958343812f,0.42448101250581577f,4.133937666911133f,-0.03676597278513385f,0.42431176221408523f,-1.2304587756753111f,0.5726005359919151f,0f,0f,0f,1f], start_interpolation: 0, interpolation_duration: 1 }
$data merge entity $(bone_neck9) { transformation: [-0.99960127712019f,-0.014582434271091706f,0.02417931741001777f,-0.0026689169828449863f,-8.673617379884035e-19f,0.8563213163148193f,0.5164434172538703f,3.0215940320752352f,-0.028236267098982797f,0.5162374994472843f,-0.8559798814135356f,-0.040983209331124926f,0f,0f,0f,1f], start_interpolation: 0, interpolation_duration: 1 }
$data merge entity $(bone_neck8) { transformation: [-0.99960127712019f,0.005584011765439673f,0.027678612542693132f,-0.007450290234845322f,-8.673617379884035e-19f,0.9802504150306132f,-0.1977602685887908f,2.388500196337109f,-0.028236267098982797f,-0.19768141704498698f,-0.9798595667621974f,0.12828374059300401f,0f,0f,0f,1f], start_interpolation: 0, interpolation_duration: 1 }
$data merge entity $(bone_neck7) { transformation: [-0.99960127712019f,0.014429852848779496f,0.024270684507192383f,-0.01976623514858499f,-8.673617379884035e-19f,0.8595571228346516f,-0.5110396780918441f,1.6984726943644506f,-0.028236267098982797f,-0.5108359148796981f,-0.859214397743274f,0.5642845129882894f,0f,0f,0f,1f], start_interpolation: 0, interpolation_duration: 1 }
$data merge entity $(bone_neck6) { transformation: [-0.99960127712019f,0.010737739353630012f,0.026114894854442808f,-0.028077239315476354f,-8.673617379884035e-19f,0.9248706552780694f,-0.38028183102209134f,0.9591538962203825f,-0.028236267098982797f,-0.38013020395528674f,-0.9245018881869453f,0.8585050751558398f,0f,0f,0f,1f], start_interpolation: 0, interpolation_duration: 1 }
$data merge entity $(bone_neck_spine6) { transformation: [-1.10648333253165f,-0.0011732866255445098f,-0.025197931373619087f,0.0993137577419376f,-0.02522287945722812f,0.03636046516046855f,1.1058857990057394f,0.25015408907604153f,-0.00034452706923822856f,1.1061727792208458f,-0.03637775871724208f,-1.3791363958291993f,0f,0f,0f,1f], start_interpolation: 0, interpolation_duration: 1 }
$data merge entity $(bone_neck_spine7) { transformation: [-0.9793563789417497f,0.17020336119923074f,-0.10904998332227478f,-0.1487252459770011f,-0.03179161659580927f,0.40306887350107723f,0.9146172840750377f,0.020622426216290457f,0.1996255898935036f,0.8992031467088274f,-0.38933703241358086f,-4.5639187508643735f,0f,0f,0f,1f], start_interpolation: 0, interpolation_duration: 1 }
$data merge entity $(bone_tail6) { transformation: [-1.2287475682075977f,0.7348560463437686f,0.4385889721139237f,-1.5063343397327984f,0.4342338678905228f,-0.1259102124112902f,1.4275089660213727f,-0.03559144742836552f,0.737437891137131f,1.298586728426937f,-0.10978227157729947f,-7.518443503020565f,0f,0f,0f,1f], start_interpolation: 0, interpolation_duration: 1 }
$data merge entity $(bone_tail5) { transformation: [-1.0150523389541026f,0.6070549948057219f,0.3623126291375892f,-1.1229311851186579f,0.358714934344345f,-0.10401278416584843f,1.1792465371480907f,-0.10128373216469092f,0.6091878231132822f,1.0727455582657308f,-0.09068970260733436f,-6.840919992536945f,0f,0f,0f,1f], start_interpolation: 0, interpolation_duration: 1 }
$data merge entity $(bone_tail4) { transformation: [-0.8205896803334218f,0.49075603790609934f,0.2929011570291247f,-0.9312296078115878f,0.2899927048173231f,-0.08408612446249641f,0.9533277268734037f,-0.13412987453285358f,0.4924802612115797f,0.8672300934190328f,-0.07331546484466608f,-6.502158237295135f,0f,0f,0f,1f], start_interpolation: 0, interpolation_duration: 1 }
$data merge entity $(bone_segment18) { transformation: [-0.8205896803334218f,0.4341406995884589f,0.3716913094102905f,-0.7192468443406606f,0.2899927048173231f,-0.24412853526379066f,0.9253677590140525f,-0.2533332608921264f,0.4924802612115797f,0.8671350017331784f,0.07443172096743844f,-6.0787524747301065f,0f,0f,0f,1f], start_interpolation: 0, interpolation_duration: 1 }
$data merge entity $(bone_segment17) { transformation: [-0.8957823714143203f,0.43267879043014834f,0.10179885743583225f,-0.44459722150902337f,-0.009577603089292461f,-0.24775792272474087f,0.9687746287172192f,-0.4106014735591982f,0.4443897080068361f,0.8668362452268739f,0.22608120527494938f,-5.528514623756017f,0f,0f,0f,1f], start_interpolation: 0, interpolation_duration: 1 }
$data merge entity $(bone_segment16) { transformation: [-0.9443650482881515f,0.32862214560276104f,-0.013495962031487396f,-0.1718151670536065f,-0.0108874909257726f,0.009776429410989662f,0.999892936253334f,-0.402486273364529f,0.3287189044047495f,0.9444108781920132f,-0.005654647604536905f,-4.744579812756787f,0f,0f,0f,1f], start_interpolation: 0, interpolation_duration: 1 }
$data merge entity $(bone_segment15) { transformation: [-0.9793563789417497f,0.19262803485546068f,-0.06128232382855305f,0.025703813999356118f,-0.03179161659580927f,0.15261426258936978f,0.9877743568085419f,-0.24599703926410105f,0.1996255898935036f,0.9693313814387865f,-0.14333979495466134f,-3.7506365017111567f,0f,0f,0f,1f], start_interpolation: 0, interpolation_duration: 1 }
$data merge entity $(bone_segment14) { transformation: [-0.9959083723747932f,0.08271699256984036f,-0.03639248513074132f,0.11052104270866504f,-0.03465229338676773f,0.022377521758568247f,0.9991488703306344f,-0.22305133824213166f,0.083460963311165f,0.9963218082829189f,-0.019419627777755882f,-2.7290174600148047f,0f,0f,0f,1f], start_interpolation: 0, interpolation_duration: 1 }
$data merge entity $(bone_segment13) { transformation: [-0.9997402345697731f,0.00290946689385131f,-0.0226052733840713f,0.11419832609162475f,-0.022789613439001405f,-0.1411556765020679f,0.9897250671325573f,-0.3988463129672949f,-0.0003112903402058347f,0.9899831362167928f,0.14118531476285687f,-1.6690058758852133f,0f,0f,0f,1f], start_interpolation: 0, interpolation_duration: 1 }
$data merge entity $(bone_segment12) { transformation: [-0.9983477566275185f,-0.052910336549433216f,-0.0224110045073107f,0.0521940254477577f,-0.030983019702191028f,0.1672123838065563f,0.985433950699824f,-0.20289430069398673f,-0.04839224449159836f,0.9845001345799577f,-0.16857543025337557f,-0.5152947806743251f,0f,0f,0f,1f], start_interpolation: 0, interpolation_duration: 1 }
$data merge entity $(bone_segment11) { transformation: [-1.0337549603133864f,-0.053636703766797175f,0.004716773321251266f,-0.010444222579989212f,-0.028653238677600886f,0.62477856617795f,0.8248510150760392f,0.519119637977228f,-0.045586575379333534f,0.8236038545124231f,-0.6254174740855314f,0.43648303887762147f,0f,0f,0f,1f], start_interpolation: 0, interpolation_duration: 1 }
$data merge entity $(bone_segment10) { transformation: [-0.99960127712019f,-0.014012812449863955f,0.024513830115468208f,-0.0290833466039048f,-8.673617379884035e-19f,0.8681682330576663f,0.496270006256201f,1.3203097770647867f,-0.028236267098982797f,0.49607213205014333f,-0.8678220745196219f,0.8941226065705796f,0f,0f,0f,1f], start_interpolation: 0, interpolation_duration: 1 }