# This file was generated by Animated Java via MC-Build. It is not recommended to edit this file directly.
$data merge entity $(bone_neck_spine5) { transformation: [-1.5717117953753654f,-0.011367534406065067f,0.040149806924997915f,0.11632029246404094f,0f,1.512800223665536f,0.4283160968655591f,4.454912069079921f,-0.04172802217440558f,0.4281652227769956f,-1.5122673406929017f,-0.3175108182826156f,0f,0f,0f,1f], start_interpolation: 0, interpolation_duration: 1 }
$data merge entity $(bone_neck_spine2) { transformation: [-1.4968683765479667f,-0.007647672006057258f,0.03899818056743767f,-0.046259782776131256f,0f,1.4694082189530164f,0.2881558046567039f,5.655979465786382f,-0.03974097349943387f,0.2880543019471163f,-1.4688906207880508f,1.5746522450749527f,0f,0f,0f,1f], start_interpolation: 0, interpolation_duration: 1 }
$data merge entity $(bone_scale_neck_left1) { transformation: [-1.5940580868852197f,0.3939447990334676f,0.12977438802779007f,0.7450808926091596f,0.4040548042882578f,1.3585267733159498f,0.8391661350132074f,4.7775855070000315f,0.09366755897899968f,0.8439594672351914f,-1.411387220750096f,1.388928707720182f,0f,0f,0f,1f], start_interpolation: 0, interpolation_duration: 1 }
$data merge entity $(bone_scale_neck_right1) { transformation: [-1.586842324733536f,-0.43817151744629634f,-0.054701358033877025f,-0.8266309027662052f,-0.4040548042882578f,1.3585267733159498f,0.8391661350132074f,4.7775855070000315f,-0.17811859084193946f,0.821867269283938f,-1.4162849431219402f,1.3472006855457763f,0f,0f,0f,1f], start_interpolation: 0, interpolation_duration: 1 }
$data merge entity $(bone_blush_right1) { transformation: [-0.9996477505989899f,-0.013592951097831409f,0.022794876679458887f,-0.7333305967971767f,0f,0.858885687882184f,0.5121673312025551f,4.0009080074076415f,-0.026540058823969752f,0.5119869205669222f,-0.8585831459130912f,2.4876546483126774f,0f,0f,0f,1f], start_interpolation: 0, interpolation_duration: 1 }
$data merge entity $(bone_blush_left1) { transformation: [-0.9996477505989899f,-0.013592951097831409f,0.022794876679458887f,0.5913979164477737f,0f,0.858885687882184f,0.5121673312025551f,4.0009080074076415f,-0.026540058823969752f,0.5119869205669222f,-0.8585831459130912f,2.522825409859676f,0f,0f,0f,1f], start_interpolation: 0, interpolation_duration: 1 }
$data merge entity $(bone_left_head_scales) { transformation: [-0.8972238868391489f,-0.013592951097831409f,-0.441366660006963f,0.6016617407150996f,-0.23649255492706814f,0.858885687882184f,0.4542979711766446f,4.829193556724987f,0.3729082572822942f,0.5119869205669222f,-0.7738273869662939f,2.5593837277993545f,0f,0f,0f,1f], start_interpolation: 0, interpolation_duration: 1 }
$data merge entity $(bone_left_head_scales2) { transformation: [-0.8319381026049204f,-0.013592951097831409f,-0.5547019245636137f,0.610034200463926f,-0.29376711264658745f,0.858885687882184f,0.41954291637261015f,3.9712602584007195f,0.4707227177026961f,0.5119869205669222f,-0.718532891527582f,2.2440298466943154f,0f,0f,0f,1f], start_interpolation: 0, interpolation_duration: 1 }
$data merge entity $(bone_left_head_scales1) { transformation: [-0.9996477505989899f,-0.013592951097831409f,0.022794876679458887f,0.6031882928403444f,0f,0.858885687882184f,0.5121673312025551f,4.732736667949156f,-0.026540058823969752f,0.5119869205669222f,-0.8585831459130912f,2.501885196680999f,0f,0f,0f,1f], start_interpolation: 0, interpolation_duration: 1 }
$data merge entity $(bone_right_head_scales) { transformation: [-0.8761728814479415f,-0.013592951097831409f,0.4818052651182463f,-0.7455197981780705f,0.23649255492706814f,0.858885687882184f,0.4542979711766446f,4.829193556724987f,-0.41999089666239103f,0.5119869205669222f,-0.7493177162520055f,2.523616851649864f,0f,0f,0f,1f], start_interpolation: 0, interpolation_duration: 1 }
$data merge entity $(bone_right_head_scales2) { transformation: [-0.8057888943391893f,-0.013592951097831409f,0.5920468642262021f,-0.7371473384292441f,0.29376711264658745f,0.858885687882184f,0.41954291637261015f,3.9712602584007195f,-0.5142034045851059f,0.5119869205669222f,-0.6880873868059826f,2.208262970544825f,0f,0f,0f,1f], start_interpolation: 0, interpolation_duration: 1 }
$data merge entity $(bone_right_head_scales1) { transformation: [-0.9996477505989899f,-0.013592951097831409f,0.022794876679458887f,-0.7439932460528257f,0f,0.858885687882184f,0.5121673312025551f,4.732736667949156f,-0.026540058823969752f,0.5119869205669222f,-0.8585831459130912f,2.4661183205315087f,0f,0f,0f,1f], start_interpolation: 0, interpolation_duration: 1 }
$data merge entity $(bone_head_left_fin1) { transformation: [-0.7467554168816961f,0.01620541092995092f,-0.7353699273424291f,0.6108328288597022f,-0.13451526733771657f,1.0272414273921908f,0.15923533127886835f,4.414162553700507f,0.7231439609345296f,0.20781634327217824f,-0.7297604930784298f,2.213949013614881f,0f,0f,0f,1f], start_interpolation: 0, interpolation_duration: 1 }
$data merge entity $(bone_head_right_fin1) { transformation: [-0.7073323800205568f,-0.027209611882817043f,0.7730561035402379f,-0.7363487100334678f,0.13451526733771657f,1.0272414273921908f,0.15923533127886835f,4.414162553700507f,-0.7617491352490602f,0.2066636999949794f,-0.68971267066574f,2.1781821374653907f,0f,0f,0f,1f], start_interpolation: 0, interpolation_duration: 1 }
$data merge entity $(bone_right_whisker16) { transformation: [0.26148753795283947f,0.9260491967918928f,-0.2721344384976888f,-1.259862539044575f,0.9615435175122644f,-0.27446810133338884f,-0.010066045926079042f,1.6793637339303251f,-0.08401387638660418f,-0.25903695966316215f,-0.9622065901369423f,2.0408973922474036f,0f,0f,0f,1f], start_interpolation: 0, interpolation_duration: 1 }
$data merge entity $(bone_right_whisker15) { transformation: [-0.8839957448966863f,0.38012415128231464f,-0.2721344384976888f,-0.9620319413987188f,0.3976266026727648f,0.9174921032719185f,-0.010066045926079042f,1.5453977398657706f,0.24585485118554756f,-0.1171062340166848f,-0.9622065901369423f,1.958065435549148f,0f,0f,0f,1f], start_interpolation: 0, interpolation_duration: 1 }
$data merge entity $(bone_right_whisker14) { transformation: [-0.7181022234422716f,-0.6405248192465404f,-0.2721344384976888f,-0.7200932040085006f,-0.6634859740965505f,0.7481210041808511f,-0.010066045926079042f,1.7689354948104088f,0.21003704164841208f,0.17332893305106767f,-0.9622065901369423f,1.8873010025719f,0f,0f,0f,1f], start_interpolation: 0, interpolation_duration: 1 }
$data merge entity $(bone_right_whisker13) { transformation: [-0.08921838319080688f,-0.9950572696058396f,-0.04360172365159215f,-0.6900342760780042f,-0.9785832772853683f,0.07941959312337053f,0.18991392167386295f,2.098633962255186f,-0.18551239720904453f,0.05961173066343356f,-0.9808320916696517f,1.9498027379597127f,0f,0f,0f,1f], start_interpolation: 0, interpolation_duration: 1 }
$data merge entity $(bone_right_whisker12) { transformation: [0.0777158600659353f,-0.9967042289495501f,-0.023257796290596214f,-0.7249456975919986f,-0.914183119250838f,-0.08055038086953828f,0.39721639016860877f,2.5093021603561487f,-0.39778068023852076f,-0.00960812863440181f,-0.9174302231195158f,2.1284932779106107f,0f,0f,0f,1f], start_interpolation: 0, interpolation_duration: 1 }
$data merge entity $(bone_right_whisker11) { transformation: [0.29491627127684517f,-0.9555223602750287f,0.0011882552758984422f,-0.8574276163296439f,-0.9503847396949182f,-0.29320132924256254f,0.1039318386511901f,2.9362328051409756f,-0.09896079774933592f,-0.031780490003031646f,-0.9945837123962881f,2.17294832377457f,0f,0f,0f,1f], start_interpolation: 0, interpolation_duration: 1 }
$data merge entity $(bone_right_whisker10) { transformation: [0.06659391515313623f,-0.9913252303439276f,0.11331168584102864f,-0.8873428516523418f,-0.9869042304755017f,-0.08216374788697867f,-0.1388133941762209f,3.3795686899248922f,0.14691933274465516f,-0.10258365472493212f,-0.9838146692589724f,2.1069494047681823f,0f,0f,0f,1f], start_interpolation: 0, interpolation_duration: 1 }
$data merge entity $(bone_right_whisker1) { transformation: [-0.3365962699907809f,-0.9379612971064041f,0.0832559677066199f,-0.7361374959924207f,-0.9310538335117894f,0.3447315369334529f,0.11957811901222065f,3.7978155291977664f,-0.14086060532063166f,-0.03726623906395503f,-0.989327810836597f,2.1702266298145596f,0f,0f,0f,1f], start_interpolation: 0, interpolation_duration: 1 }
$data merge entity $(bone_left_whisker16) { transformation: [0.2566612719306599f,-0.9109997565339267f,0.3228071174649998f,1.1408936816090667f,-0.9615435175122644f,-0.27446810133338884f,-0.010066045926079042f,1.6793637339303251f,0.09777042201543995f,-0.30780952705459075f,-0.9464112423430694f,2.1046360554715045f,0f,0f,0f,1f], start_interpolation: 0, interpolation_duration: 1 }
$data merge entity $(bone_left_whisker15) { transformation: [-0.8697050088128899f,-0.3733748285030863f,0.3228071174649998f,0.8478778339133175f,-0.3976266026727648f,0.9174921032719185f,-0.010066045926079042f,1.5453977398657706f,-0.29241457298275403f,-0.1371111879970474f,-0.9464112423430694f,2.006117473753682f,0f,0f,0f,1f], start_interpolation: 0, interpolation_duration: 1 }
$data merge entity $(bone_left_whisker14) { transformation: [-0.7059457336075039f,0.6304254009121945f,0.3228071174649998f,0.6100347888990709f,0.6634859740965505f,0.7481210041808511f,-0.010066045926079042f,1.7689354948104088f,-0.24784467591319048f,0.20707191260075236f,-0.9464112423430694f,1.9226151171227732f,0f,0f,0f,1f], start_interpolation: 0, interpolation_duration: 1 }
$data merge entity $(bone_left_whisker13) { transformation: [-0.09893624810518138f,0.9904924001397025f,0.09558464351746926f,0.5767017756214463f,0.9785832772853683f,0.07941959312337053f,0.18991392167386295f,2.098633962255186f,0.1805170026016883f,0.1123269045848319f,-0.9771367756246268f,1.9834338338196311f,0f,0f,0f,1f], start_interpolation: 0, interpolation_duration: 1 }
$data merge entity $(bone_left_whisker12) { transformation: [0.05649957006634171f,0.9958099433713133f,0.07190518246371765f,0.6020824418621857f,0.914183119250838f,-0.08055038086953828f,0.39721639016860877f,2.5093021603561487f,0.401344020833906f,0.04329194872715131f,-0.9149037020999964f,2.1637250931786123f,0f,0f,0f,1f], start_interpolation: 0, interpolation_duration: 1 }
$data merge entity $(bone_left_whisker11) { transformation: [0.28924980766990793f,0.9558625866150123f,0.05158744297384468f,0.7320188789014023f,0.9503847396949182f,-0.29320132924256254f,0.1039318386511901f,2.9362328051409756f,0.11447006297693696f,0.01896565422158706f,-0.9932456436561921f,2.2151471917815333f,0f,0f,0f,1f], start_interpolation: 0, interpolation_duration: 1 }
$data merge entity $(bone_left_whisker10) { transformation: [0.07429584946362591f,0.9953719358859665f,-0.060949454493882664f,0.7653939675276404f,0.9869042304755017f,-0.08216374788697867f,-0.1388133941762209f,3.3795686899248922f,-0.1431787925009708f,-0.049838015447935494f,-0.9884411998668283f,2.150828593587738f,0f,0f,0f,1f], start_interpolation: 0, interpolation_duration: 1 }
$data merge entity $(bone_left_whisker1) { transformation: [-0.34359635395203575f,0.9386173442204545f,-0.030643542213789524f,0.6110440429007493f,0.9310538335117894f,0.3447315369334529f,0.11957811901222065f,3.7978155291977664f,0.12280189189857299f,0.012555818254512546f,-0.9923517757197248f,2.20599350596405f,0f,0f,0f,1f], start_interpolation: 0, interpolation_duration: 1 }
$data merge entity $(bone_upper_left_tooth1) { transformation: [-0.9996477505989899f,-0.01155452140724051f,0.02389283904079621f,0.21930023048243416f,0f,0.900255692697158f,0.4353615598170794f,3.6966671369736983f,-0.026540058823969752f,0.4352082039684111f,-0.8999385781686493f,3.208825764986913f,0f,0f,0f,1f], start_interpolation: 0, interpolation_duration: 1 }
$data merge entity $(bone_upper_right_tooth1) { transformation: [-0.9996477505989899f,-0.01155452140724051f,0.02389283904079621f,-0.4542905389641507f,0f,0.900255692697158f,0.4353615598170794f,3.6966671369736983f,-0.026540058823969752f,0.4352082039684111f,-0.8999385781686493f,3.1909423269121677f,0f,0f,0f,1f], start_interpolation: 0, interpolation_duration: 1 }
$data merge entity $(bone_top_lip1) { transformation: [-0.9996477505989899f,0.0020913698951670664f,0.02645753001210362f,-0.09085590253961097f,0f,0.9968904058422208f,-0.07880049961600821f,3.8078803646359938f,-0.026540058823969752f,-0.07877274218721902f,-0.99653925179389f,3.254392712219008f,0f,0f,0f,1f], start_interpolation: 0, interpolation_duration: 1 }
$data merge entity $(bone_muzzle1) { transformation: [-0.9996477505989899f,-0.01155452140724051f,0.02389283904079621f,-0.0793859538035672f,0f,0.900255692697158f,0.4353615598170794f,4.2040004856175175f,-0.026540058823969752f,0.4352082039684111f,-0.8999385781686493f,2.8223699902830486f,0f,0f,0f,1f], start_interpolation: 0, interpolation_duration: 1 }
$data merge entity $(bone_jaw_right_tooth1) { transformation: [-0.9996477505989899f,0.002840976041306526f,0.026387564827253324f,-0.45354910493613565f,0f,0.9942541952251177f,-0.10704482835360886f,3.5161367404451855f,-0.026540058823969752f,-0.10700712187693982f,-0.993903969780398f,3.1630157551122022f,0f,0f,0f,1f], start_interpolation: 0, interpolation_duration: 1 }
$data merge entity $(bone_jaw_left_tooth1) { transformation: [-0.9996477505989899f,0.002840976041306526f,0.026387564827253324f,0.27617422863099805f,0f,0.9942541952251177f,-0.10704482835360886f,3.5161367404451855f,-0.026540058823969752f,-0.10700712187693982f,-0.993903969780398f,3.182389479693176f,0f,0f,0f,1f], start_interpolation: 0, interpolation_duration: 1 }
$data merge entity $(bone_tongue1) { transformation: [-0.9996477505989899f,-0.008975386122958064f,0.02497633212310379f,-0.06861294624151473f,0f,0.9410805111157603f,0.33818260096891406f,3.7808672039194366f,-0.026540058823969752f,0.33806347635029094f,-0.9407490160694173f,2.416597989247942f,0f,0f,0f,1f], start_interpolation: 0, interpolation_duration: 1 }
$data merge entity $(bone_jaw_lips1) { transformation: [-0.9996477505989899f,-0.008975386122958064f,0.02497633212310379f,-0.03376088411455619f,0f,0.9410805111157603f,0.33818260096891406f,3.355490695942062f,-0.026540058823969752f,0.33806347635029094f,-0.9407490160694173f,3.2196315613439133f,0f,0f,0f,1f], start_interpolation: 0, interpolation_duration: 1 }
$data merge entity $(bone_jaw3) { transformation: [-0.9996477505989899f,-0.001784337313719929f,0.02648000873735961f,-0.009819958540029535f,0f,0.997737379294883f,0.06723185225604705f,3.3318560161998976f,-0.026540058823969752f,0.0672081698763613f,-0.997385926900661f,2.317881774104607f,0f,0f,0f,1f], start_interpolation: 0, interpolation_duration: 1 }
$data merge entity $(bone_jaw1) { transformation: [-0.9996477505989899f,-0.01998591075852156f,0.017462476729610456f,0.005868985396729864f,0f,0.6579667681007232f,0.7530469653846892f,4.008421649162704f,-0.026540058823969752f,0.7527817050422001f,-0.657734999700775f,1.7269479853109417f,0f,0f,0f,1f], start_interpolation: 0, interpolation_duration: 1 }
$data merge entity $(bone_tear_right1) { transformation: [-0.9996477505989899f,-0.013592951097831409f,0.022794876679458887f,-0.6848449394668635f,0f,0.858885687882184f,0.5121673312025551f,4.28674020525248f,-0.026540058823969752f,0.5119869205669222f,-0.8585831459130912f,2.7771704144382334f,0f,0f,0f,1f], start_interpolation: 0, interpolation_duration: 1 }
$data merge entity $(bone_right_pupil1) { transformation: [-0.9996477505989899f,-0.013592951097831409f,0.022794876679458887f,-0.5026703721439603f,0f,0.858885687882184f,0.5121673312025551f,4.348685818781264f,-0.026540058823969752f,0.5119869205669222f,-0.8585831459130912f,2.897440628626032f,0f,0f,0f,1f], start_interpolation: 0, interpolation_duration: 1 }
$data merge entity $(bone_right_sad_pupil1) { transformation: [-0.9996477505989899f,-0.013592951097831409f,0.022794876679458887f,-0.5024143749937515f,0f,0.858885687882184f,0.5121673312025551f,4.3544376979891055f,-0.026540058823969752f,0.5119869205669222f,-0.8585831459130912f,2.8877983374365783f,0f,0f,0f,1f], start_interpolation: 0, interpolation_duration: 1 }
$data merge entity $(bone_right_happy_pupil1) { transformation: [-0.9996477505989899f,-0.013592951097831409f,0.022794876679458887f,-0.530098664659271f,0f,0.858885687882184f,0.5121673312025551f,4.330323784457192f,-0.026540058823969752f,0.5119869205669222f,-0.8585831459130912f,2.8726787549370085f,0f,0f,0f,1f], start_interpolation: 0, interpolation_duration: 1 }
$data merge entity $(bone_eyelid_right1) { transformation: [-0.9996477505989899f,-0.013592951097831409f,0.022794876679458887f,-0.05663013844405507f,0f,0.858885687882184f,0.5121673312025551f,4.593803213993249f,-0.026540058823969752f,0.5119869205669222f,-0.8585831459130912f,2.3884097280405125f,0f,0f,0f,1f], start_interpolation: 0, interpolation_duration: 1 }
$data merge entity $(bone_eyelid_expressions_right5) { transformation: [-0.9996477505989899f,-0.013592951097831409f,0.022794876679458887f,-0.633045465347848f,0f,0.858885687882184f,0.5121673312025551f,4.450894586764937f,-0.026540058823969752f,0.5119869205669222f,-0.8585831459130912f,2.9418692191284412f,0f,0f,0f,1f], start_interpolation: 0, interpolation_duration: 1 }
$data merge entity $(bone_eyelid_expressions_right7) { transformation: [-0.9996477505989899f,-0.013592951097831409f,0.022794876679458887f,-0.29625008062455555f,0f,0.858885687882184f,0.5121673312025551f,4.450894586764937f,-0.026540058823969752f,0.5119869205669222f,-0.8585831459130912f,2.950810938165814f,0f,0f,0f,1f], start_interpolation: 0, interpolation_duration: 1 }
$data merge entity $(bone_eyelid_expressions_right6) { transformation: [-0.9996477505989899f,-0.013592951097831409f,0.022794876679458887f,-0.40851520886565307f,0f,0.858885687882184f,0.5121673312025551f,4.450894586764937f,-0.026540058823969752f,0.5119869205669222f,-0.8585831459130912f,2.9478303651533566f,0f,0f,0f,1f], start_interpolation: 0, interpolation_duration: 1 }
$data merge entity $(bone_right_eye1) { transformation: [-0.9996477505989899f,-0.013592951097831409f,0.022794876679458887f,-0.06811264841837358f,0f,0.858885687882184f,0.5121673312025551f,4.588051334785408f,-0.026540058823969752f,0.5119869205669222f,-0.8585831459130912f,2.3977539619287205f,0f,0f,0f,1f], start_interpolation: 0, interpolation_duration: 1 }
$data merge entity $(bone_tear_left1) { transformation: [-0.9996477505989899f,-0.013592951097831409f,0.022794876679458887f,0.5276184455369896f,0f,0.858885687882184f,0.5121673312025551f,4.28674020525248f,-0.026540058823969752f,0.5119869205669222f,-0.8585831459130912f,2.8093606029727747f,0f,0f,0f,1f], start_interpolation: 0, interpolation_duration: 1 }
$data merge entity $(bone_left_sad_pupil1) { transformation: [-0.9996477505989899f,-0.013592951097831409f,0.022794876679458887f,0.33957408681447965f,0f,0.858885687882184f,0.5121673312025551f,4.3544376979891055f,-0.026540058823969752f,0.5119869205669222f,-0.8585831459130912f,2.91015263503001f,0f,0f,0f,1f], start_interpolation: 0, interpolation_duration: 1 }
$data merge entity $(bone_left_pupil1) { transformation: [-0.9996477505989899f,-0.013592951097831409f,0.022794876679458887f,0.3393180896642709f,0f,0.858885687882184f,0.5121673312025551f,4.348685818781264f,-0.026540058823969752f,0.5119869205669222f,-0.8585831459130912f,2.919794926219464f,0f,0f,0f,1f], start_interpolation: 0, interpolation_duration: 1 }
$data merge entity $(bone_eyelid_left1) { transformation: [-0.9996477505989899f,-0.013592951097831409f,0.022794876679458887f,-0.07908316409227456f,0f,0.858885687882184f,0.5121673312025551f,4.593803213993249f,-0.026540058823969752f,0.5119869205669222f,-0.8585831459130912f,2.3878136134380212f,0f,0f,0f,1f], start_interpolation: 0, interpolation_duration: 1 }
$data merge entity $(bone_left_happy_pupil1) { transformation: [-0.9996477505989899f,-0.013592951097831409f,0.022794876679458887f,0.3680223612695088f,0f,0.858885687882184f,0.5121673312025551f,4.330323784457192f,-0.026540058823969752f,0.5119869205669222f,-0.8585831459130912f,2.8965233390366687f,0f,0f,0f,1f], start_interpolation: 0, interpolation_duration: 1 }
$data merge entity $(bone_eyelid_expressions_left5) { transformation: [-0.9996477505989899f,-0.013592951097831409f,0.022794876679458887f,0.46715279141490745f,0f,0.858885687882184f,0.5121673312025551f,4.450894586764937f,-0.026540058823969752f,0.5119869205669222f,-0.8585831459130912f,2.9710788346505255f,0f,0f,0f,1f], start_interpolation: 0, interpolation_duration: 1 }
$data merge entity $(bone_eyelid_expressions_left7) { transformation: [-0.9996477505989899f,-0.013592951097831409f,0.022794876679458887f,0.13035740669161494f,0f,0.858885687882184f,0.5121673312025551f,4.450894586764937f,-0.026540058823969752f,0.5119869205669222f,-0.8585831459130912f,2.9621371156131526f,0f,0f,0f,1f], start_interpolation: 0, interpolation_duration: 1 }
$data merge entity $(bone_eyelid_expressions_left6) { transformation: [-0.9996477505989899f,-0.013592951097831409f,0.022794876679458887f,0.24262253493271246f,0f,0.858885687882184f,0.5121673312025551f,4.450894586764937f,-0.026540058823969752f,0.5119869205669222f,-0.8585831459130912f,2.96511768862561f,0f,0f,0f,1f], start_interpolation: 0, interpolation_duration: 1 }
$data merge entity $(bone_left_eye1) { transformation: [-0.9996477505989899f,-0.013592951097831409f,0.022794876679458887f,-0.06811264841837358f,0f,0.858885687882184f,0.5121673312025551f,4.588051334785408f,-0.026540058823969752f,0.5119869205669222f,-0.8585831459130912f,2.3977539619287205f,0f,0f,0f,1f], start_interpolation: 0, interpolation_duration: 1 }
$data merge entity $(bone_crest_middle5) { transformation: [-0.9996477505989899f,-0.008337029573520572f,0.025196600172841137f,-0.09781593464059335f,0f,0.9493799670890231f,0.3141300337281452f,5.5340351513973625f,-0.026540058823969752f,0.31401938161192533f,-0.9490455485642848f,3.5165466313188416f,0f,0f,0f,1f], start_interpolation: 0, interpolation_duration: 1 }
$data merge entity $(bone_crest_middle4) { transformation: [-0.9996477505989899f,-0.008337029573520572f,0.025196600172841137f,-0.09219820963499843f,0f,0.9493799670890231f,0.3141300337281452f,4.8943162282612045f,-0.026540058823969752f,0.31401938161192533f,-0.9490455485642848f,3.3049515401936187f,0f,0f,0f,1f], start_interpolation: 0, interpolation_duration: 1 }
$data merge entity $(bone_crest_middle1) { transformation: [-0.9996477505989899f,-0.008337029573520572f,0.025196600172841137f,-0.09010719716718546f,0f,0.9493799670890231f,0.3141300337281452f,4.388068216564452f,-0.026540058823969752f,0.31401938161192533f,-0.9490455485642848f,3.2261922607290288f,0f,0f,0f,1f], start_interpolation: 0, interpolation_duration: 1 }
$data merge entity $(bone_crest_left5) { transformation: [-0.5256461662023568f,-0.84014724904187f,0.13359905644929743f,-1.1954670376447925f,-0.7243768420909501f,0.5243821788986264f,0.44755057937161913f,4.9326155127960645f,-0.44606535238584416f,0.13847718361126266f,-0.8842226931152498f,3.243752754746298f,0f,0f,0f,1f], start_interpolation: 0, interpolation_duration: 1 }
$data merge entity $(bone_crest_left4) { transformation: [-0.5256461662023568f,-0.84014724904187f,0.13359905644929743f,-0.723704666356633f,-0.7243768420909501f,0.5243821788986264f,0.44755057937161913f,4.638162629137168f,-0.44606535238584416f,0.13847718361126266f,-0.8842226931152498f,3.165994570589583f,0f,0f,0f,1f], start_interpolation: 0, interpolation_duration: 1 }
$data merge entity $(bone_crest_left1) { transformation: [-0.5256461662023568f,-0.84014724904187f,0.13359905644929743f,-0.19726415779724182f,-0.7243768420909501f,0.5243821788986264f,0.44755057937161913f,4.339395471090769f,-0.44606535238584416f,0.13847718361126266f,-0.8842226931152498f,3.0308093914018386f,0f,0f,0f,1f], start_interpolation: 0, interpolation_duration: 1 }
$data merge entity $(bone_crest_center1) { transformation: [-0.9996477505989899f,-0.013592951097831409f,0.022794876679458887f,-0.08461739640979996f,0f,0.858885687882184f,0.5121673312025551f,4.315281557558855f,-0.026540058823969752f,0.5119869205669222f,-0.8585831459130912f,3.0194155156300067f,0f,0f,0f,1f], start_interpolation: 0, interpolation_duration: 1 }
$data merge entity $(bone_crest_right5) { transformation: [-0.5485745235608845f,0.8316158960424078f,-0.08649273697560776f,1.0127636834967735f,0.7243768420909501f,0.5243821788986264f,0.44755057937161913f,4.9326155127960645f,0.41754542596260297f,0.18286151017399005f,-0.8900660005609674f,3.3023799793870547f,0f,0f,0f,1f], start_interpolation: 0, interpolation_duration: 1 }
$data merge entity $(bone_crest_right4) { transformation: [-0.5485745235608845f,0.8316158960424078f,-0.08649273697560776f,0.5457918668713981f,0.7243768420909501f,0.5243821788986264f,0.44755057937161913f,4.638162629137168f,0.41754542596260297f,0.18286151017399005f,-0.8900660005609674f,3.1996989556077144f,0f,0f,0f,1f], start_interpolation: 0, interpolation_duration: 1 }
$data merge entity $(bone_crest_right1) { transformation: [-0.5485745235608845f,0.8316158960424078f,-0.08649273697560776f,0.02726609868495314f,0.7243768420909501f,0.5243821788986264f,0.44755057937161913f,4.339395471090769f,0.41754542596260297f,0.18286151017399005f,-0.8900660005609674f,3.0367705374267535f,0f,0f,0f,1f], start_interpolation: 0, interpolation_duration: 1 }
$data merge entity $(bone_head1) { transformation: [-1.0478078635835761f,-0.014247819835617551f,0.023893067352818223f,-0.05326952909426905f,0f,0.9002642952410909f,0.5368420593985113f,4.856176246828759f,-0.027818681449603696f,0.5366529571046512f,-0.8999471776823412f,1.8386786809495916f,0f,0f,0f,1f], start_interpolation: 0, interpolation_duration: 1 }
$data merge entity $(bone_neck10) { transformation: [-1.4968683765479667f,-0.01267252912485546f,0.037666324220215534f,-0.02263051434990884f,0f,1.4192253479934664f,0.4774868514387096f,4.770618024080799f,-0.03974097349943387f,0.47731865698130044f,-1.4187254267147371f,0.6846412173209513f,0f,0f,0f,1f], start_interpolation: 0, interpolation_duration: 1 }
$data merge entity $(bone_neck9) { transformation: [-1.1451043080591952f,-0.015570831677496344f,0.026111709321294224f,-0.004065322472771058f,0f,0.9838602655134789f,0.5866916791998024f,3.487919073955787f,-0.030401844727066932f,0.5864850174072268f,-0.983513701324274f,-0.01462823127040283f,0f,0f,0f,1f], start_interpolation: 0, interpolation_duration: 1 }
$data merge entity $(bone_neck8) { transformation: [-1.0627765473490565f,0.005717860922135284f,0.027630668978739364f,-0.009201272691478227f,0f,1.0410929818205463f,-0.21544266197975329f,2.71792031264021f,-0.02821609118459805f,-0.21536677243111874f,-1.0407262574413043f,0.17882051416651723f,0f,0f,0f,1f], start_interpolation: 0, interpolation_duration: 1 }
$data merge entity $(bone_neck7) { transformation: [-1.0552922054663165f,0.014462274038271291f,0.023996178147438724f,-0.022793528553796717f,0f,0.9041493956963838f,-0.5449224560576194f,1.9113358897303812f,-0.028017386317100882f,-0.5447305074488761f,-0.9038309096133261f,0.6907812482573188f,0f,0f,0f,1f], start_interpolation: 0, interpolation_duration: 1 }
$data merge entity $(bone_neck6) { transformation: [-1.0493047319601245f,0.010704870376008827f,0.025719592728830377f,-0.03203416936419244f,0f,0.9690857469238778f,-0.40334765069701656f,1.05157678955945f,-0.027858422423103144f,-0.4032055717286597f,-0.9687443870499967f,1.038835706669541f,0f,0f,0f,1f], start_interpolation: 0, interpolation_duration: 1 }
$data merge entity $(bone_neck_spine6) { transformation: [-1.2722778878550867f,-0.011465709868558861f,-0.034101057005898425f,0.11068725200896162f,-0.03449864670654827f,0.04652731619872987f,1.2714678213543076f,0.17441601398138573f,-0.010207250713403152f,1.2718840807484237f,-0.046819501154116414f,-1.5489345785981037f,0f,0f,0f,1f], start_interpolation: 0, interpolation_duration: 1 }
$data merge entity $(bone_neck_spine7) { transformation: [-0.9822911539249519f,0.1538556919691222f,-0.10692293939790849f,-0.1310357741412478f,-0.034319793090947584f,0.41326898638018594f,0.9099620303608762f,-0.11458643612853742f,0.18419077263256364f,0.8975172259878894f,-0.40067017399854343f,-5.216474909952092f,0f,0f,0f,1f], start_interpolation: 0, interpolation_duration: 1 }
$data merge entity $(bone_tail6) { transformation: [-1.4051777536046826f,0.8384161101286137f,0.536503350016036f,-1.6636049884451063f,0.5402332965853253f,-0.13716792381128415f,1.629305030822952f,-0.21839303107393876f,0.836017585677584f,1.4978468962084324f,-0.15109999829158555f,-8.624057955108649f,0f,0f,0f,1f], start_interpolation: 0, interpolation_duration: 1 }
$data merge entity $(bone_tail5) { transformation: [-1.1607990138473465f,0.6926046127149417f,0.4431984195784645f,-1.2261704962040905f,0.4462796797878774f,-0.11331263271366952f,1.3459476341580907f,-0.2899589043667827f,0.6906232229510476f,1.237351783824357f,-0.12482173771913588f,-7.8425726179564235f,0f,0f,0f,1f], start_interpolation: 0, interpolation_duration: 1 }
$data merge entity $(bone_tail4) { transformation: [-0.8553255891506762f,0.5103402409478517f,0.32656725653150015f,-1.0074532500835827f,0.3288376587910675f,-0.08349351884165121f,0.9917508883270141f,-0.32574184101320464f,0.5088802695428771f,0.911732893344263f,-0.09197391200357379f,-7.45182994938031f,0f,0f,0f,1f], start_interpolation: 0, interpolation_duration: 1 }
$data merge entity $(bone_segment18) { transformation: [-0.8160124875375396f,0.4284968975720801f,0.38796137559543087f,-0.7668421992008227f,0.3137233813062607f,-0.23540840610385788f,0.9198698398998673f,-0.4579291784250389f,0.4854907416259996f,0.8723378308354761f,0.05766670346650085f,-6.96199181194828f,0f,0f,0f,1f], start_interpolation: 0, interpolation_duration: 1 }
$data merge entity $(bone_segment17) { transformation: [-0.8978605863379846f,0.42987266699735327f,0.09516227019881965f,-0.45304354824328175f,-0.008053004229960872f,-0.23213850999367314f,0.9726494030742986f,-0.6273857567651472f,0.44020622056450165f,0.8725372211811369f,0.21188978510021955f,-6.3250566822286505f,0f,0f,0f,1f], start_interpolation: 0, interpolation_duration: 1 }
$data merge entity $(bone_segment16) { transformation: [-0.9487915003918248f,0.315339694808052f,-0.01885644883307793f,-0.15202347824829035f,-0.011526588396985855f,0.02509334888557349f,0.9996186580899904f,-0.6034319007733033f,0.3156926140158434f,0.9486470369531924f,-0.020173565271715405f,-5.419487855449601f,0f,0f,0f,1f], start_interpolation: 0, interpolation_duration: 1 }
$data merge entity $(bone_segment15) { transformation: [-0.9822911539249519f,0.17628687946907207f,-0.06345884530814497f,0.055853872297514845f,-0.034319793090947584f,0.16367168337137383f,0.9859177104934139f,-0.410430379610282f,0.18419077263256364f,0.9706361399563884f,-0.154723117495679f,-4.274914477522512f,0f,0f,0f,1f], start_interpolation: 0, interpolation_duration: 1 }
$data merge entity $(bone_segment14) { transformation: [-1.0447899439729622f,0.07304930342570888f,-0.041868487758279706f,0.13803433865143733f,-0.03978239777450292f,0.031080504247307433f,1.0469606301615242f,-0.37546481233206114f,0.07420600936216501f,1.0451664936984555f,-0.028207563698243458f,-3.0991021721117495f,0f,0f,0f,1f], start_interpolation: 0, interpolation_duration: 1 }
$data merge entity $(bone_segment13) { transformation: [-1.0253062978596874f,-0.00432753469791431f,-0.028668446694720386f,0.13360705451905702f,-0.027801850581159488f,-0.14100330796277202f,1.0155977235456006f,-0.5730851665544163f,-0.008225843221977834f,1.0159689716768823f,0.14082966987213094f,-1.879344684341755f,0f,0f,0f,1f], start_interpolation: 0, interpolation_duration: 1 }
$data merge entity $(bone_segment12) { transformation: [-1.113485053789261f,-0.061850287671806926f,-0.028274689998606925f,0.058888586190699664f,-0.03835251206448355f,0.18808836244181268f,1.098920258218938f,-0.34586432602068284f,-0.05616049321316755f,1.0978484371809019f,-0.1898649234934715f,-0.5530848273446921f,0f,0f,0f,1f], start_interpolation: 0, interpolation_duration: 1 }
$data merge entity $(bone_segment11) { transformation: [-1.18885303775702f,-0.06113421176780668f,0.003728759684120379f,-0.0128992820430383f,-0.034057283773018775f,0.7200796053067932f,0.9473374817479587f,0.48627077463920776f,-0.05090576508861277f,0.9459761154775997f,-0.7208749079472812f,0.5400938675114441f,0f,0f,0f,1f], start_interpolation: 0, interpolation_duration: 1 }
$data merge entity $(bone_segment10) { transformation: [-1.0478078635835766f,-0.013734567622002139f,0.02419174838309906f,-0.03284851526218964f,0f,0.9115182654098035f,0.5175032848682956f,1.4193735932854499f,-0.02781868144960371f,0.5173209946461801f,-0.9111971836468031f,1.0695085492032281f,0f,0f,0f,1f], start_interpolation: 0, interpolation_duration: 1 }