# This file was generated by Animated Java via MC-Build. It is not recommended to edit this file directly.
$data merge entity $(bone_neck_spine5) { transformation: [-1.572213424008278f,-0.003939020162187143f,0.012191351236458866f,0.1245798408635301f,3.40930761269856e-19f,1.4961117484802515f,0.4833930405125895f,4.322366919039205f,-0.012811905588507274f,0.4833769913185441f,-1.4960620758831047f,-0.40268245148361725f,0f,0f,0f,1f], start_interpolation: 0, interpolation_duration: 1 }
$data merge entity $(bone_neck_spine2) { transformation: [-1.4973461181031213f,-0.0044784177682201075f,0.01135024492397295f,-0.004445106753032308f,3.2469596311414845e-19f,1.392891932118321f,0.5495874335569527f,5.310483189570275f,-0.0122018148461974f,0.5495691866344138f,-1.3928456865354737f,1.6486872538694206f,0f,0f,0f,1f], start_interpolation: 0, interpolation_duration: 1 }
$data merge entity $(bone_scale_neck_left1) { transformation: [-1.5926437025793219f,0.40750825445143507f,0.10236278633392785f,0.7846144595568366f,0.3727418694357213f,1.1851031408133157f,1.0815031785628972f,4.484062452453063f,0.1939190971556557f,1.0688885110365955f,-1.2381146213376113f,1.2927335914964915f,0f,0f,0f,1f], start_interpolation: 0, interpolation_duration: 1 }
$data merge entity $(bone_scale_neck_right1) { transformation: [-1.5892719274335476f,-0.4248736408523143f,-0.0821718371355278f,-0.7875989644514406f,-0.3727418694357213f,1.1851031408133157f,1.0815031785628972f,4.484062452453063f,-0.21984840294824246f,1.062105463586825f,-1.2396183867536792f,1.279921685907984f,0f,0f,0f,1f], start_interpolation: 0, interpolation_duration: 1 }
$data merge entity $(bone_blush_right1) { transformation: [-0.9999667988723454f,-0.004426831624242648f,0.006841367901584649f,-0.6731315100595817f,2.168404344971009e-19f,0.839566566060933f,0.5432568279853026f,3.596967785379449f,-0.008148690262504003f,0.5432387912460074f,-0.8395386915041988f,2.3931683567808317f,0f,0f,0f,1f], start_interpolation: 0, interpolation_duration: 1 }
$data merge entity $(bone_blush_left1) { transformation: [-0.9999667988723454f,-0.004426831624242648f,0.006841367901584649f,0.6520198044616806f,2.168404344971009e-19f,0.839566566060933f,0.5432568279853026f,3.596967785379449f,-0.008148690262504003f,0.5432387912460074f,-0.8395386915041988f,2.4039669629197165f,0f,0f,0f,1f], start_interpolation: 0, interpolation_duration: 1 }
$data merge entity $(bone_left_head_scales) { transformation: [-0.8901403755595058f,-0.004426831624242648f,-0.4556649152179182f,0.6627075116182222f,-0.25084808695267685f,0.839566566060933f,0.48187469162100116f,4.423370989866394f,0.3804278500201638f,0.5432387912460074f,-0.7484425606648865f,2.470617727630624f,0f,0f,0f,1f], start_interpolation: 0, interpolation_duration: 1 }
$data merge entity $(bone_left_head_scales2) { transformation: [-0.8230488949381582f,-0.004426831624242648f,-0.5679532724642469f,0.6655322666292376f,-0.3115993154191831f,0.839566566060933f,0.4450099412181138f,3.5775574707223288f,0.47486459456499064f,0.5432387912460074f,-0.6923837321270652f,2.123977821710846f,0f,0f,0f,1f], start_interpolation: 0, interpolation_duration: 1 }
$data merge entity $(bone_left_head_scales1) { transformation: [-0.9999667988723454f,-0.004426831624242648f,0.006841367901584649f,0.6632046655603978f,2.168404344971009e-19f,0.839566566060933f,0.5432568279853026f,4.329083729029473f,-0.008148690262504003f,0.5432387912460074f,-0.8395386915041988f,2.4096094649418633f,0f,0f,0f,1f], start_interpolation: 0, interpolation_duration: 1 }
$data merge entity $(bone_right_head_scales) { transformation: [-0.8838223912771309f,-0.004426831624242648f,0.4678016501028449f,-0.6849039946745872f,0.25084808695267685f,0.839566566060933f,0.48187469162100116f,4.423370989866394f,-0.3948838030982737f,0.5432387912460074f,-0.7409172678081003f,2.4596360942690465f,0f,0f,0f,1f], start_interpolation: 0, interpolation_duration: 1 }
$data merge entity $(bone_right_head_scales2) { transformation: [-0.8152008000966435f,-0.004426831624242648f,0.5791615134688792f,-0.6820792396635718f,0.3115993154191831f,0.839566566060933f,0.4450099412181138f,3.5775574707223288f,-0.4882146271386065f,0.5432387912460074f,-0.6830359386836742f,2.1129961883492685f,0f,0f,0f,1f], start_interpolation: 0, interpolation_duration: 1 }
$data merge entity $(bone_right_head_scales1) { transformation: [-0.9999667988723454f,-0.004426831624242648f,0.006841367901584649f,-0.6844068407324115f,2.168404344971009e-19f,0.839566566060933f,0.5432568279853026f,4.329083729029473f,-0.008148690262504003f,0.5432387912460074f,-0.8395386915041988f,2.398627831580286f,0f,0f,0f,1f], start_interpolation: 0, interpolation_duration: 1 }
$data merge entity $(bone_head_left_fin1) { transformation: [-0.7332838720731498f,0.019719900402187192f,-0.748719631444715f,0.6656452270572424f,-0.1616060078814254f,1.0189662613304156f,0.18511200531601701f,4.021264323601678f,0.7313367618267322f,0.24493689355345438f,-0.7098081832455488f,2.1101158789995154f,0f,0f,0f,1f], start_interpolation: 0, interpolation_duration: 1 }
$data merge entity $(bone_head_right_fin1) { transformation: [-0.7212680125046176f,-0.023708978779544546f,0.760187829742126f,-0.681966279235567f,0.1616060078814254f,1.0189662613304156f,0.18511200531601701f,4.021264323601678f,-0.7431898481407296f,0.24458299331866787f,-0.6975121554675681f,2.099134245637938f,0f,0f,0f,1f], start_interpolation: 0, interpolation_duration: 1 }
$data merge entity $(bone_right_whisker16) { transformation: [0.2596107591338298f,0.9212082790388662f,-0.28978882030231434f,-1.2071017810301679f,0.9642269338717103f,-0.2639081568186757f,0.024877796544903408f,1.2928114769940593f,-0.053560001291232784f,-0.28588072931699976f,-0.956767231288187f,1.871502561451558f,0f,0f,0f,1f], start_interpolation: 0, interpolation_duration: 1 }
$data merge entity $(bone_right_whisker15) { transformation: [-0.8794412106589993f,0.3776315620051193f,-0.28978882030231434f,-0.910805670017126f,0.3875072560667993f,0.9215309119799782f,0.024877796544903408f,1.1622548331043663f,0.27644399702329103f,-0.09041671108220657f,-0.956767231288187f,1.778364691360703f,0f,0f,0f,1f], start_interpolation: 0, interpolation_duration: 1 }
$data merge entity $(bone_right_whisker14) { transformation: [-0.7139183410278955f,-0.6374504231481614f,-0.28978882030231434f,-0.6702765414481576f,-0.6714229985515812f,0.740656635867845f,0.024877796544903408f,1.388466683202311f,0.1987756508226811f,0.212331593911872f,-0.956767231288187f,1.711394379315952f,0f,0f,0f,1f], start_interpolation: 0, interpolation_duration: 1 }
$data merge entity $(bone_right_whisker13) { transformation: [-0.09232465485446799f,-0.9938156886110662f,-0.0616971245400914f,-0.6391710669122285f,-0.9712275921777579f,0.07621906732817967f,0.22562716584714967f,1.7156869168950126f,-0.2195293199064719f,0.08075289992399405f,-0.9722581174026098f,1.7853568943235036f,0f,0f,0f,1f], start_interpolation: 0, interpolation_duration: 1 }
$data merge entity $(bone_right_whisker12) { transformation: [0.07065663358040361f,-0.9966882266589766f,-0.040251943685602844f,-0.6709113515284254f,-0.8989427999106335f,-0.08111300043971079f,0.4304910262113464f,2.1195088777923674f,-0.4323302934330593f,0.005767148259913875f,-0.9016968766614603f,1.9795677683266357f,0f,0f,0f,1f], start_interpolation: 0, interpolation_duration: 1 }
$data merge entity $(bone_right_whisker11) { transformation: [0.2933289966327635f,-0.9558578597733535f,-0.017142101502446744f,-0.8026802367345497f,-0.9458412488353513f,-0.29277034126930973f,0.14024927548702348f,2.544398501292623f,-0.1390770712087341f,-0.02492547256434409f,-0.989967822245473f,2.0420437964086844f,0f,0f,0f,1f], start_interpolation: 0, interpolation_duration: 1 }
$data merge entity $(bone_right_whisker10) { transformation: [0.06958009303711252f,-0.9930202971420953f,0.0952328730889272f,-0.833936919153565f,-0.9915533339609424f,-0.07931864031330645f,-0.10261841554900386f,2.98982285053289f,0.10945591150726619f,-0.08728827391278433f,-0.9901515846947071f,1.9928741486612798f,0f,0f,0f,1f], start_interpolation: 0, interpolation_duration: 1 }
$data merge entity $(bone_right_whisker1) { transformation: [-0.3388532904317257f,-0.9385909438144301f,0.06500375183887458f,-0.6817176675924382f,-0.9256038061289552f,0.3449529261237191f,0.15577250347309513f,3.4056214353173817f,-0.16862989546098878f,-0.007383694754078768f,-0.9856517840538788f,2.068625859512896f,0f,0f,0f,1f], start_interpolation: 0, interpolation_duration: 1 }
$data merge entity $(bone_left_whisker16) { transformation: [0.25870342348525105f,-0.9164269881122752f,0.305342617622359f,1.194420666653433f,-0.9642269338717103f,-0.2639081568186757f,0.024877796544903408f,1.2928114769940593f,0.05778372325639064f,-0.30085554710530527f,-0.9519175285194594f,1.8910724737793403f,0f,0f,0f,1f], start_interpolation: 0, interpolation_duration: 1 }
$data merge entity $(bone_left_whisker15) { transformation: [-0.8748192554063721f,-0.37610790504025043f,0.305342617622359f,0.8996817573612471f,-0.3875072560667993f,0.9215309119799782f,0.024877796544903408f,1.1622548331043663f,-0.29073939682440736f,-0.09655890446553063f,-0.9519175285194594f,1.7931182824664296f,0f,0f,0f,1f], start_interpolation: 0, interpolation_duration: 1 }
$data merge entity $(bone_left_whisker14) { transformation: [-0.7105841161611537f,0.6339054343693524f,0.305342617622359f,0.6602759760374213f,0.6714229985515812f,0.740656635867845f,0.024877796544903408f,1.388466683202311f,-0.2103838655303088f,0.22269182297949028f,-0.9519175285194594f,1.7222369996461595f,0f,0f,0f,1f], start_interpolation: 0, interpolation_duration: 1 }
$data merge entity $(bone_left_whisker13) { transformation: [-0.0958900280048862f,0.9923676905520324f,0.077533665447001f,0.6279692771490563f,0.9712275921777579f,0.07621906732817967f,0.22562716584714967f,1.7156869168950126f,0.21799556583063082f,0.09693823045655282f,-0.9711235311504581f,1.7956827713371435f,0f,0f,0f,1f], start_interpolation: 0, interpolation_duration: 1 }
$data merge entity $(bone_left_whisker12) { transformation: [0.06360163284217242f,0.9964618778749431f,0.054941407351388374f,0.6565403231523759f,0.8989427999106335f,-0.08111300043971079f,0.4304910262113464f,2.1195088777923674f,0.43342435878552105f,0.022009250364543608f,-0.9009211497738026f,1.9903851200103269f,0f,0f,0f,1f], start_interpolation: 0, interpolation_duration: 1 }
$data merge entity $(bone_left_whisker11) { transformation: [0.29102352516721375f,0.956137126069566f,0.033273171635399654f,0.7872735473485852f,0.9458412488353513f,-0.29277034126930973f,0.14024927548702348f,2.544398501292623f,0.14383893701230965f,-0.009344700342041906f,-0.9895569901600846f,2.0550002674963253f,0f,0f,0f,1f], start_interpolation: 0, interpolation_duration: 1 }
$data merge entity $(bone_left_whisker10) { transformation: [0.07135463805519816f,0.9943109447411338f,-0.07908388455308403f,0.8193273886624438f,0.9915533339609424f,-0.07931864031330645f,-0.10261841554900386f,2.98982285053289f,-0.1083074399058134f,-0.07109358949189569f,-0.9915720851225118f,2.0063465347261356f,0f,0f,0f,1f], start_interpolation: 0, interpolation_duration: 1 }
$data merge entity $(bone_left_whisker1) { transformation: [-0.34155642426339655f,0.9385866276605456f,-0.04893211032856823f,0.6658938387003711f,0.9256038061289552f,0.3449529261237191f,0.15577250347309513f,3.4056214353173817f,0.1630852633563012f,0.007913351722783096f,-0.9865802429303543f,2.079607492874474f,0f,0f,0f,1f], start_interpolation: 0, interpolation_duration: 1 }
$data merge entity $(bone_upper_left_tooth1) { transformation: [-0.9999667988723454f,-0.0038137216925427982f,0.007201158229483368f,0.2926974441603536f,2.168404344971009e-19f,0.8837197141507905f,0.46801652408995637f,3.2674726355559587f,-0.008148690262504003f,0.4680009854135956f,-0.8836903736597502f,3.0850954897104663f,0f,0f,0f,1f], start_interpolation: 0, interpolation_duration: 1 }
$data merge entity $(bone_upper_right_tooth1) { transformation: [-0.9999667988723454f,-0.0038137216925427982f,0.007201158229483368f,-0.38110830898605097f,2.168404344971009e-19f,0.8837197141507905f,0.46801652408995637f,3.2674726355559587f,-0.008148690262504003f,0.4680009854135956f,-0.8836903736597502f,3.0796046730296776f,0f,0f,0f,1f], start_interpolation: 0, interpolation_duration: 1 }
$data merge entity $(bone_top_lip1) { transformation: [-0.9999667988723454f,-0.0003670553093553402f,0.00814041911661197f,-0.01660096204052906f,2.168404344971009e-19f,0.9989849723543802f,0.04504470013350925f,3.376643088524782f,-0.008148690262504003f,0.045043204598669895f,-0.9989518049267883f,3.140393443185096f,0f,0f,0f,1f], start_interpolation: 0, interpolation_duration: 1 }
$data merge entity $(bone_muzzle1) { transformation: [-0.9999667988723454f,-0.0038137216925427982f,0.007201158229483368f,-0.013199791151867628f,2.168404344971009e-19f,0.8837197141507905f,0.46801652408995637f,3.7883141354415164f,-0.008148690262504003f,0.4680009854135956f,-0.8836903736597502f,2.7230186435068626f,0f,0f,0f,1f], start_interpolation: 0, interpolation_duration: 1 }
$data merge entity $(bone_jaw_right_tooth1) { transformation: [-0.9999667988723454f,0.0010595053281820285f,0.008079517402282233f,-0.3810713502113567f,2.168404344971009e-19f,0.9915111682990249f,-0.1300215487459765f,3.174369618434329f,-0.008148690262504003f,-0.13001723188393885f,-0.9914782490101552f,3.0750692757534646f,0f,0f,0f,1f], start_interpolation: 0, interpolation_duration: 1 }
$data merge entity $(bone_jaw_left_tooth1) { transformation: [-0.9999667988723454f,0.0010595053281820285f,0.008079517402282233f,0.3488848823639149f,2.168404344971009e-19f,0.9915111682990249f,-0.1300215487459765f,3.174369618434329f,-0.008148690262504003f,-0.13001723188393885f,-0.9914782490101552f,3.0810176604909856f,0f,0f,0f,1f], start_interpolation: 0, interpolation_duration: 1 }
$data merge entity $(bone_tongue1) { transformation: [-0.9999667988723454f,-0.0017963231076613567f,0.007948231016214198f,-0.00958446705696843f,2.168404344971009e-19f,0.9753998201143792f,0.2204431693676091f,3.3388456552247656f,-0.008148690262504003f,0.22043585040580221f,-0.9753674357404374f,2.2793640259424066f,0f,0f,0f,1f], start_interpolation: 0, interpolation_duration: 1 }
$data merge entity $(bone_jaw_lips1) { transformation: [-0.9999667988723454f,-0.0017963231076613567f,0.007948231016214198f,0.03965701875375824f,2.168404344971009e-19f,0.9753998201143792f,0.2204431693676091f,3.014818327997038f,-0.008148690262504003f,0.22043585040580221f,-0.9753674357404374f,3.127658977578658f,0f,0f,0f,1f], start_interpolation: 0, interpolation_duration: 1 }
$data merge entity $(bone_jaw3) { transformation: [-0.9999667988723454f,-0.0003595844117831549f,0.00814075254783181f,0.047001263511422905f,2.168404344971009e-19f,0.9990258907362428f,0.04412787824784237f,2.970317641737747f,-0.008148690262504003f,0.044126413152523414f,-0.9989927219501142f,2.2264097358139807f,0f,0f,0f,1f], start_interpolation: 0, interpolation_duration: 1 }
$data merge entity $(bone_jaw1) { transformation: [-0.9999667988723454f,-0.006010645906514382f,0.005502116754552692f,0.051944571533091344f,2.168404344971009e-19f,0.6752148599721044f,0.7376211038689519f,3.6330241022450087f,-0.008148690262504003f,0.7375966140165215f,-0.6751924420773443f,1.6197915261351163f,0f,0f,0f,1f], start_interpolation: 0, interpolation_duration: 1 }
$data merge entity $(bone_tear_right1) { transformation: [-0.9999667988723454f,-0.004426831624242648f,0.006841367901584649f,-0.6194125553441636f,2.168404344971009e-19f,0.839566566060933f,0.5432568279853026f,3.8720639388394553f,-0.008148690262504003f,0.5432387912460074f,-0.8395386915041988f,2.6920105616024106f,0f,0f,0f,1f], start_interpolation: 0, interpolation_duration: 1 }
$data merge entity $(bone_right_pupil1) { transformation: [-0.9999667988723454f,-0.004426831624242648f,0.006841367901584649f,-0.4350744771447024f,2.168404344971009e-19f,0.839566566060933f,0.5432568279853026f,3.929745026696898f,-0.008148690262504003f,0.5432387912460074f,-0.8395386915041988f,2.811099274186075f,0f,0f,0f,1f], start_interpolation: 0, interpolation_duration: 1 }
$data merge entity $(bone_right_sad_pupil1) { transformation: [-0.9999667988723454f,-0.004426831624242648f,0.006841367901584649f,-0.43499764537627633f,2.168404344971009e-19f,0.839566566060933f,0.5432568279853026f,3.935846055526811f,-0.008148690262504003f,0.5432387912460074f,-0.8395386915041988f,2.8016708611467216f,0f,0f,0f,1f], start_interpolation: 0, interpolation_duration: 1 }
$data merge entity $(bone_right_happy_pupil1) { transformation: [-0.9999667988723454f,-0.004426831624242648f,0.006841367901584649f,-0.4629482388329902f,2.168404344971009e-19f,0.839566566060933f,0.5432568279853026f,3.9122745420368155f,-0.008148690262504003f,0.5432387912460074f,-0.8395386915041988f,2.7861902096010414f,0f,0f,0f,1f], start_interpolation: 0, interpolation_duration: 1 }
$data merge entity $(bone_eyelid_right1) { transformation: [-0.9999667988723454f,-0.004426831624242648f,0.006841367901584649f,0.0014515709814560684f,2.168404344971009e-19f,0.839566566060933f,0.5432568279853026f,4.193753866604004f,-0.008148690262504003f,0.5432387912460074f,-0.8395386915041988f,2.303269354799926f,0f,0f,0f,1f], start_interpolation: 0, interpolation_duration: 1 }
$data merge entity $(bone_eyelid_expressions_right5) { transformation: [-0.9999667988723454f,-0.004426831624242648f,0.006841367901584649f,-0.564640542641778f,2.168404344971009e-19f,0.839566566060933f,0.5432568279853026f,4.030133316363733f,-0.008148690262504003f,0.5432387912460074f,-0.8395386915041988f,2.861626720233433f,0f,0f,0f,1f], start_interpolation: 0, interpolation_duration: 1 }
$data merge entity $(bone_eyelid_expressions_right7) { transformation: [-0.9999667988723454f,-0.004426831624242648f,0.006841367901584649f,-0.22773766606857565f,2.168404344971009e-19f,0.839566566060933f,0.5432568279853026f,4.030133316363733f,-0.008148690262504003f,0.5432387912460074f,-0.8395386915041988f,2.8643721285738275f,0f,0f,0f,1f], start_interpolation: 0, interpolation_duration: 1 }
$data merge entity $(bone_eyelid_expressions_right6) { transformation: [-0.9999667988723454f,-0.004426831624242648f,0.006841367901584649f,-0.34003862492630976f,2.168404344971009e-19f,0.839566566060933f,0.5432568279853026f,4.030133316363733f,-0.008148690262504003f,0.5432387912460074f,-0.8395386915041988f,2.8634569924603626f,0f,0f,0f,1f], start_interpolation: 0, interpolation_duration: 1 }
$data merge entity $(bone_right_eye1) { transformation: [-0.9999667988723454f,-0.004426831624242648f,0.006841367901584649f,-0.009855356672743341f,2.168404344971009e-19f,0.839566566060933f,0.5432568279853026f,4.187652837774091f,-0.008148690262504003f,0.5432387912460074f,-0.8395386915041988f,2.3126062542279335f,0f,0f,0f,1f], start_interpolation: 0, interpolation_duration: 1 }
$data merge entity $(bone_tear_left1) { transformation: [-0.9999667988723454f,-0.004426831624242648f,0.006841367901584649f,0.5934378003193648f,2.168404344971009e-19f,0.839566566060933f,0.5432568279853026f,3.8720639388394553f,-0.008148690262504003f,0.5432387912460074f,-0.8395386915041988f,2.7018940316278304f,0f,0f,0f,1f], start_interpolation: 0, interpolation_duration: 1 }
$data merge entity $(bone_left_sad_pupil1) { transformation: [-0.9999667988723454f,-0.004426831624242648f,0.006841367901584649f,0.40725954605672937f,2.168404344971009e-19f,0.839566566060933f,0.5432568279853026f,3.935846055526811f,-0.008148690262504003f,0.5432387912460074f,-0.8395386915041988f,2.8085343819977076f,0f,0f,0f,1f], start_interpolation: 0, interpolation_duration: 1 }
$data merge entity $(bone_left_pupil1) { transformation: [-0.9999667988723454f,-0.004426831624242648f,0.006841367901584649f,0.4071827142883033f,2.168404344971009e-19f,0.839566566060933f,0.5432568279853026f,3.929745026696898f,-0.008148690262504003f,0.5432387912460074f,-0.8395386915041988f,2.8179627950370616f,0f,0f,0f,1f], start_interpolation: 0, interpolation_duration: 1 }
$data merge entity $(bone_eyelid_left1) { transformation: [-0.9999667988723454f,-0.004426831624242648f,0.006841367901584649f,-0.021008620790090752f,2.168404344971009e-19f,0.839566566060933f,0.5432568279853026f,4.193753866604004f,-0.008148690262504003f,0.5432387912460074f,-0.8395386915041988f,2.3030863275772333f,0f,0f,0f,1f], start_interpolation: 0, interpolation_duration: 1 }
$data merge entity $(bone_left_happy_pupil1) { transformation: [-0.9999667988723454f,-0.004426831624242648f,0.006841367901584649f,0.4354594320288825f,2.168404344971009e-19f,0.839566566060933f,0.5432568279853026f,3.9122745420368155f,-0.008148690262504003f,0.5432387912460074f,-0.8395386915041988f,2.79351129850876f,0f,0f,0f,1f], start_interpolation: 0, interpolation_duration: 1 }
$data merge entity $(bone_eyelid_expressions_left5) { transformation: [-0.9999667988723454f,-0.004426831624242648f,0.006841367901584649f,0.5359088541640161f,2.168404344971009e-19f,0.839566566060933f,0.5432568279853026f,4.030133316363733f,-0.008148690262504003f,0.5432387912460074f,-0.8395386915041988f,2.8705950541453884f,0f,0f,0f,1f], start_interpolation: 0, interpolation_duration: 1 }
$data merge entity $(bone_eyelid_expressions_left7) { transformation: [-0.9999667988723454f,-0.004426831624242648f,0.006841367901584649f,0.19900597759081395f,2.168404344971009e-19f,0.839566566060933f,0.5432568279853026f,4.030133316363733f,-0.008148690262504003f,0.5432387912460074f,-0.8395386915041988f,2.867849645804994f,0f,0f,0f,1f], start_interpolation: 0, interpolation_duration: 1 }
$data merge entity $(bone_eyelid_expressions_left6) { transformation: [-0.9999667988723454f,-0.004426831624242648f,0.006841367901584649f,0.31130693644854807f,2.168404344971009e-19f,0.839566566060933f,0.5432568279853026f,4.030133316363733f,-0.008148690262504003f,0.5432387912460074f,-0.8395386915041988f,2.868764781918459f,0f,0f,0f,1f], start_interpolation: 0, interpolation_duration: 1 }
$data merge entity $(bone_left_eye1) { transformation: [-0.9999667988723454f,-0.004426831624242648f,0.006841367901584649f,-0.009855356672743341f,2.168404344971009e-19f,0.839566566060933f,0.5432568279853026f,4.187652837774091f,-0.008148690262504003f,0.5432387912460074f,-0.8395386915041988f,2.3126062542279335f,0f,0f,0f,1f], start_interpolation: 0, interpolation_duration: 1 }
$data merge entity $(bone_crest_middle5) { transformation: [-0.9999667988723454f,-0.0028411550115128364f,0.007637341893275634f,-0.01925126335729542f,2.168404344971009e-19f,0.93724778427506f,0.34866400856912433f,5.092044123161865f,-0.008148690262504003f,0.3486524325308672f,-0.9372166665917303f,3.4656252581638674f,0f,0f,0f,1f], start_interpolation: 0, interpolation_duration: 1 }
$data merge entity $(bone_crest_middle4) { transformation: [-0.9999667988723454f,-0.0028411550115128364f,0.007637341893275634f,-0.017336813203053372f,2.168404344971009e-19f,0.93724778427506f,0.34866400856912433f,4.460500206023397f,-0.008148690262504003f,0.3486524325308672f,-0.9372166665917303f,3.230693443274904f,0f,0f,0f,1f], start_interpolation: 0, interpolation_duration: 1 }
$data merge entity $(bone_crest_middle1) { transformation: [-0.9999667988723454f,-0.0028411550115128364f,0.007637341893275634f,-0.016544260303032812f,2.168404344971009e-19f,0.93724778427506f,0.34866400856912433f,3.9574746909747787f,-0.008148690262504003f,0.3486524325308672f,-0.9372166665917303f,3.133435287566453f,0f,0f,0f,1f], start_interpolation: 0, interpolation_duration: 1 }
$data merge entity $(bone_crest_left5) { transformation: [-0.533548217469998f,-0.8376135615882492f,0.11717431919168876f,-1.1215562456674046f,-0.70808326000629f,0.5181488196221264f,0.4797289835136726f,4.499941145321776f,-0.46254123765719757f,0.17298937010014548f,-0.869557520408456f,3.1912207860349766f,0f,0f,0f,1f], start_interpolation: 0, interpolation_duration: 1 }
$data merge entity $(bone_crest_left4) { transformation: [-0.533548217469998f,-0.8376135615882492f,0.11717431919168876f,-0.6512165992677531f,-0.70808326000629f,0.5181488196221264f,0.4797289835136726f,4.208988438990992f,-0.46254123765719757f,0.17298937010014548f,-0.869557520408456f,3.0940832002853833f,0f,0f,0f,1f], start_interpolation: 0, interpolation_duration: 1 }
$data merge entity $(bone_crest_left1) { transformation: [-0.533548217469998f,-0.8376135615882492f,0.11717431919168876f,-0.1272633755782131f,-0.70808326000629f,0.5181488196221264f,0.4797289835136726f,3.915878368816228f,-0.46254123765719757f,0.17298937010014548f,-0.869557520408456f,2.9384041631644573f,0f,0f,0f,1f], start_interpolation: 0, interpolation_duration: 1 }
$data merge entity $(bone_crest_center1) { transformation: [-0.9999667988723454f,-0.004426831624242648f,0.006841367901584649f,-0.014838129825827696f,2.168404344971009e-19f,0.839566566060933f,0.5432568279853026f,3.8923068553262326f,-0.008148690262504003f,0.5432387912460074f,-0.8395386915041988f,2.9240674288321724f,0f,0f,0f,1f], start_interpolation: 0, interpolation_duration: 1 }
$data merge entity $(bone_crest_right5) { transformation: [-0.5410153213178784f,0.834683144587502f,-0.10298771888352433f,1.0873792559314062f,0.70808326000629f,0.5181488196221264f,0.4797289835136726f,4.499941145321776f,0.4537846614840316f,0.18661685043349152f,-0.8713516122301641f,3.2092213148852102f,0f,0f,0f,1f], start_interpolation: 0, interpolation_duration: 1 }
$data merge entity $(bone_crest_right4) { transformation: [-0.5410153213178784f,0.834683144587502f,-0.10298771888352433f,0.6186851073593225f,0.70808326000629f,0.5181488196221264f,0.4797289835136726f,4.208988438990992f,0.4537846614840316f,0.18661685043349152f,-0.8713516122301641f,3.104431579534373f,0f,0f,0f,1f], start_interpolation: 0, interpolation_duration: 1 }
$data merge entity $(bone_crest_right1) { transformation: [-0.5410153213178784f,0.834683144587502f,-0.10298771888352433f,0.09733854213725508f,0.70808326000629f,0.5181488196221264f,0.4797289835136726f,3.915878368816228f,0.4537846614840316f,0.18661685043349152f,-0.8713516122301641f,2.9402344353913867f,0f,0f,0f,1f], start_interpolation: 0, interpolation_duration: 1 }
$data merge entity $(bone_head1) { transformation: [-1.0481422826721845f,-0.004640103460306419f,0.007170965053093281f,-0.005381032438225527f,2.272871741799038e-19f,0.8800144344779307f,0.5694293574585526f,4.476065793000849f,-0.008541270392338176f,0.5694104517617653f,-0.8799852170063538f,1.7635394057190945f,0f,0f,0f,1f], start_interpolation: 0, interpolation_duration: 1 }
$data merge entity $(bone_neck10) { transformation: [-1.4973461181031213f,-0.005921608534078152f,0.010668591186750764f,0.003996821342557838f,3.2469596311414845e-19f,1.3092399935535681f,0.7266945169490963f,4.60106363826101f,-0.0122018148461974f,0.726670389871673f,-1.3091965253094116f,0.612735764474637f,0f,0f,0f,1f], start_interpolation: 0, interpolation_duration: 1 }
$data merge entity $(bone_neck9) { transformation: [-1.1454697803488885f,-0.005070970210192021f,0.007836840379451952f,0.010075663748711789f,2.483924117823237e-19f,0.9617300605365967f,0.6223049406511332f,3.3448241032314683f,-0.009334388357341017f,0.6222842794253585f,-0.9616981300140877f,-0.13322958528248227f,0f,0f,0f,1f], start_interpolation: 0, interpolation_duration: 1 }
$data merge entity $(bone_neck8) { transformation: [-1.0631157438532162f,0.0014439276565327154f,0.008542109883621214f,0.00872943759797248f,2.3053413381104542e-19f,1.0482801049547212f,-0.17719751395839803f,2.56825903027923f,-0.008663288540800155f,-0.17719163080111702f,-1.048245300873139f,0.03197260195826335f,0f,0f,0f,1f], start_interpolation: 0, interpolation_duration: 1 }
$data merge entity $(bone_neck7) { transformation: [-1.0556290132627006f,0.0037228287078723134f,0.007754982813185291f,0.005197254202744421f,2.2891065399547467e-19f,0.9516845730251465f,-0.4568622180920064f,1.7168050632207792f,-0.008602279466569168f,-0.45684704975118307f,-0.9516529760241507f,0.465424605774014f,0f,0f,0f,1f], start_interpolation: 0, interpolation_duration: 1 }
$data merge entity $(bone_neck6) { transformation: [-1.049639628790288f,0.0023735120807191843f,0.008217562120346621f,0.0031697786336247757f,2.2761187014301805e-19f,1.0084518929575137f,-0.29127528526158875f,0.8232131020581961f,-0.008553472207184377f,-0.29126561459366024f,-1.008418411217482f,0.7142263382405832f,0f,0f,0f,1f], start_interpolation: 0, interpolation_duration: 1 }
$data merge entity $(bone_neck_spine6) { transformation: [-1.2651616655012254f,0.11318830592004099f,0.08086863462323243f,-0.017400479509543487f,0.0671717012117347f,-0.1508586113762485f,1.262028133777794f,0.1073601140700956f,0.12181662948545284f,1.2587356574330013f,0.14398132519261894f,-1.8667180136483406f,0f,0f,0f,1f], start_interpolation: 0, interpolation_duration: 1 }
$data merge entity $(bone_neck_spine7) { transformation: [-0.9932293949449292f,0.11087721686212394f,0.03466427264834616f,-0.37496506783843697f,0.04853938767924179f,0.1249989294757747f,0.9909688166000153f,0.613685240953969f,0.10554286740966258f,0.9859419406896225f,-0.1295345233060534f,-5.448909316444014f,0f,0f,0f,1f], start_interpolation: 0, interpolation_duration: 1 }
$data merge entity $(bone_tail6) { transformation: [-1.5900207285375658f,-0.5638042882125248f,-0.34534149032684086f,0.27509066990161535f,-0.4386067190378061f,0.22644256721489678f,1.6497423578532335f,0.6698228557235857f,-0.4947324189527975f,1.6112574052191109f,-0.35269157246922994f,-9.148785405291662f,0f,0f,0f,1f], start_interpolation: 0, interpolation_duration: 1 }
$data merge entity $(bone_tail5) { transformation: [-1.313495384444076f,-0.46575136852339005f,-0.2852821007047816f,-0.019068089165788893f,-0.3623272896399268f,0.18706125117752342f,1.3628306434439756f,0.7879668038357057f,-0.40869199826535446f,1.3310387260505698f,-0.29135390769197256f,-8.308129367786039f,0f,0f,0f,1f], start_interpolation: 0, interpolation_duration: 1 }
$data merge entity $(bone_tail4) { transformation: [-0.9678387043272139f,-0.34318521891197157f,-0.21020786367720745f,-0.166147468699491f,-0.2669780028925776f,0.1378346061308067f,1.0041910004324028f,0.8470387778917657f,-0.3011414724060506f,0.9807653770898934f,-0.2146818267204008f,-7.887801349033228f,0f,0f,0f,1f], start_interpolation: 0, interpolation_duration: 1 }
$data merge entity $(bone_segment18) { transformation: [-0.9233541924513047f,-0.26913950722365354f,-0.2738265161265574f,-0.31727560996277304f,-0.2547069642503101f,-0.10428172997276997f,0.961379052796699f,0.7884821424090092f,-0.28730018733894025f,0.9574388995885299f,0.02773726572167101f,-7.350176966940059f,0f,0f,0f,1f], start_interpolation: 0, interpolation_duration: 1 }
$data merge entity $(bone_segment17) { transformation: [-0.9860301267598153f,-0.161922914979896f,0.039058401483365854f,-0.43547617534116406f,0.1047017904754213f,-0.42015132382866993f,0.9013935878162533f,0.4817798820946232f,-0.12954583819352664f,0.8928907182233607f,0.43123548221048214f,-6.698384181908845f,0f,0f,0f,1f], start_interpolation: 0, interpolation_duration: 1 }
$data merge entity $(bone_segment16) { transformation: [-0.9979462215754682f,0.005267348088923122f,0.06384037818932753f,-0.4304480183519821f,0.05963288351934679f,-0.2875684634540866f,0.9559018244724842f,0.20726994749855884f,0.023393547110566f,0.9577455997658069f,0.2866637543932263f,-5.784129959476153f,0f,0f,0f,1f], start_interpolation: 0, interpolation_duration: 1 }
$data merge entity $(bone_segment15) { transformation: [-0.9932293949449292f,0.0981273933681609f,0.062180251592443336f,-0.31473627275427285f,0.04853938767924179f,-0.1357419085996543f,0.9895544765668274f,0.04720319492621258f,0.10554286740966258f,0.9858727853635542f,0.13005981015845403f,-4.6215895411885635f,0f,0f,0f,1f], start_interpolation: 0, interpolation_duration: 1 }
$data merge entity $(bone_segment14) { transformation: [-1.0396253134418258f,0.11239417153581485f,0.07226310179430996f,-0.18829282977648118f,0.04789912597753738f,-0.21571522780215602f,1.0246208138867883f,-0.19547643635121292f,0.12474004732540783f,1.01956347949709f,0.20881913201192384f,-3.474580626754337f,0f,0f,0f,1f], start_interpolation: 0, interpolation_duration: 1 }
$data merge entity $(bone_segment13) { transformation: [-1.019571459845105f,0.07851391844533086f,0.08002008937053488f,-0.09592257394214268f,0.05413248862357443f,-0.2963355255829693f,0.9804838304511053f,-0.5792146043961598f,0.09816987199710023f,0.9788331996366963f,0.29041669260606845f,-2.30364318673402f,0f,0f,0f,1f], start_interpolation: 0, interpolation_duration: 1 }
$data merge entity $(bone_segment12) { transformation: [-1.1129552284836737f,0.05789571659102412f,0.04952400007008446f,-0.025981439805334995f,0.054352698701052506f,0.09521589686865554f,1.1101592670959817f,-0.4641886887159048f,0.05338843251531664f,1.1099801350364724f,-0.09781439714913184f,-0.9627275873611001f,0f,0f,0f,1f], start_interpolation: 0, interpolation_duration: 1 }
$data merge entity $(bone_segment11) { transformation: [-1.1901469444855892f,0.019871832125225312f,0.01667937951331648f,0.0029748552208724768f,0.024901527273426465f,0.6601965537181843f,0.9902743383928672f,0.2986491546949601f,0.007280477485246179f,0.9903880358869278f,-0.6604554291554935f,0.18178827298291766f,0f,0f,0f,1f], start_interpolation: 0, interpolation_duration: 1 }
$data merge entity $(bone_segment10) { transformation: [-1.048142282672185f,-0.0048116238519487035f,0.007057023155863321f,0.002582732466624476f,2.272871741799039e-19f,0.8660315864913948f,0.5904781869166476f,1.1851881798109192f,-0.00854127039233818f,0.5904585823749865f,-0.8660028332661387f,0.7862657283137042f,0f,0f,0f,1f], start_interpolation: 0, interpolation_duration: 1 }