# This file was generated by Animated Java via MC-Build. It is not recommended to edit this file directly.
$data merge entity $(bone_neck_spine5) { transformation: [-1.367142107833285f,-0.003425234923640993f,0.010601174988225099f,0.10980029360294814f,2.9646153153900517e-19f,1.3009667378089143f,0.4203417743587734f,3.7357924421038375f,-0.011140787468267193f,0.4203278185378644f,-1.300923544246178f,-0.3866529965971349f,0f,0f,0f,1f], start_interpolation: 0, interpolation_duration: 1 }
$data merge entity $(bone_neck_spine2) { transformation: [-1.3020401026983663f,-0.003894276320191398f,0.009869778194759087f,-0.0023953130201496446f,2.8234431575143343e-19f,1.2112103757550616f,0.47790211613648065f,4.595023981696071f,-0.010610273779302086f,0.4778862492473163f,-1.2111701622047597f,1.3971467471881158f,0f,0f,0f,1f], start_interpolation: 0, interpolation_duration: 1 }
$data merge entity $(bone_scale_neck_left1) { transformation: [-1.38490756746028f,0.35435500387081315f,0.08901111855124162f,0.6837434402927799f,0.3241233647267142f,1.0305244702724485f,0.9404375465764325f,3.8763972537680615f,0.16862530187448324f,0.929468270466605f,-1.0766214098587925f,1.0876218233855681f,0f,0f,0f,1f], start_interpolation: 0, interpolation_duration: 1 }
$data merge entity $(bone_scale_neck_right1) { transformation: [-1.3819755890726502f,-0.3694553398715777f,-0.0714537714221981f,-0.6833986675405049f,-0.3241233647267142f,1.0305244702724485f,0.9404375465764325f,3.8763972537680615f,-0.19117252430281956f,0.9235699683363696f,-1.0779290319597212f,1.076481035917301f,0f,0f,0f,1f], start_interpolation: 0, interpolation_duration: 1 }
$data merge entity $(bone_blush_right1) { transformation: [-0.9999667988723454f,-0.004426831624242648f,0.006841367901584649f,-0.5838617506780188f,2.168404344971009e-19f,0.839566566060933f,0.5432568279853026f,3.1050105867475275f,-0.008148690262504003f,0.5432387912460074f,-0.8395386915041988f,2.0445216192849944f,0f,0f,0f,1f], start_interpolation: 0, interpolation_duration: 1 }
$data merge entity $(bone_blush_left1) { transformation: [-0.9999667988723454f,-0.004426831624242648f,0.006841367901584649f,0.5684437402100355f,2.168404344971009e-19f,0.839566566060933f,0.5432568279853026f,3.1050105867475275f,-0.008148690262504003f,0.5432387912460074f,-0.8395386915041988f,2.053911711579677f,0f,0f,0f,1f], start_interpolation: 0, interpolation_duration: 1 }
$data merge entity $(bone_left_head_scales) { transformation: [-0.8901403755595058f,-0.004426831624242648f,-0.4556649152179182f,0.5777373986070281f,-0.25084808695267685f,0.839566566060933f,0.48187469162100116f,3.8236220689100886f,0.3804278500201638f,0.5432387912460074f,-0.7484425606648865f,2.111868898284814f,0f,0f,0f,1f], start_interpolation: 0, interpolation_duration: 1 }
$data merge entity $(bone_left_head_scales2) { transformation: [-0.8230488949381582f,-0.004426831624242648f,-0.5679532724642469f,0.5801937073122589f,-0.3115993154191831f,0.839566566060933f,0.4450099412181138f,3.0881320522630746f,0.47486459456499064f,0.5432387912460074f,-0.6923837321270652f,1.810442893137181f,0f,0f,0f,1f], start_interpolation: 0, interpolation_duration: 1 }
$data merge entity $(bone_left_head_scales1) { transformation: [-0.9999667988723454f,-0.004426831624242648f,0.006841367901584649f,0.578169706382833f,2.168404344971009e-19f,0.839566566060933f,0.5432568279853026f,3.7416331464432004f,-0.008148690262504003f,0.5432387912460074f,-0.8395386915041988f,2.058818235077196f,0f,0f,0f,1f], start_interpolation: 0, interpolation_duration: 1 }
$data merge entity $(bone_right_head_scales) { transformation: [-0.8838223912771309f,-0.004426831624242648f,0.4678016501028449f,-0.5940986938215017f,0.25084808695267685f,0.839566566060933f,0.48187469162100116f,3.8236220689100886f,-0.3948838030982737f,0.5432387912460074f,-0.7409172678081003f,2.102319651883442f,0f,0f,0f,1f], start_interpolation: 0, interpolation_duration: 1 }
$data merge entity $(bone_right_head_scales2) { transformation: [-0.8152008000966435f,-0.004426831624242648f,0.5791615134688792f,-0.5916423851162709f,0.3115993154191831f,0.839566566060933f,0.4450099412181138f,3.0881320522630746f,-0.4882146271386065f,0.5432387912460074f,-0.6830359386836742f,1.800893646735809f,0f,0f,0f,1f], start_interpolation: 0, interpolation_duration: 1 }
$data merge entity $(bone_right_head_scales1) { transformation: [-0.9999667988723454f,-0.004426831624242648f,0.006841367901584649f,-0.5936663860456968f,2.168404344971009e-19f,0.839566566060933f,0.5432568279853026f,3.7416331464432004f,-0.008148690262504003f,0.5432387912460074f,-0.8395386915041988f,2.049268988675824f,0f,0f,0f,1f], start_interpolation: 0, interpolation_duration: 1 }
$data merge entity $(bone_head_left_fin1) { transformation: [-0.6995801413070548f,0.01881351988680716f,-0.7143064309932188f,0.5802919337713937f,-0.1541781541030245f,0.9721317872071542f,0.1766037516555293f,3.4739640982451183f,0.6977225255688576f,0.23367892453298506f,-0.6771834592951324f,1.798389029909937f,0f,0f,0f,1f], start_interpolation: 0, interpolation_duration: 1 }
$data merge entity $(bone_head_right_fin1) { transformation: [-0.6881165634826663f,-0.022619249320112066f,0.7252475195552208f,-0.5915441586571362f,0.1541781541030245f,0.9721317872071542f,0.1766037516555293f,3.4739640982451183f,-0.709030811642336f,0.2333412905201701f,-0.6654525905578786f,1.7888397835085652f,0f,0f,0f,1f], start_interpolation: 0, interpolation_duration: 1 }
$data merge entity $(bone_right_whisker16) { transformation: [0.2596107591338298f,0.9212082790388662f,-0.28978882030231434f,-1.0481837254350501f,0.9642269338717103f,-0.2639081568186757f,0.024877796544903408f,1.1013964055428407f,-0.053560001291232784f,-0.28588072931699976f,-0.956767231288187f,1.5908991885638875f,0f,0f,0f,1f], start_interpolation: 0, interpolation_duration: 1 }
$data merge entity $(bone_right_whisker15) { transformation: [-0.8794412106589993f,0.3776315620051193f,-0.28978882030231434f,-0.7905349332497964f,0.3875072560667993f,0.9215309119799782f,0.024877796544903408f,0.9878688891170206f,0.27644399702329103f,-0.09041671108220657f,-0.956767231288187f,1.5099097363109701f,0f,0f,0f,1f], start_interpolation: 0, interpolation_duration: 1 }
$data merge entity $(bone_right_whisker14) { transformation: [-0.7139183410278955f,-0.6374504231481614f,-0.28978882030231434f,-0.5813791692767801f,-0.6714229985515812f,0.740656635867845f,0.024877796544903408f,1.1845748457239291f,0.1987756508226811f,0.212331593911872f,-0.956767231288187f,1.4516746823590128f,0f,0f,0f,1f], start_interpolation: 0, interpolation_duration: 1 }
$data merge entity $(bone_right_whisker13) { transformation: [-0.09232465485446799f,-0.9938156886110662f,-0.0616971245400914f,-0.5543309305498852f,-0.9712275921777579f,0.07621906732817967f,0.22562716584714967f,1.4691141793697566f,-0.2195293199064719f,0.08075289992399405f,-0.9722581174026098f,1.515989912800362f,0f,0f,0f,1f], start_interpolation: 0, interpolation_duration: 1 }
$data merge entity $(bone_right_whisker12) { transformation: [0.07065663358040361f,-0.9966882266589766f,-0.040251943685602844f,-0.5819311780422304f,-0.8989427999106335f,-0.08111300043971079f,0.4304910262113464f,1.8202637105848478f,-0.4323302934330593f,0.005767148259913875f,-0.9016968766614603f,1.6848689336726508f,0f,0f,0f,1f], start_interpolation: 0, interpolation_duration: 1 }
$data merge entity $(bone_right_whisker11) { transformation: [0.2933289966327635f,-0.9558578597733535f,-0.017142101502446744f,-0.6965128173519036f,-0.9458412488353513f,-0.29277034126930973f,0.14024927548702348f,2.189732948411157f,-0.1390770712087341f,-0.02492547256434409f,-0.989967822245473f,1.7391959146135625f,0f,0f,0f,1f], start_interpolation: 0, interpolation_duration: 1 }
$data merge entity $(bone_right_whisker10) { transformation: [0.06958009303711252f,-0.9930202971420953f,0.0952328730889272f,-0.7236925411945258f,-0.9915533339609424f,-0.07931864031330645f,-0.10261841554900386f,2.57705846948965f,0.10945591150726619f,-0.08728827391278433f,-0.9901515846947071f,1.6964396991810367f,0f,0f,0f,1f], start_interpolation: 0, interpolation_duration: 1 }
$data merge entity $(bone_right_whisker1) { transformation: [-0.3388532904317257f,-0.9385909438144301f,0.06500375183887458f,-0.5913279746196329f,-0.9256038061289552f,0.3449529261237191f,0.15577250347309513f,2.938622456258773f,-0.16862989546098878f,-0.007383694754078768f,-0.9856517840538788f,1.7623107520954855f,0f,0f,0f,1f], start_interpolation: 0, interpolation_duration: 1 }
$data merge entity $(bone_left_whisker16) { transformation: [0.25870342348525105f,-0.9164269881122752f,0.305342617622359f,1.0400966638550382f,-0.9642269338717103f,-0.2639081568186757f,0.024877796544903408f,1.1013964055428407f,0.05778372325639064f,-0.30085554710530527f,-0.9519175285194594f,1.6079165036315237f,0f,0f,0f,1f], start_interpolation: 0, interpolation_duration: 1 }
$data merge entity $(bone_left_whisker15) { transformation: [-0.8748192554063721f,-0.37610790504025043f,0.305342617622359f,0.7838019601227025f,-0.3875072560667993f,0.9215309119799782f,0.024877796544903408f,0.9878688891170206f,-0.29073939682440736f,-0.09655890446553063f,-0.9519175285194594f,1.522738945968123f,0f,0f,0f,1f], start_interpolation: 0, interpolation_duration: 1 }
$data merge entity $(bone_left_whisker14) { transformation: [-0.7105841161611537f,0.6339054343693524f,0.305342617622359f,0.5756230198411145f,0.6714229985515812f,0.740656635867845f,0.024877796544903408f,1.1845748457239291f,-0.2103838655303088f,0.22269182297949028f,-0.9519175285194594f,1.4611030478635405f,0f,0f,0f,1f], start_interpolation: 0, interpolation_duration: 1 }
$data merge entity $(bone_left_whisker13) { transformation: [-0.0958900280048862f,0.9923676905520324f,0.077533665447001f,0.547530238199058f,0.9712275921777579f,0.07621906732817967f,0.22562716584714967f,1.4691141793697566f,0.21799556583063082f,0.09693823045655282f,-0.9711235311504581f,1.524968936290483f,0f,0f,0f,1f], start_interpolation: 0, interpolation_duration: 1 }
$data merge entity $(bone_left_whisker12) { transformation: [0.06360163284217242f,0.9964618778749431f,0.054941407351388374f,0.5723746260280316f,0.8989427999106335f,-0.08111300043971079f,0.4304910262113464f,1.8202637105848478f,0.43342435878552105f,0.022009250364543608f,-0.9009211497738026f,1.6942753264410773f,0f,0f,0f,1f], start_interpolation: 0, interpolation_duration: 1 }
$data merge entity $(bone_left_whisker11) { transformation: [0.29102352516721375f,0.956137126069566f,0.033273171635399654f,0.6860556905464744f,0.9458412488353513f,-0.29277034126930973f,0.14024927548702348f,2.189732948411157f,0.14383893701230965f,-0.009344700342041906f,-0.9895569901600846f,1.7504624112115108f,0f,0f,0f,1f], start_interpolation: 0, interpolation_duration: 1 }
$data merge entity $(bone_left_whisker10) { transformation: [0.07135463805519816f,0.9943109447411338f,-0.07908388455308403f,0.7139285960367862f,0.9915533339609424f,-0.07931864031330645f,-0.10261841554900386f,2.57705846948965f,-0.1083074399058134f,-0.07109358949189569f,-0.9915720851225118f,1.7081548174983023f,0f,0f,0f,1f], start_interpolation: 0, interpolation_duration: 1 }
$data merge entity $(bone_left_whisker1) { transformation: [-0.34155642426339655f,0.9385866276605456f,-0.04893211032856823f,0.5805081178088969f,0.9256038061289552f,0.3449529261237191f,0.15577250347309513f,2.938622456258773f,0.1630852633563012f,0.007913351722783096f,-0.9865802429303543f,1.7718599984968575f,0f,0f,0f,1f], start_interpolation: 0, interpolation_duration: 1 }
$data merge entity $(bone_upper_left_tooth1) { transformation: [-0.9999667988723454f,-0.0038137216925427982f,0.007201158229483368f,0.2559895138610556f,2.168404344971009e-19f,0.8837197141507905f,0.46801652408995637f,2.818493065161884f,-0.008148690262504003f,0.4680009854135956f,-0.8836903736597502f,2.6461973870498943f,0f,0f,0f,1f], start_interpolation: 0, interpolation_duration: 1 }
$data merge entity $(bone_upper_right_tooth1) { transformation: [-0.9999667988723454f,-0.0038137216925427982f,0.007201158229483368f,-0.3299285323532093f,2.168404344971009e-19f,0.8837197141507905f,0.46801652408995637f,2.818493065161884f,-0.008148690262504003f,0.4680009854135956f,-0.8836903736597502f,2.6414227638492083f,0f,0f,0f,1f], start_interpolation: 0, interpolation_duration: 1 }
$data merge entity $(bone_top_lip1) { transformation: [-0.9999667988723454f,-0.0003670553093553402f,0.00814041911661197f,-0.012965621965798988f,2.168404344971009e-19f,0.9989849723543802f,0.04504470013350925f,2.913423893830426f,-0.008148690262504003f,0.045043204598669895f,-0.9989518049267883f,2.694282563984355f,0f,0f,0f,1f], start_interpolation: 0, interpolation_duration: 1 }
$data merge entity $(bone_muzzle1) { transformation: [-0.9999667988723454f,-0.0038137216925427982f,0.007201158229483368f,-0.010008082062615137f,2.168404344971009e-19f,0.8837197141507905f,0.46801652408995637f,3.271398717236282f,-0.008148690262504003f,0.4680009854135956f,-0.8836903736597502f,2.3313479555685f,0f,0f,0f,1f], start_interpolation: 0, interpolation_duration: 1 }
$data merge entity $(bone_jaw_right_tooth1) { transformation: [-0.9999667988723454f,0.0010595053281820285f,0.008079517402282233f,-0.3298963942882578f,2.168404344971009e-19f,0.9915111682990249f,-0.1300215487459765f,2.737533919838728f,-0.008148690262504003f,-0.13001723188393885f,-0.9914782490101552f,2.637478940130763f,0f,0f,0f,1f], start_interpolation: 0, interpolation_duration: 1 }
$data merge entity $(bone_jaw_left_tooth1) { transformation: [-0.9999667988723454f,0.0010595053281820285f,0.008079517402282233f,0.3048481557771958f,2.168404344971009e-19f,0.9915111682990249f,-0.1300215487459765f,2.737533919838728f,-0.008148690262504003f,-0.13001723188393885f,-0.9914782490101552f,2.6426514485981727f,0f,0f,0f,1f], start_interpolation: 0, interpolation_duration: 1 }
$data merge entity $(bone_tongue1) { transformation: [-0.9999667988723454f,-0.0017963231076613567f,0.007948231016214198f,-0.006864321980094082f,2.168404344971009e-19f,0.9753998201143792f,0.2204431693676091f,2.880556560526064f,-0.008148690262504003f,0.22043585040580221f,-0.9753674357404374f,1.945561331599408f,0f,0f,0f,1f], start_interpolation: 0, interpolation_duration: 1 }
$data merge entity $(bone_jaw_lips1) { transformation: [-0.9999667988723454f,-0.0017963231076613567f,0.007948231016214198f,0.03595436133358128f,2.168404344971009e-19f,0.9753998201143792f,0.2204431693676091f,2.598793667284562f,-0.008148690262504003f,0.22043585040580221f,-0.9753674357404374f,2.6832091156309312f,0f,0f,0f,1f], start_interpolation: 0, interpolation_duration: 1 }
$data merge entity $(bone_jaw3) { transformation: [-0.9999667988723454f,-0.0003595844117831549f,0.00814075254783181f,0.0423406611228549f,2.168404344971009e-19f,0.9990258907362428f,0.04412787824784237f,2.5600974183634393f,-0.008148690262504003f,0.044126413152523414f,-0.9989927219501142f,1.8995141227920809f,0f,0f,0f,1f], start_interpolation: 0, interpolation_duration: 1 }
$data merge entity $(bone_jaw1) { transformation: [-0.9999667988723454f,-0.006010645906514382f,0.005502116754552692f,0.046639189837349194f,2.168404344971009e-19f,0.6752148599721044f,0.7376211038689519f,3.136363905761058f,-0.008148690262504003f,0.7375966140165215f,-0.6751924420773443f,1.3720200274191556f,0f,0f,0f,1f], start_interpolation: 0, interpolation_duration: 1 }
$data merge entity $(bone_tear_right1) { transformation: [-0.9999667988723454f,-0.004426831624242648f,0.006841367901584649f,-0.5371496161428725f,2.168404344971009e-19f,0.839566566060933f,0.5432568279853026f,3.34422463323449f,-0.008148690262504003f,0.5432387912460074f,-0.8395386915041988f,2.304384406086367f,0f,0f,0f,1f], start_interpolation: 0, interpolation_duration: 1 }
$data merge entity $(bone_right_pupil1) { transformation: [-0.9999667988723454f,-0.004426831624242648f,0.006841367901584649f,-0.37685563509986275f,2.168404344971009e-19f,0.839566566060933f,0.5432568279853026f,3.394382100936614f,-0.008148690262504003f,0.5432387912460074f,-0.8395386915041988f,2.4079398083330323f,0f,0f,0f,1f], start_interpolation: 0, interpolation_duration: 1 }
$data merge entity $(bone_right_sad_pupil1) { transformation: [-0.9999667988723454f,-0.004426831624242648f,0.006841367901584649f,-0.3767888248664488f,2.168404344971009e-19f,0.839566566060933f,0.5432568279853026f,3.399687343397408f,-0.008148690262504003f,0.5432387912460074f,-0.8395386915041988f,2.3997411882988113f,0f,0f,0f,1f], start_interpolation: 0, interpolation_duration: 1 }
$data merge entity $(bone_right_happy_pupil1) { transformation: [-0.9999667988723454f,-0.004426831624242648f,0.006841367901584649f,-0.4010936887418522f,2.168404344971009e-19f,0.839566566060933f,0.5432568279853026f,3.379190375145238f,-0.008148690262504003f,0.5432387912460074f,-0.8395386915041988f,2.386279752172133f,0f,0f,0f,1f], start_interpolation: 0, interpolation_duration: 1 }
$data merge entity $(bone_eyelid_right1) { transformation: [-0.9999667988723454f,-0.004426831624242648f,0.006841367901584649f,0.002732232835927206f,2.168404344971009e-19f,0.839566566060933f,0.5432568279853026f,3.6239550052036624f,-0.008148690262504003f,0.5432387912460074f,-0.8395386915041988f,1.966348574084207f,0f,0f,0f,1f], start_interpolation: 0, interpolation_duration: 1 }
$data merge entity $(bone_eyelid_expressions_right5) { transformation: [-0.9999667988723454f,-0.004426831624242648f,0.006841367901584649f,-0.48952177901036326f,2.168404344971009e-19f,0.839566566060933f,0.5432568279853026f,3.4816762658642957f,-0.008148690262504003f,0.5432387912460074f,-0.8395386915041988f,2.45187671793943f,0f,0f,0f,1f], start_interpolation: 0, interpolation_duration: 1 }
$data merge entity $(bone_eyelid_expressions_right7) { transformation: [-0.9999667988723454f,-0.004426831624242648f,0.006841367901584649f,-0.19656275590323077f,2.168404344971009e-19f,0.839566566060933f,0.5432568279853026f,3.4816762658642957f,-0.008148690262504003f,0.5432387912460074f,-0.8395386915041988f,2.4542640295397735f,0f,0f,0f,1f], start_interpolation: 0, interpolation_duration: 1 }
$data merge entity $(bone_eyelid_expressions_right6) { transformation: [-0.9999667988723454f,-0.004426831624242648f,0.006841367901584649f,-0.29421576360560825f,2.168404344971009e-19f,0.839566566060933f,0.5432568279853026f,3.4816762658642957f,-0.008148690262504003f,0.5432387912460074f,-0.8395386915041988f,2.4534682590063257f,0f,0f,0f,1f], start_interpolation: 0, interpolation_duration: 1 }
$data merge entity $(bone_right_eye1) { transformation: [-0.9999667988723454f,-0.004426831624242648f,0.006841367901584649f,-0.007099878167724454f,2.168404344971009e-19f,0.839566566060933f,0.5432568279853026f,3.6186497627428684f,-0.008148690262504003f,0.5432387912460074f,-0.8395386915041988f,1.974467617065083f,0f,0f,0f,1f], start_interpolation: 0, interpolation_duration: 1 }
$data merge entity $(bone_tear_left1) { transformation: [-0.9999667988723454f,-0.004426831624242648f,0.006841367901584649f,0.5175028670428042f,2.168404344971009e-19f,0.839566566060933f,0.5432568279853026f,3.34422463323449f,-0.008148690262504003f,0.5432387912460074f,-0.8395386915041988f,2.312978727847602f,0f,0f,0f,1f], start_interpolation: 0, interpolation_duration: 1 }
$data merge entity $(bone_left_sad_pupil1) { transformation: [-0.9999667988723454f,-0.004426831624242648f,0.006841367901584649f,0.3556087329013823f,2.168404344971009e-19f,0.839566566060933f,0.5432568279853026f,3.399687343397408f,-0.008148690262504003f,0.5432387912460074f,-0.8395386915041988f,2.405709467299669f,0f,0f,0f,1f], start_interpolation: 0, interpolation_duration: 1 }
$data merge entity $(bone_left_pupil1) { transformation: [-0.9999667988723454f,-0.004426831624242648f,0.006841367901584649f,0.35554192266796836f,2.168404344971009e-19f,0.839566566060933f,0.5432568279853026f,3.394382100936614f,-0.008148690262504003f,0.5432387912460074f,-0.8395386915041988f,2.4139080873338896f,0f,0f,0f,1f], start_interpolation: 0, interpolation_duration: 1 }
$data merge entity $(bone_eyelid_left1) { transformation: [-0.9999667988723454f,-0.004426831624242648f,0.006841367901584649f,-0.01679836870454829f,2.168404344971009e-19f,0.839566566060933f,0.5432568279853026f,3.6239550052036624f,-0.008148690262504003f,0.5432387912460074f,-0.8395386915041988f,1.9661894199775176f,0f,0f,0f,1f], start_interpolation: 0, interpolation_duration: 1 }
$data merge entity $(bone_left_happy_pupil1) { transformation: [-0.9999667988723454f,-0.004426831624242648f,0.006841367901584649f,0.3801303728771676f,2.168404344971009e-19f,0.839566566060933f,0.5432568279853026f,3.379190375145238f,-0.008148690262504003f,0.5432387912460074f,-0.8395386915041988f,2.3926459164397142f,0f,0f,0f,1f], start_interpolation: 0, interpolation_duration: 1 }
$data merge entity $(bone_eyelid_expressions_left5) { transformation: [-0.9999667988723454f,-0.004426831624242648f,0.006841367901584649f,0.4674776964729361f,2.168404344971009e-19f,0.839566566060933f,0.5432568279853026f,3.4816762658642957f,-0.008148690262504003f,0.5432387912460074f,-0.8395386915041988f,2.4596752691672172f,0f,0f,0f,1f], start_interpolation: 0, interpolation_duration: 1 }
$data merge entity $(bone_eyelid_expressions_left7) { transformation: [-0.9999667988723454f,-0.004426831624242648f,0.006841367901584649f,0.17451867336580365f,2.168404344971009e-19f,0.839566566060933f,0.5432568279853026f,3.4816762658642957f,-0.008148690262504003f,0.5432387912460074f,-0.8395386915041988f,2.457287957566874f,0f,0f,0f,1f], start_interpolation: 0, interpolation_duration: 1 }
$data merge entity $(bone_eyelid_expressions_left6) { transformation: [-0.9999667988723454f,-0.004426831624242648f,0.006841367901584649f,0.2721716810681811f,2.168404344971009e-19f,0.839566566060933f,0.5432568279853026f,3.4816762658642957f,-0.008148690262504003f,0.5432387912460074f,-0.8395386915041988f,2.4580837281003216f,0f,0f,0f,1f], start_interpolation: 0, interpolation_duration: 1 }
$data merge entity $(bone_left_eye1) { transformation: [-0.9999667988723454f,-0.004426831624242648f,0.006841367901584649f,-0.007099878167724454f,2.168404344971009e-19f,0.839566566060933f,0.5432568279853026f,3.6186497627428684f,-0.008148690262504003f,0.5432387912460074f,-0.8395386915041988f,1.974467617065083f,0f,0f,0f,1f], start_interpolation: 0, interpolation_duration: 1 }
$data merge entity $(bone_crest_middle5) { transformation: [-0.9999667988723454f,-0.0028411550115128364f,0.007637341893275634f,-0.015270231806465383f,2.168404344971009e-19f,0.93724778427506f,0.34866400856912433f,4.40507696742789f,-0.008148690262504003f,0.3486524325308672f,-0.9372166665917303f,2.9770928378789385f,0f,0f,0f,1f], start_interpolation: 0, interpolation_duration: 1 }
$data merge entity $(bone_crest_middle4) { transformation: [-0.9999667988723454f,-0.0028411550115128364f,0.007637341893275634f,-0.01360549254190708f,2.168404344971009e-19f,0.93724778427506f,0.34866400856912433f,3.855908343829222f,-0.008148690262504003f,0.3486524325308672f,-0.9372166665917303f,2.7728043031928835f,0f,0f,0f,1f], start_interpolation: 0, interpolation_duration: 1 }
$data merge entity $(bone_crest_middle1) { transformation: [-0.9999667988723454f,-0.0028411550115128364f,0.007637341893275634f,-0.012916316107106595f,2.168404344971009e-19f,0.93724778427506f,0.34866400856912433f,3.418494852482597f,-0.008148690262504003f,0.3486524325308672f,-0.9372166665917303f,2.688231993881187f,0f,0f,0f,1f], start_interpolation: 0, interpolation_duration: 1 }
$data merge entity $(bone_crest_left5) { transformation: [-0.533548217469998f,-0.8376135615882492f,0.11717431919168876f,-0.9737963033804742f,-0.70808326000629f,0.5181488196221264f,0.4797289835136726f,3.8902048127843343f,-0.46254123765719757f,0.17298937010014548f,-0.869557520408456f,2.738480253419034f,0f,0f,0f,1f], start_interpolation: 0, interpolation_duration: 1 }
$data merge entity $(bone_crest_left4) { transformation: [-0.533548217469998f,-0.8376135615882492f,0.11717431919168876f,-0.5648053065112119f,-0.70808326000629f,0.5181488196221264f,0.4797289835136726f,3.637202459453218f,-0.46254123765719757f,0.17298937010014548f,-0.869557520408456f,2.654012787549822f,0f,0f,0f,1f], start_interpolation: 0, interpolation_duration: 1 }
$data merge entity $(bone_crest_left1) { transformation: [-0.533548217469998f,-0.8376135615882492f,0.11717431919168876f,-0.10919380765074163f,-0.70808326000629f,0.5181488196221264f,0.4797289835136726f,3.3823241375621182f,-0.46254123765719757f,0.17298937010014548f,-0.869557520408456f,2.518639711792495f,0f,0f,0f,1f], start_interpolation: 0, interpolation_duration: 1 }
$data merge entity $(bone_crest_center1) { transformation: [-0.9999667988723454f,-0.004426831624242648f,0.006841367901584649f,-0.011432724387797799f,2.168404344971009e-19f,0.839566566060933f,0.5432568279853026f,3.361827169309948f,-0.008148690262504003f,0.5432387912460074f,-0.8395386915041988f,2.5061729862861606f,0f,0f,0f,1f], start_interpolation: 0, interpolation_duration: 1 }
$data merge entity $(bone_crest_right5) { transformation: [-0.5410153213178784f,0.834683144587502f,-0.10298771888352433f,0.9470171762706671f,0.70808326000629f,0.5181488196221264f,0.4797289835136726f,3.8902048127843343f,0.4537846614840316f,0.18661685043349152f,-0.8713516122301641f,2.7541328872018456f,0f,0f,0f,1f], start_interpolation: 0, interpolation_duration: 1 }
$data merge entity $(bone_crest_right4) { transformation: [-0.5410153213178784f,0.834683144587502f,-0.10298771888352433f,0.5394570470775508f,0.70808326000629f,0.5181488196221264f,0.4797289835136726f,3.637202459453218f,0.4537846614840316f,0.18661685043349152f,-0.8713516122301641f,2.663011378201117f,0f,0f,0f,1f], start_interpolation: 0, interpolation_duration: 1 }
$data merge entity $(bone_crest_right1) { transformation: [-0.5410153213178784f,0.834683144587502f,-0.10298771888352433f,0.08611220775401332f,0.70808326000629f,0.5181488196221264f,0.4797289835136726f,3.3823241375621182f,0.4537846614840316f,0.18661685043349152f,-0.8713516122301641f,2.52023125285939f,0f,0f,0f,1f], start_interpolation: 0, interpolation_duration: 1 }
$data merge entity $(bone_head1) { transformation: [-0.9999667988723454f,-0.004426831624242648f,0.006841367901584649f,-0.003209161442056788f,2.168404344971009e-19f,0.839566566060933f,0.5432568279853026f,3.869443636853093f,-0.008148690262504003f,0.5432387912460074f,-0.8395386915041988f,1.497018183579136f,0f,0f,0f,1f], start_interpolation: 0, interpolation_duration: 1 }
$data merge entity $(bone_neck10) { transformation: [-1.3020401026983663f,-0.005149224812241871f,0.009277035814565881f,0.0049454940194939645f,2.8234431575143343e-19f,1.1384695596117982f,0.6319082756079097f,3.978137415340189f,-0.010610273779302086f,0.6318872955405852f,-1.1384317611386188f,0.49631936510569485f,0f,0f,0f,1f], start_interpolation: 0, interpolation_duration: 1 }
$data merge entity $(bone_neck9) { transformation: [-0.9999667988723454f,-0.004426831624242648f,0.006841367901584649f,0.010231443937888702f,2.168404344971009e-19f,0.839566566060933f,0.5432568279853026f,2.885755210966675f,-0.008148690262504003f,0.5432387912460074f,-0.8395386915041988f,-0.15234615642223467f,0f,0f,0f,1f], start_interpolation: 0, interpolation_duration: 1 }
$data merge entity $(bone_neck8) { transformation: [-0.9999667988723454f,0.0013581585305782306f,0.008034709602720258f,0.00901537136975388f,2.168404344971009e-19f,0.9860123951074414f,-0.16667200333135293f,2.247624519193924f,-0.008148690262504003f,-0.1666664696328939f,-0.9859796583840424f,-0.003115770436183385f,0f,0f,0f,1f], start_interpolation: 0, interpolation_duration: 1 }
$data merge entity $(bone_neck7) { transformation: [-0.9999667988723454f,0.0035265278416847816f,0.0073460706759498045f,0.00597394013999465f,2.168404344971009e-19f,0.9015032403124422f,-0.4327723509030662f,1.521623883917234f,-0.008148690262504003f,-0.43275798237299856f,-0.9014733093882796f,0.37011356493410597f,0f,0f,0f,1f], start_interpolation: 0, interpolation_duration: 1 }
$data merge entity $(bone_neck6) { transformation: [-0.9999667988723454f,0.0022611887092877673f,0.007828676683528135f,0.004244570504228372f,2.168404344971009e-19f,0.9607282190552262f,-0.2774910613172489f,0.7546904281965019f,-0.008148690262504003f,-0.2774818483010992f,-0.960696321794984f,0.582333217790667f,0f,0f,0f,1f], start_interpolation: 0, interpolation_duration: 1 }
$data merge entity $(bone_neck_spine6) { transformation: [-1.100140578696718f,0.09842461384351392f,0.07032055184628909f,-0.015160234478886689f,0.058410174966725834f,-0.13118140119673785f,1.0974157685024297f,0.18102681540201282f,0.1059275039003938f,1.0945527455939146f,0.1252011523414078f,-1.6441916041587459f,0f,0f,0f,1f], start_interpolation: 0, interpolation_duration: 1 }
$data merge entity $(bone_neck_spine7) { transformation: [-0.9932293949449292f,0.11087721686212394f,0.03466427264834616f,-0.3260859634605333f,0.04853938767924179f,0.1249989294757747f,0.9909688166000153f,0.6213095344314679f,0.10554286740966258f,0.9859419406896225f,-0.1295345233060534f,-4.759140563111505f,0f,0f,0f,1f], start_interpolation: 0, interpolation_duration: 1 }
$data merge entity $(bone_tail6) { transformation: [-1.3826267204674483f,-0.4902645984456737f,-0.3002969481102964f,0.23917989544386023f,-0.3813971469893966f,0.19690658018686674f,1.43455857204629f,0.6701248516224382f,-0.4302021034372152f,1.401093395842705f,-0.30668832388628686f,-7.976424118631199f,0f,0f,0f,1f], start_interpolation: 0, interpolation_duration: 1 }
$data merge entity $(bone_tail5) { transformation: [-1.1421698995165879f,-0.4050011900203392f,-0.24807139191720137f,-0.01661032983214375f,-0.31506720838254504f,0.16266195754567253f,1.1850701247338917f,0.7728587195460209f,-0.35538434631769955f,1.1574249791744085f,-0.2533512240799761f,-7.245418868626309f,0f,0f,0f,1f], start_interpolation: 0, interpolation_duration: 1 }
$data merge entity $(bone_tail4) { transformation: [-0.9233541924513047f,-0.3274114883532847f,-0.2005461357814849f,-0.1445054424701456f,-0.2547069642503101f,0.1314993509421858f,0.9580356376796093f,0.8242256535078123f,-0.28730018733894025f,0.9356867200062586f,-0.20481446325623331f,-6.879916243623864f,0f,0f,0f,1f], start_interpolation: 0, interpolation_duration: 1 }
$data merge entity $(bone_segment18) { transformation: [-0.9233541924513047f,-0.26913950722365354f,-0.2738265161265574f,-0.2759212174816952f,-0.2547069642503101f,-0.10428172997276997f,0.961379052796699f,0.7733068400445458f,-0.28730018733894025f,0.9574388995885299f,0.02773726572167101f,-6.412416780934152f,0f,0f,0f,1f], start_interpolation: 0, interpolation_duration: 1 }
$data merge entity $(bone_segment17) { transformation: [-0.9860301267598153f,-0.161922914979896f,0.039058401483365854f,-0.3787043178107307f,0.1047017904754213f,-0.42015132382866993f,0.9013935878162533f,0.5066092223798626f,-0.12954583819352664f,0.8928907182233607f,0.43123548221048214f,-5.845640446124402f,0f,0f,0f,1f], start_interpolation: 0, interpolation_duration: 1 }
$data merge entity $(bone_segment16) { transformation: [-0.9979462215754682f,0.005267348088923122f,0.06384037818932753f,-0.3743320073853551f,0.05963288351934679f,-0.2875684634540866f,0.9559018244724842f,0.2679049314267634f,0.023393547110566f,0.9577455997658069f,0.2866637543932263f,-5.0506367744438005f,0f,0f,0f,1f], start_interpolation: 0, interpolation_duration: 1 }
$data merge entity $(bone_segment15) { transformation: [-0.9932293949449292f,0.0981273933681609f,0.062180251592443336f,-0.27371309816995576f,0.04853938767924179f,-0.1357419085996543f,0.9895544765668274f,0.128716450929071f,0.10554286740966258f,0.9858727853635542f,0.13005981015845403f,-4.0397320628893745f,0f,0f,0f,1f], start_interpolation: 0, interpolation_duration: 1 }
$data merge entity $(bone_segment14) { transformation: [-0.9918412928240035f,0.10722822824783337f,0.06894169214662123f,-0.1637622781892673f,0.04569755124316613f,-0.2058003664000695f,0.9775264410746012f,-0.08230931539912517f,0.11900665384585501f,0.97270155559474f,0.19922123401882935f,-3.0423330068596117f,0f,0f,0f,1f], start_interpolation: 0, interpolation_duration: 1 }
$data merge entity $(bone_segment13) { transformation: [-0.9940093699283286f,0.07654546412696173f,0.07801387322954084f,-0.08344031659419034f,0.052775311028759334f,-0.288905977337633f,0.9559017223566474f,-0.41599467891647024f,0.09570861528882638f,0.9542924751773822f,0.28313553782476747f,-2.024126537276728f,0f,0f,0f,1f], start_interpolation: 0, interpolation_duration: 1 }
$data merge entity $(bone_segment12) { transformation: [-0.997665147914166f,0.05189834880876165f,0.044393851244616145f,-0.02262193908392276f,0.04872234911281978f,0.08535256351926174f,0.9951588177761473f,-0.3159721435423354f,0.04785797043684062f,0.9949982418535293f,-0.08768188737733679f,-0.8581129726046228f,0f,0f,0f,1f], start_interpolation: 0, interpolation_duration: 1 }
$data merge entity $(bone_segment11) { transformation: [-1.0349103865092084f,0.017279854021935055f,0.014503808272449117f,0.0033389087668473866f,0.021653501976892583f,0.574083959754943f,0.8611081203416238f,0.34734876103739654f,0.006330849987170591f,0.8612069877277635f,-0.5743090688308641f,0.137113429878157f,0f,0f,0f,1f], start_interpolation: 0, interpolation_duration: 1 }
$data merge entity $(bone_segment10) { transformation: [-0.9999667988723454f,-0.00459046846993367f,0.00673266308534538f,0.0036360284998160014f,2.168404344971009e-19f,0.8262264079818524f,0.563338195716752f,1.109832834426459f,-0.008148690262504003f,0.5633194922534033f,-0.8261989763334094f,0.6570104702727864f,0f,0f,0f,1f], start_interpolation: 0, interpolation_duration: 1 }