# This file was generated by Animated Java via MC-Build. It is not recommended to edit this file directly.
$data merge entity $(bone_neck_spine5) { transformation: [-1.3669601102027134f,-0.006299375259964121f,0.02412540449755866f,0.09696259968106549f,-1.1858461261560207e-18f,1.3228366437180847f,0.34540537661264603f,3.8615571221532785f,-0.024934258979096843f,0.3453479289995207f,-1.3226166303283642f,-0.32574890425036557f,0f,0f,0f,1f], start_interpolation: 0, interpolation_duration: 1 }
$data merge entity $(bone_neck_spine2) { transformation: [-1.3018667716216314f,-0.003974735052489614f,0.023411906654048034f,-0.03027450145192357f,-1.1293772630057337e-18f,1.2837143528273685f,0.21794143086952392f,4.943299294385354f,-0.023746913313425558f,0.21790518298268635f,-1.2835008462333832f,1.295058737301344f,0f,0f,0f,1f], start_interpolation: 0, interpolation_duration: 1 }
$data merge entity $(bone_scale_neck_left1) { transformation: [-1.3852493488076678f,0.34919641131998974f,0.10298313625031152f,0.6561270363831712f,0.35424910215179267f,1.19939992215542f,0.6981452705282764f,4.175148758954927f,0.0839716241081388f,0.700686171875535f,-1.2463735689149653f,1.1473626807497914f,0f,0f,0f,1f], start_interpolation: 0, interpolation_duration: 1 }
$data merge entity $(bone_scale_neck_right1) { transformation: [-1.3812654728055256f,-0.3745175768447405f,-0.05746039220584498f,-0.710833073819542f,-0.35424910215179267f,1.19939992215542f,0.6981452705282764f,4.175148758954927f,-0.1344346892091268f,0.6874851487637352f,-1.2493001652802773f,1.1224284217706946f,0f,0f,0f,1f], start_interpolation: 0, interpolation_duration: 1 }
$data merge entity $(bone_blush_right1) { transformation: [-0.999833680605413f,-0.009017668321174637f,0.015852217039971472f,-0.6217113032597706f,-8.673617379884035e-19f,0.8692038132155885f,0.494453972672362f,3.5222243406982834f,-0.01823762942471083f,0.494371735386976f,-0.8690592477636017f,2.1266667848080107f,0f,0f,0f,1f], start_interpolation: 0, interpolation_duration: 1 }
$data merge entity $(bone_blush_left1) { transformation: [-0.999833680605413f,-0.009017668321174637f,0.015852217039971472f,0.5304407896253732f,-8.673617379884035e-19f,0.8692038132155885f,0.494453972672362f,3.5222243406982834f,-0.01823762942471083f,0.494371735386976f,-0.8690592477636017f,2.147682803090392f,0f,0f,0f,1f], start_interpolation: 0, interpolation_duration: 1 }
$data merge entity $(bone_left_head_scales) { transformation: [-0.894183045308363f,-0.009017668321174637f,-0.4476107272408822f,0.5398989227906863f,-0.2283134361900165f,0.8692038132155885f,0.4385860302683935f,4.242967865137208f,0.3851099276027164f,0.494371735386976f,-0.7792861675355857f,2.164629353460042f,0f,0f,0f,1f], start_interpolation: 0, interpolation_duration: 1 }
$data merge entity $(bone_left_head_scales2) { transformation: [-0.8281082615749611f,-0.009017668321174637f,-0.5604956634705973f,0.5446218740611394f,-0.2836071475850309f,0.8692038132155885f,0.40503298252137865f,3.4914726049093514f,0.48353251488393045f,0.494371735386976f,-0.7223523339067244f,1.905705035935588f,0f,0f,0f,1f], start_interpolation: 0, interpolation_duration: 1 }
$data merge entity $(bone_left_head_scales1) { transformation: [-0.999833680605413f,-0.009017668321174637f,0.015852217039971472f,0.540779554462676f,-8.673617379884035e-19f,0.8692038132155885f,0.494453972672362f,4.158084680252873f,-0.01823762942471083f,0.494371735386976f,-0.8690592477636017f,2.1163508636761574f,0f,0f,0f,1f], start_interpolation: 0, interpolation_duration: 1 }
$data merge entity $(bone_right_head_scales) { transformation: [-0.8795435668385478f,-0.009017668321174637f,0.4757329037295764f,-0.631781171668782f,0.2283134361900165f,0.8692038132155885f,0.4385860302683935f,4.242967865137208f,-0.4174638773451332f,0.494371735386976f,-0.7624437673444763f,2.143257131477959f,0f,0f,0f,1f], start_interpolation: 0, interpolation_duration: 1 }
$data merge entity $(bone_right_head_scales2) { transformation: [-0.8099233452588608f,-0.009017668321174637f,0.5864664154602082f,-0.6270582203983289f,0.2836071475850309f,0.8692038132155885f,0.40503298252137865f,3.4914726049093514f,-0.5134112977364044f,0.494371735386976f,-0.7014309849208911f,1.8843328139535052f,0f,0f,0f,1f], start_interpolation: 0, interpolation_duration: 1 }
$data merge entity $(bone_right_head_scales1) { transformation: [-0.999833680605413f,-0.009017668321174637f,0.015852217039971472f,-0.6309005399967923f,-8.673617379884035e-19f,0.8692038132155885f,0.494453972672362f,4.158084680252873f,-0.01823762942471083f,0.494371735386976f,-0.8690592477636017f,2.0949786416940746f,0f,0f,0f,1f], start_interpolation: 0, interpolation_duration: 1 }
$data merge entity $(bone_head_left_fin1) { transformation: [-0.7067239064834185f,0.017473641133172044f,-0.7072736329528805f,0.5452429665135304f,-0.11378106690899212f,0.9838749419702923f,0.13799988179707234f,3.8759877446225324f,0.6982801649895751f,0.1780021641118546f,-0.6933397729494745f,1.8716551526854626f,0f,0f,0f,1f], start_interpolation: 0, interpolation_duration: 1 }
$data merge entity $(bone_head_right_fin1) { transformation: [-0.680788064392559f,-0.023953612432190626f,0.7320886803059324f,-0.6264371279459379f,0.11378106690899212f,0.9838749419702923f,0.13799988179707234f,3.8759877446225324f,-0.7235893035373621f,0.17724650353223587f,-0.6670848497694374f,1.8502829307033795f,0f,0f,0f,1f], start_interpolation: 0, interpolation_duration: 1 }
$data merge entity $(bone_right_whisker16) { transformation: [0.2611399494610698f,0.9237624135925633f,-0.28012306229425615f,-1.0835316528056465f,0.9594776881143088f,-0.2802221898777066f,-0.02963258866458296f,1.4962029477745675f,-0.10587016957713649f,-0.2610335754913234f,-0.9595066334632213f,1.7834507112029148f,0f,0f,0f,1f], start_interpolation: 0, interpolation_duration: 1 }
$data merge entity $(bone_right_whisker15) { transformation: [-0.8817738948469254f,0.3794810513548357f,-0.28012306229425615f,-0.8251994570497113f,0.4030618193468271f,0.9146928880634537f,-0.02963258866458296f,1.3781184303878018f,0.24498156696231044f,-0.13903615425049365f,-0.9595066334632213f,1.7116787677569254f,0f,0f,0f,1f], start_interpolation: 0, interpolation_duration: 1 }
$data merge entity $(bone_right_whisker14) { transformation: [-0.7165803825642763f,-0.638782925018291f,-0.28012306229425615f,-0.6152637980953335f,-0.6586520017325511f,0.7518639839111457f,-0.02963258866458296f,1.5710828840203852f,0.22954323326497558f,0.16326948398992713f,-0.9595066334632213f,1.6444297736363271f,0f,0f,0f,1f], start_interpolation: 0, interpolation_duration: 1 }
$data merge entity $(bone_right_whisker13) { transformation: [-0.09112241972665429f,-0.9944978956998773f,-0.05167823595746497f,-0.5885677766910402f,-0.9821304863904756f,0.08116575671653325f,0.16979937467211412f,1.858816424955095f,-0.16467061767530933f,0.06622730090490256f,-0.9841227221689803f,1.6926731186583903f,0f,0f,0f,1f], start_interpolation: 0, interpolation_duration: 1 }
$data merge entity $(bone_right_whisker12) { transformation: [0.0740665434719458f,-0.9967796987761091f,-0.030730754073532f,-0.617500020234769f,-0.9221842948478132f,-0.08018810302346771f,0.3783463948150423f,2.219044665130022f,-0.3795922463304019f,0.00031660907641929345f,-0.9251538392529821f,1.8409513398812036f,0f,0f,0f,1f], start_interpolation: 0, interpolation_duration: 1 }
$data merge entity $(bone_right_whisker11) { transformation: [0.29372858561603155f,-0.9558629660442217f,-0.0070362018979531205f,-0.7322377489910313f,-0.9523733129209901f,-0.29327111153683727f,0.08352920431709096f,2.591065490489784f,-0.08190598774145869f,-0.017833824129757134f,-0.9964804884637758f,1.872945866342711f,0f,0f,0f,1f], start_interpolation: 0, interpolation_duration: 1 }
$data merge entity $(bone_right_whisker10) { transformation: [0.0674433118618737f,-0.9921739551242905f,0.10508207486590884f,-0.7585827926870757f,-0.9837225535358156f,-0.08370923155291352f,-0.15900535279604786f,2.9753321129647117f,0.16655730950659886f,-0.09264775942160254f,-0.9816695244959376f,1.807884417316696f,0f,0f,0f,1f], start_interpolation: 0, interpolation_duration: 1 }
$data merge entity $(bone_right_whisker1) { transformation: [-0.33810300354963607f,-0.9381096015562284f,0.07507818896809866f,-0.6265113069254992f,-0.9335614828383875f,0.34440575346707525f,0.09923524948005158f,3.3400045671984566f,-0.11895090059056562f,-0.03653836951467601f,-0.9922276103807547f,1.8543496128598855f,0f,0f,0f,1f], start_interpolation: 0, interpolation_duration: 1 }
$data merge entity $(bone_left_whisker16) { transformation: [0.25710523378143746f,-0.9136282226145378f,0.3149291501344278f,1.0044707389883203f,-0.9594776881143088f,-0.2802221898777066f,-0.02963258866458296f,1.4962029477745675f,0.11532330542008498f,-0.29454879925462796f,-0.9486524864694357f,1.8215372595940333f,0f,0f,0f,1f], start_interpolation: 0, interpolation_duration: 1 }
$data merge entity $(bone_left_whisker15) { transformation: [-0.8722530393519341f,-0.3741580758675674f,0.3149291501344278f,0.7489278563656833f,-0.4030618193468271f,0.9146928880634537f,-0.02963258866458296f,1.3781184303878018f,-0.27697618151411324f,-0.15278303174508062f,-0.9486524864694357f,1.7403918939160705f,0f,0f,0f,1f], start_interpolation: 0, interpolation_duration: 1 }
$data merge entity $(bone_left_whisker14) { transformation: [-0.7077324410303821f,0.6324036861916474f,0.3149291501344278f,0.5415843677825635f,0.6586520017325511f,0.7518639839111457f,-0.02963258866458296f,1.5710828840203852f,-0.2555236437727052f,0.18645677083033746f,-0.9486524864694357f,1.6655314514045358f,0f,0f,0f,1f], start_interpolation: 0, interpolation_duration: 1 }
$data merge entity $(bone_left_whisker13) { transformation: [-0.0970672074884309f,0.9914210773953976f,0.08753401925278517f,0.5131467093386872f,0.9821304863904756f,0.08116575671653325f,0.16979937467211412f,1.858816424955095f,0.16123791406740035f,0.10245178003715501f,-0.9815833983082701f,1.7127691215414695f,0f,0f,0f,1f], start_interpolation: 0, interpolation_duration: 1 }
$data merge entity $(bone_left_whisker12) { transformation: [0.06017385012948483f,0.9961050722607878f,0.06444992456880784f,0.5366521195455173f,0.9221842948478132f,-0.08018810302346771f,0.3783463948150423f,2.219044665130022f,0.3820408801380246f,0.036668148982849466f,-0.9234176805506462f,1.8620038403453854f,0f,0f,0f,1f], start_interpolation: 0, interpolation_duration: 1 }
$data merge entity $(bone_left_whisker11) { transformation: [0.2905461456062312f,0.955877489889119f,0.043372359823279596f,0.6501467076729514f,0.9523733129209901f,-0.29327111153683727f,0.08352920431709096f,2.591065490489784f,0.0925635463304052f,0.017037589654211795f,-0.9955610028669835f,1.8981614756307f,0f,0f,0f,1f], start_interpolation: 0, interpolation_duration: 1 }
$data merge entity $(bone_left_whisker10) { transformation: [0.0734726576203767f,0.9948927278845455f,-0.06921147726097854f,0.678846964555911f,0.9837225535358156f,-0.08370923155291352f,-0.15900535279604786f,2.9753321129647117f,-0.16398690876766292f,-0.05640234529936467f,-0.9848487544783502f,1.8341040893933316f,0f,0f,0f,1f], start_interpolation: 0, interpolation_duration: 1 }
$data merge entity $(bone_left_whisker1) { transformation: [-0.3422161331761713f,0.9388180749969149f,-0.038842505751254607f,0.5451687875339691f,0.9335614828383875f,0.34440575346707525f,0.09923524948005158f,3.3400045671984566f,0.10654142834851071f,-0.0023019639144639947f,-0.9943055994047283f,1.8757218348419686f,0f,0f,0f,1f], start_interpolation: 0, interpolation_duration: 1 }
$data merge entity $(bone_upper_left_tooth1) { transformation: [-0.999833680605413f,-0.007601741620388269f,0.016577836148603208f,0.2117459384116704f,-8.673617379884035e-19f,0.9089907335292872f,0.41681632208670655f,3.2701220909940396f,-0.01823762942471083f,0.416746997448363f,-0.9088395507408012f,2.7521663037833943f,0f,0f,0f,1f], start_interpolation: 0, interpolation_duration: 1 }
$data merge entity $(bone_upper_right_tooth1) { transformation: [-0.999833680605413f,-0.007601741620388269f,0.016577836148603208f,-0.37409410881806376f,-8.673617379884035e-19f,0.9089907335292872f,0.41681632208670655f,3.2701220909940396f,-0.01823762942471083f,0.416746997448363f,-0.9088395507408012f,2.741480192792353f,0f,0f,0f,1f], start_interpolation: 0, interpolation_duration: 1 }
$data merge entity $(bone_top_lip1) { transformation: [-0.999833680605413f,0.0018636800560998387f,0.018142155982175168f,-0.05758036412539354f,-8.673617379884035e-19f,0.9947650300204969f,-0.1021887227061799f,3.367767579947381f,-0.01823762942471083f,-0.10217172673968583f,-0.9945995813029473f,2.792036252478283f,0f,0f,0f,1f], start_interpolation: 0, interpolation_duration: 1 }
$data merge entity $(bone_muzzle1) { transformation: [-0.999833680605413f,-0.007601741620388269f,0.016577836148603208f,-0.050599253938632446f,-8.673617379884035e-19f,0.9089907335292872f,0.41681632208670655f,3.7044441141981097f,-0.01823762942471083f,0.416746997448363f,-0.9088395507408012f,2.4093138640474763f,0f,0f,0f,1f], start_interpolation: 0, interpolation_duration: 1 }
$data merge entity $(bone_jaw_right_tooth1) { transformation: [-0.999833680605413f,0.0020439280740619107f,0.01812273392899482f,-0.3735938343325679f,-8.673617379884035e-19f,0.9937000860670885f,-0.11207202572569669f,3.093151093196683f,-0.01823762942471083f,-0.11205338597422768f,-0.9935348144703727f,2.714053860756644f,0f,0f,0f,1f], start_interpolation: 0, interpolation_duration: 1 }
$data merge entity $(bone_jaw_left_tooth1) { transformation: [-0.999833680605413f,0.0020439280740619107f,0.01812273392899482f,0.2610662168329775f,-8.673617379884035e-19f,0.9937000860670885f,-0.11207202572569669f,3.093151093196683f,-0.01823762942471083f,-0.11205338597422768f,-0.9935348144703727f,2.725630480996939f,0f,0f,0f,1f], start_interpolation: 0, interpolation_duration: 1 }
$data merge entity $(bone_tongue1) { transformation: [-0.999833680605413f,-0.0065212246968744045f,0.01703187469088338f,-0.04442343885338806f,-8.673617379884035e-19f,0.9338864330583597f,0.3575697556415174f,3.3378914777019477f,-0.01823762942471083f,0.3575102848562366f,-0.9337311096322003f,2.070739821137498f,0f,0f,0f,1f], start_interpolation: 0, interpolation_duration: 1 }
$data merge entity $(bone_jaw_lips1) { transformation: [-0.999833680605413f,-0.0065212246968744045f,0.01703187469088338f,-0.008177224956012474f,-8.673617379884035e-19f,0.9338864330583597f,0.3575697556415174f,2.953660573921414f,-0.01823762942471083f,0.3575102848562366f,-0.9337311096322003f,2.760957790690056f,0f,0f,0f,1f], start_interpolation: 0, interpolation_duration: 1 }
$data merge entity $(bone_jaw3) { transformation: [-0.999833680605413f,-0.001134103507177119f,0.018202333264394625f,0.006126412482920243f,-8.673617379884035e-19f,0.9980646519624758f,0.06218480926257203f,2.929141705886437f,-0.01823762942471083f,0.06217446672274313f,-0.9978986544538027f,1.9767956535190825f,0f,0f,0f,1f], start_interpolation: 0, interpolation_duration: 1 }
$data merge entity $(bone_jaw1) { transformation: [-0.999833680605413f,-0.013672925565163294f,0.012069061004178518f,0.01555536639243471f,-8.673617379884035e-19f,0.6617669831489014f,0.749709583781615f,3.514852318215824f,-0.01823762942471083f,0.7495848925375242f,-0.6616569184649062f,1.4598761859683747f,0f,0f,0f,1f], start_interpolation: 0, interpolation_duration: 1 }
$data merge entity $(bone_tear_right1) { transformation: [-0.999833680605413f,-0.009017668321174637f,0.015852217039971472f,-0.5773667714392021f,-8.673617379884035e-19f,0.8692038132155885f,0.494453972672362f,3.775857619101549f,-0.01823762942471083f,0.494371735386976f,-0.8690592477636017f,2.3729141687488324f,0f,0f,0f,1f], start_interpolation: 0, interpolation_duration: 1 }
$data merge entity $(bone_right_pupil1) { transformation: [-0.999833680605413f,-0.009017668321174637f,0.015852217039971472f,-0.4180705434132261f,-8.673617379884035e-19f,0.8692038132155885f,0.494453972672362f,3.831768891524612f,-0.01823762942471083f,0.494371735386976f,-0.8690592477636017f,2.4750527736546424f,0f,0f,0f,1f], start_interpolation: 0, interpolation_duration: 1 }
$data merge entity $(bone_right_sad_pupil1) { transformation: [-0.999833680605413f,-0.009017668321174637f,0.015852217039971472f,-0.4179157366061951f,-8.673617379884035e-19f,0.8692038132155885f,0.494453972672362f,3.8365975436014907f,-0.01823762942471083f,0.494371735386976f,-0.8690592477636017f,2.4665658669382013f,0f,0f,0f,1f], start_interpolation: 0, interpolation_duration: 1 }
$data merge entity $(bone_right_happy_pupil1) { transformation: [-0.999833680605413f,-0.009017668321174637f,0.015852217039971472f,-0.44210527102609937f,-8.673617379884035e-19f,0.8692038132155885f,0.494453972672362f,3.8153770190065988f,-0.01823762942471083f,0.494371735386976f,-0.8690592477636017f,2.4540511500580298f,0f,0f,0f,1f], start_interpolation: 0, interpolation_duration: 1 }
$data merge entity $(bone_eyelid_right1) { transformation: [-0.999833680605413f,-0.009017668321174637f,0.015852217039971472f,-0.033820737664880376f,-8.673617379884035e-19f,0.8692038132155885f,0.494453972672362f,4.03558855500325f,-0.01823762942471083f,0.494371735386976f,-0.8690592477636017f,2.0249382131426987f,0f,0f,0f,1f], start_interpolation: 0, interpolation_duration: 1 }
$data merge entity $(bone_eyelid_expressions_right5) { transformation: [-0.999833680605413f,-0.009017668321174637f,0.015852217039971472f,-0.5310820648825254f,-8.673617379884035e-19f,0.8692038132155885f,0.494453972672362f,3.9214807284858257f,-0.01823762942471083f,0.494371735386976f,-0.8690592477636017f,2.5127961911480616f,0f,0f,0f,1f], start_interpolation: 0, interpolation_duration: 1 }
$data merge entity $(bone_eyelid_expressions_right7) { transformation: [-0.999833680605413f,-0.009017668321174637f,0.015852217039971472f,-0.23816204126765828f,-8.673617379884035e-19f,0.8692038132155885f,0.494453972672362f,3.9214807284858257f,-0.01823762942471083f,0.494371735386976f,-0.8690592477636017f,2.5181392466435826f,0f,0f,0f,1f], start_interpolation: 0, interpolation_duration: 1 }
$data merge entity $(bone_eyelid_expressions_right6) { transformation: [-0.999833680605413f,-0.009017668321174637f,0.015852217039971472f,-0.33580204913928063f,-8.673617379884035e-19f,0.8692038132155885f,0.494453972672362f,3.9214807284858257f,-0.01823762942471083f,0.494371735386976f,-0.8690592477636017f,2.5163582281450756f,0f,0f,0f,1f], start_interpolation: 0, interpolation_duration: 1 }
$data merge entity $(bone_right_eye1) { transformation: [-0.999833680605413f,-0.009017668321174637f,0.015852217039971472f,-0.04373954525907359f,-8.673617379884035e-19f,0.8692038132155885f,0.494453972672362f,4.030759902926372f,-0.01823762942471083f,0.494371735386976f,-0.8690592477636017f,2.0332470180092894f,0f,0f,0f,1f], start_interpolation: 0, interpolation_duration: 1 }
$data merge entity $(bone_tear_left1) { transformation: [-0.999833680605413f,-0.009017668321174637f,0.015852217039971472f,0.4771453135743193f,-8.673617379884035e-19f,0.8692038132155885f,0.494453972672362f,3.775857619101549f,-0.01823762942471083f,0.494371735386976f,-0.8690592477636017f,2.392149168532707f,0f,0f,0f,1f], start_interpolation: 0, interpolation_duration: 1 }
$data merge entity $(bone_left_sad_pupil1) { transformation: [-0.999833680605413f,-0.009017668321174637f,0.015852217039971472f,0.3143843224309727f,-8.673617379884035e-19f,0.8692038132155885f,0.494453972672362f,3.8365975436014907f,-0.01823762942471083f,0.494371735386976f,-0.8690592477636017f,2.479923505677003f,0f,0f,0f,1f], start_interpolation: 0, interpolation_duration: 1 }
$data merge entity $(bone_left_pupil1) { transformation: [-0.999833680605413f,-0.009017668321174637f,0.015852217039971472f,0.3142295156239417f,-8.673617379884035e-19f,0.8692038132155885f,0.494453972672362f,3.831768891524612f,-0.01823762942471083f,0.494371735386976f,-0.8690592477636017f,2.4884104123934443f,0f,0f,0f,1f], start_interpolation: 0, interpolation_duration: 1 }
$data merge entity $(bone_eyelid_left1) { transformation: [-0.999833680605413f,-0.009017668321174637f,0.015852217039971472f,-0.05334873923920485f,-8.673617379884035e-19f,0.8692038132155885f,0.494453972672362f,4.03558855500325f,-0.01823762942471083f,0.494371735386976f,-0.8690592477636017f,2.024582009442997f,0f,0f,0f,1f], start_interpolation: 0, interpolation_duration: 1 }
$data merge entity $(bone_left_happy_pupil1) { transformation: [-0.999833680605413f,-0.009017668321174637f,0.015852217039971472f,0.3390147919468795f,-8.673617379884035e-19f,0.8692038132155885f,0.494453972672362f,3.8153770190065988f,-0.01823762942471083f,0.494371735386976f,-0.8690592477636017f,2.468299298046085f,0f,0f,0f,1f], start_interpolation: 0, interpolation_duration: 1 }
$data merge entity $(bone_eyelid_expressions_left5) { transformation: [-0.999833680605413f,-0.009017668321174637f,0.015852217039971472f,0.42579001225937385f,-8.673617379884035e-19f,0.8692038132155885f,0.494453972672362f,3.9214807284858257f,-0.01823762942471083f,0.494371735386976f,-0.8690592477636017f,2.53025017243343f,0f,0f,0f,1f], start_interpolation: 0, interpolation_duration: 1 }
$data merge entity $(bone_eyelid_expressions_left7) { transformation: [-0.999833680605413f,-0.009017668321174637f,0.015852217039971472f,0.13286998864450678f,-8.673617379884035e-19f,0.8692038132155885f,0.494453972672362f,3.9214807284858257f,-0.01823762942471083f,0.494371735386976f,-0.8690592477636017f,2.524907116937909f,0f,0f,0f,1f], start_interpolation: 0, interpolation_duration: 1 }
$data merge entity $(bone_eyelid_expressions_left6) { transformation: [-0.999833680605413f,-0.009017668321174637f,0.015852217039971472f,0.23050999651612913f,-8.673617379884035e-19f,0.8692038132155885f,0.494453972672362f,3.9214807284858257f,-0.01823762942471083f,0.494371735386976f,-0.8690592477636017f,2.526688135436416f,0f,0f,0f,1f], start_interpolation: 0, interpolation_duration: 1 }
$data merge entity $(bone_left_eye1) { transformation: [-0.999833680605413f,-0.009017668321174637f,0.015852217039971472f,-0.04373954525907359f,-8.673617379884035e-19f,0.8692038132155885f,0.494453972672362f,4.030759902926372f,-0.01823762942471083f,0.494371735386976f,-0.8690592477636017f,2.0332470180092894f,0f,0f,0f,1f], start_interpolation: 0, interpolation_duration: 1 }
$data merge entity $(bone_crest_middle5) { transformation: [-0.999833680605413f,-0.005372865839300269f,0.017428236850179617f,-0.06117726642613701f,-8.673617379884035e-19f,0.9556196391711667f,0.29460330145870683f,4.873130811830842f,-0.01823762942471083f,0.2945543032159649f,-0.9554607010913242f,2.9892276737085908f,0f,0f,0f,1f], start_interpolation: 0, interpolation_duration: 1 }
$data merge entity $(bone_crest_middle4) { transformation: [-0.999833680605413f,-0.005372865839300269f,0.017428236850179617f,-0.058029102848422005f,-8.673617379884035e-19f,0.9556196391711667f,0.29460330145870683f,4.313197429503987f,-0.01823762942471083f,0.2945543032159649f,-0.9554607010913242f,2.8166372616679864f,0f,0f,0f,1f], start_interpolation: 0, interpolation_duration: 1 }
$data merge entity $(bone_crest_middle1) { transformation: [-0.999833680605413f,-0.005372865839300269f,0.017428236850179617f,-0.05694446780263503f,-8.673617379884035e-19f,0.9556196391711667f,0.29460330145870683f,3.8716699104517556f,-0.01823762942471083f,0.2945543032159649f,-0.9554607010913242f,2.7571747830372146f,0f,0f,0f,1f], start_interpolation: 0, interpolation_duration: 1 }
$data merge entity $(bone_crest_left5) { transformation: [-0.5296048206779952f,-0.8387716516320943f,0.12641538803878774f,-1.0177898076929408f,-0.7330790607339687f,0.5275666173144173f,0.42926513369807484f,4.3459256150488095f,-0.42674796382411867f,0.1346684102296899f,-0.8942877583072336f,2.770713012062925f,0f,0f,0f,1f], start_interpolation: 0, interpolation_duration: 1 }
$data merge entity $(bone_crest_left4) { transformation: [-0.5296048206779952f,-0.8387716516320943f,0.12641538803878774f,-0.6082333371694573f,-0.7330790607339687f,0.5275666173144173f,0.42926513369807484f,4.088324727688254f,-0.42674796382411867f,0.1346684102296899f,-0.8942877583072336f,2.7049569523804595f,0f,0f,0f,1f], start_interpolation: 0, interpolation_duration: 1 }
$data merge entity $(bone_crest_left1) { transformation: [-0.5296048206779952f,-0.8387716516320943f,0.12641538803878774f,-0.15154859322454395f,-0.7330790607339687f,0.5275666173144173f,0.42926513369807484f,3.8259239631979938f,-0.42674796382411867f,0.1346684102296899f,-0.8942877583072336f,2.588958892281152f,0f,0f,0f,1f], start_interpolation: 0, interpolation_duration: 1 }
$data merge entity $(bone_crest_center1) { transformation: [-0.999833680605413f,-0.009017668321174637f,0.015852217039971472f,-0.0536884302529455f,-8.673617379884035e-19f,0.8692038132155885f,0.494453972672362f,3.804703438603102f,-0.01823762942471083f,0.494371735386976f,-0.8690592477636017f,2.5786704428248552f,0f,0f,0f,1f], start_interpolation: 0, interpolation_duration: 1 }
$data merge entity $(bone_crest_right5) { transformation: [-0.5448156693245082f,0.833302433913078f,-0.09371734147439517f,0.9027679681070324f,0.7330790607339687f,0.5275666173144173f,0.42926513369807484f,4.3459256150488095f,0.4071498215299754f,0.16516815047085698f,-0.8983031252857501f,2.805745259608915f,0f,0f,0f,1f], start_interpolation: 0, interpolation_duration: 1 }
$data merge entity $(bone_crest_right4) { transformation: [-0.5448156693245082f,0.833302433913078f,-0.09371734147439517f,0.4958820140479123f,0.7330790607339687f,0.5275666173144173f,0.42926513369807484f,4.088324727688254f,0.4071498215299754f,0.16516815047085698f,-0.8983031252857501f,2.725096748636817f,0f,0f,0f,1f], start_interpolation: 0, interpolation_duration: 1 }
$data merge entity $(bone_crest_right1) { transformation: [-0.5448156693245082f,0.833302433913078f,-0.09371734147439517f,0.043731422518700776f,0.7330790607339687f,0.5275666173144173f,0.42926513369807484f,3.8259239631979938f,0.4071498215299754f,0.16516815047085698f,-0.8983031252857501f,2.592520929278166f,0f,0f,0f,1f], start_interpolation: 0, interpolation_duration: 1 }
$data merge entity $(bone_head1) { transformation: [-0.999833680605413f,-0.009017668321174637f,0.015852217039971472f,-0.0347848550363753f,-8.673617379884035e-19f,0.8692038132155885f,0.494453972672362f,4.253894174712523f,-0.01823762942471083f,0.494371735386976f,-0.8690592477636017f,1.5423279037130688f,0f,0f,0f,1f], start_interpolation: 0, interpolation_duration: 1 }
$data merge entity $(bone_neck10) { transformation: [-1.3018667716216314f,-0.00699659767127737f,0.022692807515634208f,-0.016517250380102717f,-1.1293772630057337e-18f,1.2442849334841126f,0.3836352580888293f,4.15394881605558f,-0.023746913313425558f,0.38357145210496174f,-1.2440779847672816f,0.5408509039348921f,0f,0f,0f,1f], start_interpolation: 0, interpolation_duration: 1 }
$data merge entity $(bone_neck9) { transformation: [-0.999833680605413f,-0.009017668321174635f,0.01585221703997147f,-0.005843072679391333f,-8.673617379884035e-19f,0.8692038132155884f,0.494453972672362f,3.0263241521748347f,-0.01823762942471083f,0.494371735386976f,-0.8690592477636016f,-0.04433492967339797f,0f,0f,0f,1f], start_interpolation: 0, interpolation_duration: 1 }
$data merge entity $(bone_neck8) { transformation: [-0.999833680605413f,0.00406108011713017f,0.017779728775077767f,-0.009224560372283553f,-8.673617379884035e-19f,0.9748925346069025f,-0.22267587648357773f,2.3977510808919966f,-0.01823762942471083f,-0.22263884116661187f,-0.9747303910707592f,0.1410469095543142f,0f,0f,0f,1f], start_interpolation: 0, interpolation_duration: 1 }
$data merge entity $(bone_neck7) { transformation: [-0.999833680605413f,0.009762953776566835f,0.015404410426553094f,-0.01753462892899598f,-8.673617379884035e-19f,0.8446498208632913f,-0.5353192319687478f,1.7204293298239395f,-0.01823762942471083f,-0.535230197998176f,-0.8445093392164472f,0.5966262086864349f,0f,0f,0f,1f], start_interpolation: 0, interpolation_duration: 1 }
$data merge entity $(bone_neck6) { transformation: [-0.999833680605413f,0.007246120990851026f,0.01673633345804948f,-0.023151036384733623f,-8.673617379884035e-19f,0.9176814084934092f,-0.39731704280782204f,0.9866790165207511f,-0.01823762942471083f,-0.3972509612778031f,-0.9175287802771248f,0.9045320887478667f,0f,0f,0f,1f], start_interpolation: 0, interpolation_duration: 1 }
$data merge entity $(bone_neck_spine6) { transformation: [-1.1049676013445524f,-0.044071841482249435f,-0.04523218195700136f,0.0834582018981824f,-0.04725194128303628f,0.05103364364815722f,1.1045834050800956f,0.2678916823642796f,-0.04189906372715616f,1.1047148580161843f,-0.05283207789242547f,-1.3357130984000236f,0f,0f,0f,1f], start_interpolation: 0, interpolation_duration: 1 }
$data merge entity $(bone_neck_spine7) { transformation: [-0.992754972962775f,0.08012128740597352f,-0.08954408390334412f,0.036923816936132337f,-0.044374252454715886f,0.44807716580817203f,0.8928929270637107f,-0.0522381820859803f,0.11166239016233219f,0.8903973454507409f,-0.4412755123927792f,-4.538922031932466f,0f,0f,0f,1f], start_interpolation: 0, interpolation_duration: 1 }
$data merge entity $(bone_tail6) { transformation: [-1.2238385917122225f,0.6622907940814725f,0.5529776552400681f,-1.116724865093732f,0.5791589279059508f,-0.08074991754279164f,1.3784950738858983f,-0.2869635947257423f,0.6395219459461113f,1.3405389351211676f,-0.19016131510255843f,-7.567163854307372f,0f,0f,0f,1f], start_interpolation: 0, interpolation_duration: 1 }
$data merge entity $(bone_tail5) { transformation: [-1.0109970975014013f,0.5471097864151295f,0.45680762824179544f,-0.7711818420947025f,0.47843563609622025f,-0.06670645362230615f,1.1387568001666117f,-0.32909398648719884f,0.5283007379554834f,1.1074017290131386f,-0.15708978204124394f,-6.867752235983284f,0f,0f,0f,1f], start_interpolation: 0, interpolation_duration: 1 }
$data merge entity $(bone_tail4) { transformation: [-0.8173113377695539f,0.44229506943875735f,0.36929290367336726f,-0.598410330595188f,0.3867774405493654f,-0.05392690145466433f,0.9205949710820608f,-0.3501591823679271f,0.4270894386840118f,0.895246871454832f,-0.12699468695544772f,-6.51804642682124f,0f,0f,0f,1f], start_interpolation: 0, interpolation_duration: 1 }
$data merge entity $(bone_segment18) { transformation: [-0.8173113377695539f,0.3808242035741336f,0.43240617840806683f,-0.41246101244375555f,0.3867774405493654f,-0.1936459698276525f,0.9016121393656972f,-0.44471287857283553f,0.4270894386840118f,0.9041427787366524f,0.010974835895867646f,-6.076570460641234f,0f,0f,0f,1f], start_interpolation: 0, interpolation_duration: 1 }
$data merge entity $(bone_segment17) { transformation: [-0.9174804865108989f,0.3924649517568999f,0.06481372165042243f,-0.16333775205119214f,-0.002668414007351747f,-0.16900706479463828f,0.9856112274199121f,-0.5519927536866196f,0.39777183967496954f,0.9041061186011052f,0.15610794300622682f,-5.502674975201079f,0f,0f,0f,1f], start_interpolation: 0, interpolation_duration: 1 }
$data merge entity $(bone_segment16) { transformation: [-0.9694608335328619f,0.2426217931048286f,-0.03578208708789836f,0.038057291053401915f,-0.0161853768341559f,0.08228833098108518f,0.9964771267626183f,-0.48368701019646104f,0.24471151550857723f,0.9666246924711502f,-0.07584838879337041f,-4.700300962895925f,0f,0f,0f,1f], start_interpolation: 0, interpolation_duration: 1 }
$data merge entity $(bone_segment15) { transformation: [-0.992754972962775f,0.10056693503140242f,-0.06575602813483664f,0.14117768341958603f,-0.044374252454715886f,0.20171161186309816f,0.9784392425483944f,-0.2768538144384014f,0.11166239016233219f,0.9742682983747245f,-0.1957876232177472f,-3.70129538350778f,0f,0f,0f,1f], start_interpolation: 0, interpolation_duration: 1 }
$data merge entity $(bone_segment14) { transformation: [-0.9986331384066169f,0.013794226583444681f,-0.05041402770177429f,0.15532215403737598f,-0.0496240331436836f,0.0526157713776242f,0.997381088620038f,-0.2229020957406422f,0.01641067368224932f,0.9985195540976165f,-0.051859327743353445f,-2.6774227938569046f,0f,0f,0f,1f], start_interpolation: 0, interpolation_duration: 1 }
$data merge entity $(bone_segment13) { transformation: [-0.9983707268619013f,-0.03211848753318731f,-0.04716242682283576f,0.12197128420543092f,-0.042693518712202186f,-0.12789510093774956f,0.9908683598824284f,-0.384480223622195f,-0.03785703640288933f,0.991267494632354f,0.1263154736367917f,-1.6156684992518058f,0f,0f,0f,1f], start_interpolation: 0, interpolation_duration: 1 }
$data merge entity $(bone_segment12) { transformation: [-0.9974431224867396f,-0.06199604626833234f,-0.03554866595243414f,0.04931966748472895f,-0.045661712822651634f,0.17021554321063553f,0.9843483513632814f,-0.18500888392223147f,-0.054974770449767646f,0.9834547061744143f,-0.17261116857663722f,-0.4631825154536637f,0f,0f,0f,1f], start_interpolation: 0, interpolation_duration: 1 }
$data merge entity $(bone_segment11) { transformation: [-1.034033897045175f,-0.04810424223940503f,-0.0028885211101568223f,-0.009251522575519906f,-0.031561054365669194f,0.6291007844716527f,0.8214527160698546f,0.541927229884518f,-0.03641787367431622f,0.8206501366415451f,-0.6298853495846031f,0.48510566049561227f,0f,0f,0f,1f], start_interpolation: 0, interpolation_duration: 1 }
$data merge entity $(bone_segment10) { transformation: [-0.999833680605413f,-0.008864527034337164f,0.015938358996163436f,-0.023678981570907205f,-8.673617379884035e-19f,0.8739271220506307f,0.4860569774669449f,1.348431966877845f,-0.01823762942471083f,0.4859761367647178f,-0.873781771020778f,0.9334753996550742f,0f,0f,0f,1f], start_interpolation: 0, interpolation_duration: 1 }