# This file was generated by Animated Java via MC-Build. It is not recommended to edit this file directly.
$data merge entity $(bone_neck_spine5) { transformation: [-1.3670158288759928f,-0.0053663993537457185f,0.020990129030308714f,0.09582734740274472f,0f,1.3245829427007285f,0.33864684859382466f,3.8593429880407246f,-0.021665266181907183f,0.3386043263464081f,-1.3244166212249877f,-0.33224497827874555f,0f,0f,0f,1f], start_interpolation: 0, interpolation_duration: 1 }
$data merge entity $(bone_neck_spine2) { transformation: [-1.3019198370247547f,-0.0033515476046881627f,0.020359568623467498f,-0.027446692749670733f,0f,1.2847914026850253f,0.21149954735433746f,4.9492896145393095f,-0.020633586839911598f,0.21147299037877879f,-1.2846300776405712f,1.2833899087831537f,0f,0f,0f,1f], start_interpolation: 0, interpolation_duration: 1 }
$data merge entity $(bone_scale_neck_left1) { transformation: [-1.3850163998649307f,0.3509664949331221f,0.1000575331612905f,0.6585385951414767f,0.35479250233401055f,1.202866962646954f,0.6918762670180563f,4.180345226700723f,0.08550596935615186f,0.6938249116381076f,-1.250102051673228f,1.1379074199614618f,0f,0f,0f,1f], start_interpolation: 0, interpolation_duration: 1 }
$data merge entity $(bone_scale_neck_right1) { transformation: [-1.3816111876836532f,-0.37277699254395336f,-0.06039253513496458f,-0.7084772337345159f,-0.35479250233401055f,1.202866962646954f,0.6918762670180563f,4.180345226700723f,-0.12935310107497933f,0.6823546016589573f,-1.2526449581744654f,1.1162421537795546f,0f,0f,0f,1f], start_interpolation: 0, interpolation_duration: 1 }
$data merge entity $(bone_blush_right1) { transformation: [-0.9998744348350117f,-0.0077649838680994045f,0.013813746374319433f,-0.6170069368776114f,0f,0.8717170245021807f,0.49000962153111305f,3.532511008369287f,-0.015846594693052107f,0.4899480933921394f,-0.8716075672101758f,2.1235919305117608f,0f,0f,0f,1f], start_interpolation: 0, interpolation_duration: 1 }
$data merge entity $(bone_blush_left1) { transformation: [-0.9998744348350117f,-0.0077649838680994045f,0.013813746374319433f,0.5351921188892965f,0f,0.8717170245021807f,0.49000962153111305f,3.532511008369287f,-0.015846594693052107f,0.4899480933921394f,-0.8716075672101758f,2.1418526548650827f,0f,0f,0f,1f], start_interpolation: 0, interpolation_duration: 1 }
$data merge entity $(bone_left_head_scales) { transformation: [-0.8932779337485298f,-0.0077649838680994045f,-0.4494376910134322f,0.5447490681716182f,-0.22626126321381526f,0.8717170245021807f,0.43464384265965766f,4.253330767609821f,0.3884074842827386f,0.4899480933921394f,-0.7804424975195554f,2.1550968717872117f,0f,0f,0f,1f], start_interpolation: 0, interpolation_duration: 1 }
$data merge entity $(bone_left_head_scales2) { transformation: [-0.8269724267454395f,-0.0077649838680994045f,-0.5621888565493688f,0.5487919638145201f,-0.28105797249554065f,0.8717170245021807f,0.4013923831984864f,3.5005230890635213f,0.4869527918591848f,0.4899480933921394f,-0.7230683538103106f,1.9000018135526557f,0f,0f,0f,1f], start_interpolation: 0, interpolation_duration: 1 }
$data merge entity $(bone_left_head_scales1) { transformation: [-0.9998744348350117f,-0.0077649838680994045f,0.013813746374319433f,0.5455073673774873f,0f,0.8717170245021807f,0.49000962153111305f,4.16820215193578f,-0.015846594693052107f,0.4899480933921394f,-0.8716075672101758f,2.1072503782918854f,0f,0f,0f,1f], start_interpolation: 0, interpolation_duration: 1 }
$data merge entity $(bone_right_head_scales) { transformation: [-0.8805209772846848f,-0.0077649838680994045f,0.47394357637502765f,-0.6269787851506611f,0.22626126321381526f,0.8717170245021807f,0.43464384265965766f,4.253330767609821f,-0.41651968660618205f,0.4899480933921394f,-0.7658082112715265f,2.1365266436312913f,0f,0f,0f,1f], start_interpolation: 0, interpolation_duration: 1 }
$data merge entity $(bone_right_head_scales2) { transformation: [-0.8111259479093609f,-0.0077649838680994045f,0.5848199737129957f,-0.6229358895077591f,0.28105797249554065f,0.8717170245021807f,0.4013923831984864f,3.5005230890635213f,-0.5129143327348502f,0.4899480933921394f,-0.7048898871856302f,1.8814315853967354f,0f,0f,0f,1f], start_interpolation: 0, interpolation_duration: 1 }
$data merge entity $(bone_right_head_scales1) { transformation: [-0.9998744348350117f,-0.0077649838680994045f,0.013813746374319433f,-0.626220485944792f,0f,0.8717170245021807f,0.49000962153111305f,4.16820215193578f,-0.015846594693052107f,0.4899480933921394f,-0.8716075672101758f,2.088680150135965f,0f,0f,0f,1f], start_interpolation: 0, interpolation_duration: 1 }
$data merge entity $(bone_head_left_fin1) { transformation: [-0.7050610912201757f,0.01797890227095355f,-0.7089186248932573f,0.5493627316581684f,-0.11014915043376497f,0.9847691678590537f,0.13452453565393524f,3.884859339018676f,0.700539807795485f,0.17293480016271595f,-0.6923420632798113f,1.8639880083065297f,0f,0f,0f,1f], start_interpolation: 0, interpolation_duration: 1 }
$data merge entity $(bone_head_right_fin1) { transformation: [-0.6825074360436579f,-0.023450039911062266f,0.7305023582256813f,-0.6223651216641108f,0.11014915043376497f,0.9847691678590537f,0.13452453565393524f,3.884859339018676f,-0.7225308051590823f,0.17227821006255145f,-0.6695292778764879f,1.8454177801506093f,0f,0f,0f,1f], start_interpolation: 0, interpolation_duration: 1 }
$data merge entity $(bone_right_whisker16) { transformation: [0.26096363368034925f,0.9231128120188518f,-0.282419401215633f,-1.0798107169304973f,0.958900412775702f,-0.28163709575487345f,-0.03450427036395243f,1.5048069542733764f,-0.11139111398552815f,-0.2618077206298708f,-0.9586702963707878f,1.7918285763089628f,0f,0f,0f,1f], start_interpolation: 0, interpolation_duration: 1 }
$data merge entity $(bone_right_whisker15) { transformation: [-0.8811528645322144f,0.3792214539601845f,-0.282419401215633f,-0.8216604636495751f,0.4043892709562609f,0.9139358691188979f,-0.03450427036395243f,1.3863335350479093f,0.24502846133079487f,-0.14461091243128427f,-0.9586702963707878f,1.7200428942784565f,0f,0f,0f,1f], start_interpolation: 0, interpolation_duration: 1 }
$data merge entity $(bone_right_whisker14) { transformation: [-0.716082648671918f,-0.6383297910077624f,-0.282419401215633f,-0.6118706251714742f,-0.6574049042764422f,0.7527471336112369f,-0.03450427036395243f,1.5789326280976483f,0.2346154984315667f,0.16095599010926223f,-0.9586702963707878f,1.6513078849723335f,0f,0f,0f,1f], start_interpolation: 0, interpolation_duration: 1 }
$data merge entity $(bone_right_whisker13) { transformation: [-0.09159544530744937f,-0.9943300930174104f,-0.05401796477948706f,-0.5850360220540574f,-0.9829498213821157f,0.0815953840083678f,0.1647781598191766f,1.86690620858069f,-0.15943626640070674f,0.06818987775700168f,-0.9848503528596045f,1.6980177286444156f,0f,0f,0f,1f], start_interpolation: 0, interpolation_duration: 1 }
$data merge entity $(bone_right_whisker12) { transformation: [0.07308389133595805f,-0.9967825755510117f,-0.032912640506125454f,-0.6135844171071659f,-0.9241169388669183f,-0.08009262532281958f,0.37362153935250464f,2.22788938782558f,-0.37505550006156485f,0.0031094126117361155f,-0.9269971431599879f,1.8445237833559645f,0f,0f,0f,1f], start_interpolation: 0, interpolation_duration: 1 }
$data merge entity $(bone_right_whisker11) { transformation: [0.2934548045581471f,-0.9559266084650876f,-0.00941259316951186f,-0.7282152001376921f,-0.9528063693394915f,-0.2932693219805946f,0.07844187230771127f,2.6000793758488188f,-0.07774509777366373f,-0.01405076558332228f,-0.996874252731349f,1.8748929621738017f,0f,0f,0f,1f], start_interpolation: 0, interpolation_duration: 1 }
$data merge entity $(bone_right_whisker10) { transformation: [0.06776186382558143f,-0.9923994623335426f,0.10272116126183016f,-0.7546846781945599f,-0.9828657589219316f,-0.08408870738488933f,-0.16402435559743597f,2.984011312927698f,0.1714153719760833f,-0.08984651607287865f,-0.981093458239258f,1.8079338324956442f,0f,0f,0f,1f], start_interpolation: 0, interpolation_duration: 1 }
$data merge entity $(bone_right_whisker1) { transformation: [-0.3384620496919572f,-0.9381664350740581f,0.07271300446792411f,-0.6224729400336391f,-0.9341250600279999f,0.34430209408229095f,0.09416177694922312f,3.3489039145011357f,-0.1133746583060124f,-0.036052851634545f,-0.992897969956134f,1.8522208083964302f,0f,0f,0f,1f], start_interpolation: 0, interpolation_duration: 1 }
$data merge entity $(bone_left_whisker16) { transformation: [0.257302673758708f,-0.9143527180844078f,0.3126570661416045f,1.0082767839476388f,-0.958900412775702f,-0.28163709575487345f,-0.03450427036395243f,1.5048069542733764f,0.11960490146816007f,-0.29092894875968606f,-0.9492391765610895f,1.824921807976101f,0f,0f,0f,1f], start_interpolation: 0, interpolation_duration: 1 }
$data merge entity $(bone_left_whisker15) { transformation: [-0.8729455655742f,-0.37444839235342486f,0.3126570661416045f,0.7525310127833225f,-0.4043892709562609f,0.9139358691188979f,-0.03450427036395243f,1.3863335350479093f,-0.272828438913182f,-0.15655551284391245f,-0.9492391765610895f,1.7449916012632547f,0f,0f,0f,1f], start_interpolation: 0, interpolation_duration: 1 }
$data merge entity $(bone_left_whisker14) { transformation: [-0.7082882313504838f,0.6329086350510064f,0.3126570661416045f,0.5450246950048604f,0.6574049042764422f,0.7527471336112369f,-0.03450427036395243f,1.5789326280976483f,-0.25718976100087165f,0.18110332000805182f,-0.9492391765610895f,1.6696430384700305f,0f,0f,0f,1f], start_interpolation: 0, interpolation_duration: 1 }
$data merge entity $(bone_left_whisker13) { transformation: [-0.0966018527067142f,0.991669828138891f,0.08519996486274298f,0.5167233709696902f,0.9829498213821157f,0.0815953840083678f,0.1647781598191766f,1.86690620858069f,0.15645360557845045f,0.09966516576773117f,-0.98264394570668f,1.7154790557293422f,0f,0f,0f,1f], start_interpolation: 0, interpolation_duration: 1 }
$data merge entity $(bone_left_whisker12) { transformation: [0.061161974039356845f,0.9961834274798639f,0.0622719177967079f,0.540614767078814f,0.9241169388669183f,-0.08009262532281958f,0.37362153935250464f,2.22788938782558f,0.37718310703270586f,0.0346951031612436f,-0.9254886026233843f,1.862816206913993f,0f,0f,0f,1f], start_interpolation: 0, interpolation_duration: 1 }
$data merge entity $(bone_left_whisker11) { transformation: [0.2908437422916612f,0.9558917719380781f,0.0409980232555561f,0.6542256039114941f,0.9528063693394915f,-0.2932693219805946f,0.07844187230771127f,2.6000793758488188f,0.08700540279706007f,0.016248849993883055f,-0.9960753158059872f,1.8968026923815946f,0f,0f,0f,1f], start_interpolation: 0, interpolation_duration: 1 }
$data merge entity $(bone_left_whisker10) { transformation: [0.07315984953376146f,0.994748215518134f,-0.0715794952460945f,0.6828036701356197f,0.9828657589219316f,-0.08408870738488933f,-0.16402435559743597f,2.984011312927698f,-0.16918196226256818f,-0.058353037742920874f,-0.9838558769612344f,1.8307159883727788f,0f,0f,0f,1f], start_interpolation: 0, interpolation_duration: 1 }
$data merge entity $(bone_left_whisker1) { transformation: [-0.34188481752826777f,0.9388377469448984f,-0.041212333773885626f,0.5492549132886402f,0.9341250600279999f,0.34430209408229095f,0.09416177694922312f,3.3489039145011357f,0.10259212333970374f,-0.006304991830002354f,-0.9947035253313794f,1.8707910365523506f,0f,0f,0f,1f], start_interpolation: 0, interpolation_duration: 1 }
$data merge entity $(bone_upper_left_tooth1) { transformation: [-0.9998744348350117f,-0.00653148843478698f,0.01443794383532888f,0.21792345778183048f,0f,0.9111070305634277f,0.41216984224697156f,3.2835275269737894f,-0.015846594693052107f,0.4121180880727264f,-0.9109926272588129f,2.7483755957151255f,0f,0f,0f,1f], start_interpolation: 0, interpolation_duration: 1 }
$data merge entity $(bone_upper_right_tooth1) { transformation: [-0.9998744348350117f,-0.00653148843478698f,0.01443794383532888f,-0.3679404688793092f,0f,0.9111070305634277f,0.41216984224697156f,3.2835275269737894f,-0.015846594693052107f,0.4121180880727264f,-0.9109926272588129f,2.7390904816371653f,0f,0f,0f,1f], start_interpolation: 0, interpolation_duration: 1 }
$data merge entity $(bone_top_lip1) { transformation: [-0.9998744348350117f,0.001698958930466024f,0.015755256326650386f,-0.05129882087796998f,0f,0.9942360886883937f,-0.10721287212645897f,3.3814003525225953f,-0.015846594693052107f,-0.10719940992448174f,-0.9941112472698801f,2.788390421123642f,0f,0f,0f,1f], start_interpolation: 0, interpolation_duration: 1 }
$data merge entity $(bone_muzzle1) { transformation: [-0.9998744348350117f,-0.00653148843478698f,0.01443794383532888f,-0.045205804615815304f,0f,0.9111070305634277f,0.41216984224697156f,3.7161181022374388f,-0.015846594693052107f,0.4121180880727264f,-0.9109926272588129f,2.403938662902453f,0f,0f,0f,1f], start_interpolation: 0, interpolation_duration: 1 }
$data merge entity $(bone_jaw_right_tooth1) { transformation: [-0.9998744348350117f,0.0018007191923177035f,0.015743950385982735f,-0.36749673148825984f,0f,0.9935226268445941f,-0.11363445757259251f,3.1019581599740658f,-0.015846594693052107f,-0.11362018904317914f,-0.9933978750120347f,2.71109193168465f,0f,0f,0f,1f], start_interpolation: 0, interpolation_duration: 1 }
$data merge entity $(bone_jaw_left_tooth1) { transformation: [-0.9998744348350117f,0.0018007191923177035f,0.015743950385982735f,0.2671891890613082f,0f,0.9935226268445941f,-0.11363445757259251f,3.1019581599740658f,-0.015846594693052107f,-0.11362018904317914f,-0.9933978750120347f,2.7211508052691067f,0f,0f,0f,1f], start_interpolation: 0, interpolation_duration: 1 }
$data merge entity $(bone_tongue1) { transformation: [-0.9998744348350117f,-0.00573008640199227f,0.0147743247964694f,-0.039895543338443286f,0f,0.9323343647419188f,0.36159733450522424f,3.3497342224315916f,-0.015846594693052107f,0.36155193047625767f,-0.9322172960235856f,2.0688764873129823f,0f,0f,0f,1f], start_interpolation: 0, interpolation_duration: 1 }
$data merge entity $(bone_jaw_lips1) { transformation: [-0.9998744348350117f,-0.00573008640199227f,0.0147743247964694f,-0.001972476925184957f,0f,0.9323343647419188f,0.36159733450522424f,2.9625310767260222f,-0.015846594693052107f,0.36155193047625767f,-0.9322172960235856f,2.7573411457557255f,0f,0f,0f,1f], start_interpolation: 0, interpolation_duration: 1 }
$data merge entity $(bone_jaw3) { transformation: [-0.9998744348350117f,-0.0009605460722121109f,0.01581745600939118f,0.010455263377845895f,0f,0.9981612021872621f,0.060615298795599515f,2.9367789570588836f,-0.015846594693052107f,0.06060768762560531f,-0.9980358679112245f,1.9731865653891631f,0f,0f,0f,1f], start_interpolation: 0, interpolation_duration: 1 }
$data merge entity $(bone_jaw1) { transformation: [-0.9998744348350117f,-0.011863839046663698f,0.010505421764057122f,0.01866262413101552f,0f,0.6629450659619123f,0.7486680436059469f,3.5216758661260297f,-0.015846594693052107f,0.7485740369795297f,-0.6628618231553266f,1.4553257660490644f,0f,0f,0f,1f], start_interpolation: 0, interpolation_duration: 1 }
$data merge entity $(bone_tear_right1) { transformation: [-0.9998744348350117f,-0.0077649838680994045f,0.013813746374319433f,-0.5720530890121553f,0f,0.8717170245021807f,0.49000962153111305f,3.7873939113360486f,-0.015846594693052107f,0.4899480933921394f,-0.8716075672101758f,2.3684345510887312f,0f,0f,0f,1f], start_interpolation: 0, interpolation_duration: 1 }
$data merge entity $(bone_right_pupil1) { transformation: [-0.9998744348350117f,-0.0077649838680994045f,0.013813746374319433f,-0.4125085200485921f,0f,0.8717170245021807f,0.49000962153111305f,3.843811025748501f,-0.015846594693052107f,0.4899480933921394f,-0.8716075672101758f,2.469905201894657f,0f,0f,0f,1f], start_interpolation: 0, interpolation_duration: 1 }
$data merge entity $(bone_right_sad_pupil1) { transformation: [-0.9998744348350117f,-0.0077649838680994045f,0.013813746374319433f,-0.4123736201816554f,0f,0.8717170245021807f,0.49000962153111305f,3.8485962759587657f,-0.015846594693052107f,0.4899480933921394f,-0.8716075672101758f,2.46139340924612f,0f,0f,0f,1f], start_interpolation: 0, interpolation_duration: 1 }
$data merge entity $(bone_right_happy_pupil1) { transformation: [-0.9998744348350117f,-0.0077649838680994045f,0.013813746374319433f,-0.4365947322901988f,0f,0.8717170245021807f,0.49000962153111305f,3.8273143944518258f,-0.015846594693052107f,0.4899480933921394f,-0.8716075672101758f,2.44904506417988f,0f,0f,0f,1f], start_interpolation: 0, interpolation_duration: 1 }
$data merge entity $(bone_eyelid_right1) { transformation: [-0.9998744348350117f,-0.0077649838680994045f,0.013813746374319433f,-0.02931981183022635f,0f,0.8717170245021807f,0.49000962153111305f,4.045294478634984f,-0.015846594693052107f,0.4899480933921394f,-0.8716075672101758f,2.017838483223698f,0f,0f,0f,1f], start_interpolation: 0, interpolation_duration: 1 }
$data merge entity $(bone_eyelid_expressions_right5) { transformation: [-0.9998744348350117f,-0.0077649838680994045f,0.013813746374319433f,-0.5254221928701487f,0f,0.8717170245021807f,0.49000962153111305f,3.9337248916328074f,-0.015846594693052107f,0.4899480933921394f,-0.8716075672101758f,2.5074602608285645f,0f,0f,0f,1f], start_interpolation: 0, interpolation_duration: 1 }
$data merge entity $(bone_eyelid_expressions_right7) { transformation: [-0.9998744348350117f,-0.0077649838680994045f,0.013813746374319433f,-0.23249022953957882f,0f,0.8717170245021807f,0.49000962153111305f,3.9337248916328074f,-0.015846594693052107f,0.4899480933921394f,-0.8716075672101758f,2.5121028178675444f,0f,0f,0f,1f], start_interpolation: 0, interpolation_duration: 1 }
$data merge entity $(bone_eyelid_expressions_right6) { transformation: [-0.9998744348350117f,-0.0077649838680994045f,0.013813746374319433f,-0.33013421731643544f,0f,0.8717170245021807f,0.49000962153111305f,3.9337248916328074f,-0.015846594693052107f,0.4899480933921394f,-0.8716075672101758f,2.510555298854551f,0f,0f,0f,1f], start_interpolation: 0, interpolation_duration: 1 }
$data merge entity $(bone_right_eye1) { transformation: [-0.9998744348350117f,-0.0077649838680994045f,0.013813746374319433f,-0.039219110474848724f,0f,0.8717170245021807f,0.49000962153111305f,4.040509228424719f,-0.015846594693052107f,0.4899480933921394f,-0.8716075672101758f,2.026195523970936f,0f,0f,0f,1f], start_interpolation: 0, interpolation_duration: 1 }
$data merge entity $(bone_tear_left1) { transformation: [-0.9998744348350117f,-0.0077649838680994045f,0.013813746374319433f,0.48250197897789615f,0f,0.8717170245021807f,0.49000962153111305f,3.7873939113360486f,-0.015846594693052107f,0.4899480933921394f,-0.8716075672101758f,2.3851477564290597f,0f,0f,0f,1f], start_interpolation: 0, interpolation_duration: 1 }
$data merge entity $(bone_left_sad_pupil1) { transformation: [-0.9998744348350117f,-0.0077649838680994045f,0.013813746374319433f,0.31995628814476923f,0f,0.8717170245021807f,0.49000962153111305f,3.8485962759587657f,-0.015846594693052107f,0.4899480933921394f,-0.8716075672101758f,2.47299980184357f,0f,0f,0f,1f], start_interpolation: 0, interpolation_duration: 1 }
$data merge entity $(bone_left_pupil1) { transformation: [-0.9998744348350117f,-0.0077649838680994045f,0.013813746374319433f,0.3198213882778325f,0f,0.8717170245021807f,0.49000962153111305f,3.843811025748501f,-0.015846594693052107f,0.4899480933921394f,-0.8716075672101758f,2.481511594492107f,0f,0f,0f,1f], start_interpolation: 0, interpolation_duration: 1 }
$data merge entity $(bone_eyelid_left1) { transformation: [-0.9998744348350117f,-0.0077649838680994045f,0.013813746374319433f,-0.04884860938559767f,0f,0.8717170245021807f,0.49000962153111305f,4.045294478634984f,-0.015846594693052107f,0.4899480933921394f,-0.8716075672101758f,2.0175289794210998f,0f,0f,0f,1f], start_interpolation: 0, interpolation_duration: 1 }
$data merge entity $(bone_left_happy_pupil1) { transformation: [-0.9998744348350117f,-0.0077649838680994045f,0.013813746374319433f,0.34455716992465407f,0f,0.8717170245021807f,0.49000962153111305f,3.8273143944518258f,-0.015846594693052107f,0.4899480933921394f,-0.8716075672101758f,2.461425216283827f,0f,0f,0f,1f], start_interpolation: 0, interpolation_duration: 1 }
$data merge entity $(bone_eyelid_expressions_left5) { transformation: [-0.9998744348350117f,-0.0077649838680994045f,0.013813746374319433f,0.4314888873430461f,0f,0.8717170245021807f,0.49000962153111305f,3.9337248916328074f,-0.015846594693052107f,0.4899480933921394f,-0.8716075672101758f,2.5226259471558996f,0f,0f,0f,1f], start_interpolation: 0, interpolation_duration: 1 }
$data merge entity $(bone_eyelid_expressions_left7) { transformation: [-0.9998744348350117f,-0.0077649838680994045f,0.013813746374319433f,0.13855692401247632f,0f,0.8717170245021807f,0.49000962153111305f,3.9337248916328074f,-0.015846594693052107f,0.4899480933921394f,-0.8716075672101758f,2.5179833901169193f,0f,0f,0f,1f], start_interpolation: 0, interpolation_duration: 1 }
$data merge entity $(bone_eyelid_expressions_left6) { transformation: [-0.9998744348350117f,-0.0077649838680994045f,0.013813746374319433f,0.23620091178933292f,0f,0.8717170245021807f,0.49000962153111305f,3.9337248916328074f,-0.015846594693052107f,0.4899480933921394f,-0.8716075672101758f,2.5195309091299127f,0f,0f,0f,1f], start_interpolation: 0, interpolation_duration: 1 }
$data merge entity $(bone_left_eye1) { transformation: [-0.9998744348350117f,-0.0077649838680994045f,0.013813746374319433f,-0.039219110474848724f,0f,0.8717170245021807f,0.49000962153111305f,4.040509228424719f,-0.015846594693052107f,0.4899480933921394f,-0.8716075672101758f,2.026195523970936f,0f,0f,0f,1f], start_interpolation: 0, interpolation_duration: 1 }
$data merge entity $(bone_crest_middle5) { transformation: [-0.9998744348350117f,-0.004591080813479577f,0.01516695553926255f,-0.05430231626799396f,0f,0.9571113436700981f,0.28972034070465164f,4.887750933665211f,-0.015846594693052107f,0.2896839619222704f,-0.9569911638263179f,2.977902320291891f,0f,0f,0f,1f], start_interpolation: 0, interpolation_duration: 1 }
$data merge entity $(bone_crest_middle4) { transformation: [-0.9998744348350117f,-0.004591080813479577f,0.01516695553926255f,-0.05161222985384577f,0f,0.9571113436700981f,0.28972034070465164f,4.326943505733513f,-0.015846594693052107f,0.2896839619222704f,-0.9569911638263179f,2.8081656238530606f,0f,0f,0f,1f], start_interpolation: 0, interpolation_duration: 1 }
$data merge entity $(bone_crest_middle1) { transformation: [-0.9998744348350117f,-0.004591080813479577f,0.01516695553926255f,-0.05070553078431907f,0f,0.9571113436700981f,0.28972034070465164f,3.8851180927306785f,-0.015846594693052107f,0.2896839619222704f,-0.9569911638263179f,2.750955526840487f,0f,0f,0f,1f], start_interpolation: 0, interpolation_duration: 1 }
$data merge entity $(bone_crest_left5) { transformation: [-0.5306832212616235f,-0.838404494473737f,0.12431099033321315f,-1.0114773706398754f,-0.7351986816346009f,0.5283253081134975f,0.4246825488874282f,4.359526196790296f,-0.421732399981471f,0.1339786268515073f,-0.8967672553973259f,2.7643699489318374f,0f,0f,0f,1f], start_interpolation: 0, interpolation_duration: 1 }
$data merge entity $(bone_crest_left4) { transformation: [-0.5306832212616235f,-0.838404494473737f,0.12431099033321315f,-0.602100176072621f,-0.7351986816346009f,0.5283253081134975f,0.4246825488874282f,4.101554854938002f,-0.421732399981471f,0.1339786268515073f,-0.8967672553973259f,2.6989506975395f,0f,0f,0f,1f], start_interpolation: 0, interpolation_duration: 1 }
$data merge entity $(bone_crest_left1) { transformation: [-0.5306832212616235f,-0.838404494473737f,0.12431099033321315f,-0.1457153894737772f,-0.7351986816346009f,0.5283253081134975f,0.4246825488874282f,3.8385228314828734f,-0.421732399981471f,0.1339786268515073f,-0.8967672553973259f,2.5832020573654813f,0f,0f,0f,1f], start_interpolation: 0, interpolation_duration: 1 }
$data merge entity $(bone_crest_center1) { transformation: [-0.9998744348350117f,-0.0077649838680994045f,0.013813746374319433f,-0.04788182932201079f,0f,0.8717170245021807f,0.49000962153111305f,3.8172409499759334f,-0.015846594693052107f,0.4899480933921394f,-0.8716075672101758f,2.572788106113422f,0f,0f,0f,1f], start_interpolation: 0, interpolation_duration: 1 }
$data merge entity $(bone_crest_right5) { transformation: [-0.5437810632040836f,0.833737746498193f,-0.09583071201212652f,0.9091586890327769f,0.7351986816346009f,0.5283253081134975f,0.4246825488874282f,4.359526196790296f,0.40470366173705546f,0.16047971482680534f,-0.9002561898180572f,2.794809312246007f,0f,0f,0f,1f], start_interpolation: 0, interpolation_duration: 1 }
$data merge entity $(bone_crest_right4) { transformation: [-0.5437810632040836f,0.833737746498193f,-0.09583071201212652f,0.502060180000456f,0.7351986816346009f,0.5283253081134975f,0.4246825488874282f,4.101554854938002f,0.40470366173705546f,0.16047971482680534f,-0.9002561898180572f,2.716450076490731f,0f,0f,0f,1f], start_interpolation: 0, interpolation_duration: 1 }
$data merge entity $(bone_crest_right1) { transformation: [-0.5437810632040836f,0.833737746498193f,-0.09583071201212652f,0.04957258607993601f,0.7351986816346009f,0.5283253081134975f,0.4246825488874282f,3.8385228314828734f,0.40470366173705546f,0.16047971482680534f,-0.9002561898180572f,2.5862970953914677f,0f,0f,0f,1f], start_interpolation: 0, interpolation_duration: 1 }
$data merge entity $(bone_head1) { transformation: [-0.9998744348350117f,-0.0077649838680994045f,0.013813746374319433f,-0.03142046819039496f,0f,0.8717170245021807f,0.49000962153111305f,4.261133682152261f,-0.015846594693052107f,0.4899480933921394f,-0.8716075672101758f,1.5341236815537447f,0f,0f,0f,1f], start_interpolation: 0, interpolation_duration: 1 }
$data merge entity $(bone_neck10) { transformation: [-1.3019198370247547f,-0.005980331617981832f,0.019747924944640134f,-0.015555972181944308f,0f,1.2461936035568921f,0.3773890689968801f,4.15616531274547f,-0.020633586839911598f,0.37734168207616653f,-1.246037125051454f,0.5331197253317337f,0f,0f,0f,1f], start_interpolation: 0, interpolation_duration: 1 }
$data merge entity $(bone_neck9) { transformation: [-0.9998744348350117f,-0.0077649838680994045f,0.013813746374319433f,-0.006372581840329798f,0f,0.8717170245021807f,0.490009621531113f,3.025567057931612f,-0.015846594693052107f,0.4899480933921394f,-0.8716075672101758f,-0.04632572686482164f,0f,0f,0f,1f], start_interpolation: 0, interpolation_duration: 1 }
$data merge entity $(bone_neck8) { transformation: [-0.9998744348350117f,0.003607485154330632f,0.015430509201810268f,-0.009361559792313304f,0f,0.9737429082208892f,-0.22765049679173782f,2.3979488437730203f,-0.015846594693052107f,-0.22762191181954855f,-0.973620640031962f,0.14227016382102775f,0f,0f,0f,1f], start_interpolation: 0, interpolation_duration: 1 }
$data merge entity $(bone_neck7) { transformation: [-0.9998744348350117f,0.008550736766734252f,0.013341643980855071f,-0.016636464227555107f,0f,0.841924983839252f,-0.5395945900278054f,1.7229458949427876f,-0.015846594693052107f,-0.5395268357440818f,-0.8418192673897482f,0.6012956580400082f,0f,0f,0f,1f], start_interpolation: 0, interpolation_duration: 1 }
$data merge entity $(bone_neck6) { transformation: [-0.9998744348350117f,0.006335050261732788f,0.014525209173956381f,-0.021547661863596048f,0f,0.9166139132923565f,-0.3997736033793033f,0.9900230687726368f,-0.015846594693052107f,-0.39972340574083703f,-0.9164988185151033f,0.9111780684769022f,0f,0f,0f,1f], start_interpolation: 0, interpolation_duration: 1 }
$data merge entity $(bone_neck_spine6) { transformation: [-1.1044840518334447f,-0.05205070071618356f,-0.0484497814019034f,0.07885234021048201f,-0.05090226282157065f,0.05214706678057989f,1.1043691957779278f,0.2716396108629683f,-0.04965497359360571f,1.104315663883519f,-0.05443322162321748f,-1.330195234467964f,0f,0f,0f,1f], start_interpolation: 0, interpolation_duration: 1 }
$data merge entity $(bone_neck_spine7) { transformation: [-0.9947213730801252f,0.06023101447814658f,-0.08307595821008124f,0.07497368910580762f,-0.04670037453379798f,0.4551718328413387f,0.889178091051652f,-0.06077957721743646f,0.09136993463931593f,0.8883641300068286f,-0.44995633961665393f,-4.535860621960188f,0f,0f,0f,1f], start_interpolation: 0, interpolation_duration: 1 }
$data merge entity $(bone_tail6) { transformation: [-1.231274299821009f,0.6353613040623011f,0.5678678486977073f,-1.0154503110942976f,0.5972476223835861f,-0.06833178577782131f,1.371430029674717f,-0.3330450583876654f,0.6078265853361994f,1.3541938790426922f,-0.19723098591719862f,-7.585637358329156f,0f,0f,0f,1f], start_interpolation: 0, interpolation_duration: 1 }
$data merge entity $(bone_tail5) { transformation: [-1.0171396389825729f,0.5248636859645096f,0.4691082228372365f,-0.6839574568009228f,0.4933784706647016f,-0.056447996946895874f,1.1329204592965054f,-0.3686964248804418f,0.5021176139733822f,1.1186819000787458f,-0.16292994488812063f,-6.879101421437316f,0f,0f,0f,1f], start_interpolation: 0, interpolation_duration: 1 }
$data merge entity $(bone_tail4) { transformation: [-0.8222770976195957f,0.42431085349551934f,0.37923696330420803f,-0.5182110296542356f,0.39885754260051665f,-0.04563374911075371f,0.9158767502523328f,-0.38652210812682997f,0.40592245003321836f,0.9043659992215545f,-0.1317159975516596f,-6.525833452991396f,0f,0f,0f,1f], start_interpolation: 0, interpolation_duration: 1 }
$data merge entity $(bone_segment18) { transformation: [-0.8222770976195957f,0.3629843374914928f,0.43829527200981233f,-0.3409725836134676f,0.39885754260051665f,-0.18176166562942783f,0.898818868080935f,-0.47527292142244904f,0.40592245003321836f,0.9138955452585805f,0.004679414017935701f,-6.079595393783105f,0f,0f,0f,1f], start_interpolation: 0, interpolation_duration: 1 }
$data merge entity $(bone_segment17) { transformation: [-0.9246177722874361f,0.3766412781598795f,0.05677431423020962f,-0.10189364728151283f,-0.0017666266454254669f,-0.1532934656084617f,0.9881791297290403f,-0.5725783439278203f,0.3808921818579558f,0.9135876865347079f,0.14240324719488068f,-5.4996813349475975f,0f,0f,0f,1f], start_interpolation: 0, interpolation_duration: 1 }
$data merge entity $(bone_segment16) { transformation: [-0.9747230039408773f,0.22006421327093645f,-0.03855914451742588f,0.08077684225002622f,-0.017851169463944307f,0.09532417348111835f,0.99528620893636f,-0.4934518327374388f,0.22270249513025556f,0.9708166891785418f,-0.08898626115964818f,-4.6938276378755655f,0f,0f,0f,1f], start_interpolation: 0, interpolation_duration: 1 }
$data merge entity $(bone_segment15) { transformation: [-0.9947213730801252f,0.07968033260294272f,-0.06465627992603883f,0.16248030829796553f,-0.04670037453379798f,0.209526004288709f,0.9766872214507628f,-0.2786058322460868f,0.09136993463931593f,0.9745511264798231f,-0.20469889330652205f,-3.6945320491999656f,0f,0f,0f,1f], start_interpolation: 0, interpolation_duration: 1 }
$data merge entity $(bone_segment14) { transformation: [-0.9986460671846994f,-0.000662466095623938f,-0.05201532115833432f,0.1618010217741324f,-0.05196911505318861f,0.05672153271617272f,0.9970365483807085f,-0.22044410436329256f,0.0022898858314245804f,0.9983898180896079f,-0.0566791633484367f,-2.6707924896354265f,0f,0f,0f,1f], start_interpolation: 0, interpolation_duration: 1 }
$data merge entity $(bone_segment13) { transformation: [-0.9979338256565711f,-0.03871326933794394f,-0.0512773087009068f,0.12146637337280969f,-0.04599169158466618f,-0.1268707653173942f,0.9908524477504004f,-0.38092148324035346f,-0.04486472908222257f,0.9911635040117985f,0.12482813945353916f,-1.609113592299836f,0f,0f,0f,1f], start_interpolation: 0, interpolation_duration: 1 }
$data merge entity $(bone_segment12) { transformation: [-0.9973235404924055f,-0.06268847279098842f,-0.03762859230461234f,0.04800331932087012f,-0.04779769103281896f,0.16956392279788446f,0.9843594144504966f,-0.18221376121158261f,-0.05532753664880087f,0.983523376165776f,-0.17210645607835012f,-0.4565471358555671f,0f,0f,0f,1f], start_interpolation: 0, interpolation_duration: 1 }
$data merge entity $(bone_segment11) { transformation: [-1.03412028822353f,-0.046088218679167556f,-0.00442351642098609f,-0.008659610109094397f,-0.03155238206377852f,0.6291268464173844f,0.8214330893122584f,0.5447396410193617f,-0.03388419372874099f,0.8207458492919476f,-0.6299020353987238f,0.4918451454954042f,0f,0f,0f,1f], start_interpolation: 0, interpolation_duration: 1 }
$data merge entity $(bone_segment10) { transformation: [-0.9998744348350117f,-0.007683550240190898f,0.013859207014556413f,-0.021991034938144118f,0f,0.8745858200458008f,0.48487074914333034f,1.3518522582809038f,-0.015846594693052107f,0.48480986626771616f,-0.8744760025330103f,0.9391536311086128f,0f,0f,0f,1f], start_interpolation: 0, interpolation_duration: 1 }