# This file was generated by Animated Java via MC-Build. It is not recommended to edit this file directly.
$data merge entity $(bone_neck_spine5) { transformation: [-1.5720682032073918f,-0.0061713592568075765f,0.024138648384855025f,0.11079670447592026f,0f,1.5232703841058381f,0.38944387588289836f,4.448107300806015f,-0.02491505610919326f,0.38939497529836936f,-1.523079114408736f,-0.35237800682933884f,0f,0f,0f,1f], start_interpolation: 0, interpolation_duration: 1 }
$data merge entity $(bone_neck_spine2) { transformation: [-1.497207812578468f,-0.003854279745391387f,0.02341350391698762f,-0.030968441699357488f,0f,1.477510113087779f,0.24322447945748807f,5.701545921279388f,-0.023728624865898336f,0.2431939389355956f,-1.4773245892866569f,1.5056021132918453f,0f,0f,0f,1f], start_interpolation: 0, interpolation_duration: 1 }
$data merge entity $(bone_scale_neck_left1) { transformation: [-1.59276885984467f,0.4036114691730904f,0.11506616313548407f,0.7579146393754619f,0.40801137768411205f,1.383297007043997f,0.7956577070707647f,4.817259875265014f,0.09833186475957463f,0.7978986483838236f,-1.4376173594242119f,1.3382972511468996f,0f,0f,0f,1f], start_interpolation: 0, interpolation_duration: 1 }
$data merge entity $(bone_scale_neck_right1) { transformation: [-1.588852865836201f,-0.42869354142554633f,-0.06945141540520926f,-0.8141535638319293f,-0.40801137768411205f,1.383297007043997f,0.7956577070707647f,4.817259875265014f,-0.14875606623622623f,0.7847077919078009f,-1.4405417019006352f,1.3133821950377063f,0f,0f,0f,1f], start_interpolation: 0, interpolation_duration: 1 }
$data merge entity $(bone_blush_right1) { transformation: [-0.9998744348350117f,-0.0077649838680994045f,0.013813746374319433f,-0.7089627224464892f,0f,0.8717170245021807f,0.49000962153111305f,4.072250524183863f,-0.015846594693052107f,0.4899480933921394f,-0.8716075672101758f,2.471834438279744f,0f,0f,0f,1f], start_interpolation: 0, interpolation_duration: 1 }
$data merge entity $(bone_blush_left1) { transformation: [-0.9998744348350117f,-0.0077649838680994045f,0.013813746374319433f,0.6160661916854551f,0f,0.8717170245021807f,0.49000962153111305f,4.072250524183863f,-0.015846594693052107f,0.4899480933921394f,-0.8716075672101758f,2.4928342712860636f,0f,0f,0f,1f], start_interpolation: 0, interpolation_duration: 1 }
$data merge entity $(bone_left_head_scales) { transformation: [-0.8932779337485298f,-0.0077649838680994045f,-0.4494376910134322f,0.6270566833601248f,-0.22626126321381526f,0.8717170245021807f,0.43464384265965766f,4.901193247310478f,0.3884074842827386f,0.4899480933921394f,-0.7804424975195554f,2.5080651207465112f,0f,0f,0f,1f], start_interpolation: 0, interpolation_duration: 1 }
$data merge entity $(bone_left_head_scales2) { transformation: [-0.8269724267454395f,-0.0077649838680994045f,-0.5621888565493688f,0.6317060133494621f,-0.28105797249554065f,0.8717170245021807f,0.4013923831984864f,4.035464416982233f,0.4869527918591848f,0.4899480933921394f,-0.7230683538103106f,2.214705803776772f,0f,0f,0f,1f], start_interpolation: 0, interpolation_duration: 1 }
$data merge entity $(bone_left_head_scales1) { transformation: [-0.9998744348350117f,-0.0077649838680994045f,0.013813746374319433f,0.6279287274468742f,0f,0.8717170245021807f,0.49000962153111305f,4.803295339285331f,-0.015846594693052107f,0.4899480933921394f,-0.8716075672101758f,2.453041653226886f,0f,0f,0f,1f], start_interpolation: 0, interpolation_duration: 1 }
$data merge entity $(bone_right_head_scales) { transformation: [-0.8805209772846848f,-0.0077649838680994045f,0.47394357637502765f,-0.7204303479604965f,0.22626126321381526f,0.8717170245021807f,0.43464384265965766f,4.901193247310478f,-0.41651968660618205f,0.4899480933921394f,-0.7658082112715265f,2.486709358367203f,0f,0f,0f,1f], start_interpolation: 0, interpolation_duration: 1 }
$data merge entity $(bone_right_head_scales2) { transformation: [-0.8111259479093609f,-0.0077649838680994045f,0.5848199737129957f,-0.7157810179711592f,0.28105797249554065f,0.8717170245021807f,0.4013923831984864f,4.035464416982233f,-0.5129143327348502f,0.4899480933921394f,-0.7048898871856302f,2.193350041397464f,0f,0f,0f,1f], start_interpolation: 0, interpolation_duration: 1 }
$data merge entity $(bone_right_head_scales1) { transformation: [-0.9998744348350117f,-0.0077649838680994045f,0.013813746374319433f,-0.7195583038737471f,0f,0.8717170245021807f,0.49000962153111305f,4.803295339285331f,-0.015846594693052107f,0.4899480933921394f,-0.8716075672101758f,2.431685890847578f,0f,0f,0f,1f], start_interpolation: 0, interpolation_duration: 1 }
$data merge entity $(bone_head_left_fin1) { transformation: [-0.7390288781669809f,0.018845073343903132f,-0.7430722565612918f,0.6323623963696577f,-0.11545581523330832f,1.0322124741230965f,0.14100553541851285f,4.47745110443066f,0.7342897724939653f,0.18126629444138845f,-0.7256970845576146f,2.1732899277437276f,0f,0f,0f,1f], start_interpolation: 0, interpolation_duration: 1 }
$data merge entity $(bone_head_right_fin1) { transformation: [-0.7153886536655528f,-0.024579794438027505f,0.7656958312131165f,-0.7151246349509636f,0.11545581523330832f,1.0322124741230965f,0.14100553541851285f,4.47745110443066f,-0.7573402319701318f,0.18057807174525248f,-0.7017852456908499f,2.1519341653644193f,0f,0f,0f,1f], start_interpolation: 0, interpolation_duration: 1 }
$data merge entity $(bone_right_whisker16) { transformation: [0.26096363368034925f,0.9231128120188518f,-0.282419401215633f,-1.2411870695073077f,0.958900412775702f,-0.28163709575487345f,-0.03450427036395243f,1.7403908619735662f,-0.11139111398552815f,-0.2618077206298708f,-0.9586702963707878f,2.090306580946526f,0f,0f,0f,1f], start_interpolation: 0, interpolation_duration: 1 }
$data merge entity $(bone_right_whisker15) { transformation: [-0.8811528645322144f,0.3792214539601845f,-0.282419401215633f,-0.9443142782342472f,0.4043892709562609f,0.9139358691188979f,-0.03450427036395243f,1.6041464298642791f,0.24502846133079487f,-0.14461091243128427f,-0.9586702963707878f,2.0077530466114437f,0f,0f,0f,1f], start_interpolation: 0, interpolation_duration: 1 }
$data merge entity $(bone_right_whisker14) { transformation: [-0.716082648671918f,-0.6383297910077624f,-0.282419401215633f,-0.7030559639844314f,-0.6574049042764422f,0.7527471336112369f,-0.03450427036395243f,1.8256353868714785f,0.2346154984315667f,0.16095599010926223f,-0.9586702963707878f,1.9287077859094024f,0f,0f,0f,1f], start_interpolation: 0, interpolation_duration: 1 }
$data merge entity $(bone_right_whisker13) { transformation: [-0.09159544530744937f,-0.9943300930174104f,-0.05401796477948706f,-0.672196170399402f,-0.9829498213821157f,0.0815953840083678f,0.1647781598191766f,2.1568050044269764f,-0.15943626640070674f,0.06818987775700168f,-0.9848503528596045f,1.9824241061322967f,0f,0f,0f,1f], start_interpolation: 0, interpolation_duration: 1 }
$data merge entity $(bone_right_whisker12) { transformation: [0.07308389133595805f,-0.9967825755510117f,-0.032912640506125454f,-0.705026824710477f,-0.9241169388669183f,-0.08009262532281958f,0.37362153935250464f,2.5719356605585997f,-0.37505550006156485f,0.0031094126117361155f,-0.9269971431599879f,2.1509060690505777f,0f,0f,0f,1f], start_interpolation: 0, interpolation_duration: 1 }
$data merge entity $(bone_right_whisker11) { transformation: [0.2934548045581471f,-0.9559266084650876f,-0.00941259316951186f,-0.8368522251955822f,-0.9528063693394915f,-0.2932693219805946f,0.07844187230771127f,2.9999541467853246f,-0.07774509777366373f,-0.01405076558332228f,-0.996874252731349f,2.1858306246910906f,0f,0f,0f,1f], start_interpolation: 0, interpolation_duration: 1 }
$data merge entity $(bone_right_whisker10) { transformation: [0.06776186382558143f,-0.9923994623335426f,0.10272116126183016f,-0.8672921249609801f,-0.9828657589219316f,-0.08408870738488933f,-0.16402435559743597f,3.4414758744260356f,0.1714153719760833f,-0.08984651607287865f,-0.981093458239258f,2.1088276255612093f,0f,0f,0f,1f], start_interpolation: 0, interpolation_duration: 1 }
$data merge entity $(bone_right_whisker1) { transformation: [-0.3384620496919572f,-0.9381664350740581f,0.07271300446792411f,-0.7152486260759212f,-0.9341250600279999f,0.34430209408229095f,0.09416177694922312f,3.861102366235489f,-0.1133746583060124f,-0.036052851634545f,-0.992897969956134f,2.159757647847113f,0f,0f,0f,1f], start_interpolation: 0, interpolation_duration: 1 }
$data merge entity $(bone_left_whisker16) { transformation: [0.257302673758708f,-0.9143527180844078f,0.3126570661416045f,1.1601135565025482f,-0.958900412775702f,-0.28163709575487345f,-0.03450427036395243f,1.7403908619735662f,0.11960490146816007f,-0.29092894875968606f,-0.9492391765610895f,2.1283637973637344f,0f,0f,0f,1f], start_interpolation: 0, interpolation_duration: 1 }
$data merge entity $(bone_left_whisker15) { transformation: [-0.8729455655742f,-0.37444839235342486f,0.3126570661416045f,0.8660059196635844f,-0.4043892709562609f,0.9139358691188979f,-0.03450427036395243f,1.6041464298642791f,-0.272828438913182f,-0.15655551284391245f,-0.9492391765610895f,2.0364440596439612f,0f,0f,0f,1f], start_interpolation: 0, interpolation_duration: 1 }
$data merge entity $(bone_left_whisker14) { transformation: [-0.7082882313504838f,0.6329086350510064f,0.3126570661416045f,0.6273736542183533f,0.6574049042764422f,0.7527471336112369f,-0.03450427036395243f,1.8256353868714785f,-0.25718976100087165f,0.18110332000805182f,-0.9492391765610895f,1.9497932124317534f,0f,0f,0f,1f], start_interpolation: 0, interpolation_duration: 1 }
$data merge entity $(bone_left_whisker13) { transformation: [-0.0966018527067142f,0.991669828138891f,0.08519996486274298f,0.5948271315779077f,0.9829498213821157f,0.0815953840083678f,0.1647781598191766f,2.1568050044269764f,0.15645360557845045f,0.09966516576773117f,-0.98264394570668f,2.002504632279962f,0f,0f,0f,1f], start_interpolation: 0, interpolation_duration: 1 }
$data merge entity $(bone_left_whisker12) { transformation: [0.061161974039356845f,0.9961834274798639f,0.0622719177967079f,0.6223022371034f,0.9241169388669183f,-0.08009262532281958f,0.37362153935250464f,2.5719356605585997f,0.37718310703270586f,0.0346951031612436f,-0.9254886026233843f,2.1719423561423103f,0f,0f,0f,1f], start_interpolation: 0, interpolation_duration: 1 }
$data merge entity $(bone_left_whisker11) { transformation: [0.2908437422916612f,0.9558917719380781f,0.0409980232555561f,0.7529546994609823f,0.9528063693394915f,-0.2932693219805946f,0.07844187230771127f,2.9999541467853246f,0.08700540279706007f,0.016248849993883055f,-0.9960753158059872f,2.2110268144300522f,0f,0f,0f,1f], start_interpolation: 0, interpolation_duration: 1 }
$data merge entity $(bone_left_whisker10) { transformation: [0.07315984953376146f,0.994748215518134f,-0.0715794952460945f,0.7858194756187267f,0.9828657589219316f,-0.08408870738488933f,-0.16402435559743597f,3.4414758744260356f,-0.16918196226256818f,-0.058353037742920874f,-0.9838558769612344f,2.135027104819914f,0f,0f,0f,1f], start_interpolation: 0, interpolation_duration: 1 }
$data merge entity $(bone_left_whisker1) { transformation: [-0.34188481752826777f,0.9388377469448984f,-0.041212333773885626f,0.6322384052447001f,0.9341250600279999f,0.34430209408229095f,0.09416177694922312f,3.861102366235489f,0.10259212333970374f,-0.006304991830002354f,-0.9947035253313794f,2.1811134102264216f,0f,0f,0f,1f], start_interpolation: 0, interpolation_duration: 1 }
$data merge entity $(bone_upper_left_tooth1) { transformation: [-0.9998744348350117f,-0.00653148843478698f,0.01443794383532888f,0.2512072314118688f,0f,0.9111070305634277f,0.41216984224697156f,3.785919520579041f,-0.015846594693052107f,0.4121180880727264f,-0.9109926272588129f,3.190335653263613f,0f,0f,0f,1f], start_interpolation: 0, interpolation_duration: 1 }
$data merge entity $(bone_upper_right_tooth1) { transformation: [-0.9998744348350117f,-0.00653148843478698f,0.01443794383532888f,-0.42253628424844175f,0f,0.9111070305634277f,0.41216984224697156f,3.785919520579041f,-0.015846594693052107f,0.4121180880727264f,-0.9109926272588129f,3.179657772073959f,0f,0f,0f,1f], start_interpolation: 0, interpolation_duration: 1 }
$data merge entity $(bone_top_lip1) { transformation: [-0.9998744348350117f,0.001698958930466024f,0.015755256326650386f,-0.05839838904690164f,0f,0.9942360886883937f,-0.10721287212645897f,3.8984732699601676f,-0.015846594693052107f,-0.10719940992448174f,-0.9941112472698801f,3.236352702483407f,0f,0f,0f,1f], start_interpolation: 0, interpolation_duration: 1 }
$data merge entity $(bone_muzzle1) { transformation: [-0.9998744348350117f,-0.00653148843478698f,0.01443794383532888f,-0.05139142034542375f,0f,0.9111070305634277f,0.41216984224697156f,4.283398682132238f,-0.015846594693052107f,0.4121180880727264f,-0.9109926272588129f,2.79423318052904f,0f,0f,0f,1f], start_interpolation: 0, interpolation_duration: 1 }
$data merge entity $(bone_jaw_right_tooth1) { transformation: [-0.9998744348350117f,0.0018007191923177035f,0.015743950385982735f,-0.42202598624873494f,0f,0.9935226268445941f,-0.11363445757259251f,3.5771147485293584f,-0.015846594693052107f,-0.11362018904317914f,-0.9933978750120347f,3.147459439628566f,0f,0f,0f,1f], start_interpolation: 0, interpolation_duration: 1 }
$data merge entity $(bone_jaw_left_tooth1) { transformation: [-0.9998744348350117f,0.0018007191923177035f,0.015743950385982735f,0.3078628223832682f,0f,0.9935226268445941f,-0.11363445757259251f,3.5771147485293584f,-0.015846594693052107f,-0.11362018904317914f,-0.9933978750120347f,3.1590271442506914f,0f,0f,0f,1f], start_interpolation: 0, interpolation_duration: 1 }
$data merge entity $(bone_tongue1) { transformation: [-0.9998744348350117f,-0.00573008640199227f,0.0147743247964694f,-0.04528461987644593f,0f,0.9323343647419188f,0.36159733450522424f,3.8620572203555135f,-0.015846594693052107f,0.36155193047625767f,-0.9322172960235856f,2.4089116786011484f,0f,0f,0f,1f], start_interpolation: 0, interpolation_duration: 1 }
$data merge entity $(bone_jaw_lips1) { transformation: [-0.9998744348350117f,-0.00573008640199227f,0.0147743247964694f,-0.0016730935011988364f,0f,0.9323343647419188f,0.36159733450522424f,3.4167736027941085f,-0.015846594693052107f,0.36155193047625767f,-0.9322172960235856f,3.2006460358103026f,0f,0f,0f,1f], start_interpolation: 0, interpolation_duration: 1 }
$data merge entity $(bone_jaw3) { transformation: [-0.9998744348350117f,-0.0009605460722121109f,0.01581745600939118f,0.012618807847286632f,0f,0.9981612021872621f,0.060615298795599515f,3.3871586651768992f,-0.015846594693052107f,0.06060768762560531f,-0.9980358679112245f,2.2988682683887567f,0f,0f,0f,1f], start_interpolation: 0, interpolation_duration: 1 }
$data merge entity $(bone_jaw1) { transformation: [-0.9998744348350117f,-0.011863839046663698f,0.010505421764057122f,0.022057272713431705f,0f,0.6629450659619123f,0.7486680436059469f,4.059790110604117f,-0.015846594693052107f,0.7485740369795297f,-0.6628618231553266f,1.7033283491476428f,0f,0f,0f,1f], start_interpolation: 0, interpolation_duration: 1 }
$data merge entity $(bone_tear_right1) { transformation: [-0.9998744348350117f,-0.0077649838680994045f,0.013813746374319433f,-0.6572657974012147f,0f,0.8717170245021807f,0.49000962153111305f,4.365365862595638f,-0.015846594693052107f,0.4899480933921394f,-0.8716075672101758f,2.7534034519432593f,0f,0f,0f,1f], start_interpolation: 0, interpolation_duration: 1 }
$data merge entity $(bone_right_pupil1) { transformation: [-0.9998744348350117f,-0.0077649838680994045f,0.013813746374319433f,-0.4737895430931171f,0f,0.8717170245021807f,0.49000962153111305f,4.430245544169958f,-0.015846594693052107f,0.4899480933921394f,-0.8716075672101758f,2.870094700370074f,0f,0f,0f,1f], start_interpolation: 0, interpolation_duration: 1 }
$data merge entity $(bone_right_sad_pupil1) { transformation: [-0.9998744348350117f,-0.0077649838680994045f,0.013813746374319433f,-0.4736344082461399f,0f,0.8717170245021807f,0.49000962153111305f,4.435748581911763f,-0.015846594693052107f,0.4899480933921394f,-0.8716075672101758f,2.8603061388242565f,0f,0f,0f,1f], start_interpolation: 0, interpolation_duration: 1 }
$data merge entity $(bone_right_happy_pupil1) { transformation: [-0.9998744348350117f,-0.0077649838680994045f,0.013813746374319433f,-0.5014886871709647f,0f,0.8717170245021807f,0.49000962153111305f,4.411274418178782f,-0.015846594693052107f,0.4899480933921394f,-0.8716075672101758f,2.8461055419980807f,0f,0f,0f,1f], start_interpolation: 0, interpolation_duration: 1 }
$data merge entity $(bone_eyelid_right1) { transformation: [-0.9998744348350117f,-0.0077649838680994045f,0.013813746374319433f,-0.03312252864199644f,0f,0.8717170245021807f,0.49000962153111305f,4.661951514989414f,-0.015846594693052107f,0.4899480933921394f,-0.8716075672101758f,2.3502179738984714f,0f,0f,0f,1f], start_interpolation: 0, interpolation_duration: 1 }
$data merge entity $(bone_eyelid_expressions_right5) { transformation: [-0.9998744348350117f,-0.0077649838680994045f,0.013813746374319433f,-0.6036402668379071f,0f,0.8717170245021807f,0.49000962153111305f,4.53364648993691f,-0.015846594693052107f,0.4899480933921394f,-0.8716075672101758f,2.9132830181440674f,0f,0f,0f,1f], start_interpolation: 0, interpolation_duration: 1 }
$data merge entity $(bone_eyelid_expressions_right7) { transformation: [-0.9998744348350117f,-0.0077649838680994045f,0.013813746374319433f,-0.2667685090077518f,0f,0.8717170245021807f,0.49000962153111305f,4.53364648993691f,-0.015846594693052107f,0.4899480933921394f,-0.8716075672101758f,2.918621958738895f,0f,0f,0f,1f], start_interpolation: 0, interpolation_duration: 1 }
$data merge entity $(bone_eyelid_expressions_right6) { transformation: [-0.9998744348350117f,-0.0077649838680994045f,0.013813746374319433f,-0.37905909495113693f,0f,0.8717170245021807f,0.49000962153111305f,4.53364648993691f,-0.015846594693052107f,0.4899480933921394f,-0.8716075672101758f,2.9168423118739524f,0f,0f,0f,1f], start_interpolation: 0, interpolation_duration: 1 }
$data merge entity $(bone_right_eye1) { transformation: [-0.9998744348350117f,-0.0077649838680994045f,0.013813746374319433f,-0.044506722083312175f,0f,0.8717170245021807f,0.49000962153111305f,4.65644847724761f,-0.015846594693052107f,0.4899480933921394f,-0.8716075672101758f,2.3598285707577946f,0f,0f,0f,1f], start_interpolation: 0, interpolation_duration: 1 }
$data merge entity $(bone_tear_left1) { transformation: [-0.9998744348350117f,-0.0077649838680994045f,0.013813746374319433f,0.5554725307873444f,0f,0.8717170245021807f,0.49000962153111305f,4.365365862595638f,-0.015846594693052107f,0.4899480933921394f,-0.8716075672101758f,2.772623638084637f,0f,0f,0f,1f], start_interpolation: 0, interpolation_duration: 1 }
$data merge entity $(bone_left_sad_pupil1) { transformation: [-0.9998744348350117f,-0.0077649838680994045f,0.013813746374319433f,0.36854498632924837f,0f,0.8717170245021807f,0.49000962153111305f,4.435748581911763f,-0.015846594693052107f,0.4899480933921394f,-0.8716075672101758f,2.873653490311324f,0f,0f,0f,1f], start_interpolation: 0, interpolation_duration: 1 }
$data merge entity $(bone_left_pupil1) { transformation: [-0.9998744348350117f,-0.0077649838680994045f,0.013813746374319433f,0.36838985148227116f,0f,0.8717170245021807f,0.49000962153111305f,4.430245544169958f,-0.015846594693052107f,0.4899480933921394f,-0.8716075672101758f,2.8834420518571418f,0f,0f,0f,1f], start_interpolation: 0, interpolation_duration: 1 }
$data merge entity $(bone_eyelid_left1) { transformation: [-0.9998744348350117f,-0.0077649838680994045f,0.013813746374319433f,-0.055580645830673465f,0f,0.8717170245021807f,0.49000962153111305f,4.661951514989414f,-0.015846594693052107f,0.4899480933921394f,-0.8716075672101758f,2.349862044525483f,0f,0f,0f,1f], start_interpolation: 0, interpolation_duration: 1 }
$data merge entity $(bone_left_happy_pupil1) { transformation: [-0.9998744348350117f,-0.0077649838680994045f,0.013813746374319433f,0.39683600037611594f,0f,0.8717170245021807f,0.49000962153111305f,4.411274418178782f,-0.015846594693052107f,0.4899480933921394f,-0.8716075672101758f,2.8603427169176197f,0f,0f,0f,1f], start_interpolation: 0, interpolation_duration: 1 }
$data merge entity $(bone_eyelid_expressions_left5) { transformation: [-0.9998744348350117f,-0.0077649838680994045f,0.013813746374319433f,0.496807475407267f,0f,0.8717170245021807f,0.49000962153111305f,4.53364648993691f,-0.015846594693052107f,0.4899480933921394f,-0.8716075672101758f,2.930723557420503f,0f,0f,0f,1f], start_interpolation: 0, interpolation_duration: 1 }
$data merge entity $(bone_eyelid_expressions_left7) { transformation: [-0.9998744348350117f,-0.0077649838680994045f,0.013813746374319433f,0.15993571757711145f,0f,0.8717170245021807f,0.49000962153111305f,4.53364648993691f,-0.015846594693052107f,0.4899480933921394f,-0.8716075672101758f,2.9253846168256756f,0f,0f,0f,1f], start_interpolation: 0, interpolation_duration: 1 }
$data merge entity $(bone_eyelid_expressions_left6) { transformation: [-0.9998744348350117f,-0.0077649838680994045f,0.013813746374319433f,0.2722263035204966f,0f,0.8717170245021807f,0.49000962153111305f,4.53364648993691f,-0.015846594693052107f,0.4899480933921394f,-0.8716075672101758f,2.927164263690618f,0f,0f,0f,1f], start_interpolation: 0, interpolation_duration: 1 }
$data merge entity $(bone_left_eye1) { transformation: [-0.9998744348350117f,-0.0077649838680994045f,0.013813746374319433f,-0.044506722083312175f,0f,0.8717170245021807f,0.49000962153111305f,4.65644847724761f,-0.015846594693052107f,0.4899480933921394f,-0.8716075672101758f,2.3598285707577946f,0f,0f,0f,1f], start_interpolation: 0, interpolation_duration: 1 }
$data merge entity $(bone_crest_middle5) { transformation: [-0.9998744348350117f,-0.004591080813479577f,0.01516695553926255f,-0.0618524087454292f,0f,0.9571113436700981f,0.28972034070465164f,5.630776438274175f,-0.015846594693052107f,0.2896839619222704f,-0.9569911638263179f,3.4542913865268936f,0f,0f,0f,1f], start_interpolation: 0, interpolation_duration: 1 }
$data merge entity $(bone_crest_middle4) { transformation: [-0.9998744348350117f,-0.004591080813479577f,0.01516695553926255f,-0.05875880936915878f,0f,0.9571113436700981f,0.28972034070465164f,4.985847896152722f,-0.015846594693052107f,0.2896839619222704f,-0.9569911638263179f,3.2590941856222386f,0f,0f,0f,1f], start_interpolation: 0, interpolation_duration: 1 }
$data merge entity $(bone_crest_middle1) { transformation: [-0.9998744348350117f,-0.004591080813479577f,0.01516695553926255f,-0.05771610543920307f,0f,0.9571113436700981f,0.28972034070465164f,4.477748671199463f,-0.015846594693052107f,0.2896839619222704f,-0.9569911638263179f,3.1933025740577787f,0f,0f,0f,1f], start_interpolation: 0, interpolation_duration: 1 }
$data merge entity $(bone_crest_left5) { transformation: [-0.5306832212616235f,-0.838404494473737f,0.12431099033321315f,-1.162603721273092f,-0.7351986816346009f,0.5283253081134975f,0.4246825488874282f,5.023317990868024f,-0.421732399981471f,0.1339786268515073f,-0.8967672553973259f,3.2087291594628318f,0f,0f,0f,1f], start_interpolation: 0, interpolation_duration: 1 }
$data merge entity $(bone_crest_left4) { transformation: [-0.5306832212616235f,-0.838404494473737f,0.12431099033321315f,-0.6918199475207495f,-0.7351986816346009f,0.5283253081134975f,0.4246825488874282f,4.726650947737886f,-0.421732399981471f,0.1339786268515073f,-0.8967672553973259f,3.1334970203616437f,0f,0f,0f,1f], start_interpolation: 0, interpolation_duration: 1 }
$data merge entity $(bone_crest_left1) { transformation: [-0.5306832212616235f,-0.838404494473737f,0.12431099033321315f,-0.16697744293207994f,-0.7351986816346009f,0.5283253081134975f,0.4246825488874282f,4.4241641207644875f,-0.421732399981471f,0.1339786268515073f,-0.8967672553973259f,3.000386084161522f,0f,0f,0f,1f], start_interpolation: 0, interpolation_duration: 1 }
$data merge entity $(bone_crest_center1) { transformation: [-0.9998744348350117f,-0.0077649838680994045f,0.013813746374319433f,-0.05446884875754855f,0f,0.8717170245021807f,0.49000962153111305f,4.399689957031506f,-0.015846594693052107f,0.4899480933921394f,-0.8716075672101758f,2.988410040221654f,0f,0f,0f,1f], start_interpolation: 0, interpolation_duration: 1 }
$data merge entity $(bone_crest_right5) { transformation: [-0.5437810632040836f,0.833737746498193f,-0.09583071201212652f,1.0461277473504564f,0.7351986816346009f,0.5283253081134975f,0.4246825488874282f,5.023317990868024f,0.40470366173705546f,0.16047971482680534f,-0.9002561898180572f,3.2437344272741266f,0f,0f,0f,1f], start_interpolation: 0, interpolation_duration: 1 }
$data merge entity $(bone_crest_right4) { transformation: [-0.5437810632040836f,0.833737746498193f,-0.09583071201212652f,0.5779644619632875f,0.7351986816346009f,0.5283253081134975f,0.4246825488874282f,4.726650947737886f,0.40470366173705546f,0.16047971482680534f,-0.9002561898180572f,3.1536213061555594f,0f,0f,0f,1f], start_interpolation: 0, interpolation_duration: 1 }
$data merge entity $(bone_crest_right1) { transformation: [-0.5437810632040836f,0.833737746498193f,-0.09583071201212652f,0.05760372895469026f,0.7351986816346009f,0.5283253081134975f,0.4246825488874282f,4.4241641207644875f,0.40470366173705546f,0.16047971482680534f,-0.9002561898180572f,3.0039453778914065f,0f,0f,0f,1f], start_interpolation: 0, interpolation_duration: 1 }
$data merge entity $(bone_head1) { transformation: [-1.0480454688049272f,-0.008139078142994815f,0.014479252384540545f,-0.035538283456190346f,0f,0.9137138082347072f,0.5136168559017523f,4.910166599034283f,-0.01661003740612883f,0.5135523635165f,-0.913599077609624f,1.793945951978025f,0f,0f,0f,1f], start_interpolation: 0, interpolation_duration: 1 }
$data merge entity $(bone_neck10) { transformation: [-1.497207812578468f,-0.0068773813606791065f,0.02271011368633615f,-0.017294113046472104f,0f,1.4331226440904261f,0.43399742934641206f,4.7894529742164735f,-0.023728624865898336f,0.43394293438759146f,-1.432942693809172f,0.6427914023227124f,0f,0f,0f,1f], start_interpolation: 0, interpolation_duration: 1 }
$data merge entity $(bone_neck9) { transformation: [-1.1453639766225288f,-0.008894849684844343f,0.015823754391676468f,-0.006733214153615415f,0f,0.9985586618565024f,0.5613098496640585f,3.489264981180536f,-0.01815239802241224f,0.5612393687001757f,-0.9984332776733759f,-0.02357086770332656f,0f,0f,0f,1f], start_interpolation: 0, interpolation_duration: 1 }
$data merge entity $(bone_neck8) { transformation: [-1.0630175469307124f,0.0038353015996236478f,0.016404961931351672f,-0.010111193878527179f,0f,1.0352357871905677f,-0.24202686280007024f,2.7244731897295473f,-0.016847323654787822f,-0.24199647265711122f,-1.0351057976381473f,0.18956991325014572f,0f,0f,0f,1f], start_interpolation: 0, interpolation_duration: 1 }
$data merge entity $(bone_neck7) { transformation: [-1.05553150786782f,0.009026705512538796f,0.014084294085258136f,-0.018576020178280344f,0f,0.8887899487599916f,-0.5696306170117751f,1.9323078285974655f,-0.01672868053045833f,-0.5695590912493675f,-0.8886783477034353f,0.7236760462323408f,0f,0f,0f,1f], start_interpolation: 0, interpolation_duration: 1 }
$data merge entity $(bone_neck6) { transformation: [-1.049542676617506f,0.006649740583979019f,0.015246741374459551f,-0.02432240510468645f,0f,0.9621462320320744f,-0.4196321489117517f,1.0785423478428733f,-0.016633766030994732f,-0.41957945773173927f,-0.9620254199817063f,1.086256366605771f,0f,0f,0f,1f], start_interpolation: 0, interpolation_duration: 1 }
$data merge entity $(bone_neck_spine6) { transformation: [-1.2701566596084612f,-0.05985830582361108f,-0.055717248612188894f,0.0899034539791679f,-0.05853760224480623f,0.05996912679766687f,1.2700245751446166f,0.194295116195765f,-0.05710321963264656f,1.2699630134660467f,-0.06259820486670009f,-1.504733747230552f,0f,0f,0f,1f], start_interpolation: 0, interpolation_duration: 1 }
$data merge entity $(bone_neck_spine7) { transformation: [-0.9947213730801252f,0.06023101447814658f,-0.08307595821008124f,0.08544300520879232f,-0.04670037453379798f,0.4551718328413387f,0.889178091051652f,-0.18798695009670036f,0.09136993463931593f,0.8883641300068286f,-0.44995633961665393f,-5.191248942846608f,0f,0f,0f,1f], start_interpolation: 0, interpolation_duration: 1 }
$data merge entity $(bone_tail6) { transformation: [-1.4159654447941605f,0.7306654996716463f,0.6530480260023634f,-1.168544595021329f,0.6868347657411241f,-0.07858155364449453f,1.577144534125925f,-0.5010922534424636f,0.6990005731366293f,1.5573229608990962f,-0.22681563380477845f,-8.698492189670924f,0f,0f,0f,1f], start_interpolation: 0, interpolation_duration: 1 }
$data merge entity $(bone_tail5) { transformation: [-1.1697105848299587f,0.603593238859186f,0.539474456262822f,-0.7873278125839482f,0.5673852412644068f,-0.06491519648893025f,1.3028585281909812f,-0.5420913249091563f,0.5774352560693894f,1.2864841850905577f,-0.1873694366213387f,-7.885975862245308f,0f,0f,0f,1f], start_interpolation: 0, interpolation_duration: 1 }
$data merge entity $(bone_tail4) { transformation: [-0.8618920098747064f,0.44475291284361074f,0.3975074940883951f,-0.5967194213652579f,0.41807333566851024f,-0.04783225004447492f,0.960001020772302f,-0.5625908606425027f,0.4254786097353395f,0.9479357153298845f,-0.13806169014203903f,-7.4797176985325f,0f,0f,0f,1f], start_interpolation: 0, interpolation_duration: 1 }
$data merge entity $(bone_segment18) { transformation: [-0.8222770976195957f,0.3629843374914928f,0.43829527200981233f,-0.3928952084183747f,0.39885754260051665f,-0.18176166562942783f,0.898818868080935f,-0.6646542959324646f,0.40592245003321836f,0.9138955452585805f,0.004679414017935701f,-6.966543930442965f,0f,0f,0f,1f], start_interpolation: 0, interpolation_duration: 1 }
$data merge entity $(bone_segment17) { transformation: [-0.9246177722874361f,0.3766412781598795f,0.05677431423020962f,-0.11795443163662638f,-0.0017666266454254669f,-0.1532934656084617f,0.9881791297290403f,-0.7765555318136417f,0.3808921818579558f,0.9135876865347079f,0.14240324719488068f,-6.29964276278213f,0f,0f,0f,1f], start_interpolation: 0, interpolation_duration: 1 }
$data merge entity $(bone_segment16) { transformation: [-0.9747230039408773f,0.22006421327093645f,-0.03855914451742588f,0.09211663132464372f,-0.017851169463944307f,0.09532417348111835f,0.99528620893636f,-0.6855600439447029f,0.22270249513025556f,0.9708166891785418f,-0.08898626115964818f,-5.372911011149293f,0f,0f,0f,1f], start_interpolation: 0, interpolation_duration: 1 }
$data merge entity $(bone_segment15) { transformation: [-0.9947213730801252f,0.07968033260294272f,-0.06465627992603883f,0.18607561727977392f,-0.04670037453379798f,0.209526004288709f,0.9766872214507628f,-0.43848714337964817f,0.09136993463931593f,0.9745511264798231f,-0.20469889330652205f,-4.223721084172353f,0f,0f,0f,1f], start_interpolation: 0, interpolation_duration: 1 }
$data merge entity $(bone_segment14) { transformation: [-1.0467579219839616f,-0.00069438177991832f,-0.05452126762038945f,0.18529443777736582f,-0.05447283543986563f,0.05945421072463413f,1.0450708612584243f,-0.3716011563144348f,0.00240020585194894f,1.0464893275548617f,-0.05940980012433791f,-3.046420590673134f,0f,0f,0f,1f], start_interpolation: 0, interpolation_duration: 1 }
$data merge entity $(bone_segment13) { transformation: [-1.0235968374491715f,-0.039708825417923616f,-0.052595963449400165f,0.13890959211584472f,-0.04717442063257914f,-0.1301333924202829f,1.0163333537960648f,-0.5561501420230548f,-0.046018476998073994f,1.0166524092256435f,0.12803823809183004f,-1.825489858737205f,0f,0f,0f,1f], start_interpolation: 0, interpolation_duration: 1 }
$data merge entity $(bone_segment12) { transformation: [-1.1125741449438384f,-0.06993274617666577f,-0.04197694851168829f,0.05442707995611426f,-0.05332118722964534f,0.18915871205349927f,1.0981118858469565f,-0.3276362616899684f,-0.0617211810206512f,1.0971792350651408f,-0.19199506021500834f,-0.5000384338262965f,0f,0f,0f,1f], start_interpolation: 0, interpolation_duration: 1 }
$data merge entity $(bone_segment11) { transformation: [-1.1892383314570594f,-0.053001451481042676f,-0.005087043884134003f,-0.010225200789446057f,-0.036285239373345296f,0.7234958733799919f,0.944648052709097f,0.5083757143402997f,-0.03896682278805213f,0.9438577266857396f,-0.7243873407085323f,0.5906294033767469f,0f,0f,0f,1f], start_interpolation: 0, interpolation_duration: 1 }
$data merge entity $(bone_segment10) { transformation: [-1.0480454688049277f,-0.008053721280408427f,0.014526903185830616f,-0.02471028331441271f,0f,0.9167208139802989f,0.5082304076307043f,1.4468042767697349f,-0.016610037406128837f,0.5081665915957181f,-0.9166057057800433f,1.1107303632749044f,0f,0f,0f,1f], start_interpolation: 0, interpolation_duration: 1 }