# This file was generated by Animated Java via MC-Build. It is not recommended to edit this file directly.
$data merge entity $(bone_neck_spine5) { transformation: [-1.572174156582072f,-0.004036759528271006f,0.01647183974556043f,0.1084123039616029f,0f,1.5270765320814321f,0.3742411798864324f,4.441106522710807f,-0.016959272746568794f,0.3742194079618263f,-1.5269876925925927f,-0.3693282919806826f,0f,0f,0f,1f], start_interpolation: 0, interpolation_duration: 1 }
$data merge entity $(bone_neck_spine2) { transformation: [-1.4973087205543538f,-0.0024930868409648596f,0.015958118746111093f,-0.02383067707247353f,0f,1.479450323083865f,0.2311298838555414f,5.711495031068641f,-0.016151688330065514f,0.2311164376003563f,-1.4793642543062333f,1.4784040935292317f,0f,0f,0f,1f], start_interpolation: 0, interpolation_duration: 1 }
$data merge entity $(bone_scale_neck_left1) { transformation: [-1.5922148098589708f,0.4077664173155614f,0.10785930193110724f,0.7641175636465048f,0.4090084780592688f,1.3897246239013725f,0.7838575224079329f,4.825767879776361f,0.10304923570349797f,0.7845043654878496f,-1.4446414213877106f,1.3143485325424047f,0f,0f,0f,1f], start_interpolation: 0, interpolation_duration: 1 }
$data merge entity $(bone_scale_neck_right1) { transformation: [-1.589621348985871f,-0.42459468851129517f,-0.07667071262228216f,-0.8080565929355664f,-0.4090084780592688f,1.3897246239013725f,0.7838575224079329f,4.825767879776361f,-0.13737216807509844f,0.7755255644063955f,-1.4466319736644018f,1.2973892597958359f,0f,0f,0f,1f], start_interpolation: 0, interpolation_duration: 1 }
$data merge entity $(bone_blush_right1) { transformation: [-0.9999418238136902f,-0.005191512163794294f,0.00945500870459848f,-0.6970860946162377f,0f,0.8765579392738775f,0.48129635267258547f,4.091489211991254f,-0.01078651881520897f,0.4812683526863021f,-0.8765069444758911f,2.462836053744889f,0f,0f,0f,1f], start_interpolation: 0, interpolation_duration: 1 }
$data merge entity $(bone_blush_left1) { transformation: [-0.9999418238136902f,-0.005191512163794294f,0.00945500870459848f,0.6280321230743654f,0f,0.8765579392738775f,0.48129635267258547f,4.091489211991254f,-0.01078651881520897f,0.4812683526863021f,-0.8765069444758911f,2.4771302979169967f,0f,0f,0f,1f], start_interpolation: 0, interpolation_duration: 1 }
$data merge entity $(bone_left_head_scales) { transformation: [-0.8913250674282055f,-0.005191512163794294f,-0.45333505531290885f,0.6391886822882541f,-0.22223792340164614f,0.8765579392738775f,0.42691507878974927f,4.92054081507518f,0.3951581070612485f,0.4812683526863021f,-0.7824518152106138f,2.4840424985496528f,0f,0f,0f,1f], start_interpolation: 0, interpolation_duration: 1 }
$data merge entity $(bone_left_head_scales2) { transformation: [-0.8245275593454989f,-0.005191512163794294f,-0.56579797815228f,0.6422601688010935f,-0.2760602467946978f,0.8765579392738775f,0.39425489120058393f,4.051930536786128f,0.4939079307111857f,0.4812683526863021f,-0.724179348423585f,2.1993067206694703f,0f,0f,0f,1f], start_interpolation: 0, interpolation_duration: 1 }
$data merge entity $(bone_left_head_scales1) { transformation: [-0.9999418238136902f,-0.005191512163794294f,0.00945500870459848f,0.6397717134394615f,0f,0.8765579392738775f,0.48129635267258547f,4.822099249629383f,-0.01078651881520897f,0.4812683526863021f,-0.8765069444758911f,2.4299938065975777f,0f,0f,0f,1f], start_interpolation: 0, interpolation_duration: 1 }
$data merge entity $(bone_right_head_scales) { transformation: [-0.8825933931132585f,-0.005191512163794294f,0.4701084456104553f,-0.7083891662106644f,0.22223792340164614f,0.8765579392738775f,0.42691507878974927f,4.92054081507518f,-0.41429362514399065f,0.4812683526863021f,-0.7724904950015011f,2.469505979052594f,0f,0f,0f,1f], start_interpolation: 0, interpolation_duration: 1 }
$data merge entity $(bone_right_head_scales2) { transformation: [-0.8136812189485955f,-0.005191512163794294f,0.581288157570564f,-0.705317679697825f,0.2760602467946978f,0.8765579392738775f,0.39425489120058393f,4.051930536786128f,-0.5115795285876659f,0.4812683526863021f,-0.7118055623782629f,2.1847702011724115f,0f,0f,0f,1f], start_interpolation: 0, interpolation_duration: 1 }
$data merge entity $(bone_right_head_scales1) { transformation: [-0.9999418238136902f,-0.005191512163794294f,0.00945500870459848f,-0.707806135059457f,0f,0.8765579392738775f,0.48129635267258547f,4.822099249629383f,-0.01078651881520897f,0.4812683526863021f,-0.8765069444758911f,2.415457287100519f,0f,0f,0f,1f], start_interpolation: 0, interpolation_duration: 1 }
$data merge entity $(bone_head_left_fin1) { transformation: [-0.7353155493653418f,0.019873207654550383f,-0.7467203603118362f,0.6427544563413055f,-0.10801516074930001f,1.033964782475425f,0.13388335099639392f,4.493482398616115f,0.7391339296332041f,0.1708715372531067f,-0.7232974145169551f,2.153484820859586f,0f,0f,0f,1f], start_interpolation: 0, interpolation_duration: 1 }
$data merge entity $(bone_head_right_fin1) { transformation: [-0.7192000064876367f,-0.023554586852364036f,0.7621494145714286f,-0.704823392157613f,0.10801516074930001f,1.033964782475425f,0.13388335099639392f,4.493482398616115f,-0.7548240018319899f,0.17040307527722362f,-0.7070210154016492f,2.138948301362527f,0f,0f,0f,1f], start_interpolation: 0, interpolation_duration: 1 }
$data merge entity $(bone_right_whisker16) { transformation: [0.2604996314684835f,0.9217456833744979f,-0.28727136506318207f,-1.2314852631818372f,0.957701394284664f,-0.2843781795050379f,-0.044012389239973526f,1.7560270180949387f,-0.12226193761753894f,-0.26365497568200763f,-0.9568375371023681f,2.1072666297409173f,0f,0f,0f,1f], start_interpolation: 0, interpolation_duration: 1 }
$data merge entity $(bone_right_whisker15) { transformation: [-0.8798579963048294f,0.37858297525534157f,-0.28727136506318207f,-0.935048731223667f,0.40695040103692015f,0.9123893251728009f,-0.044012389239973526f,1.6189197052455857f,0.2454409856449006f,-0.15562984982815703f,-0.9568375371023681f,2.0245741101632895f,0f,0f,0f,1f], start_interpolation: 0, interpolation_duration: 1 }
$data merge entity $(bone_right_whisker14) { transformation: [-0.714956755490421f,-0.6374260746104964f,-0.28727136506318207f,-0.6941697462195704f,-0.65492087911232f,0.7544147080327471f,-0.044012389239973526f,1.8395717592433884f,0.24477638750777497f,0.15667305993858227f,-0.9568375371023681f,1.9421055030439707f,0f,0f,0f,1f], start_interpolation: 0, interpolation_duration: 1 }
$data merge entity $(bone_right_whisker13) { transformation: [-0.09250686822657389f,-0.9939634679509824f,-0.05898392755461056f,-0.6630028814362032f,-0.98447552023143f,0.08242799152221976f,0.15496314490441992f,2.1712554061963605f,-0.14916577823336907f,0.0724033879902668f,-0.9861578575520071f,1.9923615513745492f,0f,0f,0f,1f], start_interpolation: 0, interpolation_duration: 1 }
$data merge entity $(bone_right_whisker12) { transformation: [0.07108542538097953f,-0.9967626781698664f,-0.03756362211023509f,-0.6949357873690651f,-0.9278205082422062f,-0.07990021270178713f,0.36436940115133654f,2.588049775133289f,-0.3661911615312139f,0.008950945081080925f,-0.9304965952643655f,2.156861487218649f,0f,0f,0f,1f], start_interpolation: 0, interpolation_duration: 1 }
$data merge entity $(bone_right_whisker11) { transformation: [0.2929551315186489f,-0.9560170028311153f,-0.014449263465743281f,-0.8265367253559582f,-0.9535802226838263f,-0.29324379683068286f,0.0685042664845765f,3.016415890792039f,-0.06972840040583017f,-0.006290144524296937f,-0.9975461815167798f,2.188184792088456f,0f,0f,0f,1f], start_interpolation: 0, interpolation_duration: 1 }
$data merge entity $(bone_right_whisker10) { transformation: [0.06852286286581091f,-0.9928505048161561f,0.09773685257351655f,-0.8573184801589592f,-0.9811192502584593f,-0.08482321970838859f,-0.17381035116063046f,3.457153053994081f,0.18085804941155514f,-0.08398152466231183f,-0.9799170727558743f,2.1069399652043588f,0f,0f,0f,1f], start_interpolation: 0, interpolation_duration: 1 }
$data merge entity $(bone_right_whisker1) { transformation: [-0.3391319402607423f,-0.9382998615920998f,0.06769709618019727f,-0.7049740538699538f,-0.9351551251644319f,0.3440738604045248f,0.08425004727015811f,3.8772422703765406f,-0.10234460891361397f,-0.034735404453873076f,-0.9941423603809193f,2.152915082489771f,0f,0f,0f,1f], start_interpolation: 0, interpolation_duration: 1 }
$data merge entity $(bone_left_whisker16) { transformation: [0.25780160579368455f,-0.9158436872042417f,0.3078452089254221f,1.1699772043463623f,-0.957701394284664f,-0.2843781795050379f,-0.044012389239973526f,1.7560270180949387f,0.12785292892776542f,-0.28347732119084856f,-0.9504179275113934f,2.1331715568807956f,0f,0f,0f,1f], start_interpolation: 0, interpolation_duration: 1 }
$data merge entity $(bone_left_whisker15) { transformation: [-0.8743586555478244f,-0.3751376664776067f,0.3078452089254221f,0.8753934776237066f,-0.40695040103692015f,0.9123893251728009f,-0.044012389239973526f,1.6189197052455857f,-0.2643639774335579f,-0.16376034471280596f,-0.9504179275113934f,2.0441036152649974f,0f,0f,0f,1f], start_interpolation: 0, interpolation_duration: 1 }
$data merge entity $(bone_left_whisker14) { transformation: [-0.709510123484969f,0.633898029665661f,0.3078452089254221f,0.6363495395355093f,0.65492087911232f,0.7544147080327471f,-0.044012389239973526f,1.8395717592433884f,-0.2601423202308498f,0.170387019135431f,-0.9504179275113934f,1.956458009327846f,0f,0f,0f,1f], start_interpolation: 0, interpolation_duration: 1 }
$data merge entity $(bone_left_whisker13) { transformation: [-0.09570311380396332f,0.9921703045187237f,0.0802433850198813f,0.6041058146699162f,0.98447552023143f,0.08242799152221976f,0.15496314490441992f,2.1712554061963605f,0.1471355296088643f,0.0938281037047863f,-0.9846559921525299f,2.0060300383464575f,0f,0f,0f,1f], start_interpolation: 0, interpolation_duration: 1 }
$data merge entity $(bone_left_whisker12) { transformation: [0.06316948782218702f,0.9963376456705091f,0.057627351388293446f,0.6324827330275393f,0.9278205082422062f,-0.07990021270178713f,0.36436940115133654f,2.588049775133289f,0.36763938893086107f,0.030450810004931675f,-0.9294697563001104f,2.1711805450927426f,0f,0f,0f,1f], start_interpolation: 0, interpolation_duration: 1 }
$data merge entity $(bone_left_whisker11) { transformation: [0.2913827955582599f,0.9559302292394055f,0.035964750505893636f,0.7633773482197265f,0.9535802226838263f,-0.29324379683068286f,0.0685042664845765f,3.016415890792039f,0.07603173915489492f,0.014334310120234381f,-0.9970023581689559f,2.2053354279162307f,0f,0f,0f,1f], start_interpolation: 0, interpolation_duration: 1 }
$data merge entity $(bone_left_whisker10) { transformation: [0.07240834825645719f,0.9944311017047898f,-0.0765755513526997f,0.7959045359130569f,0.9811192502584593f,-0.08482321970838859f,-0.17381035116063046f,3.457153053994081f,-0.17933780380904318f,-0.06254442709387285f,-0.9817974061711757f,2.124773523861387f,0f,0f,0f,1f], start_interpolation: 0, interpolation_duration: 1 }
$data merge entity $(bone_left_whisker1) { transformation: [-0.3412607805976314f,0.9388308257063146f,-0.04623592033792622f,0.6426037946289647f,0.9351551251644319f,0.3440738604045248f,0.08425004727015811f,3.8772422703765406f,0.0950051130444648f,-0.014486520973904682f,-0.9953713725065039f,2.16745160198683f,0f,0f,0f,1f], start_interpolation: 0, interpolation_duration: 1 }
$data merge entity $(bone_upper_left_tooth1) { transformation: [-0.9999418238136902f,-0.004347698586315827f,0.009871499640551302f,0.2666771379482313f,0f,0.915170112773781f,0.4030678164845531f,3.812181604584504f,-0.01078651881520897f,0.4030443675361658f,-0.9151168716667952f,3.1792880562214023f,0f,0f,0f,1f], start_interpolation: 0, interpolation_duration: 1 }
$data merge entity $(bone_upper_right_tooth1) { transformation: [-0.9999418238136902f,-0.004347698586315827f,0.009871499640551302f,-0.4071117863012279f,0f,0.915170112773781f,0.4030678164845531f,3.812181604584504f,-0.01078651881520897f,0.4030443675361658f,-0.9151168716667952f,3.172019796472873f,0f,0f,0f,1f], start_interpolation: 0, interpolation_duration: 1 }
$data merge entity $(bone_top_lip1) { transformation: [-0.9999418238136902f,0.001251803283961924f,0.0107136350828801f,-0.04267951993619971f,0f,0.9932430718772676f,-0.1160525750158507f,3.9252372874613433f,-0.01078651881520897f,-0.11604582351962489f,-0.9931852887832672f,3.2257469232989946f,0f,0f,0f,1f], start_interpolation: 0, interpolation_duration: 1 }
$data merge entity $(bone_muzzle1) { transformation: [-0.9999418238136902f,-0.004347698586315827f,0.009871499640551302f,-0.03786884192137791f,0f,0.915170112773781f,0.4030678164845531f,4.3057361536059675f,-0.01078651881520897f,0.4030443675361658f,-0.9151168716667952f,2.7797830094235856f,0f,0f,0f,1f], start_interpolation: 0, interpolation_duration: 1 }
$data merge entity $(bone_jaw_right_tooth1) { transformation: [-0.9999418238136902f,0.0012626788769287446f,0.010712358760077777f,-0.40675364991645363f,0f,0.9931247461389836f,-0.11706083293048805f,3.5935872875877712f,-0.01078651881520897f,-0.11705402277766203f,-0.9930669699287235f,3.1388195067500773f,0f,0f,0f,1f], start_interpolation: 0, interpolation_duration: 1 }
$data merge entity $(bone_jaw_left_tooth1) { transformation: [-0.9999418238136902f,0.0012626788769287446f,0.010712358760077777f,0.32318435135379386f,0f,0.9931247461389836f,-0.11706083293048805f,3.5935872875877712f,-0.01078651881520897f,-0.11705402277766203f,-0.9930669699287235f,3.1466934548109844f,0f,0f,0f,1f], start_interpolation: 0, interpolation_duration: 1 }
$data merge entity $(bone_tongue1) { transformation: [-0.9999418238136902f,-0.003974833910723693f,0.01002744651110232f,-0.03379634413281261f,0f,0.9296276846023429f,0.3685001601368541f,3.8845433644270644f,-0.01078651881520897f,0.3684787222028828f,-0.9295736024089649f,2.4022505602673907f,0f,0f,0f,1f], start_interpolation: 0, interpolation_duration: 1 }
$data merge entity $(bone_jaw_lips1) { transformation: [-0.9999418238136902f,-0.003974833910723693f,0.01002744651110232f,0.013857048836940703f,0f,0.9296276846023429f,0.3685001601368541f,3.433407557286852f,-0.01078651881520897f,0.3684787222028828f,-0.9295736024089649f,3.1904309935066095f,0f,0f,0f,1f], start_interpolation: 0, interpolation_duration: 1 }
$data merge entity $(bone_jaw3) { transformation: [-0.9999418238136902f,-0.0006166856296377079f,0.010768875845930042f,0.023584153466581517f,0f,0.9983643500205043f,0.05717188651895588f,3.400681818038893f,-0.01078651881520897f,0.05716856047663399f,-0.9983062689900726f,2.2886999614265258f,0f,0f,0f,1f], start_interpolation: 0, interpolation_duration: 1 }
$data merge entity $(bone_jaw1) { transformation: [-0.9999418238136902f,-0.00805080772699027f,0.007178682545836031f,0.030033751066356078f,0f,0.665523573343617f,0.74637683064518f,4.071254751821672f,-0.01078651881520897f,0.746333409287623f,-0.6654848557202206f,1.6908034113653898f,0f,0f,0f,1f], start_interpolation: 0, interpolation_duration: 1 }
$data merge entity $(bone_tear_right1) { transformation: [-0.9999418238136902f,-0.005191512163794294f,0.00945500870459848f,-0.6439332842427671f,0f,0.8765579392738775f,0.48129635267258547f,4.387388038217937f,-0.01078651881520897f,0.4812683526863021f,-0.8765069444758911f,2.741204418531379f,0f,0f,0f,1f], start_interpolation: 0, interpolation_duration: 1 }
$data merge entity $(bone_right_pupil1) { transformation: [-0.9999418238136902f,-0.005191512163794294f,0.00945500870459848f,-0.45986182565819395f,0f,0.8765579392738775f,0.48129635267258547f,4.453398501774664f,-0.01078651881520897f,0.4812683526863021f,-0.8765069444758911f,2.8563133811324617f,0f,0f,0f,1f], start_interpolation: 0, interpolation_duration: 1 }
$data merge entity $(bone_right_sad_pupil1) { transformation: [-0.9999418238136902f,-0.005191512163794294f,0.00945500870459848f,-0.459755641478406f,0f,0.8765579392738775f,0.48129635267258547f,4.458803685422842f,-0.01078651881520897f,0.4812683526863021f,-0.8765069444758911f,2.8464697972833672f,0f,0f,0f,1f], start_interpolation: 0, interpolation_duration: 1 }
$data merge entity $(bone_right_happy_pupil1) { transformation: [-0.9999418238136902f,-0.005191512163794294f,0.00945500870459848f,-0.48768406471260495f,0f,0.8765579392738775f,0.48129635267258547f,4.434193609074402f,-0.01078651881520897f,0.4812683526863021f,-0.8765069444758911f,2.8326549569713793f,0f,0f,0f,1f], start_interpolation: 0, interpolation_duration: 1 }
$data merge entity $(bone_eyelid_right1) { transformation: [-0.9999418238136902f,-0.005191512163794294f,0.00945500870459848f,-0.02180666449924109f,0f,0.8765579392738775f,0.48129635267258547f,4.679842085108866f,-0.01078651881520897f,0.4812683526863021f,-0.8765069444758911f,2.331930062734317f,0f,0f,0f,1f], start_interpolation: 0, interpolation_duration: 1 }
$data merge entity $(bone_eyelid_expressions_right5) { transformation: [-0.9999418238136902f,-0.005191512163794294f,0.00945500870459848f,-0.5894811904233334f,0f,0.8765579392738775f,0.48129635267258547f,4.557245250868639f,-0.01078651881520897f,0.4812683526863021f,-0.8765069444758911f,2.899125409993379f,0f,0f,0f,1f], start_interpolation: 0, interpolation_duration: 1 }
$data merge entity $(bone_eyelid_expressions_right7) { transformation: [-0.9999418238136902f,-0.005191512163794294f,0.00945500870459848f,-0.25258672829860374f,0f,0.8765579392738775f,0.48129635267258547f,4.557245250868639f,-0.01078651881520897f,0.4812683526863021f,-0.8765069444758911f,2.902759539867644f,0f,0f,0f,1f], start_interpolation: 0, interpolation_duration: 1 }
$data merge entity $(bone_eyelid_expressions_right6) { transformation: [-0.9999418238136902f,-0.005191512163794294f,0.00945500870459848f,-0.3648848823401803f,0f,0.8765579392738775f,0.48129635267258547f,4.557245250868639f,-0.01078651881520897f,0.4812683526863021f,-0.8765069444758911f,2.901548163242889f,0f,0f,0f,1f], start_interpolation: 0, interpolation_duration: 1 }
$data merge entity $(bone_right_eye1) { transformation: [-0.9999418238136902f,-0.005191512163794294f,0.00945500870459848f,-0.03314266408318672f,0f,0.8765579392738775f,0.48129635267258547f,4.6744369014606875f,-0.01078651881520897f,0.4812683526863021f,-0.8765069444758911f,2.341652508920936f,0f,0f,0f,1f], start_interpolation: 0, interpolation_duration: 1 }
$data merge entity $(bone_tear_left1) { transformation: [-0.9999418238136902f,-0.005191512163794294f,0.00945500870459848f,0.5688867794062596f,0f,0.8765579392738775f,0.48129635267258547f,4.387388038217937f,-0.01078651881520897f,0.4812683526863021f,-0.8765069444758911f,2.7542872860787324f,0f,0f,0f,1f], start_interpolation: 0, interpolation_duration: 1 }
$data merge entity $(bone_left_sad_pupil1) { transformation: [-0.9999418238136902f,-0.005191512163794294f,0.00945500870459848f,0.382480513833418f,0f,0.8765579392738775f,0.48129635267258547f,4.458803685422842f,-0.01078651881520897f,0.4812683526863021f,-0.8765069444758911f,2.855555121969029f,0f,0f,0f,1f], start_interpolation: 0, interpolation_duration: 1 }
$data merge entity $(bone_left_pupil1) { transformation: [-0.9999418238136902f,-0.005191512163794294f,0.00945500870459848f,0.38237432965363005f,0f,0.8765579392738775f,0.48129635267258547f,4.453398501774664f,-0.01078651881520897f,0.4812683526863021f,-0.8765069444758911f,2.8653987058181234f,0f,0f,0f,1f], start_interpolation: 0, interpolation_duration: 1 }
$data merge entity $(bone_eyelid_left1) { transformation: [-0.9999418238136902f,-0.005191512163794294f,0.00945500870459848f,-0.0442662953075564f,0f,0.8765579392738775f,0.48129635267258547f,4.679842085108866f,-0.01078651881520897f,0.4812683526863021f,-0.8765069444758911f,2.3316877874093658f,0f,0f,0f,1f], start_interpolation: 0, interpolation_duration: 1 }
$data merge entity $(bone_left_happy_pupil1) { transformation: [-0.9999418238136902f,-0.005191512163794294f,0.00945500870459848f,0.4107011676200073f,0f,0.8765579392738775f,0.48129635267258547f,4.434193609074402f,-0.01078651881520897f,0.4812683526863021f,-0.8765069444758911f,2.8423459699694185f,0f,0f,0f,1f], start_interpolation: 0, interpolation_duration: 1 }
$data merge entity $(bone_eyelid_expressions_left5) { transformation: [-0.9999418238136902f,-0.005191512163794294f,0.00945500870459848f,0.5110407191841166f,0f,0.8765579392738775f,0.48129635267258547f,4.557245250868639f,-0.01078651881520897f,0.4812683526863021f,-0.8765069444758911f,2.9109969009159773f,0f,0f,0f,1f], start_interpolation: 0, interpolation_duration: 1 }
$data merge entity $(bone_eyelid_expressions_left7) { transformation: [-0.9999418238136902f,-0.005191512163794294f,0.00945500870459848f,0.17414625705938702f,0f,0.8765579392738775f,0.48129635267258547f,4.557245250868639f,-0.01078651881520897f,0.4812683526863021f,-0.8765069444758911f,2.9073627710417127f,0f,0f,0f,1f], start_interpolation: 0, interpolation_duration: 1 }
$data merge entity $(bone_eyelid_expressions_left6) { transformation: [-0.9999418238136902f,-0.005191512163794294f,0.00945500870459848f,0.2864444111009636f,0f,0.8765579392738775f,0.48129635267258547f,4.557245250868639f,-0.01078651881520897f,0.4812683526863021f,-0.8765069444758911f,2.9085741476664677f,0f,0f,0f,1f], start_interpolation: 0, interpolation_duration: 1 }
$data merge entity $(bone_left_eye1) { transformation: [-0.9999418238136902f,-0.005191512163794294f,0.00945500870459848f,-0.03314266408318672f,0f,0.8765579392738775f,0.48129635267258547f,4.6744369014606875f,-0.01078651881520897f,0.4812683526863021f,-0.8765069444758911f,2.341652508920936f,0f,0f,0f,1f], start_interpolation: 0, interpolation_duration: 1 }
$data merge entity $(bone_crest_middle5) { transformation: [-0.9999418238136902f,-0.0030220141626222372f,0.010354536134070311f,-0.04484424828152064f,0f,0.959951612884635f,0.28016584538481537f,5.659626997189475f,-0.01078651881520897f,0.28014954640439654f,-0.9598957665607556f,3.426423568541508f,0f,0f,0f,1f], start_interpolation: 0, interpolation_duration: 1 }
$data merge entity $(bone_crest_middle4) { transformation: [-0.9999418238136902f,-0.0030220141626222372f,0.010354536134070311f,-0.04280793014459745f,0f,0.959951612884635f,0.28016584538481537f,5.012784601788696f,-0.01078651881520897f,0.28014954640439654f,-0.9598957665607556f,3.237650924968233f,0f,0f,0f,1f], start_interpolation: 0, interpolation_duration: 1 }
$data merge entity $(bone_crest_middle1) { transformation: [-0.9999418238136902f,-0.0030220141626222372f,0.010354536134070311f,-0.04215284247162465f,0f,0.959951612884635f,0.28016584538481537f,4.504054751267924f,-0.01078651881520897f,0.28014954640439654f,-0.9598957665607556f,3.176922382822952f,0f,0f,0f,1f], start_interpolation: 0, interpolation_duration: 1 }
$data merge entity $(bone_crest_left5) { transformation: [-0.5328898733549268f,-0.837658877027183f,0.11981647888887738f,-1.1468895695421877f,-0.7392814677429592f,0.5297667678180267f,0.41570432180512323f,5.049925234770144f,-0.4116932041309236f,0.13294652102706525f,-0.901573029886772f,3.1925007276145014f,0f,0f,0f,1f], start_interpolation: 0, interpolation_duration: 1 }
$data merge entity $(bone_crest_left4) { transformation: [-0.5328898733549268f,-0.837658877027183f,0.11981647888887738f,-0.676524477461494f,-0.7392814677429592f,0.5297667678180267f,0.41570432180512323f,4.752448778231701f,-0.4116932041309236f,0.13294652102706525f,-0.901573029886772f,3.117848140123718f,0f,0f,0f,1f], start_interpolation: 0, interpolation_duration: 1 }
$data merge entity $(bone_crest_left1) { transformation: [-0.5328898733549268f,-0.837658877027183f,0.11981647888887738f,-0.1523949000632489f,-0.7392814677429592f,0.5297667678180267f,0.41570432180512323f,4.448567448015776f,-0.4116932041309236f,0.13294652102706525f,-0.901573029886772f,2.9851048551939248f,0f,0f,0f,1f], start_interpolation: 0, interpolation_duration: 1 }
$data merge entity $(bone_crest_center1) { transformation: [-0.9999418238136902f,-0.005191512163794294f,0.00945500870459848f,-0.03995099009957021f,0f,0.8765579392738775f,0.48129635267258547f,4.423957371667337f,-0.01078651881520897f,0.4812683526863021f,-0.8765069444758911f,2.9728042317864753f,0f,0f,0f,1f], start_interpolation: 0, interpolation_duration: 1 }
$data merge entity $(bone_crest_right5) { transformation: [-0.5416468272544821f,0.8345960620535279f,-0.1003400604439567f,1.0619907619311948f,0.7392814677429592f,0.5297667678180267f,0.41570432180512323f,5.049925234770145f,0.4001020194612487f,0.1509853798232956f,-0.9039478907009221f,3.2163282430644626f,0f,0f,0f,1f], start_interpolation: 0, interpolation_duration: 1 }
$data merge entity $(bone_crest_right4) { transformation: [-0.5416468272544821f,0.8345960620535279f,-0.1003400604439567f,0.5933455122429345f,0.7392814677429592f,0.5297667678180267f,0.41570432180512323f,4.7524487782317015f,0.4001020194612487f,0.1509853798232956f,-0.9039478907009221f,3.1315464135738424f,0f,0f,0f,1f], start_interpolation: 0, interpolation_duration: 1 }
$data merge entity $(bone_crest_right1) { transformation: [-0.5416468272544821f,0.8345960620535279f,-0.1003400604439567f,0.07220140801990417f,0.7392814677429592f,0.5297667678180267f,0.41570432180512323f,4.448567448015777f,0.4001020194612487f,0.1509853798232956f,-0.9039478907009221f,2.987527608443435f,0f,0f,0f,1f], start_interpolation: 0, interpolation_duration: 1 }
$data merge entity $(bone_head1) { transformation: [-1.0481161043880471f,-0.005441624077935423f,0.009910523446877307f,-0.02701101861924462f,0f,0.9187879441607696f,0.5044838071633218f,4.922501219387604f,-0.011306181831045856f,0.5044544582193659f,-0.918734492582151f,1.7732310512447023f,0f,0f,0f,1f], start_interpolation: 0, interpolation_duration: 1 }
$data merge entity $(bone_neck10) { transformation: [-1.4973087205543538f,-0.004554710612358581f,0.01549618169579986f,-0.014603575977279645f,0f,1.436624916831395f,0.4222595529093641f,4.7923736757861075f,-0.016151688330065514f,0.4222349874589428f,-1.4365413394725761f,0.6230248506328089f,0f,0f,0f,1f], start_interpolation: 0, interpolation_duration: 1 }
$data merge entity $(bone_neck9) { transformation: [-1.1454411712240813f,-0.005946917742315146f,0.01083078633837307f,-0.007555091910523726f,0f,1.0041039675471277f,0.5513287321142022f,3.485607406749857f,-0.012356041572500125f,0.5512966579111647f,-1.0040455526076375f,-0.030390225498693413f,0f,0f,0f,1f], start_interpolation: 0, interpolation_duration: 1 }
$data merge entity $(bone_neck8) { transformation: [-1.0630891915935914f,0.00272180172045297f,0.011140013877799435f,-0.009936540570644541f,0f,1.0327719321355133f,-0.25233365528600715f,2.7229783772019127f,-0.011467698714346516f,-0.2523189754762651f,-1.032711849403174f,0.19037702641229715f,0f,0f,0f,1f], start_interpolation: 0, interpolation_duration: 1 }
$data merge entity $(bone_neck7) { transformation: [-1.0556026479908194f,0.006232773307499032f,0.009529687595681083f,-0.01577722468632227f,0f,0.8834812935424766f,-0.5778299203178355f,1.9357894590723062f,-0.011386940272696188f,-0.5777963043767358f,-0.8834298959701424f,0.7318255166068877f,0f,0f,0f,1f], start_interpolation: 0, interpolation_duration: 1 }
$data merge entity $(bone_neck6) { transformation: [-1.049613413108602f,0.0045698385252524835f,0.010359141478766558f,-0.019727268162352186f,0f,0.9603785666382179f,-0.4236620362455607f,1.083551705635819f,-0.011322333519375925f,-0.42363738920400773f,-0.9603226954757973f,1.0980060930497244f,0f,0f,0f,1f], start_interpolation: 0, interpolation_duration: 1 }
$data merge entity $(bone_neck_spine6) { transformation: [-1.26893830713976f,-0.0770387754801684f,-0.06201587105335005f,0.07799690846568444f,-0.06571565474348824f,0.060364027890975225f,1.2696546795783183f,0.2032026545562542f,-0.07390800979341944f,1.2690179587878194f,-0.06415913714415174f,-1.4960831671151025f,0f,0f,0f,1f], start_interpolation: 0, interpolation_duration: 1 }
$data merge entity $(bone_neck_spine7) { transformation: [-0.9975028541675159f,0.019654932077938166f,-0.06783612291891772f,0.17179731262758186f,-0.050812386545634455f,0.46738007382470337f,0.8825950192274777f,-0.2002875955113661f,0.04905259729306808f,0.8838379660529562f,-0.46521424361489394f,-5.18664435155897f,0f,0f,0f,1f], start_interpolation: 0, interpolation_duration: 1 }
$data merge entity $(bone_tail6) { transformation: [-1.441083257158089f,0.6558092248062006f,0.6771227688719746f,-0.9139766670620029f,0.7146148386031461f,-0.046623208936035804f,1.5660312405452943f,-0.6007393729838679f,0.6147410966528586f,1.5915534783898166f,-0.23313697055260083f,-8.74607939456073f,0f,0f,0f,1f], start_interpolation: 0, interpolation_duration: 1 }
$data merge entity $(bone_tail5) { transformation: [-1.1904600820001603f,0.5417554465790353f,0.5593622873290226f,-0.571815332380507f,0.5903339971069468f,-0.03851482477324697f,1.2936779813200256f,-0.6250645254722345f,0.5078296015827962f,1.314761569104631f,-0.1925914104564963f,-7.9157036667051734f,0f,0f,0f,1f], start_interpolation: 0, interpolation_duration: 1 }
$data merge entity $(bone_tail4) { transformation: [-0.8771811130527496f,0.39918822379507857f,0.4121616854003324f,-0.400734665039759f,0.43498294523669756f,-0.02837934456976092f,0.9532364072884398f,-0.6372271017164177f,0.3741902327452182f,0.9687716824981492f,-0.1419094603363657f,-7.500515802777395f,0f,0f,0f,1f], start_interpolation: 0, interpolation_duration: 1 }
$data merge entity $(bone_segment18) { transformation: [-0.8368634718316916f,0.32079943890859103f,0.44356200187768585f,-0.22059826135573574f,0.41498994030035247f,-0.1566358323782225f,0.8962413544713785f,-0.725181792749111f,0.356991427016556f,0.9341054201807817f,-0.002045733503776806f,-6.9759937162501f,0f,0f,0f,1f], start_interpolation: 0, interpolation_duration: 1 }
$data merge entity $(bone_segment17) { transformation: [-0.940424826784461f,0.3375317536472303f,0.0409079509049454f,0.025793326389679266f,-0.0006998159945565963f,-0.12223824061410679f,0.992500540447783f,-0.8144133209317721f,0.340000963858913f,0.9333435207957429f,0.11519208637583156f,-6.294671175434847f,0f,0f,0f,1f], start_interpolation: 0, interpolation_duration: 1 }
$data merge entity $(bone_segment16) { transformation: [-0.9844380330717748f,0.17064287401376646f,-0.041985337799005276f,0.1886872808315317f,-0.0215954812288321f,0.11963307150351611f,0.9925832778125621f,-0.700212805897898f,0.17440009814294816f,0.9780434232440586f,-0.11408623061865841f,-5.361040856859585f,0f,0f,0f,1f], start_interpolation: 0, interpolation_duration: 1 }
$data merge entity $(bone_segment15) { transformation: [-0.9975028541675159f,0.036542487065369444f,-0.06043759233073554f,0.23177815303019733f,-0.050812386545634455f,0.22302208391147563f,0.9734881876331729f,-0.4372253387854891f,0.04905259729306808f,0.9741282239658495f,-0.22060835426598008f,-4.212349616196731f,0f,0f,0f,1f], start_interpolation: 0, interpolation_duration: 1 }
$data merge entity $(bone_segment14) { transformation: [-1.0461954777390428f,-0.030903098439716184f,-0.05652626726021012f,0.19701216728551663f,-0.058380971429070026f,0.06594494847980993f,1.0444702599740048f,-0.3630372717457029f,-0.027237521152733434f,1.0456440409154508f,-0.0675415069763327f,-3.036000070166849f,0f,0f,0f,1f], start_interpolation: 0, interpolation_duration: 1 }
$data merge entity $(bone_segment13) { transformation: [-1.0226149886949831f,-0.05246249018906778f,-0.05999903201476795f,0.1354697045767988f,-0.05295908646975229f,-0.12976822025049012f,1.0160950526385302f,-0.5471399287979863f,-0.05956116083352037f,1.0161208136631048f,0.12666717011120612f,-1.8156720523090426f,0f,0f,0f,1f], start_interpolation: 0, interpolation_duration: 1 }
$data merge entity $(bone_segment12) { transformation: [-1.1124059661383903f,-0.07016879540983596f,-0.04586052596867139f,0.050702032269614394f,-0.05703094785813458f,0.1862241740013657f,1.0984270158711449f,-0.32217112799096737f,-0.061435483865542484f,1.0976660595827485f,-0.1892849284913225f,-0.4896325172426348f,0f,0f,0f,1f], start_interpolation: 0, interpolation_duration: 1 }
$data merge entity $(bone_segment11) { transformation: [-1.1894547135801847f,-0.04740948777010106f,-0.008524417434899739f,-0.00826588970472603f,-0.03557273971541899f,0.7224879727643136f,0.9454462175509502f,0.512654843732059f,-0.03247930744900261f,0.9449266164955014f,-0.7233129508776572f,0.6022679160382785f,0f,0f,0f,1f], start_interpolation: 0, interpolation_duration: 1 }
$data merge entity $(bone_segment10) { transformation: [-1.0481161043880476f,-0.00546623951319692f,0.009896967878145112f,-0.019974635423471825f,0f,0.9175312302047264f,0.5067658627257511f,1.451913012864932f,-0.011306181831045859f,0.5067363810205058f,-0.917477851736933f,1.1209377612249096f,0f,0f,0f,1f], start_interpolation: 0, interpolation_duration: 1 }