# This file was generated by Animated Java via MC-Build. It is not recommended to edit this file directly.
$data merge entity $(bone_neck_spine5) { transformation: [-1.367142107833285f,-0.0025998293708719396f,0.010833191249832673f,0.09234262187493938f,5.929230630780103e-19f,1.3294395664639909f,0.3190487412234804f,3.8493402015594045f,-0.011140787468267204f,0.31903814844549505f,-1.3293954275712356f,-0.3537116657139519f,0f,0f,0f,1f], start_interpolation: 0, interpolation_duration: 1 }
$data merge entity $(bone_neck_spine2) { transformation: [-1.3020401026983663f,-0.001605092952567706f,0.01048816410461636f,-0.018380087233421792f,5.646886315028669e-19f,1.2870981429834656f,0.196975575320797f,4.960482513670188f,-0.010610273779302095f,0.19696903550957587f,-1.2870554098737164f,1.2493414101490354f,0f,0f,0f,1f], start_interpolation: 0, interpolation_duration: 1 }
$data merge entity $(bone_scale_neck_left1) { transformation: [-1.3842843902411424f,0.35640849688503423f,0.09049380468096425f,0.6663940417105382f,0.3559833393821884f,1.210562531824841f,0.6776973048691536f,4.189821518258668f,0.09215208852647787f,0.6774738063517727f,-1.258569287997378f,1.107276411554448f,0f,0f,0f,1f], start_interpolation: 0, interpolation_duration: 1 }
$data merge entity $(bone_scale_neck_right1) { transformation: [-1.382598766291788f,-0.3674018468573566f,-0.06997108529247546f,-0.7007480661227466f,-0.3559833393821884f,1.210562531824841f,0.6776973048691536f,4.189821518258668f,-0.1146993109548142f,0.6715755042215373f,-1.2598769100983065f,1.0961356240861808f,0f,0f,0f,1f], start_interpolation: 0, interpolation_duration: 1 }
$data merge entity $(bone_blush_right1) { transformation: [-0.9999667988723454f,-0.0038876003093684967f,0.007161544304745008f,-0.6016049992975722f,4.336808689942018e-19f,0.8788583286443801f,0.47708284204360907f,3.5555005020349695f,-0.00814869026250401f,0.47706700235526844f,-0.8788291495568205f,2.112507527992393f,0f,0f,0f,1f], start_interpolation: 0, interpolation_duration: 1 }
$data merge entity $(bone_blush_left1) { transformation: [-0.9999667988723454f,-0.0038876003093684967f,0.007161544304745008f,0.5507004915904822f,4.336808689942018e-19f,0.8788583286443801f,0.47708284204360907f,3.5555005020349695f,-0.00814869026250401f,0.47706700235526844f,-0.8788291495568205f,2.121897620287075f,0f,0f,0f,1f], start_interpolation: 0, interpolation_duration: 1 }
$data merge entity $(bone_left_head_scales) { transformation: [-0.8902882165696556f,-0.0038876003093684967f,-0.4553809152797869f,0.5604458707841293f,-0.2202923407118652f,0.8788583286443801f,0.4231776492161356f,4.27643498283f,0.39857016453933114f,0.47706700235526844f,-0.7832936225980964f,2.1244218742799097f,0f,0f,0f,1f], start_interpolation: 0, interpolation_duration: 1 }
$data merge entity $(bone_left_head_scales2) { transformation: [-0.8232325405784866f,-0.0038876003093684967f,-0.567690999309065f,0.5624340041843081f,-0.2736434763836023f,0.8788583286443801f,0.3908033853552245f,3.5199417316365955f,0.49740067547741357f,0.47706700235526844f,-0.7245685911619211f,1.8804480173944684f,0f,0f,0f,1f], start_interpolation: 0, interpolation_duration: 1 }
$data merge entity $(bone_left_head_scales1) { transformation: [-0.9999667988723454f,-0.0038876003093684967f,0.007161544304745008f,0.5608255192518411f,4.336808689942018e-19f,0.8788583286443801f,0.47708284204360907f,4.190608974173322f,-0.00814869026250401f,0.47706700235526844f,-0.8788291495568205f,2.077833299831153f,0f,0f,0f,1f], start_interpolation: 0, interpolation_duration: 1 }
$data merge entity $(bone_right_head_scales) { transformation: [-0.883674550266981f,-0.0038876003093684967f,0.4680856500409762f,-0.6113902216444005f,0.2202923407118652f,0.8788583286443801f,0.4231776492161356f,4.27643498283f,-0.413026117617441f,0.47706700235526844f,-0.7757683297413103f,2.1148726278785377f,0f,0f,0f,1f], start_interpolation: 0, interpolation_duration: 1 }
$data merge entity $(bone_right_head_scales2) { transformation: [-0.8150171544563152f,-0.0038876003093684967f,0.5794237866240611f,-0.6094020882442217f,0.2736434763836023f,0.8788583286443801f,0.3908033853552245f,3.5199417316365955f,-0.5107507080510295f,0.47706700235526844f,-0.7152207977185301f,1.8708987709930964f,0f,0f,0f,1f], start_interpolation: 0, interpolation_duration: 1 }
$data merge entity $(bone_right_head_scales1) { transformation: [-0.9999667988723454f,-0.0038876003093684967f,0.007161544304745008f,-0.6110105731766887f,4.336808689942018e-19f,0.8788583286443801f,0.47708284204360907f,4.190608974173322f,-0.00814869026250401f,0.47706700235526844f,-0.8788291495568205f,2.068284053429781f,0f,0f,0f,1f], start_interpolation: 0, interpolation_duration: 1 }
$data merge entity $(bone_head_left_fin1) { transformation: [-0.6996597841418171f,0.0194283498127965f,-0.7142119613099306f,0.5627737247236603f,-0.09962800693612087f,0.9872111175655218f,0.124452680119675f,3.9037041582356102f,0.7074958987079447f,0.1582300495436485f,-0.6887763096483883f,1.8387592000135569f,0f,0f,0f,1f], start_interpolation: 0, interpolation_duration: 1 }
$data merge entity $(bone_head_right_fin1) { transformation: [-0.688036920647904f,-0.022004419394122725f,0.725341989238509f,-0.6090623677048695f,0.09962800693612087f,0.9872111175655218f,0.124452680119675f,3.9037041582356102f,-0.718804184781423f,0.15789241553083355f,-0.6770454409111346f,1.829209953612185f,0f,0f,0f,1f], start_interpolation: 0, interpolation_duration: 1 }
$data merge entity $(bone_right_whisker16) { transformation: [0.2602136567340454f,0.9210358190185297f,-0.2897962610765757f,-1.0671934111209116f,0.9570899789082125f,-0.2856882484956232f,-0.04859009101638548f,1.52322707380247f,-0.1275446005230088f,-0.2647172921370448f,-0.9558541364251434f,1.81429596433989f,0f,0f,0f,1f], start_interpolation: 0, interpolation_duration: 1 }
$data merge entity $(bone_right_whisker15) { transformation: [-0.8791915321299897f,0.3782067911830229f,-0.2897962610765757f,-0.8096177669422038f,0.408169456484728f,0.9116121422227663f,-0.04859009101638548f,1.40364617834796f,0.24580468796156696f,-0.1610059789419639f,-0.9558541364251434f,1.7422828721636496f,0f,0f,0f,1f], start_interpolation: 0, interpolation_duration: 1 }
$data merge entity $(bone_right_whisker14) { transformation: [-0.7143341570052363f,-0.6369810351977959f,-0.2897962610765757f,-0.6003401818820759f,-0.6537013170584335f,0.7551910957705267f,-0.04859009101638548f,1.5951602360799229f,0.2498025224285932f,0.15473063583936963f,-0.9558541364251434f,1.6690985394208977f,0f,0f,0f,1f], start_interpolation: 0, interpolation_duration: 1 }
$data merge entity $(bone_right_whisker13) { transformation: [-0.09293856226097277f,-0.9937657812121496f,-0.061579182656718315f,-0.5731120874696816f,-0.9851754231551482f,0.08282606666692958f,0.15023058374232662f,1.8837858483324077f,-0.14419365192663f,0.07462851179201906f,-0.9867313595765417f,1.7113427733837776f,0f,0f,0f,1f], start_interpolation: 0, interpolation_duration: 1 }
$data merge entity $(bone_right_whisker12) { transformation: [0.07008285693504712f,-0.9967387216614636f,-0.04000392361373585f,-0.6004882034599344f,-0.9295713167282273f,-0.07980471138045736f,0.3599005073039377f,2.2468996439293716f,-0.361919273153519f,0.01196364418368307f,-0.932132668099276f,1.852717489459371f,0f,0f,0f,1f], start_interpolation: 0, interpolation_duration: 1 }
$data merge entity $(bone_right_whisker11) { transformation: [0.2927328633453659f,-0.9560417403380159f,-0.01707809852066021f,-0.714836978204218f,-0.9539191199884325f,-0.2932211085072701f,0.06371572840564993f,2.619524300174853f,-0.06592255485126619f,-0.0023605629044176624f,-0.9978219503020849f,1.8784684874481468f,0f,0f,0f,1f], start_interpolation: 0, interpolation_duration: 1 }
$data merge entity $(bone_right_whisker10) { transformation: [0.06896135519863356f,-0.99307191392472f,0.09514465441138407f,-0.7417750075786842f,-0.9802433247449156f,-0.08517396573551701f,-0.17851728166740397f,3.0024318489033357f,0.18538434610884003f,-0.0809541187017608f,-0.9793258267211272f,1.8060527272493812f,0f,0f,0f,1f], start_interpolation: 0, interpolation_duration: 1 }
$data merge entity $(bone_right_whisker1) { transformation: [-0.3394373305741439f,-0.9383747697055297f,0.06507757058152772f,-0.6091823003231592f,-0.9356180713000498f,0.34395174257487693f,0.07947341339392089f,3.367907658004918f,-0.09695938979528879f,-0.03391150777833399f,-0.9947104535344571f,1.8439274888881658f,0f,0f,0f,1f], start_interpolation: 0, interpolation_duration: 1 }
$data merge entity $(bone_left_whisker16) { transformation: [0.2581005258850355f,-0.9165994481326117f,0.30533517684809763f,1.0210869781691763f,-0.9570899789082125f,-0.2856882484956232f,-0.04859009101638548f,1.52322707380247f,0.1317683224881667f,-0.27969210992535026f,-0.9510044336564157f,1.8313132794075262f,0f,0f,0f,1f], start_interpolation: 0, interpolation_duration: 1 }
$data merge entity $(bone_left_whisker15) { transformation: [-0.8750689339353819f,-0.37553267586234684f,0.30533517684809763f,0.7647191264302949f,-0.408169456484728f,0.9116121422227663f,-0.04859009101638548f,1.40364617834796f,-0.26010008776268323f,-0.16714817232528797f,-0.9510044336564157f,1.7551120818208026f,0f,0f,0f,1f], start_interpolation: 0, interpolation_duration: 1 }
$data merge entity $(bone_left_whisker14) { transformation: [-0.710168300183813f,0.634374822319718f,0.30533517684809763f,0.5566620072358185f,0.6537013170584335f,0.7551910957705267f,-0.04859009101638548f,1.5951602360799229f,-0.26141073713622087f,0.16509086490698782f,-0.9510044336564157f,1.6785269049254254f,0f,0f,0f,1f], start_interpolation: 0, interpolation_duration: 1 }
$data merge entity $(bone_left_whisker13) { transformation: [-0.09527612059838142f,0.9924175979509491f,0.0776516073303741f,0.5287490812792615f,0.9851754231551482f,0.08282606666692958f,0.15023058374232662f,1.8837858483324077f,0.1426598978507888f,0.09081384232457781f,-0.98559677332439f,1.7203217968738986f,0f,0f,0f,1f], start_interpolation: 0, interpolation_duration: 1 }
$data merge entity $(bone_left_whisker12) { transformation: [0.06417540948752895f,0.9964113828724563f,0.05518942742325538f,0.5538176006103275f,0.9295713167282273f,-0.07980471138045736f,0.3599005073039377f,2.2468996439293716f,0.36301333850598066f,0.0282057462883128f,-0.9313569412116182f,1.8621238822277972f,0f,0f,0f,1f], start_interpolation: 0, interpolation_duration: 1 }
$data merge entity $(bone_left_whisker11) { transformation: [0.2916196584546114f,0.9559532455049037f,0.03333717461718619f,0.66773152969416f,0.9539191199884325f,-0.2932211085072701f,0.06371572840564993f,2.619524300174853f,0.0706844206548417f,0.013220209317884521f,-0.9974111182166964f,1.8897349840460949f,0f,0f,0f,1f], start_interpolation: 0, interpolation_duration: 1 }
$data merge entity $(bone_left_whisker10) { transformation: [0.07197337589367717f,0.9942593279585091f,-0.07917210323062714f,0.6958461296526277f,0.9802433247449156f,-0.08517396573551701f,-0.17851728166740397f,3.0024318489033357f,-0.18423587450738727f,-0.06475943428087216f,-0.9807463271489318f,1.8177678455666466f,0f,0f,0f,1f], start_interpolation: 0, interpolation_duration: 1 }
$data merge entity $(bone_left_whisker1) { transformation: [-0.34097238412097836f,0.938802801769446f,-0.04885829158591509f,0.5626537921053706f,0.9356180713000498f,0.34395174257487693f,0.07947341339392089f,3.367907658004918f,0.0914147576906012f,-0.018614461301472124f,-0.9956389124109326f,1.8534767352895376f,0f,0f,0f,1f], start_interpolation: 0, interpolation_duration: 1 }
$data merge entity $(bone_upper_left_tooth1) { transformation: [-0.9999667988723454f,-0.003248637103392414f,0.00747311915900515f,0.23808107039389306f,4.336808689942018e-19f,0.9170945168197787f,0.39866984739141864f,3.315574304982158f,-0.00814869026250401f,0.3986566111029233f,-0.9170640682476544f,2.73445518702233f,0f,0f,0f,1f], start_interpolation: 0, interpolation_duration: 1 }
$data merge entity $(bone_upper_right_tooth1) { transformation: [-0.9999667988723454f,-0.003248637103392414f,0.00747311915900515f,-0.34783697582037176f,4.336808689942018e-19f,0.9170945168197787f,0.39866984739141864f,3.315574304982158f,-0.00814869026250401f,0.3986566111029233f,-0.9170640682476544f,2.729680563821644f,0f,0f,0f,1f], start_interpolation: 0, interpolation_duration: 1 }
$data merge entity $(bone_top_lip1) { transformation: [-0.9999667988723454f,0.0009763329037794132f,0.008089989311193518f,-0.03081336298686136f,4.336808689942018e-19f,0.9927962716191823f,-0.11981470301699715f,3.4140903175311577f,-0.00814869026250401f,-0.11981072503374746f,-0.9927633096634332f,2.7750912612476366f,0f,0f,0f,1f], start_interpolation: 0, interpolation_duration: 1 }
$data merge entity $(bone_muzzle1) { transformation: [-0.9999667988723454f,-0.003248637103392414f,0.00747311915900515f,-0.02764025359819563f,4.336808689942018e-19f,0.9170945168197787f,0.39866984739141864f,3.743093346065021f,-0.00814869026250401f,0.3986566111029233f,-0.9170640682476544f,2.3857030361906166f,0f,0f,0f,1f], start_interpolation: 0, interpolation_duration: 1 }
$data merge entity $(bone_jaw_right_tooth1) { transformation: [-0.9999667988723454f,0.0009689080307986135f,0.008090881918683627f,-0.3475992827071994f,4.336808689942018e-19f,0.9929058116141207f,-0.11890352922812888f,3.1216319075927745f,-0.00814869026250401f,-0.11889958149687653f,-0.9928728460215204f,2.700512045466405f,0f,0f,0f,1f], start_interpolation: 0, interpolation_duration: 1 }
$data merge entity $(bone_jaw_left_tooth1) { transformation: [-0.9999667988723454f,0.0009689080307986135f,0.008090881918683627f,0.2871452673582542f,4.336808689942018e-19f,0.9929058116141207f,-0.11890352922812888f,3.1216319075927745f,-0.00814869026250401f,-0.11889958149687653f,-0.9928728460215204f,2.7056845539338146f,0f,0f,0f,1f], start_interpolation: 0, interpolation_duration: 1 }
$data merge entity $(bone_tongue1) { transformation: [-0.9999667988723454f,-0.0030259033685321535f,0.007566046642635337f,-0.0249911895172301f,4.336808689942018e-19f,0.9284984947151949f,0.3713361621383218f,3.376802200534695f,-0.00814869026250401f,0.3713238333589997f,-0.9284676675181446f,2.0606230486446417f,0f,0f,0f,1f], start_interpolation: 0, interpolation_duration: 1 }
$data merge entity $(bone_jaw_lips1) { transformation: [-0.9999667988723454f,-0.0030259033685321535f,0.007566046642635337f,0.01826416258101318f,4.336808689942018e-19f,0.9284984947151949f,0.3713361621383218f,2.982421380726701f,-0.00814869026250401f,0.3713238333589997f,-0.9284676675181446f,2.7446850081319294f,0f,0f,0f,1f], start_interpolation: 0, interpolation_duration: 1 }
$data merge entity $(bone_jaw3) { transformation: [-0.9999667988723454f,-0.00045077876021146256f,0.008136212356100958f,0.02465359464756184f,4.336808689942018e-19f,0.9984687224570963f,0.055319167337321506f,2.9525091348044192f,-0.00814869026250401f,0.05531733067858485f,-0.9984355721695828f,1.960605637782217f,0f,0f,0f,1f], start_interpolation: 0, interpolation_duration: 1 }
$data merge entity $(bone_jaw1) { transformation: [-0.9999667988723454f,-0.006071919648333155f,0.005434422212012374f,0.028899237000696507f,4.336808689942018e-19f,0.6669074460982681f,0.745140562805895f,3.5346501994965247f,-0.00814869026250401f,0.7451158232989485f,-0.6668853040190165f,1.4396014940173603f,0f,0f,0f,1f], start_interpolation: 0, interpolation_duration: 1 }
$data merge entity $(bone_tear_right1) { transformation: [-0.9999667988723454f,-0.0038876003093684967f,0.007161544304745008f,-0.5547366976882837f,4.336808689942018e-19f,0.8788583286443801f,0.47708284204360907f,3.8139604231693527f,-0.00814869026250401f,0.47706700235526844f,-0.8788291495568205f,2.3532062670525327f,0f,0f,0f,1f], start_interpolation: 0, interpolation_duration: 1 }
$data merge entity $(bone_right_pupil1) { transformation: [-0.9999667988723454f,-0.0038876003093684967f,0.007161544304745008f,-0.39440881767330344f,4.336808689942018e-19f,0.8788583286443801f,0.47708284204360907f,3.8718323590500376f,-0.00814869026250401f,0.47706700235526844f,-0.8788291495568205f,2.452601755816857f,0f,0f,0f,1f], start_interpolation: 0, interpolation_duration: 1 }
$data merge entity $(bone_right_sad_pupil1) { transformation: [-0.9999667988723454f,-0.0038876003093684967f,0.007161544304745008f,-0.3943388807172024f,4.336808689942018e-19f,0.8788583286443801f,0.47708284204360907f,3.8764913711793696f,-0.00814869026250401f,0.47706700235526844f,-0.8788291495568205f,2.4440194399032165f,0f,0f,0f,1f], start_interpolation: 0, interpolation_duration: 1 }
$data merge entity $(bone_right_happy_pupil1) { transformation: [-0.9999667988723454f,-0.0038876003093684967f,0.007161544304745008f,-0.4186569092511193f,4.336808689942018e-19f,0.8788583286443801f,0.47708284204360907f,3.8550351436584283f,-0.00814869026250401f,0.47706700235526844f,-0.8788291495568205f,2.4321735052875693f,0f,0f,0f,1f], start_interpolation: 0, interpolation_duration: 1 }
$data merge entity $(bone_eyelid_right1) { transformation: [-0.9999667988723454f,-0.0038876003093684967f,0.007161544304745008f,-0.01468781653451735f,4.336808689942018e-19f,0.8788583286443801f,0.47708284204360907f,4.066528973317637f,-0.00814869026250401f,0.47706700235526844f,-0.8788291495568205f,1.994673076097036f,0f,0f,0f,1f], start_interpolation: 0, interpolation_duration: 1 }
$data merge entity $(bone_eyelid_expressions_right5) { transformation: [-0.9999667988723454f,-0.0038876003093684967f,0.007161544304745008f,-0.5070191755530237f,4.336808689942018e-19f,0.8788583286443801f,0.47708284204360907f,3.962317379836047f,-0.00814869026250401f,0.47706700235526844f,-0.8788291495568205f,2.4896928807849736f,0f,0f,0f,1f], start_interpolation: 0, interpolation_duration: 1 }
$data merge entity $(bone_eyelid_expressions_right7) { transformation: [-0.9999667988723454f,-0.0038876003093684967f,0.007161544304745008f,-0.21406015244589124f,4.336808689942018e-19f,0.8788583286443801f,0.47708284204360907f,3.962317379836047f,-0.00814869026250401f,0.47706700235526844f,-0.8788291495568205f,2.492080192385317f,0f,0f,0f,1f], start_interpolation: 0, interpolation_duration: 1 }
$data merge entity $(bone_eyelid_expressions_right6) { transformation: [-0.9999667988723454f,-0.0038876003093684967f,0.007161544304745008f,-0.3117131601482687f,4.336808689942018e-19f,0.8788583286443801f,0.47708284204360907f,3.962317379836047f,-0.00814869026250401f,0.47706700235526844f,-0.8788291495568205f,2.4912844218518693f,0f,0f,0f,1f], start_interpolation: 0, interpolation_duration: 1 }
$data merge entity $(bone_right_eye1) { transformation: [-0.9999667988723454f,-0.0038876003093684967f,0.007161544304745008f,-0.024523054260856124f,4.336808689942018e-19f,0.8788583286443801f,0.47708284204360907f,4.061869961188305f,-0.00814869026250401f,0.47706700235526844f,-0.8788291495568205f,2.003175814957332f,0f,0f,0f,1f], start_interpolation: 0, interpolation_duration: 1 }
$data merge entity $(bone_tear_left1) { transformation: [-0.9999667988723454f,-0.0038876003093684967f,0.007161544304745008f,0.499915785497393f,4.336808689942018e-19f,0.8788583286443801f,0.47708284204360907f,3.8139604231693527f,-0.00814869026250401f,0.47706700235526844f,-0.8788291495568205f,2.361800588813767f,0f,0f,0f,1f], start_interpolation: 0, interpolation_duration: 1 }
$data merge entity $(bone_left_sad_pupil1) { transformation: [-0.9999667988723454f,-0.0038876003093684967f,0.007161544304745008f,0.3380586770506287f,4.336808689942018e-19f,0.8788583286443801f,0.47708284204360907f,3.8764913711793696f,-0.00814869026250401f,0.47706700235526844f,-0.8788291495568205f,2.4499877189040737f,0f,0f,0f,1f], start_interpolation: 0, interpolation_duration: 1 }
$data merge entity $(bone_left_pupil1) { transformation: [-0.9999667988723454f,-0.0038876003093684967f,0.007161544304745008f,0.3379887400945277f,4.336808689942018e-19f,0.8788583286443801f,0.47708284204360907f,3.8718323590500376f,-0.00814869026250401f,0.47706700235526844f,-0.8788291495568205f,2.4585700348177144f,0f,0f,0f,1f], start_interpolation: 0, interpolation_duration: 1 }
$data merge entity $(bone_eyelid_left1) { transformation: [-0.9999667988723454f,-0.0038876003093684967f,0.007161544304745008f,-0.034218418074992846f,4.336808689942018e-19f,0.8788583286443801f,0.47708284204360907f,4.066528973317637f,-0.00814869026250401f,0.47706700235526844f,-0.8788291495568205f,1.9945139219903465f,0f,0f,0f,1f], start_interpolation: 0, interpolation_duration: 1 }
$data merge entity $(bone_left_happy_pupil1) { transformation: [-0.9999667988723454f,-0.0038876003093684967f,0.007161544304745008f,0.3625671523679005f,4.336808689942018e-19f,0.8788583286443801f,0.47708284204360907f,3.8550351436584283f,-0.00814869026250401f,0.47706700235526844f,-0.8788291495568205f,2.4385396695551504f,0f,0f,0f,1f], start_interpolation: 0, interpolation_duration: 1 }
$data merge entity $(bone_eyelid_expressions_left5) { transformation: [-0.9999667988723454f,-0.0038876003093684967f,0.007161544304745008f,0.4499802999302756f,4.336808689942018e-19f,0.8788583286443801f,0.47708284204360907f,3.962317379836047f,-0.00814869026250401f,0.47706700235526844f,-0.8788291495568205f,2.497491432012761f,0f,0f,0f,1f], start_interpolation: 0, interpolation_duration: 1 }
$data merge entity $(bone_eyelid_expressions_left7) { transformation: [-0.9999667988723454f,-0.0038876003093684967f,0.007161544304745008f,0.15702127682314318f,4.336808689942018e-19f,0.8788583286443801f,0.47708284204360907f,3.962317379836047f,-0.00814869026250401f,0.47706700235526844f,-0.8788291495568205f,2.495104120412418f,0f,0f,0f,1f], start_interpolation: 0, interpolation_duration: 1 }
$data merge entity $(bone_eyelid_expressions_left6) { transformation: [-0.9999667988723454f,-0.0038876003093684967f,0.007161544304745008f,0.25467428452552066f,4.336808689942018e-19f,0.8788583286443801f,0.47708284204360907f,3.962317379836047f,-0.00814869026250401f,0.47706700235526844f,-0.8788291495568205f,2.4958998909458656f,0f,0f,0f,1f], start_interpolation: 0, interpolation_duration: 1 }
$data merge entity $(bone_left_eye1) { transformation: [-0.9999667988723454f,-0.0038876003093684967f,0.007161544304745008f,-0.024523054260856124f,4.336808689942018e-19f,0.8788583286443801f,0.47708284204360907f,4.061869961188305f,-0.00814869026250401f,0.47706700235526844f,-0.8788291495568205f,2.003175814957332f,0f,0f,0f,1f], start_interpolation: 0, interpolation_duration: 1 }
$data merge entity $(bone_crest_middle5) { transformation: [-0.9999667988723454f,-0.002245406774795052f,0.007833217819640418f,-0.03217639068342096f,4.336808689942018e-19f,0.9612855032280181f,0.27555431639452943f,4.923075656821034f,-0.00814869026250401f,0.2755451676804949f,-0.961253587465313f,2.942355250747246f,0f,0f,0f,1f], start_interpolation: 0, interpolation_duration: 1 }
$data merge entity $(bone_crest_middle4) { transformation: [-0.9999667988723454f,-0.002245406774795052f,0.007833217819640418f,-0.030860722651314485f,4.336808689942018e-19f,0.9612855032280181f,0.27555431639452943f,4.359822432273367f,-0.00814869026250401f,0.2755451676804949f,-0.961253587465313f,2.7809030040594562f,0f,0f,0f,1f], start_interpolation: 0, interpolation_duration: 1 }
$data merge entity $(bone_crest_middle1) { transformation: [-0.9999667988723454f,-0.002245406774795052f,0.007833217819640418f,-0.030447696083389642f,4.336808689942018e-19f,0.9612855032280181f,0.27555431639452943f,3.9172002268440904f,-0.00814869026250401f,0.2755451676804949f,-0.961253587465313f,2.730218434923542f,0f,0f,0f,1f], start_interpolation: 0, interpolation_duration: 1 }
$data merge entity $(bone_crest_left5) { transformation: [-0.5340030005482773f,-0.8372845200770438f,0.11745393924765056f,-0.9910306807689586f,-0.74122159646008f,0.5304422184906988f,0.41136552819097094f,4.39197951259842f,-0.4067325169526122f,0.13261103001643665f,-0.9038711049543363f,2.7440200119381366f,0f,0f,0f,1f], start_interpolation: 0, interpolation_duration: 1 }
$data merge entity $(bone_crest_left4) { transformation: [-0.5340030005482773f,-0.8372845200770438f,0.11745393924765056f,-0.5822003487000895f,-0.74122159646008f,0.5304422184906988f,0.41136552819097094f,4.132974523101009f,-0.4067325169526122f,0.13261103001643665f,-0.9038711049543363f,2.6792685324379235f,0f,0f,0f,1f], start_interpolation: 0, interpolation_duration: 1 }
$data merge entity $(bone_crest_left1) { transformation: [-0.5340030005482773f,-0.8372845200770438f,0.11745393924765056f,-0.1267519277970069f,-0.74122159646008f,0.5304422184906988f,0.41136552819097094f,3.8681552420850553f,-0.4067325169526122f,0.13261103001643665f,-0.9038711049543363f,2.5639075736910906f,0f,0f,0f,1f], start_interpolation: 0, interpolation_duration: 1 }
$data merge entity $(bone_crest_center1) { transformation: [-0.9999667988723454f,-0.0038876003093684967f,0.007161544304745008f,-0.029004009192576577f,4.336808689942018e-19f,0.8788583286443801f,0.47708284204360907f,3.8466990145641136f,-0.00814869026250401f,0.47706700235526844f,-0.8788291495568205f,2.553056349695787f,0f,0f,0f,1f], start_interpolation: 0, interpolation_duration: 1 }
$data merge entity $(bone_crest_right5) { transformation: [-0.5405605382395992f,0.8350121860987074f,-0.10270809882756253f,0.9297827988821825f,0.74122159646008f,0.5304422184906988f,0.41136552819097094f,4.39197951259842f,0.39797594077944626f,0.1462385103497827f,-0.9056651967760444f,2.759672645720949f,0f,0f,0f,1f], start_interpolation: 0, interpolation_duration: 1 }
$data merge entity $(bone_crest_right4) { transformation: [-0.5405605382395992f,0.8350121860987074f,-0.10270809882756253f,0.522062004888673f,0.74122159646008f,0.5304422184906988f,0.41136552819097094f,4.132974523101009f,0.39797594077944626f,0.1462385103497827f,-0.9056651967760444f,2.688267123089219f,0f,0f,0f,1f], start_interpolation: 0, interpolation_duration: 1 }
$data merge entity $(bone_crest_right1) { transformation: [-0.5405605382395992f,0.8350121860987074f,-0.10270809882756253f,0.06855408760774806f,0.74122159646008f,0.5304422184906988f,0.41136552819097094f,3.8681552420850553f,0.39797594077944626f,0.1462385103497827f,-0.9056651967760444f,2.5654991147579858f,0f,0f,0f,1f], start_interpolation: 0, interpolation_duration: 1 }
$data merge entity $(bone_head1) { transformation: [-0.9999667988723454f,-0.0038876003093684967f,0.007161544304745008f,-0.020486697441443838f,4.336808689942018e-19f,0.8788583286443801f,0.47708284204360907f,4.275202623973232f,-0.00814869026250401f,0.47706700235526844f,-0.8788291495568205f,1.5078541524827083f,0f,0f,0f,1f], start_interpolation: 0, interpolation_duration: 1 }
$data merge entity $(bone_neck10) { transformation: [-1.3020401026983663f,-0.002960341283805169f,0.010188929735509238f,-0.012338982619751953f,5.646886315028669e-19f,1.2503763681377533f,0.3632904415850854f,4.15893415316128f,-0.010610273779302095f,0.3632783799327586f,-1.2503348542323385f,0.5080070548623394f,0f,0f,0f,1f], start_interpolation: 0, interpolation_duration: 1 }
$data merge entity $(bone_neck9) { transformation: [-0.9999667988723454f,-0.0038876003093684967f,0.007161544304745008f,-0.0077532373200041044f,4.336808689942018e-19f,0.8788583286443801f,0.47708284204360896f,3.0199009799778076f,-0.00814869026250401f,0.47706700235526844f,-0.8788291495568205f,-0.054732833403293435f,0f,0f,0f,1f], start_interpolation: 0, interpolation_duration: 1 }
$data merge entity $(bone_neck8) { transformation: [-0.9999667988723454f,0.0019720296010180076f,0.007906469012583078f,-0.009365598673362592f,4.336808689942018e-19f,0.9702748242824363f,-0.2420057134938916f,2.395136703976292f,-0.00814869026250401f,-0.24199767863130478f,-0.9702426100641353f,0.14312814415310776f,0f,0f,0f,1f], start_interpolation: 0, interpolation_duration: 1 }
$data merge entity $(bone_neck7) { transformation: [-0.9999667988723454f,0.004488378758651452f,0.00680114763206285f,-0.013179776138931863f,4.336808689942018e-19f,0.8346307704635869f,-0.5508098374170158f,1.726335922501351f,-0.00814869026250401f,-0.5507915499092904f,-0.8346030597808323f,0.6111850597689337f,0f,0f,0f,1f], start_interpolation: 0, interpolation_duration: 1 }
$data merge entity $(bone_neck6) { transformation: [-0.9999667988723454f,0.0033000053268205276f,0.00745057835588512f,-0.015739112528186647f,4.336808689942018e-19f,0.9143283295683438f,-0.4049737099476488f,0.9951853372056831f,-0.00814869026250401f,-0.40496026436380805f,-0.9142979728367555f,0.9252541106171348f,0f,0f,0f,1f], start_interpolation: 0, interpolation_duration: 1 }
$data merge entity $(bone_neck_spine6) { transformation: [-1.102875320995287f,-0.07385652298222388f,-0.05615084923560692f,0.06254621293996229f,-0.059669312631037884f,0.05172288375511079f,1.1039501772922347f,0.2832989551288173f,-0.07104419038206496f,1.1030918523977922f,-0.05552265937367698f,-1.3207551288136932f,0f,0f,0f,1f], start_interpolation: 0, interpolation_duration: 1 }
$data merge entity $(bone_neck_spine7) { transformation: [-0.9982479449235236f,-0.0007468642840727131f,-0.05916487682487632f,0.18633008671859894f,-0.05249586924559719f,0.4725076494273175f,0.8797617319165575f,-0.07371806789171831f,0.027298794261116636f,0.881326252545794f,-0.4717189972912652f,-4.5310043662993404f,0f,0f,0f,1f], start_interpolation: 0, interpolation_duration: 1 }
$data merge entity $(bone_tail6) { transformation: [-1.2669347810896148f,0.5324748960546385f,0.5945931610950792f,-0.675611269827272f,0.6273616773288885f,-0.025286550209491124f,1.3594014116079234f,-0.4601589137159971f,0.4934448986143445f,1.3992945926909501f,-0.20169545503400524f,-7.648805818618293f,0f,0f,0f,1f], start_interpolation: 0, interpolation_duration: 1 }
$data merge entity $(bone_tail5) { transformation: [-1.046598297421856f,0.4398705663060058f,0.49118565481767423f,-0.39779828058137334f,0.5182552986629949f,-0.02088888930349267f,1.1229837748065457f,-0.4733518964339925f,0.40762839450750205f,1.1559390113533936f,-0.1666179845933087f,-6.9187390746056225f,0f,0f,0f,1f], start_interpolation: 0, interpolation_duration: 1 }
$data merge entity $(bone_tail4) { transformation: [-0.846092097284195f,0.3556006262347499f,0.39708482410523555f,-0.25889178595842416f,0.41896849407703163f,-0.016887017879034072f,0.9078437253172915f,-0.4799483877929902f,0.3295353757702753f,0.9344854323362172f,-0.1346974864922748f,-6.553705702599288f,0f,0f,0f,1f], start_interpolation: 0, interpolation_duration: 1 }
$data merge entity $(bone_segment18) { transformation: [-0.846092097284195f,0.29667332317103934f,0.4428465899517396f,-0.1140317648788151f,0.41896849407703163f,-0.14348136978440557f,0.8965927155044342f,-0.550007650383032f,0.3295353757702753f,0.9441387799701072f,-0.0028983223597019853f,-6.092700438942009f,0f,0f,0f,1f], start_interpolation: 0, interpolation_duration: 1 }
$data merge entity $(bone_segment17) { transformation: [-0.9487037137264995f,0.3144072541661015f,0.03330678743560239f,0.08554315231646416f,-0.0005422324939548077f,-0.10696355467961932f,0.9942627942119844f,-0.6179044380214622f,0.3161660474267762f,0.943242745266579f,0.10164720338748638f,-5.4939623682161525f,0f,0f,0f,1f], start_interpolation: 0, interpolation_duration: 1 }
$data merge entity $(bone_segment16) { transformation: [-0.9886461359975947f,0.1441115289013927f,-0.04255214465486575f,0.20516698001781553f,-0.023582315845115692f,0.13086865628675262f,0.9911192002887853f,-0.5092732291896851f,0.14840044527024432f,0.9808696457936716f,-0.12598430776962f,-4.6797639317663275f,0f,0f,0f,1f], start_interpolation: 0, interpolation_duration: 1 }
$data merge entity $(bone_segment15) { transformation: [-0.9982479449235236f,0.014591581422704019f,-0.05734218523518448f,0.22012905081258038f,-0.05249586924559719f,0.2287082503286038f,0.9720785564674175f,-0.27475793344258154f,0.027298794261116636f,0.973385649156188f,-0.22754154312713065f,-3.681663412612033f,0f,0f,0f,1f], start_interpolation: 0, interpolation_duration: 1 }
$data merge entity $(bone_segment14) { transformation: [-0.9975735957261569f,-0.04365489576933411f,-0.05423256572719592f,0.17536572995535304f,-0.05700570611706301f,0.06500793157463071f,0.9962551471899573f,-0.20809940985531375f,-0.039965867688329985f,0.9969293951467961f,-0.06733877421042184f,-2.6594213570415883f,0f,0f,0f,1f], start_interpolation: 0, interpolation_duration: 1 }
$data merge entity $(bone_segment13) { transformation: [-0.9964802900286828f,-0.0569078818326932f,-0.06155099162213579f,0.11573690678960458f,-0.05391297894192599f,-0.1271824621252056f,0.990413051221246f,-0.36890089197062714f,-0.06419051554520691f,0.9902454818443186f,0.12366674331021138f,-1.5987002622961264f,0f,0f,0f,1f], start_interpolation: 0, interpolation_duration: 1 }
$data merge entity $(bone_segment12) { transformation: [-0.9971455543849491f,-0.06241806079849306f,-0.0424821027785577f,0.04259074179137051f,-0.052286091156373074f,0.1649449678083338f,0.984915896036964f,-0.17560600782023594f,-0.05446933120499796f,0.9843257302747213f,-0.16773773778496254f,-0.44519354713043713f,0f,0f,0f,1f], start_interpolation: 0, interpolation_duration: 1 }
$data merge entity $(bone_segment11) { transformation: [-1.0344057595110572f,-0.03840579743999386f,-0.008842020550392973f,-0.006323631121628828f,-0.030325479155566076f,0.627332036768354f,0.8228507415516599f,0.5492441458638484f,-0.025170457254502517f,0.8225132049281212f,-0.6280023389403357f,0.5052423849561098f,0f,0f,0f,1f], start_interpolation: 0, interpolation_duration: 1 }
$data merge entity $(bone_segment10) { transformation: [-0.9999667988723454f,-0.0039381194504305266f,0.007133888714324639f,-0.015950353960181567f,4.336808689942018e-19f,0.8754644592580781f,0.4832825059692944f,1.3571676164207398f,-0.00814869026250401f,0.4832664604451205f,-0.8754353928508092f,0.9511766100294834f,0f,0f,0f,1f], start_interpolation: 0, interpolation_duration: 1 }