# This file was generated by Animated Java via MC-Build. It is not recommended to edit this file directly.
$data merge entity $(bone_neck_spine5) { transformation: [-1.367182372577141f,-0.0008406699282171279f,0.003648773035140997f,0.08998915617489901f,0f,1.332283750684168f,0.3069554818197196f,3.8401043069030925f,-0.0037443651785290157f,0.30695433063120003f,-1.3322787541623609f,-0.3692339064806825f,0f,0f,0f,1f], start_interpolation: 0, interpolation_duration: 1 }
$data merge entity $(bone_neck_spine2) { transformation: [-1.3020784500734675f,-0.0005247270845187178f,0.0035272454136372135f,-0.012042397129307825f,0f,1.287910128694131f,0.1915946433267672f,4.96216280927484f,-0.003566062074789538f,0.1915939247810274f,-1.287905298588652f,1.2281895664219504f,0f,0f,0f,1f], start_interpolation: 0, interpolation_duration: 1 }
$data merge entity $(bone_scale_neck_left1) { transformation: [-1.3837615110259673f,0.3600822968840288f,0.08369132856294778f,0.6719443123145241f,0.3564124952090148f,1.2133711161741763f,0.672428498872479f,4.190891506442206f,0.0981510685871185f,0.6704705006991236f,-1.2618617570202573f,1.0856441347997343f,0f,0f,0f,1f], start_interpolation: 0, interpolation_duration: 1 }
$data merge entity $(bone_scale_neck_right1) { transformation: [-1.3832031350909197f,-0.3637493643482735f,-0.07677828738422623f,-0.6952380602626167f,-0.3564124952090148f,1.2133711161741763f,0.672428498872479f,4.190891506442206f,-0.10572908179073473f,0.6684881096722952f,-1.2623012425301763f,1.0818997696212054f,0f,0f,0f,1f], start_interpolation: 0, interpolation_duration: 1 }
$data merge entity $(bone_blush_right1) { transformation: [-0.999996249656423f,-0.0012846787641055232f,0.0024187338758160657f,-0.5906147115876637f,0f,0.8831571075931721f,0.4690773105871381f,3.563834031619944f,-0.0027387356734383654f,0.4690755513860593f,-0.8831537954505861f,2.103874517201298f,0f,0f,0f,1f], start_interpolation: 0, interpolation_duration: 1 }
$data merge entity $(bone_blush_left1) { transformation: [-0.999996249656423f,-0.0012846787641055232f,0.0024187338758160657f,0.5617247167273549f,0f,0.8831571075931721f,0.4690773105871381f,3.563834031619944f,-0.0027387356734383654f,0.4690755513860593f,-0.8831537954505861f,2.107030482137487f,0f,0f,0f,1f], start_interpolation: 0, interpolation_duration: 1 }
$data merge entity $(bone_left_head_scales) { transformation: [-0.8881243535957835f,-0.0012846787641055232f,-0.4596014383686641f,0.571501550864495f,-0.2165957976636303f,0.8831571075931721f,0.4160766560888968f,4.284760963886605f,0.4053657521110135f,0.4690755513860593f,-0.7846315913263607f,2.10295105572144f,0f,0f,0f,1f], start_interpolation: 0, interpolation_duration: 1 }
$data merge entity $(bone_left_head_scales2) { transformation: [-0.820536300944356f,-0.0012846787641055232f,-0.5715929744433762f,0.5721508994288622f,-0.2690516921797035f,0.8831571075931721f,0.3842456378970365f,3.526081976911401f,0.5043127658187837f,0.4690755513860593f,-0.725008111212608f,1.8658540129565382f,0f,0f,0f,1f], start_interpolation: 0, interpolation_duration: 1 }
$data merge entity $(bone_left_head_scales1) { transformation: [-0.999996249656423f,-0.0012846787641055232f,0.0024187338758160657f,0.5716270077750522f,0f,0.8831571075931721f,0.4690773105871381f,4.198515152598209f,-0.0027387356734383654f,0.4690755513860593f,-0.8831537954505861f,2.057142896406395f,0f,0f,0f,1f], start_interpolation: 0, interpolation_duration: 1 }
$data merge entity $(bone_right_head_scales) { transformation: [-0.8858906595698981f,-0.0012846787641055232f,0.463892324669512f,-0.6003690542016258f,0.2165957976636303f,0.8831571075931721f,0.4160766560888968f,4.284760963886605f,-0.41022432853411644f,0.4690755513860593f,-0.7821023765279057f,2.0997415998541293f,0f,0f,0f,1f], start_interpolation: 0, interpolation_duration: 1 }
$data merge entity $(bone_right_head_scales2) { transformation: [-0.8177616434304118f,-0.0012846787641055232f,0.5755555960413078f,-0.5997197056372585f,0.2690516921797035f,0.8831571075931721f,0.3842456378970365f,3.526081976911401f,-0.5087996476701121f,0.4690755513860593f,-0.7218663627172516f,1.8626445570892276f,0f,0f,0f,1f], start_interpolation: 0, interpolation_duration: 1 }
$data merge entity $(bone_right_head_scales1) { transformation: [-0.999996249656423f,-0.0012846787641055232f,0.0024187338758160657f,-0.6002435972910686f,0f,0.8831571075931721f,0.4690773105871381f,4.198515152598209f,-0.0027387356734383654f,0.4690755513860593f,-0.8831537954505861f,2.0539334405390846f,0f,0f,0f,1f], start_interpolation: 0, interpolation_duration: 1 }
$data merge entity $(bone_head_left_fin1) { transformation: [-0.6958243804463933f,0.020308677839033038f,-0.7179247796119197f,0.5722746233923702f,-0.09314356837456111f,0.9886066486713008f,0.11824199707951877f,3.9094497380006805f,0.7121465489959539f,0.149145740158175f,-0.6860049860939962f,1.8206786056689193f,0f,0f,0f,1f], start_interpolation: 0, interpolation_duration: 1 }
$data merge entity $(bone_head_right_fin1) { transformation: [-0.6919131944562795f,-0.02112531163594011f,0.721671568336727f,-0.5995959816737505f,0.09314356837456111f,0.9886066486713008f,0.11824199707951877f,3.9094497380006805f,-0.7159472096514939f,0.14903226298752864f,-0.6820622974340805f,1.8174691498016087f,0f,0f,0f,1f], start_interpolation: 0, interpolation_duration: 1 }
$data merge entity $(bone_right_whisker16) { transformation: [0.2595436337985661f,0.9195830754923182f,-0.2949645223119639f,-1.0578602469372216f,0.9558722906521664f,-0.2881499519520295f,-0.057251804804945294f,1.5289693380541738f,-0.1376418036717632f,-0.2670890721428572f,-0.9537914664243182f,1.8266647020873397f,0f,0f,0f,1f], start_interpolation: 0, interpolation_duration: 1 }
$data merge entity $(bone_right_whisker15) { transformation: [-0.8778386725685015f,0.3773528793058907f,-0.2949645223119639f,-0.8006809483331685f,0.4104511595154354f,0.9100835546800145f,-0.057251804804945294f,1.408719974914886f,0.24683822758155957f,-0.17132637853098623f,-0.9537914664243182f,1.7543488151005546f,0f,0f,0f,1f], start_interpolation: 0, interpolation_duration: 1 }
$data merge entity $(bone_right_whisker14) { transformation: [-0.7129885068652928f,-0.6361158067956455f,-0.2949645223119639f,-0.5917975967124772f,-0.6513516568966242f,0.7566130119847257f,-0.057251804804945294f,1.5995456556463188f,0.2595927736590954f,0.1513057515103978f,-0.9537914664243182f,1.6782962446926166f,0f,0f,0f,1f], start_interpolation: 0, interpolation_duration: 1 }
$data merge entity $(bone_right_whisker13) { transformation: [-0.09374182508560419f,-0.9933454262959096f,-0.06691288580398774f,-0.5643341713944291f,-0.9864380564000547f,0.08357432661670164f,0.14126320404212728f,1.8885411799822722f,-0.13473095826610448f,0.07924768758495351f,-0.9877081415565707f,1.7177682051221395f,0f,0f,0f,1f], start_interpolation: 0, interpolation_duration: 1 }
$data merge entity $(bone_right_whisker12) { transformation: [0.0681006685345682f,-0.9966613953889282f,-0.04503733880392397f,-0.5909359950407448f,-0.9328266365857564f,-0.07961890903656893f,0.3514189741603777f,2.2529265848985833f,-0.35383154893430646f,0.018080162201183636f,-0.9351343982089036f,1.8559836539246028f,0f,0f,0f,1f], start_interpolation: 0, interpolation_duration: 1 }
$data merge entity $(bone_right_whisker11) { transformation: [0.2923481906515284f,-0.9560478165042279f,-0.02247460745543034f,-0.705134507013998f,-0.9545004055681032f,-0.2931596628831979f,0.054647852917903444f,2.6257783058236237f,-0.05883460880387201f,0.005475821007652176f,-0.9982527256116998f,1.8789659229886153f,0f,0f,0f,1f], start_interpolation: 0, interpolation_duration: 1 }
$data merge entity $(bone_right_whisker10) { transformation: [0.06993890484409059f,-0.9934974719272377f,0.08984054131291097f,-0.732454391718721f,-0.9785235047486046f,-0.08583249189983456f,-0.187415404886506f,3.0080140498660475f,0.19390796848948044f,-0.07480345318534745f,-0.9781636586726326f,1.8032206227974121f,0f,0f,0f,1f], start_interpolation: 0, interpolation_duration: 1 }
$data merge entity $(bone_right_whisker1) { transformation: [-0.339980209170606f,-0.9385359425253574f,0.05969708502389574f,-0.5996496225114529f,-0.9364353140652721f,0.343698893662523f,0.0704270762323213f,3.3738090944227945f,-0.08661616444859749f,-0.03195864645439431f,-0.9957290218593695f,1.8370550620351456f,0f,0f,0f,1f], start_interpolation: 0, interpolation_duration: 1 }
$data merge entity $(bone_left_whisker16) { transformation: [0.2587858140864156f,-0.9181063132551875f,0.3001844432821239f,1.030481645889692f,-0.9558722906521664f,-0.2881499519520295f,-0.057251804804945294f,1.5289693380541738f,0.1390613763451646f,-0.2721220365038647f,-0.952161504608319f,1.832384139977418f,0f,0f,0f,1f], start_interpolation: 0, interpolation_duration: 1 }
$data merge entity $(bone_left_whisker15) { transformation: [-0.8764734595584436f,-0.37640878669480426f,0.3001844432821239f,0.7737023120346792f,-0.4104511595154354f,0.9100835546800145f,-0.057251804804945294f,1.408719974914886f,-0.25164284281911925f,-0.17339074023699827f,-0.952161504608319f,1.758660650870254f,0f,0f,0f,1f], start_interpolation: 0, interpolation_duration: 1 }
$data merge entity $(bone_left_whisker14) { transformation: [-0.7115559044309651f,0.635277494391886f,0.3001844432821239f,0.5652386681584199f,0.6513516568966242f,0.7566130119847257f,-0.057251804804945294f,1.5995456556463188f,-0.26349423888854473f,0.1547877747581142f,-0.952161504608319f,1.6814650730708758f,0f,0f,0f,1f], start_interpolation: 0, interpolation_duration: 1 }
$data merge entity $(bone_left_whisker13) { transformation: [-0.09447840102777738f,0.9928964494671805f,0.07232200477518178f,0.5375594491073132f,0.9864380564000547f,0.08357432661670164f,0.14126320404212728f,1.8885411799822722f,0.13421547088513036f,0.08468749946734658f,-0.9873268125646396f,1.7207860118067537f,0f,0f,0f,1f], start_interpolation: 0, interpolation_duration: 1 }
$data merge entity $(bone_left_whisker12) { transformation: [0.06616155203050494f,0.9965474109273199f,0.050158815844977334f,0.5634038053692292f,0.9328266365857564f,-0.07961890903656893f,0.3514189741603777f,2.2529265848985833f,0.35419925904640237f,0.02353905473637599f,-0.9348736801264101f,1.8591450973717547f,0f,0f,0f,1f], start_interpolation: 0, interpolation_duration: 1 }
$data merge entity $(bone_left_whisker11) { transformation: [0.2920215413597921f,0.9560034809597865f,0.027942150501037086f,0.677474719962898f,0.9545004055681032f,-0.2931596628831979f,0.054647852917903444f,2.6257783058236237f,0.060435049037609795f,0.010712443744595415f,-0.9981146469203027f,1.8827525384020711f,0f,0f,0f,1f], start_interpolation: 0, interpolation_duration: 1 }
$data merge entity $(bone_left_whisker10) { transformation: [0.07099997702436496f,0.9938923003625623f,-0.08448135026474313f,0.7052090859880406f,0.9785235047486046f,-0.08583249189983456f,-0.187415404886506f,3.0080140498660475f,-0.1935219726983159f,-0.06936049750599696f,-0.9786410820462592f,1.8071580178167914f,0f,0f,0f,1f], start_interpolation: 0, interpolation_duration: 1 }
$data merge entity $(bone_left_whisker1) { transformation: [-0.34044954478943423f,0.9386969151365148f,-0.05424213275543255f,0.5722209825546678f,0.9364353140652721f,0.343698893662523f,0.0704270762323213f,3.3738090944227945f,0.08475264021930212f,-0.026817382578259136f,-0.9960410724300023f,1.8402645179024564f,0f,0f,0f,1f], start_interpolation: 0, interpolation_duration: 1 }
$data merge entity $(bone_upper_left_tooth1) { transformation: [-0.999996249656423f,-0.0010689836260973072f,0.0025214969950606235f,0.2524179148661028f,0f,0.9206792095766554f,0.3903201161268856f,3.32950676905794f,-0.0027387356734383654f,0.3903186522923452f,-0.9206757567132952f,2.7234250728411147f,0f,0f,0f,1f], start_interpolation: 0, interpolation_duration: 1 }
$data merge entity $(bone_upper_right_tooth1) { transformation: [-0.999996249656423f,-0.0010689836260973072f,0.0025214969950606235f,-0.33351738766695754f,0f,0.9206792095766554f,0.3903201161268856f,3.32950676905794f,-0.0027387356734383654f,0.3903186522923452f,-0.9206757567132952f,2.721820344907459f,0f,0f,0f,1f], start_interpolation: 0, interpolation_duration: 1 }
$data merge entity $(bone_top_lip1) { transformation: [-0.999996249656423f,0.00034483545432135087f,0.0027169397487627304f,-0.016250285188181512f,0f,0.9920416107012361f,-0.12591045483714924f,3.428407856024182f,-0.0027387356734383654f,-0.12590998262968356f,-0.9920378902043532f,2.764618334870761f,0f,0f,0f,1f], start_interpolation: 0, interpolation_duration: 1 }
$data merge entity $(bone_muzzle1) { transformation: [-0.999996249656423f,-0.0010689836260973072f,0.0025214969950606235f,-0.015175674881916165f,0f,0.9206792095766554f,0.3903201161268856f,3.7538589688170934f,-0.0027387356734383654f,0.3903186522923452f,-0.9206757567132952f,2.372245209369984f,0f,0f,0f,1f], start_interpolation: 0, interpolation_duration: 1 }
$data merge entity $(bone_jaw_right_tooth1) { transformation: [-0.999996249656423f,0.00033629187211865806f,0.0027180104609274094f,-0.3334365976070959f,0f,0.9924325619620907f,-0.1227909196861112f,3.1287582355119334f,-0.0027387356734383654f,-0.12279045917797406f,-0.9924288399990064f,2.692321420401992f,0f,0f,0f,1f], start_interpolation: 0, interpolation_duration: 1 }
$data merge entity $(bone_jaw_left_tooth1) { transformation: [-0.999996249656423f,0.00033629187211865806f,0.0027180104609274094f,0.3013266468037195f,0f,0.9924325619620907f,-0.1227909196861112f,3.1287582355119334f,-0.0027387356734383654f,-0.12279045917797406f,-0.9924288399990064f,2.6940598756634517f,0f,0f,0f,1f], start_interpolation: 0, interpolation_duration: 1 }
$data merge entity $(bone_tongue1) { transformation: [-0.999996249656423f,-0.0010289361360291348f,0.002538102345638831f,-0.014301625697076548f,0f,0.9267423542383524f,0.3756974964792236f,3.3873009703210277f,-0.0027387356734383654f,0.37569608748453104f,-0.9267388786361166f,2.0531030901316027f,0f,0f,0f,1f], start_interpolation: 0, interpolation_duration: 1 }
$data merge entity $(bone_jaw_lips1) { transformation: [-0.999996249656423f,-0.0010289361360291348f,0.002538102345638831f,0.03265897775281981f,0f,0.9267423542383524f,0.3756974964792236f,2.9897100803178676f,-0.0027387356734383654f,0.37569608748453104f,-0.9267388786361166f,2.735059252098978f,0f,0f,0f,1f], start_interpolation: 0, interpolation_duration: 1 }
$data merge entity $(bone_jaw3) { transformation: [-0.999996249656423f,-0.00014079472048225358f,0.0027351142454472037f,0.03480609791439036f,0f,0.9986777007995752f,0.051408656135658315f,2.9567274414230376f,-0.0027387356734383654f,0.05140846333553517f,-0.9986739554150745f,1.9510799400550982f,0f,0f,0f,1f], start_interpolation: 0, interpolation_duration: 1 }
$data merge entity $(bone_jaw1) { transformation: [-0.999996249656423f,-0.002033574731883911f,0.0018344609286673787f,0.036239270514911756f,0f,0.6698203650899581f,0.7425231838203811f,3.53682367878271f,-0.0027387356734383654f,0.742520399103328f,-0.6698178530334541f,1.4277847423727121f,0f,0f,0f,1f], start_interpolation: 0, interpolation_duration: 1 }
$data merge entity $(bone_tear_right1) { transformation: [-0.999996249656423f,-0.0012846787641055232f,0.0024187338758160657f,-0.542438452928913f,0f,0.8831571075931721f,0.4690773105871381f,3.824466873128507f,-0.0027387356734383654f,0.4690755513860593f,-0.8831537954505861f,2.341957741185034f,0f,0f,0f,1f], start_interpolation: 0, interpolation_duration: 1 }
$data merge entity $(bone_right_pupil1) { transformation: [-0.999996249656423f,-0.0012846787641055232f,0.0024187338758160657f,-0.38157373682974266f,0f,0.8831571075931721f,0.4690773105871381f,3.8832276857496875f,-0.0027387356734383654f,0.4690755513860593f,-0.8831537954505861f,2.439954492528162f,0f,0f,0f,1f], start_interpolation: 0, interpolation_duration: 1 }
$data merge entity $(bone_right_sad_pupil1) { transformation: [-0.999996249656423f,-0.0012846787641055232f,0.0024187338758160657f,-0.38155011638173664f,0f,0.8831571075931721f,0.4690773105871381f,3.88780851886089f,-0.0027387356734383654f,0.4690755513860593f,-0.8831537954505861f,2.4313299437444647f,0f,0f,0f,1f], start_interpolation: 0, interpolation_duration: 1 }
$data merge entity $(bone_right_happy_pupil1) { transformation: [-0.999996249656423f,-0.0012846787641055232f,0.0024187338758160657f,-0.40593241099560895f,0f,0.8831571075931721f,0.4690773105871381f,3.866247342025387f,-0.0027387356734383654f,0.4690755513860593f,-0.8831537954505861f,2.419811187693766f,0f,0f,0f,1f], start_interpolation: 0, interpolation_duration: 1 }
$data merge entity $(bone_eyelid_right1) { transformation: [-0.999996249656423f,-0.0012846787641055232f,0.0024187338758160657f,-0.004330900568615511f,0f,0.8831571075931721f,0.4690773105871381f,4.0737272687768185f,-0.0027387356734383654f,0.4690755513860593f,-0.8831537954505861f,1.9782281261820363f,0f,0f,0f,1f], start_interpolation: 0, interpolation_duration: 1 }
$data merge entity $(bone_eyelid_expressions_right5) { transformation: [-0.999996249656423f,-0.0012846787641055232f,0.0024187338758160657f,-0.49397952711230236f,0f,0.8831571075931721f,0.4690773105871381f,3.9740543301492854f,-0.0027387356734383654f,0.4690755513860593f,-0.8831537954505861f,2.476830531061414f,0f,0f,0f,1f], start_interpolation: 0, interpolation_duration: 1 }
$data merge entity $(bone_eyelid_expressions_right7) { transformation: [-0.999996249656423f,-0.0012846787641055232f,0.0024187338758160657f,-0.20101187584577218f,0f,0.8831571075931721f,0.4690773105871381f,3.9740543301492854f,-0.0027387356734383654f,0.4690755513860593f,-0.8831537954505861f,2.4776328950282416f,0f,0f,0f,1f], start_interpolation: 0, interpolation_duration: 1 }
$data merge entity $(bone_eyelid_expressions_right6) { transformation: [-0.999996249656423f,-0.0012846787641055232f,0.0024187338758160657f,-0.2986677596012822f,0f,0.8831571075931721f,0.4690773105871381f,3.9740543301492854f,-0.0027387356734383654f,0.4690755513860593f,-0.8831537954505861f,2.4773654403726324f,0f,0f,0f,1f], start_interpolation: 0, interpolation_duration: 1 }
$data merge entity $(bone_right_eye1) { transformation: [-0.999996249656423f,-0.0012846787641055232f,0.0024187338758160657f,-0.014120109392172533f,0f,0.8831571075931721f,0.4690773105871381f,4.0691464356656155f,-0.0027387356734383654f,0.4690755513860593f,-0.8831537954505861f,1.9868259295001724f,0f,0f,0f,1f], start_interpolation: 0, interpolation_duration: 1 }
$data merge entity $(bone_tear_left1) { transformation: [-0.999996249656423f,-0.0012846787641055232f,0.0024187338758160657f,0.5122450916305956f,0f,0.8831571075931721f,0.4690773105871381f,3.824466873128507f,-0.0027387356734383654f,0.4690755513860593f,-0.8831537954505861f,2.3448462514656137f,0f,0f,0f,1f], start_interpolation: 0, interpolation_duration: 1 }
$data merge entity $(bone_left_sad_pupil1) { transformation: [-0.999996249656423f,-0.0012846787641055232f,0.0024187338758160657f,0.3508690117845888f,0f,0.8831571075931721f,0.4690773105871381f,3.88780851886089f,-0.0027387356734383654f,0.4690755513860593f,-0.8831537954505861f,2.433335853661534f,0f,0f,0f,1f], start_interpolation: 0, interpolation_duration: 1 }
$data merge entity $(bone_left_pupil1) { transformation: [-0.999996249656423f,-0.0012846787641055232f,0.0024187338758160657f,0.35084539133658277f,0f,0.8831571075931721f,0.4690773105871381f,3.8832276857496875f,-0.0027387356734383654f,0.4690755513860593f,-0.8831537954505861f,2.441960402445231f,0f,0f,0f,1f], start_interpolation: 0, interpolation_duration: 1 }
$data merge entity $(bone_eyelid_left1) { transformation: [-0.999996249656423f,-0.0012846787641055232f,0.0024187338758160657f,-0.023862077319717522f,0f,0.8831571075931721f,0.4690773105871381f,4.0737272687768185f,-0.0027387356734383654f,0.4690755513860593f,-0.8831537954505861f,1.9781746352509144f,0f,0f,0f,1f], start_interpolation: 0, interpolation_duration: 1 }
$data merge entity $(bone_left_happy_pupil1) { transformation: [-0.999996249656423f,-0.0012846787641055232f,0.0024187338758160657f,0.3753146590484715f,0f,0.8831571075931721f,0.4690773105871381f,3.866247342025387f,-0.0027387356734383654f,0.4690755513860593f,-0.8831537954505861f,2.42195082493864f,0f,0f,0f,1f], start_interpolation: 0, interpolation_duration: 1 }
$data merge entity $(bone_eyelid_expressions_left5) { transformation: [-0.999996249656423f,-0.0012846787641055232f,0.0024187338758160657f,0.4630481336916962f,0f,0.8831571075931721f,0.4690773105871381f,3.9740543301492854f,-0.0027387356734383654f,0.4690755513860593f,-0.8831537954505861f,2.4794515866863844f,0f,0f,0f,1f], start_interpolation: 0, interpolation_duration: 1 }
$data merge entity $(bone_eyelid_expressions_left7) { transformation: [-0.999996249656423f,-0.0012846787641055232f,0.0024187338758160657f,0.170080482425166f,0f,0.8831571075931721f,0.4690773105871381f,3.9740543301492854f,-0.0027387356734383654f,0.4690755513860593f,-0.8831537954505861f,2.4786492227195565f,0f,0f,0f,1f], start_interpolation: 0, interpolation_duration: 1 }
$data merge entity $(bone_eyelid_expressions_left6) { transformation: [-0.999996249656423f,-0.0012846787641055232f,0.0024187338758160657f,0.26773636618067603f,0f,0.8831571075931721f,0.4690773105871381f,3.9740543301492854f,-0.0027387356734383654f,0.4690755513860593f,-0.8831537954505861f,2.4789166773751656f,0f,0f,0f,1f], start_interpolation: 0, interpolation_duration: 1 }
$data merge entity $(bone_left_eye1) { transformation: [-0.999996249656423f,-0.0012846787641055232f,0.0024187338758160657f,-0.014120109392172533f,0f,0.8831571075931721f,0.4690773105871381f,4.0691464356656155f,-0.0027387356734383654f,0.4690755513860593f,-0.8831537954505861f,1.9868259295001724f,0f,0f,0f,1f], start_interpolation: 0, interpolation_duration: 1 }
$data merge entity $(bone_crest_middle5) { transformation: [-0.999996249656423f,-0.0007307169215273525f,0.002639455600982424f,-0.01667082103268687f,0f,0.963749669813407f,0.26680812194262205f,4.938850810047155f,-0.0027387356734383654f,0.26680712132049567f,-0.963746055421023f,2.9181688477698358f,0f,0f,0f,1f], start_interpolation: 0, interpolation_duration: 1 }
$data merge entity $(bone_crest_middle4) { transformation: [-0.999996249656423f,-0.0007307169215273525f,0.002639455600982424f,-0.016242666586479437f,0f,0.963749669813407f,0.26680812194262205f,4.374153737890862f,-0.0027387356734383654f,0.26680712132049567f,-0.963746055421023f,2.761836550121108f,0f,0f,0f,1f], start_interpolation: 0, interpolation_duration: 1 }
$data merge entity $(bone_crest_middle1) { transformation: [-0.999996249656423f,-0.0007307169215273525f,0.002639455600982424f,-0.016114871078678816f,0f,0.963749669813407f,0.26680812194262205f,3.9310892399022594f,-0.0027387356734383654f,0.26680712132049567f,-0.963746055421023f,2.715174497348736f,0f,0f,0f,1f], start_interpolation: 0, interpolation_duration: 1 }
$data merge entity $(bone_crest_left5) { transformation: [-0.5362141062084246f,-0.8365416231563755f,0.1125723990594353f,-0.9765973139182551f,-0.7448471498529317f,0.5316872591189932f,0.40312700461082623f,4.406045455442408f,-0.397085829083669f,0.13231315587434644f,-0.9081938521722696f,2.7298576337172533f,0f,0f,0f,1f], start_interpolation: 0, interpolation_duration: 1 }
$data merge entity $(bone_crest_left4) { transformation: [-0.5362141062084246f,-0.8365416231563755f,0.1125723990594353f,-0.5681297244864311f,-0.7448471498529317f,0.5316872591189932f,0.40312700461082623f,4.146432535950712f,-0.397085829083669f,0.13231315587434644f,-0.9081938521722696f,2.6652516005754827f,0f,0f,0f,1f], start_interpolation: 0, interpolation_duration: 1 }
$data merge entity $(bone_crest_left1) { transformation: [-0.5362141062084246f,-0.8365416231563755f,0.1125723990594353f,-0.11331867693860073f,-0.7448471498529317f,0.5316872591189932f,0.40312700461082623f,3.88054226028186f,-0.397085829083669f,0.13231315587434644f,-0.9081938521722696f,2.549839561181436f,0f,0f,0f,1f], start_interpolation: 0, interpolation_duration: 1 }
$data merge entity $(bone_crest_center1) { transformation: [-0.999996249656423f,-0.0012846787641055232f,0.0024187338758160657f,-0.015631429356913508f,0f,0.8831571075931721f,0.4690773105871381f,3.858981083446357f,-0.0027387356734383654f,0.4690755513860593f,-0.8831537954505861f,2.5386551225943936f,0f,0f,0f,1f], start_interpolation: 0, interpolation_duration: 1 }
$data merge entity $(bone_crest_right5) { transformation: [-0.5383810803689527f,0.8358043351038075f,-0.10759612317570465f,0.9442727370741607f,0.7448471498529317f,0.5316872591189932f,0.40312700461082623f,4.406045455442408f,0.39414278587426116f,0.13689328658562788f,-0.9087968378196865f,2.73511840877966f,0f,0f,0f,1f], start_interpolation: 0, interpolation_duration: 1 }
$data merge entity $(bone_crest_right4) { transformation: [-0.5383810803689527f,0.8358043351038075f,-0.10759612317570465f,0.5361651515742547f,0.7448471498529317f,0.5316872591189932f,0.40312700461082623f,4.146432535950712f,0.39414278587426116f,0.13689328658562788f,-0.9087968378196865f,2.6682759836890213f,0f,0f,0f,1f], start_interpolation: 0, interpolation_duration: 1 }
$data merge entity $(bone_crest_right1) { transformation: [-0.5383810803689527f,0.8358043351038075f,-0.10759612317570465f,0.08199309057241937f,0.7448471498529317f,0.5316872591189932f,0.40312700461082623f,3.88054226028186f,0.39414278587426116f,0.13689328658562788f,-0.9087968378196865f,2.5503744704926543f,0f,0f,0f,1f], start_interpolation: 0, interpolation_duration: 1 }
$data merge entity $(bone_head1) { transformation: [-0.999996249656423f,-0.0012846787641055232f,0.0024187338758160657f,-0.012758256296563047f,0f,0.8831571075931721f,0.4690773105871381f,4.277969351137556f,-0.0027387356734383654f,0.4690755513860593f,-0.8831537954505861f,1.4895716667393077f,0f,0f,0f,1f], start_interpolation: 0, interpolation_duration: 1 }
$data merge entity $(bone_neck10) { transformation: [-1.3020784500734675f,-0.00098063588443745f,0.003428578711857998f,-0.010021203199032987f,0f,1.2518837597618773f,0.35806152961315296f,4.157523063058364f,-0.003566062074789538f,0.35806018675939527f,-1.2518790647676596f,0.49018977706453165f,0f,0f,0f,1f], start_interpolation: 0, interpolation_duration: 1 }
$data merge entity $(bone_neck9) { transformation: [-0.999996249656423f,-0.001284678764105523f,0.0024187338758160652f,-0.008508365601819728f,0f,0.883157107593172f,0.46907731058713803f,3.0134233507532073f,-0.0027387356734383654f,0.4690755513860592f,-0.883153795450586f,-0.06219355011256583f,0f,0f,0f,1f], start_interpolation: 0, interpolation_duration: 1 }
$data merge entity $(bone_neck8) { transformation: [-0.999996249656423f,0.000686908383473364f,0.002651194063375578f,-0.009065797898177567f,0f,0.9680357579185862f,-0.2508122233683764f,2.390482811114421f,-0.0027387356734383654f,-0.2508112827363654f,-0.9680321274518993f,0.14134204888716423f,0f,0f,0f,1f], start_interpolation: 0, interpolation_duration: 1 }
$data merge entity $(bone_neck7) { transformation: [-0.999996249656423f,0.0015247678944441986f,0.0022750287815841153f,-0.010360740386672446f,0f,0.8306857809055788f,-0.556741531952924f,1.725033414004266f,-0.0027387356734383654f,-0.5567394439808955f,-0.8306826655484959f,0.6141652003050211f,0f,0f,0f,1f], start_interpolation: 0, interpolation_duration: 1 }
$data merge entity $(bone_neck6) { transformation: [-0.999996249656423f,0.0011134056798202f,0.0025021992089176307f,-0.011224351421072738f,0f,0.9136329705656575f,-0.40654002889675245f,0.9944221503818094f,-0.0027387356734383654f,-0.40653850423196625f,-0.9136295441281146f,0.9294960312201395f,0f,0f,0f,1f], start_interpolation: 0, interpolation_duration: 1 }
$data merge entity $(bone_neck_spine6) { transformation: [-1.1018063064177628f,-0.08616796562952685f,-0.05949472543576371f,0.04985190868320879f,-0.0633881577999041f,0.0483413172208824f,1.1038961617912464f,0.29145890963864474f,-0.08334555840680824f,1.1023519747639496f,-0.05305958108804317f,-1.3205747162723154f,0f,0f,0f,1f], start_interpolation: 0, interpolation_duration: 1 }
$data merge entity $(bone_neck_spine7) { transformation: [-0.9983545580886876f,-0.04106630056692082f,-0.0400216853879069f,0.2556544490218064f,-0.05486021490237129f,0.4808941047068426f,0.8750606932545136f,-0.07187035210630668f,-0.01668931288001157f,0.8758164299760258f,-0.4823557274664013f,-4.531658503680914f,0f,0f,0f,1f], start_interpolation: 0, interpolation_duration: 1 }
$data merge entity $(bone_tail6) { transformation: [-1.2986231720150092f,0.44749425162056944f,0.5962558457208195f,-0.42618973287347545f,0.6269910389605574f,0.0076981902754967675f,1.3597857392301445f,-0.5349254057434608f,0.40330432163921004f,1.4289450354429503f,-0.19405151768050571f,-7.691685124025905f,0f,0f,0f,1f], start_interpolation: 0, interpolation_duration: 1 }
$data merge entity $(bone_tail5) { transformation: [-1.072775663838486f,0.3696691643822096f,0.49255917689980744f,-0.19271447115839546f,0.5179491191413301f,0.006359374575410374f,1.1233012628422934f,-0.5309089586432016f,0.33316443961499964f,1.1804328553659156f,-0.16030342764911343f,-6.946148583794799f,0f,0f,0f,1f], start_interpolation: 0, interpolation_duration: 1 }
$data merge entity $(bone_tail4) { transformation: [-0.8672544313978496f,0.29884833499530206f,0.3981952082726864f,-0.07597684030085561f,0.41872097210583314f,0.005141052288331754f,0.9081003893293487f,-0.528900735093072f,0.2693371469729681f,0.9542867714958138f,-0.12959266572054642f,-6.573380313679247f,0f,0f,0f,1f], start_interpolation: 0, interpolation_duration: 1 }
$data merge entity $(bone_segment18) { transformation: [-0.8672544313978496f,0.24301395209681756f,0.43452729523826006f,0.042682315996418585f,0.41872097210583314f,-0.11613693883141549f,0.9006580699453117f,-0.5856082247568491f,0.2693371469729681f,0.9630453938029883f,-0.0010347634067338768f,-6.103143304986382f,0f,0f,0f,1f], start_interpolation: 0, interpolation_duration: 1 }
$data merge entity $(bone_segment17) { transformation: [-0.964984335311466f,0.2615939878158773f,0.01933437720938433f,0.2087331871686063f,-0.0009093553615814285f,-0.07704463850395524f,0.9970272296936634f,-0.6345135128697114f,0.26230593907937805f,0.9620980767137935f,0.07458475117142904f,-5.492436518009853f,0f,0f,0f,1f], start_interpolation: 0, interpolation_duration: 1 }
$data merge entity $(bone_segment16) { transformation: [-0.99523587173612f,0.08834025494859532f,-0.041249957154673805f,0.2820625003583583f,-0.027507547960065347f,0.1514786712406817f,0.988077702898098f,-0.5087743814687549f,0.09353552488156536f,0.9845050591615939f,-0.14832698362184618f,-4.675220404447983f,0f,0f,0f,1f], start_interpolation: 0, interpolation_duration: 1 }
$data merge entity $(bone_segment15) { transformation: [-0.9983545580886876f,-0.029308625912246658f,-0.04928672022641866f,0.25200971011630846f,-0.05486021490237129f,0.23802566241161555f,0.9697082761606076f,-0.2647050987224694f,-0.01668931288001157f,0.9708165575847203f,-0.23924188252675463f,-3.6797542077058383f,0f,0f,0f,1f], start_interpolation: 0, interpolation_duration: 1 }
$data merge entity $(bone_segment14) { transformation: [-0.9960340597772901f,-0.07105811614713956f,-0.05354340195756338f,0.1791473839888705f,-0.058340730875936f,0.06724873758239622f,0.9960290991805588f,-0.19574887366239516f,-0.06717522522799f,0.9952026685169171f,-0.0711276155397831f,-2.6592827214336094f,0f,0f,0f,1f], start_interpolation: 0, interpolation_duration: 1 }
$data merge entity $(bone_segment13) { transformation: [-0.9955144039162844f,-0.067337996011399f,-0.06645800093573126f,0.1084341351063452f,-0.057273064929795704f,-0.1301829145647778f,0.9898344330184554f,-0.35975937180663187f,-0.07530516336050437f,0.9892006889648773f,0.12574231317523601f,-1.599734635232902f,0f,0f,0f,1f], start_interpolation: 0, interpolation_duration: 1 }
$data merge entity $(bone_segment12) { transformation: [-0.997191549423983f,-0.06029410445939622f,-0.04442560888536672f,0.03777698144299024f,-0.05356563098631356f,0.15961345147218498f,0.9857252504050885f,-0.17271235836266507f,-0.052342496448242154f,0.9853365755296895f,-0.16239487673258018f,-0.4450433357840471f,0f,0f,0f,1f], start_interpolation: 0, interpolation_duration: 1 }
$data merge entity $(bone_segment11) { transformation: [-1.0345954247712301f,-0.03206680379870244f,-0.011510388813413163f,-0.0044293609094207325f,-0.02853551998422154f,0.624507226443772f,0.8250605493736807f,0.5488640984979514f,-0.018614323939657795f,0.8249308493005368f,-0.6250528479501767f,0.5082041876491977f,0f,0f,0f,1f], start_interpolation: 0, interpolation_duration: 1 }
$data merge entity $(bone_segment10) { transformation: [-0.999996249656423f,-0.0013254051708629627f,0.0023966589707368918f,-0.011293649599013937f,0f,0.875096853625158f,0.48394782443497847f,1.3564483237369953f,-0.0027387356734383654f,0.4839460094643635f,-0.8750935717112936f,0.9547989177751688f,0f,0f,0f,1f], start_interpolation: 0, interpolation_duration: 1 }