# This file was generated by Animated Java via MC-Build. It is not recommended to edit this file directly.
$data merge entity $(bone_neck_spine5) { transformation: [-1.3671079622452798f,-0.004577690613816614f,0.01401871857386606f,0.11067132285716719f,2.9646153153900517e-19f,1.2996517981408142f,0.4243899901571658f,3.7414712754502366f,-0.014747193692668508f,0.42436530076603035f,-1.2995761893556677f,-0.37821348116648246f,0f,0f,0f,1f], start_interpolation: 0, interpolation_duration: 1 }
$data merge entity $(bone_neck_spine2) { transformation: [-1.3020075830907425f,-0.005131441636387801f,0.013073975117768847f,-0.006225590965830277f,2.8234431575143343e-19f,1.212066222823862f,0.4757273152068749f,4.5995661227796285f,-0.014044946373970005f,0.47569963920595276f,-1.2119957094334628f,1.4049255960342322f,0f,0f,0f,1f], start_interpolation: 0, interpolation_duration: 1 }
$data merge entity $(bone_scale_neck_left1) { transformation: [-1.3853412945500039f,0.35192185330327275f,0.09186906544036712f,0.6807133657778465f,0.3244457582778095f,1.032185897237322f,0.9385023398386922f,3.880374961411725f,0.16438937299239867f,0.9285487069156646f,-1.0780690382972655f,1.0985020583229326f,0f,0f,0f,1f], start_interpolation: 0, interpolation_duration: 1 }
$data merge entity $(bone_scale_neck_right1) { transformation: [-1.381472756619424f,-0.37187041263312437f,-0.06859181677997152f,-0.6863945964674331f,-0.3244457582778095f,1.032185897237322f,0.9385023398386922f,3.880374961411725f,-0.19423540114161644f,0.9207410538013566f,-1.0797999533204752f,1.0837548646302642f,0f,0f,0f,1f], start_interpolation: 0, interpolation_duration: 1 }
$data merge entity $(bone_blush_right1) { transformation: [-0.9999418238136902f,-0.005888015318671001f,0.009037713414241054f,-0.5893860911639928f,2.168404344971009e-19f,0.8378711954312729f,0.5458679875817687f,3.1080176721791544f,-0.010786518815208965f,0.5458362310640226f,-0.8378224512805039f,2.0496840452985476f,0f,0f,0f,1f], start_interpolation: 0, interpolation_duration: 1 }
$data merge entity $(bone_blush_left1) { transformation: [-0.9999418238136902f,-0.005888015318671001f,0.009037713414241054f,0.5628906198713144f,2.168404344971009e-19f,0.8378711954312729f,0.5458679875817687f,3.1080176721791544f,-0.010786518815208965f,0.5458362310640226f,-0.8378224512805039f,2.0621138228395113f,0f,0f,0f,1f], start_interpolation: 0, interpolation_duration: 1 }
$data merge entity $(bone_left_head_scales) { transformation: [-0.8911323819065734f,-0.005888015318671001f,-0.4537052007560901f,0.5720072292228622f,-0.2520537862752804f,0.8378711954312729f,0.4841908184702238f,3.8264454775345706f,0.37729559597457835f,0.5458362310640226f,-0.7481382506702962f,2.1223321406437985f,0f,0f,0f,1f], start_interpolation: 0, interpolation_duration: 1 }
$data merge entity $(bone_left_head_scales2) { transformation: [-0.8242882085999497f,-0.005888015318671001f,-0.5661398064424483f,0.5752833573896597f,-0.31309701503526793f,0.8378711954312729f,0.4471488779395238f,3.091897475110466f,0.4717194169621292f,0.5458362310640226f,-0.6924908667403001f,1.8186254832618234f,0f,0f,0f,1f], start_interpolation: 0, interpolation_duration: 1 }
$data merge entity $(bone_left_head_scales1) { transformation: [-0.9999418238136902f,-0.005888015318671001f,0.009037713414241054f,0.5725822307188262f,2.168404344971009e-19f,0.8378711954312729f,0.5458679875817687f,3.7446221186057356f,-0.010786518815208965f,0.5458362310640226f,-0.8378224512805039f,2.0690278212039526f,0f,0f,0f,1f], start_interpolation: 0, interpolation_duration: 1 }
$data merge entity $(bone_right_head_scales) { transformation: [-0.8827860786348906f,-0.005888015318671001f,0.469738300167274f,-0.599799595558806f,0.2520537862752804f,0.8378711954312729f,0.4841908184702238f,3.8264454775345706f,-0.3964311140573205f,0.5458362310640226f,-0.7381769304611835f,2.1096916889072257f,0f,0f,0f,1f], start_interpolation: 0, interpolation_duration: 1 }
$data merge entity $(bone_right_head_scales2) { transformation: [-0.8139205696941447f,-0.005888015318671001f,0.5809463292803956f,-0.5965234673920085f,0.31309701503526793f,0.8378711954312729f,0.4471488779395238f,3.091897475110466f,-0.4893910148386094f,0.5458362310640226f,-0.680117080694978f,1.8059850315252506f,0f,0f,0f,1f], start_interpolation: 0, interpolation_duration: 1 }
$data merge entity $(bone_right_head_scales1) { transformation: [-0.9999418238136902f,-0.005888015318671001f,0.009037713414241054f,-0.599224594062842f,2.168404344971009e-19f,0.8378711954312729f,0.5458679875817687f,3.7446221186057356f,-0.010786518815208965f,0.5458362310640226f,-0.8378224512805039f,2.0563873694673798f,0f,0f,0f,1f], start_interpolation: 0, interpolation_duration: 1 }
$data merge entity $(bone_head_left_fin1) { transformation: [-0.7014130462219158f,0.018164389173283564f,-0.7125235389484716f,0.575400423564858f,-0.1563672768653853f,0.9714000733037275f,0.178692955404563f,3.4777651793703175f,0.6953912663496693f,0.2367529356765713f,-0.6785123684452103f,1.8077731066294724f,0f,0f,0f,1f], start_interpolation: 0, interpolation_duration: 1 }
$data merge entity $(bone_head_right_fin1) { transformation: [-0.6862489996104911f,-0.023267345213437277f,0.7269944574618978f,-0.5964064012168102f,0.1563672768653853f,0.9714000733037275f,0.178692955404563f,3.4777651793703175f,-0.7103601799504984f,0.23630600549336866f,-0.6629840771153286f,1.7951326548928994f,0f,0f,0f,1f], start_interpolation: 0, interpolation_duration: 1 }
$data merge entity $(bone_right_whisker16) { transformation: [0.2597187612738379f,0.9219680583356172f,-0.2872647984895389f,-1.0524425591614759f,0.9643955879751906f,-0.2629935150839663f,0.027848894372414085f,1.1058136210101037f,-0.04987298804332271f,-0.28426978459314284f,-0.9574462776735826f,1.5886031001836347f,0f,0f,0f,1f], start_interpolation: 0, interpolation_duration: 1 }
$data merge entity $(bone_right_whisker15) { transformation: [-0.8801803928304546f,0.3778378112703803f,-0.2872647984895389f,-0.7945772096994286f,0.38662245299685327f,0.9218175079271006f,0.027848894372414085f,0.9925453242336819f,0.27532808595478037f,-0.08655097026306693f,-0.9574462776735826f,1.5079405750015702f,0f,0f,0f,1f], start_interpolation: 0, interpolation_duration: 1 }
$data merge entity $(bone_right_whisker14) { transformation: [-0.7144176582274824f,-0.6380331850002201f,-0.2872647984895389f,-0.5852751613905959f,-0.6720566766255948f,0.7399758526365539f,0.027848894372414085f,1.1894369287138367f,0.1948004954195982f,0.21295396768616523f,-0.9574462776735826f,1.4508701173591099f,0f,0f,0f,1f], start_interpolation: 0, interpolation_duration: 1 }
$data merge entity $(bone_right_whisker13) { transformation: [-0.09171262383226697f,-0.9940278073036803f,-0.05913977457548127f,-0.5584062286272364f,-0.9705417975536514f,0.07594208907355787f,0.22865130287945246f,1.4737753459658829f,-0.22279455520979047f,0.07836783405314623f,-0.9717103831670681f,1.5161419597057282f,0f,0f,0f,1f], start_interpolation: 0, interpolation_duration: 1 }
$data merge entity $(bone_right_whisker12) { transformation: [0.07182701607477872f,-0.9966972476128282f,-0.037887680884509f,-0.5864636567814469f,-0.897590737311253f,-0.08115584641448984f,0.4332950459972847f,1.824396727728091f,-0.4349387865606318f,0.002885341186170915f,-0.9004553996458707f,1.686039923205975f,0f,0f,0f,1f], start_interpolation: 0, interpolation_duration: 1 }
$data merge entity $(bone_right_whisker11) { transformation: [0.2937266087879737f,-0.9557789512589713f,-0.014535323189323199f,-0.7012006133392491f,-0.9453962543533765f,-0.2927155746219874f,0.14333008975203274f,2.1936921395848787f,-0.14124659834673106f,-0.02835822110113858f,-0.989568193583169f,1.7412143756851668f,0f,0f,0f,1f], start_interpolation: 0, interpolation_duration: 1 }
$data merge entity $(bone_right_whisker10) { transformation: [0.06932441564533408f,-0.9927839209427631f,0.09784790091231774f,-0.7282804632007077f,-0.9918875173297033f,-0.07907170545799806f,-0.09953300136879903f,2.581148201041794f,0.10655176376273989f,-0.09015404435452345f,-0.9902115783637213f,1.6995925929653466f,0f,0f,0f,1f], start_interpolation: 0, interpolation_duration: 1 }
$data merge entity $(bone_right_whisker1) { transformation: [-0.33837620083799175f,-0.9385797842685569f,0.06759833776681583f,-0.5961022597483672f,-0.9250829448813509f,0.3449504298982855f,0.15884188994920634f,2.942508726386072f,-0.17240386247440853f,-0.008785754115471472f,-0.9849871667836734f,1.7669378517444125f,0f,0f,0f,1f], start_interpolation: 0, interpolation_duration: 1 }
$data merge entity $(bone_left_whisker16) { transformation: [0.25858247598833006f,-0.9156213122431226f,0.30785177549906534f,1.0357856734717417f,-0.9643955879751906f,-0.2629935150839663f,0.027848894372414085f,1.1058136210101037f,0.05546397935354931f,-0.3040921301019838f,-0.9510266680826082f,1.6111291237835295f,0f,0f,0f,1f], start_interpolation: 0, interpolation_duration: 1 }
$data merge entity $(bone_left_whisker15) { transformation: [-0.8740362590221995f,-0.37588283046256804f,0.30785177549906534f,0.7797203632113318f,-0.38662245299685327f,0.9218175079271006f,0.027848894372414085f,0.9925453242336819f,-0.29425107774343773f,-0.09468146514771597f,-0.9510266680826082f,1.5249227533508818f,0f,0f,0f,1f], start_interpolation: 0, interpolation_duration: 1 }
$data merge entity $(bone_left_whisker14) { transformation: [-0.7100492207479079f,0.6332909192759374f,0.30785177549906534f,0.5716981305703431f,0.6720566766255948f,0.7399758526365539f,0.027848894372414085f,1.1894369287138367f,-0.21016642814267317f,0.22666792688301396f,-0.9510266680826082f,1.463350557605958f,0f,0f,0f,1f], start_interpolation: 0, interpolation_duration: 1 }
$data merge entity $(bone_left_whisker13) { transformation: [-0.09649735819827028f,0.9921059651660259f,0.08008753799901056f,0.5434274201606937f,0.9705417975536514f,0.07594208907355787f,0.22865130287945246f,1.4737753459658829f,0.2207643065852857f,0.09979254976766574f,-0.970208517767591f,1.528027600550866f,0f,0f,0f,1f], start_interpolation: 0, interpolation_duration: 1 }
$data merge entity $(bone_left_whisker12) { transformation: [0.06242789712838778f,0.9964030762275473f,0.0573032926140195f,0.5678133174764701f,0.897590737311253f,-0.08115584641448984f,0.4332950459972847f,1.824396727728091f,0.436387013960279f,0.02438520611002167f,-0.8994285606816158f,1.6984912778791f,0f,0f,0f,1f], start_interpolation: 0, interpolation_duration: 1 }
$data merge entity $(bone_left_whisker11) { transformation: [0.29061131828893505f,0.9561682808115496f,0.035878690782313705f,0.6813333636830854f,0.9453962543533765f,-0.2927155746219874f,0.14333008975203274f,2.1936921395848787f,0.14754993709579584f,-0.007733766456607262f,-0.9890243702353453f,1.7561279720571452f,0f,0f,0f,1f], start_interpolation: 0, interpolation_duration: 1 }
$data merge entity $(bone_left_whisker10) { transformation: [0.07160679547693398f,0.9944976855781827f,-0.07646450301389851f,0.7093047681662628f,0.9918875173297033f,-0.07907170545799806f,-0.09953300136879903f,2.581148201041794f,-0.1050315181602279f,-0.06871694678608448f,-0.9920919117790228f,1.7151000352758061f,0f,0f,0f,1f], start_interpolation: 0, interpolation_duration: 1 }
$data merge entity $(bone_left_whisker1) { transformation: [-0.3420165200203819f,0.9385509030298574f,-0.04633467875130765f,0.575704565033301f,0.9250829448813509f,0.3449504298982855f,0.15884188994920634f,2.942508726386072f,0.16506436660525936f,0.011463129364496921f,-0.986216178909258f,1.7795783034809856f,0f,0f,0f,1f], start_interpolation: 0, interpolation_duration: 1 }
$data merge entity $(bone_upper_left_tooth1) { transformation: [-0.9999418238136902f,-0.005077921017384378f,0.009516496534547947f,0.24888471665531087f,2.168404344971009e-19f,0.8822583724722852f,0.47076550872228795f,2.819649732030891f,-0.010786518815208965f,0.4707381213803442f,-0.882207046044835f,2.6526783654140553f,0f,0f,0f,1f], start_interpolation: 0, interpolation_duration: 1 }
$data merge entity $(bone_upper_right_tooth1) { transformation: [-0.9999418238136902f,-0.005077921017384378f,0.009516496534547947f,-0.33701869573552323f,2.168404344971009e-19f,0.8822583724722852f,0.47076550872228795f,2.819649732030891f,-0.010786518815208965f,0.4707381213803442f,-0.882207046044835f,2.646358139545769f,0f,0f,0f,1f], start_interpolation: 0, interpolation_duration: 1 }
$data merge entity $(bone_top_lip1) { transformation: [-0.9999418238136902f,-0.0004876895913469015f,0.010775488249418166f,-0.02019951467212417f,2.168404344971009e-19f,0.9989773748157517f,0.04521288097687853f,2.9144235806363126f,-0.010786518815208965f,0.045210250663891116f,-0.9989192581218751f,2.7003491702278652f,0f,0f,0f,1f], start_interpolation: 0, interpolation_duration: 1 }
$data merge entity $(bone_muzzle1) { transformation: [-0.9999418238136902f,-0.005077921017384378f,0.009516496534547947f,-0.016296623935145346f,2.168404344971009e-19f,0.8822583724722852f,0.47076550872228795f,3.273526617972237f,-0.010786518815208965f,0.4707381213803442f,-0.882207046044835f,2.3385397905253598f,0f,0f,0f,1f], start_interpolation: 0, interpolation_duration: 1 }
$data merge entity $(bone_jaw_right_tooth1) { transformation: [-0.9999418238136902f,0.0013800038774574922f,0.010697877240324798f,-0.3369778254071909f,2.168404344971009e-19f,0.9917821888226641f,-0.1279378362101115f,2.739985913810693f,-0.010786518815208965f,-0.12793039327471628f,-0.9917244907172688f,2.642569340642928f,0f,0f,0f,1f], start_interpolation: 0, interpolation_duration: 1 }
$data merge entity $(bone_jaw_left_tooth1) { transformation: [-0.9999418238136902f,0.0013800038774574922f,0.010697877240324798f,0.2977508713495461f,2.168404344971009e-19f,0.9917821888226641f,-0.1279378362101115f,2.739985913810693f,-0.010786518815208965f,-0.12793039327471628f,-0.9917244907172688f,2.6494162520002384f,0f,0f,0f,1f], start_interpolation: 0, interpolation_duration: 1 }
$data merge entity $(bone_tongue1) { transformation: [-0.9999418238136902f,-0.002382176158965079f,0.010520181790183828f,-0.012119751922312318f,2.168404344971009e-19f,0.9753083427945627f,0.2208475412480825f,2.883224679386598f,-0.010786518815208965f,0.22083469318037674f,-0.9752516030747033f,1.951331545687407f,0f,0f,0f,1f], start_interpolation: 0, interpolation_duration: 1 }
$data merge entity $(bone_jaw_lips1) { transformation: [-0.9999418238136902f,-0.002382176158965079f,0.010520181790183828f,0.028754169224681884f,2.168404344971009e-19f,0.9753083427945627f,0.2208475412480825f,2.6011561439167044f,-0.010786518815208965f,0.22083469318037674f,-0.9752516030747033f,2.6889728438826035f,0f,0f,0f,1f], start_interpolation: 0, interpolation_duration: 1 }
$data merge entity $(bone_jaw3) { transformation: [-0.9999418238136902f,-0.0004986283699798836f,0.010774987605538498f,0.037208649079897085f,2.168404344971009e-19f,0.9989309609645134f,0.0462269967282512f,2.564106784202207f,-0.010786518815208965f,0.046224307417876864f,-0.9988728469708181f,1.9052178483505982f,0f,0f,0f,1f], start_interpolation: 0, interpolation_duration: 1 }
$data merge entity $(bone_jaw1) { transformation: [-0.9999418238136902f,-0.007971650304782044f,0.007266483301372501f,0.04288558915909435f,2.168404344971009e-19f,0.6736634335747671f,0.7390382792956367f,3.1414804399019234f,-0.010786518815208965f,0.7389952848670104f,-0.6736242424053456f,1.378948908971422f,0f,0f,0f,1f], start_interpolation: 0, interpolation_duration: 1 }
$data merge entity $(bone_tear_right1) { transformation: [-0.9999418238136902f,-0.005888015318671001f,0.009037713414241054f,-0.5433676423145123f,2.168404344971009e-19f,0.8378711954312729f,0.5458679875817687f,3.3464227498340238f,-0.010786518815208965f,0.5458362310640226f,-0.8378224512805039f,2.310412587709108f,0f,0f,0f,1f], start_interpolation: 0, interpolation_duration: 1 }
$data merge entity $(bone_right_pupil1) { transformation: [-0.9999418238136902f,-0.005888015318671001f,0.009037713414241054f,-0.3833490714051826f,2.168404344971009e-19f,0.8378711954312729f,0.5458679875817687f,3.3962616563654895f,-0.010786518815208965f,0.5458362310640226f,-0.8378224512805039f,2.4145461251466624f,0f,0f,0f,1f], start_interpolation: 0, interpolation_duration: 1 }
$data merge entity $(bone_right_sad_pupil1) { transformation: [-0.9999418238136902f,-0.005888015318671001f,0.009037713414241054f,-0.38326081248512167f,2.168404344971009e-19f,0.8378711954312729f,0.5458679875817687f,3.401592398431718f,-0.010786518815208965f,0.5458362310640226f,-0.8378224512805039f,2.4063642652708763f,0f,0f,0f,1f], start_interpolation: 0, interpolation_duration: 1 }
$data merge entity $(bone_right_happy_pupil1) { transformation: [-0.9999418238136902f,-0.005888015318671001f,0.009037713414241054f,-0.4075293936522669f,2.168404344971009e-19f,0.8378711954312729f,0.5458679875817687f,3.3811368205342576f,-0.010786518815208965f,0.5458362310640226f,-0.8378224512805039f,2.3927750166110124f,0f,0f,0f,1f], start_interpolation: 0, interpolation_duration: 1 }
$data merge entity $(bone_eyelid_right1) { transformation: [-0.9999418238136902f,-0.005888015318671001f,0.009037713414241054f,-0.0026053636348204057f,2.168404344971009e-19f,0.8378711954312729f,0.5458679875817687f,3.627217822278711f,-0.010786518815208965f,0.5458362310640226f,-0.8378224512805039f,1.974674593397916f,0f,0f,0f,1f], start_interpolation: 0, interpolation_duration: 1 }
$data merge entity $(bone_eyelid_expressions_right5) { transformation: [-0.9999418238136902f,-0.005888015318671001f,0.009037713414241054f,-0.4961336555408422f,2.168404344971009e-19f,0.8378711954312729f,0.5458679875817687f,3.4834157573605533f,-0.010786518815208965f,0.5458362310640226f,-0.8378224512805039f,2.4584572114567544f,0f,0f,0f,1f], start_interpolation: 0, interpolation_duration: 1 }
$data merge entity $(bone_eyelid_expressions_right7) { transformation: [-0.9999418238136902f,-0.005888015318671001f,0.009037713414241054f,-0.20318194934542513f,2.168404344971009e-19f,0.8378711954312729f,0.5458679875817687f,3.4834157573605533f,-0.010786518815208965f,0.5458362310640226f,-0.8378224512805039f,2.4616173243908976f,0f,0f,0f,1f], start_interpolation: 0, interpolation_duration: 1 }
$data merge entity $(bone_eyelid_expressions_right6) { transformation: [-0.9999418238136902f,-0.005888015318671001f,0.009037713414241054f,-0.3008325180772308f,2.168404344971009e-19f,0.8378711954312729f,0.5458679875817687f,3.4834157573605533f,-0.010786518815208965f,0.5458362310640226f,-0.8378224512805039f,2.46056395341285f,0f,0f,0f,1f], start_interpolation: 0, interpolation_duration: 1 }
$data merge entity $(bone_right_eye1) { transformation: [-0.9999418238136902f,-0.005888015318671001f,0.009037713414241054f,-0.012458679428061923f,2.168404344971009e-19f,0.8378711954312729f,0.5458679875817687f,3.6218870802124825f,-0.010786518815208965f,0.5458362310640226f,-0.8378224512805039f,1.9827511161758973f,0f,0f,0f,1f], start_interpolation: 0, interpolation_duration: 1 }
$data merge entity $(bone_tear_left1) { transformation: [-0.9999418238136902f,-0.005888015318671001f,0.009037713414241054f,0.5112584999889892f,2.168404344971009e-19f,0.8378711954312729f,0.5458679875817687f,3.3464227498340238f,-0.010786518815208965f,0.5458362310640226f,-0.8378224512805039f,2.3217889942720236f,0f,0f,0f,1f], start_interpolation: 0, interpolation_duration: 1 }
$data merge entity $(bone_left_sad_pupil1) { transformation: [-0.9999418238136902f,-0.005888015318671001f,0.009037713414241054f,0.349118453003421f,2.168404344971009e-19f,0.8378711954312729f,0.5458679875817687f,3.401592398431718f,-0.010786518815208965f,0.5458362310640226f,-0.8378224512805039f,2.4142645476062348f,0f,0f,0f,1f], start_interpolation: 0, interpolation_duration: 1 }
$data merge entity $(bone_left_pupil1) { transformation: [-0.9999418238136902f,-0.005888015318671001f,0.009037713414241054f,0.34903019408336006f,2.168404344971009e-19f,0.8378711954312729f,0.5458679875817687f,3.3962616563654895f,-0.010786518815208965f,0.5458362310640226f,-0.8378224512805039f,2.422446407482021f,0f,0f,0f,1f], start_interpolation: 0, interpolation_duration: 1 }
$data merge entity $(bone_eyelid_left1) { transformation: [-0.9999418238136902f,-0.005888015318671001f,0.009037713414241054f,-0.022135477381181545f,2.168404344971009e-19f,0.8378711954312729f,0.5458679875817687f,3.627217822278711f,-0.010786518815208965f,0.5458362310640226f,-0.8378224512805039f,1.9744639192023064f,0f,0f,0f,1f], start_interpolation: 0, interpolation_duration: 1 }
$data merge entity $(bone_left_happy_pupil1) { transformation: [-0.9999418238136902f,-0.005888015318671001f,0.009037713414241054f,0.3736751562021786f,2.168404344971009e-19f,0.8378711954312729f,0.5458679875817687f,3.3811368205342576f,-0.010786518815208965f,0.5458362310640226f,-0.8378224512805039f,2.4012019844353945f,0f,0f,0f,1f], start_interpolation: 0, interpolation_duration: 1 }
$data merge entity $(bone_eyelid_expressions_left5) { transformation: [-0.9999418238136902f,-0.005888015318671001f,0.009037713414241054f,0.46084191803085356f,2.168404344971009e-19f,0.8378711954312729f,0.5458679875817687f,3.4834157573605533f,-0.010786518815208965f,0.5458362310640226f,-0.8378224512805039f,2.4687802470416225f,0f,0f,0f,1f], start_interpolation: 0, interpolation_duration: 1 }
$data merge entity $(bone_eyelid_expressions_left7) { transformation: [-0.9999418238136902f,-0.005888015318671001f,0.009037713414241054f,0.16789021183543648f,2.168404344971009e-19f,0.8378711954312729f,0.5458679875817687f,3.4834157573605533f,-0.010786518815208965f,0.5458362310640226f,-0.8378224512805039f,2.4656201341074797f,0f,0f,0f,1f], start_interpolation: 0, interpolation_duration: 1 }
$data merge entity $(bone_eyelid_expressions_left6) { transformation: [-0.9999418238136902f,-0.005888015318671001f,0.009037713414241054f,0.2655407805672422f,2.168404344971009e-19f,0.8378711954312729f,0.5458679875817687f,3.4834157573605533f,-0.010786518815208965f,0.5458362310640226f,-0.8378224512805039f,2.4666735050855273f,0f,0f,0f,1f], start_interpolation: 0, interpolation_duration: 1 }
$data merge entity $(bone_left_eye1) { transformation: [-0.9999418238136902f,-0.005888015318671001f,0.009037713414241054f,-0.012458679428061923f,2.168404344971009e-19f,0.8378711954312729f,0.5458679875817687f,3.6218870802124825f,-0.010786518815208965f,0.5458362310640226f,-0.8378224512805039f,1.9827511161758973f,0f,0f,0f,1f], start_interpolation: 0, interpolation_duration: 1 }
$data merge entity $(bone_crest_middle5) { transformation: [-0.9999418238136902f,-0.003792326643217953f,0.01009788328225259f,-0.02330023113328282f,2.168404344971009e-19f,0.9361577590737241f,0.35158021862167266f,4.4051889330894225f,-0.010786518815208965f,0.35155976502537134f,-0.936103296985517f,2.987794649758143f,0f,0f,0f,1f], start_interpolation: 0, interpolation_duration: 1 }
$data merge entity $(bone_crest_middle4) { transformation: [-0.9999418238136902f,-0.003792326643217953f,0.01009788328225259f,-0.0210781647407723f,2.168404344971009e-19f,0.9361577590737241f,0.35158021862167266f,3.8566589961321625f,-0.010786518815208965f,0.35155976502537134f,-0.936103296985517f,2.7818025999385894f,0f,0f,0f,1f], start_interpolation: 0, interpolation_duration: 1 }
$data merge entity $(bone_crest_middle1) { transformation: [-0.9999418238136902f,-0.003792326643217953f,0.01009788328225259f,-0.0201512091626898f,2.168404344971009e-19f,0.9361577590737241f,0.35158021862167266f,3.4195109292518193f,-0.010786518815208965f,0.35155976502537134f,-0.936103296985517f,2.695871108303386f,0f,0f,0f,1f], start_interpolation: 0, interpolation_duration: 1 }
$data merge entity $(bone_crest_left5) { transformation: [-0.532302448552122f,-0.8380843742678012f,0.11945160054835312f,-0.9811762428757081f,-0.7066533989197521f,0.5175865154299895f,0.48243670345466383f,3.891037796055082f,-0.4661492004289798f,0.17239135898643326f,-0.8677477411588196f,2.745052635694334f,0f,0f,0f,1f], start_interpolation: 0, interpolation_duration: 1 }
$data merge entity $(bone_crest_left4) { transformation: [-0.532302448552122f,-0.8380843742678012f,0.11945160054835312f,-0.5719553570027583f,-0.7066533989197521f,0.5175865154299895f,0.48243670345466383f,3.6383100053177824f,-0.4661492004289798f,0.17239135898643326f,-0.8677477411588196f,2.6608771674392395f,0f,0f,0f,1f], start_interpolation: 0, interpolation_duration: 1 }
$data merge entity $(bone_crest_left1) { transformation: [-0.532302448552122f,-0.8380843742678012f,0.11945160054835312f,-0.11597978485948846f,-0.7066533989197521f,0.5175865154299895f,0.48243670345466383f,3.3838659151676254f,-0.4661492004289798f,0.17239135898643326f,-0.8677477411588196f,2.5259136571848653f,0f,0f,0f,1f], start_interpolation: 0, interpolation_duration: 1 }
$data merge entity $(bone_crest_center1) { transformation: [-0.9999418238136902f,-0.005888015318671001f,0.009037713414241054f,-0.01818546759369656f,2.168404344971009e-19f,0.8378711954312729f,0.5458679875817687f,3.363410337270165f,-0.010786518815208965f,0.5458362310640226f,-0.8378224512805039f,2.513641118876774f,0f,0f,0f,1f], start_interpolation: 0, interpolation_duration: 1 }
$data merge entity $(bone_crest_right5) { transformation: [-0.5422342520572868f,0.8341705648129096f,-0.10070493878448096f,0.9395892627533213f,0.7066533989197521f,0.5175865154299895f,0.48243670345466383f,3.891037796055082f,0.454558015759305f,0.1904302177826636f,-0.8701226019729696f,2.7657722143464745f,0f,0f,0f,1f], start_interpolation: 0, interpolation_duration: 1 }
$data merge entity $(bone_crest_right4) { transformation: [-0.5422342520572868f,0.8341705648129096f,-0.10070493878448096f,0.5322794166532678f,0.7066533989197521f,0.5175865154299895f,0.48243670345466383f,3.6383100053177824f,0.454558015759305f,0.1904302177826636f,-0.8701226019729696f,2.672788709569783f,0f,0f,0f,1f], start_interpolation: 0, interpolation_duration: 1 }
$data merge entity $(bone_crest_right1) { transformation: [-0.5422342520572868f,0.8341705648129096f,-0.10070493878448096f,0.07932135260412293f,0.7066533989197521f,0.5175865154299895f,0.48243670345466383f,3.3838659151676254f,0.454558015759305f,0.1904302177826636f,-0.8701226019729696f,2.5280203991409613f,0f,0f,0f,1f], start_interpolation: 0, interpolation_duration: 1 }
$data merge entity $(bone_head1) { transformation: [-0.9999418238136902f,-0.005888015318671001f,0.009037713414241054f,-0.007316938076727811f,2.168404344971009e-19f,0.8378711954312729f,0.5458679875817687f,3.8741662143906166f,-0.010786518815208965f,0.5458362310640226f,-0.8378224512805039f,1.5060966632877348f,0f,0f,0f,1f], start_interpolation: 0, interpolation_duration: 1 }
$data merge entity $(bone_neck10) { transformation: [-1.3020075830907425f,-0.00679403763113837f,0.012292337910843852f,0.0034795639740899447f,2.8234431575143343e-19f,1.1396019532744601f,0.6298637908607544f,3.981063579396566f,-0.014044946373970005f,0.6298271477875075f,-1.1395356555789073f,0.5052293643515111f,0f,0f,0f,1f], start_interpolation: 0, interpolation_duration: 1 }
$data merge entity $(bone_neck9) { transformation: [-0.9999418238136902f,-0.005888015318671f,0.009037713414241054f,0.010513288821316752f,2.168404344971009e-19f,0.8378711954312729f,0.5458679875817687f,2.890706202990567f,-0.010786518815208965f,0.5458362310640226f,-0.8378224512805039f,-0.14681748898755567f,0f,0f,0f,1f], start_interpolation: 0, interpolation_duration: 1 }
$data merge entity $(bone_neck8) { transformation: [-0.9999418238136902f,0.00176469042865098f,0.010641186768489906f,0.0089249960569943f,2.168404344971009e-19f,0.9865265106185935f,-0.16360147874240666f,2.252113994729343f,-0.010786518815208965f,-0.16359196103229878f,-0.9864691182685124f,0.0004218929404971039f,0f,0f,0f,1f], start_interpolation: 0, interpolation_duration: 1 }
$data merge entity $(bone_neck7) { transformation: [-0.9999418238136902f,0.004656921412697487f,0.009729443514755439f,0.004908025405600493f,2.168404344971009e-19f,0.9020003285060745f,-0.43173534413449854f,1.525684614890238f,-0.010786518815208965f,-0.4317102274186817f,-0.9019478535669119f,0.3728068141717289f,0f,0f,0f,1f], start_interpolation: 0, interpolation_duration: 1 }
$data merge entity $(bone_neck6) { transformation: [-0.9999418238136902f,0.0030085787965689107f,0.010358447845874062f,0.002606531480939306f,2.168404344971009e-19f,0.9603142611005022f,-0.27892027521676604f,0.75906779210854f,-0.010786518815208965f,-0.27890404869886953f,-0.9602583936791326f,0.586162028393107f,0f,0f,0f,1f], start_interpolation: 0, interpolation_duration: 1 }
$data merge entity $(bone_neck_spine6) { transformation: [-1.0998869985980289f,0.10164709959038572f,0.06970032264805895f,-0.006633548092342512f,0.05790734997955321f,-0.1263220939819249f,1.0980123609995147f,0.18389130187717373f,0.10879800848695188f,1.0948297919011183f,0.1202181252240659f,-1.6429258653829795f,0f,0f,0f,1f], start_interpolation: 0, interpolation_duration: 1 }
$data merge entity $(bone_neck_spine7) { transformation: [-0.991182113326598f,0.12977480547753034f,0.026767855436853668f,-0.34939492751334167f,0.04393435944700717f,0.1312799896969362f,0.9903713123698371f,0.6072995536310871f,0.1250111606273628f,0.9828143589551599f,-0.13582395057631855f,-4.757885048573352f,0f,0f,0f,1f], start_interpolation: 0, interpolation_duration: 1 }
$data merge entity $(bone_tail6) { transformation: [-1.400381660394795f,-0.4272147646389027f,-0.31402711951115236f,0.09606957644163883f,-0.3721322450017489f,0.16020916152499834f,1.4415425413346088f,0.6960244405590901f,-0.3776811871723332f,1.4261889254660518f,-0.25600068636258233f,-7.9974606188529815f,0f,0f,0f,1f], start_interpolation: 0, interpolation_duration: 1 }
$data merge entity $(bone_tail5) { transformation: [-1.156837023804396f,-0.35291654470170225f,-0.25941370742225633f,-0.12682508336996284f,-0.307413593697097f,0.1323466986510856f,1.1908394906677204f,0.7796118291808284f,-0.31199750244671004f,1.1781560688632604f,-0.21147882786474195f,-7.253362049044606f,0f,0f,0f,1f], start_interpolation: 0, interpolation_duration: 1 }
$data merge entity $(bone_tail4) { transformation: [-0.9352114045071327f,-0.2853051645588498f,-0.2097155024213609f,-0.23827241327576354f,-0.24851962100986363f,0.10699185743582498f,0.9626997145608519f,0.8214055234916975f,-0.25222534934639296f,0.9524461693547199f,-0.17096393663170717f,-6.881312764140418f,0f,0f,0f,1f], start_interpolation: 0, interpolation_duration: 1 }
$data merge entity $(bone_segment18) { transformation: [-0.9352114045071327f,-0.22663864673075387f,-0.2720561572320111f,-0.34893581499976445f,-0.24851962100986363f,-0.12716955265849567f,0.9602426270738826f,0.7593110153576664f,-0.25222534934639296f,0.9656411490220841f,0.06260626536058f,-6.409808296844479f,0f,0f,0f,1f], start_interpolation: 0, interpolation_duration: 1 }
$data merge entity $(bone_segment17) { transformation: [-0.9907167226781942f,-0.1280886875741464f,0.04553749577338286f,-0.43024211082319724f,0.09649363288635243f,-0.42664076516916305f,0.8992589372968527f,0.4884941234045844f,-0.09575674502703194f,0.8953049455975344f,0.4350398834249846f,-5.841499493486669f,0f,0f,0f,1f], start_interpolation: 0, interpolation_duration: 1 }
$data merge entity $(bone_segment16) { transformation: [-0.9972245171598942f,0.03459262671404944f,0.06592884461476882f,-0.40152752810157416f,0.053388701019840105f,-0.28494632842476253f,0.9570555033647011f,0.2519664093801234f,0.05189324598278683f,0.9579190676118051f,0.28230860937474106f,-5.046351829941714f,0f,0f,0f,1f], start_interpolation: 0, interpolation_duration: 1 }
$data merge entity $(bone_segment15) { transformation: [-0.991182113326598f,0.11842480542877783f,0.05944395411288899f,-0.28009584284745626f,0.04393435944700717f,-0.12952022484125808f,0.9906029898082537f,0.11915758508000521f,0.1250111606273628f,0.9844795969527385f,0.12317521220754442f,-4.036875680722598f,0f,0f,0f,1f], start_interpolation: 0, interpolation_duration: 1 }
$data merge entity $(bone_segment14) { transformation: [-0.9906874499783167f,0.11812766200191865f,0.06770695625577129f,-0.15896884567752018f,0.043083049361992726f,-0.19975343721576652f,0.9788985724671168f,-0.08566771675256779f,0.1291596969380641f,0.97269955268338f,0.192803923446646f,-3.0394786784593664f,0f,0f,0f,1f], start_interpolation: 0, interpolation_duration: 1 }
$data merge entity $(bone_segment13) { transformation: [-0.9937802528509248f,0.0795101524966551f,0.07796758745472931f,-0.07546103023847683f,0.05232099386387866f,-0.28467575543579027f,0.9571949790236879f,-0.41484046983124767f,0.0983022006093871f,0.9553208099465965f,0.27874509401661407f,-2.020060365188594f,0f,0f,0f,1f], start_interpolation: 0, interpolation_duration: 1 }
$data merge entity $(bone_segment12) { transformation: [-0.9978507569275615f,0.04898774083542479f,0.043520893223070484f,-0.0180535214469634f,0.04769218413012409f,0.08747783928372244f,0.9950241621222822f,-0.3123273769206354f,0.04493687207618024f,0.9949612197880342f,-0.08962616049969191f,-0.8540901857494911f,0f,0f,0f,1f], start_interpolation: 0, interpolation_duration: 1 }
$data merge entity $(bone_segment11) { transformation: [-1.0349604570190765f,0.013125374662583117f,0.015265610400294687f,0.003227224141965539f,0.019983660040878194f,0.5745166841732635f,0.8608598578467879f,0.35150094511257257f,0.00244287787197241f,0.8609917340257036f,-0.5746614030898345f,0.1409096792788238f,0f,0f,0f,1f], start_interpolation: 0, interpolation_duration: 1 }
$data merge entity $(bone_segment10) { transformation: [-0.9999418238136902f,-0.006070695693485336f,0.00891603285929093f,0.0018066980259382123f,2.168404344971009e-19f,0.826590396033922f,0.5628039775840998f,1.1143209253304724f,-0.010786518815208965f,0.562771235795044f,-0.8265423081570404f,0.6603089276330456f,0f,0f,0f,1f], start_interpolation: 0, interpolation_duration: 1 }