# This file was generated by Animated Java via MC-Build. It is not recommended to edit this file directly.
$data merge entity $(bone_neck_spine5) { transformation: [-1.572174156582072f,-0.005264344205889106f,0.01612152635994597f,0.12547916443817494f,3.40930761269856e-19f,1.4945995678619366f,0.4880484886807407f,4.328415219955206f,-0.016959272746568787f,0.488020095880935f,-1.494512617759018f,-0.39291170030216466f,0f,0f,0f,1f], start_interpolation: 0, interpolation_duration: 1 }
$data merge entity $(bone_neck_spine2) { transformation: [-1.4973087205543538f,-0.00590115788184597f,0.015035071385434175f,-0.008952286458272127f,3.2469596311414845e-19f,1.393876156247441f,0.5470864124879061f,5.315224294384005f,-0.016151688330065507f,0.5470545850868457f,-1.3937950658484823f,1.6576982384786563f,0f,0f,0f,1f], start_interpolation: 0, interpolation_duration: 1 }
$data merge entity $(bone_scale_neck_left1) { transformation: [-1.5931424887325043f,0.4047101312987636f,0.10564942525642218f,0.781027513796956f,0.3731126220194809f,1.18701378182292f,1.0792776908144959f,4.488154458810917f,0.18904777894125846f,1.0678310129530142f,-1.2397793940418553f,1.3053111701106626f,0f,0f,0f,1f], start_interpolation: 0, interpolation_duration: 1 }
$data merge entity $(bone_scale_neck_right1) { transformation: [-1.5886936701123375f,-0.427650974528093f,-0.07888058929696723f,-0.7911466427851153f,-0.3731126220194809f,1.18701378182292f,1.0792776908144959f,4.488154458810917f,-0.2233707113128589f,1.05885221187156f,-1.241769946318546f,1.2883518973640937f,0f,0f,0f,1f], start_interpolation: 0, interpolation_duration: 1 }
$data merge entity $(bone_blush_right1) { transformation: [-0.9999418238136902f,-0.005888015318671001f,0.009037713414241054f,-0.679586861686159f,2.168404344971009e-19f,0.8378711954312729f,0.5458679875817687f,3.599943576193461f,-0.010786518815208965f,0.5458362310640226f,-0.8378224512805039f,2.39917045513262f,0f,0f,0f,1f], start_interpolation: 0, interpolation_duration: 1 }
$data merge entity $(bone_blush_left1) { transformation: [-0.9999418238136902f,-0.005888015318671001f,0.009037713414241054f,0.6455313560044441f,2.168404344971009e-19f,0.8378711954312729f,0.5458679875817687f,3.599943576193461f,-0.010786518815208965f,0.5458362310640226f,-0.8378224512805039f,2.413464699304728f,0f,0f,0f,1f], start_interpolation: 0, interpolation_duration: 1 }
$data merge entity $(bone_left_head_scales) { transformation: [-0.8911323819065734f,-0.005888015318671001f,-0.4537052007560901f,0.6560154567587242f,-0.2520537862752804f,0.8378711954312729f,0.4841908184702238f,4.426135552352189f,0.37729559597457835f,0.5458362310640226f,-0.7481382506702962f,2.4827157647796585f,0f,0f,0f,1f], start_interpolation: 0, interpolation_duration: 1 }
$data merge entity $(bone_left_head_scales2) { transformation: [-0.8242882085999497f,-0.005888015318671001f,-0.5661398064424483f,0.6597830041505414f,-0.31309701503526793f,0.8378711954312729f,0.4471488779395238f,3.5814053495644687f,0.4717194169621292f,0.5458362310640226f,-0.6924908667403001f,2.1334531087903867f,0f,0f,0f,1f], start_interpolation: 0, interpolation_duration: 1 }
$data merge entity $(bone_left_head_scales1) { transformation: [-0.9999418238136902f,-0.005888015318671001f,0.009037713414241054f,0.6566767084790828f,2.168404344971009e-19f,0.8378711954312729f,0.5458679875817687f,4.332038689584029f,-0.010786518815208965f,0.5458362310640226f,-0.8378224512805039f,2.4214157974238355f,0f,0f,0f,1f], start_interpolation: 0, interpolation_duration: 1 }
$data merge entity $(bone_right_head_scales) { transformation: [-0.8827860786348906f,-0.005888015318671001f,0.469738300167274f,-0.6915623917401943f,0.2520537862752804f,0.8378711954312729f,0.4841908184702238f,4.426135552352189f,-0.3964311140573205f,0.5458362310640226f,-0.7381769304611835f,2.4681792452825997f,0f,0f,0f,1f], start_interpolation: 0, interpolation_duration: 1 }
$data merge entity $(bone_right_head_scales2) { transformation: [-0.8139205696941447f,-0.005888015318671001f,0.5809463292803956f,-0.6877948443483771f,0.31309701503526793f,0.8378711954312729f,0.4471488779395238f,3.5814053495644687f,-0.4893910148386094f,0.5458362310640226f,-0.680117080694978f,2.1189165892933284f,0f,0f,0f,1f], start_interpolation: 0, interpolation_duration: 1 }
$data merge entity $(bone_right_head_scales1) { transformation: [-0.9999418238136902f,-0.005888015318671001f,0.009037713414241054f,-0.6909011400198357f,2.168404344971009e-19f,0.8378711954312729f,0.5458679875817687f,4.332038689584029f,-0.010786518815208965f,0.5458362310640226f,-0.8378224512805039f,2.4068792779267767f,0f,0f,0f,1f], start_interpolation: 0, interpolation_duration: 1 }
$data merge entity $(bone_head_left_fin1) { transformation: [-0.7352050810008361f,0.019039496464183944f,-0.7468508448613537f,0.6599176302520193f,-0.16390059619353536f,1.0181992955852872f,0.18730186080816824f,4.025153209463298f,0.7288931893378695f,0.24815900158807275f,-0.7112011153624925f,2.120972875663183f,0f,0f,0f,1f], start_interpolation: 0, interpolation_duration: 1 }
$data merge entity $(bone_head_right_fin1) { transformation: [-0.7193104748521424f,-0.024388298042730478f,0.7620189300219111f,-0.6876602182468992f,0.16390059619353536f,1.0181992955852872f,0.18730186080816824f,4.025153209463298f,-0.7445832615366551f,0.2476905396121898f,-0.6949247162471868f,2.106436356166124f,0f,0f,0f,1f], start_interpolation: 0, interpolation_duration: 1 }
$data merge entity $(bone_right_whisker16) { transformation: [0.2597187612738379f,0.9219680583356172f,-0.2872647984895389f,-1.2121017998832642f,0.9643955879751906f,-0.2629935150839663f,0.027848894372414085f,1.2974089173490528f,-0.04987298804332271f,-0.28426978459314284f,-0.9574462776735826f,1.8689273682504703f,0f,0f,0f,1f], start_interpolation: 0, interpolation_duration: 1 }
$data merge entity $(bone_right_whisker15) { transformation: [-0.8801803928304546f,0.3778378112703803f,-0.2872647984895389f,-0.91555664800191f,0.38662245299685327f,0.9218175079271006f,0.027848894372414085f,1.1671503760561677f,0.27532808595478037f,-0.08655097026306693f,-0.9574462776735826f,1.776165464291096f,0f,0f,0f,1f], start_interpolation: 0, interpolation_duration: 1 }
$data merge entity $(bone_right_whisker14) { transformation: [-0.7144176582274824f,-0.6380331850002201f,-0.2872647984895389f,-0.6748592924467526f,-0.6720566766255948f,0.7399758526365539f,0.027848894372414085f,1.3935757212083453f,0.1948004954195982f,0.21295396768616523f,-0.9574462776735826f,1.7105344380022667f,0f,0f,0f,1f], start_interpolation: 0, interpolation_duration: 1 }
$data merge entity $(bone_right_whisker13) { transformation: [-0.09171262383226697f,-0.9940278073036803f,-0.05913977457548127f,-0.6439600197688892f,-0.9705417975536514f,0.07594208907355787f,0.22865130287945246f,1.7205649010481985f,-0.22279455520979047f,0.07836783405314623f,-0.9717103831670681f,1.7855970567008776f,0f,0f,0f,1f], start_interpolation: 0, interpolation_duration: 1 }
$data merge entity $(bone_right_whisker12) { transformation: [0.07182701607477872f,-0.9966972476128282f,-0.037887680884509f,-0.6762260621462312f,-0.897590737311253f,-0.08115584641448984f,0.4332950459972847f,2.123779490074738f,-0.4349387865606318f,0.002885341186170915f,-0.9004553996458707f,1.9809797147261614f,0f,0f,0f,1f], start_interpolation: 0, interpolation_duration: 1 }
$data merge entity $(bone_right_whisker11) { transformation: [0.2937266087879737f,-0.9557789512589713f,-0.014535323189323199f,-0.8081735621877038f,-0.9453962543533765f,-0.2927155746219874f,0.14333008975203274f,2.548469213710044f,-0.14124659834673106f,-0.02835822110113858f,-0.989568193583169f,2.044430335077232f,0f,0f,0f,1f], start_interpolation: 0, interpolation_duration: 1 }
$data merge entity $(bone_right_whisker10) { transformation: [0.06932441564533408f,-0.9927839209427631f,0.09784790091231774f,-0.8393153895283811f,-0.9918875173297033f,-0.07907170545799806f,-0.09953300136879903f,2.9940436843854967f,0.10655176376273989f,-0.09015404435452345f,-0.9902115783637213f,1.9965652849494386f,0f,0f,0f,1f], start_interpolation: 0, interpolation_duration: 1 }
$data merge entity $(bone_right_whisker1) { transformation: [-0.33837620083799175f,-0.9385797842685569f,0.06759833776681583f,-0.6873104555581896f,-0.9250829448813509f,0.3449504298982855f,0.15884188994920634f,3.409608288531416f,-0.17240386247440853f,-0.008785754115471472f,-0.9849871667836734f,2.0740123325453643f,0f,0f,0f,1f], start_interpolation: 0, interpolation_duration: 1 }
$data merge entity $(bone_left_whisker16) { transformation: [0.25858247598833006f,-0.9156213122431226f,0.30785177549906534f,1.1893606676449353f,-0.9643955879751906f,-0.2629935150839663f,0.027848894372414085f,1.2974089173490528f,0.05546397935354931f,-0.3040921301019838f,-0.9510266680826082f,1.8948322953903487f,0f,0f,0f,1f], start_interpolation: 0, interpolation_duration: 1 }
$data merge entity $(bone_left_whisker15) { transformation: [-0.8740362590221995f,-0.37588283046256804f,0.30785177549906534f,0.8948855608454638f,-0.38662245299685327f,0.9218175079271006f,0.027848894372414085f,1.1671503760561677f,-0.29425107774343773f,-0.09468146514771597f,-0.9510266680826082f,1.7956949693928037f,0f,0f,0f,1f], start_interpolation: 0, interpolation_duration: 1 }
$data merge entity $(bone_left_whisker14) { transformation: [-0.7100492207479079f,0.6332909192759374f,0.30785177549906534f,0.6556599933083271f,0.6720566766255948f,0.7399758526365539f,0.027848894372414085f,1.3935757212083453f,-0.21016642814267317f,0.22666792688301396f,-0.9510266680826082f,1.7248869442861414f,0f,0f,0f,1f], start_interpolation: 0, interpolation_duration: 1 }
$data merge entity $(bone_left_whisker13) { transformation: [-0.09649735819827028f,0.9921059651660259f,0.08008753799901056f,0.6231486763372303f,0.9705417975536514f,0.07594208907355787f,0.22865130287945246f,1.7205649010481985f,0.2207643065852857f,0.09979254976766574f,-0.970208517767591f,1.7992655436727856f,0f,0f,0f,1f], start_interpolation: 0, interpolation_duration: 1 }
$data merge entity $(bone_left_whisker12) { transformation: [0.06242789712838778f,0.9964030762275473f,0.0573032926140195f,0.6511924582503732f,0.897590737311253f,-0.08115584641448984f,0.4332950459972847f,2.123779490074738f,0.436387013960279f,0.02438520611002167f,-0.8994285606816158f,1.9952987726002547f,0f,0f,0f,1f], start_interpolation: 0, interpolation_duration: 1 }
$data merge entity $(bone_left_whisker11) { transformation: [0.29061131828893505f,0.9561682808115496f,0.035878690782313705f,0.7817405113879808f,0.9453962543533765f,-0.2927155746219874f,0.14333008975203274f,2.548469213710044f,0.14754993709579584f,-0.007733766456607262f,-0.9890243702353453f,2.061580970905007f,0f,0f,0f,1f], start_interpolation: 0, interpolation_duration: 1 }
$data merge entity $(bone_left_whisker10) { transformation: [0.07160679547693398f,0.9944976855781827f,-0.07646450301389851f,0.8139076265436348f,0.9918875173297033f,-0.07907170545799806f,-0.09953300136879903f,2.9940436843854967f,-0.1050315181602279f,-0.06871694678608448f,-0.9920919117790228f,2.014398843606467f,0f,0f,0f,1f], start_interpolation: 0, interpolation_duration: 1 }
$data merge entity $(bone_left_whisker1) { transformation: [-0.3420165200203819f,0.9385509030298574f,-0.04633467875130765f,0.6602673929407289f,0.9250829448813509f,0.3449504298982855f,0.15884188994920634f,3.409608288531416f,0.16506436660525936f,0.011463129364496921f,-0.986216178909258f,2.088548852042423f,0f,0f,0f,1f], start_interpolation: 0, interpolation_duration: 1 }
$data merge entity $(bone_upper_left_tooth1) { transformation: [-0.9999418238136902f,-0.005077921017384378f,0.009516496534547947f,0.28442456730604015f,2.168404344971009e-19f,0.8822583724722852f,0.47076550872228795f,3.2683204450229573f,-0.010786518815208965f,0.4707381213803442f,-0.882207046044835f,3.0926139232654544f,0f,0f,0f,1f], start_interpolation: 0, interpolation_duration: 1 }
$data merge entity $(bone_upper_right_tooth1) { transformation: [-0.9999418238136902f,-0.005077921017384378f,0.009516496534547947f,-0.38936435694341903f,2.168404344971009e-19f,0.8822583724722852f,0.47076550872228795f,3.2683204450229573f,-0.010786518815208965f,0.4707381213803442f,-0.882207046044835f,3.0853456635169247f,0f,0f,0f,1f], start_interpolation: 0, interpolation_duration: 1 }
$data merge entity $(bone_top_lip1) { transformation: [-0.9999418238136902f,-0.0004876895913469015f,0.010775488249418166f,-0.025022298720510115f,2.168404344971009e-19f,0.9989773748157517f,0.04521288097687853f,3.377310370919192f,-0.010786518815208965f,0.045210250663891116f,-0.9989192581218751f,3.1474353488013356f,0f,0f,0f,1f], start_interpolation: 0, interpolation_duration: 1 }
$data merge entity $(bone_muzzle1) { transformation: [-0.9999418238136902f,-0.005077921017384378f,0.009516496534547947f,-0.020533974372984466f,2.168404344971009e-19f,0.8822583724722852f,0.47076550872228795f,3.790278863855505f,-0.010786518815208965f,0.4707381213803442f,-0.882207046044835f,2.731354562143454f,0f,0f,0f,1f], start_interpolation: 0, interpolation_duration: 1 }
$data merge entity $(bone_jaw_right_tooth1) { transformation: [-0.9999418238136902f,0.0013800038774574922f,0.010697877240324798f,-0.38931735606583684f,2.168404344971009e-19f,0.9917821888226641f,-0.1279378362101115f,3.17670705406973f,-0.010786518815208965f,-0.12793039327471628f,-0.9917244907172688f,3.0809885447786574f,0f,0f,0f,1f], start_interpolation: 0, interpolation_duration: 1 }
$data merge entity $(bone_jaw_left_tooth1) { transformation: [-0.9999418238136902f,0.0013800038774574922f,0.010697877240324798f,0.34062064520441065f,2.168404344971009e-19f,0.9917821888226641f,-0.1279378362101115f,3.17670705406973f,-0.010786518815208965f,-0.12793039327471628f,-0.9917244907172688f,3.0888624928395645f,0f,0f,0f,1f], start_interpolation: 0, interpolation_duration: 1 }
$data merge entity $(bone_tongue1) { transformation: [-0.9999418238136902f,-0.002382176158965079f,0.010520181790183828f,-0.015730571558226478f,2.168404344971009e-19f,0.9753083427945627f,0.2208475412480825f,3.3414316344820203f,-0.010786518815208965f,0.22083469318037674f,-0.9752516030747033f,2.2860650805798084f,0f,0f,0f,1f], start_interpolation: 0, interpolation_duration: 1 }
$data merge entity $(bone_jaw_lips1) { transformation: [-0.9999418238136902f,-0.002382176158965079f,0.010520181790183828f,0.031274437760816856f,2.168404344971009e-19f,0.9753083427945627f,0.2208475412480825f,3.017052818691643f,-0.010786518815208965f,0.22083469318037674f,-0.9752516030747033f,3.134352573504284f,0f,0f,0f,1f], start_interpolation: 0, interpolation_duration: 1 }
$data merge entity $(bone_jaw3) { transformation: [-0.9999418238136902f,-0.0004986283699798836f,0.010774987605538498f,0.04099708959431433f,2.168404344971009e-19f,0.9989309609645134f,0.0462269967282512f,2.974446055019971f,-0.010786518815208965f,0.046224307417876864f,-0.9988728469708181f,2.2330343286424785f,0f,0f,0f,1f], start_interpolation: 0, interpolation_duration: 1 }
$data merge entity $(bone_jaw1) { transformation: [-0.9999418238136902f,-0.007971650304782044f,0.007266483301372501f,0.047525570685391184f,2.168404344971009e-19f,0.6736634335747671f,0.7390382792956367f,3.6384257590746447f,-0.010786518815208965f,0.7389952848670104f,-0.6736242424053456f,1.6278250483564256f,0f,0f,0f,1f], start_interpolation: 0, interpolation_duration: 1 }
$data merge entity $(bone_tear_right1) { transformation: [-0.9999418238136902f,-0.005888015318671001f,0.009037713414241054f,-0.6266656455092565f,2.168404344971009e-19f,0.8378711954312729f,0.5458679875817687f,3.87410941549656f,-0.010786518815208965f,0.5458362310640226f,-0.8378224512805039f,2.6990082789047642f,0f,0f,0f,1f], start_interpolation: 0, interpolation_duration: 1 }
$data merge entity $(bone_right_pupil1) { transformation: [-0.9999418238136902f,-0.005888015318671001f,0.009037713414241054f,-0.4426442889635273f,2.168404344971009e-19f,0.8378711954312729f,0.5458679875817687f,3.931424158007746f,-0.010786518815208965f,0.5458362310640226f,-0.8378224512805039f,2.8187618469579525f,0f,0f,0f,1f], start_interpolation: 0, interpolation_duration: 1 }
$data merge entity $(bone_right_sad_pupil1) { transformation: [-0.9999418238136902f,-0.005888015318671001f,0.009037713414241054f,-0.4425427912054572f,2.168404344971009e-19f,0.8378711954312729f,0.5458679875817687f,3.937554511383908f,-0.010786518815208965f,0.5458362310640226f,-0.8378224512805039f,2.809352708100798f,0f,0f,0f,1f], start_interpolation: 0, interpolation_duration: 1 }
$data merge entity $(bone_right_happy_pupil1) { transformation: [-0.9999418238136902f,-0.005888015318671001f,0.009037713414241054f,-0.4704516595476742f,2.168404344971009e-19f,0.8378711954312729f,0.5458679875817687f,3.9140305968018287f,-0.010786518815208965f,0.5458362310640226f,-0.8378224512805039f,2.7937250721419544f,0f,0f,0f,1f], start_interpolation: 0, interpolation_duration: 1 }
$data merge entity $(bone_eyelid_right1) { transformation: [-0.9999418238136902f,-0.005888015318671001f,0.009037713414241054f,-0.004789025027610777f,2.168404344971009e-19f,0.8378711954312729f,0.5458679875817687f,4.1970237488079505f,-0.010786518815208965f,0.5458362310640226f,-0.8378224512805039f,2.312909585446893f,0f,0f,0f,1f], start_interpolation: 0, interpolation_duration: 1 }
$data merge entity $(bone_eyelid_expressions_right5) { transformation: [-0.9999418238136902f,-0.005888015318671001f,0.009037713414241054f,-0.5723465607195358f,2.168404344971009e-19f,0.8378711954312729f,0.5458679875817687f,4.0316513741520685f,-0.010786518815208965f,0.5458362310640226f,-0.8378224512805039f,2.869259596214558f,0f,0f,0f,1f], start_interpolation: 0, interpolation_duration: 1 }
$data merge entity $(bone_eyelid_expressions_right7) { transformation: [-0.9999418238136902f,-0.005888015318671001f,0.009037713414241054f,-0.2354520985948061f,2.168404344971009e-19f,0.8378711954312729f,0.5458679875817687f,4.0316513741520685f,-0.010786518815208965f,0.5458362310640226f,-0.8378224512805039f,2.872893726088823f,0f,0f,0f,1f], start_interpolation: 0, interpolation_duration: 1 }
$data merge entity $(bone_eyelid_expressions_right6) { transformation: [-0.9999418238136902f,-0.005888015318671001f,0.009037713414241054f,-0.34775025263638265f,2.168404344971009e-19f,0.8378711954312729f,0.5458679875817687f,4.0316513741520685f,-0.010786518815208965f,0.5458362310640226f,-0.8378224512805039f,2.871682349464068f,0f,0f,0f,1f], start_interpolation: 0, interpolation_duration: 1 }
$data merge entity $(bone_right_eye1) { transformation: [-0.9999418238136902f,-0.005888015318671001f,0.009037713414241054f,-0.01612033818983852f,2.168404344971009e-19f,0.8378711954312729f,0.5458679875817687f,4.190893395431788f,-0.010786518815208965f,0.5458362310640226f,-0.8378224512805039f,2.322197586641572f,0f,0f,0f,1f], start_interpolation: 0, interpolation_duration: 1 }
$data merge entity $(bone_tear_left1) { transformation: [-0.9999418238136902f,-0.005888015318671001f,0.009037713414241054f,0.5861544181397702f,2.168404344971009e-19f,0.8378711954312729f,0.5458679875817687f,3.87410941549656f,-0.010786518815208965f,0.5458362310640226f,-0.8378224512805039f,2.7120911464521176f,0f,0f,0f,1f], start_interpolation: 0, interpolation_duration: 1 }
$data merge entity $(bone_left_sad_pupil1) { transformation: [-0.9999418238136902f,-0.005888015318671001f,0.009037713414241054f,0.3996933641063668f,2.168404344971009e-19f,0.8378711954312729f,0.5458679875817687f,3.937554511383908f,-0.010786518815208965f,0.5458362310640226f,-0.8378224512805039f,2.81843803278646f,0f,0f,0f,1f], start_interpolation: 0, interpolation_duration: 1 }
$data merge entity $(bone_left_pupil1) { transformation: [-0.9999418238136902f,-0.005888015318671001f,0.009037713414241054f,0.3995918663482967f,2.168404344971009e-19f,0.8378711954312729f,0.5458679875817687f,3.931424158007746f,-0.010786518815208965f,0.5458362310640226f,-0.8378224512805039f,2.827847171643614f,0f,0f,0f,1f], start_interpolation: 0, interpolation_duration: 1 }
$data merge entity $(bone_eyelid_left1) { transformation: [-0.9999418238136902f,-0.005888015318671001f,0.009037713414241054f,-0.027248655835926085f,2.168404344971009e-19f,0.8378711954312729f,0.5458679875817687f,4.1970237488079505f,-0.010786518815208965f,0.5458362310640226f,-0.8378224512805039f,2.312667310121942f,0f,0f,0f,1f], start_interpolation: 0, interpolation_duration: 1 }
$data merge entity $(bone_left_happy_pupil1) { transformation: [-0.9999418238136902f,-0.005888015318671001f,0.009037713414241054f,0.42793357278493804f,2.168404344971009e-19f,0.8378711954312729f,0.5458679875817687f,3.9140305968018287f,-0.010786518815208965f,0.5458362310640226f,-0.8378224512805039f,2.803416085139994f,0f,0f,0f,1f], start_interpolation: 0, interpolation_duration: 1 }
$data merge entity $(bone_eyelid_expressions_left5) { transformation: [-0.9999418238136902f,-0.005888015318671001f,0.009037713414241054f,0.5281753488879142f,2.168404344971009e-19f,0.8378711954312729f,0.5458679875817687f,4.0316513741520685f,-0.010786518815208965f,0.5458362310640226f,-0.8378224512805039f,2.881131087137156f,0f,0f,0f,1f], start_interpolation: 0, interpolation_duration: 1 }
$data merge entity $(bone_eyelid_expressions_left7) { transformation: [-0.9999418238136902f,-0.005888015318671001f,0.009037713414241054f,0.19128088676318467f,2.168404344971009e-19f,0.8378711954312729f,0.5458679875817687f,4.0316513741520685f,-0.010786518815208965f,0.5458362310640226f,-0.8378224512805039f,2.877496957262891f,0f,0f,0f,1f], start_interpolation: 0, interpolation_duration: 1 }
$data merge entity $(bone_eyelid_expressions_left6) { transformation: [-0.9999418238136902f,-0.005888015318671001f,0.009037713414241054f,0.3035790408047612f,2.168404344971009e-19f,0.8378711954312729f,0.5458679875817687f,4.0316513741520685f,-0.010786518815208965f,0.5458362310640226f,-0.8378224512805039f,2.878708333887646f,0f,0f,0f,1f], start_interpolation: 0, interpolation_duration: 1 }
$data merge entity $(bone_left_eye1) { transformation: [-0.9999418238136902f,-0.005888015318671001f,0.009037713414241054f,-0.01612033818983852f,2.168404344971009e-19f,0.8378711954312729f,0.5458679875817687f,4.190893395431788f,-0.010786518815208965f,0.5458362310640226f,-0.8378224512805039f,2.322197586641572f,0f,0f,0f,1f], start_interpolation: 0, interpolation_duration: 1 }
$data merge entity $(bone_crest_middle5) { transformation: [-0.9999418238136902f,-0.003792326643217953f,0.01009788328225259f,-0.028588122650842547f,2.168404344971009e-19f,0.9361577590737241f,0.35158021862167266f,5.091690526240269f,-0.010786518815208965f,0.35155976502537134f,-0.936103296985517f,3.477997650261155f,0f,0f,0f,1f], start_interpolation: 0, interpolation_duration: 1 }
$data merge entity $(bone_crest_middle4) { transformation: [-0.9999418238136902f,-0.003792326643217953f,0.01009788328225259f,-0.02603274629945545f,2.168404344971009e-19f,0.9361577590737241f,0.35158021862167266f,4.46088109873942f,-0.010786518815208965f,0.35155976502537134f,-0.936103296985517f,3.2411067929686683f,0f,0f,0f,1f], start_interpolation: 0, interpolation_duration: 1 }
$data merge entity $(bone_crest_middle1) { transformation: [-0.9999418238136902f,-0.003792326643217953f,0.01009788328225259f,-0.024966747384660568f,2.168404344971009e-19f,0.9361577590737241f,0.35158021862167266f,3.958160821827025f,-0.010786518815208965f,0.35155976502537134f,-0.936103296985517f,3.142285577588184f,0f,0f,0f,1f], start_interpolation: 0, interpolation_duration: 1 }
$data merge entity $(bone_crest_left5) { transformation: [-0.532302448552122f,-0.8380843742678012f,0.11945160054835312f,-1.1301455361546309f,-0.7066533989197521f,0.5175865154299895f,0.48243670345466383f,4.500416718650777f,-0.4661492004289798f,0.17239135898643326f,-0.8677477411588196f,3.1988443340877746f,0f,0f,0f,1f], start_interpolation: 0, interpolation_duration: 1 }
$data merge entity $(bone_crest_left4) { transformation: [-0.532302448552122f,-0.8380843742678012f,0.11945160054835312f,-0.6595415174007385f,-0.7066533989197521f,0.5175865154299895f,0.48243670345466383f,4.209779759302882f,-0.4661492004289798f,0.17239135898643326f,-0.8677477411588196f,3.102042545594416f,0f,0f,0f,1f], start_interpolation: 0, interpolation_duration: 1 }
$data merge entity $(bone_crest_left1) { transformation: [-0.532302448552122f,-0.8380843742678012f,0.11945160054835312f,-0.135169609435979f,-0.7066533989197521f,0.5175865154299895f,0.48243670345466383f,3.917169055630202f,-0.4661492004289798f,0.17239135898643326f,-0.8677477411588196f,2.9468345088018855f,0f,0f,0f,1f], start_interpolation: 0, interpolation_duration: 1 }
$data merge entity $(bone_crest_center1) { transformation: [-0.9999418238136902f,-0.005888015318671001f,0.009037713414241054f,-0.022706144580318346f,2.168404344971009e-19f,0.8378711954312729f,0.5458679875817687f,3.8936451410481228f,-0.010786518815208965f,0.5458362310640226f,-0.8378224512805039f,2.9327210897475804f,0f,0f,0f,1f], start_interpolation: 0, interpolation_duration: 1 }
$data merge entity $(bone_crest_right5) { transformation: [-0.5422342520572868f,0.8341705648129096f,-0.10070493878448096f,1.0787347953187514f,0.7066533989197521f,0.5175865154299895f,0.48243670345466383f,4.500416718650777f,0.454558015759305f,0.1904302177826636f,-0.8701226019729696f,3.2226718495377353f,0f,0f,0f,1f], start_interpolation: 0, interpolation_duration: 1 }
$data merge entity $(bone_crest_right4) { transformation: [-0.5422342520572868f,0.8341705648129096f,-0.10070493878448096f,0.6103284723036898f,0.7066533989197521f,0.5175865154299895f,0.48243670345466383f,4.209779759302882f,0.454558015759305f,0.1904302177826636f,-0.8701226019729696f,3.1157408190445404f,0f,0f,0f,1f], start_interpolation: 0, interpolation_duration: 1 }
$data merge entity $(bone_crest_right1) { transformation: [-0.5422342520572868f,0.8341705648129096f,-0.10070493878448096f,0.08942669864717405f,0.7066533989197521f,0.5175865154299895f,0.48243670345466383f,3.917169055630202f,0.454558015759305f,0.1904302177826636f,-0.8701226019729696f,2.9492572620513955f,0f,0f,0f,1f], start_interpolation: 0, interpolation_duration: 1 }
$data merge entity $(bone_head1) { transformation: [-1.0481161043880471f,-0.006171682723346554f,0.009473124086541725f,-0.010207335635804296f,2.272871741799038e-19f,0.8782373858361645f,0.5721663151084943f,4.481014399736642f,-0.011306181831045849f,0.5721330286543463f,-0.8781862933343819f,1.7740449658201851f,0f,0f,0f,1f], start_interpolation: 0, interpolation_duration: 1 }
$data merge entity $(bone_neck10) { transformation: [-1.4973087205543538f,-0.007813143275809125f,0.01413618859747043f,0.0022086417226361236f,3.2469596311414845e-19f,1.310542246265629f,0.7243433594898675f,4.603946369493484f,-0.016151688330065507f,0.7243012199556337f,-1.3104660039157434f,0.6230475720435279f,0f,0f,0f,1f], start_interpolation: 0, interpolation_duration: 1 }
$data merge entity $(bone_neck9) { transformation: [-1.1454411712240813f,-0.0067447675476573115f,0.010352771323149181f,0.010297425296946954f,2.483924117823237e-19f,0.9597880002352379f,0.6252960443685693f,3.3500353866265846f,-0.01235604157250012f,0.6252596670293934f,-0.9597321634297185f,-0.12680630929639913f,0f,0f,0f,1f], start_interpolation: 0, interpolation_duration: 1 }
$data merge entity $(bone_neck8) { transformation: [-1.0630891915935914f,0.001876132467439486f,0.011313188797489595f,0.008541496316492578f,2.3053413381104542e-19f,1.0488266873959398f,-0.17393308254319667f,2.5729597419847776f,-0.011467698714346511f,-0.1739229637797812f,-1.0487656706591673f,0.03597343987783397f,0f,0f,0f,1f], start_interpolation: 0, interpolation_duration: 1 }
$data merge entity $(bone_neck7) { transformation: [-1.0556026479908194f,0.004916144577271468f,0.010271023866651005f,0.0038764677536638177f,2.2891065399547467e-19f,0.9522093311670572f,-0.4557674873138603f,1.7210078554932162f,-0.011386940272696183f,-0.45574097249960444f,-0.9521539352596013f,0.46843522381137265f,0f,0f,0f,1f], start_interpolation: 0, interpolation_duration: 1 }
$data merge entity $(bone_neck6) { transformation: [-1.049613413108602f,0.003158028381320348f,0.010872998347592935f,0.0011783350228143467f,2.2761187014301805e-19f,1.0080173718569918f,-0.2927754946171822f,0.8277871018047138f,-0.01132233351937592f,-0.29275846205546047f,-1.0079587292505634f,0.7185600147655119f,0f,0f,0f,1f], start_interpolation: 0, interpolation_duration: 1 }
$data merge entity $(bone_neck_spine6) { transformation: [-1.2648700483877329f,0.11689416452894355f,0.08015537104526776f,-0.0076839631962748595f,0.06659345247648618f,-0.1452704080792136f,1.2627142151494417f,0.11017059774247484f,0.12511770975999464f,1.2590542606862858f,0.13825084400767576f,-1.865251430690452f,0f,0f,0f,1f], start_interpolation: 0, interpolation_duration: 1 }
$data merge entity $(bone_neck_spine7) { transformation: [-0.991182113326598f,0.12977480547753034f,0.026767855436853668f,-0.4018595495304238f,0.04393435944700717f,0.1312799896969362f,0.9903713123698371f,0.5970900872594754f,0.1250111606273628f,0.9828143589551599f,-0.13582395057631855f,-5.44745449135938f,0f,0f,0f,1f], start_interpolation: 0, interpolation_duration: 1 }
$data merge entity $(bone_tail6) { transformation: [-1.6104389094540144f,-0.49129697933473815f,-0.36113118743782524f,0.11042463001780359f,-0.4279520817520113f,0.1842405357537481f,1.6577739225348005f,0.6991237072266795f,-0.4343333652481832f,1.6401172642859598f,-0.2944007893169697f,-9.172966397180955f,0f,0f,0f,1f], start_interpolation: 0, interpolation_duration: 1 }
$data merge entity $(bone_tail5) { transformation: [-1.3303625773750554f,-0.40585402640695756f,-0.29832576353559476f,-0.14590422876553802f,-0.3535256327516615f,0.15219870344874845f,1.3694654142678786f,0.7952492041416785f,-0.3587971278137166f,1.3548794791927494f,-0.24320065204445324f,-8.317253041901324f,0f,0f,0f,1f], start_interpolation: 0, interpolation_duration: 1 }
$data merge entity $(bone_tail4) { transformation: [-0.9802671622763565f,-0.29905033524723185f,-0.21981898365780664f,-0.2740686581572088f,-0.26049257150122423f,0.11214641306749884f,1.0090797789342263f,0.843311952599178f,-0.26437683102063325f,0.9983322478262363f,-0.17920048045380763f,-7.889396364261508f,0f,0f,0f,1f], start_interpolation: 0, interpolation_duration: 1 }
$data merge entity $(bone_segment18) { transformation: [-0.9352114045071327f,-0.22663864673075387f,-0.2720561572320111f,-0.4013315701398099f,-0.24851962100986363f,-0.12716955265849567f,0.9602426270738826f,0.7719032682450423f,-0.25222534934639296f,0.9656411490220841f,0.06260626536058f,-7.3471662268711775f,0f,0f,0f,1f], start_interpolation: 0, interpolation_duration: 1 }
$data merge entity $(bone_segment17) { transformation: [-0.9907167226781942f,-0.1280886875741464f,0.04553749577338286f,-0.4948338103367577f,0.09649363288635243f,-0.42664076516916305f,0.8992589372968527f,0.4604638424989976f,-0.09575674502703194f,0.8953049455975344f,0.4350398834249846f,-6.693611103009696f,0f,0f,0f,1f], start_interpolation: 0, interpolation_duration: 1 }
$data merge entity $(bone_segment16) { transformation: [-0.9972245171598942f,0.03459262671404944f,0.06592884461476882f,-0.46181204020689115f,0.053388701019840105f,-0.28494632842476253f,0.9570555033647011f,0.1884569713708671f,0.05189324598278683f,0.9579190676118051f,0.28230860937474106f,-5.779191289932996f,0f,0f,0f,1f], start_interpolation: 0, interpolation_duration: 1 }
$data merge entity $(bone_segment15) { transformation: [-0.991182113326598f,0.11842480542877783f,0.05944395411288899f,-0.32216560216465556f,0.04393435944700717f,-0.12952022484125808f,0.9906029898082537f,0.03572682342573122f,0.1250111606273628f,0.9844795969527385f,0.12317521220754442f,-4.618293718331012f,0f,0f,0f,1f], start_interpolation: 0, interpolation_duration: 1 }
$data merge entity $(bone_segment14) { transformation: [-1.0384158818132088f,0.12381870821815684f,0.07096887992955189f,-0.18286955541922914f,0.04515866502135953f,-0.20937697520663012f,1.0260590505677454f,-0.19982227368172767f,0.1353822344207572f,1.0195613800913026f,0.20209265413352853f,-3.4712871657282967f,0f,0f,0f,1f], start_interpolation: 0, interpolation_duration: 1 }
$data merge entity $(bone_segment13) { transformation: [-1.019336450759526f,0.08155484717348965f,0.0799726133039883f,-0.08683556766432932f,0.0536664881722271f,-0.29199651867779136f,0.9818103446951955f,-0.5783709397222095f,0.10083015433599568f,0.9798879792128012f,0.2859133435046715f,-2.2989561054669085f,0f,0f,0f,1f], start_interpolation: 0, interpolation_duration: 1 }
$data merge entity $(bone_segment12) { transformation: [-1.1131622864553228f,0.05464875906347678f,0.04855016311050211f,-0.020816932554088896f,0.05320348796026536f,0.09758676927907443f,1.1100090506487823f,-0.46048088287500555f,0.050129772332379426f,1.1099388347049453f,-0.09998335027097788f,-0.9580903991119408f,0f,0f,0f,1f], start_interpolation: 0, interpolation_duration: 1 }
$data merge entity $(bone_segment11) { transformation: [-1.1902045255719378f,0.015094180861970582f,0.017555451960338888f,0.0027390849445264927f,0.022981209047009916f,0.660694186799253f,0.9899888365238059f,0.3029393903786157f,0.0028093095527682707f,0.9901404941295591f,-0.6608606135533096f,0.18616160974168217f,0f,0f,0f,1f], start_interpolation: 0, interpolation_duration: 1 }
$data merge entity $(bone_segment10) { transformation: [-1.0481161043880476f,-0.006363164105801686f,0.009345581317355725f,0.0004070654969757521f,2.272871741799039e-19f,0.8664131104261812f,0.5899182317125005f,1.189868973832723f,-0.011306181831045854f,0.5898839125195448f,-0.8663627058156478f,0.7900589542780022f,0f,0f,0f,1f], start_interpolation: 0, interpolation_duration: 1 }