# This file was generated by Animated Java via MC-Build. It is not recommended to edit this file directly.
$data merge entity $(bone_neck_spine5) { transformation: [-1.3671875000000002f,-3.818876935300205e-17f,1.6901603649690356e-16f,0.0888174152351682f,-2.6331073458419244e-34f,1.3335702885941891f,0.30131701832963576f,3.834809291038291f,-1.7327666518553337e-16f,0.30131701832963576f,-1.3335702885941891f,-0.3772220563690764f,0f,0f,0f,1f], start_interpolation: 0, interpolation_duration: 1 }
$data merge entity $(bone_neck_spine2) { transformation: [-1.3020833333333333f,-2.4112891062948444e-17f,1.6325424838697266e-16f,-0.008838834764832f,-2.507721281754213e-34f,1.2881086295005568f,0.19025552699104695f,4.961268412554961f,-1.6502539541479365e-16f,0.19025552699104695f,-1.2881086295005568f,1.218287487000317f,0f,0f,0f,1f], start_interpolation: 0, interpolation_duration: 1 }
$data merge entity $(bone_scale_neck_left1) { transformation: [-1.3834875116119467f,0.3619171879299522f,0.08023510888281242f,0.674754915235168f,0.35651828790698936f,1.2140665064019622f,0.6711159712177776f,4.1898473780814145f,0.10156984790985057f,0.6682199379819397f,-1.2627846605347088f,1.0746712836038574f,0f,0f,0f,1f], start_interpolation: 0, interpolation_duration: 1 }
$data merge entity $(bone_scale_neck_right1) { transformation: [-1.3834875116119467f,-0.36191718792995237f,-0.0802351088828121f,-0.692432584764832f,-0.35651828790698936f,1.2140665064019622f,0.6711159712177776f,4.1898473780814145f,-0.10156984790985094f,0.6682199379819396f,-1.2627846605347088f,1.0746712836038572f,0f,0f,0f,1f], start_interpolation: 0, interpolation_duration: 1 }
$data merge entity $(bone_blush_right1) { transformation: [-1f,-5.897661276555154e-17f,1.121813751894239e-16f,-0.5850107097648322f,-1.925929944387236e-34f,0.8851334582620729f,0.4653372551870556f,3.5658234067003747f,-1.2673950367856153e-16f,0.4653372551870556f,-0.8851334582620729f,2.0992802766273595f,0f,0f,0f,1f], start_interpolation: 0, interpolation_duration: 1 }
$data merge entity $(bone_blush_left1) { transformation: [-1f,-5.897661276555154e-17f,1.121813751894239e-16f,0.5673330402351678f,-1.925929944387236e-34f,0.8851334582620729f,0.4653372551870556f,3.5658234067003747f,-1.2673950367856153e-16f,0.4653372551870556f,-0.8851334582620729f,2.0992802766273595f,0f,0f,0f,1f], start_interpolation: 0, interpolation_duration: 1 }
$data merge entity $(bone_left_head_scales) { transformation: [-0.8870108331782217f,-5.897661276555154e-17f,-0.4617486132350338f,0.5770986652351678f,-0.21486883226922002f,0.8851334582620729f,0.41275918643233694f,4.286726519186524f,0.4087091468804418f,0.4653372551870556f,-0.7851229662869621f,2.0921245202600356f,0f,0f,0f,1f], start_interpolation: 0, interpolation_duration: 1 }
$data merge entity $(bone_left_head_scales2) { transformation: [-0.8191520442889919f,-5.897661276555154e-17f,-0.5735764363510459f,0.5770986652351678f,-0.2669064845315687f,0.8851334582620729f,0.38118196387030484f,3.527051367928988f,0.507691694685037f,0.4653372551870556f,-0.7250588818039622f,1.8582380110702568f,0f,0f,0f,1f], start_interpolation: 0, interpolation_duration: 1 }
$data merge entity $(bone_left_head_scales1) { transformation: [-1f,-5.897661276555154e-17f,1.121813751894239e-16f,0.5770986652351678f,-1.925929944387236e-34f,0.8851334582620729f,0.4653372551870556f,4.200287704903118f,-1.2673950367856153e-16f,0.4653372551870556f,-0.8851334582620729f,2.0466814289331747f,0f,0f,0f,1f], start_interpolation: 0, interpolation_duration: 1 }
$data merge entity $(bone_right_head_scales) { transformation: [-0.8870108331782217f,-5.897661276555154e-17f,0.461748613235034f,-0.5947763347648322f,0.21486883226922002f,0.8851334582620729f,0.41275918643233694f,4.286726519186524f,-0.408709146880442f,0.4653372551870556f,-0.7851229662869619f,2.0921245202600356f,0f,0f,0f,1f], start_interpolation: 0, interpolation_duration: 1 }
$data merge entity $(bone_right_head_scales2) { transformation: [-0.8191520442889917f,-5.897661276555154e-17f,0.5735764363510462f,-0.5947763347648322f,0.2669064845315687f,0.8851334582620729f,0.38118196387030484f,3.527051367928988f,-0.5076916946850373f,0.4653372551870556f,-0.7250588818039619f,1.8582380110702568f,0f,0f,0f,1f], start_interpolation: 0, interpolation_duration: 1 }
$data merge entity $(bone_right_head_scales1) { transformation: [-1f,-5.897661276555154e-17f,1.121813751894239e-16f,-0.5947763347648322f,-1.925929944387236e-34f,0.8851334582620729f,0.4653372551870556f,4.200287704903118f,-1.2673950367856153e-16f,0.4653372551870556f,-0.8851334582620729f,2.0466814289331747f,0f,0f,0f,1f], start_interpolation: 0, interpolation_duration: 1 }
$data merge entity $(bone_head_left_fin1) { transformation: [-0.6938713897074462f,0.020717072433626093f,-0.7198008734749058f,0.577098665235168f,-0.09012222130226433f,0.9892284700187715f,0.11534738545743464f,3.910224601021807f,0.7144371769253073f,0.14490630425933926f,-0.6845302646434974f,1.8114411477669905f,0f,0f,0f,1f], start_interpolation: 0, interpolation_duration: 1 }
$data merge entity $(bone_head_right_fin1) { transformation: [-0.693871389707446f,-0.020717072433626128f,0.7198008734749061f,-0.594776334764832f,0.09012222130226433f,0.9892284700187715f,0.11534738545743464f,3.910224601021807f,-0.7144371769253075f,0.14490630425933926f,-0.6845302646434972f,1.8114411477669903f,0f,0f,0f,1f], start_interpolation: 0, interpolation_duration: 1 }
$data merge entity $(bone_right_whisker16) { transformation: [0.25916569590289384f,0.9188481403699744f,-0.29757559880777945f,-1.0530136971927775f,0.955278492760368f,-0.2892878414000937f,-0.06128251045406316f,1.5298097063999618f,-0.1423943234003623f,-0.268385245042856f,-0.9527293513409979f,1.8319613491873805f,0f,0f,0f,1f], start_interpolation: 0, interpolation_duration: 1 }
$data merge entity $(bone_right_whisker15) { transformation: [-0.8771593557124282f,0.3768822464382597f,-0.29757559880777945f,-0.796033417198902f,0.4115018079837655f,0.9093463124346732f,-0.06128251045406316f,1.4092525360922181f,0.24750298323909065f,-0.17620742430757913f,-0.9527293513409979f,1.7594507095665533f,0f,0f,0f,1f], start_interpolation: 0, interpolation_duration: 1 }
$data merge entity $(bone_right_whisker14) { transformation: [-0.7122748769236387f,-0.6356990346835574f,-0.29757559880777945f,-0.5873591368501797f,-0.650239465279353f,0.7572536508368035f,-0.06128251045406316f,1.5997523794357786f,0.264297441335772f,0.14984540565771437f,-0.9527293513409979f,1.6820198185502138f,0f,0f,0f,1f], start_interpolation: 0, interpolation_duration: 1 }
$data merge entity $(bone_right_whisker13) { transformation: [-0.09411046600327251f,-0.993124662440244f,-0.06961770637990261f,-0.5597877112632834f,-0.986998070417783f,0.08392031275216491f,0.13708460927161342f,1.8889119703784885f,-0.13029976661613407f,0.08161363832430371f,-0.9881099052530797f,1.7201935783010343f,0f,0f,0f,1f], start_interpolation: 0, interpolation_duration: 1 }
$data merge entity $(bone_right_whisker12) { transformation: [0.06713136204820905f,-0.9966081407810636f,-0.047598255834263574f,-0.586010899563365f,-0.9343158230629536f,-0.07953016926251208f,0.34746063798834986f,2.2538790887624547f,-0.35006759776327095f,0.021146297689853363f,-0.9364857239116164f,1.856938733677312f,0f,0f,0f,1f], start_interpolation: 0, interpolation_duration: 1 }
$data merge entity $(bone_right_whisker11) { transformation: [0.29218596180340534f,-0.956029234170105f,-0.025208473518670352f,-0.7001460408928203f,-0.9547441289596145f,-0.29312280072558583f,0.05042491360364412f,2.626826014137304f,-0.05559686989539506f,0.009334190211850002f,-0.9984096658941775f,1.8786562609802007f,0f,0f,0f,1f], start_interpolation: 0, interpolation_duration: 1 }
$data merge entity $(bone_right_whisker10) { transformation: [0.07046970521983408f,-0.9936986128561102f,0.08716127267354629f,-0.727673269494318f,-0.9776953096985559f,-0.08613664034559751f,-0.19155250085398912f,3.0087382444883026f,0.19785323358407364f,-0.07171851921098055f,-0.9776044966971612f,1.8013698416114219f,0f,0f,0f,1f], start_interpolation: 0, interpolation_duration: 1 }
$data merge entity $(bone_right_whisker1) { transformation: [-0.34021615290748397f,-0.938619948978233f,0.05696982254607234f,-0.594776334764832f,-0.9367893922614959f,0.34357150336404796f,0.06621371929218867f,3.3746716008404496f,-0.0817227254022303f,-0.030841748592895957f,-0.9961777866909921f,1.8332927812216682f,0f,0f,0f,1f], start_interpolation: 0, interpolation_duration: 1 }
$data merge entity $(bone_left_whisker16) { transformation: [0.25916569590289373f,-0.9188481403699744f,0.29757559880777973f,1.0353360276631134f,-0.955278492760368f,-0.2892878414000937f,-0.06128251045406316f,1.5298097063999618f,0.14239432340036245f,-0.26838524504285616f,-0.9527293513409979f,1.831961349187381f,0f,0f,0f,1f], start_interpolation: 0, interpolation_duration: 1 }
$data merge entity $(bone_left_whisker15) { transformation: [-0.8771593557124282f,-0.37688224643825957f,0.29757559880777973f,0.7783557476692379f,-0.4115018079837655f,0.9093463124346732f,-0.06128251045406316f,1.4092525360922181f,-0.24750298323909078f,-0.1762074243075793f,-0.9527293513409979f,1.7594507095665535f,0f,0f,0f,1f], start_interpolation: 0, interpolation_duration: 1 }
$data merge entity $(bone_left_whisker14) { transformation: [-0.7122748769236386f,0.6356990346835574f,0.29757559880777973f,0.5696814673205156f,0.650239465279353f,0.7572536508368035f,-0.06128251045406316f,1.5997523794357786f,-0.2642974413357722f,0.14984540565771445f,-0.9527293513409979f,1.682019818550214f,0f,0f,0f,1f], start_interpolation: 0, interpolation_duration: 1 }
$data merge entity $(bone_left_whisker13) { transformation: [-0.09411046600327258f,0.993124662440244f,0.06961770637990286f,0.5421100417336193f,0.986998070417783f,0.08392031275216491f,0.13708460927161342f,1.8889119703784885f,0.13029976661613396f,0.08161363832430393f,-0.9881099052530797f,1.7201935783010345f,0f,0f,0f,1f], start_interpolation: 0, interpolation_duration: 1 }
$data merge entity $(bone_left_whisker12) { transformation: [0.06713136204820892f,0.9966081407810636f,0.0475982558342638f,0.568333230033701f,0.9343158230629536f,-0.07953016926251208f,0.34746063798834986f,2.2538790887624547f,0.3500675977632709f,0.0211462976898536f,-0.9364857239116164f,1.8569387336773122f,0f,0f,0f,1f], start_interpolation: 0, interpolation_duration: 1 }
$data merge entity $(bone_left_whisker11) { transformation: [0.2921859618034053f,0.956029234170105f,0.0252084735186706f,0.6824683713631562f,0.9547441289596145f,-0.29312280072558583f,0.05042491360364412f,2.626826014137304f,0.055596869895395085f,0.009334190211850238f,-0.9984096658941775f,1.8786562609802009f,0f,0f,0f,1f], start_interpolation: 0, interpolation_duration: 1 }
$data merge entity $(bone_left_whisker10) { transformation: [0.07046970521983413f,0.9936986128561102f,-0.08716127267354605f,0.7099955999646539f,0.9776953096985559f,-0.08613664034559751f,-0.19155250085398912f,3.0087382444883026f,-0.19785323358407364f,-0.0717185192109803f,-0.9776044966971612f,1.801369841611422f,0f,0f,0f,1f], start_interpolation: 0, interpolation_duration: 1 }
$data merge entity $(bone_left_whisker1) { transformation: [-0.34021615290748397f,0.938619948978233f,-0.056969822546072094f,0.577098665235168f,0.9367893922614959f,0.34357150336404796f,0.06621371929218867f,3.3746716008404496f,0.08172272540223019f,-0.030841748592895735f,-0.9961777866909921f,1.8332927812216684f,0f,0f,0f,1f], start_interpolation: 0, interpolation_duration: 1 }
$data merge entity $(bone_upper_left_tooth1) { transformation: [-1f,-4.8974937871364445e-17f,1.1689464167866762e-16f,0.2597155402351678f,-1.925929944387236e-34f,0.9223220723282728f,0.3864220424562761f,3.3341092359650957f,-1.2673950367856153e-16f,0.3864220424562761f,-0.9223220723282728f,2.7175053746946753f,0f,0f,0f,1f], start_interpolation: 0, interpolation_duration: 1 }
$data merge entity $(bone_upper_right_tooth1) { transformation: [-1f,-4.8974937871364445e-17f,1.1689464167866762e-16f,-0.3262219597648322f,-1.925929944387236e-34f,0.9223220723282728f,0.3864220424562761f,3.3341092359650957f,-1.2673950367856153e-16f,0.3864220424562761f,-0.9223220723282728f,2.7175053746946753f,0f,0f,0f,1f], start_interpolation: 0, interpolation_duration: 1 }
$data merge entity $(bone_top_lip1) { transformation: [-1f,1.6248960512392147e-17f,1.256935681526896e-16f,-0.008838834764832196f,-1.925929944387236e-34f,0.9917473597772276f,-0.12820754414190355f,3.4331868023284846f,-1.2673950367856153e-16f,-0.12820754414190355f,-0.9917473597772276f,2.759015555036658f,0f,0f,0f,1f], start_interpolation: 0, interpolation_duration: 1 }
$data merge entity $(bone_muzzle1) { transformation: [-1f,-4.8974937871364445e-17f,1.1689464167866762e-16f,-0.008838834764832146f,-1.925929944387236e-34f,0.9223220723282728f,0.3864220424562761f,3.7569752125602998f,-1.2673950367856153e-16f,0.3864220424562761f,-0.9223220723282728f,2.36526777203305f,0f,0f,0f,1f], start_interpolation: 0, interpolation_duration: 1 }
$data merge entity $(bone_jaw_right_tooth1) { transformation: [-1f,1.5818553495011734e-17f,1.2574845986338586e-16f,-0.3262219597648322f,-1.925929944387236e-34f,0.9921804663391361f,-0.12481154680178431f,3.1304585243002316f,-1.2673950367856153e-16f,-0.12481154680178431f,-0.9921804663391361f,2.687969267642273f,0f,0f,0f,1f], start_interpolation: 0, interpolation_duration: 1 }
$data merge entity $(bone_jaw_left_tooth1) { transformation: [-1f,1.5818553495011734e-17f,1.2574845986338586e-16f,0.3085436652351678f,-1.925929944387236e-34f,0.9921804663391361f,-0.12481154680178431f,3.1304585243002316f,-1.2673950367856153e-16f,-0.12481154680178431f,-0.9921804663391361f,2.687969267642273f,0f,0f,0f,1f], start_interpolation: 0, interpolation_duration: 1 }
$data merge entity $(bone_tongue1) { transformation: [-1f,-4.780594072598603e-17f,1.1737756950964533e-16f,-0.008838834764832111f,-1.925929944387236e-34f,0.9261324693786075f,0.37719842147427174f,3.3901906369834904f,-1.2673950367856153e-16f,0.37719842147427174f,-0.9261324693786075f,2.0488073973259304f,0f,0f,0f,1f], start_interpolation: 0, interpolation_duration: 1 }
$data merge entity $(bone_jaw_lips1) { transformation: [-1f,-4.780594072598603e-17f,1.1737756950964533e-16f,0.039989290235167806f,-1.925929944387236e-34f,0.9261324693786075f,0.37719842147427174f,2.991495642065945f,-1.2673950367856153e-16f,0.37719842147427174f,-0.9261324693786075f,2.7299873560533126f,0f,0f,0f,1f], start_interpolation: 0, interpolation_duration: 1 }
$data merge entity $(bone_jaw3) { transformation: [-1f,-6.257756776374168e-18f,1.265849211905425e-16f,0.0399892902351679f,-1.925929944387236e-34f,0.99878031329197f,0.049374950940672846f,2.9569166553920585f,-1.2673950367856153e-16f,0.049374950940672846f,-0.99878031329197f,1.946073891449689f,0f,0f,0f,1f], start_interpolation: 0, interpolation_duration: 1 }
$data merge entity $(bone_jaw1) { transformation: [-1f,-9.393395842138755e-17f,8.508415391820703e-17f,0.03998929023516797f,-1.925929944387236e-34f,0.6713309698134735f,0.7411576950752794f,3.5359461046696206f,-1.2673950367856153e-16f,0.7411576950752794f,-0.6713309698134735f,1.4215965712829126f,0f,0f,0f,1f], start_interpolation: 0, interpolation_duration: 1 }
$data merge entity $(bone_tear_right1) { transformation: [-1f,-5.897661276555154e-17f,1.121813751894239e-16f,-0.536182584764832f,-1.925929944387236e-34f,0.8851334582620729f,0.4653372551870556f,3.8274604744981193f,-1.2673950367856153e-16f,0.4653372551870556f,-0.8851334582620729f,2.3361260291264374f,0f,0f,0f,1f], start_interpolation: 0, interpolation_duration: 1 }
$data merge entity $(bone_right_pupil1) { transformation: [-1f,-5.897661276555154e-17f,1.121813751894239e-16f,-0.37505008476483215f,-1.925929944387236e-34f,0.8851334582620729f,0.4653372551870556f,3.8866334339854083f,-1.2673950367856153e-16f,0.4653372551870556f,-0.8851334582620729f,2.4334324090233417f,0f,0f,0f,1f], start_interpolation: 0, interpolation_duration: 1 }
$data merge entity $(bone_right_sad_pupil1) { transformation: [-1f,-5.897661276555154e-17f,1.121813751894239e-16f,-0.37505008476483215f,-1.925929944387236e-34f,0.8851334582620729f,0.4653372551870556f,3.891177743118094f,-1.2673950367856153e-16f,0.4653372551870556f,-0.8851334582620729f,2.424788527595001f,0f,0f,0f,1f], start_interpolation: 0, interpolation_duration: 1 }
$data merge entity $(bone_right_happy_pupil1) { transformation: [-1f,-5.897661276555154e-17f,1.121813751894239e-16f,-0.39946383476483216f,-1.925929944387236e-34f,0.8851334582620729f,0.4653372551870556f,3.8695683161514487f,-1.2673950367856153e-16f,0.4653372551870556f,-0.8851334582620729f,2.413427900181178f,0f,0f,0f,1f], start_interpolation: 0, interpolation_duration: 1 }
$data merge entity $(bone_eyelid_right1) { transformation: [-1f,-5.897661276555154e-17f,1.121813751894239e-16f,0.0009267902351679062f,-1.925929944387236e-34f,0.8851334582620729f,0.4653372551870556f,4.075173792610696f,-1.2673950367856153e-16f,0.4653372551870556f,-0.8851334582620729f,1.969872910514543f,0f,0f,0f,1f], start_interpolation: 0, interpolation_duration: 1 }
$data merge entity $(bone_eyelid_expressions_right5) { transformation: [-1f,-5.897661276555154e-17f,1.121813751894239e-16f,-0.48735445976483216f,-1.925929944387236e-34f,0.8851334582620729f,0.4653372551870556f,3.9776165574015f,-1.2673950367856153e-16f,0.4653372551870556f,-0.8851334582620729f,2.470231618921862f,0f,0f,0f,1f], start_interpolation: 0, interpolation_duration: 1 }
$data merge entity $(bone_eyelid_expressions_right7) { transformation: [-1f,-5.897661276555154e-17f,1.121813751894239e-16f,-0.19438570976483216f,-1.925929944387236e-34f,0.8851334582620729f,0.4653372551870556f,3.9776165574015f,-1.2673950367856153e-16f,0.4653372551870556f,-0.8851334582620729f,2.470231618921862f,0f,0f,0f,1f], start_interpolation: 0, interpolation_duration: 1 }
$data merge entity $(bone_eyelid_expressions_right6) { transformation: [-1f,-5.897661276555154e-17f,1.121813751894239e-16f,-0.29204195976483216f,-1.925929944387236e-34f,0.8851334582620729f,0.4653372551870556f,3.9776165574015f,-1.2673950367856153e-16f,0.4653372551870556f,-0.8851334582620729f,2.470231618921862f,0f,0f,0f,1f], start_interpolation: 0, interpolation_duration: 1 }
$data merge entity $(bone_right_eye1) { transformation: [-1f,-5.897661276555154e-17f,1.121813751894239e-16f,-0.008838834764832096f,-1.925929944387236e-34f,0.8851334582620729f,0.4653372551870556f,4.07062948347801f,-1.2673950367856153e-16f,0.4653372551870556f,-0.8851334582620729f,1.9785167919428834f,0f,0f,0f,1f], start_interpolation: 0, interpolation_duration: 1 }
$data merge entity $(bone_tear_left1) { transformation: [-1f,-5.897661276555154e-17f,1.121813751894239e-16f,0.518504915235168f,-1.925929944387236e-34f,0.8851334582620729f,0.4653372551870556f,3.8274604744981193f,-1.2673950367856153e-16f,0.4653372551870556f,-0.8851334582620729f,2.3361260291264374f,0f,0f,0f,1f], start_interpolation: 0, interpolation_duration: 1 }
$data merge entity $(bone_left_sad_pupil1) { transformation: [-1f,-5.897661276555154e-17f,1.121813751894239e-16f,0.35737179023516785f,-1.925929944387236e-34f,0.8851334582620729f,0.4653372551870556f,3.891177743118094f,-1.2673950367856153e-16f,0.4653372551870556f,-0.8851334582620729f,2.424788527595001f,0f,0f,0f,1f], start_interpolation: 0, interpolation_duration: 1 }
$data merge entity $(bone_left_pupil1) { transformation: [-1f,-5.897661276555154e-17f,1.121813751894239e-16f,0.35737179023516785f,-1.925929944387236e-34f,0.8851334582620729f,0.4653372551870556f,3.8866334339854083f,-1.2673950367856153e-16f,0.4653372551870556f,-0.8851334582620729f,2.4334324090233417f,0f,0f,0f,1f], start_interpolation: 0, interpolation_duration: 1 }
$data merge entity $(bone_eyelid_left1) { transformation: [-1f,-5.897661276555154e-17f,1.121813751894239e-16f,-0.018604459764832094f,-1.925929944387236e-34f,0.8851334582620729f,0.4653372551870556f,4.075173792610696f,-1.2673950367856153e-16f,0.4653372551870556f,-0.8851334582620729f,1.969872910514543f,0f,0f,0f,1f], start_interpolation: 0, interpolation_duration: 1 }
$data merge entity $(bone_left_happy_pupil1) { transformation: [-1f,-5.897661276555154e-17f,1.121813751894239e-16f,0.38178616523516784f,-1.925929944387236e-34f,0.8851334582620729f,0.4653372551870556f,3.8695683161514487f,-1.2673950367856153e-16f,0.4653372551870556f,-0.8851334582620729f,2.413427900181178f,0f,0f,0f,1f], start_interpolation: 0, interpolation_duration: 1 }
$data merge entity $(bone_eyelid_expressions_left5) { transformation: [-1f,-5.897661276555154e-17f,1.121813751894239e-16f,0.46967679023516784f,-1.925929944387236e-34f,0.8851334582620729f,0.4653372551870556f,3.9776165574015f,-1.2673950367856153e-16f,0.4653372551870556f,-0.8851334582620729f,2.4702316189218623f,0f,0f,0f,1f], start_interpolation: 0, interpolation_duration: 1 }
$data merge entity $(bone_eyelid_expressions_left7) { transformation: [-1f,-5.897661276555154e-17f,1.121813751894239e-16f,0.17670804023516784f,-1.925929944387236e-34f,0.8851334582620729f,0.4653372551870556f,3.9776165574015f,-1.2673950367856153e-16f,0.4653372551870556f,-0.8851334582620729f,2.470231618921862f,0f,0f,0f,1f], start_interpolation: 0, interpolation_duration: 1 }
$data merge entity $(bone_eyelid_expressions_left6) { transformation: [-1f,-5.897661276555154e-17f,1.121813751894239e-16f,0.27436429023516784f,-1.925929944387236e-34f,0.8851334582620729f,0.4653372551870556f,3.9776165574015f,-1.2673950367856153e-16f,0.4653372551870556f,-0.8851334582620729f,2.470231618921862f,0f,0f,0f,1f], start_interpolation: 0, interpolation_duration: 1 }
$data merge entity $(bone_left_eye1) { transformation: [-1f,-5.897661276555154e-17f,1.121813751894239e-16f,-0.008838834764832096f,-1.925929944387236e-34f,0.8851334582620729f,0.4653372551870556f,4.07062948347801f,-1.2673950367856153e-16f,0.4653372551870556f,-0.8851334582620729f,1.9785167919428834f,0f,0f,0f,1f], start_interpolation: 0, interpolation_duration: 1 }
$data merge entity $(bone_crest_middle5) { transformation: [-1f,-3.329813801942208e-17f,1.2228710396901068e-16f,-0.008838834764832213f,-1.925929944387236e-34f,0.9648696769332227f,0.2627289602133309f,4.944265781624775f,-1.2673950367856153e-16f,0.2627289602133309f,-0.9648696769332227f,2.9061759184110745f,0f,0f,0f,1f], start_interpolation: 0, interpolation_duration: 1 }
$data merge entity $(bone_crest_middle4) { transformation: [-1f,-3.329813801942208e-17f,1.2228710396901068e-16f,-0.008838834764832194f,-1.925929944387236e-34f,0.9648696769332227f,0.2627289602133309f,4.378912455296715f,-1.2673950367856153e-16f,0.2627289602133309f,-0.9648696769332227f,2.752233168286076f,0f,0f,0f,1f], start_interpolation: 0, interpolation_duration: 1 }
$data merge entity $(bone_crest_middle1) { transformation: [-1f,-3.329813801942208e-17f,1.2228710396901068e-16f,-0.00883883476483219f,-1.925929944387236e-34f,0.9648696769332227f,0.2627289602133309f,3.9356545346822442f,-1.2673950367856153e-16f,0.2627289602133309f,-0.9648696769332227f,2.707445573005109f,0f,0f,0f,1f], start_interpolation: 0, interpolation_duration: 1 }
$data merge entity $(bone_crest_left5) { transformation: [-0.5372996083468238f,-0.836176115077814f,0.11008467397292004f,-0.9692774622358777f,-0.7465139871010092f,0.5322518917322514f,0.39928034112637406f,4.410679739314455f,-0.3924614604428106f,0.13235342202154773f,-0.9101958985549659f,2.7227498862068704f,0f,0f,0f,1f], start_interpolation: 0, interpolation_duration: 1 }
$data merge entity $(bone_crest_left4) { transformation: [-0.5372996083468238f,-0.836176115077814f,0.11008467397292004f,-0.5609883435455388f,-0.7465139871010092f,0.5322518917322514f,0.39928034112637406f,4.150791120304566f,-0.3924614604428106f,0.13235342202154773f,-0.9101958985549659f,2.6581241918604115f,0f,0f,0f,1f], start_interpolation: 0, interpolation_duration: 1 }
$data merge entity $(bone_crest_left1) { transformation: [-0.5372996083468238f,-0.836176115077814f,0.11008467397292004f,-0.10649508476483216f,-0.7465139871010092f,0.5322518917322514f,0.39928034112637406f,3.88440974980025f,-0.3924614604428106f,0.13235342202154773f,-0.9101958985549659f,2.5425927689701777f,0f,0f,0f,1f], start_interpolation: 0, interpolation_duration: 1 }
$data merge entity $(bone_crest_center1) { transformation: [-1f,-5.897661276555154e-17f,1.121813751894239e-16f,-0.008838834764832167f,-1.925929944387236e-34f,0.8851334582620729f,0.4653372551870556f,3.8628003228336043f,-1.2673950367856153e-16f,0.4653372551870556f,-0.8851334582620729f,2.531232141556355f,0f,0f,0f,1f], start_interpolation: 0, interpolation_duration: 1 }
$data merge entity $(bone_crest_right5) { transformation: [-0.5372996083468238f,0.836176115077814f,-0.11008467397291982f,0.9515997927062134f,0.7465139871010092f,0.5322518917322514f,0.39928034112637406f,4.410679739314455f,0.3924614604428105f,0.13235342202154796f,-0.910195898554966f,2.722749886206871f,0f,0f,0f,1f], start_interpolation: 0, interpolation_duration: 1 }
$data merge entity $(bone_crest_right4) { transformation: [-0.5372996083468238f,0.836176115077814f,-0.11008467397291982f,0.5433106740158745f,0.7465139871010092f,0.5322518917322514f,0.39928034112637406f,4.150791120304566f,0.3924614604428105f,0.13235342202154796f,-0.910195898554966f,2.658124191860412f,0f,0f,0f,1f], start_interpolation: 0, interpolation_duration: 1 }
$data merge entity $(bone_crest_right1) { transformation: [-0.5372996083468238f,0.836176115077814f,-0.11008467397291982f,0.08881741523516784f,0.7465139871010092f,0.5322518917322514f,0.39928034112637406f,3.88440974980025f,0.3924614604428105f,0.13235342202154796f,-0.910195898554966f,2.5425927689701777f,0f,0f,0f,1f], start_interpolation: 0, interpolation_duration: 1 }
$data merge entity $(bone_head1) { transformation: [-1f,-5.897661276555154e-17f,1.121813751894239e-16f,-0.008838834764832033f,-1.925929944387236e-34f,0.8851334582620729f,0.4653372551870556f,4.277347078634042f,-1.2673950367856153e-16f,0.4653372551870556f,-0.8851334582620729f,1.4803817677207225f,0f,0f,0f,1f], start_interpolation: 0, interpolation_duration: 1 }
$data merge entity $(bone_neck10) { transformation: [-1.3020833333333333f,-4.521555734292475e-17f,1.5871022180684415e-16f,-0.008838834764831906f,-2.507721281754213e-34f,1.252255352122628f,0.3567597791577367f,4.155861815647142f,-1.6502539541479365e-16f,0.3567597791577367f,-1.252255352122628f,0.4811218955860291f,0f,0f,0f,1f], start_interpolation: 0, interpolation_duration: 1 }
$data merge entity $(bone_neck9) { transformation: [-1f,-5.897661276555155e-17f,1.121813751894239e-16f,-0.008838834764831837f,-1.925929944387236e-34f,0.8851334582620731f,0.46533725518705565f,3.0094356842994383f,-1.2673950367856153e-16f,0.46533725518705565f,-0.8851334582620731f,-0.06641888452146011f,0f,0f,0f,1f], start_interpolation: 0, interpolation_duration: 1 }
$data merge entity $(bone_neck8) { transformation: [-1f,3.230651856096533e-17f,1.2255280760210316e-16f,-0.008838834764831863f,-1.925929944387236e-34f,0.9669661316721208f,-0.2549048846119957f,2.387361700884605f,-1.2673950367856153e-16f,-0.2549048846119957f,-0.9669661316721208f,0.1397507686159689f,0f,0f,0f,1f], start_interpolation: 0, interpolation_duration: 1 }
$data merge entity $(bone_neck7) { transformation: [-1f,7.087183104645621e-17f,1.0507181047650542e-16f,-0.008838834764831924f,-1.925929944387236e-34f,0.8290375725550416f,-0.5591929034707468f,1.7233119061291677f,-1.2673950367856153e-16f,-0.5591929034707468f,-0.8290375725550416f,0.6145393316546042f,0f,0f,0f,1f], start_interpolation: 0, interpolation_duration: 1 }
$data merge entity $(bone_neck6) { transformation: [-1f,5.154960027131114e-17f,1.1578229788942758e-16f,-0.008838834764831964f,-1.925929944387236e-34f,0.9135454576426009f,-0.4067366430758002f,0.9927685222502993f,-1.2673950367856153e-16f,-0.4067366430758002f,-0.9135454576426009f,0.9300285732341755f,0f,0f,0f,1f], start_interpolation: 0, interpolation_duration: 1 }
$data merge entity $(bone_neck_spine6) { transformation: [-1.101313481415197f,-0.09153729617601511f,-0.06059056510121326f,0.043041100439004526f,-0.06453758126670256f,0.04574920010164186f,1.1039400295358737f,0.2956738590410215f,-0.08879861358570659f,1.102029768933764f,-0.050861302838326246f,-1.3223259051520242f,0f,0f,0f,1f], start_interpolation: 0, interpolation_duration: 1 }
$data merge entity $(bone_neck_spine7) { transformation: [-0.9977141579538966f,-0.06070477805650877f,-0.02968819528797772f,0.2880962167753965f,-0.05544385106546631f,0.48420365779630115f,0.8731968833863948f,-0.06790665114354583f,-0.03863209025379655f,0.8728469211137725f,-0.4864625513899604f,-4.5332465411483645f,0f,0f,0f,1f], start_interpolation: 0, interpolation_duration: 1 }
$data merge entity $(bone_tail6) { transformation: [-1.3157114363820142f,0.4008293329554044f,0.5919742762148794f,-0.2970028238216661f,0.6207257804612325f,0.02535955446268641f,1.3624429089515186f,-0.5693043595759353f,0.3546790145024069f,1.4425279964437452f,-0.18844112563774834f,-7.711756586521547f,0f,0f,0f,1f], start_interpolation: 0, interpolation_duration: 1 }
$data merge entity $(bone_tail5) { transformation: [-1.086892056141664f,0.3311198837457689f,0.4890222281775091f,-0.08787447619275922f,0.5127734708158008f,0.020949197164827904f,1.125496316090385f,-0.5560732876823598f,0.29299570763242316f,1.1916535622796158f,-0.1556687559616182f,-6.959133284029157f,0f,0f,0f,1f], start_interpolation: 0, interpolation_duration: 1 }
$data merge entity $(bone_tail4) { transformation: [-0.8786664201229452f,0.2676842849650005f,0.3953358644635021f,0.016689697621694102f,0.41453686903845793f,0.016935772023776663f,0.9098749165867533f,-0.549457751735572f,0.23686389838073785f,0.9633578271902578f,-0.12584589955633976f,-6.582821632782963f,0f,0f,0f,1f], start_interpolation: 0, interpolation_duration: 1 }
$data merge entity $(bone_segment18) { transformation: [-0.8786664201229452f,0.21379252376262914f,0.4268935217727411f,0.12108057836516536f,0.41453686903845793f,-0.10197162411223426f,0.9043013723774315f,-0.5992485838216238f,0.23686389838073785f,0.9715423535076164f,0.0009741584884290569f,-6.108435717984322f,0f,0f,0f,1f], start_interpolation: 0, interpolation_duration: 1 }
$data merge entity $(bone_segment17) { transformation: [-0.972576353135467f,0.23220987454250938f,0.013183758442401036f,0.2684794245103129f,-0.0013764641550285117f,-0.06242949786440519f,0.9980484272533214f,-0.6388766830519591f,0.23257975549936716f,0.9706601526596986f,0.06103708192979301f,-5.492294019518693f,0f,0f,0f,1f], start_interpolation: 0, interpolation_duration: 1 }
$data merge entity $(bone_segment16) { transformation: [-0.9974519403329857f,0.059507017433342954f,-0.03935151334002179f,0.31787489796572455f,-0.029323523844622647f,0.16087209908291078f,0.9865395575880331f,-0.5053402726804023f,0.06503658720517197f,0.9851797209711766f,-0.15871723193106058f,-4.6745178839469155f,0f,0f,0f,1f], start_interpolation: 0, interpolation_duration: 1 }
$data merge entity $(bone_segment15) { transformation: [-0.9977141579538966f,-0.05095244254867619f,-0.04438814725431715f,0.26562874105546086f,-0.05544385106546631f,0.24170483470451765f,0.9687645494440289f,-0.25749840115721523f,-0.03863209025379655f,0.9690111565295754f,-0.24397733526669396f,-3.680902928521081f,0f,0f,0f,1f], start_interpolation: 0, interpolation_duration: 1 }
$data merge entity $(bone_segment14) { transformation: [-0.9950691220316132f,-0.08411136426593267f,-0.05256159035415568f,0.17938173668121354f,-0.05831160283862066f,0.06743157827601892f,0.9960184432155844f,-0.1883546929640318f,-0.08023215909861489f,0.9941721483991233f,-0.07200374985961366f,-2.6614881279165115f,0f,0f,0f,1f], start_interpolation: 0, interpolation_duration: 1 }
$data merge entity $(bone_segment13) { transformation: [-0.9950691220316132f,-0.07194370808495817f,-0.0682755098569085f,0.10376531774059397f,-0.05831160283862066f,-0.13249627024107932f,0.9894667732403116f,-0.3548412651972619f,-0.08023215909861489f,0.9885690877420702f,0.12764779436866644f,-1.6026650395333528f,0f,0f,0f,1f], start_interpolation: 0, interpolation_duration: 1 }
$data merge entity $(bone_segment12) { transformation: [-0.9972640220518537f,-0.05866585646822091f,-0.04497541112441282f,0.035016267191897585f,-0.053671938016419105f,0.15627297533537982f,0.9862545717254697f,-0.17170887222611364f,-0.05083102783262915f,0.9859701184441025f,-0.1589941261330135f,-0.44723130698167f,0f,0f,0f,1f], start_interpolation: 0, interpolation_duration: 1 }
$data merge entity $(bone_segment11) { transformation: [-1.03468329608022f,-0.028583007105409806f,-0.012725974675706029f,-0.0034261759911791683f,-0.027365098358878775f,0.622594690078983f,0.8265442911249986f,0.5476562426859407f,-0.015168721714221947f,0.8265030704748347f,-0.6230658442663097f,0.5078464781345859f,0f,0f,0f,1f], start_interpolation: 0, interpolation_duration: 1 }
$data merge entity $(bone_segment10) { transformation: [-1f,-6.144453064861264e-17f,1.1084886759033584e-16f,-0.008838834764831967f,-1.925929944387236e-34f,0.8746197071393957f,0.48480962024633695f,1.3548001326941659f,-1.2673950367856153e-16f,0.48480962024633695f,-0.8746197071393957f,0.9552536421909432f,0f,0f,0f,1f], start_interpolation: 0, interpolation_duration: 1 }