# This file was generated by Animated Java via MC-Build. It is not recommended to edit this file directly.
$data merge entity $(bone_neck_spine5) { transformation: [-1.367142107833285f,0.0023342470363097224f,-0.0108935043115873f,0.08539740557616453f,-5.929230630780103e-19f,1.336841131600476f,0.2864567140379324f,3.8166919243941986f,0.011140787468266855f,0.28644720335200186f,-1.3367967469674116f,-0.40153656692668827f,0f,0f,0f,1f], start_interpolation: 0, interpolation_duration: 1 }
$data merge entity $(bone_neck_spine2) { transformation: [-1.3020401026983663f,0.0015623468747375585f,-0.010494616806474465f,0.0007236701991604252f,-5.646886315028669e-19f,1.2878900127994195f,0.19172981478099685f,4.951839578608231f,0.010610273779301764f,0.19172344913494105f,-1.2878472533986993f,1.1920110423431307f,0f,0f,0f,1f], start_interpolation: 0, interpolation_duration: 1 }
$data merge entity $(bone_scale_neck_left1) { transformation: [-1.3826105922375858f,0.3673616095256687f,0.06994867033703717f,0.683117245676097f,0.3564017940930228f,1.2133008440781925f,0.6725609573333846f,4.18058343742013f,0.11324808961957868f,0.6666377787139232f,-1.2626275621067595f,1.041946342387565f,0f,0f,0f,1f], start_interpolation: 0, interpolation_duration: 1 }
$data merge entity $(bone_scale_neck_right1) { transformation: [-1.3842725642953444f,-0.3564487342167221f,-0.09051621963640255f,-0.6840248621571878f,-0.3564017940930228f,1.2133008440781925f,0.6725609573333846f,4.18058343742013f,-0.09070086719124303f,0.6725360808441583f,-1.261319940005831f,1.053087129855832f,0f,0f,0f,1f], start_interpolation: 0, interpolation_duration: 1 }
$data merge entity $(bone_blush_right1) { transformation: [-0.9999667988723454f,0.003711382587286304f,-0.007254432595662567f,-0.5681923034678608f,-4.336808689942018e-19f,0.890257496845092f,0.4554575603841825f,3.5630269639996213f,0.008148690262503755f,0.4554424386795788f,-0.8902279392922936f,2.0847667798289846f,0f,0f,0f,1f], start_interpolation: 0, interpolation_duration: 1 }
$data merge entity $(bone_blush_left1) { transformation: [-0.9999667988723454f,0.003711382587286304f,-0.007254432595662567f,0.5841131874201936f,-4.336808689942018e-19f,0.890257496845092f,0.4554575603841825f,3.5630269639996213f,0.008148690262503755f,0.4554424386795788f,-0.8902279392922936f,2.0753766875343027f,0f,0f,0f,1f], start_interpolation: 0, interpolation_duration: 1 }
$data merge entity $(bone_left_head_scales) { transformation: [-0.8836316592274641f,0.003711382587286304f,-0.46816804296129544f,0.5937548038869687f,-0.210306896894808f,0.890257496845092f,0.40399579011369396f,4.283805791229868f,0.4182894929703532f,0.4554424386795788f,-0.7858791797217958f,2.0601191870331292f,0f,0f,0f,1f], start_interpolation: 0, interpolation_duration: 1 }
$data merge entity $(bone_left_head_scales2) { transformation: [-0.8149638759214319f,0.003711382587286304f,-0.5794998762574567f,0.5919179472654066f,-0.26123972439430077f,0.890257496845092f,0.37308899167558f,3.5215747057477387f,0.5172887852462169f,0.4554424386795788f,-0.7245581396327634f,1.8347092651094778f,0f,0f,0f,1f], start_interpolation: 0, interpolation_duration: 1 }
$data merge entity $(bone_left_head_scales1) { transformation: [-0.9999667988723454f,0.003711382587286304f,-0.007254432595662567f,0.593392364181179f,-4.336808689942018e-19f,0.890257496845092f,0.4554575603841825f,4.19686658255359f,0.008148690262503755f,0.4554424386795788f,-0.8902279392922936f,2.0156423863808266f,0f,0f,0f,1f], start_interpolation: 0, interpolation_duration: 1 }
$data merge entity $(bone_right_head_scales) { transformation: [-0.8903311076091726f,0.003711382587286304f,0.45529852235946766f,-0.5780812885415612f,0.210306896894808f,0.890257496845092f,0.40399579011369396f,4.283805791229868f,-0.4038335398922438f,0.4554424386795788f,-0.7934044725785817f,2.069668433434501f,0f,0f,0f,1f], start_interpolation: 0, interpolation_duration: 1 }
$data merge entity $(bone_right_head_scales2) { transformation: [-0.8232858191133698f,0.003711382587286304f,0.5676149096756694f,-0.5799181451631232f,0.26123972439430077f,0.890257496845092f,0.37308899167558f,3.5215747057477387f,-0.5039387526726014f,0.4554424386795788f,-0.7339059330761541f,1.8442585115108494f,0f,0f,0f,1f], start_interpolation: 0, interpolation_duration: 1 }
$data merge entity $(bone_right_head_scales1) { transformation: [-0.9999667988723454f,0.003711382587286304f,-0.007254432595662567f,-0.5784437282473508f,-4.336808689942018e-19f,0.890257496845092f,0.4554575603841825f,4.19686658255359f,0.008148690262503755f,0.4554424386795788f,-0.8902279392922936f,2.025191632782198f,0f,0f,0f,1f], start_interpolation: 0, interpolation_duration: 1 }
$data merge entity $(bone_head_left_fin1) { transformation: [-0.6880188125993096f,0.02180739607482951f,-0.7253651156389254f,0.5915018881989074f,-0.08216548669658202f,0.9907799041869692f,0.10772193024251975f,3.904203393928477f,0.7210263145720478f,0.13371469229555882f,-0.6798833979139027f,1.7836525628093f,0f,0f,0f,1f], start_interpolation: 0, interpolation_duration: 1 }
$data merge entity $(bone_head_right_fin1) { transformation: [-0.6996778921904114f,-0.019625373132089716f,0.7141888349095142f,-0.5803342042296225f,0.08216548669658202f,0.9907799041869692f,0.10772193024251975f,3.904203393928477f,-0.7097180284985698f,0.13405232630837377f,-0.691614266651156f,1.7932018092106716f,0f,0f,0f,1f], start_interpolation: 0, interpolation_duration: 1 }
$data merge entity $(bone_right_whisker16) { transformation: [0.2579102028288475f,0.9166570159683571f,-0.3053231769007554f,-1.0381732731671638f,0.9536345877242821f,-0.2922568528951251f,-0.07188188250022182f,1.5241642978729935f,-0.15512382271179773f,-0.2726276710310683f,-0.949531859715857f,1.8439454564050672f,0f,0f,0f,1f], start_interpolation: 0, interpolation_duration: 1 }
$data merge entity $(bone_right_whisker15) { transformation: [-0.875150851414128f,0.3753514951566825f,-0.3053231769007554f,-0.781781422166931f,0.41423084650914244f,0.9073289374689554f,-0.07188188250022182f,1.4028076045597682f,0.250047581610873f,-0.18938176869777998f,-0.949531859715857f,1.7706893289800067f,0f,0f,0f,1f], start_interpolation: 0, interpolation_duration: 1 }
$data merge entity $(bone_right_whisker14) { transformation: [-0.7100387145218825f,-0.6345256350434888f,-0.3053231769007554f,-0.5737622675218483f,-0.6472577611207317f,0.7588744202021847f,-0.07188188250022182f,1.5924339017631075f,0.27731284598642447f,0.14658387645118148f,-0.949531859715857f,1.6894453311324213f,0f,0f,0f,1f], start_interpolation: 0, interpolation_duration: 1 }
$data merge entity $(bone_right_whisker13) { transformation: [-0.09507953839376657f,-0.9924342971456692f,-0.07767912993726092f,-0.5459069340080496f,-0.9883870828447849f,0.08482341434316375f,0.1260791927510016f,1.8820004299402906f,-0.11853630601804879f,0.08876460008443421f,-0.9889742109516534f,1.7241727645361467f,0f,0f,0f,1f], start_interpolation: 0, interpolation_duration: 1 }
$data merge entity $(bone_right_whisker12) { transformation: [0.06436144947840688f,-0.9963955358092897f,-0.05525884581093845f,-0.5710481252105523f,-0.938153950329332f,-0.07928990126623087f,0.33701673109604025f,2.248466816787686f,-0.3401834347855694f,0.030150419176355713f,-0.9398756209844905f,1.8570569187492596f,0f,0f,0f,1f], start_interpolation: 0, interpolation_duration: 1 }
$data merge entity $(bone_right_whisker11) { transformation: [0.2918098319302506f,-0.9558948532382145f,-0.03334743680601643f,-0.6850363408083064f,-0.9553037513922049f,-0.29300076444545015f,0.03931023544017673f,2.621632344675266f,-0.04734727621330653f,0.020385818283165408f,-0.9986704430632289f,1.8755519485200824f,0f,0f,0f,1f], start_interpolation: 0, interpolation_duration: 1 }
$data merge entity $(bone_right_whisker10) { transformation: [0.07216817647534093f,-0.9942421851142572f,0.07921004761677092f,-0.7132270347439865f,-0.9754328000181258f,-0.08692947937614608f,-0.20242064683275596f,3.0026607821823466f,0.2081408344199262f,-0.06265574957351694f,-0.9760899805306665f,1.7942469350747987f,0f,0f,0f,1f], start_interpolation: 0, interpolation_duration: 1 }
$data merge entity $(bone_right_whisker1) { transformation: [-0.34078579293123545f,-0.93887124813287f,0.04884488474401366f,-0.5801075843802227f,-0.9376408879624721f,0.3432069796009044f,0.05512290244691037f,3.368926754042687f,-0.06851721358298435f,-0.027013859084760145f,-0.9972841334645668f,1.821011471630652f,0f,0f,0f,1f], start_interpolation: 0, interpolation_duration: 1 }
$data merge entity $(bone_left_whisker16) { transformation: [0.26040397979023355f,-0.9209782511827843f,0.2898082610239179f,1.0501071161229245f,-0.9536345877242821f,-0.2922568528951251f,-0.07188188250022182f,1.5241642978729935f,0.15090010074663998f,-0.25765285324276327f,-0.9543815624845844f,1.8269281413374314f,0f,0f,0f,1f], start_interpolation: 0, interpolation_duration: 1 }
$data merge entity $(bone_left_whisker15) { transformation: [-0.8791096146512436f,-0.37838797188868745f,0.2898082610239179f,0.7925554712055679f,-0.41423084650914244f,0.9073289374689554f,-0.07188188250022182f,1.4028076045597682f,-0.2357521818097571f,-0.18323957531445612f,-0.9543815624845844f,1.7578601193228542f,0f,0f,0f,1f], start_interpolation: 0, interpolation_duration: 1 }
$data merge entity $(bone_left_whisker14) { transformation: [-0.7144637426671671f,0.6368302224740251f,0.2898082610239179f,0.5832399215960463f,0.6472577611207317f,0.7588744202021847f,-0.07188188250022182f,1.5924339017631075f,-0.2657046312787971f,0.13622364738356355f,-0.9543815624845844f,1.680016965627894f,0f,0f,0f,1f], start_interpolation: 0, interpolation_duration: 1 }
$data merge entity $(bone_left_whisker13) { transformation: [-0.0931351444655877f,0.9937490820174295f,0.06155166004983144f,0.5559542347408937f,0.9883870828447849f,0.08482341434316375f,0.1260791927510016f,1.8820004299402906f,0.12007006009388985f,0.07257926955187592f,-0.990108797203805f,1.7151937410460258f,0f,0f,0f,1f], start_interpolation: 0, interpolation_duration: 1 }
$data merge entity $(bone_left_whisker12) { transformation: [0.06989681694416912f,0.9967545687246302f,0.03993450522605271f,0.5832576788597097f,0.938153950329332f,-0.07928990126623087f,0.33701673109604025f,2.248466816787686f,0.33908936943310763f,0.013908317071726465f,-0.9406513478721482f,1.8476505259808336f,0f,0f,0f,1f], start_interpolation: 0, interpolation_duration: 1 }
$data merge entity $(bone_left_whisker11) { transformation: [0.2925426898697266f,0.9561001326047052f,0.017067836331829928f,0.6975321670900716f,0.9553037513922049f,-0.29300076444545015f,0.03931023544017673f,2.621632344675266f,0.0425854104097311f,0.004805046060863703f,-0.9990812751486173f,1.8642854519221348f,0f,0f,0f,1f], start_interpolation: 0, interpolation_duration: 1 }
$data merge entity $(bone_left_whisker10) { transformation: [0.06876655461696973f,0.9930890567689719f,-0.09510671002524032f,0.7243941024873254f,0.9754328000181258f,-0.08692947937614608f,-0.20242064683275596f,3.0026607821823466f,-0.20928930602137896f,-0.07885043399440508f,-0.9746694801028619f,1.7825318167575337f,0f,0f,0f,1f], start_interpolation: 0, interpolation_duration: 1 }
$data merge entity $(bone_left_whisker1) { transformation: [-0.3396239217638868f,0.9383063233421056f,-0.06509097742342915f,0.5917285080483071f,0.9376408879624721f,0.3432069796009044f,0.05512290244691037f,3.368926754042687f,0.07406184568767171f,-0.04231090556162155f,-0.9963556745880914f,1.8114622252292805f,0f,0f,0f,1f], start_interpolation: 0, interpolation_duration: 1 }
$data merge entity $(bone_upper_left_tooth1) { transformation: [-0.9999667988723454f,0.003064994194956848f,-0.007550295595478652f,0.2815643273991208f,-4.336808689942018e-19f,0.9265655402588293f,0.3761333534863187f,3.3382075282432195f,0.008148690262503755f,0.3761208654348343f,-0.9265347772380467f,2.6986283732217573f,0f,0f,0f,1f], start_interpolation: 0, interpolation_duration: 1 }
$data merge entity $(bone_upper_right_tooth1) { transformation: [-0.9999667988723454f,0.003064994194956848f,-0.007550295595478652f,-0.30435371881514406f,-4.336808689942018e-19f,0.9265655402588293f,0.3761333534863187f,3.3382075282432195f,0.008148690262503755f,0.3761208654348343f,-0.9265347772380467f,2.703402996422443f,0f,0f,0f,1f], start_interpolation: 0, interpolation_duration: 1 }
$data merge entity $(bone_top_lip1) { transformation: [-0.9999667988723454f,-0.0010751428274717364f,-0.008077451386096952f,0.013348116130493711f,-4.336808689942018e-19f,0.9912576286357814f,-0.13194056870942972f,3.437740935888211f,0.008148690262503755f,-0.13193618813376518f,-0.9912247177647142f,2.741220348233905f,0f,0f,0f,1f], start_interpolation: 0, interpolation_duration: 1 }
$data merge entity $(bone_muzzle1) { transformation: [-0.9999667988723454f,0.003064994194956848f,-0.007550295595478652f,0.010110422118290784f,-4.336808689942018e-19f,0.9265655402588293f,0.3761333534863187f,3.7571271739565546f,0.008148690262503755f,0.3761208654348343f,-0.9265347772380467f,2.343906618933321f,0f,0f,0f,1f], start_interpolation: 0, interpolation_duration: 1 }
$data merge entity $(bone_jaw_right_tooth1) { transformation: [-0.9999667988723454f,-0.0010677294193659629f,-0.00807843468013723f,-0.30459153290212504f,-4.336808689942018e-19f,0.9913782976032598f,-0.1310308018797974f,3.1280708880973105f,0.008148690262503755f,-0.13102645150941739f,-0.9913453827258468f,2.6742196327622287f,0f,0f,0f,1f], start_interpolation: 0, interpolation_duration: 1 }
$data merge entity $(bone_jaw_left_tooth1) { transformation: [-0.9999667988723454f,-0.0010677294193659629f,-0.00807843468013723f,0.33015301716332857f,-4.336808689942018e-19f,0.9913782976032598f,-0.1310308018797974f,3.1280708880973105f,0.008148690262503755f,-0.13102645150941739f,-0.9913453827258468f,2.669047124294819f,0f,0f,0f,1f], start_interpolation: 0, interpolation_duration: 1 }
$data merge entity $(bone_tongue1) { transformation: [-0.9999667988723454f,0.0030874562757305397f,-0.007541138292040243f,0.007585761606266547f,-4.336808689942018e-19f,0.9254417641496125f,0.37888988000163504f,3.389313100374925f,0.008148690262503755f,0.378877300430362f,-0.9254110384394638f,2.034092819522494f,0f,0f,0f,1f], start_interpolation: 0, interpolation_duration: 1 }
$data merge entity $(bone_jaw_lips1) { transformation: [-0.9999667988723454f,0.0030874562757305397f,-0.007541138292040243f,0.061957044900725976f,-4.336808689942018e-19f,0.9254417641496125f,0.37888988000163504f,2.989374222701928f,0.008148690262503755f,0.378877300430362f,-0.9254110384394638f,2.7141227296100823f,0f,0f,0f,1f], start_interpolation: 0, interpolation_duration: 1 }
$data merge entity $(bone_jaw3) { transformation: [-0.9999667988723454f,0.0003512972502963379f,-0.008141114373116112f,0.055571069407874187f,-4.336808689942018e-19f,0.9990702936123979f,0.04311088518271872f,2.949880195771021f,0.008148690262503755f,0.04310945385271653f,-0.9990371233520434f,1.930467532817491f,0f,0f,0f,1f], start_interpolation: 0, interpolation_duration: 1 }
$data merge entity $(bone_jaw1) { transformation: [-0.9999667988723454f,0.006005041847542401f,-0.005508232511748943f,0.05126776275807032f,-4.336808689942018e-19f,0.6759653802397064f,0.7369333787510167f,3.525609397920253f,0.008148690262503755f,0.7369089117318357f,-0.6759429374268269f,1.4023871129527825f,0f,0f,0f,1f], start_interpolation: 0, interpolation_duration: 1 }
$data merge entity $(bone_tear_right1) { transformation: [-0.9999667988723454f,0.003711382587286304f,-0.007254432595662567f,-0.5174596640315549f,-4.336808689942018e-19f,0.890257496845092f,0.4554575603841825f,3.827283744723455f,0.008148690262503755f,0.4554424386795788f,-0.8902279392922936f,2.318280386822182f,0f,0f,0f,1f], start_interpolation: 0, interpolation_duration: 1 }
$data merge entity $(bone_right_pupil1) { transformation: [-0.9999667988723454f,0.003711382587286304f,-0.007254432595662567f,-0.3555450096965649f,-4.336808689942018e-19f,0.890257496845092f,0.4554575603841825f,3.8875359869709727f,0.008148690262503755f,0.4554424386795788f,-0.8902279392922936f,2.413605961958669f,0f,0f,0f,1f], start_interpolation: 0, interpolation_duration: 1 }
$data merge entity $(bone_right_sad_pupil1) { transformation: [-0.9999667988723454f,0.003711382587286304f,-0.007254432595662567f,-0.3556158537648819f,-4.336808689942018e-19f,0.890257496845092f,0.4554575603841825f,3.8919838147090995f,0.008148690262503755f,0.4554424386795788f,-0.8902279392922936f,2.404912329739018f,0f,0f,0f,1f], start_interpolation: 0, interpolation_duration: 1 }
$data merge entity $(bone_right_happy_pupil1) { transformation: [-0.9999667988723454f,0.003711382587286304f,-0.007254432595662567f,-0.380119401967492f,-4.336808689942018e-19f,0.890257496845092f,0.4554575603841825f,3.8702492907454977f,0.008148690262503755f,0.4554424386795788f,-0.8902279392922936f,2.393992211988601f,0f,0f,0f,1f], start_interpolation: 0, interpolation_duration: 1 }
$data merge entity $(bone_eyelid_right1) { transformation: [-0.9999667988723454f,0.003711382587286304f,-0.007254432595662567f,0.01662511511015033f,-4.336808689942018e-19f,0.890257496845092f,0.4554575603841825f,4.070905597277299f,0.008148690262503755f,0.4554424386795788f,-0.8902279392922936f,1.9449285993300625f,0f,0f,0f,1f], start_interpolation: 0, interpolation_duration: 1 }
$data merge entity $(bone_eyelid_expressions_right5) { transformation: [-0.9999667988723454f,0.003711382587286304f,-0.007254432595662567f,-0.4675540604272017f,-4.336808689942018e-19f,0.890257496845092f,0.4554575603841825f,3.978923023385378f,0.008148690262503755f,0.4554424386795788f,-0.8902279392922936f,2.4503042639583197f,0f,0f,0f,1f], start_interpolation: 0, interpolation_duration: 1 }
$data merge entity $(bone_eyelid_expressions_right7) { transformation: [-0.9999667988723454f,0.003711382587286304f,-0.007254432595662567f,-0.17459503732006929f,-4.336808689942018e-19f,0.890257496845092f,0.4554575603841825f,3.978923023385378f,0.008148690262503755f,0.4554424386795788f,-0.8902279392922936f,2.4479169523579767f,0f,0f,0f,1f], start_interpolation: 0, interpolation_duration: 1 }
$data merge entity $(bone_eyelid_expressions_right6) { transformation: [-0.9999667988723454f,0.003711382587286304f,-0.007254432595662567f,-0.27224804502244676f,-4.336808689942018e-19f,0.890257496845092f,0.4554575603841825f,3.978923023385378f,0.008148690262503755f,0.4554424386795788f,-0.8902279392922936f,2.4487127228914245f,0f,0f,0f,1f], start_interpolation: 0, interpolation_duration: 1 }
$data merge entity $(bone_right_eye1) { transformation: [-0.9999667988723454f,0.003711382587286304f,-0.007254432595662567f,0.0069306584082295996f,-4.336808689942018e-19f,0.890257496845092f,0.4554575603841825f,4.066457769539173f,0.008148690262503755f,0.4554424386795788f,-0.8902279392922936f,1.9537018086030584f,0f,0f,0f,1f], start_interpolation: 0, interpolation_duration: 1 }
$data merge entity $(bone_tear_left1) { transformation: [-0.9999667988723454f,0.003711382587286304f,-0.007254432595662567f,0.5371928191541219f,-4.336808689942018e-19f,0.890257496845092f,0.4554575603841825f,3.827283744723455f,0.008148690262503755f,0.4554424386795788f,-0.8902279392922936f,2.3096860650609474f,0f,0f,0f,1f], start_interpolation: 0, interpolation_duration: 1 }
$data merge entity $(bone_left_sad_pupil1) { transformation: [-0.9999667988723454f,0.003711382587286304f,-0.007254432595662567f,0.3767817040029492f,-4.336808689942018e-19f,0.890257496845092f,0.4554575603841825f,3.8919838147090995f,0.008148690262503755f,0.4554424386795788f,-0.8902279392922936f,2.3989440507381605f,0f,0f,0f,1f], start_interpolation: 0, interpolation_duration: 1 }
$data merge entity $(bone_left_pupil1) { transformation: [-0.9999667988723454f,0.003711382587286304f,-0.007254432595662567f,0.3768525480712662f,-4.336808689942018e-19f,0.890257496845092f,0.4554575603841825f,3.8875359869709727f,0.008148690262503755f,0.4554424386795788f,-0.8902279392922936f,2.407637682957812f,0f,0f,0f,1f], start_interpolation: 0, interpolation_duration: 1 }
$data merge entity $(bone_eyelid_left1) { transformation: [-0.9999667988723454f,0.003711382587286304f,-0.007254432595662567f,-0.002905486430325166f,-4.336808689942018e-19f,0.890257496845092f,0.4554575603841825f,4.070905597277299f,0.008148690262503755f,0.4554424386795788f,-0.8902279392922936f,1.9450877534367519f,0f,0f,0f,1f], start_interpolation: 0, interpolation_duration: 1 }
$data merge entity $(bone_left_happy_pupil1) { transformation: [-0.9999667988723454f,0.003711382587286304f,-0.007254432595662567f,0.4011046596515278f,-4.336808689942018e-19f,0.890257496845092f,0.4554575603841825f,3.8702492907454977f,0.008148690262503755f,0.4554424386795788f,-0.8902279392922936f,2.3876260477210196f,0f,0f,0f,1f], start_interpolation: 0, interpolation_duration: 1 }
$data merge entity $(bone_eyelid_expressions_left5) { transformation: [-0.9999667988723454f,0.003711382587286304f,-0.007254432595662567f,0.4894454150560976f,-4.336808689942018e-19f,0.890257496845092f,0.4554575603841825f,3.978923023385378f,0.008148690262503755f,0.4554424386795788f,-0.8902279392922936f,2.442505712730533f,0f,0f,0f,1f], start_interpolation: 0, interpolation_duration: 1 }
$data merge entity $(bone_eyelid_expressions_left7) { transformation: [-0.9999667988723454f,0.003711382587286304f,-0.007254432595662567f,0.19648639194896514f,-4.336808689942018e-19f,0.890257496845092f,0.4554575603841825f,3.978923023385378f,0.008148690262503755f,0.4554424386795788f,-0.8902279392922936f,2.444893024330876f,0f,0f,0f,1f], start_interpolation: 0, interpolation_duration: 1 }
$data merge entity $(bone_eyelid_expressions_left6) { transformation: [-0.9999667988723454f,0.003711382587286304f,-0.007254432595662567f,0.2941393996513426f,-4.336808689942018e-19f,0.890257496845092f,0.4554575603841825f,3.978923023385378f,0.008148690262503755f,0.4554424386795788f,-0.8902279392922936f,2.444097253797428f,0f,0f,0f,1f], start_interpolation: 0, interpolation_duration: 1 }
$data merge entity $(bone_left_eye1) { transformation: [-0.9999667988723454f,0.003711382587286304f,-0.007254432595662567f,0.0069306584082295996f,-4.336808689942018e-19f,0.890257496845092f,0.4554575603841825f,4.066457769539173f,0.008148690262503755f,0.4554424386795788f,-0.8902279392922936f,1.9537018086030584f,0f,0f,0f,1f], start_interpolation: 0, interpolation_duration: 1 }
$data merge entity $(bone_crest_middle5) { transformation: [-0.9999667988723454f,0.0020532614105168703f,-0.007885763791434902f,0.01441016807258148f,-4.336808689942018e-19f,0.9677338980131927f,0.25197440869300974f,4.950364116067719f,0.008148690262503755f,0.25196604285850094f,-0.9677017681565088f,2.871550087928704f,0f,0f,0f,1f], start_interpolation: 0, interpolation_duration: 1 }
$data merge entity $(bone_crest_middle4) { transformation: [-0.9999667988723454f,0.0020532614105168703f,-0.007885763791434902f,0.01320708521485675f,-4.336808689942018e-19f,0.9677338980131927f,0.25197440869300974f,4.383332535200615f,0.008148690262503755f,0.25196604285850094f,-0.9677017681565088f,2.723913734691301f,0f,0f,0f,1f], start_interpolation: 0, interpolation_duration: 1 }
$data merge entity $(bone_crest_middle1) { transformation: [-0.9999667988723454f,0.0020532614105168703f,-0.007885763791434902f,0.012882346126057376f,-4.336808689942018e-19f,0.9677338980131927f,0.25197440869300974f,3.9396036139215878f,0.008148690262503755f,0.25196604285850094f,-0.9677017681565088f,2.684063366517452f,0f,0f,0f,1f], start_interpolation: 0, interpolation_duration: 1 }
$data merge entity $(bone_crest_left5) { transformation: [-0.5404119177201944f,-0.8351181821515007f,0.10262836365232891f,-0.9474427708034896f,-0.7508355574099427f,0.5336919231852203f,0.3891258110891153f,4.414769724855604f,-0.37973796875593363f,0.1332312011761282f,-0.9154499014792034f,2.701906039832042f,0f,0f,0f,1f], start_interpolation: 0, interpolation_duration: 1 }
$data merge entity $(bone_crest_left4) { transformation: [-0.5404119177201944f,-0.8351181821515007f,0.10262836365232891f,-0.5396702209248272f,-0.7508355574099427f,0.5336919231852203f,0.3891258110891153f,4.15417796548782f,-0.37973796875593363f,0.1332312011761282f,-0.9154499014792034f,2.6368517423827607f,0f,0f,0f,1f], start_interpolation: 0, interpolation_duration: 1 }
$data merge entity $(bone_crest_left1) { transformation: [-0.5404119177201944f,-0.8351181821515007f,0.10262836365232891f,-0.08610926548933717f,-0.7508355574099427f,0.5336919231852203f,0.3891258110891153f,3.8865273139278442f,-0.37973796875593363f,0.1332312011761282f,-0.9154499014792034f,2.520592312967887f,0f,0f,0f,1f], start_interpolation: 0, interpolation_duration: 1 }
$data merge entity $(bone_crest_center1) { transformation: [-0.9999667988723454f,0.003711382587286304f,-0.007254432595662567f,0.011453133446399956f,-4.336808689942018e-19f,0.890257496845092f,0.4554575603841825f,3.8647927899642425f,0.008148690262503755f,0.4554424386795788f,-0.8902279392922936f,2.5086774845971256f,0f,0f,0f,1f], start_interpolation: 0, interpolation_duration: 1 }
$data merge entity $(bone_crest_right5) { transformation: [-0.5341516210676821f,0.8371785240242505f,-0.11753367442288418f,0.9733707088476515f,0.7508355574099427f,0.5336919231852203f,0.3891258110891153f,4.414769724855604f,0.38849454492909935f,0.11960372084278258f,-0.9136558096574954f,2.6862534060492305f,0f,0f,0f,1f], start_interpolation: 0, interpolation_duration: 1 }
$data merge entity $(bone_crest_right4) { transformation: [-0.5341516210676821f,0.8371785240242505f,-0.11753367442288418f,0.5645921326639354f,0.7508355574099427f,0.5336919231852203f,0.3891258110891153f,4.15417796548782f,0.38849454492909935f,0.11960372084278258f,-0.9136558096574954f,2.6278531517314656f,0f,0f,0f,1f], start_interpolation: 0, interpolation_duration: 1 }
$data merge entity $(bone_crest_right1) { transformation: [-0.5341516210676821f,0.8371785240242505f,-0.11753367442288418f,0.10919674991541778f,0.7508355574099427f,0.5336919231852203f,0.3891258110891153f,3.8865273139278442f,0.38849454492909935f,0.11960372084278258f,-0.9136558096574954f,2.5190007719009917f,0f,0f,0f,1f], start_interpolation: 0, interpolation_duration: 1 }
$data merge entity $(bone_head1) { transformation: [-0.9999667988723454f,0.003711382587286304f,-0.007254432595662567f,0.0028530147978988113f,-4.336808689942018e-19f,0.890257496845092f,0.4554575603841825f,4.267618690798006f,0.008148690262503755f,0.4554424386795788f,-0.8902279392922936f,1.4533136361960852f,0f,0f,0f,1f], start_interpolation: 0, interpolation_duration: 1 }
$data merge entity $(bone_neck10) { transformation: [-1.3020401026983663f,0.002918803151199655f,-0.010200906716379946f,-0.0052907721828817965f,-5.646886315028669e-19f,1.2518461725462162f,0.35819291900571354f,4.147277293825712f,0.010610273779301764f,0.3581810265968845f,-1.2518046098416373f,0.45394854370485327f,0f,0f,0f,1f], start_interpolation: 0, interpolation_duration: 1 }
$data merge entity $(bone_neck9) { transformation: [-0.9999667988723454f,0.003711382587286304f,-0.007254432595662568f,-0.009648268016562527f,-4.336808689942018e-19f,0.890257496845092f,0.4554575603841825f,2.994828442343457f,0.008148690262503755f,0.4554424386795788f,-0.8902279392922937f,-0.08078170367682436f,0f,0f,0f,1f], start_interpolation: 0, interpolation_duration: 1 }
$data merge entity $(bone_neck8) { transformation: [-0.9999667988723454f,-0.0021647053535995718f,-0.007855902476884554f,-0.007911944245609584f,-4.336808689942018e-19f,0.9640693441292688f,-0.26565070997488716f,2.3750874997935867f,0.008148690262503755f,-0.26564189007175376f,-0.9640373359399064f,0.13229132611241828f,0f,0f,0f,1f], start_interpolation: 0, interpolation_duration: 1 }
$data merge entity $(bone_neck7) { transformation: [-0.9999667988723454f,-0.004598619902525924f,-0.006727098036026826f,-0.0040094579744438105f,-4.336808689942018e-19f,0.82554347009379f,-0.5643385322530298f,1.714003638265825f,0.008148690262503755f,-0.56431979557738f,-0.8255160611196549f,0.6111850597689337f,0f,0f,0f,1f], start_interpolation: 0, interpolation_duration: 1 }
$data merge entity $(bone_neck6) { transformation: [-0.9999667988723454f,-0.003300005326820425f,-0.007450578355884887f,-0.0014501215851891076f,-4.336808689942018e-19f,0.9143283295683438f,-0.4049737099476488f,0.9828530529701571f,0.008148690262503755f,-0.40496026436380805f,-0.9142979728367555f,0.9252541106171348f,0f,0f,0f,1f], start_interpolation: 0, interpolation_duration: 1 }
$data merge entity $(bone_neck_spine6) { transformation: [-1.1001459272995349f,-0.10412145520980093f,-0.061476326570482444f,0.021136422735399507f,-0.0649794390434665f,0.03454852146920268f,1.1043213978200594f,0.3089621951657575f,-0.10197199941750484f,1.1013204800359642f,-0.040454778525050736f,-1.3347359680263706f,0f,0f,0f,1f], start_interpolation: 0, interpolation_duration: 1 }
$data merge entity $(bone_neck_spine7) { transformation: [-0.9932488076311483f,-0.11595264324241351f,0.0034337536893924887f,0.37383795486885557f,-0.0543120207136533f,0.49098414031086257f,0.8694738514579967f,-0.04454911557159191f,-0.102503709909942f,0.863417372125614f,-0.4939670342911534f,-4.543452321852568f,0f,0f,0f,1f], start_interpolation: 0, interpolation_duration: 1 }
$data merge entity $(bone_tail6) { transformation: [-1.3669906259089573f,0.24783600321429575f,0.558666471046749f,0.09790651312946413f,0.5784647896662344f,0.08289924639339467f,1.37865894395526f,-0.6614221395366702f,0.19725465134557346f,1.4744149050190039f,-0.17142220411710193f,-7.761268572804721f,0f,0f,0f,1f], start_interpolation: 0, interpolation_duration: 1 }
$data merge entity $(bone_tail5) { transformation: [-1.1292531257508778f,0.20473408961180956f,0.46150708477774927f,0.22721225393692293f,0.47786221755036756f,0.06848198615106517f,1.1388921710934756f,-0.6181703588096816f,0.16294949458982158f,1.2179949215374382f,-0.14160964687934507f,-6.992008622360022f,0f,0f,0f,1f], start_interpolation: 0, interpolation_duration: 1 }
$data merge entity $(bone_tail4) { transformation: [-0.9129120006070254f,0.16551134823354707f,0.37309204327295936f,0.29186512434065226f,0.3863138769249287f,0.055362279330545314f,0.9207044077892519f,-0.5965444684461874f,0.13173180194208733f,0.984652736569213f,-0.11448021979298634f,-6.607378647137674f,0f,0f,0f,1f], start_interpolation: 0, interpolation_duration: 1 }
$data merge entity $(bone_segment18) { transformation: [-0.9129120006070254f,0.11875207727164565f,0.39049919755531814f,0.349849537070948f,0.3863138769249287f,-0.05739061948078301f,0.9205802003578192f,-0.6245672318645384f,0.13173180194208733f,0.9912639713715419f,0.006517009882580308f,-6.123363036116413f,0f,0f,0f,1f], start_interpolation: 0, interpolation_duration: 1 }
$data merge entity $(bone_segment17) { transformation: [-0.9909123198573685f,0.13450751135844313f,-0.0007097485795520241f,0.4352302815855848f,-0.003426852604490719f,-0.01996994489904888f,0.9997947079185584f,-0.6372434664195987f,0.13446572439144105f,0.9907113256084675f,0.02024940184296295f,-5.494493542321976f,0f,0f,0f,1f], start_interpolation: 0, interpolation_duration: 1 }
$data merge entity $(bone_segment16) { transformation: [-0.9991902670049212f,-0.028194763234153833f,-0.028703059920571747f,0.41182642538535946f,-0.03345032515826689f,0.18570027058986416f,0.9820369062564079f,-0.4830977339963717f,-0.022358132065093114f,0.9822018452584078f,-0.18649302695151504f,-4.679189276238337f,0f,0f,0f,1f], start_interpolation: 0, interpolation_duration: 1 }
$data merge entity $(bone_segment15) { transformation: [-0.9932488076311483f,-0.11289037358533564f,-0.02669400103141514f,0.29606969465820865f,-0.0543120207136533f,0.24921786944862812f,0.9669232947620436f,-0.22755206708127448f,-0.102503709909942f,0.9618452147301301f,-0.25366665597876364f,-3.6929222103529495f,0f,0f,0f,1f], start_interpolation: 0, interpolation_duration: 1 }
$data merge entity $(bone_segment14) { transformation: [-0.9916882972520603f,-0.11969347516477628f,-0.04719950313602791f,0.1733371273505768f,-0.05520948505227127f,0.06451106484223268f,0.9963885965190409f,-0.16140302598328202f,-0.11621632352458867f,0.9907127709462014f,-0.07058308317527484f,-2.677054622956943f,0f,0f,0f,1f], start_interpolation: 0, interpolation_duration: 1 }
$data merge entity $(bone_segment13) { transformation: [-0.9940142025482855f,-0.08300215500821438f,-0.07103807004900806f,0.08590896183300548f,-0.05871083433574384f,-0.14252250035989472f,0.9880487714798114f,-0.3386253438614779f,-0.09213470065016907f,0.9863052160234964f,0.13679626376823179f,-1.6208867764662744f,0f,0f,0f,1f], start_interpolation: 0, interpolation_duration: 1 }
$data merge entity $(bone_segment12) { transformation: [-0.9976579701903014f,-0.051649069980105294f,-0.04484359581877295f,0.02538270795006957f,-0.05185657782923141f,0.14361022016633507f,0.9882747593658444f,-0.17033211710405394f,-0.04460347353747409f,0.9882856258359558f,-0.14595222476695868f,-0.4627395586897636f,0f,0f,0f,1f], start_interpolation: 0, interpolation_duration: 1 }
$data merge entity $(bone_segment11) { transformation: [-1.034894615934152f,-0.017114046755027538f,-0.01577039087127975f,-0.0003864316645618639f,-0.02285333339993465f,0.6148569933454194f,0.832452439963272f,0.5401016332253044f,-0.004395563340192435f,0.8325902047537913f,-0.6150794191687968f,0.4994267565119822f,0f,0f,0f,1f], start_interpolation: 0, interpolation_duration: 1 }
$data merge entity $(bone_segment10) { transformation: [-0.9999667988723454f,0.003988715201827122f,-0.00710572332932663f,-0.001238880153194193f,-4.336808689942018e-19f,0.8720080283359962f,0.4894915714469132f,1.3448353321852138f,0.008148690262503755f,0.48947531977476366f,-0.8719790766861315f,0.9511766100294834f,0f,0f,0f,1f], start_interpolation: 0, interpolation_duration: 1 }