# This file was generated by Animated Java via MC-Build. It is not recommended to edit this file directly.
$data merge entity $(bone_neck_spine5) { transformation: [-1.3671079622452798f,0.003044962924702184f,-0.014429411720380758f,0.08431393848714097f,0f,1.3377264683426533f,0.2822933864824729f,3.81005871307637f,0.01474719369266819f,0.28227696372982697f,-1.3376486445183995f,-0.4096028627069076f,0f,0f,0f,1f], start_interpolation: 0, interpolation_duration: 1 }
$data merge entity $(bone_neck_spine2) { transformation: [-1.3020075830907425f,0.0020930287437353444f,-0.01388811539862707f,0.003848605989398072f,0f,1.2875437976379513f,0.19404117116860933f,4.946539620630387f,0.014044946373969703f,0.19402988259328383f,-1.2874688932500984f,1.184572140648818f,0f,0f,0f,1f], start_interpolation: 0, interpolation_duration: 1 }
$data merge entity $(bone_scale_neck_left1) { transformation: [-1.38230014091571f,0.3691423638539688f,0.06663072891309206f,0.6858290150419734f,0.3562181774139031f,1.2120969917589435f,0.6748250966373539f,4.175544086812699f,0.11753445838179935f,0.6678429577228476f,-1.2615985309581148f,1.0313238132616234f,0f,0f,0f,1f], start_interpolation: 0, interpolation_duration: 1 }
$data merge entity $(bone_scale_neck_right1) { transformation: [-1.3845139102537178f,-0.3546499020824283f,-0.09383015330724656f,-0.6812789472033062f,-0.3562181774139031f,1.2120969917589435f,0.6748250966373539f,4.175544086812699f,-0.0876884302325822f,0.6756506108371554f,-1.2598676159349051f,1.0460710069542916f,0f,0f,0f,1f], start_interpolation: 0, interpolation_duration: 1 }
$data merge entity $(bone_blush_right1) { transformation: [-0.9999418238136902f,0.004882881749520533f,-0.009618027550961335f,-0.562699971528547f,0f,0.8916711420741366f,0.4526837465518333f,3.559213817029653f,0.010786518815208732f,0.45265741113785474f,-0.8916192680476485f,2.0797874814906714f,0f,0f,0f,1f], start_interpolation: 0, interpolation_duration: 1 }
$data merge entity $(bone_blush_left1) { transformation: [-0.9999418238136902f,0.004882881749520533f,-0.009618027550961335f,0.5895767395067602f,0f,0.8916711420741366f,0.4526837465518333f,3.559213817029653f,0.010786518815208732f,0.45265741113785474f,-0.8916192680476485f,2.067357703949708f,0f,0f,0f,1f], start_interpolation: 0, interpolation_duration: 1 }
$data merge entity $(bone_left_head_scales) { transformation: [-0.8825181193870192f,0.004882881749520533f,-0.4702530450931914f,0.5991538701048936f,-0.2090260922043486f,0.8916711420741366f,0.4015353871951806f,4.2799418967575145f,0.4212717195960085f,0.45265741113785474f,-0.7858952897241447f,2.0498310518352327f,0f,0f,0f,1f], start_interpolation: 0, interpolation_duration: 1 }
$data merge entity $(bone_left_head_scales2) { transformation: [-0.8135877151796406f,0.004882881749520533f,-0.5814216947918198f,0.5967480094926161f,-0.2596487301412407f,0.8916711420741366f,0.3708168164043341f,3.5170127213257913f,0.5202476012869383f,0.45265741113785474f,-0.7241848531260249f,1.8268007406017008f,0f,0f,0f,1f], start_interpolation: 0, interpolation_duration: 1 }
$data merge entity $(bone_left_head_scales1) { transformation: [-0.9999418238136902f,0.004882881749520533f,-0.009618027550961335f,0.5986770261840421f,0f,0.8916711420741366f,0.4526837465518333f,4.192864636789337f,0.010786518815208732f,0.45265741113785474f,-0.8916192680476485f,2.0056262265288014f,0f,0f,0f,1f], start_interpolation: 0, interpolation_duration: 1 }
$data merge entity $(bone_right_head_scales) { transformation: [-0.8914003411544448f,0.004882881749520533f,0.45319045583017276f,-0.5726529546767746f,0.2090260922043486f,0.8916711420741366f,0.4015353871951806f,4.2799418967575145f,-0.4021362015132668f,0.45265741113785474f,-0.7958566099332571f,2.0624715035718055f,0f,0f,0f,1f], start_interpolation: 0, interpolation_duration: 1 }
$data merge entity $(bone_right_head_scales2) { transformation: [-0.8246210631144538f,0.004882881749520533f,0.5656644409310241f,-0.5750588152890521f,0.2596487301412407f,0.8916711420741366f,0.3708168164043341f,3.5170127213257913f,-0.5025760034104584f,0.45265741113785474f,-0.7365586391713468f,1.8394411923382736f,0f,0f,0f,1f], start_interpolation: 0, interpolation_duration: 1 }
$data merge entity $(bone_right_head_scales1) { transformation: [-0.9999418238136902f,0.004882881749520533f,-0.009618027550961335f,-0.5731297985976261f,0f,0.8916711420741366f,0.4526837465518333f,4.192864636789337f,0.010786518815208732f,0.45265741113785474f,-0.8916192680476485f,2.018266678265374f,0f,0f,0f,1f], start_interpolation: 0, interpolation_duration: 1 }
$data merge entity $(bone_head_left_fin1) { transformation: [-0.6861116695014258f,0.022126773477498144f,-0.7271596680712167f,0.596184420635115f,-0.07993787215444129f,0.9911919311959368f,0.10558642018502618f,3.899480596935385f,0.7230910824850398f,0.1305716716119703f,-0.6782995835197522f,1.774554406107188f,0f,0f,0f,1f], start_interpolation: 0, interpolation_duration: 1 }
$data merge entity $(bone_head_right_fin1) { transformation: [-0.7015503763309812f,-0.019304960909222697f,0.7123583283391528f,-0.5756224041465532f,0.07993787215444129f,0.9911919311959368f,0.10558642018502618f,3.899480596935385f,-0.708122168884211f,0.13101860179517305f,-0.6938278748496337f,1.7871948578437609f,0f,0f,0f,1f], start_interpolation: 0, interpolation_duration: 1 }
$data merge entity $(bone_right_whisker16) { transformation: [0.25746808115611836f,0.9159444781264269f,-0.3078244632505573f,-1.0332460988601722f,0.9531535837598629f,-0.293080915585682f,-0.07484532507236273f,1.5195993932612737f,-0.1587716377427526f,-0.2741337080863378f,-0.9484947428105855f,1.8465551136055223f,0f,0f,0f,1f], start_interpolation: 0, interpolation_duration: 1 }
$data merge entity $(bone_right_whisker15) { transformation: [-0.8745021178906511f,0.37482015104483335f,-0.3078244632505573f,-0.7770443065093954f,0.41498507561322656f,0.9067444867949825f,-0.07484532507236273f,1.3980217343902113f,0.25106459890444494f,-0.19319495344762896f,-0.9484947428105855f,1.7730010318952356f,0f,0f,0f,1f], start_interpolation: 0, interpolation_duration: 1 }
$data merge entity $(bone_right_whisker14) { transformation: [-0.7092829865816929f,-0.6341622385243859f,-0.3078244632505573f,-0.56924655653429f,-0.6464093179308491f,0.7593109843845183f,-0.07484532507236273f,1.5873994642527647f,0.2811985750993916f,0.14589408563321937f,-0.9484947428105855f,1.6906186368465856f,0f,0f,0f,1f], start_interpolation: 0, interpolation_duration: 1 }
$data merge entity $(bone_right_whisker13) { transformation: [-0.09535870223047435f,-0.9921995406965427f,-0.08029190090220455f,-0.5413094367402057f,-0.9887537275384379f,0.08507416463701323f,0.12299777554963423f,1.8770734078675413f,-0.11520757001067072f,0.09111782456184987f,-0.9891535562587602f,1.7243708546231493f,0f,0f,0f,1f], start_interpolation: 0, interpolation_duration: 1 }
$data merge entity $(bone_right_whisker12) { transformation: [0.06349536268921561f,-0.9963098723321044f,-0.0577492615584893f,-0.5661123127906805f,-0.9392068167104209f,-0.07922093149498477f,0.3340877122220213f,2.2439510706450494f,-0.3374298362054581f,0.03302547965817863f,-0.9407711854280534f,1.8561793843909065f,0f,0f,0f,1f], start_interpolation: 0, interpolation_duration: 1 }
$data merge entity $(bone_right_whisker11) { transformation: [0.29171599979992124f,-0.9558279119758872f,-0.035983025839249824f,-0.6800638752125248f,-0.9554391185263454f,-0.292960130292792f,0.036200177464066924f,2.617169476319403f,-0.045142731976831246f,0.023819419527898657f,-0.998696534990996f,1.873813264069356f,0f,0f,0f,1f], start_interpolation: 0, interpolation_duration: 1 }
$data merge entity $(bone_right_whisker10) { transformation: [0.07274973471319035f,-0.9944010852536231f,0.07664174936402003f,-0.7084817403348648f,-0.9747782661764562f,-0.08714933846165475f,-0.20545638124847163f,2.9979422365445814f,0.21098532624138056f,-0.05976181433083161f,-0.9756606570210286f,1.7913971210063169f,0f,0f,0f,1f], start_interpolation: 0, interpolation_duration: 1 }
$data merge entity $(bone_right_whisker1) { transformation: [-0.34093386090508065f,-0.9389507660199845f,0.04621213562301212f,-0.5753044509188177f,-0.9378582944431181f,0.3430973996162278f,0.05201916878255325f,3.3642931328114245f,-0.06469870193906924f,-0.0256053386438633f,-0.9975762851032157f,1.8166700514512657f,0f,0f,0f,1f], start_interpolation: 0, interpolation_duration: 1 }
$data merge entity $(bone_left_whisker16) { transformation: [0.2608331561060495f,-0.9216448924523128f,0.2872921107380469f,1.0549821337730454f,-0.9531535837598629f,-0.293080915585682f,-0.07484532507236273f,1.5195993932612737f,0.15318064643252594f,-0.2543113625774972f,-0.9549143524015595f,1.824029090005628f,0f,0f,0f,1f], start_interpolation: 0, interpolation_duration: 1 }
$data merge entity $(bone_left_whisker15) { transformation: [-0.8797145339620027f,-0.3789004906881148f,0.2872921107380469f,0.797253266401365f,-0.41498507561322656f,0.9067444867949825f,-0.07484532507236273f,1.3980217343902113f,-0.23214160711578796f,-0.18506445856297993f,-0.9549143524015595f,1.7560188535459245f,0f,0f,0f,1f], start_interpolation: 0, interpolation_duration: 1 }
$data merge entity $(bone_left_whisker14) { transformation: [-0.7151838923936971f,0.6371618657517715f,0.2872921107380469f,0.587726735426649f,0.6464093179308491f,0.7593109843845183f,-0.07484532507236273f,1.5873994642527647f,-0.2658326423763168f,0.132180126436371f,-0.9549143524015595f,1.678138196599738f,0f,0f,0f,1f], start_interpolation: 0, interpolation_duration: 1 }
$data merge entity $(bone_left_whisker13) { transformation: [-0.0928512798000629f,0.9939342317731634f,0.05893541167228731f,0.5605242120477243f,0.9887537275384379f,0.08507416463701323f,0.12299777554963423f,1.8770734078675413f,0.11723781863517552f,0.06969310884733083f,-0.9906554216582371f,1.712485213778012f,0f,0f,0f,1f], start_interpolation: 0, interpolation_duration: 1 }
$data merge entity $(bone_left_whisker12) { transformation: [0.07075955051395091f,0.9967904515082711f,0.03744171194003924f,0.5881646614672363f,0.9392068167104209f,-0.07922093149498477f,0.3340877122220213f,2.2439510706450494f,0.33598160880581096f,0.011525614734328333f,-0.9417980243923081f,1.8437280297177818f,0f,0f,0f,1f], start_interpolation: 0, interpolation_duration: 1 }
$data merge entity $(bone_left_whisker11) { transformation: [0.29262192727698755f,0.9561193200946335f,0.014430988132387093f,0.7024701018098096f,0.9554391185263454f,-0.292960130292792f,0.036200177464066924f,2.617169476319403f,0.03883939322776672f,0.0031949648833677485f,-0.9992403583388196f,1.8588996676973781f,0f,0f,0f,1f], start_interpolation: 0, interpolation_duration: 1 }
$data merge entity $(bone_left_whisker10) { transformation: [0.06818147640907776f,0.9928805212673227f,-0.09767065456219622f,0.7291034910321056f,0.9747782661764562f,-0.08714933846165475f,-0.20545638124847163f,2.9979422365445814f,-0.2125055718438924f,-0.08119891189927014f,-0.9737803236057272f,1.7758896786958576f,0f,0f,0f,1f], start_interpolation: 0, interpolation_duration: 1 }
$data merge entity $(bone_left_whisker1) { transformation: [-0.339458859953293f,0.9381799212784299f,-0.06772088089511136f,0.5965023738628505f,0.9378582944431181f,0.3430973996162278f,0.05201916878255325f,3.3642931328114245f,0.0720381978082183f,-0.04585422212383125f,-0.9963472729776311f,1.804029599714693f,0f,0f,0f,1f], start_interpolation: 0, interpolation_duration: 1 }
$data merge entity $(bone_upper_left_tooth1) { transformation: [-0.9999418238136902f,0.004026034575309826f,-0.010006999237996464f,0.28868055279213317f,0f,0.9277320523361842f,0.3732468875531198f,3.3363280780213507f,0.010786518815208732f,0.3732251734726502f,-0.9276780804234621f,2.6921022015432845f,0f,0f,0f,1f], start_interpolation: 0, interpolation_duration: 1 }
$data merge entity $(bone_upper_right_tooth1) { transformation: [-0.9999418238136902f,0.004026034575309826f,-0.010006999237996464f,-0.29722285959870093f,0f,0.9277320523361842f,0.3732468875531198f,3.3363280780213507f,0.010786518815208732f,0.3732251734726502f,-0.9276780804234621f,2.698422427411571f,0f,0f,0f,1f], start_interpolation: 0, interpolation_duration: 1 }
$data merge entity $(bone_top_lip1) { transformation: [-0.9999418238136902f,-0.0014249794670609934f,-0.010691979314855904f,0.020574285444382077f,0f,0.9912354020817606f,-0.1321074474047927f,3.4359867945809017f,0.010786518815208732f,-0.13209976189731948f,-0.9911777357863325f,2.735091516293761f,0f,0f,0f,1f], start_interpolation: 0, interpolation_duration: 1 }
$data merge entity $(bone_muzzle1) { transformation: [-0.9999418238136902f,0.004026034575309826f,-0.010006999237996464f,0.01627780650619677f,0f,0.9277320523361842f,0.3732468875531198f,3.7541345012478815f,0.010786518815208732f,0.3732251734726502f,-0.9276780804234621f,2.3367953598574003f,0f,0f,0f,1f], start_interpolation: 0, interpolation_duration: 1 }
$data merge entity $(bone_jaw_right_tooth1) { transformation: [-0.9999418238136902f,-0.001435832986349584f,-0.010690527198700839f,-0.2975349021732338f,0f,0.9911007788376961f,-0.13311365890588311f,3.124816430057531f,0.010786518815208732f,-0.1331059148608622f,-0.9910431203741348f,2.669495168633146f,0f,0f,0f,1f], start_interpolation: 0, interpolation_duration: 1 }
$data merge entity $(bone_jaw_left_tooth1) { transformation: [-0.9999418238136902f,-0.001435832986349584f,-0.010690527198700839f,0.3371937945835032f,0f,0.9911007788376961f,-0.13311365890588311f,3.124816430057531f,0.010786518815208732f,-0.1331059148608622f,-0.9910431203741348f,2.662648257275836f,0f,0f,0f,1f], start_interpolation: 0, interpolation_duration: 1 }
$data merge entity $(bone_tongue1) { transformation: [-0.9999418238136902f,0.004082763910505971f,-0.009983988531740309f,0.012954041846182596f,0f,0.925598768498241f,0.37850616871398485f,3.38586692671133f,0.010786518815208732f,0.3784841486685944f,-0.9255449206918367f,2.028672660309896f,0f,0f,0f,1f], start_interpolation: 0, interpolation_duration: 1 }
$data merge entity $(bone_jaw_lips1) { transformation: [-0.9999418238136902f,0.004082763910505971f,-0.009983988531740309f,0.06912080500326563f,0f,0.925598768498241f,0.37850616871398485f,2.986210191206565f,0.010786518815208732f,0.3784841486685944f,-0.9255449206918367f,2.7087225183477357f,0f,0f,0f,1f], start_interpolation: 0, interpolation_duration: 1 }
$data merge entity $(bone_jaw3) { transformation: [-0.9999418238136902f,0.0004423711093654121f,-0.01077744385058214f,0.060668526629020635f,0f,0.9991586753073849f,0.04101148080710504f,2.9450695313109145f,0.010786518815208732f,0.04100909491555682f,-0.9991005480661372f,1.9251716065367135f,0f,0f,0f,1f], start_interpolation: 0, interpolation_duration: 1 }
$data merge entity $(bone_jaw1) { transformation: [-0.9999418238136902f,0.007933607241837188f,-0.00730800001937059f,0.05495915161388736f,0f,0.6775123786060137f,0.7355113709764256f,3.519687789886247f,0.010786518815208732f,0.735468581729875f,-0.6774729635196488f,1.3958958537869879f,0f,0f,0f,1f], start_interpolation: 0, interpolation_duration: 1 }
$data merge entity $(bone_tear_right1) { transformation: [-0.9999418238136902f,0.004882881749520533f,-0.009618027550961335f,-0.5113603989869423f,0f,0.8916711420741366f,0.4526837465518333f,3.824197569506491f,0.010786518815208732f,0.45265741113785474f,-0.8916192680476485f,2.312342659304907f,0f,0f,0f,1f], start_interpolation: 0, interpolation_duration: 1 }
$data merge entity $(bone_right_pupil1) { transformation: [-0.9999418238136902f,0.004882881749520533f,-0.009618027550961335f,-0.3491968728386171f,0f,0.8916711420741366f,0.4526837465518333f,3.884750391200147f,0.010786518815208732f,0.45265741113785474f,-0.8916192680476485f,2.4070527423555133f,0f,0f,0f,1f], start_interpolation: 0, interpolation_duration: 1 }
$data merge entity $(bone_right_sad_pupil1) { transformation: [-0.9999418238136902f,0.004882881749520533f,-0.009618027550961335f,-0.34929079888891945f,0f,0.8916711420741366f,0.4526837465518333f,3.889171130912567f,0.010786518815208732f,0.45265741113785474f,-0.8916192680476485f,2.3983455229409856f,0f,0f,0f,1f], start_interpolation: 0, interpolation_duration: 1 }
$data merge entity $(bone_right_happy_pupil1) { transformation: [-0.9999418238136902f,0.004882881749520533f,-0.009618027550961335f,-0.37382233804436327f,0f,0.8916711420741366f,0.4526837465518333f,3.8674020945677547f,0.010786518815208732f,0.45265741113785474f,-0.8916192680476485f,2.3875577974435434f,0f,0f,0f,1f], start_interpolation: 0, interpolation_duration: 1 }
$data merge entity $(bone_eyelid_right1) { transformation: [-0.9999418238136902f,0.004882881749520533f,-0.009618027550961335f,0.02172947873480876f,0f,0.8916711420741366f,0.4526837465518333f,4.066669486549491f,0.010786518815208732f,0.45265741113785474f,-0.8916192680476485f,1.9368266579251083f,0f,0f,0f,1f], start_interpolation: 0, interpolation_duration: 1 }
$data merge entity $(bone_eyelid_expressions_right5) { transformation: [-0.9999418238136902f,0.004882881749520533f,-0.009618027550961335f,-0.4611117965278244f,0f,0.8916711420741366f,0.4526837465518333f,3.9762483908807447f,0.010786518815208732f,0.45265741113785474f,-0.8916192680476485f,2.4437617215013843f,0f,0f,0f,1f], start_interpolation: 0, interpolation_duration: 1 }
$data merge entity $(bone_eyelid_expressions_right7) { transformation: [-0.9999418238136902f,0.004882881749520533f,-0.009618027550961335f,-0.16816009033240734f,0f,0.8916711420741366f,0.4526837465518333f,3.9762483908807447f,0.010786518815208732f,0.45265741113785474f,-0.8916192680476485f,2.4406016085672415f,0f,0f,0f,1f], start_interpolation: 0, interpolation_duration: 1 }
$data merge entity $(bone_eyelid_expressions_right6) { transformation: [-0.9999418238136902f,0.004882881749520533f,-0.009618027550961335f,-0.26581065906421303f,0f,0.8916711420741366f,0.4526837465518333f,3.9762483908807447f,0.010786518815208732f,0.45265741113785474f,-0.8916192680476485f,2.441654979545289f,0f,0f,0f,1f], start_interpolation: 0, interpolation_duration: 1 }
$data merge entity $(bone_right_eye1) { transformation: [-0.9999418238136902f,0.004882881749520533f,-0.009618027550961335f,0.012058347911930545f,0f,0.8916711420741366f,0.4526837465518333f,4.062248746837071f,0.010786518815208732f,0.45265741113785474f,-0.8916192680476485f,1.9456392144374408f,0f,0f,0f,1f], start_interpolation: 0, interpolation_duration: 1 }
$data merge entity $(bone_tear_left1) { transformation: [-0.9999418238136902f,0.004882881749520533f,-0.009618027550961335f,0.5432657433165592f,0f,0.8916711420741366f,0.4526837465518333f,3.824197569506491f,0.010786518815208732f,0.45265741113785474f,-0.8916192680476485f,2.3009662527419916f,0f,0f,0f,1f], start_interpolation: 0, interpolation_duration: 1 }
$data merge entity $(bone_left_sad_pupil1) { transformation: [-0.9999418238136902f,0.004882881749520533f,-0.009618027550961335f,0.3830884665996232f,0f,0.8916711420741366f,0.4526837465518333f,3.889171130912567f,0.010786518815208732f,0.45265741113785474f,-0.8916192680476485f,2.3904452406056276f,0f,0f,0f,1f], start_interpolation: 0, interpolation_duration: 1 }
$data merge entity $(bone_left_pupil1) { transformation: [-0.9999418238136902f,0.004882881749520533f,-0.009618027550961335f,0.38318239264992554f,0f,0.8916711420741366f,0.4526837465518333f,3.884750391200147f,0.010786518815208732f,0.45265741113785474f,-0.8916192680476485f,2.3991524600201553f,0f,0f,0f,1f], start_interpolation: 0, interpolation_duration: 1 }
$data merge entity $(bone_eyelid_left1) { transformation: [-0.9999418238136902f,0.004882881749520533f,-0.009618027550961335f,0.0021993649884476194f,0f,0.8916711420741366f,0.4526837465518333f,4.066669486549491f,0.010786518815208732f,0.45265741113785474f,-0.8916192680476485f,1.9370373321207177f,0f,0f,0f,1f], start_interpolation: 0, interpolation_duration: 1 }
$data merge entity $(bone_left_happy_pupil1) { transformation: [-0.9999418238136902f,0.004882881749520533f,-0.009618027550961335f,0.4073822118100823f,0f,0.8916711420741366f,0.4526837465518333f,3.8674020945677547f,0.010786518815208732f,0.45265741113785474f,-0.8916192680476485f,2.379130829619162f,0f,0f,0f,1f], start_interpolation: 0, interpolation_duration: 1 }
$data merge entity $(bone_eyelid_expressions_left5) { transformation: [-0.9999418238136902f,0.004882881749520533f,-0.009618027550961335f,0.4958637770438713f,0f,0.8916711420741366f,0.4526837465518333f,3.9762483908807447f,0.010786518815208732f,0.45265741113785474f,-0.8916192680476485f,2.4334386859165167f,0f,0f,0f,1f], start_interpolation: 0, interpolation_duration: 1 }
$data merge entity $(bone_eyelid_expressions_left7) { transformation: [-0.9999418238136902f,0.004882881749520533f,-0.009618027550961335f,0.20291207084845428f,0f,0.8916711420741366f,0.4526837465518333f,3.9762483908807447f,0.010786518815208732f,0.45265741113785474f,-0.8916192680476485f,2.43659879885066f,0f,0f,0f,1f], start_interpolation: 0, interpolation_duration: 1 }
$data merge entity $(bone_eyelid_expressions_left6) { transformation: [-0.9999418238136902f,0.004882881749520533f,-0.009618027550961335f,0.30056263958025997f,0f,0.8916711420741366f,0.4526837465518333f,3.9762483908807447f,0.010786518815208732f,0.45265741113785474f,-0.8916192680476485f,2.4355454278726123f,0f,0f,0f,1f], start_interpolation: 0, interpolation_duration: 1 }
$data merge entity $(bone_left_eye1) { transformation: [-0.9999418238136902f,0.004882881749520533f,-0.009618027550961335f,0.012058347911930545f,0f,0.8916711420741366f,0.4526837465518333f,4.062248746837071f,0.010786518815208732f,0.45265741113785474f,-0.8916192680476485f,1.9456392144374408f,0f,0f,0f,1f], start_interpolation: 0, interpolation_duration: 1 }
$data merge entity $(bone_crest_middle5) { transformation: [-0.9999418238136902f,0.0026854157853195824f,-0.010446890935144696f,0.02192933367347807f,0f,0.9685136710107831f,0.24896037649637334f,4.949008408612889f,0.010786518815208732f,0.24894589293112673f,-0.9684573265790152f,2.860708448018508f,0f,0f,0f,1f], start_interpolation: 0, interpolation_duration: 1 }
$data merge entity $(bone_crest_middle4) { transformation: [-0.9999418238136902f,0.0026854157853195824f,-0.010446890935144696f,0.02035584786176738f,0f,0.9685136710107831f,0.24896037649637334f,4.381519929505009f,0.010786518815208732f,0.24894589293112673f,-0.9684573265790152f,2.7148417138791756f,0f,0f,0f,1f], start_interpolation: 0, interpolation_duration: 1 }
$data merge entity $(bone_crest_middle1) { transformation: [-0.9999418238136902f,0.0026854157853195824f,-0.010446890935144696f,0.019940889912301696f,0f,0.9685136710107831f,0.24896037649637334f,3.937669089798563f,0.010786518815208732f,0.24894589293112673f,-0.9684573265790152f,2.67637389901664f,0f,0f,0f,1f], start_interpolation: 0, interpolation_duration: 1 }
$data merge entity $(bone_crest_left5) { transformation: [-0.5413865310031659f,-0.8347817486105379f,0.10020008101339352f,-0.9403497749079666f,-0.7520278137035331f,0.534082920791326f,0.38627658631515555f,4.412864082570907f,-0.37597179610263587f,0.13377169321548796f,-0.9169243930824501f,2.6952705145881053f,0f,0f,0f,1f], start_interpolation: 0, interpolation_duration: 1 }
$data merge entity $(bone_crest_left4) { transformation: [-0.5413865310031659f,-0.8347817486105379f,0.10020008101339352f,-0.5327414992192274f,-0.7520278137035331f,0.534082920791326f,0.38627658631515555f,4.152081406403267f,-0.37597179610263587f,0.13377169321548796f,-0.9169243930824501f,2.6299523050102303f,0f,0f,0f,1f], start_interpolation: 0, interpolation_duration: 1 }
$data merge entity $(bone_crest_left1) { transformation: [-0.5413865310031659f,-0.8347817486105379f,0.10020008101339352f,-0.07947981388088213f,-0.7520278137035331f,0.534082920791326f,0.38627658631515555f,3.884081624060033f,-0.37597179610263587f,0.13377169321548796f,-0.9169243930824501f,2.5133305755935886f,0f,0f,0f,1f], start_interpolation: 0, interpolation_duration: 1 }
$data merge entity $(bone_crest_center1) { transformation: [-0.9999418238136902f,0.004882881749520533f,-0.009618027550961335f,0.018051545396611204f,0f,0.8916711420741366f,0.4526837465518333f,3.8623125877152207f,0.010786518815208732f,0.45265741113785474f,-0.8916192680476485f,2.5012261397443742f,0f,0f,0f,1f], start_interpolation: 0, interpolation_duration: 1 }
$data merge entity $(bone_crest_right5) { transformation: [-0.533150169606243f,0.837473190470173f,-0.11995645831944056f,0.9804157307210629f,0.7520278137035331f,0.534082920791326f,0.38627658631515555f,4.412864082570907f,0.38756298077231044f,0.11573283441925797f,-0.9145495322683f,2.6745509359359656f,0f,0f,0f,1f], start_interpolation: 0, interpolation_duration: 1 }
$data merge entity $(bone_crest_right4) { transformation: [-0.533150169606243f,0.837473190470173f,-0.11995645831944056f,0.5714932744367988f,0.7520278137035331f,0.534082920791326f,0.38627658631515555f,4.152081406403267f,0.38756298077231044f,0.11573283441925797f,-0.9145495322683f,2.618040762879687f,0f,0f,0f,1f], start_interpolation: 0, interpolation_duration: 1 }
$data merge entity $(bone_crest_right1) { transformation: [-0.533150169606243f,0.837473190470173f,-0.11995645831944056f,0.11582132358272926f,0.7520278137035331f,0.534082920791326f,0.38627658631515555f,3.884081624060033f,0.38756298077231044f,0.11573283441925797f,-0.9145495322683f,2.511223833637493f,0f,0f,0f,1f], start_interpolation: 0, interpolation_duration: 1 }
$data merge entity $(bone_head1) { transformation: [-0.9999418238136902f,0.004882881749520533f,-0.009618027550961335f,0.006653993184875114f,0f,0.8916711420741366f,0.4526837465518333f,4.261850801036096f,0.010786518815208732f,0.45265741113785474f,-0.8916192680476485f,1.4446397339851953f,0f,0f,0f,1f], start_interpolation: 0, interpolation_duration: 1 }
$data merge entity $(bone_neck10) { transformation: [-1.3020075830907425f,0.0038878854127795443f,-0.013496105574008405f,-0.004128347660439739f,0f,1.2512012267553103f,0.36043931127230017f,4.143303442291017f,0.014044946373969703f,0.3604183422877744f,-1.2511284366396318f,0.44508522019312524f,0f,0f,0f,1f], start_interpolation: 0, interpolation_duration: 1 }
$data merge entity $(bone_neck9) { transformation: [-0.9999418238136902f,0.004882881749520533f,-0.009618027550961335f,-0.009857688379998945f,0f,0.8916711420741367f,0.4526837465518334f,2.989195364142609f,0.010786518815208732f,0.45265741113785474f,-0.8916192680476485f,-0.0860414117178405f,0f,0f,0f,1f], start_interpolation: 0, interpolation_duration: 1 }
$data merge entity $(bone_neck8) { transformation: [-0.9999418238136902f,-0.002897807177761849f,-0.010389980833060468f,-0.007538495270114417f,0f,0.9632376312560493f,-0.2686508249237938f,2.370120799603087f,0.010786518815208732f,-0.2686351958433507f,-0.9631815937641529f,0.12895456870952987f,0f,0f,0f,1f], start_interpolation: 0, interpolation_duration: 1 }
$data merge entity $(bone_neck7) { transformation: [-0.9999418238136902f,-0.0060974845421150935f,-0.008897734004201265f,-0.002364530559762444f,0f,0.8248939399851297f,-0.5652875266409202f,1.709588116973606f,0.010786518815208732f,-0.5652546403684517f,-0.8248459508015914f,0.6085962211694766f,0f,0f,0f,1f], start_interpolation: 0, interpolation_duration: 1 }
$data merge entity $(bone_neck6) { transformation: [-0.9999418238136902f,-0.004353576862114782f,-0.009868908584869496f,0.0010115550291721776f,0f,0.9149299003636437f,-0.4036127815376675f,0.9779710046983414f,0.010786518815208732f,-0.40358930088529177f,-0.9148766732312998f,0.9215692237651314f,0f,0f,0f,1f], start_interpolation: 0, interpolation_duration: 1 }
$data merge entity $(bone_neck_spine6) { transformation: [-1.099892774074736f,-0.10705925579102539f,-0.060958008538791596f,0.013461977828988406f,-0.06410826240230946f,0.02973434923441174f,1.1045124158128439f,0.31363855638672816f,-0.10520310711808956f,1.101179304991898f,-0.03575083254445888f,-1.3411516769942875f,0f,0f,0f,1f], start_interpolation: 0, interpolation_duration: 1 }
$data merge entity $(bone_neck_spine7) { transformation: [-0.9910382564107115f,-0.13274412241215167f,0.014905445160894499f,0.39789419755047145f,-0.052875719019972366f,0.4923145142624459f,0.8688098626193497f,-0.03317204797231901f,-0.12266756975067888f,0.860235675272515f,-0.49492145873855853f,-4.54877582129319f,0f,0f,0f,1f], start_interpolation: 0, interpolation_duration: 1 }
$data merge entity $(bone_tail6) { transformation: [-1.3827246408842964f,0.19367534621794888f,0.5410699672341633f,0.2289170626824641f,0.5569121970438017f,0.10364676100556575f,1.3861098208298392f,-0.6889272427216945f,0.1418296653005533f,1.4811959664016239f,-0.16774127947622297f,-7.773107212304215f,0f,0f,0f,1f], start_interpolation: 0, interpolation_duration: 1 }
$data merge entity $(bone_tail5) { transformation: [-1.1422507902957233f,0.15999267731047953f,0.4469708424977872f,0.3299650694048723f,0.4600579019057493f,0.08562123735242388f,1.1450472432942151f,-0.6348506717622688f,0.11716363655263098f,1.2235966678969938f,-0.13856888304557552f,-7.0003093167903225f,0f,0f,0f,1f], start_interpolation: 0, interpolation_duration: 1 }
$data merge entity $(bone_tail4) { transformation: [-0.9234195862601214f,0.12934144860468239f,0.36134063898768476f,0.38048907276607635f,0.3719204933301215f,0.06921801082806478f,0.925680297736797f,-0.6078123862825561f,0.09471755039202168f,0.9891813062577802f,-0.1120220022936863f,-6.613910369033377f,0f,0f,0f,1f], start_interpolation: 0, interpolation_duration: 1 }
$data merge entity $(bone_segment18) { transformation: [-0.9234195862601214f,0.08529873148533114f,0.3741929904717342f,0.4221388439991482f,0.3719204933301215f,-0.04173738274075579f,0.9273257990172769f,-0.6281919676989407f,0.09471755039202168f,0.9954808472737913f,0.006816770407591054f,-6.127835736575471f,0f,0f,0f,1f], start_interpolation: 0, interpolation_duration: 1 }
$data merge entity $(bone_segment17) { transformation: [-0.995026300909611f,0.09954990472862163f,-0.003532274997579507f,0.48532970149290217f,-0.004173611818213267f,-0.006234842256771983f,0.9999718534570983f,-0.632149631240837f,0.09952507956553995f,0.9950130367038192f,0.0066193146863881f,-5.496235664449023f,0f,0f,0f,1f], start_interpolation: 0, interpolation_duration: 1 }
$data merge entity $(bone_segment16) { transformation: [-0.9980903999385248f,-0.05709482083027757f,-0.02357403200375762f,0.4379365396708944f,-0.03420036845460023f,0.19298100148448824f,0.9806062756599174f,-0.4719603233679708f,-0.05143819930873618f,0.9795399504361233f,-0.1945651488614348f,-4.683140979028413f,0f,0f,0f,1f], start_interpolation: 0, interpolation_duration: 1 }
$data merge entity $(bone_segment15) { transformation: [-0.9910382564107115f,-0.13207878920934554f,-0.019959152572441807f,0.3025041874542803f,-0.052875719019972366f,0.250674764964262f,0.9666262569102049f,-0.21492076944953808f,-0.12266756975067888f,0.9590189547923991f,-0.2554120429430787f,-3.6997719335869883f,0f,0f,0f,1f], start_interpolation: 0, interpolation_duration: 1 }
$data merge entity $(bone_segment14) { transformation: [-0.9904924754967923f,-0.1301160792556073f,-0.044659398824713384f,0.16908437962382364f,-0.05314255989641789f,0.062470098478824676f,0.9966310024897389f,-0.15086451612652452f,-0.12688784146596524f,0.9895288235898916f,-0.06879086402214765f,-2.685118354710635f,0f,0f,0f,1f], start_interpolation: 0, interpolation_duration: 1 }
$data merge entity $(bone_segment13) { transformation: [-0.9937854711639965f,-0.08569754025058116f,-0.07103779908157047f,0.07876077412509735f,-0.05792370061761607f,-0.14683613415265384f,0.9874634143166343f,-0.3327063295420934f,-0.09505410149022679f,0.9854415666604003f,0.14095969809765407f,-1.6299799016040901f,0f,0f,0f,1f], start_interpolation: 0, interpolation_duration: 1 }
$data merge entity $(bone_segment12) { transformation: [-0.9978378195374253f,-0.048649998184439866f,-0.04419121606666394f,0.021749057502706885f,-0.05055714099104737f,0.13853640992281557f,0.9890660436090752f,-0.17035897416379386f,-0.041995968801873555f,0.9891616858746358f,-0.14069647402135016f,-0.4708060509697512f,0f,0f,0f,1f], start_interpolation: 0, interpolation_duration: 1 }
$data merge entity $(bone_segment11) { transformation: [-1.0349419229458732f,-0.013025409427827974f,-0.016553451374209f,0.0005839472633468474f,-0.02105119548079078f,0.6116219753351766f,0.8348795532111137f,0.5363441692097626f,-0.0007247151098091166f,0.8350433281635132f,-0.6117602281872166f,0.49421640883473467f,0f,0f,0f,1f], start_interpolation: 0, interpolation_duration: 1 }
$data merge entity $(bone_segment10) { transformation: [-0.9999418238136902f,0.0053040650123211165f,-0.009392331046972471f,0.0012969872969734262f,0f,0.8707471991546996f,0.49173093777415117f,1.339914310383676f,0.010786518815208732f,0.49170233074350095f,-0.8706965424034128f,0.9480296293260086f,0f,0f,0f,1f], start_interpolation: 0, interpolation_duration: 1 }