# This file was generated by Animated Java via MC-Build. It is not recommended to edit this file directly.
$data merge entity $(bone_neck_spine5) { transformation: [-1.5720682032073918f,0.005017224343235328f,-0.024404661046895825f,0.09635168380380582f,0f,1.5400571239192726f,0.3166121454116072f,4.379008029963066f,0.024915056109192847f,0.31657238995533127f,-1.539863746392416f,-0.4620581153222685f,0f,0f,0f,1f], start_interpolation: 0, interpolation_duration: 1 }
$data merge entity $(bone_neck_spine2) { transformation: [-1.497207812578468f,0.0036686407754755986f,-0.023443308488501104f,0.013145788175483177f,0f,1.4793909317804503f,0.23150972474131412f,5.686254535687127f,0.02372862486589794f,0.23148065518453062f,-1.479205171814019f,1.3748816308841039f,0f,0f,0f,1f], start_interpolation: 0, interpolation_duration: 1 }
$data merge entity $(bone_scale_neck_left1) { transformation: [-1.5889041577089116f,0.42851945927569396f,0.06935222761435594f,0.7964420317802646f,0.4089775987146784f,1.3895242977952285f,0.7842286850300277f,4.800571714535036f,0.1455196969574299f,0.7737237101811069f,-1.446800165516535f,1.1896731571311778f,0f,0f,0f,1f], start_interpolation: 0, interpolation_duration: 1 }
$data merge entity $(bone_scale_neck_right1) { transformation: [-1.5927175679719594f,-0.4037855513229428f,-0.1151653509263374f,-0.7756261714271265f,-0.4089775987146784f,1.3895242977952285f,0.7842286850300277f,4.800571714535036f,-0.09509549548077913f,0.7869145666571294f,-1.4438758230401116f,1.2145882132403707f,0f,0f,0f,1f], start_interpolation: 0, interpolation_duration: 1 }
$data merge entity $(bone_blush_right1) { transformation: [-0.9998744348350117f,0.00709972759063881f,-0.014167160319011742f,-0.6331709218312721f,0f,0.8940192257976745f,0.44802859719456234f,4.092934720265466f,0.015846594693051844f,0.447972340409836f,-0.8939069681260843f,2.407412684053885f,0f,0f,0f,1f], start_interpolation: 0, interpolation_duration: 1 }
$data merge entity $(bone_blush_left1) { transformation: [-0.9998744348350117f,0.00709972759063881f,-0.014167160319011742f,0.6918579923006721f,0f,0.8940192257976745f,0.44802859719456234f,4.092934720265466f,0.015846594693051844f,0.447972340409836f,-0.8939069681260843f,2.3864128510475653f,0f,0f,0f,1f], start_interpolation: 0, interpolation_duration: 1 }
$data merge entity $(bone_left_head_scales) { transformation: [-0.8803577888858253f,0.00709972759063881f,-0.47425705837256593f,0.7027010785762611f,-0.20687658344422677f,0.8940192257976745f,0.39740621928521863f,4.92165628438126f,0.4268164040550746f,0.447972340409836f,-0.7855880214573218f,2.361881145917325f,0f,0f,0f,1f], start_interpolation: 0, interpolation_duration: 1 }
$data merge entity $(bone_left_head_scales2) { transformation: [-0.8109232379984075f,0.00709972759063881f,-0.5851094734682706f,0.69870897483763f,-0.25697864616221533f,0.8940192257976745f,0.367003541291855f,4.042962318805164f,0.52570474364496f,0.447972340409836f,-0.7231564870323164f,2.109990910394571f,0f,0f,0f,1f], start_interpolation: 0, interpolation_duration: 1 }
$data merge entity $(bone_left_head_scales1) { transformation: [-0.9998744348350117f,0.00709972759063881f,-0.014167160319011742f,0.7019037458878592f,0f,0.8940192257976745f,0.44802859719456234f,4.82125373460906f,0.015846594693051844f,0.447972340409836f,-0.8939069681260843f,2.3115717522189545f,0f,0f,0f,1f], start_interpolation: 0, interpolation_duration: 1 }
$data merge entity $(bone_right_head_scales) { transformation: [-0.8934411221473894f,0.00709972759063881f,0.4491242090158939f,-0.6447859527443602f,0.20687658344422677f,0.8940192257976745f,0.39740621928521863f,4.92165628438126f,-0.39870420173163157f,0.447972340409836f,-0.8002223077053504f,2.383236908296633f,0f,0f,0f,1f], start_interpolation: 0, interpolation_duration: 1 }
$data merge entity $(bone_right_head_scales2) { transformation: [-0.8271751366563929f,0.00709972759063881f,0.5618993567940939f,-0.6487780564829914f,0.25697864616221533f,0.8940192257976745f,0.367003541291855f,4.042962318805164f,-0.49974320276929496f,0.447972340409836f,-0.7413349536569966f,2.1313466727738795f,0f,0f,0f,1f], start_interpolation: 0, interpolation_duration: 1 }
$data merge entity $(bone_right_head_scales1) { transformation: [-0.9998744348350117f,0.00709972759063881f,-0.014167160319011742f,-0.6455832854327621f,0f,0.8940192257976745f,0.44802859719456234f,4.82125373460906f,0.015846594693051844f,0.447972340409836f,-0.8939069681260843f,2.332927514598263f,0f,0f,0f,1f], start_interpolation: 0, interpolation_duration: 1 }
$data merge entity $(bone_head_left_fin1) { transformation: [-0.7153150603903959f,0.023799204220065255f,-0.7657892401192048f,0.6977204770648484f,-0.07987689807732451f,1.0396453815395026f,0.10692221388608106f,4.482481116940442f,0.7619837554419401f,0.131325079658258f,-0.7076790783402626f,2.0476195510558384f,0f,0f,0f,1f], start_interpolation: 0, interpolation_duration: 1 }
$data merge entity $(bone_head_right_fin1) { transformation: [-0.7391024714421379f,-0.019625663561865382f,0.7429788476552034f,-0.6497665542557729f,0.07987689807732451f,1.0396453815395026f,0.10692221388608106f,4.482481116940442f,-0.738933295965774f,0.13201330235439396f,-0.731590917207027f,2.0689753134351467f,0f,0f,0f,1f], start_interpolation: 0, interpolation_duration: 1 }
$data merge entity $(bone_right_whisker16) { transformation: [0.25658260230504365f,0.9145697655781275f,-0.31261399854251704f,-1.1754555036622776f,0.9523273525528277f,-0.29445461608997386f,-0.07980659523516102f,1.7459812312057574f,-0.16503933402099832f,-0.27723387771640573f,-0.9465217352349762f,2.1541687339426345f,0f,0f,0f,1f], start_interpolation: 0, interpolation_duration: 1 }
$data merge entity $(bone_right_whisker15) { transformation: [-0.8732547443814959f,0.3737628115937535f,-0.31261399854251704f,-0.8812437001353087f,0.41623917910592567f,0.9057460202143848f,-0.07980659523516102f,1.605744398401515f,0.25332014762437166f,-0.19981368205239644f,-0.9465217352349762f,2.068821613893408f,0f,0f,0f,1f], start_interpolation: 0, interpolation_duration: 1 }
$data merge entity $(bone_right_whisker14) { transformation: [-0.7077975487794576f,-0.6334785851605804f,-0.31261399854251704f,-0.6427767525484801f,-0.64497439285563f,0.7600256179350029f,-0.07980659523516102f,1.823045341306976f,0.2881504164534615f,0.14514111142424924f,-0.9465217352349762f,1.9717396864750054f,0f,0f,0f,1f], start_interpolation: 0, interpolation_duration: 1 }
$data merge entity $(bone_right_whisker13) { transformation: [-0.0958587732314676f,-0.9917327798384802f,-0.08530644165828849f,-0.6104805838328001f,-0.9893462857745853f,0.08549225086008809f,0.1178346378061596f,2.1563700176665774f,-0.10956743320253112f,0.09569309503154676f,-0.9893623245023495f,2.0086544955129675f,0f,0f,0f,1f], start_interpolation: 0, interpolation_duration: 1 }
$data merge entity $(bone_right_whisker12) { transformation: [0.061864653881407425f,-0.9961234488959366f,-0.0625367025017976f,-0.6382713463185886f,-0.9409496700496176f,-0.07910370768512998f,0.3291752145347244f,2.5790622522591793f,-0.33284603502768345f,0.03847957887152875f,-0.9421957540639949f,2.15817517531056f,0f,0f,0f,1f], start_interpolation: 0, interpolation_duration: 1 }
$data merge entity $(bone_right_whisker11) { transformation: [0.29156276774372897f,-0.955670932998236f,-0.04103925301339967f,-0.7692468083909669f,-0.9556450780497663f,-0.29288572047283074f,0.03099095904239854f,3.008355939664348f,-0.041636969929055384f,0.030183150355660153f,-0.9986767946486663f,2.176879282895878f,0f,0f,0f,1f], start_interpolation: 0, interpolation_duration: 1 }
$data merge entity $(bone_right_whisker10) { transformation: [0.07389698775448131f,-0.9946835621061231f,0.0717206140289443f,-0.8024427208588003f,-0.973660954024445f,-0.08751564594662856f,-0.21053588369385579f,3.4457426963550164f,0.21569325860819671f,-0.05427359385943713f,-0.974951688649524f,2.079985826880477f,0f,0f,0f,1f], start_interpolation: 0, interpolation_duration: 1 }
$data merge entity $(bone_right_whisker1) { transformation: [-0.3411794022386663f,-0.9390966586535023f,0.041159217605463566f,-0.6491785362593995f,-0.938202027391662f,0.3429064374241604f,0.04682019832557527f,3.8672006383473647f,-0.058082452481297286f,-0.022641574125884967f,-0.9980550024096166f,2.10607755358106f,0f,0f,0f,1f], start_interpolation: 0, interpolation_duration: 1 }
$data merge entity $(bone_left_whisker16) { transformation: [0.26168370513401357f,-0.9228957645251319f,0.2824624688147206f,1.2258451223475784f,-0.9523273525528277f,-0.29445461608997386f,-0.07980659523516102f,1.7459812312057574f,0.15682554653836647f,-0.24811264958659088f,-0.9559528550446743f,2.116111517525426f,0f,0f,0f,1f], start_interpolation: 0, interpolation_duration: 1 }
$data merge entity $(bone_left_whisker15) { transformation: [-0.8808436857249187f,-0.37990703471985576f,0.2824624688147206f,0.9290764977625228f,-0.41623917910592567f,0.9057460202143848f,-0.07980659523516102f,1.605744398401515f,-0.22552017004198496f,-0.1878690816397684f,-0.9559528550446743f,2.0401306008608904f,0f,0f,0f,1f], start_interpolation: 0, interpolation_duration: 1 }
$data merge entity $(bone_left_whisker14) { transformation: [-0.7165733312429442f,0.6377598408981885f,0.2824624688147206f,0.6876528656543046f,0.64497439285563f,0.7600256179350029f,-0.07980659523516102f,1.823045341306976f,-0.26557615388415684f,0.12499378152545998f,-0.9559528550446743f,1.9506542599526542f,0f,0f,0f,1f], start_interpolation: 0, interpolation_duration: 1 }
$data merge entity $(bone_left_whisker13) { transformation: [-0.09233852478269597f,0.9942671413178215f,0.053911487983941575f,0.6565427181445096f,0.9893462857745853f,0.08549225086008809f,0.1178346378061596f,2.1563700176665774f,0.11255009402478736f,0.0642178070208178f,-0.9915687316552738f,1.9885739693653022f,0f,0f,0f,1f], start_interpolation: 0, interpolation_duration: 1 }
$data merge entity $(bone_left_whisker12) { transformation: [0.07238121149390753f,0.996842554134939f,0.032647855801035776f,0.6890577154952884f,0.9409496700496176f,-0.07910370768512998f,0.3291752145347244f,2.5790622522591793f,0.3307184280565425f,0.006893888322021799f,-0.9437042946005983f,2.137138888218827f,0f,0f,0f,1f], start_interpolation: 0, interpolation_duration: 1 }
$data merge entity $(bone_left_whisker11) { transformation: [0.29273577910607945f,0.9561474474049297f,0.009371363411668304f,0.8205601162655976f,0.9556450780497663f,-0.29288572047283074f,0.03099095904239854f,3.008355939664348f,0.03237666490565927f,-0.00011646522154468847f,-0.9994757315740281f,2.151683093156916f,0f,0f,0f,1f], start_interpolation: 0, interpolation_duration: 1 }
$data merge entity $(bone_left_whisker10) { transformation: [0.06702472560486164f,0.9924641157455535f,-0.10258004247898037f,0.8506688797209064f,0.973660954024445f,-0.08751564594662856f,-0.21053588369385579f,3.4457426963550164f,-0.2179266683217118f,-0.08576707218939439f,-0.9721892699275475f,2.0537863476217724f,0f,0f,0f,1f], start_interpolation: 0, interpolation_duration: 1 }
$data merge entity $(bone_left_whisker1) { transformation: [-0.3391674649815587f,0.9379075233654541f,-0.07276612063634617f,0.6983084950612218f,0.938202027391662f,0.3429064374241604f,0.04682019832557527f,3.8672006383473647f,0.06886498744760583f,-0.052389433930427096f,-0.9962494470343712f,2.0847217912017517f,0f,0f,0f,1f], start_interpolation: 0, interpolation_duration: 1 }
$data merge entity $(bone_upper_left_tooth1) { transformation: [-0.9998744348350117f,0.005837961603461447f,-0.014732032028283427f,0.3494885851696692f,0f,0.9296654778924139f,0.36840480346362264f,3.8403458140181232f,0.015846594693051844f,0.3683585446536932f,-0.9295487442932981f,3.1079374285079564f,0f,0f,0f,1f], start_interpolation: 0, interpolation_duration: 1 }
$data merge entity $(bone_upper_right_tooth1) { transformation: [-0.9998744348350117f,0.005837961603461447f,-0.014732032028283427f,-0.32425493049064136f,0f,0.9296654778924139f,0.36840480346362264f,3.8403458140181232f,0.015846594693051844f,0.3683585446536932f,-0.9295487442932981f,3.118615309697611f,0f,0f,0f,1f], start_interpolation: 0, interpolation_duration: 1 }
$data merge entity $(bone_top_lip1) { transformation: [-0.9998744348350117f,-0.0020729600984644245f,-0.01571042328506884f,0.041411026654100326f,0f,0.991406897783364f,-0.13081423098259354f,3.9551921840897935f,0.015846594693051844f,-0.13079780527209728f,-0.9912824116126729f,3.1583366820614946f,0f,0f,0f,1f], start_interpolation: 0, interpolation_duration: 1 }
$data merge entity $(bone_muzzle1) { transformation: [-0.9998744348350117f,0.005837961603461447f,-0.014732032028283427f,0.034122091068489124f,0f,0.9296654778924139f,0.36840480346362264f,4.318668802183567f,0.015846594693051844f,0.3683585446536932f,-0.9295487442932981f,2.698425862710045f,0f,0f,0f,1f], start_interpolation: 0, interpolation_duration: 1 }
$data merge entity $(bone_jaw_right_tooth1) { transformation: [-0.9998744348350117f,-0.0021744228846654703f,-0.015696701834605316f,-0.32476961675029997f,0f,0.9905410050960511f,-0.13721704421574416f,3.5953690652519708f,0.015846594693051844f,-0.1371998145349479f,-0.9904166276513183f,3.0861400907018792f,0f,0f,0f,1f], start_interpolation: 0, interpolation_duration: 1 }
$data merge entity $(bone_jaw_left_tooth1) { transformation: [-0.9998744348350117f,-0.0021744228846654703f,-0.015696701834605316f,0.40511919188170314f,0f,0.9905410050960511f,-0.13721704421574416f,3.5953690652519708f,0.015846594693051844f,-0.1371998145349479f,-0.9904166276513183f,3.0745723860797542f,0f,0f,0f,1f], start_interpolation: 0, interpolation_duration: 1 }
$data merge entity $(bone_tongue1) { transformation: [-0.9998744348350117f,0.005963489639660869f,-0.014681667299169952f,0.02855211975083423f,0f,0.9264872096215937f,0.3763262552727272f,3.893940378171537f,0.015846594693051844f,0.3762790018043944f,-0.9263708751022578f,2.346976732397565f,0f,0f,0f,1f], start_interpolation: 0, interpolation_duration: 1 }
$data merge entity $(bone_jaw_lips1) { transformation: [-0.9998744348350117f,0.005963489639660869f,-0.014681667299169952f,0.0971177883133035f,0f,0.9264872096215937f,0.3763262552727272f,3.436178906124592f,0.015846594693051844f,0.3762790018043944f,-0.9263708751022578f,3.1297767972230215f,0f,0f,0f,1f], start_interpolation: 0, interpolation_duration: 1 }
$data merge entity $(bone_jaw3) { transformation: [-0.9998744348350117f,0.0005843151538146496f,-0.015835818234839694f,0.08284107915988848f,0f,0.9993199511680029f,0.03687323145021504f,3.385135604753709f,0.015846594693051844f,0.03686860145682441f,-0.9991944713934581f,2.228957613506931f,0f,0f,0f,1f], start_interpolation: 0, interpolation_duration: 1 }
$data merge entity $(bone_jaw1) { transformation: [-0.9998744348350117f,0.011610787667105132f,-0.010784441251880331f,0.07315193272265223f,0f,0.6805526020431961f,0.7326992260486125f,4.043420065656759f,0.015846594693051844f,0.7326072245494067f,-0.6804671483434371f,1.6176004099171242f,0f,0f,0f,1f], start_interpolation: 0, interpolation_duration: 1 }
$data merge entity $(bone_tear_right1) { transformation: [-0.9998744348350117f,0.00709972759063881f,-0.014167160319011742f,-0.572803029789023f,0f,0.8940192257976745f,0.44802859719456234f,4.399059504029067f,0.015846594693051844f,0.447972340409836f,-0.8939069681260843f,2.672956687004235f,0f,0f,0f,1f], start_interpolation: 0, interpolation_duration: 1 }
$data merge entity $(bone_right_pupil1) { transformation: [-0.9998744348350117f,0.00709972759063881f,-0.014167160319011742f,-0.38577196651647727f,0f,0.8940192257976745f,0.44802859719456234f,4.469272626841867f,0.015846594693051844f,0.447972340409836f,-0.8939069681260843f,2.780563634696004f,0f,0f,0f,1f], start_interpolation: 0, interpolation_duration: 1 }
$data merge entity $(bone_right_sad_pupil1) { transformation: [-0.9998744348350117f,0.00709972759063881f,-0.014167160319011742f,-0.3859310703677162f,0f,0.8940192257976745f,0.44802859719456234f,4.474304198001767f,0.015846594693051844f,0.447972340409836f,-0.8939069681260843f,2.770524640425057f,0f,0f,0f,1f], start_interpolation: 0, interpolation_duration: 1 }
$data merge entity $(bone_right_happy_pupil1) { transformation: [-0.9998744348350117f,0.00709972759063881f,-0.014167160319011742f,-0.41420268814432326f,0f,0.8940192257976745f,0.44802859719456234f,4.449203881846876f,0.015846594693051844f,0.447972340409836f,-0.8939069681260843f,2.7583923590118897f,0f,0f,0f,1f], start_interpolation: 0, interpolation_duration: 1 }
$data merge entity $(bone_eyelid_right1) { transformation: [-0.9998744348350117f,0.00709972759063881f,-0.014167160319011742f,0.03803418593804547f,0f,0.8940192257976745f,0.44802859719456234f,4.675681481110661f,0.015846594693051844f,0.447972340409836f,-0.8939069681260843f,2.2365685839036114f,0f,0f,0f,1f], start_interpolation: 0, interpolation_duration: 1 }
$data merge entity $(bone_eyelid_expressions_right5) { transformation: [-0.9998744348350117f,0.00709972759063881f,-0.014167160319011742f,-0.5142675521843323f,0f,0.8940192257976745f,0.44802859719456234f,4.574706747773967f,0.015846594693051844f,0.447972340409836f,-0.8939069681260843f,2.822880622323241f,0f,0f,0f,1f], start_interpolation: 0, interpolation_duration: 1 }
$data merge entity $(bone_eyelid_expressions_right7) { transformation: [-0.9998744348350117f,0.00709972759063881f,-0.014167160319011742f,-0.17739579435417685f,0f,0.8940192257976745f,0.44802859719456234f,4.574706747773967f,0.015846594693051844f,0.447972340409836f,-0.8939069681260843f,2.8175416817284136f,0f,0f,0f,1f], start_interpolation: 0, interpolation_duration: 1 }
$data merge entity $(bone_eyelid_expressions_right6) { transformation: [-0.9998744348350117f,0.00709972759063881f,-0.014167160319011742f,-0.289686380297562f,0f,0.8940192257976745f,0.44802859719456234f,4.574706747773967f,0.015846594693051844f,0.447972340409836f,-0.8939069681260843f,2.819321328593356f,0f,0f,0f,1f], start_interpolation: 0, interpolation_duration: 1 }
$data merge entity $(bone_right_eye1) { transformation: [-0.9998744348350117f,0.00709972759063881f,-0.014167160319011742f,0.026964231194945863f,0f,0.8940192257976745f,0.44802859719456234f,4.670649909950761f,0.015846594693051844f,0.447972340409836f,-0.8939069681260843f,2.246785542861053f,0f,0f,0f,1f], start_interpolation: 0, interpolation_duration: 1 }
$data merge entity $(bone_tear_left1) { transformation: [-0.9998744348350117f,0.00709972759063881f,-0.014167160319011742f,0.6399352983995361f,0f,0.8940192257976745f,0.44802859719456234f,4.399059504029067f,0.015846594693051844f,0.447972340409836f,-0.8939069681260843f,2.6537365008628577f,0f,0f,0f,1f], start_interpolation: 0, interpolation_duration: 1 }
$data merge entity $(bone_left_sad_pupil1) { transformation: [-0.9998744348350117f,0.00709972759063881f,-0.014167160319011742f,0.4562483242076721f,0f,0.8940192257976745f,0.44802859719456234f,4.474304198001767f,0.015846594693051844f,0.447972340409836f,-0.8939069681260843f,2.7571772889379895f,0f,0f,0f,1f], start_interpolation: 0, interpolation_duration: 1 }
$data merge entity $(bone_left_pupil1) { transformation: [-0.9998744348350117f,0.00709972759063881f,-0.014167160319011742f,0.456407428058911f,0f,0.8940192257976745f,0.44802859719456234f,4.469272626841867f,0.015846594693051844f,0.447972340409836f,-0.8939069681260843f,2.7672162832089366f,0f,0f,0f,1f], start_interpolation: 0, interpolation_duration: 1 }
$data merge entity $(bone_eyelid_left1) { transformation: [-0.9998744348350117f,0.00709972759063881f,-0.014167160319011742f,0.015576068749368451f,0f,0.8940192257976745f,0.44802859719456234f,4.675681481110661f,0.015846594693051844f,0.447972340409836f,-0.8939069681260843f,2.2369245132766f,0f,0f,0f,1f], start_interpolation: 0, interpolation_duration: 1 }
$data merge entity $(bone_left_happy_pupil1) { transformation: [-0.9998744348350117f,0.00709972759063881f,-0.014167160319011742f,0.48412199940275746f,0f,0.8940192257976745f,0.44802859719456234f,4.449203881846876f,0.015846594693051844f,0.447972340409836f,-0.8939069681260843f,2.744155184092351f,0f,0f,0f,1f], start_interpolation: 0, interpolation_duration: 1 }
$data merge entity $(bone_eyelid_expressions_left5) { transformation: [-0.9998744348350117f,0.00709972759063881f,-0.014167160319011742f,0.5861801900608418f,0f,0.8940192257976745f,0.44802859719456234f,4.574706747773967f,0.015846594693051844f,0.447972340409836f,-0.8939069681260843f,2.805440083046806f,0f,0f,0f,1f], start_interpolation: 0, interpolation_duration: 1 }
$data merge entity $(bone_eyelid_expressions_left7) { transformation: [-0.9998744348350117f,0.00709972759063881f,-0.014167160319011742f,0.24930843223068644f,0f,0.8940192257976745f,0.44802859719456234f,4.574706747773967f,0.015846594693051844f,0.447972340409836f,-0.8939069681260843f,2.8107790236416332f,0f,0f,0f,1f], start_interpolation: 0, interpolation_duration: 1 }
$data merge entity $(bone_eyelid_expressions_left6) { transformation: [-0.9998744348350117f,0.00709972759063881f,-0.014167160319011742f,0.3615990181740716f,0f,0.8940192257976745f,0.44802859719456234f,4.574706747773967f,0.015846594693051844f,0.447972340409836f,-0.8939069681260843f,2.8089993767766908f,0f,0f,0f,1f], start_interpolation: 0, interpolation_duration: 1 }
$data merge entity $(bone_left_eye1) { transformation: [-0.9998744348350117f,0.00709972759063881f,-0.014167160319011742f,0.026964231194945863f,0f,0.8940192257976745f,0.44802859719456234f,4.670649909950761f,0.015846594693051844f,0.447972340409836f,-0.8939069681260843f,2.246785542861053f,0f,0f,0f,1f], start_interpolation: 0, interpolation_duration: 1 }
$data merge entity $(bone_crest_middle5) { transformation: [-0.9998744348350117f,0.0038651009883337827f,-0.015368004350462686f,0.04355656094985664f,0f,0.9697985370447446f,0.2439073544317059f,5.695896617419416f,0.015846594693051844f,0.24387672816450479f,-0.969676764131435f,3.293713709930396f,0f,0f,0f,1f], start_interpolation: 0, interpolation_duration: 1 }
$data merge entity $(bone_crest_middle4) { transformation: [-0.9998744348350117f,0.0038651009883337827f,-0.015368004350462686f,0.04095214719795204f,0f,0.9697985370447446f,0.2439073544317059f,5.042419087574813f,0.015846594693051844f,0.24387672816450479f,-0.969676764131435f,3.129382711460173f,0f,0f,0f,1f], start_interpolation: 0, interpolation_duration: 1 }
$data merge entity $(bone_crest_middle1) { transformation: [-0.9998744348350117f,0.0038651009883337827f,-0.015368004350462686f,0.04029326660145816f,0f,0.9697985370447446f,0.2439073544317059f,4.531766898123352f,0.015846594693051844f,0.24387672816450479f,-0.969676764131435f,3.087809245563937f,0f,0f,0f,1f], start_interpolation: 0, interpolation_duration: 1 }
$data merge entity $(bone_crest_left5) { transformation: [-0.5432199917504f,-0.8341382602466764f,0.09552697710774291f,-1.06396203945402f,-0.7540081674300174f,0.5347261329643359f,0.38149658736853065f,5.078284900852352f,-0.36930167074022624f,0.13520845209400048f,-0.9194209865294689f,3.1122795840454085f,0f,0f,0f,1f], start_interpolation: 0, interpolation_duration: 1 }
$data merge entity $(bone_crest_left4) { transformation: [-0.5432199917504f,-0.8341382602466764f,0.09552697710774291f,-0.5955738562100366f,-0.7540081674300174f,0.5347261329643359f,0.38149658736853065f,4.778023644549136f,-0.36930167074022624f,0.13520845209400048f,-0.9194209865294689f,3.0363568692465313f,0f,0f,0f,1f], start_interpolation: 0, interpolation_duration: 1 }
$data merge entity $(bone_crest_left1) { transformation: [-0.5432199917504f,-0.8341382602466764f,0.09552697710774291f,-0.07498279098570332f,-0.7540081674300174f,0.5347261329643359f,0.38149658736853065f,4.469158190128969f,-0.36930167074022624f,0.13520845209400048f,-0.9194209865294689f,2.9012142396811997f,0f,0f,0f,1f], start_interpolation: 0, interpolation_duration: 1 }
$data merge entity $(bone_crest_center1) { transformation: [-0.9998744348350117f,0.00709972759063881f,-0.014167160319011742f,0.03710846433704593f,0f,0.8940192257976745f,0.44802859719456234f,4.444057873974078f,0.015846594693051844f,0.447972340409836f,-0.8939069681260843f,2.8868574053817246f,0f,0f,0f,1f], start_interpolation: 0, interpolation_duration: 1 }
$data merge entity $(bone_crest_right5) { transformation: [-0.531244292715307f,0.8380039807252536f,-0.12461472523759676f,1.1447694291695285f,0.7540081674300174f,0.5347261329643359f,0.38149658736853065f,5.078284900852352f,0.38633040898464144f,0.10870736411870291f,-0.9159320521087377f,3.077274316234114f,0f,0f,0f,1f], start_interpolation: 0, interpolation_duration: 1 }
$data merge entity $(bone_crest_right4) { transformation: [-0.531244292715307f,0.8380039807252536f,-0.12461472523759676f,0.6742105532740004f,0.7540081674300174f,0.5347261329643359f,0.38149658736853065f,4.778023644549136f,0.38633040898464144f,0.10870736411870291f,-0.9159320521087377f,3.016232583452616f,0f,0f,0f,1f], start_interpolation: 0, interpolation_duration: 1 }
$data merge entity $(bone_crest_right1) { transformation: [-0.531244292715307f,0.8380039807252536f,-0.12461472523759676f,0.14959838090106686f,0.7540081674300174f,0.5347261329643359f,0.38149658736853065f,4.469158190128969f,0.38633040898464144f,0.10870736411870291f,-0.9159320521087377f,2.8976549459513152f,0f,0f,0f,1f], start_interpolation: 0, interpolation_duration: 1 }
$data merge entity $(bone_head1) { transformation: [-1.0480454688049272f,0.0074417717584169775f,-0.014849692782297457f,0.01781485303260538f,0f,0.9370904645405307f,0.46961330825732095f,4.8971850488591535f,0.016610037406128552f,0.46955434118478884f,-0.9369727986217415f,1.66948616110977f,0f,0f,0f,1f], start_interpolation: 0, interpolation_duration: 1 }
$data merge entity $(bone_neck10) { transformation: [-1.497207812578468f,0.0066972208351157745f,-0.022763894023479402f,-0.00041358770965842576f,0f,1.436516454444345f,0.4226283920830175f,4.767352841885f,0.02372862486589794f,0.4225753246792368f,-1.436336078018734f,0.5193241081176511f,0f,0f,0f,1f], start_interpolation: 0, interpolation_duration: 1 }
$data merge entity $(bone_neck9) { transformation: [-1.1453639766225288f,0.008132793421698562f,-0.01622859282636795f,-0.009983393402687578f,0f,1.0241060076764381f,0.513220258309787f,3.4369618390469023f,0.018152398022411937f,0.5131558157233769f,-1.0239774156366186f,-0.08450303860642647f,0f,0f,0f,1f], start_interpolation: 0, interpolation_duration: 1 }
$data merge entity $(bone_neck8) { transformation: [-1.0630175469307124f,-0.004610595329007026f,-0.016204157646767768f,-0.006033272284162415f,0f,1.0225640246779775f,-0.2909518049974865f,2.6831647299062746f,0.01684732365478754f,-0.2909152715860884f,-1.0224356262575076f,0.16473821463563176f,0f,0f,0f,1f], start_interpolation: 0, interpolation_duration: 1 }
$data merge entity $(bone_neck7) { transformation: [-1.05553150786782f,-0.009468492188624299f,-0.013791171377518544f,0.0028251012949038826f,0f,0.8702924284146345f,-0.5975095831015285f,1.9083247441166256f,0.016728680530458048f,-0.5974345567121442f,-0.8701831500022724f,0.7236760462323408f,0f,0f,0f,1f], start_interpolation: 0, interpolation_duration: 1 }
$data merge entity $(bone_neck6) { transformation: [-1.049542676617506f,-0.006649740583978906f,-0.015246741374459293f,0.008571486221309889f,0f,0.9621462320320744f,-0.4196321489117517f,1.0545592633620333f,0.016633766030994455f,-0.41957945773173927f,-0.9620254199817063f,1.086256366605771f,0f,0f,0f,1f], start_interpolation: 0, interpolation_duration: 1 }
$data merge entity $(bone_neck_spine6) { transformation: [-1.2645748426402856f,-0.12758599540704202f,-0.06751036701130256f,-0.0022996797198968355f,-0.06999527864681801f,0.021398767967804447f,1.2706801809319779f,0.2575223598150045f,-0.1262398385818075f,1.2661948013722708f,-0.02827714004960285f,-1.5358077566515835f,0f,0f,0f,1f], start_interpolation: 0, interpolation_duration: 1 }
$data merge entity $(bone_neck_spine7) { transformation: [-0.9858526462546823f,-0.16325463556165298f,0.03798004529054903f,0.5041948724849235f,-0.04832234617255088f,0.49379490433079265f,0.8682347282373145f,-0.1207107658179328f,-0.1604976969710794f,0.8541162195067927f,-0.49469786015547346f,-5.221952506781187f,0f,0f,0f,1f], start_interpolation: 0, interpolation_duration: 1 }
$data merge entity $(bone_tail6) { transformation: [-1.6214251109973628f,0.09534549917177891f,0.5720068030557002f,0.5572866069721154f,0.5789659047646654f,0.16985660004870892f,1.612838849379271f,-0.9656699479607171f,0.03287899138280187f,1.710952924172581f,-0.19199218921110403f,-8.931943553623395f,0f,0f,0f,1f], start_interpolation: 0, interpolation_duration: 1 }
$data merge entity $(bone_tail5) { transformation: [-1.3394381351717344f,0.07876367322886084f,0.4725273590460132f,0.6070320848008696f,0.4782761821968975f,0.14031632177936823f,1.3323451364437455f,-0.8770491131526951f,0.027160905924923283f,1.4133958938816973f,-0.1586022432613468f,-8.039272462750743f,0f,0f,0f,1f], start_interpolation: 0, interpolation_duration: 1 }
$data merge entity $(bone_tail4) { transformation: [-0.9869544153896989f,0.058036390800213236f,0.3481780540339044f,0.6319048237152467f,0.3524140289871876f,0.10339097394269238f,0.9817279952743386f,-0.8327386957486841f,0.020013299102575047f,1.0414496060180927f,-0.11686481082415026f,-7.592936917314418f,0f,0f,0f,1f], start_interpolation: 0, interpolation_duration: 1 }
$data merge entity $(bone_segment18) { transformation: [-0.9415912931916631f,0.01706791808747009f,0.33632502547061716f,0.6414888597506914f,0.33621611709585103f,-0.008978983653503247f,0.9417420562221582f,-0.8377806055150555f,0.019093433181090233f,0.9998140147170922f,0.0027160236835697647f,-7.031517914909801f,0f,0f,0f,1f], start_interpolation: 0, interpolation_duration: 1 }
$data merge entity $(bone_segment17) { transformation: [-0.9995984650443788f,0.027677892391517377f,-0.006069839675457491f,0.6616931806126634f,-0.0054961022060979695f,0.02075825493492961f,0.9997694172721009f,-0.8226274848472236f,0.02779750962698456f,0.9994013353627362f,-0.02059779924452229f,-6.301974459652334f,0f,0f,0f,1f], start_interpolation: 0, interpolation_duration: 1 }
$data merge entity $(bone_segment16) { transformation: [-0.9935207137718313f,-0.1130994281242979f,-0.01118528784912783f,0.5537296151912754f,-0.034495240838708696f,0.2063130823928796f,0.977877799314939f,-0.6256831117622236f,-0.10828974866436135f,0.9719276883552119f,-0.20887771289130821f,-5.374182159489033f,0f,0f,0f,1f], start_interpolation: 0, interpolation_duration: 1 }
$data merge entity $(bone_segment15) { transformation: [-0.9858526462546823f,-0.16752182780546077f,-0.0055675022548572345f,0.356188006719504f,-0.04832234617255088f,0.25225356769582397f,0.966453872900879f,-0.3282259018084077f,-0.1604976969710794f,0.9530501428536939f,-0.2567798949947866f,-4.250346175606381f,0f,0f,0f,1f], start_interpolation: 0, interpolation_duration: 1 }
$data merge entity $(bone_segment14) { transformation: [-1.0357791823058526f,-0.15557030019454865f,-0.040429756669676464f,0.18117141900063674f,-0.04976710997720688f,0.05969548562626571f,1.0452917687351857f,-0.2610684804788588f,-0.1528395180949869f,1.0348475871926237f,-0.0663758315599122f,-3.0861426400146796f,0f,0f,0f,1f], start_interpolation: 0, interpolation_duration: 1 }
$data merge entity $(bone_segment13) { transformation: [-1.0190985496571714f,-0.09180984505239433f,-0.07143325738962816f,0.07255278288946657f,-0.056407959850670986f,-0.1608360862040627f,1.0114561321497004f,-0.48246166419664993f,-0.10173445815122134f,1.0088589185556138f,0.15474945653753613f,-1.8753293660903405f,0f,0f,0f,1f], start_interpolation: 0, interpolation_duration: 1 }
$data merge entity $(bone_segment12) { transformation: [-1.1136022288157639f,-0.046602986725973454f,-0.046820068308986336f,0.01625387275070668f,-0.05240669018519425f,0.1418768653324894f,1.1052594152953126f,-0.31106679332518616f,-0.040218105277007594f,1.1055193340251097f,-0.14381720097499487f,-0.5398026538452415f,0f,0f,0f,1f], start_interpolation: 0, interpolation_duration: 1 }
$data merge entity $(bone_segment11) { transformation: [-1.1902434036965173f,-0.005281807056680584f,-0.020385861583269906f,0.00390943811554347f,-0.019635456367638304f,0.6948394872219993f,0.9664033199092658f,0.49182893155284313f,0.0076111557276679785f,0.9665883458808264f,-0.6948178759914025f,0.5772853958705148f,0f,0f,0f,1f], start_interpolation: 0, interpolation_duration: 1 }
$data merge entity $(bone_segment10) { transformation: [-1.0480454688049277f,0.008257946493764027f,-0.014411789005502412f,0.008959364431036143f,0f,0.9094565289677953f,0.5211180479920294f,1.422821192288895f,0.01661003740612856f,0.5210526137183549f,-0.9093423329086858f,1.1107303632749044f,0f,0f,0f,1f], start_interpolation: 0, interpolation_duration: 1 }