# This file was generated by Animated Java via MC-Build. It is not recommended to edit this file directly.
$data merge entity $(bone_neck_spine5) { transformation: [-1.5720041267331204f,0.00571614721777782f,-0.02809887456226969f,0.09531521316505975f,0f,1.54070871317288f,0.3134259987777183f,4.371409131895487f,0.02867439782596098f,0.31337386995535393f,-1.5404524634324703f,-0.47077433213833475f,0f,0f,0f,1f], start_interpolation: 0, interpolation_duration: 1 }
$data merge entity $(bone_neck_spine2) { transformation: [-1.497146787364876f,0.00432523287353455f,-0.02696425648238281f,0.01655159898902476f,0f,1.4784956890202146f,0.2371598179132969f,5.677405640534536f,0.02730895031043902f,0.23712037363596142f,-1.4782497865123174f,1.369057614174102f,0f,0f,0f,1f], start_interpolation: 0, interpolation_duration: 1 }
$data merge entity $(bone_scale_neck_left1) { transformation: [-1.5885231424297663f,0.4304652115195884f,0.06594701262474814f,0.7993410128834018f,0.40851494003238925f,1.3865326955907218f,0.7897453441875633f,4.792389333649383f,0.15088025242909084f,0.7779986288978893f,-1.443955803928088f,1.1785947208813758f,0f,0f,0f,1f], start_interpolation: 0, interpolation_duration: 1 }
$data merge entity $(bone_scale_neck_right1) { transformation: [-1.5929689024254055f,-0.4018058748698513f,-0.11856304509983182f,-0.772663113849718f,-0.40851494003238925f,1.3865326955907218f,0.7897453441875633f,4.792389333649383f,-0.09284772756295542f,0.7931798054764588f,-1.440590218107979f,1.2072691187073368f,0f,0f,0f,1f], start_interpolation: 0, interpolation_duration: 1 }
$data merge entity $(bone_blush_right1) { transformation: [-0.999833680605413f,0.008137237056991656f,-0.01632165739474368f,-0.6273187951255087f,0f,0.8949440201164023f,0.4461784406018431f,4.0844724770626195f,0.01823762942471058f,0.4461042324737245f,-0.8947951735687872f,2.4017768251527563f,0f,0f,0f,1f], start_interpolation: 0, interpolation_duration: 1 }
$data merge entity $(bone_blush_left1) { transformation: [-0.999833680605413f,0.008137237056991656f,-0.01632165739474368f,0.6976561116924068f,0f,0.8949440201164023f,0.4461784406018431f,4.0844724770626195f,0.01823762942471058f,0.4461042324737245f,-0.8947951735687872f,2.3776084041280177f,0f,0f,0f,1f], start_interpolation: 0, interpolation_duration: 1 }
$data merge entity $(bone_left_head_scales) { transformation: [-0.8793268034057352f,0.008137237056991656f,-0.47614930240979036f,0.7084092415026404f,-0.206022276203271f,0.8949440201164023f,0.39576511034440054f,4.9131418885657965f,0.42934740539599714f,0.4461042324737245f,-0.7852718123355469f,2.3513370405286893f,0f,0f,0f,1f], start_interpolation: 0, interpolation_duration: 1 }
$data merge entity $(bone_left_head_scales2) { transformation: [-0.8096540853330911f,0.008137237056991656f,-0.5868509584864916f,0.7038479405340475f,-0.25591743993707206f,0.8949440201164023f,0.36548798173667424f,4.0339287249809255f,0.5281728183459374f,0.4461042324737245f,-0.7225126211558789f,2.1012748076818037f,0f,0f,0f,1f], start_interpolation: 0, interpolation_duration: 1 }
$data merge entity $(bone_left_head_scales1) { transformation: [-0.999833680605413f,0.008137237056991656f,-0.01632165739474368f,0.7074953916378415f,0f,0.8949440201164023f,0.4461784406018431f,4.81263548005663f,0.01823762942471058f,0.4461042324737245f,-0.8947951735687872f,2.3012374441083003f,0f,0f,0f,1f], start_interpolation: 0, interpolation_duration: 1 }
$data merge entity $(bone_right_head_scales) { transformation: [-0.8943998087411756f,0.008137237056991656f,0.4471943285606682f,-0.6390228671257483f,0.206022276203271f,0.8949440201164023f,0.39576511034440054f,4.9131418885657965f,-0.3969934556535808f,0.4461042324737245f,-0.802114212526656f,2.3759150958080846f,0f,0f,0f,1f], start_interpolation: 0, interpolation_duration: 1 }
$data merge entity $(bone_right_head_scales2) { transformation: [-0.8283775215007307f,0.008137237056991656f,0.5601111204443139f,-0.6435841680943412f,0.25591743993707206f,0.8949440201164023f,0.36548798173667424f,4.0339287249809255f,-0.4982940354934639f,0.4461042324737245f,-0.7434339701417118f,2.125852862961199f,0f,0f,0f,1f], start_interpolation: 0, interpolation_duration: 1 }
$data merge entity $(bone_right_head_scales1) { transformation: [-0.999833680605413f,0.008137237056991656f,-0.01632165739474368f,-0.6399367169905472f,0f,0.8949440201164023f,0.4461784406018431f,4.81263548005663f,0.01823762942471058f,0.4461042324737245f,-0.8947951735687872f,2.3258154993876956f,0f,0f,0f,1f], start_interpolation: 0, interpolation_duration: 1 }
$data merge entity $(bone_head_left_fin1) { transformation: [-0.713487838190822f,0.024073960811713528f,-0.7674833856115698f,0.7026937144598618f,-0.07832427645542167f,1.0399155376247993f,0.10543329810563995f,4.473317557178157f,0.763855752414483f,0.1291174544456874f,-0.7060653443456516f,2.0379971701594526f,0f,0f,0f,1f], start_interpolation: 0, interpolation_duration: 1 }
$data merge entity $(bone_head_right_fin1) { transformation: [-0.7408704125320451f,-0.019349137000938745f,0.7412232057599722f,-0.6447383941685269f,0.07832427645542167f,1.0399155376247993f,0.10543329810563995f,4.473317557178157f,-0.7373272933897846f,0.12990952054802213f,-0.733585153147643f,2.062575225438848f,0f,0f,0f,1f], start_interpolation: 0, interpolation_duration: 1 }
$data merge entity $(bone_right_whisker16) { transformation: [0.2561512785664998f,0.9139152967899971f,-0.31487355046430837f,-1.1701188848821928f,0.9519923993204842f,-0.29499737040403823f,-0.08177422020863571f,1.7369824874054183f,-0.1676215801285f,-0.2788106557288558f,-0.9456043697695512f,2.1546846221424647f,0f,0f,0f,1f], start_interpolation: 0, interpolation_duration: 1 }
$data merge entity $(bone_right_whisker15) { transformation: [-0.8726621737097805f,0.37324975257074405f,-0.31487355046430837f,-0.87610672674755f,0.41673356991160365f,0.9053430888994514f,-0.08177422020863571f,1.596579087386372f,0.2545463853305553f,-0.20257964751642293f,-0.9456043697695512f,2.068924365366057f,0f,0f,0f,1f], start_interpolation: 0, interpolation_duration: 1 }
$data merge entity $(bone_right_whisker14) { transformation: [-0.7070821282044558f,-0.6331583618589098f,-0.31487355046430837f,-0.6378808144130412f,-0.6444002744843488f,0.76030340204011f,-0.08177422020863571f,1.813686601739009f,0.29117546294005137f,0.14508351268967978f,-0.9456043697695512f,1.970823257246606f,0f,0f,0f,1f], start_interpolation: 0, interpolation_duration: 1 }
$data merge entity $(bone_right_whisker13) { transformation: [-0.09608319120339578f,-0.9915043336741979f,-0.08767654574318429f,-0.6055090361267409f,-0.9895739132928177f,0.0856574693907099f,0.11578543979239508f,2.147087969010515f,-0.1072916142972527f,0.0978874570252215f,-0.9893970665302303f,2.0069713108916765f,0f,0f,0f,1f], start_interpolation: 0, interpolation_duration: 1 }
$data merge entity $(bone_right_whisker12) { transformation: [0.061104023820692945f,-0.9960255981833831f,-0.0648020527171351f,-0.6329581093274428f,-0.941634005028306f,-0.07905660711294524f,0.3272238583082559f,2.570087619706824f,-0.3310463696331261f,0.041025122001324556f,-0.9427222499323457f,2.1556835472503075f,0f,0f,0f,1f], start_interpolation: 0, interpolation_duration: 1 }
$data merge entity $(bone_right_whisker11) { transformation: [0.2914984153728384f,-0.9555849730950612f,-0.04342848178368232f,-0.7639046631082101f,-0.9557195886490327f,-0.29285399492379716f,0.028924134035372195f,2.999414778670257f,-0.04035767222781583f,0.03307411150861023f,-0.9986377528615009f,2.173812970321397f,0f,0f,0f,1f], start_interpolation: 0, interpolation_duration: 1 }
$data merge entity $(bone_right_whisker10) { transformation: [0.07444930191803252f,-0.9948072026823989f,0.06939690868575246f,-0.7973486854542013f,-0.9732103630214861f,-0.08766030767211111f,-0.2125494289957467f,3.436599121433815f,0.21752905725788624f,-0.051713634082820356f,-0.9746829275710349f,2.076094839131331f,0f,0f,0f,1f], start_interpolation: 0, interpolation_duration: 1 }
$data merge entity $(bone_right_whisker1) { transformation: [-0.34128192974861626f,-0.9391610520173591f,0.03877064354261057f,-0.6440384435749401f,-0.9383313265816415f,0.3428280967083321f,0.04475731965700358f,3.858115147046662f,-0.0553259973484192f,-0.021104844964843883f,-0.9982452702299233f,2.1009483145026913f,0f,0f,0f,1f], start_interpolation: 0, interpolation_duration: 1 }
$data merge entity $(bone_left_whisker16) { transformation: [0.26209390467600746f,-0.9234753394171044f,0.2801786619643756f,1.2310838656808683f,-0.9519923993204842f,-0.29499737040403823f,-0.08177422020863571f,1.7369824874054183f,0.15816844428555166f,-0.24529543196555187f,-0.9564585167633366f,2.1108850914926798f,0f,0f,0f,1f], start_interpolation: 0, interpolation_duration: 1 }
$data merge entity $(bone_left_whisker15) { transformation: [-0.8813647604890792f,-0.380389374651659f,0.2801786619643756f,0.9341396836801532f,-0.41673356991160365f,0.9053430888994514f,-0.08177422020863571f,1.596579087386372f,-0.2225517707787531f,-0.18883277002183615f,-0.9564585167633366f,2.035904270283041f,0f,0f,0f,1f], start_interpolation: 0, interpolation_duration: 1 }
$data merge entity $(bone_left_whisker14) { transformation: [-0.7172306953902027f,0.6380282493510288f,0.2801786619643756f,0.6924945763465403f,0.6444002744843488f,0.76030340204011f,-0.08177422020863571f,1.813686601739009f,-0.26519505243232216f,0.1218962258492699f,-0.9564585167633366f,1.946556327813167f,0f,0f,0f,1f], start_interpolation: 0, interpolation_duration: 1 }
$data merge entity $(bone_left_whisker13) { transformation: [-0.09210643601168943f,0.9944146394210771f,0.051535709467065864f,0.6614626228074457f,0.9895739132928177f,0.0856574693907099f,0.11578543979239508f,2.147087969010515f,0.11072431790516171f,0.06166297789296965f,-0.9919363903909403f,1.9838609075761364f,0f,0f,0f,1f], start_interpolation: 0, interpolation_duration: 1 }
$data merge entity $(bone_left_whisker12) { transformation: [0.07313636978073769f,0.9968591728535139f,0.030378625925204725f,0.6943168514198865f,0.941634005028306f,-0.07905660711294524f,0.3272238583082559f,2.570087619706824f,0.32859773582550356f,0.004673582094894942f,-0.9444584086346814f,2.1314731717164994f,0f,0f,0f,1f], start_interpolation: 0, interpolation_duration: 1 }
$data merge entity $(bone_left_whisker11) { transformation: [0.2927763158494243f,0.9561554828382797f,0.006980079937550399f,0.8258374620553701f,0.9557195886490327f,-0.29285399492379716f,0.028924134035372195f,2.999414778670257f,0.029700113638869596f,-0.0017973022753581952f,-0.9995572384582933f,2.1448150196402103f,0f,0f,0f,1f], start_interpolation: 0, interpolation_duration: 1 }
$data merge entity $(bone_left_whisker10) { transformation: [0.06646666756421789f,0.9922594803264373f,-0.10489664344113493f,0.8556955353752336f,0.9732103630214861f,-0.08766030767211111f,-0.2125494289957467f,3.436599121433815f,-0.22009945799682212f,-0.08795904820505769f,-0.9715036975886224f,2.0459422162432004f,0f,0f,0f,1f], start_interpolation: 0, interpolation_duration: 1 }
$data merge entity $(bone_left_whisker1) { transformation: [-0.3390372069771911f,0.9377666245357842f,-0.0751500511767427f,0.7033936650534486f,0.9383313265816415f,0.3428280967083321f,0.04475731965700358f,3.858115147046662f,0.06773546959047388f,-0.0553412505650554f,-0.9961672812059498f,2.076370259223296f,0f,0f,0f,1f], start_interpolation: 0, interpolation_duration: 1 }
$data merge entity $(bone_upper_left_tooth1) { transformation: [-0.999833680605413f,0.0066837462401790745f,-0.01696875550032946f,0.3570226236396977f,0f,0.930425501317518f,0.3664810861395787f,3.8333651103752615f,0.01823762942471058f,0.3664201332272045f,-0.9302707535114305f,3.1004704930428018f,0f,0f,0f,1f], start_interpolation: 0, interpolation_duration: 1 }
$data merge entity $(bone_upper_right_tooth1) { transformation: [-0.999833680605413f,0.0066837462401790745f,-0.01696875550032946f,-0.3166934306744965f,0f,0.930425501317518f,0.3664810861395787f,3.8333651103752615f,0.01823762942471058f,0.3664201332272045f,-0.9302707535114305f,3.1127595206824994f,0f,0f,0f,1f], start_interpolation: 0, interpolation_duration: 1 }
$data merge entity $(bone_top_lip1) { transformation: [-0.999833680605413f,-0.002359253138302434f,-0.01808438695843681f,0.04906213569703687f,0f,0.9915974569553354f,-0.1293618311547568f,3.948305370059505f,0.01823762942471058f,-0.12934031577331634f,-0.9914325350666207f,3.15136872590155f,0f,0f,0f,1f], start_interpolation: 0, interpolation_duration: 1 }
$data merge entity $(bone_muzzle1) { transformation: [-0.999833680605413f,0.0066837462401790745f,-0.01696875550032946f,0.040659705827643756f,0f,0.930425501317518f,0.3664810861395787f,4.310829807078577f,0.01823762942471058f,0.3664201332272045f,-0.9302707535114305f,2.6907259424177807f,0f,0f,0f,1f], start_interpolation: 0, interpolation_duration: 1 }
$data merge entity $(bone_jaw_right_tooth1) { transformation: [-0.999833680605413f,-0.0025389024249424475f,-0.01806004156998789f,-0.3172769703759173f,0f,0.9902625582203093f,-0.13921230472543925f,3.5882429759401475f,0.01823762942471058f,-0.1391891510191983f,-0.9900978583511437f,3.080768375678734f,0f,0f,0f,1f], start_interpolation: 0, interpolation_duration: 1 }
$data merge entity $(bone_jaw_left_tooth1) { transformation: [-0.999833680605413f,-0.0025389024249424475f,-0.01806004156998789f,0.4125820884644598f,0f,0.9902625582203093f,-0.13921230472543925f,3.5882429759401475f,0.01823762942471058f,-0.1391891510191983f,-0.9900978583511437f,3.0674552624023947f,0f,0f,0f,1f], start_interpolation: 0, interpolation_duration: 1 }
$data merge entity $(bone_tongue1) { transformation: [-0.999833680605413f,0.006830761109751199f,-0.01691011028037901f,0.03426593861591799f,0f,0.9272098849353255f,0.37454215954711984f,3.8854064147246485f,0.01823762942471058f,0.3744798659218965f,-0.9270556719486078f,2.340203204217368f,0f,0f,0f,1f], start_interpolation: 0, interpolation_duration: 1 }
$data merge entity $(bone_jaw_lips1) { transformation: [-0.999833680605413f,0.006830761109751199f,-0.01691011028037901f,0.1047194273363432f,0f,0.9272098849353255f,0.37454215954711984f,3.4291545076418273f,0.01823762942471058f,0.3744798659218965f,-0.9270556719486078f,3.1237166124607443f,0f,0f,0f,1f], start_interpolation: 0, interpolation_duration: 1 }
$data merge entity $(bone_jaw3) { transformation: [-0.999833680605413f,0.0006357625149925866f,-0.01822654473721225f,0.08829046648759908f,0f,0.9993922078774495f,0.03485993163843859f,3.3762962961199534f,0.01823762942471058f,0.03485413375571306f,-0.9992259895704803f,2.2230387879806734f,0f,0f,0f,1f], start_interpolation: 0, interpolation_duration: 1 }
$data merge entity $(bone_jaw1) { transformation: [-0.999833680605413f,0.013337665366858233f,-0.012438561395707289f,0.07711519648364332f,0f,0.6820273132019009f,0.7313267013083797f,4.033347629326701f,0.01823762942471058f,0.7312050674941728f,-0.6819138788320773f,1.6103817874674788f,0f,0f,0f,1f], start_interpolation: 0, interpolation_duration: 1 }
$data merge entity $(bone_tear_right1) { transformation: [-0.999833680605413f,0.008137237056991656f,-0.01632165739474368f,-0.5663276173026509f,0f,0.8949440201164023f,0.4461784406018431f,4.391147769537777f,0.01823762942471058f,0.4461042324737245f,-0.8947951735687872f,2.666542050097212f,0f,0f,0f,1f], start_interpolation: 0, interpolation_duration: 1 }
$data merge entity $(bone_right_pupil1) { transformation: [-0.999833680605413f,0.008137237056991656f,-0.01632165739474368f,-0.3790424126367583f,0f,0.8949440201164023f,0.4461784406018431f,4.461589419842327f,0.01823762942471058f,0.4461042324737245f,-0.8947951735687872f,2.773555985877323f,0f,0f,0f,1f], start_interpolation: 0, interpolation_duration: 1 }
$data merge entity $(bone_right_sad_pupil1) { transformation: [-0.999833680605413f,0.008137237056991656f,-0.01632165739474368f,-0.3792257125000782f,0f,0.8949440201164023f,0.4461784406018431f,4.46660021287643f,0.01823762942471058f,0.4461042324737245f,-0.8947951735687872f,2.763507016642908f,0f,0f,0f,1f], start_interpolation: 0, interpolation_duration: 1 }
$data merge entity $(bone_right_happy_pupil1) { transformation: [-0.999833680605413f,0.008137237056991656f,-0.01632165739474368f,-0.40752531498982075f,0f,0.8949440201164023f,0.4461784406018431f,4.441473932369645f,0.01823762942471058f,0.4461042324737245f,-0.8947951735687872f,2.751494314120692f,0f,0f,0f,1f], start_interpolation: 0, interpolation_duration: 1 }
$data merge entity $(bone_eyelid_right1) { transformation: [-0.999833680605413f,0.008137237056991656f,-0.01632165739474368f,0.043453863568365544f,0f,0.8949440201164023f,0.4461784406018431f,4.666886660326983f,0.01823762942471058f,0.4461042324737245f,-0.8947951735687872f,2.228123290755671f,0f,0f,0f,1f], start_interpolation: 0, interpolation_duration: 1 }
$data merge entity $(bone_eyelid_expressions_right5) { transformation: [-0.999833680605413f,0.008137237056991656f,-0.01632165739474368f,-0.507440413730271f,0f,0.8949440201164023f,0.4461784406018431f,4.567106621385596f,0.01823762942471058f,0.4461042324737245f,-0.8947951735687872f,2.815962003473424f,0f,0f,0f,1f], start_interpolation: 0, interpolation_duration: 1 }
$data merge entity $(bone_eyelid_expressions_right7) { transformation: [-0.999833680605413f,0.008137237056991656f,-0.01632165739474368f,-0.1705823865731737f,0f,0.8949440201164023f,0.4461784406018431f,4.567106621385596f,0.01823762942471058f,0.4461042324737245f,-0.8947951735687872f,2.8098174896535753f,0f,0f,0f,1f], start_interpolation: 0, interpolation_duration: 1 }
$data merge entity $(bone_eyelid_expressions_right6) { transformation: [-0.999833680605413f,0.008137237056991656f,-0.01632165739474368f,-0.28286839562553945f,0f,0.8949440201164023f,0.4461784406018431f,4.567106621385596f,0.01823762942471058f,0.4461042324737245f,-0.8947951735687872f,2.811865660926858f,0f,0f,0f,1f], start_interpolation: 0, interpolation_duration: 1 }
$data merge entity $(bone_right_eye1) { transformation: [-0.999833680605413f,0.008137237056991656f,-0.01632165739474368f,0.03240856252644885f,0f,0.8949440201164023f,0.4461784406018431f,4.66187586729288f,0.01823762942471058f,0.4461042324737245f,-0.8947951735687872f,2.2383770771174145f,0f,0f,0f,1f], start_interpolation: 0, interpolation_duration: 1 }
$data merge entity $(bone_tear_left1) { transformation: [-0.999833680605413f,0.008137237056991656f,-0.01632165739474368f,0.6463612804628988f,0f,0.8949440201164023f,0.4461784406018431f,4.391147769537777f,0.01823762942471058f,0.4461042324737245f,-0.8947951735687872f,2.6444218003457562f,0f,0f,0f,1f], start_interpolation: 0, interpolation_duration: 1 }
$data merge entity $(bone_left_sad_pupil1) { transformation: [-0.999833680605413f,0.008137237056991656f,-0.01632165739474368f,0.46291935539266466f,0f,0.8949440201164023f,0.4461784406018431f,4.46660021287643f,0.01823762942471058f,0.4461042324737245f,-0.8947951735687872f,2.748145732093286f,0f,0f,0f,1f], start_interpolation: 0, interpolation_duration: 1 }
$data merge entity $(bone_left_pupil1) { transformation: [-0.999833680605413f,0.008137237056991656f,-0.01632165739474368f,0.46310265525598454f,0f,0.8949440201164023f,0.4461784406018431f,4.461589419842327f,0.01823762942471058f,0.4461042324737245f,-0.8947951735687872f,2.7581947013277013f,0f,0f,0f,1f], start_interpolation: 0, interpolation_duration: 1 }
$data merge entity $(bone_eyelid_left1) { transformation: [-0.999833680605413f,0.008137237056991656f,-0.01632165739474368f,0.020996661757892405f,0f,0.8949440201164023f,0.4461784406018431f,4.666886660326983f,0.01823762942471058f,0.4461042324737245f,-0.8947951735687872f,2.228532925010328f,0f,0f,0f,1f], start_interpolation: 0, interpolation_duration: 1 }
$data merge entity $(bone_left_happy_pupil1) { transformation: [-0.999833680605413f,0.008137237056991656f,-0.01632165739474368f,0.49076275742910486f,0f,0.8949440201164023f,0.4461784406018431f,4.441473932369645f,0.01823762942471058f,0.4461042324737245f,-0.8947951735687872f,2.7351089439344283f,0f,0f,0f,1f], start_interpolation: 0, interpolation_duration: 1 }
$data merge entity $(bone_eyelid_expressions_left5) { transformation: [-0.999833680605413f,0.008137237056991656f,-0.01632165739474368f,0.592962474982913f,0f,0.8949440201164023f,0.4461784406018431f,4.567106621385596f,0.01823762942471058f,0.4461042324737245f,-0.8947951735687872f,2.7958899249952514f,0f,0f,0f,1f], start_interpolation: 0, interpolation_duration: 1 }
$data merge entity $(bone_eyelid_expressions_left7) { transformation: [-0.999833680605413f,0.008137237056991656f,-0.01632165739474368f,0.25610444782581593f,0f,0.8949440201164023f,0.4461784406018431f,4.567106621385596f,0.01823762942471058f,0.4461042324737245f,-0.8947951735687872f,2.8020344388151f,0f,0f,0f,1f], start_interpolation: 0, interpolation_duration: 1 }
$data merge entity $(bone_eyelid_expressions_left6) { transformation: [-0.999833680605413f,0.008137237056991656f,-0.01632165739474368f,0.36839045687818167f,0f,0.8949440201164023f,0.4461784406018431f,4.567106621385596f,0.01823762942471058f,0.4461042324737245f,-0.8947951735687872f,2.7999862675418172f,0f,0f,0f,1f], start_interpolation: 0, interpolation_duration: 1 }
$data merge entity $(bone_left_eye1) { transformation: [-0.999833680605413f,0.008137237056991656f,-0.01632165739474368f,0.03240856252644885f,0f,0.8949440201164023f,0.4461784406018431f,4.66187586729288f,0.01823762942471058f,0.4461042324737245f,-0.8947951735687872f,2.2383770771174145f,0f,0f,0f,1f], start_interpolation: 0, interpolation_duration: 1 }
$data merge entity $(bone_crest_middle5) { transformation: [-0.999833680605413f,0.004411698822381008f,-0.017695989391205886f,0.05146573212913123f,0f,0.9703009628668726f,0.24190089181236987f,5.689286130085028f,0.01823762942471058f,0.24186065900249365f,-0.9701395829981613f,3.283140054917305f,0f,0f,0f,1f], start_interpolation: 0, interpolation_duration: 1 }
$data merge entity $(bone_crest_middle4) { transformation: [-0.999833680605413f,0.004411698822381008f,-0.017695989391205886f,0.048493005383581526f,0f,0.9703009628668726f,0.24190089181236987f,5.035470051590749f,0.01823762942471058f,0.24186065900249365f,-0.9701395829981613f,3.12016754055039f,0f,0f,0f,1f], start_interpolation: 0, interpolation_duration: 1 }
$data merge entity $(bone_crest_middle1) { transformation: [-0.999833680605413f,0.004411698822381008f,-0.017695989391205886f,0.047753973602852454f,0f,0.9703009628668726f,0.24190089181236987f,4.524732952741187f,0.01823762942471058f,0.24186065900249365f,-0.9701395829981613f,3.079651920444108f,0f,0f,0f,1f], start_interpolation: 0, interpolation_duration: 1 }
$data merge entity $(bone_crest_left5) { transformation: [-0.54407312112767f,-0.8338327164941852f,0.09331366336353675f,-1.0564602736218194f,-0.7547881310475688f,0.534977279717795f,0.3795974017501518f,5.071264200258425f,-0.3664414224621907f,0.13609669757079335f,-0.9204337959974146f,3.1056326332378905f,0f,0f,0f,1f], start_interpolation: 0, interpolation_duration: 1 }
$data merge entity $(bone_crest_left4) { transformation: [-0.54407312112767f,-0.8338327164941852f,0.09331366336353675f,-0.5882436603560415f,-0.7547881310475688f,0.534977279717795f,0.3795974017501518f,4.77086191916689f,-0.3664414224621907f,0.13609669757079335f,-0.9204337959974146f,3.029211147785541f,0f,0f,0f,1f], start_interpolation: 0, interpolation_duration: 1 }
$data merge entity $(bone_crest_left1) { transformation: [-0.54407312112767f,-0.8338327164941852f,0.09331366336353675f,-0.06796560486192546f,-0.7547881310475688f,0.534977279717795f,0.3795974017501518f,4.461734693755883f,-0.3664414224621907f,0.13609669757079335f,-0.9204337959974146f,2.893462998875992f,0f,0f,0f,1f], start_interpolation: 0, interpolation_duration: 1 }
$data merge entity $(bone_crest_center1) { transformation: [-0.999833680605413f,0.008137237056991656f,-0.01632165739474368f,0.04409194464856009f,0f,0.8949440201164023f,0.4461784406018431f,4.436608413249099f,0.01823762942471058f,0.4461042324737245f,-0.8947951735687872f,2.8788900888163207f,0f,0f,0f,1f], start_interpolation: 0, interpolation_duration: 1 }
$data merge entity $(bone_crest_right5) { transformation: [-0.5303473688748334f,0.8382413690509871f,-0.12681906614964616f,1.1521811685481484f,0.7547881310475688f,0.534977279717795f,0.3795974017501518f,5.071264200258425f,0.3860395647563337f,0.1055969573296267f,-0.9164184290188983f,3.065345548560003f,0f,0f,0f,1f], start_interpolation: 0, interpolation_duration: 1 }
$data merge entity $(bone_crest_right4) { transformation: [-0.5303473688748334f,0.8382413690509871f,-0.12681906614964616f,0.6814889935439321f,0.7547881310475688f,0.534977279717795f,0.3795974017501518f,4.77086191916689f,0.3860395647563337f,0.1055969573296267f,-0.9164184290188983f,3.0060503820907303f,0f,0f,0f,1f], start_interpolation: 0, interpolation_duration: 1 }
$data merge entity $(bone_crest_right1) { transformation: [-0.5303473688748334f,0.8382413690509871f,-0.12681906614964616f,0.15660641324280594f,0.7547881310475688f,0.534977279717795f,0.3795974017501518f,4.461734693755884f,0.3860395647563337f,0.1055969573296267f,-0.9164184290188983f,2.8893666563294262f,0f,0f,0f,1f], start_interpolation: 0, interpolation_duration: 1 }
$data merge entity $(bone_head1) { transformation: [-1.0480027511554129f,0.008529265404789427f,-0.017107987243188353f,0.02187014511145628f,0f,0.9380598127522181f,0.46767401651625456f,4.887216279913948f,0.019116265217307304f,0.4675962332569636f,-0.9379037952120747f,1.6606339710143903f,0f,0f,0f,1f], start_interpolation: 0, interpolation_duration: 1 }
$data merge entity $(bone_neck10) { transformation: [-1.497146787364876f,0.00780777163140118f,-0.02616901735277644f,0.0008823887581827124f,0f,1.4348913854625995f,0.42811329529605696f,4.761779587173608f,0.02730895031043902f,0.42804209175196883f,-1.4346527351960714f,0.5100312696615987f,0f,0f,0f,1f], start_interpolation: 0, interpolation_duration: 1 }
$data merge entity $(bone_neck9) { transformation: [-1.145317292334131f,0.009321268620948456f,-0.018696586058627288f,-0.010081160167603197f,0f,1.0251653667934968f,0.5111008894784788f,3.4301423113839316f,0.020891346987485862f,0.5110158834879679f,-1.02499486191034f,-0.09101863763138296f,0f,0f,0f,1f], start_interpolation: 0, interpolation_duration: 1 }
$data merge entity $(bone_neck8) { transformation: [-1.0629742190290623f,-0.005344833921934979f,-0.018638128307876967f,-0.005506594034263601f,0f,1.021960029663929f,-0.29306626412164855f,2.6768624125457454f,0.019389354720411707f,-0.293017521518026f,-1.0217900578905033f,0.15977082561281752f,0f,0f,0f,1f], start_interpolation: 0, interpolation_duration: 1 }
$data merge entity $(bone_neck7) { transformation: [-1.0554884850922377f,-0.010892601119340092f,-0.01587519866181104f,0.004684329720132477f,0f,0.8704639343258819f,-0.597259702216641f,1.9018619705011126f,0.01925280996885951f,-0.5971603663445572f,-0.870319159291315f,0.7184634368532535f,0f,0f,0f,1f], start_interpolation: 0, interpolation_duration: 1 }
$data merge entity $(bone_neck6) { transformation: [-1.049499897942778f,-0.007606068277050097f,-0.0175677021057375f,0.011256036329937305f,0f,0.9632667545012522f,-0.41705355997334076f,1.0471282683828753f,0.019143574167617753f,-0.4169841958777356f,-0.9631065445578179f,1.0787412698175207f,0f,0f,0f,1f], start_interpolation: 0, interpolation_duration: 1 }
$data merge entity $(bone_neck_spine6) { transformation: [-1.264571159008468f,-0.12865197661807978f,-0.06552725564947028f,-0.01131361007246226f,-0.0673001821088211f,0.014189674916645257f,1.2709267119431353f,0.26403564360640996f,-0.12773346393490428f,1.2661882524153867f,-0.020900721355243342f,-1.546707645703131f,0f,0f,0f,1f], start_interpolation: 0, interpolation_duration: 1 }
$data merge entity $(bone_neck_spine7) { transformation: [-0.9830066661510667f,-0.17679535109387737f,0.04940949437262247f,0.5226879251502422f,-0.04520547505760713f,0.49400951121150966f,0.868280523711883f,-0.10149601933179075f,-0.1779167202018451f,0.8512919632324494f,-0.4936067604971191f,-5.231663036718005f,0f,0f,0f,1f], start_interpolation: 0, interpolation_duration: 1 }
$data merge entity $(bone_tail6) { transformation: [-1.6339372352267265f,0.03117550237081519f,0.5427514504068112f,0.6983872030363656f,0.5426650002052111f,0.19676509356340444f,1.622374843565565f,-0.9928664264422297f,-0.03264577184028977f,1.7104424934893425f,-0.1965265060342747f,-8.93595149000247f,0f,0f,0f,1f], start_interpolation: 0, interpolation_duration: 1 }
$data merge entity $(bone_tail5) { transformation: [-1.3497742377959914f,0.02575367587154298f,0.44835989381432223f,0.7146526825341822f,0.4482884784303918f,0.16254507729150802f,1.3402226968585103f,-0.8902063776265404f,-0.026968246302848074f,1.4129742337520657f,-0.16234798324570518f,-8.04354671079064f,0f,0f,0f,1f], start_interpolation: 0, interpolation_duration: 1 }
$data merge entity $(bone_tail4) { transformation: [-0.9945704910075724f,0.01897639274745272f,0.3303704480737111f,0.7227854222830905f,0.3303178262118676f,0.11977005695163748f,0.9875325134746916f,-0.8388763532186958f,-0.019871339381045947f,1.0411389090804692f,-0.11962482975999328f,-7.597344321184725f,0f,0f,0f,1f], start_interpolation: 0, interpolation_duration: 1 }
$data merge entity $(bone_segment18) { transformation: [-0.9488573131600195f,-0.017243788501901166f,0.31523396235312406f,0.71310263088798f,0.3151355161872228f,0.008227073412599567f,0.9490110229604695f,-0.834256658675488f,-0.018957998316327065f,0.9998174668514076f,-0.002372188582879617f,-7.03592338032578f,0f,0f,0f,1f], start_interpolation: 0, interpolation_duration: 1 }
$data merge entity $(bone_segment17) { transformation: [-0.999946326340306f,-0.008647933579420976f,-0.005705934045587386f,0.7067898082799554f,-0.005997581815254484f,0.034082542979450986f,0.999401025252838f,-0.8093770679751564f,-0.008448280943245151f,0.9993816055485811f,-0.03413258033381314f,-6.306394327447299f,0f,0f,0f,1f], start_interpolation: 0, interpolation_duration: 1 }
$data merge entity $(bone_segment16) { transformation: [-0.99017184331617f,-0.13979770933983507f,-0.004039946434452851f,0.5733403347646342f,-0.03398025195459197f,0.2124566993277007f,0.976579486466863f,-0.6065680605602857f,-0.13566526151141534f,0.9671187886573779f,-0.21511900298422115f,-5.383192554095162f,0f,0f,0f,1f], start_interpolation: 0, interpolation_duration: 1 }
$data merge entity $(bone_segment15) { transformation: [-0.9830066661510667f,-0.18355931374193993f,0.001967902729718203f,0.3568873354058525f,-0.04520547505760713f,0.25244900928341f,0.9665536522804314f,-0.30888038603907714f,-0.1779167202018451f,0.9500397234065598f,-0.25645694496777727f,-4.26290645447268f,0f,0f,0f,1f], start_interpolation: 0, interpolation_duration: 1 }
$data merge entity $(bone_segment14) { transformation: [-1.0346593346365747f,-0.1637187574375746f,-0.03676177005626203f,0.1727037332885811f,-0.0460305438624275f,0.0561056928704704f,1.0456617704996325f,-0.24576148155979793f,-0.1613581367836838f,1.0337908481485958f,-0.06257181476573088f,-3.0998917503055097f,0f,0f,0f,1f], start_interpolation: 0, interpolation_duration: 1 }
$data merge entity $(bone_segment13) { transformation: [-1.019095581083295f,-0.0929333661243618f,-0.07000855590915266f,0.06269295455667556f,-0.05423602911122642f,-0.16659200451819076f,1.010642948325493f,-0.47406471725951005f,-0.10293814446518756f,1.0078214649999246f,0.1606027550282302f,-1.8904881802138018f,0f,0f,0f,1f], start_interpolation: 0, interpolation_duration: 1 }
$data merge entity $(bone_segment12) { transformation: [-1.1138447321276896f,-0.042329700649380464f,-0.045077603596533226f,0.011556403436618616f,-0.04989690100224634f,0.1349022712727274f,1.1062484158937846f,-0.3110955304870877f,-0.03652524022432121f,1.1065638051373583f,-0.13658818828201197f,-0.5536996907861205f,0f,0f,0f,1f], start_interpolation: 0, interpolation_duration: 1 }
$data merge entity $(bone_segment11) { transformation: [-1.1902475196070756f,-0.00034466321083969725f,-0.020822203481446772f,0.004911187526228643f,-0.017166748931968456f,0.6900573643579775f,0.9698705983314349f,0.4862865338574486f,0.011789218873972966f,0.9700224512782885f,-0.6899567372058549f,0.5673789887480645f,0f,0f,0f,1f], start_interpolation: 0, interpolation_duration: 1 }
$data merge entity $(bone_segment10) { transformation: [-1.0480027511554133f,0.009564501121378027f,-0.016551492807526207f,0.011720427696143407f,0f,0.9075462836798415f,0.5244377379671322f,1.4153233151147715f,0.019116265217307315f,0.5243505138000549f,-0.9073953411313801f,1.1042003971033352f,0f,0f,0f,1f], start_interpolation: 0, interpolation_duration: 1 }