# This file was generated by Animated Java via MC-Build. It is not recommended to edit this file directly.
$data merge entity $(bone_neck_spine5) { transformation: [-1.572125348954774f,-0.0065747459812923155f,0.019946314089429117f,0.12624924223781975f,0f,1.4932363233031802f,0.492203695968085f,4.334662217863279f,-0.02100196968078657f,0.49215978202198185f,-1.4931030981771638f,-0.38330087458697903f,0f,0f,0f,1f], start_interpolation: 0, interpolation_duration: 1 }
$data merge entity $(bone_neck_spine2) { transformation: [-1.4972622370997841f,-0.0072615326274095456f,0.018637198901083604f,-0.013441301015598458f,0f,1.3952323341019177f,0.5436184466705877f,5.321211799661073f,-0.02000187588646339f,0.543569945549277f,-1.3951078527987026f,1.6659471259335596f,0f,0f,0f,1f], start_interpolation: 0, interpolation_duration: 1 }
$data merge entity $(bone_scale_neck_left1) { transformation: [-1.5936109441947799f,0.4020024029564793f,0.10887289560543133f,0.777414541506963f,0.37362429679765463f,1.1896545702757493f,1.0761886308181075f,4.493247070316874f,0.1840220753680191f,1.0659132949151686f,-1.24218348255723f,1.3176502884671675f,0f,0f,0f,1f], start_interpolation: 0, interpolation_duration: 1 }
$data merge entity $(bone_scale_neck_right1) { transformation: [-1.588126435597681f,-0.43033286249483066f,-0.0756513902746187f,-0.7947108074478103f,-0.37362429679765463f,1.1896545702757493f,1.0761886308181075f,4.493247070316874f,-0.22652679805253886f,1.05479415608767f,-1.2446485362884723f,1.2966483187863806f,0f,0f,0f,1f], start_interpolation: 0, interpolation_duration: 1 }
$data merge entity $(bone_blush_right1) { transformation: [-0.9999107809501168f,-0.007322683093425455f,0.011171770318125085f,-0.685975249478398f,0f,0.8363496714145123f,0.5481963399411175f,3.604467703372063f,-0.013357774505046856f,0.5481474303845186f,-0.8362750530914584f,2.405313505353423f,0f,0f,0f,1f], start_interpolation: 0, interpolation_duration: 1 }
$data merge entity $(bone_blush_left1) { transformation: [-0.9999107809501168f,-0.007322683093425455f,0.011171770318125085f,0.6391018303549111f,0f,0.8363496714145123f,0.5481963399411175f,3.604467703372063f,-0.013357774505046856f,0.5481474303845186f,-0.8362750530914584f,2.4230151655129433f,0f,0f,0f,1f], start_interpolation: 0, interpolation_duration: 1 }
$data merge entity $(bone_left_head_scales) { transformation: [-0.892090244366224f,-0.007322683093425455f,-0.4517979351645203f,0.6493771291065087f,-0.25312889974833225f,0.8363496714145123f,0.4862560922364223f,4.430464193810196f,0.37430035535490686f,0.5481474303845186f,-0.7479529654624278f,2.494590468003103f,0f,0f,0f,1f], start_interpolation: 0, interpolation_duration: 1 }
$data merge entity $(bone_left_head_scales2) { transformation: [-0.825486824528693f,-0.007322683093425455f,-0.5643738839119401f,0.6540741389366599f,-0.3144325030841128f,0.8363496714145123f,0.4490561525345095f,3.5867087579301233f,0.46872561646852007f,0.5481474303845186f,-0.692698124025939f,2.1429906737692352f,0f,0f,0f,1f], start_interpolation: 0, interpolation_duration: 1 }
$data merge entity $(bone_left_head_scales1) { transformation: [-0.9999107809501168f,-0.007322683093425455f,0.011171770318125085f,0.6501995007429774f,0f,0.8363496714145123f,0.5481963399411175f,4.336538205321261f,-0.013357774505046856f,0.5481474303845186f,-0.8362750530914584f,2.4330309421298417f,0f,0f,0f,1f], start_interpolation: 0, interpolation_duration: 1 }
$data merge entity $(bone_right_head_scales) { transformation: [-0.8817731454626749f,-0.007322683093425455f,0.4716168977604321f,-0.6981588842832971f,0.25312889974833225f,0.8363496714145123f,0.4862560922364223f,4.430464193810196f,-0.3979973367411637f,0.5481474303845186f,-0.7356170977552045f,2.476588779705286f,0f,0f,0f,1f], start_interpolation: 0, interpolation_duration: 1 }
$data merge entity $(bone_right_head_scales2) { transformation: [-0.8126710961150878f,-0.007322683093425455f,0.5826766409007786f,-0.6934618744531459f,0.3144325030841128f,0.8363496714145123f,0.4490561525345095f,3.5867087579301233f,-0.4906097130544411f,0.5481474303845186f,-0.6773747146295678f,2.1249889854714183f,0f,0f,0f,1f], start_interpolation: 0, interpolation_duration: 1 }
$data merge entity $(bone_right_head_scales1) { transformation: [-0.9999107809501168f,-0.007322683093425455f,0.011171770318125085f,-0.6973365126468284f,0f,0.8363496714145123f,0.5481963399411175f,4.336538205321261f,-0.013357774505046856f,0.5481474303845186f,-0.8362750530914584f,2.415029253832025f,0f,0f,0f,1f], start_interpolation: 0, interpolation_duration: 1 }
$data merge entity $(bone_head_left_fin1) { transformation: [-0.7370708285467089f,0.018363490486386504f,-0.7450265592230911f,0.6542243693640899f,-0.16594925295477633f,1.017505736346679f,0.18925675673678735f,4.030489616027158f,0.7265415591515691f,0.2510379587710439f,-0.7125956105020911f,2.13174501125583f,0f,0f,0f,1f], start_interpolation: 0, interpolation_duration: 1 }
$data merge entity $(bone_head_right_fin1) { transformation: [-0.7173995723513608f,-0.02506295581899451f,0.7637963732964917f,-0.6933116440257159f,0.16594925295477633f,1.017505736346679f,0.18925675673678735f,4.030489616027158f,-0.7459717803369039f,0.25045782633487623f,-0.6924392956741929f,2.113743322958013f,0f,0f,0f,1f], start_interpolation: 0, interpolation_duration: 1 }
$data merge entity $(bone_right_whisker16) { transformation: [0.2598103146952643f,0.9227057490433258f,-0.2848029161724696f,-1.217039418288826f,0.9645383587708544f,-0.2621742121448542f,0.030503064532130975f,1.3034007126149503f,-0.04652262715683704f,-0.28262834813341003f,-0.9581006533730189f,1.8673011463663776f,0f,0f,0f,1f], start_interpolation: 0, interpolation_duration: 1 }
$data merge entity $(bone_right_whisker15) { transformation: [-0.8808998223724119f,0.37802486939870794f,-0.2848029161724696f,-0.9202518804778083f,0.38582879463628034f,0.9220659977917325f,0.030503064532130975f,1.173409565984563f,0.27413800206058264f,-0.08301502172755283f,-0.9581006533730189f,1.7749401984065132f,0f,0f,0f,1f], start_interpolation: 0, interpolation_duration: 1 }
$data merge entity $(bone_right_whisker14) { transformation: [-0.7148912345282812f,-0.638606155415282f,-0.2848029161724696f,-0.6793949704072451f,-0.6726172994416717f,0.7393615702387708f,0.030503064532130975f,1.4000237928472352f,0.1910928865406095f,0.2133697418093105f,-0.9581006533730189f,1.710558317687265f,0f,0f,0f,1f], start_interpolation: 0, interpolation_duration: 1 }
$data merge entity $(bone_right_whisker13) { transformation: [-0.09110337005130957f,-0.9942288560545419f,-0.05664942853878699f,-0.6487009638958176f,-0.9699211478170306f,0.07569401231210673f,0.23135121248307333f,1.726803867062934f,-0.22572802879258888f,0.07602235387418371f,-0.9712195728715728f,1.786609264887893f,0f,0f,0f,1f], start_interpolation: 0, interpolation_duration: 1 }
$data merge entity $(bone_right_whisker12) { transformation: [0.07297852409510629f,-0.9966983559322535f,-0.03558823264567818f,-0.681484285266666f,-0.8963754373931259f,-0.08119345999463914f,0.43579662377349954f,2.129472520579377f,-0.43724731017947094f,0.00009662319519774046f,-0.8993413036243668f,1.9830289550075773f,0f,0f,0f,1f], start_interpolation: 0, interpolation_duration: 1 }
$data merge entity $(bone_right_whisker11) { transformation: [0.2941239622443748f,-0.9556919953473871f,-0.011996035286693907f,-0.8136102839311313f,-0.9449909431945549f,-0.29266424612097397f,0.14608133461434186f,2.5539801708425562f,-0.14311957278421084f,-0.031629876246548644f,-0.9891998477631772f,2.0473209505942345f,0f,0f,0f,1f], start_interpolation: 0, interpolation_duration: 1 }
$data merge entity $(bone_right_whisker10) { transformation: [0.06908705239501114f,-0.9925458791567258f,0.10039749479131281f,-0.8446454832492027f,-0.9921779476936605f,-0.07885044401240329f,-0.09677565597526402f,2.9996851082830673f,0.10397066558296489f,-0.09292623552070511f,-0.9902296781303748f,2.000615378164387f,0f,0f,0f,1f], start_interpolation: 0, interpolation_duration: 1 }
$data merge entity $(bone_right_whisker1) { transformation: [-0.3378973944510566f,-0.9385669051574015f,0.0701249981564683f,-0.6928556380856422f,-0.9246100203760161f,0.3449453719285574f,0.16158279798707625f,3.4150372658738557f,-0.17584556020397635f,-0.010239869546375707f,-0.9843645077044493f,2.079608500912267f,0f,0f,0f,1f], start_interpolation: 0, interpolation_duration: 1 }
$data merge entity $(bone_left_whisker16) { transformation: [0.2584748320762219f,-0.9148265741804813f,0.31029518261870137f,1.184348496630431f,-0.9645383587708544f,-0.2621742121448542f,0.030503064532130975f,1.3034007126149503f,0.05344638100746587f,-0.30717588066029755f,-0.9501507578788617f,1.8993812067855251f,0f,0f,0f,1f], start_interpolation: 0, interpolation_duration: 1 }
$data merge entity $(bone_left_whisker15) { transformation: [-0.8732623704038187f,-0.37567237332592135f,0.31029518261870137f,0.8901341237893006f,-0.38582879463628034f,0.9220659977917325f,0.030503064532130975f,1.173409565984563f,-0.29757179581778026f,-0.0930836378533084f,-0.9501507578788617f,1.7991250841711364f,0f,0f,0f,1f], start_interpolation: 0, interpolation_duration: 1 }
$data merge entity $(bone_left_whisker14) { transformation: [-0.7095314223434466f,0.6326784810240604f,0.31029518261870137f,0.6510830098161671f,0.6726172994416717f,0.7393615702387708f,0.030503064532130975f,1.4000237928472352f,-0.21012170092372146f,0.23035279052606833f,-0.9501507578788617f,1.7283321282935153f,0f,0f,0f,1f], start_interpolation: 0, interpolation_duration: 1 }
$data merge entity $(bone_left_whisker13) { transformation: [-0.09710076906251383f,0.991843257548349f,0.08257356176978192f,0.6183683952394412f,0.9699211478170306f,0.07569401231210673f,0.23135121248307333f,1.726803867062934f,0.2232138160257156f,0.10255422446673884f,-0.9693596976248102f,1.8035360018568667f,0f,0f,0f,1f], start_interpolation: 0, interpolation_duration: 1 }
$data merge entity $(bone_left_whisker12) { transformation: [0.061272221208633f,0.996340092767021f,0.059599785680525895f,0.6458930258605068f,0.8963754373931259f,-0.08119345999463914f,0.43579662377349954f,2.129472520579377f,0.4390407613723841f,0.026721556824092656f,-0.8980696900878316f,2.0007613438796175f,0f,0f,0f,1f], start_interpolation: 0, interpolation_duration: 1 }
$data merge entity $(bone_left_whisker11) { transformation: [0.29019582425463314f,0.9561958809529565f,0.038416413598534316f,0.7762544312873928f,0.9449909431945549f,-0.29266424612097397f,0.14608133461434186f,2.5539801708425562f,0.15092548116683105f,-0.006089030385994801f,-0.9885263895534194f,2.06855989987253f,0f,0f,0f,1f], start_interpolation: 0, interpolation_duration: 1 }
$data merge entity $(bone_left_whisker10) { transformation: [0.07183978356436652f,0.994674032863276f,-0.07390949766391047f,0.808526209060448f,0.9921779476936605f,-0.07885044401240329f,-0.09677565597526402f,2.9996851082830673f,-0.10208802871943762f,-0.06637903152768554f,-0.9925582393822671f,2.02270004322122f,0f,0f,0f,1f], start_interpolation: 0, interpolation_duration: 1 }
$data merge entity $(bone_left_whisker1) { transformation: [-0.34247420384007665f,0.9385055072389659f,-0.04380448134879699f,0.6546803753041636f,0.9246100203760161f,0.3449453719285574f,0.16158279798707625f,3.4150372658738557f,0.16675649889695088f,0.014835877702403938f,-0.9858864877907753f,2.0976101892100845f,0f,0f,0f,1f], start_interpolation: 0, interpolation_duration: 1 }
$data merge entity $(bone_upper_left_tooth1) { transformation: [-0.9999107809501168f,-0.006321134133594067f,0.011767472243128158f,0.2762621996446477f,0f,0.8809455675930266f,0.4732176105537498f,3.270946138156675f,-0.013357774505046856f,0.4731753905281483f,-0.8808669704664869f,3.1003086397913955f,0f,0f,0f,1f], start_interpolation: 0, interpolation_duration: 1 }
$data merge entity $(bone_upper_right_tooth1) { transformation: [-0.9999107809501168f,-0.006321134133594067f,0.011767472243128158f,-0.3975058070502551f,0f,0.8809455675930266f,0.4732176105537498f,3.270946138156675f,-0.013357774505046856f,0.4731753905281483f,-0.8808669704664869f,3.091307795642487f,0f,0f,0f,1f], start_interpolation: 0, interpolation_duration: 1 }
$data merge entity $(bone_top_lip1) { transformation: [-0.9999107809501168f,-0.0005988792202897527f,0.01334434274916471f,-0.03332865970711663f,0f,0.998994461549185f,0.0448337573046681f,3.3797738864970244f,-0.013357774505046856f,0.04482975727943883f,-0.998905332212487f,3.154637053492812f,0f,0f,0f,1f], start_interpolation: 0, interpolation_duration: 1 }
$data merge entity $(bone_muzzle1) { transformation: [-0.9999107809501168f,-0.006321134133594067f,0.011767472243128158f,-0.02778578773274777f,0f,0.8809455675930266f,0.4732176105537498f,3.7938981408702697f,-0.013357774505046856f,0.4731753905281483f,-0.8808669704664869f,2.739719325805191f,0f,0f,0f,1f], start_interpolation: 0, interpolation_duration: 1 }
$data merge entity $(bone_jaw_right_tooth1) { transformation: [-0.9999107809501168f,0.0016813367165733884f,0.013251537517329144f,-0.3974485258051564f,0f,0.9920468048268393f,-0.12586952384457017f,3.1803594126365287f,-0.013357774505046856f,-0.12585829388524342f,-0.9919582953534729f,3.0870199455594562f,0f,0f,0f,1f], start_interpolation: 0, interpolation_duration: 1 }
$data merge entity $(bone_jaw_left_tooth1) { transformation: [-0.9999107809501168f,0.0016813367165733884f,0.013251537517329144f,0.33246681478098844f,0f,0.9920468048268393f,-0.12586952384457017f,3.1803594126365287f,-0.013357774505046856f,-0.12585829388524342f,-0.9919582953534729f,3.0967708600541073f,0f,0f,0f,1f], start_interpolation: 0, interpolation_duration: 1 }
$data merge entity $(bone_tongue1) { transformation: [-0.9999107809501168f,-0.002962078201961676f,0.01302521525553966f,-0.021818441219671532f,0f,0.9751036934048001f,0.22174937904832437f,3.3457663478040556f,-0.013357774505046856f,0.2217295947794136f,-0.9750166955797368f,2.293027093514877f,0f,0f,0f,1f], start_interpolation: 0, interpolation_duration: 1 }
$data merge entity $(bone_jaw_lips1) { transformation: [-0.9999107809501168f,-0.002962078201961676f,0.01302521525553966f,0.023009103332769766f,0f,0.9751036934048001f,0.22174937904832437f,3.0206037175901064f,-0.013357774505046856f,0.2217295947794136f,-0.9750166955797368f,3.141132342200727f,0f,0f,0f,1f], start_interpolation: 0, interpolation_duration: 1 }
$data merge entity $(bone_jaw3) { transformation: [-0.9999107809501168f,-0.0006453119072636019f,0.013342177943275357f,0.035050570224654125f,0f,0.998832398183874f,0.04830983686839385f,2.979876557438974f,-0.013357774505046856f,0.04830552671064853f,-0.9987432833063155f,2.2397552034340897f,0f,0f,0f,1f], start_interpolation: 0, interpolation_duration: 1 }
$data merge entity $(bone_jaw1) { transformation: [-0.9999107809501168f,-0.009890648925094107f,0.008978040073881071f,0.04311677810353165f,0f,0.6721209487769819f,0.7404413752722964f,3.645116855535178f,-0.013357774505046856f,0.7403753137963004f,-0.6720609827845253f,1.6359504142136179f,0f,0f,0f,1f], start_interpolation: 0, interpolation_duration: 1 }
$data merge entity $(bone_tear_right1) { transformation: [-0.9999107809501168f,-0.007322683093425455f,0.011171770318125085f,-0.6338353942717555f,0f,0.8363496714145123f,0.5481963399411175f,3.877800146302175f,-0.013357774505046856f,0.5481474303845186f,-0.8362750530914584f,2.706047763906914f,0f,0f,0f,1f], start_interpolation: 0, interpolation_duration: 1 }
$data merge entity $(bone_right_pupil1) { transformation: [-0.9999107809501168f,-0.007322683093425455f,0.011171770318125085f,-0.450124708714702f,0f,0.8363496714145123f,0.5481963399411175f,3.934787123603671f,-0.013357774505046856f,0.5481474303845186f,-0.8362750530914584f,2.8264330822215644f,0f,0f,0f,1f], start_interpolation: 0, interpolation_duration: 1 }
$data merge entity $(bone_right_sad_pupil1) { transformation: [-0.9999107809501168f,-0.007322683093425455f,0.011171770318125085f,-0.44999924449726214f,0f,0.8363496714145123f,0.5481963399411175f,3.940943625468244f,-0.013357774505046856f,0.5481474303845186f,-0.8362750530914584f,2.8170413213714163f,0f,0f,0f,1f], start_interpolation: 0, interpolation_duration: 1 }
$data merge entity $(bone_right_happy_pupil1) { transformation: [-0.9999107809501168f,-0.007322683093425455f,0.011171770318125085f,-0.4778669618224182f,0f,0.8363496714145123f,0.5481963399411175f,3.9174624289091735f,-0.013357774505046856f,0.5481474303845186f,-0.8362750530914584f,2.8012766065211627f,0f,0f,0f,1f], start_interpolation: 0, interpolation_duration: 1 }
$data merge entity $(bone_eyelid_right1) { transformation: [-0.9999107809501168f,-0.007322683093425455f,0.011171770318125085f,-0.010980017501534116f,0f,0.8363496714145123f,0.5481963399411175f,4.201805724452432f,-0.013357774505046856f,0.5481474303845186f,-0.8362750530914584f,2.3224490623900413f,0f,0f,0f,1f], start_interpolation: 0, interpolation_duration: 1 }
$data merge entity $(bone_eyelid_expressions_right5) { transformation: [-0.9999107809501168f,-0.007322683093425455f,0.011171770318125085f,-0.5799601247406502f,0f,0.8363496714145123f,0.5481963399411175f,4.034869613957179f,-0.013357774505046856f,0.5481474303845186f,-0.8362750530914584f,2.8768756902499204f,0f,0f,0f,1f], start_interpolation: 0, interpolation_duration: 1 }
$data merge entity $(bone_eyelid_expressions_right7) { transformation: [-0.9999107809501168f,-0.007322683093425455f,0.011171770318125085f,-0.24307612139319876f,0f,0.8363496714145123f,0.5481963399411175f,4.034869613957179f,-0.013357774505046856f,0.5481474303845186f,-0.8362750530914584f,2.8813761123243746f,0f,0f,0f,1f], start_interpolation: 0, interpolation_duration: 1 }
$data merge entity $(bone_eyelid_expressions_right6) { transformation: [-0.9999107809501168f,-0.007322683093425455f,0.011171770318125085f,-0.3553707891756826f,0f,0.8363496714145123f,0.5481963399411175f,4.034869613957179f,-0.013357774505046856f,0.5481474303845186f,-0.8362750530914584f,2.87987597163289f,0f,0f,0f,1f], start_interpolation: 0, interpolation_duration: 1 }
$data merge entity $(bone_right_eye1) { transformation: [-0.9999107809501168f,-0.007322683093425455f,0.011171770318125085f,-0.022334948497222378f,0f,0.8363496714145123f,0.5481963399411175f,4.195649222587859f,-0.013357774505046856f,0.5481474303845186f,-0.8362750530914584f,2.331690809171041f,0f,0f,0f,1f], start_interpolation: 0, interpolation_duration: 1 }
$data merge entity $(bone_tear_left1) { transformation: [-0.9999107809501168f,-0.007322683093425455f,0.011171770318125085f,0.5789470177790698f,0f,0.8363496714145123f,0.5481963399411175f,3.877800146302175f,-0.013357774505046856f,0.5481474303845186f,-0.8362750530914584f,2.7222492833749494f,0f,0f,0f,1f], start_interpolation: 0, interpolation_duration: 1 }
$data merge entity $(bone_left_sad_pupil1) { transformation: [-0.9999107809501168f,-0.007322683093425455f,0.011171770318125085f,0.39221076387136644f,0f,0.8363496714145123f,0.5481963399411175f,3.940943625468244f,-0.013357774505046856f,0.5481474303845186f,-0.8362750530914584f,2.828292376557552f,0f,0f,0f,1f], start_interpolation: 0, interpolation_duration: 1 }
$data merge entity $(bone_left_pupil1) { transformation: [-0.9999107809501168f,-0.007322683093425455f,0.011171770318125085f,0.3920852996539266f,0f,0.8363496714145123f,0.5481963399411175f,3.934787123603671f,-0.013357774505046856f,0.5481474303845186f,-0.8362750530914584f,2.8376841374077f,0f,0f,0f,1f], start_interpolation: 0, interpolation_duration: 1 }
$data merge entity $(bone_eyelid_left1) { transformation: [-0.9999107809501168f,-0.007322683093425455f,0.011171770318125085f,-0.03343895105803088f,0f,0.8363496714145123f,0.5481963399411175f,4.201805724452432f,-0.013357774505046856f,0.5481474303845186f,-0.8362750530914584f,2.322149034251744f,0f,0f,0f,1f], start_interpolation: 0, interpolation_duration: 1 }
$data merge entity $(bone_left_happy_pupil1) { transformation: [-0.9999107809501168f,-0.007322683093425455f,0.011171770318125085f,0.4204903804374522f,0f,0.8363496714145123f,0.5481963399411175f,3.9174624289091735f,-0.013357774505046856f,0.5481474303845186f,-0.8362750530914584f,2.813277732053041f,0f,0f,0f,1f], start_interpolation: 0, interpolation_duration: 1 }
$data merge entity $(bone_eyelid_expressions_left5) { transformation: [-0.9999107809501168f,-0.007322683093425455f,0.011171770318125085f,0.5205276195276911f,0f,0.8363496714145123f,0.5481963399411175f,4.034869613957179f,-0.013357774505046856f,0.5481474303845186f,-0.8362750530914584f,2.891577069026471f,0f,0f,0f,1f], start_interpolation: 0, interpolation_duration: 1 }
$data merge entity $(bone_eyelid_expressions_left7) { transformation: [-0.9999107809501168f,-0.007322683093425455f,0.011171770318125085f,0.1836436161802397f,0f,0.8363496714145123f,0.5481963399411175f,4.034869613957179f,-0.013357774505046856f,0.5481474303845186f,-0.8362750530914584f,2.887076646952017f,0f,0f,0f,1f], start_interpolation: 0, interpolation_duration: 1 }
$data merge entity $(bone_eyelid_expressions_left6) { transformation: [-0.9999107809501168f,-0.007322683093425455f,0.011171770318125085f,0.29593828396272354f,0f,0.8363496714145123f,0.5481963399411175f,4.034869613957179f,-0.013357774505046856f,0.5481474303845186f,-0.8362750530914584f,2.8885767876435016f,0f,0f,0f,1f], start_interpolation: 0, interpolation_duration: 1 }
$data merge entity $(bone_left_eye1) { transformation: [-0.9999107809501168f,-0.007322683093425455f,0.011171770318125085f,-0.022334948497222378f,0f,0.8363496714145123f,0.5481963399411175f,4.195649222587859f,-0.013357774505046856f,0.5481474303845186f,-0.8362750530914584f,2.331690809171041f,0f,0f,0f,1f], start_interpolation: 0, interpolation_duration: 1 }
$data merge entity $(bone_crest_middle5) { transformation: [-0.9999107809501168f,-0.004731092610855764f,0.012491873455778586f,-0.03780817135284492f,0f,0.9351762489371931f,0.3541826978040584f,5.093227927382309f,-0.013357774505046856f,0.35415109796027544f,-0.9350928134007894f,3.4899557838893336f,0f,0f,0f,1f], start_interpolation: 0, interpolation_duration: 1 }
$data merge entity $(bone_crest_middle4) { transformation: [-0.9999107809501168f,-0.004731092610855764f,0.012491873455778586f,-0.03462022808967063f,0f,0.9351762489371931f,0.3541826978040584f,4.463079869016427f,-0.013357774505046856f,0.35415109796027544f,-0.9350928134007894f,3.25131881358407f,0f,0f,0f,1f], start_interpolation: 0, interpolation_duration: 1 }
$data merge entity $(bone_crest_middle1) { transformation: [-0.9999107809501168f,-0.004731092610855764f,0.012491873455778586f,-0.0332814470901125f,0f,0.9351762489371931f,0.3541826978040584f,3.9606364150615154f,-0.013357774505046856f,0.35415109796027544f,-0.9350928134007894f,3.1511029015484553f,0f,0f,0f,1f], start_interpolation: 0, interpolation_duration: 1 }
$data merge entity $(bone_crest_left5) { transformation: [-0.5310757827048708f,-0.838544118380478f,0.12166459860582157f,-1.138622162607354f,-0.7053701585794174f,0.5170799060871147f,0.48485184346002863f,4.502699753109868f,-0.4694799808405642f,0.17167449504934484f,-0.866092613604051f,3.2063274059616296f,0f,0f,0f,1f], start_interpolation: 0, interpolation_duration: 1 }
$data merge entity $(bone_crest_left4) { transformation: [-0.5310757827048708f,-0.838544118380478f,0.12166459860582157f,-0.6677599867589411f,-0.7053701585794174f,0.5170799060871147f,0.48485184346002863f,4.212347266781654f,-0.4694799808405642f,0.17167449504934484f,-0.866092613604051f,3.109928153370445f,0f,0f,0f,1f], start_interpolation: 0, interpolation_duration: 1 }
$data merge entity $(bone_crest_left1) { transformation: [-0.5310757827048708f,-0.838544118380478f,0.12166459860582157f,-0.14297984096256774f,-0.7053701585794174f,0.5170799060871147f,0.48485184346002863f,3.9201850992024077f,-0.4694799808405642f,0.17167449504934484f,-0.866092613604051f,2.955255845361711f,0f,0f,0f,1f], start_interpolation: 0, interpolation_duration: 1 }
$data merge entity $(bone_crest_center1) { transformation: [-0.9999107809501168f,-0.007322683093425455f,0.011171770318125085f,-0.030479582902556007f,0f,0.8363496714145123f,0.5481963399411175f,3.896703902643337f,-0.013357774505046856f,0.5481474303845186f,-0.8362750530914584f,2.9413663015753633f,0f,0f,0f,1f], start_interpolation: 0, interpolation_duration: 1 }
$data merge entity $(bone_crest_right5) { transformation: [-0.5434275592676582f,0.8336589060981052f,-0.09848510603998115f,1.0701895949058766f,0.7053701585794174f,0.5170799060871147f,0.48485184346002863f,4.502699753109867f,0.45512572682067043f,0.19401339903277592f,-0.8690335861068347f,3.235834847968528f,0f,0f,0f,1f], start_interpolation: 0, interpolation_duration: 1 }
$data merge entity $(bone_crest_right4) { transformation: [-0.5434275592676582f,0.8336589060981052f,-0.09848510603998115f,0.6020705802511789f,0.7053701585794174f,0.5170799060871147f,0.48485184346002863f,4.212347266781653f,0.45512572682067043f,0.19401339903277592f,-0.8690335861068347f,3.1268917772225846f,0f,0f,0f,1f], start_interpolation: 0, interpolation_duration: 1 }
$data merge entity $(bone_crest_right1) { transformation: [-0.5434275592676582f,0.8336589060981052f,-0.09848510603998115f,0.08160949460239986f,0.7053701585794174f,0.5170799060871147f,0.48485184346002863f,3.920185099202407f,0.45512572682067043f,0.19401339903277592f,-0.8690335861068347f,2.9582561267446805f,0f,0f,0f,1f], start_interpolation: 0, interpolation_duration: 1 }
$data merge entity $(bone_head1) { transformation: [-1.0480835659698484f,-0.007675468607041f,0.011709993627722251f,-0.01502323071979457f,0f,0.8766425592300549f,0.5746068406934888f,4.487293830894912f,-0.014001313120524366f,0.5745555748171058f,-0.8765643460138329f,1.7843641994762587f,0f,0f,0f,1f], start_interpolation: 0, interpolation_duration: 1 }
$data merge entity $(bone_neck10) { transformation: [-1.4972622370997841f,-0.00963205181534963f,0.017529934877343535f,0.0003564634249175868f,0f,1.3123394822034427f,0.7210820793321852f,4.607362967758061f,-0.02000187588646339f,0.7210177450741794f,-1.3122223965217161f,0.6331004184322819f,0f,0f,0f,1f], start_interpolation: 0, interpolation_duration: 1 }
$data merge entity $(bone_neck9) { transformation: [-1.1454056113813356f,-0.00838819069198053f,0.012797350178867904f,0.010419973611811012f,0f,0.9580450825871324f,0.6279631901864563f,3.355542608079047f,-0.015301435053144503f,0.6279071639072662f,-0.9579596067151186f,-0.12021461366937508f,0f,0f,0f,1f], start_interpolation: 0, interpolation_duration: 1 }
$data merge entity $(bone_neck8) { transformation: [-1.063056188340847f,0.0022843823723729183f,0.014016398407770176f,0.008274351381143644f,0f,1.0493064097222544f,-0.1710151920523758f,2.578017185601299f,-0.014201331879389009f,-0.1709999342394253f,-1.0492127916013425f,0.04039827880608554f,0f,0f,0f,1f], start_interpolation: 0, interpolation_duration: 1 }
$data merge entity $(bone_neck7) { transformation: [-1.055569877155348f,0.006079463381682648f,0.012723498781332299f,0.0025049613626924594f,0f,0.9525163624019173f,-0.45512546864641984f,1.7257739392605456f,-0.01410132249995669f,-0.45508486278452953f,-0.9524313797970655f,0.47227226176452874f,0f,0f,0f,1f], start_interpolation: 0, interpolation_duration: 1 }
$data merge entity $(bone_neck6) { transformation: [-1.0495808282069485f,0.00393636903215267f,0.013457424459059198f,-0.0008589752094967373f,0f,1.0074600715841322f,-0.29468748934677896f,0.8330293852156747f,-0.014021314996410836f,-0.2946611976089669f,-1.0073701869537501f,0.7240834031858414f,0f,0f,0f,1f], start_interpolation: 0, interpolation_duration: 1 }
$data merge entity $(bone_neck_spine6) { transformation: [-1.264667236193892f,0.1198709083553507f,0.07895008261221777f,0.0020397325149098394f,0.06567740414053012f,-0.13922376987741805f,1.2634431483067177f,0.11286939008634045f,0.12762691252151473f,1.2594574529327667f,0.13215015690131685f,-1.862304220023601f,0f,0f,0f,1f], start_interpolation: 0, interpolation_duration: 1 }
$data merge entity $(bone_neck_spine7) { transformation: [-0.9888411180845815f,0.14780519162864786f,0.018624406375876576f,-0.42629501665442726f,0.03930794936492868f,0.13827905959566344f,0.9896129479721165f,0.5785593750869263f,0.14369456601402608f,0.9793020611665011f,-0.14254593888667302f,-5.44452484869784f,0f,0f,0f,1f], start_interpolation: 0, interpolation_duration: 1 }
$data merge entity $(bone_tail6) { transformation: [-1.6299221493111455f,-0.41424438927731727f,-0.3702125209448303f,-0.05621818842910886f,-0.414880237417345f,0.14437549975308345f,1.6650321441938294f,0.7217311774796078f,-0.3694998150372895f,1.6651904511347753f,-0.23645842269646267f,-9.19027577787815f,0f,0f,0f,1f], start_interpolation: 0, interpolation_duration: 1 }
$data merge entity $(bone_tail5) { transformation: [-1.3464574276918158f,-0.3422018867943055f,-0.30582773469355545f,-0.27234569587814395f,-0.342727152649111f,0.11926671718732981f,1.375461336507946f,0.7970575251768687f,-0.30523897763950003f,1.3755921118069883f,-0.19533521874925175f,-8.321480759894788f,0f,0f,0f,1f], start_interpolation: 0, interpolation_duration: 1 }
$data merge entity $(bone_tail4) { transformation: [-0.9921265256676536f,-0.2521487586905409f,-0.2253467518794619f,-0.3804094496026615f,-0.25253579668881865f,0.08788073898013773f,1.0134978269005916f,0.8347206990254992f,-0.22491293089226314f,1.0135941876472543f,-0.14393121381523813f,-7.887083250903108f,0f,0f,0f,1f], start_interpolation: 0, interpolation_duration: 1 }
$data merge entity $(bone_segment18) { transformation: [-0.9465256791462833f,-0.18252277049155619f,-0.2660349168224994f,-0.4829002631111037f,-0.2409285613130593f,-0.1485371965778911f,0.9591090290349685f,0.7513135818064686f,-0.2145753179195753f,0.97191673485174f,0.09661932236796877f,-7.341329224985382f,0f,0f,0f,1f], start_interpolation: 0, interpolation_duration: 1 }
$data merge entity $(bone_segment17) { transformation: [-0.9942484931685218f,-0.09341548726525392f,0.052378245208476434f,-0.5510917442935035f,0.08787025153628467f,-0.431934972363087f,0.8976140587940058f,0.43600948821134367f,-0.0612270587818341f,0.8970539149843193f,0.4376591377821686f,-6.686497387631105f,0f,0f,0f,1f], start_interpolation: 0, interpolation_duration: 1 }
$data merge entity $(bone_segment16) { transformation: [-0.9956743776983624f,0.06369221691774868f,0.06764491924070572f,-0.4902918008978986f,0.04712274746782927f,-0.2812947824650147f,0.9584637145082973f,0.16748834577037483f,0.0800748416549314f,0.9575053769363713f,0.2770766552271682f,-5.772472479471629f,0f,0f,0f,1f], start_interpolation: 0, interpolation_duration: 1 }
$data merge entity $(bone_segment15) { transformation: [-0.9888411180845815f,0.13794850077991008f,0.056244593676283705f,-0.32762303655049485f,0.03930794936492868f,-0.12256336331681718f,0.9916819586385515f,0.022961723499811598f,0.14369456601402608f,0.9828267564047313f,0.11577322053478348f,-4.613523936152574f,0f,0f,0f,1f], start_interpolation: 0, interpolation_duration: 1 }
$data merge entity $(bone_segment14) { transformation: [-1.0372119050483124f,0.13446538867773766f,0.0691789079052837f,-0.17634947428803996f,0.042281484109533356f,-0.2025096891532805f,1.0275589033849635f,-0.20486167679762896f,0.14518587449444956f,1.0195999622753813f,0.19496711722876547f,-3.46647397859277f,0f,0f,0f,1f], start_interpolation: 0, interpolation_duration: 1 }
$data merge entity $(bone_segment13) { transformation: [-1.0191730079915482f,0.0840859757960465f,0.07943261470626714f,-0.07725226615691093f,0.05292826098383897f,-0.2872996765454684f,0.9832350211771768f,-0.5777925582876705f,0.10285227656145597f,0.9810616985462656f,0.2811280218598454f,-2.292598331349672f,0f,0f,0f,1f], start_interpolation: 0, interpolation_duration: 1 }
$data merge entity $(bone_segment12) { transformation: [-1.1133865907551008f,0.05105935492367156f,0.047298234567355664f,-0.015569823967240588f,0.05174594956324768f,0.10027232746422965f,1.1098385910754682f,-0.4566582029617555f,0.046546078483669116f,1.109870390546284f,-0.10244539988748798f,-0.9518153092132215f,0f,0f,0f,1f], start_interpolation: 0, interpolation_duration: 1 }
$data merge entity $(bone_segment11) { transformation: [-1.1902446170722412f,0.01022747660592669f,0.01833006094306455f,0.0024452356326814303f,0.02092258839093761f,0.6615020731165655f,0.9894948678183512f,0.3077048240621536f,-0.001684549472304293f,0.9896631987025222f,-0.6615789872028239f,0.1919083037899869f,0f,0f,0f,1f], start_interpolation: 0, interpolation_duration: 1 }
$data merge entity $(bone_segment10) { transformation: [-1.0480835659698489f,-0.007868255752222287f,0.011581335005800877f,-0.0018049192211612494f,0f,0.8670108184132916f,0.5890394203951782f,1.1952462690978272f,-0.014001313120524373f,0.5889868668577467f,-0.8669334645318343f,0.7948930739944915f,0f,0f,0f,1f], start_interpolation: 0, interpolation_duration: 1 }