# This file was generated by Animated Java via MC-Build. It is not recommended to edit this file directly.
$data merge entity $(bone_neck_spine5) { transformation: [-1.3667059090220568f,0.007076331319984994f,-0.0355885365742137f,0.07842700644960025f,0f,1.3409366124717155f,0.2666283208684549f,3.76045727667704f,0.03628523667339579f,0.2665344012021367f,-1.3404642683531798f,-0.46089988668961357f,0f,0f,0f,1f], start_interpolation: 0, interpolation_duration: 1 }
$data merge entity $(bone_neck_spine2) { transformation: [-1.3016246752591014f,0.006199518193376059f,-0.033996730361217184f,0.023631212975141404f,0f,1.280959118693183f,0.23359097410051763f,4.883749933027228f,0.03455736826037693f,0.2335086918198093f,-1.2805079016109049f,1.1547618793741394f,0f,0f,0f,1f], start_interpolation: 0, interpolation_duration: 1 }
$data merge entity $(bone_scale_neck_left1) { transformation: [-1.3799869199952208f,0.38060093209325047f,0.0473122556493622f,0.702484247332263f,0.35288984358596276f,1.1908389446924423f,0.7133237585419702f,4.117611470135447f,0.15021410499269516f,0.6989312961202387f,-1.2411245644042763f,0.9671269818543513f,0f,0f,0f,1f], start_interpolation: 0, interpolation_duration: 1 }
$data merge entity $(bone_scale_neck_right1) { transformation: [-1.3860134379341322f,-0.34297847354132704f,-0.11310143657817442f,-0.6642216616897936f,-0.35288984358596276f,1.1908389446924423f,0.7133237585419702f,4.117611470135447f,-0.0767784251118787f,0.718141903034372f,-1.2368656753852816f,1.0034122185277472f,0f,0f,0f,1f], start_interpolation: 0, interpolation_duration: 1 }
$data merge entity $(bone_blush_right1) { transformation: [-0.9996477505989899f,0.011736650774005642f,-0.023803902011829768f,-0.5290880021405502f,0f,0.8969046440217919f,0.44222399248813155f,3.49614547027529f,0.026540058823969488f,0.44206821935166524f,-0.8965887098981722f,2.045768001613878f,0f,0f,0f,1f], start_interpolation: 0, interpolation_duration: 1 }
$data merge entity $(bone_blush_left1) { transformation: [-0.9996477505989899f,0.011736650774005642f,-0.023803902011829768f,0.6228498354637546f,0f,0.8969046440217919f,0.44222399248813155f,3.49614547027529f,0.026540058823969488f,0.44206821935166524f,-0.8965887098981722f,2.0151847307034445f,0f,0f,0f,1f], start_interpolation: 0, interpolation_duration: 1 }
$data merge entity $(bone_left_head_scales) { transformation: [-0.8757069654000001f,0.011736650774005642f,-0.4827002815190105f,0.6319259436717165f,-0.2041963152706548f,0.8969046440217919f,0.39225747202829725f,4.2166204858856515f,0.43753991312771734f,0.44206821935166524f,-0.7830290632278205f,1.989084040787412f,0f,0f,0f,1f], start_interpolation: 0, interpolation_duration: 1 }
$data merge entity $(bone_left_head_scales2) { transformation: [-0.80521014118486f,0.011736650774005642f,-0.5928734093899531f,0.6262435849632888f,-0.25364926168027424f,0.8969046440217919f,0.3622486874802927f,3.4511348275939984f,0.5360025005371801f,0.44206821935166524f,-0.7192197222387181f,1.7750544812204136f,0f,0f,0f,1f], start_interpolation: 0, interpolation_duration: 1 }
$data merge entity $(bone_left_head_scales1) { transformation: [-0.9996477505989899f,0.011736650774005642f,-0.023803902011829768f,0.6307797863695676f,0f,0.8969046440217919f,0.44222399248813155f,4.129032141742899f,0.026540058823969488f,0.44206821935166524f,-0.8965887098981722f,1.9459133162413509f,0f,0f,0f,1f], start_interpolation: 0, interpolation_duration: 1 }
$data merge entity $(bone_right_head_scales) { transformation: [-0.8976898028870902f,0.011736650774005642f,0.4404716436061988f,-0.5395362640614748f,0.2041963152706548f,0.8969046440217919f,0.39225747202829725f,4.2166204858856515f,-0.39045727374762096f,0.44206821935166524f,-0.8075387339421087f,2.0201856722217513f,0f,0f,0f,1f], start_interpolation: 0, interpolation_duration: 1 }
$data merge entity $(bone_right_head_scales2) { transformation: [-0.8325168557592497f,0.011736650774005642f,0.5538753793998626f,-0.5452186227699025f,0.25364926168027424f,0.8969046440217919f,0.3622486874802927f,3.4511348275939984f,-0.49252181365477077f,0.44206821935166524f,-0.7496652269603171f,1.806156112654753f,0f,0f,0f,1f], start_interpolation: 0, interpolation_duration: 1 }
$data merge entity $(bone_right_head_scales1) { transformation: [-0.9996477505989899f,0.011736650774005642f,-0.023803902011829768f,-0.5406824213636238f,0f,0.8969046440217919f,0.44222399248813155f,4.129032141742899f,0.026540058823969488f,0.44206821935166524f,-0.8965887098981722f,1.9770149476756902f,0f,0f,0f,1f], start_interpolation: 0, interpolation_duration: 1 }
$data merge entity $(bone_head_left_fin1) { transformation: [-0.6746101128772466f,0.02387337733260831f,-0.737788084383642f,0.6247382577385495f,-0.0715623384470428f,0.9926539760730215f,0.09755467955158562f,3.8329654458700926f,0.7346972351382167f,0.11860921398085622f,-0.6679459761381186f,1.7183553991231673f,0f,0f,0f,1f], start_interpolation: 0, interpolation_duration: 1 }
$data merge entity $(bone_head_right_fin1) { transformation: [-0.7126438349748407f,-0.017546172381933053f,0.7013065637131137f,-0.5467239499946418f,0.0715623384470428f,0.9926539760730215f,0.09755467955158562f,3.8329654458700926f,-0.6978664601400065f,0.11970887862295398f,-0.7061530911852558f,1.7494570305575066f,0f,0f,0f,1f], start_interpolation: 0, interpolation_duration: 1 }
$data merge entity $(bone_right_whisker16) { transformation: [0.25463896597056634f,0.9116030410101963f,-0.3227055819635038f,-1.0026169393203745f,0.9512640208533574f,-0.29615133843396635f,-0.08597178242698966f,1.4538835132072063f,-0.17394182832011446f,-0.28508644367057007f,-0.9425868448031317f,1.8438411896598648f,0f,0f,0f,1f], start_interpolation: 0, interpolation_duration: 1 }
$data merge entity $(bone_right_whisker15) { transformation: [-0.8705670960033087f,0.3714485680763388f,-0.3227055819635038f,-0.7475679854131552f,0.4177825931172564f,0.9044703187581931f,-0.08597178242698966f,1.3314862691298852f,0.2599435251061025f,-0.2096649798118187f,-0.9425868448031317f,1.7676858600389362f,0f,0f,0f,1f], start_interpolation: 0, interpolation_duration: 1 }
$data merge entity $(bone_right_whisker14) { transformation: [-0.7045642825727658f,-0.6320207900791874f,-0.3227055819635038f,-0.5411526682531652f,-0.6431659397453346f,0.7608852913401776f,-0.08597178242698966f,1.5199137905396511f,0.2998778846034242f,0.14698059167744804f,-0.9425868448031317f,1.6798310110340269f,0f,0f,0f,1f], start_interpolation: 0, interpolation_duration: 1 }
$data merge entity $(bone_right_whisker13) { transformation: [-0.09685492543375417f,-0.9906672984655001f,-0.0959032177264667f,-0.5127772018174951f,-0.9900454931568181f,0.08600880526666481f,0.11141098193837945f,1.8099661811129377f,-0.10212269531840068f,0.10573925083746843f,-0.9891360704843578f,1.7097497694280896f,0f,0f,0f,1f], start_interpolation: 0, interpolation_duration: 1 }
$data merge entity $(bone_right_whisker12) { transformation: [0.058463152865154286f,-0.9956413071594167f,-0.07266668586741756f,-0.535614370905446f,-0.9430808427262729f,-0.07895496783764813f,0.32305516113577126f,2.178357135302888f,-0.32738445876334565f,0.0496437360766118f,-0.9435861993631464f,1.8376343236325214f,0f,0f,0f,1f], start_interpolation: 0, interpolation_duration: 1 }
$data merge entity $(bone_right_whisker11) { transformation: [0.29126518034143467f,-0.955243058633281f,-0.05172324094259599f,-0.6493898319763188f,-0.9558649152948919f,-0.2927821060379873f,0.024513304392717372f,2.5517418678399553f,-0.03855980327959141f,0.04230055929766247f,-0.998360558242434f,1.8526967467886117f,0f,0f,0f,1f], start_interpolation: 0, interpolation_duration: 1 }
$data merge entity $(bone_right_whisker10) { transformation: [0.07636713928361681f,-0.9951920652338778f,0.061325470509128135f,-0.6792207457589816f,-0.9722349205732237f,-0.08796774855086516f,-0.21684311018076974f,2.9315211336888707f,0.22119520622204808f,-0.0430630759516903f,-0.9742783238038117f,1.7662923693581243f,0f,0f,0f,1f], start_interpolation: 0, interpolation_duration: 1 }
$data merge entity $(bone_right_whisker1) { transformation: [-0.34161967856326897f,-0.9393440811901763f,0.03047445407734826f,-0.5457755588202047f,-0.9385938158279388f,0.342656020401551f,0.04035468463662717f,3.298159342996659f,-0.048349189319765784f,-0.01481717974364502f,-0.9987205850870234f,1.7851787714361578f,0f,0f,0f,1f], start_interpolation: 0, interpolation_duration: 1 }
$data merge entity $(bone_left_whisker16) { transformation: [0.26350984391293325f,-0.9254459123156238f,0.2722359739991849f,1.0849971655958364f,-0.9512640208533574f,-0.29615133843396635f,-0.08597178242698966f,1.4538835132072063f,0.16018528269127885f,-0.23631387627914194f,-0.9583821925970045f,1.7884162651171682f,0f,0f,0f,1f], start_interpolation: 0, interpolation_duration: 1 }
$data merge entity $(bone_left_whisker15) { transformation: [-0.8831336577062678f,-0.3820504117090624f,0.2722359739991849f,0.8262666018147031f,-0.4177825931172564f,0.9044703187581931f,-0.08597178242698966f,1.3314862691298852f,-0.21338380330889653f,-0.1896600258314563f,-0.9583821925970045f,1.725901478991515f,0f,0f,0f,1f], start_interpolation: 0, interpolation_duration: 1 }
$data merge entity $(bone_left_whisker14) { transformation: [-0.71948367447701f,0.6389294300795475f,0.2722359739991849f,0.6154803690577666f,0.6431659397453346f,0.7608852913401776f,-0.08597178242698966f,1.5199137905396511f,-0.26207025033864617f,0.11323761212776363f,-0.9583821925970045f,1.6491230853376149f,0f,0f,0f,1f], start_interpolation: 0, interpolation_duration: 1 }
$data merge entity $(bone_left_whisker13) { transformation: [-0.09129970586223407f,0.9948823712800423f,0.043283149442594746f,0.5887324083559402f,0.9900454931568181f,0.08600880526666481f,0.11141098193837945f,1.8099661811129377f,0.1071180899257568f,0.05302407691607062f,-0.9928313865293826f,1.6805053382455515f,0f,0f,0f,1f], start_interpolation: 0, interpolation_duration: 1 }
$data merge entity $(bone_left_whisker12) { transformation: [0.07575227726712276f,0.9968728651614469f,0.022496292886896335f,0.6183231416634101f,0.9430808427262729f,-0.07895496783764813f,0.32305516113577126f,2.178357135302888f,0.3238211181679604f,-0.0032563412849407744f,-0.9461127203826657f,1.806997962529911f,0f,0f,0f,1f], start_interpolation: 0, interpolation_duration: 1 }
$data merge entity $(bone_left_whisker11) { transformation: [0.2929008986053184f,0.95614188825676f,-0.0013240532446497227f,0.7327375551811126f,0.9558649152948919f,-0.2927821060379873f,0.024513304392717372f,2.5517418678399553f,0.023050538051990477f,-0.008445584926955699f,-0.99969862698253f,1.81600207895647f,0f,0f,0f,1f], start_interpolation: 0, interpolation_duration: 1 }
$data merge entity $(bone_left_whisker10) { transformation: [0.06452262533314533f,0.9915051009960164f,-0.11293566982578317f,0.7579417057018725f,0.9722349205732237f,-0.08796774855086516f,-0.21684311018076974f,2.9315211336888707f,-0.22493574646573244f,-0.09580871522868639f,-0.9696517931959558f,1.7281365529932933f,0f,0f,0f,1f], start_interpolation: 0, interpolation_duration: 1 }
$data merge entity $(bone_left_whisker1) { transformation: [-0.3385729453795477f,0.9372345601366823f,-0.08342505584306116f,0.6256866489129866f,0.9385938158279388f,0.342656020401551f,0.04035468463662717f,3.298159342996659f,0.06640790274182423f,-0.0646392370621121f,-0.9956966202038957f,1.7540771400018185f,0f,0f,0f,1f], start_interpolation: 0, interpolation_duration: 1 }
$data merge entity $(bone_upper_left_tooth1) { transformation: [-0.9996477505989899f,0.009617342514285303f,-0.02473623749365859f,0.33190240275001354f,0f,0.9320340115945114f,0.36237080626209733f,3.280543466552337f,0.026540058823969488f,0.3622431613626479f,-0.9317057031722064f,2.647155950375719f,0f,0f,0f,1f], start_interpolation: 0, interpolation_duration: 1 }
$data merge entity $(bone_upper_right_tooth1) { transformation: [-0.9996477505989899f,0.009617342514285303f,-0.02473623749365859f,-0.2538287011165821f,0f,0.9320340115945114f,0.36237080626209733f,3.280543466552337f,0.026540058823969488f,0.3622431613626479f,-0.9317057031722064f,2.6627067660928887f,0f,0f,0f,1f], start_interpolation: 0, interpolation_duration: 1 }
$data merge entity $(bone_top_lip1) { transformation: [-0.9996477505989899f,-0.003142834483011659f,-0.02635331694098778f,0.06447573883314764f,0f,0.9929637728303358f,-0.11841851986300866f,3.380664307641591f,0.026540058823969488f,-0.11837680701031855f,-0.9926140019361316f,2.6931962388851565f,0f,0f,0f,1f], start_interpolation: 0, interpolation_duration: 1 }
$data merge entity $(bone_muzzle1) { transformation: [-0.9996477505989899f,0.009617342514285303f,-0.02473623749365859f,0.05380628827681318f,0f,0.9320340115945114f,0.36237080626209733f,3.6941315975539206f,0.026540058823969488f,0.3622431613626479f,-0.9317057031722064f,2.2913247765983344f,0f,0f,0f,1f], start_interpolation: 0, interpolation_duration: 1 }
$data merge entity $(bone_jaw_right_tooth1) { transformation: [-0.9996477505989899f,-0.003889061652686746f,-0.02625356969711666f,-0.25451207913609375f,0f,0.989205407239185f,-0.14653553251262413f,3.0710775551855036f,0.026540058823969488f,-0.14648391545906997f,-0.9888569602270093f,2.6369669098045287f,0f,0f,0f,1f], start_interpolation: 0, interpolation_duration: 1 }
$data merge entity $(bone_jaw_left_tooth1) { transformation: [-0.9996477505989899f,-0.003889061652686746f,-0.02625356969711666f,0.3800299500527182f,0f,0.989205407239185f,-0.14653553251262413f,3.0710775551855036f,0.026540058823969488f,-0.14648391545906997f,-0.9888569602270093f,2.6201201927775952f,0f,0f,0f,1f], start_interpolation: 0, interpolation_duration: 1 }
$data merge entity $(bone_tongue1) { transformation: [-0.9996477505989899f,0.009635097872326503f,-0.024729326949402605f,0.04571728210568836f,0f,0.9317736299464593f,0.36303980847339473f,3.3213364488452073f,0.026540058823969488f,0.3629119279183172f,-0.9314454132434338f,1.9866473500267208f,0f,0f,0f,1f], start_interpolation: 0, interpolation_duration: 1 }
$data merge entity $(bone_jaw_lips1) { transformation: [-0.9996477505989899f,0.009635097872326503f,-0.024729326949402605f,0.11276593046250999f,0f,0.9317736299464593f,0.36303980847339473f,2.9330693433227495f,0.026540058823969488f,0.3629119279183172f,-0.9314454132434338f,2.6722865805684775f,0f,0f,0f,1f], start_interpolation: 0, interpolation_duration: 1 }
$data merge entity $(bone_jaw3) { transformation: [-0.9996477505989899f,0.0007289064676476737f,-0.026530047450790246f,0.09198594395962344f,0f,0.9996227825550185f,0.027464387795153422f,2.881311024636427f,0.026540058823969488f,0.027454713481003423f,-0.9992706660286276f,1.88959552088148f,0f,0f,0f,1f], start_interpolation: 0, interpolation_duration: 1 }
$data merge entity $(bone_jaw1) { transformation: [-0.9996477505989899f,0.019274991163779065f,-0.018244161751530256f,0.07773269259124042f,0f,0.6874197933221291f,0.7262603030243093f,3.4487018863741685f,0.026540058823969488f,0.7260044782675916f,-0.6871776501116891f,1.352737981731723f,0f,0f,0f,1f], start_interpolation: 0, interpolation_duration: 1 }
$data merge entity $(bone_tear_right1) { transformation: [-0.9996477505989899f,0.011736650774005642f,-0.023803902011829768f,-0.474173386435554f,0f,0.8969046440217919f,0.44222399248813155f,3.763837331685149f,0.026540058823969488f,0.44206821935166524f,-0.8965887098981722f,2.274371378296222f,0f,0f,0f,1f], start_interpolation: 0, interpolation_duration: 1 }
$data merge entity $(bone_right_pupil1) { transformation: [-0.9996477505989899f,0.011736650774005642f,-0.023803902011829768f,-0.3105567280765077f,0f,0.8969046440217919f,0.44222399248813155f,3.82551411376805f,0.026540058823969488f,0.44206821935166524f,-0.8965887098981722f,2.3658001315344257f,0f,0f,0f,1f], start_interpolation: 0, interpolation_duration: 1 }
$data merge entity $(bone_right_sad_pupil1) { transformation: [-0.9996477505989899f,0.011736650774005642f,-0.023803902011829768f,-0.310789188057092f,0f,0.8969046440217919f,0.44222399248813155f,3.8298327074446923f,0.026540058823969488f,0.44206821935166524f,-0.8965887098981722f,2.357044382414326f,0f,0f,0f,1f], start_interpolation: 0, interpolation_duration: 1 }
$data merge entity $(bone_right_happy_pupil1) { transformation: [-0.9996477505989899f,0.011736650774005642f,-0.023803902011829768f,-0.335480873986112f,0f,0.8969046440217919f,0.44222399248813155f,3.8079359016917054f,0.026540058823969488f,0.44206821935166524f,-0.8965887098981722f,2.3468997817852433f,0f,0f,0f,1f], start_interpolation: 0, interpolation_duration: 1 }
$data merge entity $(bone_eyelid_right1) { transformation: [-0.9996477505989899f,0.011736650774005642f,-0.023803902011829768f,0.0528591716336074f,0f,0.8969046440217919f,0.44222399248813155f,4.001968219205411f,0.026540058823969488f,0.44206821935166524f,-0.8965887098981722f,1.8876931157573769f,0f,0f,0f,1f], start_interpolation: 0, interpolation_duration: 1 }
$data merge entity $(bone_eyelid_expressions_right5) { transformation: [-0.9996477505989899f,0.011736650774005642f,-0.023803902011829768f,-0.4219078466061184f,0f,0.8969046440217919f,0.44222399248813155f,3.917421051587446f,0.026540058823969488f,0.44206821935166524f,-0.8965887098981722f,2.4031956716790766f,0f,0f,0f,1f], start_interpolation: 0, interpolation_duration: 1 }
$data merge entity $(bone_eyelid_expressions_right7) { transformation: [-0.9996477505989899f,0.011736650774005642f,-0.023803902011829768f,-0.12904229467282058f,0f,0.8969046440217919f,0.44222399248813155f,3.917421051587446f,0.026540058823969488f,0.44206821935166524f,-0.8965887098981722f,2.395420263820492f,0f,0f,0f,1f], start_interpolation: 0, interpolation_duration: 1 }
$data merge entity $(bone_eyelid_expressions_right6) { transformation: [-0.9996477505989899f,0.011736650774005642f,-0.023803902011829768f,-0.2266641453172532f,0f,0.8969046440217919f,0.44222399248813155f,3.917421051587446f,0.026540058823969488f,0.44206821935166524f,-0.8965887098981722f,2.39801206644002f,0f,0f,0f,1f], start_interpolation: 0, interpolation_duration: 1 }
$data merge entity $(bone_right_eye1) { transformation: [-0.9996477505989899f,0.011736650774005642f,-0.023803902011829768f,0.043329446549748414f,0f,0.8969046440217919f,0.44222399248813155f,3.9976496255287692f,0.026540058823969488f,0.44206821935166524f,-0.8965887098981722f,1.896708045139429f,0f,0f,0f,1f], start_interpolation: 0, interpolation_duration: 1 }
$data merge entity $(bone_tear_left1) { transformation: [-0.9996477505989899f,0.011736650774005642f,-0.023803902011829768f,0.5801426005243182f,0f,0.8969046440217919f,0.44222399248813155f,3.763837331685149f,0.026540058823969488f,0.44206821935166524f,-0.8965887098981722f,2.2463799100053166f,0f,0f,0f,1f], start_interpolation: 0, interpolation_duration: 1 }
$data merge entity $(bone_left_sad_pupil1) { transformation: [-0.9996477505989899f,0.011736650774005642f,-0.023803902011829768f,0.4213746917761526f,0f,0.8969046440217919f,0.44222399248813155f,3.8298327074446923f,0.026540058823969488f,0.44206821935166524f,-0.8965887098981722f,2.337605862767864f,0f,0f,0f,1f], start_interpolation: 0, interpolation_duration: 1 }
$data merge entity $(bone_left_pupil1) { transformation: [-0.9996477505989899f,0.011736650774005642f,-0.023803902011829768f,0.4216071517567369f,0f,0.8969046440217919f,0.44222399248813155f,3.82551411376805f,0.026540058823969488f,0.44206821935166524f,-0.8965887098981722f,2.3463616118879638f,0f,0f,0f,1f], start_interpolation: 0, interpolation_duration: 1 }
$data merge entity $(bone_eyelid_left1) { transformation: [-0.9996477505989899f,0.011736650774005642f,-0.023803902011829768f,0.03333480150472088f,0f,0.8969046440217919f,0.44222399248813155f,4.001968219205411f,0.026540058823969488f,0.44206821935166524f,-0.8965887098981722f,1.8882114762812825f,0f,0f,0f,1f], start_interpolation: 0, interpolation_duration: 1 }
$data merge entity $(bone_left_happy_pupil1) { transformation: [-0.9996477505989899f,0.011736650774005642f,-0.023803902011829768f,0.44549393116934893f,0f,0.8969046440217919f,0.44222399248813155f,3.8079359016917054f,0.026540058823969488f,0.44206821935166524f,-0.8965887098981722f,2.3261653608290174f,0f,0f,0f,1f], start_interpolation: 0, interpolation_duration: 1 }
$data merge entity $(bone_eyelid_expressions_left5) { transformation: [-0.9996477505989899f,0.011736650774005642f,-0.023803902011829768f,0.5347862897093212f,0f,0.8969046440217919f,0.44222399248813155f,3.917421051587446f,0.026540058823969488f,0.44206821935166524f,-0.8965887098981722f,2.3777960060076992f,0f,0f,0f,1f], start_interpolation: 0, interpolation_duration: 1 }
$data merge entity $(bone_eyelid_expressions_left7) { transformation: [-0.9996477505989899f,0.011736650774005642f,-0.023803902011829768f,0.2419207377760233f,0f,0.8969046440217919f,0.44222399248813155f,3.917421051587446f,0.026540058823969488f,0.44206821935166524f,-0.8965887098981722f,2.3855714138662845f,0f,0f,0f,1f], start_interpolation: 0, interpolation_duration: 1 }
$data merge entity $(bone_eyelid_expressions_left6) { transformation: [-0.9996477505989899f,0.011736650774005642f,-0.023803902011829768f,0.3395425884204559f,0f,0.8969046440217919f,0.44222399248813155f,3.917421051587446f,0.026540058823969488f,0.44206821935166524f,-0.8965887098981722f,2.382979611246756f,0f,0f,0f,1f], start_interpolation: 0, interpolation_duration: 1 }
$data merge entity $(bone_left_eye1) { transformation: [-0.9996477505989899f,0.011736650774005642f,-0.023803902011829768f,0.043329446549748414f,0f,0.8969046440217919f,0.44222399248813155f,3.9976496255287692f,0.026540058823969488f,0.44206821935166524f,-0.8965887098981722f,1.896708045139429f,0f,0f,0f,1f], start_interpolation: 0, interpolation_duration: 1 }
$data merge entity $(bone_crest_middle5) { transformation: [-0.9996477505989899f,0.006306337925961919f,-0.02577993065047567f,0.06733993339506217f,0f,0.9713592129340983f,0.23761582322743f,4.895051707763867f,0.026540058823969488f,0.2375321231960275f,-0.9710170522331768f,2.801077900718922f,0f,0f,0f,1f], start_interpolation: 0, interpolation_duration: 1 }
$data merge entity $(bone_crest_middle4) { transformation: [-0.9996477505989899f,0.006306337925961919f,-0.02577993065047567f,0.06364481351656885f,0f,0.9713592129340983f,0.23761582322743f,4.325895918935293f,0.026540058823969488f,0.2375321231960275f,-0.9710170522331768f,2.6618989222837497f,0f,0f,0f,1f], start_interpolation: 0, interpolation_duration: 1 }
$data merge entity $(bone_crest_middle1) { transformation: [-0.9996477505989899f,0.006306337925961919f,-0.02577993065047567f,0.06276166017836633f,0f,0.9713592129340983f,0.23761582322743f,3.8816255003811286f,0.026540058823969488f,0.2375321231960275f,-0.9710170522331768f,2.6286344049055588f,0f,0f,0f,1f], start_interpolation: 0, interpolation_duration: 1 }
$data merge entity $(bone_crest_left5) { transformation: [-0.5470089357469102f,-0.8327364569089639f,0.08562252944020027f,-0.897259591537969f,-0.7564417044778307f,0.5355055507734118f,0.3755392826556757f,4.356887841435604f,-0.35857659145530835f,0.14065489122519093f,-0.9228429062601733f,2.657102415115919f,0f,0f,0f,1f], start_interpolation: 0, interpolation_duration: 1 }
$data merge entity $(bone_crest_left4) { transformation: [-0.5470089357469102f,-0.8327364569089639f,0.08562252944020027f,-0.49064999343788895f,-0.7564417044778307f,0.5355055507734118f,0.3755392826556757f,4.095410521722024f,-0.35857659145530835f,0.14065489122519093f,-0.9228429062601733f,2.5884232690098687f,0f,0f,0f,1f], start_interpolation: 0, interpolation_duration: 1 }
$data merge entity $(bone_crest_left1) { transformation: [-0.5470089357469102f,-0.8327364569089639f,0.08562252944020027f,-0.03919864795747871f,-0.7564417044778307f,0.5355055507734118f,0.3755392826556757f,3.8261223490730076f,-0.35857659145530835f,0.14065489122519093f,-0.9228429062601733f,2.4678155195109786f,0f,0f,0f,1f], start_interpolation: 0, interpolation_duration: 1 }
$data merge entity $(bone_crest_center1) { transformation: [-0.9996477505989899f,0.011736650774005642f,-0.023803902011829768f,0.05813666702912003f,0f,0.8969046440217919f,0.44222399248813155f,3.8042255433200207f,0.026540058823969488f,0.44206821935166524f,-0.8965887098981722f,2.4544311739012534f,0f,0f,0f,1f], start_interpolation: 0, interpolation_duration: 1 }
$data merge entity $(bone_crest_right5) { transformation: [-0.5272117540163311f,0.8390266881753139f,-0.1344692639847049f,1.0229410355416548f,0.7564417044778307f,0.5355055507734118f,0.3755392826556757f,4.356887841435604f,0.3870965178785493f,0.09627056466246398f,-0.9169995988144557f,2.6061222197761307f,0f,0f,0f,1f], start_interpolation: 0, interpolation_duration: 1 }
$data merge entity $(bone_crest_right4) { transformation: [-0.5272117540163311f,0.8390266881753139f,-0.1344692639847049f,0.6132600354560525f,0.7564417044778307f,0.5355055507734118f,0.3755392826556757f,4.095410521722024f,0.3870965178785493f,0.09627056466246398f,-0.9169995988144557f,2.559115108124537f,0f,0f,0f,1f], start_interpolation: 0, interpolation_duration: 1 }
$data merge entity $(bone_crest_right1) { transformation: [-0.5272117540163311f,0.8390266881753139f,-0.1344692639847049f,0.15604505333138652f,0.7564417044778307f,0.5355055507734118f,0.3755392826556757f,3.8261223490730076f,0.3870965178785493f,0.09627056466246398f,-0.9169995988144557f,2.4626319142719217f,0f,0f,0f,1f], start_interpolation: 0, interpolation_duration: 1 }
$data merge entity $(bone_head1) { transformation: [-0.9996477505989899f,0.011736650774005642f,-0.023803902011829768f,0.02997106896653879f,0f,0.8969046440217919f,0.44222399248813155f,4.1913781056726975f,0.026540058823969488f,0.44206821935166524f,-0.8965887098981722f,1.3935564812609347f,0f,0f,0f,1f], start_interpolation: 0, interpolation_duration: 1 }
$data merge entity $(bone_neck10) { transformation: [-1.3016246752591014f,0.01058394421779764f,-0.03289668411675947f,0.0033569982680083706f,0f,1.2395105954719678f,0.3987912870878353f,4.10366371908119f,0.03455736826037693f,0.39865081309583045f,-1.2390739786071672f,0.39112102757457884f,0f,0f,0f,1f], start_interpolation: 0, interpolation_duration: 1 }
$data merge entity $(bone_neck9) { transformation: [-0.9996477505989899f,0.011736650774005642f,-0.023803902011829768f,-0.01038074675700711f,0f,0.8969046440217919f,0.4422239924881315f,2.9434222768421896f,0.026540058823969488f,0.44206821935166524f,-0.8965887098981721f,-0.12631964592371842f,0f,0f,0f,1f], start_interpolation: 0, interpolation_duration: 1 }
$data merge entity $(bone_neck8) { transformation: [-0.9996477505989899f,-0.0074285164765055395f,-0.02547924381409398f,-0.00448263419787325f,0f,0.960029666214702f,-0.2798982672109422f,2.326904748203219f,0.026540058823969488f,-0.2797996732139733f,-0.959691496339826f,0.0958364160362063f,0f,0f,0f,1f], start_interpolation: 0, interpolation_duration: 1 }
$data merge entity $(bone_neck7) { transformation: [-0.9996477505989899f,-0.014886527038353211f,-0.02197193744566326f,0.008154737258480642f,0f,0.8278782496826814f,-0.5609078388669032f,1.6638392032297995f,0.026540058823969488f,-0.5607102594166404f,-0.8275866300651215f,0.5718308376619302f,0f,0f,0f,1f], start_interpolation: 0, interpolation_duration: 1 }
$data merge entity $(bone_neck6) { transformation: [-0.9996477505989899f,-0.010198276311821245f,-0.024502446462496483f,0.01605087875042328f,0f,0.923225024669774f,-0.38425974785748157f,0.9257943397096686f,0.026540058823969488f,-0.3841243925914664f,-0.9228998192078366f,0.8692438966602385f,0f,0f,0f,1f], start_interpolation: 0, interpolation_duration: 1 }
$data merge entity $(bone_neck_spine6) { transformation: [-1.1004376122453257f,-0.10876873986275043f,-0.04634760297833074f,-0.04122039586752493f,-0.04489960099132549f,-0.016905115659955016f,1.1057304917622124f,0.35074157769920955f,-0.10937442527386101f,1.1012834584295519f,0.012395838124940311f,-1.4125172849367496f,0f,0f,0f,1f], start_interpolation: 0, interpolation_duration: 1 }
$data merge entity $(bone_neck_spine7) { transformation: [-0.9715758705014637f,-0.21793629378749327f,0.09243429942123582f,0.48848997325874277f,-0.027556862321593864f,0.49193138293159033f,0.8701977555854771f,0.08924495621295292f,-0.23511900645909506f,0.8429159426284362f,-0.4839543020415292f,-4.615092621981543f,0f,0f,0f,1f], start_interpolation: 0, interpolation_duration: 1 }
$data merge entity $(bone_tail6) { transformation: [-1.4421545664269646f,-0.1894984631455926f,0.3556329859326049f,1.0435694862768843f,0.31829732798044363f,0.27474410570223856f,1.4371488333037794f,-0.8555584110610008f,-0.2471260795998506f,1.4597261012023337f,-0.22432719838279228f,-7.778914093659061f,0f,0f,0f,1f], start_interpolation: 0, interpolation_duration: 1 }
$data merge entity $(bone_tail5) { transformation: [-1.1913450766135796f,-0.15654220868548954f,0.29378377098780406f,0.944700722896575f,0.2629412709403665f,0.22696252210184928f,1.1872099057726875f,-0.7122136602598327f,-0.20414763097378966f,1.20586069229758f,-0.18531377257708928f,-7.017317866944799f,0f,0f,0f,1f], start_interpolation: 0, interpolation_duration: 1 }
$data merge entity $(bone_tail4) { transformation: [-0.963108440883399f,-0.12655201712679576f,0.23750098538803527f,0.8952663412064205f,0.21256725903389628f,0.183481281025495f,0.9597654817193936f,-0.6405412848592487f,-0.16503724272407416f,0.9748431701942541f,-0.14981155509389954f,-6.6365197535876685f,0f,0f,0f,1f], start_interpolation: 0, interpolation_duration: 1 }
$data merge entity $(bone_segment18) { transformation: [-0.963108440883399f,-0.15036039568809093f,0.22319023837898752f,0.8218481792493448f,0.21256725903389628f,0.08356728965867607f,0.973566468447799f,-0.5997369442055982f,-0.16503724272407416f,0.9850930207384604f,-0.048522664873349254f,-6.155517302055217f,0f,0f,0f,1f], start_interpolation: 0, interpolation_duration: 1 }
$data merge entity $(bone_segment17) { transformation: [-0.9887288911370604f,-0.14956642432513537f,0.006713013144089591f,0.726908554433585f,-0.006400901138804969f,0.08702596297304013f,0.9961854798345668f,-0.5444958544277895f,-0.1495801066167905f,0.9849143955101934f,-0.08700244376625851f,-5.530327500217692f,0f,0f,0f,1f], start_interpolation: 0, interpolation_duration: 1 }
$data merge entity $(bone_segment16) { transformation: [-0.9718607963734627f,-0.23374536425811843f,0.02914956535145187f,0.5328816407427641f,-0.02725229482334119f,0.23449075587752125f,0.9717362799828204f,-0.3498502074591439f,-0.23397415434017652f,0.9435980023801603f,-0.23426247032969455f,-4.747067439648223f,0f,0f,0f,1f], start_interpolation: 0, interpolation_duration: 1 }
$data merge entity $(bone_segment15) { transformation: [-0.9715758705014637f,-0.2344340517659863f,0.03287861359464693f,0.29249516188115704f,-0.027556862321593864f,0.24994547538473055f,0.9678676968851113f,-0.09355846023847292f,-0.23511900645909506f,0.9394508687032466f,-0.24930125971283046f,-3.7837633262318078f,0f,0f,0f,1f], start_interpolation: 0, interpolation_duration: 1 }
$data merge entity $(bone_segment14) { transformation: [-0.984006939834867f,-0.17714682027990986f,-0.018690811152485484f,0.11085047311757767f,-0.02544309045205171f,0.03592209123778761f,0.9990306564412088f,-0.05672428465285087f,-0.17630369112718336f,0.9835286510447075f,-0.03985474964303931f,-2.7752622680316685f,0f,0f,0f,1f], start_interpolation: 0, interpolation_duration: 1 }
$data merge entity $(bone_segment13) { transformation: [-0.9942777484757765f,-0.08951096154875823f,-0.05830563136230715f,0.016119578999044072f,-0.04056811007216232f,-0.18852717072813963f,0.9812297051875344f,-0.2831992030484918f,-0.09882301012979441f,0.9779802112823449f,0.183817080297308f,-1.7291852521873206f,0f,0f,0f,1f], start_interpolation: 0, interpolation_duration: 1 }
$data merge entity $(bone_segment12) { transformation: [-0.999296312700045f,-0.020601016938225462f,-0.03134449752675677f,-0.008022237725438893f,-0.033122529719475324f,0.09254448742016164f,0.9951574829508755f,-0.17474863185298983f,-0.017600495705416577f,0.9954954123195399f,-0.09316172283547097f,-0.5625890658753596f,0f,0f,0f,1f], start_interpolation: 0, interpolation_duration: 1 }
$data merge entity $(bone_segment11) { transformation: [-1.0348607819163689f,0.0167681800831435f,-0.018178341569117316f,0.005466260972883979f,-0.005642183761701862f,0.5807393774400718f,0.8568887927654203f,0.4963569195045555f,0.02407882322505435f,0.856743290339224f,-0.5804822190600496f,0.42765250968077745f,0f,0f,0f,1f], start_interpolation: 0, interpolation_duration: 1 }
$data merge entity $(bone_segment10) { transformation: [-0.9996477505989899f,0.013683229838416123f,-0.022740799096971936f,0.016955275901194528f,0f,0.856848104512629f,0.5155689340845845f,1.2871002638141658f,0.026540058823969488f,0.5153873252363739f,-0.856546280281058f,0.9033085753941115f,0f,0f,0f,1f], start_interpolation: 0, interpolation_duration: 1 }