# This file was generated by Animated Java via MC-Build. It is not recommended to edit this file directly.
$data merge entity $(bone_neck_spine5) { transformation: [-1.57136003423155f,0.010686198765544401f,-0.052274693039827236f,0.09054138487024564f,0f,1.5404088492280525f,0.31489644770392106f,4.302042571288393f,0.05335577172588626f,0.3147150742060055f,-1.5395216072688573f,-0.5336552404493682f,0f,0f,0f,1f], start_interpolation: 0, interpolation_duration: 1 }
$data merge entity $(bone_neck_spine2) { transformation: [-1.4965333659348088f,0.011408012438632788f,-0.04951791170939364f,0.042716567030163036f,0f,1.4591731669151753f,0.33616655193336203f,5.547180283259673f,0.05081502069132023f,0.33597292731850537f,-1.4583327149403194f,1.3672223779152206f,0f,0f,0f,1f], start_interpolation: 0, interpolation_duration: 1 }
$data merge entity $(bone_scale_neck_left1) { transformation: [-1.5850340331921466f,0.44573640551386523f,0.04518020871896363f,0.8204101101585396f,0.39938168025980975f,1.3304851283031758f,0.8850755208876845f,4.676032449505977f,0.2030183930907769f,0.8626606870614504f,-1.38840021316016f,1.1053379598948856f,0f,0f,0f,1f], start_interpolation: 0, interpolation_duration: 1 }
$data merge entity $(bone_scale_neck_right1) { transformation: [-1.5951544685392827f,-0.38619367695777196f,-0.1392542502570992f,-0.7509499240730096f,-0.39938168025980975f,1.3304851283031758f,0.8850755208876845f,4.676032449505977f,-0.09503460322262583f,0.8909090010094132f,-1.3821377127292345f,1.158693731620772f,0f,0f,0f,1f], start_interpolation: 0, interpolation_duration: 1 }
$data merge entity $(bone_blush_right1) { transformation: [-0.9994240217721159f,0.01517031290949528f,-0.030355993001009975f,-0.5867117481947702f,0f,0.8945177394008692f,0.447032452845606f,3.9357098768965155f,0.03393559642689908f,0.4467749718856091f,-0.894002516658518f,2.3553257726170465f,0f,0f,0f,1f], start_interpolation: 0, interpolation_duration: 1 }
$data merge entity $(bone_blush_left1) { transformation: [-0.9994240217721159f,0.01517031290949528f,-0.030355993001009975f,0.7377202806575357f,0f,0.8945177394008692f,0.447032452845606f,3.9357098768965155f,0.03393559642689908f,0.4467749718856091f,-0.894002516658518f,2.3103544793052277f,0f,0f,0f,1f], start_interpolation: 0, interpolation_duration: 1 }
$data merge entity $(bone_left_head_scales) { transformation: [-0.872483096578825f,0.01517031290949528f,-0.488408750730833f,0.748086391953747f,-0.20641661517251425f,0.8945177394008692f,0.3965226284562851f,4.7644037953266976f,0.44290566395672465f,0.4467749718856091f,-0.7773202025752747f,2.284708013651448f,0f,0f,0f,1f], start_interpolation: 0, interpolation_duration: 1 }
$data merge entity $(bone_left_head_scales2) { transformation: [-0.801268748258738f,0.01517031290949528f,-0.5981122425348802f,0.7395704944107183f,-0.25640728123644974f,0.8945177394008692f,0.3661875476120005f,3.885429753954953f,0.5405771907811201f,0.4467749718856091f,-0.7128593306563404f,2.033909634734294f,0f,0f,0f,1f], start_interpolation: 0, interpolation_duration: 1 }
$data merge entity $(bone_left_head_scales1) { transformation: [-0.9994240217721159f,0.01517031290949528f,-0.030355993001009975f,0.746382694703169f,0f,0.8945177394008692f,0.447032452845606f,4.663945260140077f,0.03393559642689908f,0.4467749718856091f,-0.894002516658518f,2.2345330900510136f,0f,0f,0f,1f], start_interpolation: 0, interpolation_duration: 1 }
$data merge entity $(bone_right_head_scales) { transformation: [-0.9005167719220025f,0.01517031290949528f,0.4345565614432767f,-0.5987936373875811f,0.20641661517251425f,0.8945177394008692f,0.3965226284562851f,4.7644037953266976f,-0.3827031806346774f,0.4467749718856091f,-0.8086596317541236f,2.3304415322736363f,0f,0f,0f,1f], start_interpolation: 0, interpolation_duration: 1 }
$data merge entity $(bone_right_head_scales2) { transformation: [-0.8360917128335712f,0.01517031290949528f,0.5483798950884808f,-0.6073095349306098f,0.25640728123644974f,0.8945177394008692f,0.3661875476120005f,3.885429753954953f,-0.4849803644065989f,0.4467749718856091f,-0.7517886475843165f,2.079643153356482f,0f,0f,0f,1f], start_interpolation: 0, interpolation_duration: 1 }
$data merge entity $(bone_right_head_scales1) { transformation: [-0.9994240217721159f,0.01517031290949528f,-0.030355993001009975f,-0.6004973346381591f,0f,0.8945177394008692f,0.447032452845606f,4.663945260140077f,0.03393559642689908f,0.4467749718856091f,-0.894002516658518f,2.2802666086732017f,0f,0f,0f,1f], start_interpolation: 0, interpolation_duration: 1 }
$data merge entity $(bone_head_left_fin1) { transformation: [-0.7014077209208219f,0.026132183768727578f,-0.7784725531637642f,0.7374370061437194f,-0.07904079236772128f,1.039791423969926f,0.106120430670302f,4.32487879394466f,0.7748902891375752f,0.1297154641330209f,-0.6938257246529662f,1.9710771034481325f,0f,0f,0f,1f], start_interpolation: 0, interpolation_duration: 1 }
$data merge entity $(bone_head_right_fin1) { transformation: [-0.752354639989825f,-0.017273122429246033f,0.7296158804141389f,-0.6094430231976087f,0.07904079236772128f,1.039791423969926f,0.106120430670302f,4.32487879394466f,-0.7255275645024365f,0.13118929798315052f,-0.745033099443927f,2.0168106220703206f,0f,0f,0f,1f], start_interpolation: 0, interpolation_duration: 1 }
$data merge entity $(bone_right_whisker16) { transformation: [0.25351840185016034f,0.9094149469281433f,-0.3296860237059232f,-1.1334009925801316f,0.9521474732549432f,-0.29474706729840616f,-0.08086628155922457f,1.5884662133657168f,-0.1707149937690522f,-0.2934086239746044f,-0.9406209493094239f,2.1145482822717296f,0f,0f,0f,1f], start_interpolation: 0, interpolation_duration: 1 }
$data merge entity $(bone_right_whisker15) { transformation: [-0.86854398433723f,0.3700519869485728f,-0.3296860237059232f,-0.8407763103571391f,0.4165056493939164f,0.9055295072661829f,-0.08086628155922457f,1.4481396029742117f,0.2686156944308379f,-0.20755201378371885f,-0.9406209493094239f,2.024047877409777f,0f,0f,0f,1f], start_interpolation: 0, interpolation_duration: 1 }
$data merge entity $(bone_right_whisker14) { transformation: [-0.7024435462858176f,-0.630777448910772f,-0.3296860237059232f,-0.6041132015010777f,-0.6446655502747642f,0.7601756197062093f,-0.08086628155922457f,1.6653364924710803f,0.3016279041639541f,0.1557332242968688f,-0.9406209493094239f,1.922425194854539f,0f,0f,0f,1f], start_interpolation: 0, interpolation_duration: 1 }
$data merge entity $(bone_right_whisker13) { transformation: [-0.0977881779308655f,-0.9898422010195815f,-0.10319830104062702f,-0.5711669892099169f,-0.9894693981493041f,0.08558127302458945f,0.11673112624122395f,1.9987026471209923f,-0.10671355294907608f,0.113526484963647f,-0.9877874036597063f,1.9583784915024212f,0f,0f,0f,1f], start_interpolation: 0, interpolation_duration: 1 }
$data merge entity $(bone_right_whisker12) { transformation: [0.05586763033963939f,-0.9952611419057169f,-0.07958685376845799f,-0.5962637762765518f,-0.9413187117332333f,-0.07907838421607513f,0.32812450699492224f,2.4215606621574057f,-0.33286317131986737f,0.056585055998057326f,-0.9412758578740757f,2.107906869243768f,0f,0f,0f,1f], start_interpolation: 0, interpolation_duration: 1 }
$data merge entity $(bone_right_whisker11) { transformation: [0.29079778857168503f,-0.954957281412579f,-0.059103611048008334f,-0.7268955953614885f,-0.9556857129894902f,-0.2928687907115001f,0.02987790847688815f,2.8508726035394036f,-0.04584172934769598f,0.04779604695244304f,-0.9978046270418535f,2.1284998335991783f,0f,0f,0f,1f], start_interpolation: 0, interpolation_duration: 1 }
$data merge entity $(bone_right_whisker10) { transformation: [0.07782441693254023f,-0.9954994345541662f,0.054076204854314566f,-0.7618557826554031f,-0.9734188105530813f,-0.08759359853389186f,-0.21162036942909762f,3.2881505848425454f,0.21540468748505576f,-0.0361695631466434f,-0.9758547962229045f,2.031736009143001f,0f,0f,0f,1f], start_interpolation: 0, interpolation_duration: 1 }
$data merge entity $(bone_right_whisker1) { transformation: [-0.3421390180236057f,-0.9393655568139975f,0.023092055286867978f,-0.6081605206526115f,-0.938272158882245f,0.3428644301428672f,0.04570928143450065f,3.7096400312154287f,-0.05085516898304693f,-0.006027703902473175f,-0.9986878484157949f,2.0545811045846043f,0f,0f,0f,1f], start_interpolation: 0, interpolation_duration: 1 }
$data merge entity $(bone_left_whisker16) { transformation: [0.26451444235911836f,-0.9272228607646354f,0.2651223797775102f,1.2668179204343586f,-0.9521474732549432f,-0.29474706729840616f,-0.08086628155922457f,1.5884662133657168f,0.15312510884133804f,-0.23104530463620002f,-0.960817760164691f,2.0330484797916544f,0f,0f,0f,1f], start_interpolation: 0, interpolation_duration: 1 }
$data merge entity $(bone_left_whisker15) { transformation: [-0.8847642777050759f,-0.38327835399109755f,0.2651223797775102f,0.9687283932778632f,-0.4165056493939164f,0.9055295072661829f,-0.08086628155922457f,1.4481396029742117f,-0.20908184263576635f,-0.181972566152535f,-0.960817760164691f,1.9626058667942528f,0f,0f,0f,1f], start_interpolation: 0, interpolation_duration: 1 }
$data merge entity $(bone_left_whisker14) { transformation: [-0.7212856979187059f,0.6398883228494133f,0.2651223797775102f,0.7257170985689245f,0.6446655502747642f,0.7601756197062093f,-0.08086628155922457f,1.6653364924710803f,-0.2532849586273544f,0.11258757251688775f,-0.960817760164691f,1.8772706024129664f,0f,0f,0f,1f], start_interpolation: 0, interpolation_duration: 1 }
$data merge entity $(bone_left_whisker13) { transformation: [-0.09032434291681175f,0.9952630874946258f,0.03595691515287834f,0.6952855572541784f,0.9894693981493041f,0.08558127302458945f,0.11673112624122395f,1.9987026471209923f,0.11310094253674502f,0.046121929471301976f,-0.9925124404354556f,1.9153759004356001f,0f,0f,0f,1f], start_interpolation: 0, interpolation_duration: 1 }
$data merge entity $(bone_left_whisker12) { transformation: [0.07831776135088268f,0.9968070904747665f,0.015554826781977808f,0.7304673641110202f,0.9413187117332333f,-0.07907838421607513f,0.32812450699492224f,2.4215606621574057f,0.32830688569975525f,-0.011055927324559497f,-0.9445064082753074f,2.062857509246037f,0f,0f,0f,1f], start_interpolation: 0, interpolation_duration: 1 }
$data merge entity $(bone_left_whisker11) { transformation: [0.2932375495301414f,0.9559998828794257f,-0.008715703074477305f,0.8621951695640134f,0.9556857129894902f,-0.2928687907115001f,0.02987790847688815f,2.8508726035394036f,0.02601071958496462f,-0.017090797573785156f,-0.999515556209589f,2.074542012184595f,0f,0f,0f,1f], start_interpolation: 0, interpolation_duration: 1 }
$data merge entity $(bone_left_whisker10) { transformation: [0.06303381547526395f,0.9907530936258867f,-0.12014593450202854f,0.8905111413595421f,0.9734188105530813f,-0.08759359853389186f,-0.21162036942909762f,3.2881505848425454f,-0.22018755043838134f,-0.1036130733383522f,-0.9699390566758957f,1.9756296360111039f,0f,0f,0f,1f], start_interpolation: 0, interpolation_duration: 1 }
$data merge entity $(bone_left_whisker1) { transformation: [-0.3379013735976638f,0.9367930918327302f,-0.09078196305041054f,0.7387195086887166f,0.938272158882245f,0.3428644301428672f,0.04570928143450065f,3.7096400312154287f,0.0739460451090081f,-0.06973295947599702f,-0.9948212386029238f,2.008847585962416f,0f,0f,0f,1f], start_interpolation: 0, interpolation_duration: 1 }
$data merge entity $(bone_upper_left_tooth1) { transformation: [-0.9994240217721159f,0.012466886171986222f,-0.03156265917225772f,0.4084716255111346f,0f,0.9300752748002259f,0.367369001421302f,3.683918704039989f,0.03393559642689908f,0.3671574048748837f,-0.9295395716916475f,3.038236482609115f,0f,0f,0f,1f], start_interpolation: 0, interpolation_duration: 1 }
$data merge entity $(bone_upper_right_tooth1) { transformation: [-0.9994240217721159f,0.012466886171986222f,-0.03156265917225772f,-0.26496838915952936f,0f,0.9300752748002259f,0.367369001421302f,3.683918704039989f,0.03393559642689908f,0.3671574048748837f,-0.9295395716916475f,3.061103241920209f,0f,0f,0f,1f], start_interpolation: 0, interpolation_duration: 1 }
$data merge entity $(bone_top_lip1) { transformation: [-0.9994240217721159f,-0.003013439793461274f,-0.03380153673223378f,0.10135207668629545f,0f,0.996049584837736f,-0.08879878684179165f,3.7988156984366963f,0.03393559642689908f,-0.08874764067390833f,-0.9954758819629763f,3.094073915810658f,0f,0f,0f,1f], start_interpolation: 0, interpolation_duration: 1 }
$data merge entity $(bone_muzzle1) { transformation: [-0.9994240217721159f,0.012466886171986222f,-0.03156265917225772f,0.08572903844471286f,0f,0.9300752748002259f,0.367369001421302f,4.161779722577602f,0.03393559642689908f,0.3671574048748837f,-0.9295395716916475f,2.6339659066487635f,0f,0f,0f,1f], start_interpolation: 0, interpolation_duration: 1 }
$data merge entity $(bone_jaw_right_tooth1) { transformation: [-0.9994240217721159f,-0.00523935668976606f,-0.033528701828832705f,-0.26582177296180187f,0f,0.9880097997115544f,-0.15439117744850003f,3.462724284668626f,0.03393559642689908f,-0.1543022514917123f,-0.9874407275779843f,3.0359705682210865f,0f,0f,0f,1f], start_interpolation: 0, interpolation_duration: 1 }
$data merge entity $(bone_jaw_left_tooth1) { transformation: [-0.9994240217721159f,-0.00523935668976606f,-0.033528701828832705f,0.4637382429314174f,0f,0.9880097997115544f,-0.15439117744850003f,3.462724284668626f,0.03393559642689908f,-0.1543022514917123f,-0.9874407275779843f,3.011198245634068f,0f,0f,0f,1f], start_interpolation: 0, interpolation_duration: 1 }
$data merge entity $(bone_tongue1) { transformation: [-0.9994240217721159f,0.011361586399047177f,-0.03197716465458362f,0.07349750671845318f,0f,0.9422897494513134f,0.33479848876448237f,3.726923828068462f,0.03393559642689908f,0.33460565212422544f,-0.9417470110712709f,2.2737398338103354f,0f,0f,0f,1f], start_interpolation: 0, interpolation_duration: 1 }
$data merge entity $(bone_jaw_lips1) { transformation: [-0.9994240217721159f,0.011361586399047177f,-0.03197716465458362f,0.15687964257187442f,0f,0.9422897494513134f,0.33479848876448237f,3.3044315602309307f,0.03393559642689908f,0.33460565212422544f,-0.9417470110712709f,3.0747207703654844f,0f,0f,0f,1f], start_interpolation: 0, interpolation_duration: 1 }
$data merge entity $(bone_jaw3) { transformation: [-0.9994240217721159f,0.0006624388832366795f,-0.033929130250793964f,0.12634064313028548f,0f,0.9998094574197615f,0.019520472689013857f,3.23775665909964f,0.03393559642689908f,0.019509229321746924f,-0.9992335889402548f,2.1753286023640874f,0f,0f,0f,1f], start_interpolation: 0, interpolation_duration: 1 }
$data merge entity $(bone_jaw1) { transformation: [-0.9994240217721159f,0.02445993310655634f,-0.023523103053639735f,0.10520660523053103f,0f,0.6931689886255875f,0.7207751058463246f,3.8853280432584474f,0.03393559642689908f,0.7203599550781561f,-0.6927697383798946f,1.5529182905384007f,0f,0f,0f,1f], start_interpolation: 0, interpolation_duration: 1 }
$data merge entity $(bone_tear_right1) { transformation: [-0.9994240217721159f,0.01517031290949528f,-0.030355993001009975f,-0.5215605983182341f,0f,0.8945177394008692f,0.447032452845606f,4.242131294122423f,0.03393559642689908f,0.4467749718856091f,-0.894002516658518f,2.6193930478744365f,0f,0f,0f,1f], start_interpolation: 0, interpolation_duration: 1 }
$data merge entity $(bone_right_pupil1) { transformation: [-0.9994240217721159f,0.01517031290949528f,-0.030355993001009975f,-0.33261578401659286f,0f,0.8945177394008692f,0.447032452845606f,4.312467525357533f,0.03393559642689908f,0.4467749718856091f,-0.894002516658518f,2.7235200288144545f,0f,0f,0f,1f], start_interpolation: 0, interpolation_duration: 1 }
$data merge entity $(bone_right_sad_pupil1) { transformation: [-0.9994240217721159f,0.01517031290949528f,-0.030355993001009975f,-0.3329566960473659f,0f,0.8945177394008692f,0.447032452845606f,4.3174879093494525f,0.03393559642689908f,0.4467749718856091f,-0.894002516658518f,2.7134799614886997f,0f,0f,0f,1f], start_interpolation: 0, interpolation_duration: 1 }
$data merge entity $(bone_right_happy_pupil1) { transformation: [-0.9994240217721159f,0.01517031290949528f,-0.030355993001009975f,-0.361442256351449f,0f,0.8945177394008692f,0.447032452845606f,4.292373597020109f,0.03393559642689908f,0.4467749718856091f,-0.894002516658518f,2.701889160590704f,0f,0f,0f,1f], start_interpolation: 0, interpolation_duration: 1 }
$data merge entity $(bone_eyelid_right1) { transformation: [-0.9994240217721159f,0.01517031290949528f,-0.030355993001009975f,0.08127022237037587f,0f,0.8945177394008692f,0.447032452845606f,4.518277841352063f,0.03393559642689908f,0.4467749718856091f,-0.894002516658518f,2.171716283980516f,0f,0f,0f,1f], start_interpolation: 0, interpolation_duration: 1 }
$data merge entity $(bone_eyelid_expressions_right5) { transformation: [-0.9994240217721159f,0.01517031290949528f,-0.030355993001009975f,-0.46032864244065724f,0f,0.8945177394008692f,0.447032452845606f,4.4179464445360725f,0.03393559642689908f,0.4467749718856091f,-0.894002516658518f,2.768037668428156f,0f,0f,0f,1f], start_interpolation: 0, interpolation_duration: 1 }
$data merge entity $(bone_eyelid_expressions_right7) { transformation: [-0.9994240217721159f,0.01517031290949528f,-0.030355993001009975f,-0.1236086351053252f,0f,0.8945177394008692f,0.447032452845606f,4.4179464445360725f,0.03393559642689908f,0.4467749718856091f,-0.894002516658518f,2.7566042887726083f,0f,0f,0f,1f], start_interpolation: 0, interpolation_duration: 1 }
$data merge entity $(bone_eyelid_expressions_right6) { transformation: [-0.9994240217721159f,0.01517031290949528f,-0.030355993001009975f,-0.2358486375504359f,0f,0.8945177394008692f,0.447032452845606f,4.4179464445360725f,0.03393559642689908f,0.4467749718856091f,-0.894002516658518f,2.7604154153244576f,0f,0f,0f,1f], start_interpolation: 0, interpolation_duration: 1 }
$data merge entity $(bone_right_eye1) { transformation: [-0.9994240217721159f,0.01517031290949528f,-0.030355993001009975f,0.07038713415663786f,0f,0.8945177394008692f,0.447032452845606f,4.513257457360145f,0.03393559642689908f,0.4467749718856091f,-0.894002516658518f,2.182137463961456f,0f,0f,0f,1f], start_interpolation: 0, interpolation_duration: 1 }
$data merge entity $(bone_tear_left1) { transformation: [-0.9994240217721159f,0.01517031290949528f,-0.030355993001009975f,0.6906314280889612f,0f,0.8945177394008692f,0.447032452845606f,4.242131294122423f,0.03393559642689908f,0.4467749718856091f,-0.894002516658518f,2.578232881114467f,0f,0f,0f,1f], start_interpolation: 0, interpolation_duration: 1 }
$data merge entity $(bone_left_sad_pupil1) { transformation: [-0.9994240217721159f,0.01517031290949528f,-0.030355993001009975f,0.5088433222909641f,0f,0.8945177394008692f,0.447032452845606f,4.3174879093494525f,0.03393559642689908f,0.4467749718856091f,-0.894002516658518f,2.684896512349832f,0f,0f,0f,1f], start_interpolation: 0, interpolation_duration: 1 }
$data merge entity $(bone_left_pupil1) { transformation: [-0.9994240217721159f,0.01517031290949528f,-0.030355993001009975f,0.5091842343217371f,0f,0.8945177394008692f,0.447032452845606f,4.312467525357533f,0.03393559642689908f,0.4467749718856091f,-0.894002516658518f,2.694936579675587f,0f,0f,0f,1f], start_interpolation: 0, interpolation_duration: 1 }
$data merge entity $(bone_eyelid_left1) { transformation: [-0.9994240217721159f,0.01517031290949528f,-0.030355993001009975f,0.058822221881353734f,0f,0.8945177394008692f,0.447032452845606f,4.518277841352063f,0.03393559642689908f,0.4467749718856091f,-0.894002516658518f,2.172478509290886f,0f,0f,0f,1f], start_interpolation: 0, interpolation_duration: 1 }
$data merge entity $(bone_left_happy_pupil1) { transformation: [-0.9994240217721159f,0.01517031290949528f,-0.030355993001009975f,0.5364777632094362f,0f,0.8945177394008692f,0.447032452845606f,4.292373597020109f,0.03393559642689908f,0.4467749718856091f,-0.894002516658518f,2.6714001481759118f,0f,0f,0f,1f], start_interpolation: 0, interpolation_duration: 1 }
$data merge entity $(bone_eyelid_expressions_left5) { transformation: [-0.9994240217721159f,0.01517031290949528f,-0.030355993001009975f,0.6396233815214272f,0f,0.8945177394008692f,0.447032452845606f,4.4179464445360725f,0.03393559642689908f,0.4467749718856091f,-0.894002516658518f,2.7306886282200353f,0f,0f,0f,1f], start_interpolation: 0, interpolation_duration: 1 }
$data merge entity $(bone_eyelid_expressions_left7) { transformation: [-0.9994240217721159f,0.01517031290949528f,-0.030355993001009975f,0.3029033741860953f,0f,0.8945177394008692f,0.447032452845606f,4.4179464445360725f,0.03393559642689908f,0.4467749718856091f,-0.894002516658518f,2.7421220078755826f,0f,0f,0f,1f], start_interpolation: 0, interpolation_duration: 1 }
$data merge entity $(bone_eyelid_expressions_left6) { transformation: [-0.9994240217721159f,0.01517031290949528f,-0.030355993001009975f,0.415143376631206f,0f,0.8945177394008692f,0.447032452845606f,4.4179464445360725f,0.03393559642689908f,0.4467749718856091f,-0.894002516658518f,2.7383108813237333f,0f,0f,0f,1f], start_interpolation: 0, interpolation_duration: 1 }
$data merge entity $(bone_left_eye1) { transformation: [-0.9994240217721159f,0.01517031290949528f,-0.030355993001009975f,0.07038713415663786f,0f,0.8945177394008692f,0.447032452845606f,4.513257457360145f,0.03393559642689908f,0.4467749718856091f,-0.894002516658518f,2.182137463961456f,0f,0f,0f,1f], start_interpolation: 0, interpolation_duration: 1 }
$data merge entity $(bone_crest_middle5) { transformation: [-0.9994240217721159f,0.008240476514453868f,-0.032919891428498056f,0.10588094961032887f,0f,0.9700696287867239f,0.2428269245894864f,5.53966987000727f,0.03393559642689908f,0.2426870615677786f,-0.969510889801011f,3.2274519868748395f,0f,0f,0f,1f], start_interpolation: 0, interpolation_duration: 1 }
$data merge entity $(bone_crest_middle4) { transformation: [-0.9994240217721159f,0.008240476514453868f,-0.032919891428498056f,0.10032828477148789f,0f,0.9700696287867239f,0.2428269245894864f,4.886009670922466f,0.03393559642689908f,0.2426870615677786f,-0.969510889801011f,3.063922619216864f,0f,0f,0f,1f], start_interpolation: 0, interpolation_duration: 1 }
$data merge entity $(bone_crest_middle1) { transformation: [-0.9994240217721159f,0.008240476514453868f,-0.032919891428498056f,0.09893659156250169f,0f,0.9700696287867239f,0.2428269245894864f,4.3753114829309805f,0.03393559642689908f,0.2426870615677786f,-0.969510889801011f,3.02293640502157f,0f,0f,0f,1f], start_interpolation: 0, interpolation_duration: 1 }
$data merge entity $(bone_crest_left5) { transformation: [-0.5497846476087384f,-0.8315754777957505f,0.07886105491625549f,-1.0047158360040624f,-0.7544286095385732f,0.5348616696954801f,0.38047400358008504f,4.921836909038922f,-0.3585726068224265f,0.14968372997534718f,-0.9214230660327735f,3.066774555848597f,0f,0f,0f,1f], start_interpolation: 0, interpolation_duration: 1 }
$data merge entity $(bone_crest_left4) { transformation: [-0.5497846476087384f,-0.8315754777957505f,0.07886105491625549f,-0.5377667151714877f,-0.7544286095385732f,0.5348616696954801f,0.38047400358008504f,4.621499545684527f,-0.3585726068224265f,0.14968372997534718f,-0.9214230660327735f,2.982723633255018f,0f,0f,0f,1f], start_interpolation: 0, interpolation_duration: 1 }
$data merge entity $(bone_crest_left1) { transformation: [-0.5497846476087384f,-0.8315754777957505f,0.07886105491625549f,-0.019694449191511018f,-0.7544286095385732f,0.5348616696954801f,0.38047400358008504f,4.31249295303166f,-0.3585726068224265f,0.14968372997534718f,-0.9214230660327735f,2.8385275536590306f,0f,0f,0f,1f], start_interpolation: 0, interpolation_duration: 1 }
$data merge entity $(bone_crest_center1) { transformation: [-0.9994240217721159f,0.01517031290949528f,-0.030355993001009975f,0.09211963439278631f,0f,0.8945177394008692f,0.447032452845606f,4.287378640702317f,0.03393559642689908f,0.4467749718856091f,-0.894002516658518f,2.8221728567668283f,0f,0f,0f,1f], start_interpolation: 0, interpolation_duration: 1 }
$data merge entity $(bone_crest_right5) { transformation: [-0.5241956233323922f,0.8398135138859544f,-0.14118148027872013f,1.2030206661804637f,0.7544286095385732f,0.5348616696954801f,0.38047400358008504f,4.921836909038922f,0.39503977216080394f,0.09293145960916115f,-0.9139514878953099f,2.9918105232428736f,0f,0f,0f,1f], start_interpolation: 0, interpolation_duration: 1 }
$data merge entity $(bone_crest_right4) { transformation: [-0.5241956233323922f,0.8398135138859544f,-0.14118148027872013f,0.7314456950042686f,0.7544286095385732f,0.5348616696954801f,0.38047400358008504f,4.621499545684527f,0.39503977216080394f,0.09293145960916115f,-0.9139514878953099f,2.939627330591245f,0f,0f,0f,1f], start_interpolation: 0, interpolation_duration: 1 }
$data merge entity $(bone_crest_right1) { transformation: [-0.5241956233323922f,0.8398135138859544f,-0.14118148027872013f,0.20478555569871026f,0.7544286095385732f,0.5348616696954801f,0.38047400358008504f,4.31249295303166f,0.39503977216080394f,0.09293145960916115f,-0.9139514878953099f,2.830905300555332f,0f,0f,0f,1f], start_interpolation: 0, interpolation_duration: 1 }
$data merge entity $(bone_head1) { transformation: [-1.0475733561543656f,0.015901174338728768f,-0.0318184562054857f,0.05078512383883046f,0f,0.9376129950751294f,0.46856917257905295f,4.739149309322348f,0.03557051448392415f,0.46829928693738954f,-0.9370729504037847f,1.6048462992447223f,0f,0f,0f,1f], start_interpolation: 0, interpolation_duration: 1 }
$data merge entity $(bone_neck10) { transformation: [-1.4965333659348088f,0.017773799772886845f,-0.047605234685826635f,0.01153425419331292f,0f,1.402811198216994f,0.5237509177471955f,4.691478478752126f,0.05081502069132023f,0.5234492486217386f,-1.4020032095089887f,0.4488842378830462f,0f,0f,0f,1f], start_interpolation: 0, interpolation_duration: 1 }
$data merge entity $(bone_neck9) { transformation: [-1.1448480249401294f,0.017377711955896456f,-0.03477302713885227f,-0.008909249910336864f,0f,1.024677058903535f,0.5120791671756797f,3.3604156013664594f,0.03887349082886f,0.5117842207244334f,-1.0240868672269945f,-0.15318943229383f,0f,0f,0f,1f], start_interpolation: 0, interpolation_duration: 1 }
$data merge entity $(bone_neck8) { transformation: [-1.0625386898137144f,-0.009912271421909053f,-0.034690300101502154f,-0.0004215476877922515f,0f,1.0222392930747153f,-0.29209067956890483f,2.6068966297084017f,0.03607866469083737f,-0.2919224416969054f,-1.0216505054982166f,0.09677857723069849f,0f,0f,0f,1f], start_interpolation: 0, interpolation_duration: 1 }
$data merge entity $(bone_neck7) { transformation: [-1.0550560229840402f,-0.019447724524859124f,-0.030086329618440724f,0.017810185349622466f,0f,0.8865714113276278f,-0.5730774340964246f,1.8168113988648034f,0.035824589587380766f,-0.5727473539714936f,-0.8860607654972386f,0.6337142399169007f,0f,0f,0f,1f], start_interpolation: 0, interpolation_duration: 1 }
$data merge entity $(bone_neck6) { transformation: [-1.049069889520301f,-0.012727100007777704f,-0.033270107319760996f,0.028773563756817024f,0f,0.9803896445853951f,-0.37503687419177223f,0.947304361193174f,0.03562132950461548f,-0.3748208611175841f,-0.9798249614952709f,0.9565924237004289f,0f,0f,0f,1f], start_interpolation: 0, interpolation_duration: 1 }
$data merge entity $(bone_neck_spine6) { transformation: [-1.2687935154763326f,-0.09771744481478924f,-0.024488458113725377f,-0.09180190209657241f,-0.018260752537649392f,-0.08118074897772164f,1.2700636202288782f,0.34095812663064945f,-0.09907032107890733f,1.2664305569161678f,0.07952411273970568f,-1.697198980814369f,0f,0f,0f,1f], start_interpolation: 0, interpolation_duration: 1 }
$data merge entity $(bone_neck_spine7) { transformation: [-0.9613547619345711f,-0.2367512063070743f,0.14052006268810469f,0.5172362983067903f,0.009722220141316457f,0.480889831378316f,0.8767271231759959f,0.17250850872578916f,-0.2751408732654011f,0.8442119617661671f,-0.46000398201501785f,-5.391425603715888f,0f,0f,0f,1f], start_interpolation: 0, interpolation_duration: 1 }
$data merge entity $(bone_tail6) { transformation: [-1.6266934825313577f,-0.5244945282620986f,0.20994223310293664f,1.6859234628888649f,0.04126283617413853f,0.5279050496043802f,1.6385711990878487f,-1.2374148851517521f,-0.563442658810988f,1.5529081382852123f,-0.486117909366328f,-8.835954777584297f,0f,0f,0f,1f], start_interpolation: 0, interpolation_duration: 1 }
$data merge entity $(bone_tail5) { transformation: [-1.3437902681780782f,-0.4332780885643423f,0.17343054038938244f,1.412274143795596f,0.03408669075254922f,0.4360954757601401f,1.3536022948986575f,-0.9619861636190321f,-0.46545263119168573f,1.282837157713871f,-0.4015756642591405f,-8.025741835870273f,0f,0f,0f,1f], start_interpolation: 0, interpolation_duration: 1 }
$data merge entity $(bone_tail4) { transformation: [-0.9901612502364785f,-0.3192575389421469f,0.12779092449743967f,1.2754494842489614f,0.025116508975562578f,0.32133350845484004f,0.9973911646621686f,-0.8242718028526721f,-0.34296509666755787f,0.9452484319996943f,-0.2958978578751561f,-7.6206353650132606f,0f,0f,0f,1f], start_interpolation: 0, interpolation_duration: 1 }
$data merge entity $(bone_segment18) { transformation: [-0.944650733144864f,-0.314633900792001f,0.09295429436706912f,1.098775174722203f,0.023962085581654736f,0.2164053893099069f,0.9760094906978133f,-0.7027551047538474f,-0.3272014835288006f,0.9242154597008413f,-0.1968882252104357f,-7.101666723091402f,0f,0f,0f,1f], start_interpolation: 0, interpolation_duration: 1 }
$data merge entity $(bone_segment17) { transformation: [-0.9463691239921816f,-0.31888954753326054f,0.05191278867776927f,0.8659920333343978f,-0.002297505938934837f,0.16731544119027178f,0.9859007377042401f,-0.5806181005646596f,-0.3230792513002514f,0.9329067475441142f,-0.159074818138925f,-6.42066301821911f,0f,0f,0f,1f], start_interpolation: 0, interpolation_duration: 1 }
$data merge entity $(bone_segment16) { transformation: [-0.942987257710085f,-0.3224275158299674f,0.08255621619314711f,0.5582060013775683f,-0.005089169357800988f,0.26198334560123043f,0.9650589759091582f,-0.33053145962207847f,-0.33278992195026164f,0.9096181746553347f,-0.24868784486789175f,-5.552350747002713f,0f,0f,0f,1f], start_interpolation: 0, interpolation_duration: 1 }
$data merge entity $(bone_segment15) { transformation: [-0.9613547619345711f,-0.265053373019776f,0.07445623651893235f,0.2456552709855961f,0.009722220141316457f,0.23759023089221923f,0.9713168178406596f,-0.050365244971341414f,-0.2751408732654011f,0.9345039281005842f,-0.22583159261567273f,-4.450384445067697f,0f,0f,0f,1f], start_interpolation: 0, interpolation_duration: 1 }
$data merge entity $(bone_segment14) { transformation: [-1.0317765507234486f,-0.1844270419275895f,0.009950558187041334f,0.03817484881705793f,0.010194431332651695f,-0.00048215571088130815f,1.048127396417461f,-0.050907670146082884f,-0.1844137222990697f,1.0318244190543673f,0.0022683245120551803f,-3.289581973631534f,0f,0f,0f,1f], start_interpolation: 0, interpolation_duration: 1 }
$data merge entity $(bone_segment13) { transformation: [-1.022498303648574f,-0.07412547879527716f,-0.0331095794649728f,-0.050194090361678545f,-0.014716018221517451f,-0.24216092935441041f,0.9966118276064656f,-0.3698405158368438f,-0.07983902345770767f,0.9939603158631471f,0.24033774702643035f,-2.0990549874834903f,0f,0f,0f,1f], start_interpolation: 0, interpolation_duration: 1 }
$data merge entity $(bone_segment12) { transformation: [-1.1154538154177733f,0.009199649516103036f,-0.012330178846602327f,-0.03908041980531246f,-0.01192672847652488f,0.04761241448254833f,1.1144795611973624f,-0.31232216277067804f,0.009716995906944947f,1.1145054085232604f,-0.047509531197661166f,-0.7526726147708265f,0f,0f,0f,1f], start_interpolation: 0, interpolation_duration: 1 }
$data merge entity $(bone_segment11) { transformation: [-1.1894678772739302f,0.04498784999684423f,-0.016281989051069663f,0.008611529366487989f,0.009906301987034847f,0.6279298252347637f,1.0113005688928132f,0.4133874469805734f,0.0468067836508703f,1.0103479939182576f,-0.6277968597173452f,0.41511599399708565f,0f,0f,0f,1f], start_interpolation: 0, interpolation_duration: 1 }
$data merge entity $(bone_segment10) { transformation: [-1.047573356154366f,0.0193334184607394f,-0.02985766955529181f,0.03017683243725015f,0f,0.879833351967408f,0.5697091106792733f,1.314055060361489f,0.03557051448392416f,0.5693809706352948f,-0.8793265871125084f,0.9979195425930161f,0f,0f,0f,1f], start_interpolation: 0, interpolation_duration: 1 }