# This file was generated by Animated Java via MC-Build. It is not recommended to edit this file directly.
$data merge entity $(bone_neck_spine5) { transformation: [-1.3663750256766398f,0.009542368857526257f,-0.04615075904033939f,0.07764399448463546f,0f,1.3388674978279f,0.2768311460372704f,3.717385787333007f,0.047126949438856695f,0.27666663444097367f,-1.338071853145392f,-0.4933972196315164f,0f,0f,0f,1f], start_interpolation: 0, interpolation_duration: 1 }
$data merge entity $(bone_neck_spine2) { transformation: [-1.3013095482634662f,0.010457870025619032f,-0.043647445484301654f,0.03719017865656938f,0f,1.2662445285258928f,0.3033905089528728f,4.791193055411082f,0.04488280898938732f,0.3032102140054165f,-1.2654920412726647f,1.166784939147766f,0f,0f,0f,1f], start_interpolation: 0, interpolation_duration: 1 }
$data merge entity $(bone_scale_neck_left1) { transformation: [-1.3780914772737867f,0.3883452620265465f,0.038874877873277834f,0.713095761527962f,0.34614260978362643f,1.1502361362665845f,0.7801291834827592f,4.035489601280014f,0.18030139311804994f,0.760002767554717f,-1.2005609602813339f,0.932092856190182f,0f,0f,0f,1f], start_interpolation: 0, interpolation_duration: 1 }
$data merge entity $(bone_scale_neck_right1) { transformation: [-1.387239224187547f,-0.3350589629983395f,-0.1214999777480917f,-0.6532792641486777f,-0.34614260978362643f,1.1502361362665845f,0.7801291834827592f,4.035489601280014f,-0.08492377152770353f,0.7849533365390415f,-1.1950295523076047f,0.9792198056290387f,0f,0f,0f,1f], start_interpolation: 0, interpolation_duration: 1 }
$data merge entity $(bone_blush_right1) { transformation: [-0.9994057330663421f,0.015478429922039433f,-0.03079933313037643f,-0.5099452496690993f,0f,0.893511329835146f,0.44904064788861686f,3.386714342476941f,0.03446999730384946f,0.44877379787970834f,-0.8929803455969764f,2.0185863161191233f,0f,0f,0f,1f], start_interpolation: 0, interpolation_duration: 1 }
$data merge entity $(bone_blush_left1) { transformation: [-0.9994057330663421f,0.015478429922039433f,-0.03079933313037643f,0.6417137005440683f,0f,0.893511329835146f,0.44904064788861686f,3.386714342476941f,0.03446999730384946f,0.44877379787970834f,-0.8929803455969764f,1.9788650301635156f,0f,0f,0f,1f], start_interpolation: 0, interpolation_duration: 1 }
$data merge entity $(bone_left_head_scales) { transformation: [-0.8722621626087523f,0.015478429922039433f,-0.48879355344383474f,0.6507715815834796f,-0.20734389644873f,0.893511329835146f,0.39830391921457053f,4.107365310400633f,0.44290769725368373f,0.44877379787970834f,-0.7761667669064826f,1.9581766978293653f,0f,0f,0f,1f], start_interpolation: 0, interpolation_duration: 1 }
$data merge entity $(bone_left_head_scales2) { transformation: [-0.8009994775765225f,0.015478429922039433f,-0.5984649155374828f,0.6431906792709062f,-0.25755913459271773f,0.893511329835146f,0.36783256468681386f,3.343532145311366f,0.5404286531171235f,0.44877379787970834f,-0.7117154973910815f,1.7383798360479004f,0f,0f,0f,1f], start_interpolation: 0, interpolation_duration: 1 }
$data merge entity $(bone_left_head_scales1) { transformation: [-0.9994057330663421f,0.015478429922039433f,-0.03079933313037643f,0.6492600161614054f,0f,0.893511329835146f,0.44904064788861686f,4.020108344596419f,0.03446999730384946f,0.44877379787970834f,-0.8929803455969764f,1.9143511316301751f,0f,0f,0f,1f], start_interpolation: 0, interpolation_duration: 1 }
$data merge entity $(bone_right_head_scales) { transformation: [-0.9007052613317827f,0.015478429922039433f,0.4341548691612171f,-0.5204070118536399f,0.20734389644873f,0.893511329835146f,0.39830391921457053f,4.107365310400633f,-0.3817571751974066f,0.44877379787970834f,-0.8079997138130183f,1.9985712259198138f,0f,0f,0f,1f], start_interpolation: 0, interpolation_duration: 1 }
$data merge entity $(bone_right_head_scales2) { transformation: [-0.8363310210543425f,0.015478429922039433f,0.5480062421445118f,-0.5279879141662133f,0.25755913459271773f,0.893511329835146f,0.36783256468681386f,3.343532145311366f,-0.48395631560095487f,0.44877379787970834f,-0.7512578538202257f,1.7787743641383489f,0f,0f,0f,1f], start_interpolation: 0, interpolation_duration: 1 }
$data merge entity $(bone_right_head_scales1) { transformation: [-0.9994057330663421f,0.015478429922039433f,-0.03079933313037643f,-0.5219185772757141f,0f,0.893511329835146f,0.44904064788861686f,4.020108344596419f,0.03446999730384946f,0.44877379787970834f,-0.8929803455969764f,1.9547456597206236f,0f,0f,0f,1f], start_interpolation: 0, interpolation_duration: 1 }
$data merge entity $(bone_head_left_fin1) { transformation: [-0.6687796104645392f,0.025074044685447588f,-0.7430377681585315f,0.6413358497584183f,-0.07701631012246546f,0.991717542689777f,0.10278522995290004f,3.725783581055487f,0.7394608310127181f,0.12596669323461057f,-0.6613093614894f,1.6846018437753532f,0f,0f,0f,1f], start_interpolation: 0, interpolation_duration: 1 }
$data merge entity $(bone_head_right_fin1) { transformation: [-0.7181384793041243f,-0.016335477239585634f,0.6957084710754319f,-0.5298427436787012f,0.07701631012246546f,0.991717542689777f,0.10278522995290004f,3.725783581055487f,-0.6916253411478502f,0.12739492809647207f,-0.710932429825377f,1.7249963718658017f,0f,0f,0f,1f], start_interpolation: 0, interpolation_duration: 1 }
$data merge entity $(bone_right_whisker16) { transformation: [0.2535008195972071f,0.9092351282368343f,-0.33019511814030805f,-0.9855971059829949f,0.9525089958929346f,-0.2941569532857795f,-0.0787292803006675f,1.3461443160979274f,-0.16871261721216213f,-0.29455588334605626f,-0.940623667775613f,1.804887294013683f,0f,0f,0f,1f], start_interpolation: 0, interpolation_duration: 1 }
$data merge entity $(bone_right_whisker15) { transformation: [-0.8683679989642813f,0.37001108406516436f,-0.33019511814030805f,-0.7311924187864282f,0.41596777206181135f,0.9059649623629336f,-0.0787292803006675f,1.2242787578766936f,0.27001450142668837f,-0.2057165152330992f,-0.940623667775613f,1.725781483048833f,0f,0f,0f,1f], start_interpolation: 0, interpolation_duration: 1 }
$data merge entity $(bone_right_whisker14) { transformation: [-0.7023321010516649f,-0.6306352383023502f,-0.33019511814030805f,-0.5254310610564482f,-0.6452875234029781f,0.7598721685677069f,-0.0787292803006675f,1.41332783699866f,0.30055553891553f,0.15777668917665982f,-0.940623667775613f,1.6377281025071737f,0f,0f,0f,1f], start_interpolation: 0, interpolation_duration: 1 }
$data merge entity $(bone_right_whisker13) { transformation: [-0.09792182892494022f,-0.9897747358425127f,-0.10371734526046826f,-0.4967430252385946f,-0.9892198789079394f,0.08540164755036639f,0.11895625149206984f,1.7031383483974702f,-0.10888226023258471f,0.11424767342737192f,-0.987467529857603f,1.6696272021846887f,0f,0f,0f,1f], start_interpolation: 0, interpolation_duration: 1 }
$data merge entity $(bone_right_whisker12) { transformation: [0.05561677952440964f,-0.9952368677364034f,-0.0800646671982477f,-0.5184683297403171f,-0.9405733277754272f,-0.07912934940002539f,0.33024288204439367f,2.0705498045597466f,-0.33500535654343166f,0.056939644903719236f,-0.9404941721911126f,1.8004886695844666f,0f,0f,0f,1f], start_interpolation: 0, interpolation_duration: 1 }
$data merge entity $(bone_right_whisker11) { transformation: [0.2906992404141352f,-0.9549542654787662f,-0.059634742110243895f,-0.6320227205270886f,-0.9556025556476258f,-0.2929025577665127f,0.03212237994858094f,2.4438320528596003f,-0.048142572245063686f,0.0476491605145894f,-0.9977032876761925f,1.8192943618676947f,0f,0f,0f,1f], start_interpolation: 0, interpolation_duration: 1 }
$data merge entity $(bone_right_whisker10) { transformation: [0.07786419613483095f,-0.9955254087772658f,0.05353809334608957f,-0.662438422142257f,-0.973905864250231f,-0.08743629273063527f,-0.20943319291013357f,2.824264031082347f,0.21317723738543748f,-0.03583371586063439f,-0.976356190264768f,1.7360220035140081f,0f,0f,0f,1f], start_interpolation: 0, interpolation_duration: 1 }
$data merge entity $(bone_right_whisker1) { transformation: [-0.34223880583920446f,-0.9393420947728593f,0.02256166584035876f,-0.5287513886113178f,-0.938129542752032f,0.34294870340265216f,0.04794943013533304f,3.1907208837198593f,-0.05277841219304352f,-0.004755609548353218f,-0.9985949245736254f,1.7566385707769159f,0f,0f,0f,1f], start_interpolation: 0, interpolation_duration: 1 }
$data merge entity $(bone_left_whisker16) { transformation: [0.26452254500175365f,-0.9273690703693646f,0.2646024007979813f,1.1015115816855003f,-0.9525089958929346f,-0.2941569532857795f,-0.0787292803006675f,1.3461443160979274f,0.15084573553411598f,-0.23121049750365597f,-0.9611385279528041f,1.7329018846284054f,0f,0f,0f,1f], start_interpolation: 0, interpolation_duration: 1 }
$data merge entity $(bone_left_whisker15) { transformation: [-0.884908178859278f,-0.3833054714974732f,0.2646024007979813f,0.8422611386603213f,-0.41596777206181135f,0.9059649623629336f,-0.0787292803006675f,1.2242787578766936f,-0.20954314017378087f,-0.179734255195908f,-0.9611385279528041f,1.671512292780618f,0f,0f,0f,1f], start_interpolation: 0, interpolation_duration: 1 }
$data merge entity $(bone_left_whisker14) { transformation: [-0.7213710899815505f,0.6400072812326231f,0.2646024007979813f,0.6309219521422889f,0.6452875234029781f,0.7598721685677069f,-0.0787292803006675f,1.41332783699866f,-0.25145131274121485f,0.11395160115345601f,-0.9611385279528041f,1.5978449160009653f,0f,0f,0f,1f], start_interpolation: 0, interpolation_duration: 1 }
$data merge entity $(bone_left_whisker13) { transformation: [-0.09018724960549115f,0.9952942267421985f,0.035435324497539826f,0.6044999063594301f,0.9892198789079394f,0.08540164755036639f,0.11895625149206984f,1.7031383483974702f,0.11537023525137843f,0.04578166455396869f,-0.9922669741600338f,1.6316447896097677f,0f,0f,0f,1f], start_interpolation: 0, interpolation_duration: 1 }
$data merge entity $(bone_left_whisker12) { transformation: [0.07856615667465496f,0.9967949112979629f,0.015075272331195468f,0.6351898113104671f,0.9405733277754272f,-0.07912934940002539f,0.33024288204439367f,2.0705498045597466f,0.33037732080582083f,-0.011766514947716172f,-0.9437755956916627f,1.7606984305495414f,0f,0f,0f,1f], start_interpolation: 0, interpolation_duration: 1 }
$data merge entity $(bone_left_whisker11) { transformation: [0.2933254102815179f,0.9559679297384888f,-0.009247756197423254f,0.749770049701685f,0.9556025556476258f,-0.2929025577665127f,0.03212237994858094f,2.4438320528596003f,0.027999273613891706f,-0.018259489733900222f,-0.9994411597046381f,1.7716356468049679f,0f,0f,0f,1f], start_interpolation: 0, interpolation_duration: 1 }
$data merge entity $(bone_left_whisker10) { transformation: [0.06299145867356368f,0.9906907724796703f,-0.12068085787651192f,0.7743760882460459f,0.973905864250231f,-0.08743629273063527f,-0.20943319291013357f,2.824264031082347f,-0.2180354184832989f,-0.10433929287261258f,-0.9703472925966538f,1.6864655614599293f,0f,0f,0f,1f], start_interpolation: 0, interpolation_duration: 1 }
$data merge entity $(bone_left_whisker1) { transformation: [-0.337789141555825f,0.9367822215857077f,-0.09131026868827469f,0.6424272048258017f,0.938129542752032f,0.34294870340265216f,0.04794943013533304f,3.1907208837198593f,0.07623291193993759f,-0.06946406376959126f,-0.9946674253144977f,1.7162440426864674f,0f,0f,0f,1f], start_interpolation: 0, interpolation_duration: 1 }
$data merge entity $(bone_upper_left_tooth1) { transformation: [-0.9994057330663421f,0.012735191068009799f,-0.032031166425665364f,0.35573199815694534f,0f,0.9292477206572994f,0.36945726904909254f,3.166366940008003f,0.03446999730384946f,0.36923771281069717f,-0.9286954994637359f,2.6114658072979466f,0f,0f,0f,1f], start_interpolation: 0, interpolation_duration: 1 }
$data merge entity $(bone_upper_right_tooth1) { transformation: [-0.9994057330663421f,0.012735191068009799f,-0.032031166425665364f,-0.22985729856161446f,0f,0.9292477206572994f,0.36945726904909254f,3.166366940008003f,0.03446999730384946f,0.36923771281069717f,-0.9286954994637359f,2.631663071343171f,0f,0f,0f,1f], start_interpolation: 0, interpolation_duration: 1 }
$data merge entity $(bone_top_lip1) { transformation: [-0.9994057330663421f,-0.002850049895359738f,-0.034351971263980596f,0.08870525424490583f,0f,0.9965759776878289f,-0.0826820457871476f,3.266188472500486f,0.03446999730384946f,-0.08263291058132904f,-0.9959837455374112f,2.66038708331097f,0f,0f,0f,1f], start_interpolation: 0, interpolation_duration: 1 }
$data merge entity $(bone_muzzle1) { transformation: [-0.9994057330663421f,0.012735191068009799f,-0.032031166425665364f,0.07493054276772693f,0f,0.9292477206572994f,0.36945726904909254f,3.5827078012340223f,0.03446999730384946f,0.36923771281069717f,-0.9286954994637359f,2.2610100395509476f,0f,0f,0f,1f], start_interpolation: 0, interpolation_duration: 1 }
$data merge entity $(bone_jaw_right_tooth1) { transformation: [-0.9994057330663421f,-0.00535063119846826f,-0.034052187299869106f,-0.23058669855052222f,0f,0.9878790241757957f,-0.15522575042008263f,2.978022849654164f,0.03446999730384946f,-0.15513350488935573f,-0.9872919603372737f,2.6105152155952527f,0f,0f,0f,1f], start_interpolation: 0, interpolation_duration: 1 }
$data merge entity $(bone_jaw_left_tooth1) { transformation: [-0.9994057330663421f,-0.00535063119846826f,-0.034052187299869106f,0.40380170622791756f,0f,0.9878790241757957f,-0.15522575042008263f,2.978022849654164f,0.03446999730384946f,-0.15513350488935573f,-0.9872919603372737f,2.5886348462129263f,0f,0f,0f,1f], start_interpolation: 0, interpolation_duration: 1 }
$data merge entity $(bone_tongue1) { transformation: [-0.9994057330663421f,0.011345527273370775f,-0.03254934292757058f,0.06404759245095547f,0f,0.944280402480206f,0.32914209923955406f,3.2036051224210196f,0.03446999730384946f,0.32894650097350125f,-0.9437192478609108f,1.9454752617735518f,0f,0f,0f,1f], start_interpolation: 0, interpolation_duration: 1 }
$data merge entity $(bone_jaw_lips1) { transformation: [-0.9994057330663421f,0.011345527273370775f,-0.03254934292757058f,0.1370017223235186f,0f,0.944280402480206f,0.32914209923955406f,2.84041603696483f,0.03446999730384946f,0.32894650097350125f,-0.9437192478609108f,2.6441306876275203f,0f,0f,0f,1f], start_interpolation: 0, interpolation_duration: 1 }
$data merge entity $(bone_jaw3) { transformation: [-0.9994057330663421f,0.0006437571824347149f,-0.03446398541691678f,0.1100295833311179f,0f,0.9998255907338872f,0.018675869822676938f,2.7817768344344698f,0.03446999730384946f,0.01866477137078404f,-0.9992314274458891f,1.8621140804182952f,0f,0f,0f,1f], start_interpolation: 0, interpolation_duration: 1 }
$data merge entity $(bone_jaw1) { transformation: [-0.9994057330663421f,0.024824922864153276f,-0.023914512725879005f,0.09134637026402492f,0f,0.6937776210156053f,0.7201892894079496f,3.34442471678443f,0.03446999730384946f,0.7197613047272798f,-0.6933653319161238f,1.3204224148588235f,0f,0f,0f,1f], start_interpolation: 0, interpolation_duration: 1 }
$data merge entity $(bone_tear_right1) { transformation: [-0.9994057330663421f,0.015478429922039433f,-0.03079933313037643f,-0.45314868999354774f,0f,0.893511329835146f,0.44904064788861686f,3.652647259598353f,0.03446999730384946f,0.44877379787970834f,-0.8929803455969764f,2.2487772931664214f,0f,0f,0f,1f], start_interpolation: 0, interpolation_duration: 1 }
$data merge entity $(bone_right_pupil1) { transformation: [-0.9994057330663421f,0.015478429922039433f,-0.03079933313037643f,-0.28879573186255325f,0f,0.893511329835146f,0.44904064788861686f,3.7135932499403426f,0.03446999730384946f,0.44877379787970834f,-0.8929803455969764f,2.339371689649872f,0f,0f,0f,1f], start_interpolation: 0, interpolation_duration: 1 }
$data merge entity $(bone_right_sad_pupil1) { transformation: [-0.9994057330663421f,0.015478429922039433f,-0.03079933313037643f,-0.2890965066001545f,0f,0.893511329835146f,0.44904064788861686f,3.71797841251738f,0.03446999730384946f,0.44877379787970834f,-0.8929803455969764f,2.3306511784624018f,0f,0f,0f,1f], start_interpolation: 0, interpolation_duration: 1 }
$data merge entity $(bone_right_happy_pupil1) { transformation: [-0.9994057330663421f,0.015478429922039433f,-0.03079933313037643f,-0.3138736348343122f,0f,0.893511329835146f,0.44904064788861686f,3.696164450288617f,0.03446999730384946f,0.44877379787970834f,-0.8929803455969764f,2.320536469051093f,0f,0f,0f,1f], start_interpolation: 0, interpolation_duration: 1 }
$data merge entity $(bone_eyelid_right1) { transformation: [-0.9994057330663421f,0.015478429922039433f,-0.03079933313037643f,0.07086241818410914f,0f,0.893511329835146f,0.44904064788861686f,3.893608058467137f,0.03446999730384946f,0.44877379787970834f,-0.8929803455969764f,1.859752914121723f,0f,0f,0f,1f], start_interpolation: 0, interpolation_duration: 1 }
$data merge entity $(bone_eyelid_expressions_right5) { transformation: [-0.9994057330663421f,0.015478429922039433f,-0.03079933313037643f,-0.39982257740151284f,0f,0.893511329835146f,0.44904064788861686f,3.8052353783215933f,0.03446999730384946f,0.44877379787970834f,-0.8929803455969764f,2.3783478761650523f,0f,0f,0f,1f], start_interpolation: 0, interpolation_duration: 1 }
$data merge entity $(bone_eyelid_expressions_right7) { transformation: [-0.9994057330663421f,0.015478429922039433f,-0.03079933313037643f,-0.10702792904223293f,0f,0.893511329835146f,0.44904064788861686f,3.8052353783215933f,0.03446999730384946f,0.44877379787970834f,-0.8929803455969764f,2.36824924414244f,0f,0f,0f,1f], start_interpolation: 0, interpolation_duration: 1 }
$data merge entity $(bone_eyelid_expressions_right6) { transformation: [-0.9994057330663421f,0.015478429922039433f,-0.03079933313037643f,-0.2046261451619929f,0f,0.893511329835146f,0.44904064788861686f,3.8052353783215933f,0.03446999730384946f,0.44877379787970834f,-0.8929803455969764f,2.371615454816644f,0f,0f,0f,1f], start_interpolation: 0, interpolation_duration: 1 }
$data merge entity $(bone_right_eye1) { transformation: [-0.9994057330663421f,0.015478429922039433f,-0.03079933313037643f,0.06140337130973447f,0f,0.893511329835146f,0.44904064788861686f,3.8892228958900996f,0.03446999730384946f,0.44877379787970834f,-0.8929803455969764f,1.868810046376614f,0f,0f,0f,1f], start_interpolation: 0, interpolation_duration: 1 }
$data merge entity $(bone_tear_left1) { transformation: [-0.9994057330663421f,0.015478429922039433f,-0.03079933313037643f,0.6009120440998599f,0f,0.893511329835146f,0.44904064788861686f,3.652647259598353f,0.03446999730384946f,0.44877379787970834f,-0.8929803455969764f,2.2124222178850177f,0f,0f,0f,1f], start_interpolation: 0, interpolation_duration: 1 }
$data merge entity $(bone_left_sad_pupil1) { transformation: [-0.9994057330663421f,0.015478429922039433f,-0.03079933313037643f,0.44289011429804515f,0f,0.893511329835146f,0.44904064788861686f,3.71797841251738f,0.03446999730384946f,0.44877379787970834f,-0.8929803455969764f,2.3054045984058713f,0f,0f,0f,1f], start_interpolation: 0, interpolation_duration: 1 }
$data merge entity $(bone_left_pupil1) { transformation: [-0.9994057330663421f,0.015478429922039433f,-0.03079933313037643f,0.4431908890356465f,0f,0.893511329835146f,0.44904064788861686f,3.7135932499403426f,0.03446999730384946f,0.44877379787970834f,-0.8929803455969764f,2.3141251095933417f,0f,0f,0f,1f], start_interpolation: 0, interpolation_duration: 1 }
$data merge entity $(bone_eyelid_left1) { transformation: [-0.9994057330663421f,0.015478429922039433f,-0.03079933313037643f,0.05134277496015714f,0f,0.893511329835146f,0.44904064788861686f,3.893608058467137f,0.03446999730384946f,0.44877379787970834f,-0.8929803455969764f,1.8604261562565638f,0f,0f,0f,1f], start_interpolation: 0, interpolation_duration: 1 }
$data merge entity $(bone_left_happy_pupil1) { transformation: [-0.9994057330663421f,0.015478429922039433f,-0.03079933313037643f,0.46691209412376755f,0f,0.893511329835146f,0.44904064788861686f,3.696164450288617f,0.03446999730384946f,0.44877379787970834f,-0.8929803455969764f,2.2936067836574603f,0f,0f,0f,1f], start_interpolation: 0, interpolation_duration: 1 }
$data merge entity $(bone_eyelid_expressions_left5) { transformation: [-0.9994057330663421f,0.015478429922039433f,-0.03079933313037643f,0.5566399405721348f,0f,0.893511329835146f,0.44904064788861686f,3.8052353783215933f,0.03446999730384946f,0.44877379787970834f,-0.8929803455969764f,2.3453590115578526f,0f,0f,0f,1f], start_interpolation: 0, interpolation_duration: 1 }
$data merge entity $(bone_eyelid_expressions_left7) { transformation: [-0.9994057330663421f,0.015478429922039433f,-0.03079933313037643f,0.2638452922128549f,0f,0.893511329835146f,0.44904064788861686f,3.8052353783215933f,0.03446999730384946f,0.44877379787970834f,-0.8929803455969764f,2.355457643580465f,0f,0f,0f,1f], start_interpolation: 0, interpolation_duration: 1 }
$data merge entity $(bone_eyelid_expressions_left6) { transformation: [-0.9994057330663421f,0.015478429922039433f,-0.03079933313037643f,0.3614435083326149f,0f,0.893511329835146f,0.44904064788861686f,3.8052353783215933f,0.03446999730384946f,0.44877379787970834f,-0.8929803455969764f,2.3520914329062608f,0f,0f,0f,1f], start_interpolation: 0, interpolation_duration: 1 }
$data merge entity $(bone_left_eye1) { transformation: [-0.9994057330663421f,0.015478429922039433f,-0.03079933313037643f,0.06140337130973447f,0f,0.893511329835146f,0.44904064788861686f,3.8892228958900996f,0.03446999730384946f,0.44877379787970834f,-0.8929803455969764f,1.868810046376614f,0f,0f,0f,1f], start_interpolation: 0, interpolation_duration: 1 }
$data merge entity $(bone_crest_middle5) { transformation: [-0.9994057330663421f,0.008445333557083105f,-0.03341941135383738f,0.09282262106564636f,0f,0.9695217281060027f,0.24500534428936468f,4.779710215674274f,0.03446999730384946f,0.24485974571468405f,-0.9689455734015264f,2.779763942250431f,0f,0f,0f,1f], start_interpolation: 0, interpolation_duration: 1 }
$data merge entity $(bone_crest_middle4) { transformation: [-0.9994057330663421f,0.008445333557083105f,-0.03341941135383738f,0.08787418343454298f,0f,0.9695217281060027f,0.24500534428936468f,4.211631078112163f,0.03446999730384946f,0.24485974571468405f,-0.9689455734015264f,2.636291434995733f,0f,0f,0f,1f], start_interpolation: 0, interpolation_duration: 1 }
$data merge entity $(bone_crest_middle1) { transformation: [-0.9994057330663421f,0.008445333557083105f,-0.03341941135383738f,0.08661057644729889f,0f,0.9695217281060027f,0.24500534428936468f,3.7676269210114652f,0.03446999730384946f,0.24485974571468405f,-0.9689455734015264f,2.5996550507145715f,0f,0f,0f,1f], start_interpolation: 0, interpolation_duration: 1 }
$data merge entity $(bone_crest_left5) { transformation: [-0.5500346843469782f,-0.8314539178786257f,0.07839788555569314f,-0.8730298693997831f,-0.753579812319858f,0.5345876744174884f,0.382535599421634f,4.242852800594812f,-0.3599712661856326f,0.1513287837960276f,-0.9206086501415939f,2.6393552049405304f,0f,0f,0f,1f], start_interpolation: 0, interpolation_duration: 1 }
$data merge entity $(bone_crest_left4) { transformation: [-0.5500346843469782f,-0.8314539178786257f,0.07839788555569314f,-0.4670465110606104f,-0.753579812319858f,0.5345876744174884f,0.382535599421634f,3.9818236626956476f,-0.3599712661856326f,0.1513287837960276f,-0.9206086501415939f,2.565464197227626f,0f,0f,0f,1f], start_interpolation: 0, interpolation_duration: 1 }
$data merge entity $(bone_crest_left1) { transformation: [-0.5500346843469782f,-0.8314539178786257f,0.07839788555569314f,-0.0166367951318714f,-0.753579812319858f,0.5345876744174884f,0.382535599421634f,3.7133701070720764f,-0.3599712661856326f,0.1513287837960276f,-0.9206086501415939f,2.4392324944982366f,0f,0f,0f,1f], start_interpolation: 0, interpolation_duration: 1 }
$data merge entity $(bone_crest_center1) { transformation: [-0.9994057330663421f,0.015478429922039433f,-0.03079933313037643f,0.08058353446937938f,0f,0.893511329835146f,0.44904064788861686f,3.6915561448433136f,0.03446999730384946f,0.44877379787970834f,-0.8929803455969764f,2.424910032516047f,0f,0f,0f,1f], start_interpolation: 0, interpolation_duration: 1 }
$data merge entity $(bone_crest_right5) { transformation: [-0.5239259335652536f,0.8399044886451917f,-0.14164062302685748f,1.0467058717060802f,0.753579812319858f,0.5345876744174884f,0.382535599421634f,4.242852800594812f,0.3970126982877813f,0.09368280693147647f,-0.9130194133115105f,2.5731425711416502f,0f,0f,0f,1f], start_interpolation: 0, interpolation_duration: 1 }
$data merge entity $(bone_crest_right4) { transformation: [-0.5239259335652536f,0.8399044886451917f,-0.14164062302685748f,0.6365962581097953f,0.753579812319858f,0.5345876744174884f,0.382535599421634f,3.9818236626956476f,0.3970126982877813f,0.09368280693147647f,-0.9130194133115105f,2.5273990130696404f,0f,0f,0f,1f], start_interpolation: 0, interpolation_duration: 1 }
$data merge entity $(bone_crest_right1) { transformation: [-0.5239259335652536f,0.8399044886451917f,-0.14164062302685748f,0.17855963710764855f,0.753579812319858f,0.5345876744174884f,0.382535599421634f,3.7133701070720764f,0.3970126982877813f,0.09368280693147647f,-0.9130194133115105f,2.4325000731498285f,0f,0f,0f,1f], start_interpolation: 0, interpolation_duration: 1 }
$data merge entity $(bone_head1) { transformation: [-0.9994057330663421f,0.015478429922039433f,-0.03079933313037643f,0.04410497803062411f,0f,0.893511329835146f,0.44904064788861686f,4.086778354725043f,0.03446999730384946f,0.44877379787970834f,-0.8929803455969764f,1.367269147966143f,0f,0f,0f,1f], start_interpolation: 0, interpolation_duration: 1 }
$data merge entity $(bone_neck10) { transformation: [-1.3013095482634662f,0.016065536357013372f,-0.041909009584328145f,0.009425147794686298f,0f,1.215811223160378f,0.46607303781887005f,4.054112027222875f,0.04488280898938732f,0.4657960660238248f,-1.2150887067528835f,0.36177962459756596f,0f,0f,0f,1f], start_interpolation: 0, interpolation_duration: 1 }
$data merge entity $(bone_neck9) { transformation: [-0.9994057330663421f,0.015478429922039433f,-0.03079933313037643f,-0.00872132900427117f,0f,0.893511329835146f,0.44904064788861686f,2.897845658882912f,0.03446999730384946f,0.4487737978797083f,-0.8929803455969764f,-0.16435018005455526f,0f,0f,0f,1f], start_interpolation: 0, interpolation_duration: 1 }
$data merge entity $(bone_neck8) { transformation: [-0.9994057330663421f,-0.00939583227305152f,-0.033164725990486824f,-0.0012229522031009295f,0f,0.9621331182054701f,-0.2725800118354587f,2.2796538012469356f,0.03446999730384946f,-0.27241802654764885f,-0.9615613543075434f,0.05305397863228939f,0f,0f,0f,1f], start_interpolation: 0, interpolation_duration: 1 }
$data merge entity $(bone_neck7) { transformation: [-0.9994057330663421f,-0.018571992388235904f,-0.029038970588825912f,0.014579328241971173f,0f,0.8424419164541962f,-0.5387871726396063f,1.6042110309400415f,0.03446999730384946f,-0.5384669892386276f,-0.8419412810797201f,0.5112173353948246f,0f,0f,0f,1f], start_interpolation: 0, interpolation_duration: 1 }
$data merge entity $(bone_neck6) { transformation: [-0.9994057330663421f,-0.012142473656967148f,-0.03226051840279768f,0.023953237705489284f,0f,0.9359013903721706f,-0.3522621005720569f,0.8563650909279787f,0.03446999730384946f,-0.35205276285370607f,-0.935345215122708f,0.7829997430493395f,0f,0f,0f,1f], start_interpolation: 0, interpolation_duration: 1 }
$data merge entity $(bone_neck_spine6) { transformation: [-1.103821018884366f,-0.07907134091995212f,-0.016387764690835187f,-0.08580944393770815f,-0.010632058753778071f,-0.08034412193426775f,1.1037995555872582f,0.3958573697919441f,-0.08004870463097878f,1.101015087377595f,0.07937039606282746f,-1.5117897837134184f,0f,0f,0f,1f], start_interpolation: 0, interpolation_duration: 1 }
$data merge entity $(bone_neck_spine7) { transformation: [-0.9610507974298312f,-0.2347927553309259f,0.14578657964160274f,0.4322689340594817f,0.016421624137084825f,0.4780564787174613f,0.8781755709520516f,0.27159485724437227f,-0.27588348087586845f,0.8463653851619721f,-0.45558088170975836f,-4.727378527966111f,0f,0f,0f,1f], start_interpolation: 0, interpolation_duration: 1 }
$data merge entity $(bone_tail6) { transformation: [-1.4060383775950562f,-0.49032819488142343f,0.15757101166843424f,1.502948842324458f,-0.013128673814283766f,0.4921002741265957f,1.4141637952558521f,-1.0031133617706711f,-0.51485726210064f,1.3265028696512047f,-0.4663758335863667f,-7.690001790353369f,0f,0f,0f,1f], start_interpolation: 0, interpolation_duration: 1 }
$data merge entity $(bone_tail5) { transformation: [-1.161509964100264f,-0.4050537262063933f,0.13016735746522828f,1.2471254362993671f,-0.01084542619440833f,0.406517617756753f,1.1682222656461387f,-0.7463653926611425f,-0.42531686869183305f,1.095806718407517f,-0.3852669929626508f,-6.997913336622305f,0f,0f,0f,1f], start_interpolation: 0, interpolation_duration: 1 }
$data merge entity $(bone_tail4) { transformation: [-0.9389891078200029f,-0.3274539597121158f,0.10523003214031086f,1.119213733286822f,-0.00876767086032168f,0.32863740046019607f,0.9444154737012995f,-0.6179914081063784f,-0.3438351106898187f,0.8858732207757611f,-0.31145794799506926f,-6.651869109756773f,0f,0f,0f,1f], start_interpolation: 0, interpolation_duration: 1 }
$data merge entity $(bone_segment18) { transformation: [-0.9389891078200029f,-0.33575696529349597f,0.07461042589542702f,0.9552699025771071f,-0.00876767086032168f,0.2402199253366285f,0.9706788940833884f,-0.5006965226881028f,-0.3438351106898187f,0.9108027490780682f,-0.22850769993318226f,-6.207141204933498f,0f,0f,0f,1f], start_interpolation: 0, interpolation_duration: 1 }
$data merge entity $(bone_segment17) { transformation: [-0.9385504151793931f,-0.3396760023814465f,0.06118277186224997f,0.7396552526279467f,-0.0012780772975175526f,0.18068755417213428f,0.983539716679359f,-0.3860022744343067f,-0.3451398045502867f,0.9230234131231188f,-0.1700185111731609f,-5.621237671212768f,0f,0f,0f,1f], start_interpolation: 0, interpolation_duration: 1 }
$data merge entity $(bone_segment16) { transformation: [-0.9395605052306003f,-0.3301793907052385f,0.09059595445899622f,0.4655805630777f,-0.0004683168713161647f,0.2658432877421456f,0.9640161445960098f,-0.165331576601471f,-0.3423825896422408f,0.9057090682531362f,-0.24993048232240228f,-4.869428386041707f,0f,0f,0f,1f], start_interpolation: 0, interpolation_duration: 1 }
$data merge entity $(bone_segment15) { transformation: [-0.9610507974298312f,-0.26452472953131384f,0.08005018567043218f,0.1943393853356302f,0.016421624137084825f,0.2344785365118353f,0.9719825853254616f,0.07510051650148514f,-0.27588348087586845f,0.9354391927761275f,-0.22100185881155185f,-3.9102378075114985f,0f,0f,0f,1f], start_interpolation: 0, interpolation_duration: 1 }
$data merge entity $(bone_segment14) { transformation: [-0.9850061151156435f,-0.17193604003952953f,0.014175729974607015f,0.018037781779472073f,0.015706449218120526f,-0.007545659421648532f,0.9998481737128148f,0.06736326807108381f,-0.17180297039849532f,0.9850792156773067f,0.010133025354549435f,-2.9001468148736356f,0f,0f,0f,1f], start_interpolation: 0, interpolation_duration: 1 }
$data merge entity $(bone_segment13) { transformation: [-0.9973347558861094f,-0.06778671956730786f,-0.026987874164107563f,-0.05412110816784793f,-0.009606377791648892f,-0.2446724176056802f,0.9695582115421f,-0.21913898231580395f,-0.07232635900775494f,0.9672333579407271f,0.24336912104740524f,-1.8670681590272165f,0f,0f,0f,1f], start_interpolation: 0, interpolation_duration: 1 }
$data merge entity $(bone_segment12) { transformation: [-0.9998899171275272f,0.012988531933027994f,-0.007172981592866964f,-0.03890017230883075f,-0.0067288521377122795f,0.03392068148616334f,0.9994018760821008f,-0.17938818369920628f,0.013224075605338212f,0.999340124985352f,-0.03382954948924577f,-0.695966450060007f,0f,0f,0f,1f], start_interpolation: 0, interpolation_duration: 1 }
$data merge entity $(bone_segment11) { transformation: [-1.0342153557099696f,0.04214135679296999f,-0.013083041519888202f,0.005871259350864983f,0.010827758739508737f,0.539905883116138f,0.8831380746697112f,0.44460095782445597f,0.04277639031571632f,0.8821985067649418f,-0.5398559409762262f,0.3237182116763472f,0f,0f,0f,1f], start_interpolation: 0, interpolation_duration: 1 }
$data merge entity $(bone_segment10) { transformation: [-0.9994057330663421f,0.018904468244256713f,-0.028823632569981158f,0.025555740146430115f,0f,0.8361948019868937f,0.5484325420050306f,1.2162843760815631f,0.03446999730384946f,0.548106626679975f,-0.8356978790659763f,0.8294618913521541f,0f,0f,0f,1f], start_interpolation: 0, interpolation_duration: 1 }