# This file was generated by Animated Java via MC-Build. It is not recommended to edit this file directly.
$data merge entity $(bone_neck_spine5) { transformation: [-1.5713137386087186f,0.011547975836166652f,-0.05346938067923341f,0.0925315876439694f,-1.363723045079424e-18f,1.5368316631979613f,0.3319151014172607f,4.283824280215713f,0.0547021975439147f,0.3317141522499722f,-1.535901229356104f,-0.5414338778790808f,0f,0f,0f,1f], start_interpolation: 0, interpolation_duration: 1 }
$data merge entity $(bone_neck_spine2) { transformation: [-1.496489274865446f,0.01350066175822619f,-0.05031763139109059f,0.04752573061354055f,-1.2987838524565938e-18f,1.4462432172696782f,0.38803973789481633f,5.484760817835785f,0.05209733099420445f,0.3878048095596129f,-1.445367627792231f,1.3936707973556766f,0f,0f,0f,1f], start_interpolation: 0, interpolation_duration: 1 }
$data merge entity $(bone_scale_neck_left1) { transformation: [-1.5843667850170358f,0.44810837318442037f,0.04512047489185835f,0.8239178825362751f,0.39380434835015327f,1.2983209548128563f,0.9339892474498929f,4.6225690860948525f,0.21852941814082108f,0.9091846154734018f,-1.3559805711112491f,1.1001918580269234f,0f,0f,0f,1f], start_interpolation: 0, interpolation_duration: 1 }
$data merge entity $(bone_scale_neck_right1) { transformation: [-1.5957280215686596f,-0.3837971988500918f,-0.1393085502511148f,-0.7473958560724429f,-0.39380434835015327f,1.2983209548128563f,0.9339892474498929f,4.6225690860948525f,-0.10782067166715062f,0.9381457718746745f,-1.3495600373131196f,1.154894055570838f,0f,0f,0f,1f], start_interpolation: 0, interpolation_duration: 1 }
$data merge entity $(bone_blush_right1) { transformation: [-0.9993945766057934f,0.015896412001717472f,-0.030948090997645276f,-0.5823752202080893f,-8.673617379884035e-19f,0.8895185535445205f,0.45689905110435924f,3.8573105741252323f,0.03479195669873828f,0.45662243373002986f,-0.888980018202624f,2.3444095697234317f,0f,0f,0f,1f], start_interpolation: 0, interpolation_duration: 1 }
$data merge entity $(bone_blush_left1) { transformation: [-0.9993945766057934f,0.015896412001717472f,-0.030948090997645276f,0.7420177880478304f,-8.673617379884035e-19f,0.8895185535445205f,0.45689905110435924f,3.8573105741252323f,0.03479195669873828f,0.45662243373002986f,-0.888980018202624f,2.2983034317935607f,0f,0f,0f,1f], start_interpolation: 0, interpolation_duration: 1 }
$data merge entity $(bone_left_head_scales) { transformation: [-0.8721835779684666f,0.015896412001717472f,-0.48892035180343574f,0.7526808729850356f,-0.21097250323584077f,0.8895185535445205f,0.4052744079984166f,4.686233412840109f,0.4413461330979653f,0.45662243373002986f,-0.7724697688673244f,2.281809979044152f,0f,0f,0f,1f], start_interpolation: 0, interpolation_duration: 1 }
$data merge entity $(bone_left_head_scales2) { transformation: [-0.8009050147316699f,0.015896412001717472f,-0.5985803717656764f,0.7436123638595608f,-0.26206652950461284f,0.8895185535445205f,0.3742697917458364f,3.810088729659972f,0.5383978932825346f,0.45662243373002986f,-0.7082539527058024f,2.0213181959468134f,0f,0f,0f,1f], start_interpolation: 0, interpolation_duration: 1 }
$data merge entity $(bone_left_head_scales1) { transformation: [-0.9993945766057934f,0.015896412001717472f,-0.030948090997645276f,0.7508956314028115f,-8.673617379884035e-19f,0.8895185535445205f,0.45689905110435924f,4.58633630965884f,0.03479195669873828f,0.45662243373002986f,-0.888980018202624f,2.2305291393186115f,0f,0f,0f,1f], start_interpolation: 0, interpolation_duration: 1 }
$data merge entity $(bone_right_head_scales) { transformation: [-0.9007640541693354f,0.015896412001717472f,0.43401776784124224f,-0.5941594743938656f,0.21097250323584077f,0.8895185535445205f,0.4052744079984166f,4.686233412840109f,-0.3796244480994683f,0.45662243373002986f,-0.8046000443820759f,2.3286975769389358f,0f,0f,0f,1f], start_interpolation: 0, interpolation_duration: 1 }
$data merge entity $(bone_right_head_scales2) { transformation: [-0.8364072062242645f,0.015896412001717472f,0.5478779877505506f,-0.6032279835193405f,0.26206652950461284f,0.8895185535445205f,0.3742697917458364f,3.810088729659972f,-0.4813980883733635f,0.45662243373002986f,-0.7481656457796867f,2.068205793841597f,0f,0f,0f,1f], start_interpolation: 0, interpolation_duration: 1 }
$data merge entity $(bone_right_head_scales1) { transformation: [-0.9993945766057934f,0.015896412001717472f,-0.030948090997645276f,-0.5959447159760898f,-8.673617379884035e-19f,0.8895185535445205f,0.45689905110435924f,4.58633630965884f,0.03479195669873828f,0.45662243373002986f,-0.888980018202624f,2.2774167372133953f,0f,0f,0f,1f], start_interpolation: 0, interpolation_duration: 1 }
$data merge entity $(bone_head_left_fin1) { transformation: [-0.7007755002283768f,0.026643179279406282f,-0.7790244138040398f,0.7415942805380552f,-0.08733853446172944f,1.038284099995671f,0.1140758787800041f,4.250206257066704f,0.7745714148501216f,0.14117884657142618f,-0.691941366448788f,1.963349006570224f,0f,0f,0f,1f], start_interpolation: 0, interpolation_duration: 1 }
$data merge entity $(bone_head_right_fin1) { transformation: [-0.7529440297380686f,-0.0167608481055386f,0.7290195882675274f,-0.605246066840846f,0.08733853446172944f,1.038284099995671f,0.1140758787800041f,4.250206257066704f,-0.7239630284103251f,0.14268987242315395f,-0.7444409525462635f,2.0102366044650077f,0f,0f,0f,1f], start_interpolation: 0, interpolation_duration: 1 }
$data merge entity $(bone_right_whisker16) { transformation: [0.2537387804847592f,0.9090503345192782f,-0.33052098358273113f,-1.1301732962082842f,0.9538812020441569f,-0.29182696636282424f,-0.07033970493444217f,1.5130773135237132f,-0.1603972682588472f,-0.2974298421709895f,-0.9411738443673622f,2.078170140657859f,0f,0f,0f,1f], start_interpolation: 0, interpolation_duration: 1 }
$data merge entity $(bone_right_whisker15) { transformation: [-0.8681537260540466f,0.370222888744037f,-0.33052098358273113f,-0.8376800974889034f,0.41383682734383914f,0.9076295534212844f,-0.07033970493444217f,1.3736498668111894f,0.2739492439713256f,-0.19784743214482076f,-0.9411738443673622f,1.9858727879526763f,0f,0f,0f,1f], start_interpolation: 0, interpolation_duration: 1 }
$data merge entity $(bone_right_whisker14) { transformation: [-0.7024335056365965f,-0.6303515285700398f,-0.33052098358273113f,-0.6010203714687613f,-0.6476967313939681f,0.7586443633556534f,-0.07033970493444217f,1.5918680038531021f,0.2950866216903966f,0.16466839520111032f,-0.9411738443673622f,1.8864539554495643f,0f,0f,0f,1f], start_interpolation: 0, interpolation_duration: 1 }
$data merge entity $(bone_right_whisker13) { transformation: [-0.09826011632718734f,-0.9897117970935493f,-0.10399763570978501f,-0.567915156495246f,-0.9881925258123204f,0.08469262186314712f,0.12768199454352144f,1.924803962256667f,-0.11756054384032724f,0.11531573394729563f,-0.9863477074724526f,1.9260617558645183f,0f,0f,0f,1f], start_interpolation: 0, interpolation_duration: 1 }
$data merge entity $(bone_right_whisker12) { transformation: [0.055220854903583375f,-0.9952427702487656f,-0.08026509485000699f,-0.5927213999089651f,-0.9376025394329746f,-0.0793254828125898f,0.3385394302372865f,2.3459926030175735f,-0.3432959877897709f,0.056562320002920045f,-0.9375225697141018f,2.0802767503794546f,0f,0f,0f,1f], start_interpolation: 0, interpolation_duration: 1 }
$data merge entity $(bone_right_whisker11) { transformation: [0.29039070968113495f,-0.9550287109180293f,-0.05994495018877437f,-0.7231703515235375f,-0.9552296566808823f,-0.2930207834924429f,0.0409282718765176f,2.7750996753546886f,-0.05665279100106338f,0.045376004272331065f,-0.9973622609203073f,2.1057262463369635f,0f,0f,0f,1f], start_interpolation: 0, interpolation_duration: 1 }
$data merge entity $(bone_right_whisker10) { transformation: [0.07763390509488759f,-0.9955636206427257f,0.05316064364231676f,-0.7580449573278815f,-0.9757696197071453f,-0.08681475175630243f,-0.20084035484449902f,3.2134336842075073f,0.20456447892117222f,-0.03628051998302919f,-0.9781805037075061f,2.013832046821593f,0f,0f,0f,1f], start_interpolation: 0, interpolation_duration: 1 }
$data merge entity $(bone_right_whisker1) { transformation: [-0.34254340291742225f,-0.9392383546304253f,0.022256017363498075f,-0.6041680380485707f,-0.9375241752573756f,0.3432626792305384f,0.056737587677394286f,3.6345871223114066f,-0.060929778645011035f,-0.0014304679668872f,-0.998141030033164f,2.0412028458222817f,0f,0f,0f,1f], start_interpolation: 0, interpolation_duration: 1 }
$data merge entity $(bone_left_whisker16) { transformation: [0.2642788013704779f,-0.9275333619008641f,0.2642698955747016f,1.26997490123047f,-0.9538812020441569f,-0.29182696636282424f,-0.07033970493444217f,1.5130773135237132f,0.14236350491954353f,-0.2334927927460528f,-0.9618803190640048f,1.9946137014790002f,0f,0f,0f,1f], start_interpolation: 0, interpolation_duration: 1 }
$data merge entity $(bone_left_whisker15) { transformation: [-0.8851028797820188f,-0.38308525747477284f,0.2642698955747016f,0.971771294272661f,-0.41383682734383914f,0.9076295534212844f,-0.07033970493444217f,1.3736498668111894f,-0.2129130633276456f,-0.1716224905476145f,-0.9618803190640048f,1.9228802963539633f,0f,0f,0f,1f], start_interpolation: 0, interpolation_duration: 1 }
$data merge entity $(bone_left_whisker14) { transformation: [-0.7212537924634906f,0.640276806662531f,0.2642698955747016f,0.7287707489602547f,0.6476967313939681f,0.7586443633556534f,-0.07033970493444217f,1.5918680038531021f,-0.24552374833934387f,0.12043396862483016f,-0.9618803190640048f,1.8401598928607275f,0f,0f,0f,1f], start_interpolation: 0, interpolation_duration: 1 }
$data merge entity $(bone_left_whisker13) { transformation: [-0.08984686232384172f,0.9953350059789292f,0.0351534806738337f,0.6985000775718511f,0.9881925258123204f,0.08469262186314712f,0.12768199454352144f,1.924803962256667f,0.12410911835649507f,0.04621023344315554f,-0.9911919799241227f,1.8819740001195076f,0f,0f,0f,1f], start_interpolation: 0, interpolation_duration: 1 }
$data merge entity $(bone_left_whisker12) { transformation: [0.07896058339869667f,0.9967667715467907f,0.014873782623309406f,0.7339706521454843f,0.9376025394329746f,-0.0793254828125898f,0.3385394302372865f,2.3459926030175735f,0.3386247249067536f,-0.012785574556409617f,-0.940834642625944f,2.0340905757612133f,0f,0f,0f,1f], start_interpolation: 0, interpolation_duration: 1 }
$data merge entity $(bone_left_whisker11) { transformation: [0.2936274214922067f,0.9558721524943571f,-0.009558526750634316f,0.8658735953939366f,0.9552296566808823f,-0.2930207834924429f,0.0409282718765176f,2.7750996753546886f,0.036321348338976794f,-0.021148251163617356f,-0.999116365158513f,2.050406806460363f,0f,0f,0f,1f], start_interpolation: 0, interpolation_duration: 1 }
$data merge entity $(bone_left_whisker10) { transformation: [0.06322017732853477f,0.9906303882954675f,-0.12105636275768485f,0.8942732844282393f,0.9757696197071453f,-0.08681475175630243f,-0.20084035484449902f,3.2134336842075073f,-0.20946803678633488f,-0.10542595820320134f,-0.9721154812581762f,1.9563098368102518f,0f,0f,0f,1f], start_interpolation: 0, interpolation_duration: 1 }
$data merge entity $(bone_left_whisker1) { transformation: [-0.33747695326143146f,0.93686501837528f,-0.09161464600198f,0.7426723093303306f,0.9375241752573756f,0.3432626792305384f,0.056737587677394286f,3.6345871223114066f,0.08460334996534802f,-0.06674331720973245f,-0.9941768468348485f,1.994315247927498f,0f,0f,0f,1f], start_interpolation: 0, interpolation_duration: 1 }
$data merge entity $(bone_upper_left_tooth1) { transformation: [-0.9993945766057934f,0.013138617497271049f,-0.032215787762947576f,0.41329453220510015f,-8.673617379884035e-19f,0.9259550430549903f,0.37763376205131693f,3.5976121792076627f,0.03479195669873828f,0.3774051337373288f,-0.9253944482099415f,3.023640213656477f,0f,0f,0f,1f], start_interpolation: 0, interpolation_duration: 1 }
$data merge entity $(bone_upper_right_tooth1) { transformation: [-0.9993945766057934f,0.013138617497271049f,-0.032215787762947576f,-0.26012564148435047f,-8.673617379884035e-19f,0.9259550430549903f,0.37763376205131693f,3.5976121792076627f,0.03479195669873828f,0.3774051337373288f,-0.9253944482099415f,3.047084012603869f,0f,0f,0f,1f], start_interpolation: 0, interpolation_duration: 1 }
$data merge entity $(bone_top_lip1) { transformation: [-0.9993945766057934f,-0.002192842244636041f,-0.03472278349753976f,0.10626705958696225f,-8.673617379884035e-19f,0.9980118048031188f,-0.06302727563223126f,3.7120001801319362f,0.03479195669873828f,-0.06298911744509056f,-0.9974075851087969f,3.081008077836465f,0f,0f,0f,1f], start_interpolation: 0, interpolation_duration: 1 }
$data merge entity $(bone_muzzle1) { transformation: [-0.9993945766057934f,0.013138617497271049f,-0.032215787762947576f,0.09039043219886109f,-8.673617379884035e-19f,0.9259550430549903f,0.37763376205131693f,4.080034025939058f,0.03479195669873828f,0.3774051337373288f,-0.9253944482099415f,2.624953954642103f,0f,0f,0f,1f], start_interpolation: 0, interpolation_duration: 1 }
$data merge entity $(bone_jaw_right_tooth1) { transformation: [-0.9993945766057934f,-0.005455422092834206f,-0.034361586411513316f,-0.26088415203897986f,-8.673617379884035e-19f,0.9876301786947042f,-0.15680124403672985f,3.396525160203266f,0.03479195669873828f,-0.15670631289534928f,-0.987032244279698f,3.0252958924024447f,0f,0f,0f,1f], start_interpolation: 0, interpolation_duration: 1 }
$data merge entity $(bone_jaw_left_tooth1) { transformation: [-0.9993945766057934f,-0.005455422092834206f,-0.034361586411513316f,0.46865436945792494f,-8.673617379884035e-19f,0.9876301786947042f,-0.15680124403672985f,3.396525160203266f,0.03479195669873828f,-0.15670631289534928f,-0.987032244279698f,2.99989844354277f,0f,0f,0f,1f], start_interpolation: 0, interpolation_duration: 1 }
$data merge entity $(bone_tongue1) { transformation: [-0.9993945766057934f,0.010827092497793959f,-0.03306439654630179f,0.07743742094816353f,-8.673617379884035e-19f,0.9503459903852101f,0.31119527399810193f,3.6406891104442747f,0.03479195669873828f,0.31100686909905706f,-0.9497706286900405f,2.252880336973729f,0f,0f,0f,1f], start_interpolation: 0, interpolation_duration: 1 }
$data merge entity $(bone_jaw_lips1) { transformation: [-0.9993945766057934f,0.010827092497793959f,-0.03306439654630179f,0.161863743193249f,-8.673617379884035e-19f,0.9503459903852101f,0.31119527399810193f,3.238362392105043f,0.03479195669873828f,0.31100686909905706f,-0.9497706286900405f,3.064069689412046f,0f,0f,0f,1f], start_interpolation: 0, interpolation_duration: 1 }
$data merge entity $(bone_jaw3) { transformation: [-0.9993945766057934f,0.0005942848891268317f,-0.03478688080868182f,0.13055984901905832f,-8.673617379884035e-19f,0.9998541073702629f,0.017081099929869337f,3.1694921061953587f,0.03479195669873828f,0.017070758632373062f,-0.9992487723028676f,2.164869269751188f,0f,0f,0f,1f], start_interpolation: 0, interpolation_duration: 1 }
$data merge entity $(bone_jaw1) { transformation: [-0.9993945766057934f,0.025018262191205363f,-0.024177816441088802f,0.10883759206026758f,-8.673617379884035e-19f,0.6949254579281996f,0.7190817811092711f,3.8155421439107196f,0.03479195669873828f,0.7186464321766399f,-0.6945047337987402f,1.540900172978882f,0f,0f,0f,1f], start_interpolation: 0, interpolation_duration: 1 }
$data merge entity $(bone_tear_right1) { transformation: [-0.9993945766057934f,0.015896412001717472f,-0.030948090997645276f,-0.5168804727434597f,-8.673617379884035e-19f,0.8895185535445205f,0.45689905110435924f,4.160769720621686f,0.03479195669873828f,0.45662243373002986f,-0.888980018202624f,2.611791819674732f,0f,0f,0f,1f], start_interpolation: 0, interpolation_duration: 1 }
$data merge entity $(bone_right_pupil1) { transformation: [-0.9993945766057934f,0.015896412001717472f,-0.030948090997645276f,-0.3278196731411353f,-8.673617379884035e-19f,0.8895185535445205f,0.45689905110435924f,4.229879680710963f,0.03479195669873828f,0.45662243373002986f,-0.888980018202624f,2.716527601075893f,0f,0f,0f,1f], start_interpolation: 0, interpolation_duration: 1 }
$data merge entity $(bone_right_sad_pupil1) { transformation: [-0.9993945766057934f,0.015896412001717472f,-0.030948090997645276f,-0.3281672347099565f,-8.673617379884035e-19f,0.8895185535445205f,0.45689905110435924f,4.235010871226295f,0.03479195669873828f,0.45662243373002986f,-0.888980018202624f,2.706543938762094f,0f,0f,0f,1f], start_interpolation: 0, interpolation_duration: 1 }
$data merge entity $(bone_right_happy_pupil1) { transformation: [-0.9993945766057934f,0.015896412001717472f,-0.030948090997645276f,-0.35667235413904064f,-8.673617379884035e-19f,0.8895185535445205f,0.45689905110435924f,4.210036915101707f,0.03479195669873828f,0.45662243373002986f,-0.888980018202624f,2.694700705382178f,0f,0f,0f,1f], start_interpolation: 0, interpolation_duration: 1 }
$data merge entity $(bone_eyelid_right1) { transformation: [-0.9993945766057934f,0.015896412001717472f,-0.030948090997645276f,0.08567370333269426f,-8.673617379884035e-19f,0.8895185535445205f,0.45689905110435924f,4.441621845402268f,0.03479195669873828f,0.45662243373002986f,-0.888980018202624f,2.1666772863814376f,0f,0f,0f,1f], start_interpolation: 0, interpolation_duration: 1 }
$data merge entity $(bone_eyelid_expressions_right5) { transformation: [-0.9993945766057934f,0.015896412001717472f,-0.030948090997645276f,-0.4554538339274511f,-8.673617379884035e-19f,0.8895185535445205f,0.45689905110435924f,4.334907974407564f,0.03479195669873828f,0.45662243373002986f,-0.888980018202624f,2.762318160782525f,0f,0f,0f,1f], start_interpolation: 0, interpolation_duration: 1 }
$data merge entity $(bone_eyelid_expressions_right7) { transformation: [-0.9993945766057934f,0.015896412001717472f,-0.030948090997645276f,-0.11874374708272582f,-8.673617379884035e-19f,0.8895185535445205f,0.45689905110435924f,4.334907974407564f,0.03479195669873828f,0.45662243373002986f,-0.888980018202624f,2.750596261308829f,0f,0f,0f,1f], start_interpolation: 0, interpolation_duration: 1 }
$data merge entity $(bone_eyelid_expressions_right6) { transformation: [-0.9993945766057934f,0.015896412001717472f,-0.030948090997645276f,-0.2309804426976343f,-8.673617379884035e-19f,0.8895185535445205f,0.45689905110435924f,4.334907974407564f,0.03479195669873828f,0.45662243373002986f,-0.888980018202624f,2.7545035611333946f,0f,0f,0f,1f], start_interpolation: 0, interpolation_duration: 1 }
$data merge entity $(bone_right_eye1) { transformation: [-0.9993945766057934f,0.015896412001717472f,-0.030948090997645276f,0.07479759534002463f,-8.673617379884035e-19f,0.8895185535445205f,0.45689905110435924f,4.436490654886936f,0.03479195669873828f,0.45662243373002986f,-0.888980018202624f,2.1770516786776932f,0f,0f,0f,1f], start_interpolation: 0, interpolation_duration: 1 }
$data merge entity $(bone_tear_left1) { transformation: [-0.9993945766057934f,0.015896412001717472f,-0.030948090997645276f,0.6952758398975514f,-8.673617379884035e-19f,0.8895185535445205f,0.45689905110435924f,4.160769720621686f,0.03479195669873828f,0.45662243373002986f,-0.888980018202624f,2.5695929815694263f,0f,0f,0f,1f], start_interpolation: 0, interpolation_duration: 1 }
$data merge entity $(bone_left_sad_pupil1) { transformation: [-0.9993945766057934f,0.015896412001717472f,-0.030948090997645276f,0.5136079824018568f,-8.673617379884035e-19f,0.8895185535445205f,0.45689905110435924f,4.235010871226295f,0.03479195669873828f,0.45662243373002986f,-0.888980018202624f,2.677239190077854f,0f,0f,0f,1f], start_interpolation: 0, interpolation_duration: 1 }
$data merge entity $(bone_left_pupil1) { transformation: [-0.9993945766057934f,0.015896412001717472f,-0.030948090997645276f,0.513955543970678f,-8.673617379884035e-19f,0.8895185535445205f,0.45689905110435924f,4.229879680710963f,0.03479195669873828f,0.45662243373002986f,-0.888980018202624f,2.6872228523916535f,0f,0f,0f,1f], start_interpolation: 0, interpolation_duration: 1 }
$data merge entity $(bone_eyelid_left1) { transformation: [-0.9993945766057934f,0.015896412001717472f,-0.030948090997645276f,0.06322636420971257f,-8.673617379884035e-19f,0.8895185535445205f,0.45689905110435924f,4.441621845402268f,0.03479195669873828f,0.45662243373002986f,-0.888980018202624f,2.167458746346351f,0f,0f,0f,1f], start_interpolation: 0, interpolation_duration: 1 }
$data merge entity $(bone_left_happy_pupil1) { transformation: [-0.9993945766057934f,0.015896412001717472f,-0.030948090997645276f,0.5412212107802268f,-8.673617379884035e-19f,0.8895185535445205f,0.45689905110435924f,4.210036915101707f,0.03479195669873828f,0.45662243373002986f,-0.888980018202624f,2.6634423067856554f,0f,0f,0f,1f], start_interpolation: 0, interpolation_duration: 1 }
$data merge entity $(bone_eyelid_expressions_left5) { transformation: [-0.9993945766057934f,0.015896412001717472f,-0.030948090997645276f,0.6444657830986517f,-8.673617379884035e-19f,0.8895185535445205f,0.45689905110435924f,4.334907974407564f,0.03479195669873828f,0.45662243373002986f,-0.888980018202624f,2.7240266225017855f,0f,0f,0f,1f], start_interpolation: 0, interpolation_duration: 1 }
$data merge entity $(bone_eyelid_expressions_left7) { transformation: [-0.9993945766057934f,0.015896412001717472f,-0.030948090997645276f,0.3077556962539262f,-8.673617379884035e-19f,0.8895185535445205f,0.45689905110435924f,4.334907974407564f,0.03479195669873828f,0.45662243373002986f,-0.888980018202624f,2.7357485219754816f,0f,0f,0f,1f], start_interpolation: 0, interpolation_duration: 1 }
$data merge entity $(bone_eyelid_expressions_left6) { transformation: [-0.9993945766057934f,0.015896412001717472f,-0.030948090997645276f,0.41999239186883464f,-8.673617379884035e-19f,0.8895185535445205f,0.45689905110435924f,4.334907974407564f,0.03479195669873828f,0.45662243373002986f,-0.888980018202624f,2.731841222150916f,0f,0f,0f,1f], start_interpolation: 0, interpolation_duration: 1 }
$data merge entity $(bone_left_eye1) { transformation: [-0.9993945766057934f,0.015896412001717472f,-0.030948090997645276f,0.07479759534002463f,-8.673617379884035e-19f,0.8895185535445205f,0.45689905110435924f,4.436490654886936f,0.03479195669873828f,0.45662243373002986f,-0.888980018202624f,2.1770516786776932f,0f,0f,0f,1f], start_interpolation: 0, interpolation_duration: 1 }
$data merge entity $(bone_crest_middle5) { transformation: [-0.9993945766057934f,0.008821210697158535f,-0.033655110945638195f,0.11157985210387723f,-8.673617379884035e-19f,0.967324466314327f,0.2535416669301166f,5.451271764482607f,0.03479195669873828f,0.2533881668735509f,-0.9667388254526321f,3.233617374117557f,0f,0f,0f,1f], start_interpolation: 0, interpolation_duration: 1 }
$data merge entity $(bone_crest_middle4) { transformation: [-0.9993945766057934f,0.008821210697158535f,-0.033655110945638195f,0.10563587223958096f,-8.673617379884035e-19f,0.967324466314327f,0.2535416669301166f,4.799461333079399f,0.03479195669873828f,0.2533881668735509f,-0.9667388254526321f,3.0628773007359653f,0f,0f,0f,1f], start_interpolation: 0, interpolation_duration: 1 }
$data merge entity $(bone_crest_middle1) { transformation: [-0.9993945766057934f,0.008821210697158535f,-0.033655110945638195f,0.10401261947431004f,-8.673617379884035e-19f,0.967324466314327f,0.2535416669301166f,4.289247980155844f,0.03479195669873828f,0.2533881668735509f,-0.9667388254526321f,3.016249569386468f,0f,0f,0f,1f], start_interpolation: 0, interpolation_duration: 1 }
$data merge entity $(bone_crest_left5) { transformation: [-0.5503812124955985f,-0.8312413456298432f,0.07821985839518168f,-0.9993915382994786f,-0.7502123389512999f,0.5334864382145051f,0.3906067929855044f,4.835669631393732f,-0.36641774986631676f,0.15630113741329038f,-0.9172284268524483f,3.0670742621051175f,0f,0f,0f,1f], start_interpolation: 0, interpolation_duration: 1 }
$data merge entity $(bone_crest_left4) { transformation: [-0.5503812124955985f,-0.8312413456298432f,0.07821985839518168f,-0.5326300405092834f,-0.7502123389512999f,0.5334864382145051f,0.3906067929855044f,4.536104492747892f,-0.36641774986631676f,0.15630113741329038f,-0.9172284268524483f,2.979307510139647f,0f,0f,0f,1f], start_interpolation: 0, interpolation_duration: 1 }
$data merge entity $(bone_crest_left1) { transformation: [-0.5503812124955985f,-0.8312413456298432f,0.07821985839518168f,-0.014800164563386967f,-0.7502123389512999f,0.5334864382145051f,0.3906067929855044f,4.2285163271482755f,-0.36641774986631676f,0.15630113741329038f,-0.9172284268524483f,2.831259557055739f,0f,0f,0f,1f], start_interpolation: 0, interpolation_duration: 1 }
$data merge entity $(bone_crest_center1) { transformation: [-0.9993945766057934f,0.015896412001717472f,-0.030948090997645276f,0.0969902263687385f,-8.673617379884035e-19f,0.8895185535445205f,0.45689905110435924f,4.203542371023689f,0.03479195669873828f,0.45662243373002986f,-0.888980018202624f,2.814532211398476f,0f,0f,0f,1f], start_interpolation: 0, interpolation_duration: 1 }
$data merge entity $(bone_crest_right5) { transformation: [-0.5235674166928668f,0.840098403362295f,-0.14181619387672456f,1.2082799192522522f,0.7502123389512999f,0.5334864382145051f,0.3906067929855044f,4.835669631393732f,0.40380515928202027f,0.09811673103667738f,-0.9095683044323272f,2.990218522085951f,0f,0f,0f,1f], start_interpolation: 0, interpolation_duration: 1 }
$data merge entity $(bone_crest_right4) { transformation: [-0.5235674166928668f,0.840098403362295f,-0.14181619387672456f,0.7365449759579947f,0.7502123389512999f,0.5334864382145051f,0.3906067929855044f,4.536104492747892f,0.40380515928202027f,0.09811673103667738f,-0.9095683044323272f,2.935123677997973f,0f,0f,0f,1f], start_interpolation: 0, interpolation_duration: 1 }
$data merge entity $(bone_crest_right1) { transformation: [-0.5235674166928668f,0.840098403362295f,-0.14181619387672456f,0.2096732266664299f,0.7502123389512999f,0.5334864382145051f,0.3906067929855044f,4.2285163271482755f,0.40380515928202027f,0.09811673103667738f,-0.9095683044323272f,2.8234449574066085f,0f,0f,0f,1f], start_interpolation: 0, interpolation_duration: 1 }
$data merge entity $(bone_head1) { transformation: [-1.0475424924058117f,0.016662254767425208f,-0.0324390797566464f,0.054789088263745934f,-9.091486967196152e-19f,0.9323729630251805f,0.4789111147643346f,4.66875758163957f,0.0364681316959431f,0.47862117077171074f,-0.9318084826212395f,1.602309831555978f,0f,0f,0f,1f], start_interpolation: 0, interpolation_duration: 1 }
$data merge entity $(bone_neck10) { transformation: [-1.496489274865446f,0.01995293055235046f,-0.048124967107446175f,0.014514170033985398f,-1.2987838524565938e-18f,1.3832210566412726f,0.5734926243189438f,4.662404759474436f,0.05209733099420445f,0.573145418467776f,-1.382383622254223f,0.44541787515951126f,0f,0f,0f,1f], start_interpolation: 0, interpolation_duration: 1 }
$data merge entity $(bone_neck9) { transformation: [-1.1448142952720668f,0.018209464138686137f,-0.0354512800197636f,-0.006956162690822252f,-9.935696471292949e-19f,1.0189504524489486f,0.5233814325638806f,3.338086465541272f,0.039854458210566435f,0.523064565200513f,-1.0183335560074986f,-0.1713147297035202f,0f,0f,0f,1f], start_interpolation: 0, interpolation_duration: 1 }
$data merge entity $(bone_neck8) { transformation: [-1.0625073851544666f,-0.009768404976152856f,-0.035675932410495895f,0.00145522296920602f,-9.221365352441817e-19f,1.0254074733252836f,-0.2807661857232394f,2.5818471863264305f,0.03698910500588517f,-0.2805962033061004f,-1.0247866676523383f,0.07030126456669705f,0f,0f,0f,1f], start_interpolation: 0, interpolation_duration: 1 }
$data merge entity $(bone_neck7) { transformation: [-1.0550249387801394f,-0.019288937615625616f,-0.03125585211808519f,0.01956797245056377f,-9.156426159818987e-19f,0.8983643084155332f,-0.5544079564896999f,1.7806974416422698f,0.03672861835091414f,-0.5540723049429066f,-0.8978204176466982f,0.590587713409765f,0f,0f,0f,1f], start_interpolation: 0, interpolation_duration: 1 }
$data merge entity $(bone_neck6) { transformation: [-1.0490389816806776f,-0.012302492584512534f,-0.03438569185559554f,0.030146662430230422f,-9.104474805720722e-19f,0.9883230240063653f,-0.3536016295674074f,0.904362354200916f,0.03652022902693732f,-0.3533875508686377f,-0.9877246701265989f,0.8944592514441954f,0f,0f,0f,1f], start_interpolation: 0, interpolation_duration: 1 }
$data merge entity $(bone_neck_spine6) { transformation: [-1.2709908322590746f,-0.0675738243143315f,-0.0012046151377132735f,-0.11127548332615259f,0.005547646562172577f,-0.12692146754771258f,1.2664302322709553f,0.37569826000103473f,-0.06735648779230823f,1.2646383229444615f,0.12703694033317167f,-1.764832231249751f,0f,0f,0f,1f], start_interpolation: 0, interpolation_duration: 1 }
$data merge entity $(bone_neck_spine7) { transformation: [-0.9628211595413326f,-0.2205908051730165f,0.15593303502658995f,0.42355994691291576f,0.035912496717315445f,0.4675871319649174f,0.8832171684248172f,0.31462124077482695f,-0.2677418669521303f,0.8559801228381082f,-0.44228081801842206f,-5.47610663470139f,0f,0f,0f,1f], start_interpolation: 0, interpolation_duration: 1 }
$data merge entity $(bone_tail6) { transformation: [-1.5875301588219568f,-0.6589892574877015f,0.10384166251397622f,1.7936708602712719f,-0.1799141105104672f,0.6810284288124719f,1.5713475521079259f,-1.3176792590065478f,-0.6424024013008407f,1.4377883624484338f,-0.6966962875872745f,-8.772014633037209f,0f,0f,0f,1f], start_interpolation: 0, interpolation_duration: 1 }
$data merge entity $(bone_tail5) { transformation: [-1.3114379572877035f,-0.544382430098536f,0.08578224294632818f,1.4498503781037755f,-0.1486246999869077f,0.5625887020624768f,1.2980697169587214f,-0.9623600787565626f,-0.5306802445528683f,1.1877382124574016f,-0.5755317158329659f,-8.021864183064114f,0f,0f,0f,1f], start_interpolation: 0, interpolation_duration: 1 }
$data merge entity $(bone_tail4) { transformation: [-0.9663227053698866f,-0.4011238958620791f,0.06320796848676813f,1.2779401370200274f,-0.10951293683245829f,0.41453904362498284f,0.9564724230222156f,-0.7847004886315699f,-0.39102754861790295f,0.8751755249686116f,-0.4240760011400801f,-7.6467889580775665f,0f,0f,0f,1f], start_interpolation: 0, interpolation_duration: 1 }
$data merge entity $(bone_segment18) { transformation: [-0.921907872949159f,-0.38654323765046233f,0.02588820621547966f,1.0608870494721603f,-0.1044794229656248f,0.3124192841774475f,0.9441812543419941f,-0.6092697382389602f,-0.37305485383670745f,0.8677433470218879f,-0.32840761216531433f,-7.159530730990081f,0f,0f,0f,1f], start_interpolation: 0, interpolation_duration: 1 }
$data merge entity $(bone_segment17) { transformation: [-0.9176636274788247f,-0.3872389885854249f,0.08910349331952065f,0.7782101510662955f,0.0018926134103738335f,0.21997771540375563f,0.9755030613689653f,-0.44869030243397245f,-0.39735360174142587f,0.8953523163789106f,-0.20113265457909865f,-6.505941027383405f,0f,0f,0f,1f], start_interpolation: 0, interpolation_duration: 1 }
$data merge entity $(bone_segment16) { transformation: [-0.9334513348824953f,-0.34099451335488545f,0.11131642856268859f,0.4527002518432478f,0.01394552632825126f,0.27559622481839546f,0.9611723275049467f,-0.1856089452464902f,-0.3584328775398755f,0.8987599583468951f,-0.25250031598152783f,-5.647993899176285f,0f,0f,0f,1f], start_interpolation: 0, interpolation_duration: 1 }
$data merge entity $(bone_segment15) { transformation: [-0.9628211595413326f,-0.25343279498403676f,0.09352664415054482f,0.15385249799244272f,0.035912496717315445f,0.22306106265548506f,0.974142728200819f,0.0774244855704026f,-0.2677418669521303f,0.9412840064261077f,-0.20566650657655178f,-4.5380325341767485f,0f,0f,0f,1f], start_interpolation: 0, interpolation_duration: 1 }
$data merge entity $(bone_segment14) { transformation: [-1.0353066847584502f,-0.1611903163710103f,0.028860845930993254f,-0.027486607924943854f,0.034142920764927503f,-0.03180779981001603f,1.0471378719433548f,0.04164071078413456f,-0.16015469859257583f,1.0352203358728185f,0.03666778885154702f,-3.3734096563198275f,0f,0f,0f,1f], start_interpolation: 0, interpolation_duration: 1 }
$data merge entity $(bone_segment13) { transformation: [-1.0242690824676073f,-0.053460661294658186f,-0.010412310891025458f,-0.09158853089989406f,0.0044707504648096655f,-0.27795409983525987f,0.9873272722852537f,-0.32014656185950424f,-0.05428140486791898f,0.9858889835584409f,0.27779498376834816f,-2.1936288940412094f,0f,0f,0f,1f], start_interpolation: 0, interpolation_duration: 1 }
$data merge entity $(bone_segment12) { transformation: [-1.1151555311830061f,0.029557655612444795f,0.005326110993925493f,-0.05588129593183994f,0.00555261818686023f,0.008481131826332998f,1.1155138367702535f,-0.30990089925051134f,0.02951594306293552f,1.1151359991450893f,-0.008625178691776552f,-0.8464847340001616f,0f,0f,0f,1f], start_interpolation: 0, interpolation_duration: 1 }
$data merge entity $(bone_segment11) { transformation: [-1.1890154409530722f,0.05700241335851399f,-0.010763221071001552f,0.007306654034863767f,0.019450281742762f,0.5998360064312818f,1.0280765014385094f,0.3833499502961065f,0.05465170259603377f,1.0266792737467836f,-0.6000547484550709f,0.3401316605536431f,0f,0f,0f,1f], start_interpolation: 0, interpolation_duration: 1 }
$data merge entity $(bone_segment10) { transformation: [-1.047542492405812f,0.020532083295320813f,-0.030138981153095722f,0.03186282833198055f,-9.091486967196156e-19f,0.8662628955901379f,0.5901387919370858f,1.270125761859695f,0.036468131695943116f,0.5897815081066183f,-0.8657384397676146f,0.9437559009432757f,0f,0f,0f,1f], start_interpolation: 0, interpolation_duration: 1 }