# This file was generated by Animated Java via MC-Build. It is not recommended to edit this file directly.
$data merge entity $(bone_neck_spine5) { transformation: [-1.571331279528136f,0.011630144951283167f,-0.05293340402359596f,0.0934062237287664f,0f,1.5356370224515397f,0.3373990676229142f,4.280497442939825f,0.0541959918546852f,0.3371985625135787f,-1.5347244441469958f,-0.5415355645536597f,0f,0f,0f,1f], start_interpolation: 0, interpolation_duration: 1 }
$data merge entity $(bone_neck_spine2) { transformation: [-1.496505980502986f,0.013826834575817171f,-0.049728770831749515f,0.04807881335118544f,0f,1.4426682541746538f,0.40112665092297695f,5.469290546902459f,0.05161523033779541f,0.40088827461812443f,-1.44181092413496f,1.4023060062175698f,0f,0f,0f,1f], start_interpolation: 0, interpolation_duration: 1 }
$data merge entity $(bone_scale_neck_left1) { transformation: [-1.584314350404899f,0.4482196056138818f,0.04585090055943329f,0.8242965883768545f,0.39230893847240783f,1.2898942728072136f,0.9462143217112464f,4.609546757031564f,0.22157801500470986f,0.9210467040059139f,-1.3474536107577462f,1.1012813806604518f,0f,0f,0f,1f], start_interpolation: 0, interpolation_duration: 1 }
$data merge entity $(bone_scale_neck_right1) { transformation: [-1.5958159562756344f,-0.383695253164737f,-0.13858018340514164f,-0.7470346911512808f,-0.39230893847240783f,1.2898942728072136f,0.9462143217112464f,4.609546757031564f,-0.1118937501758115f,0.949739858337887f,-1.3410924915879574f,1.1554773725151368f,0f,0f,0f,1f], start_interpolation: 0, interpolation_duration: 1 }
$data merge entity $(bone_blush_right1) { transformation: [-0.9994057330663421f,0.01585866284861558f,-0.030605285928762833f,-0.5824835225672628f,0f,0.887881877650886f,0.46007148503155126f,3.837419206224282f,0.034469997303849455f,0.459798079760878f,-0.8873542388100041f,2.3425452058817617f,0f,0f,0f,1f], start_interpolation: 0, interpolation_duration: 1 }
$data merge entity $(bone_blush_left1) { transformation: [-0.9994057330663421f,0.01585866284861558f,-0.030605285928762833f,0.74192427017788f,0f,0.887881877650886f,0.46007148503155126f,3.837419206224282f,0.034469997303849455f,0.459798079760878f,-0.8873542388100041f,2.2968657270328126f,0f,0f,0f,1f], start_interpolation: 0, interpolation_duration: 1 }
$data merge entity $(bone_left_head_scales) { transformation: [-0.8723517636349996f,0.01585866284861558f,-0.48862143147385556f,0.7526946694193606f,-0.21243737020230147f,0.887881877650886f,0.40808839125937807f,4.666394280705958f,0.44030985024688707f,0.459798079760878f,-0.7711763492378206f,2.2833330888797216f,0f,0f,0f,1f], start_interpolation: 0, interpolation_duration: 1 }
$data merge entity $(bone_left_head_scales2) { transformation: [-0.8011107784789079f,0.01585866284861558f,-0.5983059613755924f,0.7436023276244242f,-0.2638861628511308f,0.887881877650886f,0.3768684974826675f,3.791185629722796f,0.5372016508357216f,0.459798079760878f,-0.7071068605151449f,2.019714312331595f,0f,0f,0f,1f], start_interpolation: 0, interpolation_duration: 1 }
$data merge entity $(bone_left_head_scales1) { transformation: [-0.9994057330663421f,0.01585866284861558f,-0.030605285928762833f,0.7509136672439789f,0f,0.887881877650886f,0.46007148503155126f,4.566680983899462f,0.034469997303849455f,0.459798079760878f,-0.8873542388100041f,2.2316956092190763f,0f,0f,0f,1f], start_interpolation: 0, interpolation_duration: 1 }
$data merge entity $(bone_right_head_scales) { transformation: [-0.9006156603055355f,0.01585866284861558f,0.43432699113119627f,-0.5941607130333268f,0.21243737020230147f,0.887881877650886f,0.40808839125937807f,4.666394280705958f,-0.37915932819060993f,0.459798079760878f,-0.8030092961443563f,2.3297867961837375f,0f,0f,0f,1f], start_interpolation: 0, interpolation_duration: 1 }
$data merge entity $(bone_right_head_scales2) { transformation: [-0.8362197201519571f,0.01585866284861558f,0.5481651963064021f,-0.6032530548282632f,0.2638861628511308f,0.887881877650886f,0.3768684974826675f,3.791185629722796f,-0.48072931331955293f,0.459798079760878f,-0.7466492169442891f,2.0661680196356107f,0f,0f,0f,1f], start_interpolation: 0, interpolation_duration: 1 }
$data merge entity $(bone_right_head_scales1) { transformation: [-0.9994057330663421f,0.01585866284861558f,-0.030605285928762833f,-0.5959417152087085f,0f,0.887881877650886f,0.46007148503155126f,4.566680983899462f,0.034469997303849455f,0.459798079760878f,-0.8873542388100041f,2.278149316523092f,0f,0f,0f,1f], start_interpolation: 0, interpolation_duration: 1 }
$data merge entity $(bone_head_left_fin1) { transformation: [-0.7010359056363924f,0.026725425117811053f,-0.778787267927519f,0.7416570879802209f,-0.09001428333160601f,1.0377705096307308f,0.11664045679884706f,4.231507412885059f,0.7740292538593319f,0.14489071405103432f,-0.6917807406808322f,1.963315014256002f,0f,0f,0f,1f], start_interpolation: 0, interpolation_duration: 1 }
$data merge entity $(bone_head_right_fin1) { transformation: [-0.7526998525195633f,-0.016679086795797982f,0.7292735687695389f,-0.6051982944724665f,0.09001428333160601f,1.0377705096307308f,0.11664045679884706f,4.231507412885059f,-0.7238891896129533f,0.1463877571028553f,-0.7437945037152871f,2.0097687215600177f,0f,0f,0f,1f], start_interpolation: 0, interpolation_duration: 1 }
$data merge entity $(bone_right_whisker16) { transformation: [0.25390784686546103f,0.9091102545504882f,-0.3302262109089645f,-1.1304841927318712f,0.954415839518983f,-0.290876906494399f,-0.06694050002444882f,1.494218746088141f,-0.1569114736895304f,-0.2981764080865469f,-0.9415251558429997f,2.067767814369961f,0f,0f,0f,1f], start_interpolation: 0, interpolation_duration: 1 }
$data merge entity $(bone_right_whisker15) { transformation: [-0.8681910658701777f,0.3703983298719265f,-0.3302262109089645f,-0.8379784137033445f,0.41296467956309874f,0.9082836246954051f,-0.06694050002444882f,1.3550851382275269f,0.275144410403976f,-0.19448890543746586f,-0.9415251558429997f,1.9750677932865903f,0f,0f,0f,1f], start_interpolation: 0, interpolation_duration: 1 }
$data merge entity $(bone_right_whisker14) { transformation: [-0.7026082897851562f,-0.6303112253116594f,-0.3302262109089645f,-0.6012598004456505f,-0.648658106862058f,0.758130351495445f,-0.06694050002444882f,1.5736271761839817f,0.2925478619428079f,0.16717095856489828f,-0.9415251558429997f,1.87650430464375f,0f,0f,0f,1f], start_interpolation: 0, interpolation_duration: 1 }
$data merge entity $(bone_right_whisker13) { transformation: [-0.09834380807940638f,-0.9897384914311589f,-0.10366394740706304f,-0.5681263885438974f,-0.9877546199493921f,0.084403605182148f,0.13121296506400448f,1.906415597944275f,-0.12111691121008827f,0.11529852562730161f,-0.9859193394021125f,1.9173102952369925f,0f,0f,0f,1f], start_interpolation: 0, interpolation_duration: 1 }
$data merge entity $(bone_right_whisker12) { transformation: [0.05521614986227867f,-0.9952707060152884f,-0.07992120208189682f,-0.5929305183648429f,-0.9363786901996177f,-0.07940316040159504f,0.34189192248177885f,2.3270544626823844f,-0.3466210110977614f,0.055958554896169035f,-0.9363346168969179f,2.073018952566065f,0f,0f,0f,1f], start_interpolation: 0, interpolation_duration: 1 }
$data merge entity $(bone_right_whisker11) { transformation: [0.29029141586956464f,-0.9550793378594539f,-0.0596183886597952f,-0.7233348653374989f,-0.9550575233884304f,-0.29306218602338263f,0.0444936191195312f,2.7560842095170313f,-0.05996683159548366f,0.044022874930463085f,-0.9972291439740696f,2.0999571776968486f,0f,0f,0f,1f], start_interpolation: 0, interpolation_duration: 1 }
$data merge entity $(bone_right_whisker10) { transformation: [0.07744788736718598f,-0.9955625479919402f,0.05345126544952404f,-0.758125908490727f,-0.9765028433216948f,-0.08656111814122822f,-0.19735594698611414f,3.1947475961654486f,0.2011069907462326f,-0.03691051153717799f,-0.9788736345469002f,2.0096161466975646f,0f,0f,0f,1f], start_interpolation: 0, interpolation_duration: 1 }
$data merge entity $(bone_right_whisker1) { transformation: [-0.3426391016301751f,-0.9391955995326324f,0.022584770368676056f,-0.6042059995552969f,-0.9372582871274614f,0.34338224699440106f,0.06029540330716188f,3.615781592335988f,-0.06438438665518015f,-0.0005082003693174242f,-0.9979250435215166f,2.0385388203903214f,0f,0f,0f,1f], start_interpolation: 0, interpolation_duration: 1 }
$data merge entity $(bone_left_whisker16) { transformation: [0.2641155177334994f,-0.9274939440557104f,0.26457130802932466f,1.2696907980868974f,-0.954415839518983f,-0.290876906494399f,-0.06694050002444882f,1.494218746088141f,0.1390445920114842f,-0.23483102224414668f,-0.9620400160201905f,1.9849845935768926f,0f,0f,0f,1f], start_interpolation: 0, interpolation_duration: 1 }
$data merge entity $(bone_left_whisker15) { transformation: [-0.8850851119533812f,-0.3829182256907107f,0.26457130802932466f,0.9714931773604164f,-0.41296467956309874f,0.9082836246954051f,-0.06694050002444882f,1.3550851382275269f,-0.21467304915106858f,-0.16850664540027463f,-0.9620400160201905f,1.9126582244781438f,0f,0f,0f,1f], start_interpolation: 0, interpolation_duration: 1 }
$data merge entity $(bone_left_whisker14) { transformation: [-0.7210949012480588f,0.6403312942233137f,0.26457130802932466f,0.7285461647328969f,0.648658106862058f,0.758130351495445f,-0.06694050002444882f,1.5736271761839817f,-0.2434436357684927f,0.1233458705416945f,-0.9620400160201905f,1.8306386401616108f,0f,0f,0f,1f], start_interpolation: 0, interpolation_duration: 1 }
$data merge entity $(bone_left_whisker13) { transformation: [-0.08976527045102489f,0.9953304711535518f,0.03548872235094502f,0.6983029827938309f,0.9877546199493921f,0.084403605182148f,0.13121296506400448f,1.906415597944275f,0.12760488622888203f,0.046832516753898386f,-0.9907187837045431f,1.8736305207758337f,0f,0f,0f,1f], start_interpolation: 0, interpolation_duration: 1 }
$data merge entity $(bone_left_whisker12) { transformation: [0.07896678633678596f,0.9967610730190775f,0.015218737447546342f,0.7337763438435589f,0.9363786901996177f,-0.07940316040159504f,0.34189192248177885f,2.3270544626823844f,0.3419929753601504f,-0.01274760495526634f,-0.9396160403974676f,2.027260177675901f,0f,0f,0f,1f], start_interpolation: 0, interpolation_duration: 1 }
$data merge entity $(bone_left_whisker11) { transformation: [0.2937332348260884f,0.9558428573578007f,-0.009231402746974593f,0.8657268204255909f,0.9550575233884304f,-0.29306218602338263f,0.0444936191195312f,2.7560842095170313f,0.039823532964311625f,-0.021885775318026497f,-0.9989670160025148f,2.045149655374713f,0f,0f,0f,1f], start_interpolation: 0, interpolation_duration: 1 }
$data merge entity $(bone_left_whisker10) { transformation: [0.06340776744120859f,0.9906536332649958f,-0.12076768577307746f,0.8942107784558213f,0.9765028433216948f,-0.08656111814122822f,-0.19735594698611414f,3.1947475961654486f,-0.20596517184409402f,-0.10541608854915613f,-0.9728647368787857f,1.9526262383353739f,0f,0f,0f,1f], start_interpolation: 0, interpolation_duration: 1 }
$data merge entity $(bone_left_whisker1) { transformation: [-0.3373888457648544f,0.9369287168259346f,-0.0912871641599574f,0.7426493828973906f,0.9372582871274614f,0.34338224699440106f,0.06029540330716188f,3.615781592335988f,0.08783888640207421f,-0.06521665459055542f,-0.9939975442623887f,1.9920851130863055f,0f,0f,0f,1f], start_interpolation: 0, interpolation_duration: 1 }
$data merge entity $(bone_upper_left_tooth1) { transformation: [-0.9994057330663421f,0.013130889421489603f,-0.031870997115371225f,0.4129352499876503f,0f,0.9246010910424995f,0.3809367696127789f,3.5751756006310766f,0.034469997303849455f,0.38071039148678343f,-0.9240516311872691f,3.0211655256642955f,0f,0f,0f,1f], start_interpolation: 0, interpolation_duration: 1 }
$data merge entity $(bone_upper_right_tooth1) { transformation: [-0.9994057330663421f,0.013130889421489603f,-0.031870997115371225f,-0.2604924412386934f,0f,0.9246010910424995f,0.3809367696127789f,3.5751756006310766f,0.034469997303849455f,0.38071039148678343f,-0.9240516311872691f,3.0443923793163035f,0f,0f,0f,1f], start_interpolation: 0, interpolation_duration: 1 }
$data merge entity $(bone_top_lip1) { transformation: [-0.9994057330663421f,-0.0019363718166251712f,-0.034415565930479314f,0.10590337714673f,0f,0.9984209057839392f,-0.05617557203605933f,3.6893963408819324f,0.034469997303849455f,-0.05614218875111915f,-0.997827577253759f,3.078842272232129f,0f,0f,0f,1f], start_interpolation: 0, interpolation_duration: 1 }
$data merge entity $(bone_muzzle1) { transformation: [-0.9994057330663421f,0.013130889421489603f,-0.031870997115371225f,0.09021905593957033f,0f,0.9246010910424995f,0.3809367696127789f,4.059056820112576f,0.034469997303849455f,0.38071039148678343f,-0.9240516311872691f,2.6240989661762604f,0f,0f,0f,1f], start_interpolation: 0, interpolation_duration: 1 }
$data merge entity $(bone_jaw_right_tooth1) { transformation: [-0.9994057330663421f,-0.005412007984098504f,-0.03404248645013232f,-0.26121379055958216f,0f,0.9875975953827707f,-0.15700633615930415f,3.379720196930357f,0.034469997303849455f,-0.15691303248535013f,-0.9870106987880749f,3.023477940580353f,0f,0f,0f,1f], start_interpolation: 0, interpolation_duration: 1 }
$data merge entity $(bone_jaw_left_tooth1) { transformation: [-0.9994057330663421f,-0.005412007984098504f,-0.03404248645013232f,0.4683328749356236f,0f,0.9875975953827707f,-0.15700633615930415f,3.379720196930357f,0.034469997303849455f,-0.15691303248535013f,-0.9870106987880749f,2.9983155157906776f,0f,0f,0f,1f], start_interpolation: 0, interpolation_duration: 1 }
$data merge entity $(bone_tongue1) { transformation: [-0.9994057330663421f,0.010513635701638636f,-0.032827491199612216f,0.07726813675998861f,0f,0.9523496886362154f,0.30500831227116254f,3.618595431277616f,0.034469997303849455f,0.3048270559166888f,-0.9517837387069796f,2.2486065411998486f,0f,0f,0f,1f], start_interpolation: 0, interpolation_duration: 1 }
$data merge entity $(bone_jaw_lips1) { transformation: [-0.9994057330663421f,0.010513635701638636f,-0.032827491199612216f,0.16152272377408441f,0f,0.9523496886362154f,0.30500831227116254f,3.2215685336731985f,0.034469997303849455f,0.3048270559166888f,-0.9517837387069796f,3.0624207490092465f,0f,0f,0f,1f], start_interpolation: 0, interpolation_duration: 1 }
$data merge entity $(bone_jaw3) { transformation: [-0.9994057330663421f,0.0005816283132124671f,-0.034465089911860924f,0.13050900465790685f,0f,0.999857632945391f,0.016873465584736846f,3.1525114043263325f,0.034469997303849455f,0.016863438242083417f,-0.9992634506157663f,2.163224604164882f,0f,0f,0f,1f], start_interpolation: 0, interpolation_duration: 1 }
$data merge entity $(bone_jaw1) { transformation: [-0.9994057330663421f,0.024781772115283564f,-0.0239592254664783f,0.10898313802786776f,0f,0.6950747705397307f,0.7189374544139013f,3.798431773526322f,0.034469997303849455f,0.7185102136573749f,-0.6946617105871793f,1.539114473559213f,0f,0f,0f,1f], start_interpolation: 0, interpolation_duration: 1 }
$data merge entity $(bone_tear_right1) { transformation: [-0.9994057330663421f,0.01585866284861558f,-0.030605285928762833f,-0.5170376353196949f,0f,0.887881877650886f,0.46007148503155126f,4.139914379128301f,0.034469997303849455f,0.459798079760878f,-0.8873542388100041f,2.611029449998575f,0f,0f,0f,1f], start_interpolation: 0, interpolation_duration: 1 }
$data merge entity $(bone_right_pupil1) { transformation: [-0.9994057330663421f,0.01585866284861558f,-0.030605285928762833f,-0.3280021069752574f,0f,0.887881877650886f,0.46007148503155126f,4.20862676532232f,0.034469997303849455f,0.459798079760878f,-0.8873542388100041f,2.7160719815873886f,0f,0f,0f,1f], start_interpolation: 0, interpolation_duration: 1 }
$data merge entity $(bone_right_sad_pupil1) { transformation: [-0.9994057330663421f,0.01585866284861558f,-0.030605285928762833f,-0.32834581868246515f,0f,0.887881877650886f,0.46007148503155126f,4.213793583757733f,0.034469997303849455f,0.459798079760878f,-0.8873542388100041f,2.706106577538253f,0f,0f,0f,1f], start_interpolation: 0, interpolation_duration: 1 }
$data merge entity $(bone_right_happy_pupil1) { transformation: [-0.9994057330663421f,0.01585866284861558f,-0.030605285928762833f,-0.3568501915000993f,0f,0.887881877650886f,0.46007148503155126f,4.188865578638659f,0.034469997303849455f,0.459798079760878f,-0.8873542388100041f,2.694165146044205f,0f,0f,0f,1f], start_interpolation: 0, interpolation_duration: 1 }
$data merge entity $(bone_eyelid_right1) { transformation: [-0.9994057330663421f,0.01585866284861558f,-0.030605285928762833f,0.08569455590112728f,0f,0.887881877650886f,0.46007148503155126f,4.422277857125131f,0.034469997303849455f,0.459798079760878f,-0.8873542388100041f,2.1671137251034467f,0f,0f,0f,1f], start_interpolation: 0, interpolation_duration: 1 }
$data merge entity $(bone_eyelid_expressions_right5) { transformation: [-0.9994057330663421f,0.01585866284861558f,-0.030605285928762833f,-0.4556380981640308f,0f,0.887881877650886f,0.46007148503155126f,4.313506880564228f,0.034469997303849455f,0.459798079760878f,-0.8873542388100041f,2.762195858427878f,0f,0f,0f,1f], start_interpolation: 0, interpolation_duration: 1 }
$data merge entity $(bone_eyelid_expressions_right7) { transformation: [-0.9994057330663421f,0.01585866284861558f,-0.030605285928762833f,-0.11892425255085885f,0f,0.887881877650886f,0.46007148503155126f,4.313506880564228f,0.034469997303849455f,0.459798079760878f,-0.8873542388100041f,2.750582431601874f,0f,0f,0f,1f], start_interpolation: 0, interpolation_duration: 1 }
$data merge entity $(bone_eyelid_expressions_right6) { transformation: [-0.9994057330663421f,0.01585866284861558f,-0.030605285928762833f,-0.23116220108858285f,0f,0.887881877650886f,0.46007148503155126f,4.313506880564228f,0.034469997303849455f,0.459798079760878f,-0.8873542388100041f,2.7544535738772087f,0f,0f,0f,1f], start_interpolation: 0, interpolation_duration: 1 }
$data merge entity $(bone_right_eye1) { transformation: [-0.9994057330663421f,0.01585866284861558f,-0.030605285928762833f,0.07481447275456267f,0f,0.887881877650886f,0.46007148503155126f,4.417111038689718f,0.034469997303849455f,0.459798079760878f,-0.8873542388100041f,2.177466243380116f,0f,0f,0f,1f], start_interpolation: 0, interpolation_duration: 1 }
$data merge entity $(bone_tear_left1) { transformation: [-0.9994057330663421f,0.01585866284861558f,-0.030605285928762833f,0.6951322088877238f,0f,0.887881877650886f,0.46007148503155126f,4.139914379128301f,0.034469997303849455f,0.459798079760878f,-0.8873542388100041f,2.5692211134249607f,0f,0f,0f,1f], start_interpolation: 0, interpolation_duration: 1 }
$data merge entity $(bone_left_sad_pupil1) { transformation: [-0.9994057330663421f,0.01585866284861558f,-0.030605285928762833f,0.5134387953504645f,0f,0.887881877650886f,0.46007148503155126f,4.213793583757733f,0.034469997303849455f,0.459798079760878f,-0.8873542388100041f,2.677073010473243f,0f,0f,0f,1f], start_interpolation: 0, interpolation_duration: 1 }
$data merge entity $(bone_left_pupil1) { transformation: [-0.9994057330663421f,0.01585866284861558f,-0.030605285928762833f,0.5137825070576723f,0f,0.887881877650886f,0.46007148503155126f,4.20862676532232f,0.034469997303849455f,0.459798079760878f,-0.8873542388100041f,2.687038414522379f,0f,0f,0f,1f], start_interpolation: 0, interpolation_duration: 1 }
$data merge entity $(bone_eyelid_left1) { transformation: [-0.9994057330663421f,0.01585866284861558f,-0.030605285928762833f,0.06324696619358249f,0f,0.887881877650886f,0.46007148503155126f,4.422277857125131f,0.034469997303849455f,0.459798079760878f,-0.8873542388100041f,2.167887953558514f,0f,0f,0f,1f], start_interpolation: 0, interpolation_duration: 1 }
$data merge entity $(bone_left_happy_pupil1) { transformation: [-0.9994057330663421f,0.01585866284861558f,-0.030605285928762833f,0.5410533968016924f,0f,0.887881877650886f,0.46007148503155126f,4.188865578638659f,0.034469997303849455f,0.459798079760878f,-0.8873542388100041f,2.6631960078415275f,0f,0f,0f,1f], start_interpolation: 0, interpolation_duration: 1 }
$data merge entity $(bone_eyelid_expressions_left5) { transformation: [-0.9994057330663421f,0.01585866284861558f,-0.030605285928762833f,0.6442937975056641f,0f,0.887881877650886f,0.46007148503155126f,4.313506880564228f,0.034469997303849455f,0.459798079760878f,-0.8873542388100041f,2.7242586641295983f,0f,0f,0f,1f], start_interpolation: 0, interpolation_duration: 1 }
$data merge entity $(bone_eyelid_expressions_left7) { transformation: [-0.9994057330663421f,0.01585866284861558f,-0.030605285928762833f,0.30757995189249215f,0f,0.887881877650886f,0.46007148503155126f,4.313506880564228f,0.034469997303849455f,0.459798079760878f,-0.8873542388100041f,2.7358720909556027f,0f,0f,0f,1f], start_interpolation: 0, interpolation_duration: 1 }
$data merge entity $(bone_eyelid_expressions_left6) { transformation: [-0.9994057330663421f,0.01585866284861558f,-0.030605285928762833f,0.41981790043021616f,0f,0.887881877650886f,0.46007148503155126f,4.313506880564228f,0.034469997303849455f,0.459798079760878f,-0.8873542388100041f,2.732000948680268f,0f,0f,0f,1f], start_interpolation: 0, interpolation_duration: 1 }
$data merge entity $(bone_left_eye1) { transformation: [-0.9994057330663421f,0.01585866284861558f,-0.030605285928762833f,0.07481447275456267f,0f,0.887881877650886f,0.46007148503155126f,4.417111038689718f,0.034469997303849455f,0.459798079760878f,-0.8873542388100041f,2.177466243380116f,0f,0f,0f,1f], start_interpolation: 0, interpolation_duration: 1 }
$data merge entity $(bone_crest_middle5) { transformation: [-0.9994057330663421f,0.008858552946477938f,-0.03331226131354393f,0.11138098753931389f,0f,0.9664132265488679f,0.25699314300464604f,5.428111738735343f,0.034469997303849455f,0.25684042047758143f,-0.9658389191240803f,3.237657347893326f,0f,0f,0f,1f], start_interpolation: 0, interpolation_duration: 1 }
$data merge entity $(bone_crest_middle4) { transformation: [-0.9994057330663421f,0.008858552946477938f,-0.03331226131354393f,0.10541184541717544f,0f,0.9664132265488679f,0.25699314300464604f,4.776915326314719f,0.034469997303849455f,0.25684042047758143f,-0.9658389191240803f,3.064591048938706f,0f,0f,0f,1f], start_interpolation: 0, interpolation_duration: 1 }
$data merge entity $(bone_crest_middle1) { transformation: [-0.9994057330663421f,0.008858552946477938f,-0.03331226131354393f,0.10374084311971743f,0f,0.9664132265488679f,0.25699314300464604f,4.266871773681256f,0.034469997303849455f,0.25684042047758143f,-0.9658389191240803f,3.016142850311778f,0f,0f,0f,1f], start_interpolation: 0, interpolation_duration: 1 }
$data merge entity $(bone_crest_left5) { transformation: [-0.5503553695446689f,-0.831226038440046f,0.07856360628572231f,-0.9996123969348669f,-0.7488319805030405f,0.5330286618817405f,0.39386686911754215f,4.8132456632073195f,-0.36926905122044107f,0.157935805414188f,-0.9158038267985817f,3.068561417911266f,0f,0f,0f,1f], start_interpolation: 0, interpolation_duration: 1 }
$data merge entity $(bone_crest_left4) { transformation: [-0.5503553695446689f,-0.831226038440046f,0.07856360628572231f,-0.5328594944905052f,-0.7488319805030405f,0.5330286618817405f,0.39386686911754215f,4.513937576701459f,-0.36926905122044107f,0.157935805414188f,-0.9158038267985817f,2.9798767615507598f,0f,0f,0f,1f], start_interpolation: 0, interpolation_duration: 1 }
$data merge entity $(bone_crest_left1) { transformation: [-0.5503553695446689f,-0.831226038440046f,0.07856360628572231f,-0.015019771175312474f,-0.7488319805030405f,0.5330286618817405f,0.39386686911754215f,4.206815229371438f,-0.36926905122044107f,0.157935805414188f,-0.9158038267985817f,2.830899108264244f,0f,0f,0f,1f], start_interpolation: 0, interpolation_duration: 1 }
$data merge entity $(bone_crest_center1) { transformation: [-0.9994057330663421f,0.01585866284861558f,-0.030605285928762833f,0.09677293251777302f,0f,0.887881877650886f,0.46007148503155126f,4.181887224252364f,0.034469997303849455f,0.459798079760878f,-0.8873542388100041f,2.814118761313683f,0f,0f,0f,1f], start_interpolation: 0, interpolation_duration: 1 }
$data merge entity $(bone_crest_right5) { transformation: [-0.523605248367563f,0.8401323680837715f,-0.1414749022968283f,1.2080837053368747f,0.7488319805030405f,0.5330286618817405f,0.39386686911754215f,4.8132456632073195f,0.4063104833225898f,0.1002898285496369f,-0.9082145899684984f,2.992416889042554f,0f,0f,0f,1f], start_interpolation: 0, interpolation_duration: 1 }
$data merge entity $(bone_crest_right4) { transformation: [-0.523605248367563f,0.8401323680837715f,-0.1414749022968283f,0.73632969005546f,0.7488319805030405f,0.5330286618817405f,0.39386686911754215f,4.513937576701459f,0.4063104833225898f,0.1002898285496369f,-0.9082145899684984f,2.9361017997690766f,0f,0f,0f,1f], start_interpolation: 0, interpolation_duration: 1 }
$data merge entity $(bone_crest_right1) { transformation: [-0.523605248367563f,0.8401323680837715f,-0.1414749022968283f,0.2094561259001354f,0.7488319805030405f,0.5330286618817405f,0.39386686911754215f,4.206815229371438f,0.4063104833225898f,0.1002898285496369f,-0.9082145899684984f,2.8231568237135747f,0f,0f,0f,1f], start_interpolation: 0, interpolation_duration: 1 }
$data merge entity $(bone_head1) { transformation: [-1.0475541863520899f,0.016622686970228562f,-0.03207975933939332f,0.05501982777044365f,0f,0.9306574368606287f,0.4822363873052065f,4.6514294042341815f,0.036130661236456765f,0.48194981016602423f,-0.9301043779193398f,1.6035502808473252f,0f,0f,0f,1f], start_interpolation: 0, interpolation_duration: 1 }
$data merge entity $(bone_neck10) { transformation: [-1.496505980502986f,0.020199451189711493f,-0.047498570235935914f,0.015117261120425855f,0f,1.3779684929256286f,0.5860009506718389f,4.655564533710178f,0.05161523033779541f,0.5856527096837624f,-1.3771496118146607f,0.44663536952425054f,0f,0f,0f,1f], start_interpolation: 0, interpolation_duration: 1 }
$data merge entity $(bone_neck9) { transformation: [-1.144827075084785f,0.018166222188892665f,-0.03505859413519417f,-0.006317208623496459f,0f,1.0170756274262598f,0.5270154804121191f,3.333457583048665f,0.03948565120841351f,0.5267022925385842f,-1.0164712130118512f,-0.17482484581846228f,0f,0f,0f,1f], start_interpolation: 0, interpolation_duration: 1 }
$data merge entity $(bone_neck8) { transformation: [-1.0625192461571202f,-0.009551772905070147f,-0.03538011555935597f,0.001923231985686405f,0f,1.0264032006583557f,-0.277103964380161f,2.576360094781686f,0.03664681353983474f,-0.2769392906569444f,-1.0257932431756038f,0.0640943370063749f,0f,0f,0f,1f], start_interpolation: 0, interpolation_duration: 1 }
$data merge entity $(bone_neck7) { transformation: [-1.0550367162546053f,-0.0189315749115525f,-0.031076288067781087f,0.019708843605462614f,0f,0.9015459964747553f,-0.5492189263803134f,1.772221967545445f,0.03638873738814576f,-0.5488925437330266f,-0.9010102374998787f,0.5797613984862624f,0f,0f,0f,1f], start_interpolation: 0, interpolation_duration: 1 }
$data merge entity $(bone_neck6) { transformation: [-1.0490506923325933f,-0.012003014066271245f,-0.03413333830208307f,0.030025046001837398f,0f,0.9902332744966943f,-0.34821627517014053f,0.8942446829555628f,0.036182276466794575f,-0.3480093417520454f,-0.9896448116050532f,0.8788641726329349f,0f,0f,0f,1f], start_interpolation: 0, interpolation_duration: 1 }
$data merge entity $(bone_neck_spine6) { transformation: [-1.2714115020626244f,-0.05895155905236444f,0.004782742400161422f,-0.11439364576576841f,0.011185277000637593f,-0.13859025591558086f,1.2651691582789955f,0.38437591792525694f,-0.058077969299810434f,1.2638444616198858f,0.13895860833881749f,-1.7811501826605847f,0f,0f,0f,1f], start_interpolation: 0, interpolation_duration: 1 }
$data merge entity $(bone_neck_spine7) { transformation: [-0.9642561752686396f,-0.21320781151462007f,0.15732913768733486f,0.3934837271244466f,0.041958861953539046f,0.46340381451214296f,0.8851532966662661f,0.35212014773927214f,-0.2616285197753831f,0.8601158839393337f,-0.43789403265561916f,-5.497340846051215f,0f,0f,0f,1f], start_interpolation: 0, interpolation_duration: 1 }
$data merge entity $(bone_tail6) { transformation: [-1.5787309331376425f,-0.6829536290711338f,0.08052899366092797f,1.7934994995842841f,-0.23213815940251167f,0.7190704578655629f,1.5473692155078405f,-1.3340681571182338f,-0.6473194367780779f,1.4077691411203415f,-0.7513092103826061f,-8.758266440565105f,0f,0f,0f,1f], start_interpolation: 0, interpolation_duration: 1 }
$data merge entity $(bone_tail5) { transformation: [-1.3041690317224004f,-0.5641790848848496f,0.06652395128511442f,1.4371758670254318f,-0.1917663055933792f,0.5940147260628562f,1.278261525854303f,-0.958900961710114f,-0.5347421434253686f,1.1629397252733256f,-0.6206467390117181f,-8.023778193024057f,0f,0f,0f,1f], start_interpolation: 0, interpolation_duration: 1 }
$data merge entity $(bone_tail4) { transformation: [-0.9609666549533474f,-0.4157109046519944f,0.049017648315347453f,1.2590140507460055f,-0.1413014883319636f,0.437695061309473f,0.941876913787381f,-0.7713173640060541f,-0.3940205267344821f,0.8569029554645555f,-0.457318649798108f,-7.656534069253533f,0f,0f,0f,1f], start_interpolation: 0, interpolation_duration: 1 }
$data merge entity $(bone_segment18) { transformation: [-0.9167980012474173f,-0.39918744659788646f,0.011437105726514657f,1.0348609435255125f,-0.1348068857626684f,0.33630985445913886f,0.932052994922844f,-0.5824714984650338f,-0.3759102664994811f,0.8529625221968031f,-0.3621414188793613f,-7.177575621730914f,0f,0f,0f,1f], start_interpolation: 0, interpolation_duration: 1 }
$data merge entity $(bone_segment17) { transformation: [-0.9121198213319168f,-0.39805219367079375f,0.0979381572590596f,0.7442906166027404f,0.002917023494243262f,0.2326092850590405f,0.9725658905587093f,-0.4126712635220328f,-0.40991331096631334f,0.8873823142356346f,-0.21100641192732444f,-6.529803864024725f,0f,0f,0f,1f], start_interpolation: 0, interpolation_duration: 1 }
$data merge entity $(bone_segment16) { transformation: [-0.9329628120578141f,-0.3404934038252832f,0.11681024470759396f,0.4192590714472574f,0.018741737543494563f,0.2781117809100548f,0.9603658597601686f,-0.14718858203806912f,-0.35948454569150284f,0.8981748600748687f,-0.25308651117446707f,-5.672415264685677f,0f,0f,0f,1f], start_interpolation: 0, interpolation_duration: 1 }
$data merge entity $(bone_segment15) { transformation: [-0.9642561752686396f,-0.24666270869158233f,0.09678603513537332f,0.12839459806338466f,0.041958861953539046f,0.21851918142563656f,0.9749301622437543f,0.11048906598093101f,-0.2616285197753831f,0.9441434612864726f,-0.2003587835612423f,-4.559082032748748f,0f,0f,0f,1f], start_interpolation: 0, interpolation_duration: 1 }
$data merge entity $(bone_segment14) { transformation: [-1.0364422902949466f,-0.15284474144730256f,0.03318225316708791f,-0.0435557360648307f,0.03944675001329499f,-0.04026129080865012f,1.0466604895576126f,0.06519511382119964f,-0.15134903642483527f,1.0361914453900403f,0.04556265684686707f,-3.393366656684953f,0f,0f,0f,1f], start_interpolation: 0, interpolation_duration: 1 }
$data merge entity $(bone_segment13) { transformation: [-1.0246080928387031f,-0.047455564508988565f,-0.00445390949123989f,-0.10058833604423668f,0.009014017347572649f,-0.28703843287743036f,0.9846935042772009f,-0.3074610526060071f,-0.04680401055337664f,0.9835906258558943f,0.2871453937428168f,-2.2166099280523555f,0f,0f,0f,1f], start_interpolation: 0, interpolation_duration: 1 }
$data merge entity $(bone_segment12) { transformation: [-1.114992408283388f,0.034209400624680225f,0.00977382069546471f,-0.059261543343280695f,0.00974238752180136f,-0.0011743097915279587f,1.1155167359002574f,-0.308879681884363f,0.034218365645688205f,1.1150346268601214f,0.0008749554984882232f,-0.8695882311743565f,0f,0f,0f,1f], start_interpolation: 0, interpolation_duration: 1 }
$data merge entity $(bone_segment11) { transformation: [-1.188923484634295f,0.059155127139220366f,-0.009190184956488445f,0.006864745311185073f,0.02152584990174787f,0.5929659932748563f,1.0320129890107572f,0.3764283016722123f,0.055860776510886535f,1.030541043643606f,-0.5932854050917611f,0.3214726336561925f,0f,0f,0f,1f], start_interpolation: 0, interpolation_duration: 1 }
$data merge entity $(bone_segment10) { transformation: [-1.0475541863520903f,0.020512545808761343f,-0.029743236976278634f,0.03179393876215962f,0f,0.8628732028637855f,0.5950840560834796f,1.259734153326789f,0.036130661236456786f,0.5947304173062022f,-0.862360425851384f,0.9301505580150466f,0f,0f,0f,1f], start_interpolation: 0, interpolation_duration: 1 }