# This file was generated by Animated Java via MC-Build. It is not recommended to edit this file directly.
$data merge entity $(bone_neck_spine5) { transformation: [-1.5713992948797646f,0.011604216948185501f,-0.050880190222134226f,0.09557331285003635f,1.363723045079424e-18f,1.5329034945196118f,0.3496084553414065f,4.275410366527017f,0.052186699531787964f,0.349415818467372f,-1.5320588532277073f,-0.539478830510707f,0f,0f,0f,1f], start_interpolation: 0, interpolation_duration: 1 }
$data merge entity $(bone_neck_spine2) { transformation: [-1.4965707570283466f,0.014168736876245295f,-0.0476392462887571f,0.04833650872715249f,1.2987838524565938e-18f,1.4352612832911114f,0.4268715619124563f,5.439117031240882f,0.0497016186017028f,0.42663635248875775f,-1.4344704435879767f,1.4216514940694789f,0f,0f,0f,1f], start_interpolation: 0, interpolation_duration: 1 }
$data merge entity $(bone_scale_neck_left1) { transformation: [-1.5843643181794769f,0.4478024724341408f,0.0481428478512106f,0.824429506661543f,0.3892615028042098f,1.2729438557915773f,0.9701260244291733f,4.5844142491288045f,0.22653977697517597f,0.9445326709659198f,-1.3302604420803077f,1.1062912928927f,0f,0f,0f,1f], start_interpolation: 0, interpolation_duration: 1 }
$data merge entity $(bone_scale_neck_right1) { transformation: [-1.5959036410023795f,-0.3841483959258962f,-0.13629621924536872f,-0.7469697882182209f,-0.3892615028042098f,1.2729438557915773f,0.9701260244291733f,4.5844142491288045f,-0.12092200754051735f,0.972162039347199f,-1.3241351585779824f,1.158477992424488f,0f,0f,0f,1f], start_interpolation: 0, interpolation_duration: 1 }
$data merge entity $(bone_blush_right1) { transformation: [-0.9994489925198002f,0.015504743412577678f,-0.029348156379344684f,-0.5841300616591935f,8.673617379884035e-19f,0.8841926745005483f,0.46712237621373665f,3.798097677598644f,0.03319203746618066f,0.46686498829027406f,-0.8837054777229605f,2.3399313588101966f,0f,0f,0f,1f], start_interpolation: 0, interpolation_duration: 1 }
$data merge entity $(bone_blush_left1) { transformation: [-0.9994489925198002f,0.015504743412577678f,-0.029348156379344684f,0.7403350583108933f,8.673617379884035e-19f,0.8841926745005483f,0.46712237621373665f,3.798097677598644f,0.03319203746618066f,0.46686498829027406f,-0.8837054777229605f,2.2959454263476897f,0f,0f,0f,1f], start_interpolation: 0, interpolation_duration: 1 }
$data merge entity $(bone_left_head_scales) { transformation: [-0.872970613064955f,0.015504743412577678f,-0.4875263189374568f,0.7513417244946758f,-0.2156931094277467f,0.8841926745005483f,0.4143426081215373f,4.627151174293164f,0.43749147565453983f,0.46686498829027406f,-0.7685299548087474f,2.2890200508912706f,0f,0f,0f,1f], start_interpolation: 0, interpolation_duration: 1 }
$data merge entity $(bone_left_head_scales2) { transformation: [-0.8018672744356299f,0.015504743412577678f,-0.5973009937384035f,0.7423555848812633f,-0.2679303878885077f,0.8841926745005483f,0.3826442494086139f,3.7540692695691664f,0.534061964040773f,0.46686498829027406f,-0.7048509780610609f,2.0184374392508007f,0f,0f,0f,1f], start_interpolation: 0, interpolation_duration: 1 }
$data merge entity $(bone_left_head_scales1) { transformation: [-0.9994489925198002f,0.015504743412577678f,-0.029348156379344684f,0.7496004691309587f,8.673617379884035e-19f,0.8841926745005483f,0.46712237621373665f,4.527852192293591f,0.03319203746618066f,0.46686498829027406f,-0.8837054777229605f,2.2365889242766404f,0f,0f,0f,1f], start_interpolation: 0, interpolation_duration: 1 }
$data merge entity $(bone_right_head_scales) { transformation: [-0.9000735540832896f,0.015504743412577678f,0.43546205365288226f,-0.5955719568308362f,0.2156931094277467f,0.8841926745005483f,0.4143426081215373f,4.627151174293164f,-0.3786080820390205f,0.46686498829027406f,-0.7991827093496557f,2.3337515076328033f,0f,0f,0f,1f], start_interpolation: 0, interpolation_duration: 1 }
$data merge entity $(bone_right_head_scales2) { transformation: [-0.8355340963347053f,0.015504743412577678f,0.5492197891498971f,-0.6045580964442487f,0.2679303878885077f,0.8841926745005483f,0.3826442494086139f,3.7540692695691664f,-0.4796833133516956f,0.46686498829027406f,-0.7429273191912255f,2.0631688959923333f,0f,0f,0f,1f], start_interpolation: 0, interpolation_duration: 1 }
$data merge entity $(bone_right_head_scales1) { transformation: [-0.9994489925198002f,0.015504743412577678f,-0.029348156379344684f,-0.5973132121945534f,8.673617379884035e-19f,0.8841926745005483f,0.46712237621373665f,4.527852192293591f,0.03319203746618066f,0.46686498829027406f,-0.8837054777229605f,2.281320381018173f,0f,0f,0f,1f], start_interpolation: 0, interpolation_duration: 1 }
$data merge entity $(bone_head_left_fin1) { transformation: [-0.7020496403110521f,0.02681408674872522f,-0.7778704939230746f,0.7405988259878674f,-0.09597493675479478f,1.0365780150507122f,0.12235206681381439f,4.194826184043535f,0.772392589347677f,0.15317382769432497f,-0.691825602630774f,1.9655394841947513f,0f,0f,0f,1f], start_interpolation: 0, interpolation_duration: 1 }
$data merge entity $(bone_head_right_fin1) { transformation: [-0.7517490430536449f,-0.016592303936838863f,0.7302556194533326f,-0.6063148553376446f,0.09597493675479478f,1.0365780150507122f,0.12235206681381439f,4.194826184043535f,-0.7241114457098548f,0.1546153685400209f,-0.7419109785064452f,2.010270940936284f,0f,0f,0f,1f], start_interpolation: 0, interpolation_duration: 1 }
$data merge entity $(bone_right_whisker16) { transformation: [0.25436052689718897f,0.9094142376762694f,-0.3290387008670473f,-1.1323975312598935f,0.9555638786235698f,-0.2887456907236947f,-0.059359918786804716f,1.4573070106230732f,-0.14899126224870995f,-0.2993186769985902f,-0.9424489022612045f,2.045826647955682f,0f,0f,0f,1f], start_interpolation: 0, interpolation_duration: 1 }
$data merge entity $(bone_right_whisker15) { transformation: [-0.8684333617773423f,0.3708868149231371f,-0.3290387008670473f,-0.839810119332957f,0.4110015458115965f,0.9097000216456533f,-0.059359918786804716f,1.3188348101299083f,0.2773107020880764f,-0.1867855485150507f,-0.9424489022612045f,1.9523967727404608f,0f,0f,0f,1f], start_interpolation: 0, interpolation_duration: 1 }
$data merge entity $(bone_right_whisker14) { transformation: [-0.7031534062660322f,-0.630324377275861f,-0.3290387008670473f,-0.6029078486671555f,-0.6507714546212274f,0.7569497433065128f,-0.059359918786804716f,1.53808886466538f,0.28648176400365816f,0.17238986489931046f,-0.9424489022612045f,1.8558770377978222f,0f,0f,0f,1f], start_interpolation: 0, interpolation_duration: 1 }
$data merge entity $(bone_right_whisker13) { transformation: [-0.09844962215950684f,-0.9898629051974049f,-0.10236747926369809f,-0.569738786513806f,-0.9867331353671516f,0.08375545765175178f,0.13907818981442122f,1.8705331339052895f,-0.1290945059449119f,0.11470157901135854f,-0.9849762211886842f,1.8993707922421528f,0f,0f,0f,1f], start_interpolation: 0, interpolation_duration: 1 }
$data merge entity $(bone_right_whisker12) { transformation: [0.055412361682968064f,-0.9953624416264981f,-0.07863256305152527f,-0.5946310583635769f,-0.9336075362908627f,-0.07957267745057814f,0.34934962027208777f,2.2899271443484506f,-0.3539864945921264f,0.054053665950445876f,-0.9336871868263459f,2.0583881628597096f,0f,0f,0f,1f], start_interpolation: 0, interpolation_duration: 1 }
$data merge entity $(bone_right_whisker11) { transformation: [0.2901156499846903f,-0.9552122671253005f,-0.05833038974072151f,-0.724956448005137f,-0.9546299989692825f,-0.2931410389821084f,0.052439453967388f,2.718764839197933f,-0.06718984076382786f,0.04047043362547176f,-0.996919088642753f,2.0885710991403355f,0f,0f,0f,1f], start_interpolation: 0, interpolation_duration: 1 }
$data merge entity $(bone_right_whisker10) { transformation: [0.07693253172815165f,-0.9955373255588774f,0.0546517976005825f,-0.7595159837423926f,-0.9780925578014596f,-0.08599174761973448f,-0.18957944961071674f,3.1581423553978074f,0.19343302183261096f,-0.03886968948141946f,-0.9803432119948209f,2.0016773588639674f,0f,0f,0f,1f], start_interpolation: 0, interpolation_duration: 1 }
$data merge entity $(bone_right_whisker1) { transformation: [-0.342803972492265f,-0.9391034494973144f,0.023877763416361837f,-0.6055220117243829f,-0.93662258071269f,0.34363303798523126f,0.06822372390995152f,3.578890780327336f,-0.0722743228444449f,0.0010229111818669534f,-0.9973842669252863f,2.034144339829245f,0f,0f,0f,1f], start_interpolation: 0, interpolation_duration: 1 }
$data merge entity $(bone_left_whisker16) { transformation: [0.26368526043449136f,-0.9272694586666564f,0.26578456398677586f,1.267881351556761f,-0.9555638786235698f,-0.2887456907236947f,-0.059359918786804716f,1.4573070106230732f,0.13178678727199464f,-0.23832179319680893f,-0.9622031831105025f,1.9661125782992914f,0f,0f,0f,1f], start_interpolation: 0, interpolation_duration: 1 }
$data merge entity $(bone_left_whisker15) { transformation: [-0.8849187069148647f,-0.3824623480794983f,0.26578456398677586f,0.9697397950278271f,-0.4110015458115965f,0.9097000216456533f,-0.059359918786804716f,1.3188348101299083f,-0.21908128969084076f,-0.16176656922681656f,-0.9622031831105025f,1.8923010109718108f,0f,0f,0f,1f], start_interpolation: 0, interpolation_duration: 1 }
$data merge entity $(bone_left_whisker14) { transformation: [-0.7206114100109585f,0.640373142244721f,0.26578456398677586f,0.7269556773971823f,0.6507714546212274f,0.7569497433065128f,-0.059359918786804716f,1.53808886466538f,-0.23919805520152088f,0.13018957254644742f,-0.9622031831105025f,1.8117118224517672f,0f,0f,0f,1f], start_interpolation: 0, interpolation_duration: 1 }
$data merge entity $(bone_left_whisker13) { transformation: [-0.08966759870557253f,0.9952919814475321f,0.03679121374216801f,0.696745402442668f,0.9867331353671516f,0.08375545765175178f,0.13907818981442122f,1.8705331339052895f,0.13534194217199258f,0.04877391700274936f,-0.9895977282256269f,1.8573104260155733f,0f,0f,0f,1f], start_interpolation: 0, interpolation_duration: 1 }
$data merge entity $(bone_left_whisker12) { transformation: [0.07877638264816074f,0.9967555628548324f,0.016511494626983807f,0.7321332305853965f,0.9336075362908627f,-0.07957267745057814f,0.34934962027208777f,2.2899271443484506f,0.3495300412236066f,-0.01210524354536552f,-0.9368469530082973f,2.0143258742214902f,0f,0f,0f,1f], start_interpolation: 0, interpolation_duration: 1 }
$data merge entity $(bone_left_whisker11) { transformation: [0.2939342803209943f,0.9557926426962748f,-0.007941222818327001f,0.8641740205733431f,0.9546299989692825f,-0.2931410389821084f,0.052439453967388f,2.718764839197933f,0.04779334598128651f,-0.02299468269320446f,-0.9985925298377469f,2.035795541361521f,0f,0f,0f,1f], start_interpolation: 0, interpolation_duration: 1 }
$data merge entity $(bone_left_whisker10) { transformation: [0.06392922004210935f,0.9907648294158473f,-0.11957469472005615f,0.8928922248891344f,0.9780925578014596f,-0.08599174761973448f,-0.18957944961071674f,3.1581423553978074f,-0.19811108802438587f,-0.10483545265744294f,-0.9745570915384603f,1.9468003260380666f,0f,0f,0f,1f], start_interpolation: 0, interpolation_duration: 1 }
$data merge entity $(bone_left_whisker1) { transformation: [-0.33725341003242926f,0.9371020752332481f,-0.08999910007904552f,0.7413916696011291f,0.93662258071269f,0.34363303798523126f,0.06822372390995152f,3.578890780327336f,0.09485925743225498f,-0.0612865058441132f,-0.9936023779565045f,1.9894128830877125f,0f,0f,0f,1f], start_interpolation: 0, interpolation_duration: 1 }
$data merge entity $(bone_upper_left_tooth1) { transformation: [-0.9994489925198002f,0.012887882815366592f,-0.030587805212105683f,0.410350135606221f,8.673617379884035e-19f,0.9215404520819659f,0.3882823652660085f,3.530192313932f,0.03319203746618066f,0.38806841877831716f,-0.921032676399562f,3.0177157147941553f,0f,0f,0f,1f], start_interpolation: 0, interpolation_duration: 1 }
$data merge entity $(bone_upper_right_tooth1) { transformation: [-0.9994489925198002f,0.012887882815366592f,-0.030587805212105683f,-0.263106705056535f,8.673617379884035e-19f,0.9215404520819659f,0.3882823652660085f,3.530192313932f,0.03319203746618066f,0.38806841877831716f,-0.921032676399562f,3.0400814431649215f,0f,0f,0f,1f], start_interpolation: 0, interpolation_duration: 1 }
$data merge entity $(bone_top_lip1) { transformation: [-0.9994489925198002f,-0.0014031928590795134f,-0.03316236422447244f,0.10327488276343422f,8.673617379884035e-19f,0.9991060132497602f,-0.042274984188880094f,3.6440349576706415f,0.03319203746618066f,-0.04225169035636678f,-0.998555498362947f,3.0759067544518377f,0f,0f,0f,1f], start_interpolation: 0, interpolation_duration: 1 }
$data merge entity $(bone_muzzle1) { transformation: [-0.9994489925198002f,0.012887882815366592f,-0.030587805212105683f,0.08827016771332677f,8.673617379884035e-19f,0.9215404520819659f,0.3882823652660085f,4.017304574869952f,0.03319203746618066f,0.38806841877831716f,-0.921032676399562f,2.624098173699408f,0f,0f,0f,1f], start_interpolation: 0, interpolation_duration: 1 }
$data merge entity $(bone_jaw_right_tooth1) { transformation: [-0.9994489925198002f,-0.005208742060159181f,-0.03278079250578102f,-0.26374188435323453f,8.673617379884035e-19f,0.9876101320740359f,-0.15692745784185014f,3.3464823961767918f,0.03319203746618066f,-0.1568409896387305f,-0.9870659515037418f,3.0209554913819803f,0f,0f,0f,1f], start_interpolation: 0, interpolation_duration: 1 }
$data merge entity $(bone_jaw_left_tooth1) { transformation: [-0.9994489925198002f,-0.005208742060159181f,-0.03278079250578102f,0.46583635969808446f,8.673617379884035e-19f,0.9876101320740359f,-0.15692745784185014f,3.3464823961767918f,0.03319203746618066f,-0.1568409896387305f,-0.9870659515037418f,2.9967259523136502f,0f,0f,0f,1f], start_interpolation: 0, interpolation_duration: 1 }
$data merge entity $(bone_tongue1) { transformation: [-0.9994489925198002f,0.00971048355588925f,-0.03173984656968501f,0.07556050674132571f,8.673617379884035e-19f,0.9562488172660301f,0.29255460939339023f,3.574668057662929f,0.03319203746618066f,0.29239340961524746f,-0.9557219170147839f,2.2413962119208515f,0f,0f,0f,1f], start_interpolation: 0, interpolation_duration: 1 }
$data merge entity $(bone_jaw_lips1) { transformation: [-0.9994489925198002f,0.00971048355588925f,-0.03173984656968501f,0.15894406927764435f,8.673617379884035e-19f,0.9562488172660301f,0.29255460939339023f,3.188326461153372f,0.03319203746618066f,0.29239340961524746f,-0.9557219170147839f,3.0604261930521535f,0f,0f,0f,1f], start_interpolation: 0, interpolation_duration: 1 }
$data merge entity $(bone_jaw3) { transformation: [-0.9994489925198002f,0.000562715316821099f,-0.03318726717626137f,0.12907998704589094f,8.673617379884035e-19f,0.9998562821000627f,0.016953322536902293f,3.119341192067149f,0.03319203746618066f,0.016943981129370178f,-0.9993053538095005f,2.1611856167703833f,0f,0f,0f,1f], start_interpolation: 0, interpolation_duration: 1 }
$data merge entity $(bone_jaw1) { transformation: [-0.9994489925198002f,0.02386484148578588f,-0.023069041852982405f,0.10835389475610205f,8.673617379884035e-19f,0.6950173479554376f,0.7189929666144104f,3.765311435509784f,0.03319203746618066f,0.7185967961115945f,-0.6946343881978453f,1.5371000336238816f,0f,0f,0f,1f], start_interpolation: 0, interpolation_duration: 1 }
$data merge entity $(bone_tear_right1) { transformation: [-0.9994489925198002f,0.015504743412577678f,-0.029348156379344684f,-0.5189479225198251f,8.673617379884035e-19f,0.8841926745005483f,0.46712237621373665f,4.098430085360703f,0.03319203746618066f,0.46686498829027406f,-0.8837054777229605f,2.610896332029783f,0f,0f,0f,1f], start_interpolation: 0, interpolation_duration: 1 }
$data merge entity $(bone_right_pupil1) { transformation: [-0.9994489925198002f,0.015504743412577678f,-0.029348156379344684f,-0.3300288338323016f,8.673617379884035e-19f,0.8841926745005483f,0.46712237621373665f,4.166253047869311f,0.03319203746618066f,0.46686498829027406f,-0.8837054777229605f,2.7167234557814703f,0f,0f,0f,1f], start_interpolation: 0, interpolation_duration: 1 }
$data merge entity $(bone_right_sad_pupil1) { transformation: [-0.9994489925198002f,0.015504743412577678f,-0.029348156379344684f,-0.33035842738538995f,8.673617379884035e-19f,0.8841926745005483f,0.46712237621373665f,4.171499051117806f,0.03319203746618066f,0.46686498829027406f,-0.8837054777229605f,2.706799029029699f,0f,0f,0f,1f], start_interpolation: 0, interpolation_duration: 1 }
$data merge entity $(bone_right_happy_pupil1) { transformation: [-0.9994489925198002f,0.015504743412577678f,-0.029348156379344684f,-0.35885407817160186f,8.673617379884035e-19f,0.8841926745005483f,0.46712237621373665f,4.146674623374655f,0.03319203746618066f,0.46686498829027406f,-0.8837054777229605f,2.6946233085760403f,0f,0f,0f,1f], start_interpolation: 0, interpolation_duration: 1 }
$data merge entity $(bone_eyelid_right1) { transformation: [-0.9994489925198002f,0.015504743412577678f,-0.029348156379344684f,0.08442643254725105f,8.673617379884035e-19f,0.8841926745005483f,0.46712237621373665f,4.384149722542725f,0.03319203746618066f,0.46686498829027406f,-0.8837054777229605f,2.1700107738341767f,0f,0f,0f,1f], start_interpolation: 0, interpolation_duration: 1 }
$data merge entity $(bone_eyelid_expressions_right5) { transformation: [-0.9994489925198002f,0.015504743412577678f,-0.029348156379344684f,-0.457696040638386f,8.673617379884035e-19f,0.8841926745005483f,0.46712237621373665f,4.270798033117378f,0.03319203746618066f,0.46686498829027406f,-0.8837054777229605f,2.7635169083203377f,0f,0f,0f,1f], start_interpolation: 0, interpolation_duration: 1 }
$data merge entity $(bone_eyelid_expressions_right7) { transformation: [-0.9994489925198002f,0.015504743412577678f,-0.029348156379344684f,-0.12096762030700794f,8.673617379884035e-19f,0.8841926745005483f,0.46712237621373665f,4.270798033117378f,0.03319203746618066f,0.46686498829027406f,-0.8837054777229605f,2.7523340441349546f,0f,0f,0f,1f], start_interpolation: 0, interpolation_duration: 1 }
$data merge entity $(bone_eyelid_expressions_right6) { transformation: [-0.9994489925198002f,0.015504743412577678f,-0.029348156379344684f,-0.23321042708413398f,8.673617379884035e-19f,0.8841926745005483f,0.46712237621373665f,4.270798033117378f,0.03319203746618066f,0.46686498829027406f,-0.8837054777229605f,2.7560616655300825f,0f,0f,0f,1f], start_interpolation: 0, interpolation_duration: 1 }
$data merge entity $(bone_right_eye1) { transformation: [-0.9994489925198002f,0.015504743412577678f,-0.029348156379344684f,0.07353174542262679f,8.673617379884035e-19f,0.8841926745005483f,0.46712237621373665f,4.378903719294231f,0.03319203746618066f,0.46686498829027406f,-0.8837054777229605f,2.180307962725461f,0f,0f,0f,1f], start_interpolation: 0, interpolation_duration: 1 }
$data merge entity $(bone_tear_left1) { transformation: [-0.9994489925198002f,0.015504743412577678f,-0.029348156379344684f,0.6932743906731357f,8.673617379884035e-19f,0.8841926745005483f,0.46712237621373665f,4.098430085360703f,0.03319203746618066f,0.46686498829027406f,-0.8837054777229605f,2.5706380209624036f,0f,0f,0f,1f], start_interpolation: 0, interpolation_duration: 1 }
$data merge entity $(bone_left_sad_pupil1) { transformation: [-0.9994489925198002f,0.015504743412577678f,-0.029348156379344684f,0.511462623443055f,8.673617379884035e-19f,0.8841926745005483f,0.46712237621373665f,4.171499051117806f,0.03319203746618066f,0.46686498829027406f,-0.8837054777229605f,2.6788418685662414f,0f,0f,0f,1f], start_interpolation: 0, interpolation_duration: 1 }
$data merge entity $(bone_left_pupil1) { transformation: [-0.9994489925198002f,0.015504743412577678f,-0.029348156379344684f,0.5117922169961434f,8.673617379884035e-19f,0.8841926745005483f,0.46712237621373665f,4.166253047869311f,0.03319203746618066f,0.46686498829027406f,-0.8837054777229605f,2.688766295318013f,0f,0f,0f,1f], start_interpolation: 0, interpolation_duration: 1 }
$data merge entity $(bone_eyelid_left1) { transformation: [-0.9994489925198002f,0.015504743412577678f,-0.029348156379344684f,0.061977871191825844f,8.673617379884035e-19f,0.8841926745005483f,0.46712237621373665f,4.384149722542725f,0.03319203746618066f,0.46686498829027406f,-0.8837054777229605f,2.1707562981132025f,0f,0f,0f,1f], start_interpolation: 0, interpolation_duration: 1 }
$data merge entity $(bone_left_happy_pupil1) { transformation: [-0.9994489925198002f,0.015504743412577678f,-0.029348156379344684f,0.539088376045406f,8.673617379884035e-19f,0.8841926745005483f,0.46712237621373665f,4.146674623374655f,0.03319203746618066f,0.46686498829027406f,-0.8837054777229605f,2.6648023374150185f,0f,0f,0f,1f], start_interpolation: 0, interpolation_duration: 1 }
$data merge entity $(bone_eyelid_expressions_left5) { transformation: [-0.9994489925198002f,0.015504743412577678f,-0.029348156379344684f,0.6422834657774488f,8.673617379884035e-19f,0.8841926745005483f,0.46712237621373665f,4.270798033117378f,0.03319203746618066f,0.46686498829027406f,-0.8837054777229605f,2.7269862186480864f,0f,0f,0f,1f], start_interpolation: 0, interpolation_duration: 1 }
$data merge entity $(bone_eyelid_expressions_left7) { transformation: [-0.9994489925198002f,0.015504743412577678f,-0.029348156379344684f,0.3055550454460708f,8.673617379884035e-19f,0.8841926745005483f,0.46712237621373665f,4.270798033117378f,0.03319203746618066f,0.46686498829027406f,-0.8837054777229605f,2.73816908283347f,0f,0f,0f,1f], start_interpolation: 0, interpolation_duration: 1 }
$data merge entity $(bone_eyelid_expressions_left6) { transformation: [-0.9994489925198002f,0.015504743412577678f,-0.029348156379344684f,0.4177978522231968f,8.673617379884035e-19f,0.8841926745005483f,0.46712237621373665f,4.270798033117378f,0.03319203746618066f,0.46686498829027406f,-0.8837054777229605f,2.734441461438342f,0f,0f,0f,1f], start_interpolation: 0, interpolation_duration: 1 }
$data merge entity $(bone_left_eye1) { transformation: [-0.9994489925198002f,0.015504743412577678f,-0.029348156379344684f,0.07353174542262679f,8.673617379884035e-19f,0.8841926745005483f,0.46712237621373665f,4.378903719294231f,0.03319203746618066f,0.46686498829027406f,-0.8837054777229605f,2.180307962725461f,0f,0f,0f,1f], start_interpolation: 0, interpolation_duration: 1 }
$data merge entity $(bone_crest_middle5) { transformation: [-0.9994489925198002f,0.008785115448578242f,-0.03200832856791327f,0.10900849447659267f,8.673617379884035e-19f,0.9643375644091307f,0.2646753896180491f,5.381430756032326f,0.03319203746618066f,0.2645295514985447f,-0.9638062071977034f,3.248552150386169f,0f,0f,0f,1f], start_interpolation: 0, interpolation_duration: 1 }
$data merge entity $(bone_crest_middle4) { transformation: [-0.9994489925198002f,0.008785115448578242f,-0.03200832856791327f,0.10308883660596865f,8.673617379884035e-19f,0.9643375644091307f,0.2646753896180491f,4.731632983139455f,0.03319203746618066f,0.2645295514985447f,-0.9638062071977034f,3.0703046986928135f,0f,0f,0f,1f], start_interpolation: 0, interpolation_duration: 1 }
$data merge entity $(bone_crest_middle1) { transformation: [-0.9994489925198002f,0.008785115448578242f,-0.03200832856791327f,0.10134511870890633f,8.673617379884035e-19f,0.9643375644091307f,0.2646753896180491f,4.221991343162086f,0.03319203746618066f,0.2645295514985447f,-0.9638062071977034f,3.0177994224730766f,0f,0f,0f,1f], start_interpolation: 0, interpolation_duration: 1 }
$data merge entity $(bone_crest_left5) { transformation: [-0.550080120207208f,-0.8312866565511497f,0.0798395640821924f,-1.0019299474150893f,-0.7457205381241797f,0.5319837385108802f,0.4011161689333548f,4.768233702222262f,-0.37591586874273825f,0.16110802773294208f,-0.9125412116871182f,3.073152104083246f,0f,0f,0f,1f], start_interpolation: 0, interpolation_duration: 1 }
$data merge entity $(bone_crest_left4) { transformation: [-0.550080120207208f,-0.8312866565511497f,0.0798395640821924f,-0.5351430064806058f,-0.7457205381241797f,0.5319837385108802f,0.4011161689333548f,4.469512364679532f,-0.37591586874273825f,0.16110802773294208f,-0.9125412116871182f,2.982686170541799f,0f,0f,0f,1f], start_interpolation: 0, interpolation_duration: 1 }
$data merge entity $(bone_crest_left1) { transformation: [-0.550080120207208f,-0.8312866565511497f,0.0798395640821924f,-0.017194192805481345f,-0.7457205381241797f,0.5319837385108802f,0.4011161689333548f,4.163442506384158f,-0.37591586874273825f,0.16110802773294208f,-0.9125412116871182f,2.831932315841511f,0f,0f,0f,1f], start_interpolation: 0, interpolation_duration: 1 }
$data merge entity $(bone_crest_center1) { transformation: [-0.9994489925198002f,0.015504743412577678f,-0.029348156379344684f,0.0946133057027325f,8.673617379884035e-19f,0.8841926745005483f,0.46712237621373665f,4.138618078641007f,0.03319203746618066f,0.46686498829027406f,-0.8837054777229605f,2.8150970805723308f,0f,0f,0f,1f], start_interpolation: 0, interpolation_duration: 1 }
$data merge entity $(bone_crest_right5) { transformation: [-0.5239269842798245f,0.8401440950161337f,-0.14020846890601862f,1.2058617153718925f,0.7457205381241797f,0.5319837385108802f,0.4011161689333548f,4.768233702222262f,0.41158400620436214f,0.10559924985296569f,-0.9052333424411952f,2.9998305997971784f,0f,0f,0f,1f], start_interpolation: 0, interpolation_duration: 1 }
$data merge entity $(bone_crest_right4) { transformation: [-0.5239269842798245f,0.8401440950161337f,-0.14020846890601862f,0.7341011151431064f,0.7457205381241797f,0.5319837385108802f,0.4011161689333548f,4.469512364679532f,0.41158400620436214f,0.10559924985296569f,-0.9052333424411952f,2.9405341460223196f,0f,0f,0f,1f], start_interpolation: 0, interpolation_duration: 1 }
$data merge entity $(bone_crest_right1) { transformation: [-0.5239269842798245f,0.8401440950161337f,-0.14020846890601862f,0.20729142074877063f,0.7457205381241797f,0.5319837385108802f,0.4011161689333548f,4.163442506384158f,0.41158400620436214f,0.10559924985296569f,-0.9052333424411952f,2.8244770730512556f,0f,0f,0f,1f], start_interpolation: 0, interpolation_duration: 1 }
$data merge entity $(bone_head1) { transformation: [-1.0475995299198422f,0.016251716728027377f,-0.030762064954912058f,0.054533472320909285f,9.091486967196152e-19f,0.9267904986626836f,0.48962696985945026f,4.61778440696162f,0.034791133021191946f,0.4893571817365501f,-0.9262798301653422f,1.608248928070712f,0f,0f,0f,1f], start_interpolation: 0, interpolation_duration: 1 }
$data merge entity $(bone_neck10) { transformation: [-1.4965707570283466f,0.020265690786415703f,-0.045382294659685476f,0.016118880139958672f,1.2987838524565938e-18f,1.3672645045042942f,0.6105588066735707f,4.642628205365251f,0.0497016186017028f,0.6102223842039916f,-1.3665111315349006f,0.4515430315908978f,0f,0f,0f,1f], start_interpolation: 0, interpolation_duration: 1 }
$data merge entity $(bone_neck9) { transformation: [-1.1448766291266859f,0.017760804709915652f,-0.03361854241501107f,-0.004869471822923483f,9.935696471292949e-19f,1.012849616395648f,0.5350923313463998f,3.3255114231283276f,0.03802173823030267f,0.5347974914692302f,-1.0122915286806966f,-0.18043948064043994f,0f,0f,0f,1f], start_interpolation: 0, interpolation_duration: 1 }
$data merge entity $(bone_neck8) { transformation: [-1.0625652374901262f,-0.008926249242053505f,-0.03414052648889563f,0.0028652341011685574f,9.221365352441817e-19f,1.0285757999544738f,-0.2689274272827767f,2.566535539464289f,0.035288149207209f,-0.26877924625871297f,-1.0280090469947463f,0.0524610772462899f,0f,0f,0f,1f], start_interpolation: 0, interpolation_duration: 1 }
$data merge entity $(bone_neck7) { transformation: [-1.0550823837049845f,-0.017871382310756214f,-0.030139511338353825f,0.01967179159916556f,9.156426159818987e-19f,0.9080343853269914f,-0.5384237809735345f,1.756298728826775f,0.03503964111420048f,-0.5381271054427007f,-0.9075340515883976f,0.5585251287891921f,0f,0f,0f,1f], start_interpolation: 0, interpolation_duration: 1 }
$data merge entity $(bone_neck6) { transformation: [-1.0490961006768709f,-0.011207241209939487f,-0.03298911188346362f,0.029294540746730532f,9.104474805720722e-19f,0.9938863173758525f,-0.3376484863684109f,0.8751832984113666f,0.034840834639793664f,-0.33746243952674376f,-0.9933386785805102f,0.8482767582456179f,0f,0f,0f,1f], start_interpolation: 0, interpolation_duration: 1 }
$data merge entity $(bone_neck_spine6) { transformation: [-1.2720238421422996f,-0.040773797507551446f,0.016679657522409193f,-0.11829848480601488f,0.02174150377397419f,-0.1619094174212341f,1.262259092294713f,0.4014258527367985f,-0.03831475632048232f,1.2617877026282351f,0.16250889655945677f,-1.8124132867729794f,0f,0f,0f,1f], start_interpolation: 0, interpolation_duration: 1 }
$data merge entity $(bone_neck_spine7) { transformation: [-0.9682001415629559f,-0.1947545486713748f,0.15703232676516415f,0.3266723123534372f,0.05294268077268487f,0.4539679003196221f,0.8894437688982904f,0.42870289313462434f,-0.24451085544423945f,0.8694732953065336f,-0.4292209574551591f,-5.538522948874263f,0f,0f,0f,1f], start_interpolation: 0, interpolation_duration: 1 }
$data merge entity $(bone_tail6) { transformation: [-1.5640249808604236f,-0.7195896681109643f,0.03631124233114801f,1.7625375749091312f,-0.33042882606245655f,0.7934809572706009f,1.492148350159275f,-1.361095756194649f,-0.640269152527799f,1.3482880321073865f,-0.8587646547945782f,-8.734972061215213f,0f,0f,0f,1f], start_interpolation: 0, interpolation_duration: 1 }
$data merge entity $(bone_tail5) { transformation: [-1.2920206363629587f,-0.5944436388742748f,0.0299962436648614f,1.387099487199063f,-0.27296294326898585f,0.6554842690496268f,1.2326442892620098f,-0.9471056915317269f,-0.5289179955664427f,1.1138031569582758f,-0.7094142800476949f,-8.031517435767881f,0f,0f,0f,1f], start_interpolation: 0, interpolation_duration: 1 }
$data merge entity $(bone_tail4) { transformation: [-0.9520152057411273f,-0.43801110232841295f,0.022102495332003133f,1.199380443344029f,-0.20113058977714743f,0.4829884087734091f,0.908264213140428f,-0.7401106592002658f,-0.38972904936474717f,0.8206970630218873f,-0.522726311614091f,-7.679790123044215f,0f,0f,0f,1f], start_interpolation: 0, interpolation_duration: 1 }
$data merge entity $(bone_segment18) { transformation: [-0.9082579851045787f,-0.4181191616353705f,-0.015614069524183774f,0.9645967344179176f,-0.19188607819732825f,0.38308157923327935f,0.9035641851280881f,-0.5250013739862661f,-0.37181603715792033f,0.8236655087627933f,-0.4281681494304644f,-7.217282635213545f,0f,0f,0f,1f], start_interpolation: 0, interpolation_duration: 1 }
$data merge entity $(bone_segment17) { transformation: [-0.9039660103551282f,-0.4121248156238225f,0.1140113523718689f,0.663753668325332f,0.004805194094823138f,0.25682076219898897f,0.9664471047156392f,-0.3375272336115156f,-0.42757731725659076f,0.874183180146221f,-0.2301769000510177f,-6.57914598759704f,0f,0f,0f,1f], start_interpolation: 0, interpolation_duration: 1 }
$data merge entity $(bone_segment16) { transformation: [-0.9343962033817592f,-0.33349267069463395f,0.12524525419637444f,0.34540495191517084f,0.027965456409723106f,0.2818252646051656f,0.9590581074564901f,-0.0684996983072679f,-0.35513612651144055f,0.8996427951265927f,-0.2540101825188536f,-5.720356112366332f,0f,0f,0f,1f], start_interpolation: 0, interpolation_duration: 1 }
$data merge entity $(bone_segment15) { transformation: [-0.9682001415629559f,-0.22876140521253904f,0.10127539366823854f,0.07564968160839267f,0.05294268077268487f,0.20829433228630168f,0.9766322458786652f,0.17712081559479192f,-0.24451085544423945f,0.9509372695517765f,-0.18955935995708048f,-4.599011627030619f,0f,0f,0f,1f], start_interpolation: 0, interpolation_duration: 1 }
$data merge entity $(bone_segment14) { transformation: [-1.0388328548707975f,-0.13345135761223179f,0.041136757499987735f,-0.07448309570536807f,0.04882026053394071f,-0.0577730858276878f,1.045444427380297f,0.11212609403864315f,-0.13083607999156321f,1.0380405597714237f,0.06347373052722205f,-3.431215997287768f,0f,0f,0f,1f], start_interpolation: 0, interpolation_duration: 1 }
$data merge entity $(bone_segment13) { transformation: [-1.025101566902912f,-0.034693834901261225f,0.007531744567245308f,-0.1164737996419486f,0.017521094217849788f,-0.3051381986677519f,0.9791206783611491f,-0.2821765214813628f,-0.030877185975918105f,0.9786626739366489f,0.30554800253407777f,-2.260898107825371f,0f,0f,0f,1f], start_interpolation: 0, interpolation_duration: 1 }
$data merge entity $(bone_segment12) { transformation: [-1.1145859391641888f,0.042785141860806716f,0.018479638662869554f,-0.06478705108526933f,0.017721882328479165f,-0.02002237804912804f,1.115239400512585f,-0.3063646291917188f,0.04310452755680214f,1.1145592928170691f,0.01932520868959584f,-0.9144506399926698f,0f,0f,0f,1f], start_interpolation: 0, interpolation_duration: 1 }
$data merge entity $(bone_segment11) { transformation: [-1.1887823281306875f,0.062325566521354216f,-0.005911088167304992f,0.005942505610455305f,0.02522322420084366f,0.5796849287451755f,1.039447936756797f,0.363581982452453f,0.0572992684634226f,1.0378842652361775f,-0.5802033149595612f,0.28505394162728404f,0f,0f,0f,1f], start_interpolation: 0, interpolation_duration: 1 }
$data merge entity $(bone_segment10) { transformation: [-1.0475995299198426f,0.02006719158538708f,-0.028420604475866525f,0.031126979824721235f,9.091486967196156e-19f,0.8562476619527877f,0.6045784807827337f,1.2401054018358248f,0.03479113302119196f,0.6042453535174545f,-0.8557758630861482f,0.903453527439668f,0f,0f,0f,1f], start_interpolation: 0, interpolation_duration: 1 }