# This file was generated by Animated Java via MC-Build. It is not recommended to edit this file directly.
$data merge entity $(bone_neck_spine5) { transformation: [-1.366476604342262f,0.009988773265674851f,-0.042936864698515764f,0.08348205161879552f,0f,1.3316279489372616f,0.3097880981661372f,3.6935382752777532f,0.044083442940538446f,0.30962701783603985f,-1.3309355431577894f,-0.4973529286657619f,0f,0f,0f,1f], start_interpolation: 0, interpolation_duration: 1 }
$data merge entity $(bone_neck_spine2) { transformation: [-1.3014062898497731f,0.012319165088794895f,-0.04013619134157753f,0.0410269387956413f,0f,1.244768907315813f,0.38206200324586187f,4.694340384059457f,0.04198423137194137f,0.38186334269703887f,-1.2441216655796956f,1.2153192414993905f,0f,0f,0f,1f], start_interpolation: 0, interpolation_duration: 1 }
$data merge entity $(bone_scale_neck_left1) { transformation: [-1.377799369465288f,0.3889243328398441f,0.043199296625230726f,0.7159415894822531f,0.33715728129799305f,1.0995945463950167f,0.8536253391323743f,3.9533435261893004f,0.19862850644250077f,0.8313176981552826f,-1.1493115415608606f,0.9352651176939422f,0f,0f,0f,1f], start_interpolation: 0, interpolation_duration: 1 }
$data merge entity $(bone_scale_neck_right1) { transformation: [-1.387736911428764f,-0.3345336712972935f,-0.11718748153828663f,-0.6505350148600088f,-0.33715728129799305f,1.0995945463950167f,0.8536253391323743f,3.9533435261893004f,-0.1094104690085822f,0.854656933926982f,-1.1441373575601097f,0.9793485606344807f,0f,0f,0f,1f], start_interpolation: 0, interpolation_duration: 1 }
$data merge entity $(bone_blush_right1) { transformation: [-0.9994800306046258f,0.015185402434726119f,-0.028444190539928284f,-0.5100021735905922f,0f,0.8821575439618603f,0.47095442203166377f,3.263306050075949f,0.032243889693650975f,0.47070954014559135f,-0.8816988490371017f,2.003973499089624f,0f,0f,0f,1f], start_interpolation: 0, interpolation_duration: 1 }
$data merge entity $(bone_blush_left1) { transformation: [-0.9994800306046258f,0.015185402434726119f,-0.028444190539928284f,0.641742392926457f,0f,0.8821575439618603f,0.47095442203166377f,3.263306050075949f,0.032243889693650975f,0.47070954014559135f,-0.8816988490371017f,1.966817454325456f,0f,0f,0f,1f], start_interpolation: 0, interpolation_duration: 1 }
$data merge entity $(bone_left_head_scales) { transformation: [-0.8734155491551987f,0.015185402434726119f,-0.48673882323769707f,0.6514199761292337f,-0.21746255127002764f,0.8821575439618603f,0.4177416742752739f,3.984240084535218f,0.43572390029587926f,0.47070954014559135f,-0.7671878593453321f,1.9639308967421674f,0f,0f,0f,1f], start_interpolation: 0, interpolation_duration: 1 }
$data merge entity $(bone_left_head_scales2) { transformation: [-0.802411192851021f,0.015185402434726119f,-0.5965783109871635f,0.6437230099507263f,-0.2701283590726883f,0.8821575439618603f,0.38578327757417796f,3.2260670391502204f,0.5321343319239027f,0.47070954014559135f,-0.7037510792914125f,1.7253441733428432f,0f,0f,0f,1f], start_interpolation: 0, interpolation_duration: 1 }
$data merge entity $(bone_left_head_scales1) { transformation: [-0.9994800306046258f,0.015185402434726119f,-0.028444190539928284f,0.6499370266727176f,0f,0.8821575439618603f,0.47095442203166377f,3.8980918868826926f,0.032243889693650975f,0.47070954014559135f,-0.8816988490371017f,1.9179631682123244f,0f,0f,0f,1f], start_interpolation: 0, interpolation_duration: 1 }
$data merge entity $(bone_right_head_scales) { transformation: [-0.8996836802280086f,0.015185402434726119f,0.4362782129378933f,-0.519845684735562f,0.21746255127002764f,0.8821575439618603f,0.4177416742752739f,3.984240084535218f,-0.37852254137173524f,0.47070954014559135f,-0.7969650020480255f,2.0017167049769147f,0f,0f,0f,1f], start_interpolation: 0, interpolation_duration: 1 }
$data merge entity $(bone_right_head_scales2) { transformation: [-0.8350410277405854f,0.015185402434726119f,0.5499780773293078f,-0.5275426509140695f,0.2701283590726883f,0.8821575439618603f,0.38578327757417796f,3.2260670391502204f,-0.4793090356071368f,0.47070954014559135f,-0.7407397499805736f,1.7631299815775905f,0f,0f,0f,1f], start_interpolation: 0, interpolation_duration: 1 }
$data merge entity $(bone_right_head_scales1) { transformation: [-0.9994800306046258f,0.015185402434726119f,-0.028444190539928284f,-0.5213286341920782f,0f,0.8821575439618603f,0.47095442203166377f,3.8980918868826926f,0.032243889693650975f,0.47070954014559135f,-0.8816988490371017f,1.9557489764470717f,0f,0f,0f,1f], start_interpolation: 0, interpolation_duration: 1 }
$data merge entity $(bone_head_left_fin1) { transformation: [-0.6704933017370235f,0.025581307099461444f,-0.7414744291294663f,0.6422926651082184f,-0.09466189618761925f,0.9882873507500403f,0.11969644003741822f,3.6095300062690954f,0.7358517906045682f,0.15044503672288417f,-0.6602184738323376f,1.6810070564333255f,0f,0f,0f,1f], start_interpolation: 0, interpolation_duration: 1 }
$data merge entity $(bone_head_right_fin1) { transformation: [-0.7165278939039214f,-0.015831293280536306f,0.6973787689704044f,-0.5289729957565774f,0.09466189618761925f,0.9882873507500403f,0.11969644003741822f,3.6095300062690954f,-0.6911055655019538f,0.15178103471953458f,-0.7066368337637745f,1.7187928646680728f,0f,0f,0f,1f], start_interpolation: 0, interpolation_duration: 1 }
$data merge entity $(bone_right_whisker16) { transformation: [0.25463548340296493f,0.9096574638297743f,-0.3281525088901826f,-0.9867983556810149f,0.9561643565740559f,-0.2875759396759392f,-0.0552250136878395f,1.229032764588265f,-0.14460461199235577f,-0.29970548446480527f,-0.9430090820200285f,1.7389535117013848f,0f,0f,0f,1f], start_interpolation: 0, interpolation_duration: 1 }
$data merge entity $(bone_right_whisker15) { transformation: [-0.8686386180716614f,0.3711911665215553f,-0.3281525088901826f,-0.7323143855428328f,0.4099201802466017f,0.9104480455741398f,-0.0552250136878395f,1.1089389617816434f,0.27826677311735937f,-0.18248691516543158f,-0.9430090820200285f,1.6574300430146585f,0f,0f,0f,1f], start_interpolation: 0, interpolation_duration: 1 }
$data merge entity $(bone_right_whisker14) { transformation: [-0.7035159875479922f,-0.6303817781102591f,-0.3281525088901826f,-0.526206186065882f,-0.6519063993678889f,0.7562858218467222f,-0.0552250136878395f,1.2999271647214545f,0.28298993220177915f,0.17507304047218641f,-0.9430090820200285f,1.5745228363149184f,0f,0f,0f,1f], start_interpolation: 0, interpolation_duration: 1 }
$data merge entity $(bone_right_whisker13) { transformation: [-0.09846511912113759f,-0.9899595791975331f,-0.10141327265946813f,-0.49735898319836125f,-0.9861498462640466f,0.08339982002207041f,0.1433630033644776f,1.5888382524941245f,-0.1334657297955442f,0.11412493844611563f,-0.9844604600464222f,1.6136241243409568f,0f,0f,0f,1f], start_interpolation: 0, interpolation_duration: 1 }
$data merge entity $(bone_right_whisker12) { transformation: [0.055617639661100456f,-0.9954244109328156f,-0.07769762079745551f,-0.5190846236909786f,-0.9320716550128443f,-0.07966298405546493f,0.3534066197639708f,1.9529287427335167f,-0.3579792006250437f,0.0527641079753646f,-0.9322375452798599f,1.7534597495851145f,0f,0f,0f,1f], start_interpolation: 0, interpolation_duration: 1 }
$data merge entity $(bone_right_whisker11) { transformation: [0.29004572062929374f,-0.9552912439811312f,-0.057376991186509504f,-0.6323837333117965f,-0.954371423822566f,-0.2931762134575821f,0.05677053155962389f,2.3257300801642065f,-0.07105396073071332f,0.038292911036604586f,-0.9967371707871744f,1.7812152029955495f,0f,0f,0f,1f], start_interpolation: 0, interpolation_duration: 1 }
$data merge entity $(bone_right_whisker10) { transformation: [0.07661209756222498f,-0.9955120123910748f,0.055555555007478455f,-0.6623103339220406f,-0.978933258807226f,-0.08567900359602425f,-0.18533424708848895f,2.708125884385779f,0.18926241388131093f,-0.040186335088750254f,-0.9811038666542672f,1.7072845725731625f,0f,0f,0f,1f], start_interpolation: 0, interpolation_duration: 1 }
$data merge entity $(bone_right_whisker1) { transformation: [-0.3428662664048749f,-0.9390559126256828f,0.02483377386398459f,-0.5283781986076364f,-0.9362509744573135f,0.3437606149025913f,0.07254483075673451f,3.0738489212831674f,-0.07666052562637649f,0.0016225302889269488f,-0.9970559318343928f,1.7372300903959659f,0f,0f,0f,1f], start_interpolation: 0, interpolation_duration: 1 }
$data merge entity $(bone_left_whisker16) { transformation: [0.2634263919424222f,-0.9270832710861968f,0.2666892283169962f,1.1004654912311127f,-0.9561643565740559f,-0.2875759396759392f,-0.0552250136878395f,1.229032764588265f,0.12789159177021336f,-0.24045100829819377f,-0.9621990715869889f,1.671616993531365f,0f,0f,0f,1f], start_interpolation: 0, interpolation_duration: 1 }
$data merge entity $(bone_left_whisker15) { transformation: [-0.8847679013135219f,-0.38218139188734873f,0.2666892283169962f,0.8412561451431668f,-0.4099201802466017f,0.9104480455741398f,-0.0552250136878395f,1.1089389617816434f,-0.22170071409866846f,-0.15818261600213035f,-0.9621990715869889f,1.6066656124477707f,0f,0f,0f,1f], start_interpolation: 0, interpolation_duration: 1 }
$data merge entity $(bone_left_whisker14) { transformation: [-0.720293044025097f,0.640355203171447f,0.2666892283169962f,0.6302327924014393f,0.6519063993678889f,0.7562858218467222f,-0.0552250136878395f,1.2999271647214545f,-0.23705690707560995f,0.1340782213667924f,-0.9621990715869889f,1.5372153467029632f,0f,0f,0f,1f], start_interpolation: 0, interpolation_duration: 1 }
$data merge entity $(bone_left_whisker13) { transformation: [-0.08965794376119543f,0.9952569568224345f,0.03774974194694994f,0.6039658166901515f,0.9861498462640466f,0.08339982002207041f,0.1433630033644776f,1.5888382524941245f,0.1395347047651994f,0.050080534310580516f,-0.9889499513368994f,1.5780946547396428f,0f,0f,0f,1f], start_interpolation: 0, interpolation_duration: 1 }
$data merge entity $(bone_left_whisker12) { transformation: [0.07857527192784772f,0.9967554591645379f,0.017449391598457813f,0.634659282286967f,0.9320716550128443f,-0.07966298405546493f,0.3534066197639708f,1.9529287427335167f,0.3536500481593098f,-0.011504937942913742f,-0.9353070511013204f,1.7162392048018733f,0f,0f,0f,1f], start_interpolation: 0, interpolation_duration: 1 }
$data merge entity $(bone_left_whisker11) { transformation: [0.2940223474617254f,0.955773012473376f,-0.006986259418636218f,0.7495117617642035f,0.954371423822566f,-0.2931762134575821f,0.05677053155962389f,2.3257300801642065f,0.052211536885868715f,-0.023359291304368333f,-0.9983628092661373f,1.7366343363979158f,0f,0f,0f,1f], start_interpolation: 0, interpolation_duration: 1 }
$data merge entity $(bone_left_whisker10) { transformation: [0.06425402869741245f,0.9908518275873237f,-0.11867634795110968f,0.7746109917241303f,0.978933258807226f,-0.08567900359602425f,-0.18533424708848895f,2.708125884385779f,-0.19380684868501583f,-0.10426775201208302f,-0.9754830297309792f,1.6609285361303314f,0f,0f,0f,1f], start_interpolation: 0, interpolation_duration: 1 }
$data merge entity $(bone_left_whisker1) { transformation: [-0.3372122354354454f,0.9372078780360704f,-0.08904662609979212f,0.6428874622571594f,0.9362509744573135f,0.3437606149025913f,0.07254483075673451f,3.0738489212831674f,0.09860030983907087f,-0.058906985909301934f,-0.993382074486308f,1.6994442821612186f,0f,0f,0f,1f], start_interpolation: 0, interpolation_duration: 1 }
$data merge entity $(bone_upper_left_tooth1) { transformation: [-0.9994800306046258f,0.012648542840500283f,-0.029659446835508595f,0.35417093014966455f,0f,0.9198470506289049f,0.39227720230635993f,3.027666660981333f,0.032243889693650975f,0.39207323016665785f,-0.9193687583141528f,2.5931552124158195f,0f,0f,0f,1f], start_interpolation: 0, interpolation_duration: 1 }
$data merge entity $(bone_upper_right_tooth1) { transformation: [-0.9994800306046258f,0.012648542840500283f,-0.029659446835508595f,-0.23146190028273333f,0f,0.9198470506289049f,0.39227720230635993f,3.027666660981333f,0.032243889693650975f,0.39207323016665785f,-0.9193687583141528f,2.612048116533193f,0f,0f,0f,1f], start_interpolation: 0, interpolation_duration: 1 }
$data merge entity $(bone_top_lip1) { transformation: [-0.9994800306046258f,-0.001138609010720014f,-0.032223779916344994f,0.08711492539360277f,0f,0.999376322847614f,-0.03531239628772881f,3.12647835587311f,0.032243889693650975f,-0.035294034922381645f,-0.9988566777452719f,2.643931691581876f,0f,0f,0f,1f], start_interpolation: 0, interpolation_duration: 1 }
$data merge entity $(bone_muzzle1) { transformation: [-0.9994800306046258f,0.012648542840500283f,-0.029659446835508595f,0.07448558751110351f,0f,0.9198470506289049f,0.39227720230635993f,3.452763178868731f,0.032243889693650975f,0.39207323016665785f,-0.9193687583141528f,2.2524537671364877f,0f,0f,0f,1f], start_interpolation: 0, interpolation_duration: 1 }
$data merge entity $(bone_jaw_right_tooth1) { transformation: [-0.9994800306046258f,-0.005050810810373567f,-0.03184584325676029f,-0.23197282826851356f,0f,0.9876551358824099f,-0.15664396753497495f,2.873170981488512f,0.032243889693650975f,-0.1565625174658867f,-0.9871415854385671f,2.59621062534599f,0f,0f,0f,1f], start_interpolation: 0, interpolation_duration: 1 }
$data merge entity $(bone_jaw_left_tooth1) { transformation: [-0.9994800306046258f,-0.005050810810373567f,-0.03184584325676029f,0.40246273803325083f,0f,0.9876551358824099f,-0.15664396753497495f,2.873170981488512f,0.032243889693650975f,-0.1565625174658867f,-0.9871415854385671f,2.5757433125521683f,0f,0f,0f,1f], start_interpolation: 0, interpolation_duration: 1 }
$data merge entity $(bone_tongue1) { transformation: [-0.9994800306046258f,0.009233531738448889f,-0.030893531915457458f,0.06364483483131586f,0f,0.9581205062099128f,0.2863653183960315f,3.0669547684456275f,0.032243889693650975f,0.2862164171945691f,-0.9576223128696033f,1.9164175158307135f,0f,0f,0f,1f], start_interpolation: 0, interpolation_duration: 1 }
$data merge entity $(bone_jaw_lips1) { transformation: [-0.9994800306046258f,0.009233531738448889f,-0.030893531915457458f,0.13554617649870432f,0f,0.9581205062099128f,0.2863653183960315f,2.73563073882414f,0.032243889693650975f,0.2862164171945691f,-0.9576223128696033f,2.6308421832358677f,0f,0f,0f,1f], start_interpolation: 0, interpolation_duration: 1 }
$data merge entity $(bone_jaw3) { transformation: [-0.9994800306046258f,0.0005558950027493639f,-0.03223909743343088f,0.11031866648909756f,0f,0.9998513746242894f,0.01724032081832899f,2.67586812515754f,0.032243889693650975f,0.01723135637913714f,-0.999331482509562f,1.8488523949056739f,0f,0f,0f,1f], start_interpolation: 0, interpolation_duration: 1 }
$data merge entity $(bone_jaw1) { transformation: [-0.9994800306046258f,0.02318956154058459f,-0.022403407288441007f,0.09281600454500302f,0f,0.694810939415054f,0.7191924349359983f,3.2377372149512884f,0.032243889693650975f,0.7188184768804471f,-0.694449658990987f,1.3063135988189651f,0f,0f,0f,1f], start_interpolation: 0, interpolation_duration: 1 }
$data merge entity $(bone_tear_right1) { transformation: [-0.9994800306046258f,0.015185402434726119f,-0.028444190539928284f,-0.45350913693924544f,0f,0.8821575439618603f,0.47095442203166377f,3.5234322633609114f,0.032243889693650975f,0.47070954014559135f,-0.8816988490371017f,2.240779203171278f,0f,0f,0f,1f], start_interpolation: 0, interpolation_duration: 1 }
$data merge entity $(bone_right_pupil1) { transformation: [-0.9994800306046258f,0.015185402434726119f,-0.028444190539928284f,-0.28931081966188044f,0f,0.8821575439618603f,0.47095442203166377f,3.5819854753475187f,0.032243889693650975f,0.47070954014559135f,-0.8816988490371017f,2.3332134350808262f,0f,0f,0f,1f], start_interpolation: 0, interpolation_duration: 1 }
$data merge entity $(bone_right_sad_pupil1) { transformation: [-0.9994800306046258f,0.015185402434726119f,-0.028444190539928284f,-0.2895885949601219f,0f,0.8821575439618603f,0.47095442203166377f,3.5865846396251717f,0.032243889693650975f,0.47070954014559135f,-0.8816988490371017f,2.3246030947581984f,0f,0f,0f,1f], start_interpolation: 0, interpolation_duration: 1 }
$data merge entity $(bone_right_happy_pupil1) { transformation: [-0.9994800306046258f,0.015185402434726119f,-0.028444190539928284f,-0.31436038317598636f,0f,0.8821575439618603f,0.47095442203166377f,3.565047865886273f,0.032243889693650975f,0.47070954014559135f,-0.8816988490371017f,2.3138985039844773f,0f,0f,0f,1f], start_interpolation: 0, interpolation_duration: 1 }
$data merge entity $(bone_eyelid_right1) { transformation: [-0.9994800306046258f,0.015185402434726119f,-0.028444190539928284f,0.0715625439311772f,0f,0.8821575439618603f,0.47095442203166377f,3.7734687546815575f,0.032243889693650975f,0.47070954014559135f,-0.8816988490371017f,1.858979257477016f,0f,0f,0f,1f], start_interpolation: 0, interpolation_duration: 1 }
$data merge entity $(bone_eyelid_expressions_right5) { transformation: [-0.9994800306046258f,0.015185402434726119f,-0.028444190539928284f,-0.4003516256656391f,0f,0.8821575439618603f,0.47095442203166377f,3.6727328372776973f,0.032243889693650975f,0.47070954014559135f,-0.8816988490371017f,2.3741919531676556f,0f,0f,0f,1f], start_interpolation: 0, interpolation_duration: 1 }
$data merge entity $(bone_eyelid_expressions_right7) { transformation: [-0.9994800306046258f,0.015185402434726119f,-0.028444190539928284f,-0.10753521044944012f,0f,0.8821575439618603f,0.47095442203166377f,3.6727328372776973f,0.032243889693650975f,0.47070954014559135f,-0.8816988490371017f,2.364745501108969f,0f,0f,0f,1f], start_interpolation: 0, interpolation_duration: 1 }
$data merge entity $(bone_eyelid_expressions_right6) { transformation: [-0.9994800306046258f,0.015185402434726119f,-0.028444190539928284f,-0.2051406821881731f,0f,0.8821575439618603f,0.47095442203166377f,3.6727328372776973f,0.032243889693650975f,0.47070954014559135f,-0.8816988490371017f,2.3678943184618646f,0f,0f,0f,1f], start_interpolation: 0, interpolation_duration: 1 }
$data merge entity $(bone_right_eye1) { transformation: [-0.9994800306046258f,0.015185402434726119f,-0.028444190539928284f,0.06207977205554538f,0f,0.8821575439618603f,0.47095442203166377f,3.7688695904039045f,0.032243889693650975f,0.47070954014559135f,-0.8816988490371017f,1.8679044795349335f,0f,0f,0f,1f], start_interpolation: 0, interpolation_duration: 1 }
$data merge entity $(bone_tear_left1) { transformation: [-0.9994800306046258f,0.015185402434726119f,-0.028444190539928284f,0.6006299578390708f,0f,0.8821575439618603f,0.47095442203166377f,3.5234322633609114f,0.032243889693650975f,0.47070954014559135f,-0.8816988490371017f,2.2067719757600055f,0f,0f,0f,1f], start_interpolation: 0, interpolation_duration: 1 }
$data merge entity $(bone_left_sad_pupil1) { transformation: [-0.9994800306046258f,0.015185402434726119f,-0.028444190539928284f,0.4424524430803755f,0f,0.8821575439618603f,0.47095442203166377f,3.5865846396251717f,0.032243889693650975f,0.47070954014559135f,-0.8816988490371017f,2.3009869646114813f,0f,0f,0f,1f], start_interpolation: 0, interpolation_duration: 1 }
$data merge entity $(bone_left_pupil1) { transformation: [-0.9994800306046258f,0.015185402434726119f,-0.028444190539928284f,0.442730218378617f,0f,0.8821575439618603f,0.47095442203166377f,3.5819854753475187f,0.032243889693650975f,0.47070954014559135f,-0.8816988490371017f,2.309597304934109f,0f,0f,0f,1f], start_interpolation: 0, interpolation_duration: 1 }
$data merge entity $(bone_eyelid_left1) { transformation: [-0.9994800306046258f,0.015185402434726119f,-0.028444190539928284f,0.05204144958343059f,0f,0.8821575439618603f,0.47095442203166377f,3.7734687546815575f,0.032243889693650975f,0.47070954014559135f,-0.8816988490371017f,1.859609020947595f,0f,0f,0f,1f], start_interpolation: 0, interpolation_duration: 1 }
$data merge entity $(bone_left_happy_pupil1) { transformation: [-0.9994800306046258f,0.015185402434726119f,-0.028444190539928284f,0.46648339073387757f,0f,0.8821575439618603f,0.47095442203166377f,3.565047865886273f,0.032243889693650975f,0.47070954014559135f,-0.8816988490371017f,2.2887079651613127f,0f,0f,0f,1f], start_interpolation: 0, interpolation_duration: 1 }
$data merge entity $(bone_eyelid_expressions_left5) { transformation: [-0.9994800306046258f,0.015185402434726119f,-0.028444190539928284f,0.5561819973739442f,0f,0.8821575439618603f,0.47095442203166377f,3.6727328372776973f,0.032243889693650975f,0.47070954014559135f,-0.8816988490371017f,2.3433335431092788f,0f,0f,0f,1f], start_interpolation: 0, interpolation_duration: 1 }
$data merge entity $(bone_eyelid_expressions_left7) { transformation: [-0.9994800306046258f,0.015185402434726119f,-0.028444190539928284f,0.2633655821577452f,0f,0.8821575439618603f,0.47095442203166377f,3.6727328372776973f,0.032243889693650975f,0.47070954014559135f,-0.8816988490371017f,2.3527799951679658f,0f,0f,0f,1f], start_interpolation: 0, interpolation_duration: 1 }
$data merge entity $(bone_eyelid_expressions_left6) { transformation: [-0.9994800306046258f,0.015185402434726119f,-0.028444190539928284f,0.3609710538964782f,0f,0.8821575439618603f,0.47095442203166377f,3.6727328372776973f,0.032243889693650975f,0.47070954014559135f,-0.8816988490371017f,2.3496311778150702f,0f,0f,0f,1f], start_interpolation: 0, interpolation_duration: 1 }
$data merge entity $(bone_left_eye1) { transformation: [-0.9994800306046258f,0.015185402434726119f,-0.028444190539928284f,0.06207977205554538f,0f,0.8821575439618603f,0.47095442203166377f,3.7688695904039045f,0.032243889693650975f,0.47070954014559135f,-0.8816988490371017f,1.8679044795349335f,0f,0f,0f,1f], start_interpolation: 0, interpolation_duration: 1 }
$data merge entity $(bone_crest_middle5) { transformation: [-0.9994800306046258f,0.008668998144288507f,-0.031056672290357412f,0.09216957219453183f,0f,0.963180081107667f,0.26885708351729926f,4.636591343787279f,0.032243889693650975f,0.2687172860621409f,-0.962679256943257f,2.8006131151721236f,0f,0f,0f,1f], start_interpolation: 0, interpolation_duration: 1 }
$data merge entity $(bone_crest_middle4) { transformation: [-0.9994800306046258f,0.008668998144288507f,-0.031056672290357412f,0.08709008109436278f,0f,0.963180081107667f,0.26885708351729926f,4.0722280150132555f,0.032243889693650975f,0.2687172860621409f,-0.962679256943257f,2.643161580370088f,0f,0f,0f,1f], start_interpolation: 0, interpolation_duration: 1 }
$data merge entity $(bone_crest_middle1) { transformation: [-0.9994800306046258f,0.008668998144288507f,-0.031056672290357412f,0.0855551310894625f,0f,0.963180081107667f,0.26885708351729926f,3.6292637534932224f,0.032243889693650975f,0.2687172860621409f,-0.962679256943257f,2.595581964745228f,0f,0f,0f,1f], start_interpolation: 0, interpolation_duration: 1 }
$data merge entity $(bone_crest_left5) { transformation: [-0.549827467509011f,-0.8313647325138177f,0.0807616091026897f,-0.8737932729519509f,-0.7440041264367376f,0.5313998008473875f,0.40505815817542035f,4.104182074933371f,-0.379667770317332f,0.16262513087338393f,-0.910716998298967f,2.6448643327948815f,0f,0f,0f,1f], start_interpolation: 0, interpolation_duration: 1 }
$data merge entity $(bone_crest_left4) { transformation: [-0.549827467509011f,-0.8313647325138177f,0.0807616091026897f,-0.46785346215418827f,-0.7440041264367376f,0.5313998008473875f,0.40505815817542035f,3.8447095159258575f,-0.379667770317332f,0.16262513087338393f,-0.910716998298967f,2.565457530610612f,0f,0f,0f,1f], start_interpolation: 0, interpolation_duration: 1 }
$data merge entity $(bone_crest_left1) { transformation: [-0.549827467509011f,-0.8313647325138177f,0.0807616091026897f,-0.017376232332182162f,-0.7440041264367376f,0.5313998008473875f,0.40505815817542035f,3.579067931397252f,-0.379667770317332f,0.16262513087338393f,-0.910716998298967f,2.433641444775349f,0f,0f,0f,1f], start_interpolation: 0, interpolation_duration: 1 }
$data merge entity $(bone_crest_center1) { transformation: [-0.9994800306046258f,0.015185402434726119f,-0.028444190539928284f,0.07985850678786004f,0f,0.8821575439618603f,0.47095442203166377f,3.557531157658353f,0.032243889693650975f,0.47070954014559135f,-0.8816988490371017f,2.419000842386724f,0f,0f,0f,1f], start_interpolation: 0, interpolation_duration: 1 }
$data merge entity $(bone_crest_right5) { transformation: [-0.5242129904796627f,0.8401179256638435f,-0.13929325752041882f,1.0460851846053f,0.7440041264367376f,0.5313998008473875f,0.40505815817542035f,4.104182074933371f,0.41431702892528577f,0.10870199003531467f,-0.9036178821298783f,2.5829277784714857f,0f,0f,0f,1f], start_interpolation: 0, interpolation_duration: 1 }
$data merge entity $(bone_crest_right4) { transformation: [-0.5242129904796627f,0.8401179256638435f,-0.13929325752041882f,0.6358713537147515f,0.7440041264367376f,0.5313998008473875f,0.40505815817542035f,3.8447095159258575f,0.41431702892528577f,0.10870199003531467f,-0.9036178821298783f,2.529850634899555f,0f,0f,0f,1f], start_interpolation: 0, interpolation_duration: 1 }
$data merge entity $(bone_crest_right1) { transformation: [-0.5242129904796627f,0.8401179256638435f,-0.13929325752041882f,0.17783471114528382f,0.7440041264367376f,0.5313998008473875f,0.40505815817542035f,3.579067931397252f,0.41431702892528577f,0.10870199003531467f,-0.9036178821298783f,2.4273438100695577f,0f,0f,0f,1f], start_interpolation: 0, interpolation_duration: 1 }
$data merge entity $(bone_head1) { transformation: [-0.9994800306046258f,0.015185402434726119f,-0.028444190539928284f,0.046060655924005475f,0f,0.8821575439618603f,0.47095442203166377f,3.978749526848555f,0.032243889693650975f,0.47070954014559135f,-0.8816988490371017f,1.371351897525475f,0f,0f,0f,1f], start_interpolation: 0, interpolation_duration: 1 }
$data merge entity $(bone_neck10) { transformation: [-1.3014062898497731f,0.01745259714973286f,-0.03818484695035248f,0.013618173326959481f,0f,1.1842506382805082f,0.5412683555101412f,4.009128038665378f,0.04198423137194137f,0.5409869125305916f,-1.1836348641921504f,0.3657159830293904f,0f,0f,0f,1f], start_interpolation: 0, interpolation_duration: 1 }
$data merge entity $(bone_neck9) { transformation: [-0.9994800306046258f,0.015185402434726119f,-0.028444190539928287f,-0.004271293116543982f,0f,0.8821575439618603f,0.47095442203166377f,2.866205647794282f,0.032243889693650975f,0.4707095401455913f,-0.8816988490371017f,-0.1888127862454278f,0f,0f,0f,1f], start_interpolation: 0, interpolation_duration: 1 }
$data merge entity $(bone_neck8) { transformation: [-0.9994800306046258f,-0.008020763526864698f,-0.031230366232602023f,0.0022487799718250087f,0f,0.9685669604170453f,-0.24875297624045767f,2.24283366481799f,0.032243889693650975f,-0.2486236323058043f,-0.9680633352402579f,0.013293191408707716f,0f,0f,0f,1f], start_interpolation: 0, interpolation_duration: 1 }
$data merge entity $(bone_neck7) { transformation: [-0.9994800306046258f,-0.016276204707651586f,-0.027834395680361952f,0.01615080561422496f,0f,0.8632455930353439f,-0.5047841579378828f,1.5496568869105376f,0.032243889693650975f,-0.5045216856244853f,-0.8627967317462739f,0.4442212570529766f,0f,0f,0f,1f], start_interpolation: 0, interpolation_duration: 1 }
$data merge entity $(bone_neck6) { transformation: [-0.9994800306046258f,-0.010214732875537248f,-0.030583126963372308f,0.024005771613014273f,0f,0.9484937224988186f,-0.31679592544780955f,0.7921076930064168f,0.032243889693650975f,-0.3166312012619974f,-0.9480005347914147f,0.6877055801746417f,0f,0f,0f,1f], start_interpolation: 0, interpolation_duration: 1 }
$data merge entity $(bone_neck_spine6) { transformation: [-1.1062622770866013f,-0.027244901268844605f,0.019574656251897516f,-0.1044879492246341f,0.023111522945859227f,-0.15084176908152108f,1.0961999341930477f,0.4441606175739662f,-0.024316852585235273f,1.0961049920388874f,0.15134138437697742f,-1.6096166063813104f,0f,0f,0f,1f], start_interpolation: 0, interpolation_duration: 1 }
$data merge entity $(bone_neck_spine7) { transformation: [-0.9706138000647325f,-0.18379817495538367f,0.1553289477430706f,0.2515172986745775f,0.057745269167309286f,0.448723179248282f,0.8918032250973921f,0.4944245933806842f,-0.23361150445278675f,0.8745660291186623f,-0.4249234351020441f,-4.8538655312818015f,0f,0f,0f,1f], start_interpolation: 0, interpolation_duration: 1 }
$data merge entity $(bone_tail6) { transformation: [-1.3551147734176525f,-0.6369381366832865f,0.012963124147909537f,1.5055965641211912f,-0.32687980493853114f,0.7213161641567847f,1.2708449418137204f,-1.1047104020743692f,-0.5468160802981193f,1.1472606866133752f,-0.7918202908254092f,-7.608274254786792f,0f,0f,0f,1f], start_interpolation: 0, interpolation_duration: 1 }
$data merge entity $(bone_tail5) { transformation: [-1.1194426389102348f,-0.5261662868253236f,0.010708667774360053f,1.1732810145473023f,-0.270031143210091f,0.5958698747382135f,1.0498284301939431f,-0.728371533818655f,-0.45171763155062034f,0.947737088941484f,-0.6541124141601207f,-7.009703461771117f,0f,0f,0f,1f], start_interpolation: 0, interpolation_duration: 1 }
$data merge entity $(bone_tail4) { transformation: [-0.9049809965084845f,-0.4253639034545774f,0.008657112474430021f,1.007123239760358f,-0.21829886103721036f,0.48171375136731365f,0.8487034046199455f,-0.5402020996907981f,-0.3651780431903962f,0.7661706150600628f,-0.5287982463947081f,-6.71041806526328f,0f,0f,0f,1f], start_interpolation: 0, interpolation_duration: 1 }
$data merge entity $(bone_segment18) { transformation: [-0.9049809965084845f,-0.42449445955760456f,-0.028528052218951758f,0.7998505544294965f,-0.21829886103721036f,0.405745486056821f,0.8875337784075439f,-0.34208418657711603f,-0.3651780431903962f,0.8094288445252068f,-0.4598586113385525f,-6.315189137272456f,0f,0f,0f,1f], start_interpolation: 0, interpolation_duration: 1 }
$data merge entity $(bone_segment17) { transformation: [-0.9015409083028476f,-0.4154384534792989f,0.12097471647912521f,0.5361445048576758f,0.005634426764971362f,0.2682898276729427f,0.9633217643146309f,-0.17178302643315824f,-0.4326571898067876f,0.8691556015685288f,-0.2395334973871971f,-5.763479038620558f,0f,0f,0f,1f], start_interpolation: 0, interpolation_duration: 1 }
$data merge entity $(bone_segment16) { transformation: [-0.9362813467104936f,-0.3270708179644134f,0.12806998023765742f,0.2646501735395592f,0.03227285447911979f,0.2829654609510354f,0.9585869865445378f,0.06310041283283796f,-0.34976521077110284f,0.9016402985364274f,-0.25437977393925876f,-5.015047150187f,0f,0f,0f,1f], start_interpolation: 0, interpolation_duration: 1 }
$data merge entity $(bone_segment15) { transformation: [-0.9706138000647325f,-0.21773749394584258f,0.10246577406179855f,0.04138418853649797f,0.057745269167309286f,0.20261764855139908f,0.9775538718578619f,0.2708626501169874f,-0.23361150445278675f,0.9547441920355872f,-0.18409017562493574f,-4.036061406400509f,0f,0f,0f,1f], start_interpolation: 0, interpolation_duration: 1 }
$data merge entity $(bone_segment14) { transformation: [-0.9922277277643085f,-0.11689205698541331f,0.042665949765547384f,-0.07847583083331056f,0.05036334077816615f,-0.0637073142019621f,0.9966970011105858f,0.20553776739036617f,-0.11378782958357031f,0.9910992004491235f,0.06909923811279706f,-3.019797577814982f,0f,0f,0f,1f], start_interpolation: 0, interpolation_duration: 1 }
$data merge entity $(bone_segment13) { transformation: [-0.9995405044735408f,-0.02731377849483345f,0.013142960896030653f,-0.1081376727873829f,0.020881940732258686f,-0.30620906730989095f,0.9517352319045783f,-0.14663318015184112f,-0.021970991512306692f,0.9515723643536218f,0.30663873031700417f,-2.0050869033467666f,0f,0f,0f,1f], start_interpolation: 0, interpolation_duration: 1 }
$data merge entity $(bone_segment12) { transformation: [-0.9989182003288428f,0.04182493919201796f,0.020324948053309092f,-0.05912407217173683f,0.01924304846878654f,-0.026109375179760252f,0.9994738643973392f,-0.17723010419062268f,0.04233360529666289f,0.9987837478600193f,0.02527629073420079f,-0.8346371988233063f,0f,0f,0f,1f], start_interpolation: 0, interpolation_duration: 1 }
$data merge entity $(bone_segment11) { transformation: [-1.033684252777107f,0.0550615499563089f,-0.0036814658907939855f,0.003693767405195534f,0.023327455103846043f,0.49856712143221626f,0.9068820855983619f,0.39896269797620054f,0.05001157179167864f,0.9055095322840424f,-0.499098979706153f,0.2118639755721774f,0f,0f,0f,1f], start_interpolation: 0, interpolation_duration: 1 }
$data merge entity $(bone_segment10) { transformation: [-0.9994800306046258f,0.018736238929935478f,-0.026241603863649456f,0.025940409052201185f,0f,0.8138473401618351f,0.58107874415737f,1.1500227331537252f,0.032243889693650975f,0.5807766009941058f,-0.8134241644524443f,0.7476745077853864f,0f,0f,0f,1f], start_interpolation: 0, interpolation_duration: 1 }