# This file was generated by Animated Java via MC-Build. It is not recommended to edit this file directly.
$data merge entity $(bone_neck_spine5) { transformation: [-1.5715052332275221f,0.011294760574224903f,-0.04757022050320856f,0.09823746375282813f,0f,1.5297375856364537f,0.3632108404877212f,4.272444237807207f,0.048892714131585586f,0.3630351815339219f,-1.5289977616171067f,-0.5344303284024394f,0f,0f,0f,1f], start_interpolation: 0, interpolation_duration: 1 }
$data merge entity $(bone_neck_spine2) { transformation: [-1.4966716506928777f,0.014040930726716278f,-0.0443971165799245f,0.047412173578673486f,0f,1.4276986149688546f,0.45152070439797354f,5.410531162103637f,0.04656448964912911f,0.45130233631609923f,-1.427008139858836f,1.443381538072682f,0f,0f,0f,1f], start_interpolation: 0, interpolation_duration: 1 }
$data merge entity $(bone_scale_neck_left1) { transformation: [-1.5846280753536905f,0.4464987690905123f,0.051456708398297565f,0.8237082060450401f,0.3862108389304026f,1.2562451675862398f,0.9928465881729002f,4.5609384441884435f,0.22989156472390374f,0.9672342058439365f,-1.313264230972548f,1.1149825013481092f,0f,0f,0f,1f], start_interpolation: 0, interpolation_duration: 1 }
$data merge entity $(bone_scale_neck_right1) { transformation: [-1.5958542865799805f,-0.3855081865419937f,-0.13299479294723035f,-0.7477970271824813f,-0.3862108389304026f,1.2562451675862398f,0.9928465881729002f,4.5609384441884435f,-0.13094030981576335f,0.993119629180189f,-1.307525570778648f,1.163875215479695f,0f,0f,0f,1f], start_interpolation: 0, interpolation_duration: 1 }
$data merge entity $(bone_blush_right1) { transformation: [-0.9995163719409828f,0.014769756214922124f,-0.027365608403371662f,-0.587645762729283f,0f,0.8800085281425772f,0.4749578827604981f,3.76014391658428f,0.031096980913505358f,0.4747281798015436f,-0.8795829313261931f,2.3388656320623236f,0f,0f,0f,1f], start_interpolation: 0, interpolation_duration: 1 }
$data merge entity $(bone_blush_left1) { transformation: [-0.9995163719409828f,0.014769756214922124f,-0.027365608403371662f,0.7369086481339138f,0f,0.8800085281425772f,0.4749578827604981f,3.76014391658428f,0.031096980913505358f,0.4747281798015436f,-0.8795829313261931f,2.2976560587228443f,0f,0f,0f,1f], start_interpolation: 0, interpolation_duration: 1 }
$data merge entity $(bone_left_head_scales) { transformation: [-0.8739458181200547f,0.014769756214922124f,-0.48579888975976476f,0.7481588177292444f,-0.21931114370970783f,0.8800085281425772f,0.4212927873119536f,4.589222942558574f,0.4337295577144914f,0.4747281798015436f,-0.7658406009523817f,2.2981146224556137f,0f,0f,0f,1f], start_interpolation: 0, interpolation_duration: 1 }
$data merge entity $(bone_left_head_scales2) { transformation: [-0.8030596112291881f,0.014769756214922124f,-0.5957156327592695f,0.7394990440298823f,-0.27242464981060444f,0.8800085281425772f,0.3890627206144333f,3.718580285656858f,0.5299811987117984f,0.4747281798015436f,-0.7026756608239101f,2.0197729527645474f,0f,0f,0f,1f], start_interpolation: 0, interpolation_duration: 1 }
$data merge entity $(bone_left_head_scales1) { transformation: [-0.9995163719409828f,0.014769756214922124f,-0.027365608403371662f,0.7465001048730764f,0f,0.8800085281425772f,0.4749578827604981f,4.4903938598081865f,0.031096980913505358f,0.4747281798015436f,-0.8795829313261931f,2.2448004225755573f,0f,0f,0f,1f], start_interpolation: 0, interpolation_duration: 1 }
$data merge entity $(bone_right_head_scales) { transformation: [-0.8992178815812343f,0.014769756214922124f,0.4372517075391575f,-0.5988456678943457f,0.21931114370970783f,0.8800085281425772f,0.4212927873119536f,4.589222942558574f,-0.3785628398156601f,0.4747281798015436f,-0.7945585765775967f,2.34002266313983f,0f,0f,0f,1f], start_interpolation: 0, interpolation_duration: 1 }
$data merge entity $(bone_right_head_scales2) { transformation: [-0.8344521475223565f,0.014769756214922124f,0.5508824446256017f,-0.6075054415937078f,0.27242464981060444f,0.8800085281425772f,0.3890627206144333f,3.718580285656858f,-0.47903488773877106f,0.4747281798015436f,-0.7383486518111998f,2.0616809934487637f,0f,0f,0f,1f], start_interpolation: 0, interpolation_duration: 1 }
$data merge entity $(bone_right_head_scales1) { transformation: [-0.9995163719409828f,0.014769756214922124f,-0.027365608403371662f,-0.6005043807505137f,0f,0.8800085281425772f,0.4749578827604981f,4.4903938598081865f,0.031096980913505358f,0.4747281798015436f,-0.8795829313261931f,2.2867084632597736f,0f,0f,0f,1f], start_interpolation: 0, interpolation_duration: 1 }
$data merge entity $(bone_head_left_fin1) { transformation: [-0.7036945687950559f,0.026779091247414583f,-0.776383946347087f,0.7379749822298519f,-0.10262124245605452f,1.0351693821889858f,0.12871840894146755f,4.15978994250862f,0.770037682500207f,0.16242668646380065f,-0.6923400443996246f,1.9707866950562107f,0f,0f,0f,1f], start_interpolation: 0, interpolation_duration: 1 }
$data merge entity $(bone_head_right_fin1) { transformation: [-0.7502021246877503f,-0.016630225748048167f,0.7318438397163207f,-0.6090295033937382f,0.10262124245605452f,1.0351693821889858f,0.12871840894146755f,4.15978994250862f,-0.7248040084988041f,0.16377723833065477f,-0.7392640688509236f,2.012694735740427f,0f,0f,0f,1f], start_interpolation: 0, interpolation_duration: 1 }
$data merge entity $(bone_right_whisker16) { transformation: [0.25493639473816776f,0.9099602252182164f,-0.32707770202005215f,-1.1359417390673126f,0.9567738884296394f,-0.2863451587472995f,-0.05089377644871573f,1.422218219877029f,-0.13996842878711274f,-0.2999647288979103f,-0.9436259854201082f,2.0228423658673274f,0f,0f,0f,1f], start_interpolation: 0, interpolation_duration: 1 }
$data merge entity $(bone_right_whisker15) { transformation: [-0.8688995124836748f,0.37152902180975583f,-0.32707770202005215f,-0.8431972744121681f,0.4087794886915711f,0.9112130119482742f,-0.05089377644871573f,1.284494661675279f,0.27912894301861607f,-0.17792423333891327f,-0.9436259854201082f,1.9287998997135944f,0f,0f,0f,1f], start_interpolation: 0, interpolation_duration: 1 }
$data merge entity $(bone_right_whisker14) { transformation: [-0.7039324471694828f,-0.630475444932842f,-0.32707770202005215f,-0.6060325339107313f,-0.6530817714317574f,0.7555752929671178f,-0.05089377644871573f,1.5045270944330487f,0.27921910687762924f,0.177782704429843f,-0.9436259854201082f,1.8347270560878308f,0f,0f,0f,1f], start_interpolation: 0, interpolation_duration: 1 }
$data merge entity $(bone_right_whisker13) { transformation: [-0.09845120122218359f,-0.9900781261894204f,-0.10026297930520248f,-0.5728629397489605f,-0.9855191177804407f,0.08302570892768198f,0.14784721893332248f,1.836562344075873f,-0.1380558925478049f,0.11336681921224644f,-0.983914902232163f,1.8812400276981753f,0f,0f,0f,1f], start_interpolation: 0, interpolation_duration: 1 }
$data merge entity $(bone_right_whisker12) { transformation: [0.05589679333751856f,-0.9954955643782206f,-0.07657760637334579f,-0.597972827381049f,-0.9304444517792085f,-0.0797559465833226f,0.3576480268894077f,2.2545354376485642f,-0.3621445438604191f,0.05125983113400322f,-0.9307114263101334f,2.043922147010473f,0f,0f,0f,1f], start_interpolation: 0, interpolation_duration: 1 }
$data merge entity $(bone_right_whisker11) { transformation: [0.28999223239687866f,-0.9553759830532731f,-0.05622487131570169f,-0.7282427755280844f,-0.954081381038684f,-0.2932071321333409f,0.061304942879503804f,2.683126683037036f,-0.07505480334257364f,0.03586514563101652f,-0.9965342281246911f,2.07763817194952f,0f,0f,0f,1f], start_interpolation: 0, interpolation_duration: 1 }
$data merge entity $(bone_right_whisker10) { transformation: [0.07625648907661946f,-0.9954773268384391f,0.056655446554617656f,-0.762498620230472f,-0.9797938956703842f,-0.08534976521080431f,-0.18088487937224895f,3.123268472107716f,0.18490232524432984f,-0.041717014862718574f,-0.9818710815530642f,1.9945765805311686f,0f,0f,0f,1f], start_interpolation: 0, interpolation_duration: 1 }
$data merge entity $(bone_right_whisker1) { transformation: [-0.34291033578297037f,-0.9390085744747741f,0.025988433505371365f,-0.6084568678279658f,-0.935842929806519f,0.34388727771435007f,0.07706848225678653f,3.543666663231738f,-0.08130505731110199f,0.0021064873762098313f,-0.9966870373224348f,2.03110033674514f,0f,0f,0f,1f], start_interpolation: 0, interpolation_duration: 1 }
$data merge entity $(bone_left_whisker16) { transformation: [0.26314431746267325f,-0.9268472940364149f,0.2677856637769824f,1.2644989623143827f,-0.9567738884296394f,-0.2863451587472995f,-0.05089377644871573f,1.422218219877029f,0.12384988738925747f,-0.24281792273092032f,-0.9621333908530092f,1.948159788602575f,0f,0f,0f,1f], start_interpolation: 0, interpolation_duration: 1 }
$data merge entity $(bone_left_whisker15) { transformation: [-0.8845707611878775f,-0.38187092940811757f,0.2677856637769824f,0.9664746335938575f,-0.4087794886915711f,0.9112130119482742f,-0.05089377644871573f,1.284494661675279f,-0.22457492753323197f,-0.15448443329065406f,-0.9621333908530092f,1.8724973374317107f,0f,0f,0f,1f], start_interpolation: 0, interpolation_duration: 1 }
$data merge entity $(bone_left_whisker14) { transformation: [-0.7199283544453678f,0.6403077406537463f,0.2677856637769824f,0.723920646988729f,0.6530817714317574f,0.7555752929671178f,-0.05089377644871573f,1.5045270944330487f,-0.23491991037190169f,0.13824606293326627f,-0.9621333908530092f,1.7933495160661774f,0f,0f,0f,1f], start_interpolation: 0, interpolation_duration: 1 }
$data merge entity $(bone_left_whisker13) { transformation: [-0.0896787018603488f,0.9952105927853513f,0.038905095302183494f,0.6937066312252326f,0.9855191177804407f,0.08302570892768198f,0.14784721893332248f,1.836562344075873f,0.14390899527793463f,0.05160046186697497f,-0.9882447032052388f,1.8418344802955597f,0f,0f,0f,1f], start_interpolation: 0, interpolation_duration: 1 }
$data merge entity $(bone_left_whisker12) { transformation: [0.07830099753824628f,0.9967567418624532f,0.0185728655910181f,0.7288809074631166f,0.9304444517792085f,-0.0797559465833226f,0.3576480268894077f,2.2545354376485642f,0.35796937849179755f,-0.010723177530222398f,-0.9336717504165218f,2.002641037039922f,0f,0f,0f,1f], start_interpolation: 0, interpolation_duration: 1 }
$data merge entity $(bone_left_whisker11) { transformation: [0.2940970725507739f,0.9557577601611663f,-0.005832307328598019f,0.8609948267730346f,0.954081381038684f,-0.2932071321333409f,0.061304942879503804f,2.683126683037036f,0.05688260078778423f,-0.023594100064465308f,-0.9981020429644284f,2.0281937678625592f,0f,0f,0f,1f], start_interpolation: 0, interpolation_duration: 1 }
$data merge entity $(bone_left_whisker10) { transformation: [0.06461475910953882f,0.9909587378110138f,-0.11758279151822557f,0.8900209880917728f,0.9797938956703842f,-0.08534976521080431f,-0.18088487937224895f,3.123268472107716f,-0.1892851154007329f,-0.10351906845824502f,-0.976450176687612f,1.9431633449286363f,0f,0f,0f,1f], start_interpolation: 0, interpolation_duration: 1 }
$data merge entity $(bone_left_whisker1) { transformation: [-0.33719289387664364f,0.9373234375935334f,-0.08789610717737205f,0.7385476177956243f,0.935842929806519f,0.34388727771435007f,0.07706848225678653f,3.543666663231738f,0.10246444773796254f,-0.05627000590061315f,-0.9931438583537128f,1.989192296060924f,0f,0f,0f,1f], start_interpolation: 0, interpolation_duration: 1 }
$data merge entity $(bone_upper_left_tooth1) { transformation: [-0.9995163719409828f,0.012328482907275614f,-0.028548743074607145f,0.4053366468299173f,0f,0.9180551370570025f,0.39645272772834933f,3.485938743741661f,0.031096980913505358f,0.3962609920651458f,-0.9176111398329968f,3.0163265072007754f,0f,0f,0f,1f], start_interpolation: 0, interpolation_duration: 1 }
$data merge entity $(bone_upper_right_tooth1) { transformation: [-0.9995163719409828f,0.012328482907275614f,-0.028548743074607145f,-0.2681655959818776f,0f,0.9180551370570025f,0.39645272772834933f,3.485938743741661f,0.031096980913505358f,0.3962609920651458f,-0.9176111398329968f,3.0372805275428836f,0f,0f,0f,1f], start_interpolation: 0, interpolation_duration: 1 }
$data merge entity $(bone_top_lip1) { transformation: [-0.9995163719409828f,-0.0008831333841451197f,-0.031084438186345344f,0.09817147913798317f,0f,0.999596657720732f,-0.02839932875160811f,3.5993508285441127f,0.031096980913505358f,-0.02838559403936669f,-0.9991132247293584f,3.0748825855859785f,0f,0f,0f,1f], start_interpolation: 0, interpolation_duration: 1 }
$data merge entity $(bone_muzzle1) { transformation: [-0.9995163719409828f,0.012328482907275614f,-0.028548743074607145f,0.08421751042080147f,0f,0.9180551370570025f,0.39645272772834933f,3.9766211699368217f,0.031096980913505358f,0.3962609920651458f,-0.9176111398329968f,2.6263753743821354f,0f,0f,0f,1f], start_interpolation: 0, interpolation_duration: 1 }
$data merge entity $(bone_jaw_right_tooth1) { transformation: [-0.9995163719409828f,-0.004857340577402819f,-0.030715280634401376f,-0.26870351906050916f,0f,0.9877254875588837f,-0.1561997478441159f,3.314369584130396f,0.031096980913505358f,-0.1561242052632472f,-0.987247795798494f,3.019990652187056f,0f,0f,0f,1f], start_interpolation: 0, interpolation_duration: 1 }
$data merge entity $(bone_jaw_left_tooth1) { transformation: [-0.9995163719409828f,-0.004857340577402819f,-0.030715280634401376f,0.46092391065226873f,0f,0.9877254875588837f,-0.1561997478441159f,3.314369584130396f,0.031096980913505358f,-0.1561242052632472f,-0.987247795798494f,2.9972904634831057f,0f,0f,0f,1f], start_interpolation: 0, interpolation_duration: 1 }
$data merge entity $(bone_tongue1) { transformation: [-0.9995163719409828f,0.008715017164635078f,-0.029850807321662714f,0.07207641890217044f,0f,0.9599262193552227f,0.2802528383342244f,3.5319384497558195f,0.031096980913505358f,0.28011730019798664f,-0.9594619721009564f,2.236137499526726f,0f,0f,0f,1f], start_interpolation: 0, interpolation_duration: 1 }
$data merge entity $(bone_jaw_lips1) { transformation: [-0.9995163719409828f,0.008715017164635078f,-0.029850807321662714f,0.15389514576705277f,0f,0.9599262193552227f,0.2802528383342244f,3.1561742890874935f,0.031096980913505358f,0.28011730019798664f,-0.9594619721009564f,3.0602307886501f,0f,0f,0f,1f], start_interpolation: 0, interpolation_duration: 1 }
$data merge entity $(bone_jaw3) { transformation: [-0.9995163719409828f,0.0005501058490450638f,-0.031092114844277846f,0.12591448903985092f,0f,0.9998435195609168f,0.017690008254343192f,3.0878519610498483f,0.031096980913505358f,0.017681452869987013f,-0.9993599671802307f,2.160879029253008f,0f,0f,0f,1f], start_interpolation: 0, interpolation_duration: 1 }
$data merge entity $(bone_jaw1) { transformation: [-0.9995163719409828f,0.022374428824049934f,-0.021596461671589632f,0.1065114180067821f,0f,0.6944874080110566f,0.7195048576028409f,3.734282106552401f,0.031096980913505358f,0.7191568848651049f,-0.6941515344139084f,1.5372272600530121f,0f,0f,0f,1f], start_interpolation: 0, interpolation_duration: 1 }
$data merge entity $(bone_tear_right1) { transformation: [-0.9995163719409828f,0.014769756214922124f,-0.027365608403371662f,-0.5229491233417229f,0f,0.8800085281425772f,0.4749578827604981f,4.058039709271463f,0.031096980913505358f,0.4747281798015436f,-0.8795829313261931f,2.6126223208903077f,0f,0f,0f,1f], start_interpolation: 0, interpolation_duration: 1 }
$data merge entity $(bone_right_pupil1) { transformation: [-0.9995163719409828f,0.014769756214922124f,-0.027365608403371662f,-0.33423368125351455f,0f,0.8800085281425772f,0.4749578827604981f,4.124864794062402f,0.031096980913505358f,0.4747281798015436f,-0.8795829313261931f,2.719442948091515f,0f,0f,0f,1f], start_interpolation: 0, interpolation_duration: 1 }
$data merge entity $(bone_right_sad_pupil1) { transformation: [-0.9995163719409828f,0.014769756214922124f,-0.027365608403371662f,-0.3345410098635133f,0f,0.8800085281425772f,0.4749578827604981f,4.13019879372231f,0.031096980913505358f,0.4747281798015436f,-0.8795829313261931f,2.709564819468223f,0f,0f,0f,1f], start_interpolation: 0, interpolation_duration: 1 }
$data merge entity $(bone_right_happy_pupil1) { transformation: [-0.9995163719409828f,0.014769756214922124f,-0.027365608403371662f,-0.36301791701896946f,0f,0.8800085281425772f,0.4749578827604981f,4.105491839287779f,0.031096980913505358f,0.4747281798015436f,-0.8795829313261931f,2.6971095131090923f,0f,0f,0f,1f], start_interpolation: 0, interpolation_duration: 1 }
$data merge entity $(bone_eyelid_right1) { transformation: [-0.9995163719409828f,0.014769756214922124f,-0.027365608403371662f,0.08142750154722711f,0f,0.8800085281425772f,0.4749578827604981f,4.347484235342514f,0.031096980913505358f,0.4747281798015436f,-0.8795829313261931f,2.1755557808019206f,0f,0f,0f,1f], start_interpolation: 0, interpolation_duration: 1 }
$data merge entity $(bone_eyelid_expressions_right5) { transformation: [-0.9995163719409828f,0.014769756214922124f,-0.027365608403371662f,-0.4619698676784099f,0f,0.8800085281425772f,0.4749578827604981f,4.229027876472697f,0.031096980913505358f,0.4747281798015436f,-0.8795829313261931f,2.766895195405039f,0f,0f,0f,1f], start_interpolation: 0, interpolation_duration: 1 }
$data merge entity $(bone_eyelid_expressions_right7) { transformation: [-0.9995163719409828f,0.014769756214922124f,-0.027365608403371662f,-0.12521874627251242f,0f,0.8800085281425772f,0.4749578827604981f,4.229027876472697f,0.031096980913505358f,0.4747281798015436f,-0.8795829313261931f,2.756418185233985f,0f,0f,0f,1f], start_interpolation: 0, interpolation_duration: 1 }
$data merge entity $(bone_eyelid_expressions_right6) { transformation: [-0.9995163719409828f,0.014769756214922124f,-0.027365608403371662f,-0.2374691200744783f,0f,0.8800085281425772f,0.4749578827604981f,4.229027876472697f,0.031096980913505358f,0.4747281798015436f,-0.8795829313261931f,2.7599105219576696f,0f,0f,0f,1f], start_interpolation: 0, interpolation_duration: 1 }
$data merge entity $(bone_right_eye1) { transformation: [-0.9995163719409828f,0.014769756214922124f,-0.027365608403371662f,0.07050979277702933f,0f,0.8800085281425772f,0.4749578827604981f,4.342150235682606f,0.031096980913505358f,0.4747281798015436f,-0.8795829313261931f,2.185783143097581f,0f,0f,0f,1f], start_interpolation: 0, interpolation_duration: 1 }
$data merge entity $(bone_tear_left1) { transformation: [-0.9995163719409828f,0.014769756214922124f,-0.027365608403371662f,0.6893549137195081f,0f,0.8800085281425772f,0.4749578827604981f,4.058039709271463f,0.031096980913505358f,0.4747281798015436f,-0.8795829313261931f,2.574905084274513f,0f,0f,0f,1f], start_interpolation: 0, interpolation_duration: 1 }
$data merge entity $(bone_left_sad_pupil1) { transformation: [-0.9995163719409828f,0.014769756214922124f,-0.027365608403371662f,0.5073367936512304f,0f,0.8800085281425772f,0.4749578827604981f,4.13019879372231f,0.031096980913505358f,0.4747281798015436f,-0.8795829313261931f,2.6833722940405877f,0f,0f,0f,1f], start_interpolation: 0, interpolation_duration: 1 }
$data merge entity $(bone_left_pupil1) { transformation: [-0.9995163719409828f,0.014769756214922124f,-0.027365608403371662f,0.5076441222612291f,0f,0.8800085281425772f,0.4749578827604981f,4.124864794062402f,0.031096980913505358f,0.4747281798015436f,-0.8795829313261931f,2.69325042266388f,0f,0f,0f,1f], start_interpolation: 0, interpolation_duration: 1 }
$data merge entity $(bone_eyelid_left1) { transformation: [-0.9995163719409828f,0.014769756214922124f,-0.027365608403371662f,0.058977426786833945f,0f,0.8800085281425772f,0.4749578827604981f,4.347484235342514f,0.031096980913505358f,0.4747281798015436f,-0.8795829313261931f,2.1762542481466576f,0f,0f,0f,1f], start_interpolation: 0, interpolation_duration: 1 }
$data merge entity $(bone_left_happy_pupil1) { transformation: [-0.9995163719409828f,0.014769756214922124f,-0.027365608403371662f,0.5349850733967572f,0f,0.8800085281425772f,0.4749578827604981f,4.105491839287779f,0.031096980913505358f,0.4747281798015436f,-0.8795829313261931f,2.6691708193196146f,0f,0f,0f,1f], start_interpolation: 0, interpolation_duration: 1 }
$data merge entity $(bone_eyelid_expressions_left5) { transformation: [-0.9995163719409828f,0.014769756214922124f,-0.027365608403371662f,0.6380837955808554f,0f,0.8800085281425772f,0.4749578827604981f,4.229027876472697f,0.031096980913505358f,0.4747281798015436f,-0.8795829313261931f,2.732670295512929f,0f,0f,0f,1f], start_interpolation: 0, interpolation_duration: 1 }
$data merge entity $(bone_eyelid_expressions_left7) { transformation: [-0.9995163719409828f,0.014769756214922124f,-0.027365608403371662f,0.3013326741749578f,0f,0.8800085281425772f,0.4749578827604981f,4.229027876472697f,0.031096980913505358f,0.4747281798015436f,-0.8795829313261931f,2.743147305683983f,0f,0f,0f,1f], start_interpolation: 0, interpolation_duration: 1 }
$data merge entity $(bone_eyelid_expressions_left6) { transformation: [-0.9995163719409828f,0.014769756214922124f,-0.027365608403371662f,0.41358304797692363f,0f,0.8800085281425772f,0.4749578827604981f,4.229027876472697f,0.031096980913505358f,0.4747281798015436f,-0.8795829313261931f,2.7396549689602985f,0f,0f,0f,1f], start_interpolation: 0, interpolation_duration: 1 }
$data merge entity $(bone_left_eye1) { transformation: [-0.9995163719409828f,0.014769756214922124f,-0.027365608403371662f,0.07050979277702933f,0f,0.8800085281425772f,0.4749578827604981f,4.342150235682606f,0.031096980913505358f,0.4747281798015436f,-0.8795829313261931f,2.185783143097581f,0f,0f,0f,1f], start_interpolation: 0, interpolation_duration: 1 }
$data merge entity $(bone_crest_middle5) { transformation: [-0.9995163719409828f,0.008496652300756222f,-0.02991369454973709f,0.10402288498674138f,0f,0.9619485130386285f,0.2732307783957941f,5.335143698225255f,0.031096980913505358f,0.2730986363247747f,-0.9614832877463932f,3.262957947659633f,0f,0f,0f,1f], start_interpolation: 0, interpolation_duration: 1 }
$data merge entity $(bone_crest_middle4) { transformation: [-0.9995163719409828f,0.008496652300756222f,-0.02991369454973709f,0.09829760169814587f,0f,0.9619485130386285f,0.2732307783957941f,4.686955735337897f,0.031096980913505358f,0.2730986363247747f,-0.9614832877463932f,3.0789364056048534f,0f,0f,0f,1f], start_interpolation: 0, interpolation_duration: 1 }
$data merge entity $(bone_crest_middle1) { transformation: [-0.9995163719409828f,0.008496652300756222f,-0.02991369454973709f,0.09652323607071724f,0f,0.9619485130386285f,0.2732307783957941f,4.1778008420927275f,0.031096980913505358f,0.2730986363247747f,-0.9614832877463932f,3.0219049047219486f,0f,0f,0f,1f], start_interpolation: 0, interpolation_duration: 1 }
$data merge entity $(bone_crest_left5) { transformation: [-0.5494964412285352f,-0.831475753013496f,0.08186411440805116f,-1.0067145718249522f,-0.7421916648778377f,0.5307775702961977f,0.4091780828152073f,4.723855526700611f,-0.38367329026534835f,0.16408303696940996f,-0.9087747593963298f,3.0797938187842564f,0f,0f,0f,1f], start_interpolation: 0, interpolation_duration: 1 }
$data merge entity $(bone_crest_left4) { transformation: [-0.5494964412285352f,-0.831475753013496f,0.08186411440805116f,-0.5398214487949129f,-0.7421916648778377f,0.5307775702961977f,0.4091780828152073f,4.425811480879992f,-0.38367329026534835f,0.16408303696940996f,-0.9087747593963298f,2.987657347829754f,0f,0f,0f,1f], start_interpolation: 0, interpolation_duration: 1 }
$data merge entity $(bone_crest_left1) { transformation: [-0.5494964412285352f,-0.831475753013496f,0.08186411440805116f,-0.021642151568840307f,-0.7421916648778377f,0.5307775702961977f,0.4091780828152073f,4.120939338838517f,-0.38367329026534835f,0.16408303696940996f,-0.9087747593963298f,2.8352773970988547f,0f,0f,0f,1f], start_interpolation: 0, interpolation_duration: 1 }
$data merge entity $(bone_crest_center1) { transformation: [-0.9995163719409828f,0.014769756214922124f,-0.027365608403371662f,0.09019354932696466f,0f,0.8800085281425772f,0.4749578827604981f,4.096232384403985f,0.031096980913505358f,0.4747281798015436f,-0.8795829313261931f,2.8184566810105958f,0f,0f,0f,1f], start_interpolation: 0, interpolation_duration: 1 }
$data merge entity $(bone_crest_right5) { transformation: [-0.5245830691317213f,0.8400676806790686f,-0.13819875346338656f,1.2012259326992702f,0.7421916648778377f,0.5307775702961977f,0.4091780828152073f,4.72385552670061f,0.4170900815965385f,0.11207793158760226f,-0.9019281573855191f,3.011100312950018f,0f,0f,0f,1f], start_interpolation: 0, interpolation_duration: 1 }
$data merge entity $(bone_crest_right4) { transformation: [-0.5245830691317213f,0.8400676806790686f,-0.13819875346338656f,0.7295082409117074f,0.7421916648778377f,0.5307775702961977f,0.4091780828152073f,4.425811480879991f,0.4170900815965385f,0.11207793158760226f,-0.9019281573855191f,2.9481659275370578f,0f,0f,0f,1f], start_interpolation: 0, interpolation_duration: 1 }
$data merge entity $(bone_crest_right1) { transformation: [-0.5245830691317213f,0.8400676806790686f,-0.13819875346338656f,0.20285859603509135f,0.7421916648778377f,0.5307775702961977f,0.4091780828152073f,4.120939338838516f,0.4170900815965385f,0.11207793158760226f,-0.9019281573855191f,2.8282927236514857f,0f,0f,0f,1f], start_interpolation: 0, interpolation_duration: 1 }
$data merge entity $(bone_head1) { transformation: [-1.0476701554850139f,0.015481319990901438f,-0.02868400359988825f,0.05277736279901117f,0f,0.9224047723369457f,0.4978399682580739f,4.586105675602349f,0.03259514275439036f,0.49759919888052395f,-0.9219586715072723f,1.6158289688764818f,0f,0f,0f,1f], start_interpolation: 0, interpolation_duration: 1 }
$data merge entity $(bone_neck10) { transformation: [-1.4966716506928777f,0.01971579519063576f,-0.04218458386999635f,0.016806108234448048f,0f,1.3565491771477944f,0.6340099460289802f,4.630873009003659f,0.04656448964912911f,0.6337033210293844f,-1.355893111902289f,0.45964413033728546f,0f,0f,0f,1f], start_interpolation: 0, interpolation_duration: 1 }
$data merge entity $(bone_neck9) { transformation: [-1.1449538127800523f,0.01691887113291373f,-0.03134751821987791f,-0.0032205158457421076f,0f,1.0080566440539491f,0.54406796531061f,3.3194249349490867f,0.03562183458158379f,0.5438048387765732f,-1.0075691195758059f,-0.18404982498698408f,0f,0f,0f,1f], start_interpolation: 0, interpolation_duration: 1 }
$data merge entity $(bone_neck8) { transformation: [-1.0626368719919432f,-0.008078385653729701f,-0.032058623883852284f,0.0038160493415944838f,0f,1.0309239978318698f,-0.2597803843466128f,2.5584090893376046f,0.033060787650881676f,-0.2596547472635605f,-1.030425414059804f,0.042118822269650635f,0f,0f,0f,1f], start_interpolation: 0, interpolation_duration: 1 }
$data merge entity $(bone_neck7) { transformation: [-1.0551535137384789f,-0.01639713443774216f,-0.02843957245768811f,0.019252798501042355f,0f,0.9145444870288633f,-0.5272902370603096f,1.7420468054137612f,0.03282796520263603f,-0.5270352247064214f,-0.9141021876537165f,0.5382854294824251f,0f,0f,0f,1f], start_interpolation: 0, interpolation_duration: 1 }
$data merge entity $(bone_neck6) { transformation: [-1.0491668271357073f,-0.010186505877696756f,-0.03101154865222359f,0.027990392572848802f,0f,0.9972527152549183f,-0.3275721815577531f,0.8580423432189788f,0.03264170724403951f,-0.32741375845939824f,-0.99677041585989f,0.8191283946061596f,0f,0f,0f,1f], start_interpolation: 0, interpolation_duration: 1 }
$data merge entity $(bone_neck_spine6) { transformation: [-1.2722881506853145f,-0.021731507495378014f,0.028212970854391783f,-0.11896143871273662f,0.031074270034164703f,-0.18489615466130235f,1.2589015728999695f,0.41775856024970187f,-0.01739597322072682f,1.2590975030116418f,0.18535432701251317f,-1.8412546906689637f,0f,0f,0f,1f], start_interpolation: 0, interpolation_duration: 1 }
$data merge entity $(bone_neck_spine7) { transformation: [-0.9732464917727287f,-0.17177307340628903f,0.1525951424673587f,0.25242137065865405f,0.06200536774711331f,0.4431426045002595f,0.8943041800457335f,0.5064501520458531f,-0.22123878643362038f,0.8798401237323087f,-0.4206361325992985f,-5.576642463586922f,0f,0f,0f,1f], start_interpolation: 0, interpolation_duration: 1 }
$data merge entity $(bone_tail6) { transformation: [-1.5539633238967525f,-0.7419296691413163f,-0.006347563212808331f,1.6935211557002745f,-0.4186272672213951f,0.8645827881508001f,1.4291779983960229f,-1.3797504246815973f,-0.6125774535923031f,1.2912547796652583f,-0.9605789373441017f,-8.717877188004643f,0f,0f,0f,1f], start_interpolation: 0, interpolation_duration: 1 }
$data merge entity $(bone_tail5) { transformation: [-1.2837088327842738f,-0.6128984223341308f,-0.005243639175798186f,1.306427415278718f,-0.3458225250959351f,0.714220564124574f,1.1806253030228016f,-0.9286637526029189f,-0.5060422442719025f,1.066688731027822f,-0.7935217308494753f,-8.044179042092335f,0f,0f,0f,1f], start_interpolation: 0, interpolation_duration: 1 }
$data merge entity $(bone_tail4) { transformation: [-0.9458907188936754f,-0.451609363825149f,-0.0038637341295355053f,1.11288054506794f,-0.25481659743911f,0.5262677840917913f,0.8699344338062747f,-0.7031204165635797f,-0.3728732326214018f,0.7859811702310266f,-0.5847002227311923f,-7.707329969136181f,0f,0f,0f,1f], start_interpolation: 0, interpolation_duration: 1 }
$data merge entity $(bone_segment18) { transformation: [-0.9024149964103636f,-0.4288901389331876f,-0.04123618531768483f,0.8720486799443239f,-0.243104530227623f,0.4278075854963012f,0.8705635285116369f,-0.4628964305671215f,-0.3557349598176852f,0.7956342869168576f,-0.49032511647458343f,-7.2605626693537655f,0f,0f,0f,1f], start_interpolation: 0, interpolation_duration: 1 }
$data merge entity $(bone_segment17) { transformation: [-0.9002955971592492f,-0.4163234996050158f,0.12705345887579494f,0.5681406565510136f,0.006363997078107961f,0.27926892401187625f,0.9601918389688795f,-0.25903557050962367f,-0.4352325094439301f,0.8652650528929743f,-0.248775101176259f,-6.628936080449958f,0f,0f,0f,1f], start_interpolation: 0, interpolation_duration: 1 }
$data merge entity $(bone_segment16) { transformation: [-0.9388903293668558f,-0.3187632564289117f,0.12990356335464032f,0.2638524894032973f,0.03629766461708968f,0.28360003518267657f,0.958255445895159f,0.01168614276290228f,-0.34229728156201067f,0.9044119671893006f,-0.25469896866700703f,-5.765593602005093f,0f,0f,0f,1f], start_interpolation: 0, interpolation_duration: 1 }
$data merge entity $(bone_segment15) { transformation: [-0.9732464917727287f,-0.2054145769248674f,0.10293744624214062f,0.021627780773631908f,0.06200536774711331f,0.19657993250517342f,0.9785252498054441f,0.2434930455949305f,-0.22123878643362038f,0.958728940693374f,-0.1785839232807357f,-4.635061184146451f,0f,0f,0f,1f], start_interpolation: 0, interpolation_duration: 1 }
$data merge entity $(bone_segment14) { transformation: [-1.0411910839833272f,-0.11086357264123295f,0.048016590049879675f,-0.10309373844775516f,0.056223953811177785f,-0.07590202007825075f,1.043912327923687f,0.15810327300689841f,-0.10693545565730143f,1.0395303505114388f,0.08134283443612239f,-3.4655895398210825f,0f,0f,0f,1f], start_interpolation: 0, interpolation_duration: 1 }
$data merge entity $(bone_segment13) { transformation: [-1.0253145684934593f,-0.021195099186406673f,0.019349812111168978f,-0.1291503240855873f,0.025042205851062142f,-0.3229115229023108f,0.9732392553356093f,-0.25744418517489404f,-0.014019107830821026f,0.9733306365108294f,0.3233025648958557f,-2.3021794235842172f,0f,0f,0f,1f], start_interpolation: 0, interpolation_duration: 1 }
$data merge entity $(bone_segment12) { transformation: [-1.1141083501199927f,0.05022415502693877f,0.02672077162834705f,-0.06847684821411765f,0.025022133333713198f,-0.037959575321944536f,1.1146330538237612f,-0.3033013902618069f,0.05109166495637166f,1.1137820639985563f,0.0367836496119977f,-0.956670889894686f,0f,0f,0f,1f], start_interpolation: 0, interpolation_duration: 1 }
$data merge entity $(bone_segment11) { transformation: [-1.1887100472549421f,0.06391215240443984f,-0.0025497473467201307f,0.00505728603240178f,0.02825608376914815f,0.5672758694592227f,1.0461943043912354f,0.3522847904082901f,0.05738343111501207f,1.0446224990807262f,-0.5679734299499882f,0.250574024451654f,0f,0f,0f,1f], start_interpolation: 0, interpolation_duration: 1 }
$data merge entity $(bone_segment10) { transformation: [-1.0476701554850143f,0.019073827014336017f,-0.026431656289500158f,0.02982193312104953f,0f,0.8499749979915557f,0.6133658784236604f,1.2223870105192427f,0.03259514275439038f,0.6130692374744109f,-0.8495639262330639f,0.8779976066654351f,0f,0f,0f,1f], start_interpolation: 0, interpolation_duration: 1 }