# This file was generated by Animated Java via MC-Build. It is not recommended to edit this file directly.
$data merge entity $(bone_neck_spine5) { transformation: [-1.5715693029238025f,0.011023333217571409f,-0.04547095544421449f,0.09972731744765743f,0f,1.5280059652900093f,0.37042808424144813f,4.271755915592689f,0.046788050442771734f,0.37026402974035144f,-1.527329244849598f,-0.5308100811486068f,0f,0f,0f,1f], start_interpolation: 0, interpolation_duration: 1 }
$data merge entity $(bone_neck_spine2) { transformation: [-1.49673266945124f,0.013785466176562367f,-0.042374034545785984f,0.046493151186837806f,0f,1.4239370368806294f,0.46324679889195225f,5.39703991756671f,0.04456004804073497f,0.4630416370111177f,-1.4233064062937042f,1.4549879429433543f,0f,0f,0f,1f], start_interpolation: 0, interpolation_duration: 1 }
$data merge entity $(bone_scale_neck_left1) { transformation: [-1.5848401972955974f,0.4455094683876915f,0.05345973672438661f,0.8230206753961538f,0.3847133234003071f,1.248137829503769f,1.0035948874907568f,4.549976840786069f,0.23093784590667493f,0.9781249168568451f,-1.3049882908246524f,1.1206551868762316f,0f,0f,0f,1f], start_interpolation: 0, interpolation_duration: 1 }
$data merge entity $(bone_scale_neck_right1) { transformation: [-1.5957718317461722f,-0.3865314078655183f,-0.1309992846417049f,-0.7485486275276481f,-0.3847133234003071f,1.248137829503769f,1.0035948874907568f,4.549976840786069f,-0.13624610321557445f,1.0028960614803482f,-1.2994966602740652f,1.1674432373190031f,0f,0f,0f,1f], start_interpolation: 0, interpolation_duration: 1 }
$data merge entity $(bone_blush_right1) { transformation: [-0.9995571218596108f,0.014257432814263336f,-0.02612060009413966f,-0.5900816812779661f,0f,0.8777566332373702f,0.4791067655625384f,3.7419533550974555f,0.02975836251763866f,0.4788945796491582f,-0.8773678940119276f,2.338932711329891f,0f,0f,0f,1f], start_interpolation: 0, interpolation_duration: 1 }
$data merge entity $(bone_blush_left1) { transformation: [-0.9995571218596108f,0.014257432814263336f,-0.02612060009413966f,0.7345267311863815f,0f,0.8777566332373702f,0.4791067655625384f,3.7419533550974555f,0.02975836251763866f,0.4788945796491582f,-0.8773678940119276f,2.2994970688138405f,0f,0f,0f,1f], start_interpolation: 0, interpolation_duration: 1 }
$data merge entity $(bone_left_head_scales) { transformation: [-0.8745568445995827f,0.014257432814263336f,-0.484713370120495f,0.7458927432880963f,-0.2212268845900246f,0.8777566332373702f,0.42497289130295013f,4.571019328226221f,0.43151939828774f,0.4788945796491582f,-0.7644939440466765f,2.303882713129262f,0f,0f,0f,1f], start_interpolation: 0, interpolation_duration: 1 }
$data merge entity $(bone_left_head_scales2) { transformation: [-0.8038070990375736f,0.014257432814263336f,-0.5947191548507135f,0.7374835297403588f,-0.27480435122303687f,0.8777566332373702f,0.3924612864432401f,3.7017009496735667f,0.5276141735072004f,0.4788945796491582f,-0.7016290084488882f,2.0214246549650356f,0f,0f,0f,1f], start_interpolation: 0, interpolation_duration: 1 }
$data merge entity $(bone_left_head_scales1) { transformation: [-0.9995571218596108f,0.014257432814263336f,-0.02612060009413966f,0.7442915667513382f,0f,0.8777566332373702f,0.4791067655625384f,4.472443143829446f,0.02975836251763866f,0.4788945796491582f,-0.8773678940119276f,2.2501006070163196f,0f,0f,0f,1f], start_interpolation: 0, interpolation_duration: 1 }
$data merge entity $(bone_right_head_scales) { transformation: [-0.8986791463402545f,0.014257432814263336f,0.4383748596152591f,-0.6011666592180197f,0.2212268845900246f,0.8777566332373702f,0.42497289130295013f,4.571019328226221f,-0.37872741842615953f,0.4788945796491582f,-0.7919757092960067f,2.3439867563659234f,0f,0f,0f,1f], start_interpolation: 0, interpolation_duration: 1 }
$data merge entity $(bone_right_head_scales2) { transformation: [-0.8337714204722684f,0.014257432814263336f,0.5519256689203741f,-0.6095758727657572f,0.27480435122303687f,0.8777566332373702f,0.3924612864432401f,3.7017009496735667f,-0.47886092652516715f,0.4788945796491582f,-0.7357663994979077f,2.061528698201697f,0f,0f,0f,1f], start_interpolation: 0, interpolation_duration: 1 }
$data merge entity $(bone_right_head_scales1) { transformation: [-0.9995571218596108f,0.014257432814263336f,-0.02612060009413966f,-0.6027678357547778f,0f,0.8777566332373702f,0.4791067655625384f,4.472443143829446f,0.02975836251763866f,0.4788945796491582f,-0.8773678940119276f,2.290204650252981f,0f,0f,0f,1f], start_interpolation: 0, interpolation_duration: 1 }
$data merge entity $(bone_head_left_fin1) { transformation: [-0.7047398655412079f,0.02670690316023946f,-0.7754377223644227f,0.7360870698761873f,-0.10615008667523115f,1.0343875353082415f,0.13209763027002513f,4.143137047295563f,0.7686020290377684f,0.16734505115988632f,-0.6927638506998574f,1.9745188011299548f,0f,0f,0f,1f], start_interpolation: 0, interpolation_duration: 1 }
$data merge entity $(bone_head_right_fin1) { transformation: [-0.7492161027805265f,-0.0167041836172748f,0.7328515535967796f,-0.6109723326299287f,0.10615008667523115f,1.0343875353082415f,0.13209763027002513f,4.143137047295563f,-0.725315509594531f,0.16863746639995444f,-0.737667956802384f,2.0146228443666163f,0f,0f,0f,1f], start_interpolation: 0, interpolation_duration: 1 }
$data merge entity $(bone_right_whisker16) { transformation: [0.25525806619233915f,0.9103209983715118f,-0.32582050206768975f,-1.138282251168576f,0.957386220586657f,-0.28506021643744167f,-0.046392861901761645f,1.4056252961775666f,-0.13511085920289473f,-0.3000939068500606f,-0.944292699747765f,2.0111475956758245f,0f,0f,0f,1f], start_interpolation: 0, interpolation_duration: 1 }
$data merge entity $(bone_right_whisker15) { transformation: [-0.8692152126225724f,0.37189503166599963f,-0.32582050206768975f,-0.8454314226971039f,0.4075854646261302f,0.9119878241457314f,-0.046392861901761645f,1.268304021474427f,0.2798910558967502f,-0.17312508204208754f,-0.944292699747765f,1.9168483629762358f,0f,0f,0f,1f], start_interpolation: 0, interpolation_duration: 1 }
$data merge entity $(bone_right_whisker14) { transformation: [-0.7043975853962609f,-0.6306068839778678f,-0.32582050206768975f,-0.6081099705860593f,-0.654288606134817f,0.7548205894427644f,-0.046392861901761645f,1.4887430538147703f,0.2751916815059563f,0.180501622244792f,-0.944292699747765f,1.824132415593858f,0f,0f,0f,1f], start_interpolation: 0, interpolation_duration: 1 }
$data merge entity $(bone_right_whisker13) { transformation: [-0.09840461974943356f,-0.990217427596771f,-0.09892409663779128f,-0.57495607037751f,-0.9848422921975845f,0.08263522255082703f,0.1525027196248749f,1.8205502714008706f,-0.14283623598715203f,0.11243160622177797f,-0.9833396888214233f,1.8722559521324982f,0f,0f,0f,1f], start_interpolation: 0, interpolation_duration: 1 }
$data merge entity $(bone_right_whisker12) { transformation: [0.05625115390464299f,-0.9955745314054344f,-0.07528054264712884f,-0.6002251434206113f,-0.9287335746464537f,-0.07985078304277812f,0.3620466817578576f,2.2377548068865822f,-0.3664556658162301f,0.04955002385776617f,-0.9291151920654824f,2.036874708260883f,0f,0f,0f,1f], start_interpolation: 0, interpolation_duration: 1 }
$data merge entity $(bone_right_whisker11) { transformation: [0.2899584834676893f,-0.9554643493190256f,-0.05488128137615798f,-0.7304799309158624f,-0.9537591875109717f,-0.29323284259053933f,0.06601448526409426f,2.666201316901277f,-0.07916748135143048f,0.033202066300808464f,-0.9963082518426853f,2.0724382252742206f,0f,0f,0f,1f], start_interpolation: 0, interpolation_duration: 1 }
$data merge entity $(bone_right_whisker10) { transformation: [0.0758710913239627f,-0.9954325307305094f,0.05794526956330878f,-0.7645626477215487f,-0.9806666020413292f,-0.08500584709316084f,-0.176258394411976f,3.10673514203703f,0.18037902633627992f,-0.04345207386797285f,-0.9826369238607656f,1.9914085845372198f,0f,0f,0f,1f], start_interpolation: 0, interpolation_duration: 1 }
$data merge entity $(bone_right_whisker1) { transformation: [-0.3429325758688767f,-0.9389622360534101f,0.027334367991916627f,-0.6105109046554518f,-0.935398540796784f,0.34401135029127067f,0.08176650136837454f,3.5269337052855856f,-0.08617898980137106f,0.0024718690008015964f,-0.9962766039511608f,2.0301218026120544f,0f,0f,0f,1f], start_interpolation: 0, interpolation_duration: 1 }
$data merge entity $(bone_left_whisker16) { transformation: [0.2628437679705404f,-0.9265614068570226f,0.269067116092219f,1.262256315306677f,-0.957386220586657f,-0.28506021643744167f,-0.046392861901761645f,1.4056252961775666f,0.11968616574126593f,-0.24540707473048495f,-0.9620034248392157f,1.939679847273571f,0f,0f,0f,1f], start_interpolation: 0, interpolation_duration: 1 }
$data merge entity $(bone_left_whisker15) { transformation: [-0.8843265493937181f,-0.3815356353936233f,0.269067116092219f,0.9643142649738325f,-0.4075854646261302f,0.9119878241457314f,-0.046392861901761645f,1.268304021474427f,-0.22768540371069257f,-0.1506942850101441f,-0.9620034248392157f,1.862969432937449f,0f,0f,0f,1f], start_interpolation: 0, interpolation_duration: 1 }
$data merge entity $(bone_left_whisker14) { transformation: [-0.7195212665051407f,0.6402281109765912f,0.269067116092219f,0.7218974320204408f,0.654288606134817f,0.7548205894427644f,-0.046392861901761645f,1.4887430538147703f,-0.23279941350655617f,0.14266689759233947f,-0.9620034248392157f,1.784536036785338f,0f,0f,0f,1f], start_interpolation: 0, interpolation_duration: 1 }
$data merge entity $(bone_left_whisker13) { transformation: [-0.08973295332076218f,0.9951522308763644f,0.04024965180133479f,0.6916651381770199f,0.9848422921975845f,0.08263522255082703f,0.1525027196248749f,1.8205502714008706f,0.14843738271521056f,0.053324078761569374f,-0.9874831067096228f,1.8345466784227868f,0f,0f,0f,1f], start_interpolation: 0, interpolation_duration: 1 }
$data merge entity $(bone_left_whisker12) { transformation: [0.07795210816620352f,0.9967589982365211f,0.019873808567339217f,0.7266826867673066f,0.9287335746464537f,-0.07985078304277812f,0.3620466817578576f,2.2377548068865822f,0.36246022699996316f,-0.009764828825019339f,-0.9319480843701292f,1.9973706085204266f,0f,0f,0f,1f], start_interpolation: 0, interpolation_duration: 1 }
$data merge entity $(bone_left_whisker11) { transformation: [0.2941546345882986f,0.9557473101224105f,-0.004486662902565053f,0.8588224640237689f,0.9537591875109717f,-0.29323284259053933f,0.06601448526409426f,2.666201316901277f,0.061777529803609066f,-0.023697662754980406f,-0.9978085776296551f,2.0251222332368917f,0f,0f,0f,1f], start_interpolation: 0, interpolation_duration: 1 }
$data merge entity $(bone_left_whisker10) { transformation: [0.06500590013170243f,0.9910845201941728f,-0.11630007213907234f,0.8880243332235571f,0.9806666020413292f,-0.08500584709316084f,-0.176258394411976f,3.10673514203703f,-0.18457315240516586f,-0.10259376097726644f,-0.9774493703613293f,1.9422085124298836f,0f,0f,0f,1f], start_interpolation: 0, interpolation_duration: 1 }
$data merge entity $(bone_left_whisker1) { transformation: [-0.3371983813518311f,0.9374462733879844f,-0.08655481572209278f,0.7365484978506642f,0.935398540796784f,0.34401135029127067f,0.08176650136837454f,3.5269337052855856f,0.10642754102652563f,-0.05339171641516194f,-0.9928859466873777f,1.9900177593753932f,0f,0f,0f,1f], start_interpolation: 0, interpolation_duration: 1 }
$data merge entity $(bone_upper_left_tooth1) { transformation: [-0.9995571218596108f,0.011926618675749118f,-0.02726382047135863f,0.40195380188313656f,0f,0.9161734102539602f,0.40078208835179885f,3.464408990780206f,0.02975836251763866f,0.40060459072580834f,-0.9157676570777528f,3.0164210919210674f,0f,0f,0f,1f], start_interpolation: 0, interpolation_duration: 1 }
$data merge entity $(bone_upper_right_tooth1) { transformation: [-0.9995571218596108f,0.011926618675749118f,-0.02726382047135863f,-0.27157589936992144f,0f,0.9161734102539602f,0.40078208835179885f,3.464408990780206f,0.02975836251763866f,0.40060459072580834f,-0.9157676570777528f,3.0364731135393983f,0f,0f,0f,1f], start_interpolation: 0, interpolation_duration: 1 }
$data merge entity $(bone_top_lip1) { transformation: [-0.9995571218596108f,-0.0006421491394785241f,-0.029751433313604716f,0.09472640472630185f,0f,0.9997671510309134f,-0.02157877938001146f,3.577588616168024f,0.02975836251763866f,-0.021569222610327676f,-0.9993243760142425f,3.0751003418448377f,0f,0f,0f,1f], start_interpolation: 0, interpolation_duration: 1 }
$data merge entity $(bone_muzzle1) { transformation: [-0.9995571218596108f,0.011926618675749118f,-0.02726382047135863f,0.08142625331080919f,0f,0.9161734102539602f,0.40078208835179885f,3.9569730049093255f,0.02975836251763866f,0.40060459072580834f,-0.9157676570777528f,2.6283599991500077f,0f,0f,0f,1f], start_interpolation: 0, interpolation_duration: 1 }
$data merge entity $(bone_jaw_right_tooth1) { transformation: [-0.9995571218596108f,-0.004630326920710935f,-0.02939592169567985f,-0.27206291364144886f,0f,0.9878205387899291f,-0.15559750365855665f,3.29896339084118f,0.02975836251763866f,-0.1555285929254869f,-0.9873830546666714f,3.0201147341674166f,0f,0f,0f,1f], start_interpolation: 0, interpolation_duration: 1 }
$data merge entity $(bone_jaw_left_tooth1) { transformation: [-0.9995571218596108f,-0.004630326920710935f,-0.02939592169567985f,0.45759426271603065f,0f,0.9878205387899291f,-0.15559750365855665f,3.29896339084118f,0.02975836251763866f,-0.1555285929254869f,-0.9873830546666714f,2.9983917107475584f,0f,0f,0f,1f], start_interpolation: 0, interpolation_duration: 1 }
$data merge entity $(bone_tongue1) { transformation: [-0.9995571218596108f,0.008161400770862845f,-0.02861733176221293f,0.06969429660137483f,0f,0.9616568030331171f,0.27425570765277635f,3.511335208823214f,0.02975836251763866f,0.2741342457949801f,-0.9612309062564969f,2.23429393199618f,0f,0f,0f,1f], start_interpolation: 0, interpolation_duration: 1 }
$data merge entity $(bone_jaw_lips1) { transformation: [-0.9995571218596108f,0.008161400770862845f,-0.02861733176221293f,0.15047861054630876f,0f,0.9616568030331171f,0.27425570765277635f,3.140735590315421f,0.02975836251763866f,0.2741342457949801f,-0.9612309062564969f,3.060824376123356f,0f,0f,0f,1f], start_interpolation: 0, interpolation_duration: 1 }
$data merge entity $(bone_jaw3) { transformation: [-0.9995571218596108f,0.0005445663827973145f,-0.029753379424628874f,0.12370119050570795f,0f,0.9998325481448507f,0.01829960847054446f,3.0729618740820515f,0.02975836251763866f,0.018291503973975387f,-0.9993897441652275f,2.161394480048124f,0f,0f,0f,1f], start_interpolation: 0, interpolation_duration: 1 }
$data merge entity $(bone_jaw1) { transformation: [-0.9995571218596108f,0.021423882936453587f,-0.020653749772289162f,0.1051450871946669f,0f,0.6940485976016684f,0.71992815208683f,3.7197723232225632f,0.02975836251763866f,0.71960931164562f,-0.6937412186494226f,1.5381113539177833f,0f,0f,0f,1f], start_interpolation: 0, interpolation_duration: 1 }
$data merge entity $(bone_tear_right1) { transformation: [-0.9995571218596108f,0.014257432814263336f,-0.02612060009413966f,-0.525709969047095f,0f,0.8777566332373702f,0.4791067655625384f,4.038544658459094f,0.02975836251763866f,0.4788945796491582f,-0.8773678940119276f,2.614178355367251f,0f,0f,0f,1f], start_interpolation: 0, interpolation_duration: 1 }
$data merge entity $(bone_right_pupil1) { transformation: [-0.9995571218596108f,0.014257432814263336f,-0.02612060009413966f,-0.33712840438305564f,0f,0.8777566332373702f,0.4791067655625384f,4.104837281504487f,0.02975836251763866f,0.4788945796491582f,-0.8773678940119276f,2.72156568252529f,0f,0f,0f,1f], start_interpolation: 0, interpolation_duration: 1 }
$data merge entity $(bone_right_sad_pupil1) { transformation: [-0.9995571218596108f,0.014257432814263336f,-0.02612060009413966f,-0.33742175096614413f,0f,0.8777566332373702f,0.4791067655625384f,4.110217875063051f,0.02975836251763866f,0.4788945796491582f,-0.8773678940119276f,2.711712429809336f,0f,0f,0f,1f], start_interpolation: 0, interpolation_duration: 1 }
$data merge entity $(bone_right_happy_pupil1) { transformation: [-0.9995571218596108f,0.014257432814263336f,-0.02612060009413966f,-0.36588541831293875f,0f,0.8777566332373702f,0.4791067655625384f,4.085574144407647f,0.02975836251763866f,0.4788945796491582f,-0.8773678940119276f,2.699102565590192f,0f,0f,0f,1f], start_interpolation: 0, interpolation_duration: 1 }
$data merge entity $(bone_eyelid_right1) { transformation: [-0.9995571218596108f,0.014257432814263336f,-0.02612060009413966f,0.07929224913093895f,0f,0.8777566332373702f,0.4791067655625384f,4.329959460792847f,0.02975836251763866f,0.4788945796491582f,-0.8773678940119276f,2.179292016388977f,0f,0f,0f,1f], start_interpolation: 0, interpolation_duration: 1 }
$data merge entity $(bone_eyelid_expressions_right5) { transformation: [-0.9995571218596108f,0.014257432814263336f,-0.02612060009413966f,-0.46491340795371483f,0f,0.8777566332373702f,0.4791067655625384f,4.2087940594598265f,0.02975836251763866f,0.4788945796491582f,-0.8773678940119276f,2.76933782937138f,0f,0f,0f,1f], start_interpolation: 0, interpolation_duration: 1 }
$data merge entity $(bone_eyelid_expressions_right7) { transformation: [-0.9995571218596108f,0.014257432814263336f,-0.02612060009413966f,-0.12814855732718572f,0f,0.8777566332373702f,0.4791067655625384f,4.2087940594598265f,0.02975836251763866f,0.4788945796491582f,-0.8773678940119276f,2.7593118185622147f,0f,0f,0f,1f], start_interpolation: 0, interpolation_duration: 1 }
$data merge entity $(bone_eyelid_expressions_right6) { transformation: [-0.9995571218596108f,0.014257432814263336f,-0.02612060009413966f,-0.24040350753602877f,0f,0.8777566332373702f,0.4791067655625384f,4.2087940594598265f,0.02975836251763866f,0.4788945796491582f,-0.8773678940119276f,2.76265382216527f,0f,0f,0f,1f], start_interpolation: 0, interpolation_duration: 1 }
$data merge entity $(bone_right_eye1) { transformation: [-0.9995571218596108f,0.014257432814263336f,-0.02612060009413966f,0.06836010069314313f,0f,0.8777566332373702f,0.4791067655625384f,4.324578867234283f,0.02975836251763866f,0.4788945796491582f,-0.8773678940119276f,2.189479469465237f,0f,0f,0f,1f], start_interpolation: 0, interpolation_duration: 1 }
$data merge entity $(bone_tear_left1) { transformation: [-0.9995571218596108f,0.014257432814263336f,-0.02612060009413966f,0.6866434932084096f,0f,0.8777566332373702f,0.4791067655625384f,4.038544658459094f,0.02975836251763866f,0.4788945796491582f,-0.8773678940119276f,2.578084716454256f,0f,0f,0f,1f], start_interpolation: 0, interpolation_duration: 1 }
$data merge entity $(bone_left_sad_pupil1) { transformation: [-0.9995571218596108f,0.014257432814263336f,-0.02612060009413966f,0.5044903756001784f,0f,0.8777566332373702f,0.4791067655625384f,4.110217875063051f,0.02975836251763866f,0.4788945796491582f,-0.8773678940119276f,2.6866474027864222f,0f,0f,0f,1f], start_interpolation: 0, interpolation_duration: 1 }
$data merge entity $(bone_left_pupil1) { transformation: [-0.9995571218596108f,0.014257432814263336f,-0.02612060009413966f,0.504783722183267f,0f,0.8777566332373702f,0.4791067655625384f,4.104837281504487f,0.02975836251763866f,0.4788945796491582f,-0.8773678940119276f,2.6965006555023767f,0f,0f,0f,1f], start_interpolation: 0, interpolation_duration: 1 }
$data merge entity $(bone_eyelid_left1) { transformation: [-0.9995571218596108f,0.014257432814263336f,-0.02612060009413966f,0.05684125908917035f,0f,0.8777566332373702f,0.4791067655625384f,4.329959460792847f,0.02975836251763866f,0.4788945796491582f,-0.8773678940119276f,2.179960417109588f,0f,0f,0f,1f], start_interpolation: 0, interpolation_duration: 1 }
$data merge entity $(bone_left_happy_pupil1) { transformation: [-0.9995571218596108f,0.014257432814263336f,-0.02612060009413966f,0.5321541833578052f,0f,0.8777566332373702f,0.4791067655625384f,4.085574144407647f,0.02975836251763866f,0.4788945796491582f,-0.8773678940119276f,2.6723665367657508f,0f,0f,0f,1f], start_interpolation: 0, interpolation_duration: 1 }
$data merge entity $(bone_eyelid_expressions_left5) { transformation: [-0.9995571218596108f,0.014257432814263336f,-0.02612060009413966f,0.6351851040929466f,0f,0.8777566332373702f,0.4791067655625384f,4.2087940594598265f,0.02975836251763866f,0.4788945796491582f,-0.8773678940119276f,2.7365861940614398f,0f,0f,0f,1f], start_interpolation: 0, interpolation_duration: 1 }
$data merge entity $(bone_eyelid_expressions_left7) { transformation: [-0.9995571218596108f,0.014257432814263336f,-0.02612060009413966f,0.29842025346641765f,0f,0.8777566332373702f,0.4791067655625384f,4.2087940594598265f,0.02975836251763866f,0.4788945796491582f,-0.8773678940119276f,2.746612204870605f,0f,0f,0f,1f], start_interpolation: 0, interpolation_duration: 1 }
$data merge entity $(bone_eyelid_expressions_left6) { transformation: [-0.9995571218596108f,0.014257432814263336f,-0.02612060009413966f,0.41067520367526067f,0f,0.8777566332373702f,0.4791067655625384f,4.2087940594598265f,0.02975836251763866f,0.4788945796491582f,-0.8773678940119276f,2.74327020126755f,0f,0f,0f,1f], start_interpolation: 0, interpolation_duration: 1 }
$data merge entity $(bone_left_eye1) { transformation: [-0.9995571218596108f,0.014257432814263336f,-0.02612060009413966f,0.06836010069314313f,0f,0.8777566332373702f,0.4791067655625384f,4.324578867234283f,0.02975836251763866f,0.4788945796491582f,-0.8773678940119276f,2.189479469465237f,0f,0f,0f,1f], start_interpolation: 0, interpolation_duration: 1 }
$data merge entity $(bone_crest_middle5) { transformation: [-0.9995571218596108f,0.008265942128138849f,-0.028587310829552702f,0.1005697051549049f,0f,0.9606479796261692f,0.27776871537334685f,5.312473885870995f,0.02975836251763866f,0.27764569768122405f,-0.9602225296353837f,3.271371643907024f,0f,0f,0f,1f], start_interpolation: 0, interpolation_duration: 1 }
$data merge entity $(bone_crest_middle4) { transformation: [-0.9995571218596108f,0.008265942128138849f,-0.028587310829552702f,0.09499988086934259f,0f,0.9606479796261692f,0.27776871537334685f,4.665162258974456f,0.02975836251763866f,0.27764569768122405f,-0.9602225296353837f,3.084286164024168f,0f,0f,0f,1f], start_interpolation: 0, interpolation_duration: 1 }
$data merge entity $(bone_crest_middle1) { transformation: [-0.9995571218596108f,0.008265942128138849f,-0.028587310829552702f,0.0932303896856194f,0f,0.9606479796261692f,0.27776871537334685f,4.156282392395958f,0.02975836251763866f,0.27764569768122405f,-0.9602225296353837f,3.0248505175328684f,0f,0f,0f,1f], start_interpolation: 0, interpolation_duration: 1 }
$data merge entity $(bone_crest_left5) { transformation: [-0.5490862469702489f,-0.8316202371078234f,0.08313888753678536f,-1.0100072552798254f,-0.7402924359779165f,0.5301195171433929f,0.41344940050451007f,4.702219805716494f,-0.38790643539648767f,0.16547229005601996f,-0.9067235072510291f,3.0838381873626877f,0f,0f,0f,1f], start_interpolation: 0, interpolation_duration: 1 }
$data merge entity $(bone_crest_left4) { transformation: [-0.5490862469702489f,-0.8316202371078234f,0.08313888753678536f,-0.5430330010444753f,-0.7402924359779165f,0.5301195171433929f,0.41344940050451007f,4.404545272164296f,-0.38790643539648767f,0.16547229005601996f,-0.9067235072510291f,2.9909216182394345f,0f,0f,0f,1f], start_interpolation: 0, interpolation_duration: 1 }
$data merge entity $(bone_crest_left1) { transformation: [-0.5490862469702489f,-0.8316202371078234f,0.08313888753678536f,-0.024692877993632803f,-0.7402924359779165f,0.5301195171433929f,0.41344940050451007f,4.100319438117239f,-0.38790643539648767f,0.16547229005601996f,-0.9067235072510291f,2.8377987421384905f,0f,0f,0f,1f], start_interpolation: 0, interpolation_duration: 1 }
$data merge entity $(bone_crest_center1) { transformation: [-0.9995571218596108f,0.014257432814263336f,-0.02612060009413966f,0.08716178320478558f,0f,0.8777566332373702f,0.4791067655625384f,4.075675707461835f,0.02975836251763866f,0.4788945796491582f,-0.8773678940119276f,2.8210113841099393f,0f,0f,0f,1f], start_interpolation: 0, interpolation_duration: 1 }
$data merge entity $(bone_crest_right5) { transformation: [-0.5250370532206456f,0.8399913448020375f,-0.13693295221766555f,1.1980232661750057f,0.7402924359779165f,0.5301195171433929f,0.41344940050451007f,4.702219805716494f,0.41988474844802776f,0.11570582613386729f,-0.9001716279795846f,3.018101701402567f,0f,0f,0f,1f], start_interpolation: 0, interpolation_duration: 1 }
$data merge entity $(bone_crest_right4) { transformation: [-0.5250370532206456f,0.8399913448020375f,-0.13693295221766555f,0.7263484387715178f,0.7402924359779165f,0.5301195171433929f,0.41344940050451007f,4.404545272164296f,0.41988474844802776f,0.11570582613386729f,-0.9001716279795846f,2.9531301681731f,0f,0f,0f,1f], start_interpolation: 0, interpolation_duration: 1 }
$data merge entity $(bone_crest_right1) { transformation: [-0.5250370532206456f,0.8399913448020375f,-0.13693295221766555f,0.1998170224240532f,0.7402924359779165f,0.5301195171433929f,0.41344940050451007f,4.100319438117239f,0.41988474844802776f,0.11570582613386729f,-0.9001716279795846f,2.83111473493238f,0f,0f,0f,1f], start_interpolation: 0, interpolation_duration: 1 }
$data merge entity $(bone_head1) { transformation: [-1.0477128686158674f,0.014944314343075495f,-0.027379014421591685f,0.05142545035489756f,0f,0.9200443877032326f,0.5021887321326084f,4.571223420756898f,0.031192033628514467f,0.5019663237207971f,-0.919636920155731f,1.620659517031281f,0f,0f,0f,1f], start_interpolation: 0, interpolation_duration: 1 }
$data merge entity $(bone_neck10) { transformation: [-1.49673266945124f,0.019198450980657596f,-0.04021215439809084f,0.017014755052060557f,0f,1.3512892174176556f,0.6451447376944248f,4.625502281138878f,0.04456004804073497f,0.6448590171927129f,-1.3506907609619174f,0.4648346446881009f,0f,0f,0f,1f], start_interpolation: 0, interpolation_duration: 1 }
$data merge entity $(bone_neck9) { transformation: [-1.1450004921301993f,0.01633200067493252f,-0.029921351475025233f,-0.0023338070103522046f,0f,1.0054770808471052f,0.5488205429734939f,3.317108916187985f,0.03408843675116228f,0.5485774823520145f,-1.0050317770273356f,-0.18506647120038153f,0f,0f,0f,1f], start_interpolation: 0, interpolation_duration: 1 }
$data merge entity $(bone_neck8) { transformation: [-1.0626801953103806f,-0.007585731040337516f,-0.03071476154219131f,0.004292877506279177f,0f,1.0321388323697502f,-0.2549109022998571f,2.5550333799077f,0.031637634108921835f,-0.2547980078334816f,-1.0316817206430469f,0.03751801069070437f,0f,0f,0f,1f], start_interpolation: 0, interpolation_duration: 1 }
$data merge entity $(bone_neck7) { transformation: [-1.0551965319631242f,-0.015524388567830748f,-0.027310897945585152f,0.018916126112582587f,0f,0.9177554016756525f,-0.5216815461075516f,1.7356474095124215f,0.031414833868718156f,-0.5214505047545361f,-0.9173489478700263f,0.5287000197979062f,0f,0f,0f,1f], start_interpolation: 0, interpolation_duration: 1 }
$data merge entity $(bone_neck6) { transformation: [-1.0492096012853191f,-0.009605964531801217f,-0.029722890672476434f,0.027151683633955877f,0f,0.9988080041319072f,-0.32279882759367146f,0.8503092072689307f,0.031236593676555215f,-0.3226558670491869f,-0.9983656539004314f,0.8053251253659244f,0f,0f,0f,1f], start_interpolation: 0, interpolation_duration: 1 }
$data merge entity $(bone_neck_spine6) { transformation: [-1.2722820342896408f,-0.012032486608285833f,0.033749266755655365f,-0.11805164921938756f,0.03520127901745137f,-0.19614535846719366f,1.2570891920719156f,0.42553656322368116f,-0.00668309030752236f,1.2575243878885638f,0.19640040398671288f,-1.8545577889281153f,0f,0f,0f,1f], start_interpolation: 0, interpolation_duration: 1 }
$data merge entity $(bone_neck_spine7) { transformation: [-0.9760347038737831f,-0.1587488390012807f,0.1488457690018825f,0.21307996725421308f,0.06566742037115347f,0.43724575773374724f,0.8969414346799013f,0.5453522806420208f,-0.20747059246026783f,0.8852202852734379f,-0.4163424069255962f,-5.594059935565038f,0f,0f,0f,1f], start_interpolation: 0, interpolation_duration: 1 }
$data merge entity $(bone_tail6) { transformation: [-1.5507713663871054f,-0.7480939642963339f,-0.027668164095072046f,1.6459390374198692f,-0.45838068055817893f,0.8985899095755647f,1.3956092804317144f,-1.3858823607110844f,-0.5918591542014177f,1.264196793430319f,-1.0083705403251368f,-8.711645613967166f,0f,0f,0f,1f], start_interpolation: 0, interpolation_duration: 1 }
$data merge entity $(bone_tail5) { transformation: [-1.2810719983197827f,-0.617990666157841f,-0.022856309469842125f,1.2556291430043907f,-0.3786623013306696f,0.742313403562423f,1.1528946229653292f,-0.9170528426716593f,-0.48892712738377975f,1.044336481529394f,-0.8330017507033738f,-8.05206467826439f,0f,0f,0f,1f], start_interpolation: 0, interpolation_duration: 1 }
$data merge entity $(bone_tail4) { transformation: [-0.9439477882356292f,-0.45536154348472496f,-0.016841491188304723f,1.0604741957966515f,-0.2790143272962828f,0.5469677710459958f,0.8495013011323477f,-0.6826380836519468f,-0.3602620938617324f,0.7695110916532376f,-0.6137907636761701f,-7.722274210413002f,0f,0f,0f,1f], start_interpolation: 0, interpolation_duration: 1 }
$data merge entity $(bone_segment18) { transformation: [-0.9005613681552339f,-0.4313779681778689f,-0.05387272739621134f,0.8182453562436489f,-0.26619006629011827f,0.44919966364528274f,0.8528555040506144f,-0.43040194439800383f,-0.3437034634606342f,0.7823891044433698f,-0.51936039361263f,-7.282944391023415f,0f,0f,0f,1f], start_interpolation: 0, interpolation_duration: 1 }
$data merge entity $(bone_segment17) { transformation: [-0.9002542032092765f,-0.4148290259981236f,0.1321334506984457f,0.5154282693944323f,0.0069757064910328445f,0.28971759188985424f,0.9570867549331644f,-0.21891376086512657f,-0.4353087514890799f,0.8625430981342277f,-0.257925754313187f,-6.653304775930313f,0f,0f,0f,1f], start_interpolation: 0, interpolation_duration: 1 }
$data merge entity $(bone_segment16) { transformation: [-0.9421602648341705f,-0.3086237807806189f,0.13071112157839543f,0.2208191427215268f,0.03998137068218614f,0.2837178060106756f,0.9580739515041949f,0.05192037524369733f,-0.332769477816069f,0.9078852176840226f,-0.2549684414684601f,-5.786646767838387f,0f,0f,0f,1f], start_interpolation: 0, interpolation_duration: 1 }
$data merge entity $(bone_segment15) { transformation: [-0.9760347038737831f,-0.19186372328535994f,0.10268674949132987f,-0.005426409883035818f,0.06566742037115347f,0.19020144419362256f,0.9795464259178626f,0.27620576964193877f,-0.20747059246026783f,0.9628144796967582f,-0.1730440144889338f,-4.651296685578782f,0f,0f,0f,1f], start_interpolation: 0, interpolation_duration: 1 }
$data merge entity $(bone_segment14) { transformation: [-1.042287337290789f,-0.09854354024115497f,0.051004658857684515f,-0.11628789265433515f,0.05908865960143391f,-0.08511250468045899f,1.0430434266504425f,0.18045420187642244f,-0.09391929969369861f,1.0400578013980428f,0.09018942799068258f,-3.4812316590059833f,0f,0f,0f,1f], start_interpolation: 0, interpolation_duration: 1 }
$data merge entity $(bone_segment13) { transformation: [-1.0253096393981223f,-0.014272325373124159f,0.025100914503734653f,-0.13416424966974094f,0.02836808956112257f,-0.33158570731316955f,0.9702266652816057f,-0.2454578063761255f,-0.00538578454194449f,0.9705363626661582f,0.33184902273594097f,-2.321420841973798f,0f,0f,0f,1f], start_interpolation: 0, interpolation_duration: 1 }
$data merge entity $(bone_segment12) { transformation: [-1.113858060520142f,0.053462609253073154f,0.03059169197408556f,-0.06957854721636397f,0.028371018304232772f,-0.04647913387062617f,1.1142300734707773f,-0.3016070956158081f,0.054673462725210696f,1.1133082774856955f,0.045048562098532974f,-0.976484667830005f,0f,0f,0f,1f], start_interpolation: 0, interpolation_duration: 1 }
$data merge entity $(bone_segment11) { transformation: [-1.1887026019465758f,0.06409526772039957f,-0.0008727328559550649f,0.004657201979849986f,0.02950554662958573f,0.5614931951126383f,1.0492748236003937f,0.34728445656412965f,0.05690683372739078f,1.0477308954972162f,-0.562267217412746f,0.23432890957303543f,0f,0f,0f,1f], start_interpolation: 0, interpolation_duration: 1 }
$data merge entity $(bone_segment10) { transformation: [-1.0477128686158679f,0.018373755680462067f,-0.02520611164136719f,0.02895621857628968f,0f,0.8470261637019435f,0.6174316772158212f,1.2143680146342062f,0.03119203362851448f,0.6171582302227984f,-0.8466510343297021f,0.8659378607671127f,0f,0f,0f,1f], start_interpolation: 0, interpolation_duration: 1 }