# This file was generated by Animated Java via MC-Build. It is not recommended to edit this file directly.
$data merge entity $(bone_neck_spine5) { transformation: [-1.36664237106276f,0.009277763285258929f,-0.037472828564583865f,0.08769635426418354f,0f,1.3271169462033505f,0.32857612703320976f,3.6906585846602473f,0.03860427142439021f,0.3284451162136025f,-1.3265877943127156f,-0.48943891556622526f,0f,0f,0f,1f], start_interpolation: 0, interpolation_duration: 1 }
$data merge entity $(bone_neck_spine2) { transformation: [-1.301564162916914f,0.011650035277599616f,-0.0348713841547459f,0.038967270246793785f,0f,1.2349856315108465f,0.41259119828978424f,4.658135236909695f,0.03676597278513353f,0.412426688739018f,-1.2344932144833265f,1.244026602794872f,0f,0f,0f,1f], start_interpolation: 0, interpolation_duration: 1 }
$data merge entity $(bone_scale_neck_left1) { transformation: [-1.3783516297638956f,0.38634524563613315f,0.04841027064938057f,0.7144864643681201f,0.3332613087746213f,1.0784969438661427f,0.88161253425073f,3.9237182889553f,0.20135318026745197f,0.8596750035033728f,-1.127774447108302f,0.9485236311070433f,0f,0f,0f,1f], start_interpolation: 0, interpolation_duration: 1 }
$data merge entity $(bone_scale_neck_right1) { transformation: [-1.3875201372103756f,-0.337200520896923f,-0.1119959639688927f,-0.6521559066946396f,-0.3332613087746213f,1.0784969438661427f,0.88161253425073f,3.9237182889553f,-0.12322413445548867f,0.8801133842755784f,-1.1232433671780402f,0.9871279025314335f,0f,0f,0f,1f], start_interpolation: 0, interpolation_duration: 1 }
$data merge entity $(bone_blush_right1) { transformation: [-0.99960127712019f,0.013648685987696762f,-0.024718417232790908f,-0.5160054854260114f,0f,0.8754137771165083f,0.4833743051038277f,3.214863509714606f,0.028236267098982554f,0.4831815727088707f,-0.8750647296142711f,2.002639615891227f,0f,0f,0f,1f], start_interpolation: 0, interpolation_duration: 1 }
$data merge entity $(bone_blush_left1) { transformation: [-0.99960127712019f,0.013648685987696762f,-0.024718417232790908f,0.6358787987554575f,0f,0.8754137771165083f,0.4833743051038277f,3.214863509714606f,0.028236267098982554f,0.4831815727088707f,-0.8750647296142711f,1.9701017299763839f,0f,0f,0f,1f], start_interpolation: 0, interpolation_duration: 1 }
$data merge entity $(bone_left_head_scales) { transformation: [-0.875243466785788f,0.013648685987696762f,-0.4834900073627213f,0.6458555689036294f,-0.2231974150551406f,0.8754137771165083f,0.42875824510709015f,3.935761910019362f,0.4291058001955909f,0.4831815727088707f,-0.7631538377241407f,1.9774386481646469f,0f,0f,0f,1f], start_interpolation: 0, interpolation_duration: 1 }
$data merge entity $(bone_left_head_scales2) { transformation: [-0.8046475279582681f,0.013648685987696762f,-0.5935958803103819f,0.6388133948750758f,-0.27725211134511674f,0.8754137771165083f,0.39595705018257127f,3.181038113672896f,0.5250463051058668f,0.4831815727088707f,-0.7006154046902333f,1.7281363544879322f,0f,0f,0f,1f], start_interpolation: 0, interpolation_duration: 1 }
$data merge entity $(bone_left_head_scales1) { transformation: [-0.99960127712019f,0.013648685987696762f,-0.024718417232790908f,0.6445226894126433f,0f,0.8754137771165083f,0.4833743051038277f,3.850272283347828f,0.028236267098982554f,0.4831815727088707f,-0.8750647296142711f,1.9302529477047963f,0f,0f,0f,1f], start_interpolation: 0, interpolation_duration: 1 }
$data merge entity $(bone_right_head_scales) { transformation: [-0.8980708565430005f,0.013648685987696762f,0.4396389996337118f,-0.5255521777215932f,0.2231974150551406f,0.8754137771165083f,0.42875824510709015f,3.935761910019362f,-0.37901405058496823f,0.4831815727088707f,-0.7892299520759192f,2.010528023671267f,0f,0f,0f,1f], start_interpolation: 0, interpolation_duration: 1 }
$data merge entity $(bone_right_head_scales2) { transformation: [-0.8330033312955132f,0.013648685987696762f,0.5530995962947242f,-0.5325943517501468f,0.27725211134511674f,0.8754137771165083f,0.39595705018257127f,3.181038113672896f,-0.47878671327142375f,0.4831815727088707f,-0.7330067196072148f,1.7612257299945524f,0f,0f,0f,1f], start_interpolation: 0, interpolation_duration: 1 }
$data merge entity $(bone_right_head_scales1) { transformation: [-0.99960127712019f,0.013648685987696762f,-0.024718417232790908f,-0.5268850572125793f,0f,0.8754137771165083f,0.4833743051038277f,3.850272283347828f,0.028236267098982554f,0.4831815727088707f,-0.8750647296142711f,1.9633423232114164f,0f,0f,0f,1f], start_interpolation: 0, interpolation_duration: 1 }
$data merge entity $(bone_head_left_fin1) { transformation: [-0.6734780591949919f,0.025371843112477598f,-0.738771665239012f,0.6377139723614982f,-0.10474078329812314f,0.9860519686804189f,0.1293479160078191f,3.565089697329007f,0.7317490499461154f,0.16449250632945595f,-0.6614268994109715f,1.6892153404312804f,0f,0f,0f,1f], start_interpolation: 0, interpolation_duration: 1 }
$data merge entity $(bone_head_right_fin1) { transformation: [-0.7137113954224564f,-0.01604578101321069f,0.7002560795564764f,-0.5336937742637244f,0.10474078329812314f,0.9860519686804189f,0.1293479160078191f,3.565089697329007f,-0.6925643741618722f,0.16566245191094559f,-0.7020758788540082f,1.7223047159379006f,0f,0f,0f,1f], start_interpolation: 0, interpolation_duration: 1 }
$data merge entity $(bone_right_whisker16) { transformation: [0.2555951568604188f,0.9107378124316601f,-0.32438827475217435f,-0.9925462242429148f,0.9579953691398515f,-0.28372840806806443f,-0.04175000792528061f,1.1847540400922734f,-0.13006147967825465f,-0.3000913651912631f,-0.945002213776003f,1.707000547739372f,0f,0f,0f,1f], start_interpolation: 0, interpolation_duration: 1 }
$data merge entity $(bone_right_whisker15) { transformation: [-0.8695844616193174f,0.37228364362881916f,-0.32438827475217435f,-0.7377851515028804f,0.40634455990312135f,0.9127655972238311f,-0.04175000792528061f,1.0657077823081558f,0.2805476122646212f,-0.1681185689062123f,-0.945002213776003f,1.6248088644587213f,0f,0f,0f,1f], start_interpolation: 0, interpolation_duration: 1 }
$data merge entity $(bone_right_whisker14) { transformation: [-0.7049058388134537f,-0.6307773027067547f,-0.32438827475217435f,-0.5312697690380014f,-0.6555179369290701f,0.7540246489356262f,-0.04175000792528061f,1.2577540528928444f,0.2709317123759357f,0.18321250827248758f,-0.945002213776003f,1.5454343393485839f,0f,0f,0f,1f], start_interpolation: 0, interpolation_duration: 1 }
$data merge entity $(bone_right_whisker13) { transformation: [-0.09832233522557197f,-0.9903761515505838f,-0.09740532241949193f,-0.5024643973898846f,-0.9841212978338685f,0.08223058705450591f,0.15730035506143478f,1.5460708393676106f,-0.14777682343849619f,0.11132479055684866f,-0.9827353669538412f,1.5887283305903308f,0f,0f,0f,1f], start_interpolation: 0, interpolation_duration: 1 }
$data merge entity $(bone_right_whisker12) { transformation: [0.05668155849320502f,-0.9956598119904954f,-0.07381557907266417f,-0.5246056311762928f,-0.926947477636309f,-0.07994672360080499f,0.3665745423364538f,1.9081596978192938f,-0.3708848536007714f,0.04764514846810594f,-0.9274558561985504f,1.733605226528132f,0f,0f,0f,1f], start_interpolation: 0, interpolation_duration: 1 }
$data merge entity $(bone_right_whisker11) { transformation: [0.2899476147151448f,-0.955554110019701f,-0.05335469562704847f,-0.6378664181743963f,-0.953404648966077f,-0.2932525132356138f,0.07086987237795392f,2.280583388821668f,-0.08336639641287896f,0.030320064403843446f,-0.9960575975533128f,1.766170225126913f,0f,0f,0f,1f], start_interpolation: 0, interpolation_duration: 1 }
$data merge entity $(bone_right_whisker10) { transformation: [0.07546146667518275f,-0.9953768714325473f,0.0594175972619595f,-0.6673435535943896f,-0.9815437298516018f,-0.08464918188092722f,-0.17148300905890168f,2.66399890829495f,0.17571987205844378f,-0.04538061066186576f,-0.9833936784115099f,1.6975296501040833f,0f,0f,0f,1f], start_interpolation: 0, interpolation_duration: 1 }
$data merge entity $(bone_right_whisker1) { transformation: [-0.3429295016299741f,-0.9389176138518995f,0.028862974733606397f,-0.5333867170201809f,-0.9349184112108732f,0.3441312760739985f,0.08660963691540374f,3.029201412674197f,-0.09125196595555807f,0.0027164731429895617f,-0.9958241307996654f,1.7331749493054731f,0f,0f,0f,1f], start_interpolation: 0, interpolation_duration: 1 }
$data merge entity $(bone_left_whisker16) { transformation: [0.2625295643601325f,-0.9262257367550157f,0.27052562246394907f,1.094970827796631f,-0.9579953691398515f,-0.28372840806806443f,-0.04175000792528061f,1.1847540400922734f,0.11542573605343916f,-0.24820168216148314f,-0.9618070619561556f,1.6480333471122544f,0f,0f,0f,1f], start_interpolation: 0, interpolation_duration: 1 }
$data merge entity $(bone_left_whisker15) { transformation: [-0.884034762796815f,-0.3811803060984022f,0.27052562246394907f,0.8359762683835017f,-0.40634455990312135f,0.9127655972238311f,-0.04175000792528061f,1.0657077823081558f,-0.2310122005520861f,-0.14683507335562185f,-0.9618070619561556f,1.5803539914817604f,0f,0f,0f,1f], start_interpolation: 0, interpolation_duration: 1 }
$data merge entity $(bone_left_whisker14) { transformation: [-0.7190759144535371f,0.6401138311607568f,0.27052562246394907f,0.6253094965709419f,0.6555179369290701f,0.7540246489356262f,-0.04175000792528061f,1.2577540528928444f,-0.23070774503051425f,0.14731297279670696f,-0.9618070619561556f,1.512763831804852f,0f,0f,0f,1f], start_interpolation: 0, interpolation_duration: 1 }
$data merge entity $(bone_left_whisker13) { transformation: [-0.0898235487889231f,0.995081210279067f,0.04177457399556636f,0.5989940037616871f,0.9841212978338685f,0.08223058705450591f,0.15730035506143478f,1.5460708393676106f,0.15309147994825237f,0.05524052409434944f,-0.9866668552581644f,1.5576148513209416f,0f,0f,0f,1f], start_interpolation: 0, interpolation_duration: 1 }
$data merge entity $(bone_left_whisker12) { transformation: [0.07752763198320996f,0.9967617286357632f,0.021342975568582778f,0.6292782350051285f,0.926947477636309f,-0.07994672360080499f,0.3665745423364538f,1.9081596978192938f,0.36709377546174793f,-0.008635838844123084f,-0.9301438503289146f,1.7010108573606868f,0f,0f,0f,1f], start_interpolation: 0, interpolation_duration: 1 }
$data merge entity $(bone_left_whisker11) { transformation: [0.2941913064354051f,0.9557419768616473f,-0.002957850980021534f,0.7441967140814586f,0.953404648966077f,-0.2932525132356138f,0.07086987237795392f,2.280583388821668f,0.06686591469277076f,-0.023669329217082175f,-0.9974811839361746f,1.7271303552875503f,0f,0f,0f,1f], start_interpolation: 0, interpolation_duration: 1 }
$data merge entity $(bone_left_whisker10) { transformation: [0.06542174799687615f,0.9912279335345106f,-0.11483544169783624f,0.7697520843927383f,0.9815437298516018f,-0.08464918188092722f,-0.17148300905890168f,2.66399890829495f,-0.17969947489639143f,-0.10149728955885291f,-0.978471460459715f,1.6569352479061474f,0f,0f,0f,1f], start_interpolation: 0, interpolation_duration: 1 }
$data merge entity $(bone_left_whisker1) { transformation: [-0.33723150025650356f,0.9375737856063588f,-0.08503124001512237f,0.6380210296050417f,0.9349184112108732f,0.3441312760739985f,0.08660963691540374f,3.029201412674197f,0.11046483428532605f,-0.05028977402457596f,-0.9926069005476803f,1.700085573798853f,0f,0f,0f,1f], start_interpolation: 0, interpolation_duration: 1 }
$data merge entity $(bone_upper_left_tooth1) { transformation: [-0.99960127712019f,0.011442396603392208f,-0.025813917557313205f,0.34570260918293183f,0f,0.9142114099863917f,0.4052375819820927f,2.9705317028609635f,0.028236267098982554f,0.4050760044863978f,-0.913846892980247f,2.591891085201234f,0f,0f,0f,1f], start_interpolation: 0, interpolation_duration: 1 }
$data merge entity $(bone_upper_right_tooth1) { transformation: [-0.99960127712019f,0.011442396603392208f,-0.025813917557313205f,-0.24000126412967948f,0f,0.9142114099863917f,0.4052375819820927f,2.9705317028609635f,0.028236267098982554f,0.4050760044863978f,-0.913846892980247f,2.608435772954544f,0f,0f,0f,1f], start_interpolation: 0, interpolation_duration: 1 }
$data merge entity $(bone_top_lip1) { transformation: [-0.99960127712019f,-0.0004205276192276123f,-0.02823313542996157f,0.07848447665434741f,0f,0.9998890905440863f,-0.014893173299198759f,3.068738006668095f,0.028236267098982554f,-0.014887235050251246f,-0.9994904118864142f,2.6429880821837717f,0f,0f,0f,1f], start_interpolation: 0, interpolation_duration: 1 }
$data merge entity $(bone_muzzle1) { transformation: [-0.99960127712019f,0.011442396603392208f,-0.025813917557313205f,0.0675561570370156f,0f,0.9142114099863917f,0.4052375819820927f,3.4005256067550143f,0.028236267098982554f,0.4050760044863978f,-0.913846892980247f,2.2561110843154477f,0f,0f,0f,1f], start_interpolation: 0, interpolation_duration: 1 }
$data merge entity $(bone_jaw_right_tooth1) { transformation: [-0.99960127712019f,-0.004372129102837577f,-0.027895721299030885f,-0.24038006072296814f,0f,0.9879394185230687f,-0.15484090327914185f,2.8319771656103883f,0.028236267098982554f,-0.15477916466827382f,-0.9875455044730376f,2.5950258715290904f,0f,0f,0f,1f], start_interpolation: 0, interpolation_duration: 1 }
$data merge entity $(bone_jaw_left_tooth1) { transformation: [-0.99960127712019f,-0.004372129102837577f,-0.027895721299030885f,0.39413246869902746f,0f,0.9879394185230687f,-0.15484090327914185f,2.8319771656103883f,0.028236267098982554f,-0.15477916466827382f,-0.9875455044730376f,2.5771024597963375f,0f,0f,0f,1f], start_interpolation: 0, interpolation_duration: 1 }
$data merge entity $(bone_tongue1) { transformation: [-0.99960127712019f,0.00757895053647992f,-0.027200115596274135f,0.057782448314836796f,0f,0.9633042321396031f,0.2684119154246496f,3.0122324286566537f,0.028236267098982554f,0.26830489345275643f,-0.9629201407020315f,1.9101088423532757f,0f,0f,0f,1f], start_interpolation: 0, interpolation_duration: 1 }
$data merge entity $(bone_jaw_lips1) { transformation: [-0.99960127712019f,0.00757895053647992f,-0.027200115596274135f,0.12699004543065495f,0f,0.9633042321396031f,0.2684119154246496f,2.6943523400058536f,0.028236267098982554f,0.26830489345275643f,-0.9629201407020315f,2.6308796649286417f,0f,0f,0f,1f], start_interpolation: 0, interpolation_duration: 1 }
$data merge entity $(bone_jaw3) { transformation: [-0.99960127712019f,0.0005383345306365327f,-0.028231134862385696f,0.10489504235255598f,0f,0.9998182395506151f,0.019065357639145353f,2.63601796325115f,0.028236267098982554f,0.019057755844843094f,-0.9994195891428551f,1.8486872732283204f,0f,0f,0f,1f], start_interpolation: 0, interpolation_duration: 1 }
$data merge entity $(bone_jaw1) { transformation: [-0.99960127712019f,0.020343086898944845f,-0.019581766904624903f,0.08959678695831777f,0f,0.6934970134678495f,0.7204595008126224f,3.198876948261011f,0.028236267098982554f,0.7201722371256722f,-0.6932205003415f,1.3071087573365237f,0f,0f,0f,1f], start_interpolation: 0, interpolation_duration: 1 }
$data merge entity $(bone_tear_right1) { transformation: [-0.99960127712019f,0.013648685987696762f,-0.024718417232790908f,-0.4603592339585755f,0f,0.8754137771165083f,0.4833743051038277f,3.4715931332804586f,0.028236267098982554f,0.4831815727088707f,-0.8750647296142711f,2.243320829522516f,0f,0f,0f,1f], start_interpolation: 0, interpolation_duration: 1 }
$data merge entity $(bone_right_pupil1) { transformation: [-0.99960127712019f,0.013648685987696762f,-0.024718417232790908f,-0.29650975692228654f,0f,0.8754137771165083f,0.4833743051038277f,3.528760046762315f,0.028236267098982554f,0.4831815727088707f,-0.8750647296142711f,2.337230073674876f,0f,0f,0f,1f], start_interpolation: 0, interpolation_duration: 1 }
$data merge entity $(bone_right_sad_pupil1) { transformation: [-0.99960127712019f,0.013648685987696762f,-0.024718417232790908f,-0.2967511477155755f,0f,0.8754137771165083f,0.4833743051038277f,3.5334804989605946f,0.028236267098982554f,0.4831815727088707f,-0.8750647296142711f,2.328684519674737f,0f,0f,0f,1f], start_interpolation: 0, interpolation_duration: 1 }
$data merge entity $(bone_right_happy_pupil1) { transformation: [-0.99960127712019f,0.013648685987696762f,-0.024718417232790908f,-0.3214883790024007f,0f,0.8754137771165083f,0.4833743051038277f,3.512108365859517f,0.028236267098982554f,0.4831815727088707f,-0.8750647296142711f,2.3175775987199034f,0f,0f,0f,1f], start_interpolation: 0, interpolation_duration: 1 }
$data merge entity $(bone_eyelid_right1) { transformation: [-0.99960127712019f,0.013648685987696762f,-0.024718417232790908f,0.06633983729214081f,0f,0.8754137771165083f,0.4833743051038277f,3.726758295538806f,0.028236267098982554f,0.4831815727088707f,-0.8750647296142711f,1.8671977859723023f,0f,0f,0f,1f], start_interpolation: 0, interpolation_duration: 1 }
$data merge entity $(bone_eyelid_expressions_right5) { transformation: [-0.99960127712019f,0.013648685987696762f,-0.024718417232790908f,-0.4076778649007743f,0f,0.8754137771165083f,0.4833743051038277f,3.6189701256321287f,0.028236267098982554f,0.4831815727088707f,-0.8750647296142711f,2.3790412764634716f,0f,0f,0f,1f], start_interpolation: 0, interpolation_duration: 1 }
$data merge entity $(bone_eyelid_expressions_right7) { transformation: [-0.99960127712019f,0.013648685987696762f,-0.024718417232790908f,-0.11482592824446859f,0f,0.8754137771165083f,0.4833743051038277f,3.6189701256321287f,0.028236267098982554f,0.4831815727088707f,-0.8750647296142711f,2.3707689325868166f,0f,0f,0f,1f], start_interpolation: 0, interpolation_duration: 1 }
$data merge entity $(bone_eyelid_expressions_right6) { transformation: [-0.99960127712019f,0.013648685987696762f,-0.024718417232790908f,-0.21244324046323715f,0f,0.8754137771165083f,0.4833743051038277f,3.6189701256321287f,0.028236267098982554f,0.4831815727088707f,-0.8750647296142711f,2.3735263805457016f,0f,0f,0f,1f], start_interpolation: 0, interpolation_duration: 1 }
$data merge entity $(bone_right_eye1) { transformation: [-0.99960127712019f,0.013648685987696762f,-0.024718417232790908f,0.05681949686355293f,0f,0.8754137771165083f,0.4833743051038277f,3.7220378433405266f,0.028236267098982554f,0.4831815727088707f,-0.8750647296142711f,1.8760190847683302f,0f,0f,0f,1f], start_interpolation: 0, interpolation_duration: 1 }
$data merge entity $(bone_tear_left1) { transformation: [-0.99960127712019f,0.013648685987696762f,-0.024718417232790908f,0.593907738004125f,0f,0.8754137771165083f,0.4833743051038277f,3.4715931332804586f,0.028236267098982554f,0.4831815727088707f,-0.8750647296142711f,2.213540391566558f,0f,0f,0f,1f], start_interpolation: 0, interpolation_duration: 1 }
$data merge entity $(bone_left_sad_pupil1) { transformation: [-0.99960127712019f,0.013648685987696762f,-0.024718417232790908f,0.4353786939251887f,0f,0.8754137771165083f,0.4833743051038277f,3.5334804989605946f,0.028236267098982554f,0.4831815727088707f,-0.8750647296142711f,2.308003659983099f,0f,0f,0f,1f], start_interpolation: 0, interpolation_duration: 1 }
$data merge entity $(bone_left_pupil1) { transformation: [-0.99960127712019f,0.013648685987696762f,-0.024718417232790908f,0.43562008471847763f,0f,0.8754137771165083f,0.4833743051038277f,3.528760046762315f,0.028236267098982554f,0.4831815727088707f,-0.8750647296142711f,2.3165492139832384f,0f,0f,0f,1f], start_interpolation: 0, interpolation_duration: 1 }
$data merge entity $(bone_eyelid_left1) { transformation: [-0.99960127712019f,0.013648685987696762f,-0.024718417232790908f,0.0468163748483871f,0f,0.8754137771165083f,0.4833743051038277f,3.726758295538806f,0.028236267098982554f,0.4831815727088707f,-0.8750647296142711f,1.8677492755640794f,0f,0f,0f,1f], start_interpolation: 0, interpolation_duration: 1 }
$data merge entity $(bone_left_happy_pupil1) { transformation: [-0.99960127712019f,0.013648685987696762f,-0.024718417232790908f,0.45945011874774777f,0f,0.8754137771165083f,0.4833743051038277f,3.512108365859517f,0.028236267098982554f,0.4831815727088707f,-0.8750647296142711f,2.2955180150488235f,0f,0f,0f,1f], start_interpolation: 0, interpolation_duration: 1 }
$data merge entity $(bone_eyelid_expressions_left5) { transformation: [-0.99960127712019f,0.013648685987696762f,-0.024718417232790908f,0.5489717948431575f,0f,0.8754137771165083f,0.4833743051038277f,3.6189701256321287f,0.028236267098982554f,0.4831815727088707f,-0.8750647296142711f,2.3520182864663983f,0f,0f,0f,1f], start_interpolation: 0, interpolation_duration: 1 }
$data merge entity $(bone_eyelid_expressions_left7) { transformation: [-0.99960127712019f,0.013648685987696762f,-0.024718417232790908f,0.2561198581868519f,0f,0.8754137771165083f,0.4833743051038277f,3.6189701256321287f,0.028236267098982554f,0.4831815727088707f,-0.8750647296142711f,2.3602906303430533f,0f,0f,0f,1f], start_interpolation: 0, interpolation_duration: 1 }
$data merge entity $(bone_eyelid_expressions_left6) { transformation: [-0.99960127712019f,0.013648685987696762f,-0.024718417232790908f,0.35373717040562047f,0f,0.8754137771165083f,0.4833743051038277f,3.6189701256321287f,0.028236267098982554f,0.4831815727088707f,-0.8750647296142711f,2.3575331823841683f,0f,0f,0f,1f], start_interpolation: 0, interpolation_duration: 1 }
$data merge entity $(bone_left_eye1) { transformation: [-0.99960127712019f,0.013648685987696762f,-0.024718417232790908f,0.05681949686355293f,0f,0.8754137771165083f,0.4833743051038277f,3.7220378433405266f,0.028236267098982554f,0.4831815727088707f,-0.8750647296142711f,1.8760190847683302f,0f,0f,0f,1f], start_interpolation: 0, interpolation_duration: 1 }
$data merge entity $(bone_crest_middle5) { transformation: [-0.99960127712019f,0.00797511294919592f,-0.027086608372637794f,0.08351303535913049f,0f,0.9592843231608975f,0.2824421840620459f,4.5764847648333635f,0.028236267098982554f,0.282329567901037f,-0.9589018345530103f,2.8210057247338436f,0f,0f,0f,1f], start_interpolation: 0, interpolation_duration: 1 }
$data merge entity $(bone_crest_middle4) { transformation: [-0.99960127712019f,0.00797511294919592f,-0.027086608372637794f,0.078840117615461f,0f,0.9592843231608975f,0.2824421840620459f,4.014404106731275f,0.028236267098982554f,0.282329567901037f,-0.9589018345530103f,2.6555782435418296f,0f,0f,0f,1f], start_interpolation: 0, interpolation_duration: 1 }
$data merge entity $(bone_crest_middle1) { transformation: [-0.99960127712019f,0.00797511294919592f,-0.027086608372637794f,0.07731932022144182f,0f,0.9592843231608975f,0.2824421840620459f,3.5721568414885447f,0.028236267098982554f,0.282329567901037f,-0.9589018345530103f,2.601740000265068f,0f,0f,0f,1f], start_interpolation: 0, interpolation_duration: 1 }
$data merge entity $(bone_crest_left5) { transformation: [-0.5485965597082725f,-0.8317984183140051f,0.0845766277795878f,-0.8820295064492005f,-0.7383164911668112f,0.5294284964963281f,0.41784473907034586f,4.046768779880548f,-0.39233986994361875f,0.166783867289246f,-0.9045731413571086f,2.653882697532892f,0f,0f,0f,1f], start_interpolation: 0, interpolation_duration: 1 }
$data merge entity $(bone_crest_left4) { transformation: [-0.5485965597082725f,-0.8317984183140051f,0.0845766277795878f,-0.47587793500681524f,-0.7383164911668112f,0.5294284964963281f,0.41784473907034586f,3.7882587718256997f,-0.39233986994361875f,0.166783867289246f,-0.9045731413571086f,2.572445262333065f,0f,0f,0f,1f], start_interpolation: 0, interpolation_duration: 1 }
$data merge entity $(bone_crest_left1) { transformation: [-0.5485965597082725f,-0.8317984183140051f,0.0845766277795878f,-0.024981488266891186f,-0.7383164911668112f,0.5294284964963281f,0.41784473907034586f,3.5243003381152866f,-0.39233986994361875f,0.166783867289246f,-0.9045731413571086f,2.438695473195428f,0f,0f,0f,1f], start_interpolation: 0, interpolation_duration: 1 }
$data merge entity $(bone_crest_center1) { transformation: [-0.99960127712019f,0.013648685987696762f,-0.024718417232790908f,0.07230260834434524f,0f,0.8754137771165083f,0.4833743051038277f,3.5029282050142085f,0.028236267098982554f,0.4831815727088707f,-0.8750647296142711f,2.4241417511158216f,0f,0f,0f,1f], start_interpolation: 0, interpolation_duration: 1 }
$data merge entity $(bone_crest_right5) { transformation: [-0.5255741896910533f,0.8398870067443583f,-0.1355049336097932f,1.0380818507820384f,0.7383164911668112f,0.5294284964963281f,0.41784473907034586f,4.046768779880548f,0.42268254045053805f,0.11956288303499252f,-0.898356380841501f,2.599644294297987f,0f,0f,0f,1f], start_interpolation: 0, interpolation_duration: 1 }
$data merge entity $(bone_crest_right4) { transformation: [-0.5255741896910533f,0.8398870067443583f,-0.1355049336097932f,0.6279807732701447f,0.7383164911668112f,0.5294284964963281f,0.41784473907034586f,3.7882587718256997f,0.42268254045053805f,0.11956288303499252f,-0.898356380841501f,2.541263980316057f,0f,0f,0f,1f], start_interpolation: 0, interpolation_duration: 1 }
$data merge entity $(bone_crest_right1) { transformation: [-0.5255741896910533f,0.8398870067443583f,-0.1355049336097932f,0.1702531361706459f,0.7383164911668112f,0.5294284964963281f,0.41784473907034586f,3.5243003381152866f,0.42268254045053805f,0.11956288303499252f,-0.898356380841501f,2.433180577277658f,0f,0f,0f,1f], start_interpolation: 0, interpolation_duration: 1 }
$data merge entity $(bone_head1) { transformation: [-0.99960127712019f,0.013648685987696762f,-0.024718417232790908f,0.04287656348716637f,0f,0.8754137771165083f,0.4833743051038277f,3.938917900910136f,0.028236267098982554f,0.4831815727088707f,-0.8750647296142711f,1.3824207645307398f,0f,0f,0f,1f], start_interpolation: 0, interpolation_duration: 1 }
$data merge entity $(bone_neck10) { transformation: [-1.301564162916914f,0.016101996601961377f,-0.03305241988520059f,0.014496115338372528f,0f,1.1705662001756452f,0.5702593953200559f,3.9940578600229824f,0.03676597278513353f,0.5700320198517154f,-1.170099468649303f,0.3777152871625968f,0f,0f,0f,1f], start_interpolation: 0, interpolation_duration: 1 }
$data merge entity $(bone_neck9) { transformation: [-0.99960127712019f,0.013648685987696762f,-0.024718417232790908f,-0.001624364078000766f,0f,0.8754137771165084f,0.48337430510382773f,2.859090452301642f,0.028236267098982554f,0.48318157270887074f,-0.8750647296142711f,-0.19297104881476518f,0f,0f,0f,1f], start_interpolation: 0, interpolation_duration: 1 }
$data merge entity $(bone_neck8) { transformation: [-0.99960127712019f,-0.006636653774264991f,-0.027445247427662568f,0.0038360004682393666f,0f,0.9719856853405213f,-0.2350400550823566f,2.2329230146540486f,0.028236267098982554f,-0.2349463392347233f,-0.9715981324089283f,0.00033309279962401295f,0f,0f,0f,1f], start_interpolation: 0, interpolation_duration: 1 }
$data merge entity $(bone_neck7) { transformation: [-0.99960127712019f,-0.013804102926076138f,-0.024631961393510277f,0.01564937182017059f,0f,0.8723519049866847f,-0.4888784653327475f,1.531960830075855f,0.028236267098982554f,-0.4886835383031728f,-0.8720040783229207f,0.4185420950409656f,0f,0f,0f,1f], start_interpolation: 0, interpolation_duration: 1 }
$data merge entity $(bone_neck6) { transformation: [-0.99960127712019f,-0.00856074527719429f,-0.026907255898438998f,0.022221057732532704f,0f,0.9529324752494837f,-0.30318261430183036f,0.7710011944420234f,0.028236267098982554f,-0.3030617284567475f,-0.9525525192686877f,0.6511884858617492f,0f,0f,0f,1f], start_interpolation: 0, interpolation_duration: 1 }
$data merge entity $(bone_neck_spine6) { transformation: [-1.1062470863507718f,-0.0019947049105179327f,0.03398650629454798f,-0.10205695455485825f,0.0338578551193459f,-0.1801451004827878f,1.0914866311302787f,0.46320865370566305f,0.0035647025832146726f,1.0920098174658173f,0.1801208732244182f,-1.6441245644902582f,0f,0f,0f,1f], start_interpolation: 0, interpolation_duration: 1 }
$data merge entity $(bone_neck_spine7) { transformation: [-0.9789111335961486f,-0.14479999825772505f,0.14410396603170283f,0.14915746279251818f,0.06868233095768479f,0.43105881816754266f,0.8997060812811151f,0.5945461563757617f,-0.19239472429285165f,0.8906296962175492f,-0.4120230749359961f,-4.899014376219614f,0f,0f,0f,1f], start_interpolation: 0, interpolation_duration: 1 }
$data merge entity $(bone_tail6) { transformation: [-1.3467553135695682f,-0.6531550307749056f,-0.042812531221524945f,1.3819848458293316f,-0.43044942473131753f,0.8099733860985399f,1.1835753834228597f,-1.1219846603091144f,-0.4931102308861982f,1.0768128441235851f,-0.9162481544919273f,-7.591791217454656f,0f,0f,0f,1f], start_interpolation: 0, interpolation_duration: 1 }
$data merge entity $(bone_tail5) { transformation: [-1.1125369981661652f,-0.5395628515097047f,-0.03536687361778148f,1.0412083080337282f,-0.35558865521282756f,0.6691084493857504f,0.9777361863058408f,-0.6993898501707452f,-0.4073519298625116f,0.8895410451455704f,-0.7569006493628966f,-7.029975820520611f,0f,0f,0f,1f], start_interpolation: 0, interpolation_duration: 1 }
$data merge entity $(bone_tail4) { transformation: [-0.8993983311490682f,-0.43619396837837177f,-0.02859132519837492f,0.8708200391359266f,-0.2874653549510016f,0.5409213569771119f,0.7904225169293534f,-0.4880924451015609f,-0.32931187593095673f,0.7191237080755769f,-0.6118944196954784f,-6.749068122053589f,0f,0f,0f,1f], start_interpolation: 0, interpolation_duration: 1 }
$data merge entity $(bone_segment18) { transformation: [-0.8993983311490682f,-0.43203426433300174f,-0.06655100576635359f,0.6598658085045782f,-0.2874653549510016f,0.46987331335271953f,0.8346153240276812f,-0.2586621163160533f,-0.32931187593095673f,0.7697827380769062f,-0.5467981570284004f,-6.373197644476974f,0f,0f,0f,1f], start_interpolation: 0, interpolation_duration: 1 }
$data merge entity $(bone_segment17) { transformation: [-0.9014127627884744f,-0.41100917507973384f,0.1361120460588499f,0.39897131260435653f,0.007450131327149889f,0.2996039105437181f,0.9540345865481605f,-0.068483852787326f,-0.4328966696860326f,0.8609930050744827f,-0.2670047164144363f,-5.826668881490242f,0f,0f,0f,1f], start_interpolation: 0, interpolation_duration: 1 }
$data merge entity $(bone_segment16) { transformation: [-0.9460126766679481f,-0.29671218007970557f,0.13046799521680702f,0.15267702249913218f,0.04326727143876394f,0.283316537222528f,0.9580499376120641f,0.16669100721184274f,-0.32122882623729265f,0.9119723800250663f,-0.255183109287482f,-5.069660558227248f,0f,0f,0f,1f], start_interpolation: 0, interpolation_duration: 1 }
$data merge entity $(bone_segment15) { transformation: [-0.9789111335961486f,-0.17716290884756014f,0.10171674518079332f,-0.028984163330885562f,0.06868233095768479f,0.18350977628756382f,0.9806155716799052f,0.354860211412958f,-0.19239472429285165f,0.9669216440516569f,-0.1674718015927405f,-4.078188169307093f,0f,0f,0f,1f], start_interpolation: 0, interpolation_duration: 1 }
$data merge entity $(bone_segment14) { transformation: [-0.9953404715107724f,-0.08170356585602906f,0.05120422930894229f,-0.11276223378872782f,0.058536666779959064f,-0.09003013495574405f,0.994217296893462f,0.2625441550618533f,-0.07662117471694925f,0.9925820379828862f,0.09439329138627744f,-3.0604038530160476f,0f,0f,0f,1f], start_interpolation: 0, interpolation_duration: 1 }
$data merge entity $(bone_segment13) { transformation: [-0.9995267791969324f,-0.0071072488606089f,0.029928325744014467f,-0.12112763643834297f,0.030591567919597232f,-0.3315437532456983f,0.9429437393906257f,-0.11662715383759709f,0.0032208136281280803f,0.9434130732067416f,0.33160428173077605f,-2.0550675448153477f,0f,0f,0f,1f], start_interpolation: 0, interpolation_duration: 1 }
$data merge entity $(bone_segment12) { transformation: [-0.9982508990080593f,0.05051766660887792f,0.03071006333427909f,-0.061927245881064144f,0.02823578010194749f,-0.04898377879498511f,0.9984003856855217f,-0.17403001961297027f,0.051941152775382624f,0.9975212051757888f,0.04747169549327401f,-0.88609738249997f,0f,0f,0f,1f], start_interpolation: 0, interpolation_duration: 1 }
$data merge entity $(bone_segment11) { transformation: [-1.0336651013967375f,0.055537866905024526f,0.0006822083072398689f,0.0029080449190300485f,0.02658254114215124f,0.4835131172902564f,0.9149081351855753f,0.38473030129159513f,0.04876770011965422f,0.913607723622103f,-0.4842428116938247f,0.1696923619056372f,0f,0f,0f,1f], start_interpolation: 0, interpolation_duration: 1 }
$data merge entity $(bone_segment10) { transformation: [-0.99960127712019f,0.016735459539407044f,-0.022742277231841895f,0.02405976721283934f,0f,0.8054278971125532f,0.5926937679382585f,1.1280204429267862f,0.028236267098982554f,0.5924574473722607f,-0.8051067545819373f,0.7162812383252555f,0f,0f,0f,1f], start_interpolation: 0, interpolation_duration: 1 }