# This file was generated by Animated Java via MC-Build. It is not recommended to edit this file directly.
$data merge entity $(bone_neck_spine5) { transformation: [-1.5717117953753654f,0.01023032988845284f,-0.04045451995712072f,0.10295319492779437f,-1.363723045079424e-18f,1.5242814729779148f,0.3854674910973966f,4.271941549044347f,0.04172802217440518f,0.3853317104045486f,-1.523744545742087f,-0.5214714273626191f,0f,0f,0f,1f], start_interpolation: 0, interpolation_duration: 1 }
$data merge entity $(bone_neck_spine2) { transformation: [-1.4968683765479667f,0.012876012046662003f,-0.037597251075801925f,0.043729810805135744f,-1.2987838524565938e-18f,1.4166227484713112f,0.4851538623958554f,5.372055395667896f,0.03974097349943349f,0.4849829672384288f,-1.4161237439567045f,1.4793592840962966f,0f,0f,0f,1f], start_interpolation: 0, interpolation_duration: 1 }
$data merge entity $(bone_scale_neck_left1) { transformation: [-1.5854186056413413f,0.44286579935224546f,0.05807589420779448f,0.820983963467252f,0.3818346667630182f,1.2327054046167858f,1.0235696134236374f,4.529890981610649f,0.23174385209086612f,0.9986803042166876f,-1.2891809484418484f,1.1345052199702024f,0f,0f,0f,1f], start_interpolation: 0, interpolation_duration: 1 }
$data merge entity $(bone_scale_neck_right1) { transformation: [-1.5954818059774143f,-0.3892505171275185f,-0.12639985185387262f,-0.7507278319081128f,-0.3818346667630182f,1.2327054046167858f,1.0235696134236374f,4.529890981610649f,-0.14729282022792717f,1.0207725021679408f,-1.2842832260700041f,1.1762332421446076f,0f,0f,0f,1f], start_interpolation: 0, interpolation_duration: 1 }
$data merge entity $(bone_blush_right1) { transformation: [-0.9996477505989899f,0.01294446673162902f,-0.0231692793028508f,-0.596243995902643f,-8.673617379884035e-19f,0.8729927637509834f,0.4877331590515656f,3.7076641450683194f,0.0265400588239695f,0.4875613553384369f,-0.8726852525728658f,2.3402948262458896f,0f,0f,0f,1f], start_interpolation: 0, interpolation_duration: 1 }
$data merge entity $(bone_blush_left1) { transformation: [-0.9996477505989899f,0.01294446673162902f,-0.0231692793028508f,0.7284845173423075f,-8.673617379884035e-19f,0.8729927637509834f,0.4877331590515656f,3.7076641450683194f,0.0265400588239695f,0.4875613553384369f,-0.8726852525728658f,2.305124064698891f,0f,0f,0f,1f], start_interpolation: 0, interpolation_duration: 1 }
$data merge entity $(bone_left_head_scales) { transformation: [-0.8760000015557986f,0.01294446673162902f,-0.48213736430116527f,0.7400531727079166f,-0.22521010982080264f,0.8729927637509834f,0.43262459577897533f,4.536643332003979f,0.4265025248562343f,0.4875613553384369f,-0.7618264376298605f,2.3177130180957928f,0f,0f,0f,1f], start_interpolation: 0, interpolation_duration: 1 }
$data merge entity $(bone_left_head_scales2) { transformation: [-0.8055741458167036f,0.01294446673162902f,-0.5923535569005407f,0.732326406386279f,-0.27975224725903497f,0.8729927637509834f,0.399527614304618f,3.670151815805444f,0.5222920406680616f,0.4875613553384369f,-0.6996391563051186f,2.0266795797729973f,0f,0f,0f,1f], start_interpolation: 0, interpolation_duration: 1 }
$data merge entity $(bone_left_head_scales1) { transformation: [-0.9996477505989899f,0.01294446673162902f,-0.0231692793028508f,0.7385994484167668f,-8.673617379884035e-19f,0.8729927637509834f,0.4877331590515656f,4.438602152481163f,0.0265400588239695f,0.4875613553384369f,-0.8726852525728658f,2.262957592447433f,0f,0f,0f,1f], start_interpolation: 0, interpolation_duration: 1 }
$data merge entity $(bone_right_head_scales) { transformation: [-0.8973967667312918f,0.01294446673162902f,0.441034560824044f,-0.6071283661852535f,0.22521010982080264f,0.8729927637509834f,0.43262459577897533f,4.536643332003979f,-0.3794198854761379f,0.4875613553384369f,-0.7863361083441487f,2.353479894245283f,0f,0f,0f,1f], start_interpolation: 0, interpolation_duration: 1 }
$data merge entity $(bone_right_head_scales2) { transformation: [-0.8321528511274061f,0.01294446673162902f,0.5543952318892751f,-0.6148551325068911f,0.27975224725903497f,0.8729927637509834f,0.399527614304618f,3.670151815805444f,-0.47881135378565215f,0.4875613553384369f,-0.7300846610267177f,2.0624464559224873f,0f,0f,0f,1f], start_interpolation: 0, interpolation_duration: 1 }
$data merge entity $(bone_right_head_scales1) { transformation: [-0.9996477505989899f,0.01294446673162902f,-0.0231692793028508f,-0.6085820904764032f,-8.673617379884035e-19f,0.8729927637509834f,0.4877331590515656f,4.438602152481163f,0.0265400588239695f,0.4875613553384369f,-0.8726852525728658f,2.298724468596923f,0f,0f,0f,1f], start_interpolation: 0, interpolation_duration: 1 }
$data merge entity $(bone_head_left_fin1) { transformation: [-0.7072395098681797f,0.026438294714028126f,-0.773167828016146f,0.7311964812995526f,-0.11350893198713678f,1.0326811453340896f,0.1391422741505474f,4.112028907731281f,0.7652471470484095f,0.17761156119256644f,-0.6939208422364777f,1.9841202516726686f,0f,0f,0f,1f], start_interpolation: 0, interpolation_duration: 1 }
$data merge entity $(bone_head_right_fin1) { transformation: [-0.7468482870340731f,-0.016976728098739832f,0.7352582028665209f,-0.6159850575936174f,0.11350893198713678f,1.0326811453340896f,0.1391422741505474f,4.112028907731281f,-0.7266419727338793f,0.17876420446976526f,-0.7339686646491671f,2.019887127822159f,0f,0f,0f,1f], start_interpolation: 0, interpolation_duration: 1 }
$data merge entity $(bone_right_whisker16) { transformation: [0.2559422952208512f,0.9112082542196525f,-0.3227894963580077f,-1.1439969794965434f,0.9585957114961035f,-0.2823574259156273f,-0.036993863431391716f,1.3748389382984765f,-0.12485112501840735f,-0.29995633260905596f,-0.9457475324363067f,1.987748418815134f,0f,0f,0f,1f], start_interpolation: 0, interpolation_duration: 1 }
$data merge entity $(bone_right_whisker15) { transformation: [-0.8700055680642371f,0.3726892171477035f,-0.3227894963580077f,-0.8508798691624011f,0.4050636670948423f,0.9135397526479613f,-0.036993863431391716f,1.2383672926464055f,0.2810938226587397f,-0.16293516426399043f,-0.9457475324363067f,1.8930439570795234f,0f,0f,0f,1f], start_interpolation: 0, interpolation_duration: 1 }
$data merge entity $(bone_right_whisker14) { transformation: [-0.7054513805255942f,-0.6309875519813979f,-0.3227894963580077f,-0.6132033786532901f,-0.6567608887104469f,0.7531909380287867f,-0.036993863431391716f,1.4596392717529523f,0.2664647908726352f,0.18589814446583203f,-0.9457475324363067f,1.803268221873411f,0f,0f,0f,1f], start_interpolation: 0, interpolation_duration: 1 }
$data merge entity $(bone_right_whisker13) { transformation: [-0.09820161878201306f,-0.9905527724827042f,-0.09571649280777297f,-0.5801178723253658f,-0.9833586923934563f,0.08181414722336731f,0.16221013349462862f,1.7909466437019195f,-0.15284673422361447f,0.11005294289995812f,-0.982102960791909f,1.8547644360405469f,0f,0f,0f,1f], start_interpolation: 0, interpolation_duration: 1 }
$data merge entity $(bone_right_whisker12) { transformation: [0.057188269308813f,-0.995749810796978f,-0.07219290928647693f,-0.6058079151789342f,-0.9250954198399673f,-0.08004301992826582f,0.3712028813895146f,2.206516851833155f,-0.37540373738759913f,0.045556879376730995f,-0.9257411110547462f,2.0234028336951324f,0f,0f,0f,1f], start_interpolation: 0, interpolation_duration: 1 }
$data merge entity $(bone_right_whisker11) { transformation: [0.28996251761363495f,-0.9556429900604408f,-0.05165475706556982f,-0.7360645148881844f,-0.9530181149242396f,-0.29326545505713053f,0.07584092230704509f,2.6346304581467783f,-0.08762540159914609f,0.027236894435207888f,-0.9957810706054385f,2.062765807069749f,0f,0f,0f,1f], start_interpolation: 0, interpolation_duration: 1 }
$data merge entity $(bone_right_whisker10) { transformation: [0.07503324223308436f,-0.9953096120295462f,0.06106380893447458f,-0.7697708541725777f,-0.9824179527161686f,-0.08428181284305265f,-0.16658794135489183f,3.0759510228434945f,0.17095314779483722f,-0.04749054880166541f,-0.9841339690476866f,1.985970447708787f,0f,0f,0f,1f], start_interpolation: 0, interpolation_duration: 1 }
$data merge entity $(bone_right_whisker1) { transformation: [-0.34289785224863256f,-0.9388753247572498f,0.030564480778250927f,-0.6157347096077623f,-0.9344037034794057f,0.34424564725497986f,0.0915677523474897f,3.495702686515884f,-0.09649239269106236f,0.002838821581066131f,-0.9953296736482764f,2.029316639737975f,0f,0f,0f,1f], start_interpolation: 0, interpolation_duration: 1 }
$data merge entity $(bone_left_whisker16) { transformation: [0.2622065146626481f,-0.9258406991061673f,0.272152059604681f,1.2567592411570976f,-0.9585957114961035f,-0.2823574259156273f,-0.036993863431391716f,1.3748389382984765f,0.11109457938957171f,-0.25118376521762775f,-0.9615428802301795f,1.9240097555910336f,0f,0f,0f,1f], start_interpolation: 0, interpolation_duration: 1 }
$data merge entity $(bone_left_whisker15) { transformation: [-0.8836951856453392f,-0.3808097626376974f,0.272152059604681f,0.9590299061496346f,-0.4050636670948423f,0.9135397526479613f,-0.036993863431391716f,1.2383672926464055f,-0.2345341008615337f,-0.142930210283628f,-0.9615428802301795f,1.8449919188749895f,0f,0f,0f,1f], start_interpolation: 0, interpolation_duration: 1 }
$data merge entity $(bone_left_whisker14) { transformation: [-0.7185965765241813f,0.6399626681773372f,0.272152059604681f,0.7169246142542809f,0.6567608887104469f,0.7531909380287867f,-0.036993863431391716f,1.4596392717529523f,-0.22865715660785715f,0.1521551649161476f,-0.9615428802301795f,1.7679541073225378f,0f,0f,0f,1f], start_interpolation: 0, interpolation_duration: 1 }
$data merge entity $(bone_left_whisker13) { transformation: [-0.08995301251397504f,0.994996897262838f,0.04346987436128848f,0.6866181793740842f,0.9833586923934563f,0.08181414722336731f,0.16221013349462862f,1.7909466437019195f,0.15784212883097062f,0.057337768978560286f,-0.9857982768369339f,1.8211333401806284f,0f,0f,0f,1f], start_interpolation: 0, interpolation_duration: 1 }
$data merge entity $(bone_left_whisker12) { transformation: [0.07702716082346416f,0.9967643615238855f,0.02297006946783701f,0.7212202242752498f,0.9250954198399673f,-0.08004301992826582f,0.3712028813895146f,2.206516851833155f,0.3718403967922139f,-0.007343197984821609f,-0.9282676320742657f,1.9881710184271308f,0f,0f,0f,1f], start_interpolation: 0, interpolation_duration: 1 }
$data merge entity $(bone_left_whisker11) { transformation: [0.29420356133311826f,0.9557419568296003f,-0.0012555693676235408f,0.8533819803428616f,0.9530181149242396f,-0.29326545505713053f,0.07584092230704509f,2.6346304581467783f,0.07211613637154515f,-0.02350924978941031f,-0.9971191393455344f,2.020566939062786f,0f,0f,0f,1f], start_interpolation: 0, interpolation_duration: 1 }
$data merge entity $(bone_left_whisker10) { transformation: [0.06585652238367784f,0.9913875542003481f,-0.11319733140043672f,0.8829659650074044f,0.9824179527161686f,-0.08428181284305265f,-0.16658794135489183f,3.0759510228434945f,-0.1746936880385216f,-0.10023618807866153f,-0.9795074384398306f,1.9420912588892314f,0f,0f,0f,1f], start_interpolation: 0, interpolation_duration: 1 }
$data merge entity $(bone_left_whisker1) { transformation: [-0.3372947716941841f,0.9377033165696088f,-0.0833350291421585f,0.7314468292854077f,0.9344037034794057f,0.34424564725497986f,0.0915677523474897f,3.495702686515884f,0.1145511061131208f,-0.046983235737400986f,-0.9923057087651487f,1.993549763588485f,0f,0f,0f,1f], start_interpolation: 0, interpolation_duration: 1 }
$data merge entity $(bone_upper_left_tooth1) { transformation: [-0.9996477505989899f,0.01087587338110591f,-0.024209297812574262f,0.3935316230831053f,-8.673617379884035e-19f,0.9121795084609904f,0.40979085439265983f,3.4231691443379275f,0.0265400588239695f,0.40964650580966067f,-0.9118581937755211f,3.0182052911834036f,0f,0f,0f,1f], start_interpolation: 0, interpolation_duration: 1 }
$data merge entity $(bone_upper_right_tooth1) { transformation: [-0.9996477505989899f,0.01087587338110591f,-0.024209297812574262f,-0.2800591463634796f,-8.673617379884035e-19f,0.9121795084609904f,0.40979085439265983f,3.4231691443379275f,0.0265400588239695f,0.40964650580966067f,-0.9118581937755211f,3.0360887292581484f,0f,0f,0f,1f], start_interpolation: 0, interpolation_duration: 1 }
$data merge entity $(bone_top_lip1) { transformation: [-0.9996477505989899f,-0.00022251407815924475f,-0.02653912601923398f,0.08614643238598771f,-8.673617379884035e-19f,0.9999648529514685f,-0.008384083834745815f,3.535855382443704f,0.0265400588239695f,-0.008381130546236848f,-0.9996126159309852f,3.0770076025322908f,0f,0f,0f,1f], start_interpolation: 0, interpolation_duration: 1 }
$data merge entity $(bone_muzzle1) { transformation: [-0.9996477505989899f,0.01087587338110591f,-0.024209297812574262f,0.07438446160084178f,-8.673617379884035e-19f,0.9121795084609904f,0.40979085439265983f,3.919625603620755f,0.0265400588239695f,0.40964650580966067f,-0.9118581937755211f,2.6339856892815505f,0f,0f,0f,1f], start_interpolation: 0, interpolation_duration: 1 }
$data merge entity $(bone_jaw_right_tooth1) { transformation: [-0.9996477505989899f,-0.004085432201004099f,-0.02622372906569086f,-0.28044364361655694f,-8.673617379884035e-19f,0.9880810453218385f,-0.1539345571199099f,3.269885451735968f,0.0265400588239695f,-0.15388033376436946f,-0.9877329943654743f,3.02160640212016f,0f,0f,0f,1f], start_interpolation: 0, interpolation_duration: 1 }
$data merge entity $(bone_jaw_left_tooth1) { transformation: [-0.9996477505989899f,-0.004085432201004099f,-0.02622372906569086f,0.44927968995057677f,-8.673617379884035e-19f,0.9880810453218385f,-0.1539345571199099f,3.269885451735968f,0.0265400588239695f,-0.15388033376436946f,-0.9877329943654743f,3.0022326775391863f,0f,0f,0f,1f], start_interpolation: 0, interpolation_duration: 1 }
$data merge entity $(bone_tongue1) { transformation: [-0.9996477505989899f,0.006973629681385792f,-0.02560748350476196f,0.06371890924968174f,-8.673617379884035e-19f,0.964861595620682f,0.26275863695854357f,3.472252335124174f,0.0265400588239695f,0.2626660803860648f,-0.9645217237015666f,2.232261055306597f,0f,0f,0f,1f], start_interpolation: 0, interpolation_duration: 1 }
$data merge entity $(bone_jaw_lips1) { transformation: [-0.9996477505989899f,0.006973629681385792f,-0.02560748350476196f,0.14195755234026314f,-8.673617379884035e-19f,0.964861595620682f,0.26275863695854357f,3.1115682170053964f,0.0265400588239695f,0.2626660803860648f,-0.9645217237015666f,3.0634099224483182f,0f,0f,0f,1f], start_interpolation: 0, interpolation_duration: 1 }
$data merge entity $(bone_jaw3) { transformation: [-0.9996477505989899f,0.0005303374579339656f,-0.026534759553470105f,0.11807305957649022f,-8.673617379884035e-19f,0.9998003293611919f,0.019982527599185007f,3.0453092121785668f,0.0265400588239695f,0.01997548876580768f,-0.9994481502940445f,2.1637857119721944f,0f,0f,0f,1f], start_interpolation: 0, interpolation_duration: 1 }
$data merge entity $(bone_jaw1) { transformation: [-0.9996477505989899f,0.019137913630235582f,-0.018387903204590893f,0.1015526777911156f,-8.673617379884035e-19f,0.6928358119532113f,0.7210953734944736f,3.693168336802508f,0.0265400588239695f,0.720841368081089f,-0.6925917609534523f,1.541535301740577f,0f,0f,0f,1f], start_interpolation: 0, interpolation_duration: 1 }
$data merge entity $(bone_tear_right1) { transformation: [-0.9996477505989899f,0.01294446673162902f,-0.0231692793028508f,-0.5326815799585339f,-8.673617379884035e-19f,0.8729927637509834f,0.4877331590515656f,4.0015110253885675f,0.0265400588239695f,0.4875613553384369f,-0.8726852525728658f,2.618654509627368f,0f,0f,0f,1f], start_interpolation: 0, interpolation_duration: 1 }
$data merge entity $(bone_right_pupil1) { transformation: [-0.9996477505989899f,0.01294446673162902f,-0.0231692793028508f,-0.3444295421149596f,-8.673617379884035e-19f,0.8729927637509834f,0.4877331590515656f,4.066687372904979f,0.0265400588239695f,0.4875613553384369f,-0.8726852525728658f,2.727295986088639f,0f,0f,0f,1f], start_interpolation: 0, interpolation_duration: 1 }
$data merge entity $(bone_right_sad_pupil1) { transformation: [-0.9996477505989899f,0.01294446673162902f,-0.0231692793028508f,-0.34468974398213026f,-8.673617379884035e-19f,0.8729927637509834f,0.4877331590515656f,4.072164844906046f,0.0265400588239695f,0.4875613553384369f,-0.8726852525728658f,2.717495321631034f,0f,0f,0f,1f], start_interpolation: 0, interpolation_duration: 1 }
$data merge entity $(bone_right_happy_pupil1) { transformation: [-0.9996477505989899f,0.01294446673162902f,-0.0231692793028508f,-0.3731190932148639f,-8.673617379884035e-19f,0.8729927637509834f,0.4877331590515656f,4.047654863757116f,0.0265400588239695f,0.4875613553384369f,-0.8726852525728658f,2.7045517741515868f,0f,0f,0f,1f], start_interpolation: 0, interpolation_duration: 1 }
$data merge entity $(bone_eyelid_right1) { transformation: [-0.9996477505989899f,0.01294446673162902f,-0.0231692793028508f,0.0737944034903962f,-8.673617379884035e-19f,0.8729927637509834f,0.4877331590515656f,4.297017855198008f,0.0265400588239695f,0.4875613553384369f,-0.8726852525728658f,2.1886091702907873f,0f,0f,0f,1f], start_interpolation: 0, interpolation_duration: 1 }
$data merge entity $(bone_eyelid_expressions_right5) { transformation: [-0.9996477505989899f,0.01294446673162902f,-0.0231692793028508f,-0.4723405579198323f,-8.673617379884035e-19f,0.8729927637509834f,0.4877331590515656f,4.170206024428862f,0.0265400588239695f,0.4875613553384369f,-0.8726852525728658f,2.775678396705886f,0f,0f,0f,1f], start_interpolation: 0, interpolation_duration: 1 }
$data merge entity $(bone_eyelid_expressions_right7) { transformation: [-0.9996477505989899f,0.01294446673162902f,-0.0231692793028508f,-0.13554517319653972f,-8.673617379884035e-19f,0.8729927637509834f,0.4877331590515656f,4.170206024428862f,0.0265400588239695f,0.4875613553384369f,-0.8726852525728658f,2.7667366776685136f,0f,0f,0f,1f], start_interpolation: 0, interpolation_duration: 1 }
$data merge entity $(bone_eyelid_expressions_right6) { transformation: [-0.9996477505989899f,0.01294446673162902f,-0.0231692793028508f,-0.24781030143763724f,-8.673617379884035e-19f,0.8729927637509834f,0.4877331590515656f,4.170206024428862f,0.0265400588239695f,0.4875613553384369f,-0.8726852525728658f,2.769717250680971f,0f,0f,0f,1f], start_interpolation: 0, interpolation_duration: 1 }
$data merge entity $(bone_right_eye1) { transformation: [-0.9996477505989899f,0.01294446673162902f,-0.0231692793028508f,0.06282809253345714f,-8.673617379884035e-19f,0.8729927637509834f,0.4877331590515656f,4.29154038319694f,0.0265400588239695f,0.4875613553384369f,-0.8726852525728658f,2.1987078920496383f,0f,0f,0f,1f], start_interpolation: 0, interpolation_duration: 1 }
$data merge entity $(bone_tear_left1) { transformation: [-0.9996477505989899f,0.01294446673162902f,-0.0231692793028508f,0.6797818050453192f,-8.673617379884035e-19f,0.8729927637509834f,0.4877331590515656f,4.0015110253885675f,0.0265400588239695f,0.4875613553384369f,-0.8726852525728658f,2.586464321092827f,0f,0f,0f,1f], start_interpolation: 0, interpolation_duration: 1 }
$data merge entity $(bone_left_sad_pupil1) { transformation: [-0.9996477505989899f,0.01294446673162902f,-0.0231692793028508f,0.4972987178261009f,-8.673617379884035e-19f,0.8729927637509834f,0.4877331590515656f,4.072164844906046f,0.0265400588239695f,0.4875613553384369f,-0.8726852525728658f,2.6951410240376026f,0f,0f,0f,1f], start_interpolation: 0, interpolation_duration: 1 }
$data merge entity $(bone_left_pupil1) { transformation: [-0.9996477505989899f,0.01294446673162902f,-0.0231692793028508f,0.4975589196932716f,-8.673617379884035e-19f,0.8729927637509834f,0.4877331590515656f,4.066687372904979f,0.0265400588239695f,0.4875613553384369f,-0.8726852525728658f,2.7049416884952078f,0f,0f,0f,1f], start_interpolation: 0, interpolation_duration: 1 }
$data merge entity $(bone_eyelid_left1) { transformation: [-0.9996477505989899f,0.01294446673162902f,-0.0231692793028508f,0.051341377842176704f,-8.673617379884035e-19f,0.8729927637509834f,0.4877331590515656f,4.297017855198008f,0.0265400588239695f,0.4875613553384369f,-0.8726852525728658f,2.1892052848932786f,0f,0f,0f,1f], start_interpolation: 0, interpolation_duration: 1 }
$data merge entity $(bone_left_happy_pupil1) { transformation: [-0.9996477505989899f,0.01294446673162902f,-0.0231692793028508f,0.5250019327139159f,-8.673617379884035e-19f,0.8729927637509834f,0.4877331590515656f,4.047654863757116f,0.0265400588239695f,0.4875613553384369f,-0.8726852525728658f,2.6807071900519266f,0f,0f,0f,1f], start_interpolation: 0, interpolation_duration: 1 }
$data merge entity $(bone_eyelid_expressions_left5) { transformation: [-0.9996477505989899f,0.01294446673162902f,-0.0231692793028508f,0.6278576988429232f,-8.673617379884035e-19f,0.8729927637509834f,0.4877331590515656f,4.170206024428862f,0.0265400588239695f,0.4875613553384369f,-0.8726852525728658f,2.746468781183802f,0f,0f,0f,1f], start_interpolation: 0, interpolation_duration: 1 }
$data merge entity $(bone_eyelid_expressions_left7) { transformation: [-0.9996477505989899f,0.01294446673162902f,-0.0231692793028508f,0.29106231411963074f,-8.673617379884035e-19f,0.8729927637509834f,0.4877331590515656f,4.170206024428862f,0.0265400588239695f,0.4875613553384369f,-0.8726852525728658f,2.7554105002211746f,0f,0f,0f,1f], start_interpolation: 0, interpolation_duration: 1 }
$data merge entity $(bone_eyelid_expressions_left6) { transformation: [-0.9996477505989899f,0.01294446673162902f,-0.0231692793028508f,0.40332744236072826f,-8.673617379884035e-19f,0.8729927637509834f,0.4877331590515656f,4.170206024428862f,0.0265400588239695f,0.4875613553384369f,-0.8726852525728658f,2.752429927208717f,0f,0f,0f,1f], start_interpolation: 0, interpolation_duration: 1 }
$data merge entity $(bone_left_eye1) { transformation: [-0.9996477505989899f,0.01294446673162902f,-0.0231692793028508f,0.06282809253345714f,-8.673617379884035e-19f,0.8729927637509834f,0.4877331590515656f,4.29154038319694f,0.0265400588239695f,0.4875613553384369f,-0.8726852525728658f,2.1987078920496383f,0f,0f,0f,1f], start_interpolation: 0, interpolation_duration: 1 }
$data merge entity $(bone_crest_middle5) { transformation: [-0.9996477505989899f,0.00762288131685312f,-0.02542177025324815f,0.09181126912131402f,-8.673617379884035e-19f,0.9578641261446126f,0.2872217189650146f,5.268721446980927f,0.0265400588239695f,0.2871205452865521f,-0.9575267190799288f,3.2903771861318987f,0f,0f,0f,1f], start_interpolation: 0, interpolation_duration: 1 }
$data merge entity $(bone_crest_middle4) { transformation: [-0.9996477505989899f,0.00762288131685312f,-0.02542177025324815f,0.08667475729648134f,-8.673617379884035e-19f,0.9578641261446126f,0.2872217189650146f,4.6232856588561395f,0.0265400588239695f,0.2871205452865521f,-0.9575267190799288f,3.096907287452484f,0f,0f,0f,1f], start_interpolation: 0, interpolation_duration: 1 }
$data merge entity $(bone_crest_middle1) { transformation: [-0.9996477505989899f,0.00762288131685312f,-0.02542177025324815f,0.0849636205367964f,-8.673617379884035e-19f,0.9578641261446126f,0.2872217189650146f,4.1150164554985595f,0.0265400588239695f,0.2871205452865521f,-0.9575267190799288f,3.0324562617734663f,0f,0f,0f,1f], start_interpolation: 0, interpolation_duration: 1 }
$data merge entity $(bone_crest_left5) { transformation: [-0.5480275973936861f,-0.8320102149168368f,0.08616701671140191f,-1.0183154747504928f,-0.7362746292041289f,0.5287077601773527f,0.42233609213346857f,4.660669858980397f,-0.39694511318975395f,0.16800924558572986f,-0.9023344560153331f,3.0932683238558933f,0f,0f,0f,1f], start_interpolation: 0, interpolation_duration: 1 }
$data merge entity $(bone_crest_left4) { transformation: [-0.5480275973936861f,-0.8320102149168368f,0.08616701671140191f,-0.5511222388352768f,-0.7362746292041289f,0.5287077601773527f,0.42233609213346857f,4.363788060052685f,-0.39694511318975395f,0.16800924558572986f,-0.9023344560153331f,2.9989271947428127f,0f,0f,0f,1f], start_interpolation: 0, interpolation_duration: 1 }
$data merge entity $(bone_crest_left1) { transformation: [-0.5480275973936861f,-0.8320102149168368f,0.08616701671140191f,-0.03237119938624934f,-0.7362746292041289f,0.5287077601773527f,0.42233609213346857f,4.060933242655712f,-0.39694511318975395f,0.16800924558572986f,-0.9023344560153331f,2.8444837581667817f,0f,0f,0f,1f], start_interpolation: 0, interpolation_duration: 1 }
$data merge entity $(bone_crest_center1) { transformation: [-0.9996477505989899f,0.01294446673162902f,-0.0231692793028508f,0.07953050243397844f,-8.673617379884035e-19f,0.8729927637509834f,0.4877331590515656f,4.0364232615067825f,0.0265400588239695f,0.4875613553384369f,-0.8726852525728658f,2.8278145039595963f,0f,0f,0f,1f], start_interpolation: 0, interpolation_duration: 1 }
$data merge entity $(bone_crest_right5) { transformation: [-0.5261930923695552f,0.839752930167441f,-0.13392477671350328f,1.1899152463910734f,0.7362746292041289f,0.5287077601773527f,0.42233609213346857f,4.660669858980397f,0.4254650396129949f,0.1236249190230029f,-0.8964911485696155f,3.034641099215137f,0f,0f,0f,1f], start_interpolation: 0, interpolation_duration: 1 }
$data merge entity $(bone_crest_right4) { transformation: [-0.5261930923695552f,0.839752930167441f,-0.13392477671350328f,0.7183742943927544f,0.7362746292041289f,0.5287077601773527f,0.42233609213346857f,4.363788060052685f,0.4254650396129949f,0.1236249190230029f,-0.8964911485696155f,2.9652228097246813f,0f,0f,0f,1f], start_interpolation: 0, interpolation_duration: 1 }
$data merge entity $(bone_crest_right1) { transformation: [-0.5261930923695552f,0.839752930167441f,-0.13392477671350328f,0.1921590570959456f,0.7362746292041289f,0.5287077601773527f,0.42233609213346857f,4.060933242655712f,0.4254650396129949f,0.1236249190230029f,-0.8964911485696155f,2.8385226121418667f,0f,0f,0f,1f], start_interpolation: 0, interpolation_duration: 1 }
$data merge entity $(bone_head1) { transformation: [-1.0478078635835761f,0.013568093384064265f,-0.024285507602597508f,0.047790127693494444f,-9.091486967196152e-19f,0.9150510088796111f,0.5112307200996226f,4.5437807534942385f,0.027818681449603432f,0.5110506393846895f,-0.9147286827098393f,1.6322936340571605f,0f,0f,0f,1f], start_interpolation: 0, interpolation_duration: 1 }
$data merge entity $(bone_neck10) { transformation: [-1.4968683765479667f,0.017673281999515986f,-0.03559494455745449f,0.017126745096453327f,-1.2987838524565938e-18f,1.3411780581777435f,0.6659096770182917f,4.615887980916448f,0.03974097349943349f,0.6656751107334351f,-1.340705629010102f,0.47733834016743226f,0f,0f,0f,1f], start_interpolation: 0, interpolation_duration: 1 }
$data merge entity $(bone_neck9) { transformation: [-1.1451043080591952f,0.014827987769727392f,-0.026540590451410162f,-0.000470661352639911f,-9.935696471292949e-19f,1.000020031132719f,0.5587021441088739f,3.3139652871145087f,0.03040184472706664f,0.5585053416132684f,-0.9996677746757542f,-0.18547887097321603f,0f,0f,0f,1f], start_interpolation: 0, interpolation_duration: 1 }
$data merge entity $(bone_neck8) { transformation: [-1.0627765473490565f,-0.0064950834156036735f,-0.02745836290025111f,0.00523976639662661f,-9.221365352441817e-19f,1.034600679763839f,-0.24472754407528577f,2.5497323722682146f,0.028216091184597784f,-0.2446413389444745f,-1.0342362422941074f,0.02960792639879306f,0f,0f,0f,1f], start_interpolation: 0, interpolation_duration: 1 }
$data merge entity $(bone_neck7) { transformation: [-1.0552922054663165f,-0.013550162850283171f,-0.024522785787354222f,0.018017847250743506f,-9.156426159818987e-19f,0.9239913878866997f,-0.5105551174606072f,1.7244691026280856f,0.028017386317100615f,-0.510375274726299f,-0.9236659124737779f,0.5109022546258876f,0f,0f,0f,1f], start_interpolation: 0, interpolation_duration: 1 }
$data merge entity $(bone_neck6) { transformation: [-1.0493047319601245f,-0.008331829066425574f,-0.026583309130202487f,0.025154213681901485f,-9.104474805720722e-19f,1.0016296236010573f,-0.31393408438494985f,0.8367129588718383f,0.027858422423102876f,-0.3138235012917686f,-1.0012768001661099f,0.7796979154672388f,0f,0f,0f,1f], start_interpolation: 0, interpolation_duration: 1 }
$data merge entity $(bone_neck_spine6) { transformation: [-1.2719976086376432f,0.007425007975029342f,0.044185081117929355f,-0.11375820699846828f,0.04226291767478979f,-0.21791197033953857f,1.2532811286734764f,0.4400774649537485f,0.01487608572310564f,1.2539715351458423f,0.2175303648556864f,-1.8785413129560546f,0f,0f,0f,1f], start_interpolation: 0, interpolation_duration: 1 }
$data merge entity $(bone_neck_spine7) { transformation: [-0.9818062858599532f,-0.1300059153588435f,0.13840115251540785f,0.13117606101426993f,0.07100838248124497f,0.42461440442679754f,0.9025854071336811f,0.622287203565439f,-0.17610856499126093f,0.8959916682229724f,-0.407657581570285f,-5.624695263901114f,0f,0f,0f,1f], start_interpolation: 0, interpolation_duration: 1 }
$data merge entity $(bone_tail6) { transformation: [-1.5478861938206774f,-0.7511875922726194f,-0.07118616243434782f,1.527242654645185f,-0.5284179082164362f,0.9631897123508907f,1.326024897890194f,-1.3921992023653558f,-0.5386323261582342f,1.2137894037946615f,-1.09630855053689f,-8.70325022441289f,0f,0f,0f,1f], start_interpolation: 0, interpolation_duration: 1 }
$data merge entity $(bone_tail5) { transformation: [-1.2786885948953421f,-0.6205462718773813f,-0.058805960271852545f,1.1353186934594703f,-0.4365191415700994f,0.7956784580289966f,1.0954118721701604f,-0.8896654393996738f,-0.44495713900028044f,1.002695594439068f,-0.9056461939217787f,-8.06996879634611f,0f,0f,0f,1f], start_interpolation: 0, interpolation_duration: 1 }
$data merge entity $(bone_tail4) { transformation: [-0.942191596238673f,-0.4572446213833335f,-0.043330707568733445f,0.9393567128666132f,-0.3216456832621785f,0.5862893901266291f,0.8071455900201181f,-0.6383985579168328f,-0.3278631550528382f,0.7388283327445765f,-0.6673182481528894f,-7.753328082312721f,0f,0f,0f,1f], start_interpolation: 0, interpolation_duration: 1 }
$data merge entity $(bone_segment18) { transformation: [-0.8988858955419887f,-0.4309364636248097f,-0.07935937949744998f,0.6973757884679164f,-0.3068619686277678f,0.4898007339827255f,0.8160459381676216f,-0.3633639660808296f,-0.31279366842308043f,0.7578845593548706f,-0.5725129829845832f,-7.327758139315601f,0f,0f,0f,1f], start_interpolation: 0, interpolation_duration: 1 }
$data merge entity $(bone_segment17) { transformation: [-0.9037396527554767f,-0.4049218645927136f,0.13889896908246188f,0.40179073594540293f,0.007766391152071027f,0.3089055208084493f,0.9510610192740176f,-0.13786896920161462f,-0.4280120596500566f,0.8605902990324843f,-0.2760253865232246f,-6.699544029426165f,0f,0f,0f,1f], start_interpolation: 0, interpolation_duration: 1 }
$data merge entity $(bone_segment16) { transformation: [-0.9503552648376519f,-0.28309456964489405f,0.12916011471398217f,0.13155153494160976f,0.04610135683661388f,0.28240355874630896f,0.9581872963597686f,0.13171059981646865f,-0.3077328963454833f,0.9165727983335488f,-0.25533266508973684f,-5.824592945079441f,0f,0f,0f,1f], start_interpolation: 0, interpolation_duration: 1 }
$data merge entity $(bone_segment15) { transformation: [-0.9818062858599532f,-0.16139692535058378f,0.10003724073194967f,-0.0587675933404507f,0.07100838248124497f,0.17653972625238576f,0.9817288498725754f,0.3398861070916208f,-0.17610856499126093f,0.9709710384672194f,-0.1618672783319965f,-4.67962465509002f,0f,0f,0f,1f], start_interpolation: 0, interpolation_duration: 1 }
$data merge entity $(bone_segment14) { transformation: [-1.044184471146544f,-0.07223235007970136f,0.05600424844195409f,-0.14002898718011472f,0.06300907111838291f,-0.10362354964975841f,1.0411374620769125f,0.22330961373564262f,-0.06621061243020795f,1.0405382480164385f,0.10757094050750547f,-3.5090191260715264f,0f,0f,0f,1f], start_interpolation: 0, interpolation_duration: 1 }
$data merge entity $(bone_segment13) { transformation: [-1.0250804257844537f,-0.0002904830310613817f,0.036106067583716414f,-0.1413671311251718f,0.03405893953791883f,-0.3483276431113965f,0.9641584172246797f,-0.2225999402670505f,0.011988374965091015f,0.9647597527297953f,0.3481214015277259f,-2.3566109461115663f,0f,0f,0f,1f], start_interpolation: 0, interpolation_duration: 1 }
$data merge entity $(bone_segment12) { transformation: [-1.1133665894039373f,0.05888695178466268f,0.03769675981078531f,-0.07022853165376719f,0.03439263842218477f,-0.0624159269364472f,1.1132813120135903f,-0.2980017311969867f,0.060875817966431364f,1.112254674148799f,0.06047772989078728f,-1.0129475813680506f,0f,0f,0f,1f], start_interpolation: 0, interpolation_duration: 1 }
$data merge entity $(bone_segment11) { transformation: [-1.1887466462426857f,0.06323324816507007f,0.0024100320763811556f,0.003985008615970474f,0.03144530110075443f,0.5509508607535374f,1.0547924833610476f,0.3386804287293895f,0.05491306735921256f,1.0533648685250414f,-0.5518422325916815f,0.2043322386960429f,0f,0f,0f,1f], start_interpolation: 0, interpolation_duration: 1 }
$data merge entity $(bone_segment10) { transformation: [-1.0478078635835766f,0.016582058609442344f,-0.022336391155858854f,0.026849160786587566f,-9.091486967196156e-19f,0.8416104615294173f,0.6247935891711873f,1.2002200419835485f,0.027818681449603443f,0.6245735060036469f,-0.8413140047484597f,0.8435391477652423f,0f,0f,0f,1f], start_interpolation: 0, interpolation_duration: 1 }