# This file was generated by Animated Java via MC-Build. It is not recommended to edit this file directly.
$data merge entity $(bone_neck_spine5) { transformation: [-1.5720041267331204f,-0.009099108578767627f,0.02719241279756717f,0.12739863599357246f,-6.81861522539712e-19f,1.4910058848286059f,0.4989194794384253f,4.3476387710352675f,-0.028674397825961363f,0.49883649945265746f,-1.490757901632515f,-0.36480839605523974f,0f,0f,0f,1f], start_interpolation: 0, interpolation_duration: 1 }
$data merge entity $(bone_neck_spine2) { transformation: [-1.497146787364876f,-0.009736366695427044f,0.025514347544670354f,-0.022222312684665665f,-6.493919262282969e-19f,1.3989947350339318f,0.5338614174403001f,5.336800048756163f,-0.027308950310439385f,0.533772625932558f,-1.3987620550765703f,1.679940701769338f,0f,0f,0f,1f], start_interpolation: 0, interpolation_duration: 1 }
$data merge entity $(bone_scale_neck_left1) { transformation: [-1.5944423977361195f,0.3969474709799921f,0.11507052803283396f,0.770218343225694f,0.3750488722898425f,1.1970313280333325f,1.0674780671932078f,4.506349578684963f,0.17362852453811944f,1.0595299834488012f,-1.2491214634603676f,1.3412977226629397f,0f,0f,0f,1f], start_interpolation: 0, interpolation_duration: 1 }
$data merge entity $(bone_scale_neck_right1) { transformation: [-1.5870496471190525f,-0.43532361540944764f,-0.06943952969174598f,-0.8017857835074257f,-0.3750488722898425f,1.1970313280333325f,1.0674780671932078f,4.506349578684963f,-0.2316610494042556f,1.0443488068702313f,-1.2524870492804763f,1.3126233248369785f,0f,0f,0f,1f], start_interpolation: 0, interpolation_duration: 1 }
$data merge entity $(bone_blush_right1) { transformation: [-0.999833680605413f,-0.010066351407218463f,0.015207882705342938f,-0.6983902685816117f,-4.336808689942018e-19f,0.8338738742403237f,0.5519550360848543f,3.6180774217891365f,-0.018237629424710824f,0.5518632352574133f,-0.8337351848423978f,2.4178567701618365f,0f,0f,0f,1f], start_interpolation: 0, interpolation_duration: 1 }
$data merge entity $(bone_blush_left1) { transformation: [-0.999833680605413f,-0.010066351407218463f,0.015207882705342938f,0.6265846382363038f,-4.336808689942018e-19f,0.8338738742403237f,0.5519550360848543f,3.6180774217891365f,-0.018237629424710824f,0.5518632352574133f,-0.8337351848423978f,2.442025191186575f,0f,0f,0f,1f], start_interpolation: 0, interpolation_duration: 1 }
$data merge entity $(bone_left_head_scales) { transformation: [-0.8938855248228886f,-0.010066351407218463f,-0.44818225877588636f,0.6364427070243577f,-0.25486447248027455f,0.8338738742403237f,0.48959009643454204f,4.443744045830929f,0.36879909053502347f,0.5518632352574133f,-0.7479533410526087f,2.517366098602821f,0f,0f,0f,1f], start_interpolation: 0, interpolation_duration: 1 }
$data merge entity $(bone_left_head_scales2) { transformation: [-0.8277386865834863f,-0.010066351407218463f,-0.5610234712580139f,0.6429248198446402f,-0.31658840262356375f,0.8338738742403237f,0.45213509616451264f,3.6015797801807965f,0.4632714647561463f,0.5518632352574133f,-0.6934165555522273f,2.162000027263459f,0f,0f,0f,1f], start_interpolation: 0, interpolation_duration: 1 }
$data merge entity $(bone_left_head_scales1) { transformation: [-0.999833680605413f,-0.010066351407218463f,0.015207882705342938f,0.6375732054734106f,-4.336808689942018e-19f,0.8338738742403237f,0.5519550360848543f,4.350096100969955f,-0.018237629424710824f,0.5518632352574133f,-0.8337351848423978f,2.455389270424498f,0f,0f,0f,1f], start_interpolation: 0, interpolation_duration: 1 }
$data merge entity $(bone_right_head_scales) { transformation: [-0.8798410873240222f,-0.010066351407218463f,0.4751613721945722f,-0.710989401604031f,0.25486447248027455f,0.8338738742403237f,0.48959009643454204f,4.443744045830929f,-0.40115304027744025f,0.5518632352574133f,-0.7311109408614993f,2.4927880433234257f,0f,0f,0f,1f], start_interpolation: 0, interpolation_duration: 1 }
$data merge entity $(bone_right_head_scales2) { transformation: [-0.8102929202503356f,-0.010066351407218463f,0.5859386076727916f,-0.7045072887837485f,0.31658840262356375f,0.8338738742403237f,0.45213509616451264f,3.6015797801807965f,-0.4931502476086202f,0.5518632352574133f,-0.6724952065663939f,2.1374219719840637f,0f,0f,0f,1f], start_interpolation: 0, interpolation_duration: 1 }
$data merge entity $(bone_right_head_scales1) { transformation: [-0.999833680605413f,-0.010066351407218463f,0.015207882705342938f,-0.7098589031549781f,-4.336808689942018e-19f,0.8338738742403237f,0.5519550360848543f,4.350096100969955f,-0.018237629424710824f,0.5518632352574133f,-0.8337351848423978f,2.430811215145103f,0f,0f,0f,1f], start_interpolation: 0, interpolation_duration: 1 }
$data merge entity $(bone_head_left_fin1) { transformation: [-0.7405941419648644f,0.017054619050412313f,-0.7415555642576931f,0.6430935029605009f,-0.1692616171284827f,1.0163667617249528f,0.19241701757629814f,4.045406762437056f,0.7221814314142608f,0.2557008870828409f,-0.7153644067820752f,2.1527523856616098f,0f,0f,0f,1f], start_interpolation: 0, interpolation_duration: 1 }
$data merge entity $(bone_head_right_fin1) { transformation: [-0.7137641087580027f,-0.026368478762239963f,0.767151027113849f,-0.7043386056678878f,0.1692616171284827f,1.0163667617249528f,0.19241701757629814f,4.045406762437056f,-0.7487098904389594f,0.25490882098050627f,-0.6878445979800835f,2.1281743303822145f,0f,0f,0f,1f], start_interpolation: 0, interpolation_duration: 1 }
$data merge entity $(bone_right_whisker16) { transformation: [0.2599550893696446f,0.9240955793156814f,-0.28012624261221114f,-1.2266335877460617f,0.9647535799574654f,-0.26084414066444117f,0.03479747462508778f,1.3194230837014125f,-0.04091309655934755f,-0.2792985760261667f,-0.9593322802656442f,1.866909426473053f,0f,0f,0f,1f], start_interpolation: 0, interpolation_duration: 1 }
$data merge entity $(bone_right_whisker15) { transformation: [-0.882258865567144f,0.3783498147589622f,-0.28012624261221114f,-0.9293881691711939f,0.38453819410373835f,0.9224529868969756f,0.03479747462508778f,1.1898667585395084f,0.2715689072843426f,-0.07701885896783371f,-0.9593322802656442f,1.7754140426711993f,0f,0f,0f,1f], start_interpolation: 0, interpolation_duration: 1 }
$data merge entity $(bone_right_whisker14) { transformation: [-0.7157600915112291f,-0.6397005390022754f,-0.28012624261221114f,-0.6882385289647743f,-0.6735134620349165f,0.7383554375891448f,0.03479747462508778f,1.4167829151821314f,0.1845727711705552f,0.21357543909059576f,-0.9593322802656442f,1.7132288805092448f,0f,0f,0f,1f], start_interpolation: 0, interpolation_duration: 1 }
$data merge entity $(bone_right_whisker13) { transformation: [-0.08992105723730119f,-0.9945942353516982f,-0.051927935357540235f,-0.6579428602666602f,-0.9689009332945488f,0.07529134039594117f,0.23571634547127798f,1.7432192647784395f,-0.23053239452683955f,0.0715088880248699f,-0.9704335598108547f,1.790898486087135f,0f,0f,0f,1f], start_interpolation: 0, interpolation_duration: 1 }
$data merge entity $(bone_right_whisker12) { transformation: [0.07518511553450477f,-0.9966802901878519f,-0.03123455703420102f,-0.691717423885676f,-0.8943941804877965f,-0.08125299472604816f,0.43983747084305125f,2.1449979005444417f,-0.44091523937331345f,-0.005133225020235679f,-0.8975340671469049f,1.9889658787743658f,0f,0f,0f,1f], start_interpolation: 0, interpolation_duration: 1 }
$data merge entity $(bone_right_whisker11) { transformation: [0.2948964887504993f,-0.9555022259723276f,-0.007180326215005375f,-0.8241904559415645f,-0.9443195925834563f,-0.29257639147950376f,0.15053093440169496f,2.5692039675252913f,-0.14593343683214602f,-0.03761052127742148f,-0.9885792232813706f,2.0545219148513065f,0f,0f,0f,1f], start_interpolation: 0, interpolation_duration: 1 }
$data merge entity $(bone_right_whisker10) { transformation: [0.0686602670516601f,-0.9920740790244965f,0.10523682557019616f,-0.8550339352811774f,-0.992631654843489f,-0.07849111222399316f,-0.0923122045263631f,3.015112718724515f,0.09984070077413945f,-0.09812322370131189f,-0.990153355515897f,2.0096716000504236f,0f,0f,0f,1f], start_interpolation: 0, interpolation_duration: 1 }
$data merge entity $(bone_right_whisker1) { transformation: [-0.33695930081642406f,-0.9385340662530383f,0.07491485884552186f,-0.7036654993675494f,-0.923829593586735f,0.3449315342895858f,0.16601541695276495f,3.430114293968556f,-0.18165162153604575f,-0.013268124779715312f,-0.9832734336176049f,2.091272914412319f,0f,0f,0f,1f], start_interpolation: 0, interpolation_duration: 1 }
$data merge entity $(bone_left_whisker16) { transformation: [0.2582900938728625f,-0.91329505689142f,0.3149259698164728f,1.1745691628169992f,-0.9647535799574654f,-0.26084414066444117f,0.03479747462508778f,1.3194230837014125f,0.050366232402296256f,-0.31281379978947116f,-0.9484781332718586f,1.91070895712284f,0f,0f,0f,1f], start_interpolation: 0, interpolation_duration: 1 }
$data merge entity $(bone_left_whisker15) { transformation: [-0.8717680686317157f,-0.3752893124634408f,0.3149259698164728f,0.880858241256509f,-0.38453819410373835f,0.9224529868969756f,0.03479747462508778f,1.1898667585395084f,-0.3035635218361452f,-0.09076573646242089f,-0.9484781332718586f,1.8084341377542168f,0f,0f,0f,1f], start_interpolation: 0, interpolation_duration: 1 }
$data merge entity $(bone_left_whisker14) { transformation: [-0.7085527320834293f,0.6314860722076632f,0.3149259698164728f,0.6421368617948071f,0.6735134620349165f,0.7383554375891448f,0.03479747462508778f,1.4167829151821314f,-0.21055318167828496f,0.23676272593100584f,-0.9484781332718586f,1.7374958099426854f,0f,0f,0f,1f], start_interpolation: 0, interpolation_duration: 1 }
$data merge entity $(bone_left_whisker13) { transformation: [-0.09826856997778391f,0.9913247377435768f,0.08728431985270994f,0.6090287986675263f,0.9689009332945488f,0.07529134039594117f,0.23571634547127798f,1.7432192647784395f,0.2270996909189303f,0.10773336715712226f,-0.9678942359501446f,1.8140088894026765f,0f,0f,0f,1f], start_interpolation: 0, interpolation_duration: 1 }
$data merge entity $(bone_left_whisker12) { transformation: [0.05905527806692593f,0.996204480849045f,0.06394612160813885f,0.6355575368616533f,0.8943941804877965f,-0.08125299472604816f,0.43983747084305125f,2.1449979005444417f,0.44336387318093595f,0.031218314886194455f,-0.8957979084445691f,2.013176254308175f,0f,0f,0f,1f], start_interpolation: 0, interpolation_duration: 1 }
$data merge entity $(bone_left_whisker11) { transformation: [0.2893782424717635f,0.9562382299610132f,0.04322823550622737f,0.7655516692220159f,0.9443195925834563f,-0.29257639147950376f,0.15053093440169496f,2.5692039675252913f,0.15659099542109234f,-0.0027391074934525403f,-0.9876597376845783f,2.083519865532494f,0f,0f,0f,1f], start_interpolation: 0, interpolation_duration: 1 }
$data merge entity $(bone_left_whisker10) { transformation: [0.07225570243059036f,0.9949926039843395f,-0.06905672655669122f,0.7980102855482576f,0.992631654843489f,-0.07849111222399316f,-0.0923122045263631f,3.015112718724515f,-0.09727030003520365f,-0.061877809579074045f,-0.9933325854983096f,2.039824222938555f,0f,0f,0f,1f], start_interpolation: 0, interpolation_duration: 1 }
$data merge entity $(bone_left_whisker1) { transformation: [-0.3433598359093833f,0.938393610300105f,-0.0390058358738314f,0.6437666092608393f,0.923829593586735f,0.3449315342895858f,0.16601541695276495f,3.430114293968556f,0.16924214929399084f,0.02096828082049665f,-0.9853514226415785f,2.115850969691715f,0f,0f,0f,1f], start_interpolation: 0, interpolation_duration: 1 }
$data merge entity $(bone_upper_left_tooth1) { transformation: [-0.999833680605413f,-0.008702591588195986f,0.016027352453918845f,0.26047133499763186f,-4.336808689942018e-19f,0.8788067835287193f,0.47717778366548724f,3.2814893251148507f,-0.018237629424710824f,0.4770984197453976f,-0.8786606209165236f,3.1160320047624537f,0f,0f,0f,1f], start_interpolation: 0, interpolation_duration: 1 }
$data merge entity $(bone_upper_right_tooth1) { transformation: [-0.999833680605413f,-0.008702591588195986f,0.016027352453918845f,-0.41324471931656237f,-4.336808689942018e-19f,0.8788067835287193f,0.47717778366548724f,3.2814893251148507f,-0.018237629424710824f,0.4770984197453976f,-0.8786606209165236f,3.103742977122756f,0f,0f,0f,1f], start_interpolation: 0, interpolation_duration: 1 }
$data merge entity $(bone_top_lip1) { transformation: [-0.999833680605413f,-0.0007741172903345814f,0.01822119286583299f,-0.04938990659277257f,-4.336808689942018e-19f,0.9990987557376529f,0.04244615746417685f,3.390052858431631f,-0.018237629424710824f,0.04243909784496491f,-0.9989325862374658f,3.1693379681449496f,0f,0f,0f,1f], start_interpolation: 0, interpolation_duration: 1 }
$data merge entity $(bone_muzzle1) { transformation: [-0.999833680605413f,-0.008702591588195986f,0.016027352453918845f,-0.041856185291952716f,-4.336808689942018e-19f,0.8788067835287193f,0.47717778366548724f,3.8060405496097163f,-0.018237629424710824f,0.4770984197453976f,-0.8786606209165236f,2.756320019296395f,0f,0f,0f,1f], start_interpolation: 0, interpolation_duration: 1 }
$data merge entity $(bone_jaw_right_tooth1) { transformation: [-0.999833680605413f,0.0022218912909762792f,0.01810177687753779f,-0.4131627708577261f,-4.336808689942018e-19f,0.9925509755676382f,-0.12183004924783469f,3.191548395357574f,-0.018237629424710824f,-0.12180978654780111f,-0.9923858950902847f,3.0992503521598196f,0f,0f,0f,1f], start_interpolation: 0, interpolation_duration: 1 }
$data merge entity $(bone_jaw_left_tooth1) { transformation: [-0.999833680605413f,0.0022218912909762792f,0.01810177687753779f,0.316696287982651f,-4.336808689942018e-19f,0.9925509755676382f,-0.12183004924783469f,3.191548395357574f,-0.018237629424710824f,-0.12180978654780111f,-0.9923858950902847f,3.1125634654361587f,0f,0f,0f,1f], start_interpolation: 0, interpolation_duration: 1 }
$data merge entity $(bone_tongue1) { transformation: [-0.999833680605413f,-0.004103808865820588f,0.017769915020221405f,-0.033670227613007364f,-4.336808689942018e-19f,0.974354429865995f,0.2250187658852302f,3.3595998282440593f,-0.018237629424710824f,0.2249813409003175f,-0.974192375827106f,2.307544797209117f,0f,0f,0f,1f], start_interpolation: 0, interpolation_duration: 1 }
$data merge entity $(bone_jaw_lips1) { transformation: [-0.999833680605413f,-0.004103808865820588f,0.017769915020221405f,0.00703762593046009f,-4.336808689942018e-19f,0.974354429865995f,0.2250187658852302f,3.031596625703279f,-0.018237629424710824f,0.2249813409003175f,-0.974192375827106f,3.1547634982949804f,0f,0f,0f,1f], start_interpolation: 0, interpolation_duration: 1 }
$data merge entity $(bone_jaw3) { transformation: [-0.999833680605413f,-0.0009552047976140697f,0.018212597585948388f,0.023480962399583215f,-4.336808689942018e-19f,0.9986274620357997f,0.052375491099727556f,2.99453946331681f,-0.018237629424710824f,0.052366780039756755f,-0.9984613709208956f,2.253297565388118f,0f,0f,0f,1f], start_interpolation: 0, interpolation_duration: 1 }
$data merge entity $(bone_jaw1) { transformation: [-0.999833680605413f,-0.013553683045860684f,0.012202819466231016f,0.034444433013775144f,-4.336808689942018e-19f,0.6691011853600324f,0.7431713152092185f,3.6622324418250924f,-0.018237629424710824f,0.7430477114059983f,-0.6689899008559655f,1.6522519513378362f,0f,0f,0f,1f], start_interpolation: 0, interpolation_duration: 1 }
$data merge entity $(bone_tear_right1) { transformation: [-0.999833680605413f,-0.010066351407218463f,0.015207882705342938f,-0.647741133490398f,-4.336808689942018e-19f,0.8338738742403237f,0.5519550360848543f,3.89005680474514f,-0.018237629424710824f,0.5518632352574133f,-0.8337351848423978f,2.72006888687494f,0f,0f,0f,1f], start_interpolation: 0, interpolation_duration: 1 }
$data merge entity $(bone_right_pupil1) { transformation: [-0.999833680605413f,-0.010066351407218463f,0.015207882705342938f,-0.46462482622713247f,-4.336808689942018e-19f,0.8338738742403237f,0.5519550360848543f,3.946512466901177f,-0.018237629424710824f,0.5518632352574133f,-0.8337351848423978f,2.84160461273492f,0f,0f,0f,1f], start_interpolation: 0, interpolation_duration: 1 }
$data merge entity $(bone_right_sad_pupil1) { transformation: [-0.999833680605413f,-0.010066351407218463f,0.015207882705342938f,-0.4644540345756564f,-4.336808689942018e-19f,0.8338738742403237f,0.5519550360848543f,3.9527111806853332f,-0.018237629424710824f,0.5518632352574133f,-0.8337351848423978f,2.832241375795772f,0f,0f,0f,1f], start_interpolation: 0, interpolation_duration: 1 }
$data merge entity $(bone_right_happy_pupil1) { transformation: [-0.999833680605413f,-0.010066351407218463f,0.015207882705342938f,-0.4922425565288506f,-4.336808689942018e-19f,0.8338738742403237f,0.5519550360848543f,3.9292994941435135f,-0.018237629424710824f,0.5518632352574133f,-0.8337351848423978f,2.816235330812869f,0f,0f,0f,1f], start_interpolation: 0, interpolation_duration: 1 }
$data merge entity $(bone_eyelid_right1) { transformation: [-0.999833680605413f,-0.010066351407218463f,0.015207882705342938f,-0.023047708610492015f,-4.336808689942018e-19f,0.8338738742403237f,0.5519550360848543f,4.21582289746265f,-0.018237629424710824f,0.5518632352574133f,-0.8337351848423978f,2.3409765807054965f,0f,0f,0f,1f], start_interpolation: 0, interpolation_duration: 1 }
$data merge entity $(bone_eyelid_expressions_right5) { transformation: [-0.999833680605413f,-0.010066351407218463f,0.015207882705342938f,-0.5947130841197009f,-4.336808689942018e-19f,0.8338738742403237f,0.5519550360848543f,4.046359125546307f,-0.018237629424710824f,0.5518632352574133f,-0.8337351848423978f,2.8918628135639675f,0f,0f,0f,1f], start_interpolation: 0, interpolation_duration: 1 }
$data merge entity $(bone_eyelid_expressions_right7) { transformation: [-0.999833680605413f,-0.010066351407218463f,0.015207882705342938f,-0.25785505696260363f,-4.336808689942018e-19f,0.8338738742403237f,0.5519550360848543f,4.046359125546307f,-0.018237629424710824f,0.5518632352574133f,-0.8337351848423978f,2.8980073273838163f,0f,0f,0f,1f], start_interpolation: 0, interpolation_duration: 1 }
$data merge entity $(bone_eyelid_expressions_right6) { transformation: [-0.999833680605413f,-0.010066351407218463f,0.015207882705342938f,-0.3701410660149694f,-4.336808689942018e-19f,0.8338738742403237f,0.5519550360848543f,4.046359125546307f,-0.018237629424710824f,0.5518632352574133f,-0.8337351848423978f,2.8959591561105333f,0f,0f,0f,1f], start_interpolation: 0, interpolation_duration: 1 }
$data merge entity $(bone_right_eye1) { transformation: [-0.999833680605413f,-0.010066351407218463f,0.015207882705342938f,-0.034447101167204605f,-4.336808689942018e-19f,0.8338738742403237f,0.5519550360848543f,4.2096241836784944f,-0.018237629424710824f,0.5518632352574133f,-0.8337351848423978f,2.3501350005173163f,0f,0f,0f,1f], start_interpolation: 0, interpolation_duration: 1 }
$data merge entity $(bone_tear_left1) { transformation: [-0.999833680605413f,-0.010066351407218463f,0.015207882705342938f,0.5649477642751517f,-4.336808689942018e-19f,0.8338738742403237f,0.5519550360848543f,3.89005680474514f,-0.018237629424710824f,0.5518632352574133f,-0.8337351848423978f,2.742189136626396f,0f,0f,0f,1f], start_interpolation: 0, interpolation_duration: 1 }
$data merge entity $(bone_left_sad_pupil1) { transformation: [-0.999833680605413f,-0.010066351407218463f,0.015207882705342938f,0.3776910333170864f,-4.336808689942018e-19f,0.8338738742403237f,0.5519550360848543f,3.9527111806853332f,-0.018237629424710824f,0.5518632352574133f,-0.8337351848423978f,2.847602660345394f,0f,0f,0f,1f], start_interpolation: 0, interpolation_duration: 1 }
$data merge entity $(bone_left_pupil1) { transformation: [-0.999833680605413f,-0.010066351407218463f,0.015207882705342938f,0.3775202416656104f,-4.336808689942018e-19f,0.8338738742403237f,0.5519550360848543f,3.946512466901177f,-0.018237629424710824f,0.5518632352574133f,-0.8337351848423978f,2.8569658972845424f,0f,0f,0f,1f], start_interpolation: 0, interpolation_duration: 1 }
$data merge entity $(bone_eyelid_left1) { transformation: [-0.999833680605413f,-0.010066351407218463f,0.015207882705342938f,-0.04550491042096516f,-4.336808689942018e-19f,0.8338738742403237f,0.5519550360848543f,4.21582289746265f,-0.018237629424710824f,0.5518632352574133f,-0.8337351848423978f,2.34056694645084f,0f,0f,0f,1f], start_interpolation: 0, interpolation_duration: 1 }
$data merge entity $(bone_left_happy_pupil1) { transformation: [-0.999833680605413f,-0.010066351407218463f,0.015207882705342938f,0.406045515890075f,-4.336808689942018e-19f,0.8338738742403237f,0.5519550360848543f,3.9292994941435135f,-0.018237629424710824f,0.5518632352574133f,-0.8337351848423978f,2.8326207009991324f,0f,0f,0f,1f], start_interpolation: 0, interpolation_duration: 1 }
$data merge entity $(bone_eyelid_expressions_left5) { transformation: [-0.999833680605413f,-0.010066351407218463f,0.015207882705342938f,0.5056898045934832f,-4.336808689942018e-19f,0.8338738742403237f,0.5519550360848543f,4.046359125546307f,-0.018237629424710824f,0.5518632352574133f,-0.8337351848423978f,2.9119348920421406f,0f,0f,0f,1f], start_interpolation: 0, interpolation_duration: 1 }
$data merge entity $(bone_eyelid_expressions_left7) { transformation: [-0.999833680605413f,-0.010066351407218463f,0.015207882705342938f,0.168831777436386f,-4.336808689942018e-19f,0.8338738742403237f,0.5519550360848543f,4.046359125546307f,-0.018237629424710824f,0.5518632352574133f,-0.8337351848423978f,2.905790378222292f,0f,0f,0f,1f], start_interpolation: 0, interpolation_duration: 1 }
$data merge entity $(bone_eyelid_expressions_left6) { transformation: [-0.999833680605413f,-0.010066351407218463f,0.015207882705342938f,0.28111778648875174f,-4.336808689942018e-19f,0.8338738742403237f,0.5519550360848543f,4.046359125546307f,-0.018237629424710824f,0.5518632352574133f,-0.8337351848423978f,2.9078385494955747f,0f,0f,0f,1f], start_interpolation: 0, interpolation_duration: 1 }
$data merge entity $(bone_left_eye1) { transformation: [-0.999833680605413f,-0.010066351407218463f,0.015207882705342938f,-0.034447101167204605f,-4.336808689942018e-19f,0.8338738742403237f,0.5519550360848543f,4.2096241836784944f,-0.018237629424710824f,0.5518632352574133f,-0.8337351848423978f,2.3501350005173163f,0f,0f,0f,1f], start_interpolation: 0, interpolation_duration: 1 }
$data merge entity $(bone_crest_middle5) { transformation: [-0.999833680605413f,-0.006536150423573131f,0.017026152374318242f,-0.05564645630555532f,-4.336808689942018e-19f,0.933572668783855f,0.35838815842573624f,5.101980204652747f,-0.018237629424710824f,0.3583285515241997f,-0.9334173975427795f,3.5123380906689055f,0f,0f,0f,1f], start_interpolation: 0, interpolation_duration: 1 }
$data merge entity $(bone_crest_middle4) { transformation: [-0.999833680605413f,-0.006536150423573131f,0.017026152374318242f,-0.05124221432092108f,-4.336808689942018e-19f,0.933572668783855f,0.35838815842573624f,4.472912683694877f,-0.018237629424710824f,0.3583285515241997f,-0.9334173975427795f,3.270886234661388f,0f,0f,0f,1f], start_interpolation: 0, interpolation_duration: 1 }
$data merge entity $(bone_crest_middle1) { transformation: [-0.999833680605413f,-0.006536150423573131f,0.017026152374318242f,-0.049373126492512805f,-4.336808689942018e-19f,0.933572668783855f,0.35838815842573624f,3.970925411578952f,-0.018237629424710824f,0.3583285515241997f,-0.9334173975427795f,3.1684180399562063f,0f,0f,0f,1f], start_interpolation: 0, interpolation_duration: 1 }
$data merge entity $(bone_crest_left5) { transformation: [-0.5287203703338571f,-0.8394143906978788f,0.12585011197189278f,-1.1550146802240513f,-0.703282092421139f,0.5162516499595471f,0.48875201523245887f,4.512668272632961f,-0.47523580302179813f,0.16990501641609726f,-0.8632978726504958f,3.2206859352945196f,0f,0f,0f,1f], start_interpolation: 0, interpolation_duration: 1 }
$data merge entity $(bone_crest_left4) { transformation: [-0.5287203703338571f,-0.8394143906978788f,0.12585011197189278f,-0.6836638260724104f,-0.703282092421139f,0.5162516499595471f,0.48875201523245887f,4.222780871532629f,-0.47523580302179813f,0.16990501641609726f,-0.8632978726504958f,3.1252802864280587f,0f,0f,0f,1f], start_interpolation: 0, interpolation_duration: 1 }
$data merge entity $(bone_crest_left1) { transformation: [-0.5287203703338571f,-0.8394143906978788f,0.12585011197189278f,-0.15811110775718432f,-0.703282092421139f,0.5162516499595471f,0.48875201523245887f,3.9313493014901035f,-0.47523580302179813f,0.16990501641609726f,-0.8632978726504958f,2.9718578737712376f,0f,0f,0f,1f], start_interpolation: 0, interpolation_duration: 1 }
$data merge entity $(bone_crest_center1) { transformation: [-0.999833680605413f,-0.010066351407218463f,0.015207882705342938f,-0.045542477710150436f,-4.336808689942018e-19f,0.8338738742403237f,0.5519550360848543f,3.9079376149482834f,-0.018237629424710824f,0.5518632352574133f,-0.8337351848423978f,2.95841203632579f,0f,0f,0f,1f], start_interpolation: 0, interpolation_duration: 1 }
$data merge entity $(bone_crest_right5) { transformation: [-0.5457001196686463f,0.8326596948472935f,-0.09428261754129014f,1.0536267619459165f,0.703282092421139f,0.5162516499595471f,0.48875201523245887f,4.512668272632961f,0.4556376607276549f,0.20040475665726434f,-0.8673132396290123f,3.2609730199724076f,0f,0f,0f,1f], start_interpolation: 0, interpolation_duration: 1 }
$data merge entity $(bone_crest_right4) { transformation: [-0.5457001196686463f,0.8326596948472935f,-0.09428261754129014f,0.5860688278275633f,0.703282092421139f,0.5162516499595471f,0.48875201523245887f,4.222780871532629f,0.4556376607276549f,0.20040475665726434f,-0.8673132396290123f,3.1484410521228696f,0f,0f,0f,1f], start_interpolation: 0, interpolation_duration: 1 }
$data merge entity $(bone_crest_right1) { transformation: [-0.5457001196686463f,0.8326596948472935f,-0.09428261754129014f,0.06646091034754709f,0.703282092421139f,0.5162516499595471f,0.48875201523245887f,3.9313493014901035f,0.4556376607276549f,0.20040475665726434f,-0.8673132396290123f,2.9759542163178034f,0f,0f,0f,1f], start_interpolation: 0, interpolation_duration: 1 }
$data merge entity $(bone_head1) { transformation: [-1.0480027511554129f,-0.010551318857826638f,0.015940554137761794f,-0.024488311111497116f,-4.545743483598076e-19f,0.8740474853690888f,0.578546619854567f,4.503729469376592f,-0.01911626521730756f,0.5784503963310124f,-0.8739021143204817f,1.8041685547750137f,0f,0f,0f,1f], start_interpolation: 0, interpolation_duration: 1 }
$data merge entity $(bone_neck10) { transformation: [-1.497146787364876f,-0.012983361360617094f,0.024025217893656702f,-0.0034753349540815864f,-6.493919262282969e-19f,1.3173432431467256f,0.7118996147068034f,4.615754971911171f,-0.027308950310439385f,0.7117812119938786f,-1.3171241434160617f,0.6521832389929062f,0f,0f,0f,1f], start_interpolation: 0, interpolation_duration: 1 }
$data merge entity $(bone_neck9) { transformation: [-1.145317292334131f,-0.011531084180339126f,0.017420748450553983f,0.010367186626225438f,-4.967848235646474e-19f,0.955209037581934f,0.6322688059839205f,3.3673381197977292f,-0.020891346987486143f,0.6321636474188929f,-0.955050167793099f,-0.1066993426295505f,0f,0f,0f,1f], start_interpolation: 0, interpolation_duration: 1 }
$data merge entity $(bone_neck8) { transformation: [-1.0629742190290623f,0.003032748783707818f,0.019150705242598258f,0.007501578959494803f,-4.6106826762209085e-19f,1.0500654880425566f,-0.16629073401385355f,2.5890976204599765f,-0.019389354720411964f,-0.1662630766396469f,-1.0498908417863084f,0.05040062874700951f,0f,0f,0f,1f], start_interpolation: 0, interpolation_duration: 1 }
$data merge entity $(bone_neck7) { transformation: [-1.0554884850922377f,0.00830202477158315f,0.017370868613545087f,-0.0003769265865092141f,-4.578213079909493e-19f,0.9524740419392812f,-0.4552140290960422f,1.7368945358705221f,-0.019252809968859766f,-0.4551383181743154f,-0.9523156270332659f,0.48232053534727504f,0f,0f,0f,1f], start_interpolation: 0, interpolation_duration: 1 }
$data merge entity $(bone_neck6) { transformation: [-1.049499897942778f,0.005465714906614497f,0.018346727023387677f,-0.00505069288582119f,-4.552237402860361e-19f,1.0059820054534627f,-0.29969437251580516f,0.8454134986228672f,-0.019143574167618006f,-0.2996445275292072f,-1.00581469113535f,0.7385484064432317f,0f,0f,0f,1f], start_interpolation: 0, interpolation_duration: 1 }
$data merge entity $(bone_neck_spine6) { transformation: [-1.2645456976539715f,0.1235556076599697f,0.07512362396288094f,0.021240612835379452f,0.06285605842476602f,-0.12582481093126158f,1.264991146763535f,0.11794482355943248f,0.13022543139050496f,1.2605108080800411f,0.11890840276981704f,-1.8520990231743713f,0f,0f,0f,1f], start_interpolation: 0, interpolation_duration: 1 }
$data merge entity $(bone_neck_spine7) { transformation: [-0.983519363213688f,0.18079384777767576f,0.0018018849808843773f,-0.4671832633045083f,0.03018728984678494f,0.15437655348027463f,0.9875508124989102f,0.5358558671568827f,0.1782649424745313f,0.9713297402742772f,-0.1572900058594237f,-5.434642873297575f,0f,0f,0f,1f], start_interpolation: 0, interpolation_duration: 1 }
$data merge entity $(bone_tail6) { transformation: [-1.6637240203907924f,-0.24978945310413758f,-0.36732757944342054f,-0.3896110207959521f,-0.3812661129551829f,0.07226864674019519f,1.6777113373097032f,0.7462498477663042f,-0.2279483990158128f,1.7022586199938612f,-0.12512815658296486f,-9.20312754798982f,0f,0f,0f,1f], start_interpolation: 0, interpolation_duration: 1 }
$data merge entity $(bone_tail5) { transformation: [-1.3743807124967415f,-0.20634780908602668f,-0.3034445221489126f,-0.5199359528502847f,-0.31495896287602065f,0.059700186437552545f,1.3859354525601895f,0.7839552286742322f,-0.18830519918697577f,1.4062136426036245f,-0.10336673804679705f,-8.31499261581911f,0f,0f,0f,1f], start_interpolation: 0, interpolation_duration: 1 }
$data merge entity $(bone_tail4) { transformation: [-1.0127015776291777f,-0.15204575406338808f,-0.2235907005307777f,-0.5850984188774511f,-0.23207502527706783f,0.04398961105924924f,1.0212155966232974f,0.8028079191281962f,-0.1387511994009295f,1.0361574208658284f,-0.07616496487658729f,-7.870925149733754f,0f,0f,0f,1f], start_interpolation: 0, interpolation_duration: 1 }
$data merge entity $(bone_segment18) { transformation: [-0.9661550454897001f,-0.0912987608094506f,-0.241265340132922f,-0.636364812886664f,-0.2214082228730287f,-0.18644790314120474f,0.9571915055298259f,0.6981130516416798f,-0.13237381508063834f,0.9782135327672108f,0.15992328595951996f,-7.321635324205291f,0f,0f,0f,1f], start_interpolation: 0, interpolation_duration: 1 }
$data merge entity $(bone_segment17) { transformation: [-0.9975138034415831f,-0.022543315091922485f,0.06676833746749306f,-0.6528209926046445f,0.06988185394230426f,-0.4387209538897485f,0.8959020320926029f,0.37785532407079364f,0.009096066902414102f,0.8983405387506097f,0.43920557601671184f,-6.665864276630992f,0f,0f,0f,1f], start_interpolation: 0, interpolation_duration: 1 }
$data merge entity $(bone_segment16) { transformation: [-0.9902680592588224f,0.12040372783259792f,0.06980052389329983f,-0.5378848168660073f,0.03487365339182182f,-0.27086261985786153f,0.9619861066890948f,0.11929261810296171f,0.13473306613772484f,0.9550583141817831f,0.26402768302088764f,-5.754175309724064f,0f,0f,0f,1f], start_interpolation: 0, interpolation_duration: 1 }
$data merge entity $(bone_segment15) { transformation: [-0.983519363213688f,0.17416708465249442f,0.04853337828126714f,-0.3325071267118208f,0.03018728984678494f,-0.10648065830109364f,0.9938564267234336f,-0.006269290977673619f,0.1782649424745313f,0.9789421310942832f,0.0994681569806917f,-4.599807513536225f,0f,0f,0f,1f], start_interpolation: 0, interpolation_duration: 1 }
$data merge entity $(bone_segment14) { transformation: [-1.0349394899143076f,0.15315315081030015f,0.06418381912883021f,-0.16020983205023315f,0.03621244695595746f,-0.1872339868499942f,1.0306829245111662f,-0.21690752618391707f,0.16206205270373114f,1.0198836916973943f,0.17957824063154063f,-3.4524383603766564f,0f,0f,0f,1f], start_interpolation: 0, interpolation_duration: 1 }
$data merge entity $(bone_segment13) { transformation: [-1.019075062227024f,0.08754577219563077f,0.07691142399439578f,-0.056876706035280986f,0.0506545882599585f,-0.2768823645385678f,0.9863386237590684f,-0.5773769615394372f,0.10494637706175988f,0.9837507335709542f,0.2707662533688581f,-2.2750404728886684f,0f,0f,0f,1f], start_interpolation: 0, interpolation_duration: 1 }
$data merge entity $(bone_segment12) { transformation: [-1.1138642690625664f,0.04294233353947265f,0.044002582737558416f,-0.0050000614909516015f,0.04793397640803682f,0.10652114632140817f,1.1094275372838747f,-0.4486936975269977f,0.03850461275100376f,1.1096319581592062f,-0.10820440573441265f,-0.9345454898775463f,0f,0f,0f,1f], start_interpolation: 0, interpolation_duration: 1 }
$data merge entity $(bone_segment11) { transformation: [-1.1902688813644335f,0.00035392126642851596f,0.019562864732563374f,0.001655965705423524f,0.016434312405192913f,0.664000747828147f,0.987904732826388f,0.318579603784082f,-0.010618112477080105f,0.9880413566773134f,-0.6639159390043483f,0.20735078366752502f,0f,0f,0f,1f], start_interpolation: 0, interpolation_duration: 1 }
$data merge entity $(bone_segment10) { transformation: [-1.0480027511554133f,-0.010693822903851354f,0.015845306799160044f,-0.006309338339865914f,-4.545743483598078e-19f,0.8688249130498649f,0.586360357194335f,1.207978100820701f,-0.019116265217307568f,0.5862628340947167f,-0.8686804106163244f,0.8075505825259253f,0f,0f,0f,1f], start_interpolation: 0, interpolation_duration: 1 }