# This file was generated by Animated Java via MC-Build. It is not recommended to edit this file directly.
$data merge entity $(bone_neck_spine5) { transformation: [-1.3669601102027134f,-0.007912268329363153f,0.023645576345710583f,0.11254525062963328f,-5.929230630780103e-19f,1.2965268563727006f,0.43384302559863064f,3.7596377444868176f,-0.024934258979096832f,0.43377086908926726f,-1.2963112188108825f,-0.353706215329737f,0f,0f,0f,1f], start_interpolation: 0, interpolation_duration: 1 }
$data merge entity $(bone_neck_spine2) { transformation: [-1.3018667716216314f,-0.008466405822110473f,0.022186389169278568f,-0.017559922134052056f,-5.646886315028669e-19f,1.2165171608990712f,0.4642273195133045f,4.619777985983249f,-0.02374691331342555f,0.46415010950657215f,-1.2163148305013654f,1.4243364784307655f,0f,0f,0f,1f], start_interpolation: 0, interpolation_duration: 1 }
$data merge entity $(bone_scale_neck_left1) { transformation: [-1.3864716502053214f,0.3451717138956454f,0.10006132872420347f,0.6715189090923478f,0.3261294541650805f,1.0408968069855067f,0.9282417975593111f,3.8976471424430743f,0.15098132568532127f,0.921330420390262f,-1.0861925769220588f,1.1298643226860712f,0f,0f,0f,1f], start_interpolation: 0, interpolation_duration: 1 }
$data merge entity $(bone_scale_neck_right1) { transformation: [-1.380043171407872f,-0.37854227426908493f,-0.06038219973195304f,-0.6954412011103653f,-0.3261294541650805f,1.0408968069855067f,0.9282417975593111f,3.8976471424430743f,-0.20144439078630924f,0.9081293972784622f,-1.0891191732873708f,1.1049300637069743f,0f,0f,0f,1f], start_interpolation: 0, interpolation_duration: 1 }
$data merge entity $(bone_blush_right1) { transformation: [-0.999833680605413f,-0.010066351407218463f,0.015207882705342938f,-0.6055320576966137f,-4.336808689942018e-19f,0.8338738742403237f,0.5519550360848543f,3.125236571229311f,-0.018237629424710824f,0.5518632352574133f,-0.8337351848423978f,2.0660026248590255f,0f,0f,0f,1f], start_interpolation: 0, interpolation_duration: 1 }
$data merge entity $(bone_blush_left1) { transformation: [-0.999833680605413f,-0.010066351407218463f,0.015207882705342938f,0.5466200351885302f,-4.336808689942018e-19f,0.8338738742403237f,0.5519550360848543f,3.125236571229311f,-0.018237629424710824f,0.5518632352574133f,-0.8337351848423978f,2.0870186431414073f,0f,0f,0f,1f], start_interpolation: 0, interpolation_duration: 1 }
$data merge entity $(bone_left_head_scales) { transformation: [-0.8938855248228886f,-0.010066351407218463f,-0.44818225877588636f,0.5551922689172724f,-0.25486447248027455f,0.8338738742403237f,0.48959009643454204f,3.8432075486569572f,0.36879909053502347f,0.5518632352574133f,-0.7479533410526087f,2.1525324756772726f,0f,0f,0f,1f], start_interpolation: 0, interpolation_duration: 1 }
$data merge entity $(bone_left_head_scales2) { transformation: [-0.8277386865834863f,-0.010066351407218463f,-0.5610234712580139f,0.5608288887609963f,-0.31658840262356375f,0.8338738742403237f,0.45213509616451264f,3.1108907959177117f,0.4632714647561463f,0.5518632352574133f,-0.6934165555522273f,1.8435185005995665f,0f,0f,0f,1f], start_interpolation: 0, interpolation_duration: 1 }
$data merge entity $(bone_left_head_scales1) { transformation: [-0.999833680605413f,-0.010066351407218463f,0.015207882705342938f,0.5561753110468836f,-4.336808689942018e-19f,0.8338738742403237f,0.5519550360848543f,3.7617745531256754f,-0.018237629424710824f,0.5518632352574133f,-0.8337351848423978f,2.0986395816091656f,0f,0f,0f,1f], start_interpolation: 0, interpolation_duration: 1 }
$data merge entity $(bone_right_head_scales) { transformation: [-0.8798410873240222f,-0.010066351407218463f,0.4751613721945722f,-0.6164878255421959f,0.25486447248027455f,0.8338738742403237f,0.48959009643454204f,3.8432075486569572f,-0.40115304027744025f,0.5518632352574133f,-0.7311109408614993f,2.1311602536951897f,0f,0f,0f,1f], start_interpolation: 0, interpolation_duration: 1 }
$data merge entity $(bone_right_head_scales2) { transformation: [-0.8102929202503356f,-0.010066351407218463f,0.5859386076727916f,-0.610851205698472f,0.31658840262356375f,0.8338738742403237f,0.45213509616451264f,3.1108907959177117f,-0.4931502476086202f,0.5518632352574133f,-0.6724952065663939f,1.8221462786174836f,0f,0f,0f,1f], start_interpolation: 0, interpolation_duration: 1 }
$data merge entity $(bone_right_head_scales1) { transformation: [-0.999833680605413f,-0.010066351407218463f,0.015207882705342938f,-0.6155047834125847f,-4.336808689942018e-19f,0.8338738742403237f,0.5519550360848543f,3.7617745531256754f,-0.018237629424710824f,0.5518632352574133f,-0.8337351848423978f,2.0772673596270828f,0f,0f,0f,1f], start_interpolation: 0, interpolation_duration: 1 }
$data merge entity $(bone_head_left_fin1) { transformation: [-0.7065544112161688f,0.01627074214995858f,-0.7074716439129296f,0.5609755697313101f,-0.1614818906269251f,0.969651767707781f,0.18357300558831924f,3.4968273022275027f,0.6889879991629222f,0.2439481755026358f,-0.6824843036132098f,1.8354770731196979f,0f,0f,0f,1f], start_interpolation: 0, interpolation_duration: 1 }
$data merge entity $(bone_head_right_fin1) { transformation: [-0.6809575596598088f,-0.02515651141540409f,0.7318906693458833f,-0.6107045247281582f,0.1614818906269251f,0.969651767707781f,0.18357300558831924f,3.4968273022275027f,-0.7142971377107091f,0.2431925149230172f,-0.6562293804331728f,1.814104851137615f,0f,0f,0f,1f], start_interpolation: 0, interpolation_duration: 1 }
$data merge entity $(bone_right_whisker16) { transformation: [0.2599550893696446f,0.9240955793156814f,-0.28012624261221114f,-1.0648740743613532f,0.9647535799574654f,-0.26084414066444117f,0.03479747462508778f,1.126406712022595f,-0.04091309655934755f,-0.2792985760261667f,-0.9593322802656442f,1.5869179781731273f,0f,0f,0f,1f], start_interpolation: 0, interpolation_duration: 1 }
$data merge entity $(bone_right_whisker15) { transformation: [-0.882258865567144f,0.3783498147589622f,-0.28012624261221114f,-0.806399797339729f,0.38453819410373835f,0.9224529868969756f,0.03479747462508778f,1.0137490379687653f,0.2715689072843426f,-0.07701885896783371f,-0.9593322802656442f,1.5073567748671675f,0f,0f,0f,1f], start_interpolation: 0, interpolation_duration: 1 }
$data merge entity $(bone_right_whisker14) { transformation: [-0.7157600915112291f,-0.6397005390022754f,-0.28012624261221114f,-0.5967044580297987f,-0.6735134620349165f,0.7383554375891448f,0.03479747462508778f,1.2110674350493071f,0.1845727711705552f,0.21357543909059576f,-0.9593322802656442f,1.453282720813294f,0f,0f,0f,1f], start_interpolation: 0, interpolation_duration: 1 }
$data merge entity $(bone_right_whisker13) { transformation: [-0.08992105723730119f,-0.9945942353516982f,-0.051927935357540235f,-0.5703603982923081f,-0.9689009332945488f,0.07529134039594117f,0.23571634547127798f,1.4949251303504445f,-0.23053239452683955f,0.0715088880248699f,-0.9704335598108547f,1.5208215082723289f,0f,0f,0f,1f], start_interpolation: 0, interpolation_duration: 1 }
$data merge entity $(bone_right_whisker12) { transformation: [0.07518511553450477f,-0.9966802901878519f,-0.03123455703420102f,-0.599729584047974f,-0.8943941804877965f,-0.08125299472604816f,0.43983747084305125f,1.84429785710349f,-0.44091523937331345f,-0.005133225020235679f,-0.8975340671469049f,1.6930540236525295f,0f,0f,0f,1f], start_interpolation: 0, interpolation_duration: 1 }
$data merge entity $(bone_right_whisker11) { transformation: [0.2948964887504993f,-0.9555022259723276f,-0.007180326215005375f,-0.7149235249661379f,-0.9443195925834563f,-0.29257639147950376f,0.15053093440169496f,2.2131726979564026f,-0.14593343683214602f,-0.03761052127742148f,-0.9885792232813706f,1.7500592724150865f,0f,0f,0f,1f], start_interpolation: 0, interpolation_duration: 1 }
$data merge entity $(bone_right_whisker10) { transformation: [0.0686602670516601f,-0.9920740790244965f,0.10523682557019616f,-0.7417439417831926f,-0.992631654843489f,-0.07849111222399316f,-0.0923122045263631f,2.6009194381296403f,0.09984070077413945f,-0.09812322370131189f,-0.990153355515897f,1.7110589986751883f,0f,0f,0f,1f], start_interpolation: 0, interpolation_duration: 1 }
$data merge entity $(bone_right_whisker1) { transformation: [-0.33695930081642406f,-0.9385340662530383f,0.07491485884552186f,-0.6101192149017769f,-0.923829593586735f,0.3449315342895858f,0.16601541695276495f,2.9617903731244586f,-0.18165162153604575f,-0.013268124779715312f,-0.9832734336176049f,1.7820166633377061f,0f,0f,0f,1f], start_interpolation: 0, interpolation_duration: 1 }
$data merge entity $(bone_left_whisker16) { transformation: [0.2582900938728625f,-0.91329505689142f,0.3149259698164728f,1.0231283174326133f,-0.9647535799574654f,-0.26084414066444117f,0.03479747462508778f,1.126406712022595f,0.050366232402296256f,-0.31281379978947116f,-0.9484781332718586f,1.6250045265642457f,0f,0f,0f,1f], start_interpolation: 0, interpolation_duration: 1 }
$data merge entity $(bone_left_whisker15) { transformation: [-0.8717680686317157f,-0.3752893124634408f,0.3149259698164728f,0.7677275160756655f,-0.38453819410373835f,0.9224529868969756f,0.03479747462508778f,1.0137490379687653f,-0.3035635218361452f,-0.09076573646242089f,-0.9484781332718586f,1.5360699010263126f,0f,0f,0f,1f], start_interpolation: 0, interpolation_duration: 1 }
$data merge entity $(bone_left_whisker14) { transformation: [-0.7085527320834293f,0.6314860722076632f,0.3149259698164728f,0.5601437078480983f,0.6735134620349165f,0.7383554375891448f,0.03479747462508778f,1.2110674350493071f,-0.21055318167828496f,0.23676272593100584f,-0.9484781332718586f,1.4743843985815026f,0f,0f,0f,1f], start_interpolation: 0, interpolation_duration: 1 }
$data merge entity $(bone_left_whisker13) { transformation: [-0.09826856997778391f,0.9913247377435768f,0.08728431985270994f,0.5313540877374194f,0.9689009332945488f,0.07529134039594117f,0.23571634547127798f,1.4949251303504445f,0.2270996909189303f,0.10773336715712226f,-0.9678942359501446f,1.5409175111554079f,0f,0f,0f,1f], start_interpolation: 0, interpolation_duration: 1 }
$data merge entity $(bone_left_whisker12) { transformation: [0.05905527806692593f,0.996204480849045f,0.06394612160813885f,0.5544225557323124f,0.8943941804877965f,-0.08125299472604816f,0.43983747084305125f,1.84429785710349f,0.44336387318093595f,0.031218314886194455f,-0.8957979084445691f,1.714106524116711f,0f,0f,0f,1f], start_interpolation: 0, interpolation_duration: 1 }
$data merge entity $(bone_left_whisker11) { transformation: [0.2893782424717635f,0.9562382299610132f,0.04322823550622737f,0.6674609316978449f,0.9443195925834563f,-0.29257639147950376f,0.15053093440169496f,2.2131726979564026f,0.15659099542109234f,-0.0027391074934525403f,-0.9876597376845783f,1.7752748817030752f,0f,0f,0f,1f], start_interpolation: 0, interpolation_duration: 1 }
$data merge entity $(bone_left_whisker10) { transformation: [0.07225570243059036f,0.9949926039843395f,-0.06905672655669122f,0.6956858154597942f,0.992631654843489f,-0.07849111222399316f,-0.0923122045263631f,2.6009194381296403f,-0.09727030003520365f,-0.061877809579074045f,-0.9933325854983096f,1.7372786707518237f,0f,0f,0f,1f], start_interpolation: 0, interpolation_duration: 1 }
$data merge entity $(bone_left_whisker1) { transformation: [-0.3433598359093833f,0.938393610300105f,-0.0390058358738314f,0.5615608795576914f,0.923829593586735f,0.3449315342895858f,0.16601541695276495f,2.9617903731244586f,0.16924214929399084f,0.02096828082049665f,-0.9853514226415785f,1.803388885319789f,0f,0f,0f,1f], start_interpolation: 0, interpolation_duration: 1 }
$data merge entity $(bone_upper_left_tooth1) { transformation: [-0.999833680605413f,-0.008702591588195986f,0.016027352453918845f,0.22826064106794586f,-4.336808689942018e-19f,0.8788067835287193f,0.47717778366548724f,2.8325512697734117f,-0.018237629424710824f,0.4770984197453976f,-0.8786606209165236f,2.6731115245117354f,0f,0f,0f,1f], start_interpolation: 0, interpolation_duration: 1 }
$data merge entity $(bone_upper_right_tooth1) { transformation: [-0.999833680605413f,-0.008702591588195986f,0.016027352453918845f,-0.3575794061617883f,-4.336808689942018e-19f,0.8788067835287193f,0.47717778366548724f,2.8325512697734117f,-0.018237629424710824f,0.4770984197453976f,-0.8786606209165236f,2.662425413520694f,0f,0f,0f,1f], start_interpolation: 0, interpolation_duration: 1 }
$data merge entity $(bone_top_lip1) { transformation: [-0.999833680605413f,-0.0007741172903345814f,0.01822119286583299f,-0.0411839168367537f,-4.336808689942018e-19f,0.9990987557376529f,0.04244615746417685f,2.9269543422227855f,-0.018237629424710824f,0.04243909784496491f,-0.9989325862374658f,2.7194645361486884f,0f,0f,0f,1f], start_interpolation: 0, interpolation_duration: 1 }
$data merge entity $(bone_muzzle1) { transformation: [-0.999833680605413f,-0.008702591588195986f,0.016027352453918845f,-0.03463285483604079f,-4.336808689942018e-19f,0.8788067835287193f,0.47717778366548724f,3.288682769334164f,-0.018237629424710824f,0.4770984197453976f,-0.8786606209165236f,2.3603184936716843f,0f,0f,0f,1f], start_interpolation: 0, interpolation_duration: 1 }
$data merge entity $(bone_jaw_right_tooth1) { transformation: [-0.999833680605413f,0.0022218912909762792f,0.01810177687753779f,-0.35750814663236546f,-4.336808689942018e-19f,0.9925509755676382f,-0.12183004924783469f,2.7543417656366493f,-0.018237629424710824f,-0.12180978654780111f,-0.9923858950902847f,2.658518783118141f,0f,0f,0f,1f], start_interpolation: 0, interpolation_duration: 1 }
$data merge entity $(bone_jaw_left_tooth1) { transformation: [-0.999833680605413f,0.0022218912909762792f,0.01810177687753779f,0.2771519045331799f,-4.336808689942018e-19f,0.9925509755676382f,-0.12183004924783469f,2.7543417656366493f,-0.018237629424710824f,-0.12180978654780111f,-0.9923858950902847f,2.670095403358436f,0f,0f,0f,1f], start_interpolation: 0, interpolation_duration: 1 }
$data merge entity $(bone_tongue1) { transformation: [-0.999833680605413f,-0.004103808865820588f,0.017769915020221405f,-0.02751463076739266f,-4.336808689942018e-19f,0.974354429865995f,0.2250187658852302f,2.9004734464075064f,-0.018237629424710824f,0.2249813409003175f,-0.974192375827106f,1.9700791701175295f,0f,0f,0f,1f], start_interpolation: 0, interpolation_duration: 1 }
$data merge entity $(bone_jaw_lips1) { transformation: [-0.999833680605413f,-0.004103808865820588f,0.017769915020221405f,0.00788350274866599f,-4.336808689942018e-19f,0.974354429865995f,0.2250187658852302f,2.6152532702850886f,-0.018237629424710824f,0.2249813409003175f,-0.974192375827106f,2.7067910841052374f,0f,0f,0f,1f], start_interpolation: 0, interpolation_duration: 1 }
$data merge entity $(bone_jaw3) { transformation: [-0.999833680605413f,-0.0009552047976140697f,0.018212597585948388f,0.02218205620007741f,-4.336808689942018e-19f,0.9986274620357997f,0.052375491099727556f,2.5830296508185935f,-0.018237629424710824f,0.052366780039756755f,-0.9984613709208956f,1.9229076641862262f,0f,0f,0f,1f], start_interpolation: 0, interpolation_duration: 1 }
$data merge entity $(bone_jaw1) { transformation: [-0.999833680605413f,-0.013553683045860684f,0.012202819466231016f,0.03171550890807039f,-4.336808689942018e-19f,0.6691011853600324f,0.7431713152092185f,3.1636322408257955f,-0.018237629424710824f,0.7430477114059983f,-0.6689899008559655f,1.400259304142503f,0f,0f,0f,1f], start_interpolation: 0, interpolation_duration: 1 }
$data merge entity $(bone_tear_right1) { transformation: [-0.999833680605413f,-0.010066351407218463f,0.015207882705342938f,-0.561489331530341f,-4.336808689942018e-19f,0.8338738742403237f,0.5519550360848543f,3.3617403824954017f,-0.018237629424710824f,0.5518632352574133f,-0.8337351848423978f,2.3287957698269413f,0f,0f,0f,1f], start_interpolation: 0, interpolation_duration: 1 }
$data merge entity $(bone_right_pupil1) { transformation: [-0.999833680605413f,-0.010066351407218463f,0.015207882705342938f,-0.40225775999706664f,-4.336808689942018e-19f,0.8338738742403237f,0.5519550360848543f,3.4108322626310863f,-0.018237629424710824f,0.5518632352574133f,-0.8337351848423978f,2.4344790097051847f,0f,0f,0f,1f], start_interpolation: 0, interpolation_duration: 1 }
$data merge entity $(bone_right_sad_pupil1) { transformation: [-0.999833680605413f,-0.010066351407218463f,0.015207882705342938f,-0.40210924551752225f,-4.336808689942018e-19f,0.8338738742403237f,0.5519550360848543f,3.4162224485303523f,-0.018237629424710824f,0.5518632352574133f,-0.8337351848423978f,2.426337064540708f,0f,0f,0f,1f], start_interpolation: 0, interpolation_duration: 1 }
$data merge entity $(bone_right_happy_pupil1) { transformation: [-0.999833680605413f,-0.010066351407218463f,0.015207882705342938f,-0.42627317765073464f,-4.336808689942018e-19f,0.8338738742403237f,0.5519550360848543f,3.395864460233118f,-0.018237629424710824f,0.5518632352574133f,-0.8337351848423978f,2.412418764555575f,0f,0f,0f,1f], start_interpolation: 0, interpolation_duration: 1 }
$data merge entity $(bone_eyelid_right1) { transformation: [-0.999833680605413f,-0.010066351407218463f,0.015207882705342938f,-0.018277657721727136f,-4.336808689942018e-19f,0.8338738742403237f,0.5519550360848543f,3.645015245728019f,-0.018237629424710824f,0.5518632352574133f,-0.8337351848423978f,1.9991502862013384f,0f,0f,0f,1f], start_interpolation: 0, interpolation_duration: 1 }
$data merge entity $(bone_eyelid_expressions_right5) { transformation: [-0.999833680605413f,-0.010066351407218463f,0.015207882705342938f,-0.515377984251474f,-4.336808689942018e-19f,0.8338738742403237f,0.5519550360848543f,3.497655444061634f,-0.018237629424710824f,0.5518632352574133f,-0.8337351848423978f,2.478181793034791f,0f,0f,0f,1f], start_interpolation: 0, interpolation_duration: 1 }
$data merge entity $(bone_eyelid_expressions_right7) { transformation: [-0.999833680605413f,-0.010066351407218463f,0.015207882705342938f,-0.22245796063660683f,-4.336808689942018e-19f,0.8338738742403237f,0.5519550360848543f,3.497655444061634f,-0.018237629424710824f,0.5518632352574133f,-0.8337351848423978f,2.483524848530312f,0f,0f,0f,1f], start_interpolation: 0, interpolation_duration: 1 }
$data merge entity $(bone_eyelid_expressions_right6) { transformation: [-0.999833680605413f,-0.010066351407218463f,0.015207882705342938f,-0.3200979685082292f,-4.336808689942018e-19f,0.8338738742403237f,0.5519550360848543f,3.497655444061634f,-0.018237629424710824f,0.5518632352574133f,-0.8337351848423978f,2.481743830031805f,0f,0f,0f,1f], start_interpolation: 0, interpolation_duration: 1 }
$data merge entity $(bone_right_eye1) { transformation: [-0.999833680605413f,-0.010066351407218463f,0.015207882705342938f,-0.028190172988433737f,-4.336808689942018e-19f,0.8338738742403237f,0.5519550360848543f,3.639625059828753f,-0.018237629424710824f,0.5518632352574133f,-0.8337351848423978f,2.0071141295159642f,0f,0f,0f,1f], start_interpolation: 0, interpolation_duration: 1 }
$data merge entity $(bone_tear_left1) { transformation: [-0.999833680605413f,-0.010066351407218463f,0.015207882705342938f,0.4930227534831805f,-4.336808689942018e-19f,0.8338738742403237f,0.5519550360848543f,3.3617403824954017f,-0.018237629424710824f,0.5518632352574133f,-0.8337351848423978f,2.348030769610816f,0f,0f,0f,1f], start_interpolation: 0, interpolation_duration: 1 }
$data merge entity $(bone_left_sad_pupil1) { transformation: [-0.999833680605413f,-0.010066351407218463f,0.015207882705342938f,0.3301908135196455f,-4.336808689942018e-19f,0.8338738742403237f,0.5519550360848543f,3.4162224485303523f,-0.018237629424710824f,0.5518632352574133f,-0.8337351848423978f,2.43969470327951f,0f,0f,0f,1f], start_interpolation: 0, interpolation_duration: 1 }
$data merge entity $(bone_left_pupil1) { transformation: [-0.999833680605413f,-0.010066351407218463f,0.015207882705342938f,0.33004229904010113f,-4.336808689942018e-19f,0.8338738742403237f,0.5519550360848543f,3.4108322626310863f,-0.018237629424710824f,0.5518632352574133f,-0.8337351848423978f,2.4478366484439866f,0f,0f,0f,1f], start_interpolation: 0, interpolation_duration: 1 }
$data merge entity $(bone_eyelid_left1) { transformation: [-0.999833680605413f,-0.010066351407218463f,0.015207882705342938f,-0.037805659296051605f,-4.336808689942018e-19f,0.8338738742403237f,0.5519550360848543f,3.645015245728019f,-0.018237629424710824f,0.5518632352574133f,-0.8337351848423978f,1.998794082501637f,0f,0f,0f,1f], start_interpolation: 0, interpolation_duration: 1 }
$data merge entity $(bone_left_happy_pupil1) { transformation: [-0.999833680605413f,-0.010066351407218463f,0.015207882705342938f,0.35484688532224423f,-4.336808689942018e-19f,0.8338738742403237f,0.5519550360848543f,3.395864460233118f,-0.018237629424710824f,0.5518632352574133f,-0.8337351848423978f,2.42666691254363f,0f,0f,0f,1f], start_interpolation: 0, interpolation_duration: 1 }
$data merge entity $(bone_eyelid_expressions_left5) { transformation: [-0.999833680605413f,-0.010066351407218463f,0.015207882705342938f,0.44149409289042524f,-4.336808689942018e-19f,0.8338738742403237f,0.5519550360848543f,3.497655444061634f,-0.018237629424710824f,0.5518632352574133f,-0.8337351848423978f,2.495635774320159f,0f,0f,0f,1f], start_interpolation: 0, interpolation_duration: 1 }
$data merge entity $(bone_eyelid_expressions_left7) { transformation: [-0.999833680605413f,-0.010066351407218463f,0.015207882705342938f,0.1485740692755582f,-4.336808689942018e-19f,0.8338738742403237f,0.5519550360848543f,3.497655444061634f,-0.018237629424710824f,0.5518632352574133f,-0.8337351848423978f,2.490292718824638f,0f,0f,0f,1f], start_interpolation: 0, interpolation_duration: 1 }
$data merge entity $(bone_eyelid_expressions_left6) { transformation: [-0.999833680605413f,-0.010066351407218463f,0.015207882705342938f,0.24621407714718055f,-4.336808689942018e-19f,0.8338738742403237f,0.5519550360848543f,3.497655444061634f,-0.018237629424710824f,0.5518632352574133f,-0.8337351848423978f,2.492073737323145f,0f,0f,0f,1f], start_interpolation: 0, interpolation_duration: 1 }
$data merge entity $(bone_left_eye1) { transformation: [-0.999833680605413f,-0.010066351407218463f,0.015207882705342938f,-0.028190172988433737f,-4.336808689942018e-19f,0.8338738742403237f,0.5519550360848543f,3.639625059828753f,-0.018237629424710824f,0.5518632352574133f,-0.8337351848423978f,2.0071141295159642f,0f,0f,0f,1f], start_interpolation: 0, interpolation_duration: 1 }
$data merge entity $(bone_crest_middle5) { transformation: [-0.999833680605413f,-0.006536150423573131f,0.017026152374318242f,-0.04662439484786915f,-4.336808689942018e-19f,0.933572668783855f,0.35838815842573624f,4.41558681719767f,-0.018237629424710824f,0.3583285515241997f,-0.9334173975427795f,3.0177255122564772f,0f,0f,0f,1f], start_interpolation: 0, interpolation_duration: 1 }
$data merge entity $(bone_crest_middle4) { transformation: [-0.999833680605413f,-0.006536150423573131f,0.017026152374318242f,-0.04279461920905677f,-4.336808689942018e-19f,0.933572668783855f,0.35838815842573624f,3.8685715815821293f,-0.018237629424710824f,0.3583285515241997f,-0.9334173975427795f,2.8077673765977664f,0f,0f,0f,1f], start_interpolation: 0, interpolation_duration: 1 }
$data merge entity $(bone_crest_middle1) { transformation: [-0.999833680605413f,-0.006536150423573131f,0.017026152374318242f,-0.04116932544522349f,-4.336808689942018e-19f,0.933572668783855f,0.35838815842573624f,3.4320609101769772f,-0.018237629424710824f,0.3583285515241997f,-0.9334173975427795f,2.7186645985932603f,0f,0f,0f,1f], start_interpolation: 0, interpolation_duration: 1 }
$data merge entity $(bone_crest_left5) { transformation: [-0.5287203703338571f,-0.8394143906978788f,0.12585011197189278f,-1.002596763472649f,-0.703282092421139f,0.5162516499595471f,0.48875201523245887f,3.9031416589195937f,-0.47523580302179813f,0.16990501641609726f,-0.8632978726504958f,2.7641149423657065f,0f,0f,0f,1f], start_interpolation: 0, interpolation_duration: 1 }
$data merge entity $(bone_crest_left4) { transformation: [-0.5287203703338571f,-0.8394143906978788f,0.12585011197189278f,-0.5927264555147003f,-0.703282092421139f,0.5162516499595471f,0.48875201523245887f,3.651065657962784f,-0.47523580302179813f,0.16990501641609726f,-0.8632978726504958f,2.681153508568784f,0f,0f,0f,1f], start_interpolation: 0, interpolation_duration: 1 }
$data merge entity $(bone_crest_left1) { transformation: [-0.5287203703338571f,-0.8394143906978788f,0.12585011197189278f,-0.13572409176232914f,-0.703282092421139f,0.5162516499595471f,0.48875201523245887f,3.397646901404065f,-0.47523580302179813f,0.16990501641609726f,-0.8632978726504958f,2.5477427149541567f,0f,0f,0f,1f], start_interpolation: 0, interpolation_duration: 1 }
$data merge entity $(bone_crest_center1) { transformation: [-0.999833680605413f,-0.010066351407218463f,0.015207882705342938f,-0.037838326504038816f,-4.336808689942018e-19f,0.8338738742403237f,0.5519550360848543f,3.3772889131068307f,-0.018237629424710824f,0.5518632352574133f,-0.8337351848423978f,2.536050682392898f,0f,0f,0f,1f], start_interpolation: 0, interpolation_duration: 1 }
$data merge entity $(bone_crest_right5) { transformation: [-0.5457001196686463f,0.8326596948472935f,-0.09428261754129014f,0.9179610123273245f,0.703282092421139f,0.5162516499595471f,0.48875201523245887f,3.903141658919594f,0.4556376607276549f,0.20040475665726434f,-0.8673132396290123f,2.799147189911696f,0f,0f,0f,1f], start_interpolation: 0, interpolation_duration: 1 }
$data merge entity $(bone_crest_right4) { transformation: [-0.5457001196686463f,0.8326596948472935f,-0.09428261754129014f,0.5113888957026694f,0.703282092421139f,0.5162516499595471f,0.48875201523245887f,3.6510656579627843f,0.4556376607276549f,0.20040475665726434f,-0.8673132396290123f,2.7012933048251413f,0f,0f,0f,1f], start_interpolation: 0, interpolation_duration: 1 }
$data merge entity $(bone_crest_right1) { transformation: [-0.5457001196686463f,0.8326596948472935f,-0.09428261754129014f,0.05955592398091557f,0.703282092421139f,0.5162516499595471f,0.48875201523245887f,3.3976469014040656f,0.4556376607276549f,0.20040475665726434f,-0.8673132396290123f,2.5513047519511707f,0f,0f,0f,1f], start_interpolation: 0, interpolation_duration: 1 }
$data merge entity $(bone_head1) { transformation: [-0.999833680605413f,-0.010066351407218463f,0.015207882705342938f,-0.019530355548688094f,-4.336808689942018e-19f,0.8338738742403237f,0.5519550360848543f,3.895368786522751f,-0.018237629424710824f,0.5518632352574133f,-0.8337351848423978f,1.532360698435701f,0f,0f,0f,1f], start_interpolation: 0, interpolation_duration: 1 }
$data merge entity $(bone_neck10) { transformation: [-1.3018667716216314f,-0.011289879444014864f,0.020891493820571046f,-0.0012582023683267649f,-5.646886315028669e-19f,1.1455158636058482f,0.6190431432233072f,3.9927822669876027f,-0.02374691331342555f,0.6189401843425031f,-1.145325342100923f,0.5306343368860421f,0f,0f,0f,1f], start_interpolation: 0, interpolation_duration: 1 }
$data merge entity $(bone_neck9) { transformation: [-0.999833680605413f,-0.010066351407218463f,0.01520788270534294f,0.010778772918896732f,-4.336808689942018e-19f,0.8338738742403238f,0.5519550360848544f,2.9072023955846107f,-0.018237629424710824f,0.5518632352574134f,-0.833735184842398f,-0.12926356017696353f,0f,0f,0f,1f], start_interpolation: 0, interpolation_duration: 1 }
$data merge entity $(bone_neck8) { transformation: [-0.999833680605413f,0.00285260387738837f,0.018013155696650903f,0.008178201760762737f,-4.336808689942018e-19f,0.9876917266585222f,-0.15641308477971771f,2.2675548349037786f,-0.018237629424710824f,-0.15638707025015164f,-0.9875274543685055f,0.01330642916553132f,0f,0f,0f,1f], start_interpolation: 0, interpolation_duration: 1 }
$data merge entity $(bone_neck7) { transformation: [-0.999833680605413f,0.007864267683719839f,0.01645492086981514f,0.0013940889344170003f,-4.336808689942018e-19f,0.9022510813559889f,-0.43121106918996044f,1.5409091517725557f,-0.018237629424710824f,-0.4311393504259935f,-0.9021010195023721f,0.385228916394992f,0f,0f,0f,1f], start_interpolation: 0, interpolation_duration: 1 }
$data merge entity $(bone_neck6) { transformation: [-0.999833680605413f,0.005207057059207262f,0.01747849203493362f,-0.002593200115878394f,-4.336808689942018e-19f,0.9583752157641374f,-0.2855117262198578f,0.7757764095719306f,-0.018237629424710824f,-0.28546424008240545f,-0.9582158193784642f,0.6038223417769597f,0f,0f,0f,1f], start_interpolation: 0, interpolation_duration: 1 }
$data merge entity $(bone_neck_spine6) { transformation: [-1.0996049544817146f,0.10743965883475629f,0.06532489040250518f,0.018747768769407f,0.05465744210849221f,-0.10941287907066226f,1.0999923015335091f,0.1921334383653014f,0.11323950555696086f,1.0960963548522098f,0.10339861110418874f,-1.6315345538613975f,0f,0f,0f,1f], start_interpolation: 0, interpolation_duration: 1 }
$data merge entity $(bone_neck_spine7) { transformation: [-0.983519363213688f,0.18079384777767576f,0.0018018849808843773f,-0.40596864526527804f,0.03018728984678494f,0.15437655348027463f,0.9875508124989102f,0.5555343458413449f,0.1782649424745313f,0.9713297402742772f,-0.1572900058594237f,-4.746790075707662f,0f,0f,0f,1f], start_interpolation: 0, interpolation_duration: 1 }
$data merge entity $(bone_tail6) { transformation: [-1.446716539470254f,-0.21720822009055438f,-0.3194152864725396f,-0.33851452134479415f,-0.3315357503958112f,0.0628423015132132f,1.4588794237475677f,0.7384856333277979f,-0.198215999144185f,1.4802248869511834f,-0.10880709268083899f,-8.02373327109222f,0f,0f,0f,1f], start_interpolation: 0, interpolation_duration: 1 }
$data merge entity $(bone_tail5) { transformation: [-1.1951136630406447f,-0.17943287746611017f,-0.26386480186861966f,-0.451840549218127f,-0.27387735902262667f,0.051913205597871784f,1.205161263095817f,0.7712729210738223f,-0.16374365146693545f,1.2227944718292387f,-0.08988412004069309f,-7.251442025726385f,0f,0f,0f,1f], start_interpolation: 0, interpolation_duration: 1 }
$data merge entity $(bone_tail4) { transformation: [-0.9661550454897001f,-0.1450573156778659f,-0.21331386087905252f,-0.5085035631547934f,-0.2214082228730287f,0.04196772831491108f,0.9742777369027236f,0.7876665649468344f,-0.13237381508063834f,0.9885327940682687f,-0.0726642149381603f,-6.865296403043468f,0f,0f,0f,1f], start_interpolation: 0, interpolation_duration: 1 }
$data merge entity $(bone_segment18) { transformation: [-0.9661550454897001f,-0.0912987608094506f,-0.241265340132922f,-0.553083036206283f,-0.2214082228730287f,-0.18644790314120474f,0.9571915055298259f,0.696627549741168f,-0.13237381508063834f,0.9782135327672108f,0.15992328595951996f,-6.387653076496978f,0f,0f,0f,1f], start_interpolation: 0, interpolation_duration: 1 }
$data merge entity $(bone_segment17) { transformation: [-0.9975138034415831f,-0.022543315091922485f,0.06676833746749306f,-0.567392757700179f,0.06988185394230426f,-0.4387209538897485f,0.8959020320926029f,0.4181425692447457f,0.009096066902414102f,0.8983405387506097f,0.43920557601671184f,-5.81741738295411f,0f,0f,0f,1f], start_interpolation: 0, interpolation_duration: 1 }
$data merge entity $(bone_segment16) { transformation: [-0.9902680592588224f,0.12040372783259792f,0.06980052389329983f,-0.4674482570578859f,0.03487365339182182f,-0.27086261985786153f,0.9619861066890948f,0.1933054336205442f,0.13473306613772484f,0.9550583141817831f,0.26402768302088764f,-5.024644368252435f,0f,0f,0f,1f], start_interpolation: 0, interpolation_duration: 1 }
$data merge entity $(bone_segment15) { transformation: [-0.983519363213688f,0.17416708465249442f,0.04853337828126714f,-0.28885896127163674f,0.03018728984678494f,-0.10648065830109364f,0.9938564267234336f,0.08412116485477433f,0.1782649424745313f,0.9789421310942832f,0.0994681569806917f,-4.020846284610836f,0f,0f,0f,1f], start_interpolation: 0, interpolation_duration: 1 }
$data merge entity $(bone_segment14) { transformation: [-0.9873708425517873f,0.1461138134438641f,0.06123375539247408f,-0.1390352267832996f,0.03454802392816814f,-0.1786282011190008f,0.9833099205274237f,-0.09904251793326352f,0.15461323785896347f,0.9730070499672043f,0.1713243339192836f,-3.023133977515559f,0f,0f,0f,1f], start_interpolation: 0, interpolation_duration: 1 }
$data merge entity $(bone_segment13) { transformation: [-0.9935254176964196f,0.08535087660583235f,0.07498314646486318f,-0.04918033459638469f,0.04938460651684942f,-0.26994053438987f,0.961609727765109f,-0.4124942008511071f,0.10231522384440697f,0.959086719622333f,0.2639777627258433f,-1.9993097275260039f,0f,0f,0f,1f], start_interpolation: 0, interpolation_duration: 1 }
$data merge entity $(bone_segment12) { transformation: [-0.9984800217566985f,0.038493973922748774f,0.0394443928128916f,-0.0040702089056634605f,0.04296853677428923f,0.0954867118469116f,0.9945028872296657f,-0.3005957104055076f,0.03451595283661617f,0.9946861323212965f,-0.096995603856468f,-0.8336619162119843f,0f,0f,0f,1f], start_interpolation: 0, interpolation_duration: 1 }
$data merge entity $(bone_segment11) { transformation: [-1.0350164185777684f,0.0003077576229813183f,0.017011186723968154f,0.0025324687831690396f,0.014290706439298188f,0.5773919546331714f,0.8590475937620767f,0.366587214133252f,-0.009233141284417485f,0.8591663971107075f,-0.5773182078298682f,0.15929863402263422f,0f,0f,0f,1f], start_interpolation: 0, interpolation_duration: 1 }
$data merge entity $(bone_segment10) { transformation: [-0.999833680605413f,-0.010202305577835826f,0.015117013194726601f,-0.003900995425321973f,-4.336808689942018e-19f,0.8288913456177593f,0.559409632702173f,1.1315306285507831f,-0.018237629424710824f,0.5593165920307359f,-0.8287534849109779f,0.6755190391529786f,0f,0f,0f,1f], start_interpolation: 0, interpolation_duration: 1 }