# This file was generated by Animated Java via MC-Build. It is not recommended to edit this file directly.
$data merge entity $(bone_neck_spine5) { transformation: [-1.3667710520149148f,0.008438372666940159f,-0.03267025247878567f,0.09086159620251583f,0f,1.3237446689838488f,0.3419089228041449f,3.6912113298157827f,0.03374242922929178f,0.34180477667789355f,-1.3233414537700132f,-0.4811208100659058f,0f,0f,0f,1f], start_interpolation: 0, interpolation_duration: 1 }
$data merge entity $(bone_neck_spine2) { transformation: [-1.3016867162046803f,0.010627641067568026f,-0.03032743058781783f,0.036278037252434746f,0f,1.228817395600787f,0.4306144623829335f,4.637224265733291f,0.03213564688503978f,0.4304832963759245f,-1.228443095419988f,1.2647871566555242f,0f,0f,0f,1f], start_interpolation: 0, interpolation_duration: 1 }
$data merge entity $(bone_scale_neck_left1) { transformation: [-1.3789392888344074f,0.38367175977455154f,0.052743121476974186f,0.7125797180679296f,0.3308504685838601f,1.0656501918640764f,0.8979905647726341f,3.906928250444066f,0.201305299357658f,0.8767240544973848f,-1.114580875091156f,0.9609776638411484f,0f,0f,0f,1f], start_interpolation: 0, interpolation_duration: 1 }
$data merge entity $(bone_scale_neck_right1) { transformation: [-1.3871929083885142f,-0.3399421347195108f,-0.10767821674663088f,-0.6541913339469849f,-0.3308504685838601f,1.0656501918640764f,0.8979905647726341f,3.906928250444066f,-0.13301586656197334f,0.8945884148731059f,-1.1106204417443286f,0.9947200930704401f,0f,0f,0f,1f], start_interpolation: 0, interpolation_duration: 1 }
$data merge entity $(bone_blush_right1) { transformation: [-0.9996953980451946f,0.012146487325744882f,-0.02148427268737234f,-0.5218303978866329f,0f,0.8705072437187825f,0.4921556040858705f,3.1859631407600983f,0.024680176807710553f,0.49200569252679766f,-0.8702420855106735f,2.0035760609381152f,0f,0f,0f,1f], start_interpolation: 0, interpolation_duration: 1 }
$data merge entity $(bone_blush_left1) { transformation: [-0.9996953980451946f,0.012146487325744882f,-0.02148427268737234f,0.6301623459545093f,0f,0.8705072437187825f,0.4921556040858705f,3.1859631407600983f,0.024680176807710553f,0.49200569252679766f,-0.8702420855106735f,1.975136013444855f,0f,0f,0f,1f], start_interpolation: 0, interpolation_duration: 1 }
$data merge entity $(bone_left_head_scales) { transformation: [-0.8768203148247445f,0.012146487325744882f,-0.48066474632146805f,0.6402919116787337f,-0.2272521676825011f,0.8705072437187825f,0.43654735243353904f,3.9067484628765663f,0.4237246603565104f,0.49200569252679766f,-0.76051811992022f,1.9897572716925167f,0f,0f,0f,1f], start_interpolation: 0, interpolation_duration: 1 }
$data merge entity $(bone_left_head_scales2) { transformation: [-0.8065796564094013f,0.012146487325744882f,-0.5910006097392263f,0.6339495787124348f,-0.2822888575217699f,0.8705072437187825f,0.4031502691952245f,3.1545715726540013f,0.5193671714553643f,0.49200569252679766f,-0.6987046155105034f,1.7328546924006836f,0f,0f,0f,1f], start_interpolation: 0, interpolation_duration: 1 }
$data merge entity $(bone_left_head_scales1) { transformation: [-0.9996953980451946f,0.012146487325744882f,-0.02148427268737234f,0.6391057312758289f,0f,0.8705072437187825f,0.4921556040858705f,3.8217379898571537f,0.024680176807710553f,0.49200569252679766f,-0.8702420855106735f,1.9417098407816966f,0f,0f,0f,1f], start_interpolation: 0, interpolation_duration: 1 }
$data merge entity $(bone_right_head_scales) { transformation: [-0.8966609810642595f,0.012146487325744882f,0.4425511810881596f,-0.5312261329054787f,0.2272521676825011f,0.8705072437187825f,0.43654735243353904f,3.9067484628765663f,-0.3799414919701241f,0.49200569252679766f,-0.7833101947509316f,2.0186793538890524f,0f,0f,0f,1f], start_interpolation: 0, interpolation_duration: 1 }
$data merge entity $(bone_right_head_scales2) { transformation: [-0.8312254015406356f,0.012146487325744882f,0.55580283795538f,-0.5375684658717775f,0.2822888575217699f,0.8705072437187825f,0.4031502691952245f,3.1545715726540013f,-0.4789335368844645f,0.49200569252679766f,-0.7270165512342641f,1.7617767745972195f,0f,0f,0f,1f], start_interpolation: 0, interpolation_duration: 1 }
$data merge entity $(bone_right_head_scales1) { transformation: [-0.9996953980451946f,0.012146487325744882f,-0.02148427268737234f,-0.5324123133083835f,0f,0.8705072437187825f,0.4921556040858705f,3.8217379898571537f,0.024680176807710553f,0.49200569252679766f,-0.8702420855106735f,1.9706319229782325f,0f,0f,0f,1f], start_interpolation: 0, interpolation_duration: 1 }
$data merge entity $(bone_head_left_fin1) { transformation: [-0.676103762955498f,0.025031116513727546f,-0.7363811139101085f,0.633084010146079f,-0.11190189910391599f,0.9843409112245949f,0.1362018188809212f,3.538995387302878f,0.7282593402726482f,0.1744890073775724f,-0.6627155646354148f,1.6977939665711885f,0f,0f,0f,1f], start_interpolation: 0, interpolation_duration: 1 }
$data merge entity $(bone_head_right_fin1) { transformation: [-0.7112163072960174f,-0.016390407432002416f,0.7027821275334413f,-0.5384340344381334f,0.11190189910391599f,0.9843409112245949f,0.1362018188809212f,3.538995387302878f,-0.6940096031130649f,0.17551160939877247f,-0.6982451902828252f,1.7267160487677242f,0f,0f,0f,1f], start_interpolation: 0, interpolation_duration: 1 }
$data merge entity $(bone_right_whisker16) { transformation: [0.25629419358307176f,0.9117294788170792f,-0.3210337113007598f,-0.9978200387675618f,0.9591820674348404f,-0.28095532398877565f,-0.0321538090089967f,1.1590643669381242f,-0.1195117058995804f,-0.2996889443711577f,-0.9465217846276299f,1.6858447035414224f,0f,0f,0f,1f], start_interpolation: 0, interpolation_duration: 1 }
$data merge entity $(bone_right_whisker15) { transformation: [-0.8704764015597084f,0.37310613843264645f,-0.3210337113007598f,-0.7427976554981159f,0.40375009515231186f,0.9143041032559744f,-0.0321538090089967f,1.0407782062489703f,0.28152565601053114f,-0.15760652344737108f,-0.9465217846276299f,1.6033664840070871f,0f,0f,0f,1f], start_interpolation: 0, interpolation_duration: 1 }
$data merge entity $(bone_right_whisker14) { transformation: [-0.7060282223661447f,-0.6312380734960159f,-0.3210337113007598f,-0.5359534497267845f,-0.658008765109539f,0.7523234660737573f,-0.0321538090089967f,1.2335542116521556f,0.2618179028667075f,0.18854149931462294f,-0.9465217846276299f,1.5266620202766064f,0f,0f,0f,1f], start_interpolation: 0, interpolation_duration: 1 }
$data merge entity $(bone_right_whisker13) { transformation: [-0.0980401492353638f,-0.9907455938596942f,-0.09386851114995495f,-0.5072307497554865f,-0.9825576934880249f,0.08138835552501783f,0.1672014191100822f,1.5214129109162253f,-0.15801426551232564f,0.10862367988857174f,-0.9814440320578985f,1.5729552621259204f,0f,0f,0f,1f], start_interpolation: 0, interpolation_duration: 1 }
$data merge entity $(bone_right_whisker12) { transformation: [0.05777089942165786f,-0.9958428733458464f,-0.07042368057905785f,-0.5297975073420716f,-0.9231874508083833f,-0.08013895373126542f,0.37590248571242074f,1.88203300888825f,-0.37998349154921385f,0.04329803345588075f,-0.9239793430856135f,1.721386313512332f,0f,0f,0f,1f], start_interpolation: 0, interpolation_duration: 1 }
$data merge entity $(bone_right_whisker11) { transformation: [0.2900057463919356f,-0.9557287285333748f,-0.04979221340365559f,-0.6430810020264215f,-0.9526005217401863f,-0.2932711399062126f,0.08089675196468213f,2.25414258769301f,-0.09191796908102914f,0.023971565532719966f,-0.9954780012666926f,1.757291770184609f,0f,0f,0f,1f], start_interpolation: 0, interpolation_duration: 1 }
$data merge entity $(bone_right_whisker10) { transformation: [0.0745919985773842f,-0.9952300625716138f,0.06287413062566603f,-0.6722185014707122f,-0.9832823588960259f,-0.08390588496421007f,-0.16160323373076252f,2.6382372591367704f,0.1661079059891435f,-0.04976871529459611f,-0.9848508712215404f,1.6924058694075998f,0f,0f,0f,1f], start_interpolation: 0, interpolation_duration: 1 }
$data merge entity $(bone_right_whisker1) { transformation: [-0.34283469247204007f,-0.938835873712859f,0.032428010537409194f,-0.5382986997238215f,-0.9338561756988335f,0.34435323002359924f,0.096610020605855f,3.0030248277691274f,-0.10186764327671155f,0.0028381687981393344f,-0.9947939123512577f,1.7321979175625652f,0f,0f,0f,1f], start_interpolation: 0, interpolation_duration: 1 }
$data merge entity $(bone_left_whisker16) { transformation: [0.26187931346753507f,-0.9254070360434172f,0.27393620209660086f,1.0898935706798205f,-0.9591820674348404f,-0.28095532398877565f,-0.0321538090089967f,1.1590643669381242f,0.10671919550482671f,-0.2543342752436237f,-0.9612102214121024f,1.634303863095645f,0f,0f,0f,1f], start_interpolation: 0, interpolation_duration: 1 }
$data merge entity $(bone_left_whisker15) { transformation: [-0.8833079409562961f,-0.38042875630587997f,0.27393620209660086f,0.8311119473527807f,-0.40375009515231186f,0.9143041032559744f,-0.0321538090089967f,1.0407782062489703f,-0.23822876003549076f,-0.13900348249180416f,-0.9612102214121024f,1.5645102810539973f,0f,0f,0f,1f], start_interpolation: 0, interpolation_duration: 1 }
$data merge entity $(bone_left_whisker14) { transformation: [-0.7180876108413932f,0.6397727255338336f,0.27393620209660086f,0.6207347176140913f,0.658008765109539f,0.7523234660737573f,-0.0321538090089967f,1.2335542116521556f,-0.22665976307037605f,0.15716317016966075f,-0.9612102214121024f,1.498106053591973f,0f,0f,0f,1f], start_interpolation: 0, interpolation_duration: 1 }
$data merge entity $(bone_left_whisker13) { transformation: [-0.09012345030735688f,0.9948987155937041f,0.04532449023094573f,0.5943313630318579f,0.9825576934880249f,0.08138835552501783f,0.1672014191100822f,1.5214129109162253f,0.16265959139315928f,0.05960269536632562f,-0.9848803866627049f,1.5457602307579377f,0f,0f,0f,1f], start_interpolation: 0, interpolation_duration: 1 }
$data merge entity $(bone_left_whisker12) { transformation: [0.07645092798654275f,0.996766270640567f,0.024743834045924618f,0.6241950067766011f,0.9231874508083833f,-0.08013895373126542f,0.37590248571242074f,1.88203300888825f,0.3766698637798294f,-0.005894896789079895f,-0.92632880982507f,1.6928968962969335f,0f,0f,0f,1f], start_interpolation: 0, interpolation_duration: 1 }
$data merge entity $(bone_left_whisker11) { transformation: [0.294188176384611f,0.9557473230596766f,0.0006093765330624223f,0.7391122631768398f,0.9526005217401863f,-0.2932711399062126f,0.08089675196468213f,2.25414258769301f,0.07749556668495114f,-0.023218375532596612f,-0.9967223004336793f,1.7231686020332426f,0f,0f,0f,1f], start_interpolation: 0, interpolation_duration: 1 }
$data merge entity $(bone_left_whisker10) { transformation: [0.06630448144235489f,0.9915617980606798f,-0.11139531573334693f,0.7650124512402596f,0.9832823588960259f,-0.08390588496421007f,-0.16160323373076252f,2.6382372591367704f,-0.16958631555796905f,-0.09881803021232713f,-0.980548559980804f,1.656923947518411f,0f,0f,0f,1f], start_interpolation: 0, interpolation_duration: 1 }
$data merge entity $(bone_left_whisker1) { transformation: [-0.3373903523324639f,0.9378322133010506f,-0.08147692831611034f,0.6332193448603909f,0.9338561756988335f,0.34435323002359924f,0.096610020605855f,3.0030248277691274f,0.11866083288990309f,-0.04349244379391477f,-0.9919818617649758f,1.7032758353660293f,0f,0f,0f,1f], start_interpolation: 0, interpolation_duration: 1 }
$data merge entity $(bone_upper_left_tooth1) { transformation: [-0.9996953980451946f,0.010227788530884473f,-0.022461154668167935f,0.33771465955814184f,0f,0.9100888880646365f,0.41441309803295723f,2.9354740514920024f,0.024680176807710553f,0.4142868669931996f,-0.9098116732102853f,2.593401184698406f,0f,0f,0f,1f], start_interpolation: 0, interpolation_duration: 1 }
$data merge entity $(bone_upper_right_tooth1) { transformation: [-0.9996953980451946f,0.010227788530884473f,-0.022461154668167935f,-0.24804436273396438f,0f,0.9100888880646365f,0.41441309803295723f,2.9354740514920024f,0.024680176807710553f,0.4142868669931996f,-0.9098116732102853f,2.6078622257966737f,0f,0f,0f,1f], start_interpolation: 0, interpolation_duration: 1 }
$data merge entity $(bone_top_lip1) { transformation: [-0.9996953980451946f,-0.000051629962059812975f,-0.024680122803723482f,0.07034077496682947f,0f,0.999997811847642f,-0.0020919607854544275f,3.033237506264571f,0.024680176807710553f,-0.00209132357010966f,-0.9996932105593521f,2.6445326261961752f,0f,0f,0f,1f], start_interpolation: 0, interpolation_duration: 1 }
$data merge entity $(bone_muzzle1) { transformation: [-0.9996953980451946f,0.010227788530884473f,-0.022461154668167935f,0.06087162549959188f,0f,0.9100888880646365f,0.41441309803295723f,3.368901453751069f,0.024680176807710553f,0.4142868669931996f,-0.9098116732102853f,2.2609751979186727f,0f,0f,0f,1f], start_interpolation: 0, interpolation_duration: 1 }
$data merge entity $(bone_jaw_right_tooth1) { transformation: [-0.9996953980451946f,-0.0037732039257893524f,-0.024390040167950978f,-0.24833514811442287f,0f,0.9882441425756342f,-0.15288399087199936f,2.807368603328254f,0.024680176807710553f,-0.15283742210952125f,-0.9879431214779807f,2.596083671334603f,0f,0f,0f,1f], start_interpolation: 0, interpolation_duration: 1 }
$data merge entity $(bone_jaw_left_tooth1) { transformation: [-0.9996953980451946f,-0.0037732039257893524f,-0.024390040167950978f,0.3862371260353588f,0f,0.9882441425756342f,-0.15288399087199936f,2.807368603328254f,0.024680176807710553f,-0.15283742210952125f,-0.9879431214779807f,2.5804175434781462f,0f,0f,0f,1f], start_interpolation: 0, interpolation_duration: 1 }
$data merge entity $(bone_tongue1) { transformation: [-0.9996953980451946f,0.006350998586794744f,-0.02384902396766764f,0.05216630369554856f,0f,0.9663230597366201f,0.2573319727924547f,2.979215434724588f,0.024680176807710553f,0.2572535889705082f,-0.9660287158436509f,1.9083573778029876f,0f,0f,0f,1f], start_interpolation: 0, interpolation_duration: 1 }
$data merge entity $(bone_jaw_lips1) { transformation: [-0.9996953980451946f,0.006350998586794744f,-0.02384902396766764f,0.11889836060104855f,0f,0.9663230597366201f,0.2573319727924547f,2.669652523708674f,0.024680176807710553f,0.2572535889705082f,-0.9660287158436509f,2.632971521771811f,0f,0f,0f,1f], start_interpolation: 0, interpolation_duration: 1 }
$data merge entity $(bone_jaw3) { transformation: [-0.9996953980451946f,0.0005194055485744642f,-0.024674710639356327f,0.09958320035315997f,0f,0.9997785198867568f,0.02104545492608434f,2.6128680071268713f,0.024680176807710553f,0.021039044439374155f,-0.9994739853952269f,1.8505915184694395f,0f,0f,0f,1f], start_interpolation: 0, interpolation_duration: 1 }
$data merge entity $(bone_jaw1) { transformation: [-0.9996953980451946f,0.017814930402487633f,-0.017080380031321785f,0.08623915345368982f,0f,0.6920687872051852f,0.7218315549879655f,3.1767989094612195f,0.024680176807710553f,0.721611683685276f,-0.6918579816997427f,1.3100774702665154f,0f,0f,0f,1f], start_interpolation: 0, interpolation_duration: 1 }
$data merge entity $(bone_tear_right1) { transformation: [-0.9996953980451946f,0.012146487325744882f,-0.02148427268737234f,-0.46697724846462707f,0f,0.8705072437187825f,0.4921556040858705f,3.4402439326876815f,0.024680176807710553f,0.49200569252679766f,-0.8702420855106735f,2.2470231031646333f,0f,0f,0f,1f], start_interpolation: 0, interpolation_duration: 1 }
$data merge entity $(bone_right_pupil1) { transformation: [-0.9996953980451946f,0.012146487325744882f,-0.02148427268737234f,-0.3034488052334292f,0f,0.8705072437187825f,0.4921556040858705f,3.4964171632801877f,0.024680176807710553f,0.49200569252679766f,-0.8702420855106735f,2.3420845026838757f,0f,0f,0f,1f], start_interpolation: 0, interpolation_duration: 1 }
$data merge entity $(bone_right_sad_pupil1) { transformation: [-0.9996953980451946f,0.012146487325744882f,-0.02148427268737234f,-0.3036586125838918f,0f,0.8705072437187825f,0.4921556040858705f,3.5012233703513385f,0.024680176807710553f,0.49200569252679766f,-0.8702420855106735f,2.3335860448175607f,0f,0f,0f,1f], start_interpolation: 0, interpolation_duration: 1 }
$data merge entity $(bone_right_happy_pupil1) { transformation: [-0.9996953980451946f,0.012146487325744882f,-0.02148427268737234f,-0.3283614674128666f,0f,0.8705072437187825f,0.4921556040858705f,3.4799710241299993f,0.024680176807710553f,0.49200569252679766f,-0.8702420855106735f,2.322176876508174f,0f,0f,0f,1f], start_interpolation: 0, interpolation_duration: 1 }
$data merge entity $(bone_eyelid_right1) { transformation: [-0.9996953980451946f,0.012146487325744882f,-0.02148427268737234f,0.06112028140043811f,0f,0.8705072437187825f,0.4921556040858705f,3.6990284873991865f,0.024680176807710553f,0.49200569252679766f,-0.8702420855106735f,1.8753602602957815f,0f,0f,0f,1f], start_interpolation: 0, interpolation_duration: 1 }
$data merge entity $(bone_eyelid_expressions_right5) { transformation: [-0.9996953980451946f,0.012146487325744882f,-0.02148427268737234f,-0.4147425990488289f,0f,0.8705072437187825f,0.4921556040858705f,3.586233843370751f,0.024680176807710553f,0.49200569252679766f,-0.8702420855106735f,2.3844051675596605f,0f,0f,0f,1f], start_interpolation: 0, interpolation_duration: 1 }
$data merge entity $(bone_eyelid_expressions_right7) { transformation: [-0.9996953980451946f,0.012146487325744882f,-0.02148427268737234f,-0.12186308790277578f,0f,0.8705072437187825f,0.4921556040858705f,3.586233843370751f,0.024680176807710553f,0.49200569252679766f,-0.8702420855106735f,2.377174647010526f,0f,0f,0f,1f], start_interpolation: 0, interpolation_duration: 1 }
$data merge entity $(bone_eyelid_expressions_right6) { transformation: [-0.9996953980451946f,0.012146487325744882f,-0.02148427268737234f,-0.2194895916181268f,0f,0.8705072437187825f,0.4921556040858705f,3.586233843370751f,0.024680176807710553f,0.49200569252679766f,-0.8702420855106735f,2.379584820526904f,0f,0f,0f,1f], start_interpolation: 0, interpolation_duration: 1 }
$data merge entity $(bone_right_eye1) { transformation: [-0.9996953980451946f,0.012146487325744882f,-0.02148427268737234f,0.05156743837936563f,0f,0.8705072437187825f,0.4921556040858705f,3.6942222803280353f,0.024680176807710553f,0.49200569252679766f,-0.8702420855106735f,1.8840997355137346f,0f,0f,0f,1f], start_interpolation: 0, interpolation_duration: 1 }
$data merge entity $(bone_tear_left1) { transformation: [-0.9996953980451946f,0.012146487325744882f,-0.02148427268737234f,0.5873889916611641f,0f,0.8705072437187825f,0.4921556040858705f,3.4402439326876815f,0.024680176807710553f,0.49200569252679766f,-0.8702420855106735f,2.220993229187751f,0f,0f,0f,1f], start_interpolation: 0, interpolation_duration: 1 }
$data merge entity $(bone_left_sad_pupil1) { transformation: [-0.9996953980451946f,0.012146487325744882f,-0.02148427268737234f,0.4285401652812409f,0f,0.8705072437187825f,0.4921556040858705f,3.5012233703513385f,0.024680176807710553f,0.49200569252679766f,-0.8702420855106735f,2.315509743444726f,0f,0f,0f,1f], start_interpolation: 0, interpolation_duration: 1 }
$data merge entity $(bone_left_pupil1) { transformation: [-0.9996953980451946f,0.012146487325744882f,-0.02148427268737234f,0.4287499726317035f,0f,0.8705072437187825f,0.4921556040858705f,3.4964171632801877f,0.024680176807710553f,0.49200569252679766f,-0.8702420855106735f,2.324008201311041f,0f,0f,0f,1f], start_interpolation: 0, interpolation_duration: 1 }
$data merge entity $(bone_eyelid_left1) { transformation: [-0.9996953980451946f,0.012146487325744882f,-0.02148427268737234f,0.04159498065736791f,0f,0.8705072437187825f,0.4921556040858705f,3.6990284873991865f,0.024680176807710553f,0.49200569252679766f,-0.8702420855106735f,1.8758422949990572f,0f,0f,0f,1f], start_interpolation: 0, interpolation_duration: 1 }
$data merge entity $(bone_left_happy_pupil1) { transformation: [-0.9996953980451946f,0.012146487325744882f,-0.02148427268737234f,0.45265056230994166f,0f,0.8705072437187825f,0.4921556040858705f,3.4799710241299993f,0.024680176807710553f,0.49200569252679766f,-0.8702420855106735f,2.3028954883771497f,0f,0f,0f,1f], start_interpolation: 0, interpolation_duration: 1 }
$data merge entity $(bone_eyelid_expressions_left5) { transformation: [-0.9996953980451946f,0.012146487325744882f,-0.02148427268737234f,0.5419971373616113f,0f,0.8705072437187825f,0.4921556040858705f,3.586233843370751f,0.024680176807710553f,0.49200569252679766f,-0.8702420855106735f,2.3607854670991557f,0f,0f,0f,1f], start_interpolation: 0, interpolation_duration: 1 }
$data merge entity $(bone_eyelid_expressions_left7) { transformation: [-0.9996953980451946f,0.012146487325744882f,-0.02148427268737234f,0.24911762621555816f,0f,0.8705072437187825f,0.4921556040858705f,3.586233843370751f,0.024680176807710553f,0.49200569252679766f,-0.8702420855106735f,2.36801598764829f,0f,0f,0f,1f], start_interpolation: 0, interpolation_duration: 1 }
$data merge entity $(bone_eyelid_expressions_left6) { transformation: [-0.9996953980451946f,0.012146487325744882f,-0.02148427268737234f,0.3467441299309092f,0f,0.8705072437187825f,0.4921556040858705f,3.586233843370751f,0.024680176807710553f,0.49200569252679766f,-0.8702420855106735f,2.365605814131912f,0f,0f,0f,1f], start_interpolation: 0, interpolation_duration: 1 }
$data merge entity $(bone_left_eye1) { transformation: [-0.9996953980451946f,0.012146487325744882f,-0.02148427268737234f,0.05156743837936563f,0f,0.8705072437187825f,0.4921556040858705f,3.6942222803280353f,0.024680176807710553f,0.49200569252679766f,-0.8702420855106735f,1.8840997355137346f,0f,0f,0f,1f], start_interpolation: 0, interpolation_duration: 1 }
$data merge entity $(bone_crest_middle5) { transformation: [-0.9996953980451946f,0.007208519390461809f,-0.023603990668045735f,0.07511012062065978f,0f,0.9563947151574457f,0.2920772993899188f,4.539116596520704f,0.024680176807710553f,0.29198833207357056f,-0.9561033954576432f,2.8377197714491804f,0f,0f,0f,1f], start_interpolation: 0, interpolation_duration: 1 }
$data merge entity $(bone_crest_middle4) { transformation: [-0.9996953980451946f,0.007208519390461809f,-0.023603990668045735f,0.07088637879031107f,0f,0.9563947151574457f,0.2920772993899188f,3.9787290681081378f,0.024680176807710553f,0.29198833207357056f,-0.9561033954576432f,2.6666328581248226f,0f,0f,0f,1f], start_interpolation: 0, interpolation_duration: 1 }
$data merge entity $(bone_crest_middle1) { transformation: [-0.9996953980451946f,0.007208519390461809f,-0.023603990668045735f,0.06944738770405387f,0f,0.9563947151574457f,0.2920772993899188f,3.5370459501981473f,0.024680176807710553f,0.29198833207357056f,-0.9561033954576432f,2.608345076073361f,0f,0f,0f,1f], start_interpolation: 0, interpolation_duration: 1 }
$data merge entity $(bone_crest_left5) { transformation: [-0.547380189343013f,-0.832255205048067f,0.08789881674520335f,-0.8899630631804509f,-0.734178362870574f,0.5279609612700545f,0.4268950162129837f,4.01138206591716f,-0.40169274303563274f,0.16914046542799774f,-0.9000191348784254f,2.6618461062980843f,0f,0f,0f,1f], start_interpolation: 0, interpolation_duration: 1 }
$data merge entity $(bone_crest_left4) { transformation: [-0.547380189343013f,-0.832255205048067f,0.08789881674520335f,-0.4835884513405744f,-0.734178362870574f,0.5279609612700545f,0.4268950162129837f,3.7535886277970163f,-0.40169274303563274f,0.16914046542799774f,-0.9000191348784254f,2.5792579884133198f,0f,0f,0f,1f], start_interpolation: 0, interpolation_duration: 1 }
$data merge entity $(bone_crest_left1) { transformation: [-0.547380189343013f,-0.832255205048067f,0.08789881674520335f,-0.032284443905323396f,-0.734178362870574f,0.5279609612700545f,0.4268950162129837f,3.490860329078383f,-0.40169274303563274f,0.16914046542799774f,-0.9000191348784254f,2.4444648119198433f,0f,0f,0f,1f], start_interpolation: 0, interpolation_duration: 1 }
$data merge entity $(bone_crest_center1) { transformation: [-0.9996953980451946f,0.012146487325744882f,-0.02148427268737234f,0.06504551850507874f,0f,0.8705072437187825f,0.4921556040858705f,3.4696079828570436f,0.024680176807710553f,0.49200569252679766f,-0.8702420855106735f,2.430042934427539f,0f,0f,0f,1f], start_interpolation: 0, interpolation_duration: 1 }
$data merge entity $(bone_crest_right5) { transformation: [-0.5268917023285973f,0.8395876233491323f,-0.132203467186864f,1.0303290887948435f,0.734178362870574f,0.5279609612700545f,0.4268950162129837f,4.011382065917161f,0.42821404170105926f,0.12786651670298776f,-0.8945853164434838f,2.6144385160202033f,0f,0f,0f,1f], start_interpolation: 0, interpolation_duration: 1 }
$data merge entity $(bone_crest_right4) { transformation: [-0.5268917023285973f,0.8395876233491323f,-0.132203467186864f,0.6203741945814001f,0.734178362870574f,0.5279609612700545f,0.4268950162129837f,3.7535886277970167f,0.42821404170105926f,0.12786651670298776f,-0.8945853164434838f,2.5520036934113226f,0f,0f,0f,1f], start_interpolation: 0, interpolation_duration: 1 }
$data merge entity $(bone_crest_right1) { transformation: [-0.5268917023285973f,0.8395876233491323f,-0.132203467186864f,0.16296856352537867f,0.734178362870574f,0.5279609612700545f,0.4268950162129837f,3.4908603290783833f,0.42821404170105926f,0.12786651670298776f,-0.8945853164434838f,2.439644464887087f,0f,0f,0f,1f], start_interpolation: 0, interpolation_duration: 1 }
$data merge entity $(bone_head1) { transformation: [-0.9996953980451946f,0.012146487325744882f,-0.02148427268737234f,0.03943494390246911f,0f,0.8705072437187825f,0.4921556040858705f,3.9160584327316386f,0.024680176807710553f,0.49200569252679766f,-0.8702420855106735f,1.3926608374109901f,0f,0f,0f,1f], start_interpolation: 0, interpolation_duration: 1 }
$data merge entity $(bone_neck10) { transformation: [-1.3016867162046803f,0.014495244159411379f,-0.028680789694131813f,0.01465130799757678f,0f,1.16209822634542f,0.5873233515443369f,3.9858968528033527f,0.03213564688503978f,0.5871444517033539f,-1.1617442489539993f,0.3887747245202592f,0f,0f,0f,1f], start_interpolation: 0, interpolation_duration: 1 }
$data merge entity $(bone_neck9) { transformation: [-0.9996953980451946f,0.01214648732574488f,-0.021484272687372335f,0.00027999951212782145f,0f,0.8705072437187824f,0.49215560408587045f,2.8567296681952365f,0.024680176807710553f,0.4920056925267976f,-0.8702420855106734f,-0.19334958798882618f,0f,0f,0f,1f], start_interpolation: 0, interpolation_duration: 1 }
$data merge entity $(bone_neck8) { transformation: [-0.9996953980451946f,-0.0055592344182102205f,-0.02404591524444933f,0.004896990990950289f,0f,0.9743007690664894f,-0.22525099643829982f,2.2286486953410147f,0.024680176807710553f,-0.2251823845444628f,-0.9740039951476634f,-0.006333701913378731f,0f,0f,0f,1f], start_interpolation: 0, interpolation_duration: 1 }
$data merge entity $(bone_neck7) { transformation: [-0.9996953980451946f,-0.011808823878870181f,-0.021671705190355446f,0.015016202328083669f,0f,0.87810169915739f,-0.4784740389372284f,1.5227626909850303f,0.024680176807710553f,-0.47832829480964445f,-0.8778342276633088f,0.4035551365822406f,0f,0f,0f,1f], start_interpolation: 0, interpolation_duration: 1 }
$data merge entity $(bone_neck6) { transformation: [-0.9996953980451946f,-0.007286428683149485f,-0.02358005691904136f,0.020603602609424614f,0f,0.9554249591791621f,-0.2952340552468436f,0.7598907127576973f,0.024680176807710553f,-0.29514412637649023f,-0.9551339348689264f,0.6298784077570196f,0f,0f,0f,1f], start_interpolation: 0, interpolation_duration: 1 }
$data merge entity $(bone_neck_spine6) { transformation: [-1.1058501342054727f,0.014839615238855925f,0.042625626267094055f,-0.09684625645823253f,0.039277326719125906f,-0.19855000642286738f,1.0881070094768437f,0.47459428539586956f,0.02223622721817489f,1.0887145439858894f,0.1978582053644976f,-1.663242904246564f,0f,0f,0f,1f], start_interpolation: 0, interpolation_duration: 1 }
$data merge entity $(bone_neck_spine7) { transformation: [-0.9846501359606955f,-0.11445065663411394f,0.1317769211531514f,0.07664277113463258f,0.07261209694792231f,0.4179511920350798f,0.9055629654824019f,0.6599611076045013f,-0.15871859730166865f,0.9012312956574889f,-0.4032251958870061f,-4.922815504846482f,0f,0f,0f,1f], start_interpolation: 0, interpolation_duration: 1 }
$data merge entity $(bone_tail6) { transformation: [-1.34611532969722f,-0.6507999223253926f,-0.08140799677817383f,1.2662906121123159f,-0.48565217775131264f,0.8641330527690545f,1.1223236213505758f,-1.1249752939879882f,-0.44080581108190936f,1.0353394660193949f,-0.9879052124081144f,-7.586375838962721f,0f,0f,0f,1f], start_interpolation: 0, interpolation_duration: 1 }
$data merge entity $(bone_tail5) { transformation: [-1.112008315836834f,-0.537617327138368f,-0.06725008429501317f,0.926742826551241f,-0.40119092944673657f,0.7138490435918277f,0.9271369045939539f,-0.674123266456307f,-0.36414393089375124f,0.8552804284508047f,-0.8160956102501815f,-7.046198726256949f,0f,0f,0f,1f], start_interpolation: 0, interpolation_duration: 1 }
$data merge entity $(bone_tail4) { transformation: [-0.8989709332238826f,-0.4346211655181753f,-0.05436638393533696f,0.7569689337707037f,-0.3243311934895723f,0.5770905952405512f,0.749516992345428f,-0.4486972526904668f,-0.2943816199225273f,0.6914267042633873f,-0.6597488722864625f,-6.776110169904063f,0f,0f,0f,1f], start_interpolation: 0, interpolation_duration: 1 }
$data merge entity $(bone_segment18) { transformation: [-0.8989709332238826f,-0.42816012451307967f,-0.09235891400144211f,0.5479063729733016f,-0.3243311934895723f,0.5089747462121232f,0.7973418242184056f,-0.20017442739157848f,-0.2943816199225273f,0.7467420006235416f,-0.5964191867776718f,-6.4114900524121f,0f,0f,0f,1f], start_interpolation: 0, interpolation_duration: 1 }
$data merge entity $(bone_segment17) { transformation: [-0.9071765236942699f,-0.3966280421569858f,0.14041706104564333f,0.29614052590099615f,0.007902153161099122f,0.3176103676155203f,0.9481883833703897f,0.0014337161143670174f,-0.42067601647039277f,0.861283838556054f,-0.28499445364559517f,-5.864776678328667f,0f,0f,0f,1f], start_interpolation: 0, interpolation_duration: 1 }
$data merge entity $(bone_segment16) { transformation: [-0.9550839813597187f,-0.2678438636493666f,0.12678427842381687f,0.07380919377017431f,0.048433311993780155f,0.28099608013388544f,0.9584860026305573f,0.2346824154442524f,-0.292350479458101f,0.9215752099827614f,-0.25540228954699634f,-5.099797255979695f,0f,0f,0f,1f], start_interpolation: 0, interpolation_duration: 1 }
$data merge entity $(bone_segment15) { transformation: [-0.9846501359606955f,-0.14465722197804176f,0.09766472178928931f,-0.07452096548465367f,0.07261209694792231f,0.16933290850862326f,0.9828803841123477f,0.4083147923329774f,-0.15871859730166865f,0.9748849440962795f,-0.15622980715914897f,-4.100159373849721f,0f,0f,0f,1f], start_interpolation: 0, interpolation_duration: 1 }
$data merge entity $(bone_segment14) { transformation: [-0.9969121920598226f,-0.05571986615149984f,0.05532971930651795f,-0.1316555938626564f,0.06109103976008175f,-0.10764836472481534f,0.9923102914074335f,0.2979331683475711f,-0.049335242813948285f,0.9926263778925745f,0.11071995180795885f,-3.0823295918309674f,0f,0f,0f,1f], start_interpolation: 0, interpolation_duration: 1 }
$data merge entity $(bone_segment13) { transformation: [-0.9991681212585917f,0.00651653043117258f,0.04025668008810085f,-0.12563823121204612f,0.03548821990622199f,-0.34739023961280513f,0.9370488822199436f,-0.0981168177597941f,0.020091085298303897f,0.9376980090908251f,0.3468699929925316f,-2.083505205919354f,0f,0f,0f,1f], start_interpolation: 0, interpolation_duration: 1 }
$data merge entity $(bone_segment12) { transformation: [-0.9978290091878528f,0.054720070911180904f,0.03664672240000769f,-0.061513148113005976f,0.033205171057136856f,-0.06253053755731275f,0.9974905255128291f,-0.17139479145977f,0.056874291540679196f,0.9965418434327125f,0.06057779501993288f,-0.9156827331466441f,0f,0f,0f,1f], start_interpolation: 0, interpolation_duration: 1 }
$data merge entity $(bone_segment11) { transformation: [-1.033736728944009f,0.05408126786239144f,0.003471831303433997f,0.002601847412560483f,0.027938135390209794f,0.4750069323389121f,0.9193129699590652f,0.37750838421913036f,0.04643595306571779f,0.9181460083289775f,-0.4758151653389222f,0.14530994190233926f,0f,0f,0f,1f], start_interpolation: 0, interpolation_duration: 1 }
$data merge entity $(bone_segment10) { transformation: [-0.9996953980451946f,0.014787911388961003f,-0.019759271343146517f,0.022284087443966028f,0f,0.8006130384355006f,0.5991817442872202f,1.11635512750563f,0.024680176807710553f,0.5989992323566267f,-0.8003691701389504f,0.6979481371055929f,0f,0f,0f,1f], start_interpolation: 0, interpolation_duration: 1 }