# This file was generated by Animated Java via MC-Build. It is not recommended to edit this file directly.
$data merge entity $(bone_neck_spine5) { transformation: [-1.3668997370049603f,0.0072935031543544864f,-0.027084570215502493f,0.09417609484385654f,0f,1.3201593965617515f,0.3555008126938155f,3.6936681916837286f,0.02804940519906017f,0.35542598756661115f,-1.3198815319514587f,-0.4705793440166354f,0f,0f,0f,1f], start_interpolation: 0, interpolation_duration: 1 }
$data merge entity $(bone_neck_spine2) { transformation: [-1.301809273338057f,0.009155932528093902f,-0.02509565091853466f,0.032551619499798845f,0f,1.2232152516850425f,0.4462795704371231f,4.619494719929678f,0.026713719237200156f,0.4461856383716134f,-1.2229577916918786f,1.2863179878977369f,0f,0f,0f,1f], start_interpolation: 0, interpolation_duration: 1 }
$data merge entity $(bone_scale_neck_left1) { transformation: [-1.3796793380902779f,0.3802946469265934f,0.05762225237291402f,0.7099218783937905f,0.3286870477895894f,1.0542439768695044f,0.9121369854646364f,3.8929255629394772f,0.19977278859973505f,0.8918548296422056f,-1.1027897416016053f,0.976022590217158f,0f,0f,0f,1f], start_interpolation: 0, interpolation_duration: 1 }
$data merge entity $(bone_scale_neck_right1) { transformation: [-1.3867132975533576f,-0.34338737766626826f,-0.10281418992996019f,-0.6569778586111695f,-0.3286870477895894f,1.0542439768695044f,0.9121369854646364f,3.8929255629394772f,-0.14300515167935224f,0.9067051144096597f,-1.0994975127299331f,1.004071995416218f,0f,0f,0f,1f], start_interpolation: 0, interpolation_duration: 1 }
$data merge entity $(bone_blush_right1) { transformation: [-0.9997895219236279f,0.010280218083547656f,-0.017754688616763447f,-0.5289730029970716f,0f,0.8654011794889904f,0.5010796329317971f,3.1605600084675087f,0.02051613637416972f,0.5009741666545485f,-0.8652190315134414f,2.0060169047024776f,0f,0f,0f,1f], start_interpolation: 0, interpolation_duration: 1 }
$data merge entity $(bone_blush_left1) { transformation: [-0.9997895219236279f,0.010280218083547656f,-0.017754688616763447f,0.6231282039071089f,0f,0.8654011794889904f,0.5010796329317971f,3.1605600084675087f,0.02051613637416972f,0.5009741666545485f,-0.8652190315134414f,1.9823752631775553f,0f,0f,0f,1f], start_interpolation: 0, interpolation_duration: 1 }
$data merge entity $(bone_left_head_scales) { transformation: [-0.8786259339971227f,0.010280218083547656f,-0.47740002641792795f,0.6333488054282761f,-0.23137282562657716f,0.8654011794889904f,0.44446306269547087f,3.88115438170381f,0.417711723164741f,0.5009741666545485f,-0.757985356504678f,2.0044469291267846f,0f,0f,0f,1f], start_interpolation: 0, interpolation_duration: 1 }
$data merge entity $(bone_left_head_scales2) { transformation: [-0.8087959597171279f,0.010280218083547656f,-0.5879995005622067f,0.6279181695158507f,-0.2874074701851105f,0.8654011794889904f,0.41046040566765923f,3.131659373372792f,0.513075083810396f,0.5009741666545485f,-0.6969783660327887f,1.73980193049727f,0f,0f,0f,1f], start_interpolation: 0, interpolation_duration: 1 }
$data merge entity $(bone_left_head_scales1) { transformation: [-0.9997895219236279f,0.010280218083547656f,-0.017754688616763447f,0.6323448778810546f,0f,0.8654011794889904f,0.5010796329317971f,3.796642547769338f,0.02051613637416972f,0.5009741666545485f,-0.8652190315134414f,1.9555236706644261f,0f,0f,0f,1f], start_interpolation: 0, interpolation_duration: 1 }
$data merge entity $(bone_right_head_scales) { transformation: [-0.8950223396915435f,0.010280218083547656f,0.44590282413237753f,-0.5382795405759753f,0.23137282562657716f,0.8654011794889904f,0.44446306269547087f,3.88115438170381f,-0.3813156527270403f,0.5009741666545485f,-0.7769319515441054f,2.0284892764402644f,0f,0f,0f,1f], start_interpolation: 0, interpolation_duration: 1 }
$data merge entity $(bone_right_head_scales2) { transformation: [-0.8291633017677793f,0.010280218083547656f,0.5589119216099343f,-0.5437101764884007f,0.2874074701851105f,0.8654011794889904f,0.41046040566765923f,3.131659373372792f,-0.47946341370677026f,0.5009741666545485f,-0.7205135108111654f,1.7638442778107501f,0f,0f,0f,1f], start_interpolation: 0, interpolation_duration: 1 }
$data merge entity $(bone_right_head_scales1) { transformation: [-0.9997895219236279f,0.010280218083547656f,-0.017754688616763447f,-0.5392834681231967f,0f,0.8654011794889904f,0.5010796329317971f,3.796642547769338f,0.02051613637416972f,0.5009741666545485f,-0.8652190315134414f,1.9795660179779062f,0f,0f,0f,1f], start_interpolation: 0, interpolation_duration: 1 }
$data merge entity $(bone_head_left_fin1) { transformation: [-0.679155543157641f,0.024511578026575595f,-0.7335849853567731f,0.6272797661072094f,-0.11920967726651632f,0.9824890856742574f,0.14319304933192434f,3.5164234527931746f,0.724249129129102f,0.1847007825473651f,-0.6643408913217134f,1.7086913438312814f,0f,0f,0f,1f], start_interpolation: 0, interpolation_duration: 1 }
$data merge entity $(bone_head_right_fin1) { transformation: [-0.7082951468265406f,-0.01691384586156884f,0.705713756986599f,-0.544348579897042f,0.11920967726651632f,0.9824890856742574f,0.14319304933192434f,3.5164234527931746f,-0.6957780090143568f,0.1855508511140087f,-0.6938759570866286f,1.7327336911447615f,0f,0f,0f,1f], start_interpolation: 0, interpolation_duration: 1 }
$data merge entity $(bone_right_whisker16) { transformation: [0.25699219567264187f,0.9129108405940626f,-0.31709432112416636f,-1.004062320143162f,0.9602947104471802f,-0.2780915363757766f,-0.022342034001567007f,1.1371548787809442f,-0.10857753197840497f,-0.29876227091452096f,-0.9481308058635565f,1.665488176234693f,0f,0f,0f,1f], start_interpolation: 0, interpolation_duration: 1 }
$data merge entity $(bone_right_whisker15) { transformation: [-0.8715565490680088f,0.3739523676719628f,-0.31709432112416636f,-0.7487234874083939f,0.401056036695039f,0.9157810267455538f,-0.022342034001567007f,1.0196579930304446f,0.28203410646078f,-0.146644937742128f,-0.9481308058635565f,1.5828609966075113f,0f,0f,0f,1f], start_interpolation: 0, interpolation_duration: 1 }
$data merge entity $(bone_right_whisker14) { transformation: [-0.7072516565777367f,-0.6318593876637828f,-0.31709432112416636f,-0.541520853645385f,-0.6604858706712426f,0.750505994753089f,-0.022342034001567007f,1.2131597129536602f,0.2520982128292415f,0.19363487821367725f,-0.9481308058635565f,1.5090040983176944f,0f,0f,0f,1f], start_interpolation: 0, interpolation_duration: 1 }
$data merge entity $(bone_right_whisker13) { transformation: [-0.09758823609320322f,-0.9911723516400841f,-0.08974355420018909f,-0.5129305501024545f,-0.9808567683450022f,0.08051898807712729f,0.17730395525998424f,1.5005200943047352f,-0.16851271811948285f,0.1053283527987621f,-0.9800558157210656f,1.5583730587042617f,0f,0f,0f,1f], start_interpolation: 0, interpolation_duration: 1 }
$data merge entity $(bone_right_whisker12) { transformation: [0.059158743683753644f,-0.9960315001644546f,-0.0664943134854826f,-0.5360394343539208f,-0.9192477388291916f,-0.08032705505520885f,0.3853974038360614f,1.8596012422848882f,-0.38920924668252516f,0.03832512108660763f,-0.9203517519897043f,1.710407920689623f,0f,0f,0f,1f], start_interpolation: 0, interpolation_duration: 1 }
$data merge entity $(bone_right_whisker11) { transformation: [0.29018523322212947f,-0.9558821438472569f,-0.045627376582379656f,-0.6493930410813151f,-0.9516790015922314f,-0.29325951214062373f,0.09113691056568418f,2.2313508522818535f,-0.10049680765194721f,0.01697603054354436f,-0.9947925442215337f,1.7496644861786648f,0f,0f,0f,1f], start_interpolation: 0, interpolation_duration: 1 }
$data merge entity $(bone_right_whisker10) { transformation: [0.07369190580483351f,-0.9950317565551071f,0.06694256094376436f,-0.6781789417863282f,-0.9849566181732335f,-0.08313737675618012f,-0.15148807511764278f,2.616099531255773f,0.15630087439166523f,-0.05477207347690088f,-0.9861896656482677f,1.6886094571194206f,0f,0f,0f,1f], start_interpolation: 0, interpolation_duration: 1 }
$data merge entity $(bone_right_whisker1) { transformation: [-0.3426042934584594f,-0.9387668933188202f,0.03659259641458614f,-0.5443491396541176f,-0.9326727993947237f,0.3445440845130991f,0.10682145428817419f,2.980424843519337f,-0.11288820741352867f,0.002468569537491666f,-0.9936046290106538f,1.7327064131403302f,0f,0f,0f,1f], start_interpolation: 0, interpolation_duration: 1 }
$data merge entity $(bone_left_whisker16) { transformation: [0.2612300987388754f,-0.9243986453677598f,0.27793161021216806f,1.0838478528798485f,-0.9602947104471802f,-0.2780915363757766f,-0.022342034001567007f,1.1371548787809442f,0.0979433744571041f,-0.2610598434045557f,-0.9603410089970876f,1.6226433084825893f,0f,0f,0f,1f], start_interpolation: 0, interpolation_duration: 1 }
$data merge entity $(bone_left_whisker15) { transformation: [-0.8823929167291233f,-0.37965347430405844f,0.27793161021216806f,0.8253343030568632f,-0.401056036695039f,0.9157810267455538f,-0.022342034001567007f,1.0196579930304446f,-0.24604226453342992f,-0.1311806026122663f,-0.9603410089970876f,1.550560613795061f,0f,0f,0f,1f], start_interpolation: 0, interpolation_duration: 1 }
$data merge entity $(bone_left_whisker14) { transformation: [-0.7169982607776545f,0.6392710802833883f,0.27793161021216806f,0.6152762188446597f,0.6604858706712426f,0.750505994753089f,-0.022342034001567007f,1.2131597129536602f,-0.22287195580752073f,0.1675507020366855f,-0.9603410089970876f,1.4852660954920764f,0f,0f,0f,1f], start_interpolation: 0, interpolation_duration: 1 }
$data merge entity $(bone_left_whisker13) { transformation: [-0.09059307953364014f,0.9946589113033076f,0.04946255255777581f,0.5887352775750385f,0.9808567683450022f,0.08051898807712729f,0.17730395525998424f,1.5005200943047352f,0.17237428442900257f,0.06457819077641146f,-0.9829123884373596f,1.5357663741333858f,0f,0f,0f,1f], start_interpolation: 0, interpolation_duration: 1 }
$data merge entity $(bone_left_whisker12) { transformation: [0.07507572105276808f,0.9967652530689359f,0.028682161404391456f,0.618061731111276f,0.9192477388291916f,-0.08032705505520885f,0.3853974038360614f,1.8596012422848882f,0.3864546943249956f,-0.0025679759691364552f,-0.9223048166054411f,1.6867252391040872f,0f,0f,0f,1f], start_interpolation: 0, interpolation_duration: 1 }
$data merge entity $(bone_left_whisker11) { transformation: [0.2940636929063146f,0.9557738781046261f,0.004778958792932275f,0.7329303611528052f,0.9516790015922314f,-0.29325951214062373f,0.09113691056568418f,2.2313508522818535f,0.08850775357399399f,-0.022252021748309474f,-0.9958269051825211f,1.7212985803439287f,0f,0f,0f,1f], start_interpolation: 0, interpolation_duration: 1 }
$data merge entity $(bone_left_whisker10) { transformation: [0.06721783997884037f,0.9919471656120582f,-0.1073432933293151f,0.7591873298945397f,0.9849566181732335f,-0.08313737675618012f,-0.15148807511764278f,2.616099531255773f,-0.15919240655674058f,-0.09554578598925936f,-0.9826132405348343f,1.659114046532702f,0f,0f,0f,1f], start_interpolation: 0, interpolation_duration: 1 }
$data merge entity $(bone_left_whisker1) { transformation: [-0.33768479627367914f,0.938077886795035f,-0.0773230668802368f,0.6272792063501338f,0.9326727993947237f,0.3445440845130991f,0.10682145428817419f,2.980424843519337f,0.1268480493930193f,-0.03604514021601565f,-0.9912670277135188f,1.7086640658268502f,0f,0f,0f,1f], start_interpolation: 0, interpolation_duration: 1 }
$data merge entity $(bone_upper_left_tooth1) { transformation: [-0.9997895219236279f,0.00869367567640965f,-0.018583106708969118f,0.32805442173680344f,0f,0.90578003431317f,0.42374819107535194f,2.90380366515484f,0.02051613637416972f,0.42365900137122836f,-0.9055893874739315f,2.5968098800006554f,0f,0f,0f,1f], start_interpolation: 0, interpolation_duration: 1 }
$data merge entity $(bone_upper_right_tooth1) { transformation: [-0.9997895219236279f,0.00869367567640965f,-0.018583106708969118f,-0.25775975126532225f,0f,0.90578003431317f,0.42374819107535194f,2.90380366515484f,0.02051613637416972f,0.42365900137122836f,-0.9055893874739315f,2.6088310536573953f,0f,0f,0f,1f], start_interpolation: 0, interpolation_duration: 1 }
$data merge entity $(bone_top_lip1) { transformation: [-0.9997895219236279f,0.00019873496903591997f,-0.020515173802227758f,0.06049046248685655f,0f,0.9999530822020091f,0.00968676389215889f,3.001104254778325f,0.02051613637416972f,0.009684725040728703f,-0.9997426140008049f,2.6478298224699603f,0f,0f,0f,1f], start_interpolation: 0, interpolation_duration: 1 }
$data merge entity $(bone_muzzle1) { transformation: [-0.9997895219236279f,0.00869367567640965f,-0.018583106708969118f,0.052690167562029294f,0f,0.90578003431317f,0.42374819107535194f,3.34069517341568f,0.02051613637416972f,0.42365900137122836f,-0.9055893874739315f,2.2677069283964433f,0f,0f,0f,1f], start_interpolation: 0, interpolation_duration: 1 }
$data merge entity $(bone_jaw_right_tooth1) { transformation: [-0.9997895219236279f,-0.003085148441672346f,-0.020282842769601517f,-0.257968483824568f,0f,0.9886287749158306f,-0.15037667840600927f,2.785700623101068f,0.02051613637416972f,-0.15034502741200703f,-0.9884206902330401f,2.59865912743249f,0f,0f,0f,1f], start_interpolation: 0, interpolation_duration: 1 }
$data merge entity $(bone_jaw_left_tooth1) { transformation: [-0.9997895219236279f,-0.003085148441672346f,-0.020282842769601517f,0.3766635369277349f,0f,0.9886287749158306f,-0.15037667840600927f,2.785700623101068f,0.02051613637416972f,-0.15034502741200703f,-0.9884206902330401f,2.585636189304355f,0f,0f,0f,1f], start_interpolation: 0, interpolation_duration: 1 }
$data merge entity $(bone_tongue1) { transformation: [-0.9997895219236279f,0.005073558337125145f,-0.01987890483712113f,0.04532256866858314f,0f,0.9689399833659287f,0.24729599397247468f,2.9498846477953697f,0.02051613637416972f,0.24724394358736898f,-0.9687360427421098f,1.9086701175143705f,0f,0f,0f,1f], start_interpolation: 0, interpolation_duration: 1 }
$data merge entity $(bone_jaw_lips1) { transformation: [-0.9997895219236279f,0.005073558337125145f,-0.01987890483712113f,0.10910102802468429f,0f,0.9689399833659287f,0.24729599397247468f,2.647868453259953f,0.02051613637416972f,0.24724394358736898f,-0.9687360427421098f,2.636726809878134f,0f,0f,0f,1f], start_interpolation: 0, interpolation_duration: 1 }
$data merge entity $(bone_jaw3) { transformation: [-0.9997895219236279f,0.00048380058029371883f,-0.020510431217359553f,0.09304181887211997f,0f,0.9997219185568806f,0.023581466386762395f,2.593069341254709f,0.02051613637416972f,0.023576503005079408f,-0.9995114990105558f,1.854131649254788f,0f,0f,0f,1f], start_interpolation: 0, interpolation_duration: 1 }
$data merge entity $(bone_jaw1) { transformation: [-0.9997895219236279f,0.014845163669922872f,-0.014160966327787518f,0.08197856392853597f,0f,0.6902355331199933f,0.7235847627047981f,3.158369937117832f,0.02051613637416972f,0.7234324639758519f,-0.6900902536727385f,1.3149986385729608f,0f,0f,0f,1f], start_interpolation: 0, interpolation_duration: 1 }
$data merge entity $(bone_tear_right1) { transformation: [-0.9997895219236279f,0.010280218083547656f,-0.017754688616763447f,-0.4750809381524117f,0f,0.8654011794889904f,0.5010796329317971f,3.412311225125013f,0.02051613637416972f,0.5009741666545485f,-0.8652190315134414f,2.2522911862909476f,0f,0f,0f,1f], start_interpolation: 0, interpolation_duration: 1 }
$data merge entity $(bone_right_pupil1) { transformation: [-0.9997895219236279f,0.010280218083547656f,-0.017754688616763447f,-0.3119381116776927f,0f,0.8654011794889904f,0.5010796329317971f,3.4674629243173873f,0.02051613637416972f,0.5009741666545485f,-0.8652190315134414f,2.3486050560367357f,0f,0f,0f,1f], start_interpolation: 0, interpolation_duration: 1 }
$data merge entity $(bone_right_sad_pupil1) { transformation: [-0.9997895219236279f,0.010280218083547656f,-0.017754688616763447f,-0.3121114973087158f,0f,0.8654011794889904f,0.5010796329317971f,3.472356280107737f,0.02051613637416972f,0.5009741666545485f,-0.8652190315134414f,2.340155651432112f,0f,0f,0f,1f], start_interpolation: 0, interpolation_duration: 1 }
$data merge entity $(bone_right_happy_pupil1) { transformation: [-0.9997895219236279f,0.010280218083547656f,-0.017754688616763447f,-0.336771087423816f,0f,0.8654011794889904f,0.5010796329317971f,3.451228592061988f,0.02051613637416972f,0.5009741666545485f,-0.8652190315134414f,2.3284258691953545f,0f,0f,0f,1f], start_interpolation: 0, interpolation_duration: 1 }
$data merge entity $(bone_eyelid_right1) { transformation: [-0.9997895219236279f,0.010280218083547656f,-0.017754688616763447f,0.054614997477109066f,0f,0.8654011794889904f,0.5010796329317971f,3.6747681526579803f,0.02051613637416972f,0.5009741666545485f,-0.8652190315134414f,1.8855101991287264f,0f,0f,0f,1f], start_interpolation: 0, interpolation_duration: 1 }
$data merge entity $(bone_eyelid_expressions_right5) { transformation: [-0.9997895219236279f,0.010280218083547656f,-0.017754688616763447f,-0.42338830715267617f,0f,0.8654011794889904f,0.5010796329317971f,3.5568681140422087f,0.02051613637416972f,0.5009741666545485f,-0.8652190315134414f,2.3913829617673863f,0f,0f,0f,1f], start_interpolation: 0, interpolation_duration: 1 }
$data merge entity $(bone_eyelid_expressions_right7) { transformation: [-0.9997895219236279f,0.010280218083547656f,-0.017754688616763447f,-0.13048122065161327f,0f,0.8654011794889904f,0.5010796329317971f,3.5568681140422087f,0.02051613637416972f,0.5009741666545485f,-0.8652190315134414f,2.385372374939016f,0f,0f,0f,1f], start_interpolation: 0, interpolation_duration: 1 }
$data merge entity $(bone_eyelid_expressions_right6) { transformation: [-0.9997895219236279f,0.010280218083547656f,-0.017754688616763447f,-0.22811691615196755f,0f,0.8654011794889904f,0.5010796329317971f,3.5568681140422087f,0.02051613637416972f,0.5009741666545485f,-0.8652190315134414f,2.3873759038818063f,0f,0f,0f,1f], start_interpolation: 0, interpolation_duration: 1 }
$data merge entity $(bone_right_eye1) { transformation: [-0.9997895219236279f,0.010280218083547656f,-0.017754688616763447f,0.04502481355809672f,0f,0.8654011794889904f,0.5010796329317971f,3.6698747968676306f,0.02051613637416972f,0.5009741666545485f,-0.8652190315134414f,1.8941599566276288f,0f,0f,0f,1f], start_interpolation: 0, interpolation_duration: 1 }
$data merge entity $(bone_tear_left1) { transformation: [-0.9997895219236279f,0.010280218083547656f,-0.017754688616763447f,0.5793845732514147f,0f,0.8654011794889904f,0.5010796329317971f,3.412311225125013f,0.02051613637416972f,0.5009741666545485f,-0.8652190315134414f,2.2306530737088153f,0f,0f,0f,1f], start_interpolation: 0, interpolation_duration: 1 }
$data merge entity $(bone_left_sad_pupil1) { transformation: [-0.9997895219236279f,0.010280218083547656f,-0.017754688616763447f,0.4201562189439414f,0f,0.8654011794889904f,0.5010796329317971f,3.472356280107737f,0.02051613637416972f,0.5009741666545485f,-0.8652190315134414f,2.325129184361187f,0f,0f,0f,1f], start_interpolation: 0, interpolation_duration: 1 }
$data merge entity $(bone_left_pupil1) { transformation: [-0.9997895219236279f,0.010280218083547656f,-0.017754688616763447f,0.4203296045749645f,0f,0.8654011794889904f,0.5010796329317971f,3.4674629243173873f,0.02051613637416972f,0.5009741666545485f,-0.8652190315134414f,2.3335785889658105f,0f,0f,0f,1f], start_interpolation: 0, interpolation_duration: 1 }
$data merge entity $(bone_eyelid_left1) { transformation: [-0.9997895219236279f,0.010280218083547656f,-0.017754688616763447f,0.035087858377038206f,0f,0.8654011794889904f,0.5010796329317971f,3.6747681526579803f,0.02051613637416972f,0.5009741666545485f,-0.8652190315134414f,1.8859109049172844f,0f,0f,0f,1f], start_interpolation: 0, interpolation_duration: 1 }
$data merge entity $(bone_left_happy_pupil1) { transformation: [-0.9997895219236279f,0.010280218083547656f,-0.017754688616763447f,0.44431447657901835f,0f,0.8654011794889904f,0.5010796329317971f,3.451228592061988f,0.02051613637416972f,0.5009741666545485f,-0.8652190315134414f,2.3123976376530346f,0f,0f,0f,1f], start_interpolation: 0, interpolation_duration: 1 }
$data merge entity $(bone_eyelid_expressions_left5) { transformation: [-0.9997895219236279f,0.010280218083547656f,-0.017754688616763447f,0.5334415087507959f,0f,0.8654011794889904f,0.5010796329317971f,3.5568681140422087f,0.02051613637416972f,0.5009741666545485f,-0.8652190315134414f,2.371748378128044f,0f,0f,0f,1f], start_interpolation: 0, interpolation_duration: 1 }
$data merge entity $(bone_eyelid_expressions_left7) { transformation: [-0.9997895219236279f,0.010280218083547656f,-0.017754688616763447f,0.24053442224973298f,0f,0.8654011794889904f,0.5010796329317971f,3.5568681140422087f,0.02051613637416972f,0.5009741666545485f,-0.8652190315134414f,2.3777589649564144f,0f,0f,0f,1f], start_interpolation: 0, interpolation_duration: 1 }
$data merge entity $(bone_eyelid_expressions_left6) { transformation: [-0.9997895219236279f,0.010280218083547656f,-0.017754688616763447f,0.33817011775008726f,0f,0.8654011794889904f,0.5010796329317971f,3.5568681140422087f,0.02051613637416972f,0.5009741666545485f,-0.8652190315134414f,2.375755436013624f,0f,0f,0f,1f], start_interpolation: 0, interpolation_duration: 1 }
$data merge entity $(bone_left_eye1) { transformation: [-0.9997895219236279f,0.010280218083547656f,-0.017754688616763447f,0.04502481355809672f,0f,0.8654011794889904f,0.5010796329317971f,3.6698747968676306f,0.02051613637416972f,0.5009741666545485f,-0.8652190315134414f,1.8941599566276288f,0f,0f,0f,1f], start_interpolation: 0, interpolation_duration: 1 }
$data merge entity $(bone_crest_middle5) { transformation: [-0.9997895219236279f,0.0061937179174861995f,-0.019558878037406444f,0.0647725567112568f,0f,0.9533411983959865f,0.30189494769025943f,4.504916910238045f,0.02051613637416972f,0.3018314054224033f,-0.9531405409744218f,2.856504246316897f,0f,0f,0f,1f], start_interpolation: 0, interpolation_duration: 1 }
$data merge entity $(bone_crest_middle4) { transformation: [-0.9997895219236279f,0.0061937179174861995f,-0.019558878037406444f,0.06114342511897972f,0f,0.9533411983959865f,0.30189494769025943f,3.946318551802896f,0.02051613637416972f,0.3018314054224033f,-0.9531405409744218f,2.6796499072022075f,0f,0f,0f,1f], start_interpolation: 0, interpolation_duration: 1 }
$data merge entity $(bone_crest_middle1) { transformation: [-0.9997895219236279f,0.0061937179174861995f,-0.019558878037406444f,0.05985411754942666f,0f,0.9533411983959865f,0.30189494769025943f,3.505258242270331f,0.02051613637416972f,0.3018314054224033f,-0.9531405409744218f,2.6168195489385098f,0f,0f,0f,1f], start_interpolation: 0, interpolation_duration: 1 }
$data merge entity $(bone_crest_left5) { transformation: [-0.5458567665515786f,-0.8328412678839209f,0.0917377398858212f,-0.8996708265652997f,-0.7298719519773963f,0.5264057653694227f,0.4361007955765938f,3.97926283597787f,-0.4114940146910538f,0.17109176688355154f,-0.8952096308564288f,2.6711983218439252f,0f,0f,0f,1f], start_interpolation: 0, interpolation_duration: 1 }
$data merge entity $(bone_crest_left4) { transformation: [-0.5458567665515786f,-0.8328412678839209f,0.0917377398858212f,-0.49301005123135394f,-0.7298719519773963f,0.5264057653694227f,0.4361007955765938f,3.7222287708560815f,-0.4114940146910538f,0.17109176688355154f,-0.8952096308564288f,2.587657420045316f,0f,0f,0f,1f], start_interpolation: 0, interpolation_duration: 1 }
$data merge entity $(bone_crest_left1) { transformation: [-0.5458567665515786f,-0.8328412678839209f,0.0917377398858212f,-0.0412038165336513f,-0.7298719519773963f,0.5264057653694227f,0.4361007955765938f,3.4607852833811275f,-0.4114940146910538f,0.17109176688355154f,-0.8952096308564288f,2.452051020310184f,0f,0f,0f,1f], start_interpolation: 0, interpolation_duration: 1 }
$data merge entity $(bone_crest_center1) { transformation: [-0.9997895219236279f,0.010280218083547656f,-0.017754688616763447f,0.05618090029246579f,0f,0.8654011794889904f,0.5010796329317971f,3.4396575953353783f,0.02051613637416972f,0.5009741666545485f,-0.8652190315134414f,2.437816833306232f,0f,0f,0f,1f], start_interpolation: 0, interpolation_duration: 1 }
$data merge entity $(bone_crest_right5) { transformation: [-0.5285162705660684f,0.8391589687912874f,-0.12838526723918692f,1.0208021258272244f,0.7298719519773963f,0.5264057653694227f,0.4361007955765938f,3.9792628359778703f,0.43354063876831667f,0.13678156046403184f,-0.89069260648856f,2.631789342123492f,0f,0f,0f,1f], start_interpolation: 0, interpolation_duration: 1 }
$data merge entity $(bone_crest_right4) { transformation: [-0.5285162705660684f,0.8391589687912874f,-0.12838526723918692f,0.6110565355971036f,0.7298719519773963f,0.5264057653694227f,0.4361007955765938f,3.722228770856082f,0.43354063876831667f,0.13678156046403184f,-0.89069260648856f,2.565001470803164f,0f,0f,0f,1f], start_interpolation: 0, interpolation_duration: 1 }
$data merge entity $(bone_crest_right1) { transformation: [-0.5285162705660684f,0.8391589687912874f,-0.12838526723918692f,0.1540675744670573f,0.7298719519773963f,0.5264057653694227f,0.4361007955765938f,3.460785283381128f,0.43354063876831667f,0.13678156046403184f,-0.89069260648856f,2.448043962424604f,0f,0f,0f,1f], start_interpolation: 0, interpolation_duration: 1 }
$data merge entity $(bone_head1) { transformation: [-0.9997895219236279f,0.010280218083547656f,-0.017754688616763447f,0.034986640078216565f,0f,0.8654011794889904f,0.5010796329317971f,3.896753448369622f,0.02051613637416972f,0.5009741666545485f,-0.8652190315134414f,1.40498107414216f,0f,0f,0f,1f], start_interpolation: 0, interpolation_duration: 1 }
$data merge entity $(bone_neck10) { transformation: [-1.301809273338057f,0.012353242011743988f,-0.023685865136896325f,0.014404488564654733f,0f,1.1544993026424497f,0.6021232159139378f,3.9794164489155675f,0.026713719237200156f,0.6019964821777134f,-1.1542563058500563f,0.4019745115706808f,0f,0f,0f,1f], start_interpolation: 0, interpolation_duration: 1 }
$data merge entity $(bone_neck9) { transformation: [-0.9997895219236279f,0.010280218083547656f,-0.01775468861676345f,0.002220358605891272f,0f,0.8654011794889904f,0.5010796329317971f,2.8562958288156866f,0.02051613637416972f,0.5009741666545485f,-0.8652190315134414f,-0.19178082541685953f,0f,0f,0f,1f], start_interpolation: 0, interpolation_duration: 1 }
$data merge entity $(bone_neck8) { transformation: [-0.9997895219236279f,-0.004415521958285325f,-0.020035344208658608f,0.00592568409744392f,0f,0.9765651701303546f,-0.2152219052240542f,2.2263246803969166f,0.02051613637416972f,-0.21517660573144942f,-0.9763596245718936f,-0.011213415734646626f,0f,0f,0f,1f], start_interpolation: 0, interpolation_duration: 1 }
$data merge entity $(bone_neck7) { transformation: [-0.9997895219236279f,-0.009612610317508813f,-0.01812483309184537f,0.014173695610091365f,0f,0.8834428062520069f,-0.46853901447113155f,1.5158588142617733f,0.02051613637416972f,-0.46844039728066034f,-0.8832568609095622f,0.39072754121047365f,0f,0f,0f,1f], start_interpolation: 0, interpolation_duration: 1 }
$data merge entity $(bone_neck6) { transformation: [-0.9997895219236279f,-0.005917450797931826f,-0.019644226321685103f,0.018706919775745418f,0f,0.9575012547887735f,-0.288429102342195f,0.7513954501433839f,0.02051613637416972f,-0.2883683943395643f,-0.9572997217665417f,0.6116399946419168f,0f,0f,0f,1f], start_interpolation: 0, interpolation_duration: 1 }
$data merge entity $(bone_neck_spine6) { transformation: [-1.1051897000499975f,0.031201193317693495f,0.050238331543849345f,-0.08890592875050846f,0.04321820312084382f,-0.21566332198591354f,1.0846949783171151f,0.4845823116514493f,0.04036819713293244f,1.0851071350806396f,0.2141368524441429f,-1.6786978271849553f,0f,0f,0f,1f], start_interpolation: 0, interpolation_duration: 1 }
$data merge entity $(bone_neck_spine7) { transformation: [-0.9899113047227707f,-0.08141515025095529f,0.11596198554559234f,0.0027527784452620607f,0.07356427892906299f,0.4041495768360254f,0.9117299032108733f,0.722667028559519f,-0.12109461444551865f,0.9110623978920849f,-0.39408298808679265f,-4.940366054368276f,0f,0f,0f,1f], start_interpolation: 0, interpolation_duration: 1 }
$data merge entity $(bone_tail6) { transformation: [-1.3486798763386239f,-0.6390757883895306f,-0.12181547330927163f,1.128349453298691f,-0.5291429158543669f,0.9144130714478768f,1.0611554038171909f,-1.1230089869674347f,-0.37850316702030423f,0.9988118707462317f,-1.049430550868441f,-7.583449576385801f,0f,0f,0f,1f], start_interpolation: 0, interpolation_duration: 1 }
$data merge entity $(bone_tail5) { transformation: [-1.1141268543666893f,-0.5279321730174383f,-0.10063017360331136f,0.7949186071824139f,-0.43711806092317274f,0.7553847111960722f,0.8766066379359404f,-0.6459239062120201f,-0.31267652927764267f,0.8251054584425392f,-0.8669208898478427f,-7.062330339474723f,0f,0f,0f,1f], start_interpolation: 0, interpolation_duration: 1 }
$data merge entity $(bone_tail4) { transformation: [-0.9006836043722288f,-0.42679148302883435f,-0.0813515508708875f,0.6282031841242754f,-0.35337544293578593f,0.6106689033669299f,0.7086672609840023f,-0.40738136583431306f,-0.2527742889318206f,0.6670326232461791f,-0.700837098319098f,-6.801770721019184f,0f,0f,0f,1f], start_interpolation: 0, interpolation_duration: 1 }
$data merge entity $(bone_segment18) { transformation: [-0.9006836043722288f,-0.41785091750475767f,-0.11903636232463842f,0.42417441581140547f,-0.35337544293578593f,0.5451319406393988f,0.7602348082169481f,-0.14120366044398158f,-0.2527742889318206f,0.7267955544960045f,-0.6386496542078899f,-6.446890079175432f,0f,0f,0f,1f], start_interpolation: 0, interpolation_duration: 1 }
$data merge entity $(bone_segment17) { transformation: [-0.9170220812600607f,-0.37367910387416187f,0.1394074237953993f,0.18697576589128317f,0.007537516274706453f,0.3332354731721894f,0.942813505030616f,0.07032276295633394f,-0.398765204512474f,0.8656315883489407f,-0.30276767483107286f,-5.897416902977374f,0f,0f,0f,1f], start_interpolation: 0, interpolation_duration: 1 }
$data merge entity $(bone_segment16) { transformation: [-0.9652392173033955f,-0.23277217833866592f,0.11887121758861875f,-0.006243327456242273f,0.05141475597988318f,0.2768154566572524f,0.9595466251429191f,0.3001012181894048f,-0.2562611485322297f,0.9323037680644162f,-0.25522520997313985f,-5.123531939252029f,0f,0f,0f,1f], start_interpolation: 0, interpolation_duration: 1 }
$data merge entity $(bone_segment15) { transformation: [-0.9899113047227707f,-0.10865416664570515f,0.09093888526141677f,-0.11765629130193603f,0.07356427892906299f,0.15440545100926328f,0.985265067666703f,0.45842712010320014f,-0.12109461444551865f,0.9820148821525837f,-0.14485463604295806f,-4.11658308548229f,0f,0f,0f,1f], start_interpolation: 0, interpolation_duration: 1 }
$data merge entity $(bone_segment14) { transformation: [-0.99790327283571f,-0.02845991353035192f,0.058129952568561086f,-0.14683881982426952f,0.061248055385483426f,-0.1249110232910372f,0.9902756747350117f,0.330344527861414f,-0.02092208821497093f,0.9917596833821339f,0.1263922333155567f,-3.099642003889282f,0f,0f,0f,1f], start_interpolation: 0, interpolation_duration: 1 }
$data merge entity $(bone_segment13) { transformation: [-0.9985713995745858f,0.019880703121360484f,0.04959755634154768f,-0.12669345810925403f,0.039048917643303586f,-0.3620823803554636f,0.931327832649174f,-0.08134835903539545f,0.03647385340952013f,0.9319340682041416f,0.3607887893739759f,-2.107349161367193f,0f,0f,0f,1f], start_interpolation: 0, interpolation_duration: 1 }
$data merge entity $(bone_segment12) { transformation: [-0.9974760139472003f,0.05754036372698445f,0.041601780516833824f,-0.05926334436669413f,0.037270064284809896f,-0.0744082121116077f,0.9965311637267347f,-0.16854548260368574f,0.060436279735028534f,0.9955664340025332f,0.07207587376694824f,-0.9406697465204742f,0f,0f,0f,1f], start_interpolation: 0, interpolation_duration: 1 }
$data merge entity $(bone_segment11) { transformation: [-1.0338692220652932f,0.05124405954831271f,0.006077823720450272f,0.00249634367487225f,0.02862110584973403f,0.46798268055527564f,0.922887590616701f,0.37221341307421807f,0.04293862922947364f,0.921908194439864f,-0.4688176799765405f,0.12463785633841706f,0f,0f,0f,1f], start_interpolation: 0, interpolation_duration: 1 }
$data merge entity $(bone_segment10) { transformation: [-0.9997895219236279f,0.012401859632713681f,-0.016343369584452185f,0.020155868903701777f,0f,0.7966104965566937f,0.6044929418741777f,1.1073664055846835f,0.02051613637416972f,0.6043657093625915f,-0.7964428275117605f,0.6822499832631184f,0f,0f,0f,1f], start_interpolation: 0, interpolation_duration: 1 }