# This file was generated by Animated Java via MC-Build. It is not recommended to edit this file directly.
$data merge entity $(bone_neck_spine5) { transformation: [-1.3670158288759928f,0.005847626347958066f,-0.020861184645833118f,0.09751559680725375f,-5.929230630780103e-19f,1.3164459020952912f,0.3690146975565691f,3.6979313132882736f,0.02166526618190685f,0.3689683621651873f,-1.3162806023483964f,-0.4580658860075764f,0f,0f,0f,1f], start_interpolation: 0, interpolation_duration: 1 }
$data merge entity $(bone_neck_spine2) { transformation: [-1.3019198370247547f,0.007277258944080788f,-0.019307677440359213f,0.027839066270624047f,-5.646886315028669e-19f,1.218411766966243f,0.45923172044474597f,4.605397071708742f,0.020633586839911282f,0.4591740569380004f,-1.2182587768917006f,1.3081475466294572f,0f,0f,0f,1f], start_interpolation: 0, interpolation_duration: 1 }
$data merge entity $(bone_scale_neck_left1) { transformation: [-1.3805421848757005f,0.37630170508471583f,0.06292631350826376f,0.7065292250521601f,0.3268498768144019f,1.0446420468951136f,0.923770301691917f,3.8820126449622663f,0.1968040960138155f,0.904753800219651f,-1.092770848432123f,0.9933284225930057f,0f,0f,0f,1f], start_interpolation: 0, interpolation_duration: 1 }
$data merge entity $(bone_scale_neck_right1) { transformation: [-1.3860854026728833f,-0.3474417823923597f,-0.09752375478799132f,-0.6604866038238325f,-0.3268498768144019f,1.0446420468951136f,0.923770301691917f,3.8820126449622663f,-0.15295696429498867f,0.9162241101988011f,-1.0902279419308856f,1.0149936887749125f,0f,0f,0f,1f], start_interpolation: 0, interpolation_duration: 1 }
$data merge entity $(bone_blush_right1) { transformation: [-0.9998744348350117f,0.008080563347545975f,-0.01363154647690995f,-0.5372823320576996f,-4.336808689942018e-19f,0.8602192925958326f,0.5099242773647135f,3.1392413958256684f,0.015846594693051864f,0.5098602486386946f,-0.8601112790184319f,2.0099662306254618f,0f,0f,0f,1f], start_interpolation: 0, interpolation_duration: 1 }
$data merge entity $(bone_blush_left1) { transformation: [-0.9998744348350117f,0.008080563347545975f,-0.01363154647690995f,0.6149167237092084f,-4.336808689942018e-19f,0.8602192925958326f,0.5099242773647135f,3.1392413958256684f,0.015846594693051864f,0.5098602486386946f,-0.8601112790184319f,1.99170550627214f,0f,0f,0f,1f], start_interpolation: 0, interpolation_duration: 1 }
$data merge entity $(bone_left_head_scales) { transformation: [-0.8806051078346452f,0.008080563347545975f,-0.4737819630922215f,0.6251511663433259f,-0.23545682792803324f,0.8602192925958326f,0.4523083581230771f,3.8595695572172124f,0.41121129147629376f,0.5098602486386946f,-0.7556108791041108f,2.021209166439884f,0f,0f,0f,1f], start_interpolation: 0, interpolation_duration: 1 }
$data merge entity $(bone_left_head_scales2) { transformation: [-0.8112304534772206f,0.008080563347545975f,-0.5846707242945635f,0.6208350347940093f,-0.2924805498197347f,0.8602192925958326f,0.4177055142358919f,3.1128272958096215f,0.5063203327225649f,0.5098602486386946f,-0.6954726792116278f,1.7488737103283696f,0f,0f,0f,1f], start_interpolation: 0, interpolation_duration: 1 }
$data merge entity $(bone_left_head_scales1) { transformation: [-0.9998744348350117f,0.008080563347545975f,-0.01363154647690995f,0.6243620488289171f,-4.336808689942018e-19f,0.8602192925958326f,0.5099242773647135f,3.7755637669246505f,0.015846594693051864f,0.5098602486386946f,-0.8601112790184319f,1.9714181265337616f,0f,0f,0f,1f], start_interpolation: 0, interpolation_duration: 1 }
$data merge entity $(bone_right_head_scales) { transformation: [-0.8931938031985694f,0.008080563347545975f,0.44959930429623834f,-0.5465766869789533f,0.23545682792803324f,0.8602192925958326f,0.4523083581230771f,3.8595695572172124f,-0.38309908915285074f,0.5098602486386946f,-0.7702451653521395f,2.0397793945958043f,0f,0f,0f,1f], start_interpolation: 0, interpolation_duration: 1 }
$data merge entity $(bone_right_head_scales2) { transformation: [-0.8268679211775798f,0.008080563347545975f,0.562338105967801f,-0.55089281852827f,0.2924805498197347f,0.8602192925958326f,0.4177055142358919f,3.1128272958096215f,-0.4803587918468999f,0.5098602486386946f,-0.7136511458363081f,1.7674439384842897f,0f,0f,0f,1f], start_interpolation: 0, interpolation_duration: 1 }
$data merge entity $(bone_right_head_scales1) { transformation: [-0.9998744348350117f,0.008080563347545975f,-0.01363154647690995f,-0.5473658044933621f,-4.336808689942018e-19f,0.8602192925958326f,0.5099242773647135f,3.7755637669246505f,0.015846594693051864f,0.5098602486386946f,-0.8601112790184319f,1.9899883546896817f,0f,0f,0f,1f], start_interpolation: 0, interpolation_duration: 1 }
$data merge entity $(bone_head_left_fin1) { transformation: [-0.6825505532627635f,0.023808142600840583f,-0.7304504874299101f,0.6204044606519418f,-0.12648308494417695f,0.9805393964527032f,0.1501483307505371f,3.4978901323282843f,0.719810232952894f,0.19487345727437222f,-0.6662563802217837f,1.721705723433172f,0f,0f,0f,1f], start_interpolation: 0, interpolation_duration: 1 }
$data merge entity $(bone_head_right_fin1) { transformation: [-0.7050179740010701f,-0.017620799581175232f,0.7089704956890285f,-0.5513233926703375f,0.12648308494417695f,0.9805393964527032f,0.1501483307505371f,3.4978901323282843f,-0.697819235589297f,0.19553004737453672f,-0.6890691656251068f,1.7402759515890922f,0f,0f,0f,1f], start_interpolation: 0, interpolation_duration: 1 }
$data merge entity $(bone_right_whisker16) { transformation: [0.2576525577461115f,0.914251254433846f,-0.3126656413055736f,-1.0111044841047552f,0.9613029718603027f,-0.2752070361300179f,-0.01255721135763413f,1.1195324135003486f,-0.0975282306793063f,-0.2973310125612025f,-0.9497802446828919f,1.6465020811360764f,0f,0f,0f,1f], start_interpolation: 0, interpolation_duration: 1 }
$data merge entity $(bone_right_whisker15) { transformation: [-0.8727993009346399f,0.37478203937085647f,-0.3126656413055736f,-0.7554015639090599f,0.39832781827176733f,0.9171571651760524f,-0.01255721135763413f,1.0028348104910418f,0.2820573159463474f,-0.13550334804442385f,-0.9497802446828919f,1.5638681018549199f,0f,0f,0f,1f], start_interpolation: 0, interpolation_duration: 1 }
$data merge entity $(bone_right_whisker14) { transformation: [-0.7085288041327785f,-0.6326350689466629f,-0.3126656413055736f,-0.5478247658232849f,-0.662886070574536f,0.748614970382753f,-0.01255721135763413f,1.1970397139796753f,0.24201031207869134f,0.19836455242225198f,-0.9497802446828919f,1.4929666432381157f,0f,0f,0f,1f], start_interpolation: 0, interpolation_duration: 1 }
$data merge entity $(bone_right_whisker13) { transformation: [-0.09695935390716623f,-0.9916404484443749f,-0.08513580151113687f,-0.5194187051082948f,-0.9790577006361175f,0.07964374347470472f,0.18735766050645802f,1.4838730247129128f,-0.1790109005480466f,0.10151893978157092f,-0.9785954232217741f,1.545411243008051f,0f,0f,0f,1f], start_interpolation: 0, interpolation_duration: 1 }
$data merge entity $(bone_right_whisker12) { transformation: [0.06082682432756483f,-0.9962126904929688f,-0.06213189795092317f,-0.5431791833612498f,-0.9152230541368594f,-0.08050614121631558f,0.39482340660459503f,1.8413820302351236f,-0.39833008751363774f,0.03284869140801517f,-0.916653754071928f,1.7010089334430658f,0f,0f,0f,1f], start_interpolation: 0, interpolation_duration: 1 }
$data merge entity $(bone_right_whisker11) { transformation: [0.2904969079734262f,-0.9559986367601028f,-0.0409652654172281f,-0.6566545380383694f,-0.9506600817121226f,-0.29321705732766173f,0.10133689521199477f,2.2127336246539215f,-0.10888964825445455f,0.009505987846189279f,-0.9940083906577898f,1.743543952292462f,0f,0f,0f,1f], start_interpolation: 0, interpolation_duration: 1 }
$data merge entity $(bone_right_whisker10) { transformation: [0.07280100352534294f,-0.9947785449002923f,0.0715238456164118f,-0.6850924300404565f,-0.9865222231965943f,-0.08236241461864484f,-0.14138718399287512f,2.5980938680900914f,0.14653981378776115f,-0.06026673430876899f,-0.9873672081403173f,1.6863018375316179f,0f,0f,0f,1f], start_interpolation: 0, interpolation_duration: 1 }
$data merge entity $(bone_right_whisker1) { transformation: [-0.3422247375254815f,-0.9387122028797639f,0.04125080835858214f,-0.5514108919445653f,-0.9313948055679692f,0.34469811018875424f,0.11699114920927256f,2.9619199640150793f,-0.12404009507663305f,0.0016164767002844749f,-0.9922758899703537f,1.7347549996709277f,0f,0f,0f,1f], start_interpolation: 0, interpolation_duration: 1 }
$data merge entity $(bone_left_whisker16) { transformation: [0.26061374969294576f,-0.9232142756694133f,0.2824108260516639f,1.076983016773381f,-0.9613029718603027f,-0.2752070361300179f,-0.01255721135763413f,1.1195324135003486f,0.08931444319667464f,-0.26820978443138765f,-0.9592113644925901f,1.6134088494689383f,0f,0f,0f,1f], start_interpolation: 0, interpolation_duration: 1 }
$data merge entity $(bone_left_whisker15) { transformation: [-0.8812991291717743f,-0.3788878069427528f,0.2824108260516639f,0.8187899125238376f,-0.39832781827176733f,0.9171571651760524f,-0.01255721135763413f,1.0028348104910418f,-0.25425733836396064f,-0.12355874763179599f,-0.9592113644925901f,1.5389193948701216f,0f,0f,0f,1f], start_interpolation: 0, interpolation_duration: 1 }
$data merge entity $(bone_left_whisker14) { transformation: [-0.715842075889623f,0.6386033571121058f,0.2824108260516639f,0.6090705543530496f,0.662886070574536f,0.748614970382753f,-0.01255721135763413f,1.1970397139796753f,-0.2194360495093868f,0.17821722252346256f,-0.9592113644925901f,1.4746314897404185f,0f,0f,0f,1f], start_interpolation: 0, interpolation_duration: 1 }
$data merge entity $(bone_left_whisker13) { transformation: [-0.0912379441069973f,0.9943594727119264f,0.05408212813109316f,0.5823406879154527f,0.9790577006361175f,0.07964374347470472f,0.18735766050645802f,1.4838730247129128f,0.18199356137030273f,0.0700436517708419f,-0.9808018303746986f,1.5279499159231245f,0f,0f,0f,1f], start_interpolation: 0, interpolation_duration: 1 }
$data merge entity $(bone_left_whisker12) { transformation: [0.07341904104775013f,0.9967533125379068f,0.03305266035191017f,0.6110200008247301f,0.9152230541368594f,-0.08050614121631558f,0.39482340660459503f,1.8413820302351236f,0.39620248054249674f,0.001263000858508178f,-0.9181622946085316f,1.6827165098850372f,0f,0f,0f,1f], start_interpolation: 0, interpolation_duration: 1 }
$data merge entity $(bone_left_whisker11) { transformation: [0.29380163887638217f,0.955819743643063f,0.00944535100783983f,0.7257862660108169f,0.9506600817121226f,-0.29321705732766173f,0.10133689521199477f,2.2127336246539215f,0.09962934323105838f,-0.02079362773101559f,-0.9948073275831516f,1.7216342220846694f,0f,0f,0f,1f], start_interpolation: 0, interpolation_duration: 1 }
$data merge entity $(bone_left_whisker10) { transformation: [0.06812070983399995f,0.9923691329513843f,-0.10277681089151289f,0.7523959182897231f,0.9865222231965943f,-0.08236241461864484f,-0.14138718399287512f,2.5980938680900914f,-0.1487732235012762f,-0.09176021263872626f,-0.9846047894183407f,1.6635196816544835f,0f,0f,0f,1f], start_interpolation: 0, interpolation_duration: 1 }
$data merge entity $(bone_left_whisker1) { transformation: [-0.3381221296947435f,0.9382919791391926f,-0.0726745298832276f,0.620316961377714f,0.9313948055679692f,0.34469811018875424f,0.11699114920927256f,2.9619199640150793f,0.1348226300429416f,-0.028131383104257668f,-0.9904703345951082f,1.7161847715150076f,0f,0f,0f,1f], start_interpolation: 0, interpolation_duration: 1 }
$data merge entity $(bone_upper_left_tooth1) { transformation: [-0.9998744348350117f,0.006861746806425479f,-0.01428394182746378f,0.31693435143090143f,-4.336808689942018e-19f,0.9013887276189849f,0.4330108101669373f,2.8762635363624245f,0.015846594693051864f,0.43295643909311704f,-0.901275544594683f,2.602091782616599f,0f,0f,0f,1f], start_interpolation: 0, interpolation_duration: 1 }
$data merge entity $(bone_upper_right_tooth1) { transformation: [-0.9998744348350117f,0.006861746806425479f,-0.01428394182746378f,-0.2689295752302383f,-4.336808689942018e-19f,0.9013887276189849f,0.4330108101669373f,2.8762635363624245f,0.015846594693051864f,0.43295643909311704f,-0.901275544594683f,2.611376896694559f,0f,0f,0f,1f], start_interpolation: 0, interpolation_duration: 1 }
$data merge entity $(bone_top_lip1) { transformation: [-0.9998744348350117f,0.0003193328114769042f,-0.015843376847167835f,0.04915079921302808f,-4.336808689942018e-19f,0.9997969377051436f,0.02015151000340276f,2.97309240358712f,0.015846594693051864f,0.020148979675724377f,-0.999671398037706f,2.6528564474309757f,0f,0f,0f,1f], start_interpolation: 0, interpolation_duration: 1 }
$data merge entity $(bone_muzzle1) { transformation: [-0.9998744348350117f,0.006861746806425479f,-0.01428394182746378f,0.04318135693493427f,-4.336808689942018e-19f,0.9013887276189849f,0.4330108101669373f,3.316562827636257f,0.015846594693051864f,0.43295643909311704f,-0.901275544594683f,2.2762018513046343f,0f,0f,0f,1f], start_interpolation: 0, interpolation_duration: 1 }
$data merge entity $(bone_jaw_right_tooth1) { transformation: [-0.9998744348350117f,-0.002335473031287434f,-0.015673548707487675f,-0.2690663655263808f,-4.336808689942018e-19f,0.9890799260714314f,-0.1473801202419502f,2.7674693265323165f,0.015846594693051864f,-0.147361614432836f,-0.9889557320873277f,2.602745823413788f,0f,0f,0f,1f], start_interpolation: 0, interpolation_duration: 1 }
$data merge entity $(bone_jaw_left_tooth1) { transformation: [-0.9998744348350117f,-0.002335473031287434f,-0.015673548707487675f,0.3656195550231872f,-4.336808689942018e-19f,0.9890799260714314f,-0.1473801202419502f,2.7674693265323165f,0.015846594693051864f,-0.147361614432836f,-0.9889557320873277f,2.5926869498293312f,0f,0f,0f,1f], start_interpolation: 0, interpolation_duration: 1 }
$data merge entity $(bone_tongue1) { transformation: [-0.9998744348350117f,0.0037803925761072136f,-0.01538906089845553f,0.03739459040508997f,-4.336808689942018e-19f,0.971127311358765f,0.23856182664688036f,2.924937908212506f,0.015846594693051864f,0.23853187159175762f,-0.9710053715976896f,1.91107356818604f,0f,0f,0f,1f], start_interpolation: 0, interpolation_duration: 1 }
$data merge entity $(bone_jaw_lips1) { transformation: [-0.9998744348350117f,0.0037803925761072136f,-0.01538906089845553f,0.09781473349492228f,-4.336808689942018e-19f,0.971127311358765f,0.23856182664688036f,2.6294996353970546f,0.015846594693051864f,0.23853187159175762f,-0.9710053715976896f,2.6421095824835454f,0f,0f,0f,1f], start_interpolation: 0, interpolation_duration: 1 }
$data merge entity $(bone_jaw3) { transformation: [-0.9998744348350117f,0.000421691222466318f,-0.01584098292022166f,0.08540807986913762f,-4.336808689942018e-19f,0.9996458688482349f,0.026610841675102193f,2.5770727929066113f,0.015846594693051864f,0.02660750028037684f,-0.9995203481497832f,1.8592855106522421f,0f,0f,0f,1f], start_interpolation: 0, interpolation_duration: 1 }
$data merge entity $(bone_jaw1) { transformation: [-0.9998744348350117f,0.011499447166521794f,-0.010903085720576234f,0.07689004414993744f,-4.336808689942018e-19f,0.6880396660461586f,0.7256730792492515f,3.144004886070089f,0.015846594693051864f,0.7255819599893281f,-0.6879532722319731f,1.321822016721013f,0f,0f,0f,1f], start_interpolation: 0, interpolation_duration: 1 }
$data merge entity $(bone_tear_right1) { transformation: [-0.9998744348350117f,0.008080563347545975f,-0.01363154647690995f,-0.4845003417292685f,-4.336808689942018e-19f,0.8602192925958326f,0.5099242773647135f,3.3884440984093764f,0.015846594693051864f,0.5098602486386946f,-0.8601112790184319f,2.259056828672873f,0f,0f,0f,1f], start_interpolation: 0, interpolation_duration: 1 }
$data merge entity $(bone_right_pupil1) { transformation: [-0.9998744348350117f,0.008080563347545975f,-0.01363154647690995f,-0.3218002334174257f,-4.336808689942018e-19f,0.8602192925958326f,0.5099242773647135f,3.4425715130751f,0.015846594693051864f,0.5098602486386946f,-0.8601112790184319f,2.356691612414604f,0f,0f,0f,1f], start_interpolation: 0, interpolation_duration: 1 }
$data merge entity $(bone_right_sad_pupil1) { transformation: [-0.9998744348350117f,0.008080563347545975f,-0.01363154647690995f,-0.32193335398848927f,-4.336808689942018e-19f,0.8602192925958326f,0.5099242773647135f,3.4475512423462393f,0.015846594693051864f,0.5098602486386946f,-0.8601112790184319f,2.3482920882054397f,0f,0f,0f,1f], start_interpolation: 0, interpolation_duration: 1 }
$data merge entity $(bone_right_happy_pupil1) { transformation: [-0.9998744348350117f,0.008080563347545975f,-0.01363154647690995f,-0.34654131532536864f,-4.336808689942018e-19f,0.8602192925958326f,0.5099242773647135f,3.426550063591628f,0.015846594693051864f,0.5098602486386946f,-0.8601112790184319f,2.336231362361424f,0f,0f,0f,1f], start_interpolation: 0, interpolation_duration: 1 }
$data merge entity $(bone_eyelid_right1) { transformation: [-0.9998744348350117f,0.008080563347545975f,-0.01363154647690995f,0.04694572410278646f,-4.336808689942018e-19f,0.8602192925958326f,0.5099242773647135f,3.6545348107569477f,0.015846594693051864f,0.5098602486386946f,-0.8601112790184319f,1.8974624046420743f,0f,0f,0f,1f], start_interpolation: 0, interpolation_duration: 1 }
$data merge entity $(bone_eyelid_expressions_right5) { transformation: [-0.9998744348350117f,0.008080563347545975f,-0.01363154647690995f,-0.4334345099567047f,-4.336808689942018e-19f,0.8602192925958326f,0.5099242773647135f,3.5315570326388013f,0.015846594693051864f,0.5098602486386946f,-0.8601112790184319f,2.3998627700244435f,0f,0f,0f,1f], start_interpolation: 0, interpolation_duration: 1 }
$data merge entity $(bone_eyelid_expressions_right7) { transformation: [-0.9998744348350117f,0.008080563347545975f,-0.01363154647690995f,-0.14050254662613487f,-4.336808689942018e-19f,0.8602192925958326f,0.5099242773647135f,3.5315570326388013f,0.015846594693051864f,0.5098602486386946f,-0.8601112790184319f,2.3952202129854636f,0f,0f,0f,1f], start_interpolation: 0, interpolation_duration: 1 }
$data merge entity $(bone_eyelid_expressions_right6) { transformation: [-0.9998744348350117f,0.008080563347545975f,-0.01363154647690995f,-0.2381465344029915f,-4.336808689942018e-19f,0.8602192925958326f,0.5099242773647135f,3.5315570326388013f,0.015846594693051864f,0.5098602486386946f,-0.8601112790184319f,2.396767731998457f,0f,0f,0f,1f], start_interpolation: 0, interpolation_duration: 1 }
$data merge entity $(bone_right_eye1) { transformation: [-0.9998744348350117f,0.008080563347545975f,-0.01363154647690995f,0.037314445896164374f,-4.336808689942018e-19f,0.8602192925958326f,0.5099242773647135f,3.6495550814858078f,0.015846594693051864f,0.5098602486386946f,-0.8601112790184319f,1.906016680752538f,0f,0f,0f,1f], start_interpolation: 0, interpolation_duration: 1 }
$data merge entity $(bone_tear_left1) { transformation: [-0.9998744348350117f,0.008080563347545975f,-0.01363154647690995f,0.570054726260783f,-4.336808689942018e-19f,0.8602192925958326f,0.5099242773647135f,3.3884440984093764f,0.015846594693051864f,0.5098602486386946f,-0.8601112790184319f,2.242343623332545f,0f,0f,0f,1f], start_interpolation: 0, interpolation_duration: 1 }
$data merge entity $(bone_left_sad_pupil1) { transformation: [-0.9998744348350117f,0.008080563347545975f,-0.01363154647690995f,0.41039655433793537f,-4.336808689942018e-19f,0.8602192925958326f,0.5099242773647135f,3.4475512423462393f,0.015846594693051864f,0.5098602486386946f,-0.8601112790184319f,2.3366856956079896f,0f,0f,0f,1f], start_interpolation: 0, interpolation_duration: 1 }
$data merge entity $(bone_left_pupil1) { transformation: [-0.9998744348350117f,0.008080563347545975f,-0.01363154647690995f,0.41052967490899894f,-4.336808689942018e-19f,0.8602192925958326f,0.5099242773647135f,3.4425715130751f,0.015846594693051864f,0.5098602486386946f,-0.8601112790184319f,2.345085219817154f,0f,0f,0f,1f], start_interpolation: 0, interpolation_duration: 1 }
$data merge entity $(bone_eyelid_left1) { transformation: [-0.9998744348350117f,0.008080563347545975f,-0.01363154647690995f,0.02741692654741514f,-4.336808689942018e-19f,0.8602192925958326f,0.5099242773647135f,3.6545348107569477f,0.015846594693051864f,0.5098602486386946f,-0.8601112790184319f,1.897771908444673f,0f,0f,0f,1f], start_interpolation: 0, interpolation_duration: 1 }
$data merge entity $(bone_left_happy_pupil1) { transformation: [-0.9998744348350117f,0.008080563347545975f,-0.01363154647690995f,0.43461058688948423f,-4.336808689942018e-19f,0.8602192925958326f,0.5099242773647135f,3.426550063591628f,0.015846594693051864f,0.5098602486386946f,-0.8601112790184319f,2.3238512102574775f,0f,0f,0f,1f], start_interpolation: 0, interpolation_duration: 1 }
$data merge entity $(bone_eyelid_expressions_left5) { transformation: [-0.9998744348350117f,0.008080563347545975f,-0.01363154647690995f,0.5234765702564901f,-4.336808689942018e-19f,0.8602192925958326f,0.5099242773647135f,3.5315570326388013f,0.015846594693051864f,0.5098602486386946f,-0.8601112790184319f,2.384697083697109f,0f,0f,0f,1f], start_interpolation: 0, interpolation_duration: 1 }
$data merge entity $(bone_eyelid_expressions_left7) { transformation: [-0.9998744348350117f,0.008080563347545975f,-0.01363154647690995f,0.23054460692592027f,-4.336808689942018e-19f,0.8602192925958326f,0.5099242773647135f,3.5315570326388013f,0.015846594693051864f,0.5098602486386946f,-0.8601112790184319f,2.3893396407360887f,0f,0f,0f,1f], start_interpolation: 0, interpolation_duration: 1 }
$data merge entity $(bone_eyelid_expressions_left6) { transformation: [-0.9998744348350117f,0.008080563347545975f,-0.01363154647690995f,0.3281885947027769f,-4.336808689942018e-19f,0.8602192925958326f,0.5099242773647135f,3.5315570326388013f,0.015846594693051864f,0.5098602486386946f,-0.8601112790184319f,2.3877921217230953f,0f,0f,0f,1f], start_interpolation: 0, interpolation_duration: 1 }
$data merge entity $(bone_left_eye1) { transformation: [-0.9998744348350117f,0.008080563347545975f,-0.01363154647690995f,0.037314445896164374f,-4.336808689942018e-19f,0.8602192925958326f,0.5099242773647135f,3.6495550814858078f,0.015846594693051864f,0.5098602486386946f,-0.8601112790184319f,1.906016680752538f,0f,0f,0f,1f], start_interpolation: 0, interpolation_duration: 1 }
$data merge entity $(bone_crest_middle5) { transformation: [-0.9998744348350117f,0.004938615074647122f,-0.015057378407622213f,0.05270237805073412f,-4.336808689942018e-19f,0.9501964743393297f,0.31165150433313715f,4.474686538955352f,0.015846594693051864f,0.31161237176057666f,-0.9500771627622582f,2.8769508318655284f,0f,0f,0f,1f], start_interpolation: 0, interpolation_duration: 1 }
$data merge entity $(bone_crest_middle4) { transformation: [-0.9998744348350117f,0.004938615074647122f,-0.015057378407622213f,0.04980865828043307f,-4.336808689942018e-19f,0.9501964743393297f,0.31165150433313715f,3.9179307922721502f,0.015846594693051864f,0.31161237176057666f,-0.9500771627622582f,2.6943654577870655f,0f,0f,0f,1f], start_interpolation: 0, interpolation_duration: 1 }
$data merge entity $(bone_crest_middle1) { transformation: [-0.9998744348350117f,0.004938615074647122f,-0.015057378407622213f,0.04874120849072756f,-4.336808689942018e-19f,0.9501964743393297f,0.31165150433313715f,3.4775378469536298f,0.015846594693051864f,0.31161237176057666f,-0.9500771627622582f,2.627012453821833f,0f,0f,0f,1f], start_interpolation: 0, interpolation_duration: 1 }
$data merge entity $(bone_crest_left5) { transformation: [-0.5440472202375229f,-0.8335458545242092f,0.0959892210476265f,-0.9109502685231732f,-0.7255015928985371f,0.5247998167682705f,0.445233187242006f,3.9511620259050844f,-0.42149740313969847f,0.17258754510536306f,-0.890254726705225f,2.681765812041724f,0f,0f,0f,1f], start_interpolation: 0, interpolation_duration: 1 }
$data merge entity $(bone_crest_left4) { transformation: [-0.5440472202375229f,-0.8335458545242092f,0.0959892210476265f,-0.5039454567437741f,-0.7255015928985371f,0.5247998167682705f,0.445233187242006f,3.694912115373702f,-0.42149740313969847f,0.17258754510536306f,-0.890254726705225f,2.597494549783246f,0f,0f,0f,1f], start_interpolation: 0, interpolation_duration: 1 }
$data merge entity $(bone_crest_left1) { transformation: [-0.5440472202375229f,-0.8335458545242092f,0.0959892210476265f,-0.05155319010246903f,-0.7255015928985371f,0.5247998167682705f,0.445233187242006f,3.434777115509983f,-0.42149740313969847f,0.17258754510536306f,-0.890254726705225f,2.4613266922215162f,0f,0f,0f,1f], start_interpolation: 0, interpolation_duration: 1 }
$data merge entity $(bone_crest_center1) { transformation: [-0.9998744348350117f,0.008080563347545975f,-0.01363154647690995f,0.04589352082096143f,-4.336808689942018e-19f,0.8602192925958326f,0.5099242773647135f,3.4137759367553713f,0.015846594693051864f,0.5098602486386946f,-0.8601112790184319f,2.44733157256332f,0f,0f,0f,1f], start_interpolation: 0, interpolation_duration: 1 }
$data merge entity $(bone_crest_right5) { transformation: [-0.5304170642281841f,0.8385963864477208f,-0.12415248129771317f,1.009685791149479f,0.7255015928985371f,0.5247998167682705f,0.445233187242006f,3.9511620259050844f,0.43852614138411367f,0.14608645713006546f,-0.8867657922844937f,2.6513264487275543f,0f,0f,0f,1f], start_interpolation: 0, interpolation_duration: 1 }
$data merge entity $(bone_crest_right4) { transformation: [-0.5304170642281841f,0.8385963864477208f,-0.12415248129771317f,0.6002148993293028f,0.7255015928985371f,0.5247998167682705f,0.445233187242006f,3.694912115373702f,0.43852614138411367f,0.14608645713006546f,-0.8867657922844937f,2.5799951708320146f,0f,0f,0f,1f], start_interpolation: 0, interpolation_duration: 1 }
$data merge entity $(bone_crest_right1) { transformation: [-0.5304170642281841f,0.8385963864477208f,-0.12415248129771317f,0.14373478545124418f,0.7255015928985371f,0.5247998167682705f,0.445233187242006f,3.434777115509983f,0.43852614138411367f,0.14608645713006546f,-0.8867657922844937f,2.4582316541955294f,0f,0f,0f,1f], start_interpolation: 0, interpolation_duration: 1 }
$data merge entity $(bone_head1) { transformation: [-0.9998744348350117f,0.008080563347545975f,-0.01363154647690995f,0.029598255730463423f,-4.336808689942018e-19f,0.8602192925958326f,0.5099242773647135f,3.881437296252215f,0.015846594693051864f,0.5098602486386946f,-0.8601112790184319f,1.4191473292954362f,0f,0f,0f,1f], start_interpolation: 0, interpolation_duration: 1 }
$data merge entity $(bone_neck10) { transformation: [-1.3019198370247547f,0.00973515860189858f,-0.01819262468353701f,0.013715463062873731f,-5.646886315028669e-19f,1.1480463175797506f,0.6143375779130062f,3.9747389252413066f,0.020633586839911282f,0.6142604385136771f,-1.1479021629544697f,0.41698890663627336f,0f,0f,0f,1f], start_interpolation: 0, interpolation_duration: 1 }
$data merge entity $(bone_neck9) { transformation: [-0.9998744348350117f,0.008080563347545975f,-0.013631546476909952f,0.0041225382308773695f,-4.336808689942018e-19f,0.8602192925958327f,0.5099242773647136f,2.857765005082304f,0.015846594693051864f,0.5098602486386947f,-0.8601112790184319f,-0.18829699109749792f,0f,0f,0f,1f], start_interpolation: 0, interpolation_duration: 1 }
$data merge entity $(bone_neck8) { transformation: [-0.9998744348350117f,-0.003251723089653916f,-0.015509379752719678f,0.0068820370791285f,-4.336808689942018e-19f,0.9787200375308368f,-0.2052001172895318f,2.225975622568371f,0.015846594693051864f,-0.20517435130294878f,-0.9785971443878468f,-0.014180570202808829f,0f,0f,0f,1f], start_interpolation: 0, interpolation_duration: 1 }
$data merge entity $(bone_neck7) { transformation: [-0.9998744348350117f,-0.007278834232301003f,-0.014075977251492792f,0.013135407889177457f,-4.336808689942018e-19f,0.8882651146283549f,-0.4593311290716925f,1.511369449856963f,0.015846594693051864f,-0.45927345308268636f,-0.8881535794726831f,0.3803890976421689f,0f,0f,0f,1f], start_interpolation: 0, interpolation_duration: 1 }
$data merge entity $(bone_neck6) { transformation: [-0.9998744348350117f,-0.004483694435244517f,-0.015199047587833154f,0.016567457272361308f,-4.336808689942018e-19f,0.9591365136951074f,-0.28294371895625303f,0.7456538580751917f,0.015846594693051864f,-0.2829081910814999f,-0.959016079560519f,0.5969415181342156f,0f,0f,0f,1f], start_interpolation: 0, interpolation_duration: 1 }
$data merge entity $(bone_neck_spine6) { transformation: [-1.1043332933781786f,0.046701970378524645f,0.0566443343736207f,-0.07846276432753509f,0.04569134287707933f,-0.23117535677601156f,1.0813935144631366f,0.49290536503237503f,0.05746264734552623f,1.0813503400376814f,0.22873819920991875f,-1.690082144666554f,0f,0f,0f,1f], start_interpolation: 0, interpolation_duration: 1 }
$data merge entity $(bone_neck_spine7) { transformation: [-0.9941873620330867f,-0.04645077389110071f,0.09712782700446729f,-0.07073440514615686f,0.071461579112891f,0.39005708804908534f,0.918013458928223f,0.7812009708995042f,-0.08052783297956f,0.9196182869362626f,-0.3844703817565539f,-4.950935023114203f,0f,0f,0f,1f], start_interpolation: 0, interpolation_duration: 1 }
$data merge entity $(bone_tail6) { transformation: [-1.3536705795737956f,-0.6187822213770647f,-0.16394757146123495f,0.9718794971730937f,-0.5607706938705889f,0.9613397505216502f,1.0017766191356714f,-1.1185345021035396f,-0.3087174639962397f,0.9670205417976722f,-1.1007992918098624f,-7.580554182158071f,0f,0f,0f,1f], start_interpolation: 0, interpolation_duration: 1 }
$data merge entity $(bone_tail5) { transformation: [-1.1182496092131355f,-0.5111679220071405f,-0.13543495033754194f,0.6490365990633205f,-0.4632453558061387f,0.7941502286917981f,0.8275545984164243f,-0.6169659366139825f,-0.2550274702577633f,0.7988430562676423f,-0.909355936712495f,-7.076021725567981f,0f,0f,0f,1f], start_interpolation: 0, interpolation_duration: 1 }
$data merge entity $(bone_tail4) { transformation: [-0.9040165261849348f,-0.41323890958050935f,-0.10948846511498125f,0.4876151500084339f,-0.37449729816748895f,0.6420077638266325f,0.6690125595619093f,-0.36618165386920415f,-0.20616957595574967f,0.645801544435315f,-0.7351424835738907f,-6.823755497272936f,0f,0f,0f,1f], start_interpolation: 0, interpolation_duration: 1 }
$data merge entity $(bone_segment18) { transformation: [-0.9040165261849348f,-0.40159987053522744f,-0.14653212743494648f,0.29152146322365485f,-0.37449729816748895f,0.5786565620862972f,0.7245055947470094f,-0.08363450441300435f,-0.20616957595574967f,0.7098409167838634f,-0.6735131615712278f,-6.477153487124565f,0f,0f,0f,1f], start_interpolation: 0, interpolation_duration: 1 }
$data merge entity $(bone_segment17) { transformation: [-0.9300127716001454f,-0.34271506811051045f,0.13275024199836166f,0.07397771881756911f,0.0061658788491979625f,0.3465984110222064f,0.9379933493447054f,0.13637425258351338f,-0.3674754775473221f,0.8731643164759368f,-0.32022780927720473f,-5.922898794049019f,0f,0f,0f,1f], start_interpolation: 0, interpolation_duration: 1 }
$data merge entity $(bone_segment16) { transformation: [-0.975505969450342f,-0.19223759316006142f,0.10692432530895338f,-0.08559450206724749f,0.05192627678669085f,0.2711011796768062f,0.961149214303854f,0.3614094114949248f,-0.2137563223528609f,0.9431589781971388f,-0.2544786366285177f,-5.140003157850223f,0f,0f,0f,1f], start_interpolation: 0, interpolation_duration: 1 }
$data merge entity $(bone_segment15) { transformation: [-0.9941873620330867f,-0.07000653359070719f,0.08179593161218396f,-0.15737854529990622f,0.071461579112891f,0.13916684824265582f,0.9876871119240634f,0.5041097929937418f,-0.08052783297956f,0.9877913107558798f,-0.13335514429821343f,-4.127131208344682f,0f,0f,0f,1f], start_interpolation: 0, interpolation_duration: 1 }
$data merge entity $(bone_segment14) { transformation: [-0.998222724164383f,-0.0005966757101134885f,0.05959057761034917f,-0.1579903709792218f,0.059075719512531516f,-0.14144480311196295f,0.9881818795326569f,0.35907361792776427f,0.007839153392732542f,0.989945964005468f,0.14122866572820902f,-3.1120498975968887f,0f,0f,0f,1f], start_interpolation: 0, interpolation_duration: 1 }
$data merge entity $(bone_segment13) { transformation: [-0.997797610958166f,0.03266825975318473f,0.05772964897585092f,-0.12430691104016457f,0.041283472152466964f,-0.3753670446252336f,0.9259564010990766f,-0.066758767628081f,0.05191919195454605f,0.9263003652239464f,0.37319168116769524f,-2.1261116855475852f,0f,0f,0f,1f], start_interpolation: 0, interpolation_duration: 1 }
$data merge entity $(bone_segment12) { transformation: [-0.9972273538848232f,0.058924120729889694f,0.04544835156617925f,-0.055255207059825076f,0.04038825370389241f,-0.08439214151472257f,0.9956137581478617f,-0.16565580846564654f,0.06250114900242766f,0.9946888530825951f,0.08177830963408267f,-0.9604606858414189f,0f,0f,0f,1f], start_interpolation: 0, interpolation_duration: 1 }
$data merge entity $(bone_segment11) { transformation: [-1.0340496054875992f,0.04710227533926155f,0.008441028543227412f,0.0025793953465733134f,0.028628788960289985f,0.46262526263827836f,0.9255845292168584f,0.36888787426418346f,0.03834407056730369f,0.9248284727130706f,-0.4634333719377591f,0.10820112499068646f,0f,0f,0f,1f], start_interpolation: 0, interpolation_duration: 1 }
$data merge entity $(bone_segment10) { transformation: [-0.9998744348350117f,0.009642772160183043f,-0.012575035126497991f,0.017718890573515184f,-4.336808689942018e-19f,0.7935481010321839f,0.6085075277662675f,1.1012147312368605f,0.015846594693051864f,0.6084311204181468f,-0.7934484590339517f,0.6695936395231877f,0f,0f,0f,1f], start_interpolation: 0, interpolation_duration: 1 }