# This file was generated by Animated Java via MC-Build. It is not recommended to edit this file directly.
$data merge entity $(bone_neck_spine5) { transformation: [-1.3671079622452798f,0.004121724845503063f,-0.014159488200744936f,0.10075655265622928f,0f,1.3127023132598075f,0.3821181714059157f,3.7038791210498605f,0.014747193692668184f,0.38209594122798357f,-1.3126259452454623f,-0.4438889117987032f,0f,0f,0f,1f], start_interpolation: 0, interpolation_duration: 1 }
$data merge entity $(bone_neck_spine2) { transformation: [-1.3020075830907425f,0.0050608546390775175f,-0.01310146056628085f,0.022227595030616394f,0f,1.2146143524830377f,0.46918331352111825f,4.595311313486092f,0.014044946373969696f,0.4691560182252573f,-1.2145436908521732f,1.329793702343795f,0f,0f,0f,1f], start_interpolation: 0, interpolation_duration: 1 }
$data merge entity $(bone_scale_neck_left1) { transformation: [-1.3814916594940863f,0.3718102197999737f,0.06853738836101121f,0.7024384889542921f,0.32540818803827476f,1.037158097335625f,0.9326692933143941f,3.874438099717327f,0.19248304940617447f,0.9151610022210406f,-1.0848456268556639f,1.0125061501083523f,0f,0f,0f,1f], start_interpolation: 0, interpolation_duration: 1 }
$data merge entity $(bone_scale_neck_right1) { transformation: [-1.3853223916753417f,-0.35198204613642337f,-0.09192349385932742f,-0.6646694732909875f,-0.32540818803827476f,1.037158097335625f,0.9326692933143941f,3.874438099717327f,-0.16263702125695734f,0.9229686553353483f,-1.0831147118324542f,1.0272533438010205f,0f,0f,0f,1f], start_interpolation: 0, interpolation_duration: 1 }
$data merge entity $(bone_blush_right1) { transformation: [-0.9999418238136902f,0.005592521649288003f,-0.009223485770200816f,-0.5465821559952975f,0f,0.8550938378001925f,0.5184732669638219f,3.1225098405314973f,0.010786518815208727f,0.5184431041664463f,-0.8550440917017723f,2.0153916494506543f,0f,0f,0f,1f], start_interpolation: 0, interpolation_duration: 1 }
$data merge entity $(bone_blush_left1) { transformation: [-0.9999418238136902f,0.005592521649288003f,-0.009223485770200816f,0.6056945550400097f,0f,0.8550938378001925f,0.5184732669638219f,3.1225098405314973f,0.010786518815208727f,0.5184431041664463f,-0.8550440917017723f,2.002961871909691f,0f,0f,0f,1f], start_interpolation: 0, interpolation_duration: 1 }
$data merge entity $(bone_left_head_scales) { transformation: [-0.8827002985071487f,0.005592521649288003f,-0.4699030822595154f,0.615856993800365f,-0.23940431201998227f,0.8550938378001925f,0.45989140451021426f,3.84250655733566f,0.40438318263947337f,0.5184431041664463f,-0.7534527120799487f,2.0396949973241614f,0f,0f,0f,1f], start_interpolation: 0, interpolation_duration: 1 }
$data merge entity $(bone_left_head_scales2) { transformation: [-0.8138140150482408f,0.005592521649288003f,-0.5810985050855524f,0.6128389328102279f,-0.2973840488083935f,0.8550938378001925f,0.4247084365426069f,3.098516264088856f,0.49926894197955946f,0.5184431041664463f,-0.69422422265207f,1.7599119215645018f,0f,0f,0f,1f], start_interpolation: 0, interpolation_duration: 1 }
$data merge entity $(bone_left_head_scales1) { transformation: [-0.9999418238136902f,0.005592521649288003f,-0.009223485770200816f,0.6153108491080517f,0f,0.8550938378001925f,0.5184732669638219f,3.759001299737985f,0.010786518815208727f,0.5184431041664463f,-0.8550440917017723f,1.9890657879329068f,0f,0f,0f,1f], start_interpolation: 0, interpolation_duration: 1 }
$data merge entity $(bone_right_head_scales) { transformation: [-0.8912181620343153f,0.005592521649288003f,0.45354041866384875f,-0.5559498309813032f,0.23940431201998227f,0.8550938378001925f,0.45989140451021426f,3.84250655733566f,-0.38524766455673165f,0.5184431041664463f,-0.7634140322890611f,2.0523354490607337f,0f,0f,0f,1f], start_interpolation: 0, interpolation_duration: 1 }
$data merge entity $(bone_right_head_scales2) { transformation: [-0.8243947632458536f,0.005592521649288003f,0.5659876306372915f,-0.5589678919714403f,0.2973840488083935f,0.8550938378001925f,0.4247084365426069f,3.098516264088856f,-0.4815973441030797f,0.5184431041664463f,-0.7065980086973919f,1.7725523733010744f,0f,0f,0f,1f], start_interpolation: 0, interpolation_duration: 1 }
$data merge entity $(bone_right_head_scales1) { transformation: [-0.9999418238136902f,0.005592521649288003f,-0.009223485770200816f,-0.5564959756736165f,0f,0.8550938378001925f,0.5184732669638219f,3.759001299737985f,0.010786518815208727f,0.5184431041664463f,-0.8550440917017723f,2.0017062396694794f,0f,0f,0f,1f], start_interpolation: 0, interpolation_duration: 1 }
$data merge entity $(bone_head_left_fin1) { transformation: [-0.6861983980850679f,0.022926997752567752f,-0.7270530319306431f,0.6125872628676945f,-0.13354287027524075f,0.9785447482029141f,0.15689639117311216f,3.483830805173334f,0.7150510892685482f,0.204754801014652f,-0.6684141015847237f,1.7365813822452627f,0f,0f,0f,1f], start_interpolation: 0, interpolation_duration: 1 }
$data merge entity $(bone_head_right_fin1) { transformation: [-0.701463647747339f,-0.01850473663415309f,0.7124649644797264f,-0.5592195619139737f,0.13354287027524075f,0.9785447482029141f,0.15689639117311216f,3.483830805173334f,-0.7000821756677194f,0.20520173119785473f,-0.6839423929146052f,1.7492218339818355f,0f,0f,0f,1f], start_interpolation: 0, interpolation_duration: 1 }
$data merge entity $(bone_right_whisker16) { transformation: [0.25824620630452017f,0.9157147564943634f,-0.30785610545804004f,-1.0187758792940271f,0.9621865199084345f,-0.2723744683910626f,-0.0030413607451724167f,1.106598444425003f,-0.0866371619792537f,-0.2954295748687912f,-0.9514280679363132f,1.6294223193927166f,0f,0f,0f,1f], start_interpolation: 0, interpolation_duration: 1 }
$data merge entity $(bone_right_whisker15) { transformation: [-0.8741727958463039f,0.3755616345348182f,-0.30785610545804004f,-0.7626705680109302f,0.39563480970485293f,0.9184028786293208f,-0.0030413607451724167f,0.9906898087692845f,0.28159371504360864f,-0.12445726652515342f,-0.9514280679363132f,1.5469241606885344f,0f,0f,0f,1f], start_interpolation: 0, interpolation_duration: 1 }
$data merge entity $(bone_right_whisker14) { transformation: [-0.7098158213326904f,-0.6335504069275043f,-0.30785610545804004f,-0.5547167141048687f,-0.6651531849770514f,0.7467007370022494f,-0.0030413607451724167f,1.18555890593053f,0.231803236173878f,0.20261266308474268f,-0.9514280679363132f,1.4790130563407187f,0f,0f,0f,1f], start_interpolation: 0, interpolation_duration: 1 }
$data merge entity $(bone_right_whisker13) { transformation: [-0.09615739357116508f,-0.9921329714950351f,-0.08016185211203758f,-0.5265456027070664f,-0.9772096633371843f,0.07878464596538241f,0.1971148229853267f,1.4718507994863457f,-0.18924859191557375f,0.09728898412739993f,-0.9770976532698413f,1.5344569797534844f,0f,0f,0f,1f], start_interpolation: 0, interpolation_duration: 1 }
$data merge entity $(bone_right_whisker12) { transformation: [0.06274361027867639f,-0.9963748304261524f,-0.0574494269984837f,-0.5510548254721743f,-0.9112172993749136f,-0.08067216904685373f,0.4039492968940106f,1.8277950570546713f,-0.4071194820799997f,0.027003674463531396f,-0.9129756452810668f,1.6934880274409843f,0f,0f,0f,1f], start_interpolation: 0, interpolation_duration: 1 }
$data merge entity $(bone_right_whisker11) { transformation: [0.2909420702875583f,-0.956066023263062f,-0.035923124846592824f,-0.6647040716782517f,-0.9495735076376948f,-0.29314622856042116f,0.11124496515998802f,2.1987222084756457f,-0.11688826001543148f,0.0017458071931717306f,-0.9931435378774858f,1.7391475040095121f,0f,0f,0f,1f], start_interpolation: 0, interpolation_duration: 1 }
$data merge entity $(bone_right_whisker10) { transformation: [0.07195235963051828f,-0.994469641504513f,0.07650483690255191f,-0.692810462158923f,-0.9879451808737783f,-0.0816005560204745f,-0.1315510123314434f,2.5846382947544653f,0.13706632530231017f,-0.0661171791823798f,-0.9883528424024927f,1.6856059706882973f,0f,0f,0f,1f], start_interpolation: 0, interpolation_duration: 1 }
$data merge entity $(bone_right_whisker1) { transformation: [-0.34169271978274796f,-0.938671295812119f,0.04628481031467873f,-0.559336743493787f,-0.9300582539504909f,0.3448131479408475f,0.12686818854893422f,2.947942300203876f,-0.1350471380890137f,0.00030236653349599574f,-0.9908391287532232f,1.7383587590043184f,0f,0f,0f,1f], start_interpolation: 0, interpolation_duration: 1 }
$data merge entity $(bone_left_whisker16) { transformation: [0.2600550309576477f,-0.9218746140843761f,0.28726046853056414f,1.0694523533391902f,-0.9621865199084345f,-0.2723744683910626f,-0.0030413607451724167f,1.106598444425003f,0.08104617066902711f,-0.2756072293599507f,-0.9578476775272876f,1.6068962957928228f,0f,0f,0f,1f], start_interpolation: 0, interpolation_duration: 1 }
$data merge entity $(bone_left_whisker15) { transformation: [-0.8800438560063499f,-0.37815900719812995f,0.28726046853056414f,0.8116270048998299f,-0.39563480970485293f,0.9184028786293208f,-0.0030413607451724167f,0.9906898087692845f,-0.2626707232549517f,-0.11632677164050446f,-0.9578476775272876f,1.5299419823392237f,0f,0f,0f,1f], start_interpolation: 0, interpolation_duration: 1 }
$data merge entity $(bone_left_whisker14) { transformation: [-0.7146510576426996f,0.6377736973486531f,0.28726046853056414f,0.6022565778560702f,0.6651531849770514f,0.7467007370022494f,-0.0030413607451724167f,1.18555890593053f,-0.2164373034508033f,0.18889870388789434f,-0.9578476775272876f,1.4665326160938712f,0f,0f,0f,1f], start_interpolation: 0, interpolation_duration: 1 }
$data merge entity $(bone_left_whisker13) { transformation: [-0.09205258845937216f,0.9940008009746711f,0.05906546046245427f,0.5752880460808636f,0.9772096633371843f,0.07878464596538241f,0.1971148229853267f,1.4718507994863457f,0.1912788405400786f,0.07586426841288092f,-0.9785995186693185f,1.5225713389083473f,0f,0f,0f,1f], start_interpolation: 0, interpolation_duration: 1 }
$data merge entity $(bone_left_whisker12) { transformation: [0.07151130292449018f,0.9967254934142233f,0.037741546500044826f,0.6032221487857425f,0.9112172993749136f,-0.08067216904685373f,0.4039492968940106f,1.8277950570546713f,0.40567125468035264f,0.005503809539681104f,-0.9140024842453218f,1.68103667276786f,0f,0f,0f,1f], start_interpolation: 0, interpolation_duration: 1 }
$data merge entity $(bone_left_whisker11) { transformation: [0.29339585678935054f,0.9558812088074589f,0.014490889125044079f,0.7178299053440826f,0.9495735076376948f,-0.29314622856042116f,0.11124496515998802f,2.1987222084756457f,0.11058492126636696f,-0.01887864745135917f,-0.9936873612253097f,1.7242339076375346f,0f,0f,0f,1f], start_interpolation: 0, interpolation_duration: 1 }
$data merge entity $(bone_left_whisker10) { transformation: [0.06897885149174983f,0.9928119650164329f,-0.09780756702366436f,0.7447747692080474f,0.9879451808737783f,-0.0816005560204745f,-0.1315510123314434f,2.5846382947544653f,-0.13858657090482204f,-0.08755427675081834f,-0.9864725089871913f,1.6700985283778385f,0f,0f,0f,1f], start_interpolation: 0, interpolation_duration: 1 }
$data merge entity $(bone_left_whisker1) { transformation: [-0.3387000010756257f,0.9384593914862953f,-0.06764820620344476f,0.6124700812878812f,0.9300582539504909f,0.3448131479408475f,0.12686818854893422f,2.947942300203876f,0.14238663395816276f,-0.019946516946471954f,-0.9896101166276386f,1.7257183072677458f,0f,0f,0f,1f], start_interpolation: 0, interpolation_duration: 1 }
$data merge entity $(bone_upper_left_tooth1) { transformation: [-0.9999418238136902f,0.004767360662959705f,-0.009675808000374767f,0.3045985346351643f,0f,0.8970278702645116f,0.44197398109924424f,2.853508790216155f,0.010786518815208727f,0.44194826873857573f,-0.896975684604006f,2.6091812022941143f,0f,0f,0f,1f], start_interpolation: 0, interpolation_duration: 1 }
$data merge entity $(bone_upper_right_tooth1) { transformation: [-0.9999418238136902f,0.004767360662959705f,-0.009675808000374767f,-0.2813048777556698f,0f,0.8970278702645116f,0.44197398109924424f,2.853508790216155f,0.010786518815208727f,0.44194826873857573f,-0.896975684604006f,2.6155014281624007f,0f,0f,0f,1f], start_interpolation: 0, interpolation_duration: 1 }
$data merge entity $(bone_top_lip1) { transformation: [-0.9999418238136902f,0.000313284971360908f,-0.010781968311842294f,0.03657190192573494f,0f,0.9995781304937772f,0.0290441222722555f,2.9498692059672256f,0.010786518815208727f,0.029042432595987044f,-0.9995199788502265f,2.65955288079386f,0f,0f,0f,1f], start_interpolation: 0, interpolation_duration: 1 }
$data merge entity $(bone_muzzle1) { transformation: [-0.9999418238136902f,0.004767360662959705f,-0.009675808000374767f,0.03254573014766519f,0f,0.8970278702645116f,0.44197398109924424f,3.2970773808591187f,0.010786518815208727f,0.44194826873857573f,-0.896975684604006f,2.286314988224313f,0f,0f,0f,1f], start_interpolation: 0, interpolation_duration: 1 }
$data merge entity $(bone_jaw_right_tooth1) { transformation: [-0.9999418238136902f,-0.0015529083275437785f,-0.010674149328030649f,-0.2813826058764309f,0f,0.9895824140203936f,-0.14396751668890773f,2.7531021031051397f,0.010786518815208727f,-0.14395914120783415f,-0.9895248438895066f,2.608295804163882f,0f,0f,0f,1f], start_interpolation: 0, interpolation_duration: 1 }
$data merge entity $(bone_jaw_left_tooth1) { transformation: [-0.9999418238136902f,-0.0015529083275437785f,-0.010674149328030649f,0.3533460908803061f,0f,0.9895824140203936f,-0.14396751668890773f,2.7531021031051397f,0.010786518815208727f,-0.14395914120783415f,-0.9895248438895066f,2.601448892806572f,0f,0f,0f,1f], start_interpolation: 0, interpolation_duration: 1 }
$data merge entity $(bone_tongue1) { transformation: [-0.9999418238136902f,0.002495513711860212f,-0.010493874378167942f,0.028546091851938772f,0f,0.9728694269157383f,0.23135487497056026f,2.9049809035678087f,0.010786518815208727f,0.2313414156262504f,-0.9728128290827028f,1.9155368270269584f,0f,0f,0f,1f], start_interpolation: 0, interpolation_duration: 1 }
$data merge entity $(bone_jaw_lips1) { transformation: [-0.9999418238136902f,0.002495513711860212f,-0.010493874378167942f,0.08528945846807093f,0f,0.9728694269157383f,0.23135487497056026f,2.6149774145506783f,0.010786518815208727f,0.2313414156262504f,-0.9728128290827028f,2.6490395111652747f,0f,0f,0f,1f], start_interpolation: 0, interpolation_duration: 1 }
$data merge entity $(bone_jaw3) { transformation: [-0.9999418238136902f,0.00032423041827487654f,-0.01078164471621641f,0.07684255108711636f,0f,0.9995481304880827f,0.030058856228732334f,2.565251492032102f,0.010786518815208727f,0.030057107519112225f,-0.9994899805898176f,1.8659865061320113f,0f,0f,0f,1f], start_interpolation: 0, interpolation_duration: 1 }
$data merge entity $(bone_jaw1) { transformation: [-0.9999418238136902f,0.00785303961860985f,-0.007394508563751618f,0.07106559127168541f,0f,0.6855324401164111f,0.7280420822645075f,3.134034368801249f,0.010786518815208727f,0.7279997275526883f,-0.6854925584534534f,1.3304454448402507f,0f,0f,0f,1f], start_interpolation: 0, interpolation_duration: 1 }
$data merge entity $(bone_tear_right1) { transformation: [-0.9999418238136902f,0.005592521649288003f,-0.009223485770200816f,-0.4950347072772766f,0f,0.8550938378001925f,0.5184732669638219f,3.369209302644118f,0.010786518815208727f,0.5184431041664463f,-0.8550440917017723f,2.267217556453247f,0f,0f,0f,1f], start_interpolation: 0, interpolation_duration: 1 }
$data merge entity $(bone_right_pupil1) { transformation: [-0.9999418238136902f,0.005592521649288003f,-0.009223485770200816f,-0.3328249980399562f,0f,0.8550938378001925f,0.5184732669638219f,3.4223352672556313f,0.010786518815208727f,0.5184431041664463f,-0.8550440917017723f,2.3662089468496608f,0f,0f,0f,1f], start_interpolation: 0, interpolation_duration: 1 }
$data merge entity $(bone_right_sad_pupil1) { transformation: [-0.9999418238136902f,0.005592521649288003f,-0.009223485770200816f,-0.3329150711431808f,0f,0.8550938378001925f,0.5184732669638219f,3.427398482753325f,0.010786518815208727f,0.5184431041664463f,-0.8550440917017723f,2.357858906891636f,0f,0f,0f,1f], start_interpolation: 0, interpolation_duration: 1 }
$data merge entity $(bone_right_happy_pupil1) { transformation: [-0.9999418238136902f,0.005592521649288003f,-0.009223485770200816f,-0.35746393526972764f,0f,0.8550938378001925f,0.5184732669638219f,3.4065224355707304f,0.010786518815208727f,0.5184431041664463f,-0.8550440917017723f,2.3454651059310168f,0f,0f,0f,1f], start_interpolation: 0, interpolation_duration: 1 }
$data merge entity $(bone_eyelid_right1) { transformation: [-0.9999418238136902f,0.005592521649288003f,-0.009223485770200816f,0.038263203448703556f,0f,0.8550938378001925f,0.5184732669638219f,3.6388066288391663f,0.010786518815208727f,0.5184431041664463f,-0.8550440917017723f,1.9109868226584814f,0f,0f,0f,1f], start_interpolation: 0, interpolation_duration: 1 }
$data merge entity $(bone_eyelid_expressions_right5) { transformation: [-0.9999418238136902f,0.005592521649288003f,-0.009223485770200816f,-0.4446667680106241f,0f,0.8550938378001925f,0.5184732669638219f,3.510903740351f,0.010786518815208727f,0.5184431041664463f,-0.8550440917017723f,2.409699489536858f,0f,0f,0f,1f], start_interpolation: 0, interpolation_duration: 1 }
$data merge entity $(bone_eyelid_expressions_right7) { transformation: [-0.9999418238136902f,0.005592521649288003f,-0.009223485770200816f,-0.15171506181520703f,0f,0.8550938378001925f,0.5184732669638219f,3.510903740351f,0.010786518815208727f,0.5184431041664463f,-0.8550440917017723f,2.4065393766027148f,0f,0f,0f,1f], start_interpolation: 0, interpolation_duration: 1 }
$data merge entity $(bone_eyelid_expressions_right6) { transformation: [-0.9999418238136902f,0.005592521649288003f,-0.009223485770200816f,-0.24936563054701272f,0f,0.8550938378001925f,0.5184732669638219f,3.510903740351f,0.010786518815208727f,0.5184431041664463f,-0.8550440917017723f,2.4075927475807624f,0f,0f,0f,1f], start_interpolation: 0, interpolation_duration: 1 }
$data merge entity $(bone_right_eye1) { transformation: [-0.9999418238136902f,0.005592521649288003f,-0.009223485770200816f,0.0285882196787476f,0f,0.8550938378001925f,0.5184732669638219f,3.6337434133414726f,0.010786518815208727f,0.5184431041664463f,-0.8550440917017723f,1.9194421997143114f,0f,0f,0f,1f], start_interpolation: 0, interpolation_duration: 1 }
$data merge entity $(bone_tear_left1) { transformation: [-0.9999418238136902f,0.005592521649288003f,-0.009223485770200816f,0.5595914350262249f,0f,0.8550938378001925f,0.5184732669638219f,3.369209302644118f,0.010786518815208727f,0.5184431041664463f,-0.8550440917017723f,2.2558411498903315f,0f,0f,0f,1f], start_interpolation: 0, interpolation_duration: 1 }
$data merge entity $(bone_left_sad_pupil1) { transformation: [-0.9999418238136902f,0.005592521649288003f,-0.009223485770200816f,0.39946419434536184f,0f,0.8550938378001925f,0.5184732669638219f,3.427398482753325f,0.010786518815208727f,0.5184431041664463f,-0.8550440917017723f,2.349958624556278f,0f,0f,0f,1f], start_interpolation: 0, interpolation_duration: 1 }
$data merge entity $(bone_left_pupil1) { transformation: [-0.9999418238136902f,0.005592521649288003f,-0.009223485770200816f,0.39955426744858646f,0f,0.8550938378001925f,0.5184732669638219f,3.4223352672556313f,0.010786518815208727f,0.5184431041664463f,-0.8550440917017723f,2.3583086645143028f,0f,0f,0f,1f], start_interpolation: 0, interpolation_duration: 1 }
$data merge entity $(bone_eyelid_left1) { transformation: [-0.9999418238136902f,0.005592521649288003f,-0.009223485770200816f,0.018733089702342415f,0f,0.8550938378001925f,0.5184732669638219f,3.6388066288391663f,0.010786518815208727f,0.5184431041664463f,-0.8550440917017723f,1.911197496854091f,0f,0f,0f,1f], start_interpolation: 0, interpolation_duration: 1 }
$data merge entity $(bone_left_happy_pupil1) { transformation: [-0.9999418238136902f,0.005592521649288003f,-0.009223485770200816f,0.4237406145847179f,0f,0.8550938378001925f,0.5184732669638219f,3.4065224355707304f,0.010786518815208727f,0.5184431041664463f,-0.8550440917017723f,2.337038138106635f,0f,0f,0f,1f], start_interpolation: 0, interpolation_duration: 1 }
$data merge entity $(bone_eyelid_expressions_left5) { transformation: [-0.9999418238136902f,0.005592521649288003f,-0.009223485770200816f,0.5123088055610716f,0f,0.8550938378001925f,0.5184732669638219f,3.510903740351f,0.010786518815208727f,0.5184431041664463f,-0.8550440917017723f,2.39937645395199f,0f,0f,0f,1f], start_interpolation: 0, interpolation_duration: 1 }
$data merge entity $(bone_eyelid_expressions_left7) { transformation: [-0.9999418238136902f,0.005592521649288003f,-0.009223485770200816f,0.2193570993656546f,0f,0.8550938378001925f,0.5184732669638219f,3.510903740351f,0.010786518815208727f,0.5184431041664463f,-0.8550440917017723f,2.402536566886133f,0f,0f,0f,1f], start_interpolation: 0, interpolation_duration: 1 }
$data merge entity $(bone_eyelid_expressions_left6) { transformation: [-0.9999418238136902f,0.005592521649288003f,-0.009223485770200816f,0.3170076680974603f,0f,0.8550938378001925f,0.5184732669638219f,3.510903740351f,0.010786518815208727f,0.5184431041664463f,-0.8550440917017723f,2.4014831959080856f,0f,0f,0f,1f], start_interpolation: 0, interpolation_duration: 1 }
$data merge entity $(bone_left_eye1) { transformation: [-0.9999418238136902f,0.005592521649288003f,-0.009223485770200816f,0.0285882196787476f,0f,0.8550938378001925f,0.5184732669638219f,3.6337434133414726f,0.010786518815208727f,0.5184431041664463f,-0.8550440917017723f,1.9194421997143114f,0f,0f,0f,1f], start_interpolation: 0, interpolation_duration: 1 }
$data merge entity $(bone_crest_middle5) { transformation: [-0.9999418238136902f,0.003463628856665812f,-0.010215295555886959f,0.03915072862359211f,0f,0.9470428532960645f,0.3211072002008821f,4.449154781901134f,0.010786518815208727f,0.32108851940857785f,-0.9469877579545878f,2.898617653750901f,0f,0f,0f,1f], start_interpolation: 0, interpolation_duration: 1 }
$data merge entity $(bone_crest_middle4) { transformation: [-0.9999418238136902f,0.003463628856665812f,-0.010215295555886959f,0.037121258590389485f,0f,0.9470428532960645f,0.3211072002008821f,3.8942468600479714f,0.010786518815208727f,0.32108851940857785f,-0.9469877579545878f,2.710479849409938f,0f,0f,0f,1f], start_interpolation: 0, interpolation_duration: 1 }
$data merge entity $(bone_crest_middle1) { transformation: [-0.9999418238136902f,0.003463628856665812f,-0.010215295555886959f,0.03634734985023957f,0f,0.9470428532960645f,0.3211072002008821f,3.4545472245473863f,0.010786518815208727f,0.32108851940857785f,-0.9469877579545878f,2.638736247016204f,0f,0f,0f,1f], start_interpolation: 0, interpolation_duration: 1 }
$data merge entity $(bone_crest_left5) { transformation: [-0.5419850352242374f,-0.834352223316318f,0.10054147920186643f,-0.9235580178178803f,-0.7211788281679936f,0.523185339011466f,0.4540684957643478f,3.9277537695675937f,-0.4314548868598224f,0.17358994351797774f,-0.885275783083556f,2.693351034838612f,0f,0f,0f,1f], start_interpolation: 0, interpolation_duration: 1 }
$data merge entity $(bone_crest_left4) { transformation: [-0.5419850352242374f,-0.834352223316318f,0.10054147920186643f,-0.5161594712767094f,-0.7211788281679936f,0.523185339011466f,0.4540684957643478f,3.6722921782534015f,-0.4314548868598224f,0.17358994351797774f,-0.885275783083556f,2.608590320230224f,0f,0f,0f,1f], start_interpolation: 0, interpolation_duration: 1 }
$data merge entity $(bone_crest_left1) { transformation: [-0.5419850352242374f,-0.834352223316318f,0.10054147920186643f,-0.06311181816726777f,-0.7211788281679936f,0.523185339011466f,0.4540684957643478f,3.4134557410775335f,-0.4314548868598224f,0.17358994351797774f,-0.885275783083556f,2.472127177565121f,0f,0f,0f,1f], start_interpolation: 0, interpolation_duration: 1 }
$data merge entity $(bone_crest_center1) { transformation: [-0.9999418238136902f,0.005592521649288003f,-0.009223485770200816f,0.03440221613912262f,0f,0.8550938378001925f,0.5184732669638219f,3.3925796938949393f,0.010786518815208727f,0.5184431041664463f,-0.8550440917017723f,2.4584166662527296f,0f,0f,0f,1f], start_interpolation: 0, interpolation_duration: 1 }
$data merge entity $(bone_crest_right5) { transformation: [-0.5325516653851715f,0.8379027157643929f,-0.11961506013096765f,0.9972074878111492f,0.7211788281679936f,0.523185339011466f,0.4540684957643478f,3.9277537695675937f,0.443046071529497f,0.15555108472174783f,-0.882900922269406f,2.6726314561864717f,0f,0f,0f,1f], start_interpolation: 0, interpolation_duration: 1 }
$data merge entity $(bone_crest_right4) { transformation: [-0.5325516653851715f,0.8379027157643929f,-0.11961506013096765f,0.5880753023793167f,0.7211788281679936f,0.523185339011466f,0.4540684957643478f,3.6722921782534015f,0.443046071529497f,0.15555108472174783f,-0.882900922269406f,2.596678778099681f,0f,0f,0f,1f], start_interpolation: 0, interpolation_duration: 1 }
$data merge entity $(bone_crest_right1) { transformation: [-0.5325516653851715f,0.8379027157643929f,-0.11961506013096765f,0.13218931929634362f,0.7211788281679936f,0.523185339011466f,0.4540684957643478f,3.4134557410775335f,0.443046071529497f,0.15555108472174783f,-0.882900922269406f,2.470020435609025f,0f,0f,0f,1f], start_interpolation: 0, interpolation_duration: 1 }
$data merge entity $(bone_head1) { transformation: [-0.9999418238136902f,0.005592521649288003f,-0.009223485770200816f,0.023361126655237006f,0f,0.8550938378001925f,0.5184732669638219f,3.8704676369157816f,0.010786518815208727f,0.5184431041664463f,-0.8550440917017723f,1.4348753973273025f,0f,0f,0f,1f], start_interpolation: 0, interpolation_duration: 1 }
$data merge entity $(bone_neck10) { transformation: [-1.3020075830907425f,0.0067276420863110154f,-0.01232880166951279f,0.012558562839815839f,0f,1.1429824469530876f,0.6237083716782845f,3.971965117650633f,0.014044946373969696f,0.6236720867038508f,-1.1429159525933048f,0.4334461550934175f,0f,0f,0f,1f], start_interpolation: 0, interpolation_duration: 1 }
$data merge entity $(bone_neck9) { transformation: [-0.9999418238136902f,0.005592521649288002f,-0.009223485770200815f,0.005909047355866263f,0f,0.8550938378001923f,0.5184732669638219f,2.8610806913923894f,0.010786518815208727f,0.5184431041664463f,-0.8550440917017722f,-0.18298336720276592f,0f,0f,0f,1f], start_interpolation: 0, interpolation_duration: 1 }
$data merge entity $(bone_neck8) { transformation: [-0.9999418238136902f,-0.002108057198790033f,-0.010578519886897288f,0.007719372670455212f,0f,0.980716769527332f,-0.1954344339359723f,2.227586954037622f,0.010786518815208727f,-0.19542306430593243f,-0.980659715165831f,-0.01516091885049492f,0f,0f,0f,1f], start_interpolation: 0, interpolation_duration: 1 }
$data merge entity $(bone_neck7) { transformation: [-0.9999418238136902f,-0.004865719196763541f,-0.009626721396669723f,0.01190443739349835f,0f,0.8924771338734682f,-0.45109263517929393f,1.5093600867638537f,0.010786518815208727f,-0.4510663923301069f,-0.8924252129574507f,0.3728068141717289f,0f,0f,0f,1f], start_interpolation: 0, interpolation_duration: 1 }
$data merge entity $(bone_neck6) { transformation: [-0.9999418238136902f,-0.0030085787965688443f,-0.010358447845873834f,0.014205931318159486f,0f,0.9603142611005022f,-0.27892027521676604f,0.7427432639821556f,0.010786518815208727f,-0.27890404869886953f,-0.9602583936791326f,0.586162028393107f,0f,0f,0f,1f], start_interpolation: 0, interpolation_duration: 1 }
$data merge entity $(bone_neck_spine6) { transformation: [-1.1033659768741708f,0.060979529703815934f,0.06169842421788038f,-0.06582794492826569f,0.046769255189437677f,-0.24481032769098088f,1.0783423471895281f,0.4993364980867502f,0.07306049112135338f,1.0776321626279988f,0.24148035991394973f,-1.6970547964054834f,0f,0f,0f,1f], start_interpolation: 0, interpolation_duration: 1 }
$data merge entity $(bone_neck_spine7) { transformation: [-0.9970655636226724f,-0.010369296131229364f,0.07584681625187199f,-0.14206335142813586f,0.06639164536213098f,0.3761174392010452f,0.9241903599123704f,0.8341482866742485f,-0.03811051382376514f,0.9265139770271094f,-0.3743253118739069f,-4.954114051591879f,0f,0f,0f,1f], start_interpolation: 0, interpolation_duration: 1 }
$data merge entity $(bone_tail6) { transformation: [-1.360349216404345f,-0.5905106871608332f,-0.20722311517046538f,0.8005151048481169f,-0.5805775060399361f,1.005734171509362f,0.9453162525963736f,-1.114500967265172f,-0.2336108957059996f,0.9391433257449285f,-1.142641695721027f,-7.574732678388305f,0f,0f,0f,1f], start_interpolation: 0, interpolation_duration: 1 }
$data merge entity $(bone_tail5) { transformation: [-1.123766743986198f,-0.4878131763502536f,-0.1711843125321236f,0.49242257241637755f,-0.47960750498951243f,0.8308238808120818f,0.780913426057874f,-0.5897700951733305f,-0.19298291384408667f,0.7758140517023323f,-0.9439214008130224f,-7.0847448562605155f,0f,0f,0f,1f], start_interpolation: 0, interpolation_duration: 1 }
$data merge entity $(bone_tail4) { transformation: [-0.9084766940856843f,-0.39435844151262606f,-0.13838900213123254f,0.338376306200508f,-0.38772480403362686f,0.6716555162775566f,0.6313068539078391f,-0.3274046591274099f,-0.15601145034974584f,0.6271844123235697f,-0.7630859324467381f,-6.839750945196621f,0f,0f,0f,1f], start_interpolation: 0, interpolation_duration: 1 }
$data merge entity $(bone_segment18) { transformation: [-0.9084766940856843f,-0.37979170422761876f,-0.17443726007658616f,0.15293113812061604f,-0.38772480403362686f,0.6100827946039677f,0.6909909261815946f,-0.029512669574691286f,-0.15601145034974584f,0.695382804740018f,-0.7015006644556192f,-6.500208560069659f,0f,0f,0f,1f], start_interpolation: 0, interpolation_duration: 1 }
$data merge entity $(bone_segment17) { transformation: [-0.9449197197069354f,-0.3043704915407006f,0.1203550048325317f,-0.040272787173773986f,0.0036188372572450497f,0.3579802442053188f,0.933722147523344f,0.19772088387595055f,-0.3272821830254009f,0.8827280150975003f,-0.3371611247403167f,-5.939883159861285f,0f,0f,0f,1f], start_interpolation: 0, interpolation_duration: 1 }
$data merge entity $(bone_segment16) { transformation: [-0.9848946505760913f,-0.1471215833629882f,0.091311373745916f,-0.16239519523875443f,0.049814561546823774f,0.2643029560158342f,0.9631523539394945f,0.41711298603753166f,-0.1658343653302799f,0.9531522371321695f,-0.2529817703421413f,-5.148692338023059f,0f,0f,0f,1f], start_interpolation: 0, interpolation_duration: 1 }
$data merge entity $(bone_segment15) { transformation: [-0.9970655636226724f,-0.029646571489969624f,0.07057862733641454f,-0.19279451170796155f,0.06639164536213098f,0.12410348179652328f,0.9900456935071678f,0.5443675328015448f,-0.03811051382376514f,0.9918262986051893f,-0.12177102336442142f,-4.131682949804848f,0f,0f,0f,1f], start_interpolation: 0, interpolation_duration: 1 }
$data merge entity $(bone_segment14) { transformation: [-0.9978440267941163f,0.027185942520977925f,0.05973460237206468f,-0.16491830111516192f,0.05475715135407225f,-0.1568848188203351f,0.9860977679719681f,0.3834993103783497f,0.036179449510596685f,0.9872426642690016f,0.15505795458522428f,-3.1193735772633913f,0f,0f,0f,1f], start_interpolation: 0, interpolation_duration: 1 }
$data merge entity $(bone_segment13) { transformation: [-0.9969236120463094f,0.04457950391446591f,0.06446688743284754f,-0.11860404061760793f,0.04225739762998604f,-0.3870207628511585f,0.9211021883958632f,-0.054733208267617656f,0.06601230256611693f,0.9209927236155819f,0.3839463230154341f,-2.1393994944854837f,0f,0f,0f,1f], start_interpolation: 0, interpolation_duration: 1 }
$data merge entity $(bone_segment12) { transformation: [-0.9971074695097233f,0.05885082276659859f,0.04809651658499332f,-0.0496382326880002f,0.042538694476169196f,-0.09229842883229211f,0.9948223255975678f,-0.16289542955546f,0.06298534528109906f,0.9939907347127461f,0.08952801564335056f,-0.9745666022439843f,0f,0f,0f,1f], start_interpolation: 0, interpolation_duration: 1 }
$data merge entity $(bone_segment11) { transformation: [-1.0342597875343207f,0.04176750608386674f,0.010518043499550054f,0.002809276314299239f,0.027970486169182972f,0.4590806551050606f,0.9273678158777294f,0.3675330304407074f,0.03275371287325784f,0.9268489032511744f,-0.45981166443357396f,0.09642390473630158f,0f,0f,0f,1f], start_interpolation: 0, interpolation_duration: 1 }
$data merge entity $(bone_segment10) { transformation: [-0.9999418238136902f,0.006591985013707962f,-0.00853784057768131f,0.015005764773160565f,0f,0.7915288263015092f,0.6111318328591264f,1.097996397204088f,0.010786518815208727f,0.6110962795397581f,-0.7914827781730407f,0.6603089276330456f,0f,0f,0f,1f], start_interpolation: 0, interpolation_duration: 1 }