# This file was generated by Animated Java via MC-Build. It is not recommended to edit this file directly.
$data merge entity $(bone_neck_spine5) { transformation: [-1.572242184090736f,0.00247727091152117f,-0.00822029507165623f,0.11830490120778211f,3.40930761269856e-19f,1.5053925441093428f,0.4536656077957008f,4.296011658890477f,0.00858545993142852f,0.45365884409484786f,-1.5053701002108866f,-0.45169060082107065f,0f,0f,0f,1f], start_interpolation: 0, interpolation_duration: 1 }
$data merge entity $(bone_neck_spine2) { transformation: [-1.4973735086578432f,0.0029885934409452693f,-0.007610884506538796f,0.017171311566374643f,3.2469596311414845e-19f,1.3937904528179403f,0.547304718888471f,5.305900150405945f,0.008176628506122397f,0.5472965591220476f,-1.3937696727951385f,1.594362139530099f,0f,0f,0f,1f], start_interpolation: 0, interpolation_duration: 1 }
$data merge entity $(bone_scale_neck_left1) { transformation: [-1.589860514217191f,0.42200636072510433f,0.08549419675202773f,0.8013210452457681f,0.3730803184467362f,1.1868472137861639f,1.0794720227747332f,4.478886848303195f,0.2149644206802681f,1.0613008072517636f,-1.2411631541445405f,1.2290575583997545f,0f,0f,0f,1f], start_interpolation: 0, interpolation_duration: 1 }
$data merge entity $(bone_scale_neck_right1) { transformation: [-1.5921133217329237f,-0.4103907611195078f,-0.09904380236026772f,-0.7709211388449672f,-0.3730803184467362f,1.1868472137861639f,1.0794720227747332f,4.478886848303195f,-0.19758878405899105f,1.0658462342915338f,-1.2401554572303903f,1.237643018331183f,0f,0f,0f,1f], start_interpolation: 0, interpolation_duration: 1 }
$data merge entity $(bone_blush_right1) { transformation: [-0.999985090999325f,0.0028751050720580247f,-0.004642364687995603f,-0.6412196969340455f,2.168404344971009e-19f,0.8501618405940035f,0.5265214571105495f,3.6053245336142536f,0.00546056581974087f,0.52651360720179f,-0.8501491655305482f,2.3665282191562818f,0f,0f,0f,1f], start_interpolation: 0, interpolation_duration: 1 }
$data merge entity $(bone_blush_left1) { transformation: [-0.999985090999325f,0.0028751050720580247f,-0.004642364687995603f,0.6839558582281459f,2.168404344971009e-19f,0.8501618405940035f,0.5265214571105495f,3.6053245336142536f,0.00546056581974087f,0.52651360720179f,-0.8501491655305482f,2.3592919029283634f,0f,0f,0f,1f], start_interpolation: 0, interpolation_duration: 1 }
$data merge entity $(bone_left_head_scales) { transformation: [-0.8848540032762978f,0.0028751050720580247f,-0.4658595567944636f,0.6954601724868738f,-0.24312055265928564f,0.8501618405940035f,0.46703023635783986f,4.432883969484384f,0.39739877926404477f,0.52651360720179f,-0.7515701109482775f,2.4094101507314543f,0f,0f,0f,1f], start_interpolation: 0, interpolation_duration: 1 }
$data merge entity $(bone_left_head_scales2) { transformation: [-0.816477080556628f,0.0028751050720580247f,-0.5773706874240759f,0.6936591092470162f,-0.3020003010318291f,0.8501618405940035f,0.4313011279541254f,3.580370449271441f,0.4920985623860427f,0.52651360720179f,-0.6932693750115817f,2.0795841863060374f,0f,0f,0f,1f], start_interpolation: 0, interpolation_duration: 1 }
$data merge entity $(bone_left_head_scales1) { transformation: [-0.999985090999325f,0.0028751050720580247f,-0.004642364687995603f,0.6951372847102266f,2.168404344971009e-19f,0.8501618405940035f,0.5265214571105495f,4.337406809652049f,0.00546056581974087f,0.52651360720179f,-0.8501491655305482f,2.3502802046101596f,0f,0f,0f,1f], start_interpolation: 0, interpolation_duration: 1 }
$data merge entity $(bone_right_head_scales) { transformation: [-0.8891412141899243f,0.0028751050720580247f,0.4576239012548314f,-0.6521759853051853f,0.24312055265928564f,0.8501618405940035f,0.46703023635783986f,4.432883969484384f,-0.38771161718925906f,0.52651360720179f,-0.7566129283377654f,2.4167691163869645f,0f,0f,0f,1f], start_interpolation: 0, interpolation_duration: 1 }
$data merge entity $(bone_right_head_scales2) { transformation: [-0.821802582544593f,0.0028751050720580247f,0.5697650823750627f,-0.6539770485450428f,0.3020003010318291f,0.8501618405940035f,0.4313011279541254f,3.580370449271441f,-0.4831524950776121f,0.52651360720179f,-0.6995334787782763f,2.0869431519615476f,0f,0f,0f,1f], start_interpolation: 0, interpolation_duration: 1 }
$data merge entity $(bone_right_head_scales1) { transformation: [-0.999985090999325f,0.0028751050720580247f,-0.004642364687995603f,-0.6524988730818324f,2.168404344971009e-19f,0.8501618405940035f,0.5265214571105495f,4.337406809652049f,0.00546056581974087f,0.52651360720179f,-0.8501491655305482f,2.35763917026567f,0f,0f,0f,1f], start_interpolation: 0, interpolation_duration: 1 }
$data merge entity $(bone_head_left_fin1) { transformation: [-0.7232465490779458f,0.02294094127029243f,-0.7583293087344372f,0.6935354387627308f,-0.14697127982575028f,1.0236143520561405f,0.17113824586059787f,4.023715697366192f,0.7443044203673637f,0.22441606338115452f,-0.7030814734746479f,2.0569365991210176f,0f,0f,0f,1f], start_interpolation: 0, interpolation_duration: 1 }
$data merge entity $(bone_head_right_fin1) { transformation: [-0.7313319432309994f,-0.020488732344387944f,0.7506057544957032f,-0.6541007190293282f,0.14697127982575028f,1.0236143520561405f,0.17113824586059787f,4.023715697366192f,-0.7363614803488331f,0.22465321750818842f,-0.7113212355517493f,2.0642955647765278f,0f,0f,0f,1f], start_interpolation: 0, interpolation_duration: 1 }
$data merge entity $(bone_right_whisker16) { transformation: [0.25875359646193125f,0.917261289087395f,-0.30278425299170825f,-1.1819900860976065f,0.9629350885866876f,-0.2696671504049546f,0.005970189362094119f,1.2913744185557f,-0.07617474310139663f,-0.2931063894462251f,-0.9530404256794324f,1.8979153757626046f,0f,0f,0f,1f], start_interpolation: 0, interpolation_duration: 1 }
$data merge entity $(bone_right_whisker15) { transformation: [-0.8756398699333953f,0.37626654690960765f,-0.30278425299170825f,-0.8869747002313747f,0.39304836101860885f,0.9194984191066158f,0.005970189362094119f,1.1589508984859538f,0.2806560244919248f,-0.113781118544133f,-0.9530404256794324f,1.8033584143859307f,0f,0f,0f,1f], start_interpolation: 0, interpolation_duration: 1 }
$data merge entity $(bone_right_whisker14) { transformation: [-0.7110747012076718f,-0.6345821187542818f,-0.30278425299170825f,-0.6474036339065247f,-0.6672391622904998f,0.7448196138293167f,0.005970189362094119f,1.3837531553123426f,0.2217310749721203f,0.20627476193774627f,-0.9530404256794324f,1.7286540971345816f,0f,0f,0f,1f], start_interpolation: 0, interpolation_duration: 1 }
$data merge entity $(bone_right_whisker13) { transformation: [-0.09519839258433246f,-0.9926330313660919f,-0.07494618796391658f,-0.6153299567174674f,-0.9753701132867424f,0.0779638861121687f,0.2063365565509321f,1.712369062620864f,-0.19897338554783264f,0.09274318035980965f,-0.9756066288932138f,1.7956910287888808f,0f,0f,0f,1f], start_interpolation: 0, interpolation_duration: 1 }
$data merge entity $(bone_right_whisker12) { transformation: [0.06486421573745678f,-0.9965086845689389f,-0.05256496071955089f,-0.644468178630778f,-0.9073404894876717f,-0.08082200426157626f,0.41255428705009756f,2.119963423132904f,-0.4153623353808541f,0.020934306910547276f,-0.9094151335562531f,1.9822795778857487f,0f,0f,0f,1f], start_interpolation: 0, interpolation_duration: 1 }
$data merge entity $(bone_right_whisker11) { transformation: [0.29151158747032535f,-0.9560768683997216f,-0.030627048201100807f,-0.7754206495647132f,-0.9484575754032953f,-0.29305230548114686f,0.12061746934953893f,2.546028349583603f,-0.12429489945542127f,-0.006112934088161513f,-0.992226491284223f,2.038115177250489f,0f,0f,0f,1f], start_interpolation: 0, interpolation_duration: 1 }
$data merge entity $(bone_right_whisker10) { transformation: [0.07117035392842287f,-0.994107575978945f,0.08176128731233107f,-0.8073917069934969f,-0.9892021976216967f,-0.08087162105755476f,-0.12222435570674522f,2.9903965242964743f,0.12811632582192153f,-0.07217969443541437f,-0.9891290607241814f,1.9805629215101728f,0f,0f,0f,1f], start_interpolation: 0, interpolation_duration: 1 }
$data merge entity $(bone_right_whisker1) { transformation: [-0.341016501295319f,-0.9386418173305529f,0.051568251887154574f,-0.6542007005522403f,-0.9287073867131401f,0.3448905034816109f,0.13620987656058958f,3.4075892956715177f,-0.14563768643022929f,-0.0014420009009248336f,-0.9893369420600101f,2.0459861009612523f,0f,0f,0f,1f], start_interpolation: 0, interpolation_duration: 1 }
$data merge entity $(bone_left_whisker16) { transformation: [0.25957006754078615f,-0.9204075934374638f,0.2923580715142439f,1.219576291998091f,-0.9629350885866876f,-0.2696671504049546f,0.005970189362094119f,1.2913744185557f,0.07334436042000336f,-0.2830715279485516f,-0.9562902879667098f,1.8848012689663096f,0f,0f,0f,1f], start_interpolation: 0, interpolation_duration: 1 }
$data merge entity $(bone_left_whisker15) { transformation: [-0.8786526863526084f,-0.37748670809157864f,0.2923580715142439f,0.9235458459124953f,-0.39304836101860885f,0.9194984191066158f,0.005970189362094119f,1.1589508984859538f,-0.2710764516993864f,-0.10966513791819729f,-0.9562902879667098f,1.7934718003761843f,0f,0f,0f,1f], start_interpolation: 0, interpolation_duration: 1 }
$data merge entity $(bone_left_whisker14) { transformation: [-0.7134538140263638f,0.6367969953381585f,0.2923580715142439f,0.683173223022754f,0.6672391622904998f,0.7448196138293167f,0.005970189362094119f,1.3837531553123426f,-0.2139522272777417f,0.19933220909687563f,-0.9562902879667098f,1.7213882863031171f,0f,0f,0f,1f], start_interpolation: 0, interpolation_duration: 1 }
$data merge entity $(bone_left_whisker13) { transformation: [-0.09301973323621028f,0.9935866805218706f,0.06428714893502604f,0.6518335668054761f,0.9753701132867424f,0.0779638861121687f,0.2063365565509321f,1.712369062620864f,0.20000117833570727f,0.08189713518688392f,-0.9763669330290276f,1.7887714958009873f,0f,0f,0f,1f], start_interpolation: 0, interpolation_duration: 1 }
$data merge entity $(bone_left_whisker12) { transformation: [0.06939650663591702f,0.9966778801303011f,0.04263013166411974f,0.6830077787708294f,0.9073404894876717f,-0.08082200426157626f,0.41255428705009756f,2.119963423132904f,0.4146291849387878f,0.010050218212098182f,-0.9099349603740289f,1.9750306999727083f,0f,0f,0f,1f], start_interpolation: 0, interpolation_duration: 1 }
$data merge entity $(bone_left_whisker11) { transformation: [0.29285162373508183f,0.9559530930594934f,0.019789147169942692f,0.8145622191205732f,0.9484575754032953f,-0.29305230548114686f,0.12061746934953893f,2.546028349583603f,0.12110389810335764f,-0.01655385520572608f,-0.9925017963419508f,2.029432841698826f,0f,0f,0f,1f], start_interpolation: 0, interpolation_duration: 1 }
$data merge entity $(bone_left_whisker10) { transformation: [0.06976695524547995f,0.9932600196266959f,-0.09255865905981506f,0.8459028435472536f,0.9892021976216967f,-0.08087162105755476f,-0.12222435570674522f,2.9903965242964743f,-0.12888593474922289f,-0.08303200779638631f,-0.9881771609914488f,1.9715348631981986f,0f,0f,0f,1f], start_interpolation: 0, interpolation_duration: 1 }
$data merge entity $(bone_left_whisker1) { transformation: [-0.33940565995394223f,0.9385700928550074f,-0.06236969447874428f,0.6934354572398187f,0.9287073867131401f,0.3448905034816109f,0.13620987656058958f,3.4075892956715177f,0.14935323182200994f,-0.011692792923159723f,-0.9887147671285066f,2.038627135305742f,0f,0f,0f,1f], start_interpolation: 0, interpolation_duration: 1 }
$data merge entity $(bone_upper_left_tooth1) { transformation: [-0.999985090999325f,0.0024595556867531326f,-0.0048752810068223365f,0.3339711232458255f,2.168404344971009e-19f,0.8928160867867152f,0.4504213973323833f,3.2894422779873125f,0.00546056581974087f,0.4504146819994663f,-0.8928027757910747f,3.051639191676756f,0f,0f,0f,1f], start_interpolation: 0, interpolation_duration: 1 }
$data merge entity $(bone_upper_right_tooth1) { transformation: [-0.999985090999325f,0.0024595556867531326f,-0.0048752810068223365f,-0.33984695565020395f,2.168404344971009e-19f,0.8928160867867152f,0.4504213973323833f,3.2894422779873125f,0.00546056581974087f,0.4504146819994663f,-0.8928027757910747f,3.055318674504511f,0f,0f,0f,1f], start_interpolation: 0, interpolation_duration: 1 }
$data merge entity $(bone_top_lip1) { transformation: [-0.999985090999325f,0.00019737764760116008f,-0.0054569974469436695f,0.02544203805085609f,2.168404344971009e-19f,0.9993465195888123f,0.0361460064976431f,3.399736452771023f,0.00546056581974087f,0.03614546759680776f,-0.9993316203308773f,3.108967667461851f,0f,0f,0f,1f], start_interpolation: 0, interpolation_duration: 1 }
$data merge entity $(bone_muzzle1) { transformation: [-0.999985090999325f,0.0024595556867531326f,-0.0048752810068223365f,0.023118782950311237f,2.168404344971009e-19f,0.8928160867867152f,0.4504213973323833f,3.8030597715569887f,0.00546056581974087f,0.4504146819994663f,-0.8928027757910747f,2.683513503951148f,0f,0f,0f,1f], start_interpolation: 0, interpolation_duration: 1 }
$data merge entity $(bone_jaw_right_tooth1) { transformation: [-0.999985090999325f,-0.000765693505738989f,-0.005406615625970781f,-0.3398843287047309f,2.168404344971009e-19f,0.9901200359905835f,-0.14022237456984313f,3.1823273368587706f,0.00546056581974087f,-0.1402202839943662f,-0.9901052742902986f,3.0484746040243085f,0f,0f,0f,1f], start_interpolation: 0, interpolation_duration: 1 }
$data merge entity $(bone_jaw_left_tooth1) { transformation: [-0.999985090999325f,-0.000765693505738989f,-0.005406615625970781f,0.39008525676596767f,2.168404344971009e-19f,0.9901200359905835f,-0.14022237456984313f,3.1823273368587706f,0.00546056581974087f,-0.1402202839943662f,-0.9901052742902986f,3.0444884976275737f,0f,0f,0f,1f], start_interpolation: 0, interpolation_duration: 1 }
$data merge entity $(bone_tongue1) { transformation: [-0.999985090999325f,0.0012333328184257193f,-0.005319461366596843f,0.020758299160486687f,2.168404344971009e-19f,0.9741593714274239f,0.22586172553163159f,3.3520259624866133f,0.00546056581974087f,0.225858358159013f,-0.9741448476846978f,2.2512417073478153f,0f,0f,0f,1f], start_interpolation: 0, interpolation_duration: 1 }
$data merge entity $(bone_jaw_lips1) { transformation: [-0.999985090999325f,0.0012333328184257193f,-0.005319461366596843f,0.08152972433466632f,2.168404344971009e-19f,0.9741593714274239f,0.22586172553163159f,3.0232906051919564f,0.00546056581974087f,0.225858358159013f,-0.9741448476846978f,3.096973731356245f,0f,0f,0f,1f], start_interpolation: 0, interpolation_duration: 1 }
$data merge entity $(bone_jaw3) { transformation: [-0.999985090999325f,0.000184788049912522f,-0.005457438267935957f,0.07661099265126003f,2.168404344971009e-19f,0.9994272476684362f,0.033840458299116916f,2.9695135092296105f,0.00546056581974087f,0.033839953771701126f,-0.9994123472069261f,2.1962138994262808f,0f,0f,0f,1f], start_interpolation: 0, interpolation_duration: 1 }
$data merge entity $(bone_jaw1) { transformation: [-0.999985090999325f,0.0039896564903398645f,-0.0037283267239890984f,0.07326132411017608f,2.168404344971009e-19f,0.6827729665871921f,0.7306306016707245f,3.6259394404181524f,0.00546056581974087f,0.7306197086985909f,-0.6827627871245725f,1.5827942078690473f,0f,0f,0f,1f], start_interpolation: 0, interpolation_duration: 1 }
$data merge entity $(bone_tear_right1) { transformation: [-0.999985090999325f,0.0028751050720580247f,-0.004642364687995603f,-0.5834688597571197f,2.168404344971009e-19f,0.8501618405940035f,0.5265214571105495f,3.886276848094863f,0.00546056581974087f,0.52651360720179f,-0.8501491655305482f,2.6591045697387985f,0f,0f,0f,1f], start_interpolation: 0, interpolation_duration: 1 }
$data merge entity $(bone_right_pupil1) { transformation: [-0.999985090999325f,0.0028751050720580247f,-0.004642364687995603f,-0.3975335440643786f,2.168404344971009e-19f,0.8501618405940035f,0.5265214571105495f,3.9462755113054904f,0.00546056581974087f,0.52651360720179f,-0.8501491655305482f,2.774508101862828f,0f,0f,0f,1f], start_interpolation: 0, interpolation_duration: 1 }
$data merge entity $(bone_right_sad_pupil1) { transformation: [-0.999985090999325f,0.0028751050720580247f,-0.004642364687995603f,-0.3975856799959332f,2.168404344971009e-19f,0.8501618405940035f,0.5265214571105495f,3.952188594075775f,0.00546056581974087f,0.52651360720179f,-0.8501491655305482f,2.7649605282264984f,0f,0f,0f,1f], start_interpolation: 0, interpolation_duration: 1 }
$data merge entity $(bone_right_happy_pupil1) { transformation: [-0.999985090999325f,0.0028751050720580247f,-0.004642364687995603f,-0.42574179482454655f,2.168404344971009e-19f,0.8501618405940035f,0.5265214571105495f,3.9283196096446025f,0.00546056581974087f,0.52651360720179f,-0.8501491655305482f,2.750331540734101f,0f,0f,0f,1f], start_interpolation: 0, interpolation_duration: 1 }
$data merge entity $(bone_eyelid_right1) { transformation: [-0.999985090999325f,0.0028751050720580247f,-0.004642364687995603f,0.03201303953260566f,2.168404344971009e-19f,0.8501618405940035f,0.5265214571105495f,4.200104152673832f,0.00546056581974087f,0.52651360720179f,-0.8501491655305482f,2.255655869905847f,0f,0f,0f,1f], start_interpolation: 0, interpolation_duration: 1 }
$data merge entity $(bone_eyelid_expressions_right5) { transformation: [-0.999985090999325f,0.0028751050720580247f,-0.004642364687995603f,-0.526410897971383f,2.168404344971009e-19f,0.8501618405940035f,0.5265214571105495f,4.047665753908109f,0.00546056581974087f,0.52651360720179f,-0.8501491655305482f,2.8247957065940557f,0f,0f,0f,1f], start_interpolation: 0, interpolation_duration: 1 }
$data merge entity $(bone_eyelid_expressions_right7) { transformation: [-0.999985090999325f,0.0028751050720580247f,-0.004642364687995603f,-0.18950185852336826f,2.168404344971009e-19f,0.8501618405940035f,0.5265214571105495f,4.047665753908109f,0.00546056581974087f,0.52651360720179f,-0.8501491655305482f,2.8229559651801783f,0f,0f,0f,1f], start_interpolation: 0, interpolation_duration: 1 }
$data merge entity $(bone_eyelid_expressions_right6) { transformation: [-0.999985090999325f,0.0028751050720580247f,-0.004642364687995603f,-0.30180487167270653f,2.168404344971009e-19f,0.8501618405940035f,0.5265214571105495f,4.047665753908109f,0.00546056581974087f,0.52651360720179f,-0.8501491655305482f,2.8235692123181373f,0f,0f,0f,1f], start_interpolation: 0, interpolation_duration: 1 }
$data merge entity $(bone_right_eye1) { transformation: [-0.999985090999325f,0.0028751050720580247f,-0.004642364687995603f,0.02083487414922647f,2.168404344971009e-19f,0.8501618405940035f,0.5265214571105495f,4.194191069903548f,0.00546056581974087f,0.52651360720179f,-0.8501491655305482f,2.2652647682559723f,0f,0f,0f,1f], start_interpolation: 0, interpolation_duration: 1 }
$data merge entity $(bone_tear_left1) { transformation: [-0.999985090999325f,0.0028751050720580247f,-0.004642364687995603f,0.6294036822557335f,2.168404344971009e-19f,0.8501618405940035f,0.5265214571105495f,3.886276848094863f,0.00546056581974087f,0.52651360720179f,-0.8501491655305482f,2.652481500648839f,0f,0f,0f,1f], start_interpolation: 0, interpolation_duration: 1 }
$data merge entity $(bone_left_sad_pupil1) { transformation: [-0.999985090999325f,0.0028751050720580247f,-0.004642364687995603f,0.44468691862410364f,2.168404344971009e-19f,0.8501618405940035f,0.5265214571105495f,3.952188594075775f,0.00546056581974087f,0.52651360720179f,-0.8501491655305482f,2.7603611746918046f,0f,0f,0f,1f], start_interpolation: 0, interpolation_duration: 1 }
$data merge entity $(bone_left_pupil1) { transformation: [-0.999985090999325f,0.0028751050720580247f,-0.004642364687995603f,0.44473905455565826f,2.168404344971009e-19f,0.8501618405940035f,0.5265214571105495f,3.9462755113054904f,0.00546056581974087f,0.52651360720179f,-0.8501491655305482f,2.7699087483281337f,0f,0f,0f,1f], start_interpolation: 0, interpolation_duration: 1 }
$data merge entity $(bone_eyelid_left1) { transformation: [-0.999985090999325f,0.0028751050720580247f,-0.004642364687995603f,0.009552436902738009f,2.168404344971009e-19f,0.8501618405940035f,0.5265214571105495f,4.200104152673832f,0.00546056581974087f,0.52651360720179f,-0.8501491655305482f,2.2557785193334388f,0f,0f,0f,1f], start_interpolation: 0, interpolation_duration: 1 }
$data merge entity $(bone_left_happy_pupil1) { transformation: [-0.999985090999325f,0.0028751050720580247f,-0.004642364687995603f,0.4726823103701594f,2.168404344971009e-19f,0.8501618405940035f,0.5265214571105495f,3.9283196096446025f,0.00546056581974087f,0.52651360720179f,-0.8501491655305482f,2.7454255636304277f,0f,0f,0f,1f], start_interpolation: 0, interpolation_duration: 1 }
$data merge entity $(bone_eyelid_expressions_left5) { transformation: [-0.999985090999325f,0.0028751050720580247f,-0.004642364687995603f,0.5741586308921318f,2.168404344971009e-19f,0.8501618405940035f,0.5265214571105495f,4.047665753908109f,0.00546056581974087f,0.52651360720179f,-0.8501491655305482f,2.8187858846420553f,0f,0f,0f,1f], start_interpolation: 0, interpolation_duration: 1 }
$data merge entity $(bone_eyelid_expressions_left7) { transformation: [-0.999985090999325f,0.0028751050720580247f,-0.004642364687995603f,0.2372495914441171f,2.168404344971009e-19f,0.8501618405940035f,0.5265214571105495f,4.047665753908109f,0.00546056581974087f,0.52651360720179f,-0.8501491655305482f,2.8206256260559326f,0f,0f,0f,1f], start_interpolation: 0, interpolation_duration: 1 }
$data merge entity $(bone_eyelid_expressions_left6) { transformation: [-0.999985090999325f,0.0028751050720580247f,-0.004642364687995603f,0.3495526045934554f,2.168404344971009e-19f,0.8501618405940035f,0.5265214571105495f,4.047665753908109f,0.00546056581974087f,0.52651360720179f,-0.8501491655305482f,2.8200123789179736f,0f,0f,0f,1f], start_interpolation: 0, interpolation_duration: 1 }
$data merge entity $(bone_left_eye1) { transformation: [-0.999985090999325f,0.0028751050720580247f,-0.004642364687995603f,0.02083487414922647f,2.168404344971009e-19f,0.8501618405940035f,0.5265214571105495f,4.194191069903548f,0.00546056581974087f,0.52651360720179f,-0.8501491655305482f,2.2652647682559723f,0f,0f,0f,1f], start_interpolation: 0, interpolation_duration: 1 }
$data merge entity $(bone_crest_middle5) { transformation: [-0.999985090999325f,0.001802161981070868f,-0.005154608740312402f,0.027032170490862546f,2.168404344971009e-19f,0.9439697112847936f,0.3300320956769257f,5.121242873192388f,0.00546056581974087f,0.3300271752281884f,-0.9439556376397308f,3.4001661961879988f,0f,0f,0f,1f], start_interpolation: 0, interpolation_duration: 1 }
$data merge entity $(bone_crest_middle4) { transformation: [-0.999985090999325f,0.001802161981070868f,-0.005154608740312402f,0.025817823062211278f,2.168404344971009e-19f,0.9439697112847936f,0.3300320956769257f,4.4851695325805645f,0.00546056581974087f,0.3300271752281884f,-0.9439556376397308f,3.177784603504942f,0f,0f,0f,1f], start_interpolation: 0, interpolation_duration: 1 }
$data merge entity $(bone_crest_middle1) { transformation: [-0.999985090999325f,0.001802161981070868f,-0.005154608740312402f,0.025341229385984508f,2.168404344971009e-19f,0.9439697112847936f,0.3300320956769257f,3.9803162949889366f,0.00546056581974087f,0.3300271752281884f,-0.9439556376397308f,3.0905067304009517f,0f,0f,0f,1f], start_interpolation: 0, interpolation_duration: 1 }
$data merge entity $(bone_crest_left5) { transformation: [-0.5397164367701873f,-0.8352380218008004f,0.10527874818014411f,-1.078840766565366f,-0.7170192239135207f,0.521608549234913f,0.46239372173884663f,4.52399916605902f,-0.44112311254177666f,0.1740746055670818f,-0.8804024257566081f,3.1525676782333267f,0f,0f,0f,1f], start_interpolation: 0, interpolation_duration: 1 }
$data merge entity $(bone_crest_left4) { transformation: [-0.5397164367701873f,-0.8352380218008004f,0.10527874818014411f,-0.6098350414330806f,-0.7170192239135207f,0.521608549234913f,0.46239372173884663f,4.231103740463244f,-0.44112311254177666f,0.1740746055670818f,-0.8804024257566081f,3.0548207073338425f,0f,0f,0f,1f], start_interpolation: 0, interpolation_duration: 1 }
$data merge entity $(bone_crest_left1) { transformation: [-0.5397164367701873f,-0.8352380218008004f,0.10527874818014411f,-0.08801709533018634f,-0.7170192239135207f,0.521608549234913f,0.46239372173884663f,3.9348832635188122f,-0.44112311254177666f,0.1740746055670818f,-0.8804024257566081f,2.897862379694991f,0f,0f,0f,1f], start_interpolation: 0, interpolation_duration: 1 }
$data merge entity $(bone_crest_center1) { transformation: [-0.999985090999325f,0.0028751050720580247f,-0.004642364687995603f,0.02420519690823101f,2.168404344971009e-19f,0.8501618405940035f,0.5265214571105495f,3.91101427908764f,0.00546056581974087f,0.52651360720179f,-0.8501491655305482f,2.8824668352425356f,0f,0f,0f,1f], start_interpolation: 0, interpolation_duration: 1 }
$data merge entity $(bone_crest_right5) { transformation: [-0.5348667587230133f,0.8370892752542993f,-0.1148873172607386f,1.1301351425037032f,0.7170192239135207f,0.521608549234913f,0.46239372173884663f,4.52399916605902f,0.44699103229437426f,0.16494261614052655f,-0.8792001765406604f,3.140505240048734f,0f,0f,0f,1f], start_interpolation: 0, interpolation_duration: 1 }
$data merge entity $(bone_crest_right4) { transformation: [-0.5348667587230133f,0.8370892752542993f,-0.1148873172607386f,0.6600898951685252f,0.7170192239135207f,0.521608549234913f,0.46239372173884663f,4.231103740463244f,0.44699103229437426f,0.16494261614052655f,-0.8792001765406604f,3.0478860952432623f,0f,0f,0f,1f], start_interpolation: 0, interpolation_duration: 1 }
$data merge entity $(bone_crest_right1) { transformation: [-0.5348667587230133f,0.8370892752542993f,-0.1148873172607386f,0.13658893096849015f,0.7170192239135207f,0.521608549234913f,0.46239372173884663f,3.9348832635188122f,0.44699103229437426f,0.16494261614052655f,-0.8792001765406604f,2.896635885419072f,0f,0f,0f,1f], start_interpolation: 0, interpolation_duration: 1 }
$data merge entity $(bone_head1) { transformation: [-1.04816145606049f,0.003013619248706652f,-0.004866020278432888f,0.017805954025397804f,2.272871741799038e-19f,0.8911201584351204f,0.5518877252265523f,4.471672042353028f,0.005723639954285675f,0.5518794971320843f,-0.8911068727240767f,1.7105832451972083f,0f,0f,0f,1f], start_interpolation: 0, interpolation_duration: 1 }
$data merge entity $(bone_neck10) { transformation: [-1.4973735086578432f,0.003956445383825757f,-0.007155682612577032f,0.011520596548788942f,3.2469596311414845e-19f,1.3104287813376454f,0.7245486117065997f,4.594784293792686f,0.008176628506122397f,0.7245378094108585f,-1.31040924415406f,0.5595553159141831f,0f,0f,0f,1f], start_interpolation: 0, interpolation_duration: 1 }
$data merge entity $(bone_neck9) { transformation: [-1.1454907341232508f,0.0032934553218008453f,-0.005317865018573091f,0.007583735110149292f,2.483924117823237e-19f,0.9738670302898111f,0.6031344425690185f,3.3240158021209156f,0.006255120807183637f,0.6031254504372071f,-0.9738525109055992f,-0.16139611548100263f,0f,0f,0f,1f], start_interpolation: 0, interpolation_duration: 1 }
$data merge entity $(bone_neck8) { transformation: [-1.0631351911470688f,-0.0010807847974126385f,-0.005703914956021843f,0.008569674303415266f,2.3053413381104542e-19f,1.04456482062742f,-0.1979254225826594f,2.5508752364233405f,0.0058054062393469025f,-0.19792247171240054f,-1.0445492472098044f,0.019157425387160087f,0f,0f,0f,1f], start_interpolation: 0, interpolation_duration: 1 }
$data merge entity $(bone_neck7) { transformation: [-1.0556483236037797f,-0.0025596951505452562f,-0.0051650447500485005f,0.01099476193783254f,2.2891065399547467e-19f,0.9458808703259264f,-0.46876005803126186f,1.7049237168611358f,0.00576452309681629f,-0.46875306928724036f,-0.9458667681873922f,0.4632600255274464f,0f,0f,0f,1f], start_interpolation: 0, interpolation_duration: 1 }
$data merge entity $(bone_neck6) { transformation: [-1.049658829569148f,-0.00158463792297647f,-0.0055084157424646054f,0.0123481862162819f,2.2761187014301805e-19f,1.008762814020252f,-0.290196652743885f,0.8110661824959466f,0.0057318165827918f,-0.29019232620179347f,-1.0087477743747768f,0.7111105496165606f,0f,0f,0f,1f], start_interpolation: 0, interpolation_duration: 1 }
$data merge entity $(bone_neck_spine6) { transformation: [-1.2677393631064453f,0.08476059885324537f,0.07508606148422514f,-0.05863071774365668f,0.05355712264005937f,-0.29478835114451324f,1.237019333381951f,0.4805253455954701f,0.09976928566292967f,1.2352735880881809f,0.2900527895517822f,-1.9307444321396967f,0f,0f,0f,1f], start_interpolation: 0, interpolation_duration: 1 }
$data merge entity $(bone_neck_spine7) { transformation: [-0.9982686095878964f,0.02598138320323514f,0.0527707384664503f,-0.24051528532355376f,0.05860535028865118f,0.36277581369939743f,0.9300317854311672f,0.9135419744463531f,0.005019564621791511f,0.9315141849277373f,-0.3636703551974243f,-5.668802702963361f,0f,0f,0f,1f], start_interpolation: 0, interpolation_duration: 1 }
$data merge entity $(bone_tail6) { transformation: [-1.5732946206537315f,-0.6378940740183312f,-0.2883350906175894f,0.7109821439415173f,-0.6769706983106311f,1.2058537412094563f,1.026123465264829f,-1.379880128901802f,-0.17820394995053962f,1.050861476442343f,-1.3524923094341694f,-8.67364897562181f,0f,0f,0f,1f], start_interpolation: 0, interpolation_duration: 1 }
$data merge entity $(bone_tail5) { transformation: [-1.2996781648878653f,-0.5269559741890562f,-0.2381898574667043f,0.37816784445369234f,-0.5592366638218257f,0.9961400470860726f,0.8476672104361631f,-0.7507390465316508f,-0.14721195865479358f,0.8681029588001964f,-1.1172762556195313f,-8.12537342269537f,0f,0f,0f,1f], start_interpolation: 0, interpolation_duration: 1 }
$data merge entity $(bone_tail4) { transformation: [-0.9576575951805322f,-0.3882833494024624f,-0.17550831602809788f,0.2117606947097799f,-0.41206912071081886f,0.7339979294318429f,0.6245968919003306f,-0.43616850534657525f,-0.10847196953511105f,0.639654811747513f,-0.8232561883512334f,-7.85123564623215f,0f,0f,0f,1f], start_interpolation: 0, interpolation_duration: 1 }
$data merge entity $(bone_segment18) { transformation: [-0.9136410349051537f,-0.3527284174804291f,-0.20209582588265335f,0.013695421222234272f,-0.3931292977713154f,0.6400730567714632f,0.6601180479498099f,-0.07675248225713058f,-0.10348630137014322f,0.682560726600196f,-0.7234648850716534f,-7.46796180072911f,0f,0f,0f,1f], start_interpolation: 0, interpolation_duration: 1 }
$data merge entity $(bone_segment17) { transformation: [-0.9603263554092483f,-0.2594050632358571f,0.10238312494738f,-0.17566520843480032f,-0.00020907919387117002f,0.36779390194748945f,0.9299073082711692f,0.19172988268988964f,-0.2788785531235426f,0.8929930900392464f,-0.3532564136004864f,-6.816094286271749f,0f,0f,0f,1f], start_interpolation: 0, interpolation_duration: 1 }
$data merge entity $(bone_segment16) { transformation: [-0.9924931858206482f,-0.09845071378910714f,0.07255848023487936f,-0.2696452599278202f,0.04508765194999589f,0.2569487547752704f,0.9653726954192738f,0.4370105543625723f,-0.11368544208128016f,0.9613973134837925f,-0.2505809767020046f,-5.898354175011585f,0f,0f,0f,1f], start_interpolation: 0, interpolation_duration: 1 }
$data merge entity $(bone_segment15) { transformation: [-0.9982686095878964f,0.011438016899476298f,0.05769709594819432f,-0.25615755933590845f,0.05860535028865118f,0.10970458898499238f,0.9922350105056656f,0.5663741199869652f,0.005019564621791511f,0.9938984228406046f,-0.11018497649846118f,-4.726349931281087f,0f,0f,0f,1f], start_interpolation: 0, interpolation_duration: 1 }
$data merge entity $(bone_segment14) { transformation: [-1.0448307454724912f,0.05682429983536146f,0.06144029857342208f,-0.19223022202112677f,0.05091410063909836f,-0.1791330684448216f,1.0315009918419016f,0.3648494179865409f,0.06642037109714215f,1.0311922908764086f,0.17580099989918774f,-3.5662586040451276f,0f,0f,0f,1f], start_interpolation: 0, interpolation_duration: 1 }
$data merge entity $(bone_segment13) { transformation: [-1.0216487808563708f,0.05676178935489646f,0.07145263932920401f,-0.12582327840214802f,0.0431607400099302f,-0.4070640759758317f,0.940494338310936f,-0.15115336421017458f,0.08040230668130215f,0.9397715409302202f,0.40306144911310154f,-2.4454495298388372f,0f,0f,0f,1f], start_interpolation: 0, interpolation_duration: 1 }
$data merge entity $(bone_segment12) { transformation: [-1.1123554130227546f,0.063958822112801f,0.05521399627446277f,-0.04855758725916694f,0.048768099007519015f,-0.10931205188061145f,1.1091196639788332f,-0.2832081919854099f,0.06899991905680858f,1.10834742999624f,0.10620200931507992f,-1.1065063258165337f,0f,0f,0f,1f], start_interpolation: 0, interpolation_duration: 1 }
$data merge entity $(bone_segment11) { transformation: [-1.1896502115343468f,0.04069095489964712f,0.014123075691425003f,0.003321331179526696f,0.030666006208561743f,0.5260689187195844f,1.0674427055827265f,0.32462384925917687f,0.030245845017907644f,1.0671075765019709f,-0.5267726738476383f,0.12658453251027402f,0f,0f,0f,1f], start_interpolation: 0, interpolation_duration: 1 }
$data merge entity $(bone_segment10) { transformation: [-1.0481614560604904f,0.0035045791795956373f,-0.004525260114097324f,0.012743688701289061f,2.272871741799039e-19f,0.8287163388339248f,0.6417978091072524f,1.1729640098115017f,0.005723639954285677f,0.641788240543283f,-0.8287039835014697f,0.7835383165396435f,0f,0f,0f,1f], start_interpolation: 0, interpolation_duration: 1 }