# This file was generated by Animated Java via MC-Build. It is not recommended to edit this file directly.
$data merge entity $(bone_neck_spine5) { transformation: [-1.3671671166006398f,0.0021541486187140607f,-0.007148082671005416f,0.10378339441372507f,2.9646153153900517e-19f,1.3090369948776892f,0.3944918328658268f,3.711371075721383f,0.007465617331676972f,0.3944859513868242f,-1.309017478444249f,-0.4284059795391746f,0f,0f,0f,1f], start_interpolation: 0, interpolation_duration: 1 }
$data merge entity $(bone_neck_spine2) { transformation: [-1.3020639205720377f,0.0025987769051697995f,-0.006618160440468518f,0.01584114255163161f,2.8234431575143343e-19f,1.211991698102557f,0.47591714685954f,4.589534981387008f,0.0071101117444542575f,0.47591005141047615f,-1.2119736285175118f,1.3507703164183646f,0f,0f,0f,1f], start_interpolation: 0, interpolation_duration: 1 }
$data merge entity $(bone_scale_neck_left1) { transformation: [-1.3824874036671229f,0.36696205280443855f,0.07434277978437195f,0.6977104761858869f,0.3244176682145533f,1.0320410554662296f,0.938671324151942f,3.870392979558529f,0.18692558320023317f,0.9228702671754466f,-1.0792723079517743f,1.0331141589137167f,0f,0f,0f,1f], start_interpolation: 0, interpolation_duration: 1 }
$data merge entity $(bone_scale_neck_right1) { transformation: [-1.3844463667242817f,-0.3568615314082677f,-0.08612504553066759f,-0.6694566404147527f,-0.3244176682145533f,1.0320410554662296f,0.938671324151942f,3.870392979558529f,-0.17181633396434007f,0.9268228124274208f,-1.078396049765557f,1.0405797762453939f,0f,0f,0f,1f], start_interpolation: 0, interpolation_duration: 1 }
$data merge entity $(bone_blush_right1) { transformation: [-0.999985090999325f,0.0028751050720580247f,-0.004642364687995603f,-0.5566727778835163f,2.168404344971009e-19f,0.8501618405940035f,0.5265214571105495f,3.110773575481188f,0.00546056581974087f,0.52651360720179f,-0.8501491655305482f,2.022219081310697f,0f,0f,0f,1f], start_interpolation: 0, interpolation_duration: 1 }
$data merge entity $(bone_blush_left1) { transformation: [-0.999985090999325f,0.0028751050720580247f,-0.004642364687995603f,0.5956537918227371f,2.168404344971009e-19f,0.8501618405940035f,0.5265214571105495f,3.110773575481188f,0.00546056581974087f,0.52651360720179f,-0.8501491655305482f,2.015926632416855f,0f,0f,0f,1f], start_interpolation: 0, interpolation_duration: 1 }
$data merge entity $(bone_left_head_scales) { transformation: [-0.8848540032762978f,0.0028751050720580247f,-0.4658595567944636f,0.6056575433520658f,-0.24312055265928564f,0.8501618405940035f,0.46703023635783986f,3.8303904762378234f,0.39739877926404477f,0.52651360720179f,-0.7515701109482775f,2.0595077174630214f,0f,0f,0f,1f], start_interpolation: 0, interpolation_duration: 1 }
$data merge entity $(bone_left_head_scales2) { transformation: [-0.816477080556628f,0.0028751050720580247f,-0.5773706874240759f,0.6040914014043636f,-0.3020003010318291f,0.8501618405940035f,0.4313011279541254f,3.0890743717048297f,0.4920985623860427f,0.52651360720179f,-0.6932693750115817f,1.7727025310061368f,0f,0f,0f,1f], start_interpolation: 0, interpolation_duration: 1 }
$data merge entity $(bone_left_head_scales1) { transformation: [-0.999985090999325f,0.0028751050720580247f,-0.004642364687995603f,0.6053767713723727f,2.168404344971009e-19f,0.8501618405940035f,0.5265214571105495f,3.747366858992315f,0.00546056581974087f,0.52651360720179f,-0.8501491655305482f,2.0080903730097215f,0f,0f,0f,1f], start_interpolation: 0, interpolation_duration: 1 }
$data merge entity $(bone_right_head_scales) { transformation: [-0.8891412141899243f,0.0028751050720580247f,0.4576239012548314f,-0.5661999851627683f,0.24312055265928564f,0.8501618405940035f,0.46703023635783986f,3.8303904762378234f,-0.38771161718925906f,0.52651360720179f,-0.7566129283377654f,2.0659068180330302f,0f,0f,0f,1f], start_interpolation: 0, interpolation_duration: 1 }
$data merge entity $(bone_right_head_scales2) { transformation: [-0.821802582544593f,0.0028751050720580247f,0.5697650823750627f,-0.5677661271104705f,0.3020003010318291f,0.8501618405940035f,0.4313011279541254f,3.0890743717048297f,-0.4831524950776121f,0.52651360720179f,-0.6995334787782763f,1.7791016315761456f,0f,0f,0f,1f], start_interpolation: 0, interpolation_duration: 1 }
$data merge entity $(bone_right_head_scales1) { transformation: [-0.999985090999325f,0.0028751050720580247f,-0.004642364687995603f,-0.5664807571424614f,2.168404344971009e-19f,0.8501618405940035f,0.5265214571105495f,3.747366858992315f,0.00546056581974087f,0.52651360720179f,-0.8501491655305482f,2.0144894735797303f,0f,0f,0f,1f], start_interpolation: 0, interpolation_duration: 1 }
$data merge entity $(bone_head_left_fin1) { transformation: [-0.6900041611079036f,0.021886512913769675f,-0.7234744212522333f,0.603983861852811f,-0.1402160781443183f,0.9765662389802682f,0.1632722643738375f,3.4745919787437436f,0.7100941550833979f,0.21410128779717602f,-0.6707659274888567f,1.753008976932207f,0f,0f,0f,1f], start_interpolation: 0, interpolation_duration: 1 }
$data merge entity $(bone_head_right_fin1) { transformation: [-0.6977179284489535f,-0.019547014211788748f,0.7161058626741617f,-0.567873666662023f,0.1402160781443183f,0.9765662389802682f,0.1632722643738375f,3.4745919787437436f,-0.7025162942955328f,0.21432754167240836f,-0.67862696758229f,1.7594080775022158f,0f,0f,0f,1f], start_interpolation: 0, interpolation_duration: 1 }
$data merge entity $(bone_right_whisker16) { transformation: [0.25875359646193125f,0.917261289087395f,-0.30278425299170825f,-1.0269078988953089f,0.9629350885866876f,-0.2696671504049546f,0.005970189362094119f,1.098643040647662f,-0.07617474310139663f,-0.2931063894462251f,-0.9530404256794324f,1.6147296522727175f,0f,0f,0f,1f], start_interpolation: 0, interpolation_duration: 1 }
$data merge entity $(bone_right_whisker15) { transformation: [-0.8756398699333953f,0.37626654690960765f,-0.30278425299170825f,-0.7703727807507594f,0.39304836101860885f,0.9194984191066158f,0.005970189362094119f,0.9834921536304914f,0.2806560244919248f,-0.113781118544133f,-0.9530404256794324f,1.5325062075973488f,0f,0f,0f,1f], start_interpolation: 0, interpolation_duration: 1 }
$data merge entity $(bone_right_whisker14) { transformation: [-0.7110747012076718f,-0.6345821187542818f,-0.30278425299170825f,-0.5620501143813244f,-0.6672391622904998f,0.7448196138293167f,0.005970189362094119f,1.1789723769577862f,0.2217310749721203f,0.20627476193774627f,-0.9530404256794324f,1.4675459317266104f,0f,0f,0f,1f], start_interpolation: 0, interpolation_duration: 1 }
$data merge entity $(bone_right_whisker13) { transformation: [-0.09519839258433246f,-0.9926330313660919f,-0.07494618796391658f,-0.5341599603038832f,-0.9753701132867424f,0.0779638861121687f,0.2063365565509321f,1.4647253398347615f,-0.19897338554783264f,0.09274318035980965f,-0.9756066288932138f,1.525838915773827f,0f,0f,0f,1f], start_interpolation: 0, interpolation_duration: 1 }
$data merge entity $(bone_right_whisker12) { transformation: [0.06486421573745678f,-0.9965086845689389f,-0.05256496071955089f,-0.5594975445763273f,-0.9073404894876717f,-0.08082200426157626f,0.41255428705009756f,1.8191552185408832f,-0.4153623353808541f,0.020934306910547276f,-0.9094151335562531f,1.6880898280319732f,0f,0f,0f,1f], start_interpolation: 0, interpolation_duration: 1 }
$data merge entity $(bone_right_whisker11) { transformation: [0.29151158747032535f,-0.9560768683997216f,-0.030627048201100807f,-0.6733692584319231f,-0.9484575754032953f,-0.29305230548114686f,0.12061746934953893f,2.1896464589327955f,-0.12429489945542127f,-0.006112934088161513f,-0.992226491284223f,1.736642523131747f,0f,0f,0f,1f], start_interpolation: 0, interpolation_duration: 1 }
$data merge entity $(bone_right_whisker10) { transformation: [0.07117035392842287f,-0.994107575978945f,0.08176128731233107f,-0.7011701779352133f,-0.9892021976216967f,-0.08087162105755476f,-0.12222435570674522f,2.576053567378771f,0.12811632582192153f,-0.07217969443541437f,-0.9891290607241814f,1.686597083357559f,0f,0f,0f,1f], start_interpolation: 0, interpolation_duration: 1 }
$data merge entity $(bone_right_whisker1) { transformation: [-0.341016501295319f,-0.9386418173305529f,0.051568251887154574f,-0.5679606071167292f,-0.9287073867131401f,0.3448905034816109f,0.13620987656058958f,2.9388298903135914f,-0.14563768643022929f,-0.0014420009009248336f,-0.9893369420600101f,1.7434868046193672f,0f,0f,0f,1f], start_interpolation: 0, interpolation_duration: 1 }
$data merge entity $(bone_left_whisker16) { transformation: [0.25957006754078615f,-0.9204075934374638f,0.2923580715142439f,1.0614106907531244f,-0.9629350885866876f,-0.2696671504049546f,0.005970189362094119f,1.098643040647662f,0.07334436042000336f,-0.2830715279485516f,-0.9562902879667098f,1.6033260811455041f,0f,0f,0f,1f], start_interpolation: 0, interpolation_duration: 1 }
$data merge entity $(bone_left_whisker15) { transformation: [-0.8786526863526084f,-0.37748670809157864f,0.2923580715142439f,0.8039929115482588f,-0.39304836101860885f,0.9194984191066158f,0.005970189362094119f,0.9834921536304914f,-0.2710764516993864f,-0.10966513791819729f,-0.9562902879667098f,1.5239091519366996f,0f,0f,0f,1f], start_interpolation: 0, interpolation_duration: 1 }
$data merge entity $(bone_left_whisker14) { transformation: [-0.7134538140263638f,0.6367969953381585f,0.2923580715142439f,0.5949732394702225f,0.6672391622904998f,0.7448196138293167f,0.005970189362094119f,1.1789723769577862f,-0.2139522272777417f,0.19933220909687563f,-0.9562902879667098f,1.4612278353514236f,0f,0f,0f,1f], start_interpolation: 0, interpolation_duration: 1 }
$data merge entity $(bone_left_whisker13) { transformation: [-0.09301973323621028f,0.9935866805218706f,0.06428714893502604f,0.5677213644986765f,0.9753701132867424f,0.0779638861121687f,0.2063365565509321f,1.4647253398347615f,0.20000117833570727f,0.08189713518688392f,-0.9763669330290276f,1.519821930566963f,0f,0f,0f,1f], start_interpolation: 0, interpolation_duration: 1 }
$data merge entity $(bone_left_whisker12) { transformation: [0.06939650663591702f,0.9966778801303011f,0.04263013166411974f,0.5948293749033315f,0.9073404894876717f,-0.08082200426157626f,0.41255428705009756f,1.8191552185408832f,0.4146291849387878f,0.010050218212098182f,-0.9099349603740289f,1.6817864559336768f,0f,0f,0f,1f], start_interpolation: 0, interpolation_duration: 1 }
$data merge entity $(bone_left_whisker11) { transformation: [0.29285162373508183f,0.9559530930594934f,0.019789147169942692f,0.7092245404248478f,0.9484575754032953f,-0.29305230548114686f,0.12061746934953893f,2.1896464589327955f,0.12110389810335764f,-0.01655385520572608f,-0.9925017963419508f,1.729092666130301f,0f,0f,0f,1f], start_interpolation: 0, interpolation_duration: 1 }
$data merge entity $(bone_left_whisker10) { transformation: [0.06976695524547995f,0.9932600196266959f,-0.09255865905981506f,0.7364772573176135f,0.9892021976216967f,-0.08087162105755476f,-0.12222435570674522f,2.576053567378771f,-0.12888593474922289f,-0.08303200779638631f,-0.9881771609914488f,1.6787465978688858f,0f,0f,0f,1f], start_interpolation: 0, interpolation_duration: 1 }
$data merge entity $(bone_left_whisker1) { transformation: [-0.33940565995394223f,0.9385700928550074f,-0.06236969447874428f,0.6038969213981048f,0.9287073867131401f,0.3448905034816109f,0.13620987656058958f,2.9388298903135914f,0.14935323182200994f,-0.011692792923159723f,-0.9887147671285066f,1.7370877040493584f,0f,0f,0f,1f], start_interpolation: 0, interpolation_duration: 1 }
$data merge entity $(bone_upper_left_tooth1) { transformation: [-0.999985090999325f,0.0024595556867531326f,-0.0048752810068223365f,0.29131923966419765f,2.168404344971009e-19f,0.8928160867867152f,0.4504213973323833f,2.836093353196892f,0.00546056581974087f,0.4504146819994663f,-0.8928027757910747f,2.617967753067631f,0f,0f,0f,1f], start_interpolation: 0, interpolation_duration: 1 }
$data merge entity $(bone_upper_right_tooth1) { transformation: [-0.999985090999325f,0.0024595556867531326f,-0.0048752810068223365f,-0.2946095245932193f,2.168404344971009e-19f,0.8928160867867152f,0.4504213973323833f,2.836093353196892f,0.00546056581974087f,0.4504146819994663f,-0.8928027757910747f,2.6211673033526353f,0f,0f,0f,1f], start_interpolation: 0, interpolation_duration: 1 }
$data merge entity $(bone_top_lip1) { transformation: [-0.999985090999325f,0.00019737764760116008f,-0.0054569974469436695f,0.023033078625093732f,2.168404344971009e-19f,0.9993465195888123f,0.0361460064976431f,2.9320013312696838f,0.00546056581974087f,0.03614546759680776f,-0.9993316203308773f,2.6678186015764096f,0f,0f,0f,1f], start_interpolation: 0, interpolation_duration: 1 }
$data merge entity $(bone_muzzle1) { transformation: [-0.999985090999325f,0.0024595556867531326f,-0.0048752810068223365f,0.021012856798532993f,2.168404344971009e-19f,0.8928160867867152f,0.4504213973323833f,3.282717260648784f,0.00546056581974087f,0.4504146819994663f,-0.8928027757910747f,2.2978584593931894f,0f,0f,0f,1f], start_interpolation: 0, interpolation_duration: 1 }
$data merge entity $(bone_jaw_right_tooth1) { transformation: [-0.999985090999325f,-0.000765693505738989f,-0.005406615625970781f,-0.29464202290150365f,2.168404344971009e-19f,0.9901200359905835f,-0.14022237456984313f,2.7429499261285946f,0.00546056581974087f,-0.1402202839943662f,-0.9901052742902986f,2.615215937717677f,0f,0f,0f,1f], start_interpolation: 0, interpolation_duration: 1 }
$data merge entity $(bone_jaw_left_tooth1) { transformation: [-0.999985090999325f,-0.000765693505738989f,-0.005406615625970781f,0.34011413837736476f,2.168404344971009e-19f,0.9901200359905835f,-0.14022237456984313f,2.7429499261285946f,0.00546056581974087f,-0.1402202839943662f,-0.9901052742902986f,2.6117497582422557f,0f,0f,0f,1f], start_interpolation: 0, interpolation_duration: 1 }
$data merge entity $(bone_tongue1) { transformation: [-0.999985090999325f,0.0012333328184257193f,-0.005319461366596843f,0.018960262198685573f,2.168404344971009e-19f,0.9741593714274239f,0.22586172553163159f,2.8905139484136755f,0.00546056581974087f,0.225858358159013f,-0.9741448476846978f,1.9219699406076824f,0f,0f,0f,1f], start_interpolation: 0, interpolation_duration: 1 }
$data merge entity $(bone_jaw_lips1) { transformation: [-0.999985090999325f,0.0012333328184257193f,-0.005319461366596843f,0.07180497974145048f,2.168404344971009e-19f,0.9741593714274239f,0.22586172553163159f,2.6046571159835388f,0.00546056581974087f,0.225858358159013f,-0.9741448476846978f,2.6573890919193612f,0f,0f,0f,1f], start_interpolation: 0, interpolation_duration: 1 }
$data merge entity $(bone_jaw3) { transformation: [-0.999985090999325f,0.000184788049912522f,-0.005457438267935957f,0.06752782175587979f,2.168404344971009e-19f,0.9994272476684362f,0.033840458299116916f,2.5578944238423684f,0.00546056581974087f,0.033839953771701126f,-0.9994123472069261f,1.8741196728498264f,0f,0f,0f,1f], start_interpolation: 0, interpolation_duration: 1 }
$data merge entity $(bone_jaw1) { transformation: [-0.999985090999325f,0.0039896564903398645f,-0.0037283267239890984f,0.0646150665027633f,2.168404344971009e-19f,0.6827729665871921f,0.7306306016707245f,3.128699581397622f,0.00546056581974087f,0.7306197086985909f,-0.6827627871245725f,1.3407112454087542f,0f,0f,0f,1f], start_interpolation: 0, interpolation_duration: 1 }
$data merge entity $(bone_tear_right1) { transformation: [-0.999985090999325f,0.0028751050720580247f,-0.004642364687995603f,-0.5064546585992329f,2.168404344971009e-19f,0.8501618405940035f,0.5265214571105495f,3.3550799358991092f,0.00546056581974087f,0.52651360720179f,-0.8501491655305482f,2.276633299208538f,0f,0f,0f,1f], start_interpolation: 0, interpolation_duration: 1 }
$data merge entity $(bone_right_pupil1) { transformation: [-0.999985090999325f,0.0028751050720580247f,-0.004642364687995603f,-0.34477177538815384f,2.168404344971009e-19f,0.8501618405940035f,0.5265214571105495f,3.4072526865170465f,0.00546056581974087f,0.52651360720179f,-0.8501491655305482f,2.376984196707694f,0f,0f,0f,1f], start_interpolation: 0, interpolation_duration: 1 }
$data merge entity $(bone_right_sad_pupil1) { transformation: [-0.999985090999325f,0.0028751050720580247f,-0.004642364687995603f,-0.3448171109808101f,2.168404344971009e-19f,0.8501618405940035f,0.5265214571105495f,3.4123944976216416f,0.00546056581974087f,0.52651360720179f,-0.8501491655305482f,2.3686819587630596f,0f,0f,0f,1f], start_interpolation: 0, interpolation_duration: 1 }
$data merge entity $(bone_right_happy_pupil1) { transformation: [-0.999985090999325f,0.0028751050720580247f,-0.004642364687995603f,-0.36930068909264774f,2.168404344971009e-19f,0.8501618405940035f,0.5265214571105495f,3.3916388589858397f,0.00546056581974087f,0.52651360720179f,-0.8501491655305482f,2.3559611000740186f,0f,0f,0f,1f], start_interpolation: 0, interpolation_duration: 1 }
$data merge entity $(bone_eyelid_right1) { transformation: [-0.999985090999325f,0.0028751050720580247f,-0.004642364687995603f,0.028746992957049883f,2.168404344971009e-19f,0.8501618405940035f,0.5265214571105495f,3.627973244228648f,0.00546056581974087f,0.52651360720179f,-0.8501491655305482f,1.9258083428320585f,0f,0f,0f,1f], start_interpolation: 0, interpolation_duration: 1 }
$data merge entity $(bone_eyelid_expressions_right5) { transformation: [-0.999985090999325f,0.0028751050720580247f,-0.004642364687995603f,-0.4568390396551142f,2.168404344971009e-19f,0.8501618405940035f,0.5265214571105495f,3.4954181148671495f,0.00546056581974087f,0.52651360720179f,-0.8501491655305482f,2.4207125486478915f,0f,0f,0f,1f], start_interpolation: 0, interpolation_duration: 1 }
$data merge entity $(bone_eyelid_expressions_right7) { transformation: [-0.999985090999325f,0.0028751050720580247f,-0.004642364687995603f,-0.16387465752640568f,2.168404344971009e-19f,0.8501618405940035f,0.5265214571105495f,3.4954181148671495f,0.00546056581974087f,0.52651360720179f,-0.8501491655305482f,2.4191127735053897f,0f,0f,0f,1f], start_interpolation: 0, interpolation_duration: 1 }
$data merge entity $(bone_eyelid_expressions_right6) { transformation: [-0.999985090999325f,0.0028751050720580247f,-0.004642364687995603f,-0.2615294515693085f,2.168404344971009e-19f,0.8501618405940035f,0.5265214571105495f,3.4954181148671495f,0.00546056581974087f,0.52651360720179f,-0.8501491655305482f,2.4196460318862236f,0f,0f,0f,1f], start_interpolation: 0, interpolation_duration: 1 }
$data merge entity $(bone_right_eye1) { transformation: [-0.999985090999325f,0.0028751050720580247f,-0.004642364687995603f,0.019026849145415806f,2.168404344971009e-19f,0.8501618405940035f,0.5265214571105495f,3.6228314331240528f,0.00546056581974087f,0.52651360720179f,-0.8501491655305482f,1.9341639066147762f,0f,0f,0f,1f], start_interpolation: 0, interpolation_duration: 1 }
$data merge entity $(bone_tear_left1) { transformation: [-0.999985090999325f,0.0028751050720580247f,-0.004642364687995603f,0.5482171170641177f,2.168404344971009e-19f,0.8501618405940035f,0.5265214571105495f,3.3550799358991092f,0.00546056581974087f,0.52651360720179f,-0.8501491655305482f,2.27087410869553f,0f,0f,0f,1f], start_interpolation: 0, interpolation_duration: 1 }
$data merge entity $(bone_left_sad_pupil1) { transformation: [-0.999985090999325f,0.0028751050720580247f,-0.004642364687995603f,0.38759384434096117f,2.168404344971009e-19f,0.8501618405940035f,0.5265214571105495f,3.4123944976216416f,0.00546056581974087f,0.52651360720179f,-0.8501491655305482f,2.364682520906804f,0f,0f,0f,1f], start_interpolation: 0, interpolation_duration: 1 }
$data merge entity $(bone_left_pupil1) { transformation: [-0.999985090999325f,0.0028751050720580247f,-0.004642364687995603f,0.3876391799336174f,2.168404344971009e-19f,0.8501618405940035f,0.5265214571105495f,3.4072526865170465f,0.00546056581974087f,0.52651360720179f,-0.8501491655305482f,2.3729847588514383f,0f,0f,0f,1f], start_interpolation: 0, interpolation_duration: 1 }
$data merge entity $(bone_eyelid_left1) { transformation: [-0.999985090999325f,0.0028751050720580247f,-0.004642364687995603f,0.009216034148469316f,2.168404344971009e-19f,0.8501618405940035f,0.5265214571105495f,3.627973244228648f,0.00546056581974087f,0.52651360720179f,-0.8501491655305482f,1.9259149945082255f,0f,0f,0f,1f], start_interpolation: 0, interpolation_duration: 1 }
$data merge entity $(bone_left_happy_pupil1) { transformation: [-0.999985090999325f,0.0028751050720580247f,-0.004642364687995603f,0.41193766325057485f,2.168404344971009e-19f,0.8501618405940035f,0.5265214571105495f,3.3916388589858397f,0.00546056581974087f,0.52651360720179f,-0.8501491655305482f,2.351695033027346f,0f,0f,0f,1f], start_interpolation: 0, interpolation_duration: 1 }
$data merge entity $(bone_eyelid_expressions_left5) { transformation: [-0.999985090999325f,0.0028751050720580247f,-0.004642364687995603f,0.5001779419653335f,2.168404344971009e-19f,0.8501618405940035f,0.5265214571105495f,3.4954181148671495f,0.00546056581974087f,0.52651360720179f,-0.8501491655305482f,2.4154866165157176f,0f,0f,0f,1f], start_interpolation: 0, interpolation_duration: 1 }
$data merge entity $(bone_eyelid_expressions_left7) { transformation: [-0.999985090999325f,0.0028751050720580247f,-0.004642364687995603f,0.20721355983662498f,2.168404344971009e-19f,0.8501618405940035f,0.5265214571105495f,3.4954181148671495f,0.00546056581974087f,0.52651360720179f,-0.8501491655305482f,2.41708639165822f,0f,0f,0f,1f], start_interpolation: 0, interpolation_duration: 1 }
$data merge entity $(bone_eyelid_expressions_left6) { transformation: [-0.999985090999325f,0.0028751050720580247f,-0.004642364687995603f,0.3048683538795278f,2.168404344971009e-19f,0.8501618405940035f,0.5265214571105495f,3.4954181148671495f,0.00546056581974087f,0.52651360720179f,-0.8501491655305482f,2.416553133277386f,0f,0f,0f,1f], start_interpolation: 0, interpolation_duration: 1 }
$data merge entity $(bone_left_eye1) { transformation: [-0.999985090999325f,0.0028751050720580247f,-0.004642364687995603f,0.019026849145415806f,2.168404344971009e-19f,0.8501618405940035f,0.5265214571105495f,3.6228314331240528f,0.00546056581974087f,0.52651360720179f,-0.8501491655305482f,1.9341639066147762f,0f,0f,0f,1f], start_interpolation: 0, interpolation_duration: 1 }
$data merge entity $(bone_crest_middle5) { transformation: [-0.999985090999325f,0.001802161981070868f,-0.005154608740312402f,0.024415802485968918f,2.168404344971009e-19f,0.9439697112847936f,0.3300320956769257f,4.428963435983915f,0.00546056581974087f,0.3300271752281884f,-0.9439556376397308f,2.9210347135121904f,0f,0f,0f,1f], start_interpolation: 0, interpolation_duration: 1 }
$data merge entity $(bone_crest_middle4) { transformation: [-0.999985090999325f,0.001802161981070868f,-0.005154608740312402f,0.023359848200185208f,2.168404344971009e-19f,0.9439697112847936f,0.3300320956769257f,3.875856183277981f,0.00546056581974087f,0.3300271752281884f,-0.9439556376397308f,2.7276594155269236f,0f,0f,0f,1f], start_interpolation: 0, interpolation_duration: 1 }
$data merge entity $(bone_crest_middle1) { transformation: [-0.999985090999325f,0.001802161981070868f,-0.005154608740312402f,0.022945418916509756f,2.168404344971009e-19f,0.9439697112847936f,0.3300320956769257f,3.4368533679809135f,0.00546056581974087f,0.3300271752281884f,-0.9439556376397308f,2.6517656128278015f,0f,0f,0f,1f], start_interpolation: 0, interpolation_duration: 1 }
$data merge entity $(bone_crest_left5) { transformation: [-0.5397164367701873f,-0.8352380218008004f,0.10527874818014411f,-0.9372128384324914f,-0.7170192239135207f,0.521608549234913f,0.46239372173884663f,3.9096210819548993f,-0.44112311254177666f,0.1740746055670818f,-0.8804024257566081f,2.7057316544211716f,0f,0f,0f,1f], start_interpolation: 0, interpolation_duration: 1 }
$data merge entity $(bone_crest_left4) { transformation: [-0.5397164367701873f,-0.8352380218008004f,0.10527874818014411f,-0.5293817731000693f,-0.7170192239135207f,0.521608549234913f,0.46239372173884663f,3.6549294075237895f,-0.44112311254177666f,0.1740746055670818f,-0.8804024257566081f,2.62073428842162f,0f,0f,0f,1f], start_interpolation: 0, interpolation_duration: 1 }
$data merge entity $(bone_crest_left1) { transformation: [-0.5397164367701873f,-0.8352380218008004f,0.10527874818014411f,-0.07562703735842141f,-0.7170192239135207f,0.521608549234913f,0.46239372173884663f,3.3973463840938485f,-0.44112311254177666f,0.1740746055670818f,-0.8804024257566081f,2.484248786126966f,0f,0f,0f,1f], start_interpolation: 0, interpolation_duration: 1 }
$data merge entity $(bone_crest_center1) { transformation: [-0.999985090999325f,0.0028751050720580247f,-0.004642364687995603f,0.02195756458802845f,2.168404344971009e-19f,0.8501618405940035f,0.5265214571105495f,3.3765907454580466f,0.00546056581974087f,0.52651360720179f,-0.8501491655305482f,2.4708613561683093f,0f,0f,0f,1f], start_interpolation: 0, interpolation_duration: 1 }
$data merge entity $(bone_crest_right5) { transformation: [-0.5348667587230133f,0.8370892752542993f,-0.1148873172607386f,0.9836357781493092f,0.7170192239135207f,0.521608549234913f,0.46239372173884663f,3.9096210819548993f,0.44699103229437426f,0.16494261614052655f,-0.8792001765406604f,2.695242577738916f,0f,0f,0f,1f], start_interpolation: 0, interpolation_duration: 1 }
$data merge entity $(bone_crest_right4) { transformation: [-0.5348667587230133f,0.8370892752542993f,-0.1148873172607386f,0.5749007804665459f,0.7170192239135207f,0.521608549234913f,0.46239372173884663f,3.6549294075237895f,0.44699103229437426f,0.16494261614052655f,-0.8792001765406604f,2.61470419095155f,0f,0f,0f,1f], start_interpolation: 0, interpolation_duration: 1 }
$data merge entity $(bone_crest_right1) { transformation: [-0.5348667587230133f,0.8370892752542993f,-0.1148873172607386f,0.11968255072738423f,0.7170192239135207f,0.521608549234913f,0.46239372173884663f,3.3973463840938485f,0.44699103229437426f,0.16494261614052655f,-0.8792001765406604f,2.4831822693652974f,0f,0f,0f,1f], start_interpolation: 0, interpolation_duration: 1 }
$data merge entity $(bone_head1) { transformation: [-0.999985090999325f,0.0028751050720580247f,-0.004642364687995603f,0.016393005559477834f,2.168404344971009e-19f,0.8501618405940035f,0.5265214571105495f,3.8641192352540354f,0.00546056581974087f,0.52651360720179f,-0.8501491655305482f,1.451832147433242f,0f,0f,0f,1f], start_interpolation: 0, interpolation_duration: 1 }
$data merge entity $(bone_neck10) { transformation: [-1.3020639205720377f,0.003440387290283267f,-0.006222332706588723f,0.010927477318948388f,2.8234431575143343e-19f,1.1395032881196918f,0.6300422710492171f,3.971173366940695f,0.0071101117444542575f,0.6300328777485726f,-1.1394862992644f,0.4509382958827851f,0f,0f,0f,1f], start_interpolation: 0, interpolation_duration: 1 }
$data merge entity $(bone_neck9) { transformation: [-0.999985090999325f,0.002875105072058025f,-0.004642364687995603f,0.007504119546218258f,2.168404344971009e-19f,0.8501618405940035f,0.5265214571105495f,2.8661572872261125f,0.00546056581974087f,0.5265136072017901f,-0.8501491655305482f,-0.17597599228694136f,0f,0f,0f,1f], start_interpolation: 0, interpolation_duration: 1 }
$data merge entity $(bone_neck8) { transformation: [-0.999985090999325f,-0.0010165863128143372f,-0.005365103106215279f,0.008387885618117603f,2.168404344971009e-19f,0.9825177982141562f,-0.18616867672196255f,2.2311075919591348f,0.00546056581974087f,-0.18616590113303566f,-0.9825031498556395f,-0.014133259316767122f,0f,0f,0f,1f], start_interpolation: 0, interpolation_duration: 1 }
$data merge entity $(bone_neck7) { transformation: [-0.999985090999325f,-0.00242472510097904f,-0.004892697339546405f,0.010475548128619335f,2.168404344971009e-19f,0.8960055607897767f,-0.4440428301794747f,1.5098443462373043f,0.00546056581974087f,-0.4440362099446199f,-0.8959922022422661f,0.368177192466968f,0f,0f,0f,1f], start_interpolation: 0, interpolation_duration: 1 }
$data merge entity $(bone_neck6) { transformation: [-0.999985090999325f,-0.0015096469947850017f,-0.005247737133551842f,0.011629946680217156f,2.168404344971009e-19f,0.9610244261831591f,-0.276463473680213f,0.7426843680583715f,0.00546056581974087f,-0.2764593518860974f,-0.9610100982693404f,0.5795804387195362f,0f,0f,0f,1f], start_interpolation: 0, interpolation_duration: 1 }
$data merge entity $(bone_neck_spine6) { transformation: [-1.1023820548751702f,0.07370486856803947f,0.0652922273775871f,-0.05138500403919571f,0.046571410991355984f,-0.25633769664740286f,1.075668985549523f,0.5036991030123901f,0.0867559005764606f,1.0741509461636356f,0.25221981700154983f,-1.699347440757354f,0f,0f,0f,1f], start_interpolation: 0, interpolation_duration: 1 }
$data merge entity $(bone_neck_spine7) { transformation: [-0.9982686095878964f,0.02598138320323514f,0.0527707384664503f,-0.2095454975869323f,0.05860535028865118f,0.36277581369939743f,0.9300317854311672f,0.8802353020131579f,0.005019564621791511f,0.9315141849277373f,-0.3636703551974243f,-4.949832893647497f,0f,0f,0f,1f], start_interpolation: 0, interpolation_duration: 1 }
$data merge entity $(bone_tail6) { transformation: [-1.3680822788293316f,-0.5546904991463749f,-0.2507261657544255f,0.6178435713392165f,-0.588670172444027f,1.0485684706169185f,0.8922812741433295f,-1.1140447878548032f,-0.1549599564787301f,0.913792588210733f,-1.1760802690731906f,-7.56274269595919f,0f,0f,0f,1f], start_interpolation: 0, interpolation_duration: 1 }
$data merge entity $(bone_tail5) { transformation: [-1.130154925989448f,-0.4582225862513532f,-0.20712161518843852f,0.328439832654151f,-0.4862927511494136f,0.8662087365965849f,0.7371019221184028f,-0.5669655857938016f,-0.1280103988302553f,0.7548721380871273f,-0.9715445701039401f,-7.0859813455883724f,0f,0f,0f,1f], start_interpolation: 0, interpolation_duration: 1 }
$data merge entity $(bone_tail4) { transformation: [-0.9136410349051537f,-0.3704367855168834f,-0.16744147417339028f,0.1837379633116184f,-0.3931292977713154f,0.7002613786380812f,0.5958887117757192f,-0.29342598476330106f,-0.10348630137014322f,0.610254528474646f,-0.7854170840419221f,-6.847600670402964f,0f,0f,0f,1f], start_interpolation: 0, interpolation_duration: 1 }
$data merge entity $(bone_segment18) { transformation: [-0.9136410349051537f,-0.3527284174804291f,-0.20209582588265335f,0.011507290713752616f,-0.3931292977713154f,0.6400730567714632f,0.6601180479498099f,0.019109687488389926f,-0.10348630137014322f,0.682560726600196f,-0.7234648850716534f,-6.514319065617713f,0f,0f,0f,1f], start_interpolation: 0, interpolation_duration: 1 }
$data merge entity $(bone_segment17) { transformation: [-0.9603263554092483f,-0.2594050632358571f,0.10238312494738f,-0.15315412637932074f,-0.00020907919387117002f,0.36779390194748945f,0.9299073082711692f,0.2525726135292768f,-0.2788785531235426f,0.8929930900392464f,-0.3532564136004864f,-5.947477748698269f,0f,0f,0f,1f], start_interpolation: 0, interpolation_duration: 1 }
$data merge entity $(bone_segment16) { transformation: [-0.9924931858206482f,-0.09845071378910714f,0.07255848023487936f,-0.23487591028629443f,0.04508765194999589f,0.2569487547752704f,0.9653726954192738f,0.46586015411421805f,-0.11368544208128016f,0.9613973134837925f,-0.2505809767020046f,-5.1494428693416054f,0f,0f,0f,1f], start_interpolation: 0, interpolation_duration: 1 }
$data merge entity $(bone_segment15) { transformation: [-0.9982686095878964f,0.011438016899476298f,0.05769709594819432f,-0.22314747498897985f,0.05860535028865118f,0.10970458898499238f,0.9922350105056656f,0.5783502111789075f,0.005019564621791511f,0.9938984228406046f,-0.11018497649846118f,-4.1303087443585635f,0f,0f,0f,1f], start_interpolation: 0, interpolation_duration: 1 }
$data merge entity $(bone_segment14) { transformation: [-0.996807468972514f,0.054212499718705134f,0.05861633453961266f,-0.1675584860196045f,0.048573949429599465f,-0.17089962306288584f,0.9840903872479266f,0.4031113398741906f,0.06336750932000647f,0.9837958750224626f,0.16772070549388357f,-3.121533677196859f,0f,0f,0f,1f], start_interpolation: 0, interpolation_duration: 1 }
$data merge entity $(bone_segment13) { transformation: [-0.99603460958133f,0.05533869149420563f,0.06966122120574889f,-0.10981331765527515f,0.04207863957807222f,-0.39685840729855765f,0.9169148230057745f,-0.04558673160121407f,0.07838650781496674f,0.9162101471715762f,0.39295613191858075f,-2.1469170909305197f,0f,0f,0f,1f], start_interpolation: 0, interpolation_duration: 1 }
$data merge entity $(bone_segment12) { transformation: [-0.9971274668240162f,0.0573333824133425f,0.04949442560698854f,-0.042625760139639396f,0.04371625332684519f,-0.09798850988539204f,0.9942269062570694f,-0.16041701662315788f,0.0618522764349332f,0.9935346673324922f,0.09520063397021467f,-0.9826186526502552f,0f,0f,0f,1f], start_interpolation: 0, interpolation_duration: 1 }
$data merge entity $(bone_segment11) { transformation: [-1.0344784448124755f,0.03538343904317142f,0.012280935383847832f,0.0031194709192543905f,0.026666092355271086f,0.4574512336692039f,0.9282110483328058f,0.368116264107867f,0.026300734798180566f,0.9279196317408444f,-0.4580631946501203f,0.08961817089115365f,0f,0f,0f,1f], start_interpolation: 0, interpolation_duration: 1 }
$data merge entity $(bone_segment10) { transformation: [-0.999985090999325f,0.0033434991427695026f,-0.004317266792082913f,0.01203981395594561f,2.168404344971009e-19f,0.7906262710862786f,0.612299027819093f,1.097746706662678f,0.00546056581974087f,0.6122898990524738f,-0.7906144836386693f,0.6546388078605596f,0f,0f,0f,1f], start_interpolation: 0, interpolation_duration: 1 }