# This file was generated by Animated Java via MC-Build. It is not recommended to edit this file directly.
$data merge entity $(bone_neck_spine5) { transformation: [-1.5719346975557045f,-0.010287632721266173f,0.03057232065267887f,0.1277803266914594f,-6.81861522539712e-19f,1.4901597501159993f,0.5014410381000591f,4.354308332990606f,-0.032256815978919565f,0.5013354957549458f,-1.4898461041583078f,-0.35604716342843024f,0f,0f,0f,1f], start_interpolation: 0, interpolation_duration: 1 }
$data merge entity $(bone_neck_spine2) { transformation: [-1.4970806643387657f,-0.010824831757043145f,0.028750463725986514f,-0.026443261025464834f,-6.493919262282969e-19f,1.4013585794927577f,0.5276252584610287f,5.346316124831657f,-0.030720777122780527f,0.5275142049115826f,-1.4010636242346386f,1.6855867372696496f,0f,0f,0f,1f], start_interpolation: 0, interpolation_duration: 1 }
$data merge entity $(bone_scale_neck_left1) { transformation: [-1.5947996338034445f,0.3946414349170333f,0.11801418010009243f,0.7666911275564837f,0.37594784501260337f,1.2017053785449734f,1.0618957019614188f,4.514301521412737f,0.16832238914788383f,1.0550911817754802f,-1.2535969257655513f,1.3524519521967475f,0f,0f,0f,1f], start_interpolation: 0, interpolation_duration: 1 }
$data merge entity $(bone_scale_neck_right1) { transformation: [-1.586551897186736f,-0.4375928933647575f,-0.06648772854821287f,-0.8052435699992201f,-0.37594784501260337f,1.2017053785449734f,1.0618957019614188f,4.514301521412737f,-0.2336051716063248f,1.0380133542929082f,-1.2573829889679746f,1.320195136217828f,0f,0f,0f,1f], start_interpolation: 0, interpolation_duration: 1 }
$data merge entity $(bone_blush_right1) { transformation: [-0.9997895219236279f,-0.011352909260953854f,0.017088689330551014f,-0.7043364631334343f,-4.336808689942018e-19f,0.8329389617465137f,0.5533648760127802f,3.627097638432102f,-0.020516136374169953f,0.5532484048381452f,-0.83276364635611f,2.424169476458387f,0f,0f,0f,1f], start_interpolation: 0, interpolation_duration: 1 }
$data merge entity $(bone_blush_left1) { transformation: [-0.9997895219236279f,-0.011352909260953854f,0.017088689330551014f,0.6205799248063733f,-4.336808689942018e-19f,0.8329389617465137f,0.5533648760127802f,3.627097638432102f,-0.020516136374169953f,0.5532484048381452f,-0.83276364635611f,2.451357364212048f,0f,0f,0f,1f], start_interpolation: 0, interpolation_duration: 1 }
$data merge entity $(bone_left_head_scales) { transformation: [-0.8947148154447194f,-0.011352909260953854f,-0.4464935727141369f,0.6302376174676092f,-0.2555154641118777f,0.8329389617465137f,0.4908406397236595f,4.45263595532728f,0.3663294236386335f,0.5532484048381452f,-0.748143673314581f,2.5281168862105656f,0f,0f,0f,1f], start_interpolation: 0, interpolation_duration: 1 }
$data merge entity $(bone_left_head_scales2) { transformation: [-0.8287813002705812f,-0.011352909260953854f,-0.5594574762867301f,0.6375587870091692f,-0.3173970535852489f,0.8329389617465137f,0.45328996942359334f,3.61107415267201f,0.4608477695478273f,0.5532484048381452f,-0.693927615711351f,2.1713426640868696f,0f,0f,0f,1f], start_interpolation: 0, interpolation_duration: 1 }
$data merge entity $(bone_left_head_scales1) { transformation: [-0.9997895219236279f,-0.011352909260953854f,0.017088689330551014f,0.6315126023943765f,-4.336808689942018e-19f,0.8329389617465137f,0.5533648760127802f,4.359093005521764f,-0.020516136374169953f,0.5532484048381452f,-0.83276364635611f,2.465984496995344f,0f,0f,0f,1f], start_interpolation: 0, interpolation_duration: 1 }
$data merge entity $(bone_right_head_scales) { transformation: [-0.8789334582439469f,-0.011352909260953854f,0.47680927783616855f,-0.71713498043728f,0.2555154641118777f,0.8329389617465137f,0.4908406397236595f,4.45263595532728f,-0.4027254940763345f,0.5532484048381452f,-0.7291970782751533f,2.500468186800063f,0f,0f,0f,1f], start_interpolation: 0, interpolation_duration: 1 }
$data merge entity $(bone_right_head_scales2) { transformation: [-0.8091779612143261f,-0.011352909260953854f,0.5874539458854109f,-0.7098138108957199f,0.3173970535852489f,0.8329389617465137f,0.45328996942359334f,3.61107415267201f,-0.4944594396514534f,0.5532484048381452f,-0.670392470932974f,2.143693964676367f,0f,0f,0f,1f], start_interpolation: 0, interpolation_duration: 1 }
$data merge entity $(bone_right_head_scales1) { transformation: [-0.9997895219236279f,-0.011352909260953854f,0.017088689330551014f,-0.7158599955105127f,-4.336808689942018e-19f,0.8329389617465137f,0.5533648760127802f,4.359093005521764f,-0.020516136374169953f,0.5532484048381452f,-0.83276364635611f,2.4383357975848416f,0f,0f,0f,1f], start_interpolation: 0, interpolation_duration: 1 }
$data merge entity $(bone_head_left_fin1) { transformation: [-0.7422321261154242f,0.01643658266001318f,-0.7399300694915779f,0.6377331405848433f,-0.1705057046832271f,1.0159333470220164f,0.19360381479788213f,4.054916146328582f,0.7202044665633688f,0.25745770756432423f,-0.716726065650657f,2.1628460897373074f,0f,0f,0f,1f], start_interpolation: 0, interpolation_duration: 1 }
$data merge entity $(bone_head_right_fin1) { transformation: [-0.712061891381016f,-0.026984597326909044f,0.7687098883032326f,-0.7096394573200459f,0.1705057046832271f,1.0159333470220164f,0.19360381479788213f,4.054916146328582f,-0.7500472422044758f,0.2565666851735063f,-0.6857680865611294f,2.135197390326805f,0f,0f,0f,1f], start_interpolation: 0, interpolation_duration: 1 }
$data merge entity $(bone_right_whisker16) { transformation: [0.26001416818466283f,0.9247387267275848f,-0.2779404965698289f,-1.2312430764171287f,0.9648294190972413f,-0.26034285820339936f,0.03641137496667832f,1.3293621517659866f,-0.03868881476237466f,-0.2776326412234875f,-0.9599079602438731f,1.8681327870553854f,0f,0f,0f,1f], start_interpolation: 0, interpolation_duration: 1 }
$data merge entity $(bone_right_whisker15) { transformation: [-0.8828887994310163f,0.37849233572923996f,-0.2779404965698289f,-0.9337854242650774f,0.38405109917777785f,0.9225936077132639f,0.03641137496667832f,1.1999699357344111f,0.27020755181822576f,-0.07459615808369706f,-0.9599079602438731f,1.7770960630541277f,0f,0f,0f,1f], start_interpolation: 0, interpolation_duration: 1 }
$data merge entity $(bone_right_whisker14) { transformation: [-0.7161554809309693f,-0.6402112210037005f,-0.2779404965698289f,-0.6925025718029836f,-0.67384676298665f,0.737973408589665f,0.03641137496667832f,1.4269983861547177f,0.18180172481290008f,0.21336550966710066f,-0.9599079602438731f,1.7158445053779066f,0f,0f,0f,1f], start_interpolation: 0, interpolation_duration: 1 }
$data merge entity $(bone_right_whisker13) { transformation: [-0.08936183553139898f,-0.9947572270582713f,-0.04972445641531094f,-0.6623953127616431f,-0.9685124039809655f,0.07513959911724048f,0.2373557751130378f,1.753303834761586f,-0.23237509695634306f,0.06936930055751846f,-0.9701493258538558f,1.7941349433172995f,0f,0f,0f,1f], start_interpolation: 0, interpolation_duration: 1 }
$data merge entity $(bone_right_whisker12) { transformation: [0.07622076485995584f,-0.9966631833855933f,-0.029204347071260985f,-0.6966351094760764f,-0.8936448272515732f,-0.08127494566493504f,0.4413539463216198f,2.1547458470035035f,-0.44225481086209656f,-0.007542021669101832f,-0.8968577368671544f,1.992804096634257f,0f,0f,0f,1f], start_interpolation: 0, interpolation_duration: 1 }
$data merge entity $(bone_right_whisker11) { transformation: [0.2952610649376356f,-0.9554038792304039f,-0.0049326548013557125f,-0.82927191599103f,-0.9440623148437565f,-0.2925418382748173f,0.15220255763500945f,2.5788363399997225f,-0.14685792189644092f,-0.04028275574345182f,-0.988337012544796f,2.058775428736174f,0f,0f,0f,1f], start_interpolation: 0, interpolation_duration: 1 }
$data merge entity $(bone_right_whisker10) { transformation: [0.0684670119139316f,-0.991845164761803f,0.10749622048337286f,-0.8600285814992414f,-0.9927969844996904f,-0.07835564386091623f,-0.0906341030929445f,3.0248193603804427f,0.09831793248384937f,-0.10051647732473337f,-0.9900656654678656f,2.0146091700031947f,0f,0f,0f,1f], start_interpolation: 0, interpolation_duration: 1 }
$data merge entity $(bone_right_whisker1) { transformation: [-0.3365123963239434f,-0.9385133631041253f,0.07714968823852651f,-0.708860903463095f,-0.9235314261620784f,0.3449245266425546f,0.1676805767268445f,3.439686993226689f,-0.18398128168744465f,-0.014823568915554863f,-0.9828179637111091f,2.0972570113862266f,0f,0f,0f,1f], start_interpolation: 0, interpolation_duration: 1 }
$data merge entity $(bone_left_whisker16) { transformation: [0.2582081262268544f,-0.9125707592342377f,0.3170854347665056f,1.1698536225593328f,-0.9648294190972413f,-0.26034285820339936f,0.03641137496667832f,1.3293621517659866f,0.049322972283675506f,-0.3153350687334531f,-0.9476977571103414f,1.917404384970305f,0f,0f,0f,1f], start_interpolation: 0, interpolation_duration: 1 }
$data merge entity $(bone_left_whisker15) { transformation: [-0.871060666366116f,-0.37511350624678125f,0.3170854347665056f,0.8763810347699675f,-0.38405109917777785f,0.9225936077132639f,0.03641137496667832f,1.1999699357344111f,-0.30619939374557614f,-0.09006049321355876f,-0.9476977571103414f,1.814241503288446f,0f,0f,0f,1f], start_interpolation: 0, interpolation_duration: 1 }
$data merge entity $(bone_left_whisker14) { transformation: [-0.708094436424422f,0.6309192469434707f,0.3170854347665056f,0.6378140615605679f,0.67384676298665f,0.737973408589665f,0.03641137496667832f,1.4269983861547177f,-0.21102798183462101f,0.23944968584409274f,-0.9476977571103414f,1.7431432086273677f,0f,0f,0f,1f], start_interpolation: 0, interpolation_duration: 1 }
$data merge entity $(bone_left_whisker13) { transformation: [-0.09881948009544435f,0.9910740358851206f,0.089481650342654f,0.6045203890674739f,0.9685124039809655f,0.07513959911724048f,0.2373557751130378f,1.753303834761586f,0.2285135306468233f,0.11011946257986957f,-0.9672927531375616f,1.8201326305738073f,0f,0f,0f,1f], start_interpolation: 0, interpolation_duration: 1 }
$data merge entity $(bone_left_whisker12) { transformation: [0.05801369987656592f,0.9961335698477973f,0.0659721278186131f,0.6305812308088999f,0.8936448272515732f,-0.08127494566493504f,0.4413539463216198f,2.1547458470035035f,0.44500936321962614f,0.03335107538664275f,-0.8949046722514176f,2.0200391804576237f,0f,0f,0f,1f], start_interpolation: 0, interpolation_duration: 1 }
$data merge entity $(bone_left_whisker11) { transformation: [0.2889878611908086f,0.9562521427214791f,0.045473680573956246f,0.7603999965782086f,0.9440623148437565f,-0.2925418382748173f,0.15220255763500945f,2.5788363399997225f,0.15884697597439426f,-0.0010547034515974926f,-0.9873026515838085f,2.091396220446121f,0f,0f,0f,1f], start_interpolation: 0, interpolation_duration: 1 }
$data merge entity $(bone_left_whisker10) { transformation: [0.07244273386974233f,0.9951337574053625f,-0.06678963378970659f,0.7929426309337568f,0.9927969844996904f,-0.07835564386091623f,-0.0906341030929445f,3.0248193603804427f,-0.09542640031877403f,-0.05974276481237439f,-0.9936420905812989f,2.048528892177922f,0f,0f,0f,1f], start_interpolation: 0, interpolation_duration: 1 }
$data merge entity $(bone_left_whisker1) { transformation: [-0.3437766934081951f,0.93833141700973f,-0.03676597505629642f,0.6385116944417941f,0.9235314261620784f,0.3449245266425546f,0.1676805767268445f,3.439686993226689f,0.1700214397079538f,0.0236901408379529f,-0.985155565008244f,2.124905710796729f,0f,0f,0f,1f], start_interpolation: 0, interpolation_duration: 1 }
$data merge entity $(bone_upper_left_tooth1) { transformation: [-0.9997895219236279f,-0.009820330602490752f,0.018013132947417104f,0.2529432573859167f,-4.336808689942018e-19f,0.8779983043052798f,0.4786637417196471f,3.2893587284850967f,-0.020516136374169953f,0.47856299349606096f,-0.8778135049111319f,3.1239578339217027f,0f,0f,0f,1f], start_interpolation: 0, interpolation_duration: 1 }
$data merge entity $(bone_upper_right_tooth1) { transformation: [-0.9997895219236279f,-0.009820330602490752f,0.018013132947417104f,-0.4207430415665278f,-4.336808689942018e-19f,0.8779983043052798f,0.4786637417196471f,3.2893587284850967f,-0.020516136374169953f,0.47856299349606096f,-0.8778135049111319f,3.110133484216451f,0f,0f,0f,1f], start_interpolation: 0, interpolation_duration: 1 }
$data merge entity $(bone_top_lip1) { transformation: [-0.9997895219236279f,-0.0008299236424262248f,0.020499343366832068f,-0.05704242640999958f,-4.336808689942018e-19f,0.9991814732056936f,0.040452238535083396f,3.3978223861946844f,-0.020516136374169953f,0.040443724225731614f,-0.9989711674112669f,3.176741035190119f,0f,0f,0f,1f], start_interpolation: 0, interpolation_duration: 1 }
$data merge entity $(bone_muzzle1) { transformation: [-0.9997895219236279f,-0.009820330602490752f,0.018013132947417104f,-0.04858193381641054f,-4.336808689942018e-19f,0.8779983043052798f,0.4786637417196471f,3.8145082836375144f,-0.020516136374169953f,0.47856299349606096f,-0.8778135049111319f,2.764445479578957f,0f,0f,0f,1f], start_interpolation: 0, interpolation_duration: 1 }
$data merge entity $(bone_jaw_right_tooth1) { transformation: [-0.9997895219236279f,0.0024595538448536525f,0.020368172392431418f,-0.4206451223184273f,-4.336808689942018e-19f,0.9927879217100138f,-0.11988387091978289f,3.199034546047273f,-0.020516136374169953f,-0.11985863799324363f,-0.992578961618007f,3.105361696952997f,0f,0f,0f,1f], start_interpolation: 0, interpolation_duration: 1 }
$data merge entity $(bone_jaw_left_tooth1) { transformation: [-0.9997895219236279f,0.0024595538448536525f,0.020368172392431418f,0.3091817015467209f,-4.336808689942018e-19f,0.9927879217100138f,-0.11988387091978289f,3.199034546047273f,-0.020516136374169953f,-0.11985863799324363f,-0.992578961618007f,3.120338075800352f,0f,0f,0f,1f], start_interpolation: 0, interpolation_duration: 1 }
$data merge entity $(bone_tongue1) { transformation: [-0.9997895219236279f,-0.00466465214171852f,0.019978810578217626f,-0.039359144101290294f,-4.336808689942018e-19f,0.9738096010792346f,0.2273650387502476f,3.3690301076899276f,-0.020516136374169953f,0.22731718339425727f,-0.9736046355076469f,2.3150017660105786f,0f,0f,0f,1f], start_interpolation: 0, interpolation_duration: 1 }
$data merge entity $(bone_jaw_lips1) { transformation: [-0.9997895219236279f,-0.00466465214171852f,0.019978810578217626f,-0.000565891847580647f,-4.336808689942018e-19f,0.9738096010792346f,0.2273650387502476f,3.038989290276819f,-0.020516136374169953f,0.22731718339425727f,-0.9736046355076469f,3.1615186885275532f,0f,0f,0f,1f], start_interpolation: 0, interpolation_duration: 1 }
$data merge entity $(bone_jaw3) { transformation: [-0.9997895219236279f,-0.0011147083229887337f,0.020485831129788204f,0.017933237686086904f,-4.336808689942018e-19f,0.9985228581137765f,0.05433324787176602f,3.003699860660901f,-0.020516136374169953f,0.05432181191427099f,-0.9983126909433873f,2.260021665152604f,0f,0f,0f,1f], start_interpolation: 0, interpolation_duration: 1 }
$data merge entity $(bone_jaw1) { transformation: [-0.9997895219236279f,-0.01527388792434613f,0.013697452295885294f,0.03023954248317135f,-4.336808689942018e-19f,0.6676428761280089f,0.7444816921560395f,3.6725701309573426f,-0.020516136374169953f,0.7443249950815805f,-0.667502351939738f,1.660312520831746f,0f,0f,0f,1f], start_interpolation: 0, interpolation_duration: 1 }
$data merge entity $(bone_tear_right1) { transformation: [-0.9997895219236279f,-0.011352909260953854f,0.017088689330551014f,-0.654385611387963f,-4.336808689942018e-19f,0.8329389617465137f,0.5533648760127802f,3.898567040224728f,-0.020516136374169953f,0.5532484048381452f,-0.83276364635611f,2.7269558028126113f,0f,0f,0f,1f], start_interpolation: 0, interpolation_duration: 1 }
$data merge entity $(bone_right_pupil1) { transformation: [-0.9997895219236279f,-0.011352909260953854f,0.017088689330551014f,-0.47154870735119875f,-4.336808689942018e-19f,0.8329389617465137f,0.5533648760127802f,3.9548227083457896f,-0.020516136374169953f,0.5532484048381452f,-0.83276364635611f,2.8490038374630204f,0f,0f,0f,1f], start_interpolation: 0, interpolation_duration: 1 }
$data merge entity $(bone_right_sad_pupil1) { transformation: [-0.9997895219236279f,-0.011352909260953854f,0.017088689330551014f,-0.47135679335969355f,-4.336808689942018e-19f,0.8329389617465137f,0.5533648760127802f,3.9610372552931987f,-0.020516136374169953f,0.5532484048381452f,-0.83276364635611f,2.839651511356482f,0f,0f,0f,1f], start_interpolation: 0, interpolation_duration: 1 }
$data merge entity $(bone_right_happy_pupil1) { transformation: [-0.9997895219236279f,-0.011352909260953854f,0.017088689330551014f,-0.49910795436494587f,-4.336808689942018e-19f,0.8329389617465137f,0.5533648760127802f,3.937651817179259f,-0.020516136374169953f,0.5532484048381452f,-0.83276364635611f,2.8235426056782567f,0f,0f,0f,1f], start_interpolation: 0, interpolation_duration: 1 }
$data merge entity $(bone_eyelid_right1) { transformation: [-0.9997895219236279f,-0.011352909260953854f,0.017088689330551014f,-0.028841200193871278f,-4.336808689942018e-19f,0.8329389617465137f,0.5533648760127802f,4.224993127760898f,-0.020516136374169953f,0.5532484048381452f,-0.83276364635611f,2.349839643189143f,0f,0f,0f,1f], start_interpolation: 0, interpolation_duration: 1 }
$data merge entity $(bone_eyelid_expressions_right5) { transformation: [-0.9997895219236279f,-0.011352909260953854f,0.017088689330551014f,-0.6017546262863199f,-4.336808689942018e-19f,0.8329389617465137f,0.5533648760127802f,4.054580205098715f,-0.020516136374169953f,0.5532484048381452f,-0.83276364635611f,2.89913424091785f,0f,0f,0f,1f], start_interpolation: 0, interpolation_duration: 1 }
$data merge entity $(bone_eyelid_expressions_right7) { transformation: [-0.9997895219236279f,-0.011352909260953854f,0.017088689330551014f,-0.26491147681009763f,-4.336808689942018e-19f,0.8329389617465137f,0.5533648760127802f,4.054580205098715f,-0.020516136374169953f,0.5532484048381452f,-0.83276364635611f,2.906046415770476f,0f,0f,0f,1f], start_interpolation: 0, interpolation_duration: 1 }
$data merge entity $(bone_eyelid_expressions_right6) { transformation: [-0.9997895219236279f,-0.011352909260953854f,0.017088689330551014f,-0.37719252663550507f,-4.336808689942018e-19f,0.8329389617465137f,0.5533648760127802f,4.054580205098715f,-0.020516136374169953f,0.5532484048381452f,-0.83276364635611f,2.9037423574862675f,0f,0f,0f,1f], start_interpolation: 0, interpolation_duration: 1 }
$data merge entity $(bone_right_eye1) { transformation: [-0.9997895219236279f,-0.011352909260953854f,0.017088689330551014f,-0.04026121916791723f,-4.336808689942018e-19f,0.8329389617465137f,0.5533648760127802f,4.218778580813489f,-0.020516136374169953f,0.5532484048381452f,-0.83276364635611f,2.3589615634672607f,0f,0f,0f,1f], start_interpolation: 0, interpolation_duration: 1 }
$data merge entity $(bone_tear_left1) { transformation: [-0.9997895219236279f,-0.011352909260953854f,0.017088689330551014f,0.5582497267264371f,-4.336808689942018e-19f,0.8329389617465137f,0.5533648760127802f,3.898567040224728f,-0.020516136374169953f,0.5532484048381452f,-0.83276364635611f,2.7518396322820635f,0f,0f,0f,1f], start_interpolation: 0, interpolation_duration: 1 }
$data merge entity $(bone_left_sad_pupil1) { transformation: [-0.9997895219236279f,-0.011352909260953854f,0.017088689330551014f,0.3707510803308621f,-4.336808689942018e-19f,0.8329389617465137f,0.5533648760127802f,3.9610372552931987f,-0.020516136374169953f,0.5532484048381452f,-0.83276364635611f,2.856931948488046f,0f,0f,0f,1f], start_interpolation: 0, interpolation_duration: 1 }
$data merge entity $(bone_left_pupil1) { transformation: [-0.9997895219236279f,-0.011352909260953854f,0.017088689330551014f,0.3705591663393569f,-4.336808689942018e-19f,0.8329389617465137f,0.5533648760127802f,3.9548227083457896f,-0.020516136374169953f,0.5532484048381452f,-0.83276364635611f,2.8662842745945847f,0f,0f,0f,1f], start_interpolation: 0, interpolation_duration: 1 }
$data merge entity $(bone_eyelid_left1) { transformation: [-0.9997895219236279f,-0.011352909260953854f,0.017088689330551014f,-0.05129741015895276f,-4.336808689942018e-19f,0.8329389617465137f,0.5533648760127802f,4.224993127760898f,-0.020516136374169953f,0.5532484048381452f,-0.83276364635611f,2.3493788315323014f,0f,0f,0f,1f], start_interpolation: 0, interpolation_duration: 1 }
$data merge entity $(bone_left_happy_pupil1) { transformation: [-0.9997895219236279f,-0.011352909260953854f,0.017088689330551014f,0.39914044423831346f,-4.336808689942018e-19f,0.8329389617465137f,0.5533648760127802f,3.937651817179259f,-0.020516136374169953f,0.5532484048381452f,-0.83276364635611f,2.841975071951925f,0f,0f,0f,1f], start_interpolation: 0, interpolation_duration: 1 }
$data merge entity $(bone_eyelid_expressions_left5) { transformation: [-0.9997895219236279f,-0.011352909260953854f,0.017088689330551014f,0.4985996620026729f,-4.336808689942018e-19f,0.8329389617465137f,0.5533648760127802f,4.054580205098715f,-0.020516136374169953f,0.5532484048381452f,-0.83276364635611f,2.921714012103094f,0f,0f,0f,1f], start_interpolation: 0, interpolation_duration: 1 }
$data merge entity $(bone_eyelid_expressions_left7) { transformation: [-0.9997895219236279f,-0.011352909260953854f,0.017088689330551014f,0.1617565125264506f,-4.336808689942018e-19f,0.8329389617465137f,0.5533648760127802f,4.054580205098715f,-0.020516136374169953f,0.5532484048381452f,-0.83276364635611f,2.9148018372504683f,0f,0f,0f,1f], start_interpolation: 0, interpolation_duration: 1 }
$data merge entity $(bone_eyelid_expressions_left6) { transformation: [-0.9997895219236279f,-0.011352909260953854f,0.017088689330551014f,0.27403756235185806f,-4.336808689942018e-19f,0.8329389617465137f,0.5533648760127802f,4.054580205098715f,-0.020516136374169953f,0.5532484048381452f,-0.83276364635611f,2.917105895534677f,0f,0f,0f,1f], start_interpolation: 0, interpolation_duration: 1 }
$data merge entity $(bone_left_eye1) { transformation: [-0.9997895219236279f,-0.011352909260953854f,0.017088689330551014f,-0.04026121916791723f,-4.336808689942018e-19f,0.8329389617465137f,0.5533648760127802f,4.218778580813489f,-0.020516136374169953f,0.5532484048381452f,-0.83276364635611f,2.3589615634672607f,0f,0f,0f,1f], start_interpolation: 0, interpolation_duration: 1 }
$data merge entity $(bone_crest_middle5) { transformation: [-0.9997895219236279f,-0.007385130659251522f,0.019140838457845127f,-0.06414003887236598f,-4.336808689942018e-19f,0.9329650626588566f,0.35996693161727467f,5.109166947356368f,-0.020516136374169953f,0.3598911664699503f,-0.9327686939671458f,3.5226209046319394f,0f,0f,0f,1f], start_interpolation: 0, interpolation_duration: 1 }
$data merge entity $(bone_crest_middle4) { transformation: [-0.9997895219236279f,-0.007385130659251522f,0.019140838457845127f,-0.059163730127362514f,-4.336808689942018e-19f,0.9329650626588566f,0.35996693161727467f,4.480508848494443f,-0.020516136374169953f,0.3598911664699503f,-0.9327686939671458f,3.28011611472543f,0f,0f,0f,1f], start_interpolation: 0, interpolation_duration: 1 }
$data merge entity $(bone_crest_middle1) { transformation: [-0.9997895219236279f,-0.007385130659251522f,0.019140838457845127f,-0.057043709858470945f,-4.336808689942018e-19f,0.9329650626588566f,0.35996693161727467f,3.9786956646606746f,-0.020516136374169953f,0.3598911664699503f,-0.9327686939671458f,3.17680358002362f,0f,0f,0f,1f], start_interpolation: 0, interpolation_duration: 1 }
$data merge entity $(bone_crest_left5) { transformation: [-0.5276115720030451f,-0.8398173248814563f,0.12780019529495998f,-1.1628203073008518f,-0.7024935952212761f,0.5159376403668912f,0.49021536076068667f,4.520315234769848f,-0.4776282840887475f,0.1688644784482482f,-0.8621809613746059f,3.227467803569187f,0f,0f,0f,1f], start_interpolation: 0, interpolation_duration: 1 }
$data merge entity $(bone_crest_left4) { transformation: [-0.5276115720030451f,-0.8398173248814563f,0.12780019529495998f,-0.6912431961613621f,-0.7024935952212761f,0.5159376403668912f,0.49021536076068667f,4.230604157415392f,-0.4776282840887475f,0.1688644784482482f,-0.8621809613746059f,3.1326464411592823f,0f,0f,0f,1f], start_interpolation: 0, interpolation_duration: 1 }
$data merge entity $(bone_crest_left1) { transformation: [-0.5276115720030451f,-0.8398173248814563f,0.12780019529495998f,-0.1653320934104046f,-0.7024935952212761f,0.5159376403668912f,0.49021536076068667f,3.9394487137744565f,-0.4776282840887475f,0.1688644784482482f,-0.8621809613746059f,2.9799294607905744f,0f,0f,0f,1f], start_interpolation: 0, interpolation_duration: 1 }
$data merge entity $(bone_crest_center1) { transformation: [-0.9997895219236279f,-0.011352909260953854f,0.017088689330551014f,-0.052732301433257155f,-4.336808689942018e-19f,0.8329389617465137f,0.5533648760127802f,3.9160632756605165f,-0.020516136374169953f,0.5532484048381452f,-0.83276364635611f,2.966700620594623f,0f,0f,0f,1f], start_interpolation: 0, interpolation_duration: 1 }
$data merge entity $(bone_crest_right5) { transformation: [-0.5467614651146019f,0.8321829117937519f,-0.09232281183004816f,1.0457235879505493f,0.7024935952212761f,0.5159376403668912f,0.49021536076068667f,4.520315234769848f,0.4555816600114844f,0.2031746848677683f,-0.8666979857424748f,3.272788130247685f,0f,0f,0f,1f], start_interpolation: 0, interpolation_duration: 1 }
$data merge entity $(bone_crest_right4) { transformation: [-0.5467614651146019f,0.8321829117937519f,-0.09232281183004816f,0.5784333786913625f,0.7024935952212761f,0.5159376403668912f,0.49021536076068667f,4.230604157415392f,0.4555816600114844f,0.2031746848677683f,-0.8666979857424748f,3.1587007827877565f,0f,0f,0f,1f], start_interpolation: 0, interpolation_duration: 1 }
$data merge entity $(bone_crest_right1) { transformation: [-0.5467614651146019f,0.8321829117937519f,-0.09232281183004816f,0.059230006240410214f,0.7024935952212761f,0.5159376403668912f,0.49021536076068667f,3.939448713774456f,0.4555816600114844f,0.2031746848677683f,-0.8666979857424748f,2.9845375773589913f,0f,0f,0f,1f], start_interpolation: 0, interpolation_duration: 1 }
$data merge entity $(bone_head1) { transformation: [-1.0479564650371356f,-0.011899859316494593f,0.017911972540486407f,-0.029068457171746956f,-4.545743483598076e-19f,0.8730675315181552f,0.5800243817581873f,4.513807188018234f,-0.02150454398594636f,0.5799022993420659f,-0.8728837699435784f,1.8135174330000412f,0f,0f,0f,1f], start_interpolation: 0, interpolation_duration: 1 }
$data merge entity $(bone_neck10) { transformation: [-1.4970806643387657f,-0.014484912375470197f,0.027091575452573933f,-0.005420235949146968f,-6.493919262282969e-19f,1.3205008466741586f,0.7060253505483057f,4.620699996281654f,-0.030720777122780527f,0.7058767476906523f,-1.320222910196103f,0.661095585178122f,0f,0f,0f,1f], start_interpolation: 0, interpolation_duration: 1 }
$data merge entity $(bone_neck9) { transformation: [-1.1452667082191565f,-0.013004846253026248f,0.01957522713353159f,0.010194998141301604f,-4.967848235646474e-19f,0.9541380880162708f,0.6338837886357339f,3.37356891407289f,-0.023501394498927117f,0.6337503699952585f,-0.9539372628669118f,-0.0998638440870647f,0f,0f,0f,1f], start_interpolation: 0, interpolation_duration: 1 }
$data merge entity $(bone_neck8) { transformation: [-1.0629272716805238f,0.0033751946144694065f,0.021549027264149253f,0.0069983920090548124f,-4.6106826762209085e-19f,1.0503452926585004f,-0.16451414403341644f,2.5950637245990267f,-0.02181175175717418f,-0.1644795174128442f,-1.0501242180017751f,0.0559127240956695f,0f,0f,0f,1f], start_interpolation: 0, interpolation_duration: 1 }
$data merge entity $(bone_neck7) { transformation: [-1.0554418683588298f,0.009354209311310471f,0.019533922734222216f,-0.0018778092065069906f,-4.578213079909493e-19f,0.9521248239905268f,-0.4559440013806658f,1.7431920277816304f,-0.02165814787156027f,-0.45584803516432176f,-0.951924422589107f,0.4884665348110898f,0f,0f,0f,1f], start_interpolation: 0, interpolation_duration: 1 }
$data merge entity $(bone_neck6) { transformation: [-1.0494535457014746f,0.006211397084313535f,0.020620043032847174f,-0.007191166045716568f,-4.552237402860361e-19f,1.0050646309218354f,-0.30275666777755267f,0.8524955880807368f,-0.021535264763069148f,-0.30269294413651004f,-1.0048530868516894f,0.7473963058556591f,0f,0f,0f,1f], start_interpolation: 0, interpolation_duration: 1 }
$data merge entity $(bone_neck_spine6) { transformation: [-1.2646300722766013f,0.12423470830248927f,0.07253885898870782f,0.030588180928715333f,0.060962286437315064f,-0.11851890676146389f,1.2657891755300767f,0.12033568718924992f,0.1303063637844406f,1.2611520029361143f,0.11180896906873856f,-1.844931623175708f,0f,0f,0f,1f], start_interpolation: 0, interpolation_duration: 1 }
$data merge entity $(bone_neck_spine7) { transformation: [-0.9806726393439865f,0.19553861045142765f,-0.006769509939723521f,-0.4833749610272561f,0.025778764867948736f,0.16342932540444172f,0.9862181862446727f,0.5118179589502956f,0.19395007018297822f,0.9669826820685952f,-0.16531141175201403f,-5.427912908968664f,0f,0f,0f,1f], start_interpolation: 0, interpolation_duration: 1 }
$data merge entity $(bone_tail6) { transformation: [-1.6769375763507894f,-0.16419839894908606f,-0.3552762141382732f,-0.5533496336176357f,-0.36057397130256547f,0.04022899017932083f,1.6833508181883465f,0.7480754712611931f,-0.15221272538445665f,1.71368680092333f,-0.07355795061940722f,-9.19851905260104f,0f,0f,0f,1f], start_interpolation: 0, interpolation_duration: 1 }
$data merge entity $(bone_tail5) { transformation: [-1.3852962587245652f,-0.13564215565359283f,-0.29348904646205176f,-0.6390183635041153f,-0.2978654545542932f,0.033232644061178075f,1.3905941541555906f,0.7690645096156213f,-0.12574094705672506f,1.415654313806229f,-0.060765263555162485f,-8.304421591249737f,0f,0f,0f,1f], start_interpolation: 0, interpolation_duration: 1 }
$data merge entity $(bone_tail4) { transformation: [-1.0207446116917847f,-0.09994685153422628f,-0.21625508686677497f,-0.6818527284473552f,-0.21947980861895283f,0.024487211413499632f,1.0246483241146456f,0.7795590287928355f,-0.09265122414706055f,1.043113704909853f,-0.04477440472485656f,-7.857372860574086f,0f,0f,0f,1f], start_interpolation: 0, interpolation_duration: 1 }
$data merge entity $(bone_segment18) { transformation: [-0.973828399725827f,-0.04515526434603567f,-0.22275378782250718f,-0.7072084677041623f,-0.2093919167942308f,-0.20291285046878665f,0.9565466012149485f,0.6656187074846789f,-0.08839272067694721f,0.9781550885296624f,0.18814714910105781f,-7.308115852854793f,0f,0f,0f,1f], start_interpolation: 0, interpolation_duration: 1 }
$data merge entity $(bone_segment17) { transformation: [-0.9971634824527338f,0.013143657622409073f,0.0741096048231359f,-0.6976138543518666f,0.060779943675439124f,-0.4401392358808975f,0.8958701086011243f,0.3443256617610741f,0.04439355481989388f,0.8978333349249651f,0.43809190244510166f,-6.65271505416689f,0f,0f,0f,1f], start_interpolation: 0, interpolation_duration: 1 }
$data merge entity $(bone_segment16) { transformation: [-0.9865511508736728f,0.14762433603417793f,0.07017037922299925f,-0.5566931624833031f,0.0290531872427724f,-0.26408949101102686f,0.964060502794598f,0.0922285158008407f,0.16085005135488084f,0.9531336717103246f,0.25624883381418007f,-5.742863331416067f,0f,0f,0f,1f], start_interpolation: 0, interpolation_duration: 1 }
$data merge entity $(bone_segment15) { transformation: [-0.9806726393439865f,0.19062787197012274f,0.04407027195561278f,-0.33190492478415934f,0.025778764867948736f,-0.09739144304543572f,0.9949122383926184f,-0.02261539775127222f,0.19395007018297822f,0.9768192879185331f,0.09059497241209168f,-4.590998790242601f,0f,0f,0f,1f], start_interpolation: 0, interpolation_duration: 1 }
$data merge entity $(bone_segment14) { transformation: [-1.0339279506290475f,0.16107245792077482f,0.06102339086408009f,-0.1506984096232877f,0.033061552946278314f,-0.178861306118098f,1.0322745588823161f,-0.22383436713413246f,0.16904178373990997f,1.0201664052978123f,0.17134928910544447f,-3.4433115842825623f,0f,0f,0f,1f], start_interpolation: 0, interpolation_duration: 1 }
$data merge entity $(bone_segment13) { transformation: [-1.0191430582464374f,0.08844644509460084f,0.07495508656131453f,-0.04622698287986898f,0.049128430834777435f,-0.27119578882412126f,0.9879943589064477f,-0.5775003275585848f,0.1050115990498139f,0.9852531057029854f,0.2652215933720531f,-2.2639525025564025f,0f,0f,0f,1f], start_interpolation: 0, interpolation_duration: 1 }
$data merge entity $(bone_segment12) { transformation: [-1.1141058364762315f,0.03846443363267633f,0.041982778214289675f,0.00024011815289437868f,0.04559650186094117f,0.11004395061148689f,1.1091822073688065f,-0.4445613268198758f,0.03410315732183729f,1.1094524313691012f,-0.11147267997831563f,-0.9236743975467501f,0f,0f,0f,1f], start_interpolation: 0, interpolation_duration: 1 }
$data merge entity $(bone_segment11) { transformation: [-1.1902525558685204f,-0.004589195032672093f,0.0200158292047529f,0.001151402867420128f,0.0140283151087661f,0.6656617344835761f,0.9868234403888433f,0.3246445173404683f,-0.014996683133643463f,0.9869124760659456f,-0.6655086062266363f,0.21693984923913345f,0f,0f,0f,1f], start_interpolation: 0, interpolation_duration: 1 }
$data merge entity $(bone_segment10) { transformation: [-1.047956465037136f,-0.01199337097383735f,0.017849494803142688f,-0.008584399546864685f,-4.545743483598078e-19f,0.8700222340896215f,0.5845823382679955f,1.2152686877172907f,-0.021504543985946367f,0.5844592965019556f,-0.8698391134833894f,0.8152911682525859f,0f,0f,0f,1f], start_interpolation: 0, interpolation_duration: 1 }