# This file was generated by Animated Java via MC-Build. It is not recommended to edit this file directly.
$data merge entity $(bone_neck_spine5) { transformation: [-1.3668997370049603f,-0.008945767583709715f,0.02658462665450336f,0.11292232618693808f,-5.929230630780103e-19f,1.2957910870573905f,0.4360356853043992f,3.765974993349155f,-0.028049405199060486f,0.43594390935212673f,-1.2955183514420066f,-0.34598504854522516f,0f,0f,0f,1f], start_interpolation: 0, interpolation_duration: 1 }
$data merge entity $(bone_neck_spine2) { transformation: [-1.301809273338057f,-0.009412897180037518f,0.025000403239988273f,-0.02118514139299605f,-5.646886315028669e-19f,1.2185726778197894f,0.45880457257480756f,4.628590464515287f,-0.026713719237200458f,0.4587080042709414f,-1.2183161949866423f,1.4293487781487577f,0f,0f,0f,1f], start_interpolation: 0, interpolation_duration: 1 }
$data merge entity $(bone_scale_neck_left1) { transformation: [-1.386782290263865f,0.3431664651452464f,0.10262102617399343f,0.6684969356347854f,0.3269111695761769f,1.0449611987347596f,0.923387566922973f,3.9050995050205723f,0.14636729491120334f,0.9174705928482438f,-1.0900842832743927f,1.139666356346234f,0f,0f,0f,1f], start_interpolation: 0, interpolation_duration: 1 }
$data merge entity $(bone_scale_neck_right1) { transformation: [-1.3796103453797706f,-0.3805155594476153f,-0.05781541612888076f,-0.6984028013701746f,-0.3269111695761769f,1.0449611987347596f,0.923387566922973f,3.9050995050205723f,-0.20313493183158682f,0.9026203080807899f,-1.093376512146065f,1.1116169511471734f,0f,0f,0f,1f], start_interpolation: 0, interpolation_duration: 1 }
$data merge entity $(bone_blush_right1) { transformation: [-0.9997895219236279f,-0.011352909260953854f,0.017088689330551014f,-0.6106574910520999f,-4.336808689942018e-19f,0.8329389617465137f,0.5533648760127802f,3.133617867646107f,-0.020516136374169953f,0.5532484048381452f,-0.83276364635611f,2.071594638312877f,0f,0f,0f,1f], start_interpolation: 0, interpolation_duration: 1 }
$data merge entity $(bone_blush_left1) { transformation: [-0.9997895219236279f,-0.011352909260953854f,0.017088689330551014f,0.5414437158520806f,-4.336808689942018e-19f,0.8329389617465137f,0.5533648760127802f,3.133617867646107f,-0.020516136374169953f,0.5532484048381452f,-0.83276364635611f,2.0952362798377995f,0f,0f,0f,1f], start_interpolation: 0, interpolation_duration: 1 }
$data merge entity $(bone_left_head_scales) { transformation: [-0.8947148154447194f,-0.011352909260953854f,-0.4464935727141369f,0.5498417094705466f,-0.2555154641118777f,0.8329389617465137f,0.4908406397236595f,3.8514772736419145f,0.3663294236386335f,0.5532484048381452f,-0.748143673314581f,2.1619836902712932f,0f,0f,0f,1f], start_interpolation: 0, interpolation_duration: 1 }
$data merge entity $(bone_left_head_scales2) { transformation: [-0.8287813002705812f,-0.011352909260953854f,-0.5594574762867301f,0.5562079438545119f,-0.3173970535852489f,0.8329389617465137f,0.45328996942359334f,3.119684401767766f,0.4608477695478273f,0.5532484048381452f,-0.693927615711351f,1.851745236250688f,0f,0f,0f,1f], start_interpolation: 0, interpolation_duration: 1 }
$data merge entity $(bone_left_head_scales1) { transformation: [-0.9997895219236279f,-0.011352909260953854f,0.017088689330551014f,0.5509503920155616f,-4.336808689942018e-19f,0.8329389617465137f,0.5533648760127802f,3.7701355781588566f,-0.020516136374169953f,0.5532484048381452f,-0.83276364635611f,2.107955525736318f,0f,0f,0f,1f], start_interpolation: 0, interpolation_duration: 1 }
$data merge entity $(bone_right_head_scales) { transformation: [-0.8789334582439469f,-0.011352909260953854f,0.47680927783616855f,-0.6217866365337048f,0.2555154641118777f,0.8329389617465137f,0.4908406397236595f,3.8514772736419145f,-0.4027254940763345f,0.5532484048381452f,-0.7291970782751533f,2.137941342957813f,0f,0f,0f,1f], start_interpolation: 0, interpolation_duration: 1 }
$data merge entity $(bone_right_head_scales2) { transformation: [-0.8091779612143261f,-0.011352909260953854f,0.5874539458854109f,-0.6154204021497395f,0.3173970535852489f,0.8329389617465137f,0.45328996942359334f,3.119684401767766f,-0.4944594396514534f,0.5532484048381452f,-0.670392470932974f,1.8277028889372078f,0f,0f,0f,1f], start_interpolation: 0, interpolation_duration: 1 }
$data merge entity $(bone_right_head_scales1) { transformation: [-0.9997895219236279f,-0.011352909260953854f,0.017088689330551014f,-0.6206779539886897f,-4.336808689942018e-19f,0.8329389617465137f,0.5533648760127802f,3.7701355781588566f,-0.020516136374169953f,0.5532484048381452f,-0.83276364635611f,2.0839131784228377f,0f,0f,0f,1f], start_interpolation: 0, interpolation_duration: 1 }
$data merge entity $(bone_head_left_fin1) { transformation: [-0.7081171091386905f,0.015681112401105743f,-0.705920861328611f,0.5563595556594458f,-0.16266879651766264f,0.969238273929079f,0.18470525436617824f,3.505633961469133f,0.6871019010194624f,0.24562424771354163f,-0.6837833769188877f,1.8443569107293294f,0f,0f,0f,1f], start_interpolation: 0, interpolation_duration: 1 }
$data merge entity $(bone_head_right_fin1) { transformation: [-0.6793335808454911f,-0.025744311487038693f,0.7333778810147611f,-0.6152687903448055f,0.16266879651766264f,0.969238273929079f,0.18470525436617824f,3.505633961469133f,-0.7155730211342081f,0.24477417914689792f,-0.654248311153972f,1.820314563415849f,0f,0f,0f,1f], start_interpolation: 0, interpolation_duration: 1 }
$data merge entity $(bone_right_whisker16) { transformation: [0.26001416818466283f,0.9247387267275848f,-0.2779404965698289f,-1.0688371547770519f,0.9648294190972413f,-0.26034285820339936f,0.03641137496667832f,1.1355870096755722f,-0.03868881476237466f,-0.2776326412234875f,-0.9599079602438731f,1.5880844736146151f,0f,0f,0f,1f], start_interpolation: 0, interpolation_duration: 1 }
$data merge entity $(bone_right_whisker15) { transformation: [-0.8828887994310163f,0.37849233572923996f,-0.2779404965698289f,-0.8101783268187465f,0.38405109917777785f,0.9225936077132639f,0.03641137496667832f,1.0230720392133326f,0.27020755181822576f,-0.07459615808369706f,-0.9599079602438731f,1.5089221049178694f,0f,0f,0f,1f], start_interpolation: 0, interpolation_duration: 1 }
$data merge entity $(bone_right_whisker14) { transformation: [-0.7161554809309693f,-0.6402112210037005f,-0.2779404965698289f,-0.6003671507647516f,-0.67384676298665f,0.737973408589665f,0.03641137496667832f,1.2204880830570777f,0.18180172481290008f,0.21336550966710066f,-0.9599079602438731f,1.4556598808515901f,0f,0f,0f,1f], start_interpolation: 0, interpolation_duration: 1 }
$data merge entity $(bone_right_whisker13) { transformation: [-0.08936183553139898f,-0.9947572270582713f,-0.04972445641531094f,-0.574186925511412f,-0.9685124039809655f,0.07513959911724048f,0.2373557751130378f,1.5042319514108762f,-0.23237509695634306f,0.06936930055751846f,-0.9701493258538558f,1.5237385225380187f,0f,0f,0f,1f], start_interpolation: 0, interpolation_duration: 1 }
$data merge entity $(bone_right_whisker12) { transformation: [0.07622076485995584f,-0.9966631833855933f,-0.029204347071260985f,-0.6039606617848323f,-0.8936448272515732f,-0.08127494566493504f,0.4413539463216198f,1.853311962056022f,-0.44225481086209656f,-0.007542021669101832f,-0.8968577368671544f,1.696494308031025f,0f,0f,0f,1f], start_interpolation: 0, interpolation_duration: 1 }
$data merge entity $(bone_right_whisker11) { transformation: [0.2952610649376356f,-0.9554038792304039f,-0.0049326548013557125f,-0.7192970152760962f,-0.9440623148437565f,-0.2925418382748173f,0.15220255763500945f,2.2220863037918646f,-0.14685792189644092f,-0.04028275574345182f,-0.988337012544796f,1.7538606837718222f,0f,0f,0f,1f], start_interpolation: 0, interpolation_duration: 1 }
$data merge entity $(bone_right_whisker10) { transformation: [0.0684670119139316f,-0.991845164761803f,0.10749622048337286f,-0.7460419418049757f,-0.9927969844996904f,-0.07835564386091623f,-0.0906341030929445f,2.609897625862056f,0.09831793248384937f,-0.10051647732473337f,-0.9900656654678656f,1.7154552413953186f,0f,0f,0f,1f], start_interpolation: 0, interpolation_duration: 1 }
$data merge entity $(bone_right_whisker1) { transformation: [-0.3365123963239434f,-0.9385133631041253f,0.07714968823852651f,-0.6145917869909353f,-0.9235314261620784f,0.3449245266425546f,0.1676805767268445f,2.970652089206618f,-0.18398128168744465f,-0.014823568915554863f,-0.9828179637111091f,1.7873229295544766f,0f,0f,0f,1f], start_interpolation: 0, interpolation_duration: 1 }
$data merge entity $(bone_left_whisker16) { transformation: [0.2582081262268544f,-0.9125707592342377f,0.3170854347665056f,1.0190730182459586f,-0.9648294190972413f,-0.26034285820339936f,0.03641137496667832f,1.1355870096755722f,0.049322972283675506f,-0.3153350687334531f,-0.9476977571103414f,1.6309293413667187f,0f,0f,0f,1f], start_interpolation: 0, interpolation_duration: 1 }
$data merge entity $(bone_left_whisker15) { transformation: [-0.871060666366116f,-0.37511350624678125f,0.3170854347665056f,0.7638794636465105f,-0.38405109917777785f,0.9225936077132639f,0.03641137496667832f,1.0230720392133326f,-0.30619939374557614f,-0.09006049321355876f,-0.9476977571103414f,1.5412224877303196f,0f,0f,0f,1f], start_interpolation: 0, interpolation_duration: 1 }
$data merge entity $(bone_left_whisker14) { transformation: [-0.708094436424422f,0.6309192469434707f,0.3170854347665056f,0.5564299217252932f,0.67384676298665f,0.737973408589665f,0.03641137496667832f,1.2204880830570777f,-0.21102798183462101f,0.23944968584409274f,-0.9476977571103414f,1.479397883677208f,0f,0f,0f,1f], start_interpolation: 0, interpolation_duration: 1 }
$data merge entity $(bone_left_whisker13) { transformation: [-0.09881948009544435f,0.9910740358851206f,0.089481650342654f,0.527478902166081f,0.9685124039809655f,0.07513959911724048f,0.2373557751130378f,1.5042319514108762f,0.2285135306468233f,0.11011946257986957f,-0.9672927531375616f,1.5463452071088946f,0f,0f,0f,1f], start_interpolation: 0, interpolation_duration: 1 }
$data merge entity $(bone_left_whisker12) { transformation: [0.05801369987656592f,0.9961335698477973f,0.0659721278186131f,0.5501405036803645f,0.8936448272515732f,-0.08127494566493504f,0.4413539463216198f,1.853311962056022f,0.44500936321962614f,0.03335107538664275f,-0.8949046722514176f,1.720176989616561f,0f,0f,0f,1f], start_interpolation: 0, interpolation_duration: 1 }
$data merge entity $(bone_left_whisker11) { transformation: [0.2889878611908086f,0.9562521427214791f,0.045473680573956246f,0.6630263869580241f,0.9440623148437565f,-0.2925418382748173f,0.15220255763500945f,2.2220863037918646f,0.15884697597439426f,-0.0010547034515974926f,-0.9873026515838085f,1.7822265896065588f,0f,0f,0f,1f], start_interpolation: 0, interpolation_duration: 1 }
$data merge entity $(bone_left_whisker10) { transformation: [0.07244273386974233f,0.9951337574053625f,-0.06678963378970659f,0.6913243298758922f,0.9927969844996904f,-0.07835564386091623f,-0.0906341030929445f,2.609897625862056f,-0.09542640031877403f,-0.05974276481237439f,-0.9936420905812989f,1.7449506519820377f,0f,0f,0f,1f], start_interpolation: 0, interpolation_duration: 1 }
$data merge entity $(bone_left_whisker1) { transformation: [-0.3437766934081951f,0.93833141700973f,-0.03676597505629642f,0.5570365590133161f,0.9235314261620784f,0.3449245266425546f,0.1676805767268445f,2.970652089206618f,0.1700214397079538f,0.0236901408379529f,-0.985155565008244f,1.8113652768679571f,0f,0f,0f,1f], start_interpolation: 0, interpolation_duration: 1 }
$data merge entity $(bone_upper_left_tooth1) { transformation: [-0.9997895219236279f,-0.009820330602490752f,0.018013132947417104f,0.22175965722559665f,-4.336808689942018e-19f,0.8779983043052798f,0.4786637417196471f,2.839931858996538f,-0.020516136374169953f,0.47856299349606096f,-0.8778135049111319f,2.680106253498368f,0f,0f,0f,1f], start_interpolation: 0, interpolation_duration: 1 }
$data merge entity $(bone_upper_right_tooth1) { transformation: [-0.9997895219236279f,-0.009820330602490752f,0.018013132947417104f,-0.3640545157765291f,-4.336808689942018e-19f,0.8779983043052798f,0.4786637417196471f,2.839931858996538f,-0.020516136374169953f,0.47856299349606096f,-0.8778135049111319f,2.668085079841628f,0f,0f,0f,1f], start_interpolation: 0, interpolation_duration: 1 }
$data merge entity $(bone_top_lip1) { transformation: [-0.9997895219236279f,-0.0008299236424262248f,0.020499343366832068f,-0.047793111292591464f,-4.336808689942018e-19f,0.9991814732056936f,0.040452238535083396f,2.9342480830918314f,-0.020516136374169953f,0.040443724225731614f,-0.9989711674112669f,2.726004689383948f,0f,0f,0f,1f], start_interpolation: 0, interpolation_duration: 1 }
$data merge entity $(bone_muzzle1) { transformation: [-0.9997895219236279f,-0.009820330602490752f,0.018013132947417104f,-0.040436161211209694f,-4.336808689942018e-19f,0.8779983043052798f,0.4786637417196471f,3.2965836460855966f,-0.020516136374169953f,0.47856299349606096f,-0.8778135049111319f,2.367486814939459f,0f,0f,0f,1f], start_interpolation: 0, interpolation_duration: 1 }
$data merge entity $(bone_jaw_right_tooth1) { transformation: [-0.9997895219236279f,0.0024595538448536525f,0.020368172392431418f,-0.3639693686042677f,-4.336808689942018e-19f,0.9927879217100138f,-0.11988387091978289f,2.7613890916592996f,-0.020516136374169953f,-0.11985863799324363f,-0.992578961618007f,2.663935699612538f,0f,0f,0f,1f], start_interpolation: 0, interpolation_duration: 1 }
$data merge entity $(bone_jaw_left_tooth1) { transformation: [-0.9997895219236279f,0.0024595538448536525f,0.020368172392431418f,0.2706626521480352f,-4.336808689942018e-19f,0.9927879217100138f,-0.11988387091978289f,2.7613890916592996f,-0.020516136374169953f,-0.11985863799324363f,-0.992578961618007f,2.676958637740673f,0f,0f,0f,1f], start_interpolation: 0, interpolation_duration: 1 }
$data merge entity $(bone_tongue1) { transformation: [-0.9997895219236279f,-0.00466465214171852f,0.019978810578217626f,-0.03241634406762688f,-4.336808689942018e-19f,0.9738096010792346f,0.2273650387502476f,2.9092113191746516f,-0.020516136374169953f,0.22731718339425727f,-0.9736046355076469f,1.9766661944452177f,0f,0f,0f,1f], start_interpolation: 0, interpolation_duration: 1 }
$data merge entity $(bone_jaw_lips1) { transformation: [-0.9997895219236279f,-0.00466465214171852f,0.019978810578217626f,0.0013169187616858605f,-4.336808689942018e-19f,0.9738096010792346f,0.2273650387502476f,2.622219304032818f,-0.020516136374169953f,0.22731718339425727f,-0.9736046355076469f,2.7127678661991093f,0f,0f,0f,1f], start_interpolation: 0, interpolation_duration: 1 }
$data merge entity $(bone_jaw3) { transformation: [-0.9997895219236279f,-0.0011147083229887337f,0.020485831129788204f,0.017403118356179394f,-4.336808689942018e-19f,0.9985228581137765f,0.05433324787176602f,2.591532843497237f,-0.020516136374169953f,0.05432181191427099f,-0.9983126909433873f,1.928857411090457f,0f,0f,0f,1f], start_interpolation: 0, interpolation_duration: 1 }
$data merge entity $(bone_jaw1) { transformation: [-0.9997895219236279f,-0.01527388792434613f,0.013697452295885294f,0.02810425296233978f,-4.336808689942018e-19f,0.6676428761280089f,0.7444816921560395f,3.173159165494143f,-0.020516136374169953f,0.7443249950815805f,-0.667502351939738f,1.4073711986375368f,0f,0f,0f,1f], start_interpolation: 0, interpolation_duration: 1 }
$data merge entity $(bone_tear_right1) { transformation: [-0.9997895219236279f,-0.011352909260953854f,0.017088689330551014f,-0.5672219677951684f,-4.336808689942018e-19f,0.8329389617465137f,0.5533648760127802f,3.3696782170309993f,-0.020516136374169953f,0.5532484048381452f,-0.83276364635611f,2.3348870960122023f,0f,0f,0f,1f], start_interpolation: 0, interpolation_duration: 1 }
$data merge entity $(bone_right_pupil1) { transformation: [-0.9997895219236279f,-0.011352909260953854f,0.017088689330551014f,-0.4082333555892864f,-4.336808689942018e-19f,0.8329389617465137f,0.5533648760127802f,3.4185961893101835f,-0.020516136374169953f,0.5532484048381452f,-0.83276364635611f,2.4410158217951667f,0f,0f,0f,1f], start_interpolation: 0, interpolation_duration: 1 }
$data merge entity $(bone_right_sad_pupil1) { transformation: [-0.9997895219236279f,-0.011352909260953854f,0.017088689330551014f,-0.40806647385754274f,-4.336808689942018e-19f,0.8329389617465137f,0.5533648760127802f,3.4240001431774956f,-0.020516136374169953f,0.5532484048381452f,-0.83276364635611f,2.43288336431122f,0f,0f,0f,1f], start_interpolation: 0, interpolation_duration: 1 }
$data merge entity $(bone_right_happy_pupil1) { transformation: [-0.9997895219236279f,-0.011352909260953854f,0.017088689330551014f,-0.4321979182099361f,-4.336808689942018e-19f,0.8329389617465137f,0.5533648760127802f,3.4036649796001566f,-0.020516136374169953f,0.5532484048381452f,-0.83276364635611f,2.4188756202431985f,0f,0f,0f,1f], start_interpolation: 0, interpolation_duration: 1 }
$data merge entity $(bone_eyelid_right1) { transformation: [-0.9997895219236279f,-0.011352909260953854f,0.017088689330551014f,-0.02327030588726251f,-4.336808689942018e-19f,0.8329389617465137f,0.5533648760127802f,3.653526988801582f,-0.020516136374169953f,0.5532484048381452f,-0.83276364635611f,2.0069600006874477f,0f,0f,0f,1f], start_interpolation: 0, interpolation_duration: 1 }
$data merge entity $(bone_eyelid_expressions_right5) { transformation: [-0.9997895219236279f,-0.011352909260953854f,0.017088689330551014f,-0.5214558937937396f,-4.336808689942018e-19f,0.8329389617465137f,0.5533648760127802f,3.5053418386605535f,-0.020516136374169953f,0.5532484048381452f,-0.83276364635611f,2.4846074769732795f,0f,0f,0f,1f], start_interpolation: 0, interpolation_duration: 1 }
$data merge entity $(bone_eyelid_expressions_right7) { transformation: [-0.9997895219236279f,-0.011352909260953854f,0.017088689330551014f,-0.22854880729267674f,-4.336808689942018e-19f,0.8329389617465137f,0.5533648760127802f,3.5053418386605535f,-0.020516136374169953f,0.5532484048381452f,-0.83276364635611f,2.4906180638016497f,0f,0f,0f,1f], start_interpolation: 0, interpolation_duration: 1 }
$data merge entity $(bone_eyelid_expressions_right6) { transformation: [-0.9997895219236279f,-0.011352909260953854f,0.017088689330551014f,-0.326184502793031f,-4.336808689942018e-19f,0.8329389617465137f,0.5533648760127802f,3.5053418386605535f,-0.020516136374169953f,0.5532484048381452f,-0.83276364635611f,2.4886145348588595f,0f,0f,0f,1f], start_interpolation: 0, interpolation_duration: 1 }
$data merge entity $(bone_right_eye1) { transformation: [-0.9997895219236279f,-0.011352909260953854f,0.017088689330551014f,-0.033200757169041605f,-4.336808689942018e-19f,0.8329389617465137f,0.5533648760127802f,3.6481230349342697f,-0.020516136374169953f,0.5532484048381452f,-0.83276364635611f,2.014892105277115f,0f,0f,0f,1f], start_interpolation: 0, interpolation_duration: 1 }
$data merge entity $(bone_tear_left1) { transformation: [-0.9997895219236279f,-0.011352909260953854f,0.017088689330551014f,0.48724354360865796f,-4.336808689942018e-19f,0.8329389617465137f,0.5533648760127802f,3.3696782170309993f,-0.020516136374169953f,0.5532484048381452f,-0.83276364635611f,2.3565252085943347f,0f,0f,0f,1f], start_interpolation: 0, interpolation_duration: 1 }
$data merge entity $(bone_left_sad_pupil1) { transformation: [-0.9997895219236279f,-0.011352909260953854f,0.017088689330551014f,0.32420124239511444f,-4.336808689942018e-19f,0.8329389617465137f,0.5533648760127802f,3.4240001431774956f,-0.020516136374169953f,0.5532484048381452f,-0.83276364635611f,2.4479098313821455f,0f,0f,0f,1f], start_interpolation: 0, interpolation_duration: 1 }
$data merge entity $(bone_left_pupil1) { transformation: [-0.9997895219236279f,-0.011352909260953854f,0.017088689330551014f,0.32403436066337077f,-4.336808689942018e-19f,0.8329389617465137f,0.5533648760127802f,3.4185961893101835f,-0.020516136374169953f,0.5532484048381452f,-0.83276364635611f,2.456042288866092f,0f,0f,0f,1f], start_interpolation: 0, interpolation_duration: 1 }
$data merge entity $(bone_eyelid_left1) { transformation: [-0.9997895219236279f,-0.011352909260953854f,0.017088689330551014f,-0.04279744498733337f,-4.336808689942018e-19f,0.8329389617465137f,0.5533648760127802f,3.653526988801582f,-0.020516136374169953f,0.5532484048381452f,-0.83276364635611f,2.00655929489889f,0f,0f,0f,1f], start_interpolation: 0, interpolation_duration: 1 }
$data merge entity $(bone_left_happy_pupil1) { transformation: [-0.9997895219236279f,-0.011352909260953854f,0.017088689330551014f,0.34888764579289827f,-4.336808689942018e-19f,0.8329389617465137f,0.5533648760127802f,3.4036649796001566f,-0.020516136374169953f,0.5532484048381452f,-0.83276364635611f,2.4349038517855184f,0f,0f,0f,1f], start_interpolation: 0, interpolation_duration: 1 }
$data merge entity $(bone_eyelid_expressions_left5) { transformation: [-0.9997895219236279f,-0.011352909260953854f,0.017088689330551014f,0.43537392210973247f,-4.336808689942018e-19f,0.8329389617465137f,0.5533648760127802f,3.5053418386605535f,-0.020516136374169953f,0.5532484048381452f,-0.83276364635611f,2.504242060612622f,0f,0f,0f,1f], start_interpolation: 0, interpolation_duration: 1 }
$data merge entity $(bone_eyelid_expressions_left7) { transformation: [-0.9997895219236279f,-0.011352909260953854f,0.017088689330551014f,0.14246683560866952f,-4.336808689942018e-19f,0.8329389617465137f,0.5533648760127802f,3.5053418386605535f,-0.020516136374169953f,0.5532484048381452f,-0.83276364635611f,2.4982314737842515f,0f,0f,0f,1f], start_interpolation: 0, interpolation_duration: 1 }
$data merge entity $(bone_eyelid_expressions_left6) { transformation: [-0.9997895219236279f,-0.011352909260953854f,0.017088689330551014f,0.24010253110902383f,-4.336808689942018e-19f,0.8329389617465137f,0.5533648760127802f,3.5053418386605535f,-0.020516136374169953f,0.5532484048381452f,-0.83276364635611f,2.5002350027270417f,0f,0f,0f,1f], start_interpolation: 0, interpolation_duration: 1 }
$data merge entity $(bone_left_eye1) { transformation: [-0.9997895219236279f,-0.011352909260953854f,0.017088689330551014f,-0.033200757169041605f,-4.336808689942018e-19f,0.8329389617465137f,0.5533648760127802f,3.6481230349342697f,-0.020516136374169953f,0.5532484048381452f,-0.83276364635611f,2.014892105277115f,0f,0f,0f,1f], start_interpolation: 0, interpolation_duration: 1 }
$data merge entity $(bone_crest_middle5) { transformation: [-0.9997895219236279f,-0.007385130659251522f,0.019140838457845127f,-0.05396494821638835f,-4.336808689942018e-19f,0.9329650626588566f,0.35996693161727467f,4.422373788449817f,-0.020516136374169953f,0.3598911664699503f,-0.9327686939671458f,3.026769793246401f,0f,0f,0f,1f], start_interpolation: 0, interpolation_duration: 1 }
$data merge entity $(bone_crest_middle4) { transformation: [-0.9997895219236279f,-0.007385130659251522f,0.019140838457845127f,-0.04963772322073316f,-4.336808689942018e-19f,0.9329650626588566f,0.35996693161727467f,3.8757145720481434f,-0.020516136374169953f,0.3598911664699503f,-0.9327686939671458f,2.8158960628929144f,0f,0f,0f,1f], start_interpolation: 0, interpolation_duration: 1 }
$data merge entity $(bone_crest_middle1) { transformation: [-0.9997895219236279f,-0.007385130659251522f,0.019140838457845127f,-0.047794227334740494f,-4.336808689942018e-19f,0.9329650626588566f,0.35996693161727467f,3.43935528175791f,-0.020516136374169953f,0.3598911664699503f,-0.9327686939671458f,2.726059076195688f,0f,0f,0f,1f], start_interpolation: 0, interpolation_duration: 1 }
$data merge entity $(bone_crest_left5) { transformation: [-0.5276115720030451f,-0.8398173248814563f,0.12780019529495998f,-1.009339094675942f,-0.7024935952212761f,0.5159376403668912f,0.49021536076068667f,3.9103288209832785f,-0.4776282840887475f,0.1688644784482482f,-0.8621809613746059f,2.770114922757051f,0f,0f,0f,1f], start_interpolation: 0, interpolation_duration: 1 }
$data merge entity $(bone_crest_left4) { transformation: [-0.5276115720030451f,-0.8398173248814563f,0.12780019529495998f,-0.5992720415111683f,-0.7024935952212761f,0.5159376403668912f,0.49021536076068667f,3.6584061450228824f,-0.4776282840887475f,0.1688644784482482f,-0.8621809613746059f,2.6876615641397423f,0f,0f,0f,1f], start_interpolation: 0, interpolation_duration: 1 }
$data merge entity $(bone_crest_left1) { transformation: [-0.5276115720030451f,-0.8398173248814563f,0.12780019529495998f,-0.14195803911903065f,-0.7024935952212761f,0.5159376403668912f,0.49021536076068667f,3.4052274983785895f,-0.4776282840887475f,0.1688644784482482f,-0.8621809613746059f,2.5548641899060835f,0f,0f,0f,1f], start_interpolation: 0, interpolation_duration: 1 }
$data merge entity $(bone_crest_center1) { transformation: [-0.9997895219236279f,-0.011352909260953854f,0.017088689330551014f,-0.04404517653020676f,-4.336808689942018e-19f,0.8329389617465137f,0.5533648760127802f,3.3848923348012505f,-0.020516136374169953f,0.5532484048381452f,-0.83276364635611f,2.5433608506052563f,0f,0f,0f,1f], start_interpolation: 0, interpolation_duration: 1 }
$data merge entity $(bone_crest_right5) { transformation: [-0.5467614651146019f,0.8321829117937519f,-0.09232281183004816f,0.9111338577165822f,0.7024935952212761f,0.5159376403668912f,0.49021536076068667f,3.910328820983278f,0.4555816600114844f,0.2031746848677683f,-0.8666979857424748f,2.8095239024774843f,0f,0f,0f,1f], start_interpolation: 0, interpolation_duration: 1 }
$data merge entity $(bone_crest_right4) { transformation: [-0.5467614651146019f,0.8321829117937519f,-0.09232281183004816f,0.5047945453172893f,0.7024935952212761f,0.5159376403668912f,0.49021536076068667f,3.658406145022882f,0.4555816600114844f,0.2031746848677683f,-0.8666979857424748f,2.710317513381894f,0f,0f,0f,1f], start_interpolation: 0, interpolation_duration: 1 }
$data merge entity $(bone_crest_right1) { transformation: [-0.5467614651146019f,0.8321829117937519f,-0.09232281183004816f,0.053313351881677934f,0.7024935952212761f,0.5159376403668912f,0.49021536076068667f,3.405227498378589f,0.4555816600114844f,0.2031746848677683f,-0.8666979857424748f,2.5588712477916635f,0f,0f,0f,1f], start_interpolation: 0, interpolation_duration: 1 }
$data merge entity $(bone_head1) { transformation: [-0.9997895219236279f,-0.011352909260953854f,0.017088689330551014f,-0.02346792065063267f,-4.336808689942018e-19f,0.8329389617465137f,0.5533648760127802f,3.9046696498949176f,-0.020516136374169953f,0.5532484048381452f,-0.83276364635611f,1.5405928613925761f,0f,0f,0f,1f], start_interpolation: 0, interpolation_duration: 1 }
$data merge entity $(bone_neck10) { transformation: [-1.301809273338057f,-0.012595575978669737f,0.023557891697890375f,-0.002904250022284857f,-5.646886315028669e-19f,1.1482616058036161f,0.6139350874333093f,3.9976199179500655f,-0.026713719237200458f,0.613805867557089f,-1.1480199219096547f,0.5384869067648204f,0f,0f,0f,1f], start_interpolation: 0, interpolation_duration: 1 }
$data merge entity $(bone_neck9) { transformation: [-0.9997895219236279f,-0.011352909260953854f,0.01708868933055101f,0.010674214404192158f,-4.336808689942018e-19f,0.8329389617465138f,0.5533648760127802f,2.9131581073337496f,-0.020516136374169953f,0.5532484048381452f,-0.8327636463561101f,-0.12321694477012443f,0f,0f,0f,1f], start_interpolation: 0, interpolation_duration: 1 }
$data merge entity $(bone_neck8) { transformation: [-0.9997895219236279f,0.003174708467743422f,0.020269017683853797f,0.0077709464790005735f,-4.336808689942018e-19f,0.9879549109145478f,-0.15474202402653253f,2.2732702420644975f,-0.020516136374169953f,-0.15470945422298144f,-0.9877469680653561f,0.018264706453347435f,0f,0f,0f,1f], start_interpolation: 0, interpolation_duration: 1 }
$data merge entity $(bone_neck7) { transformation: [-0.9997895219236279f,0.00886097163254572f,0.01850391940781087f,0.00012783946035065195f,-4.336808689942018e-19f,0.9019202773046248f,-0.4319025507990766f,1.5469099119618561f,-0.020516136374169953f,-0.43181164478100414f,-0.9017304428596167f,0.39072754121047365f,0f,0f,0f,1f], start_interpolation: 0, interpolation_duration: 1 }
$data merge entity $(bone_neck6) { transformation: [-0.9997895219236279f,0.005917450797931893f,0.019644226321685332f,-0.004405384705303453f,-4.336808689942018e-19f,0.9575012547887735f,-0.288429102342195f,0.7824465478434668f,-0.020516136374169953f,-0.2883683943395643f,-0.9572997217665417f,0.6116399946419168f,0f,0f,0f,1f], start_interpolation: 0, interpolation_duration: 1 }
$data merge entity $(bone_neck_spine6) { transformation: [-1.099678323718784f,0.10803018113259938f,0.0630772686858329f,0.02695004200104268f,0.05301068385853485f,-0.10305991892301208f,1.1006862395913712f,0.19476962792429536f,0.11330988155168752f,1.0966539155966213f,0.09722519049455529f,-1.6253222190531025f,0f,0f,0f,1f], start_interpolation: 0, interpolation_duration: 1 }
$data merge entity $(bone_neck_spine7) { transformation: [-0.9806726393439865f,0.19553861045142765f,-0.006769509939723521f,-0.4199744292650195f,0.025778764867948736f,0.16342932540444172f,0.9862181862446727f,0.5351889946730305f,0.19395007018297822f,0.9669826820685952f,-0.16531141175201403f,-4.740958119742629f,0f,0f,0f,1f], start_interpolation: 0, interpolation_duration: 1 }
$data merge entity $(bone_tail6) { transformation: [-1.458206588131121f,-0.1427812164774661f,-0.3089358383811071f,-0.48082197064795795f,-0.31354258374136124f,0.03498173059071376f,1.4637833201637793f,0.7406303097259843f,-0.13235889163865794f,1.490162435585504f,-0.06396343532122366f,-8.019746070727303f,0f,0f,0f,1f], start_interpolation: 0, interpolation_duration: 1 }
$data merge entity $(bone_tail5) { transformation: [-1.2046054423691872f,-0.11794970056834159f,-0.25520786648874066f,-0.5553165183753317f,-0.25901343874286364f,0.028897951357546154f,1.2092123079613832f,0.7588816474254871f,-0.1093399539623696f,1.2310037511358514f,-0.05283935961318477f,-7.242270017378344f,0f,0f,0f,1f], start_interpolation: 0, interpolation_duration: 1 }
$data merge entity $(bone_tail4) { transformation: [-0.973828399725827f,-0.09535302109103824f,-0.2063154120666872f,-0.5925637922390186f,-0.2093919167942308f,0.023361712255363626f,0.9775526868572023f,0.7680073162752385f,-0.08839272067694721f,0.9951693482866671f,-0.04271645071886937f,-6.853531990703864f,0f,0f,0f,1f], start_interpolation: 0, interpolation_duration: 1 }
$data merge entity $(bone_segment18) { transformation: [-0.973828399725827f,-0.04515526434603567f,-0.22275378782250718f,-0.6146122611579813f,-0.2093919167942308f,-0.20291285046878665f,0.9565466012149485f,0.6689287760072763f,-0.08839272067694721f,0.9781550885296624f,0.18814714910105781f,-6.37591720138274f,0f,0f,0f,1f], start_interpolation: 0, interpolation_duration: 1 }
$data merge entity $(bone_segment17) { transformation: [-0.9971634824527338f,0.013143657622409073f,0.0741096048231359f,-0.6062691191125068f,0.060779943675439124f,-0.4401392358808975f,0.8958701086011243f,0.389543518856316f,0.04439355481989388f,0.8978333349249651f,0.43809190244510166f,-5.80600346339326f,0f,0f,0f,1f], start_interpolation: 0, interpolation_duration: 1 }
$data merge entity $(bone_segment16) { transformation: [-0.9865511508736728f,0.14762433603417793f,0.07017037922299925f,-0.4837293870528865f,0.0290531872427724f,-0.26408949101102686f,0.964060502794598f,0.17032860932567845f,0.16085005135488084f,0.9531336717103246f,0.25624883381418007f,-5.014828052305589f,0f,0f,0f,1f], start_interpolation: 0, interpolation_duration: 1 }
$data merge entity $(bone_segment15) { transformation: [-0.9806726393439865f,0.19062787197012274f,0.04407027195561278f,-0.28826135427102234f,0.025778764867948736f,-0.09739144304543572f,0.9949122383926184f,0.07046433667166721f,0.19395007018297822f,0.9768192879185331f,0.09059497241209168f,-4.013206712154749f,0f,0f,0f,1f], start_interpolation: 0, interpolation_duration: 1 }
$data merge entity $(bone_segment14) { transformation: [-0.9864057963765329f,0.15366912755671447f,0.05821858904796713f,-0.13069047152243823f,0.031541953618312746f,-0.17064035167540292f,0.9848283990330675f,-0.10450868018299392f,0.1612721613816782f,0.9732767692779136f,0.16347360749438689f,-3.0152178374068885f,0f,0f,0f,1f], start_interpolation: 0, interpolation_duration: 1 }
$data merge entity $(bone_segment13) { transformation: [-0.9935917089600305f,0.08622896836896661f,0.07307585716164972f,-0.0398457526151176f,0.047896712003946774f,-0.26439652912335787f,0.9632239513045406f,-0.4120442979433872f,0.1023788106255247f,0.960551425172825f,0.2585721151504117f,-1.9896882011232715f,0f,0f,0f,1f], start_interpolation: 0, interpolation_duration: 1 }
$data merge entity $(bone_segment12) { transformation: [-0.9986965654085161f,0.03447993583880413f,0.037633818113305496f,0.0005604221959809906f,0.04087319921704445f,0.09864459185249136f,0.9942829708307485f,-0.2964451668662489f,0.030570440412221823f,0.9945252025578875f,-0.09992532036573848f,-0.8242289793757469f,0f,0f,0f,1f], start_interpolation: 0, interpolation_duration: 1 }
$data merge entity $(bone_segment11) { transformation: [-1.0350022224943658f,-0.0039906043762366035f,0.017405068873698176f,0.0021634745951128603f,0.012198534877187915f,0.5788362908552837f,0.8581073394685595f,0.3724199261348494f,-0.013040594029255188f,0.8581847617964745f,-0.578703135849249f,0.16761970969978657f,0f,0f,0f,1f], start_interpolation: 0, interpolation_duration: 1 }
$data merge entity $(bone_segment10) { transformation: [-0.9997895219236279f,-0.011442122866965325f,0.01702908324076222f,-0.0058543338332598255f,-4.336808689942018e-19f,0.8300336345103471f,0.5577133363848703f,1.1384175032847663f,-0.020516136374169953f,0.5575959499546608f,-0.8298589306276312f,0.6822499832631184f,0f,0f,0f,1f], start_interpolation: 0, interpolation_duration: 1 }