# This file was generated by Animated Java via MC-Build. It is not recommended to edit this file directly.
$data merge entity $(bone_neck_spine5) { transformation: [-1.3671875000000002f,-4.6230929511708887e-17f,1.4872339459901471e-16f,0.1064950847648319f,0f,1.305564256819531f,0.4058369518310484f,3.720250621538778f,-1.5574320834171494e-16f,0.4058369518310484f,-1.305564256819531f,-0.4120137471050733f,0f,0f,0f,1f], start_interpolation: 0, interpolation_duration: 1 }
$data merge entity $(bone_neck_spine2) { transformation: [-1.3020833333333333f,-5.459813027503989e-17f,1.3791266467264698e-16f,0.008838834764831688f,0f,1.2106625594769633f,0.47928819516563553f,4.58827160356598f,-1.4832686508734752e-16f,0.47928819516563553f,-1.2106625594769633f,1.370594684427688f,0f,0f,0f,1f], start_interpolation: 0, interpolation_duration: 1 }
$data merge entity $(bone_scale_neck_left1) { transformation: [-1.3834875116119467f,0.3619171879299522f,0.08023510888281238f,0.6924325847648317f,0.32391722721719185f,1.0294632350506703f,0.9416700568637149f,3.8700060270699383f,0.1802757707749081f,0.9277288478659383f,-1.07623382668992f,1.0546665471447623f,0f,0f,0f,1f], start_interpolation: 0, interpolation_duration: 1 }
$data merge entity $(bone_scale_neck_right1) { transformation: [-1.3834875116119467f,-0.36191718792995237f,-0.08023510888281214f,-0.6747549152351683f,-0.32391722721719185f,1.0294632350506703f,0.9416700568637149f,3.8700060270699383f,-0.18027577077490842f,0.9277288478659381f,-1.07623382668992f,1.054666547144762f,0f,0f,0f,1f], start_interpolation: 0, interpolation_duration: 1 }
$data merge entity $(bone_blush_right1) { transformation: [-1f,-6.081689290110642e-17f,9.63220646664382e-17f,-0.5673330402351684f,0f,0.8455606134503488f,0.5338794330010004f,3.104337468336455f,-1.139150323870829e-16f,0.5338794330010004f,-0.8455606134503488f,2.030329033788353f,0f,0f,0f,1f], start_interpolation: 0, interpolation_duration: 1 }
$data merge entity $(bone_blush_left1) { transformation: [-1f,-6.081689290110642e-17f,9.63220646664382e-17f,0.5850107097648316f,0f,0.8455606134503488f,0.5338794330010004f,3.104337468336455f,-1.139150323870829e-16f,0.5338794330010004f,-0.8455606134503488f,2.030329033788353f,0f,0f,0f,1f], start_interpolation: 0, interpolation_duration: 1 }
$data merge entity $(bone_left_head_scales) { transformation: [-0.8870108331782217f,-6.081689290110642e-17f,-0.4617486132350338f,0.5947763347648317f,-0.24651808782291812f,0.8455606134503488f,0.47355684068293397f,3.823548601435163f,0.390436440666863f,0.5338794330010004f,-0.7500214242392822f,2.080207370451467f,0f,0f,0f,1f], start_interpolation: 0, interpolation_duration: 1 }
$data merge entity $(bone_left_head_scales2) { transformation: [-0.8191520442889918f,-6.081689290110642e-17f,-0.5735764363510459f,0.5947763347648317f,-0.30622066262183084f,0.8455606134503488f,0.4373284289466173f,3.0847493771085723f,0.48499364338165535f,0.5338794330010004f,-0.6926427050781073f,1.7869754814053262f,0f,0f,0f,1f], start_interpolation: 0, interpolation_duration: 1 }
$data merge entity $(bone_left_head_scales1) { transformation: [-1f,-6.081689290110642e-17f,9.63220646664382e-17f,0.5947763347648317f,0f,0.8455606134503488f,0.5338794330010004f,3.7409743227779026f,-1.139150323870829e-16f,0.5338794330010004f,-0.8455606134503488f,2.028070707072463f,0f,0f,0f,1f], start_interpolation: 0, interpolation_duration: 1 }
$data merge entity $(bone_right_head_scales) { transformation: [-0.8870108331782217f,-6.081689290110642e-17f,0.461748613235034f,-0.5770986652351683f,0.24651808782291812f,0.8455606134503488f,0.47355684068293397f,3.823548601435163f,-0.3904364406668632f,0.5338794330010004f,-0.7500214242392822f,2.080207370451467f,0f,0f,0f,1f], start_interpolation: 0, interpolation_duration: 1 }
$data merge entity $(bone_right_head_scales2) { transformation: [-0.8191520442889918f,-6.081689290110642e-17f,0.5735764363510462f,-0.5770986652351683f,0.30622066262183084f,0.8455606134503488f,0.4373284289466173f,3.0847493771085723f,-0.48499364338165557f,0.5338794330010004f,-0.6926427050781071f,1.7869754814053262f,0f,0f,0f,1f], start_interpolation: 0, interpolation_duration: 1 }
$data merge entity $(bone_right_head_scales1) { transformation: [-1f,-6.081689290110642e-17f,9.63220646664382e-17f,-0.5770986652351683f,0f,0.8455606134503488f,0.5338794330010004f,3.7409743227779026f,-1.139150323870829e-16f,0.5338794330010004f,-0.8455606134503488f,2.028070707072463f,0f,0f,0f,1f], start_interpolation: 0, interpolation_duration: 1 }
$data merge entity $(bone_head_left_fin1) { transformation: [-0.6938713897074462f,0.020717072433626083f,-0.7198008734749058f,0.5947763347648317f,-0.14634028768355908f,0.9746704607682549f,0.16912129702225792f,3.4704233727477973f,0.7050723471716577f,0.22268429629315467f,-0.6732642047801679f,1.7706279414832673f,0f,0f,0f,1f], start_interpolation: 0, interpolation_duration: 1 }
$data merge entity $(bone_head_right_fin1) { transformation: [-0.693871389707446f,-0.020717072433626138f,0.7198008734749061f,-0.5770986652351683f,0.14634028768355908f,0.9746704607682549f,0.16912129702225792f,3.4704233727477973f,-0.7050723471716578f,0.22268429629315467f,-0.6732642047801678f,1.770627941483267f,0f,0f,0f,1f], start_interpolation: 0, interpolation_duration: 1 }
$data merge entity $(bone_right_whisker16) { transformation: [0.25916569590289384f,0.9188481403699744f,-0.29757559880777945f,-1.0353360276631138f,0.963547610407252f,-0.2671568895100046f,0.014254783962349249f,1.0958411720782708f,-0.06640138963638306f,-0.29042260815229065f,-0.9545918311657492f,1.602831870410868f,0f,0f,0f,1f], start_interpolation: 0, interpolation_duration: 1 }
$data merge entity $(bone_right_whisker15) { transformation: [-0.8771593557124282f,0.3768822464382597f,-0.29757559880777945f,-0.7783557476692383f,0.390639525894493f,0.9204333555141904f,0.014254783962349249f,0.9813959984763685f,0.2792708819320112f,-0.10374107371980672f,-0.9545918311657492f,1.521014229219849f,0f,0f,0f,1f], start_interpolation: 0, interpolation_duration: 1 }
$data merge entity $(bone_right_whisker14) { transformation: [-0.7122748769236387f,-0.6356990346835574f,-0.29757559880777945f,-0.569681467320516f,-0.6691045201500425f,0.7430315889980503f,0.014254783962349249f,1.1774227133640762f,0.21204631762470263f,0.2092625027409962f,-0.9545918311657492f,1.458891284603237f,0f,0f,0f,1f], start_interpolation: 0, interpolation_duration: 1 }
$data merge entity $(bone_right_whisker13) { transformation: [-0.09411046600327251f,-0.993124662440244f,-0.06961770637990261f,-0.5421100417336198f,-0.9736021857751068f,0.07720316465756752f,0.21479863877778804f,1.462657728727877f,-0.20794711838008484f,0.08799475109236898f,-0.9741739679018377f,1.5198132919411524f,0f,0f,0f,1f], start_interpolation: 0, interpolation_duration: 1 }
$data merge entity $(bone_right_whisker12) { transformation: [0.06713136204820905f,-0.9966081407810636f,-0.047598255834263574f,-0.5683332300337014f,-0.9037048883966439f,-0.08095340650736943f,0.4204331345920086f,1.815667450757816f,-0.42286032554208924f,0.014790527501218509f,-0.9060741610810198f,1.684993106606031f,0f,0f,0f,1f], start_interpolation: 0, interpolation_duration: 1 }
$data merge entity $(bone_right_whisker11) { transformation: [0.29218596180340534f,-0.956029234170105f,-0.025208473518670352f,-0.6824683713631566f,-0.947357045325121f,-0.2929429164652384f,0.12922490613537663f,2.1857287965879415f,-0.13092743180050384f,-0.013876278498315735f,-0.9912948383287191f,1.7361366346531029f,0f,0f,0f,1f], start_interpolation: 0, interpolation_duration: 1 }
$data merge entity $(bone_right_whisker10) { transformation: [0.07046970521983408f,-0.9936986128561102f,0.08716127267354629f,-0.7099955999646543f,-0.9902801128996955f,-0.0801950932392089f,-0.11363997982981502f,2.572556965689385f,0.11991379671078664f,-0.07830589906384565f,-0.9896912991080636f,1.6892953078129518f,0f,0f,0f,1f], start_interpolation: 0, interpolation_duration: 1 }
$data merge entity $(bone_right_whisker1) { transformation: [-0.34021615290748397f,-0.938619948978233f,0.056969822546072336f,-0.5770986652351684f,-0.9273924140641132f,0.3449345099162676f,0.14478775571560104f,2.9348196274331793f,-0.15555153370239655f,-0.003574248022135851f,-0.987821312340399f,1.7500576256654505f,0f,0f,0f,1f], start_interpolation: 0, interpolation_duration: 1 }
$data merge entity $(bone_left_whisker16) { transformation: [0.25916569590289396f,-0.9188481403699744f,0.29757559880777973f,1.053013697192777f,-0.963547610407252f,-0.2671568895100046f,0.014254783962349249f,1.0958411720782708f,0.06640138963638319f,-0.2904226081522909f,-0.954591831165749f,1.6028318704108682f,0f,0f,0f,1f], start_interpolation: 0, interpolation_duration: 1 }
$data merge entity $(bone_left_whisker15) { transformation: [-0.8771593557124282f,-0.3768822464382598f,0.29757559880777973f,0.7960334171989015f,-0.390639525894493f,0.9204333555141904f,0.014254783962349249f,0.9813959984763685f,-0.2792708819320114f,-0.10374107371980687f,-0.954591831165749f,1.5210142292198492f,0f,0f,0f,1f], start_interpolation: 0, interpolation_duration: 1 }
$data merge entity $(bone_left_whisker14) { transformation: [-0.7122748769236388f,0.6356990346835574f,0.29757559880777973f,0.5873591368501793f,0.6691045201500425f,0.7430315889980503f,0.014254783962349249f,1.1774227133640762f,-0.21204631762470283f,0.20926250274099628f,-0.954591831165749f,1.4588912846032371f,0f,0f,0f,1f], start_interpolation: 0, interpolation_duration: 1 }
$data merge entity $(bone_left_whisker13) { transformation: [-0.0941104660032726f,0.993124662440244f,0.06961770637990285f,0.559787711263283f,0.9736021857751068f,0.07720316465756752f,0.21479863877778804f,1.462657728727877f,0.20794711838008476f,0.0879947510923692f,-0.9741739679018376f,1.5198132919411527f,0f,0f,0f,1f], start_interpolation: 0, interpolation_duration: 1 }
$data merge entity $(bone_left_whisker12) { transformation: [0.06713136204820892f,0.9966081407810636f,0.04759825583426379f,0.5860108995633646f,0.9037048883966439f,-0.08095340650736943f,0.4204331345920086f,1.815667450757816f,0.4228603255420892f,0.014790527501218748f,-0.9060741610810197f,1.6849931066060313f,0f,0f,0f,1f], start_interpolation: 0, interpolation_duration: 1 }
$data merge entity $(bone_left_whisker11) { transformation: [0.2921859618034053f,0.956029234170105f,0.025208473518670588f,0.7001460408928198f,0.947357045325121f,-0.2929429164652384f,0.12922490613537663f,2.1857287965879415f,0.1309274318005039f,-0.013876278498315499f,-0.991294838328719f,1.736136634653103f,0f,0f,0f,1f], start_interpolation: 0, interpolation_duration: 1 }
$data merge entity $(bone_left_whisker10) { transformation: [0.07046970521983413f,0.9936986128561102f,-0.08716127267354606f,0.7276732694943175f,0.9902801128996955f,-0.0801950932392089f,-0.11363997982981502f,2.572556965689385f,-0.11991379671078664f,-0.0783058990638454f,-0.9896912991080636f,1.689295307812952f,0f,0f,0f,1f], start_interpolation: 0, interpolation_duration: 1 }
$data merge entity $(bone_left_whisker1) { transformation: [-0.34021615290748397f,0.938619948978233f,-0.0569698225460721f,0.5947763347648316f,0.9273924140641132f,0.3449345099162676f,0.14478775571560104f,2.9348196274331793f,0.15555153370239644f,-0.0035742480221356288f,-0.987821312340399f,1.7500576256654505f,0f,0f,0f,1f], start_interpolation: 0, interpolation_duration: 1 }
$data merge entity $(bone_upper_left_tooth1) { transformation: [-1f,-5.219044517350435e-17f,1.0125607160235671e-16f,0.27739320976483156f,0f,0.8888736585553422f,0.45815239727239326f,2.824457506641503f,-1.139150323870829e-16f,0.45815239727239326f,-0.8888736585553422f,2.6282930258827877f,0f,0f,0f,1f], start_interpolation: 0, interpolation_duration: 1 }
$data merge entity $(bone_upper_right_tooth1) { transformation: [-1f,-5.219044517350435e-17f,1.0125607160235671e-16f,-0.30854429023516844f,0f,0.8888736585553422f,0.45815239727239326f,2.824457506641503f,-1.139150323870829e-16f,0.45815239727239326f,-0.8888736585553422f,2.6282930258827877f,0f,0f,0f,1f], start_interpolation: 0, interpolation_duration: 1 }
$data merge entity $(bone_top_lip1) { transformation: [-1f,-4.702776833807921e-18f,1.1381791815791377e-16f,0.008838834764831539f,0f,0.9991474853921017f,0.04128319797011443f,2.919941981681628f,-1.139150323870829e-16f,0.04128319797011443f,-0.9991474853921017f,2.677508615433533f,0f,0f,0f,1f], start_interpolation: 0, interpolation_duration: 1 }
$data merge entity $(bone_muzzle1) { transformation: [-1f,-5.219044517350435e-17f,1.0125607160235671e-16f,0.00883883476483158f,0f,0.8888736585553422f,0.45815239727239326f,3.2738553092397313f,-1.139150323870829e-16f,0.45815239727239326f,-0.8888736585553422f,2.310600441911256f,0f,0f,0f,1f], start_interpolation: 0, interpolation_duration: 1 }
$data merge entity $(bone_jaw_right_tooth1) { transformation: [-1f,1.551938581015628e-17f,1.1285292759971124e-16f,-0.3085442902351685f,0f,0.9906763421375095f,-0.13623650439233892f,2.737279673816525f,-1.139150323870829e-16f,-0.13623650439233892f,-0.9906763421375095f,2.6233662303137835f,0f,0f,0f,1f], start_interpolation: 0, interpolation_duration: 1 }
$data merge entity $(bone_jaw_left_tooth1) { transformation: [-1f,1.551938581015628e-17f,1.1285292759971124e-16f,0.3262213347648315f,0f,0.9906763421375095f,-0.13623650439233892f,2.737279673816525f,-1.139150323870829e-16f,-0.13623650439233892f,-0.9906763421375095f,2.623366230313784f,0f,0f,0f,1f], start_interpolation: 0, interpolation_duration: 1 }
$data merge entity $(bone_tongue1) { transformation: [-1f,-2.5314757059135757e-17f,1.110666362090213e-16f,0.008838834764831625f,0f,0.9749954319603511f,0.2222249033219454f,2.881919665714857f,-1.139150323870829e-16f,0.2222249033219454f,-0.9749954319603511f,1.930224494730519f,0f,0f,0f,1f], start_interpolation: 0, interpolation_duration: 1 }
$data merge entity $(bone_jaw_lips1) { transformation: [-1f,-2.5314757059135757e-17f,1.110666362090213e-16f,0.057666959764831535f,0f,0.9749954319603511f,0.2222249033219454f,2.598810207380425f,-1.139150323870829e-16f,0.2222249033219454f,-0.9749954319603511f,2.6669828470725365f,0f,0f,0f,1f], start_interpolation: 0, interpolation_duration: 1 }
$data merge entity $(bone_jaw3) { transformation: [-1f,-4.313093754238334e-18f,1.138333511147647e-16f,0.057666959764831625f,0f,0.9992829631822366f,0.03786237570106182f,2.5552002059660044f,-1.139150323870829e-16f,0.03786237570106182f,-0.9992829631822366f,1.8835198970341296f,0f,0f,0f,1f], start_interpolation: 0, interpolation_duration: 1 }
$data merge entity $(bone_jaw1) { transformation: [-1f,-8.354215233995463e-17f,7.744251665692407e-17f,0.05766695976483169f,0f,0.679827016980293f,0.7333725022004003f,3.128147473310067f,-1.139150323870829e-16f,0.7333725022004003f,-0.679827016980293f,1.3524050400182757f,0f,0f,0f,1f], start_interpolation: 0, interpolation_duration: 1 }
$data merge entity $(bone_tear_right1) { transformation: [-1f,-6.081689290110642e-17f,9.63220646664382e-17f,-0.5185049152351684f,0f,0.8455606134503488f,0.5338794330010004f,3.3464244465957638f,-1.139150323870829e-16f,0.5338794330010004f,-0.8455606134503488f,2.2871242064064017f,0f,0f,0f,1f], start_interpolation: 0, interpolation_duration: 1 }
$data merge entity $(bone_right_pupil1) { transformation: [-1f,-6.081689290110642e-17f,9.63220646664382e-17f,-0.35737241523516844f,0f,0.8455606134503488f,0.5338794330010004f,3.3977167272256223f,-1.139150323870829e-16f,0.5338794330010004f,-0.8455606134503488f,2.3888054369797618f,0f,0f,0f,1f], start_interpolation: 0, interpolation_duration: 1 }
$data merge entity $(bone_right_sad_pupil1) { transformation: [-1f,-6.081689290110642e-17f,9.63220646664382e-17f,-0.35737241523516844f,0f,0.8455606134503488f,0.5338794330010004f,3.4029303935635227f,-1.139150323870829e-16f,0.5338794330010004f,-0.8455606134503488f,2.380548009114036f,0f,0f,0f,1f], start_interpolation: 0, interpolation_duration: 1 }
$data merge entity $(bone_right_happy_pupil1) { transformation: [-1f,-6.081689290110642e-17f,9.63220646664382e-17f,-0.38178616523516845f,0f,0.8455606134503488f,0.5338794330010004f,3.3822870881368994f,-1.139150323870829e-16f,0.5338794330010004f,-0.8455606134503488f,2.367514010106608f,0f,0f,0f,1f], start_interpolation: 0, interpolation_duration: 1 }
$data merge entity $(bone_eyelid_right1) { transformation: [-1f,-6.081689290110642e-17f,9.63220646664382e-17f,0.018604459764831622f,0f,0.8455606134503488f,0.5338794330010004f,3.622326571129912f,-1.139150323870829e-16f,0.5338794330010004f,-0.8455606134503488f,1.9416082841382307f,0f,0f,0f,1f], start_interpolation: 0, interpolation_duration: 1 }
$data merge entity $(bone_eyelid_expressions_right5) { transformation: [-1f,-6.081689290110642e-17f,9.63220646664382e-17f,-0.46967679023516845f,0f,0.8455606134503488f,0.5338794330010004f,3.485504672220783f,-1.139150323870829e-16f,0.5338794330010004f,-0.8455606134503488f,2.43268467249304f,0f,0f,0f,1f], start_interpolation: 0, interpolation_duration: 1 }
$data merge entity $(bone_eyelid_expressions_right7) { transformation: [-1f,-6.081689290110642e-17f,9.63220646664382e-17f,-0.17670804023516845f,0f,0.8455606134503488f,0.5338794330010004f,3.485504672220783f,-1.139150323870829e-16f,0.5338794330010004f,-0.8455606134503488f,2.43268467249304f,0f,0f,0f,1f], start_interpolation: 0, interpolation_duration: 1 }
$data merge entity $(bone_eyelid_expressions_right6) { transformation: [-1f,-6.081689290110642e-17f,9.63220646664382e-17f,-0.27436429023516845f,0f,0.8455606134503488f,0.5338794330010004f,3.485504672220783f,-1.139150323870829e-16f,0.5338794330010004f,-0.8455606134503488f,2.43268467249304f,0f,0f,0f,1f], start_interpolation: 0, interpolation_duration: 1 }
$data merge entity $(bone_right_eye1) { transformation: [-1f,-6.081689290110642e-17f,9.63220646664382e-17f,0.00883883476483162f,0f,0.8455606134503488f,0.5338794330010004f,3.6171129047920116f,-1.139150323870829e-16f,0.5338794330010004f,-0.8455606134503488f,1.9498657120039569f,0f,0f,0f,1f], start_interpolation: 0, interpolation_duration: 1 }
$data merge entity $(bone_tear_left1) { transformation: [-1f,-6.081689290110642e-17f,9.63220646664382e-17f,0.5361825847648316f,0f,0.8455606134503488f,0.5338794330010004f,3.3464244465957638f,-1.139150323870829e-16f,0.5338794330010004f,-0.8455606134503488f,2.2871242064064017f,0f,0f,0f,1f], start_interpolation: 0, interpolation_duration: 1 }
$data merge entity $(bone_left_sad_pupil1) { transformation: [-1f,-6.081689290110642e-17f,9.63220646664382e-17f,0.37504945976483156f,0f,0.8455606134503488f,0.5338794330010004f,3.4029303935635227f,-1.139150323870829e-16f,0.5338794330010004f,-0.8455606134503488f,2.380548009114036f,0f,0f,0f,1f], start_interpolation: 0, interpolation_duration: 1 }
$data merge entity $(bone_left_pupil1) { transformation: [-1f,-6.081689290110642e-17f,9.63220646664382e-17f,0.37504945976483156f,0f,0.8455606134503488f,0.5338794330010004f,3.3977167272256223f,-1.139150323870829e-16f,0.5338794330010004f,-0.8455606134503488f,2.388805436979762f,0f,0f,0f,1f], start_interpolation: 0, interpolation_duration: 1 }
$data merge entity $(bone_eyelid_left1) { transformation: [-1f,-6.081689290110642e-17f,9.63220646664382e-17f,-0.0009267902351683781f,0f,0.8455606134503488f,0.5338794330010004f,3.622326571129912f,-1.139150323870829e-16f,0.5338794330010004f,-0.8455606134503488f,1.9416082841382307f,0f,0f,0f,1f], start_interpolation: 0, interpolation_duration: 1 }
$data merge entity $(bone_left_happy_pupil1) { transformation: [-1f,-6.081689290110642e-17f,9.63220646664382e-17f,0.39946383476483155f,0f,0.8455606134503488f,0.5338794330010004f,3.3822870881368994f,-1.139150323870829e-16f,0.5338794330010004f,-0.8455606134503488f,2.367514010106608f,0f,0f,0f,1f], start_interpolation: 0, interpolation_duration: 1 }
$data merge entity $(bone_eyelid_expressions_left5) { transformation: [-1f,-6.081689290110642e-17f,9.63220646664382e-17f,0.48735445976483155f,0f,0.8455606134503488f,0.5338794330010004f,3.485504672220783f,-1.139150323870829e-16f,0.5338794330010004f,-0.8455606134503488f,2.43268467249304f,0f,0f,0f,1f], start_interpolation: 0, interpolation_duration: 1 }
$data merge entity $(bone_eyelid_expressions_left7) { transformation: [-1f,-6.081689290110642e-17f,9.63220646664382e-17f,0.19438570976483155f,0f,0.8455606134503488f,0.5338794330010004f,3.485504672220783f,-1.139150323870829e-16f,0.5338794330010004f,-0.8455606134503488f,2.43268467249304f,0f,0f,0f,1f], start_interpolation: 0, interpolation_duration: 1 }
$data merge entity $(bone_eyelid_expressions_left6) { transformation: [-1f,-6.081689290110642e-17f,9.63220646664382e-17f,0.29204195976483155f,0f,0.8455606134503488f,0.5338794330010004f,3.485504672220783f,-1.139150323870829e-16f,0.5338794330010004f,-0.8455606134503488f,2.43268467249304f,0f,0f,0f,1f], start_interpolation: 0, interpolation_duration: 1 }
$data merge entity $(bone_left_eye1) { transformation: [-1f,-6.081689290110642e-17f,9.63220646664382e-17f,0.00883883476483162f,0f,0.8455606134503488f,0.5338794330010004f,3.6171129047920116f,-1.139150323870829e-16f,0.5338794330010004f,-0.8455606134503488f,1.9498657120039569f,0f,0f,0f,1f], start_interpolation: 0, interpolation_duration: 1 }
$data merge entity $(bone_crest_middle5) { transformation: [-1f,-3.8527379214665954e-17f,1.0720203195182206e-16f,0.008838834764831504f,0f,0.9410701090576868f,0.33821154598587166f,4.414650246125788f,-1.139150323870829e-16f,0.33821154598587166f,-0.9410701090576868f,2.9437097770048815f,0f,0f,0f,1f], start_interpolation: 0, interpolation_duration: 1 }
$data merge entity $(bone_crest_middle4) { transformation: [-1f,-3.8527379214665954e-17f,1.0720203195182206e-16f,0.008838834764831527f,0f,0.9410701090576868f,0.33821154598587166f,3.8632419790998003f,-1.139150323870829e-16f,0.33821154598587166f,-0.9410701090576868f,2.7455389492787847f,0f,0f,0f,1f], start_interpolation: 0, interpolation_duration: 1 }
$data merge entity $(bone_crest_middle1) { transformation: [-1f,-3.8527379214665954e-17f,1.0720203195182206e-16f,0.008838834764831535f,0f,0.9410701090576868f,0.33821154598587166f,3.4249143196734386f,-1.139150323870829e-16f,0.33821154598587166f,-0.9410701090576868f,2.66583715594687f,0f,0f,0f,1f], start_interpolation: 0, interpolation_duration: 1 }
$data merge entity $(bone_crest_left5) { transformation: [-0.5372996083468238f,-0.836176115077814f,0.11008467397292003f,-0.9515997927062139f,-0.7131385883003203f,0.5201178706030305f,0.47001144087819335f,3.8972414141999288f,-0.4502693468884774f,0.17403133411183042f,-0.8757685824462307f,2.7186602835957956f,0f,0f,0f,1f], start_interpolation: 0, interpolation_duration: 1 }
$data merge entity $(bone_crest_left4) { transformation: [-0.5372996083468238f,-0.836176115077814f,0.11008467397292003f,-0.5433106740158751f,-0.7131385883003203f,0.5201178706030305f,0.47001144087819335f,3.6432776101945428f,-0.4502693468884774f,0.17403133411183042f,-0.8757685824462307f,2.633684046236503f,0f,0f,0f,1f], start_interpolation: 0, interpolation_duration: 1 }
$data merge entity $(bone_crest_left1) { transformation: [-0.5372996083468238f,-0.836176115077814f,0.11008467397292003f,-0.08881741523516845f,-0.7131385883003203f,0.5201178706030305f,0.47001144087819335f,3.3868672031752487f,-0.4502693468884774f,0.17403133411183042f,-0.8757685824462307f,2.4974480473265244f,0f,0f,0f,1f], start_interpolation: 0, interpolation_duration: 1 }
$data merge entity $(bone_crest_center1) { transformation: [-1f,-6.081689290110642e-17f,9.63220646664382e-17f,0.008838834764831556f,0f,0.8455606134503488f,0.5338794330010004f,3.3662238977486254f,-1.139150323870829e-16f,0.5338794330010004f,-0.8455606134503488f,2.4844140483190964f,0f,0f,0f,1f], start_interpolation: 0, interpolation_duration: 1 }
$data merge entity $(bone_crest_right5) { transformation: [-0.5372996083468238f,0.836176115077814f,-0.11008467397291984f,0.9692774622358771f,0.7131385883003203f,0.5201178706030305f,0.47001144087819335f,3.8972414141999288f,0.4502693468884773f,0.17403133411183064f,-0.8757685824462307f,2.7186602835957956f,0f,0f,0f,1f], start_interpolation: 0, interpolation_duration: 1 }
$data merge entity $(bone_crest_right4) { transformation: [-0.5372996083468238f,0.836176115077814f,-0.11008467397291984f,0.5609883435455383f,0.7131385883003203f,0.5201178706030305f,0.47001144087819335f,3.6432776101945428f,0.4502693468884773f,0.17403133411183064f,-0.8757685824462307f,2.633684046236503f,0f,0f,0f,1f], start_interpolation: 0, interpolation_duration: 1 }
$data merge entity $(bone_crest_right1) { transformation: [-0.5372996083468238f,0.836176115077814f,-0.11008467397291984f,0.10649508476483155f,0.7131385883003203f,0.5201178706030305f,0.47001144087819335f,3.3868672031752487f,0.4502693468884773f,0.17403133411183064f,-0.8757685824462307f,2.4974480473265244f,0f,0f,0f,1f], start_interpolation: 0, interpolation_duration: 1 }
$data merge entity $(bone_head1) { transformation: [-1f,-6.081689290110642e-17f,9.63220646664382e-17f,0.008838834764831676f,0f,0.8455606134503488f,0.5338794330010004f,3.862577414047903f,-1.139150323870829e-16f,0.5338794330010004f,-0.8455606134503488f,1.4696388476995215f,0f,0f,0f,1f], start_interpolation: 0, interpolation_duration: 1 }
$data merge entity $(bone_neck10) { transformation: [-1.3020833333333333f,-7.21322506804476e-17f,1.2960631666093002e-16f,0.00883883476483179f,0f,1.137745510360109f,0.6332109921660071f,3.9724165928581505f,-1.4832686508734752e-16f,0.6332109921660071f,-1.137745510360109f,0.4690318739181416f,0f,0f,0f,1f], start_interpolation: 0, interpolation_duration: 1 }
$data merge entity $(bone_neck9) { transformation: [-1f,-6.081689290110642e-17f,9.63220646664382e-17f,0.008838834764831863f,0f,0.8455606134503489f,0.5338794330010004f,2.87288263862426f,-1.139150323870829e-16f,0.5338794330010004f,-0.8455606134503489f,-0.16745761068027964f,0f,0f,0f,1f], start_interpolation: 0, interpolation_duration: 1 }
$data merge entity $(bone_neck8) { transformation: [-1f,2.0235326834773733e-17f,1.1210337261492197e-16f,0.008838834764831846f,0f,0.9840963941790849f,-0.17763526385186945f,2.2364523456908207f,-1.139150323870829e-16f,-0.17763526385186945f,-0.9840963941790849f,-0.011129593507850088f,0f,0f,0f,1f], start_interpolation: 0, interpolation_duration: 1 }
$data merge entity $(bone_neck7) { transformation: [-1f,4.993706338404044e-17f,1.0238615289348693e-16f,0.008838834764831802f,0f,0.898794046299167f,-0.4383711467890774f,1.5127872412716572f,-1.139150323870829e-16f,-0.4383711467890774f,-0.898794046299167f,0.36662049074499536f,0f,0f,0f,1f], start_interpolation: 0, interpolation_duration: 1 }
$data merge entity $(bone_neck6) { transformation: [-1f,3.1399238314983366e-17f,1.0950215722527586e-16f,0.008838834764831778f,0f,0.9612616959383189f,-0.2756373558169992f,0.7454458393158303f,-1.139150323870829e-16f,-0.2756373558169992f,-0.9612616959383189f,0.5773674245924586f,0f,0f,0f,1f], start_interpolation: 0, interpolation_duration: 1 }
$data merge entity $(bone_neck_spine6) { transformation: [-1.1014761642058222f,0.08458901200465896f,0.067354556281412f,-0.0355747106942753f,0.04524708593913139f,-0.26558104456069304f,1.073480827728856f,0.5058740618544681f,0.09820711999548248f,1.0710990081852791f,0.2608523600891241f,-1.696772077131808f,0f,0f,0f,1f], start_interpolation: 0, interpolation_duration: 1 }
$data merge entity $(bone_neck_spine7) { transformation: [-0.9976823677233635f,0.06174046292623343f,0.028600845644101498f,-0.271604027245813f,0.048499847567946494f,0.3504385556013781f,0.935329131126528f,0.9184144525742044f,0.04772481450764663f,0.9345485187970042f,-0.3526207709346352f,-4.938347265883619f,0f,0f,0f,1f], start_interpolation: 0, interpolation_duration: 1 }
$data merge entity $(bone_tail6) { transformation: [-1.3763372896354436f,-0.5116836358397712f,-0.2933765560790129f,0.4274817891214492f,-0.5851346650073381f,1.0908030505514295f,0.8425914848836727f,-1.1201396154161998f,-0.07421166114391894f,0.8891135154779253f,-1.2025656188452973f,-7.541300891125164f,0f,0f,0f,1f], start_interpolation: 0, interpolation_duration: 1 }
$data merge entity $(bone_tail5) { transformation: [-1.136974282742323f,-0.4226951774328545f,-0.24235454632614112f,0.16051641390069862f,-0.48337211457127943f,0.9010981721946593f,0.6960538353386863f,-0.5510249803458882f,-0.061305285292802617f,0.7344850780035036f,-0.9934237720895934f,-7.077415578701898f,0f,0f,0f,1f], start_interpolation: 0, interpolation_duration: 1 }
$data merge entity $(bone_tail4) { transformation: [-0.9191539464695831f,-0.3417156802825603f,-0.19592451745102776f,0.027033726290323523f,-0.39076819367446586f,0.7284667328899982f,0.5627045742527484f,-0.26646766281073264f,-0.04956048326828674f,0.5937731999017797f,-0.8031046915419029f,-6.8454729224902655f,0f,0f,0f,1f], start_interpolation: 0, interpolation_duration: 1 }
$data merge entity $(bone_segment18) { transformation: [-0.9191539464695831f,-0.32068722917050496f,-0.2287263074863385f,-0.1295518348280871f,-0.39076819367446586f,0.6693095693964404f,0.6319216083714392f,0.06034365037112299f,-0.04956048326828674f,0.6702122062162815f,-0.7405129013980232f,-6.518220868673722f,0f,0f,0f,1f], start_interpolation: 0, interpolation_duration: 1 }
$data merge entity $(bone_segment17) { transformation: [-0.9747533749567637f,-0.20874659894732106f,0.07925096490469641f,-0.2620570001755077f,-0.005317696690466991f,0.37653548200206377f,0.9263869347607304f,0.29935543093883926f,-0.22322092221005477f,0.9025773585800831f,-0.36813928297085174f,-5.945295787543786f,0f,0f,0f,1f], start_interpolation: 0, interpolation_duration: 1 }
$data merge entity $(bone_segment16) { transformation: [-0.9975571741158218f,-0.047384803523791645f,0.0513260632141974f,-0.30139008903803005f,0.037929610561609664f,0.24958679880847412f,0.9676093088138327f,0.5065319729185297f,-0.05866028479900821f,0.9671923853378654f,-0.24717981457179972f,-5.142450545808254f,0f,0f,0f,1f], start_interpolation: 0, interpolation_duration: 1 }
$data merge entity $(bone_segment15) { transformation: [-0.9976823677233635f,0.05223426410876068f,0.04360590312010016f,-0.24782956431713288f,0.048499847567946494f,0.09641665880807035f,0.9941587361634833f,0.6053967109541487f,0.04772481450764663f,0.9939695214428381f,-0.09872655429471f,-4.123243516985031f,0f,0f,0f,1f], start_interpolation: 0, interpolation_duration: 1 }
$data merge entity $(bone_segment14) { transformation: [-0.9952161107177309f,0.07983471333009792f,0.05631439882813509f,-0.16596779771888798f,0.040882072942650484f,-0.1832133566245539f,0.9822227456469719f,0.4175314526965495f,0.08873302136062415f,0.9798261501418837f,0.1790730756377125f,-3.1185389684997022f,0f,0f,0f,1f], start_interpolation: 0, interpolation_duration: 1 }
$data merge entity $(bone_segment13) { transformation: [-0.9952161107177309f,0.06469986082876145f,0.07320396831191653f,-0.09825317747561696f,0.04088207294265048f,-0.40473985014840164f,0.9135175476222454f,-0.03955007223331643f,0.08873302136062416f,0.9121401107892299f,0.40015855508738873f,-2.148470329787099f,0f,0f,0f,1f], start_interpolation: 0, interpolation_duration: 1 }
$data merge entity $(bone_segment12) { transformation: [-0.9972842329602193f,0.05441731955067574f,0.049627754551930886f,-0.0344828811271688f,0.0439268354951466f,-0.10137229005024984f,0.9938783084127305f,-0.15834572463595298f,0.05911507263236154f,0.9933591566713864f,0.09870660588219482f,-0.9843775680628181f,0f,0f,0f,1f], start_interpolation: 0, interpolation_duration: 1 }
$data merge entity $(bone_segment11) { transformation: [-1.03468329608022f,0.028121464998537068f,0.013715754918000854f,0.003426175991179092f,0.024745092173882696f,0.4577925284875868f,0.928095977358113f,0.3705777118441195f,0.019147301113751233f,0.9279998092571683f,-0.4582556020309859f,0.08797520381003865f,0f,0f,0f,1f], start_interpolation: 0, interpolation_duration: 1 }
$data merge entity $(bone_segment10) { transformation: [-1f,-6.971253095925679e-17f,9.009327184093615e-17f,0.00883883476483177f,0f,0.7908813257832337f,0.6119695486928698f,1.1004435319448338f,-1.139150323870829e-16f,0.6119695486928698f,-0.7908813257832337f,0.6527320667831893f,0f,0f,0f,1f], start_interpolation: 0, interpolation_duration: 1 }