# This file was generated by Animated Java via MC-Build. It is not recommended to edit this file directly.
$data merge entity $(bone_neck_spine5) { transformation: [-1.367182372577141f,-0.0011257239037912982f,0.0035711365533417426f,0.10770647458027968f,0f,1.303936187773218f,0.41103780649922983f,3.725157746551447f,-0.00374436517852902f,0.4110362649662322f,-1.3039312975645112f,-0.4036084827118147f,0f,0f,0f,1f], start_interpolation: 0, interpolation_duration: 1 }
$data merge entity $(bone_neck_spine2) { transformation: [-1.3020784500734675f,-0.0013137367567465745f,0.0033152517936388005f,0.005165207900094938f,0f,1.2105044768619968f,0.4796873131963235f,4.589367539881444f,-0.003566062074789542f,0.47968551420408945f,-1.210499937054307f,1.3799269502901663f,0f,0f,0f,1f], start_interpolation: 0, interpolation_duration: 1 }
$data merge entity $(bone_scale_neck_left1) { transformation: [-1.3839763431924317f,0.35937409712447355f,0.08318147752024714f,0.6896222863489035f,0.32385777438392854f,1.0291573156107037f,0.9420248298738394f,3.8712061609622963f,0.17659287034750415f,0.9290559167475966f,-1.0756995305853256f,1.0656353930768327f,0f,0f,0f,1f], start_interpolation: 0, interpolation_duration: 1 }
$data merge entity $(bone_scale_neck_right1) { transformation: [-1.3829883029244554f,-0.36445756410782876f,-0.07728813842692688f,-0.6775600862282373f,-0.32385777438392854f,1.0291573156107037f,0.9420248298738394f,3.8712061609622963f,-0.1841708835511204f,0.9270735257207681f,-1.0761390160952446f,1.0618910278983038f,0f,0f,0f,1f], start_interpolation: 0, interpolation_duration: 1 }
$data merge entity $(bone_blush_right1) { transformation: [-0.999996249656423f,-0.0014713738566287226f,0.0023099203585823977f,-0.5728023992248779f,0f,0.8434258117660508f,0.537245660798464f,3.103171860055525f,-0.0027387356734383684f,0.5372436459426507f,-0.8434226486294749f,2.0348147385731354f,0f,0f,0f,1f], start_interpolation: 0, interpolation_duration: 1 }
$data merge entity $(bone_blush_left1) { transformation: [-0.999996249656423f,-0.0014713738566287226f,0.0023099203585823977f,0.5795370290901407f,0f,0.8434258117660508f,0.537245660798464f,3.103171860055525f,-0.0027387356734383684f,0.5372436459426507f,-0.8434226486294749f,2.037970703509324f,0f,0f,0f,1f], start_interpolation: 0, interpolation_duration: 1 }
$data merge entity $(bone_left_head_scales) { transformation: [-0.8880741091050995f,-0.0014713738566287226f,-0.45969795713724654f,0.5891581634800426f,-0.2480724388402302f,0.8434258117660508f,0.47654272120622987f,3.8221784605705595f,0.3870199501641278f,0.5372436459426507f,-0.7493896336814406f,2.0907420220631727f,0f,0f,0f,1f], start_interpolation: 0, interpolation_duration: 1 }
$data merge entity $(bone_left_head_scales2) { transformation: [-0.8204738880749144f,-0.0014713738566287226f,-0.5716821092584644f,0.589969307065507f,-0.3081514515658459f,0.8434258117660508f,0.44008588132845206f,3.0845539502848074f,0.48152391621299045f,0.5372436459426507f,-0.6924622610721486f,1.7945686632158102f,0f,0f,0f,1f], start_interpolation: 0, interpolation_duration: 1 }
$data merge entity $(bone_left_head_scales1) { transformation: [-0.999996249656423f,-0.0014713738566287226f,0.0023099203585823977f,0.589301852333229f,0f,0.8434258117660508f,0.537245660798464f,3.739812658640281f,-0.0027387356734383684f,0.5372436459426507f,-0.8434226486294749f,2.038276822264086f,0f,0f,0f,1f], start_interpolation: 0, interpolation_duration: 1 }
$data merge entity $(bone_right_head_scales) { transformation: [-0.885940904060582f,-0.0014713738566287226f,0.46379580590092956f,-0.5827124415860782f,0.2480724388402302f,0.8434258117660508f,0.47654272120622987f,3.8221784605705595f,-0.39187852658723077f,0.5372436459426507f,-0.7468604188829856f,2.087532566195862f,0f,0f,0f,1f], start_interpolation: 0, interpolation_duration: 1 }
$data merge entity $(bone_right_head_scales2) { transformation: [-0.8178240562998534f,-0.0014713738566287226f,0.5754664612262196f,-0.5819012980006137f,0.3081514515658459f,0.8434258117660508f,0.44008588132845206f,3.0845539502848074f,-0.48601079806431896f,0.5372436459426507f,-0.6893205125767922f,1.7913592073484996f,0f,0f,0f,1f], start_interpolation: 0, interpolation_duration: 1 }
$data merge entity $(bone_right_head_scales1) { transformation: [-0.999996249656423f,-0.0014713738566287226f,0.0023099203585823977f,-0.5825687527328918f,0f,0.8434258117660508f,0.537245660798464f,3.739812658640281f,-0.0027387356734383684f,0.5372436459426507f,-0.8434226486294749f,2.0350673663967753f,0f,0f,0f,1f], start_interpolation: 0, interpolation_duration: 1 }
$data merge entity $(bone_head_left_fin1) { transformation: [-0.6957981813310905f,0.020096485864659494f,-0.7179561421927098f,0.5900098679710368f,-0.1491495973038906f,0.9737750809552873f,0.17180363597610798f,3.4702900445047966f,0.7025804498279427f,0.22662352694814208f,-0.6745535475802871f,1.77975863470306f,0f,0f,0f,1f], start_interpolation: 0, interpolation_duration: 1 }
$data merge entity $(bone_head_right_fin1) { transformation: [-0.6919393935715823f,-0.021337503610313655f,0.7216402057559369f,-0.5818607370950839f,0.1491495973038906f,0.9737750809552873f,0.17180363597610798f,3.4702900445047966f,-0.7063811104834827f,0.22651004977749573f,-0.6706108589203714f,1.7765491788357495f,0f,0f,0f,1f], start_interpolation: 0, interpolation_duration: 1 }
$data merge entity $(bone_right_whisker16) { transformation: [0.25933605948659705f,0.919642995313015f,-0.2949602844819456f,-1.0396109126790822f,0.9638046365760612f,-0.2659971204086661f,0.01805974664230106f,1.0963955564978545f,-0.06185006681039863f,-0.28896763331903375f,-0.9553388279189462f,1.5980348486214409f,0f,0f,0f,1f], start_interpolation: 0, interpolation_duration: 1 }
$data merge entity $(bone_right_whisker15) { transformation: [-0.8779251736513696f,0.3771549019269698f,-0.2949602844819456f,-0.7824062719609075f,0.3895232274257064f,0.920839563033147f,0.01805974664230106f,0.9822774234629796f,0.2784224214481904f,-0.0990387757667701f,-0.9553388279189462f,1.5164657798377914f,0f,0f,0f,1f], start_interpolation: 0, interpolation_duration: 1 }
$data merge entity $(bone_right_whisker14) { transformation: [-0.7128456353624002f,-0.6362778722563796f,-0.2949602844819456f,-0.5735647772258293f,-0.6699444373060881f,0.7421915497186994f,0.01805974664230106f,1.1785502078299976f,0.20742601347807105f,0.21048081338461572f,-0.9553388279189462f,1.4556964399516379f,0f,0f,0f,1f], start_interpolation: 0, interpolation_duration: 1 }
$data merge entity $(bone_right_whisker13) { transformation: [-0.0935299767602476f,-0.9933627731431154f,-0.06695180640316856f,-0.5461634168468505f,-0.9727655579653866f,0.07685179752550347f,0.2186800641425485f,1.4635401173901694f,-0.21208326827809326f,0.08558155262975076f,-0.9734970391151498f,1.5178302099549856f,0f,0f,0f,1f], start_interpolation: 0, interpolation_duration: 1 }
$data merge entity $(bone_right_whisker12) { transformation: [0.0682990693146287f,-0.9966440264286949f,-0.045121189199252516f,-0.5728427407978773f,-0.9020121554281049f,-0.08101171955032108f,0.42404147527741254f,1.8158886156042728f,-0.4262737484184311f,0.011738223012847628f,-0.9045180515223568f,1.6843433929309353f,0f,0f,0f,1f], start_interpolation: 0, interpolation_duration: 1 }
$data merge entity $(bone_right_whisker11) { transformation: [0.2925537809014837f,-0.9559844475729695f,-0.022494916733591747f,-0.6871215614625193f,-0.9468276323696686f,-0.2928852772939933f,0.13317525643177258f,2.1857431594986747f,-0.13390190387553996f,-0.017662116040420235f,-0.9908371863204773f,1.7366488241323181f,0f,0f,0f,1f], start_interpolation: 0, interpolation_duration: 1 }
$data merge entity $(bone_right_whisker10) { transformation: [0.07015184204983992f,-0.9934795532148933f,0.08987266770798732f,-0.7145246247632381f,-0.990750231234402f,-0.07988232284193679f,-0.10969409193915453f,2.572754968574613f,0.11615807490654015f,-0.08134612370182487f,-0.9898939891688877f,1.691274576121951f,0f,0f,0f,1f], start_interpolation: 0, interpolation_duration: 1 }
$data merge entity $(bone_right_whisker1) { transformation: [-0.3397787416637318f,-0.9386104055724772f,0.05967338824368095f,-0.5817985538008429f,-0.9267650061660195f,0.3449460168323762f,0.14872413663415934f,2.9347725491082146f,-0.1601781197901545f,-0.00476990802302274f,-0.9870766018490879f,1.75384415416498f,0f,0f,0f,1f], start_interpolation: 0, interpolation_duration: 1 }
$data merge entity $(bone_left_whisker16) { transformation: [0.2589933883983848f,-0.918046393434491f,0.3001886811121423f,1.0487309801478317f,-0.9638046365760612f,-0.2659971204086661f,0.01805974664230106f,1.0963955564978545f,0.06326963948380007f,-0.2940005976800412f,-0.9537088661029468f,1.6037542865115193f,0f,0f,0f,1f], start_interpolation: 0, interpolation_duration: 1 }
$data merge entity $(bone_left_whisker15) { transformation: [-0.8763869584755756f,-0.37660676407372534f,0.3001886811121423f,0.7919769884069404f,-0.3895232274257064f,0.920839563033147f,0.01805974664230106f,0.9822774234629796f,-0.28322703668575006f,-0.10110313747278217f,-0.9537088661029468f,1.520777615607491f,0f,0f,0f,1f], start_interpolation: 0, interpolation_duration: 1 }
$data merge entity $(bone_left_whisker14) { transformation: [-0.7116987759338579f,0.6351154289311519f,0.3001886811121423f,0.583471487645068f,0.6699444373060881f,0.7421915497186994f,0.01805974664230106f,1.1785502078299976f,-0.21132747870752036f,0.21396283663233207f,-0.9537088661029468f,1.4588652683298973f,0f,0f,0f,1f], start_interpolation: 0, interpolation_duration: 1 }
$data merge entity $(bone_left_whisker13) { transformation: [-0.09469024935313418f,0.9928791026199749f,0.07228308417600099f,0.5557302036548919f,0.9727655579653866f,0.07685179752550347f,0.2186800641425485f,1.4635401173901694f,0.21156778089711914f,0.0910213645121438f,-0.9731157101232186f,1.5208480166396001f,0f,0f,0f,1f], start_interpolation: 0, interpolation_duration: 1 }
$data merge entity $(bone_left_whisker12) { transformation: [0.06596315125044426f,0.9965647798875534f,0.05007496544964875f,0.5814970596120966f,0.9020121554281049f,-0.08101171955032108f,0.42404147527741254f,1.8158886156042728f,0.42664145853052693f,0.017197115548039987f,-0.9042573334398633f,1.6875048363780871f,0f,0f,0f,1f], start_interpolation: 0, interpolation_duration: 1 }
$data merge entity $(bone_left_whisker11) { transformation: [0.29181595110983666f,0.9560668498910452f,0.027921841222875693f,0.6954876655143766f,0.9468276323696686f,-0.2928852772939933f,0.13317525643177258f,2.1857431594986747f,0.13550234410927775f,-0.01242549330347699f,-0.9906991076290803f,1.7404354395457737f,0f,0f,0f,1f], start_interpolation: 0, interpolation_duration: 1 }
$data merge entity $(bone_left_whisker10) { transformation: [0.07078703981861563f,0.9939102190749067f,-0.08444922386966677f,0.7231388529435233f,0.990750231234402f,-0.07988232284193679f,-0.10969409193915453f,2.572754968574613f,-0.11577207911537565f,-0.07590316802247438f,-0.9903714125425144f,1.69521197114133f,0f,0f,0f,1f], start_interpolation: 0, interpolation_duration: 1 }
$data merge entity $(bone_left_whisker1) { transformation: [-0.34065101229630845f,0.938622452089395f,-0.05426582953564734f,0.5900720512652778f,0.9267650061660195f,0.3449460168323762f,0.14872413663415934f,2.9347725491082146f,0.15831459556085914f,0.0003713558531124317f,-0.9873886524197206f,1.7570536100322907f,0f,0f,0f,1f], start_interpolation: 0, interpolation_duration: 1 }
$data merge entity $(bone_upper_left_tooth1) { transformation: [-0.999996249656423f,-0.0012644520103441519f,0.002429369095567931f,0.2702860858514264f,0f,0.8870403665199129f,0.46169187578320947f,2.820910591718868f,-0.0027387356734383684f,0.46169014428004856f,-0.8870370398137717f,2.6339696008313562f,0f,0f,0f,1f], start_interpolation: 0, interpolation_duration: 1 }
$data merge entity $(bone_upper_right_tooth1) { transformation: [-0.999996249656423f,-0.0012644520103441519f,0.002429369095567931f,-0.315649216681634f,0f,0.8870403665199129f,0.46169187578320947f,2.820910591718868f,-0.0027387356734383684f,0.46169014428004856f,-0.8870370398137717f,2.6323648728977007f,0f,0f,0f,1f], start_interpolation: 0, interpolation_duration: 1 }
$data merge entity $(bone_top_lip1) { transformation: [-0.999996249656423f,-0.0001179678948540078f,0.002736193828066211f,0.0015968882168030086f,0f,0.9990718909470492f,0.043073851923031314f,2.9161981310911242f,-0.0027387356734383684f,0.043073690381287444f,-0.9990681440842f,2.682829722351869f,0f,0f,0f,1f], start_interpolation: 0, interpolation_duration: 1 }
$data merge entity $(bone_muzzle1) { transformation: [-0.999996249656423f,-0.0012644520103441519f,0.002429369095567931f,0.00259788113304553f,0f,0.8870403665199129f,0.46169187578320947f,3.271571171002835f,-0.0027387356734383684f,0.46169014428004856f,-0.8870370398137717f,2.317336559983824f,0f,0f,0f,1f], start_interpolation: 0, interpolation_duration: 1 }
$data merge entity $(bone_jaw_right_tooth1) { transformation: [-0.999996249656423f,0.0003674937252368885f,0.0027139678426384177f,-0.31563684126270003f,0f,0.9909564727110537f,-0.13418371433250276f,2.7361837761681085f,-0.0027387356734383684f,-0.13418321109747156f,-0.9909527562838111f,2.627846228531282f,0f,0f,0f,1f], start_interpolation: 0, interpolation_duration: 1 }
$data merge entity $(bone_jaw_left_tooth1) { transformation: [-0.999996249656423f,0.0003674937252368885f,0.0027139678426384177f,0.31912640314811536f,0f,0.9909564727110537f,-0.13418371433250276f,2.7361837761681085f,-0.0027387356734383684f,-0.13418321109747156f,-0.9909527562838111f,2.6295846837927415f,0f,0f,0f,1f], start_interpolation: 0, interpolation_duration: 1 }
$data merge entity $(bone_tongue1) { transformation: [-0.999996249656423f,-0.0006056278485426553f,0.0026709339186946407f,0.0036450774774655706f,0f,0.9752434105265056f,0.22113410009455733f,2.879909358765933f,-0.0027387356734383684f,0.2211332707657054f,-0.9752397530286449f,1.9349731113202107f,0f,0f,0f,1f], start_interpolation: 0, interpolation_duration: 1 }
$data merge entity $(bone_jaw_lips1) { transformation: [-0.999996249656423f,-0.0006056278485426553f,0.0026709339186946407f,0.05045436688825359f,0f,0.9752434105265056f,0.22113410009455733f,2.5976242413750126f,-0.0027387356734383684f,0.2211332707657054f,-0.9752397530286449f,2.6721786619365955f,0f,0f,0f,1f], start_interpolation: 0, interpolation_duration: 1 }
$data merge entity $(bone_jaw3) { transformation: [-0.999996249656423f,-0.00010936490032418568f,0.0027365511885475476f,0.052600307663018354f,0f,0.9992023746898954f,0.039932623430899594f,2.555637523502178f,-0.0027387356734383684f,0.03993247366984182f,-0.9991986273376873f,1.888629980126264f,0f,0f,0f,1f], start_interpolation: 0, interpolation_duration: 1 }
$data merge entity $(bone_jaw1) { transformation: [-0.999996249656423f,-0.0020123665651291f,0.0018577012398430545f,0.05405163675664574f,0f,0.6783061461023685f,0.7347794037394845f,3.1296839326736503f,-0.0027387356734383684f,0.7347766480642671f,-0.6783036022212702f,1.3587052908908968f,0f,0f,0f,1f], start_interpolation: 0, interpolation_duration: 1 }
$data merge entity $(bone_tear_right1) { transformation: [-0.999996249656423f,-0.0014713738566287226f,0.0023099203585823977f,-0.5246803886772912f,0f,0.8434258117660508f,0.537245660798464f,3.344233309905384f,-0.0027387356734383684f,0.5372436459426507f,-0.8434226486294749f,2.292705608924944f,0f,0f,0f,1f], start_interpolation: 0, interpolation_duration: 1 }
$data merge entity $(bone_right_pupil1) { transformation: [-0.999996249656423f,-0.0014713738566287226f,0.0023099203585823977f,-0.3638275287287248f,0f,0.8434258117660508f,0.537245660798464f,3.3951198738982526f,-0.0027387356734383684f,0.5372436459426507f,-0.8434226486294749f,2.3950314038680647f,0f,0f,0f,1f], start_interpolation: 0, interpolation_duration: 1 }
$data merge entity $(bone_right_sad_pupil1) { transformation: [-0.999996249656423f,-0.0014713738566287226f,0.0023099203585823977f,-0.363804970912723f,0f,0.8434258117660508f,0.537245660798464f,3.4003664135544875f,-0.0027387356734383684f,0.5372436459426507f,-0.8434226486294749f,2.386794854565043f,0f,0f,0f,1f], start_interpolation: 0, interpolation_duration: 1 }
$data merge entity $(bone_right_happy_pupil1) { transformation: [-0.999996249656423f,-0.0014713738566287226f,0.0023099203585823977f,-0.38818270759928025f,0f,0.8434258117660508f,0.537245660798464f,3.379775226642484f,-0.0027387356734383684f,0.5372436459426507f,-0.8434226486294749f,2.373611859695863f,0f,0f,0f,1f], start_interpolation: 0, interpolation_duration: 1 }
$data merge entity $(bone_eyelid_right1) { transformation: [-0.999996249656423f,-0.0014713738566287226f,0.0023099203585823977f,0.013370229271500979f,0f,0.8434258117660508f,0.537245660798464f,3.621510495401098f,-0.0027387356734383684f,0.5372436459426507f,-0.8434226486294749f,1.9497644907943386f,0f,0f,0f,1f], start_interpolation: 0, interpolation_duration: 1 }
$data merge entity $(bone_eyelid_expressions_right5) { transformation: [-0.999996249656423f,-0.0014713738566287226f,0.0023099203585823977f,-0.4762526135859179f,0f,0.8434258117660508f,0.537245660798464f,3.4827322154847655f,-0.0027387356734383684f,0.5372436459426507f,-0.8434226486294749f,2.438952482366034f,0f,0f,0f,1f], start_interpolation: 0, interpolation_duration: 1 }
$data merge entity $(bone_eyelid_expressions_right7) { transformation: [-0.999996249656423f,-0.0014713738566287226f,0.0023099203585823977f,-0.18328496231938773f,0f,0.8434258117660508f,0.537245660798464f,3.4827322154847655f,-0.0027387356734383684f,0.5372436459426507f,-0.8434226486294749f,2.4397548463328613f,0f,0f,0f,1f], start_interpolation: 0, interpolation_duration: 1 }
$data merge entity $(bone_eyelid_expressions_right6) { transformation: [-0.999996249656423f,-0.0014713738566287226f,0.0023099203585823977f,-0.2809408460748978f,0f,0.8434258117660508f,0.537245660798464f,3.4827322154847655f,-0.0027387356734383684f,0.5372436459426507f,-0.8434226486294749f,2.439487391677252f,0f,0f,0f,1f], start_interpolation: 0, interpolation_duration: 1 }
$data merge entity $(bone_right_eye1) { transformation: [-0.999996249656423f,-0.0014713738566287226f,0.0023099203585823977f,0.003582083079948193f,0f,0.8434258117660508f,0.537245660798464f,3.6162639557448633f,-0.0027387356734383684f,0.5372436459426507f,-0.8434226486294749f,1.9579742946318f,0f,0f,0f,1f], start_interpolation: 0, interpolation_duration: 1 }
$data merge entity $(bone_tear_left1) { transformation: [-0.999996249656423f,-0.0014713738566287226f,0.0023099203585823977f,0.5300031558822175f,0f,0.8434258117660508f,0.537245660798464f,3.344233309905384f,-0.0027387356734383684f,0.5372436459426507f,-0.8434226486294749f,2.2955941192055236f,0f,0f,0f,1f], start_interpolation: 0, interpolation_duration: 1 }
$data merge entity $(bone_left_sad_pupil1) { transformation: [-0.999996249656423f,-0.0014713738566287226f,0.0023099203585823977f,0.3686141572536024f,0f,0.8434258117660508f,0.537245660798464f,3.4003664135544875f,-0.0027387356734383684f,0.5372436459426507f,-0.8434226486294749f,2.3888007644821116f,0f,0f,0f,1f], start_interpolation: 0, interpolation_duration: 1 }
$data merge entity $(bone_left_pupil1) { transformation: [-0.999996249656423f,-0.0014713738566287226f,0.0023099203585823977f,0.3685915994376006f,0f,0.8434258117660508f,0.537245660798464f,3.3951198738982526f,-0.0027387356734383684f,0.5372436459426507f,-0.8434226486294749f,2.397037313785134f,0f,0f,0f,1f], start_interpolation: 0, interpolation_duration: 1 }
$data merge entity $(bone_eyelid_left1) { transformation: [-0.999996249656423f,-0.0014713738566287226f,0.0023099203585823977f,-0.006160947479601032f,0f,0.8434258117660508f,0.537245660798464f,3.621510495401098f,-0.0027387356734383684f,0.5372436459426507f,-0.8434226486294749f,1.9497109998632167f,0f,0f,0f,1f], start_interpolation: 0, interpolation_duration: 1 }
$data merge entity $(bone_left_happy_pupil1) { transformation: [-0.999996249656423f,-0.0014713738566287226f,0.0023099203585823977f,0.3930643624448002f,0f,0.8434258117660508f,0.537245660798464f,3.379775226642484f,-0.0027387356734383684f,0.5372436459426507f,-0.8434226486294749f,2.3757514969407367f,0f,0f,0f,1f], start_interpolation: 0, interpolation_duration: 1 }
$data merge entity $(bone_eyelid_expressions_left5) { transformation: [-0.999996249656423f,-0.0014713738566287226f,0.0023099203585823977f,0.4807750472180806f,0f,0.8434258117660508f,0.537245660798464f,3.4827322154847655f,-0.0027387356734383684f,0.5372436459426507f,-0.8434226486294749f,2.441573537991004f,0f,0f,0f,1f], start_interpolation: 0, interpolation_duration: 1 }
$data merge entity $(bone_eyelid_expressions_left7) { transformation: [-0.999996249656423f,-0.0014713738566287226f,0.0023099203585823977f,0.18780739595155044f,0f,0.8434258117660508f,0.537245660798464f,3.4827322154847655f,-0.0027387356734383684f,0.5372436459426507f,-0.8434226486294749f,2.4407711740241766f,0f,0f,0f,1f], start_interpolation: 0, interpolation_duration: 1 }
$data merge entity $(bone_eyelid_expressions_left6) { transformation: [-0.999996249656423f,-0.0014713738566287226f,0.0023099203585823977f,0.2854632797070605f,0f,0.8434258117660508f,0.537245660798464f,3.4827322154847655f,-0.0027387356734383684f,0.5372436459426507f,-0.8434226486294749f,2.441038628679786f,0f,0f,0f,1f], start_interpolation: 0, interpolation_duration: 1 }
$data merge entity $(bone_left_eye1) { transformation: [-0.999996249656423f,-0.0014713738566287226f,0.0023099203585823977f,0.003582083079948193f,0f,0.8434258117660508f,0.537245660798464f,3.6162639557448633f,-0.0027387356734383684f,0.5372436459426507f,-0.8434226486294749f,1.9579742946318f,0f,0f,0f,1f], start_interpolation: 0, interpolation_duration: 1 }
$data merge entity $(bone_crest_middle5) { transformation: [-0.999996249656423f,-0.0009365381505679408f,0.002573629612336378f,0.0008515219458295584f,0f,0.9397144957422244f,0.3419600363959755f,4.409833422768661f,-0.0027387356734383684f,0.3419587539283494f,-0.939710971490001f,2.954985769692528f,0f,0f,0f,1f], start_interpolation: 0, interpolation_duration: 1 }
$data merge entity $(bone_crest_middle4) { transformation: [-0.999996249656423f,-0.0009365381505679408f,0.002573629612336378f,0.0014002747684279612f,0f,0.9397144957422244f,0.3419600363959755f,3.8592194604197014f,-0.0027387356734383684f,0.3419587539283494f,-0.939710971490001f,2.754619312312636f,0f,0f,0f,1f], start_interpolation: 0, interpolation_duration: 1 }
$data merge entity $(bone_crest_middle1) { transformation: [-0.999996249656423f,-0.0009365381505679408f,0.002573629612336378f,0.001623340318495216f,0f,0.9397144957422244f,0.3419600363959755f,3.4212129806922493f,-0.0027387356734383684f,0.3419587539283494f,-0.939710971490001f,2.6731712501070732f,0f,0f,0f,1f], start_interpolation: 0, interpolation_duration: 1 }
$data merge entity $(bone_crest_left5) { transformation: [-0.5360566491644153f,-0.8366552791943125f,0.11247760969591113f,-0.9589615089173938f,-0.7113381148212764f,0.5194200363751867f,0.4734985873416227f,3.8933257658272766f,-0.4545782169100622f,0.17381245527374178f,-0.8735833532654922f,2.7252460972737036f,0f,0f,0f,1f], start_interpolation: 0, interpolation_duration: 1 }
$data merge entity $(bone_crest_left4) { transformation: [-0.5360566491644153f,-0.8366552791943125f,0.11247760969591113f,-0.550438423373296f,-0.7113381148212764f,0.5194200363751867f,0.4734985873416227f,3.639702701190955f,-0.4545782169100622f,0.17381245527374178f,-0.8735833532654922f,2.640376734347072f,0f,0f,0f,1f], start_interpolation: 0, interpolation_duration: 1 }
$data merge entity $(bone_crest_left1) { transformation: [-0.5360566491644153f,-0.8366552791943125f,0.11247760969591113f,-0.09557095848885513f,-0.7113381148212764f,0.5194200363751867f,0.4734985873416227f,3.3838373783010414f,-0.4545782169100622f,0.17381245527374178f,-0.8735833532654922f,2.5043649979566105f,0f,0f,0f,1f], start_interpolation: 0, interpolation_duration: 1 }
$data merge entity $(bone_crest_center1) { transformation: [-0.999996249656423f,-0.0014713738566287226f,0.0023099203585823977f,0.0021208470201471916f,0f,0.8434258117660508f,0.537245660798464f,3.363246191389038f,-0.0027387356734383684f,0.5372436459426507f,-0.8434226486294749f,2.4915163205510873f,0f,0f,0f,1f], start_interpolation: 0, interpolation_duration: 1 }
$data merge entity $(bone_crest_right5) { transformation: [-0.538538537412962f,0.8356906790658705f,-0.10769091253922881f,0.9619085420750217f,0.7113381148212764f,0.5194200363751867f,0.4734985873416227f,3.893325765827277f,0.45163517370065437f,0.17839258598502317f,-0.8741863389129092f,2.73050687233611f,0f,0f,0f,1f], start_interpolation: 0, interpolation_duration: 1 }
$data merge entity $(bone_crest_right4) { transformation: [-0.538538537412962f,0.8356906790658705f,-0.10769091253922881f,0.5538564526873897f,0.7113381148212764f,0.5194200363751867f,0.4734985873416227f,3.6397027011909553f,0.45163517370065437f,0.17839258598502317f,-0.8741863389129092f,2.6434011174606105f,0f,0f,0f,1f], start_interpolation: 0, interpolation_duration: 1 }
$data merge entity $(bone_crest_right1) { transformation: [-0.538538537412962f,0.8356906790658705f,-0.10769091253922881f,0.09974080902216498f,0.7113381148212764f,0.5194200363751867f,0.4734985873416227f,3.383837378301042f,0.45163517370065437f,0.17839258598502317f,-0.8741863389129092f,2.504899907267829f,0f,0f,0f,1f], start_interpolation: 0, interpolation_duration: 1 }
$data merge entity $(bone_head1) { transformation: [-0.999996249656423f,-0.0014713738566287226f,0.0023099203585823977f,0.00489460738663936f,0f,0.8434258117660508f,0.537245660798464f,3.8636407358726492f,-0.0027387356734383684f,0.5372436459426507f,-0.8434226486294749f,1.4787314830660345f,0f,0f,0f,1f], start_interpolation: 0, interpolation_duration: 1 }
$data merge entity $(bone_neck10) { transformation: [-1.3020784500734675f,-0.001735224749548656f,0.003115412298525847f,0.007634906074203623f,0f,1.1375366848070358f,0.6335860617648265f,3.9738097994379773f,-0.003566062074789542f,0.6335836855994093f,-1.1375324186536364f,0.4781645290954958f,0f,0f,0f,1f], start_interpolation: 0, interpolation_duration: 1 }
$data merge entity $(bone_neck9) { transformation: [-0.999996249656423f,-0.0014713738566287228f,0.0023099203585823977f,0.009390072085617901f,0f,0.8434258117660508f,0.537245660798464f,2.876821676063183f,-0.0027387356734383684f,0.5372436459426507f,-0.843422648629475f,-0.1627003217775241f,0f,0f,0f,1f], start_interpolation: 0, interpolation_duration: 1 }
$data merge entity $(bone_neck8) { transformation: [-0.999996249656423f,0.0004757489761630562f,0.0026970976994991707f,0.00896888215784199f,0f,0.9847966438152378f,-0.17371116927314606f,2.23977330379539f,-0.0027387356734383684f,-0.17371051779657812f,-0.98479295048947f,-0.00891098304948773f,0f,0f,0f,1f], start_interpolation: 0, interpolation_duration: 1 }
$data merge entity $(bone_neck7) { transformation: [-0.999996249656423f,0.0011943670669109906f,0.00246458118114262f,0.007939329265436865f,0f,0.8998974253139372f,-0.4361016210854377f,1.5151572415442227f,-0.0027387356734383684f,-0.4360999855545241f,-0.8998940503894082f,0.36701030107191535f,0f,0f,0f,1f], start_interpolation: 0, interpolation_duration: 1 }
$data merge entity $(bone_neck6) { transformation: [-0.999996249656423f,0.0007554644144963422f,0.0026324791751110993f,0.007361696857972661f,0f,0.9612023535685469f,-0.2758442232389254f,0.7478612123540835f,-0.0027387356734383684f,-0.2758431887283145f,-0.961198748729474f,0.5779215791285612f,0f,0f,0f,1f], start_interpolation: 0, interpolation_duration: 1 }
$data merge entity $(bone_neck_spine6) { transformation: [-1.101079983879057f,0.08926265301165609f,0.06779915482937535f,-0.027305947735854916f,0.04421291226750594f,-0.26930740896911504f,1.0725951777723637f,0.5061207286701221f,0.10300371355967099f,1.0697884724416429f,0.2643568360025037f,-1.693624166342918f,0f,0f,0f,1f], start_interpolation: 0, interpolation_duration: 1 }
$data merge entity $(bone_neck_spine7) { transformation: [-0.9967303739178449f,0.07913206652761506f,0.016330271175404892f,-0.30014785775294794f,0.042734031451113846f,0.34475388447289557f,0.9377198737878942f,0.9342902275450147f,0.06857378701463386f,0.9353517387528171f,-0.3470083004000816f,-4.930063136158527f,0f,0f,0f,1f], start_interpolation: 0, interpolation_duration: 1 }
$data merge entity $(bone_tail6) { transformation: [-1.380511867173933f,-0.48760829206060213f,-0.3140372904444812f,0.33057479117086985f,-0.5790188239692068f,1.1119511992482025f,0.8188382096994671f,-1.1264415048867336f,-0.03344350109192096f,0.8763543607971914f,-1.2137045967740618f,-7.526063459957869f,0f,0f,0f,1f], start_interpolation: 0, interpolation_duration: 1 }
$data merge entity $(bone_tail5) { transformation: [-1.1404228467958577f,-0.4028068499631062f,-0.2594221094976149f,0.07617046487838147f,-0.4783198980615187f,0.9185683819876456f,0.6764315645343425f,-0.546293053105062f,-0.027627240032456445f,0.723944906745506f,-1.0026255364655294f,-7.068835097802812f,0f,0f,0f,1f], start_interpolation: 0, interpolation_duration: 1 }
$data merge entity $(bone_tail4) { transformation: [-0.9219418382518092f,-0.32563753765438475f,-0.20972229483596658f,-0.05103169826786258f,-0.38668387548552247f,0.7425900182805387f,0.5468415174340789f,-0.2562188272142267f,-0.022334442468343735f,0.5852523035584722f,-0.8105435915847649f,-6.840220916725284f,0f,0f,0f,1f], start_interpolation: 0, interpolation_duration: 1 }
$data merge entity $(bone_segment18) { transformation: [-0.9219418382518092f,-0.30289744907436944f,-0.24140501698414366f,-0.19893084332370703f,-0.38668387548552247f,0.683836067312046f,0.618743738136146f,0.07768550252798329f,-0.022334442468343735f,0.6637931668731114f,-0.7475826404433117f,-6.5161031594630225f,0f,0f,0f,1f], start_interpolation: 0, interpolation_duration: 1 }
$data merge entity $(bone_segment17) { transformation: [-0.981153898173376f,-0.1816256290661558f,0.06594815361715534f,-0.3142205492739036f,-0.008314901021428511f,0.38066657076576516f,0.924674983073748f,0.3193195562367209f,-0.19304893296828285f,0.9067001118163357f,-0.37500268893976174f,-5.940561096298357f,0f,0f,0f,1f], start_interpolation: 0, interpolation_duration: 1 }
$data merge entity $(bone_segment16) { transformation: [-0.9989710526120176f,-0.02134556576582373f,0.040015032992298694f,-0.33193903648186274f,0.033543614774196456f,0.2460641785632069f,0.968672930320598f,0.5235720482081329f,-0.030523137963161084f,0.9690184656910057f,-0.24509498403421237f,-5.1362000652071895f,0f,0f,0f,1f], start_interpolation: 0, interpolation_duration: 1 }
$data merge entity $(bone_segment15) { transformation: [-0.9967303739178449f,0.07220912155476458f,0.036254716574293994f,-0.2578964802001217f,0.042734031451113846f,0.09030691841840863f,0.9949967150909121f,0.6161719157270089f,0.06857378701463386f,0.9932927580779293f,-0.09309743543412755f,-4.117686983193688f,0f,0f,0f,1f], start_interpolation: 0, interpolation_duration: 1 }
$data merge entity $(bone_segment14) { transformation: [-0.9942593940269113f,0.0919282541753572f,0.05474900431523955f,-0.1636341101960933f,0.03659482434831513f,-0.18866558439436845f,0.9813593205834686f,0.4227159942288773f,0.10054390195409744f,0.9777292536021422f,0.1842184312994832f,-3.1151325727618047f,0f,0f,0f,1f], start_interpolation: 0, interpolation_duration: 1 }
$data merge entity $(bone_segment13) { transformation: [-0.9948581501401361f,0.06878872370311981f,0.07433285001291312f,-0.09155471702263533f,0.03994766661346419f,-0.4079166243757978f,0.9121448412889225f,-0.0377445682313292f,0.09306688472214977f,0.9104241533753101f,0.40307122933665684f,-2.1469783569783885f,0f,0f,0f,1f], start_interpolation: 0, interpolation_duration: 1 }
$data merge entity $(bone_segment12) { transformation: [-0.9974091639572139f,0.052457672793967916f,0.049225524062344685f,-0.03008088171720417f,0.043673403759936266f,-0.10218487784166985f,0.9938062610712938f,-0.15749247195203608f,0.05716286782687746f,0.9933813181782332f,0.09962912845289212f,-0.9828596247382714f,0f,0f,0f,1f], start_interpolation: 0, interpolation_duration: 1 }
$data merge entity $(bone_segment11) { transformation: [-1.034773912817344f,0.024221134564998907f,0.014309014890275001f,0.0035496055596357413f,0.023565058809314983f,0.4587062842083059f,0.92767542532137f,0.372487924556668f,0.01536552212127602f,0.9276585273592085f,-0.45908824779310964f,0.08911512358548312f,0f,0f,0f,1f], start_interpolation: 0, interpolation_duration: 1 }
$data merge entity $(bone_segment10) { transformation: [-0.999996249656423f,-0.0016740213063925298f,0.0021675621685911944f,0.007155502266165122f,0f,0.7914462829010112f,0.6112387269162292f,1.1028751160397197f,-0.0027387356734383684f,0.6112364345609955f,-0.7914433147055275f,0.6532095379143421f,0f,0f,0f,1f], start_interpolation: 0, interpolation_duration: 1 }