# This file was generated by Animated Java via MC-Build. It is not recommended to edit this file directly.
$data merge entity $(bone_neck_spine5) { transformation: [-1.367142107833285f,-0.0034252349236410123f,0.010601174988225149f,0.10980029360294814f,2.9646153153900517e-19f,1.3009667378089143f,0.42034177435877357f,3.735792442103838f,-0.011140787468267247f,0.42032781853786444f,-1.3009235442461782f,-0.3866529965971349f,0f,0f,0f,1f], start_interpolation: 0, interpolation_duration: 1 }
$data merge entity $(bone_neck_spine2) { transformation: [-1.3020401026983663f,-0.003894276320191419f,0.009869778194759133f,-0.0023953130201497088f,2.8234431575143343e-19f,1.2112103757550616f,0.4779021161364808f,4.595023981696071f,-0.010610273779302138f,0.4778862492473163f,-1.2111701622047597f,1.397146747188116f,0f,0f,0f,1f], start_interpolation: 0, interpolation_duration: 1 }
$data merge entity $(bone_scale_neck_left1) { transformation: [-1.38490756746028f,0.3543550038708131f,0.08901111855124166f,0.6837434402927799f,0.3241233647267142f,1.0305244702724485f,0.9404375465764327f,3.8763972537680615f,0.1686253018744832f,0.9294682704666051f,-1.0766214098587927f,1.0876218233855686f,0f,0f,0f,1f], start_interpolation: 0, interpolation_duration: 1 }
$data merge entity $(bone_scale_neck_right1) { transformation: [-1.3819755890726502f,-0.3694553398715777f,-0.07145377142219805f,-0.6833986675405049f,-0.3241233647267142f,1.0305244702724485f,0.9404375465764327f,3.8763972537680615f,-0.19117252430281967f,0.9235699683363698f,-1.0779290319597215f,1.0764810359173012f,0f,0f,0f,1f], start_interpolation: 0, interpolation_duration: 1 }
$data merge entity $(bone_blush_right1) { transformation: [-0.9999667988723454f,-0.0044268316242426714f,0.006841367901584683f,-0.5838617506780189f,2.168404344971009e-19f,0.839566566060933f,0.5432568279853027f,3.1050105867475275f,-0.008148690262504043f,0.5432387912460075f,-0.8395386915041989f,2.044521619284995f,0f,0f,0f,1f], start_interpolation: 0, interpolation_duration: 1 }
$data merge entity $(bone_blush_left1) { transformation: [-0.9999667988723454f,-0.0044268316242426714f,0.006841367901584683f,0.5684437402100354f,2.168404344971009e-19f,0.839566566060933f,0.5432568279853027f,3.1050105867475275f,-0.008148690262504043f,0.5432387912460075f,-0.8395386915041989f,2.0539117115796772f,0f,0f,0f,1f], start_interpolation: 0, interpolation_duration: 1 }
$data merge entity $(bone_left_head_scales) { transformation: [-0.8901403755595058f,-0.0044268316242426714f,-0.4556649152179182f,0.577737398607028f,-0.2508480869526769f,0.839566566060933f,0.48187469162100127f,3.8236220689100886f,0.3804278500201638f,0.5432387912460075f,-0.7484425606648866f,2.1118688982848144f,0f,0f,0f,1f], start_interpolation: 0, interpolation_duration: 1 }
$data merge entity $(bone_left_head_scales2) { transformation: [-0.8230488949381582f,-0.0044268316242426714f,-0.5679532724642469f,0.5801937073122588f,-0.3115993154191832f,0.839566566060933f,0.4450099412181139f,3.0881320522630746f,0.47486459456499064f,0.5432387912460075f,-0.6923837321270653f,1.8104428931371814f,0f,0f,0f,1f], start_interpolation: 0, interpolation_duration: 1 }
$data merge entity $(bone_left_head_scales1) { transformation: [-0.9999667988723454f,-0.0044268316242426714f,0.006841367901584683f,0.5781697063828329f,2.168404344971009e-19f,0.839566566060933f,0.5432568279853027f,3.7416331464432004f,-0.008148690262504043f,0.5432387912460075f,-0.8395386915041989f,2.0588182350771964f,0f,0f,0f,1f], start_interpolation: 0, interpolation_duration: 1 }
$data merge entity $(bone_right_head_scales) { transformation: [-0.8838223912771309f,-0.0044268316242426714f,0.4678016501028449f,-0.5940986938215018f,0.2508480869526769f,0.839566566060933f,0.48187469162100127f,3.8236220689100886f,-0.3948838030982738f,0.5432387912460075f,-0.7409172678081004f,2.1023196518834424f,0f,0f,0f,1f], start_interpolation: 0, interpolation_duration: 1 }
$data merge entity $(bone_right_head_scales2) { transformation: [-0.8152008000966435f,-0.0044268316242426714f,0.5791615134688792f,-0.591642385116271f,0.3115993154191832f,0.839566566060933f,0.4450099412181139f,3.0881320522630746f,-0.48821462713860664f,0.5432387912460075f,-0.6830359386836743f,1.8008936467358094f,0f,0f,0f,1f], start_interpolation: 0, interpolation_duration: 1 }
$data merge entity $(bone_right_head_scales1) { transformation: [-0.9999667988723454f,-0.0044268316242426714f,0.006841367901584683f,-0.5936663860456969f,2.168404344971009e-19f,0.839566566060933f,0.5432568279853027f,3.7416331464432004f,-0.008148690262504043f,0.5432387912460075f,-0.8395386915041989f,2.0492689886758244f,0f,0f,0f,1f], start_interpolation: 0, interpolation_duration: 1 }
$data merge entity $(bone_head_left_fin1) { transformation: [-0.6995801413070548f,0.01881351988680715f,-0.7143064309932188f,0.5802919337713935f,-0.15417815410302455f,0.9721317872071543f,0.17660375165552936f,3.4739640982451183f,0.6977225255688577f,0.2336789245329851f,-0.6771834592951325f,1.7983890299099374f,0f,0f,0f,1f], start_interpolation: 0, interpolation_duration: 1 }
$data merge entity $(bone_head_right_fin1) { transformation: [-0.6881165634826663f,-0.022619249320112077f,0.7252475195552208f,-0.5915441586571363f,0.15417815410302455f,0.9721317872071543f,0.17660375165552936f,3.4739640982451183f,-0.7090308116423362f,0.23334129052017016f,-0.6654525905578788f,1.7888397835085654f,0f,0f,0f,1f], start_interpolation: 0, interpolation_duration: 1 }
$data merge entity $(bone_right_whisker16) { transformation: [0.2596107591338298f,0.9212082790388662f,-0.2897888203023143f,-1.0481837254350501f,0.9642269338717103f,-0.2639081568186757f,0.024877796544903547f,1.1013964055428402f,-0.053560001291232645f,-0.28588072931699987f,-0.9567672312881871f,1.590899188563888f,0f,0f,0f,1f], start_interpolation: 0, interpolation_duration: 1 }
$data merge entity $(bone_right_whisker15) { transformation: [-0.8794412106589993f,0.3776315620051193f,-0.2897888203023143f,-0.7905349332497965f,0.3875072560667993f,0.9215309119799782f,0.024877796544903547f,0.9878688891170202f,0.27644399702329114f,-0.09041671108220645f,-0.9567672312881871f,1.5099097363109706f,0f,0f,0f,1f], start_interpolation: 0, interpolation_duration: 1 }
$data merge entity $(bone_right_whisker14) { transformation: [-0.7139183410278955f,-0.6374504231481614f,-0.2897888203023143f,-0.5813791692767802f,-0.6714229985515812f,0.740656635867845f,0.024877796544903547f,1.1845748457239287f,0.19877565082268103f,0.21233159391187217f,-0.9567672312881871f,1.4516746823590132f,0f,0f,0f,1f], start_interpolation: 0, interpolation_duration: 1 }
$data merge entity $(bone_right_whisker13) { transformation: [-0.09232465485446797f,-0.9938156886110662f,-0.06169712454009135f,-0.5543309305498854f,-0.9712275921777578f,0.07621906732817964f,0.2256271658471498f,1.4691141793697562f,-0.2195293199064721f,0.08075289992399409f,-0.9722581174026099f,1.5159899128003624f,0f,0f,0f,1f], start_interpolation: 0, interpolation_duration: 1 }
$data merge entity $(bone_right_whisker12) { transformation: [0.07065663358040364f,-0.9966882266589766f,-0.040251943685602795f,-0.5819311780422305f,-0.8989427999106334f,-0.08111300043971079f,0.4304910262113465f,1.8202637105848474f,-0.4323302934330595f,0.005767148259913885f,-0.9016968766614604f,1.6848689336726512f,0f,0f,0f,1f], start_interpolation: 0, interpolation_duration: 1 }
$data merge entity $(bone_right_whisker11) { transformation: [0.2933289966327635f,-0.9558578597733535f,-0.01714210150244669f,-0.6965128173519037f,-0.9458412488353513f,-0.2927703412693097f,0.1402492754870236f,2.1897329484111565f,-0.13907707120873422f,-0.024925472564344103f,-0.9899678222454732f,1.739195914613563f,0f,0f,0f,1f], start_interpolation: 0, interpolation_duration: 1 }
$data merge entity $(bone_right_whisker10) { transformation: [0.0695800930371125f,-0.9930202971420953f,0.09523287308892724f,-0.7236925411945259f,-0.9915533339609424f,-0.07931864031330639f,-0.10261841554900375f,2.5770584694896495f,0.10945591150726619f,-0.08728827391278436f,-0.9901515846947074f,1.696439699181037f,0f,0f,0f,1f], start_interpolation: 0, interpolation_duration: 1 }
$data merge entity $(bone_right_whisker1) { transformation: [-0.3388532904317257f,-0.9385909438144301f,0.06500375183887462f,-0.591327974619633f,-0.9256038061289552f,0.34495292612371914f,0.15577250347309524f,2.9386224562587726f,-0.16862989546098883f,-0.007383694754078768f,-0.985651784053879f,1.762310752095486f,0f,0f,0f,1f], start_interpolation: 0, interpolation_duration: 1 }
$data merge entity $(bone_left_whisker16) { transformation: [0.25870342348525105f,-0.9164269881122752f,0.30534261762235904f,1.040096663855038f,-0.9642269338717103f,-0.2639081568186757f,0.024877796544903547f,1.1013964055428402f,0.05778372325639062f,-0.30085554710530543f,-0.9519175285194597f,1.6079165036315237f,0f,0f,0f,1f], start_interpolation: 0, interpolation_duration: 1 }
$data merge entity $(bone_left_whisker15) { transformation: [-0.8748192554063721f,-0.37610790504025043f,0.30534261762235904f,0.7838019601227024f,-0.3875072560667993f,0.9215309119799782f,0.024877796544903547f,0.9878688891170202f,-0.2907393968244075f,-0.09655890446553063f,-0.9519175285194597f,1.522738945968123f,0f,0f,0f,1f], start_interpolation: 0, interpolation_duration: 1 }
$data merge entity $(bone_left_whisker14) { transformation: [-0.7105841161611537f,0.6339054343693524f,0.30534261762235904f,0.5756230198411144f,0.6714229985515812f,0.740656635867845f,0.024877796544903547f,1.1845748457239287f,-0.21038386553030886f,0.22269182297949042f,-0.9519175285194597f,1.4611030478635405f,0f,0f,0f,1f], start_interpolation: 0, interpolation_duration: 1 }
$data merge entity $(bone_left_whisker13) { transformation: [-0.0958900280048862f,0.9923676905520324f,0.07753366544700102f,0.5475302381990579f,0.9712275921777578f,0.07621906732817964f,0.2256271658471498f,1.4691141793697562f,0.21799556583063093f,0.09693823045655288f,-0.9711235311504585f,1.5249689362904832f,0f,0f,0f,1f], start_interpolation: 0, interpolation_duration: 1 }
$data merge entity $(bone_left_whisker12) { transformation: [0.0636016328421724f,0.9964618778749431f,0.0549414073513884f,0.5723746260280315f,0.8989427999106334f,-0.08111300043971079f,0.4304910262113465f,1.8202637105848474f,0.4334243587855212f,0.02200925036454364f,-0.9009211497738028f,1.6942753264410775f,0f,0f,0f,1f], start_interpolation: 0, interpolation_duration: 1 }
$data merge entity $(bone_left_whisker11) { transformation: [0.29102352516721375f,0.956137126069566f,0.03327317163539968f,0.6860556905464743f,0.9458412488353513f,-0.2927703412693097f,0.1402492754870236f,2.1897329484111565f,0.14383893701230976f,-0.0093447003420419f,-0.9895569901600848f,1.750462411211511f,0f,0f,0f,1f], start_interpolation: 0, interpolation_duration: 1 }
$data merge entity $(bone_left_whisker10) { transformation: [0.07135463805519816f,0.9943109447411338f,-0.07908388455308399f,0.713928596036786f,0.9915533339609424f,-0.07931864031330639f,-0.10261841554900375f,2.5770584694896495f,-0.10830743990581337f,-0.07109358949189568f,-0.991572085122512f,1.7081548174983028f,0f,0f,0f,1f], start_interpolation: 0, interpolation_duration: 1 }
$data merge entity $(bone_left_whisker1) { transformation: [-0.34155642426339655f,0.9385866276605456f,-0.04893211032856819f,0.5805081178088968f,0.9256038061289552f,0.34495292612371914f,0.15577250347309524f,2.9386224562587726f,0.16308526335630125f,0.007913351722783152f,-0.9865802429303545f,1.771859998496858f,0f,0f,0f,1f], start_interpolation: 0, interpolation_duration: 1 }
$data merge entity $(bone_upper_left_tooth1) { transformation: [-0.9999667988723454f,-0.0038137216925428186f,0.007201158229483404f,0.25598951386105545f,2.168404344971009e-19f,0.8837197141507905f,0.4680165240899565f,2.818493065161884f,-0.008148690262504043f,0.4680009854135957f,-0.8836903736597503f,2.6461973870498947f,0f,0f,0f,1f], start_interpolation: 0, interpolation_duration: 1 }
$data merge entity $(bone_upper_right_tooth1) { transformation: [-0.9999667988723454f,-0.0038137216925428186f,0.007201158229483404f,-0.3299285323532094f,2.168404344971009e-19f,0.8837197141507905f,0.4680165240899565f,2.818493065161884f,-0.008148690262504043f,0.4680009854135957f,-0.8836903736597503f,2.6414227638492087f,0f,0f,0f,1f], start_interpolation: 0, interpolation_duration: 1 }
$data merge entity $(bone_top_lip1) { transformation: [-0.9999667988723454f,-0.00036705530935534324f,0.008140419116612011f,-0.012965621965799102f,2.168404344971009e-19f,0.9989849723543803f,0.04504470013350936f,2.9134238938304255f,-0.008148690262504043f,0.04504320459866995f,-0.9989518049267884f,2.6942825639843555f,0f,0f,0f,1f], start_interpolation: 0, interpolation_duration: 1 }
$data merge entity $(bone_muzzle1) { transformation: [-0.9999667988723454f,-0.0038137216925428186f,0.007201158229483404f,-0.010008082062615237f,2.168404344971009e-19f,0.8837197141507905f,0.4680165240899565f,3.271398717236282f,-0.008148690262504043f,0.4680009854135957f,-0.8836903736597503f,2.3313479555685004f,0f,0f,0f,1f], start_interpolation: 0, interpolation_duration: 1 }
$data merge entity $(bone_jaw_right_tooth1) { transformation: [-0.9999667988723454f,0.0010595053281820322f,0.008079517402282273f,-0.3298963942882579f,2.168404344971009e-19f,0.991511168299025f,-0.13002154874597638f,2.737533919838728f,-0.008148690262504043f,-0.13001723188393874f,-0.9914782490101552f,2.6374789401307632f,0f,0f,0f,1f], start_interpolation: 0, interpolation_duration: 1 }
$data merge entity $(bone_jaw_left_tooth1) { transformation: [-0.9999667988723454f,0.0010595053281820322f,0.008079517402282273f,0.3048481557771957f,2.168404344971009e-19f,0.991511168299025f,-0.13002154874597638f,2.737533919838728f,-0.008148690262504043f,-0.13001723188393874f,-0.9914782490101552f,2.6426514485981727f,0f,0f,0f,1f], start_interpolation: 0, interpolation_duration: 1 }
$data merge entity $(bone_tongue1) { transformation: [-0.9999667988723454f,-0.001796323107661367f,0.007948231016214238f,-0.006864321980094172f,2.168404344971009e-19f,0.9753998201143792f,0.22044316936760922f,2.8805565605260637f,-0.008148690262504043f,0.22043585040580232f,-0.9753674357404374f,1.945561331599408f,0f,0f,0f,1f], start_interpolation: 0, interpolation_duration: 1 }
$data merge entity $(bone_jaw_lips1) { transformation: [-0.9999667988723454f,-0.001796323107661367f,0.007948231016214238f,0.03595436133358116f,2.168404344971009e-19f,0.9753998201143792f,0.22044316936760922f,2.5987936672845615f,-0.008148690262504043f,0.22043585040580232f,-0.9753674357404374f,2.6832091156309312f,0f,0f,0f,1f], start_interpolation: 0, interpolation_duration: 1 }
$data merge entity $(bone_jaw3) { transformation: [-0.9999667988723454f,-0.0003595844117831584f,0.00814075254783185f,0.04234066112285482f,2.168404344971009e-19f,0.9990258907362428f,0.04412787824784248f,2.5600974183634393f,-0.008148690262504043f,0.044126413152523525f,-0.9989927219501142f,1.899514122792081f,0f,0f,0f,1f], start_interpolation: 0, interpolation_duration: 1 }
$data merge entity $(bone_jaw1) { transformation: [-0.9999667988723454f,-0.006010645906514413f,0.0055021167545527185f,0.04663918983734913f,2.168404344971009e-19f,0.6752148599721044f,0.737621103868952f,3.136363905761058f,-0.008148690262504043f,0.7375966140165217f,-0.6751924420773443f,1.3720200274191559f,0f,0f,0f,1f], start_interpolation: 0, interpolation_duration: 1 }
$data merge entity $(bone_tear_right1) { transformation: [-0.9999667988723454f,-0.0044268316242426714f,0.006841367901584683f,-0.5371496161428725f,2.168404344971009e-19f,0.839566566060933f,0.5432568279853027f,3.34422463323449f,-0.008148690262504043f,0.5432387912460075f,-0.8395386915041989f,2.304384406086368f,0f,0f,0f,1f], start_interpolation: 0, interpolation_duration: 1 }
$data merge entity $(bone_right_pupil1) { transformation: [-0.9999667988723454f,-0.0044268316242426714f,0.006841367901584683f,-0.37685563509986286f,2.168404344971009e-19f,0.839566566060933f,0.5432568279853027f,3.394382100936614f,-0.008148690262504043f,0.5432387912460075f,-0.8395386915041989f,2.407939808333033f,0f,0f,0f,1f], start_interpolation: 0, interpolation_duration: 1 }
$data merge entity $(bone_right_sad_pupil1) { transformation: [-0.9999667988723454f,-0.0044268316242426714f,0.006841367901584683f,-0.37678882486644893f,2.168404344971009e-19f,0.839566566060933f,0.5432568279853027f,3.399687343397408f,-0.008148690262504043f,0.5432387912460075f,-0.8395386915041989f,2.3997411882988122f,0f,0f,0f,1f], start_interpolation: 0, interpolation_duration: 1 }
$data merge entity $(bone_right_happy_pupil1) { transformation: [-0.9999667988723454f,-0.0044268316242426714f,0.006841367901584683f,-0.4010936887418523f,2.168404344971009e-19f,0.839566566060933f,0.5432568279853027f,3.379190375145238f,-0.008148690262504043f,0.5432387912460075f,-0.8395386915041989f,2.3862797521721335f,0f,0f,0f,1f], start_interpolation: 0, interpolation_duration: 1 }
$data merge entity $(bone_eyelid_right1) { transformation: [-0.9999667988723454f,-0.0044268316242426714f,0.006841367901584683f,0.002732232835927122f,2.168404344971009e-19f,0.839566566060933f,0.5432568279853027f,3.6239550052036624f,-0.008148690262504043f,0.5432387912460075f,-0.8395386915041989f,1.9663485740842077f,0f,0f,0f,1f], start_interpolation: 0, interpolation_duration: 1 }
$data merge entity $(bone_eyelid_expressions_right5) { transformation: [-0.9999667988723454f,-0.0044268316242426714f,0.006841367901584683f,-0.48952177901036337f,2.168404344971009e-19f,0.839566566060933f,0.5432568279853027f,3.4816762658642957f,-0.008148690262504043f,0.5432387912460075f,-0.8395386915041989f,2.451876717939431f,0f,0f,0f,1f], start_interpolation: 0, interpolation_duration: 1 }
$data merge entity $(bone_eyelid_expressions_right7) { transformation: [-0.9999667988723454f,-0.0044268316242426714f,0.006841367901584683f,-0.19656275590323094f,2.168404344971009e-19f,0.839566566060933f,0.5432568279853027f,3.4816762658642957f,-0.008148690262504043f,0.5432387912460075f,-0.8395386915041989f,2.454264029539774f,0f,0f,0f,1f], start_interpolation: 0, interpolation_duration: 1 }
$data merge entity $(bone_eyelid_expressions_right6) { transformation: [-0.9999667988723454f,-0.0044268316242426714f,0.006841367901584683f,-0.2942157636056084f,2.168404344971009e-19f,0.839566566060933f,0.5432568279853027f,3.4816762658642957f,-0.008148690262504043f,0.5432387912460075f,-0.8395386915041989f,2.453468259006326f,0f,0f,0f,1f], start_interpolation: 0, interpolation_duration: 1 }
$data merge entity $(bone_right_eye1) { transformation: [-0.9999667988723454f,-0.0044268316242426714f,0.006841367901584683f,-0.0070998781677245396f,2.168404344971009e-19f,0.839566566060933f,0.5432568279853027f,3.6186497627428684f,-0.008148690262504043f,0.5432387912460075f,-0.8395386915041989f,1.9744676170650837f,0f,0f,0f,1f], start_interpolation: 0, interpolation_duration: 1 }
$data merge entity $(bone_tear_left1) { transformation: [-0.9999667988723454f,-0.0044268316242426714f,0.006841367901584683f,0.5175028670428042f,2.168404344971009e-19f,0.839566566060933f,0.5432568279853027f,3.34422463323449f,-0.008148690262504043f,0.5432387912460075f,-0.8395386915041989f,2.3129787278476024f,0f,0f,0f,1f], start_interpolation: 0, interpolation_duration: 1 }
$data merge entity $(bone_left_sad_pupil1) { transformation: [-0.9999667988723454f,-0.0044268316242426714f,0.006841367901584683f,0.3556087329013822f,2.168404344971009e-19f,0.839566566060933f,0.5432568279853027f,3.399687343397408f,-0.008148690262504043f,0.5432387912460075f,-0.8395386915041989f,2.4057094672996695f,0f,0f,0f,1f], start_interpolation: 0, interpolation_duration: 1 }
$data merge entity $(bone_left_pupil1) { transformation: [-0.9999667988723454f,-0.0044268316242426714f,0.006841367901584683f,0.35554192266796825f,2.168404344971009e-19f,0.839566566060933f,0.5432568279853027f,3.394382100936614f,-0.008148690262504043f,0.5432387912460075f,-0.8395386915041989f,2.4139080873338905f,0f,0f,0f,1f], start_interpolation: 0, interpolation_duration: 1 }
$data merge entity $(bone_eyelid_left1) { transformation: [-0.9999667988723454f,-0.0044268316242426714f,0.006841367901584683f,-0.016798368704548372f,2.168404344971009e-19f,0.839566566060933f,0.5432568279853027f,3.6239550052036624f,-0.008148690262504043f,0.5432387912460075f,-0.8395386915041989f,1.9661894199775183f,0f,0f,0f,1f], start_interpolation: 0, interpolation_duration: 1 }
$data merge entity $(bone_left_happy_pupil1) { transformation: [-0.9999667988723454f,-0.0044268316242426714f,0.006841367901584683f,0.3801303728771675f,2.168404344971009e-19f,0.839566566060933f,0.5432568279853027f,3.379190375145238f,-0.008148690262504043f,0.5432387912460075f,-0.8395386915041989f,2.392645916439715f,0f,0f,0f,1f], start_interpolation: 0, interpolation_duration: 1 }
$data merge entity $(bone_eyelid_expressions_left5) { transformation: [-0.9999667988723454f,-0.0044268316242426714f,0.006841367901584683f,0.46747769647293597f,2.168404344971009e-19f,0.839566566060933f,0.5432568279853027f,3.4816762658642957f,-0.008148690262504043f,0.5432387912460075f,-0.8395386915041989f,2.459675269167218f,0f,0f,0f,1f], start_interpolation: 0, interpolation_duration: 1 }
$data merge entity $(bone_eyelid_expressions_left7) { transformation: [-0.9999667988723454f,-0.0044268316242426714f,0.006841367901584683f,0.17451867336580354f,2.168404344971009e-19f,0.839566566060933f,0.5432568279853027f,3.4816762658642957f,-0.008148690262504043f,0.5432387912460075f,-0.8395386915041989f,2.4572879575668747f,0f,0f,0f,1f], start_interpolation: 0, interpolation_duration: 1 }
$data merge entity $(bone_eyelid_expressions_left6) { transformation: [-0.9999667988723454f,-0.0044268316242426714f,0.006841367901584683f,0.272171681068181f,2.168404344971009e-19f,0.839566566060933f,0.5432568279853027f,3.4816762658642957f,-0.008148690262504043f,0.5432387912460075f,-0.8395386915041989f,2.4580837281003225f,0f,0f,0f,1f], start_interpolation: 0, interpolation_duration: 1 }
$data merge entity $(bone_left_eye1) { transformation: [-0.9999667988723454f,-0.0044268316242426714f,0.006841367901584683f,-0.0070998781677245396f,2.168404344971009e-19f,0.839566566060933f,0.5432568279853027f,3.6186497627428684f,-0.008148690262504043f,0.5432387912460075f,-0.8395386915041989f,1.9744676170650837f,0f,0f,0f,1f], start_interpolation: 0, interpolation_duration: 1 }
$data merge entity $(bone_crest_middle5) { transformation: [-0.9999667988723454f,-0.0028411550115128516f,0.007637341893275671f,-0.015270231806465522f,2.168404344971009e-19f,0.93724778427506f,0.34866400856912444f,4.40507696742789f,-0.008148690262504043f,0.3486524325308673f,-0.9372166665917304f,2.9770928378789385f,0f,0f,0f,1f], start_interpolation: 0, interpolation_duration: 1 }
$data merge entity $(bone_crest_middle4) { transformation: [-0.9999667988723454f,-0.0028411550115128516f,0.007637341893275671f,-0.01360549254190721f,2.168404344971009e-19f,0.93724778427506f,0.34866400856912444f,3.855908343829222f,-0.008148690262504043f,0.3486524325308673f,-0.9372166665917304f,2.7728043031928835f,0f,0f,0f,1f], start_interpolation: 0, interpolation_duration: 1 }
$data merge entity $(bone_crest_middle1) { transformation: [-0.9999667988723454f,-0.0028411550115128516f,0.007637341893275671f,-0.012916316107106722f,2.168404344971009e-19f,0.93724778427506f,0.34866400856912444f,3.418494852482597f,-0.008148690262504043f,0.3486524325308673f,-0.9372166665917304f,2.688231993881187f,0f,0f,0f,1f], start_interpolation: 0, interpolation_duration: 1 }
$data merge entity $(bone_crest_left5) { transformation: [-0.533548217469998f,-0.8376135615882493f,0.1171743191916888f,-0.9737963033804743f,-0.70808326000629f,0.5181488196221264f,0.4797289835136727f,3.8902048127843343f,-0.4625412376571977f,0.1729893701001456f,-0.8695575204084561f,2.738480253419034f,0f,0f,0f,1f], start_interpolation: 0, interpolation_duration: 1 }
$data merge entity $(bone_crest_left4) { transformation: [-0.533548217469998f,-0.8376135615882493f,0.1171743191916888f,-0.564805306511212f,-0.70808326000629f,0.5181488196221264f,0.4797289835136727f,3.637202459453218f,-0.4625412376571977f,0.1729893701001456f,-0.8695575204084561f,2.654012787549822f,0f,0f,0f,1f], start_interpolation: 0, interpolation_duration: 1 }
$data merge entity $(bone_crest_left1) { transformation: [-0.533548217469998f,-0.8376135615882493f,0.1171743191916888f,-0.10919380765074174f,-0.70808326000629f,0.5181488196221264f,0.4797289835136727f,3.3823241375621182f,-0.4625412376571977f,0.1729893701001456f,-0.8695575204084561f,2.518639711792495f,0f,0f,0f,1f], start_interpolation: 0, interpolation_duration: 1 }
$data merge entity $(bone_crest_center1) { transformation: [-0.9999667988723454f,-0.0044268316242426714f,0.006841367901584683f,-0.011432724387797917f,2.168404344971009e-19f,0.839566566060933f,0.5432568279853027f,3.361827169309948f,-0.008148690262504043f,0.5432387912460075f,-0.8395386915041989f,2.5061729862861606f,0f,0f,0f,1f], start_interpolation: 0, interpolation_duration: 1 }
$data merge entity $(bone_crest_right5) { transformation: [-0.5410153213178784f,0.8346831445875019f,-0.10298771888352429f,0.9470171762706667f,0.70808326000629f,0.5181488196221264f,0.4797289835136727f,3.8902048127843343f,0.4537846614840316f,0.18661685043349163f,-0.8713516122301643f,2.7541328872018465f,0f,0f,0f,1f], start_interpolation: 0, interpolation_duration: 1 }
$data merge entity $(bone_crest_right4) { transformation: [-0.5410153213178784f,0.8346831445875019f,-0.10298771888352429f,0.5394570470775506f,0.70808326000629f,0.5181488196221264f,0.4797289835136727f,3.637202459453218f,0.4537846614840316f,0.18661685043349163f,-0.8713516122301643f,2.663011378201118f,0f,0f,0f,1f], start_interpolation: 0, interpolation_duration: 1 }
$data merge entity $(bone_crest_right1) { transformation: [-0.5410153213178784f,0.8346831445875019f,-0.10298771888352429f,0.08611220775401321f,0.70808326000629f,0.5181488196221264f,0.4797289835136727f,3.3823241375621182f,0.4537846614840316f,0.18661685043349163f,-0.8713516122301643f,2.5202312528593906f,0f,0f,0f,1f], start_interpolation: 0, interpolation_duration: 1 }
$data merge entity $(bone_head1) { transformation: [-0.9999667988723454f,-0.0044268316242426714f,0.006841367901584683f,-0.003209161442056855f,2.168404344971009e-19f,0.839566566060933f,0.5432568279853027f,3.869443636853093f,-0.008148690262504043f,0.5432387912460075f,-0.8395386915041989f,1.4970181835791365f,0f,0f,0f,1f], start_interpolation: 0, interpolation_duration: 1 }
$data merge entity $(bone_neck10) { transformation: [-1.3020401026983663f,-0.005149224812241898f,0.009277035814565926f,0.004945494019493938f,2.8234431575143343e-19f,1.1384695596117982f,0.6319082756079099f,3.978137415340189f,-0.010610273779302138f,0.6318872955405853f,-1.1384317611386188f,0.496319365105695f,0f,0f,0f,1f], start_interpolation: 0, interpolation_duration: 1 }
$data merge entity $(bone_neck9) { transformation: [-0.9999667988723454f,-0.0044268316242426714f,0.006841367901584682f,0.010231443937888704f,2.168404344971009e-19f,0.839566566060933f,0.5432568279853027f,2.8857552109666753f,-0.008148690262504043f,0.5432387912460075f,-0.8395386915041989f,-0.15234615642223465f,0f,0f,0f,1f], start_interpolation: 0, interpolation_duration: 1 }
$data merge entity $(bone_neck8) { transformation: [-0.9999667988723454f,0.0013581585305782354f,0.008034709602720298f,0.009015371369753876f,2.168404344971009e-19f,0.9860123951074415f,-0.16667200333135287f,2.2476245191939244f,-0.008148690262504043f,-0.16666646963289386f,-0.9859796583840426f,-0.003115770436183385f,0f,0f,0f,1f], start_interpolation: 0, interpolation_duration: 1 }
$data merge entity $(bone_neck7) { transformation: [-0.9999667988723454f,0.0035265278416847976f,0.007346070675949843f,0.005973940139994634f,2.168404344971009e-19f,0.9015032403124424f,-0.4327723509030662f,1.521623883917234f,-0.008148690262504043f,-0.43275798237299856f,-0.9014733093882797f,0.37011356493410597f,0f,0f,0f,1f], start_interpolation: 0, interpolation_duration: 1 }
$data merge entity $(bone_neck6) { transformation: [-0.9999667988723454f,0.0022611887092877777f,0.007828676683528173f,0.004244570504228348f,2.168404344971009e-19f,0.9607282190552262f,-0.2774910613172489f,0.7546904281965019f,-0.008148690262504043f,-0.2774818483010992f,-0.960696321794984f,0.582333217790667f,0f,0f,0f,1f], start_interpolation: 0, interpolation_duration: 1 }
$data merge entity $(bone_neck_spine6) { transformation: [-1.1004480668993255f,0.09694404555152457f,0.06750986303498527f,-0.010353071982799014f,0.04150065062120366f,-0.27492630485240904f,1.0712772285527115f,0.5049257212386432f,0.11060481713250707f,1.067688651456812f,0.2697205878215091f,-1.6835907327883177f,0f,0f,0f,1f], start_interpolation: 0, interpolation_duration: 1 }
$data merge entity $(bone_neck_spine7) { transformation: [-0.9936267342402498f,0.11242631250068927f,-0.008138627682415255f,-0.35146288006394566f,0.030134320749055143f,0.33451345162044344f,0.9419090579233063f,0.9592992332869307f,0.1086178425308139f,0.9356607691586062f,-0.3357693990545846f,-4.908867331572045f,0f,0f,0f,1f], start_interpolation: 0, interpolation_duration: 1 }
$data merge entity $(bone_tail6) { transformation: [-1.3886708591651473f,-0.43463382261529127f,-0.353385012172812f,0.13570277715963003f,-0.5580956192877672f,1.1546542019374795f,0.7729794533905505f,-1.146727499788443f,0.0481332143261062f,0.8485643145165659f,-1.2328082087217358f,-7.484855159481064f,0f,0f,0f,1f], start_interpolation: 0, interpolation_duration: 1 }
$data merge entity $(bone_tail5) { transformation: [-1.1471628836581653f,-0.35904533172567543f,-0.291926749186236f,-0.09106269550921788f,-0.4610355115855469f,0.9538447755135702f,0.6385482441052375f,-0.5442992205167136f,0.03976222053026165f,0.7009879119919458f,-1.0184067811179558f,-7.042125951907203f,0f,0f,0f,1f], start_interpolation: 0, interpolation_duration: 1 }
$data merge entity $(bone_tail4) { transformation: [-0.9273906259468114f,-0.29025980501612497f,-0.23599972986845186f,-0.2044454318436417f,-0.3727108135765263f,0.7711081974678125f,0.5162158436556025f,-0.24308508088084943f,0.0321446161760431f,0.5666933856945414f,-0.8233014819985157f,-6.820761348120273f,0f,0f,0f,1f], start_interpolation: 0, interpolation_duration: 1 }
$data merge entity $(bone_segment18) { transformation: [-0.9273906259468114f,-0.2640300411218039f,-0.26501842255058367f,-0.3333663503601475f,-0.3727108135765263f,0.7129897249285122f,0.5939127053612245f,0.1050544332444007f,0.0321446161760431f,0.6495643074643056f,-0.7596268387302489f,-6.503591276116218f,0f,0f,0f,1f], start_interpolation: 0, interpolation_duration: 1 }
$data merge entity $(bone_segment17) { transformation: [-0.9915399750702277f,-0.12459534917951955f,0.036393362039878654f,-0.4124551950541785f,-0.015037856468574107f,0.38875362122467544f,0.9212190211114469f,0.3518218685920951f,-0.12892765688773927f,0.9128782070722988f,-0.38733840287518906f,-5.924127570455091f,0f,0f,0f,1f], start_interpolation: 0, interpolation_duration: 1 }
$data merge entity $(bone_segment16) { transformation: [-0.9993853415602957f,0.030924645668528428f,0.016510765115131085f,-0.38678532316135705f,0.02344933555743647f,0.23960815502240004f,0.9705864519498901f,0.5507153566477982f,0.0260589281499798f,0.9703770392672311f,-0.24018604024096984f,-5.1186388171570965f,0f,0f,0f,1f], start_interpolation: 0, interpolation_duration: 1 }
$data merge entity $(bone_segment15) { transformation: [-0.9936267342402498f,0.11070191064406894f,0.021236760176829943f,-0.273272621817341f,0.030134320749055143f,0.07933117921616009f,0.9963927371860789f,0.6320608040862437f,0.1086178425308139f,0.9906824168137466f,-0.08216150741086298f,-4.102802354603938f,0f,0f,0f,1f], start_interpolation: 0, interpolation_duration: 1 }
$data merge entity $(bone_segment14) { transformation: [-0.9921404577519507f,0.11432898022841075f,0.05085465929176093f,-0.15604075732531833f,0.027397620749199818f,-0.1980717281615259f,0.9798045523880716f,0.4289599109518666f,0.12209292554866741f,0.9734970337823523f,0.1933826330049553f,-3.104587622698206f,0f,0f,0f,1f], start_interpolation: 0, interpolation_duration: 1 }
$data merge entity $(bone_segment13) { transformation: [-0.9942871945631552f,0.07566903685445944f,0.07528061894836213f,-0.07659354135266755f,0.03749705844362871f,-0.4127095522242935f,0.9100905428092845f,-0.036599151341083866f,0.09993470536207696f,0.9077141743766821f,0.40751445655320395f,-2.1394529930056803f,0f,0f,0f,1f], start_interpolation: 0, interpolation_duration: 1 }
$data merge entity $(bone_segment12) { transformation: [-0.9977359803720528f,0.0475974688824172f,0.047512045072863295f,-0.02081525750608488f,0.042459715076675716f,-0.10205034300833749f,0.9938726780063369f,-0.15618939705397938f,0.05215444436120456f,0.9936398786521543f,0.09979832406160938f,-0.9750312602101867f,0f,0f,0f,1f], start_interpolation: 0, interpolation_duration: 1 }
$data merge entity $(bone_segment11) { transformation: [-1.0349200633319078f,0.016011326005298088f,0.015249979235871102f,0.003679658415433977f,0.020794205120380587f,0.46200146823105487f,0.9261051270238295f,0.37760715379543f,0.007518341609289396f,0.926200163412836f,-0.46221769086388775f,0.09529832532302263f,0f,0f,0f,1f], start_interpolation: 0, interpolation_duration: 1 }
$data merge entity $(bone_segment10) { transformation: [-0.9999667988723454f,-0.00495970419301105f,0.006465484306071493f,0.0036360284998159754f,2.168404344971009e-19f,0.7934384665253789f,0.6086504742771957f,1.109832834426459f,-0.008148690262504043f,0.6086302663951021f,-0.7934121234735658f,0.6570104702727864f,0f,0f,0f,1f], start_interpolation: 0, interpolation_duration: 1 }