# This file was generated by Animated Java via MC-Build. It is not recommended to edit this file directly.
$data merge entity $(bone_neck_spine5) { transformation: [-1.572174156582072f,-0.005264344205889101f,0.016121526359945952f,0.12547916443817492f,0f,1.4945995678619364f,0.4880484886807408f,4.328415219955205f,-0.016959272746568773f,0.488020095880935f,-1.494512617759018f,-0.3929117003021646f,0f,0f,0f,1f], start_interpolation: 0, interpolation_duration: 1 }
$data merge entity $(bone_neck_spine2) { transformation: [-1.4973087205543538f,-0.005901157881845964f,0.015035071385434156f,-0.00895228645827211f,0f,1.3938761562474409f,0.547086412487906f,5.315224294384005f,-0.016151688330065493f,0.5470545850868457f,-1.3937950658484823f,1.6576982384786563f,0f,0f,0f,1f], start_interpolation: 0, interpolation_duration: 1 }
$data merge entity $(bone_scale_neck_left1) { transformation: [-1.5931424887325043f,0.40471013129876365f,0.10564942525642215f,0.781027513796956f,0.37311262201948087f,1.1870137818229198f,1.0792776908144959f,4.488154458810917f,0.1890477789412585f,1.0678310129530142f,-1.2397793940418553f,1.3053111701106626f,0f,0f,0f,1f], start_interpolation: 0, interpolation_duration: 1 }
$data merge entity $(bone_scale_neck_right1) { transformation: [-1.5886936701123375f,-0.427650974528093f,-0.07888058929696724f,-0.7911466427851153f,-0.37311262201948087f,1.1870137818229198f,1.0792776908144959f,4.488154458810917f,-0.2233707113128589f,1.05885221187156f,-1.2417699463185463f,1.2883518973640937f,0f,0f,0f,1f], start_interpolation: 0, interpolation_duration: 1 }
$data merge entity $(bone_blush_right1) { transformation: [-0.9999418238136902f,-0.005888015318670994f,0.009037713414241044f,-0.679586861686159f,0f,0.8378711954312728f,0.5458679875817687f,3.599943576193461f,-0.010786518815208956f,0.5458362310640226f,-0.8378224512805039f,2.39917045513262f,0f,0f,0f,1f], start_interpolation: 0, interpolation_duration: 1 }
$data merge entity $(bone_blush_left1) { transformation: [-0.9999418238136902f,-0.005888015318670994f,0.009037713414241044f,0.6455313560044441f,0f,0.8378711954312728f,0.5458679875817687f,3.599943576193461f,-0.010786518815208956f,0.5458362310640226f,-0.8378224512805039f,2.413464699304728f,0f,0f,0f,1f], start_interpolation: 0, interpolation_duration: 1 }
$data merge entity $(bone_left_head_scales) { transformation: [-0.8911323819065734f,-0.005888015318670994f,-0.4537052007560901f,0.6560154567587243f,-0.2520537862752804f,0.8378711954312728f,0.4841908184702238f,4.426135552352189f,0.37729559597457835f,0.5458362310640226f,-0.7481382506702962f,2.4827157647796585f,0f,0f,0f,1f], start_interpolation: 0, interpolation_duration: 1 }
$data merge entity $(bone_left_head_scales2) { transformation: [-0.8242882085999497f,-0.005888015318670994f,-0.5661398064424483f,0.6597830041505415f,-0.31309701503526793f,0.8378711954312728f,0.4471488779395238f,3.5814053495644687f,0.4717194169621292f,0.5458362310640226f,-0.6924908667403001f,2.1334531087903867f,0f,0f,0f,1f], start_interpolation: 0, interpolation_duration: 1 }
$data merge entity $(bone_left_head_scales1) { transformation: [-0.9999418238136902f,-0.005888015318670994f,0.009037713414241044f,0.6566767084790829f,0f,0.8378711954312728f,0.5458679875817687f,4.332038689584029f,-0.010786518815208956f,0.5458362310640226f,-0.8378224512805039f,2.4214157974238355f,0f,0f,0f,1f], start_interpolation: 0, interpolation_duration: 1 }
$data merge entity $(bone_right_head_scales) { transformation: [-0.8827860786348906f,-0.005888015318670994f,0.469738300167274f,-0.6915623917401942f,0.2520537862752804f,0.8378711954312728f,0.4841908184702238f,4.426135552352189f,-0.3964311140573205f,0.5458362310640226f,-0.7381769304611835f,2.4681792452825997f,0f,0f,0f,1f], start_interpolation: 0, interpolation_duration: 1 }
$data merge entity $(bone_right_head_scales2) { transformation: [-0.8139205696941447f,-0.005888015318670994f,0.5809463292803956f,-0.687794844348377f,0.31309701503526793f,0.8378711954312728f,0.4471488779395238f,3.5814053495644687f,-0.4893910148386094f,0.5458362310640226f,-0.680117080694978f,2.1189165892933284f,0f,0f,0f,1f], start_interpolation: 0, interpolation_duration: 1 }
$data merge entity $(bone_right_head_scales1) { transformation: [-0.9999418238136902f,-0.005888015318670994f,0.009037713414241044f,-0.6909011400198356f,0f,0.8378711954312728f,0.5458679875817687f,4.332038689584029f,-0.010786518815208956f,0.5458362310640226f,-0.8378224512805039f,2.4068792779267767f,0f,0f,0f,1f], start_interpolation: 0, interpolation_duration: 1 }
$data merge entity $(bone_head_left_fin1) { transformation: [-0.7352050810008361f,0.019039496464183948f,-0.7468508448613537f,0.6599176302520194f,-0.1639005961935354f,1.018199295585287f,0.18730186080816827f,4.025153209463298f,0.7288931893378695f,0.24815900158807275f,-0.7112011153624925f,2.120972875663183f,0f,0f,0f,1f], start_interpolation: 0, interpolation_duration: 1 }
$data merge entity $(bone_head_right_fin1) { transformation: [-0.7193104748521424f,-0.024388298042730475f,0.7620189300219111f,-0.687660218246899f,0.1639005961935354f,1.018199295585287f,0.18730186080816827f,4.025153209463298f,-0.7445832615366551f,0.2476905396121898f,-0.6949247162471868f,2.106436356166124f,0f,0f,0f,1f], start_interpolation: 0, interpolation_duration: 1 }
$data merge entity $(bone_right_whisker16) { transformation: [0.2597187612738379f,0.9219680583356172f,-0.2872647984895389f,-1.2121017998832642f,0.9643955879751906f,-0.2629935150839663f,0.027848894372414085f,1.2974089173490528f,-0.049872988043322734f,-0.28426978459314284f,-0.9574462776735826f,1.8689273682504703f,0f,0f,0f,1f], start_interpolation: 0, interpolation_duration: 1 }
$data merge entity $(bone_right_whisker15) { transformation: [-0.8801803928304546f,0.3778378112703803f,-0.2872647984895389f,-0.91555664800191f,0.38662245299685327f,0.9218175079271006f,0.027848894372414085f,1.1671503760561677f,0.27532808595478037f,-0.08655097026306696f,-0.9574462776735826f,1.776165464291096f,0f,0f,0f,1f], start_interpolation: 0, interpolation_duration: 1 }
$data merge entity $(bone_right_whisker14) { transformation: [-0.7144176582274824f,-0.6380331850002201f,-0.2872647984895389f,-0.6748592924467526f,-0.6720566766255948f,0.7399758526365539f,0.027848894372414085f,1.3935757212083453f,0.19480049541959824f,0.21295396768616523f,-0.9574462776735826f,1.7105344380022667f,0f,0f,0f,1f], start_interpolation: 0, interpolation_duration: 1 }
$data merge entity $(bone_right_whisker13) { transformation: [-0.09171262383226697f,-0.9940278073036803f,-0.05913977457548127f,-0.6439600197688892f,-0.9705417975536514f,0.07594208907355787f,0.22865130287945246f,1.7205649010481985f,-0.22279455520979047f,0.07836783405314625f,-0.9717103831670681f,1.7855970567008776f,0f,0f,0f,1f], start_interpolation: 0, interpolation_duration: 1 }
$data merge entity $(bone_right_whisker12) { transformation: [0.07182701607477872f,-0.9966972476128282f,-0.037887680884509f,-0.6762260621462312f,-0.897590737311253f,-0.08115584641448984f,0.4332950459972847f,2.123779490074738f,-0.4349387865606318f,0.002885341186170929f,-0.9004553996458707f,1.9809797147261614f,0f,0f,0f,1f], start_interpolation: 0, interpolation_duration: 1 }
$data merge entity $(bone_right_whisker11) { transformation: [0.2937266087879737f,-0.9557789512589713f,-0.014535323189323199f,-0.8081735621877038f,-0.9453962543533765f,-0.2927155746219874f,0.14333008975203274f,2.548469213710044f,-0.14124659834673106f,-0.028358221101138566f,-0.989568193583169f,2.044430335077232f,0f,0f,0f,1f], start_interpolation: 0, interpolation_duration: 1 }
$data merge entity $(bone_right_whisker10) { transformation: [0.06932441564533408f,-0.9927839209427631f,0.09784790091231774f,-0.8393153895283811f,-0.9918875173297033f,-0.07907170545799806f,-0.09953300136879903f,2.9940436843854967f,0.10655176376273989f,-0.09015404435452344f,-0.9902115783637213f,1.9965652849494386f,0f,0f,0f,1f], start_interpolation: 0, interpolation_duration: 1 }
$data merge entity $(bone_right_whisker1) { transformation: [-0.33837620083799175f,-0.9385797842685569f,0.06759833776681583f,-0.6873104555581896f,-0.9250829448813509f,0.3449504298982855f,0.15884188994920634f,3.409608288531416f,-0.17240386247440853f,-0.008785754115471445f,-0.9849871667836734f,2.0740123325453643f,0f,0f,0f,1f], start_interpolation: 0, interpolation_duration: 1 }
$data merge entity $(bone_left_whisker16) { transformation: [0.25858247598833006f,-0.9156213122431226f,0.3078517754990653f,1.1893606676449353f,-0.9643955879751906f,-0.2629935150839663f,0.027848894372414085f,1.2974089173490528f,0.05546397935354931f,-0.3040921301019838f,-0.9510266680826082f,1.8948322953903487f,0f,0f,0f,1f], start_interpolation: 0, interpolation_duration: 1 }
$data merge entity $(bone_left_whisker15) { transformation: [-0.8740362590221995f,-0.37588283046256804f,0.3078517754990653f,0.8948855608454638f,-0.38662245299685327f,0.9218175079271006f,0.027848894372414085f,1.1671503760561677f,-0.29425107774343773f,-0.09468146514771597f,-0.9510266680826082f,1.7956949693928037f,0f,0f,0f,1f], start_interpolation: 0, interpolation_duration: 1 }
$data merge entity $(bone_left_whisker14) { transformation: [-0.7100492207479079f,0.6332909192759374f,0.3078517754990653f,0.6556599933083271f,0.6720566766255948f,0.7399758526365539f,0.027848894372414085f,1.3935757212083453f,-0.21016642814267317f,0.22666792688301396f,-0.9510266680826082f,1.7248869442861414f,0f,0f,0f,1f], start_interpolation: 0, interpolation_duration: 1 }
$data merge entity $(bone_left_whisker13) { transformation: [-0.09649735819827028f,0.9921059651660259f,0.08008753799901054f,0.6231486763372303f,0.9705417975536514f,0.07594208907355787f,0.22865130287945246f,1.7205649010481985f,0.2207643065852857f,0.09979254976766572f,-0.970208517767591f,1.7992655436727856f,0f,0f,0f,1f], start_interpolation: 0, interpolation_duration: 1 }
$data merge entity $(bone_left_whisker12) { transformation: [0.06242789712838779f,0.9964030762275473f,0.05730329261401949f,0.6511924582503732f,0.897590737311253f,-0.08115584641448984f,0.4332950459972847f,2.123779490074738f,0.436387013960279f,0.024385206110021648f,-0.8994285606816158f,1.9952987726002547f,0f,0f,0f,1f], start_interpolation: 0, interpolation_duration: 1 }
$data merge entity $(bone_left_whisker11) { transformation: [0.29061131828893505f,0.9561682808115496f,0.03587869078231369f,0.7817405113879808f,0.9453962543533765f,-0.2927155746219874f,0.14333008975203274f,2.548469213710044f,0.1475499370957958f,-0.007733766456607276f,-0.9890243702353453f,2.061580970905007f,0f,0f,0f,1f], start_interpolation: 0, interpolation_duration: 1 }
$data merge entity $(bone_left_whisker10) { transformation: [0.07160679547693398f,0.9944976855781827f,-0.07646450301389852f,0.8139076265436348f,0.9918875173297033f,-0.07907170545799806f,-0.09953300136879903f,2.9940436843854967f,-0.10503151816022793f,-0.0687169467860845f,-0.9920919117790228f,2.014398843606467f,0f,0f,0f,1f], start_interpolation: 0, interpolation_duration: 1 }
$data merge entity $(bone_left_whisker1) { transformation: [-0.3420165200203819f,0.9385509030298574f,-0.04633467875130766f,0.6602673929407289f,0.9250829448813509f,0.3449504298982855f,0.15884188994920634f,3.409608288531416f,0.16506436660525936f,0.011463129364496893f,-0.986216178909258f,2.088548852042423f,0f,0f,0f,1f], start_interpolation: 0, interpolation_duration: 1 }
$data merge entity $(bone_upper_left_tooth1) { transformation: [-0.9999418238136902f,-0.005077921017384372f,0.009516496534547935f,0.2844245673060402f,0f,0.8822583724722851f,0.47076550872228795f,3.2683204450229573f,-0.010786518815208956f,0.4707381213803442f,-0.882207046044835f,3.0926139232654544f,0f,0f,0f,1f], start_interpolation: 0, interpolation_duration: 1 }
$data merge entity $(bone_upper_right_tooth1) { transformation: [-0.9999418238136902f,-0.005077921017384372f,0.009516496534547935f,-0.389364356943419f,0f,0.8822583724722851f,0.47076550872228795f,3.2683204450229573f,-0.010786518815208956f,0.4707381213803442f,-0.882207046044835f,3.0853456635169247f,0f,0f,0f,1f], start_interpolation: 0, interpolation_duration: 1 }
$data merge entity $(bone_top_lip1) { transformation: [-0.9999418238136902f,-0.0004876895913469006f,0.010775488249418153f,-0.025022298720510074f,0f,0.9989773748157516f,0.04521288097687859f,3.377310370919192f,-0.010786518815208956f,0.045210250663891116f,-0.9989192581218751f,3.1474353488013356f,0f,0f,0f,1f], start_interpolation: 0, interpolation_duration: 1 }
$data merge entity $(bone_muzzle1) { transformation: [-0.9999418238136902f,-0.005077921017384372f,0.009516496534547935f,-0.02053397437298443f,0f,0.8822583724722851f,0.47076550872228795f,3.790278863855505f,-0.010786518815208956f,0.4707381213803442f,-0.882207046044835f,2.731354562143454f,0f,0f,0f,1f], start_interpolation: 0, interpolation_duration: 1 }
$data merge entity $(bone_jaw_right_tooth1) { transformation: [-0.9999418238136902f,0.0013800038774574926f,0.010697877240324786f,-0.3893173560658368f,0f,0.9917821888226641f,-0.1279378362101115f,3.17670705406973f,-0.010786518815208956f,-0.12793039327471628f,-0.9917244907172688f,3.0809885447786574f,0f,0f,0f,1f], start_interpolation: 0, interpolation_duration: 1 }
$data merge entity $(bone_jaw_left_tooth1) { transformation: [-0.9999418238136902f,0.0013800038774574926f,0.010697877240324786f,0.3406206452044107f,0f,0.9917821888226641f,-0.1279378362101115f,3.17670705406973f,-0.010786518815208956f,-0.12793039327471628f,-0.9917244907172688f,3.0888624928395645f,0f,0f,0f,1f], start_interpolation: 0, interpolation_duration: 1 }
$data merge entity $(bone_tongue1) { transformation: [-0.9999418238136902f,-0.0023821761589650748f,0.010520181790183818f,-0.015730571558226457f,0f,0.9753083427945627f,0.22084754124808254f,3.3414316344820203f,-0.010786518815208956f,0.22083469318037677f,-0.9752516030747033f,2.2860650805798084f,0f,0f,0f,1f], start_interpolation: 0, interpolation_duration: 1 }
$data merge entity $(bone_jaw_lips1) { transformation: [-0.9999418238136902f,-0.0023821761589650748f,0.010520181790183818f,0.03127443776081689f,0f,0.9753083427945627f,0.22084754124808254f,3.017052818691643f,-0.010786518815208956f,0.22083469318037677f,-0.9752516030747033f,3.134352573504284f,0f,0f,0f,1f], start_interpolation: 0, interpolation_duration: 1 }
$data merge entity $(bone_jaw3) { transformation: [-0.9999418238136902f,-0.000498628369979881f,0.010774987605538485f,0.040997089594314355f,0f,0.9989309609645134f,0.0462269967282512f,2.974446055019971f,-0.010786518815208956f,0.046224307417876864f,-0.9988728469708181f,2.2330343286424785f,0f,0f,0f,1f], start_interpolation: 0, interpolation_duration: 1 }
$data merge entity $(bone_jaw1) { transformation: [-0.9999418238136902f,-0.007971650304782033f,0.0072664833013724945f,0.047525570685391205f,0f,0.6736634335747671f,0.7390382792956367f,3.638425759074645f,-0.010786518815208956f,0.7389952848670104f,-0.6736242424053456f,1.6278250483564256f,0f,0f,0f,1f], start_interpolation: 0, interpolation_duration: 1 }
$data merge entity $(bone_tear_right1) { transformation: [-0.9999418238136902f,-0.005888015318670994f,0.009037713414241044f,-0.6266656455092565f,0f,0.8378711954312728f,0.5458679875817687f,3.87410941549656f,-0.010786518815208956f,0.5458362310640226f,-0.8378224512805039f,2.6990082789047642f,0f,0f,0f,1f], start_interpolation: 0, interpolation_duration: 1 }
$data merge entity $(bone_right_pupil1) { transformation: [-0.9999418238136902f,-0.005888015318670994f,0.009037713414241044f,-0.44264428896352725f,0f,0.8378711954312728f,0.5458679875817687f,3.931424158007746f,-0.010786518815208956f,0.5458362310640226f,-0.8378224512805039f,2.8187618469579525f,0f,0f,0f,1f], start_interpolation: 0, interpolation_duration: 1 }
$data merge entity $(bone_right_sad_pupil1) { transformation: [-0.9999418238136902f,-0.005888015318670994f,0.009037713414241044f,-0.44254279120545714f,0f,0.8378711954312728f,0.5458679875817687f,3.937554511383908f,-0.010786518815208956f,0.5458362310640226f,-0.8378224512805039f,2.809352708100798f,0f,0f,0f,1f], start_interpolation: 0, interpolation_duration: 1 }
$data merge entity $(bone_right_happy_pupil1) { transformation: [-0.9999418238136902f,-0.005888015318670994f,0.009037713414241044f,-0.47045165954767415f,0f,0.8378711954312728f,0.5458679875817687f,3.9140305968018287f,-0.010786518815208956f,0.5458362310640226f,-0.8378224512805039f,2.7937250721419544f,0f,0f,0f,1f], start_interpolation: 0, interpolation_duration: 1 }
$data merge entity $(bone_eyelid_right1) { transformation: [-0.9999418238136902f,-0.005888015318670994f,0.009037713414241044f,-0.004789025027610749f,0f,0.8378711954312728f,0.5458679875817687f,4.1970237488079505f,-0.010786518815208956f,0.5458362310640226f,-0.8378224512805039f,2.312909585446893f,0f,0f,0f,1f], start_interpolation: 0, interpolation_duration: 1 }
$data merge entity $(bone_eyelid_expressions_right5) { transformation: [-0.9999418238136902f,-0.005888015318670994f,0.009037713414241044f,-0.5723465607195358f,0f,0.8378711954312728f,0.5458679875817687f,4.0316513741520685f,-0.010786518815208956f,0.5458362310640226f,-0.8378224512805039f,2.869259596214558f,0f,0f,0f,1f], start_interpolation: 0, interpolation_duration: 1 }
$data merge entity $(bone_eyelid_expressions_right7) { transformation: [-0.9999418238136902f,-0.005888015318670994f,0.009037713414241044f,-0.2354520985948061f,0f,0.8378711954312728f,0.5458679875817687f,4.0316513741520685f,-0.010786518815208956f,0.5458362310640226f,-0.8378224512805039f,2.872893726088823f,0f,0f,0f,1f], start_interpolation: 0, interpolation_duration: 1 }
$data merge entity $(bone_eyelid_expressions_right6) { transformation: [-0.9999418238136902f,-0.005888015318670994f,0.009037713414241044f,-0.34775025263638265f,0f,0.8378711954312728f,0.5458679875817687f,4.0316513741520685f,-0.010786518815208956f,0.5458362310640226f,-0.8378224512805039f,2.871682349464068f,0f,0f,0f,1f], start_interpolation: 0, interpolation_duration: 1 }
$data merge entity $(bone_right_eye1) { transformation: [-0.9999418238136902f,-0.005888015318670994f,0.009037713414241044f,-0.016120338189838494f,0f,0.8378711954312728f,0.5458679875817687f,4.190893395431788f,-0.010786518815208956f,0.5458362310640226f,-0.8378224512805039f,2.322197586641572f,0f,0f,0f,1f], start_interpolation: 0, interpolation_duration: 1 }
$data merge entity $(bone_tear_left1) { transformation: [-0.9999418238136902f,-0.005888015318670994f,0.009037713414241044f,0.5861544181397702f,0f,0.8378711954312728f,0.5458679875817687f,3.87410941549656f,-0.010786518815208956f,0.5458362310640226f,-0.8378224512805039f,2.7120911464521176f,0f,0f,0f,1f], start_interpolation: 0, interpolation_duration: 1 }
$data merge entity $(bone_left_sad_pupil1) { transformation: [-0.9999418238136902f,-0.005888015318670994f,0.009037713414241044f,0.39969336410636686f,0f,0.8378711954312728f,0.5458679875817687f,3.937554511383908f,-0.010786518815208956f,0.5458362310640226f,-0.8378224512805039f,2.81843803278646f,0f,0f,0f,1f], start_interpolation: 0, interpolation_duration: 1 }
$data merge entity $(bone_left_pupil1) { transformation: [-0.9999418238136902f,-0.005888015318670994f,0.009037713414241044f,0.39959186634829674f,0f,0.8378711954312728f,0.5458679875817687f,3.931424158007746f,-0.010786518815208956f,0.5458362310640226f,-0.8378224512805039f,2.827847171643614f,0f,0f,0f,1f], start_interpolation: 0, interpolation_duration: 1 }
$data merge entity $(bone_eyelid_left1) { transformation: [-0.9999418238136902f,-0.005888015318670994f,0.009037713414241044f,-0.027248655835926058f,0f,0.8378711954312728f,0.5458679875817687f,4.1970237488079505f,-0.010786518815208956f,0.5458362310640226f,-0.8378224512805039f,2.312667310121942f,0f,0f,0f,1f], start_interpolation: 0, interpolation_duration: 1 }
$data merge entity $(bone_left_happy_pupil1) { transformation: [-0.9999418238136902f,-0.005888015318670994f,0.009037713414241044f,0.4279335727849381f,0f,0.8378711954312728f,0.5458679875817687f,3.9140305968018287f,-0.010786518815208956f,0.5458362310640226f,-0.8378224512805039f,2.803416085139994f,0f,0f,0f,1f], start_interpolation: 0, interpolation_duration: 1 }
$data merge entity $(bone_eyelid_expressions_left5) { transformation: [-0.9999418238136902f,-0.005888015318670994f,0.009037713414241044f,0.5281753488879142f,0f,0.8378711954312728f,0.5458679875817687f,4.0316513741520685f,-0.010786518815208956f,0.5458362310640226f,-0.8378224512805039f,2.881131087137156f,0f,0f,0f,1f], start_interpolation: 0, interpolation_duration: 1 }
$data merge entity $(bone_eyelid_expressions_left7) { transformation: [-0.9999418238136902f,-0.005888015318670994f,0.009037713414241044f,0.19128088676318467f,0f,0.8378711954312728f,0.5458679875817687f,4.0316513741520685f,-0.010786518815208956f,0.5458362310640226f,-0.8378224512805039f,2.877496957262891f,0f,0f,0f,1f], start_interpolation: 0, interpolation_duration: 1 }
$data merge entity $(bone_eyelid_expressions_left6) { transformation: [-0.9999418238136902f,-0.005888015318670994f,0.009037713414241044f,0.3035790408047612f,0f,0.8378711954312728f,0.5458679875817687f,4.0316513741520685f,-0.010786518815208956f,0.5458362310640226f,-0.8378224512805039f,2.878708333887646f,0f,0f,0f,1f], start_interpolation: 0, interpolation_duration: 1 }
$data merge entity $(bone_left_eye1) { transformation: [-0.9999418238136902f,-0.005888015318670994f,0.009037713414241044f,-0.016120338189838494f,0f,0.8378711954312728f,0.5458679875817687f,4.190893395431788f,-0.010786518815208956f,0.5458362310640226f,-0.8378224512805039f,2.322197586641572f,0f,0f,0f,1f], start_interpolation: 0, interpolation_duration: 1 }
$data merge entity $(bone_crest_middle5) { transformation: [-0.9999418238136902f,-0.003792326643217948f,0.010097883282252577f,-0.028588122650842502f,0f,0.936157759073724f,0.35158021862167266f,5.091690526240268f,-0.010786518815208956f,0.35155976502537134f,-0.936103296985517f,3.477997650261155f,0f,0f,0f,1f], start_interpolation: 0, interpolation_duration: 1 }
$data merge entity $(bone_crest_middle4) { transformation: [-0.9999418238136902f,-0.003792326643217948f,0.010097883282252577f,-0.026032746299455407f,0f,0.936157759073724f,0.35158021862167266f,4.460881098739419f,-0.010786518815208956f,0.35155976502537134f,-0.936103296985517f,3.2411067929686683f,0f,0f,0f,1f], start_interpolation: 0, interpolation_duration: 1 }
$data merge entity $(bone_crest_middle1) { transformation: [-0.9999418238136902f,-0.003792326643217948f,0.010097883282252577f,-0.02496674738466053f,0f,0.936157759073724f,0.35158021862167266f,3.958160821827025f,-0.010786518815208956f,0.35155976502537134f,-0.936103296985517f,3.142285577588184f,0f,0f,0f,1f], start_interpolation: 0, interpolation_duration: 1 }
$data merge entity $(bone_crest_left5) { transformation: [-0.532302448552122f,-0.8380843742678012f,0.1194516005483531f,-1.1301455361546309f,-0.7066533989197521f,0.5175865154299893f,0.48243670345466383f,4.500416718650777f,-0.4661492004289798f,0.17239135898643326f,-0.8677477411588196f,3.1988443340877746f,0f,0f,0f,1f], start_interpolation: 0, interpolation_duration: 1 }
$data merge entity $(bone_crest_left4) { transformation: [-0.532302448552122f,-0.8380843742678012f,0.1194516005483531f,-0.6595415174007385f,-0.7066533989197521f,0.5175865154299893f,0.48243670345466383f,4.209779759302882f,-0.4661492004289798f,0.17239135898643326f,-0.8677477411588196f,3.102042545594416f,0f,0f,0f,1f], start_interpolation: 0, interpolation_duration: 1 }
$data merge entity $(bone_crest_left1) { transformation: [-0.532302448552122f,-0.8380843742678012f,0.1194516005483531f,-0.13516960943597897f,-0.7066533989197521f,0.5175865154299893f,0.48243670345466383f,3.917169055630202f,-0.4661492004289798f,0.17239135898643326f,-0.8677477411588196f,2.9468345088018855f,0f,0f,0f,1f], start_interpolation: 0, interpolation_duration: 1 }
$data merge entity $(bone_crest_center1) { transformation: [-0.9999418238136902f,-0.005888015318670994f,0.009037713414241044f,-0.022706144580318312f,0f,0.8378711954312728f,0.5458679875817687f,3.8936451410481228f,-0.010786518815208956f,0.5458362310640226f,-0.8378224512805039f,2.9327210897475804f,0f,0f,0f,1f], start_interpolation: 0, interpolation_duration: 1 }
$data merge entity $(bone_crest_right5) { transformation: [-0.5422342520572868f,0.8341705648129096f,-0.10070493878448097f,1.0787347953187516f,0.7066533989197521f,0.5175865154299893f,0.48243670345466383f,4.500416718650777f,0.454558015759305f,0.1904302177826636f,-0.8701226019729696f,3.2226718495377353f,0f,0f,0f,1f], start_interpolation: 0, interpolation_duration: 1 }
$data merge entity $(bone_crest_right4) { transformation: [-0.5422342520572868f,0.8341705648129096f,-0.10070493878448097f,0.6103284723036899f,0.7066533989197521f,0.5175865154299893f,0.48243670345466383f,4.209779759302882f,0.454558015759305f,0.1904302177826636f,-0.8701226019729696f,3.1157408190445404f,0f,0f,0f,1f], start_interpolation: 0, interpolation_duration: 1 }
$data merge entity $(bone_crest_right1) { transformation: [-0.5422342520572868f,0.8341705648129096f,-0.10070493878448097f,0.08942669864717409f,0.7066533989197521f,0.5175865154299893f,0.48243670345466383f,3.917169055630202f,0.454558015759305f,0.1904302177826636f,-0.8701226019729696f,2.9492572620513955f,0f,0f,0f,1f], start_interpolation: 0, interpolation_duration: 1 }
$data merge entity $(bone_head1) { transformation: [-1.0481161043880471f,-0.006171682723346547f,0.009473124086541714f,-0.010207335635804275f,0f,0.8782373858361644f,0.5721663151084943f,4.481014399736642f,-0.01130618183104584f,0.5721330286543463f,-0.8781862933343819f,1.7740449658201851f,0f,0f,0f,1f], start_interpolation: 0, interpolation_duration: 1 }
$data merge entity $(bone_neck10) { transformation: [-1.4973087205543538f,-0.007813143275809117f,0.014136188597470414f,0.002208641722636129f,0f,1.3105422462656289f,0.7243433594898674f,4.603946369493484f,-0.016151688330065493f,0.7243012199556336f,-1.3104660039157434f,0.6230475720435279f,0f,0f,0f,1f], start_interpolation: 0, interpolation_duration: 1 }
$data merge entity $(bone_neck9) { transformation: [-1.1454411712240813f,-0.0067447675476573045f,0.01035277132314917f,0.01029742529694695f,0f,0.9597880002352378f,0.6252960443685693f,3.3500353866265846f,-0.01235604157250011f,0.6252596670293934f,-0.9597321634297185f,-0.1268063092963991f,0f,0f,0f,1f], start_interpolation: 0, interpolation_duration: 1 }
$data merge entity $(bone_neck8) { transformation: [-1.0630891915935914f,0.0018761324674394827f,0.011313188797489581f,0.008541496316492578f,0f,1.0488266873959398f,-0.17393308254319662f,2.5729597419847776f,-0.011467698714346502f,-0.17392296377978114f,-1.0487656706591673f,0.03597343987783397f,0f,0f,0f,1f], start_interpolation: 0, interpolation_duration: 1 }
$data merge entity $(bone_neck7) { transformation: [-1.0556026479908194f,0.004916144577271462f,0.010271023866650995f,0.003876467753663822f,0f,0.9522093311670572f,-0.4557674873138603f,1.7210078554932162f,-0.011386940272696173f,-0.45574097249960444f,-0.9521539352596013f,0.46843522381137265f,0f,0f,0f,1f], start_interpolation: 0, interpolation_duration: 1 }
$data merge entity $(bone_neck6) { transformation: [-1.049613413108602f,0.0031580283813203444f,0.010872998347592923f,0.0011783350228143537f,0f,1.0080173718569918f,-0.2927754946171822f,0.8277871018047138f,-0.01132233351937591f,-0.29275846205546047f,-1.0079587292505634f,0.7185600147655119f,0f,0f,0f,1f], start_interpolation: 0, interpolation_duration: 1 }
$data merge entity $(bone_neck_spine6) { transformation: [-1.2652613841671312f,0.11489650217073774f,0.07679708354563539f,-0.0021146066692821486f,0.045839179385833484f,-0.3183355553124432f,1.231481470576745f,0.47808495194172007f,0.13037548805438476f,1.2269664365945623f,0.3123154880913414f,-1.9046283436202582f,0f,0f,0f,1f], start_interpolation: 0, interpolation_duration: 1 }
$data merge entity $(bone_neck_spine7) { transformation: [-0.991551803067522f,0.12813409732714495f,-0.020166182973090516f,-0.43009572871008217f,0.02345186231178923f,0.33000074594335727f,0.9436893121313482f,1.0126967143769796f,0.12757363359117477f,0.9352439044329485f,-0.33021781786172477f,-5.607003156279944f,0f,0f,0f,1f], start_interpolation: 0, interpolation_duration: 1 }
$data merge entity $(bone_tail6) { transformation: [-1.6014230724171798f,-0.4667857370501259f,-0.42761800282918216f,0.04448099428613023f,-0.6247861723302343f,1.352709940401233f,0.8632033326695143f,-1.436076704132292f,0.10192310592786498f,0.957908570978145f,-1.4273488668338077f,-8.553481954232653f,0f,0f,0f,1f], start_interpolation: 0, interpolation_duration: 1 }
$data merge entity $(bone_tail5) { transformation: [-1.3229147119968006f,-0.3856056088674953f,-0.35324965451106355f,-0.1990593902617615f,-0.51612770757715f,1.1174560377227576f,0.7130810139443814f,-0.730314996096866f,0.08419734837519281f,0.7913157760254241f,-1.1791142812974933f,-8.053703569374491f,0f,0f,0f,1f], start_interpolation: 0, interpolation_duration: 1 }
$data merge entity $(bone_tail4) { transformation: [-0.9747792614713267f,-0.284130448639207f,-0.2602892191134152f,-0.32082958253570737f,-0.3803046266357947f,0.8233886593746634f,0.5254281155379652f,-0.37743414207915316f,0.06204015143435258f,0.5830747823345229f,-0.8688210493771001f,-7.80381437694541f,0f,0f,0f,1f], start_interpolation: 0, interpolation_duration: 1 }
$data merge entity $(bone_segment18) { transformation: [-0.9299757426210918f,-0.2430794464240673f,-0.2757852440985881f,-0.4573243888773467f,-0.3628247866537768f,0.7276828784861668f,0.5820960423742189f,0.031176849258294004f,0.05918861652370533f,0.6413969216360927f,-0.7649226736015572f,-7.443654972706393f,0f,0f,0f,1f], start_interpolation: 0, interpolation_duration: 1 }
$data merge entity $(bone_segment17) { transformation: [-0.9952648029814254f,-0.09503797789745194f,0.02039006384266883f,-0.5267002565319809f,-0.018673421413942973f,0.3928135498880063f,0.9194285281396702f,0.31792306853689273f,-0.09539012149610651f,0.9146941006596395f,-0.3927281845493291f,-6.775946144344009f,0f,0f,0f,1f], start_interpolation: 0, interpolation_duration: 1 }
$data merge entity $(bone_segment16) { transformation: [-0.998374018061377f,0.05682279071799945f,0.004526645004854217f,-0.4724577976190468f,0.017879570211372077f,0.2367588335809751f,0.9714039199480478f,0.5439306464913882f,0.054126158454467846f,0.9699053691862908f,-0.2373898350700116f,-5.850084329520181f,0f,0f,0f,1f], start_interpolation: 0, interpolation_duration: 1 }
$data merge entity $(bone_segment15) { transformation: [-0.991551803067522f,0.12898742605698438f,0.01368450776390611f,-0.32035592558407744f,0.02345186231178923f,0.07451147656205612f,0.9969443565288142f,0.6317945214412737f,0.12757363359117477f,0.9888429014660198f,-0.07690698429017068f,-4.684041552644967f,0f,0f,0f,1f], start_interpolation: 0, interpolation_duration: 1 }
$data merge entity $(bone_segment14) { transformation: [-1.0387748702431598f,0.1305064942241467f,0.050892258171567624f,-0.17353611958191245f,0.02367911835514257f,-0.21173810746764782f,1.026295021533825f,0.39358915054016985f,0.13806254499465773f,1.0182387867472513f,0.2068905625161682f,-3.5385229175543094f,0f,0f,0f,1f], start_interpolation: 0, interpolation_duration: 1 }
$data merge entity $(bone_segment13) { transformation: [-1.0196518213582173f,0.08043938279866586f,0.0770277918612988f,-0.07876496892764966f,0.03694098574034816f,-0.4249770914673623f,0.9328040775659487f,-0.1437772042656066f,0.10506730507912185f,0.9300632178761287f,0.4195674963346181f,-2.4298581512948476f,0f,0f,0f,1f], start_interpolation: 0, interpolation_duration: 1 }
$data merge entity $(bone_segment12) { transformation: [-1.1132501773159766f,0.049895934674702554f,0.051558894485441945f,-0.01848800086425059f,0.04630077317944032f,-0.1127967752444258f,1.1088764615993618f,-0.2800417649635707f,0.05481023901251608f,1.108720507787726f,0.11049232779697656f,-1.0904642492694068f,0f,0f,0f,1f], start_interpolation: 0, interpolation_duration: 1 }
$data merge entity $(bone_segment11) { transformation: [-1.1902177197527977f,0.01351950812482301f,0.017939993530128786f,0.0032482970277564653f,0.02209886479876683f,0.5340214235377838f,1.063699017701263f,0.3369923079147009f,0.00403244868585359f,1.0638426495417868f,-0.5341773088168892f,0.13895616116869147f,0f,0f,0f,1f], start_interpolation: 0, interpolation_duration: 1 }
$data merge entity $(bone_segment10) { transformation: [-1.0481161043880476f,-0.006860597084843475f,0.008986765560317484f,0.000407065496975759f,0f,0.8331479056659293f,0.6360344057593499f,1.189868973832723f,-0.011306181831045845f,0.6359974037032609f,-0.8330994362981458f,0.7900589542780022f,0f,0f,0f,1f], start_interpolation: 0, interpolation_duration: 1 }