# This file was generated by Animated Java via MC-Build. It is not recommended to edit this file directly.
$data merge entity $(bone_neck_spine5) { transformation: [-1.3671079622452798f,-0.004577690613816609f,0.014018718573866043f,0.11067132285716717f,0f,1.299651798140814f,0.42438999015716583f,3.7414712754502366f,-0.014747193692668498f,0.42436530076603035f,-1.2995761893556677f,-0.37821348116648246f,0f,0f,0f,1f], start_interpolation: 0, interpolation_duration: 1 }
$data merge entity $(bone_neck_spine2) { transformation: [-1.3020075830907425f,-0.0051314416363877945f,0.013073975117768831f,-0.006225590965830262f,0f,1.2120662228238617f,0.47572731520687483f,4.5995661227796285f,-0.014044946373969995f,0.47569963920595276f,-1.2119957094334628f,1.404925596034232f,0f,0f,0f,1f], start_interpolation: 0, interpolation_duration: 1 }
$data merge entity $(bone_scale_neck_left1) { transformation: [-1.3853412945500039f,0.3519218533032728f,0.0918690654403671f,0.6807133657778465f,0.32444575827780947f,1.0321858972373217f,0.9385023398386922f,3.880374961411725f,0.1643893729923987f,0.9285487069156646f,-1.0780690382972655f,1.0985020583229326f,0f,0f,0f,1f], start_interpolation: 0, interpolation_duration: 1 }
$data merge entity $(bone_scale_neck_right1) { transformation: [-1.381472756619424f,-0.37187041263312437f,-0.06859181677997153f,-0.6863945964674331f,-0.32444575827780947f,1.0321858972373217f,0.9385023398386922f,3.880374961411725f,-0.19423540114161644f,0.9207410538013566f,-1.0797999533204752f,1.0837548646302642f,0f,0f,0f,1f], start_interpolation: 0, interpolation_duration: 1 }
$data merge entity $(bone_blush_right1) { transformation: [-0.9999418238136902f,-0.005888015318670994f,0.009037713414241044f,-0.5893860911639928f,0f,0.8378711954312728f,0.5458679875817687f,3.1080176721791544f,-0.010786518815208956f,0.5458362310640226f,-0.8378224512805039f,2.0496840452985476f,0f,0f,0f,1f], start_interpolation: 0, interpolation_duration: 1 }
$data merge entity $(bone_blush_left1) { transformation: [-0.9999418238136902f,-0.005888015318670994f,0.009037713414241044f,0.5628906198713144f,0f,0.8378711954312728f,0.5458679875817687f,3.1080176721791544f,-0.010786518815208956f,0.5458362310640226f,-0.8378224512805039f,2.0621138228395113f,0f,0f,0f,1f], start_interpolation: 0, interpolation_duration: 1 }
$data merge entity $(bone_left_head_scales) { transformation: [-0.8911323819065734f,-0.005888015318670994f,-0.4537052007560901f,0.5720072292228622f,-0.2520537862752804f,0.8378711954312728f,0.4841908184702238f,3.8264454775345706f,0.37729559597457835f,0.5458362310640226f,-0.7481382506702962f,2.1223321406437985f,0f,0f,0f,1f], start_interpolation: 0, interpolation_duration: 1 }
$data merge entity $(bone_left_head_scales2) { transformation: [-0.8242882085999497f,-0.005888015318670994f,-0.5661398064424483f,0.5752833573896597f,-0.31309701503526793f,0.8378711954312728f,0.4471488779395238f,3.091897475110466f,0.4717194169621292f,0.5458362310640226f,-0.6924908667403001f,1.8186254832618234f,0f,0f,0f,1f], start_interpolation: 0, interpolation_duration: 1 }
$data merge entity $(bone_left_head_scales1) { transformation: [-0.9999418238136902f,-0.005888015318670994f,0.009037713414241044f,0.5725822307188262f,0f,0.8378711954312728f,0.5458679875817687f,3.7446221186057356f,-0.010786518815208956f,0.5458362310640226f,-0.8378224512805039f,2.0690278212039526f,0f,0f,0f,1f], start_interpolation: 0, interpolation_duration: 1 }
$data merge entity $(bone_right_head_scales) { transformation: [-0.8827860786348906f,-0.005888015318670994f,0.469738300167274f,-0.599799595558806f,0.2520537862752804f,0.8378711954312728f,0.4841908184702238f,3.8264454775345706f,-0.3964311140573205f,0.5458362310640226f,-0.7381769304611835f,2.1096916889072257f,0f,0f,0f,1f], start_interpolation: 0, interpolation_duration: 1 }
$data merge entity $(bone_right_head_scales2) { transformation: [-0.8139205696941447f,-0.005888015318670994f,0.5809463292803956f,-0.5965234673920085f,0.31309701503526793f,0.8378711954312728f,0.4471488779395238f,3.091897475110466f,-0.4893910148386094f,0.5458362310640226f,-0.680117080694978f,1.8059850315252506f,0f,0f,0f,1f], start_interpolation: 0, interpolation_duration: 1 }
$data merge entity $(bone_right_head_scales1) { transformation: [-0.9999418238136902f,-0.005888015318670994f,0.009037713414241044f,-0.599224594062842f,0f,0.8378711954312728f,0.5458679875817687f,3.7446221186057356f,-0.010786518815208956f,0.5458362310640226f,-0.8378224512805039f,2.0563873694673798f,0f,0f,0f,1f], start_interpolation: 0, interpolation_duration: 1 }
$data merge entity $(bone_head_left_fin1) { transformation: [-0.7014130462219158f,0.018164389173283568f,-0.7125235389484716f,0.575400423564858f,-0.15636727686538532f,0.9714000733037274f,0.17869295540456304f,3.4777651793703175f,0.6953912663496693f,0.2367529356765713f,-0.6785123684452103f,1.8077731066294724f,0f,0f,0f,1f], start_interpolation: 0, interpolation_duration: 1 }
$data merge entity $(bone_head_right_fin1) { transformation: [-0.6862489996104911f,-0.023267345213437273f,0.7269944574618978f,-0.5964064012168102f,0.15636727686538532f,0.9714000733037274f,0.17869295540456304f,3.4777651793703175f,-0.7103601799504984f,0.23630600549336866f,-0.6629840771153286f,1.7951326548928994f,0f,0f,0f,1f], start_interpolation: 0, interpolation_duration: 1 }
$data merge entity $(bone_right_whisker16) { transformation: [0.2597187612738379f,0.9219680583356172f,-0.2872647984895389f,-1.0524425591614759f,0.9643955879751906f,-0.2629935150839663f,0.027848894372414085f,1.1058136210101037f,-0.049872988043322734f,-0.28426978459314284f,-0.9574462776735826f,1.5886031001836347f,0f,0f,0f,1f], start_interpolation: 0, interpolation_duration: 1 }
$data merge entity $(bone_right_whisker15) { transformation: [-0.8801803928304546f,0.3778378112703803f,-0.2872647984895389f,-0.7945772096994286f,0.38662245299685327f,0.9218175079271006f,0.027848894372414085f,0.9925453242336819f,0.27532808595478037f,-0.08655097026306696f,-0.9574462776735826f,1.5079405750015702f,0f,0f,0f,1f], start_interpolation: 0, interpolation_duration: 1 }
$data merge entity $(bone_right_whisker14) { transformation: [-0.7144176582274824f,-0.6380331850002201f,-0.2872647984895389f,-0.5852751613905959f,-0.6720566766255948f,0.7399758526365539f,0.027848894372414085f,1.1894369287138367f,0.19480049541959824f,0.21295396768616523f,-0.9574462776735826f,1.4508701173591099f,0f,0f,0f,1f], start_interpolation: 0, interpolation_duration: 1 }
$data merge entity $(bone_right_whisker13) { transformation: [-0.09171262383226697f,-0.9940278073036803f,-0.05913977457548127f,-0.5584062286272364f,-0.9705417975536514f,0.07594208907355787f,0.22865130287945246f,1.4737753459658829f,-0.22279455520979047f,0.07836783405314625f,-0.9717103831670681f,1.5161419597057282f,0f,0f,0f,1f], start_interpolation: 0, interpolation_duration: 1 }
$data merge entity $(bone_right_whisker12) { transformation: [0.07182701607477872f,-0.9966972476128282f,-0.037887680884509f,-0.5864636567814469f,-0.897590737311253f,-0.08115584641448984f,0.4332950459972847f,1.824396727728091f,-0.4349387865606318f,0.002885341186170929f,-0.9004553996458707f,1.686039923205975f,0f,0f,0f,1f], start_interpolation: 0, interpolation_duration: 1 }
$data merge entity $(bone_right_whisker11) { transformation: [0.2937266087879737f,-0.9557789512589713f,-0.014535323189323199f,-0.7012006133392491f,-0.9453962543533765f,-0.2927155746219874f,0.14333008975203274f,2.1936921395848787f,-0.14124659834673106f,-0.028358221101138566f,-0.989568193583169f,1.7412143756851668f,0f,0f,0f,1f], start_interpolation: 0, interpolation_duration: 1 }
$data merge entity $(bone_right_whisker10) { transformation: [0.06932441564533408f,-0.9927839209427631f,0.09784790091231774f,-0.7282804632007077f,-0.9918875173297033f,-0.07907170545799806f,-0.09953300136879903f,2.581148201041794f,0.10655176376273989f,-0.09015404435452344f,-0.9902115783637213f,1.6995925929653466f,0f,0f,0f,1f], start_interpolation: 0, interpolation_duration: 1 }
$data merge entity $(bone_right_whisker1) { transformation: [-0.33837620083799175f,-0.9385797842685569f,0.06759833776681583f,-0.5961022597483672f,-0.9250829448813509f,0.3449504298982855f,0.15884188994920634f,2.942508726386072f,-0.17240386247440853f,-0.008785754115471445f,-0.9849871667836734f,1.7669378517444125f,0f,0f,0f,1f], start_interpolation: 0, interpolation_duration: 1 }
$data merge entity $(bone_left_whisker16) { transformation: [0.25858247598833006f,-0.9156213122431226f,0.3078517754990653f,1.0357856734717417f,-0.9643955879751906f,-0.2629935150839663f,0.027848894372414085f,1.1058136210101037f,0.05546397935354931f,-0.3040921301019838f,-0.9510266680826082f,1.6111291237835295f,0f,0f,0f,1f], start_interpolation: 0, interpolation_duration: 1 }
$data merge entity $(bone_left_whisker15) { transformation: [-0.8740362590221995f,-0.37588283046256804f,0.3078517754990653f,0.7797203632113318f,-0.38662245299685327f,0.9218175079271006f,0.027848894372414085f,0.9925453242336819f,-0.29425107774343773f,-0.09468146514771597f,-0.9510266680826082f,1.5249227533508818f,0f,0f,0f,1f], start_interpolation: 0, interpolation_duration: 1 }
$data merge entity $(bone_left_whisker14) { transformation: [-0.7100492207479079f,0.6332909192759374f,0.3078517754990653f,0.5716981305703431f,0.6720566766255948f,0.7399758526365539f,0.027848894372414085f,1.1894369287138367f,-0.21016642814267317f,0.22666792688301396f,-0.9510266680826082f,1.463350557605958f,0f,0f,0f,1f], start_interpolation: 0, interpolation_duration: 1 }
$data merge entity $(bone_left_whisker13) { transformation: [-0.09649735819827028f,0.9921059651660259f,0.08008753799901054f,0.5434274201606937f,0.9705417975536514f,0.07594208907355787f,0.22865130287945246f,1.4737753459658829f,0.2207643065852857f,0.09979254976766572f,-0.970208517767591f,1.528027600550866f,0f,0f,0f,1f], start_interpolation: 0, interpolation_duration: 1 }
$data merge entity $(bone_left_whisker12) { transformation: [0.06242789712838779f,0.9964030762275473f,0.05730329261401949f,0.5678133174764701f,0.897590737311253f,-0.08115584641448984f,0.4332950459972847f,1.824396727728091f,0.436387013960279f,0.024385206110021648f,-0.8994285606816158f,1.6984912778791f,0f,0f,0f,1f], start_interpolation: 0, interpolation_duration: 1 }
$data merge entity $(bone_left_whisker11) { transformation: [0.29061131828893505f,0.9561682808115496f,0.03587869078231369f,0.6813333636830854f,0.9453962543533765f,-0.2927155746219874f,0.14333008975203274f,2.1936921395848787f,0.1475499370957958f,-0.007733766456607276f,-0.9890243702353453f,1.7561279720571452f,0f,0f,0f,1f], start_interpolation: 0, interpolation_duration: 1 }
$data merge entity $(bone_left_whisker10) { transformation: [0.07160679547693398f,0.9944976855781827f,-0.07646450301389852f,0.7093047681662628f,0.9918875173297033f,-0.07907170545799806f,-0.09953300136879903f,2.581148201041794f,-0.10503151816022793f,-0.0687169467860845f,-0.9920919117790228f,1.7151000352758061f,0f,0f,0f,1f], start_interpolation: 0, interpolation_duration: 1 }
$data merge entity $(bone_left_whisker1) { transformation: [-0.3420165200203819f,0.9385509030298574f,-0.04633467875130766f,0.575704565033301f,0.9250829448813509f,0.3449504298982855f,0.15884188994920634f,2.942508726386072f,0.16506436660525936f,0.011463129364496893f,-0.986216178909258f,1.7795783034809856f,0f,0f,0f,1f], start_interpolation: 0, interpolation_duration: 1 }
$data merge entity $(bone_upper_left_tooth1) { transformation: [-0.9999418238136902f,-0.005077921017384372f,0.009516496534547935f,0.24888471665531092f,0f,0.8822583724722851f,0.47076550872228795f,2.819649732030891f,-0.010786518815208956f,0.4707381213803442f,-0.882207046044835f,2.6526783654140553f,0f,0f,0f,1f], start_interpolation: 0, interpolation_duration: 1 }
$data merge entity $(bone_upper_right_tooth1) { transformation: [-0.9999418238136902f,-0.005077921017384372f,0.009516496534547935f,-0.3370186957355232f,0f,0.8822583724722851f,0.47076550872228795f,2.819649732030891f,-0.010786518815208956f,0.4707381213803442f,-0.882207046044835f,2.646358139545769f,0f,0f,0f,1f], start_interpolation: 0, interpolation_duration: 1 }
$data merge entity $(bone_top_lip1) { transformation: [-0.9999418238136902f,-0.0004876895913469006f,0.010775488249418153f,-0.020199514672124136f,0f,0.9989773748157516f,0.04521288097687859f,2.9144235806363126f,-0.010786518815208956f,0.045210250663891116f,-0.9989192581218751f,2.7003491702278652f,0f,0f,0f,1f], start_interpolation: 0, interpolation_duration: 1 }
$data merge entity $(bone_muzzle1) { transformation: [-0.9999418238136902f,-0.005077921017384372f,0.009516496534547935f,-0.01629662393514532f,0f,0.8822583724722851f,0.47076550872228795f,3.273526617972237f,-0.010786518815208956f,0.4707381213803442f,-0.882207046044835f,2.3385397905253598f,0f,0f,0f,1f], start_interpolation: 0, interpolation_duration: 1 }
$data merge entity $(bone_jaw_right_tooth1) { transformation: [-0.9999418238136902f,0.0013800038774574926f,0.010697877240324786f,-0.33697782540719085f,0f,0.9917821888226641f,-0.1279378362101115f,2.739985913810693f,-0.010786518815208956f,-0.12793039327471628f,-0.9917244907172688f,2.642569340642928f,0f,0f,0f,1f], start_interpolation: 0, interpolation_duration: 1 }
$data merge entity $(bone_jaw_left_tooth1) { transformation: [-0.9999418238136902f,0.0013800038774574926f,0.010697877240324786f,0.29775087134954614f,0f,0.9917821888226641f,-0.1279378362101115f,2.739985913810693f,-0.010786518815208956f,-0.12793039327471628f,-0.9917244907172688f,2.6494162520002384f,0f,0f,0f,1f], start_interpolation: 0, interpolation_duration: 1 }
$data merge entity $(bone_tongue1) { transformation: [-0.9999418238136902f,-0.0023821761589650748f,0.010520181790183818f,-0.012119751922312287f,0f,0.9753083427945627f,0.22084754124808254f,2.883224679386598f,-0.010786518815208956f,0.22083469318037677f,-0.9752516030747033f,1.951331545687407f,0f,0f,0f,1f], start_interpolation: 0, interpolation_duration: 1 }
$data merge entity $(bone_jaw_lips1) { transformation: [-0.9999418238136902f,-0.0023821761589650748f,0.010520181790183818f,0.028754169224681922f,0f,0.9753083427945627f,0.22084754124808254f,2.6011561439167044f,-0.010786518815208956f,0.22083469318037677f,-0.9752516030747033f,2.6889728438826035f,0f,0f,0f,1f], start_interpolation: 0, interpolation_duration: 1 }
$data merge entity $(bone_jaw3) { transformation: [-0.9999418238136902f,-0.000498628369979881f,0.010774987605538485f,0.03720864907989711f,0f,0.9989309609645134f,0.0462269967282512f,2.564106784202207f,-0.010786518815208956f,0.046224307417876864f,-0.9988728469708181f,1.9052178483505982f,0f,0f,0f,1f], start_interpolation: 0, interpolation_duration: 1 }
$data merge entity $(bone_jaw1) { transformation: [-0.9999418238136902f,-0.007971650304782033f,0.0072664833013724945f,0.04288558915909437f,0f,0.6736634335747671f,0.7390382792956367f,3.1414804399019234f,-0.010786518815208956f,0.7389952848670104f,-0.6736242424053456f,1.378948908971422f,0f,0f,0f,1f], start_interpolation: 0, interpolation_duration: 1 }
$data merge entity $(bone_tear_right1) { transformation: [-0.9999418238136902f,-0.005888015318670994f,0.009037713414241044f,-0.5433676423145123f,0f,0.8378711954312728f,0.5458679875817687f,3.3464227498340238f,-0.010786518815208956f,0.5458362310640226f,-0.8378224512805039f,2.310412587709108f,0f,0f,0f,1f], start_interpolation: 0, interpolation_duration: 1 }
$data merge entity $(bone_right_pupil1) { transformation: [-0.9999418238136902f,-0.005888015318670994f,0.009037713414241044f,-0.38334907140518254f,0f,0.8378711954312728f,0.5458679875817687f,3.3962616563654895f,-0.010786518815208956f,0.5458362310640226f,-0.8378224512805039f,2.4145461251466624f,0f,0f,0f,1f], start_interpolation: 0, interpolation_duration: 1 }
$data merge entity $(bone_right_sad_pupil1) { transformation: [-0.9999418238136902f,-0.005888015318670994f,0.009037713414241044f,-0.3832608124851216f,0f,0.8378711954312728f,0.5458679875817687f,3.401592398431718f,-0.010786518815208956f,0.5458362310640226f,-0.8378224512805039f,2.4063642652708763f,0f,0f,0f,1f], start_interpolation: 0, interpolation_duration: 1 }
$data merge entity $(bone_right_happy_pupil1) { transformation: [-0.9999418238136902f,-0.005888015318670994f,0.009037713414241044f,-0.40752939365226687f,0f,0.8378711954312728f,0.5458679875817687f,3.3811368205342576f,-0.010786518815208956f,0.5458362310640226f,-0.8378224512805039f,2.3927750166110124f,0f,0f,0f,1f], start_interpolation: 0, interpolation_duration: 1 }
$data merge entity $(bone_eyelid_right1) { transformation: [-0.9999418238136902f,-0.005888015318670994f,0.009037713414241044f,-0.0026053636348203815f,0f,0.8378711954312728f,0.5458679875817687f,3.627217822278711f,-0.010786518815208956f,0.5458362310640226f,-0.8378224512805039f,1.974674593397916f,0f,0f,0f,1f], start_interpolation: 0, interpolation_duration: 1 }
$data merge entity $(bone_eyelid_expressions_right5) { transformation: [-0.9999418238136902f,-0.005888015318670994f,0.009037713414241044f,-0.4961336555408422f,0f,0.8378711954312728f,0.5458679875817687f,3.4834157573605533f,-0.010786518815208956f,0.5458362310640226f,-0.8378224512805039f,2.4584572114567544f,0f,0f,0f,1f], start_interpolation: 0, interpolation_duration: 1 }
$data merge entity $(bone_eyelid_expressions_right7) { transformation: [-0.9999418238136902f,-0.005888015318670994f,0.009037713414241044f,-0.20318194934542513f,0f,0.8378711954312728f,0.5458679875817687f,3.4834157573605533f,-0.010786518815208956f,0.5458362310640226f,-0.8378224512805039f,2.4616173243908976f,0f,0f,0f,1f], start_interpolation: 0, interpolation_duration: 1 }
$data merge entity $(bone_eyelid_expressions_right6) { transformation: [-0.9999418238136902f,-0.005888015318670994f,0.009037713414241044f,-0.3008325180772308f,0f,0.8378711954312728f,0.5458679875817687f,3.4834157573605533f,-0.010786518815208956f,0.5458362310640226f,-0.8378224512805039f,2.46056395341285f,0f,0f,0f,1f], start_interpolation: 0, interpolation_duration: 1 }
$data merge entity $(bone_right_eye1) { transformation: [-0.9999418238136902f,-0.005888015318670994f,0.009037713414241044f,-0.012458679428061899f,0f,0.8378711954312728f,0.5458679875817687f,3.6218870802124825f,-0.010786518815208956f,0.5458362310640226f,-0.8378224512805039f,1.9827511161758973f,0f,0f,0f,1f], start_interpolation: 0, interpolation_duration: 1 }
$data merge entity $(bone_tear_left1) { transformation: [-0.9999418238136902f,-0.005888015318670994f,0.009037713414241044f,0.5112584999889892f,0f,0.8378711954312728f,0.5458679875817687f,3.3464227498340238f,-0.010786518815208956f,0.5458362310640226f,-0.8378224512805039f,2.3217889942720236f,0f,0f,0f,1f], start_interpolation: 0, interpolation_duration: 1 }
$data merge entity $(bone_left_sad_pupil1) { transformation: [-0.9999418238136902f,-0.005888015318670994f,0.009037713414241044f,0.34911845300342104f,0f,0.8378711954312728f,0.5458679875817687f,3.401592398431718f,-0.010786518815208956f,0.5458362310640226f,-0.8378224512805039f,2.4142645476062348f,0f,0f,0f,1f], start_interpolation: 0, interpolation_duration: 1 }
$data merge entity $(bone_left_pupil1) { transformation: [-0.9999418238136902f,-0.005888015318670994f,0.009037713414241044f,0.3490301940833601f,0f,0.8378711954312728f,0.5458679875817687f,3.3962616563654895f,-0.010786518815208956f,0.5458362310640226f,-0.8378224512805039f,2.422446407482021f,0f,0f,0f,1f], start_interpolation: 0, interpolation_duration: 1 }
$data merge entity $(bone_eyelid_left1) { transformation: [-0.9999418238136902f,-0.005888015318670994f,0.009037713414241044f,-0.022135477381181518f,0f,0.8378711954312728f,0.5458679875817687f,3.627217822278711f,-0.010786518815208956f,0.5458362310640226f,-0.8378224512805039f,1.9744639192023064f,0f,0f,0f,1f], start_interpolation: 0, interpolation_duration: 1 }
$data merge entity $(bone_left_happy_pupil1) { transformation: [-0.9999418238136902f,-0.005888015318670994f,0.009037713414241044f,0.37367515620217867f,0f,0.8378711954312728f,0.5458679875817687f,3.3811368205342576f,-0.010786518815208956f,0.5458362310640226f,-0.8378224512805039f,2.4012019844353945f,0f,0f,0f,1f], start_interpolation: 0, interpolation_duration: 1 }
$data merge entity $(bone_eyelid_expressions_left5) { transformation: [-0.9999418238136902f,-0.005888015318670994f,0.009037713414241044f,0.46084191803085356f,0f,0.8378711954312728f,0.5458679875817687f,3.4834157573605533f,-0.010786518815208956f,0.5458362310640226f,-0.8378224512805039f,2.4687802470416225f,0f,0f,0f,1f], start_interpolation: 0, interpolation_duration: 1 }
$data merge entity $(bone_eyelid_expressions_left7) { transformation: [-0.9999418238136902f,-0.005888015318670994f,0.009037713414241044f,0.16789021183543648f,0f,0.8378711954312728f,0.5458679875817687f,3.4834157573605533f,-0.010786518815208956f,0.5458362310640226f,-0.8378224512805039f,2.4656201341074797f,0f,0f,0f,1f], start_interpolation: 0, interpolation_duration: 1 }
$data merge entity $(bone_eyelid_expressions_left6) { transformation: [-0.9999418238136902f,-0.005888015318670994f,0.009037713414241044f,0.2655407805672422f,0f,0.8378711954312728f,0.5458679875817687f,3.4834157573605533f,-0.010786518815208956f,0.5458362310640226f,-0.8378224512805039f,2.4666735050855273f,0f,0f,0f,1f], start_interpolation: 0, interpolation_duration: 1 }
$data merge entity $(bone_left_eye1) { transformation: [-0.9999418238136902f,-0.005888015318670994f,0.009037713414241044f,-0.012458679428061899f,0f,0.8378711954312728f,0.5458679875817687f,3.6218870802124825f,-0.010786518815208956f,0.5458362310640226f,-0.8378224512805039f,1.9827511161758973f,0f,0f,0f,1f], start_interpolation: 0, interpolation_duration: 1 }
$data merge entity $(bone_crest_middle5) { transformation: [-0.9999418238136902f,-0.003792326643217948f,0.010097883282252577f,-0.02330023113328278f,0f,0.936157759073724f,0.35158021862167266f,4.4051889330894225f,-0.010786518815208956f,0.35155976502537134f,-0.936103296985517f,2.987794649758143f,0f,0f,0f,1f], start_interpolation: 0, interpolation_duration: 1 }
$data merge entity $(bone_crest_middle4) { transformation: [-0.9999418238136902f,-0.003792326643217948f,0.010097883282252577f,-0.021078164740772263f,0f,0.936157759073724f,0.35158021862167266f,3.8566589961321625f,-0.010786518815208956f,0.35155976502537134f,-0.936103296985517f,2.7818025999385894f,0f,0f,0f,1f], start_interpolation: 0, interpolation_duration: 1 }
$data merge entity $(bone_crest_middle1) { transformation: [-0.9999418238136902f,-0.003792326643217948f,0.010097883282252577f,-0.02015120916268976f,0f,0.936157759073724f,0.35158021862167266f,3.4195109292518193f,-0.010786518815208956f,0.35155976502537134f,-0.936103296985517f,2.695871108303386f,0f,0f,0f,1f], start_interpolation: 0, interpolation_duration: 1 }
$data merge entity $(bone_crest_left5) { transformation: [-0.532302448552122f,-0.8380843742678012f,0.1194516005483531f,-0.9811762428757081f,-0.7066533989197521f,0.5175865154299893f,0.48243670345466383f,3.8910377960550817f,-0.4661492004289798f,0.17239135898643326f,-0.8677477411588196f,2.745052635694334f,0f,0f,0f,1f], start_interpolation: 0, interpolation_duration: 1 }
$data merge entity $(bone_crest_left4) { transformation: [-0.532302448552122f,-0.8380843742678012f,0.1194516005483531f,-0.5719553570027583f,-0.7066533989197521f,0.5175865154299893f,0.48243670345466383f,3.6383100053177824f,-0.4661492004289798f,0.17239135898643326f,-0.8677477411588196f,2.6608771674392395f,0f,0f,0f,1f], start_interpolation: 0, interpolation_duration: 1 }
$data merge entity $(bone_crest_left1) { transformation: [-0.532302448552122f,-0.8380843742678012f,0.1194516005483531f,-0.11597978485948843f,-0.7066533989197521f,0.5175865154299893f,0.48243670345466383f,3.3838659151676254f,-0.4661492004289798f,0.17239135898643326f,-0.8677477411588196f,2.5259136571848653f,0f,0f,0f,1f], start_interpolation: 0, interpolation_duration: 1 }
$data merge entity $(bone_crest_center1) { transformation: [-0.9999418238136902f,-0.005888015318670994f,0.009037713414241044f,-0.018185467593696526f,0f,0.8378711954312728f,0.5458679875817687f,3.363410337270165f,-0.010786518815208956f,0.5458362310640226f,-0.8378224512805039f,2.513641118876774f,0f,0f,0f,1f], start_interpolation: 0, interpolation_duration: 1 }
$data merge entity $(bone_crest_right5) { transformation: [-0.5422342520572868f,0.8341705648129096f,-0.10070493878448097f,0.9395892627533213f,0.7066533989197521f,0.5175865154299893f,0.48243670345466383f,3.8910377960550817f,0.454558015759305f,0.1904302177826636f,-0.8701226019729696f,2.7657722143464745f,0f,0f,0f,1f], start_interpolation: 0, interpolation_duration: 1 }
$data merge entity $(bone_crest_right4) { transformation: [-0.5422342520572868f,0.8341705648129096f,-0.10070493878448097f,0.5322794166532678f,0.7066533989197521f,0.5175865154299893f,0.48243670345466383f,3.6383100053177824f,0.454558015759305f,0.1904302177826636f,-0.8701226019729696f,2.672788709569783f,0f,0f,0f,1f], start_interpolation: 0, interpolation_duration: 1 }
$data merge entity $(bone_crest_right1) { transformation: [-0.5422342520572868f,0.8341705648129096f,-0.10070493878448097f,0.07932135260412296f,0.7066533989197521f,0.5175865154299893f,0.48243670345466383f,3.3838659151676254f,0.454558015759305f,0.1904302177826636f,-0.8701226019729696f,2.5280203991409613f,0f,0f,0f,1f], start_interpolation: 0, interpolation_duration: 1 }
$data merge entity $(bone_head1) { transformation: [-0.9999418238136902f,-0.005888015318670994f,0.009037713414241044f,-0.007316938076727794f,0f,0.8378711954312728f,0.5458679875817687f,3.8741662143906166f,-0.010786518815208956f,0.5458362310640226f,-0.8378224512805039f,1.5060966632877348f,0f,0f,0f,1f], start_interpolation: 0, interpolation_duration: 1 }
$data merge entity $(bone_neck10) { transformation: [-1.3020075830907425f,-0.006794037631138362f,0.012292337910843838f,0.00347956397408995f,0f,1.13960195327446f,0.6298637908607543f,3.981063579396566f,-0.014044946373969995f,0.6298271477875075f,-1.1395356555789073f,0.5052293643515111f,0f,0f,0f,1f], start_interpolation: 0, interpolation_duration: 1 }
$data merge entity $(bone_neck9) { transformation: [-0.9999418238136902f,-0.005888015318670994f,0.009037713414241044f,0.01051328882131675f,0f,0.8378711954312728f,0.5458679875817687f,2.890706202990567f,-0.010786518815208956f,0.5458362310640226f,-0.8378224512805039f,-0.14681748898755564f,0f,0f,0f,1f], start_interpolation: 0, interpolation_duration: 1 }
$data merge entity $(bone_neck8) { transformation: [-0.9999418238136902f,0.0017646904286509769f,0.010641186768489894f,0.0089249960569943f,0f,0.9865265106185935f,-0.1636014787424066f,2.252113994729343f,-0.010786518815208956f,-0.16359196103229873f,-0.9864691182685124f,0.0004218929404971039f,0f,0f,0f,1f], start_interpolation: 0, interpolation_duration: 1 }
$data merge entity $(bone_neck7) { transformation: [-0.9999418238136902f,0.004656921412697482f,0.009729443514755428f,0.004908025405600497f,0f,0.9020003285060745f,-0.43173534413449854f,1.525684614890238f,-0.010786518815208956f,-0.4317102274186817f,-0.9019478535669119f,0.3728068141717289f,0f,0f,0f,1f], start_interpolation: 0, interpolation_duration: 1 }
$data merge entity $(bone_neck6) { transformation: [-0.9999418238136902f,0.0030085787965689077f,0.010358447845874051f,0.0026065314809393114f,0f,0.9603142611005022f,-0.27892027521676604f,0.75906779210854f,-0.010786518815208956f,-0.27890404869886953f,-0.9602583936791326f,0.586162028393107f,0f,0f,0f,1f], start_interpolation: 0, interpolation_duration: 1 }
$data merge entity $(bone_neck_spine6) { transformation: [-1.1002272905801143f,0.09991000188759805f,0.06678007264837861f,-0.0017954741786597311f,0.0398601559876813f,-0.2768135263586463f,1.0708534526754305f,0.5034928369981394f,0.11336998961250852f,1.066927336169185f,0.27157868529681867f,-1.6767175316089182f,0f,0f,0f,1f], start_interpolation: 0, interpolation_duration: 1 }
$data merge entity $(bone_neck_spine7) { transformation: [-0.991551803067522f,0.12813409732714495f,-0.020166182973090516f,-0.3739529716054424f,0.02345186231178923f,0.33000074594335727f,0.9436893121313482f,0.9683726304201044f,0.12757363359117477f,0.9352439044329485f,-0.33021781786172477f,-4.896173890443428f,0f,0f,0f,1f], start_interpolation: 0, interpolation_duration: 1 }
$data merge entity $(bone_tail6) { transformation: [-1.3925418021018952f,-0.40590064091315287f,-0.37184174159059313f,0.03872243969561209f,-0.543292323765421f,1.1762695133923764f,0.7506115936256645f,-1.1609955595879582f,0.08862878776336083f,0.8329639747636042f,-1.2411729276815717f,-7.458329366924045f,0f,0f,0f,1f], start_interpolation: 0, interpolation_duration: 1 }
$data merge entity $(bone_tail5) { transformation: [-1.1503606191276528f,-0.3353092251021698f,-0.3071736126183161f,-0.17305180773733747f,-0.448806702241f,0.9717009023676153f,0.6200704469081577f,-0.5472897265136741f,0.07321508554364592f,0.6881006748047166f,-1.0253167663456464f,-7.023739467047381f,0f,0f,0f,1f], start_interpolation: 0, interpolation_duration: 1 }
$data merge entity $(bone_tail4) { transformation: [-0.9299757426210918f,-0.27107103671417515f,-0.24832561525354396f,-0.27893893145381216f,-0.3628247866537768f,0.7855434663350827f,0.5012780033952264f,-0.24043680997653247f,0.05918861652370533f,0.5562750718421288f,-0.828887659529954f,-6.80644451710905f,0f,0f,0f,1f], start_interpolation: 0, interpolation_duration: 1 }
$data merge entity $(bone_segment18) { transformation: [-0.9299757426210918f,-0.2430794464240673f,-0.2757852440985881f,-0.3976300674030638f,-0.3628247866537768f,0.7276828784861668f,0.5820960423742189f,0.11487709553429112f,0.05918861652370533f,0.6413969216360927f,-0.7649226736015572f,-6.493262426466426f,0f,0f,0f,1f], start_interpolation: 0, interpolation_duration: 1 }
$data merge entity $(bone_segment17) { transformation: [-0.9952648029814254f,-0.09503797789745194f,0.02039006384266883f,-0.45795690884187606f,-0.018673421413942973f,0.3928135498880063f,0.9194285281396702f,0.36422163403742014f,-0.09539012149610651f,0.9146941006596395f,-0.3927281845493291f,-5.912646053977397f,0f,0f,0f,1f], start_interpolation: 0, interpolation_duration: 1 }
$data merge entity $(bone_segment16) { transformation: [-0.998374018061377f,0.05682279071799945f,0.004526645004854217f,-0.41078955326541167f,0.017879570211372077f,0.2367588335809751f,0.9714039199480478f,0.560749962693503f,0.054126158454467846f,0.9699053691862908f,-0.2373898350700116f,-5.107548823695808f,0f,0f,0f,1f], start_interpolation: 0, interpolation_duration: 1 }
$data merge entity $(bone_segment15) { transformation: [-0.991551803067522f,0.12898742605698438f,0.01368450776390611f,-0.2785270558436992f,0.02345186231178923f,0.07451147656205612f,0.9969443565288142f,0.6371533322151426f,0.12757363359117477f,0.9888429014660198f,-0.07690698429017068f,-4.093598582934752f,0f,0f,0f,1f], start_interpolation: 0, interpolation_duration: 1 }
$data merge entity $(bone_segment14) { transformation: [-0.9910299383189408f,0.12450805908589407f,0.04855311090157014f,-0.15085765932007741f,0.022590761362421746f,-0.20200604538528402f,0.9791236975627058f,0.43001822708374793f,0.13171681311291578f,0.9714377493439621f,0.19738130684772334f,-3.0974954219863537f,0f,0f,0f,1f], start_interpolation: 0, interpolation_duration: 1 }
$data merge entity $(bone_segment13) { transformation: [-0.9940877166653266f,0.07842265438194272f,0.075096596825741f,-0.06844796309897931f,0.0360148232923991f,-0.41432231830775534f,0.909417367909424f,-0.03725686405170987f,0.10243312002636062f,0.9067452254254101f,0.40904834933035444f,-2.1334391034998657f,0f,0f,0f,1f], start_interpolation: 0, interpolation_duration: 1 }
$data merge entity $(bone_segment12) { transformation: [-0.9979295432491047f,0.04472725746153671f,0.046217952687271004f,-0.016033208261240963f,0.041504515671794785f,-0.10111225373530092f,0.9940088970041556f,-0.15574778639776565f,0.04913249321460446f,0.9938690983145304f,0.09904652202868752f,-0.9687487539125249f,0f,0f,0f,1f], start_interpolation: 0, interpolation_duration: 1 }
$data merge entity $(bone_segment11) { transformation: [-1.0349719302198241f,0.011756094021585228f,0.015599994374025034f,0.0036651812904275978f,0.019216404172840727f,0.4643664552502469f,0.9249556675663159f,0.38078877851652215f,0.0035064771181335577f,0.9250805648189452f,-0.4645020076668603f,0.10030977144128228f,0f,0f,0f,1f], start_interpolation: 0, interpolation_duration: 1 }
$data merge entity $(bone_segment10) { transformation: [-0.9999418238136902f,-0.006545265293366197f,0.008573709255060655f,0.0018066980259382175f,0f,0.7948541509955699f,0.606800526239976f,1.1143209253304724f,-0.010786518815208956f,0.6067652248995086f,-0.7948079094123925f,0.6603089276330456f,0f,0f,0f,1f], start_interpolation: 0, interpolation_duration: 1 }