# This file was generated by Animated Java via MC-Build. It is not recommended to edit this file directly.
$data merge entity $(bone_neck_spine5) { transformation: [-1.3668361960425688f,-0.009922396316024991f,0.029360166816262984f,0.1131784312602552f,0f,1.2952211860599292f,0.43772564391152713f,3.772402421022361f,-0.030991504386380733f,0.4376131686650994f,-1.2948883741168622f,-0.33857272947320294f,0f,0f,0f,1f], start_interpolation: 0, interpolation_duration: 1 }
$data merge entity $(bone_neck_spine2) { transformation: [-1.3017487581357794f,-0.010260315849006166f,0.027674962603022317f,-0.024684222022627454f,0f,1.2208785498792063f,0.452632934494708f,4.638361542197871f,-0.029515718463219737f,0.4525166287640371f,-1.2205648405554188f,1.43356648674281f,0f,0f,0f,1f], start_interpolation: 0, interpolation_duration: 1 }
$data merge entity $(bone_scale_neck_left1) { transformation: [-1.387056577742367f,0.34131099099822954f,0.10507271752561079f,0.6655367102106624f,0.3277913810459283f,1.0495534626127372f,0.9178506185825633f,3.9133428155924164f,0.14172607048956606f,0.9129094998652373f,-1.0945178776073814f,1.1490329173283638f,0f,0f,0f,1f], start_interpolation: 0, interpolation_duration: 1 }
$data merge entity $(bone_scale_neck_right1) { transformation: [-1.3792074608683897f,-0.3823373929031729f,-0.05535626681551932f,-0.7012994858319062f,-0.3277913810459283f,1.0495534626127372f,0.9178506185825633f,3.9133428155924164f,-0.2044480589287883f,0.8965015702765924f,-1.098155428022205f,1.1180414129419831f,0f,0f,0f,1f], start_interpolation: 0, interpolation_duration: 1 }
$data merge entity $(bone_blush_right1) { transformation: [-0.9997430462482787f,-0.012568334043252988f,0.018864741121712526f,-0.615597787695609f,0f,0.8322164013333772f,0.5544509548659137f,3.143253613767071f,-0.02266807177975276f,0.5543084866129154f,-0.8320025602068105f,2.0771965827252425f,0f,0f,0f,1f], start_interpolation: 0, interpolation_duration: 1 }
$data merge entity $(bone_blush_left1) { transformation: [-0.9997430462482787f,-0.012568334043252988f,0.018864741121712526f,0.5364498632545559f,0f,0.8322164013333772f,0.5544509548659137f,3.143253613767071f,-0.02266807177975276f,0.5543084866129154f,-0.8320025602068105f,2.103317993565192f,0f,0f,0f,1f], start_interpolation: 0, interpolation_duration: 1 }
$data merge entity $(bone_left_head_scales) { transformation: [-0.8954936804688078f,-0.012568334043252988f,-0.44489673545644937f,0.5446829420894852f,-0.25601695951617603f,0.8322164013333772f,0.4918040034320747f,3.861025581608638f,0.36406920314759034f,0.5543084866129154f,-0.7484622348444696f,2.1710194593306307f,0f,0f,0f,1f], start_interpolation: 0, interpolation_duration: 1 }
$data merge entity $(bone_left_head_scales2) { transformation: [-0.8297619310832585f,-0.012568334043252988f,-0.5579759624789933f,0.5517385632480257f,-0.31802000282342546f,0.8322164013333772f,0.4541796331363967f,3.1296381164752507f,0.4586484661798949f,0.5543084866129154f,-0.694538469877464f,1.8598413291945848f,0f,0f,0f,1f], start_interpolation: 0, interpolation_duration: 1 }
$data merge entity $(bone_left_head_scales1) { transformation: [-0.9997430462482787f,-0.012568334043252988f,0.018864741121712526f,0.5459103184608967f,0f,0.8322164013333772f,0.5544509548659137f,3.7797544486659254f,-0.02266807177975276f,0.5543084866129154f,-0.8320025602068105f,2.116887771184838f,0f,0f,0f,1f], start_interpolation: 0, interpolation_duration: 1 }
$data merge entity $(bone_right_head_scales) { transformation: [-0.8780721443648305f,-0.012568334043252988f,0.47836319493657276f,-0.6268909402327163f,0.25601695951617603f,0.8322164013333772f,0.4918040034320747f,3.861025581608638f,-0.4042828536193948f,0.5543084866129154f,-0.7275283334264435f,2.144455312713733f,0f,0f,0f,1f], start_interpolation: 0, interpolation_duration: 1 }
$data merge entity $(bone_right_head_scales2) { transformation: [-0.8081211891127047f,-0.012568334043252988f,0.5888821449886601f,-0.6198353190741758f,0.31802000282342546f,0.8322164013333772f,0.4541796331363967f,3.1296381164752507f,-0.4957856608568431f,0.5543084866129154f,-0.6685347262167035f,1.833277182577687f,0f,0f,0f,1f], start_interpolation: 0, interpolation_duration: 1 }
$data merge entity $(bone_right_head_scales1) { transformation: [-0.9997430462482787f,-0.012568334043252988f,0.018864741121712526f,-0.6256635638613048f,0f,0.8322164013333772f,0.5544509548659137f,3.7797544486659254f,-0.02266807177975276f,0.5543084866129154f,-0.8320025602068105f,2.09032362456794f,0f,0f,0f,1f], start_interpolation: 0, interpolation_duration: 1 }
$data merge entity $(bone_head_left_fin1) { transformation: [-0.7095895879964158f,0.015123729986198623f,-0.7044529007665322f,0.5518946649372289f,-0.16358372926567127f,0.9689175252136469f,0.18557799668440622f,3.5155969877282987f,0.6853633927535177f,0.24692124680789718f,-0.685059791367309f,1.8529566863451707f,0f,0f,0f,1f], start_interpolation: 0, interpolation_duration: 1 }
$data merge entity $(bone_head_right_fin1) { transformation: [-0.6777966057048816f,-0.026299768222080595f,0.7347789351134163f,-0.6196792173849726f,0.16358372926567127f,0.9689175252136469f,0.18557799668440622f,3.5155969877282987f,-0.7168208456891281f,0.2459820146379137f,-0.6524267956331933f,1.826392539728273f,0f,0f,0f,1f], start_interpolation: 0, interpolation_duration: 1 }
$data merge entity $(bone_right_whisker16) { transformation: [0.26006831022758264f,0.925341863673627f,-0.27587480738260306f,-1.0726765927948785f,0.9648860149495743f,-0.25995579892130655f,0.037655819761556825f,1.1458427887074074f,-0.03687074951908902f,-0.2759808289360038f,-0.9604556886653839f,1.5900960234116432f,0f,0f,0f,1f], start_interpolation: 0, interpolation_duration: 1 }
$data merge entity $(bone_right_whisker15) { transformation: [-0.8834797095021731f,0.3786247397484312f,-0.27587480738260306f,-0.8138446466516637f,0.38367473848260036f,0.9227002407544895f,0.037655819761556825f,1.033438080167583f,0.2688071761472596f,-0.07257804187245163f,-0.9604556886653839f,1.5113439210247508f,0f,0f,0f,1f], start_interpolation: 0, interpolation_duration: 1 }
$data merge entity $(bone_right_whisker14) { transformation: [-0.7165252091117146f,-0.6406908110461902f,-0.27587480738260306f,-0.6039251517947161f,-0.6741024622450517f,0.7376773750314181f,0.037655819761556825f,1.2309290359034382f,0.17938086604365577f,0.21294923105691463f,-0.9604556886653839f,1.4587909329260236f,0f,0f,0f,1f], start_interpolation: 0, interpolation_duration: 1 }
$data merge entity $(bone_right_whisker13) { transformation: [-0.08883282156362166f,-0.9949064558329619f,-0.04764319421428603f,-0.5778999111022488f,-0.9682109073615419f,0.07502244106367349f,0.2386195134581142f,1.5145845751695148f,-0.2338297856971717f,0.06732590496043889f,-0.9699437374621647f,1.527295752954492f,0f,0f,0f,1f], start_interpolation: 0, interpolation_duration: 1 }
$data merge entity $(bone_right_whisker12) { transformation: [0.07719892995765494f,-0.9966422373563616f,-0.027286918673584324f,-0.6080557431169578f,-0.8930652372504913f,-0.0812917137153841f,0.44252247321005056f,1.863438183470488f,-0.44325478816152336f,-0.00979326291497152f,-0.8963421694717711f,1.700442154580087f,0f,0f,0f,1f], start_interpolation: 0, interpolation_duration: 1 }
$data merge entity $(bone_right_whisker11) { transformation: [0.29560439619359796f,-0.9553063099347903f,-0.002809830918894682f,-0.723526210380082f,-0.9438620771345086f,-0.2925146218139872f,0.15349128761057104f,2.2321343073511555f,-0.14745311220299592f,-0.042720606547596074f,-0.9881460061538762f,1.7580410265343822f,0f,0f,0f,1f], start_interpolation: 0, interpolation_duration: 1 }
$data merge entity $(bone_right_whisker10) { transformation: [0.06828458910881598f,-0.991624196449065f,0.10962968533652925f,-0.7501998780007133f,-0.9929225339087652f,-0.0782510279448726f,-0.0893399030767773f,2.6199946721592666f,0.09717024517020295f,-0.1027532463833481f,-0.9899493491140068f,1.7200838995147716f,0f,0f,0f,1f], start_interpolation: 0, interpolation_duration: 1 }
$data merge entity $(bone_right_whisker1) { transformation: [-0.33608830347794194f,-0.9384894815863495f,0.07925998496784994f,-0.6189153844546422f,-0.9232996975906638f,0.3449184488334709f,0.16896429233214139f,2.9806586165306195f,-0.18590944218707084f,-0.016393797793596038f,-0.9824301108473797f,1.7927047753690961f,0f,0f,0f,1f], start_interpolation: 0, interpolation_duration: 1 }
$data merge entity $(bone_left_whisker16) { transformation: [0.2581298943824456f,-0.9118822141124612f,0.31912346389988727f,1.015136522764304f,-0.9648860149495743f,-0.25995579892130655f,0.037655819761556825f,1.1458427887074074f,0.0486203227142417f,-0.3176378601372017f,-0.9469647585980284f,1.6374348848759037f,0f,0f,0f,1f], start_interpolation: 0, interpolation_duration: 1 }
$data merge entity $(bone_left_whisker15) { transformation: [-0.8703882231480677f,-0.3749460705137292f,0.31912346389988727f,0.7601399730138937f,-0.38367473848260036f,0.9227002407544895f,0.037655819761556825f,1.033438080167583f,-0.30857419862240165f,-0.08966442950200545f,-0.9469647585980284f,1.547032287623247f,0f,0f,0f,1f], start_interpolation: 0, interpolation_duration: 1 }
$data merge entity $(bone_left_whisker14) { transformation: [-0.707658501331798f,0.6303805678170693f,0.31912346389988727f,0.5528181464518435f,0.6741024622450517f,0.7376773750314181f,0.037655819761556825f,1.2309290359034382f,-0.21167266211769492f,0.2417693737539675f,-0.9469647585980284f,1.4850188123934536f,0f,0f,0f,1f], start_interpolation: 0, interpolation_duration: 1 }
$data merge entity $(bone_left_whisker13) { transformation: [-0.09933974636829189f,0.990832494831644f,0.09155644148383829f,0.523714705133008f,0.9682109073615419f,0.07502244106367349f,0.2386195134581142f,1.5145845751695148f,0.22956318009999543f,0.11235034722931526f,-0.9667875391314418f,1.552273650313374f,0f,0f,0f,1f], start_interpolation: 0, interpolation_duration: 1 }
$data merge entity $(bone_left_whisker12) { transformation: [0.05702929482809011f,0.9960618798042262f,0.067885131894119f,0.5459917734252308f,0.8930652372504913f,-0.0812917137153841f,0.44252247321005056f,1.863438183470488f,0.4462982652286861f,0.035389106828050694f,-0.8941842481120867f,1.7266089101683295f,0f,0f,0f,1f], start_interpolation: 0, interpolation_duration: 1 }
$data merge entity $(bone_left_whisker11) { transformation: [0.2886173708550413f,0.9562608478084693f,0.04759416129475463f,0.6587329339154813f,0.9438620771345086f,-0.2925146218139872f,0.15349128761057104f,2.2321343073511555f,0.1606996969133873f,0.0006220720598239526f,-0.9870031511795175f,1.7893822292751214f,0f,0f,0f,1f], start_interpolation: 0, interpolation_duration: 1 }
$data merge entity $(bone_left_whisker10) { transformation: [0.07261860642057436f,0.9952623600898483f,-0.06464806717852659f,0.6870995770485181f,0.9929225339087652f,-0.0782510279448726f,-0.0893399030767773f,2.6199946721592666f,-0.0939754204977605f,-0.05770278341602195f,-0.9939009050847638f,1.7526730806431836f,0f,0f,0f,1f], start_interpolation: 0, interpolation_duration: 1 }
$data merge entity $(bone_left_whisker1) { transformation: [-0.3441691627032545f,0.9382680525354558f,-0.034650382905018276f,0.5526584978675593f,0.9232996975906638f,0.3449184488334709f,0.16896429233214139f,2.9806586165306195f,0.17048535383759444f,0.026159610961096896f,-0.985012902900888f,1.8192689219859939f,0f,0f,0f,1f], start_interpolation: 0, interpolation_duration: 1 }
$data merge entity $(bone_upper_left_tooth1) { transformation: [-0.9997430462482787f,-0.010876337213529473f,0.01988835757496374f,0.21551634569676334f,0f,0.8773731514617896f,0.4798086630043352f,2.8487965105325914f,-0.02266807177975276f,0.4796853743682679f,-0.8771477071388619f,2.6871150017528604f,0f,0f,0f,1f], start_interpolation: 0, interpolation_duration: 1 }
$data merge entity $(bone_upper_right_tooth1) { transformation: [-0.9997430462482787f,-0.010876337213529473f,0.01988835757496374f,-0.3702705954643375f,0f,0.8773731514617896f,0.4798086630043352f,2.8487965105325914f,-0.02266807177975276f,0.4796853743682679f,-0.8771477071388619f,2.6738329284444116f,0f,0f,0f,1f], start_interpolation: 0, interpolation_duration: 1 }
$data merge entity $(bone_top_lip1) { transformation: [-0.9997430462482787f,-0.0008600278667680802f,0.02265175115262407f,-0.05413737978564888f,0f,0.99928001696451f,0.0379400539721364f,2.943045579537276f,-0.02266807177975276f,0.03793030513292778f,-0.9990232482151309f,2.7325560942283103f,0f,0f,0f,1f], start_interpolation: 0, interpolation_duration: 1 }
$data merge entity $(bone_muzzle1) { transformation: [-0.9997430462482787f,-0.010876337213529473f,0.01988835757496374f,-0.046019481147511726f,0f,0.8773731514617896f,0.4798086630043352f,3.305848611003522f,-0.02266807177975276f,0.4796853743682679f,-0.8771477071388619f,2.3745277276128895f,0f,0f,0f,1f], start_interpolation: 0, interpolation_duration: 1 }
$data merge entity $(bone_jaw_right_tooth1) { transformation: [-0.9997430462482787f,0.002674898302155583f,0.022509695628443065f,-0.3701686612482825f,0f,0.9930132499645973f,-0.11800290417929642f,2.7695137288171883f,-0.02266807177975276f,-0.11797258289035345f,-0.9927580914845099f,2.669337264910877f,0f,0f,0f,1f], start_interpolation: 0, interpolation_duration: 1 }
$data merge entity $(bone_jaw_left_tooth1) { transformation: [-0.9997430462482787f,0.002674898302155583f,0.022509695628443065f,0.26443385834291006f,0f,0.9930132499645973f,-0.11800290417929642f,2.7695137288171883f,-0.02266807177975276f,-0.11797258289035345f,-0.9927580914845099f,2.6837261776616965f,0f,0f,0f,1f], start_interpolation: 0, interpolation_duration: 1 }
$data merge entity $(bone_tongue1) { transformation: [-0.9997430462482787f,-0.0052174278507959694f,0.022059463384991082f,-0.03714991280173564f,0f,0.9731512940017556f,0.23016637239768262f,2.9193725255630567f,-0.02266807177975276f,0.23010723028477498f,-0.9729012391257693f,1.983348038265258f,0f,0f,0f,1f], start_interpolation: 0, interpolation_duration: 1 }
$data merge entity $(bone_jaw_lips1) { transformation: [-0.9997430462482787f,-0.0052174278507959694f,0.022059463384991082f,-0.004982350167276956f,0f,0.9731512940017556f,0.23016637239768262f,2.630265899274059f,-0.02266807177975276f,0.23010723028477498f,-0.9729012391257693f,2.718691922094523f,0f,0f,0f,1f], start_interpolation: 0, interpolation_duration: 1 }
$data merge entity $(bone_jaw3) { transformation: [-0.9997430462482787f,-0.0012745070392343964f,0.02263221398844942f,0.012792415093020277f,0f,0.9984181366791255f,0.056224766341740506f,2.6010648576028226f,-0.02266807177975276f,0.05621031917708941f,-0.998161589393119f,1.9347611960788211f,0f,0f,0f,1f], start_interpolation: 0, interpolation_duration: 1 }
$data merge entity $(bone_jaw1) { transformation: [-0.9997430462482787f,-0.016904604554610257f,0.015102179414384992f,0.02459099276050855f,0f,0.666231321354573f,0.7457451484563208f,3.183678254834323f,-0.02266807177975276f,0.745553526442597f,-0.6660601307170366f,1.4144017189561362f,0f,0f,0f,1f], start_interpolation: 0, interpolation_duration: 1 }
$data merge entity $(bone_tear_right1) { transformation: [-0.9997430462482787f,-0.012568334043252988f,0.018864741121712526f,-0.5727360604531079f,0f,0.8322164013333772f,0.5544509548659137f,3.3789715381115526f,-0.02266807177975276f,0.5543084866129154f,-0.8320025602068105f,2.3408895556960636f,0f,0f,0f,1f], start_interpolation: 0, interpolation_duration: 1 }
$data merge entity $(bone_right_pupil1) { transformation: [-0.9997430462482787f,-0.012568334043252988f,0.018864741121712526f,-0.41397769635001885f,0f,0.8322164013333772f,0.5544509548659137f,3.4277553104175906f,-0.02266807177975276f,0.5543084866129154f,-0.8320025602068105f,2.447423956930025f,0f,0f,0f,1f], start_interpolation: 0, interpolation_duration: 1 }
$data merge entity $(bone_right_sad_pupil1) { transformation: [-0.9997430462482787f,-0.012568334043252988f,0.018864741121712526f,-0.41379347036250214f,0f,0.8322164013333772f,0.5544509548659137f,3.4331698705237033f,-0.02266807177975276f,0.5543084866129154f,-0.8320025602068105f,2.4392989319280054f,0f,0f,0f,1f], start_interpolation: 0, interpolation_duration: 1 }
$data merge entity $(bone_right_happy_pupil1) { transformation: [-0.9997430462482787f,-0.012568334043252988f,0.018864741121712526f,-0.43789410699259756f,0f,0.8322164013333772f,0.5544509548659137f,3.4128523473556505f,-0.02266807177975276f,0.5543084866129154f,-0.8320025602068105f,2.4252127704755466f,0f,0f,0f,1f], start_interpolation: 0, interpolation_duration: 1 }
$data merge entity $(bone_eyelid_right1) { transformation: [-0.9997430462482787f,-0.012568334043252988f,0.018864741121712526f,-0.02808821646955189f,0f,0.8322164013333772f,0.5544509548659137f,3.663262309357969f,-0.02266807177975276f,0.5543084866129154f,-0.8320025602068105f,2.0145045085441544f,0f,0f,0f,1f], start_interpolation: 0, interpolation_duration: 1 }
$data merge entity $(bone_eyelid_expressions_right5) { transformation: [-0.9997430462482787f,-0.012568334043252988f,0.018864741121712526f,-0.5272963647034226f,0f,0.8322164013333772f,0.5544509548659137f,3.5144410034664157f,-0.02266807177975276f,0.5543084866129154f,-0.8320025602068105f,2.4908848964401176f,0f,0f,0f,1f], start_interpolation: 0, interpolation_duration: 1 }
$data merge entity $(bone_eyelid_expressions_right7) { transformation: [-0.9997430462482787f,-0.012568334043252988f,0.018864741121712526f,-0.23440289412287219f,0f,0.8322164013333772f,0.5544509548659137f,3.5144410034664157f,-0.02266807177975276f,0.5543084866129154f,-0.8320025602068105f,2.497525933094342f,0f,0f,0f,1f], start_interpolation: 0, interpolation_duration: 1 }
$data merge entity $(bone_eyelid_expressions_right6) { transformation: [-0.9997430462482787f,-0.012568334043252988f,0.018864741121712526f,-0.33203405098305566f,0f,0.8322164013333772f,0.5544509548659137f,3.5144410034664157f,-0.02266807177975276f,0.5543084866129154f,-0.8320025602068105f,2.4953122542096002f,0f,0f,0f,1f], start_interpolation: 0, interpolation_duration: 1 }
$data merge entity $(bone_right_eye1) { transformation: [-0.9997430462482787f,-0.012568334043252988f,0.018864741121712526f,-0.03803555814308696f,0f,0.8322164013333772f,0.5544509548659137f,3.6578477492518564f,-0.02266807177975276f,0.5543084866129154f,-0.8320025602068105f,2.0224081656577f,0f,0f,0f,1f], start_interpolation: 0, interpolation_duration: 1 }
$data merge entity $(bone_tear_left1) { transformation: [-0.9997430462482787f,-0.012568334043252988f,0.018864741121712526f,0.4816804336368736f,0f,0.8322164013333772f,0.5544509548659137f,3.3789715381115526f,-0.02266807177975276f,0.5543084866129154f,-0.8320025602068105f,2.3647972876512715f,0f,0f,0f,1f], start_interpolation: 0, interpolation_duration: 1 }
$data merge entity $(bone_left_sad_pupil1) { transformation: [-0.9997430462482787f,-0.012568334043252988f,0.018864741121712526f,0.3184402060888739f,0f,0.8322164013333772f,0.5544509548659137f,3.4331698705237033f,-0.02266807177975276f,0.5543084866129154f,-0.8320025602068105f,2.4559015235635666f,0f,0f,0f,1f], start_interpolation: 0, interpolation_duration: 1 }
$data merge entity $(bone_left_pupil1) { transformation: [-0.9997430462482787f,-0.012568334043252988f,0.018864741121712526f,0.3182559801013572f,0f,0.8322164013333772f,0.5544509548659137f,3.4277553104175906f,-0.02266807177975276f,0.5543084866129154f,-0.8320025602068105f,2.464026548565586f,0f,0f,0f,1f], start_interpolation: 0, interpolation_duration: 1 }
$data merge entity $(bone_eyelid_left1) { transformation: [-0.9997430462482787f,-0.012568334043252988f,0.018864741121712526f,-0.04761444784158859f,0f,0.8322164013333772f,0.5544509548659137f,3.663262309357969f,-0.02266807177975276f,0.5543084866129154f,-0.8320025602068105f,2.014061772767206f,0f,0f,0f,1f], start_interpolation: 0, interpolation_duration: 1 }
$data merge entity $(bone_left_happy_pupil1) { transformation: [-0.9997430462482787f,-0.012568334043252988f,0.018864741121712526f,0.34315514788887014f,0f,0.8322164013333772f,0.5544509548659137f,3.4128523473556505f,-0.02266807177975276f,0.5543084866129154f,-0.8320025602068105f,2.442922201553478f,0f,0f,0f,1f], start_interpolation: 0, interpolation_duration: 1 }
$data merge entity $(bone_eyelid_expressions_left5) { transformation: [-0.9997430462482787f,-0.012568334043252988f,0.018864741121712526f,0.4294889725263754f,0f,0.8322164013333772f,0.5544509548659137f,3.5144410034664157f,-0.02266807177975276f,0.5543084866129154f,-0.8320025602068105f,2.512578949510584f,0f,0f,0f,1f], start_interpolation: 0, interpolation_duration: 1 }
$data merge entity $(bone_eyelid_expressions_left7) { transformation: [-0.9997430462482787f,-0.012568334043252988f,0.018864741121712526f,0.13659550194582504f,0f,0.8322164013333772f,0.5544509548659137f,3.5144410034664157f,-0.02266807177975276f,0.5543084866129154f,-0.8320025602068105f,2.5059379128563593f,0f,0f,0f,1f], start_interpolation: 0, interpolation_duration: 1 }
$data merge entity $(bone_eyelid_expressions_left6) { transformation: [-0.9997430462482787f,-0.012568334043252988f,0.018864741121712526f,0.23422665880600851f,0f,0.8322164013333772f,0.5544509548659137f,3.5144410034664157f,-0.02266807177975276f,0.5543084866129154f,-0.8320025602068105f,2.508151591741101f,0f,0f,0f,1f], start_interpolation: 0, interpolation_duration: 1 }
$data merge entity $(bone_left_eye1) { transformation: [-0.9997430462482787f,-0.012568334043252988f,0.018864741121712526f,-0.03803555814308696f,0f,0.8322164013333772f,0.5544509548659137f,3.6578477492518564f,-0.02266807177975276f,0.5543084866129154f,-0.8320025602068105f,2.0224081656577f,0f,0f,0f,1f], start_interpolation: 0, interpolation_duration: 1 }
$data merge entity $(bone_crest_middle5) { transformation: [-0.9997430462482787f,-0.008187337057151706f,0.021137856800645945f,-0.06100057808195828f,0f,0.932494700300287f,0.3611836567618725f,4.430777595011991f,-0.02266807177975276f,0.3610908492662071f,-0.9322550922885845f,3.0352476878682695f,0f,0f,0f,1f], start_interpolation: 0, interpolation_duration: 1 }
$data merge entity $(bone_crest_middle4) { transformation: [-0.9997430462482787f,-0.008187337057151706f,0.021137856800645945f,-0.056203310275033454f,0f,0.932494700300287f,0.3611836567618725f,3.884393981554791f,-0.02266807177975276f,0.3610908492662071f,-0.9322550922885845f,2.823671018376351f,0f,0f,0f,1f], start_interpolation: 0, interpolation_duration: 1 }
$data merge entity $(bone_crest_middle1) { transformation: [-0.9997430462482787f,-0.008187337057151706f,0.021137856800645945f,-0.05415354889656115f,0f,0.932494700300287f,0.3611836567618725f,3.44815227748151f,-0.02266807177975276f,0.3610908492662071f,-0.9322550922885845f,2.733269209854359f,0f,0f,0f,1f], start_interpolation: 0, interpolation_duration: 1 }
$data merge entity $(bone_crest_left5) { transformation: [-0.5265615217764622f,-0.8401941021039812f,0.12964117622939517f,-1.0158049416614763f,-0.7018841939497538f,0.515694492050733f,0.4913428224285372f,3.919042224589388f,-0.4796785820400582f,0.16772913181144566f,-0.8612638366225636f,2.775869452611361f,0f,0f,0f,1f], start_interpolation: 0, interpolation_duration: 1 }
$data merge entity $(bone_crest_left4) { transformation: [-0.5265615217764622f,-0.8401941021039812f,0.12964117622939517f,-0.6055539152435168f,-0.7018841939497538f,0.515694492050733f,0.4913428224285372f,3.667238273392741f,-0.4796785820400582f,0.16772913181144566f,-0.8612638366225636f,2.6939704624690535f,0f,0f,0f,1f], start_interpolation: 0, interpolation_duration: 1 }
$data merge entity $(bone_crest_left1) { transformation: [-0.5265615217764622f,-0.8401941021039812f,0.12964117622939517f,-0.1479476506256853f,-0.7018841939497538f,0.515694492050733f,0.4913428224285372f,3.414245275827823f,-0.4796785820400582f,0.16772913181144566f,-0.8612638366225636f,2.5618276750399294f,0f,0f,0f,1f], start_interpolation: 0, interpolation_duration: 1 }
$data merge entity $(bone_crest_center1) { transformation: [-0.9997430462482787f,-0.012568334043252988f,0.018864741121712526f,-0.05000965360025336f,0f,0.8322164013333772f,0.5544509548659137f,3.39392775265977f,-0.02266807177975276f,0.5543084866129154f,-0.8320025602068105f,2.550508605109625f,0f,0f,0f,1f], start_interpolation: 0, interpolation_duration: 1 }
$data merge entity $(bone_crest_right5) { transformation: [-0.5477615726168591f,0.8317284108719087f,-0.09047159837647598f,0.9045787366633613f,0.7018841939497538f,0.515694492050733f,0.4913428224285372f,3.919042224589388f,0.45531948986158055f,0.2056381322056431f,-0.8662546512055012f,2.8194120361064825f,0f,0f,0f,1f], start_interpolation: 0, interpolation_duration: 1 }
$data merge entity $(bone_crest_right4) { transformation: [-0.5477615726168591f,0.8317284108719087f,-0.09047159837647598f,0.4984613485423121f,0.7018841939497538f,0.515694492050733f,0.4913428224285372f,3.667238273392741f,0.45531948986158055f,0.2056381322056431f,-0.8662546512055012f,2.719002791865446f,0f,0f,0f,1f], start_interpolation: 0, interpolation_duration: 1 }
$data merge entity $(bone_crest_right1) { transformation: [-0.5477615726168591f,0.8317284108719087f,-0.09047159837647598f,0.047314663094681644f,0.7018841939497538f,0.515694492050733f,0.4913428224285372f,3.414245275827823f,0.45531948986158055f,0.2056381322056431f,-0.8662546512055012f,2.566255032809412f,0f,0f,0f,1f], start_interpolation: 0, interpolation_duration: 1 }
$data merge entity $(bone_head1) { transformation: [-0.9997430462482787f,-0.012568334043252988f,0.018864741121712526f,-0.027289440643961434f,0f,0.8322164013333772f,0.5544509548659137f,3.9150129886166845f,-0.02266807177975276f,0.5543084866129154f,-0.8320025602068105f,1.548465946473724f,0f,0f,0f,1f], start_interpolation: 0, interpolation_duration: 1 }
$data merge entity $(bone_neck10) { transformation: [-1.3017487581357794f,-0.01378484491297426f,0.026098959502733027f,-0.0045584785243718735f,0f,1.1513533112262662f,0.6081172252721979f,4.002890518255246f,-0.029515718463219737f,0.607960967269678f,-1.15105746667339f,0.5459492112880303f,0f,0f,0f,1f], start_interpolation: 0, interpolation_duration: 1 }
$data merge entity $(bone_neck9) { transformation: [-0.9997430462482787f,-0.012568334043252988f,0.018864741121712526f,0.010476284366393031f,0f,0.8322164013333772f,0.5544509548659137f,2.919292989469419f,-0.02266807177975276f,0.5543084866129154f,-0.8320025602068105f,-0.11713760959717456f,0f,0f,0f,1f], start_interpolation: 0, interpolation_duration: 1 }
$data merge entity $(bone_neck8) { transformation: [-0.9997430462482787f,0.0034784865194838624f,0.0223995894994929f,0.007287417169950372f,0f,0.9881559277353413f,-0.15345312796260252f,2.2792210702300406f,-0.02266807177975276f,-0.1534136976056592f,-0.987902017362424f,0.023502839931504427f,0f,0f,0f,1f], start_interpolation: 0, interpolation_duration: 1 }
$data merge entity $(bone_neck7) { transformation: [-0.9997430462482787f,0.009815767623604416f,0.02043262548404935f,-0.0011778054904210324f,0f,0.9013834825730469f,-0.4330217284900213f,1.553323717274087f,-0.02266807177975276f,-0.4329104619323089f,-0.90115186870546f,0.39684943826056485f,0f,0f,0f,1f], start_interpolation: 0, interpolation_duration: 1 }
$data merge entity $(bone_neck6) { transformation: [-0.9997430462482787f,0.006611752851757311f,0.0216823938355363f,-0.006245299060691954f,0f,0.9565169038728353f,-0.29167689762050963f,0.7896146201436247f,-0.02266807177975276f,-0.2916019501473756f,-0.9562711232658002f,0.6203440304786539f,0f,0f,0f,1f], start_interpolation: 0, interpolation_duration: 1 }
$data merge entity $(bone_neck_spine6) { transformation: [-1.1002308641077543f,0.10546893371672325f,0.057532835865468666f,0.039339147999171944f,0.02942848855799735f,-0.2772729426469329f,1.0710720595993828f,0.4884622569466454f,0.11648041570692191f,1.0662728059994446f,0.27283015496857116f,-1.6246512815903236f,0f,0f,0f,1f], start_interpolation: 0, interpolation_duration: 1 }
$data merge entity $(bone_neck_spine7) { transformation: [-0.9781518723277951f,0.1938226013607814f,-0.07517788147698981f,-0.4504276703241482f,-0.010813163869917024f,0.31369711024003033f,0.949461530823749f,0.9801907926305844f,0.20761018796954794f,0.9295304848302681f,-0.30474758017489667f,-4.816755593914683f,0f,0f,0f,1f], start_interpolation: 0, interpolation_duration: 1 }
$data merge entity $(bone_tail6) { transformation: [-1.4076259999423453f,-0.24440550428979793f,-0.44838518646715836f,-0.4215960981894682f,-0.426649438512363f,1.285354973014379f,0.6387700146753278f,-1.2727383864200035f,0.280630687180544f,0.728232671955936f,-1.2779350040563568f,-7.260747866212454f,0f,0f,0f,1f], start_interpolation: 0, interpolation_duration: 1 }
$data merge entity $(bone_tail5) { transformation: [-1.162821478213242f,-0.20190019919592006f,-0.3704051540380874f,-0.5491120134711021f,-0.35244953616238683f,1.0618149777075305f,0.5276795773404882f,-0.6021184004994571f,0.23182535027957987f,0.6015835116157733f,-1.0556854381335123f,-6.880800385191965f,0f,0f,0f,1f], start_interpolation: 0, interpolation_duration: 1 }
$data merge entity $(bone_tail4) { transformation: [-0.9400493634397576f,-0.16322037156049116f,-0.2994433245276327f,-0.6128699711119189f,-0.2849276250239085f,0.8583935819782983f,0.4265872793657841f,-0.2668084075391844f,0.18741249369970245f,0.4863327757062251f,-0.8534383331437235f,-6.690826644681721f,0f,0f,0f,1f], start_interpolation: 0, interpolation_duration: 1 }
$data merge entity $(bone_segment18) { transformation: [-0.9400493634397576f,-0.1266014184765649f,-0.31666903090802495f,-0.6746870699774291f,-0.2849276250239085f,0.8018198786038201f,0.5252629158564217f,0.12470520506033717f,0.18741249369970245f,0.5840008245845861f,-0.7898225079660506f,-6.405669992052529f,0f,0f,0f,1f], start_interpolation: 0, interpolation_duration: 1 }
$data merge entity $(bone_segment17) { transformation: [-0.9962727469449036f,0.05547633977331725f,-0.06605292892984391f,-0.6394725964885071f,-0.03720850005538119f,0.41445794137945013f,0.9093075070355117f,0.3877888592562772f,0.07782121316507634f,0.9083760182616356f,-0.4108489603597069f,-5.82906412108567f,0f,0f,0f,1f], start_interpolation: 0, interpolation_duration: 1 }
$data merge entity $(bone_segment16) { transformation: [-0.9826545685142734f,0.1775218636438065f,-0.05362822863433706f,-0.49211558076855055f,-0.012129949147276907f,0.22703781915131624f,0.9738103989015001f,0.5762479864814909f,0.18504827292280096f,0.9575697450334589f,-0.22094641903602918f,-5.034206422571568f,0f,0f,0f,1f], start_interpolation: 0, interpolation_duration: 1 }
$data merge entity $(bone_segment15) { transformation: [-0.9781518723277951f,0.20667572386961444f,-0.022451276680839044f,-0.2801922310975592f,-0.010813163869917024f,0.05726941364371396f,0.9983002002143582f,0.6349715063310023f,0.20761018796954794f,0.9767319793187257f,-0.053783365712578024f,-4.032674607840453f,0f,0f,0f,1f], start_interpolation: 0, interpolation_duration: 1 }
$data merge entity $(bone_segment14) { transformation: [-0.9860286579880249f,0.16305658330353717f,0.03405930515602611f,-0.11299553923358074f,-0.0016584360649547283f,-0.21406676330295066f,0.9768176239395033f,0.4154694541160628f,0.1665675094853529f,0.9631136856521014f,0.2113463822578274f,-3.0451068637635914f,0f,0f,0f,1f], start_interpolation: 0, interpolation_duration: 1 }
$data merge entity $(bone_segment13) { transformation: [-0.9940909454526532f,0.08481986396350688f,0.06774055540266974f,-0.02353425197599426f,0.02658950495593172f,-0.4147654067970477f,0.9095398042695427f,-0.05228460011318886f,0.10524348148578355f,0.9059664717867276f,0.41005921719071226f,-2.0819117761126322f,0f,0f,0f,1f], start_interpolation: 0, interpolation_duration: 1 }
$data merge entity $(bone_segment12) { transformation: [-0.9989993299759047f,0.02672958617739559f,0.03585900068990512f,0.007789481825641206f,0.03337597282871676f,-0.08816890422733975f,0.9955462263326034f,-0.15560753475460265f,0.02977218744785465f,0.9957468420990021f,0.08718855030584255f,-0.9150209455278638f,0f,0f,0f,1f], start_interpolation: 0, interpolation_duration: 1 }
$data merge entity $(bone_segment11) { transformation: [-1.034981950500895f,-0.009905912285352524f,0.016207928714683174f,0.002485916925452516f,0.009718089648764139f,0.4827818932739768f,0.915628562340885f,0.4022668232180916f,-0.016321237238761423f,0.9156265496055975f,-0.48260760539635783f,0.14322954792654452f,0f,0f,0f,1f], start_interpolation: 0, interpolation_duration: 1 }
$data merge entity $(bone_segment10) { transformation: [-0.9997430462482787f,-0.013426333421334324f,0.018264037041990047f,-0.00781883486591176f,0f,0.8057163935003762f,0.592301522237405f,1.1458232041054055f,-0.02266807177975276f,0.5921493281391158f,-0.8055093616502428f,0.6897425878229232f,0f,0f,0f,1f], start_interpolation: 0, interpolation_duration: 1 }