# This file was generated by Animated Java via MC-Build. It is not recommended to edit this file directly.
$data merge entity $(bone_neck_spine5) { transformation: [-1.571638726722174f,-0.01427770039693263f,0.04203635920391453f,0.1281088426814f,0f,1.4887364203120503f,0.5056511311102801f,4.381430491135041f,-0.0443949121380491f,0.5054495164351048f,-1.4881428270392651f,-0.325524986965343f,0f,0f,0f,1f], start_interpolation: 0, interpolation_duration: 1 }
$data merge entity $(bone_neck_spine2) { transformation: [-1.496798787354451f,-0.013962428157860814f,0.039908927049079806f,-0.04140713784753709f,0f,1.4133924611627415f,0.49448562407046415f,5.394479445639558f,-0.042280868702903894f,0.49428846133841003f,-1.4128289092503248f,1.6982447602426867f,0f,0f,0f,1f], start_interpolation: 0, interpolation_duration: 1 }
$data merge entity $(bone_scale_neck_left1) { transformation: [-1.5958004277718036f,0.387288940649857f,0.1283875072244671f,0.7537203408232612f,0.38057609181717855f,1.2260173311561853f,1.0320360569667615f,4.554470740289856f,0.14709831371624796f,1.0295357502256293f,-1.2772913942976596f,1.390922598206636f,0f,0f,0f,1f], start_interpolation: 0, interpolation_duration: 1 }
$data merge entity $(bone_scale_neck_right1) { transformation: [-1.5849521042486079f,-0.4447886908631574f,-0.05607966258654714f,-0.8179183858989122f,-0.38057609181717855f,1.2260173311561853f,1.0320360569667615f,4.554470740289856f,-0.23694671640000645f,1.0060316123375925f,-1.2825021362174611f,1.3465276860685869f,0f,0f,0f,1f], start_interpolation: 0, interpolation_duration: 1 }
$data merge entity $(bone_blush_right1) { transformation: [-0.99960127712019f,-0.015691375242118277f,0.0234748274263334f,-0.7254653354773513f,0f,0.8313714891576124f,0.555717056617713f,3.6767430146146074f,-0.028236267098982776f,0.5554954795125387f,-0.8310400023232632f,2.448619859437753f,0f,0f,0f,1f], start_interpolation: 0, interpolation_duration: 1 }
$data merge entity $(bone_blush_left1) { transformation: [-0.99960127712019f,-0.015691375242118277f,0.0234748274263334f,0.599201591331338f,0f,0.8313714891576124f,0.555717056617713f,3.6767430146146074f,-0.028236267098982776f,0.5554954795125387f,-0.8310400023232632f,2.4860384282398225f,0f,0f,0f,1f], start_interpolation: 0, interpolation_duration: 1 }
$data merge entity $(bone_left_head_scales) { transformation: [-0.8974966306744354f,-0.015691375242118277f,-0.44074207726406955f,0.6082003508357307f,-0.2566015802442838f,0.8313714891576124f,0.4929270494018266f,4.502061670311819f,0.35868569381029464f,0.5554954795125387f,-0.7501795420410784f,2.565202478114966f,0f,0f,0f,1f], start_interpolation: 0, interpolation_duration: 1 }
$data merge entity $(bone_left_head_scales2) { transformation: [-0.8322900374860428f,-0.015691375242118277f,-0.5541182854269407f,0.6183435710424751f,-0.3187462089542803f,0.8313714891576124f,0.45521676297466096f,3.6615119024489684f,0.4535351670805206f,0.5554954795125387f,-0.6969437742475204f,2.2061190398817896f,0f,0f,0f,1f], start_interpolation: 0, interpolation_duration: 1 }
$data merge entity $(bone_left_head_scales1) { transformation: [-0.99960127712019f,-0.015691375242118277f,0.0234748274263334f,0.609962565828742f,0f,0.8313714891576124f,0.555717056617713f,4.4086947550255635f,-0.028236267098982776f,0.5554954795125387f,-0.8310400023232632f,2.502817731880648f,0f,0f,0f,1f], start_interpolation: 0, interpolation_duration: 1 }
$data merge entity $(bone_right_head_scales) { transformation: [-0.875817692654353f,-0.015691375242118277f,0.4823869297323635f,-0.7389185577832754f,0.2566015802442838f,0.8313714891576124f,0.4929270494018266f,4.502061670311819f,-0.40877744342091765f,0.5554954795125387f,-0.7241034276892997f,2.5271496962823528f,0f,0f,0f,1f], start_interpolation: 0, interpolation_duration: 1 }
$data merge entity $(bone_right_head_scales2) { transformation: [-0.8053608217677385f,-0.015691375242118277f,0.5925771911781653f,-0.728775337576531f,0.3187462089542803f,0.8313714891576124f,0.45521676297466096f,3.6615119024489684f,-0.4997947589149641f,0.5554954795125387f,-0.6645524593305387f,2.1680662580491763f,0f,0f,0f,1f], start_interpolation: 0, interpolation_duration: 1 }
$data merge entity $(bone_right_head_scales1) { transformation: [-0.99960127712019f,-0.015691375242118277f,0.0234748274263334f,-0.7371563427902641f,0f,0.8313714891576124f,0.555717056617713f,4.4086947550255635f,-0.028236267098982776f,0.5554954795125387f,-0.8310400023232632f,2.4647649500480346f,0f,0f,0f,1f], start_interpolation: 0, interpolation_duration: 1 }
$data merge entity $(bone_head_left_fin1) { transformation: [-0.747757986635766f,0.014366853905450882f,-0.7343887151614318f,0.6185481078458535f,-0.17258337297647408f,1.0152026630590156f,0.1955856086605545f,4.105376144551822f,0.7139665053905975f,0.26044643297982756f,-0.7218688819679066f,2.198878165967458f,0f,0f,0f,1f], start_interpolation: 0, interpolation_duration: 1 }
$data merge entity $(bone_head_right_fin1) { transformation: [-0.7062622099359083f,-0.029046150549209362f,0.7739671892140475f,-0.7285708007731526f,0.17258337297647408f,1.0152026630590156f,0.1955856086605545f,4.105376144551822f,-0.7550389845654883f,0.2592201228325629f,-0.6792615532548273f,2.160825384134845f,0f,0f,0f,1f], start_interpolation: 0, interpolation_duration: 1 }
$data merge entity $(bone_right_whisker16) { transformation: [0.2602281736253612f,0.9268758795726942f,-0.2705224602837127f,-1.2478789903438778f,0.9649499782963122f,-0.2595035983596523f,0.0391078230580332f,1.3805575176845053f,-0.033953453985641674f,-0.2712175995482893f,-0.9619190073273884f,1.882040754046482f,0f,0f,0f,1f], start_interpolation: 0, interpolation_duration: 1 }
$data merge entity $(bone_right_whisker15) { transformation: [-0.8849797353219817f,0.37898346474679073f,-0.2705224602837127f,-0.9497168724863743f,0.3832347554515293f,0.9228226809033617f,0.0391078230580332f,1.2514403393341365f,0.26446548032482675f,-0.06906397801205748f,-0.9619190073273884f,1.792938614679231f,0f,0f,0f,1f], start_interpolation: 0, interpolation_duration: 1 }
$data merge entity $(bone_right_whisker14) { transformation: [-0.7174842626756662f,-0.6418986923921893f,-0.2705224602837127f,-0.7079863347684988f,-0.6743993755692071f,0.737330360427078f,0.0391078230580332f,1.478654972704621f,0.17436116266135304f,0.21049942588442483f,-0.9619190073273884f,1.7341938870247713f,0f,0f,0f,1f], start_interpolation: 0, interpolation_duration: 1 }
$data merge entity $(bone_right_whisker13) { transformation: [-0.08748741124540471f,-0.9952692476959943f,-0.04225017709107065f,-0.6785105956282014f,-0.9678570222343905f,0.07488557343102577f,0.24009359717302967f,1.8047396139847625f,-0.2357938450959992f,0.06189729786150458f,-0.969829875355615f,1.81363614928856f,0f,0f,0f,1f], start_interpolation: 0, interpolation_duration: 1 }
$data merge entity $(bone_right_whisker12) { transformation: [0.07970502072755481f,-0.9965687344498225f,-0.02231293767972292f,-0.7143155854081576f,-0.8923870196470266f,-0.08131110468959815f,0.44388502049478396f,2.205616595466825f,-0.4441762227273288f,-0.015468088803610176f,-0.8958059060937507f,2.0131684368418523f,0f,0f,0f,1f], start_interpolation: 0, interpolation_duration: 1 }
$data merge entity $(bone_right_whisker11) { transformation: [0.29646168280486856f,-0.9550409665473057f,0.0026875350962434763f,-0.8474917319806573f,-0.9436263986637251f,-0.29248223493256464f,0.15499471601890497f,2.6295112667415457f,-0.1472402471250113f,-0.04848602340097801f,-0.9879116433979939f,2.079311516605041f,0f,0f,0f,1f], start_interpolation: 0, interpolation_duration: 1 }
$data merge entity $(bone_right_whisker10) { transformation: [0.06778497199816683f,-0.991033120035174f,0.11514578830576667f,-0.8779420123704588f,-0.9930668956157043f,-0.07812878819917944f,-0.08782956954645788f,3.0756155362564126f,0.09603821324554096f,-0.10839394562371314f,-0.9894581416860074f,2.036169350498646f,0f,0f,0f,1f], start_interpolation: 0, interpolation_duration: 1 }
$data merge entity $(bone_right_whisker1) { transformation: [-0.3350079013939853f,-0.9383984344326601f,0.08472357557333357f,-0.7274501816661294f,-0.9230273181434143f,0.34491061492081876f,0.1704618364207055f,3.4902567143286496f,-0.18918318097699532f,-0.021096112657909616f,-0.9817151715574889f,2.1211539825781554f,0f,0f,0f,1f], start_interpolation: 0, interpolation_duration: 1 }
$data merge entity $(bone_left_whisker16) { transformation: [0.2578965475951899f,-0.9100876696139815f,0.3243914369324108f,1.152765619501599f,-0.9649499782963122f,-0.2595035983596523f,0.0391078230580332f,1.3805575176845053f,0.048589197610457324f,-0.3231072825780697f,-0.9451141591472358f,1.9498530347676686f,0f,0f,0f,1f], start_interpolation: 0, interpolation_duration: 1 }
$data merge entity $(bone_left_whisker15) { transformation: [-0.8686394890941506f,-0.37448048498043046f,0.3243914369324108f,0.8601087603829644f,-0.3832347554515293f,0.9228226809033617f,0.0391078230580332f,1.2514403393341365f,-0.31400089203736226f,-0.0903474735626481f,-0.9451141591472358f,1.844061718602737f,0f,0f,0f,1f], start_interpolation: 0, interpolation_duration: 1 }
$data merge entity $(bone_left_whisker14) { transformation: [-0.7064974905913244f,0.6289924414753224f,0.3243914369324108f,0.622079820681786f,0.6743993755692071f,0.737330360427078f,0.0391078230580332f,1.478654972704621f,-0.21458513000677487f,0.24639896136020575f,-0.9451141591472358f,1.771764970700064f,0f,0f,0f,1f], start_interpolation: 0, interpolation_duration: 1 }
$data merge entity $(bone_left_whisker13) { transformation: [-0.10065847276909028f,0.9901881141336565f,0.0969297193239877f,0.5881665656961061f,0.9678570222343905f,0.07488557343102577f,0.24009359717302967f,1.8047396139847625f,0.23047918858624294f,0.11798156432400425f,-0.9658983870512919f,1.8494166504483587f,0f,0f,0f,1f], start_interpolation: 0, interpolation_duration: 1 }
$data merge entity $(bone_left_whisker12) { transformation: [0.0545041697488602f,0.995852806176436f,0.07284561696152411f,0.6126508607004769f,0.8923870196470266f,-0.08131110468959815f,0.44388502049478396f,2.205616595466825f,0.4479673008663523f,0.040812898508619314f,-0.8931179119633866f,2.0506519613844154f,0f,0f,0f,1f], start_interpolation: 0, interpolation_duration: 1 }
$data merge entity $(bone_left_whisker11) { transformation: [0.2876772383456814f,0.9562551203340426f,0.05308437974327047f,0.7418808701135761f,0.9436263986637251f,-0.29248223493256464f,0.15499471601890497f,2.6295112667415457f,0.16374072884511953f,0.005503370219948078f,-0.9864880570151322f,2.124207366920309f,0f,0f,0f,1f], start_interpolation: 0, interpolation_duration: 1 }
$data merge entity $(bone_left_whisker10) { transformation: [0.07309824267389207f,0.9955716849318841f,-0.05910725065402904f,0.7747179713147385f,0.9930668956157043f,-0.07812878819917944f,-0.08782956954645788f,3.0756155362564126f,-0.09205861040759339f,-0.05227726672672552f,-0.9943803596378025f,2.0828529130262727f,0f,0f,0f,1f], start_interpolation: 0, interpolation_duration: 1 }
$data merge entity $(bone_left_whisker1) { transformation: [-0.34515310049249237f,0.9380929650255982f,-0.02917063917539519f,0.6196687269528767f,0.9230273181434143f,0.34491061492081876f,0.1704618364207055f,3.4902567143286496f,0.16997031264722712f,0.031910134509656296f,-0.9849324018094741f,2.159206764410769f,0f,0f,0f,1f], start_interpolation: 0, interpolation_duration: 1 }
$data merge entity $(bone_upper_left_tooth1) { transformation: [-0.99960127712019f,-0.013585698801751124f,0.024753092084691064f,0.22640885042644943f,0f,0.8766418024705118f,0.48114358580495764f,3.337083357110981f,-0.028236267098982776f,0.48095174284882336f,-0.8762922653264685f,3.154822826810093f,0f,0f,0f,1f], start_interpolation: 0, interpolation_duration: 1 }
$data merge entity $(bone_upper_right_tooth1) { transformation: [-0.99960127712019f,-0.013585698801751124f,0.024753092084691064f,-0.44715060388305355f,0f,0.8766418024705118f,0.48114358580495764f,3.337083357110981f,-0.028236267098982776f,0.48095174284882336f,-0.8762922653264685f,3.1357964358937864f,0f,0f,0f,1f], start_interpolation: 0, interpolation_duration: 1 }
$data merge entity $(bone_top_lip1) { transformation: [-0.99960127712019f,-0.0007754484683300204f,0.028225617076656835f,-0.0839838516579369f,0f,0.9996228247066582f,0.027462853556798617f,3.445379439154457f,-0.028236267098982776f,0.027451903488740825f,-0.999224252215267f,3.205516856489067f,0f,0f,0f,1f], start_interpolation: 0, interpolation_duration: 1 }
$data merge entity $(bone_muzzle1) { transformation: [-0.99960127712019f,-0.013585698801751124f,0.024753092084691064f,-0.0723730167893868f,0f,0.8766418024705118f,0.48114358580495764f,3.8632293149005648f,-0.028236267098982776f,0.48095174284882336f,-0.8762922653264685f,2.7944779141831124f,0f,0f,0f,1f], start_interpolation: 0, interpolation_duration: 1 }
$data merge entity $(bone_jaw_right_tooth1) { transformation: [-0.99960127712019f,0.003186896822342677f,0.0280558455286744f,-0.44695107784977184f,0f,0.9936102895727718f,-0.11286537314479106f,3.240618218741286f,-0.028236267098982776f,-0.11282037113817989f,-0.9932141144167043f,3.1287329498817007f,0f,0f,0f,1f], start_interpolation: 0, interpolation_duration: 1 }
$data merge entity $(bone_jaw_left_tooth1) { transformation: [-0.99960127712019f,0.003186896822342677f,0.0280558455286744f,0.28273833098552303f,0f,0.9936102895727718f,-0.11286537314479106f,3.240618218741286f,-0.028236267098982776f,-0.11282037113817989f,-0.9932141144167043f,3.1493448733743663f,0f,0f,0f,1f], start_interpolation: 0, interpolation_duration: 1 }
$data merge entity $(bone_tongue1) { transformation: [-0.99960127712019f,-0.006807898906396531f,0.027403271559530665f,-0.05967513886167321f,0f,0.9704990912385116f,0.24110477785648193f,3.4221986743516446f,-0.028236267098982776f,0.24100864386511905f,-0.9701121310459999f,2.344956206913384f,0f,0f,0f,1f], start_interpolation: 0, interpolation_duration: 1 }
$data merge entity $(bone_jaw_lips1) { transformation: [-0.99960127712019f,-0.006807898906396531f,0.027403271559530665f,-0.027286070771139148f,0f,0.9704990912385116f,0.24110477785648193f,3.0802411125346616f,-0.028236267098982776f,0.24100864386511905f,-0.9701121310459999f,3.1870005833396826f,0f,0f,0f,1f], start_interpolation: 0, interpolation_duration: 1 }
$data merge entity $(bone_jaw3) { transformation: [-0.99960127712019f,-0.0017333657502661675f,0.028183013019563777f,-0.0018193955642663885f,0f,0.9981139830122618f,0.061387921575816684f,3.0513243054145422f,-0.028236267098982776f,0.06136344480694045f,-0.9977160121305764f,2.2854465297689055f,0f,0f,0f,1f], start_interpolation: 0, interpolation_duration: 1 }
$data merge entity $(bone_jaw1) { transformation: [-0.99960127712019f,-0.02115407429669202f,0.018702724944112587f,0.014983833877709768f,0f,0.6623653501558768f,0.7491809814142928f,3.724416593403946f,-0.028236267098982776f,0.7488822658158844f,-0.6621012499359762f,1.690589938029552f,0f,0f,0f,1f], start_interpolation: 0, interpolation_duration: 1 }
$data merge entity $(bone_tear_right1) { transformation: [-0.99960127712019f,-0.015691375242118277f,0.0234748274263334f,-0.6778758332695066f,0f,0.8313714891576124f,0.555717056617713f,3.9473585507728157f,-0.028236267098982776f,0.5554954795125387f,-0.8310400023232632f,2.7525487228190477f,0f,0f,0f,1f], start_interpolation: 0, interpolation_duration: 1 }
$data merge entity $(bone_right_pupil1) { transformation: [-0.99960127712019f,-0.015691375242118277f,0.0234748274263334f,-0.49599135745405215f,0f,0.8313714891576124f,0.555717056617713f,4.003279687829948f,-0.028236267098982776f,0.5554954795125387f,-0.8310400023232632f,2.87616352906449f,0f,0f,0f,1f], start_interpolation: 0, interpolation_duration: 1 }
$data merge entity $(bone_right_sad_pupil1) { transformation: [-0.99960127712019f,-0.015691375242118277f,0.0234748274263334f,-0.4957277241382291f,0f,0.8313714891576124f,0.555717056617713f,4.009520650868135f,-0.028236267098982776f,0.5554954795125387f,-0.8310400023232632f,2.8668305602883986f,0f,0f,0f,1f], start_interpolation: 0, interpolation_duration: 1 }
$data merge entity $(bone_right_happy_pupil1) { transformation: [-0.99960127712019f,-0.015691375242118277f,0.0234748274263334f,-0.5233517940602512f,0f,0.8313714891576124f,0.555717056617713f,3.9861792208207f,-0.028236267098982776f,0.5554954795125387f,-0.8310400023232632f,2.850441817220236f,0f,0f,0f,1f], start_interpolation: 0, interpolation_duration: 1 }
$data merge entity $(bone_eyelid_right1) { transformation: [-0.99960127712019f,-0.015691375242118277f,0.0234748274263334f,-0.04946394177026266f,0f,0.8313714891576124f,0.555717056617713f,4.274885345134368f,-0.028236267098982776f,0.5554954795125387f,-0.8310400023232632f,2.3811983593520445f,0f,0f,0f,1f], start_interpolation: 0, interpolation_duration: 1 }
$data merge entity $(bone_eyelid_expressions_right5) { transformation: [-0.99960127712019f,-0.015691375242118277f,0.0234748274263334f,-0.6265884753088529f,0f,0.8313714891576124f,0.555717056617713f,4.10288756615439f,-0.028236267098982776f,0.5554954795125387f,-0.8310400023232632f,2.9255685917445f,0f,0f,0f,1f], start_interpolation: 0, interpolation_duration: 1 }
$data merge entity $(bone_eyelid_expressions_right7) { transformation: [-0.99960127712019f,-0.015691375242118277f,0.0234748274263334f,-0.2898087481541013f,0f,0.8313714891576124f,0.555717056617713f,4.10288756615439f,-0.028236267098982776f,0.5554954795125387f,-0.8310400023232632f,2.9350817872026536f,0f,0f,0f,1f], start_interpolation: 0, interpolation_duration: 1 }
$data merge entity $(bone_eyelid_expressions_right6) { transformation: [-0.99960127712019f,-0.015691375242118277f,0.0234748274263334f,-0.4020686572056852f,0f,0.8313714891576124f,0.555717056617713f,4.10288756615439f,-0.028236267098982776f,0.5554954795125387f,-0.8310400023232632f,2.9319107220499356f,0f,0f,0f,1f], start_interpolation: 0, interpolation_duration: 1 }
$data merge entity $(bone_right_eye1) { transformation: [-0.99960127712019f,-0.015691375242118277f,0.0234748274263334f,-0.06095356599124412f,0f,0.8313714891576124f,0.555717056617713f,4.268644382096181f,-0.028236267098982776f,0.5554954795125387f,-0.8310400023232632f,2.390214221612864f,0f,0f,0f,1f], start_interpolation: 0, interpolation_duration: 1 }
$data merge entity $(bone_tear_left1) { transformation: [-0.99960127712019f,-0.015691375242118277f,0.0234748274263334f,0.5345311844875987f,0f,0.8313714891576124f,0.555717056617713f,3.9473585507728157f,-0.028236267098982776f,0.5554954795125387f,-0.8310400023232632f,2.7867962264684f,0f,0f,0f,1f], start_interpolation: 0, interpolation_duration: 1 }
$data merge entity $(bone_left_sad_pupil1) { transformation: [-0.99960127712019f,-0.015691375242118277f,0.0234748274263334f,0.34622159374864964f,0f,0.8313714891576124f,0.555717056617713f,4.009520650868135f,-0.028236267098982776f,0.5554954795125387f,-0.8310400023232632f,2.890613548933782f,0f,0f,0f,1f], start_interpolation: 0, interpolation_duration: 1 }
$data merge entity $(bone_left_pupil1) { transformation: [-0.99960127712019f,-0.015691375242118277f,0.0234748274263334f,0.34595796043282656f,0f,0.8313714891576124f,0.555717056617713f,4.003279687829948f,-0.028236267098982776f,0.5554954795125387f,-0.8310400023232632f,2.8999465177098736f,0f,0f,0f,1f], start_interpolation: 0, interpolation_duration: 1 }
$data merge entity $(bone_eyelid_left1) { transformation: [-0.99960127712019f,-0.015691375242118277f,0.0234748274263334f,-0.07191592358057942f,0f,0.8313714891576124f,0.555717056617713f,4.274885345134368f,-0.028236267098982776f,0.5554954795125387f,-0.8310400023232632f,2.380564146321501f,0f,0f,0f,1f], start_interpolation: 0, interpolation_duration: 1 }
$data merge entity $(bone_left_happy_pupil1) { transformation: [-0.99960127712019f,-0.015691375242118277f,0.0234748274263334f,0.3747274783524194f,0f,0.8313714891576124f,0.555717056617713f,3.9861792208207f,-0.028236267098982776f,0.5554954795125387f,-0.8310400023232632f,2.8758103384419784f,0f,0f,0f,1f], start_interpolation: 0, interpolation_duration: 1 }
$data merge entity $(bone_eyelid_expressions_left5) { transformation: [-0.99960127712019f,-0.015691375242118277f,0.0234748274263334f,0.47355863339666865f,0f,0.8313714891576124f,0.555717056617713f,4.10288756615439f,-0.028236267098982776f,0.5554954795125387f,-0.8310400023232632f,2.9566450302411345f,0f,0f,0f,1f], start_interpolation: 0, interpolation_duration: 1 }
$data merge entity $(bone_eyelid_expressions_left7) { transformation: [-0.99960127712019f,-0.015691375242118277f,0.0234748274263334f,0.13677890624191716f,0f,0.8313714891576124f,0.555717056617713f,4.10288756615439f,-0.028236267098982776f,0.5554954795125387f,-0.8310400023232632f,2.947131834782981f,0f,0f,0f,1f], start_interpolation: 0, interpolation_duration: 1 }
$data merge entity $(bone_eyelid_expressions_left6) { transformation: [-0.99960127712019f,-0.015691375242118277f,0.0234748274263334f,0.24903881529350103f,0f,0.8313714891576124f,0.555717056617713f,4.10288756615439f,-0.028236267098982776f,0.5554954795125387f,-0.8310400023232632f,2.950302899935699f,0f,0f,0f,1f], start_interpolation: 0, interpolation_duration: 1 }
$data merge entity $(bone_left_eye1) { transformation: [-0.99960127712019f,-0.015691375242118277f,0.0234748274263334f,-0.06095356599124412f,0f,0.8313714891576124f,0.555717056617713f,4.268644382096181f,-0.028236267098982776f,0.5554954795125387f,-0.8310400023232632f,2.390214221612864f,0f,0f,0f,1f], start_interpolation: 0, interpolation_duration: 1 }
$data merge entity $(bone_crest_middle5) { transformation: [-0.99960127712019f,-0.010238544409681461f,0.026314615483720785f,-0.09388881230882919f,0f,0.9319438504910865f,0.36260261931189586f,5.1557392913996445f,-0.028236267098982776f,0.3624580413512971f,-0.9315722631551973f,3.5561655906772294f,0f,0f,0f,1f], start_interpolation: 0, interpolation_duration: 1 }
$data merge entity $(bone_crest_middle4) { transformation: [-0.99960127712019f,-0.010238544409681461f,0.026314615483720785f,-0.0869897931265243f,0f,0.9319438504910865f,0.36260261931189586f,4.527769314017955f,-0.028236267098982776f,0.3624580413512971f,-0.9315722631551973f,3.3119311682823125f,0f,0f,0f,1f], start_interpolation: 0, interpolation_duration: 1 }
$data merge entity $(bone_crest_middle1) { transformation: [-0.99960127712019f,-0.010238544409681461f,0.026314615483720785f,-0.08403197919804702f,0f,0.9319438504910865f,0.36260261931189586f,4.026250220284994f,-0.028236267098982776f,0.3624580413512971f,-0.9315722631551973f,3.207220635192891f,0f,0f,0f,1f], start_interpolation: 0, interpolation_duration: 1 }
$data merge entity $(bone_crest_left5) { transformation: [-0.5238514030474203f,-0.84113747434906f,0.13441524009922898f,-1.1902100723662739f,-0.7011716022482506f,0.5154096642949084f,0.4926573476078798f,4.567660323830117f,-0.4836714708620621f,0.16383109349904884f,-0.8597797863854647f,3.2508741768353993f,0f,0f,0f,1f], start_interpolation: 0, interpolation_duration: 1 }
$data merge entity $(bone_crest_left4) { transformation: [-0.5238514030474203f,-0.84113747434906f,0.13441524009922898f,-0.7178916663597215f,-0.7011716022482506f,0.5154096642949084f,0.4926573476078798f,4.27824571741452f,-0.4836714708620621f,0.16383109349904884f,-0.8597797863854647f,3.1588791780444296f,0f,0f,0f,1f], start_interpolation: 0, interpolation_duration: 1 }
$data merge entity $(bone_crest_left1) { transformation: [-0.5238514030474203f,-0.84113747434906f,0.13441524009922898f,-0.19079368898522409f,-0.7011716022482506f,0.5154096642949084f,0.4926573476078798f,3.987553515091203f,-0.4836714708620621f,0.16383109349904884f,-0.8597797863854647f,3.009406029259945f,0f,0f,0f,1f], start_interpolation: 0, interpolation_duration: 1 }
$data merge entity $(bone_crest_center1) { transformation: [-0.99960127712019f,-0.015691375242118277f,0.0234748274263334f,-0.07809323182447542f,0f,0.8313714891576124f,0.555717056617713f,3.9642120850437683f,-0.028236267098982776f,0.5554954795125387f,-0.8310400023232632f,2.9969811074852712f,0f,0f,0f,1f], start_interpolation: 0, interpolation_duration: 1 }
$data merge entity $(bone_crest_right5) { transformation: [-0.5503193463519055f,0.8305479507093034f,-0.08566632129015203f,1.0179179884496494f,0.7011716022482506f,0.5154096642949084f,0.4926573476078798f,4.567660323830117f,0.45332880035514256f,0.21105207775330265f,-0.8659965469010723f,3.313248340555541f,0f,0f,0f,1f], start_interpolation: 0, interpolation_duration: 1 }
$data merge entity $(bone_crest_right4) { transformation: [-0.5503193463519055f,0.8305479507093034f,-0.08566632129015203f,0.5515458481587809f,0.7011716022482506f,0.5154096642949084f,0.4926573476078798f,4.27824571741452f,0.45332880035514256f,0.21105207775330265f,-0.8659965469010723f,3.194737652363989f,0f,0f,0f,1f], start_interpolation: 0, interpolation_duration: 1 }
$data merge entity $(bone_crest_right1) { transformation: [-0.5503193463519055f,0.8305479507093034f,-0.08566632129015203f,0.03372612911794356f,0.7011716022482506f,0.5154096642949084f,0.4926573476078798f,3.9875535150912036f,0.45332880035514256f,0.21105207775330265f,-0.8659965469010723f,3.0157481595653803f,0f,0f,0f,1f], start_interpolation: 0, interpolation_duration: 1 }
$data merge entity $(bone_head1) { transformation: [-1.0477591511481152f,-0.016447339934772404f,0.02460577614348747f,-0.04557262612446905f,0f,0.8714245426717157f,0.582489883564139f,4.565213891553349f,-0.02959660809203271f,0.582257631520304f,-0.8710770857685242f,1.8457085658106813f,0f,0f,0f,1f], start_interpolation: 0, interpolation_duration: 1 }
$data merge entity $(bone_neck10) { transformation: [-1.496798787354451f,-0.019052137932716307f,0.03774503806416084f,-0.012963645123939558f,0f,1.3367573671068096f,0.6747399670759832f,4.644938907962945f,-0.042280868702903894f,0.6744709328131877f,-1.3362243713597892f,0.6913074213728752f,0f,0f,0f,1f], start_interpolation: 0, interpolation_duration: 1 }
$data merge entity $(bone_neck9) { transformation: [-1.1450510723261558f,-0.017974592928715578f,0.026890598213954196f,0.008626983206092344f,0f,0.9523425359198046f,0.6365782298950954f,3.399964194050689f,-0.0323448645577215f,0.6363244115900474f,-0.9519628151613169f,-0.07302943579280691f,0f,0f,0f,1f], start_interpolation: 0, interpolation_duration: 1 }
$data merge entity $(bone_neck8) { transformation: [-1.0627271390216604f,0.004561415720440553f,0.029670842090852984f,0.00428966070715598f,0f,1.0508061135291462f,-0.161544573312415f,2.621021702739789f,-0.030019416779061767f,-0.16148016179492608f,-1.0503871330894377f,0.08051752896781167f,0f,0f,0f,1f], start_interpolation: 0, interpolation_duration: 1 }
$data merge entity $(bone_neck7) { transformation: [-1.055243145084888f,0.013081384343682625f,0.02678423022994304f,-0.008112002561596679f,0f,0.9485754662983745f,-0.4632830642175746f,1.7725164498336725f,-0.029808012435547246f,-0.46309834266004246f,-0.9481972475567348f,0.5195528447339777f,0f,0f,0f,1f], start_interpolation: 0, interpolation_duration: 1 }
$data merge entity $(bone_neck6) { transformation: [-1.0492559499354701f,0.008985995840117486f,0.028243859820998397f,-0.015812302353276457f,0f,1.000268899638504f,-0.31824305275966214f,0.88592606795113f,-0.02963888896073563f,-0.31811616197318615f,-0.9998700695422559f,0.7921536626462269f,0f,0f,0f,1f], start_interpolation: 0, interpolation_duration: 1 }
$data merge entity $(bone_neck_spine6) { transformation: [-1.2662490618744262f,0.11646491918441308f,0.05508724369773381f,0.06907751419089443f,0.025016410951398397f,-0.31159403602185926f,1.233802538664688f,0.43873042573856186f,0.12638378456889213f,1.2285481056237424f,0.30770450058955523f,-1.7939137225815172f,0f,0f,0f,1f], start_interpolation: 0, interpolation_duration: 1 }
$data merge entity $(bone_neck_spine7) { transformation: [-0.9700702929795496f,0.2204291858642779f,-0.10185578382096082f,-0.5356593489902644f,-0.029753074138696135f,0.3084026201247506f,0.9507905018875009f,1.001293363887923f,0.2409945668637945f,0.9253641434156613f,-0.2926137741507252f,-5.451255407998042f,0f,0f,0f,1f], start_interpolation: 0, interpolation_duration: 1 }
$data merge entity $(bone_tail6) { transformation: [-1.6235054736498045f,-0.15934061982166023f,-0.5514911435654247f,-0.7606779591384354f,-0.37372794925183156f,1.5491015084016329f,0.6526207736066432f,-1.6750400339743974f,0.4357285100888756f,0.7349809664676784f,-1.495073771408319f,-8.132453694310648f,0f,0f,0f,1f], start_interpolation: 0, interpolation_duration: 1 }
$data merge entity $(bone_tail5) { transformation: [-1.3411566956237515f,-0.1316292076787628f,-0.45557964033665516f,-0.8438121955671277f,-0.3087317841645565f,1.2796925504187402f,0.5391215086315748f,-0.8668131600257194f,0.3599496387690711f,0.6071581896906908f,-1.2350609415981766f,-7.748985363979685f,0f,0f,0f,1f], start_interpolation: 0, interpolation_duration: 1 }
$data merge entity $(bone_tail4) { transformation: [-0.9882207230911852f,-0.09698994250014101f,-0.33569026130069324f,-0.8853793137814738f,-0.22748657780546264f,0.9429313529401243f,0.3972474274127393f,-0.4626997230513804f,0.2652260496193155f,0.4473797187194563f,-0.9100449043354985f,-7.557251198814203f,0f,0f,0f,1f], start_interpolation: 0, interpolation_duration: 1 }
$data merge entity $(bone_segment18) { transformation: [-0.9427993979304724f,-0.05122151169556104f,-0.32940196113799947f,-0.9141413931027117f,-0.21703067298707493f,0.844342278285245f,0.48988141838904165f,0.01141825547793196f,0.25303553553743396f,0.5333502356235568f,-0.8071620307692755f,-7.2577625411154285f,0f,0f,0f,1f], start_interpolation: 0, interpolation_duration: 1 }
$data merge entity $(bone_segment17) { transformation: [-0.9830377420853128f,0.14094301875842802f,-0.11735358153491177f,-0.8112557422023943f,-0.04631454921887042f,0.42835476595252064f,0.902422936885147f,0.3241088683192499f,0.1774591788735162f,0.8925509845095814f,-0.4145611895541052f,-6.606217755059849f,0f,0f,0f,1f], start_interpolation: 0, interpolation_duration: 1 }
$data merge entity $(bone_segment16) { transformation: [-0.9676937639035293f,0.23778122791523115f,-0.08383833820720143f,-0.5842721970001103f,-0.02924703640064153f,0.2244121864735238f,0.9740553277016413f,0.538330462340607f,0.250426416665654f,0.9450392892432026f,-0.21020787716615885f,-5.704092847603569f,0f,0f,0f,1f], start_interpolation: 0, interpolation_duration: 1 }
$data merge entity $(bone_segment15) { transformation: [-0.9700702929795496f,0.23928046020088908f,-0.04133386075146383f,-0.30211286526908143f,-0.029753074138696135f,0.05181136588264393f,0.9982135728112858f,0.5994263845117911f,0.2409945668637945f,0.9695671424565839f,-0.043141337609148483f,-4.5607800306930955f,0f,0f,0f,1f], start_interpolation: 0, interpolation_duration: 1 }
$data merge entity $(bone_segment14) { transformation: [-1.031727188710136f,0.1833283092140221f,0.02459546995239726f,-0.09586851740330657f,-0.0157860731589912f,-0.22613644860355556f,1.0233710492936383f,0.34502287983279106f,0.18429597389978536f,1.0069400357910452f,0.22534852196238242f,-3.42797249042817f,0f,0f,0f,1f], start_interpolation: 0, interpolation_duration: 1 }
$data merge entity $(bone_segment13) { transformation: [-1.02044777339292f,0.08472221503749659f,0.06001749644695181f,0.004526393183194883f,0.020160284119656355f,-0.4199515678365337f,0.9355895763843459f,-0.18636708145311914f,0.10185046168198954f,0.9319637540022493f,0.4161293747194354f,-2.3169246493377815f,0f,0f,0f,1f], start_interpolation: 0, interpolation_duration: 1 }
$data merge entity $(bone_segment12) { transformation: [-1.1150437295716389f,0.01542919073690568f,0.030220893564725963f,0.023165684006302416f,0.028990772437207046f,-0.08309923319031588f,1.1120827009482488f,-0.2867554168508162f,0.017632284257588064f,1.112353513370665f,0.08265981511879854f,-0.9731418815074478f,0f,0f,0f,1f], start_interpolation: 0, interpolation_duration: 1 }
$data merge entity $(bone_segment11) { transformation: [-1.190018231673164f,-0.02555215953859107f,0.018070315706629935f,-0.0006562563979803787f,0.0035387715535335302f,0.5730795977487235f,1.0434031304445086f,0.37551316733151774f,-0.031095437972712154f,1.0430962096894145f,-0.5728055620803707f,0.23247253578089822f,0f,0f,0f,1f], start_interpolation: 0, interpolation_duration: 1 }
$data merge entity $(bone_segment10) { transformation: [-1.0477591511481157f,-0.017161772463122452f,0.024112917212095863f,-0.01757137347227951f,0f,0.8539697236737268f,0.6077918303776321f,1.2497047073554142f,-0.029596608092032725f,0.6075494898686989f,-0.853629226406233f,0.8544271115740436f,0f,0f,0f,1f], start_interpolation: 0, interpolation_duration: 1 }