# This file was generated by Animated Java via MC-Build. It is not recommended to edit this file directly.
$data merge entity $(bone_neck_spine5) { transformation: [-1.36664237106276f,-0.012415391649506632f,0.036553355829490895f,0.11326048218236637f,0f,1.294553408967f,0.43969663574806966f,3.7918950307834924f,-0.03860427142439052f,0.4395213186392215f,-1.2940372409037086f,-0.3186542976743358f,0f,0f,0f,1f], start_interpolation: 0, interpolation_duration: 1 }
$data merge entity $(bone_neck_spine2) { transformation: [-1.301564162916914f,-0.012141241876400708f,0.034703414825286785f,-0.034144718277578937f,0f,1.22903692275021f,0.4299874991917079f,4.672807165135247f,-0.03676597278513382f,0.42981605333774786f,-1.228546877608978f,1.4411454825065597f,0f,0f,0f,1f], start_interpolation: 0, interpolation_duration: 1 }
$data merge entity $(bone_scale_neck_left1) { transformation: [-1.3876525458885252f,0.33677299186944093f,0.1116413106299714f,0.6572704805665937f,0.3309357320149379f,1.0661020270923351f,0.8974226582319667f,3.942364812657246f,0.12791157714456347f,0.895248478457069f,-1.1106881689544867f,1.1739088198665155f,0f,0f,0f,1f], start_interpolation: 0, interpolation_duration: 1 }
$data merge entity $(bone_scale_neck_right1) { transformation: [-1.3782192210857462f,-0.3867727746636152f,-0.048764923988301866f,-0.7093718904961661f,-0.3309357320149379f,1.0661020270923351f,0.8974226582319667f,3.942364812657246f,-0.20604062295652736f,0.8748100976848633f,-1.1152192488847488f,1.1353045484421251f,0f,0f,0f,1f], start_interpolation: 0, interpolation_duration: 1 }
$data merge entity $(bone_blush_right1) { transformation: [-0.99960127712019f,-0.015691375242118277f,0.0234748274263334f,-0.628977933607852f,0f,0.8313714891576124f,0.555717056617713f,3.1791233120700726f,-0.028236267098982776f,0.5554954795125387f,-0.8310400023232632f,2.0936455687631383f,0f,0f,0f,1f], start_interpolation: 0, interpolation_duration: 1 }
$data merge entity $(bone_blush_left1) { transformation: [-0.99960127712019f,-0.015691375242118277f,0.0234748274263334f,0.5229063505736169f,0f,0.8313714891576124f,0.555717056617713f,3.1791233120700726f,-0.028236267098982776f,0.5554954795125387f,-0.8310400023232632f,2.1261834546779816f,0f,0f,0f,1f], start_interpolation: 0, interpolation_duration: 1 }
$data merge entity $(bone_left_head_scales) { transformation: [-0.8974966306744354f,-0.015691375242118277f,-0.44074207726406955f,0.5307313588383059f,-0.2566015802442838f,0.8313714891576124f,0.4929270494018266f,3.8967917083285175f,0.35868569381029464f,0.5554954795125387f,-0.7501795420410784f,2.1950217589172376f,0f,0f,0f,1f], start_interpolation: 0, interpolation_duration: 1 }
$data merge entity $(bone_left_head_scales2) { transformation: [-0.8322900374860428f,-0.015691375242118277f,-0.5541182854269407f,0.5395515503224315f,-0.3187462089542803f,0.8313714891576124f,0.45521676297466096f,3.1658788667086473f,0.4535351670805206f,0.5554954795125387f,-0.6969437742475204f,1.8827752908883886f,0f,0f,0f,1f], start_interpolation: 0, interpolation_duration: 1 }
$data merge entity $(bone_left_head_scales1) { transformation: [-0.99960127712019f,-0.015691375242118277f,0.0234748274263334f,0.532263719701794f,0f,0.8313714891576124f,0.555717056617713f,3.8156030863404693f,-0.028236267098982776f,0.5554954795125387f,-0.8310400023232632f,2.1407741534960913f,0f,0f,0f,1f], start_interpolation: 0, interpolation_duration: 1 }
$data merge entity $(bone_right_head_scales) { transformation: [-0.875817692654353f,-0.015691375242118277f,0.4823869297323635f,-0.6406763877869167f,0.2566015802442838f,0.8313714891576124f,0.4929270494018266f,3.8967917083285175f,-0.40877744342091765f,0.5554954795125387f,-0.7241034276892997f,2.161932383410617f,0f,0f,0f,1f], start_interpolation: 0, interpolation_duration: 1 }
$data merge entity $(bone_right_head_scales2) { transformation: [-0.8053608217677385f,-0.015691375242118277f,0.5925771911781653f,-0.6318561963027911f,0.3187462089542803f,0.8313714891576124f,0.45521676297466096f,3.1658788667086473f,-0.4997947589149641f,0.5554954795125387f,-0.6645524593305387f,1.8496859153817682f,0f,0f,0f,1f], start_interpolation: 0, interpolation_duration: 1 }
$data merge entity $(bone_right_head_scales1) { transformation: [-0.99960127712019f,-0.015691375242118277f,0.0234748274263334f,-0.6391440269234286f,0f,0.8313714891576124f,0.555717056617713f,3.8156030863404693f,-0.028236267098982776f,0.5554954795125387f,-0.8310400023232632f,2.107684777989471f,0f,0f,0f,1f], start_interpolation: 0, interpolation_duration: 1 }
$data merge entity $(bone_head_left_fin1) { transformation: [-0.7133889860077868f,0.013706514036504693f,-0.7006342027875524f,0.5397294084123259f,-0.1646509694980523f,0.9685411741979182f,0.18659595956683958f,3.5518477728850417f,0.6811506535900359f,0.2484756031410032f,-0.6886898153432948f,1.8764788787889697f,0f,0f,0f,1f], start_interpolation: 0, interpolation_duration: 1 }
$data merge entity $(bone_head_right_fin1) { transformation: [-0.6738004686096616f,-0.02771111008918359f,0.738393542007936f,-0.6316783382128968f,0.1646509694980523f,0.9685411741979182f,0.18659595956683958f,3.5518477728850417f,-0.7203353293742796f,0.24730565755951345f,-0.6480408359002576f,1.8433895032823493f,0f,0f,0f,1f], start_interpolation: 0, interpolation_duration: 1 }
$data merge entity $(bone_right_whisker16) { transformation: [0.2602281736253612f,0.9268758795726942f,-0.2705224602837127f,-1.0832506769700498f,0.9649499782963122f,-0.2595035983596523f,0.0391078230580332f,1.1824402712612883f,-0.033953453985641674f,-0.2712175995482893f,-0.9619190073273884f,1.6009680858142077f,0f,0f,0f,1f], start_interpolation: 0, interpolation_duration: 1 }
$data merge entity $(bone_right_whisker15) { transformation: [-0.8849797353219817f,0.37898346474679073f,-0.2705224602837127f,-0.8239792701374379f,0.3832347554515293f,0.9228226809033617f,0.0391078230580332f,1.070164464000098f,0.26446548032482675f,-0.06906397801205748f,-0.9619190073273884f,1.5234879646252937f,0f,0f,0f,1f], start_interpolation: 0, interpolation_duration: 1 }
$data merge entity $(bone_right_whisker14) { transformation: [-0.7174842626756662f,-0.6418986923921893f,-0.2705224602837127f,-0.6137788025566763f,-0.6743993755692071f,0.737330360427078f,0.0391078230580332f,1.267742406061389f,0.17436116266135304f,0.21049942588442483f,-0.9619190073273884f,1.4724055927518505f,0f,0f,0f,1f], start_interpolation: 0, interpolation_duration: 1 }
$data merge entity $(bone_right_whisker13) { transformation: [-0.08748741124540471f,-0.9952692476959943f,-0.04225017709107065f,-0.5881477250433741f,-0.9678570222343905f,0.07488557343102577f,0.24009359717302967f,1.5512942680441206f,-0.2357938450959992f,0.06189729786150458f,-0.969829875355615f,1.541485820807319f,0f,0f,0f,1f], start_interpolation: 0, interpolation_duration: 1 }
$data merge entity $(bone_right_whisker12) { transformation: [0.07970502072755481f,-0.9965687344498225f,-0.02231293767972292f,-0.6192824987650752f,-0.8923870196470266f,-0.08131110468959815f,0.44388502049478396f,1.8998829475937404f,-0.4441762227273288f,-0.015468088803610176f,-0.8958059060937507f,1.7149921578101819f,0f,0f,0f,1f], start_interpolation: 0, interpolation_duration: 1 }
$data merge entity $(bone_right_whisker11) { transformation: [0.29646168280486856f,-0.9550409665473057f,0.0026875350962434763f,-0.735087843610727f,-0.9436263986637251f,-0.29248223493256464f,0.15499471601890497f,2.268487009571758f,-0.1472402471250113f,-0.04848602340097801f,-0.9879116433979939f,1.7725078793433895f,0f,0f,0f,1f], start_interpolation: 0, interpolation_duration: 1 }
$data merge entity $(bone_right_whisker10) { transformation: [0.06778497199816683f,-0.991033120035174f,0.11514578830576667f,-0.7615663482975109f,-0.9930668956157043f,-0.07812878819917944f,-0.08782956954645788f,2.6564037656716426f,0.09603821324554096f,-0.10839394562371314f,-0.9894581416860074f,1.7349929522943501f,0f,0f,0f,1f], start_interpolation: 0, interpolation_duration: 1 }
$data merge entity $(bone_right_whisker1) { transformation: [-0.3350079013939853f,-0.9383984344326601f,0.08472357557333357f,-0.6307038868154854f,-0.9230273181434143f,0.34491061492081876f,0.1704618364207055f,3.016961311821414f,-0.18918318097699532f,-0.021096112657909616f,-0.9817151715574889f,1.8088926323634889f,0f,0f,0f,1f], start_interpolation: 0, interpolation_duration: 1 }
$data merge entity $(bone_left_whisker16) { transformation: [0.2578965475951899f,-0.9100876696139815f,0.3243914369324108f,1.004266375069496f,-0.9649499782963122f,-0.2595035983596523f,0.0391078230580332f,1.1824402712612883f,0.048589197610457324f,-0.3231072825780697f,-0.9451141591472358f,1.659935286441326f,0f,0f,0f,1f], start_interpolation: 0, interpolation_duration: 1 }
$data merge entity $(bone_left_whisker15) { transformation: [-0.8686394890941506f,-0.37448048498043046f,0.3243914369324108f,0.7497821497489441f,-0.3832347554515293f,0.9228226809033617f,0.0391078230580332f,1.070164464000098f,-0.31400089203736226f,-0.0903474735626481f,-0.9451141591472358f,1.567942837602255f,0f,0f,0f,1f], start_interpolation: 0, interpolation_duration: 1 }
$data merge entity $(bone_left_whisker14) { transformation: [-0.7064974905913244f,0.6289924414753224f,0.3243914369324108f,0.542800463052267f,0.6743993755692071f,0.737330360427078f,0.0391078230580332f,1.267742406061389f,-0.21458513000677487f,0.24639896136020575f,-0.9451141591472358f,1.5050761002955828f,0f,0f,0f,1f], start_interpolation: 0, interpolation_duration: 1 }
$data merge entity $(bone_left_whisker13) { transformation: [-0.10065847276909028f,0.9901881141336565f,0.0969297193239877f,0.5133106761081976f,0.9678570222343905f,0.07488557343102577f,0.24009359717302967f,1.5512942680441206f,0.23047918858624294f,0.11798156432400425f,-0.9658983870512919f,1.5725993000767087f,0f,0f,0f,1f], start_interpolation: 0, interpolation_duration: 1 }
$data merge entity $(bone_left_whisker12) { transformation: [0.0545041697488602f,0.995852806176436f,0.07284561696152411f,0.5346013674163461f,0.8923870196470266f,-0.08131110468959815f,0.44388502049478396f,1.8998829475937404f,0.4479673008663523f,0.040812898508619314f,-0.8931179119633866f,1.7475865269776276f,0f,0f,0f,1f], start_interpolation: 0, interpolation_duration: 1 }
$data merge entity $(bone_left_whisker11) { transformation: [0.2876772383456814f,0.9562551203340426f,0.05308437974327047f,0.6469752886451279f,0.9436263986637251f,-0.29248223493256464f,0.15499471601890497f,2.268487009571758f,0.16374072884511953f,0.005503370219948078f,-0.9864880570151322f,1.8115477491827525f,0f,0f,0f,1f], start_interpolation: 0, interpolation_duration: 1 }
$data merge entity $(bone_left_whisker10) { transformation: [0.07309824267389207f,0.9955716849318841f,-0.05910725065402904f,0.675529289689617f,0.9930668956157043f,-0.07812878819917944f,-0.08782956954645788f,2.6564037656716426f,-0.09205861040759339f,-0.05227726672672552f,-0.9943803596378025f,1.7755873544922864f,0f,0f,0f,1f], start_interpolation: 0, interpolation_duration: 1 }
$data merge entity $(bone_left_whisker1) { transformation: [-0.34515310049249237f,0.9380929650255982f,-0.02917063917539519f,0.5407038598097372f,0.9230273181434143f,0.34491061492081876f,0.1704618364207055f,3.016961311821414f,0.16997031264722712f,0.031910134509656296f,-0.9849324018094741f,1.8419820078701095f,0f,0f,0f,1f], start_interpolation: 0, interpolation_duration: 1 }
$data merge entity $(bone_upper_left_tooth1) { transformation: [-0.99960127712019f,-0.013585698801751124f,0.024753092084691064f,0.1987387497867572f,0f,0.8766418024705118f,0.48114358580495764f,2.883767088153877f,-0.028236267098982776f,0.48095174284882336f,-0.8762922653264685f,2.707735105608652f,0f,0f,0f,1f], start_interpolation: 0, interpolation_duration: 1 }
$data merge entity $(bone_upper_right_tooth1) { transformation: [-0.99960127712019f,-0.013585698801751124f,0.024753092084691064f,-0.3869651235258541f,0f,0.8766418024705118f,0.48114358580495764f,2.883767088153877f,-0.028236267098982776f,0.48095174284882336f,-0.8762922653264685f,2.6911904178553416f,0f,0f,0f,1f], start_interpolation: 0, interpolation_duration: 1 }
$data merge entity $(bone_top_lip1) { transformation: [-0.99960127712019f,-0.0007754484683300204f,0.028225617076656835f,-0.07116794767792657f,0f,0.9996228247066582f,0.027462853556798617f,2.9779375942786386f,-0.028236267098982776f,0.027451903488740825f,-0.999224252215267f,2.75181687054689f,0f,0f,0f,1f], start_interpolation: 0, interpolation_duration: 1 }
$data merge entity $(bone_muzzle1) { transformation: [-0.99960127712019f,-0.013585698801751124f,0.024753092084691064f,-0.06107156953136128f,0f,0.8766418024705118f,0.48114358580495764f,3.341285312318732f,-0.028236267098982776f,0.48095174284882336f,-0.8762922653264685f,2.394391703324321f,0f,0f,0f,1f], start_interpolation: 0, interpolation_duration: 1 }
$data merge entity $(bone_jaw_right_tooth1) { transformation: [-0.99960127712019f,0.003186896822342677f,0.0280558455286744f,-0.38679162262734823f,0f,0.9936102895727718f,-0.11286537314479106f,2.79988435913675f,-0.028236267098982776f,-0.11282037113817989f,-0.9932141144167043f,2.685048256105703f,0f,0f,0f,1f], start_interpolation: 0, interpolation_duration: 1 }
$data merge entity $(bone_jaw_left_tooth1) { transformation: [-0.99960127712019f,0.003186896822342677f,0.0280558455286744f,0.2477209067946474f,0f,0.9936102895727718f,-0.11286537314479106f,2.79988435913675f,-0.028236267098982776f,-0.11282037113817989f,-0.9932141144167043f,2.7029716678384554f,0f,0f,0f,1f], start_interpolation: 0, interpolation_duration: 1 }
$data merge entity $(bone_tongue1) { transformation: [-0.99960127712019f,-0.006807898906396531f,0.027403271559530665f,-0.050029936550740756f,0f,0.9704990912385116f,0.24110477785648193f,2.9577804074935834f,-0.028236267098982776f,0.24100864386511905f,-0.9701121310459999f,2.00350326222021f,0f,0f,0f,1f], start_interpolation: 0, interpolation_duration: 1 }
$data merge entity $(bone_jaw_lips1) { transformation: [-0.99960127712019f,-0.006807898906396531f,0.027403271559530665f,-0.02186552951549376f,0f,0.9704990912385116f,0.24110477785648193f,2.6604260059135982f,-0.028236267098982776f,0.24100864386511905f,-0.9701121310459999f,2.73571576346047f,0f,0f,0f,1f], start_interpolation: 0, interpolation_duration: 1 }
$data merge entity $(bone_jaw3) { transformation: [-0.99960127712019f,-0.0017333657502661675f,0.028183013019563777f,0.0002794054470043033f,0f,0.9981139830122618f,0.061387921575816684f,2.635280956243929f,-0.028236267098982776f,0.06136344480694045f,-0.9977160121305764f,1.9517557168771849f,0f,0f,0f,1f], start_interpolation: 0, interpolation_duration: 1 }
$data merge entity $(bone_jaw1) { transformation: [-0.99960127712019f,-0.02115407429669202f,0.018702724944112587f,0.014890909309592262f,0f,0.6623653501558768f,0.7491809814142928f,3.2205785979738457f,-0.028236267098982776f,0.7488822658158844f,-0.6621012499359762f,1.4344891153647035f,0f,0f,0f,1f], start_interpolation: 0, interpolation_duration: 1 }
$data merge entity $(bone_tear_right1) { transformation: [-0.99960127712019f,-0.015691375242118277f,0.0234748274263334f,-0.5875957577749439f,0f,0.8313714891576124f,0.555717056617713f,3.4144411695989496f,-0.028236267098982776f,0.5554954795125387f,-0.8310400023232632f,2.3579315369207863f,0f,0f,0f,1f], start_interpolation: 0, interpolation_duration: 1 }
$data merge entity $(bone_right_pupil1) { transformation: [-0.99960127712019f,-0.015691375242118277f,0.0234748274263334f,-0.4294353440223746f,0f,0.8313714891576124f,0.555717056617713f,3.4630682453008035f,-0.028236267098982776f,0.5554954795125387f,-0.8310400023232632f,2.465422672786388f,0f,0f,0f,1f], start_interpolation: 0, interpolation_duration: 1 }
$data merge entity $(bone_right_sad_pupil1) { transformation: [-0.99960127712019f,-0.015691375242118277f,0.0234748274263334f,-0.4292060976607893f,0f,0.8313714891576124f,0.555717056617713f,3.468495169681836f,-0.028236267098982776f,0.5554954795125387f,-0.8310400023232632f,2.4573070477637002f,0f,0f,0f,1f], start_interpolation: 0, interpolation_duration: 1 }
$data merge entity $(bone_right_happy_pupil1) { transformation: [-0.99960127712019f,-0.015691375242118277f,0.0234748274263334f,-0.45322702802776516f,0f,0.8313714891576124f,0.555717056617713f,3.4481982739884143f,-0.028236267098982776f,0.5554954795125387f,-0.8310400023232632f,2.443055966834863f,0f,0f,0f,1f], start_interpolation: 0, interpolation_duration: 1 }
$data merge entity $(bone_eyelid_right1) { transformation: [-0.99960127712019f,-0.015691375242118277f,0.0234748274263334f,-0.04115063473212291f,0f,0.8313714891576124f,0.555717056617713f,3.6992470777394297f,-0.028236267098982776f,0.5554954795125387f,-0.8310400023232632f,2.035018177384262f,0f,0f,0f,1f], start_interpolation: 0, interpolation_duration: 1 }
$data merge entity $(bone_eyelid_expressions_right5) { transformation: [-0.99960127712019f,-0.015691375242118277f,0.0234748274263334f,-0.5429980552004622f,0f,0.8313714891576124f,0.555717056617713f,3.549683791669884f,-0.028236267098982776f,0.5554954795125387f,-0.8310400023232632f,2.5083835968559622f,0f,0f,0f,1f], start_interpolation: 0, interpolation_duration: 1 }
$data merge entity $(bone_eyelid_expressions_right7) { transformation: [-0.99960127712019f,-0.015691375242118277f,0.0234748274263334f,-0.25014611854415647f,0f,0.8313714891576124f,0.555717056617713f,3.549683791669884f,-0.028236267098982776f,0.5554954795125387f,-0.8310400023232632f,2.5166559407326172f,0f,0f,0f,1f], start_interpolation: 0, interpolation_duration: 1 }
$data merge entity $(bone_eyelid_expressions_right6) { transformation: [-0.99960127712019f,-0.015691375242118277f,0.0234748274263334f,-0.34776343076292504f,0f,0.8313714891576124f,0.555717056617713f,3.549683791669884f,-0.028236267098982776f,0.5554954795125387f,-0.8310400023232632f,2.5138984927737322f,0f,0f,0f,1f], start_interpolation: 0, interpolation_duration: 1 }
$data merge entity $(bone_right_eye1) { transformation: [-0.99960127712019f,-0.015691375242118277f,0.0234748274263334f,-0.05114161231558505f,0f,0.8313714891576124f,0.555717056617713f,3.693820153358397f,-0.028236267098982776f,0.5554954795125387f,-0.8310400023232632f,2.0428580576110615f,0f,0f,0f,1f], start_interpolation: 0, interpolation_duration: 1 }
$data merge entity $(bone_tear_left1) { transformation: [-0.99960127712019f,-0.015691375242118277f,0.0234748274263334f,0.46667121418775653f,0f,0.8313714891576124f,0.555717056617713f,3.4144411695989496f,-0.028236267098982776f,0.5554954795125387f,-0.8310400023232632f,2.3877119748767446f,0f,0f,0f,1f], start_interpolation: 0, interpolation_duration: 1 }
$data merge entity $(bone_left_sad_pupil1) { transformation: [-0.99960127712019f,-0.015691375242118277f,0.0234748274263334f,0.30292374397997485f,0f,0.8313714891576124f,0.555717056617713f,3.468495169681836f,-0.028236267098982776f,0.5554954795125387f,-0.8310400023232632f,2.4779879074553377f,0f,0f,0f,1f], start_interpolation: 0, interpolation_duration: 1 }
$data merge entity $(bone_left_pupil1) { transformation: [-0.99960127712019f,-0.015691375242118277f,0.0234748274263334f,0.30269449761838957f,0f,0.8313714891576124f,0.555717056617713f,3.4630682453008035f,-0.028236267098982776f,0.5554954795125387f,-0.8310400023232632f,2.486103532478026f,0f,0f,0f,1f], start_interpolation: 0, interpolation_duration: 1 }
$data merge entity $(bone_eyelid_left1) { transformation: [-0.99960127712019f,-0.015691375242118277f,0.0234748274263334f,-0.060674097175876615f,0f,0.8313714891576124f,0.555717056617713f,3.6992470777394297f,-0.028236267098982776f,0.5554954795125387f,-0.8310400023232632f,2.034466687792485f,0f,0f,0f,1f], start_interpolation: 0, interpolation_duration: 1 }
$data merge entity $(bone_left_happy_pupil1) { transformation: [-0.99960127712019f,-0.015691375242118277f,0.0234748274263334f,0.3277114697223833f,0f,0.8313714891576124f,0.555717056617713f,3.4481982739884143f,-0.028236267098982776f,0.5554954795125387f,-0.8310400023232632f,2.4651155505059434f,0f,0f,0f,1f], start_interpolation: 0, interpolation_duration: 1 }
$data merge entity $(bone_eyelid_expressions_left5) { transformation: [-0.99960127712019f,-0.015691375242118277f,0.0234748274263334f,0.41365160454346966f,0f,0.8313714891576124f,0.555717056617713f,3.549683791669884f,-0.028236267098982776f,0.5554954795125387f,-0.8310400023232632f,2.5354065868530355f,0f,0f,0f,1f], start_interpolation: 0, interpolation_duration: 1 }
$data merge entity $(bone_eyelid_expressions_left7) { transformation: [-0.99960127712019f,-0.015691375242118277f,0.0234748274263334f,0.12079966788716397f,0f,0.8313714891576124f,0.555717056617713f,3.549683791669884f,-0.028236267098982776f,0.5554954795125387f,-0.8310400023232632f,2.5271342429763806f,0f,0f,0f,1f], start_interpolation: 0, interpolation_duration: 1 }
$data merge entity $(bone_eyelid_expressions_left6) { transformation: [-0.99960127712019f,-0.015691375242118277f,0.0234748274263334f,0.21841698010593252f,0f,0.8313714891576124f,0.555717056617713f,3.549683791669884f,-0.028236267098982776f,0.5554954795125387f,-0.8310400023232632f,2.5298916909352656f,0f,0f,0f,1f], start_interpolation: 0, interpolation_duration: 1 }
$data merge entity $(bone_left_eye1) { transformation: [-0.99960127712019f,-0.015691375242118277f,0.0234748274263334f,-0.05114161231558505f,0f,0.8313714891576124f,0.555717056617713f,3.693820153358397f,-0.028236267098982776f,0.5554954795125387f,-0.8310400023232632f,2.0428580576110615f,0f,0f,0f,1f], start_interpolation: 0, interpolation_duration: 1 }
$data merge entity $(bone_crest_middle5) { transformation: [-0.99960127712019f,-0.010238544409681461f,0.026314615483720785f,-0.07978095693957205f,0f,0.9319438504910865f,0.36260261931189586f,4.465207031013584f,-0.028236267098982776f,0.3624580413512971f,-0.9315722631551973f,3.0567288133192054f,0f,0f,0f,1f], start_interpolation: 0, interpolation_duration: 1 }
$data merge entity $(bone_crest_middle4) { transformation: [-0.99960127712019f,-0.010238544409681461f,0.026314615483720785f,-0.07378180982452431f,0f,0.9319438504910865f,0.36260261931189586f,3.9191461811164627f,-0.028236267098982776f,0.3624580413512971f,-0.9315722631551973f,2.84435105471493f,0f,0f,0f,1f], start_interpolation: 0, interpolation_duration: 1 }
$data merge entity $(bone_crest_middle1) { transformation: [-0.99960127712019f,-0.010238544409681461f,0.026314615483720785f,-0.07120979771280493f,0f,0.9319438504910865f,0.36260261931189586f,3.4830426213486705f,-0.028236267098982776f,0.3624580413512971f,-0.9315722631551973f,2.7532984172458677f,0f,0f,0f,1f], start_interpolation: 0, interpolation_duration: 1 }
$data merge entity $(bone_crest_left5) { transformation: [-0.5238514030474203f,-0.84113747434906f,0.13441524009922898f,-1.0331037917721333f,-0.7011716022482506f,0.5154096642949084f,0.4926573476078798f,3.953834015735735f,-0.4836714708620621f,0.16383109349904884f,-0.8597797863854647f,2.791258018674136f,0f,0f,0f,1f], start_interpolation: 0, interpolation_duration: 1 }
$data merge entity $(bone_crest_left4) { transformation: [-0.5238514030474203f,-0.84113747434906f,0.13441524009922898f,-0.6223921343751313f,-0.7011716022482506f,0.5154096642949084f,0.4926573476078798f,3.702169140591737f,-0.4836714708620621f,0.16383109349904884f,-0.8597797863854647f,2.7112623675515537f,0f,0f,0f,1f], start_interpolation: 0, interpolation_duration: 1 }
$data merge entity $(bone_crest_left1) { transformation: [-0.5238514030474203f,-0.84113747434906f,0.13441524009922898f,-0.16404606709295894f,-0.7011716022482506f,0.5154096642949084f,0.4926573476078798f,3.4493933124845046f,-0.4836714708620621f,0.16383109349904884f,-0.8597797863854647f,2.58128571643461f,0f,0f,0f,1f], start_interpolation: 0, interpolation_duration: 1 }
$data merge entity $(bone_crest_center1) { transformation: [-0.99960127712019f,-0.015691375242118277f,0.0234748274263334f,-0.0660456695618731f,0f,0.8313714891576124f,0.555717056617713f,3.429096416791083f,-0.028236267098982776f,0.5554954795125387f,-0.8310400023232632f,2.570481436630546f,0f,0f,0f,1f], start_interpolation: 0, interpolation_duration: 1 }
$data merge entity $(bone_crest_right5) { transformation: [-0.5503193463519055f,0.8305479507093034f,-0.08566632129015203f,0.8870075654591058f,0.7011716022482506f,0.5154096642949084f,0.4926573476078798f,3.953834015735735f,0.45332880035514256f,0.21105207775330265f,-0.8659965469010723f,2.8454964219090413f,0f,0f,0f,1f], start_interpolation: 0, interpolation_duration: 1 }
$data merge entity $(bone_crest_right4) { transformation: [-0.5503193463519055f,0.8305479507093034f,-0.08566632129015203f,0.4814665739018287f,0.7011716022482506f,0.5154096642949084f,0.4926573476078798f,3.702169140591737f,0.45332880035514256f,0.21105207775330265f,-0.8659965469010723f,2.7424436495685613f,0f,0f,0f,1f], start_interpolation: 0, interpolation_duration: 1 }
$data merge entity $(bone_crest_right1) { transformation: [-0.5503193463519055f,0.8305479507093034f,-0.08566632129015203f,0.03118855734457818f,0.7011716022482506f,0.5154096642949084f,0.4926573476078798f,3.4493933124845046f,0.45332880035514256f,0.21105207775330265f,-0.8659965469010723f,2.5868006123523797f,0f,0f,0f,1f], start_interpolation: 0, interpolation_duration: 1 }
$data merge entity $(bone_head1) { transformation: [-0.99960127712019f,-0.015691375242118277f,0.0234748274263334f,-0.037766881996650195f,0f,0.8313714891576124f,0.555717056617713f,3.9517066833211527f,-0.028236267098982776f,0.5554954795125387f,-0.8310400023232632f,1.5693748786526418f,0f,0f,0f,1f], start_interpolation: 0, interpolation_duration: 1 }
$data merge entity $(bone_neck10) { transformation: [-1.301564162916914f,-0.01656707646323157f,0.03282177222970508f,-0.009411246344015856f,0f,1.1623977105276604f,0.5867304061530288f,4.021032784546888f,-0.03676597278513382f,0.5864964633158154f,-1.161934235965034f,0.5655477965328104f,0f,0f,0f,1f], start_interpolation: 0, interpolation_duration: 1 }
$data merge entity $(bone_neck9) { transformation: [-0.99960127712019f,-0.015691375242118277f,0.023474827426333403f,0.009363213073403185f,0f,0.8313714891576124f,0.555717056617713f,2.9384460767971f,-0.028236267098982776f,0.5554954795125389f,-0.8310400023232634f,-0.099092948828652f,0f,0f,0f,1f], start_interpolation: 0, interpolation_duration: 1 }
$data merge entity $(bone_neck8) { transformation: [-0.99960127712019f,0.004290468185301095f,0.027908397704562268f,0.005418545587768763f,0f,0.9883883590819157f,-0.15194884544266346f,2.2981607705545515f,-0.028236267098982776f,-0.15188825996142463f,-0.9879942660290117f,0.04055350807133634f,0f,0f,0f,1f], start_interpolation: 0, interpolation_duration: 1 }
$data merge entity $(bone_neck7) { transformation: [-0.99960127712019f,0.012391616621582802f,0.025371925768234663f,-0.005258698375734335f,0f,0.8985580735333354f,-0.438854632524326f,1.5746989995610332f,-0.028236267098982776f,-0.4386796511414278f,-0.8981997978705796f,0.4185420950409656f,0f,0f,0f,1f], start_interpolation: 0, interpolation_duration: 1 }
$data merge entity $(bone_neck6) { transformation: [-0.99960127712019f,0.008560745277194356f,0.026907255898439213f,-0.011830384288096499f,0f,0.9529324752494837f,-0.30318261430183036f,0.8137393639272017f,-0.028236267098982776f,-0.3030617284567475f,-0.9525525192686877f,0.6511884858617492f,0f,0f,0f,1f], start_interpolation: 0, interpolation_duration: 1 }
$data merge entity $(bone_neck_spine6) { transformation: [-1.101086140760371f,0.10127384276905488f,0.04790195104150767f,0.06068126075960294f,0.021753400827302958f,-0.270951335671182f,1.0728717727519028f,0.4738679619154873f,0.10989894310338448f,1.0683027005423849f,0.26756913094743934f,-1.5807391911305488f,0f,0f,0f,1f], start_interpolation: 0, interpolation_duration: 1 }
$data merge entity $(bone_neck_spine7) { transformation: [-0.9700702929795496f,0.2204291858642779f,-0.10185578382096082f,-0.4651768811370569f,-0.029753074138696135f,0.3084026201247506f,0.9507905018875009f,0.9630531255236272f,0.2409945668637945f,0.9253641434156613f,-0.2926137741507252f,-4.76103630888405f,0f,0f,0f,1f], start_interpolation: 0, interpolation_duration: 1 }
$data merge entity $(bone_tail6) { transformation: [-1.4117438901302646f,-0.13855706071448715f,-0.4795575161438475f,-0.66084523778764f,-0.3249808254363752f,1.3470447899144633f,0.5674963248753419f,-1.36419330740013f,0.3788943565990222f,0.6391138838849376f,-1.300064149050712f,-7.092513079590663f,0f,0f,0f,1f], start_interpolation: 0, interpolation_duration: 1 }
$data merge entity $(bone_tail5) { transformation: [-1.1662232135858708f,-0.11446018059022853f,-0.3961562089883958f,-0.733135878160416f,-0.2684624210126578f,1.1127761307989046f,0.46880131185354335f,-0.6613873300534526f,0.3129996858861488f,0.5279636432092963f,-1.0739660361723276f,-6.759062357563739f,0f,0f,0f,1f], start_interpolation: 0, interpolation_duration: 1 }
$data merge entity $(bone_tail4) { transformation: [-0.9427993979304724f,-0.09253201967715316f,-0.3202610194769347f,-0.769281198346804f,-0.21703067298707493f,0.8995916510037459f,0.3789888500037066f,-0.3099843413801144f,0.25303553553743396f,0.4268169241944627f,-0.8682167534529973f,-6.5923369965502765f,0f,0f,0f,1f], start_interpolation: 0, interpolation_duration: 1 }
$data merge entity $(bone_segment18) { transformation: [-0.9427993979304724f,-0.05122151169556104f,-0.32940196113799947f,-0.7942917021044021f,-0.21703067298707493f,0.844342278285245f,0.48988141838904165f,0.10229216168885291f,0.25303553553743396f,0.5333502356235568f,-0.8071620307692755f,-6.331912076812212f,0f,0f,0f,1f], start_interpolation: 0, interpolation_duration: 1 }
$data merge entity $(bone_segment17) { transformation: [-0.9830377420853128f,0.14094301875842802f,-0.11735358153491177f,-0.7048259187128219f,-0.04631454921887042f,0.42835476595252064f,0.902422936885147f,0.3741970424204334f,0.1774591788735162f,0.8925509845095814f,-0.4145611895541052f,-5.765351393285622f,0f,0f,0f,1f], start_interpolation: 0, interpolation_duration: 1 }
$data merge entity $(bone_segment16) { transformation: [-0.9676937639035293f,0.23778122791523115f,-0.08383833820720143f,-0.5074489228847491f,-0.02924703640064153f,0.2244121864735238f,0.9740553277016413f,0.5604766893955264f,0.250426416665654f,0.9450392892432026f,-0.21020787716615885f,-4.980894952019291f,0f,0f,0f,1f], start_interpolation: 0, interpolation_duration: 1 }
$data merge entity $(bone_segment15) { transformation: [-0.9700702929795496f,0.23928046020088908f,-0.04133386075146383f,-0.2620929822490718f,-0.029753074138696135f,0.05181136588264393f,0.9982135728112858f,0.6136035782400343f,0.2409945668637945f,0.9695671424565839f,-0.043141337609148483f,-3.98670989383627f,0f,0f,0f,1f], start_interpolation: 0, interpolation_duration: 1 }
$data merge entity $(bone_segment14) { transformation: [-0.9843061874899193f,0.1749020391010796f,0.023464994935951687f,-0.08275007106144143f,-0.015060502094540684f,-0.21574259941308171f,0.9763341190776582f,0.39238313938872993f,0.17582522727333572f,0.9606583198602774f,0.2149908880336768f,-3.001659858823291f,0f,0f,0f,1f], start_interpolation: 0, interpolation_duration: 1 }
$data merge entity $(bone_segment13) { transformation: [-0.9948637130634879f,0.08259810999529976f,0.05851277343225515f,0.004549851187690274f,0.019654837453374905f,-0.4094227916197498f,0.912133030356303f,-0.06969508781640935f,0.09929692741576385f,0.9085981124388798f,0.4056964262577295f,-2.0355313013533873f,0f,0f,0f,1f], start_interpolation: 0, interpolation_duration: 1 }
$data merge entity $(bone_segment12) { transformation: [-0.9995373029600456f,0.013830894060045016f,0.02709033703847044f,0.02075793016430553f,0.025987643106828155f,-0.07449105467191436f,0.9968830047601464f,-0.156989292510059f,0.01580577100651023f,0.9971257639552624f,0.07409715554273394f,-0.8670245467183142f,0f,0f,0f,1f], start_interpolation: 0, interpolation_duration: 1 }
$data merge entity $(bone_segment11) { transformation: [-1.0347984623244906f,-0.022219269163992236f,0.015713318005765163f,0.000787680114181696f,0.0030771926552465487f,0.49833008499889014f,0.9073070699517468f,0.41889421899454815f,-0.02703951128061927f,0.9070401823386215f,-0.49809179311336593f,0.18135526958639914f,0f,0f,0f,1f], start_interpolation: 0, interpolation_duration: 1 }
$data merge entity $(bone_segment10) { transformation: [-0.99960127712019f,-0.01637297049897894f,0.023004621638372205f,-0.013669093768403152f,0f,0.8147189413433816f,0.5798560568074801f,1.1707586124119644f,-0.028236267098982776f,0.5796248549306345f,-0.8143940942608534f,0.7162812383252555f,0f,0f,0f,1f], start_interpolation: 0, interpolation_duration: 1 }