# This file was generated by Animated Java via MC-Build. It is not recommended to edit this file directly.
$data merge entity $(bone_neck_spine5) { transformation: [-1.5713992948797646f,-0.016605722309316923f,0.04947425183473736f,0.12681709203934738f,-1.363723045079424e-18f,1.490545793856321f,0.5002923465073925f,4.407511294794336f,-0.05218669953178835f,0.5000166816821798f,-1.4897244919743253f,-0.30444658182565953f,0f,0f,0f,1f], start_interpolation: 0, interpolation_duration: 1 }
$data merge entity $(bone_neck_spine2) { transformation: [-1.4965707570283466f,-0.014957515727778143f,0.04739750642051158f,-0.051915530886377695f,-1.2987838524565938e-18f,1.427978215221181f,0.45063566052605963f,5.454956851106404f,-0.049701618601703176f,0.4503873569062647f,-1.4271913885430316f,1.6939077668978806f,0f,0f,0f,1f], start_interpolation: 0, interpolation_duration: 1 }
$data merge entity $(bone_scale_neck_left1) { transformation: [-1.5961173026178979f,0.3834514755015638f,0.13575567412492318f,0.7438603253818092f,0.3863226494318392f,1.2568527816187507f,0.9920337578484143f,4.605175800567719f,0.1273555953125067f,0.9931470848321285f,-1.3078587466044314f,1.4165953142290961f,0f,0f,0f,1f], start_interpolation: 0, interpolation_duration: 1 }
$data merge entity $(bone_scale_neck_right1) { transformation: [-1.5841506565639585f,-0.44849939285847334f,-0.048683392971656136f,-0.8275389694979547f,-0.3863226494318392f,1.2568527816187507f,0.9920337578484143f,4.605175800567719f,-0.2329733647471661f,0.9655177164508492f,-1.3139840301067565f,1.3644086146973078f,0f,0f,0f,1f], start_interpolation: 0, interpolation_duration: 1 }
$data merge entity $(bone_blush_right1) { transformation: [-0.9994489925198002f,-0.018345993323985642f,0.027661089640732363f,-0.740638739275841f,-8.673617379884035e-19f,0.8333652210689393f,0.5527227228120066f,3.744410419543751f,-0.03319203746618091f,0.5524181684572605f,-0.8329060305983919f,2.4695775499320205f,0f,0f,0f,1f], start_interpolation: 0, interpolation_duration: 1 }
$data merge entity $(bone_blush_left1) { transformation: [-0.9994489925198002f,-0.018345993323985642f,0.027661089640732363f,0.5838263806942458f,-8.673617379884035e-19f,0.8333652210689393f,0.5527227228120066f,3.744410419543751f,-0.03319203746618091f,0.5524181684572605f,-0.8329060305983919f,2.513563482394528f,0f,0f,0f,1f], start_interpolation: 0, interpolation_duration: 1 }
$data merge entity $(bone_left_head_scales) { transformation: [-0.8992945533563005f,-0.018345993323985642f,-0.43695850012632603f,0.5925310896636727f,-0.2552189507619361f,0.8333652210689393f,0.4902710428780133f,4.5700074885680335f,0.3551515077761443f,0.5524181684572605f,-0.7541230494306993f,2.5898033378992253f,0f,0f,0f,1f], start_interpolation: 0, interpolation_duration: 1 }
$data merge entity $(bone_left_head_scales2) { transformation: [-0.8345664346068857f,-0.018345993323985642f,-0.5506017533176834f,0.6043541129986731f,-0.3170287296407578f,0.8333652210689393f,0.452763948316433f,3.728170893774581f,0.45054594750138205f,0.5524181684572605f,-0.7013148482303847f,2.2337990169007322f,0f,0f,0f,1f], start_interpolation: 0, interpolation_duration: 1 }
$data merge entity $(bone_left_head_scales1) { transformation: [-0.9994489925198002f,-0.018345993323985642f,0.027661089640732363f,0.5945914307108f,-8.673617379884035e-19f,0.8333652210689393f,0.5527227228120066f,4.476416667842518f,-0.03319203746618091f,0.5524181684572605f,-0.8329060305983919f,2.5277641881213104f,0f,0f,0f,1f], start_interpolation: 0, interpolation_duration: 1 }
$data merge entity $(bone_right_head_scales) { transformation: [-0.8737496137919442f,-0.018345993323985642f,0.486029872464013f,-0.7543825916618393f,0.2552189507619361f,0.8333652210689393f,0.4902710428780133f,4.5700074885680335f,-0.41403490139166405f,0.5524181684572605f,-0.7234702948897908f,2.5450718811576927f,0f,0f,0f,1f], start_interpolation: 0, interpolation_duration: 1 }
$data merge entity $(bone_right_head_scales2) { transformation: [-0.8028349361634495f,-0.018345993323985642f,0.5959190295706173f,-0.7425595683268389f,0.3170287296407578f,0.8333652210689393f,0.452763948316433f,3.728170893774581f,-0.5049245981904599f,0.5524181684572605f,-0.6632385071002197f,2.1890675601591996f,0f,0f,0f,1f], start_interpolation: 0, interpolation_duration: 1 }
$data merge entity $(bone_right_head_scales1) { transformation: [-0.9994489925198002f,-0.018345993323985642f,0.027661089640732363f,-0.752322250614712f,-8.673617379884035e-19f,0.8333652210689393f,0.5527227228120066f,4.476416667842518f,-0.03319203746618091f,0.5524181684572605f,-0.8329060305983919f,2.4830327313797778f,0f,0f,0f,1f], start_interpolation: 0, interpolation_duration: 1 }
$data merge entity $(bone_head_left_fin1) { transformation: [-0.7513091581636204f,0.013196633938114688f,-0.730777391369868f,0.6046475456247409f,-0.1699389355061296f,1.0161311794626162f,0.19306315637150978f,4.172006205472396f,0.7108660247076724f,0.2568627512929615f,-0.7261998484850397f,2.2249634356926f,0f,0f,0f,1f], start_interpolation: 0, interpolation_duration: 1 }
$data merge entity $(bone_head_right_fin1) { transformation: [-0.7024895252010765f,-0.03020975674744939f,0.7773487220065393f,-0.7422661357007712f,0.1699389355061296f,1.0161311794626162f,0.19306315637150978f,4.172006205472396f,-0.7591471683454949f,0.25542121044726557f,-0.6761144726093681f,2.1802319789510674f,0f,0f,0f,1f], start_interpolation: 0, interpolation_duration: 1 }
$data merge entity $(bone_right_whisker16) { transformation: [0.26050852904268884f,0.9281781598994742f,-0.265745385249944f,-1.2605111113968996f,0.9647952077724653f,-0.2605713443153307f,0.03567606453894717f,1.4462554714319769f,-0.03613188834395867f,-0.2656837932718666f,-0.9633828982483402f,1.9086744415936026f,0f,0f,0f,1f], start_interpolation: 0, interpolation_duration: 1 }
$data merge entity $(bone_right_whisker15) { transformation: [-0.8862342807349437f,0.3794314033769162f,-0.265745385249944f,-0.9619263195477243f,0.3842731650853936f,0.9225298656489485f,0.03567606453894717f,1.3167884382733237f,0.2586946737864369f,-0.07050146890070615f,-0.9633828982483402f,1.8215165681011019f,0f,0f,0f,1f], start_interpolation: 0, interpolation_duration: 1 }
$data merge entity $(bone_right_whisker14) { transformation: [-0.7184204267459642f,-0.6428463896239176f,-0.265745385249944f,-0.7198803749897582f,-0.6736951439495307f,0.7381477300905518f,0.03567606453894717f,1.543765806107882f,0.1732251236194334f,0.2046617890805713f,-0.9633828982483402f,1.763154587975414f,0f,0f,0f,1f], start_interpolation: 0, interpolation_duration: 1 }
$data merge entity $(bone_right_whisker13) { transformation: [-0.08643286340609359f,-0.9955549461348168f,-0.03741268969114323f,-0.6907599278461036f,-0.9686897689644858f,0.07520876196448732f,0.23660890437027163f,1.8701310114718934f,-0.2327434029719312f,0.056692074845354615f,-0.9708843994126046f,1.841569113390762f,0f,0f,0f,1f], start_interpolation: 0, interpolation_duration: 1 }
$data merge entity $(bone_right_whisker12) { transformation: [0.0817996586544335f,-0.9964894990662531f,-0.017818363973900554f,-0.7275058682572749f,-0.8939865638304753f,-0.08126497324844223f,0.44066316820618173f,2.2717265381926146f,-0.44056422861439587f,-0.020116718758738817f,-0.8974956702356753f,2.039478825463635f,0f,0f,0f,1f], start_interpolation: 0, interpolation_duration: 1 }
$data merge entity $(bone_right_whisker11) { transformation: [0.29707536417454333f,-0.9548237574828864f,0.007603955998347567f,-0.8609576920075581f,-0.9441798704643991f,-0.29255768518655567f,0.1514409886659317f,2.695869839377794f,-0.14237485806979097f,-0.05216888904842133f,-0.9884370525253797f,2.103436281237174f,0f,0f,0f,1f], start_interpolation: 0, interpolation_duration: 1 }
$data merge entity $(bone_right_whisker10) { transformation: [0.06718941681876484f,-0.9904928575311505f,0.12003949952965715f,-0.8911404378441126f,-0.9927220095380529f,-0.07841739360310293f,-0.09139870983348883f,3.141819179599966f,0.0999429539601695f,-0.11302482718532378f,-0.9885528789060518f,2.058540032387879f,0f,0f,0f,1f], start_interpolation: 0, interpolation_duration: 1 }
$data merge entity $(bone_right_whisker1) { transformation: [-0.33417604691246466f,-0.938241118955696f,0.08961011310517342f,-0.7410222917701539f,-0.9236676046059216f,0.34492784187053105f,0.16692195812443983f,3.556747986356532f,-0.1875220676920918f,-0.026988638411408028f,-0.9818895495549287f,2.142778461233936f,0f,0f,0f,1f], start_interpolation: 0, interpolation_duration: 1 }
$data merge entity $(bone_left_whisker16) { transformation: [0.2575372582889917f,-0.9085055364434518f,0.3290778796038792f,1.1397677714197552f,-0.9647952077724653f,-0.2605713443153307f,0.03567606453894717f,1.4462554714319769f,0.053336363320674f,-0.3266806770736483f,-0.9436286173990419f,1.9883885112499933f,0f,0f,0f,1f], start_interpolation: 0, interpolation_duration: 1 }
$data merge entity $(bone_left_whisker15) { transformation: [-0.8671177879572634f,-0.37391775962571944f,0.3290778796038792f,0.8476235948130599f,-0.3842731650853936f,0.9225298656489485f,0.03567606453894717f,1.3167884382733237f,-0.31692408618367296f,-0.09552044818894036f,-0.9436286173990419f,1.8816123298697518f,0f,0f,0f,1f], start_interpolation: 0, interpolation_duration: 1 }
$data merge entity $(bone_left_whisker14) { transformation: [-0.7053443895310267f,0.6278511298966644f,0.3290778796038792f,0.6099831510745796f,0.6736951439495307f,0.7381477300905518f,0.03567606453894717f,1.543765806107882f,-0.22050883242157096f,0.2468620814334347f,-0.9436286173990419f,1.8073198033214688f,0f,0f,0f,1f], start_interpolation: 0, interpolation_duration: 1 }
$data merge entity $(bone_left_whisker13) { transformation: [-0.10168435745898576f,0.9895999405101205f,0.1017460033147229f,0.5757242611103704f,0.9686897689644858f,0.07520876196448732f,0.23660890437027163f,1.8701310114718934f,0.22649596674485048f,0.1226197368539643f,-0.9662628923756619f,1.8836294796173412f,0f,0f,0f,1f], start_interpolation: 0, interpolation_duration: 1 }
$data merge entity $(bone_left_whisker12) { transformation: [0.0523890856766953f,0.9956285054150776f,0.07732569370460854f,0.5992584206916984f,0.8939865638304753f,-0.08126497324844223f,0.44066316820618173f,2.2717265381926146f,0.44502068198291567f,0.0460421907370731f,-0.8943359040537238f,2.083541114101854f,0f,0f,0f,1f], start_interpolation: 0, interpolation_duration: 1 }
$data merge entity $(bone_left_whisker11) { transformation: [0.28697456613114125f,0.9561811523386889f,0.05799312292074209f,0.728172776570922f,0.9441798704643991f,-0.29255768518655567f,0.1514409886659317f,2.695869839377794f,0.1617713528523324f,0.011296227270255407f,-0.9867636113303858f,2.1562118390159877f,0f,0f,0f,1f], start_interpolation: 0, interpolation_duration: 1 }
$data merge entity $(bone_left_whisker10) { transformation: [0.07367233495149622f,0.9958092974435743f,-0.05418699279098151f,0.7612677707874145f,0.9927220095380529f,-0.07841739360310293f,-0.09139870983348883f,3.141819179599966f,-0.09526488776839462f,-0.04705906400929977f,-0.9943389993624124f,2.1134170652137794f,0f,0f,0f,1f], start_interpolation: 0, interpolation_duration: 1 }
$data merge entity $(bone_left_whisker1) { transformation: [-0.3458813356122296f,0.9379644057748665f,-0.024266750390233953f,0.6058913895553582f,0.9236676046059216f,0.34492784187053105f,0.16692195812443983f,3.556747986356532f,0.16493713310428149f,0.03532077861457261f,-0.9856714385237104f,2.1875099179754685f,0f,0f,0f,1f], start_interpolation: 0, interpolation_duration: 1 }
$data merge entity $(bone_upper_left_tooth1) { transformation: [-0.9994489925198002f,-0.015865358467733473f,0.029154789518133634f,0.20768191508057113f,-8.673617379884035e-19f,0.8783669742431212f,0.4779868811578248f,3.4071957219063203f,-0.03319203746618091f,0.4777235068108691f,-0.8778829874699527f,3.1817081307030795f,0f,0f,0f,1f], start_interpolation: 0, interpolation_duration: 1 }
$data merge entity $(bone_upper_right_tooth1) { transformation: [-0.9994489925198002f,-0.015865358467733473f,0.029154789518133634f,-0.4657749255821848f,-8.673617379884035e-19f,0.8783669742431212f,0.4779868811578248f,3.4071957219063203f,-0.03319203746618091f,0.4777235068108691f,-0.8778829874699527f,3.159342402332313f,0f,0f,0f,1f], start_interpolation: 0, interpolation_duration: 1 }
$data merge entity $(bone_top_lip1) { transformation: [-0.9994489925198002f,-0.0002492571225108861f,0.03319110154910853f,-0.1029453739168174f,-8.673617379884035e-19f,0.9999718029640896f,0.007509545708510812f,3.5157049233142836f,-0.03319203746618091f,0.007505407892652249f,-0.9994208110206674f,3.230472831853045f,0f,0f,0f,1f], start_interpolation: 0, interpolation_duration: 1 }
$data merge entity $(bone_muzzle1) { transformation: [-0.9994489925198002f,-0.015865358467733473f,0.029154789518133634f,-0.08924690747419747f,-8.673617379884035e-19f,0.8783669742431212f,0.4779868811578248f,3.932072852730971f,-0.03319203746618091f,0.4777235068108691f,-0.8778829874699527f,2.817996842721846f,0f,0f,0f,1f], start_interpolation: 0, interpolation_duration: 1 }
$data merge entity $(bone_jaw_right_tooth1) { transformation: [-0.9994489925198002f,0.003570567978662052f,0.03299943022941623f,-0.4654082556030994f,-8.673617379884035e-19f,0.9941971854857986f,-0.10757302808844048f,3.2977669686977715f,-0.03319203746618091f,-0.10751375454529614f,-0.9936493753998024f,3.1483015633492375f,0f,0f,0f,1f], start_interpolation: 0, interpolation_duration: 1 }
$data merge entity $(bone_jaw_left_tooth1) { transformation: [-0.9994489925198002f,0.003570567978662052f,0.03299943022941623f,0.2641699884482196f,-8.673617379884035e-19f,0.9941971854857986f,-0.10757302808844048f,3.2977669686977715f,-0.03319203746618091f,-0.10751375454529614f,-0.9936493753998024f,3.1725311024175675f,0f,0f,0f,1f], start_interpolation: 0, interpolation_duration: 1 }
$data merge entity $(bone_tongue1) { transformation: [-0.9994489925198002f,-0.008651622830301846f,0.03204466841080676f,-0.07445756533257007f,-8.673617379884035e-19f,0.9654324005706734f,0.26065356304556236f,3.4960116556962886f,-0.03319203746618091f,0.2605099409825834f,-0.9649004400963318f,2.372673378666933f,0f,0f,0f,1f], start_interpolation: 0, interpolation_duration: 1 }
$data merge entity $(bone_jaw_lips1) { transformation: [-0.9994489925198002f,-0.008651622830301846f,0.03204466841080676f,-0.046008936360444556f,-8.673617379884035e-19f,0.9654324005706734f,0.26065356304556236f,3.1371450954440765f,-0.03319203746618091f,0.2605099409825834f,-0.9649004400963318f,3.207795061494708f,0f,0f,0f,1f], start_interpolation: 0, interpolation_duration: 1 }
$data merge entity $(bone_jaw3) { transformation: [-0.9994489925198002f,-0.0022139678953416245f,0.0331181173576451f,-0.016067897771824578f,-8.673617379884035e-19f,0.997772956583002f,0.06670177742470385f,3.113031179960674f,-0.03319203746618091f,0.06666502424640008f,-0.9972231762203838f,2.306237244115086f,0f,0f,0f,1f], start_interpolation: 0, interpolation_duration: 1 }
$data merge entity $(bone_jaw1) { transformation: [-0.9994489925198002f,-0.024983557075848126f,0.02185253365159738f,0.00356523793078245f,-8.673617379884035e-19f,0.6583667445501875f,0.7526973028185954f,3.7892826629617558f,-0.03319203746618091f,0.7522825609744159f,-0.6580039795492256f,1.7150617937388284f,0f,0f,0f,1f], start_interpolation: 0, interpolation_duration: 1 }
$data merge entity $(bone_tear_right1) { transformation: [-0.9994489925198002f,-0.018345993323985642f,0.027661089640732363f,-0.6945243525774343f,-8.673617379884035e-19f,0.8333652210689393f,0.5527227228120066f,4.01611227468946f,-0.03319203746618091f,0.5524181684572605f,-0.8329060305983919f,2.772763711187183f,0f,0f,0f,1f], start_interpolation: 0, interpolation_duration: 1 }
$data merge entity $(bone_right_pupil1) { transformation: [-0.9994489925198002f,-0.018345993323985642f,0.027661089640732363f,-0.5132483036360926f,-8.673617379884035e-19f,0.8333652210689393f,0.5527227228120066f,4.072459083819244f,-0.03319203746618091f,0.5524181684572605f,-0.8329060305983919f,2.897076975228601f,0f,0f,0f,1f], start_interpolation: 0, interpolation_duration: 1 }
$data merge entity $(bone_right_sad_pupil1) { transformation: [-0.9994489925198002f,-0.018345993323985642f,0.027661089640732363f,-0.5129376566332914f,-8.673617379884035e-19f,0.8333652210689393f,0.5527227228120066f,4.0786664190852f,-0.03319203746618091f,0.5524181684572605f,-0.8329060305983919f,2.8877230500802793f,0f,0f,0f,1f], start_interpolation: 0, interpolation_duration: 1 }
$data merge entity $(bone_right_happy_pupil1) { transformation: [-0.9994489925198002f,-0.018345993323985642f,0.027661089640732363f,-0.5404829204819007f,-8.673617379884035e-19f,0.8333652210689393f,0.5527227228120066f,4.0552690133944465f,-0.03319203746618091f,0.5524181684572605f,-0.8329060305983919f,2.871281567740686f,0f,0f,0f,1f], start_interpolation: 0, interpolation_duration: 1 }
$data merge entity $(bone_eyelid_right1) { transformation: [-0.9994489925198002f,-0.018345993323985642f,0.027661089640732363f,-0.06423997070075128f,-8.673617379884035e-19f,0.8333652210689393f,0.5527227228120066f,4.3422377720202f,-0.03319203746618091f,0.5524181684572605f,-0.8329060305983919f,2.4033585720748625f,0f,0f,0f,1f], start_interpolation: 0, interpolation_duration: 1 }
$data merge entity $(bone_eyelid_expressions_right5) { transformation: [-0.9994489925198002f,-0.018345993323985642f,0.027661089640732363f,-0.6440768662971319f,-8.673617379884035e-19f,0.8333652210689393f,0.5527227228120066f,4.172257239810715f,-0.03319203746618091f,0.5524181684572605f,-0.8329060305983919f,2.9454754471821856f,0f,0f,0f,1f], start_interpolation: 0, interpolation_duration: 1 }
$data merge entity $(bone_eyelid_expressions_right7) { transformation: [-0.9994489925198002f,-0.018345993323985642f,0.027661089640732363f,-0.30734844596575384f,-8.673617379884035e-19f,0.8333652210689393f,0.5527227228120066f,4.172257239810715f,-0.03319203746618091f,0.5524181684572605f,-0.8329060305983919f,2.956658311367569f,0f,0f,0f,1f], start_interpolation: 0, interpolation_duration: 1 }
$data merge entity $(bone_eyelid_expressions_right6) { transformation: [-0.9994489925198002f,-0.018345993323985642f,0.027661089640732363f,-0.4195912527428799f,-8.673617379884035e-19f,0.8333652210689393f,0.5527227228120066f,4.172257239810715f,-0.03319203746618091f,0.5524181684572605f,-0.8329060305983919f,2.9529306899724412f,0f,0f,0f,1f], start_interpolation: 0, interpolation_duration: 1 }
$data merge entity $(bone_right_eye1) { transformation: [-0.9994489925198002f,-0.018345993323985642f,0.027661089640732363f,-0.07577489838126508f,-8.673617379884035e-19f,0.8333652210689393f,0.5527227228120066f,4.336030436754244f,-0.03319203746618091f,0.5524181684572605f,-0.8329060305983919f,2.4123397350836715f,0f,0f,0f,1f], start_interpolation: 0, interpolation_duration: 1 }
$data merge entity $(bone_tear_left1) { transformation: [-0.9994489925198002f,-0.018345993323985642f,0.027661089640732363f,0.5176979606155265f,-8.673617379884035e-19f,0.8333652210689393f,0.5527227228120066f,4.01611227468946f,-0.03319203746618091f,0.5524181684572605f,-0.8329060305983919f,2.8130220222545623f,0f,0f,0f,1f], start_interpolation: 0, interpolation_duration: 1 }
$data merge entity $(bone_left_sad_pupil1) { transformation: [-0.9994489925198002f,-0.018345993323985642f,0.027661089640732363f,0.32888339419515356f,-8.673617379884035e-19f,0.8333652210689393f,0.5527227228120066f,4.0786664190852f,-0.03319203746618091f,0.5524181684572605f,-0.8329060305983919f,2.915680210543737f,0f,0f,0f,1f], start_interpolation: 0, interpolation_duration: 1 }
$data merge entity $(bone_left_pupil1) { transformation: [-0.9994489925198002f,-0.018345993323985642f,0.027661089640732363f,0.3285727471923524f,-8.673617379884035e-19f,0.8333652210689393f,0.5527227228120066f,4.072459083819244f,-0.03319203746618091f,0.5524181684572605f,-0.8329060305983919f,2.925034135692059f,0f,0f,0f,1f], start_interpolation: 0, interpolation_duration: 1 }
$data merge entity $(bone_eyelid_left1) { transformation: [-0.9994489925198002f,-0.018345993323985642f,0.027661089640732363f,-0.08668853205617649f,-8.673617379884035e-19f,0.8333652210689393f,0.5527227228120066f,4.3422377720202f,-0.03319203746618091f,0.5524181684572605f,-0.8329060305983919f,2.4026130477958367f,0f,0f,0f,1f], start_interpolation: 0, interpolation_duration: 1 }
$data merge entity $(bone_left_happy_pupil1) { transformation: [-0.9994489925198002f,-0.018345993323985642f,0.027661089640732363f,0.3574595337351072f,-8.673617379884035e-19f,0.8333652210689393f,0.5527227228120066f,4.0552690133944465f,-0.03319203746618091f,0.5524181684572605f,-0.8329060305983919f,2.9011025389017084f,0f,0f,0f,1f], start_interpolation: 0, interpolation_duration: 1 }
$data merge entity $(bone_eyelid_expressions_left5) { transformation: [-0.9994489925198002f,-0.018345993323985642f,0.027661089640732363f,0.45590264011870285f,-8.673617379884035e-19f,0.8333652210689393f,0.5527227228120066f,4.172257239810715f,-0.03319203746618091f,0.5524181684572605f,-0.8329060305983919f,2.9820061368544377f,0f,0f,0f,1f], start_interpolation: 0, interpolation_duration: 1 }
$data merge entity $(bone_eyelid_expressions_left7) { transformation: [-0.9994489925198002f,-0.018345993323985642f,0.027661089640732363f,0.11917421978732484f,-8.673617379884035e-19f,0.8333652210689393f,0.5527227228120066f,4.172257239810715f,-0.03319203746618091f,0.5524181684572605f,-0.8329060305983919f,2.9708232726690547f,0f,0f,0f,1f], start_interpolation: 0, interpolation_duration: 1 }
$data merge entity $(bone_eyelid_expressions_left6) { transformation: [-0.9994489925198002f,-0.018345993323985642f,0.027661089640732363f,0.23141702656445087f,-8.673617379884035e-19f,0.8333652210689393f,0.5527227228120066f,4.172257239810715f,-0.03319203746618091f,0.5524181684572605f,-0.8329060305983919f,2.9745508940641825f,0f,0f,0f,1f], start_interpolation: 0, interpolation_duration: 1 }
$data merge entity $(bone_left_eye1) { transformation: [-0.9994489925198002f,-0.018345993323985642f,0.027661089640732363f,-0.07577489838126508f,-8.673617379884035e-19f,0.8333652210689393f,0.5527227228120066f,4.336030436754244f,-0.03319203746618091f,0.5524181684572605f,-0.8329060305983919f,2.4123397350836715f,0f,0f,0f,1f], start_interpolation: 0, interpolation_duration: 1 }
$data merge entity $(bone_crest_middle5) { transformation: [-0.9994489925198002f,-0.011924164465908766f,0.03097621108118802f,-0.11438446398549859f,-8.673617379884035e-19f,0.9332422305424737f,0.3592477406082168f,5.227315619658719f,-0.03319203746618091f,0.3590497924158965f,-0.9327280070926064f,3.5749164971789664f,0f,0f,0f,1f], start_interpolation: 0, interpolation_duration: 1 }
$data merge entity $(bone_crest_middle4) { transformation: [-0.9994489925198002f,-0.011924164465908766f,0.03097621108118802f,-0.10634962660124367f,-8.673617379884035e-19f,0.9332422305424737f,0.3592477406082168f,4.598470757281466f,-0.03319203746618091f,0.3590497924158965f,-0.9327280070926064f,3.332978648773724f,0f,0f,0f,1f], start_interpolation: 0, interpolation_duration: 1 }
$data merge entity $(bone_crest_middle1) { transformation: [-0.9994489925198002f,-0.011924164465908766f,0.03097621108118802f,-0.10293258997418347f,-8.673617379884035e-19f,0.9332422305424737f,0.3592477406082168f,4.096578077460804f,-0.03319203746618091f,0.3590497924158965f,-0.9327280070926064f,3.2300878931881942f,0f,0f,0f,1f], start_interpolation: 0, interpolation_duration: 1 }
$data merge entity $(bone_crest_left5) { transformation: [-0.5215306984091265f,-0.841877843582449f,0.1387350968639667f,-1.2092488626582427f,-0.7028530986875079f,0.5160808921472037f,0.4895488069905952f,4.638254013461697f,-0.48373882651928735f,0.1578043384876092f,-0.8608684791954174f,3.266309307793036f,0f,0f,0f,1f], start_interpolation: 0, interpolation_duration: 1 }
$data merge entity $(bone_crest_left4) { transformation: [-0.5215306984091265f,-0.841877843582449f,0.1387350968639667f,-0.7365147219747388f,-0.7028530986875079f,0.5160808921472037f,0.4895488069905952f,4.348462496875133f,-0.48373882651928735f,0.1578043384876092f,-0.8608684791954174f,3.17769847319306f,0f,0f,0f,1f], start_interpolation: 0, interpolation_duration: 1 }
$data merge entity $(bone_crest_left1) { transformation: [-0.5215306984091265f,-0.841877843582449f,0.1387350968639667f,-0.20871686637359f,-0.7028530986875079f,0.5160808921472037f,0.4895488069905952f,4.057181141522451f,-0.48373882651928735f,0.1578043384876092f,-0.8608684791954174f,3.031886772365766f,0f,0f,0f,1f], start_interpolation: 0, interpolation_duration: 1 }
$data merge entity $(bone_crest_center1) { transformation: [-0.9994489925198002f,-0.018345993323985642f,0.027661089640732363f,-0.09595898092777352f,-8.673617379884035e-19f,0.8333652210689393f,0.5527227228120066f,4.033783735831698f,-0.03319203746618091f,0.5524181684572605f,-0.8329060305983919f,3.0201048048416945f,0f,0f,0f,1f], start_interpolation: 0, interpolation_duration: 1 }
$data merge entity $(bone_crest_right5) { transformation: [-0.552476406077906f,0.8295529079848345f,-0.08131293612424431f,0.9985428001287391f,0.7028530986875079f,0.5160808921472037f,0.4895488069905952f,4.638254013461697f,0.4480706890576631f,0.21331311636758596f,-0.8681763484413403f,3.3396308120791045f,0f,0f,0f,1f], start_interpolation: 0, interpolation_duration: 1 }
$data merge entity $(bone_crest_right4) { transformation: [-0.552476406077906f,0.8295529079848345f,-0.08131293612424431f,0.5327293996489736f,0.7028530986875079f,0.5160808921472037f,0.4895488069905952f,4.348462496875133f,0.4480706890576631f,0.21331311636758596f,-0.8681763484413403f,3.21985049771254f,0f,0f,0f,1f], start_interpolation: 0, interpolation_duration: 1 }
$data merge entity $(bone_crest_right1) { transformation: [-0.552476406077906f,0.8295529079848345f,-0.08131293612424431f,0.015768747180661985f,0.7028530986875079f,0.5160808921472037f,0.4895488069905952f,4.057181141522451f,0.4480706890576631f,0.21331311636758596f,-0.8681763484413403f,3.0393420151560218f,0f,0f,0f,1f], start_interpolation: 0, interpolation_duration: 1 }
$data merge entity $(bone_head1) { transformation: [-1.0475995299198422f,-0.019229849773188066f,0.028993720261444714f,-0.0576591427036358f,-9.091486967196152e-19f,0.8735143267714789f,0.5793512914891473f,4.63063846601902f,-0.03479113302119221f,0.5790320645938731f,-0.8730330138433661f,1.866854277037016f,0f,0f,0f,1f], start_interpolation: 0, interpolation_duration: 1 }
$data merge entity $(bone_neck10) { transformation: [-1.4965707570283466f,-0.021016168141018414f,0.04503966660952998f,-0.019263529802040158f,-1.2987838524565938e-18f,1.3569419067877508f,0.6331689689863608f,4.674688784385477f,-0.049701618601703176f,0.6328200881482186f,-1.356194221646914f,0.7107198676691243f,0f,0f,0f,1f], start_interpolation: 0, interpolation_duration: 1 }
$data merge entity $(bone_neck9) { transformation: [-1.1448766291266859f,-0.021015478680698408f,0.03168599428572176f,0.00596766879660871f,-9.935696471292949e-19f,0.95462637140026f,0.633148197127426f,3.4269714386239976f,-0.03802173823030296f,0.6327993277347334f,-0.9541003651288223f,-0.04901945370216235f,0f,0f,0f,1f], start_interpolation: 0, interpolation_duration: 1 }
$data merge entity $(bone_neck8) { transformation: [-1.0625652374901262f,0.005487428792415582f,0.034858881217251246f,0.0007761237817438191f,-9.221365352441817e-19f,1.050218181175792f,-0.1653236502280608f,2.648586570666407f,-0.03528814920720926f,-0.1652325556601313f,-1.049639503102122f,0.10730371386519827f,0f,0f,0f,1f], start_interpolation: 0, interpolation_duration: 1 }
$data merge entity $(bone_neck7) { transformation: [-1.0550823837049845f,0.015832322968859405f,0.03125882273569678f,-0.014209091293555437f,-9.156426159818987e-19f,0.9417566718387245f,-0.4769915973067585f,1.806540460293503f,-0.03503964111420074f,-0.47672877136865005f,-0.9412377568680131f,0.5585251287891921f,0f,0f,0f,1f], start_interpolation: 0, interpolation_duration: 1 }
$data merge entity $(bone_neck6) { transformation: [-1.0490961006768709f,0.011207241209939567f,0.03298911188346386f,-0.02383184044112048f,-9.104474805720722e-19f,0.9938863173758525f,-0.3376484863684109f,0.9254250298780944f,-0.03484083463979393f,-0.33746243952674376f,-0.9933386785805102f,0.8482767582456179f,0f,0f,0f,1f], start_interpolation: 0, interpolation_duration: 1 }
$data merge entity $(bone_neck_spine6) { transformation: [-1.268306482929289f,0.10048989994948772f,0.03585824709029537f,0.0941810116714226f,0.011650402890408026f,-0.2947645046914002f,1.238129041499001f,0.4074263227559233f,0.10605801237406771f,1.234099280973328f,0.2928071570660229f,-1.7134965767465578f,0f,0f,0f,1f], start_interpolation: 0, interpolation_duration: 1 }
$data merge entity $(bone_neck_spine7) { transformation: [-0.9627887390253843f,0.23820026776293807f,-0.12766548650114753f,-0.515664106074561f,-0.050695402563722354f,0.3048212316287856f,0.9510594055616151f,0.9471578902843749f,0.2654577558950053f,0.9221413390505682f,-0.2814027907630146f,-5.3624391297142555f,0f,0f,0f,1f], start_interpolation: 0, interpolation_duration: 1 }
$data merge entity $(bone_tail6) { transformation: [-1.6224561519080367f,0.0049652483461423225f,-0.5769864114272995f,-1.0525521859216609f,-0.18533151767259262f,1.6262172220320739f,0.5351370972475993f,-1.8257114109960502f,0.5464340776526162f,0.5662992412164031f,-1.5316712786054285f,-7.829273558825368f,0f,0f,0f,1f], start_interpolation: 0, interpolation_duration: 1 }
$data merge entity $(bone_tail5) { transformation: [-1.3402898646196824f,0.00410172689463931f,-0.47664094857037775f,-1.049961621567152f,-0.15309994938170696f,1.3433968355917132f,0.4420697759871472f,-0.9772502516749684f,0.45140206414781336f,0.4678124166570286f,-1.2652936649349191f,-7.533813085147244f,0f,0f,0f,1f], start_interpolation: 0, interpolation_duration: 1 }
$data merge entity $(bone_tail4) { transformation: [-0.9875820055092396f,0.0030223250802605436f,-0.35120911999922566f,-1.0486663393898974f,-0.11281048901809984f,0.9898713525412622f,0.3257356244115821f,-0.5530196720144275f,0.3326120472668098f,0.34470388595781054f,-0.9323216478467824f,-7.386082848308183f,0f,0f,0f,1f], start_interpolation: 0, interpolation_duration: 1 }
$data merge entity $(bone_segment18) { transformation: [-0.9421900375541565f,0.04929277023943798f,-0.3314334864430849f,-1.0209872936011504f,-0.10762541064087042f,0.8921916235060694f,0.43864664358682637f,-0.052033164674593624f,0.31732428857255895f,0.44895916267264896f,-0.835308904618042f,-7.133981755987115f,0f,0f,0f,1f], start_interpolation: 0, interpolation_duration: 1 }
$data merge entity $(bone_segment17) { transformation: [-0.9546675979172792f,0.23962561339778365f,-0.17660504774945573f,-0.8460652760085297f,-0.053488893755165974f,0.4455352293592725f,0.8936650925512472f,0.2731988508977273f,0.2928288164298388f,0.8625995158841189f,-0.41252073822389035f,-6.504300957038502f,0f,0f,0f,1f], start_interpolation: 0, interpolation_duration: 1 }
$data merge entity $(bone_segment16) { transformation: [-0.9477155171828926f,0.2977470957152694f,-0.1148127409475275f,-0.5618389224326741f,-0.04810181421182935f,0.22238519365371567f,0.9737715548901242f,0.4854854981599414f,0.31547030598820636f,0.9283811138948925f,-0.19643572333714135f,-5.618077774585125f,0f,0f,0f,1f], start_interpolation: 0, interpolation_duration: 1 }
$data merge entity $(bone_segment15) { transformation: [-0.9627887390253843f,0.263126049769969f,-0.06166462469164846f,-0.25156089011115307f,-0.050695402563722354f,0.048282412848258016f,0.9975463822642298f,0.5424200816699722f,0.2654577558950053f,0.9635525364721957f,-0.03314648236518683f,-4.481857376352531f,0f,0f,0f,1f], start_interpolation: 0, interpolation_duration: 1 }
$data merge entity $(bone_segment14) { transformation: [-1.0317182309255828f,0.18483769773188127f,0.008228942710658386f,-0.04361848016278668f,-0.0318275659256032f,-0.2232257262912017f,1.0236368883516211f,0.2912911395923704f,0.18226271162311009f,1.0073135056396867f,0.22533309418025518f,-3.348629682507884f,0f,0f,0f,1f], start_interpolation: 0, interpolation_duration: 1 }
$data merge entity $(bone_segment13) { transformation: [-1.0221058127136036f,0.0747347195483055f,0.04252106694672478f,0.04522660571627466f,0.009388854094034702f,-0.4072004430522398f,0.9413783832338878f,-0.224900078324303f,0.0854702805602781f,0.9384541185882683f,0.40508309057383707f,-2.2294626210378055f,0f,0f,0f,1f], start_interpolation: 0, interpolation_duration: 1 }
$data merge entity $(bone_segment12) { transformation: [-1.1154486352215895f,-0.004869490622064496f,0.014983705651514053f,0.03934399959565983f,0.015212145030423535f,-0.05675011697039026f,1.1140116229461419f,-0.2934572666106805f,-0.0041004899149917f,1.1141048395355821f,0.056810858975449345f,-0.883564157169317f,0f,0f,0f,1f], start_interpolation: 0, interpolation_duration: 1 }
$data merge entity $(bone_segment11) { transformation: [-1.1895818583879325f,-0.041889223014537444f,0.016221469443246726f,-0.00442438111040247f,-0.007158250600001608f,0.6011628010269694f,1.0274604065320976f,0.4013108734408114f,-0.04434639245764437f,1.0266311024598826f,-0.6009865371365202f,0.30304606470101947f,0f,0f,0f,1f], start_interpolation: 0, interpolation_duration: 1 }
$data merge entity $(bone_segment10) { transformation: [-1.0475995299198426f,-0.01947988688424092f,0.028826323800919713f,-0.02566427951911119f,-9.091486967196156e-19f,0.8684710551526286f,0.5868843364643951f,1.2903471333025527f,-0.03479113302119222f,0.586560958804991f,-0.8679925211049025f,0.903453527439668f,0f,0f,0f,1f], start_interpolation: 0, interpolation_duration: 1 }