# This file was generated by Animated Java via MC-Build. It is not recommended to edit this file directly.
$data merge entity $(bone_neck_spine5) { transformation: [-1.3664341694606645f,-0.0144397585298408f,0.04302108855194552f,0.11197955711456474f,-1.1858461261560207e-18f,1.2961267772663658f,0.43503682304990643f,3.8170397548286914f,-0.04537973872329422f,0.4347971145062433f,-1.2954126017168044f,-0.2989958217680489f,0f,0f,0f,1f], start_interpolation: 0, interpolation_duration: 1 }
$data merge entity $(bone_neck_spine2) { transformation: [-1.3013658756768232f,-0.013006535415459255f,0.041215222974357896f,-0.04344011499476144f,-1.1293772630057337e-18f,1.2417201871488532f,0.39185709610961705f,4.727861977708752f,-0.04321879878408972f,0.39164117991849107f,-1.2410359900374188f,1.4387036119045953f,0f,0f,0f,1f], start_interpolation: 0, interpolation_duration: 1 }
$data merge entity $(bone_scale_neck_left1) { transformation: [-1.3879280892329549f,0.3334360656535338f,0.11804841228254191f,0.648538890455836f,0.33593273863638196f,1.0929154622771746f,0.862638050302969f,3.988921933762068f,0.11074399592391888f,0.8636061607235901f,-1.1372684753082014f,1.1975623487143474f,0f,0f,0f,1f], start_interpolation: 0, interpolation_duration: 1 }
$data merge entity $(bone_scale_neck_right1) { transformation: [-1.3775223100556162f,-0.3899994720508464f,-0.042333385192744474f,-0.7178952790048283f,-0.33593273863638196f,1.0929154622771746f,0.862638050302969f,3.988921933762068f,-0.20258553456275316f,0.8395806230007384f,-1.142594808788484f,1.1521826099910533f,0f,0f,0f,1f], start_interpolation: 0, interpolation_duration: 1 }
$data merge entity $(bone_blush_right1) { transformation: [-0.9994489925198002f,-0.018345993323985642f,0.027661089640732363f,-0.6423298614203818f,-8.673617379884035e-19f,0.8333652210689393f,0.5527227228120066f,3.2404302980890534f,-0.03319203746618091f,0.5524181684572605f,-0.8329060305983919f,2.1131990754125427f,0f,0f,0f,1f], start_interpolation: 0, interpolation_duration: 1 }
$data merge entity $(bone_blush_left1) { transformation: [-0.9994489925198002f,-0.018345993323985642f,0.027661089640732363f,0.5093789385536067f,-8.673617379884035e-19f,0.8333652210689393f,0.5527227228120066f,3.2404302980890534f,-0.03319203746618091f,0.5524181684572605f,-0.8329060305983919f,2.151447712336462f,0f,0f,0f,1f], start_interpolation: 0, interpolation_duration: 1 }
$data merge entity $(bone_left_head_scales) { transformation: [-0.8992945533563005f,-0.018345993323985642f,-0.43695850012632603f,0.5169482507009345f,-0.2552189507619361f,0.8333652210689393f,0.4902710428780133f,3.958340792892777f,0.3551515077761443f,0.5524181684572605f,-0.7541230494306993f,2.2177432388622864f,0f,0f,0f,1f], start_interpolation: 0, interpolation_duration: 1 }
$data merge entity $(bone_left_head_scales2) { transformation: [-0.8345664346068857f,-0.018345993323985642f,-0.5506017533176834f,0.5272291405574566f,-0.3170287296407578f,0.8333652210689393f,0.452763948316433f,3.2263089713332533f,0.45054594750138205f,0.5524181684572605f,-0.7013148482303847f,1.9081742640809878f,0f,0f,0f,1f], start_interpolation: 0, interpolation_duration: 1 }
$data merge entity $(bone_left_head_scales1) { transformation: [-0.9994489925198002f,-0.018345993323985642f,0.027661089640732363f,0.51873985161148f,-8.673617379884035e-19f,0.8333652210689393f,0.5527227228120066f,3.8769574705227634f,-0.03319203746618091f,0.5524181684572605f,-0.8329060305983919f,2.163796152098882f,0f,0f,0f,1f], start_interpolation: 0, interpolation_duration: 1 }
$data merge entity $(bone_right_head_scales) { transformation: [-0.8737496137919442f,-0.018345993323985642f,0.486029872464013f,-0.6542810374082063f,0.2552189507619361f,0.8333652210689393f,0.4902710428780133f,3.958340792892777f,-0.41403490139166405f,0.5524181684572605f,-0.7234702948897908f,2.1788463199566057f,0f,0f,0f,1f], start_interpolation: 0, interpolation_duration: 1 }
$data merge entity $(bone_right_head_scales2) { transformation: [-0.8028349361634495f,-0.018345993323985642f,0.5959190295706173f,-0.6440001475516842f,0.3170287296407578f,0.8333652210689393f,0.452763948316433f,3.2263089713332533f,-0.5049245981904599f,0.5524181684572605f,-0.6632385071002197f,1.869277345175307f,0f,0f,0f,1f], start_interpolation: 0, interpolation_duration: 1 }
$data merge entity $(bone_right_head_scales1) { transformation: [-0.9994489925198002f,-0.018345993323985642f,0.027661089640732363f,-0.6524894364976609f,-8.673617379884035e-19f,0.8333652210689393f,0.5527227228120066f,3.8769574705227634f,-0.03319203746618091f,0.5524181684572605f,-0.8329060305983919f,2.1248992331932013f,0f,0f,0f,1f], start_interpolation: 0, interpolation_duration: 1 }
$data merge entity $(bone_head_left_fin1) { transformation: [-0.716776935987156f,0.012590080576983952f,-0.6971888653069052f,0.5274842993627329f,-0.16212807760087894f,0.9694270134500488f,0.18418944607865778f,3.6122527206357007f,0.6781926794726614f,0.24505663725837817f,-0.6928217188031187f,1.90049114998696f,0f,0f,0f,1f], start_interpolation: 0, interpolation_duration: 1 }
$data merge entity $(bone_head_right_fin1) { transformation: [-0.6702011867756855f,-0.028821233766510725f,0.7416196503118289f,-0.643744988746408f,0.16212807760087894f,0.9694270134500488f,0.18418944607865778f,3.6122527206357007f,-0.7242546898004225f,0.24368135356956516f,-0.6450384036819811f,1.8615942310812792f,0f,0f,0f,1f], start_interpolation: 0, interpolation_duration: 1 }
$data merge entity $(bone_right_whisker16) { transformation: [0.26050852904268884f,0.9281781598994742f,-0.265745385249944f,-1.0943927936995634f,0.9647952077724653f,-0.2605713443153307f,0.03567606453894717f,1.242034691035336f,-0.03613188834395867f,-0.2656837932718666f,-0.9633828982483402f,1.6254572420747877f,0f,0f,0f,1f], start_interpolation: 0, interpolation_duration: 1 }
$data merge entity $(bone_right_whisker15) { transformation: [-0.8862342807349437f,0.3794314033769162f,-0.265745385249944f,-0.834753844265498f,0.3842731650853936f,0.9225298656489485f,0.03567606453894717f,1.1294546622017245f,0.2586946737864369f,-0.07050146890070615f,-0.9633828982483402f,1.5496677868639175f,0f,0f,0f,1f], start_interpolation: 0, interpolation_duration: 1 }
$data merge entity $(bone_right_whisker14) { transformation: [-0.7184204267459642f,-0.6428463896239176f,-0.265745385249944f,-0.6242791098672663f,-0.6736951439495307f,0.7381477300905518f,0.03567606453894717f,1.3268262864056886f,0.1732251236194334f,0.2046617890805713f,-0.9633828982483402f,1.4989182389285367f,0f,0f,0f,1f], start_interpolation: 0, interpolation_duration: 1 }
$data merge entity $(bone_right_whisker13) { transformation: [-0.08643286340609359f,-0.9955549461348168f,-0.03741268969114323f,-0.5989569819162623f,-0.9686897689644858f,0.07520876196448732f,0.23660890437027163f,1.6106221171570028f,-0.2327434029719312f,0.056692074845354615f,-0.9708843994126046f,1.5671047827679696f,0f,0f,0f,1f], start_interpolation: 0, interpolation_duration: 1 }
$data merge entity $(bone_right_whisker12) { transformation: [0.0817996586544335f,-0.9964894990662531f,-0.017818363973900554f,-0.6309099735781504f,-0.8939865638304753f,-0.08126497324844223f,0.44066316820618173f,1.9598356186532822f,-0.44056422861439587f,-0.020116718758738817f,-0.8974956702356753f,1.739200184570468f,0f,0f,0f,1f], start_interpolation: 0, interpolation_duration: 1 }
$data merge entity $(bone_right_whisker11) { transformation: [0.29707536417454333f,-0.9548237574828864f,0.007603955998347567f,-0.7469550377088313f,-0.9441798704643991f,-0.29255768518655567f,0.1514409886659317f,2.328655880553438f,-0.14237485806979097f,-0.05216888904842133f,-0.9884370525253797f,1.7948153635039803f,0f,0f,0f,1f], start_interpolation: 0, interpolation_duration: 1 }
$data merge entity $(bone_right_whisker10) { transformation: [0.06718941681876484f,-0.9904928575311505f,0.12003949952965715f,-0.7732009036536613f,-0.9927220095380529f,-0.07841739360310293f,-0.09139870983348883f,2.71643791552924f,0.0999429539601695f,-0.11302482718532378f,-0.9885528789060518f,1.7557751471132892f,0f,0f,0f,1f], start_interpolation: 0, interpolation_duration: 1 }
$data merge entity $(bone_right_whisker1) { transformation: [-0.33417604691246466f,-0.938241118955696f,0.08961011310517342f,-0.6426633853284799f,-0.9236676046059216f,0.34492784187053105f,0.16692195812443983f,3.077245573578428f,-0.1875220676920918f,-0.026988638411408028f,-0.9818895495549287f,1.8290259548055126f,0f,0f,0f,1f], start_interpolation: 0, interpolation_duration: 1 }
$data merge entity $(bone_left_whisker16) { transformation: [0.2575372582889917f,-0.9085055364434518f,0.3290778796038792f,0.9928062348366585f,-0.9647952077724653f,-0.2605713443153307f,0.03567606453894717f,1.242034691035336f,0.053336363320674f,-0.3266806770736483f,-0.9436286173990419f,1.6947738243846935f,0f,0f,0f,1f], start_interpolation: 0, interpolation_duration: 1 }
$data merge entity $(bone_left_whisker15) { transformation: [-0.8671177879572634f,-0.37391775962571944f,0.3290778796038792f,0.738767820396054f,-0.3842731650853936f,0.9225298656489485f,0.03567606453894717f,1.1294546622017245f,-0.31692408618367296f,-0.09552044818894036f,-0.9436286173990419f,1.6019249710105705f,0f,0f,0f,1f], start_interpolation: 0, interpolation_duration: 1 }
$data merge entity $(bone_left_whisker14) { transformation: [-0.7053443895310267f,0.6278511298966644f,0.3290778796038792f,0.532123956275636f,0.6736951439495307f,0.7381477300905518f,0.03567606453894717f,1.3268262864056886f,-0.22050883242157096f,0.2468620814334347f,-0.9436286173990419f,1.5373227740120634f,0f,0f,0f,1f], start_interpolation: 0, interpolation_duration: 1 }
$data merge entity $(bone_left_whisker13) { transformation: [-0.10168435745898576f,0.9895999405101205f,0.1017460033147229f,0.5023336171763237f,0.9686897689644858f,0.07520876196448732f,0.23660890437027163f,1.6106221171570028f,0.22649596674485048f,0.1226197368539643f,-0.9662628923756619f,1.6036790142693438f,0f,0f,0f,1f], start_interpolation: 0, interpolation_duration: 1 }
$data merge entity $(bone_left_whisker12) { transformation: [0.0523890856766953f,0.9956285054150776f,0.07732569370460854f,0.5227981037687829f,0.8939865638304753f,-0.08126497324844223f,0.44066316820618173f,1.9598356186532822f,0.44502068198291567f,0.0460421907370731f,-0.8943359040537238f,1.7775152181689202f,0f,0f,0f,1f], start_interpolation: 0, interpolation_duration: 1 }
$data merge entity $(bone_left_whisker11) { transformation: [0.28697456613114125f,0.9561811523386889f,0.05799312292074209f,0.63489754366376f,0.9441798704643991f,-0.29255768518655567f,0.1514409886659317f,2.328655880553438f,0.1617713528523324f,0.011296227270255407f,-0.9867636113303858f,1.8407071528768626f,0f,0f,0f,1f], start_interpolation: 0, interpolation_duration: 1 }
$data merge entity $(bone_left_whisker10) { transformation: [0.07367233495149622f,0.9958092974435743f,-0.05418699279098151f,0.6636757995041882f,0.9927220095380529f,-0.07841739360310293f,-0.09139870983348883f,2.71643791552924f,-0.09526488776839462f,-0.04705906400929977f,-0.9943389993624124f,1.8034943060923334f,0f,0f,0f,1f], start_interpolation: 0, interpolation_duration: 1 }
$data merge entity $(bone_left_whisker1) { transformation: [-0.3458813356122296f,0.9379644057748665f,-0.024266750390233953f,0.528565902780661f,0.9236676046059216f,0.34492784187053105f,0.16692195812443983f,3.077245573578428f,0.16493713310428149f,0.03532077861457261f,-0.9856714385237104f,1.8679228737111933f,0f,0f,0f,1f], start_interpolation: 0, interpolation_duration: 1 }
$data merge entity $(bone_upper_left_tooth1) { transformation: [-0.9994489925198002f,-0.015865358467733473f,0.029154789518133634f,0.18229679454171585f,-8.673617379884035e-19f,0.8783669742431212f,0.4779868811578248f,2.9472001262304177f,-0.03319203746618091f,0.4777235068108691f,-0.8778829874699527f,2.732443058691724f,0f,0f,0f,1f], start_interpolation: 0, interpolation_duration: 1 }
$data merge entity $(bone_upper_right_tooth1) { transformation: [-0.9994489925198002f,-0.015865358467733473f,0.029154789518133634f,-0.40331784951285454f,-8.673617379884035e-19f,0.8783669742431212f,0.4779868811578248f,2.9472001262304177f,-0.03319203746618091f,0.4777235068108691f,-0.8778829874699527f,2.7129945992388835f,0f,0f,0f,1f], start_interpolation: 0, interpolation_duration: 1 }
$data merge entity $(bone_top_lip1) { transformation: [-0.9994489925198002f,-0.0002492571225108861f,0.03319110154910853f,-0.08781389154296987f,-8.673617379884035e-19f,0.9999718029640896f,0.007509545708510812f,3.0415559535416907f,-0.03319203746618091f,0.007505407892652249f,-0.9994208110206674f,2.774847146648216f,0f,0f,0f,1f], start_interpolation: 0, interpolation_duration: 1 }
$data merge entity $(bone_muzzle1) { transformation: [-0.9994489925198002f,-0.015865358467733473f,0.029154789518133634f,-0.07590218159286558f,-8.673617379884035e-19f,0.8783669742431212f,0.4779868811578248f,3.4036150225996793f,-0.03319203746618091f,0.4777235068108691f,-0.8778829874699527f,2.4161723734906517f,0f,0f,0f,1f], start_interpolation: 0, interpolation_duration: 1 }
$data merge entity $(bone_jaw_right_tooth1) { transformation: [-0.9994489925198002f,0.003570567978662052f,0.03299943022941623f,-0.40299900605278016f,-8.673617379884035e-19f,0.9941971854857986f,-0.10757302808844048f,2.852044688657767f,-0.03319203746618091f,-0.10751375454529614f,-0.9936493753998024f,2.703393869688384f,0f,0f,0f,1f], start_interpolation: 0, interpolation_duration: 1 }
$data merge entity $(bone_jaw_left_tooth1) { transformation: [-0.9994489925198002f,0.003570567978662052f,0.03299943022941623f,0.23141685833967107f,-8.673617379884035e-19f,0.9941971854857986f,-0.10757302808844048f,2.852044688657767f,-0.03319203746618091f,-0.10751375454529614f,-0.9936493753998024f,2.7244630340956277f,0f,0f,0f,1f], start_interpolation: 0, interpolation_duration: 1 }
$data merge entity $(bone_tongue1) { transformation: [-0.9994489925198002f,-0.008651622830301846f,0.03204466841080676f,-0.06304188407840697f,-8.673617379884035e-19f,0.9654324005706734f,0.26065356304556236f,3.0244313730043033f,-0.03319203746618091f,0.2605099409825834f,-0.9649004400963318f,2.0289345786602926f,0f,0f,0f,1f], start_interpolation: 0, interpolation_duration: 1 }
$data merge entity $(bone_jaw_lips1) { transformation: [-0.9994489925198002f,-0.008651622830301846f,0.03204466841080676f,-0.0383039458417761f,-8.673617379884035e-19f,0.9654324005706734f,0.26065356304556236f,2.712373494524119f,-0.03319203746618091f,0.2605099409825834f,-0.9649004400963318f,2.7551273463366193f,0f,0f,0f,1f], start_interpolation: 0, interpolation_duration: 1 }
$data merge entity $(bone_jaw3) { transformation: [-0.9994489925198002f,-0.0022139678953416245f,0.0331181173576451f,-0.01226826011254131f,-8.673617379884035e-19f,0.997772956583002f,0.06670177742470385f,2.691404872364638f,-0.03319203746618091f,0.06666502424640008f,-0.9972231762203838f,1.9711640268760777f,0f,0f,0f,1f], start_interpolation: 0, interpolation_duration: 1 }
$data merge entity $(bone_jaw1) { transformation: [-0.9994489925198002f,-0.024983557075848126f,0.02185253365159738f,0.004804031802769143f,-8.673617379884035e-19f,0.6583667445501875f,0.7526973028185954f,3.279449640191666f,-0.03319203746618091f,0.7522825609744159f,-0.6580039795492256f,1.4570984178532453f,0f,0f,0f,1f], start_interpolation: 0, interpolation_duration: 1 }
$data merge entity $(bone_tear_right1) { transformation: [-0.9994489925198002f,-0.018345993323985642f,0.027661089640732363f,-0.6022303947261151f,-8.673617379884035e-19f,0.8333652210689393f,0.5527227228120066f,3.476692780824452f,-0.03319203746618091f,0.5524181684572605f,-0.8329060305983919f,2.376839215634423f,0f,0f,0f,1f], start_interpolation: 0, interpolation_duration: 1 }
$data merge entity $(bone_right_pupil1) { transformation: [-0.9994489925198002f,-0.018345993323985642f,0.027661089640732363f,-0.44459904782060045f,-8.673617379884035e-19f,0.8333652210689393f,0.5527227228120066f,3.5256900061546994f,-0.03319203746618091f,0.5524181684572605f,-0.8329060305983919f,2.4849377061052214f,0f,0f,0f,1f], start_interpolation: 0, interpolation_duration: 1 }
$data merge entity $(bone_right_sad_pupil1) { transformation: [-0.9994489925198002f,-0.018345993323985642f,0.027661089640732363f,-0.4443289199920777f,-8.673617379884035e-19f,0.8333652210689393f,0.5527227228120066f,3.5310876889946607f,-0.03319203746618091f,0.5524181684572605f,-0.8329060305983919f,2.476803858150159f,0f,0f,0f,1f], start_interpolation: 0, interpolation_duration: 1 }
$data merge entity $(bone_right_happy_pupil1) { transformation: [-0.9994489925198002f,-0.018345993323985642f,0.027661089640732363f,-0.46828132333869454f,-8.673617379884035e-19f,0.8333652210689393f,0.5527227228120066f,3.5107421188287886f,-0.03319203746618091f,0.5524181684572605f,-0.8329060305983919f,2.4625069169852956f,0f,0f,0f,1f], start_interpolation: 0, interpolation_duration: 1 }
$data merge entity $(bone_eyelid_right1) { transformation: [-0.9994489925198002f,-0.018345993323985642f,0.027661089640732363f,-0.054157019181173244f,-8.673617379884035e-19f,0.8333652210689393f,0.5527227228120066f,3.7602801698077037f,-0.03319203746618091f,0.5524181684572605f,-0.8329060305983919f,2.055617355536753f,0f,0f,0f,1f], start_interpolation: 0, interpolation_duration: 1 }
$data merge entity $(bone_eyelid_expressions_right5) { transformation: [-0.9994489925198002f,-0.018345993323985642f,0.027661089640732363f,-0.558363015351939f,-8.673617379884035e-19f,0.8333652210689393f,0.5527227228120066f,3.612471011364674f,-0.03319203746618091f,0.5524181684572605f,-0.8329060305983919f,2.527023333890947f,0f,0f,0f,1f], start_interpolation: 0, interpolation_duration: 1 }
$data merge entity $(bone_eyelid_expressions_right7) { transformation: [-0.9994489925198002f,-0.018345993323985642f,0.027661089640732363f,-0.2655556933246538f,-8.673617379884035e-19f,0.8333652210689393f,0.5527227228120066f,3.612471011364674f,-0.03319203746618091f,0.5524181684572605f,-0.8329060305983919f,2.5367475636173675f,0f,0f,0f,1f], start_interpolation: 0, interpolation_duration: 1 }
$data merge entity $(bone_eyelid_expressions_right6) { transformation: [-0.9994489925198002f,-0.018345993323985642f,0.027661089640732363f,-0.3631581340004155f,-8.673617379884035e-19f,0.8333652210689393f,0.5527227228120066f,3.612471011364674f,-0.03319203746618091f,0.5524181684572605f,-0.8329060305983919f,2.5335061537085606f,0f,0f,0f,1f], start_interpolation: 0, interpolation_duration: 1 }
$data merge entity $(bone_right_eye1) { transformation: [-0.9994489925198002f,-0.018345993323985642f,0.027661089640732363f,-0.0641873910772722f,-8.673617379884035e-19f,0.8333652210689393f,0.5527227228120066f,3.754882486967743f,-0.03319203746618091f,0.5524181684572605f,-0.8329060305983919f,2.063427062500935f,0f,0f,0f,1f], start_interpolation: 0, interpolation_duration: 1 }
$data merge entity $(bone_tear_left1) { transformation: [-0.9994489925198002f,-0.018345993323985642f,0.027661089640732363f,0.45187596457211165f,-8.673617379884035e-19f,0.8333652210689393f,0.5527227228120066f,3.476692780824452f,-0.03319203746618091f,0.5524181684572605f,-0.8329060305983919f,2.4118464426495354f,0f,0f,0f,1f], start_interpolation: 0, interpolation_duration: 1 }
$data merge entity $(bone_left_sad_pupil1) { transformation: [-0.9994489925198002f,-0.018345993323985642f,0.027661089640732363f,0.2876893850761354f,-8.673617379884035e-19f,0.8333652210689393f,0.5527227228120066f,3.5310876889946607f,-0.03319203746618091f,0.5524181684572605f,-0.8329060305983919f,2.5011144324662093f,0f,0f,0f,1f], start_interpolation: 0, interpolation_duration: 1 }
$data merge entity $(bone_left_pupil1) { transformation: [-0.9994489925198002f,-0.018345993323985642f,0.027661089640732363f,0.28741925724761264f,-8.673617379884035e-19f,0.8333652210689393f,0.5527227228120066f,3.5256900061546994f,-0.03319203746618091f,0.5524181684572605f,-0.8329060305983919f,2.509248280421272f,0f,0f,0f,1f], start_interpolation: 0, interpolation_duration: 1 }
$data merge entity $(bone_eyelid_left1) { transformation: [-0.9994489925198002f,-0.018345993323985642f,0.027661089640732363f,-0.0736775073163256f,-8.673617379884035e-19f,0.8333652210689393f,0.5527227228120066f,3.7602801698077037f,-0.03319203746618091f,0.5524181684572605f,-0.8329060305983919f,2.0549690735549917f,0f,0f,0f,1f], start_interpolation: 0, interpolation_duration: 1 }
$data merge entity $(bone_left_happy_pupil1) { transformation: [-0.9994489925198002f,-0.018345993323985642f,0.027661089640732363f,0.31253820206739935f,-8.673617379884035e-19f,0.8333652210689393f,0.5527227228120066f,3.5107421188287886f,-0.03319203746618091f,0.5524181684572605f,-0.8329060305983919f,2.4884381962557494f,0f,0f,0f,1f], start_interpolation: 0, interpolation_duration: 1 }
$data merge entity $(bone_eyelid_expressions_left5) { transformation: [-0.9994489925198002f,-0.018345993323985642f,0.027661089640732363f,0.3981409032705261f,-8.673617379884035e-19f,0.8333652210689393f,0.5527227228120066f,3.612471011364674f,-0.03319203746618091f,0.5524181684572605f,-0.8329060305983919f,2.558789150997253f,0f,0f,0f,1f], start_interpolation: 0, interpolation_duration: 1 }
$data merge entity $(bone_eyelid_expressions_left7) { transformation: [-0.9994489925198002f,-0.018345993323985642f,0.027661089640732363f,0.10533358124324088f,-8.673617379884035e-19f,0.8333652210689393f,0.5527227228120066f,3.612471011364674f,-0.03319203746618091f,0.5524181684572605f,-0.8329060305983919f,2.549064921270833f,0f,0f,0f,1f], start_interpolation: 0, interpolation_duration: 1 }
$data merge entity $(bone_eyelid_expressions_left6) { transformation: [-0.9994489925198002f,-0.018345993323985642f,0.027661089640732363f,0.20293602191900262f,-8.673617379884035e-19f,0.8333652210689393f,0.5527227228120066f,3.612471011364674f,-0.03319203746618091f,0.5524181684572605f,-0.8329060305983919f,2.55230633117964f,0f,0f,0f,1f], start_interpolation: 0, interpolation_duration: 1 }
$data merge entity $(bone_left_eye1) { transformation: [-0.9994489925198002f,-0.018345993323985642f,0.027661089640732363f,-0.0641873910772722f,-8.673617379884035e-19f,0.8333652210689393f,0.5527227228120066f,3.754882486967743f,-0.03319203746618091f,0.5524181684572605f,-0.8329060305983919f,2.063427062500935f,0f,0f,0f,1f], start_interpolation: 0, interpolation_duration: 1 }
$data merge entity $(bone_crest_middle5) { transformation: [-0.9994489925198002f,-0.011924164465908766f,0.03097621108118802f,-0.09776092638530134f,-8.673617379884035e-19f,0.9332422305424737f,0.3592477406082168f,4.52991308079772f,-0.03319203746618091f,0.3590497924158965f,-0.9327280070926064f,3.074363377366409f,0f,0f,0f,1f], start_interpolation: 0, interpolation_duration: 1 }
$data merge entity $(bone_crest_middle4) { transformation: [-0.9994489925198002f,-0.011924164465908766f,0.03097621108118802f,-0.09077411126855793f,-8.673617379884035e-19f,0.9332422305424737f,0.3592477406082168f,3.9830914613392396f,-0.03319203746618091f,0.3590497924158965f,-0.9327280070926064f,2.8639826396227197f,0f,0f,0f,1f], start_interpolation: 0, interpolation_duration: 1 }
$data merge entity $(bone_crest_middle1) { transformation: [-0.9994489925198002f,-0.011924164465908766f,0.03097621108118802f,-0.08780277507111428f,-8.673617379884035e-19f,0.9332422305424737f,0.3592477406082168f,3.5466630441038816f,-0.03319203746618091f,0.3590497924158965f,-0.9327280070926064f,2.774512417374433f,0f,0f,0f,1f], start_interpolation: 0, interpolation_duration: 1 }
$data merge entity $(bone_crest_left5) { transformation: [-0.5215306984091265f,-0.841877843582449f,0.1387350968639667f,-1.0498169252311667f,-0.7028530986875079f,0.5160808921472037f,0.4895488069905952f,4.017685597148137f,-0.48373882651928735f,0.1578043384876092f,-0.8608684791954174f,2.806009299639513f,0f,0f,0f,1f], start_interpolation: 0, interpolation_duration: 1 }
$data merge entity $(bone_crest_left4) { transformation: [-0.5215306984091265f,-0.841877843582449f,0.1387350968639667f,-0.6387437594194239f,-0.7028530986875079f,0.5160808921472037f,0.4895488069905952f,3.7656929740293856f,-0.48373882651928735f,0.1578043384876092f,-0.8608684791954174f,2.7289563999873603f,0f,0f,0f,1f], start_interpolation: 0, interpolation_duration: 1 }
$data merge entity $(bone_crest_left1) { transformation: [-0.5215306984091265f,-0.841877843582449f,0.1387350968639667f,-0.17978910237494602f,-0.7028530986875079f,0.5160808921472037f,0.4895488069905952f,3.512404838940096f,-0.48373882651928735f,0.1578043384876092f,-0.8608684791954174f,2.6021636166592783f,0f,0f,0f,1f], start_interpolation: 0, interpolation_duration: 1 }
$data merge entity $(bone_crest_center1) { transformation: [-0.9994489925198002f,-0.018345993323985642f,0.027661089640732363f,-0.08173876720467084f,-8.673617379884035e-19f,0.8333652210689393f,0.5527227228120066f,3.4920592687742245f,-0.03319203746618091f,0.5524181684572605f,-0.8329060305983919f,2.5919184275079115f,0f,0f,0f,1f], start_interpolation: 0, interpolation_duration: 1 }
$data merge entity $(bone_crest_right5) { transformation: [-0.552476406077906f,0.8295529079848345f,-0.08131293612424431f,0.8700019119749061f,0.7028530986875079f,0.5160808921472037f,0.4895488069905952f,4.017685597148137f,0.4480706890576631f,0.21331311636758596f,-0.8681763484413403f,2.8697671294534857f,0f,0f,0f,1f], start_interpolation: 0, interpolation_duration: 1 }
$data merge entity $(bone_crest_right4) { transformation: [-0.552476406077906f,0.8295529079848345f,-0.08131293612424431f,0.464946781122936f,0.7028530986875079f,0.5160808921472037f,0.4895488069905952f,3.7656929740293856f,0.4480706890576631f,0.21331311636758596f,-0.8681763484413403f,2.765610334352125f,0f,0f,0f,1f], start_interpolation: 0, interpolation_duration: 1 }
$data merge entity $(bone_crest_right1) { transformation: [-0.552476406077906f,0.8295529079848345f,-0.08131293612424431f,0.015415778976577445f,0.7028530986875079f,0.5160808921472037f,0.4895488069905952f,3.512404838940096f,0.4480706890576631f,0.21331311636758596f,-0.8681763484413403f,2.6086464364768913f,0f,0f,0f,1f], start_interpolation: 0, interpolation_duration: 1 }
$data merge entity $(bone_head1) { transformation: [-0.9994489925198002f,-0.018345993323985642f,0.027661089640732363f,-0.04843456005324673f,-8.673617379884035e-19f,0.8333652210689393f,0.5527227228120066f,4.011063381980591f,-0.03319203746618091f,0.5524181684572605f,-0.8329060305983919f,1.5890918815907997f,0f,0f,0f,1f], start_interpolation: 0, interpolation_duration: 1 }
$data merge entity $(bone_neck10) { transformation: [-1.3013658756768232f,-0.018274928818276883f,0.03916492748654781f,-0.015047070573598349f,-1.1293772630057337e-18f,1.1799494841632616f,0.5505817121620529f,4.049368006647075f,-0.04321879878408972f,0.5502783375201901f,-1.1792993231712297f,0.5837576125752415f,0f,0f,0f,1f], start_interpolation: 0, interpolation_duration: 1 }
$data merge entity $(bone_neck9) { transformation: [-0.9994489925198002f,-0.018345993323985642f,0.027661089640732363f,0.006893102120878919f,-8.673617379884035e-19f,0.8333652210689392f,0.5527227228120066f,2.9643964016370927f,-0.03319203746618091f,0.5524181684572605f,-0.8329060305983917f,-0.07688527557370323f,0f,0f,0f,1f], start_interpolation: 0, interpolation_duration: 1 }
$data merge entity $(bone_neck8) { transformation: [-0.9994489925198002f,0.0051614761942133085f,0.032788267942252244f,0.0021796804928387366f,-8.673617379884035e-19f,0.9878353498383443f,-0.15550344565235846f,2.3246177965646155f,-0.03319203746618091f,-0.15541776209060726f,-0.9872910451713774f,0.06504106752185451f,0f,0f,0f,1f], start_interpolation: 0, interpolation_duration: 1 }
$data merge entity $(bone_neck7) { transformation: [-0.9994489925198002f,0.014997501128688279f,0.02961057768857863f,-0.010718479982032703f,-8.673617379884035e-19f,0.8920988269776632f,-0.4518403289936362f,1.606716298344365f,-0.03319203746618091f,-0.4515913615925048f,-0.8916072738509209f,0.45341895800548504f,0f,0f,0f,1f], start_interpolation: 0, interpolation_duration: 1 }
$data merge entity $(bone_neck6) { transformation: [-0.9994489925198002f,0.010676873099588896f,0.031427945080320346f,-0.018933633554944915f,-8.673617379884035e-19f,0.9468519403890775f,-0.3216697110102829f,0.8504299811638445f,-0.03319203746618091f,-0.32149246859336256f,-0.9463302178872813f,0.7007863264657155f,0f,0f,0f,1f], start_interpolation: 0, interpolation_duration: 1 }
$data merge entity $(bone_neck_spine6) { transformation: [-1.1028752025472082f,0.08738252169520673f,0.03118108442634381f,0.08272388615300244f,0.010130785122093937f,-0.2563169606012176f,1.0766339491295662f,0.4493311339300929f,0.09222435858614586f,1.0731298095420245f,0.254614919187846f,-1.511010368576646f,0f,0f,0f,1f], start_interpolation: 0, interpolation_duration: 1 }
$data merge entity $(bone_neck_spine7) { transformation: [-0.9627887390253843f,0.23820026776293807f,-0.12766548650114753f,-0.44757621623480953f,-0.050695402563722354f,0.3048212316287856f,0.9510594055616151f,0.9186629317809203f,0.2654577558950053f,0.9221413390505682f,-0.2814027907630146f,-4.684003892896384f,0f,0f,0f,1f], start_interpolation: 0, interpolation_duration: 1 }
$data merge entity $(bone_tail6) { transformation: [-1.410831436441771f,0.0043176072575150624f,-0.5017273142846082f,-0.9144354161018524f,-0.16115784145442835f,1.4141019322018031f,0.46533660630226015f,-1.4925277649846673f,0.475160067524014f,0.49243412279687215f,-1.3318880683525463f,-6.829077309514741f,0f,0f,0f,1f], start_interpolation: 0, interpolation_duration: 1 }
$data merge entity $(bone_tail5) { transformation: [-1.165469447495376f,0.0035667190388167912f,-0.41447039006119807f,-0.9121827514457576f,-0.1331303907667017f,1.1681711613840984f,0.38440850085838885f,-0.7547354525315517f,0.39252353404157686f,0.40679340578872053f,-1.100255360812973f,-6.572155158490285f,0f,0f,0f,1f], start_interpolation: 0, interpolation_duration: 1 }
$data merge entity $(bone_tail4) { transformation: [-0.9421900375541565f,0.0028834107598013636f,-0.3350665890178948f,-0.9110564191177102f,-0.10762541064087042f,0.9443741599399869f,0.3107639249044659f,-0.3858392963049944f,0.31732428857255895f,0.3288603533113025f,-0.8894695969519614f,-6.443694082978058f,0f,0f,0f,1f], start_interpolation: 0, interpolation_duration: 1 }
$data merge entity $(bone_segment18) { transformation: [-0.9421900375541565f,0.04929277023943798f,-0.3314334864430849f,-0.8869876836492346f,-0.10762541064087042f,0.8921916235060694f,0.43864664358682637f,0.04980114486007853f,0.31732428857255895f,0.44895916267264896f,-0.835308904618042f,-6.224475741829304f,0f,0f,0f,1f], start_interpolation: 0, interpolation_duration: 1 }
$data merge entity $(bone_segment17) { transformation: [-0.9546675979172792f,0.23962561339778365f,-0.17660504774945573f,-0.7348815813947821f,-0.053488893755165974f,0.4455352293592725f,0.8936650925512472f,0.3326115931838355f,0.2928288164298388f,0.8625995158841189f,-0.41252073822389035f,-5.676927221004424f,0f,0f,0f,1f], start_interpolation: 0, interpolation_duration: 1 }
$data merge entity $(bone_segment16) { transformation: [-0.9477155171828926f,0.2977470957152694f,-0.1148127409475275f,-0.48772823045925573f,-0.04810181421182935f,0.22238519365371567f,0.9737715548901242f,0.5172086777596737f,0.31547030598820636f,0.9283811138948925f,-0.19643572333714135f,-4.90629836669714f,0f,0f,0f,1f], start_interpolation: 0, interpolation_duration: 1 }
$data merge entity $(bone_segment15) { transformation: [-0.9627887390253843f,0.263126049769969f,-0.06166462469164846f,-0.21792124583184605f,-0.050695402563722354f,0.048282412848258016f,0.9975463822642298f,0.5667170112466571f,0.2654577558950053f,0.9635525364721957f,-0.03314648236518683f,-3.91828062910358f,0f,0f,0f,1f], start_interpolation: 0, interpolation_duration: 1 }
$data merge entity $(bone_segment14) { transformation: [-0.9842976414296251f,0.176342051997621f,0.007850718014640552f,-0.037101758920223014f,-0.030364684013494753f,-0.2129656618529727f,0.9765877394460193f,0.3483440181356988f,0.17388541928763807f,0.9610146240140124f,0.214976169354579f,-2.9328652431517126f,0f,0f,0f,1f], start_interpolation: 0, interpolation_duration: 1 }
$data merge entity $(bone_segment13) { transformation: [-0.9964801830073596f,0.07286101505947144f,0.04145500401787957f,0.04015483749635206f,0.009153462322080167f,-0.3969913554606413f,0.9177767036796266f,-0.10051791048749542f,0.08332742046371766f,0.914925754459905f,0.3949270879856641f,-1.9596764940472964f,0f,0f,0f,1f], start_interpolation: 0, interpolation_duration: 1 }
$data merge entity $(bone_segment12) { transformation: [-0.9999002647799021f,-0.004365064251818541f,0.01343155639377041f,0.035039527826252206f,0.013636331932728661f,-0.05087142087336999f,0.9986121113774582f,-0.1601328568234759f,-0.0036757236705148846f,0.9986956717400962f,0.050925870666057915f,-0.789330003726871f,0f,0f,0f,1f], start_interpolation: 0, interpolation_duration: 1 }
$data merge entity $(bone_segment11) { transformation: [-1.0344190072938546f,-0.036425411316989086f,0.014105625602823243f,-0.002414540542153027f,-0.006224565739131834f,0.5227502617625822f,0.8934438317670416f,0.4440169948403865f,-0.038562080397951636f,0.8927226977912024f,-0.5225969888143654f,0.24252754024740575f,0f,0f,0f,1f], start_interpolation: 0, interpolation_duration: 1 }
$data merge entity $(bone_segment10) { transformation: [-0.9994489925198002f,-0.018584538046083263f,0.02750138717901409f,-0.020864036770659136f,-8.673617379884035e-19f,0.8285537519965451f,0.5599095284529881f,1.208648860562588f,-0.03319203746618091f,0.5596010141145753f,-0.8280972126814474f,0.7589129042953636f,0f,0f,0f,1f], start_interpolation: 0, interpolation_duration: 1 }