# This file was generated by Animated Java via MC-Build. It is not recommended to edit this file directly.
$data merge entity $(bone_eyelid_right1) { transformation: [-0.999257243590107f,0.020377764590943207f,0.0327063884123218f,-0.1616079303943186f,0.017227316058346147f,0.9954351876686568f,-0.09387228948146503f,0.2774530127439829f,-0.034469997303849705f,-0.09323912194643524f,-0.9950468759935536f,0.215046892654724f,0f,0f,0f,1f], start_interpolation: 0, interpolation_duration: 1 }
$data merge entity $(bone_eye_right1) { transformation: [-0.999257243590107f,0.020377764590943207f,0.0327063884123218f,-0.16283441995978065f,0.017227316058346147f,0.9954351876686568f,-0.09387228948146503f,0.2809732235995378f,-0.034469997303849705f,-0.09323912194643524f,-0.9950468759935536f,0.25236115050448227f,0f,0f,0f,1f], start_interpolation: 0, interpolation_duration: 1 }
$data merge entity $(bone_eyelid_left1) { transformation: [-0.999257243590107f,0.020377764590943207f,0.0327063884123218f,0.1558660884666943f,0.017227316058346147f,0.9954351876686568f,-0.09387228948146503f,0.2719797221590857f,-0.034469997303849705f,-0.09323912194643524f,-0.9950468759935536f,0.22599835549813008f,0f,0f,0f,1f], start_interpolation: 0, interpolation_duration: 1 }
$data merge entity $(bone_eye_left1) { transformation: [-0.999257243590107f,0.020377764590943207f,0.0327063884123218f,0.15463959890123224f,0.017227316058346147f,0.9954351876686568f,-0.09387228948146503f,0.27549993301464065f,-0.034469997303849705f,-0.09323912194643524f,-0.9950468759935536f,0.26331261334788836f,0f,0f,0f,1f], start_interpolation: 0, interpolation_duration: 1 }
$data merge entity $(bone_jaw1) { transformation: [-0.999257243590107f,0.015555002396008485f,0.03525624814358055f,0.0015251459359828445f,0.017227316058346147f,0.9987161624790167f,0.04763660761024151f,0.1273629075048779f,-0.034469997303849705f,0.04820859574439437f,-0.998242330590236f,0.019440324631494144f,0f,0f,0f,1f], start_interpolation: 0, interpolation_duration: 1 }
$data merge entity $(bone_finger_right_thumb3) { transformation: [-0.7621684755453533f,0.517442626368908f,0.38904028493372966f,-0.46139563446466936f,0.24196825243008688f,-0.32969647690905746f,0.9125522439453447f,0.47959876211851243f,0.6004586411242667f,0.7896539504936332f,0.12607957316313112f,0.11635286033720549f,0f,0f,0f,1f], start_interpolation: 0, interpolation_duration: 1 }
$data merge entity $(bone_finger_right_thumb1) { transformation: [0.541252893288016f,0.7454481619844757f,0.38904028493372966f,-0.5047372283173133f,-0.3371731028484586f,-0.23143617000343253f,0.9125522439453447f,0.5787799152211538f,0.7702983864859734f,-0.6250954623160438f,0.12607957316313112f,0.027945535349154497f,0f,0f,0f,1f], start_interpolation: 0, interpolation_duration: 1 }
$data merge entity $(bone_finger_right_index3) { transformation: [0.43299293923847615f,0.8192417920083687f,0.3759787238615258f,-0.5014395666917485f,-0.7992572970171634f,0.15607938022856602f,0.5803679869119968f,0.6830212538023767f,0.41677918342264f,-0.5517989790624689f,0.7223662498837929f,0.11448720819355565f,0f,0f,0f,1f], start_interpolation: 0, interpolation_duration: 1 }
$data merge entity $(bone_finger_right_index1) { transformation: [0.4923586881080154f,0.8192417920083687f,-0.2939826669575438f,-0.5629844027052504f,0.30185548721257116f,0.15607938022856602f,0.9404905591802223f,0.6452893179008052f,0.816373803526433f,-0.5517989790624689f,-0.17044559138153736f,0.01244048275275153f,0f,0f,0f,1f], start_interpolation: 0, interpolation_duration: 1 }
$data merge entity $(bone_finger_right_middle3) { transformation: [0.4952509459913024f,0.8041451440595818f,0.32875079890414555f,-0.5687679968232985f,-0.8453519307245699f,0.3588409328156228f,0.39574398056856774f,0.666372219537712f,0.20026635692237876f,-0.47390270332781126f,0.8575019615508943f,0.15047421521567594f,0f,0f,0f,1f], start_interpolation: 0, interpolation_duration: 1 }
$data merge entity $(bone_finger_right_middle1) { transformation: [0.3558038190854061f,0.8041451440595818f,-0.4761871791739394f,-0.6132434742089743f,0.34808367950306607f,0.3588409328156228f,0.8660663583118903f,0.6228617595998287f,0.8673185080394897f,-0.47390270332781126f,-0.15223282625881446f,0.04205940171073973f,0f,0f,0f,1f], start_interpolation: 0, interpolation_duration: 1 }
$data merge entity $(bone_finger_right_ring3) { transformation: [0.4647138465640801f,0.8041451440595818f,0.37066376690608765f,-0.6164730249981853f,-0.8766264719738053f,0.3588409328156228f,0.3205607798386633f,0.6391810884240918f,0.12476806260568102f,-0.47390270332781126f,0.8716932707852101f,0.18081998512125114f,0f,0f,0f,1f], start_interpolation: 0, interpolation_duration: 1 }
$data merge entity $(bone_finger_right_ring1) { transformation: [0.37623616571610274f,0.8041451440595818f,-0.4602140098830533f,-0.6635025457126982f,0.30997509700191533f,0.3588409328156228f,0.8804252518951656f,0.6004342012988524f,0.8731333156201855f,-0.47390270332781126f,-0.11425603236894877f,0.07167832066872794f,0f,0f,0f,1f], start_interpolation: 0, interpolation_duration: 1 }
$data merge entity $(bone_finger_right_pinky3) { transformation: [0.6074642923403631f,0.7873303712241746f,0.10534714082225782f,-0.65427062820775f,-0.6691123806875153f,0.43569813108581246f,0.6020429889792047f,0.5805383425973931f,0.42810717763441775f,-0.43620869445293387f,0.791483555951455f,0.21120362126084996f,0f,0f,0f,1f], start_interpolation: 0, interpolation_duration: 1 }
$data merge entity $(bone_finger_right_pinky1) { transformation: [0.4759279120693761f,0.7873303712241746f,-0.391922835595589f,-0.713761617216422f,0.02025359679613803f,0.43569813108581246f,0.8998649511927603f,0.5780066429978759f,0.8792510530730707f,-0.43620869445293387f,0.19141462993607197f,0.10129723962671613f,0f,0f,0f,1f], start_interpolation: 0, interpolation_duration: 1 }
$data merge entity $(bone_hand_right1) { transformation: [-0.15781814657959894f,0.8041451440595818f,-0.5731003576124988f,-0.5729633351263802f,0.8975047872986494f,0.3588409328156228f,0.25635588877967863f,0.4273435897821139f,0.41179921003589315f,-0.47390270332781126f,-0.7783557274102935f,0.02830374227114721f,0f,0f,0f,1f], start_interpolation: 0, interpolation_duration: 1 }
$data merge entity $(bone_arm_right3) { transformation: [-0.29615828672283506f,0.9396307928604475f,-0.17141832549013333f,-0.5166628163637839f,0.9288729459349652f,0.32513638754787344f,0.177429929274679f,0.07486483746986278f,0.22245296023090733f,-0.10667850111791628f,-0.9690894581429216f,-0.11068365420947332f,0f,0f,0f,1f], start_interpolation: 0, interpolation_duration: 1 }
$data merge entity $(bone_arm_right1) { transformation: [-0.8795743608346581f,-0.47250855667409264f,0.055539244071813584f,-0.27479881614957224f,-0.47565411573456917f,0.8758428781429463f,-0.0815623380675503f,0.2833445746500717f,-0.010104748738478192f,-0.09815761140149075f,-0.9951195794360024f,-0.05146579722654192f,0f,0f,0f,1f], start_interpolation: 0, interpolation_duration: 1 }
$data merge entity $(bone_finger_left_thumb3) { transformation: [-0.7268707606126689f,-0.5816552997863905f,-0.36515203627634796f,0.4685220429623671f,-0.21629703542453352f,-0.31074789537571507f,0.925554611023099f,0.4635668685895523f,-0.6518239715083494f,0.7517398870287296f,0.10006324208776743f,0.1484309463749392f,0f,0f,0f,1f], start_interpolation: 0, interpolation_duration: 1 }
$data merge entity $(bone_finger_left_thumb1) { transformation: [0.6043188837579243f,-0.7081402948122727f,-0.36515203627634796f,0.5212399011648359f,0.31742330648992756f,-0.20637612873314548f,0.925554611023099f,0.5610919450897369f,-0.7307811787604943f,-0.675237896116848f,0.10006324208776743f,0.06333725166036287f,0f,0f,0f,1f], start_interpolation: 0, interpolation_duration: 1 }
$data merge entity $(bone_finger_left_index3) { transformation: [0.48793605911056404f,-0.7734222808017642f,-0.4046435193834802f,0.5155792115894812f,0.7833803694055554f,0.18353710198447423f,0.5938260090507617f,0.665487726732033f,-0.3850111674350072f,-0.6067389123457777f,0.6954382022838517f,0.14956990063356024f,0f,0f,0f,1f], start_interpolation: 0, interpolation_duration: 1 }
$data merge entity $(bone_finger_left_index1) { transformation: [0.5367428289013512f,-0.7734222808017642f,0.33723153942413453f,0.5826720652021501f,-0.3195973221638483f,0.18353710198447423f,0.9296083497155332f,0.625538061461552f,-0.7808743095330208f,-0.6067389123457777f,-0.14867146651859758f,0.051960611941932626f,0f,0f,0f,1f], start_interpolation: 0, interpolation_duration: 1 }
$data merge entity $(bone_finger_left_middle3) { transformation: [0.5366808520264411f,-0.756755763075609f,-0.37322162064921427f,0.5796553699057366f,0.8275613013854831f,0.38575105374341f,0.40784607020910907f,0.646573261427235f,-0.16466923063322533f,-0.5277469465451233f,0.8332869883149266f,0.19008979029282388f,0f,0f,0f,1f], start_interpolation: 0, interpolation_duration: 1 }
$data merge entity $(bone_finger_left_middle1) { transformation: [0.40251144390911303f,-0.756755763075609f,0.5150779092273844f,0.6299693003943757f,-0.36115712659716914f,0.38575105374341f,0.8489768279781987f,0.601428620602589f,-0.8411599535345684f,-0.5277469465451233f,-0.11803852329651343f,0.08494479610100283f,0f,0f,0f,1f], start_interpolation: 0, interpolation_duration: 1 }
$data merge entity $(bone_finger_left_ring3) { transformation: [0.5021102117989342f,-0.756755763075609f,-0.4185762179807663f,0.6241920699553936f,0.8599583079619117f,0.38575105374341f,0.33416737288839793f,0.6177918717329683f,-0.09141686810711946f,-0.5277469465451233f,0.8444679488516922f,0.22361749572460948f,0f,0f,0f,1f], start_interpolation: 0, interpolation_duration: 1 }
$data merge entity $(bone_finger_left_ring1) { transformation: [0.4245957250496616f,-0.756755763075609f,0.49703036659886757f,0.6772665355866012f,-0.32378153591474035f,0.38575105374341f,0.8639222427606199f,0.5773191797436258f,-0.8455081237162915f,-0.5277469465451233f,-0.08123529492809806f,0.11792898026007304f,0f,0f,0f,1f], start_interpolation: 0, interpolation_duration: 1 }
$data merge entity $(bone_finger_left_pinky3) { transformation: [0.658188853035542f,-0.739941503823103f,-0.13883084909256405f,0.6577653118391221f,0.647292366976837f,0.46202848342224745f,0.6062526471365388f,0.5579186838817956f,-0.38444768876048774f,-0.48889288338708986f,0.7830604850074969f,0.25646311335468075f,0f,0f,0f,1f], start_interpolation: 0, interpolation_duration: 1 }
$data merge entity $(bone_finger_left_pinky1) { transformation: [0.5343876715176373f,-0.739941503823103f,0.40855402023473286f,0.7245637707788268f,-0.03767155997706381f,0.46202848342224745f,0.8860646331252768f,0.5532097388846626f,-0.8443995914842998f,-0.48889288338708986f,0.21902757469004921f,0.15091316441914326f,0f,0f,0f,1f], start_interpolation: 0, interpolation_duration: 1 }
$data merge entity $(bone_hand_left1) { transformation: [-0.15988131893427376f,-0.756755763075609f,0.6338443648938512f,0.5840248978844464f,-0.8920276099861171f,0.38575105374341f,0.23554801539877893f,0.40739697233828676f,-0.422758449801174f,-0.5277469465451233f,-0.7367214219323387f,0.06821476771358899f,0f,0f,0f,1f], start_interpolation: 0, interpolation_duration: 1 }
$data merge entity $(bone_arm_left3) { transformation: [-0.31193440907391295f,-0.9182970757690093f,0.2437773678375312f,0.5253307553982471f,-0.918389354116681f,0.3571672893119624f,0.17027190517137422f,0.056900741931244087f,-0.24342949427062724f,-0.17076887327505302f,-0.9547670256347962f,-0.07473944080530288f,0f,0f,0f,1f], start_interpolation: 0, interpolation_duration: 1 }
$data merge entity $(bone_arm_left1) { transformation: [-0.8612818823416949f,0.5080216320841339f,0.010370172829805461f,0.2872833833698629f,0.5056666884786963f,0.8589384187809116f,-0.08078361780173332f,0.273654209367252f,-0.04994716521421533f,-0.06433361544884943f,-0.996677714514749f,-0.032076423743126456f,0f,0f,0f,1f], start_interpolation: 0, interpolation_duration: 1 }
$data merge entity $(bone_torso1) { transformation: [-0.999257243590107f,0.020377764590943207f,0.0327063884123218f,0.005094441147735802f,0.017227316058346147f,0.9954351876686568f,-0.09387228948146503f,0.2488587969171642f,-0.034469997303849705f,-0.09323912194643524f,-0.9950468759935536f,-0.02330978048660881f,0f,0f,0f,1f], start_interpolation: 0, interpolation_duration: 1 }