# This file was generated by Animated Java via MC-Build. It is not recommended to edit this file directly.
$data merge entity $(bone_eyelid_right1) { transformation: [-0.9999813637977797f,0.002696582785222997f,0.0054772710737214635f,-0.15951387187349583f,0.0027302523804333574f,0.9999773674995793f,0.006149000776589918f,0.25176206503089893f,-0.005460565819741107f,0.0061638405149553f,-0.9999660940707112f,0.24599522511382896f,0f,0f,0f,1f], start_interpolation: 0, interpolation_duration: 1 }
$data merge entity $(bone_eye_right1) { transformation: [-0.9999813637977797f,0.002696582785222997f,0.0054772710737214635f,-0.1597192695387604f,0.0027302523804333574f,0.9999773674995793f,0.006149000776589918f,0.2515314775017768f,-0.005460565819741107f,0.0061638405149553f,-0.9999660940707112f,0.28349395364148067f,0f,0f,0f,1f], start_interpolation: 0, interpolation_duration: 1 }
$data merge entity $(bone_eyelid_left1) { transformation: [-0.9999813637977797f,0.002696582785222997f,0.0054772710737214635f,0.15819020721869673f,0.0027302523804333574f,0.9999773674995793f,0.006149000776589918f,0.25089463654711147f,-0.005460565819741107f,0.0061638405149553f,-0.9999660940707112f,0.24773010148041888f,0f,0f,0f,1f], start_interpolation: 0, interpolation_duration: 1 }
$data merge entity $(bone_eye_left1) { transformation: [-0.9999813637977797f,0.002696582785222997f,0.0054772710737214635f,0.15798480955343217f,0.0027302523804333574f,0.9999773674995793f,0.006149000776589918f,0.25066404901798933f,-0.005460565819741107f,0.0061638405149553f,-0.9999660940707112f,0.2852288300080706f,0f,0f,0f,1f], start_interpolation: 0, interpolation_duration: 1 }
$data merge entity $(bone_jaw1) { transformation: [-0.9999813637977797f,0.001896100040054309f,0.005803176868810129f,0.00016590812709907886f,0.0027302523804333574f,0.9890885361120063f,0.14729702459230998f,0.12480501466317898f,-0.005460565819741107f,0.14731012367263335f,-0.9890752800896814f,0.03201942050407914f,0f,0f,0f,1f], start_interpolation: 0, interpolation_duration: 1 }
$data merge entity $(bone_finger_right_thumb3) { transformation: [-0.6820258074929366f,0.6222554222371487f,0.3842381909832422f,-0.4594563223476215f,0.14674498367075026f,-0.3982705911729139f,0.9054537238170972f,0.4604462042806442f,0.7164542607041139f,0.6739278341953571f,0.18031795977016962f,0.17856205696723726f,0f,0f,0f,1f], start_interpolation: 0, interpolation_duration: 1 }
$data merge entity $(bone_finger_right_thumb1) { transformation: [0.5888872858559695f,0.7110364105635618f,0.3842381909832422f,-0.5090523461431651f,-0.3907878788378757f,-0.16564536751489578f,0.9054537238170972f,0.5658855468739472f,0.7074578420729978f,-0.6833658135096754f,0.18031795977016962f,0.10139969919374814f,0f,0f,0f,1f], start_interpolation: 0, interpolation_duration: 1 }
$data merge entity $(bone_finger_right_index3) { transformation: [0.49727636066708364f,0.7840876644467428f,0.37137953037849536f,-0.5020766347861465f,-0.779360671028065f,0.21563162247165826f,0.5883025988765678f,0.6625951201216429f,0.3811996400527999f,-0.581987575342199f,0.718315596775487f,0.19608438788955235f,0f,0f,0f,1f], start_interpolation: 0, interpolation_duration: 1 }
$data merge entity $(bone_finger_right_index1) { transformation: [0.53475742676748f,0.7840876644467428f,-0.3150254417971262f,-0.5689213131320815f,0.24124010530147466f,0.21563162247165826f,0.9462062222287344f,0.6324401069589586f,0.8098380740068698f,-0.581987575342199f,-0.07384277917407905f,0.09485462863869362f,0f,0f,0f,1f], start_interpolation: 0, interpolation_duration: 1 }
$data merge entity $(bone_finger_right_middle3) { transformation: [0.5444297061357296f,0.7709736404259948f,0.33044809099955674f,-0.5670074993994698f,-0.8216531134073949f,0.4109069032217708f,0.3950211109708295f,0.6418457513529067f,0.16876746222212768f,-0.4865749301525744f,0.8571828165812241f,0.2342788774999712f,0f,0f,0f,1f], start_interpolation: 0, interpolation_duration: 1 }
$data merge entity $(bone_finger_right_middle1) { transformation: [0.40079733007389096f,0.7709736404259948f,-0.4949354967810742f,-0.6171071656587062f,0.2806986067624693f,0.4109069032217708f,0.8673890759320769f,0.606758425507598f,0.8721065258139336f,-0.4865749301525744f,-0.05172083699794938f,0.1252655617732295f,0f,0f,0f,1f], start_interpolation: 0, interpolation_duration: 1 }
$data merge entity $(bone_finger_right_ring3) { transformation: [0.5135575379254488f,0.7709736404259948f,0.3766408116604457f,-0.6125424378128276f,-0.8529548335746904f,0.4109069032217708f,0.3219061490035042f,0.6114013020296132f,0.09341684602641648f,-0.4865749301525744f,0.8686300306951713f,0.2648680580162924f,0f,0f,0f,1f], start_interpolation: 0, interpolation_duration: 1 }
$data merge entity $(bone_finger_right_ring1) { transformation: [0.4220046429800262f,0.7709736404259948f,-0.47698189386137996f,-0.6652930181853308f,0.2425964637870081f,0.4109069032217708f,0.8788074149907548f,0.5810767440562372f,0.8735325048682157f,-0.4865749301525744f,-0.013630857848211164f,0.15567649490776542f,0f,0f,0f,1f], start_interpolation: 0, interpolation_duration: 1 }
$data merge entity $(bone_finger_right_pinky3) { transformation: [0.6487705875735108f,0.7554000822309884f,0.09201869627927095f,-0.6477925036440076f,-0.6471490951267894f,0.48405443316254093f,0.5889731355607557f,0.5497871785582742f,0.4003682971666199f,-0.4416582632546419f,0.8028967586949114f,0.2922893716117798f,0f,0f,0f,1f], start_interpolation: 0, interpolation_duration: 1 }
$data merge entity $(bone_finger_right_pinky1) { transformation: [0.5254909365435824f,0.7554000822309884f,-0.3914460261338259f,-0.7134788707119555f,-0.044863072372818835f,0.48405443316254093f,0.8738870696336923f,0.5553950626048766f,0.8496155485558277f,-0.4416582632546419f,0.2882557859802188f,0.18608742804230133f,0f,0f,0f,1f], start_interpolation: 0, interpolation_duration: 1 }
$data merge entity $(bone_hand_right1) { transformation: [-0.14502510484564782f,0.7709736404259948f,-0.6201349568705162f,-0.5752494499590523f,0.8572143660117255f,0.4109069032217708f,0.31038532115389916f,0.41379080858260037f,0.49411663569204367f,-0.4865749301525744f,-0.7204814971110595f,0.0928542527176805f,0f,0f,0f,1f], start_interpolation: 0, interpolation_duration: 1 }
$data merge entity $(bone_arm_right3) { transformation: [-0.2944221795875783f,0.9277957341075996f,-0.2291520367324703f,-0.5226535599457836f,0.9018569224256626f,0.3490663860914286f,0.2545716982973195f,0.07514270696852365f,0.31617980903247367f,-0.13171079634111002f,-0.9395118916157364f,-0.07825872531699113f,0f,0f,0f,1f], start_interpolation: 0, interpolation_duration: 1 }
$data merge entity $(bone_arm_right1) { transformation: [-0.872691833828851f,-0.48827065241716067f,-0.000856245617368921f,-0.28040076229925465f,-0.4882711210000241f,0.872688102288486f,0.0026054791307812335f,0.28210759622838777f,-0.0005249436321313316f,0.0026918603680883574f,-0.999996239153899f,-0.015426674211825872f,0f,0f,0f,1f], start_interpolation: 0, interpolation_duration: 1 }
$data merge entity $(bone_finger_left_thumb3) { transformation: [-0.6749519077559428f,-0.6317436721171188f,-0.38123464553551645f,0.4599862310297033f,-0.1430400229871005f,-0.3948467933539034f,0.9075436968003185f,0.4579358472770933f,-0.7238642649284895f,0.6670801619881358f,0.1761379670639456f,0.18358282711551271f,0f,0f,0f,1f], start_interpolation: 0, interpolation_duration: 1 }
$data merge entity $(bone_finger_left_thumb1) { transformation: [0.5987033433148401f,-0.7044249085225772f,-0.38123464553551645f,0.5109969835980885f,0.38754539626804085f,-0.161780728856862f,0.9075436968003185f,0.5631005028606183f,-0.7009728044190296f,-0.6910951772538286f,0.1761379670639456f,0.10696984950463062f,0f,0f,0f,1f], start_interpolation: 0, interpolation_duration: 1 }
$data merge entity $(bone_finger_left_index3) { transformation: [0.5056579688506587f,-0.7764959352966819f,-0.3759841499392721f,0.5035158208045063f,0.7766223561556911f,0.21989248896609256f,0.590343128371525f,0.659849547758979f,-0.37572294906886966f,-0.5905094036203216f,0.7142344921515367f,0.201575594016368f,0f,0f,0f,1f], start_interpolation: 0, interpolation_duration: 1 }
$data merge entity $(bone_finger_left_index1) { transformation: [0.5422444789424102f,-0.7764959352966819f,0.32097505747986843f,0.5712963806723076f,-0.24418064711880227f,0.21989248896609256f,0.9444697479903414f,0.6293269668691287f,-0.8039569246104649f,-0.5905094036203216f,-0.070369791863095f,0.10108097844005988f,0f,0f,0f,1f], start_interpolation: 0, interpolation_duration: 1 }
$data merge entity $(bone_finger_left_middle3) { transformation: [0.5507187765515186f,-0.763358601759838f,-0.3376277154986883f,0.5679114260133372f,0.8186630259317352f,0.4150960955490096f,0.3968451605251876f,0.6387470785077057f,-0.1627872204010285f,-0.49495340849339775f,0.8535346766797908f,0.24047629248853664f,0f,0f,0f,1f], start_interpolation: 0, interpolation_duration: 1 }
$data merge entity $(bone_finger_left_middle1) { transformation: [0.4087589381516822f,-0.763358601759838f,0.5001997357060216f,0.6190062932822975f,-0.2829089408831206f,0.4150960955490096f,0.8646720549597736f,0.6033834608973156f,-0.8676858081411152f,-0.49495340849339775f,-0.04628673429037333f,0.13201556647089724f,0f,0f,0f,1f], start_interpolation: 0, interpolation_duration: 1 }
$data merge entity $(bone_finger_left_ring3) { transformation: [0.5191969310237124f,-0.763358601759838f,-0.3843412441240508f,0.6129426688612966f,0.8501351006783261f,0.4150960955490096f,0.32398386079343394f,0.6080553560442046f,-0.0877773171736877f,-0.49495340849339775f,0.864474560649738f,0.2715600248152454f,0f,0f,0f,1f], start_interpolation: 0, interpolation_duration: 1 }
$data merge entity $(bone_finger_left_ring1) { transformation: [0.43018829624792637f,-0.763358601759838f,0.4818938419305346f,0.6667162058922873f,-0.2449232089496171f,0.4150960955490096f,0.8761893934405899f,0.5774399549255025f,-0.8688789625080863f,-0.49495340849339775f,-0.008394756198917552f,0.16295015450173458f,0f,0f,0f,1f], start_interpolation: 0, interpolation_duration: 1 }
$data merge entity $(bone_finger_left_pinky3) { transformation: [0.6566283137950559f,-0.7478773211803443f,-0.09756418393433786f,0.6475542028685448f,0.6435849602469745f,0.48815883636214435f,0.5894907543171961f,0.5462504892188741f,-0.3932399476993168f,-0.4498671614439857f,0.8018615096060973f,0.29936282938446585f,0f,0f,0f,1f], start_interpolation: 0, interpolation_duration: 1 }
$data merge entity $(bone_finger_left_pinky1) { transformation: [0.5349753250698591f,-0.7478773211803443f,0.3930406009949994f,0.7144261185022772f,0.041967677878522236f,0.48815883636214435f,0.8717451832359278f,0.5514964489536893f,-0.8438246948151511f,-0.4498671614439857f,0.29253960667651113f,0.19388474253257196f,0f,0f,0f,1f], start_interpolation: 0, interpolation_duration: 1 }
$data merge entity $(bone_hand_left1) { transformation: [-0.14429881771471087f,-0.763358601759838f,0.6296518850328341f,0.576451978451232f,-0.856424423961919f,0.4150960955490096f,0.3069730240614996f,0.4106463144147055f,-0.4956965374577789f,-0.49495340849339775f,-0.7136568266142603f,0.09914331137637364f,0f,0f,0f,1f], start_interpolation: 0, interpolation_duration: 1 }
$data merge entity $(bone_arm_left3) { transformation: [-0.29587175742516303f,-0.9243821251170461f,0.24078536068922238f,0.5238795665747338f,-0.9002452409633566f,0.3541233933439724f,0.25328862668777224f,0.0722853541584339f,-0.31940320800044086f,-0.1418249239402006f,-0.9369457197022587f,-0.07254395579548595f,0f,0f,0f,1f], start_interpolation: 0, interpolation_duration: 1 }
$data merge entity $(bone_arm_left1) { transformation: [-0.8699663555678951f,0.4929700858301664f,0.011791295794488794f,0.2820887548369964f,0.4930291063406832f,0.8700090174991422f,0.002570947507196559f,0.280571829264394f,-0.008991133455917422f,0.008050089861347622f,-0.9999271751344706f,-0.012355105938221499f,0f,0f,0f,1f], start_interpolation: 0, interpolation_duration: 1 }
$data merge entity $(bone_torso1) { transformation: [-0.9999813637977797f,0.002696582785222997f,0.0054772710737214635f,0.0006741456963057493f,0.0027302523804333574f,0.9999773674995793f,0.006149000776589918f,0.24999434187489483f,-0.005460565819741107f,0.0061638405149553f,-0.9999660940707112f,0.001540960128738825f,0f,0f,0f,1f], start_interpolation: 0, interpolation_duration: 1 }