# This file was generated by Animated Java via MC-Build. It is not recommended to edit this file directly.
$data merge entity $(bone_eyelid_right1) { transformation: [-0.9992386149554826f,0.020716518089151252f,0.03306079642281398f,-0.16160626057626853f,0.01744177490283016f,0.9951862169546565f,-0.09643743086436106f,0.2780533914714604f,-0.0348994967025011f,-0.09578736587745425f,-0.9947898298978387f,0.21427130354126753f,0f,0f,0f,1f], start_interpolation: 0, interpolation_duration: 1 }
$data merge entity $(bone_eye_right1) { transformation: [-0.9992386149554826f,0.020716518089151252f,0.03306079642281398f,-0.16284604044212406f,0.01744177490283016f,0.9951862169546565f,-0.09643743086436106f,0.28166979512887397f,-0.0348994967025011f,-0.09578736587745425f,-0.9947898298978387f,0.2515759221624365f,0f,0f,0f,1f], start_interpolation: 0, interpolation_duration: 1 }
$data merge entity $(bone_eyelid_left1) { transformation: [-0.9992386149554826f,0.020716518089151252f,0.03306079642281398f,0.15586183978123785f,0.01744177490283016f,0.9951862169546565f,-0.09643743086436106f,0.2725119651670822f,-0.0348994967025011f,-0.09578736587745425f,-0.9947898298978387f,0.22535922263861916f,0f,0f,0f,1f], start_interpolation: 0, interpolation_duration: 1 }
$data merge entity $(bone_eye_left1) { transformation: [-0.9992386149554826f,0.020716518089151252f,0.03306079642281398f,0.15462205991538233f,0.01744177490283016f,0.9951862169546565f,-0.09643743086436106f,0.27612836882449576f,-0.0348994967025011f,-0.09578736587745425f,-0.9947898298978387f,0.26266384125978814f,0f,0f,0f,1f], start_interpolation: 0, interpolation_duration: 1 }
$data merge entity $(bone_jaw1) { transformation: [-0.9992386149554826f,0.01622398553621439f,0.035482004948559305f,0.0015564148729309696f,0.01744177490283016f,0.9992598715479457f,0.03428547217440657f,0.12741194683384333f,-0.0348994967025011f,0.03487823687206261f,-0.9987820251299121f,0.01911376144962568f,0f,0f,0f,1f], start_interpolation: 0, interpolation_duration: 1 }
$data merge entity $(bone_finger_right_thumb3) { transformation: [-0.7228401366863506f,0.5667940524569449f,0.3952804559988919f,-0.46718666923231916f,0.2164689407857988f,-0.3575039686443303f,0.908477908415294f,0.47190192850682583f,0.6562342070254584f,0.7422502371188491f,0.13572490938173506f,0.12730924434925475f,0f,0f,0f,1f], start_interpolation: 0, interpolation_duration: 1 }
$data merge entity $(bone_finger_right_thumb1) { transformation: [0.5654575750299595f,0.7238861042640241f,0.3952804559988919f,-0.5131638376111334f,-0.3571034132624885f,-0.21712909099807956f,0.908477908415294f,0.5733197244405928f,0.7434614200330222f,-0.6548617150939593f,0.13572490938173506f,0.04285937368148542f,0f,0f,0f,1f], start_interpolation: 0, interpolation_duration: 1 }
$data merge entity $(bone_finger_right_index3) { transformation: [0.48668830049111694f,0.8016528233866922f,0.3471127322948742f,-0.5115767222585819f,-0.7646932737328067f,0.1988459706806624f,0.6129473689085119f,0.6781624574110405f,0.42234902068416186f,-0.5637490848774922f,0.7097945294427955f,0.1331512656908134f,0f,0f,0f,1f], start_interpolation: 0, interpolation_duration: 1 }
$data merge entity $(bone_finger_right_index1) { transformation: [0.49326126052749364f,0.8016528233866922f,-0.337707091454966f,-0.5732343798245185f,0.31272611812636897f,0.1988459706806624f,0.9287963474226613f,0.6390716926452444f,0.8117239086687298f,-0.5637490848774922f,-0.15261476139400731f,0.03168577710722218f,0f,0f,0f,1f], start_interpolation: 0, interpolation_duration: 1 }
$data merge entity $(bone_finger_right_middle3) { transformation: [0.5415869481125407f,0.784011765196721f,0.3033300671995204f,-0.5784444154182566f,-0.813407022020312f,0.3976285672142751f,0.4245710059144045f,0.6580319324181767f,0.21225596378474484f,-0.47667292200023714f,0.8530711173574947f,0.1700498433847962f,0f,0f,0f,1f], start_interpolation: 0, interpolation_duration: 1 }
$data merge entity $(bone_finger_right_middle1) { transformation: [0.3503255978484546f,0.784011765196721f,-0.5124427065782519f,-0.6222351151493135f,0.3504962017905952f,0.3976285672142751f,0.8479645836150754f,0.6142199071943523f,0.8685760692204736f,-0.47667292200023714f,-0.1354936803296255f,0.061477834732236995f,0f,0f,0f,1f], start_interpolation: 0, interpolation_duration: 1 }
$data merge entity $(bone_finger_right_ring3) { transformation: [0.5130890889609311f,0.784011765196721f,0.34937821744116104f,-0.624692775170874f,-0.8473155640968211f,0.3976285672142751f,0.3520622918950678f,0.6285149856716223f,0.13709821891084917f,-0.47667292200023714f,0.8683242503830171f,0.2004773334311428f,0f,0f,0f,1f], start_interpolation: 0, interpolation_duration: 1 }
$data merge entity $(bone_finger_right_ring1) { transformation: [0.3723446024258776f,0.784011765196721f,-0.4966739867130517f,-0.6712358504741086f,0.3131749114252984f,0.3976285672142751f,0.8624459388210246f,0.5893681217434601f,0.8736595285911277f,-0.47667292200023714f,-0.09747796434930445f,0.09126989235725183f,0f,0f,0f,1f], start_interpolation: 0, interpolation_duration: 1 }
$data merge entity $(bone_finger_right_pinky3) { transformation: [0.6388804911155801f,0.7664411999628338f,0.0663295188543283f,-0.660072671548554f,-0.6306119667640303f,0.47236569167090214f,0.6157915237369472f,0.5678096074984401f,0.4406362053280649f,-0.43524537944911207f,0.7851122175984029f,0.23058116193542644f,0f,0f,0f,1f], start_interpolation: 0, interpolation_duration: 1 }
$data merge entity $(bone_finger_right_pinky1) { transformation: [0.48131131400279764f,0.7664411999628338f,-0.4253319950490813f,-0.7202365857989037f,0.026346169646977835f,0.47236569167090214f,0.881008815323208f,0.5645163362925679f,0.8761536956252785f,-0.43524537944911207f,0.20716216186930814f,0.12106194998226663f,0f,0f,0f,1f], start_interpolation: 0, interpolation_duration: 1 }
$data merge entity $(bone_hand_right1) { transformation: [-0.1673689341381029f,0.784011765196721f,-0.5977567999768776f,-0.5779940076622619f,0.8748731729932143f,0.3976285672142751f,0.27656546008478244f,0.4204699532773796f,0.4545157544709095f,-0.47667292200023714f,-0.7524615301591807f,0.03818100521639767f,0f,0f,0f,1f], start_interpolation: 0, interpolation_duration: 1 }
$data merge entity $(bone_arm_right3) { transformation: [-0.3162898875159232f,0.9287353944847299f,-0.19341994231841173f,-0.5150085178551632f,0.9166551199549684f,0.35171328005769403f,0.189845093935556f,0.07210304166253428f,0.2443442205486078f,-0.11725329702123995f,-0.9625734082251297f,-0.10811266720553023f,0f,0f,0f,1f], start_interpolation: 0, interpolation_duration: 1 }
$data merge entity $(bone_arm_right1) { transformation: [-0.8750139165319646f,-0.4816782765345764f,0.048339257235422504f,-0.27469276479954924f,-0.4840976682907643f,0.8705774328302794f,-0.08800216475795009f,0.2832947878526625f,0.0003056645829846022f,-0.10040404056272062f,-0.9949466996818686f,-0.05229927119276617f,0f,0f,0f,1f], start_interpolation: 0, interpolation_duration: 1 }
$data merge entity $(bone_finger_left_thumb3) { transformation: [-0.6824153795447941f,-0.6292989011299379f,-0.3718765155228107f,0.47333416452713084f,-0.19194011450924833f,-0.33662608847928777f,0.9218686831633403f,0.4554850762872133f,-0.7053142861185439f,0.7004753882841191f,0.10893111679084802f,0.16015795860544257f,0f,0f,0f,1f], start_interpolation: 0, interpolation_duration: 1 }
$data merge entity $(bone_finger_left_thumb1) { transformation: [0.6280370052754293f,-0.6835768992639256f,-0.3718765155228107f,0.5285965079663838f,0.33627088787178216f,-0.19256173288743514f,0.9218686831633403f,0.5551357299688948f,-0.7017773222145282f,-0.704018893084628f,0.10893111679084802f,0.07924398812805454f,0f,0f,0f,1f], start_interpolation: 0, interpolation_duration: 1 }
$data merge entity $(bone_finger_left_index3) { transformation: [0.5413186330121765f,-0.7529619561149579f,-0.37419571108894956f,0.524371241780494f,0.746749345961849f,0.2259818725952304f,0.6255378546210482f,0.6600799184364837f,-0.38644475913043397f,-0.6180456988782376f,0.6846020466217813f,0.16933287638302547f,0f,0f,0f,1f], start_interpolation: 0, interpolation_duration: 1 }
$data merge entity $(bone_finger_left_index1) { transformation: [0.5374732678302769f,-0.7529619561149579f,0.3796982736481421f,0.5915554002592786f,-0.3307176562426096f,0.2259818725952304f,0.916273990194935f,0.6187402114061575f,-0.7757243828946195f,-0.6180456988782376f,-0.12755859783202578f,0.07236732852119801f,0f,0f,0f,1f], start_interpolation: 0, interpolation_duration: 1 }
$data merge entity $(bone_finger_left_middle3) { transformation: [0.5830950441568707f,-0.7345188419957939f,-0.34710551743361073f,0.5877601520667447f,0.7937756248216525f,0.42413461755830617f,0.4359244012757991f,0.6376757559731422f,-0.17297522053372733f,-0.5297092569908772f,0.830353946302106f,0.21078080778932712f,0f,0f,0f,1f], start_interpolation: 0, interpolation_duration: 1 }
$data merge entity $(bone_finger_left_middle1) { transformation: [0.3976214065381677f,-0.7345188419957939f,0.5498902507007802f,0.6374628278840156f,-0.3635516653150297f,0.42413461755830617f,0.8294214928703847f,0.5922317978087634f,-0.8424532056495941f,-0.5297092569908772f,-0.09839054501777655f,0.10547415708312784f,0f,0f,0f,1f], start_interpolation: 0, interpolation_duration: 1 }
$data merge entity $(bone_finger_left_ring3) { transformation: [0.5506239522889103f,-0.7345188419957939f,-0.39660475781172566f,0.6307166511439312f,0.8287483838968135f,0.42413461755830617f,0.36508347316345197f,0.6066017326238011f,-0.09994688266354033f,-0.5297092569908772f,0.842269982668273f,0.24432387466585503f,0f,0f,0f,1f], start_interpolation: 0, interpolation_duration: 1 }
$data merge entity $(bone_finger_left_ring1) { transformation: [0.4212288349185723f,-0.7345188419957939f,0.5320228748712784f,0.6833702555087527f,-0.32702678729945467f,0.42413461755830617f,0.8444899683106166f,0.5657233842113693f,-0.8459431121663791f,-0.5297092569908772f,-0.061549606306080695f,0.13858098564505766f,0f,0f,0f,1f], start_interpolation: 0, interpolation_duration: 1 }
$data merge entity $(bone_finger_left_pinky3) { transformation: [0.6896492771117868f,-0.7172860562011871f,-0.09942126612821428f,0.6617732137940894f,0.6074223934005519f,0.49826424726301133f,0.6186847144507207f,0.544736701744687f,-0.3942358565310049f,-0.48706616950756493f,0.7793231909461522f,0.276748068844629f,0f,0f,0f,1f], start_interpolation: 0, interpolation_duration: 1 }
$data merge entity $(bone_finger_left_pinky1) { transformation: [0.5400357547152036f,-0.7172860562011871f,0.44029773700137015f,0.7292776831334898f,-0.044173849045695296f,0.49826424726301133f,0.8658991921464719f,0.5392149706139752f,-0.8404820371011319f,-0.48706616950756493f,0.23739522284906975f,0.17168781420698748f,0f,0f,0f,1f], start_interpolation: 0, interpolation_duration: 1 }
$data merge entity $(bone_hand_left1) { transformation: [-0.16565425740576595f,-0.7345188419957939f,0.6580583087816019f,0.588227724133953f,-0.869060231562214f,0.42413461755830617f,0.2546451258235666f,0.4001134772281783f,-0.4661469520659498f,-0.5297092569908772f,-0.7086008200233738f,0.07891256910318802f,0f,0f,0f,1f], start_interpolation: 0, interpolation_duration: 1 }
$data merge entity $(bone_arm_left3) { transformation: [-0.3302368237780674f,-0.9054703732251101f,0.2665840269643953f,0.5234943406473794f,-0.9053699542315049f,0.38372946082478054f,0.18181569478448678f,0.05397590683923281f,-0.26692486994623815f,-0.1813149307329735f,-0.9465072686976476f,-0.07184182404214613f,0f,0f,0f,1f], start_interpolation: 0, interpolation_duration: 1 }
$data merge entity $(bone_arm_left1) { transformation: [-0.8554545345814835f,0.5175603384209061f,0.01813381806500515f,0.2873789561129097f,0.5143031074611817f,0.8531356579274493f,-0.08747492685604512f,0.2734837894698205f,-0.06074415955258357f,-0.06550454386021953f,-0.9960016575357267f,-0.0326683042976093f,0f,0f,0f,1f], start_interpolation: 0, interpolation_duration: 1 }
$data merge entity $(bone_torso1) { transformation: [-0.9992386149554826f,0.020716518089151252f,0.03306079642281398f,0.005179129522287813f,0.01744177490283016f,0.9951862169546565f,-0.09643743086436106f,0.24879655423866412f,-0.0348994967025011f,-0.09578736587745425f,-0.9947898298978387f,-0.023946841469363562f,0f,0f,0f,1f], start_interpolation: 0, interpolation_duration: 1 }