# This file was generated by Animated Java via MC-Build. It is not recommended to edit this file directly.
$data merge entity $(bone_eyelid_right1) { transformation: [-0.9992433009425187f,0.020631417833399206f,0.03297226288386665f,-0.16160680354638113f,0.017388078403671202f,0.9952494674542331f,-0.09579223487054159f,0.27790257928629186f,-0.034791956698738524f,-0.09514642468452988f,-0.9948551038311179f,0.2144664564938947f,0f,0f,0f,1f], start_interpolation: 0, interpolation_duration: 1 }
$data merge entity $(bone_eye_right1) { transformation: [-0.9992433009425187f,0.020631417833399206f,0.03297226288386665f,-0.16284326340452612f,0.017388078403671202f,0.9952494674542331f,-0.09579223487054159f,0.2814947880939372f,-0.034791956698738524f,-0.09514642468452988f,-0.9948551038311179f,0.25177352288756166f,0f,0f,0f,1f], start_interpolation: 0, interpolation_duration: 1 }
$data merge entity $(bone_eyelid_left1) { transformation: [-0.9992433009425187f,0.020631417833399206f,0.03297226288386665f,0.15586278559606648f,0.017388078403671202f,0.9952494674542331f,-0.09579223487054159f,0.27237821289666153f,-0.034791956698738524f,-0.09514642468452988f,-0.9948551038311179f,0.2255202090566509f,0f,0f,0f,1f], start_interpolation: 0, interpolation_duration: 1 }
$data merge entity $(bone_eye_left1) { transformation: [-0.9992433009425187f,0.020631417833399206f,0.03297226288386665f,0.15462632573792148f,0.017388078403671202f,0.9952494674542331f,-0.09579223487054159f,0.27597042170430686f,-0.034791956698738524f,-0.09514642468452988f,-0.9948551038311179f,0.26282727545031787f,0f,0f,0f,1f], start_interpolation: 0, interpolation_duration: 1 }
$data merge entity $(bone_jaw1) { transformation: [-0.9992433009425187f,0.016344140334081072f,0.035294398964127116f,0.001548544014054068f,0.017388078403671202f,0.9994142244622943f,0.02947647658487118f,0.12739969077148355f,-0.034791956698738524f,0.030067873539220233f,-0.9989421618541799f,0.0191959189091562f,0f,0f,0f,1f], start_interpolation: 0, interpolation_duration: 1 }
$data merge entity $(bone_finger_right_thumb3) { transformation: [-0.6996443167772144f,0.5929952601681309f,0.39856549200787084f,-0.46977230112970336f,0.2011212278822202f,-0.37182210329525245f,0.9062552483689365f,0.4675763549539462f,0.6856005263245449f,0.7142163152149534f,0.14087928656932253f,0.13391928890475374f,0f,0f,0f,1f], start_interpolation: 0, interpolation_duration: 1 }
$data merge entity $(bone_finger_right_thumb1) { transformation: [0.5786559677497202f,0.7115495903787445f,0.39856549200787084f,-0.5171939538479264f,-0.36765852465736326f,-0.20863516973542204f,0.9062552483689365f,0.5701746235591751f,0.7280003298312482f,-0.6709460085441397f,0.14087928656932253f,0.05172420308643037f,0f,0f,0f,1f], start_interpolation: 0, interpolation_duration: 1 }
$data merge entity $(bone_finger_right_index3) { transformation: [0.5138403085719087f,0.7914827908077542f,0.33094278832132745f,-0.5163799399767619f,-0.7456589827231619f,0.2212928629904836f,0.6285078760634064f,0.6750858789731409f,0.4242178906776388f,-0.5697231438555433f,0.7038854456403902f,0.14412433039583808f,0f,0f,0f,1f], start_interpolation: 0, interpolation_duration: 1 }
$data merge entity $(bone_finger_right_index1) { transformation: [0.494139326902094f,0.7914827908077542f,-0.35969614602316047f,-0.5781473558395237f,0.31689836638200075f,0.2212928629904836f,0.9222824373118541f,0.6354735831753908f,0.8095688673566721f,-0.5697231438555433f,-0.14147009706008928f,0.042928221976254066f,0f,0f,0f,1f], start_interpolation: 0, interpolation_duration: 1 }
$data merge entity $(bone_finger_right_middle3) { transformation: [0.5648372915003895f,0.7728213422998081f,0.28931990428663434f,-0.5829112412515627f,-0.7959710947459551f,0.41775501366380774f,0.43807620899528155f,0.6531228253678065f,0.21768980329687038f,-0.4777320603064806f,0.8511070603019901f,0.18148167608626323f,0f,0f,0f,1f], start_interpolation: 0, interpolation_duration: 1 }
$data merge entity $(bone_finger_right_middle1) { transformation: [0.34829958785359205f,0.7728213422998081f,-0.5305040716026044f,-0.6264486897332617f,0.3500714443712306f,0.41775501366380774f,0.838409644740918f,0.6093638948214027f,0.869561602726833f,-0.4777320603064806f,-0.12503878445693123f,0.0727864757454091f,0f,0f,0f,1f], start_interpolation: 0, interpolation_duration: 1 }
$data merge entity $(bone_finger_right_ring3) { transformation: [0.5374720239274068f,0.7728213422998081f,0.3374477683750483f,-0.6283614803243813f,-0.831123041795265f,0.41775501366380774f,0.36703574479298073f,0.6224001238250251f,0.14268255987458148f,-0.4777320603064806f,0.8668412574762242f,0.21191824050644287f,0f,0f,0f,1f], start_interpolation: 0, interpolation_duration: 1 }
$data merge entity $(bone_finger_right_ring1) { transformation: [0.37110834642094703f,0.7728213422998081f,-0.5148065346347437f,-0.6747500236269998f,0.31316733886088244f,0.41775501366380774f,0.8528815664730626f,0.5832542064674148f,0.8741880879350299f,-0.4777320603064806f,-0.08699003085309026f,0.10264472951456415f,0f,0f,0f,1f], start_interpolation: 0, interpolation_duration: 1 }
$data merge entity $(bone_finger_right_pinky3) { transformation: [0.6541397429015348f,0.7549892837644862f,0.045742520235583894f,-0.6624602081082756f,-0.6104745505155864f,0.49128904643311677f,0.6212534877388068f,0.5606347178770658f,0.44656692659612307f,-0.4343112412264129f,0.7822734341743081f,0.24178029620129865f,0f,0f,0f,1f], start_interpolation: 0, interpolation_duration: 1 }
$data merge entity $(bone_finger_right_pinky1) { transformation: [0.48472919529969777f,0.7549892837644862f,-0.4416206388122008f,-0.7230513575207378f,0.02792159810911149f,0.49128904643311677f,0.8705489401600994f,0.5571445181134268f,0.8742185033406357f,-0.4343112412264129f,0.2170616367791225f,0.13250298328371918f,0f,0f,0f,1f], start_interpolation: 0, interpolation_duration: 1 }
$data merge entity $(bone_hand_right1) { transformation: [-0.17085781770965378f,0.7728213422998081f,-0.6111912785809512f,-0.5803640609482612f,0.8619479835940622f,0.41775501366380774f,0.28727412368134037f,0.41673917099043833f,0.4773397948061998f,-0.4777320603064806f,-0.7375085076456409f,0.04430867283167671f,0f,0f,0f,1f], start_interpolation: 0, interpolation_duration: 1 }
$data merge entity $(bone_arm_right3) { transformation: [-0.3259514103842098f,0.922729185181122f,-0.20573412182602938f,-0.5142435952236745f,0.9097087107805519f,0.3653535425298857f,0.1973495642023288f,0.07080680490428848f,0.25726589280067924f,-0.12283175393946794f,-0.9585022799271912f,-0.1063146909981149f,0f,0f,0f,1f], start_interpolation: 0, interpolation_duration: 1 }
$data merge entity $(bone_arm_right1) { transformation: [-0.8725613246605894f,-0.48652887594112754f,0.04389063205309832f,-0.2747194005168794f,-0.48847316353820913f,0.8679572966787857f,-0.08968890480448696f,0.2833075561026834f,0.005541047692587347f,-0.09969846547222909f,-0.995002267722517f,-0.052089780761405455f,0f,0f,0f,1f], start_interpolation: 0, interpolation_duration: 1 }
$data merge entity $(bone_finger_left_thumb3) { transformation: [-0.6568457000734075f,-0.6537821824998405f,-0.37566285967715846f,0.475287561600318f,-0.17751661152447412f,-0.3501266224202833f,0.9197277863071406f,0.4511311358828626f,-0.7328312076651375f,0.6708056395993625f,0.11392196870554167f,0.1668246701975827f,0f,0f,0f,1f], start_interpolation: 0, interpolation_duration: 1 }
$data merge entity $(bone_finger_left_thumb1) { transformation: [0.6403000119725248f,-0.6699950078374944f,-0.37566285967715846f,0.5318461343670612f,0.3464471719006901f,-0.18459457244615948f,0.9197277863071406f,0.5519200190146452f,-0.6855583503612208f,-0.7190490479072031f,0.11392196870554167f,0.08824999944652646f,0f,0f,0f,1f], start_interpolation: 0, interpolation_duration: 1 }
$data merge entity $(bone_finger_left_index3) { transformation: [0.5676935428978631f,-0.7417845804594169f,-0.3570429631637056f,0.5282555357255716f,0.7268389462136924f,0.2479736255637602f,0.6404796853076081f,0.6569079201740821f,-0.3865607166009515f,-0.6231089128053066f,0.6799309488202078f,0.18049676561989209f,0f,0f,0f,1f], start_interpolation: 0, interpolation_duration: 1 }
$data merge entity $(bone_finger_left_index1) { transformation: [0.5379224085086176f,-0.7417845804594169f,0.4004935937277089f,0.5954958367891489f,-0.33485752643423583f,0.2479736255637602f,0.9090541887121519f,0.6150507293698025f,-0.7736342284404389f,-0.6231089128053066f,-0.11500157984982584f,0.08379248706483723f,0f,0f,0f,1f], start_interpolation: 0, interpolation_duration: 1 }
$data merge entity $(bone_finger_left_middle3) { transformation: [0.6059244066815944f,-0.7227488222272899f,-0.33239999000695425f,0.5912248205722046f,0.7755983825338221f,0.4437797978724783f,0.4488949097630548f,0.6326913950241531f,-0.1769258669569736f,-0.5298052764642192f,0.8294598282208704f,0.22236310204415388f,0f,0f,0f,1f], start_interpolation: 0, interpolation_duration: 1 }
$data merge entity $(bone_finger_left_middle1) { transformation: [0.3955425408491987f,-0.7227488222272899f,0.5667276580048175f,0.6406676381783545f,-0.3630152241710432f,0.4437797978724783f,0.8193164455937092f,0.5873144920027726f,-0.8436622816024237f,-0.5298052764642192f,-0.08683503689217331f,0.11690531684385093f,0f,0f,0f,1f], start_interpolation: 0, interpolation_duration: 1 }
$data merge entity $(bone_finger_left_ring3) { transformation: [0.5746481133622207f,-0.7227488222272899f,-0.3839448994039454f,0.6333536414124946f,0.811770765804769f,0.4437797978724783f,0.3795888760027102f,0.6004447087232526f,-0.1039604232098878f,-0.5298052764642192f,0.8417235884996294f,0.2558490207680742f,0f,0f,0f,1f], start_interpolation: 0, interpolation_duration: 1 }
$data merge entity $(bone_finger_left_ring1) { transformation: [0.419886385240523f,-0.7227488222272899f,0.5489349355421937f,0.68583943956756f,-0.3269316327000779f,0.4437797978724783f,0.834371139565795f,0.5595782546357428f,-0.8466469931616768f,-0.5298052764642192f,-0.04995235731138148f,0.1500181466228646f,0f,0f,0f,1f], start_interpolation: 0, interpolation_duration: 1 }
$data merge entity $(bone_finger_left_pinky3) { transformation: [0.7044247990870565f,-0.7054345255097011f,-0.07840811597062602f,0.6631265139262801f,0.5868338348357678f,0.5167022402711894f,0.6234138634893202f,0.5375678573518449f,-0.3992640138092926f,-0.48516072091384005f,0.7779507196212728f,0.2879349772383867f,0f,0f,0f,1f], start_interpolation: 0, interpolation_duration: 1 }
$data merge entity $(bone_finger_left_pinky1) { transformation: [0.5430778162438856f,-0.7054345255097011f,0.455443317793417f,0.7310112409567657f,-0.045806720665055395f,0.5167022402711894f,0.8549389096541621f,0.5318420172687129f,-0.838432006692067f,-0.48516072091384005f,0.2482958820372922f,0.18313097640187834f,0f,0f,0f,1f], start_interpolation: 0, interpolation_duration: 1 }
$data merge entity $(bone_hand_left1) { transformation: [-0.16710338052359652f,-0.7227488222272899f,0.6706046526729825f,0.5900088642327215f,-0.85606703767555f,0.4437797978724783f,0.2649692774750886f,0.3963732239128991f,-0.4891070304370959f,-0.5298052764642192f,-0.6928785476601784f,0.08505907275516345f,0f,0f,0f,1f], start_interpolation: 0, interpolation_duration: 1 }
$data merge entity $(bone_arm_left3) { transformation: [-0.3386894073669695f,-0.898700704348613f,0.27861537886613136f,0.5225403931655823f,-0.8981431324690067f,0.3970486919455085f,0.18892127943437437f,0.05276547176672422f,-0.28040755862881306f,-0.18625085295822838f,-0.9416380519266206f,-0.07021563124363828f,0f,0f,0f,1f], start_interpolation: 0, interpolation_duration: 1 }
$data merge entity $(bone_arm_left1) { transformation: [-0.8525616174360295f,0.5221503478775952f,0.022309251134168623f,0.28735495626328733f,0.518492452078702f,0.8504050214607574f,-0.08931336188803819f,0.2735267620006183f,-0.0656069021694828f,-0.06457796594532063f,-0.9957536947971064f,-0.03251930511836504f,0f,0f,0f,1f], start_interpolation: 0, interpolation_duration: 1 }
$data merge entity $(bone_torso1) { transformation: [-0.9992433009425187f,0.020631417833399206f,0.03297226288386665f,0.005157854458349802f,0.017388078403671202f,0.9952494674542331f,-0.09579223487054159f,0.2488123668635583f,-0.034791956698738524f,-0.09514642468452988f,-0.9948551038311179f,-0.02378660617113247f,0f,0f,0f,1f], start_interpolation: 0, interpolation_duration: 1 }