# This file was generated by Animated Java via MC-Build. It is not recommended to edit this file directly.
$data merge entity $(bone_eyelid_right1) { transformation: [-0.9994464452324037f,0.016851133342126765f,0.028685229951976112f,-0.16154322784793096f,0.014874238554651035f,0.9975889022225229f,-0.06778745599210005f,0.27122482947385945f,-0.02975836251763891f,-0.06732326096935169f,-0.9972873299068435f,0.2228976018283897f,0f,0f,0f,1f], start_interpolation: 0, interpolation_duration: 1 }
$data merge entity $(bone_eye_right1) { transformation: [-0.9994464452324037f,0.016851133342126765f,0.028685229951976112f,-0.16261892397113006f,0.014874238554651035f,0.9975889022225229f,-0.06778745599210005f,0.2737668590735632f,-0.02975836251763891f,-0.06732326096935169f,-0.9972873299068435f,0.26029587669989634f,0f,0f,0f,1f], start_interpolation: 0, interpolation_duration: 1 }
$data merge entity $(bone_eyelid_left1) { transformation: [-0.9994464452324037f,0.016851133342126765f,0.028685229951976112f,0.15599090226685602f,0.014874238554651035f,0.9975889022225229f,-0.06778745599210005f,0.26649913514266127f,-0.02975836251763891f,-0.06732326096935169f,-0.9972873299068435f,0.23235213118386877f,0f,0f,0f,1f], start_interpolation: 0, interpolation_duration: 1 }
$data merge entity $(bone_eye_left1) { transformation: [-0.9994464452324037f,0.016851133342126765f,0.028685229951976112f,0.15491520614365692f,0.014874238554651035f,0.9975889022225229f,-0.06778745599210005f,0.269041164742365f,-0.02975836251763891f,-0.06732326096935169f,-0.9972873299068435f,0.2697504060553754f,0f,0f,0f,1f], start_interpolation: 0, interpolation_duration: 1 }
$data merge entity $(bone_jaw1) { transformation: [-0.9994464452324037f,0.013909317462244058f,0.030221416248190563f,0.001209978231766592f,0.014874238554651035f,0.9993790485820533f,0.03194173261815075f,0.12681697077756848f,-0.02975836251763891f,0.032373571674509674f,-0.9990327280511407f,0.022749821438419898f,0f,0f,0f,1f], start_interpolation: 0, interpolation_duration: 1 }
$data merge entity $(bone_finger_right_thumb3) { transformation: [-0.5495513508634378f,0.7252876719864488f,0.41466987547764683f,-0.47798345622150856f,0.09645015170227f,-0.4379416328434392f,0.8938145749869102f,0.4413262400816135f,0.8298738946374803f,0.531191979501667f,0.1707173099375726f,0.17820394116173877f,0f,0f,0f,1f], start_interpolation: 0, interpolation_duration: 1 }
$data merge entity $(bone_finger_right_thumb1) { transformation: [0.6498695218399294f,0.6369603590137249f,0.41466987547764683f,-0.5333002792341468f,-0.42220512251643905f,-0.15112359200947842f,0.8938145749869102f,0.5499652913328502f,0.631990853655668f,-0.7559385960402201f,0.1707173099375726f,0.10987491632587855f,0f,0f,0f,1f], start_interpolation: 0, interpolation_duration: 1 }
$data merge entity $(bone_finger_right_index3) { transformation: [0.6412220815297996f,0.7297774883807763f,0.23718992308113718f,-0.5347615998216724f,-0.6399661313344565f,0.3380285231392804f,0.6900580180601379f,0.6521845153782545f,0.42341184785430774f,-0.5942739561826029f,0.6837842291978358f,0.21465601064607914f,0f,0f,0f,1f], start_interpolation: 0, interpolation_duration: 1 }
$data merge entity $(bone_finger_right_index1) { transformation: [0.5046579292044733f,0.7297774883807763f,-0.4612430941962141f,-0.5978438409722315f,0.32007909157462555f,0.3380285231392804f,0.8850345149659639f,0.6121746289314263f,0.8017915874014987f,-0.5942739561826029f,-0.06299774103301498f,0.11443206222089182f,0f,0f,0f,1f], start_interpolation: 0, interpolation_duration: 1 }
$data merge entity $(bone_finger_right_middle3) { transformation: [0.672621321483798f,0.709407273193391f,0.21052761962675f,-0.5985935664857558f,-0.70100289186143f,0.519730520457562f,0.4883391564341561f,0.6207105751492978f,0.23701372004021343f,-0.4760477989080807f,0.8468783795017268f,0.25392337210727856f,0f,0f,0f,1f], start_interpolation: 0, interpolation_duration: 1 }
$data merge entity $(bone_finger_right_middle1) { transformation: [0.3487058324885011f,0.709407273193391f,-0.612491275961395f,-0.6421817955468184f,0.328152829971754f,0.519730520457562f,0.7887939568014197f,0.5796914714028286f,0.8779065796370535f,-0.4760477989080807f,-0.0515609404951205f,0.1441850496526469f,0f,0f,0f,1f], start_interpolation: 0, interpolation_duration: 1 }
$data merge entity $(bone_finger_right_ring3) { transformation: [0.6517131032281571f,0.709407273193391f,0.268349309335876f,-0.6396334456180419f,-0.7408969261111218f,0.519730520457562f,0.4253844508018626f,0.5838875378788781f,0.16230149709665562f,-0.4760477989080807f,0.86431285839964f,0.2838530450516254f,0f,0f,0f,1f], start_interpolation: 0, interpolation_duration: 1 }
$data merge entity $(bone_finger_right_ring1) { transformation: [0.3750904360269072f,0.709407273193391f,-0.5966979851997667f,-0.6865197501214053f,0.29343379203717745f,0.519730520457562f,0.8023570251425445f,0.547208313874231f,0.8793200637377877f,-0.4760477989080807f,-0.013218118736972317f,0.17393803708440192f,0f,0f,0f,1f], start_interpolation: 0, interpolation_duration: 1 }
$data merge entity $(bone_finger_right_pinky3) { transformation: [0.7195854055308814f,0.6917337334663434f,-0.06083819632163551f,-0.6670932064589283f,-0.5100420518493406f,0.5859595310178959f,0.6296892355397236f,0.5168798395914681f,0.4712260068080615f,-0.42208514543158293f,0.7744612195027769f,0.3111826339779451f,0f,0f,0f,1f], start_interpolation: 0, interpolation_duration: 1 }
$data merge entity $(bone_finger_right_pinky1) { transformation: [0.5101159858965117f,0.6917337334663434f,-0.5111615428781224f,-0.7308577046959923f,0.017237465966677135f,0.5859595310178959f,0.8101569587285753f,0.5147251563456334f,0.8599328756943052f,-0.42208514543158293f,0.28698358717202316f,0.20369102451615695f,0f,0f,0f,1f], start_interpolation: 0, interpolation_duration: 1 }
$data merge entity $(bone_hand_right1) { transformation: [-0.17180773641031932f,0.709407273193391f,-0.6835374331006888f,-0.589415732688384f,0.782584600295221f,0.519730520457562f,0.3426974313963854f,0.3952966906209018f,0.5983673161949364f,-0.4760477989080807f,-0.6444649316017441f,0.08714672980708282f,0f,0f,0f,1f], start_interpolation: 0, interpolation_duration: 1 }
$data merge entity $(bone_arm_right3) { transformation: [-0.36500729865418163f,0.8888017825275806f,-0.27713004764004123f,-0.5115212072265488f,0.8665113994874772f,0.4331837550927356f,0.24801175149982257f,0.0655501617618647f,0.3404815215065716f,-0.14961024597116118f,-0.9282721087122131f,-0.09153786727249666f,0f,0f,0f,1f], start_interpolation: 0, interpolation_duration: 1 }
$data merge entity $(bone_arm_right1) { transformation: [-0.8588530121193929f,-0.512072968196767f,0.012360372793668719f,-0.27590672475114075f,-0.5113937682758354f,0.8558426032535479f,-0.07752323667669767f,0.2836960793437036f,0.02911902028033928f,-0.07290208294927475f,-0.9969139225427491f,-0.04288682113551054f,0f,0f,0f,1f], start_interpolation: 0, interpolation_duration: 1 }
$data merge entity $(bone_finger_left_thumb3) { transformation: [-0.5018384818489896f,-0.768300362013755f,-0.397331966830047f,0.4794466612168037f,-0.08080286688746163f,-0.41571334354783285f,0.9058991735833785f,0.42707730855144677f,-0.8611788634414274f,0.4867206280052391f,0.14654008132902607f,0.20671127405180645f,0f,0f,0f,1f], start_interpolation: 0, interpolation_duration: 1 }
$data merge entity $(bone_finger_left_thumb1) { transformation: [0.6985771778568729f,-0.5950775031140838f,-0.397331966830047f,0.5419355605220348f,0.4021368957643211f,-0.13278781708419976f,0.9058991735833785f,0.533963118870948f,-0.591841062822243f,-0.792622331833718f,0.14654008132902607f,0.1418898962820902f,0f,0f,0f,1f], start_interpolation: 0, interpolation_duration: 1 }
$data merge entity $(bone_finger_left_index3) { transformation: [0.6840162844593508f,-0.6827621202272243f,-0.25682213646266644f,0.5402000537958062f,0.6202433020707885f,0.35905061112263714f,0.6974101410854192f,0.6361864234852059f,-0.3839530815487073f,-0.6363321034139997f,0.6690750969315526f,0.2466628267526401f,0f,0f,0f,1f], start_interpolation: 0, interpolation_duration: 1 }
$data merge entity $(bone_finger_left_index1) { transformation: [0.5417178144205035f,-0.6827621202272243f,0.490283282115857f,0.6079147805983691f,-0.3356517543248132f,0.35905061112263714f,0.8708734457262635f,0.5942299541946043f,-0.7706359123205639f,-0.6363321034139997f,-0.03466619111709579f,0.1503333377125696f,0f,0f,0f,1f], start_interpolation: 0, interpolation_duration: 1 }
$data merge entity $(bone_finger_left_middle3) { transformation: [0.7060730993253259f,-0.664067169771634f,-0.24591781643593683f,0.6006191670634217f,0.6804845041009805f,0.5401712220187422f,0.49513219505624995f,0.6028633194392253f,-0.19596330801344009f,-0.5169427869061232f,0.8332877876089149f,0.2896297448008418f,0f,0f,0f,1f], start_interpolation: 0, interpolation_duration: 1 }
$data merge entity $(bone_finger_left_middle1) { transformation: [0.39039849316539704f,-0.664067169771634f,0.6376549306370006f,0.6494189787090963f,-0.3391525329663393f,0.5401712220187422f,0.7701886848592971f,0.560469252818433f,-0.8558998632531163f,-0.5169427869061232f,-0.014338031560409747f,0.1826422618942023f,0f,0f,0f,1f], start_interpolation: 0, interpolation_duration: 1 }
$data merge entity $(bone_finger_left_ring3) { transformation: [0.6819531280667398f,-0.664067169771634f,-0.30652035030561925f,0.6386930471035736f,0.7210486693373934f,0.5401712220187422f,0.4339399351863712f,0.5648628734817275f,-0.12259179241190077f,-0.5169427869061232f,0.8471962036618012f,0.3219150176243189f,0f,0f,0f,1f], start_interpolation: 0, interpolation_duration: 1 }
$data merge entity $(bone_finger_left_ring1) { transformation: [0.4178410377299987f,-0.664067169771634f,0.6200190813355735f,0.6909231768198234f,-0.30523457631572726f,0.5401712220187422f,0.7842492616025445f,0.5267085514422616f,-0.8557106523878711f,-0.5169427869061232f,0.023009442749763853f,0.21495118607583502f,0f,0f,0f,1f], start_interpolation: 0, interpolation_duration: 1 }
$data merge entity $(bone_finger_left_pinky3) { transformation: [0.7611874058044987f,-0.6476735332860027f,0.033357570736511466f,0.6624740820764272f,0.48800448480799496f,0.605893228618746f,0.6282873692198774f,0.49709258523834776f,-0.42713622657402917f,-0.46196578855449455f,0.7772658838218258f,0.35077029327931875f,0f,0f,0f,1f], start_interpolation: 0, interpolation_duration: 1 }
$data merge entity $(bone_finger_left_pinky1) { transformation: [0.5596263428329871f,-0.6476735332860027f,0.5170467587058253f,0.7324273749305505f,-0.03315788137806064f,0.605893228618746f,0.7948546725134535f,0.4929478500660902f,-0.8280814641748084f,-0.46196578855449455f,0.3175983294907734f,0.2472601102574677f,0f,0f,0f,1f], start_interpolation: 0, interpolation_duration: 1 }
$data merge entity $(bone_hand_left1) { transformation: [-0.1591020853030678f,-0.664067169771634f,0.7305486434753719f,0.5946801465529239f,-0.7776598425438465f,0.5401712220187422f,0.32165232813934014f,0.3776744111446673f,-0.6082201046881752f,-0.5169427869061232f,-0.6023607385270358f,0.12240300051392553f,0f,0f,0f,1f], start_interpolation: 0, interpolation_duration: 1 }
$data merge entity $(bone_arm_left3) { transformation: [-0.3697093138885504f,-0.8650555189142638f,0.33910761185799165f,0.5177828570349481f,-0.8555769965315645f,0.4592854957281693f,0.2388406088163323f,0.05023156788409344f,-0.36235759441480453f,-0.2018310744402424f,-0.9099237282103448f,-0.06089049879038639f,0f,0f,0f,1f], start_interpolation: 0, interpolation_duration: 1 }
$data merge entity $(bone_arm_left1) { transformation: [-0.8400149758930031f,0.540721852277135f,0.044662274297907034f,0.28628190069208637f,0.536677131728772f,0.8401744087409461f,-0.07800396897709737f,0.2753293201567124f,-0.07970255049153425f,-0.041555280853170604f,-0.9959521384476057f,-0.026147742219338653f,0f,0f,0f,1f], start_interpolation: 0, interpolation_duration: 1 }
$data merge entity $(bone_torso1) { transformation: [-0.9994464452324037f,0.016851133342126765f,0.028685229951976112f,0.004212783335531691f,0.014874238554651035f,0.9975889022225229f,-0.06778745599210005f,0.24939722555563074f,-0.02975836251763891f,-0.06732326096935169f,-0.9972873299068435f,-0.016830815242337923f,0f,0f,0f,1f], start_interpolation: 0, interpolation_duration: 1 }