# This file was generated by Animated Java via MC-Build. It is not recommended to edit this file directly.
$data merge entity $(bone_eyelid_right1) { transformation: [-0.9997369120956017f,0.010817874389210265f,0.020225730821169692f,-0.16103961335776107f,0.010256448792228501f,0.9995648079087194f,-0.027658634250036725f,0.26114676183101204f,-0.020516136374169956f,-0.027443913425460643f,-0.9994127874728101f,0.23497037090292794f,0f,0f,0f,1f], start_interpolation: 0, interpolation_duration: 1 }
$data merge entity $(bone_eye_right1) { transformation: [-0.9997369120956017f,0.010817874389210265f,0.020225730821169692f,-0.16179807826355494f,0.010256448792228501f,0.9995648079087194f,-0.027658634250036725f,0.2621839606153884f,-0.020516136374169956f,-0.027443913425460643f,-0.9994127874728101f,0.27244835043315835f,0f,0f,0f,1f], start_interpolation: 0, interpolation_duration: 1 }
$data merge entity $(bone_eyelid_left1) { transformation: [-0.9997369120956017f,0.010817874389210265f,0.020225730821169692f,0.15658680098413252f,0.010256448792228501f,0.9995648079087194f,-0.027658634250036725f,0.2578881854852331f,-0.020516136374169956f,-0.027443913425460643f,-0.9994127874728101f,0.24148855259036545f,0f,0f,0f,1f], start_interpolation: 0, interpolation_duration: 1 }
$data merge entity $(bone_eye_left1) { transformation: [-0.9997369120956017f,0.010817874389210265f,0.020225730821169692f,0.15582833607833865f,0.010256448792228501f,0.9995648079087194f,-0.027658634250036725f,0.2589253842696095f,-0.020516136374169956f,-0.027443913425460643f,-0.9994127874728101f,0.27896653212059586f,0f,0f,0f,1f], start_interpolation: 0, interpolation_duration: 1 }
$data merge entity $(bone_jaw1) { transformation: [-0.9997369120956017f,0.008793340816163047f,0.021184516771499556f,0.0007201802104897302f,0.010256448792228501f,0.9974958760088045f,0.06997701482344054f,0.12580993330890355f,-0.020516136374169956f,0.07017588262870961f,-0.9973236353589331f,0.027801160430342736f,0f,0f,0f,1f], start_interpolation: 0, interpolation_duration: 1 }
$data merge entity $(bone_finger_right_thumb3) { transformation: [-0.4971899864405639f,0.761777043156183f,0.41532860954123335f,-0.47657162052788615f,0.04472279175557982f,-0.45554962227587015f,0.8890862801449013f,0.4308181131984761f,0.8664883087963848f,0.46061945048438246f,0.1924259144570884f,0.20332075768542018f,0f,0f,0f,1f], start_interpolation: 0, interpolation_duration: 1 }
$data merge entity $(bone_finger_right_thumb1) { transformation: [0.6693155634792701f,0.6160509902442916f,0.41532860954123335f,-0.5342780278664678f,-0.44192952091436755f,-0.11926393001447853f,0.8890862801449013f,0.5416271958218284f,0.5972562055172169f,-0.7786252580134614f,0.1924259144570884f,0.1406903516493361f,0f,0f,0f,1f], start_interpolation: 0, interpolation_duration: 1 }
$data merge entity $(bone_finger_right_index3) { transformation: [0.6681836415311282f,0.7111656792587471f,0.21857263743352207f,-0.5342970501842015f,-0.6196835769137393f,0.36939913638509114f,0.6924857706417819f,0.6401814966688768f,0.41173156995012516f,-0.5981535377161903f,0.6875241520295937f,0.24964974497106915f,0f,0f,0f,1f], start_interpolation: 0, interpolation_duration: 1 }
$data merge entity $(bone_finger_right_index1) { transformation: [0.5192300342960606f,0.7111656792587471f,-0.47396576683274994f,-0.599200804471209f,0.2976276599184535f,0.36939913638509114f,0.8803192909901577f,0.6029780391790701f,0.8011354114857097f,-0.5981535377161903f,-0.019859450677932322f,0.14950781853535544f,0f,0f,0f,1f], start_interpolation: 0, interpolation_duration: 1 }
$data merge entity $(bone_finger_right_middle3) { transformation: [0.6942387769752201f,0.6923611053907134f,0.19664338352993216f,-0.596953751526632f,-0.6821589505433999f,0.5458158501002703f,0.4865636895339049f,0.606405141715053f,0.22954669838069494f,-0.4719334248826508f,0.8512268532776995f,0.28920196916906f,0f,0f,0f,1f], start_interpolation: 0, interpolation_duration: 1 }
$data merge entity $(bone_finger_right_middle1) { transformation: [0.3641569762519726f,0.6923611053907134f,-0.6229171665552087f,-0.6424733735581286f,0.30032474533799847f,0.5458158501002703f,0.7822340475311627f,0.5688645485478032f,0.881586492628311f,-0.4719334248826508f,-0.009170523095486716f,0.17900365759052111f,0f,0f,0f,1f], start_interpolation: 0, interpolation_duration: 1 }
$data merge entity $(bone_finger_right_ring3) { transformation: [0.6744583886844482f,0.6923611053907134f,0.25640199233884137f,-0.6368732370593421f,-0.7219699495425328f,0.5458158501002703f,0.42525809779106083f,0.5679908495162032f,0.15448389524714337f,-0.4719334248826508f,0.8679939911012065f,0.31864292542445505f,0f,0f,0f,1f], start_interpolation: 0, interpolation_duration: 1 }
$data merge entity $(bone_finger_right_ring1) { transformation: [0.3909816446856493f,0.6923611053907134f,-0.6064399832308668f,-0.6857459426450482f,0.265918332797335f,0.5458158501002703f,0.7945895154490805f,0.5347510579165363f,0.8811474302301463f,-0.4719334248826508f,0.02929246792848106f,0.2084994966456868f,0f,0f,0f,1f], start_interpolation: 0, interpolation_duration: 1 }
$data merge entity $(bone_finger_right_pinky3) { transformation: [0.7329897056829904f,0.6755455902427925f,-0.07977622995780259f,-0.6629622176084143f,-0.4943490343043862f,0.6095683367937014f,0.6197140268388971f,0.4996426538843399f,0.4672741418536703f,-0.41480669990017977f,0.7807626259451965f,0.34411119763481246f,0f,0f,0f,1f], start_interpolation: 0, interpolation_duration: 1 }
$data merge entity $(bone_finger_right_pinky1) { transformation: [0.5284503529884274f,0.6755455902427925f,-0.5141773817759039f,-0.7290185117319677f,-0.007959307207436095f,0.6095683367937014f,0.7926935676586118f,0.5006375672852694f,0.84892689547168f,-0.41480669990017977f,0.3275034776345713f,0.23799533570085246f,0f,0f,0f,1f], start_interpolation: 0, interpolation_duration: 1 }
$data merge entity $(bone_hand_right1) { transformation: [-0.16270726019092446f,0.6923611053907134f,-0.7029668891372567f,-0.5896666162447115f,0.755308585688599f,0.5458158501002703f,0.3627588705523369f,0.3875150140060364f,0.6348506027926972f,-0.4719334248826508f,-0.6117544888370503f,0.11295174464678888f,0f,0f,0f,1f], start_interpolation: 0, interpolation_duration: 1 }
$data merge entity $(bone_arm_right3) { transformation: [-0.36484256705721174f,0.8807673613733934f,-0.3018919614737262f,-0.5130048712547428f,0.8495405102578897f,0.44759696304091273f,0.27917356627609974f,0.06540456290904115f,0.3810128904563048f,-0.15461505041845577f,-0.9115499786025067f,-0.07965238244861698f,0f,0f,0f,1f], start_interpolation: 0, interpolation_duration: 1 }
$data merge entity $(bone_arm_right1) { transformation: [-0.854638209290795f,-0.5191467516911862f,-0.008954408339626817f,-0.27781745231084176f,-0.5182854305057065f,0.8540029631341242f,-0.04537787438444213f,0.2835800622869848f,0.031204867340488038f,-0.03414072592411489f,-0.9989297608378865f,-0.029104588810408765f,0f,0f,0f,1f], start_interpolation: 0, interpolation_duration: 1 }
$data merge entity $(bone_finger_left_thumb3) { transformation: [-0.4620393584755574f,-0.7892129660845476f,-0.4045522529705221f,0.47656465050575336f,-0.03488191608408704f,-0.439637786457294f,0.8974975591327436f,0.4210397472728041f,-0.8861731676990667f,0.4287907541948178f,0.1756007003609074f,0.22288057735708194f,0f,0f,0f,1f], start_interpolation: 0, interpolation_duration: 1 }
$data merge entity $(bone_finger_left_thumb1) { transformation: [0.7021745029483197f,-0.5859082197970549f,-0.4045522529705221f,0.5390519475636357f,0.4278592015481667f,-0.10693285276907076f,0.8974975591327436f,0.5306157449121214f,-0.5691111236479609f,-0.8032913064218448f,0.1756007003609074f,0.16271673067364356f,0f,0f,0f,1f], start_interpolation: 0, interpolation_duration: 1 }
$data merge entity $(bone_finger_left_index3) { transformation: [0.6970785687927232f,-0.6783047862540224f,-0.23234475650372155f,0.5366223769597859f,0.6056771500440948f,0.38365391932390774f,0.6971117988542925f,0.6291947759304366f,-0.38371429325000633f,-0.6266676049807341f,0.6782706347936338f,0.27162665584352974f,0f,0f,0f,1f], start_interpolation: 0, interpolation_duration: 1 }
$data merge entity $(bone_finger_left_index1) { transformation: [0.5454438524862418f,-0.6783047862540224f,0.49233486645762947f,0.6048028585205661f,-0.30855030673492057f,0.38365391932390774f,0.8704058699257438f,0.5906259875885715f,-0.7792866686905106f,-0.6266676049807341f,-0.000029478080965372744f,0.1742158222572159f,0f,0f,0f,1f], start_interpolation: 0, interpolation_duration: 1 }
$data merge entity $(bone_finger_left_middle3) { transformation: [0.716914009822048f,-0.6610798684312508f,-0.22137685081279956f,0.5968979907844619f,0.6676817254647958f,0.5597010011568729f,0.4908522209222925f,0.5941572401797783f,-0.20058767659361681f,-0.4997081116601112f,0.8426484362650065f,0.3137016398918837f,0f,0f,0f,1f], start_interpolation: 0, interpolation_duration: 1 }
$data merge entity $(bone_finger_left_middle1) { transformation: [0.3937788761044588f,-0.6610798684312508f,0.6386795787316433f,0.6461203502975192f,-0.3081005213080914f,0.5597010011568729f,0.7692911399942653f,0.5556446750162669f,-0.8660324852472867f,-0.4997081116601112f,0.016719379100140985f,0.20544757923597284f,0f,0f,0f,1f], start_interpolation: 0, interpolation_duration: 1 }
$data merge entity $(bone_finger_left_ring3) { transformation: [0.6948916717126906f,-0.6610798684312508f,-0.28301761807220094f,0.6347799798475116f,0.7079215848145981f,0.5597010011568729f,0.43079208332742347f,0.5549447711501075f,-0.12638272958727323f,-0.4997081116601112f,0.8569242725020433f,0.34473920185784745f,0f,0f,0f,1f], start_interpolation: 0, interpolation_duration: 1 }
$data merge entity $(bone_finger_left_ring1) { transformation: [0.42126289781568754f,-0.6610798684312508f,0.6208953039594112f,0.6874378420744724f,-0.274251269649161f,0.5597010011568729f,0.7819981012763504f,0.5206633624439624f,-0.8644789251449412f,-0.4997081116601112f,0.054479272400914935f,0.2366793362147298f,0f,0f,0f,1f], start_interpolation: 0, interpolation_duration: 1 }
$data merge entity $(bone_finger_left_pinky3) { transformation: [0.7615245832774394f,-0.6453180652848579f,0.06037303770003627f,0.6583951123851599f,0.47901659125009743f,0.6231192723253681f,0.6182762147809352f,0.4860866536733376f,-0.43660441405379713f,-0.4419128500889191f,0.7836387040945779f,0.37122747878155166f,0f,0f,0f,1f], start_interpolation: 0, interpolation_duration: 1 }
$data merge entity $(bone_finger_left_pinky1) { transformation: [0.562881771730126f,-0.6453180652848579f,0.5164578450086339f,0.7287553338514257f,-0.003236830413437808f,0.6231192723253681f,0.7821201284876759f,0.48568204987165786f,-0.8265310847045194f,-0.4419128500889191f,0.34865369486563524f,0.2679110931934867f,0f,0f,0f,1f], start_interpolation: 0, interpolation_duration: 1 }
$data merge entity $(bone_hand_left1) { transformation: [-0.15198303914286526f,-0.6610798684312508f,0.7347615690602076f,0.5923596782804457f,-0.7520801313807929f,0.5597010011568729f,0.3480090017316268f,0.37538843148798934f,-0.641308530892228f,-0.4997081116601112f,-0.5822500934700984f,0.13720873902493974f,0f,0f,0f,1f], start_interpolation: 0, interpolation_duration: 1 }
$data merge entity $(bone_arm_left3) { transformation: [-0.36625091589485753f,-0.8643189733877493f,0.344692586006901f,0.5170738233228561f,-0.842040114124159f,0.4655000617601325f,0.2725401598060112f,0.05483683328429917f,-0.39601605120493705f,-0.19042690131191997f,-0.8982810709598579f,-0.05851358611290654f,0f,0f,0f,1f], start_interpolation: 0, interpolation_duration: 1 }
$data merge entity $(bone_arm_left1) { transformation: [-0.8418301390015189f,0.5375144681844605f,0.04899197445561648f,0.28453456074293415f,0.5356897501135762f,0.8431625194521248f,-0.04597235489290759f,0.27781080984135625f,-0.06601900250638024f,-0.012456415356023657f,-0.9977406120954188f,-0.017564262099938163f,0f,0f,0f,1f], start_interpolation: 0, interpolation_duration: 1 }
$data merge entity $(bone_torso1) { transformation: [-0.9997369120956017f,0.010817874389210265f,0.020225730821169692f,0.002704468597302566f,0.010256448792228501f,0.9995648079087194f,-0.027658634250036725f,0.24989120197717984f,-0.020516136374169956f,-0.027443913425460643f,-0.9994127874728101f,-0.006860978356365161f,0f,0f,0f,1f], start_interpolation: 0, interpolation_duration: 1 }