# This file was generated by Animated Java via MC-Build. It is not recommended to edit this file directly.
$data merge entity $(bone_eyelid_right1) { transformation: [-0.9999272805074699f,0.0054070666757526815f,0.010779486393121571f,-0.1601206546448628f,0.005393024085304199f,0.9999845712709047f,-0.0013313569619963987f,0.2540219063073745f,-0.010786518815208968f,-0.0012731261166484325f,-0.9999410133411571f,0.24326263699871384f,0f,0f,0f,1f], start_interpolation: 0, interpolation_duration: 1 }
$data merge entity $(bone_eye_right1) { transformation: [-0.9999272805074699f,0.0054070666757526815f,0.010779486393121571f,-0.16052488538460485f,0.005393024085304199f,0.9999845712709047f,-0.0013313569619963987f,0.25407183219344937f,-0.010786518815208968f,-0.0012731261166484325f,-0.9999410133411571f,0.2807604249990073f,0f,0f,0f,1f], start_interpolation: 0, interpolation_duration: 1 }
$data merge entity $(bone_eyelid_left1) { transformation: [-0.9999272805074699f,0.0054070666757526815f,0.010779486393121571f,0.15756624164516547f,0.005393024085304199f,0.9999845712709047f,-0.0013313569619963987f,0.2523084886252325f,-0.010786518815208968f,-0.0012731261166484325f,-0.9999410133411571f,0.24668962189149388f,0f,0f,0f,1f], start_interpolation: 0, interpolation_duration: 1 }
$data merge entity $(bone_eye_left1) { transformation: [-0.9999272805074699f,0.0054070666757526815f,0.010779486393121571f,0.15716201090542342f,0.005393024085304199f,0.9999845712709047f,-0.0013313569619963987f,0.25235841451130736f,-0.010786518815208968f,-0.0012731261166484325f,-0.9999410133411571f,0.2841874098917873f,0f,0f,0f,1f], start_interpolation: 0, interpolation_duration: 1 }
$data merge entity $(bone_jaw1) { transformation: [-0.9999272805074699f,0.004186711930562044f,0.011309515469109084f,0.0003390243846840362f,0.005393024085304199f,0.9940454020506395f,0.10883314730907014f,0.12503967631392549f,-0.010786518815208968f,0.10888622550714538f,-0.9939956946117302f,0.03108901590233011f,0f,0f,0f,1f], start_interpolation: 0, interpolation_duration: 1 }
$data merge entity $(bone_finger_right_thumb3) { transformation: [-0.5389045533050436f,0.738249483841081f,0.40567176637704083f,-0.4719809472198386f,0.055813583203634665f,-0.44923398646973384f,0.8916690357584933f,0.4355944065376681f,0.8405157502135592f,0.5031664982974203f,0.20088989181651135f,0.20660198993091192f,0f,0f,0f,1f], start_interpolation: 0, interpolation_duration: 1 }
$data merge entity $(bone_finger_right_thumb1) { transformation: [0.6526862494374308f,0.6398680158906451f,0.40567176637704083f,-0.5282122430009524f,-0.43646473888548765f,-0.12010354857014477f,0.8916690357584933f,0.5458818136332599f,0.6192731154385134f,-0.7590415402736714f,0.20088989181651135f,0.1417484687396297f,0f,0f,0f,1f], start_interpolation: 0, interpolation_duration: 1 }
$data merge entity $(bone_finger_right_index3) { transformation: [0.6331870563934945f,0.7280167105103069f,0.26280376868205974f,-0.5255915931847768f,-0.6642656678577418f,0.3368571190453017f,0.6672918430896692f,0.6427887594383734f,0.3972722921640143f,-0.5970920788004571f,0.6968900740522128f,0.24781882985977322f,0f,0f,0f,1f], start_interpolation: 0, interpolation_duration: 1 }
$data merge entity $(bone_finger_right_index1) { transformation: [0.5316039380287366f,0.7280167105103069f,-0.4328844213991664f,-0.5920420854383689f,0.2725635097405248f,0.3368571190453017f,0.9012415960808879f,0.6087183207208078f,0.8019391412259823f,-0.5970920788004571f,-0.019356218728943497f,0.1475764372065254f,0f,0f,0f,1f], start_interpolation: 0, interpolation_duration: 1 }
$data merge entity $(bone_finger_right_middle3) { transformation: [0.6627796591760331f,0.7106526268171188f,0.23599993089073137f,-0.5886858654069312f,-0.719664773196419f,0.5174375237698813f,0.46296978650343923f,0.6119969468857861f,0.2068954750656667f,-0.47668779404639916f,0.8543787271488738f,0.2872519053373711f,0f,0f,0f,1f], start_interpolation: 0, interpolation_duration: 1 }
$data merge entity $(bone_finger_right_middle1) { transformation: [0.3821760736600607f,0.7106526268171188f,-0.590689675480881f,-0.6364578746144388f,0.28494777120476783f,0.5174375237698813f,0.8068848596177329f,0.5763784754851902f,0.8790598480235661f,-0.47668779404639916f,-0.004746640913594058f,0.17736942433442537f,0f,0f,0f,1f], start_interpolation: 0, interpolation_duration: 1 }
$data merge entity $(bone_finger_right_ring3) { transformation: [0.6396888332090408f,0.7106526268171188f,0.29286693337689174f,-0.6299264327294181f,-0.7572767070741032f,0.5174375237698813f,0.3984851288541349f,0.575223722851441f,0.13164416276713137f,-0.47668779404639916f,0.8691596869485598f,0.3169661893874073f,0f,0f,0f,1f], start_interpolation: 0, interpolation_duration: 1 }
$data merge entity $(bone_finger_right_ring1) { transformation: [0.40757784848872586f,0.7106526268171188f,-0.5734571835971977f,-0.6808736637905088f,0.2494807408149468f,0.5174375237698813f,0.8185461312334931f,0.5440386302495727f,0.878430223400656f,-0.47668779404639916f,0.03360192886503938f,0.20716241146232528f,0f,0f,0f,1f], start_interpolation: 0, interpolation_duration: 1 }
$data merge entity $(bone_finger_right_pinky3) { transformation: [0.7190306941993969f,0.6941729679049798f,-0.03344774176420684f,-0.658277418340314f,-0.5346341471496986f,0.583245504700471f,0.6115480438593581f,0.5082185680883238f,0.4440283656486912f,-0.42183950962028754f,0.7904999928037113f,0.3424175970567793f,0f,0f,0f,1f], start_interpolation: 0, interpolation_duration: 1 }
$data merge entity $(bone_finger_right_pinky1) { transformation: [0.5360962770101185f,0.6941729679049798f,-0.4803380813613282f,-0.7252894529665788f,-0.027841735405050305f,0.583245504700471f,0.8118186490937049f,0.511698785013955f,0.8436975877324324f,-0.42183950962028754f,0.3320027237505591f,0.23695539859022524f,0f,0f,0f,1f], start_interpolation: 0, interpolation_duration: 1 }
$data merge entity $(bone_hand_right1) { transformation: [-0.1580551169770839f,0.7106526268171188f,-0.6855592053173009f,-0.5861829844369393f,0.7776537126581343f,0.5174375237698813f,0.3570897816851013f,0.3920803703886624f,0.6085008489611006f,-0.47668779404639916f,-0.6344253020023694f,0.11782359009331705f,0f,0f,0f,1f], start_interpolation: 0, interpolation_duration: 1 }
$data merge entity $(bone_arm_right3) { transformation: [-0.34510936941064f,0.8927919966162504f,-0.28952024786352937f,-0.5167116112408066f,0.8593014892784412f,0.42462484002076306f,0.28512224704711164f,0.06775816297371814f,0.37749234915272545f,-0.15038682128202088f,-0.9137195030838766f,-0.07379412753410255f,0f,0f,0f,1f], start_interpolation: 0, interpolation_duration: 1 }
$data merge entity $(bone_arm_right1) { transformation: [-0.8582291854108717f,-0.5129984066669274f,-0.01659216882102691f,-0.2795403806652779f,-0.5127367992418963f,0.8583636206622308f,-0.017688115411237913f,0.2827416462414025f,0.023316089126761405f,-0.0066730413470656716f,-0.9997058719978659f,-0.019015853470540474f,0f,0f,0f,1f], start_interpolation: 0, interpolation_duration: 1 }
$data merge entity $(bone_finger_left_thumb3) { transformation: [-0.521218608437647f,-0.7537338986406975f,-0.4002703739451834f,0.47208495555230556f,-0.05009589767177702f,-0.4411870989875618f,0.8960158172283555f,0.4305026661171242f,-0.8519516202548016f,0.48707202108808656f,0.19219594953688524f,0.2167859151238329f,0f,0f,0f,1f], start_interpolation: 0, interpolation_duration: 1 }
$data merge entity $(bone_finger_left_thumb1) { transformation: [0.6705624223630847f,-0.6246036066629254f,-0.4002703739451834f,0.5308883599761172f,0.4293279079408961f,-0.11328372672054549f,0.8960158172283555f,0.5401696431865084f,-0.6049988307241964f,-0.7726817791328913f,0.19219594953688524f,0.1531733081293637f,0f,0f,0f,1f], start_interpolation: 0, interpolation_duration: 1 }
$data merge entity $(bone_finger_left_index3) { transformation: [0.6487369102708462f,-0.7112917081118096f,-0.27056335159001116f,0.5270255459066862f,0.6573517182510854f,0.3446199085192232f,0.670168514005655f,0.6371115570113697f,-0.3834437895762316f,-0.6126183352002996f,0.6911364811756303f,0.2591737301583822f,0f,0f,0f,1f], start_interpolation: 0, interpolation_duration: 1 }
$data merge entity $(bone_finger_left_index1) { transformation: [0.545808647622517f,-0.7112917081118096f,0.4428961798795098f,0.5952516268595008f,-0.2783744443329666f,0.3446199085192232f,0.8965181467179091f,0.6023147514697489f,-0.7903167649258058f,-0.6126183352002996f,-0.00990890779159892f,0.16038413454265643f,0f,0f,0f,1f], start_interpolation: 0, interpolation_duration: 1 }
$data merge entity $(bone_finger_left_middle3) { transformation: [0.6748116919164973f,-0.6945823650376669f,-0.2493682390190771f,0.5889187388812726f,0.7124505862116659f,0.5250165410687584f,0.46558757909855203f,0.6056456350277196f,-0.1924664715202308f,-0.4918464900585123f,0.8491429135061273f,0.29995508332705945f,0f,0f,0f,1f], start_interpolation: 0, interpolation_duration: 1 }
$data merge entity $(bone_finger_left_middle1) { transformation: [0.39795428634465957f,-0.6945823650376669f,0.5993227212100287f,0.638663024674355f,-0.2891553389981451f,0.5250165410687584f,0.8004666273699763f,0.5695012176529515f,-0.8706443452459682f,-0.4918464900585123f,0.008090383695559533f,0.19112454017131345f,0f,0f,0f,1f], start_interpolation: 0, interpolation_duration: 1 }
$data merge entity $(bone_finger_left_ring3) { transformation: [0.6505099556081518f,-0.6945823650376669f,-0.3072330318070658f,0.629109720992107f,0.7503181279068358f,0.5250165410687584f,0.40172171778306665f,0.5684332167479942f,-0.11772639716334313f,-0.4918464900585123f,0.8626862266363482f,0.3305477941959623f,0f,0f,0f,1f], start_interpolation: 0, interpolation_duration: 1 }
$data merge entity $(bone_finger_left_ring1) { transformation: [0.423717611976817f,-0.6945823650376669f,0.5813937766087153f,0.6820744224892091f,-0.25396426329472105f,0.5250165410687584f,0.8123175392501176f,0.5366876838361541f,-0.8694627871679347f,-0.4918464900585123f,0.046059656395686654f,0.2218649457999705f,0f,0f,0f,1f], start_interpolation: 0, interpolation_duration: 1 }
$data merge entity $(bone_finger_left_pinky3) { transformation: [0.7341660659947344f,-0.6785809011444988f,0.02298147392434563f,0.6561807677069119f,0.5267964520680767f,0.590649337782434f,0.61124369760813f,0.5011291478928068f,-0.42835229149649956f,-0.4366478219103956f,0.7911087118662048f,0.35659705613545173f,0f,0f,0f,1f], start_interpolation: 0, interpolation_duration: 1 }
$data merge entity $(bone_finger_left_pinky1) { transformation: [0.5544404207772107f,-0.6785809011444988f,0.481792258562038f,0.7254858203040633f,0.021960017012398414f,0.590649337782434f,0.8066294796435274f,0.5038741500193566f,-0.8319336376545939f,-0.4366478219103956f,0.3423815155052953f,0.2526053514286275f,0f,0f,0f,1f], start_interpolation: 0, interpolation_duration: 1 }
$data merge entity $(bone_hand_left1) { transformation: [-0.15327008723598284f,-0.6945823650376669f,0.7028965916387384f,0.5876995452476141f,-0.7759746062296836f,0.5250165410687584f,0.3496012615693545f,0.38574913322840243f,-0.6118592083521843f,-0.4918464900585123f,-0.6194476082541286f,0.13048661693549043f,0f,0f,0f,1f], start_interpolation: 0, interpolation_duration: 1 }
$data merge entity $(bone_arm_left3) { transformation: [-0.34613371715506897f,-0.8847085569822983f,0.3122214263158663f,0.5188839540677501f,-0.8555733275537637f,0.4342116404652249f,0.2818768036981375f,0.06217276498006721f,-0.3849489979555665f,-0.16956125880282202f,-0.9072283331588624f,-0.0626228441138936f,0f,0f,0f,1f], start_interpolation: 0, interpolation_duration: 1 }
$data merge entity $(bone_arm_left1) { transformation: [-0.851946590586756f,0.5222508175586217f,0.03796169578606208f,0.2829187146201739f,0.5219604891340035f,0.8527800906302195f,-0.017982347113390435f,0.2797080701934189f,-0.041764273854505915f,0.004494505986848631f,-0.9991173829162118f,-0.01294843663698543f,0f,0f,0f,1f], start_interpolation: 0, interpolation_duration: 1 }
$data merge entity $(bone_torso1) { transformation: [-0.9999272805074699f,0.0054070666757526815f,0.010779486393121571f,0.0013517666689381704f,0.005393024085304199f,0.9999845712709047f,-0.0013313569619963987f,0.24999614281772617f,-0.010786518815208968f,-0.0012731261166484325f,-0.9999410133411571f,-0.00031828152916210813f,0f,0f,0f,1f], start_interpolation: 0, interpolation_duration: 1 }