# This file was generated by Animated Java via MC-Build. It is not recommended to edit this file directly.
$data merge entity $(bone_eyelid_right1) { transformation: [-0.9999584988315641f,0.004049753515719916f,0.008160889105167352f,-0.15982642563720106f,0.004074243675910576f,0.9999872405045538f,0.002986530856512384f,0.2527538544856712f,-0.008148690262504012f,0.003019656362818804f,-0.9999622395483023f,0.2447722741614588f,0f,0f,0f,1f], start_interpolation: 0, interpolation_duration: 1 }
$data merge entity $(bone_eye_right1) { transformation: [-0.9999584988315641f,0.004049753515719916f,0.008160889105167352f,-0.16013245897864484f,0.004074243675910576f,0.9999872405045538f,0.002986530856512384f,0.252641859578552f,-0.008148690262504012f,0.003019656362818804f,-0.9999622395483023f,0.2822708581445202f,0f,0f,0f,1f], start_interpolation: 0, interpolation_duration: 1 }
$data merge entity $(bone_eyelid_left1) { transformation: [-0.9999584988315641f,0.004049753515719916f,0.008160889105167352f,0.15787038902657513f,0.004074243675910576f,0.9999872405045538f,0.002986530856512384f,0.2514594265273977f,-0.008148690262504012f,0.003019656362818804f,-0.9999622395483023f,0.24736119454475897f,0f,0f,0f,1f], start_interpolation: 0, interpolation_duration: 1 }
$data merge entity $(bone_eye_left1) { transformation: [-0.9999584988315641f,0.004049753515719916f,0.008160889105167352f,0.15756435568513136f,0.004074243675910576f,0.9999872405045538f,0.002986530856512384f,0.2513474316202785f,-0.008148690262504012f,0.003019656362818804f,-0.9999622395483023f,0.28485977852782035f,0f,0f,0f,1f], start_interpolation: 0, interpolation_duration: 1 }
$data merge entity $(bone_jaw1) { transformation: [-0.9999584988315641f,0.00308611955297259f,0.00857184231246033f,0.0002511914049285098f,0.004074243675910576f,0.9930332408695313f,0.1177640992264816f,0.12490507597380321f,-0.008148690262504012f,0.11779413565309635f,-0.9930046024328114f,0.0316262770312368f,0f,0f,0f,1f], start_interpolation: 0, interpolation_duration: 1 }
$data merge entity $(bone_finger_right_thumb3) { transformation: [-0.5584944997475347f,0.7255345795900359f,0.40209882811425923f,-0.47035652344563944f,0.06596520900385772f,-0.4443620710054493f,0.8934153239411247f,0.43847146582411184f,0.8268811794646364f,0.5254920776480442f,0.2003137323707842f,0.20487003424223293f,0f,0f,0f,1f], start_interpolation: 0, interpolation_duration: 1 }
$data merge entity $(bone_finger_right_thumb1) { transformation: [0.6450758539419564f,0.649764322728014f,0.40209882811425923f,-0.5258598284312428f,-0.43169204213857254f,-0.12430221116860109f,0.8934153239411247f,0.5482714288377537f,0.6304911763183406f,-0.7499035172663224f,0.2003137323707842f,0.13857824547561437f,0f,0f,0f,1f], start_interpolation: 0, interpolation_duration: 1 }
$data merge entity $(bone_finger_right_index3) { transformation: [0.6170603793645528f,0.7353651178538004f,0.28013323912442145f,-0.5224482852846389f,-0.6815743247385976f,0.3215170498940093f,0.657330378489065f,0.6449961128728705f,0.393310218625958f,-0.5965441560113711f,0.6996014164172928f,0.24316306999304305f,0f,0f,0f,1f], start_interpolation: 0, interpolation_duration: 1 }
$data merge entity $(bone_finger_right_index1) { transformation: [0.5342784408366953f,0.7353651178538004f,-0.4168749106158537f,-0.5892330903892259f,0.2664490025171858f,0.3215170498940093f,0.9086427877252146f,0.6116899875582222f,0.8022166021185968f,-0.5965441560113711f,-0.02415767401829305f,0.14288599472821845f,0f,0f,0f,1f], start_interpolation: 0, interpolation_duration: 1 }
$data merge entity $(bone_finger_right_middle3) { transformation: [0.6485433733701573f,0.7184831918265498f,0.2513431835566457f,-0.5857680570454254f,-0.7345345800249697f,0.5041404322748622f,0.4542041119290489f,0.6155254964157301f,0.19962575887193956f,-0.4791913267249817f,0.8547076861631434f,0.2825446228746038f,0f,0f,0f,1f], start_interpolation: 0, interpolation_duration: 1 }
$data merge entity $(bone_finger_right_middle1) { transformation: [0.38696186266367866f,0.7184831918265498f,-0.5779640299418203f,-0.6341382898783853f,0.28275428699749394f,0.5041404322748622f,0.8160223267351535f,0.5801812105410433f,0.8776733618085919f,-0.4791913267249817f,-0.008071081907447264f,0.1728354526485298f,0f,0f,0f,1f], start_interpolation: 0, interpolation_duration: 1 }
$data merge entity $(bone_finger_right_ring3) { transformation: [0.6241694681864457f,0.7184831918265498f,0.3069110262707786f,-0.6275679896651178f,-0.7713259509201386f,0.5041404322748622f,0.38845682125927306f,0.5795337802239731f,0.12437343937108648f,-0.4791913267249817f,0.8688537966600358f,0.312433668930444f,0f,0f,0f,1f], start_interpolation: 0, interpolation_duration: 1 }
$data merge entity $(bone_finger_right_ring1) { transformation: [0.4118039976194141f,0.7184831918265498f,-0.5605348968685202f,-0.6790434893675447f,0.24689077360086914f,0.5041404322748622f,0.8275792230695979f,0.5486724335238644f,0.8771900668928224f,-0.4791913267249817f,0.030220174323088933f,0.20278491056884118f,0f,0f,0f,1f], start_interpolation: 0, interpolation_duration: 1 }
$data merge entity $(bone_finger_right_pinky3) { transformation: [0.7119330108680256f,0.7020931465659289f,-0.01471739044601894f,-0.6568375927304492f,-0.5504657058330448f,0.5709485995268597f,0.6091019646988876f,0.513180064514489f,0.43604918843877627f,-0.4255383769338207f,0.7929553549969975f,0.3381157319818132f,0f,0f,0f,1f], start_interpolation: 0, interpolation_duration: 1 }
$data merge entity $(bone_finger_right_pinky1) { transformation: [0.5368887690100392f,0.7020931465659289f,-0.4677773650531175f,-0.723948688856704f,-0.03186873593757211f,0.5709485995268597f,0.8203670400302894f,0.5171636565066856f,0.8430509079412858f,-0.4255383769338207f,0.32891071185947024f,0.23273436848915252f,0f,0f,0f,1f], start_interpolation: 0, interpolation_duration: 1 }
$data merge entity $(bone_hand_right1) { transformation: [-0.15668502578485033f,0.7184831918265498f,-0.6776663675862435f,-0.5848582993141653f,0.7885490001495972f,0.5041404322748622f,0.3521830474466159f,0.394562444038991f,0.5946766155297104f,-0.4791913267249817f,-0.64555045916929f,0.11665521989494543f,0f,0f,0f,1f], start_interpolation: 0, interpolation_duration: 1 }
$data merge entity $(bone_arm_right3) { transformation: [-0.3379840328975339f,0.897629661370175f,-0.28289182479312375f,-0.5178714164038873f,0.8647012029553437f,0.41483707269196923f,0.2831996340533279f,0.06855398227663406f,0.3715624081011151f,-0.1488999467723969f,-0.9163897548190278f,-0.07297535781420589f,0f,0f,0f,1f], start_interpolation: 0, interpolation_duration: 1 }
$data merge entity $(bone_arm_right1) { transformation: [-0.8599083184068861f,-0.5101647918214139f,-0.017016730604173178f,-0.27997182072781296f,-0.5100273657402898f,0.8600751954005337f,-0.011947570998090453f,0.2824389569703886f,0.020730897970474865f,-0.0015948174024562282f,-0.9997838198464659f,-0.01706695077722869f,0f,0f,0f,1f], start_interpolation: 0, interpolation_duration: 1 }
$data merge entity $(bone_finger_left_thumb3) { transformation: [-0.5454638453767456f,-0.737598657332935f,-0.3980168515119238f,0.47051246825914467f,-0.06146722702625875f,-0.438400662262473f,0.8966753254827118f,0.43463797719054087f,-0.8358773674340726f,0.5135689632644055f,0.1937935669288532f,0.21253720242966795f,0f,0f,0f,1f], start_interpolation: 0, interpolation_duration: 1 }
$data merge entity $(bone_finger_left_thumb1) { transformation: [0.6587611898954651f,-0.6384483382389259f,-0.3980168515119238f,0.5279815637765826f,0.4263796718387254f,-0.11905350105382607f,0.8966753254827118f,0.543977644013051f,-0.619866171145201f,-0.7604011988988315f,0.1937935669288532f,0.14716602896957115f,0f,0f,0f,1f], start_interpolation: 0, interpolation_duration: 1 }
$data merge entity $(bone_finger_left_index3) { transformation: [0.6289211761363496f,-0.7229015738222802f,-0.2861319079944442f,0.5236543261599731f,0.6764976815791741f,0.32745863032289174f,0.6596375764350133f,0.6407338590353244f,-0.3831566794736495f,-0.6084276127793069f,0.6949869056193798f,0.2516877899423402f,0f,0f,0f,1f], start_interpolation: 0, interpolation_duration: 1 }
$data merge entity $(bone_finger_left_index1) { transformation: [0.5450921703781857f,-0.7229015738222802f,0.4246031563208984f,0.5917908474572463f,-0.2708468039177885f,0.32745863032289174f,0.9052142587446216f,0.6068780085456009f,-0.7934207802924738f,-0.6084276127793069f,-0.017300445305130974f,0.15251019240578098f,0f,0f,0f,1f], start_interpolation: 0, interpolation_duration: 1 }
$data merge entity $(bone_finger_left_middle3) { transformation: [0.6576740536450375f,-0.7064468719938575f,-0.2615294557257341f,0.5860816662646463f,0.7292125110615085f,0.5099461855215407f,0.45629376675931f,0.6107508969399595f,-0.18898135588854664f,-0.4908031223638709f,0.8505282724309648f,0.2920940596168412f,0f,0f,0f,1f], start_interpolation: 0, interpolation_duration: 1 }
$data merge entity $(bone_finger_left_middle1) { transformation: [0.39889688553772895f,-0.7064468719938575f,0.5846486908891478f,0.6359437769568624f,-0.28595619991564f,0.5099461855215407f,0.8112853626202292f,0.5750063719505045f,-0.8712693765065467f,-0.4908031223638709f,0.0014030822387333663f,0.1831853875535229f,0f,0f,0f,1f], start_interpolation: 0, interpolation_duration: 1 }
$data merge entity $(bone_finger_left_ring3) { transformation: [0.6323776113495254f,-0.7064468719938575f,-0.3178543278200925f,0.627094301230036f,0.7662062594546774f,0.5099461855215407f,0.3910023731954856f,0.5744217681654168f,-0.11413380146275628f,-0.4908031223638709f,0.8637625660107848f,0.3226579476425052f,0f,0f,0f,1f], start_interpolation: 0, interpolation_duration: 1 }
$data merge entity $(bone_finger_left_ring1) { transformation: [0.4240192418115402f,-0.7064468719938575f,0.5666925971138681f,0.6800967064564785f,-0.2502962624800675f,0.5099461855215407f,0.8229864329747723f,0.5431347353554083f,-0.8703789195299227f,-0.4908031223638709f,0.039405983248733456f,0.21386058270126485f,0f,0f,0f,1f], start_interpolation: 0, interpolation_duration: 1 }
$data merge entity $(bone_finger_left_pinky3) { transformation: [0.7234062704280961f,-0.690389550837986f,0.006755442179180116f,0.6553998525471447f,0.5446175411377701f,0.576622148809497f,0.6090144755154572f,0.5078334675117511f,-0.42435256779046526f,-0.4368857580604367f,0.7931303377211063f,0.34880919226533624f,0f,0f,0f,1f], start_interpolation: 0, interpolation_duration: 1 }
$data merge entity $(bone_finger_left_pinky1) { transformation: [0.5507982672715989f,-0.690389550837986f,0.46902402589241443f,0.7242496359560946f,0.027437049988486728f,0.576622148809497f,0.8165501244811902f,0.511263098760312f,-0.8341873153306357f,-0.4368857580604367f,0.33654473305256766f,0.24453577784900676f,0f,0f,0f,1f], start_interpolation: 0, interpolation_duration: 1 }
$data merge entity $(bone_hand_left1) { transformation: [-0.15339296189007717f,-0.7064468719938575f,0.6909438590020781f,0.5860750701646511f,-0.7872856144372904f,0.5099461855215407f,0.3466067644638926f,0.3897915781669712f,-0.5972034498750716f,-0.4908031223638709f,-0.6343976154866819f,0.12619718924373557f,0f,0f,0f,1f], start_interpolation: 0, interpolation_duration: 1 }
$data merge entity $(bone_arm_left3) { transformation: [-0.3389183988870066f,-0.8916739210067507f,0.3000865500023527f,0.5195332950043621f,-0.8619432230440484f,0.4221274340552675f,0.2808243395191262f,0.06432716727405777f,-0.3770785052801412f,-0.1634810325828735f,-0.9116390474531748f,-0.0645215172998186f,0f,0f,0f,1f], start_interpolation: 0, interpolation_duration: 1 }
$data merge entity $(bone_arm_left1) { transformation: [-0.8552719481958948f,0.5171141151045638f,0.03320973635581186f,0.2825048348649419f,0.517015718119332f,0.8558896371050344f,-0.012152214356403986f,0.2801471949026889f,-0.034707950771402506f,0.0067765076430579985f,-0.9993745229379292f,-0.012483312504570182f,0f,0f,0f,1f], start_interpolation: 0, interpolation_duration: 1 }
$data merge entity $(bone_torso1) { transformation: [-0.9999584988315641f,0.004049753515719916f,0.008160889105167352f,0.001012438378929979f,0.004074243675910576f,0.9999872405045538f,0.002986530856512384f,0.24999681012613845f,-0.008148690262504012f,0.003019656362818804f,-0.9999622395483023f,0.000754914090704701f,0f,0f,0f,1f], start_interpolation: 0, interpolation_duration: 1 }