# This file was generated by Animated Java via MC-Build. It is not recommended to edit this file directly.
$data merge entity $(bone_eyelid_right1) { transformation: [-0.9999953120736055f,0.0013471901726275382f,0.002749710794101655f,-0.15918816679740808f,0.001369363985016209f,0.9999664334950041f,0.008078163501561361f,0.25106986879282356f,-0.002738735673438366f,0.008081890986656116f,-0.9999635905196703f,0.24691195196574617f,0f,0f,0f,1f], start_interpolation: 0, interpolation_duration: 1 }
$data merge entity $(bone_eye_right1) { transformation: [-0.9999953120736055f,0.0013471901726275382f,0.002749710794101655f,-0.1592912809521869f,0.001369363985016209f,0.9999664334950041f,0.008078163501561361f,0.25076693766151503f,-0.002738735673438366f,0.008081890986656116f,-0.9999635905196703f,0.28441058661023383f,0f,0f,0f,1f], start_interpolation: 0, interpolation_duration: 1 }
$data merge entity $(bone_eyelid_left1) { transformation: [-0.9999953120736055f,0.0013471901726275382f,0.002749710794101655f,0.15852034380149713f,0.001369363985016209f,0.9999664334950041f,0.008078163501561361f,0.2506348081611441f,-0.002738735673438366f,0.008081890986656116f,-0.9999635905196703f,0.24778207567655425f,0f,0f,0f,1f], start_interpolation: 0, interpolation_duration: 1 }
$data merge entity $(bone_eye_left1) { transformation: [-0.9999953120736055f,0.0013471901726275382f,0.002749710794101655f,0.1584172296467183f,0.001369363985016209f,0.9999664334950041f,0.008078163501561361f,0.25033187702983556f,-0.002738735673438366f,0.008081890986656116f,-0.9999635905196703f,0.2852807103210419f,0f,0f,0f,1f], start_interpolation: 0, interpolation_duration: 1 }
$data merge entity $(bone_jaw1) { transformation: [-0.9999953120736055f,0.0009925876589752418f,0.0028966533364683834f,0.00008247030926276559f,0.001369363985016209f,0.9910988617814513f,0.1331208887357208f,0.12474336157745172f,-0.002738735673438366f,0.13312423124754888f,-0.9910955747967297f,0.03225909857707171f,0f,0f,0f,1f], start_interpolation: 0, interpolation_duration: 1 }
$data merge entity $(bone_finger_right_thumb3) { transformation: [-0.6037091982389351f,0.6929996202927382f,0.39406437321308696f,-0.46655733499791596f,0.09305048408561681f,-0.429674216563023f,0.898176861777448f,0.445623170008091f,0.7917555250032261f,0.578905513788799f,0.19491432664581732f,0.19859971166545165f,0f,0f,0f,1f], start_interpolation: 0, interpolation_duration: 1 }
$data merge entity $(bone_finger_right_thumb1) { transformation: [0.627346116035407f,0.6716770953810074f,0.39406437321308696f,-0.5203465761765239f,-0.41784836741559056f,-0.1366786992026953f,0.898176861777448f,0.5539902697961303f,0.657145031589995f,-0.7281269207526886f,0.19491432664581732f,0.12863872813206587f,0f,0f,0f,1f], start_interpolation: 0, interpolation_duration: 1 }
$data merge entity $(bone_finger_right_index3) { transformation: [0.5773481706747309f,0.7518093934867025f,0.3185148751372508f,-0.5152788704174417f,-0.7197307927872082f,0.28439393681258585f,0.6333306203067524f,0.6505675078303256f,0.3855602102557247f,-0.594897238663448f,0.7052946899687859f,0.22959403066708534f,0f,0f,0f,1f], start_interpolation: 0, interpolation_duration: 1 }
$data merge entity $(bone_finger_right_index1) { transformation: [0.5386672185938616f,0.7518093934867025f,-0.38028970992850913f,-0.5826122727416744f,0.2554399217098083f,0.28439393681258585f,0.9240511539417751f,0.6186375176165996f,0.8028624253315385f,-0.594897238663448f,-0.03884844168514778f,0.12923622750064304f,0f,0f,0f,1f], start_interpolation: 0, interpolation_duration: 1 }
$data merge entity $(bone_finger_right_middle3) { transformation: [0.6136207055943849f,0.7361644768642274f,0.2855372001492412f,-0.5790778039689082f,-0.7677710262908989f,0.47183309007576013f,0.43347570439158334f,0.624218652953428f,0.18438351567878522f,-0.485216856789599f,0.8547323095760174f,0.2688342520527346f,0f,0f,0f,1f], start_interpolation: 0, interpolation_duration: 1 }
$data merge entity $(bone_finger_right_middle1) { transformation: [0.3963579886142426f,0.7361644768642274f,-0.5486002259067077f,-0.6286225525456886f,0.2805656277325083f,0.47183309007576013f,0.8358567243521005f,0.5891479494868646f,0.8741757680219326f,-0.485216856789599f,-0.01952763402171459f,0.15956228104999298f,0f,0f,0f,1f], start_interpolation: 0, interpolation_duration: 1 }
$data merge entity $(bone_finger_right_ring3) { transformation: [0.5863994867913483f,0.7361644768642274f,0.33793121325805636f,-0.6221440386750332f,-0.8026293227187644f,0.47183309007576013f,0.3649105444099652f,0.5901382605048451f,0.10918705144320319f,-0.485216856789599f,0.86754987734675f,0.2991627758274664f,0f,0f,0f,1f], start_interpolation: 0, interpolation_duration: 1 }
$data merge entity $(bone_finger_right_ring1) { transformation: [0.4199103493973568f,0.7361644768642274f,-0.5307891874107915f,-0.6746328323497028f,0.24383903318172478f,0.47183309007576013f,0.847299274758666f,0.5596583813571295f,0.874195529824988f,-0.485216856789599f,0.01862196340964334f,0.1898883345993429f,0f,0f,0f,1f], start_interpolation: 0, interpolation_duration: 1 }
$data merge entity $(bone_finger_right_pinky3) { transformation: [0.6933607688509094f,0.7200364972590955f,0.028253970222407f,-0.653492629292447f,-0.5863926335777987f,0.5410117845685067f,0.6028680852754553f,0.5253999995771099f,0.4188012935798666f,-0.43457299913001096f,0.7973404448057166f,0.32553803728727493f,0f,0f,0f,1f], start_interpolation: 0, interpolation_duration: 1 }
$data merge entity $(bone_finger_right_pinky1) { transformation: [0.53720386289016f,0.7200364972590955f,-0.43927150181948177f,-0.720643112153717f,-0.03815050920227697f,0.5410117845685067f,0.8401492650747289f,0.5301688132273945f,0.8425891931086569f,-0.43457299913001096f,0.3181033795539592f,0.22021438814869285f,0f,0f,0f,1f], start_interpolation: 0, interpolation_duration: 1 }
$data merge entity $(bone_hand_right1) { transformation: [-0.15290617802565137f,0.7361644768642274f,-0.6593038478006984f,-0.5817512935803424f,0.8143371809277192f,0.47183309007576013f,0.3379770567187287f,0.40059137795312916f,0.5598880749580962f,-0.485216856789599f,-0.6716322992582615f,0.11172331247366624f,0f,0f,0f,1f], start_interpolation: 0, interpolation_duration: 1 }
$data merge entity $(bone_arm_right3) { transformation: [-0.321892331281731f,0.9083391390210978f,-0.2670305892298176f,-0.5203094783181709f,0.8778918557821618f,0.39196844200003234f,0.27507568054522663f,0.07020064135014356f,0.35452957085885584f,-0.1458792274399569f,-0.9235951680190606f,-0.07211188581334801f,0f,0f,0f,1f], start_interpolation: 0, interpolation_duration: 1 }
$data merge entity $(bone_arm_right1) { transformation: [-0.8638100665994837f,-0.5035561628126182f,-0.016228362050058256f,-0.2808268200534922f,-0.5035784001270163f,0.8639443794260683f,-0.002983987872035545f,0.28175191434596764f,0.015523007663160749f,0.005594653835375248f,-0.9998638587735591f,-0.014121668670027357f,0f,0f,0f,1f], start_interpolation: 0, interpolation_duration: 1 }
$data merge entity $(bone_finger_left_thumb3) { transformation: [-0.5996159185857974f,-0.6973343041758886f,-0.3926647659238601f,0.46668120206059577f,-0.09140268628361681f,-0.42777033443445023f,0.8992541853769589f,0.4443452207750818f,-0.7950511298769716f,0.5750977388212962f,0.19275967338627362f,0.20115561732061882f,0f,0f,0f,1f], start_interpolation: 0, interpolation_duration: 1 }
$data merge entity $(bone_finger_left_thumb1) { transformation: [0.6320781961067723f,-0.668050548692514f,-0.3926647659238601f,0.5211494287037011f,0.4161237490358053f,-0.13484411581677855f,0.8992541853769589f,0.5525640759906174f,-0.653695785128522f,-0.7317960978450365f,0.19275967338627362f,0.13149112376619565f,0f,0f,0f,1f], start_interpolation: 0, interpolation_duration: 1 }
$data merge entity $(bone_finger_left_index3) { transformation: [0.5814203671534663f,-0.74775790453006f,-0.3206376036461446f,0.515793338331022f,0.7181440094458129f,0.28644739989008183f,0.6342058567951765f,0.6491555880627383f,-0.3823866346464277f,-0.5990041763702698f,0.7035442120682637f,0.23241787814506476f,0f,0f,0f,1f], start_interpolation: 0, interpolation_duration: 1 }
$data merge entity $(bone_finger_left_index1) { transformation: [0.5423551758241323f,-0.74775790453006f,0.38302608197039056f,0.5835877353090385f,-0.2569202417833519f,0.28644739989008183f,0.9230058918870431f,0.6170405578398194f,-0.7999017768568579f,-0.5990041763702698f,-0.036757911695524725f,0.13243015603795752f,0f,0f,0f,1f], start_interpolation: 0, interpolation_duration: 1 }
$data merge entity $(bone_finger_left_middle3) { transformation: [0.6167218560028235f,-0.7322007071632268f,-0.2890264291688622f,0.5793039773582613f,0.7660862315996219f,0.47384382590180063f,0.4342624948210875f,0.622632399224939f,-0.18101391681835793f,-0.48923833975314607f,0.8531587242908916f,0.2720067684332396f,0f,0f,0f,1f], start_interpolation: 0, interpolation_duration: 1 }
$data merge entity $(bone_finger_left_middle1) { transformation: [0.4003704171878305f,-0.7322007071632268f,0.5509860737536959f,0.6293502795067402f,-0.2816566440318572f,0.47384382590180063f,0.8343509834161258f,0.5874253187209568f,-0.8719937292856837f,-0.48923833975314607f,-0.016516143679165485f,0.16300755227252917f,0f,0f,0f,1f], start_interpolation: 0, interpolation_duration: 1 }
$data merge entity $(bone_finger_left_ring3) { transformation: [0.5891847300393982f,-0.7322007071632268f,-0.3416774477750501f,0.6221099451732598f,0.8010195124842111f,0.47384382590180063f,0.3658411803970421f,0.5884344159236523f,-0.1059674219180514f,-0.48923833975314607f,0.8656886001372703f,0.30257047457489045f,0f,0f,0f,1f], start_interpolation: 0, interpolation_duration: 1 }
$data merge entity $(bone_finger_left_ring1) { transformation: [0.4240230282494564f,-0.7322007071632268f,0.532997744783063f,0.6751128237044418f,-0.2449946905724643f,0.47384382590180063f,0.8458425564170006f,0.5578100796020943f,-0.8718842085423173f,-0.48923833975314607f,0.021535408287795432f,0.19358494850710078f,0f,0f,0f,1f], start_interpolation: 0, interpolation_duration: 1 }
$data merge entity $(bone_finger_left_pinky3) { transformation: [0.6972476908943661f,-0.7161609682259493f,-0.030969745432365525f,0.6531361792360986f,0.5844883755087429f,0.5429784708727942f,0.6029491844789189f,0.5236107407570125f,-0.4149927667292833f,-0.4385063828022498f,0.7971782459425629f,0.3291165649930088f,0f,0f,0f,1f], start_interpolation: 0, interpolation_duration: 1 }
$data merge entity $(bone_finger_left_pinky1) { transformation: [0.5419135093283601f,-0.7161609682259493f,0.43982180027494344f,0.7208753679021436f,0.0366727978097533f,0.5429784708727942f,0.8389454607240255f,0.5281948404832317f,-0.8396337620106913f,-0.4385063828022498f,0.3205109950274101f,0.2241623447416724f,0f,0f,0f,1f], start_interpolation: 0, interpolation_duration: 1 }
$data merge entity $(bone_hand_left1) { transformation: [-0.1520667918287016f,-0.7322007071632268f,0.6638959370658906f,0.5822255320710913f,-0.8139195599686211f,0.47384382590180063f,0.3361651060940601f,0.39899746253653035f,-0.5607233192256345f,-0.48923833975314607f,-0.6680083878157312f,0.1149111522734917f,0f,0f,0f,1f], start_interpolation: 0, interpolation_duration: 1 }
$data merge entity $(bone_arm_left3) { transformation: [-0.3223486745121396f,-0.9064495707073892f,0.2728378782439431f,0.5208869701461942f,-0.877009651215447f,0.39445355994959863f,0.27433640064353243f,0.06877485774832107f,-0.35629398495515874f,-0.15084947731920909f,-0.9221166040568267f,-0.06926031058890657f,0f,0f,0f,1f], start_interpolation: 0, interpolation_duration: 1 }
$data merge entity $(bone_arm_left1) { transformation: [-0.8623296845102022f,0.5058821734297678f,0.021696585411291377f,0.2816705429879109f,0.5059421248162581f,0.8625620844432261f,-0.0030359211726822405f,0.280981647104396f,-0.020250470338861924f,0.008359251577209268f,-0.9997599918801131f,-0.012581129853718277f,0f,0f,0f,1f], start_interpolation: 0, interpolation_duration: 1 }
$data merge entity $(bone_torso1) { transformation: [-0.9999953120736055f,0.0013471901726275382f,0.002749710794101655f,0.00033679754315688455f,0.001369363985016209f,0.9999664334950041f,0.008078163501561361f,0.24999160837375103f,-0.002738735673438366f,0.008081890986656116f,-0.9999635905196703f,0.002020472746664029f,0f,0f,0f,1f], start_interpolation: 0, interpolation_duration: 1 }