# This file was generated by Animated Java via MC-Build. It is not recommended to edit this file directly.
$data merge entity $(bone_eyelid_right1) { transformation: [-0.9999272805074699f,0.005407066675752681f,0.01077948639312157f,-0.1601206546448628f,0.005393024085304198f,0.9999845712709047f,-0.0013313569619963907f,0.2540219063073745f,-0.010786518815208966f,-0.0012731261166484245f,-0.9999410133411571f,0.2432626369987139f,0f,0f,0f,1f], start_interpolation: 0, interpolation_duration: 1 }
$data merge entity $(bone_eye_right1) { transformation: [-0.9999272805074699f,0.005407066675752681f,0.01077948639312157f,-0.16052488538460485f,0.005393024085304198f,0.9999845712709047f,-0.0013313569619963907f,0.25407183219344937f,-0.010786518815208966f,-0.0012731261166484245f,-0.9999410133411571f,0.28076042499900733f,0f,0f,0f,1f], start_interpolation: 0, interpolation_duration: 1 }
$data merge entity $(bone_eyelid_left1) { transformation: [-0.9999272805074699f,0.005407066675752681f,0.01077948639312157f,0.15756624164516547f,0.005393024085304198f,0.9999845712709047f,-0.0013313569619963907f,0.2523084886252325f,-0.010786518815208966f,-0.0012731261166484245f,-0.9999410133411571f,0.24668962189149393f,0f,0f,0f,1f], start_interpolation: 0, interpolation_duration: 1 }
$data merge entity $(bone_eye_left1) { transformation: [-0.9999272805074699f,0.005407066675752681f,0.01077948639312157f,0.15716201090542342f,0.005393024085304198f,0.9999845712709047f,-0.0013313569619963907f,0.25235841451130736f,-0.010786518815208966f,-0.0012731261166484245f,-0.9999410133411571f,0.28418740989178737f,0f,0f,0f,1f], start_interpolation: 0, interpolation_duration: 1 }
$data merge entity $(bone_jaw1) { transformation: [-0.9999272805074699f,0.003719230007269041f,0.01147174899867312f,0.000339024384684036f,0.005393024085304198f,0.9887438596103675f,0.1495208860795352f,0.12503967631392549f,-0.010786518815208966f,0.14957188041522726f,-0.9886920165556623f,0.031089015902330104f,0f,0f,0f,1f], start_interpolation: 0, interpolation_duration: 1 }
$data merge entity $(bone_finger_right_thumb3) { transformation: [-0.7295272904116248f,0.5689335653744086f,0.3796110255709594f,-0.45430937268297017f,0.18392073891555635f,-0.3713960042593952f,0.9100759143153443f,0.47057763818238973f,0.65875875276267f,0.7337435561628588f,0.16630483891953746f,0.16160210275802092f,0f,0f,0f,1f], start_interpolation: 0, interpolation_duration: 1 }
$data merge entity $(bone_finger_right_thumb1) { transformation: [0.5616410097285994f,0.7351563408255437f,0.3796110255709594f,-0.5007888098008602f,-0.36954617993976685f,-0.1876098373620487f,0.9100759143153443f,0.5736506553195696f,0.7402668418097383f,-0.6514197598085143f,0.16630483891953746f,0.07946279996427472f,0f,0f,0f,1f], start_interpolation: 0, interpolation_duration: 1 }
$data merge entity $(bone_finger_right_index3) { transformation: [0.44027209362913344f,0.8046432570799759f,0.39838387568668887f,-0.4928784533442703f,-0.813078223759787f,0.16908421166227955f,0.5570586427066498f,0.6706305128058706f,0.380873057092582f,-0.569174628916533f,0.7286809700950603f,0.17002354546796228f,0f,0f,0f,1f], start_interpolation: 0, interpolation_duration: 1 }
$data merge entity $(bone_finger_right_index1) { transformation: [0.5276771769577862f,0.8046432570799759f,-0.272224219630783f,-0.5588381004639935f,0.23585737446938368f,0.16908421166227955f,0.9569649044113133f,0.6411483409971976f,0.8160441751683976f,-0.569174628916533f,-0.10055916652129199f,0.06801802357191258f,0f,0f,0f,1f], start_interpolation: 0, interpolation_duration: 1 }
$data merge entity $(bone_finger_right_middle3) { transformation: [0.49559059575531755f,0.7936319450910476f,0.35289984008198333f,-0.558522497540299f,-0.8532893597939306f,0.36903456099729814f,0.3683894152279556f,0.6535611689907663f,0.16213337059764465f,-0.48369600837771193f,0.8600877522777052f,0.20721957563221338f,0f,0f,0f,1f], start_interpolation: 0, interpolation_duration: 1 }
$data merge entity $(bone_finger_right_middle1) { transformation: [0.3993407959350803f,0.7936319450910476f,-0.45899375206307175f,-0.608440097032184f,0.2838199044471987f,0.36903456099729814f,0.8850196351658612f,0.6180836809348665f,0.8717644122935504f,-0.48369600837771193f,-0.07787798750577168f,0.09824902409551958f,0f,0f,0f,1f], start_interpolation: 0, interpolation_duration: 1 }
$data merge entity $(bone_finger_right_ring3) { transformation: [0.46294747623770177f,0.7936319450910476f,0.394750516118906f,-0.6056693763186828f,-0.8821495892693816f,0.36903456099729814f,0.29261851435169384f,0.6256372404344452f,0.08655481729519013f,-0.48369600837771193f,0.870945713051316f,0.2377714840996856f,0f,0f,0f,1f], start_interpolation: 0, interpolation_duration: 1 }
$data merge entity $(bone_finger_right_ring1) { transformation: [0.41898173825353374f,0.7936319450910476f,-0.441137890847122f,-0.6580420936003745f,0.24494575649527844f,0.36903456099729814f,0.8965573429315532f,0.5950190208725354f,0.8743316758444721f,-0.48369600837771193f,-0.0397780353268683f,0.12848002461912658f,0f,0f,0f,1f], start_interpolation: 0, interpolation_duration: 1 }
$data merge entity $(bone_finger_right_pinky3) { transformation: [0.6141722271428445f,0.7786026077981637f,0.12872627756715718f,-0.6434624132551001f,-0.6846995642323411f,0.4446236569364502f,0.5774913942497324f,0.5662400042722834f,0.39240155726811365f,-0.4428180019176686f,0.8061843678906232f,0.26582338893857715f,0f,0f,0f,1f], start_interpolation: 0, interpolation_duration: 1 }
$data merge entity $(bone_finger_right_pinky1) { transformation: [0.5134534153077188f,0.7786026077981637f,-0.36075416759718487f,-0.707644090168565f,-0.045714852303367054f,0.4446236569364502f,0.8945501416753222f,0.5719543608102042f,0.8568989103667487f,-0.4428180019176686f,0.2638872383991373f,0.15871102514273358f,0f,0f,0f,1f], start_interpolation: 0, interpolation_duration: 1 }
$data merge entity $(bone_hand_right1) { transformation: [-0.1377915873260096f,0.7936319450910476f,-0.5925890770113627f,-0.5703683553794423f,0.8834000082042284f,0.36903456099729814f,0.2888216028871461f,0.42286249918496155f,0.44790390037032235f,-0.48369600837771193f,-0.7519443247425444f,0.07637906333429667f,0f,0f,0f,1f], start_interpolation: 0, interpolation_duration: 1 }
$data merge entity $(bone_arm_right3) { transformation: [-0.2763317194165298f,0.9396700291576255f,-0.20164577145879142f,-0.5233938539311818f,0.9172317904121424f,0.3204995305487469f,0.2365711173735462f,0.07866285712178228f,0.28692616384993486f,-0.11958380835606333f,-0.9504594095896052f,-0.08501647019208874f,0f,0f,0f,1f], start_interpolation: 0, interpolation_duration: 1 }
$data merge entity $(bone_arm_right1) { transformation: [-0.8785991970851105f,-0.47735506806103106f,0.013985345110060565f,-0.2795403806652779f,-0.47739667214972115f,0.878687799438448f,0.00041053427313036614f,0.2827416462414025f,-0.01248472273503791f,-0.00631586213166003f,-0.999902116001243f,-0.019015853470540474f,0f,0f,0f,1f], start_interpolation: 0, interpolation_duration: 1 }
$data merge entity $(bone_finger_left_thumb3) { transformation: [-0.7170883344851662f,-0.5886016113023165f,-0.3732726399263775f,0.4557665381470526f,-0.17611853863626564f,-0.36515293517917546f,0.9141365293426678f,0.4656692199381444f,-0.6743638342125983f,0.7212568731751188f,0.15818325449848936f,0.17141936759997473f,0f,0f,0f,1f], start_interpolation: 0, interpolation_duration: 1 }
$data merge entity $(bone_finger_left_thumb1) { transformation: [0.5814319428329963f,-0.7229138483497463f,-0.3732726399263775f,0.5051159910057785f,0.3633811116547053f,-0.1797458578491629f,0.9141365293426678f,0.5682253919788993f,-0.7279361672193775f,-0.6671484051170538f,0.15818325449848936f,0.09031380010370814f,0f,0f,0f,1f], start_interpolation: 0, interpolation_duration: 1 }
$data merge entity $(bone_finger_left_index3) { transformation: [0.4571292872647722f,-0.7903076619851992f,-0.4079786932332243f,0.4963003604609818f,0.80823816453179f,0.1776864459337869f,0.5614076917229601f,0.6652954596759901f,-0.37119251624875793f,-0.5863798481691773f,0.7199824925246506f,0.18069411731324833f,0f,0f,0f,1f], start_interpolation: 0, interpolation_duration: 1 }
$data merge entity $(bone_finger_left_index1) { transformation: [0.5425831803711595f,-0.7903076619851992f,0.2846353663651193f,0.5641232580073767f,-0.24162973411706923f,0.1776864459337869f,0.953961528847958f,0.6350917429113565f,-0.8044989521241357f,-0.5863798481691773f,-0.09455215329256417f,0.08013174829773137f,0f,0f,0f,1f], start_interpolation: 0, interpolation_duration: 1 }
$data merge entity $(bone_finger_left_middle3) { transformation: [0.5081468504193261f,-0.778986934960781f,-0.36737737215202415f,0.5609388405627286f,0.8478757858990427f,0.37751634928576183f,0.37227417007903074f,0.6475234479718014f,-0.1513057503699038f,-0.5006603251530508f,0.8523179035563209f,0.21929554457689418f,0f,0f,0f,1f], start_interpolation: 0, interpolation_duration: 1 }
$data merge entity $(bone_finger_left_middle1) { transformation: [0.41496880703757505f,-0.778986934960781f,0.47008535857461f,0.6128099414424255f,-0.28821181512644056f,0.37751634928576183f,0.880008724754177f,0.6114969710809963f,-0.8629802076567772f,-0.5006603251530508f,-0.0678557293845361f,0.11142301861979703f,0f,0f,0f,1f], start_interpolation: 0, interpolation_duration: 1 }
$data merge entity $(bone_finger_left_ring3) { transformation: [0.47419415050115926f,-0.778986934960781f,-0.41026730650990434f,0.6071117893733151f,0.8770951943520044f,0.37751634928576183f,0.29696031059144934f,0.6190962067370139f,-0.07644558636771298f,-0.5006603251530508f,0.8622617416669595f,0.25085412232496607f,0f,0f,0f,1f], start_interpolation: 0, interpolation_duration: 1 }
$data merge entity $(bone_finger_left_ring1) { transformation: [0.4350786840332733f,-0.778986934960781f,0.45153725633693054f,0.6614966248774743f,-0.2495520598910216f,0.37751634928576183f,0.8917427742494459f,0.5879021992506362f,-0.865118667064827f,-0.5006603251530508f,-0.030148477799361417f,0.14271428894186272f,0f,0f,0f,1f], start_interpolation: 0, interpolation_duration: 1 }
$data merge entity $(bone_finger_left_pinky3) { transformation: [0.6298429278711031f,-0.7640285195138575f,-0.13985101923196508f,0.6436480978942845f,0.677990072628043f,0.4529437087907325f,0.5789399434178963f,0.5592980814721035f,-0.37898198852792164f,-0.4594588317100445f,0.803287143140648f,0.2797078403546043f,0f,0f,0f,1f], start_interpolation: 0, interpolation_duration: 1 }
$data merge entity $(bone_finger_left_pinky1) { transformation: [0.5322816833459085f,-0.7640285195138575f,0.36460475990297897f,0.7101833083125231f,0.04007476758538159f,0.4529437087907325f,0.8906379790183404f,0.5643074274202762f,-0.8456182487254069f,-0.4594588317100445f,0.2717119051241912f,0.17400555926392838f,0f,0f,0f,1f], start_interpolation: 0, interpolation_duration: 1 }
$data merge entity $(bone_hand_left1) { transformation: [-0.1376172653537984f,-0.778986934960781f,0.6117522729315765f,0.5731155288478892f,-0.8819146136112792f,0.37751634928576183f,0.28232608862947556f,0.4166952145743592f,-0.4508748191853368f,-0.5006603251530508f,-0.738952729369228f,0.08871417076915597f,0f,0f,0f,1f], start_interpolation: 0, interpolation_duration: 1 }
$data merge entity $(bone_arm_left3) { transformation: [-0.27995451156248746f,-0.9333604393987778f,0.22464140673778168f,0.5259239455298854f,-0.9142315071910763f,0.33060156359289666f,0.23427197316167542f,0.07300344940689332f,-0.2929269921242186f,-0.13978875604014881f,-0.9458609205215139f,-0.07369716087063863f,0f,0f,0f,1f], start_interpolation: 0, interpolation_duration: 1 }
$data merge entity $(bone_arm_left1) { transformation: [-0.8734641059806029f,0.48682934318733334f,0.007592507839703664f,0.2829187146201739f,0.48684627891274057f,0.8734875515265216f,0.00044501350581513475f,0.2797080701934189f,-0.006415315450103199f,0.004085087513381651f,-0.9999710774755857f,-0.012948436636985429f,0f,0f,0f,1f], start_interpolation: 0, interpolation_duration: 1 }
$data merge entity $(bone_torso1) { transformation: [-0.9999272805074699f,0.005407066675752681f,0.01077948639312157f,0.0013517666689381702f,0.005393024085304198f,0.9999845712709047f,-0.0013313569619963907f,0.24999614281772617f,-0.010786518815208966f,-0.0012731261166484245f,-0.9999410133411571f,-0.0003182815291621061f,0f,0f,0f,1f], start_interpolation: 0, interpolation_duration: 1 }