# This file was generated by Animated Java via MC-Build. It is not recommended to edit this file directly.
$data merge entity $(bone_eyelid_right1) { transformation: [-0.9997369120956017f,0.010817874389210263f,0.02022573082116969f,-0.16103961335776107f,0.0102564487922285f,0.9995648079087194f,-0.02765863425003671f,0.261146761831012f,-0.020516136374169953f,-0.02744391342546063f,-0.9994127874728101f,0.23497037090292794f,0f,0f,0f,1f], start_interpolation: 0, interpolation_duration: 1 }
$data merge entity $(bone_eye_right1) { transformation: [-0.9997369120956017f,0.010817874389210263f,0.02022573082116969f,-0.16179807826355494f,0.0102564487922285f,0.9995648079087194f,-0.02765863425003671f,0.26218396061538835f,-0.020516136374169953f,-0.02744391342546063f,-0.9994127874728101f,0.27244835043315835f,0f,0f,0f,1f], start_interpolation: 0, interpolation_duration: 1 }
$data merge entity $(bone_eyelid_left1) { transformation: [-0.9997369120956017f,0.010817874389210263f,0.02022573082116969f,0.15658680098413252f,0.0102564487922285f,0.9995648079087194f,-0.02765863425003671f,0.25788818548523307f,-0.020516136374169953f,-0.02744391342546063f,-0.9994127874728101f,0.24148855259036545f,0f,0f,0f,1f], start_interpolation: 0, interpolation_duration: 1 }
$data merge entity $(bone_eye_left1) { transformation: [-0.9997369120956017f,0.010817874389210263f,0.02022573082116969f,0.15582833607833865f,0.0102564487922285f,0.9995648079087194f,-0.02765863425003671f,0.2589253842696094f,-0.020516136374169953f,-0.02744391342546063f,-0.9994127874728101f,0.27896653212059586f,0f,0f,0f,1f], start_interpolation: 0, interpolation_duration: 1 }
$data merge entity $(bone_jaw1) { transformation: [-0.9997369120956017f,0.007368425710450327f,0.021721254478061794f,0.0007201802104897302f,0.0102564487922285f,0.9906551711823363f,0.1360041803323273f,0.12580993330890355f,-0.020516136374169953f,0.13619118221179147f,-0.9904701156703473f,0.02780116043034274f,0f,0f,0f,1f], start_interpolation: 0, interpolation_duration: 1 }
$data merge entity $(bone_finger_right_thumb3) { transformation: [-0.7935698941130982f,0.4792389043324393f,0.3749358554893998f,-0.44661645063561084f,0.24219633625174733f,-0.3164909932035778f,0.9171555952657338f,0.48550763685412324f,0.5582004638689905f,0.8186351591492119f,0.13508781714569384f,0.129780516186851f,0f,0f,0f,1f], start_interpolation: 0, interpolation_duration: 1 }
$data merge entity $(bone_finger_right_thumb1) { transformation: [0.5203296498223255f,0.7672549509675429f,0.3749358554893998f,-0.48822416589531403f,-0.3287960289979881f,-0.22520831553899318f,0.9171555952657338f,0.5839293651829801f,0.788130843725158f,-0.6005006701310848f,0.13508781714569384f,0.03970714929281212f,0f,0f,0f,1f], start_interpolation: 0, interpolation_duration: 1 }
$data merge entity $(bone_finger_right_index3) { transformation: [0.3523227752019497f,0.8325911407060599f,0.4273881777632336f,-0.47942886275800956f,-0.8537028370517984f,0.09879252867881844f,0.5113037280198085f,0.6820665866160217f,0.3834841953506116f,-0.5450064483059134f,0.7455922767982965f,0.12374324989230426f,0f,0f,0f,1f], start_interpolation: 0, interpolation_duration: 1 }
$data merge entity $(bone_finger_right_index1) { transformation: [0.5116630651318683f,0.8325911407060599f,-0.2121152993012113f,-0.5433867458994931f,0.23963462021714244f,0.09879252867881844f,0.9658236304163559f,0.6521122590888789f,0.8250916049586536f,-0.5450064483059134f,-0.14896917376332208f,0.02060679927247256f,0f,0f,0f,1f], start_interpolation: 0, interpolation_duration: 1 }
$data merge entity $(bone_finger_right_middle3) { transformation: [0.4208667092312621f,0.8250237411233816f,0.3771034866500528f,-0.5460197960179964f,-0.893435217028743f,0.3050574002933468f,0.32971729632985114f,0.6703698883267762f,0.15698638805211876f,-0.4756845689204595f,0.8654937693925395f,0.15913829757406797f,0f,0f,0f,1f], start_interpolation: 0, interpolation_duration: 1 }
$data merge entity $(bone_finger_right_middle1) { transformation: [0.391447469613664f,0.8250237411233816f,-0.40755944979332503f,-0.5949507297197044f,0.2985897340498518f,0.3050574002933468f,0.9043141894531472f,0.6330461715705448f,0.8704097019525334f,-0.4756845689204595f,-0.1269296720150913f,0.05033708483000129f,0f,0f,0f,1f], start_interpolation: 0, interpolation_duration: 1 }
$data merge entity $(bone_finger_right_ring3) { transformation: [0.38639844986778665f,0.8250237411233816f,0.4123494446735073f,-0.5954081645555173f,-0.9187721821508595f,0.3050574002933468f,0.2505946125358873f,0.6463375730341328f,0.08095625513521677f,-0.4756845689204595f,0.8758825695522421f,0.18945710280191183f,0f,0f,0f,1f], start_interpolation: 0, interpolation_duration: 1 }
$data merge entity $(bone_finger_right_ring1) { transformation: [0.4088523918751876f,0.8250237411233816f,-0.3900968446946428f,-0.6465147135399157f,0.2588599118553776f,0.3050574002933468f,0.916477783997239f,0.6139800840522106f,0.8751178593150546f,-0.4756845689204595f,-0.0888421251366312f,0.08006737038753f,0f,0f,0f,1f], start_interpolation: 0, interpolation_duration: 1 }
$data merge entity $(bone_finger_right_pinky3) { transformation: [0.5579442912779826f,0.8109621026276295f,0.17617785312598938f,-0.6367349466560028f,-0.7347570603536306f,0.38404334457349093f,0.559144678727516f,0.5904572056747301f,0.38578521237963503f,-0.4414195029567454f,0.8101349222929597f,0.21861898319660472f,0f,0f,0f,1f], start_interpolation: 0, interpolation_duration: 1 }
$data merge entity $(bone_finger_right_pinky1) { transformation: [0.49075000563299453f,0.8109621026276295f,-0.318598336582269f,-0.6980786973601272f,-0.03565432687316969f,0.38404334457349093f,0.9226264024316815f,0.5949139965338763f,0.8705706180123681f,-0.4414195029567454f,0.21738358140159336f,0.10979765594505872f,0f,0f,0f,1f], start_interpolation: 0, interpolation_duration: 1 }
$data merge entity $(bone_hand_right1) { transformation: [-0.12531789340517663f,0.8250237411233816f,-0.5510274513808427f,-0.5627964009050368f,0.9195811688468577f,0.3050574002933468f,0.24760948372085995f,0.4356160659200381f,0.3723787044055217f,-0.4756845689204595f,-0.7969054469610694f,0.04518781096779717f,0f,0f,0f,1f], start_interpolation: 0, interpolation_duration: 1 }
$data merge entity $(bone_arm_right3) { transformation: [-0.2509674389973787f,0.9548057112024827f,-0.15925262452536582f,-0.5233934180264715f,0.9392810235377069f,0.2799783805191169f,0.198401777370691f,0.0826618065922326f,0.2340224420542903f,-0.09979058220600143f,-0.9670963428314335f,-0.09833644268861996f,0f,0f,0f,1f], start_interpolation: 0, interpolation_duration: 1 }
$data merge entity $(bone_arm_right1) { transformation: [-0.8862928357866031f,-0.4613125141023135f,0.040936213380625336f,-0.27781745231084176f,-0.4622467383558589f,0.8865909094183305f,-0.016867489918410083f,0.2835800622869848f,-0.02851249046841427f,-0.033872166588223146f,-0.9990193762975312f,-0.029104588810408758f,0f,0f,0f,1f], start_interpolation: 0, interpolation_duration: 1 }
$data merge entity $(bone_finger_left_thumb3) { transformation: [-0.7748035231317921f,-0.5188067060496446f,-0.36127427572480064f,0.45077927466654033f,-0.22610616148032064f,-0.3062518957256872f,0.9247084838504818f,0.47630112142834674f,-0.5903858943802751f,0.7981537308829296f,0.11997965491891825f,0.14819645427930736f,0f,0f,0f,1f], start_interpolation: 0, interpolation_duration: 1 }
$data merge entity $(bone_finger_left_thumb1) { transformation: [0.5588552287542453f,-0.7464326701006326f,-0.36127427572480064f,0.49805653602802097f,0.3177245117712545f,-0.20967917043583495f,0.9247084838504818f,0.5738109656404087f,-0.7659843130990068f,-0.631563864143429f,0.11997965491891825f,0.05994714357436389f,0f,0f,0f,1f], start_interpolation: 0, interpolation_duration: 1 }
$data merge entity $(bone_finger_left_index3) { transformation: [0.38519045657185214f,-0.8073321196183175f,-0.4470382095509978f,0.48783575155762027f,0.846136579765746f,0.11561674386903734f,0.5202745976111516f,0.6721432759277451f,-0.368349291499648f,-0.5786601914506608f,0.7276477047871392f,0.14359300485994989f,0f,0f,0f,1f], start_interpolation: 0, interpolation_duration: 1 }
$data merge entity $(bone_finger_left_index1) { transformation: [0.5400568561552515f,-0.8073321196183175f,0.2378096733783127f,0.5553428585770267f,-0.25042437038635135f,0.11561674386903734f,0.9612077836002577f,0.6408402296294512f,-0.8035086974241816f,-0.5786601914506608f,-0.13973602253527673f,0.043154417681927175f,0f,0f,0f,1f], start_interpolation: 0, interpolation_duration: 1 }
$data merge entity $(bone_finger_left_middle3) { transformation: [0.4451858048468861f,-0.798386391441345f,-0.4054488489613661f,0.5526647897513932f,0.8845502562410055f,0.3217122048644146f,0.33774561644120243f,0.659098320720921f,-0.1392136607765243f,-0.508999437330282f,0.8494345939804047f,0.18168499213053313f,0f,0f,0f,1f], start_interpolation: 0, interpolation_duration: 1 }
$data merge entity $(bone_finger_left_middle1) { transformation: [0.4206177463257406f,-0.798386391441345f,0.4308826771142248f,0.6052420080421108f,-0.3069208311639654f,0.3217122048644146f,0.8957124877095868f,0.6207332168254254f,-0.8537448769237066f,-0.508999437330282f,-0.1097235522756218f,0.0749668825150698f,0f,0f,0f,1f], start_interpolation: 0, interpolation_duration: 1 }
$data merge entity $(bone_finger_left_ring3) { transformation: [0.40815454287676345f,-0.798386391441345f,-0.44270649316485833f,0.600264626277875f,0.9106207455236832f,0.3217122048644146f,0.2593667578221378f,0.6340709890928259f,-0.06465080781359853f,-0.508999437330282f,0.8583355089045923f,0.21399414423634522f,0f,0f,0f,1f], start_interpolation: 0, interpolation_duration: 1 }
$data merge entity $(bone_finger_left_ring1) { transformation: [0.43901224983455855f,-0.798386391441345f,0.41212548387167897f,0.6551411575071948f,-0.26755828057141195f,0.3217122048644146f,0.9082476665199563f,0.6006262040213994f,-0.8577183751050622f,-0.508999437330282f,-0.07237929126889758f,0.10677934734821243f,0f,0f,0f,1f], start_interpolation: 0, interpolation_duration: 1 }
$data merge entity $(bone_finger_left_pinky3) { transformation: [0.5882507254743483f,-0.7841253481022223f,-0.197758748080763f,0.6392056936849906f,0.7229980762119073f,0.400407582564108f,0.5629809496057991f,0.5773671419977283f,-0.36226353083464446f,-0.47415314645031614f,0.8024611691156659f,0.2448032441415265f,0f,0f,0f,1f], start_interpolation: 0, interpolation_duration: 1 }
$data merge entity $(bone_finger_left_pinky1) { transformation: [0.5266769062983063f,-0.7841253481022223f,0.3282664692526678f,0.7050403069722789f,0.02521639375716142f,0.400407582564108f,0.9159901207497f,0.5805191912173735f,-0.8496914556813716f,-0.47415314645031614f,0.23065824037596513f,0.13859181218135505f,0f,0f,0f,1f], start_interpolation: 0, interpolation_duration: 1 }
$data merge entity $(bone_hand_left1) { transformation: [-0.1287688192015101f,-0.798386391441345f,0.5882157437222462f,0.5692839451917293f,-0.9169744556955212f,0.3217122048644146f,0.23592181934526246f,0.4240018862714232f,-0.3775929538581865f,-0.508999437330282f,-0.7735264274697443f,0.06841983780009017f,0f,0f,0f,1f], start_interpolation: 0, interpolation_duration: 1 }
$data merge entity $(bone_arm_left3) { transformation: [-0.2603657277967658f,-0.9439658380165651f,0.2028255024560363f,0.5285717898284709f,-0.9340351809789892f,0.29945815857580954f,0.19468716433276045f,0.07186953999185877f,-0.244515783708141f,-0.1387562896594907f,-0.9596659437520564f,-0.0767485014971776f,0f,0f,0f,1f], start_interpolation: 0, interpolation_duration: 1 }
$data merge entity $(bone_arm_left1) { transformation: [-0.8770503658698843f,0.4803983651796499f,-0.00025779880118454584f,0.28453456074293415f,0.4803371369718345f,0.8769297582758825f,-0.016444874456904776f,0.27781080984135625f,-0.007674019364275062f,-0.014546813497188404f,-0.9998647406743948f,-0.01756426209993816f,0f,0f,0f,1f], start_interpolation: 0, interpolation_duration: 1 }
$data merge entity $(bone_torso1) { transformation: [-0.9997369120956017f,0.010817874389210263f,0.02022573082116969f,0.0027044685973025657f,0.0102564487922285f,0.9995648079087194f,-0.02765863425003671f,0.24989120197717984f,-0.020516136374169953f,-0.02744391342546063f,-0.9994127874728101f,-0.006860978356365157f,0f,0f,0f,1f], start_interpolation: 0, interpolation_duration: 1 }