# This file was generated by Animated Java via MC-Build. It is not recommended to edit this file directly.
$data merge entity $(bone_head2) {transformation: [-0.993f,0.0649f,-0.0983f,0.1454f,0.0826f,0.9785f,-0.1891f,1.0086f,0.0839f,-0.1959f,-0.977f,-0.0072f,0f,0f,0f,1f],start_interpolation: 0,interpolation_duration: 1}
$data merge entity $(bone_head1) {transformation: [-0.993f,0.1146f,0.0273f,0.1651f,0.0826f,0.5124f,0.8548f,0.8866f,0.0839f,0.8511f,-0.5183f,0.3468f,0f,0f,0f,1f],start_interpolation: 0,interpolation_duration: 1}
$data merge entity $(bone_eyelid_right) {transformation: [-0.9801f,0.1915f,-0.0527f,0.0725f,0.1644f,0.9311f,0.3255f,0.7375f,0.1114f,0.3103f,-0.9441f,0.3277f,0f,0f,0f,1f],start_interpolation: 0,interpolation_duration: 1}
$data merge entity $(bone_eye_right) {transformation: [-0.9801f,0.1915f,-0.0527f,0.0728f,0.1644f,0.9311f,0.3255f,0.7355f,0.1114f,0.3103f,-0.9441f,0.3336f,0f,0f,0f,1f],start_interpolation: 0,interpolation_duration: 1}
$data merge entity $(bone_eyelid_left) {transformation: [-0.9984f,0.0184f,-0.0527f,0.2897f,0.0002f,0.9456f,0.3255f,0.7194f,0.0558f,0.3249f,-0.9441f,0.3094f,0f,0f,0f,1f],start_interpolation: 0,interpolation_duration: 1}
$data merge entity $(bone_eye_left) {transformation: [-0.9984f,0.0184f,-0.0527f,0.29f,0.0002f,0.9456f,0.3255f,0.7174f,0.0558f,0.3249f,-0.9441f,0.3153f,0f,0f,0f,1f],start_interpolation: 0,interpolation_duration: 1}
$data merge entity $(bone_mouth_closed) {transformation: [-0.993f,0.1053f,-0.0527f,0.1191f,0.0826f,0.9419f,0.3255f,0.6238f,0.0839f,0.3188f,-0.9441f,0.0602f,0f,0f,0f,1f],start_interpolation: 0,interpolation_duration: 1}
$data merge entity $(bone_mouth_open) {transformation: [-0.993f,0.1053f,-0.0527f,0.1154f,0.0826f,0.9419f,0.3255f,0.5964f,0.0839f,0.3188f,-0.9441f,0.0443f,0f,0f,0f,1f],start_interpolation: 0,interpolation_duration: 1}
$data merge entity $(bone_head) {transformation: [-0.993f,0.1053f,-0.0527f,0.1468f,0.0826f,0.9419f,0.3255f,0.5918f,0.0839f,0.3188f,-0.9441f,0.0476f,0f,0f,0f,1f],start_interpolation: 0,interpolation_duration: 1}
$data merge entity $(bone_neck) {transformation: [-0.4967f,0.3111f,-0.8102f,0.0972f,-0.0172f,0.9298f,0.3676f,0.5306f,0.8677f,0.1965f,-0.4565f,0.018f,0f,0f,0f,1f],start_interpolation: 0,interpolation_duration: 1}
$data merge entity $(bone_finger_left2) {transformation: [0.0062f,-0.4356f,0.9001f,0.202f,0.0723f,-0.8976f,-0.4348f,0.2557f,0.9974f,0.0677f,0.0259f,0.437f,0f,0f,0f,1f],start_interpolation: 0,interpolation_duration: 1}
$data merge entity $(bone_finger_left) {transformation: [0.43f,-0.0695f,0.9001f,0.2558f,0.8965f,-0.0847f,-0.4348f,0.3677f,0.1065f,0.994f,0.0259f,0.4503f,0f,0f,0f,1f],start_interpolation: 0,interpolation_duration: 1}
$data merge entity $(bone_finger_left4) {transformation: [-0.0318f,-0.4344f,0.9001f,0.2861f,-0.0063f,-0.9005f,-0.4348f,0.2145f,0.9995f,-0.0194f,0.0259f,0.4448f,0f,0f,0f,1f],start_interpolation: 0,interpolation_duration: 1}
$data merge entity $(bone_finger_left3) {transformation: [0.4326f,-0.0507f,0.9001f,0.3402f,0.8994f,-0.0455f,-0.4348f,0.327f,0.063f,0.9977f,0.0259f,0.4527f,0f,0f,0f,1f],start_interpolation: 0,interpolation_duration: 1}
$data merge entity $(bone_thumb_left2) {transformation: [0.1785f,-0.9011f,-0.3952f,0.1547f,0.3139f,-0.3285f,0.8908f,0.3431f,-0.9325f,-0.283f,0.2242f,0.2886f,0f,0f,0f,1f],start_interpolation: 0,interpolation_duration: 1}
$data merge entity $(bone_thumb_left) {transformation: [0.1785f,-0.739f,0.6497f,0.2303f,0.3139f,0.6685f,0.6742f,0.4175f,-0.9325f,0.0836f,0.3512f,0.3616f,0f,0f,0f,1f],start_interpolation: 0,interpolation_duration: 1}
$data merge entity $(bone_hand_left) {transformation: [0.1785f,0.3974f,0.9001f,0.301f,0.3139f,0.844f,-0.4348f,0.3436f,-0.9325f,0.3601f,0.0259f,0.2833f,0f,0f,0f,1f],start_interpolation: 0,interpolation_duration: 1}
$data merge entity $(bone_arm_left2) {transformation: [0.1785f,0.3974f,0.9001f,0.4019f,0.3139f,0.844f,-0.4348f,0.3949f,-0.9325f,0.3601f,0.0259f,0.0518f,0f,0f,0f,1f],start_interpolation: 0,interpolation_duration: 1}
$data merge entity $(bone_arm_left) {transformation: [-0.5748f,0.3974f,0.7153f,0.2135f,0.5348f,0.844f,-0.0391f,0.5311f,-0.6193f,0.3601f,-0.6977f,-0.0595f,0f,0f,0f,1f],start_interpolation: 0,interpolation_duration: 1}
$data merge entity $(bone_finger_right2) {transformation: [-0.7983f,-0.2202f,0.5605f,0.3904f,-0.1973f,-0.7838f,-0.5889f,0.3344f,0.569f,-0.5807f,0.5823f,-0.0777f,0f,0f,0f,1f],start_interpolation: 0,interpolation_duration: 1}
$data merge entity $(bone_finger_right) {transformation: [-0.3555f,0.748f,0.5605f,0.4348f,-0.8061f,0.0582f,-0.5889f,0.4352f,-0.4731f,-0.6612f,0.5823f,-0.0186f,0f,0f,0f,1f],start_interpolation: 0,interpolation_duration: 1}
$data merge entity $(bone_finger_right4) {transformation: [-0.7761f,-0.2889f,0.5605f,0.4471f,-0.1282f,-0.798f,-0.5889f,0.2796f,0.6174f,-0.5289f,0.5823f,-0.0267f,0f,0f,0f,1f],start_interpolation: 0,interpolation_duration: 1}
$data merge entity $(bone_finger_right3) {transformation: [-0.3225f,0.7628f,0.5605f,0.4874f,-0.8028f,0.0933f,-0.5889f,0.38f,-0.5015f,-0.6399f,0.5823f,0.036f,0f,0f,0f,1f],start_interpolation: 0,interpolation_duration: 1}
$data merge entity $(bone_thumb_right2) {transformation: [0.6305f,-0.7746f,-0.0505f,0.2447f,-0.1524f,-0.1873f,0.9704f,0.4093f,-0.7611f,-0.6041f,-0.2362f,-0.0067f,0f,0f,0f,1f],start_interpolation: 0,interpolation_duration: 1}
$data merge entity $(bone_thumb_right) {transformation: [0.6305f,-0.3731f,0.6807f,0.3494f,-0.1524f,0.8003f,0.5799f,0.4771f,-0.7611f,-0.4694f,0.4477f,0.0255f,0f,0f,0f,1f],start_interpolation: 0,interpolation_duration: 1}
$data merge entity $(bone_hand_right) {transformation: [0.6305f,0.537f,0.5605f,0.329f,-0.1524f,0.7937f,-0.5889f,0.3818f,-0.7611f,0.2858f,0.5823f,0.1098f,0f,0f,0f,1f],start_interpolation: 0,interpolation_duration: 1}
$data merge entity $(bone_arm_right2) {transformation: [0.6305f,0.537f,0.5605f,0.2064f,-0.1524f,0.7937f,-0.5889f,0.3831f,-0.7611f,0.2858f,0.5823f,0.3365f,0f,0f,0f,1f],start_interpolation: 0,interpolation_duration: 1}
$data merge entity $(bone_arm_right) {transformation: [0.6133f,0.537f,-0.5792f,0.0893f,-0.5999f,0.7937f,0.1005f,0.5268f,0.5137f,0.2858f,0.809f,0.1575f,0f,0f,0f,1f],start_interpolation: 0,interpolation_duration: 1}
$data merge entity $(bone_torso) {transformation: [-0.4967f,0.0153f,-0.8678f,0.0781f,-0.0172f,0.9995f,0.0274f,0.1719f,0.8677f,0.0285f,-0.4962f,0f,0f,0f,0f,1f],start_interpolation: 0,interpolation_duration: 1}
$data merge entity $(bone_foot_right) {transformation: [-0.8733f,-0.0491f,-0.4846f,0.1974f,-0.0079f,0.9962f,-0.0867f,-0.1155f,0.487f,-0.0719f,-0.8704f,0.3176f,0f,0f,0f,1f],start_interpolation: 0,interpolation_duration: 1}
$data merge entity $(bone_leg_right3) {transformation: [-0.8733f,-0.2453f,-0.4209f,0.1892f,-0.0079f,0.871f,-0.4912f,0.0376f,0.487f,-0.4257f,-0.7626f,0.3054f,0f,0f,0f,1f],start_interpolation: 0,interpolation_duration: 1}
$data merge entity $(bone_foot_left) {transformation: [-0.0244f,-0.1364f,-0.9904f,0.3219f,0.0083f,0.9906f,-0.1366f,-0.048f,0.9997f,-0.0116f,-0.023f,-0.0669f,0f,0f,0f,1f],start_interpolation: 0,interpolation_duration: 1}
$data merge entity $(bone_leg_left3) {transformation: [-0.0244f,-0.2228f,-0.9746f,0.3515f,0.0083f,0.9748f,-0.2231f,0.103f,0.9997f,-0.0135f,-0.0219f,-0.0675f,0f,0f,0f,1f],start_interpolation: 0,interpolation_duration: 1}