# This file was generated by Animated Java via MC-Build. It is not recommended to edit this file directly.
$data merge entity $(bone_head2) {transformation: [-0.9939f,0.0516f,-0.0972f,0.1351f,0.072f,0.9728f,-0.2203f,1.0077f,0.0832f,-0.2259f,-0.9706f,-0.0226f,0f,0f,0f,1f],start_interpolation: 0,interpolation_duration: 1}
$data merge entity $(bone_head1) {transformation: [-0.9939f,0.109f,0.0152f,0.157f,0.072f,0.5397f,0.8388f,0.8969f,0.0832f,0.8348f,-0.5443f,0.3349f,0f,0f,0f,1f],start_interpolation: 0,interpolation_duration: 1}
$data merge entity $(bone_eyelid_right) {transformation: [-0.982f,0.1796f,-0.0584f,0.0662f,0.1548f,0.9427f,0.2956f,0.7461f,0.1081f,0.2813f,-0.9535f,0.3206f,0f,0f,0f,1f],start_interpolation: 0,interpolation_duration: 1}
$data merge entity $(bone_eye_right) {transformation: [-0.982f,0.1796f,-0.0584f,0.0666f,0.1548f,0.9427f,0.2956f,0.7442f,0.1081f,0.2813f,-0.9535f,0.3266f,0f,0f,0f,1f],start_interpolation: 0,interpolation_duration: 1}
$data merge entity $(bone_eyelid_left) {transformation: [-0.9983f,0.0063f,-0.0584f,0.2836f,-0.0112f,0.9552f,0.2956f,0.7303f,0.0576f,0.2958f,-0.9535f,0.3024f,0f,0f,0f,1f],start_interpolation: 0,interpolation_duration: 1}
$data merge entity $(bone_eye_left) {transformation: [-0.9983f,0.0063f,-0.0584f,0.284f,-0.0112f,0.9552f,0.2956f,0.7285f,0.0576f,0.2958f,-0.9535f,0.3084f,0f,0f,0f,1f],start_interpolation: 0,interpolation_duration: 1}
$data merge entity $(bone_mouth_closed) {transformation: [-0.9939f,0.0933f,-0.0584f,0.1139f,0.072f,0.9526f,0.2956f,0.6248f,0.0832f,0.2896f,-0.9535f,0.0566f,0f,0f,0f,1f],start_interpolation: 0,interpolation_duration: 1}
$data merge entity $(bone_mouth_open) {transformation: [-0.9939f,0.0933f,-0.0584f,0.1107f,0.072f,0.9526f,0.2956f,0.5969f,0.0832f,0.2896f,-0.9535f,0.0416f,0f,0f,0f,1f],start_interpolation: 0,interpolation_duration: 1}
$data merge entity $(bone_head) {transformation: [-0.9939f,0.0933f,-0.0584f,0.1421f,0.072f,0.9526f,0.2956f,0.5928f,0.0832f,0.2896f,-0.9535f,0.0449f,0f,0f,0f,1f],start_interpolation: 0,interpolation_duration: 1}
$data merge entity $(bone_neck) {transformation: [-0.4967f,0.3007f,-0.8142f,0.0931f,-0.0172f,0.9345f,0.3556f,0.5309f,0.8677f,0.1906f,-0.459f,0.0157f,0f,0f,0f,1f],start_interpolation: 0,interpolation_duration: 1}
$data merge entity $(bone_finger_left2) {transformation: [0.0051f,-0.4255f,0.9049f,0.201f,0.0787f,-0.902f,-0.4246f,0.2598f,0.9969f,0.0734f,0.0289f,0.4364f,0f,0f,0f,1f],start_interpolation: 0,interpolation_duration: 1}
$data merge entity $(bone_finger_left) {transformation: [0.4199f,-0.0688f,0.9049f,0.2535f,0.9019f,-0.0791f,-0.4246f,0.3726f,0.1008f,0.9945f,0.0289f,0.449f,0f,0f,0f,1f],start_interpolation: 0,interpolation_duration: 1}
$data merge entity $(bone_finger_left4) {transformation: [-0.032f,-0.4243f,0.9049f,0.2855f,-0.0002f,-0.9054f,-0.4246f,0.2197f,0.9995f,-0.0138f,0.0289f,0.4446f,0f,0f,0f,1f],start_interpolation: 0,interpolation_duration: 1}
$data merge entity $(bone_finger_left3) {transformation: [0.4225f,-0.0504f,0.9049f,0.3383f,0.9045f,-0.0397f,-0.4246f,0.3328f,0.0573f,0.9979f,0.0289f,0.4517f,0f,0f,0f,1f],start_interpolation: 0,interpolation_duration: 1}
$data merge entity $(bone_thumb_left2) {transformation: [0.1752f,-0.8973f,-0.4052f,0.1527f,0.3099f,-0.3404f,0.8878f,0.3457f,-0.9345f,-0.2811f,0.2184f,0.2875f,0f,0f,0f,1f],start_interpolation: 0,interpolation_duration: 1}
$data merge entity $(bone_thumb_left) {transformation: [0.1752f,-0.7464f,0.642f,0.2275f,0.3099f,0.6607f,0.6837f,0.4215f,-0.9345f,0.0792f,0.347f,0.3601f,0f,0f,0f,1f],start_interpolation: 0,interpolation_duration: 1}
$data merge entity $(bone_hand_left) {transformation: [0.1752f,0.3878f,0.9049f,0.299f,0.3099f,0.8507f,-0.4246f,0.3479f,-0.9345f,0.3548f,0.0289f,0.2822f,0f,0f,0f,1f],start_interpolation: 0,interpolation_duration: 1}
$data merge entity $(bone_arm_left2) {transformation: [0.1752f,0.3878f,0.9049f,0.3994f,0.3099f,0.8507f,-0.4246f,0.3988f,-0.9345f,0.3548f,0.0289f,0.0504f,0f,0f,0f,1f],start_interpolation: 0,interpolation_duration: 1}
$data merge entity $(bone_arm_left) {transformation: [-0.5806f,0.3878f,0.7159f,0.2095f,0.5244f,0.8507f,-0.0355f,0.5322f,-0.6228f,0.3548f,-0.6973f,-0.0617f,0f,0f,0f,1f],start_interpolation: 0,interpolation_duration: 1}
$data merge entity $(bone_finger_right2) {transformation: [-0.7962f,-0.2113f,0.5669f,0.3886f,-0.2026f,-0.7899f,-0.5788f,0.3374f,0.5701f,-0.5757f,0.5861f,-0.0787f,0f,0f,0f,1f],start_interpolation: 0,interpolation_duration: 1}
$data merge entity $(bone_finger_right) {transformation: [-0.3463f,0.7474f,0.5669f,0.4319f,-0.8131f,0.0623f,-0.5788f,0.439f,-0.468f,-0.6614f,0.5861f,-0.0202f,0f,0f,0f,1f],start_interpolation: 0,interpolation_duration: 1}
$data merge entity $(bone_finger_right4) {transformation: [-0.7748f,-0.2799f,0.5669f,0.4458f,-0.1329f,-0.8045f,-0.5788f,0.2836f,0.6181f,-0.5238f,0.5861f,-0.0273f,0f,0f,0f,1f],start_interpolation: 0,interpolation_duration: 1}
$data merge entity $(bone_finger_right3) {transformation: [-0.3134f,0.7618f,0.5669f,0.485f,-0.8096f,0.0977f,-0.5788f,0.3848f,-0.4964f,-0.6404f,0.5861f,0.0348f,0f,0f,0f,1f],start_interpolation: 0,interpolation_duration: 1}
$data merge entity $(bone_thumb_right2) {transformation: [0.6323f,-0.7723f,-0.0613f,0.242f,-0.1502f,-0.1999f,0.9682f,0.4111f,-0.76f,-0.603f,-0.2424f,-0.0082f,0f,0f,0f,1f],start_interpolation: 0,interpolation_duration: 1}
$data merge entity $(bone_thumb_right) {transformation: [0.6323f,-0.3819f,0.674f,0.346f,-0.1502f,0.7931f,0.5903f,0.4802f,-0.76f,-0.4745f,0.4441f,0.0236f,0f,0f,0f,1f],start_interpolation: 0,interpolation_duration: 1}
$data merge entity $(bone_hand_right) {transformation: [0.6323f,0.528f,0.5669f,0.3266f,-0.1502f,0.8015f,-0.5788f,0.3853f,-0.76f,0.2808f,0.5861f,0.1085f,0f,0f,0f,1f],start_interpolation: 0,interpolation_duration: 1}
$data merge entity $(bone_arm_right2) {transformation: [0.6323f,0.528f,0.5669f,0.204f,-0.1502f,0.8015f,-0.5788f,0.3867f,-0.76f,0.2808f,0.5861f,0.3351f,0f,0f,0f,1f],start_interpolation: 0,interpolation_duration: 1}
$data merge entity $(bone_arm_right) {transformation: [0.6199f,0.528f,-0.5805f,0.0853f,-0.5897f,0.8015f,0.0992f,0.5279f,0.5177f,0.2808f,0.8082f,0.1552f,0f,0f,0f,1f],start_interpolation: 0,interpolation_duration: 1}
$data merge entity $(bone_torso) {transformation: [-0.4967f,0.0041f,-0.8679f,0.0781f,-0.0172f,0.9997f,0.0145f,0.1719f,0.8677f,0.0221f,-0.4965f,0f,0f,0f,0f,1f],start_interpolation: 0,interpolation_duration: 1}
$data merge entity $(bone_foot_right) {transformation: [-0.8851f,-0.0602f,-0.4615f,0.1943f,0.0117f,0.9884f,-0.1513f,-0.1156f,0.4653f,-0.1393f,-0.8741f,0.3188f,0f,0f,0f,1f],start_interpolation: 0,interpolation_duration: 1}
$data merge entity $(bone_leg_right3) {transformation: [-0.8851f,-0.2184f,-0.411f,0.1892f,0.0117f,0.8724f,-0.4887f,0.0376f,0.4653f,-0.4373f,-0.7696f,0.3054f,0f,0f,0f,1f],start_interpolation: 0,interpolation_duration: 1}
$data merge entity $(bone_foot_left) {transformation: [-0.0244f,-0.0185f,-0.9995f,0.3145f,0.0083f,0.9998f,-0.0187f,-0.0463f,0.9997f,-0.0088f,-0.0242f,-0.0671f,0f,0f,0f,1f],start_interpolation: 0,interpolation_duration: 1}
$data merge entity $(bone_leg_left3) {transformation: [-0.0244f,-0.1746f,-0.9843f,0.3515f,0.0083f,0.9846f,-0.1748f,0.103f,0.9997f,-0.0124f,-0.0226f,-0.0675f,0f,0f,0f,1f],start_interpolation: 0,interpolation_duration: 1}