# This file was generated by Animated Java via MC-Build. It is not recommended to edit this file directly.
$data merge entity $(bone_head2) {transformation: [-0.9951f,0.0351f,-0.0927f,0.1206f,0.0554f,0.9724f,-0.2267f,1.0087f,0.0822f,-0.2307f,-0.9695f,-0.0289f,0f,0f,0f,1f],start_interpolation: 0,interpolation_duration: 1}
$data merge entity $(bone_head1) {transformation: [-0.9951f,0.0992f,0.0013f,0.1441f,0.0554f,0.5456f,0.8362f,0.9f,0.0822f,0.8322f,-0.5484f,0.3292f,0f,0f,0f,1f],start_interpolation: 0,interpolation_duration: 1}
$data merge entity $(bone_eyelid_right) {transformation: [-0.9846f,0.1632f,-0.0628f,0.056f,0.1385f,0.947f,0.2899f,0.7476f,0.1068f,0.2767f,-0.955f,0.3156f,0f,0f,0f,1f],start_interpolation: 0,interpolation_duration: 1}
$data merge entity $(bone_eye_right) {transformation: [-0.9846f,0.1632f,-0.0628f,0.0564f,0.1385f,0.947f,0.2899f,0.7458f,0.1068f,0.2767f,-0.955f,0.3216f,0f,0f,0f,1f],start_interpolation: 0,interpolation_duration: 1}
$data merge entity $(bone_eyelid_left) {transformation: [-0.998f,-0.0102f,-0.0628f,0.2737f,-0.028f,0.9566f,0.2899f,0.7355f,0.0571f,0.2911f,-0.955f,0.2976f,0f,0f,0f,1f],start_interpolation: 0,interpolation_duration: 1}
$data merge entity $(bone_eye_left) {transformation: [-0.998f,-0.0102f,-0.0628f,0.2741f,-0.028f,0.9566f,0.2899f,0.7337f,0.0571f,0.2911f,-0.955f,0.3036f,0f,0f,0f,1f],start_interpolation: 0,interpolation_duration: 1}
$data merge entity $(bone_mouth_closed) {transformation: [-0.9951f,0.0768f,-0.0628f,0.106f,0.0554f,0.9554f,0.2899f,0.6259f,0.0822f,0.285f,-0.955f,0.0522f,0f,0f,0f,1f],start_interpolation: 0,interpolation_duration: 1}
$data merge entity $(bone_mouth_open) {transformation: [-0.9951f,0.0768f,-0.0628f,0.1032f,0.0554f,0.9554f,0.2899f,0.5979f,0.0822f,0.285f,-0.955f,0.0373f,0f,0f,0f,1f],start_interpolation: 0,interpolation_duration: 1}
$data merge entity $(bone_head) {transformation: [-0.9951f,0.0768f,-0.0628f,0.1347f,0.0554f,0.9554f,0.2899f,0.5943f,0.0822f,0.285f,-0.955f,0.0407f,0f,0f,0f,1f],start_interpolation: 0,interpolation_duration: 1}
$data merge entity $(bone_neck) {transformation: [-0.4967f,0.2842f,-0.8201f,0.0868f,-0.0172f,0.9415f,0.3366f,0.5313f,0.8677f,0.1813f,-0.4628f,0.0121f,0f,0f,0f,1f],start_interpolation: 0,interpolation_duration: 1}
$data merge entity $(bone_finger_left2) {transformation: [0.0033f,-0.4097f,0.9122f,0.1992f,0.0888f,-0.9085f,-0.4083f,0.2663f,0.996f,0.0823f,0.0334f,0.4356f,0f,0f,0f,1f],start_interpolation: 0,interpolation_duration: 1}
$data merge entity $(bone_finger_left) {transformation: [0.404f,-0.0679f,0.9122f,0.2497f,0.9101f,-0.0703f,-0.4083f,0.3801f,0.0919f,0.9952f,0.0334f,0.4471f,0f,0f,0f,1f],start_interpolation: 0,interpolation_duration: 1}
$data merge entity $(bone_finger_left4) {transformation: [-0.0324f,-0.4084f,0.9122f,0.2844f,0.0093f,-0.9128f,-0.4083f,0.2278f,0.9994f,-0.0048f,0.0334f,0.4441f,0f,0f,0f,1f],start_interpolation: 0,interpolation_duration: 1}
$data merge entity $(bone_finger_left3) {transformation: [0.4066f,-0.0502f,0.9122f,0.3353f,0.9123f,-0.0306f,-0.4083f,0.3418f,0.0484f,0.9983f,0.0334f,0.4502f,0f,0f,0f,1f],start_interpolation: 0,interpolation_duration: 1}
$data merge entity $(bone_thumb_left2) {transformation: [0.1701f,-0.8911f,-0.4208f,0.1495f,0.3035f,-0.3589f,0.8827f,0.3499f,-0.9375f,-0.2779f,0.2094f,0.2858f,0f,0f,0f,1f],start_interpolation: 0,interpolation_duration: 1}
$data merge entity $(bone_thumb_left) {transformation: [0.1701f,-0.7579f,0.6298f,0.2229f,0.3035f,0.6483f,0.6983f,0.4277f,-0.9375f,0.0723f,0.3403f,0.3576f,0f,0f,0f,1f],start_interpolation: 0,interpolation_duration: 1}
$data merge entity $(bone_hand_left) {transformation: [0.1701f,0.3727f,0.9122f,0.2958f,0.3035f,0.8609f,-0.4083f,0.3546f,-0.9375f,0.3463f,0.0334f,0.2805f,0f,0f,0f,1f],start_interpolation: 0,interpolation_duration: 1}
$data merge entity $(bone_arm_left2) {transformation: [0.1701f,0.3727f,0.9122f,0.3953f,0.3035f,0.8609f,-0.4083f,0.4049f,-0.9375f,0.3463f,0.0334f,0.0482f,0f,0f,0f,1f],start_interpolation: 0,interpolation_duration: 1}
$data merge entity $(bone_arm_left) {transformation: [-0.5895f,0.3727f,0.7167f,0.2032f,0.5079f,0.8609f,-0.03f,0.5338f,-0.6282f,0.3463f,-0.6967f,-0.0653f,0f,0f,0f,1f],start_interpolation: 0,interpolation_duration: 1}
$data merge entity $(bone_finger_right2) {transformation: [-0.7928f,-0.1971f,0.5767f,0.3857f,-0.2108f,-0.7992f,-0.5629f,0.342f,0.5719f,-0.5678f,0.592f,-0.0803f,0f,0f,0f,1f],start_interpolation: 0,interpolation_duration: 1}
$data merge entity $(bone_finger_right) {transformation: [-0.3318f,0.7465f,0.5767f,0.4271f,-0.8237f,0.0688f,-0.5629f,0.445f,-0.4599f,-0.6618f,0.592f,-0.0228f,0f,0f,0f,1f],start_interpolation: 0,interpolation_duration: 1}
$data merge entity $(bone_finger_right4) {transformation: [-0.7726f,-0.2655f,0.5767f,0.4438f,-0.1403f,-0.8145f,-0.5629f,0.2897f,0.6192f,-0.5158f,0.592f,-0.0283f,0f,0f,0f,1f],start_interpolation: 0,interpolation_duration: 1}
$data merge entity $(bone_finger_right3) {transformation: [-0.2989f,0.7603f,0.5767f,0.4812f,-0.8199f,0.1046f,-0.5629f,0.3922f,-0.4883f,-0.6411f,0.592f,0.0327f,0f,0f,0f,1f],start_interpolation: 0,interpolation_duration: 1}
$data merge entity $(bone_thumb_right2) {transformation: [0.6352f,-0.7684f,-0.0781f,0.2378f,-0.1467f,-0.2194f,0.9645f,0.4139f,-0.7583f,-0.6012f,-0.2521f,-0.0105f,0f,0f,0f,1f],start_interpolation: 0,interpolation_duration: 1}
$data merge entity $(bone_thumb_right) {transformation: [0.6352f,-0.3956f,0.6634f,0.3406f,-0.1467f,0.7814f,0.6065f,0.4851f,-0.7583f,-0.4826f,0.4383f,0.0206f,0f,0f,0f,1f],start_interpolation: 0,interpolation_duration: 1}
$data merge entity $(bone_hand_right) {transformation: [0.6352f,0.5137f,0.5767f,0.3228f,-0.1467f,0.8134f,-0.5629f,0.3907f,-0.7583f,0.2729f,0.592f,0.1064f,0f,0f,0f,1f],start_interpolation: 0,interpolation_duration: 1}
$data merge entity $(bone_arm_right2) {transformation: [0.6352f,0.5137f,0.5767f,0.2001f,-0.1467f,0.8134f,-0.5629f,0.3922f,-0.7583f,0.2729f,0.592f,0.333f,0f,0f,0f,1f],start_interpolation: 0,interpolation_duration: 1}
$data merge entity $(bone_arm_right) {transformation: [0.6299f,0.5137f,-0.5825f,0.079f,-0.5736f,0.8134f,0.0971f,0.5295f,0.5237f,0.2729f,0.807f,0.1516f,0f,0f,0f,1f],start_interpolation: 0,interpolation_duration: 1}
$data merge entity $(bone_torso) {transformation: [-0.4967f,-0.0135f,-0.8678f,0.0781f,-0.0172f,0.9998f,-0.0057f,0.1719f,0.8677f,0.0121f,-0.4969f,0f,0f,0f,0f,1f],start_interpolation: 0,interpolation_duration: 1}
$data merge entity $(bone_foot_right) {transformation: [-0.8882f,-0.0371f,-0.458f,0.1934f,0.0172f,0.9933f,-0.1139f,-0.1156f,0.4591f,-0.109f,-0.8816f,0.3191f,0f,0f,0f,1f],start_interpolation: 0,interpolation_duration: 1}
$data merge entity $(bone_leg_right3) {transformation: [-0.8882f,-0.2108f,-0.4082f,0.1892f,0.0172f,0.8727f,-0.488f,0.0376f,0.4591f,-0.4405f,-0.7715f,0.3054f,0f,0f,0f,1f],start_interpolation: 0,interpolation_duration: 1}
$data merge entity $(bone_foot_left) {transformation: [-0.0244f,-0.031f,-0.9992f,0.3159f,0.0083f,0.9995f,-0.0312f,-0.0467f,0.9997f,-0.0091f,-0.0241f,-0.0671f,0f,0f,0f,1f],start_interpolation: 0,interpolation_duration: 1}
$data merge entity $(bone_leg_left3) {transformation: [-0.0244f,-0.1837f,-0.9827f,0.3515f,0.0083f,0.9829f,-0.184f,0.103f,0.9997f,-0.0126f,-0.0225f,-0.0675f,0f,0f,0f,1f],start_interpolation: 0,interpolation_duration: 1}