# This file was generated by Animated Java via MC-Build. It is not recommended to edit this file directly.
$data merge entity $(bone_head2) {transformation: [-0.9943f,0.0454f,-0.096f,0.1299f,0.0665f,0.9713f,-0.2286f,1.0076f,0.0829f,-0.2336f,-0.9688f,-0.0273f,0f,0f,0f,1f],start_interpolation: 0,interpolation_duration: 1}
$data merge entity $(bone_head1) {transformation: [-0.9943f,0.1058f,0.0099f,0.1526f,0.0665f,0.547f,0.8345f,0.8998f,0.0829f,0.8304f,-0.5509f,0.3311f,0f,0f,0f,1f],start_interpolation: 0,interpolation_duration: 1}
$data merge entity $(bone_eyelid_right) {transformation: [-0.9829f,0.1737f,-0.0604f,0.0628f,0.1495f,0.946f,0.2877f,0.7483f,0.1071f,0.2738f,-0.9558f,0.318f,0f,0f,0f,1f],start_interpolation: 0,interpolation_duration: 1}
$data merge entity $(bone_eye_right) {transformation: [-0.9829f,0.1737f,-0.0604f,0.0632f,0.1495f,0.946f,0.2877f,0.7465f,0.1071f,0.2738f,-0.9558f,0.324f,0f,0f,0f,1f],start_interpolation: 0,interpolation_duration: 1}
$data merge entity $(bone_eyelid_left) {transformation: [-0.9982f,0.0004f,-0.0604f,0.2803f,-0.0171f,0.9576f,0.2877f,0.7338f,0.058f,0.2882f,-0.9558f,0.2999f,0f,0f,0f,1f],start_interpolation: 0,interpolation_duration: 1}
$data merge entity $(bone_eye_left) {transformation: [-0.9982f,0.0004f,-0.0604f,0.2807f,-0.0171f,0.9576f,0.2877f,0.732f,0.058f,0.2882f,-0.9558f,0.3058f,0f,0f,0f,1f],start_interpolation: 0,interpolation_duration: 1}
$data merge entity $(bone_mouth_closed) {transformation: [-0.9943f,0.0874f,-0.0604f,0.1112f,0.0665f,0.9554f,0.2877f,0.6253f,0.0829f,0.2821f,-0.9558f,0.0549f,0f,0f,0f,1f],start_interpolation: 0,interpolation_duration: 1}
$data merge entity $(bone_mouth_open) {transformation: [-0.9943f,0.0874f,-0.0604f,0.1081f,0.0665f,0.9554f,0.2877f,0.5972f,0.0829f,0.2821f,-0.9558f,0.0401f,0f,0f,0f,1f],start_interpolation: 0,interpolation_duration: 1}
$data merge entity $(bone_head) {transformation: [-0.9943f,0.0874f,-0.0604f,0.1396f,0.0665f,0.9554f,0.2877f,0.5933f,0.0829f,0.2821f,-0.9558f,0.0435f,0f,0f,0f,1f],start_interpolation: 0,interpolation_duration: 1}
$data merge entity $(bone_neck) {transformation: [-0.4967f,0.2951f,-0.8162f,0.091f,-0.0172f,0.9369f,0.3492f,0.5311f,0.8677f,0.1875f,-0.4603f,0.0145f,0f,0f,0f,1f],start_interpolation: 0,interpolation_duration: 1}
$data merge entity $(bone_finger_left2) {transformation: [0.0045f,-0.4202f,0.9074f,0.2004f,0.0821f,-0.9042f,-0.4191f,0.262f,0.9966f,0.0764f,0.0304f,0.4362f,0f,0f,0f,1f],start_interpolation: 0,interpolation_duration: 1}
$data merge entity $(bone_finger_left) {transformation: [0.4146f,-0.0685f,0.9074f,0.2522f,0.9047f,-0.0762f,-0.4191f,0.3751f,0.0978f,0.9947f,0.0304f,0.4484f,0f,0f,0f,1f],start_interpolation: 0,interpolation_duration: 1}
$data merge entity $(bone_finger_left4) {transformation: [-0.0321f,-0.419f,0.9074f,0.2852f,0.003f,-0.9079f,-0.4191f,0.2224f,0.9995f,-0.0107f,0.0304f,0.4444f,0f,0f,0f,1f],start_interpolation: 0,interpolation_duration: 1}
$data merge entity $(bone_finger_left3) {transformation: [0.4172f,-0.0503f,0.9074f,0.3373f,0.9072f,-0.0366f,-0.4191f,0.3358f,0.0543f,0.9981f,0.0304f,0.4512f,0f,0f,0f,1f],start_interpolation: 0,interpolation_duration: 1}
$data merge entity $(bone_thumb_left2) {transformation: [0.1735f,-0.8952f,-0.4105f,0.1516f,0.3077f,-0.3466f,0.8861f,0.3472f,-0.9355f,-0.28f,0.2154f,0.2869f,0f,0f,0f,1f],start_interpolation: 0,interpolation_duration: 1}
$data merge entity $(bone_thumb_left) {transformation: [0.1735f,-0.7503f,0.6379f,0.226f,0.3077f,0.6566f,0.6886f,0.4236f,-0.9355f,0.0768f,0.3448f,0.3592f,0f,0f,0f,1f],start_interpolation: 0,interpolation_duration: 1}
$data merge entity $(bone_hand_left) {transformation: [0.1735f,0.3827f,0.9074f,0.298f,0.3077f,0.8542f,-0.4191f,0.3502f,-0.9355f,0.3519f,0.0304f,0.2816f,0f,0f,0f,1f],start_interpolation: 0,interpolation_duration: 1}
$data merge entity $(bone_arm_left2) {transformation: [0.1735f,0.3827f,0.9074f,0.398f,0.3077f,0.8542f,-0.4191f,0.4009f,-0.9355f,0.3519f,0.0304f,0.0496f,0f,0f,0f,1f],start_interpolation: 0,interpolation_duration: 1}
$data merge entity $(bone_arm_left) {transformation: [-0.5836f,0.3827f,0.7162f,0.2074f,0.5189f,0.8542f,-0.0337f,0.5327f,-0.6246f,0.3519f,-0.6971f,-0.0629f,0f,0f,0f,1f],start_interpolation: 0,interpolation_duration: 1}
$data merge entity $(bone_finger_right2) {transformation: [-0.7951f,-0.2065f,0.5703f,0.3876f,-0.2053f,-0.7931f,-0.5735f,0.339f,0.5707f,-0.5731f,0.5881f,-0.0792f,0f,0f,0f,1f],start_interpolation: 0,interpolation_duration: 1}
$data merge entity $(bone_finger_right) {transformation: [-0.3415f,0.7471f,0.5703f,0.4303f,-0.8167f,0.0645f,-0.5735f,0.441f,-0.4653f,-0.6615f,0.5881f,-0.021f,0f,0f,0f,1f],start_interpolation: 0,interpolation_duration: 1}
$data merge entity $(bone_finger_right4) {transformation: [-0.7741f,-0.275f,0.5703f,0.4452f,-0.1354f,-0.8079f,-0.5735f,0.2856f,0.6185f,-0.5211f,0.5881f,-0.0276f,0f,0f,0f,1f],start_interpolation: 0,interpolation_duration: 1}
$data merge entity $(bone_finger_right3) {transformation: [-0.3085f,0.7613f,0.5703f,0.4837f,-0.8131f,0.1001f,-0.5735f,0.3873f,-0.4937f,-0.6406f,0.5881f,0.0341f,0f,0f,0f,1f],start_interpolation: 0,interpolation_duration: 1}
$data merge entity $(bone_thumb_right2) {transformation: [0.6333f,-0.771f,-0.067f,0.2406f,-0.1491f,-0.2065f,0.967f,0.4121f,-0.7594f,-0.6024f,-0.2457f,-0.009f,0f,0f,0f,1f],start_interpolation: 0,interpolation_duration: 1}
$data merge entity $(bone_thumb_right) {transformation: [0.6333f,-0.3865f,0.6705f,0.3442f,-0.1491f,0.7892f,0.5958f,0.4819f,-0.7594f,-0.4773f,0.4422f,0.0226f,0f,0f,0f,1f],start_interpolation: 0,interpolation_duration: 1}
$data merge entity $(bone_hand_right) {transformation: [0.6333f,0.5232f,0.5703f,0.3254f,-0.1491f,0.8055f,-0.5735f,0.3871f,-0.7594f,0.2782f,0.5881f,0.1078f,0f,0f,0f,1f],start_interpolation: 0,interpolation_duration: 1}
$data merge entity $(bone_arm_right2) {transformation: [0.6333f,0.5232f,0.5703f,0.2027f,-0.1491f,0.8055f,-0.5735f,0.3885f,-0.7594f,0.2782f,0.5881f,0.3344f,0f,0f,0f,1f],start_interpolation: 0,interpolation_duration: 1}
$data merge entity $(bone_arm_right) {transformation: [0.6233f,0.5232f,-0.5812f,0.0832f,-0.5843f,0.8055f,0.0985f,0.5284f,0.5197f,0.2782f,0.8078f,0.154f,0f,0f,0f,1f],start_interpolation: 0,interpolation_duration: 1}
$data merge entity $(bone_torso) {transformation: [-0.4967f,-0.0018f,-0.8679f,0.0781f,-0.0172f,0.9998f,0.0077f,0.1719f,0.8677f,0.0187f,-0.4967f,0f,0f,0f,0f,1f],start_interpolation: 0,interpolation_duration: 1}
$data merge entity $(bone_foot_right) {transformation: [-0.8753f,-0.0711f,-0.4784f,0.1969f,-0.0048f,0.9904f,-0.1383f,-0.1156f,0.4836f,-0.1188f,-0.8672f,0.3178f,0f,0f,0f,1f],start_interpolation: 0,interpolation_duration: 1}
$data merge entity $(bone_leg_right3) {transformation: [-0.8753f,-0.241f,-0.4193f,0.1892f,-0.0048f,0.8713f,-0.4908f,0.0376f,0.4836f,-0.4276f,-0.7638f,0.3054f,0f,0f,0f,1f],start_interpolation: 0,interpolation_duration: 1}
$data merge entity $(bone_foot_left) {transformation: [-0.0244f,-0.0993f,-0.9948f,0.3203f,0.0083f,0.995f,-0.0995f,-0.0477f,0.9997f,-0.0107f,-0.0235f,-0.067f,0f,0f,0f,1f],start_interpolation: 0,interpolation_duration: 1}
$data merge entity $(bone_leg_left3) {transformation: [-0.0244f,-0.2124f,-0.9769f,0.3515f,0.0083f,0.9771f,-0.2126f,0.103f,0.9997f,-0.0133f,-0.0221f,-0.0675f,0f,0f,0f,1f],start_interpolation: 0,interpolation_duration: 1}