# This file was generated by Animated Java via MC-Build. It is not recommended to edit this file directly.
$data merge entity $(bone_shell2) { transformation: [-1.1979164866518721f,0.0006492397208657089f,-0.00009885948643711613f,-0.04947154609066767f,0.0006567232394307315f,1.1842659414465535f,-0.18032772643737593f,1.2031877546251277f,-1.4670042975263636e-16f,-0.1803277535358081f,-1.1842661194100366f,-0.4030707282769458f,0f,0f,0f,1f], start_interpolation: 0, interpolation_duration: 1 }
$data merge entity $(bone_shell) { transformation: [-1.2604164772597959f,0.0006908459619405777f,-0.000013963338156923727f,-0.04958893083182964f,0.0006909870606184219f,1.2601591018202047f,-0.025470262026296483f,0.9890684601091762f,-1.543543652179913e-16f,-0.025470265853795332f,-1.260159291188399f,0.6014612794569111f,0f,0f,0f,1f], start_interpolation: 0, interpolation_duration: 1 }
$data merge entity $(bone_pupil_right2) { transformation: [-0.9999923859381282f,0.0038793699561895825f,-0.00042255711185442736f,-0.37022072925345123f,0.0038222148508183194f,0.99553391547993f,0.09432716365307274f,2.3789979041929836f,0.0007865999008066371f,0.09432483033614422f,-0.9955411632085601f,1.426662300209484f,0f,0f,0f,1f], start_interpolation: 0, interpolation_duration: 1 }
$data merge entity $(bone_pupil_right) { transformation: [-0.9999923859381282f,0.0038793699561895825f,-0.00042255711185442736f,-0.3690577637460849f,0.0038222148508183194f,0.99553391547993f,0.09432716365307274f,2.3693333567233634f,0.0007865999008066371f,0.09432483033614422f,-0.9955411632085601f,1.3629661687850707f,0f,0f,0f,1f], start_interpolation: 0, interpolation_duration: 1 }
$data merge entity $(bone_eyelid_right) { transformation: [-0.9999923859381282f,0.0038793699561895825f,-0.00042255711185442736f,-0.33268680944469686f,0.0038222148508183194f,0.99553391547993f,0.09432716365307274f,2.400305236293769f,0.0007865999008066371f,0.09432483033614422f,-0.9955411632085601f,1.3658853054866709f,0f,0f,0f,1f], start_interpolation: 0, interpolation_duration: 1 }
$data merge entity $(bone_eye_right) { transformation: [-0.9999923859381282f,0.0038793699561895825f,-0.00042255711185442736f,-0.368936533434954f,0.0038222148508183194f,0.99553391547993f,0.09432716365307274f,2.400443791582111f,0.0007865999008066371f,0.09432483033614422f,-0.9955411632085601f,1.3659138197330751f,0f,0f,0f,1f], start_interpolation: 0, interpolation_duration: 1 }
$data merge entity $(bone_pupil_left2) { transformation: [-0.9999923859381282f,0.0038793699561895825f,-0.00042255711185442736f,0.32227399800870254f,0.0038222148508183194f,0.99553391547993f,0.09432716365307274f,2.376351020408792f,0.0007865999008066371f,0.09432483033614422f,-0.9955411632085601f,1.4261175797781753f,0f,0f,0f,1f], start_interpolation: 0, interpolation_duration: 1 }
$data merge entity $(bone_pupil_left) { transformation: [-0.9999923859381282f,0.0038793699561895825f,-0.00042255711185442736f,0.3209369825512235f,0.0038222148508183194f,0.99553391547993f,0.09432716365307274f,2.366696028476299f,0.0007865999008066371f,0.09432483033614422f,-0.9955411632085601f,1.3624234148535141f,0f,0f,0f,1f], start_interpolation: 0, interpolation_duration: 1 }
$data merge entity $(bone_eyelid_left) { transformation: [-0.9999923859381282f,0.0038793699561895825f,-0.00042255711185442736f,0.2848084888720973f,0.0038222148508183194f,0.99553391547993f,0.09432716365307274f,2.3979450186233886f,0.0007865999008066371f,0.09432483033614422f,-0.9955411632085601f,1.3653995800479228f,0f,0f,0f,1f], start_interpolation: 0, interpolation_duration: 1 }
$data merge entity $(bone_eye_left) { transformation: [-0.9999923859381282f,0.0038793699561895825f,-0.00042255711185442736f,0.3210582128623544f,0.0038222148508183194f,0.99553391547993f,0.09432716365307274f,2.3978064633350464f,0.0007865999008066371f,0.09432483033614422f,-0.9955411632085601f,1.3653710658015186f,0f,0f,0f,1f], start_interpolation: 0, interpolation_duration: 1 }
$data merge entity $(bone_muzzle2) { transformation: [-0.9999923859381282f,0.003901436061229447f,-0.00008283978454568793f,-0.023451826001599625f,0.0038222148508183194f,0.9835244543621587f,0.18073471815136113f,2.4801134885013005f,0.0007865999008066371f,0.18073302539457997f,-0.9835318778729633f,1.591647629906911f,0f,0f,0f,1f], start_interpolation: 0, interpolation_duration: 1 }
$data merge entity $(bone_muzzle) { transformation: [-0.9999923859381282f,0.0038793699561895825f,-0.00042255711185442736f,-0.023098953854530434f,0.0038222148508183194f,0.99553391547993f,0.09432716365307274f,2.634032466577877f,0.0007865999008066371f,0.09432483033614422f,-0.9955411632085601f,1.292331620196254f,0f,0f,0f,1f], start_interpolation: 0, interpolation_duration: 1 }
$data merge entity $(bone_tongue) { transformation: [-0.9999923859381282f,0.0038277795033554913f,-0.0007590585243949944f,-0.025156182294575384f,0.0038222148508183194f,0.9999667623810856f,0.007201722483085815f,2.1030251778905216f,0.0007865999008066371f,0.0071987663639606694f,-0.9999737791679502f,1.2572580949664016f,0f,0f,0f,1f], start_interpolation: 0, interpolation_duration: 1 }
$data merge entity $(bone_jaw) { transformation: [-0.9999923859381282f,0.0038277795033554913f,-0.0007590585243949944f,-0.02501284360620818f,0.0038222148508183194f,0.9999667623810856f,0.007201722483085815f,2.134049085387334f,0.0007865999008066371f,0.0071987663639606694f,-0.9999737791679502f,1.2887322370142738f,0f,0f,0f,1f], start_interpolation: 0, interpolation_duration: 1 }
$data merge entity $(bone_ear_left) { transformation: [-0.9012867408630261f,-0.2183950314663729f,-0.3741467906788812f,0.3260986657558727f,-0.20452643360900866f,0.9758339313907561f,-0.07692253442028933f,2.478362842292616f,0.3819046329905991f,0.007193648397221347f,-0.9241737405504725f,1.0253134678951161f,0f,0f,0f,1f], start_interpolation: 0, interpolation_duration: 1 }
$data merge entity $(bone_ear_right) { transformation: [-0.900296622834369f,0.22585933404904723f,0.37209347231032014f,-0.373896004400817f,0.21141252472784391f,0.9741358828282954f,-0.0797748467534478f,2.4810383926881885f,-0.380487496905258f,0.006844195296616473f,-0.9247607375367491f,1.0258640878256808f,0f,0f,0f,1f], start_interpolation: 0, interpolation_duration: 1 }
$data merge entity $(bone_head_angle) { transformation: [-0.9999923859381282f,0.0038277795033554913f,-0.0007590585243949944f,-0.024748871593317977f,0.0038222148508183194f,0.9999667623810856f,0.007201722483085815f,2.2286961846709468f,0.0007865999008066371f,0.0071987663639606694f,-0.9999737791679502f,1.1644103989649013f,0f,0f,0f,1f], start_interpolation: 0, interpolation_duration: 1 }
$data merge entity $(bone_neck3) { transformation: [-0.9997536924394167f,0.022172383325011032f,-0.0009694696701020565f,-0.040776159889741724f,0.022193351736731814f,0.9985968951906866f,-0.048080100397256575f,1.506447156840398f,-0.00009794101376753512f,-0.048089773686401785f,-0.9988430127273994f,1.1053333913588088f,0f,0f,0f,1f], start_interpolation: 0, interpolation_duration: 1 }
$data merge entity $(bone_neck2) { transformation: [-0.9999752190228226f,0.006711790166663681f,0.0021244323987542548f,-0.04381215085634869f,0.0068777380899840345f,0.9957991679335659f,0.09130560695588791f,1.0665050705434056f,-0.0015026839400828084f,0.09131795560335426f,-0.9958206529919931f,1.112060878891341f,0f,0f,0f,1f], start_interpolation: 0, interpolation_duration: 1 }
$data merge entity $(bone_chest2) { transformation: [-0.9999752190228226f,0.005477169616619057f,0.004422889694417564f,-0.05005593495187113f,0.0068777380899840345f,0.8941608452569271f,0.4476930639714929f,0.13721504432794823f,-0.0015026839400828084f,0.4477123891768111f,-0.8941763576155252f,1.0137141557042255f,0f,0f,0f,1f], start_interpolation: 0, interpolation_duration: 1 }
$data merge entity $(bone_chest) { transformation: [-0.9999998497267801f,0.0005333953575695006f,-0.00012663257785065063f,-0.0501359198457205f,0.0005482211390030454f,0.9729564211705294f,-0.23098809916664145f,-0.008683893416951527f,-1.2246296744567904e-16f,-0.23098813387797207f,-0.9729565673798455f,0.5344542511979894f,0f,0f,0f,1f], start_interpolation: 0, interpolation_duration: 1 }
$data merge entity $(bone_tail2) { transformation: [-0.9999998497267801f,0.0005429302498615936f,0.00007598132030324275f,-0.04989608399012875f,0.0005482211390030454f,0.9903488385381611f,0.1385960946769361f,0.4287961716290459f,-1.2246296744567904e-16f,0.13859611550422066f,-0.9903489873610922f,-1.1352827083985453f,0f,0f,0f,1f], start_interpolation: 0, interpolation_duration: 1 }
$data merge entity $(bone_tail) { transformation: [-0.9999998497267801f,0.000545535533730144f,0.000054197773824792285f,-0.04978002427188051f,0.0005482211390030454f,0.9951010877523722f,0.09886113800492353f,0.6404985168152926f,-1.2246296744567904e-16f,0.09886115286110732f,-0.9951012372894391f,-0.7374044561997288f,0f,0f,0f,1f], start_interpolation: 0, interpolation_duration: 1 }
$data merge entity $(bone_torso) { transformation: [-0.9999998497267801f,0.000546989013890855f,0.000036734669353437495f,-0.04978818595037691f,0.0005482211390030454f,0.9977523535261277f,0.06700701818955981f,0.6256109528576617f,-1.2246296744567904e-16f,0.06700702825892171f,-0.9977525034616089f,-0.049355640436781395f,0f,0f,0f,1f], start_interpolation: 0, interpolation_duration: 1 }
$data merge entity $(bone_leg_front_left4) { transformation: [-0.7279330732370919f,0.673973947573352f,-0.12598634402186518f,1.6887797741038644f,0.6268600327754652f,0.7286296295563961f,0.27594449123193554f,-0.21137084932632397f,0.277776781240524f,0.12189331780250102f,-0.952880936360232f,0.5924952283458425f,0f,0f,0f,1f], start_interpolation: 0, interpolation_duration: 1 }
$data merge entity $(bone_leg_front_left3) { transformation: [-0.8686705367915468f,0.4953847602058161f,0.002331923264713043f,1.3436227554105145f,0.4890990429258379f,0.856881547218403f,0.16289917202252763f,0.0007144110375852386f,0.07869958525504392f,0.14264625264065514f,-0.9866399656856916f,0.6266957825532142f,0f,0f,0f,1f], start_interpolation: 0, interpolation_duration: 1 }
$data merge entity $(bone_leg_front_left2) { transformation: [-0.9213532963319903f,0.3572903315335654f,0.15313955181732525f,0.7733596066332326f,0.3714060129144125f,0.9253963198571735f,0.07549321006434308f,0.24730248660686138f,-0.11474178362390744f,0.12643286830343864f,-0.9853167272016495f,0.5569576813555133f,0f,0f,0f,1f], start_interpolation: 0, interpolation_duration: 1 }
$data merge entity $(bone_leg_front_left) { transformation: [-0.9065785679882414f,0.32261780071892043f,0.272090159181983f,0.5750455448858047f,0.34216547821496823f,0.9392696385164978f,0.02636914255355701f,0.3221511849663857f,-0.24705887068128513f,0.11700555892937148f,-0.9619103979047703f,0.5029135533939821f,0f,0f,0f,1f], start_interpolation: 0, interpolation_duration: 1 }
$data merge entity $(bone_leg_back_left4) { transformation: [-0.3279373457360452f,0.736982069824881f,-0.5910283631334726f,0.9576656435084885f,0.6881666672141251f,0.6149759470614908f,0.3850080813063881f,-0.1888269451524866f,0.6472122800186979f,-0.28046749061603693f,-0.7088400745588117f,-0.9355822108229522f,0f,0f,0f,1f], start_interpolation: 0, interpolation_duration: 1 }
$data merge entity $(bone_leg_back_left3) { transformation: [-0.4856122745476259f,0.7128143087170589f,-0.5060399985148436f,0.8514379584511953f,0.7223594817755645f,0.6532205886888844f,0.22693532471143726f,-0.030810808514081856f,0.4923184923376526f,-0.2553402118765646f,-0.83212011050161f,-0.8278875406240908f,0f,0f,0f,1f], start_interpolation: 0, interpolation_duration: 1 }
$data merge entity $(bone_leg_back_left2) { transformation: [-0.626449821304682f,0.6279412295432529f,-0.4617904650672639f,0.6165192754619395f,0.635896254244559f,0.754340626019918f,0.1631139901222997f,0.20765028682762776f,0.4507733080219717f,-0.19146809701771755f,-0.8718620261253167f,-0.6588475501158514f,0f,0f,0f,1f], start_interpolation: 0, interpolation_duration: 1 }
$data merge entity $(bone_leg_back_left) { transformation: [-0.7761056716317399f,0.5061917448984626f,-0.376071673830529f,0.5437593687464639f,0.517559999750225f,0.8520183190079801f,0.07871741061139644f,0.25617153680421134f,0.36026605879487617f,-0.133546626582126f,-0.9232408490794485f,-0.6250726071038317f,0f,0f,0f,1f], start_interpolation: 0, interpolation_duration: 1 }
$data merge entity $(bone_leg_front_right4) { transformation: [-0.7286199514207793f,-0.6731746422416411f,0.12628882545348f,-1.7892728030598055f,-0.6260615194972737f,0.7293681650016929f,0.2758061886304003f,-0.2094641070944265f,-0.2777767812405242f,0.12189331780250087f,-0.9528809363602319f,0.592495228345842f,0f,0f,0f,1f], start_interpolation: 0, interpolation_duration: 1 }
$data merge entity $(bone_leg_front_right3) { transformation: [-0.8692062834281206f,-0.49444494141915774f,-0.0021533123505930174f,-1.4438834526268058f,-0.4881463019728386f,0.857424192866392f,0.16290163092387483f,0.00224258109557654f,-0.0786995852550441f,0.142646252640655f,-0.9866399656856915f,0.6266957825532139f,0f,0f,0f,1f], start_interpolation: 0, interpolation_duration: 1 }
$data merge entity $(bone_leg_front_right2) { transformation: [-0.9217599677067955f,-0.3562754732723784f,-0.15305668583145948f,-0.8733502770799394f,-0.3703955791096484f,0.9257875117742236f,0.07566107333973068f,0.24820524791057905f,0.11474178362390725f,0.12643286830343853f,-0.9853167272016495f,0.556957681355513f,0f,0f,0f,1f], start_interpolation: 0, interpolation_duration: 1 }
$data merge entity $(bone_leg_front_right) { transformation: [-0.906953187690372f,-0.3215877520083148f,-0.27206108339215196f,-0.6749542672726705f,-0.34117126162084777f,0.9396228056714375f,0.02666745781237972f,0.3228364613901395f,0.2470588706812849f,0.1170055589293714f,-0.9619103979047703f,0.5029135533939819f,0f,0f,0f,1f], start_interpolation: 0, interpolation_duration: 1 }
$data merge entity $(bone_leg_back_right4) { transformation: [-0.32869168353011813f,-0.7363073413032516f,0.591450146944841f,-1.0581343938459615f,-0.687806689245703f,0.6157836355819147f,0.38435982149333026f,-0.18772184079393803f,-0.6472122800186981f,-0.28046749061603715f,-0.7088400745588115f,-0.9355822108229526f,0f,0f,0f,1f], start_interpolation: 0, interpolation_duration: 1 }
$data merge entity $(bone_leg_back_right3) { transformation: [-0.48640400800628436f,-0.7120976616868115f,0.5062885157848223f,-0.9517335170945868f,-0.7218266018219355f,0.6540017556696669f,0.226380344736884f,-0.029822271645389642f,-0.49231849233765285f,-0.2553402118765648f,-0.8321201105016098f,-0.827887540624091f,0f,0f,0f,1f], start_interpolation: 0, interpolation_duration: 1 }
$data merge entity $(bone_leg_back_right2) { transformation: [-0.6271466681829887f,-0.6271137612621831f,0.4619690325363533f,-0.716553516525966f,-0.6352090060459666f,0.7550286737998839f,0.16260756556225653f,0.20838110562184786f,-0.4507733080219719f,-0.19146809701771775f,-0.8718620261253165f,-0.6588475501158515f,0f,0f,0f,1f], start_interpolation: 0, interpolation_duration: 1 }
$data merge entity $(bone_leg_back_right) { transformation: [-0.7766726797000366f,-0.5052572518640194f,0.3761577568605804f,-0.6437404528040875f,-0.5167087337059161f,0.8525728168123549f,0.07830502247414045f,0.2568225494067775f,-0.3602660587948764f,-0.13354662658212613f,-0.9232408490794484f,-0.6250726071038318f,0f,0f,0f,1f], start_interpolation: 0, interpolation_duration: 1 }