# This file was generated by Animated Java via MC-Build. It is not recommended to edit this file directly.
$data merge entity $(bone_shell2) { transformation: [-1.197902465265165f,0.005767769687689711f,-0.0008699553136314432f,-0.04353724861023465f,0.005833008607738195f,1.1845046000445199f,-0.17865936516659842f,1.1843242327160413f,-1.467169767759265e-16f,-0.1786614832133095f,-1.1845186426113343f,-0.4104389614606696f,0f,0f,0f,1f], start_interpolation: 0, interpolation_duration: 1 }
$data merge entity $(bone_shell) { transformation: [-1.2604017243224779f,0.006136254663699461f,-0.00011538950397384167f,-0.04458673900322431f,0.006137339491620187f,1.2601789373992933f,-0.0236970970851649f,0.9687944412176257f,-1.543717755642357e-16f,-0.023697378019548045f,-1.2601938771022931f,0.593790817111727f,0f,0f,0f,1f], start_interpolation: 0, interpolation_duration: 1 }
$data merge entity $(bone_pupil_right2) { transformation: [-0.9999981383449565f,0.0013955870949687481f,-0.0013325326568484595f,-0.3622860740511641f,0.001260779091861123f,0.9953515464979492f,0.09630010031262796f,2.353599971823679f,0.0014607336179936386f,0.09629824100574752f,-0.995351453023753f,1.4486572874353438f,0f,0f,0f,1f], start_interpolation: 0, interpolation_duration: 1 }
$data merge entity $(bone_pupil_right) { transformation: [-0.9999981383449565f,0.0013955870949687481f,-0.0013325326568484595f,-0.36114116571764476f,0.001260779091861123f,0.9953515464979492f,0.09630010031262796f,2.344064784205323f,0.0014607336179936386f,0.09629824100574752f,-0.995351453023753f,1.384941335688622f,0f,0f,0f,1f], start_interpolation: 0, interpolation_duration: 1 }
$data merge entity $(bone_eyelid_right) { transformation: [-0.9999981383449565f,0.0013955870949687481f,-0.0013325326568484595f,-0.32484762110592236f,0.001260779091861123f,0.9953515464979492f,0.09630010031262796f,2.375123816791304f,0.0014607336179936386f,0.09629824100574752f,-0.995351453023753f,1.3878977041263993f,0f,0f,0f,1f], start_interpolation: 0, interpolation_duration: 1 }
$data merge entity $(bone_eye_right) { transformation: [-0.9999981383449565f,0.0013955870949687481f,-0.0013325326568484595f,-0.361097553620927f,0.001260779091861123f,0.9953515464979492f,0.09630010031262796f,2.3751695200333836f,0.0014607336179936386f,0.09629824100574752f,-0.995351453023753f,1.3879506557200516f,0f,0f,0f,1f], start_interpolation: 0, interpolation_duration: 1 }
$data merge entity $(bone_pupil_left2) { transformation: [-0.9999981383449565f,0.0013955870949687481f,-0.0013325326568484595f,0.33021263675271834f,0.001260779091861123f,0.9953515464979492f,0.09630010031262796f,2.352726882302565f,0.0014607336179936386f,0.09629824100574752f,-0.995351453023753f,1.4476457294048832f,0f,0f,0f,1f], start_interpolation: 0, interpolation_duration: 1 }
$data merge entity $(bone_pupil_left) { transformation: [-0.9999981383449565f,0.0013955870949687481f,-0.0013325326568484595f,0.3288575497403752f,0.001260779091861123f,0.9953515464979492f,0.09630010031262796f,2.3431948466319383f,0.0014607336179936386f,0.09629824100574752f,-0.995351453023753f,1.3839334294922063f,0f,0f,0f,1f], start_interpolation: 0, interpolation_duration: 1 }
$data merge entity $(bone_eyelid_left) { transformation: [-0.9999981383449565f,0.0013955870949687481f,-0.0013325326568484595f,0.2926512293220883f,0.001260779091861123f,0.9953515464979492f,0.09630010031262796f,2.374345285702079f,0.0014607336179936386f,0.09629824100574752f,-0.995351453023753f,1.3869957011172882f,0f,0f,0f,1f], start_interpolation: 0, interpolation_duration: 1 }
$data merge entity $(bone_eye_left) { transformation: [-0.9999981383449565f,0.0013955870949687481f,-0.0013325326568484595f,0.32890116183709295f,0.001260779091861123f,0.9953515464979492f,0.09630010031262796f,2.374299582459999f,0.0014607336179936386f,0.09629824100574752f,-0.995351453023753f,1.386942749523636f,0f,0f,0f,1f], start_interpolation: 0, interpolation_duration: 1 }
$data merge entity $(bone_muzzle2) { transformation: [-0.9999981383449565f,0.001506414338176266f,-0.001205828537955495f,-0.015666283746010715f,0.001260779091861123f,0.9831708265892555f,0.18268425268720223f,2.4552754863188055f,0.0014607336179936386f,0.1826823923087328f,-0.983170895520029f,1.6136118368992363f,0f,0f,0f,1f], start_interpolation: 0, interpolation_duration: 1 }
$data merge entity $(bone_muzzle) { transformation: [-0.9999981383449565f,0.0013955870949687481f,-0.0013325326568484595f,-0.015908251814404764f,0.001260779091861123f,0.9953515464979492f,0.09630010031262796f,2.6097882109787456f,0.0014607336179936386f,0.09629824100574752f,-0.995351453023753f,1.3146017879550318f,0f,0f,0f,1f], start_interpolation: 0, interpolation_duration: 1 }
$data merge entity $(bone_tongue) { transformation: [-0.9999981383449565f,0.0012741385912899905f,-0.0014490953976175904f,-0.016630422172203122f,0.001260779091861123f,0.9999570401280976f,0.009183046027084224f,2.07884800359904f,0.0014607336179936386f,0.009181201942240803f,-0.9999567849603268f,1.2784756248932063f,0f,0f,0f,1f], start_interpolation: 0, interpolation_duration: 1 }
$data merge entity $(bone_jaw) { transformation: [-0.9999981383449565f,0.0012741385912899905f,-0.0014490953976175904f,-0.01654532111004976f,0.001260779091861123f,0.9999570401280976f,0.009183046027084224f,2.109809690914697f,0.0014607336179936386f,0.009181201942240803f,-0.9999567849603268f,1.3100111869839115f,0f,0f,0f,1f], start_interpolation: 0, interpolation_duration: 1 }
$data merge entity $(bone_ear_left) { transformation: [-0.9042880331612714f,-0.20195102809803167f,-0.3761368571829506f,0.3335070964864488f,-0.19009699064918661f,0.9793515934379456f,-0.06880109429856249f,2.4555428973775233f,0.382264682160728f,0.009286478380131505f,-0.9240062089033023f,1.0470424473801723f,0f,0f,0f,1f], start_interpolation: 0, interpolation_duration: 1 }
$data merge entity $(bone_ear_right) { transformation: [-0.9049187312132833f,0.2044461417664824f,0.3732611217581345f,-0.36649160035502076f,0.19237800495702556f,0.9788392154293178f,-0.06974592136083646f,2.456425442741826f,-0.379621908098171f,0.008692839266701688f,-0.9251008817623013f,1.0480649609127677f,0f,0f,0f,1f], start_interpolation: 0, interpolation_duration: 1 }
$data merge entity $(bone_head_angle) { transformation: [-0.9999981383449565f,0.0012741385912899905f,-0.0014490953976175904f,-0.01660700754181852f,0.001260779091861123f,0.9999570401280976f,0.009183046027084224f,2.2047035441800915f,0.0014607336179936386f,0.009181201942240803f,-0.9999567849603268f,1.1858773265459557f,0f,0f,0f,1f], start_interpolation: 0, interpolation_duration: 1 }
$data merge entity $(bone_neck3) { transformation: [-0.9996500829577692f,0.02640972187542432f,-0.001496072520896688f,-0.035729251938613815f,0.026441646146363365f,0.9992440344142214f,-0.028499105892305143f,1.4838251032674665f,0.0007422880812430182f,-0.02852869218967198f,-0.9995926984178864f,1.1126705085806055f,0f,0f,0f,1f], start_interpolation: 0, interpolation_duration: 1 }
$data merge entity $(bone_neck2) { transformation: [-0.9999533445714022f,0.00941838216549115f,0.002145403890015218f,-0.03995035994336066f,0.009596141391983936f,0.9939938692736597f,0.1090142280473681f,1.04384274352052f,-0.0011057806525648698f,0.10902972954090678f,-0.9940378741906091f,1.1115655272591436f,0f,0f,0f,1f], start_interpolation: 0, interpolation_duration: 1 }
$data merge entity $(bone_chest2) { transformation: [-0.9999533445714022f,0.008039211131015803f,0.005355349181658073f,-0.04874189363323104f,0.009596141391983936f,0.8902028036268619f,0.45546337117847346f,0.11546637167907903f,-0.0011057806525648698f,0.45549351202763116f,-0.8902384162402129f,1.0051181845637862f,0f,0f,0f,1f], start_interpolation: 0, interpolation_duration: 1 }
$data merge entity $(bone_chest) { transformation: [-0.9999881449170073f,0.004741291918035407f,-0.0011091331707136088f,-0.04944462559102645f,0.004869294142111884f,0.9737008221832039f,-0.22777839856823645f,-0.02885097829826433f,-1.2247678061294732e-16f,-0.22778109893206844f,-0.9737123656241093f,0.5253801610933586f,0f,0f,0f,1f], start_interpolation: 0, interpolation_duration: 1 }
$data merge entity $(bone_tail2) { transformation: [-0.9999881449170073f,0.004776826584601352f,0.000944432752000309f,-0.04726866025534442f,0.004869294142111884f,0.9809984395097601f,0.19395450923856564f,0.41801862454902666f,-1.2247678061294732e-16f,0.19395680861262873f,-0.9810100694655502f,-1.1473969139569533f,0f,0f,0f,1f], start_interpolation: 0, interpolation_duration: 1 }
$data merge entity $(bone_tail) { transformation: [-0.9999881449170073f,0.004835407964151125f,0.0005734590330869049f,-0.04627485540171423f,0.004869294142111884f,0.9930290713329673f,0.11776906835897956f,0.6221124917476512f,-1.2247678061294732e-16f,0.11777046453761073f,-0.993040843914587f,-0.7455639813545805f,0f,0f,0f,1f], start_interpolation: 0, interpolation_duration: 1 }
$data merge entity $(bone_torso) { transformation: [-0.9999881449170073f,0.004857886587802135f,0.0003331116066083944f,-0.04635206067538868f,0.004869294142111884f,0.9976454195158901f,0.0684098450043637f,0.6062571426670227f,-1.2247678061294732e-16f,0.06841065601836838f,-0.9976572468253495f,-0.05753679116157866f,0f,0f,0f,1f], start_interpolation: 0, interpolation_duration: 1 }
$data merge entity $(bone_leg_front_left4) { transformation: [-0.7914355507001329f,0.5927585534326076f,-0.149221534707493f,1.7314914528879588f,0.5521836838117414f,0.7980214117050205f,0.24136073788506085f,-0.14000904091492375f,0.26215062162823877f,0.10862377176662848f,-0.9588941170885968f,0.5959734662802583f,0f,0f,0f,1f], start_interpolation: 0, interpolation_duration: 1 }
$data merge entity $(bone_leg_front_left3) { transformation: [-0.9176474464780098f,0.39728135238716716f,-0.009523183176417843f,1.3649046988873168f,0.39204459002350106f,0.9089507488168242f,0.14180823551063393f,0.03346142923238643f,0.06499387206262737f,0.12639645276176803f,-0.9898483385466428f,0.6243521713801032f,0f,0f,0f,1f], start_interpolation: 0, interpolation_duration: 1 }
$data merge entity $(bone_leg_front_left2) { transformation: [-0.9472267604707542f,0.28332079458960857f,0.14996930219612664f,0.7773148610085581f,0.29621136673958026f,0.9524367167484626f,0.07157602115009368f,0.2334753571438188f,-0.1225572946109297f,0.11222133461388523f,-0.9860963855501795f,0.5495073206016141f,0f,0f,0f,1f], start_interpolation: 0, interpolation_duration: 1 }
$data merge entity $(bone_leg_front_left) { transformation: [-0.9149064693307916f,0.29796926774293037f,0.2723241962393483f,0.5771790708424474f,0.31819095315357754f,0.9474762295637935f,0.0323003365740289f,0.3030796281461639f,-0.2483961950350347f,0.11620288246132114f,-0.9616632572786575f,0.4951706529377003f,0f,0f,0f,1f], start_interpolation: 0, interpolation_duration: 1 }
$data merge entity $(bone_leg_back_left4) { transformation: [-0.32353667595155744f,0.7317865194563412f,-0.5998437373651498f,0.9834951739892133f,0.7045405170502785f,0.6094793634500414f,0.36353482001461473f,-0.18573720000714483f,0.6316222598584879f,-0.30499736961243806f,-0.7127621800998917f,-0.9437857339428495f,0f,0f,0f,1f], start_interpolation: 0, interpolation_duration: 1 }
$data merge entity $(bone_leg_back_left3) { transformation: [-0.5170271179492589f,0.6832574488520164f,-0.5155988924477215f,0.8703954919378128f,0.701348278062487f,0.6834719128698719f,0.20242711571521832f,-0.0323172641809758f,0.4907071959568837f,-0.25695408715611456f,-0.8325749485361064f,-0.8364435348272812f,0f,0f,0f,1f], start_interpolation: 0, interpolation_duration: 1 }
$data merge entity $(bone_leg_back_left2) { transformation: [-0.6668140062440914f,0.5794795509516186f,-0.4685750005128476f,0.6203402395962786f,0.591332937313061f,0.7940885309778803f,0.1405302893261776f,0.1894325873114221f,0.45352446276404124f,-0.1833762661805015f,-0.87217469963092f,-0.6663718612907656f,0f,0f,0f,1f], start_interpolation: 0, interpolation_duration: 1 }
$data merge entity $(bone_leg_back_left) { transformation: [-0.797260905471932f,0.4710057986480113f,-0.37752958327265446f,0.5455970297082849f,0.48568658983451857f,0.8719212750353449f,0.062143596578041305f,0.2349657051084082f,0.35844606994775546f,-0.13381639578425075f,-0.9239099453725571f,-0.6327675422331636f,0f,0f,0f,1f], start_interpolation: 0, interpolation_duration: 1 }
$data merge entity $(bone_leg_front_right4) { transformation: [-0.7967754465893703f,-0.5849589349542377f,0.15156494360343836f,-1.831378761763448f,-0.5444501256242279f,0.8037561325578768f,0.23989610268482314f,-0.12266017217733804f,-0.262150621628239f,0.10862377176662832f,-0.9588941170885967f,0.5959734662802578f,0f,0f,0f,1f], start_interpolation: 0, interpolation_duration: 1 }
$data merge entity $(bone_leg_front_right3) { transformation: [-0.9214218471784569f,-0.3884107211118325f,0.010903727235525434f,-1.4631200538645723f,-0.38308951452179846f,0.9127765599831255f,0.14170876969624818f,0.04723207684687891f,-0.06499387206262758f,0.12639645276176792f,-0.9898483385466428f,0.6243521713801029f,0f,0f,0f,1f], start_interpolation: 0, interpolation_duration: 1 }
$data merge entity $(bone_leg_front_right2) { transformation: [-0.95006648927723f,-0.2740320804124284f,-0.14926514950676f,-0.8736102493227478f,-0.28697277830848145f,0.9551506640118692f,0.0730330989866673f,0.24151429241486527f,0.12255729461092948f,0.11222133461388516f,-0.9860963855501795f,0.5495073206016139f,0f,0f,0f,1f], start_interpolation: 0, interpolation_duration: 1 }
$data merge entity $(bone_leg_front_right) { transformation: [-0.9179617783722791f,-0.28872816650409144f,-0.27199672666190006f,-0.6728061103038117f,-0.30926607272657597f,0.9503330658115954f,0.03495082667712103f,0.30916624582380375f,0.2483961950350345f,0.11620288246132107f,-0.9616632572786575f,0.4951706529377001f,0f,0f,0f,1f], start_interpolation: 0, interpolation_duration: 1 }
$data merge entity $(bone_leg_back_right4) { transformation: [-0.3303824825105758f,-0.7258164198794538f,0.6033555667129638f,-1.0838632753213064f,-0.7013563545740538f,0.6165769450464931f,0.35767601923490466f,-0.17567050427875824f,-0.6316222598584879f,-0.3049973696124382f,-0.7127621800998915f,-0.9437857339428497f,0f,0f,0f,1f], start_interpolation: 0, interpolation_duration: 1 }
$data merge entity $(bone_leg_back_right3) { transformation: [-0.5238326616490148f,-0.6765690760937977f,0.5175457736889499f,-0.9692748805855845f,-0.6962799655496638f,0.6900933867002007f,0.19739637080454647f,-0.0233592618147693f,-0.4907071959568838f,-0.2569540871561147f,-0.8325749485361061f,-0.8364435348272814f,0f,0f,0f,1f], start_interpolation: 0, interpolation_duration: 1 }
$data merge entity $(bone_leg_back_right2) { transformation: [-0.6725410656349414f,-0.5717188624163365f,0.4699213310672197f,-0.7170719809724815f,-0.5848111461909775f,0.7996941211232378f,0.13596042046024662f,0.19594491800684727f,-0.45352446276404135f,-0.18337626618050165f,-0.8721746996309198f,-0.6663718612907659f,0f,0f,0f,1f], start_interpolation: 0, interpolation_duration: 1 }
$data merge entity $(bone_leg_back_right) { transformation: [-0.8019529449794154f,-0.4624922818801043f,0.37811686452759147f,-0.6418888923806613f,-0.4778994548834005f,0.8764668056581759f,0.05846408813538195f,0.24074799190216606f,-0.3584460699477557f,-0.13381639578425086f,-0.923909945372557f,-0.6327675422331638f,0f,0f,0f,1f], start_interpolation: 0, interpolation_duration: 1 }