# This file was generated by Animated Java via MC-Build. It is not recommended to edit this file directly.
$data merge entity $(bone_shell2) { transformation: [-1.1978957314376872f,0.007002196391641018f,-0.0010611912358087137f,-0.0416088670710289f,0.007082152296164474f,1.1843717583957938f,-0.17949295616008795f,1.1794508183352916f,-1.4669991732174412e-16f,-0.179496093099338f,-1.1843924572707527f,-0.4129997884046367f,0f,0f,0f,1f], start_interpolation: 0, interpolation_duration: 1 }
$data merge entity $(bone_shell) { transformation: [-1.260394639164871f,0.007450238180244047f,-0.0001453500036995639f,-0.042878922928056444f,0.007451655894225229f,1.2601548429199667f,-0.024584920193066285f,0.9646298957967387f,-1.5435382605157425e-16f,-0.024585349855615505f,-1.2601768662309225f,0.5913816126690815f,0f,0f,0f,1f], start_interpolation: 0, interpolation_duration: 1 }
$data merge entity $(bone_pupil_right2) { transformation: [-0.9999985945670188f,0.0007499374074857942f,-0.0014994858692108104f,-0.36013241829072096f,0.0006004284501172664f,0.9952517268918654f,0.09733262353618458f,2.3485638588741913f,0.001565359276140522f,0.09733158640772914f,-0.9952507784160188f,1.4529487537604056f,0f,0f,0f,1f], start_interpolation: 0, interpolation_duration: 1 }
$data merge entity $(bone_pupil_right) { transformation: [-0.9999985945670188f,0.0007499374074857942f,-0.0014994858692108104f,-0.3589878556863298f,0.0006004284501172664f,0.9952517268918654f,0.09733262353618458f,2.3390955890769547f,0.001565359276140522f,0.09733158640772914f,-0.9952507784160188f,1.3892228173726884f,0f,0f,0f,1f], start_interpolation: 0, interpolation_duration: 1 }
$data merge entity $(bone_eyelid_right) { transformation: [-0.9999985945670188f,0.0007499374074857942f,-0.0014994858692108104f,-0.32271447108929147f,0.0006004284501172664f,0.9952517268918654f,0.09733262353618458f,2.3701754400110087f,0.001565359276140522f,0.09733158640772914f,-0.9952507784160188f,1.3922076851741698f,0f,0f,0f,1f], start_interpolation: 0, interpolation_duration: 1 }
$data merge entity $(bone_eye_right) { transformation: [-0.9999985945670188f,0.0007499374074857942f,-0.0014994858692108104f,-0.35896442014234586f,0.0006004284501172664f,0.9952517268918654f,0.09733262353618458f,2.3701972055423255f,0.001565359276140522f,0.09733158640772914f,-0.9952507784160188f,1.3922644294479298f,0f,0f,0f,1f], start_interpolation: 0, interpolation_duration: 1 }
$data merge entity $(bone_pupil_left2) { transformation: [-0.9999985945670188f,0.0007499374074857942f,-0.0014994858692108104f,0.33236660844693955f,0.0006004284501172664f,0.9952517268918654f,0.09733262353618458f,2.3481480621724855f,0.001565359276140522f,0.09733158640772914f,-0.9952507784160188f,1.4518647424616782f,0f,0f,0f,1f], start_interpolation: 0, interpolation_duration: 1 }
$data merge entity $(bone_pupil_left) { transformation: [-0.9999985945670188f,0.0007499374074857942f,-0.0014994858692108104f,0.3310111745649131f,0.0006004284501172664f,0.9952517268918654f,0.09733262353618458f,2.338681293446374f,0.001565359276140522f,0.09733158640772914f,-0.9952507784160188f,1.3881427194721514f,0f,0f,0f,1f], start_interpolation: 0, interpolation_duration: 1 }
$data merge entity $(bone_eyelid_left) { transformation: [-0.9999985945670188f,0.0007499374074857942f,-0.0014994858692108104f,0.2947846610558426f,0.0006004284501172664f,0.9952517268918654f,0.09733262353618458f,2.3698046754430617f,0.001565359276140522f,0.09733158640772914f,-0.9952507784160188f,1.3912410758211529f,0f,0f,0f,1f], start_interpolation: 0, interpolation_duration: 1 }
$data merge entity $(bone_eye_left) { transformation: [-0.9999985945670188f,0.0007499374074857942f,-0.0014994858692108104f,0.331034610108897f,0.0006004284501172664f,0.9952517268918654f,0.09733262353618458f,2.369782909911745f,0.001565359276140522f,0.09733158640772914f,-0.9952507784160188f,1.3911843315473928f,0f,0f,0f,1f], start_interpolation: 0, interpolation_duration: 1 }
$data merge entity $(bone_muzzle2) { transformation: [-0.9999985945670188f,0.0008777724739087032f,-0.0014284185210076243f,-0.013562525903988924f,0.0006004284501172664f,0.9829813964984558f,0.1837041469962569f,2.450296389082445f,0.001565359276140522f,0.18370303114927147f,-0.9829805420235471f,1.6179729782135104f,0f,0f,0f,1f], start_interpolation: 0, interpolation_duration: 1 }
$data merge entity $(bone_muzzle) { transformation: [-0.9999985945670188f,0.0007499374074857942f,-0.0014994858692108104f,-0.013937373062181579f,0.0006004284501172664f,0.9952517268918654f,0.09733262353618458f,2.605119299798986f,0.001565359276140522f,0.09733158640772914f,-0.9952507784160188f,1.3191235582594707f,0f,0f,0f,1f], start_interpolation: 0, interpolation_duration: 1 }
$data merge entity $(bone_tongue) { transformation: [-0.9999985945670188f,0.0006163948645673311f,-0.0015591412245349794f,-0.014313555997249691f,0.0006004284501172664f,0.9999475906942045f,0.010220340039956949f,2.0742165278689386f,0.001565359276140522f,0.01021938952320528f,-0.9999465554358941f,1.2824461777178962f,0f,0f,0f,1f], start_interpolation: 0, interpolation_duration: 1 }
$data merge entity $(bone_jaw) { transformation: [-0.9999985945670188f,0.0006163948645673311f,-0.0015591412245349794f,-0.014245570494465244f,0.0006004284501172664f,0.9999475906942045f,0.010220340039956949f,2.1051455044518836f,0.001565359276140522f,0.01021938952320528f,-0.9999465554358941f,1.314013863497868f,0f,0f,0f,1f], start_interpolation: 0, interpolation_duration: 1 }
$data merge entity $(bone_ear_left) { transformation: [-0.9052409250115482f,-0.1966548752992619f,-0.37665067065554014f,0.33555167645091916f,-0.18560173512146202f,0.9804183828187694f,-0.06581633954370295f,2.4513821166185887f,0.3822183454573303f,0.01032737391891509f,-0.9240143298368266f,1.0513680991121612f,0f,0f,0f,1f], start_interpolation: 0, interpolation_duration: 1 }
$data merge entity $(bone_ear_right) { transformation: [-0.9062095715656241f,0.19786344234018105f,0.37367669259420233f,-0.3644473397459939f,0.18668938306420232f,0.9801815024638467f,-0.06626685807267316f,2.451802416533671f,-0.3793827706340335f,0.009709810142846338f,-0.9251888633857598f,1.0524638506054595f,0f,0f,0f,1f], start_interpolation: 0, interpolation_duration: 1 }
$data merge entity $(bone_head_angle) { transformation: [-0.9999985945670188f,0.0006163948645673311f,-0.0015591412245349794f,-0.014382676128978929f,0.0006004284501172664f,0.9999475906942045f,0.010220340039956949f,2.20016813358446f,0.001565359276140522f,0.01021938952320528f,-0.9999465554358941f,1.1899786118361817f,0f,0f,0f,1f], start_interpolation: 0, interpolation_duration: 1 }
$data merge entity $(bone_neck3) { transformation: [-0.9996281876434456f,0.027221180120187583f,-0.0015791838222643595f,-0.03409594782370104f,0.027251036832009225f,0.9993462074000908f,-0.02376002412952187f,1.4796605447535023f,0.0009313754670777525f,-0.02379422425546325f,-0.9997164435137696f,1.11335729394038f,0f,0f,0f,1f], start_interpolation: 0, interpolation_duration: 1 }
$data merge entity $(bone_neck2) { transformation: [-0.9999476214510767f,0.010008535515189636f,0.0021409276436428443f,-0.03857503809489227f,0.010185858423607622f,0.9936001340969909f,0.11249454124808128f,1.039687304465065f,-0.0010013203824690978f,0.1125104561331225f,-0.9936500362895422f,1.110711314833211f,0f,0f,0f,1f], start_interpolation: 0, interpolation_duration: 1 }
$data merge entity $(bone_chest2) { transformation: [-0.9999476214510767f,0.008606411620275022f,0.005539317047842761f,-0.047923236668956315f,0.010185858423607622f,0.889755182588349f,0.45632440581821637f,0.11142007404115739f,-0.0010013203824690978f,0.45635692690721436f,-0.8897962421932873f,1.0033633957590709f,0f,0f,0f,1f], start_interpolation: 0, interpolation_duration: 1 }
$data merge entity $(bone_chest) { transformation: [-0.9999825236349389f,0.0057561901247831625f,-0.0013485918382479122f,-0.04877741352947974f,0.005912057568972082f,0.9736186531255232f,-0.22810472564447995f,-0.03305787169125518f,-1.2246253967728204e-16f,-0.22810871215560719f,-0.9736356687379066f,0.5236739586449803f,0f,0f,0f,1f], start_interpolation: 0, interpolation_duration: 1 }
$data merge entity $(bone_tail2) { transformation: [-0.9999825236349389f,0.00578490101014672f,0.0012195675469786594f,-0.04613362948265331f,0.005912057568972082f,0.9784748953502904f,0.20628118368998088f,0.41411941172460126f,-1.2246253967728204e-16f,0.2062847887982565f,-0.978491995833619f,-1.1501717245607725f,0f,0f,0f,1f], start_interpolation: 0, interpolation_duration: 1 }
$data merge entity $(bone_tail) { transformation: [-0.9999825236349389f,0.005868800316677417f,0.0007138680142765395f,-0.044934129908837654f,0.005912057568972082f,0.9926658668178373f,0.12074570149737424f,0.6170062403675453f,-1.2246253967728204e-16f,0.1207478117302124f,-0.9926832153120981f,-0.7477285658861827f,0f,0f,0f,1f], start_interpolation: 0, interpolation_duration: 1 }
$data merge entity $(bone_torso) { transformation: [-0.9999825236349389f,0.0058984906014233045f,0.0004002915484506525f,-0.045025002517103f,0.005912057568972082f,0.997687767487994f,0.06770647074042199f,0.601635784467505f,-1.2246253967728204e-16f,0.06770765402410117f,-0.9977052037483581f,-0.05969037412093339f,0f,0f,0f,1f], start_interpolation: 0, interpolation_duration: 1 }
$data merge entity $(bone_leg_front_left4) { transformation: [-0.8078463639996616f,0.5687510492556747f,-0.15461725693820585f,1.7407287512157128f,0.5301293905989829f,0.8158150133953406f,0.23110320885247718f,-0.12343835749237478f,0.25757927206139297f,0.10472873478339072f,-0.9605648394122039f,0.596909602181278f,0f,0f,0f,1f], start_interpolation: 0, interpolation_duration: 1 }
$data merge entity $(bone_leg_front_left3) { transformation: [-0.9280700443683736f,0.3722127069248685f,-0.011987224438828825f,1.3695161192367622f,0.36729602092605806f,0.920175832969468f,0.1355362292187254f,0.04015339839898424f,0.06147866099688251f,0.12138425442621514f,-0.9906998723223005f,0.6237819371866711f,0f,0f,0f,1f], start_interpolation: 0, interpolation_duration: 1 }
$data merge entity $(bone_leg_front_left2) { transformation: [-0.9521190477389632f,0.2667641873235311f,0.14935256038737924f,0.7786099048268406f,0.27925620435907755f,0.9576838320514363f,0.06969684465051584f,0.22965233599921142f,-0.12443991023626963f,0.10806732248414906f,-0.9863245726187179f,0.5476955452028174f,0f,0f,0f,1f], start_interpolation: 0, interpolation_duration: 1 }
$data merge entity $(bone_leg_front_left) { transformation: [-0.9161917057074481f,0.2939685807869513f,0.27235130237063726f,0.5781929692033363f,0.31414169081696947f,0.9488144992968337f,0.032650329473907724f,0.2983708308654235f,-0.2488126935739657f,0.11547085967552538f,-0.9616437615262022f,0.4932677684835124f,0f,0f,0f,1f], start_interpolation: 0, interpolation_duration: 1 }
$data merge entity $(bone_leg_back_left4) { transformation: [-0.3279091267124403f,0.7265826024698779f,-0.6037825158173961f,0.9919638858661873f,0.7049945516635059f,0.6136398680104714f,0.35556826983416706f,-0.1832584767482819f,0.6288547421650383f,-0.30906930319297377f,-0.713454889310006f,-0.945927737287958f,0f,0f,0f,1f], start_interpolation: 0, interpolation_duration: 1 }
$data merge entity $(bone_leg_back_left3) { transformation: [-0.5289348927731854f,0.6718539804561492f,-0.5184979345689308f,0.876259378072053f,0.6921396487332467f,0.6950486048489776f,0.19455113350712522f,-0.03185292858788419f,0.4910912194882297f,-0.2559680953609607f,-0.832652237310899f,-0.8385015330249077f,0f,0f,0f,1f], start_interpolation: 0, interpolation_duration: 1 }
$data merge entity $(bone_leg_back_left2) { transformation: [-0.6785178756829756f,0.5641929124448877f,-0.4704251799442897f,0.6218151746909372f,0.5772814898753954f,0.8055602640257574f,0.13348686253708814f,0.18462763011538907f,0.45426817390821667f,-0.1809945263528901f,-0.8722851641546974f,-0.6681509678093265f,0f,0f,0f,1f], start_interpolation: 0, interpolation_duration: 1 }
$data merge entity $(bone_leg_back_left) { transformation: [-0.802997398122084f,0.46090663878789623f,-0.377836272650479f,0.5465341686169918f,0.4766918765463101f,0.8772208848144135f,0.056994509210754635f,0.22931749354160563f,0.3577150170791279f,-0.13434503923353897f,-0.9241165386407811f,-0.6346151849581583f,0f,0f,0f,1f], start_interpolation: 0, interpolation_duration: 1 }
$data merge entity $(bone_leg_front_right4) { transformation: [-0.8140580930264096f,-0.5590651687316787f,0.15733899163660858f,-1.839227133709611f,-0.5205404304975051f,0.8224828443327498f,0.22925887331962125f,-0.10227308231424026f,-0.2575792720613931f,0.10472873478339058f,-0.9605648394122038f,0.5969096021812776f,0f,0f,0f,1f], start_interpolation: 0, interpolation_duration: 1 }
$data merge entity $(bone_leg_front_right3) { transformation: [-0.9323480423138426f,-0.3613066126029454f,0.013588954445802603f,-1.4661061573415335f,-0.3562969298711053f,0.9245125172039464f,0.13538501873415548f,0.05691805352720794f,-0.06147866099688269f,0.12138425442621505f,-0.9906998723223004f,0.6237819371866709f,0f,0f,0f,1f], start_interpolation: 0, interpolation_duration: 1 }
$data merge entity $(bone_leg_front_right2) { transformation: [-0.9553543898074344f,-0.2554219732154995f,-0.14851803080557271f,-0.8730006320433793f,-0.2679789144989837f,0.9607710806481469f,0.07145790351065986f,0.23941692322420005f,0.12443991023626941f,0.10806732248414899f,-0.9863245726187178f,0.5476955452028173f,0f,0f,0f,1f], start_interpolation: 0, interpolation_duration: 1 }
$data merge entity $(bone_leg_front_right) { transformation: [-0.9198420420710488f,-0.2827293351387973f,-0.27194620918581763f,-0.6717851853403374f,-0.3032867638968619f,0.9522240301618989f,0.03586830393537418f,0.3057609028266386f,0.2488126935739655f,0.11547085967552531f,-0.9616437615262022f,0.4932677684835123f,0f,0f,0f,1f], start_interpolation: 0, interpolation_duration: 1 }
$data merge entity $(bone_leg_back_right4) { transformation: [-0.3362219953429402f,-0.7192761891739973f,0.6079445151779429f,-1.091221918271497f,-0.7010681016164941f,0.6221880178138612f,0.34840434466967163f,-0.1709423471061768f,-0.6288547421650383f,-0.30906930319297393f,-0.7134548893100058f,-0.9459277372879582f,0f,0f,0f,1f], start_interpolation: 0, interpolation_duration: 1 }
$data merge entity $(bone_leg_back_right3) { transformation: [-0.5370817135318193f,-0.6635888235012442f,0.5207620438491648f,-0.9737352934364116f,-0.6858371870431701f,0.7029439575681098f,0.18840686130604478f,-0.02091546244048334f,-0.4910912194882298f,-0.2559680953609609f,-0.8326522373108988f,-0.8385015330249079f,0f,0f,0f,1f], start_interpolation: 0, interpolation_duration: 1 }
$data merge entity $(bone_leg_back_right2) { transformation: [-0.6852961675054323f,-0.554628601774948f,0.4719706313909084f,-0.7167492306218745f,-0.5692184018252227f,0.8121749168273169f,0.12791526687647659f,0.19254143824397515f,-0.45426817390821683f,-0.1809945263528902f,-0.8722851641546971f,-0.6681509678093266f,0f,0f,0f,1f], start_interpolation: 0, interpolation_duration: 1 }
$data merge entity $(bone_leg_back_right) { transformation: [-0.8085776258386815f,-0.4505022397064334f,0.3784837579243902f,-0.6409450781994981f,-0.4671639857150381f,0.8826092807425187f,0.05252302350411271f,0.23633806190475998f,-0.35771501707912806f,-0.13434503923353908f,-0.924116538640781f,-0.6346151849581584f,0f,0f,0f,1f], start_interpolation: 0, interpolation_duration: 1 }