# This file was generated by Animated Java via MC-Build. It is not recommended to edit this file directly.
$data merge entity $(bone_shell2) { transformation: [-1.1978425350150457f,0.013153294936280773f,-0.0021429929598658602f,-0.02833572799512658f,0.013326724522808447f,1.1822542083247625f,-0.19261808219806537f,1.1533423872808999f,-1.466934026388727e-16f,-0.19263000287724316f,-1.1823273752515802f,-0.43118523357760596f,0f,0f,0f,1f], start_interpolation: 0, interpolation_duration: 1 }
$data merge entity $(bone_shell) { transformation: [-1.2603386672767003f,0.014015465127578813f,-0.0004290868907439005f,-0.030601476952639876f,0.014022031889215844f,1.2597484287381393f,-0.038567506071797104f,0.9496906594815973f,-1.543469714722052e-16f,-0.03856989292385858f,-1.2598263915996335f,0.5755185365410026f,0f,0f,0f,1f], start_interpolation: 0, interpolation_duration: 1 }
$data merge entity $(bone_pupil_right2) { transformation: [-0.9999939707206126f,-0.0027794141642475873f,-0.002081677046535179f,-0.34745298980395906f,-0.002985199448302313f,0.9943149137967493f,0.10643749708452052f,2.3323562868670207f,0.0017740086460745182f,0.10644306956428429f,-0.9943172158999646f,1.4663367063074744f,0f,0f,0f,1f], start_interpolation: 0, interpolation_duration: 1 }
$data merge entity $(bone_pupil_right) { transformation: [-0.9999939707206126f,-0.0027794141642475873f,-0.002081677046535179f,-0.34628967380965037f,-0.002985199448302313f,0.9943149137967493f,0.10643749708452052f,2.3234761914060393f,0.0017740086460745182f,0.10644306956428429f,-0.9943172158999646f,1.402526489840977f,0f,0f,0f,1f], start_interpolation: 0, interpolation_duration: 1 }
$data merge entity $(bone_eyelid_right) { transformation: [-0.9999939707206126f,-0.0027794141642475873f,-0.002081677046535179f,-0.31012674906366094f,-0.002985199448302313f,0.9943149137967493f,0.10643749708452052f,2.3546567459421883f,0.0017740086460745182f,0.10644306956428429f,-0.9943172158999646f,1.4057885279514408f,0f,0f,0f,1f], start_interpolation: 0, interpolation_duration: 1 }
$data merge entity $(bone_eye_right) { transformation: [-0.9999939707206126f,-0.0027794141642475873f,-0.002081677046535179f,-0.3463765305022831f,-0.002985199448302313f,0.9943149137967493f,0.10643749708452052f,2.3545485324621875f,0.0017740086460745182f,0.10644306956428429f,-0.9943172158999646f,1.405852835764861f,0f,0f,0f,1f], start_interpolation: 0, interpolation_duration: 1 }
$data merge entity $(bone_pupil_left2) { transformation: [-0.9999939707206126f,-0.0027794141642475873f,-0.002081677046535179f,0.3450428349200652f,-0.002985199448302313f,0.9943149137967493f,0.10643749708452052f,2.3344235374849704f,0.0017740086460745182f,0.10644306956428429f,-0.9943172158999646f,1.465108205320068f,0f,0f,0f,1f], start_interpolation: 0, interpolation_duration: 1 }
$data merge entity $(bone_pupil_left) { transformation: [-0.9999939707206126f,-0.0027794141642475873f,-0.002081677046535179f,0.3437061659875723f,-0.002985199448302313f,0.9943149137967493f,0.10643749708452052f,2.3255359790253682f,0.0017740086460745182f,0.10644306956428429f,-0.9943172158999646f,1.4013024238751857f,0f,0f,0f,1f], start_interpolation: 0, interpolation_duration: 1 }
$data merge entity $(bone_eyelid_left) { transformation: [-0.9999939707206126f,-0.0027794141642475873f,-0.002081677046535179f,0.3073695278563174f,-0.002985199448302313f,0.9943149137967493f,0.10643749708452052f,2.3565001066015157f,0.0017740086460745182f,0.10644306956428429f,-0.9943172158999646f,1.4046930776124897f,0f,0f,0f,1f], start_interpolation: 0, interpolation_duration: 1 }
$data merge entity $(bone_eye_left) { transformation: [-0.9999939707206126f,-0.0027794141642475873f,-0.002081677046535179f,0.34361930929493956f,-0.002985199448302313f,0.9943149137967493f,0.10643749708452052f,2.3566083200815164f,0.0017740086460745182f,0.10644306956428429f,-0.9943172158999646f,1.4046287697990696f,0f,0f,0f,1f], start_interpolation: 0, interpolation_duration: 1 }
$data merge entity $(bone_muzzle2) { transformation: [-0.9999939707206126f,-0.0025874075450730218f,-0.0023159975427859895f,-0.0012094922929655654f,-0.002985199448302313f,0.9812546062432695f,0.19269272511078436f,2.4338102332893365f,0.0017740086460745182f,0.19269847702709586f,-0.9812564139126744f,1.6322153663411434f,0f,0f,0f,1f], start_interpolation: 0, interpolation_duration: 1 }
$data merge entity $(bone_muzzle) { transformation: [-0.9999939707206126f,-0.0027794141642475873f,-0.002081677046535179f,-0.002207443140538757f,-0.002985199448302313f,0.9943149137967493f,0.10643749708452052f,2.591361315352843f,0.0017740086460745182f,0.10644306956428429f,-0.9943172158999646f,1.33479662006794f,0f,0f,0f,1f], start_interpolation: 0, interpolation_duration: 1 }
$data merge entity $(bone_tongue) { transformation: [-0.9999939707206126f,-0.0029502677633760715f,-0.001831513731009269f,-0.0006973481953392589f,-0.002985199448302313f,0.9998078844724757f,0.019372215436725567f,2.060818758459238f,0.0017740086460745182f,0.01937756607000585f,-0.999810663489106f,1.2932582048592147f,0f,0f,0f,1f], start_interpolation: 0, interpolation_duration: 1 }
$data merge entity $(bone_jaw) { transformation: [-0.9999939707206126f,-0.0029502677633760715f,-0.001831513731009269f,-0.0007323092588507215f,-0.002985199448302313f,0.9998078844724757f,0.019372215436725567f,2.0914573731166053f,0.0017740086460745182f,0.01937756607000585f,-0.999810663489106f,1.325107837032937f,0f,0f,0f,1f], start_interpolation: 0, interpolation_duration: 1 }
$data merge entity $(bone_ear_left) { transformation: [-0.9111050150670896f,-0.16112933596121906f,-0.37937447016410447f,0.34776493011490384f,-0.15628218675067335f,0.9867423306218694f,-0.04376586641835806f,2.441331897936305f,0.3813968138619226f,0.01941417141210212f,-0.9242075309822764f,1.0655732648540817f,0f,0f,0f,1f], start_interpolation: 0, interpolation_duration: 1 }
$data merge entity $(bone_ear_right) { transformation: [-0.9133692976081129f,0.15530312159635914f,0.37634753434729523f,-0.352230849389525f,0.1508357342008495f,0.9876869503149712f,-0.041509871905399495f,2.4392422583224933f,-0.3781601611420124f,0.01885281411191637f,-0.925548196435555f,1.0668150709063338f,0f,0f,0f,1f], start_interpolation: 0, interpolation_duration: 1 }
$data merge entity $(bone_head_angle) { transformation: [-0.9999939707206126f,-0.0029502677633760715f,-0.001831513731009269f,-0.0012378360780433868f,-0.002985199448302313f,0.9998078844724757f,0.019372215436725567f,2.1876108892154904f,0.0017740086460745182f,0.01937756607000585f,-0.999810663489106f,1.2019481509158618f,0f,0f,0f,1f], start_interpolation: 0, interpolation_duration: 1 }
$data merge entity $(bone_neck3) { transformation: [-0.9995564964098272f,0.02972658578774917f,-0.001772168816593031f,-0.022769960439543702f,0.02972772299767009f,0.9995578420035331f,-0.000618849427456325f,1.469120673141627f,0.0017529889573847076f,-0.0006712575091981227f,-0.9999982382199839f,1.1086807824174745f,0f,0f,0f,1f], start_interpolation: 0, interpolation_duration: 1 }
$data merge entity $(bone_neck2) { transformation: [-0.9999198527316012f,0.012511550803203507f,0.001936287610810676f,-0.028334527397701988f,0.0126549514306881f,0.9922488207485162f,0.12362091217696974f,1.0292170838058559f,-0.00037458977541633904f,0.12363550792421257f,-0.9923276277836983f,1.1011056052529924f,0f,0f,0f,1f], start_interpolation: 0, interpolation_duration: 1 }
$data merge entity $(bone_chest2) { transformation: [-0.9999198527316012f,0.011111423764412069f,0.00606830908413373f,-0.04004818710979393f,0.0126549514306881f,0.8913723037047495f,0.4530952089708903f,0.10059445262062672f,-0.00037458977541633904f,0.4531356887842929f,-0.8914414771775455f,0.9971161122656182f,0f,0f,0f,1f], start_interpolation: 0, interpolation_duration: 1 }
$data merge entity $(bone_chest) { transformation: [-0.9999381161864729f,0.010805829391569315f,-0.0026453447049631738f,-0.041708541630762055f,0.011124917862518355f,0.971257569643956f,-0.23777083423302364f,-0.048642763547258716f,-1.224571013333198e-16f,-0.23778554930961654f,-0.971317678486047f,0.5188880714385202f,0f,0f,0f,1f], start_interpolation: 0, interpolation_duration: 1 }
$data merge entity $(bone_tail2) { transformation: [-0.9999381161864729f,0.010745654592987213f,0.002880052918957002f,-0.03687811333043331f,0.011124917862518355f,0.9658488937795929f,0.2588670519538721f,0.3855293745929998f,-1.224571013333198e-16f,0.2588830726256638f,-0.9659086678914809f,-1.1626791758003427f,0f,0f,0f,1f], start_interpolation: 0, interpolation_duration: 1 }
$data merge entity $(bone_tail) { transformation: [-0.9999381161864729f,0.011039588614457882f,0.001375238405263567f,-0.034633930578792674f,0.011124917862518355f,0.9922684894426519f,0.12361019804914988f,0.5872426726852316f,-1.224571013333198e-16f,0.1236178479930037f,-0.9923298986010542f,-0.7596510018266964f,0f,0f,0f,1f], start_interpolation: 0, interpolation_duration: 1 }
$data merge entity $(bone_torso) { transformation: [-0.9999381161864729f,0.01110706467812218f,0.0006300092727814512f,-0.034719966182638604f,0.011124917862518355f,0.9983334230288559f,0.05662696059334007f,0.579509556746962f,-1.224571013333198e-16f,0.05663046510248242f,-0.9983952075317051f,-0.07148459461419658f,0f,0f,0f,1f], start_interpolation: 0, interpolation_duration: 1 }
$data merge entity $(bone_leg_front_left4) { transformation: [-0.8905257202075255f,0.4182568606890191f,-0.17895569321883595f,1.7806565235181748f,0.3913799107160899f,0.9048901614580893f,0.1673187412820769f,-0.04946296473650924f,0.23191745759371657f,0.07896197935031415f,-0.9695252955340294f,0.6013233679651486f,0f,0f,0f,1f], start_interpolation: 0, interpolation_duration: 1 }
$data merge entity $(bone_leg_front_left3) { transformation: [-0.9699971447473925f,0.24215497442843648f,-0.021598785648016428f,1.390378854939991f,0.23904386422172888f,0.9661702778309057f,0.09681438536753825f,0.06274501569467603f,0.04431218974333531f,0.08874662019318717f,-0.9950680716636611f,0.6207118609888972f,0f,0f,0f,1f], start_interpolation: 0, interpolation_duration: 1 }
$data merge entity $(bone_leg_front_left2) { transformation: [-0.9692588112755472f,0.19717773378370504f,0.147167584965695f,0.7876729999831442f,0.2069019141108623f,0.9768794683028937f,0.05383402590849899f,0.20732245370619767f,-0.13315012092361792f,0.08262835898272398f,-0.9876454827466423f,0.538784103520741f,0f,0f,0f,1f], start_interpolation: 0, interpolation_duration: 1 }
$data merge entity $(bone_leg_front_left) { transformation: [-0.9176988981425138f,0.289162364516392f,0.27242220778656273f,0.5869263660144693f,0.30753646861063344f,0.9511709012386638f,0.0263673493421149f,0.27459605621477373f,-0.2514956318159757f,0.10797705119198926f,-0.9618164604504156f,0.4837694340609963f,0f,0f,0f,1f], start_interpolation: 0, interpolation_duration: 1 }
$data merge entity $(bone_leg_back_left4) { transformation: [-0.3867369459088489f,0.6692715154682859f,-0.6344368946174866f,1.0470555604800116f,0.6790063710869916f,0.672176054050217f,0.29517740493600525f,-0.15674823713293878f,0.6240071175013715f,-0.3166306854116694f,-0.7143949372464544f,-0.9576413337244291f,0f,0f,0f,1f], start_interpolation: 0, interpolation_duration: 1 }
$data merge entity $(bone_leg_back_left3) { transformation: [-0.6135068932662274f,0.5802088323292888f,-0.53569301171651f,0.9128509275780244f,0.6123487582044853f,0.7778732914152089f,0.14121664501146497f,-0.022796946275707608f,0.4986364309196093f,-0.24139356534496204f,-0.8325207843470341f,-0.8485646144607645f,0f,0f,0f,1f], start_interpolation: 0, interpolation_duration: 1 }
$data merge entity $(bone_leg_back_left2) { transformation: [-0.7460658298739367f,0.4613124864237713f,-0.4801838891133602f,0.6330762413752982f,0.4826476942464649f,0.8714518022167801f,0.08730956220080748f,0.15819593906671675f,0.45873410679072557f,-0.16662096591558798f,-0.8728118199155368f,-0.6765393244142424f,0f,0f,0f,1f], start_interpolation: 0, interpolation_duration: 1 }
$data merge entity $(bone_leg_back_left) { transformation: [-0.8347254602928095f,0.39977958540816483f,-0.37869471745699473f,0.5548207294728473f,0.4231145738635654f,0.9057697135749231f,0.023564451079008873f,0.197862930366426f,0.3524307922460957f,-0.14056140672772657f,-0.9252216100024425f,-0.6434989376411708f,0f,0f,0f,1f], start_interpolation: 0, interpolation_duration: 1 }
$data merge entity $(bone_leg_front_right4) { transformation: [-0.8990128903444896f,-0.3980209190801025f,0.18263398087178828f,-1.8636407693504842f,-0.3714702085735987f,0.9139717467141482f,0.16329583690521965f,-0.008917947606467871f,-0.2319174575937168f,0.07896197935031406f,-0.9695252955340294f,0.6013233679651482f,0f,0f,0f,1f], start_interpolation: 0, interpolation_duration: 1 }
$data merge entity $(bone_leg_front_right3) { transformation: [-0.9750754012564925f,-0.22059923475025553f,0.023747410218619924f,-1.4709632506330068f,-0.21740375273817245f,0.971318699002489f,0.09630988144251743f,0.09457918161532858f,-0.044312189743335534f,0.08874662019318712f,-0.9950680716636611f,0.6207118609888967f,0f,0f,0f,1f], start_interpolation: 0, interpolation_duration: 1 }
$data merge entity $(bone_leg_front_right2) { transformation: [-0.9736221416891084f,-0.17539486423051062f,-0.14593343281878257f,-0.8651899568309158f,-0.18528618542875608f,0.9810245643679789f,0.057094952455342185f,0.2257115563265508f,0.1331501209236177f,0.08262835898272394f,-0.9876454827466423f,0.5387841035207408f,0f,0f,0f,1f], start_interpolation: 0, interpolation_duration: 1 }
$data merge entity $(bone_leg_front_right) { transformation: [-0.9243139547990584f,-0.26792870222444376f,-0.27176814288663304f,-0.6629962792186218f,-0.2870429587034097f,0.957368877152484f,0.032421796967237106f,0.28850220354292166f,0.25149563181597545f,0.10797705119198919f,-0.9618164604504156f,0.4837694340609962f,0f,0f,0f,1f], start_interpolation: 0, interpolation_duration: 1 }
$data merge entity $(bone_leg_back_right4) { transformation: [-0.4017480631286561f,-0.6541509710411672f,0.6408470963172661f,-1.1326083247592569f,-0.6702339972576759f,0.686899931679742f,0.2809890972588849f,-0.13249815475417825f,-0.6240071175013717f,-0.31663068541166955f,-0.7143949372464543f,-0.9576413337244293f,0f,0f,0f,1f], start_interpolation: 0, interpolation_duration: 1 }
$data merge entity $(bone_leg_back_right3) { transformation: [-0.6269788495110913f,-0.5627587327409824f,0.5387022656250033f,-0.9954567014287057f,-0.5985476021382939f,0.7905894986235339f,0.1292633460834411f,-0.0015658667864264508f,-0.49863643091960946f,-0.2413935653449622f,-0.832520784347034f,-0.8485646144607647f,0f,0f,0f,1f], start_interpolation: 0, interpolation_duration: 1 }
$data merge entity $(bone_leg_back_right2) { transformation: [-0.7566193253436143f,-0.44180983931797024f,0.48200753354942816f,-0.7117244544248503f,-0.46592941073030436f,0.8814995857056233f,0.0766045991917296f,0.17315766223743767f,-0.45873410679072574f,-0.16662096591558812f,-0.8728118199155367f,-0.6765393244142426f,0f,0f,0f,1f], start_interpolation: 0, interpolation_duration: 1 }
$data merge entity $(bone_leg_back_right) { transformation: [-0.8439324898801192f,-0.3795286487557069f,0.37912525278383874f,-0.6326057834985892f,-0.40443848630110796f,0.9144399902193635f,0.01513324440028158f,0.21107377032816654f,-0.3524307922460959f,-0.14056140672772668f,-0.9252216100024424f,-0.643498937641171f,0f,0f,0f,1f], start_interpolation: 0, interpolation_duration: 1 }