# This file was generated by Animated Java via MC-Build. It is not recommended to edit this file directly.
$data merge entity $(bone_shell2) { transformation: [-1.1978140078408088f,0.015455991044496657f,-0.0026561699774512106f,-0.02111068847760906f,0.015682566694156727f,1.1805084549749234f,-0.20287480157077156f,1.1426881897609282f,-1.4665743947129952e-16f,-0.202892188985503f,-1.180609630625826f,-0.4410956370389332f,0f,0f,0f,1f], start_interpolation: 0, interpolation_duration: 1 }
$data merge entity $(bone_shell) { transformation: [-1.2603086517281554f,0.016488052007284905f,-0.0006481753431611929f,-0.023662393743893652f,0.01650078756515621f,1.2593359264138984f,-0.04950678806071751f,0.9477922666990783f,-1.5430913196545426e-16f,-0.04951103104727558f,-1.2594438579848437f,0.5673391444908908f,0f,0f,0f,1f], start_interpolation: 0, interpolation_duration: 1 }
$data merge entity $(bone_pupil_right2) { transformation: [-0.999988341170671f,-0.004280449812909986f,-0.0022350105433555476f,-0.34143285985008454f,-0.004504149337334142f,0.9936786068088947f,0.11217191720337774f,2.3319840573557036f,0.001740735900917777f,0.11218067623139734f,-0.9936863014647981f,1.4662407644801423f,0f,0f,0f,1f], start_interpolation: 0, interpolation_duration: 1 }
$data merge entity $(bone_pupil_right) { transformation: [-0.999988341170671f,-0.004280449812909986f,-0.0022350105433555476f,-0.34025568055425415f,-0.004504149337334142f,0.9936786068088947f,0.11217191720337774f,2.3234742041361973f,0.001740735900917777f,0.11218067623139734f,-0.9936863014647981f,1.4023803716526007f,0f,0f,0f,1f], start_interpolation: 0, interpolation_duration: 1 }
$data merge entity $(bone_eyelid_right) { transformation: [-0.999988341170671f,-0.004280449812909986f,-0.0022350105433555476f,-0.3041398672434708f,-0.004504149337334142f,0.9936786068088947f,0.11217191720337774f,2.354689936012454f,0.001740735900917777f,0.11218067623139734f,-0.9936863014647981f,1.4058229161084235f,0f,0f,0f,1f], start_interpolation: 0, interpolation_duration: 1 }
$data merge entity $(bone_eye_right) { transformation: [-0.999988341170671f,-0.004280449812909986f,-0.0022350105433555476f,-0.3403894446109076f,-0.004504149337334142f,0.9936786068088947f,0.11217191720337774f,2.3545266605989754f,0.001740735900917777f,0.11218067623139734f,-0.9936863014647981f,1.4058860177848318f,0f,0f,0f,1f], start_interpolation: 0, interpolation_duration: 1 }
$data merge entity $(bone_pupil_left2) { transformation: [-0.999988341170671f,-0.004280449812909986f,-0.0022350105433555476f,0.35105906641060514f,-0.004504149337334142f,0.9936786068088947f,0.11217191720337774f,2.3351031807718075f,0.001740735900917777f,0.11218067623139734f,-0.9936863014647981f,1.4650353048687568f,0f,0f,0f,1f], start_interpolation: 0, interpolation_duration: 1 }
$data merge entity $(bone_pupil_left) { transformation: [-0.999988341170671f,-0.004280449812909986f,-0.0022350105433555476f,0.3497362748535088f,-0.004504149337334142f,0.9936786068088947f,0.11217191720337774f,2.326582067178958f,0.001740735900917777f,0.11218067623139734f,-0.9936863014647981f,1.4011792638809675f,0f,0f,0f,1f], start_interpolation: 0, interpolation_duration: 1 }
$data merge entity $(bone_eyelid_left) { transformation: [-0.999988341170671f,-0.004280449812909986f,-0.0022350105433555476f,0.31335293342941856f,-0.004504149337334142f,0.9936786068088947f,0.11217191720337774f,2.357471248228258f,0.001740735900917777f,0.11218067623139734f,-0.9936863014647981f,1.404748011689607f,0f,0f,0f,1f], start_interpolation: 0, interpolation_duration: 1 }
$data merge entity $(bone_eye_left) { transformation: [-0.999988341170671f,-0.004280449812909986f,-0.0022350105433555476f,0.34960251079685534f,-0.004504149337334142f,0.9936786068088947f,0.11217191720337774f,2.357634523641736f,0.001740735900917777f,0.11218067623139734f,-0.9936863014647981f,1.4046849100131986f,0f,0f,0f,1f], start_interpolation: 0, interpolation_duration: 1 }
$data merge entity $(bone_muzzle2) { transformation: [-0.999988341170671f,-0.004069367405113733f,-0.002599571436208192f,0.004655954449153948f,-0.004504149337334142f,0.980120932950924f,0.19834986622167858f,2.4330011062592707f,0.001740735900917777f,0.1983592625524026f,-0.9801278349267457f,1.6327078216285f,0f,0f,0f,1f], start_interpolation: 0, interpolation_duration: 1 }
$data merge entity $(bone_muzzle) { transformation: [-0.999988341170671f,-0.004280449812909986f,-0.0022350105433555476f,0.003422457427741591f,-0.004504149337334142f,0.9936786068088947f,0.11217191720337774f,2.592264656236438f,0.001740735900917777f,0.11218067623139734f,-0.9936863014647981f,1.3362034369496754f,0f,0f,0f,1f], start_interpolation: 0, interpolation_duration: 1 }
$data merge entity $(bone_tongue) { transformation: [-0.999988341170671f,-0.004458955413023732f,-0.0018534398707317034f,0.005733357494950083f,-0.004504149337334142f,0.9996737864695023f,0.02514027216390377f,2.061973590679637f,0.001740735900917777f,0.025148327227726863f,-0.9996822152445097f,1.2916033188835545f,0f,0f,0f,1f], start_interpolation: 0, interpolation_duration: 1 }
$data merge entity $(bone_jaw) { transformation: [-0.999988341170671f,-0.004458955413023732f,-0.0018534398707317034f,0.005651935134253458f,-0.004504149337334142f,0.9996737864695023f,0.02514027216390377f,2.092427763001687f,0.001740735900917777f,0.025148327227726863f,-0.9996822152445097f,1.323629273335812f,0f,0f,0f,1f], start_interpolation: 0, interpolation_duration: 1 }
$data merge entity $(bone_ear_left) { transformation: [-0.9137228475651151f,-0.14263096127401853f,-0.38048254457142566f,0.3536227686550983f,-0.14139577729514996f,0.9894564212015508f,-0.03135641411449943f,2.4443199641621822f,0.38094329236855956f,0.025147553142781887f,-0.9242563543575628f,1.0661241648306992f,0f,0f,0f,1f], start_interpolation: 0, interpolation_duration: 1 }
$data merge entity $(bone_ear_right) { transformation: [-0.9162801844695645f,0.13379864410018372f,0.3775295304812239f,-0.3463690701643714f,0.1331530742508235f,0.9907015159417635f,-0.027942174722925407f,2.4411670596260486f,-0.3777577032516686f,0.02466635659444205f,-0.9255758685739273f,1.0673426799613415f,0f,0f,0f,1f], start_interpolation: 0, interpolation_duration: 1 }
$data merge entity $(bone_head_angle) { transformation: [-0.999988341170671f,-0.004458955413023732f,-0.0018534398707317034f,0.005002228080441019f,-0.004504149337334142f,0.9996737864695023f,0.02514027216390377f,2.189289714503691f,0.001740735900917777f,0.025148327227726863f,-0.9996822152445097f,1.2010266521078476f,0f,0f,0f,1f], start_interpolation: 0, interpolation_duration: 1 }
$data merge entity $(bone_neck3) { transformation: [-0.999556613577799f,0.029722508102795284f,-0.0017744759682507207f,-0.016527181740466596f,0.029708420689537884f,0.999530486415014f,0.007497764140008065f,1.4715800927810254f,0.001996495183081632f,0.007441722854623245f,-0.9999703169434275f,1.1019306965926408f,0f,0f,0f,1f], start_interpolation: 0, interpolation_duration: 1 }
$data merge entity $(bone_neck2) { transformation: [-0.9999115741408857f,0.013189238455222928f,0.0016993787298180277f,-0.022377131942586847f,0.013298163153295614f,0.9922103466151966f,0.12386196723167275f,1.0316820364228922f,-0.000052496137191697754f,0.12387361324641705f,-0.9922980022077201f,1.0942499596508202f,0f,0f,0f,1f], start_interpolation: 0, interpolation_duration: 1 }
$data merge entity $(bone_chest2) { transformation: [-0.9999115741408857f,0.011869949696331558f,0.005995681220899558f,-0.03473067082748463f,0.013298163153295614f,0.8942876780247708f,0.4472948778935573f,0.10241168634239431f,-0.000052496137191697754f,0.44733505700679277f,-0.8943664483962294f,0.9962957756498891f,0f,0f,0f,1f], start_interpolation: 0, interpolation_duration: 1 }
$data merge entity $(bone_chest) { transformation: [-0.9999143021975447f,0.012688507959693946f,-0.003223356411259213f,-0.03673886490685467f,0.013091533935991703f,0.9691317033189388f,-0.24619576227330786f,-0.05097156052297647f,-1.224270799064761e-16f,-0.24621686251735309f,-0.9692147628942261f,0.5193826711564433f,0f,0f,0f,1f], start_interpolation: 0, interpolation_duration: 1 }
$data merge entity $(bone_tail2) { transformation: [-0.9999143021975447f,0.012595196808742179f,0.003570613133100993f,-0.031233622935848863f,0.013091533935991703f,0.9620047192048304f,0.27271877817055007f,0.3695116472341215f,-1.224270799064761e-16f,0.2727421515735769f,-0.9620871679608954f,-1.16637307030393f,0f,0f,0f,1f], start_interpolation: 0, interpolation_duration: 1 }
$data merge entity $(bone_tail) { transformation: [-0.9999143021975447f,0.013001117866379934f,0.0015359671291140702f,-0.028559331142671656f,0.013091533935991703f,0.9930084406235444f,0.1173151677729656f,0.5737705694751455f,-1.224270799064761e-16f,0.11732522228668818f,-0.9930935465581172f,-0.764631684772964f,0f,0f,0f,1f], start_interpolation: 0, interpolation_duration: 1 }
$data merge entity $(bone_torso) { transformation: [-0.9999143021975447f,0.013076471162961017f,0.0006278237981085256f,-0.028582320280028734f,0.013091533935991703f,0.9987638272220548f,0.04795236357006942f,0.572014689121412f,-1.224270799064761e-16f,0.04795647333444769f,-0.9988494264228831f,-0.07642406431553034f,0f,0f,0f,1f], start_interpolation: 0, interpolation_duration: 1 }
$data merge entity $(bone_leg_front_left4) { transformation: [-0.9198296344323921f,0.3451308342739604f,-0.18654262476263228f,1.7932241926136465f,0.3235850922643184f,0.9362766619605082f,0.13667004182475773f,-0.0287133518526327f,0.22182455158134462f,0.06535074216448214f,-0.9728942125505149f,0.6027375094537859f,0f,0f,0f,1f], start_interpolation: 0, interpolation_duration: 1 }
$data merge entity $(bone_leg_front_left3) { transformation: [-0.9809278189079879f,0.1928872296534744f,-0.0239818833502638f,1.397736129145612f,0.19050297073212674f,0.9785506983864025f,0.07840375520163975f,0.06396833466958132f,0.0385905718362953f,0.0723398045621637f,-0.9966331925243387f,0.6195452387085647f,0f,0f,0f,1f], start_interpolation: 0, interpolation_duration: 1 }
$data merge entity $(bone_leg_front_left2) { transformation: [-0.972603382829375f,0.1803226504657023f,0.1467187835209946f,0.7926765562907794f,0.1885500544291426f,0.9810714713389547f,0.04413213228007568f,0.19714136042746663f,-0.13598358975855754f,0.07058689576573618f,-0.9881932773817749f,0.5356584153558058f,0f,0f,0f,1f], start_interpolation: 0, interpolation_duration: 1 }
$data merge entity $(bone_leg_front_left) { transformation: [-0.9152706465018714f,0.29676651625914685f,0.272413800089966f,0.592461102368495f,0.3135260654608778f,0.94938660148943f,0.019143855123030844f,0.26572518724703365f,-0.2529447566736021f,0.10293063557444775f,-0.9619897267287071f,0.48032674983345536f,0f,0f,0f,1f], start_interpolation: 0, interpolation_duration: 1 }
$data merge entity $(bone_leg_back_left4) { transformation: [-0.4283574414232923f,0.626404107262895f,-0.6512509476242367f,1.0738142977712464f,0.6497374570867887f,0.7143933796901807f,0.2597755491058283f,-0.13782724592736198f,0.6279738364260761f,-0.3118653450754296f,-0.7130139320555374f,-0.962568270723863f,0f,0f,0f,1f], start_interpolation: 0, interpolation_duration: 1 }
$data merge entity $(bone_leg_back_left3) { transformation: [-0.6566383114613206f,0.5233242988896911f,-0.5431001805494443f,0.9301746671390825f,0.5604316054004572f,0.8204571424338994f,0.11298890696641911f,-0.015232832246011963f,0.5047202627094458f,-0.23017766099431358f,-0.8320310696059939f,-0.8521607132561717f,0f,0f,0f,1f], start_interpolation: 0, interpolation_duration: 1 }
$data merge entity $(bone_leg_back_left2) { transformation: [-0.7747531644902037f,0.40705220058782704f,-0.4838037206440467f,0.6396422304552561f,0.4326944351346837f,0.899286404360934f,0.0637141172351889f,0.14702758092949442f,0.46101307998352103f,-0.15997646366947169f,-0.8728542095653302f,-0.6792808082623514f,0f,0f,0f,1f], start_interpolation: 0, interpolation_duration: 1 }
$data merge entity $(bone_leg_back_left) { transformation: [-0.8479894074399549f,0.3709745142274998f,-0.378539132274729f,0.5601432235077604f,0.39828239457600195f,0.917238444275981f,0.006691077116860199f,0.18436655542099462f,0.34969286386833826f,-0.1450915095236397f,-0.9255611026959328f,-0.6464971022746947f,0f,0f,0f,1f], start_interpolation: 0, interpolation_duration: 1 }
$data merge entity $(bone_leg_front_right4) { transformation: [-0.9279860627925769f,-0.32050003698697965f,0.1900568166472235f,-1.8654919158111958f,-0.2993922770855436f,0.9449915379461852f,0.13173935490823177f,0.019188959365774527f,-0.22182455158134484f,0.06535074216448204f,-0.9728942125505149f,0.6027375094537855f,0f,0f,0f,1f], start_interpolation: 0, interpolation_duration: 1 }
$data merge entity $(bone_leg_front_right3) { transformation: [-0.9855791046382377f,-0.167201848790568f,0.026026337842764813f,-1.4677129334392642f,-0.16475617216310118f,0.9832652208010432f,0.07774901476699622f,0.10148467338205068f,-0.03859057183629555f,0.07233980456216364f,-0.9966331925243387f,0.6195452387085644f,0f,0f,0f,1f], start_interpolation: 0, interpolation_duration: 1 }
$data merge entity $(bone_leg_front_right2) { transformation: [-0.9772063930227738f,-0.1545755805324281f,-0.14551307617696507f,-0.8593741812458497f,-0.16302186587018574f,0.9854561786549516f,0.04795822347609698f,0.2187710923424004f,0.1359835897585573f,0.07058689576573612f,-0.9881932773817749f,0.5356584153558057f,0f,0f,0f,1f], start_interpolation: 0, interpolation_duration: 1 }
$data merge entity $(bone_leg_front_right) { transformation: [-0.9231652839653206f,-0.2718090681048748f,-0.2718192211327017f,-0.6574317753784359f,-0.28945605634113347f,0.9568307659958472f,0.02626931082534987f,0.2820896046670233f,0.2529447566736019f,0.10293063557444768f,-0.9619897267287072f,0.48032674983345525f,0f,0f,0f,1f], start_interpolation: 0, interpolation_duration: 1 }
$data merge entity $(bone_leg_back_right4) { transformation: [-0.4452212725861015f,-0.607485983272453f,0.6578288520309166f,-1.1491853094513054f,-0.6382999915409119f,0.7305482781230027f,0.24263621768068297f,-0.10872227689782538f,-0.6279738364260762f,-0.3118653450754298f,-0.7130139320555374f,-0.9625682707238633f,0f,0f,0f,1f], start_interpolation: 0, interpolation_duration: 1 }
$data merge entity $(bone_leg_back_right3) { transformation: [-0.6710857925127555f,-0.501664671527932f,0.5458721612505066f,-1.00238529233914f,-0.5430481705134775f,0.8338769703739028f,0.09873136675852448f,0.010069510401997828f,-0.5047202627094459f,-0.23017766099431375f,-0.8320310696059939f,-0.852160713256172f,0f,0f,0f,1f], start_interpolation: 0, interpolation_duration: 1 }
$data merge entity $(bone_leg_back_right2) { transformation: [-0.7858158941649956f,-0.38336861353571994f,0.48530597217978705f,-0.7077043320272667f,-0.4122624413668749f,0.9096351121342612f,0.051025897451334644f,0.1646679259145759f,-0.46101307998352126f,-0.15997646366947182f,-0.8728542095653302f,-0.6792808082623516f,0f,0f,0f,1f], start_interpolation: 0, interpolation_duration: 1 }
$data merge entity $(bone_leg_back_right) { transformation: [-0.8581260978713888f,-0.34683329456104467f,0.37858455586031936f,-0.627255010351824f,-0.37594481125769436f,0.9266364549531186f,-0.003221682841847713f,0.19991275196998476f,-0.3496928638683385f,-0.1450915095236398f,-0.9255611026959328f,-0.6464971022746948f,0f,0f,0f,1f], start_interpolation: 0, interpolation_duration: 1 }