# This file was generated by Animated Java via MC-Build. It is not recommended to edit this file directly.
$data merge entity $(bone_shell2) { transformation: [-1.1978878890960405f,-0.007986243286373939f,0.002272741292096545f,0.03982896582800277f,-0.008303338774851565f,1.152141851792982f,-0.3278788620664749f,1.1331795126424256f,-1.4671519171004028e-16f,-0.32788673889467884f,-1.152169530379445f,-0.5061786089505222f,0f,0f,0f,1f], start_interpolation: 0, interpolation_duration: 1 }
$data merge entity $(bone_shell) { transformation: [-1.2603863876575732f,-0.008643158506961186f,0.0012740602923922621f,0.040425340029134754f,-0.008736556450061213f,1.2469122577997347f,-0.18380333930936726f,1.047143105809411f,-1.5436989736447717e-16f,-0.18380775492590906f,-1.246942213111822f,0.5173100434839228f,0f,0f,0f,1f], start_interpolation: 0, interpolation_duration: 1 }
$data merge entity $(bone_pupil_right2) { transformation: [-0.9999998561931822f,0.00019042184655528868f,-0.0005013513087962431f,-0.33481965015816206f,0.00010508640305340738f,0.9862927808543642f,0.16500466475652398f,2.480325486288432f,0.0005258996694907933f,0.1650045883425226f,-0.9862926590294854f,1.3239860335631095f,0f,0f,0f,1f], start_interpolation: 0, interpolation_duration: 1 }
$data merge entity $(bone_pupil_right) { transformation: [-0.9999998561931822f,0.00019042184655528868f,-0.0005013513087962431f,-0.33360396013607274f,0.00010508640305340738f,0.9862927808543642f,0.16500466475652398f,2.4752273217768614f,0.0005258996694907933f,0.1650045883425226f,-0.9862926590294854f,1.2597638883063278f,0f,0f,0f,1f], start_interpolation: 0, interpolation_duration: 1 }
$data merge entity $(bone_eyelid_right) { transformation: [-0.9999998561931822f,0.00019042184655528868f,-0.0005013513087962431f,-0.29734801466636507f,0.00010508640305340738f,0.9862927808543642f,0.16500466475652398f,2.50604516179645f,0.0005258996694907933f,0.1650045883425226f,-0.9862926590294854f,1.2649012178290124f,0f,0f,0f,1f], start_interpolation: 0, interpolation_duration: 1 }
$data merge entity $(bone_eye_right) { transformation: [-0.9999998561931822f,0.00019042184655528868f,-0.0005013513087962431f,-0.33359800945336787f,0.00010508640305340738f,0.9862927808543642f,0.16500466475652398f,2.5060489711785605f,0.0005258996694907933f,0.1650045883425226f,-0.9862926590294854f,1.2649202816920315f,0f,0f,0f,1f], start_interpolation: 0, interpolation_duration: 1 }
$data merge entity $(bone_pupil_left2) { transformation: [-0.9999998561931822f,0.00019042184655528868f,-0.0005013513087962431f,0.3576802502556166f,0.00010508640305340738f,0.9862927808543642f,0.16500466475652398f,2.480252713954317f,0.0005258996694907933f,0.1650045883425226f,-0.9862926590294854f,1.323621848041987f,0f,0f,0f,1f], start_interpolation: 0, interpolation_duration: 1 }
$data merge entity $(bone_pupil_left) { transformation: [-0.9999998561931822f,0.00019042184655528868f,-0.0005013513087962431f,0.3563959406372229f,0.00010508640305340738f,0.9862927808543642f,0.16500466475652398f,2.4751548121587543f,0.0005258996694907933f,0.1650045883425226f,-0.9862926590294854f,1.259401017534379f,0f,0f,0f,1f], start_interpolation: 0, interpolation_duration: 1 }
$data merge entity $(bone_eyelid_left) { transformation: [-0.9999998561931822f,0.00019042184655528868f,-0.0005013513087962431f,0.320151896532925f,0.00010508640305340738f,0.9862927808543642f,0.16500466475652398f,2.505980270942564f,0.0005258996694907933f,0.1650045883425226f,-0.9862926590294854f,1.2645764747831019f,0f,0f,0f,1f], start_interpolation: 0, interpolation_duration: 1 }
$data merge entity $(bone_eye_left) { transformation: [-0.9999998561931822f,0.00019042184655528868f,-0.0005013513087962431f,0.3564018913199278f,0.00010508640305340738f,0.9862927808543642f,0.16500466475652398f,2.5059764615604534f,0.0005258996694907933f,0.1650045883425226f,-0.9862926590294854f,1.2645574109200828f,0f,0f,0f,1f], start_interpolation: 0, interpolation_duration: 1 }
$data merge entity $(bone_muzzle2) { transformation: [-0.9999998561931822f,0.00023339287963486562f,-0.000482847158232268f,0.011530326618215743f,0.00010508640305340738f,0.9681585349395984f,0.25033785207287046f,2.570696637129218f,0.0005258996694907933f,0.25033776533190966f,-0.968158420238219f,1.4959393451060612f,0f,0f,0f,1f], start_interpolation: 0, interpolation_duration: 1 }
$data merge entity $(bone_muzzle) { transformation: [-0.9999998561931822f,0.00019042184655528868f,-0.0005013513087962431f,0.011397457065036328f,0.00010508640305340738f,0.9862927808543642f,0.16500466475652398f,2.7455471924724275f,0.0005258996694907933f,0.1650045883425226f,-0.9862926590294854f,1.2083484627021623f,0f,0f,0f,1f], start_interpolation: 0, interpolation_duration: 1 }
$data merge entity $(bone_tongue) { transformation: [-0.9999998561931822f,0.0001460015882435714f,-0.0005160398731760816f,0.01130376747524518f,0.00010508640305340738f,0.9969207431669647f,0.07841569230883971f,2.2183835380496286f,0.0005258996694907933f,0.0784156268033545f,-0.9969206151457471f,1.1355363917395755f,0f,0f,0f,1f], start_interpolation: 0, interpolation_duration: 1 }
$data merge entity $(bone_jaw) { transformation: [-0.9999998561931822f,0.0001460015882435714f,-0.0005160398731760816f,0.011324456270914543f,0.00010508640305340738f,0.9969207431669647f,0.07841569230883971f,2.247086820888945f,0.0005258996694907933f,0.0784156268033545f,-0.9969206151457471f,1.169140649300485f,0f,0f,0f,1f], start_interpolation: 0, interpolation_duration: 1 }
$data merge entity $(bone_ear_left) { transformation: [-0.923335254907303f,-0.02739224411533642f,-0.3830165427335893f,0.3612375208931747f,-0.055274967624299176f,0.9965455568717289f,0.06198089248589791f,2.610570714381056f,0.3799956381320691f,0.0784003701620189f,-0.9216597511875302f,0.9311049177317274f,0f,0f,0f,1f], start_interpolation: 0, interpolation_duration: 1 }
$data merge entity $(bone_ear_right) { transformation: [-0.923722785589867f,0.027684136550206687f,0.3820599481306117f,-0.33876237844205287f,0.05546906833791891f,0.9965397690921592f,0.061900493337850325f,2.6106442748631937f,-0.3790242707793521f,0.07837140550746483f,-0.922062104719072f,0.931473047500371f,0f,0f,0f,1f], start_interpolation: 0, interpolation_duration: 1 }
$data merge entity $(bone_head_angle) { transformation: [-0.9999998561931822f,0.0001460015882435714f,-0.0005160398731760816f,0.011273638935665367f,0.00010508640305340738f,0.9969207431669647f,0.07841569230883971f,2.350350102099453f,0.0005258996694907933f,0.0784156268033545f,-0.9969206151457471f,1.0518770374200812f,0f,0f,0f,1f], start_interpolation: 0, interpolation_duration: 1 }
$data merge entity $(bone_neck3) { transformation: [-0.999609869754875f,-0.02792542954283782f,-0.0005278953396518186f,0.031295551231487695f,-0.027909303989532216f,0.9994105456126565f,-0.01999079960962034f,1.6301496349769544f,0.001085835835431243f,-0.01996826740255935f,-0.9998000246336657f,0.9724979773062646f,0f,0f,0f,1f], start_interpolation: 0, interpolation_duration: 1 }
$data merge entity $(bone_neck2) { transformation: [-0.9999430663479889f,-0.010550548044145652f,-0.0015968714881010797f,0.035986269351806155f,-0.0105780085970728f,0.9997766776543119f,0.01829482311000813f,1.1918897686699115f,0.0014034944608333061f,0.01831067323924518f,-0.9998313605047724f,1.011354152787756f,0f,0f,0f,1f], start_interpolation: 0, interpolation_duration: 1 }
$data merge entity $(bone_chest2) { transformation: [-0.9999430663479889f,-0.009519342520071812f,-0.004821429307465645f,0.04589772554838115f,-0.0105780085970728f,0.9437288722432958f,0.3305509362088048f,0.25766497951351364f,0.0014034944608333061f,0.33058311785749545f,-0.9437758379991066f,1.0317703715059043f,0f,0f,0f,1f], start_interpolation: 0, interpolation_duration: 1 }
$data merge entity $(bone_chest) { transformation: [-0.9999759769845208f,-0.006468915813673394f,0.0024896951718640908f,0.04734472675349049f,-0.00693148280335435f,0.9332433758153866f,-0.3591778891341282f,0.04891217945221871f,-1.2247529047099015e-16f,-0.3591865178774071f,-0.9332657956740423f,0.5763620523525521f,0f,0f,0f,1f], start_interpolation: 0, interpolation_duration: 1 }
$data merge entity $(bone_tail2) { transformation: [-0.9999759769845208f,-0.006899095075776837f,-0.0006692839371962131f,0.045900993365877454f,-0.00693148280335435f,0.995303535250846f,0.09655478891963398f,0.2571935451774686f,-1.2247529047099015e-16f,0.09655710851254638f,-0.9953274460174885f,-1.1235751838266306f,0f,0f,0f,1f], start_interpolation: 0, interpolation_duration: 1 }
$data merge entity $(bone_tail) { transformation: [-0.9999759769845208f,-0.0069143577936601665f,0.0004869395798741256f,0.04398980157500962f,-0.00693148280335435f,0.9975054235999674f,-0.07024873262057288f,0.5329131758101753f,-1.2247529047099015e-16f,-0.0702504202475059f,-0.9975293872638785f,-0.7670642686645526f,0f,0f,0f,1f], start_interpolation: 0, interpolation_duration: 1 }
$data merge entity $(bone_torso) { transformation: [-0.9999759769845208f,-0.006919386724355739f,0.0004093179839765538f,0.04349216462588962f,-0.00693148280335435f,0.9982309263571923f,-0.05905059026130602f,0.6047051730634854f,-1.2247529047099015e-16f,-0.059052008868629144f,-0.9982549074502862f,-0.08260939506962545f,0f,0f,0f,1f], start_interpolation: 0, interpolation_duration: 1 }
$data merge entity $(bone_leg_front_left4) { transformation: [-0.9783216974874802f,0.08337195499823766f,-0.18956733195618666f,1.7846551233688568f,0.08020771486774385f,0.9964815188119461f,0.024316766683341325f,-0.2299773848083282f,0.1909276792424554f,0.008584857949272733f,-0.9815665649934705f,0.6374887557385577f,0f,0f,0f,1f], start_interpolation: 0, interpolation_duration: 1 }
$data merge entity $(bone_leg_front_left3) { transformation: [-0.9613403452943035f,0.2748497400290186f,-0.01680359828757269f,1.3984051352809994f,0.27471285041992144f,0.9614741083879597f,0.010019416836331015f,-0.10335225638167325f,0.01891005879396132f,0.005015905258195633f,-0.9998086068697598f,0.6452493406432638f,0f,0f,0f,1f], start_interpolation: 0, interpolation_duration: 1 }
$data merge entity $(bone_leg_front_left2) { transformation: [-0.888485103687802f,0.4335643728878589f,0.1503866852059491f,0.8498763888024959f,0.4330581063495165f,0.9005715404774471f,-0.037836186476027524f,0.18138049040673468f,-0.15183839122516551f,0.03150928505116487f,-0.9879029648228201f,0.5508426787064598f,0f,0f,0f,1f], start_interpolation: 0, interpolation_duration: 1 }
$data merge entity $(bone_leg_front_left) { transformation: [-0.8191887768179916f,0.5085934334818555f,0.2650706836950856f,0.6706788438735602f,0.5029839793487085f,0.8591647027448798f,-0.09403791828746727f,0.2914082358892647f,-0.2755664429025794f,0.056291500037216446f,-0.9596324309700979f,0.4905625193215205f,0f,0f,0f,1f], start_interpolation: 0, interpolation_duration: 1 }
$data merge entity $(bone_leg_back_left4) { transformation: [-0.6828697772395699f,0.0013569773921969556f,-0.7305388599829151f,1.2289395047566662f,0.060350329486296414f,0.9966849723273138f,-0.054561008676504104f,0.0759433583497475f,0.7280430653908296f,-0.08134632474340288f,-0.680687939063904f,-0.9647702343713218f,0f,0f,0f,1f], start_interpolation: 0, interpolation_duration: 1 }
$data merge entity $(bone_leg_back_left3) { transformation: [-0.8248015334094704f,-0.0005273353938415465f,-0.5654221010915373f,1.0485141693233446f,0.04483350908456723f,0.9967899985635753f,-0.0663298969303583f,0.08575068846199657f,0.5636420734371684f,-0.08005885760495417f,-0.8221302770062902f,-0.8414735308069412f,0f,0f,0f,1f], start_interpolation: 0, interpolation_duration: 1 }
$data merge entity $(bone_leg_back_left2) { transformation: [-0.8656959275021944f,0.09545691147113672f,-0.4913843090275747f,0.7238781965100218f,0.14849490688664696f,0.9864336591393438f,-0.06998498943124423f,0.14143627854448917f,0.4780374710572818f,-0.13355378755152128f,-0.8681264666486108f,-0.6622094791604606f,0f,0f,0f,1f], start_interpolation: 0, interpolation_duration: 1 }
$data merge entity $(bone_leg_back_left) { transformation: [-0.8918424249365698f,0.2541713647107125f,-0.37418445510784215f,0.6402679691722184f,0.3072699863910845f,0.9474730959355431f,-0.08876873290489265f,0.17024283976865334f,0.3319672341459041f,-0.19414337444118815f,-0.923095935216978f,-0.631087550959282f,0f,0f,0f,1f], start_interpolation: 0, interpolation_duration: 1 }
$data merge entity $(bone_leg_front_right4) { transformation: [-0.97711579958653f,-0.09717780087593889f,0.18921202185720878f,-1.6859325865701411f,-0.09376212186947588f,0.995230011218968f,0.026942332334568865f,-0.2540342817565112f,-0.1909276792424556f,0.00858485794927269f,-0.9815665649934704f,0.6374887557385573f,0f,0f,0f,1f], start_interpolation: 0, interpolation_duration: 1 }
$data merge entity $(bone_leg_front_right3) { transformation: [-0.957439725918503f,-0.28815189176438916f,0.01666308812032813f,-1.3014750712245677f,-0.28801316100051905f,0.9575715785083874f,0.010251396170495794f,-0.12206687918585676f,-0.018910058793961515f,0.005015905258195549f,-0.9998086068697597f,0.6452493406432636f,0f,0f,0f,1f], start_interpolation: 0, interpolation_duration: 1 }
$data merge entity $(bone_leg_front_right2) { transformation: [-0.8823964029351193f,-0.4460070036681848f,-0.1498477252616485f,-0.7569461788224335f,-0.4453332359450799f,0.8944746601410755f,-0.039917306123928416f,0.1702425598445225f,0.15183839122516535f,0.03150928505116476f,-0.9879029648228201f,0.5508426787064596f,0f,0f,0f,1f], start_interpolation: 0, interpolation_duration: 1 }
$data merge entity $(bone_leg_front_right) { transformation: [-0.8121373781272817f,-0.5204548468740043f,-0.26374159970300737f,-0.5792911273570907f,-0.514291760185368f,0.8520317009295587f,-0.09770345959339924f,0.28274388238507175f,0.27556644290257926f,0.05629150003721632f,-0.9596324309700979f,0.4905625193215204f,0f,0f,0f,1f], start_interpolation: 0, interpolation_duration: 1 }
$data merge entity $(bone_leg_back_right4) { transformation: [-0.6819675452192921f,-0.015173524564871633f,0.7312250210570288f,-1.1345112340360906f,-0.06981090318780465f,0.9965703886846227f,-0.04442857406087761f,0.05956074663749562f,-0.7280430653908297f,-0.08134632474340285f,-0.6806879390639037f,-0.964770234371322f,0f,0f,0f,1f], start_interpolation: 0, interpolation_duration: 1 }
$data merge entity $(bone_leg_back_right3) { transformation: [-0.8241007670178943f,-0.013290848784283327f,0.5662872761585872f,-0.9542391912509263f,-0.056263121598149245f,0.9967015263646298f,-0.05848528439230576f,0.07186830448709076f,-0.5636420734371687f,-0.08005885760495414f,-0.8221302770062899f,-0.8414735308069414f,0f,0f,0f,1f], start_interpolation: 0, interpolation_duration: 1 }
$data merge entity $(bone_leg_back_right2) { transformation: [-0.863554211661076f,-0.10912230630757946f,0.4923072676576413f,-0.6304063618780228f,-0.1604814624421649f,0.9850155877430357f,-0.06316638438019143f,0.1320488529029026f,-0.478037471057282f,-0.13355378755152128f,-0.8681264666486107f,-0.6622094791604607f,0f,0f,0f,1f], start_interpolation: 0, interpolation_duration: 1 }
$data merge entity $(bone_leg_back_right) { transformation: [-0.8874971560653097f,-0.26728141255861065f,0.3753790677124409f,-0.5472035034969001f,-0.3196037443921861f,0.9438585681452822f,-0.08357302141978472f,0.16201170393967004f,-0.33196723414590434f,-0.1941433744411882f,-0.9230959352169779f,-0.6310875509592822f,0f,0f,0f,1f], start_interpolation: 0, interpolation_duration: 1 }