# This file was generated by Animated Java via MC-Build. It is not recommended to edit this file directly.
$data merge entity $(bone_shell2) { transformation: [-1.1977765611856175f,0.018006910561450082f,-0.003376525457737945f,-0.010198399799312488f,0.018320746495020742f,1.1772585476106276f,-0.22075099683434832f,1.1300354950709897f,-1.4668532317496904e-16f,-0.2207768183653465f,-1.177396253072963f,-0.4556911904958745f,0f,0f,0f,1f], start_interpolation: 0, interpolation_duration: 1 }
$data merge entity $(bone_shell) { transformation: [-1.2602692513344322f,0.019248031814889648f,-0.001049296580537587f,-0.012945079502646444f,0.019276611529543564f,1.2584007623868259f,-0.06860107202738193f,0.9504626501199573f,-1.5433847047105437e-16f,-0.06860909638393417f,-1.2585479591594797f,0.5555840884127914f,0f,0f,0f,1f], start_interpolation: 0, interpolation_duration: 1 }
$data merge entity $(bone_pupil_right2) { transformation: [-0.9999780209018275f,-0.006162388678984683f,-0.0024459515598323194f,-0.3330588340112459f,-0.006413634609208713f,0.9925921057073765f,0.12132508800118522f,2.338923749393592f,0.0016801798604568782f,0.12133810882474182f,-0.9926098127373473f,1.4594280966255821f,0f,0f,0f,1f], start_interpolation: 0, interpolation_duration: 1 }
$data merge entity $(bone_pupil_right) { transformation: [-0.9999780209018275f,-0.006162388678984683f,-0.0024459515598323194f,-0.331865446134499f,-0.006413634609208713f,0.9925921057073765f,0.12132508800118522f,2.33100533278525f,0.0016801798604568782f,0.12133810882474182f,-0.9926098127373473f,1.3954919751542858f,0f,0f,0f,1f], start_interpolation: 0, interpolation_duration: 1 }
$data merge entity $(bone_eyelid_right) { transformation: [-0.9999780209018275f,-0.006162388678984683f,-0.0024459515598323194f,-0.295808817523026f,-0.006413634609208713f,0.9925921057073765f,0.12132508800118522f,2.362256330343189f,0.0016801798604568782f,0.12133810882474182f,-0.9926098127373473f,1.3992228845351176f,0f,0f,0f,1f], start_interpolation: 0, interpolation_duration: 1 }
$data merge entity $(bone_eye_right) { transformation: [-0.9999780209018275f,-0.006162388678984683f,-0.0024459515598323194f,-0.3320580207807172f,-0.006413634609208713f,0.9925921057073765f,0.12132508800118522f,2.362023836088605f,0.0016801798604568782f,0.12133810882474182f,-0.9926098127373473f,1.399283791055059f,0f,0f,0f,1f], start_interpolation: 0, interpolation_duration: 1 }
$data merge entity $(bone_pupil_left2) { transformation: [-0.9999780209018275f,-0.006162388678984683f,-0.0024459515598323194f,0.3594259454632696f,-0.006413634609208713f,0.9925921057073765f,0.12132508800118522f,2.343365191360469f,0.0016801798604568782f,0.12133810882474182f,-0.9926098127373473f,1.4582645720722158f,0f,0f,0f,1f], start_interpolation: 0, interpolation_duration: 1 }
$data merge entity $(bone_pupil_left) { transformation: [-0.9999780209018275f,-0.006162388678984683f,-0.0024459515598323194f,0.3581193882877619f,-0.006413634609208713f,0.9925921057073765f,0.12132508800118522f,2.335430740665604f,0.0016801798604568782f,0.12133810882474182f,-0.9926098127373473f,1.3943326510505707f,0f,0f,0f,1f], start_interpolation: 0, interpolation_duration: 1 }
$data merge entity $(bone_eyelid_left) { transformation: [-0.9999780209018275f,-0.006162388678984683f,-0.0024459515598323194f,0.32167761038385245f,-0.006413634609208713f,0.9925921057073765f,0.12132508800118522f,2.3662167497143756f,0.0016801798604568782f,0.12133810882474182f,-0.9926098127373473f,1.3981853734712855f,0f,0f,0f,1f], start_interpolation: 0, interpolation_duration: 1 }
$data merge entity $(bone_eye_left) { transformation: [-0.9999780209018275f,-0.006162388678984683f,-0.0024459515598323194f,0.35792681364154366f,-0.006413634609208713f,0.9925921057073765f,0.12132508800118522f,2.3664492439689595f,0.0016801798604568782f,0.12133810882474182f,-0.9926098127373473f,1.398124466951344f,0f,0f,0f,1f], start_interpolation: 0, interpolation_duration: 1 }
$data merge entity $(bone_muzzle2) { transformation: [-0.9999780209018275f,-0.005925760204663158f,-0.0029737315381108617f,0.012837810571463004f,-0.006413634609208713f,0.9782408149147417f,0.20737351163068363f,2.439056771862051f,0.0016801798604568782f,0.20738802617542446f,-0.9782573197245692f,1.6268260707639428f,0f,0f,0f,1f], start_interpolation: 0, interpolation_duration: 1 }
$data merge entity $(bone_muzzle) { transformation: [-0.9999780209018275f,-0.006162388678984683f,-0.0024459515598323194f,0.011303152124142318f,-0.006413634609208713f,0.9925921057073765f,0.12132508800118522f,2.6010448750758437f,0.0016801798604568782f,0.12133810882474182f,-0.9926098127373473f,1.3318027678866144f,0f,0f,0f,1f], start_interpolation: 0, interpolation_duration: 1 }
$data merge entity $(bone_tongue) { transformation: [-0.9999780209018275f,-0.006352117654507116f,-0.0018995564132775213f,0.014618353490184302f,-0.006413634609208713f,0.9993891712320783f,0.03435330719390671f,2.0711929187086118f,0.0016801798604568782f,0.03436473519994964f,-0.9994079457210022f,1.28231500400786f,0f,0f,0f,1f], start_interpolation: 0, interpolation_duration: 1 }
$data merge entity $(bone_jaw) { transformation: [-0.9999780209018275f,-0.006352117654507116f,-0.0018995564132775213f,0.014479210951395876f,-0.006413634609208713f,0.9993891712320783f,0.03435330719390671f,2.1013502894598046f,0.0016801798604568782f,0.03436473519994964f,-0.9994079457210022f,1.3146204002866397f,0f,0f,0f,1f], start_interpolation: 0, interpolation_duration: 1 }
$data merge entity $(bone_ear_left) { transformation: [-0.9169019864786054f,-0.11611139835556045f,-0.38184930321201754f,0.3617834081510218f,-0.12041614243286068f,0.9926423367559877f,-0.012694247563408013f,2.456260186407436f,0.3805137314646818f,0.03434143927572686f,-0.9241374171167919f,1.0603774794783212f,0f,0f,0f,1f], start_interpolation: 0, interpolation_duration: 1 }
$data merge entity $(bone_ear_right) { transformation: [-0.9196445878900772f,0.1034839767916528f,0.37887319582133877f,-0.3382012064802575f,0.10863694486592627f,0.9940507722101951f,-0.007815144177311627f,2.45177064218099f,-0.3774279350746147f,0.033972471439374735f,-0.9254155958322796f,1.061553605380641f,0f,0f,0f,1f], start_interpolation: 0, interpolation_duration: 1 }
$data merge entity $(bone_head_angle) { transformation: [-0.9999780209018275f,-0.006352117654507116f,-0.0018995564132775213f,0.013646255369626143f,-0.006413634609208713f,0.9993891712320783f,0.03435330719390671f,2.19933718766205f,0.0016801798604568782f,0.03436473519994964f,-0.9994079457210022f,1.1929161009965097f,0f,0f,0f,1f], start_interpolation: 0, interpolation_duration: 1 }
$data merge entity $(bone_neck3) { transformation: [-0.9995919757700128f,0.028508165599491205f,-0.001779457882028735f,-0.0070108128314483546f,0.028477204386294676f,0.999474183320038f,0.01550502199560086f,1.4824187142128604f,0.0022205419480674136f,0.015448021585136792f,-0.9998782064944518f,1.0880742536233377f,0f,0f,0f,1f], start_interpolation: 0, interpolation_duration: 1 }
$data merge entity $(bone_neck2) { transformation: [-0.999906627706667f,0.01361354731258852f,0.0011862537033088122f,-0.013022345423048432f,0.013657946432020176f,0.9927930374212102f,0.1190606792657739f,1.042490791000498f,0.00044313377299342276f,0.1190657640866396f,-0.9928862711584462f,1.082524525795985f,0f,0f,0f,1f], start_interpolation: 0, interpolation_duration: 1 }
$data merge entity $(bone_chest2) { transformation: [-0.999906627706667f,0.012490013220631152f,0.005543955089027962f,-0.02577021725468799f,0.013657946432020176f,0.9002838668766515f,0.43508897887775033f,0.11197883628916594f,0.00044313377299342276f,0.435124072663616f,-0.9003703932388532f,0.9972249974968197f,0f,0f,0f,1f], start_interpolation: 0, interpolation_duration: 1 }
$data merge entity $(bone_chest) { transformation: [-0.9998830423810371f,0.014761942545472683f,-0.003998326040398898f,-0.02823069097943346f,0.015293840552365141f,0.9651085332871897f,-0.2614031702512576f,-0.04888239050168752f,-1.2245035673736545e-16f,-0.26143374691981386f,-0.9652214232866293f,0.5227840904447493f,0f,0f,0f,1f], start_interpolation: 0, interpolation_duration: 1 }
$data merge entity $(bone_tail2) { transformation: [-0.9998830423810371f,0.014680786544230476f,0.004286731305308256f,-0.0221985148281702f,0.015293840552365141f,0.9598027038487548f,0.28025857368826074f,0.3454901427839746f,-1.2245035673736545e-16f,0.2802913558978624f,-0.959914973218429f,-1.16890160280331f,0f,0f,0f,1f], start_interpolation: 0, interpolation_duration: 1 }
$data merge entity $(bone_tail) { transformation: [-0.9998830423810371f,0.01521556480177515f,0.0015453629360605186f,-0.01897413472874911f,0.015293840552365141f,0.9947655184094364f,0.10103297394793384f,0.5562941571558585f,-1.2245035673736545e-16f,0.1010447919062038f,-0.9948818774249693f,-0.7705597007923956f,0f,0f,0f,1f], start_interpolation: 0, interpolation_duration: 1 }
$data merge entity $(bone_torso) { transformation: [-0.9998830423810371f,0.015285611476787015f,0.0005016379390412586f,-0.018841335453190382f,0.015293840552365141f,0.9993450406216449f,0.03279616175837775f,0.5649763284664002f,-1.2245035673736545e-16f,0.03279999796804208f,-0.9994619353098427f,-0.08240462033037745f,0f,0f,0f,1f], start_interpolation: 0, interpolation_duration: 1 }
$data merge entity $(bone_leg_front_left4) { transformation: [-0.9495576276805049f,0.24665058614126542f,-0.19365897880021363f,1.8059671817742657f,0.23195248217844155f,0.9680196648366959f,0.09558229177368921f,-0.016296068019000146f,0.21104112804150538f,0.04584121339603846f,-0.9764016721766446f,0.6044128677640926f,0f,0f,0f,1f], start_interpolation: 0, interpolation_duration: 1 }
$data merge entity $(bone_leg_front_left3) { transformation: [-0.9897395494667149f,0.1405295099849624f,-0.02582791212642399f,1.4060812633969277f,0.13899474860935515f,0.9888277989149731f,0.053852056153796624f,0.05562098296159684f,0.033107160561516774f,0.0497095656423981f,-0.9982148441108247f,0.6186393637053713f,0f,0f,0f,1f], start_interpolation: 0, interpolation_duration: 1 }
$data merge entity $(bone_leg_front_left2) { transformation: [-0.9737065046930202f,0.17450966228107506f,0.14643094102356335f,0.8002414114369318f,0.18054647249676967f,0.983141847359642f,0.028897737614620077f,0.1838241196370723f,-0.1389194514367025f,0.05457550495245463f,-0.9887987157514467f,0.5326674488223143f,0f,0f,0f,1f], start_interpolation: 0, interpolation_duration: 1 }
$data merge entity $(bone_leg_front_left) { transformation: [-0.9084921525529254f,0.3170327198433023f,0.27227240642141914f,0.6015087530659794f,0.33083420116440854f,0.9436751980982915f,0.005084469889578125f,0.25619410114178665f,-0.255324773748377f,0.09469622507211477f,-0.9622067786434637f,0.47681515456485685f,0f,0f,0f,1f], start_interpolation: 0, interpolation_duration: 1 }
$data merge entity $(bone_leg_back_left4) { transformation: [-0.4937095857668544f,0.5486343480115812f,-0.6747230521509017f,1.1093647982515988f,0.5893144288261031f,0.7816324228343804f,0.20435082468984644f,-0.10564665533271206f,0.63949929546426f,-0.2967340690853745f,-0.7092175571323309f,-0.9685618315122375f,0f,0f,0f,1f], start_interpolation: 0, interpolation_duration: 1 }
$data merge entity $(bone_leg_back_left3) { transformation: [-0.7137456640831722f,0.43128343975514555f,-0.5518711095857812f,0.9532329342334049f,0.4744856276078887f,0.8773173523188559f,0.07195590673308722f,-0.0018529242934864076f,0.515199491649613f,-0.21049669335455723f,-0.8308192498316211f,-0.8558619427138847f,0f,0f,0f,1f], start_interpolation: 0, interpolation_duration: 1 }
$data merge entity $(bone_leg_back_left2) { transformation: [-0.808867831815136f,0.32865504353064123f,-0.4875640399132745f,0.649907497302729f,0.36051096878681493f,0.9322617964429049f,0.030327945486631327f,0.1333386890015692f,0.46450475997461316f,-0.15124088486556883f,-0.8725603261127602f,-0.6816726577234048f,0f,0f,0f,1f], start_interpolation: 0, interpolation_duration: 1 }
$data merge entity $(bone_leg_back_left) { transformation: [-0.8640771651122915f,0.33260624445414544f,-0.3778144238665526f,0.5689002630734517f,0.3656408134013581f,0.9306009970552163f,-0.016987638300559146f,0.16761751525794652f,0.3459442849747616f,-0.15282300360203196f,-0.9257254891507277f,-0.6492403810070209f,0f,0f,0f,1f], start_interpolation: 0, interpolation_duration: 1 }
$data merge entity $(bone_leg_front_right4) { transformation: [-0.9562074804169093f,-0.21692918847086423f,0.19649168324414648f,-1.8605738967856775f,-0.20280260518473256f,0.9751104093095053f,0.08961469180069931f,0.03978598583867821f,-0.21104112804150565f,0.045841213396038395f,-0.9764016721766445f,0.6044128677640922f,0f,0f,0f,1f], start_interpolation: 0, interpolation_duration: 1 }
$data merge entity $(bone_leg_front_right3) { transformation: [-0.9935275760169957f,-0.11022135795558435f,0.027462846615371128f,-1.458675527746829f,-0.10865942947276307f,0.9926631912859823f,0.05303694045269348f,0.09943924142583169f,-0.03310716056151705f,0.04970956564239806f,-0.9982148441108247f,0.618639363705371f,0f,0f,0f,1f], start_interpolation: 0, interpolation_duration: 1 }
$data merge entity $(bone_leg_front_right2) { transformation: [-0.9787728537815243f,-0.14435951396218738f,-0.14547862877059137f,-0.8491981115390355f,-0.15068207163725955f,0.9880191521361241f,0.03336267823958569f,0.20905333545124585f,0.13891945143670226f,0.05457550495245459f,-0.9887987157514468f,0.5326674488223142f,0f,0f,0f,1f], start_interpolation: 0, interpolation_duration: 1 }
$data merge entity $(bone_leg_front_right) { transformation: [-0.918185424588427f,-0.28802295088517194f,-0.2719895325867667f,-0.648345049910317f,-0.30289401774170155f,0.9529299054602544f,0.01340929885566455f,0.27531140183224306f,0.25532477374837675f,0.0946962250721147f,-0.9622067786434638f,0.47681515456485674f,0f,0f,0f,1f], start_interpolation: 0, interpolation_duration: 1 }
$data merge entity $(bone_leg_back_right4) { transformation: [-0.5115022804525694f,-0.5244721681229035f,0.6806573014052532f,-1.167030093652717f,-0.5739390805586739f,0.7980462625114518f,0.18361942898007033f,-0.07082776248690681f,-0.63949929546426f,-0.29673406908537464f,-0.7092175571323308f,-0.968561831512238f,0f,0f,0f,1f], start_interpolation: 0, interpolation_duration: 1 }
$data merge entity $(bone_leg_back_right3) { transformation: [-0.7279234892478603f,-0.40424971918684627f,0.5538136494693644f,-1.0077968303797475f,-0.4524343903873802f,0.8900973579469572f,0.05504376232277577f,0.028142260410332604f,-0.5151994916496131f,-0.21049669335455734f,-0.830819249831621f,-0.855861942713885f,0f,0f,0f,1f], start_interpolation: 0, interpolation_duration: 1 }
$data merge entity $(bone_leg_back_right2) { transformation: [-0.81951534575521f,-0.2999889062723957f,0.488263508963357f,-0.7004785757215439f,-0.33560382303043756f,0.9418773013819643f,0.015402048850175345f,0.1539936940467467f,-0.4645047599746134f,-0.15124088486556891f,-0.8725603261127601f,-0.681672657723405f,0f,0f,0f,1f], start_interpolation: 0, interpolation_duration: 1 }
$data merge entity $(bone_leg_back_right) { transformation: [-0.8748557436534844f,-0.30398905287239153f,0.3771181294107392f,-0.6184608497540298f,-0.33904273991609f,0.9403381228599634f,-0.02853480692752032f,0.18577895091388014f,-0.3459442849747618f,-0.15282300360203205f,-0.9257254891507276f,-0.6492403810070211f,0f,0f,0f,1f], start_interpolation: 0, interpolation_duration: 1 }