# This file was generated by Animated Java via MC-Build. It is not recommended to edit this file directly.
$data merge entity $(bone_shell2) { transformation: [-1.1977718213816408f,0.018300664928270514f,-0.0034770454509635553f,-0.008589867527629969f,0.018628048257530817f,1.1767212786110313f,-0.22357184205510425f,1.128489010624855f,-1.4670097751454787e-16f,-0.2235988783625279f,-1.1768635782760877f,-0.45778690518463394f,0f,0f,0f,1f], start_interpolation: 0, interpolation_duration: 1 }
$data merge entity $(bone_shell) { transformation: [-1.260264264236335f,0.019568273307787067f,-0.0011138131406051796f,-0.011344909576614364f,0.019599946427488947f,1.2582277025015955f,-0.07161748647297593f,0.9513415345514649f,-1.5435494155878516e-16f,-0.07162614710019712f,-1.2583798586526616f,0.5539160265542911f,0f,0f,0f,1f], start_interpolation: 0, interpolation_duration: 1 }
$data merge entity $(bone_pupil_right2) { transformation: [-0.9999764092459361f,-0.00640508033047077f,-0.0024811081323281676f,-0.3318872932087652f,-0.006661137325711202f,0.9924207869375921f,0.12270538253760033f,2.3405980480601714f,0.0016763654530279047f,0.12271901482708786f,-0.9924400401025428f,1.457833308353393f,0f,0f,0f,1f], start_interpolation: 0, interpolation_duration: 1 }
$data merge entity $(bone_pupil_right) { transformation: [-0.9999764092459361f,-0.00640508033047077f,-0.0024811081323281676f,-0.3306923125753147f,-0.006661137325711202f,0.9924207869375921f,0.12270538253760033f,2.3327688860945286f,0.0016763654530279047f,0.12271901482708786f,-0.9924400401025428f,1.3938862257834945f,0f,0f,0f,1f], start_interpolation: 0, interpolation_duration: 1 }
$data merge entity $(bone_eyelid_right) { transformation: [-0.9999764092459361f,-0.00640508033047077f,-0.0024811081323281676f,-0.29464332650047675f,-0.006661137325711202f,0.9924207869375921f,0.12270538253760033f,2.364023501914385f,0.0016763654530279047f,0.12271901482708786f,-0.9924400401025428f,1.3976604267491688f,0f,0f,0f,1f], start_interpolation: 0, interpolation_duration: 1 }
$data merge entity $(bone_eye_right) { transformation: [-0.9999764092459361f,-0.00640508033047077f,-0.0024811081323281676f,-0.33089247133564187f,-0.006661137325711202f,0.9924207869375921f,0.12270538253760033f,2.363782035686328f,0.0016763654530279047f,0.12271901482708786f,-0.9924400401025428f,1.397721194996841f,0f,0f,0f,1f], start_interpolation: 0, interpolation_duration: 1 }
$data merge entity $(bone_pupil_left2) { transformation: [-0.9999764092459361f,-0.00640508033047077f,-0.0024811081323281676f,0.36059637019404556f,-0.006661137325711202f,0.9924207869375921f,0.12270538253760033f,2.345210885658226f,0.0016763654530279047f,0.12271901482708786f,-0.9924400401025428f,1.456672425277171f,0f,0f,0f,1f], start_interpolation: 0, interpolation_duration: 1 }
$data merge entity $(bone_pupil_left) { transformation: [-0.9999764092459361f,-0.00640508033047077f,-0.0024811081323281676f,0.3592914098043812f,-0.006661137325711202f,0.9924207869375921f,0.12270538253760033f,2.3373650708492693f,0.0016763654530279047f,0.12271901482708786f,-0.9924400401025428f,1.3927295336209051f,0f,0f,0f,1f], start_interpolation: 0, interpolation_duration: 1 }
$data merge entity $(bone_eyelid_left) { transformation: [-0.9999764092459361f,-0.00640508033047077f,-0.0024811081323281676f,0.32284210620888887f,-0.006661137325711202f,0.9924207869375921f,0.12270538253760033f,2.368136754213012f,0.0016763654530279047f,0.12271901482708786f,-0.9924400401025428f,1.396625271081924f,0f,0f,0f,1f], start_interpolation: 0, interpolation_duration: 1 }
$data merge entity $(bone_eye_left) { transformation: [-0.9999764092459361f,-0.00640508033047077f,-0.0024811081323281676f,0.359091251044054f,-0.006661137325711202f,0.9924207869375921f,0.12270538253760033f,2.368378220441069f,0.0016763654530279047f,0.12271901482708786f,-0.9924400401025428f,1.3965645028342517f,0f,0f,0f,1f], start_interpolation: 0, interpolation_duration: 1 }
$data merge entity $(bone_muzzle2) { transformation: [-0.9999764092459361f,-0.00616446424395639f,-0.0030299063003782294f,0.013985704014331685f,-0.006661137325711202f,0.977949847469067f,0.20873362231503817f,2.440582876123157f,0.0016763654530279047f,0.20874888075344003f,-0.9779678392375968f,1.6253686676570331f,0f,0f,0f,1f], start_interpolation: 0, interpolation_duration: 1 }
$data merge entity $(bone_muzzle) { transformation: [-0.9999764092459361f,-0.00640508033047077f,-0.0024811081323281676f,0.012409722681670286f,-0.006661137325711202f,0.9924207869375921f,0.12270538253760033f,2.6029809065333565f,0.0016763654530279047f,0.12271901482708786f,-0.9924400401025428f,1.3305710319783746f,0f,0f,0f,1f], start_interpolation: 0, interpolation_duration: 1 }
$data merge entity $(bone_tongue) { transformation: [-0.9999764092459361f,-0.006596949888177023f,-0.001913427233257038f,0.015854557708725046f,-0.006661137325711202f,0.9993388049774671f,0.03574328070751563f,2.0731991439111868f,0.0016763654530279047f,0.035755183098134455f,-0.9993591730106282f,1.2803461168009085f,0f,0f,0f,1f], start_interpolation: 0, interpolation_duration: 1 }
$data merge entity $(bone_jaw) { transformation: [-0.9999764092459361f,-0.006596949888177023f,-0.001913427233257038f,0.015708197625758796f,-0.006661137325711202f,0.9993388049774671f,0.03574328070751563f,2.1033115040446226f,0.0016763654530279047f,0.035755183098134455f,-0.9993591730106282f,1.3126934404293074f,0f,0f,0f,1f], start_interpolation: 0, interpolation_duration: 1 }
$data merge entity $(bone_ear_left) { transformation: [-0.9172943235983835f,-0.11236826243462628f,-0.38202682823540945f,0.36292398522894165f,-0.11748973772666807f,0.9930239720851696f,-0.00997759455536728f,2.45865992525756f,0.3804829633808889f,0.03573184100512454f,-0.9240973704730912f,1.0589427763797832f,0f,0f,0f,1f], start_interpolation: 0, interpolation_duration: 1 }
$data merge entity $(bone_ear_right) { transformation: [-0.9200485864868002f,0.0992484295715326f,0.3790255238519237f,-0.3370595012432136f,0.10525065555899143f,0.9944336131855319f,-0.0049080007305169135f,2.453997129129562f,-0.37740283253844714f,0.03537708572441679f,-0.9253732024419142f,1.0601162321969029f,0f,0f,0f,1f], start_interpolation: 0, interpolation_duration: 1 }
$data merge entity $(bone_head_angle) { transformation: [-0.9999764092459361f,-0.006596949888177023f,-0.001913427233257038f,0.014850555169585071f,-0.006661137325711202f,0.9993388049774671f,0.03574328070751563f,2.2014674270996997f,0.0016763654530279047f,0.035755183098134455f,-0.9993591730106282f,1.191125592218429f,0f,0f,0f,1f], start_interpolation: 0, interpolation_duration: 1 }
$data merge entity $(bone_neck3) { transformation: [-0.9996000875457457f,0.028221971849571263f,-0.0017847362436843892f,-0.005601306120139685f,0.028189195323695855f,0.9994697542569104f,0.016296612919057388f,1.484626348688707f,0.002243712445933634f,0.016239785422014347f,-0.99986560853142f,1.0857158456465354f,0f,0f,0f,1f], start_interpolation: 0, interpolation_duration: 1 }
$data merge entity $(bone_neck2) { transformation: [-0.9999066035654915f,0.013622892022878754f,0.0010958827747269946f,-0.011612690885214468f,0.013657079458400936f,0.9929315529460468f,0.11790002266674388f,1.0446922307123079f,0.0005180026929275117f,0.11790397778312983f,-0.9930248655981003f,1.0806808959413272f,0f,0f,0f,1f], start_interpolation: 0, interpolation_duration: 1 }
$data merge entity $(bone_chest2) { transformation: [-0.9999066035654915f,0.012534502518813793f,0.005447053582333076f,-0.024367695045879576f,0.013657079458400936f,0.9012923414583984f,0.4329960732028693f,0.11398459541651779f,0.0005180026929275117f,0.43303002375706406f,-0.9013793486641274f,0.9975447239343129f,0f,0f,0f,1f], start_interpolation: 0, interpolation_duration: 1 }
$data merge entity $(bone_chest) { transformation: [-0.9998790856751087f,0.014999220643390834f,-0.004103341272606543f,-0.02688809132728881f,0.015550370719330074f,0.9644404814163116f,-0.2638422706390398f,-0.048075304947261865f,-1.2246342470779648e-16f,-0.2638741768069847f,-0.9645571101881092f,0.5235122368654765f,0f,0f,0f,1f], start_interpolation: 0, interpolation_duration: 1 }
$data merge entity $(bone_tail2) { transformation: [-0.9998790856751087f,0.014927401576980663f,0.004357374400731855f,-0.020821525673182167f,0.015550370719330074f,0.9598225604836028f,0.2801764414742822f,0.34200106229173627f,-1.2246342470779648e-16f,0.2802103229163052f,-0.9599386308150849f,-1.1689872079510841f,0f,0f,0f,1f], start_interpolation: 0, interpolation_duration: 1 }
$data merge entity $(bone_tail) { transformation: [-0.9998790856751087f,0.015475421038163052f,0.0015249174404466821f,-0.01752451445380891f,0.015550370719330074f,0.9950598681767275f,0.09805123515083768f,0.553996816154354f,-1.2246342470779648e-16f,0.09806309238344997f,-0.9951801997187217f,-0.771278859960701f,0f,0f,0f,1f], start_interpolation: 0, interpolation_duration: 1 }
$data merge entity $(bone_torso) { transformation: [-0.9998790856751087f,0.015543181750674444f,0.0004727902009337337f,-0.017363833287242274f,0.015550370719330074f,0.9994168394987267f,0.030400113435110183f,0.564328514402051f,-1.2246342470779648e-16f,0.030403789688814544f,-0.9995376979246747f,-0.08314657420971167f,0f,0f,0f,1f], start_interpolation: 0, interpolation_duration: 1 }
$data merge entity $(bone_leg_front_left4) { transformation: [-0.9527430356434419f,0.23344511863060963f,-0.1943812867033767f,1.8073686641094495f,0.21964257598885828f,0.9714132813649822f,0.09007427824133071f,-0.01619445811755378f,0.2098519641220885f,0.04312323474947896f,-0.9767817257600814f,0.6046641276360976f,0f,0f,0f,1f], start_interpolation: 0, interpolation_duration: 1 }
$data merge entity $(bone_leg_front_left3) { transformation: [-0.9905198023116383f,0.13488974575508875f,-0.02598610626163128f,1.4070776466977697f,0.13346016279077513f,0.9897633726893135f,0.05056531450050582f,0.053488785714469134f,0.0325408385935744f,0.04661783535089113f,-0.9983826276787994f,0.6186122469920948f,0f,0f,0f,1f], start_interpolation: 0, interpolation_duration: 1 }
$data merge entity $(bone_leg_front_left2) { transformation: [-0.973546739752951f,0.17541570653680633f,0.14641063969737053f,0.8013518047668129f,0.18114012900094925f,0.9830969040729507f,0.026621999693848784f,0.18206225546620228f,-0.13926592972410606f,0.052438603169543734f,-0.9888656095323103f,0.5323903940890526f,0f,0f,0f,1f], start_interpolation: 0, interpolation_duration: 1 }
$data merge entity $(bone_leg_front_left) { transformation: [-0.9071934853532815f,0.3207647599563839f,0.27223142526660865f,0.6029032298457826f,0.33408732222776893f,0.9425381131296093f,0.002750713499218696f,0.2551438572035267f,-0.25570616195008783f,0.09344449726013479f,-0.962227875647217f,0.476454671162471f,0f,0f,0f,1f], start_interpolation: 0, interpolation_duration: 1 }
$data merge entity $(bone_leg_back_left4) { transformation: [-0.5031916426665693f,0.5359395917717552f,-0.6779136558014182f,1.1141057941551946f,0.5788782585211193f,0.7914944527103966f,0.1960522714487786f,-0.10064359034399512f,0.6416370723096315f,-0.2937776119791874f,-0.7085171713781754f,-0.9693058441358003f,0f,0f,0f,1f], start_interpolation: 0, interpolation_duration: 1 }
$data merge entity $(bone_leg_back_left3) { transformation: [-0.7212078899150527f,0.4172809639762337f,-0.5529337904553693f,0.9563415682362769f,0.4612484568511197f,0.8848044701497503f,0.0661128630107635f,0.00025450959218731306f,0.5168259287001162f,-0.20735873916014388f,-0.8305981656114934f,-0.8562501722326499f,0f,0f,0f,1f], start_interpolation: 0, interpolation_duration: 1 }
$data merge entity $(bone_leg_back_left2) { transformation: [-0.8130397957961927f,0.31756782548787543f,-0.48797230112639334f,0.6514516448127047f,0.350305029032261f,0.9362840959602736f,0.025660831758917965f,0.13161889547928518f,0.4650297593556695f,-0.1500758736997894f,-0.8724818365140061f,-0.6818640124742739f,0f,0f,0f,1f], start_interpolation: 0, interpolation_duration: 1 }
$data merge entity $(bone_leg_back_left) { transformation: [-0.8660956698392872f,0.3274754275439669f,-0.377674641775871f,0.5702551757652715f,0.3613221364762127f,0.9322204280708055f,-0.020282681769158557f,0.16549284577393011f,0.34543393634369723f,-0.15402895131234254f,-0.9257161972114988f,-0.6494795809420523f,0f,0f,0f,1f], start_interpolation: 0, interpolation_duration: 1 }
$data merge entity $(bone_leg_front_right4) { transformation: [-0.95911248337169f,-0.20312419775126667f,0.19708831657024772f,-1.8592663506442864f,-0.1899089186812759f,0.9782029170436193f,0.08398604463041993f,0.0408299707246589f,-0.20985196412208873f,0.04312323474947892f,-0.9767817257600815f,0.6046641276360971f,0f,0f,0f,1f], start_interpolation: 0, interpolation_duration: 1 }
$data merge entity $(bone_leg_front_right3) { transformation: [-0.9941909672772462f,-0.10404585657976148f,0.027545967271406402f,-1.457001986696964f,-0.10259344232435427f,0.9934793591996671f,0.04973277024516606f,0.09803167165642263f,-0.03254083859357462f,0.04661783535089111f,-0.9983826276787995f,0.6186122469920945f,0f,0f,0f,1f], start_interpolation: 0, interpolation_duration: 1 }
$data merge entity $(bone_leg_front_right2) { transformation: [-0.9787088163670542f,-0.1447595249170499f,-0.14551196758751503f,-0.8475708440443839f,-0.15077816016744738f,0.9880763497035122f,0.03116205341601294f,0.2077067147251946f,0.13926592972410584f,0.0524386031695437f,-0.9888656095323104f,0.5323903940890524f,0f,0f,0f,1f], start_interpolation: 0, interpolation_duration: 1 }
$data merge entity $(bone_leg_front_right) { transformation: [-0.9171438482115681f,-0.29129953940388215f,-0.2720142276256195f,-0.6469456272481033f,-0.3057147697256901f,0.9520570908694956f,0.011214958612560272f,0.2745818206026893f,0.2557061619500876f,0.09344449726013472f,-0.9622278756472171f,0.47645467116247076f,0f,0f,0f,1f], start_interpolation: 0, interpolation_duration: 1 }
$data merge entity $(bone_leg_back_right4) { transformation: [-0.5209496512255876f,-0.5110673084581554f,0.6836824314791738f,-1.1689648751192236f,-0.5629505558447058f,0.8077777670406276f,0.1748763870538105f,-0.06513670176688763f,-0.6416370723096314f,-0.2937776119791875f,-0.7085171713781753f,-0.9693058441358007f,0f,0f,0f,1f], start_interpolation: 0, interpolation_duration: 1 }
$data merge entity $(bone_leg_back_right3) { transformation: [-0.7352025280021884f,-0.3895644074731298f,0.5547222865987094f,-1.008139322118745f,-0.4385979961678502f,0.8973527320535802f,0.04888631744692668f,0.030806609894829612f,-0.5168259287001162f,-0.20735873916014397f,-0.8305981656114932f,-0.8562501722326502f,0f,0f,0f,1f], start_interpolation: 0, interpolation_duration: 1 }
$data merge entity $(bone_leg_back_right2) { transformation: [-0.8235400157395693f,-0.28829863211513296f,0.4885342784249774f,-0.6993118162164065f,-0.3248525286792116f,0.9457066833081957f,0.01047395612621483f,0.15262630814953396f,-0.4650297593556696f,-0.15007587369978947f,-0.872481836514006f,-0.6818640124742741f,0f,0f,0f,1f], start_interpolation: 0, interpolation_duration: 1 }
$data merge entity $(bone_leg_back_right) { transformation: [-0.8769128292531874f,-0.2983278103796702f,0.3768612575540789f,-0.6171012384739202f,-0.3342144304384067f,0.9419530772345783f,-0.03201741362196216f,0.18395891100313458f,-0.3454339363436974f,-0.15402895131234262f,-0.9257161972114987f,-0.6494795809420525f,0f,0f,0f,1f], start_interpolation: 0, interpolation_duration: 1 }