# This file was generated by Animated Java via MC-Build. It is not recommended to edit this file directly.
$data merge entity $(bone_shell2) { transformation: [-1.197740624086964f,0.020080887251839895f,-0.004300657708648389f,0.0060475448500715324f,0.020536253055220735f,1.1711822192960468f,-0.2508282515846579f,1.1180487818656124f,-1.4668092214968537e-16f,-0.25086511804103695f,-1.1713543583510648f,-0.4759168978991336f,0f,0f,0f,1f], start_interpolation: 0, interpolation_duration: 1 }
$data merge entity $(bone_shell) { transformation: [-1.2602314392567187f,0.021538463958628178f,-0.0017284936661086704f,0.003413825452363255f,0.02160770973636269f,1.2561928017888166f,-0.10081133480429323f,0.9644417579066353f,-1.5433383982706025e-16f,-0.10082615194173128f,-1.2563774356043387f,0.5396270875281842f,0f,0f,0f,1f], start_interpolation: 0, interpolation_duration: 1 }
$data merge entity $(bone_pupil_right2) { transformation: [-0.9999619122692138f,-0.008230125930761157f,-0.0029050022480071056f,-0.3219321983280088f,-0.008547698622593636f,0.9907538098985604f,0.13540245573749637f,2.362519286744915f,0.001763762782923012f,0.1354221296489284f,-0.9907864229702559f,1.4370494903167494f,0f,0f,0f,1f], start_interpolation: 0, interpolation_duration: 1 }
$data merge entity $(bone_pupil_right) { transformation: [-0.9999619122692138f,-0.008230125930761157f,-0.0029050022480071056f,-0.32073521286050455f,-0.008547698622593636f,0.9907538098985604f,0.13540245573749637f,2.355512096572122f,0.001763762782923012f,0.1354221296489284f,-0.9907864229702559f,1.3730071634018652f,0f,0f,0f,1f], start_interpolation: 0, interpolation_duration: 1 }
$data merge entity $(bone_eyelid_right) { transformation: [-0.9999619122692138f,-0.008230125930761157f,-0.0029050022480071056f,-0.2847437849760819f,-0.008547698622593636f,0.9907538098985604f,0.13540245573749637f,2.386783007206521f,0.001763762782923012f,0.1354221296489284f,-0.9907864229702559f,1.3771751685525133f,0f,0f,0f,1f], start_interpolation: 0, interpolation_duration: 1 }
$data merge entity $(bone_eye_right) { transformation: [-0.9999619122692138f,-0.008230125930761157f,-0.0029050022480071056f,-0.32099240429584086f,-0.008547698622593636f,0.9907538098985604f,0.13540245573749637f,2.386473153131452f,0.001763762782923012f,0.1354221296489284f,-0.9907864229702559f,1.3772391049533943f,0f,0f,0f,1f], start_interpolation: 0, interpolation_duration: 1 }
$data merge entity $(bone_pupil_left2) { transformation: [-0.9999619122692138f,-0.008230125930761157f,-0.0029050022480071056f,0.37054142591842176f,-0.008547698622593636f,0.9907538098985604f,0.13540245573749637f,2.3684385680410607f,0.001763762782923012f,0.1354221296489284f,-0.9907864229702559f,1.4358280845895752f,0f,0f,0f,1f], start_interpolation: 0, interpolation_duration: 1 }
$data merge entity $(bone_pupil_left) { transformation: [-0.9999619122692138f,-0.008230125930761157f,-0.0029050022480071056f,0.3692385066052529f,-0.008547698622593636f,0.9907538098985604f,0.13540245573749637f,2.361410008621711f,0.001763762782923012f,0.1354221296489284f,-0.9907864229702559f,1.3717901670816484f,0f,0f,0f,1f], start_interpolation: 0, interpolation_duration: 1 }
$data merge entity $(bone_eyelid_left) { transformation: [-0.9999619122692138f,-0.008230125930761157f,-0.0029050022480071056f,0.33273269585015763f,-0.008547698622593636f,0.9907538098985604f,0.13540245573749637f,2.3920612111059723f,0.001763762782923012f,0.1354221296489284f,-0.9907864229702559f,1.3760860450340584f,0f,0f,0f,1f], start_interpolation: 0, interpolation_duration: 1 }
$data merge entity $(bone_eye_left) { transformation: [-0.9999619122692138f,-0.008230125930761157f,-0.0029050022480071056f,0.3689813151699166f,-0.008547698622593636f,0.9907538098985604f,0.13540245573749637f,2.3923710651810413f,0.001763762782923012f,0.1354221296489284f,-0.9907864229702559f,1.3760221086331774f,0f,0f,0f,1f], start_interpolation: 0, interpolation_duration: 1 }
$data merge entity $(bone_muzzle2) { transformation: [-0.9999619122692138f,-0.00794562018824298f,-0.003611250575811531f,0.023786849565929927f,-0.008547698622593636f,0.9751825909354846f,0.22123709269607733f,2.460995100951241f,0.001763762782923012f,0.22125953415882352f,-0.9752133652102325f,1.6057920356560405f,0f,0f,0f,1f], start_interpolation: 0, interpolation_duration: 1 }
$data merge entity $(bone_muzzle) { transformation: [-0.9999619122692138f,-0.008230125930761157f,-0.0029050022480071056f,0.02185027062208256f,-0.008547698622593636f,0.9907538098985604f,0.13540245573749637f,2.627152594606529f,0.001763762782923012f,0.1354221296489284f,-0.9907864229702559f,1.3130990446839514f,0f,0f,0f,1f], start_interpolation: 0, interpolation_duration: 1 }
$data merge entity $(bone_tongue) { transformation: [-0.9999619122692138f,-0.008451995445460332f,-0.0021766450990070305f,0.026272373043139393f,-0.008547698622593636f,0.9987847941348015f,0.04853732433251495f,2.098064964107807f,0.001763762782923012f,0.048554080962287416f,-0.9988189977982765f,1.2560915954915401f,0f,0f,0f,1f], start_interpolation: 0, interpolation_duration: 1 }
$data merge entity $(bone_jaw) { transformation: [-0.9999619122692138f,-0.008451995445460332f,-0.0021766450990070305f,0.026076268344812727f,-0.008547698622593636f,0.9987847941348015f,0.04853732433251495f,2.1277601975391285f,0.001763762782923012f,0.048554080962287416f,-0.9988189977982765f,1.2888220042028078f,0f,0f,0f,1f], start_interpolation: 0, interpolation_duration: 1 }
$data merge entity $(bone_ear_left) { transformation: [-0.9200306891593908f,-0.08070520654631869f,-0.38344517292725483f,0.3725793928502368f,-0.09314590180836099f,0.9955546812499134f,0.013954125472080688f,2.4869768918166986f,0.3806144663320136f,0.048554570101067146f,-0.9234582187306025f,1.0395838562694037f,0f,0f,0f,1f], start_interpolation: 0, interpolation_duration: 1 }
$data merge entity $(bone_ear_right) { transformation: [-0.9228254059705592f,0.06384542770670942f,0.37989081517749296f,-0.3273939457382129f,0.07739312331479403f,0.9967903035692633f,0.020479139969175334f,2.480993502780883f,-0.37736398153355066f,0.048299607361171545f,-0.9248046136184135f,1.04081849021745f,0f,0f,0f,1f], start_interpolation: 0, interpolation_duration: 1 }
$data merge entity $(bone_head_angle) { transformation: [-0.9999619122692138f,-0.008451995445460332f,-0.0021766450990070305f,0.02501181313442494f,-0.008547698622593636f,0.9987847941348015f,0.04853732433251495f,2.2274634375308304f,0.001763762782923012f,0.048554080962287416f,-0.9988189977982765f,1.1685215745682376f,0f,0f,0f,1f], start_interpolation: 0, interpolation_duration: 1 }
$data merge entity $(bone_neck3) { transformation: [-0.9996991950004956f,0.024450047987498516f,-0.0019273475996989236f,0.007257652305938608f,0.024408669916611156f,0.9995182942955885f,0.019167582042070183f,1.5108566243223205f,0.002395067486098695f,0.019114772346187955f,-0.9998144273463405f,1.0610502293806956f,0f,0f,0f,1f], start_interpolation: 0, interpolation_duration: 1 }
$data merge entity $(bone_neck2) { transformation: [-0.999913877948456f,0.013123336278218184f,0.00012137136840984115f,0.001510503401323941f,0.013066560474927436f,0.9946392416159302f,0.10257701514005135f,1.070893658530661f,0.0012254319382697188f,0.10256976690339153f,-0.9947250581110083f,1.0628036934594154f,0f,0f,0f,1f], start_interpolation: 0, interpolation_duration: 1 }
$data merge entity $(bone_chest2) { transformation: [-0.999913877948456f,0.012415447686297069f,0.004253627255541783f,-0.010748734767410641f,0.013066560474927436f,0.9115403899003655f,0.4110028985027292f,0.13843549129663332f,0.0012254319382697188f,0.411023082367692f,-0.9116241133699383f,1.002285158587196f,0f,0f,0f,1f], start_interpolation: 0, interpolation_duration: 1 }
$data merge entity $(bone_chest) { transformation: [-0.9998530427160742f,0.016417786627449627f,-0.004934496292819531f,-0.013729038745928207f,0.017143306898271222f,0.9575383566034231f,-0.2877957655383542f,-0.03538546511640073f,-1.224466828379982e-16f,-0.2878380654386615f,-0.9576790945220267f,0.5324405508711406f,0f,0f,0f,1f], start_interpolation: 0, interpolation_duration: 1 }
$data merge entity $(bone_tail2) { transformation: [-0.9998530427160742f,0.016523266627484275f,0.004568876378868001f,-0.007783247833283319f,0.017143306898271222f,0.9636902909767752f,0.26647163095851256f,0.31139226981179274f,-1.224466828379982e-16f,0.2665107966613269f,-0.9638319330998246f,-1.1664442629615535f,0f,0f,0f,1f], start_interpolation: 0, interpolation_duration: 1 }
$data merge entity $(bone_tail) { transformation: [-0.9998530427160742f,0.017107032731951643f,0.00111463111218403f,-0.003924476317364419f,0.017143306898271222f,0.997737416146368f,0.06500888747056544f,0.5364482910469227f,-1.224466828379982e-16f,0.06501844240426626f,-0.9978840624778628f,-0.7759831289312884f,0f,0f,0f,1f], start_interpolation: 0, interpolation_duration: 1 }
$data merge entity $(bone_torso) { transformation: [-0.9998530427160742f,0.01714286419829146f,0.00012320100344749763f,-0.0034734625010379655f,0.017143306898271222f,0.9998272230230361f,0.007185480543135685f,0.5627528738929868f,-1.224466828379982e-16f,0.00718653665704364f,-0.9999741765120123f,-0.08827630330874735f,0f,0f,0f,1f], start_interpolation: 0, interpolation_duration: 1 }
$data merge entity $(bone_leg_front_left4) { transformation: [-0.971362573386246f,0.13085877208418437f,-0.19831977408485868f,1.8153912169121995f,0.12392253804845543f,0.9911759595923803f,0.04704701573695345f,-0.03422308659425969f,0.2027263070942669f,0.021123420526598317f,-0.9790075819508129f,0.6077976538450915f,0f,0f,0f,1f], start_interpolation: 0, interpolation_duration: 1 }
$data merge entity $(bone_leg_front_left3) { transformation: [-0.9938678050690462f,0.10731984300464487f,-0.026631510372016914f,1.413309293649847f,0.10666761140968593f,0.9939850696503467f,0.024813342949863995f,0.02464164725421189f,0.029134287761822947f,0.021820463094391486f,-0.9993373107549611f,0.6199744029841819f,0f,0f,0f,1f], start_interpolation: 0, interpolation_duration: 1 }
$data merge entity $(bone_leg_front_left2) { transformation: [-0.9682558626761401f,0.2026336203418781f,0.14635641530328455f,0.8113155297951014f,0.20569206781130506f,0.9785988968744697f,0.005913736177800645f,0.16848979739994113f,-0.14202590479484156f,0.03583036342565818f,-0.9892142474833205f,0.5317680619159318f,0f,0f,0f,1f], start_interpolation: 0, interpolation_duration: 1 }
$data merge entity $(bone_leg_front_left) { transformation: [-0.8917346800005527f,0.3620829091270362f,0.2714870667313905f,0.6162485685449804f,0.37063862229725625f,0.9285400578105588f,-0.02098505903627744f,0.24956699602746593f,-0.25968494786164237f,0.08191048748033827f,-0.9622132819156206f,0.47496197957119757f,0f,0f,0f,1f], start_interpolation: 0, interpolation_duration: 1 }
$data merge entity $(bone_leg_back_left4) { transformation: [-0.5827624773610971f,0.4076504023941811f,-0.7030000315845079f,1.1515717544217328f,0.4675306774325257f,0.875758099258449f,0.12026145368617416f,-0.0535711876545638f,0.6646826014267563f,-0.2585902183205902f,-0.7009480282798927f,-0.9743700133277284f,0f,0f,0f,1f], start_interpolation: 0, interpolation_duration: 1 }
$data merge entity $(bone_leg_back_left3) { transformation: [-0.7766813156861527f,0.2879903917632295f,-0.5602032382234937f,0.9816727166153868f,0.33731452911591914f,0.9412522854615921f,0.016218617716535048f,0.02021636558954351f,0.5319633843708912f,-0.17636799416388166f,-0.8281964068524303f,-0.858003022996596f,0f,0f,0f,1f], start_interpolation: 0, interpolation_duration: 1 }
$data merge entity $(bone_leg_back_left2) { transformation: [-0.8421570952592866f,0.22427574415988955f,-0.4903792588252165f,0.6658638058931543f,0.2645121457464357f,0.9642914363712503f,-0.01324199734508543f,0.11940842024445691f,0.4698986610505048f,-0.14086311200097312f,-0.8714085333644284f,-0.6817910251026568f,0f,0f,0f,1f], start_interpolation: 0, interpolation_duration: 1 }
$data merge entity $(bone_leg_back_left) { transformation: [-0.88078776369455f,0.28747347456780736f,-0.3762604373912648f,0.5832899530467902f,0.32826116059304944f,0.9433841537840505f,-0.04765447340234815f,0.1501829040500553f,0.34125873728310285f,-0.16548516492140064f,-0.9252875955176741f,-0.6497980184823658f,0f,0f,0f,1f], start_interpolation: 0, interpolation_duration: 1 }
$data merge entity $(bone_leg_front_right4) { transformation: [-0.9750398799185039f,-0.0968027820127295f,0.1998160503140463f,-1.8417343150634238f,-0.09054985908564639f,0.9950794051229541f,0.04022064792761448f,0.028481353640128736f,-0.20272630709426706f,0.021123420526598286f,-0.9790075819508127f,0.6077976538450911f,0f,0f,0f,1f], start_interpolation: 0, interpolation_duration: 1 }
$data merge entity $(bone_leg_front_right3) { transformation: [-0.9969403572785704f,-0.07318138806731439f,0.027466497225119485f,-1.4378707541075564f,-0.0725335598594722f,0.9970799124598225f,0.023885787892069306f,0.07352748596522404f,-0.02913428776182314f,0.021820463094391458f,-0.999337310754961f,0.6199744029841816f,0f,0f,0f,1f], start_interpolation: 0, interpolation_duration: 1 }
$data merge entity $(bone_leg_front_right2) { transformation: [-0.9747381835671021f,-0.16896660354403456f,-0.14606765686865628f,-0.8312994925584931f,-0.17237782880496294f,0.9849702898786228f,0.010927588613622424f,0.19665378974767936f,0.14202590479484134f,0.03583036342565813f,-0.9892142474833204f,0.5317680619159316f,0f,0f,0f,1f], start_interpolation: 0, interpolation_duration: 1 }
$data merge entity $(bone_leg_front_right) { transformation: [-0.903916606666883f,-0.3300382661308878f,-0.2720468913278457f,-0.6335677348501124f,-0.339850696697717f,0.9404070474693661f,-0.01166572003888883f,0.27099612965030495f,0.25968494786164215f,0.08191048748033819f,-0.9622132819156206f,0.4749619795711974f,0f,0f,0f,1f], start_interpolation: 0, interpolation_duration: 1 }
$data merge entity $(bone_leg_back_right4) { transformation: [-0.5984476258123734f,-0.37738842414359564f,0.7067095701077968f,-1.178968319701677f,-0.44727785382253465f,0.8892182388544012f,0.0960908172958486f,-0.01361215165374742f,-0.6646826014267564f,-0.2585902183205903f,-0.7009480282798924f,-0.9743700133277288f,0f,0f,0f,1f], start_interpolation: 0, interpolation_duration: 1 }
$data merge entity $(bone_leg_back_right3) { transformation: [-0.7877884666987021f,-0.25555350411998073f,0.5604299583966823f,-1.0066395926113358f,-0.31049040150248614f,0.9505717948511874f,-0.0029955647575845984f,0.054307623674921424f,-0.5319633843708913f,-0.17636799416388177f,-0.8281964068524301f,-0.8580030229965963f,0f,0f,0f,1f], start_interpolation: 0, interpolation_duration: 1 }
$data merge entity $(bone_leg_back_right2) { transformation: [-0.8507299801539638f,-0.19108648870803796f,0.48963706426338827f,-0.6876158500535995f,-0.23548619749399097f,0.9714131651931809f,-0.030045187288264046f,0.14261494773516803f,-0.46989866105050504f,-0.1408631120009732f,-0.8714085333644281f,-0.6817910251026569f,0f,0f,0f,1f], start_interpolation: 0, interpolation_duration: 1 }
$data merge entity $(bone_leg_back_right) { transformation: [-0.8915233586672171f,-0.25496380695715837f,0.3744056063851575f,-0.6040355351785479f,-0.2978734214035662f,0.9526846893557436f,-0.06052526322523281f,0.17054058099175237f,-0.3412587372831031f,-0.16548516492140072f,-0.925287595517674f,-0.649798018482366f,0f,0f,0f,1f], start_interpolation: 0, interpolation_duration: 1 }