# This file was generated by Animated Java via MC-Build. It is not recommended to edit this file directly.
$data merge entity $(bone_shell2) { transformation: [-1.1977358339478006f,0.020316322512761612f,-0.0045232062413784364f,0.010869053058164161f,0.02081375398972009f,1.1691109397945858f,-0.2602897200721803f,1.116085908927752f,-1.4668845292590384e-16f,-0.26032901830175603f,-1.1692874507612838f,-0.4814196514856901f,0f,0f,0f,1f], start_interpolation: 0, interpolation_duration: 1 }
$data merge entity $(bone_shell) { transformation: [-1.260226399197251f,0.021814627511278634f,-0.0019283163605273133f,0.008342517947476993f,0.021899688980488097f,1.255331502783526f,-0.11096573954569998f,0.9706954311075691f,-1.543417635133423e-16f,-0.1109824930198921f,-1.255521031227355f,0.535333448438059f,0f,0f,0f,1f], start_interpolation: 0, interpolation_duration: 1 }
$data merge entity $(bone_pupil_right2) { transformation: [-0.9999575490049877f,-0.008678981473925932f,-0.0030944253930676392f,-0.3189473542253111f,-0.009025957045743351f,0.9901704245509588f,0.13957457663909353f,2.372211491506986f,0.0018526433403133027f,0.13959658171011585f,-0.9902067269451892f,1.4278165269316618f,0f,0f,0f,1f], start_interpolation: 0, interpolation_duration: 1 }
$data merge entity $(bone_pupil_right) { transformation: [-0.9999575490049877f,-0.008678981473925932f,-0.0030944253930676392f,-0.31775519979059147f,-0.009025957045743351f,0.9901704245509588f,0.13957457663909353f,2.3654747721096276f,0.0018526433403133027f,0.13959658171011585f,-0.9902067269451892f,1.3637450941041915f,0f,0f,0f,1f], start_interpolation: 0, interpolation_duration: 1 }
$data merge entity $(bone_eyelid_right) { transformation: [-0.9999575490049877f,-0.008678981473925932f,-0.0030944253930676392f,-0.2817779568102209f,-0.009025957045743351f,0.9901704245509588f,0.13957457663909353f,2.396744788819753f,0.0018526433403133027f,0.13959658171011585f,-0.9902067269451892f,1.3680403289615464f,0f,0f,0f,1f], start_interpolation: 0, interpolation_duration: 1 }
$data merge entity $(bone_eye_right) { transformation: [-0.9999575490049877f,-0.008678981473925932f,-0.0030944253930676392f,-0.31802641796165165f,-0.009025957045743351f,0.9901704245509588f,0.13957457663909353f,2.396417597876845f,0.0018526433403133027f,0.13959658171011585f,-0.9902067269451892f,1.3681074872826327f,0f,0f,0f,1f], start_interpolation: 0, interpolation_duration: 1 }
$data merge entity $(bone_pupil_left2) { transformation: [-0.9999575490049877f,-0.008678981473925932f,-0.0030944253930676392f,0.3735232484606429f,-0.009025957045743351f,0.9901704245509588f,0.13957457663909353f,2.3784619667611633f,0.0018526433403133027f,0.13959658171011585f,-0.9902067269451892f,1.4265335714184946f,0f,0f,0f,1f], start_interpolation: 0, interpolation_duration: 1 }
$data merge entity $(bone_pupil_left) { transformation: [-0.9999575490049877f,-0.008678981473925932f,-0.0030944253930676392f,0.37221550902285f,-0.009025957045743351f,0.9901704245509588f,0.13957457663909353f,2.3717026824711906f,0.0018526433403133027f,0.13959658171011585f,-0.9902067269451892f,1.3624667701993751f,0f,0f,0f,1f], start_interpolation: 0, interpolation_duration: 1 }
$data merge entity $(bone_eyelid_left) { transformation: [-0.9999575490049877f,-0.008678981473925932f,-0.0030944253930676392f,0.33569582970035905f,-0.009025957045743351f,0.9901704245509588f,0.13957457663909353f,2.4023183172955f,0.0018526433403133027f,0.13959658171011585f,-0.9902067269451892f,1.3668963216989025f,0f,0f,0f,1f], start_interpolation: 0, interpolation_duration: 1 }
$data merge entity $(bone_eye_left) { transformation: [-0.9999575490049877f,-0.008678981473925932f,-0.0030944253930676392f,0.3719442908517898f,-0.009025957045743351f,0.9901704245509588f,0.13957457663909353f,2.402645508238408f,0.0018526433403133027f,0.13959658171011585f,-0.9902067269451892f,1.3668291633778162f,0f,0f,0f,1f], start_interpolation: 0, interpolation_duration: 1 }
$data merge entity $(bone_muzzle2) { transformation: [-0.9999575490049877f,-0.008376258385651474f,-0.0038390732468676276f,0.02674674403121903f,-0.009025957045743351f,0.9742378012492479f,0.22534249203476786f,2.4701382258032596f,0.0018526433403133027f,0.22536757733198406f,-0.9742720476335989f,1.5969293230428507f,0f,0f,0f,1f], start_interpolation: 0, interpolation_duration: 1 }
$data merge entity $(bone_muzzle) { transformation: [-0.9999575490049877f,-0.008678981473925932f,-0.0030944253930676392f,0.024694863411644653f,-0.009025957045743351f,0.9901704245509588f,0.13957457663909353f,2.6375265840718463f,0.0018526433403133027f,0.13959658171011585f,-0.9902067269451892f,1.3049392935862436f,0f,0f,0f,1f], start_interpolation: 0, interpolation_duration: 1 }
$data merge entity $(bone_tongue) { transformation: [-0.9999575490049877f,-0.00891565227267152f,-0.002326227093561268f,0.029358609084827608f,-0.009025957045743351f,0.998567253040588f,0.05274441443776212f,2.108685993845214f,0.0018526433403133027f,0.05276317181071303f,-0.9986053351615576f,1.2457024418380034f,0f,0f,0f,1f], start_interpolation: 0, interpolation_duration: 1 }
$data merge entity $(bone_jaw) { transformation: [-0.9999575490049877f,-0.00891565227267152f,-0.002326227093561268f,0.029152689547980414f,-0.009025957045743351f,0.998567253040588f,0.05274441443776212f,2.1382429575515522f,0.0018526433403133027f,0.05276317181071303f,-0.9986053351615576f,1.278557707680887f,0f,0f,0f,1f], start_interpolation: 0, interpolation_duration: 1 }
$data merge entity $(bone_ear_left) { transformation: [-0.9206290134949674f,-0.07139765399574613f,-0.38385491336595806f,0.375455172159268f,-0.08616867202128717f,0.996050746398715f,0.021397910193527048f,2.498669770835295f,0.38081121237874715f,0.05277580508591157f,-0.9231454570782237f,1.0307920806694213f,0f,0f,0f,1f], start_interpolation: 0, interpolation_duration: 1 }
$data merge entity $(bone_ear_right) { transformation: [-0.9234390885882965f,0.05360121262420029f,0.37998310445654276f,-0.3245151121442233f,0.06952348593774677f,0.9971790286962995f,0.02829257201755339f,2.492351600903275f,-0.3773946668545814f,0.052544216936974066f,-0.9245606365707982f,1.0320889310076404f,0f,0f,0f,1f], start_interpolation: 0, interpolation_duration: 1 }
$data merge entity $(bone_head_angle) { transformation: [-0.9999575490049877f,-0.00891565227267152f,-0.002326227093561268f,0.0280260687607223f,-0.009025957045743351f,0.998567253040588f,0.05274441443776212f,2.2384516893288278f,0.0018526433403133027f,0.05276317181071303f,-0.9986053351615576f,1.1586785881429467f,0f,0f,0f,1f], start_interpolation: 0, interpolation_duration: 1 }
$data merge entity $(bone_neck3) { transformation: [-0.9997392424134619f,0.02274583946983663f,-0.0020184066414066708f,0.011488271019145346f,0.022704928262522833f,0.9995730409006528f,0.018390816654390962f,1.5217327052428329f,0.0024358594276649133f,0.018340193331427973f,-0.9998288373003723f,1.051762620689073f,0f,0f,0f,1f], start_interpolation: 0, interpolation_duration: 1 }
$data merge entity $(bone_neck2) { transformation: [-0.9999190008935375f,0.0127251128287171f,-0.00025130771276514474f,0.005932814205617482f,0.012642622580041285f,0.9953275198509393f,0.09572508721164302f,1.0817898018450012f,0.0014682460177728848f,0.0957141563765489f,-0.9954077780099755f,1.0565474168685502f,0f,0f,0f,1f], start_interpolation: 0, interpolation_duration: 1 }
$data merge entity $(bone_chest2) { transformation: [-0.9999190008935375f,0.012163401512388839f,0.0037474412228202672f,-0.005939791268960651f,0.012642622580041285f,0.9152488491863594f,0.4026905861295288f,0.14881421023318508f,0.0014682460177728848f,0.40270534603689234f,-0.9153284921419949f,1.0045224005703615f,0f,0f,0f,1f], start_interpolation: 0, interpolation_duration: 1 }
$data merge entity $(bone_chest) { transformation: [-0.9998490439912074f,0.01659476262548617f,-0.005148114535671278f,-0.009032434868842733f,0.017374959852288076f,0.954952281179995f,-0.29625031888464703f,-0.029153207996013286f,-1.2245296939901537e-16f,-0.2962950464022769f,-0.9550964587294167f,0.5362333914057243f,0f,0f,0f,1f], start_interpolation: 0, interpolation_duration: 1 }
$data merge entity $(bone_tail2) { transformation: [-0.9998490439912074f,0.016791706508837156f,0.00446405895903027f,-0.0032788366028772727f,0.017374959852288076f,0.9662854960571813f,0.25688606595075997f,0.3019399153631903f,-1.2245296939901537e-16f,0.256924850300721f,-0.9664313846817848f,-1.1642568054142495f,0f,0f,0f,1f], start_interpolation: 0, interpolation_duration: 1 }
$data merge entity $(bone_tail) { transformation: [-0.9998490439912074f,0.0173514849720112f,0.0009028837880325452f,0.0007204532196133235f,0.017374959852288076f,0.9984981725761263f,0.05195681025878726f,0.5320806546601766f,-1.2245296939901537e-16f,0.051964654635649345f,-0.9986489246319737f,-0.776772295018347f,0f,0f,0f,1f], start_interpolation: 0, interpolation_duration: 1 }
$data merge entity $(bone_torso) { transformation: [-0.9998490439912074f,0.017374952816319726f,-0.000015636472932411248f,0.0012741705702643477f,0.017374959852288076f,0.9998486391035823f,-0.00089980711586677f,0.563944542024322f,-1.2245296939901537e-16f,-0.0008999429676653081f,-0.9999995950512455f,-0.08930069663835541f,0f,0f,0f,1f], start_interpolation: 0, interpolation_duration: 1 }
$data merge entity $(bone_leg_front_left4) { transformation: [-0.9744115337207538f,0.10484326808220994f,-0.19882165900577864f,1.8160943963062022f,0.09965385741151712f,0.9943722051212621f,0.035958676078008955f,-0.04752569207530524f,0.20147275660737185f,0.015225203450857334f,-0.9793757815695192f,0.6094039075745704f,0f,0f,0f,1f], start_interpolation: 0, interpolation_duration: 1 }
$data merge entity $(bone_leg_front_left3) { transformation: [-0.9938172901843432f,0.10779531192755916f,-0.02659632412739274f,1.414040423917681f,0.10733680610809644f,0.9940578062970492f,0.018107672252687765f,0.011612038629500332f,0.028390205796401835f,0.015140953283662325f,-0.9994822398364565f,0.6211740060744159f,0f,0f,0f,1f], start_interpolation: 0, interpolation_duration: 1 }
$data merge entity $(bone_leg_front_left2) { transformation: [-0.9647082479094085f,0.21888403339600362f,0.14638229517211607f,0.814517831996113f,0.22115108169783848f,0.9752392265495797f,-0.000806264753808638f,0.16506957760548657f,-0.1429342348055054f,0.03159479266072789f,-0.9892277662890838f,0.5323337779562989f,0f,0f,0f,1f], start_interpolation: 0, interpolation_duration: 1 }
$data merge entity $(bone_leg_front_left) { transformation: [-0.8851047278391839f,0.37831428460616373f,0.27104966854739143f,0.6209011727812915f,0.38515914781497884f,0.9223732413411585f,-0.02966537564643479f,0.2493231411900132f,-0.2612317967077582f,0.07814029511546093f,-0.9621081242085555f,0.4751893224264768f,0f,0f,0f,1f], start_interpolation: 0, interpolation_duration: 1 }
$data merge entity $(bone_leg_back_left4) { transformation: [-0.6051134675786697f,0.3610626413763621f,-0.7095572283877061f,1.1618082590821164f,0.4249524295798197f,0.9001485824480333f,0.09564497953894109f,-0.03790450815321342f,0.6732407622456673f,-0.24365200290397915f,-0.6981264767445455f,-0.9753027586952204f,0f,0f,0f,1f], start_interpolation: 0, interpolation_duration: 1 }
$data merge entity $(bone_leg_back_left3) { transformation: [-0.7899431777569639f,0.24577877272919552f,-0.56176736358653f,0.9890081889477806f,0.29617814550177723f,0.9551316885981752f,0.0014012718246209019f,0.026884461175300356f,0.5369062134510629f,-0.16527629083243875f,-0.8272940623782532f,-0.8578545245028004f,0f,0f,0f,1f], start_interpolation: 0, interpolation_duration: 1 }
$data merge entity $(bone_leg_back_left2) { transformation: [-0.8486497487989896f,0.19729936620328697f,-0.49078158478002554f,0.6707645331481595f,0.2397549510890501f,0.9705263211293002f,-0.024417686694558682f,0.11679256783369414f,0.47149885184557916f,-0.13838937853393116f,-0.8709404185231576f,-0.6810424550607083f,0f,0f,0f,1f], start_interpolation: 0, interpolation_duration: 1 }
$data merge entity $(bone_leg_back_left) { transformation: [-0.8842633418331083f,0.27720712136874165f,-0.375811860047816f,0.5878648448513056f,0.3200759394271609f,0.9457646641252617f,-0.05550309083151428f,0.14679968715499048f,0.34004372555594076f,-0.16936768273341482f,-0.9250323522750701f,-0.6491633557898389f,0f,0f,0f,1f], start_interpolation: 0, interpolation_duration: 1 }
$data merge entity $(bone_leg_front_right4) { transformation: [-0.9772856458139199f,-0.07023082787827653f,0.19995098724837815f,-1.8336956397467556f,-0.06573807748250501f,0.9974145697729765f,0.029028971278573623f,0.015898837584253048f,-0.20147275660737204f,0.01522520345085731f,-0.9793757815695192f,0.60940390757457f,0f,0f,0f,1f], start_interpolation: 0, interpolation_duration: 1 }
$data merge entity $(bone_leg_front_right3) { transformation: [-0.9969466270475476f,-0.07319201302779155f,0.02720941100901164f,-1.4298296977122487f,-0.07274214069819268f,0.9972029285770281f,0.01717265861894355f,0.06103162800190989f,-0.02839020579640203f,0.0151409532836623f,-0.9994822398364565f,0.6211740060744155f,0f,0f,0f,1f], start_interpolation: 0, interpolation_duration: 1 }
$data merge entity $(bone_leg_front_right2) { transformation: [-0.9718096000867094f,-0.18486750693747572f,-0.14632192610142908f,-0.8253372524539535f,-0.18749908186408373f,0.982255452494639f,0.0042802271759349204f,0.19356629561219096f,0.14293423480550524f,0.03159479266072785f,-0.9892277662890839f,0.5323337779562987f,0f,0f,0f,1f], start_interpolation: 0, interpolation_duration: 1 }
$data merge entity $(bone_leg_front_right) { transformation: [-0.8979525496970773f,-0.3460383090176364f,-0.2719167284017896f,-0.6289101322077179f,-0.35417392179740503f,0.9349607387326397f,-0.020229931961381373f,0.2710418410053733f,0.261231796707758f,0.07814029511546085f,-0.9621081242085556f,0.47518932242647666f,0f,0f,0f,1f], start_interpolation: 0, interpolation_duration: 1 }
$data merge entity $(bone_leg_back_right4) { transformation: [-0.6195129467305491f,-0.32956927048631224f,0.7124519666506313f,-1.179470261500008f,-0.4036713822951845f,0.9121500958899252f,0.07093389657910895f,0.002781253905180449f,-0.6732407622456673f,-0.24365200290397918f,-0.6981264767445452f,-0.9753027586952209f,0f,0f,0f,1f], start_interpolation: 0, interpolation_duration: 1 }
$data merge entity $(bone_leg_back_right3) { transformation: [-0.7997568401918367f,-0.21244463765734933f,0.5614768672857386f,-1.0045234527080438f,-0.2685530013312289f,0.9630945039918508f,-0.018117998142187713f,0.06152722294638677f,-0.536906213451063f,-0.16527629083243878f,-0.8272940623782529f,-0.8578545245028009f,0f,0f,0f,1f], start_interpolation: 0, interpolation_duration: 1 }
$data merge entity $(bone_leg_back_right2) { transformation: [-0.8564675599751734f,-0.1634596204642692f,0.4896368768667758f,-0.6833481177173538f,-0.2101241333556752f,0.976795440400225f,-0.04145498998741959f,0.14032377295476497f,-0.4714988518455793f,-0.13838937853393118f,-0.8709404185231574f,-0.6810424550607086f,0f,0f,0f,1f], start_interpolation: 0, interpolation_duration: 1 }
$data merge entity $(bone_leg_back_right) { transformation: [-0.8948503768437397f,-0.24417946474858004f,0.373656516145128f,-0.5994558948882532f,-0.28915924293138767f,0.9548251028542403f,-0.06852703982178451f,0.16743245197958256f,-0.3400437255559409f,-0.16936768273341488f,-0.92503235227507f,-0.6491633557898391f,0f,0f,0f,1f], start_interpolation: 0, interpolation_duration: 1 }