# This file was generated by Animated Java via MC-Build. It is not recommended to edit this file directly.
$data merge entity $(bone_shell2) { transformation: [-1.1977343981617583f,0.020372033680236615f,-0.004651019415122867f,0.01403140457207323f,0.020896213481598647f,1.167689329017255f,-0.2665882957654791f,1.1152268417451858f,-1.4669639449190357e-16f,-0.26662886456785284f,-1.1678670253316665f,-0.48486872166711814f,0f,0f,0f,1f], start_interpolation: 0, interpolation_duration: 1 }
$data merge entity $(bone_shell) { transformation: [-1.2602248885006326f,0.021890297247186778f,-0.0020539963751376425f,0.011590511712168364f,0.021986450706725533f,1.254713540423468f,-0.11773147868959706f,0.9753191334367006f,-1.5435011942191594e-16f,-0.11774939479907369f,-1.2549044798850482f,0.5326535217373758f,0f,0f,0f,1f], start_interpolation: 0, interpolation_duration: 1 }
$data merge entity $(bone_pupil_right2) { transformation: [-0.9999548984069011f,-0.008930222981977336f,-0.0032329969898267173f,-0.31707929717926003f,-0.009299408291022961f,0.9897814922634494f,0.14228885612786593f,2.379210322123934f,0.001929289372001589f,0.1423125036327865f,-0.9898198973309676f,1.4211210723860241f,0f,0f,0f,1f], start_interpolation: 0, interpolation_duration: 1 }
$data merge entity $(bone_pupil_right) { transformation: [-0.9999548984069011f,-0.008930222981977336f,-0.0032329969898267173f,-0.31589188113402217f,-0.009299408291022961f,0.9897814922634494f,0.14228885612786593f,2.3726496640756727f,0.001929289372001589f,0.1423125036327865f,-0.9898198973309676f,1.3570312843218615f,0f,0f,0f,1f], start_interpolation: 0, interpolation_duration: 1 }
$data merge entity $(bone_eyelid_right) { transformation: [-0.9999548984069011f,-0.008930222981977336f,-0.0032329969898267173f,-0.27992258553495886f,-0.009299408291022961f,0.9897814922634494f,0.14228885612786593f,2.403917439259455f,0.001929289372001589f,0.1423125036327865f,-0.9898198973309676f,1.361408613320651f,0f,0f,0f,1f], start_interpolation: 0, interpolation_duration: 1 }
$data merge entity $(bone_eye_right) { transformation: [-0.9999548984069011f,-0.008930222981977336f,-0.0032329969898267173f,-0.31617095060220896f,-0.009299408291022961f,0.9897814922634494f,0.14228885612786593f,2.4035803357089054f,0.001929289372001589f,0.1423125036327865f,-0.9898198973309676f,1.361478550060386f,0f,0f,0f,1f], start_interpolation: 0, interpolation_duration: 1 }
$data merge entity $(bone_pupil_left2) { transformation: [-0.9999548984069011f,-0.008930222981977336f,-0.0032329969898267173f,0.375389469967519f,-0.009299408291022961f,0.9897814922634494f,0.14228885612786593f,2.3856501623654673f,0.001929289372001589f,0.1423125036327865f,-0.9898198973309676f,1.4197850394959128f,0f,0f,0f,1f], start_interpolation: 0, interpolation_duration: 1 }
$data merge entity $(bone_pupil_left) { transformation: [-0.9999548984069011f,-0.008930222981977336f,-0.0032329969898267173f,0.37407699876673955f,-0.009299408291022961f,0.9897814922634494f,0.14228885612786593f,2.3790662557964786f,0.001929289372001589f,0.1423125036327865f,-0.9898198973309676f,1.3557000746551802f,0f,0f,0f,1f], start_interpolation: 0, interpolation_duration: 1 }
$data merge entity $(bone_eyelid_left) { transformation: [-0.9999548984069011f,-0.008930222981977336f,-0.0032329969898267173f,0.33754956423130267f,-0.009299408291022961f,0.9897814922634494f,0.14228885612786593f,2.4096598238791618f,0.001929289372001589f,0.1423125036327865f,-0.9898198973309676f,1.3602172771334398f,0f,0f,0f,1f], start_interpolation: 0, interpolation_duration: 1 }
$data merge entity $(bone_eye_left) { transformation: [-0.9999548984069011f,-0.008930222981977336f,-0.0032329969898267173f,0.37379792929855277f,-0.009299408291022961f,0.9897814922634494f,0.14228885612786593f,2.4099969274297113f,0.001929289372001589f,0.1423125036327865f,-0.9898198973309676f,1.3601473403937048f,0f,0f,0f,1f], start_interpolation: 0, interpolation_duration: 1 }
$data merge entity $(bone_muzzle2) { transformation: [-0.9999548984069011f,-0.00861446653347359f,-0.003999014677108391f,0.028605803436669672f,-0.009299408291022961f,0.9736137839216454f,0.22801254518822564f,2.476765682953133f,0.001929289372001589f,0.22803944992943542f,-0.9736499818304316f,1.5904667409267705f,0f,0f,0f,1f], start_interpolation: 0, interpolation_duration: 1 }
$data merge entity $(bone_muzzle) { transformation: [-0.9999548984069011f,-0.008930222981977336f,-0.0032329969898267173f,0.026479214004601657f,-0.009299408291022961f,0.9897814922634494f,0.14228885612786593f,2.6449536370260223f,0.001929289372001589f,0.1423125036327865f,-0.9898198973309676f,1.2989370859649414f,0f,0f,0f,1f], start_interpolation: 0, interpolation_duration: 1 }
$data merge entity $(bone_tongue) { transformation: [-0.9999548984069011f,-0.00917801504137217f,-0.0024423742433155073f,0.03127871030022701f,-0.009299408291022961f,0.9984163658027231f,0.0554822629560128f,2.116278763410701f,0.001929289372001589f,0.055502473252852944f,-0.9984566857432201f,1.2382496256198876f,0f,0f,0f,1f], start_interpolation: 0, interpolation_duration: 1 }
$data merge entity $(bone_jaw) { transformation: [-0.9999548984069011f,-0.00917801504137217f,-0.0024423742433155073f,0.03106822152528774f,-0.009299408291022961f,0.9984163658027231f,0.0554822629560128f,2.145745454124661f,0.001929289372001589f,0.055502473252852944f,-0.9984566857432201f,1.2711858493385149f,0f,0f,0f,1f], start_interpolation: 0, interpolation_duration: 1 }
$data merge entity $(bone_ear_left) { transformation: [-0.9209484350081046f,-0.06565995932188769f,-0.3841129388577935f,0.37724873763885075f,-0.08192569998031884f,0.9962961338198045f,0.02611883263940261f,2.5069433488688957f,0.38097527444554424f,0.055522819430918705f,-0.9229166033740989f,1.0243745160884399f,0f,0f,0f,1f], start_interpolation: 0, interpolation_duration: 1 }
$data merge entity $(bone_ear_right) { transformation: [-0.9237759029291076f,0.04733325029727939f,0.3799969007555284f,-0.32271969124597993f,0.06477008143172655f,0.9973469512037044f,0.03322492251312897f,2.5004337630651796f,-0.3774161068619612f,0.055304813000054756f,-0.9243908588579777f,1.025725018648841f,0f,0f,0f,1f], start_interpolation: 0, interpolation_duration: 1 }
$data merge entity $(bone_head_angle) { transformation: [-0.9999548984069011f,-0.00917801504137217f,-0.0024423742433155073f,0.029902485834744662f,-0.009299408291022961f,0.9984163658027231f,0.0554822629560128f,2.246282271288168f,0.001929289372001589f,0.055502473252852944f,-0.9984566857432201f,1.1515821204880674f,0f,0f,0f,1f], start_interpolation: 0, interpolation_duration: 1 }
$data merge entity $(bone_neck3) { transformation: [-0.9997667261175965f,0.021497016248609384f,-0.002090846840309439f,0.014255488514777656f,0.02145744970646657f,0.9996184304592031f,0.017394577844087572f,1.529437266068499f,0.0024639805593927562f,0.01734565590246137f,-0.9998465167320013f,1.0453793193645482f,0f,0f,0f,1f], start_interpolation: 0, interpolation_duration: 1 }
$data merge entity $(bone_neck2) { transformation: [-0.9999230288210137f,0.012396760436548845f,-0.0005067189447630527f,0.008855658274323304f,0.012299631970289934f,0.9957979638872251f,0.0907476400324132f,1.0895218612413187f,0.0016295664471221256f,0.09073442262303683f,-0.9958737917349058f,1.0523645934545434f,0f,0f,0f,1f], start_interpolation: 0, interpolation_duration: 1 }
$data merge entity $(bone_chest2) { transformation: [-0.9999230288210137f,0.011935805253823263f,0.0033871797048532024f,-0.0026995896634270083f,0.012299631970289934f,0.9177494536685258f,0.39696934307893084f,0.15623552358358428f,0.0016295664471221256f,0.3969804489443596f,-0.9178256194229538f,1.0061682320013854f,0f,0f,0f,1f], start_interpolation: 0, interpolation_duration: 1 }
$data merge entity $(bone_chest) { transformation: [-0.9998478454219895f,0.016629521869762166f,-0.005267352977398506f,-0.005852938710556329f,0.017443795602030174f,0.9531750996866997f,-0.3019154572595528f,-0.024508926911401496f,-1.2245959888019777e-16f,-0.3019614020692601f,-0.9533201517120922f,0.5389444499600037f,0f,0f,0f,1f], start_interpolation: 0, interpolation_duration: 1 }
$data merge entity $(bone_tail2) { transformation: [-0.9998478454219895f,0.016893373722709104f,0.0043474048891596f,-0.0002617028677967216f,0.017443795602030174f,0.9682986262802443f,0.24918564232071383f,0.2959709295470495f,-1.2245959888019777e-16f,0.24922356282674593f,-0.9684459797696219f,-1.1624352205656632f,0f,0f,0f,1f], start_interpolation: 0, interpolation_duration: 1 }
$data merge entity $(bone_tail) { transformation: [-0.9998478454219895f,0.01742777720490505f,0.0007473865810938261f,0.003814971465519356f,0.017443795602030174f,0.9989296989234835f,0.042838891251218085f,0.5296387700587136f,-1.2245959888019777e-16f,0.04284541037655361f,-0.9990817137800414f,-0.7770682253040092f,0f,0f,0f,1f], start_interpolation: 0, interpolation_duration: 1 }
$data merge entity $(bone_torso) { transformation: [-0.9998478454219895f,0.017443450422724695f,-0.00010973766606244185f,0.004435523936647432f,0.017443795602030174f,0.999828060348102f,-0.006289971029098904f,0.5652077520270973f,-1.2245959888019777e-16f,-0.006290928222627912f,-0.9999802119152646f,-0.08977842111922192f,0f,0f,0f,1f], start_interpolation: 0, interpolation_duration: 1 }
$data merge entity $(bone_leg_front_left4) { transformation: [-0.9758451559293068f,0.09018239845959558f,-0.19898081982287028f,1.8159392245852601f,0.08599031407979618f,0.9958553364815053f,0.029627937588803638f,-0.05826490815170528f,0.2008280297512397f,0.011801856183785915f,-0.9795554188798367f,0.6106815449213606f,0f,0f,0f,1f], start_interpolation: 0, interpolation_duration: 1 }
$data merge entity $(bone_leg_front_left3) { transformation: [-0.9934858355720704f,0.11083061889671353f,-0.026504121050062307f,1.4140673323043678f,0.1104829329037968f,0.9937759203270025f,0.014245761306252065f,0.002146532095571585f,0.027918023831210698f,0.011224709047053964f,-0.999547192408727f,0.6221986281816502f,0f,0f,0f,1f], start_interpolation: 0, interpolation_duration: 1 }
$data merge entity $(bone_leg_front_left2) { transformation: [-0.9617509613800349f,0.23151150649964256f,0.1464155409881222f,0.8165903487309027f,0.2332885436457431f,0.9723938877249266f,-0.005155823780083696f,0.16314552636986301f,-0.14356720965536232f,0.029198449847021093f,-0.9892097385480514f,0.5329253479259084f,0f,0f,0f,1f], start_interpolation: 0, interpolation_duration: 1 }
$data merge entity $(bone_leg_front_left) { transformation: [-0.8803001156997461f,0.389608832871314f,0.2706966265908501f,0.6240246984215833f,0.39529861796529825f,0.9178640139982815f,-0.03556198028355302f,0.249617099049772f,-0.2623179538913394f,0.07570078702110761f,-0.9620076309004238f,0.4755432955121779f,0f,0f,0f,1f], start_interpolation: 0, interpolation_duration: 1 }
$data merge entity $(bone_leg_back_left4) { transformation: [-0.6184386584206804f,0.32959527332191607f,-0.7133726807039082f,1.168008451741595f,0.3956222899614823f,0.9149440283659198f,0.07975229553546302f,-0.02771904444541217f,0.6789820538544897f,-0.2329042308791201f,-0.6962319942247297f,-0.9756883790247524f,0f,0f,0f,1f], start_interpolation: 0, interpolation_duration: 1 }
$data merge entity $(bone_leg_back_left3) { transformation: [-0.7973116816383296f,0.2185543660098908f,-0.5626082752866983f,0.9935965213832103f,0.269447682571154f,0.9629837111919147f,-0.007766488014649978f,0.03122263611702776f,0.5400852050187017f,-0.15778580759073926f,-0.8266871295979181f,-0.8575447404269113f,0f,0f,0f,1f], start_interpolation: 0, interpolation_duration: 1 }
$data merge entity $(bone_leg_back_left2) { transformation: [-0.852188327143783f,0.1808771766440135f,-0.49097708912857707f,0.6740258987042916f,0.22470368769809532f,0.9739268511761626f,-0.031220847089111554f,0.1154865190038135f,0.4725286317407202f,-0.13693040395534956f,-0.8706128626765559f,-0.6803465035241413f,0f,0f,0f,1f], start_interpolation: 0, interpolation_duration: 1 }
$data merge entity $(bone_leg_back_left) { transformation: [-0.8861863023126066f,0.27136816477776493f,-0.37554381467234543f,0.5909459328624848f,0.3155361890830603f,0.9469967355850688f,-0.06028346514727318f,0.1450680367303504f,0.3392797532604152f,-0.17192004518487988f,-0.9248420119626815f,-0.6485390266559774f,0f,0f,0f,1f], start_interpolation: 0, interpolation_duration: 1 }
$data merge entity $(bone_leg_front_right4) { transformation: [-0.9782508223434663f,-0.05538980840412097f,0.19989321576603475f,-1.8277138959748354f,-0.05189827598838739f,0.9983950547331312f,0.02266900160706617f,0.005303904413895014f,-0.20082802975123998f,0.011801856183785903f,-0.9795554188798365f,0.6106815449213601f,0f,0f,0f,1f], start_interpolation: 0, interpolation_duration: 1 }
$data merge entity $(bone_leg_front_right3) { transformation: [-0.9967351248210774f,-0.07609799769478702f,0.026984916059814235f,-1.4239792827302538f,-0.07576064211231957f,0.9970371611197114f,0.01331256748624609f,0.05166037091452033f,-0.027918023831210975f,0.011224709047053947f,-0.999547192408727f,0.6221986281816497f,0f,0f,0f,1f], start_interpolation: 0, interpolation_duration: 1 }
$data merge entity $(bone_leg_front_right2) { transformation: [-0.9693033036404979f,-0.19745129639752346f,-0.14650628349171174f,-0.8212498944611539f,-0.19959850165617424f,0.9798777658858622f,-0.00004537776872740734f,0.1917200245415958f,0.14356720965536207f,0.029198449847021045f,-0.9892097385480515f,0.5329253479259082f,0f,0f,0f,1f], start_interpolation: 0, interpolation_duration: 1 }
$data merge entity $(bone_leg_front_right) { transformation: [-0.8935533079097162f,-0.35735453564319675f,-0.27177237125734294f,-0.6257851083559035f,-0.36435117262040634f,0.9308958731778868f,-0.02609782194963347f,0.2714218435523097f,0.26231795389133916f,0.07570078702110752f,-0.962007630900424f,0.4755432955121778f,0f,0f,0f,1f], start_interpolation: 0, interpolation_duration: 1 }
$data merge entity $(bone_leg_back_right4) { transformation: [-0.6318625026021879f,-0.2974793544312459f,0.7157204841923062f,-1.1791119262048007f,-0.37380897307159205f,0.9258842546051719f,0.05481969286111646f,0.013229874246288083f,-0.67898205385449f,-0.23290423087912016f,-0.6962319942247296f,-0.9756883790247527f,0f,0f,0f,1f], start_interpolation: 0, interpolation_duration: 1 }
$data merge entity $(bone_leg_back_right3) { transformation: [-0.8062254103551102f,-0.184830289700742f,0.5619949748057127f,-1.0027501176896203f,-0.24147165261711456f,0.9700213414827934f,-0.02738682256636496f,0.0660517982562819f,-0.5400852050187019f,-0.1577858075907393f,-0.826687129597918f,-0.8575447404269116f,0f,0f,0f,1f], start_interpolation: 0, interpolation_duration: 1 }
$data merge entity $(bone_leg_back_right2) { transformation: [-0.8595078867829864f,-0.14679430791301287f,0.48958923979411995f,-0.6804346601460004f,-0.19484066501397324f,0.979643555400108f,-0.04832824867454126f,0.13911704763652186f,-0.4725286317407204f,-0.13693040395534958f,-0.8706128626765558f,-0.6803465035241415f,0f,0f,0f,1f], start_interpolation: 0, interpolation_duration: 1 }
$data merge entity $(bone_leg_back_right) { transformation: [-0.896653616745309f,-0.23816960967473455f,0.373212444332904f,-0.5963733835761277f,-0.2844319612932203f,0.9558863609713308f,-0.07334660390146615f,0.16578254400776127f,-0.33927975326041543f,-0.17192004518487994f,-0.9248420119626813f,-0.6485390266559775f,0f,0f,0f,1f], start_interpolation: 0, interpolation_duration: 1 }