# This file was generated by Animated Java via MC-Build. It is not recommended to edit this file directly.
$data merge entity $(bone_shell2) { transformation: [-1.1978790619254538f,-0.009122545817209532f,0.002621533174659f,0.03763271143974058f,-0.009491747909259114f,1.1512849614591105f,-0.3308431418625747f,1.1367785933649845f,-1.466978758952641e-16f,-0.3308535279450493f,-1.15132110348247f,-0.5059775727316673f,0f,0f,0f,1f], start_interpolation: 0, interpolation_duration: 1 }
$data merge entity $(bone_shell) { transformation: [-1.2603770999389556f,-0.009876419737900391f,0.0014818548309014047f,0.03829354929375896f,-0.009986969539307416f,1.2464254765212825f,-0.18701327634482537f,1.0533794306160125f,-1.5435167811588656e-16f,-0.18701914720949264f,-1.2464646052688961f,0.5177293108883956f,0f,0f,0f,1f], start_interpolation: 0, interpolation_duration: 1 }
$data merge entity $(bone_pupil_right2) { transformation: [-0.999999684388911f,0.0007755856771036948f,-0.00017230477548452075f,-0.3373376692171681f,0.0007363052324227785f,0.9861714749139486f,0.16572652147635153f,2.488204470127651f,0.00029845717094756396f,0.16572634230231595f,-0.9861717347350879f,1.316151498299985f,0f,0f,0f,1f], start_interpolation: 0, interpolation_duration: 1 }
$data merge entity $(bone_pupil_right) { transformation: [-0.999999684388911f,0.0007755856771036948f,-0.00017230477548452075f,-0.33611055718635446f,0.0007363052324227785f,0.9861714749139486f,0.16572652147635153f,2.483152528042852f,0.00029845717094756396f,0.16572634230231595f,-0.9861717347350879f,1.2519259177091044f,0f,0f,0f,1f], start_interpolation: 0, interpolation_duration: 1 }
$data merge entity $(bone_eyelid_right) { transformation: [-0.999999684388911f,0.0007755856771036948f,-0.00017230477548452075f,-0.299836331574847f,0.0007363052324227785f,0.9861714749139486f,0.16572652147635153f,2.5139436955692376f,0.00029845717094756396f,0.16572634230231595f,-0.9861717347350879f,1.257094046833605f,0f,0f,0f,1f], start_interpolation: 0, interpolation_duration: 1 }
$data merge entity $(bone_eye_right) { transformation: [-0.999999684388911f,0.0007755856771036948f,-0.00017230477548452075f,-0.33608632013394496f,0.0007363052324227785f,0.9861714749139486f,0.16572652147635153f,2.513970386633913f,0.00029845717094756396f,0.16572634230231595f,-0.9861717347350879f,1.2571048659060517f,0f,0f,0f,1f], start_interpolation: 0, interpolation_duration: 1 }
$data merge entity $(bone_pupil_left2) { transformation: [-0.999999684388911f,0.0007755856771036948f,-0.00017230477548452075f,0.3551621122221527f,0.0007363052324227785f,0.9861714749139486f,0.16572652147635153f,2.487694578754198f,0.00029845717094756396f,0.16572634230231595f,-0.9861717347350879f,1.3159448167091037f,0f,0f,0f,1f], start_interpolation: 0, interpolation_duration: 1 }
$data merge entity $(bone_pupil_left) { transformation: [-0.999999684388911f,0.0007755856771036948f,-0.00017230477548452075f,0.353889225041994f,0.0007363052324227785f,0.9861714749139486f,0.16572652147635153f,2.4826444774324803f,0.00029845717094756396f,0.16572634230231595f,-0.9861717347350879f,1.2517199822611507f,0f,0f,0f,1f], start_interpolation: 0, interpolation_duration: 1 }
$data merge entity $(bone_eyelid_left) { transformation: [-0.999999684388911f,0.0007755856771036948f,-0.00017230477548452075f,0.31766347353530555f,0.0007363052324227785f,0.9861714749139486f,0.16572652147635153f,2.5134890270882164f,0.00029845717094756396f,0.16572634230231595f,-0.9861717347350879f,1.2569097495305448f,0f,0f,0f,1f], start_interpolation: 0, interpolation_duration: 1 }
$data merge entity $(bone_eye_left) { transformation: [-0.999999684388911f,0.0007755856771036948f,-0.00017230477548452075f,0.3539134620944035f,0.0007363052324227785f,0.9861714749139486f,0.16572652147635153f,2.513462336023541f,0.00029845717094756396f,0.16572634230231595f,-0.9861717347350879f,1.256898930458098f,0f,0f,0f,1f], start_interpolation: 0, interpolation_duration: 1 }
$data merge entity $(bone_muzzle2) { transformation: [-0.999999684388911f,0.0007876516901329191f,-0.00010405235804115025f,0.009030091055954979f,0.0007363052324227785f,0.9679747766463354f,0.2510463894006079f,2.5782310138501225f,0.00029845717094756396f,0.25104623355328803f,-0.9679750510948228f,1.4882496933417668f,0f,0f,0f,1f], start_interpolation: 0, interpolation_duration: 1 }
$data merge entity $(bone_muzzle) { transformation: [-0.999999684388911f,0.0007755856771036948f,-0.00017230477548452075f,0.009073194023254029f,0.0007363052324227785f,0.9861714749139486f,0.16572652147635153f,2.753291986175726f,0.00029845717094756396f,0.16572634230231595f,-0.9861717347350879f,1.2007868190248414f,0f,0f,0f,1f], start_interpolation: 0, interpolation_duration: 1 }
$data merge entity $(bone_tongue) { transformation: [-0.999999684388911f,0.0007576169887602754f,-0.00023924584954598604f,0.008663233565176821f,0.0007363052324227785f,0.9968628127908497f,0.07914537465525043f,2.226181909838564f,0.00029845717094756396f,0.0791451735181218f,-0.9968630560072448f,1.127588975093113f,0f,0f,0f,1f], start_interpolation: 0, interpolation_duration: 1 }
$data merge entity $(bone_jaw) { transformation: [-0.999999684388911f,0.0007576169887602754f,-0.00023924584954598604f,0.008694385528873892f,0.0007363052324227785f,0.9968628127908497f,0.07914537465525043f,2.2548605797803014f,0.00029845717094756396f,0.0791451735181218f,-0.9968630560072448f,1.1612142322657806f,0f,0f,0f,1f], start_interpolation: 0, interpolation_duration: 1 }
$data merge entity $(bone_ear_left) { transformation: [-0.9234147801241103f,-0.02841954531862426f,-0.3827498834646768f,0.3588911562260934f,-0.05647898380802549f,0.9964598965843818f,0.062271975133727786f,2.6182974549886087f,0.37962516807550284f,0.07912018669673053f,-0.9217509033468426f,0.9235241764008789f,0f,0f,0f,1f], start_interpolation: 0, interpolation_duration: 1 }
$data merge entity $(bone_ear_right) { transformation: [-0.9235570464840174f,0.02993413420818458f,0.38229089643741804f,-0.34110862284614424f,0.05783891925730522f,0.9964169304512545f,0.06170867142668417f,2.618812868651305f,-0.3790739259153354f,0.07910277061712788f,-0.9219792353257358f,0.9237330964205422f,0f,0f,0f,1f], start_interpolation: 0, interpolation_duration: 1 }
$data merge entity $(bone_head_angle) { transformation: [-0.999999684388911f,0.0007576169887602754f,-0.00023924584954598604f,0.008735506390376919f,0.0007363052324227785f,0.9968628127908497f,0.07914537465525043f,2.3582096403113497f,0.00029845717094756396f,0.0791451735181218f,-0.9968630560072448f,1.0440262102821989f,0f,0f,0f,1f], start_interpolation: 0, interpolation_duration: 1 }
$data merge entity $(bone_neck3) { transformation: [-0.999592529286755f,-0.02854251602371297f,-0.0003165014118368696f,0.029220767775060906f,-0.028526067112977713f,0.999289577862668f,-0.0246293132286798f,1.6376612581073684f,0.0010192591297100407f,-0.024610248964336265f,-0.9996966023533038f,0.9679932702546934f,0f,0f,0f,1f], start_interpolation: 0, interpolation_duration: 1 }
$data merge entity $(bone_neck2) { transformation: [-0.9999376119959285f,-0.011085555400255832f,-0.00137207046017178f,0.03413501406549339f,-0.011101665920338207f,0.9998620910136503f,0.012351192962778423f,1.199642631118766f,0.001234961405477287f,0.012365654664369674f,-0.9999227797460404f,1.0094546766396273f,0f,0f,0f,1f], start_interpolation: 0, interpolation_duration: 1 }
$data merge entity $(bone_chest2) { transformation: [-0.9999376119959285f,-0.010090992748562878f,-0.004789987602099679f,0.04453634740242486f,-0.011101665920338207f,0.945205506522474f,0.3262871487714254f,0.26552484222097716f,0.001234961405477287f,0.32631996920958056f,-0.9452585638677838f,1.034087669850361f,0f,0f,0f,1f], start_interpolation: 0, interpolation_duration: 1 }
$data merge entity $(bone_chest) { transformation: [-0.9999686082160308f,-0.00738559082375073f,0.0028697788552882342f,0.04620203654331119f,-0.007923546080772826f,0.9320774942926584f,-0.36217228227823456f,0.055311279385214296f,-1.2246083552995959e-16f,-0.3621836518691911f,-0.9321067547865408f,0.5793525315780027f,0f,0f,0f,1f], start_interpolation: 0, interpolation_duration: 1 }
$data merge entity $(bone_tail2) { transformation: [-0.9999686082160308f,-0.007897404856413168f,-0.0006431011024964601f,0.04460148362244064f,-0.007923546080772826f,0.9966695293094999f,0.08116074644485172f,0.25730451074194155f,-1.2246083552995959e-16f,0.08116329430545281f,-0.9967008175262457f,-1.1196244290992037f,0f,0f,0f,1f], start_interpolation: 0, interpolation_duration: 1 }
$data merge entity $(bone_tail) { transformation: [-0.9999686082160308f,-0.007899296620967278f,0.0006194315039658488f,0.04239437265321162f,-0.007923546080772826f,0.9969082740771812f,-0.07817359204975508f,0.535846676279895f,-1.2246083552995959e-16f,-0.0781760461353069f,-0.9969395697887864f,-0.7653161019622355f,0f,0f,0f,1f], start_interpolation: 0, interpolation_duration: 1 }
$data merge entity $(bone_torso) { transformation: [-0.9999686082160308f,-0.007908487249552227f,0.0004882744287798579f,0.041811543756876964f,-0.007923546080772826f,0.9980681512307983f,-0.061621286226775776f,0.6094009402867658f,-1.2246083552995959e-16f,-0.06162322068960714f,-0.9980994833541594f,-0.0810484328028012f,0f,0f,0f,1f], start_interpolation: 0, interpolation_duration: 1 }
$data merge entity $(bone_leg_front_left4) { transformation: [-0.9772081910865866f,0.09972649483070958f,-0.18740004669706334f,1.7722015455264395f,0.09573922517823032f,0.9949472533691583f,0.03023183380875267f,-0.2494630371969101f,0.18946807656054665f,0.011601260360340504f,-0.9818183430362758f,0.6399878519656642f,0f,0f,0f,1f], start_interpolation: 0, interpolation_duration: 1 }
$data merge entity $(bone_leg_front_left3) { transformation: [-0.9542215127479211f,0.29873133047942935f,-0.0148625973187346f,1.3892167330113376f,0.2985519981471513f,0.954302805693808f,0.013147602339192627f,-0.11326530661066414f,0.018111019060567224f,0.0081084668659478f,-0.9998031024925215f,0.6474721482538001f,0f,0f,0f,1f], start_interpolation: 0, interpolation_duration: 1 }
$data merge entity $(bone_leg_front_left2) { transformation: [-0.8783946626600144f,0.4534347593632737f,0.15106202570986976f,0.8473049869638799f,0.45306184356710283f,0.8906301888176704f,-0.03889514969991524f,0.18381444231905125f,-0.1521768133257406f,0.03427514796132687f,-0.987758792275853f,0.552897189112108f,0f,0f,0f,1f], start_interpolation: 0, interpolation_duration: 1 }
$data merge entity $(bone_leg_front_left) { transformation: [-0.8136599224523233f,0.5177237802346747f,0.2644231797221972f,0.6693168789274342f,0.5114694486987869f,0.8537294307707862f,-0.09769883358335668f,0.29569838422191086f,-0.2763268601541265f,0.05575075259857601f,-0.959445318891105f,0.4924506884533928f,0f,0f,0f,1f], start_interpolation: 0, interpolation_duration: 1 }
$data merge entity $(bone_leg_back_left4) { transformation: [-0.6826056100177452f,-0.012381850377091322f,-0.7306820587324842f,1.2271783978828246f,0.04241892990562462f,0.9974993058003392f,-0.05653113578819107f,0.07794384821836065f,0.7295548064113919f,-0.0695832214623649f,-0.6803733972848702f,-0.9627208540686724f,0f,0f,0f,1f], start_interpolation: 0, interpolation_duration: 1 }
$data merge entity $(bone_leg_back_left3) { transformation: [-0.8246612886436894f,-0.0029687400578689294f,-0.5656190817104729f,1.0467837409920175f,0.04056216049918608f,0.9971012603602366f,-0.06437225896040655f,0.0868168208275576f,0.5641706037611035f,-0.0760280420009366f,-0.822150391766212f,-0.839308534495931f,0f,0f,0f,1f], start_interpolation: 0, interpolation_duration: 1 }
$data merge entity $(bone_leg_back_left2) { transformation: [-0.8648428780095496f,0.10189873165670607f,-0.49159276321251316f,0.7224676617384366f,0.1545942610845096f,0.985658356989344f,-0.06766252830630215f,0.1447896687342487f,0.4776477894807993f,-0.13451487569715576f,-0.8681925693187456f,-0.6601906134406312f,0f,0f,0f,1f], start_interpolation: 0, interpolation_duration: 1 }
$data merge entity $(bone_leg_back_left) { transformation: [-0.8900111479431558f,0.2600539474258242f,-0.37450247124038144f,0.6390291166187657f,0.3130499811587662f,0.945719306236253f,-0.0872622662352768f,0.17413810446788303f,0.33148132048940887f,-0.1949023813098928f,-0.9231106087172495f,-0.6291142396447491f,0f,0f,0f,1f], start_interpolation: 0, interpolation_duration: 1 }
$data merge entity $(bone_leg_front_right4) { transformation: [-0.9755683470812186f,-0.11548049852203857f,0.1868974441620864f,-1.6747511119589733f,-0.11121262580150466f,0.9932419973093936f,0.03319769032901998f,-0.27677598281882665f,-0.18946807656054698f,0.011601260360340501f,-0.9818183430362759f,0.6399878519656639f,0f,0f,0f,1f], start_interpolation: 0, interpolation_duration: 1 }
$data merge entity $(bone_leg_front_right3) { transformation: [-0.9493706632567989f,-0.3138162700069024f,0.014652386368795872f,-1.2939726592297567f,-0.31363567197615366f,0.9494491041883387f,0.013381473014131756f,-0.13452634882557146f,-0.01811101906056753f,0.008108466865947734f,-0.9998031024925216f,0.6474721482537998f,0f,0f,0f,1f], start_interpolation: 0, interpolation_duration: 1 }
$data merge entity $(bone_leg_front_right2) { transformation: [-0.871104879483378f,-0.4674912793764926f,-0.15042670190886753f,-0.7568366607929031f,-0.4669245189816789f,0.8833329598396966f,-0.04128408451896162f,0.1711035530354731f,0.15217681332574035f,0.03427514796132676f,-0.9877587922758531f,0.5528971891121078f,0f,0f,0f,1f], start_interpolation: 0, interpolation_duration: 1 }
$data merge entity $(bone_leg_front_right) { transformation: [-0.8054527060585079f,-0.5311874764297456f,-0.26284178356422894f,-0.5806438813426045f,-0.5242989649621567f,0.8454180731856226f,-0.10187677296970432f,0.28579395162094484f,0.2763268601541263f,0.055750752598575884f,-0.9594453188911051f,0.4924506884533927f,0f,0f,0f,1f], start_interpolation: 0, interpolation_duration: 1 }
$data merge entity $(bone_leg_back_right4) { transformation: [-0.6818477029421739f,-0.003426671557612851f,0.7314861365155987f,-1.1349846844497042f,-0.053230578002847084f,0.9975702647999066f,-0.0449452150125804f,0.05922655261589845f,-0.729554806411392f,-0.0695832214623649f,-0.68037339728487f,-0.9627208540686727f,0f,0f,0f,1f], start_interpolation: 0, interpolation_duration: 1 }
$data merge entity $(bone_leg_back_right3) { transformation: [-0.823914967795616f,-0.01283229225332623f,0.5665681407543792f,-0.9547532852444133f,-0.05362514050499719f,0.9970231035964157f,-0.055401039708567426f,0.07095705210136659f,-0.5641706037611036f,-0.0760280420009366f,-0.8221503917662117f,-0.8393085344959312f,0f,0f,0f,1f], start_interpolation: 0, interpolation_duration: 1 }
$data merge entity $(bone_leg_back_right2) { transformation: [-0.8622844912736051f,-0.11750526521468316f,0.4926032569480706f,-0.6313966010168114f,-0.1682796639916002f,0.9839198447348267f,-0.059863960977105696f,0.13406192609821665f,-0.47764778948079945f,-0.13451487569715576f,-0.8681925693187453f,-0.6601906134406315f,0f,0f,0f,1f], start_interpolation: 0, interpolation_duration: 1 }
$data merge entity $(bone_leg_back_right) { transformation: [-0.8849386173764322f,-0.27500772424833f,0.3758382565408194f,-0.5484336056377709f,-0.3271143189199855f,0.9414795873323476f,-0.08131672026112705f,0.1647288934969653f,-0.3314813204894091f,-0.19490238130989285f,-0.9231106087172494f,-0.6291142396447493f,0f,0f,0f,1f], start_interpolation: 0, interpolation_duration: 1 }