# This file was generated by Animated Java via MC-Build. It is not recommended to edit this file directly.
$data merge entity $(bone_shell2) { transformation: [-1.197874321986282f,-0.009677214821515056f,0.0027929405617547116f,0.036478636960913344f,-0.010072189617121264f,1.1509004083216547f,-0.3321613183366523f,1.138675110320439f,-1.466648258238192e-16f,-0.3321730601902033f,-1.1509410924811283f,-0.5057577879227166f,0f,0f,0f,1f], start_interpolation: 0, interpolation_duration: 1 }
$data merge entity $(bone_shell) { transformation: [-1.2603721126986096f,-0.010478575593589102f,0.001584486126098197f,0.03717001946298217f,-0.010597695162362374f,1.2462053547141292f,-0.18844117477395517f,1.0564497574049994f,-1.5431690369288802e-16f,-0.1884478361416552f,-1.2462494078893835f,0.518044025883631f,0f,0f,0f,1f], start_interpolation: 0, interpolation_duration: 1 }
$data merge entity $(bone_pupil_right2) { transformation: [-0.9999994329698145f,0.0010649223741652678f,6.212785566601258e-7f,-0.33861364179580217f,0.0010502493267068591f,0.9861240784350651f,0.16600662308156522f,2.492034985268973f,0.00017617150943504052f,0.16600652960329654f,-0.9861246377069529f,1.3123403746124096f,0f,0f,0f,1f], start_interpolation: 0, interpolation_duration: 1 }
$data merge entity $(bone_pupil_right) { transformation: [-0.9999994329698145f,0.0010649223741652678f,6.212785566601258e-7f,-0.3373802430867764f,0.0010502493267068591f,0.9861240784350651f,0.16600662308156522f,2.4870008976743643f,0.00017617150943504052f,0.16600652960329654f,-0.9861246377069529f,1.2481135125162868f,0f,0f,0f,1f], start_interpolation: 0, interpolation_duration: 1 }
$data merge entity $(bone_eyelid_right) { transformation: [-0.9999994329698145f,0.0010649223741652678f,6.212785566601258e-7f,-0.30109698481742797f,0.0010502493267068591f,0.9861240784350651f,0.16600662308156522f,2.517779203587367f,0.00017617150943504052f,0.16600652960329654f,-0.9861246377069529f,1.2532948303491727f,0f,0f,0f,1f], start_interpolation: 0, interpolation_duration: 1 }
$data merge entity $(bone_eye_right) { transformation: [-0.9999994329698145f,0.0010649223741652678f,6.212785566601258e-7f,-0.3373469642625837f,0.0010502493267068591f,0.9861240784350651f,0.16600662308156522f,2.51781727512546f,0.00017617150943504052f,0.16600652960329654f,-0.9861246377069529f,1.2533012165663897f,0f,0f,0f,1f], start_interpolation: 0, interpolation_duration: 1 }
$data merge entity $(bone_pupil_left2) { transformation: [-0.9999994329698145f,0.0010649223741652678f,6.212785566601258e-7f,0.35388596553579443f,0.0010502493267068591f,0.9861240784350651f,0.16600662308156522f,2.4913076876102287f,0.00017617150943504052f,0.16600652960329654f,-0.9861246377069529f,1.312218375842126f,0f,0f,0f,1f], start_interpolation: 0, interpolation_duration: 1 }
$data merge entity $(bone_pupil_left) { transformation: [-0.9999994329698145f,0.0010649223741652678f,6.212785566601258e-7f,0.3526193656623956f,0.0010502493267068591f,0.9861240784350651f,0.16600662308156522f,2.486276225638937f,0.00017617150943504052f,0.16600652960329654f,-0.9861246377069529f,1.2479919541747766f,0f,0f,0f,1f], start_interpolation: 0, interpolation_duration: 1 }
$data merge entity $(bone_eyelid_left) { transformation: [-0.9999994329698145f,0.0010649223741652678f,6.212785566601258e-7f,0.31640266504143255f,0.0010502493267068591f,0.9861240784350651f,0.16600662308156522f,2.517130674628126f,0.00017617150943504052f,0.16600652960329654f,-0.9861246377069529f,1.2531860444420966f,0f,0f,0f,1f], start_interpolation: 0, interpolation_duration: 1 }
$data merge entity $(bone_eye_left) { transformation: [-0.9999994329698145f,0.0010649223741652678f,6.212785566601258e-7f,0.3526526444865883f,0.0010502493267068591f,0.9861240784350651f,0.16600662308156522f,2.517092603090033f,0.00017617150943504052f,0.16600652960329654f,-0.9861246377069529f,1.2531796582248795f,0f,0f,0f,1f], start_interpolation: 0, interpolation_duration: 1 }
$data merge entity $(bone_muzzle2) { transformation: [-0.9999994329698145f,0.0010608158750286551f,0.00009343301489315638f,0.007761270129308396f,0.0010502493267068591f,0.9679031480619161f,0.2513212942593281f,2.5819038773258427f,0.00017617150943504052f,0.25132124988052923f,-0.9679037133527735f,1.4845065597278833f,0f,0f,0f,1f], start_interpolation: 0, interpolation_duration: 1 }
$data merge entity $(bone_muzzle) { transformation: [-0.9999994329698145f,0.0010649223741652678f,6.212785566601258e-7f,0.007894579575628011f,0.0010502493267068591f,0.9861240784350651f,0.16600662308156522f,2.757046456843215f,0.00017617150943504052f,0.16600652960329654f,-0.9861246377069529f,1.1970934266448725f,0f,0f,0f,1f], start_interpolation: 0, interpolation_duration: 1 }
$data merge entity $(bone_tongue) { transformation: [-0.9999994329698145f,0.0010609241710167728f,-0.00009219518608479056f,0.0073280825102102f,0.0010502493267068591f,0.9968400091333248f,0.07942854126461203f,2.2299573439056553f,0.00017617150943504052f,0.07942839939829958f,-0.9968405581298463f,1.1237458220229684f,0f,0f,0f,1f], start_interpolation: 0, interpolation_duration: 1 }
$data merge entity $(bone_jaw) { transformation: [-0.9999994329698145f,0.0010609241710167728f,-0.00009219518608479056f,0.007364117490119624f,0.0010502493267068591f,0.9968400091333248f,0.07942854126461203f,2.2586264522765527f,0.00017617150943504052f,0.07942839939829958f,-0.9968405581298463f,1.1573792269457228f,0f,0f,0f,1f], start_interpolation: 0, interpolation_duration: 1 }
$data merge entity $(bone_ear_left) { transformation: [-0.9234510623967209f,-0.02917154101739322f,-0.38260574558288774f,0.3577041223670379f,-0.05726858924492353f,0.9964161133731891f,0.06225140718219732f,2.6220208244251983f,0.37941856048994643f,0.07939741938462526f,-0.92181213148385f,0.9198353059573456f,0f,0f,0f,1f], start_interpolation: 0, interpolation_duration: 1 }
$data merge entity $(bone_ear_right) { transformation: [-0.9234623607776391f,0.03129241948101103f,0.3824108428248516f,-0.3422954807118322f,0.059208309923978436f,0.9963526111033779f,0.061447948569717234f,2.622755998953893f,-0.3790931867798933f,0.07938676735139781f,-0.9219469056873937f,0.9199586260139502f,0f,0f,0f,1f], start_interpolation: 0, interpolation_duration: 1 }
$data merge entity $(bone_head_angle) { transformation: [-0.9999994329698145f,0.0010609241710167728f,-0.00009219518608479056f,0.0074520547328918475f,0.0010502493267068591f,0.9968400091333248f,0.07942854126461203f,2.3620087707908786f,0.00017617150943504052f,0.07942839939829958f,-0.9968405581298463f,1.0402205696230826f,0f,0f,0f,1f], start_interpolation: 0, interpolation_duration: 1 }
$data merge entity $(bone_neck3) { transformation: [-0.9995849210008884f,-0.0288087470164278f,-0.00020445779686680855f,0.028139173732493066f,-0.02879273279423406f,0.9992208491969211f,-0.026993945032602714f,1.641288103083785f,0.00098196022682979f,-0.026976853514203515f,-0.9996355761619262f,0.9658943478212358f,0f,0f,0f,1f], start_interpolation: 0, interpolation_duration: 1 }
$data merge entity $(bone_neck2) { transformation: [-0.9999349536943217f,-0.011336427265356358f,-0.0012545107379510231f,0.03315766585192793f,-0.011347783687596997f,0.9998909622614516f,0.009449412322863171f,1.2033928658917656f,0.0011472513734386708f,0.0094630335899889f,-0.9999545663726732f,1.0086271409243348f,0f,0f,0f,1f], start_interpolation: 0, interpolation_duration: 1 }
$data merge entity $(bone_chest2) { transformation: [-0.9999349536943217f,-0.010362379232843635f,-0.004765446145858793f,0.04378840969727602f,-0.011347783687596997f,0.9458919662557483f,0.3242832341922924f,0.2693319591986399f,0.0011472513734386708f,0.32431621801795313f,-0.9459480295157962f,1.0352396473434964f,0f,0f,0f,1f], start_interpolation: 0, interpolation_duration: 1 }
$data merge entity $(bone_chest) { transformation: [-0.999964651397244f,-0.007832790484322283f,0.0030566892575095324f,0.04556152902866586f,-0.00840808872385775f,0.9315450708671108f,-0.36352865772480847f,0.058456846871638435f,-1.2243324590510124e-16f,-0.36354150840917454f,-0.9315780008477991f,0.5808113190573836f,0f,0f,0f,1f], start_interpolation: 0, interpolation_duration: 1 }
$data merge entity $(bone_tail2) { transformation: [-0.999964651397244f,-0.00838536722726497f,-0.0006177155107122128f,0.04388735244602957f,-0.00840808872385775f,0.9972624090487346f,0.07346421946993009f,0.25756480800473947f,-1.2243324590510124e-16f,0.07346681641923947f,-0.9972976621276226f,-1.117655734620533f,0f,0f,0f,1f], start_interpolation: 0, interpolation_duration: 1 }
$data merge entity $(bone_tail) { transformation: [-0.999964651397244f,-0.008379800950094192f,0.0006891240999009766f,0.04153398067104316f,-0.00840808872385775f,0.9966004178883838f,-0.08195676365444307f,0.5374486988472515f,-1.2243324590510124e-16f,-0.08195966081393519f,-0.9966356475659821f,-0.7644072819867735f,0f,0f,0f,1f], start_interpolation: 0, interpolation_duration: 1 }
$data merge entity $(bone_torso) { transformation: [-0.999964651397244f,-0.008391509565683684f,0.0005277529699614237f,0.04090891583026706f,-0.00840808872385775f,0.997992910533361f,-0.06276507443763998f,0.6117869659772965f,-1.2243324590510124e-16f,-0.06276729317375244f,-0.9980281894353686f,-0.08022437966163737f,0f,0f,0f,1f], start_interpolation: 0, interpolation_duration: 1 }
$data merge entity $(bone_leg_front_left4) { transformation: [-0.9764788213939828f,0.10870851445130264f,-0.1862030350311438f,1.76569095184847f,0.10427008081451511f,0.993984787835391f,0.03349614602856532f,-0.2591648259727698f,0.1887243005443466f,0.013292871684608873f,-0.9819401396961137f,0.6411914190652815f,0f,0f,0f,1f], start_interpolation: 0, interpolation_duration: 1 }
$data merge entity $(bone_leg_front_left3) { transformation: [-0.9503298253697919f,0.31093808898737363f,-0.013810424667657167f,1.38447786793242f,0.310737964511274f,0.9503791215068f,0.014880954786336109f,-0.118077854116521f,0.017752194906854757f,0.009850391913170504f,-0.9997938934376154f,0.6485571606198346f,0f,0f,0f,1f], start_interpolation: 0, interpolation_duration: 1 }
$data merge entity $(bone_leg_front_left2) { transformation: [-0.8731938058238653f,0.46325352178315665f,0.1514224290728967f,0.845970075570366f,0.46296810804694816f,0.8855030833747379f,-0.03930420162350609f,0.18511319909055185f,-0.15229283765910698f,0.035783570103254364f,-0.9876874139667885f,0.5539332553657561f,0f,0f,0f,1f], start_interpolation: 0, interpolation_duration: 1 }
$data merge entity $(bone_leg_front_left) { transformation: [-0.8109699781088123f,0.5220900421876962f,0.26410165174538797f,0.6685703928590633f,0.5155421012523921f,0.8510796062217822f,-0.09939741299271486f,0.2978880337395126f,-0.27666592931270134f,0.05554720264627024f,-0.9593594070189303f,0.4934125833286027f,0f,0f,0f,1f], start_interpolation: 0, interpolation_duration: 1 }
$data merge entity $(bone_leg_back_left4) { transformation: [-0.6824110077637502f,-0.01826782186155022f,-0.7307403801400999f,1.2261800252823294f,0.03427589996332443f,0.9977883279866111f,-0.056952745459606526f,0.07858114243005752f,0.7301646247008731f,-0.06391196459284615f,-0.6802755924015764f,-0.9616504771406919f,0f,0f,0f,1f], start_interpolation: 0, interpolation_duration: 1 }
$data merge entity $(bone_leg_back_left3) { transformation: [-0.8245923727277362f,-0.003225611502535766f,-0.5657181403045839f,1.0458004437481372f,0.039335376392051535f,0.997236697699096f,-0.06302140054217474f,0.0871857560158188f,0.5643581726203118f,-0.07421970218638911f,-0.8221868940843231f,-0.8381971268799986f,0f,0f,0f,1f], start_interpolation: 0, interpolation_duration: 1 }
$data merge entity $(bone_leg_back_left2) { transformation: [-0.8643104078687571f,0.10583541589576426f,-0.4916974512766091f,0.7216840407973532f,0.1583007203360757f,0.9851685807695205f,-0.06620988903213867f,0.14654852614184719f,0.47739752910003863f,-0.13506195691881262f,-0.8682452804377566f,-0.6591730534674841f,0f,0f,0f,1f], start_interpolation: 0, interpolation_duration: 1 }
$data merge entity $(bone_leg_back_left) { transformation: [-0.8889760441294532f,0.26332425656965014f,-0.37467576498352506f,0.6383425366602169f,0.31622082256977924f,0.9447516565625638f,-0.08630584450420334f,0.17619422825776399f,0.3312491273003459f,-0.19520410683264994f,-0.923130203350766f,-0.6281184477830767f,0f,0f,0f,1f], start_interpolation: 0, interpolation_duration: 1 }
$data merge entity $(bone_leg_front_right4) { transformation: [-0.9745873929860517f,-0.12540757766640223f,0.18561345020363396f,-1.6689836877947426f,-0.12067539855620381f,0.9920162493760986f,0.036622522538453606f,-0.28804489595059546f,-0.1887243005443468f,0.013292871684608808f,-0.9819401396961138f,0.6411914190652814f,0f,0f,0f,1f], start_interpolation: 0, interpolation_duration: 1 }
$data merge entity $(bone_leg_front_right3) { transformation: [-0.944970216379275f,-0.32687530387400937f,0.013558240054691778f,-1.2901969640136934f,-0.3266743787506079f,0.9450161403364659f,0.01511108108221814f,-0.1405675523904037f,-0.017752194906854896f,0.00985039191317041f,-0.9997938934376155f,0.6485571606198345f,0f,0f,0f,1f], start_interpolation: 0, interpolation_duration: 1 }
$data merge entity $(bone_leg_front_right2) { transformation: [-0.8652852646259642f,-0.4780782720943504f,-0.15074009610072486f,-0.75686364662394f,-0.4775859110347711f,0.8775880023461726f,-0.04184490075435512f,0.1716359545429872f,0.15229283765910687f,0.03578357010325425f,-0.9876874139667886f,0.553933255365756f,0f,0f,0f,1f], start_interpolation: 0, interpolation_duration: 1 }
$data merge entity $(bone_leg_front_right) { transformation: [-0.802186172509478f,-0.5363276226528961f,-0.2623928844578048f,-0.5813854213874917f,-0.529106140762072f,0.8421800220010369f,-0.10382438225291545f,0.28737792283469044f,0.2766659293127012f,0.05554720264627011f,-0.9593594070189304f,0.4934125833286026f,0f,0f,0f,1f], start_interpolation: 0, interpolation_duration: 1 }
$data merge entity $(bone_leg_back_right4) { transformation: [-0.6817381511252129f,0.0014868464743032059f,0.7315947529800488f,-1.1352284390811653f,-0.04574619258265603f,0.9979544328622647f,-0.04465686727420444f,0.05872550867951067f,-0.7301646247008733f,-0.06391196459284613f,-0.6802755924015762f,-0.9616504771406921f,0f,0f,0f,1f], start_interpolation: 0, interpolation_duration: 1 }
$data merge entity $(bone_leg_back_right3) { transformation: [-0.8238143347482375f,-0.01354396105293254f,0.5666978939278986f,-0.9550190533549885f,-0.05319581618869213f,0.9971499370337242f,-0.053499609472018796f,0.07036209347078708f,-0.5643581726203121f,-0.07421970218638911f,-0.8221868940843229f,-0.8381971268799988f,0f,0f,0f,1f], start_interpolation: 0, interpolation_duration: 1 }
$data merge entity $(bone_leg_back_right2) { transformation: [-0.8615262824628148f,-0.1223866356819302f,0.49274128711958043f,-0.631946697431433f,-0.172812221312556f,0.9832496016778849f,-0.05793234817699741f,0.13516667646299557f,-0.47739752910003885f,-0.13506195691881265f,-0.8682452804377564f,-0.6591730534674842f,0f,0f,0f,1f], start_interpolation: 0, interpolation_duration: 1 }
$data merge entity $(bone_leg_back_right) { transformation: [-0.8835329126125064f,-0.2791735745631298f,0.3760740719540575f,-0.5491154868740105f,-0.3311247619753317f,0.9401901254221467f,-0.0799932501244193f,0.16620962289818292f,-0.3312491273003461f,-0.19520410683265f,-0.9231302033507659f,-0.6281184477830768f,0f,0f,0f,1f], start_interpolation: 0, interpolation_duration: 1 }