# This file was generated by Animated Java via MC-Build. It is not recommended to edit this file directly.
$data merge entity $(bone_shell2) { transformation: [-1.1979159473179781f,-0.001269645718256671f,0.000333824503539741f,0.04893465529016761f,-0.0013127981752923993f,1.1585397374618862f,-0.3046117094933686f,1.1187592575331464f,-1.4670036370328364e-16f,-0.30461189241274145f,-1.1585404331651556f,-0.5015973172270423f,0f,0f,0f,1f], start_interpolation: 0, interpolation_duration: 1 }
$data merge entity $(bone_shell) { transformation: [-1.2604159097867422f,-0.0013703056025927223f,0.00017386812760934845f,0.0490515192224638f,-0.001381291993133742f,1.2503909320862698f,-0.158653025814103f,1.012122022047302f,-1.543542957225854e-16f,-0.15865312108526652f,-1.250391682946194f,0.519950590105628f,0f,0f,0f,1f], start_interpolation: 0, interpolation_duration: 1 }
$data merge entity $(bone_pupil_right2) { transformation: [-0.9999935134322173f,-0.0030869534122724544f,-0.0018557510931933867f,-0.3222631653709978f,-0.0033406133721840155f,0.987524652050211f,0.15742903765000577f,2.433733956972934f,0.0013466238476331437f,0.1574342158227996f,-0.9875285587224673f,1.3698975695451292f,0f,0f,0f,1f], start_interpolation: 0, interpolation_duration: 1 }
$data merge entity $(bone_pupil_right) { transformation: [-0.9999935134322173f,-0.0030869534122724544f,-0.0018557510931933867f,-0.32108092427546536f,-0.0033406133721840155f,0.987524652050211f,0.15742903765000577f,2.42814737490449f,0.0013466238476331437f,0.1574342158227996f,-0.9875285587224673f,1.3057154417229342f,0f,0f,0f,1f], start_interpolation: 0, interpolation_duration: 1 }
$data merge entity $(bone_eyelid_right) { transformation: [-0.9999935134322173f,-0.0030869534122724544f,-0.0018557510931933867f,-0.28492762670768107f,-0.0033406133721840155f,0.987524652050211f,0.15742903765000577f,2.459128617515801f,0.0013466238476331437f,0.1574342158227996f,-0.9875285587224673f,1.31058644585292f,0f,0f,0f,1f], start_interpolation: 0, interpolation_duration: 1 }
$data merge entity $(bone_eye_right) { transformation: [-0.9999935134322173f,-0.0030869534122724544f,-0.0018557510931933867f,-0.3211773915695989f,-0.0033406133721840155f,0.987524652050211f,0.15742903765000577f,2.4590075202810593f,0.0013466238476331437f,0.1574342158227996f,-0.9875285587224673f,1.3106352609673966f,0f,0f,0f,1f], start_interpolation: 0, interpolation_duration: 1 }
$data merge entity $(bone_pupil_left2) { transformation: [-0.9999935134322173f,-0.0030869534122724544f,-0.0018557510931933867f,0.3702323426808126f,-0.0033406133721840155f,0.987524652050211f,0.15742903765000577f,2.4360473317331715f,0.0013466238476331437f,0.1574342158227996f,-0.9875285587224673f,1.3689650325306433f,0f,0f,0f,1f], start_interpolation: 0, interpolation_duration: 1 }
$data merge entity $(bone_pupil_left) { transformation: [-0.9999935134322173f,-0.0030869534122724544f,-0.0018557510931933867f,0.3689145999927645f,-0.0033406133721840155f,0.987524652050211f,0.15742903765000577f,2.430452398131297f,0.0013466238476331437f,0.1574342158227996f,-0.9875285587224673f,1.3047862712680673f,0f,0f,0f,1f], start_interpolation: 0, interpolation_duration: 1 }
$data merge entity $(bone_eyelid_left) { transformation: [-0.9999935134322173f,-0.0030869534122724544f,-0.0018557510931933867f,0.3325683678367131f,-0.0033406133721840155f,0.987524652050211f,0.15742903765000577f,2.4611914462731246f,0.0013466238476331437f,0.1574342158227996f,-0.9875285587224673f,1.3097549056270064f,0f,0f,0f,1f], start_interpolation: 0, interpolation_duration: 1 }
$data merge entity $(bone_eye_left) { transformation: [-0.9999935134322173f,-0.0030869534122724544f,-0.0018557510931933867f,0.36881813269863095f,-0.0033406133721840155f,0.987524652050211f,0.15742903765000577f,2.461312543507866f,0.0013466238476331437f,0.1574342158227996f,-0.9875285587224673f,1.3097060905125297f,0f,0f,0f,1f], start_interpolation: 0, interpolation_duration: 1 }
$data merge entity $(bone_muzzle2) { transformation: [-0.9999935134322173f,-0.002913467257679993f,-0.0021177351174912363f,0.023909029465675045f,-0.0033406133721840155f,0.9700459779008808f,0.24289841716368038f,2.5266161627568375f,0.0013466238476331437f,0.24290391612088558f,-0.9700494183995736f,1.540868034943543f,0f,0f,0f,1f], start_interpolation: 0, interpolation_duration: 1 }
$data merge entity $(bone_muzzle) { transformation: [-0.9999935134322173f,-0.0030869534122724544f,-0.0018557510931933867f,0.022943238072518055f,-0.0033406133721840155f,0.987524652050211f,0.15742903765000577f,2.699253318528741f,0.0013466238476331437f,0.1574342158227996f,-0.9875285587224673f,1.251944637320622f,0f,0f,0f,1f], start_interpolation: 0, interpolation_duration: 1 }
$data merge entity $(bone_tongue) { transformation: [-0.9999935134322173f,-0.00323694598744409f,-0.0015796436825431888f,0.024613501763268254f,-0.0033406133721840155f,0.9974876673137513f,0.0707615281015627f,2.171549293021484f,0.0013466238476331437f,0.07076634608092353f,-0.9974920104274361f,1.183178390639274f,0f,0f,0f,1f], start_interpolation: 0, interpolation_duration: 1 }
$data merge entity $(bone_jaw) { transformation: [-0.9999935134322173f,-0.00323694598744409f,-0.0015796436825431888f,0.0245617110662401f,-0.0033406133721840155f,0.9974876673137513f,0.0707615281015627f,2.200509484871865f,0.0013466238476331437f,0.07076634608092353f,-0.9974920104274361f,1.2165614642801603f,0f,0f,0f,1f], start_interpolation: 0, interpolation_duration: 1 }
$data merge entity $(bone_ear_left) { transformation: [-0.9227639728423569f,-0.03321935025591841f,-0.3839311464218085f,0.3730271477311567f,-0.05779625926784955f,0.9969390089511f,0.05265173165472755f,2.563361116093209f,0.38100688030379865f,0.0707749051583437f,-0.9218593547613402f,0.9754572621290184f,0f,0f,0f,1f], start_interpolation: 0, interpolation_duration: 1 }
$data merge entity $(bone_ear_right) { transformation: [-0.9241523172902313f,0.026748369090677203f,0.3810866295189116f,-0.32696831167139534f,0.05162638599042691f,0.9971393392157045f,0.05520737684435935f,2.56102268673268f,-0.3785197626500667f,0.07069415067356397f,-0.9228895526247335f,0.9763998988223617f,0f,0f,0f,1f], start_interpolation: 0, interpolation_duration: 1 }
$data merge entity $(bone_head_angle) { transformation: [-0.9999935134322173f,-0.00323694598744409f,-0.0015796436825431888f,0.02406079191959932f,-0.0033406133721840155f,0.9974876673137513f,0.0707615281015627f,2.3028691446952245f,0.0013466238476331437f,0.07076634608092353f,-0.9974920104274361f,1.0985093079218173f,0f,0f,0f,1f], start_interpolation: 0, interpolation_duration: 1 }
$data merge entity $(bone_neck3) { transformation: [-0.9997424781139403f,-0.02265268409265294f,-0.0013540155079173233f,0.04021546965732637f,-0.02265564296199189f,0.9997408822234972f,0.0022113916346497495f,1.5845127035628344f,0.0013035707023247045f,0.0022414982448175844f,-0.9999966381888705f,1.003148546228148f,0f,0f,0f,1f], start_interpolation: 0, interpolation_duration: 1 }
$data merge entity $(bone_neck2) { transformation: [-0.9999729100287484f,-0.006924076359055371f,-0.0024972735553540973f,0.04336181276232032f,-0.007046166761807365f,0.9985833732066947f,0.05274085976833959f,1.1451602499832645f,0.0021285541104471553f,0.0527570272258856f,-0.99860510980852f,1.0268769613390973f,0f,0f,0f,1f], start_interpolation: 0, interpolation_duration: 1 }
$data merge entity $(bone_chest2) { transformation: [-0.9999729100287484f,-0.005813002132260182f,-0.00451533108937085f,0.049929782641747786f,-0.007046166761807365f,0.9333727945701928f,0.35883920896439553f,0.21071493929290347f,0.0021285541104471553f,0.3588613037963814f,-0.9333884689104319f,1.0191414118784992f,0f,0f,0f,1f], start_interpolation: 0, interpolation_duration: 1 }
$data merge entity $(bone_chest) { transformation: [-0.9999993995002251f,-0.0010318663389715709f,0.0003691219955692958f,0.0501465894626253f,-0.001095901085461481f,0.9415682975636365f,-0.33682033790127064f,0.01288076104340452f,-1.2246291230882808e-16f,-0.3368205401619292f,-0.9415688629755268f,0.5588826222707961f,0f,0f,0f,1f], start_interpolation: 0, interpolation_duration: 1 }
$data merge entity $(bone_tail2) { transformation: [-0.9999993995002251f,-0.0010785556991315302f,-0.0001942081177153729f,0.049868865889615255f,-0.001095901085461481f,0.9841718981461519f,0.17721307485682616f,0.26630090080022917f,-1.2246291230882808e-16f,0.17721318127330163f,-0.9841724891415102f,-1.14437350637632f,0f,0f,0f,1f], start_interpolation: 0, interpolation_duration: 1 }
$data merge entity $(bone_tail) { transformation: [-0.9999993995002251f,-0.0010956756192630579f,0.000022228955624742886f,0.049586611126440215f,-0.001095901085461481f,0.9997936637216779f,-0.020283712253808976f,0.523855708825827f,-1.2246291230882808e-16f,-0.02028372443418093f,-0.9997942640979085f,-0.7745215884481496f,0f,0f,0f,1f], start_interpolation: 0, interpolation_duration: 1 }
$data merge entity $(bone_torso) { transformation: [-0.9999993995002251f,-0.0010950702401614982f,0.00004266565630915116f,0.049523057542722626f,-0.001095901085461481f,0.9992412610038975f,-0.03893200878649135f,0.5818477542729116f,-1.2246291230882808e-16f,-0.038932032165167905f,-0.9992418610484103f,-0.08875943498252886f,0f,0f,0f,1f], start_interpolation: 0, interpolation_duration: 1 }
$data merge entity $(bone_leg_front_left4) { transformation: [-0.9797476723661562f,0.03583833172479825f,-0.19700282351347728f,1.837985020231347f,0.03493366042184454f,0.9993570790149984f,0.008066473339780928f,-0.12689769638006926f,0.19716525521153616f,0.0010210787400896219f,-0.9803697361381452f,0.6232616152802597f,0f,0f,0f,1f], start_interpolation: 0, interpolation_duration: 1 }
$data merge entity $(bone_leg_front_left3) { transformation: [-0.9862403928091664f,0.16358393670500038f,-0.023878510081568383f,1.4398808596636388f,0.1635860580623515f,0.9865272807321195f,0.0018777590129938626f,-0.04502637153079961f,0.02386397283023295f,-0.002054269550069876f,-0.9997131042340965f,0.6329242562808219f,0f,0f,0f,1f], start_interpolation: 0, interpolation_duration: 1 }
$data merge entity $(bone_leg_front_left2) { transformation: [-0.9342579808458016f,0.3245519991050332f,0.14774310509412059f,0.8610407466210289f,0.3242874097260967f,0.9455857399478969f,-0.02655718923995909f,0.1724280367346967f,-0.14832296221106334f,0.023099962859598817f,-0.9886691512315031f,0.5405833418185886f,0f,0f,0f,1f], start_interpolation: 0, interpolation_duration: 1 }
$data merge entity $(bone_leg_front_left) { transformation: [-0.8510929404552015f,0.451208613698259f,0.2684242791399731f,0.6748641658964536f,0.45030414933929896f,0.8902315729935182f,-0.06865798958094041f,0.27093206940266834f,-0.26993884454655515f,0.06243823644195495f,-0.9608509181110717f,0.48153421957402964f,0f,0f,0f,1f], start_interpolation: 0, interpolation_duration: 1 }
$data merge entity $(bone_leg_back_left4) { transformation: [-0.6752065525811157f,0.11910449286605267f,-0.7279493328045885f,1.2326905368613121f,0.1924035185398453f,0.9811520693343257f,-0.017930501790468144f,0.04830064140465622f,0.7120933909291761f,-0.15216680525032725f,-0.6853964297943902f,-0.9732483888448591f,0f,0f,0f,1f], start_interpolation: 0, interpolation_duration: 1 }
$data merge entity $(bone_leg_back_left3) { transformation: [-0.8233948994042338f,0.05745626538284977f,-0.5645525814336052f,1.052572902616636f,0.10979004840929661f,0.9921932850888696f,-0.0591492205767876f,0.07231721449418985f,0.5567467870633617f,-0.11068542177185181f,-0.8232750163231063f,-0.8514600291747487f,0f,0f,0f,1f], start_interpolation: 0, interpolation_duration: 1 }
$data merge entity $(bone_leg_back_left2) { transformation: [-0.8661255627487219f,0.09538458243173484f,-0.4906406943859566f,0.7277758165858652f,0.1474621825605237f,0.9866932741959495f,-0.06849297315026857f,0.12761553295438624f,0.47757869955400745f,-0.13167446256127358f,-0.8686658860813533f,-0.672368016841996f,0f,0f,0f,1f], start_interpolation: 0, interpolation_duration: 1 }
$data merge entity $(bone_leg_back_left) { transformation: [-0.8963673573780809f,0.23896574961430245f,-0.3733911235397948f,0.6437413768316701f,0.2903534397136895f,0.9529422549126942f,-0.08715468345613141f,0.15483616792754462f,0.33499319496590485f,-0.18653801037103432f,-0.9235708581442742f,-0.6409624048139424f,0f,0f,0f,1f], start_interpolation: 0, interpolation_duration: 1 }
$data merge entity $(bone_leg_front_right4) { transformation: [-0.979668751387064f,-0.03802863734116538f,0.19698467020985383f,-1.7373811803786292f,-0.037080988296976605f,0.9992761280748084f,0.008498244921089292f,-0.13081594643314828f,-0.19716525521153638f,0.0010210787400896158f,-0.980369736138145f,0.6232616152802593f,0f,0f,0f,1f], start_interpolation: 0, interpolation_duration: 1 }
$data merge entity $(bone_leg_front_right3) { transformation: [-0.9858794757994566f,-0.16574581511378883f,0.02387433705161629f,-1.339457421696253f,-0.16574730766484969f,0.9861663676828983f,0.001930091441426595f,-0.048072253199257814f,-0.0238639728302332f,-0.002054269550069914f,-0.9997131042340964f,0.6329242562808216f,0f,0f,0f,1f], start_interpolation: 0, interpolation_duration: 1 }
$data merge entity $(bone_leg_front_right2) { transformation: [-0.9335449633378256f,-0.3266237551647113f,-0.14768454214534585f,-0.7610953157845606f,-0.32633433822923574f,0.9448721153034351f,-0.026880948913661766f,0.1706503349956307f,0.14832296221106311f,0.02309996285959874f,-0.988669151231503f,0.5405833418185884f,0f,0f,0f,1f], start_interpolation: 0, interpolation_duration: 1 }
$data merge entity $(bone_leg_front_right) { transformation: [-0.8501039191119211f,-0.45315874021850994f,-0.2682731497450411f,-0.5751350834788278f,-0.45216849394382075f,0.889240475233551f,-0.06924615722901442f,0.2695621930458415f,0.2699388445465549f,0.06243823644195484f,-0.9608509181110717f,0.4815342195740294f,0f,0f,0f,1f], start_interpolation: 0, interpolation_duration: 1 }
$data merge entity $(bone_leg_back_right4) { transformation: [-0.6747832205396794f,-0.12125469672145697f,0.7279868843606222f,-1.132472150791468f,-0.1938829746859834f,0.9808886592793785f,-0.01633493875157884f,0.04570865549147752f,-0.7120933909291763f,-0.15216680525032728f,-0.68539642979439f,-0.9732483888448594f,0f,0f,0f,1f], start_interpolation: 0, interpolation_duration: 1 }
$data merge entity $(bone_leg_back_right3) { transformation: [-0.8231522836890744f,-0.05963081746332478f,0.5646808686914382f,-0.952407588734483f,-0.11159450233808633f,0.9920649691506314f,-0.057911691669920315f,0.0701199528779339f,-0.5567467870633619f,-0.11068542177185182f,-0.8232750163231062f,-0.8514600291747491f,0f,0f,0f,1f], start_interpolation: 0, interpolation_duration: 1 }
$data merge entity $(bone_leg_back_right2) { transformation: [-0.8658002745787456f,-0.09754698847987758f,0.4907896388248995f,-0.6277324857674533f,-0.14936020310535061f,0.9864818401510017f,-0.06741742193692972f,0.1261300290424404f,-0.47757869955400767f,-0.1316744625612736f,-0.8686658860813532f,-0.6723680168419962f,0f,0f,0f,1f], start_interpolation: 0, interpolation_duration: 1 }
$data merge entity $(bone_leg_back_right) { transformation: [-0.895728807387799f,-0.24105383526780083f,0.3735812523646162f,-0.5437579100748472f,-0.2923174010252661f,0.9524162006126837f,-0.08633607512699391f,0.15353478538855908f,-0.3349931949659051f,-0.18653801037103437f,-0.9235708581442741f,-0.6409624048139426f,0f,0f,0f,1f], start_interpolation: 0, interpolation_duration: 1 }