# This file was generated by Animated Java via MC-Build. It is not recommended to edit this file directly.
$data merge entity $(bone_shell2) { transformation: [-1.1978425350150457f,-0.012786267187808363f,0.00375672169701183f,0.028840497556859468f,-0.013326724522808453f,1.1492647480940397f,-0.3376644450924833f,1.1512337358084477f,-1.466934026388727e-16f,-0.33768534234924f,-1.149335873380908f,-0.5028062979353364f,0f,0f,0f,1f], start_interpolation: 0, interpolation_duration: 1 }
$data merge entity $(bone_shell) { transformation: [-1.2603386672767003f,-0.01385421536364726f,0.002162890417905296f,0.029700682396224386f,-0.014022031889215851f,1.2452548578934994f,-0.19440652027504107f,1.0739179642696064f,-1.543469714722052e-16f,-0.19441855163643673f,-1.2453319237820502f,0.5213778516092639f,0f,0f,0f,1f], start_interpolation: 0, interpolation_duration: 1 }
$data merge entity $(bone_pupil_right2) { transformation: [-0.9999955994383655f,0.0027407666269339834f,0.0011354744385187279f,-0.34640883299810216f,0.0028915900825957734f,0.9860314468356026f,0.166534154329023f,2.5131699113010755f,-0.0006631822510278046f,0.16653670481183824f,-0.9860350329170442f,1.291346634746738f,0f,0f,0f,1f], start_interpolation: 0, interpolation_duration: 1 }
$data merge entity $(bone_pupil_right) { transformation: [-0.9999955994383655f,0.0027407666269339834f,0.0011354744385187279f,-0.3451306958249426f,0.0028915900825957734f,0.9860314468356026f,0.166534154329023f,2.50816794010223f,-0.0006631822510278046f,0.16653670481183824f,-0.9860350329170442f,1.2271181381545515f,0f,0f,0f,1f], start_interpolation: 0, interpolation_duration: 1 }
$data merge entity $(bone_eyelid_right) { transformation: [-0.9999955994383655f,0.0027407666269339834f,0.0011354744385187279f,-0.30879520638821023f,0.0028915900825957734f,0.9860314468356026f,0.166534154329023f,2.5388766026753484f,-0.0006631822510278046f,0.16653670481183824f,-0.9860350329170442f,1.2323464505365214f,0f,0f,0f,1f], start_interpolation: 0, interpolation_duration: 1 }
$data merge entity $(bone_eye_right) { transformation: [-0.9999955994383655f,0.0027407666269339834f,0.0011354744385187279f,-0.3450450468678509f,0.0028915900825957734f,0.9860314468356026f,0.166534154329023f,2.5389814228158425f,-0.0006631822510278046f,0.16653670481183824f,-0.9860350329170442f,1.2323224101799215f,0f,0f,0f,1f], start_interpolation: 0, interpolation_duration: 1 }
$data merge entity $(bone_pupil_left2) { transformation: [-0.9999955994383655f,0.0027407666269339834f,0.0011354744385187279f,0.34608811961296587f,0.0028915900825957734f,0.9860314468356026f,0.166534154329023f,2.511167485168878f,-0.0006631822510278046f,0.16653670481183824f,-0.9860350329170442f,1.2918058884555748f,0f,0f,0f,1f], start_interpolation: 0, interpolation_duration: 1 }
$data merge entity $(bone_pupil_left) { transformation: [-0.9999955994383655f,0.0027407666269339834f,0.0011354744385187279f,0.3448662677875295f,0.0028915900825957734f,0.9860314468356026f,0.166534154329023f,2.506172742945239f,-0.0006631822510278046f,0.16653670481183824f,-0.9860350329170442f,1.2275757339077606f,0f,0f,0f,1f], start_interpolation: 0, interpolation_duration: 1 }
$data merge entity $(bone_eyelid_left) { transformation: [-0.9999955994383655f,0.0027407666269339834f,0.0011354744385187279f,0.3087020762649805f,0.0028915900825957734f,0.9860314468356026f,0.166534154329023f,2.5370910457993454f,-0.0006631822510278046f,0.16653670481183824f,-0.9860350329170442f,1.2327559655765308f,0f,0f,0f,1f], start_interpolation: 0, interpolation_duration: 1 }
$data merge entity $(bone_eye_left) { transformation: [-0.9999955994383655f,0.0027407666269339834f,0.0011354744385187279f,0.34495191674462117f,0.0028915900825957734f,0.9860314468356026f,0.166534154329023f,2.5369862256588513f,-0.0006631822510278046f,0.16653670481183824f,-0.9860350329170442f,1.2327800059331306f,0f,0f,0f,1f], start_interpolation: 0, interpolation_duration: 1 }
$data merge entity $(bone_muzzle2) { transformation: [-0.9999955994383655f,0.0026313740643983514f,0.0013700271665394836f,-0.000013958389254562398f,0.0028915900825957734f,0.9677648915759611f,0.2518387447152702f,2.6023086557130184f,-0.0006631822510278046f,0.2518415980403199f,-0.967768241722056f,1.4638519035278859f,0f,0f,0f,1f], start_interpolation: 0, interpolation_duration: 1 }
$data merge entity $(bone_muzzle) { transformation: [-0.9999955994383655f,0.0027407666269339834f,0.0011354744385187279f,0.000683473201149288f,0.0028915900825957734f,0.9860314468356026f,0.166534154329023f,2.7776045097952884f,-0.0006631822510278046f,0.16653670481183824f,-0.9860350329170442f,1.1765330438427894f,0f,0f,0f,1f], start_interpolation: 0, interpolation_duration: 1 }
$data merge entity $(bone_tongue) { transformation: [-0.9999955994383655f,0.002829300300518511f,0.0008922800644026333f,-0.0007917088314885888f,0.0028915900825957734f,0.9967937074027593f,0.07996213847226025f,2.2505566695648302f,-0.0006631822510278046f,0.07996436670212675f,-0.9967975021273026f,1.1029020520908064f,0f,0f,0f,1f], start_interpolation: 0, interpolation_duration: 1 }
$data merge entity $(bone_jaw) { transformation: [-0.9999955994383655f,0.002829300300518511f,0.0008922800644026333f,-0.0007311769491099676f,0.0028915900825957734f,0.9967937074027593f,0.07996213847226025f,2.2792076560939085f,-0.0006631822510278046f,0.07996436670212675f,-0.9967975021273026f,1.136550860491726f,0f,0f,0f,1f], start_interpolation: 0, interpolation_duration: 1 }
$data merge entity $(bone_ear_left) { transformation: [-0.9235907963428029f,-0.03691854696285668f,-0.3815980369459702f,0.35047686672472816f,-0.06453339824146037f,0.9961209934980749f,0.05981978622343793f,2.642083379516393f,0.3779093560925369f,0.07987482208155525f,-0.922390660932321f,0.8994963888308771f,0f,0f,0f,1f], start_interpolation: 0, interpolation_duration: 1 }
$data merge entity $(bone_ear_right) { transformation: [-0.9227000891301462f,0.04257267627371933f,0.38316068790275587f,-0.3495200528821277f,0.06987213814893493f,0.9958911364538104f,0.05760840774777948f,2.64410749257421f,-0.37913378882620863f,0.0799275394819044f,-0.9218834842878206f,0.8990321612551576f,0f,0f,0f,1f], start_interpolation: 0, interpolation_duration: 1 }
$data merge entity $(bone_head_angle) { transformation: [-0.9999955994383655f,0.002829300300518511f,0.0008922800644026333f,-0.00035439503788602805f,0.0028915900825957734f,0.9967937074027593f,0.07996213847226025f,2.38265233347195f,-0.0006631822510278046f,0.07996436670212675f,-0.9967975021273026f,1.0194478321041376f,0f,0f,0f,1f], start_interpolation: 0, interpolation_duration: 1 }
$data merge entity $(bone_neck3) { transformation: [-0.999555846693477f,-0.029796227595916897f,0.0005423669776825906f,0.021112490450836983f,-0.029793002338135685f,0.9986907163626455f,-0.04158401210496977f,1.6609448799514575f,0.0006973898235577696f,-0.041581701169128925f,-0.9991348636572119f,0.9556657863515854f,0f,0f,0f,1f], start_interpolation: 0, interpolation_duration: 1 }
$data merge entity $(bone_neck2) { transformation: [-0.99992059105842f,-0.01259220698618799f,-0.0004978961707544304f,0.02664491989029834f,-0.012588588592104238f,0.9998982942188872f,-0.006702884111989493f,1.2238035739234439f,0.0005822496359780722f,-0.006696084033001259f,-0.9999774114668714f,1.005469264278533f,0f,0f,0f,1f], start_interpolation: 0, interpolation_duration: 1 }
$data merge entity $(bone_chest2) { transformation: [-0.99992059105842f,-0.011767749023696095f,-0.0045090642371952445f,0.038421236988862115f,-0.012588588592104238f,0.9492569183133179f,0.3142496308216794f,0.29009061028592703f,0.0005822496359780722f,0.3142814393457215f,-0.9493296781772615f,1.0419718055029406f,0f,0f,0f,1f], start_interpolation: 0, interpolation_duration: 1 }
$data merge entity $(bone_chest) { transformation: [-0.9999381161864729f,-0.010337147490161807f,0.004111834045097336f,0.04080018987047834f,-0.01112491786251836f,0.9291311554649342f,-0.3695829164706462f,0.07626380344232475f,-1.224571013333198e-16f,-0.3696057890863765f,-0.929188657202528f,0.5889276578106258f,0f,0f,0f,1f], start_interpolation: 0, interpolation_duration: 1 }
$data merge entity $(bone_tail2) { transformation: [-0.9999381161864729f,-0.011120534278548722f,-0.0003122736098406997f,0.03873452556086913f,-0.01112491786251836f,0.9995441076417881f,0.028068008143324483f,0.2619313745606344f,-1.224571013333198e-16f,0.028069745206202576f,-0.999605967071055f,-1.1061724096571568f,0f,0f,0f,1f], start_interpolation: 0, interpolation_duration: 1 }
$data merge entity $(bone_tail) { transformation: [-0.9999381161864729f,-0.011067120058888826f,0.0011325418534962335f,0.03554304235108583f,-0.01112491786251836f,0.9947430911449184f,-0.10179596662935536f,0.5487906348328723f,-1.224571013333198e-16f,-0.10180226654183468f,-0.9948046534505884f,-0.7585712312486448f,0f,0f,0f,1f], start_interpolation: 0, interpolation_duration: 1 }
$data merge entity $(bone_torso) { transformation: [-0.9999381161864729f,-0.01109950747425396f,0.0007514860456193072f,0.034679536086152124f,-0.01112491786251836f,0.9976541608272816f,-0.06754562596175119f,0.6264049452074287f,-1.224571013333198e-16f,-0.06754980620136194f,-0.997715903292194f,-0.07475247917905406f,0f,0f,0f,1f], start_interpolation: 0, interpolation_duration: 1 }
$data merge entity $(bone_leg_front_left4) { transformation: [-0.9688749254289449f,0.17275074887314795f,-0.17730921476004255f,1.7232320047008765f,0.16513670660342122f,0.9846250433565945f,0.05695078688832977f,-0.31571672967850506f,0.18442138435450459f,0.02589792962363807f,-0.9825060051897785f,0.6474453987049198f,0f,0f,0f,1f], start_interpolation: 0, interpolation_duration: 1 }
$data merge entity $(bone_leg_front_left3) { transformation: [-0.9223150877466253f,0.3863861733399166f,-0.006372124188277234f,1.354578784262246f,0.3860877381528013f,0.9220547470033578f,0.027409888300170528f,-0.1444614806320021f,0.016466249208273304f,0.02282035451761626f,-0.9996039686079189f,0.6544913804851186f,0f,0f,0f,1f], start_interpolation: 0, interpolation_duration: 1 }
$data merge entity $(bone_leg_front_left2) { transformation: [-0.84046844565597f,0.519550583640138f,0.15388301691814438f,0.837403983596642f,0.5200759543490309f,0.8531805215078302f,-0.04004996164257435f,0.19391693648470204f,-0.1520979735715854f,0.046370127871496324f,-0.9872770723948766f,0.5601546802508698f,0f,0f,0f,1f], start_interpolation: 0, interpolation_duration: 1 }
$data merge entity $(bone_leg_front_left) { transformation: [-0.796258976515683f,0.5451479260955029f,0.26226967226877246f,0.6632223324838364f,0.5372726875933884f,0.8365179408950538f,-0.10759086265513693f,0.31144533689575576f,-0.2780462218487682f,0.055240141513861835f,-0.9589780108433947f,0.4993320692214518f,0f,0f,0f,1f], start_interpolation: 0, interpolation_duration: 1 }
$data merge entity $(bone_leg_back_left4) { transformation: [-0.6812583765501371f,-0.039339023914608015f,-0.7309852704245943f,1.218461260589878f,-0.0023075113781971697f,0.9986654726025628f,-0.0515940812762445f,0.07732892454811487f,0.7320394113512678f,-0.03346214322105098f,-0.6804399938271875f,-0.954729962673676f,0f,0f,0f,1f], start_interpolation: 0, interpolation_duration: 1 }
$data merge entity $(bone_leg_back_left3) { transformation: [-0.8242177159459806f,0.008667682966773615f,-0.5662067007664057f,1.0381636352266947f,0.044752580337743056f,0.9977524864487688f,-0.04987165866916405f,0.08711855149699615f,0.5645018718072636f,-0.06644431546255307f,-0.8227531766385398f,-0.8312451782158371f,0f,0f,0f,1f], start_interpolation: 0, interpolation_duration: 1 }
$data merge entity $(bone_leg_back_left2) { transformation: [-0.8593071002770027f,0.13897454154597214f,-0.4922168061084625f,0.7159234726228187f,0.18926134265643438f,0.9804637058458098f,-0.053582326330472704f,0.15809155499315905f,0.47515413455994737f,-0.1392012870672841f,-0.8688219323252601f,-0.6530623777558568f,0f,0f,0f,1f], start_interpolation: 0, interpolation_duration: 1 }
$data merge entity $(bone_leg_back_left) { transformation: [-0.8810697282613914f,0.28715434444191357f,-0.3758437393512531f,0.6333231855983134f,0.33879006315469934f,0.9376375503174195f,-0.07782748449220059f,0.1898531234139121f,0.33005670277852656f,-0.19590356480392027f,-0.9234091001544675f,-0.62211956187037f,0f,0f,0f,1f], start_interpolation: 0, interpolation_duration: 1 }
$data merge entity $(bone_leg_front_right4) { transformation: [-0.9649610649323042f,-0.19461437802636927f,0.17599825859968862f,-1.6324942139097005f,-0.18665180459208378f,0.9805378835652494f,0.06088154676008155f,-0.3530512186301994f,-0.18442138435450484f,0.025897929623638037f,-0.9825060051897783f,0.6474453987049192f,0f,0f,0f,1f], start_interpolation: 0, interpolation_duration: 1 }
$data merge entity $(bone_leg_front_right3) { transformation: [-0.9134969321678841f,-0.406804829168543f,0.005760719140585874f,-1.2677424106722561f,-0.4065122600326774f,0.9132300161431637f,0.027544873539044258f,-0.17363639398968728f,-0.01646624920827358f,0.022820354517616166f,-0.9996039686079188f,0.6544913804851181f,0f,0f,0f,1f], start_interpolation: 0, interpolation_duration: 1 }
$data merge entity $(bone_leg_front_right2) { transformation: [-0.8286895180692415f,-0.5384039322328361f,-0.1529538767027097f,-0.7582240233201183f,-0.5386463488018697f,0.8414101360201225f,-0.04346370813694814f,0.17616460738679568f,0.15209797357158514f,0.04637012787149619f,-0.9872770723948766f,0.5601546802508696f,0f,0f,0f,1f], start_interpolation: 0, interpolation_duration: 1 }
$data merge entity $(bone_leg_front_right) { transformation: [-0.7841083911810908f,-0.5636242219009832f,-0.25981102241035264f,-0.5867003127492547f,-0.5548552328265699f,0.8241821784363212f,-0.11339932695097008f,0.29753918956760783f,0.278046221848768f,0.055240141513861696f,-0.9589780108433948f,0.49933206922145157f,0f,0f,0f,1f], start_interpolation: 0, interpolation_duration: 1 }
$data merge entity $(bone_leg_back_right4) { transformation: [-0.6811410848745626f,0.017110518778127783f,0.7319522201913506f,-1.1365930745395447f,-0.012850008731239974f,0.9992935079936212f,-0.03531801463007008f,0.05112751706501734f,-0.732039411351268f,-0.03346214322105097f,-0.6804399938271872f,-0.9547299626736764f,0f,0f,0f,1f], start_interpolation: 0, interpolation_duration: 1 }
$data merge entity $(bone_leg_back_right3) { transformation: [-0.8230180233763336f,-0.030863992583714417f,0.567176116527755f,-0.9565578819259717f,-0.06307907675139529f,0.9973126725879428f,-0.03726208759163164f,0.06492606510438506f,-0.5645018718072639f,-0.06644431546255307f,-0.8227531766385395f,-0.8312451782158374f,0f,0f,0f,1f], start_interpolation: 0, interpolation_duration: 1 }
$data merge entity $(bone_leg_back_right2) { transformation: [-0.8548836248688184f,-0.1607539478963114f,0.4932870930471417f,-0.6359765226001648f,-0.20833275388602873f,0.9771290446581564f,-0.042617997884718054f,0.14305084781164584f,-0.4751541345599476f,-0.13920128706728413f,-0.8688219323252598f,-0.6530623777558571f,0f,0f,0f,1f], start_interpolation: 0, interpolation_duration: 1 }
$data merge entity $(bone_leg_back_right) { transformation: [-0.8733140824217779f,-0.30794425624432253f,0.37748224923821144f,-0.5541033273731232f,-0.3583086468322742f,0.9310167175423045f,-0.06944627608430412f,0.17664228345217156f,-0.3300567027785268f,-0.19590356480392032f,-0.9234091001544674f,-0.6221195618703702f,0f,0f,0f,1f], start_interpolation: 0, interpolation_duration: 1 }