# This file was generated by Animated Java via MC-Build. It is not recommended to edit this file directly.
$data merge entity $(bone_shell2) { transformation: [-1.1978311692764623f,-0.013728350277346316f,0.00404506937192751f,0.02605131429073096f,-0.014311889727119222f,1.148991934572474f,-0.33855139104369386f,1.155794720025983f,-1.467244803336465e-16f,-0.33857555576834514f,-1.1490739459729882f,-0.5012217324327053f,0f,0f,0f,1f], start_interpolation: 0, interpolation_duration: 1 }
$data merge entity $(bone_shell) { transformation: [-1.2603267085430603f,-0.01487657104904178f,0.002334304596691256f,0.02696560856611178f,-0.01505859701722979f,1.2450920761869888f,-0.19536922501601334f,1.0792730166154874f,-1.543796706119237e-16f,-0.19538316985172438f,-1.2451809469108508f,0.5230220049648606f,0f,0f,0f,1f], start_interpolation: 0, interpolation_duration: 1 }
$data merge entity $(bone_pupil_right2) { transformation: [-0.9999934605508587f,0.003271609794313986f,0.0015412413411790699f,-0.34902237455202867f,0.0034823327127692164f,0.9860744542443516f,0.16626798863756564f,2.51939837967121f,-0.0009758147342544344f,0.16627226845165094f,-0.9860793986944185f,1.2851986594872038f,0f,0f,0f,1f], start_interpolation: 0, interpolation_duration: 1 }
$data merge entity $(bone_pupil_right) { transformation: [-0.9999934605508587f,0.003271609794313986f,0.0015412413411790699f,-0.34772717404555253f,0.0034823327127692164f,0.9860744542443516f,0.16626798863756564f,2.514378362697599f,-0.0009758147342544344f,0.16627226845165094f,-0.9860793986944185f,1.2209719126426635f,0f,0f,0f,1f], start_interpolation: 0, interpolation_duration: 1 }
$data merge entity $(bone_eyelid_right) { transformation: [-0.9999934605508587f,0.003271609794313986f,0.0015412413411790699f,-0.31137517329451164f,0.0034823327127692164f,0.9860744542443516f,0.16626798863756564f,2.545066954831897f,-0.0009758147342544344f,0.16627226845165094f,-0.9860793986944185f,1.2262032943158943f,0f,0f,0f,1f], start_interpolation: 0, interpolation_duration: 1 }
$data merge entity $(bone_eye_right) { transformation: [-0.9999934605508587f,0.003271609794313986f,0.0015412413411790699f,-0.3476249362394802f,0.0034823327127692164f,0.9860744542443516f,0.16626798863756564f,2.5451931893927346f,-0.0009758147342544344f,0.16627226845165094f,-0.9860793986944185f,1.2261679210317775f,0f,0f,0f,1f], start_interpolation: 0, interpolation_duration: 1 }
$data merge entity $(bone_pupil_left2) { transformation: [-0.9999934605508587f,0.003271609794313986f,0.0015412413411790699f,0.343473096879441f,0.0034823327127692164f,0.9860744542443516f,0.16626798863756564f,2.516986864267617f,-0.0009758147342544344f,0.16627226845165094f,-0.9860793986944185f,1.2858744111906748f,0f,0f,0f,1f], start_interpolation: 0, interpolation_duration: 1 }
$data merge entity $(bone_pupil_left) { transformation: [-0.9999934605508587f,0.003271609794313986f,0.0015412413411790699f,0.3422683137345399f,0.0034823327127692164f,0.9860744542443516f,0.16626798863756564f,2.511975553125788f,-0.0009758147342544344f,0.16627226845165094f,-0.9860793986944185f,1.2216452248092988f,0f,0f,0f,1f], start_interpolation: 0, interpolation_duration: 1 }
$data merge entity $(bone_eyelid_left) { transformation: [-0.9999934605508587f,0.003271609794313986f,0.0015412413411790699f,0.3061207885956437f,0.0034823327127692164f,0.9860744542443516f,0.16626798863756564f,2.5429166143817614f,-0.0009758147342544344f,0.16627226845165094f,-0.9860793986944185f,1.2268058599142961f,0f,0f,0f,1f], start_interpolation: 0, interpolation_duration: 1 }
$data merge entity $(bone_eye_left) { transformation: [-0.9999934605508587f,0.003271609794313986f,0.0015412413411790699f,0.34237055154061224f,0.0034823327127692164f,0.9860744542443516f,0.16626798863756564f,2.5427903798209237f,-0.0009758147342544344f,0.16627226845165094f,-0.9860793986944185f,1.2268412331984129f,0f,0f,0f,1f], start_interpolation: 0, interpolation_duration: 1 }
$data merge entity $(bone_muzzle2) { transformation: [-0.9999934605508587f,0.0031248322974767604f,0.001820516034166349f,-0.0026286648919343963f,0.0034823327127692164f,0.9678309331970684f,0.2515773402072796f,2.6083788538495623f,-0.0009758147342544344f,0.25158203467259826f,-0.9678354858216346f,1.457787957506481f,0f,0f,0f,1f], start_interpolation: 0, interpolation_duration: 1 }
$data merge entity $(bone_muzzle) { transformation: [-0.9999934605508587f,0.003271609794313986f,0.0015412413411790699f,-0.0017380757485266887f,0.0034823327127692164f,0.9860744542443516f,0.16626798863756564f,2.7835969070793456f,-0.0009758147342544344f,0.16627226845165094f,-0.9860793986944185f,1.1704221789709315f,0f,0f,0f,1f], start_interpolation: 0, interpolation_duration: 1 }
$data merge entity $(bone_tongue) { transformation: [-0.9999934605508587f,0.0033934883651644777f,0.001250236870958452f,-0.003501796540302866f,0.0034823327127692164f,0.9968133532868008f,0.07969323727896332f,2.2565302268107f,-0.0009758147342544344f,0.07969706986984587f,-0.9968186519321178f,1.0969325277296973f,0f,0f,0f,1f], start_interpolation: 0, interpolation_duration: 1 }
$data merge entity $(bone_jaw) { transformation: [-0.9999934605508587f,0.0033934883651644777f,0.001250236870958452f,-0.003434819931108928f,0.0034823327127692164f,0.9968133532868008f,0.07969323727896332f,2.285190230435945f,-0.0009758147342544344f,0.07969706986984587f,-0.9968186519321178f,1.1305736440360086f,0f,0f,0f,1f], start_interpolation: 0, interpolation_duration: 1 }
$data merge entity $(bone_ear_left) { transformation: [-0.9235925544842741f,-0.04067832602384365f,-0.38121131553655463f,0.34806149705606526f,-0.0678676769379613f,0.9959984096337273f,0.058147626212341645f,2.647794520331038f,0.37732051591221116f,0.07957664103858368f,-0.922657458904852f,0.8935310925412884f,0f,0f,0f,1f], start_interpolation: 0, interpolation_duration: 1 }
$data merge entity $(bone_ear_right) { transformation: [-0.9223593378227327f,0.047458709194538304f,0.3834069937452864f,-0.3519339253295358f,0.07429593763602413f,0.9956914851456629f,0.05548495344873408f,2.6502321532299766f,-0.3791218347470821f,0.07966264701861502f,-0.9219113282132902f,0.8928480222273103f,0f,0f,0f,1f], start_interpolation: 0, interpolation_duration: 1 }
$data merge entity $(bone_head_angle) { transformation: [-0.9999934605508587f,0.0033934883651644777f,0.001250236870958452f,-0.0029604007880049514f,0.0034823327127692164f,0.9968133532868008f,0.07969323727896332f,2.388603136966453f,-0.0009758147342544344f,0.07969706986984587f,-0.9968186519321178f,1.013442912844792f,0f,0f,0f,1f], start_interpolation: 0, interpolation_duration: 1 }
$data merge entity $(bone_neck3) { transformation: [-0.9995529134176062f,-0.02988833609355556f,0.0008128000577400307f,0.018598040784651236f,-0.029893787899422982f,0.9984704159579777f,-0.04651010537213711f,1.666592203118019f,0.0005785528493667578f,-0.04651360900061002f,-0.998917488811933f,0.9532260547378616f,0f,0f,0f,1f], start_interpolation: 0, interpolation_duration: 1 }
$data merge entity $(bone_neck2) { transformation: [-0.9999166297124817f,-0.01291040622760913f,-0.00023459639752168669f,0.024257340215364062f,-0.01290685208740581f,0.9998504763347009f,-0.011508177199949676f,1.229697065527835f,0.0003831365623991227f,-0.011504189858904446f,-0.9999337512165815f,1.0051310323894096f,0f,0f,0f,1f], start_interpolation: 0, interpolation_duration: 1 }
$data merge entity $(bone_chest2) { transformation: [-0.9999166297124817f,-0.012144154370138084f,-0.0043878399088702925f,0.03632323525933295f,-0.01290685208740581f,0.9500835774931181f,0.3117284217826026f,0.2960880468239402f,0.0003831365623991227f,0.3117590660951381f,-0.9501611115562778f,1.0441134642855674f,0f,0f,0f,1f], start_interpolation: 0, interpolation_duration: 1 }
$data merge entity $(bone_chest) { transformation: [-0.9999286282655684f,-0.011095623912165242f,0.0044300682769546f,0.03888500764506542f,-0.011947316641769089f,0.9286463505498267f,-0.37077380872379545f,0.08168094400736037f,-1.2248304445243534e-16f,-0.3708002733824344f,-0.9287126343813309f,0.591344655638103f,0f,0f,0f,1f], start_interpolation: 0, interpolation_duration: 1 }
$data merge entity $(bone_tail2) { transformation: [-0.9999286282655684f,-0.011946223604639095f,-0.00016160608483688568f,0.03670163810361483f,-0.011947316641769089f,0.9998371467094324f,0.01352559370239563f,0.26441768532272514f,-1.2248304445243534e-16f,0.013526559116380676f,-0.9999085119142006f,-1.1025564700545682f,0f,0f,0f,1f], start_interpolation: 0, interpolation_duration: 1 }
$data merge entity $(bone_tail) { transformation: [-0.9999286282655684f,-0.011878458991236837f,0.001280853985510195f,0.033251703111239296f,-0.011947316641769089f,0.9941655989505527f,-0.1072008558191127f,0.5531594059925306f,-1.2248304445243534e-16f,-0.10720850747623709f,-0.9942365593382279f,-0.7565198871717921f,0f,0f,0f,1f], start_interpolation: 0, interpolation_duration: 1 }
$data merge entity $(bone_torso) { transformation: [-0.9999286282655684f,-0.011919399078953632f,0.000816272341398327f,0.03231803465531065f,-0.011947316641769089f,0.9975920726081271f,-0.06831777436716288f,0.631302628138959f,-1.2248304445243534e-16f,-0.06832265067324239f,-0.9976632775666257f,-0.07276146667827581f,0f,0f,0f,1f], start_interpolation: 0, interpolation_duration: 1 }
$data merge entity $(bone_leg_front_left4) { transformation: [-0.9648039842098687f,0.19746923237371986f,-0.17366396954606664f,1.708060347266591f,0.18865158152747327f,0.9798196321941666f,0.0660611016716431f,-0.3335482586405595f,0.18320440180286754f,0.030974031584889997f,-0.9825867679382985f,0.6490468832977018f,0f,0f,0f,1f], start_interpolation: 0, interpolation_duration: 1 }
$data merge entity $(bone_leg_front_left3) { transformation: [-0.9112694068670899f,0.4117959370866404f,-0.00348916996400489f,1.3442914622438145f,0.4114808960482482f,0.9108459146660384f,0.03229848175253178f,-0.1521521772043018f,0.016478479767048804f,0.027996891526083766f,-0.9994721775864717f,0.6561787171331604f,0f,0f,0f,1f], start_interpolation: 0, interpolation_duration: 1 }
$data merge entity $(bone_leg_front_left2) { transformation: [-0.8292698121321775f,0.5369797632508446f,0.15480411023396534f,0.8343881384619981f,0.5378797571291452f,0.8420888503746544f,-0.03964511250311728f,0.19718030928851793f,-0.1516474383461682f,0.05038950221781956f,-0.9871494073894211f,0.5621864041389587f,0f,0f,0f,1f], start_interpolation: 0, interpolation_duration: 1 }
$data merge entity $(bone_leg_front_left) { transformation: [-0.7920399144498799f,0.5515204464244577f,0.2617211705116605f,0.6611294071760869f,0.5433774426870076f,0.8323147140473948f,-0.10951333964011566f,0.31604412487630085f,-0.278233227162312f,0.055474444169998485f,-0.9589102446771934f,0.501322885697203f,0f,0f,0f,1f], start_interpolation: 0, interpolation_duration: 1 }
$data merge entity $(bone_leg_back_left4) { transformation: [-0.6811287892757942f,-0.040830245689903816f,-0.7310242564078107f,1.2151748142639078f,-0.009601731142154587f,0.9988561058464496f,-0.0468432126603204f,0.075007683350155f,0.7321006619166275f,-0.024887162356691306f,-0.6807416910775094f,-0.952290500070734f,0f,0f,0f,1f], start_interpolation: 0, interpolation_duration: 1 }
$data merge entity $(bone_leg_back_left3) { transformation: [-0.824028614007026f,0.017662034070095256f,-0.5662728104457836f,1.034918554949871f,0.05138447907947652f,0.9977243643154874f,-0.04365464649939532f,0.08624803814879048f,0.5642131499773737f,-0.06507031123149112f,-0.8230609795081081f,-0.8288688735131835f,0f,0f,0f,1f], start_interpolation: 0, interpolation_duration: 1 }
$data merge entity $(bone_leg_back_left2) { transformation: [-0.8568020364853833f,0.15340085258758276f,-0.4922991455404959f,0.7136177912678522f,0.20267343310806152f,0.978070881050149f,-0.04796697982964027f,0.16225057556431355f,0.47414528341711026f,-0.14087416394494665f,-0.8691034001464499f,-0.6510643922317672f,0f,0f,0f,1f], start_interpolation: 0, interpolation_duration: 1 }
$data merge entity $(bone_leg_back_left) { transformation: [-0.877784622978677f,0.2965271053085212f,-0.37625235079601954f,0.6313254828636012f,0.3474966170022931f,0.9347558513302583f,-0.07401080715547867f,0.19482838340827854f,0.32975787607598295f,-0.19571196749609626f,-0.923556478481237f,-0.6201495913496438f,0f,0f,0f,1f], start_interpolation: 0, interpolation_duration: 1 }
$data merge entity $(bone_leg_front_right4) { transformation: [-0.9600211164719044f,-0.22082361930855873f,0.17203599938241637f,-1.6198927798321139f,-0.211649717902225f,0.9748217983420595f,0.07019158346313083f,-0.37331120636951864f,-0.1832044018028678f,0.030974031584889965f,-0.9825867679382981f,0.6490468832977012f,0f,0f,0f,1f], start_interpolation: 0, interpolation_duration: 1 }
$data merge entity $(bone_leg_front_right3) { transformation: [-0.9011777772644051f,-0.4334411546717448f,0.0027164685918890097f,-1.2605618258601954f,-0.43313632203886254f,0.9007468787077206f,0.03237262777325347f,-0.18327540556142258f,-0.01647847976704908f,0.027996891526083673f,-0.9994721775864714f,0.65617871713316f,0f,0f,0f,1f], start_interpolation: 0, interpolation_duration: 1 }
$data merge entity $(bone_leg_front_right2) { transformation: [-0.8161815526351014f,-0.5569464361856183f,-0.15381267944579236f,-0.7591506435286572f,-0.5575398887803459f,0.8290184348290328f,-0.04333251818692682f,0.17814043797049722f,0.15164743834616792f,0.050389502217819425f,-0.987149407389421f,0.5621864041389585f,0f,0f,0f,1f], start_interpolation: 0, interpolation_duration: 1 }
$data merge entity $(bone_leg_front_right) { transformation: [-0.7788309274184398f,-0.5712494355978809f,-0.2590298608763773f,-0.5887813781558735f,-0.5621464736164218f,0.8188996692960209f,-0.11573536118010537f,0.3011099790740895f,0.2782332271623118f,0.055474444169998346f,-0.9589102446771934f,0.5013228856972027f,0f,0f,0f,1f], start_interpolation: 0, interpolation_duration: 1 }
$data merge entity $(bone_leg_back_right4) { transformation: [-0.6811637563125068f,0.016952992702466106f,0.7319347874808697f,-1.136909551847248f,-0.006675170969445312f,0.9995465097674354f,-0.029363530173786213f,0.04690458089290505f,-0.7321006619166276f,-0.024887162356691327f,-0.6807416910775093f,-0.9522905000707342f,0f,0f,0f,1f], start_interpolation: 0, interpolation_duration: 1 }
$data merge entity $(bone_leg_back_right3) { transformation: [-0.8225656473435872f,-0.04149554825283369f,0.5671541900448431f,-0.9569733164908383f,-0.07105826625266551f,0.997017539500401f,-0.030112268691210742f,0.06244857663567563f,-0.5642131499773738f,-0.06507031123149115f,-0.823060979508108f,-0.8288688735131837f,0f,0f,0f,1f], start_interpolation: 0, interpolation_duration: 1 }
$data merge entity $(bone_leg_back_right2) { transformation: [-0.8517149777038471f,-0.1767260372352875f,0.4933046771702524f,-0.6375801998518956f,-0.2230870838220876f,0.9741264690459468f,-0.03619081839131012f,0.14610623306895848f,-0.47414528341711043f,-0.1408741639449467f,-0.8691034001464498f,-0.6510643922317673f,0f,0f,0f,1f], start_interpolation: 0, interpolation_duration: 1 }
$data merge entity $(bone_leg_back_right) { transformation: [-0.8692313242681011f,-0.3187765078574679f,0.37791327437564387f,-0.5560897632017612f,-0.3683702594903388f,0.9274040995256623f,-0.0649999085077498f,0.18064094489617774f,-0.32975787607598317f,-0.19571196749609635f,-0.9235564784812369f,-0.6201495913496439f,0f,0f,0f,1f], start_interpolation: 0, interpolation_duration: 1 }