# This file was generated by Animated Java via MC-Build. It is not recommended to edit this file directly.
$data merge entity $(bone_shell2) { transformation: [-1.1978254412535143f,-0.01417979497501448f,0.0041816238553881975f,0.024616885285149055f,-0.014783523382516008f,1.14890873666278f,-0.338813374196048f,1.1581304664752166f,-1.4669130925683824e-16f,-0.33883917794756147f,-1.1489962366194237f,-0.5003219734543765f,0f,0f,0f,1f], start_interpolation: 0, interpolation_duration: 1 }
$data merge entity $(bone_shell) { transformation: [-1.2603206816667412f,-0.015366259587797993f,0.0024147547437204015f,0.025558409130837456f,-0.015554837645951626f,1.2450412662071138f,-0.19565394470417904f,1.0818441045077878f,-1.543447688702385e-16f,-0.1956688455497662f,-1.2451360875391624f,0.5239392945508246f,0f,0f,0f,1f], start_interpolation: 0, interpolation_duration: 1 }
$data merge entity $(bone_pupil_right2) { transformation: [-0.9999922394656577f,0.0035310444966521583f,0.0017472072634216983f,-0.3503248560913915f,0.0037721545740683725f,0.9861097074425831f,0.16605244875452008f,2.5223402939488175f,-0.0011365994580440654f,0.16605775083465946f,-0.9861153743499825f,1.282307447063484f,0f,0f,0f,1f], start_interpolation: 0, interpolation_duration: 1 }
$data merge entity $(bone_pupil_right) { transformation: [-0.9999922394656577f,0.0035310444966521583f,0.0017472072634216983f,-0.34902083790835575f,0.0037721545740683725f,0.9861097074425831f,0.16605244875452008f,2.517305892623967f,-0.0011365994580440654f,0.16605775083465946f,-0.9861153743499825f,1.2180820045591412f,0f,0f,0f,1f], start_interpolation: 0, interpolation_duration: 1 }
$data merge entity $(bone_eyelid_right) { transformation: [-0.9999922394656577f,0.0035310444966521583f,0.0017472072634216983f,-0.31266077408720533f,0.0037721545740683725f,0.9861097074425831f,0.16605244875452008f,2.5479850803782376f,-0.0011365994580440654f,0.16605775083465946f,-0.9861153743499825f,1.2233125110030785f,0f,0f,0f,1f], start_interpolation: 0, interpolation_duration: 1 }
$data merge entity $(bone_eye_right) { transformation: [-0.9999922394656577f,0.0035310444966521583f,0.0017472072634216983f,-0.34891049276783537f,0.0037721545740683725f,0.9861097074425831f,0.16605244875452008f,2.5481218209815477f,-0.0011365994580440654f,0.16605775083465946f,-0.9861153743499825f,1.2232713092727243f,0f,0f,0f,1f], start_interpolation: 0, interpolation_duration: 1 }
$data merge entity $(bone_pupil_left2) { transformation: [-0.9999922394656577f,0.0035310444966521583f,0.0017472072634216983f,0.3421697697385765f,0.0037721545740683725f,0.9861097074425831f,0.16605244875452008f,2.5197280769062753f,-0.0011365994580440654f,0.16605775083465946f,-0.9861153743499825f,1.2830945421881794f,0f,0f,0f,1f], start_interpolation: 0, interpolation_duration: 1 }
$data merge entity $(bone_pupil_left) { transformation: [-0.9999922394656577f,0.0035310444966521583f,0.0017472072634216983f,0.3409738073229481f,0.0037721545740683725f,0.9861097074425831f,0.16605244875452008f,2.51470310596786f,-0.0011365994580440654f,0.16605775083465946f,-0.9861153743499825f,1.2188662581851915f,0f,0f,0f,1f], start_interpolation: 0, interpolation_duration: 1 }
$data merge entity $(bone_eyelid_left) { transformation: [-0.9999922394656577f,0.0035310444966521583f,0.0017472072634216983f,0.3048344337828384f,0.0037721545740683725f,0.9861097074425831f,0.16605244875452008f,2.545655774928751f,-0.0011365994580440654f,0.16605775083465946f,-0.9861153743499825f,1.2240143611684204f,0f,0f,0f,1f], start_interpolation: 0, interpolation_duration: 1 }
$data merge entity $(bone_eye_left) { transformation: [-0.9999922394656577f,0.0035310444966521583f,0.0017472072634216983f,0.34108415246346846f,0.0037721545740683725f,0.9861097074425831f,0.16605244875452008f,2.545519034325441f,-0.0011365994580440654f,0.16605775083465946f,-0.9861153743499825f,1.2240555628987746f,0f,0f,0f,1f], start_interpolation: 0, interpolation_duration: 1 }
$data merge entity $(bone_muzzle2) { transformation: [-0.9999922394656577f,0.003365328659513295f,0.0020483094180688334f,-0.003932962643970837f,0.0037721545740683725f,0.9678848377848359f,0.25136569303723844f,2.6112579402108858f,-0.0011365994580440654f,0.2513714688448856f,-0.9678900210212092f,1.4549327667735357f,0f,0f,0f,1f], start_interpolation: 0, interpolation_duration: 1 }
$data merge entity $(bone_muzzle) { transformation: [-0.9999922394656577f,0.0035310444966521583f,0.0017472072634216983f,-0.0029455798120700356f,0.0037721545740683725f,0.9861097074425831f,0.16605244875452008f,2.7864130438769963f,-0.0011365994580440654f,0.16605775083465946f,-0.9861153743499825f,1.1675289311434986f,0f,0f,0f,1f], start_interpolation: 0, interpolation_duration: 1 }
$data merge entity $(bone_tongue) { transformation: [-0.9999922394656577f,0.0036698869530685375f,0.001432807806507334f,-0.0048504320119343415f,0.0037721545740683725f,0.9968296867973712f,0.07947544507156995f,2.259330880424379f,-0.0011365994580440654f,0.07948023307217017f,-0.9968357942472098f,1.094153938753683f,0f,0f,0f,1f], start_interpolation: 0, interpolation_duration: 1 }
$data merge entity $(bone_jaw) { transformation: [-0.9999922394656577f,0.0036698869530685375f,0.001432807806507334f,-0.004780523288604304f,0.0037721545740683725f,0.9968296867973712f,0.07947544507156995f,2.2879982004783104f,-0.0011365994580440654f,0.07948023307217017f,-0.9968357942472098f,1.1277888146074135f,0f,0f,0f,1f], start_interpolation: 0, interpolation_duration: 1 }
$data merge entity $(bone_ear_left) { transformation: [-0.9235816517226543f,-0.0427660227567553f,-0.3810091861081861f,0.3468588737380967f,-0.06969454141468628f,0.9959296945931796f,0.05715517758289749f,2.6504488163111186f,0.37701406273274524f,0.07934173381710696f,-0.9228029506761696f,0.8907234466893724f,0f,0f,0f,1f], start_interpolation: 0, interpolation_duration: 1 }
$data merge entity $(bone_ear_right) { transformation: [-0.9221701674917349f,0.05009788026578407f,0.3835262501852267f,-0.35313569388786364f,0.07665705661496919f,0.9955793948781143f,0.054271209358711485f,2.6530893245129668f,-0.3791119595309483f,0.07944728369807771f,-0.9219339733698947f,0.8899278270687416f,0f,0f,0f,1f], start_interpolation: 0, interpolation_duration: 1 }
$data merge entity $(bone_head_angle) { transformation: [-0.9999922394656577f,0.0036698869530685375f,0.001432807806507334f,-0.004257370410940712f,0.0037721545740683725f,0.9968296867973712f,0.07947544507156995f,2.3913854142495103f,-0.0011365994580440654f,0.07948023307217017f,-0.9968357942472098f,1.0106356121770284f,0f,0f,0f,1f], start_interpolation: 0, interpolation_duration: 1 }
$data merge entity $(bone_neck3) { transformation: [-0.9995527597959858f,-0.02988941082521295f,0.0009505286687189721f,0.0173147556823735f,-0.02990009219703121f,0.9983527123842401f,-0.04896780740078056f,1.6692286702795145f,0.0005146560379972666f,-0.04897432792343913f,-0.998799905052864f,0.9521984192732942f,0f,0f,0f,1f], start_interpolation: 0, interpolation_duration: 1 }
$data merge entity $(bone_neck2) { transformation: [-0.9999148418552269f,-0.013049848084117514f,-0.00010248228052811472f,0.02302886807607467f,-0.013047195608756973f,0.9998198569653934f,-0.013784930338851198f,1.2324536514667885f,0.0002823550658312573f,-0.013782419333397244f,-0.9999049780818852f,1.0050987735792438f,0f,0f,0f,1f], start_interpolation: 0, interpolation_duration: 1 }
$data merge entity $(bone_chest2) { transformation: [-0.9999148418552269f,-0.012313914933779011f,-0.0043216358754552715f,0.035221580414765065f,-0.013047195608756973f,0.9504405238648302f,0.3106325502620319f,0.2988918875303329f,0.0002823550658312573f,0.3106624825989624f,-0.9505202481699515f,1.045158557735917f,0f,0f,0f,1f], start_interpolation: 0, interpolation_duration: 1 }
$data merge entity $(bone_chest) { transformation: [-0.9999238466116294f,-0.011459111286482294f,0.004581456747225371f,0.03787040601608032f,-0.012341028214969884f,0.9284670966420052f,-0.3712095762177513f,0.08427250265139463f,-1.2245535381440408e-16f,-0.3712378472377099f,-0.9285378079423103f,0.5924908364909403f,0f,0f,0f,1f], start_interpolation: 0, interpolation_duration: 1 }
$data merge entity $(bone_tail2) { transformation: [-0.9999238466116294f,-0.012340773990494084f,-0.00007921311903640754f,0.03562944620139998f,-0.012341028214969884f,0.999903248237546f,0.006418191848312285f,0.26584482539183996f,-1.2245535381440408e-16f,0.006418680652592865f,-0.9999794000571612f,-1.1008036709047677f,0f,0f,0f,1f], start_interpolation: 0, interpolation_duration: 1 }
$data merge entity $(bone_tail) { transformation: [-0.9999238466116294f,-0.012266593872935374f,0.001353385443673409f,0.03205527819178861f,-0.012341028214969884f,0.9938928520858364f,-0.1096571821417947f,0.5554394817164721f,-1.2245535381440408e-16f,-0.10966553354376153f,-0.9939685461585603f,-0.7554818494812481f,0f,0f,0f,1f], start_interpolation: 0, interpolation_duration: 1 }
$data merge entity $(bone_torso) { transformation: [-0.9999238466116294f,-0.012311996885242864f,0.0008459965132627818f,0.03108890568625661f,-0.012341028214969884f,0.9975716018563932f,-0.06854632150791898f,0.6337391903111786f,-1.2245535381440408e-16f,-0.06855154194011574f,-0.997647576099713f,-0.071741376598324f,0f,0f,0f,1f], start_interpolation: 0, interpolation_duration: 1 }
$data merge entity $(bone_leg_front_left4) { transformation: [-0.9624266517497259f,0.21035645072394196f,-0.171712269918714f,1.700343630541976f,0.20091586961274405f,0.9770450883797617f,0.07082166766420339f,-0.3422058887677759f,0.1826684245828119f,0.033660940447494354f,-0.9825981822437f,0.6497377909086639f,0f,0f,0f,1f], start_interpolation: 0, interpolation_duration: 1 }
$data merge entity $(bone_leg_front_left3) { transformation: [-0.9054527367799655f,0.42444248290355036f,-0.0019799404888492245f,1.3391353700204829f,0.4241228931873671f,0.9049335651561744f,0.034857052774341916f,-0.15576637645484281f,0.016586528631613223f,0.03072167574214192f,-0.9993903470153928f,0.6569560943487277f,0f,0f,0f,1f], start_interpolation: 0, interpolation_duration: 1 }
$data merge entity $(bone_leg_front_left2) { transformation: [-0.8236755056149321f,0.5453867180193418f,0.15528035696145426f,0.8328598464802026f,0.5464923358014052f,0.8365405021206159f,-0.039320671689484846f,0.19886227876667006f,-0.1513432798650476f,0.052472050844985844f,-0.9870875824970199f,0.5631864202275259f,0f,0f,0f,1f], start_interpolation: 0, interpolation_duration: 1 }
$data merge entity $(bone_leg_front_left) { transformation: [-0.7900833566516033f,0.5544414453312354f,0.2614631393545676f,0.6600291122126644f,0.5461985773453163f,0.8303598793333173f,-0.1103158415619056f,0.318343217560958f,-0.2782721754830836f,0.05565208435062809f,-0.9588886493536893f,0.5023143818406013f,0f,0f,0f,1f], start_interpolation: 0, interpolation_duration: 1 }
$data merge entity $(bone_leg_back_left4) { transformation: [-0.6811409496236358f,-0.04053058522660068f,-0.7310296015942177f,1.2133840319074105f,-0.012298529873262078f,0.9989590751271857f,-0.04392621522500895f,0.07350052713007896f,0.7320490099090143f,-0.020929354558289377f,-0.6809303996804705f,-0.9510569941545048f,0f,0f,0f,1f], start_interpolation: 0, interpolation_duration: 1 }
$data merge entity $(bone_leg_back_left3) { transformation: [-0.8238930395954938f,0.023074533937237296f,-0.566275396948938f,1.0331574294958963f,0.05558671376109708f,0.9976433328208648f,-0.04022309947429199f,0.08566012076531894f,0.5640127450327164f,-0.06461692008797852f,-0.8232340354231013f,-0.8276792061785981f,0f,0f,0f,1f], start_interpolation: 0, interpolation_duration: 1 }
$data merge entity $(bone_leg_back_left2) { transformation: [-0.855362146533195f,0.1611923642569408f,-0.49231353828975966f,0.7123966245459481f,0.20990752515503008f,0.976689048282725f,-0.04491473976185645f,0.16437544269845522f,0.47359732807672744f,-0.14175868463640096f,-0.8692583310896376f,-0.6500802081498254f,0f,0f,0f,1f], start_interpolation: 0, interpolation_duration: 1 }
$data merge entity $(bone_leg_back_left) { transformation: [-0.8760208586107323f,0.3014455451630872f,-0.3764545637659932f,0.630269669051192f,0.3520376860830067f,0.9332179265022147f,-0.0719289179136553f,0.1973789757687371f,0.32963149554652316f,-0.19553742597322915f,-0.9236385614446413f,-0.6191772554423388f,0f,0f,0f,1f], start_interpolation: 0, interpolation_duration: 1 }
$data merge entity $(bone_leg_front_right4) { transformation: [-0.9571748555247288f,-0.23440602126816362f,0.16991207474586356f,-1.6135708638109203f,-0.2246075301757449f,0.9715558441393988f,0.0750379844274375f,-0.38310611573545145f,-0.18266842458281213f,0.033660940447494306f,-0.9825981822437f,0.6497377909086633f,0f,0f,0f,1f], start_interpolation: 0, interpolation_duration: 1 }
$data merge entity $(bone_leg_front_right3) { transformation: [-0.8947095061142967f,-0.44664711728084217f,0.00111905916963978f,-1.2570739881595003f,-0.4463404381597797f,0.8941826051004954f,0.034895300529261625f,-0.18780870952834572f,-0.016586528631613445f,0.03072167574214182f,-0.9993903470153928f,0.6569560943487273f,0f,0f,0f,1f], start_interpolation: 0, interpolation_duration: 1 }
$data merge entity $(bone_leg_front_right2) { transformation: [-0.8099370849741592f,-0.5658665596580564f,-0.15426261713168624f,-0.759704975045308f,-0.566654330278391f,0.8228254496191016f,-0.0431410412005971f,0.17920689454594713f,0.15134327986504736f,0.05247205084498571f,-0.9870875824970199f,0.5631864202275255f,0f,0f,0f,1f], start_interpolation: 0, interpolation_duration: 1 }
$data merge entity $(bone_leg_front_right) { transformation: [-0.7763624182557057f,-0.5747659900191382f,-0.2586608826967712f,-0.5898756960518724f,-0.565531601125936f,0.8164232371905829f,-0.11673519564888968f,0.30291693229224564f,0.27827217548308336f,0.05565208435062795f,-0.9588886493536893f,0.5023143818406011f,0f,0f,0f,1f], start_interpolation: 0, interpolation_duration: 1 }
$data merge entity $(bone_leg_back_right4) { transformation: [-0.6812370026506293f,0.015863752933305116f,0.7318910353067987f,-1.1370193018664683f,-0.004515895350661778f,0.9996550922496441f,-0.025870895394968625f,0.04449192416800881f,-0.7320490099090144f,-0.02092935455828939f,-0.6809303996804703f,-0.9510569941545051f,0f,0f,0f,1f], start_interpolation: 0, interpolation_duration: 1 }
$data merge entity $(bone_leg_back_right3) { transformation: [-0.8222701902412988f,-0.04768951923414652f,0.5670956215628491f,-0.9571476977511841f,-0.07590360782728317f,0.9967699651341626f,-0.02623507052100745f,0.061095838380227f,-0.5640127450327166f,-0.06461692008797855f,-0.8232340354231011f,-0.8276792061785984f,0f,0f,0f,1f], start_interpolation: 0, interpolation_duration: 1 }
$data merge entity $(bone_leg_back_right2) { transformation: [-0.8499210467171991f,-0.18524812314546077f,0.49327208234221465f,-0.6384273052322345f,-0.23095407592360168f,0.9724132908394669f,-0.0327506734745045f,0.14770361685157762f,-0.47359732807672766f,-0.141758684636401f,-0.8692583310896375f,-0.6500802081498255f,0f,0f,0f,1f], start_interpolation: 0, interpolation_duration: 1 }
$data merge entity $(bone_leg_back_right) { transformation: [-0.8670656686092433f,-0.32438570768696295f,0.37811511338167125f,-0.5571398988001179f,-0.37355080439341604f,0.925493937145021f,-0.06261604303083745f,0.18272400476346037f,-0.3296314955465234f,-0.19553742597322923f,-0.9236385614446412f,-0.6191772554423389f,0f,0f,0f,1f], start_interpolation: 0, interpolation_duration: 1 }