# This file was generated by Animated Java via MC-Build. It is not recommended to edit this file directly.
$data merge entity $(bone_shell2) { transformation: [-1.1978083475732926f,-0.015450986198852861f,0.004557388177376634f,0.02017065470633182f,-0.016109089406804902f,1.1488743888532746f,-0.3388694087008683f,1.1653157991726875f,-1.4665674628844986e-16f,-0.3389000530248931f,-1.1489782827962862f,-0.49721009935597926f,0f,0f,0f,1f], start_interpolation: 0, interpolation_duration: 1 }
$data merge entity $(bone_shell) { transformation: [-1.2603026961423338f,-0.016743937276764438f,0.0026321610792605517f,0.02119587061639948f,-0.016949563636725156f,1.245013131088583f,-0.19571711555364496f,1.0890847879632395f,-1.543084026165429e-16f,-0.19573481446228722f,-1.245125718961152f,0.5270552092859385f,0f,0f,0f,1f], start_interpolation: 0, interpolation_duration: 1 }
$data merge entity $(bone_pupil_right2) { transformation: [-0.9999880135515423f,0.004283709054851531f,0.002371200112601984f,-0.3541963657987723f,0.004616384270275151f,0.9862693596979981f,0.16508009909486365f,2.530431657417002f,-0.0016314869015033203f,0.16508906674166612f,-0.9862773130782522f,1.2744195297972034f,0f,0f,0f,1f], start_interpolation: 0, interpolation_duration: 1 }
$data merge entity $(bone_pupil_right) { transformation: [-0.9999880135515423f,0.004283709054851531f,0.002371200112601984f,-0.35286511372877727f,0.004616384270275151f,0.9862693596979981f,0.16508009909486365f,2.525332934384812f,-0.0016314869015033203f,0.16508906674166612f,-0.9862773130782522f,1.210199720420601f,0f,0f,0f,1f], start_interpolation: 0, interpolation_duration: 1 }
$data merge entity $(bone_eyelid_right) { transformation: [-0.9999880135515423f,0.004283709054851531f,0.002371200112601984f,-0.3164816823295698f,0.004616384270275151f,0.9862693596979981f,0.16508009909486365f,2.555986507945577f,-0.0016314869015033203f,0.16508906674166612f,-0.9862773130782522f,1.2154178951564576f,0f,0f,0f,1f], start_interpolation: 0, interpolation_duration: 1 }
$data merge entity $(bone_eye_right) { transformation: [-0.9999880135515423f,0.004283709054851531f,0.002371200112601984f,-0.35273124782081317f,0.004616384270275151f,0.9862693596979981f,0.16508009909486365f,2.5561538518753744f,-0.0016314869015033203f,0.16508906674166612f,-0.9862773130782522f,1.215358753756278f,0f,0f,0f,1f], start_interpolation: 0, interpolation_duration: 1 }
$data merge entity $(bone_pupil_left2) { transformation: [-0.9999880135515423f,0.004283709054851531f,0.002371200112601984f,0.3382953335856708f,0.004616384270275151f,0.9862693596979981f,0.16508009909486365f,2.5272348113098366f,-0.0016314869015033203f,0.16508906674166612f,-0.9862773130782522f,1.2755493344764943f,0f,0f,0f,1f], start_interpolation: 0, interpolation_duration: 1 }
$data merge entity $(bone_pupil_left) { transformation: [-0.9999880135515423f,0.004283709054851531f,0.002371200112601984f,0.3371266156217869f,0.004616384270275151f,0.9862693596979981f,0.16508009909486365f,2.5221476292383223f,-0.0016314869015033203f,0.16508906674166612f,-0.9862773130782522f,1.2113254463826382f,0f,0f,0f,1f], start_interpolation: 0, interpolation_duration: 1 }
$data merge entity $(bone_eyelid_left) { transformation: [-0.9999880135515423f,0.004283709054851531f,0.002371200112601984f,0.30101091603850766f,0.004616384270275151f,0.9862693596979981f,0.16508009909486365f,2.553135890658682f,-0.0016314869015033203f,0.16508906674166612f,-0.9862773130782522f,1.2164253383181356f,0f,0f,0f,1f], start_interpolation: 0, interpolation_duration: 1 }
$data merge entity $(bone_eye_left) { transformation: [-0.9999880135515423f,0.004283709054851531f,0.002371200112601984f,0.337260481529751f,0.004616384270275151f,0.9862693596979981f,0.16508009909486365f,2.5529685467288847f,-0.0016314869015033203f,0.16508906674166612f,-0.9862773130782522f,1.2164844797183152f,0f,0f,0f,1f], start_interpolation: 0, interpolation_duration: 1 }
$data merge entity $(bone_muzzle2) { transformation: [-0.9999880135515423f,0.0040607445415935415f,0.002735526824679101f,-0.00781407416278297f,0.004616384270275151f,0.9681286283720165f,0.2504109580724994f,2.6192263360807426f,-0.0016314869015033203f,0.25042058477746176f,-0.9681357699053398f,1.447127392240917f,0f,0f,0f,1f], start_interpolation: 0, interpolation_duration: 1 }
$data merge entity $(bone_muzzle) { transformation: [-0.9999880135515423f,0.004283709054851531f,0.002371200112601984f,-0.006537610495738409f,0.004616384270275151f,0.9862693596979981f,0.16508009909486365f,2.794097537010137f,-0.0016314869015033203f,0.16508906674166612f,-0.9862773130782522f,1.1595518652466714f,0f,0f,0f,1f], start_interpolation: 0, interpolation_duration: 1 }
$data merge entity $(bone_tongue) { transformation: [-0.9999880135515423f,0.004474071955627855f,0.0019888271358981923f,-0.008852310374168889f,0.004616384270275151f,0.9969039856709563f,0.07849288088502687f,2.2669451971500982f,-0.0016314869015033203f,0.07850112122446246f,-0.9969126903681149f,1.0866946230221721f,0f,0f,0f,1f], start_interpolation: 0, interpolation_duration: 1 }
$data merge entity $(bone_jaw) { transformation: [-0.9999880135515423f,0.004474071955627855f,0.0019888271358981923f,-0.008774646473552337f,0.004616384270275151f,0.9969039856709563f,0.07849288088502687f,2.2956455441746586f,-0.0016314869015033203f,0.07850112122446246f,-0.9969126903681149f,1.12030130463444f,0f,0f,0f,1f], start_interpolation: 0, interpolation_duration: 1 }
$data merge entity $(bone_ear_left) { transformation: [-0.9234916389358622f,-0.04981768965859684f,-0.38037007060576544f,0.3432874027122075f,-0.07577750838875645f,0.9956845930963015f,0.053572010350969125f,2.6575652262395386f,0.37605978519106137f,0.07829679985626588f,-0.9232814571377035f,0.8830521520918447f,0f,0f,0f,1f], start_interpolation: 0, interpolation_duration: 1 }
$data merge entity $(bone_ear_right) { transformation: [-0.9215206753329298f,0.058752638976670726f,0.3838590527097392f,-0.35670420677387216f,0.08429489630804214f,0.9951833847312629f,0.050043992758808234f,2.6607966952287314f,-0.37906993469590516f,0.07847393304852411f,-0.9220346123880266f,0.8819101112607924f,0f,0f,0f,1f], start_interpolation: 0, interpolation_duration: 1 }
$data merge entity $(bone_head_angle) { transformation: [-0.9999880135515423f,0.004474071955627855f,0.0019888271358981923f,-0.00810659883572495f,0.004616384270275151f,0.9969039856709563f,0.07849288088502687f,2.3989169029419393f,-0.0016314869015033203f,0.07850112122446246f,-0.9969126903681149f,1.0030466984532191f,0f,0f,0f,1f], start_interpolation: 0, interpolation_duration: 1 }
$data merge entity $(bone_neck3) { transformation: [-0.9995575498235548f,-0.029712456364149313f,0.0013691338649953282f,0.013377585475850683f,-0.02974241330182011f,0.9979722547059661f,-0.05627404097871655f,1.6763486535302714f,0.00030568237677078194f,-0.056289863864634276f,-0.998414421863179f,0.949903686056252f,0f,0f,0f,1f], start_interpolation: 0, interpolation_duration: 1 }
$data merge entity $(bone_neck2) { transformation: [-0.9999103357508817f,-0.013387887188864689f,0.00029143640340735825f,0.019221125039569263f,-0.013391039735354595f,0.9997088965461436f,-0.020069933265914608f,1.2399167894131733f,-0.000022657562811639127f,-0.020072036346876654f,-0.9997985361279166f,1.0055507583390066f,0f,0f,0f,1f], start_interpolation: 0, interpolation_duration: 1 }
$data merge entity $(bone_chest2) { transformation: [-0.9999103357508817f,-0.012746804374650518f,-0.00410358828263615f,0.03172106877262845f,-0.013391039735354595f,0.9512839911565907f,0.3080250772648125f,0.30647256867363976f,-0.000022657562811639127f,0.30805240974130044f,-0.9513693879557052f,1.0481729802383346f,0f,0f,0f,1f], start_interpolation: 0, interpolation_duration: 1 }
$data merge entity $(bone_chest) { transformation: [-0.9999095771046616f,-0.012483003046702836f,0.005001224781289055f,0.03461177500848244f,-0.013447587678724091f,0.9281868685766517f,-0.3718713478980233f,0.09153105508160775f,-1.2242650124948858e-16f,-0.3719049766228003f,-0.9282708055105442f,0.595659608002525f,0f,0f,0f,1f], start_interpolation: 0, interpolation_duration: 1 }
$data merge entity $(bone_tail2) { transformation: [-0.9999095771046616f,-0.013446248062912867f,0.0001898088711942041f,0.032200406974669644f,-0.013447587678724091f,0.9998099685569215f,-0.014113438979592122f,0.2708308706722082f,-1.2242650124948858e-16f,-0.014114715273013986f,-0.9999003824445523f,-1.0958038528019156f,0f,0f,0f,1f], start_interpolation: 0, interpolation_duration: 1 }
$data merge entity $(bone_tail) { transformation: [-0.9999095771046616f,-0.013356791753702106f,0.001560041161382435f,0.028276193600725707f,-0.013447587678724091f,0.9931583502556122f,-0.11599850733166274f,0.5626198984854848f,-1.2242650124948858e-16f,-0.11600899720107498f,-0.9932481626302669f,-0.7523380411158342f,0f,0f,0f,1f], start_interpolation: 0, interpolation_duration: 1 }
$data merge entity $(bone_torso) { transformation: [-0.9999095771046616f,-0.013415904392082964f,0.0009225636668875655f,0.02722268406748791f,-0.013447587678724091f,0.9975537328816318f,-0.06859819530822159f,0.6409547119124381f,-1.2242650124948858e-16f,-0.0686043987165865f,-0.997643942735451f,-0.06860171794510507f,0f,0f,0f,1f], start_interpolation: 0, interpolation_duration: 1 }
$data merge entity $(bone_leg_front_left4) { transformation: [-0.9538069672046936f,0.25082109824063015f,-0.1653512805791032f,1.676853983487435f,0.23944182958129612f,0.9671104241999903f,0.08581979754390517f,-0.3669884599612735f,0.18143836297361893f,0.04226350767600225f,-0.9824937233185633f,0.6513294746161853f,0f,0f,0f,1f], start_interpolation: 0, interpolation_duration: 1 }
$data merge entity $(bone_leg_front_left3) { transformation: [-0.8869401049043807f,0.46187604343011396f,0.0027876186163188488f,1.323751379048626f,0.46155803665151984f,0.8860702915242994f,0.042937364619148106f,-0.16563565926652637f,0.017361714045588145f,0.03936951845510616f,-0.9990738770991924f,0.6589978196730665f,0f,0f,0f,1f], start_interpolation: 0, interpolation_duration: 1 }
$data merge entity $(bone_leg_front_left2) { transformation: [-0.8070828559765053f,0.5692480256894825f,0.1567608013421537f,0.8282190944647083f,0.5710390849893932f,0.8200492097950942f,-0.03786366238121354f,0.2040770377548927f,-0.1501053863233577f,0.05895743178826742f,-0.9869105300044414f,0.5661031630926596f,0f,0f,0f,1f], start_interpolation: 0, interpolation_duration: 1 }
$data merge entity $(bone_leg_front_left) { transformation: [-0.7848838686495812f,0.5621021730564449f,0.26076514295221653f,0.6565257481976124f,0.5536976439206809f,0.8251412293010144f,-0.11207529087313489f,0.32519839736254164f,-0.2781658351601689f,0.056418957388748574f,-0.9588746891000995f,0.5052543866513727f,0f,0f,0f,1f], start_interpolation: 0, interpolation_duration: 1 }
$data merge entity $(bone_leg_back_left4) { transformation: [-0.6815028369747231f,-0.03546527316895936f,-0.7309556057617006f,1.2073771671807556f,-0.016536492983628505f,0.999316286806892f,-0.03306816176155214f,0.06763645008409258f,0.731628613160534f,-0.01044860380801458f,-0.6816233557348641f,-0.9473314328733283f,0f,0f,0f,1f], start_interpolation: 0, interpolation_duration: 1 }
$data merge entity $(bone_leg_back_left3) { transformation: [-0.823204418837868f,0.042862145610544966f,-0.5661248283545496f,1.027301200559972f,0.0716528841823459f,0.9970164882564634f,-0.028705162133332716f,0.08331051849898075f,0.5632054234417129f,-0.06419469307045594f,-0.8238195751421734f,-0.8241302464954536f,0f,0f,0f,1f], start_interpolation: 0, interpolation_duration: 1 }
$data merge entity $(bone_leg_back_left2) { transformation: [-0.850210205311821f,0.18670450946667683f,-0.49222355990793315f,0.7084723735680392f,0.2335583700576394f,0.9717183748975924f,-0.03484089066601427f,0.17089490727059553f,0.47179772631886413f,-0.14458501316246442f,-0.8697712799403993f,-0.6472060991258796f,0f,0f,0f,1f], start_interpolation: 0, interpolation_duration: 1 }
$data merge entity $(bone_leg_back_left) { transformation: [-0.8702518539448121f,0.31702396467421545f,-0.37703781843186396f,0.6268862622607131f,0.3663134807064501f,0.9282164366017724f,-0.06502830672125198f,0.20523679608682524f,0.3293571686761086f,-0.19470504011080408f,-0.9239122267819101f,-0.6163288645624944f,0f,0f,0f,1f], start_interpolation: 0, interpolation_duration: 1 }
$data merge entity $(bone_leg_front_right4) { transformation: [-0.9470227511652191f,-0.2767386349572587f,0.16298354732135759f,-1.594705627473937f,-0.26500571544197554f,0.9600153768773257f,0.09023550821141893f,-0.41098702315332347f,-0.18143836297361912f,0.04226350767600216f,-0.9824937233185634f,0.651329474616185f,0f,0f,0f,1f], start_interpolation: 0, interpolation_duration: 1 }
$data merge entity $(bone_leg_front_right3) { transformation: [-0.8742067587869455f,-0.48553785530656784f,-0.003941313933458063f,-1.2471456607059055f,-0.4852433552112f,0.8733287079221155f,0.042846868525781984f,-0.2002111490374904f,-0.017361714045588283f,0.039369518455106035f,-0.9990738770991925f,0.6589978196730663f,0f,0f,0f,1f], start_interpolation: 0, interpolation_duration: 1 }
$data merge entity $(bone_leg_front_right2) { transformation: [-0.7914341465057793f,-0.5910955157685804f,-0.15568584708619138f,-0.7617351865736774f,-0.592537226460401f,0.8044439772135832f,-0.042065696040927f,0.18269405464422242f,0.1501053863233576f,0.05895743178826728f,-0.9869105300044415f,0.5661031630926594f,0f,0f,0f,1f], start_interpolation: 0, interpolation_duration: 1 }
$data merge entity $(bone_leg_front_right) { transformation: [-0.7697095469278308f,-0.5840891859874798f,-0.25765681861855905f,-0.5933612231832145f,-0.5746050656910358f,0.8097263266435456f,-0.11904744609839624f,0.3083889127641365f,0.27816583516016874f,0.056418957388748435f,-0.9588746891000997f,0.5052543866513725f,0f,0f,0f,1f], start_interpolation: 0, interpolation_duration: 1 }
$data merge entity $(bone_leg_back_right4) { transformation: [-0.6817010659431031f,0.008578089763825167f,0.7315805308153305f,-1.1370868654910335f,-0.001796968789533017f,0.9999086173518392f,-0.01339880027101466f,0.03610621338983104f,-0.7316286131605342f,-0.010448603808014587f,-0.681623355734864f,-0.9473314328733285f,0f,0f,0f,1f], start_interpolation: 0, interpolation_duration: 1 }
$data merge entity $(bone_leg_back_right3) { transformation: [-0.8209797435619107f,-0.06965915203624501f,0.5666920355877701f,-0.9574975465868657f,-0.09376519432529226f,0.99550321140576f,-0.01347013043585444f,0.05661734964848872f,-0.5632054234417131f,-0.06419469307045597f,-0.8238195751421733f,-0.8241302464954539f,0f,0f,0f,1f], start_interpolation: 0, interpolation_duration: 1 }
$data merge entity $(bone_leg_back_right2) { transformation: [-0.8436216800222811f,-0.2127691560010096f,0.49298250197243515f,-0.6411394165785103f,-0.25633838268338577f,0.9663459319640292f,-0.021591047678101792f,0.15274424315475837f,-0.4717977263188643f,-0.14458501316246447f,-0.8697712799403992f,-0.6472060991258798f,0f,0f,0f,1f], start_interpolation: 0, interpolation_duration: 1 }
$data merge entity $(bone_leg_back_right) { transformation: [-0.8600859309593354f,-0.34187159142500756f,0.37865024276018405f,-0.5605063605510726f,-0.3895844540115414f,0.919355079570447f,-0.05486520628363971f,0.18926778571834038f,-0.32935716867610876f,-0.19470504011080417f,-0.92391222678191f,-0.6163288645624946f,0f,0f,0f,1f], start_interpolation: 0, interpolation_duration: 1 }