# This file was generated by Animated Java via MC-Build. It is not recommended to edit this file directly.
$data merge entity $(bone_shell2) { transformation: [-1.197802754775372f,-0.015845742292539818f,0.00467047979401696f,0.018645645401058557f,-0.016519713384556822f,1.148934810649201f,-0.3386447109079876f,1.1677579626142212f,-1.4665606136824273e-16f,-0.3386769162601148f,-1.149044075164359f,-0.49604062147132355f,0f,0f,0f,1f], start_interpolation: 0, interpolation_duration: 1 }
$data merge entity $(bone_shell) { transformation: [-1.260296811546261f,-0.017171267525108388f,0.0026959208112828504f,0.01969973731371794f,-0.017381611474185873f,1.2450453022863701f,-0.19547441891028314f,1.0913284164484678f,-1.5430768196136842e-16f,-0.19549300866612485f,-1.2451637069774308f,0.528209862535463f,0f,0f,0f,1f], start_interpolation: 0, interpolation_duration: 1 }
$data merge entity $(bone_pupil_right2) { transformation: [-0.9999864325328346f,0.004525636430542476f,0.0025794117844105168f,-0.3554697561008198f,0.004888580661407082f,0.9863401043623421f,0.16464902157498873f,2.53287248348855f,-0.0017990356783359807f,0.16465939736736152f,-0.9863488461640969f,1.2720659135936871f,0f,0f,0f,1f], start_interpolation: 0, interpolation_duration: 1 }
$data merge entity $(bone_pupil_right) { transformation: [-0.9999864325328346f,0.004525636430542476f,0.0025794117844105168f,-0.35412927289285534f,0.004888580661407082f,0.9863401043623421f,0.16464902157498873f,2.5277453724804984f,-0.0017990356783359807f,0.16465939736736152f,-0.9863488461640969f,1.2078485564191639f,0f,0f,0f,1f], start_interpolation: 0, interpolation_duration: 1 }
$data merge entity $(bone_eyelid_right) { transformation: [-0.9999864325328346f,0.004525636430542476f,0.0025794117844105168f,-0.31773833857508565f,0.004888580661407082f,0.9863401043623421f,0.16464902157498873f,2.5583912896928456f,-0.0017990356783359807f,0.16465939736736152f,-0.9863488461640969f,1.2130593776302336f,0f,0f,0f,1f], start_interpolation: 0, interpolation_duration: 1 }
$data merge entity $(bone_eye_right) { transformation: [-0.9999864325328346f,0.004525636430542476f,0.0025794117844105168f,-0.35398784675440087f,0.004888580661407082f,0.9863401043623421f,0.16464902157498873f,2.5585685007418215f,-0.0017990356783359807f,0.16465939736736152f,-0.9863488461640969f,1.2129941625868939f,0f,0f,0f,1f], start_interpolation: 0, interpolation_duration: 1 }
$data merge entity $(bone_pupil_left2) { transformation: [-0.9999864325328346f,0.004525636430542476f,0.0025794117844105168f,0.33702084842816815f,0.004888580661407082f,0.9863401043623421f,0.16464902157498873f,2.5294871413805256f,-0.0017990356783359807f,0.16465939736736152f,-0.9863488461640969f,1.2733117458009349f,0f,0f,0f,1f], start_interpolation: 0, interpolation_duration: 1 }
$data merge entity $(bone_pupil_left) { transformation: [-0.9999864325328346f,0.004525636430542476f,0.0025794117844105168f,0.3358613655548005f,0.004888580661407082f,0.9863401043623421f,0.16464902157498873f,2.5243722518241274f,-0.0017990356783359807f,0.16465939736736152f,-0.9863488461640969f,1.2090898910372159f,0f,0f,0f,1f], start_interpolation: 0, interpolation_duration: 1 }
$data merge entity $(bone_eyelid_left) { transformation: [-0.9999864325328346f,0.004525636430542476f,0.0025794117844105168f,0.29975328351393976f,0.004888580661407082f,0.9863401043623421f,0.16464902157498873f,2.5553725911344265f,-0.0017990356783359807f,0.16465939736736152f,-0.9863488461640969f,1.214170282161606f,0f,0f,0f,1f], start_interpolation: 0, interpolation_duration: 1 }
$data merge entity $(bone_eye_left) { transformation: [-0.9999864325328346f,0.004525636430542476f,0.0025794117844105168f,0.336002791693255f,0.004888580661407082f,0.9863401043623421f,0.16464902157498873f,2.5551953800854506f,-0.0017990356783359807f,0.16465939736736152f,-0.9863488461640969f,1.2142354972049458f,0f,0f,0f,1f], start_interpolation: 0, interpolation_duration: 1 }
$data merge entity $(bone_muzzle2) { transformation: [-0.9999864325328346f,0.0042836044676749065f,0.0029640315483349155f,-0.009091811439182966f,0.004888580661407082f,0.9682366747129808f,0.2499876867364998f,2.6216479876238963f,-0.0017990356783359807f,0.24999878494407496f,-0.9682444789396498f,1.4447923504392612f,0f,0f,0f,1f], start_interpolation: 0, interpolation_duration: 1 }
$data merge entity $(bone_muzzle) { transformation: [-0.9999864325328346f,0.004525636430542476f,0.0025794117844105168f,-0.0077200407027368705f,0.004888580661407082f,0.9863401043623421f,0.16464902157498873f,2.796393319911373f,-0.0017990356783359807f,0.16465939736736152f,-0.9863488461640969f,1.1571407606839013f,0f,0f,0f,1f], start_interpolation: 0, interpolation_duration: 1 }
$data merge entity $(bone_tongue) { transformation: [-0.9999864325328346f,0.004733225567519627f,0.0021751611393153354f,-0.010166592999878068f,0.004888580661407082f,0.9969368902490675f,0.07805727794149457f,2.2692098869022277f,-0.0017990356783359807f,0.07806685235261998f,-0.9969465030955182f,1.0845131671498371f,0f,0f,0f,1f], start_interpolation: 0, interpolation_duration: 1 }
$data merge entity $(bone_jaw) { transformation: [-0.9999864325328346f,0.004733225567519627f,0.0021751611393153354f,-0.010086653486496684f,0.004888580661407082f,0.9969368902490675f,0.07805727794149457f,2.2979248747868395f,-0.0017990356783359807f,0.07806685235261998f,-0.9969465030955182f,1.1181073345075914f,0f,0f,0f,1f], start_interpolation: 0, interpolation_duration: 1 }
$data merge entity $(bone_ear_left) { transformation: [-0.9234396201639617f,-0.052418031611085866f,-0.3801468372529984f,0.3421134213664609f,-0.0779948798297494f,0.995587179603279f,0.0521820517987873f,2.6596448920316735f,0.37573403709509906f,0.07783648098165503f,-0.9234529850493802f,0.880758562606475f,0f,0f,0f,1f], start_interpolation: 0, interpolation_duration: 1 }
$data merge entity $(bone_ear_right) { transformation: [-0.9212750478462016f,0.06186901389764771f,0.38395899694539276f,-0.35787708140652325f,0.08701303863517135f,0.9950284705824893f,0.04844660811394717f,2.6630668984946584f,-0.37905278962626504f,0.07804209024369375f,-0.9220783127408112f,0.8794992376316398f,0f,0f,0f,1f], start_interpolation: 0, interpolation_duration: 1 }
$data merge entity $(bone_head_angle) { transformation: [-0.9999864325328346f,0.004733225567519627f,0.0021751611393153354f,-0.009371018447127302f,0.004888580661407082f,0.9969368902490675f,0.07805727794149457f,2.4011448679903764f,-0.0017990356783359807f,0.07806685235261998f,-0.9969465030955182f,1.0008077890287097f,0f,0f,0f,1f], start_interpolation: 0, interpolation_duration: 1 }
$data merge entity $(bone_neck3) { transformation: [-0.9995608763018727f,-0.029593531837166388f,0.0015091189599263487f,0.012040812463329133f,-0.029631088749386737f,0.997837304223372f,-0.058674635744584494f,1.6784485584787732f,0.00023053450621621945f,-0.05869358715938515f,-0.9982760187844868f,0.9494054280384722f,0f,0f,0f,1f], start_interpolation: 0, interpolation_duration: 1 }
$data merge entity $(bone_neck2) { transformation: [-0.9999091405772161f,-0.013473438318500302f,0.0004207731106284024f,0.01791571798811231f,-0.013479431282642704f,0.9996677033078315f,-0.021972434902438942f,1.2421238961676486f,-0.0001245890427503106f,-0.021976110281916983f,-0.9997584883632884f,1.00588365542884f,0f,0f,0f,1f], start_interpolation: 0, interpolation_duration: 1 }
$data merge entity $(bone_chest2) { transformation: [-0.9999091405772161f,-0.012864999560864256f,-0.004025217563315383f,0.030493367116831392f,-0.013479431282642704f,0.9514889760044364f,0.30738743219970055f,0.3087095409732401f,-0.0001245890427503106f,0.3074137607985822f,-0.9515759371428233f,1.0491324691050694f,0f,0f,0f,1f], start_interpolation: 0, interpolation_duration: 1 }
$data merge entity $(bone_chest) { transformation: [-0.9999049083342235f,-0.01280116342313752f,0.005128791684414118f,0.0334577993160115f,-0.013790369434064824f,0.9281800752607464f,-0.3718757502174982f,0.09376603851259269f,-1.224259294900113e-16f,-0.37191111586502656f,-0.9282683458440402f,0.5966205185538314f,0f,0f,0f,1f], start_interpolation: 0, interpolation_duration: 1 }
$data merge entity $(bone_tail2) { transformation: [-0.9999049083342235f,-0.013787426135581086f,0.0002849029376558276f,0.03098974958367668f,-0.013790369434064824f,0.9996914971841706f,-0.02065759348383238f,0.2727181001795401f,-1.224259294900113e-16f,-0.02065955803562021f,-0.9997865685543953f,-1.0942333122483396f,0f,0f,0f,1f], start_interpolation: 0, interpolation_duration: 1 }
$data merge entity $(bone_tail) { transformation: [-0.9999049083342235f,-0.013694400100697645f,0.0016240982143952039f,0.02695711272810407f,-0.013790369434064824f,0.9929464140065551f,-0.11775926554795857f,0.5651144282616634f,-1.224259294900113e-16f,-0.11777046453761073f,-0.993040843914587f,-0.7512856119147722f,0f,0f,0f,1f], start_interpolation: 0, interpolation_duration: 1 }
$data merge entity $(bone_torso) { transformation: [-0.9999049083342235f,-0.013758062002293557f,0.0009434082197201524f,0.02587858013947479f,-0.013790369434064824f,0.997562377935875f,-0.06840415073513073f,0.6433161062025619f,-1.224259294900113e-16f,-0.06841065601836839f,-0.9976572468253495f,-0.0675340877229183f,0f,0f,0f,1f], start_interpolation: 0, interpolation_duration: 1 }
$data merge entity $(bone_leg_front_left4) { transformation: [-0.9504099492363053f,0.2648203903315647f,-0.16306774438030827f,1.6689651458180088f,0.2527752513872821f,0.9632333964337144f,0.09102799723638456f,-0.37481254010346193f,0.18117836702746887f,0.0452944241536253f,-0.9824066441458197f,0.6516899896520862f,0f,0f,0f,1f], start_interpolation: 0, interpolation_duration: 1 }
$data merge entity $(bone_leg_front_left3) { transformation: [-0.8804529252519294f,0.47411272327388126f,0.004446576789463669f,1.318689156235567f,0.47380005702419087f,0.8794431996326003f,0.04575111565686363f,-0.168589966943125f,0.01778067431775579f,0.04238849195003529f,-0.9989429730324988f,0.6595757087803938f,0f,0f,0f,1f], start_interpolation: 0, interpolation_duration: 1 }
$data merge entity $(bone_leg_front_left2) { transformation: [-0.8016637072185303f,0.5767166157750462f,0.15726806928814352f,0.8266605363454707f,0.5787575031021442f,0.8146499485112992f,-0.03721846307290089f,0.2058623779412042f,-0.14958293061580963f,0.061183384014903315f,-0.9868543663524374f,0.5670423675207457f,0f,0f,0f,1f], start_interpolation: 0, interpolation_duration: 1 }
$data merge entity $(bone_leg_front_left) { transformation: [-0.7833888250299278f,0.5642783485521318f,0.2605607302981553f,0.6552942308701739f,0.5558661733097128f,0.8236318073265684f,-0.11244306706056607f,0.32745810335270387f,-0.27805529340087315f,0.05675025387828154f,-0.958887200090034f,0.5062177720893046f,0f,0f,0f,1f], start_interpolation: 0, interpolation_duration: 1 }
$data merge entity $(bone_leg_back_left4) { transformation: [-0.6817267626015475f,-0.032397768022401886f,-0.7308891884410247f,1.2051505095561477f,-0.016656133890543805f,0.9994473856874214f,-0.028766237960482895f,0.06524887655733533f,0.731417250518904f,-0.007436926095201149f,-0.681889652197202f,-0.9460895403836227f,0f,0f,0f,1f], start_interpolation: 0, interpolation_duration: 1 }
$data merge entity $(bone_leg_back_left3) { transformation: [-0.8228427348692793f,0.05060428852425072f,-0.5660115190133492f,1.0251536613034928f,0.07813152578466433f,0.9966424774026149f,-0.02447931607171066f,0.08234014782273065f,0.5628723641745124f,-0.06436597097638443f,-0.8240338120665087f,-0.8229612107204481f,0f,0f,0f,1f], start_interpolation: 0, interpolation_duration: 1 }
$data merge entity $(bone_leg_back_left2) { transformation: [-0.8481932413749178f,0.1958680059609209f,-0.49214220457790725f,0.7070811957878987f,0.2420421543726687f,0.9697641048541483f,-0.031195776045320443f,0.1731059557124814f,0.4711515900350409f,-0.14557920585483772f,-0.8699556736007458f,-0.6462793644573078f,0f,0f,0f,1f], start_interpolation: 0, interpolation_duration: 1 }
$data merge entity $(bone_leg_back_left) { transformation: [-0.8681727034018051f,0.32246070687714223f,-0.3772204257304936f,0.6256900048439795f,0.3712612552096752f,0.9264211317375413f,-0.06252173262370352f,0.20791169838838847f,0.32930417162273784f,-0.1943269903807166f,-0.9240107052201479f,-0.6154070983676762f,0f,0f,0f,1f], start_interpolation: 0, interpolation_duration: 1 }
$data merge entity $(bone_leg_front_right4) { transformation: [-0.9430773969157622f,-0.29128382877801895f,0.16049534111309124f,-1.5885049698162972f,-0.278889624668702f,0.9555637844921758f,0.09549047606510976f,-0.4197385285055587f,-0.1811783670274691f,0.04529442415362524f,-0.9824066441458195f,0.6516899896520856f,0f,0f,0f,1f], start_interpolation: 0, interpolation_duration: 1 }
$data merge entity $(bone_leg_front_right3) { transformation: [-0.8670515332197517f,-0.49818578189779555f,-0.0057066151227831985f,-1.244049437287926f,-0.497901080900698f,0.8660335689019704f,0.045611086073812486f,-0.20393443987555684f,-0.017780674317756012f,0.042388491950035176f,-0.9989429730324987f,0.6595757087803933f,0f,0f,0f,1f], start_interpolation: 0, interpolation_duration: 1 }
$data merge entity $(bone_leg_front_right2) { transformation: [-0.7853977539125979f,-0.5989637733478865f,-0.1561818375033014f,-0.7625346500511131f,-0.6006457483554113f,0.7984353397347504f,-0.041541464168003375f,0.18394470502993074f,0.1495829306158094f,0.061183384014903176f,-0.9868543663524374f,0.5670423675207453f,0f,0f,0f,1f], start_interpolation: 0, interpolation_duration: 1 }
$data merge entity $(bone_leg_front_right) { transformation: [-0.767761122301749f,-0.586777939748054f,-0.25736065842896017f,-0.5945869045476055f,-0.5772591384237353f,0.8077568062912127f,-0.11958607358930635f,0.31022014156012284f,0.2780552934008729f,0.0567502538782814f,-0.958887200090034f,0.5062177720893044f,0f,0f,0f,1f], start_interpolation: 0, interpolation_duration: 1 }
$data merge entity $(bone_leg_back_right4) { transformation: [-0.681926813592005f,0.00482256946937798f,0.7314045144295789f,-1.1370028096623988f,-0.0021509411013382823f,0.9999607167053951f,-0.008598749816748553f,0.03294664534111579f,-0.7314172505189043f,-0.007436926095201128f,-0.681889652197202f,-0.946089540383623f,0f,0f,0f,1f], start_interpolation: 0, interpolation_duration: 1 }
$data merge entity $(bone_leg_back_right3) { transformation: [-0.8203750475103362f,-0.07807056327655099f,0.5664713307591973f,-0.9575457680195127f,-0.10079426110155626f,0.994867834905697f,-0.008860473973892136f,0.054995389957081225f,-0.5628723641745126f,-0.06436597097638443f,-0.8240338120665087f,-0.8229612107204484f,0f,0f,0f,1f], start_interpolation: 0, interpolation_duration: 1 }
$data merge entity $(bone_leg_back_right2) { transformation: [-0.8411955656302141f,-0.22253777498422717f,0.49281533972587915f,-0.6420974309081824f,-0.2653416657283901f,0.9639935858333001f,-0.017611555886378777f,0.1544985146052275f,-0.47115159003504115f,-0.14557920585483775f,-0.8699556736007458f,-0.6462793644573079f,0f,0f,0f,1f], start_interpolation: 0, interpolation_duration: 1 }
$data merge entity $(bone_leg_back_right) { transformation: [-0.8576038091228945f,-0.34788700899888625f,0.3788011820833072f,-0.561697073802911f,-0.3950626141888958f,0.9171759099427883f,-0.052094923849200434f,0.1915356346854365f,-0.329304171622738f,-0.19432699038071669f,-0.9240107052201479f,-0.6154070983676763f,0f,0f,0f,1f], start_interpolation: 0, interpolation_duration: 1 }