# This file was generated by Animated Java via MC-Build. It is not recommended to edit this file directly.
$data merge entity $(bone_shell2) { transformation: [-1.1979150507936505f,-0.0019017991860238986f,0.0005044994348629436f,0.0483306747949836f,-0.001967577145562072f,1.1578676209284702f,-0.30715312357747415f,1.1196572370755884f,-1.4670228326048832e-16f,-0.30715353789770833f,-1.1578691827813274f,-0.5024037807497457f,0f,0f,0f,1f], start_interpolation: 0, interpolation_duration: 1 }
$data merge entity $(bone_shell) { transformation: [-1.2604149664872322f,-0.00205319052076115f,0.00026509391915806617f,0.04850214397248733f,-0.0020702333444609627f,1.2500388269472638f,-0.16139646486004638f,1.0152620884826216f,-1.5435631543060074e-16f,-0.16139668256846595f,-1.2500405131302765f,0.5193756789056017f,0f,0f,0f,1f], start_interpolation: 0, interpolation_duration: 1 }
$data merge entity $(bone_pupil_right2) { transformation: [-0.999994545945494f,-0.002791185912874788f,-0.0017656048439875446f,-0.32328732121236536f,-0.0030355568022401823f,0.9873783669154587f,0.15835007402038756f,2.438073759042036f,0.0013013355315660583f,0.1583545699642469f,-0.9873814545034115f,1.3656646738865805f,0f,0f,0f,1f], start_interpolation: 0, interpolation_duration: 1 }
$data merge entity $(bone_pupil_right) { transformation: [-0.999994545945494f,-0.002791185912874788f,-0.0017656048439875446f,-0.322104066052794f,-0.0030355568022401823f,0.9873783669154587f,0.15835007402038756f,2.432546646131259f,0.0013013355315660583f,0.1583545699642469f,-0.9873814545034115f,1.3014774161550116f,0f,0f,0f,1f], start_interpolation: 0, interpolation_duration: 1 }
$data merge entity $(bone_eyelid_right) { transformation: [-0.999994545945494f,-0.002791185912874788f,-0.0017656048439875446f,-0.28594148832204724f,-0.0030355568022401823f,0.9873783669154587f,0.15835007402038756f,2.4635122590314484f,0.0013013355315660583f,0.1583545699642469f,-0.9873814545034115f,1.306378823053375f,0f,0f,0f,1f], start_interpolation: 0, interpolation_duration: 1 }
$data merge entity $(bone_eye_right) { transformation: [-0.999994545945494f,-0.002791185912874788f,-0.0017656048439875446f,-0.32219129061257135f,-0.0030355568022401823f,0.9873783669154587f,0.15835007402038756f,2.4634022200973673f,0.0013013355315660583f,0.1583545699642469f,-0.9873814545034115f,1.3064259964663942f,0f,0f,0f,1f], start_interpolation: 0, interpolation_duration: 1 }
$data merge entity $(bone_pupil_left2) { transformation: [-0.999994545945494f,-0.002791185912874788f,-0.0017656048439875446f,0.3692089018548892f,-0.0030355568022401823f,0.9873783669154587f,0.15835007402038756f,2.4401758821275874f,0.0013013355315660583f,0.1583545699642469f,-0.9873814545034115f,1.3647634990309712f,0f,0f,0f,1f], start_interpolation: 0, interpolation_duration: 1 }
$data merge entity $(bone_pupil_left) { transformation: [-0.999994545945494f,-0.002791185912874788f,-0.0017656048439875446f,0.36789217064959673f,-0.0030355568022401823f,0.9873783669154587f,0.15835007402038756f,2.434641180324805f,0.0013013355315660583f,0.1583545699642469f,-0.9873814545034115f,1.300579494638231f,0f,0f,0f,1f], start_interpolation: 0, interpolation_duration: 1 }
$data merge entity $(bone_eyelid_left) { transformation: [-0.999994545945494f,-0.002791185912874788f,-0.0017656048439875446f,0.3315551437992953f,-0.0030355568022401823f,0.9873783669154587f,0.15835007402038756f,2.465386715356832f,0.0013013355315660583f,0.1583545699642469f,-0.9873814545034115f,1.3055752483626328f,0f,0f,0f,1f], start_interpolation: 0, interpolation_duration: 1 }
$data merge entity $(bone_eye_left) { transformation: [-0.999994545945494f,-0.002791185912874788f,-0.0017656048439875446f,0.3678049460898194f,-0.0030355568022401823f,0.9873783669154587f,0.15835007402038756f,2.465496754290913f,0.0013013355315660583f,0.1583545699642469f,-0.9873814545034115f,1.3055280749496136f,0f,0f,0f,1f], start_interpolation: 0, interpolation_duration: 1 }
$data merge entity $(bone_muzzle2) { transformation: [-0.999994545945494f,-0.002626682006217635f,-0.002002154065888898f,0.0229060450540491f,-0.0030355568022401823f,0.9698199758162726f,0.2438031991230321f,2.5306905099336214f,0.0013013355315660583f,0.24380794705948905f,-0.9698226598076948f,1.5367362474319464f,0f,0f,0f,1f], start_interpolation: 0, interpolation_duration: 1 }
$data merge entity $(bone_muzzle) { transformation: [-0.999994545945494f,-0.002791185912874788f,-0.0017656048439875446f,0.022005395301193643f,-0.0030355568022401823f,0.9873783669154587f,0.15835007402038756f,2.7035972039294247f,0.0013013355315660583f,0.1583545699642469f,-0.9873814545034115f,1.2479738641451612f,0f,0f,0f,1f], start_interpolation: 0, interpolation_duration: 1 }
$data merge entity $(bone_tongue) { transformation: [-0.999994545945494f,-0.0029344472093708303f,-0.001515618303122093f,0.023516957309199334f,-0.0030355568022401823f,0.9974222124470596f,0.07169180924005898f,2.175957022605676f,0.0013013355315660583f,0.07169601897447324f,-0.9974256801331346f,1.178715801560812f,0f,0f,0f,1f], start_interpolation: 0, interpolation_duration: 1 }
$data merge entity $(bone_jaw) { transformation: [-0.999994545945494f,-0.0029344472093708303f,-0.001515618303122093f,0.02347261890587906f,-0.0030355568022401823f,0.9974222124470596f,0.07169180924005898f,2.2048860977058946f,0.0013013355315660583f,0.07169601897447324f,-0.9974256801331346f,1.2121258546579246f,0f,0f,0f,1f], start_interpolation: 0, interpolation_duration: 1 }
$data merge entity $(bone_ear_left) { transformation: [-0.9228283730412158f,-0.03189666337924323f,-0.38388852128628925f,0.37205940764681394f,-0.05692848320871556f,0.9969158400274489f,0.05401810531591102f,2.5678555649447463f,0.3809815503533701f,0.07170363148151625f,-0.921798051377147f,0.9713746974589876f,0f,0f,0f,1f], start_interpolation: 0, interpolation_duration: 1 }
$data merge entity $(bone_ear_right) { transformation: [-0.9241454221236144f,0.02603023115666448f,0.38115307401869025f,-0.32793677451503184f,0.05132185876240827f,0.9970916813652384f,0.05634044520070405f,2.565730675183178f,-0.37857800461878127f,0.07162824874428182f,-0.9227936326181977f,0.9722856323310839f,0f,0f,0f,1f], start_interpolation: 0, interpolation_duration: 1 }
$data merge entity $(bone_head_angle) { transformation: [-0.999994545945494f,-0.0029344472093708303f,-0.001515618303122093f,0.023008062192110282f,-0.0030355568022401823f,0.9974222124470596f,0.07169180924005898f,2.307355906277814f,0.0013013355315660583f,0.07169601897447324f,-0.9974256801331346f,1.0941691464201395f,0f,0f,0f,1f], start_interpolation: 0, interpolation_duration: 1 }
$data merge entity $(bone_neck3) { transformation: [-0.9997287510429765f,-0.023253537097264222f,-0.0013028240542288661f,0.03959940222568498f,-0.023254190233429322f,0.9997294654387295f,0.0004884364641480551f,1.5888461439122412f,0.0012911137198562215f,0.0005186000946641525f,-0.9999990320391836f,1.000046493348426f,0f,0f,0f,1f], start_interpolation: 0, interpolation_duration: 1 }
$data merge entity $(bone_neck2) { transformation: [-0.9999704108519003f,-0.007294389133716581f,-0.002443216700911275f,0.04290522325454121f,-0.007406579691405204f,0.9987425016438871f,0.0495838480493907f,1.1495720565657255f,0.0020784604775069214f,0.04960047678476592f,-0.9987669761785114f,1.0251634867634587f,0f,0f,0f,1f], start_interpolation: 0, interpolation_duration: 1 }
$data merge entity $(bone_chest2) { transformation: [-0.9999704108519003f,-0.0061812730446572746f,-0.004579223103222607f,0.04981639474936124f,-0.007406579691405204f,0.9344522006405533f,0.3560115550025054f,0.21511008952004423f,0.0020784604775069214f,0.3560349373047178f,-0.934470333087396f,1.0202559946661325f,0f,0f,0f,1f], start_interpolation: 0, interpolation_duration: 1 }
$data merge entity $(bone_chest) { transformation: [-0.9999986510973081f,-0.0015451180514989352f,0.0005571478897550443f,0.0501432536333481f,-0.0016424991823822512f,0.9407103418122067f,-0.33920695011157603f,0.016109416282624744f,-1.2246451472179893e-16f,-0.3392074076693613f,-0.9407116107406306f,0.5605004207854847f,0f,0f,0f,1f], start_interpolation: 0, interpolation_duration: 1 }
$data merge entity $(bone_tail2) { transformation: [-0.9999986510973081f,-0.001618479354821688f,-0.00027987165298103703f,0.04973476047913525f,-0.0016424991823822512f,0.9853747198236643f,0.17039355542059467f,0.26481127718892633f,-1.2246451472179893e-16f,0.17039378526523027f,-0.985376049000069f,-1.1426203235526162f,0f,0f,0f,1f], start_interpolation: 0, interpolation_duration: 1 }
$data merge entity $(bone_tail) { transformation: [-0.9999986510973081f,-0.0016419803646521235f,0.000041280094758179735f,0.0493087853524379f,-0.0016424991823822512f,0.9996827806019952f,-0.025132456392066238f,0.52415664348645f,-1.2246451472179893e-16f,-0.025132490293350046f,-0.9996841290786078f,-0.7740218977214757f,0f,0f,0f,1f], start_interpolation: 0, interpolation_duration: 1 }
$data merge entity $(bone_torso) { transformation: [-0.9999986510973081f,-0.0016411096608607704f,0.00006754735491351135f,0.049211061869032964f,-0.0016424991823822512f,0.9991526721999967f,-0.041124686406608005f,0.5836533863972428f,-1.2246451472179893e-16f,-0.04112474187988302f,-0.9991540199615437f,-0.08838865718166072f,0f,0f,0f,1f], start_interpolation: 0, interpolation_duration: 1 }
$data merge entity $(bone_leg_front_left4) { transformation: [-0.9797879538865099f,0.03702215341935178f,-0.1965831263742656f,1.834243257954423f,0.03608832297844377f,0.9993138735017979f,0.00833157676771865f,-0.1356203634745196f,0.19675669839548032f,0.0010688231971847286f,-0.9804517628386838f,0.6244937459561141f,0f,0f,0f,1f], start_interpolation: 0, interpolation_duration: 1 }
$data merge entity $(bone_leg_front_left3) { transformation: [-0.9848367362128918f,0.1718904189506199f,-0.023458194272352628f,1.4368391216640393f,0.17189260492107247f,0.9851137879710863f,0.0019383298754033496f,-0.050396589788285706f,0.023442170952946484f,-0.002123351652023075f,-0.9997229396181596f,0.6339839505361857f,0f,0f,0f,1f], start_interpolation: 0, interpolation_duration: 1 }
$data merge entity $(bone_leg_front_left2) { transformation: [-0.9308656566352538f,0.3340820064971947f,0.14791329295173666f,0.8602681176185245f,0.3337298150073037f,0.9422546202977615f,-0.02793995530977346f,0.17290727303343165f,-0.1487062200185612f,0.023354731048112302f,-0.988605592066655f,0.5414074806972117f,0f,0f,0f,1f], start_interpolation: 0, interpolation_duration: 1 }
$data merge entity $(bone_leg_front_left) { transformation: [-0.848206519773582f,0.45677254433706654f,0.268150223854896f,0.6747229414180534f,0.455373964634907f,0.8874437245203304f,-0.07126140710209437f,0.27252032779731755f,-0.27051848762381236f,0.06166424044230592f,-0.9607378775214386f,0.48223156152950275f,0f,0f,0f,1f], start_interpolation: 0, interpolation_duration: 1 }
$data merge entity $(bone_leg_back_left4) { transformation: [-0.6769275944534179f,0.10582230929806774f,-0.7284028217424292f,1.232812473865381f,0.1784795733659641f,0.9836757377905725f,-0.022958326883210187f,0.051910884429848536f,0.7140826799178178f,-0.1455461498528799f,-0.6847643715208834f,-0.972703312422867f,0f,0f,0f,1f], start_interpolation: 0, interpolation_duration: 1 }
$data merge entity $(bone_leg_back_left3) { transformation: [-0.8238800012076155f,0.04922210489046004f,-0.5646228192344798f,1.052588723601215f,0.10116068242260803f,0.9929955313576911f,-0.06104417282139891f,0.07403978370979404f,0.5576632137248537f,-0.10741070288294888f,-0.8230885012951275f,-0.8507144844205552f,0f,0f,0f,1f], start_interpolation: 0, interpolation_duration: 1 }
$data merge entity $(bone_leg_back_left2) { transformation: [-0.8663799064196919f,0.09289990968924686f,-0.49066838550281155f,0.7276962586938305f,0.14526101236933708f,0.9869402687890036f,-0.0696286157274762f,0.12851266334829545f,0.47779189616154155f,-0.1315998199938701f,-0.8685599526457224f,-0.6715425233599771f,0f,0f,0f,1f], start_interpolation: 0, interpolation_duration: 1 }
$data merge entity $(bone_leg_back_left) { transformation: [-0.8963371012339285f,0.23908818356008146f,-0.3733853792444194f,0.6436646554531497f,0.29078641064623084f,0.9527331433946872f,-0.08799330009017733f,0.1557738893463796f,0.3346984677811355f,-0.18744705374910314f,-0.9234936587252459f,-0.6401645420054957f,0f,0f,0f,1f], start_interpolation: 0, interpolation_duration: 1 }
$data merge entity $(bone_leg_front_right4) { transformation: [-0.9796641174135828f,-0.040304693674593994f,0.1965546965098084f,-1.7334486929789739f,-0.039306725744783506f,0.9991868640473465f,0.008977306191395433f,-0.14148030249140692f,-0.19675669839548057f,0.0010688231971847143f,-0.9804517628386838f,0.6244937459561137f,0f,0f,0f,1f], start_interpolation: 0, interpolation_duration: 1 }
$data merge entity $(bone_leg_front_right3) { transformation: [-0.9842667562563775f,-0.17512558431486194f,0.0234517002992706f,-1.3363266605047404f,-0.17512686016017484f,0.9845438137006093f,0.0020153794428152474f,-0.05495151846226387f,-0.023442170952946734f,-0.0021233516520231237f,-0.9997229396181597f,0.6339839505361855f,0f,0f,0f,1f], start_interpolation: 0, interpolation_duration: 1 }
$data merge entity $(bone_leg_front_right2) { transformation: [-0.9297643336321136f,-0.3371755046335439f,-0.14782071228602026f,-0.7604923192445685f,-0.3367859023673982f,0.9411520788973402f,-0.028425698826799836f,0.17024517175013096f,0.14870622001856101f,0.02335473104811222f,-0.9886055920666551f,0.5414074806972116f,0f,0f,0f,1f], start_interpolation: 0, interpolation_duration: 1 }
$data merge entity $(bone_leg_front_right) { transformation: [-0.8467060424730828f,-0.4596853270233499f,-0.2679146837316047f,-0.5752753724535816f,-0.45815786088781163f,0.8859384411854523f,-0.07214189446220079f,0.27046720381933975f,0.2705184876238122f,0.06166424044230581f,-0.9607378775214387f,0.48223156152950264f,0f,0f,0f,1f], start_interpolation: 0, interpolation_duration: 1 }
$data merge entity $(bone_leg_back_right4) { transformation: [-0.6763376377022812f,-0.10905310715375385f,0.7284743095315096f,-1.1326371929858876f,-0.18070231340158616f,0.9833228046186641f,-0.020565404158441443f,0.04802563004524888f,-0.714082679917818f,-0.14554614985287995f,-0.6847643715208832f,-0.9727033124228673f,0f,0f,0f,1f], start_interpolation: 0, interpolation_duration: 1 }
$data merge entity $(bone_leg_back_right3) { transformation: [-0.8235432436467287f,-0.05248382360394313f,0.564820302488973f,-0.9524871084381656f,-0.1038665774053078f,0.9928284792279588f,-0.059189060915055436f,0.07074644385265996f,-0.557663213724854f,-0.10741070288294889f,-0.8230885012951272f,-0.8507144844205555f,0f,0f,0f,1f], start_interpolation: 0, interpolation_duration: 1 }
$data merge entity $(bone_leg_back_right2) { transformation: [-0.8658980502296678f,-0.0961415012336504f,0.49089446762924455f,-0.6277753396020402f,-0.14810628133478337f,0.9866297680072912f,-0.06801639736902432f,0.12628629935320373f,-0.47779189616154183f,-0.13159981999387013f,-0.8685599526457223f,-0.6715425233599773f,0f,0f,0f,1f], start_interpolation: 0, interpolation_duration: 1 }
$data merge entity $(bone_leg_back_right) { transformation: [-0.8953770333561233f,-0.24221661613058545f,0.37367242206060136f,-0.5438337427249037f,-0.2937293036170339f,0.951942599588352f,-0.08676625660717929f,0.15382342156730067f,-0.3346984677811357f,-0.1874470537491032f,-0.9234936587252458f,-0.6401645420054959f,0f,0f,0f,1f], start_interpolation: 0, interpolation_duration: 1 }