# This file was generated by Animated Java via MC-Build. It is not recommended to edit this file directly.
$data merge entity $(bone_shell2) { transformation: [-1.1977918595222539f,-0.01658963664721891f,0.00487703761644989f,0.015539979359174283f,-0.01729166099595455f,1.1491626936891601f,-0.33783197328087855f,1.1726901156448994f,-1.4668719668086844e-16f,-0.33786717459197557f,-1.149282433786845f,-0.49351392999467847f,0f,0f,0f,1f], start_interpolation: 0, interpolation_duration: 1 }
$data merge entity $(bone_shell) { transformation: [-1.2602853478451541f,-0.0179756454764808f,0.0028092325702897204f,0.016653745445728042f,-0.018193834613134785f,1.2451714052469594f,-0.19459529683035362f,1.0955396352949602f,-1.5434044172508766e-16f,-0.1946155732106951f,-1.2453011492305723f,0.5306824396199958f,0f,0f,0f,1f], start_interpolation: 0, interpolation_duration: 1 }
$data merge entity $(bone_pupil_right2) { transformation: [-0.9999830445437764f,0.004995392483948784f,0.0029927711057082087f,-0.35798182357700375f,0.005417788559334516f,0.9865068735333267f,0.1636301807082904f,2.5373508593590075f,-0.0021349922918357063f,0.16364362048498166f,-0.986517210839467f,1.2677943987337124f,0f,0f,0f,1f], start_interpolation: 0, interpolation_duration: 1 }
$data merge entity $(bone_pupil_right) { transformation: [-0.9999830445437764f,0.004995392483948784f,0.0029927711057082087f,-0.35662284958477897f,0.005417788559334516f,0.9865068735333267f,0.1636301807082904f,2.5321568035186184f,-0.0021349922918357063f,0.16364362048498166f,-0.986517210839467f,1.2035828102265327f,0f,0f,0f,1f], start_interpolation: 0, interpolation_duration: 1 }
$data merge entity $(bone_eyelid_right) { transformation: [-0.9999830445437764f,0.004995392483948784f,0.0029927711057082087f,-0.32021735820494374f,0.005417788559334516f,0.9865068735333267f,0.1636301807082904f,2.562788748481259f,-0.0021349922918357063f,0.16364362048498166f,-0.986517210839467f,1.2087740668372675f,0f,0f,0f,1f], start_interpolation: 0, interpolation_duration: 1 }
$data merge entity $(bone_eye_right) { transformation: [-0.9999830445437764f,0.004995392483948784f,0.0029927711057082087f,-0.3564667435696556f,0.005417788559334516f,0.9865068735333267f,0.1636301807082904f,2.562985143316535f,-0.0021349922918357063f,0.16364362048498166f,-0.986517210839467f,1.2086966733666884f,0f,0f,0f,1f], start_interpolation: 0, interpolation_duration: 1 }
$data merge entity $(bone_pupil_left2) { transformation: [-0.9999830445437764f,0.004995392483948784f,0.0029927711057082087f,0.3345064347695614f,0.005417788559334516f,0.9865068735333267f,0.1636301807082904f,2.5335990407816684f,-0.0021349922918357063f,0.16364362048498166f,-0.986517210839467f,1.2692728808958085f,0f,0f,0f,1f], start_interpolation: 0, interpolation_duration: 1 }
$data merge entity $(bone_pupil_left) { transformation: [-0.9999830445437764f,0.004995392483948784f,0.0029927711057082087f,0.3333654511504267f,0.005417788559334516f,0.9865068735333267f,0.1636301807082904f,2.5284185294126775f,-0.0021349922918357063f,0.16364362048498166f,-0.986517210839467f,1.2050559549078992f,0f,0f,0f,1f], start_interpolation: 0, interpolation_duration: 1 }
$data merge entity $(bone_eyelid_left) { transformation: [-0.9999830445437764f,0.004995392483948784f,0.0029927711057082087f,0.29727217180083826f,0.005417788559334516f,0.9865068735333267f,0.1636301807082904f,2.55944326404587f,-0.0021349922918357063f,0.16364362048498166f,-0.986517210839467f,1.2100924245774758f,0f,0f,0f,1f], start_interpolation: 0, interpolation_duration: 1 }
$data merge entity $(bone_eye_left) { transformation: [-0.9999830445437764f,0.004995392483948784f,0.0029927711057082087f,0.3335215571655501f,0.005417788559334516f,0.9865068735333267f,0.1636301807082904f,2.559246869210594f,-0.0021349922918357063f,0.16364362048498166f,-0.986517210839467f,1.210169818048055f,0f,0f,0f,1f], start_interpolation: 0, interpolation_duration: 1 }
$data merge entity $(bone_muzzle2) { transformation: [-0.9999830445437764f,0.004715546318805405f,0.0034167598503633137f,-0.01161383421501873f,0.005417788559334516f,0.9684916071093995f,0.2489872577578603f,2.626120508487689f,-0.0021349922918357063f,0.24900154734773833f,-0.9685007337252493f,1.4405438068565182f,0f,0f,0f,1f], start_interpolation: 0, interpolation_duration: 1 }
$data merge entity $(bone_muzzle) { transformation: [-0.9999830445437764f,0.004995392483948784f,0.0029927711057082087f,-0.010054169183991317f,0.005417788559334516f,0.9865068735333267f,0.1636301807082904f,2.8005682991506955f,-0.0021349922918357063f,0.16364362048498166f,-0.986517210839467f,1.1527126310298075f,0f,0f,0f,1f], start_interpolation: 0, interpolation_duration: 1 }
$data merge entity $(bone_tongue) { transformation: [-0.9999830445437764f,0.005237220695988863f,0.002546005565854063f,-0.01275688000480246f,0.005417788559334516f,0.9970142269805287f,0.07702777918092596f,2.2733116091666936f,-0.0021349922918357063f,0.07704026685961464f,-0.9970256963038181f,1.0806279362511428f,0f,0f,0f,1f], start_interpolation: 0, interpolation_duration: 1 }
$data merge entity $(bone_jaw) { transformation: [-0.9999830445437764f,0.005237220695988863f,0.002546005565854063f,-0.012672779531985747f,0.005417788559334516f,0.9970142269805287f,0.07702777918092596f,2.302061185660431f,-0.0021349922918357063f,0.07704026685961464f,-0.9970256963038181f,1.1141924976000002f,0f,0f,0f,1f], start_interpolation: 0, interpolation_duration: 1 }
$data merge entity $(bone_ear_left) { transformation: [-0.9232973014351376f,-0.05796778546643763f,-0.3796864877905322f,0.3397978634010121f,-0.08269268116179145f,0.99536373531394f,0.049121837345070946f,2.663349104034154f,0.3750786766064784f,0.07675135353854257f,-0.9238101623629904f,0.8765873860544334f,0f,0f,0f,1f], start_interpolation: 0, interpolation_duration: 1 }
$data merge entity $(bone_ear_right) { transformation: [-0.920737121515455f,0.06842129012390089f,0.38413757967844736f,-0.3601902677796313f,0.09268343915933205f,0.9946789744157483f,0.04498352988410216f,2.667141556025688f,-0.3790157426401084f,0.077021197816033f,-0.9221793762159024f,0.8750928914501485f,0f,0f,0f,1f], start_interpolation: 0, interpolation_duration: 1 }
$data merge entity $(bone_head_angle) { transformation: [-0.9999830445437764f,0.005237220695988863f,0.002546005565854063f,-0.011863539396005034f,0.005417788559334516f,0.9970142269805287f,0.07702777918092596f,2.4051597418374713f,-0.0021349922918357063f,0.07704026685961464f,-0.9970256963038181f,0.9967868105801118f,0f,0f,0f,1f], start_interpolation: 0, interpolation_duration: 1 }
$data merge entity $(bone_neck3) { transformation: [-0.9995700512139304f,-0.029266337831824505f,0.0017872286071659803f,0.009339193602540641f,-0.029320768002996975f,0.9975572962150167f,-0.06340136695608671f,1.682221557030795f,0.00007266288725368543f,-0.06342651053068789f,-0.9979865091683382f,0.948813379789512f,0f,0f,0f,1f], start_interpolation: 0, interpolation_duration: 1 }
$data merge entity $(bone_neck2) { transformation: [-0.9999072425900312f,-0.013603356039287456f,0.0006744779232476911f,0.015259045717076668f,-0.013616123695884717f,0.9995828294353231f,-0.025470929970703604f,1.246098018995218f,-0.0003277064218683481f,-0.02547775112804318f,-0.9996753356995254f,1.0068196772689462f,0f,0f,0f,1f], start_interpolation: 0, interpolation_duration: 1 }
$data merge entity $(bone_chest2) { transformation: [-0.9999072425900312f,-0.01306126179378213f,-0.0038613024169124937f,0.027954639642185444f,-0.013616123695884717f,0.9517842048103006f,0.3064660318030732f,0.31272767310082145f,-0.0003277064218683481f,0.3064901807790555f,-0.9518737635288217f,1.0509743477451672f,0f,0f,0f,1f], start_interpolation: 0, interpolation_duration: 1 }
$data merge entity $(bone_chest) { transformation: [-0.9998958131664032f,-0.013401152952052048f,0.005363945549028384f,0.031055398446451263f,-0.014434777874883795f,0.9282967042863031f,-0.37156004359846156f,0.0979383792926437f,-1.2245192070750755e-16f,-0.3715987592965612f,-0.9283934306581755f,0.598390093644097f,0f,0f,0f,1f], start_interpolation: 0, interpolation_duration: 1 }
$data merge entity $(bone_tail2) { transformation: [-0.9998958131664032f,-0.014426802391802376f,0.0004797760364169438f,0.028473137244260947f,-0.014434777874883795f,0.9993433521441272f,-0.0332340444881708f,0.27681138911324876f,-1.2245192070750755e-16f,-0.033237507398823335f,-0.9994474814125619f,-1.0912527944736636f,0f,0f,0f,1f], start_interpolation: 0, interpolation_duration: 1 }
$data merge entity $(bone_tail) { transformation: [-0.9998958131664032f,-0.014329161713155564f,0.0017429678412040248f,0.02423723387552055f,-0.014434777874883795f,0.99257979079113f,-0.12073523139804446f,0.570232048585298f,-1.2245192070750755e-16f,-0.12074781173021239f,-0.9926832153120981f,-0.74918354166418f,0f,0f,0f,1f], start_interpolation: 0, interpolation_duration: 1 }
$data merge entity $(bone_torso) { transformation: [-0.9998958131664032f,-0.014401653000723219f,0.0009773449462675042f,0.02311525756868904f,-0.014434777874883795f,0.9976012560023165f,-0.06770059977801812f,0.6479512501827578f,-1.2245192070750755e-16f,-0.06770765402410117f,-0.9977052037483581f,-0.06537707827543693f,0f,0f,0f,1f], start_interpolation: 0, interpolation_duration: 1 }
$data merge entity $(bone_leg_front_left4) { transformation: [-0.9427918511531416f,0.2934178469850469f,-0.15827031455674828f,1.6532010352956883f,0.2800172277480698f,0.9545925329896686f,0.10170274393866778f,-0.38974075765417815f,0.18092506062875338f,0.051566103508294894f,-0.9821441133588561f,0.6521421928978278f,0f,0f,0f,1f], start_interpolation: 0, interpolation_duration: 1 }
$data merge entity $(bone_leg_front_left3) { transformation: [-0.867083475591157f,0.49810104523632714f,0.00784825402480821f,1.3087312021685984f,0.49780519949607027f,0.8657564991406341f,0.05153316941961727f,-0.17397995005982722f,0.018874048623367723f,0.04859046130910513f,-0.9986404444835644f,0.6605690011090257f,0f,0f,0f,1f], start_interpolation: 0, interpolation_duration: 1 }
$data merge entity $(bone_leg_front_left2) { transformation: [-0.7910806596250799f,0.5908752932925496f,0.1582964868327531f,0.8235382163606195f,0.5934447860119763f,0.804082904341667f,-0.03569270094388459f,0.20948683657799647f,-0.14837343401818362f,0.0657044193484218f,-0.9867462963476167f,0.56886223639998f,0f,0f,0f,1f], start_interpolation: 0, interpolation_duration: 1 }
$data merge entity $(bone_leg_front_left) { transformation: [-0.7807794673592794f,0.5680492159309424f,0.2601989846836485f,0.6527427078757772f,0.5596911301062477f,0.8209819094911701f,-0.11284743315035312f,0.33191927128873816f,-0.277721555214123f,0.057522105042094845f,-0.9589379256244771f,0.5081106461968906f,0f,0f,0f,1f], start_interpolation: 0, interpolation_duration: 1 }
$data merge entity $(bone_leg_back_left4) { transformation: [-0.6823023710320807f,-0.02422173794932099f,-0.7306687224007302f,1.2003373884894695f,-0.014949820997562362f,0.9997042701736895f,-0.01918006904657971f,0.059855363915520876f,0.7309172164726604f,-0.0021632399786317563f,-0.6824627045169964f,-0.9436204380286264f,0f,0f,0f,1f], start_interpolation: 0, interpolation_duration: 1 }
$data merge entity $(bone_leg_back_left3) { transformation: [-0.8218443966917163f,0.06772977000430591f,-0.5656716944320201f,1.0205589267131565f,0.09270854296125819f,0.9955727977019819f,-0.015489691341304257f,0.0801353576882961f,0.5621182381745229f,-0.06517271462055368f,-0.8244850535822699f,-0.8206570734279495f,0f,0f,0f,1f], start_interpolation: 0, interpolation_duration: 1 }
$data merge entity $(bone_leg_back_left2) { transformation: [-0.8436726289000714f,0.21508149665271337f,-0.4918906840370849f,0.7041816908756298f,0.25981460429729886f,0.9653722661501968f,-0.02351083031012656f,0.17756583429978318f,0.46980087977640117f,-0.1476358274459908f,-0.8703394715946515f,-0.6444817435117991f,0f,0f,0f,1f], start_interpolation: 0, interpolation_duration: 1 }
$data merge entity $(bone_leg_back_left) { transformation: [-0.863787954176969f,0.3336434840071052f,-0.3775611153156095f,0.6232015701715389f,0.38138814523219255f,0.9226422333328844f,-0.05722230287969247f,0.21332097291530122f,0.32926198215875824f,-0.1934252694197627f,-0.9242149167021586f,-0.6136134326844155f,0f,0f,0f,1f], start_interpolation: 0, interpolation_duration: 1 }
$data merge entity $(bone_leg_front_right4) { transformation: [-0.9343158349062853f,-0.32085136334918374f,0.15526855212933877f,-1.5763366355717705f,-0.3071156835458796f,0.9457247694789125f,0.10622907941898573f,-0.4363632740240744f,-0.1809250606287537f,0.05156610350829483f,-0.9821441133588562f,0.6521421928978274f,0f,0f,0f,1f], start_interpolation: 0, interpolation_duration: 1 }
$data merge entity $(bone_leg_front_right3) { transformation: [-0.8523522220410586f,-0.5228848752385102f,-0.009332568160879962f,-1.2382386215431922f,-0.5226274580140549f,0.8510172585303873f,0.051285142226491075f,-0.21074872454132726f,-0.018874048623367973f,0.048590461309105014f,-0.9986404444835645f,0.6605690011090254f,0f,0f,0f,1f], start_interpolation: 0, interpolation_duration: 1 }
$data merge entity $(bone_leg_front_right2) { transformation: [-0.7736202936885185f,-0.6138401581084685f,-0.1572001955681381f,-0.7643171904583129f,-0.6160332501342296f,0.7866912924212758f,-0.04024730000385858f,0.18656410823664865f,0.1483734340181834f,0.06570441934842167f,-0.9867462963476168f,0.5688622363999799f,0f,0f,0f,1f], start_interpolation: 0, interpolation_duration: 1 }
$data merge entity $(bone_leg_front_right) { transformation: [-0.7642977457192501f,-0.5915114089001919f,-0.25683303726230894f,-0.5971270585822269f,-0.5819963003816446f,0.8042421653783369f,-0.1203114531939593f,0.3138757989451334f,0.2777215552141228f,0.05752210504209471f,-0.9589379256244772f,0.5081106461968905f,0f,0f,0f,1f], start_interpolation: 0, interpolation_duration: 1 }
$data merge entity $(bone_leg_back_right4) { transformation: [-0.6824495878746039f,-0.004646367092518103f,0.7309178964033f,-1.1366399966405343f,-0.004752123066735866f,0.9999868657465639f,0.0019198074700824469f,0.02611809948378717f,-0.7309172164726606f,-0.0021632399786317563f,-0.6824627045169963f,-0.9436204380286267f,0f,0f,0f,1f], start_interpolation: 0, interpolation_duration: 1 }
$data merge entity $(bone_leg_back_right3) { transformation: [-0.8188257374739999f,-0.09644029514846694f,0.5658830984592462f,-0.9575218665680969f,-0.11639371959745295f,0.9932027923544439f,0.0008457526855298516f,0.051579225645730004f,-0.5621182381745231f,-0.06517271462055371f,-0.8244850535822698f,-0.8206570734279498f,0f,0f,0f,1f], start_interpolation: 0, interpolation_duration: 1 }
$data merge entity $(bone_leg_back_right2) { transformation: [-0.8358210981710129f,-0.24285883146523723f,0.4923643770943848f,-0.6440889547539671f,-0.2840602492668085f,0.9587613104593224f,-0.009301846741456975f,0.1581018191207832f,-0.46980087977640134f,-0.14763582744599085f,-0.8703394715946514f,-0.6444817435117993f,0f,0f,0f,1f], start_interpolation: 0, interpolation_duration: 1 }
$data merge entity $(bone_leg_back_right) { transformation: [-0.8524186324309561f,-0.360137942461359f,0.3790555862723007f,-0.564174707963565f,-0.4061637873929975f,0.9126266090519118f,-0.04629957085097945f,0.19617967418887672f,-0.32926198215875846f,-0.1934252694197628f,-0.9242149167021585f,-0.6136134326844157f,0f,0f,0f,1f], start_interpolation: 0, interpolation_duration: 1 }