# This file was generated by Animated Java via MC-Build. It is not recommended to edit this file directly.
$data merge entity $(bone_shell2) { transformation: [-1.1977672931952017f,-0.018167906636151032f,0.005270559560197092f,0.007522107746481119f,-0.018916966712913715f,1.150338988530897f,-0.3337164966163244f,1.185117199489261f,-1.4668418817348934e-16f,-0.3337581143761915f,-1.1504824472219584f,-0.48619455218374696f,0f,0f,0f,1f], start_interpolation: 0, interpolation_duration: 1 }
$data merge entity $(bone_shell) { transformation: [-1.2602594997966905f,-0.019676098029023526f,0.0030029901196712504f,0.008798348689990122f,-0.019903938889239647f,1.2458332794326183f,-0.19014059715371615f,1.1043093361795324f,-1.5433727625210617e-16f,-0.19016430957367003f,-1.2459886472097088f,0.5377195560603822f,0f,0f,0f,1f], start_interpolation: 0, interpolation_duration: 1 }
$data merge entity $(bone_pupil_right2) { transformation: [-0.9999735712281895f,0.006083271413589638f,0.003981287988743474f,-0.36399237643832233f,0.0066425703769659415f,0.9870608661277291f,0.16020837312064598f,2.546071010318983f,-0.002955182554050533f,0.16023058499576692f,-0.9870751878798223f,1.2597961359177017f,0f,0f,0f,1f], start_interpolation: 0, interpolation_duration: 1 }
$data merge entity $(bone_pupil_right) { transformation: [-0.9999735712281895f,0.006083271413589638f,0.003981287988743474f,-0.3625886300908279f,0.0066425703769659415f,0.9870608661277291f,0.16020837312064598f,2.5406529043928066f,-0.002955182554050533f,0.16023058499576692f,-0.9870751878798223f,1.1956040277628466f,0f,0f,0f,1f], start_interpolation: 0, interpolation_duration: 1 }
$data merge entity $(bone_eyelid_right) { transformation: [-0.9999735712281895f,0.006083271413589638f,0.003981287988743474f,-0.32614948590213144f,0.0066425703769659415f,0.9870608661277291f,0.16020837312064598f,2.5712577632831333f,-0.002955182554050533f,0.16023058499576692f,-0.9870751878798223f,1.2007183589115487f,0f,0f,0f,1f], start_interpolation: 0, interpolation_duration: 1 }
$data merge entity $(bone_eye_right) { transformation: [-0.9999735712281895f,0.006083271413589638f,0.003981287988743474f,-0.3623985278591533f,0.0066425703769659415f,0.9870608661277291f,0.16020837312064598f,2.5714985564592983f,-0.002955182554050533f,0.16023058499576692f,-0.9870751878798223f,1.2006112335439643f,0f,0f,0f,1f], start_interpolation: 0, interpolation_duration: 1 }
$data merge entity $(bone_pupil_left2) { transformation: [-0.9999735712281895f,0.006083271413589638f,0.003981287988743474f,0.3284893216371989f,0.0066425703769659415f,0.9870608661277291f,0.16020837312064598f,2.5414710303329344f,-0.002955182554050533f,0.16023058499576692f,-0.9870751878798223f,1.2618425998363816f,0f,0f,0f,1f], start_interpolation: 0, interpolation_duration: 1 }
$data merge entity $(bone_pupil_left) { transformation: [-0.9999735712281895f,0.006083271413589638f,0.003981287988743474f,0.3273931340566228f,0.0066425703769659415f,0.9870608661277291f,0.16020837312064598f,2.5360695308327004f,-0.002955182554050533f,0.16023058499576692f,-0.9870751878798223f,1.1976431037251414f,0f,0f,0f,1f], start_interpolation: 0, interpolation_duration: 1 }
$data merge entity $(bone_eyelid_left) { transformation: [-0.9999735712281895f,0.006083271413589638f,0.003981287988743474f,0.2913341943312756f,0.0066425703769659415f,0.9870608661277291f,0.16020837312064598f,2.567155976075357f,-0.002955182554050533f,0.16023058499576692f,-0.9870751878798223f,1.2025431841386747f,0f,0f,0f,1f], start_interpolation: 0, interpolation_duration: 1 }
$data merge entity $(bone_eye_left) { transformation: [-0.9999735712281895f,0.006083271413589638f,0.003981287988743474f,0.32758323628829744f,0.0066425703769659415f,0.9870608661277291f,0.16020837312064598f,2.566915182899192f,-0.002955182554050533f,0.16023058499576692f,-0.9870751878798223f,1.202650309506259f,0f,0f,0f,1f], start_interpolation: 0, interpolation_duration: 1 }
$data merge entity $(bone_muzzle2) { transformation: [-0.9999735712281895f,0.005713130617519807f,0.004496330024349599f,-0.017652843721676196f,0.0066425703769659415f,0.9693417217765661f,0.24562675481720067f,2.6350116076616317f,-0.002955182554050533f,0.24565013039237196f,-0.9693540531375948f,1.4325146667411808f,0f,0f,0f,1f], start_interpolation: 0, interpolation_duration: 1 }
$data merge entity $(bone_muzzle) { transformation: [-0.9999735712281895f,0.006083271413589638f,0.003981287988743474f,-0.015648282298495155f,0.0066425703769659415f,0.9870608661277291f,0.16020837312064598f,2.8084593325277996f,-0.002955182554050533f,0.16023058499576692f,-0.9870751878798223f,1.1440824936532072f,0f,0f,0f,1f], start_interpolation: 0, interpolation_duration: 1 }
$data merge entity $(bone_tongue) { transformation: [-0.9999735712281895f,0.006407114841022342f,0.003435945947575597f,-0.018944688746926536f,0.0066425703769659415f,0.9972678812840138f,0.07357070896818262f,2.280959855250923f,-0.002955182554050533f,0.07359158809747166f,-0.9972840844299904f,1.0738218348379882f,0f,0f,0f,1f], start_interpolation: 0, interpolation_duration: 1 }
$data merge entity $(bone_jaw) { transformation: [-0.9999735712281895f,0.006407114841022342f,0.003435945947575597f,-0.018851839719006325f,0.0066425703769659415f,0.9972678812840138f,0.07357070896818262f,2.3098253918857927f,-0.002955182554050533f,0.07359158809747166f,-0.9972840844299904f,1.1072866996044715f,0f,0f,0f,1f], start_interpolation: 0, interpolation_duration: 1 }
$data merge entity $(bone_ear_left) { transformation: [-0.9226794063817112f,-0.0736561533470253f,-0.37846728275137914f,0.3342540290797862f,-0.09578677882895893f,0.9945996163218898f,0.039956178670155704f,2.669853546014908f,0.37348039579161985f,0.07311890512356434f,-0.9247518692454025f,0.8687145369801789f,0f,0f,0f,1f], start_interpolation: 0, interpolation_duration: 1 }
$data merge entity $(bone_ear_right) { transformation: [-0.9191020121684685f,0.08642926556191896f,0.38442355973886316f,-0.3657274707799465f,0.10802126486310627f,0.9935362095559264f,0.03488848862614766f,2.6745033452787843f,-0.37892333995842314f,0.073591999263979f,-0.922497327952273f,0.8666459091923435f,0f,0f,0f,1f], start_interpolation: 0, interpolation_duration: 1 }
$data merge entity $(bone_head_angle) { transformation: [-0.9999735712281895f,0.006407114841022342f,0.003435945947575597f,-0.017821679459213532f,0.0066425703769659415f,0.9972678812840138f,0.07357070896818262f,2.412515594377192f,-0.002955182554050533f,0.07359158809747166f,-0.9972840844299904f,0.9895254004348607f,0f,0f,0f,1f], start_interpolation: 0, interpolation_duration: 1 }
$data merge entity $(bone_neck3) { transformation: [-0.9996067127478448f,-0.0279358316257554f,0.0024513548957069966f,0.0024870140432706926f,-0.0280408789204963f,0.9968179805066666f,-0.07461650519809067f,1.6890573735257044f,-0.0003590805109276176f,-0.07465589762361755f,-0.9972092899743756f,0.949695955916738f,0f,0f,0f,1f], start_interpolation: 0, interpolation_duration: 1 }
$data merge entity $(bone_neck2) { transformation: [-0.9999055401398121f,-0.013686104651438073f,0.0012654395205374067f,0.008415367350749658f,-0.013719853989706996f,0.9993836691484237f,-0.032311723041874185f,1.2533416302908569f,-0.0008224379681007241f,-0.03232603252648775f,-0.9994770388642678f,1.010689081343839f,0f,0f,0f,1f], start_interpolation: 0, interpolation_duration: 1 }
$data merge entity $(bone_chest2) { transformation: [-0.9999055401398121f,-0.01331240636096626f,-0.0034191570000159177f,0.02118563380722536f,-0.013719853989706996f,0.9518512261635637f,0.3062531777099153f,0.3199824834616728f,-0.0008224379681007241f,0.3062711594123749f,-0.951943958701345f,1.0550584283068898f,0f,0f,0f,1f], start_interpolation: 0, interpolation_duration: 1 }
$data merge entity $(bone_chest) { transformation: [-0.9998753056238205f,-0.014677502320380818f,0.005826159052639421f,0.02455738528105697f,-0.015791554821214925f,0.9293367426157007f,-0.3688954399565915f,0.10649299027663639f,-1.2244940925786935e-16f,-0.36894144487990754f,-0.9294526401328504f,0.6018615283929618f,0f,0f,0f,1f], start_interpolation: 0, interpolation_duration: 1 }
$data merge entity $(bone_tail2) { transformation: [-0.9998753056238205f,-0.01576190267755686f,0.0009672784783414151f,0.021679073540826557f,-0.015791554821214925f,0.9979978181605418f,-0.06124525894407372f,0.28873931519692714f,-1.2244940925786935e-16f,-0.06125289683583389f,-0.998122278395397f,-1.08484851647857f,0f,0f,0f,1f], start_interpolation: 0, interpolation_duration: 1 }
$data merge entity $(bone_tail) { transformation: [-0.9998753056238205f,-0.01566785903418679f,0.0019726624030198168f,0.017022360381147426f,-0.015791554821214925f,0.9920432482830849f,-0.12490324388211124f,0.5835888437234901f,-1.2244940925786935e-16f,-0.12491882055651363f,-0.9921669659239665f,-0.7440156093962109f,0f,0f,0f,1f], start_interpolation: 0, interpolation_duration: 1 }
$data merge entity $(bone_torso) { transformation: [-0.9998753056238205f,-0.01575903659106685f,0.0010129014724309029f,0.015833520725380343f,-0.015791554821214925f,0.997816345902896f,-0.06413397418935259f,0.6588627117881355f,-1.2244940925786935e-16f,-0.06414197233257952f,-0.9979407835063594f,-0.059935757370981835f,0f,0f,0f,1f], start_interpolation: 0, interpolation_duration: 1 }
$data merge entity $(bone_leg_front_left4) { transformation: [-0.9188113203008641f,0.36705712679281965f,-0.14510280272132292f,1.6146968814453069f,0.350161736890554f,0.9276988930613206f,0.12946629611829946f,-0.4224489139345523f,0.18213323613435764f,0.06814564904233146f,-0.9809096058311518f,0.6516462021922023f,0f,0f,0f,1f], start_interpolation: 0, interpolation_duration: 1 }
$data merge entity $(bone_leg_front_left3) { transformation: [-0.832091233355356f,0.5543887673640586f,0.016651546286231528f,1.285322142384757f,0.5541550998455522f,0.8297372919770264f,0.06669446467134386f,-0.18435875943515567f,0.023158253136384033f,0.06472341866118314f,-0.9976344893739794f,0.6620655459454393f,0f,0f,0f,1f], start_interpolation: 0, interpolation_duration: 1 }
$data merge entity $(bone_leg_front_left2) { transformation: [-0.7667831759699562f,0.6214161778230859f,0.16088969820710847f,0.8157922851820201f,0.6254483487909615f,0.7796674009902085f,-0.03054679734167773f,0.21872876169966726f,-0.1444227268960372f,0.07720542579974982f,-0.9864995682629527f,0.5730076764135371f,0f,0f,0f,1f], start_interpolation: 0, interpolation_duration: 1 }
$data merge entity $(bone_leg_front_left) { transformation: [-0.7766198080230168f,0.5739950045033048f,0.25959855275317695f,0.6459067021769852f,0.5661715639337577f,0.8166535583411413f,-0.11192285665383644f,0.34257879131017677f,-0.2762452424551341f,0.0600558111593162f,-0.9592089790900108f,0.5125790296264765f,0f,0f,0f,1f], start_interpolation: 0, interpolation_duration: 1 }
$data merge entity $(bone_leg_back_left4) { transformation: [-0.6840691739998385f,0.007782367498515769f,-0.7293756233514366f,1.186039345874882f,0.0005842687322864973f,0.9999486068353056f,0.010121379262732743f,0.04305934717985738f,0.7294169067229159f,0.006497572181180425f,-0.6840385645141094f,-0.9376430509292397f,0f,0f,0f,1f], start_interpolation: 0, interpolation_duration: 1 }
$data merge entity $(bone_leg_back_left3) { transformation: [-0.8170834625011564f,0.11936640280198979f,-0.5640268408411381f,1.007302338452754f,0.13795081810824023f,0.990391039789147f,0.009755003261900283f,0.07323608864103492f,0.559771549018337f,-0.06983731228709768f,-0.825698832942209f,-0.8151930245814785f,0f,0f,0f,1f], start_interpolation: 0, interpolation_duration: 1 }
$data merge entity $(bone_leg_back_left2) { transformation: [-0.8292988213917741f,0.2674122812944462f,-0.49066703236626197f,0.6963152804308387f,0.30812966440431605f,0.9513415766157343f,-0.0023053234854980287f,0.18878471279265344f,0.4661754763523044f,-0.1531008700667283f,-0.8713441047212708f,-0.6403772209493643f,0f,0f,0f,1f], start_interpolation: 0, interpolation_duration: 1 }
$data merge entity $(bone_leg_back_left) { transformation: [-0.8515956118039342f,0.36294827635554255f,-0.37822409051622263f,0.6164781918242198f,0.40763621615587f,0.9121546331944653f,-0.04250459292823913f,0.22700060805726624f,0.32957188780963687f,-0.1903745619362292f,-0.9247377449489023f,-0.6094798564672109f,0f,0f,0f,1f], start_interpolation: 0, interpolation_duration: 1 }
$data merge entity $(bone_leg_front_right4) { transformation: [-0.9072952489466521f,-0.3961700207269372f,0.14094199486331516f,-1.5480854874652605f,-0.3790023951560978f,0.9156448466484248f,0.1339839515469061f,-0.47240039376939275f,-0.1821332361343579f,0.0681456490423314f,-0.9809096058311517f,0.6516462021922018f,0f,0f,0f,1f], start_interpolation: 0, interpolation_duration: 1 }
$data merge entity $(bone_leg_front_right3) { transformation: [-0.8141764719584542f,-0.5803146841235856f,-0.018749397319050426f,-1.2263937126715696f,-0.5801554686641812f,0.8118163255733112f,0.06613535901234696f,-0.22402760453748616f,-0.023158253136384283f,0.06472341866118303f,-0.9976344893739792f,0.6620655459454389f,0f,0f,0f,1f], start_interpolation: 0, interpolation_duration: 1 }
$data merge entity $(bone_leg_front_right2) { transformation: [-0.7466496050034888f,-0.6457274992326867f,-0.15984481249898339f,-0.7698272017198998f,-0.6493507860194268f,0.7596547366809346f,-0.035612325593433886f,0.19368624198529516f,0.14442272689603697f,0.07720542579974968f,-0.9864995682629527f,0.5730076764135369f,0f,0f,0f,1f], start_interpolation: 0, interpolation_duration: 1 }
$data merge entity $(bone_leg_front_right) { transformation: [-0.758353242821071f,-0.5994979692553754f,-0.2559346478330882f,-0.6039374298527905f,-0.5904141979353734f,0.7981199686793193f,-0.12006494272539434f,0.3228393477836581f,0.2762452424551339f,0.06005581115931606f,-0.9592089790900109f,0.5125790296264764f,0f,0f,0f,1f], start_interpolation: 0, interpolation_duration: 1 }
$data merge entity $(bone_leg_back_right4) { transformation: [-0.6837095462344878f,-0.039356034523403374f,0.728692225109081f,-1.1343421084694503f,-0.022186315029845388f,0.9992041253429366f,0.03314940909056194f,0.006412346562567575f,-0.7294169067229161f,0.006497572181180439f,-0.684038564514109f,-0.93764305092924f,0f,0f,0f,1f], start_interpolation: 0, interpolation_duration: 1 }
$data merge entity $(bone_leg_back_right3) { transformation: [-0.8123195725290585f,-0.15058259764217533f,0.5634374795605475f,-0.9566472019787187f,-0.1636848343488756f,0.9861275937219529f,0.02756163827373198f,0.04221840407638411f,-0.5597715490183373f,-0.06983731228709769f,-0.8256988329422087f,-0.8151930245814788f,0f,0f,0f,1f], start_interpolation: 0, interpolation_duration: 1 }
$data merge entity $(bone_leg_back_right2) { transformation: [-0.8191547320964092f,-0.29732148909373546f,0.4904951141521634f,-0.6494641774425652f,-0.33416455546895146f,0.9424224401551008f,0.013190684604810682f,0.16753011237724091f,-0.4661754763523046f,-0.15310087006672835f,-0.8713441047212706f,-0.6403772209493646f,0f,0f,0f,1f], start_interpolation: 0, interpolation_duration: 1 }
$data merge entity $(bone_leg_back_right) { transformation: [-0.8382980676106463f,-0.3915723447173349f,0.3793777124355422f,-0.5708737336040671f,-0.4343255928515476f,0.9002380935175746f,-0.030539390530826264f,0.2082481367070735f,-0.3295718878096371f,-0.1903745619362293f,-0.9247377449489022f,-0.609479856467211f,0f,0f,0f,1f], start_interpolation: 0, interpolation_duration: 1 }