# This file was generated by Animated Java via MC-Build. It is not recommended to edit this file directly.
$data merge entity $(bone_shell2) { transformation: [-1.1977551524441699f,-0.018909965163098407f,0.005417406090738092f,0.002600201449246641f,-0.019670665246034804f,1.1514358016542725f,-0.32986815529138236f,1.192480994529966f,-1.4665023176398884e-16f,-0.3299126371694354f,-1.151591069830644f,-0.48120280906384116f,0f,0f,0f,1f], start_interpolation: 0, interpolation_duration: 1 }
$data merge entity $(bone_shell) { transformation: [-1.26024672561517f,-0.020470360370364336f,0.0030542648315566314f,0.003983455040186814f,-0.02069696082408879f,1.246448927848806f,-0.18597548141709266f,1.1082540965088317f,-1.5430154820384912e-16f,-0.18600055973566498f,-1.2466170083025223f,0.5424355825980978f,0f,0f,0f,1f], start_interpolation: 0, interpolation_duration: 1 }
$data merge entity $(bone_pupil_right2) { transformation: [-0.9999675137907529f,0.006673482672970882f,0.004520618558788452f,-0.36735976993515007f,0.007302582126193436f,0.9874764365965878f,0.15759746019779522f,2.5495197476043097f,-0.0034122803857106173f,0.15762535264201327f,-0.9874930908857291f,1.256924251110016f,0f,0f,0f,1f], start_interpolation: 0, interpolation_duration: 1 }
$data merge entity $(bone_pupil_right) { transformation: [-0.9999675137907529f,0.006673482672970882f,0.004520618558788452f,-0.3659315450497525f,0.007302582126193436f,0.9874764365965878f,0.15759746019779522f,2.5439311413171923f,-0.0034122803857106173f,0.15762535264201327f,-0.9874930908857291f,1.1927473021451087f,0f,0f,0f,1f], start_interpolation: 0, interpolation_duration: 1 }
$data merge entity $(bone_eyelid_right) { transformation: [-0.9999675137907529f,0.006673482672970882f,0.004520618558788452f,-0.32947417634130743f,0.007302582126193436f,0.9874764365965878f,0.15759746019779522f,2.5745250613587616f,-0.0034122803857106173f,0.15762535264201327f,-0.9874930908857291f,1.1977967895791537f,0f,0f,0f,1f], start_interpolation: 0, interpolation_duration: 1 }
$data merge entity $(bone_eye_right) { transformation: [-0.9999675137907529f,0.006673482672970882f,0.004520618558788452f,-0.36572299871622216f,0.007302582126193436f,0.9874764365965878f,0.15759746019779522f,2.574789779960836f,-0.0034122803857106173f,0.15762535264201327f,-0.9874930908857291f,1.1976730944151717f,0f,0f,0f,1f], start_interpolation: 0, interpolation_duration: 1 }
$data merge entity $(bone_pupil_left2) { transformation: [-0.9999675137907529f,0.006673482672970882f,0.004520618558788452f,0.32511773336494626f,0.007302582126193436f,0.9874764365965878f,0.15759746019779522f,2.5444627094819205f,-0.0034122803857106173f,0.15762535264201327f,-0.9874930908857291f,1.2592872552771206f,0f,0f,0f,1f], start_interpolation: 0, interpolation_duration: 1 }
$data merge entity $(bone_pupil_left) { transformation: [-0.9999675137907529f,0.006673482672970882f,0.004520618558788452f,0.3240460394658669f,0.007302582126193436f,0.9874764365965878f,0.15759746019779522f,2.5388923596501187f,-0.0034122803857106173f,0.15762535264201327f,-0.9874930908857291f,1.195101775611249f,0f,0f,0f,1f], start_interpolation: 0, interpolation_duration: 1 }
$data merge entity $(bone_eyelid_left) { transformation: [-0.9999675137907529f,0.006673482672970882f,0.004520618558788452f,0.28800576342448253f,0.007302582126193436f,0.9874764365965878f,0.15759746019779522f,2.5700157168958366f,-0.0034122803857106173f,0.15762535264201327f,-0.9874930908857291f,1.19990387271733f,0f,0f,0f,1f], start_interpolation: 0, interpolation_duration: 1 }
$data merge entity $(bone_eye_left) { transformation: [-0.9999675137907529f,0.006673482672970882f,0.004520618558788452f,0.32425458579939725f,0.007302582126193436f,0.9874764365965878f,0.15759746019779522f,2.5697509982937623f,-0.0034122803857106173f,0.15762535264201327f,-0.9874930908857291f,1.200027567881312f,0f,0f,0f,1f], start_interpolation: 0, interpolation_duration: 1 }
$data merge entity $(bone_muzzle2) { transformation: [-0.9999675137907529f,0.006254090188450667f,0.005085048579436608f,-0.02103646241093604f,0.007302582126193436f,0.9699832669293671f,0.2430619965591549f,2.6386849965615715f,-0.0034122803857106173f,0.24309123438114177f,-0.9699974268572173f,1.4295594668446723f,0f,0f,0f,1f], start_interpolation: 0, interpolation_duration: 1 }
$data merge entity $(bone_muzzle) { transformation: [-0.9999675137907529f,0.006673482672970882f,0.004520618558788452f,-0.01878958377719329f,0.007302582126193436f,0.9874764365965878f,0.15759746019779522f,2.8113687574479562f,-0.0034122803857106173f,0.15762535264201327f,-0.9874930908857291f,1.1406710450231337f,0f,0f,0f,1f], start_interpolation: 0, interpolation_duration: 1 }
$data merge entity $(bone_tongue) { transformation: [-0.9999675137907529f,0.007042085924790779f,0.003921783901283799f,-0.022408136177823272f,0.007302582126193436f,0.9974543143267337f,0.0709335120043821f,2.2836878252120156f,-0.0034122803857106173f,0.0709598467924889f,-0.9974733362279697f,1.0718025846575f,0f,0f,0f,1f], start_interpolation: 0, interpolation_duration: 1 }
$data merge entity $(bone_jaw) { transformation: [-0.9999675137907529f,0.007042085924790779f,0.003921783901283799f,-0.02231062673958868f,0.007302582126193436f,0.9974543143267337f,0.0709335120043821f,2.3126416002845893f,-0.0034122803857106173f,0.0709598467924889f,-0.9974733362279697f,1.1051911216268893f,0f,0f,0f,1f], start_interpolation: 0, interpolation_duration: 1 }
$data merge entity $(bone_ear_left) { transformation: [-0.9220997745846584f,-0.08410538280891744f,-0.37770132418815744f,0.3311404439726001f,-0.10439708213586192f,0.9939701404381822f,0.03353519284003811f,2.6718023312164f,0.37260334801560796f,0.07035370992254718f,-0.9253199989990999f,0.8658240121612516f,0f,0f,0f,1f], start_interpolation: 0, interpolation_duration: 1 }
$data merge entity $(bone_ear_right) { transformation: [-0.9179124958424174f,0.09813096191263715f,0.3844567131556484f,-0.36883681568092685f,0.11783435938005955f,0.9926393013305581f,0.02796929036412408f,2.6769141387047353f,-0.37888218977122023f,0.07097557162913366f,-0.9227192175879307f,0.8634354158912542f,0f,0f,0f,1f], start_interpolation: 0, interpolation_duration: 1 }
$data merge entity $(bone_head_angle) { transformation: [-0.9999675137907529f,0.007042085924790779f,0.003921783901283799f,-0.02116020819647907f,0.007302582126193436f,0.9974543143267337f,0.0709335120043821f,2.4150196312532684f,-0.0034122803857106173f,0.0709598467924889f,-0.9974733362279697f,0.9871594402351889f,0f,0f,0f,1f], start_interpolation: 0, interpolation_duration: 1 }
$data merge entity $(bone_neck3) { transformation: [-0.9996369400417453f,-0.026797114695803932f,0.002811182661441869f,-0.0016362336343598207f,-0.026936662295426586f,0.9963666085386567f,-0.08079602473858166f,1.6913065040468667f,-0.0006358681924787273f,-0.08084241481521487f,-0.9967266925484072f,0.9518217984572114f,0f,0f,0f,1f], start_interpolation: 0, interpolation_duration: 1 }
$data merge entity $(bone_neck2) { transformation: [-0.9999066768150454f,-0.013569914889625835f,0.0015795792416059195f,0.004226561352901205f,-0.013616928469488325f,0.9992935712132112f,-0.03502767178965871f,1.255757488756227f,-0.0011031408563912195f,-0.03504591191331052f,-0.99938509451483f,1.0140005612246674f,0f,0f,0f,1f], start_interpolation: 0, interpolation_duration: 1 }
$data merge entity $(bone_chest2) { transformation: [-0.9999066768150454f,-0.013296110572846605f,-0.0031386468942584183f,0.01689052661632053f,-0.013616928469488325f,0.9514313453390919f,0.3075597086181848f,0.32233703219417986f,-0.0011031408563912195f,0.30757374489686307f,-0.9515236069222721f,1.0570922179612827f,0f,0f,0f,1f], start_interpolation: 0, interpolation_duration: 1 }
$data merge entity $(bone_chest) { transformation: [-0.9998651707360026f,-0.015280781882074802f,0.006011493503027911f,0.020373797801649322f,-0.016420729248863834f,0.9304532919302306f,-0.3660423898773644f,0.11023917188267796f,-1.2242106303776459e-16f,-0.36609174975854f,-0.9305787611796922f,0.6032432045513909f,0f,0f,0f,1f], start_interpolation: 0, interpolation_duration: 1 }
$data merge entity $(bone_tail2) { transformation: [-0.9998651707360026f,-0.016374024863194645f,0.001237602053964026f,0.017308214487077353f,-0.016420729248863834f,0.9970213208774785f,-0.07535811413950852f,0.2969038405326545f,-1.2242106303776459e-16f,-0.07536827598868881f,-0.9971557666555878f,-1.0818020820296388f,0f,0f,0f,1f], start_interpolation: 0, interpolation_duration: 1 }
$data merge entity $(bone_tail) { transformation: [-0.9998651707360026f,-0.01629166564322689f,0.0020547456372487912f,0.012464768462302333f,-0.016420729248863834f,0.9920064330313475f,-0.1251143336127321f,0.5918233238952659f,-1.2242106303776459e-16f,-0.1251312049610001f,-0.9921402025646417f,-0.7410323073081482f,0f,0f,0f,1f], start_interpolation: 0, interpolation_duration: 1 }
$data merge entity $(bone_torso) { transformation: [-0.9998651707360026f,-0.016390342761462506f,0.000998505496362417f,0.011266097722257468f,-0.016420729248863834f,0.9980149246261536f,-0.06079942330637972f,0.6648108938129693f,-1.2242106303776459e-16f,-0.06080762195329313f,-0.9981495043891899f,-0.05670476122662066f,0f,0f,0f,1f], start_interpolation: 0, interpolation_duration: 1 }
$data merge entity $(bone_leg_front_left4) { transformation: [-0.9010929139119164f,0.4115516580474857f,-0.13658987245069532f,1.5929319168096407f,0.39250353986736025f,0.908008371091493f,0.1464983591012715f,-0.43863498720466926f,0.18431639018091492f,0.07839662483894985f,-0.9797353915851658f,0.6502265526970955f,0f,0f,0f,1f], start_interpolation: 0, interpolation_duration: 1 }
$data merge entity $(bone_leg_front_left3) { transformation: [-0.8107312179627887f,0.5850065998759967f,0.021958377036995047f,1.2727130876353203f,0.5848050541568294f,0.8075949019518974f,0.0761151954207123f,-0.18843926361045893f,0.02679441832175311f,0.07455033496122568f,-0.9968572148025856f,0.6622766341240769f,0f,0f,0f,1f], start_interpolation: 0, interpolation_duration: 1 }
$data merge entity $(bone_leg_front_left2) { transformation: [-0.754233808006974f,0.6362038990354703f,0.1624067785265271f,0.8112576435533907f,0.6411841722800199f,0.7669261695137807f,-0.026591497372387127f,0.22428406546320634f,-0.14147162286792653f,0.08407644953841276f,-0.9863655156969602f,0.5751705643556605f,0f,0f,0f,1f], start_interpolation: 0, interpolation_duration: 1 }
$data merge entity $(bone_leg_front_left) { transformation: [-0.7758292979896252f,0.5751234689960362f,0.2594646330251796f,0.6415449846181601f,0.567885666063071f,0.8157166751945518f,-0.11005533194556495f,0.3485090549145031f,-0.27494503207191756f,0.0619620950219715f,-0.9594612697339381f,0.5150263385899285f,0f,0f,0f,1f], start_interpolation: 0, interpolation_duration: 1 }
$data merge entity $(bone_leg_back_left4) { transformation: [-0.684841181533309f,0.034505163703726235f,-0.7278749547510481f,1.1757927624902345f,0.01744241195771421f,0.9993682899649796f,0.03096422577055361f,0.031006190891167698f,0.7284835745170642f,0.008509682147499708f,-0.6850104137665278f,-0.9342782427565588f,0f,0f,0f,1f], start_interpolation: 0, interpolation_duration: 1 }
$data merge entity $(bone_leg_back_left3) { transformation: [-0.8120902387131026f,0.15563322472779698f,-0.5623946510660669f,0.9981480227717432f,0.1704518059942581f,0.985010819074247f,0.02645502107307461f,0.06829252345241166f,0.5580820961294064f,-0.07437731957732838f,-0.8264456354245572f,-0.8121977842282512f,0f,0f,0f,1f], start_interpolation: 0, interpolation_duration: 1 }
$data merge entity $(bone_leg_back_left2) { transformation: [-0.8184361246682749f,0.3009573369351271f,-0.4894762416940096f,0.6912344760211401f,0.33904026877706506f,0.940701589608444f,0.011498497976793025f,0.19543262424381105f,0.4639116359669714f,-0.15654137042029218f,-0.8719408198733359f,-0.6382309207406369f,0f,0f,0f,1f], start_interpolation: 0, interpolation_duration: 1 }
$data merge entity $(bone_leg_back_left) { transformation: [-0.843541658160153f,0.38105704918211286f,-0.37846135366380573f,0.6121524455686257f,0.4236613775473067f,0.9052246594906749f,-0.03285350856012455f,0.23515087838887105f,0.3300734889734981f,-0.1880527615288126f,-0.9250338646548296f,-0.6072865311493715f,0f,0f,0f,1f], start_interpolation: 0, interpolation_duration: 1 }
$data merge entity $(bone_leg_front_right4) { transformation: [-0.8877183211830807f,-0.4411460147651138f,0.13170564108173535f,-1.5333128734590435f,-0.4218810857890757f,0.89400456535228f,0.15090456117265474f,-0.4899771288945185f,-0.18431639018091506f,0.07839662483894971f,-0.9797353915851655f,0.6502265526970953f,0f,0f,0f,1f], start_interpolation: 0, interpolation_duration: 1 }
$data merge entity $(bone_leg_front_right3) { transformation: [-0.7910907448609612f,-0.6112101355419455f,-0.024445932302252615f,-1.221482416727121f,-0.6111116858170268f,0.7879495020418288f,0.07535310006831653f,-0.2294012955619478f,-0.02679441832175325f,0.07455033496122551f,-0.9968572148025855f,0.6622766341240767f,0f,0f,0f,1f], start_interpolation: 0, interpolation_duration: 1 }
$data merge entity $(bone_leg_front_right2) { transformation: [-0.7327724800460018f,-0.6610443845783919f,-0.1614460098751504f,-0.7738284352074072f,-0.6656051925956911f,0.745621534191704f,-0.0319101134323095f,0.19825228628210448f,0.14147162286792642f,0.08407644953841259f,-0.9863655156969602f,0.5751705643556604f,0f,0f,0f,1f], start_interpolation: 0, interpolation_duration: 1 }
$data merge entity $(bone_leg_front_right) { transformation: [-0.7567632292825791f,-0.6015990293594541f,-0.2557108184640717f,-0.6082864788018431f,-0.5930553466117433f,0.7963914280391592f,-0.1185160292997283f,0.3279831433534233f,0.2749450320719174f,0.06196209502197136f,-0.9594612697339381f,0.5150263385899284f,0f,0f,0f,1f], start_interpolation: 0, interpolation_duration: 1 }
$data merge entity $(bone_leg_back_right4) { transformation: [-0.6838991028892346f,-0.06730284276131276f,0.7264656526110139f,-1.1318202959269645f,-0.03992115637279477f,0.9976963028226548f,0.05484877945646861f,-0.006891608084586748f,-0.7284835745170644f,0.00850968214749968f,-0.6850104137665277f,-0.9342782427565592f,0f,0f,0f,1f], start_interpolation: 0, interpolation_duration: 1 }
$data merge entity $(bone_leg_back_right3) { transformation: [-0.8060551629686399f,-0.187894125050414f,0.5612226581519486f,-0.9554957290275745f,-0.19702651656923578f,0.9793690888036192f,0.044908124705461794f,0.03620794241493358f,-0.5580820961294066f,-0.07437731957732843f,-0.826445635424557f,-0.8121977842282515f,0f,0f,0f,1f], start_interpolation: 0, interpolation_duration: 1 }
$data merge entity $(bone_leg_back_right2) { transformation: [-0.8068616822142998f,-0.33168488324930123f,0.48883470007581087f,-0.6529225981972121f,-0.3657324428988473f,0.9303117421439085f,0.027565243340248437f,0.17335760850200133f,-0.46391163596697155f,-0.15654137042029226f,-0.8719408198733357f,-0.6382309207406371f,0f,0f,0f,1f], start_interpolation: 0, interpolation_duration: 1 }
$data merge entity $(bone_leg_back_right) { transformation: [-0.8291749708462363f,-0.4105764422309373f,0.3793360684236726f,-0.5751874446803774f,-0.4511323083076686f,0.8922237073550406f,-0.02040824428071603f,0.21565126240584526f,-0.3300734889734983f,-0.18805276152881267f,-0.9250338646548295f,-0.6072865311493717f,0f,0f,0f,1f], start_interpolation: 0, interpolation_duration: 1 }