# This file was generated by Animated Java via MC-Build. It is not recommended to edit this file directly.
$data merge entity $(bone_shell2) { transformation: [-1.19773868287838f,-0.019901846650081663f,0.005504935463561107f,-0.007289384445232602f,-0.020649160141306952f,1.154391337487474f,-0.31930955575603737f,1.2065009822835562f,-1.466806844201975e-16f,-0.31935700510803877f,-1.1545628798667493f,-0.470177002098088f,0f,0f,0f,1f], start_interpolation: 0, interpolation_duration: 1 }
$data merge entity $(bone_shell) { transformation: [-1.2602293967676867f,-0.021517084737073092f,0.003009351770915716f,-0.0056758585231149504f,-0.021726507626940356f,1.2480819828022929f,-0.17455513937362457f,1.1129096497779063f,-1.5433358969429476e-16f,-0.1745810782411044f,-1.2482674475973827f,0.5526473717016938f,0f,0f,0f,1f], start_interpolation: 0, interpolation_duration: 1 }
$data merge entity $(bone_pupil_right2) { transformation: [-0.9999556876497655f,0.007703826832846073f,0.005410525761343477f,-0.3734059376639705f,0.008433798253890207f,0.9884537334875269f,0.15128809537297466f,2.552227711302625f,-0.004182557100305904f,0.1513270227246248f,-0.9884749053007889f,1.2556565248492644f,0f,0f,0f,1f], start_interpolation: 0, interpolation_duration: 1 }
$data merge entity $(bone_pupil_right) { transformation: [-0.9999556876497655f,0.007703826832846073f,0.005410525761343477f,-0.3719382074885875f,0.008433798253890207f,0.9884537334875269f,0.15128809537297466f,2.5462280854298758f,-0.004182557100305904f,0.1513270227246248f,-0.9884749053007889f,1.1915175867342682f,0f,0f,0f,1f], start_interpolation: 0, interpolation_duration: 1 }
$data merge entity $(bone_eyelid_right) { transformation: [-0.9999556876497655f,0.007703826832846073f,0.005410525761343477f,-0.33544906922275713f,0.008433798253890207f,0.9884537334875269f,0.15128809537297466f,2.5768115394146576f,-0.004182557100305904f,0.1513270227246248f,-0.9884749053007889f,1.1963981738892988f,0f,0f,0f,1f], start_interpolation: 0, interpolation_duration: 1 }
$data merge entity $(bone_eye_right) { transformation: [-0.9999556876497655f,0.007703826832846073f,0.005410525761343477f,-0.37169746290006106f,0.008433798253890207f,0.9884537334875269f,0.15128809537297466f,2.577117264601361f,-0.004182557100305904f,0.1513270227246248f,-0.9884749053007889f,1.1962465561944127f,0f,0f,0f,1f], start_interpolation: 0, interpolation_duration: 1 }
$data merge entity $(bone_pupil_left2) { transformation: [-0.9999556876497655f,0.007703826832846073f,0.005410525761343477f,0.31906337603349205f,0.008433798253890207f,0.9884537334875269f,0.15128809537297466f,2.546387306011806f,-0.004182557100305904f,0.1513270227246248f,-0.9884749053007889f,1.2585529456412263f,0f,0f,0f,1f], start_interpolation: 0, interpolation_duration: 1 }
$data merge entity $(bone_pupil_left) { transformation: [-0.9999556876497655f,0.007703826832846073f,0.005410525761343477f,0.31803121698975056f,0.008433798253890207f,0.9884537334875269f,0.15128809537297466f,2.5404087646346913f,-0.004182557100305904f,0.1513270227246248f,-0.9884749053007889f,1.1944035511334794f,0f,0f,0f,1f], start_interpolation: 0, interpolation_duration: 1 }
$data merge entity $(bone_eyelid_left) { transformation: [-0.9999556876497655f,0.007703826832846073f,0.005410525761343477f,0.2820235679009731f,0.008433798253890207f,0.9884537334875269f,0.15128809537297466f,2.5716036689928803f,-0.004182557100305904f,0.1513270227246248f,-0.9884749053007889f,1.1989809028987377f,0f,0f,0f,1f], start_interpolation: 0, interpolation_duration: 1 }
$data merge entity $(bone_eye_left) { transformation: [-0.9999556876497655f,0.007703826832846073f,0.005410525761343477f,0.31827196157827703f,0.008433798253890207f,0.9884537334875269f,0.15128809537297466f,2.5712979438061767f,-0.004182557100305904f,0.1513270227246248f,-0.9884749053007889f,1.1991325205936239f,0f,0f,0f,1f], start_interpolation: 0, interpolation_duration: 1 }
$data merge entity $(bone_muzzle2) { transformation: [-0.9999556876497655f,0.007202953054512953f,0.006061369826955216f,-0.027103395372725096f,0.008433798253890207f,0.9715067422881554f,0.23686181780875687f,2.6420932362141674f,-0.004182557100305904f,0.23690244227519167f,-0.9715244407940297f,1.4279699871871394f,0f,0f,0f,1f], start_interpolation: 0, interpolation_duration: 1 }
$data merge entity $(bone_muzzle) { transformation: [-0.9999556876497655f,0.007703826832846073f,0.005410525761343477f,-0.0244496277181995f,0.008433798253890207f,0.9884537334875269f,0.15128809537297466f,2.8129274827041626f,-0.004182557100305904f,0.1513270227246248f,-0.9884749053007889f,1.137987457121221f,0f,0f,0f,1f], start_interpolation: 0, interpolation_duration: 1 }
$data merge entity $(bone_tongue) { transformation: [-0.9999556876497655f,0.008146069837283412f,0.004718504327723139f,-0.028629774059014967f,0.008433798253890207f,0.9978779949303757f,0.06456297918115454f,2.2848223909968115f,-0.004182557100305904f,0.064599913157369f,-0.9979024789207426f,1.0724843007900957f,0f,0f,0f,1f], start_interpolation: 0, interpolation_duration: 1 }
$data merge entity $(bone_jaw) { transformation: [-0.9999556876497655f,0.008146069837283412f,0.004718504327723139f,-0.02852266263684121f,0.008433798253890207f,0.9978779949303757f,0.06456297918115454f,2.3139884852389745f,-0.004182557100305904f,0.064599913157369f,-0.9979024789207426f,1.1056875005425366f,0f,0f,0f,1f], start_interpolation: 0, interpolation_duration: 1 }
$data merge entity $(bone_ear_left) { transformation: [-0.9204087331729744f,-0.10661888554327587f,-0.3761385079255118f,0.32551539225919435f,-0.12272591492443387f,0.992257796096559f,0.019047726676974755f,2.6712067579524237f,0.3711955195107842f,0.06369363650404924f,-0.9263676413627632f,0.864289769712167f,0f,0f,0f,1f], start_interpolation: 0, interpolation_duration: 1 }
$data merge entity $(bone_ear_right) { transformation: [-0.9150706400901167f,0.12280346937527489f,0.3841419419361289f,-0.3744535890956414f,0.13820666364607087f,0.9903228084963952f,0.012635390600782753f,2.6771104167301467f,-0.3788728569967584f,0.06465325112636197f,-0.9231875840531573f,0.8613619797419528f,0f,0f,0f,1f], start_interpolation: 0, interpolation_duration: 1 }
$data merge entity $(bone_head_angle) { transformation: [-0.9999556876497655f,0.008146069837283412f,0.004718504327723139f,-0.027169155548630496f,0.008433798253890207f,0.9978779949303757f,0.06456297918115454f,2.4156099196613416f,-0.004182557100305904f,0.064599913157369f,-0.9979024789207426f,0.987005932535947f,0f,0f,0f,1f], start_interpolation: 0, interpolation_duration: 1 }
$data merge entity $(bone_neck3) { transformation: [-0.9997108766257116f,-0.023804394621481893f,0.0033932216190614194f,-0.009741632387653376f,-0.024015096451153434f,0.9955131259399501f,-0.09152535836428646f,1.6915043580453504f,-0.0011992909126228263f,-0.0915803847883051f,-0.995796964658626f,0.9594733686657951f,0f,0f,0f,1f], start_interpolation: 0, interpolation_duration: 1 }
$data merge entity $(bone_neck2) { transformation: [-0.9999136709002402f,-0.012972114313589612f,0.0020916493590385984f,-0.004164378439162855f,-0.013040914812643604f,0.9992239485983354f,-0.03716766186351539f,1.256086114683431f,-0.0016078829731593564f,-0.03719173023383565f,-0.9993068547320979f,1.0225872594586654f,0f,0f,0f,1f], start_interpolation: 0, interpolation_duration: 1 }
$data merge entity $(bone_chest2) { transformation: [-0.9999136709002402f,-0.012888058369314422f,-0.002559042452783382f,0.007952358438806812f,-0.013040914812643604f,0.9495639261890265f,0.3133022256884407f,0.322415386464013f,-0.0016078829731593564f,0.3133085508439729f,-0.9496500232614088f,1.0600461913528387f,0f,0f,0f,1f], start_interpolation: 0, interpolation_duration: 1 }
$data merge entity $(bone_chest) { transformation: [-0.9998514222289084f,-0.016096790111737626f,0.0061665885972411825f,0.011538677428419204f,-0.017237559770134497f,0.9336819538938467f,-0.35768823786384146f,0.11439370647290958f,-1.2244648438555616e-16f,-0.3577413902822368f,-0.933820698891887f,0.6043152603532151f,0f,0f,0f,1f], start_interpolation: 0, interpolation_duration: 1 }
$data merge entity $(bone_tail2) { transformation: [-0.9998514222289084f,-0.01715685410870327f,0.0016660804067123646f,0.008080760198337065f,-0.017237559770134497f,0.9951701522904729f,-0.09663971504163532f,0.3149675409687829f,-1.2244648438555616e-16f,-0.09665407568876808f,-0.9953180344255548f,-1.0776672644250618f,0f,0f,0f,1f], start_interpolation: 0, interpolation_duration: 1 }
$data merge entity $(bone_tail) { transformation: [-0.9998514222289084f,-0.017112167052778304f,0.0020753808293341807f,0.0030244506241421712f,-0.017237559770134497f,0.9925781139151101f,-0.12038087186050002f,0.6082548963952479f,-1.2244648438555616e-16f,-0.12039876043996836f,-0.9927256108736789f,-0.7354948504574241f,0f,0f,0f,1f], start_interpolation: 0, interpolation_duration: 1 }
$data merge entity $(bone_torso) { transformation: [-0.9998514222289084f,-0.017214535951534153f,0.000890628318827375f,0.0018741894064629085f,-0.017237559770134497f,0.9985159433049967f,-0.051660211951788486f,0.6749749153403836f,-1.2244648438555616e-16f,-0.05166788865152133f,-0.9986643226241207f,-0.05052775017370116f,0f,0f,0f,1f], start_interpolation: 0, interpolation_duration: 1 }
$data merge entity $(bone_leg_front_left4) { transformation: [-0.8591225817399315f,0.4977471531431015f,-0.11897966667650631f,1.5545799205603081f,0.47427630261641096f,0.8617128518813243f,0.18031347614380283f,-0.4627331095109828f,0.19227682731161597f,0.09848214274929903f,-0.9763866494573169f,0.6450349366658282f,0f,0f,0f,1f], start_interpolation: 0, interpolation_duration: 1 }
$data merge entity $(bone_leg_front_left3) { transformation: [-0.7696528172066914f,0.6376595569395763f,0.032012972517815846f,1.2518718941472706f,0.6374333581853392f,0.7645995403098932f,0.09521689361904948f,-0.19182893993084674f,0.036238858127210616f,0.09369008699709762f,-0.9949416629934199f,0.6612208803893372f,0f,0f,0f,1f], start_interpolation: 0, interpolation_duration: 1 }
$data merge entity $(bone_leg_front_left2) { transformation: [-0.7352076710039491f,0.6574091244704646f,0.16517543267667284f,0.8026391173396534f,0.6643546241604368f,0.7472259948374941f,-0.016918805979217272f,0.23506810633876205f,-0.13454595443042325f,0.0972962265563005f,-0.9861190751853001f,0.5786499124102649f,0f,0f,0f,1f], start_interpolation: 0, interpolation_duration: 1 }
$data merge entity $(bone_leg_front_left) { transformation: [-0.7781657646849715f,0.5718394424982398f,0.259726191739601f,0.6324153563148159f,0.566321434220516f,0.8176612417829351f,-0.10348974262412078f,0.3589509200744999f,-0.27154755718781837f,0.06655633470445373f,-0.9601209186847443f,0.5192488842754296f,0f,0f,0f,1f], start_interpolation: 0, interpolation_duration: 1 }
$data merge entity $(bone_leg_back_left4) { transformation: [-0.6835929448559788f,0.10300101158520064f,-0.7225589784616591f,1.1513971180605034f,0.06691444726430198f,0.994667122414296f,0.0784842171100473f,0.003550077699343804f,0.7267896136368792f,0.005301622439352602f,-0.6868396831204984f,-0.9282837333903875f,0f,0f,0f,1f], start_interpolation: 0, interpolation_duration: 1 }
$data merge entity $(bone_leg_back_left3) { transformation: [-0.7956089031511366f,0.23712499246346502f,-0.5574748525053368f,0.9773576704961923f,0.24483553912034461f,0.9675712214056464f,0.06214089065370606f,0.05710785188191919f,0.5541317821694545f,-0.08704981020534895f,-0.8278649035518518f,-0.8070674060408193f,0f,0f,0f,1f], start_interpolation: 0, interpolation_duration: 1 }
$data merge entity $(bone_leg_back_left2) { transformation: [-0.7916619520521715f,0.37022165124901896f,-0.48601160749450745f,0.680484438476628f,0.4027263516552338f,0.9144210832942128f,0.04056560254086393f,0.20813023375263187f,0.45943752497527934f,-0.16361543745468562f,-0.8730103947096514f,-0.6347783341750896f,0f,0f,0f,1f], start_interpolation: 0, interpolation_duration: 1 }
$data merge entity $(bone_leg_back_left) { transformation: [-0.8262325576133371f,0.41720683676250003f,-0.3785210906915918f,0.6030251362003777f,0.45521306474004886f,0.8902969156656253f,-0.012347779000559184f,0.25080645857201145f,0.33184458173924686f,-0.18250988278694177f,-0.9255103004588339f,-0.6036679046370351f,0f,0f,0f,1f], start_interpolation: 0, interpolation_duration: 1 }
$data merge entity $(bone_leg_front_right4) { transformation: [-0.8422637307251771f,-0.5271545981497079f,0.11269355595829839f,-1.510692027524462f,-0.5036084089686005f,0.8440434214003016f,0.18430755059678977f,-0.5155787696182015f,-0.19227682731161605f,0.09848214274929887f,-0.9763866494573168f,0.645034936665828f,0f,0f,0f,1f], start_interpolation: 0, interpolation_duration: 1 }
$data merge entity $(bone_leg_front_right3) { transformation: [-0.7472231118489965f,-0.6636363610429626f,-0.03527607433312979f,-1.2175019564771035f,-0.6635844831521742f,0.7421650408771159f,0.09405682229126874f,-0.23440124457392583f,-0.0362388581272107f,0.09369008699709744f,-0.9949416629934198f,0.661220880389337f,0f,0f,0f,1f], start_interpolation: 0, interpolation_duration: 1 }
$data merge entity $(bone_leg_front_right2) { transformation: [-0.7118704592920897f,-0.6827753259933214f,-0.1644940831822923f,-0.7832512838881931f,-0.6893024266123513f,0.7241210523887694f,-0.022602348411293965f,0.20772716350236828f,0.13454595443042314f,0.09729622655630032f,-0.9861190751853f,0.5786499124102648f,0f,0f,0f,1f], start_interpolation: 0, interpolation_duration: 1 }
$data merge entity $(bone_leg_front_right) { transformation: [-0.7581822281914211f,-0.5996843980259217f,-0.2560045539028155f,-0.6173989214713197f,-0.592808259928976f,0.7974640287028606f,-0.11238100322110967f,0.3374039703618318f,0.2715475571878182f,0.06655633470445357f,-0.9601209186847443f,0.5192488842754295f,0f,0f,0f,1f], start_interpolation: 0, interpolation_duration: 1 }
$data merge entity $(bone_leg_back_right4) { transformation: [-0.6808801673559796f,-0.13722597451773083f,0.7194242348009638f,-1.1238216034383723f,-0.0904381291870251f,0.9905255800418127f,0.10334418257445052f,-0.03567496897262757f,-0.7267896136368794f,0.005301622439352588f,-0.6868396831204983f,-0.9282837333903877f,0f,0f,0f,1f], start_interpolation: 0, interpolation_duration: 1 }
$data merge entity $(bone_leg_back_right3) { transformation: [-0.7866966187145049f,-0.27033625431443514f,0.5550015673008553f,-0.9517317180945744f,-0.2721146782017996f,0.9588225279719149f,0.08132011903998544f,0.023850116884016087f,-0.5541317821694547f,-0.08704981020534899f,-0.8278649035518518f,-0.8070674060408195f,0f,0f,0f,1f], start_interpolation: 0, interpolation_duration: 1 }
$data merge entity $(bone_leg_back_right2) { transformation: [-0.7773095172756865f,-0.40152173303929206f,0.4843244906565871f,-0.6602406491161918f,-0.4297756100539311f,0.9011161337605909f,0.05729431454460527f,0.18501597065424025f,-0.45943752497527957f,-0.1636154374546857f,-0.8730103947096514f,-0.6347783341750897f,0f,0f,0f,1f], start_interpolation: 0, interpolation_duration: 1 }
$data merge entity $(bone_leg_back_right) { transformation: [-0.8100503618105692f,-0.4476474368175357f,0.37872177603255963f,-0.584298427696451f,-0.48342278070118927f,0.8753867231091566f,0.0007071798517943421f,0.23033685634497675f,-0.3318445817392471f,-0.18250988278694186f,-0.9255103004588339f,-0.6036679046370352f,0f,0f,0f,1f], start_interpolation: 0, interpolation_duration: 1 }