# This file was generated by Animated Java via MC-Build. It is not recommended to edit this file directly.
$data merge entity $(bone_shell2) { transformation: [-1.1977349374684059f,-0.020141449399419142f,0.005448106223488648f,-0.012167909939495104f,-0.02086527846283815f,1.156184791873368f,-0.31273904053249035f,1.212949680595691f,-1.4671269533607529e-16f,-0.3127864916114586f,-1.1563602167764042f,-0.46428722994530136f,0f,0f,0f,1f], start_interpolation: 0, interpolation_duration: 1 }
$data merge entity $(bone_shell) { transformation: [-1.2602254559450183f,-0.021759227001811175f,0.0029171629309155994f,-0.010436216004182262f,-0.02195390168698623f,1.249050495002605f,-0.1674546528036081f,1.1135448089559206f,-1.5436727074491399e-16f,-0.16748006026134107f,-1.2492400101765746f,0.557988326524379f,0f,0f,0f,1f], start_interpolation: 0, interpolation_duration: 1 }
$data merge entity $(bone_pupil_right2) { transformation: [-0.9999504210068053f,0.008139525768980627f,0.005736170200481134f,-0.3760301206884969f,0.008897492047015683f,0.9889957805306993f,0.14767593144363889f,2.551453915919737f,-0.004471036075238059f,0.1477196473483779f,-0.9890191684814228f,1.2572571943655155f,0f,0f,0f,1f], start_interpolation: 0, interpolation_duration: 1 }
$data merge entity $(bone_pupil_right) { transformation: [-0.9999504210068053f,0.008139525768980627f,0.005736170200481134f,-0.3745488521148486f,0.008897492047015683f,0.9889957805306993f,0.14767593144363889f,2.5452194806991133f,-0.004471036075238059f,0.1477196473483779f,-0.9890191684814228f,1.1931409656407022f,0f,0f,0f,1f], start_interpolation: 0, interpolation_duration: 1 }
$data merge entity $(bone_eyelid_right) { transformation: [-0.9999504210068053f,0.008139525768980627f,0.005736170200481134f,-0.33804628917307133f,0.008897492047015683f,0.9889957805306993f,0.14767593144363889f,2.5758030647539933f,-0.004471036075238059f,0.1477196473483779f,-0.9890191684814228f,1.1979192796780662f,0f,0f,0f,1f], start_interpolation: 0, interpolation_duration: 1 }
$data merge entity $(bone_eye_right) { transformation: [-0.9999504210068053f,0.008139525768980627f,0.005736170200481134f,-0.374294491934568f,0.008897492047015683f,0.9889957805306993f,0.14767593144363889f,2.5761255988406977f,-0.004471036075238059f,0.1477196473483779f,-0.9890191684814228f,1.1977572046203389f,0f,0f,0f,1f], start_interpolation: 0, interpolation_duration: 1 }
$data merge entity $(bone_pupil_left2) { transformation: [-0.9999504210068053f,0.008139525768980627f,0.005736170200481134f,0.3164355458587158f,0.008897492047015683f,0.9889957805306993f,0.14767593144363889f,2.545292402677178f,-0.004471036075238059f,0.1477196473483779f,-0.9890191684814228f,1.2603533868476178f,0f,0f,0f,1f], start_interpolation: 0, interpolation_duration: 1 }
$data merge entity $(bone_pupil_left) { transformation: [-0.9999504210068053f,0.008139525768980627f,0.005736170200481134f,0.315416938379847f,0.008897492047015683f,0.9889957805306993f,0.14767593144363889f,2.5390802111866724f,-0.004471036075238059f,0.1477196473483779f,-0.9890191684814228f,1.1962259805326163f,0f,0f,0f,1f], start_interpolation: 0, interpolation_duration: 1 }
$data merge entity $(bone_eyelid_left) { transformation: [-0.9999504210068053f,0.008139525768980627f,0.005736170200481134f,0.279423095798631f,0.008897492047015683f,0.9889957805306993f,0.14767593144363889f,2.570308863414961f,-0.004471036075238059f,0.1477196473483779f,-0.9890191684814228f,1.2006801444545256f,0f,0f,0f,1f], start_interpolation: 0, interpolation_duration: 1 }
$data merge entity $(bone_eye_left) { transformation: [-0.9999504210068053f,0.008139525768980627f,0.005736170200481134f,0.31567129856012766f,0.008897492047015683f,0.9889957805306993f,0.14767593144363889f,2.5699863293282568f,-0.004471036075238059f,0.1477196473483779f,-0.9890191684814228f,1.200842219512253f,0f,0f,0f,1f], start_interpolation: 0, interpolation_duration: 1 }
$data merge entity $(bone_muzzle2) { transformation: [-0.9999504210068053f,0.007608612241689722f,0.006423748755080381f,-0.029728604950590938f,0.008897492047015683f,0.9723615475088676f,0.23331064176636618f,2.641781989571773f,-0.004471036075238059f,0.23335622971310613f,-0.9723810363692302f,1.4293307018436108f,0f,0f,0f,1f], start_interpolation: 0, interpolation_duration: 1 }
$data merge entity $(bone_muzzle) { transformation: [-0.9999504210068053f,0.008139525768980627f,0.005736170200481134f,-0.026918611041818006f,0.008897492047015683f,0.9889957805306993f,0.14767593144363889f,2.8115551907142473f,-0.004471036075238059f,0.1477196473483779f,-0.9890191684814228f,1.1387271676117134f,0f,0f,0f,1f], start_interpolation: 0, interpolation_duration: 1 }
$data merge entity $(bone_tongue) { transformation: [-0.9999504210068053f,0.008608492590389556f,0.00500493592706196f,-0.03133546848274177f,0.008897492047015683f,0.9981031584907128f,0.0609173181134601f,2.283216553957102f,-0.004471036075238059f,0.060958829271766754f,-0.9981302675353702f,1.0751512187006071f,0f,0f,0f,1f], start_interpolation: 0, interpolation_duration: 1 }
$data merge entity $(bone_jaw) { transformation: [-0.9999504210068053f,0.008608492590389556f,0.00500493592706196f,-0.031222857337012782f,0.008897492047015683f,0.9981031584907128f,0.0609173181134601f,2.312503611468891f,-0.004471036075238059f,0.060958829271766754f,-0.9981302675353702f,1.1082477529758301f,0f,0f,0f,1f], start_interpolation: 0, interpolation_duration: 1 }
$data merge entity $(bone_ear_left) { transformation: [-0.9192893639761587f,-0.11835674111450235f,-0.37536481869384647f,0.32304839544894126f,-0.13217800005695948f,0.9911628717326312f,0.011186509717795438f,2.668668612607506f,0.37072367280934726f,0.059898610430281087f,-0.9268096432856476f,0.8656388608502507f,0f,0f,0f,1f], start_interpolation: 0, interpolation_duration: 1 }
$data merge entity $(bone_ear_right) { transformation: [-0.9134401964635549f,0.13543453159962154f,0.38377662140236396f,-0.3769168992558224f,0.1484855052549916f,0.9889046539418908f,0.004431719896300777f,2.674896857040417f,-0.3789182790705565f,0.06103337662673205f,-0.9234153262339473f,0.862509135597584f,0f,0f,0f,1f], start_interpolation: 0, interpolation_duration: 1 }
$data merge entity $(bone_head_angle) { transformation: [-0.9999504210068053f,0.008608492590389556f,0.00500493592706196f,-0.029790194165781016f,0.008897492047015683f,0.9981031584907128f,0.0609173181134601f,2.413690447341578f,-0.004471036075238059f,0.060958829271766754f,-0.9981302675353702f,0.989196359778137f,0f,0f,0f,1f], start_interpolation: 0, interpolation_duration: 1 }
$data merge entity $(bone_neck3) { transformation: [-0.9997519652988901f,-0.021978833799621192f,0.0035970468186215234f,-0.013655684233057516f,-0.02222259019206334f,0.9951401711594681f,-0.09592807842264062f,1.689440191968588f,-0.0014711784943833943f,-0.09598422062773293f,-0.9953817684809806f,0.9648679775592282f,0f,0f,0f,1f], start_interpolation: 0, interpolation_duration: 1 }
$data merge entity $(bone_neck2) { transformation: [-0.9999193039345649f,-0.01249689144866368f,0.0022832702721245807f,-0.008295322518272997f,-0.012572043867645119f,0.9992522849264736f,-0.036562477790925196f,1.2539811834597054f,-0.001824645720477807f,-0.0365882327168478f,-0.9993287606662046f,1.0277188650290774f,0f,0f,0f,1f], start_interpolation: 0, interpolation_duration: 1 }
$data merge entity $(bone_chest2) { transformation: [-0.9999193039345649f,-0.01250047213424917f,-0.002263584643018968f,0.003385329310185627f,-0.012572043867645119f,0.9481238974697774f,0.3176523551930777f,0.32014309412592157f,-0.001824645720477807f,0.3176551797832675f,-0.9482045440857445f,1.0609001987468532f,0f,0f,0f,1f], start_interpolation: 0, interpolation_duration: 1 }
$data merge entity $(bone_chest) { transformation: [-0.9998482956257997f,-0.016300940879470736f,0.0061371867030070035f,0.006963327064172589f,-0.01741797158636924f,0.9357270951222848f,-0.3522945042430085f,0.11475437028184587f,-1.2247320654141935e-16f,-0.35234795696932125f,-0.9358690705539665f,0.6039765371251612f,0f,0f,0f,1f], start_interpolation: 0, interpolation_duration: 1 }
$data merge entity $(bone_tail2) { transformation: [-0.9998482956257997f,-0.017324355128701095f,0.0018034560039585429f,0.0033072909601421317f,-0.01741797158636924f,0.9944744060670835f,-0.10352424809356427f,0.32462274957246967f,-1.2247320654141935e-16f,-0.1035399555577269f,-0.9946252950750366f,-1.0766136109563165f,0f,0f,0f,1f], start_interpolation: 0, interpolation_duration: 1 }
$data merge entity $(bone_tail) { transformation: [-0.9998482956257997f,-0.017301367816825657f,0.0020120650711334953f,-0.0017725753957393434f,-0.01741797158636924f,0.9931548595007279f,-0.11549908794404323f,0.6162236224266678f,-1.2247320654141935e-16f,-0.1155166123194249f,-0.993305548297322f,-0.733003183424677f,0f,0f,0f,1f], start_interpolation: 0, interpolation_duration: 1 }
$data merge entity $(bone_torso) { transformation: [-0.9998482956257997f,-0.01739954306835485f,0.0008010213455525114f,-0.002867013291692784f,-0.01741797158636924f,0.9987904386740747f,-0.04598123398807241f,0.6790479220020325f,-1.2247320654141935e-16f,-0.0459882106007822f,-0.9989419825423986f,-0.04766770200805238f,0f,0f,0f,1f], start_interpolation: 0, interpolation_duration: 1 }
$data merge entity $(bone_leg_front_left4) { transformation: [-0.8356261182176297f,0.5381133255354984f,-0.11028617063649826f,1.5388240137248426f,0.5123625842457139f,0.8359457958305072f,0.19667030456668727f,-0.47054611482887365f,0.19802417230628605f,0.10783633577985985f,-0.974247274498617f,0.641416507861233f,0f,0f,0f,1f], start_interpolation: 0, interpolation_duration: 1 }
$data merge entity $(bone_leg_front_left3) { transformation: [-0.7510125008615307f,0.659278690171658f,0.03649427674653147f,1.2440264147837778f,0.6589603151801717f,0.7448535301655286f,0.10471161166555859f,-0.1912051503780925f,0.04185124331914103f,0.10268800945335942f,-0.9938328059322398f,0.6600230756073429f,0f,0f,0f,1f], start_interpolation: 0, interpolation_duration: 1 }
$data merge entity $(bone_leg_front_left2) { transformation: [-0.7292364511541469f,0.6637328358037335f,0.16635179886024612f,0.7986244583718692f,0.6716567897135429f,0.7407761611985314f,-0.011306450887217226f,0.24015497071159891f,-0.13073390967841167f,0.103486239065403f,-0.9860016446154111f,0.5799313545437325f,0f,0f,0f,1f], start_interpolation: 0, interpolation_duration: 1 }
$data merge entity $(bone_leg_front_left) { transformation: [-0.7812410265868271f,0.5674536430771729f,0.26011309335749516f,0.6277279838060008f,0.5630419438220274f,0.8204918077704265f,-0.09887852587255955f,0.3633203959226674f,-0.26952964192213336f,0.06920662063749401f,-0.9605020644357121f,0.5209717453732657f,0f,0f,0f,1f], start_interpolation: 0, interpolation_duration: 1 }
$data merge entity $(bone_leg_back_left4) { transformation: [-0.6805316506539425f,0.14368760918558066f,-0.7184918534157172f,1.137314286695333f,0.09871134023260703f,0.9896230864008245f,0.10441368766588402f,-0.011332625556147093f,0.7260390786780714f,0.00013352542125398548f,-0.6876534289911299f,-0.9257332564583862f,0f,0f,0f,1f], start_interpolation: 0, interpolation_duration: 1 }
$data merge entity $(bone_leg_back_left3) { transformation: [-0.7835800756921472f,0.28089412869627617f,-0.554166719897766f,0.9659061451376758f,0.2853692132372332f,0.9550247659492828f,0.08057362198561221f,0.05109188983949767f,0.5518755993107972f,-0.09500623604520712f,-0.8284969148994284f,-0.8050104691091493f,0f,0f,0f,1f], start_interpolation: 0, interpolation_duration: 1 }
$data merge entity $(bone_leg_back_left2) { transformation: [-0.7759586994201967f,0.40479631769211294f,-0.4837644447218326f,0.674921632855102f,0.4344444199014898f,0.8989935429213574f,0.0553954492911095f,0.21400854730255633f,0.45732498598980453f,-0.16718418277041608f,-0.8734433617704203f,-0.6335135993629726f,0f,0f,0f,1f], start_interpolation: 0, interpolation_duration: 1 }
$data merge entity $(bone_leg_back_left) { transformation: [-0.8172303741395678f,0.43473119528623333f,-0.3783428384794739f,0.5983062852795175f,0.47028494086796235f,0.8825128263831171f,-0.0017848423178266522f,0.2580977605089278f,0.3331164810941053f,-0.179387566777314f,-0.9256638217566868f,-0.6022839292604002f,0f,0f,0f,1f], start_interpolation: 0, interpolation_duration: 1 }
$data merge entity $(bone_leg_front_right4) { transformation: [-0.8172731579780833f,-0.5669033561848071f,0.10336909593748453f,-1.5035814689755191f,-0.5411571051283922f,0.8166957263460946f,0.20039231057374307f,-0.5235466874994719f,-0.19802417230628624f,0.1078363357798597f,-0.974247274498617f,0.6414165078612326f,0f,0f,0f,1f], start_interpolation: 0, interpolation_duration: 1 }
$data merge entity $(bone_leg_front_right3) { transformation: [-0.7276047862612977f,-0.6848223975457837f,-0.04011930743789391f,-1.2186923745185199f,-0.6847187367396147f,0.7214384634424141f,0.10337695595999574f,-0.2341072247077156f,-0.041851243319141196f,0.10268800945335925f,-0.9938328059322398f,0.6600230756073424f,0f,0f,0f,1f], start_interpolation: 0, interpolation_duration: 1 }
$data merge entity $(bone_leg_front_right2) { transformation: [-0.7053997230721151f,-0.6891318230836818f,-0.165857050206329f,-0.7885852323341305f,-0.6966490332656614f,0.7172084276815628f,-0.017093733137031317f,0.21250480276584716f,0.1307339096784115f,0.10348623906540283f,-0.9860016446154111f,0.5799313545437321f,0f,0f,0f,1f], start_interpolation: 0, interpolation_duration: 1 }
$data merge entity $(bone_leg_front_right) { transformation: [-0.7611558702074591f,-0.5956875982797661f,-0.256511259995365f,-0.6220823857262487f,-0.5899114453662112f,0.8002291727471712f,-0.10787843950635173f,0.34154793143970585f,0.26952964192213313f,0.06920662063749386f,-0.9605020644357121f,0.5209717453732655f,0f,0f,0f,1f], start_interpolation: 0, interpolation_duration: 1 }
$data merge entity $(bone_leg_back_right4) { transformation: [-0.6766805424923886f,-0.17806964731884878f,0.7144190955706234f,-1.1183100747737456f,-0.12235481046735959f,0.9840178773145858f,0.1293758767343968f,-0.050626987720359534f,-0.7260390786780716f,0.0001335254212539161f,-0.6876534289911297f,-0.9257332564583863f,0f,0f,0f,1f], start_interpolation: 0, interpolation_duration: 1 }
$data merge entity $(bone_leg_back_right3) { transformation: [-0.7731650240726732f,-0.3139878315471007f,0.5510240350393552f,-0.9491802257578482f,-0.3124886692922659f,0.9446615567243499f,0.09982672393240721f,0.01772990868732363f,-0.5518755993107973f,-0.09500623604520722f,-0.8284969148994282f,-0.8050104691091494f,0f,0f,0f,1f], start_interpolation: 0, interpolation_duration: 1 }
$data merge entity $(bone_leg_back_right2) { transformation: [-0.7603558846340024f,-0.4358632358403307f,0.48154145028776096f,-0.6640467690200973f,-0.46120796382095225f,0.8843487370230053f,0.07221167103693768f,0.19068289512018072f,-0.4573249859898047f,-0.1671841827704162f,-0.87344336177042f,-0.6335135993629727f,0f,0f,0f,1f], start_interpolation: 0, interpolation_duration: 1 }
$data merge entity $(bone_leg_back_right) { transformation: [-0.8003541679357619f,-0.465205915596759f,0.37817543807290765f,-0.5890135657761196f,-0.49846425738595834f,0.8668353690173792f,0.011394170841675693f,0.23741391925011432f,-0.33311648109410547f,-0.1793875667773141f,-0.9256638217566867f,-0.6022839292604003f,0f,0f,0f,1f], start_interpolation: 0, interpolation_duration: 1 }