# This file was generated by Animated Java via MC-Build. It is not recommended to edit this file directly.
$data merge entity $(bone_shell2) { transformation: [-1.1977349374684059f,-0.020187342026715682f,0.005275515825791494f,-0.018503910023794052f,-0.02086527846283815f,1.1588191781425554f,-0.3028317896150573f,1.2207472361349454f,-1.4668022573976386e-16f,-0.3028777374926829f,-1.1589950027541496f,-0.45621538794361327f,0f,0f,0f,1f], start_interpolation: 0, interpolation_duration: 1 }
$data merge entity $(bone_shell) { transformation: [-1.2602254559450183f,-0.021783398006089753f,0.0027308186666532785f,-0.016619878097031204f,-0.02195390168698623f,1.2504379893679307f,-0.15675788515196426f,1.1125976676540374f,-1.5433310708270806e-16f,-0.1567816696170396f,-1.2506277150628018f,0.5651717873655797f,0f,0f,0f,1f], start_interpolation: 0, interpolation_duration: 1 }
$data merge entity $(bone_pupil_right2) { transformation: [-0.9999445922447915f,0.008632029974071078f,0.00602498953727385f,-0.37906579648804184f,0.009402611982837063f,0.9897508296013634f,0.1424952146260112f,2.548224477233795f,-0.004733215429042903f,0.14254396992486065f,-0.98977715335815f,1.2616400536730723f,0f,0f,0f,1f], start_interpolation: 0, interpolation_duration: 1 }
$data merge entity $(bone_pupil_right) { transformation: [-0.9999445922447915f,0.008632029974071078f,0.00602498953727385f,-0.37757417937000104f,0.009402611982837063f,0.9897508296013634f,0.1424952146260112f,2.541653818170421f,-0.004733215429042903f,0.14254396992486065f,-0.98977715335815f,1.1975576485773982f,0f,0f,0f,1f], start_interpolation: 0, interpolation_duration: 1 }
$data merge entity $(bone_eyelid_right) { transformation: [-0.9999445922447915f,0.008632029974071078f,0.00602498953727385f,-0.34105643696443766f,0.009402611982837063f,0.9897508296013634f,0.1424952146260112f,2.5722426869110855f,-0.004733215429042903f,0.14254396992486065f,-0.98977715335815f,1.202183726696853f,0f,0f,0f,1f], start_interpolation: 0, interpolation_duration: 1 }
$data merge entity $(bone_eye_right) { transformation: [-0.9999445922447915f,0.008632029974071078f,0.00602498953727385f,-0.3773044284333113f,0.009402611982837063f,0.9897508296013634f,0.1424952146260112f,2.5725835315954635f,-0.004733215429042903f,0.14254396992486065f,-0.98977715335815f,1.20201214763755f,0f,0f,0f,1f], start_interpolation: 0, interpolation_duration: 1 }
$data merge entity $(bone_pupil_left2) { transformation: [-0.9999445922447915f,0.008632029974071078f,0.00602498953727385f,0.31339583364147633f,0.009402611982837063f,0.9897508296013634f,0.1424952146260112f,2.54171316843568f,-0.004733215429042903f,0.14254396992486065f,-0.98977715335815f,1.2649178053576846f,0f,0f,0f,1f], start_interpolation: 0, interpolation_duration: 1 }
$data merge entity $(bone_pupil_left) { transformation: [-0.9999445922447915f,0.008632029974071078f,0.00602498953727385f,0.3123875892789051f,0.009402611982837063f,0.9897508296013634f,0.1424952146260112f,2.5351660159022633f,-0.004733215429042903f,0.14254396992486065f,-0.98977715335815f,1.200823567223438f,0f,0f,0f,1f], start_interpolation: 0, interpolation_duration: 1 }
$data merge entity $(bone_eyelid_left) { transformation: [-0.9999445922447915f,0.008632029974071078f,0.00602498953727385f,0.2764093487467212f,0.009402611982837063f,0.9897508296013634f,0.1424952146260112f,2.566436574011684f,-0.004733215429042903f,0.14254396992486065f,-0.98977715335815f,1.205106487224287f,0f,0f,0f,1f], start_interpolation: 0, interpolation_duration: 1 }
$data merge entity $(bone_eye_left) { transformation: [-0.9999445922447915f,0.008632029974071078f,0.00602498953727385f,0.3126573402155948f,0.009402611982837063f,0.9897508296013634f,0.1424952146260112f,2.566095729327306f,-0.004733215429042903f,0.14254396992486065f,-0.98977715335815f,1.2052780662835898f,0f,0f,0f,1f], start_interpolation: 0, interpolation_duration: 1 }
$data merge entity $(bone_muzzle2) { transformation: [-0.9999445922447915f,0.008074070055770665f,0.0067543936169006625f,-0.03275312058760669f,0.009402611982837063f,0.9735652526120679f,0.2282154460028954f,2.6392687021693653f,-0.004733215429042903f,0.22826631003968773f,-0.9735872268947284f,1.4333132090714473f,0f,0f,0f,1f], start_interpolation: 0, interpolation_duration: 1 }
$data merge entity $(bone_muzzle) { transformation: [-0.9999445922447915f,0.008632029974071078f,0.00602498953727385f,-0.029791307610449725f,0.009402611982837063f,0.9897508296013634f,0.1424952146260112f,2.807517310440164f,-0.004733215429042903f,0.14254396992486065f,-0.98977715335815f,1.141825844887633f,0f,0f,0f,1f], start_interpolation: 0, interpolation_duration: 1 }
$data merge entity $(bone_tongue) { transformation: [-0.9999445922447915f,0.009124294932106607f,0.005249731649280235f,-0.03447453517909135f,0.009402611982837063f,0.9984038051495019f,0.05569050862486f,2.2788556173490178f,-0.004733215429042903f,0.05573678412850308f,-0.9984342780407306f,1.081014607130593f,0f,0f,0f,1f], start_interpolation: 0, interpolation_duration: 1 }
$data merge entity $(bone_jaw) { transformation: [-0.9999445922447915f,0.009124294932106607f,0.005249731649280235f,-0.03435345507650303f,0.009402611982837063f,0.9984038051495019f,0.05569050862486f,2.308315407865413f,-0.004733215429042903f,0.05573678412850308f,-0.9984342780407306f,1.1139574528233815f,0f,0f,0f,1f], start_interpolation: 0, interpolation_duration: 1 }
$data merge entity $(bone_ear_left) { transformation: [-0.9175272677175889f,-0.13412993289199895f,-0.37436996954494584f,0.3201580885614257f,-0.1447734520098917f,0.9894647797399942f,0.00031184487179719556f,2.66301859304504f,0.37038407172533133f,0.05448495899303188f,-0.9272793692602528f,0.8695644926631505f,0f,0f,0f,1f], start_interpolation: 0, interpolation_duration: 1 }
$data merge entity $(bone_ear_right) { transformation: [-0.9110955535699724f,0.15219053265374297f,0.38307040349731436f,-0.37980312600992827f,0.1619682355857787f,0.9867724703249015f,-0.006810467687405328f,2.669600421433026f,-0.37903981707236895f,0.055840250531865546f,-0.923694042145062f,0.8662512418628204f,0f,0f,0f,1f], start_interpolation: 0, interpolation_duration: 1 }
$data merge entity $(bone_head_angle) { transformation: [-0.9999445922447915f,0.009124294932106607f,0.005249731649280235f,-0.032841835970458005f,0.009402611982837063f,0.9984038051495019f,0.05569050862486f,2.4088770781762863f,-0.004733215429042903f,0.05573678412850308f,-0.9984342780407306f,0.9943784915803374f,0f,0f,0f,1f], start_interpolation: 0, interpolation_duration: 1 }
$data merge entity $(bone_neck3) { transformation: [-0.9998077815626246f,-0.01924164244257651f,0.0037628610039587103f,-0.018659137245735008f,-0.019522752185509255f,0.9947291004000614f,-0.10066220226275421f,1.6844784558016088f,-0.0018061212379760876f,-0.10071631453442112f,-0.9949135449438193f,0.9734951978134695f,0f,0f,0f,1f], start_interpolation: 0, interpolation_duration: 1 }
$data merge entity $(bone_neck2) { transformation: [-0.9999286126286355f,-0.01169055559498976f,0.002469930455036819f,-0.013660297163006839f,-0.011767869258805618f,0.9993514810413138f,-0.034031376605130614f,1.2488574036243996f,-0.0020704829581337774f,-0.03405801301328387f,-0.9994177128958176f,1.0352432837987726f,0f,0f,0f,1f], start_interpolation: 0, interpolation_duration: 1 }
$data merge entity $(bone_chest2) { transformation: [-0.9999286126286355f,-0.011802227766250496f,-0.0018646893376138025f,-0.0027214966786331257f,-0.011767869258805618f,0.9456936700387315f,0.32484611695660215f,0.31478531021412454f,-0.0020704829581337774f,0.3248448704665481f,-0.9457650465268271f,1.0613331780321582f,0f,0f,0f,1f], start_interpolation: 0, interpolation_duration: 1 }
$data merge entity $(bone_chest) { transformation: [-0.9998482956257997f,-0.016354648864928583f,0.0059925949878543f,0.0007858835923230424f,-0.01741797158636924f,0.9388101084028635f,-0.3439944688892833f,0.11345025988189339f,-1.2244610148710722e-16f,-0.34404666227287917f,-0.9389525516121096f,0.602608360422131f,0f,0f,0f,1f], start_interpolation: 0, interpolation_duration: 1 }
$data merge entity $(bone_tail2) { transformation: [-0.9998482956257997f,-0.017314936950203544f,0.0018917432685336194f,-0.003123443097380215f,-0.01741797158636924f,0.9939337719483524f,-0.10859222461270929f,0.3378583437028193f,-1.2244610148710722e-16f,-0.10860870102773142f,-0.9940845789273007f,-1.076261603755724f,0f,0f,0f,1f], start_interpolation: 0, interpolation_duration: 1 }
$data merge entity $(bone_tail) { transformation: [-0.9998482956257997f,-0.017318844056363407f,0.0018556332436481583f,-0.008149016577839126f,-0.01741797158636924f,0.9941580525665287f,-0.10651939158173868f,0.6263426286876035f,-1.2244610148710722e-16f,-0.10653555349121116f,-0.9943088935749902f,-0.7300296570379055f,0f,0f,0f,1f], start_interpolation: 0, interpolation_duration: 1 }
$data merge entity $(bone_torso) { transformation: [-0.9998482956257997f,-0.017405761689354246f,0.000652069165790168f,-0.009141244182112186f,-0.01741797158636924f,0.999147407772144f,-0.03743089376466347f,0.6832997246436892f,-1.2244610148710722e-16f,-0.03743657305655122f,-0.9992990058024582f,-0.04418148345673267f,0f,0f,0f,1f], start_interpolation: 0, interpolation_duration: 1 }
$data merge entity $(bone_leg_front_left4) { transformation: [-0.8028471320895277f,0.5878572488336082f,-0.09929923206854074f,1.5221333898066405f,0.5589827318769055f,0.8001494437129713f,0.21748373086107944f,-0.47656591974531065f,0.207303612990831f,0.11909963358299654f,-0.9709997370346417f,0.63577185264098f,0f,0f,0f,1f], start_interpolation: 0, interpolation_duration: 1 }
$data merge entity $(bone_leg_front_left3) { transformation: [-0.7292729862383759f,0.6829557062499176f,0.0416222878232104f,1.2365374220574552f,0.682397097110806f,0.7215390976403966f,0.1171133315683045f,-0.18806805064341453f,0.04995111007482397f,0.11381051742681163f,-0.9922459638241589f,0.6578427804436712f,0f,0f,0f,1f], start_interpolation: 0, interpolation_duration: 1 }
$data merge entity $(bone_leg_front_left2) { transformation: [-0.7253307522179744f,0.667679960798329f,0.16762687682841756f,0.7936382013086951f,0.6768637204056915f,0.7361015555553085f,-0.003162895448939107f,0.24647336141569437f,-0.1255022066956332f,0.11116640615490345f,-0.9858454373060361f,0.5811408763550708f,0f,0f,0f,1f], start_interpolation: 0, interpolation_duration: 1 }
$data merge entity $(bone_leg_front_left) { transformation: [-0.7871729924381724f,0.5588442043332564f,0.2608674668467932f,0.6214441092128449f,0.5561253352830459f,0.8260479634226592f,-0.09148428051636584f,0.36812577850886063f,-0.26661449966619044f,0.07306105260949074f,-0.9610300677706917f,0.5228189545530917f,0f,0f,0f,1f], start_interpolation: 0, interpolation_duration: 1 }
$data merge entity $(bone_leg_back_left4) { transformation: [-0.6727865455147825f,0.20308886079252964f,-0.7114163188993333f,1.1168215953963896f,0.1471870830784477f,0.9791060148355407f,0.14031170402972187f,-0.03177046883665151f,0.7250477410137511f,-0.010311466183750461f,-0.6886214104397261f,-0.9228590176510968f,0f,0f,0f,1f], start_interpolation: 0, interpolation_duration: 1 }
$data merge entity $(bone_leg_back_left3) { transformation: [-0.7633148359437565f,0.3406178959396487f,-0.548935251367411f,0.9498464750336928f,0.34121926071866676f,0.9340863905254593f,0.10512864095823665f,0.042871244445556844f,0.5485616440681599f,-0.10706102932797702f,-0.8292273865813113f,-0.8028611580111868f,0f,0f,0f,1f], start_interpolation: 0, interpolation_duration: 1 }
$data merge entity $(bone_leg_back_left2) { transformation: [-0.753089435584052f,0.4496107753016136f,-0.48031911553088946f,0.6674379366896733f,0.47547709740746746f,0.8765261680253746f,0.07498937663244384f,0.22117515597335713f,0.4547283055327255f,-0.17190703155902232f,-0.8738822235564135f,-0.6323380434364148f,0f,0f,0f,1f], start_interpolation: 0, interpolation_duration: 1 }
$data merge entity $(bone_leg_back_left) { transformation: [-0.8052002683270753f,0.4569847165359792f,-0.37791202248477984f,0.5919504115340101f,0.48918371149238016f,0.87209423804015f,0.012285617107422478f,0.2670361289257678f,0.33518923654638105f,-0.17497602358523615f,-0.9257599942067885f,-0.6009140525101916f,0f,0f,0f,1f], start_interpolation: 0, interpolation_duration: 1 }
$data merge entity $(bone_leg_front_right4) { transformation: [-0.7828902507664633f,-0.6153702857766848f,0.0916638785888192f,-1.4990878603540931f,-0.5866072513153687f,0.7791884808334357f,0.2208104255706931f,-0.5291974500701164f,-0.20730361299083128f,0.1190996335829964f,-0.9709997370346418f,0.6357718526409797f,0f,0f,0f,1f], start_interpolation: 0, interpolation_duration: 1 }
$data merge entity $(bone_leg_front_right3) { transformation: [-0.7050621440097484f,-0.7076729900509771f,-0.04567616705336355f,-1.2237137548196795f,-0.7073840962918729f,0.6973134913906022f,0.1155925388508229f,-0.23092713764856482f,-0.049951110074824195f,0.11381051742681146f,-0.992245963824159f,0.657842780443671f,0f,0f,0f,1f], start_interpolation: 0, interpolation_duration: 1 }
$data merge entity $(bone_leg_front_right2) { transformation: [-0.7013150331783295f,-0.6929137334830985f,-0.16741499989126482f,-0.796218636168897f,-0.7017167664753388f,0.7123991774932905f,-0.008999530780996842f,0.21877707854685452f,0.12550220669563297f,0.11116640615490328f,-0.9858454373060362f,0.5811408763550707f,0f,0f,0f,1f], start_interpolation: 0, interpolation_duration: 1 }
$data merge entity $(bone_leg_front_right) { transformation: [-0.7673251467405361f,-0.5872769080572215f,-0.25752272218653804f,-0.6283662603194047f,-0.5832056479042037f,0.8060818295026524f,-0.10051495609258787f,0.3463533140258991f,0.2666144996661902f,0.0730610526094906f,-0.9610300677706918f,0.5228189545530916f,0f,0f,0f,1f], start_interpolation: 0, interpolation_duration: 1 }
$data merge entity $(bone_leg_back_right4) { transformation: [-0.6672516948219198f,-0.2370685394139968f,0.706097502741222f,-1.1095145159884172f,-0.170531372504099f,0.971438202504542f,0.16500566568034147f,-0.07055461169058037f,-0.7250477410137514f,-0.010311466183750503f,-0.6886214104397259f,-0.9228590176510973f,0f,0f,0f,1f], start_interpolation: 0, interpolation_duration: 1 }
$data merge entity $(bone_leg_back_right3) { transformation: [-0.7509667867676775f,-0.3729460627105255f,0.5449404733368101f,-0.9452405313829877f,-0.36759897691515275f,0.9216556679736478f,0.12418462812676201f,0.009857664509609287f,-0.5485616440681601f,-0.1070610293279771f,-0.8292273865813111f,-0.8028611580111873f,0f,0f,0f,1f], start_interpolation: 0, interpolation_duration: 1 }
$data merge entity $(bone_leg_back_right2) { transformation: [-0.7360713020408888f,-0.4798679478552621f,0.4774157422341772f,-0.6692137931176544f,-0.5014191923522343f,0.8603340776243522f,0.09167370625805597f,0.19788986164169714f,-0.4547283055327257f,-0.17190703155902243f,-0.8738822235564133f,-0.6323380434364151f,0f,0f,0f,1f], start_interpolation: 0, interpolation_duration: 1 }
$data merge entity $(bone_leg_back_right) { transformation: [-0.7876731050242919f,-0.4870830477530747f,0.377254800119186f,-0.595369439521627f,-0.5169325442694096f,0.855647997579539f,0.025441087108850978f,0.2463522876669543f,-0.3351892365463813f,-0.17497602358523626f,-0.9257599942067883f,-0.6009140525101918f,0f,0f,0f,1f], start_interpolation: 0, interpolation_duration: 1 }