# This file was generated by Animated Java via MC-Build. It is not recommended to edit this file directly.
$data merge entity $(bone_shell2) { transformation: [-1.1977765611856175f,-0.017879306146211294f,0.003997519714131005f,-0.037780177125708185f,-0.01832074649502075f,1.1689160066711366f,-0.26135045412940494f,1.2382534166013948f,-1.4668532317496904e-16f,-0.261381024631688f,-1.1690527362956158f,-0.42861753928857904f,0f,0f,0f,1f], start_interpolation: 0, interpolation_duration: 1 }
$data merge entity $(bone_shell) { transformation: [-1.2602692513344322f,-0.019200203433515292f,0.0017146253738235986f,-0.03557025529622861f,-0.01927661152954357f,1.2552738311678824f,-0.11209903944350844f,1.0937728098683324f,-1.5433847047105437e-16f,-0.11211215181384139f,-1.2554206621793276f,0.5882659895132959f,0f,0f,0f,1f], start_interpolation: 0, interpolation_duration: 1 }
$data merge entity $(bone_pupil_right2) { transformation: [-0.9999396389706613f,0.009442986640309596f,0.005616797889761948f,-0.38509958422406315f,0.010061825671246251f,0.9923681736017435f,0.1228990141803491f,2.518424108645579f,-0.004413397714340935f,0.12294811111054593f,-0.9924032869226925f,1.294807867233762f,0f,0f,0f,1f], start_interpolation: 0, interpolation_duration: 1 }
$data merge entity $(bone_pupil_right) { transformation: [-0.9999396389706613f,0.009442986640309596f,0.005616797889761948f,-0.38364615647349454f,0.010061825671246251f,0.9923681736017435f,0.1228990141803491f,2.5105869670372347f,-0.004413397714340935f,0.12294811111054593f,-0.9924032869226925f,1.2308671143121344f,0f,0f,0f,1f], start_interpolation: 0, interpolation_duration: 1 }
$data merge entity $(bone_eyelid_right) { transformation: [-0.9999396389706613f,0.009442986640309596f,0.005616797889761948f,-0.34710325122829844f,0.010061825671246251f,0.9923681736017435f,0.1228990141803491f,2.541233731281707f,-0.004413397714340935f,0.12294811111054593f,-0.9924032869226925f,1.2348692284514837f,0f,0f,0f,1f], start_interpolation: 0, interpolation_duration: 1 }
$data merge entity $(bone_eye_right) { transformation: [-0.9999396389706613f,0.009442986640309596f,0.005616797889761948f,-0.3833510631409849f,0.010061825671246251f,0.9923681736017435f,0.1228990141803491f,2.5415984724622893f,-0.004413397714340935f,0.12294811111054593f,-0.9924032869226925f,1.234709242784339f,0f,0f,0f,1f], start_interpolation: 0, interpolation_duration: 1 }
$data merge entity $(bone_pupil_left2) { transformation: [-0.9999396389706613f,0.009442986640309596f,0.005616797889761948f,0.30735861576311974f,0.010061825671246251f,0.9923681736017435f,0.1228990141803491f,2.511456294368241f,-0.004413397714340935f,0.12294811111054593f,-0.9924032869226925f,1.2978641451509434f,0f,0f,0f,1f], start_interpolation: 0, interpolation_duration: 1 }
$data merge entity $(bone_pupil_left) { transformation: [-0.9999396389706613f,0.009442986640309596f,0.005616797889761948f,0.3063121944162617f,0.010061825671246251f,0.9923681736017435f,0.1228990141803491f,2.5036443073240746f,-0.004413397714340935f,0.12294811111054593f,-0.9924032869226925f,1.2339123587350298f,0f,0f,0f,1f], start_interpolation: 0, interpolation_duration: 1 }
$data merge entity $(bone_eyelid_left) { transformation: [-0.9999396389706613f,0.009442986640309596f,0.005616797889761948f,0.2703594758360849f,0.010061825671246251f,0.9923681736017435f,0.1228990141803491f,2.5350205539297117f,-0.004413397714340935f,0.12294811111054593f,-0.9924032869226925f,1.2375945015400895f,0f,0f,0f,1f], start_interpolation: 0, interpolation_duration: 1 }
$data merge entity $(bone_eye_left) { transformation: [-0.9999396389706613f,0.009442986640309596f,0.005616797889761948f,0.30660728774877133f,0.010061825671246251f,0.9923681736017435f,0.1228990141803491f,2.534655812749129f,-0.004413397714340935f,0.12294811111054593f,-0.9924032869226925f,1.2377544872072344f,0f,0f,0f,1f], start_interpolation: 0, interpolation_duration: 1 }
$data merge entity $(bone_muzzle2) { transformation: [-0.9999396389706613f,0.008917517033281922f,0.006418434792426153f,-0.038630066189772994f,0.010061825671246251f,0.9778805582332024f,0.20892193157656297f,2.612582439483298f,-0.004413397714340935f,0.20897390200568527f,-0.9779112588579464f,1.4644730506828552f,0f,0f,0f,1f], start_interpolation: 0, interpolation_duration: 1 }
$data merge entity $(bone_muzzle) { transformation: [-0.9999396389706613f,0.009442986640309596f,0.005616797889761948f,-0.03569444351918369f,0.010061825671246251f,0.9923681736017435f,0.1228990141803491f,2.775034403114875f,-0.004413397714340935f,0.12294811111054593f,-0.9924032869226925f,1.169715537408332f,0f,0f,0f,1f], start_interpolation: 0, interpolation_duration: 1 }
$data merge entity $(bone_tongue) { transformation: [-0.9999396389706613f,0.009896589417173285f,0.004772413763641361f,-0.0408028687169432f,0.010061825671246251f,0.9993032679608891f,0.035940761077769084f,2.245277690794333f,-0.004413397714340935f,0.0359866108517561f,-0.9993425267444688f,1.119368196432572f,0f,0f,0f,1f], start_interpolation: 0, interpolation_duration: 1 }
$data merge entity $(bone_jaw) { transformation: [-0.9999396389706613f,0.009896589417173285f,0.004772413763641361f,-0.04064273822777033f,0.010061825671246251f,0.9993032679608891f,0.035940761077769084f,2.2753827691344304f,-0.004413397714340935f,0.0359866108517561f,-0.9993425267444688f,1.1517222319824538f,0f,0f,0f,1f], start_interpolation: 0, interpolation_duration: 1 }
$data merge entity $(bone_ear_left) { transformation: [-0.9097273789912564f,-0.1851163578730322f,-0.3716557950059735f,0.31400576043008166f,-0.18451486573159587f,0.9821130391100217f,-0.03752656038232794f,2.6249183931723326f,0.37195478251764674f,0.03443707969472449f,-0.9276118408603617f,0.9001869599962647f,0f,0f,0f,1f], start_interpolation: 0, interpolation_duration: 1 }
$data merge entity $(bone_ear_right) { transformation: [-0.9025118779995683f,0.20453022067724952f,0.3789982835045667f,-0.38595198684938126f,0.2027504019257616f,0.9781922465001733f,-0.04507996679109683f,2.631961671142205f,-0.37995339791694777f,0.03615684882093375f,-0.924298705881765f,0.8970975815962261f,0f,0f,0f,1f], start_interpolation: 0, interpolation_duration: 1 }
$data merge entity $(bone_head_angle) { transformation: [-0.9999396389706613f,0.009896589417173285f,0.004772413763641361f,-0.039118381249455166f,0.010061825671246251f,0.9993032679608891f,0.035940761077769084f,2.373560045640485f,-0.004413397714340935f,0.0359866108517561f,-0.9993425267444688f,1.0301781609067473f,0f,0f,0f,1f], start_interpolation: 0, interpolation_duration: 1 }
$data merge entity $(bone_neck3) { transformation: [-0.9999655152598002f,-0.007610124964113562f,0.0033247991267108105f,-0.0333369040133694f,-0.007919081226984951f,0.994361319423028f,-0.1057490169590975f,1.6489488769652683f,-0.0025012884125617976f,-0.10577169958606901f,-0.9943872943290012f,1.0129777611408906f,0f,0f,0f,1f], start_interpolation: 0, interpolation_duration: 1 }
$data merge entity $(bone_neck2) { transformation: [-0.9999683328094228f,-0.007525703899544553f,0.0025878870067745047f,-0.030165715760761217f,-0.007553599877963784f,0.9999115805640708f,-0.01094413919617726f,1.212000566993308f,-0.002505295836239289f,-0.010963340489014095f,-0.999936762329546f,1.0646462583390317f,0f,0f,0f,1f], start_interpolation: 0, interpolation_duration: 1 }
$data merge entity $(bone_chest2) { transformation: [-0.9999683328094228f,-0.007949204565275555f,-0.00037884709693315885f,-0.023085852562463913f,-0.007553599877963784f,0.9330638387744279f,0.3596315001503789f,0.2775656220788406f,-0.002505295836239289f,0.3596229732905114f,-0.933094336374659f,1.056147735832769f,0f,0f,0f,1f], start_interpolation: 0, interpolation_duration: 1 }
$data merge entity $(bone_chest) { transformation: [-0.9998830423810371f,-0.014550705989031087f,0.004709406975612058f,-0.02027643951250066f,-0.015293840552365146f,0.9512982774529094f,-0.3078923281867965f,0.09389138681503895f,-1.2245035673736545e-16f,-0.30792834275257613f,-0.9514095520487758f,0.5900657205193993f,0f,0f,0f,1f], start_interpolation: 0, interpolation_duration: 1 }
$data merge entity $(bone_tail2) { transformation: [-0.9998830423810371f,-0.015233458687192673f,0.0013576801047237587f,-0.024702211848570948f,-0.015293840552365146f,0.9959353875819326f,-0.08876261714925088f,0.3832402062384011f,-1.2245035673736545e-16f,-0.08877299982793896f,-0.9960518834385832f,-1.0837459338701338f,0f,0f,0f,1f], start_interpolation: 0, interpolation_duration: 1 }
$data merge entity $(bone_tail) { transformation: [-0.9998830423810371f,-0.01526949132985654f,0.0008626664295106425f,-0.028843084592101574f,-0.015293840552365146f,0.9982911351947321f,-0.05639953752267755f,0.6539628166080882f,-1.2245035673736545e-16f,-0.056406134649881104f,-0.9984079066062426f,-0.7234445025552633f,0f,0f,0f,1f], start_interpolation: 0, interpolation_duration: 1 }
$data merge entity $(bone_torso) { transformation: [-0.9998830423810371f,-0.01529381578372795f,0.000027524799044615592f,-0.029339939634686247f,-0.015293840552365146f,0.9998814230532933f,-0.001799520513850154f,0.6864462814317756f,-1.2245035673736545e-16f,-0.001799731006103403f,-0.9999983804828414f,-0.03600185756725045f,0f,0f,0f,1f], start_interpolation: 0, interpolation_duration: 1 }
$data merge entity $(bone_leg_front_left4) { transformation: [-0.6958033532477477f,0.7145155688562608f,-0.07297393693096435f,1.508389443891452f,0.6742190690159428f,0.6848047662837733f,0.27653404681937843f,-0.4594744494120087f,0.2475607815960878f,0.14321289724407016f,-0.9582294743319542f,0.6130375097704248f,0f,0f,0f,1f], start_interpolation: 0, interpolation_duration: 1 }
$data merge entity $(bone_leg_front_left3) { transformation: [-0.6936482773372771f,0.718648047758988f,0.048959685448573195f,1.2378237069694173f,0.7160505204640648f,0.6805639123861571f,0.15525596059665203f,-0.15794511434244868f,0.07825419790765376f,0.14275063786141948f,-0.9866602940728827f,0.6470587563869938f,0f,0f,0f,1f], start_interpolation: 0, interpolation_duration: 1 }
$data merge entity $(bone_leg_front_left2) { transformation: [-0.7485576704972888f,0.6412589020540601f,0.16866663711621754f,0.7799948332532064f,0.6540175788934055f,0.7559401683942018f,0.028556405700898936f,0.2626274375970892f,-0.1091898366977484f,0.1316870621760815f,-0.9852594060537315f,0.5808727187974023f,0f,0f,0f,1f], start_interpolation: 0, interpolation_duration: 1 }
$data merge entity $(bone_leg_front_left) { transformation: [-0.8205208714498846f,0.5065151197256701f,0.2649300530411982f,0.6005058926235441f,0.5110257708455304f,0.8576697883292714f,-0.05705432252647136f,0.37441432496954896f,-0.25612137951926967f,0.08857182213612243f,-0.9625782416388983f,0.524846167027562f,0f,0f,0f,1f], start_interpolation: 0, interpolation_duration: 1 }
$data merge entity $(bone_leg_back_left4) { transformation: [-0.6027346788356726f,0.42957172044634306f,-0.672442595261207f,1.0371655751052589f,0.3472239427028469f,0.8999494313830159f,0.26367888532697625f,-0.10075417630905148f,0.7184333236583259f,-0.07455976090462774f,-0.6915883179400126f,-0.9178623400843207f,0f,0f,0f,1f], start_interpolation: 0, interpolation_duration: 1 }
$data merge entity $(bone_leg_back_left3) { transformation: [-0.6597428397172086f,0.536668949096535f,-0.5260473595765824f,0.8928468289171195f,0.5289099963536545f,0.8288726148405514f,0.1822756267978916f,0.014944885393310459f,0.5338479195417464f,-0.1579766674006246f,-0.8306923445885015f,-0.8010831076845637f,0f,0f,0f,1f], start_interpolation: 0, interpolation_duration: 1 }
$data merge entity $(bone_leg_back_left2) { transformation: [-0.6673370095820685f,0.5805143232979422f,-0.4665452133373509f,0.6425954503238438f,0.5946575778350192f,0.7924811188079208f,0.13548446942854536f,0.23794147708144264f,0.44837894772775666f,-0.18702084584045267f,-0.8740592213664194f,-0.632941002286655f,0f,0f,0f,1f], start_interpolation: 0, interpolation_duration: 1 }
$data merge entity $(bone_leg_back_left) { transformation: [-0.7683094366920804f,0.5184001700447841f,-0.3754488955736011f,0.5705664406339612f,0.539228370791276f,0.8402482259582443f,0.056706991701284425f,0.28849413684312475f,0.3448671825843745f,-0.15888417942502053f,-0.925106720278668f,-0.6006097039193699f,0f,0f,0f,1f], start_interpolation: 0, interpolation_duration: 1 }
$data merge entity $(bone_leg_front_right4) { transformation: [-0.6748574683853525f,-0.7351254561923353f,0.06448225354718837f,-1.5313030101629823f,-0.6951841891038999f,0.6626315942671092f,0.27863652578042f,-0.5059684589611975f,-0.2475607815960879f,0.14321289724407f,-0.9582294743319543f,0.6130375097704244f,0f,0f,0f,1f], start_interpolation: 0, interpolation_duration: 1 }
$data merge entity $(bone_leg_front_right3) { transformation: [-0.6714240231795112f,-0.7391262991934112f,-0.053685146345064466f,-1.270085849171203f,-0.7369301606036143f,0.6582663360911069f,0.1536859432801887f,-0.19630516971455567f,-0.07825419790765387f,0.1427506378614193f,-0.9866602940728828f,0.6470587563869934f,0f,0f,0f,1f], start_interpolation: 0, interpolation_duration: 1 }
$data merge entity $(bone_leg_front_right2) { transformation: [-0.7282049514684515f,-0.6640786715980433f,-0.16946110640913542f,-0.8253339837471403f,-0.6766055928077667f,0.7359742085046264f,0.02338452901470836f,0.2380729227981833f,0.10918983669774826f,0.13168706217608134f,-0.9852594060537316f,0.580872718797402f,0f,0f,0f,1f], start_interpolation: 0, interpolation_duration: 1 }
$data merge entity $(bone_leg_front_right) { transformation: [-0.8045077640886307f,-0.5325092320707088f,-0.26306116262302226f,-0.6493479103527523f,-0.5358816067698708f,0.8417772568102273f,-0.0651302805367091f,0.35529702427909254f,0.2561213795192695f,0.0885718221361223f,-0.9625782416388984f,0.5248461670275618f,0f,0f,0f,1f], start_interpolation: 0, interpolation_duration: 1 }
$data merge entity $(bone_leg_back_right4) { transformation: [-0.5918331846230385f,-0.45689491213856814f,0.6640636421615344f,-1.071270719382937f,-0.3654956101462825f,0.8863903662132924f,0.2841215895493721f,-0.13300403667865424f,-0.7184333236583261f,-0.07455976090462782f,-0.6915883179400123f,-0.9178623400843211f,0f,0f,0f,1f], start_interpolation: 0, interpolation_duration: 1 }
$data merge entity $(bone_leg_back_right3) { transformation: [-0.6432579718139498f,-0.5617682196475973f,0.5202265363202578f,-0.9305580380486355f,-0.5488402139956152f,0.8120713268863524f,0.19827904465748786f,-0.012945239867113406f,-0.5338479195417466f,-0.15797666740062472f,-0.8306923445885013f,-0.801083107684564f,0f,0f,0f,1f], start_interpolation: 0, interpolation_duration: 1 }
$data merge entity $(bone_leg_back_right2) { transformation: [-0.648837758256209f,-0.6044800815598939f,0.4621832909770767f,-0.6872438787025571f,-0.6147892994316074f,0.7743558834402083f,0.14968995652991435f,0.21760074741973937f,-0.4483789477277569f,-0.1870208458404528f,-0.8740592213664192f,-0.6329410022866552f,0f,0f,0f,1f], start_interpolation: 0, interpolation_duration: 1 }
$data merge entity $(bone_leg_back_right) { transformation: [-0.7514582027630596f,-0.5438558996570618f,0.373538926898282f,-0.6167946721935202f,-0.5624741735194851f,0.8240003506896375f,0.0681632319284118f,0.2703327011871911f,-0.3448671825843747f,-0.15888417942502064f,-0.9251067202786679f,-0.6006097039193701f,0f,0f,0f,1f], start_interpolation: 0, interpolation_duration: 1 }