# This file was generated by Animated Java via MC-Build. It is not recommended to edit this file directly.
$data merge entity $(bone_shell2) { transformation: [-1.1979079843754965f,-0.004398734872263846f,0.0012051467698969585f,0.04545287337948617f,-0.004560838433168083f,1.1553313501122313f,-0.31653279526521916f,1.1241071382898553f,-1.4670141787385093e-16f,-0.3165350894563669f,-1.1553397238131422f,-0.5048622464437872f,0f,0f,0f,1f], start_interpolation: 0, interpolation_duration: 1 }
$data merge entity $(bone_shell) { transformation: [-1.2604075313863918f,-0.004754149242223643f,0.0006530701000796967f,0.04581877113438188f,-0.004798795220985548f,1.2486812281610502f,-0.17152940160144423f,1.0280037905222108f,-1.5435540489335618e-16f,-0.1715306448256555f,-1.2486902784505076f,0.5177303671084935f,0f,0f,0f,1f], start_interpolation: 0, interpolation_duration: 1 }
$data merge entity $(bone_pupil_right2) { transformation: [-0.9999978277487194f,-0.0015971661075220866f,-0.0013392379429168096f,-0.32764412727915293f,-0.0017925873279095207f,0.9868559781916006f,0.1615922799460764f,2.4553521633580493f,0.0010635452574213817f,0.16159432962800513f,-0.9868566975521631f,1.34871163699091f,0f,0f,0f,1f], start_interpolation: 0, interpolation_duration: 1 }
$data merge entity $(bone_pupil_right) { transformation: [-0.9999978277487194f,-0.0015971661075220866f,-0.0013392379429168096f,-0.3264528766454693f,-0.0017925873279095207f,0.9868559781916006f,0.1615922799460764f,2.450034296929595f,0.0010635452574213817f,0.16159432962800513f,-0.9868566975521631f,1.2845068525618906f,0f,0f,0f,1f], start_interpolation: 0, interpolation_duration: 1 }
$data merge entity $(bone_eyelid_right) { transformation: [-0.9999978277487194f,-0.0015971661075220866f,-0.0013392379429168096f,-0.2902528668304383f,-0.0017925873279095207f,0.9868559781916006f,0.1615922799460764f,2.4809385275387195f,0.0010635452574213817f,0.16159432962800513f,-0.9868566975521631f,1.289518121847184f,0f,0f,0f,1f], start_interpolation: 0, interpolation_duration: 1 }
$data merge entity $(bone_eye_right) { transformation: [-0.9999978277487194f,-0.0015971661075220866f,-0.0013392379429168096f,-0.3265027880863294f,-0.0017925873279095207f,0.9868559781916006f,0.1615922799460764f,2.4808735462480827f,0.0010635452574213817f,0.16159432962800513f,-0.9868566975521631f,1.2895566753627656f,0f,0f,0f,1f], start_interpolation: 0, interpolation_duration: 1 }
$data merge entity $(bone_pupil_left2) { transformation: [-0.9999978277487194f,-0.0015971661075220866f,-0.0013392379429168096f,0.3648543684368352f,-0.0017925873279095207f,0.9868559781916006f,0.1615922799460764f,2.4565935300826265f,0.0010635452574213817f,0.16159432962800513f,-0.9868566975521631f,1.3479751319001458f,0f,0f,0f,1f], start_interpolation: 0, interpolation_duration: 1 }
$data merge entity $(bone_pupil_left) { transformation: [-0.9999978277487194f,-0.0015971661075220866f,-0.0013392379429168096f,0.363545624501147f,-0.0017925873279095207f,0.9868559781916006f,0.1615922799460764f,2.451271182185853f,0.0010635452574213817f,0.16159432962800513f,-0.9868566975521631f,1.2837730063342698f,0f,0f,0f,1f], start_interpolation: 0, interpolation_duration: 1 }
$data merge entity $(bone_eyelid_left) { transformation: [-0.9999978277487194f,-0.0015971661075220866f,-0.0013392379429168096f,0.3272457918043959f,-0.0017925873279095207f,0.9868559781916006f,0.1615922799460764f,2.4820454502137035f,0.0010635452574213817f,0.16159432962800513f,-0.9868566975521631f,1.2888613826507265f,0f,0f,0f,1f], start_interpolation: 0, interpolation_duration: 1 }
$data merge entity $(bone_eye_left) { transformation: [-0.9999978277487194f,-0.0015971661075220866f,-0.0013392379429168096f,0.36349571306028694f,-0.0017925873279095207f,0.9868559781916006f,0.1615922799460764f,2.4821104315043403f,0.0010635452574213817f,0.16159432962800513f,-0.9868566975521631f,1.288822829135145f,0f,0f,0f,1f], start_interpolation: 0, interpolation_duration: 1 }
$data merge entity $(bone_muzzle2) { transformation: [-0.9999978277487194f,-0.001474366130654573f,-0.001473343936609495f,0.018624731512582163f,-0.0017925873279095207f,0.969016998073628f,0.24698753829909412f,2.5469750356665006f,0.0010635452574213817f,0.24698964287776842f,-0.9690175360552554f,1.5201651857115235f,0f,0f,0f,1f], start_interpolation: 0, interpolation_duration: 1 }
$data merge entity $(bone_muzzle) { transformation: [-0.9999978277487194f,-0.0015971661075220866f,-0.0013392379429168096f,0.018006573891980397f,-0.0017925873279095207f,0.9868559781916006f,0.1615922799460764f,2.7208296204235998f,0.0010635452574213817f,0.16159432962800513f,-0.9868566975521631f,1.231971758929973f,0f,0f,0f,1f], start_interpolation: 0, interpolation_duration: 1 }
$data merge entity $(bone_tongue) { transformation: [-0.9999978277487194f,-0.0017078106859160938f,-0.001194939539824548f,0.018876506458253804f,-0.0017925873279095207f,0.9971843884356036f,0.07496720677058269f,2.193418139278766f,0.0010635452574213817f,0.07496918595644876f,-0.9971852837003328f,1.1609823387749743f,0f,0f,0f,1f], start_interpolation: 0, interpolation_duration: 1 }
$data merge entity $(bone_jaw) { transformation: [-0.9999978277487194f,-0.0017078106859160938f,-0.001194939539824548f,0.018860479234938443f,-0.0017925873279095207f,0.9971843884356036f,0.07496720677058269f,2.222237426205798f,0.0010635452574213817f,0.07496918595644876f,-0.9971852837003328f,1.1944871659517486f,0f,0f,0f,1f], start_interpolation: 0, interpolation_duration: 1 }
$data merge entity $(bone_ear_left) { transformation: [-0.923054893420503f,-0.028171963514435832f,-0.3836352489073511f,0.3679552532084407f,-0.054725715033825326f,0.9967876797524318f,0.05847578650861022f,2.585560129593741f,0.38075551190560664f,0.07497107419201993f,-0.9216314763439856f,0.9550082418012794f,0f,0f,0f,1f], start_interpolation: 0, interpolation_duration: 1 }
$data merge entity $(bone_ear_right) { transformation: [-0.9240529734994181f,0.024757538478960266f,0.3814618807369181f,-0.33204322621566285f,0.051414605685741174f,0.9968825607130829f,0.05984729290708701f,2.5843053184642044f,-0.3787910248264386f,0.07491478114891453f,-0.9224451935352836f,0.9557527234814744f,0f,0f,0f,1f], start_interpolation: 0, interpolation_duration: 1 }
$data merge entity $(bone_head_angle) { transformation: [-0.9999978277487194f,-0.0017078106859160938f,-0.001194939539824548f,0.018551004540655742f,-0.0017925873279095207f,0.9971843884356036f,0.07496720677058269f,2.325094363467959f,0.0010635452574213817f,0.07496918595644876f,-0.9971852837003328f,1.076867366672624f,0f,0f,0f,1f], start_interpolation: 0, interpolation_duration: 1 }
$data merge entity $(bone_neck3) { transformation: [-0.9996761871725617f,-0.02542472151500917f,-0.0010508739285614557f,0.03672650369876595f,-0.025416691389922298f,0.9996520494302138f,-0.007054918055033103f,1.6059330543723331f,0.0012298776032396595f,-0.007025923843738104f,-0.9999745615740548f,0.9881696342877432f,0f,0f,0f,1f], start_interpolation: 0, interpolation_duration: 1 }
$data merge entity $(bone_neck2) { transformation: [-0.9999597876285833f,-0.008701931326166408f,-0.0021678369388162828f,0.040635216010470765f,-0.008776031889026f,0.9992801036878196f,0.03690874744479272f,1.1670179114724373f,0.0018450989353992126f,0.0369262882626375f,-0.9993162886919553f,1.0188573342052747f,0f,0f,0f,1f], start_interpolation: 0, interpolation_duration: 1 }
$data merge entity $(bone_chest2) { transformation: [-0.9999597876285833f,-0.007599897326824362f,-0.004760744313690929f,0.04884724539937192f,-0.008776031889026f,0.9385149205125711f,0.3451271146107841f,0.23257252154227398f,0.0018450989353992126f,0.34515501667497805f,-0.9385438775433008f,1.0248064044335645f,0f,0f,0f,1f], start_interpolation: 0, interpolation_duration: 1 }
$data merge entity $(bone_chest) { transformation: [-0.9999927521743274f,-0.0035691751658891006f,0.0013253631387331144f,0.049621463692672514f,-0.0038073086050794433f,0.93744680753434f,-0.3481077239086486f,0.029223446852501556f,-1.2246379231208424e-16f,-0.3481102469510334f,-0.9374536020346238f,0.5669580486334724f,0f,0f,0f,1f], start_interpolation: 0, interpolation_duration: 1 }
$data merge entity $(bone_tail2) { transformation: [-0.9999927521743274f,-0.0037688016086318207f,-0.0005401233646919758f,0.04874225288850729f,-0.0038073086050794433f,0.9898788577281902f,0.1418638481922686f,0.2601488913057897f,-1.2246379231208424e-16f,0.14186487640416184f,-0.9898860322495877f,-1.1352621716847056f,0f,0f,0f,1f], start_interpolation: 0, interpolation_duration: 1 }
$data merge entity $(bone_tail) { transformation: [-0.9999927521743274f,-0.003803611349169231f,0.00016774837937518497f,0.047728444408949286f,-0.0038073086050794433f,0.9990216648534287f,-0.04405925050053877f,0.526426526456849f,-1.2246379231208424e-16f,-0.04405956983662016f,-0.9990289056407787f,-0.7716412245285686f,0f,0f,0f,1f], start_interpolation: 0, interpolation_duration: 1 }
$data merge entity $(bone_torso) { transformation: [-0.9999927521743274f,-0.003802692558290631f,0.00018742497547828487f,0.04748075559586138f,-0.0038073086050794433f,0.9987803436697091f,-0.04922732473132495f,0.5914821979493132f,-1.2246379231208424e-16f,-0.04922768152497892f,-0.9987875827079927f,-0.08651312646447933f,0f,0f,0f,1f], start_interpolation: 0, interpolation_duration: 1 }
$data merge entity $(bone_leg_front_left4) { transformation: [-0.9797298168529636f,0.04815974027755596f,-0.19444825889078268f,1.8170476656106458f,0.04674241444871991f,0.9988364073837428f,0.011873414683312997f,-0.17216577823294427f,0.19479382089984942f,0.0025437572871965684f,-0.9808409130119425f,0.6296330950127286f,0f,0f,0f,1f], start_interpolation: 0, interpolation_duration: 1 }
$data merge entity $(bone_leg_front_left3) { transformation: [-0.9776587778092496f,0.20910957507118946f,-0.02136585561289525f,1.4231411242361256f,0.20908124486235136f,0.9778917338619578f,0.003576295746083015f,-0.07194696416602095f,0.021641331274530773f,-0.000970802760893473f,-0.9997653276257711f,0.6384097170498677f,0f,0f,0f,1f], start_interpolation: 0, interpolation_duration: 1 }
$data merge entity $(bone_leg_front_left2) { transformation: [-0.9157003158525654f,0.37332705578673975f,0.1487274048893359f,0.85666166207494f,0.3727523501594153f,0.9273515269714941f,-0.032784613376873425f,0.17551312229254323f,-0.15016196921372793f,0.0254176088813036f,-0.9883346235767583f,0.5449556364300581f,0f,0f,0f,1f], start_interpolation: 0, interpolation_duration: 1 }
$data merge entity $(bone_leg_front_left) { transformation: [-0.836518618263109f,0.4784970260488778f,0.2669778967659281f,0.6736732143298849f,0.4752392765811275f,0.8761055848598733f,-0.08115808137201207f,0.27947171404466487f,-0.2727347269671129f,0.05898813643199007f,-0.9602792138052637f,0.4852949149060022f,0f,0f,0f,1f], start_interpolation: 0, interpolation_duration: 1 }
$data merge entity $(bone_leg_back_left4) { transformation: [-0.6813760959419055f,0.05742063015095604f,-0.7296776597320451f,1.2323094883191548f,0.12615894448704726f,0.9912110692961023f,-0.03980624110352633f,0.06424023511808259f,0.7209788738963725f,-0.11917838452481663f,-0.6826316547430051f,-0.9700457566399043f,0f,0f,0f,1f], start_interpolation: 0, interpolation_duration: 1 }
$data merge entity $(bone_leg_back_left3) { transformation: [-0.8248625095250347f,0.02201422046591467f,-0.5649046065286953f,1.0518708143605535f,0.07187595934325143f,0.9952163485287262f,-0.06616846748744118f,0.07996310122441884f,0.5607456525453847f,-0.09518294867478837f,-0.8224989479829279f,-0.8473826451456015f,0f,0f,0f,1f], start_interpolation: 0, interpolation_duration: 1 }
$data merge entity $(bone_leg_back_left2) { transformation: [-0.8667881519513635f,0.08792811935783504f,-0.49086346926913826f,0.7268252573787922f,0.14103631121117452f,0.9873695613790554f,-0.07218107911410651f,0.13285171792860928f,0.4783169018095479f,-0.13179527718521053f,-0.8682412950067444f,-0.6680138069670211f,0f,0f,0f,1f], start_interpolation: 0, interpolation_duration: 1 }
$data merge entity $(bone_leg_back_left) { transformation: [-0.8954587212500723f,0.24214122723728454f,-0.3735255073073415f,0.6428760022615979f,0.29477740984596507f,0.9513207814465443f,-0.08997249264325416f,0.1604871001016685f,0.33355652771560185f,-0.19067353476546814f,-0.923246254234672f,-0.6367428824936834f,0f,0f,0f,1f], start_interpolation: 0, interpolation_duration: 1 }
$data merge entity $(bone_leg_front_right4) { transformation: [-0.9793454902984015f,-0.05576404584160524f,0.19435221075037684f,-1.716220007678265f,-0.054201272784140955f,0.9984407345908116f,0.013353708785950331f,-0.18561811614970636f,-0.19479382089984956f,0.002543757287196501f,-0.9808409130119425f,0.6296330950127281f,0f,0f,0f,1f], start_interpolation: 0, interpolation_duration: 1 }
$data merge entity $(bone_leg_front_right3) { transformation: [-0.9760383722040306f,-0.21654972999123412f,0.021338004265389898f,-1.3230880085014907f,-0.21651962674541136f,0.9762711057809318f,0.003738883697676859f,-0.08240278175655594f,-0.021641331274530884f,-0.0009708027608935597f,-0.9997653276257711f,0.6384097170498674f,0f,0f,0f,1f], start_interpolation: 0, interpolation_duration: 1 }
$data merge entity $(bone_leg_front_right2) { transformation: [-0.9128354227150742f,-0.38037760830543843f,-0.14847345263186346f,-0.7585092694343417f,-0.37971420046983667f,0.9244819199197958f,-0.03391615696038151f,0.1693636235358388f,0.15016196921372782f,0.025417608881303497f,-0.9883346235767583f,0.5449556364300578f,0f,0f,0f,1f], start_interpolation: 0, interpolation_duration: 1 }
$data merge entity $(bone_leg_front_right) { transformation: [-0.832875627640308f,-0.4851543141596638f,-0.26635217351286866f,-0.5763177258880243f,-0.4815952217256081f,0.8724366402281298f,-0.08318864825512694f,0.2747125782883156f,0.2727347269671127f,0.058988136431989954f,-0.9602792138052638f,0.48529491490600196f,0f,0f,0f,1f], start_interpolation: 0, interpolation_duration: 1 }
$data merge entity $(bone_leg_back_right4) { transformation: [-0.6803956969255808f,-0.06496660362091936f,0.729959612594502f,-1.1332989108975702f,-0.1313436675301549f,0.9907450999505459f,-0.034248911277745f,0.05523356862474792f,-0.7209788738963727f,-0.11917838452481666f,-0.6826316547430051f,-0.9700457566399048f,0f,0f,0f,1f], start_interpolation: 0, interpolation_duration: 1 }
$data merge entity $(bone_leg_back_right3) { transformation: [-0.8242912918227852f,-0.029591718857225682f,0.5653920731671067f,-0.9529851908113358f,-0.07815484231047164f,0.9950198673678067f,-0.06186504802210856f,0.07232994038016359f,-0.5607456525453849f,-0.09518294867478838f,-0.8224989479829279f,-0.8473826451456018f,0f,0f,0f,1f], start_interpolation: 0, interpolation_duration: 1 }
$data merge entity $(bone_leg_back_right2) { transformation: [-0.8656890929858541f,-0.09544395697886207f,0.4913988658529305f,-0.6283517809416406f,-0.1476324345414803f,0.9866714022347515f,-0.06844127616771103f,0.1276921033332187f,-0.4783169018095481f,-0.13179527718521056f,-0.8682412950067444f,-0.6680138069670213f,0f,0f,0f,1f], start_interpolation: 0, interpolation_duration: 1 }
$data merge entity $(bone_leg_back_right) { transformation: [-0.8931881599597308f,-0.24937809836505592f,0.3741997794809327f,-0.5446153909454158f,-0.30158738986579164f,0.9494494021251845f,-0.08712565109121838f,0.15596592113313668f,-0.33355652771560207f,-0.19067353476546822f,-0.923246254234672f,-0.6367428824936836f,0f,0f,0f,1f], start_interpolation: 0, interpolation_duration: 1 }