# This file was generated by Animated Java via MC-Build. It is not recommended to edit this file directly.
$data merge entity $(bone_shell2) { transformation: [-1.1978083475732926f,-0.015775470916417008f,0.003261484153221494f,-0.043987773688257036f,-0.0161090894068049f,1.1730017925533314f,-0.24251109703049276f,1.2401396558499143f,-1.4670545068291699e-16f,-0.24253302756906078f,-1.1731078683633331f,-0.4185142082866905f,0f,0f,0f,1f], start_interpolation: 0, interpolation_duration: 1 }
$data merge entity $(bone_shell) { transformation: [-1.2603026961423338f,-0.016904456179861752f,0.001235746227398466f,-0.04182480983522698f,-0.016949563636725156f,1.2569486835718935f,-0.09188521519004253f,1.0793101953364967f,-1.543596481098518e-16f,-0.09189352446858784f,-1.2570623507892729f,0.5959121551539163f,0f,0f,0f,1f], start_interpolation: 0, interpolation_duration: 1 }
$data merge entity $(bone_pupil_right2) { transformation: [-0.9999452429951289f,0.009285188246692389f,0.00482662310900454f,-0.3854226085300393f,0.009778145878081563f,0.9933355536852219f,0.1148427866609848f,2.4981762723551517f,-0.0037281194454909356f,0.1148836936388146f,-0.9933719535306517f,1.315577413952979f,0f,0f,0f,1f], start_interpolation: 0, interpolation_duration: 1 }
$data merge entity $(bone_pupil_right) { transformation: [-0.9999452429951289f,0.009285188246692389f,0.00482662310900454f,-0.38401609409833715f,0.009778145878081563f,0.9933355536852219f,0.1148427866609848f,2.489820855812784f,-0.0037281194454909356f,0.1148836936388146f,-0.9933719535306517f,1.2517012692935137f,0f,0f,0f,1f], start_interpolation: 0, interpolation_duration: 1 }
$data merge entity $(bone_eyelid_right) { transformation: [-0.9999452429951289f,0.009285188246692389f,0.00482662310900454f,-0.3474779169070546f,0.009778145878081563f,0.9933355536852219f,0.1148427866609848f,2.520508134077367f,-0.0037281194454909356f,0.1148836936388146f,-0.9933719535306517f,1.2554265290496258f,0f,0f,0f,1f], start_interpolation: 0, interpolation_duration: 1 }
$data merge entity $(bone_eye_right) { transformation: [-0.9999452429951289f,0.009285188246692389f,0.00482662310900454f,-0.383725931965628f,0.009778145878081563f,0.9933355536852219f,0.1148427866609848f,2.5208625918654475f,-0.0037281194454909356f,0.1148836936388146f,-0.9933719535306517f,1.2552913847197267f,0f,0f,0f,1f], start_interpolation: 0, interpolation_duration: 1 }
$data merge entity $(bone_pupil_left2) { transformation: [-0.9999452429951289f,0.009285188246692389f,0.00482662310900454f,0.30703947224408745f,0.009778145878081563f,0.9933355536852219f,0.1148427866609848f,2.4914049063345804f,-0.0037281194454909356f,0.1148836936388146f,-0.9933719535306517f,1.3181591366689815f,0f,0f,0f,1f], start_interpolation: 0, interpolation_duration: 1 }
$data merge entity $(bone_pupil_left) { transformation: [-0.9999452429951289f,0.009285188246692389f,0.00482662310900454f,0.30594612356830175f,0.009778145878081563f,0.9933355536852219f,0.1148427866609848f,2.483073935156908f,-0.0037281194454909356f,0.1148836936388146f,-0.9933719535306517f,1.2542736717109024f,0f,0f,0f,1f], start_interpolation: 0, interpolation_duration: 1 }
$data merge entity $(bone_eyelid_left) { transformation: [-0.9999452429951289f,0.009285188246692389f,0.00482662310900454f,0.2699882706424375f,0.009778145878081563f,0.9933355536852219f,0.1148427866609848f,2.514470128997652f,-0.0037281194454909356f,0.1148836936388146f,-0.9933719535306517f,1.2577286428072163f,0f,0f,0f,1f], start_interpolation: 0, interpolation_duration: 1 }
$data merge entity $(bone_eye_left) { transformation: [-0.9999452429951289f,0.009285188246692389f,0.00482662310900454f,0.3062362857010109f,0.009778145878081563f,0.9933355536852219f,0.1148427866609848f,2.5141156712095714f,-0.0037281194454909356f,0.1148836936388146f,-0.9933719535306517f,1.2578637871371154f,0f,0f,0f,1f], start_interpolation: 0, interpolation_duration: 1 }
$data merge entity $(bone_muzzle2) { transformation: [-0.9999452429951289f,0.008829187380110445f,0.005617513829069722f,-0.038847337588593434f,0.009778145878081563f,0.9795464036365975f,0.2009806731648463f,2.593794137061868f,-0.0037281194454909356f,0.20102459693483965f,-0.9795790996915897f,1.4842071805680839f,0f,0f,0f,1f], start_interpolation: 0, interpolation_duration: 1 }
$data merge entity $(bone_muzzle) { transformation: [-0.9999452429951289f,0.009285188246692389f,0.00482662310900454f,-0.036178369336192964f,0.009778145878081563f,0.9933355536852219f,0.1148427866609848f,2.7538494521040784f,-0.0037281194454909356f,0.1148836936388146f,-0.9933719535306517f,1.188138906794607f,0f,0f,0f,1f], start_interpolation: 0, interpolation_duration: 1 }
$data merge entity $(bone_tongue) { transformation: [-0.9999452429951289f,0.00967052322416705f,0.00399899887268512f,-0.0411908660842603f,0.009778145878081563f,0.9995648203778954f,0.02783087720666269f,2.2237003561910296f,-0.0037281194454909356f,0.02786845606552736f,-0.9996046469889603f,1.1420961442913906f,0f,0f,0f,1f], start_interpolation: 0, interpolation_duration: 1 }
$data merge entity $(bone_jaw) { transformation: [-0.9999452429951289f,0.00967052322416705f,0.00399899887268512f,-0.04101363094827649f,0.009778145878081563f,0.9995648203778954f,0.02783087720666269f,2.2540670419151305f,-0.0037281194454909356f,0.02786845606552736f,-0.9996046469889603f,1.1742046787618434f,0f,0f,0f,1f], start_interpolation: 0, interpolation_duration: 1 }
$data merge entity $(bone_ear_left) { transformation: [-0.906292046289447f,-0.20234080858759543f,-0.3710699718551812f,0.31335368053388296f,-0.19741733128677644f,0.97895800568927f,-0.05164901165069806f,2.601637674620723f,0.37371262239867425f,0.02644655510657054f,-0.9271674366493363f,0.9195693179838477f,0f,0f,0f,1f], start_interpolation: 0, interpolation_duration: 1 }
$data merge entity $(bone_ear_right) { transformation: [-0.8994466708376869f,0.221243050524335f,0.3768914948810712f,-0.3866079895627072f,0.21507507476569107f,0.9748159141147442f,-0.058963088480569595f,2.60848237673538f,-0.38044500066834147f,0.02802581280394325f,-0.9243787942630143f,0.9169596343720041f,0f,0f,0f,1f], start_interpolation: 0, interpolation_duration: 1 }
$data merge entity $(bone_head_angle) { transformation: [-0.9999452429951289f,0.00967052322416705f,0.00399899887268512f,-0.03960714453692519f,0.009778145878081563f,0.9995648203778954f,0.02783087720666269f,2.351255103476391f,-0.0037281194454909356f,0.02786845606552736f,-0.9996046469889603f,1.0518667656443665f,0f,0f,0f,1f], start_interpolation: 0, interpolation_duration: 1 }
$data merge entity $(bone_neck3) { transformation: [-0.9999942100787175f,-0.0020592409875121753f,0.0027091208163267638f,-0.03787308500062018f,-0.0023254087978035938f,0.9947582634254487f,-0.10222812636798337f,1.6266887147923512f,-0.002484407970765421f,-0.1022338342885594f,-0.9947572924305176f,1.0320888378739075f,0f,0f,0f,1f], start_interpolation: 0, interpolation_duration: 1 }
$data merge entity $(bone_neck2) { transformation: [-0.9999831733905931f,-0.005247125239091114f,0.0024739871471719304f,-0.0356934358560415f,-0.005236021563053639f,0.9999762857160843f,0.0044734867447283055f,1.1889893951004051f,-0.0024974014235433226f,0.004460457621064895f,-0.9999869335666044f,1.077011775175626f,0f,0f,0f,1f], start_interpolation: 0, interpolation_duration: 1 }
$data merge entity $(bone_chest2) { transformation: [-0.9999831733905931f,-0.005791252479601344f,0.0003381277814527707f,-0.03073703811467951f,-0.005236021563053639f,0.9261317860911471f,0.37716375603948615f,0.2548672248201952f,-0.0024974014235433226f,0.3771556392079261f,-0.9261465255561836f,1.0508924195668135f,0f,0f,0f,1f], start_interpolation: 0, interpolation_duration: 1 }
$data merge entity $(bone_chest) { transformation: [-0.9999095771046616f,-0.012865761271125493f,0.003912774117091259f,-0.028378596016411208f,-0.01344758767872409f,0.9566472603925984f,-0.2909384497947279f,0.07950277303556252f,-1.224671588309568e-16f,-0.29096475967073876f,-0.956733771030243f,0.5816181827914025f,0f,0f,0f,1f], start_interpolation: 0, interpolation_duration: 1 }
$data merge entity $(bone_tail2) { transformation: [-0.9999095771046616f,-0.013420468570475614f,0.0008536027916122143f,-0.03268922224990364f,-0.01344758767872409f,0.9978931071839574f,-0.06347053663212766f,0.40002393691741356f,-1.224671588309568e-16f,-0.06347627634081969f,-0.9979833477277584f,-1.0903823565387551f,0f,0f,0f,1f], start_interpolation: 0, interpolation_duration: 1 }
$data merge entity $(bone_tail) { transformation: [-0.9999095771046616f,-0.013442054821970596f,0.00038571562077391325f,-0.03619437931318651f,-0.01344758767872409f,0.9994981757002808f,-0.02868029214345877f,0.6606535903962808f,-1.224671588309568e-16f,-0.028682885733033403f,-0.9995885613921489f,-0.7227073674499577f,0f,0f,0f,1f], start_interpolation: 0, interpolation_duration: 1 }
$data merge entity $(bone_torso) { transformation: [-0.9999095771046616f,-0.013446213818815772f,-0.00019221944662203984f,-0.03648242262547185f,-0.01344758767872409f,0.9998074223009342f,0.01429267986014682f,0.682071354939334f,-1.224671588309568e-16f,0.014293972362513728f,-0.9998978359583042f,-0.03483091859229502f,0f,0f,0f,1f], start_interpolation: 0, interpolation_duration: 1 }
$data merge entity $(bone_leg_front_left4) { transformation: [-0.6646671531147911f,0.7438352259728089f,-0.07019068436950243f,1.5236727080446566f,0.6989903457918231f,0.6522624936801543f,0.29319982235324515f,-0.43510326197414456f,0.2638751069352819f,0.14581768047849072f,-0.9534710965728149f,0.6042936565704313f,0f,0f,0f,1f], start_interpolation: 0, interpolation_duration: 1 }
$data merge entity $(bone_leg_front_left3) { transformation: [-0.7010925229134477f,0.711565983051542f,0.046293909737131225f,1.2499720890962487f,0.7077040915510463f,0.686398708140593f,0.16736705848175037f,-0.1368734949668352f,0.0873166256606676f,0.1501021826184355f,-0.984807159628938f,0.6421113823484906f,0f,0f,0f,1f], start_interpolation: 0, interpolation_duration: 1 }
$data merge entity $(bone_leg_front_left2) { transformation: [-0.7735148104296805f,0.6112889308945514f,0.16733404020620496f,0.7760767221229257f,0.6250540812676787f,0.779454316493563f,0.04193285096640581f,0.2659642795206759f,-0.10479615229841902f,0.13702850603195368f,-0.9850080989505098f,0.578754857568728f,0f,0f,0f,1f], start_interpolation: 0, interpolation_duration: 1 }
$data merge entity $(bone_leg_front_left) { transformation: [-0.838077269248646f,0.47582434382738814f,0.26686641712656173f,0.5927473194747843f,0.4836694756491121f,0.8743356864625426f,-0.040011819546075925f,0.3717669773189192f,-0.2523694297930029f,0.09554214357711643f,-0.9629025753972436f,0.5235490448015087f,0f,0f,0f,1f], start_interpolation: 0, interpolation_duration: 1 }
$data merge entity $(bone_leg_back_left4) { transformation: [-0.5528352946659002f,0.5196223645853124f,-0.6514335999888523f,1.004940254016325f,0.43293539588064106f,0.8470753511321367f,0.30826983715251843f,-0.12589034559399703f,0.7119972471613495f,-0.11160621724230331f,-0.6932560654675327f,-0.9180803478349844f,0f,0f,0f,1f], start_interpolation: 0, interpolation_duration: 1 }
$data merge entity $(bone_leg_back_left3) { transformation: [-0.6078011445485978f,0.6033028431154035f,-0.5163365648240356f,0.8719837536463193f,0.5948447677455505f,0.776661910838612f,0.2072582411829701f,0.00423194735034213f,0.5260584292368641f,-0.18116830777315016f,-0.8309275379282218f,-0.8030050664394204f,0f,0f,0f,1f], start_interpolation: 0, interpolation_duration: 1 }
$data merge entity $(bone_leg_back_left2) { transformation: [-0.6356451244645422f,0.6189239074325308f,-0.46139838811259926f,0.6336168319721159f,0.6293282995584932f,0.7616015164098368f,0.1546254234498734f,0.2402300596847771f,0.4471030833256152f,-0.19208416647575444f,-0.8736146209113276f,-0.6353414101923147f,0f,0f,0f,1f], start_interpolation: 0, interpolation_duration: 1 }
$data merge entity $(bone_leg_back_left) { transformation: [-0.7578457171176765f,0.5342588876570521f,-0.37448272324079807f,0.5625687959923338f,0.5509975686944802f,0.8314674442761347f,0.07115875491943639f,0.2918860817498846f,0.34938739006891223f,-0.15241171237264642f,-0.9244993897199021f,-0.6025863423733542f,0f,0f,0f,1f], start_interpolation: 0, interpolation_duration: 1 }
$data merge entity $(bone_leg_front_right4) { transformation: [-0.645628991449229f,-0.761107327080909f,0.06228035054498015f,-1.5660293935062661f,-0.7166122615055821f,0.6320228166163208f,0.2949813993054953f,-0.47665605921012405f,-0.263875106935282f,0.14581768047849059f,-0.9534710965728147f,0.604293656570431f,0f,0f,0f,1f], start_interpolation: 0, interpolation_duration: 1 }
$data merge entity $(bone_leg_front_right3) { transformation: [-0.6818068505650204f,-0.7297677716021976f,-0.05077812573708222f,-1.3004479818955108f,-0.7263024338427091f,0.6670144933237546f,0.16606155572621964f,-0.1711735940033398f,-0.08731662566066772f,0.15010218261843536f,-0.9848071596289378f,0.6421113823484903f,0f,0f,0f,1f], start_interpolation: 0, interpolation_duration: 1 }
$data merge entity $(bone_leg_front_right2) { transformation: [-0.7564256302538799f,-0.6320295077700104f,-0.1684012090307522f,-0.8375574240457424f,-0.645629950016623f,0.7627331708026401f,0.03741761348460729f,0.24426283055084086f,0.10479615229841888f,0.13702850603195355f,-0.9850080989505098f,0.5787548575687278f,0f,0f,0f,1f], start_interpolation: 0, interpolation_duration: 1 }
$data merge entity $(bone_leg_front_right) { transformation: [-0.8247669583529131f,-0.4991655352260699f,-0.26569387055736776f,-0.6571396519060426f,-0.5060327413470779f,0.8612232389126301f,-0.047174118344706736f,0.35495749272051413f,0.25236942979300275f,0.09554214357711632f,-0.9629025753972436f,0.5235490448015084f,0f,0f,0f,1f], start_interpolation: 0, interpolation_duration: 1 }
$data merge entity $(bone_leg_back_right4) { transformation: [-0.5409925273163273f,-0.5422146101212932f,0.6429077709585621f,-1.0558001357785949f,-0.4476460716040661f,0.8327949140357895f,0.3256771802468964f,-0.15360483869356112f,-0.7119972471613497f,-0.11160621724230346f,-0.6932560654675326f,-0.9180803478349846f,0f,0f,0f,1f], start_interpolation: 0, interpolation_duration: 1 }
$data merge entity $(bone_leg_back_right3) { transformation: [-0.5915843102181914f,-0.6239712129121897f,0.5105760759774763f,-0.9263910679183656f,-0.6109750673575067f,0.7601565429012002f,0.22106898776623138f,-0.01995404270910653f,-0.5260584292368642f,-0.18116830777315032f,-0.8309275379282217f,-0.8030050664394206f,0f,0f,0f,1f], start_interpolation: 0, interpolation_duration: 1 }
$data merge entity $(bone_leg_back_right2) { transformation: [-0.6184908628831445f,-0.6391816121541625f,0.4570732099063226f,-0.6944569943371863f,-0.6461949283388033f,0.7446815021694313f,0.16697776772938466f,0.22236905541794472f,-0.4471030833256153f,-0.1920841664757546f,-0.8736146209113275f,-0.6353414101923148f,0f,0f,0f,1f], start_interpolation: 0, interpolation_duration: 1 }
$data merge entity $(bone_leg_back_right) { transformation: [-0.7427537868558334f,-0.5564261000908349f,0.3724336279782257f,-0.6248238268194519f,-0.5711788369435206f,0.8167990359135728f,0.08120388635099499f,0.27591707138139976f,-0.3493873900689124f,-0.15241171237264656f,-0.924499389719902f,-0.6025863423733543f,0f,0f,0f,1f], start_interpolation: 0, interpolation_duration: 1 }