# This file was generated by Animated Java via MC-Build. It is not recommended to edit this file directly.
$data merge entity $(bone_shell2) { transformation: [-1.1978368747025965f,-0.013574630998971843f,0.0026251235658221414f,-0.047956572949850534f,-0.013826130351406426f,1.176048045098564f,-0.2274294924083725f,1.2389495694724393f,-1.466927094505204e-16f,-0.22744464225579333f,-1.1761263856350268f,-0.4115083410298612f,0f,0f,0f,1f], start_interpolation: 0, interpolation_duration: 1 }
$data merge entity $(bone_shell) { transformation: [-1.2603327116436016f,-0.014521205299023902f,0.0008741675247028519f,-0.04594990322376323f,-0.0145474936740885f,1.2580551991199926f,-0.07573414029398831f,1.0651002759850263f,-1.5434624211750405e-16f,-0.07573918520112788f,-1.2581390024302483f,0.6007683193034379f,0f,0f,0f,1f], start_interpolation: 0, interpolation_duration: 1 }
$data merge entity $(bone_pupil_right2) { transformation: [-0.9999525637386046f,0.008893982071315478f,0.003970812952880629f,-0.3846853531457944f,0.009273178592211863f,0.9940235248643281f,0.10877150442599344f,2.478829484590217f,-0.0029796696777645367f,0.10880316677014544f,-0.9940588475887125f,1.3347304365462254f,0f,0f,0f,1f], start_interpolation: 0, interpolation_duration: 1 }
$data merge entity $(bone_pupil_right) { transformation: [-0.9999525637386046f,0.008893982071315478f,0.003970812952880629f,-0.38332620510143034f,0.009273178592211863f,0.9940235248643281f,0.10877150442599344f,2.470084494567596f,-0.0029796696777645367f,0.10880316677014544f,-0.9940588475887125f,1.2709054336782446f,0f,0f,0f,1f], start_interpolation: 0, interpolation_duration: 1 }
$data merge entity $(bone_eyelid_right) { transformation: [-0.9999525637386046f,0.008893982071315478f,0.003970812952880629f,-0.34679998772617737f,0.009273178592211863f,0.9940235248643281f,0.10877150442599344f,2.500811576995639f,-0.0029796696777645367f,0.10880316677014544f,-0.9940588475887125f,1.2744135456656305f,0f,0f,0f,1f], start_interpolation: 0, interpolation_duration: 1 }
$data merge entity $(bone_eye_right) { transformation: [-0.9999525637386046f,0.008893982071315478f,0.003970812952880629f,-0.38304826816170173f,0.009273178592211863f,0.9940235248643281f,0.10877150442599344f,2.5011477297196065f,-0.0029796696777645367f,0.10880316677014544f,-0.9940588475887125f,1.2743055326398116f,0f,0f,0f,1f], start_interpolation: 0, interpolation_duration: 1 }
$data merge entity $(bone_pupil_left2) { transformation: [-0.9999525637386046f,0.008893982071315478f,0.003970812952880629f,0.3077817972431893f,0.009273178592211863f,0.9940235248643281f,0.10877150442599344f,2.47240780841511f,-0.0029796696777645367f,0.10880316677014544f,-0.9940588475887125f,1.3367938577980776f,0f,0f,0f,1f], start_interpolation: 0, interpolation_duration: 1 }
$data merge entity $(bone_pupil_left) { transformation: [-0.9999525637386046f,0.008893982071315478f,0.003970812952880629f,0.3066410638782068f,0.009273178592211863f,0.9940235248643281f,0.10877150442599344f,2.46368600133897f,-0.0029796696777645367f,0.10880316677014544f,-0.9940588475887125f,1.2729614057559022f,0f,0f,0f,1f], start_interpolation: 0, interpolation_duration: 1 }
$data merge entity $(bone_eyelid_left) { transformation: [-0.9999525637386046f,0.008893982071315478f,0.003970812952880629f,0.270670720382411f,0.009273178592211863f,0.9940235248643281f,0.10877150442599344f,2.495085389214948f,-0.0029796696777645367f,0.10880316677014544f,-0.9940588475887125f,1.2762534916916504f,0f,0f,0f,1f], start_interpolation: 0, interpolation_duration: 1 }
$data merge entity $(bone_eye_left) { transformation: [-0.9999525637386046f,0.008893982071315478f,0.003970812952880629f,0.3069190008179354f,0.009273178592211863f,0.9940235248643281f,0.10877150442599344f,2.4947492364909802f,-0.0029796696777645367f,0.10880316677014544f,-0.9940588475887125f,1.2763615047174692f,0f,0f,0f,1f], start_interpolation: 0, interpolation_duration: 1 }
$data merge entity $(bone_muzzle2) { transformation: [-0.9999525637386046f,0.008514058632147187f,0.004730864424183567f,-0.038021012794257715f,0.009273178592211863f,0.9807609039902844f,0.19499245463083328f,2.575643268256136f,-0.0029796696777645367f,0.19502707506848627f,-0.9807933327459166f,1.5024925272842573f,0f,0f,0f,1f], start_interpolation: 0, interpolation_duration: 1 }
$data merge entity $(bone_muzzle) { transformation: [-0.9999525637386046f,0.008893982071315478f,0.003970812952880629f,-0.03566838598756809f,0.009273178592211863f,0.9940235248643281f,0.10877150442599344f,2.7338873039973f,-0.0029796696777645367f,0.10880316677014544f,-0.9940588475887125f,1.205449533259053f,0f,0f,0f,1f], start_interpolation: 0, interpolation_duration: 1 }
$data merge entity $(bone_tongue) { transformation: [-0.9999525637386046f,0.009206216936587854f,0.0031805411973638547f,-0.04045979682271277f,0.009273178592211863f,0.9997210265063396f,0.021722737394441707f,2.2034643442093835f,-0.0029796696777645367f,0.0217512006755355f,-0.9997589743722153f,1.162651739951043f,0f,0f,0f,1f], start_interpolation: 0, interpolation_duration: 1 }
$data merge entity $(bone_jaw) { transformation: [-0.9999525637386046f,0.009206216936587854f,0.0031805411973638547f,-0.04027149445586202f,0.009273178592211863f,0.9997210265063396f,0.021722737394441707f,2.2340267907441302f,-0.0029796696777645367f,0.0217512006755355f,-0.9997589743722153f,1.1945739329212852f,0f,0f,0f,1f], start_interpolation: 0, interpolation_duration: 1 }
$data merge entity $(bone_ear_left) { transformation: [-0.9037804786203122f,-0.21354744119183827f,-0.370915538667845f,0.3137213711801514f,-0.20549712591700373f,0.9767166872850743f,-0.06160717505877096f,2.580205383218809f,0.3754354507830745f,0.020542714993138065f,-0.926620860522803f,0.9375328149730984f,0f,0f,0f,1f], start_interpolation: 0, interpolation_duration: 1 }
$data merge entity $(bone_ear_right) { transformation: [-0.8975607113861955f,0.23149818464567623f,0.37522441269414064f,-0.38624542343687174f,0.22220207689786284f,0.9725895039368522f,-0.06852659231382054f,2.5866966082333573f,-0.38080310712779464f,0.02186886685735433f,-0.9243975044666619f,0.9354470461986633f,0f,0f,0f,1f], start_interpolation: 0, interpolation_duration: 1 }
$data merge entity $(bone_head_angle) { transformation: [-0.9999525637386046f,0.009206216936587854f,0.0031805411973638547f,-0.03901084396838642f,0.009273178592211863f,0.9997210265063396f,0.021722737394441707f,2.330465979153405f,-0.0029796696777645367f,0.0217512006755355f,-0.9997589743722153f,1.0716432361880897f,0f,0f,0f,1f], start_interpolation: 0, interpolation_duration: 1 }
$data merge entity $(bone_neck3) { transformation: [-0.999994432849537f,0.0026186715094033077f,0.0020680496750833536f,-0.04069913445873099f,0.0024061741857660224f,0.9953001813298477f,-0.09680784767032305f,1.6060182381034838f,-0.002311838169190526f,-0.09680233263872594f,-0.995300941323769f,1.0479104495230707f,0f,0f,0f,1f], start_interpolation: 0, interpolation_duration: 1 }
$data merge entity $(bone_neck2) { transformation: [-0.9999920855201914f,-0.0032050914040885263f,0.002357177564314917f,-0.03940739966776952f,-0.0031597019793410605f,0.9998142276863489f,0.019013847568333297f,1.1677082393859406f,-0.0024176807853850237f,0.019006249105005035f,-0.9998164418104847f,1.0864616112494974f,0f,0f,0f,1f], start_interpolation: 0, interpolation_duration: 1 }
$data merge entity $(bone_chest2) { transformation: [-0.9999920855201914f,-0.00385448484669783f,0.000985821254005295f,-0.03635819802587941f,-0.0031597019793410605f,0.9199837570766222f,0.3919437497889008f,0.23411590904441307f,-0.0024176807853850237f,0.39193753285663935f,-0.9199886549071519f,1.0453875473913472f,0f,0f,0f,1f], start_interpolation: 0, interpolation_duration: 1 }
$data merge entity $(bone_chest) { transformation: [-0.9999333910560805f,-0.011089741585972446f,0.003198606359643136f,-0.034412340421496206f,-0.01154181316291319f,0.9607678406741943f,-0.2771135920072461f,0.06553511801972145f,-1.2245652267173875e-16f,-0.2771320514805214f,-0.9608318406683853f,0.5736320036659209f,0f,0f,0f,1f], start_interpolation: 0, interpolation_duration: 1 }
$data merge entity $(bone_tail2) { transformation: [-0.9999333910560805f,-0.011534360858205696f,0.0004146934775090403f,-0.038409332478309494f,-0.01154181316291319f,0.9992877552090815f,-0.03592727150936376f,0.41181743648907965f,-1.2245652267173875e-16f,-0.035929664746387896f,-0.9993543211450142f,-1.0970462562211771f,0f,0f,0f,1f], start_interpolation: 0, interpolation_duration: 1 }
$data merge entity $(bone_tail) { transformation: [-0.9999333910560805f,-0.011541707293545127f,0.00004943518709778948f,-0.04131329749685745f,-0.01154181316291319f,0.9999242189862575f,-0.004282853445496702f,0.6634045612777053f,-1.2245652267173875e-16f,-0.004283138740844888f,-0.9999908273191943f,-0.7231204806616904f,0f,0f,0f,1f], start_interpolation: 0, interpolation_duration: 1 }
$data merge entity $(bone_torso) { transformation: [-0.9999333910560805f,-0.011537562802267025f,-0.00031320228501793737f,-0.04145851976347846f,-0.01154181316291319f,0.9995651579653049f,0.02713450811619044f,0.6759859981342402f,-1.2245652267173875e-16f,0.02713631563751692f,-0.9996317423799731f,-0.03502564791178653f,0f,0f,0f,1f], start_interpolation: 0, interpolation_duration: 1 }
$data merge entity $(bone_leg_front_left4) { transformation: [-0.6496443713842401f,0.7567875880297016f,-0.07235148466314782f,1.544474298082281f,0.708795356280722f,0.6373491806519342f,0.3023163324023244f,-0.40766467052606564f,0.274902407489749f,0.145115707373442f,-0.950457835903227f,0.5984202790065173f,0f,0f,0f,1f], start_interpolation: 0, interpolation_duration: 1 }
$data merge entity $(bone_leg_front_left3) { transformation: [-0.7174145459613326f,0.6954058984041644f,0.04155725818423997f,1.2638903559480548f,0.6905079780746574f,0.7019250303637432f,0.17464244605509494f,-0.1161782258338026f,0.09227730738563757f,0.1539866494653185f,-0.9837545478055498f,0.6383139765298281f,0f,0f,0f,1f], start_interpolation: 0, interpolation_duration: 1 }
$data merge entity $(bone_leg_front_left2) { transformation: [-0.7987667723376805f,0.5784290700009387f,0.1655036385917032f,0.7736990774557692f,0.5927784517161128f,0.8036796543075492f,0.05208378282293287f,0.2668658010873233f,-0.10288513298962168f,0.13970978573438375f,-0.9848328920074515f,0.5761937338134143f,0f,0f,0f,1f], start_interpolation: 0, interpolation_duration: 1 }
$data merge entity $(bone_leg_front_left) { transformation: [-0.8528067508650661f,0.4480068618967828f,0.2683477172855506f,0.5871476007040359f,0.4585520465793633f,0.8882948467219633f,-0.025734915291895578f,0.367174061276559f,-0.2499013130354587f,0.10110448546232048f,-0.9629783054475076f,0.5215278215869077f,0f,0f,0f,1f], start_interpolation: 0, interpolation_duration: 1 }
$data merge entity $(bone_leg_back_left4) { transformation: [-0.5057917320675417f,0.5849815249694358f,-0.634012097058526f,0.9819906022690235f,0.4982037429881261f,0.7980798011456934f,0.33891246875243775f,-0.14392970108577763f,0.7042497811463896f,-0.14444807526472664f,-0.695102150268274f,-0.9192595030534461f,0f,0f,0f,1f], start_interpolation: 0, interpolation_duration: 1 }
$data merge entity $(bone_leg_back_left3) { transformation: [-0.5666131080868075f,0.64757164230634f,-0.5095101116021915f,0.8580439848750343f,0.6398890953295714f,0.7353853384104704f,0.2230478642112963f,-0.0039539614824338765f,0.5191257375843646f,-0.19964812078150848f,-0.8310530045947139f,-0.8057007479568663f,0f,0f,0f,1f], start_interpolation: 0, interpolation_duration: 1 }
$data merge entity $(bone_leg_back_left2) { transformation: [-0.6152413609906978f,0.6415154811596242f,-0.4581876855163719f,0.6273284745035226f,0.6495855283955624f,0.7418490406937273f,0.1664290903684051f,0.239640611665902f,0.4466729329446456f,-0.1952380297337908f,-0.8731353862490602f,-0.6381983981026242f,0f,0f,0f,1f], start_interpolation: 0, interpolation_duration: 1 }
$data merge entity $(bone_leg_back_left) { transformation: [-0.7526653938507343f,0.541891772667771f,-0.3739627142035684f,0.5567660938300162f,0.5558460602294235f,0.827405786509004f,0.08021734088614985f,0.29175117981241044f,0.352888030722136f,-0.1474888848910228f,-0.9239681090852949f,-0.605115145222424f,0f,0f,0f,1f], start_interpolation: 0, interpolation_duration: 1 }
$data merge entity $(bone_leg_front_right4) { transformation: [-0.6331108113276999f,-0.7712973098094738f,0.06535411586618028f,-1.6019558815336645f,-0.7236016631658068f,0.6197111354124387f,0.3039058105885841f,-0.443982598888198f,-0.27490240748974915f,0.14511570737344182f,-0.950457835903227f,0.5984202790065168f,0f,0f,0f,1f], start_interpolation: 0, interpolation_duration: 1 }
$data merge entity $(bone_leg_front_right3) { transformation: [-0.7012850409938745f,-0.7114225194114989f,-0.04557729865201435f,-1.3281748104957076f,-0.7068834343934483f,0.6856865979882064f,0.17363668828759493f,-0.14609735057229395f,-0.09227730738563776f,0.15398664946531834f,-0.9837545478055498f,0.6383139765298278f,0f,0f,0f,1f], start_interpolation: 0, interpolation_duration: 1 }
$data merge entity $(bone_leg_front_right2) { transformation: [-0.7848713945494531f,-0.59682556604287f,-0.1666617464675214f,-0.8469555883717194f,-0.6110577251190795f,0.7901141812976529f,0.04824973662762419f,0.2481592617099066f,0.10288513298962146f,0.1397097857343836f,-0.9848328920074515f,0.5761937338134141f,0f,0f,0f,1f], start_interpolation: 0, interpolation_duration: 1 }
$data merge entity $(bone_leg_front_right) { transformation: [-0.8419952011687066f,-0.4683912013044896f,-0.2676822066357908f,-0.6627691381160647f,-0.47811443708805f,0.8777172469308874f,-0.03192208464434268f,0.35274679482291754f,0.24990131303545848f,0.10110448546232037f,-0.9629783054475076f,0.5215278215869076f,0f,0f,0f,1f], start_interpolation: 0, interpolation_duration: 1 }
$data merge entity $(bone_leg_back_right4) { transformation: [-0.49415739253205904f,-0.60324701895342f,0.6260203714973889f,-1.0457096004800672f,-0.5097457377567556f,0.7843645757402156f,0.353456496846066f,-0.16733459695170502f,-0.7042497811463897f,-0.14444807526472675f,-0.6951021502682739f,-0.9192595030534465f,0f,0f,0f,1f], start_interpolation: 0, interpolation_duration: 1 }
$data merge entity $(bone_leg_back_right3) { transformation: [-0.5516921702232264f,-0.6643733414462765f,0.5042259538043398f,-0.9250269382437364f,-0.652797225707858f,0.7202421058532483f,0.23474899587474798f,-0.024535203828111085f,-0.5191257375843649f,-0.19964812078150862f,-0.8310530045947138f,-0.8057007479568667f,0f,0f,0f,1f], start_interpolation: 0, interpolation_duration: 1 }
$data merge entity $(bone_leg_back_right2) { transformation: [-0.6000836533237512f,-0.6584679895735688f,0.45422408095626393f,-0.6999955682473297f,-0.663613517032503f,0.7268438748814012f,0.17696067800260595f,0.22431986505907756f,-0.4466729329446458f,-0.19523802973379095f,-0.8731353862490601f,-0.6381983981026246f,0f,0f,0f,1f], start_interpolation: 0, interpolation_duration: 1 }
$data merge entity $(bone_leg_back_right) { transformation: [-0.7396347754480034f,-0.5608456519178093f,0.37201149669448286f,-0.6306548080490794f,-0.5730710573053175f,0.8146773493589289f,0.08882780938690024f,0.27804527668145107f,-0.35288803072213615f,-0.1474888848910229f,-0.9239681090852948f,-0.6051151452224243f,0f,0f,0f,1f], start_interpolation: 0, interpolation_duration: 1 }