# This file was generated by Animated Java via MC-Build. It is not recommended to edit this file directly.
$data merge entity $(bone_shell2) { transformation: [-1.1978425350150457f,-0.013090492108944186f,0.0024981198635161653f,-0.048608595097524306f,-0.013326724522808446f,1.1766093180312653f,-0.2245378618702676f,1.2384138763543295f,-1.466934026388727e-16f,-0.2245517579893862f,-1.1766821356091262f,-0.4102895801768638f,0f,0f,0f,1f], start_interpolation: 0, interpolation_duration: 1 }
$data merge entity $(bone_shell) { transformation: [-1.2603386672767003f,-0.013998722749035663f,0.0008081705870776642f,-0.0466467200107983f,-0.014022031889215842f,1.2582435778558412f,-0.07264058794737623f,1.0620751651245088f,-1.543469714722052e-16f,-0.07264508350217734f,-1.2583214475856608f,0.6015564805423297f,0f,0f,0f,1f], start_interpolation: 0, interpolation_duration: 1 }
$data merge entity $(bone_pupil_right2) { transformation: [-0.9999542347546734f,0.008786691827351995f,0.003784500353620026f,-0.38443222397960936f,0.009143083305596964f,0.9941467440031125f,0.10765061734926239f,2.4747539821167375f,-0.002816455904557816f,0.10768029269435289f,-0.9941815840888404f,1.338694420811243f,0f,0f,0f,1f], start_interpolation: 0, interpolation_duration: 1 }
$data merge entity $(bone_pupil_right) { transformation: [-0.9999542347546734f,0.008786691827351995f,0.003784500353620026f,-0.3830830419738671f,0.009143083305596964f,0.9941467440031125f,0.10765061734926239f,2.4659371739718856f,-0.002816455904557816f,0.10768029269435289f,-0.9941815840888404f,1.2748790878022218f,0f,0f,0f,1f], start_interpolation: 0, interpolation_duration: 1 }
$data merge entity $(bone_eyelid_right) { transformation: [-0.9999542347546734f,0.008786691827351995f,0.003784500353620026f,-0.3465601168444055f,0.009143083305596964f,0.9941467440031125f,0.10765061734926239f,2.496672822952155f,-0.002816455904557816f,0.10768029269435289f,-0.9941815840888404f,1.2783461934754605f,0f,0f,0f,1f], start_interpolation: 0, interpolation_duration: 1 }
$data merge entity $(bone_eye_right) { transformation: [-0.9999542347546734f,0.008786691827351995f,0.003784500353620026f,-0.3828084578542624f,0.009143083305596964f,0.9941467440031125f,0.10765061734926239f,2.497004259721983f,-0.002816455904557816f,0.10768029269435289f,-0.9941815840888404f,1.2782440969489204f,0f,0f,0f,1f], start_interpolation: 0, interpolation_duration: 1 }
$data merge entity $(bone_pupil_left2) { transformation: [-0.9999542347546734f,0.008786691827351995f,0.003784500353620026f,0.308036083588002f,0.009143083305596964f,0.9941467440031125f,0.10765061734926239f,2.4684223969276116f,-0.002816455904557816f,0.10768029269435289f,-0.9941815840888404f,1.3406448165251492f,0f,0f,0f,1f], start_interpolation: 0, interpolation_duration: 1 }
$data merge entity $(bone_pupil_left) { transformation: [-0.9999542347546734f,0.008786691827351995f,0.003784500353620026f,0.3068853800068575f,0.009143083305596964f,0.9941467440031125f,0.10765061734926239f,2.4596284464910236f,-0.002816455904557816f,0.10768029269435289f,-0.9941815840888404f,1.2768224423763668f,0f,0f,0f,1f], start_interpolation: 0, interpolation_duration: 1 }
$data merge entity $(bone_eyelid_left) { transformation: [-0.9999542347546734f,0.008786691827351995f,0.003784500353620026f,0.2709116231166054f,0.009143083305596964f,0.9941467440031125f,0.10765061734926239f,2.491026969010949f,-0.002816455904557816f,0.10768029269435289f,-0.9941815840888404f,1.2800853549965252f,0f,0f,0f,1f], start_interpolation: 0, interpolation_duration: 1 }
$data merge entity $(bone_eye_left) { transformation: [-0.9999542347546734f,0.008786691827351995f,0.003784500353620026f,0.30715996412646224f,0.009143083305596964f,0.9941467440031125f,0.10765061734926239f,2.490695532241121f,-0.002816455904557816f,0.10768029269435289f,-0.9941815840888404f,1.2801874515230653f,0f,0f,0f,1f], start_interpolation: 0, interpolation_duration: 1 }
$data merge entity $(bone_muzzle2) { transformation: [-0.9999542347546734f,0.0084234148729256f,0.004535909839710247f,-0.03775106726160856f,0.009143083305596964f,0.9809813459887536f,0.19388657212339572f,2.571800876962723f,-0.002816455904557816f,0.19391917105838796f,-0.9810134671206941f,1.50628698760731f,0f,0f,0f,1f], start_interpolation: 0, interpolation_duration: 1 }
$data merge entity $(bone_muzzle) { transformation: [-0.9999542347546734f,0.008786691827351995f,0.003784500353620026f,-0.0354700744226833f,0.009143083305596964f,0.9941467440031125f,0.10765061734926239f,2.7297100378847565f,-0.002816455904557816f,0.10768029269435289f,-0.9941815840888404f,1.2090652791663414f,0f,0f,0f,1f], start_interpolation: 0, interpolation_duration: 1 }
$data merge entity $(bone_tongue) { transformation: [-0.9999542347546734f,0.009083096751422657f,0.0030042885346949653f,-0.04020158555516737f,0.009143083305596964f,0.9997460850133914f,0.0205953763758812f,2.1992385357331385f,-0.002816455904557816f,0.020621902283775403f,-0.9997833788988172f,1.1668666629874977f,0f,0f,0f,1f], start_interpolation: 0, interpolation_duration: 1 }
$data merge entity $(bone_jaw) { transformation: [-0.9999542347546734f,0.009083096751422657f,0.0030042885346949653f,-0.040011622798394625f,0.009143083305596964f,0.9997460850133914f,0.0205953763758812f,2.2298369953780606f,-0.002816455904557816f,0.020621902283775403f,-0.9997833788988172f,1.1987543280244537f,0f,0f,0f,1f], start_interpolation: 0, interpolation_duration: 1 }
$data merge entity $(bone_ear_left) { transformation: [-0.9033367357635038f,-0.21540481479509746f,-0.37092250886570244f,0.31389268801607095f,-0.2067924725528433f,0.9763308252589468f,-0.06336397197671366f,2.5757702797942983f,0.37579198383629603f,0.019464979123387776f,-0.9264995949659702f,0.9412614064810985f,0f,0f,0f,1f], start_interpolation: 0, interpolation_duration: 1 }
$data merge entity $(bone_ear_right) { transformation: [-0.8972733990622579f,0.23310827506324724f,0.3749146295255752f,-0.3860752763122004f,0.2232563544900533f,0.9722298450323551f,-0.07018353516441546f,2.5821704381082164f,-0.38086355498403046f,0.020728254277688134f,-0.9243988814140385f,0.939289887347908f,0f,0f,0f,1f], start_interpolation: 0, interpolation_duration: 1 }
$data merge entity $(bone_head_angle) { transformation: [-0.9999542347546734f,0.009083096751422657f,0.0030042885346949653f,-0.038784546411111884f,0.009143083305596964f,0.9997460850133914f,0.0205953763758812f,2.3261376128950513f,-0.002816455904557816f,0.020621902283775403f,-0.9997833788988172f,1.0757147090012056f,0f,0f,0f,1f], start_interpolation: 0, interpolation_duration: 1 }
$data merge entity $(bone_neck3) { transformation: [-0.9999918382920904f,0.0035490038796084757f,0.0019307823979746877f,-0.04115438209977035f,0.0033484682509436997f,0.9954266581751808f,-0.09547018358924582f,1.6017243726201484f,-0.0022607763220245723f,-0.09546293922593427f,-0.9954304175203644f,1.0510070949273116f,0f,0f,0f,1f], start_interpolation: 0, interpolation_duration: 1 }
$data merge entity $(bone_neck2) { transformation: [-0.9999933953319746f,-0.002785917588457857f,0.0023340856066653747f,-0.04004495341763248f,-0.0027337723441369123f,0.9997530490481095f,0.022053739088394475f,1.163298644641832f,-0.0023949491016206324f,0.022047212572088637f,-0.9997540620755695f,1.0882249110868152f,0f,0f,0f,1f], start_interpolation: 0, interpolation_duration: 1 }
$data merge entity $(bone_chest2) { transformation: [-0.9999933953319746f,-0.003457301073847269f,0.0011208754229154235f,-0.03738760222616024f,-0.0027337723441369123f,0.9187359042607679f,0.39486309616235316f,0.22984027498538806f,-0.0023949491016206324f,0.394857424004455f,-0.9187392877891783f,1.0441859938887412f,0f,0f,0f,1f], start_interpolation: 0, interpolation_duration: 1 }
$data merge entity $(bone_chest) { transformation: [-0.9999381161864729f,-0.010697732708690814f,0.0030532461972770327f,-0.035526674980375136f,-0.011124917862518353f,0.9615415434423026f,-0.2744341386146169f,0.06257503244550766f,-1.224571013333198e-16f,-0.27445112269671623f,-0.9616010509824291f,0.5719620659817991f,0f,0f,0f,1f], start_interpolation: 0, interpolation_duration: 1 }
$data merge entity $(bone_tail2) { transformation: [-0.9999381161864729f,-0.01111997339611071f,0.00033164607274922955f,-0.039435294977389804f,-0.011124917862518353f,0.9994936939906146f,-0.029809258218677193f,0.4138925131679301f,-1.224571013333198e-16f,-0.029811103043418975f,-0.9995555502998993f,-1.0984780298125227f,0f,0f,0f,1f], start_interpolation: 0, interpolation_duration: 1 }
$data merge entity $(bone_tail) { transformation: [-0.9999381161864729f,-0.01112491552908039f,-0.0000072054566784380495f,-0.04221382181340549f,-0.011124917862518353f,0.9999379064506715f,0.0006476461998607651f,0.6636341224556501f,-1.224571013333198e-16f,0.0006476862811578069f,-0.9999997902512185f,-0.7233161868980263f,0f,0f,0f,1f], start_interpolation: 0, interpolation_duration: 1 }
$data merge entity $(bone_torso) { transformation: [-0.9999381161864729f,-0.011120045030423164f,-0.00032923543117509816f,-0.04233497386167333f,-0.011124917862518353f,0.9995001326790011f,0.029592583145298536f,0.6745236006894761f,-1.224571013333198e-16f,0.029594414560530642f,-0.9995619893867611f,-0.0351924937396115f,0f,0f,0f,1f], start_interpolation: 0, interpolation_duration: 1 }
$data merge entity $(bone_leg_front_left4) { transformation: [-0.6479639184859332f,0.7581392969758436f,-0.07326367941435041f,1.5493663027155118f,0.7096177879020537f,0.6358307033645844f,0.30358180405270374f,-0.4014477589141815f,0.2767405923122789f,0.14472084521544212f,-0.9499844848873991f,0.597432867774043f,0f,0f,0f,1f], start_interpolation: 0, interpolation_duration: 1 }
$data merge entity $(bone_leg_front_left3) { transformation: [-0.7216767447010236f,0.6910522210759035f,0.04036711413755249f,1.2669828161350318f,0.6859618143386493f,0.7060947354470168f,0.1757458785953057f,-0.11174304159774556f,0.09294657297050739f,0.15452201241269242f,-0.9836075854999136f,0.63760681948726f,0f,0f,0f,1f], start_interpolation: 0, interpolation_duration: 1 }
$data merge entity $(bone_leg_front_left2) { transformation: [-0.8041378569270707f,0.5710636053839521f,0.16507169855132567f,0.7733195243897368f,0.5855027652377038f,0.8088725750897237f,0.05395988479159165f,0.26683482066159625f,-0.10270744352645642f,0.14004112208062802f,-0.9848043791386483f,0.5756028098157345f,0f,0f,0f,1f], start_interpolation: 0, interpolation_duration: 1 }
$data merge entity $(bone_leg_front_left) { transformation: [-0.8556955513563742f,0.4422986875423694f,0.2686205397716417f,0.5861361225305299f,0.45336578181826276f,0.8910296870842284f,-0.022925195983841896f,0.3660085854343412f,-0.24948865959242733f,0.10216637280866754f,-0.9629732296392742f,0.521027165529891f,0f,0f,0f,1f], start_interpolation: 0, interpolation_duration: 1 }
$data merge entity $(bone_leg_back_left4) { transformation: [-0.49611039144615365f,0.5967681812769157f,-0.6306680722175385f,0.9779740061047557f,0.5103544394917581f,0.7880614246257909f,0.3442347122354492f,-0.14720079329170482f,0.7024335026108861f,-0.1510858326654467f,-0.6955287525168107f,-0.9195989719351295f,0f,0f,0f,1f], start_interpolation: 0, interpolation_duration: 1 }
$data merge entity $(bone_leg_back_left3) { transformation: [-0.5589225489598134f,0.6551299386679476f,-0.5083407791287221f,0.8557096985197965f,0.6477448082717705f,0.7276846573517595f,0.22561405721235533f,-0.005506616482255033f,0.5177183091423678f,-0.20317431657516172f,-0.8310763800415601f,-0.8063480918102366f,0f,0f,0f,1f], start_interpolation: 0, interpolation_duration: 1 }
$data merge entity $(bone_leg_back_left2) { transformation: [-0.6119750553111318f,0.6449833928264728f,-0.45769307909885315f,0.6262190527781221f,0.6526781541714115f,0.7387056597315329f,0.16830084773405055f,0.23924769133202428f,0.44665171973735457f,-0.19573035344231338f,-0.8730360072740475f,-0.6388536969087286f,0f,0f,0f,1f], start_interpolation: 0, interpolation_duration: 1 }
$data merge entity $(bone_leg_back_left) { transformation: [-0.7520508971267993f,0.5427883813957763f,-0.37389867765549745f,0.5557142811724847f,0.5562655228318778f,0.8269817256304219f,0.08166941644157441f,0.2913975840975128f,0.35353658401833593f,-0.14656738550947485f,-0.9238668114320175f,-0.6057096421570096f,0f,0f,0f,1f], start_interpolation: 0, interpolation_duration: 1 }
$data merge entity $(bone_leg_front_right4) { transformation: [-0.6320156274032832f,-0.7720978897995896f,0.06649131736591742f,-1.6097035559640553f,-0.7238583364752273f,0.6188058867909623f,0.3051366631333702f,-0.4365943266175912f,-0.276740592312279f,0.14472084521544193f,-0.9499844848873991f,0.5974328677740426f,0f,0f,0f,1f], start_interpolation: 0, interpolation_duration: 1 }
$data merge entity $(bone_leg_front_right3) { transformation: [-0.7062365166134686f,-0.7065906862265334f,-0.044267197105651065f,-1.3338354505621233f,-0.7018482151966422f,0.6905451106320634f,0.17480427056407843f,-0.1406787218403293f,-0.09294657297050754f,0.15452201241269223f,-0.9836075854999137f,0.6376068194872596f,0f,0f,0f,1f], start_interpolation: 0, interpolation_duration: 1 }
$data merge entity $(bone_leg_front_right2) { transformation: [-0.7909122764557881f,-0.5889184195609746f,-0.16623136302553437f,-0.8487171280828959f,-0.6032486651421477f,0.7959670716984483f,0.05027393734346368f,0.24878867936880128f,0.10270744352645622f,0.14004112208062786f,-0.9848043791386484f,0.5756028098157343f,0f,0f,0f,1f], start_interpolation: 0, interpolation_duration: 1 }
$data merge entity $(bone_leg_front_right) { transformation: [-0.8453970531672441f,-0.4620132437128209f,-0.26804399849669724f,-0.6637865227025612f,-0.4722914685137917f,0.8809686685127219f,-0.02889591438262751f,0.35210243810619324f,0.2494886595924271f,0.10216637280866743f,-0.9629732296392743f,0.5210271655298909f,0f,0f,0f,1f], start_interpolation: 0, interpolation_duration: 1 }
$data merge entity $(bone_leg_back_right4) { transformation: [-0.48463299070334004f,-0.6141536168379885f,0.6228532726467394f,-1.044109297859072f,-0.5212658042992447f,0.7745891853702875f,0.3581808972790925f,-0.1696976961536138f,-0.7024335026108862f,-0.15108583266544687f,-0.6955287525168106f,-0.9195989719351297f,0f,0f,0f,1f], start_interpolation: 0, interpolation_duration: 1 }
$data merge entity $(bone_leg_back_right3) { transformation: [-0.5443728765126054f,-0.6711576380631773f,0.5031953856970958f,-0.9250277311219396f,-0.6600196388715712f,0.7129289038562493f,0.23686801039854982f,-0.025318400150457582f,-0.5177183091423678f,-0.20317431657516188f,-0.83107638004156f,-0.8063480918102368f,0f,0f,0f,1f], start_interpolation: 0, interpolation_duration: 1 }
$data merge entity $(bone_leg_back_right2) { transformation: [-0.5973024915615287f,-0.6612588040893965f,0.4538353529515424f,-0.7010392967863663f,-0.6661321001348407f,0.7241729232411332f,0.17844215425268287f,0.2244811374001077f,-0.4466517197373546f,-0.19573035344231354f,-0.8730360072740474f,-0.6388536969087288f,0f,0f,0f,1f], start_interpolation: 0, interpolation_duration: 1 }
$data merge entity $(bone_leg_back_right) { transformation: [-0.7394886931990879f,-0.5610530951610639f,0.3719891087665005f,-0.6317122317989519f,-0.5728598051804221f,0.8147008198812047f,0.08996787034014839f,0.27818674413577227f,-0.3535365840183361f,-0.14656738550947498f,-0.9238668114320174f,-0.6057096421570098f,0f,0f,0f,1f], start_interpolation: 0, interpolation_duration: 1 }