# This file was generated by Animated Java via MC-Build. It is not recommended to edit this file directly.
$data merge entity $(bone_shell2) { transformation: [-1.1978693891423888f,-0.010476355711872012f,0.0018742476934594605f,-0.051124200174249144f,-0.010642689200484598f,1.1791480123695735f,-0.21095269225407945f,1.234303292071927f,-1.4668045652282647e-16f,-0.21096101813761894f,-1.1791945509983146f,-0.40521766091025246f,0f,0f,0f,1f], start_interpolation: 0, interpolation_duration: 1 }
$data merge entity $(bone_shell) { transformation: [-1.2603669224889482f,-0.011186047492094457f,0.0005163800473934564f,-0.0494538399757173f,-0.011197959941379447f,1.2590261374599596f,-0.05812025891991356f,1.0462988025137667f,-1.5433334990662613e-16f,-0.058122552811031444f,-1.2590758287195574f,0.6045264464891336f,0f,0f,0f,1f], start_interpolation: 0, interpolation_duration: 1 }
$data merge entity $(bone_pupil_right2) { transformation: [-0.9999632056278454f,0.008105332372475923f,0.0028090883957585704f,-0.3826623293033309f,0.008350811120378257f,0.9946867291960055f,0.10260884325916436f,2.4536724703402646f,-0.001962484169428733f,0.10262852599781262f,-0.9947178164220246f,1.3588601575347155f,0f,0f,0f,1f], start_interpolation: 0, interpolation_duration: 1 }
$data merge entity $(bone_pupil_right) { transformation: [-0.9999632056278454f,0.008105332372475923f,0.0028090883957585704f,-0.38136345308988107f,0.008350811120378257f,0.9946867291960055f,0.10260884325916436f,2.4445331043863745f,-0.001962484169428733f,0.10262852599781262f,-0.9947178164220246f,1.295089176394835f,0f,0f,0f,1f], start_interpolation: 0, interpolation_duration: 1 }
$data merge entity $(bone_eyelid_right) { transformation: [-0.9999632056278454f,0.008105332372475923f,0.0028090883957585704f,-0.3448614952492318f,0.008350811120378257f,0.9946867291960055f,0.10260884325916436f,2.475314347770636f,-0.001962484169428733f,0.10262852599781262f,-0.9947178164220246f,1.2983674578834083f,0f,0f,0f,1f], start_interpolation: 0, interpolation_duration: 1 }
$data merge entity $(bone_eye_right) { transformation: [-0.9999632056278454f,0.008105332372475923f,0.0028090883957585704f,-0.38111016145324117f,0.008350811120378257f,0.9946867291960055f,0.10260884325916436f,2.4756170646737496f,-0.001962484169428733f,0.10262852599781262f,-0.9947178164220246f,1.2982963178322666f,0f,0f,0f,1f], start_interpolation: 0, interpolation_duration: 1 }
$data merge entity $(bone_pupil_left2) { transformation: [-0.9999632056278454f,0.008105332372475923f,0.0028090883957585704f,0.3098121905939521f,0.008350811120378257f,0.9946867291960055f,0.10260884325916436f,2.447889533639403f,-0.001962484169428733f,0.10262852599781262f,-0.9947178164220246f,1.360219177822045f,0f,0f,0f,1f], start_interpolation: 0, interpolation_duration: 1 }
$data merge entity $(bone_pupil_left) { transformation: [-0.9999632056278454f,0.008105332372475923f,0.0028090883957585704f,0.30861115879333223f,0.008350811120378257f,0.9946867291960055f,0.10260884325916436f,2.4387710447133135f,-0.001962484169428733f,0.10262852599781262f,-0.9947178164220246f,1.2964432904717407f,0f,0f,0f,1f], start_interpolation: 0, interpolation_duration: 1 }
$data merge entity $(bone_eyelid_left) { transformation: [-0.9999632056278454f,0.008105332372475923f,0.0028090883957585704f,0.2726157842259628f,0.008350811120378257f,0.9946867291960055f,0.10260884325916436f,2.4701577219038025f,-0.001962484169428733f,0.10262852599781262f,-0.9947178164220246f,1.2995792918580307f,0f,0f,0f,1f], start_interpolation: 0, interpolation_duration: 1 }
$data merge entity $(bone_eye_left) { transformation: [-0.9999632056278454f,0.008105332372475923f,0.0028090883957585704f,0.3088644504299721f,0.008350811120378257f,0.9946867291960055f,0.10260884325916436f,2.4698550050006887f,-0.001962484169428733f,0.10262852599781262f,-0.9947178164220246f,1.2996504319091724f,0f,0f,0f,1f], start_interpolation: 0, interpolation_duration: 1 }
$data merge entity $(bone_muzzle2) { transformation: [-0.9999632056278454f,0.007829660950155738f,0.003504825229465512f,-0.03590712423194806f,0.008350811120378257f,0.9819586959405501f,0.18891104631642308f,2.55183793668891f,-0.001962484169428733f,0.18893336358658205f,-0.9819879494065825f,1.5256461330852076f,0f,0f,0f,1f], start_interpolation: 0, interpolation_duration: 1 }
$data merge entity $(bone_muzzle) { transformation: [-0.9999632056278454f,0.008105332372475923f,0.0028090883957585704f,-0.034016117561714014f,0.008350811120378257f,0.9946867291960055f,0.10260884325916436f,2.7082390413568995f,-0.001962484169428733f,0.10262852599781262f,-0.9947178164220246f,1.2276253812030515f,0f,0f,0f,1f], start_interpolation: 0, interpolation_duration: 1 }
$data merge entity $(bone_tongue) { transformation: [-0.9999632056278454f,0.008319317321308068f,0.0020919727031859575f,-0.03837038074168436f,0.008350811120378257f,0.9998445958340111f,0.015525724947789893f,2.1775567787246994f,-0.001962484169428733f,0.015542623357401544f,-0.9998772802274559f,1.188122197537324f,0f,0f,0f,1f], start_interpolation: 0, interpolation_duration: 1 }
$data merge entity $(bone_jaw) { transformation: [-0.9999632056278454f,0.008319317321308068f,0.0020919727031859575f,-0.03817577622236805f,0.008350811120378257f,0.9998445958340111f,0.015525724947789893f,2.208316743439894f,-0.001962484169428733f,0.015542623357401544f,-0.9998772802274559f,1.2198540695243507f,0f,0f,0f,1f], start_interpolation: 0, interpolation_duration: 1 }
$data merge entity $(bone_ear_left) { transformation: [-0.9014913356301136f,-0.22263044136604243f,-0.3711456026426756f,0.3152267913258613f,-0.21157155036706948f,0.9747925241979558f,-0.07083088198696974f,2.5532145600549594f,0.3775590693641304f,0.014670424156738979f,-0.9258692822401836f,0.9602913132023395f,0f,0f,0f,1f], start_interpolation: 0, interpolation_duration: 1 }
$data merge entity $(bone_ear_right) { transformation: [-0.8963433478778321f,0.23882011441512518f,0.3735419061710562f,-0.3847474526136304f,0.22658548066284817f,0.9709388959734027f,-0.07704985554000557f,2.559060127839224f,-0.3810874212932586f,0.015576046889253464f,-0.9244077910183134f,0.9589175742837394f,0f,0f,0f,1f], start_interpolation: 0, interpolation_duration: 1 }
$data merge entity $(bone_head_angle) { transformation: [-0.9999632056278454f,0.008319317321308068f,0.0020919727031859575f,-0.03713434363559717f,0.008350811120378257f,0.9998445958340111f,0.015525724947789893f,2.303992889917806f,-0.001962484169428733f,0.015542623357401544f,-0.9998772802274559f,1.096326530435675f,0f,0f,0f,1f], start_interpolation: 0, interpolation_duration: 1 }
$data merge entity $(bone_neck3) { transformation: [-0.9999662424445169f,0.008125125295225364f,0.001223237642682947f,-0.04285959891253888f,0.007986695164442415f,0.9961214981577463f,-0.0876251882070273f,1.579815701722517f,-0.0019304589464320873f,-0.08761246056870886f,-0.9961527644299103f,1.0659086648041305f,0f,0f,0f,1f], start_interpolation: 0, interpolation_duration: 1 }
$data merge entity $(bone_neck2) { transformation: [-0.9999972963582042f,-0.000659459444275751f,0.002229885540393687f,-0.04267561129037419f,-0.0005750307926977136f,0.9992906992708529f,0.037653256039245575f,1.1408610244146793f,-0.0022531346762567845f,0.037651871985478924f,-0.9992883767562393f,1.0962776134709322f,0f,0f,0f,1f], start_interpolation: 0, interpolation_duration: 1 }
$data merge entity $(bone_chest2) { transformation: [-0.9999972963582042f,-0.0014463294571246052f,0.0018208260167723253f,-0.04200753155214358f,-0.0005750307926977136f,0.9125200389690659f,0.4090315975807756f,0.20819249736055467f,-0.0022531346762567845f,0.4090294446748249f,-0.9125184035257233f,1.0377969505373383f,0f,0f,0f,1f], start_interpolation: 0, interpolation_duration: 1 }
$data merge entity $(bone_chest) { transformation: [-0.9999605335449506f,-0.00857468814721388f,0.002325096917479311f,-0.040577024088803496f,-0.008884331854317577f,0.9651091241602658f,-0.2616972432222143f,0.047184215619439196f,-1.2244629414079427e-16f,-0.2617075718923365f,-0.9651472150994466f,0.5634017046092504f,0f,0f,0f,1f], start_interpolation: 0, interpolation_duration: 1 }
$data merge entity $(bone_tail2) { transformation: [-0.9999605335449506f,-0.008884283372384344f,-0.00002935058461205951f,-0.04391312633991722f,-0.008884331854317577f,0.9999550767452027f,0.003303504048466025f,0.42267340734331627f,-1.2244629414079427e-16f,0.003303634431205807f,-0.999994542984883f,-1.1060199502606571f,0f,0f,0f,1f], start_interpolation: 0, interpolation_duration: 1 }
$data merge entity $(bone_tail) { transformation: [-0.9999605335449506f,-0.008881525552228802f,-0.0002232853840914152f,-0.046049775708940144f,-0.008884331854317577f,0.999644675089864f,0.025131498403051674f,0.6631602642146379f,-1.2244629414079427e-16f,0.025132490293350115f,-0.9996841290786078f,-0.7248552792828415f,0f,0f,0f,1f], start_interpolation: 0, interpolation_duration: 1 }
$data merge entity $(bone_torso) { transformation: [-0.9999605335449506f,-0.008876815886913808f,-0.00036536585428391063f,-0.04607598718058601f,-0.008884331854317577f,0.9991145868943275f,0.04112311883210623f,0.6661104508580126f,-1.2244629414079427e-16f,0.04112474187988305f,-0.9991540199615437f,-0.03665174237553377f,0f,0f,0f,1f], start_interpolation: 0, interpolation_duration: 1 }
$data merge entity $(bone_leg_front_left4) { transformation: [-0.6464695958036834f,0.7587267999733093f,-0.08006687644515627f,1.5766815634762952f,0.7081869952533505f,0.6358009241470589f,0.30696639002955417f,-0.36701314775921906f,0.2838102208438812f,0.14174211743870524f,-0.9483464191362454f,0.5935169290241121f,0f,0f,0f,1f], start_interpolation: 0, interpolation_duration: 1 }
$data merge entity $(bone_leg_front_left3) { transformation: [-0.7472515280344798f,0.6637010423739367f,0.03340778654572624f,1.2834809589993805f,0.6577763550643161f,0.7315544508718481f,0.17932749964211098f,-0.08836096521946801f,0.09458023349747818f,0.15597760019098453f,-0.9832220337595285f,0.6343772988854468f,0f,0f,0f,1f], start_interpolation: 0, interpolation_duration: 1 }
$data merge entity $(bone_leg_front_left2) { transformation: [-0.8317997587208813f,0.5307081818205672f,0.1626591133032247f,0.771898425139776f,0.5454648879981044f,0.8358089560901414f,0.06238144660653064f,0.2656141047182557f,-0.1028455995806275f,0.14061370725578612f,-0.9847083669689646f,0.5722958883234263f,0f,0f,0f,1f], start_interpolation: 0, interpolation_duration: 1 }
$data merge entity $(bone_leg_front_left) { transformation: [-0.8695839975450083f,0.41353413262866906f,0.26983919723549676f,0.5816769256768055f,0.42707854495602005f,0.9041661903281888f,-0.009349690137019955f,0.35903753642738506f,-0.24784589496679518f,0.10711219080227949f,-0.962860005883329f,0.5180795987994398f,0f,0f,0f,1f], start_interpolation: 0, interpolation_duration: 1 }
$data merge entity $(bone_leg_back_left4) { transformation: [-0.4480295721661889f,0.6486501428037081f,-0.6152418180726263f,0.9613252091427809f,0.5658963714626126f,0.7385232878783723f,0.366530558107735f,-0.16182425336257056f,0.6921205091817685f,-0.18394658328451705f,-0.6979490348642382f,-0.9217905091538068f,0f,0f,0f,1f], start_interpolation: 0, interpolation_duration: 1 }
$data merge entity $(bone_leg_back_left3) { transformation: [-0.5245646466745918f,0.6863902361827373f,-0.5036867827650102f,0.846576692682714f,0.6811561090678464f,0.6932763224554789f,0.23535992819968127f,-0.012821354503979143f,0.5107428771296892f,-0.21962783155969282f,-0.8312071517171121f,-0.8100655047816873f,0f,0f,0f,1f], start_interpolation: 0, interpolation_duration: 1 }
$data merge entity $(bone_leg_back_left2) { transformation: [-0.6002619590591582f,0.6570409496547875f,-0.45605128108930504f,0.6214784580355296f,0.6633359910170142f,0.7275480584715567f,0.17509764600286337f,0.2359296421274012f,0.44684554773202917f,-0.1974107724796273f,-0.8725583323658421f,-0.6424984243821763f,0f,0f,0f,1f], start_interpolation: 0, interpolation_duration: 1 }
$data merge entity $(bone_leg_back_left) { transformation: [-0.75116570323792f,0.5440806946555649f,-0.37379979130839425f,0.5510566733569746f,0.5556151258401996f,0.8268735598861017f,0.0870169402982242f,0.2880185601749199f,0.35642940144811347f,-0.14232467693412612f,-0.9234185227289606f,-0.6090831679964157f,0f,0f,0f,1f], start_interpolation: 0, interpolation_duration: 1 }
$data merge entity $(bone_leg_front_right4) { transformation: [-0.6337845024306873f,-0.7699039122494443f,0.07460006958231555f,-1.6502208636423112f,-0.7195616464370747f,0.6222195256073151f,0.30834055673844485f,-0.39568315128664927f,-0.2838102208438814f,0.14174211743870507f,-0.9483464191362454f,0.5935169290241118f,0f,0f,0f,1f], start_interpolation: 0, interpolation_duration: 1 }
$data merge entity $(bone_leg_front_right3) { transformation: [-0.7354462193146267f,-0.6765945007397904f,-0.0365887969807165f,-1.3620176261198034f,-0.6709496537948171f,0.7196463505134554f,0.17870560222130705f,-0.11186538020573211f,-0.09458023349747839f,0.1559776001909844f,-0.9832220337595285f,0.6343772988854465f,0f,0f,0f,1f], start_interpolation: 0, interpolation_duration: 1 }
$data merge entity $(bone_leg_front_right2) { transformation: [-0.8219766489173204f,-0.5454750249323096f,-0.16374182669601783f,-0.8568052678110455f,-0.5601581663080114f,0.8262474099849756f,0.059481477886531034f,0.25114358951779026f,0.1028455995806273f,0.14061370725578598f,-0.9847083669689647f,0.572295888323426f,0f,0f,0f,1f], start_interpolation: 0, interpolation_duration: 1 }
$data merge entity $(bone_leg_front_right) { transformation: [-0.8618584071161731f,-0.4295340419233847f,-0.2696304747467039f,-0.6682737412543827f,-0.44246186099061835f,0.8966757972703936f,-0.014142706891629966f,0.34793212160948805f,0.24784589496679496f,0.10711219080227939f,-0.9628600058833291f,0.5180795987994397f,0f,0f,0f,1f], start_interpolation: 0, interpolation_duration: 1 }
$data merge entity $(bone_leg_back_right4) { transformation: [-0.43790401953153213f,-0.6616697991794802f,0.6086321931445244f,-1.0386074396966787f,-0.57376761014203f,0.7268815112188083f,0.37740429011891863f,-0.17959301997137334f,-0.6921205091817686f,-0.18394658328451724f,-0.6979490348642381f,-0.9217905091538072f,0f,0f,0f,1f], start_interpolation: 0, interpolation_duration: 1 }
$data merge entity $(bone_leg_back_right3) { transformation: [-0.5123790813171477f,-0.6985999884230123f,0.499425403042299f,-0.9265245156585525f,-0.6903690248627053f,0.6809711240425356f,0.24427226148370423f,-0.028574795782656537f,-0.5107428771296895f,-0.219627831559693f,-0.831207151717112f,-0.8100655047816876f,0f,0f,0f,1f], start_interpolation: 0, interpolation_duration: 1 }
$data merge entity $(bone_leg_back_right2) { transformation: [-0.5883810711074678f,-0.6698642739711953f,0.4528681592025126f,-0.7058816139932521f,-0.6738967069473567f,0.7157589268504029f,0.18317310664906106f,0.22413646932260223f,-0.44684554773202934f,-0.19741077247962746f,-0.8725583323658421f,-0.6424984243821765f,0f,0f,0f,1f], start_interpolation: 0, interpolation_duration: 1 }
$data merge entity $(bone_leg_back_right) { transformation: [-0.7411749734997115f,-0.5586866629620967f,0.3721946685351346f,-0.6363964602276542f,-0.5688740989366992f,0.8170758220409373f,0.0936448642216181f,0.2774684160979178f,-0.35642940144811364f,-0.14232467693412626f,-0.9234185227289606f,-0.6090831679964158f,0f,0f,0f,1f], start_interpolation: 0, interpolation_duration: 1 }