# This file was generated by Animated Java via MC-Build. It is not recommended to edit this file directly.
$data merge entity $(bone_shell2) { transformation: [-1.1979138006173267f,-0.002588854201724682f,0.0004054654753240795f,-0.051612755641935876f,-0.0026204137706605274f,1.1834864442993869f,-0.18535724930264424f,1.2138731759258237f,-1.4670213015804499e-16f,-0.18535769277614103f,-1.183489275830788f,-0.40101314504473184f,0f,0f,0f,1f], start_interpolation: 0, interpolation_duration: 1 }
$data merge entity $(bone_shell) { transformation: [-1.2604136510843176f,-0.002756306410658419f,0.00006742686154848552f,-0.05115371501771141f,-0.002757131010868903f,1.260036687727162f,-0.030823974780402587f,1.0040242181163817f,-1.5435615434020385e-16f,-0.030824048527806226f,-1.2600397024076133f,0.6044195204346607f,0f,0f,0f,1f], start_interpolation: 0, interpolation_duration: 1 }
$data merge entity $(bone_pupil_right2) { transformation: [-0.999985955975205f,0.005288668454075745f,0.00034327589252491865f,-0.3745168567831204f,0.005297376485282593f,0.9954727500643147f,0.09489964005075825f,2.3982233532978188f,0.00016017093587702378f,0.0949001257395014f,-0.9954867856882369f,1.4096705010739528f,0f,0f,0f,1f], start_interpolation: 0, interpolation_duration: 1 }
$data merge entity $(bone_pupil_right) { transformation: [-0.999985955975205f,0.005288668454075745f,0.00034327589252491865f,-0.3733280550394635f,0.005297376485282593f,0.9954727500643147f,0.09489964005075825f,2.3885936973606294f,0.00016017093587702378f,0.0949001257395014f,-0.9954867856882369f,1.3459695622900885f,0f,0f,0f,1f], start_interpolation: 0, interpolation_duration: 1 }
$data merge entity $(bone_eyelid_right) { transformation: [-0.999985955975205f,0.005288668454075745f,0.00034327589252491865f,-0.3369132932461725f,0.005297376485282593f,0.9954727500643147f,0.09489964005075825f,2.4195101909025474f,0.00016017093587702378f,0.0949001257395014f,-0.9954867856882369f,1.3489293850230222f,0f,0f,0f,1f], start_interpolation: 0, interpolation_duration: 1 }
$data merge entity $(bone_eye_right) { transformation: [-0.999985955975205f,0.005288668454075745f,0.00034327589252491865f,-0.3731627841502736f,0.005297376485282593f,0.9954727500643147f,0.09489964005075825f,2.419702220800139f,0.00016017093587702378f,0.0949001257395014f,-0.9954867856882369f,1.3489351912194478f,0f,0f,0f,1f], start_interpolation: 0, interpolation_duration: 1 }
$data merge entity $(bone_pupil_left2) { transformation: [-0.999985955975205f,0.005288668454075745f,0.00034327589252491865f,0.3179734177297091f,0.005297376485282593f,0.9954727500643147f,0.09489964005075825f,2.39455492008176f,0.00016017093587702378f,0.0949001257395014f,-0.9954867856882369f,1.409559582700858f,0f,0f,0f,1f], start_interpolation: 0, interpolation_duration: 1 }
$data merge entity $(bone_pupil_left) { transformation: [-0.999985955975205f,0.005288668454075745f,0.00034327589252491865f,0.31666225458342795f,0.005297376485282593f,0.9954727500643147f,0.09489964005075825f,2.384938507585784f,0.00016017093587702378f,0.0949001257395014f,-0.9954867856882369f,1.3458590443443335f,0f,0f,0f,1f], start_interpolation: 0, interpolation_duration: 1 }
$data merge entity $(bone_eyelid_left) { transformation: [-0.999985955975205f,0.005288668454075745f,0.00034327589252491865f,0.2805780345685167f,0.005297376485282593f,0.9954727500643147f,0.09489964005075825f,2.4162390609228854f,0.00016017093587702378f,0.0949001257395014f,-0.9954867856882369f,1.3488304794701185f,0f,0f,0f,1f], start_interpolation: 0, interpolation_duration: 1 }
$data merge entity $(bone_eye_left) { transformation: [-0.999985955975205f,0.005288668454075745f,0.00034327589252491865f,0.31682752547261783f,0.005297376485282593f,0.9954727500643147f,0.09489964005075825f,2.4160470310252937f,0.00016017093587702378f,0.0949001257395014f,-0.9954867856882369f,1.3488246732736928f,0f,0f,0f,1f], start_interpolation: 0, interpolation_duration: 1 }
$data merge entity $(bone_muzzle2) { transformation: [-0.999985955975205f,0.005238625008534951f,0.0008029074513771165f,-0.02770308221021481f,0.005297376485282593f,0.9834136270937703f,0.1812996851862897f,2.498732318878685f,0.00016017093587702378f,0.1813013923120684f,-0.983427566977343f,1.5749319493074445f,0f,0f,0f,1f], start_interpolation: 0, interpolation_duration: 1 }
$data merge entity $(bone_muzzle) { transformation: [-0.999985955975205f,0.005288668454075745f,0.00034327589252491865f,-0.026934724937041306f,0.005297376485282593f,0.9954727500643147f,0.09489964005075825f,2.6528225501525866f,0.00016017093587702378f,0.0949001257395014f,-0.9954867856882369f,1.275704844497308f,0f,0f,0f,1f], start_interpolation: 0, interpolation_duration: 1 }
$data merge entity $(bone_tongue) { transformation: [-0.999985955975205f,0.005298461939295699f,-0.00011896820314504484f,-0.02975325059864043f,0.005297376485282593f,0.9999557243239888f,0.007777351352471214f,2.121839113835232f,0.00016017093587702378f,0.00777661190779419f,-0.9999697488686877f,1.240324464769146f,0f,0f,0f,1f], start_interpolation: 0, interpolation_duration: 1 }
$data merge entity $(bone_jaw) { transformation: [-0.999985955975205f,0.005298461939295699f,-0.00011896820314504484f,-0.029583955906689156f,0.005297376485282593f,0.9999557243239888f,0.007777351352471214f,2.152844687990592f,0.00016017093587702378f,0.00777661190779419f,-0.9999697488686877f,1.271816538543411f,0f,0f,0f,1f], start_interpolation: 0, interpolation_duration: 1 }
$data merge entity $(bone_ear_left) { transformation: [-0.9002854695949248f,-0.22433861071684116f,-0.37303922176881554f,0.3222008740473051f,-0.21023268036952655f,0.9744815747228842f,-0.07866308302025747f,2.4967912454101144f,0.3811670150221427f,0.007605804838743305f,-0.9244749095523708f,1.008816724515913f,0f,0f,0f,1f], start_interpolation: 0, interpolation_duration: 1 }
$data merge entity $(bone_ear_right) { transformation: [-0.8981296654307348f,0.2346526913233761f,0.37188871793585365f,-0.3777892951353384f,0.21975969621423455f,0.9720500908446873f,-0.08260930219207889f,2.5004994089498123f,-0.3808789571413782f,0.007532286739846105f,-0.9245942270333319f,1.008928844171027f,0f,0f,0f,1f], start_interpolation: 0, interpolation_duration: 1 }
$data merge entity $(bone_head_angle) { transformation: [-0.999985955975205f,0.005298461939295699f,-0.00011896820314504484f,-0.029102096125273313f,0.005297376485282593f,0.9999557243239888f,0.007777351352471214f,2.247562706065025f,0.00016017093587702378f,0.00777661190779419f,-0.9999697488686877f,1.1475493773011807f,0f,0f,0f,1f], start_interpolation: 0, interpolation_duration: 1 }
$data merge entity $(bone_neck3) { transformation: [-0.9998230767140245f,0.01880388225429676f,-0.0004788342809010824f,-0.042662277209383585f,0.018798595605100336f,0.998008790784792f,-0.06020852364535273f,1.524599338596704f,-0.0006542731676638611f,-0.060206872767514116f,-0.9981857063683982f,1.0972431571307941f,0f,0f,0f,1f], start_interpolation: 0, interpolation_duration: 1 }
$data merge entity $(bone_neck2) { transformation: [-0.9999862945191986f,0.004789866689568073f,0.002113752790370152f,-0.044856926048118216f,0.004939673883033527f,0.9969627423271761f,0.07772316278565838f,1.0847848655729868f,-0.0017350491900542456f,0.07773253880179681f,-0.9969727388528409f,1.1099682685387349f,0f,0f,0f,1f], start_interpolation: 0, interpolation_duration: 1 }
$data merge entity $(bone_chest2) { transformation: [-0.9999862945191986f,0.0036742073545858204f,0.0037297418245957562f,-0.049295679019576294f,0.004939673883033527f,0.8982024042559227f,0.4395543659330541f,0.15462898552727114f,-0.0017350491900542456f,0.439566765337412f,-0.8982082433462255f,1.0200719287164797f,0f,0f,0f,1f], start_interpolation: 0, interpolation_duration: 1 }
$data merge entity $(bone_chest) { transformation: [-0.9999976074718553f,-0.0021254015496674755f,0.0005174155175880524f,-0.04897055246235516f,-0.0021874758433340054f,0.9716205420330905f,-0.2365348541943835f,0.005998416491545311f,-1.224643869145419e-16f,-0.23653542011203332f,-0.9716228666681449f,0.5416522272609082f,0f,0f,0f,1f], start_interpolation: 0, interpolation_duration: 1 }
$data merge entity $(bone_tail2) { transformation: [-0.9999976074718553f,-0.00217632813506535f,-0.00022055932012226138f,-0.04990099288369756f,-0.0021874758433340054f,0.9949014681789654f,0.1008279899867791f,0.43134628859403035f,-1.224643869145419e-16f,0.10082823122116004f,-0.994903848514424f,-1.1271814520035044f,0f,0f,0f,1f], start_interpolation: 0, interpolation_duration: 1 }
$data merge entity $(bone_tail) { transformation: [-0.9999976074718553f,-0.0021801164036561395f,-0.00017928477815820992f,-0.05037879019280227f,-0.0021874758433340054f,0.9966332630871455f,0.08195946472313997f,0.6497698050946392f,-1.224643869145419e-16f,0.08195966081393519f,-0.9966356475659821f,-0.7329531689627773f,0f,0f,0f,1f], start_interpolation: 0, interpolation_duration: 1 }
$data merge entity $(bone_torso) { transformation: [-0.9999976074718553f,-0.0021831625553562516f,-0.0001373019375689247f,-0.05035261894057851f,-0.0021874758433340054f,0.9980258016248363f,0.06276714300123697f,0.637805700582065f,-1.224643869145419e-16f,0.06276729317375244f,-0.9980281894353686f,-0.044847310814281574f,0f,0f,0f,1f], start_interpolation: 0, interpolation_duration: 1 }
$data merge entity $(bone_leg_front_left4) { transformation: [-0.6939387469580153f,0.7113877406378217f,-0.1112497098448116f,1.6583420354114502f,0.6615847670238805f,0.6909297385849175f,0.29141326733856054f,-0.25737980801108595f,0.2841735587845877f,0.12862184421470774f,-0.9501062096831647f,0.5910952725544513f,0f,0f,0f,1f], start_interpolation: 0, interpolation_duration: 1 }
$data merge entity $(bone_leg_front_left3) { transformation: [-0.8340735654414522f,0.5515447110967355f,0.010941622046203414f,1.3281175355617467f,0.5449174384418289f,0.8206372666730535f,0.17210305583973617f,-0.023184641352326507f,0.08594342740302671f,0.14950889006543383f,-0.9850181821050933f,0.6283458663442033f,0f,0f,0f,1f], start_interpolation: 0, interpolation_duration: 1 }
$data merge entity $(bone_leg_front_left2) { transformation: [-0.9000959004412978f,0.4069553597574716f,0.15561074890069776f,0.7719162752821459f,0.42153507146616626f,0.9037164874191286f,0.07486450354370988f,0.25439534842995126f,-0.1101614884285036f,0.1329806208870255f,-0.9849774621460726f,0.5615727582777483f,0f,0f,0f,1f], start_interpolation: 0, interpolation_duration: 1 }
$data merge entity $(bone_leg_front_left) { transformation: [-0.8987527660536336f,0.34407403508631845f,0.2717655678896083f,0.5753141077079136f,0.36252332585560215f,0.9317768488624054f,0.019202659572026593f,0.3336973259608642f,-0.2466177279141452f,0.11577980093032239f,-0.9621718837998747f,0.5076251302965291f,0f,0f,0f,1f], start_interpolation: 0, interpolation_duration: 1 }
$data merge entity $(bone_leg_back_left4) { transformation: [-0.34803866448133414f,0.7271245745846732f,-0.5917422927771065f,0.9495092643346785f,0.6663028913989598f,0.6358852057453657f,0.38947459740984336f,-0.18566938151389398f,0.6594767205439742f,-0.25872738190850875f,-0.7057978442240622f,-0.9309604039321893f,0f,0f,0f,1f], start_interpolation: 0, interpolation_duration: 1 }
$data merge entity $(bone_leg_back_left3) { transformation: [-0.48105205052413613f,0.7184684730947766f,-0.5023862835064108f,0.8442791282825237f,0.7230840750639599f,0.6491842042350702f,0.23602815374564107f,-0.027494740093652742f,0.4957200269057337f,-0.24972569379328666f,-0.8318045039455125f,-0.82252164804656f,0f,0f,0f,1f], start_interpolation: 0, interpolation_duration: 1 }
$data merge entity $(bone_leg_back_left2) { transformation: [-0.6088566749030783f,0.6473230927621728f,-0.4585481032593879f,0.6159578751938694f,0.6537820372037153f,0.7368497250614292f,0.17210906573058815f,0.2176735238577405f,0.4492912165352523f,-0.19500075962342095f,-0.8718440838192123f,-0.6540374418458405f,0f,0f,0f,1f], start_interpolation: 0, interpolation_duration: 1 }
$data merge entity $(bone_leg_back_left) { transformation: [-0.7653270732258868f,0.5230051476666926f,-0.37515341728636686f,0.5442084620789425f,0.5333171443207503f,0.8416035695436803f,0.08530096895636993f,0.26767200613781084f,0.3603433009798544f,-0.13479260827462514f,-0.9230296085139769f,-0.6202552573789791f,0f,0f,0f,1f], start_interpolation: 0, interpolation_duration: 1 }
$data merge entity $(bone_leg_front_right4) { transformation: [-0.6910377114266004f,-0.7144037095782959f,0.10997372925865719f,-1.755114536931345f,-0.6646143768186098f,0.6878108467679012f,0.29189718942537585f,-0.26484667967005604f,-0.28417355878458794f,0.1286218442147076f,-0.9501062096831648f,0.591095272554451f,0f,0f,0f,1f], start_interpolation: 0, interpolation_duration: 1 }
$data merge entity $(bone_leg_front_right3) { transformation: [-0.8316816015104319f,-0.5551296725622761f,-0.011694458086764115f,-1.4259177874515176f,-0.5485612463483579f,0.8182164374004608f,0.17205353984278912f,-0.029209041506653488f,-0.08594342740302692f,0.1495088900654337f,-0.9850181821050934f,0.6283458663442031f,0f,0f,0f,1f], start_interpolation: 0, interpolation_duration: 1 }
$data merge entity $(bone_leg_front_right2) { transformation: [-0.8982430952728928f,-0.41090517166505053f,-0.1559367874925223f,-0.8709362462132261f,-0.4254689039892216f,0.9019274329830625f,0.07418299920328117f,0.25080163962697033f,0.11016148842850335f,0.1329806208870254f,-0.9849774621460727f,0.5615727582777482f,0f,0f,0f,1f], start_interpolation: 0, interpolation_duration: 1 }
$data merge entity $(bone_leg_front_right) { transformation: [-0.8971581466574652f,-0.34814721120644515f,-0.2718469775725248f,-0.6746829016319056f,-0.36645184699303496f,0.9302626279850814f,0.01801351741563879f,0.3309629811566967f,0.246617727914145f,0.11577980093032231f,-0.9621718837998748f,0.507625130296529f,0f,0f,0f,1f], start_interpolation: 0, interpolation_duration: 1 }
$data merge entity $(bone_leg_back_right4) { transformation: [-0.3451202977318824f,-0.7298995763264285f,0.5900327012733758f,-1.0466022783566256f,-0.6678191635121153f,0.6326979929865973f,0.39205970784653443f,-0.1900358377410007f,-0.6594767205439743f,-0.2587273819085089f,-0.705797844224062f,-0.9309604039321895f,0f,0f,0f,1f], start_interpolation: 0, interpolation_duration: 1 }
$data merge entity $(bone_leg_back_right3) { transformation: [-0.4778839964822219f,-0.7213017400129689f,0.5013488663200935f,-0.9420651541261394f,-0.7251817295207857f,0.6460347341387495f,0.23822380539215013f,-0.03140233440832882f,-0.4957200269057338f,-0.24972569379328685f,-0.8318045039455124f,-0.8225216480465602f,0f,0f,0f,1f], start_interpolation: 0, interpolation_duration: 1 }
$data merge entity $(bone_leg_back_right2) { transformation: [-0.6059905901000121f,-0.6505405720494397f,0.4577907478617571f,-0.7148186828386349f,-0.6564394926072867f,0.7340106728542006f,0.1741135396274843f,0.2147624753194037f,-0.4492912165352524f,-0.19500075962342112f,-0.8718440838192122f,-0.6540374418458406f,0f,0f,0f,1f], start_interpolation: 0, interpolation_duration: 1 }
$data merge entity $(bone_leg_back_right) { transformation: [-0.7629865178106578f,-0.52668210860139f,0.37477664030507607f,-0.6432886967938858f,-0.5366603013807791f,0.8393073985338846f,0.08694142676638278f,0.26507437857385174f,-0.36034330097985456f,-0.13479260827462528f,-0.9230296085139768f,-0.6202552573789792f,0f,0f,0f,1f], start_interpolation: 0, interpolation_duration: 1 }