# This file was generated by Animated Java via MC-Build. It is not recommended to edit this file directly.
$data merge entity $(bone_shell2) { transformation: [-1.1979164866518721f,-0.0006491009592074509f,0.00009976651725086991f,-0.05047884844114516f,-0.0006567232394307367f,1.184012828920431f,-0.18198222425336666f,1.2075995512578341f,-1.4670245910240583e-16f,-0.1819822516004256f,-1.1840130068458783f,-0.4020034080541677f,0f,0f,0f,1f], start_interpolation: 0, interpolation_duration: 1 }
$data merge entity $(bone_shell) { transformation: [-1.2604164772597959f,-0.0006908257778204254f,0.00001492858469174265f,-0.05036223326866126f,-0.0006909870606184273f,1.2601222843469586f,-0.027230950042112078f,0.9948840124663978f,-1.5435650044687917e-16f,-0.027230954134195243f,-1.2601224737096204f,0.6028267898313111f,0f,0f,0f,1f], start_interpolation: 0, interpolation_duration: 1 }
$data merge entity $(bone_pupil_right2) { transformation: [-0.9999900452625471f,0.004459997151443773f,-0.00013342120638982363f,-0.3720069224311175f,0.004427491788206391f,0.9955255646591262f,0.09438880985897476f,2.3864401207933104f,0.0005537980449279257f,0.09438727952185849f,-0.9955354010642653f,1.4201193859639965f,0f,0f,0f,1f], start_interpolation: 0, interpolation_duration: 1 }
$data merge entity $(bone_pupil_right) { transformation: [-0.9999900452625471f,0.004459997151443773f,-0.00013342120638982363f,-0.37083496115542997f,0.004427491788206391f,0.9955255646591262f,0.09438880985897476f,2.3767788000969623f,0.0005537980449279257f,0.09438727952185849f,-0.9955354010642653f,1.3564229299073947f,0f,0f,0f,1f], start_interpolation: 0, interpolation_duration: 1 }
$data merge entity $(bone_eyelid_right) { transformation: [-0.9999900452625471f,0.004459997151443773f,-0.00013342120638982363f,-0.3344459471036801f,0.004427491788206391f,0.9955255646591262f,0.09438880985897476f,2.4077284774152377f,0.0005537980449279257f,0.09438727952185849f,-0.9955354010642653f,1.3593524572133242f,0f,0f,0f,1f], start_interpolation: 0, interpolation_duration: 1 }
$data merge entity $(bone_eye_right) { transformation: [-0.9999900452625471f,0.004459997151443773f,-0.00013342120638982363f,-0.3706955862444474f,0.004427491788206391f,0.9955255646591262f,0.09438880985897476f,2.40788897399256f,0.0005537980449279257f,0.09438727952185849f,-0.9955354010642653f,1.3593725323924528f,0f,0f,0f,1f], start_interpolation: 0, interpolation_duration: 1 }
$data merge entity $(bone_pupil_left2) { transformation: [-0.9999900452625471f,0.004459997151443773f,-0.00013342120638982363f,0.3204861839131964f,0.004427491788206391f,0.9955255646591262f,0.09438880985897476f,2.383374082729978f,0.0005537980449279257f,0.09438727952185849f,-0.9955354010642653f,1.419735880817884f,0f,0f,0f,1f], start_interpolation: 0, interpolation_duration: 1 }
$data merge entity $(bone_pupil_left) { transformation: [-0.9999900452625471f,0.004459997151443773f,-0.00013342120638982363f,0.3191581700757275f,0.004427491788206391f,0.9955255646591262f,0.09438880985897476f,2.3737238307631f,0.0005537980449279257f,0.09438727952185849f,-0.9955354010642653f,1.3560408092563945f,0f,0f,0f,1f], start_interpolation: 0, interpolation_duration: 1 }
$data merge entity $(bone_eyelid_left) { transformation: [-0.9999900452625471f,0.004459997151443773f,-0.00013342120638982363f,0.2830479058459428f,0.004427491788206391f,0.9955255646591262f,0.09438880985897476f,2.4049945012360205f,0.0005537980449279257f,0.09438727952185849f,-0.9955354010642653f,1.3590104869205812f,0f,0f,0f,1f], start_interpolation: 0, interpolation_duration: 1 }
$data merge entity $(bone_eye_left) { transformation: [-0.9999900452625471f,0.004459997151443773f,-0.00013342120638982363f,0.3192975449867101f,0.004427491788206391f,0.9955255646591262f,0.09438880985897476f,2.404834004658698f,0.0005537980449279257f,0.09438727952185849f,-0.9955354010642653f,1.3589904117414526f,0f,0f,0f,1f], start_interpolation: 0, interpolation_duration: 1 }
$data merge entity $(bone_muzzle2) { transformation: [-0.9999900452625471f,0.004454653940113768f,0.0002558008659679749f,-0.025215339542208403f,0.004427491788206391f,0.9835107624978864f,0.1807954019528485f,2.487335599719108f,0.0005537980449279257f,0.18079473473832286f,-0.9835206948502022f,1.5851917732297416f,0f,0f,0f,1f], start_interpolation: 0, interpolation_duration: 1 }
$data merge entity $(bone_muzzle) { transformation: [-0.9999900452625471f,0.004459997151443773f,-0.00013342120638982363f,-0.02469953402527475f,0.004427491788206391f,0.9955255646591262f,0.09438880985897476f,2.6412727983824285f,0.0005537980449279257f,0.09438727952185849f,-0.9955354010642653f,1.285885370337391f,0f,0f,0f,1f], start_interpolation: 0, interpolation_duration: 1 }
$data merge entity $(bone_tongue) { transformation: [-0.9999900452625471f,0.004431397091431381f,-0.0005216278628050686f,-0.027070014600810332f,0.004427491788206391f,0.9999638161585391f,0.007263861928552572f,2.1102690167334717f,0.0005537980449279257f,0.00726148011563519f,-0.999973481755519f,1.2507785377210998f,0f,0f,0f,1f], start_interpolation: 0, interpolation_duration: 1 }
$data merge entity $(bone_jaw) { transformation: [-0.9999900452625471f,0.004431397091431381f,-0.0005216278628050686f,-0.026915232570990443f,0.004427491788206391f,0.9999638161585391f,0.007263861928552572f,2.141290890303159f,0.0005537980449279257f,0.00726148011563519f,-0.999973481755519f,1.2822546302795734f,0f,0f,0f,1f], start_interpolation: 0, interpolation_duration: 1 }
$data merge entity $(bone_ear_left) { transformation: [-0.9007946623364219f,-0.22119622657086038f,-0.373685971983194f,0.32446601862002294f,-0.2071364762809417f,0.9752027477760301f,-0.0779363902422728f,2.485408293306556f,0.3816588221175119f,0.0071993111402098514f,-0.9242752368309883f,1.0189389786622884f,0f,0f,0f,1f], start_interpolation: 0, interpolation_duration: 1 }
$data merge entity $(bone_ear_right) { transformation: [-0.899347341591772f,0.22983071101479244f,0.37195726024134523f,-0.37552701306375996f,0.21510666956212074f,0.9732058098346168f,-0.08123775239407206f,2.488507537558301f,-0.3806618970710167f,0.0069495308174675535f,-0.924688176705916f,1.019326637293738f,0f,0f,0f,1f], start_interpolation: 0, interpolation_duration: 1 }
$data merge entity $(bone_head_angle) { transformation: [-0.9999900452625471f,0.004431397091431381f,-0.0005216278628050686f,-0.026564992576519383f,0.004427491788206391f,0.9999638161585391f,0.007263861928552572f,2.235945480809091f,0.0005537980449279257f,0.00726148011563519f,-0.999973481755519f,1.1579387088209743f,0f,0f,0f,1f], start_interpolation: 0, interpolation_duration: 1 }
$data merge entity $(bone_neck3) { transformation: [-0.9997815627614914f,0.0208855561739667f,-0.0007875947525757053f,-0.041650323084611925f,0.02089794820340412f,0.9983769010177395f,-0.05297961188139212f,1.51339524458871f,-0.0003201922516894017f,-0.05298449827561999f,-0.9985952835956129f,1.1024030091194874f,0f,0f,0f,1f], start_interpolation: 0, interpolation_duration: 1 }
$data merge entity $(bone_neck2) { transformation: [-0.9999799906926642f,0.005960870621415509f,0.0021180735903803963f,-0.04435748868103029f,0.006121057312559992f,0.9962706147074001f,0.08606622408306086f,1.073492496400329f,-0.0015971448512509055f,0.08607746680737094f,-0.996287166853187f,1.1114450783375058f,0f,0f,0f,1f], start_interpolation: 0, interpolation_duration: 1 }
$data merge entity $(bone_chest2) { transformation: [-0.9999799906926642f,0.004772095473748598f,0.004152748377755335f,-0.04989569278201128f,0.006121057312559992f,0.8956478127775107f,0.4447218547859296f,0.14387630161837386f,-0.0015971448512509055f,0.44473837542048317f,-0.8956591017550559f,1.0161871426079607f,0f,0f,0f,1f], start_interpolation: 0, interpolation_duration: 1 }
$data merge entity $(bone_chest) { transformation: [-0.9999998497267801f,-0.0005331463237140501f,0.00012767699385556747f,-0.04981519346246743f,-0.0005482211390030497f,0.9725021632073511f,-0.23289319872122827f,-0.0029609903424699935f,-1.2246466151157355e-16f,-0.23289323371884443f,-0.9725023093484045f,0.5372139014874723f,0f,0f,0f,1f], start_interpolation: 0, interpolation_duration: 1 }
$data merge entity $(bone_tail2) { transformation: [-0.9999998497267801f,-0.0005440128847454546f,-0.00006779674387999666f,-0.05005266867097056f,-0.0005482211390030497f,0.9923236524300558f,0.12366676304268892f,0.4302130628307007f,-1.2246466151157355e-16f,0.12366678162649439f,-0.9923238015497486f,-1.1320732578815698f,0f,0f,0f,1f], start_interpolation: 0, interpolation_duration: 1 }
$data merge entity $(bone_tail) { transformation: [-0.9999998497267801f,-0.0005458694661318862f,-0.00005072418747196272f,-0.05017011446720154f,-0.0005482211390030497f,0.9957102075541743f,0.09252503459067729f,0.6444437267477403f,-1.2246466151157355e-16f,0.09252504849471424f,-0.9957103571827758f,-0.7355506118143502f,0f,0f,0f,1f], start_interpolation: 0, interpolation_duration: 1 }
$data merge entity $(bone_torso) { transformation: [-0.9999998497267801f,-0.0005470398061938201f,-0.00003597037238101705f,-0.05016247983013315f,-0.0005482211390030497f,0.9978450028088678f,0.06561287848397883f,0.630517529127782f,-1.2246466151157355e-16f,0.06561288834383883f,-0.9978451527582719f,-0.04748166653229338f,0f,0f,0f,1f], start_interpolation: 0, interpolation_duration: 1 }
$data merge entity $(bone_leg_front_left4) { transformation: [-0.7135751962739759f,0.6902187695967533f,-0.12003536711694861f,1.6768691053155051f,0.6418812163936964f,0.7127732782907567f,0.28274150348966465f,-0.22980757773276153f,0.2807114947833544f,0.12470887639214569f,-0.9516557953616965f,0.5918279872694755f,0f,0f,0f,1f], start_interpolation: 0, interpolation_duration: 1 }
$data merge entity $(bone_leg_front_left3) { transformation: [-0.8550513511752434f,0.5185120106118738f,0.005699272288860385f,1.3376062440663732f,0.5120536870214446f,0.8425658379482767f,0.16698452122955212f,-0.008620676162357843f,0.08178146771203706f,0.1456986738915298f,-0.9859430449904877f,0.6273282503070458f,0f,0f,0f,1f], start_interpolation: 0, interpolation_duration: 1 }
$data merge entity $(bone_leg_front_left2) { transformation: [-0.9132974229528311f,0.377019686048263f,0.15409079647982488f,0.7726862873153578f,0.39134843284799264f,0.9171376960357952f,0.07553046152098802f,0.25030237086819684f,-0.11284600717410395f,0.12928496758023478f,-0.9851655575702187f,0.558819573441672f,0f,0f,0f,1f], start_interpolation: 0, interpolation_duration: 1 }
$data merge entity $(bone_leg_front_left) { transformation: [-0.9036900113887575f,0.3307117834733127f,0.271981763337339f,0.5750040973240671f,0.34987990470219077f,0.9364921068959157f,0.023803067181242872f,0.3268386000218011f,-0.24683681978540703f,0.11667154748930669f,-0.9620079700317857f,0.5048240191136142f,0f,0f,0f,1f], start_interpolation: 0, interpolation_duration: 1 }
$data merge entity $(bone_leg_back_left4) { transformation: [-0.3344561194634209f,0.7342939353312751f,-0.5907211869310082f,0.9535946180148389f,0.6805007398307504f,0.6218089796471175f,0.38764975934471035f,-0.18800369052097615f,0.6519646058209534f,-0.2723343705188892f,-0.7076553846264502f,-0.9336749951436759f,0f,0f,0f,1f], start_interpolation: 0, interpolation_duration: 1 }
$data merge entity $(bone_leg_back_left3) { transformation: [-0.4823238458316868f,0.716251201166805f,-0.5043291827459921f,0.8480862767391575f,0.7237723592946994f,0.6501633187055587f,0.23117359479568278f,-0.02967848692526065f,0.4934747001246525f,-0.25351898516064464f,-0.8319920940129185f,-0.8257274044914081f,0f,0f,0f,1f], start_interpolation: 0, interpolation_duration: 1 }
$data merge entity $(bone_leg_back_left2) { transformation: [-0.6185785496840311f,0.6367240337809433f,-0.46037276491613277f,0.6161193206076458f,0.6439891458036731f,0.7465372029713676f,0.16721299191971428f,0.21181744275111675f,0.4501539269603855f,-0.19304069359959108f,-0.8718352669264605f,-0.6569196818812636f,0f,0f,0f,1f], start_interpolation: 0, interpolation_duration: 1 }
$data merge entity $(bone_leg_back_left) { transformation: [-0.7715105845034865f,0.5134450359910119f,-0.37569350941329455f,0.543790203310444f,0.5242916468981179f,0.8476079822899691f,0.08172501056094415f,0.2609697846478153f,0.3604021184620699f,-0.13392125811280214f,-0.923133473357746f,-0.6231319832754445f,0f,0f,0f,1f], start_interpolation: 0, interpolation_duration: 1 }
$data merge entity $(bone_leg_front_right4) { transformation: [-0.7128709817516867f,-0.6909998693507071f,0.11972528527296288f,-1.776249730191221f,-0.6426632244596552f,0.7120160649215117f,0.28287294536735813f,-0.231700650758354f,-0.28071149478335455f,0.1247088763921455f,-0.9516557953616965f,0.5918279872694752f,0f,0f,0f,1f], start_interpolation: 0, interpolation_duration: 1 }
$data merge entity $(bone_leg_front_right3) { transformation: [-0.854489399983313f,-0.5194355236059237f,-0.005882357724403736f,-1.4372295915043427f,-0.5129908935400539f,0.8419968130833331f,0.16697817193420056f,-0.010141900053280029f,-0.08178146771203726f,0.14569867389152966f,-0.9859430449904877f,0.6273282503070454f,0f,0f,0f,1f], start_interpolation: 0, interpolation_duration: 1 }
$data merge entity $(bone_leg_front_right2) { transformation: [-0.9128677830735694f,-0.37802504781800506f,-0.1541735186357951f,-0.8725938684555183f,-0.392349575367693f,0.9167237644895938f,0.0753614644816456f,0.24940039337167796f,0.11284600717410373f,0.12928496758023467f,-0.9851655575702187f,0.5588195734416718f,0f,0f,0f,1f], start_interpolation: 0, interpolation_duration: 1 }
$data merge entity $(bone_leg_front_right) { transformation: [-0.9033058451250752f,-0.33173839406954714f,-0.2720076985363315f,-0.6749957148344081f,-0.3508705381776882f,0.9361289376504757f,0.023504840614033365f,0.3261533235980473f,0.2468368197854068f,0.11667154748930661f,-0.9620079700317857f,0.5048240191136141f,0f,0f,0f,1f], start_interpolation: 0, interpolation_duration: 1 }
$data merge entity $(bone_leg_back_right4) { transformation: [-0.33370978875500223f,-0.7349752715041281f,0.5902957963314026f,-1.0530215131881022f,-0.6808670425610425f,0.6210034950880012f,0.3882972179177521f,-0.18910376006727717f,-0.6519646058209535f,-0.2723343705188894f,-0.70765538462645f,-0.933674995143676f,0f,0f,0f,1f], start_interpolation: 0, interpolation_duration: 1 }
$data merge entity $(bone_leg_back_right3) { transformation: [-0.481529981415149f,-0.7169636370764529f,0.5040754111325312f,-0.9476868297535384f,-0.7243007644171103f,0.6493775999164284f,0.23172642359379017f,-0.030662967851034284f,-0.4934747001246526f,-0.2535189851606448f,-0.8319920940129184f,-0.8257274044914082f,0f,0f,0f,1f], start_interpolation: 0, interpolation_duration: 1 }
$data merge entity $(bone_leg_back_right2) { transformation: [-0.6178720810409685f,-0.6375421858791274f,0.4601891488231411f,-0.7159847993631752f,-0.6446669942786327f,0.7458386231880546f,0.1677176634964259f,0.211087155003453f,-0.4501539269603856f,-0.19304069359959122f,-0.8718352669264604f,-0.6569196818812637f,0f,0f,0f,1f], start_interpolation: 0, interpolation_duration: 1 }
$data merge entity $(bone_leg_back_right) { transformation: [-0.7709352653127232f,-0.5143740804501811f,0.37560367684333423f,-0.6437096182401074f,-0.525137248445826f,0.8470445100385899f,0.08213688762201764f,0.26031877204524917f,-0.36040211846207004f,-0.13392125811280226f,-0.9231334733577459f,-0.6231319832754446f,0f,0f,0f,1f], start_interpolation: 0, interpolation_duration: 1 }