# This file was generated by Animated Java via MC-Build. It is not recommended to edit this file directly.
execute unless entity @s[type=item_display,tag=aj.tyrogue.root] run return run function animated_java:global/errors/function_not_executed_as_root_entity {'export_namespace': 'tyrogue', 'function_path': 'animated_java:tyrogue/apply_default_pose'}
execute on passengers if entity @s[tag=aj.tyrogue.bone.head2] run data merge entity @s {transformation: [-1f,6.123233995736765e-17f,1.0605752387249069e-16f,-0.031249999999999976f,0f,0.8660254037844387f,-0.49999999999999994f,1.375f,-1.2246467991473532e-16f,-0.49999999999999994f,-0.8660254037844387f,-0.1875f,0f,0f,0f,1f], start_interpolation: 0}
execute on passengers if entity @s[tag=aj.tyrogue.bone.head1] run data merge entity @s {transformation: [-1f,-7.871877887341986e-17f,9.381338752702732e-17f,-0.03125000000000002f,0f,0.7660444431189781f,0.6427876096865394f,1.375f,-1.2246467991473532e-16f,0.6427876096865394f,-0.7660444431189781f,0.1875f,0f,0f,0f,1f], start_interpolation: 0}
execute on passengers if entity @s[tag=aj.tyrogue.bone.eyelid_right] run data merge entity @s {transformation: [-0.9961946980917455f,0.08715574274765818f,1.2246467991473532e-16f,-0.10937500000000003f,0.08715574274765818f,0.9961946980917455f,0f,1.21875f,-1.2199866483456202e-16f,1.0673500138322974e-17f,-1f,0.213125f,0f,0f,0f,1f], start_interpolation: 0}
execute on passengers if entity @s[tag=aj.tyrogue.bone.eye_right] run data merge entity @s {transformation: [-0.9961946980917455f,0.08715574274765818f,1.2246467991473532e-16f,-0.10937500000000003f,0.08715574274765818f,0.9961946980917455f,0f,1.21875f,-1.2199866483456202e-16f,1.0673500138322974e-17f,-1f,0.219375f,0f,0f,0f,1f], start_interpolation: 0}
execute on passengers if entity @s[tag=aj.tyrogue.bone.eyelid_left] run data merge entity @s {transformation: [-0.9961946980917455f,-0.08715574274765818f,1.2246467991473532e-16f,0.10937499999999997f,-0.08715574274765818f,0.9961946980917455f,0f,1.21875f,-1.2199866483456202e-16f,-1.0673500138322974e-17f,-1f,0.213125f,0f,0f,0f,1f], start_interpolation: 0}
execute on passengers if entity @s[tag=aj.tyrogue.bone.eye_left] run data merge entity @s {transformation: [-0.9961946980917455f,-0.08715574274765818f,1.2246467991473532e-16f,0.10937499999999997f,-0.08715574274765818f,0.9961946980917455f,0f,1.21875f,-1.2199866483456202e-16f,-1.0673500138322974e-17f,-1f,0.219375f,0f,0f,0f,1f], start_interpolation: 0}
execute on passengers if entity @s[tag=aj.tyrogue.bone.mouth_closed] run data merge entity @s {transformation: [-1f,0f,1.2246467991473532e-16f,-0.03125f,0f,1f,0f,1.03125f,-1.2246467991473532e-16f,0f,-1f,-3.827021247335479e-18f,0f,0f,0f,1f], start_interpolation: 0}
execute on passengers if entity @s[tag=aj.tyrogue.bone.mouth_open] run data merge entity @s {transformation: [-1f,0f,1.2246467991473532e-16f,-0.03125f,0f,1f,0f,1f,-1.2246467991473532e-16f,0f,-1f,-0.006250000000000004f,0f,0f,0f,1f], start_interpolation: 0}
execute on passengers if entity @s[tag=aj.tyrogue.bone.head] run data merge entity @s {transformation: [-1f,0f,1.2246467991473532e-16f,0f,0f,1f,0f,1f,-1.2246467991473532e-16f,0f,-1f,0f,0f,0f,0f,1f], start_interpolation: 0}
execute on passengers if entity @s[tag=aj.tyrogue.bone.neck] run data merge entity @s {transformation: [-1f,0f,1.2246467991473532e-16f,0f,0f,1f,0f,0.921875f,-1.2246467991473532e-16f,0f,-1f,0f,0f,0f,0f,1f], start_interpolation: 0}
execute on passengers if entity @s[tag=aj.tyrogue.bone.finger_left2] run data merge entity @s {transformation: [-1f,0f,1.2246467991473532e-16f,0.90625f,0f,1f,0f,0.9375f,-1.2246467991473532e-16f,0f,-1f,0.046875000000000104f,0f,0f,0f,1f], start_interpolation: 0}
execute on passengers if entity @s[tag=aj.tyrogue.bone.finger_left] run data merge entity @s {transformation: [-1f,0f,1.2246467991473532e-16f,0.78125f,0f,1f,0f,0.9375f,-1.2246467991473532e-16f,0f,-1f,0.04687500000000009f,0f,0f,0f,1f], start_interpolation: 0}
execute on passengers if entity @s[tag=aj.tyrogue.bone.finger_left4] run data merge entity @s {transformation: [-1f,0f,1.2246467991473532e-16f,0.90625f,0f,1f,0f,0.9375f,-1.2246467991473532e-16f,0f,-1f,-0.046874999999999896f,0f,0f,0f,1f], start_interpolation: 0}
execute on passengers if entity @s[tag=aj.tyrogue.bone.finger_left3] run data merge entity @s {transformation: [-1f,0f,1.2246467991473532e-16f,0.78125f,0f,1f,0f,0.9375f,-1.2246467991473532e-16f,0f,-1f,-0.04687499999999991f,0f,0f,0f,1f], start_interpolation: 0}
execute on passengers if entity @s[tag=aj.tyrogue.bone.thumb_left2] run data merge entity @s {transformation: [-1f,0f,1.2246467991473532e-16f,0.65625f,0f,1f,0f,0.9375f,-1.2246467991473532e-16f,0f,-1f,0.21875000000000008f,0f,0f,0f,1f], start_interpolation: 0}
execute on passengers if entity @s[tag=aj.tyrogue.bone.thumb_left] run data merge entity @s {transformation: [-1f,0f,1.2246467991473532e-16f,0.6875f,0f,1f,0f,0.9375f,-1.2246467991473532e-16f,0f,-1f,0.09375000000000008f,0f,0f,0f,1f], start_interpolation: 0}
execute on passengers if entity @s[tag=aj.tyrogue.bone.hand_left] run data merge entity @s {transformation: [-1f,0f,1.2246467991473532e-16f,0.625f,0f,1f,0f,0.875f,-1.2246467991473532e-16f,0f,-1f,6.938893903907228e-17f,0f,0f,0f,1f], start_interpolation: 0}
execute on passengers if entity @s[tag=aj.tyrogue.bone.arm_left2] run data merge entity @s {transformation: [-1f,0f,1.2246467991473532e-16f,0.375f,0f,1f,0f,0.875f,-1.2246467991473532e-16f,0f,-1f,-0.06249999999999996f,0f,0f,0f,1f], start_interpolation: 0}
execute on passengers if entity @s[tag=aj.tyrogue.bone.arm_left] run data merge entity @s {transformation: [-1f,0f,1.2246467991473532e-16f,0.125f,0f,1f,0f,0.875f,-1.2246467991473532e-16f,0f,-1f,1.5308084989341915e-17f,0f,0f,0f,1f], start_interpolation: 0}
execute on passengers if entity @s[tag=aj.tyrogue.bone.finger_right2] run data merge entity @s {transformation: [-1f,0f,1.2246467991473532e-16f,-0.90625f,0f,1f,0f,0.9375f,-1.2246467991473532e-16f,0f,-1f,0.046874999999999896f,0f,0f,0f,1f], start_interpolation: 0}
execute on passengers if entity @s[tag=aj.tyrogue.bone.finger_right] run data merge entity @s {transformation: [-1f,0f,1.2246467991473532e-16f,-0.78125f,0f,1f,0f,0.9375f,-1.2246467991473532e-16f,0f,-1f,0.04687499999999991f,0f,0f,0f,1f], start_interpolation: 0}
execute on passengers if entity @s[tag=aj.tyrogue.bone.finger_right4] run data merge entity @s {transformation: [-1f,0f,1.2246467991473532e-16f,-0.90625f,0f,1f,0f,0.9375f,-1.2246467991473532e-16f,0f,-1f,-0.046875000000000104f,0f,0f,0f,1f], start_interpolation: 0}
execute on passengers if entity @s[tag=aj.tyrogue.bone.finger_right3] run data merge entity @s {transformation: [-1f,0f,1.2246467991473532e-16f,-0.78125f,0f,1f,0f,0.9375f,-1.2246467991473532e-16f,0f,-1f,-0.04687500000000009f,0f,0f,0f,1f], start_interpolation: 0}
execute on passengers if entity @s[tag=aj.tyrogue.bone.thumb_right2] run data merge entity @s {transformation: [-1f,0f,1.2246467991473532e-16f,-0.65625f,0f,1f,0f,0.9375f,-1.2246467991473532e-16f,0f,-1f,0.21874999999999992f,0f,0f,0f,1f], start_interpolation: 0}
execute on passengers if entity @s[tag=aj.tyrogue.bone.thumb_right] run data merge entity @s {transformation: [-1f,0f,1.2246467991473532e-16f,-0.6875f,0f,1f,0f,0.9375f,-1.2246467991473532e-16f,0f,-1f,0.09374999999999992f,0f,0f,0f,1f], start_interpolation: 0}
execute on passengers if entity @s[tag=aj.tyrogue.bone.hand_right] run data merge entity @s {transformation: [-1f,0f,1.2246467991473532e-16f,-0.625f,0f,1f,0f,0.875f,-1.2246467991473532e-16f,0f,-1f,-6.938893903907228e-17f,0f,0f,0f,1f], start_interpolation: 0}
execute on passengers if entity @s[tag=aj.tyrogue.bone.arm_right2] run data merge entity @s {transformation: [-1f,0f,1.2246467991473532e-16f,-0.375f,0f,1f,0f,0.875f,-1.2246467991473532e-16f,0f,-1f,-0.06250000000000004f,0f,0f,0f,1f], start_interpolation: 0}
execute on passengers if entity @s[tag=aj.tyrogue.bone.arm_right] run data merge entity @s {transformation: [-1f,0f,1.2246467991473532e-16f,-0.125f,0f,1f,0f,0.875f,-1.2246467991473532e-16f,0f,-1f,-1.5308084989341915e-17f,0f,0f,0f,1f], start_interpolation: 0}
execute on passengers if entity @s[tag=aj.tyrogue.bone.torso] run data merge entity @s {transformation: [-1f,0f,1.2246467991473532e-16f,0f,0f,1f,0f,0.5625f,-1.2246467991473532e-16f,0f,-1f,0f,0f,0f,0f,1f], start_interpolation: 0}
execute on passengers if entity @s[tag=aj.tyrogue.bone.foot_right] run data merge entity @s {transformation: [-1f,0f,1.2246467991473532e-16f,-0.15625f,0f,1f,0f,0.125f,-1.2246467991473532e-16f,0f,-1f,-0.03125000000000002f,0f,0f,0f,1f], start_interpolation: 0}
execute on passengers if entity @s[tag=aj.tyrogue.bone.leg_right3] run data merge entity @s {transformation: [-1f,0f,1.2246467991473532e-16f,-0.15625f,0f,1f,0f,0.265625f,-1.2246467991473532e-16f,0f,-1f,0.03124999999999998f,0f,0f,0f,1f], start_interpolation: 0}
execute on passengers if entity @s[tag=aj.tyrogue.bone.leg_right2] run data merge entity @s {transformation: [-1f,0f,1.2246467991473532e-16f,-0.15625f,0f,1f,0f,0.421875f,-1.2246467991473532e-16f,0f,-1f,-1.9135106236677395e-17f,0f,0f,0f,1f], start_interpolation: 0}
execute on passengers if entity @s[tag=aj.tyrogue.bone.leg_right] run data merge entity @s {transformation: [-1f,0f,1.2246467991473532e-16f,-0.125f,0f,1f,0f,0.515625f,-1.2246467991473532e-16f,0f,-1f,-1.5308084989341915e-17f,0f,0f,0f,1f], start_interpolation: 0}
execute on passengers if entity @s[tag=aj.tyrogue.bone.foot_left] run data merge entity @s {transformation: [-1f,0f,1.2246467991473532e-16f,0.15625f,0f,1f,0f,0.125f,-1.2246467991473532e-16f,0f,-1f,-0.03124999999999998f,0f,0f,0f,1f], start_interpolation: 0}
execute on passengers if entity @s[tag=aj.tyrogue.bone.leg_left3] run data merge entity @s {transformation: [-1f,0f,1.2246467991473532e-16f,0.15625f,0f,1f,0f,0.265625f,-1.2246467991473532e-16f,0f,-1f,0.03125000000000002f,0f,0f,0f,1f], start_interpolation: 0}
execute on passengers if entity @s[tag=aj.tyrogue.bone.leg_left2] run data merge entity @s {transformation: [-1f,0f,1.2246467991473532e-16f,0.15625f,0f,1f,0f,0.421875f,-1.2246467991473532e-16f,0f,-1f,1.9135106236677395e-17f,0f,0f,0f,1f], start_interpolation: 0}
execute on passengers if entity @s[tag=aj.tyrogue.bone.leg_left] run data merge entity @s {transformation: [-1f,0f,1.2246467991473532e-16f,0.125f,0f,1f,0f,0.515625f,-1.2246467991473532e-16f,0f,-1f,1.5308084989341915e-17f,0f,0f,0f,1f], start_interpolation: 0}