# This file was generated by Animated Java via MC-Build. It is not recommended to edit this file directly.
$data merge entity $(bone_head2) { transformation: [-0.9933059921718342f,0.06034192170103932f,-0.09849902741120736f,0.14213241867939252f,0.07959586304323757f,0.9755054496973852f,-0.20506978372521034f,1.007992024615187f,0.08371203319672921f,-0.211537160083348f,-0.9737783759161741f,-0.014609047383666668f,0f,0f,0f,1f], start_interpolation: 0, interpolation_duration: 1 }
$data merge entity $(bone_head1) { transformation: [-0.9933059921718342f,0.11319696192163622f,0.023014207073887585f,0.16280680585525964f,0.07959586304323757f,0.5263450762332131f,0.8465372757956118f,0.891683118642407f,0.08371203319672921f,0.8427023843189035f,-0.5318317280506165f,0.34129797433172093f,0f,0f,0f,1f], start_interpolation: 0, interpolation_duration: 1 }
$data merge entity $(bone_eyelid_right) { transformation: [-0.9806792318611346f,0.18769320698062508f,-0.055131699135645695f,0.0707570326928305f,0.16185974241592746f,0.9368052134258109f,0.31015708259407976f,0.7419307400713893f,0.10986204067513361f,0.2952410068936046f,-0.9490853912410336f,0.32470631609428374f,0f,0f,0f,1f], start_interpolation: 0, interpolation_duration: 1 }
$data merge entity $(bone_eye_right) { transformation: [-0.9806792318611346f,0.18769320698062508f,-0.055131699135645695f,0.07110160581242829f,0.16185974241592746f,0.9368052134258109f,0.31015708259407976f,0.7399922583051762f,0.10986204067513361f,0.2952410068936046f,-0.9490853912410336f,0.3306380997895402f,0f,0f,0f,1f], start_interpolation: 0, interpolation_duration: 1 }
$data merge entity $(bone_eyelid_left) { transformation: [-0.9983730941075497f,0.014548563933753575f,-0.055131699135645695f,0.28804271848041924f,-0.003273788908507519f,0.9506796865521594f,0.31015708259407976f,0.724519145030681f,0.05692492659899007f,0.3098329757539597f,-0.9490853912410336f,0.30639430883249924f,0f,0f,0f,1f], start_interpolation: 0, interpolation_duration: 1 }
$data merge entity $(bone_eye_left) { transformation: [-0.9983730941075497f,0.014548563933753575f,-0.055131699135645695f,0.288387291600017f,-0.003273788908507519f,0.9506796865521594f,0.31015708259407976f,0.722580663264468f,0.05692492659899007f,0.3098329757539597f,-0.9490853912410336f,0.31232609252775567f,0f,0f,0f,1f], start_interpolation: 0, interpolation_duration: 1 }
$data merge entity $(bone_mouth_closed) { transformation: [-0.9933059921718342f,0.10150715081187524f,-0.055131699135645695f,0.11757652917574396f,0.07959586304323757f,0.9473473928307037f,0.31015708259407976f,0.6241869053432426f,0.08371203319672921f,0.3036926334814921f,-0.9490853912410336f,0.058950120714764236f,0f,0f,0f,1f], start_interpolation: 0, interpolation_duration: 1 }
$data merge entity $(bone_mouth_open) { transformation: [-0.9933059921718342f,0.10150715081187524f,-0.055131699135645695f,0.11405985759327507f,0.07959586304323757f,0.9473473928307037f,0.31015708259407976f,0.5965207810834962f,0.08371203319672921f,0.3036926334814921f,-0.9490853912410336f,0.043527942223211144f,0f,0f,0f,1f], start_interpolation: 0, interpolation_duration: 1 }
$data merge entity $(bone_head) { transformation: [-0.9933059921718342f,0.10150715081187524f,-0.055131699135645695f,0.14544524296824268f,0.07959586304323757f,0.9473473928307037f,0.31015708259407976f,0.5920949285971819f,0.08371203319672921f,0.3036926334814921f,-0.9490853912410336f,0.04684372488106982f,0f,0f,0f,1f], start_interpolation: 0, interpolation_duration: 1 }
$data merge entity $(bone_neck) { transformation: [-0.4967396257575394f,0.30813878188411764f,-0.8113570331865203f,0.09601699334646724f,-0.017150732699253213f,0.93118356193203f,0.3641469845480754f,0.5307258060883695f,0.8677301404066466f,0.1948016044249886f,-0.4572709681833211f,0.017335131779638805f,0f,0f,0f,1f], start_interpolation: 0, interpolation_duration: 1 }
$data merge entity $(bone_finger_left2) { transformation: [0.005902167118723309f,-0.4326826339536821f,0.9015269838990987f,0.20174694997931863f,0.07410641940733098f,-0.8988744066683807f,-0.43189470897336907f,0.2568536442852807f,0.9972328730170934f,0.06935805152590556f,0.026759253775140046f,0.43681528969637423f,0f,0f,0f,1f], start_interpolation: 0, interpolation_duration: 1 }
$data merge entity $(bone_finger_left) { transformation: [0.4271341130757814f,-0.06932205095609204f,0.9015269838990987f,0.2551387141137913f,0.8980869293547741f,-0.08310732628909387f,-0.43189470897336907f,0.36911451045462745f,0.10486332423244385f,0.9941265641598751f,0.026759253775140046f,0.4499232052254297f,0f,0f,0f,1f], start_interpolation: 0, interpolation_duration: 1 }
$data merge entity $(bone_finger_left4) { transformation: [-0.03183106874532276f,-0.43155055366008277f,0.9015269838990987f,0.2859379486744672f,-0.004517644441897138f,-0.9019127181992199f,-0.43189470897336907f,0.2160172264563616f,0.9994830533586984f,-0.017820448540104797f,0.026759253775140046f,0.4447568445304335f,0f,0f,0f,1f], start_interpolation: 0, interpolation_duration: 1 }
$data merge entity $(bone_finger_left3) { transformation: [0.4297513614389169f,-0.05062474338888888f,0.9015269838990987f,0.33965686885433183f,0.9008572402560999f,-0.0438542248702713f,-0.43189470897336907f,0.3286243814883741f,0.061400325891324437f,0.9977544499113177f,0.026759253775140046f,0.4524318852668491f,0f,0f,0f,1f], start_interpolation: 0, interpolation_duration: 1 }
$data merge entity $(bone_thumb_left2) { transformation: [0.17751040262680196f,-0.900020458872705f,-0.39806184264487776f,0.1541350187762771f,0.3127175142911258f,-0.33193480162869105f,0.8899590123838856f,0.3438307609318079f,-0.9331118974779227f,-0.28245789257566617f,0.2225302804268745f,0.28827498453873424f,0f,0f,0f,1f], start_interpolation: 0, interpolation_duration: 1 }
$data merge entity $(bone_thumb_left) { transformation: [0.17751040262680196f,-0.7411316295710595f,0.6474673463647536f,0.22952123698978374f,0.3127175142911258f,0.6662950741914008f,0.6769480263386956f,0.41867684190254717f,-0.9331118974779227f,0.08230906242705657f,0.35003914784996387f,0.3611896248161648f,0f,0f,0f,1f], start_interpolation: 0, interpolation_duration: 1 }
$data merge entity $(bone_hand_left) { transformation: [0.17751040262680196f,0.3946380040759685f,0.9015269838990987f,0.30046891663975134f,0.3127175142911258f,0.8459756004852553f,-0.43189470897336907f,0.3448580825491607f,-0.9331118974779227f,0.3585890811535505f,0.026759253775140046f,0.28296699369311706f,0f,0f,0f,1f], start_interpolation: 0, interpolation_duration: 1 }
$data merge entity $(bone_arm_left2) { transformation: [0.17751040262680196f,0.3946380040759685f,0.9015269838990987f,0.4011919537901455f,0.3127175142911258f,0.8459756004852553f,-0.43189470897336907f,0.39604404181110664f,-0.9331118974779227f,0.3585890811535505f,0.026759253775140046f,0.05136147268458268f,0f,0f,0f,1f], start_interpolation: 0, interpolation_duration: 1 }
$data merge entity $(bone_arm_left) { transformation: [-0.5765082489387398f,0.3946380040759685f,0.7154712325764909f,0.21234793951942987f,0.5318614853398466f,0.8459756004852553f,-0.03806105352855888f,0.5313882289916032f,-0.6202915438063615f,0.3585890811535505f,-0.6976046671000504f,-0.06011112157325455f,0f,0f,0f,1f], start_interpolation: 0, interpolation_duration: 1 }
$data merge entity $(bone_finger_right2) { transformation: [-0.7977270778493963f,-0.21764406167331923f,0.5623722714396614f,0.389873790952391f,-0.19880555117975224f,-0.785532740718432f,-0.5860159264725692f,0.3352638957456766f,0.5693047181307902f,-0.5792835019899404f,0.583371890166378f,-0.07797253233953776f,0f,0f,0f,1f], start_interpolation: 0, interpolation_duration: 1 }
$data merge entity $(bone_finger_right) { transformation: [-0.3528614126770653f,0.7478143163642579f,0.5623722714396614f,0.43398146753702416f,-0.8081209549768743f,0.05937891922022015f,-0.5860159264725692f,0.4362790151177859f,-0.4716241571111589f,-0.6612472247147029f,0.583371890166378f,-0.019019512700642893f,0f,0f,0f,1f], start_interpolation: 0, interpolation_duration: 1 }
$data merge entity $(bone_finger_right4) { transformation: [-0.7757225556280345f,-0.28634235628999677f,0.5623722714396614f,0.44671557242736143f,-0.12958534656655768f,-0.799870596956609f,-0.5860159264725692f,0.2807448056592479f,0.6176262256779069f,-0.5274609778159625f,0.583371890166378f,-0.0268307072795487f,0f,0f,0f,1f], start_interpolation: 0, interpolation_duration: 1 }
$data merge entity $(bone_finger_right3) { transformation: [-0.3199063644570475f,0.7624941614830052f,0.5623722714396614f,0.4867038679844924f,-0.804761730813877f,0.09457214461959537f,-0.5860159264725692f,0.38134002201098255f,-0.5000184742560301f,-0.6400459070772813f,0.583371890166378f,0.03567160200245506f,0f,0f,0f,1f], start_interpolation: 0, interpolation_duration: 1 }
$data merge entity $(bone_thumb_right2) { transformation: [0.6310059075623359f,-0.7739242838325848f,-0.05359801783325563f,0.2438992658823984f,-0.15180146228250876f,-0.19093170512599827f,0.9697945143310367f,0.4098617240764854f,-0.760781085904694f,-0.6038098101818984f,-0.23796187185718445f,-0.007101246840621335f,0f,0f,0f,1f], start_interpolation: 0, interpolation_duration: 1 }
$data merge entity $(bone_thumb_right) { transformation: [0.6310059075623359f,-0.3756508364842514f,0.6787621038847967f,0.348463463479321f,-0.15180146228250876f,0.7982410948321075f,0.5828957630401261f,0.47797989876017277f,-0.760781085904694f,-0.4708477498830392f,0.44667050021212973f,0.024958156751373195f,0f,0f,0f,1f], start_interpolation: 0, interpolation_duration: 1 }
$data merge entity $(bone_hand_right) { transformation: [0.6310059075623359f,0.5343865388810137f,0.5623722714396614f,0.32834883602407994f,-0.15180146228250876f,0.7959532963493453f,-0.5860159264725692f,0.38278141602419213f,-0.760781085904694f,0.28441057837813016f,0.583371890166378f,0.10942242817488138f,0f,0f,0f,1f], start_interpolation: 0, interpolation_duration: 1 }
$data merge entity $(bone_arm_right2) { transformation: [0.6310059075623359f,0.5343865388810137f,0.5623722714396614f,0.20574562609847477f,-0.15180146228250876f,0.7959532963493453f,-0.5860159264725692f,0.38410578619028374f,-0.760781085904694f,0.28441057837813016f,0.583371890166378f,0.3360784427864535f,0f,0f,0f,1f], start_interpolation: 0, interpolation_duration: 1 }
$data merge entity $(bone_arm_right) { transformation: [0.6152280637137584f,0.5343865388810137f,-0.5795907665601576f,0.08816303308004503f,-0.5970163281447084f,0.7959532963493453f,0.10014915855473534f,0.5271005458167899f,0.5148455433891121f,0.28441057837813016f,0.8087302945722931f,0.15682141352840712f,0f,0f,0f,1f], start_interpolation: 0, interpolation_duration: 1 }
$data merge entity $(bone_torso) { transformation: [-0.4967396257575394f,0.012055290735720883f,-0.8678158872523234f,0.078125f,-0.017150732699253213f,0.9995719255914093f,0.02370269894676713f,0.171875f,0.8677301404066466f,0.026657748118690577f,-0.49632022716699953f,9.567553118338697e-18f,0f,0f,0f,1f], start_interpolation: 0, interpolation_duration: 1 }
$data merge entity $(bone_foot_right) { transformation: [-0.8915646443551873f,-0.04008186157310939f,-0.4511163146114789f,0.1923906130471047f,0.023252461653849144f,0.9907111832138982f,-0.1339801271903937f,-0.11556784588076642f,0.45229615072742435f,-0.12994150925609516f,-0.8823510617715623f,0.3194510336730818f,0f,0f,0f,1f], start_interpolation: 0, interpolation_duration: 1 }
$data merge entity $(bone_leg_right3) { transformation: [-0.8915646443551873f,-0.2024149080267203f,-0.4051428019159949f,0.18924744172559682f,0.023252461653849144f,0.8729271242690346f,-0.48729617148345183f,0.03764354168728233f,0.45229615072742435f,-0.4438766052901726f,-0.7735643162098594f,0.30537865581726753f,0f,0f,0f,1f], start_interpolation: 0, interpolation_duration: 1 }
$data merge entity $(bone_foot_left) { transformation: [-0.024404753357379072f,-0.11456670940439707f,-0.9931157420511542f,0.3151659701760271f,0.00829898329370203f,0.993354171900359f,-0.11479815348882207f,-0.046503996880580545f,0.9996677122373497f,-0.011043471573772327f,-0.023291776354390357f,-0.0670986404539868f,0f,0f,0f,1f], start_interpolation: 0, interpolation_duration: 1 }
$data merge entity $(bone_leg_left3) { transformation: [-0.024404753357379072f,-0.17894438790912692f,-0.9835564620546163f,0.3514741945047196f,0.00829898329370203f,0.9837793269246792f,-0.17919085577092442f,0.10303939945388524f,0.9996677122373497f,-0.012535627285991092f,-0.022523835345925676f,-0.06745372333195894f,0f,0f,0f,1f], start_interpolation: 0, interpolation_duration: 1 }