# This file was generated by Animated Java via MC-Build. It is not recommended to edit this file directly.
$data merge entity $(bone_head2) { transformation: [-0.9932459189184879f,0.0611921231433071f,-0.09858026484537076f,0.14280217809399728f,0.0802918244412015f,0.9758291524926488f,-0.2032503089133741f,1.0080340859012014f,0.08376017836461663f,-0.20979272916546238f,-0.9741515504836168f,-0.013692004498029153f,0f,0f,0f,1f], start_interpolation: 0, interpolation_duration: 1 }
$data merge entity $(bone_head1) { transformation: [-0.9932459189184879f,0.11356408615819127f,0.023785350256492192f,0.16334353513008562f,0.0802918244412015f,0.5247460420552557f,0.8474637539595704f,0.8910735938760861f,0.08376017836461663f,0.8436496842187514f,-0.5303201324086508f,0.34200912841604936f,0f,0f,0f,1f], start_interpolation: 0, interpolation_duration: 1 }
$data merge entity $(bone_eyelid_right) { transformation: [-0.9805516746213093f,0.1884619296207946f,-0.054776952096235565f,0.07116797186574869f,0.16249819942288216f,0.9361175488980737f,0.31189464540030765f,0.7414294063926783f,0.11005793284297073f,0.2969276607671793f,-0.9485363544375425f,0.32514195795586426f,0f,0f,0f,1f], start_interpolation: 0, interpolation_duration: 1 }
$data merge entity $(bone_eye_right) { transformation: [-0.9805516746213093f,0.1884619296207946f,-0.054776952096235565f,0.07151032781635017f,0.16249819942288216f,0.9361175488980737f,0.31189464540030765f,0.7394800648589264f,0.11005793284297073f,0.2969276607671793f,-0.9485363544375425f,0.3310703101710989f,0f,0f,0f,1f], start_interpolation: 0, interpolation_duration: 1 }
$data merge entity $(bone_eyelid_left) { transformation: [-0.9983809620344136f,0.015327758031952424f,-0.054776952096235565f,0.288440516629168f,-0.0025256198060058244f,0.9501133360895488f,0.31189464540030765f,0.7238655697961655f,0.056824958353129326f,0.3115280218832683f,-0.9485363544375425f,0.30681941893860437f,0f,0f,0f,1f], start_interpolation: 0, interpolation_duration: 1 }
$data merge entity $(bone_eye_left) { transformation: [-0.9983809620344136f,0.015327758031952424f,-0.054776952096235565f,0.2887828725797694f,-0.0025256198060058244f,0.9501133360895488f,0.31189464540030765f,0.7219162282624135f,0.056824958353129326f,0.3115280218832683f,-0.9485363544375425f,0.312747771153839f,0f,0f,0f,1f], start_interpolation: 0, interpolation_duration: 1 }
$data merge entity $(bone_mouth_closed) { transformation: [-0.9932459189184879f,0.102284065576295f,-0.054776952096235565f,0.11791270907019004f,0.0802918244412015f,0.9467179902687598f,0.31189464540030765f,0.6241195307337575f,0.08376017836461663f,0.3053899422552494f,-0.9485363544375425f,0.05918076930876809f,0f,0f,0f,1f], start_interpolation: 0, interpolation_duration: 1 }
$data merge entity $(bone_mouth_open) { transformation: [-0.9932459189184879f,0.102284065576295f,-0.054776952096235565f,0.11437397607032934f,0.0802918244412015f,0.9467179902687598f,0.31189464540030765f,0.5964839350716107f,0.08376017836461663f,0.3053899422552494f,-0.9485363544375425f,0.0437089813980569f,0f,0f,0f,1f], start_interpolation: 0, interpolation_duration: 1 }
$data merge entity $(bone_head) { transformation: [-0.9932459189184879f,0.102284065576295f,-0.054776952096235565f,0.14575526698713356f,0.0802918244412015f,0.9467179902687598f,0.31189464540030765f,0.5920254740240712f,0.08376017836461663f,0.3053899422552494f,-0.9485363544375425f,0.04701982803939728f,0f,0f,0f,1f], start_interpolation: 0, interpolation_duration: 1 }
$data merge entity $(bone_neck) { transformation: [-0.4967396257575394f,0.3088270444656635f,-0.8110953093249049f,0.09628142572185032f,-0.017150732699253213f,0.9308742763297078f,0.364936890483165f,0.5307051990134117f,0.8677301404066466f,0.19518949324757706f,-0.4571055295614084f,0.017486101080636304f,0f,0f,0f,1f], start_interpolation: 0, interpolation_duration: 1 }
$data merge entity $(bone_finger_left2) { transformation: [0.005971079113322633f,-0.43334327379296017f,0.9012091617780087f,0.2018157665103106f,0.07368176339965045f,-0.8985847738666685f,-0.4325695341991918f,0.25657850742875943f,0.9972639289358354f,0.06898558714244063f,0.02656397579565778f,0.43684924622017907f,0f,0f,0f,1f], start_interpolation: 0, interpolation_duration: 1 }
$data merge entity $(bone_finger_left) { transformation: [0.4277966827537327f,-0.06936890479371989f,0.9012091617780087f,0.2552903518545272f,0.8977279559842521f,-0.08347523660961095f,-0.4325695341991918f,0.368794501926791f,0.10523552284869633f,0.9940924705079945f,0.02656397579565778f,0.4500036865762661f,0f,0f,0f,1f], start_interpolation: 0, interpolation_duration: 1 }
$data merge entity $(bone_finger_left4) { transformation: [-0.03181999753754894f,-0.43221468564139326f,0.9012091617780087f,0.2859767927420854f,-0.004915441343303899f,-0.9015871763279992f,-0.4325695341991918f,0.21567677602418284f,0.9994815286903056f,-0.01819420228580524f,0.02656397579565778f,0.4447723521319621f,0f,0f,0f,1f], start_interpolation: 0, interpolation_duration: 1 }
$data merge entity $(bone_finger_left3) { transformation: [0.4304153442330413f,-0.050642651748606174f,0.9012091617780087f,0.3397787107712155f,0.9005146565714712f,-0.04423744322018808f,-0.4325695341991918f,0.32824110809561674f,0.0617736574011748f,0.9977366237846584f,0.02656397579565778f,0.45249405930710895f,0f,0f,0f,1f], start_interpolation: 0, interpolation_duration: 1 }
$data merge entity $(bone_thumb_left2) { transformation: [0.1777271456099887f,-0.9002686530995501f,-0.3974033391400313f,0.15426574280595545f,0.31297997922649584f,-0.331153046385913f,0.8901579592817848f,0.34365324698734284f,-0.9329826334486119f,-0.28258452207375145f,0.22291117865114243f,0.2883463100678197f,0f,0f,0f,1f], start_interpolation: 0, interpolation_duration: 1 }
$data merge entity $(bone_thumb_left) { transformation: [0.1777271456099887f,-0.7406397141295495f,0.6479705823318093f,0.22970809229711947f,0.31297997922649584f,0.666805765355983f,0.6763235940667779f,0.4184130718948621f,-0.9329826334486119f,0.08260075751541313f,0.3503148876955874f,0.3612913783250372f,0f,0f,0f,1f], start_interpolation: 0, interpolation_duration: 1 }
$data merge entity $(bone_hand_left) { transformation: [0.1777271456099887f,0.39526587057410345f,0.9012091617780087f,0.3006002809035506f,0.31297997922649584f,0.8455336366378786f,-0.4325695341991918f,0.3445750744754764f,-0.9329826334486119f,0.35893977332307403f,0.02656397579565778f,0.2830366006326498f,0f,0f,0f,1f], start_interpolation: 0, interpolation_duration: 1 }
$data merge entity $(bone_arm_left2) { transformation: [0.1777271456099887f,0.39526587057410345f,0.9012091617780087f,0.4013576399171733f,0.31297997922649584f,0.8455336366378786f,-0.4325695341991918f,0.3957844733946509f,-0.9329826334486119f,0.35893977332307403f,0.02656397579565778f,0.051451190757725467f,0f,0f,0f,1f], start_interpolation: 0, interpolation_duration: 1 }
$data merge entity $(bone_arm_left) { transformation: [-0.5761254633648996f,0.39526587057410345f,0.7154329752128253f,0.21261171312514685f,0.5325471406625977f,0.8455336366378786f,-0.038293763017167914f,0.5313146187488733f,-0.6200588628788966f,0.35893977332307403f,-0.6976311673743576f,-0.05996157700110132f,0f,0f,0f,1f], start_interpolation: 0, interpolation_duration: 1 }
$data merge entity $(bone_finger_right2) { transformation: [-0.7978650275044716f,-0.21823065493580956f,0.5619490894481249f,0.3899928716316379f,-0.19845812776264263f,-0.7851280895674052f,-0.5866755956209384f,0.3350671894800931f,0.5692326144997628f,-0.579611304426099f,0.5831165975782551f,-0.07790825148439005f,0f,0f,0f,1f], start_interpolation: 0, interpolation_duration: 1 }
$data merge entity $(bone_finger_right) { transformation: [-0.3534630489760441f,0.7478483094030383f,0.5619490894481249f,0.43417575275364345f,-0.8076621219428178f,0.05910704088043925f,-0.5866755956209384f,0.43602495472294533f,-0.4719595001558753f,-0.6612331387955205f,0.5831165975782551f,-0.018913313964905643f,0f,0f,0f,1f], start_interpolation: 0, interpolation_duration: 1 }
$data merge entity $(bone_finger_right4) { transformation: [-0.7758088553715411f,-0.2869387404926759f,0.5619490894481249f,0.4467952367173983f,-0.12927451287206163f,-0.799437205679413f,-0.5866755956209384f,0.280484718426755f,0.6175829662877621f,-0.5277938171104023f,0.5831165975782551f,-0.026790243405607816f,0f,0f,0f,1f], start_interpolation: 0, interpolation_duration: 1 }
$data merge entity $(bone_finger_right3) { transformation: [-0.32050594537605515f,0.7625543651747232f,0.5619490894481249f,0.48685847988940517f,-0.804315193653819f,0.09428051103190213f,-0.5866755956209384f,0.3810241176334824f,-0.5003528837093086f,-0.640017207106605f,0.5831165975782551f,0.03575386705805576f,0f,0f,0f,1f], start_interpolation: 0, interpolation_duration: 1 }
$data merge entity $(bone_thumb_right2) { transformation: [0.6308830273840073f,-0.7740733312541858f,-0.05288746165054836f,0.24407432566995718f,-0.15194532186477572f,-0.19010739855857706f,0.9699339133037364f,0.4097425884844367f,-0.760854273118184f,-0.603878841204375f,-0.2375523525950895f,-0.007003387072118762f,0f,0f,0f,1f], start_interpolation: 0, interpolation_duration: 1 }
$data merge entity $(bone_thumb_right) { transformation: [0.6308830273840073f,-0.3750698440449707f,0.6791974807424361f,0.34868910536851194f,-0.15194532186477572f,0.7987158002152351f,0.5822076001306975f,0.4777702471924996f,-0.760854273118184f,-0.4705057731575863f,0.4469061338840432f,0.02508318362844339f,0f,0f,0f,1f], start_interpolation: 0, interpolation_duration: 1 }
$data merge entity $(bone_hand_right) { transformation: [0.6308830273840073f,0.5349764729660677f,0.5619490894481249f,0.32850561373239395f,-0.15194532186477572f,0.7954397303795094f,-0.5866755956209384f,0.38255100957086574f,-0.760854273118184f,0.2847381405898403f,0.5831165975782551f,0.10950762293442629f,0f,0f,0f,1f], start_interpolation: 0, interpolation_duration: 1 }
$data merge entity $(bone_arm_right2) { transformation: [0.6308830273840073f,0.5349764729660677f,0.5619490894481249f,0.20590667497689993f,-0.15194532186477572f,0.7954397303795094f,-0.5866755956209384f,0.383870115310751f,-0.760854273118184f,0.2847381405898403f,0.5831165975782551f,0.3361659785626132f,0f,0f,0f,1f], start_interpolation: 0, interpolation_duration: 1 }
$data merge entity $(bone_arm_right) { transformation: [0.6147957823442507f,0.5349764729660677f,-0.5795052367187958f,0.088426806685762f,-0.5976860252415523f,0.7954397303795094f,0.10023497675326554f,0.52702693557406f,0.5145848435804106f,0.2847381405898403f,0.8087809530712041f,0.15697095810056033f,0f,0f,0f,1f], start_interpolation: 0, interpolation_duration: 1 }
$data merge entity $(bone_torso) { transformation: [-0.4967396257575394f,0.01279156083742411f,-0.8678053469376658f,0.078125f,-0.017150732699253213f,0.9995514559343249f,0.024550749631120597f,0.171875f,0.8677301404066466f,0.027078827724140494f,-0.4962974315054913f,9.567553118338697e-18f,0f,0f,0f,1f], start_interpolation: 0, interpolation_duration: 1 }
$data merge entity $(bone_foot_right) { transformation: [-0.891130019392906f,-0.03873964325112214f,-0.4520912834567542f,0.19251968213551274f,0.02245881515596683f,0.9913617329521982f,-0.12921886882264794f,-0.11556929517886803f,0.45319189109977415f,-0.12530424764863451f,-0.8825621538240921f,0.31940576126087583f,0f,0f,0f,1f], start_interpolation: 0, interpolation_duration: 1 }
$data merge entity $(bone_leg_right3) { transformation: [-0.891130019392906f,-0.20351310745276424f,-0.40554864521006495f,0.18924744172559682f,0.02245881515596683f,0.8728965420426462f,-0.487388170262452f,0.03764354168728233f,0.45319189109977415f,-0.44343437167737726f,-0.7732936491763658f,0.30537865581726753f,0f,0f,0f,1f], start_interpolation: 0, interpolation_duration: 1 }
$data merge entity $(bone_foot_left) { transformation: [-0.024404753357379072f,-0.1366781284393634f,-0.9903148475206655f,0.3162810039578812f,0.00829898329370203f,0.9905480584458579f,-0.13691483040720076f,-0.04677025348202679f,0.9996677122373497f,-0.011559979042134254f,-0.023039791550469205f,-0.06706920889071995f,0f,0f,0f,1f], start_interpolation: 0, interpolation_duration: 1 }
$data merge entity $(bone_leg_left3) { transformation: [-0.024404753357379072f,-0.18626872839931302f,-0.9821956876478684f,0.3514741945047196f,0.00829898329370203f,0.9824167096900416f,-0.18651685017199887f,0.10303939945388524f,0.9996677122373497f,-0.012703123328378758f,-0.022429796429028388f,-0.06745372333195894f,0f,0f,0f,1f], start_interpolation: 0, interpolation_duration: 1 }