# This file was generated by Animated Java via MC-Build. It is not recommended to edit this file directly.
$data merge entity $(bone_head2) { transformation: [-0.9930402897095008f,0.06424612959272295f,-0.09870875263129503f,0.14513141191992335f,0.0826300618112363f,0.9772745675169048f,-0.19520935574330883f,1.0082744739254088f,0.0839241079710853f,-0.20200706551257436f,-0.9757816813120938f,-0.00979602812253684f,0f,0f,0f,1f], start_interpolation: 0, interpolation_duration: 1 }
$data merge entity $(bone_head1) { transformation: [-0.9930402897095008f,0.11472935690603214f,0.02661123216988342f,0.16514187037925362f,0.0826300618112363f,0.5176843787510215f,0.8515721677475375f,0.8884315904397763f,0.0839241079710853f,0.847844359927633f,-0.523561539305706f,0.3449746933724825f,0f,0f,0f,1f], start_interpolation: 0, interpolation_duration: 1 }
$data merge entity $(bone_eyelid_right) { transformation: [-0.9801107150499093f,0.19114279000644657f,-0.05336122255821407f,0.0725227983491011f,0.16458623007763074f,0.9331555834075307f,0.31958102262835314f,0.73920572534303f,0.11087993106594599f,0.3044422621514666f,-0.9460552573200516f,0.3268758693112045f,0f,0f,0f,1f], start_interpolation: 0, interpolation_duration: 1 }
$data merge entity $(bone_eye_right) { transformation: [-0.9801107150499093f,0.19114279000644657f,-0.05336122255821407f,0.07285630599008994f,0.16458623007763074f,0.9331555834075307f,0.31958102262835314f,0.7372083439516027f,0.11087993106594599f,0.3044422621514666f,-0.9460552573200516f,0.3327887146694548f,0f,0f,0f,1f], start_interpolation: 0, interpolation_duration: 1 }
$data merge entity $(bone_eyelid_left) { transformation: [-0.9984122281502819f,0.01804446195048419f,-0.05336122255821407f,0.2897503617230544f,0.0000450288810629057f,0.9475589522284171f,0.31958102262835314f,0.721130399321822f,0.056329571739802735f,0.31907119808077583f,-0.9460552573200516f,0.3085174706925296f,0f,0f,0f,1f], start_interpolation: 0, interpolation_duration: 1 }
$data merge entity $(bone_eye_left) { transformation: [-0.9984122281502819f,0.01804446195048419f,-0.05336122255821407f,0.29008386936404323f,0.0000450288810629057f,0.9475589522284171f,0.31958102262835314f,0.7191330179303947f,0.056329571739802735f,0.31907119808077583f,-0.9460552573200516f,0.3144303160507799f,0f,0f,0f,1f], start_interpolation: 0, interpolation_duration: 1 }
$data merge entity $(bone_mouth_closed) { transformation: [-0.9930402897095008f,0.10499315663777277f,-0.05336122255821407f,0.11904524355535409f,0.0826300618112363f,0.9439492798137445f,0.31958102262835314f,0.6238704672466178f,0.0839241079710853f,0.31294759017821f,-0.9460552573200516f,0.06001359850121313f,0f,0f,0f,1f], start_interpolation: 0, interpolation_duration: 1 }
$data merge entity $(bone_mouth_open) { transformation: [-0.9930402897095008f,0.10499315663777277f,-0.05336122255821407f,0.11543069976943485f,0.0826300618112363f,0.9439492798137445f,0.31958102262835314f,0.5963694336438654f,0.0839241079710853f,0.31294759017821f,-0.9460552573200516f,0.04432114094989374f,0f,0f,0f,1f], start_interpolation: 0, interpolation_duration: 1 }
$data merge entity $(bone_head) { transformation: [-0.9930402897095008f,0.10499315663777277f,-0.05336122255821407f,0.1467967164638456f,0.0826300618112363f,0.9439492798137445f,0.31958102262835314f,0.5917898628208371f,0.0839241079710853f,0.31294759017821f,-0.9460552573200516f,0.04761135793404765f,0f,0f,0f,1f], start_interpolation: 0, interpolation_duration: 1 }
$data merge entity $(bone_neck) { transformation: [-0.4967396257575394f,0.3111382565519266f,-0.8102115338058867f,0.09716992973929237f,-0.01715073269925321f,0.9298300424435372f,0.36758936945636556f,0.5306340585504472f,0.8677301404066466f,0.19649192726236167f,-0.456547178230886f,0.017993326796960456f,0f,0f,0f,1f], start_interpolation: 0, interpolation_duration: 1 }
$data merge entity $(bone_finger_left2) { transformation: [0.00620036396361015f,-0.4355617667188207f,0.9001374910864994f,0.20204553733332767f,0.07225428094116373f,-0.897606777904009f,-0.43483490102159233f,0.2556534609769778f,0.9973669707647196f,0.06773492181705212f,0.025905713540522957f,0.4369624969229386f,0f,0f,0f,1f], start_interpolation: 0, interpolation_duration: 1 }
$data merge entity $(bone_finger_left) { transformation: [0.430021286683542f,-0.06952834054925117f,0.9001374910864994f,0.2557981981687704f,0.8965169382502428f,-0.08471120518533617f,-0.43483490102159233f,0.36771807825825814f,0.10648508078337168f,0.9939767711453393f,0.025905713540522957f,0.45027313202086006f,0f,0f,0f,1f], start_interpolation: 0, interpolation_duration: 1 }
$data merge entity $(bone_finger_left4) { transformation: [-0.031784939584073565f,-0.4344447200233172f,0.9001374910864994f,0.286105489792777f,-0.006252253835537548f,-0.900488488641314f,-0.43483490102159233f,0.21453246833122377f,0.9994751757485586f,-0.01944908913917496f,0.025905713540522957f,0.44482340856917246f,0f,0f,0f,1f], start_interpolation: 0, interpolation_duration: 1 }
$data merge entity $(bone_finger_left3) { transformation: [0.43264478532282163f,-0.05070489989607746f,0.9001374910864994f,0.3401860879581297f,0.899358703650081f,-0.04552505927934347f,-0.43483490102159233f,0.3269523062874839f,0.0630270727688933f,0.9976755394937475f,0.025905713540522957f,0.4527017926652841f,0f,0f,0f,1f], start_interpolation: 0, interpolation_duration: 1 }
$data merge entity $(bone_thumb_left2) { transformation: [0.1784569185887348f,-0.9010984824206427f,-0.39518938901117756f,0.15470407823987464f,0.313860398740752f,-0.3285243048682224f,0.8908217729788306f,0.3430558034674951f,-0.932547467054685f,-0.28300760783071804f,0.22419169386894067f,0.2885854304759138f,0f,0f,0f,1f], start_interpolation: 0, interpolation_duration: 1 }
$data merge entity $(bone_thumb_left) { transformation: [0.1784569185887348f,-0.7389838949128803f,0.6496583188624636f,0.23033458939178464f,0.313860398740752f,0.6685183390495293f,0.6742216849499536f,0.4175253766255908f,-0.932547467054685f,0.08358249466154613f,0.3512395027271889f,0.36163247666227133f,0f,0f,0f,1f], start_interpolation: 0, interpolation_duration: 1 }
$data merge entity $(bone_hand_left) { transformation: [0.1784569185887348f,0.39737340795316856f,0.9001374910864994f,0.30104019859586684f,0.313860398740752f,0.844043991125959f,-0.43483490102159233f,0.3436231301307411f,-0.932547467054685f,0.36011680840506f,0.025905713540522957f,0.2832696200904613f,0f,0f,0f,1f], start_interpolation: 0, interpolation_duration: 1 }
$data merge entity $(bone_arm_left2) { transformation: [0.1784569185887348f,0.39737340795316856f,0.9001374910864994f,0.40191302143595675f,0.313860398740752f,0.844043991125959f,-0.43483490102159233f,0.3949110485020796f,-0.932547467054685f,0.36011680840506f,0.025905713540522957f,0.0517518604230727f,0f,0f,0f,1f], start_interpolation: 0, interpolation_duration: 1 }
$data merge entity $(bone_arm_left) { transformation: [-0.5748354269581933f,0.39737340795316856f,0.7153031571057658f,0.21349771737729809f,0.5348484350836138f,0.844043991125959f,-0.03907547226549249f,0.5310653742895763f,-0.6192748851700675f,0.36011680840506f,-0.6977209333979828f,-0.05945930253207024f,0f,0f,0f,1f], start_interpolation: 0, interpolation_duration: 1 }
$data merge entity $(bone_finger_right2) { transformation: [-0.7983267275884292f,-0.22019969646595153f,0.5605234425911668f,0.3903919764596091f,-0.1972896787434301f,-0.7837641230039815f,-0.588889278347903f,0.3344053365990098f,0.5689914047498997f,-0.5807115404123658f,0.5822567201438154f,-0.07769286203053614f,0f,0f,0f,1f], start_interpolation: 0, interpolation_duration: 1 }
$data merge entity $(bone_finger_right) { transformation: [-0.35548234971913883f,0.7479610747518264f,0.5605234425911668f,0.43482727017450146f,-0.8061159780534256f,0.058193193535456406f,-0.588889278347903f,0.43516983385568797f,-0.4730849067187931f,-0.661186647537772f,0.5822567201438154f,-0.018557248690687006f,0f,0f,0f,1f], start_interpolation: 0, interpolation_duration: 1 }
$data merge entity $(bone_finger_right4) { transformation: [-0.7760971852702275f,-0.2889405290390697f,0.5605234425911668f,0.44706154223781674f,-0.12822938767304976f,-0.7979765923784236f,-0.588889278347903f,0.2796101661590539f,0.6174385662984013f,-0.5289108891814783f,0.5822567201438154f,-0.02665508007900025f,0f,0f,0f,1f], start_interpolation: 0, interpolation_duration: 1 }
$data merge entity $(bone_finger_right3) { transformation: [-0.3225184054368526f,0.7627551038572061f,0.5605234425911668f,0.4873763429174233f,-0.8028103828121457f,0.09330009161786576f,-0.588889278347903f,0.37996146401057207f,-0.5014751912143673f,-0.6399216705534209f,0.5822567201438154f,0.03602931882279567f,0f,0f,0f,1f], start_interpolation: 0, interpolation_duration: 1 }
$data merge entity $(bone_thumb_right2) { transformation: [0.6304693168566097f,-0.7745697518081553f,-0.05049891173295795f,0.24466196477466468f,-0.15242785913153675f,-0.18733638009794962f,0.9703972529085049f,0.4093409986321666f,-0.7611006426635946f,-0.6041082521168287f,-0.2361758485989073f,-0.006674925427801154f,0f,0f,0f,1f], start_interpolation: 0, interpolation_duration: 1 }
$data merge entity $(bone_thumb_right) { transformation: [0.6304693168566097f,-0.3731148790465437f,0.6806568353703968f,0.34944623534773334f,-0.15242785913153675f,0.8003068115121611f,0.5798920203001715f,0.4770641305718275f,-0.7611006426635946f,-0.46935519010800486f,0.44769578650657693f,0.02550265280228363f,0f,0f,0f,1f], start_interpolation: 0, interpolation_duration: 1 }
$data merge entity $(bone_hand_right) { transformation: [0.6304693168566097f,0.5369561535247616f,0.5605234425911668f,0.3290312161918195f,-0.15242785913153675f,0.7937097489683885f,-0.588889278347903f,0.3817756426119084f,-0.7611006426635946f,0.2858372326769739f,0.5822567201438154f,0.10979318343993011f,0f,0f,0f,1f], start_interpolation: 0, interpolation_duration: 1 }
$data merge entity $(bone_arm_right2) { transformation: [0.6304693168566097f,0.5369561535247616f,0.5605234425911668f,0.206446602139615f,-0.15242785913153675f,0.7937097489683885f,-0.588889278347903f,0.3830770274980486f,-0.7611006426635946f,0.2858372326769739f,0.5822567201438154f,0.3364593891148172f,0f,0f,0f,1f], start_interpolation: 0, interpolation_duration: 1 }
$data merge entity $(bone_arm_right) { transformation: [0.6133395032557f,0.5369561535247616f,-0.5792173537955717f,0.08931281093791324f,-0.5999333401312996f,0.7937097489683885f,0.10052274265776831f,0.526777691114763f,0.5137067657184924f,0.2858372326769739f,0.8089514418496428f,0.15747323256959142f,0f,0f,0f,1f], start_interpolation: 0, interpolation_duration: 1 }
$data merge entity $(bone_torso) { transformation: [-0.4967396257575394f,0.015265658809639038f,-0.867765350693013f,0.078125f,-0.01715073269925321f,0.9994773982956983f,0.027400413572440552f,0.171875f,0.8677301404066466f,0.028493682758985495f,-0.49621821154880225f,9.567553118338697e-18f,0f,0f,0f,1f], start_interpolation: 0, interpolation_duration: 1 }
$data merge entity $(bone_foot_right) { transformation: [-0.8850855596908579f,-0.03813166619904648f,-0.4638636955611053f,0.1942665958644815f,0.01169818380350314f,0.9945008205997752f,-0.10407338911591785f,-0.1155781512208698f,0.4652813176159351f,-0.09754021662503248f,-0.879772244173639f,0.31877871324587764f,0f,0f,0f,1f], start_interpolation: 0, interpolation_duration: 1 }
$data merge entity $(bone_leg_right3) { transformation: [-0.8850855596908579f,-0.21836811694427607f,-0.4110217969024662f,0.18924744172559682f,0.01169818380350314f,0.8723880724142014f,-0.4886739235984807f,0.03764354168728233f,0.4652813176159351f,-0.4373264417018998f,-0.7695835749715129f,0.30537865581726753f,0f,0f,0f,1f], start_interpolation: 0, interpolation_duration: 1 }
$data merge entity $(bone_foot_left) { transformation: [-0.024404753357379072f,-0.2048166074528635f,-0.9784960732292521f,0.32189486472178647f,0.00829898329370203f,0.9787123617400548f,-0.20506886612427427f,-0.04797855073897986f,0.9996677122373497f,-0.013125177663722966f,-0.022185464192560022f,-0.06692212749129575f,0f,0f,0f,1f], start_interpolation: 0, interpolation_duration: 1 }
$data merge entity $(bone_leg_left3) { transformation: [-0.024404753357379072f,-0.22279571389882458f,-0.974559632799286f,0.3514741945047196f,0.00829898329370203f,0.974771240649074f,-0.2230519116254252f,0.10303939945388524f,0.9996677122373497f,-0.013531381000428139f,-0.021940073800352348f,-0.06745372333195894f,0f,0f,0f,1f], start_interpolation: 0, interpolation_duration: 1 }