# This file was generated by Animated Java via MC-Build. It is not recommended to edit this file directly.
$data merge entity $(bone_head2) { transformation: [-0.9930049361508626f,0.06499201542751042f,-0.09857603517433502f,0.14561744256257783f,0.08302548570302243f,0.9779590530568578f,-0.19157990308983636f,1.0084419322921432f,0.08395216199597672f,-0.1984241126345388f,-0.9765141606865707f,-0.00817723618616932f,0f,0f,0f,1f], start_interpolation: 0, interpolation_duration: 1 }
$data merge entity $(bone_head1) { transformation: [-0.9930049361508626f,0.11485975127119596f,0.027357527628433215f,0.16544494616941557f,0.08302548570302243f,0.5145079167175406f,0.8534567196752004f,0.887292008442867f,0.08395216199597672f,0.8497581074475817f,-0.5204451876262342f,0.34615956129898534f,0f,0f,0f,1f], start_interpolation: 0, interpolation_duration: 1 }
$data merge entity $(bone_eyelid_right) { transformation: [-0.9800249807844601f,0.19171710055064112f,-0.052873342951567315f,0.07272557213474122f,0.16487364978506572f,0.931903825351516f,0.32306646359806973f,0.7381986502347884f,0.11121023624185948f,0.3078957837510394f,-0.944898126627079f,0.32749121999999153f,0f,0f,0f,1f], start_interpolation: 0, interpolation_duration: 1 }
$data merge entity $(bone_eye_right) { transformation: [-0.9800249807844601f,0.19171710055064112f,-0.052873342951567315f,0.07305603052818851f,0.16487364978506572f,0.931903825351516f,0.32306646359806973f,0.7361794848373004f,0.11121023624185948f,0.3078957837510394f,-0.944898126627079f,0.33339683329141073f,0f,0f,0f,1f], start_interpolation: 0, interpolation_duration: 1 }
$data merge entity $(bone_eyelid_left) { transformation: [-0.9984275243603831f,0.018624935026002487f,-0.052873342951567315f,0.2899454019177424f,0.0005454475426202032f,0.9463761210983799f,0.32306646359806973f,0.7200368252372522f,0.0560551611056032f,0.32252960981910156f,-0.944898126627079f,0.3091266845633716f,0f,0f,0f,1f], start_interpolation: 0, interpolation_duration: 1 }
$data merge entity $(bone_eye_left) { transformation: [-0.9984275243603831f,0.018624935026002487f,-0.052873342951567315f,0.2902758603111897f,0.0005454475426202032f,0.9463761210983799f,0.32306646359806973f,0.7180176598397643f,0.0560551611056032f,0.32252960981910156f,-0.944898126627079f,0.3150322978547908f,0f,0f,0f,1f], start_interpolation: 0, interpolation_duration: 1 }
$data merge entity $(bone_mouth_closed) { transformation: [-0.9930049361508626f,0.10557275399054168f,-0.052873342951567315f,0.119240560181748f,0.08302548570302243f,0.9427273353531308f,0.32306646359806973f,0.6238044488398663f,0.08395216199597672f,0.31641675807838987f,-0.944898126627079f,0.06022290196696147f,0f,0f,0f,1f], start_interpolation: 0, interpolation_duration: 1 }
$data merge entity $(bone_mouth_open) { transformation: [-0.9930049361508626f,0.10557275399054168f,-0.052873342951567315f,0.11561095322609628f,0.08302548570302243f,0.9427273353531308f,0.32306646359806973f,0.5963633850075689f,0.08395216199597672f,0.31641675807838987f,-0.944898126627079f,0.04442926498559255f,0f,0f,0f,1f], start_interpolation: 0, interpolation_duration: 1 }
$data merge entity $(bone_head) { transformation: [-0.9930049361508626f,0.10557275399054168f,-0.052873342951567315f,0.14697281587425803f,0.08302548570302243f,0.9427273353531308f,0.32306646359806973f,0.5917496731818616f,0.08395216199597672f,0.31641675807838987f,-0.944898126627079f,0.04771137321463752f,0f,0f,0f,1f], start_interpolation: 0, interpolation_duration: 1 }
$data merge entity $(bone_neck) { transformation: [-0.4967396257575394f,0.31152893341608373f,-0.8100613975785398f,0.09732019927679712f,-0.017150732699253213f,0.929652669557446f,0.36803772408897567f,0.5306217372504666f,0.8677301404066466f,0.1967120678284673f,-0.4564523696953604f,0.01807910636255849f,0f,0f,0f,1f], start_interpolation: 0, interpolation_duration: 1 }
$data merge entity $(bone_finger_left2) { transformation: [0.006238797271591517f,-0.435936776712175f,0.8999556678628133f,0.20208417579274973f,0.0720127613551536f,-0.8974406386474997f,-0.4352177182812911f,0.2554969235185779f,0.9973841985968137f,0.06752352785338395f,0.0257940608594992f,0.4369815218720535f,0f,0f,0f,1f], start_interpolation: 0, interpolation_duration: 1 }
$data merge entity $(bone_finger_left) { transformation: [0.43039727330634703f,-0.06955561093153007f,0.8999556678628133f,0.2558838349560431f,0.8963113835863712f,-0.08492020576701145f,-0.4352177182812911f,0.3675358464668743f,0.10669625477938038f,0.9939570290713925f,0.0257940608594992f,0.45031855371947604f,0f,0f,0f,1f], start_interpolation: 0, interpolation_duration: 1 }
$data merge entity $(bone_finger_left4) { transformation: [-0.03177933680094101f,-0.4348216526739315f,0.8999556678628133f,0.28612697836730167f,-0.0064783743763055235f,-0.9003019317759277f,-0.4352177182812911f,0.21433887773974908f,0.9994739138256346f,-0.01966118018949191f,0.0257940608594992f,0.4448318835611515f,0f,0f,0f,1f], start_interpolation: 0, interpolation_duration: 1 }
$data merge entity $(bone_finger_left3) { transformation: [0.43302160360704184f,-0.050715744016850764f,0.8999556678628133f,0.3402546788181819f,0.8991624611060338f,-0.04574282710728389f,-0.4352177182812911f,0.3267341853780033f,0.06323890691122103f,0.997665027490214f,0.0257940608594992f,0.4527367469250541f,0f,0f,0f,1f], start_interpolation: 0, interpolation_duration: 1 }
$data merge entity $(bone_thumb_left2) { transformation: [0.17858057225395652f,-0.9012382014946017f,-0.3948147456468976f,0.1547780747473965f,0.31400907633848196f,-0.32807940866223506f,0.8909333317307706f,0.3429546092011362f,-0.9324737418235978f,-0.28307879782600026f,0.22440836666863334f,0.28862579030670665f,0f,0f,0f,1f], start_interpolation: 0, interpolation_duration: 1 }
$data merge entity $(bone_thumb_left) { transformation: [0.17858057225395652f,-0.7387034005466403f,0.6499432784745747f,0.2304403416737822f,0.31400907633848196f,0.6688074668763542f,0.6738656188198711f,0.41737502791804254f,-0.9324737418235978f,0.08374878071508715f,0.35139559265624487f,0.3616900438207247f,0f,0f,0f,1f], start_interpolation: 0, interpolation_duration: 1 }
$data merge entity $(bone_hand_left) { transformation: [0.17858057225395652f,0.39772952504817416f,0.8999556678628133f,0.3011143759862823f,0.31400907633848196f,0.8437913472364361f,-0.4352177182812911f,0.34346197489804936f,-0.9324737418235978f,0.3603156771969182f,0.0257940608594992f,0.28330889833752054f,0f,0f,0f,1f], start_interpolation: 0, interpolation_duration: 1 }
$data merge entity $(bone_arm_left2) { transformation: [0.17858057225395652f,0.39772952504817416f,0.8999556678628133f,0.4020067482911973f,0.31400907633848196f,0.8437913472364361f,-0.4352177182812911f,0.39476313659008916f,-0.9324737418235978f,0.3603156771969182f,0.0257940608594992f,0.051802591685339815f,0f,0f,0f,1f], start_interpolation: 0, interpolation_duration: 1 }
$data merge entity $(bone_arm_left) { transformation: [-0.5746166592441618f,0.39772952504817416f,0.7152810075935414f,0.21364752050556052f,0.5352372582357948f,0.8437913472364361f,-0.039207648809243635f,0.5310229291996156f,-0.6191419645891457f,0.3603156771969182f,-0.6977362255543411f,-0.059374385364800296f,0f,0f,0f,1f], start_interpolation: 0, interpolation_duration: 1 }
$data merge entity $(bone_finger_right2) { transformation: [-0.7984045364035424f,-0.22053241828984904f,0.5602817583443851f,0.39045932150342805f,-0.1970918967239634f,-0.7835327814968792f,-0.5892632387698338f,0.3342932608412398f,0.5689507715927584f,-0.5808974374216114f,0.5821109745581251f,-0.07765652496094341f,0f,0f,0f,1f], start_interpolation: 0, interpolation_duration: 1 }
$data merge entity $(bone_finger_right) { transformation: [-0.3558235281098603f,0.7479799249378127f,0.5602817583443851f,0.4349372625171606f,-0.8058538066563822f,0.05803858830040623f,-0.5892632387698338f,0.43502498667328754f,-0.4732750354084503f,-0.6611789123664791f,0.5821109745581251f,-0.018497145534887127f,0f,0f,0f,1f], start_interpolation: 0, interpolation_duration: 1 }
$data merge entity $(bone_finger_right4) { transformation: [-0.7761456993816179f,-0.2892787662410493f,0.5602817583443851f,0.4471063727534741f,-0.12805252101475903f,-0.7977288933567912f,-0.5892632387698338f,0.2794621574473886f,0.6174142897546058f,-0.5290996202094707f,0.5821109745581251f,-0.02663234186258892f,0f,0f,0f,1f], start_interpolation: 0, interpolation_duration: 1 }
$data merge entity $(bone_finger_right3) { transformation: [-0.3228584368677806f,0.7627888180943778f,0.5602817583443851f,0.4874636773619467f,-0.8025552047298162f,0.0931341977770179f,-0.5892632387698338f,0.37978155803861563f,-0.5016648015402081f,-0.6399056494473336f,0.5821109745581251f,0.03607575832993709f,0f,0f,0f,1f], start_interpolation: 0, interpolation_duration: 1 }
$data merge entity $(bone_thumb_right2) { transformation: [0.630399221272788f,-0.7746530412890454f,-0.05009478456182104f,0.24476126333590728f,-0.15250934137031524f,-0.18686752737980034f,0.9704748466630921f,0.40927288266585976f,-0.7611423799877756f,-0.6041466650016306f,-0.23594296885890137f,-0.00661942742309124f,0f,0f,0f,1f], start_interpolation: 0, interpolation_duration: 1 }
$data merge entity $(bone_thumb_right) { transformation: [0.630399221272788f,-0.3727838151000243f,0.6809031127980939f,0.34957412810044364f,-0.15250934137031524f,0.8005752810569255f,0.5794998879684251f,0.47694445174409056f,-0.7611423799877756f,-0.4691603633727978f,0.44782901963411137f,0.0255735006565547f,0f,0f,0f,1f], start_interpolation: 0, interpolation_duration: 1 }
$data merge entity $(bone_hand_right) { transformation: [0.630399221272788f,0.5372905853308682f,0.5602817583443851f,0.32911993003250123f,-0.15250934137031524f,0.7934164960657665f,-0.5892632387698338f,0.38164432594095293f,-0.7611423799877756f,0.28602288489828f,0.5821109745581251f,0.10984137296447241f,0f,0f,0f,1f], start_interpolation: 0, interpolation_duration: 1 }
$data merge entity $(bone_arm_right2) { transformation: [0.630399221272788f,0.5372905853308682f,0.5602817583443851f,0.20653773461082828f,-0.15250934137031524f,0.7934164960657665f,-0.5892632387698338f,0.38294270886041715f,-0.7611423799877756f,0.28602288489828f,0.5821109745581251f,0.3365089038712991f,0f,0f,0f,1f], start_interpolation: 0, interpolation_duration: 1 }
$data merge entity $(bone_arm_right) { transformation: [0.6130926294577723f,0.5372905853308682f,-0.5791685891166476f,0.08946261406617567f,-0.6003129791659647f,0.7934164960657665f,0.10057132203369647f,0.5267352460248023f,0.5135579370912682f,0.28602288489828f,0.8089803177859315f,0.15755814973686136f,0f,0f,0f,1f], start_interpolation: 0, interpolation_duration: 1 }
$data merge entity $(bone_torso) { transformation: [-0.4967396257575394f,0.01568412458999481f,-0.8677578881451354f,0.078125f,-0.017150732699253213f,0.9994640686192168f,0.027882394212122477f,0.171875f,0.8677301404066466f,0.028732973653399576f,-0.49620441317555264f,9.567553118338697e-18f,0f,0f,0f,1f], start_interpolation: 0, interpolation_duration: 1 }
$data merge entity $(bone_foot_right) { transformation: [-0.8793268334347999f,-0.04235836056984252f,-0.4743312021060427f,0.19585456673686316f,0.001885851466750063f,0.9957187956923279f,-0.09241495262816546f,-0.1155686450799341f,0.47621503920579167f,-0.08215746584976874f,-0.8754823740312369f,0.31818538647318056f,0f,0f,0f,1f], start_interpolation: 0, interpolation_duration: 1 }
$data merge entity $(bone_leg_right3) { transformation: [-0.8793268334347999f,-0.23185716887830699f,-0.41596462979592935f,0.18924744172559682f,0.001885851466750063f,0.8717715952577789f,-0.4899088989454601f,0.03764354168728233f,0.47621503920579167f,-0.43157448828845735f,-0.7661349081544206f,0.30537865581726753f,0f,0f,0f,1f], start_interpolation: 0, interpolation_duration: 1 }
$data merge entity $(bone_foot_left) { transformation: [-0.024404753357379072f,-0.18951081036309209f,-0.9815752955169003f,0.32315852665730443f,0.00829898329370203f,0.9817954970846323f,-0.18975966057260685f,-0.04822045963423785f,0.9996677122373497f,-0.012777114692459892f,-0.022387729904556664f,-0.06688926961728255f,0f,0f,0f,1f], start_interpolation: 0, interpolation_duration: 1 }
$data merge entity $(bone_leg_left3) { transformation: [-0.024404753357379072f,-0.23093846834997273f,-0.9726622393460819f,0.3514741945047196f,0.00829898329370203f,0.972871697133755f,-0.2311964268590207f,0.10303939945388524f,0.9996677122373497f,-0.013714399449349737f,-0.021826139326214584f,-0.06745372333195894f,0f,0f,0f,1f], start_interpolation: 0, interpolation_duration: 1 }