# This file was generated by Animated Java via MC-Build. It is not recommended to edit this file directly.
$data merge entity $(bone_head2) { transformation: [-0.9930207097744068f,0.06500275893571236f,-0.09840991459136408f,0.14553880692486088f,0.08284929182603984f,0.9783225761458072f,-0.18979181185539856f,1.0085615669562444f,0.08393964976730345f,-0.19662039145057414f,-0.976880011497198f,-0.007458126775093082f,0f,0f,0f,1f], start_interpolation: 0, interpolation_duration: 1 }
$data merge entity $(bone_head1) { transformation: [-0.9930207097744068f,0.11470732348143256f,0.027424439809409f,0.16531034688205665f,0.08284929182603984f,0.5129519927982321f,0.8544098828596532f,0.8867627828653f,0.08393964976730345f,0.850718803732496f,-0.5188753724863939f,0.3466592865240676f,0f,0f,0f,1f], start_interpolation: 0, interpolation_duration: 1 }
$data merge entity $(bone_eyelid_right) { transformation: [-0.9800471226558084f,0.19164499983644212f,-0.05272410655252202f,0.07259744074726371f,0.16464764356012868f,0.931342160399877f,0.3247967575758518f,0.7377018246941712f,0.11134985785428005f,0.3096352278074637f,-0.9443131021310951f,0.32770232117762854f,0f,0f,0f,1f], start_interpolation: 0, interpolation_duration: 1 }
$data merge entity $(bone_eye_right) { transformation: [-0.9800471226558084f,0.19164499983644212f,-0.05272410655252202f,0.07292696641321697f,0.16464764356012868f,0.931342160399877f,0.3247967575758518f,0.7356718449593221f,0.11134985785428005f,0.3096352278074637f,-0.9443131021310951f,0.3336042780659479f,0f,0f,0f,1f], start_interpolation: 0, interpolation_duration: 1 }
$data merge entity $(bone_eyelid_left) { transformation: [-0.9984368096893238f,0.018550084788051854f,-0.05272410655252202f,0.2898207210104152f,0.0004204069553846723f,0.9457837435303089f,0.3247967575758518f,0.7195785421072249f,0.05589061026145138f,0.324266872850359f,-0.9443131021310951f,0.3093405227910309f,0f,0f,0f,1f], start_interpolation: 0, interpolation_duration: 1 }
$data merge entity $(bone_eye_left) { transformation: [-0.9984368096893238f,0.018550084788051854f,-0.05272410655252202f,0.29015024667636846f,0.0004204069553846723f,0.9457837435303089f,0.3247967575758518f,0.7175485623723759f,0.05589061026145138f,0.324266872850359f,-0.9443131021310951f,0.31524247967935026f,0f,0f,0f,1f], start_interpolation: 0, interpolation_duration: 1 }
$data merge entity $(bone_mouth_closed) { transformation: [-0.9930207097744068f,0.10549899785008486f,-0.05272410655252202f,0.11915929639249209f,0.08284929182603984f,0.9421481099658042f,0.3247967575758518f,0.6237987621100269f,0.08393964976730345f,0.3181617518503611f,-0.9443131021310951f,0.06023247767592563f,0f,0f,0f,1f], start_interpolation: 0, interpolation_duration: 1 }
$data merge entity $(bone_mouth_open) { transformation: [-0.9930207097744068f,0.10549899785008486f,-0.05272410655252202f,0.11553292704372367f,0.08284929182603984f,0.9421481099658042f,0.3247967575758518f,0.5963866134084447f,0.08393964976730345f,0.3181617518503611f,-0.9443131021310951f,0.0443879660422825f,0f,0f,0f,1f], start_interpolation: 0, interpolation_duration: 1 }
$data merge entity $(bone_head) { transformation: [-0.9930207097744068f,0.10549899785008486f,-0.05272410655252202f,0.14689434989012715f,0.08284929182603984f,0.9421481099658042f,0.3247967575758518f,0.5917675933040318f,0.08393964976730345f,0.3181617518503611f,-0.9443131021310951f,0.04766680887537361f,0f,0f,0f,1f], start_interpolation: 0, interpolation_duration: 1 }
$data merge entity $(bone_neck) { transformation: [-0.4967396257575394f,0.3113548610479345f,-0.8101283199000524f,0.09725324137388063f,-0.017150732699253206f,0.9297317316699575f,0.36783795276434017f,0.530627237791202f,0.8677301404066466f,0.19661398126227866f,-0.4564946284481975f,0.018040884450251916f,0f,0f,0f,1f], start_interpolation: 0, interpolation_duration: 1 }
$data merge entity $(bone_finger_left2) { transformation: [0.0062216842783283655f,-0.43576968475753913f,0.9000367061909504f,0.20206696699196372f,0.07212038232090416f,-0.8975146941097284f,-0.4350471518249568f,0.2555666774473062f,0.997376529249925f,0.06761771737817912f,0.02584382320666223f,0.4369730492353045f,0f,0f,0f,1f], start_interpolation: 0, interpolation_duration: 1 }
$data merge entity $(bone_finger_left) { transformation: [0.4302297482138611f,-0.06954344872654754f,0.9000367061909504f,0.25584568551869635f,0.8964030021643083f,-0.08482707940161596f,-0.4350471518249568f,0.36761705271784473f,0.10660216443699844f,0.9939658320784519f,0.02584382320666223f,0.4502983197899293f,0f,0f,0f,1f], start_interpolation: 0, interpolation_duration: 1 }
$data merge entity $(bone_finger_left4) { transformation: [-0.031781821650684786f,-0.43465370505899104f,0.9000367061909504f,0.28611741329242385f,-0.006377617299636415f,-0.90038508521997f,-0.4350471518249568f,0.21442514093820755f,0.9994744828209186f,-0.019566680656650716f,0.02584382320666223f,0.4448281129480261f,0f,0f,0f,1f], start_interpolation: 0, interpolation_duration: 1 }
$data merge entity $(bone_finger_left3) { transformation: [0.4328537074533931f,-0.050710900729494995f,0.9000367061909504f,0.34022412672409796f,0.8992499303683796f,-0.045645793031312276f,-0.4350471518249568f,0.326831382234255f,0.06314452214022143f,0.9976697179556695f,0.02584382320666223f,0.4527211782155538f,0f,0f,0f,1f], start_interpolation: 0, interpolation_duration: 1 }
$data merge entity $(bone_thumb_left2) { transformation: [0.17852546578159134f,-0.90117596713549f,-0.39498168859439536f,0.15474510790719329f,0.3139428358098934f,-0.32827765884341736f,0.8908836481538581f,0.3429997052713829f,-0.9325065972480341f,-0.2830470896541756f,0.2243118167355279f,0.2886078094800743f,0f,0f,0f,1f], start_interpolation: 0, interpolation_duration: 1 }
$data merge entity $(bone_thumb_left) { transformation: [0.17852546578159134f,-0.7388284008632799f,0.6498163218520092f,0.2303932273330197f,0.3139428358098934f,0.6686786541167493f,0.6740242973159463f,0.417442028816817f,-0.9325065972480341f,0.08367467721133535f,0.35132605152830726f,0.3616643970851138f,0f,0f,0f,1f], start_interpolation: 0, interpolation_duration: 1 }
$data merge entity $(bone_hand_left) { transformation: [0.17852546578159134f,0.3975708560450704f,0.9000367061909504f,0.3010813316469539f,0.3139428358098934f,0.843903946863999f,-0.4350471518249568f,0.34353378889234576f,-0.9325065972480341f,0.3602270712910882f,0.02584382320666223f,0.2832914012270432f,0f,0f,0f,1f], start_interpolation: 0, interpolation_duration: 1 }
$data merge entity $(bone_arm_left2) { transformation: [0.17852546578159134f,0.3975708560450704f,0.9000367061909504f,0.4019649922292861f,0.3139428358098934f,0.843903946863999f,-0.4350471518249568f,0.3948290508557593f,-0.9325065972480341f,0.3602270712910882f,0.02584382320666223f,0.05177999086545109f,0f,0f,0f,1f], start_interpolation: 0, interpolation_duration: 1 }
$data merge entity $(bone_arm_left) { transformation: [-0.5747141599627608f,0.3975708560450704f,0.7152908840198424f,0.21358077198735576f,0.5350640181587016f,0.843903946863999f,-0.03914875399331841f,0.5310418525200171f,-0.6192012038184052f,0.3602270712910882f,-0.6977294076494716f,-0.059412222111058226f,0f,0f,0f,1f], start_interpolation: 0, interpolation_duration: 1 }
$data merge entity $(bone_finger_right2) { transformation: [-0.7983698758330747f,-0.22038417287427434f,0.5603894696626651f,0.39042931904878897f,-0.19718003143914106f,-0.7836358874242307f,-0.5890966229257283f,0.3343432051214826f,0.5689688713488112f,-0.5808146109451453f,0.5821759280051861f,-0.07767271297428403f,0f,0f,0f,1f], start_interpolation: 0, interpolation_duration: 1 }
$data merge entity $(bone_finger_right) { transformation: [-0.3556715161303552f,0.7479715334855545f,0.5603894696626651f,0.43488825856508334f,-0.8059706506056993f,0.05810747989483145f,-0.5890966229257283f,0.435089536447195f,-0.4731903242626171f,-0.6611823544798667f,0.5821759280051861f,-0.018523922441456897f,0f,0f,0f,1f], start_interpolation: 0, interpolation_duration: 1 }
$data merge entity $(bone_finger_right4) { transformation: [-0.7761240911443887f,-0.2891280640762742f,0.5603894696626651f,0.44708640439595776f,-0.1281313340770568f,-0.7978392883815236f,-0.5890966229257283f,0.2795281114903529f,0.6174251018325466f,-0.5290155314150712f,0.5821759280051861f,-0.026642469336407265f,0f,0f,0f,1f], start_interpolation: 0, interpolation_duration: 1 }
$data merge entity $(bone_finger_right3) { transformation: [-0.3227069356000035f,0.7627738039595046f,0.5603894696626651f,0.4874247713459582f,-0.8026689324604406f,0.09320812046339688f,-0.5890966229257283f,0.37986172804790796f,-0.5015803211634925f,-0.6399127833328762f,0.5821759280051861f,0.036055070809029297f,0f,0f,0f,1f], start_interpolation: 0, interpolation_duration: 1 }
$data merge entity $(bone_thumb_right2) { transformation: [0.6304304593477114f,-0.7746159526072971f,-0.050274863430184f,0.24471702045384564f,-0.15247303863943396f,-0.1870764484326508f,0.9704402995186688f,0.4093032411653459f,-0.7611237799561196f,-0.6041295626007024f,-0.23604673939114895f,-0.006644154606311889f,0f,0f,0f,1f], start_interpolation: 0, interpolation_duration: 1 }
$data merge entity $(bone_thumb_right) { transformation: [0.6304304593477114f,-0.3729313476264917f,0.6807933944186907f,0.34951714661079797f,-0.15247303863943396f,0.8004556768587181f,0.5796746344913751f,0.47699778801928544f,-0.7611237799561196f,-0.46924718362728685f,0.4477696642730147f,0.025541935304186206f,0f,0f,0f,1f], start_interpolation: 0, interpolation_duration: 1 }
$data merge entity $(bone_hand_right) { transformation: [0.6304304593477114f,0.5371415811662984f,0.5603894696626651f,0.3290804068595472f,-0.15247303863943396f,0.7935471891107422f,-0.5890966229257283f,0.38170284521554165f,-0.7611237799561196f,0.2859401693302451f,0.5821759280051861f,0.10981990421878957f,0f,0f,0f,1f], start_interpolation: 0, interpolation_duration: 1 }
$data merge entity $(bone_arm_right2) { transformation: [0.6304304593477114f,0.5371415811662984f,0.5603894696626651f,0.2064971338765359f,-0.15247303863943396f,0.7935471891107422f,-0.5890966229257283f,0.3830025659425421f,-0.7611237799561196f,0.2859401693302451f,0.5821759280051861f,0.3364868447081436f,0f,0f,0f,1f], start_interpolation: 0, interpolation_duration: 1 }
$data merge entity $(bone_arm_right) { transformation: [0.6132026534795894f,0.5371415811662984f,-0.5791903206613178f,0.08939586554797091f,-0.600143833353975f,0.7935471891107422f,0.10054967897331284f,0.5267541693452038f,0.5136242644704272f,0.2859401693302451f,0.8089674495989341f,0.15752031299060343f,0f,0f,0f,1f], start_interpolation: 0, interpolation_duration: 1 }
$data merge entity $(bone_torso) { transformation: [-0.4967396257575394f,0.01549766128816682f,-0.8677612383005232f,0.078125f,-0.017150732699253206f,0.9994700368858435f,0.02766762973746502f,0.171875f,0.8677301404066466f,0.028626349086251772f,-0.4962105758323311f,9.567553118338697e-18f,0f,0f,0f,1f], start_interpolation: 0, interpolation_duration: 1 }
$data merge entity $(bone_foot_right) { transformation: [-0.8752778030881203f,-0.04663891377508106f,-0.4813663668590846f,0.19693111096368737f,-0.004783167681997505f,0.9961252416410524f,-0.08781585433440259f,-0.11555256741628413f,0.48359682456376835f,-0.07456081200896131f,-0.8721093948492955f,0.3177703468870039f,0f,0f,0f,1f], start_interpolation: 0, interpolation_duration: 1 }
$data merge entity $(bone_leg_right3) { transformation: [-0.8752778030881203f,-0.24099400880155192f,-0.4192978119940429f,0.18924744172559682f,-0.004783167681997505f,0.8712690152311293f,-0.49078246138702253f,0.03764354168728233f,0.48359682456376835f,-0.4275654228535509f,-0.7637551443047073f,0.30537865581726753f,0f,0f,0f,1f], start_interpolation: 0, interpolation_duration: 1 }
$data merge entity $(bone_foot_left) { transformation: [-0.024404753357379072f,-0.1570461239934021f,-0.9872896854278461f,0.32258342462947653f,0.00829898329370203f,0.9875179716573173f,-0.15728757907129648f,-0.04811172385829482f,0.9996677122373497f,-0.012032065178824337f,-0.02279680937491425f,-0.06690421220205306f,0f,0f,0f,1f], start_interpolation: 0, interpolation_duration: 1 }
$data merge entity $(bone_leg_left3) { transformation: [-0.024404753357379072f,-0.22723622481281974f,-0.9735338238327336f,0.3514741945047196f,0.00829898329370203f,0.9737442615284722f,-0.22749338455581886f,0.10303939945388524f,0.9996677122373497f,-0.013631260880361925f,-0.021878158902320137f,-0.06745372333195894f,0f,0f,0f,1f], start_interpolation: 0, interpolation_duration: 1 }