# This file was generated by Animated Java via MC-Build. It is not recommended to edit this file directly.
$data merge entity $(bone_head2) { transformation: [-0.9930674476742472f,0.06462221177170573f,-0.09818866592173206f,0.14513904130876443f,0.08232502343624454f,0.9786044739207176f,-0.1885626530853282f,1.008685488163222f,0.08390253205939896f,-0.19533881684931154f,-0.9771402722976539f,-0.007049006415430756f,0f,0f,0f,1f], start_interpolation: 0, interpolation_duration: 1 }
$data merge entity $(bone_head1) { transformation: [-0.9930674476742472f,0.11436926294364491f,0.027142513949229133f,0.16491008124604087f,0.08232502343624454f,0.5118933760896007f,0.8550951771772618f,0.8864346672194198f,0.08390253205939896f,0.8514016932149704f,-0.5177601007268747f,0.34691263382029464f,0f,0f,0f,1f], start_interpolation: 0, interpolation_duration: 1 }
$data merge entity $(bone_eyelid_right) { transformation: [-0.9801320476025118f,0.19121056051428437f,-0.05272277316607049f,0.07226226889576133f,0.16409308343382095f,0.9310188143194341f,0.3260021891834723f,0.7373597440126887f,0.11142095508336299f,0.3108737507912957f,-0.9438977072952678f,0.32774837313498156f,0f,0f,0f,1f], start_interpolation: 0, interpolation_duration: 1 }
$data merge entity $(bone_eye_right) { transformation: [-0.9801320476025118f,0.19121056051428437f,-0.05272277316607049f,0.07259178622804927f,0.16409308343382095f,0.9310188143194341f,0.3260021891834723f,0.735322230330292f,0.11142095508336299f,0.3108737507912957f,-0.9438977072952678f,0.33364773380557694f,0f,0f,0f,1f], start_interpolation: 0, interpolation_duration: 1 }
$data merge entity $(bone_eyelid_left) { transformation: [-0.998445004838662f,0.018107498513144013f,-0.05272277316607049f,0.2894957730745029f,-0.0000695796988899322f,0.9453690114480425f,0.3260021891834723f,0.7193511451360102f,0.055745560104728906f,0.3254989257913879f,-0.9438977072952678f,0.30939469424698807f,0f,0f,0f,1f], start_interpolation: 0, interpolation_duration: 1 }
$data merge entity $(bone_eye_left) { transformation: [-0.998445004838662f,0.018107498513144013f,-0.05272277316607049f,0.28982529040679084f,-0.0000695796988899322f,0.9453690114480425f,0.3260021891834723f,0.7173136314536135f,0.055745560104728906f,0.3254989257913879f,-0.9438977072952678f,0.31529405491758344f,0f,0f,0f,1f], start_interpolation: 0, interpolation_duration: 1 }
$data merge entity $(bone_mouth_closed) { transformation: [-0.9930674476742472f,0.10505881000390098f,-0.05272277316607049f,0.11891059533856169f,0.08232502343624454f,0.9417776612151116f,0.3260021891834723f,0.6238240066486263f,0.08390253205939896f,0.3194017584121273f,-0.9438977072952678f,0.06013745924826319f,0f,0f,0f,1f], start_interpolation: 0, interpolation_duration: 1 }
$data merge entity $(bone_mouth_open) { transformation: [-0.9930674476742472f,0.10505881000390098f,-0.05272277316607049f,0.11529799019365183f,0.08232502343624454f,0.9417776612151116f,0.3260021891834723f,0.5964309684180508f,0.08390253205939896f,0.3194017584121273f,-0.9438977072952678f,0.04425679362728879f,0f,0f,0f,1f], start_interpolation: 0, interpolation_duration: 1 }
$data merge entity $(bone_head) { transformation: [-0.9930674476742472f,0.10505881000390098f,-0.05272277316607049f,0.14666086526576f,0.08232502343624454f,0.9417776612151116f,0.3260021891834723f,0.5918207977532713f,0.08390253205939896f,0.3194017584121273f,-0.9438977072952678f,0.047534200171027996f,0f,0f,0f,1f], start_interpolation: 0, interpolation_duration: 1 }
$data merge entity $(bone_neck) { transformation: [-0.49673962575753944f,0.31083684519171706f,-0.8103272177790405f,0.09705401117956207f,-0.017150732699253216f,0.9299667173374001f,0.3672434574128982f,0.5306435060054401f,0.8677301404066466f,0.19632208310824575f,-0.4566202394921853f,0.017927154944065504f,0f,0f,0f,1f], start_interpolation: 0, interpolation_duration: 1 }
$data merge entity $(bone_finger_left2) { transformation: [0.006170648173018656f,-0.43527244369474766f,0.9002776365439313f,0.20201568759780966f,0.0724405714863587f,-0.897734793265831f,-0.4345395316454939f,0.25577419731305806f,0.9973536417459222f,0.06789801705468299f,0.02599177901159022f,0.4369477955437552f,0f,0f,0f,1f], start_interpolation: 0, interpolation_duration: 1 }
$data merge entity $(bone_finger_left) { transformation: [0.42973119903342577f,-0.06950736447432518f,0.9002776365439313f,0.2557320874769879f,0.8966753577847595f,-0.08454997444640908f,-0.4345395316454939f,0.367858617036153f,0.10632214876904919f,0.9939919658150884f,0.02599177901159022f,0.4502380641398863f,0f,0f,0f,1f], start_interpolation: 0, interpolation_duration: 1 }
$data merge entity $(bone_finger_left4) { transformation: [-0.03178932613405332f,-0.4341539080588995f,0.9002776365439313f,0.2860888585519399f,-0.006077829456052439f,-0.9006322531568688f,-0.4345395316454939f,0.21468179349210703f,0.9994761121372763f,-0.019285452827629744f,0.02599177901159022f,0.4448168392912779f,0f,0f,0f,1f], start_interpolation: 0, interpolation_duration: 1 }
$data merge entity $(bone_finger_left3) { transformation: [0.4323540588083326f,-0.05069659723130719f,0.9002776365439313f,0.34013311590298145f,0.8995099396182472f,-0.045357071833311724f,-0.4345395316454939f,0.32712053594438795f,0.06286363304756004f,0.997683612706891f,0.02599177901159022f,0.4526747934222229f,0f,0f,0f,1f], start_interpolation: 0, interpolation_duration: 1 }
$data merge entity $(bone_thumb_left2) { transformation: [0.1783615770476305f,-0.9009905785691421f,-0.3954783498027727f,0.1546469698131771f,0.31374566379867985f,-0.3288674391028723f,0.8907355757717577f,0.3431338353487461f,-0.9326043138869812f,-0.2829526194039574f,0.2240245720715285f,0.28855428056730814f,0f,0f,0f,1f], start_interpolation: 0, interpolation_duration: 1 }
$data merge entity $(bone_thumb_left) { transformation: [0.1783615770476305f,-0.7392001801902949f,0.6494384046541422f,0.23025297111220644f,0.31374566379867985f,0.6682952030557467f,0.6744962416649956f,0.4176413135631618f,-0.9326043138869812f,0.08345426998850138f,0.3511190375642975f,0.3615880450718135f,0f,0f,0f,1f], start_interpolation: 0, interpolation_duration: 1 }
$data merge entity $(bone_hand_left) { transformation: [0.1783615770476305f,0.39709863380771615f,0.9002776365439313f,0.30098293349069466f,0.31374566379867985f,0.8442387422316276f,-0.4345395316454939f,0.3437474150693375f,-0.9326043138869812f,0.3599633608344117f,0.02599177901159022f,0.28323929468406306f,0f,0f,0f,1f], start_interpolation: 0, interpolation_duration: 1 }
$data merge entity $(bone_arm_left2) { transformation: [0.1783615770476305f,0.39709863380771615f,0.9002776365439313f,0.401840680036598f,0.31374566379867985f,0.8442387422316276f,-0.4345395316454939f,0.3950251102911641f,-0.9326043138869812f,0.3599633608344117f,0.02599177901159022f,0.05171270240054216f,0f,0f,0f,1f], start_interpolation: 0, interpolation_duration: 1 }
$data merge entity $(bone_arm_left) { transformation: [-0.5750040689683977f,0.39709863380771615f,0.7153202050115955f,0.21338214998127386f,0.534548418815224f,0.8442387422316276f,-0.0389735045550615f,0.5310980590296615f,-0.6193773555853729f,0.3599633608344117f,-0.6977091587795483f,-0.05952481407207929f,0f,0f,0f,1f], start_interpolation: 0, interpolation_duration: 1 }
$data merge entity $(bone_finger_right2) { transformation: [-0.7982666507966841f,-0.21994297507590532f,0.5607097662254552f,0.39033999573217865f,-0.19744221574060422f,-0.7839424506033918f,-0.5886007183017952f,0.33449176484893783f,0.56902278132715f,-0.5805681026862466f,0.5823690861249475f,-0.07772091058865913f,0f,0f,0f,1f], start_interpolation: 0, interpolation_duration: 1 }
$data merge entity $(bone_finger_right) { transformation: [-0.35521909627845066f,0.7479464898630894f,0.5607097662254552f,0.43474238276698496f,-0.8063180842274872f,0.05831244689022935f,-0.5886007183017952f,0.43528152537737375f,-0.47293819964857553f,-0.6611926397345619f,0.5823690861249475f,-0.018603635632587184f,0f,0f,0f,1f], start_interpolation: 0, interpolation_duration: 1 }
$data merge entity $(bone_finger_right4) { transformation: [-0.7760597118322415f,-0.28867954851401256f,0.5607097662254552f,0.44702691850824394f,-0.12836580194651842f,-0.798167535862765f,-0.5886007183017952f,0.27972432117812596f,0.6174573220567444f,-0.528765262630317f,0.5823690861249475f,-0.026672644452464117f,0f,0f,0f,1f], start_interpolation: 0, interpolation_duration: 1 }
$data merge entity $(bone_finger_right3) { transformation: [-0.3222560387390193f,0.7627290498962469f,0.5607097662254552f,0.48730892335062137f,-0.8030070948676362f,0.09342804721736464f,-0.5886007183017952f,0.38010020803658046f,-0.501328885152726f,-0.6399340563194922f,0.5823690861249475f,0.03599346619162663f,0f,0f,0f,1f], start_interpolation: 0, interpolation_duration: 1 }
$data merge entity $(bone_thumb_right2) { transformation: [0.6305233639400439f,-0.7745053698096329f,-0.05081062548104526f,0.24458534828998457f,-0.15236497816326994f,-0.18769801550047044f,0.9703372446765566f,0.4093935047298206f,-0.7610684600974066f,-0.6040785438278944f,-0.23635547789660719f,-0.006717747411446345f,0f,0f,0f,1f], start_interpolation: 0, interpolation_duration: 1 }
$data merge entity $(bone_thumb_right) { transformation: [0.6305233639400439f,-0.3733701786354587f,0.6804667495414136f,0.34934754710578764f,-0.15236497816326994f,0.8000995918590628f,0.5801944127068681f,0.47715640075057697f,-0.7610684600974066f,-0.4695054342738615f,0.4475929470314246f,0.02544798158943777f,0f,0f,0f,1f], start_interpolation: 0, interpolation_duration: 1 }
$data merge entity $(bone_hand_right) { transformation: [0.6305233639400439f,0.5366980953805656f,0.5607097662254552f,0.32896274648188595f,-0.15236497816326994f,0.7939358335809747f,-0.5886007183017952f,0.3818769049461771f,-0.7610684600974066f,0.2856939736343003f,0.5823690861249475f,0.10975598881759574f,0f,0f,0f,1f], start_interpolation: 0, interpolation_duration: 1 }
$data merge entity $(bone_arm_right2) { transformation: [0.6305233639400439f,0.5366980953805656f,0.5607097662254552f,0.20637626588596594f,-0.15236497816326994f,0.7939358335809747f,-0.5886007183017952f,0.3831806045931324f,-0.7610684600974066f,0.2856939736343003f,0.5823690861249475f,0.3364211717247566f,0f,0f,0f,1f], start_interpolation: 0, interpolation_duration: 1 }
$data merge entity $(bone_arm_right) { transformation: [0.6135298283860073f,0.5366980953805656f,-0.5792549560387983f,0.089197243541889f,-0.5996403977057919f,0.7939358335809747f,0.10048525063571585f,0.5268103758548481f,0.5138215090086017f,0.2856939736343003f,0.8089291750883805f,0.15740772102958236f,0f,0f,0f,1f], start_interpolation: 0, interpolation_duration: 1 }
$data merge entity $(bone_torso) { transformation: [-0.49673962575753944f,0.014942858529550532f,-0.8677709693123099f,0.078125f,-0.017150732699253216f,0.9994875217982231f,0.027028617010965303f,0.171875f,0.8677301404066466f,0.028309093037618038f,-0.49622877655497677f,9.567553118338697e-18f,0f,0f,0f,1f], start_interpolation: 0, interpolation_duration: 1 }
$data merge entity $(bone_foot_right) { transformation: [-0.8715357527729598f,-0.05169002406676454f,-0.487599808296156f,0.19789914046671828f,-0.010791730786304507f,0.9962091754828738f,-0.08631811646675791f,-0.1155313887904331f,0.4902131885058853f,-0.06996727875021402f,-0.868789738497862f,0.3173882106399874f,0f,0f,0f,1f], start_interpolation: 0, interpolation_duration: 1 }
$data merge entity $(bone_leg_right3) { transformation: [-0.8715357527729598f,-0.24920435953131237f,-0.4222826290875096f,0.18924744172559682f,-0.010791730786304507f,0.8707580314288692f,-0.4915933169284915f,0.03764354168728233f,0.4902131885058853f,-0.42388399107858366f,-0.7615861027632954f,0.30537865581726753f,0f,0f,0f,1f], start_interpolation: 0, interpolation_duration: 1 }
$data merge entity $(bone_foot_left) { transformation: [-0.024404753357379072f,-0.11428350596684311f,-0.9931483717337971f,0.3209857092943246f,0.00829898329370203f,0.9933868675723443f,-0.11451488205074721f,-0.047797714456047746f,0.9996677122373497f,-0.011036829197384055f,-0.02329492458479799f,-0.06694582383656299f,0f,0f,0f,1f], start_interpolation: 0, interpolation_duration: 1 }
$data merge entity $(bone_leg_left3) { transformation: [-0.024404753357379072f,-0.2169193986873153f,-0.9758844104127802f,0.3514741945047196f,0.00829898329370203f,0.976097558156646f,-0.21717431670647447f,0.10303939945388524f,0.9996677122373497f,-0.013398934053378822f,-0.02202120969376706f,-0.06745372333195894f,0f,0f,0f,1f], start_interpolation: 0, interpolation_duration: 1 }