# This file was generated by Animated Java via MC-Build. It is not recommended to edit this file directly.
$data merge entity $(bone_head2) { transformation: [-0.9931019341058f,0.06428772137146387f,-0.0980593562908949f,0.14482148861248484f,0.08193604678927285f,0.9787131224341433f,-0.18816776613372393f,1.0087482446497626f,0.08387510185904828f,-0.19490436848894582f,-0.9772293765703421f,-0.00696419886353547f,0f,0f,0f,1f], start_interpolation: 0, interpolation_duration: 1 }
$data merge entity $(bone_head1) { transformation: [-0.9931019341058f,0.11413334918311893f,0.02687242228687043f,0.1646132509653345f,0.08193604678927285f,0.5115594637152676f,0.8553323326753726f,0.8863488088103011f,0.08387510185904828f,0.851634013932976f,-0.5173823282646424f,0.3469449197660215f,0f,0f,0f,1f], start_interpolation: 0, interpolation_duration: 1 }
$data merge entity $(bone_eyelid_right) { transformation: [-0.9801972848713636f,0.19086058254572433f,-0.05277803294093247f,0.07201952476921919f,0.16369657931827247f,0.9309497580470703f,0.3263984955718975f,0.7372494900616801f,0.11143030400346174f,0.3112953356900938f,-0.9437576496788187f,0.327709177830345f,0f,0f,0f,1f], start_interpolation: 0, interpolation_duration: 1 }
$data merge entity $(bone_eye_right) { transformation: [-0.9801972848713636f,0.19086058254572433f,-0.05277803294093247f,0.07234938747510002f,0.16369657931827247f,0.9309497580470703f,0.3263984955718975f,0.7352094994643557f,0.11143030400346174f,0.3112953356900938f,-0.9437576496788187f,0.33360766314083756f,0f,0f,0f,1f], start_interpolation: 0, interpolation_duration: 1 }
$data merge entity $(bone_eyelid_left) { transformation: [-0.9984484779703486f,0.01775150916347054f,-0.05277803294093247f,0.28926057285486295f,-0.00044806853013086567f,0.9452321520785221f,0.3263984955718975f,0.7193259798265267f,0.05568155954431627f,0.3259157292912155f,-0.9437576496788187f,0.3093614992986781f,0f,0f,0f,1f], start_interpolation: 0, interpolation_duration: 1 }
$data merge entity $(bone_eye_left) { transformation: [-0.9984484779703486f,0.01775150916347054f,-0.05277803294093247f,0.28959043556074376f,-0.00044806853013086567f,0.9452321520785221f,0.3263984955718975f,0.7172859892292023f,0.05568155954431627f,0.3259157292912155f,-0.9437576496788187f,0.3152599846091707f,0f,0f,0f,1f], start_interpolation: 0, interpolation_duration: 1 }
$data merge entity $(bone_mouth_closed) { transformation: [-0.9931019341058f,0.10470447800455093f,-0.05277803294093247f,0.11872520547484529f,0.08193604678927285f,0.9416743101120196f,0.3263984955718975f,0.6238479826290251f,0.08387510185904828f,0.31982255386518066f,-0.9437576496788187f,0.06005135756008717f,0f,0f,0f,1f], start_interpolation: 0, interpolation_duration: 1 }
$data merge entity $(bone_mouth_open) { transformation: [-0.9931019341058f,0.10470447800455093f,-0.05277803294093247f,0.11512332783132224f,0.08193604678927285f,0.9416743101120196f,0.3263984955718975f,0.5964606510353488f,0.08387510185904828f,0.31982255386518066f,-0.9437576496788187f,0.04415841744130766f,0f,0f,0f,1f], start_interpolation: 0, interpolation_duration: 1 }
$data merge entity $(bone_head) { transformation: [-0.9931019341058f,0.10470447800455093f,-0.05277803294093247f,0.14648762597800932f,0.08193604678927285f,0.9416743101120196f,0.3263984955718975f,0.5918601589758596f,0.08387510185904828f,0.31982255386518066f,-0.9437576496788187f,0.04743580581870502f,0f,0f,0f,1f], start_interpolation: 0, interpolation_duration: 1 }
$data merge entity $(bone_neck) { transformation: [-0.4967396257575394f,0.31045244947380574f,-0.8104745651887999f,0.09690619820071826f,-0.01715073269925321f,0.9301408065144718f,0.36680230700540417f,0.5306554805608354f,0.8677301404066466f,0.1961054733359631f,-0.45671330915306096f,0.01784277480329975f,0f,0f,0f,1f], start_interpolation: 0, interpolation_duration: 1 }
$data merge entity $(bone_finger_left2) { transformation: [0.00613267010754559f,-0.43490346595350965f,0.9004561986343232f,0.20197756944304335f,0.07267809534465605f,-0.8978978480368097f,-0.43416281387048683f,0.2559281317700593f,0.9973365955455682f,0.06810601876846285f,0.02610144427200567f,0.4369290169990796f,0f,0f,0f,1f], start_interpolation: 0, interpolation_duration: 1 }
$data merge entity $(bone_finger_left) { transformation: [0.42936123207130494f,-0.06948069325528182f,0.9004561986343232f,0.25564772345195647f,0.8968771809725307f,-0.08434437327307281f,-0.43416281387048683f,0.36803777939162563f,0.1061143470270513f,0.9940112977033697f,0.02610144427200567f,0.450193310377461f,0f,0f,0f,1f], start_interpolation: 0, interpolation_duration: 1 }
$data merge entity $(bone_finger_left4) { transformation: [-0.03179500115242645f,-0.4337830243828598f,0.9004561986343232f,0.2860675820001059f,-0.0058554206074195245f,-0.9008153890235066f,-0.43416281387048683f,0.2148721902765373f,0.9994772593467179f,-0.01907675694891533f,0.02610144427200567f,0.4448084225477551f,0f,0f,0f,1f], start_interpolation: 0, interpolation_duration: 1 }
$data merge entity $(bone_finger_left3) { transformation: [0.43198328059054675f,-0.050686089129587664f,0.9004561986343232f,0.3400654920739242f,0.8997026025178415f,-0.0451428629429283f,-0.43416281387048683f,0.3273350155912675f,0.06265518584165197f,0.9976938620108187f,0.02610144427200567f,0.45264032077796157f,0f,0f,0f,1f], start_interpolation: 0, interpolation_duration: 1 }
$data merge entity $(bone_thumb_left2) { transformation: [0.17824006013248234f,-0.9008528289050702f,-0.39584676532428636f,0.15457411391582887f,0.31359930400017755f,-0.32930490848663074f,0.8906254845765509f,0.34323329966376004f,-0.9326767701055775f,-0.2828824100228637f,0.22381149346064266f,0.28851453949609573f,0f,0f,0f,1f], start_interpolation: 0, interpolation_duration: 1 }
$data merge entity $(bone_thumb_left) { transformation: [0.17824006013248234f,-0.7394758625227225f,0.6491578619336318f,0.23014884477839276f,0.31359930400017755f,0.668010543997718f,0.6748461970245347f,0.41778909604182135f,-0.9326767701055775f,0.08329082695080031f,0.35096535534334256f,0.36153135797981284f,0f,0f,0f,1f], start_interpolation: 0, interpolation_duration: 1 }
$data merge entity $(bone_hand_left) { transformation: [0.17824006013248234f,0.39674817618357444f,0.9004561986343232f,0.3009098561471673f,0.31359930400017755f,0.8444869019603947f,-0.43416281387048683f,0.34390585736894963f,-0.9326767701055775f,0.3597676432259331f,0.02610144427200567f,0.28320059254709395f,0f,0f,0f,1f], start_interpolation: 0, interpolation_duration: 1 }
$data merge entity $(bone_arm_left2) { transformation: [0.17824006013248234f,0.39674817618357444f,0.9004561986343232f,0.4017483835949331f,0.31359930400017755f,0.8444869019603947f,-0.43416281387048683f,0.3951705075020886f,-0.9326767701055775f,0.3597676432259331f,0.02610144427200567f,0.051662740287699946f,0f,0f,0f,1f], start_interpolation: 0, interpolation_duration: 1 }
$data merge entity $(bone_arm_left) { transformation: [-0.5752189650329187f,0.39674817618357444f,0.715341895153265f,0.21323477388962436f,0.5341657579920221f,0.8444869019603947f,-0.03884347314727695f,0.5311396640717989f,-0.6195079380082757f,0.3597676432259331f,-0.6976941719925653f,-0.05960835846483366f,0f,0f,0f,1f], start_interpolation: 0, interpolation_duration: 1 }
$data merge entity $(bone_finger_right2) { transformation: [-0.7981899750193201f,-0.21961554433707356f,0.5609472136165653f,0.39027367426671866f,-0.1976366809861413f,-0.7841696796545374f,-0.5882326545162913f,0.33460193870801674f,0.5690628314232441f,-0.5803851533215088f,0.5825122897386196f,-0.07775669929309453f,0f,0f,0f,1f], start_interpolation: 0, interpolation_duration: 1 }
$data merge entity $(bone_finger_right) { transformation: [-0.35488332533926414f,0.7479278367141834f,0.5609472136165653f,0.43463408993412667f,-0.806575629694272f,0.058464499861081265f,-0.5882326545162913f,0.43542389241980073f,-0.4727510750695709f,-0.661200312555912f,0.5825122897386196f,-0.018662814909398168f,0f,0f,0f,1f], start_interpolation: 0, interpolation_duration: 1 }
$data merge entity $(bone_finger_right4) { transformation: [-0.7760118652986007f,-0.28834668101366906f,0.5609472136165653f,0.4469827160833929f,-0.12853972287635912f,-0.798410849001682f,-0.5882326545162913f,0.27986986071505243f,0.6174812746623621f,-0.5285795188472736f,0.5825122897386196f,-0.026695071916230564f,0f,0f,0f,1f], start_interpolation: 0, interpolation_duration: 1 }
$data merge entity $(bone_finger_right3) { transformation: [-0.3219214010182938f,0.762695768378343f,0.5609472136165653f,0.48722289121067963f,-0.8032577627507683f,0.09359118944296035f,-0.5882326545162913f,0.38027708105889846f,-0.5011422733586238f,-0.6399498840975136f,0.5825122897386196f,0.035947712253597414f,0f,0f,0f,1f], start_interpolation: 0, interpolation_duration: 1 }
$data merge entity $(bone_thumb_right2) { transformation: [0.6305922502956274f,-0.7744231064942763f,-0.051208065720669105f,0.24448762948953387f,-0.15228476394354382f,-0.18815910310173822f,0.9702605333572054f,0.4094604085449495f,-0.7610274400688559f,-0.6040405649024784f,-0.23658451220343876f,-0.006772365026657026f,0f,0f,0f,1f], start_interpolation: 0, interpolation_duration: 1 }
$data merge entity $(bone_thumb_right) { transformation: [0.6305922502956274f,-0.3736956158401704f,0.6802242281549028f,0.3492216658306351f,-0.15228476394354382f,0.799835203752423f,0.5805798803859632f,0.4772739947199591f,-0.7610274400688559f,-0.46969695926219934f,0.4474617323549446f,0.025378244015559298f,0f,0f,0f,1f], start_interpolation: 0, interpolation_duration: 1 }
$data merge entity $(bone_hand_right) { transformation: [0.6305922502956274f,0.5363689377684999f,0.5609472136165653f,0.3288753928531801f,-0.15228476394354382f,0.7942239576035067f,-0.5882326545162913f,0.38200598375530914f,-0.7610274400688559f,0.28551123929841127f,0.5825122897386196f,0.10970853372670766f,0f,0f,0f,1f], start_interpolation: 0, interpolation_duration: 1 }
$data merge entity $(bone_arm_right2) { transformation: [0.6305922502956274f,0.5363689377684999f,0.5609472136165653f,0.20628653113030862f,-0.15228476394354382f,0.7942239576035067f,-0.5882326545162913f,0.3833126338339269f,-0.7610274400688559f,0.28551123929841127f,0.5825122897386196f,0.3363724118525854f,0f,0f,0f,1f], start_interpolation: 0, interpolation_duration: 1 }
$data merge entity $(bone_arm_right) { transformation: [0.6137723760595929f,0.5363689377684999f,-0.5793028853572658f,0.08904986745023952f,-0.5992667433842143f,0.7942239576035067f,0.10043742052791724f,0.5268519808969856f,0.5139677428203453f,0.28551123929841127f,0.8089007921707366f,0.157324176636828f,0f,0f,0f,1f], start_interpolation: 0, interpolation_duration: 1 }
$data merge entity $(bone_torso) { transformation: [-0.4967396257575394f,0.01453124892776303f,-0.8677779595074189f,0.078125f,-0.01715073269925321f,0.9995002297876768f,0.02655452922309294f,0.171875f,0.8677301404066466f,0.028073714734261932f,-0.49624214852315884f,9.567553118338697e-18f,0f,0f,0f,1f], start_interpolation: 0, interpolation_duration: 1 }
$data merge entity $(bone_foot_right) { transformation: [-0.8699082225153795f,-0.05437576471092212f,-0.49020705891718447f,0.19831255482053442f,-0.013361220059002851f,0.9961374468538978f,-0.08678516448064744f,-0.11552038920284834f,0.4930326177837207f,-0.06894536378539567f,-0.8672746823318613f,0.31722241467412005f,0f,0f,0f,1f], start_interpolation: 0, interpolation_duration: 1 }
$data merge entity $(bone_leg_right3) { transformation: [-0.8699082225153795f,-0.25270913634178227f,-0.4235537472500085f,0.18924744172559682f,-0.013361220059002851f,0.8705226288772647f,-0.49194697926824515f,0.03764354168728233f,0.4930326177837207f,-0.4222895274832265f,-0.7606512951276195f,0.30537865581726753f,0f,0f,0f,1f], start_interpolation: 0, interpolation_duration: 1 }
$data merge entity $(bone_foot_left) { transformation: [-0.024404753357379072f,-0.09190445016213095f,-0.9954687237949581f,0.3199069246957251f,0.00829898329370203f,0.995712366191272f,-0.09213040046623677f,-0.0475757324887926f,0.9996677122373497f,-0.010509798008272363f,-0.023537401215277982f,-0.06697400289681218f,0f,0f,0f,1f], start_interpolation: 0, interpolation_duration: 1 }
$data merge entity $(bone_leg_left3) { transformation: [-0.024404753357379072f,-0.2099271482038172f,-0.9774124004025009f,0.3514741945047196f,0.00829898329370203f,0.9776273677292511f,-0.21018053369203032f,0.10303939945388524f,0.9996677122373497f,-0.013240933267273918f,-0.022116572889018183f,-0.06745372333195894f,0f,0f,0f,1f], start_interpolation: 0, interpolation_duration: 1 }