# This file was generated by Animated Java via MC-Build. It is not recommended to edit this file directly.
$data merge entity $(bone_head2) { transformation: [-0.9933059921718345f,0.06204329434674627f,-0.09743631531483073f,0.14281776376010882f,0.07959586304323771f,0.9789194655390776f,-0.1880988531998246f,1.0089945089749297f,0.08371203319672893f,-0.19459524561327307f,-0.9773049605331902f,-0.007430106141520718f,0f,0f,0f,1f], start_interpolation: 0, interpolation_duration: 1 }
$data merge entity $(bone_head1) { transformation: [-0.9933059921718345f,0.11278024292278625f,0.02497644333778208f,0.1628280176877667f,0.07959586304323771f,0.5115652802381295f,0.8555498013799586f,0.8865340036715157f,0.08371203319672893f,0.8518107658753569f,-0.517117699017263f,0.3464455985608271f,0f,0f,0f,1f], start_interpolation: 0, interpolation_duration: 1 }
$data merge entity $(bone_eyelid_right) { transformation: [-0.9805971245377142f,0.1886316979817627f,-0.05336067714042103f,0.07058566272978839f,0.16137787218817448f,0.9312974115194493f,0.32656134747577076f,0.7372251471902272f,0.11129448196736615f,0.31161388578446075f,-0.9436685458729275f,0.3271470991876546f,0f,0f,0f,1f], start_interpolation: 0, interpolation_duration: 1 }
$data merge entity $(bone_eye_right) { transformation: [-0.9805971245377142f,0.1886316979817627f,-0.05336067714042103f,0.07091916696191602f,0.16137787218817448f,0.9312974115194493f,0.32656134747577076f,0.7351841387685036f,0.11129448196736615f,0.31161388578446075f,-0.9436685458729275f,0.3330450275993604f,0f,0f,0f,1f], start_interpolation: 0, interpolation_duration: 1 }
$data merge entity $(bone_eyelid_left) { transformation: [-0.9984552014309706f,0.015487054934891165f,-0.05336067714042103f,0.28787134851737717f,-0.002791918680754263f,0.9451718846457978f,0.32656134747577076f,0.7198135521495189f,0.055492485306756975f,0.32620585464481583f,-0.9436685458729275f,0.30883509192587016f,0f,0f,0f,1f], start_interpolation: 0, interpolation_duration: 1 }
$data merge entity $(bone_eye_left) { transformation: [-0.9984552014309706f,0.015487054934891165f,-0.05336067714042103f,0.2882048527495048f,-0.002791918680754263f,0.9451718846457978f,0.32656134747577076f,0.7177725437277953f,0.055492485306756975f,0.32620585464481583f,-0.9436685458729275f,0.31473302033757594f,0f,0f,0f,1f], start_interpolation: 0, interpolation_duration: 1 }
$data merge entity $(bone_mouth_closed) { transformation: [-0.9933059921718345f,0.10244922669617308f,-0.05336067714042103f,0.11760596904712826f,0.07959586304323771f,0.9418185520158389f,0.32656134747577076f,0.6240141290677781f,0.08371203319672893f,0.3201280541098282f,-0.9436685458729275f,0.059463727609399726f,0f,0f,0f,1f], start_interpolation: 0, interpolation_duration: 1 }
$data merge entity $(bone_mouth_open) { transformation: [-0.9933059921718345f,0.10244922669617308f,-0.05336067714042103f,0.11407092648074522f,0.07959586304323771f,0.9418185520158389f,0.32656134747577076f,0.5966233077390067f,0.08371203319672893f,0.3201280541098282f,-0.9436685458729275f,0.0435617975067618f,0f,0f,0f,1f], start_interpolation: 0, interpolation_duration: 1 }
$data merge entity $(bone_head) { transformation: [-0.9933059921718345f,0.10244922669617308f,-0.05336067714042103f,0.14544524296824268f,0.07959586304323771f,0.9418185520158389f,0.32656134747577076f,0.5920949285971819f,0.08371203319672893f,0.3201280541098282f,-0.9436685458729275f,0.04684372488106982f,0f,0f,0f,1f], start_interpolation: 0, interpolation_duration: 1 }
$data merge entity $(bone_neck) { transformation: [-0.4967396257575394f,0.30813878188411764f,-0.8113570331865203f,0.09601699334646724f,-0.017150732699253213f,0.93118356193203f,0.3641469845480754f,0.5307258060883695f,0.8677301404066466f,0.1948016044249886f,-0.4572709681833211f,0.017335131779638805f,0f,0f,0f,1f], start_interpolation: 0, interpolation_duration: 1 }
$data merge entity $(bone_finger_left2) { transformation: [0.005902167118723309f,-0.4326826339536821f,0.9015269838990987f,0.20174694997931863f,0.07410641940733098f,-0.8988744066683807f,-0.43189470897336907f,0.2568536442852807f,0.9972328730170934f,0.06935805152590556f,0.026759253775140046f,0.43681528969637423f,0f,0f,0f,1f], start_interpolation: 0, interpolation_duration: 1 }
$data merge entity $(bone_finger_left) { transformation: [0.4271341130757814f,-0.06932205095609204f,0.9015269838990987f,0.2551387141137913f,0.8980869293547741f,-0.08310732628909387f,-0.43189470897336907f,0.36911451045462745f,0.10486332423244385f,0.9941265641598751f,0.026759253775140046f,0.4499232052254297f,0f,0f,0f,1f], start_interpolation: 0, interpolation_duration: 1 }
$data merge entity $(bone_finger_left4) { transformation: [-0.03183106874532276f,-0.43155055366008277f,0.9015269838990987f,0.2859379486744672f,-0.004517644441897138f,-0.9019127181992199f,-0.43189470897336907f,0.2160172264563616f,0.9994830533586984f,-0.017820448540104797f,0.026759253775140046f,0.4447568445304335f,0f,0f,0f,1f], start_interpolation: 0, interpolation_duration: 1 }
$data merge entity $(bone_finger_left3) { transformation: [0.4297513614389169f,-0.05062474338888888f,0.9015269838990987f,0.33965686885433183f,0.9008572402560999f,-0.0438542248702713f,-0.43189470897336907f,0.3286243814883741f,0.061400325891324437f,0.9977544499113177f,0.026759253775140046f,0.4524318852668491f,0f,0f,0f,1f], start_interpolation: 0, interpolation_duration: 1 }
$data merge entity $(bone_thumb_left2) { transformation: [0.17751040262680196f,-0.900020458872705f,-0.39806184264487776f,0.1541350187762771f,0.3127175142911258f,-0.33193480162869105f,0.8899590123838856f,0.3438307609318079f,-0.9331118974779227f,-0.28245789257566617f,0.2225302804268745f,0.28827498453873424f,0f,0f,0f,1f], start_interpolation: 0, interpolation_duration: 1 }
$data merge entity $(bone_thumb_left) { transformation: [0.17751040262680196f,-0.7411316295710595f,0.6474673463647536f,0.22952123698978374f,0.3127175142911258f,0.6662950741914008f,0.6769480263386956f,0.41867684190254717f,-0.9331118974779227f,0.08230906242705657f,0.35003914784996387f,0.3611896248161648f,0f,0f,0f,1f], start_interpolation: 0, interpolation_duration: 1 }
$data merge entity $(bone_hand_left) { transformation: [0.17751040262680196f,0.3946380040759685f,0.9015269838990987f,0.30046891663975134f,0.3127175142911258f,0.8459756004852553f,-0.43189470897336907f,0.3448580825491607f,-0.9331118974779227f,0.3585890811535505f,0.026759253775140046f,0.28296699369311706f,0f,0f,0f,1f], start_interpolation: 0, interpolation_duration: 1 }
$data merge entity $(bone_arm_left2) { transformation: [0.17751040262680196f,0.3946380040759685f,0.9015269838990987f,0.4011919537901455f,0.3127175142911258f,0.8459756004852553f,-0.43189470897336907f,0.39604404181110664f,-0.9331118974779227f,0.3585890811535505f,0.026759253775140046f,0.05136147268458268f,0f,0f,0f,1f], start_interpolation: 0, interpolation_duration: 1 }
$data merge entity $(bone_arm_left) { transformation: [-0.5765082489387398f,0.3946380040759685f,0.7154712325764909f,0.21234793951942987f,0.5318614853398466f,0.8459756004852553f,-0.03806105352855888f,0.5313882289916032f,-0.6202915438063615f,0.3585890811535505f,-0.6976046671000504f,-0.06011112157325455f,0f,0f,0f,1f], start_interpolation: 0, interpolation_duration: 1 }
$data merge entity $(bone_finger_right2) { transformation: [-0.7977270778493963f,-0.21764406167331923f,0.5623722714396614f,0.389873790952391f,-0.19880555117975224f,-0.785532740718432f,-0.5860159264725692f,0.3352638957456766f,0.5693047181307902f,-0.5792835019899404f,0.583371890166378f,-0.07797253233953776f,0f,0f,0f,1f], start_interpolation: 0, interpolation_duration: 1 }
$data merge entity $(bone_finger_right) { transformation: [-0.3528614126770653f,0.7478143163642579f,0.5623722714396614f,0.43398146753702416f,-0.8081209549768743f,0.05937891922022015f,-0.5860159264725692f,0.4362790151177859f,-0.4716241571111589f,-0.6612472247147029f,0.583371890166378f,-0.019019512700642893f,0f,0f,0f,1f], start_interpolation: 0, interpolation_duration: 1 }
$data merge entity $(bone_finger_right4) { transformation: [-0.7757225556280345f,-0.28634235628999677f,0.5623722714396614f,0.44671557242736143f,-0.12958534656655768f,-0.799870596956609f,-0.5860159264725692f,0.2807448056592479f,0.6176262256779069f,-0.5274609778159625f,0.583371890166378f,-0.0268307072795487f,0f,0f,0f,1f], start_interpolation: 0, interpolation_duration: 1 }
$data merge entity $(bone_finger_right3) { transformation: [-0.3199063644570475f,0.7624941614830052f,0.5623722714396614f,0.4867038679844924f,-0.804761730813877f,0.09457214461959537f,-0.5860159264725692f,0.38134002201098255f,-0.5000184742560301f,-0.6400459070772813f,0.583371890166378f,0.03567160200245506f,0f,0f,0f,1f], start_interpolation: 0, interpolation_duration: 1 }
$data merge entity $(bone_thumb_right2) { transformation: [0.6310059075623359f,-0.7739242838325848f,-0.05359801783325563f,0.2438992658823984f,-0.15180146228250876f,-0.19093170512599827f,0.9697945143310367f,0.4098617240764854f,-0.760781085904694f,-0.6038098101818984f,-0.23796187185718445f,-0.007101246840621335f,0f,0f,0f,1f], start_interpolation: 0, interpolation_duration: 1 }
$data merge entity $(bone_thumb_right) { transformation: [0.6310059075623359f,-0.3756508364842514f,0.6787621038847967f,0.348463463479321f,-0.15180146228250876f,0.7982410948321075f,0.5828957630401261f,0.47797989876017277f,-0.760781085904694f,-0.4708477498830392f,0.44667050021212973f,0.024958156751373195f,0f,0f,0f,1f], start_interpolation: 0, interpolation_duration: 1 }
$data merge entity $(bone_hand_right) { transformation: [0.6310059075623359f,0.5343865388810137f,0.5623722714396614f,0.32834883602407994f,-0.15180146228250876f,0.7959532963493453f,-0.5860159264725692f,0.38278141602419213f,-0.760781085904694f,0.28441057837813016f,0.583371890166378f,0.10942242817488138f,0f,0f,0f,1f], start_interpolation: 0, interpolation_duration: 1 }
$data merge entity $(bone_arm_right2) { transformation: [0.6310059075623359f,0.5343865388810137f,0.5623722714396614f,0.20574562609847477f,-0.15180146228250876f,0.7959532963493453f,-0.5860159264725692f,0.38410578619028374f,-0.760781085904694f,0.28441057837813016f,0.583371890166378f,0.3360784427864535f,0f,0f,0f,1f], start_interpolation: 0, interpolation_duration: 1 }
$data merge entity $(bone_arm_right) { transformation: [0.6152280637137584f,0.5343865388810137f,-0.5795907665601576f,0.08816303308004503f,-0.5970163281447084f,0.7959532963493453f,0.10014915855473534f,0.5271005458167899f,0.5148455433891121f,0.28441057837813016f,0.8087302945722931f,0.15682141352840712f,0f,0f,0f,1f], start_interpolation: 0, interpolation_duration: 1 }
$data merge entity $(bone_torso) { transformation: [-0.4967396257575394f,0.012055290735720883f,-0.8678158872523234f,0.078125f,-0.017150732699253213f,0.9995719255914093f,0.02370269894676713f,0.171875f,0.8677301404066466f,0.026657748118690577f,-0.49632022716699953f,9.567553118338697e-18f,0f,0f,0f,1f], start_interpolation: 0, interpolation_duration: 1 }
$data merge entity $(bone_foot_right) { transformation: [-0.8660203556100488f,-0.0648034535127043f,-0.4957915449882865f,0.1992824318248259f,-0.019397392941496255f,0.9951735852419503f,-0.09619395190840219f,-0.11548995579076864f,0.49963234964933817f,-0.07368885702404099f,-0.8630976002367124f,0.3168273041588029f,0f,0f,0f,1f], start_interpolation: 0, interpolation_duration: 1 }
$data merge entity $(bone_leg_right3) { transformation: [-0.8660203556100488f,-0.26092761190324854f,-0.4265272851946439f,0.18924744172559682f,-0.019397392941496255f,0.8699297019662202f,-0.4927941302248198f,0.03764354168728233f,0.49963234964933817f,-0.41849623054865276f,-0.7584381452699029f,0.30537865581726753f,0f,0f,0f,1f], start_interpolation: 0, interpolation_duration: 1 }
$data merge entity $(bone_foot_left) { transformation: [-0.024404753357379072f,-0.023645557987706206f,-0.9994224810364314f,0.3151659701760271f,0.00829898329370203f,0.999680998123154f,-0.023854325976343405f,-0.046503996880580545f,0.9996677122373497f,-0.00887634941543081f,-0.024200734104543944f,-0.0670986404539868f,0f,0f,0f,1f], start_interpolation: 0, interpolation_duration: 1 }
$data merge entity $(bone_leg_left3) { transformation: [-0.024404753357379072f,-0.17894438790912692f,-0.9835564620546163f,0.3514741945047196f,0.00829898329370203f,0.9837793269246792f,-0.17919085577092442f,0.10303939945388524f,0.9996677122373497f,-0.012535627285991092f,-0.022523835345925676f,-0.06745372333195894f,0f,0f,0f,1f], start_interpolation: 0, interpolation_duration: 1 }