# This file was generated by Animated Java via MC-Build. It is not recommended to edit this file directly.
$data merge entity $(bone_head2) { transformation: [-0.9935151695979341f,0.059513444908137536f,-0.09688012001414387f,0.14063718497402164f,0.07712394601989256f,0.978823358037967f,-0.18962260073524595f,1.009159509396886f,0.08354343019717081f,-0.19586470747545076f,-0.977065766280063f,-0.008598290084284158f,0f,0f,0f,1f], start_interpolation: 0, interpolation_duration: 1 }
$data merge entity $(bone_head1) { transformation: [-0.9935151695979341f,0.1113923308354297f,0.02278939248508005f,0.16094115594897104f,0.07712394601989256f,0.5129642638518012f,0.8549383375199059f,0.8872118757779158f,0.08354343019717081f,0.8511518152727104f,-0.5182287937087833f,0.3454377581048542f,0f,0f,0f,1f], start_interpolation: 0, interpolation_duration: 1 }
$data merge entity $(bone_eyelid_right) { transformation: [-0.9810206945144729f,0.18619031279806603f,-0.05414392259986506f,0.06908831272134076f,0.1589745091230331f,0.9321889130753104f,0.3251936896505867f,0.7376389091624715f,0.11102027915400195f,0.3104142357554334f,-0.944096128504369f,0.32632750957545087f,0f,0f,0f,1f], start_interpolation: 0, interpolation_duration: 1 }
$data merge entity $(bone_eye_right) { transformation: [-0.9810206945144729f,0.18619031279806603f,-0.05414392259986506f,0.06942671223758992f,0.1589745091230331f,0.9321889130753104f,0.3251936896505867f,0.7356064486021554f,0.11102027915400195f,0.3104142357554334f,-0.944096128504369f,0.33222811037860317f,0f,0f,0f,1f], start_interpolation: 0, interpolation_duration: 1 }
$data merge entity $(bone_eyelid_left) { transformation: [-0.9984483943398937f,0.013009207723318969f,-0.05414392259986506f,0.2864197560708889f,-0.005313576881171206f,0.9456325026732985f,0.3251936896505867f,0.72076804597062f,0.055430765291636847f,0.32497681517647653f,-0.944096128504369f,0.3080523842198198f,0f,0f,0f,1f], start_interpolation: 0, interpolation_duration: 1 }
$data merge entity $(bone_eye_left) { transformation: [-0.9984483943398937f,0.013009207723318969f,-0.05414392259986506f,0.286758155587138f,-0.005313576881171206f,0.9456325026732985f,0.3251936896505867f,0.7187355854103039f,0.055430765291636847f,0.32497681517647653f,-0.944096128504369f,0.3139529850229721f,0f,0f,0f,1f], start_interpolation: 0, interpolation_duration: 1 }
$data merge entity $(bone_mouth_closed) { transformation: [-0.9935151695979341f,0.09998021516424468f,-0.05414392259986506f,0.11642097149878725f,0.07712394601989256f,0.9424971942460936f,0.3251936896505867f,0.6242022820653061f,0.08354343019717081f,0.3189090707614833f,-0.944096128504369f,0.05879474093602514f,0f,0f,0f,1f], start_interpolation: 0, interpolation_duration: 1 }
$data merge entity $(bone_mouth_open) { transformation: [-0.9935151695979341f,0.09998021516424468f,-0.05414392259986506f,0.11295819025865544f,0.07712394601989256f,0.9424971942460936f,0.3251936896505867f,0.5967817053054318f,0.08354343019717081f,0.3189090707614833f,-0.944096128504369f,0.04292823167157648f,0f,0f,0f,1f], start_interpolation: 0, interpolation_duration: 1 }
$data merge entity $(bone_head) { transformation: [-0.9935151695979341f,0.09998021516424468f,-0.05414392259986506f,0.14434393882484003f,0.07712394601989256f,0.9424971942460936f,0.3251936896505867f,0.5923391214319941f,0.08354343019717081f,0.3189090707614833f,-0.944096128504369f,0.046218100281067195f,0f,0f,0f,1f], start_interpolation: 0, interpolation_duration: 1 }
$data merge entity $(bone_neck) { transformation: [-0.49673962575753944f,0.30569293079025583f,-0.8122817099178856f,0.09507787517191736f,-0.01715073269925321f,0.9322764360800947f,0.3613398664660129f,0.5307968956902995f,0.8677301404066466f,0.19342305652290048f,-0.4578557902169638f,0.01679893054593547f,0f,0f,0f,1f], start_interpolation: 0, interpolation_duration: 1 }
$data merge entity $(bone_finger_left2) { transformation: [0.005654934397543929f,-0.4303349877761023f,0.9026515496096491f,0.2015009460710075f,0.07561387961483908f,-0.8998977095362389f,-0.42949581322874764f,0.25783014477720273f,0.9971211375387402f,0.07068175625416f,0.027450435447827826f,0.43669376321536213f,0f,0f,0f,1f], start_interpolation: 0, interpolation_duration: 1 }
$data merge entity $(bone_finger_left) { transformation: [0.4247792014072789f,-0.06915786317616432f,0.9026515496096491f,0.25459834624691735f,0.8993564536706598f,-0.08180046246758743f,-0.42949581322874764f,0.3702497014860352f,0.10354032689116316f,0.9942463851083367f,0.027450435447827826f,0.44963630407675753f,0f,0f,0f,1f], start_interpolation: 0, interpolation_duration: 1 }
$data merge entity $(bone_finger_left4) { transformation: [-0.031872749825040764f,-0.42919029323353647f,0.9026515496096491f,0.285797987853554f,-0.0031051072970972246f,-0.9030635109047703f,-0.42949581322874764f,0.21722590003748055f,0.9994871115363436f,-0.016492042519371676f,0.027450435447827826f,0.444700612245742f,0f,0f,0f,1f], start_interpolation: 0, interpolation_duration: 1 }
$data merge entity $(bone_finger_left3) { transformation: [0.42739152935414376f,-0.05056343168362616f,0.9026515496096491f,0.33922192902282194f,0.9020685516668764f,-0.04249322902064123f,-0.42949581322874764f,0.3299844689958401f,0.06007336123399509f,0.9978164484832739f,0.027450435447827826f,0.4522097823999914f,0f,0f,0f,1f], start_interpolation: 0, interpolation_duration: 1 }
$data merge entity $(bone_thumb_left2) { transformation: [0.1767423134204661f,-0.8991344723601177f,-0.40039899507925103f,0.15366976321277975f,0.31178375784566187f,-0.3347089480776077f,0.8892473269121584f,0.34446010176299535f,-0.9335700525351156f,-0.282005533084856f,0.2211782907952471f,0.28802108392163955f,0f,0f,0f,1f], start_interpolation: 0, interpolation_duration: 1 }
$data merge entity $(bone_thumb_left) { transformation: [0.1767423134204661f,-0.7428753749419482f,0.6456766465899484f,0.22885614674213375f,0.31178375784566187f,0.6644776631563982f,0.6791614855907613f,0.41961204502916355f,-0.9335700525351156f,0.08127491907760796f,0.3490577954128929f,0.36082737248997354f,0f,0f,0f,1f], start_interpolation: 0, interpolation_duration: 1 }
$data merge entity $(bone_hand_left) { transformation: [0.1767423134204661f,0.3924058290011508f,0.9026515496096491f,0.30000075979424556f,0.31178375784566187f,0.8475401080554326f,-0.42949581322874764f,0.3458620406508578f,-0.9335700525351156f,0.3573421757969598f,0.027450435447827826f,0.28271883654245267f,0f,0f,0f,1f], start_interpolation: 0, interpolation_duration: 1 }
$data merge entity $(bone_arm_left2) { transformation: [0.1767423134204661f,0.3924058290011508f,0.9026515496096491f,0.4006020599999651f,0.31178375784566187f,0.8475401080554326f,-0.42949581322874764f,0.39696449178547655f,-0.9335700525351156f,0.3573421757969598f,0.027450435447827826f,0.05104197562416299f,0f,0f,0f,1f], start_interpolation: 0, interpolation_duration: 1 }
$data merge entity $(bone_arm_left) { transformation: [-0.5778634344771958f,0.3924058290011508f,0.7156056990131778f,0.21141084519234254f,0.5294236175114484f,0.8475401080554326f,-0.037234372003260685f,0.5316475444135424f,-0.6211155160799886f,0.3573421757969598f,-0.6975113512204538f,-0.0606424439445558f,0f,0f,0f,1f], start_interpolation: 0, interpolation_duration: 1 }
$data merge entity $(bone_finger_right2) { transformation: [-0.7972351530242211f,-0.21555866931727719f,0.5638710587223039f,0.3894497665397943f,-0.20003820389090665f,-0.786965072414183f,-0.5836700196037482f,0.3359614827790304f,0.5695619613058327f,-0.578118011207318f,0.5842762508874966f,-0.07820148093776064f,0f,0f,0f,1f], start_interpolation: 0, interpolation_duration: 1 }
$data merge entity $(bone_finger_right) { transformation: [-0.3507222802673219f,0.7476919895648735f,0.5638710587223039f,0.43329005157320954f,-0.8097455742327231f,0.06034412337815481f,-0.5836700196037482f,0.43717967955812076f,-0.47043170294380476f,-0.6612981744374042f,0.5842762508874966f,-0.01939751806978504f,0f,0f,0f,1f], start_interpolation: 0, interpolation_duration: 1 }
$data merge entity $(bone_finger_right4) { transformation: [-0.7754142566450466f,-0.28422202540795244f,0.5638710587223039f,0.446431137847499f,-0.13068847272919396f,-0.8014049109604152f,-0.5836700196037482f,0.2816677774480032f,0.6177809107501794f,-0.5262775018576518f,0.5842762508874966f,-0.02697529172864569f,0f,0f,0f,1f], start_interpolation: 0, interpolation_duration: 1 }
$data merge entity $(bone_finger_right3) { transformation: [-0.31777460384741274f,0.7622786434664222f,0.5638710587223039f,0.48615296332842556f,-0.8063427021781288f,0.09560729501368548f,-0.5836700196037482f,0.3824606152202693f,-0.49882937743650774f,-0.6401488224273773f,0.5842762508874966f,0.035378380450917776f,0f,0f,0f,1f], start_interpolation: 0, interpolation_duration: 1 }
$data merge entity $(bone_thumb_right2) { transformation: [0.631441397155201f,-0.7733901129574274f,-0.056120362956650294f,0.24327692210751717f,-0.15128962906317203f,-0.1938577395437811f,0.9692938795622841f,0.4102834061821476f,-0.7605216697087703f,-0.6035618526701916f,-0.239415705217328f,-0.007449178349151514f,0f,0f,0f,1f], start_interpolation: 0, interpolation_duration: 1 }
$data merge entity $(bone_thumb_right) { transformation: [0.631441397155201f,-0.37771110714444633f,0.6772119915494742f,0.34766096471230146f,-0.15128962906317203f,0.7965507700632888f,0.5853360734223627f,0.4787226144517188f,-0.7605216697087703f,-0.4720605790058079f,0.4458313578608911f,0.0245134392050608f,0f,0f,0f,1f], start_interpolation: 0, interpolation_duration: 1 }
$data merge entity $(bone_hand_right) { transformation: [0.631441397155201f,0.5322886351351835f,0.5638710587223039f,0.3277907494493684f,-0.15128962906317203f,0.7977723712649418f,-0.5836700196037482f,0.3835983787262568f,-0.7605216697087703f,0.283245569342639f,0.5842762508874966f,0.1091190939986468f,0f,0f,0f,1f], start_interpolation: 0, interpolation_duration: 1 }
$data merge entity $(bone_arm_right2) { transformation: [0.631441397155201f,0.5322886351351835f,0.5638710587223039f,0.20517234133071216f,-0.15128962906317203f,0.7977723712649418f,-0.5836700196037482f,0.38494140976681557f,-0.7605216697087703f,0.283245569342639f,0.5842762508874966f,0.3357667771063079f,0f,0f,0f,1f], start_interpolation: 0, interpolation_duration: 1 }
$data merge entity $(bone_arm_right) { transformation: [0.6167591030772192f,0.5322886351351835f,-0.5798939710648046f,0.08722593875295767f,-0.5946347389553777f,0.7977723712649418f,0.09984373227089377f,0.5273598612387291f,0.5157690723558893f,0.283245569342639f,0.8085506857636757f,0.15629009115710585f,0f,0f,0f,1f], start_interpolation: 0, interpolation_duration: 1 }
$data merge entity $(bone_torso) { transformation: [-0.49673962575753944f,0.009440684443086406f,-0.8678482688117239f,0.078125f,-0.01715073269925321f,0.9996388004350343f,0.020691085826620284f,0.171875f,0.8677301404066466f,0.025162315911932007f,-0.49639828896543314f,9.567553118338697e-18f,0f,0f,0f,1f], start_interpolation: 0, interpolation_duration: 1 }
$data merge entity $(bone_foot_right) { transformation: [-0.8665327738056284f,-0.07054436535691844f,-0.49410974938480395f,0.19915598979355553f,-0.018609815026309706f,0.9938395771647968f,-0.10925460926471087f,-0.11549429282935635f,0.4987731214744943f,-0.08547740857845254f,-0.8625073831088647f,0.3168793053528174f,0f,0f,0f,1f], start_interpolation: 0, interpolation_duration: 1 }
$data merge entity $(bone_leg_right3) { transformation: [-0.8665327738056284f,-0.25985647882576896f,-0.42614030827064087f,0.18924744172559682f,-0.018609815026309706f,0.8700102478401841f,-0.4926822946258045f,0.03764354168728233f,0.4987731214744943f,-0.41899496305484885f,-0.7587282743046125f,0.30537865581726753f,0f,0f,0f,1f], start_interpolation: 0, interpolation_duration: 1 }
$data merge entity $(bone_foot_left) { transformation: [-0.024404753357379072f,-0.01853013854357588f,-0.9995304107325209f,0.3129337218052827f,0.00829898329370203f,0.9997899929215925f,-0.018737580690508487f,-0.04594444197673997f,0.9996677122373497f,-0.008752372215482217f,-0.02424584687622419f,-0.06715778131349f,0f,0f,0f,1f], start_interpolation: 0, interpolation_duration: 1 }
$data merge entity $(bone_leg_left3) { transformation: [-0.024404753357379072f,-0.16421140682535418f,-0.986123228548037f,0.3514741945047196f,0.00829898329370203f,0.9863497553786194f,-0.16445451328810978f,0.10303939945388524f,0.9996677122373497f,-0.012197292034555865f,-0.02270883478224753f,-0.06745372333195894f,0f,0f,0f,1f], start_interpolation: 0, interpolation_duration: 1 }