# This file was generated by Animated Java via MC-Build. It is not recommended to edit this file directly.
$data merge entity $(bone_head2) { transformation: [-0.9939242699831641f,0.054110827534774614f,-0.09584656426777786f,0.13607486271428748f,0.07204737848560813f,0.9781748540706084f,-0.1948926117565653f,1.0093511418345353f,0.08320889851324131f,-0.20061399055760215f,-0.9761302710195847f,-0.011905396959382891f,0f,0f,0f,1f], start_interpolation: 0, interpolation_duration: 1 }
$data merge entity $(bone_head1) { transformation: [-0.9939242699831641f,0.10857330215902736f,0.018066089690908338f,0.15705616737202482f,0.07204737848560813f,0.5176946529001322f,0.8525264932023892f,0.8892365889929525f,0.08320889851324131f,0.8486483867992072f,-0.522371701752035f,0.3427173308098985f,0f,0f,0f,1f], start_interpolation: 0, interpolation_duration: 1 }
$data merge entity $(bone_eyelid_right) { transformation: [-0.9818810629369996f,0.1810501572377632f,-0.055950145753966174f,0.06602945729597265f,0.15409796683572996f,0.934696859835465f,0.32030547424422084f,0.7390683097148566f,0.11028778201960104f,0.3058800758106063f,-0.9456606073847504f,0.324336778549802f,0f,0f,0f,1f], start_interpolation: 0, interpolation_duration: 1 }
$data merge entity $(bone_eye_right) { transformation: [-0.9818810629369996f,0.1810501572377632f,-0.055950145753966174f,0.06637914570693494f,0.15409796683572996f,0.934696859835465f,0.32030547424422084f,0.7370664005008303f,0.11028778201960104f,0.3058800758106063f,-0.9456606073847504f,0.33024715734595667f,0f,0f,0f,1f], start_interpolation: 0, interpolation_duration: 1 }
$data merge entity $(bone_eyelid_left) { transformation: [-0.9984031131868738f,0.00779774126714998f,-0.055950145753966174f,0.2834503913547898f,-0.010551533918185738f,0.9472555454053346f,0.32030547424422084f,0.7233079456711299f,0.055496745046289216f,0.3203843425168784f,-0.9456606073847504f,0.30613483200003044f,0f,0f,0f,1f], start_interpolation: 0, interpolation_duration: 1 }
$data merge entity $(bone_eye_left) { transformation: [-0.9984031131868738f,0.00779774126714998f,-0.055950145753966174f,0.28380007976575206f,-0.010551533918185738f,0.9472555454053346f,0.32030547424422084f,0.7213060364571036f,0.055496745046289216f,0.3203843425168784f,-0.9456606073847504f,0.31204521079618514f,0f,0f,0f,1f], start_interpolation: 0, interpolation_duration: 1 }
$data merge entity $(bone_mouth_closed) { transformation: [-0.9939242699831641f,0.09478463339880223f,-0.055950145753966174f,0.11398329731231788f,0.07204737848560813f,0.9445705788465657f,0.32030547424422084f,0.624597728935237f,0.08320889851324131f,0.3143283233323373f,-0.9456606073847504f,0.05735560577976685f,0f,0f,0f,1f], start_interpolation: 0, interpolation_duration: 1 }
$data merge entity $(bone_mouth_open) { transformation: [-0.9939242699831641f,0.09478463339880223f,-0.055950145753966174f,0.11067158910764302f,0.07204737848560813f,0.9445705788465657f,0.32030547424422084f,0.5970818075603083f,0.08320889851324131f,0.3143283233323373f,-0.9456606073847504f,0.04162246687947662f,0f,0f,0f,1f], start_interpolation: 0, interpolation_duration: 1 }
$data merge entity $(bone_head) { transformation: [-0.9939242699831641f,0.09478463339880223f,-0.055950145753966174f,0.1420814109555792f,0.07204737848560813f,0.9445705788465657f,0.32030547424422084f,0.5928284177686066f,0.08320889851324131f,0.3143283233323373f,-0.9456606073847504f,0.04493256759709252f,0f,0f,0f,1f], start_interpolation: 0, interpolation_duration: 1 }
$data merge entity $(bone_neck) { transformation: [-0.4967396257575394f,0.30066364378800264f,-0.8141566910038763f,0.09314966719077034f,-0.01715073269925321f,0.9344932630563799f,0.3555674249282661f,0.5309326136213353f,0.8677301404066466f,0.19058781337315484f,-0.45904323197657654f,0.01569779367804678f,0f,0f,0f,1f], start_interpolation: 0, interpolation_duration: 1 }
$data merge entity $(bone_finger_left2) { transformation: [0.005135114369430482f,-0.4255078453745345f,0.9049401660469787f,0.20098799906660342f,0.07870566949248356f,-0.9019727902376043f,-0.42455918699367495f,0.2598320064975871f,0.9968846714591173f,0.07340408160117119f,0.028858146408522467f,0.43643968916921855f,0f,0f,0f,1f], start_interpolation: 0, interpolation_duration: 1 }
$data merge entity $(bone_finger_left) { transformation: [0.4199351283447243f,-0.06883156148865045f,0.9049401660469787f,0.25347989010969396f,0.9019368929114724f,-0.07911597780770238f,-0.42455918699367495f,0.37257411811152114f,0.10081829787939833f,0.9944862383153247f,0.028858146408522467f,0.44904197640414334f,0f,0f,0f,1f], start_interpolation: 0, interpolation_duration: 1 }
$data merge entity $(bone_finger_left4) { transformation: [-0.03196987859965194f,-0.4243362142655155f,0.9049401660469787f,0.28550080146458817f,-0.00020593781316290832f,-0.9054001625407889f,-0.42455918699367495f,0.21970551441523228f,0.9994888115691642f,-0.01375946706539416f,0.028858146408522467f,0.4445794950373484f,0f,0f,0f,1f], start_interpolation: 0, interpolation_duration: 1 }
$data merge entity $(bone_finger_left3) { transformation: [0.4225378336960804f,-0.05044873606235785f,0.9049401660469787f,0.3383180306765982f,0.9045294393250546f,-0.039698742216501604f,-0.42455918699367495f,0.3327716943308641f,0.05734346074075075f,0.997937340165272f,0.028858146408522467f,0.45174742762994224f,0f,0f,0f,1f], start_interpolation: 0, interpolation_duration: 1 }
$data merge entity $(bone_thumb_left2) { transformation: [0.17517339182887753f,-0.8972931726430613f,-0.4051903813311901f,0.15270962693122792f,0.3098586116026543f,-0.3403940148626918f,0.8877609787895238f,0.3457469379486843f,-0.9345062458918298f,-0.28106383078191804f,0.218406042533973f,0.287496879987093f,0f,0f,0f,1f], start_interpolation: 0, interpolation_duration: 1 }
$data merge entity $(bone_thumb_left) { transformation: [0.17517339182887753f,-0.746439678727015f,0.641982934988989f,0.2274833253101991f,0.3098586116026543f,0.6607279612360151f,0.6836857480279771f,0.4215245748395985f,-0.9345062458918298f,0.0791603894811613f,0.3470327205413765f,0.36007929023888474f,0f,0f,0f,1f], start_interpolation: 0, interpolation_duration: 1 }
$data merge entity $(bone_hand_left) { transformation: [0.17517339182887753f,0.3878112668167758f,0.9049401660469787f,0.2990315986903597f,0.3098586116026543f,0.8507274167175671f,-0.42455918699367495f,0.3479178507392594f,-0.9345062458918298f,0.3547749762525854f,0.028858146408522467f,0.2822046650806578f,0f,0f,0f,1f], start_interpolation: 0, interpolation_duration: 1 }
$data merge entity $(bone_arm_left2) { transformation: [0.17517339182887753f,0.3878112668167758f,0.9049401660469787f,0.3993837070255153f,0.3098586116026543f,0.8507274167175671f,-0.42455918699367495f,0.39884755445281833f,-0.9345062458918298f,0.3547749762525854f,0.028858146408522467f,0.05038173775823298f,0f,0f,0f,1f], start_interpolation: 0, interpolation_duration: 1 }
$data merge entity $(bone_arm_left) { transformation: [-0.5806250997410856f,0.3878112668167758f,0.7158749296354925f,0.20948524898802562f,0.5244044822644758f,0.8507274167175671f,-0.03553591740734971f,0.5321696698568966f,-0.6227956587289132f,0.3547749762525854f,-0.6973236577754952f,-0.06173444831302686f,0f,0f,0f,1f], start_interpolation: 0, interpolation_duration: 1 }
$data merge entity $(bone_finger_right2) { transformation: [-0.7962153320182592f,-0.2112664750837066f,0.5669282331695603f,0.38857370172431344f,-0.20256321437167388f,-0.7898826498684648f,-0.5788380979342908f,0.3373888615490884f,0.5700958596959539f,-0.5757185735604489f,0.5861218600385534f,-0.0786747796025309f,0f,0f,0f,1f], start_interpolation: 0, interpolation_duration: 1 }
$data merge entity $(bone_finger_right) { transformation: [-0.34631820404943553f,0.7474329936383695f,0.5669282331695603f,0.4318634772304929f,-0.8130572905982885f,0.0623241412679133f,-0.5788380979342908f,0.43902102287387446f,-0.46797600766379477f,-0.6614073037365121f,0.5861218600385534f,-0.020177778644556554f,0f,0f,0f,1f], start_interpolation: 0, interpolation_duration: 1 }
$data merge entity $(bone_finger_right4) { transformation: [-0.7747724057423487f,-0.27985728101204527f,0.5669282331695603f,0.44583974701790585f,-0.13294959115270857f,-0.8045314553155397f,-0.5788380979342908f,0.2835593387730088f,0.6181036527254484f,-0.5238406624846961f,0.5861218600385534f,-0.02727645171437186f,0f,0f,0f,1f], start_interpolation: 0, interpolation_duration: 1 }
$data merge entity $(bone_finger_right3) { transformation: [-0.3133860165778667f,0.7618277909401169f,0.5669282331695603f,0.4850129990901392f,-0.8095648993562068f,0.09772988340414265f,-0.5788380979342908f,0.38475495119253467f,-0.4963807795874374f,-0.6403649637832435f,0.5861218600385534f,0.03477114573405782f,0f,0f,0f,1f], start_interpolation: 0, interpolation_duration: 1 }
$data merge entity $(bone_thumb_right2) { transformation: [0.6323310851021591f,-0.7722697022362544f,-0.061293603430161325f,0.24199604957643567f,-0.15023421391432595f,-0.1998584244250558f,0.9682387573093111f,0.4111422570881676f,-0.7599914998097484f,-0.603039067718056f,-0.24239802602881758f,-0.008165449676460226f,0f,0f,0f,1f], start_interpolation: 0, interpolation_duration: 1 }
$data merge entity $(bone_thumb_right) { transformation: [0.6323310851021591f,-0.38192614923838475f,0.6740102486917138f,0.34600767707234237f,-0.15023421391432595f,0.7930585055353658f,0.5903286269253397f,0.48023851626901237f,-0.7599914998097484f,-0.4745425411129666f,0.4440971705505202f,0.02359696227330016f,0f,0f,0f,1f], start_interpolation: 0, interpolation_duration: 1 }
$data merge entity $(bone_hand_right) { transformation: [0.6323310851021591f,0.5279675910969984f,0.5669282331695603f,0.3266385316695413f,-0.15023421391432595f,0.8014837099712988f,-0.5788380979342908f,0.3852693510841118f,-0.7599914998097484f,0.28084530510919337f,0.5861218600385534f,0.10849252382069924f,0f,0f,0f,1f], start_interpolation: 0, interpolation_duration: 1 }
$data merge entity $(bone_arm_right2) { transformation: [0.6323310851021591f,0.5279675910969984f,0.5669282331695603f,0.20398877496709908f,-0.15023421391432595f,0.8014837099712988f,-0.5788380979342908f,0.3866505234418001f,-0.7599914998097484f,0.28084530510919337f,0.5861218600385534f,0.3351230150255459f,0f,0f,0f,1f], start_interpolation: 0, interpolation_duration: 1 }
$data merge entity $(bone_arm_right) { transformation: [0.6198821854665484f,0.5279675910969984f,-0.5805138231708605f,0.08530034254864077f,-0.5897292187154647f,0.8014837099712988f,0.09921346301732768f,0.5278819866820833f,0.5176538657582535f,0.28084530510919337f,0.8081833887575646f,0.15519808678863478f,0f,0f,0f,1f], start_interpolation: 0, interpolation_duration: 1 }
$data merge entity $(bone_torso) { transformation: [-0.4967396257575394f,0.004073419259491104f,-0.867890057241006f,0.078125f,-0.01715073269925321f,0.9997476451041295f,0.014508565629524225f,0.171875f,0.8677301404066466f,0.022091929845168615f,-0.4965444089561151f,9.567553118338697e-18f,0f,0f,0f,1f], start_interpolation: 0, interpolation_duration: 1 }
$data merge entity $(bone_foot_right) { transformation: [-0.8733423040445543f,-0.07212138810650612f,-0.4817382332177305f,0.1974349122964737f,-0.00790886616323884f,0.990947404662841f,-0.1340175026927145f,-0.11554234348128918f,0.4870427802587385f,-0.11323315137171824f,-0.8660066879812579f,0.31757252869557206f,0f,0f,0f,1f], start_interpolation: 0, interpolation_duration: 1 }
$data merge entity $(bone_leg_right3) { transformation: [-0.8733423040445543f,-0.2452676578566963f,-0.4208527010435366f,0.18924744172559682f,-0.00790886616323884f,0.8710100932998452f,-0.4912014527724923f,0.03764354168728233f,0.4870427802587385f,-0.4256585408273696f,-0.7626297508087085f,0.30537865581726753f,0f,0f,0f,1f], start_interpolation: 0, interpolation_duration: 1 }
$data merge entity $(bone_foot_left) { transformation: [-0.024404753357379072f,-0.099597044395555f,-0.994728524151809f,0.3145038534192369f,0.00829898329370203f,0.9949704125889798f,-0.09982487139388979f,-0.046341725694017455f,0.9996677122373497f,-0.010691436769004761f,-0.023455453309583006f,-0.06711615175478734f,0f,0f,0f,1f], start_interpolation: 0, interpolation_duration: 1 }
$data merge entity $(bone_leg_left3) { transformation: [-0.024404753357379072f,-0.17458413970893433f,-0.9843397717128255f,0.3514741945047196f,0.00829898329370203f,0.9845637265821261f,-0.17482961755665943f,0.10303939945388524f,0.9996677122373497f,-0.012435693016806453f,-0.02257916405306907f,-0.06745372333195894f,0f,0f,0f,1f], start_interpolation: 0, interpolation_duration: 1 }