# This file was generated by Animated Java via MC-Build. It is not recommended to edit this file directly.
$data merge entity $(bone_head2) { transformation: [-0.9938393079596395f,0.052819405478343795f,-0.09743480055513865f,0.13605968966417317f,0.07313034927097181f,0.9731135099431162f,-0.21840798699153513f,1.0077544714208018f,0.08327894073420361f,-0.22418788364026998f,-0.9709811588589585f,-0.021624136819224343f,0f,0f,0f,1f], start_interpolation: 0, interpolation_duration: 1 }
$data merge entity $(bone_head1) { transformation: [-0.9938393079596395f,0.10962406372149029f,0.016309341111521977f,0.1577989308220163f,0.07313034927097181f,0.5380607958395396f,0.8397276534663053f,0.8962257627280015f,0.08327894073420361f,0.8357470578073898f,-0.5427628150458366f,0.33574647267629315f,0f,0f,0f,1f], start_interpolation: 0, interpolation_duration: 1 }
$data merge entity $(bone_eyelid_right) { transformation: [-0.9818246876211286f,0.18071970015206074f,-0.0579713097542483f,0.0668813204447149f,0.15581954095231387f,0.941948845786398f,0.29740988984746736f,0.7455765344199006f,0.10835383442723155f,0.28297130932061243f,-0.9529882919880467f,0.3211513747507941f,0f,0f,0f,1f], start_interpolation: 0, interpolation_duration: 1 }
$data merge entity $(bone_eye_right) { transformation: [-0.9818246876211286f,0.18071970015206074f,-0.0579713097542483f,0.06724364113067895f,0.15581954095231387f,0.941948845786398f,0.29740988984746736f,0.7437177226083539f,0.10835383442723155f,0.28297130932061243f,-0.9529882919880467f,0.32710755157571936f,0f,0f,0f,1f], start_interpolation: 0, interpolation_duration: 1 }
$data merge entity $(bone_eyelid_left) { transformation: [-0.9982902110679962f,0.007482094037978795f,-0.0579713097542483f,0.28428366906088604f,-0.010115408525634514f,0.9546963056026125f,0.29740988984746736f,0.7295792705168754f,0.05757024401698911f,0.2974877851904679f,-0.9529882919880467f,0.30293410646518704f,0f,0f,0f,1f], start_interpolation: 0, interpolation_duration: 1 }
$data merge entity $(bone_eye_left) { transformation: [-0.9982902110679962f,0.007482094037978795f,-0.0579713097542483f,0.28464598974685007f,-0.010115408525634514f,0.9546963056026125f,0.29740988984746736f,0.7277204587053288f,0.05757024401698911f,0.2974877851904679f,-0.9529882919880467f,0.3088902832901123f,0f,0f,0f,1f], start_interpolation: 0, interpolation_duration: 1 }
$data merge entity $(bone_mouth_closed) { transformation: [-0.9938393079596395f,0.094460347234606f,-0.0579713097542483f,0.11445856588119893f,0.07313034927097181f,0.9519450138723471f,0.29740988984746736f,0.6247590185557823f,0.08327894073420361f,0.2913381769763356f,-0.9529882919880467f,0.05691366959291906f,0f,0f,0f,1f], start_interpolation: 0, interpolation_duration: 1 }
$data merge entity $(bone_mouth_open) { transformation: [-0.9938393079596395f,0.094460347234606f,-0.0579713097542483f,0.11114435934415344f,0.07313034927097181f,0.9519450138723471f,0.29740988984746736f,0.5968695486838181f,0.08327894073420361f,0.2913381769763356f,-0.9529882919880467f,0.04185317473748328f,0f,0f,0f,1f], start_interpolation: 0, interpolation_duration: 1 }
$data merge entity $(bone_head) { transformation: [-0.9938393079596395f,0.094460347234606f,-0.0579713097542483f,0.14256415840385622f,0.07313034927097181f,0.9519450138723471f,0.29740988984746736f,0.5927254134575536f,0.08327894073420361f,0.2913381769763356f,-0.9529882919880467f,0.04520688466446471f,0f,0f,0f,1f], start_interpolation: 0, interpolation_duration: 1 }
$data merge entity $(bone_neck) { transformation: [-0.4967396257575394f,0.3017372332687208f,-0.8137594154672483f,0.0935609553213859f,-0.01715073269925321f,0.934023466219091f,0.3567996873876902f,0.5309048203900524f,0.8677301404066466f,0.1911931133995476f,-0.45879145242522695f,0.015932689791836714f,0f,0f,0f,1f], start_interpolation: 0, interpolation_duration: 1 }
$data merge entity $(bone_finger_left2) { transformation: [0.005247368367679681f,-0.4265382598361841f,0.9044542984701511f,0.20109829637452986f,0.0780465657509981f,-0.9015331041007213f,-0.4256134346857404f,0.2594053576498796f,0.9969359050107925f,0.07282290234835255f,0.02855917004874664f,0.4364943970800163f,0f,0f,0f,1f], start_interpolation: 0, interpolation_duration: 1 }
$data merge entity $(bone_finger_left) { transformation: [0.4209693811976045f,-0.06889994247437513f,0.9044542984701511f,0.2537194690242304f,0.9013894344313755f,-0.07968871758594145f,-0.4256134346857404f,0.37207903695380157f,0.10139954432634779f,0.9944357727960791f,0.02855917004874664f,0.4491693401208098f,0f,0f,0f,1f], start_interpolation: 0, interpolation_duration: 1 }
$data merge entity $(bone_finger_left4) { transformation: [-0.03194785829949949f,-0.42537249126964166f,0.9044542984701511f,0.28556529889254195f,-0.0008242122940873356f,-0.9049047048662645f,-0.4256134346857404f,0.2191768418942171f,0.9994891970522586f,-0.014342900053942835f,0.02855917004874664f,0.4446059679072662f,0f,0f,0f,1f], start_interpolation: 0, interpolation_duration: 1 }
$data merge entity $(bone_finger_left3) { transformation: [0.4235740849061211f,-0.05047193848871262f,0.9044542984701511f,0.3385120595058071f,0.9040074844623703f,-0.04029481667689039f,-0.4256134346857404f,0.3321777774520134f,0.05792635524490891f,0.9979122762919427f,0.02855917004874664f,0.4518467623128798f,0f,0f,0f,1f], start_interpolation: 0, interpolation_duration: 1 }
$data merge entity $(bone_thumb_left2) { transformation: [0.1755071271247931f,-0.8976884252781827f,-0.4041691965625016f,0.15291497381630303f,0.31027014306514655f,-0.3391826090151307f,0.888080849959069f,0.3454730564787483f,-0.9343070622930848f,-0.28126615307083336f,0.2189969508600506f,0.2876090193060234f,0f,0f,0f,1f], start_interpolation: 0, interpolation_duration: 1 }
$data merge entity $(bone_thumb_left) { transformation: [0.1755071271247931f,-0.7456812120007528f,0.6427727268619055f,0.22777696695139144f,0.31027014306514655f,0.6615298252013813f,0.6827230248727248f,0.4211174926170531f,-0.9343070622930848f,0.07961042920445743f,0.3474658154569266f,0.3602393419347981f,0f,0f,0f,1f], start_interpolation: 0, interpolation_duration: 1 }
$data merge entity $(bone_hand_left) { transformation: [0.1755071271247931f,0.3887925800568575f,0.9044542984701511f,0.2992392166247141f,0.31027014306514655f,0.8500503764703244f,-0.4256134346857404f,0.34747996852744134f,-0.9343070622930848f,0.3553233557696309f,0.02855917004874664f,0.2823148629979484f,0f,0f,0f,1f], start_interpolation: 0, interpolation_duration: 1 }
$data merge entity $(bone_arm_left2) { transformation: [0.1755071271247931f,0.3887925800568575f,0.9044542984701511f,0.39964439206029684f,0.31027014306514655f,0.8500503764703244f,-0.4256134346857404f,0.3984466646258692f,-0.9343070622930848f,0.3553233557696309f,0.02855917004874664f,0.050523045552723835f,0f,0f,0f,1f], start_interpolation: 0, interpolation_duration: 1 }
$data merge entity $(bone_arm_left) { transformation: [-0.5800383826706356f,0.3887925800568575f,0.7158182760460681f,0.2098961541397587f,0.5254766101757398f,0.8500503764703244f,-0.03589832337133926f,0.5320594623805128f,-0.6224385968005569f,0.3553233557696309f,-0.6973632525861693f,-0.061501400360779813f,0f,0f,0f,1f], start_interpolation: 0, interpolation_duration: 1 }
$data merge entity $(bone_finger_right2) { transformation: [-0.7964339654605761f,-0.21218318112765827f,0.5662784088302233f,0.388761182069416f,-0.20202529175875883f,-0.7892629569371628f,-0.5798704737237403f,0.3370849550161761f,0.5699813331597188f,-0.5762311016019129f,0.5857294575109878f,-0.07857346158595227f,0f,0f,0f,1f], start_interpolation: 0, interpolation_duration: 1 }
$data merge entity $(bone_finger_right) { transformation: [-0.34725894856758766f,0.7474891212134425f,0.5662784088302233f,0.43216855064036447f,-0.8123536029135968f,0.06190199945642766f,-0.5798704737237403f,0.43862915538037567f,-0.46850063657697644f,-0.6613835166761055f,0.5857294575109878f,-0.020010882013830222f,0f,0f,0f,1f], start_interpolation: 0, interpolation_duration: 1 }
$data merge entity $(bone_finger_right4) { transformation: [-0.7749103110222685f,-0.2807895538727932f,0.5662784088302233f,0.4459667242850416f,-0.1324677252954421f,-0.8038672374580623f,-0.5798704737237403f,0.28315626159459195f,0.618034231759393f,-0.5243612218475558f,0.5857294575109878f,-0.027211729321317588f,0f,0f,0f,1f], start_interpolation: 0, interpolation_duration: 1 }
$data merge entity $(bone_finger_right3) { transformation: [-0.3143234174652505f,0.7619248997937244f,0.5662784088302233f,0.4852571514681979f,-0.8088802949934648f,0.09727744895241983f,-0.5798704737237403f,0.384266298468775f,-0.49690387159313987f,-0.6403183153710605f,0.5857294575109878f,0.034901254627824896f,0f,0f,0f,1f], start_interpolation: 0, interpolation_duration: 1 }
$data merge entity $(bone_thumb_right2) { transformation: [0.6321418175786155f,-0.772511353739302f,-0.06019078677236267f,0.24226960680541923f,-0.15045984381779406f,-0.19857927289434224f,0.9684668852237953f,0.4109598476940342f,-0.7601043072281132f,-0.6031521207130305f,-0.24176220013195743f,-0.00801245480558288f,0f,0f,0f,1f], start_interpolation: 0, interpolation_duration: 1 }
$data merge entity $(bone_thumb_right) { transformation: [0.6321418175786155f,-0.3810287842519131f,0.6746953297896126f,0.3463609548284525f,-0.15045984381779406f,0.7938058524371163f,0.589265732954928f,0.47991619419409415f,-0.7601043072281132f,-0.4740140654116634f,0.4444683429955142f,0.023792828467977853f,0f,0f,0f,1f], start_interpolation: 0, interpolation_duration: 1 }
$data merge entity $(bone_hand_right) { transformation: [0.6321418175786155f,0.5288908074084058f,0.5662784088302233f,0.3268850165945971f,-0.15045984381779406f,0.800694741522467f,-0.5798704737237403f,0.38491365617595147f,-0.7601043072281132f,0.2813582142699137f,0.5857294575109878f,0.10862659591952042f,0f,0f,0f,1f], start_interpolation: 0, interpolation_duration: 1 }
$data merge entity $(bone_arm_right2) { transformation: [0.6321418175786155f,0.5288908074084058f,0.5662784088302233f,0.2042419627518322f,-0.15045984381779406f,0.800694741522467f,-0.5798704737237403f,0.3862867125226662f,-0.7601043072281132f,0.2813582142699137f,0.5857294575109878f,0.33526076382098546f,0f,0f,0f,1f], start_interpolation: 0, interpolation_duration: 1 }
$data merge entity $(bone_arm_right) { transformation: [0.6192183381534174f,0.5288908074084058f,-0.5803819117903359f,0.08571124770037386f,-0.5907773309451755f,0.800694741522467f,0.09934825685216939f,0.5277717792056995f,0.5172531246264398f,0.2813582142699137f,0.8082615667758988f,0.15543113474088183f,0f,0f,0f,1f], start_interpolation: 0, interpolation_duration: 1 }
$data merge entity $(bone_torso) { transformation: [-0.4967396257575394f,0.005218139608252681f,-0.867883929578886f,0.078125f,-0.01715073269925321f,0.9997276390658476f,0.015827193551140123f,0.171875f,0.8677301404066466f,0.02274683949157044f,-0.496514838371429f,9.567553118338697e-18f,0f,0f,0f,1f], start_interpolation: 0, interpolation_duration: 1 }
$data merge entity $(bone_foot_right) { transformation: [-0.8867394125486427f,-0.05733404960774166f,-0.45870036078955223f,0.19379721110874867f,0.014592960297465915f,0.9883124070574523f,-0.1517419901215925f,-0.11557774805453476f,0.46203924047925293f,-0.141249399332818f,-0.8755388897390413f,0.31894982354205365f,0f,0f,0f,1f], start_interpolation: 0, interpolation_duration: 1 }
$data merge entity $(bone_leg_right3) { transformation: [-0.8867394125486427f,-0.21437828740341563f,-0.40955483652725544f,0.18924744172559682f,0.014592960297465915f,0.8725420618769557f,-0.4883209966459231f,0.03764354168728233f,0.46203924047925293f,-0.4389900911700508f,-0.7705890215360361f,0.30537865581726753f,0f,0f,0f,1f], start_interpolation: 0, interpolation_duration: 1 }
$data merge entity $(bone_foot_left) { transformation: [-0.024404753357379072f,-0.01495532714643616f,-0.9995902891702726f,0.3136726381872898f,0.00829898329370203f,0.9998506115896058f,-0.015161839604171029f,-0.04613359874714462f,0.9996677122373497f,-0.00866560406635486f,-0.024276993559928902f,-0.06713817191659528f,0f,0f,0f,1f], start_interpolation: 0, interpolation_duration: 1 }
$data merge entity $(bone_leg_left3) { transformation: [-0.024404753357379072f,-0.16909868042798737f,-0.9852969320418488f,0.3514741945047196f,0.00829898329370203f,0.9855222507433172f,-0.16934290704401384f,0.10303939945388524f,0.9996677122373497f,-0.012309734657581957f,-0.02264808033374089f,-0.06745372333195894f,0f,0f,0f,1f], start_interpolation: 0, interpolation_duration: 1 }