# This file was generated by Animated Java via MC-Build. It is not recommended to edit this file directly.
$data merge entity $(bone_head2) { transformation: [-0.9942617973417218f,0.04920881775933082f,-0.09498405445935865f,0.13199751409004767f,0.06757618287964506f,0.9772408223130046f,-0.2010816618004218f,1.0093933621116502f,0.08292730463620668f,-0.20634647430894343f,-0.9749585604968257f,-0.015475731667825982f,0f,0f,0f,1f], start_interpolation: 0, interpolation_duration: 1 }
$data merge entity $(bone_head1) { transformation: [-0.9942617973417218f,0.10608622197071922f,0.013754703006198757f,0.15361783730376657f,0.06757618287964506f,0.5231909998804123f,0.8495320106691395f,0.8914638931858454f,0.08292730463620668f,0.8455867141530276f,-0.5273577258310154f,0.33984131265036044f,0f,0f,0f,1f], start_interpolation: 0, interpolation_duration: 1 }
$data merge entity $(bone_eyelid_right) { transformation: [-0.9826248914673573f,0.1764208503561493f,-0.05765419523658377f,0.0633391304050916f,0.14984299124109784f,0.9373634824899659f,0.314478583802146f,0.7407384861636273f,0.10952351640029291f,0.3003754072055439f,-0.9475121181818303f,0.3223534451791743f,0f,0f,0f,1f], start_interpolation: 0, interpolation_duration: 1 }
$data merge entity $(bone_eye_right) { transformation: [-0.9826248914673573f,0.1764208503561493f,-0.05765419523658377f,0.06369946912532025f,0.14984299124109784f,0.9373634824899659f,0.314478583802146f,0.7387729950148638f,0.10952351640029291f,0.3003754072055439f,-0.9475121181818303f,0.32827539591781074f,0f,0f,0f,1f], start_interpolation: 0, interpolation_duration: 1 }
$data merge entity $(bone_eyelid_left) { transformation: [-0.9983317705866285f,0.0031095994902705787f,-0.05765419523658377f,0.28083389857359325f,-0.015204921037136637f,0.9491427873118201f,0.314478583802146f,0.7259561961587049f,0.055699966010963345f,0.31483058886480375f,-0.9475121181818303f,0.30421309729000406f,0f,0f,0f,1f], start_interpolation: 0, interpolation_duration: 1 }
$data merge entity $(bone_eye_left) { transformation: [-0.9983317705866285f,0.0031095994902705787f,-0.05765419523658377f,0.2811942372938219f,-0.015204921037136637f,0.9491427873118201f,0.314478583802146f,0.7239907050099414f,0.055699966010963345f,0.31483058886480375f,-0.9475121181818303f,0.3101350480286405f,0f,0f,0f,1f], start_interpolation: 0, interpolation_duration: 1 }
$data merge entity $(bone_mouth_closed) { transformation: [-0.9942617973417218f,0.09010811349945864f,-0.05765419523658377f,0.11183301168146821f,0.06757618287964506f,0.9468562086384675f,0.314478583802146f,0.6249468059292747f,0.08292730463620668f,0.30877799151551477f,-0.9475121181818303f,0.05604035590780901f,0f,0f,0f,1f], start_interpolation: 0, interpolation_duration: 1 }
$data merge entity $(bone_mouth_open) { transformation: [-0.9942617973417218f,0.09010811349945864f,-0.05765419523658377f,0.10865679441438147f,0.06757618287964506f,0.9468562086384675f,0.314478583802146f,0.5973230405580859f,0.08292730463620668f,0.30877799151551477f,-0.9475121181818303f,0.040469092934312736f,0f,0f,0f,1f], start_interpolation: 0, interpolation_duration: 1 }
$data merge entity $(bone_head) { transformation: [-0.9942617973417218f,0.09010811349945864f,-0.05765419523658377f,0.14008781430153894f,0.06757618287964506f,0.9468562086384675f,0.314478583802146f,0.5932457936943336f,0.08292730463620668f,0.30877799151551477f,-0.9475121181818303f,0.04379956540306772f,0f,0f,0f,1f], start_interpolation: 0, interpolation_duration: 1 }
$data merge entity $(bone_neck) { transformation: [-0.49673962575753944f,0.2962271372358223f,-0.8157813600268944f,0.09145190170414988f,-0.017150732699253213f,0.9364150305443606f,0.35047502470002484f,0.5310407139549312f,0.8677301404066466f,0.18808608065370924f,-0.4600739393773439f,0.014728029746454685f,0f,0f,0f,1f], start_interpolation: 0, interpolation_duration: 1 }
$data merge entity $(bone_finger_left2) { transformation: [0.004663845713761397f,-0.421249891383407f,0.9069326201833439f,0.2005276219662741f,0.08142423477242063f,-0.9037709736725174f,-0.42020009654777035f,0.2615911740741095f,0.9966686222285133f,0.0758060430077813f,0.030084901672074504f,0.4362109123567019f,0f,0f,0f,1f], start_interpolation: 0, interpolation_duration: 1 }
$data merge entity $(bone_finger_left) { transformation: [0.41566002729904417f,-0.06855628456335608f,0.9069326201833439f,0.25248512537865464f,0.9041798318062424f,-0.07675096491953404f,-0.42020009654777035f,0.37461365304988975f,0.09841531110855187f,0.9946905675790777f,0.030084901672074504f,0.4485128262452709f,0f,0f,0f,1f], start_interpolation: 0, interpolation_duration: 1 }
$data merge entity $(bone_finger_left4) { transformation: [-0.03206824879312423f,-0.42005338930511715f,0.9069326201833439f,0.28522820924728387f,0.0023455604922603054f,-0.9074284419210263f,-0.42020009654777035f,0.22188650862032397f,0.999482929201554f,-0.011347815915944831f,0.030084901672074504f,0.44446655473158464f,0f,0f,0f,1f], start_interpolation: 0, interpolation_duration: 1 }
$data merge entity $(bone_finger_left3) { transformation: [0.4182547941884738f,-0.050360198428237454f,0.9069326201833439f,0.3375100585208431f,0.9066670830256982f,-0.03723814467607112f,-0.42020009654777035f,0.33521989399853624f,0.054933848363546145f,0.9980366581420502f,0.030084901672074504f,0.4513332857770279f,0f,0f,0f,1f], start_interpolation: 0, interpolation_duration: 1 }
$data merge entity $(bone_thumb_left2) { transformation: [0.17380101716699453f,-0.8956472483505009f,-0.40940104171080693f,0.15185882107651538f,0.30815469987743366f,-0.3453875894346795f,0.8864243306723647f,0.34687404860476007f,-0.93532555154618f,-0.28022030545033183f,0.21596919465089462f,0.2870321062175794f,0f,0f,0f,1f], start_interpolation: 0, interpolation_duration: 1 }
$data merge entity $(bone_thumb_left) { transformation: [0.17380101716699453f,-0.7495602353541497f,0.6387117190153546f,0.22626650416696614f,0.30815469987743366f,0.65740617083342f,0.6876465716438851f,0.4232000356890759f,-0.93532555154618f,0.07730834447827278f,0.3452383705483242f,0.35941582602193806f,0f,0f,0f,1f], start_interpolation: 0, interpolation_duration: 1 }
$data merge entity $(bone_hand_left) { transformation: [0.17380101716699453f,0.3837530832177014f,0.9069326201833439f,0.29816943318098543f,0.30815469987743366f,0.8535060397001846f,-0.42020009654777035f,0.34972181789880047f,-0.93532555154618f,0.35250675357532496f,0.030084901672074504f,0.281746766483601f,0f,0f,0f,1f], start_interpolation: 0, interpolation_duration: 1 }
$data merge entity $(bone_arm_left2) { transformation: [0.17380101716699453f,0.3837530832177014f,0.9069326201833439f,0.3983029762341931f,0.30815469987743366f,0.8535060397001846f,-0.42020009654777035f,0.40049798683392324f,-0.93532555154618f,0.35250675357532496f,0.030084901672074504f,0.0497956849515606f,0f,0f,0f,1f], start_interpolation: 0, interpolation_duration: 1 }
$data merge entity $(bone_arm_left) { transformation: [-0.5830335535889237f,0.3837530832177014f,0.7161043544836039f,0.20778806568173688f,0.5199699719063661f,0.8535060397001846f,-0.03403922018788988f,0.5326179310722579f,-0.6242620473047866f,0.35250675357532496f,-0.6971627392356972f,-0.06269715567240498f,0f,0f,0f,1f], start_interpolation: 0, interpolation_duration: 1 }
$data merge entity $(bone_finger_right2) { transformation: [-0.7953064924181641f,-0.20747562682378756f,0.5695976188429807f,0.38779626919284066f,-0.20477990894882686f,-0.7924256175901132f,-0.5745666449402f,0.33864018424733666f,0.5705723197005155f,-0.5735987315719974f,0.5877343984578144f,-0.07909509512072478f,0f,0f,0f,1f], start_interpolation: 0, interpolation_duration: 1 }
$data merge entity $(bone_finger_right) { transformation: [-0.3424271289522264f,0.7471962352460981f,0.5695976188429807f,0.43059966031186897f,-0.8159465498999945f,0.0640655775628236f,-0.5745666449402f,0.44063350298483595f,-0.4658056344268836f,-0.661508418544768f,0.5877343984578144f,-0.02086939081736433f,0f,0f,0f,1f], start_interpolation: 0, interpolation_duration: 1 }
$data merge entity $(bone_finger_right4) { transformation: [-0.774197418747055f,-0.27600164748385875f,0.5695976188429807f,0.44531081555615054f,-0.13493621629719352f,-0.8072579439395808f,-0.5745666449402f,0.285220948979324f,0.618393543252834f,-0.5216873609094214f,0.5877343984578144f,-0.027546401290809527f,0f,0f,0f,1f], start_interpolation: 0, interpolation_duration: 1 }
$data merge entity $(bone_finger_right3) { transformation: [-0.30950897217798284f,0.7614215315774409f,0.5695976188429807f,0.4839994370783984f,-0.8123754483389453f,0.09959568995825091f,-0.5745666449402f,0.38676788002169216f,-0.4942168826309222f,-0.6405606527035553f,0.5877343984578144f,0.03423070903805575f,0f,0f,0f,1f], start_interpolation: 0, interpolation_duration: 1 }
$data merge entity $(bone_thumb_right2) { transformation: [0.6331094783975555f,-0.7712568850409786f,-0.06584227851512076f,0.24086484070101455f,-0.14929991095575607f,-0.20513408067617228f,0.9672794557591643f,0.41189073122164643f,-0.7595274352857697f,-0.602563545380924f,-0.24502091507908536f,-0.00879822635214128f,0f,0f,0f,1f], start_interpolation: 0, interpolation_duration: 1 }
$data merge entity $(bone_thumb_right) { transformation: [0.6331094783975555f,-0.3856206138460545f,0.6711699714231619f,0.3445457583288334f,-0.14929991095575607f,0.7899594943959631f,0.594704576913847f,0.48156318111850993f,-0.7595274352857697f,-0.4767187214602199f,0.4425577201423048f,0.02278625631296652f,0f,0f,0f,1f], start_interpolation: 0, interpolation_duration: 1 }
$data merge entity $(bone_hand_right) { transformation: [0.6331094783975555f,0.5241478235875662f,0.5695976188429807f,0.32561695372129273f,-0.14929991095575607f,0.8047252370286181f,-0.5745666449402f,0.3867334752758123f,-0.7595274352857697f,0.27872271510885577f,0.5877343984578144f,0.10793665117944373f,0f,0f,0f,1f], start_interpolation: 0, interpolation_duration: 1 }
$data merge entity $(bone_arm_right2) { transformation: [0.6331094783975555f,0.5241478235875662f,0.5695976188429807f,0.2029394352995902f,-0.14929991095575607f,0.8047252370286181f,-0.5745666449402f,0.3881480377059888f,-0.7595274352857697f,0.27872271510885577f,0.5877343984578144f,0.33455190990449957f,0f,0f,0f,1f], start_interpolation: 0, interpolation_duration: 1 }
$data merge entity $(bone_arm_right) { transformation: [0.6226092547673819f,0.5241478235875662f,-0.5810566021537176f,0.08360315924235204f,-0.585392590021298f,0.8047252370286181f,0.0986549970219006f,0.5283302478974445f,0.5193007138702607f,0.27872271510885577f,0.8078616321228442f,0.15423537942925666f,0f,0f,0f,1f], start_interpolation: 0, interpolation_duration: 1 }
$data merge entity $(bone_torso) { transformation: [-0.49673962575753944f,-0.0006512027417705096f,-0.8678993721263135f,0.078125f,-0.017150732699253213f,0.9998118123755164f,0.009065991521279723f,0.171875f,0.8677301404066466f,0.0193885473765896f,-0.49665731411153835f,9.567553118338697e-18f,0f,0f,0f,1f], start_interpolation: 0, interpolation_duration: 1 }
$data merge entity $(bone_foot_right) { transformation: [-0.8813367277427688f,-0.06541686485638551f,-0.46793825033227476f,0.1953082301849917f,0.005265086307608816f,0.9889479613332479f,-0.14816952669488614f,-0.11557381745486249f,0.472459364599584f,-0.1330509810830967f,-0.8712517347098846f,0.3183920460656803f,0f,0f,0f,1f], start_interpolation: 0, interpolation_duration: 1 }
$data merge entity $(bone_leg_right3) { transformation: [-0.8813367277427688f,-0.22721785877740186f,-0.4142675668988364f,0.18924744172559682f,0.005265086307608816f,0.8720004038649454f,-0.48947683757819016f,0.03764354168728233f,0.472459364599584f,-0.4335750688312062f,-0.7673296608956104f,0.30537865581726753f,0f,0f,0f,1f], start_interpolation: 0, interpolation_duration: 1 }
$data merge entity $(bone_foot_left) { transformation: [-0.024404753357379072f,-0.18051702575343137f,-0.9832690432565755f,0.31912298339022116f,0.00829898329370203f,0.983491513699497f,-0.18076384969723247f,-0.04740935892874437f,0.9996677122373497f,-0.01257163053099206f,-0.02250376003995518f,-0.06699452234077515f,0f,0f,0f,1f], start_interpolation: 0, interpolation_duration: 1 }
$data merge entity $(bone_leg_left3) { transformation: [-0.024404753357379072f,-0.20483259907970874f,-0.9784927257613198f,0.3514741945047196f,0.00829898329370203f,0.9787090101494063f,-0.20508486128590953f,0.10303939945388524f,0.9996677122373497f,-0.01312554024111714f,-0.022185249683572862f,-0.06745372333195894f,0f,0f,0f,1f], start_interpolation: 0, interpolation_duration: 1 }