# This file was generated by Animated Java via MC-Build. It is not recommended to edit this file directly.
$data merge entity $(bone_head2) { transformation: [-0.9943428738145768f,0.04796507478716089f,-0.09477130839463549f,0.13097043432130728f,0.06645803174497714f,0.9769565649074897f,-0.20282800669715662f,1.0093857164270859f,0.08285879139085156f,-0.20797889769113664f,-0.9746174628049856f,-0.016453077857089493f,0f,0f,0f,1f], start_interpolation: 0, interpolation_duration: 1 }
$data merge entity $(bone_head1) { transformation: [-0.9943428738145768f,0.10546092091399578f,0.012658730352644927f,0.15275486803108104f,0.06645803174497714f,0.5247348055346456f,0.8486676109508963f,0.8920766879064432f,0.08285879139085156f,0.8447078654898923f,-0.5287750397558094f,0.33905927112039336f,0f,0f,0f,1f], start_interpolation: 0, interpolation_duration: 1 }
$data merge entity $(bone_eyelid_right) { transformation: [-0.9828088070247807f,0.1752489341160154f,-0.05809182322606332f,0.0626659609442633f,0.14878374151283263f,0.9380855481787091f,0.3128240760550469f,0.7412083536012896f,0.10931718573019658f,0.2988031381854141f,-0.9480329306066211f,0.3218269388960228f,0f,0f,0f,1f], start_interpolation: 0, interpolation_duration: 1 }
$data merge entity $(bone_eye_right) { transformation: [-0.9828088070247807f,0.1752489341160154f,-0.05809182322606332f,0.06302903483942619f,0.14878374151283263f,0.9380855481787091f,0.3128240760550469f,0.7392532031259456f,0.10931718573019658f,0.2988031381854141f,-0.9480329306066211f,0.3277521447123142f,0f,0f,0f,1f], start_interpolation: 0, interpolation_duration: 1 }
$data merge entity $(bone_eyelid_left) { transformation: [-0.9983093909340011f,0.0019235506897146287f,-0.05809182322606332f,0.280178464591202f,-0.01637346377291435f,0.9496699464152709f,0.3128240760550469f,0.7266706591570757f,0.05576979161751599f,0.3132463771990999f,-0.9480329306066211f,0.30370157827927396f,0f,0f,0f,1f], start_interpolation: 0, interpolation_duration: 1 }
$data merge entity $(bone_eye_left) { transformation: [-0.9983093909340011f,0.0019235506897146287f,-0.05809182322606332f,0.28054153848636487f,-0.01637346377291435f,0.9496699464152709f,0.3128240760550469f,0.7247155086817317f,0.05576979161751599f,0.3132463771990999f,-0.9480329306066211f,0.3096267840955653f,0f,0f,0f,1f], start_interpolation: 0, interpolation_duration: 1 }
$data merge entity $(bone_mouth_closed) { transformation: [-0.9943428738145768f,0.08892462745741955f,-0.05809182322606332f,0.1112948104877062f,0.06645803174497714f,0.9474832069524453f,0.3128240760550469f,0.6250338497768616f,0.08285879139085156f,0.3071937225508837f,-0.9480329306066211f,0.055705254504785695f,0f,0f,0f,1f], start_interpolation: 0, interpolation_duration: 1 }
$data merge entity $(bone_mouth_open) { transformation: [-0.9943428738145768f,0.08892462745741955f,-0.05809182322606332f,0.10815284198449894f,0.06645803174497714f,0.9474832069524453f,0.3128240760550469f,0.5973801500349417f,0.08285879139085156f,0.3071937225508837f,-0.9480329306066211f,0.0401802448587792f,0f,0f,0f,1f], start_interpolation: 0, interpolation_duration: 1 }
$data merge entity $(bone_head) { transformation: [-0.9943428738145768f,0.08892462745741955f,-0.05809182322606332f,0.13958913068636736f,0.06645803174497714f,0.9474832069524453f,0.3128240760550469f,0.5933481860675671f,0.08285879139085156f,0.3071937225508837f,-0.9480329306066211f,0.04351611344410647f,0f,0f,0f,1f], start_interpolation: 0, interpolation_duration: 1 }
$data merge entity $(bone_neck) { transformation: [-0.49673962575753944f,0.2951166444323399f,-0.8161837479276685f,0.09102740071735115f,-0.017150732699253206f,0.9368911341191619f,0.3492003080995056f,0.5310660758426171f,0.8677301404066466f,0.18745977965394794f,-0.4603294846541495f,0.014485521763199614f,0f,0f,0f,1f], start_interpolation: 0, interpolation_duration: 1 }
$data merge entity $(bone_finger_left2) { transformation: [0.004544026878514809f,-0.4201841258450645f,0.9074274914325362f,0.20041123427083934f,0.0821034273329237f,-0.9042163556119653f,-0.4191083505061706f,0.2620305232738525f,0.9966134551770378f,0.07640734671243808f,0.030389773418874777f,0.4361529689740241f,0f,0f,0f,1f], start_interpolation: 0, interpolation_duration: 1 }
$data merge entity $(bone_finger_left) { transformation: [0.4145896468116005f,-0.06848921483771042f,0.9074274914325362f,0.2522349401222894f,0.9047363879436787f,-0.07615943058231331f,-0.4191083505061706f,0.37512257176681235f,0.09781356290033494f,0.9947406539316118f,0.030389773418874777f,0.44837966433656595f,0f,0f,0f,1f], start_interpolation: 0, interpolation_duration: 1 }
$data merge entity $(bone_finger_left4) { transformation: [-0.03209472409443929f,-0.4189812364268303f,0.9074274914325362f,0.285158454078373f,0.0029833509262778696f,-0.9079313245798096f,-0.4191083505061706f,0.22243150052190644f,0.999480379148361f,-0.010743992228076267f,0.030389773418874777f,0.4444373945758011f,0f,0f,0f,1f], start_interpolation: 0, interpolation_duration: 1 }
$data merge entity $(bone_finger_left3) { transformation: [0.4171825069257338f,-0.050339881879219256f,0.9074274914325362f,0.3373062674440897f,0.9071973070796193f,-0.036622896710716724f,-0.4191083505061706f,0.33583116390685885f,0.054330488150274026f,0.9980604489352843f,0.030389773418874777f,0.4512287055945854f,0f,0f,0f,1f], start_interpolation: 0, interpolation_duration: 1 }
$data merge entity $(bone_thumb_left2) { transformation: [0.1734591979311747f,-0.8952320998081882f,-0.41045266977581607f,0.15164529752355516f,0.3077273689120126f,-0.3466343941485221f,0.8860860360121794f,0.34715499794032684f,-0.9355296751442802f,-0.28000729323770984f,0.21536049465518892f,0.28691542579112306f,0f,0f,0f,1f], start_interpolation: 0, interpolation_duration: 1 }
$data merge entity $(bone_thumb_left) { transformation: [0.1734591979311747f,-0.7503378847032174f,0.6378910294338478f,0.22596107626743692f,0.3077273689120126f,0.6565726493076869f,0.6886335909637109f,0.4236177165322903f,-0.9355296751442802f,0.0768466977832234f,0.34478806818718427f,0.35924923666277986f,0f,0f,0f,1f], start_interpolation: 0, interpolation_duration: 1 }
$data merge entity $(bone_hand_left) { transformation: [0.1734591979311747f,0.38273653398327057f,0.9074274914325362f,0.2979525700859812f,0.3077273689120126f,0.8541967319994188f,-0.4191083505061706f,0.3501719734793739f,-0.9355296751442802f,0.35193847274202056f,0.030389773418874777f,0.2816315186779056f,0f,0f,0f,1f], start_interpolation: 0, interpolation_duration: 1 }
$data merge entity $(bone_arm_left2) { transformation: [0.1734591979311747f,0.38273653398327057f,0.9074274914325362f,0.3980315877833084f,0.3077273689120126f,0.8541967319994188f,-0.4191083505061706f,0.4009095438007414f,-0.9355296751442802f,0.35193847274202056f,0.030389773418874777f,0.04964846073051522f,0f,0f,0f,1f], start_interpolation: 0, interpolation_duration: 1 }
$data merge entity $(bone_arm_left) { transformation: [-0.5836323641289644f,0.38273653398327057f,0.716160602864824f,0.20736345907201578f,0.5188589628680934f,0.8541967319994188f,-0.033664813870858734f,0.5327283353846934f,-0.6246268007319904f,0.35193847274202056f,-0.6971231392023446f,-0.06293804325233583f,0f,0f,0f,1f], start_interpolation: 0, interpolation_duration: 1 }
$data merge entity $(bone_finger_right2) { transformation: [-0.7950776566145749f,-0.2065260822414529f,0.5702617796295603f,0.3876009963844549f,-0.20533320262815666f,-0.7930576569158783f,-0.5734961453275528f,0.3389522590917814f,0.5706923828567722f,-0.5730676488522921f,0.5881357615280385f,-0.07920071255320899f,0f,0f,0f,1f], start_interpolation: 0, interpolation_duration: 1 }
$data merge entity $(bone_finger_right) { transformation: [-0.34145227316543425f,0.7471357626588926f,0.5702617796295603f,0.43028253053013416f,-0.8166650655673467f,0.0645007129907873f,-0.5734961453275528f,0.4410353922876997f,-0.46526177129873814f,-0.6615344361254336f,0.5881357615280385f,-0.021042991140866718f,0f,0f,0f,1f], start_interpolation: 0, interpolation_duration: 1 }
$data merge entity $(bone_finger_right4) { transformation: [-0.7740522119961312f,-0.27503577185090616f,0.5702617796295603f,0.44517736211851844f,-0.13543231867014677f,-0.807935800886473f,-0.5734961453275528f,0.28563584118851615f,0.6184668626236369f,-0.5211478349262426f,0.5881357615280385f,-0.027614597498974852f,0f,0f,0f,1f], start_interpolation: 0, interpolation_duration: 1 }
$data merge entity $(bone_finger_right3) { transformation: [-0.30853768201509574f,0.7613185939345493f,0.5702617796295603f,0.4837445723704054f,-0.8130742997978035f,0.10006175244692761f,-0.5734961453275528f,0.3872701286632416f,-0.4936746720108939f,-0.6406103684977095f,0.5881357615280385f,0.03409473650238688f,0f,0f,0f,1f], start_interpolation: 0, interpolation_duration: 1 }
$data merge entity $(bone_thumb_right2) { transformation: [0.6333033776076412f,-0.7709997974618822f,-0.06697868485190261f,0.24058149929934403f,-0.1490655679468679f,-0.20645202757407943f,0.9670351683176933f,0.4120767448287321f,-0.7594118042033792f,-0.602442422663186f,-0.24567628907218592f,-0.008956751019855838f,0f,0f,0f,1f], start_interpolation: 0, interpolation_duration: 1 }
$data merge entity $(bone_thumb_right) { transformation: [0.6333033776076412f,-0.3865418978525249f,0.6704567048775947f,0.34417931795928214f,-0.1490655679468679f,0.7891811063584226f,0.5957958021164415f,0.48189292109494763f,-0.7594118042033792f,-0.47726150334116046f,0.44217097266227756f,0.02258300168157326f,0f,0f,0f,1f], start_interpolation: 0, interpolation_duration: 1 }
$data merge entity $(bone_hand_right) { transformation: [0.6333033776076412f,0.5231905337489209f,0.5702617796295603f,0.32536049033976827f,-0.1490655679468679f,0.8055318912042628f,-0.5734961453275528f,0.38709851226690234f,-0.7594118042033792f,0.2781906498220299f,0.5881357615280385f,0.1077970514736612f,0f,0f,0f,1f], start_interpolation: 0, interpolation_duration: 1 }
$data merge entity $(bone_arm_right2) { transformation: [0.6333033776076412f,0.5231905337489209f,0.5702617796295603f,0.2026760071647055f,-0.1490655679468679f,0.8055318912042628f,-0.5734961453275528f,0.38852139517064727f,-0.7594118042033792f,0.2781906498220299f,0.5881357615280385f,0.3344084876200084f,0f,0f,0f,1f], start_interpolation: 0, interpolation_duration: 1 }
$data merge entity $(bone_arm_right) { transformation: [0.6232877876513261f,0.5231905337489209f,-0.581191878092111f,0.08317855263263091f,-0.5843057396438721f,0.8055318912042628f,0.09851484594776269f,0.5284406522098801f,0.5197106275456982f,0.2781906498220299f,0.807781422148129f,0.15399449184932582f,0f,0f,0f,1f], start_interpolation: 0, interpolation_duration: 1 }
$data merge entity $(bone_torso) { transformation: [-0.49673962575753944f,-0.0018323494021340175f,-0.8678976821595553f,0.078125f,-0.017150732699253206f,0.9998232246370777f,0.007705312725287086f,0.171875f,0.8677301404066466f,0.018712615316523858f,-0.4966832405647259f,9.567553118338697e-18f,0f,0f,0f,1f], start_interpolation: 0, interpolation_duration: 1 }
$data merge entity $(bone_foot_right) { transformation: [-0.8832712458708906f,-0.06290339202200323f,-0.46462357827580336f,0.19477448959056654f,0.008563031768016316f,0.9886299269323512f,-0.15012508804551655f,-0.11557694116119259f,0.46878415150751984f,-0.13657976001538563f,-0.8726897435225847f,0.318591377057744f,0f,0f,0f,1f], start_interpolation: 0, interpolation_duration: 1 }
$data merge entity $(bone_leg_right3) { transformation: [-0.8832712458708906f,-0.22268392958311145f,-0.4126060757224853f,0.18924744172559682f,0.008563031768016316f,0.8722069831625288f,-0.48906201345990924f,0.03764354168728233f,0.46878415150751984f,-0.4355075728709483f,-0.7684884991120104f,0.30537865581726753f,0f,0f,0f,1f], start_interpolation: 0, interpolation_duration: 1 }
$data merge entity $(bone_foot_left) { transformation: [-0.024404753357379072f,-0.19352336202768267f,-0.9807920862053632f,0.3202818014819322f,0.00829898329370203f,0.9810112682628547f,-0.1937731106670803f,-0.04765378424222269f,0.9996677122373497f,-0.01286856211113575f,-0.022335290894355878f,-0.06696420311475998f,0f,0f,0f,1f], start_interpolation: 0, interpolation_duration: 1 }
$data merge entity $(bone_leg_left3) { transformation: [-0.024404753357379072f,-0.21235935911345782f,-0.976886846369879f,0.3514741945047196f,0.00829898329370203f,0.9771011823330357f,-0.21261327888839648f,0.10303939945388524f,0.9996677122373497f,-0.01329594224963592f,-0.02208354658649742f,-0.06745372333195894f,0f,0f,0f,1f], start_interpolation: 0, interpolation_duration: 1 }