# This file was generated by Animated Java via MC-Build. It is not recommended to edit this file directly.
$data merge entity $(bone_head2) { transformation: [-0.9948248823612282f,0.03990434883147394f,-0.09344033593317835f,0.12439283056375976f,0.05938513638444415f,0.9745739997613977f,-0.21605305960729265f,1.0091290946435494f,0.08244306527276962f,-0.2204839267008083f,-0.9719001898626334f,-0.0235618228479162f,0f,0f,0f,1f], start_interpolation: 0, interpolation_duration: 1 }
$data merge entity $(bone_head1) { transformation: [-0.9948248823612282f,0.10145328526682226f,0.005539345045938546f,0.14725640440396504f,0.05938513638444415f,0.5363474048910546f,0.8419054975727576f,0.8965617590077632f,0.08244306527276962f,0.8378774923431233f,-0.5395965611577134f,0.33341275879497023f,0f,0f,0f,1f], start_interpolation: 0, interpolation_duration: 1 }
$data merge entity $(bone_eyelid_right) { transformation: [-0.9839553985682696f,0.16767376065027378f,-0.06096953024054741f,0.058398312841889115f,0.14213424646646983f,0.9432338451952138f,0.3001795616954298f,0.7447540634779735f,0.10784076042836095f,0.2866974420319202f,-0.9519322177143639f,0.3181522905229812f,0f,0f,0f,1f], start_interpolation: 0, interpolation_duration: 1 }
$data merge entity $(bone_eye_right) { transformation: [-0.9839553985682696f,0.16767376065027378f,-0.06096953024054741f,0.05877937240589254f,0.14213424646646983f,0.9432338451952138f,0.3001795616954298f,0.742877941217377f,0.10784076042836095f,0.2866974420319202f,-0.9519322177143639f,0.32410186688369597f,0f,0f,0f,1f], start_interpolation: 0, interpolation_duration: 1 }
$data merge entity $(bone_eyelid_left) { transformation: [-0.9981231481077304f,-0.005735642401815275f,-0.06096953024054741f,0.2760162558584078f,-0.02381593044319287f,0.9535853565347283f,0.3001795616954298f,0.7317635648938763f,0.05641792860996865f,0.30106821520840404f,-0.9519322177143639f,0.30011786999456286f,0f,0f,0f,1f], start_interpolation: 0, interpolation_duration: 1 }
$data merge entity $(bone_eye_left) { transformation: [-0.9981231481077304f,-0.005735642401815275f,-0.06096953024054741f,0.2763973154224112f,-0.02381593044319287f,0.9535853565347283f,0.3001795616954298f,0.7298874426332799f,0.05641792860996865f,0.30106821520840404f,-0.9519322177143639f,0.3060674463552776f,0f,0f,0f,1f], start_interpolation: 0, interpolation_duration: 1 }
$data merge entity $(bone_mouth_closed) { transformation: [-0.9948248823612282f,0.08127834777612149f,-0.06096953024054741f,0.10788518543582064f,0.05938513638444415f,0.9520323714648262f,0.3001795616954298f,0.6255842991346223f,0.08244306527276962f,0.29500541328227053f,-0.9519322177143639f,0.053517357157746526f,0f,0f,0f,1f], start_interpolation: 0, interpolation_duration: 1 }
$data merge entity $(bone_mouth_open) { transformation: [-0.9948248823612282f,0.08127834777612149f,-0.06096953024054741f,0.10496417750381343f,0.05938513638444415f,0.9520323714648262f,0.3001795616954298f,0.597709409786943f,0.08244306527276962f,0.29500541328227053f,-0.9519322177143639f,0.0383488616319608f,0f,0f,0f,1f], start_interpolation: 0, interpolation_duration: 1 }
$data merge entity $(bone_head) { transformation: [-0.9948248823612282f,0.08127834777612149f,-0.06096953024054741f,0.13643351464160522f,0.05938513638444415f,0.9520323714648262f,0.3001795616954298f,0.5939775020143326f,0.08244306527276962f,0.29500541328227053f,-0.9519322177143639f,0.041722092202901524f,0f,0f,0f,1f], start_interpolation: 0, interpolation_duration: 1 }
$data merge entity $(bone_neck) { transformation: [-0.49673962575753944f,0.2880827811026435f,-0.8186928944570281f,0.08834289441617907f,-0.01715073269925321f,0.939861180540198f,0.34112580330644054f,0.5312110286379559f,0.8677301404066466f,0.18349188686629164f,-0.46192546031162823f,0.01295161790673411f,0f,0f,0f,1f], start_interpolation: 0, interpolation_duration: 1 }
$data merge entity $(bone_finger_left2) { transformation: [0.0037679243969867826f,-0.41343388084137533f,0.9105263471850649f,0.1996633836734366f,0.08639354183921845f,-0.9069937757771774f,-0.41218739261400783f,0.26480425785039485f,0.99625396294028f,0.08021668700400404f,0.03230053330655358f,0.4357796784422193f,0f,0f,0f,1f], start_interpolation: 0, interpolation_duration: 1 }
$data merge entity $(bone_finger_left) { transformation: [0.40780718441563535f,-0.06808135883495531f,0.9105263471850649f,0.250639281725391f,0.9082165834217526f,-0.07241678650550856f,-0.41218739261400783f,0.37833133077811393f,0.09399966987554056f,0.9950481081894487f,0.03230053330655358f,0.4475296371766619f,0f,0f,0f,1f], start_interpolation: 0, interpolation_duration: 1 }
$data merge entity $(bone_finger_left4) { transformation: [-0.032279550654688204f,-0.412189036355109f,0.9105263471850649f,0.28470253808622514f,0.007015072134233816f,-0.9110720839390357f,-0.41218739261400783f,0.225874895427927f,0.9994542607705879f,-0.006917815813484371f,0.03230053330655358f,0.4442444604066288f,0f,0f,0f,1f], start_interpolation: 0, interpolation_duration: 1 }
$data merge entity $(bone_finger_left3) { transformation: [0.4103887095021256f,-0.050228260919545756f,0.9105263471850649f,0.33600112677399085f,0.9105109383409896f,-0.03273201080710586f,-0.41218739261400783f,0.3396887627205507f,0.0505068141401801f,0.9982012508875756f,0.03230053330655358f,0.4505578121741513f,0f,0f,0f,1f], start_interpolation: 0, interpolation_duration: 1 }
$data merge entity $(bone_thumb_left2) { transformation: [0.1713098088439391f,-0.8925733180645856f,-0.41709210166704f,0.15028765909773661f,0.3050129932100243f,-0.35450274155017336f,0.8839088641972501f,0.34892366109352346f,-0.9368137613031278f,-0.2786407689348179f,0.2115166625126701f,0.2861731916510507f,0f,0f,0f,1f], start_interpolation: 0, interpolation_duration: 1 }
$data merge entity $(bone_thumb_left) { transformation: [0.1713098088439391f,-0.755231603808904f,0.6326754096707751f,0.2240186537802104f,0.3050129932100243f,0.651274154236442f,0.6948446229170008f,0.4262475829203353f,-0.9368137613031278f,0.07394052090591142f,0.3419251029118041f,0.358189259555749f,0f,0f,0f,1f], start_interpolation: 0, interpolation_duration: 1 }
$data merge entity $(bone_hand_left) { transformation: [0.1713098088439391f,0.37629073929034584f,0.9105263471850649f,0.2965691906759098f,0.3050129932100243f,0.8585270102583421f,-0.41218739261400783f,0.3530103887972522f,-0.9368137613031278f,0.348334109988094f,0.03230053330655358f,0.280895692597537f,0f,0f,0f,1f], start_interpolation: 0, interpolation_duration: 1 }
$data merge entity $(bone_arm_left2) { transformation: [0.1713098088439391f,0.37629073929034584f,0.9105263471850649f,0.3963045395859611f,0.3050129932100243f,0.8585270102583421f,-0.41218739261400783f,0.4035019250613828f,-0.9368137613031278f,0.348334109988094f,0.03230053330655358f,0.048711035603414665f,0f,0f,0f,1f], start_interpolation: 0, interpolation_duration: 1 }
$data merge entity $(bone_arm_left) { transformation: [-0.5873878260318868f,0.37629073929034584f,0.7165059813803778f,0.20467595924171583f,0.5118124344644693f,0.8585270102583421f,-0.03129544031365951f,0.5334109986971038f,-0.6269159223987586f,0.348334109988094f,-0.6968785934879298f,-0.06446303290327937f,0f,0f,0f,1f], start_interpolation: 0, interpolation_duration: 1 }
$data merge entity $(bone_finger_right2) { transformation: [-0.7936157617931632f,-0.200505513549205f,0.5744315117312306f,0.3863578929912953f,-0.20882331478595317f,-0.7970195105756275f,-0.5667033818176789f,0.3409183880122686f,0.5714602749406681f,-0.569699428469221f,0.5906570200772859f,-0.07987347720150717f,0f,0f,0f,1f], start_interpolation: 0, interpolation_duration: 1 }
$data merge entity $(bone_finger_right) { transformation: [-0.3352693150680871f,0.7467415380866054f,0.5744315117312306f,0.4282665573748062f,-0.8211727813838221f,0.06724983383446898f,-0.5667033818176789f,0.4435649856852463f,-0.46181137869062255f,-0.66170577687163f,0.5906570200772859f,-0.022147054865179344f,0f,0f,0f,1f], start_interpolation: 0, interpolation_duration: 1 }
$data merge entity $(bone_finger_right4) { transformation: [-0.7731206072620094f,-0.2689107007112126f,0.5744315117312306f,0.44432228602983986f,-0.13856385159911624f,-0.8121867618143158f,-0.5667033818176789f,0.28825431735225704f,0.6189382728970962f,-0.5177255054337006f,0.5906570200772859f,-0.028052338881730872f,0f,0f,0f,1f], start_interpolation: 0, interpolation_duration: 1 }
$data merge entity $(bone_finger_right3) { transformation: [-0.30237780455815344f,0.7606550477323901f,0.5744315117312306f,0.48211951159960903f,-0.8174578103006549f,0.1030048805390531f,-0.5667033818176789f,0.39043654363983893f,-0.4902350371903766f,-0.6409320501772173f,0.5906570200772859f,0.0332270407670662f,0f,0f,0f,1f], start_interpolation: 0, interpolation_duration: 1 }
$data merge entity $(bone_thumb_right2) { transformation: [0.6345228532225756f,-0.7693383752581501f,-0.0741566793581816f,0.2387850494301117f,-0.14757680382757984f,-0.21477593656935656f,0.9654493171797223f,0.41324260518563044f,-0.7586842793351646f,-0.6016558496565176f,-0.2498167385580399f,-0.009962100996497109f,0f,0f,0f,1f], start_interpolation: 0, interpolation_duration: 1 }
$data merge entity $(bone_thumb_right) { transformation: [0.6345228532225756f,-0.39234522280511314f,0.6659173934357687f,0.3418535627727883f,-0.14757680382757984f,0.7842260011725267f,0.6026696160061367f,0.48396453206678564f,-0.7586842793351646f,-0.4806816048352115f,0.4397082658567244f,0.021292548506369552f,0f,0f,0f,1f], start_interpolation: 0, interpolation_duration: 1 }
$data merge entity $(bone_hand_right) { transformation: [0.6345228532225756f,0.5171162220124749f,0.5744315117312306f,0.3237290747954005f,-0.14757680382757984f,0.8105975351606012f,-0.5667033818176789f,0.3893972943130644f,-0.7586842793351646f,0.2748134802426965f,0.5906570200772859f,0.10690856908189436f,0f,0f,0f,1f], start_interpolation: 0, interpolation_duration: 1 }
$data merge entity $(bone_arm_right2) { transformation: [0.6345228532225756f,0.5171162220124749f,0.5744315117312306f,0.2010003309729585f,-0.14757680382757984f,0.8105975351606012f,-0.5667033818176789f,0.39087253390635446f,-0.7586842793351646f,0.2748134802426965f,0.5906570200772859f,0.33349570267051587f,0f,0f,0f,1f], start_interpolation: 0, interpolation_duration: 1 }
$data merge entity $(bone_arm_right) { transformation: [0.6275479369664554f,0.5171162220124749f,-0.5820432971357811f,0.08049105280233096f,-0.5774090703073521f,0.8105975351606012f,0.09762377537443095f,0.5291233155222905f,0.5222856999152337f,0.2748134802426965f,0.8072764078932023f,0.1524695021983823f,0f,0f,0f,1f], start_interpolation: 0, interpolation_duration: 1 }
$data merge entity $(bone_torso) { transformation: [-0.49673962575753944f,-0.00930019752426299f,-0.8678497856935091f,0.078125f,-0.01715073269925321f,0.999852512055709f,-0.0008980555478632496f,0.171875f,0.8677301404066466f,0.014438159920778473f,-0.4968258678530775f,9.567553118338697e-18f,0f,0f,0f,1f], start_interpolation: 0, interpolation_duration: 1 }
$data merge entity $(bone_foot_right) { transformation: [-0.8915646443551873f,-0.043854505270374405f,-0.45076520196583436f,0.1923906130471047f,0.023252461653849144f,0.9895556326439354f,-0.1422637442558607f,-0.11556784588076642f,0.45229615072742435f,-0.13731872512571375f,-0.8812330904857146f,0.3194510336730818f,0f,0f,0f,1f], start_interpolation: 0, interpolation_duration: 1 }
$data merge entity $(bone_leg_right3) { transformation: [-0.8915646443551873f,-0.2024149080267203f,-0.4051428019159949f,0.18924744172559682f,0.023252461653849144f,0.8729271242690346f,-0.48729617148345183f,0.03764354168728233f,0.45229615072742435f,-0.4438766052901726f,-0.7735643162098594f,0.30537865581726753f,0f,0f,0f,1f], start_interpolation: 0, interpolation_duration: 1 }
$data merge entity $(bone_foot_left) { transformation: [-0.024404753357379072f,-0.15040335538235236f,-0.9883234484232861f,0.32238108433623325f,0.00829898329370203f,0.988553353201667f,-0.15064326984645326f,-0.04807292750316172f,0.9996677122373497f,-0.01187849163279068f,-0.022877205831861917f,-0.06690947398573335f,0f,0f,0f,1f], start_interpolation: 0, interpolation_duration: 1 }
$data merge entity $(bone_leg_left3) { transformation: [-0.024404753357379072f,-0.22593222734423402f,-0.9738372742203081f,0.3514741945047196f,0.00829898329370203f,0.9740480561254823f,-0.22618910503041628f,0.10303939945388524f,0.9996677122373497f,-0.013601948589932342f,-0.021896394787738294f,-0.06745372333195894f,0f,0f,0f,1f], start_interpolation: 0, interpolation_duration: 1 }