# This file was generated by Animated Java via MC-Build. It is not recommended to edit this file directly.
$data merge entity $(bone_head2) { transformation: [-0.9950081499613643f,0.03641237806656494f,-0.09291350942678517f,0.12161061158100403f,0.05646857374669184f,0.9730971214180043f,-0.22336806501155992f,1.0088538952195756f,0.0822805061328512f,-0.22749973848673236f,-0.9702957215710014f,-0.02728369140327868f,0f,0f,0f,1f], start_interpolation: 0, interpolation_duration: 1 }
$data merge entity $(bone_head1) { transformation: [-0.9950081499613643f,0.09976390594482694f,0.00243815116337779f,0.14495783801290843f,0.05646857374669184f,0.5427161393477715f,0.8380158066948767f,0.8989390919640192f,0.0822805061328512f,0.833970236376624f,-0.5456405072467035f,0.33048528858692355f,0f,0f,0f,1f], start_interpolation: 0, interpolation_duration: 1 }
$data merge entity $(bone_eyelid_right) { transformation: [-0.9844244975238209f,0.1644146949443367f,-0.0622592704850784f,0.056632157739100554f,0.1394360811652744f,0.9458574780496589f,0.2931061420148171f,0.746713157523337f,0.10707935349190534f,0.27985967788143373f,-0.954050613307206f,0.3163411082349131f,0f,0f,0f,1f], start_interpolation: 0, interpolation_duration: 1 }
$data merge entity $(bone_eye_right) { transformation: [-0.9844244975238209f,0.1644146949443367f,-0.0622592704850784f,0.05702127817963229f,0.1394360811652744f,0.9458574780496589f,0.2931061420148171f,0.7448812441357444f,0.10707935349190534f,0.27985967788143373f,-0.954050613307206f,0.32230392456808316f,0f,0f,0f,1f], start_interpolation: 0, interpolation_duration: 1 }
$data merge entity $(bone_eyelid_left) { transformation: [-0.9980191895753544f,-0.009026653755375244f,-0.0622592704850784f,0.27429019054314896f,-0.0269286936147601f,0.9557005990232466f,0.2931061420148171f,0.7343606570162482f,0.05685545443979812f,0.2942021151327575f,-0.954050613307206f,0.2983422475183519f,0f,0f,0f,1f], start_interpolation: 0, interpolation_duration: 1 }
$data merge entity $(bone_eye_left) { transformation: [-0.9980191895753544f,-0.009026653755375244f,-0.0622592704850784f,0.2746793109836807f,-0.0269286936147601f,0.9557005990232466f,0.2931061420148171f,0.7325287436286556f,0.05685545443979812f,0.2942021151327575f,-0.954050613307206f,0.30430506385152195f,0f,0f,0f,1f], start_interpolation: 0, interpolation_duration: 1 }
$data merge entity $(bone_mouth_closed) { transformation: [-0.9950081499613643f,0.07799079913124111f,-0.0622592704850784f,0.10647488759559211f,0.05646857374669184f,0.954410860003282f,0.2931061420148171f,0.6258177604656693f,0.0822805061328512f,0.28812730790167407f,-0.954050613307206f,0.05255703650062198f,0f,0f,0f,1f], start_interpolation: 0, interpolation_duration: 1 }
$data merge entity $(bone_mouth_open) { transformation: [-0.9950081499613643f,0.07799079913124111f,-0.0622592704850784f,0.10364855468220908f,0.05646857374669184f,0.954410860003282f,0.2931061420148171f,0.5978243344781593f,0.0822805061328512f,0.28812730790167407f,-0.954050613307206f,0.03759024179552463f,0f,0f,0f,1f], start_interpolation: 0, interpolation_duration: 1 }
$data merge entity $(bone_head) { transformation: [-0.9950081499613643f,0.07799079913124111f,-0.0622592704850784f,0.13513167980903346f,0.05646857374669184f,0.954410860003282f,0.2931061420148171f,0.5942277781609826f,0.0822805061328512f,0.28812730790167407f,-0.954050613307206f,0.04098179231204307f,0f,0f,0f,1f], start_interpolation: 0, interpolation_duration: 1 }
$data merge entity $(bone_neck) { transformation: [-0.49673962575753944f,0.285177586519813f,-0.8197093926197228f,0.08723626234280674f,-0.017150732699253206f,0.9410650266167111f,0.3377905683212123f,0.5312630282165899f,0.8677301404066466f,0.1818525771761936f,-0.4625732845768745f,0.012319144577125615f,0f,0f,0f,1f], start_interpolation: 0, interpolation_duration: 1 }
$data merge entity $(bone_finger_left2) { transformation: [0.003438758204066361f,-0.41064598744476916f,0.9117883789221728f,0.19934915646748788f,0.08815952111337673f,-0.9081190469978921f,-0.4093259035496042f,0.2659453258497857f,0.996100433580406f,0.08179039965148852f,0.03307955177712768f,0.4356223496298622f,0f,0f,0f,1f], start_interpolation: 0, interpolation_duration: 1 }
$data merge entity $(bone_finger_left) { transformation: [0.4050044862745359f,-0.06792141164592252f,0.9117883789221728f,0.24997471725180487f,0.9096314183269091f,-0.07087303772151676f,-0.4093259035496042f,0.37964925314064935f,0.09242320536572401f,0.9951701836189369f,0.03307955177712768f,0.4471752503005777f,0f,0f,0f,1f], start_interpolation: 0, interpolation_duration: 1 }
$data merge entity $(bone_finger_left4) { transformation: [-0.03236448335118405f,-0.4093830630105336f,0.9117883789221728f,0.2845071650119794f,0.008676257475056234f,-0.912346988398343f,-0.4093259035496042f,0.22729281352529718f,0.999438473730943f,-0.0053367106523469765f,0.03307955177712768f,0.44416064262720667f,0f,0f,0f,1f], start_interpolation: 0, interpolation_duration: 1 }
$data merge entity $(bone_finger_left3) { transformation: [0.4075817021102329f,-0.05019071794068024f,0.9117883789221728f,0.33545487777575855f,0.9118570892606144f,-0.0311280170981037f,-0.4093259035496042f,0.341274949682874f,0.048926525219814276f,0.9982544457121834f,0.03307955177712768f,0.45027645827968343f,0f,0f,0f,1f], start_interpolation: 0, interpolation_duration: 1 }
$data merge entity $(bone_thumb_left2) { transformation: [0.17042992006662f,-0.8914604995836131f,-0.4198235582101364f,0.14972431572319955f,0.30388803260939456f,-0.35773809793486355f,0.8829923651554057f,0.34964871864941977f,-0.9373396961522946f,-0.2780676733604258f,0.20993490193162895f,0.28586503166414223f,0f,0f,0f,1f], start_interpolation: 0, interpolation_duration: 1 }
$data merge entity $(bone_thumb_left) { transformation: [0.17042992006662f,-0.7572368467318029f,0.6305124901996477f,0.22321244199607365f,0.30388803260939456f,0.6490762033265972f,0.6973895223703329f,0.4273259079266678f,-0.9373396961522946f,0.07274915962954709f,0.34073722102276677f,0.35774904979674726f,0f,0f,0f,1f], start_interpolation: 0, interpolation_duration: 1 }
$data merge entity $(bone_hand_left) { transformation: [0.17042992006662f,0.37362493815129777f,0.9117883789221728f,0.295992913889735f,0.30388803260939456f,0.8602931874193189f,-0.4093259035496042f,0.35417628229327214f,-0.9373396961522946f,0.3468429576499247f,0.03307955177712768f,0.28058884191321426f,0f,0f,0f,1f], start_interpolation: 0, interpolation_duration: 1 }
$data merge entity $(bone_arm_left2) { transformation: [0.17042992006662f,0.37362493815129777f,0.9117883789221728f,0.3955871675890258f,0.30388803260939456f,0.8602931874193189f,-0.4093259035496042f,0.4045654214737705f,-0.9373396961522946f,0.3468429576499247f,0.03307955177712768f,0.04832138986121108f,0f,0f,0f,1f], start_interpolation: 0, interpolation_duration: 1 }
$data merge entity $(bone_arm_left) { transformation: [-0.588920180035101f,0.37362493815129777f,0.716643165835594f,0.20356692471552587f,0.5088972959321669f,0.8602931874193189f,-0.030317880414647523f,0.5336846129827277f,-0.6278507495737756f,0.3468429576499247f,-0.6967807395359746f,-0.06509250131123441f,0f,0f,0f,1f], start_interpolation: 0, interpolation_duration: 1 }
$data merge entity $(bone_finger_right2) { transformation: [-0.7930057113234799f,-0.19801575392521978f,0.5761351430053275f,0.3858413216494329f,-0.2102575858467755f,-0.7986350641600981f,-0.5638916402003861f,0.3417251636834585f,0.571781155165355f,-0.5683060755362578f,0.5916878527622057f,-0.08015324697075274f,0f,0f,0f,1f], start_interpolation: 0, interpolation_duration: 1 }
$data merge entity $(bone_finger_right) { transformation: [-0.3327114463349043f,0.7465730978758662f,0.5761351430053275f,0.42743025244129595f,-0.8230128496352076f,0.06838177715922125f,-0.5638916402003861f,0.4446017698878595f,-0.4603834736532919f,-0.6617798290070341f,0.5916878527622057f,-0.02260531276409125f,0f,0f,0f,1f], start_interpolation: 0, interpolation_duration: 1 }
$data merge entity $(bone_finger_right4) { transformation: [-0.772729875067834f,-0.2663772459724768f,0.5761351430053275f,0.44396420739704195f,-0.13985186005293068f,-0.8139211726892562f,-0.5638916402003861f,0.2893310845515191f,0.6191364933658698f,-0.5163094880749965f,0.5916878527622057f,-0.028236041731512354f,0f,0f,0f,1f], start_interpolation: 0, interpolation_duration: 1 }
$data merge entity $(bone_finger_right3) { transformation: [-0.29982971760802746f,0.7603751951723058f,0.5761351430053275f,0.4814429220980454f,-0.819246752540433f,0.10421600915441415f,-0.5638916402003861f,0.3917369286190733f,-0.48881172131102313f,-0.6410683161743415f,0.5916878527622057f,0.03286542343236554f,0f,0f,0f,1f], start_interpolation: 0, interpolation_duration: 1 }
$data merge entity $(bone_thumb_right2) { transformation: [0.635022177615857f,-0.7686355902923832f,-0.07711136927778994f,0.23804217690707985f,-0.1469596752440532f,-0.21820193491251677f,0.9647749838447286f,0.41371794500262815f,-0.7583862391869843f,-0.6013212493636946f,-0.2515215045985295f,-0.010377969682082582f,0f,0f,0f,1f], start_interpolation: 0, interpolation_duration: 1 }
$data merge entity $(bone_thumb_right) { transformation: [0.635022177615857f,-0.39472607152692296f,0.6640317480308742f,0.34089058846143466f,-0.1469596752440532f,0.7821669581554507f,0.6054896394010486f,0.48481166007638254f,-0.7583862391869843f,-0.482085239378652f,0.43868454974508775f,0.020758029061460126f,0f,0f,0f,1f], start_interpolation: 0, interpolation_duration: 1 }
$data merge entity $(bone_hand_right) { transformation: [0.635022177615857f,0.5146019150083359f,0.5761351430053275f,0.32305175232917205f,-0.1469596752440532f,0.8126678730971717f,-0.5638916402003861f,0.39034005644177644f,-0.7583862391869843f,0.27341506378667746f,0.5916878527622057f,0.1065394637204361f,0f,0f,0f,1f], start_interpolation: 0, interpolation_duration: 1 }
$data merge entity $(bone_arm_right2) { transformation: [0.635022177615857f,0.5146019150083359f,0.5761351430053275f,0.20030465436304074f,-0.1469596752440532f,0.8126678730971717f,-0.5638916402003861f,0.3918367477402656f,-0.7583862391869843f,0.27341506378667746f,0.5916878527622057f,0.33311651431482003f,0f,0f,0f,1f], start_interpolation: 0, interpolation_duration: 1 }
$data merge entity $(bone_arm_right) { transformation: [0.6292886043975824f,0.5146019150083359f,-0.5823922401999337f,0.079382018276141f,-0.5745542419157329f,0.8126678730971717f,0.09725405458055052f,0.5293969298079144f,0.5233385858810538f,0.27341506378667746f,0.8070693448660694f,0.15184003379042724f,0f,0f,0f,1f], start_interpolation: 0, interpolation_duration: 1 }
$data merge entity $(bone_torso) { transformation: [-0.49673962575753944f,-0.012377850282991126f,-0.8678113464484272f,0.078125f,-0.017150732699253206f,0.999843039782698f,-0.004443890859700275f,0.171875f,0.8677301404066466f,0.012676143753761117f,-0.496873946599533f,9.567553118338697e-18f,0f,0f,0f,1f], start_interpolation: 0, interpolation_duration: 1 }
$data merge entity $(bone_foot_right) { transformation: [-0.89041432354884f,-0.037795580185443434f,-0.45357890883230895f,0.19273116742721355f,0.021157978455523502f,0.9920317999128051f,-0.12419842152554134f,-0.11557143443125491f,0.4546588527310756f,-0.1201848662694523f,-0.8825196459870206f,0.319331267516586f,0f,0f,0f,1f], start_interpolation: 0, interpolation_duration: 1 }
$data merge entity $(bone_leg_right3) { transformation: [-0.89041432354884f,-0.20531236196194547f,-0.4062132031885096f,0.18924744172559682f,0.021157978455523502f,0.8728443624986224f,-0.4875398022746955f,0.03764354168728233f,0.4546588527310756f,-0.44270707344696963f,-0.7728491280665857f,0.30537865581726753f,0f,0f,0f,1f], start_interpolation: 0, interpolation_duration: 1 }
$data merge entity $(bone_foot_left) { transformation: [-0.024404753357379072f,-0.06382178654604986f,-0.9976628626823977f,0.3183097766342697f,0.00829898329370203f,0.9979127742507939f,-0.06404078281357245f,-0.047232255475301244f,0.9996677122373497f,-0.00984248693952693f,-0.023824159187448714f,-0.06701584531504749f,0f,0f,0f,1f], start_interpolation: 0, interpolation_duration: 1 }
$data merge entity $(bone_leg_left3) { transformation: [-0.024404753357379072f,-0.1995359412282457f,-0.9795865536907519f,0.3514741945047196f,0.00829898329370203f,0.9798041996559899f,-0.19978702964100653f,0.10303939945388524f,0.9996677122373497f,-0.013005325626206906f,-0.022255934388382376f,-0.06745372333195894f,0f,0f,0f,1f], start_interpolation: 0, interpolation_duration: 1 }