# This file was generated by Animated Java via MC-Build. It is not recommended to edit this file directly.
$data merge entity $(bone_head2) { transformation: [-0.9951328241870567f,0.03359724139514581f,-0.09263847794587882f,0.11949683718954901f,0.05439715245935972f,0.9711629553180406f,-0.2321281198438535f,1.008374235644777f,0.08216819354108951f,-0.23603758088187066f,-0.968263728733876f,-0.03143737930454052f,0f,0f,0f,1f], start_interpolation: 0, interpolation_duration: 1 }
$data merge entity $(bone_head1) { transformation: [-0.9951328241870567f,0.0985426274438953f,-0.00011314568673990999f,0.143282582653855f,0.05439715245935972f,0.5502863744646325f,0.8332021698740849f,0.9016669997917053f,0.08216819354108951f,0.8291406736224103f,-0.5529684722614576f,0.32727253710327814f,0f,0f,0f,1f], start_interpolation: 0, interpolation_duration: 1 }
$data merge entity $(bone_eyelid_right) { transformation: [-0.9847731665595411f,0.16185986594442203f,-0.06342865457148261f,0.055379548862914504f,0.13760829771210728f,0.948732711443662f,0.28455262894152444f,0.749075764579447f,0.10623448980943413f,0.2714914842738361f,-0.9565597770875165f,0.31449793978101f,0f,0f,0f,1f], start_interpolation: 0, interpolation_duration: 1 }
$data merge entity $(bone_eye_right) { transformation: [-0.9847731665595411f,0.16185986594442203f,-0.06342865457148261f,0.05577597795398627f,0.13760829771210728f,0.948732711443662f,0.28455262894152444f,0.7472973106485625f,0.10623448980943413f,0.2714914842738361f,-0.9565597770875165f,0.32047643838780693f,0f,0f,0f,1f], start_interpolation: 0, interpolation_duration: 1 }
$data merge entity $(bone_eyelid_left) { transformation: [-0.9979189201448811f,-0.011603214904773312f,-0.06342865457148261f,0.2730648541538332f,-0.02922798796950226f,0.9582147598955683f,0.28455262894152444f,0.7371763874789621f,0.05747654770538542f,0.2858143441504501f,-0.9565597770875165f,0.29652364744389664f,0f,0f,0f,1f], start_interpolation: 0, interpolation_duration: 1 }
$data merge entity $(bone_eye_left) { transformation: [-0.9979189201448811f,-0.011603214904773312f,-0.06342865457148261f,0.27346128324490493f,-0.02922798796950226f,0.9582147598955683f,0.28455262894152444f,0.7353979335480776f,0.05747654770538542f,0.2858143441504501f,-0.9565597770875165f,0.3025021460506936f,0f,0f,0f,1f], start_interpolation: 0, interpolation_duration: 1 }
$data merge entity $(bone_mouth_closed) { transformation: [-0.9951328241870567f,0.07541530351821381f,-0.06342865457148261f,0.10546569933731599f,0.05439715245935972f,0.9571158504417216f,0.28455262894152444f,0.6260120441288992f,0.08216819354108951f,0.2797173230754138f,-0.9565597770875165f,0.05176474909219532f,0f,0f,0f,1f], start_interpolation: 0, interpolation_duration: 1 }
$data merge entity $(bone_mouth_open) { transformation: [-0.9951328241870567f,0.07541530351821381f,-0.06342865457148261f,0.10271254201130005f,0.05439715245935972f,0.9571158504417216f,0.28455262894152444f,0.5978806277334799f,0.08216819354108951f,0.2797173230754138f,-0.9565597770875165f,0.03704508413929166f,0f,0f,0f,1f], start_interpolation: 0, interpolation_duration: 1 }
$data merge entity $(bone_head) { transformation: [-0.9951328241870567f,0.07541530351821381f,-0.06342865457148261f,0.13420687185821734f,0.05439715245935972f,0.9571158504417216f,0.28455262894152444f,0.5944022627882404f,0.08216819354108951f,0.2797173230754138f,-0.9565597770875165f,0.04045582669792959f,0f,0f,0f,1f], start_interpolation: 0, interpolation_duration: 1 }
$data merge entity $(bone_neck) { transformation: [-0.4967396257575394f,0.2831125647984722f,-0.8204249020205877f,0.08645042454519333f,-0.017150732699253213f,0.9419126364885806f,0.3354197930817587f,0.531297206596375f,0.8677301404066466f,0.1806871906814702f,-0.4630297426229762f,0.011869960468971718f,0f,0f,0f,1f], start_interpolation: 0, interpolation_duration: 1 }
$data merge entity $(bone_finger_left2) { transformation: [0.003201740129033334f,-0.40866439979654995f,0.9126791096541387f,0.1991239134595169f,0.08941267536674934f,-0.9089111541066821f,-0.4072909125234924f,0.2667547857555451f,0.9959895191938043f,0.08290912060433593f,0.033629679997126904f,0.4355094063397242f,0f,0f,0f,1f], start_interpolation: 0, interpolation_duration: 1 }
$data merge entity $(bone_finger_left) { transformation: [0.4030118456384928f,-0.06781072979981852f,0.9126791096541387f,0.2495003941643285f,0.9106290995012953f,-0.06977646965303363f,-0.4072909125234924f,0.38058342319320704f,0.09130222021679224f,0.9952552181258707f,0.033629679997126904f,0.4469221838668232f,0f,0f,0f,1f], start_interpolation: 0, interpolation_duration: 1 }
$data merge entity $(bone_finger_left4) { transformation: [-0.03242789275758374f,-0.40738835841519944f,0.9126791096541387f,0.28436579442537613f,0.009855606414754838f,-0.9132453008901705f,-0.4072909125234924f,0.22829915148959978f,0.9994254843626409f,-0.004212579944730566f,0.033629679997126904f,0.44409960413564675f,0f,0f,0f,1f], start_interpolation: 0, interpolation_duration: 1 }
$data merge entity $(bone_finger_left3) { transformation: [0.40558613015222283f,-0.05016705920295211f,0.9126791096541387f,0.335064060694404f,0.9128059892362389f,-0.0299889744778295f,-0.4072909125234924f,0.34239990014412963f,0.04780289784725694f,0.9982905025996665f,0.033629679997126904f,0.45007496636655386f,0f,0f,0f,1f], start_interpolation: 0, interpolation_duration: 1 }
$data merge entity $(bone_thumb_left2) { transformation: [0.16980727626631364f,-0.8906643195783209f,-0.42176125800872455f,0.14932297059004068f,0.3030870480806342f,-0.36003267047357124f,0.8823348103058364f,0.3501621636475051f,-0.9377119654844883f,-0.27765724557762783f,0.20881265231173585f,0.28564542643844654f,0f,0f,0f,1f], start_interpolation: 0, interpolation_duration: 1 }
$data merge entity $(bone_thumb_left) { transformation: [0.16980727626631364f,-0.7586565189383334f,0.628971998740314f,0.22263799304925763f,0.3030870480806342f,0.6475105279882822f,0.6991912166425599f,0.42808959547530523f,-0.9377119654844883f,0.07190551033617523f,0.33989096394360235f,0.3574352958527871f,0f,0f,0f,1f], start_interpolation: 0, interpolation_duration: 1 }
$data merge entity $(bone_hand_left) { transformation: [0.16980727626631364f,0.3717288416681495f,0.9126791096541387f,0.2955815617417184f,0.3030870480806342f,0.8615406861324356f,-0.4072909125234924f,0.3550027200479902f,-0.9377119654844883f,0.34578217769357034f,0.033629679997126904f,0.2803696944038891f,0f,0f,0f,1f], start_interpolation: 0, interpolation_duration: 1 }
$data merge entity $(bone_arm_left2) { transformation: [0.16980727626631364f,0.3717288416681495f,0.9126791096541387f,0.3950758251616805f,0.3030870480806342f,0.8615406861324356f,-0.4072909125234924f,0.40531880003543047f,-0.9377119654844883f,0.34578217769357034f,0.033629679997126904f,0.04804355803258745f,0f,0f,0f,1f], start_interpolation: 0, interpolation_duration: 1 }
$data merge entity $(bone_arm_left) { transformation: [-0.5900027470827238f,0.3717288416681495f,0.7167387436904014f,0.20277896691034947f,0.5068235394341792f,0.8615406861324356f,-0.029623403144520666f,0.5338761475905078f,-0.6285114623539094f,0.34578217769357034f,-0.6967122987856909f,-0.06553978888178423f,0f,0f,0f,1f], start_interpolation: 0, interpolation_duration: 1 }
$data merge entity $(bone_finger_right2) { transformation: [-0.792569877291957f,-0.19624493349741778f,0.5773395150914292f,0.38547303327432614f,-0.2112745069642033f,-0.799776046105658f,-0.5618908780026891f,0.3422967503679824f,0.5720105526268244f,-0.5673149056319552f,0.5924168511541184f,-0.08035277939577548f,0f,0f,0f,1f], start_interpolation: 0, interpolation_duration: 1 }
$data merge entity $(bone_finger_right) { transformation: [-0.3308918468630733f,0.7464513848828592f,0.5773395150914292f,0.4268345141322103f,-0.8243130840001144f,0.06918511952426865f,-0.5618908780026891f,0.4453358858679967f,-0.4593675273958368f,-0.6618336265579701f,0.5924168511541184f,-0.022931838471295873f,0f,0f,0f,1f], start_interpolation: 0, interpolation_duration: 1 }
$data merge entity $(bone_finger_right4) { transformation: [-0.772450036686041f,-0.2645751786122957f,0.5773395150914292f,0.44370794879229525f,-0.14076546834956288f,-0.8151464433693466f,-0.5618908780026891f,0.290094777546679f,0.6192786317515427f,-0.5153020965652834f,0.5924168511541184f,-0.028367644753785184f,0f,0f,0f,1f], start_interpolation: 0, interpolation_duration: 1 }
$data merge entity $(bone_finger_right3) { transformation: [-0.2980171590378927f,0.7601742282088872f,0.5773395150914292f,0.48096009367203185f,-0.8205107080685248f,0.10507530234196472f,-0.5618908780026891f,0.3926586160552446f,-0.48779908862550336f,-0.6411663774752757f,0.5924168511541184f,0.032607241324402736f,0f,0f,0f,1f], start_interpolation: 0, interpolation_duration: 1 }
$data merge entity $(bone_thumb_right2) { transformation: [0.635375558890285f,-0.7681301895708114f,-0.07920802380294517f,0.23751382763470796f,-0.14652023152303645f,-0.22063289388009477f,0.9642888301191355f,0.414053627339642f,-0.7581752573905944f,-0.601079976382515f,-0.25273136147439523f,-0.010673793014522072f,0f,0f,0f,1f], start_interpolation: 0, interpolation_duration: 1 }
$data merge entity $(bone_thumb_right) { transformation: [0.635375558890285f,-0.3964126942753637f,0.6626876149304479f,0.34020526571633536f,-0.14652023152303645f,0.7806989855950079f,0.6074873790008821f,0.4854107924796574f,-0.7581752573905944f,-0.4830797757185379f,0.43795457455360975f,0.02037755201122307f,0f,0f,0f,1f], start_interpolation: 0, interpolation_duration: 1 }
$data merge entity $(bone_hand_right) { transformation: [0.635375558890285f,0.5128128152443657f,0.5773395150914292f,0.3225690718727412f,-0.14652023152303645f,0.8141317233542756f,-0.5618908780026891f,0.39100780442745287f,-0.7581752573905944f,0.27241981122771775f,0.5924168511541184f,0.10627634719210147f,0f,0f,0f,1f], start_interpolation: 0, interpolation_duration: 1 }
$data merge entity $(bone_arm_right2) { transformation: [0.635375558890285f,0.5128128152443657f,0.5773395150914292f,0.19980890184338432f,-0.14652023152303645f,0.8141317233542756f,-0.5618908780026891f,0.3925196824330439f,-0.7581752573905944f,0.27241981122771775f,0.5924168511541184f,0.3328462147368825f,0f,0f,0f,1f], start_interpolation: 0, interpolation_duration: 1 }
$data merge entity $(bone_arm_right) { transformation: [0.6305191926917325f,0.5128128152443657f,-0.582639308808215f,0.07859406047096462f,-0.5725227931783439f,0.8141317233542756f,0.09699066099096564f,0.5295884644156945f,0.5240831984891651f,0.27241981122771775f,0.806922702315421f,0.15139274621987742f,0f,0f,0f,1f], start_interpolation: 0, interpolation_duration: 1 }
$data merge entity $(bone_torso) { transformation: [-0.4967396257575394f,-0.014563054584132415f,-0.8677774263274193f,0.078125f,-0.017150732699253213f,0.9998286796374082f,-0.00696159050761784f,0.171875f,0.8677301404066466f,0.011424920817956142f,-0.496904291201198f,9.567553118338697e-18f,0f,0f,0f,1f], start_interpolation: 0, interpolation_duration: 1 }
$data merge entity $(bone_foot_right) { transformation: [-0.8813367277427688f,-0.04061988806103736f,-0.47073941520291035f,0.1953082301849917f,0.005265086307608816f,0.9953915486211365f,-0.09574938015355244f,-0.11557381745486249f,0.472459364599584f,-0.08686592903736695f,-0.8770612630681125f,0.3183920460656803f,0f,0f,0f,1f], start_interpolation: 0, interpolation_duration: 1 }
$data merge entity $(bone_leg_right3) { transformation: [-0.8813367277427688f,-0.22721785877740186f,-0.41426756689883637f,0.18924744172559682f,0.005265086307608816f,0.8720004038649454f,-0.48947683757819016f,0.03764354168728233f,0.472459364599584f,-0.4335750688312062f,-0.7673296608956104f,0.30537865581726753f,0f,0f,0f,1f], start_interpolation: 0, interpolation_duration: 1 }
$data merge entity $(bone_foot_left) { transformation: [-0.024404753357379072f,-0.020870138334228183f,-0.999484289691177f,0.3128229267622957f,0.00829898329370203f,0.9997433855156924f,-0.02107818763349581f,-0.045915742379239094f,0.9996677122373497f,-0.008809111392880792f,-0.024225289814808676f,-0.06716072439461734f,0f,0f,0f,1f], start_interpolation: 0, interpolation_duration: 1 }
$data merge entity $(bone_leg_left3) { transformation: [-0.024404753357379072f,-0.16347770730924005f,-0.986245125324572f,0.3514741945047196f,0.00829898329370203f,0.9864718329583428f,-0.16372064517371804f,0.10303939945388524f,0.9996677122373497f,-0.012180393783539311f,-0.022717903015497976f,-0.06745372333195894f,0f,0f,0f,1f], start_interpolation: 0, interpolation_duration: 1 }