# This file was generated by Animated Java via MC-Build. It is not recommended to edit this file directly.
$data merge entity $(bone_head2) { transformation: [-0.9951354385704034f,0.03345173109244615f,-0.09266304866671465f,0.11941671165867992f,0.05435288941357341f,0.9709060815387747f,-0.2332105148646142f,1.0082962371774844f,0.08216582205325479f,-0.23711255242593388f,-0.9680012475035206f,-0.03190517357504399f,0f,0f,0f,1f], start_interpolation: 0, interpolation_duration: 1 }
$data merge entity $(bone_head1) { transformation: [-0.9951354385704034f,0.09851594891436745f,-0.0002582843258969944f,0.1432377198804045f,0.05435288941357341f,0.5512156370716156f,0.8325905865790997f,0.9019886832523658f,0.08216582205325479f,0.828526360025579f,-0.5538888412209422f,0.32692105671722244f,0f,0f,0f,1f], start_interpolation: 0, interpolation_duration: 1 }
$data merge entity $(bone_eyelid_right) { transformation: [-0.9847856832394989f,0.1617467963226808f,-0.06352268859126559f,0.05535466181537083f,0.13759198297315234f,0.949054094618833f,0.28348681046698293f,0.7493714987299454f,0.1061395511015072f,0.27043353964805583f,-0.9568699474460437f,0.31432018993801103f,0f,0f,0f,1f], start_interpolation: 0, interpolation_duration: 1 }
$data merge entity $(bone_eye_right) { transformation: [-0.9847856832394989f,0.1617467963226808f,-0.06352268859126559f,0.05575167861906624f,0.13759198297315234f,0.949054094618833f,0.28348681046698293f,0.7475997061645268f,0.1061395511015072f,0.27043353964805583f,-0.9568699474460437f,0.32030062710954876f,0f,0f,0f,1f], start_interpolation: 0, interpolation_duration: 1 }
$data merge entity $(bone_eyelid_left) { transformation: [-0.9979116123345807f,-0.011716740243559384f,-0.06352268859126559f,0.2730405390026466f,-0.02929986245361474f,0.9585284275134758f,0.28348681046698293f,0.7374818041707263f,0.05756676148609728f,0.2847559861471025f,-0.9568699474460437f,0.2963464163638615f,0f,0f,0f,1f], start_interpolation: 0, interpolation_duration: 1 }
$data merge entity $(bone_eye_left) { transformation: [-0.9979116123345807f,-0.011716740243559384f,-0.06352268859126559f,0.273437555806342f,-0.02929986245361474f,0.9585284275134758f,0.28348681046698293f,0.7357100116053077f,0.05756676148609728f,0.2847559861471025f,-0.9568699474460437f,0.30232685353539923f,0f,0f,0f,1f], start_interpolation: 0, interpolation_duration: 1 }
$data merge entity $(bone_mouth_closed) { transformation: [-0.9951354385704034f,0.07530157325998146f,-0.06352268859126559f,0.1054422999614236f,0.05435288941357341f,0.9574345887336916f,0.28348681046698293f,0.6260243203377186f,0.08216582205325479f,0.27865512979473195f,-0.9568699474460437f,0.051720240704150114f,0f,0f,0f,1f], start_interpolation: 0, interpolation_duration: 1 }
$data merge entity $(bone_mouth_open) { transformation: [-0.9951354385704034f,0.07530157325998146f,-0.06352268859126559f,0.10269210899335376f,0.05435288941357341f,0.9574345887336916f,0.28348681046698293f,0.5978762820052094f,0.08216582205325479f,0.27865512979473195f,-0.9568699474460437f,0.037031830726526965f,0f,0f,0f,1f], start_interpolation: 0, interpolation_duration: 1 }
$data merge entity $(bone_head) { transformation: [-0.9951354385704034f,0.07530157325998146f,-0.06352268859126559f,0.1341871082523743f,0.05435288941357341f,0.9574345887336916f,0.28348681046698293f,0.5944059616456165f,0.08216582205325479f,0.27865512979473195f,-0.9568699474460437f,0.04044458595890053f,0f,0f,0f,1f], start_interpolation: 0, interpolation_duration: 1 }
$data merge entity $(bone_neck) { transformation: [-0.4967396257575394f,0.28306842333346116f,-0.8204401330467498f,0.08643363352173669f,-0.017150732699253206f,0.9419306816077654f,0.33536911517581597f,0.5312979119942541f,0.8677301404066466f,0.18066227818069647f,-0.46303946340719404f,0.011860362244558805f,0f,0f,0f,1f], start_interpolation: 0, interpolation_duration: 1 }
$data merge entity $(bone_finger_left2) { transformation: [0.0031966461122860113f,-0.40862204230752586f,0.9126980924676344f,0.19911908161145028f,0.08943944343043478f,-0.9089280159651448f,-0.4072474036166704f,0.2667720739803531f,0.9959871321520604f,0.08293303523983406f,0.03364140682880978f,0.43550698200918647f,0f,0f,0f,1f], start_interpolation: 0, interpolation_duration: 1 }
$data merge entity $(bone_finger_left) { transformation: [0.40296924708817855f,-0.06780839112622568f,0.9126980924676344f,0.2494902374974726f,0.9106503534157183f,-0.06975303628737722f,-0.4072474036166704f,0.3806033681573179f,0.09127825439289439f,0.9952570200815283f,0.03364140682880978f,0.44691676380829826f,0f,0f,0f,1f], start_interpolation: 0, interpolation_duration: 1 }
$data merge entity $(bone_finger_left4) { transformation: [-0.03242927569164257f,-0.407345718136396f,0.9126980924676344f,0.2843627498994658f,0.009880803010078033f,-0.9132644315746437f,-0.4072474036166704f,0.22832064897168117f,0.9994251907021308f,-0.004188548267244414f,0.03364140682880978f,0.4440982861693353f,0f,0f,0f,1f], start_interpolation: 0, interpolation_duration: 1 }
$data merge entity $(bone_finger_left3) { transformation: [0.4055434701347801f,-0.050166580877925665f,0.9126980924676344f,0.33505568366631333f,0.9128262007725911f,-0.02996463633281854f,-0.4072474036166704f,0.34242392406825506f,0.04777887623331123f,0.9982912574657055f,0.03364140682880978f,0.4500706456984992f,0f,0f,0f,1f], start_interpolation: 0, interpolation_duration: 1 }
$data merge entity $(bone_thumb_left2) { transformation: [0.16979399196497597f,-0.8906472536702357f,-0.42180264321393685f,0.14931438320474483f,0.3030699141053855f,-0.36008167233910526f,0.8823206992979522f,0.3501731214843663f,-0.9377199088516521f,-0.27764844457540105f,0.208788682088155f,0.2856407270976754f,0f,0f,0f,1f], start_interpolation: 0, interpolation_duration: 1 }
$data merge entity $(bone_thumb_left) { transformation: [0.16979399196497597f,-0.7586868143076754f,0.6289390416314349f,0.2226257011597687f,0.3030699141053855f,0.64747702998872f,0.6992296638452494f,0.4281058946492292f,-0.9377199088516521f,0.07188750540014949f,0.33987285727252725f,0.35742858140835543f,0f,0f,0f,1f], start_interpolation: 0, interpolation_duration: 1 }
$data merge entity $(bone_hand_left) { transformation: [0.16979399196497597f,0.37168829992150465f,0.9126980924676344f,0.2955727530813264f,0.3030699141053855f,0.8615672808386093f,-0.4072474036166704f,0.3550203651393399f,-0.9377199088516521f,0.34575949486576174f,0.03364140682880978f,0.28036500056621794f,0f,0f,0f,1f], start_interpolation: 0, interpolation_duration: 1 }
$data merge entity $(bone_arm_left2) { transformation: [0.16979399196497597f,0.37168829992150465f,0.9126980924676344f,0.39506488185179756f,0.3030699141053855f,0.8615672808386093f,-0.4072474036166704f,0.4053348809396443f,-0.9377199088516521f,0.34575949486576174f,0.03364140682880978f,0.04803761128010556f,0f,0f,0f,1f], start_interpolation: 0, interpolation_duration: 1 }
$data merge entity $(bone_arm_left) { transformation: [-0.5900258277458202f,0.37168829992150465f,0.7167407692424931f,0.20276212683768668f,0.5067791961708875f,0.8615672808386093f,-0.02960856154483231f,0.5338802150789183f,-0.6285255515261476f,0.34575949486576174f,-0.6967108458958597f,-0.06554934873294012f,0f,0f,0f,1f], start_interpolation: 0, interpolation_duration: 1 }
$data merge entity $(bone_finger_right2) { transformation: [-0.7925605410084567f,-0.19620707093918283f,0.5773651999816485f,0.3854651507928863f,-0.21129622125036188f,-0.7998003688830145f,-0.5618480905190586f,0.3423089515377413f,0.572015468079055f,-0.5672937116239354f,0.5924324003886343f,-0.08035705063369467f,0f,0f,0f,1f], start_interpolation: 0, interpolation_duration: 1 }
$data merge entity $(bone_finger_right) { transformation: [-0.33085293829355866f,0.7464487652027231f,0.5773651999816485f,0.4268217680795811f,-0.8243408079060506f,0.06920228031566497f,-0.5618480905190586f,0.4453515525259977f,-0.4593458018130992f,-0.6618347870325663f,0.5924324003886343f,-0.022938825407057273f,0f,0f,0f,1f], start_interpolation: 0, interpolation_duration: 1 }
$data merge entity $(bone_finger_right4) { transformation: [-0.7724440358693032f,-0.26453664642180297f,0.5773651999816485f,0.44370245535666597f,-0.1407849801365807f,-0.8151725661159303f,-0.5618480905190586f,0.29011108690930615f,0.6192816813194828f,-0.5152805547969727f,0.5924324003886343f,-0.028370467163110015f,0f,0f,0f,1f], start_interpolation: 0, interpolation_duration: 1 }
$data merge entity $(bone_finger_right3) { transformation: [-0.2979784017695575f,0.7601699138541406f,0.5773651999816485f,0.4809497555778606f,-0.8205376570442381f,0.10509365609988247f,-0.5618480905190586f,0.3926782940398359f,-0.48777743433989756f,-0.6411684845019664f,0.5924324003886343f,0.03260171212937718f,0f,0f,0f,1f], start_interpolation: 0, interpolation_duration: 1 }
$data merge entity $(bone_thumb_right2) { transformation: [0.635383098752393f,-0.7681193331991413f,-0.07925280932253376f,0.23750253091916412f,-0.14651083094628806f,-0.2206848190559153f,0.9642783763279599f,0.4140607829837375f,-0.7581707553283992f,-0.6010747878625132f,-0.25275720595227336f,-0.010680118485376186f,0f,0f,0f,1f], start_interpolation: 0, interpolation_duration: 1 }
$data merge entity $(bone_thumb_right) { transformation: [0.635383098752393f,-0.3964486956395892f,0.6626588485378246f,0.3401906088224045f,-0.14651083094628806f,0.7806675667151156f,0.6075300212290163f,0.485423572170293f,-0.7581707553283992f,-0.48310100600678657f,0.43793894980921255f,0.02036941413676291f,0f,0f,0f,1f], start_interpolation: 0, interpolation_duration: 1 }
$data merge entity $(bone_hand_right) { transformation: [0.635383098752393f,0.5127745544290963f,0.5773651999816485f,0.32255874299684095f,-0.14651083094628806f,0.8141629441306674f,-0.5618480905190586f,0.3910220566101076f,-0.7581707553283992f,0.2723985255733335f,0.5924324003886343f,0.10627071603288898f,0f,0f,0f,1f], start_interpolation: 0, interpolation_duration: 1 }
$data merge entity $(bone_arm_right2) { transformation: [0.635383098752393f,0.5127745544290963f,0.5773651999816485f,0.19979829330759574f,-0.14651083094628806f,0.8141629441306674f,-0.5618480905190586f,0.3925342586892384f,-0.7581707553283992f,0.2723985255733335f,0.5924324003886343f,0.3328404298892784f,0f,0f,0f,1f], start_interpolation: 0, interpolation_duration: 1 }
$data merge entity $(bone_arm_right) { transformation: [0.6305454369854723f,0.5127745544290963f,-0.582644581393187f,0.07857722039830185f,-0.5724793491997577f,0.8141629441306674f,0.09698502536116599f,0.5295925319041049f,0.5240990809347238f,0.2723985255733335f,0.8069195725900149f,0.15138318636872153f,0f,0f,0f,1f], start_interpolation: 0, interpolation_duration: 1 }
$data merge entity $(bone_torso) { transformation: [-0.4967396257575394f,-0.014609743310824888f,-0.8677766415401211f,0.078125f,-0.017150732699253206f,0.9998283036380933f,-0.0070153839561190035f,0.171875f,0.8677301404066466f,0.011398186020802274f,-0.49690490517331054f,9.567553118338697e-18f,0f,0f,0f,1f], start_interpolation: 0, interpolation_duration: 1 }
$data merge entity $(bone_foot_right) { transformation: [-0.8793268334347999f,-0.04235836056984246f,-0.4743312021060427f,0.19585456673686316f,0.001885851466750063f,0.9957187956923279f,-0.09241495262816546f,-0.1155686450799341f,0.47621503920579167f,-0.08215746584976874f,-0.8754823740312369f,0.31818538647318056f,0f,0f,0f,1f], start_interpolation: 0, interpolation_duration: 1 }
$data merge entity $(bone_leg_right3) { transformation: [-0.8793268334347999f,-0.23185716887830693f,-0.41596462979592935f,0.18924744172559682f,0.001885851466750063f,0.8717715952577789f,-0.4899088989454601f,0.03764354168728233f,0.47621503920579167f,-0.43157448828845735f,-0.7661349081544206f,0.30537865581726753f,0f,0f,0f,1f], start_interpolation: 0, interpolation_duration: 1 }
$data merge entity $(bone_foot_left) { transformation: [-0.024404753357379072f,-0.031143836177273343f,-0.9992169281400958f,0.31267932713129837f,0.00829898329370203f,0.9994738715055f,-0.03135453801443172f,-0.04587841433431325f,0.9996677122373497f,-0.00905768436029574f,-0.0241334511450996f,-0.06716453996088126f,0f,0f,0f,1f], start_interpolation: 0, interpolation_duration: 1 }
$data merge entity $(bone_leg_left3) { transformation: [-0.024404753357379072f,-0.16252642588715194f,-0.9864023362208315f,0.3514741945047196f,0.00829898329370203f,0.9866292780558246f,-0.1627691449855706f,0.10303939945388524f,0.9996677122373497f,-0.012158477346729719f,-0.022729640092898865f,-0.06745372333195894f,0f,0f,0f,1f], start_interpolation: 0, interpolation_duration: 1 }