# This file was generated by Animated Java via MC-Build. It is not recommended to edit this file directly.
$data merge entity $(bone_head2) { transformation: [-0.9951328241870567f,0.03340281245335316f,-0.09270876088967499f,0.11941723234938767f,0.054397152459359666f,0.9706738145111959f,-0.23416510334932014f,1.0082206950653476f,0.08216819354108978f,-0.23806847322249688f,-0.967766392280546f,-0.03229982030569646f,0f,0f,0f,1f], start_interpolation: 0, interpolation_duration: 1 }
$data merge entity $(bone_head1) { transformation: [-0.9951328241870567f,0.0985421731930091f,-0.0003198873111201969f,0.14326225829582237f,0.054397152459359666f,0.5520332168245187f,0.832045838476876f,0.9022667029121182f,0.08216819354108978f,0.8279787241377481f,-0.5547067877225057f,0.32662937366493516f,0f,0f,0f,1f], start_interpolation: 0, interpolation_duration: 1 }
$data merge entity $(bone_eyelid_right) { transformation: [-0.9847847790975288f,0.16172713402785488f,-0.06358673585715918f,0.05538409392078442f,0.13766014521563472f,0.9493253311207488f,0.2825439790752781f,0.749633988823311f,0.10605952704515614f,0.2694916507270998f,-0.9571445172550177f,0.3141834279010215f,0f,0f,0f,1f], start_interpolation: 0, interpolation_duration: 1 }
$data merge entity $(bone_eye_right) { transformation: [-0.9847847790975288f,0.16172713402785488f,-0.06358673585715918f,0.055781511019891664f,0.13766014521563472f,0.9493253311207488f,0.2825439790752781f,0.7478680889540905f,0.10605952704515614f,0.2694916507270998f,-0.9571445172550177f,0.32016558113386534f,0f,0f,0f,1f], start_interpolation: 0, interpolation_duration: 1 }
$data merge entity $(bone_eyelid_left) { transformation: [-0.9979073076068934f,-0.011735946821340479f,-0.06358673585715918f,0.2730693992117031f,-0.029279835473029793f,0.958807379572655f,0.2825439790752781f,0.7377346117228261f,0.057651510469663964f,0.28381451060371377f,-0.9571445172550177f,0.2962091355639081f,0f,0f,0f,1f], start_interpolation: 0, interpolation_duration: 1 }
$data merge entity $(bone_eye_left) { transformation: [-0.9979073076068934f,-0.011735946821340479f,-0.06358673585715918f,0.2734668163108103f,-0.029279835473029793f,0.958807379572655f,0.2825439790752781f,0.7359687118536056f,0.057651510469663964f,0.28381451060371377f,-0.9571445172550177f,0.30219128879675194f,0f,0f,0f,1f], start_interpolation: 0, interpolation_duration: 1 }
$data merge entity $(bone_mouth_closed) { transformation: [-0.9951328241870567f,0.07528206458728853f,-0.06358673585715918f,0.10546153562072458f,0.054397152459359666f,0.9577107338296998f,0.2825439790752781f,0.6260306342347735f,0.08216819354108978f,0.2777098504894152f,-0.9571445172550177f,0.05170201557388287f,0f,0f,0f,1f], start_interpolation: 0, interpolation_duration: 1 }
$data merge entity $(bone_mouth_open) { transformation: [-0.9951328241870567f,0.07528206458728853f,-0.06358673585715918f,0.10271155400326457f,0.054397152459359666f,0.9577107338296998f,0.2825439790752781f,0.5978680736718158f,0.08216819354108978f,0.2777098504894152f,-0.9571445172550177f,0.03704142951324478f,0f,0f,0f,1f], start_interpolation: 0, interpolation_duration: 1 }
$data merge entity $(bone_head) { transformation: [-0.9951328241870567f,0.07528206458728853f,-0.06358673585715918f,0.13420687185821734f,0.054397152459359666f,0.9577107338296998f,0.2825439790752781f,0.5944022627882404f,0.08216819354108978f,0.2777098504894152f,-0.9571445172550177f,0.04045582669792959f,0f,0f,0f,1f], start_interpolation: 0, interpolation_duration: 1 }
$data merge entity $(bone_neck) { transformation: [-0.4967396257575394f,0.2831125647984722f,-0.8204249020205877f,0.08645042454519333f,-0.017150732699253213f,0.9419126364885806f,0.3354197930817587f,0.531297206596375f,0.8677301404066466f,0.1806871906814702f,-0.4630297426229762f,0.011869960468971718f,0f,0f,0f,1f], start_interpolation: 0, interpolation_duration: 1 }
$data merge entity $(bone_finger_left2) { transformation: [0.003201740129033334f,-0.40866439979654995f,0.9126791096541387f,0.1991239134595169f,0.08941267536674934f,-0.9089111541066821f,-0.4072909125234924f,0.2667547857555451f,0.9959895191938043f,0.08290912060433593f,0.033629679997126904f,0.4355094063397242f,0f,0f,0f,1f], start_interpolation: 0, interpolation_duration: 1 }
$data merge entity $(bone_finger_left) { transformation: [0.4030118456384928f,-0.06781072979981852f,0.9126791096541387f,0.2495003941643285f,0.9106290995012953f,-0.06977646965303363f,-0.4072909125234924f,0.38058342319320704f,0.09130222021679224f,0.9952552181258707f,0.033629679997126904f,0.4469221838668232f,0f,0f,0f,1f], start_interpolation: 0, interpolation_duration: 1 }
$data merge entity $(bone_finger_left4) { transformation: [-0.03242789275758374f,-0.40738835841519944f,0.9126791096541387f,0.28436579442537613f,0.009855606414754838f,-0.9132453008901705f,-0.4072909125234924f,0.22829915148959978f,0.9994254843626409f,-0.004212579944730566f,0.033629679997126904f,0.44409960413564675f,0f,0f,0f,1f], start_interpolation: 0, interpolation_duration: 1 }
$data merge entity $(bone_finger_left3) { transformation: [0.40558613015222283f,-0.05016705920295211f,0.9126791096541387f,0.335064060694404f,0.9128059892362389f,-0.0299889744778295f,-0.4072909125234924f,0.34239990014412963f,0.04780289784725694f,0.9982905025996665f,0.033629679997126904f,0.45007496636655386f,0f,0f,0f,1f], start_interpolation: 0, interpolation_duration: 1 }
$data merge entity $(bone_thumb_left2) { transformation: [0.16980727626631364f,-0.8906643195783209f,-0.42176125800872455f,0.14932297059004068f,0.3030870480806342f,-0.36003267047357124f,0.8823348103058364f,0.3501621636475051f,-0.9377119654844883f,-0.27765724557762783f,0.20881265231173585f,0.28564542643844654f,0f,0f,0f,1f], start_interpolation: 0, interpolation_duration: 1 }
$data merge entity $(bone_thumb_left) { transformation: [0.16980727626631364f,-0.7586565189383334f,0.628971998740314f,0.22263799304925763f,0.3030870480806342f,0.6475105279882822f,0.6991912166425599f,0.42808959547530523f,-0.9377119654844883f,0.07190551033617523f,0.33989096394360235f,0.3574352958527871f,0f,0f,0f,1f], start_interpolation: 0, interpolation_duration: 1 }
$data merge entity $(bone_hand_left) { transformation: [0.16980727626631364f,0.3717288416681495f,0.9126791096541387f,0.2955815617417184f,0.3030870480806342f,0.8615406861324356f,-0.4072909125234924f,0.3550027200479902f,-0.9377119654844883f,0.34578217769357034f,0.033629679997126904f,0.2803696944038891f,0f,0f,0f,1f], start_interpolation: 0, interpolation_duration: 1 }
$data merge entity $(bone_arm_left2) { transformation: [0.16980727626631364f,0.3717288416681495f,0.9126791096541387f,0.3950758251616805f,0.3030870480806342f,0.8615406861324356f,-0.4072909125234924f,0.40531880003543047f,-0.9377119654844883f,0.34578217769357034f,0.033629679997126904f,0.04804355803258745f,0f,0f,0f,1f], start_interpolation: 0, interpolation_duration: 1 }
$data merge entity $(bone_arm_left) { transformation: [-0.5900027470827238f,0.3717288416681495f,0.7167387436904014f,0.20277896691034947f,0.5068235394341792f,0.8615406861324356f,-0.029623403144520666f,0.5338761475905078f,-0.6285114623539094f,0.34578217769357034f,-0.6967122987856909f,-0.06553978888178423f,0f,0f,0f,1f], start_interpolation: 0, interpolation_duration: 1 }
$data merge entity $(bone_finger_right2) { transformation: [-0.792569877291957f,-0.19624493349741778f,0.5773395150914292f,0.38547303327432614f,-0.2112745069642033f,-0.799776046105658f,-0.5618908780026891f,0.3422967503679824f,0.5720105526268244f,-0.5673149056319552f,0.5924168511541184f,-0.08035277939577548f,0f,0f,0f,1f], start_interpolation: 0, interpolation_duration: 1 }
$data merge entity $(bone_finger_right) { transformation: [-0.3308918468630733f,0.7464513848828592f,0.5773395150914292f,0.4268345141322103f,-0.8243130840001144f,0.06918511952426865f,-0.5618908780026891f,0.4453358858679967f,-0.4593675273958368f,-0.6618336265579701f,0.5924168511541184f,-0.022931838471295873f,0f,0f,0f,1f], start_interpolation: 0, interpolation_duration: 1 }
$data merge entity $(bone_finger_right4) { transformation: [-0.772450036686041f,-0.2645751786122957f,0.5773395150914292f,0.44370794879229525f,-0.14076546834956288f,-0.8151464433693466f,-0.5618908780026891f,0.290094777546679f,0.6192786317515427f,-0.5153020965652834f,0.5924168511541184f,-0.028367644753785184f,0f,0f,0f,1f], start_interpolation: 0, interpolation_duration: 1 }
$data merge entity $(bone_finger_right3) { transformation: [-0.2980171590378927f,0.7601742282088872f,0.5773395150914292f,0.48096009367203185f,-0.8205107080685248f,0.10507530234196472f,-0.5618908780026891f,0.3926586160552446f,-0.48779908862550336f,-0.6411663774752757f,0.5924168511541184f,0.032607241324402736f,0f,0f,0f,1f], start_interpolation: 0, interpolation_duration: 1 }
$data merge entity $(bone_thumb_right2) { transformation: [0.635375558890285f,-0.7681301895708114f,-0.07920802380294517f,0.23751382763470796f,-0.14652023152303645f,-0.22063289388009477f,0.9642888301191355f,0.414053627339642f,-0.7581752573905944f,-0.601079976382515f,-0.25273136147439523f,-0.010673793014522072f,0f,0f,0f,1f], start_interpolation: 0, interpolation_duration: 1 }
$data merge entity $(bone_thumb_right) { transformation: [0.635375558890285f,-0.3964126942753637f,0.6626876149304479f,0.34020526571633536f,-0.14652023152303645f,0.7806989855950079f,0.6074873790008821f,0.4854107924796574f,-0.7581752573905944f,-0.4830797757185379f,0.43795457455360975f,0.02037755201122307f,0f,0f,0f,1f], start_interpolation: 0, interpolation_duration: 1 }
$data merge entity $(bone_hand_right) { transformation: [0.635375558890285f,0.5128128152443657f,0.5773395150914292f,0.3225690718727412f,-0.14652023152303645f,0.8141317233542756f,-0.5618908780026891f,0.39100780442745287f,-0.7581752573905944f,0.27241981122771775f,0.5924168511541184f,0.10627634719210147f,0f,0f,0f,1f], start_interpolation: 0, interpolation_duration: 1 }
$data merge entity $(bone_arm_right2) { transformation: [0.635375558890285f,0.5128128152443657f,0.5773395150914292f,0.19980890184338432f,-0.14652023152303645f,0.8141317233542756f,-0.5618908780026891f,0.3925196824330439f,-0.7581752573905944f,0.27241981122771775f,0.5924168511541184f,0.3328462147368825f,0f,0f,0f,1f], start_interpolation: 0, interpolation_duration: 1 }
$data merge entity $(bone_arm_right) { transformation: [0.6305191926917325f,0.5128128152443657f,-0.582639308808215f,0.07859406047096462f,-0.5725227931783439f,0.8141317233542756f,0.09699066099096564f,0.5295884644156945f,0.5240831984891651f,0.27241981122771775f,0.806922702315421f,0.15139274621987742f,0f,0f,0f,1f], start_interpolation: 0, interpolation_duration: 1 }
$data merge entity $(bone_torso) { transformation: [-0.4967396257575394f,-0.014563054584132415f,-0.8677774263274193f,0.078125f,-0.017150732699253213f,0.9998286796374082f,-0.00696159050761784f,0.171875f,0.8677301404066466f,0.011424920817956142f,-0.496904291201198f,9.567553118338697e-18f,0f,0f,0f,1f], start_interpolation: 0, interpolation_duration: 1 }
$data merge entity $(bone_foot_right) { transformation: [-0.8772901283542704f,-0.04437864105788586f,-0.4779043491222942f,0.196399997895959f,-0.001491291888981755f,0.9959633430509065f,-0.0897485116721422f,-0.11556147849355104f,0.479958130195385f,-0.07802278844490312f,-0.8738149905687312f,0.3179764078635758f,0f,0f,0f,1f], start_interpolation: 0, interpolation_duration: 1 }
$data merge entity $(bone_leg_right3) { transformation: [-0.8772901283542704f,-0.23648715079365368f,-0.41765519055992595f,0.18924744172559682f,-0.001491291888981755f,0.8715255671067699f,-0.4903477969031016f,0.03764354168728233f,0.479958130195385f,-0.42955443588528236f,-0.7649334480009531f,0.30537865581726753f,0f,0f,0f,1f], start_interpolation: 0, interpolation_duration: 1 }
$data merge entity $(bone_foot_left) { transformation: [-0.024404753357379072f,-0.045817474568931676f,-0.9986516745280567f,0.3128229267622957f,0.00829898329370203f,0.9989054952799188f,-0.04603192778791271f,-0.04591574237923912f,0.9996677122373497f,-0.009411191407364647f,-0.02399780378362989f,-0.06716072439461734f,0f,0f,0f,1f], start_interpolation: 0, interpolation_duration: 1 }
$data merge entity $(bone_leg_left3) { transformation: [-0.024404753357379072f,-0.16347770730924f,-0.9862451253245721f,0.3514741945047196f,0.00829898329370203f,0.986471832958343f,-0.16372064517371798f,0.10303939945388524f,0.9996677122373497f,-0.012180393783539311f,-0.02271790301549798f,-0.06745372333195894f,0f,0f,0f,1f], start_interpolation: 0, interpolation_duration: 1 }