# This file was generated by Animated Java via MC-Build. It is not recommended to edit this file directly.
$data merge entity $(bone_head2) { transformation: [-0.9951119319094719f,0.033595132691927425f,-0.0928633944609554f,0.11965963022156803f,0.05474961449930171f,0.9702900969419275f,-0.23566842700837792f,1.0080793860732846f,0.08218711993723249f,-0.2396006987382072f,-0.9673865734444459f,-0.03286051462962124f,0f,0f,0f,1f], start_interpolation: 0, interpolation_duration: 1 }
$data merge entity $(bone_head1) { transformation: [-0.9951119319094719f,0.09875325861442866f,-0.00019205319831645112f,0.1435188148486476f,0.05474961449930171f,0.5533146398355504f,0.8311710949352326f,0.9026855596438635f,0.08218711993723249f,0.827097759189739f,-0.5560167030402379f,0.3262326218398691f,0f,0f,0f,1f], start_interpolation: 0, interpolation_duration: 1 }
$data merge entity $(bone_eyelid_right) { transformation: [-0.9847427115634105f,0.16196825614101795f,-0.06362449233887879f,0.055605145349217f,0.13804781502423988f,0.9497123689330286f,0.28105020381178963f,0.7500531357888875f,0.10594617874079104f,0.26797891763766213f,-0.9575816972519744f,0.3140363661316671f,0f,0f,0f,1f], start_interpolation: 0, interpolation_duration: 1 }
$data merge entity $(bone_eye_right) { transformation: [-0.9847427115634105f,0.16196825614101795f,-0.06362449233887879f,0.05600279842633499f,0.13804781502423988f,0.9497123689330286f,0.28105020381178963f,0.7482965720150638f,0.10594617874079104f,0.26797891763766213f,-0.9575816972519744f,0.3200212517394919f,0f,0f,0f,1f], start_interpolation: 0, interpolation_duration: 1 }
$data merge entity $(bone_eyelid_left) { transformation: [-0.9979077495886896f,-0.011491182944236192f,-0.06362449233887879f,0.273285880454414f,-0.02896526365069723f,0.9592558555666978f,0.28105020381178963f,0.7380766576171652f,0.05780256752501175f,0.2823050766025028f,-0.9575816972519744f,0.29605793364539745f,0f,0f,0f,1f], start_interpolation: 0, interpolation_duration: 1 }
$data merge entity $(bone_eye_left) { transformation: [-0.9979077495886896f,-0.011491182944236192f,-0.06362449233887879f,0.27368353353153196f,-0.02896526365069723f,0.9592558555666978f,0.28105020381178963f,0.7363200938433415f,0.05780256752501175f,0.2823050766025028f,-0.9575816972519744f,0.3020428192532223f,0f,0f,0f,1f], start_interpolation: 0, interpolation_duration: 1 }
$data merge entity $(bone_mouth_closed) { transformation: [-0.9951119319094719f,0.07552593558519594f,-0.06362449233887879f,0.1056271821776967f,0.05474961449930171f,0.9581300864963638f,0.28105020381178963f,0.626025255625449f,0.08218711993723249f,0.27619299485043336f,-0.9575816972519744f,0.05174471162528749f,0f,0f,0f,1f], start_interpolation: 0, interpolation_duration: 1 }
$data merge entity $(bone_mouth_open) { transformation: [-0.9951119319094719f,0.07552593558519594f,-0.06362449233887879f,0.10286934361354134f,0.05474961449930171f,0.9581300864963638f,0.28105020381178963f,0.5978402541962613f,0.08218711993723249f,0.27619299485043336f,-0.9575816972519744f,0.0371287949283866f,0f,0f,0f,1f], start_interpolation: 0, interpolation_duration: 1 }
$data merge entity $(bone_head) { transformation: [-0.9951119319094719f,0.07552593558519594f,-0.06362449233887879f,0.13436424456283033f,0.05474961449930171f,0.9581300864963638f,0.28105020381178963f,0.5943727649693344f,0.08218711993723249f,0.27619299485043336f,-0.9575816972519744f,0.040545333038172926f,0f,0f,0f,1f], start_interpolation: 0, interpolation_duration: 1 }
$data merge entity $(bone_neck) { transformation: [-0.49673962575753944f,0.28346403605863535f,-0.820303531909749f,0.0865841313735698f,-0.01715073269925321f,0.9417688450761468f,0.33582330891678663f,0.5312915523514101f,0.8677301404066466f,0.1808855514000206f,-0.46295228774094216f,0.011946390343141877f,0f,0f,0f,1f], start_interpolation: 0, interpolation_duration: 1 }
$data merge entity $(bone_finger_left2) { transformation: [0.003242259498435651f,-0.40900166711289343f,0.9125278757672106f,0.19916236096303613f,0.08919950928801201f,-0.9087767889774314f,-0.4076373331266979f,0.2666171084684795f,0.9960085016183957f,0.08271870474531394f,0.033536257828428784f,0.4355286947467772f,0f,0f,0f,1f], start_interpolation: 0, interpolation_duration: 1 }
$data merge entity $(bone_finger_left) { transformation: [0.4033510252211224f,-0.0678293918655536f,0.9125278757672106f,0.24958123911567642f,0.9104597597791616f,-0.06996306500021698f,-0.4076373331266979f,0.38042457844087474f,0.09149303949449158f,0.9952408467978613f,0.033536257828428784f,0.4469653246835886f,0f,0f,0f,1f], start_interpolation: 0, interpolation_duration: 1 }
$data merge entity $(bone_finger_left4) { transformation: [-0.032416922360075553f,-0.4077278738233164f,0.9125278757672106f,0.28439000235148737f,0.009654962189943012f,-0.9130928684128818f,-0.4076373331266979f,0.22812795972740588f,0.9994277987177518f,-0.004403925641235325f,0.033536257828428784f,0.4441100785580276f,0f,0f,0f,1f], start_interpolation: 0, interpolation_duration: 1 }
$data merge entity $(bone_finger_left3) { transformation: [0.40592580093892017f,-0.05017090870093467f,0.9125278757672106f,0.3351307274688524f,0.9126449498627276f,-0.030182778722524506f,-0.4076373331266979f,0.3422085784602468f,0.047994162375809446f,0.9982844683699676f,0.033536257828428784f,0.45010934885500375f,0f,0f,0f,1f], start_interpolation: 0, interpolation_duration: 1 }
$data merge entity $(bone_thumb_left2) { transformation: [0.16991308857327353f,-0.890800134833984f,-0.42143168142801746f,0.14939133423002654f,0.3032234570003634f,-0.35964242955070685f,0.882447085094406f,0.3500748871023178f,-0.9376486961843646f,-0.2777272810629522f,0.20900354039379435f,0.285682836769992f,0f,0f,0f,1f], start_interpolation: 0, interpolation_duration: 1 }
$data merge entity $(bone_thumb_left) { transformation: [0.16991308857327353f,-0.7584152191240798f,0.6292343742457687f,0.22273584699283283f,0.3032234570003634f,0.6477772064439318f,0.6988849876313302f,0.4279597775249728f,-0.9376486961843646f,0.07204891541632936f,0.3400351104387473f,0.3574887473305968f,0f,0f,0f,1f], start_interpolation: 0, interpolation_duration: 1 }
$data merge entity $(bone_hand_left) { transformation: [0.16991308857327353f,0.3720516338887282f,0.9125278757672106f,0.2956516762637929f,0.3032234570003634f,0.8613288220918316f,-0.4076373331266979f,0.3548621922261281f,-0.9376486961843646f,0.3459627753886617f,0.033536257828428784f,0.28040705452869785f,0f,0f,0f,1f], start_interpolation: 0, interpolation_duration: 1 }
$data merge entity $(bone_arm_left2) { transformation: [0.16991308857327353f,0.3720516338887282f,0.9125278757672106f,0.39516294064256197f,0.3032234570003634f,0.8613288220918316f,-0.4076373331266979f,0.4051907231558003f,-0.9376486961843646f,0.3459627753886617f,0.033536257828428784f,0.04809089659688351f,0f,0f,0f,1f], start_interpolation: 0, interpolation_duration: 1 }
$data merge entity $(bone_arm_left) { transformation: [-0.5898188803641652f,0.3720516338887282f,0.7167225893514796f,0.20291305871705323f,0.5071765949756994f,0.8613288220918316f,-0.029741582721050937f,0.5338437208197908f,-0.628399228098521f,0.3459627753886617f,-0.6967238823024202f,-0.06546366778384548f,0f,0f,0f,1f], start_interpolation: 0, interpolation_duration: 1 }
$data merge entity $(bone_finger_right2) { transformation: [-0.792644186528699f,-0.1965463949543501f,0.5771349133371731f,0.38553578164709734f,-0.21110157486759096f,-0.7995822794217986f,-0.5622315390682593f,0.342199574688806f,0.5719714316735411f,-0.5674836500420866f,0.5922929919256436f,-0.08031877922943918f,0f,0f,0f,1f], start_interpolation: 0, interpolation_duration: 1 }
$data merge entity $(bone_finger_right) { transformation: [-0.33120163210663867f,0.7464722169626898f,0.5771349133371731f,0.4269359856604272f,-0.8240922317241373f,0.06904846188632488f,-0.5622315390682593f,0.4452111036543232f,-0.45954050148145786f,-0.6618244020991824f,0.5922929919256436f,-0.02287621654425695f,0f,0f,0f,1f], start_interpolation: 0, interpolation_duration: 1 }
$data merge entity $(bone_finger_right4) { transformation: [-0.7724977890565135f,-0.26488196939409203f,0.5771349133371731f,0.4437516661917885f,-0.1406100821910392f,-0.8149383420008938f,-0.5622315390682593f,0.28996489350199595f,0.6192543667096971f,-0.5154736084677293f,0.5922929919256436f,-0.0283451855153381f,0f,0f,0f,1f], start_interpolation: 0, interpolation_duration: 1 }
$data merge entity $(bone_finger_right3) { transformation: [-0.2983257407519893f,0.7602085531037329f,0.5771349133371731f,0.4810423837857872f,-0.8202960269174233f,0.10492914133083503f,-0.5622315390682593f,0.39250189686667386f,-0.4879714957128818f,-0.6411496167724838f,0.5922929919256436f,0.03265125144877212f,0f,0f,0f,1f], start_interpolation: 0, interpolation_duration: 1 }
$data merge entity $(bone_thumb_right2) { transformation: [0.6353155028132822f,-0.7682165530146728f,-0.07885137639484446f,0.23760377218361187f,-0.14659507188970886f,-0.220219388294706f,0.9643719748710851f,0.4139966217644361f,-0.7582111162352857f,-0.6011212429230566f,-0.25252555221973494f,-0.010623430197623473f,0f,0f,0f,1f], start_interpolation: 0, interpolation_duration: 1 }
$data merge entity $(bone_thumb_right) { transformation: [0.6353155028132822f,-0.39612596072069817f,0.6629166124998007f,0.340321958209002f,-0.14659507188970886f,0.7809490953428682f,0.607147754159403f,0.48530899503780806f,-0.7582111162352857f,-0.48291068918202673f,0.4380789534901014f,0.020442341606286524f,0f,0f,0f,1f], start_interpolation: 0, interpolation_duration: 1 }
$data merge entity $(bone_hand_right) { transformation: [0.6353155028132822f,0.513117436550738f,0.5771349133371731f,0.3226512976241107f,-0.14659507188970886f,0.813883026837756f,-0.5622315390682593f,0.3908942910659058f,-0.7582111162352857f,0.2725892788299129f,0.5922929919256436f,0.10632117443715142f,0f,0f,0f,1f], start_interpolation: 0, interpolation_duration: 1 }
$data merge entity $(bone_arm_right2) { transformation: [0.6353155028132822f,0.513117436550738f,0.5771349133371731f,0.19989335400436348f,-0.14659507188970886f,0.813883026837756f,-0.5622315390682593f,0.3924035878465668f,-0.7582111162352857f,0.2725892788299129f,0.5922929919256436f,0.33289226549132556f,0f,0f,0f,1f], start_interpolation: 0, interpolation_duration: 1 }
$data merge entity $(bone_arm_right) { transformation: [0.6303101352769246f,0.513117436550738f,-0.5825973134805763f,0.07872815227766836f,-0.572868680693456f,0.813883026837756f,0.09703552599925296f,0.5295560376449775f,0.5239566852782056f,0.2725892788299129f,0.8069476296633282f,0.15146886731781617f,0f,0f,0f,1f], start_interpolation: 0, interpolation_duration: 1 }
$data merge entity $(bone_torso) { transformation: [-0.49673962575753944f,-0.014191268611834326f,-0.8677835859806561f,0.078125f,-0.01715073269925321f,0.9998315704519422f,-0.006533230095582182f,0.171875f,0.8677301404066466f,0.011637810051286258f,-0.49689935078149555f,9.567553118338697e-18f,0f,0f,0f,1f], start_interpolation: 0, interpolation_duration: 1 }
$data merge entity $(bone_foot_right) { transformation: [-0.8733423040445543f,-0.049092891005087735f,-0.4846267718759586f,0.1974349122964737f,-0.00790886616323884f,0.9962062395003609f,-0.08666359222050246f,-0.11554234348128918f,0.4870427802587385f,-0.07185413302874177f,-0.8704173216133317f,0.31757252869557206f,0f,0f,0f,1f], start_interpolation: 0, interpolation_duration: 1 }
$data merge entity $(bone_leg_right3) { transformation: [-0.8733423040445543f,-0.2452676578566963f,-0.4208527010435366f,0.18924744172559682f,-0.00790886616323884f,0.8710100932998452f,-0.4912014527724923f,0.03764354168728233f,0.4870427802587385f,-0.4256585408273696f,-0.7626297508087085f,0.30537865581726753f,0f,0f,0f,1f], start_interpolation: 0, interpolation_duration: 1 }
$data merge entity $(bone_foot_left) { transformation: [-0.024404753357379072f,-0.08487820755376506f,-0.996092414335149f,0.31392573627792597f,0.00829898329370203f,0.99633764495527f,-0.08510243311020818f,-0.04619749296160661f,0.9996677122373497f,-0.010343458195718257f,-0.02361097165931728f,-0.06713146263368709f,0f,0f,0f,1f], start_interpolation: 0, interpolation_duration: 1 }
$data merge entity $(bone_leg_left3) { transformation: [-0.024404753357379072f,-0.17077033236657274f,-0.985008579453487f,0.3514741945047196f,0.00829898329370203f,0.9852334834160614f,-0.17101494096173137f,0.10303939945388524f,0.9996677122373497f,-0.012348147199635515f,-0.022627160026830337f,-0.06745372333195894f,0f,0f,0f,1f], start_interpolation: 0, interpolation_duration: 1 }