# This file was generated by Animated Java via MC-Build. It is not recommended to edit this file directly.
$data merge entity $(bone_head2) { transformation: [-0.9949260736135491f,0.03639682659626917f,-0.09379434448647894f,0.1222198214259114f,0.05779258288346778f,0.9698672794878409f,-0.23668011649167256f,1.007765004058079f,0.08235366055971444f,-0.24089983643119253f,-0.9670497109248521f,-0.032634908668372056f,0f,0f,0f,1f], start_interpolation: 0, interpolation_duration: 1 }
$data merge entity $(bone_head1) { transformation: [-0.9949260736135491f,0.10058630123445123f,0.002122274228135747f,0.14585602333533582f,0.05779258288346778f,0.5541207048912817f,0.8304277583116105f,0.9027790116987773f,0.08235366055971444f,0.8263368807059029f,-0.5571222793764886f,0.32659241680622153f,0f,0f,0f,1f], start_interpolation: 0, interpolation_duration: 1 }
$data merge entity $(bone_eyelid_right) { transformation: [-0.9843055223951399f,0.16483286640880426f,-0.06302987175846508f,0.05748979106484643f,0.14109137739364905f,0.9495862993465307f,0.27996264629147166f,0.7503903643344528f,0.10599934814702466f,0.26667580738570584f,-0.9579395345989161f,0.31462045377631254f,0f,0f,0f,1f], start_interpolation: 0, interpolation_duration: 1 }
$data merge entity $(bone_eye_right) { transformation: [-0.9843055223951399f,0.16483286640880426f,-0.06302987175846508f,0.057883727763336834f,0.14109137739364905f,0.9495862993465307f,0.27996264629147166f,0.7486405977951311f,0.10599934814702466f,0.26667580738570584f,-0.9579395345989161f,0.3206075758675557f,0f,0f,0f,1f], start_interpolation: 0, interpolation_duration: 1 }
$data merge entity $(bone_eyelid_left) { transformation: [-0.9979746366589709f,-0.008594175440795965f,-0.06302987175846508f,0.2751298696678103f,-0.025946048078572315f,0.9596602103195593f,0.27996264629147166f,0.7377482368286943f,0.05808121188904497f,0.28103099629384676f,-0.9579395345989161f,0.2966055905288749f,0f,0f,0f,1f], start_interpolation: 0, interpolation_duration: 1 }
$data merge entity $(bone_eye_left) { transformation: [-0.9979746366589709f,-0.008594175440795965f,-0.06302987175846508f,0.2755238063663007f,-0.025946048078572315f,0.9596602103195593f,0.27996264629147166f,0.7359984702893726f,0.05808121188904497f,0.28103099629384676f,-0.9579395345989161f,0.3025927126201181f,0f,0f,0f,1f], start_interpolation: 0, interpolation_duration: 1 }
$data merge entity $(bone_mouth_closed) { transformation: [-0.9949260736135491f,0.07841774869274568f,-0.06302987175846508f,0.10708182126749227f,0.05779258288346778f,0.9582697605816087f,0.27996264629147166f,0.6258667776785002f,0.08235366055971444f,0.2748994773454973f,-0.9579395345989161f,0.05248205873141004f,0f,0f,0f,1f], start_interpolation: 0, interpolation_duration: 1 }
$data merge entity $(bone_mouth_open) { transformation: [-0.9949260736135491f,0.07841774869274568f,-0.06302987175846508f,0.10423732992235356f,0.05779258288346778f,0.9582697605816087f,0.27996264629147166f,0.5976706141996466f,0.08235366055971444f,0.2748994773454973f,-0.9579395345989161f,0.037904327973120024f,0f,0f,0f,1f], start_interpolation: 0, interpolation_duration: 1 }
$data merge entity $(bone_head) { transformation: [-0.9949260736135491f,0.07841774869274568f,-0.06302987175846508f,0.13572270642126738f,0.05779258288346778f,0.9582697605816087f,0.27996264629147166f,0.5941148294452165f,0.08235366055971444f,0.2748994773454973f,-0.9579395345989161f,0.041317898171872175f,0f,0f,0f,1f], start_interpolation: 0, interpolation_duration: 1 }
$data merge entity $(bone_neck) { transformation: [-0.49673962575753944f,0.2864967767947592f,-0.8192492545547257f,0.08773860652934165f,-0.017150732699253206f,0.9405200354705858f,0.339305047481299f,0.5312399844078676f,0.8677301404066466f,0.18259698728243517f,-0.4622799407991221f,0.012606260390459359f,0f,0f,0f,1f], start_interpolation: 0, interpolation_duration: 1 }
$data merge entity $(bone_finger_left2) { transformation: [0.003588847691869901f,-0.41191190218240475f,0.9112166070768888f,0.1994922263929943f,0.0873580561864673f,-0.9076096639652501f,-0.410625459386297f,0.2654275195590766f,0.9961705126089437f,0.08107578379120615f,0.03272655024708454f,0.43569401677737224f,0f,0f,0f,1f], start_interpolation: 0, interpolation_duration: 1 }
$data merge entity $(bone_finger_left) { transformation: [0.4062772316888559f,-0.06799342614196009f,0.9112166070768888f,0.2502768803541013f,0.9089906010430886f,-0.07157387315995181f,-0.410625459386297f,0.3790513446894627f,0.09313913370095381f,0.9951151062476945f,0.03272655024708454f,0.44733640848999146f,0f,0f,0f,1f], start_interpolation: 0, interpolation_duration: 1 }
$data merge entity $(bone_finger_left4) { transformation: [-0.032325296738408685f,-0.41065724172119045f,0.9112166070768888f,0.2845963900949178f,0.007922238020715566f,-0.9117696914509361f,-0.410625459386297f,0.22664927638383203f,0.9994460032115374f,-0.006054714973315764f,0.03272655024708454f,0.4441990007517685f,0f,0f,0f,1f], start_interpolation: 0, interpolation_duration: 1 }
$data merge entity $(bone_finger_left3) { transformation: [0.40885637738113434f,-0.05020714751963f,0.9112166070768888f,0.3357034372675596f,0.911247451905323f,-0.0318561375538271f,-0.410625459386297f,0.3405552078719974f,0.049644174591096935f,0.9982306491177744f,0.03272655024708454f,0.4504045225756556f,0f,0f,0f,1f], start_interpolation: 0, interpolation_duration: 1 }
$data merge entity $(bone_thumb_left2) { transformation: [0.17082889148100278f,-0.8919668665073313f,-0.4185840404129906f,0.14998030616468022f,0.30439913194187396f,-0.3562700349521689f,0.8834097750581061f,0.3493198782778335f,-0.9371011996088814f,-0.2783285311430951f,0.21065272474696817f,0.2860050760594285f,0f,0f,0f,1f], start_interpolation: 0, interpolation_duration: 1 }
$data merge entity $(bone_thumb_left) { transformation: [0.17082889148100278f,-0.7563274620091839f,0.6314952573425378f,0.2235788104737161f,0.30439913194187396f,0.6500749353976732f,0.6962354105047691f,0.4268368317177461f,-0.9371011996088814f,0.07328948477412835f,0.34127700349296547f,0.3579491139838267f,0f,0f,0f,1f], start_interpolation: 0, interpolation_duration: 1 }
$data merge entity $(bone_hand_left) { transformation: [0.17082889148100278f,0.3748356770941824f,0.9112166070768888f,0.2962549432863507f,0.30439913194187396f,0.8594928158959945f,-0.410625459386297f,0.3536473396531482f,-0.9371011996088814f,0.34752023624606354f,0.03272655024708454f,0.28072838832855684f,0f,0f,0f,1f], start_interpolation: 0, interpolation_duration: 1 }
$data merge entity $(bone_arm_left2) { transformation: [0.17082889148100278f,0.3748356770941824f,0.9112166070768888f,0.39591320409890696f,0.30439913194187396f,0.8594928158959945f,-0.410625459386297f,0.4040830314269731f,-0.9371011996088814f,0.34752023624606354f,0.03272655024708454f,0.04849849781677926f,0f,0f,0f,1f], start_interpolation: 0, interpolation_duration: 1 }
$data merge entity $(bone_arm_left) { transformation: [-0.5882257235085049f,0.3748356770941824f,0.7165812678128289f,0.20407044398347896f,0.5102213417776251f,0.8594928158959945f,-0.030761694001041843f,0.5335609727464445f,-0.6274270320902146f,0.34752023624606354f,-0.696824945593902f,-0.06480670110615551f,0f,0f,0f,1f], start_interpolation: 0, interpolation_duration: 1 }
$data merge entity $(bone_finger_right2) { transformation: [-0.7932831737269663f,-0.1991465263292506f,0.5753629005529166f,0.3860761124279761f,-0.20960683558395937f,-0.7979029761070549f,-0.5651688377785734f,0.34135920529370645f,0.5716351815259022f,-0.5689389262218728f,0.5912205320109845f,-0.08002607214553406f,0f,0f,0f,1f], start_interpolation: 0, interpolation_duration: 1 }
$data merge entity $(bone_finger_right) { transformation: [-0.33387322060602265f,0.7466499884346731f,0.5753629005529166f,0.42781026500372893f,-0.8221788820474287f,0.06786803901142788f,-0.5651688377785734f,0.44413156554963507f,-0.46103205797146307f,-0.661745966403458f,0.5912205320109845f,-0.022397064899101177f,0f,0f,0f,1f], start_interpolation: 0, interpolation_duration: 1 }
$data merge entity $(bone_finger_right4) { transformation: [-0.7729077283343551f,-0.2675278978879812f,0.5753629005529166f,0.44412715790451507f,-0.13926739176935107f,-0.8131351538297791f,-0.5651688377785734f,0.288842488551859f,0.6190462317717389f,-0.516952653013658f,0.5912205320109845f,-0.028152416429898297f,0f,0f,0f,1f], start_interpolation: 0, interpolation_duration: 1 }
$data merge entity $(bone_finger_right3) { transformation: [-0.30098703220839845f,0.7605026884303012f,0.5753629005529166f,0.48175053693056485f,-0.8184359876482784f,0.10366638281624094f,-0.5651688377785734f,0.3911469870078938f,-0.4894582112546153f,-0.641006194949847f,0.5912205320109845f,0.033029859976928616f,0f,0f,0f,1f], start_interpolation: 0, interpolation_duration: 1 }
$data merge entity $(bone_thumb_right2) { transformation: [0.6347957588849308f,-0.7689559068314844f,-0.07577042860295158f,0.2383795642519851f,-0.14724006149424135f,-0.21664712612295567f,0.9650825804219223f,0.41350255000497493f,-0.7585213963975421f,-0.6014738864586178f,-0.25074779184568885f,-0.010189086671360738f,0f,0f,0f,1f], start_interpolation: 0, interpolation_duration: 1 }
$data merge entity $(bone_thumb_right) { transformation: [0.6347957588849308f,-0.39364613817032457f,0.6648887594216759f,0.3413280266448487f,-0.14724006149424135f,0.7831028259166106f,0.6042105000184874f,0.4844276105855908f,-0.7585213963975421f,-0.48144852470955657f,0.4391498710714995f,0.021000853575153508f,0f,0f,0f,1f], start_interpolation: 0, interpolation_duration: 1 }
$data merge entity $(bone_hand_right) { transformation: [0.6347957588849308f,0.515744003522135f,0.5753629005529166f,0.323359563421243f,-0.14724006149424135f,0.8117293570490034f,-0.5651688377785734f,0.38991245107167694f,-0.7585213963975421f,0.27405031241684735f,0.5912205320109845f,0.10670722119997672f,0f,0f,0f,1f], start_interpolation: 0, interpolation_duration: 1 }
$data merge entity $(bone_arm_right2) { transformation: [0.6347957588849308f,0.515744003522135f,0.5753629005529166f,0.20062080498456758f,-0.14724006149424135f,0.8117293570490034f,-0.5651688377785734f,0.3913994140840764f,-0.7585213963975421f,0.27405031241684735f,0.5912205320109845f,0.3332888535500488f,0f,0f,0f,1f], start_interpolation: 0, interpolation_duration: 1 }
$data merge entity $(bone_arm_right) { transformation: [0.6284995668681834f,0.515744003522135f,-0.5822339884251575f,0.07988553754409408f,-0.5758510166434302f,0.8117293570490034f,0.09742205877284335f,0.5292732895716312f,0.522861263699305f,0.27405031241684735f,0.807163258075462f,0.15212583399550614f,0f,0f,0f,1f], start_interpolation: 0, interpolation_duration: 1 }
$data merge entity $(bone_torso) { transformation: [-0.49673962575753944f,-0.010980840429271832f,-0.8678301477511178f,0.078125f,-0.017150732699253206f,0.999848898003687f,-0.002834348018723773f,0.171875f,0.8677301404066466f,0.013475989918345345f,-0.4968528968674554f,9.567553118338697e-18f,0f,0f,0f,1f], start_interpolation: 0, interpolation_duration: 1 }
$data merge entity $(bone_foot_right) { transformation: [-0.8660203556100488f,-0.0648034535127043f,-0.4957915449882865f,0.1992824318248259f,-0.019397392941496255f,0.9951735852419503f,-0.09619395190840219f,-0.11548995579076864f,0.49963234964933817f,-0.07368885702404099f,-0.8630976002367124f,0.3168273041588029f,0f,0f,0f,1f], start_interpolation: 0, interpolation_duration: 1 }
$data merge entity $(bone_leg_right3) { transformation: [-0.8660203556100488f,-0.26092761190324854f,-0.4265272851946439f,0.18924744172559682f,-0.019397392941496255f,0.8699297019662202f,-0.4927941302248198f,0.03764354168728233f,0.49963234964933817f,-0.41849623054865276f,-0.7584381452699029f,0.30537865581726753f,0f,0f,0f,1f], start_interpolation: 0, interpolation_duration: 1 }
$data merge entity $(bone_foot_left) { transformation: [-0.024404753357379072f,-0.19687050707081172f,-0.9801257120692467f,0.3206421453556309f,0.00829898329370203f,0.9803440402462313f,-0.19712100250857795f,-0.04772789287656065f,0.9996677122373497f,-0.01294473635797169f,-0.02229122945838253f,-0.06695479085750232f,0f,0f,0f,1f], start_interpolation: 0, interpolation_duration: 1 }
$data merge entity $(bone_leg_left3) { transformation: [-0.024404753357379072f,-0.21469485987897302f,-0.9763762211131088f,0.3514741945047196f,0.00829898329370203f,0.9765899492446513f,-0.21494929148666864f,0.10303939945388524f,0.9996677122373497f,-0.013348714390461201f,-0.022051687787231825f,-0.06745372333195894f,0f,0f,0f,1f], start_interpolation: 0, interpolation_duration: 1 }