# This file was generated by Animated Java via MC-Build. It is not recommended to edit this file directly.
$data merge entity $(bone_head2) { transformation: [-0.9948248823612282f,0.03799628507597628f,-0.09423234983483286f,0.12361418328181972f,0.05938513638444409f,0.9699797835878006f,-0.2358232919106276f,1.0077030043253312f,0.08244306527276962f,-0.24019887957979574f,-0.9672164386718418f,-0.03193037537965744f,0f,0f,0f,1f], start_interpolation: 0, interpolation_duration: 1 }
$data merge entity $(bone_head1) { transformation: [-0.9948248823612282f,0.10154493864663705f,0.003475466906748541f,0.1470927331357995f,0.05938513638444409f,0.5533540318235587f,0.8308265288501646f,0.9024176555021226f,0.08244306527276962f,0.8267332949022091f,-0.5565206196436634f,0.32721966710945244f,0f,0f,0f,1f], start_interpolation: 0, interpolation_duration: 1 }
$data merge entity $(bone_eyelid_right) { transformation: [-0.9840649031991221f,0.16642211699223558f,-0.06260946627727948f,0.058472981299270185f,0.14264902386314943f,0.9491177777635417f,0.28076093019522336f,0.7501846861178294f,0.10614858587185115f,0.2673557983456112f,-0.9577334466376265f,0.31514153120721766f,0f,0f,0f,1f], start_interpolation: 0, interpolation_duration: 1 }
$data merge entity $(bone_eye_right) { transformation: [-0.9840649031991221f,0.16642211699223558f,-0.06260946627727948f,0.05886429046350318f,0.14264902386314943f,0.9491177777635417f,0.28076093019522336f,0.7484299303041093f,0.10614858587185115f,0.2673557983456112f,-0.9577334466376265f,0.3211273652487028f,0f,0f,0f,1f], start_interpolation: 0, interpolation_duration: 1 }
$data merge entity $(bone_eyelid_left) { transformation: [-0.9980136434768779f,-0.006987286059853479f,-0.06260946627727948f,0.27609092431578885f,-0.024330707839872595f,0.9594692891030562f,0.28076093019522336f,0.7371941875337322f,0.05811010316647845f,0.281726571522095f,-0.9577334466376265f,0.29710711067879925f,0f,0f,0f,1f], start_interpolation: 0, interpolation_duration: 1 }
$data merge entity $(bone_eye_left) { transformation: [-0.9980136434768779f,-0.006987286059853479f,-0.06260946627727948f,0.2764822334800219f,-0.024330707839872595f,0.9594692891030562f,0.28076093019522336f,0.7354394317200121f,0.05811010316647845f,0.281726571522095f,-0.9577334466376265f,0.3030929447202844f,0f,0f,0f,1f], start_interpolation: 0, interpolation_duration: 1 }
$data merge entity $(bone_mouth_closed) { transformation: [-0.9948248823612282f,0.08002192304264742f,-0.06260946627727948f,0.10784592216289957f,0.05938513638444409f,0.9579387796996811f,0.28076093019522336f,0.6257688743919616f,0.08244306527276962f,0.2755898876592585f,-0.9577334466376265f,0.05291062198202741f,0f,0f,0f,1f], start_interpolation: 0, interpolation_duration: 1 }
$data merge entity $(bone_mouth_open) { transformation: [-0.9948248823612282f,0.08002192304264742f,-0.06260946627727948f,0.10495392790358384f,0.05938513638444409f,0.9579387796996811f,0.28076093019522336f,0.5975880433400668f,0.08244306527276962f,0.2755898876592585f,-0.9577334466376265f,0.03831260395119042f,0f,0f,0f,1f], start_interpolation: 0, interpolation_duration: 1 }
$data merge entity $(bone_head) { transformation: [-0.9948248823612282f,0.08002192304264742f,-0.06260946627727948f,0.13643351464160522f,0.05938513638444409f,0.9579387796996811f,0.28076093019522336f,0.5939775020143326f,0.08244306527276962f,0.2755898876592585f,-0.9577334466376265f,0.04172209220290153f,0f,0f,0f,1f], start_interpolation: 0, interpolation_duration: 1 }
$data merge entity $(bone_neck) { transformation: [-0.49673962575753944f,0.2880827811026435f,-0.8186928944570281f,0.08834289441617907f,-0.01715073269925321f,0.939861180540198f,0.34112580330644054f,0.5312110286379559f,0.8677301404066466f,0.18349188686629167f,-0.46192546031162823f,0.012951617906734113f,0f,0f,0f,1f], start_interpolation: 0, interpolation_duration: 1 }
$data merge entity $(bone_finger_left2) { transformation: [0.0037679243969867826f,-0.41343388084137533f,0.9105263471850649f,0.1996633836734366f,0.0863935418392185f,-0.9069937757771773f,-0.41218739261400783f,0.2648042578503949f,0.99625396294028f,0.08021668700400404f,0.03230053330655358f,0.4357796784422193f,0f,0f,0f,1f], start_interpolation: 0, interpolation_duration: 1 }
$data merge entity $(bone_finger_left) { transformation: [0.40780718441563535f,-0.06808135883495531f,0.9105263471850649f,0.250639281725391f,0.9082165834217526f,-0.0724167865055085f,-0.41218739261400783f,0.378331330778114f,0.09399966987554056f,0.9950481081894487f,0.03230053330655358f,0.4475296371766619f,0f,0f,0f,1f], start_interpolation: 0, interpolation_duration: 1 }
$data merge entity $(bone_finger_left4) { transformation: [-0.032279550654688204f,-0.412189036355109f,0.9105263471850649f,0.28470253808622514f,0.007015072134233871f,-0.9110720839390356f,-0.41218739261400783f,0.22587489542792707f,0.9994542607705879f,-0.006917815813484371f,0.03230053330655358f,0.4442444604066288f,0f,0f,0f,1f], start_interpolation: 0, interpolation_duration: 1 }
$data merge entity $(bone_finger_left3) { transformation: [0.4103887095021256f,-0.050228260919545756f,0.9105263471850649f,0.33600112677399085f,0.9105109383409895f,-0.032732010807105805f,-0.41218739261400783f,0.33968876272055076f,0.0505068141401801f,0.9982012508875756f,0.03230053330655358f,0.4505578121741513f,0f,0f,0f,1f], start_interpolation: 0, interpolation_duration: 1 }
$data merge entity $(bone_thumb_left2) { transformation: [0.1713098088439391f,-0.8925733180645856f,-0.41709210166704f,0.15028765909773661f,0.30501299321002423f,-0.35450274155017336f,0.8839088641972501f,0.3489236610935235f,-0.9368137613031278f,-0.2786407689348179f,0.2115166625126701f,0.2861731916510507f,0f,0f,0f,1f], start_interpolation: 0, interpolation_duration: 1 }
$data merge entity $(bone_thumb_left) { transformation: [0.1713098088439391f,-0.755231603808904f,0.6326754096707751f,0.2240186537802104f,0.30501299321002423f,0.651274154236442f,0.6948446229170008f,0.4262475829203354f,-0.9368137613031278f,0.07394052090591142f,0.3419251029118041f,0.358189259555749f,0f,0f,0f,1f], start_interpolation: 0, interpolation_duration: 1 }
$data merge entity $(bone_hand_left) { transformation: [0.1713098088439391f,0.37629073929034584f,0.9105263471850649f,0.2965691906759098f,0.30501299321002423f,0.8585270102583421f,-0.41218739261400783f,0.3530103887972523f,-0.9368137613031278f,0.348334109988094f,0.03230053330655358f,0.280895692597537f,0f,0f,0f,1f], start_interpolation: 0, interpolation_duration: 1 }
$data merge entity $(bone_arm_left2) { transformation: [0.1713098088439391f,0.37629073929034584f,0.9105263471850649f,0.3963045395859611f,0.30501299321002423f,0.8585270102583421f,-0.41218739261400783f,0.4035019250613828f,-0.9368137613031278f,0.348334109988094f,0.03230053330655358f,0.048711035603414665f,0f,0f,0f,1f], start_interpolation: 0, interpolation_duration: 1 }
$data merge entity $(bone_arm_left) { transformation: [-0.5873878260318868f,0.37629073929034584f,0.7165059813803778f,0.20467595924171583f,0.5118124344644693f,0.8585270102583421f,-0.031295440313659516f,0.5334109986971038f,-0.6269159223987586f,0.348334109988094f,-0.6968785934879298f,-0.06446303290327937f,0f,0f,0f,1f], start_interpolation: 0, interpolation_duration: 1 }
$data merge entity $(bone_finger_right2) { transformation: [-0.7936157617931633f,-0.2005055135492051f,0.5744315117312306f,0.3863578929912953f,-0.20882331478595317f,-0.7970195105756275f,-0.5667033818176789f,0.3409183880122686f,0.5714602749406679f,-0.569699428469221f,0.5906570200772859f,-0.07987347720150717f,0f,0f,0f,1f], start_interpolation: 0, interpolation_duration: 1 }
$data merge entity $(bone_finger_right) { transformation: [-0.3352693150680872f,0.7467415380866055f,0.5744315117312306f,0.4282665573748062f,-0.8211727813838221f,0.06724983383446898f,-0.5667033818176789f,0.4435649856852463f,-0.4618113786906226f,-0.6617057768716299f,0.5906570200772859f,-0.022147054865179344f,0f,0f,0f,1f], start_interpolation: 0, interpolation_duration: 1 }
$data merge entity $(bone_finger_right4) { transformation: [-0.7731206072620094f,-0.2689107007112127f,0.5744315117312306f,0.4443222860298398f,-0.13856385159911624f,-0.8121867618143158f,-0.5667033818176789f,0.28825431735225704f,0.6189382728970962f,-0.5177255054337007f,0.5906570200772859f,-0.02805233888173088f,0f,0f,0f,1f], start_interpolation: 0, interpolation_duration: 1 }
$data merge entity $(bone_finger_right3) { transformation: [-0.30237780455815355f,0.7606550477323901f,0.5744315117312306f,0.48211951159960903f,-0.8174578103006549f,0.1030048805390531f,-0.5667033818176789f,0.39043654363983893f,-0.49023503719037664f,-0.6409320501772173f,0.5906570200772859f,0.0332270407670662f,0f,0f,0f,1f], start_interpolation: 0, interpolation_duration: 1 }
$data merge entity $(bone_thumb_right2) { transformation: [0.6345228532225756f,-0.7693383752581502f,-0.07415667935818149f,0.2387850494301117f,-0.14757680382757984f,-0.21477593656935656f,0.9654493171797223f,0.41324260518563044f,-0.7586842793351646f,-0.6016558496565177f,-0.2498167385580399f,-0.009962100996497109f,0f,0f,0f,1f], start_interpolation: 0, interpolation_duration: 1 }
$data merge entity $(bone_thumb_right) { transformation: [0.6345228532225756f,-0.3923452228051131f,0.6659173934357688f,0.3418535627727883f,-0.14757680382757984f,0.7842260011725267f,0.6026696160061367f,0.48396453206678564f,-0.7586842793351646f,-0.4806816048352115f,0.43970826585672446f,0.021292548506369552f,0f,0f,0f,1f], start_interpolation: 0, interpolation_duration: 1 }
$data merge entity $(bone_hand_right) { transformation: [0.6345228532225756f,0.517116222012475f,0.5744315117312306f,0.3237290747954005f,-0.14757680382757984f,0.8105975351606012f,-0.5667033818176789f,0.3893972943130644f,-0.7586842793351646f,0.27481348024269653f,0.5906570200772859f,0.10690856908189436f,0f,0f,0f,1f], start_interpolation: 0, interpolation_duration: 1 }
$data merge entity $(bone_arm_right2) { transformation: [0.6345228532225756f,0.517116222012475f,0.5744315117312306f,0.2010003309729585f,-0.14757680382757984f,0.8105975351606012f,-0.5667033818176789f,0.39087253390635446f,-0.7586842793351646f,0.27481348024269653f,0.5906570200772859f,0.33349570267051587f,0f,0f,0f,1f], start_interpolation: 0, interpolation_duration: 1 }
$data merge entity $(bone_arm_right) { transformation: [0.6275479369664554f,0.517116222012475f,-0.5820432971357811f,0.08049105280233097f,-0.5774090703073521f,0.8105975351606012f,0.09762377537443095f,0.5291233155222905f,0.5222856999152337f,0.27481348024269653f,0.8072764078932023f,0.1524695021983823f,0f,0f,0f,1f], start_interpolation: 0, interpolation_duration: 1 }
$data merge entity $(bone_torso) { transformation: [-0.49673962575753944f,-0.009300197524262976f,-0.8678497856935091f,0.078125f,-0.01715073269925321f,0.999852512055709f,-0.0008980555478632357f,0.171875f,0.8677301404066466f,0.01443815992077848f,-0.4968258678530775f,9.567553118338697e-18f,0f,0f,0f,1f], start_interpolation: 0, interpolation_duration: 1 }
$data merge entity $(bone_foot_right) { transformation: [-0.8660203556100488f,-0.06894898576049055f,-0.495232047662149f,0.1992824318248259f,-0.019397392941496255f,0.9943339982611143f,-0.10451622385610582f,-0.11548995579076864f,0.49963234964933817f,-0.08090696672515962f,-0.8624509133389653f,0.3168273041588029f,0f,0f,0f,1f], start_interpolation: 0, interpolation_duration: 1 }
$data merge entity $(bone_leg_right3) { transformation: [-0.8660203556100488f,-0.26092761190324854f,-0.4265272851946439f,0.18924744172559682f,-0.019397392941496255f,0.8699297019662202f,-0.4927941302248198f,0.03764354168728233f,0.49963234964933817f,-0.41849623054865276f,-0.7584381452699029f,0.30537865581726753f,0f,0f,0f,1f], start_interpolation: 0, interpolation_duration: 1 }
$data merge entity $(bone_foot_left) { transformation: [-0.024404753357379072f,-0.20537366833126514f,-0.9783793049578091f,0.32238108433623325f,0.00829898329370203f,0.9785954498133481f,-0.20562605010285578f,-0.04807292750316172f,0.9996677122373497f,-0.01313780654336099f,-0.02217798794690078f,-0.06690947398573335f,0f,0f,0f,1f], start_interpolation: 0, interpolation_duration: 1 }
$data merge entity $(bone_leg_left3) { transformation: [-0.024404753357379072f,-0.22593222734423402f,-0.9738372742203081f,0.3514741945047196f,0.00829898329370203f,0.9740480561254823f,-0.22618910503041628f,0.10303939945388524f,0.9996677122373497f,-0.013601948589932342f,-0.021896394787738294f,-0.06745372333195894f,0f,0f,0f,1f], start_interpolation: 0, interpolation_duration: 1 }