# This file was generated by Animated Java via MC-Build. It is not recommended to edit this file directly.
$data merge entity $(bone_head2) { transformation: [-0.9947058212423727f,0.039870355826918724f,-0.09471369443101944f,0.12522729541008315f,0.061206895086239166f,0.9702135249346151f,-0.23439162107006078f,1.0076627322428817f,0.08254722999858777f,-0.23894784108709524f,-0.9675173817866927f,-0.030933733347178513f,0f,0f,0f,1f], start_interpolation: 0, interpolation_duration: 1 }
$data merge entity $(bone_head1) { transformation: [-0.9947058212423727f,0.10263822455856852f,0.005071887814463098f,0.14851077824136322f,0.061206895086239166f,0.5520886455482223f,0.8315358341350247f,0.9018686081729748f,0.08254722999858777f,0.8274439692910902f,-0.5554479566110279f,0.32807947356800815f,0f,0f,0f,1f], start_interpolation: 0, interpolation_duration: 1 }
$data merge entity $(bone_eyelid_right) { transformation: [-0.9837838660210438f,0.16826831350023416f,-0.0620892875500802f,0.059595800790969544f,0.14441910363886334f,0.9484475452328115f,0.2821176641864189f,0.7498234176093642f,0.10635989592340186f,0.26857592709258366f,-0.9573685517738311f,0.3158073278114031f,0f,0f,0f,1f], start_interpolation: 0, interpolation_duration: 1 }
$data merge entity $(bone_eye_right) { transformation: [-0.9837838660210438f,0.16826831350023416f,-0.0620892875500802f,0.059983858838157544f,0.14441910363886334f,0.9484475452328115f,0.2821176641864189f,0.7480601822081991f,0.10635989592340186f,0.26857592709258366f,-0.9573685517738311f,0.3217908812599895f,0f,0f,0f,1f], start_interpolation: 0, interpolation_duration: 1 }
$data merge entity $(bone_eyelid_left) { transformation: [-0.9980574645442508f,-0.005120335831362427f,-0.0620892875500802f,0.27718769918773856f,-0.022471134895724998f,0.9591166100378498f,0.2821176641864189f,0.7364344093092495f,0.05810632981010419f,0.282964857377161f,-0.9573685517738311f,0.297750121249212f,0f,0f,0f,1f], start_interpolation: 0, interpolation_duration: 1 }
$data merge entity $(bone_eye_left) { transformation: [-0.9980574645442508f,-0.005120335831362427f,-0.0620892875500802f,0.27757575723492656f,-0.022471134895724998f,0.9591166100378498f,0.2821176641864189f,0.7346711739080845f,0.05810632981010419f,0.282964857377161f,-0.9573685517738311f,0.30373367469779844f,0f,0f,0f,1f], start_interpolation: 0, interpolation_duration: 1 }
$data merge entity $(bone_mouth_closed) { transformation: [-0.9947058212423727f,0.08188558821954625f,-0.0620892875500802f,0.10872086587525416f,0.061206895086239166f,0.9574253702236539f,0.2821176641864189f,0.6256506991935473f,0.08254722999858777f,0.27682379033247473f,-0.9573685517738311f,0.05341469218362664f,0f,0f,0f,1f], start_interpolation: 0, interpolation_duration: 1 }
$data merge entity $(bone_mouth_open) { transformation: [-0.9947058212423727f,0.08188558821954625f,-0.0620892875500802f,0.10577388319620534f,0.061206895086239166f,0.9574253702236539f,0.2821176641864189f,0.5974943917752232f,0.08254722999858777f,0.27682379033247473f,-0.9573685517738311f,0.03878039528715036f,0f,0f,0f,1f], start_interpolation: 0, interpolation_duration: 1 }
$data merge entity $(bone_head) { transformation: [-0.9947058212423727f,0.08188558821954625f,-0.0620892875500802f,0.13724649815721748f,0.061206895086239166f,0.9574253702236539f,0.2821176641864189f,0.5938184409026132f,0.08254722999858777f,0.27682379033247473f,-0.9573685517738311f,0.04218434779828094f,0f,0f,0f,1f], start_interpolation: 0, interpolation_duration: 1 }
$data merge entity $(bone_neck) { transformation: [-0.49673962575753944f,0.2898960392527511f,-0.8180525842681676f,0.08903422683221607f,-0.017150732699253206f,0.939103046317142f,0.3432074019681721f,0.5311762467205918f,0.8677301404066466f,0.18451491761760386f,-0.46151776629554625f,0.013346689662669817f,0f,0f,0f,1f], start_interpolation: 0, interpolation_duration: 1 }
$data merge entity $(bone_finger_left2) { transformation: [0.003970825066307429f,-0.41517397305071024f,0.9097333700868514f,0.19985792703570981f,0.08528955383787487f,-0.9062849748876733f,-0.41397250669456914f,0.2640907176290185f,0.9963482948017865f,0.07923456565247829f,0.0318113038310911f,0.43587694331228904f,0f,0f,0f,1f], start_interpolation: 0, interpolation_duration: 1 }
$data merge entity $(bone_finger_left) { transformation: [0.4095560740458195f,-0.06818370452384041f,0.9097333700868514f,0.25105243629143725f,0.9073268453058276f,-0.0733809204656731f,-0.41397250669456914f,0.37750657329224696f,0.09498325115276851f,0.9949704633550762f,0.0318113038310911f,0.4477498497063851f,0f,0f,0f,1f], start_interpolation: 0, interpolation_duration: 1 }
$data merge entity $(bone_finger_left4) { transformation: [-0.032229081112625665f,-0.4139401909467779f,0.9097333700868514f,0.2848223898829355f,0.005977061208523329f,-0.9102697613566676f,-0.41397250669456914f,0.22498863804072092f,0.9994626361550212f,-0.007904421460211392f,0.0318113038310911f,0.44429555367978946f,0f,0f,0f,1f], start_interpolation: 0, interpolation_duration: 1 }
$data merge entity $(bone_finger_left3) { transformation: [0.4121403988331526f,-0.05025422370377472f,0.9097333700868514f,0.3363399397370796f,0.9096641019912817f,-0.03373403695690719f,-0.41397250669456914f,0.3386966507896311f,0.05149284608608329f,0.9981665831666174f,0.0318113038310911f,0.4507321594405499f,0f,0f,0f,1f], start_interpolation: 0, interpolation_duration: 1 }
$data merge entity $(bone_thumb_left2) { transformation: [0.1718613131321165f,-0.8932635416335382f,-0.4153840803844224f,0.15063849800368206f,0.3057139939325946f,-0.35247912690573113f,0.8844757876898355f,0.34846950910665947f,-0.9364841925853766f,-0.2789958965362782f,0.2125056393454829f,0.2863650560795825f,0f,0f,0f,1f], start_interpolation: 0, interpolation_duration: 1 }
$data merge entity $(bone_thumb_left) { transformation: [0.1718613131321165f,-0.7539753119049665f,0.6340228056515889f,0.22452068267475203f,0.3057139939325946f,0.6526431779158933f,0.6932501974277577f,0.4255722214747356f,-0.9364841925853766f,0.07468675490106318f,0.34266491749238437f,0.3584633017844236f,0f,0f,0f,1f], start_interpolation: 0, interpolation_duration: 1 }
$data merge entity $(bone_hand_left) { transformation: [0.1718613131321165f,0.37795354793800223f,0.9097333700868514f,0.2969274214450265f,0.3057139939325946f,0.8574180530026156f,-0.41397250669456914f,0.3522807952802435f,-0.9364841925853766f,0.34926408058413344f,0.0318113038310911f,0.281086344445494f,0f,0f,0f,1f], start_interpolation: 0, interpolation_duration: 1 }
$data merge entity $(bone_arm_left2) { transformation: [0.1718613131321165f,0.37795354793800223f,0.9097333700868514f,0.39675108535848386f,0.3057139939325946f,0.8574180530026156f,-0.41397250669456914f,0.40283601209498154f,-0.9364841925853766f,0.34926408058413344f,0.0318113038310911f,0.04895350278859306f,0f,0f,0f,1f], start_interpolation: 0, interpolation_duration: 1 }
$data merge entity $(bone_arm_left) { transformation: [-0.5864258702091503f,0.37795354793800223f,0.7164187423221956f,0.20536844641105906f,0.5136305057650663f,0.8574180530026156f,-0.03190589181837395f,0.5332377567748965f,-0.6263293081893598f,0.34926408058413344f,-0.6969405998481915f,-0.06407003676823493f,0f,0f,0f,1f], start_interpolation: 0, interpolation_duration: 1 }
$data merge entity $(bone_finger_right2) { transformation: [-0.7939946747076391f,-0.20205856840980804f,0.5733627049853259f,0.3866793814699377f,-0.2079259808517338f,-0.7960050213065029f,-0.5684565001314333f,0.3404132791716906f,0.5712610988180054f,-0.5705684367251775f,0.5900105219317977f,-0.07969942184394335f,0f,0f,0f,1f], start_interpolation: 0, interpolation_duration: 1 }
$data merge entity $(bone_finger_right) { transformation: [-0.3368645730727554f,0.7468450093161372f,0.5733627049853259f,0.4287874531040321f,-0.8200178840838046f,0.06654229663185493f,-0.5684565001314333f,0.4429155146821662f,-0.4627017713292554f,-0.6616605283818414f,0.5900105219317977f,-0.02186170042778643f,0f,0f,0f,1f], start_interpolation: 0, interpolation_duration: 1 }
$data merge entity $(bone_finger_right4) { transformation: [-0.7733627206485449f,-0.2704908701656886f,0.5733627049853259f,0.4445443278365265f,-0.13775835085718918f,-0.8110979251776134f,-0.5684565001314333f,0.2875808584765595f,0.6188155937597151f,-0.5186085661937908f,0.5900105219317977f,-0.02793854007931896f,0f,0f,0f,1f], start_interpolation: 0, interpolation_duration: 1 }
$data merge entity $(bone_finger_right3) { transformation: [-0.30396703087903937f,0.7608280046570919f,0.5733627049853259f,0.4825402066964064f,-0.816334874546279f,0.10224764084238189f,-0.5684565001314333f,0.38962271779484436f,-0.4911226086611085f,-0.640848006372553f,0.5900105219317977f,0.033451786003319606f,0f,0f,0f,1f], start_interpolation: 0, interpolation_duration: 1 }
$data merge entity $(bone_thumb_right2) { transformation: [0.6342099156019978f,-0.7697721157298354f,-0.07230956227858443f,0.2392484467060676f,-0.14796132286826308f,-0.2126340676110604f,0.9658644833651606f,0.41294409344660454f,-0.7588710232227744f,-0.6018618139872215f,-0.2487511346242083f,-0.009702725317456765f,0f,0f,0f,1f], start_interpolation: 0, interpolation_duration: 1 }
$data merge entity $(bone_thumb_right) { transformation: [0.6342099156019978f,-0.3908544728564961f,0.6670911212122209f,0.34245389672015764f,-0.14796132286826308f,0.7855074624553353f,0.6009038803020443f,0.48343328714472683f,-0.7588710232227744f,-0.47980288397950566f,0.440345276615713f,0.021625714783795658f,0f,0f,0f,1f], start_interpolation: 0, interpolation_duration: 1 }
$data merge entity $(bone_hand_right) { transformation: [0.6342099156019978f,0.5186839032436013f,0.5733627049853259f,0.324150786634682f,-0.14796132286826308f,0.8092988659286477f,-0.5684565001314333f,0.3888068938161309f,-0.7588710232227744f,0.275685244658809f,0.5900105219317977f,0.10713831237514954f,0f,0f,0f,1f], start_interpolation: 0, interpolation_duration: 1 }
$data merge entity $(bone_arm_right2) { transformation: [0.6342099156019978f,0.5186839032436013f,0.5733627049853259f,0.20143347679576545f,-0.14796132286826308f,0.8092988659286477f,-0.5684565001314333f,0.3902686932749821f,-0.7588710232227744f,0.275685244658809f,0.5900105219317977f,0.3337317258015805f,0f,0f,0f,1f], start_interpolation: 0, interpolation_duration: 1 }
$data merge entity $(bone_arm_right) { transformation: [0.6264559230421453f,0.5186839032436013f,-0.581824702983121f,0.08118353997167421f,-0.5791890305192331f,0.8092988659286477f,0.09785403687531513f,0.5289500736000832f,0.5216253860881439f,0.275685244658809f,0.8074060951378853f,0.15286249833342672f,0f,0f,0f,1f], start_interpolation: 0, interpolation_duration: 1 }
$data merge entity $(bone_torso) { transformation: [-0.49673962575753944f,-0.00737729323846005f,-0.8678682617464092f,0.078125f,-0.017150732699253206f,0.9998520475933701f,0.001317304529633398f,0.171875f,0.8677301404066466f,0.01553893393443698f,-0.49679265791881705f,9.567553118338697e-18f,0f,0f,0f,1f], start_interpolation: 0, interpolation_duration: 1 }
$data merge entity $(bone_foot_right) { transformation: [-0.8673696376861016f,-0.07175425687553352f,-0.4924644537837439f,0.19894859631474646f,-0.01731843053935396f,0.9933038150335795f,-0.11422610473700845f,-0.11550116617388716f,0.49736302997301163f,-0.09054754364407908f,-0.8628042412715f,0.3169642796137868f,0f,0f,0f,1f], start_interpolation: 0, interpolation_duration: 1 }
$data merge entity $(bone_leg_right3) { transformation: [-0.8673696376861016f,-0.25809938192039467f,-0.42550513589449374f,0.18924744172559682f,-0.01731843053935396f,0.8701402490251371f,-0.49249976547215324f,0.03764354168728233f,0.49736302997301163f,-0.41981026199794436f,-0.7592031087510658f,0.30537865581726753f,0f,0f,0f,1f], start_interpolation: 0, interpolation_duration: 1 }
$data merge entity $(bone_foot_left) { transformation: [-0.024404753357379072f,-0.19338659489549026f,-0.9808190622782031f,0.3231422553552312f,0.00829898329370203f,0.9810382791594313f,-0.19363631296890865f,-0.04821741433587526f,0.9996677122373497f,-0.012865447471029837f,-0.022337085116769986f,-0.06688969212767171f,0f,0f,0f,1f], start_interpolation: 0, interpolation_duration: 1 }
$data merge entity $(bone_leg_left3) { transformation: [-0.024404753357379072f,-0.230833803350336f,-0.9726870839300708f,0.3514741945047196f,0.00829898329370203f,0.9728965694742474f,-0.2310917393191116f,0.10303939945388524f,0.9996677122373497f,-0.013712050760546123f,-0.021827614942633144f,-0.06745372333195894f,0f,0f,0f,1f], start_interpolation: 0, interpolation_duration: 1 }