# This file was generated by Animated Java via MC-Build. It is not recommended to edit this file directly.
$data merge entity $(bone_head2) { transformation: [-0.9946401134822755f,0.0408964226308897f,-0.09496592687886696f,0.12610370844670005f,0.062189859945335296f,0.9703731006026869f,-0.23347048410175358f,1.0076503970108488f,0.0826042733273904f,-0.2381250264939057f,-0.9677153536992844f,-0.03033325236853636f,0f,0f,0f,1f], start_interpolation: 0, interpolation_duration: 1 }
$data merge entity $(bone_head1) { transformation: [-0.9946401134822755f,0.10322618104388946f,0.005949806640623813f,0.14927671864254605f,0.062189859945335296f,0.5512776380292363f,0.8320008336106917f,0.9015272044975837f,0.0826042733273904f,0.8279114212015685f,-0.5547424741914517f,0.3285899700750048f,0f,0f,0f,1f], start_interpolation: 0, interpolation_duration: 1 }
$data merge entity $(bone_eyelid_right) { transformation: [-0.9836299699597651f,0.16927344153246912f,-0.06179469385558939f,0.060200776250278885f,0.145370231457365f,0.9480407290210575f,0.28299518003537383f,0.7495866923296134f,0.1064874546741744f,0.26937943148832905f,-0.9571285931827764f,0.3161893249682225f,0f,0f,0f,1f], start_interpolation: 0, interpolation_duration: 1 }
$data merge entity $(bone_eye_right) { transformation: [-0.9836299699597651f,0.16927344153246912f,-0.06179469385558939f,0.06058699308687632f,0.145370231457365f,0.9480407290210575f,0.28299518003537383f,0.7478179724543923f,0.1064874546741744f,0.26937943148832905f,-0.9571285931827764f,0.32217137867561485f,0f,0f,0f,1f], start_interpolation: 0, interpolation_duration: 1 }
$data merge entity $(bone_eyelid_left) { transformation: [-0.9980804451610649f,-0.004103754181856378f,-0.06179469385558939f,0.2777783010745266f,-0.021463813952142544f,0.9588811358908746f,0.28299518003537383f,0.7359826604665712f,0.058092423582760996f,0.2837783050802876f,-0.9571285931827764f,0.29811964017785586f,0f,0f,0f,1f], start_interpolation: 0, interpolation_duration: 1 }
$data merge entity $(bone_eye_left) { transformation: [-0.9980804451610649f,-0.004103754181856378f,-0.06179469385558939f,0.27816451791112407f,-0.021463813952142544f,0.9588811358908746f,0.28299518003537383f,0.7342139405913501f,0.058092423582760996f,0.2837783050802876f,-0.9571285931827764f,0.3041016938852482f,0f,0f,0f,1f], start_interpolation: 0, interpolation_duration: 1 }
$data merge entity $(bone_mouth_closed) { transformation: [-0.9946401134822755f,0.08290030436168878f,-0.06179469385558939f,0.10919323392029252f,0.062189859945335296f,0.9571029983218764f,0.28299518003537383f,0.6255846450810713f,0.0826042733273904f,0.27763535462907724f,-0.9571285931827764f,0.05369120569948892f,0f,0f,0f,1f], start_interpolation: 0, interpolation_duration: 1 }
$data merge entity $(bone_mouth_open) { transformation: [-0.9946401134822755f,0.08290030436168878f,-0.06179469385558939f,0.10621638257239231f,0.062189859945335296f,0.9571029983218764f,0.28299518003537383f,0.5974438962587337f,0.0826042733273904f,0.27763535462907724f,-0.9571285931827764f,0.0390330471599379f,0f,0f,0f,1f], start_interpolation: 0, interpolation_duration: 1 }
$data merge entity $(bone_head) { transformation: [-0.9946401134822755f,0.08290030436168878f,-0.06179469385558939f,0.13768510295531086f,0.062189859945335296f,0.9571029983218764f,0.28299518003537383f,0.5937317432602209f,0.0826042733273904f,0.27763535462907724f,-0.9571285931827764f,0.0424337173258493f,0f,0f,0f,1f], start_interpolation: 0, interpolation_duration: 1 }
$data merge entity $(bone_neck) { transformation: [-0.49673962575753944f,0.2908739701470797f,-0.8177053734036092f,0.08940728111870747f,-0.01715073269925321f,0.9386920050037271f,0.344330033703076f,0.5311567439225259f,0.8677301404066466f,0.18506661836473526f,-0.4612968135559826f,0.013559862342479908f,0f,0f,0f,1f], start_interpolation: 0, interpolation_duration: 1 }
$data merge entity $(bone_finger_left2) { transformation: [0.004079439622082015f,-0.4161124588835738f,0.9093040084230549f,0.1999623434965339f,0.08469358424710323f,-0.9059006333302251f,-0.4149349820384825f,0.2637054575523341f,0.9963986927730022f,0.07870491784992188f,0.03154648865544868f,0.4359291027325629f,0f,0f,0f,1f], start_interpolation: 0, interpolation_duration: 1 }
$data merge entity $(bone_finger_left) { transformation: [0.41049916288979393f,-0.06823970642186661f,0.9093040084230549f,0.25127473885775814f,0.9068448537268653f,-0.07390109572817197f,-0.4149349820384825f,0.37706106426819225f,0.09551360393095165f,0.9949281232921462f,0.03154648865544868f,0.44786830322393184f,0f,0f,0f,1f], start_interpolation: 0, interpolation_duration: 1 }
$data merge entity $(bone_finger_left4) { transformation: [-0.03220267429784884f,-0.4148845719399925f,0.9093040084230549f,0.2848863605431693f,0.0054168570358809065f,-0.9098349401625425f,-0.4149349820384825f,0.22451025234111266f,0.9994666804991144f,-0.00843644626558828f,0.03154648865544868f,0.44432271891868713f,0f,0f,0f,1f], start_interpolation: 0, interpolation_duration: 1 }
$data merge entity $(bone_finger_left3) { transformation: [0.4130850328340022f,-0.05026903534279778f,0.9093040084230549f,0.3365219896474196f,0.9092052588877747f,-0.034274741305207135f,-0.4149349820384825f,0.3381609097020845f,0.05202454093354414f,0.9981474170653175f,0.03154648865544868f,0.45082578653538014f,0f,0f,0f,1f], start_interpolation: 0, interpolation_duration: 1 }
$data merge entity $(bone_thumb_left2) { transformation: [0.17215949616578552f,-0.8936344083803347f,-0.41446188249182997f,0.15082746764083665f,0.30609169605262443f,-0.3513863745886817f,0.8847799101251399f,0.3482240591592644f,-0.936306029825489f,-0.2791866041058411f,0.21303957050341113f,0.2864683820518242f,0f,0f,0f,1f], start_interpolation: 0, interpolation_duration: 1 }
$data merge entity $(bone_thumb_left) { transformation: [0.17215949616578552f,-0.7532962518335897f,0.634748662742512f,0.22479106622846984f,0.30609169605262443f,0.6533806235319668f,0.6923883551884782f,0.42520723805617966f,-0.936306029825489f,0.07509006436568559f,0.3430634063055789f,0.3586108712720681f,0f,0f,0f,1f], start_interpolation: 0, interpolation_duration: 1 }
$data merge entity $(bone_hand_left) { transformation: [0.17215949616578552f,0.3788500074511112f,0.9093040084230549f,0.2971201600627984f,0.30609169605262443f,0.8568178536237162f,-0.4149349820384825f,0.35188669864187866f,-0.936306029825489f,0.34976540361496755f,0.03154648865544868f,0.28118888999348784f,0f,0f,0f,1f], start_interpolation: 0, interpolation_duration: 1 }
$data merge entity $(bone_arm_left2) { transformation: [0.17215949616578552f,0.3788500074511112f,0.9093040084230549f,0.3969915346306857f,0.30609169605262443f,0.8568178536237162f,-0.4149349820384825f,0.4024761862776296f,-0.936306029825489f,0.34976540361496755f,0.03154648865544868f,0.049084038078081135f,0f,0f,0f,1f], start_interpolation: 0, interpolation_duration: 1 }
$data merge entity $(bone_arm_left) { transformation: [-0.5859052917330495f,0.3788500074511112f,0.7163711754206074f,0.2057420132336354f,0.5146105868968177f,0.8568178536237162f,-0.0322352224338671f,0.5331435344039507f,-0.626011927181042f,0.34976540361496755f,-0.6969743391697687f,-0.06385804751906883f,0f,0f,0f,1f], start_interpolation: 0, interpolation_duration: 1 }
$data merge entity $(bone_finger_right2) { transformation: [-0.794198440550839f,-0.2028958740540083f,0.5727845156064153f,0.38685247124003935f,-0.20744134309470247f,-0.7954559168799836f,-0.5694014168191809f,0.34014036206978837f,0.5711540301894765f,-0.5710369065064751f,0.5896608560908838f,-0.07960572932875551f,0f,0f,0f,1f], start_interpolation: 0, interpolation_duration: 1 }
$data merge entity $(bone_finger_right) { transformation: [-0.33772454173014715f,0.7469002828990539f,0.5727845156064153f,0.42906803895630774f,-0.8193929653240181f,0.0661603725943419f,-0.5694014168191809f,0.44256448273529064f,-0.46318171627415844f,-0.6616364352901761f,0.5896608560908838f,-0.021708014794485697f,0f,0f,0f,1f], start_interpolation: 0, interpolation_duration: 1 }
$data merge entity $(bone_finger_right4) { transformation: [-0.7734927351058658f,-0.27134274897253396f,0.5727845156064153f,0.44466361603978444f,-0.13732341489727876f,-0.8105086712955387f,-0.5694014168191809f,0.28721719867559026f,0.6187497623913866f,-0.51908458495198f,0.5896608560908838f,-0.027877440270824443f,0f,0f,0f,1f], start_interpolation: 0, interpolation_duration: 1 }
$data merge entity $(bone_finger_right3) { transformation: [-0.30482377003699845f,0.7609207369377942f,0.5727845156064153f,0.48276658729440924f,-0.8157272098632176f,0.10183882173847014f,-0.5694014168191809f,0.3891830999084924f,-0.49160104587887293f,-0.6408030013077067f,0.5896608560908838f,0.033572690464034674f,0f,0f,0f,1f], start_interpolation: 0, interpolation_duration: 1 }
$data merge entity $(bone_thumb_right2) { transformation: [0.6340407295165243f,-0.7700044751997251f,-0.07131242168479413f,0.23949828356848746f,-0.1481684922831029f,-0.21147777270671814f,0.9660865642092109f,0.4127825136032768f,-0.7589719699756414f,-0.601971975945228f,-0.24817592342508252f,-0.009562897678440416f,0f,0f,0f,1f], start_interpolation: 0, interpolation_duration: 1 }
$data merge entity $(bone_thumb_right) { transformation: [0.6340407295165243f,-0.3900489559268374f,0.6677231202336326f,0.3427774463950829f,-0.1481684922831029f,0.7861974073961826f,0.5999497766464066f,0.48314597030023065f,-0.7589719699756414f,-0.4793281220457499f,0.44068821201319786f,0.02180525476147052f,0f,0f,0f,1f], start_interpolation: 0, interpolation_duration: 1 }
$data merge entity $(bone_hand_right) { transformation: [0.6340407295165243f,0.519528875035525f,0.5727845156064153f,0.32437789444868126f,-0.1481684922831029f,0.8085963915445465f,-0.5694014168191809f,0.3884878437695922f,-0.7589719699756414f,0.2761550716272661f,0.5896608560908838f,0.10726201616676434f,0f,0f,0f,1f], start_interpolation: 0, interpolation_duration: 1 }
$data merge entity $(bone_arm_right2) { transformation: [0.6340407295165243f,0.519528875035525f,0.5727845156064153f,0.2016667442949511f,-0.1481684922831029f,0.8085963915445465f,-0.5694014168191809f,0.3899423782891691f,-0.7589719699756414f,0.2761550716272661f,0.5896608560908838f,0.33385881216635493f,0f,0f,0f,1f], start_interpolation: 0, interpolation_duration: 1 }
$data merge entity $(bone_arm_right) { transformation: [0.6258651883094396f,0.519528875035525f,-0.5817065532265492f,0.08155710679425052f,-0.5801484075179306f,0.8085963915445465f,0.09797806303223003f,0.5288558512291374f,0.5212682527420976f,0.2761550716272661f,0.8074761823718026f,0.15307448758259282f,0f,0f,0f,1f], start_interpolation: 0, interpolation_duration: 1 }
$data merge entity $(bone_torso) { transformation: [-0.49673962575753944f,-0.006339585683760432f,-0.8678764623237678f,0.078125f,-0.01715073269925321f,0.9998497577711898f,0.002512817695709657f,0.171875f,0.8677301404066466f,0.016132933343052172f,-0.49677372302851347f,9.567553118338697e-18f,0f,0f,0f,1f], start_interpolation: 0, interpolation_duration: 1 }
$data merge entity $(bone_foot_right) { transformation: [-0.8685059582610809f,-0.07253905333909785f,-0.4903422133629427f,0.19866519348024353f,-0.015554600063996338f,0.992735181393428f,-0.11931015900000674f,-0.11551007668970915f,0.49543461211531353f,-0.09599450694922734f,-0.8633247359792975f,0.3170797564032256f,0f,0f,0f,1f], start_interpolation: 0, interpolation_duration: 1 }
$data merge entity $(bone_leg_right3) { transformation: [-0.8685059582610809f,-0.2556979174207168f,-0.42463628612226534f,0.18924744172559682f,-0.015554600063996338f,0.87031366092154f,-0.4922521569583984f,0.03764354168728233f,0.49543461211531353f,-0.4209188836819451f,-0.7598498789090474f,0.30537865581726753f,0f,0f,0f,1f], start_interpolation: 0, interpolation_duration: 1 }
$data merge entity $(bone_foot_left) { transformation: [-0.024404753357379072f,-0.18032654597888942f,-0.9833039941080731f,0.3230935437289935f,0.00829898329370203f,0.9835265123609293f,-0.1805733268216488f,-0.04820828674562827f,0.9996677122373497f,-0.012567270923737182f,-0.02250619496212199f,-0.06689095709294714f,0f,0f,0f,1f], start_interpolation: 0, interpolation_duration: 1 }
$data merge entity $(bone_leg_left3) { transformation: [-0.024404753357379072f,-0.23052043767156744f,-0.9727613971726443f,0.3514741945047196f,0.00829898329370203f,0.9729709658007006f,-0.23077830614063988f,0.10303939945388524f,0.9996677122373497f,-0.01370501822549012f,-0.02183203118316385f,-0.06745372333195894f,0f,0f,0f,1f], start_interpolation: 0, interpolation_duration: 1 }