# This file was generated by Animated Java via MC-Build. It is not recommended to edit this file directly.
$data merge entity $(bone_head2) { transformation: [-0.9944216497709913f,0.04425521581700474f,-0.09574475619964967f,0.12894718731062574f,0.06535357249500567f,0.9710044016084535f,-0.2299551317521507f,1.0076419645323473f,0.08279186571686908f,-0.23492962335558998f,-0.9684800354375515f,-0.028168503424291898f,0f,0f,0f,1f], start_interpolation: 0, interpolation_duration: 1 }
$data merge entity $(bone_head1) { transformation: [-0.9944216497709913f,0.10510681613639702f,0.008839664496441774f,0.15174335602545394f,0.06535357249500567f,0.548190205027326f,0.8337963838217568f,0.9002587589162474f,0.08279186571686908f,0.8297228792276179f,-0.5520013139996609f,0.3304039186099961f,0f,0f,0f,1f], start_interpolation: 0, interpolation_duration: 1 }
$data merge entity $(bone_eyelid_right) { transformation: [-0.9831248792007603f,0.1725400653476757f,-0.06078978323954187f,0.06214338420021571f,0.14841636357683838f,0.9465586478811144f,0.28635521497626654f,0.7486685223749805f,0.10694884253285972f,0.27250073756101273f,-0.956193125424768f,0.3175018263657417f,0f,0f,0f,1f], start_interpolation: 0, interpolation_duration: 1 }
$data merge entity $(bone_eye_right) { transformation: [-0.9831248792007603f,0.1725400653476757f,-0.06078978323954187f,0.06252332034546285f,0.14841636357683838f,0.9465586478811144f,0.28635521497626654f,0.7468788022813788f,0.10694884253285972f,0.27250073756101273f,-0.956193125424768f,0.3234780333996465f,0f,0f,0f,1f], start_interpolation: 0, interpolation_duration: 1 }
$data merge entity $(bone_eyelid_left) { transformation: [-0.9981502711382562f,-0.0007990496326090446f,-0.06078978323954187f,0.2796731200876201f,-0.018206598735080015f,0.9579505261851448f,0.28635521497626654f,0.734372428391698f,0.05800479281167775f,0.2869323106610489f,-0.956193125424768f,0.2993911057401766f,0f,0f,0f,1f], start_interpolation: 0, interpolation_duration: 1 }
$data merge entity $(bone_eye_left) { transformation: [-0.9981502711382562f,-0.0007990496326090446f,-0.06078978323954187f,0.2800530562328672f,-0.018206598735080015f,0.9579505261851448f,0.28635521497626654f,0.7325827082980964f,0.05800479281167775f,0.2869323106610489f,-0.956193125424768f,0.30536731277408136f,0f,0f,0f,1f], start_interpolation: 0, interpolation_duration: 1 }
$data merge entity $(bone_mouth_closed) { transformation: [-0.9944216497709913f,0.08619851924731384f,-0.06078978323954187f,0.1107145306767757f,0.06535357249500567f,0.9558920448555035f,0.28635521497626654f,0.625362471305218f,0.08279186571686908f,0.28078499579132477f,-0.956193125424768f,0.05459786528958419f,0f,0f,0f,1f], start_interpolation: 0, interpolation_duration: 1 }
$data merge entity $(bone_mouth_open) { transformation: [-0.9944216497709913f,0.08619851924731384f,-0.06078978323954187f,0.10764089080505f,0.06535357249500567f,0.9558920448555035f,0.28635521497626654f,0.5972805649970853f,0.08279186571686908f,0.28078499579132477f,-0.956193125424768f,0.0398471271372005f,0f,0f,0f,1f], start_interpolation: 0, interpolation_duration: 1 }
$data merge entity $(bone_head) { transformation: [-0.9944216497709913f,0.08619851924731384f,-0.06078978323954187f,0.13909650350564062f,0.06535357249500567f,0.9558920448555035f,0.28635521497626654f,0.5934485457630146f,0.08279186571686908f,0.28078499579132477f,-0.956193125424768f,0.043236088367453136f,0f,0f,0f,1f], start_interpolation: 0, interpolation_duration: 1 }
$data merge entity $(bone_neck) { transformation: [-0.4967396257575394f,0.29401935071584845f,-0.8165796749900714f,0.09060812688752524f,-0.017150732699253206f,0.9373596456394374f,0.3479407235357582f,0.5310904710579261f,0.8677301404066466f,0.1868408845283578f,-0.4605810322826184f,0.014245987004843358f,0f,0f,0f,1f], start_interpolation: 0, interpolation_duration: 1 }
$data merge entity $(bone_finger_left2) { transformation: [0.004424904193521928f,-0.4191310411624641f,0.9079149687922025f,0.20029577834849602f,0.08277404292104418f,-0.9046545939476316f,-0.4180293332625717f,0.262464264453723f,0.9965585171184793f,0.07700153234523263f,0.030690160884275675f,0.4360954481501003f,0f,0f,0f,1f], start_interpolation: 0, interpolation_duration: 1 }
$data merge entity $(bone_finger_left) { transformation: [0.41353187541442943f,-0.06842366154538852f,0.9079149687922025f,0.2519872627752997f,0.9052844196291022f,-0.07557510244021368f,-0.4180293332625717f,0.37562481690736077f,0.09721886438867713f,0.9947897297579386f,0.030690160884275675f,0.448247806198685f,0f,0f,0f,1f], start_interpolation: 0, interpolation_duration: 1 }
$data merge entity $(bone_finger_left4) { transformation: [-0.032121611103963464f,-0.41792177682329357f,0.9079149687922025f,0.2850889307373063f,0.0036132196319756324f,-0.9084263432859818f,-0.4180293332625717f,0.22296965077340303f,0.9994774368358578f,-0.0101472794837053f,0.030690160884275675f,0.44440823190629253f,0f,0f,0f,1f], start_interpolation: 0, interpolation_duration: 1 }
$data merge entity $(bone_finger_left3) { transformation: [0.41612288289809907f,-0.05032053031942345f,0.9079149687922025f,0.3371042910995687f,0.9077193291247335f,-0.036015219913156926f,-0.4180293332625717f,0.3364345669139947f,0.05373421500234615f,0.9980835376675532f,0.030690160884275675f,0.4511250087815858f,0f,0f,0f,1f], start_interpolation: 0, interpolation_duration: 1 }
$data merge entity $(bone_thumb_left2) { transformation: [0.17312210693017016f,-0.8948206462880277f,-0.4114908833361127f,0.1514340922426422f,0.3073047923060383f,-0.3478651535817166f,0.8857503031607219f,0.34743214706881215f,-0.9357309980532869f,-0.2797960791366536f,0.2147595245430438f,0.2867999973682597f,0f,0f,0f,1f], start_interpolation: 0, interpolation_duration: 1 }
$data merge entity $(bone_thumb_left) { transformation: [0.17312210693017016f,-0.751104937966044f,0.6370793578943545f,0.2256589461378687f,0.3073047923060383f,0.6557482305977693f,0.6896071509878917f,0.4240297661827349f,-0.9357309980532869f,0.07639129682705349f,0.3443426622585122f,0.35908442383973893f,0f,0f,0f,1f], start_interpolation: 0, interpolation_duration: 1 }
$data merge entity $(bone_hand_left) { transformation: [0.17312210693017016f,0.38173177171295525f,0.9079149687922025f,0.2977378704132136f,0.3073047923060383f,0.8548773252097589f,-0.4180293332625717f,0.3506162328828863f,-0.9357309980532869f,0.35137673984926215f,0.030690160884275675f,0.28151739280373045f,0f,0f,0f,1f], start_interpolation: 0, interpolation_duration: 1 }
$data merge entity $(bone_arm_left2) { transformation: [0.17312210693017016f,0.38173177171295525f,0.9079149687922025f,0.3977630826952688f,0.3073047923060383f,0.8548773252097589f,-0.4180293332625717f,0.40131559763048513f,-0.9357309980532869f,0.35137673984926215f,0.030690160884275675f,0.04950277834567597f,0f,0f,0f,1f], start_interpolation: 0, interpolation_duration: 1 }
$data merge entity $(bone_arm_left) { transformation: [-0.5842224713702656f,0.38173177171295525f,0.7162157205834752f,0.20694398231623518f,0.5177607606981413f,0.8548773252097589f,-0.03329494741683384f,0.5328367220185726f,-0.6249863187520989f,0.35137673984926215f,-0.6970842761571968f,-0.06317603408252394f,0f,0f,0f,1f], start_interpolation: 0, interpolation_duration: 1 }
$data merge entity $(bone_finger_right2) { transformation: [-0.7948510128966221f,-0.205587562920482f,0.5709164748626816f,0.3874077797588647f,-0.20587930725867393f,-0.7936804250262738f,-0.5724378514500954f,0.3392601772074755f,0.5708113332265774f,-0.5725426943927675f,0.5885314647132874f,-0.07930523506402982f,0f,0f,0f,1f], start_interpolation: 0, interpolation_duration: 1 }
$data merge entity $(bone_finger_right) { transformation: [-0.3404886557931882f,0.7470755343380729f,0.5709164748626816f,0.42996886173301324f,-0.8173732025046978f,0.0649303785173973f,-0.5724378514500954f,0.4414318275205627f,-0.46472413656207057f,-0.6615604219865868f,0.5885314647132874f,-0.021214717993771004f,0f,0f,0f,1f], start_interpolation: 0, interpolation_duration: 1 }
$data merge entity $(bone_finger_right4) { transformation: [-0.7739082280744531f,-0.2740810705777211f,0.5709164748626816f,0.44504508013694916f,-0.13592206739045035f,-0.8086037953308803f,-0.5724378514500954f,0.286045401322284f,0.6185396075555442f,-0.5206145108690942f,0.5885314647132874f,-0.02768222848573896f,0f,0f,0f,1f], start_interpolation: 0, interpolation_duration: 1 }
$data merge entity $(bone_finger_right3) { transformation: [-0.30757760891552416f,0.7612163905383136f,0.5709164748626816f,0.48349228125138966f,-0.8137630209986578f,0.1005218975265404f,-0.5724378514500954f,0.3877657789471162f,-0.4931386824707092f,-0.6406597809239205f,0.5885314647132874f,0.03396010682309969f,0f,0f,0f,1f], start_interpolation: 0, interpolation_duration: 1 }
$data merge entity $(bone_thumb_right2) { transformation: [0.6334946040452164f,-0.7707443651544097f,-0.06810073588677856f,0.24030145080188198f,-0.14883382224397623f,-0.20775329335573672f,0.9667921505970627f,0.41226002387519584f,-0.759297754508627f,-0.6023219178168527f,-0.2463234201524198f,-0.009113444684805877f,0f,0f,0f,1f], start_interpolation: 0, interpolation_duration: 1 }
$data merge entity $(bone_thumb_right) { transformation: [0.6334946040452164f,-0.38745087108510906f,0.6697510053303279f,0.343817032844586f,-0.14883382224397623f,0.7884109188231205f,0.5968724457006968f,0.4822180226426587f,-0.759297754508627f,-0.4777970757297212f,0.4417882687694232f,0.022382034082977426f,0f,0f,0f,1f], start_interpolation: 0, interpolation_duration: 1 }
$data merge entity $(bone_hand_right) { transformation: [0.6334946040452164f,0.522244162605925f,0.5709164748626816f,0.32510677944726607f,-0.14883382224397623f,0.8063271045819101f,-0.5724378514500954f,0.3874586439230914f,-0.759297754508627f,0.2776646089090028f,0.5885314647132874f,0.10765893049982464f,0f,0f,0f,1f], start_interpolation: 0, interpolation_duration: 1 }
$data merge entity $(bone_arm_right2) { transformation: [0.6334946040452164f,0.522244162605925f,0.5709164748626816f,0.20241540811487954f,-0.14883382224397623f,0.8063271045819101f,-0.5724378514500954f,0.3888897337684545f,-0.759297754508627f,0.2776646089090028f,0.5885314647132874f,0.33426658567156187f,0f,0f,0f,1f], start_interpolation: 0, interpolation_duration: 1 }
$data merge entity $(bone_arm_right) { transformation: [0.6239566580536274f,0.522244162605925f,-0.5813253164060423f,0.08275907587685033f,-0.583231274925262f,0.8063271045819101f,0.09837621849617156f,0.5285490388437593f,0.5201147650467175f,0.2776646089090028f,0.807702294251916f,0.1537565010191377f,0f,0f,0f,1f], start_interpolation: 0, interpolation_duration: 1 }
$data merge entity $(bone_torso) { transformation: [-0.4967396257575394f,-0.002998883240985406f,-0.8678944353442801f,0.078125f,-0.017150732699253206f,0.9998326781624102f,0.006361450028163476f,0.171875f,0.8677301404066466f,0.018045009778024253f,-0.4967079434154164f,9.567553118338697e-18f,0f,0f,0f,1f], start_interpolation: 0, interpolation_duration: 1 }
$data merge entity $(bone_foot_right) { transformation: [-0.8733423040445543f,-0.07212138810650606f,-0.48173823321773046f,0.1974349122964737f,-0.007908866163238826f,0.990947404662841f,-0.1340175026927145f,-0.11554234348128918f,0.48704278025873843f,-0.11323315137171824f,-0.8660066879812579f,0.31757252869557206f,0f,0f,0f,1f], start_interpolation: 0, interpolation_duration: 1 }
$data merge entity $(bone_leg_right3) { transformation: [-0.8733423040445543f,-0.24526765785669624f,-0.4208527010435366f,0.18924744172559682f,-0.007908866163238826f,0.8710100932998452f,-0.4912014527724923f,0.03764354168728233f,0.48704278025873843f,-0.4256585408273696f,-0.7626297508087085f,0.30537865581726753f,0f,0f,0f,1f], start_interpolation: 0, interpolation_duration: 1 }
$data merge entity $(bone_foot_left) { transformation: [-0.024404753357379072f,-0.12174796106280714f,-0.992260974739315f,0.3213103483402033f,0.00829898329370203f,0.9924977240715516f,-0.12198112390481385f,-0.04786294106920419f,0.9996677122373497f,-0.011211676495507004f,-0.02321127786882383f,-0.06693735697271f,0f,0f,0f,1f], start_interpolation: 0, interpolation_duration: 1 }
$data merge entity $(bone_leg_left3) { transformation: [-0.024404753357379072f,-0.21901942490419568f,-0.9754152446667017f,0.3514741945047196f,0.00829898329370203f,0.9756278432220981f,-0.2192748011197102f,0.10303939945388524f,0.9996677122373497f,-0.013446302258726176f,-0.021992318334150916f,-0.06745372333195894f,0f,0f,0f,1f], start_interpolation: 0, interpolation_duration: 1 }