# This file was generated by Animated Java via MC-Build. It is not recommended to edit this file directly.
$data merge entity $(bone_head2) {transformation: [-0.999f,0.042f,0.0183f,-0.0225f,0.0241f,0.8215f,-0.5696f,1.3885f,-0.0389f,-0.5686f,-0.8217f,-1.2104f,0f,0f,0f,1f],start_interpolation: 0,interpolation_duration: 1}
$data merge entity $(bone_head1) {transformation: [-0.999f,-0.0028f,0.0457f,-0.0363f,0.0241f,0.8163f,0.5772f,1.4194f,-0.0389f,0.5777f,-0.8154f,-0.8369f,0f,0f,0f,1f],start_interpolation: 0,interpolation_duration: 1}
$data merge entity $(bone_eyelid_right) {transformation: [-0.9928f,0.1142f,0.0368f,-0.1195f,0.1108f,0.9904f,-0.0826f,1.2678f,-0.0459f,-0.0779f,-0.9959f,-0.8017f,0f,0f,0f,1f],start_interpolation: 0,interpolation_duration: 1}
$data merge entity $(bone_eye_right) {transformation: [-0.9928f,0.1142f,0.0368f,-0.1197f,0.1108f,0.9904f,-0.0826f,1.2683f,-0.0459f,-0.0779f,-0.9959f,-0.7955f,0f,0f,0f,1f],start_interpolation: 0,interpolation_duration: 1}
$data merge entity $(bone_eyelid_left) {transformation: [-0.9975f,-0.06f,0.0368f,0.099f,-0.0628f,0.9946f,-0.0826f,1.2625f,-0.0317f,-0.0847f,-0.9959f,-0.7932f,0f,0f,0f,1f],start_interpolation: 0,interpolation_duration: 1}
$data merge entity $(bone_eye_left) {transformation: [-0.9975f,-0.06f,0.0368f,0.0988f,-0.0628f,0.9946f,-0.0826f,1.263f,-0.0317f,-0.0847f,-0.9959f,-0.787f,0f,0f,0f,1f],start_interpolation: 0,interpolation_duration: 1}
$data merge entity $(bone_mouth_closed) {transformation: [-0.999f,0.0272f,0.0368f,-0.0387f,0.0241f,0.9963f,-0.0826f,1.0615f,-0.0389f,-0.0816f,-0.9959f,-0.9956f,0f,0f,0f,1f],start_interpolation: 0,interpolation_duration: 1}
$data merge entity $(bone_mouth_open) {transformation: [-0.999f,0.0272f,0.0368f,-0.0394f,0.0241f,0.9963f,-0.0826f,1.0298f,-0.0389f,-0.0816f,-0.9959f,-0.9993f,0f,0f,0f,1f],start_interpolation: 0,interpolation_duration: 1}
$data merge entity $(bone_head) {transformation: [-0.999f,0.0272f,0.0368f,-0.0084f,0.0241f,0.9963f,-0.0826f,1.0296f,-0.0389f,-0.0816f,-0.9959f,-0.9918f,0f,0f,0f,1f],start_interpolation: 0,interpolation_duration: 1}
$data merge entity $(bone_neck) {transformation: [-0.9953f,-0.0805f,0.054f,-0.0021f,-0.0384f,0.8386f,0.5434f,0.9641f,-0.089f,0.5388f,-0.8377f,-1.0339f,0f,0f,0f,1f],start_interpolation: 0,interpolation_duration: 1}
$data merge entity $(bone_finger_left2) {transformation: [0.3503f,-0.4212f,0.8366f,0.3775f,-0.3092f,-0.8951f,-0.3211f,0.5209f,0.8841f,-0.1462f,-0.4438f,-0.5451f,0f,0f,0f,1f],start_interpolation: 0,interpolation_duration: 1}
$data merge entity $(bone_finger_left) {transformation: [0.436f,0.3316f,0.8366f,0.432f,0.8808f,-0.3479f,-0.3211f,0.631f,0.1846f,0.8769f,-0.4438f,-0.522f,0f,0f,0f,1f],start_interpolation: 0,interpolation_duration: 1}
$data merge entity $(bone_finger_left4) {transformation: [0.3316f,-0.5073f,0.7954f,0.4471f,-0.3479f,-0.8495f,-0.3967f,0.4948f,0.8769f,-0.1452f,-0.4582f,-0.5818f,0f,0f,0f,1f],start_interpolation: 0,interpolation_duration: 1}
$data merge entity $(bone_finger_left3) {transformation: [0.5073f,0.3316f,0.7954f,0.5105f,0.8495f,-0.3479f,-0.3967f,0.6009f,0.1452f,0.8769f,-0.4582f,-0.5637f,0f,0f,0f,1f],start_interpolation: 0,interpolation_duration: 1}
$data merge entity $(bone_thumb_left2) {transformation: [-0.4059f,-0.8516f,-0.3318f,0.269f,0.7838f,-0.5111f,0.3528f,0.6702f,-0.47f,-0.1169f,0.8749f,-0.6049f,0f,0f,0f,1f],start_interpolation: 0,interpolation_duration: 1}
$data merge entity $(bone_thumb_left) {transformation: [-0.4059f,-0.4048f,0.8194f,0.3841f,0.7838f,0.3069f,0.5399f,0.7132f,-0.47f,0.8614f,0.1927f,-0.5662f,0f,0f,0f,1f],start_interpolation: 0,interpolation_duration: 1}
$data merge entity $(bone_hand_left) {transformation: [-0.0928f,0.5399f,0.8366f,0.423f,0.7153f,0.6206f,-0.3211f,0.689f,-0.6926f,0.5686f,-0.4438f,-0.6866f,0f,0f,0f,1f],start_interpolation: 0,interpolation_duration: 1}
$data merge entity $(bone_arm_left2) {transformation: [-0.2733f,0.56f,0.7821f,0.4036f,0.6771f,0.6896f,-0.2571f,0.8422f,-0.6833f,0.4592f,-0.5677f,-0.8929f,0f,0f,0f,1f],start_interpolation: 0,interpolation_duration: 1}
$data merge entity $(bone_arm_left) {transformation: [-0.7567f,0.1269f,0.6413f,0.1743f,0.3094f,0.9337f,0.1803f,0.9083f,-0.5759f,0.3349f,-0.7458f,-0.9903f,0f,0f,0f,1f],start_interpolation: 0,interpolation_duration: 1}
$data merge entity $(bone_finger_right2) {transformation: [0.6005f,0.4595f,-0.6544f,-0.5091f,-0.1459f,-0.7417f,-0.6546f,0.7898f,-0.7862f,0.4886f,-0.3784f,-0.849f,0f,0f,0f,1f],start_interpolation: 0,interpolation_duration: 1}
$data merge entity $(bone_finger_right) {transformation: [0.4852f,-0.5799f,-0.6544f,-0.5697f,-0.7474f,0.1134f,-0.6546f,0.8833f,0.4538f,0.8067f,-0.3784f,-0.9057f,0f,0f,0f,1f],start_interpolation: 0,interpolation_duration: 1}
$data merge entity $(bone_finger_right4) {transformation: [0.6408f,0.5106f,-0.5733f,-0.5487f,-0.1543f,-0.6459f,-0.7477f,0.7389f,-0.752f,0.5676f,-0.3351f,-0.897f,0f,0f,0f,1f],start_interpolation: 0,interpolation_duration: 1}
$data merge entity $(bone_finger_right3) {transformation: [0.659f,-0.4869f,-0.5733f,-0.6311f,-0.6638f,-0.0181f,-0.7477f,0.8219f,0.3536f,0.8733f,-0.3351f,-0.9412f,0f,0f,0f,1f],start_interpolation: 0,interpolation_duration: 1}
$data merge entity $(bone_thumb_right2) {transformation: [-0.4026f,0.838f,-0.3683f,-0.3968f,-0.5878f,0.0718f,0.8058f,0.9405f,0.7017f,0.5409f,0.4636f,-0.9521f,0f,0f,0f,1f],start_interpolation: 0,interpolation_duration: 1}
$data merge entity $(bone_thumb_right) {transformation: [-0.4026f,-0.0595f,-0.9134f,-0.5236f,-0.5878f,0.7818f,0.2081f,0.9482f,0.7017f,0.6207f,-0.3497f,-0.9739f,0f,0f,0f,1f],start_interpolation: 0,interpolation_duration: 1}
$data merge entity $(bone_hand_right) {transformation: [-0.1647f,-0.738f,-0.6544f,-0.5285f,-0.365f,0.662f,-0.6546f,0.8682f,0.9163f,0.1311f,-0.3784f,-1.0748f,0f,0f,0f,1f],start_interpolation: 0,interpolation_duration: 1}
$data merge entity $(bone_arm_right2) {transformation: [-0.7379f,-0.4887f,-0.4655f,-0.3732f,-0.3683f,0.8695f,-0.3291f,0.9397f,0.5656f,-0.0714f,-0.8216f,-1.2675f,0f,0f,0f,1f],start_interpolation: 0,interpolation_duration: 1}
$data merge entity $(bone_arm_right) {transformation: [-0.8943f,-0.2484f,0.3722f,-0.1728f,-0.2132f,0.9678f,0.1338f,0.9847f,-0.3934f,0.0403f,-0.9185f,-1.1118f,0f,0f,0f,1f],start_interpolation: 0,interpolation_duration: 1}
$data merge entity $(bone_torso) {transformation: [-0.9397f,-0.0058f,0.3419f,0f,0.1489f,0.8932f,0.4243f,0.6431f,-0.3078f,0.4496f,-0.8385f,-1.1955f,0f,0f,0f,1f],start_interpolation: 0,interpolation_duration: 1}
$data merge entity $(bone_foot_right) {transformation: [-0.9491f,-0.3091f,0.0605f,-0.1818f,0.1429f,-0.2514f,0.9573f,0.3219f,-0.2806f,0.9172f,0.2828f,-1.4129f,0f,0f,0f,1f],start_interpolation: 0,interpolation_duration: 1}
$data merge entity $(bone_leg_right3) {transformation: [-0.9577f,-0.0027f,0.2879f,-0.2002f,0.2252f,0.6158f,0.755f,0.3613f,-0.1793f,0.7879f,-0.5891f,-1.2653f,0f,0f,0f,1f],start_interpolation: 0,interpolation_duration: 1}
$data merge entity $(bone_leg_right2) {transformation: [-0.9577f,0.1731f,0.23f,-0.1659f,0.2252f,0.9482f,0.2241f,0.5165f,-0.1793f,0.2664f,-0.947f,-1.2532f,0f,0f,0f,1f],start_interpolation: 0,interpolation_duration: 1}
$data merge entity $(bone_leg_right) {transformation: [-0.9577f,0.1731f,0.23f,-0.1198f,0.2252f,0.9482f,0.2241f,0.5983f,-0.1793f,0.2664f,-0.947f,-1.2227f,0f,0f,0f,1f],start_interpolation: 0,interpolation_duration: 1}
$data merge entity $(bone_foot_left) {transformation: [-0.9893f,-0.0904f,-0.1148f,0.2031f,-0.1445f,0.4883f,0.8606f,0.2476f,-0.0217f,0.868f,-0.4961f,-1.3672f,0f,0f,0f,1f],start_interpolation: 0,interpolation_duration: 1}
$data merge entity $(bone_leg_left3) {transformation: [-0.9893f,-0.1357f,-0.0542f,0.1874f,-0.1445f,0.8532f,0.5012f,0.3362f,-0.0217f,0.5037f,-0.8636f,-1.2424f,0f,0f,0f,1f],start_interpolation: 0,interpolation_duration: 1}
$data merge entity $(bone_leg_left2) {transformation: [-0.9914f,-0.1285f,0.0227f,0.168f,-0.1178f,0.956f,0.2686f,0.494f,-0.0562f,0.2636f,-0.963f,-1.2313f,0f,0f,0f,1f],start_interpolation: 0,interpolation_duration: 1}
$data merge entity $(bone_leg_left) {transformation: [-0.9914f,-0.1285f,0.0227f,0.125f,-0.1178f,0.956f,0.2686f,0.58f,-0.0562f,0.2636f,-0.963f,-1.2083f,0f,0f,0f,1f],start_interpolation: 0,interpolation_duration: 1}