# This file was generated by Animated Java via MC-Build. It is not recommended to edit this file directly.
$data merge entity $(bone_head2) {transformation: [-0.9963f,0.0464f,-0.0718f,-0.0099f,-0.0624f,0.1784f,0.982f,0.8386f,0.0583f,0.9829f,-0.1749f,0.4136f,0f,0f,0f,1f],start_interpolation: 0,interpolation_duration: 1}
$data merge entity $(bone_head1) {transformation: [-0.9963f,0.0833f,0.019f,0.0047f,-0.0624f,-0.8617f,0.5035f,0.4863f,0.0583f,0.5005f,0.8638f,0.2861f,0f,0f,0f,1f],start_interpolation: 0,interpolation_duration: 1}
$data merge entity $(bone_eyelid_right) {transformation: [-0.9859f,0.1626f,-0.039f,-0.0838f,-0.0915f,-0.3298f,0.9396f,0.504f,0.1399f,0.93f,0.34f,0.1331f,0f,0f,0f,1f],start_interpolation: 0,interpolation_duration: 1}
$data merge entity $(bone_eye_right) {transformation: [-0.9859f,0.1626f,-0.039f,-0.0838f,-0.0915f,-0.3298f,0.9396f,0.504f,0.1399f,0.93f,0.34f,0.1331f,0f,0f,0f,1f],start_interpolation: 0,interpolation_duration: 1}
$data merge entity $(bone_eyelid_left) {transformation: [-0.9992f,-0.0111f,-0.039f,0.1342f,-0.0329f,-0.3406f,0.9396f,0.5177f,-0.0237f,0.9401f,0.34f,0.1204f,0f,0f,0f,1f],start_interpolation: 0,interpolation_duration: 1}
$data merge entity $(bone_eye_left) {transformation: [-0.9992f,-0.0111f,-0.039f,0.1342f,-0.0329f,-0.3406f,0.9396f,0.5177f,-0.0237f,0.9401f,0.34f,0.1204f,0f,0f,0f,1f],start_interpolation: 0,interpolation_duration: 1}
$data merge entity $(bone_mouth_closed) {transformation: [-0.9963f,0.0761f,-0.039f,-0.0288f,-0.0624f,-0.3365f,0.9396f,0.7781f,0.0583f,0.9386f,0.34f,0.0272f,0f,0f,0f,1f],start_interpolation: 0,interpolation_duration: 1}
$data merge entity $(bone_mouth_open) {transformation: [-0.9963f,0.0761f,-0.039f,-0.0314f,-0.0624f,-0.3365f,0.9396f,0.7945f,0.0583f,0.9386f,0.34f,0f,0f,0f,0f,1f],start_interpolation: 0,interpolation_duration: 1}
$data merge entity $(bone_head) {transformation: [-0.9963f,0.0761f,-0.039f,0f,-0.0624f,-0.3365f,0.9396f,0.7906f,0.0583f,0.9386f,0.34f,-0.004f,0f,0f,0f,1f],start_interpolation: 0,interpolation_duration: 1}
$data merge entity $(bone_neck) {transformation: [-1f,0f,0f,0f,0f,-0.6618f,0.7497f,0.8423f,0f,0.7497f,0.6618f,-0.0626f,0f,0f,0f,1f],start_interpolation: 0,interpolation_duration: 1}
$data merge entity $(bone_finger_left2) {transformation: [0.4331f,-0.8022f,0.4111f,0.3443f,-0.5236f,-0.5951f,-0.6097f,0.3958f,0.7337f,0.0488f,-0.6777f,0.3065f,0f,0f,0f,1f],start_interpolation: 0,interpolation_duration: 1}
$data merge entity $(bone_finger_left) {transformation: [0.8203f,0.3977f,0.4111f,0.4469f,0.5717f,-0.5491f,-0.6097f,0.4673f,-0.0167f,0.7351f,-0.6777f,0.3044f,0f,0f,0f,1f],start_interpolation: 0,interpolation_duration: 1}
$data merge entity $(bone_finger_left4) {transformation: [0.3977f,-0.853f,0.338f,0.3788f,-0.5491f,-0.5164f,-0.6572f,0.3455f,0.7351f,0.0757f,-0.6737f,0.2503f,0f,0f,0f,1f],start_interpolation: 0,interpolation_duration: 1}
$data merge entity $(bone_finger_left3) {transformation: [0.853f,0.3977f,0.338f,0.4854f,0.5164f,-0.5491f,-0.6572f,0.4101f,-0.0757f,0.7351f,-0.6737f,0.2409f,0f,0f,0f,1f],start_interpolation: 0,interpolation_duration: 1}
$data merge entity $(bone_thumb_left2) {transformation: [-0.1333f,-0.9779f,0.1609f,0.3024f,0.9271f,-0.0657f,0.3689f,0.583f,-0.3502f,0.1983f,0.9154f,0.2781f,0f,0f,0f,1f],start_interpolation: 0,interpolation_duration: 1}
$data merge entity $(bone_thumb_left) {transformation: [-0.1333f,0.075f,0.9882f,0.43f,0.9271f,0.3618f,0.0976f,0.5662f,-0.3502f,0.9292f,-0.1178f,0.2743f,0f,0f,0f,1f],start_interpolation: 0,interpolation_duration: 1}
$data merge entity $(bone_hand_left) {transformation: [0.026f,0.9112f,0.4111f,0.4133f,0.751f,0.2536f,-0.6097f,0.5402f,-0.6598f,0.3246f,-0.6777f,0.1493f,0f,0f,0f,1f],start_interpolation: 0,interpolation_duration: 1}
$data merge entity $(bone_arm_left2) {transformation: [-0.1388f,0.9244f,0.3553f,0.4008f,0.7959f,0.3176f,-0.5155f,0.7069f,-0.5893f,0.2112f,-0.7798f,-0.0468f,0f,0f,0f,1f],start_interpolation: 0,interpolation_duration: 1}
$data merge entity $(bone_arm_left) {transformation: [-0.6984f,0.3597f,0.6188f,0.1875f,0.6104f,0.7508f,0.2524f,0.8437f,-0.3739f,0.554f,-0.7439f,-0.0938f,0f,0f,0f,1f],start_interpolation: 0,interpolation_duration: 1}
$data merge entity $(bone_finger_right2) {transformation: [-0.487f,0.6342f,-0.6006f,-0.1013f,0.5241f,-0.3379f,-0.7818f,0.4948f,-0.6987f,-0.6955f,-0.1678f,-0.0407f,0f,0f,0f,1f],start_interpolation: 0,interpolation_duration: 1}
$data merge entity $(bone_finger_right) {transformation: [0.6123f,0.5142f,-0.6006f,-0.1778f,-0.3147f,-0.5383f,-0.7818f,0.5342f,-0.7253f,0.6677f,-0.1678f,0.0499f,0f,0f,0f,1f],start_interpolation: 0,interpolation_duration: 1}
$data merge entity $(bone_finger_right4) {transformation: [-0.4397f,0.7263f,-0.5284f,-0.1607f,0.5358f,-0.26f,-0.8033f,0.4468f,-0.7208f,-0.6363f,-0.2748f,-0.066f,0f,0f,0f,1f],start_interpolation: 0,interpolation_duration: 1}
$data merge entity $(bone_finger_right3) {transformation: [0.5877f,0.6127f,-0.5284f,-0.2341f,-0.1125f,-0.5848f,-0.8033f,0.4609f,-0.8012f,0.5316f,-0.2748f,0.0342f,0f,0f,0f,1f],start_interpolation: 0,interpolation_duration: 1}
$data merge entity $(bone_thumb_right2) {transformation: [0.4914f,0.8256f,0.2772f,-0.1531f,-0.8707f,0.4595f,0.1751f,0.7025f,0.0172f,-0.3274f,0.9447f,-0.0299f,0f,0f,0f,1f],start_interpolation: 0,interpolation_duration: 1}
$data merge entity $(bone_thumb_right) {transformation: [0.4914f,0.5428f,-0.681f,-0.2229f,-0.8707f,0.3217f,-0.3719f,0.6288f,0.0172f,0.7758f,0.6308f,0.0495f,0f,0f,0f,1f],start_interpolation: 0,interpolation_duration: 1}
$data merge entity $(bone_hand_right) {transformation: [0.7807f,-0.1728f,-0.6006f,-0.3172f,-0.6187f,-0.0781f,-0.7818f,0.5991f,0.0882f,0.9819f,-0.1678f,-0.0331f,0f,0f,0f,1f],start_interpolation: 0,interpolation_duration: 1}
$data merge entity $(bone_arm_right2) {transformation: [0.2334f,-0.2626f,-0.9362f,-0.434f,-0.9069f,0.2885f,-0.3071f,0.8066f,0.3508f,0.9208f,-0.1708f,-0.1315f,0f,0f,0f,1f],start_interpolation: 0,interpolation_duration: 1}
$data merge entity $(bone_arm_right) {transformation: [-0.8977f,-0.2626f,-0.3537f,-0.1875f,-0.4228f,0.2885f,0.8591f,0.8586f,-0.1236f,0.9208f,-0.3701f,-0.0774f,0f,0f,0f,1f],start_interpolation: 0,interpolation_duration: 1}
$data merge entity $(bone_torso) {transformation: [-1f,0f,0f,0f,0f,-0.0469f,0.9989f,0.8591f,0f,0.9989f,0.0469f,-0.4215f,0f,0f,0f,1f],start_interpolation: 0,interpolation_duration: 1}
$data merge entity $(bone_foot_right) {transformation: [-0.9962f,0.0617f,0.0616f,-0.2167f,0.0065f,-0.652f,0.7582f,0.6834f,0.087f,0.7557f,0.6491f,-0.7444f,0f,0f,0f,1f],start_interpolation: 0,interpolation_duration: 1}
$data merge entity $(bone_leg_right3) {transformation: [-0.9763f,0.2164f,0.0031f,-0.1864f,0.0113f,0.0366f,0.9993f,0.6261f,0.2161f,0.9756f,-0.0382f,-0.6048f,0f,0f,0f,1f],start_interpolation: 0,interpolation_duration: 1}
$data merge entity $(bone_leg_right2) {transformation: [-0.9763f,0.1439f,-0.1617f,-0.169f,0.0113f,0.78f,0.6257f,0.7675f,0.2161f,0.6091f,-0.7631f,-0.5335f,0f,0f,0f,1f],start_interpolation: 0,interpolation_duration: 1}
$data merge entity $(bone_leg_right) {transformation: [-0.9763f,0.1439f,-0.1617f,-0.125f,0.0113f,0.78f,0.6257f,0.8402f,0.2161f,0.6091f,-0.7631f,-0.4831f,0f,0f,0f,1f],start_interpolation: 0,interpolation_duration: 1}
$data merge entity $(bone_foot_left) {transformation: [-0.9865f,0.1014f,-0.1288f,0.1845f,-0.0392f,-0.9088f,-0.4154f,1.0474f,-0.1592f,-0.4047f,0.9005f,-0.7412f,0f,0f,0f,1f],start_interpolation: 0,interpolation_duration: 1}
$data merge entity $(bone_leg_left3) {transformation: [-0.9865f,-0.0473f,-0.157f,0.1877f,-0.0392f,-0.8615f,0.5062f,0.8946f,-0.1592f,0.5055f,0.848f,-0.7231f,0f,0f,0f,1f],start_interpolation: 0,interpolation_duration: 1}
$data merge entity $(bone_leg_left2) {transformation: [-0.9914f,-0.1206f,-0.05f,0.1673f,-0.0068f,-0.3342f,0.9425f,0.8718f,-0.1303f,0.9347f,0.3305f,-0.5667f,0f,0f,0f,1f],start_interpolation: 0,interpolation_duration: 1}
$data merge entity $(bone_leg_left) {transformation: [-0.9914f,-0.1206f,-0.05f,0.125f,-0.0068f,-0.3342f,0.9425f,0.8402f,-0.1303f,0.9347f,0.3305f,-0.4831f,0f,0f,0f,1f],start_interpolation: 0,interpolation_duration: 1}