# This file was generated by Animated Java via MC-Build. It is not recommended to edit this file directly.
$data merge entity $(bone_head2) {transformation: [-0.9771f,-0.0829f,0.1961f,-0.1582f,-0.1786f,0.8203f,-0.5434f,2.0226f,-0.1158f,-0.566f,-0.8163f,0.8527f,0f,0f,0f,1f],start_interpolation: 0,interpolation_duration: 1}
$data merge entity $(bone_head1) {transformation: [-0.9771f,-0.2126f,-0.0108f,-0.2063f,-0.1786f,0.7912f,0.5849f,2.0452f,-0.1158f,0.5735f,-0.811f,1.2239f,0f,0f,0f,1f],start_interpolation: 0,interpolation_duration: 1}
$data merge entity $(bone_eyelid_right) {transformation: [-0.9882f,-0.084f,0.1284f,-0.2602f,-0.0924f,0.9939f,-0.0605f,1.8798f,-0.1225f,-0.0716f,-0.9899f,1.2592f,0f,0f,0f,1f],start_interpolation: 0,interpolation_duration: 1}
$data merge entity $(bone_eye_right) {transformation: [-0.9882f,-0.084f,0.1284f,-0.2602f,-0.0924f,0.9939f,-0.0605f,1.8798f,-0.1225f,-0.0716f,-0.9899f,1.2592f,0f,0f,0f,1f],start_interpolation: 0,interpolation_duration: 1}
$data merge entity $(bone_eyelid_left) {transformation: [-0.9586f,-0.2543f,0.1284f,-0.0465f,-0.2635f,0.9628f,-0.0605f,1.9188f,-0.1082f,-0.0918f,-0.9899f,1.2845f,0f,0f,0f,1f],start_interpolation: 0,interpolation_duration: 1}
$data merge entity $(bone_eye_left) {transformation: [-0.9586f,-0.2543f,0.1284f,-0.0465f,-0.2635f,0.9628f,-0.0605f,1.9188f,-0.1082f,-0.0918f,-0.9899f,1.2845f,0f,0f,0f,1f],start_interpolation: 0,interpolation_duration: 1}
$data merge entity $(bone_mouth_closed) {transformation: [-0.9771f,-0.1698f,0.1284f,-0.1231f,-0.1786f,0.9821f,-0.0605f,1.6959f,-0.1158f,-0.082f,-0.9899f,1.0603f,0f,0f,0f,1f],start_interpolation: 0,interpolation_duration: 1}
$data merge entity $(bone_mouth_open) {transformation: [-0.9771f,-0.1698f,0.1284f,-0.1186f,-0.1786f,0.9821f,-0.0605f,1.6656f,-0.1158f,-0.082f,-0.9899f,1.069f,0f,0f,0f,1f],start_interpolation: 0,interpolation_duration: 1}
$data merge entity $(bone_head) {transformation: [-0.9771f,-0.1698f,0.1284f,-0.088f,-0.1786f,0.9821f,-0.0605f,1.6712f,-0.1158f,-0.082f,-0.9899f,1.0726f,0f,0f,0f,1f],start_interpolation: 0,interpolation_duration: 1}
$data merge entity $(bone_neck) {transformation: [-0.9277f,-0.2679f,0.2601f,-0.0671f,-0.2806f,0.9597f,-0.0124f,1.5962f,-0.2463f,-0.0845f,-0.9655f,1.0792f,0f,0f,0f,1f],start_interpolation: 0,interpolation_duration: 1}
$data merge entity $(bone_finger_left2) {transformation: [0.3896f,-0.6448f,0.3387f,0.1777f,1.2996f,0.6995f,-0.0241f,2.2748f,-0.4205f,0.1023f,1.0472f,1.2524f,0f,0f,0f,1f],start_interpolation: 0,interpolation_duration: 1}
$data merge entity $(bone_finger_left) {transformation: [0.6612f,0.3611f,0.3387f,0.2603f,-0.6421f,1.3289f,-0.0241f,2.1945f,-0.1205f,-0.4156f,1.0472f,1.2374f,0f,0f,0f,1f],start_interpolation: 0,interpolation_duration: 1}
$data merge entity $(bone_finger_left4) {transformation: [0.3611f,-0.6882f,0.2798f,0.2061f,1.3289f,0.6418f,0.032f,2.2725f,-0.4156f,0.0288f,1.0537f,1.3391f,0f,0f,0f,1f],start_interpolation: 0,interpolation_duration: 1}
$data merge entity $(bone_finger_left3) {transformation: [0.6882f,0.3611f,0.2798f,0.2921f,-0.6418f,1.3289f,0.032f,2.1923f,-0.0288f,-0.4156f,1.0537f,1.3355f,0f,0f,0f,1f],start_interpolation: 0,interpolation_duration: 1}
$data merge entity $(bone_thumb_left2) {transformation: [-0.1435f,-0.8003f,0.1456f,0.1373f,-1.3537f,0.2781f,0.5185f,2.044f,-0.1115f,-0.3322f,-1.0775f,1.1845f,0f,0f,0f,1f],start_interpolation: 0,interpolation_duration: 1}
$data merge entity $(bone_thumb_left) {transformation: [-0.1435f,0.0753f,0.81f,0.243f,-1.3537f,0.5408f,-0.2319f,2.0573f,-0.1115f,-1.1024f,0.237f,1.2176f,0f,0f,0f,1f],start_interpolation: 0,interpolation_duration: 1}
$data merge entity $(bone_hand_left) {transformation: [-0.015f,0.7532f,0.3387f,0.2268f,-1.4752f,0.044f,-0.0241f,1.9601f,0.313f,-0.2988f,1.0472f,1.354f,0f,0f,0f,1f],start_interpolation: 0,interpolation_duration: 1}
$data merge entity $(bone_arm_left2) {transformation: [-0.1505f,0.7596f,0.2876f,0.2071f,-1.4517f,-0.1392f,-0.228f,1.583f,0.1927f,-0.2124f,1.0962f,1.4707f,0f,0f,0f,1f],start_interpolation: 0,interpolation_duration: 1}
$data merge entity $(bone_arm_left) {transformation: [-0.3175f,0.7625f,0.0072f,0.1273f,-0.4103f,-0.0956f,-1.4147f,1.5688f,-0.9129f,-0.2222f,0.6333f,1.2029f,0f,0f,0f,1f],start_interpolation: 0,interpolation_duration: 1}
$data merge entity $(bone_finger_right2) {transformation: [0.968f,0.0932f,-0.2328f,-0.5802f,-0.1261f,-0.6216f,-0.7731f,1.2097f,-0.2168f,0.7777f,-0.59f,1.2581f,0f,0f,0f,1f],start_interpolation: 0,interpolation_duration: 1}
$data merge entity $(bone_finger_right) {transformation: [0.1354f,-0.9631f,-0.2328f,-0.5971f,-0.6265f,0.0988f,-0.7731f,1.288f,0.7675f,0.2505f,-0.59f,1.1622f,0f,0f,0f,1f],start_interpolation: 0,interpolation_duration: 1}
$data merge entity $(bone_finger_right4) {transformation: [0.9784f,0.0778f,-0.1916f,-0.5779f,-0.1255f,-0.5128f,-0.8493f,1.1495f,-0.1643f,0.855f,-0.492f,1.2048f,0f,0f,0f,1f],start_interpolation: 0,interpolation_duration: 1}
$data merge entity $(bone_finger_right3) {transformation: [0.3284f,-0.9249f,-0.1916f,-0.6189f,-0.5278f,-0.0115f,-0.8493f,1.2155f,0.7833f,0.38f,-0.492f,1.1069f,0f,0f,0f,1f],start_interpolation: 0,interpolation_duration: 1}
$data merge entity $(bone_thumb_right2) {transformation: [-0.7188f,0.3072f,-0.6236f,-0.4371f,-0.5758f,0.2395f,0.7817f,1.3653f,0.3895f,0.921f,0.0047f,1.2232f,0f,0f,0f,1f],start_interpolation: 0,interpolation_duration: 1}
$data merge entity $(bone_thumb_right) {transformation: [-0.7188f,-0.4809f,-0.502f,-0.5223f,-0.5758f,0.8165f,0.0423f,1.3526f,0.3895f,0.3194f,-0.8639f,1.1274f,0f,0f,0f,1f],start_interpolation: 0,interpolation_duration: 1}
$data merge entity $(bone_hand_right) {transformation: [-0.6816f,-0.6937f,-0.2328f,-0.4581f,-0.303f,0.5572f,-0.7731f,1.2643f,0.666f,-0.4564f,-0.59f,1.059f,0f,0f,0f,1f],start_interpolation: 0,interpolation_duration: 1}
$data merge entity $(bone_arm_right2) {transformation: [-0.6866f,-0.7129f,-0.1429f,-0.2954f,-0.4333f,0.559f,-0.7069f,1.3284f,0.5838f,-0.4234f,-0.6927f,0.8697f,0f,0f,0f,1f],start_interpolation: 0,interpolation_duration: 1}
$data merge entity $(bone_arm_right) {transformation: [-0.3943f,-0.7129f,0.5799f,-0.2331f,-0.8188f,0.559f,0.1304f,1.525f,-0.4172f,-0.4234f,-0.8042f,1.0243f,0f,0f,0f,1f],start_interpolation: 0,interpolation_duration: 1}
$data merge entity $(bone_torso) {transformation: [-0.9277f,-0.1867f,0.3233f,0f,-0.2806f,0.9199f,-0.2738f,1.2656f,-0.2463f,-0.3447f,-0.9058f,1.2031f,0f,0f,0f,1f],start_interpolation: 0,interpolation_duration: 1}
$data merge entity $(bone_foot_right) {transformation: [-1f,0f,0f,-0.1563f,0f,-0.1036f,1.1789f,0.6116f,0f,1.0008f,0.1946f,0.9665f,0f,0f,0f,1f],start_interpolation: 0,interpolation_duration: 1}
$data merge entity $(bone_leg_right3) {transformation: [-1f,0f,0f,-0.1563f,0f,1.0198f,0.6005f,0.7174f,0f,0.6061f,-0.8198f,1.1029f,0f,0f,0f,1f],start_interpolation: 0,interpolation_duration: 1}
$data merge entity $(bone_leg_right2) {transformation: [-1f,0f,0f,-0.1563f,0f,1.1449f,0.2995f,0.9415f,0f,0.3594f,-0.9541f,1.1405f,0f,0f,0f,1f],start_interpolation: 0,interpolation_duration: 1}
$data merge entity $(bone_leg_right) {transformation: [-1f,0f,0f,-0.125f,0f,1.1449f,0.2995f,1.0488f,0f,0.3594f,-0.9541f,1.1742f,0f,0f,0f,1f],start_interpolation: 0,interpolation_duration: 1}
$data merge entity $(bone_foot_left) {transformation: [-1f,0f,0f,0.1562f,0f,0.085f,1.1574f,0.7735f,0f,1.0199f,-0.2302f,1.2435f,0f,0f,0f,1f],start_interpolation: 0,interpolation_duration: 1}
$data merge entity $(bone_leg_left3) {transformation: [-1f,0f,0f,0.1562f,0f,0.97f,0.6371f,0.87f,0f,0.4382f,-0.9493f,1.3644f,0f,0f,0f,1f],start_interpolation: 0,interpolation_duration: 1}
$data merge entity $(bone_leg_left2) {transformation: [-1f,0f,0f,0.1562f,0f,1.0653f,-0.4603f,1.0491f,0f,-0.5523f,-0.8878f,1.3024f,0f,0f,0f,1f],start_interpolation: 0,interpolation_duration: 1}
$data merge entity $(bone_leg_left) {transformation: [-1f,0f,0f,0.125f,0f,1.0653f,-0.4603f,1.1489f,0f,-0.5523f,-0.8878f,1.2506f,0f,0f,0f,1f],start_interpolation: 0,interpolation_duration: 1}