# This file was generated by Animated Java via MC-Build. It is not recommended to edit this file directly.
$data merge entity $(bone_head2) {transformation: [-0.9855f,0.0501f,0.1619f,-0.0589f,-0.0945f,0.6305f,-0.7704f,2.471f,-0.1407f,-0.7746f,-0.6166f,0.2318f,0f,0f,0f,1f],start_interpolation: 0,interpolation_duration: 1}
$data merge entity $(bone_head1) {transformation: [-0.9855f,-0.135f,0.1025f,-0.1209f,-0.0945f,0.9396f,0.329f,2.603f,-0.1407f,0.3145f,-0.9388f,0.5773f,0f,0f,0f,1f],start_interpolation: 0,interpolation_duration: 1}
$data merge entity $(bone_eyelid_right) {transformation: [-0.9851f,0.0485f,0.1653f,-0.1973f,-0.013f,0.9359f,-0.352f,2.4613f,-0.1717f,-0.3488f,-0.9213f,0.6523f,0f,0f,0f,1f],start_interpolation: 0,interpolation_duration: 1}
$data merge entity $(bone_eye_right) {transformation: [-0.9851f,0.0485f,0.1653f,-0.1973f,-0.013f,0.9359f,-0.352f,2.4613f,-0.1717f,-0.3488f,-0.9213f,0.6523f,0f,0f,0f,1f],start_interpolation: 0,interpolation_duration: 1}
$data merge entity $(bone_eyelid_left) {transformation: [-0.9785f,-0.1233f,0.1653f,0.0183f,-0.1753f,0.9195f,-0.352f,2.482f,-0.1086f,-0.3734f,-0.9213f,0.6831f,0f,0f,0f,1f],start_interpolation: 0,interpolation_duration: 1}
$data merge entity $(bone_eye_left) {transformation: [-0.9785f,-0.1233f,0.1653f,0.0183f,-0.1753f,0.9195f,-0.352f,2.482f,-0.1086f,-0.3734f,-0.9213f,0.6831f,0f,0f,0f,1f],start_interpolation: 0,interpolation_duration: 1}
$data merge entity $(bone_mouth_closed) {transformation: [-0.9855f,-0.0375f,0.1653f,-0.076f,-0.0945f,0.9312f,-0.352f,2.2147f,-0.1407f,-0.3625f,-0.9213f,0.5234f,0f,0f,0f,1f],start_interpolation: 0,interpolation_duration: 1}
$data merge entity $(bone_mouth_open) {transformation: [-0.9855f,-0.0375f,0.1653f,-0.0759f,-0.0945f,0.9312f,-0.352f,2.1878f,-0.1407f,-0.3625f,-0.9213f,0.5405f,0f,0f,0f,1f],start_interpolation: 0,interpolation_duration: 1}
$data merge entity $(bone_head) {transformation: [-0.9855f,-0.0375f,0.1653f,-0.0451f,-0.0945f,0.9312f,-0.352f,2.1908f,-0.1407f,-0.3625f,-0.9213f,0.5449f,0f,0f,0f,1f],start_interpolation: 0,interpolation_duration: 1}
$data merge entity $(bone_neck) {transformation: [-0.9002f,-0.142f,0.4117f,-0.034f,-0.3602f,0.7742f,-0.5205f,2.1303f,-0.2448f,-0.6168f,-0.7481f,0.5931f,0f,0f,0f,1f],start_interpolation: 0,interpolation_duration: 1}
$data merge entity $(bone_finger_left2) {transformation: [0.7502f,-0.6604f,0.0324f,0.3109f,0.603f,0.7035f,0.3762f,2.8662f,-0.2713f,-0.2627f,0.926f,0.6319f,0f,0f,0f,1f],start_interpolation: 0,interpolation_duration: 1}
$data merge entity $(bone_finger_left) {transformation: [0.6925f,0.7207f,0.0324f,0.3974f,-0.6765f,0.6331f,0.3762f,2.7817f,0.2506f,-0.2825f,0.926f,0.6632f,0f,0f,0f,1f],start_interpolation: 0,interpolation_duration: 1}
$data merge entity $(bone_finger_left4) {transformation: [0.7207f,-0.6927f,-0.0281f,0.3139f,0.6331f,0.6411f,0.4338f,2.8971f,-0.2825f,-0.3304f,0.9006f,0.7087f,0f,0f,0f,1f],start_interpolation: 0,interpolation_duration: 1}
$data merge entity $(bone_finger_left3) {transformation: [0.6927f,0.7207f,-0.0281f,0.4005f,-0.6411f,0.6331f,0.4338f,2.8169f,0.3304f,-0.2825f,0.9006f,0.75f,0f,0f,0f,1f],start_interpolation: 0,interpolation_duration: 1}
$data merge entity $(bone_thumb_left2) {transformation: [-0.3076f,-0.7491f,0.5867f,0.2566f,-0.9514f,0.2525f,-0.1765f,2.6857f,-0.0159f,-0.6125f,-0.7903f,0.586f,0f,0f,0f,1f],start_interpolation: 0,interpolation_duration: 1}
$data merge entity $(bone_thumb_left) {transformation: [-0.3076f,0.5192f,0.7974f,0.3659f,-0.9514f,-0.1538f,-0.2669f,2.6821f,-0.0159f,-0.8407f,0.5412f,0.6541f,0f,0f,0f,1f],start_interpolation: 0,interpolation_duration: 1}
$data merge entity $(bone_hand_left) {transformation: [-0.3195f,0.947f,0.0324f,0.2898f,-0.8739f,-0.3077f,0.3762f,2.682f,0.3663f,0.0919f,0.926f,0.7581f,0f,0f,0f,1f],start_interpolation: 0,interpolation_duration: 1}
$data merge entity $(bone_arm_left2) {transformation: [-0.4285f,0.9009f,-0.0685f,0.1784f,-0.8771f,-0.3965f,0.2711f,2.4797f,0.2171f,0.1763f,0.9601f,0.8724f,0f,0f,0f,1f],start_interpolation: 0,interpolation_duration: 1}
$data merge entity $(bone_arm_left) {transformation: [-0.2942f,0.926f,-0.2365f,0.1196f,-0.8981f,-0.3525f,-0.263f,2.2716f,-0.3269f,0.135f,0.9354f,0.7322f,0f,0f,0f,1f],start_interpolation: 0,interpolation_duration: 1}
$data merge entity $(bone_finger_right2) {transformation: [0.5705f,-0.2767f,0.7733f,-0.6342f,-0.034f,-0.9487f,-0.3143f,1.5107f,0.8206f,0.153f,-0.5506f,0.3604f,0f,0f,0f,1f],start_interpolation: 0,interpolation_duration: 1}
$data merge entity $(bone_finger_right) {transformation: [-0.2515f,-0.582f,0.7733f,-0.6028f,-0.9493f,-0.0074f,-0.3143f,1.6294f,0.1887f,-0.8131f,-0.5506f,0.3368f,0f,0f,0f,1f],start_interpolation: 0,interpolation_duration: 1}
$data merge entity $(bone_finger_right4) {transformation: [0.5321f,-0.3976f,0.7475f,-0.5611f,-0.0627f,-0.899f,-0.4335f,1.4893f,0.8444f,0.1838f,-0.5033f,0.3347f,0f,0f,0f,1f],start_interpolation: 0,interpolation_duration: 1}
$data merge entity $(bone_finger_right3) {transformation: [-0.2463f,-0.6169f,0.7475f,-0.5303f,-0.8846f,-0.1721f,-0.4335f,1.5999f,0.3961f,-0.768f,-0.5033f,0.2852f,0f,0f,0f,1f],start_interpolation: 0,interpolation_duration: 1}
$data merge entity $(bone_thumb_right2) {transformation: [-0.2721f,-0.7451f,-0.6089f,-0.6344f,-0.6596f,-0.3163f,0.6818f,1.6531f,-0.7006f,0.5872f,-0.4054f,0.5205f,0f,0f,0f,1f],start_interpolation: 0,interpolation_duration: 1}
$data merge entity $(bone_thumb_right) {transformation: [-0.2721f,-0.827f,0.4919f,-0.5814f,-0.6596f,0.5325f,0.5304f,1.6988f,-0.7006f,-0.1801f,-0.6904f,0.4123f,0f,0f,0f,1f],start_interpolation: 0,interpolation_duration: 1}
$data merge entity $(bone_hand_right) {transformation: [-0.6149f,-0.1548f,0.7733f,-0.4608f,-0.5838f,0.7486f,-0.3143f,1.659f,-0.5302f,-0.6447f,-0.5506f,0.4341f,0f,0f,0f,1f],start_interpolation: 0,interpolation_duration: 1}
$data merge entity $(bone_arm_right2) {transformation: [-0.6401f,-0.4318f,0.6354f,-0.261f,-0.7526f,0.5184f,-0.4059f,1.8218f,-0.1541f,-0.7381f,-0.6569f,0.4316f,0f,0f,0f,1f],start_interpolation: 0,interpolation_duration: 1}
$data merge entity $(bone_arm_right) {transformation: [-0.4596f,-0.4318f,0.7761f,-0.1946f,-0.8306f,0.5184f,-0.2034f,2.0422f,-0.3145f,-0.7381f,-0.5969f,0.5476f,0f,0f,0f,1f],start_interpolation: 0,interpolation_duration: 1}
$data merge entity $(bone_torso) {transformation: [-0.9002f,-0.0945f,0.4251f,0f,-0.3602f,0.7103f,-0.6048f,1.875f,-0.2448f,-0.6975f,-0.6735f,0.8438f,0f,0f,0f,1f],start_interpolation: 0,interpolation_duration: 1}
$data merge entity $(bone_foot_right) {transformation: [-1f,0f,0f,-0.1563f,0f,0.0246f,0.9997f,1.2831f,0f,0.9997f,-0.0246f,0.8064f,0f,0f,0f,1f],start_interpolation: 0,interpolation_duration: 1}
$data merge entity $(bone_leg_right3) {transformation: [-1f,0f,0f,-0.1563f,0f,0.9045f,0.4265f,1.3836f,0f,0.4265f,-0.9045f,0.9229f,0f,0f,0f,1f],start_interpolation: 0,interpolation_duration: 1}
$data merge entity $(bone_leg_right2) {transformation: [-1f,0f,0f,-0.1563f,0f,0.998f,0.0624f,1.5727f,0f,0.0624f,-0.998f,0.9034f,0f,0f,0f,1f],start_interpolation: 0,interpolation_duration: 1}
$data merge entity $(bone_leg_right) {transformation: [-1f,0f,0f,-0.125f,0f,0.998f,0.0624f,1.6663f,0f,0.0624f,-0.998f,0.9092f,0f,0f,0f,1f],start_interpolation: 0,interpolation_duration: 1}
$data merge entity $(bone_foot_left) {transformation: [-1f,0f,0f,0.1562f,0f,0.6417f,0.7669f,1.6309f,0f,0.7669f,-0.6417f,1.1591f,0f,0f,0f,1f],start_interpolation: 0,interpolation_duration: 1}
$data merge entity $(bone_leg_left3) {transformation: [-1f,0f,0f,0.1562f,0f,0.9991f,-0.0422f,1.774f,0f,-0.0422f,-0.9991f,1.2156f,0f,0f,0f,1f],start_interpolation: 0,interpolation_duration: 1}
$data merge entity $(bone_leg_left2) {transformation: [-1f,0f,0f,0.1562f,0f,0.045f,-0.999f,1.8279f,0f,-0.999f,-0.045f,1.0616f,0f,0f,0f,1f],start_interpolation: 0,interpolation_duration: 1}
$data merge entity $(bone_leg_left) {transformation: [-1f,0f,0f,0.125f,0f,0.045f,-0.999f,1.8321f,0f,-0.999f,-0.045f,0.9679f,0f,0f,0f,1f],start_interpolation: 0,interpolation_duration: 1}