# This file was generated by Animated Java via MC-Build. It is not recommended to edit this file directly.
$data merge entity $(bone_head2) {transformation: [-0.9879f,0.0591f,0.1431f,-0.0523f,-0.0702f,0.6531f,-0.7541f,2.4845f,-0.138f,-0.755f,-0.641f,0.2284f,0f,0f,0f,1f],start_interpolation: 0,interpolation_duration: 1}
$data merge entity $(bone_head1) {transformation: [-0.9879f,-0.1143f,0.1045f,-0.1098f,-0.0702f,0.9319f,0.3558f,2.6069f,-0.138f,0.3441f,-0.9287f,0.5782f,0f,0f,0f,1f],start_interpolation: 0,interpolation_duration: 1}
$data merge entity $(bone_eyelid_right) {transformation: [-0.986f,0.0658f,0.1535f,-0.1887f,0.0122f,0.9451f,-0.3265f,2.4646f,-0.1665f,-0.32f,-0.9327f,0.6492f,0f,0f,0f,1f],start_interpolation: 0,interpolation_duration: 1}
$data merge entity $(bone_eye_right) {transformation: [-0.986f,0.0658f,0.1535f,-0.1887f,0.0122f,0.9451f,-0.3265f,2.4646f,-0.1665f,-0.32f,-0.9327f,0.6492f,0f,0f,0f,1f],start_interpolation: 0,interpolation_duration: 1}
$data merge entity $(bone_eyelid_left) {transformation: [-0.9824f,-0.1064f,0.1535f,0.0274f,-0.1521f,0.9329f,-0.3265f,2.4799f,-0.1084f,-0.3441f,-0.9327f,0.6794f,0f,0f,0f,1f],start_interpolation: 0,interpolation_duration: 1}
$data merge entity $(bone_eye_left) {transformation: [-0.9824f,-0.1064f,0.1535f,0.0274f,-0.1521f,0.9329f,-0.3265f,2.4799f,-0.1084f,-0.3441f,-0.9327f,0.6794f,0f,0f,0f,1f],start_interpolation: 0,interpolation_duration: 1}
$data merge entity $(bone_mouth_closed) {transformation: [-0.9879f,-0.0204f,0.1535f,-0.0731f,-0.0702f,0.9426f,-0.3265f,2.2196f,-0.138f,-0.3333f,-0.9327f,0.512f,0f,0f,0f,1f],start_interpolation: 0,interpolation_duration: 1}
$data merge entity $(bone_mouth_open) {transformation: [-0.9879f,-0.0204f,0.1535f,-0.0734f,-0.0702f,0.9426f,-0.3265f,2.1922f,-0.138f,-0.3333f,-0.9327f,0.5283f,0f,0f,0f,1f],start_interpolation: 0,interpolation_duration: 1}
$data merge entity $(bone_head) {transformation: [-0.9879f,-0.0204f,0.1535f,-0.0425f,-0.0702f,0.9426f,-0.3265f,2.1944f,-0.138f,-0.3333f,-0.9327f,0.5326f,0f,0f,0f,1f],start_interpolation: 0,interpolation_duration: 1}
$data merge entity $(bone_neck) {transformation: [-0.905f,-0.1325f,0.4043f,-0.0322f,-0.3451f,0.7844f,-0.5153f,2.1331f,-0.2489f,-0.6059f,-0.7556f,0.5799f,0f,0f,0f,1f],start_interpolation: 0,interpolation_duration: 1}
$data merge entity $(bone_finger_left2) {transformation: [0.7546f,-0.65f,0.0904f,0.3312f,0.5959f,0.7364f,0.3204f,2.8664f,-0.2748f,-0.1879f,0.943f,0.6335f,0f,0f,0f,1f],start_interpolation: 0,interpolation_duration: 1}
$data merge entity $(bone_finger_left) {transformation: [0.6823f,0.7255f,0.0904f,0.4165f,-0.7097f,0.6275f,0.3204f,2.7777f,0.1757f,-0.2827f,0.943f,0.6555f,0f,0f,0f,1f],start_interpolation: 0,interpolation_duration: 1}
$data merge entity $(bone_finger_left4) {transformation: [0.7255f,-0.6876f,0.0306f,0.339f,0.6275f,0.679f,0.381f,2.8926f,-0.2827f,-0.2572f,0.9241f,0.7117f,0f,0f,0f,1f],start_interpolation: 0,interpolation_duration: 1}
$data merge entity $(bone_finger_left3) {transformation: [0.6876f,0.7255f,0.0306f,0.4249f,-0.679f,0.6275f,0.381f,2.8077f,0.2572f,-0.2827f,0.9241f,0.7439f,0f,0f,0f,1f],start_interpolation: 0,interpolation_duration: 1}
$data merge entity $(bone_thumb_left2) {transformation: [-0.3381f,-0.7703f,0.5407f,0.2691f,-0.9396f,0.3093f,-0.1468f,2.6905f,-0.0542f,-0.5577f,-0.8283f,0.5803f,0f,0f,0f,1f],start_interpolation: 0,interpolation_duration: 1}
$data merge entity $(bone_thumb_left) {transformation: [-0.3381f,0.4716f,0.8145f,0.3814f,-0.9396f,-0.1192f,-0.3209f,2.6798f,-0.0542f,-0.8737f,0.4834f,0.6424f,0f,0f,0f,1f],start_interpolation: 0,interpolation_duration: 1}
$data merge entity $(bone_hand_left) {transformation: [-0.3285f,0.9402f,0.0904f,0.3106f,-0.8843f,-0.3397f,0.3204f,2.6758f,0.3319f,0.0253f,0.943f,0.75f,0f,0f,0f,1f],start_interpolation: 0,interpolation_duration: 1}
$data merge entity $(bone_arm_left2) {transformation: [-0.4448f,0.8956f,-0.012f,0.1987f,-0.8756f,-0.4319f,0.2164f,2.4704f,0.1886f,0.1068f,0.9762f,0.8581f,0f,0f,0f,1f],start_interpolation: 0,interpolation_duration: 1}
$data merge entity $(bone_arm_left) {transformation: [-0.3484f,0.9206f,-0.1762f,0.1226f,-0.8839f,-0.3852f,-0.2652f,2.266f,-0.312f,0.0634f,0.948f,0.7209f,0f,0f,0f,1f],start_interpolation: 0,interpolation_duration: 1}
$data merge entity $(bone_finger_right2) {transformation: [0.5378f,-0.4096f,0.7369f,-0.7024f,-0.1465f,-0.9061f,-0.3968f,1.5915f,0.8303f,0.1055f,-0.5473f,0.3163f,0f,0f,0f,1f],start_interpolation: 0,interpolation_duration: 1}
$data merge entity $(bone_finger_right) {transformation: [-0.3858f,-0.5551f,0.7369f,-0.6542f,-0.9117f,0.1068f,-0.3968f,1.7054f,0.1416f,-0.8249f,-0.5473f,0.2986f,0f,0f,0f,1f],start_interpolation: 0,interpolation_duration: 1}
$data merge entity $(bone_finger_right4) {transformation: [0.4951f,-0.5233f,0.6936f,-0.6323f,-0.1704f,-0.8413f,-0.5131f,1.5611f,0.852f,0.1358f,-0.5057f,0.2912f,0f,0f,0f,1f],start_interpolation: 0,interpolation_duration: 1}
$data merge entity $(bone_finger_right3) {transformation: [-0.3773f,-0.6137f,0.6936f,-0.5851f,-0.8567f,-0.0531f,-0.5131f,1.6682f,0.3517f,-0.7878f,-0.5057f,0.2473f,0f,0f,0f,1f],start_interpolation: 0,interpolation_duration: 1}
$data merge entity $(bone_thumb_right2) {transformation: [-0.3419f,-0.7974f,-0.4972f,-0.6872f,-0.5863f,-0.2325f,0.776f,1.726f,-0.7344f,0.5568f,-0.3881f,0.4824f,0f,0f,0f,1f],start_interpolation: 0,interpolation_duration: 1}
$data merge entity $(bone_thumb_right) {transformation: [-0.3419f,-0.74f,0.5793f,-0.6254f,-0.5863f,0.6497f,0.4839f,1.7681f,-0.7344f,-0.1742f,-0.656f,0.3775f,0f,0f,0f,1f],start_interpolation: 0,interpolation_duration: 1}
$data merge entity $(bone_hand_right) {transformation: [-0.6753f,-0.0319f,0.7369f,-0.5122f,-0.4703f,0.7883f,-0.3968f,1.711f,-0.5682f,-0.6145f,-0.5473f,0.4001f,0f,0f,0f,1f],start_interpolation: 0,interpolation_duration: 1}
$data merge entity $(bone_arm_right2) {transformation: [-0.7339f,-0.3355f,0.5906f,-0.2918f,-0.649f,0.603f,-0.4639f,1.8443f,-0.2005f,-0.7238f,-0.6603f,0.409f,0f,0f,0f,1f],start_interpolation: 0,interpolation_duration: 1}
$data merge entity $(bone_arm_right) {transformation: [-0.5773f,-0.3355f,0.7444f,-0.194f,-0.7387f,0.603f,-0.3011f,2.0478f,-0.3478f,-0.7238f,-0.596f,0.5332f,0f,0f,0f,1f],start_interpolation: 0,interpolation_duration: 1}
$data merge entity $(bone_torso) {transformation: [-0.905f,-0.0895f,0.416f,0f,-0.3451f,0.7263f,-0.5945f,1.8721f,-0.2489f,-0.6816f,-0.6881f,0.8249f,0f,0f,0f,1f],start_interpolation: 0,interpolation_duration: 1}
$data merge entity $(bone_foot_right) {transformation: [-1f,0f,0f,-0.1563f,0f,0.0438f,0.999f,1.279f,0f,0.999f,-0.0438f,0.7981f,0f,0f,0f,1f],start_interpolation: 0,interpolation_duration: 1}
$data merge entity $(bone_leg_right3) {transformation: [-1f,0f,0f,-0.1563f,0f,0.9113f,0.4117f,1.3814f,0f,0.4117f,-0.9113f,0.913f,0f,0f,0f,1f],start_interpolation: 0,interpolation_duration: 1}
$data merge entity $(bone_leg_right2) {transformation: [-1f,0f,0f,-0.1563f,0f,0.9995f,0.0316f,1.5698f,0f,0.0316f,-0.9995f,0.8877f,0f,0f,0f,1f],start_interpolation: 0,interpolation_duration: 1}
$data merge entity $(bone_leg_right) {transformation: [-1f,0f,0f,-0.125f,0f,0.9995f,0.0316f,1.6635f,0f,0.0316f,-0.9995f,0.8907f,0f,0f,0f,1f],start_interpolation: 0,interpolation_duration: 1}
$data merge entity $(bone_foot_left) {transformation: [-1f,0f,0f,0.1562f,0f,0.6428f,0.766f,1.6284f,0f,0.766f,-0.6428f,1.1405f,0f,0f,0f,1f],start_interpolation: 0,interpolation_duration: 1}
$data merge entity $(bone_leg_left3) {transformation: [-1f,0f,0f,0.1562f,0f,0.999f,-0.0436f,1.7716f,0f,-0.0436f,-0.999f,1.1968f,0f,0f,0f,1f],start_interpolation: 0,interpolation_duration: 1}
$data merge entity $(bone_leg_left2) {transformation: [-1f,0f,0f,0.1562f,0f,0.0436f,-0.999f,1.8253f,0f,-0.999f,-0.0436f,1.0428f,0f,0f,0f,1f],start_interpolation: 0,interpolation_duration: 1}
$data merge entity $(bone_leg_left) {transformation: [-1f,0f,0f,0.125f,0f,0.0436f,-0.999f,1.8294f,0f,-0.999f,-0.0436f,0.9491f,0f,0f,0f,1f],start_interpolation: 0,interpolation_duration: 1}