# This file was generated by Animated Java via MC-Build. It is not recommended to edit this file directly.
$data merge entity $(bone_head2) {transformation: [-0.9994f,0.0069f,-0.0336f,-0.0483f,0.0238f,0.8446f,-0.5348f,1.2651f,0.0247f,-0.5353f,-0.8443f,-1.8103f,0f,0f,0f,1f],start_interpolation: 0,interpolation_duration: 1}
$data merge entity $(bone_head1) {transformation: [-0.9994f,0.0339f,-0.005f,-0.0387f,0.0238f,0.7914f,0.6108f,1.2804f,0.0247f,0.6103f,-0.7918f,-1.4357f,0f,0f,0f,1f],start_interpolation: 0,interpolation_duration: 1}
$data merge entity $(bone_eyelid_right) {transformation: [-0.9936f,0.1098f,-0.0257f,-0.1197f,0.1108f,0.993f,-0.0408f,1.1272f,0.021f,-0.0434f,-0.9988f,-1.4018f,0f,0f,0f,1f],start_interpolation: 0,interpolation_duration: 1}
$data merge entity $(bone_eye_right) {transformation: [-0.9936f,0.1098f,-0.0257f,-0.1195f,0.1108f,0.993f,-0.0408f,1.1275f,0.021f,-0.0434f,-0.9988f,-1.3955f,0f,0f,0f,1f],start_interpolation: 0,interpolation_duration: 1}
$data merge entity $(bone_eyelid_left) {transformation: [-0.9976f,-0.0644f,-0.0257f,0.0989f,-0.0634f,0.9972f,-0.0408f,1.122f,0.0282f,-0.0391f,-0.9988f,-1.4072f,0f,0f,0f,1f],start_interpolation: 0,interpolation_duration: 1}
$data merge entity $(bone_eye_left) {transformation: [-0.9976f,-0.0644f,-0.0257f,0.0991f,-0.0634f,0.9972f,-0.0408f,1.1223f,0.0282f,-0.0391f,-0.9988f,-1.4009f,0f,0f,0f,1f],start_interpolation: 0,interpolation_duration: 1}
$data merge entity $(bone_mouth_closed) {transformation: [-0.9994f,0.0228f,-0.0257f,-0.0514f,0.0238f,0.9989f,-0.0408f,0.9294f,0.0247f,-0.0414f,-0.9988f,-1.6088f,0f,0f,0f,1f],start_interpolation: 0,interpolation_duration: 1}
$data merge entity $(bone_mouth_open) {transformation: [-0.9994f,0.0228f,-0.0257f,-0.0522f,0.0238f,0.9989f,-0.0408f,0.8979f,0.0247f,-0.0414f,-0.9988f,-1.6137f,0f,0f,0f,1f],start_interpolation: 0,interpolation_duration: 1}
$data merge entity $(bone_head) {transformation: [-0.9994f,0.0228f,-0.0257f,-0.0208f,0.0238f,0.9989f,-0.0408f,0.8974f,0.0247f,-0.0414f,-0.9988f,-1.6083f,0f,0f,0f,1f],start_interpolation: 0,interpolation_duration: 1}
$data merge entity $(bone_neck) {transformation: [-0.9892f,-0.1457f,-0.014f,-0.0095f,-0.1464f,0.9841f,0.101f,0.8205f,-0.001f,0.1019f,-0.9948f,-1.6162f,0f,0f,0f,1f],start_interpolation: 0,interpolation_duration: 1}
$data merge entity $(bone_finger_left2) {transformation: [0.5568f,0.2954f,0.7763f,0.6283f,0.6832f,-0.6945f,-0.2258f,0.8564f,0.4725f,0.6561f,-0.5885f,-1.0575f,0f,0f,0f,1f],start_interpolation: 0,interpolation_duration: 1}
$data merge entity $(bone_finger_left) {transformation: [-0.2708f,0.5692f,0.7763f,0.5945f,0.7236f,0.6522f,-0.2258f,0.9469f,-0.6348f,0.5006f,-0.5885f,-1.1369f,0f,0f,0f,1f],start_interpolation: 0,interpolation_duration: 1}
$data merge entity $(bone_finger_left4) {transformation: [0.5692f,0.2021f,0.797f,0.6925f,0.6522f,-0.7012f,-0.288f,0.8381f,0.5006f,0.6837f,-0.5309f,-1.1066f,0f,0f,0f,1f],start_interpolation: 0,interpolation_duration: 1}
$data merge entity $(bone_finger_left3) {transformation: [-0.2021f,0.5692f,0.797f,0.6673f,0.7012f,0.6522f,-0.288f,0.9257f,-0.6837f,0.5006f,-0.5309f,-1.192f,0f,0f,0f,1f],start_interpolation: 0,interpolation_duration: 1}
$data merge entity $(bone_thumb_left2) {transformation: [-0.8791f,-0.2749f,-0.3895f,0.4416f,-0.1394f,-0.633f,0.7615f,0.8431f,-0.4559f,0.7237f,0.5181f,-1.1082f,0f,0f,0f,1f],start_interpolation: 0,interpolation_duration: 1}
$data merge entity $(bone_thumb_left) {transformation: [-0.8791f,-0.4119f,0.2399f,0.499f,-0.1394f,0.7034f,0.697f,0.9346f,-0.4559f,0.5792f,-0.6758f,-1.1784f,0f,0f,0f,1f],start_interpolation: 0,interpolation_duration: 1}
$data merge entity $(bone_hand_left) {transformation: [-0.6299f,0.0226f,0.7763f,0.531f,-0.2444f,0.943f,-0.2258f,0.8392f,-0.7372f,-0.3319f,-0.5885f,-1.2589f,0f,0f,0f,1f],start_interpolation: 0,interpolation_duration: 1}
$data merge entity $(bone_arm_left2) {transformation: [-0.7327f,-0.0216f,0.6802f,0.3904f,-0.3173f,0.8951f,-0.3133f,0.7403f,-0.6021f,-0.4454f,-0.6627f,-1.4508f,0f,0f,0f,1f],start_interpolation: 0,interpolation_duration: 1}
$data merge entity $(bone_arm_left) {transformation: [-0.867f,0.265f,0.4219f,0.1473f,0.1941f,0.9596f,-0.2039f,0.8015f,-0.4589f,-0.0949f,-0.8834f,-1.5103f,0f,0f,0f,1f],start_interpolation: 0,interpolation_duration: 1}
$data merge entity $(bone_finger_right2) {transformation: [0.2986f,-0.924f,-0.2389f,-0.758f,-0.9286f,-0.3391f,0.1508f,1.0257f,-0.2204f,0.1768f,-0.9593f,-1.7037f,0f,0f,0f,1f],start_interpolation: 0,interpolation_duration: 1}
$data merge entity $(bone_finger_right) {transformation: [-0.9101f,-0.3387f,-0.2389f,-0.6442f,-0.3793f,0.9129f,0.1508f,1.0732f,0.167f,0.2279f,-0.9593f,-1.7246f,0f,0f,0f,1f],start_interpolation: 0,interpolation_duration: 1}
$data merge entity $(bone_finger_right4) {transformation: [0.268f,-0.8991f,-0.3462f,-0.7665f,-0.9464f,-0.3129f,0.0801f,1.0189f,-0.1803f,0.3061f,-0.9348f,-1.7834f,0f,0f,0f,1f],start_interpolation: 0,interpolation_duration: 1}
$data merge entity $(bone_finger_right3) {transformation: [-0.7991f,-0.4915f,-0.3462f,-0.6666f,-0.5472f,0.8332f,0.0801f,1.0873f,0.249f,0.2534f,-0.9348f,-1.8145f,0f,0f,0f,1f],start_interpolation: 0,interpolation_duration: 1}
$data merge entity $(bone_thumb_right2) {transformation: [-0.8515f,-0.3394f,0.3997f,-0.5863f,0.5135f,-0.3855f,0.7666f,0.9257f,-0.1061f,0.858f,0.5026f,-1.6235f,0f,0f,0f,1f],start_interpolation: 0,interpolation_duration: 1}
$data merge entity $(bone_thumb_right) {transformation: [-0.8515f,0.2595f,0.4557f,-0.5559f,0.5135f,0.5885f,0.6244f,1.0198f,-0.1061f,0.7657f,-0.6344f,-1.7061f,0f,0f,0f,1f],start_interpolation: 0,interpolation_duration: 1}
$data merge entity $(bone_hand_right) {transformation: [-0.8227f,0.5159f,-0.2389f,-0.5591f,0.4934f,0.8567f,0.1508f,0.9496f,0.2825f,0.0062f,-0.9593f,-1.8141f,0f,0f,0f,1f],start_interpolation: 0,interpolation_duration: 1}
$data merge entity $(bone_arm_right2) {transformation: [-0.8544f,0.5159f,-0.0624f,-0.3494f,0.5119f,0.8562f,0.0696f,0.826f,0.0893f,0.0275f,-0.9956f,-1.8986f,0f,0f,0f,1f],start_interpolation: 0,interpolation_duration: 1}
$data merge entity $(bone_arm_right) {transformation: [-0.8743f,0.2653f,0.4065f,-0.1563f,0.1899f,0.9577f,-0.2164f,0.792f,-0.4467f,-0.112f,-0.8877f,-1.7315f,0f,0f,0f,1f],start_interpolation: 0,interpolation_duration: 1}
$data merge entity $(bone_torso) {transformation: [-0.8314f,-0.0263f,0.5551f,0f,-0.0649f,0.9966f,-0.0499f,0.4624f,-0.5519f,-0.0775f,-0.8303f,-1.5884f,0f,0f,0f,1f],start_interpolation: 0,interpolation_duration: 1}
$data merge entity $(bone_foot_right) {transformation: [-0.8652f,0.087f,0.4938f,-0.1439f,0.0626f,0.9959f,-0.0658f,0.0969f,-0.4975f,-0.026f,-0.8671f,-1.6784f,0f,0f,0f,1f],start_interpolation: 0,interpolation_duration: 1}
$data merge entity $(bone_leg_right3) {transformation: [-0.8652f,-0.2695f,0.4229f,-0.2082f,0.0626f,0.7787f,0.6243f,0.1674f,-0.4975f,0.5666f,-0.6569f,-1.5576f,0f,0f,0f,1f],start_interpolation: 0,interpolation_duration: 1}
$data merge entity $(bone_leg_right2) {transformation: [-0.8652f,0.2315f,0.4448f,-0.1581f,0.0626f,0.93f,-0.3622f,0.3014f,-0.4975f,-0.2856f,-0.8191f,-1.6278f,0f,0f,0f,1f],start_interpolation: 0,interpolation_duration: 1}
$data merge entity $(bone_leg_right) {transformation: [-0.8652f,0.2315f,0.4448f,-0.1094f,0.0626f,0.93f,-0.3622f,0.3867f,-0.4975f,-0.2856f,-0.8191f,-1.6391f,0f,0f,0f,1f],start_interpolation: 0,interpolation_duration: 1}
$data merge entity $(bone_foot_left) {transformation: [-0.992f,-0.1043f,-0.0713f,0.2224f,-0.1253f,0.8836f,0.4512f,0.1772f,0.016f,0.4566f,-0.8895f,-1.2993f,0f,0f,0f,1f],start_interpolation: 0,interpolation_duration: 1}
$data merge entity $(bone_leg_left3) {transformation: [-0.8991f,-0.4374f,-0.0172f,0.162f,-0.4376f,0.8991f,0.0085f,0.3031f,0.0117f,0.0152f,-0.9998f,-1.2347f,0f,0f,0f,1f],start_interpolation: 0,interpolation_duration: 1}
$data merge entity $(bone_leg_left2) {transformation: [-0.887f,-0.2132f,0.4096f,0.1415f,-0.4612f,0.4531f,-0.7629f,0.35f,-0.0229f,-0.8656f,-0.5003f,-1.3855f,0f,0f,0f,1f],start_interpolation: 0,interpolation_duration: 1}
$data merge entity $(bone_leg_left) {transformation: [-0.887f,-0.2132f,0.4096f,0.0938f,-0.4612f,0.4531f,-0.7629f,0.3781f,-0.0229f,-0.8656f,-0.5003f,-1.4674f,0f,0f,0f,1f],start_interpolation: 0,interpolation_duration: 1}