# This file was generated by Animated Java via MC-Build. It is not recommended to edit this file directly.
$data merge entity $(bone_eyelid_right) {transformation: [-0.9968f,0.0795f,0.0047f,-0.1477f,0.079f,0.9801f,0.1821f,1.1282f,0.0099f,0.1819f,-0.9833f,0.2953f,0f,0f,0f,1f],start_interpolation: 0,interpolation_duration: 1}
$data merge entity $(bone_eye_right) {transformation: [-0.9968f,0.0795f,0.0047f,-0.1477f,0.079f,0.9801f,0.1821f,1.1285f,0.0099f,0.1819f,-0.9833f,0.2938f,0f,0f,0f,1f],start_interpolation: 0,interpolation_duration: 1}
$data merge entity $(bone_eyelid_left) {transformation: [-0.9955f,-0.0948f,0.0047f,-0.1467f,-0.0924f,0.9789f,0.1821f,1.1098f,-0.0219f,0.1808f,-0.9833f,0.2903f,0f,0f,0f,1f],start_interpolation: 0,interpolation_duration: 1}
$data merge entity $(bone_eye_left) {transformation: [-0.9955f,-0.0948f,0.0047f,0.071f,-0.0924f,0.9789f,0.1821f,1.13f,-0.0219f,0.1808f,-0.9833f,0.2951f,0f,0f,0f,1f],start_interpolation: 0,interpolation_duration: 1}
$data merge entity $(bone_mouth_closed) {transformation: [-1f,-0.0077f,0.0047f,-0.0671f,-0.0067f,0.9833f,0.1821f,0.9846f,-0.006f,0.182f,-0.9833f,0.0444f,0f,0f,0f,1f],start_interpolation: 0,interpolation_duration: 1}
$data merge entity $(bone_mouth_open) {transformation: [-1f,-0.0077f,0.0047f,-0.0668f,-0.0067f,0.9833f,0.1821f,0.955f,-0.006f,0.182f,-0.9833f,0.0326f,0f,0f,0f,1f],start_interpolation: 0,interpolation_duration: 1}
$data merge entity $(bone_head) {transformation: [-1f,-0.0077f,0.0047f,-0.0356f,-0.0067f,0.9833f,0.1821f,0.9541f,-0.006f,0.182f,-0.9833f,0.0389f,0f,0f,0f,1f],start_interpolation: 0,interpolation_duration: 1}
$data merge entity $(bone_neck) {transformation: [-0.9837f,-0.1795f,-0.0146f,-0.0216f,-0.1767f,0.9468f,0.2691f,0.8801f,-0.0345f,0.2673f,-0.963f,0.018f,0f,0f,0f,1f],start_interpolation: 0,interpolation_duration: 1}
$data merge entity $(bone_finger_left2) {transformation: [-0.048f,-0.4795f,0.8762f,0.1396f,0.4913f,-0.7751f,-0.3973f,0.787f,0.8697f,0.4114f,0.2728f,0.6697f,0f,0f,0f,1f],start_interpolation: 0,interpolation_duration: 1}
$data merge entity $(bone_finger_left) {transformation: [0.477f,-0.0689f,0.8762f,0.1992f,0.7958f,0.457f,-0.3973f,0.8865f,-0.3731f,0.8868f,0.2728f,0.6231f,0f,0f,0f,1f],start_interpolation: 0,interpolation_duration: 1}
$data merge entity $(bone_finger_left4) {transformation: [-0.0689f,-0.5515f,0.8313f,0.2124f,0.457f,-0.7581f,-0.4651f,0.7545f,0.8868f,0.3479f,0.3043f,0.6921f,0f,0f,0f,1f],start_interpolation: 0,interpolation_duration: 1}
$data merge entity $(bone_finger_left3) {transformation: [0.5515f,-0.0689f,0.8313f,0.2813f,0.7581f,0.457f,-0.4651f,0.8493f,-0.3479f,0.8868f,0.3043f,0.6486f,0f,0f,0f,1f],start_interpolation: 0,interpolation_duration: 1}
$data merge entity $(bone_thumb_left2) {transformation: [-0.0754f,-0.8228f,-0.5633f,0.0858f,0.117f,-0.5683f,0.8144f,0.8256f,-0.9903f,-0.0045f,0.1391f,0.4873f,0f,0f,0f,1f],start_interpolation: 0,interpolation_duration: 1}
$data merge entity $(bone_thumb_left) {transformation: [-0.0754f,-0.6329f,0.7706f,0.1845f,0.117f,0.7618f,0.6371f,0.9016f,-0.9903f,0.1382f,0.0166f,0.5204f,0f,0f,0f,1f],start_interpolation: 0,interpolation_duration: 1}
$data merge entity $(bone_hand_left) {transformation: [0.2814f,0.3913f,0.8762f,0.2598f,-0.0379f,0.9169f,-0.3973f,0.8047f,-0.9589f,0.0785f,0.2728f,0.4811f,0f,0f,0f,1f],start_interpolation: 0,interpolation_duration: 1}
$data merge entity $(bone_arm_left2) {transformation: [0.1073f,0.4375f,0.8928f,0.3424f,-0.0916f,0.8985f,-0.4293f,0.7549f,-0.99f,-0.0357f,0.1365f,0.2421f,0f,0f,0f,1f],start_interpolation: 0,interpolation_duration: 1}
$data merge entity $(bone_arm_left) {transformation: [-0.6483f,0.423f,0.6331f,0.1408f,0.3053f,0.9061f,-0.2928f,0.8496f,-0.6975f,0.0035f,-0.7166f,0.1126f,0f,0f,0f,1f],start_interpolation: 0,interpolation_duration: 1}
$data merge entity $(bone_finger_right2) {transformation: [0.8015f,-0.2548f,-0.541f,-0.6038f,-0.5705f,-0.5973f,-0.5638f,0.7331f,-0.1795f,0.7605f,-0.6241f,0.0856f,0f,0f,0f,1f],start_interpolation: 0,interpolation_duration: 1}
$data merge entity $(bone_finger_right) {transformation: [-0.2196f,-0.8118f,-0.541f,-0.5763f,-0.6216f,0.5439f,-0.5638f,0.8108f,0.7519f,0.2125f,-0.6241f,-0.0084f,0f,0f,0f,1f],start_interpolation: 0,interpolation_duration: 1}
$data merge entity $(bone_finger_right4) {transformation: [0.808f,-0.2207f,-0.5462f,-0.6276f,-0.5754f,-0.4949f,-0.6512f,0.6796f,-0.1266f,0.8404f,-0.5269f,0.0305f,0f,0f,0f,1f],start_interpolation: 0,interpolation_duration: 1}
$data merge entity $(bone_finger_right3) {transformation: [-0.0041f,-0.8376f,-0.5462f,-0.627f,-0.627f,0.4277f,-0.6512f,0.758f,0.779f,0.3398f,-0.5269f,-0.0669f,0f,0f,0f,1f],start_interpolation: 0,interpolation_duration: 1}
$data merge entity $(bone_thumb_right2) {transformation: [-0.9256f,0.3351f,-0.176f,-0.4022f,-0.1667f,0.0565f,0.9844f,0.8021f,0.3398f,0.9405f,0.0035f,0.0619f,0f,0f,0f,1f],start_interpolation: 0,interpolation_duration: 1}
$data merge entity $(bone_thumb_right) {transformation: [-0.9256f,-0.0508f,-0.3751f,-0.478f,-0.1667f,0.9444f,0.2836f,0.8323f,0.3398f,0.325f,-0.8826f,-0.0378f,0f,0f,0f,1f],start_interpolation: 0,interpolation_duration: 1}
$data merge entity $(bone_hand_right) {transformation: [-0.7778f,-0.32f,-0.541f,-0.4602f,0.0531f,0.8242f,-0.5638f,0.7246f,0.6263f,-0.4672f,-0.6241f,-0.1063f,0f,0f,0f,1f],start_interpolation: 0,interpolation_duration: 1}
$data merge entity $(bone_arm_right2) {transformation: [-0.8437f,-0.3888f,-0.37f,-0.2724f,-0.1141f,0.8035f,-0.5842f,0.7166f,0.5245f,-0.4507f,-0.7223f,-0.2825f,0f,0f,0f,1f],start_interpolation: 0,interpolation_duration: 1}
$data merge entity $(bone_arm_right) {transformation: [-0.582f,-0.4985f,0.6424f,-0.167f,-0.6146f,0.787f,0.0539f,0.8669f,-0.5325f,-0.3635f,-0.7645f,-0.1017f,0f,0f,0f,1f],start_interpolation: 0,interpolation_duration: 1}
$data merge entity $(bone_torso) {transformation: [-0.8271f,-0.0601f,0.5588f,0f,0.003f,0.9938f,0.1112f,0.523f,-0.562f,0.0937f,-0.8218f,-0.0156f,0f,0f,0f,1f],start_interpolation: 0,interpolation_duration: 1}
$data merge entity $(bone_foot_right) {transformation: [-0.4344f,-0.232f,0.8703f,-0.1136f,0.0145f,0.9643f,0.2643f,0.1602f,-0.9006f,0.1274f,-0.4155f,-0.1981f,0f,0f,0f,1f],start_interpolation: 0,interpolation_duration: 1}
$data merge entity $(bone_leg_right3) {transformation: [-0.4531f,-0.4922f,0.7432f,-0.2275f,0.2305f,0.7407f,0.6311f,0.2241f,-0.8611f,0.4573f,-0.2222f,-0.1165f,0f,0f,0f,1f],start_interpolation: 0,interpolation_duration: 1}
$data merge entity $(bone_leg_right2) {transformation: [-0.4946f,0.3093f,0.8122f,-0.1538f,0.3387f,0.9292f,-0.1476f,0.3646f,-0.8004f,0.2021f,-0.5644f,-0.1026f,0f,0f,0f,1f],start_interpolation: 0,interpolation_duration: 1}
$data merge entity $(bone_leg_right) {transformation: [-0.4946f,0.3093f,0.8122f,-0.1094f,0.3387f,0.9292f,-0.1476f,0.4412f,-0.8004f,0.2021f,-0.5644f,-0.0586f,0f,0f,0f,1f],start_interpolation: 0,interpolation_duration: 1}
$data merge entity $(bone_foot_left) {transformation: [-0.941f,0.0445f,-0.3354f,0.121f,0.0154f,0.9959f,0.0889f,0.1312f,0.338f,0.0784f,-0.9379f,0.1043f,0f,0f,0f,1f],start_interpolation: 0,interpolation_duration: 1}
$data merge entity $(bone_leg_left3) {transformation: [-0.941f,0.1762f,-0.2889f,0.1644f,0.0154f,0.8752f,0.4836f,0.2231f,0.338f,0.4506f,-0.8263f,0.2209f,0f,0f,0f,1f],start_interpolation: 0,interpolation_duration: 1}
$data merge entity $(bone_leg_left2) {transformation: [-0.9537f,-0.113f,-0.2787f,0.138f,0.0051f,0.9205f,-0.3906f,0.3547f,0.3007f,-0.374f,-0.8773f,0.135f,0f,0f,0f,1f],start_interpolation: 0,interpolation_duration: 1}
$data merge entity $(bone_leg_left) {transformation: [-0.9537f,-0.113f,-0.2787f,0.0976f,0.0051f,0.9205f,-0.3906f,0.4412f,0.3007f,-0.374f,-0.8773f,0.1094f,0f,0f,0f,1f],start_interpolation: 0,interpolation_duration: 1}