# This file was generated by Animated Java via MC-Build. It is not recommended to edit this file directly.
$data merge entity $(bone_eyelid_right) {transformation: [-0.9976f,0.0694f,0.0026f,-0.1542f,0.0688f,0.9809f,0.1822f,1.1266f,0.0101f,0.1819f,-0.9833f,0.2956f,0f,0f,0f,1f],start_interpolation: 0,interpolation_duration: 1}
$data merge entity $(bone_eye_right) {transformation: [-0.9976f,0.0694f,0.0026f,-0.1542f,0.0688f,0.9809f,0.1822f,1.1269f,0.0101f,0.1819f,-0.9833f,0.294f,0f,0f,0f,1f],start_interpolation: 0,interpolation_duration: 1}
$data merge entity $(bone_eyelid_left) {transformation: [-0.9945f,-0.1048f,0.0026f,-0.153f,-0.1026f,0.9779f,0.1822f,1.1081f,-0.0217f,0.1809f,-0.9833f,0.2906f,0f,0f,0f,1f],start_interpolation: 0,interpolation_duration: 1}
$data merge entity $(bone_eye_left) {transformation: [-0.9945f,-0.1048f,0.0026f,0.0645f,-0.1026f,0.9779f,0.1822f,1.1306f,-0.0217f,0.1809f,-0.9833f,0.2953f,0f,0f,0f,1f],start_interpolation: 0,interpolation_duration: 1}
$data merge entity $(bone_mouth_closed) {transformation: [-0.9998f,-0.0178f,0.0026f,-0.0722f,-0.017f,0.9831f,0.1822f,0.9838f,-0.0058f,0.1821f,-0.9833f,0.0446f,0f,0f,0f,1f],start_interpolation: 0,interpolation_duration: 1}
$data merge entity $(bone_mouth_open) {transformation: [-0.9998f,-0.0178f,0.0026f,-0.0716f,-0.017f,0.9831f,0.1822f,0.9542f,-0.0058f,0.1821f,-0.9833f,0.0328f,0f,0f,0f,1f],start_interpolation: 0,interpolation_duration: 1}
$data merge entity $(bone_head) {transformation: [-0.9998f,-0.0178f,0.0026f,-0.0404f,-0.017f,0.9831f,0.1822f,0.9536f,-0.0058f,0.1821f,-0.9833f,0.0391f,0f,0f,0f,1f],start_interpolation: 0,interpolation_duration: 1}
$data merge entity $(bone_neck) {transformation: [-0.9817f,-0.1891f,-0.0237f,-0.0256f,-0.1884f,0.9446f,0.2688f,0.8798f,-0.0285f,0.2684f,-0.9629f,0.0182f,0f,0f,0f,1f],start_interpolation: 0,interpolation_duration: 1}
$data merge entity $(bone_finger_left2) {transformation: [-0.0783f,-0.4061f,0.9105f,0.1086f,0.3552f,-0.8647f,-0.3552f,0.7134f,0.9315f,0.2956f,0.2119f,0.7163f,0f,0f,0f,1f],start_interpolation: 0,interpolation_duration: 1}
$data merge entity $(bone_finger_left) {transformation: [0.4023f,-0.0959f,0.9105f,0.1589f,0.8794f,0.3171f,-0.3552f,0.8233f,-0.2547f,0.9435f,0.2119f,0.6845f,0f,0f,0f,1f],start_interpolation: 0,interpolation_duration: 1}
$data merge entity $(bone_finger_left4) {transformation: [-0.0959f,-0.4802f,0.8719f,0.1842f,0.3171f,-0.8451f,-0.4305f,0.6844f,0.9435f,0.2352f,0.2333f,0.7338f,0f,0f,0f,1f],start_interpolation: 0,interpolation_duration: 1}
$data merge entity $(bone_finger_left3) {transformation: [0.4802f,-0.0959f,0.8719f,0.2442f,0.8451f,0.3171f,-0.4305f,0.79f,-0.2352f,0.9435f,0.2333f,0.7043f,0f,0f,0f,1f],start_interpolation: 0,interpolation_duration: 1}
$data merge entity $(bone_thumb_left2) {transformation: [-0.0982f,-0.7713f,-0.6289f,0.0493f,0.2512f,-0.6307f,0.7343f,0.773f,-0.963f,-0.0859f,0.2556f,0.5415f,0f,0f,0f,1f],start_interpolation: 0,interpolation_duration: 1}
$data merge entity $(bone_thumb_left) {transformation: [-0.0982f,-0.6937f,0.7135f,0.1416f,0.2512f,0.6765f,0.6923f,0.8517f,-0.963f,0.2472f,0.1078f,0.5851f,0f,0f,0f,1f],start_interpolation: 0,interpolation_duration: 1}
$data merge entity $(bone_hand_left) {transformation: [0.2708f,0.3126f,0.9105f,0.2243f,0.1247f,0.9264f,-0.3552f,0.7683f,-0.9545f,0.2098f,0.2119f,0.5322f,0f,0f,0f,1f],start_interpolation: 0,interpolation_duration: 1}
$data merge entity $(bone_arm_left2) {transformation: [0.102f,0.3532f,0.93f,0.308f,0.0603f,0.9309f,-0.3602f,0.7608f,-0.993f,0.0928f,0.0737f,0.2885f,0f,0f,0f,1f],start_interpolation: 0,interpolation_duration: 1}
$data merge entity $(bone_arm_left) {transformation: [-0.5281f,0.328f,0.7833f,0.127f,0.3065f,0.9338f,-0.1844f,0.849f,-0.792f,0.1427f,-0.5937f,0.1276f,0f,0f,0f,1f],start_interpolation: 0,interpolation_duration: 1}
$data merge entity $(bone_finger_right2) {transformation: [0.9072f,-0.19f,-0.3753f,-0.5899f,-0.4114f,-0.5867f,-0.6975f,0.7026f,-0.0876f,0.7872f,-0.6104f,0.032f,0f,0f,0f,1f],start_interpolation: 0,interpolation_duration: 1}
$data merge entity $(bone_finger_right) {transformation: [-0.1503f,-0.9147f,-0.3753f,-0.5711f,-0.6041f,0.3854f,-0.6975f,0.7781f,0.7826f,0.1219f,-0.6104f,-0.0658f,0f,0f,0f,1f],start_interpolation: 0,interpolation_duration: 1}
$data merge entity $(bone_finger_right4) {transformation: [0.9107f,-0.1822f,-0.3706f,-0.5988f,-0.4116f,-0.4748f,-0.778f,0.642f,-0.0342f,0.861f,-0.5074f,-0.0202f,0f,0f,0f,1f],start_interpolation: 0,interpolation_duration: 1}
$data merge entity $(bone_finger_right3) {transformation: [0.0597f,-0.9269f,-0.3706f,-0.6063f,-0.5651f,0.2747f,-0.778f,0.7127f,0.8229f,0.2559f,-0.5074f,-0.1231f,0f,0f,0f,1f],start_interpolation: 0,interpolation_duration: 1}
$data merge entity $(bone_thumb_right2) {transformation: [-0.8985f,0.2482f,-0.362f,-0.4042f,-0.3242f,0.1806f,0.9286f,0.8082f,0.2959f,0.9517f,-0.0818f,0.0151f,0f,0f,0f,1f],start_interpolation: 0,interpolation_duration: 1}
$data merge entity $(bone_thumb_right) {transformation: [-0.8985f,-0.2552f,-0.3571f,-0.4769f,-0.3242f,0.9344f,0.1479f,0.8166f,0.2959f,0.2486f,-0.9223f,-0.0909f,0f,0f,0f,1f],start_interpolation: 0,interpolation_duration: 1}
$data merge entity $(bone_hand_right) {transformation: [-0.8171f,-0.4376f,-0.3753f,-0.4336f,-0.062f,0.7139f,-0.6975f,0.7104f,0.5731f,-0.5467f,-0.6104f,-0.1498f,0f,0f,0f,1f],start_interpolation: 0,interpolation_duration: 1}
$data merge entity $(bone_arm_right2) {transformation: [-0.8647f,-0.4156f,-0.2821f,-0.2351f,-0.2215f,0.8196f,-0.5285f,0.7328f,0.4508f,-0.3945f,-0.8007f,-0.3126f,0f,0f,0f,1f],start_interpolation: 0,interpolation_duration: 1}
$data merge entity $(bone_arm_right) {transformation: [-0.4407f,-0.4982f,0.7467f,-0.1716f,-0.576f,0.795f,0.1904f,0.8649f,-0.6885f,-0.3462f,-0.6373f,-0.1006f,0f,0f,0f,1f],start_interpolation: 0,interpolation_duration: 1}
$data merge entity $(bone_torso) {transformation: [-0.8305f,-0.0713f,0.5525f,0f,-0.0069f,0.993f,0.1178f,0.523f,-0.557f,0.094f,-0.8252f,-0.0156f,0f,0f,0f,1f],start_interpolation: 0,interpolation_duration: 1}
$data merge entity $(bone_foot_right) {transformation: [-0.4207f,-0.1916f,0.8867f,-0.0975f,-0.028f,0.9797f,0.1984f,0.1437f,-0.9068f,0.0586f,-0.4175f,-0.1969f,0f,0f,0f,1f],start_interpolation: 0,interpolation_duration: 1}
$data merge entity $(bone_leg_right3) {transformation: [-0.4084f,-0.4702f,0.7824f,-0.2141f,0.2074f,0.7869f,0.5812f,0.2189f,-0.8889f,0.3996f,-0.2239f,-0.1301f,0f,0f,0f,1f],start_interpolation: 0,interpolation_duration: 1}
$data merge entity $(bone_leg_right2) {transformation: [-0.4583f,0.2552f,0.8514f,-0.1476f,0.3139f,0.9427f,-0.1136f,0.3626f,-0.8315f,0.2152f,-0.5121f,-0.1125f,0f,0f,0f,1f],start_interpolation: 0,interpolation_duration: 1}
$data merge entity $(bone_leg_right) {transformation: [-0.4583f,0.2552f,0.8514f,-0.1094f,0.3139f,0.9427f,-0.1136f,0.4412f,-0.8315f,0.2152f,-0.5121f,-0.0664f,0f,0f,0f,1f],start_interpolation: 0,interpolation_duration: 1}
$data merge entity $(bone_foot_left) {transformation: [-0.9381f,0.0231f,-0.3455f,0.1178f,-0.0145f,0.9943f,0.1058f,0.1321f,0.346f,0.1043f,-0.9324f,0.1054f,0f,0f,0f,1f],start_interpolation: 0,interpolation_duration: 1}
$data merge entity $(bone_leg_left3) {transformation: [-0.9381f,0.1607f,-0.3068f,0.159f,-0.0145f,0.8668f,0.4984f,0.2238f,0.346f,0.472f,-0.8109f,0.2209f,0f,0f,0f,1f],start_interpolation: 0,interpolation_duration: 1}
$data merge entity $(bone_leg_left2) {transformation: [-0.9537f,-0.1229f,-0.2745f,0.1312f,-0.0051f,0.9193f,-0.3936f,0.3552f,0.3007f,-0.374f,-0.8773f,0.135f,0f,0f,0f,1f],start_interpolation: 0,interpolation_duration: 1}
$data merge entity $(bone_leg_left) {transformation: [-0.9537f,-0.1229f,-0.2745f,0.0899f,-0.0051f,0.9193f,-0.3936f,0.4412f,0.3007f,-0.374f,-0.8773f,0.1094f,0f,0f,0f,1f],start_interpolation: 0,interpolation_duration: 1}