# This file was generated by Animated Java via MC-Build. It is not recommended to edit this file directly.
$data merge entity $(bone_eyelid_right) {transformation: [-0.9987f,0.0501f,0.0002f,-0.163f,0.0491f,0.9775f,0.205f,1.1223f,0.01f,0.2048f,-0.9788f,0.2995f,0f,0f,0f,1f],start_interpolation: 0,interpolation_duration: 1}
$data merge entity $(bone_eye_right) {transformation: [-0.9987f,0.0501f,0.0002f,-0.163f,0.0491f,0.9775f,0.205f,1.1226f,0.01f,0.2048f,-0.9788f,0.298f,0f,0f,0f,1f],start_interpolation: 0,interpolation_duration: 1}
$data merge entity $(bone_eyelid_left) {transformation: [-0.9923f,-0.1241f,0.0002f,-0.1614f,-0.1214f,0.9712f,0.205f,1.104f,-0.0257f,0.2034f,-0.9788f,0.2941f,0f,0f,0f,1f],start_interpolation: 0,interpolation_duration: 1}
$data merge entity $(bone_eye_left) {transformation: [-0.9923f,-0.1241f,0.0002f,0.0556f,-0.1214f,0.9712f,0.205f,1.1306f,-0.0257f,0.2034f,-0.9788f,0.2997f,0f,0f,0f,1f],start_interpolation: 0,interpolation_duration: 1}
$data merge entity $(bone_mouth_closed) {transformation: [-0.9993f,-0.0371f,0.0002f,-0.0779f,-0.0363f,0.9781f,0.205f,0.9871f,-0.0078f,0.2049f,-0.9788f,0.0455f,0f,0f,0f,1f],start_interpolation: 0,interpolation_duration: 1}
$data merge entity $(bone_mouth_open) {transformation: [-0.9993f,-0.0371f,0.0002f,-0.0767f,-0.0363f,0.9781f,0.205f,0.9578f,-0.0078f,0.2049f,-0.9788f,0.033f,0f,0f,0f,1f],start_interpolation: 0,interpolation_duration: 1}
$data merge entity $(bone_head) {transformation: [-0.9993f,-0.0371f,0.0002f,-0.0455f,-0.0363f,0.9781f,0.205f,0.9576f,-0.0078f,0.2049f,-0.9788f,0.0393f,0f,0f,0f,1f],start_interpolation: 0,interpolation_duration: 1}
$data merge entity $(bone_neck) {transformation: [-0.9778f,-0.2078f,0.0248f,-0.0293f,-0.1933f,0.942f,0.2743f,0.884f,-0.0803f,0.2634f,-0.9613f,0.0188f,0f,0f,0f,1f],start_interpolation: 0,interpolation_duration: 1}
$data merge entity $(bone_finger_left2) {transformation: [-0.1307f,-0.3395f,0.9315f,0.0546f,0.3537f,-0.8937f,-0.2761f,0.7133f,0.9262f,0.2934f,0.2369f,0.7671f,0f,0f,0f,1f],start_interpolation: 0,interpolation_duration: 1}
$data merge entity $(bone_finger_left) {transformation: [0.3335f,-0.1454f,0.9315f,0.0962f,0.9083f,0.3144f,-0.2761f,0.8269f,-0.2527f,0.9381f,0.2369f,0.7355f,0f,0f,0f,1f],start_interpolation: 0,interpolation_duration: 1}
$data merge entity $(bone_finger_left4) {transformation: [-0.1454f,-0.4134f,0.8989f,0.1319f,0.3144f,-0.8808f,-0.3542f,0.6909f,0.9381f,0.2311f,0.258f,0.7866f,0f,0f,0f,1f],start_interpolation: 0,interpolation_duration: 1}
$data merge entity $(bone_finger_left3) {transformation: [0.4134f,-0.1454f,0.8989f,0.1836f,0.8808f,0.3144f,-0.3542f,0.801f,-0.2311f,0.9381f,0.258f,0.7577f,0f,0f,0f,1f],start_interpolation: 0,interpolation_duration: 1}
$data merge entity $(bone_thumb_left2) {transformation: [-0.095f,-0.7134f,-0.6943f,-0.0051f,0.2355f,-0.6938f,0.6806f,0.7665f,-0.9672f,-0.0988f,0.2339f,0.5904f,0f,0f,0f,1f],start_interpolation: 0,interpolation_duration: 1}
$data merge entity $(bone_thumb_left) {transformation: [-0.095f,-0.7538f,0.6502f,0.0791f,0.2355f,0.6176f,0.7504f,0.853f,-0.9672f,0.2244f,0.1188f,0.6355f,0f,0f,0f,1f],start_interpolation: 0,interpolation_duration: 1}
$data merge entity $(bone_hand_left) {transformation: [0.283f,0.2286f,0.9315f,0.1698f,0.1405f,0.9508f,-0.2761f,0.7765f,-0.9488f,0.209f,0.2369f,0.5853f,0f,0f,0f,1f],start_interpolation: 0,interpolation_duration: 1}
$data merge entity $(bone_arm_left2) {transformation: [0.1172f,0.3191f,0.9405f,0.2579f,0.0705f,0.9419f,-0.3284f,0.7736f,-0.9906f,0.1048f,0.0878f,0.3432f,0f,0f,0f,1f],start_interpolation: 0,interpolation_duration: 1}
$data merge entity $(bone_arm_left) {transformation: [-0.3778f,0.2827f,0.8817f,0.1084f,0.2635f,0.9457f,-0.1904f,0.8514f,-0.8876f,0.1604f,-0.4317f,0.1482f,0f,0f,0f,1f],start_interpolation: 0,interpolation_duration: 1}
$data merge entity $(bone_finger_right2) {transformation: [0.9448f,-0.2255f,-0.2377f,-0.572f,-0.3276f,-0.6301f,-0.7041f,0.6832f,0.009f,0.7431f,-0.6692f,-0.0408f,0f,0f,0f,1f],start_interpolation: 0,interpolation_duration: 1}
$data merge entity $(bone_finger_right) {transformation: [-0.1841f,-0.9537f,-0.2377f,-0.549f,-0.6438f,0.2998f,-0.7041f,0.7637f,0.7428f,0.0234f,-0.6692f,-0.1336f,0f,0f,0f,1f],start_interpolation: 0,interpolation_duration: 1}
$data merge entity $(bone_finger_right4) {transformation: [0.9421f,-0.2364f,-0.2377f,-0.5693f,-0.3294f,-0.5207f,-0.7876f,0.6242f,0.0624f,0.8203f,-0.5685f,-0.0953f,0f,0f,0f,1f],start_interpolation: 0,interpolation_duration: 1}
$data merge entity $(bone_finger_right3) {transformation: [0.0155f,-0.9712f,-0.2377f,-0.5713f,-0.5883f,0.1834f,-0.7876f,0.6977f,0.8085f,0.152f,-0.5685f,-0.1963f,0f,0f,0f,1f],start_interpolation: 0,interpolation_duration: 1}
$data merge entity $(bone_thumb_right2) {transformation: [-0.8936f,0.1196f,-0.4327f,-0.3959f,-0.4118f,0.1657f,0.8961f,0.8052f,0.1788f,0.9789f,-0.0988f,-0.0328f,0f,0f,0f,1f],start_interpolation: 0,interpolation_duration: 1}
$data merge entity $(bone_thumb_right) {transformation: [-0.8936f,-0.3657f,-0.2604f,-0.4564f,-0.4118f,0.8987f,0.1508f,0.8112f,0.1788f,0.242f,-0.9537f,-0.1464f,0f,0f,0f,1f],start_interpolation: 0,interpolation_duration: 1}
$data merge entity $(bone_hand_right) {transformation: [-0.8687f,-0.4345f,-0.2377f,-0.3972f,-0.1541f,0.6932f,-0.7041f,0.7115f,0.4707f,-0.575f,-0.6692f,-0.2026f,0f,0f,0f,1f],start_interpolation: 0,interpolation_duration: 1}
$data merge entity $(bone_arm_right2) {transformation: [-0.8929f,-0.4205f,-0.161f,-0.1841f,-0.3048f,0.8276f,-0.4715f,0.7582f,0.3315f,-0.3719f,-0.8671f,-0.3397f,0f,0f,0f,1f],start_interpolation: 0,interpolation_duration: 1}
$data merge entity $(bone_arm_right) {transformation: [-0.27f,-0.4776f,0.8361f,-0.1688f,-0.5165f,0.8047f,0.2928f,0.869f,-0.8126f,-0.3528f,-0.464f,-0.1075f,0f,0f,0f,1f],start_interpolation: 0,interpolation_duration: 1}
$data merge entity $(bone_torso) {transformation: [-0.8005f,-0.0815f,0.5938f,0f,-0.0079f,0.9921f,0.1254f,0.5275f,-0.5993f,0.0957f,-0.7948f,-0.0156f,0f,0f,0f,1f],start_interpolation: 0,interpolation_duration: 1}
$data merge entity $(bone_foot_right) {transformation: [-0.3905f,-0.1685f,0.9051f,-0.0849f,-0.0452f,0.9854f,0.1639f,0.1335f,-0.9195f,0.0231f,-0.3924f,-0.1943f,0f,0f,0f,1f],start_interpolation: 0,interpolation_duration: 1}
$data merge entity $(bone_leg_right3) {transformation: [-0.3714f,-0.4487f,0.8128f,-0.2026f,0.1883f,0.8209f,0.5392f,0.2171f,-0.9092f,0.3533f,-0.2204f,-0.1401f,0f,0f,0f,1f],start_interpolation: 0,interpolation_duration: 1}
$data merge entity $(bone_leg_right2) {transformation: [-0.4279f,0.2095f,0.8792f,-0.1424f,0.2931f,0.9524f,-0.0843f,0.3633f,-0.855f,0.2216f,-0.4689f,-0.1201f,0f,0f,0f,1f],start_interpolation: 0,interpolation_duration: 1}
$data merge entity $(bone_leg_right) {transformation: [-0.4279f,0.2095f,0.8792f,-0.1094f,0.2931f,0.9524f,-0.0843f,0.4434f,-0.855f,0.2216f,-0.4689f,-0.0726f,0f,0f,0f,1f],start_interpolation: 0,interpolation_duration: 1}
$data merge entity $(bone_foot_left) {transformation: [-0.935f,0.0087f,-0.3544f,0.1158f,-0.0384f,0.9914f,0.1254f,0.1352f,0.3525f,0.1309f,-0.9266f,0.1081f,0f,0f,0f,1f],start_interpolation: 0,interpolation_duration: 1}
$data merge entity $(bone_leg_left3) {transformation: [-0.935f,0.147f,-0.3226f,0.155f,-0.0384f,0.8627f,0.5043f,0.2275f,0.3525f,0.4839f,-0.801f,0.2222f,0f,0f,0f,1f],start_interpolation: 0,interpolation_duration: 1}
$data merge entity $(bone_leg_left2) {transformation: [-0.9536f,-0.1326f,-0.2702f,0.1259f,-0.0135f,0.9156f,-0.4018f,0.358f,0.3007f,-0.3795f,-0.8749f,0.1356f,0f,0f,0f,1f],start_interpolation: 0,interpolation_duration: 1}
$data merge entity $(bone_leg_left) {transformation: [-0.9536f,-0.1326f,-0.2702f,0.0836f,-0.0135f,0.9156f,-0.4018f,0.4434f,0.3007f,-0.3795f,-0.8749f,0.1094f,0f,0f,0f,1f],start_interpolation: 0,interpolation_duration: 1}