# This file was generated by Animated Java via MC-Build. It is not recommended to edit this file directly.
$data merge entity $(bone_eyelid_right) {transformation: [-0.9985f,0.0544f,0.0031f,-0.1582f,0.0541f,0.9835f,0.1729f,1.1137f,0.0064f,0.1728f,-0.9849f,0.2832f,0f,0f,0f,1f],start_interpolation: 0,interpolation_duration: 1}
$data merge entity $(bone_eye_right) {transformation: [-0.9985f,0.0544f,0.0031f,-0.1582f,0.0541f,0.9835f,0.1729f,1.114f,0.0064f,0.1728f,-0.9849f,0.2816f,0f,0f,0f,1f],start_interpolation: 0,interpolation_duration: 1}
$data merge entity $(bone_eyelid_left) {transformation: [-0.9928f,-0.1198f,0.0031f,-0.1568f,-0.1175f,0.9779f,0.1729f,1.0953f,-0.0237f,0.1713f,-0.9849f,0.2783f,0f,0f,0f,1f],start_interpolation: 0,interpolation_duration: 1}
$data merge entity $(bone_eye_left) {transformation: [-0.9928f,-0.1198f,0.0031f,0.0604f,-0.1175f,0.9779f,0.1729f,1.121f,-0.0237f,0.1713f,-0.9849f,0.2835f,0f,0f,0f,1f],start_interpolation: 0,interpolation_duration: 1}
$data merge entity $(bone_mouth_closed) {transformation: [-0.9995f,-0.0328f,0.0031f,-0.0733f,-0.0318f,0.9844f,0.1729f,0.9698f,-0.0087f,0.1727f,-0.9849f,0.0338f,0f,0f,0f,1f],start_interpolation: 0,interpolation_duration: 1}
$data merge entity $(bone_mouth_open) {transformation: [-0.9995f,-0.0328f,0.0031f,-0.0723f,-0.0318f,0.9844f,0.1729f,0.9402f,-0.0087f,0.1727f,-0.9849f,0.0223f,0f,0f,0f,1f],start_interpolation: 0,interpolation_duration: 1}
$data merge entity $(bone_head) {transformation: [-0.9995f,-0.0328f,0.0031f,-0.0411f,-0.0318f,0.9844f,0.1729f,0.9401f,-0.0087f,0.1727f,-0.9849f,0.0287f,0f,0f,0f,1f],start_interpolation: 0,interpolation_duration: 1}
$data merge entity $(bone_neck) {transformation: [-0.9769f,-0.2035f,0.0659f,-0.0252f,-0.1809f,0.9503f,0.2536f,0.8658f,-0.1142f,0.2358f,-0.9651f,0.0103f,0f,0f,0f,1f],start_interpolation: 0,interpolation_duration: 1}
$data merge entity $(bone_finger_left2) {transformation: [-0.152f,-0.3466f,0.9256f,0.0255f,0.4117f,-0.8736f,-0.2595f,0.7306f,0.8985f,0.3416f,0.2755f,0.7809f,0f,0f,0f,1f],start_interpolation: 0,interpolation_duration: 1}
$data merge entity $(bone_finger_left) {transformation: [0.3397f,-0.167f,0.9256f,0.0679f,0.8907f,0.3732f,-0.2595f,0.8419f,-0.3021f,0.9126f,0.2755f,0.7431f,0f,0f,0f,1f],start_interpolation: 0,interpolation_duration: 1}
$data merge entity $(bone_finger_left4) {transformation: [-0.167f,-0.4191f,0.8925f,0.1023f,0.3732f,-0.8647f,-0.3362f,0.7095f,0.9126f,0.277f,0.3008f,0.8036f,0f,0f,0f,1f],start_interpolation: 0,interpolation_duration: 1}
$data merge entity $(bone_finger_left3) {transformation: [0.4191f,-0.167f,0.8925f,0.1547f,0.8647f,0.3732f,-0.3362f,0.8176f,-0.277f,0.9126f,0.3008f,0.7689f,0f,0f,0f,1f],start_interpolation: 0,interpolation_duration: 1}
$data merge entity $(bone_thumb_left2) {transformation: [-0.0725f,-0.7113f,-0.6992f,-0.0301f,0.1734f,-0.6993f,0.6934f,0.7724f,-0.9822f,-0.071f,0.174f,0.5998f,0f,0f,0f,1f],start_interpolation: 0,interpolation_duration: 1}
$data merge entity $(bone_thumb_left) {transformation: [-0.0725f,-0.7585f,0.6476f,0.0532f,0.1734f,0.6298f,0.7571f,0.8616f,-0.9822f,0.1672f,0.0859f,0.6412f,0f,0f,0f,1f],start_interpolation: 0,interpolation_duration: 1}
$data merge entity $(bone_hand_left) {transformation: [0.305f,0.2242f,0.9256f,0.145f,0.0802f,0.9624f,-0.2595f,0.7821f,-0.949f,0.1534f,0.2755f,0.5982f,0f,0f,0f,1f],start_interpolation: 0,interpolation_duration: 1}
$data merge entity $(bone_arm_left2) {transformation: [0.1375f,0.3515f,0.926f,0.2372f,0.0141f,0.9341f,-0.3567f,0.7633f,-0.9904f,0.0621f,0.1235f,0.3583f,0f,0f,0f,1f],start_interpolation: 0,interpolation_duration: 1}
$data merge entity $(bone_arm_left) {transformation: [-0.3077f,0.3113f,0.8991f,0.1041f,0.2175f,0.943f,-0.252f,0.8335f,-0.9263f,0.118f,-0.3579f,0.1491f,0f,0f,0f,1f],start_interpolation: 0,interpolation_duration: 1}
$data merge entity $(bone_finger_right2) {transformation: [0.9395f,-0.27f,-0.211f,-0.5607f,-0.3392f,-0.6464f,-0.6834f,0.6635f,0.0482f,0.7136f,-0.6989f,-0.0773f,0f,0f,0f,1f],start_interpolation: 0,interpolation_duration: 1}
$data merge entity $(bone_finger_right) {transformation: [-0.2288f,-0.9503f,-0.211f,-0.5321f,-0.6606f,0.3107f,-0.6834f,0.7461f,0.715f,-0.017f,-0.6989f,-0.1667f,0f,0f,0f,1f],start_interpolation: 0,interpolation_duration: 1}
$data merge entity $(bone_finger_right4) {transformation: [0.9341f,-0.2836f,-0.217f,-0.5559f,-0.3425f,-0.539f,-0.7695f,0.6058f,0.1013f,0.7931f,-0.6006f,-0.1332f,0f,0f,0f,1f],start_interpolation: 0,interpolation_duration: 1}
$data merge entity $(bone_finger_right3) {transformation: [-0.0322f,-0.9756f,-0.217f,-0.5518f,-0.6093f,0.1913f,-0.7695f,0.682f,0.7923f,0.1074f,-0.6006f,-0.2322f,0f,0f,0f,1f],start_interpolation: 0,interpolation_duration: 1}
$data merge entity $(bone_thumb_right2) {transformation: [-0.906f,0.0713f,-0.4173f,-0.3839f,-0.4053f,0.1386f,0.9036f,0.783f,0.1222f,0.9878f,-0.0967f,-0.0572f,0f,0f,0f,1f],start_interpolation: 0,interpolation_duration: 1}
$data merge entity $(bone_thumb_right) {transformation: [-0.906f,-0.3678f,-0.2097f,-0.4384f,-0.4053f,0.8965f,0.1788f,0.7927f,0.1222f,0.247f,-0.9613f,-0.1735f,0f,0f,0f,1f],start_interpolation: 0,interpolation_duration: 1}
$data merge entity $(bone_hand_right) {transformation: [-0.8932f,-0.397f,-0.211f,-0.3776f,-0.1556f,0.7133f,-0.6834f,0.6938f,0.4218f,-0.5776f,-0.6989f,-0.2293f,0f,0f,0f,1f],start_interpolation: 0,interpolation_duration: 1}
$data merge entity $(bone_arm_right2) {transformation: [-0.9093f,-0.4008f,-0.1117f,-0.1572f,-0.3064f,0.8267f,-0.4719f,0.7409f,0.2815f,-0.3949f,-0.8745f,-0.3543f,0f,0f,0f,1f],start_interpolation: 0,interpolation_duration: 1}
$data merge entity $(bone_arm_right) {transformation: [-0.2062f,-0.4502f,0.8688f,-0.16f,-0.5113f,0.8066f,0.2966f,0.8502f,-0.8343f,-0.383f,-0.3965f,-0.121f,0f,0f,0f,1f],start_interpolation: 0,interpolation_duration: 1}
$data merge entity $(bone_torso) {transformation: [-0.7769f,-0.07f,0.6257f,0f,-0.009f,0.9949f,0.1001f,0.5083f,-0.6296f,0.0721f,-0.7736f,-0.0156f,0f,0f,0f,1f],start_interpolation: 0,interpolation_duration: 1}
$data merge entity $(bone_foot_right) {transformation: [-0.3743f,-0.0812f,0.9237f,-0.0815f,-0.045f,0.9966f,0.0693f,0.1205f,-0.9262f,-0.0156f,-0.3767f,-0.1934f,0f,0f,0f,1f],start_interpolation: 0,interpolation_duration: 1}
$data merge entity $(bone_leg_right3) {transformation: [-0.3608f,-0.442f,0.8212f,-0.1992f,0.1828f,0.83f,0.527f,0.2064f,-0.9146f,0.3403f,-0.2187f,-0.1427f,0f,0f,0f,1f],start_interpolation: 0,interpolation_duration: 1}
$data merge entity $(bone_leg_right2) {transformation: [-0.4191f,0.1963f,0.8864f,-0.1409f,0.2871f,0.9549f,-0.0757f,0.3533f,-0.8613f,0.2227f,-0.4566f,-0.1222f,0f,0f,0f,1f],start_interpolation: 0,interpolation_duration: 1}
$data merge entity $(bone_leg_right) {transformation: [-0.4191f,0.1963f,0.8864f,-0.1094f,0.2871f,0.9549f,-0.0757f,0.4338f,-0.8613f,0.2227f,-0.4566f,-0.0744f,0f,0f,0f,1f],start_interpolation: 0,interpolation_duration: 1}
$data merge entity $(bone_foot_left) {transformation: [-0.9343f,-0.0072f,-0.3565f,0.1126f,-0.0467f,0.9936f,0.1025f,0.1256f,0.3535f,0.1124f,-0.9287f,0.1005f,0f,0f,0f,1f],start_interpolation: 0,interpolation_duration: 1}
$data merge entity $(bone_leg_left3) {transformation: [-0.9343f,0.1508f,-0.3231f,0.1521f,-0.0467f,0.8465f,0.5303f,0.2147f,0.3535f,0.5105f,-0.7838f,0.2166f,0f,0f,0f,1f],start_interpolation: 0,interpolation_duration: 1}
$data merge entity $(bone_leg_left2) {transformation: [-0.9536f,-0.1276f,-0.2727f,0.1236f,-0.0158f,0.9258f,-0.3778f,0.3475f,0.3007f,-0.3559f,-0.8848f,0.1333f,0f,0f,0f,1f],start_interpolation: 0,interpolation_duration: 1}
$data merge entity $(bone_leg_left) {transformation: [-0.9536f,-0.1276f,-0.2727f,0.0819f,-0.0158f,0.9258f,-0.3778f,0.4338f,0.3007f,-0.3559f,-0.8848f,0.1094f,0f,0f,0f,1f],start_interpolation: 0,interpolation_duration: 1}