# This file was generated by Animated Java via MC-Build. It is not recommended to edit this file directly.
$data merge entity $(bone_eyelid_right) {transformation: [-0.9972f,0.075f,0.0016f,-0.1533f,0.0737f,0.9757f,0.2063f,1.1248f,0.0139f,0.2058f,-0.9785f,0.304f,0f,0f,0f,1f],start_interpolation: 0,interpolation_duration: 1}
$data merge entity $(bone_eye_right) {transformation: [-0.9972f,0.075f,0.0016f,-0.1533f,0.0737f,0.9757f,0.2063f,1.1251f,0.0139f,0.2058f,-0.9785f,0.3024f,0f,0f,0f,1f],start_interpolation: 0,interpolation_duration: 1}
$data merge entity $(bone_eyelid_left) {transformation: [-0.9951f,-0.0993f,0.0016f,-0.1522f,-0.0969f,0.9737f,0.2063f,1.1065f,-0.0221f,0.2051f,-0.9785f,0.2985f,0f,0f,0f,1f],start_interpolation: 0,interpolation_duration: 1}
$data merge entity $(bone_eye_left) {transformation: [-0.9951f,-0.0993f,0.0016f,0.0655f,-0.0969f,0.9737f,0.2063f,1.1277f,-0.0221f,0.2051f,-0.9785f,0.3033f,0f,0f,0f,1f],start_interpolation: 0,interpolation_duration: 1}
$data merge entity $(bone_mouth_closed) {transformation: [-0.9999f,-0.0122f,0.0016f,-0.0725f,-0.0116f,0.9784f,0.2063f,0.9878f,-0.0041f,0.2063f,-0.9785f,0.0494f,0f,0f,0f,1f],start_interpolation: 0,interpolation_duration: 1}
$data merge entity $(bone_mouth_open) {transformation: [-0.9999f,-0.0122f,0.0016f,-0.0721f,-0.0116f,0.9784f,0.2063f,0.9585f,-0.0041f,0.2063f,-0.9785f,0.0369f,0f,0f,0f,1f],start_interpolation: 0,interpolation_duration: 1}
$data merge entity $(bone_head) {transformation: [-0.9999f,-0.0122f,0.0016f,-0.0409f,-0.0116f,0.9784f,0.2063f,0.9576f,-0.0041f,0.2063f,-0.9785f,0.0431f,0f,0f,0f,1f],start_interpolation: 0,interpolation_duration: 1}
$data merge entity $(bone_neck) {transformation: [-0.9806f,-0.1832f,-0.0696f,-0.0265f,-0.1954f,0.9419f,0.2732f,0.884f,0.0155f,0.2815f,-0.9594f,0.0211f,0f,0f,0f,1f],start_interpolation: 0,interpolation_duration: 1}
$data merge entity $(bone_finger_left2) {transformation: [-0.0153f,-0.4972f,0.8675f,0.1755f,0.4874f,-0.7613f,-0.4277f,0.7946f,0.8731f,0.4163f,0.254f,0.6099f,0f,0f,0f,1f],start_interpolation: 0,interpolation_duration: 1}
$data merge entity $(bone_finger_left) {transformation: [0.496f,-0.037f,0.8675f,0.2375f,0.7818f,0.4537f,-0.4277f,0.8924f,-0.3778f,0.8904f,0.254f,0.5627f,0f,0f,0f,1f],start_interpolation: 0,interpolation_duration: 1}
$data merge entity $(bone_finger_left4) {transformation: [-0.037f,-0.5698f,0.821f,0.2477f,0.4537f,-0.7416f,-0.4942f,0.7596f,0.8904f,0.3542f,0.2859f,0.6308f,0f,0f,0f,1f],start_interpolation: 0,interpolation_duration: 1}
$data merge entity $(bone_finger_left3) {transformation: [0.5698f,-0.037f,0.821f,0.3189f,0.7416f,0.4537f,-0.4942f,0.8523f,-0.3542f,0.8904f,0.2859f,0.5865f,0f,0f,0f,1f],start_interpolation: 0,interpolation_duration: 1}
$data merge entity $(bone_thumb_left2) {transformation: [-0.0901f,-0.8411f,-0.5333f,0.1197f,0.1254f,-0.5407f,0.8318f,0.8361f,-0.988f,0.008f,0.1542f,0.4288f,0f,0f,0f,1f],start_interpolation: 0,interpolation_duration: 1}
$data merge entity $(bone_thumb_left) {transformation: [-0.0901f,-0.6045f,0.7915f,0.2214f,0.1254f,0.7815f,0.6112f,0.9085f,-0.988f,0.1543f,0.0054f,0.4604f,0f,0f,0f,1f],start_interpolation: 0,interpolation_duration: 1}
$data merge entity $(bone_hand_left) {transformation: [0.2619f,0.4229f,0.8675f,0.2927f,-0.0414f,0.903f,-0.4277f,0.8094f,-0.9642f,0.076f,0.254f,0.4192f,0f,0f,0f,1f],start_interpolation: 0,interpolation_duration: 1}
$data merge entity $(bone_arm_left2) {transformation: [0.0881f,0.4215f,0.9025f,0.3711f,-0.0982f,0.9053f,-0.4132f,0.759f,-0.9913f,-0.0522f,0.1212f,0.1789f,0f,0f,0f,1f],start_interpolation: 0,interpolation_duration: 1}
$data merge entity $(bone_arm_left) {transformation: [-0.7651f,0.4145f,0.4928f,0.1491f,0.3351f,0.9098f,-0.2449f,0.8581f,-0.5498f,-0.0223f,-0.835f,0.0937f,0f,0f,0f,1f],start_interpolation: 0,interpolation_duration: 1}
$data merge entity $(bone_finger_right2) {transformation: [0.7451f,-0.2061f,-0.6343f,-0.6066f,-0.6228f,-0.5551f,-0.5513f,0.7558f,-0.2385f,0.8059f,-0.5419f,0.1658f,0f,0f,0f,1f],start_interpolation: 0,interpolation_duration: 1}
$data merge entity $(bone_finger_right) {transformation: [-0.1734f,-0.7534f,-0.6343f,-0.5849f,-0.5817f,0.598f,-0.5513f,0.8285f,0.7947f,0.2734f,-0.5419f,0.0665f,0f,0f,0f,1f],start_interpolation: 0,interpolation_duration: 1}
$data merge entity $(bone_finger_right4) {transformation: [0.7569f,-0.1581f,-0.6341f,-0.639f,-0.6263f,-0.4523f,-0.6349f,0.7019f,-0.1864f,0.8778f,-0.4413f,0.1156f,0f,0f,0f,1f],start_interpolation: 0,interpolation_duration: 1}
$data merge entity $(bone_finger_right3) {transformation: [0.0432f,-0.772f,-0.6341f,-0.6444f,-0.599f,0.4879f,-0.6349f,0.7768f,0.7996f,0.4073f,-0.4413f,0.0157f,0f,0f,0f,1f],start_interpolation: 0,interpolation_duration: 1}
$data merge entity $(bone_thumb_right2) {transformation: [-0.8924f,0.435f,-0.1196f,-0.4051f,-0.0998f,0.0682f,0.9927f,0.8117f,0.44f,0.8978f,-0.0175f,0.1186f,0f,0f,0f,1f],start_interpolation: 0,interpolation_duration: 1}
$data merge entity $(bone_thumb_right) {transformation: [-0.8924f,0.0364f,-0.4497f,-0.4892f,-0.0998f,0.9561f,0.2754f,0.843f,0.44f,0.2907f,-0.8497f,0.0262f,0f,0f,0f,1f],start_interpolation: 0,interpolation_duration: 1}
$data merge entity $(bone_hand_right) {transformation: [-0.7032f,-0.3211f,-0.6343f,-0.4847f,0.1203f,0.8256f,-0.5513f,0.7322f,0.7007f,-0.464f,-0.5419f,-0.0394f,0f,0f,0f,1f],start_interpolation: 0,interpolation_duration: 1}
$data merge entity $(bone_arm_right2) {transformation: [-0.7822f,-0.4256f,-0.455f,-0.3176f,-0.053f,0.773f,-0.6321f,0.706f,0.6208f,-0.4704f,-0.6272f,-0.2338f,0f,0f,0f,1f],start_interpolation: 0,interpolation_duration: 1}
$data merge entity $(bone_arm_right) {transformation: [-0.6819f,-0.5435f,0.4895f,-0.1777f,-0.6403f,0.7671f,-0.0402f,0.8686f,-0.3537f,-0.3408f,-0.8711f,-0.091f,0f,0f,0f,1f],start_interpolation: 0,interpolation_duration: 1}
$data merge entity $(bone_torso) {transformation: [-0.8551f,-0.0739f,0.5132f,0f,-0.0103f,0.992f,0.1257f,0.5275f,-0.5184f,0.1022f,-0.849f,-0.0156f,0f,0f,0f,1f],start_interpolation: 0,interpolation_duration: 1}
$data merge entity $(bone_foot_right) {transformation: [-0.4482f,-0.2776f,0.8497f,-0.1271f,0.05f,0.9413f,0.3339f,0.1766f,-0.8925f,0.1922f,-0.408f,-0.1973f,0f,0f,0f,1f],start_interpolation: 0,interpolation_duration: 1}
$data merge entity $(bone_leg_right3) {transformation: [-0.4884f,-0.5063f,0.7107f,-0.2378f,0.2488f,0.6999f,0.6695f,0.2307f,-0.8364f,0.5038f,-0.2158f,-0.1045f,0f,0f,0f,1f],start_interpolation: 0,interpolation_duration: 1}
$data merge entity $(bone_leg_right2) {transformation: [-0.5229f,0.351f,0.7767f,-0.1586f,0.3582f,0.9174f,-0.1735f,0.3686f,-0.7735f,0.1875f,-0.6055f,-0.0941f,0f,0f,0f,1f],start_interpolation: 0,interpolation_duration: 1}
$data merge entity $(bone_leg_right) {transformation: [-0.5229f,0.351f,0.7767f,-0.1094f,0.3582f,0.9174f,-0.1735f,0.4434f,-0.7735f,0.1875f,-0.6055f,-0.0524f,0f,0f,0f,1f],start_interpolation: 0,interpolation_duration: 1}
$data merge entity $(bone_foot_left) {transformation: [-0.9427f,0.0645f,-0.3274f,0.1241f,0.0399f,0.9959f,0.0812f,0.1327f,0.3313f,0.0634f,-0.9414f,0.1053f,0f,0f,0f,1f],start_interpolation: 0,interpolation_duration: 1}
$data merge entity $(bone_leg_left3) {transformation: [-0.9427f,0.1878f,-0.2759f,0.1691f,0.0399f,0.8842f,0.4653f,0.2256f,0.3313f,0.4277f,-0.841f,0.2222f,0f,0f,0f,1f],start_interpolation: 0,interpolation_duration: 1}
$data merge entity $(bone_leg_left2) {transformation: [-0.9536f,-0.1067f,-0.2815f,0.1437f,0.0135f,0.919f,-0.394f,0.3569f,0.3007f,-0.3795f,-0.8749f,0.1356f,0f,0f,0f,1f],start_interpolation: 0,interpolation_duration: 1}
$data merge entity $(bone_leg_left) {transformation: [-0.9536f,-0.1067f,-0.2815f,0.1039f,0.0135f,0.919f,-0.394f,0.4434f,0.3007f,-0.3795f,-0.8749f,0.1094f,0f,0f,0f,1f],start_interpolation: 0,interpolation_duration: 1}