# This file was generated by Animated Java via MC-Build. It is not recommended to edit this file directly.
$data merge entity $(bone_eyelid_right) {transformation: [-0.9965f,0.0839f,0.0028f,-0.1489f,0.0827f,0.9756f,0.2034f,1.1225f,0.0144f,0.2029f,-0.9791f,0.3019f,0f,0f,0f,1f],start_interpolation: 0,interpolation_duration: 1}
$data merge entity $(bone_eye_right) {transformation: [-0.9965f,0.0839f,0.0028f,-0.1488f,0.0827f,0.9756f,0.2034f,1.1228f,0.0144f,0.2029f,-0.9791f,0.3003f,0f,0f,0f,1f],start_interpolation: 0,interpolation_duration: 1}
$data merge entity $(bone_eyelid_left) {transformation: [-0.9959f,-0.0904f,0.0028f,-0.148f,-0.0879f,0.9751f,0.2034f,1.1041f,-0.0211f,0.2023f,-0.9791f,0.2965f,0f,0f,0f,1f],start_interpolation: 0,interpolation_duration: 1}
$data merge entity $(bone_eye_left) {transformation: [-0.9959f,-0.0904f,0.0028f,0.0699f,-0.0879f,0.9751f,0.2034f,1.1234f,-0.0211f,0.2023f,-0.9791f,0.3011f,0f,0f,0f,1f],start_interpolation: 0,interpolation_duration: 1}
$data merge entity $(bone_mouth_closed) {transformation: [-1f,-0.0032f,0.0028f,-0.0695f,-0.0026f,0.9791f,0.2034f,0.9841f,-0.0034f,0.2034f,-0.9791f,0.0477f,0f,0f,0f,1f],start_interpolation: 0,interpolation_duration: 1}
$data merge entity $(bone_mouth_open) {transformation: [-1f,-0.0032f,0.0028f,-0.0694f,-0.0026f,0.9791f,0.2034f,0.9547f,-0.0034f,0.2034f,-0.9791f,0.0352f,0f,0f,0f,1f],start_interpolation: 0,interpolation_duration: 1}
$data merge entity $(bone_head) {transformation: [-1f,-0.0032f,0.0028f,-0.0382f,-0.0026f,0.9791f,0.2034f,0.9535f,-0.0034f,0.2034f,-0.9791f,0.0414f,0f,0f,0f,1f],start_interpolation: 0,interpolation_duration: 1}
$data merge entity $(bone_neck) {transformation: [-0.9808f,-0.1742f,-0.0877f,-0.0245f,-0.1917f,0.9442f,0.268f,0.8798f,0.0361f,0.2797f,-0.9594f,0.0196f,0f,0f,0f,1f],start_interpolation: 0,interpolation_duration: 1}
$data merge entity $(bone_finger_left2) {transformation: [0.0007f,-0.5106f,0.8598f,0.1876f,0.4801f,-0.7541f,-0.4482f,0.7881f,0.8772f,0.4131f,0.2446f,0.5885f,0f,0f,0f,1f],start_interpolation: 0,interpolation_duration: 1}
$data merge entity $(bone_finger_left) {transformation: [0.5102f,-0.0216f,0.8598f,0.2513f,0.7743f,0.4468f,-0.4482f,0.8849f,-0.3745f,0.8944f,0.2446f,0.5417f,0f,0f,0f,1f],start_interpolation: 0,interpolation_duration: 1}
$data merge entity $(bone_finger_left4) {transformation: [-0.0216f,-0.5832f,0.8121f,0.259f,0.4468f,-0.7323f,-0.514f,0.7514f,0.8944f,0.3517f,0.2763f,0.6086f,0f,0f,0f,1f],start_interpolation: 0,interpolation_duration: 1}
$data merge entity $(bone_finger_left3) {transformation: [0.5832f,-0.0216f,0.8121f,0.3319f,0.7323f,0.4468f,-0.514f,0.8429f,-0.3517f,0.8944f,0.2763f,0.5646f,0f,0f,0f,1f],start_interpolation: 0,interpolation_duration: 1}
$data merge entity $(bone_thumb_left2) {transformation: [-0.0937f,-0.8524f,-0.5144f,0.1314f,0.1357f,-0.5228f,0.8416f,0.8323f,-0.9863f,0.0091f,0.1647f,0.4081f,0f,0f,0f,1f],start_interpolation: 0,interpolation_duration: 1}
$data merge entity $(bone_thumb_left) {transformation: [-0.0937f,-0.5867f,0.8044f,0.2349f,0.1357f,0.7928f,0.5941f,0.9023f,-0.9863f,0.1648f,0.0053f,0.4396f,0f,0f,0f,1f],start_interpolation: 0,interpolation_duration: 1}
$data merge entity $(bone_hand_left) {transformation: [0.2547f,0.4426f,0.8598f,0.3038f,-0.0388f,0.8931f,-0.4482f,0.802f,-0.9662f,0.0808f,0.2446f,0.3971f,0f,0f,0f,1f],start_interpolation: 0,interpolation_duration: 1}
$data merge entity $(bone_arm_left2) {transformation: [0.0806f,0.423f,0.9025f,0.3803f,-0.0951f,0.9046f,-0.4155f,0.7523f,-0.9922f,-0.0523f,0.1132f,0.1561f,0f,0f,0f,1f],start_interpolation: 0,interpolation_duration: 1}
$data merge entity $(bone_arm_left) {transformation: [-0.7915f,0.4178f,0.4461f,0.1546f,0.3502f,0.9082f,-0.2292f,0.8542f,-0.5009f,-0.0252f,-0.8651f,0.085f,0f,0f,0f,1f],start_interpolation: 0,interpolation_duration: 1}
$data merge entity $(bone_finger_right2) {transformation: [0.7259f,-0.1862f,-0.6621f,-0.602f,-0.6416f,-0.5301f,-0.5544f,0.7645f,-0.2477f,0.8272f,-0.5043f,0.19f,0f,0f,0f,1f],start_interpolation: 0,interpolation_duration: 1}
$data merge entity $(bone_finger_right) {transformation: [-0.1544f,-0.7333f,-0.6621f,-0.5827f,-0.5576f,0.6179f,-0.5544f,0.8342f,0.8156f,0.2836f,-0.5043f,0.0881f,0f,0f,0f,1f],start_interpolation: 0,interpolation_duration: 1}
$data merge entity $(bone_finger_right4) {transformation: [0.7395f,-0.134f,-0.6597f,-0.637f,-0.644f,-0.4263f,-0.6353f,0.7099f,-0.196f,0.8946f,-0.4016f,0.1424f,0f,0f,0f,1f],start_interpolation: 0,interpolation_duration: 1}
$data merge entity $(bone_finger_right3) {transformation: [0.0619f,-0.749f,-0.6597f,-0.6447f,-0.5784f,0.5117f,-0.6353f,0.7822f,0.8134f,0.4209f,-0.4016f,0.0408f,0f,0f,0f,1f],start_interpolation: 0,interpolation_duration: 1}
$data merge entity $(bone_thumb_right2) {transformation: [-0.8777f,0.4677f,-0.104f,-0.4014f,-0.0729f,0.0843f,0.9938f,0.8157f,0.4736f,0.8798f,-0.0399f,0.1343f,0f,0f,0f,1f],start_interpolation: 0,interpolation_duration: 1}
$data merge entity $(bone_thumb_right) {transformation: [-0.8777f,0.0622f,-0.4751f,-0.4883f,-0.0729f,0.9627f,0.2607f,0.846f,0.4736f,0.2635f,-0.8404f,0.0441f,0f,0f,0f,1f],start_interpolation: 0,interpolation_duration: 1}
$data merge entity $(bone_hand_right) {transformation: [-0.6758f,-0.3239f,-0.6621f,-0.4879f,0.1508f,0.8185f,-0.5544f,0.7335f,0.7215f,-0.4745f,-0.5043f,-0.0187f,0f,0f,0f,1f],start_interpolation: 0,interpolation_duration: 1}
$data merge entity $(bone_arm_right2) {transformation: [-0.7596f,-0.4336f,-0.4847f,-0.3282f,-0.0239f,0.7634f,-0.6454f,0.6991f,0.6499f,-0.4787f,-0.5903f,-0.218f,0f,0f,0f,1f],start_interpolation: 0,interpolation_duration: 1}
$data merge entity $(bone_arm_right) {transformation: [-0.7105f,-0.5512f,0.4374f,-0.178f,-0.6408f,0.7637f,-0.0785f,0.8642f,-0.2908f,-0.336f,-0.8959f,-0.0894f,0f,0f,0f,1f],start_interpolation: 0,interpolation_duration: 1}
$data merge entity $(bone_torso) {transformation: [-0.8652f,-0.0683f,0.4967f,0f,-0.0101f,0.9928f,0.119f,0.523f,-0.5012f,0.098f,-0.8597f,-0.0156f,0f,0f,0f,1f],start_interpolation: 0,interpolation_duration: 1}
$data merge entity $(bone_foot_right) {transformation: [-0.4533f,-0.2694f,0.8497f,-0.1309f,0.0595f,0.942f,0.3304f,0.1785f,-0.8894f,0.2003f,-0.4109f,-0.1968f,0f,0f,0f,1f],start_interpolation: 0,interpolation_duration: 1}
$data merge entity $(bone_leg_right3) {transformation: [-0.4982f,-0.5097f,0.7014f,-0.2405f,0.2539f,0.6878f,0.6801f,0.2297f,-0.829f,0.5169f,-0.2133f,-0.1009f,0f,0f,0f,1f],start_interpolation: 0,interpolation_duration: 1}
$data merge entity $(bone_leg_right2) {transformation: [-0.5308f,0.3625f,0.7661f,-0.1599f,0.3635f,0.9139f,-0.1806f,0.3669f,-0.7656f,0.1827f,-0.6169f,-0.0917f,0f,0f,0f,1f],start_interpolation: 0,interpolation_duration: 1}
$data merge entity $(bone_leg_right) {transformation: [-0.5308f,0.3625f,0.7661f,-0.1094f,0.3635f,0.9139f,-0.1806f,0.4412f,-0.7656f,0.1827f,-0.6169f,-0.0506f,0f,0f,0f,1f],start_interpolation: 0,interpolation_duration: 1}
$data merge entity $(bone_foot_left) {transformation: [-0.943f,0.0673f,-0.326f,0.1242f,0.0466f,0.9964f,0.0708f,0.1302f,0.3296f,0.0516f,-0.9427f,0.1031f,0f,0f,0f,1f],start_interpolation: 0,interpolation_duration: 1}
$data merge entity $(bone_leg_left3) {transformation: [-0.943f,0.1932f,-0.2711f,0.1699f,0.0466f,0.8829f,0.4673f,0.2224f,0.3296f,0.428f,-0.8415f,0.2209f,0f,0f,0f,1f],start_interpolation: 0,interpolation_duration: 1}
$data merge entity $(bone_leg_left2) {transformation: [-0.9536f,-0.1026f,-0.2831f,0.1451f,0.0158f,0.9217f,-0.3875f,0.3543f,0.3007f,-0.374f,-0.8773f,0.135f,0f,0f,0f,1f],start_interpolation: 0,interpolation_duration: 1}
$data merge entity $(bone_leg_left) {transformation: [-0.9536f,-0.1026f,-0.2831f,0.1056f,0.0158f,0.9217f,-0.3875f,0.4412f,0.3007f,-0.374f,-0.8773f,0.1094f,0f,0f,0f,1f],start_interpolation: 0,interpolation_duration: 1}