# This file was generated by Animated Java via MC-Build. It is not recommended to edit this file directly.
$data merge entity $(bone_eyelid_right) {transformation: [-0.9981f,0.0614f,0.0018f,-0.1575f,0.0606f,0.9784f,0.1975f,1.1259f,0.0103f,0.1972f,-0.9803f,0.2994f,0f,0f,0f,1f],start_interpolation: 0,interpolation_duration: 1}
$data merge entity $(bone_eye_right) {transformation: [-0.9981f,0.0614f,0.0018f,-0.1575f,0.0606f,0.9784f,0.1975f,1.1262f,0.0103f,0.1972f,-0.9803f,0.2978f,0f,0f,0f,1f],start_interpolation: 0,interpolation_duration: 1}
$data merge entity $(bone_eyelid_left) {transformation: [-0.9936f,-0.1128f,0.0018f,-0.1562f,-0.1102f,0.9741f,0.1975f,1.1075f,-0.0241f,0.196f,-0.9803f,0.2941f,0f,0f,0f,1f],start_interpolation: 0,interpolation_duration: 1}
$data merge entity $(bone_eye_left) {transformation: [-0.9936f,-0.1128f,0.0018f,0.0611f,-0.1102f,0.9741f,0.1975f,1.1316f,-0.0241f,0.196f,-0.9803f,0.2993f,0f,0f,0f,1f],start_interpolation: 0,interpolation_duration: 1}
$data merge entity $(bone_mouth_closed) {transformation: [-0.9997f,-0.0258f,0.0018f,-0.0742f,-0.0249f,0.98f,0.1975f,0.9877f,-0.0069f,0.1974f,-0.9803f,0.0463f,0f,0f,0f,1f],start_interpolation: 0,interpolation_duration: 1}
$data merge entity $(bone_mouth_open) {transformation: [-0.9997f,-0.0258f,0.0018f,-0.0734f,-0.0249f,0.98f,0.1975f,0.9583f,-0.0069f,0.1974f,-0.9803f,0.034f,0f,0f,0f,1f],start_interpolation: 0,interpolation_duration: 1}
$data merge entity $(bone_head) {transformation: [-0.9997f,-0.0258f,0.0018f,-0.0422f,-0.0249f,0.98f,0.1975f,0.9578f,-0.0069f,0.1974f,-0.9803f,0.0403f,0f,0f,0f,1f],start_interpolation: 0,interpolation_duration: 1}
$data merge entity $(bone_neck) {transformation: [-0.9804f,-0.1969f,0.0022f,-0.0268f,-0.1888f,0.943f,0.274f,0.8842f,-0.0561f,0.2682f,-0.9617f,0.0194f,0f,0f,0f,1f],start_interpolation: 0,interpolation_duration: 1}
$data merge entity $(bone_finger_left2) {transformation: [-0.1055f,-0.371f,0.9226f,0.0809f,0.3497f,-0.8824f,-0.3148f,0.7118f,0.9309f,0.2895f,0.2229f,0.7455f,0f,0f,0f,1f],start_interpolation: 0,interpolation_duration: 1}
$data merge entity $(bone_finger_left) {transformation: [0.366f,-0.1216f,0.9226f,0.1266f,0.8968f,0.3109f,-0.3148f,0.8239f,-0.2486f,0.9426f,0.2229f,0.7144f,0f,0f,0f,1f],start_interpolation: 0,interpolation_duration: 1}
$data merge entity $(bone_finger_left4) {transformation: [-0.1216f,-0.445f,0.8872f,0.1575f,0.3109f,-0.8659f,-0.3918f,0.6862f,0.9426f,0.2282f,0.2437f,0.7638f,0f,0f,0f,1f],start_interpolation: 0,interpolation_duration: 1}
$data merge entity $(bone_finger_left3) {transformation: [0.445f,-0.1216f,0.8872f,0.2131f,0.8659f,0.3109f,-0.3918f,0.7944f,-0.2282f,0.9426f,0.2437f,0.7353f,0f,0f,0f,1f],start_interpolation: 0,interpolation_duration: 1}
$data merge entity $(bone_thumb_left2) {transformation: [-0.0973f,-0.7414f,-0.664f,0.0212f,0.2482f,-0.6641f,0.7052f,0.769f,-0.9638f,-0.0962f,0.2486f,0.57f,0f,0f,0f,1f],start_interpolation: 0,interpolation_duration: 1}
$data merge entity $(bone_thumb_left) {transformation: [-0.0973f,-0.7261f,0.6807f,0.1093f,0.2482f,0.6446f,0.7231f,0.8516f,-0.9638f,0.2393f,0.1176f,0.6148f,0f,0f,0f,1f],start_interpolation: 0,interpolation_duration: 1}
$data merge entity $(bone_hand_left) {transformation: [0.2769f,0.2685f,0.9226f,0.1964f,0.1383f,0.939f,-0.3148f,0.7721f,-0.9509f,0.2148f,0.2229f,0.5628f,0f,0f,0f,1f],start_interpolation: 0,interpolation_duration: 1}
$data merge entity $(bone_arm_left2) {transformation: [0.1096f,0.335f,0.9358f,0.2823f,0.0711f,0.9364f,-0.3435f,0.7684f,-0.9914f,0.1042f,0.0789f,0.3199f,0f,0f,0f,1f],start_interpolation: 0,interpolation_duration: 1}
$data merge entity $(bone_arm_left) {transformation: [-0.4474f,0.3037f,0.8412f,0.1178f,0.2867f,0.9396f,-0.1868f,0.8517f,-0.8472f,0.1576f,-0.5074f,0.1398f,0f,0f,0f,1f],start_interpolation: 0,interpolation_duration: 1}
$data merge entity $(bone_finger_right2) {transformation: [0.9302f,-0.2096f,-0.3014f,-0.5809f,-0.3653f,-0.6108f,-0.7025f,0.6947f,-0.0369f,0.7635f,-0.6447f,-0.0077f,0f,0f,0f,1f],start_interpolation: 0,interpolation_duration: 1}
$data merge entity $(bone_finger_right) {transformation: [-0.1689f,-0.9384f,-0.3014f,-0.5598f,-0.6262f,0.3383f,-0.7025f,0.773f,0.7612f,0.0701f,-0.6447f,-0.1028f,0f,0f,0f,1f],start_interpolation: 0,interpolation_duration: 1}
$data merge entity $(bone_finger_right4) {transformation: [0.9303f,-0.212f,-0.2993f,-0.5835f,-0.3664f,-0.5002f,-0.7846f,0.6349f,0.0166f,0.8396f,-0.543f,-0.0613f,0f,0f,0f,1f],start_interpolation: 0,interpolation_duration: 1}
$data merge entity $(bone_finger_right3) {transformation: [0.036f,-0.9535f,-0.2993f,-0.588f,-0.5779f,0.2244f,-0.7846f,0.7071f,0.8153f,0.2012f,-0.543f,-0.1632f,0f,0f,0f,1f],start_interpolation: 0,interpolation_duration: 1}
$data merge entity $(bone_thumb_right2) {transformation: [-0.8982f,0.179f,-0.4016f,-0.3999f,-0.373f,0.1733f,0.9115f,0.8095f,0.2328f,0.9685f,-0.0889f,-0.011f,0f,0f,0f,1f],start_interpolation: 0,interpolation_duration: 1}
$data merge entity $(bone_thumb_right) {transformation: [-0.8982f,-0.3161f,-0.3056f,-0.4662f,-0.373f,0.9158f,0.1489f,0.8165f,0.2328f,0.2477f,-0.9405f,-0.1212f,0f,0f,0f,1f],start_interpolation: 0,interpolation_duration: 1}
$data merge entity $(bone_hand_right) {transformation: [-0.8473f,-0.4373f,-0.3014f,-0.4142f,-0.1128f,0.7027f,-0.7025f,0.7138f,0.519f,-0.5612f,-0.6447f,-0.179f,0f,0f,0f,1f],start_interpolation: 0,interpolation_duration: 1}
$data merge entity $(bone_arm_right2) {transformation: [-0.8827f,-0.416f,-0.2184f,-0.2071f,-0.2672f,0.8268f,-0.4949f,0.7496f,0.3865f,-0.3785f,-0.8411f,-0.3282f,0f,0f,0f,1f],start_interpolation: 0,interpolation_duration: 1}
$data merge entity $(bone_arm_right) {transformation: [-0.3509f,-0.4851f,0.801f,-0.1695f,-0.5427f,0.8024f,0.2482f,0.8698f,-0.7631f,-0.3476f,-0.5448f,-0.1034f,0f,0f,0f,1f],start_interpolation: 0,interpolation_duration: 1}
$data merge entity $(bone_torso) {transformation: [-0.8151f,-0.0745f,0.5745f,0f,-0.0043f,0.9925f,0.1226f,0.5275f,-0.5793f,0.0974f,-0.8093f,-0.0156f,0f,0f,0f,1f],start_interpolation: 0,interpolation_duration: 1}
$data merge entity $(bone_foot_right) {transformation: [-0.3537f,-0.1767f,0.9185f,-0.0904f,-0.0008f,0.9821f,0.1886f,0.1389f,-0.9353f,0.066f,-0.3475f,-0.1956f,0f,0f,0f,1f],start_interpolation: 0,interpolation_duration: 1}
$data merge entity $(bone_leg_right3) {transformation: [-0.3879f,-0.4586f,0.7995f,-0.2077f,0.1968f,0.8062f,0.5579f,0.2189f,-0.9005f,0.3737f,-0.2225f,-0.1358f,0f,0f,0f,1f],start_interpolation: 0,interpolation_duration: 1}
$data merge entity $(bone_leg_right2) {transformation: [-0.4415f,0.2299f,0.8673f,-0.1447f,0.3023f,0.9482f,-0.0974f,0.364f,-0.8448f,0.2192f,-0.4881f,-0.1168f,0f,0f,0f,1f],start_interpolation: 0,interpolation_duration: 1}
$data merge entity $(bone_leg_right) {transformation: [-0.4415f,0.2299f,0.8673f,-0.1094f,0.3023f,0.9482f,-0.0974f,0.4434f,-0.8448f,0.2192f,-0.4881f,-0.0698f,0f,0f,0f,1f],start_interpolation: 0,interpolation_duration: 1}
$data merge entity $(bone_foot_left) {transformation: [-0.9365f,0.0161f,-0.3504f,0.117f,-0.0277f,0.9924f,0.1196f,0.1348f,0.3496f,0.1217f,-0.929f,0.1078f,0f,0f,0f,1f],start_interpolation: 0,interpolation_duration: 1}
$data merge entity $(bone_leg_left3) {transformation: [-0.9365f,0.1522f,-0.316f,0.157f,-0.0277f,0.866f,0.4993f,0.2272f,0.3496f,0.4764f,-0.8067f,0.2222f,0f,0f,0f,1f],start_interpolation: 0,interpolation_duration: 1}
$data merge entity $(bone_leg_left2) {transformation: [-0.9537f,-0.1291f,-0.2718f,0.1283f,-0.0098f,0.9161f,-0.4008f,0.3579f,0.3007f,-0.3795f,-0.8749f,0.1356f,0f,0f,0f,1f],start_interpolation: 0,interpolation_duration: 1}
$data merge entity $(bone_leg_left) {transformation: [-0.9537f,-0.1291f,-0.2718f,0.0864f,-0.0098f,0.9161f,-0.4008f,0.4434f,0.3007f,-0.3795f,-0.8749f,0.1094f,0f,0f,0f,1f],start_interpolation: 0,interpolation_duration: 1}