# This file was generated by Animated Java via MC-Build. It is not recommended to edit this file directly.
$data merge entity $(bone_eyelid_right) {transformation: [-0.9969f,0.078f,0.0063f,-0.1457f,0.0781f,0.9853f,0.152f,1.1224f,0.0057f,0.152f,-0.9884f,0.2807f,0f,0f,0f,1f],start_interpolation: 0,interpolation_duration: 1}
$data merge entity $(bone_eye_right) {transformation: [-0.9969f,0.078f,0.0063f,-0.1457f,0.0781f,0.9853f,0.152f,1.1226f,0.0057f,0.152f,-0.9884f,0.2791f,0f,0f,0f,1f],start_interpolation: 0,interpolation_duration: 1}
$data merge entity $(bone_eyelid_left) {transformation: [-0.9953f,-0.0963f,0.0063f,-0.1447f,-0.0942f,0.9839f,0.152f,1.1038f,-0.0208f,0.1507f,-0.9884f,0.2762f,0f,0f,0f,1f],start_interpolation: 0,interpolation_duration: 1}
$data merge entity $(bone_eye_left) {transformation: [-0.9953f,-0.0963f,0.0063f,0.073f,-0.0942f,0.9839f,0.152f,1.1244f,-0.0208f,0.1507f,-0.9884f,0.2808f,0f,0f,0f,1f],start_interpolation: 0,interpolation_duration: 1}
$data merge entity $(bone_mouth_closed) {transformation: [-0.9999f,-0.0092f,0.0063f,-0.0645f,-0.0081f,0.9883f,0.152f,0.9713f,-0.0076f,0.152f,-0.9884f,0.0344f,0f,0f,0f,1f],start_interpolation: 0,interpolation_duration: 1}
$data merge entity $(bone_mouth_open) {transformation: [-0.9999f,-0.0092f,0.0063f,-0.0642f,-0.0081f,0.9883f,0.152f,0.9413f,-0.0076f,0.152f,-0.9884f,0.0235f,0f,0f,0f,1f],start_interpolation: 0,interpolation_duration: 1}
$data merge entity $(bone_head) {transformation: [-0.9999f,-0.0092f,0.0063f,-0.033f,-0.0081f,0.9883f,0.152f,0.9406f,-0.0076f,0.152f,-0.9884f,0.0299f,0f,0f,0f,1f],start_interpolation: 0,interpolation_duration: 1}
$data merge entity $(bone_neck) {transformation: [-0.9828f,-0.181f,0.0374f,-0.0188f,-0.1659f,0.9532f,0.2527f,0.8662f,-0.0814f,0.2421f,-0.9668f,0.011f,0f,0f,0f,1f],start_interpolation: 0,interpolation_duration: 1}
$data merge entity $(bone_finger_left2) {transformation: [-0.0943f,-0.4394f,0.8933f,0.0854f,0.4751f,-0.8084f,-0.3474f,0.7647f,0.8749f,0.3917f,0.285f,0.7292f,0f,0f,0f,1f],start_interpolation: 0,interpolation_duration: 1}
$data merge entity $(bone_finger_left) {transformation: [0.4348f,-0.1134f,0.8933f,0.1397f,0.8284f,0.4394f,-0.3474f,0.8682f,-0.3531f,0.8911f,0.285f,0.6851f,0f,0f,0f,1f],start_interpolation: 0,interpolation_duration: 1}
$data merge entity $(bone_finger_left4) {transformation: [-0.1134f,-0.511f,0.8521f,0.1596f,0.4394f,-0.795f,-0.4183f,0.7363f,0.8911f,0.3269f,0.3147f,0.7527f,0f,0f,0f,1f],start_interpolation: 0,interpolation_duration: 1}
$data merge entity $(bone_finger_left3) {transformation: [0.511f,-0.1134f,0.8521f,0.2235f,0.795f,0.4394f,-0.4183f,0.8357f,-0.3269f,0.8911f,0.3147f,0.7118f,0f,0f,0f,1f],start_interpolation: 0,interpolation_duration: 1}
$data merge entity $(bone_thumb_left2) {transformation: [-0.0634f,-0.7866f,-0.6143f,0.0329f,0.1263f,-0.6169f,0.7769f,0.8025f,-0.99f,-0.0283f,0.1385f,0.5464f,0f,0f,0f,1f],start_interpolation: 0,interpolation_duration: 1}
$data merge entity $(bone_thumb_left) {transformation: [-0.0634f,-0.6805f,0.73f,0.1261f,0.1263f,0.7201f,0.6822f,0.8838f,-0.99f,0.1355f,0.0402f,0.5823f,0f,0f,0f,1f],start_interpolation: 0,interpolation_duration: 1}
$data merge entity $(bone_hand_left) {transformation: [0.3014f,0.3333f,0.8933f,0.2079f,-0.0072f,0.9377f,-0.3474f,0.7922f,-0.9535f,0.0982f,0.285f,0.5433f,0f,0f,0f,1f],start_interpolation: 0,interpolation_duration: 1}
$data merge entity $(bone_arm_left2) {transformation: [0.1287f,0.4269f,0.8951f,0.296f,-0.062f,0.9043f,-0.4224f,0.7503f,-0.9897f,-0.0011f,0.1428f,0.3048f,0f,0f,0f,1f],start_interpolation: 0,interpolation_duration: 1}
$data merge entity $(bone_arm_left) {transformation: [-0.4832f,0.4009f,0.7783f,0.1265f,0.255f,0.9149f,-0.3129f,0.8336f,-0.8376f,0.0473f,-0.5443f,0.1294f,0f,0f,0f,1f],start_interpolation: 0,interpolation_duration: 1}
$data merge entity $(bone_finger_right2) {transformation: [0.8729f,-0.2813f,-0.3987f,-0.5867f,-0.4818f,-0.6256f,-0.6136f,0.6956f,-0.0768f,0.7277f,-0.6816f,-0.0043f,0f,0f,0f,1f],start_interpolation: 0,interpolation_duration: 1}
$data merge entity $(bone_finger_right) {transformation: [-0.243f,-0.8843f,-0.3987f,-0.5563f,-0.646f,0.4541f,-0.6136f,0.7764f,0.7236f,0.1084f,-0.6816f,-0.0948f,0f,0f,0f,1f],start_interpolation: 0,interpolation_duration: 1}
$data merge entity $(bone_finger_right4) {transformation: [0.8734f,-0.2682f,-0.4064f,-0.5978f,-0.4864f,-0.5207f,-0.7017f,0.6402f,-0.0235f,0.8105f,-0.5852f,-0.0616f,0f,0f,0f,1f],start_interpolation: 0,interpolation_duration: 1}
$data merge entity $(bone_finger_right3) {transformation: [-0.033f,-0.9131f,-0.4064f,-0.5937f,-0.6288f,0.335f,-0.7017f,0.7188f,0.7768f,0.2324f,-0.5852f,-0.1587f,0f,0f,0f,1f],start_interpolation: 0,interpolation_duration: 1}
$data merge entity $(bone_thumb_right2) {transformation: [-0.9374f,0.2102f,-0.2777f,-0.3921f,-0.2653f,0.0855f,0.9604f,0.7855f,0.2256f,0.9739f,-0.0244f,-0.0038f,0f,0f,0f,1f],start_interpolation: 0,interpolation_duration: 1}
$data merge entity $(bone_thumb_right) {transformation: [-0.9374f,-0.189f,-0.2925f,-0.458f,-0.2653f,0.9317f,0.2481f,0.8082f,0.2256f,0.3102f,-0.9235f,-0.1122f,0f,0f,0f,1f],start_interpolation: 0,interpolation_duration: 1}
$data merge entity $(bone_hand_right) {transformation: [-0.8495f,-0.3456f,-0.3987f,-0.4207f,-0.033f,0.7889f,-0.6136f,0.7035f,0.5265f,-0.5081f,-0.6816f,-0.1773f,0f,0f,0f,1f],start_interpolation: 0,interpolation_duration: 1}
$data merge entity $(bone_arm_right2) {transformation: [-0.8939f,-0.3726f,-0.2491f,-0.2128f,-0.1935f,0.8221f,-0.5355f,0.7184f,0.4043f,-0.4305f,-0.807f,-0.3288f,0f,0f,0f,1f],start_interpolation: 0,interpolation_duration: 1}
$data merge entity $(bone_arm_right) {transformation: [-0.4149f,-0.4584f,0.786f,-0.1582f,-0.5773f,0.8003f,0.1619f,0.8526f,-0.7032f,-0.3866f,-0.5967f,-0.1157f,0f,0f,0f,1f],start_interpolation: 0,interpolation_duration: 1}
$data merge entity $(bone_torso) {transformation: [-0.7976f,-0.0524f,0.6009f,0f,0.0029f,0.9959f,0.0907f,0.5083f,-0.6032f,0.074f,-0.7941f,-0.0156f,0f,0f,0f,1f],start_interpolation: 0,interpolation_duration: 1}
$data merge entity $(bone_foot_right) {transformation: [-0.3912f,-0.1292f,0.9112f,-0.0975f,-0.0047f,0.9904f,0.1384f,0.1364f,-0.9203f,0.0498f,-0.3881f,-0.1969f,0f,0f,0f,1f],start_interpolation: 0,interpolation_duration: 1}
$data merge entity $(bone_leg_right3) {transformation: [-0.4084f,-0.4702f,0.7824f,-0.2141f,0.2074f,0.7869f,0.5812f,0.2115f,-0.8889f,0.3996f,-0.2239f,-0.1301f,0f,0f,0f,1f],start_interpolation: 0,interpolation_duration: 1}
$data merge entity $(bone_leg_right2) {transformation: [-0.4583f,0.2552f,0.8514f,-0.1476f,0.3139f,0.9427f,-0.1136f,0.3553f,-0.8315f,0.2152f,-0.5121f,-0.1125f,0f,0f,0f,1f],start_interpolation: 0,interpolation_duration: 1}
$data merge entity $(bone_leg_right) {transformation: [-0.4583f,0.2552f,0.8514f,-0.1094f,0.3139f,0.9427f,-0.1136f,0.4338f,-0.8315f,0.2152f,-0.5121f,-0.0664f,0f,0f,0f,1f],start_interpolation: 0,interpolation_duration: 1}
$data merge entity $(bone_foot_left) {transformation: [-0.9382f,0.015f,-0.3458f,0.1159f,-0.0155f,0.9962f,0.0853f,0.1247f,0.3458f,0.0854f,-0.9344f,0.0994f,0f,0f,0f,1f],start_interpolation: 0,interpolation_duration: 1}
$data merge entity $(bone_leg_left3) {transformation: [-0.9382f,0.166f,-0.3037f,0.1577f,-0.0155f,0.8564f,0.5161f,0.2139f,0.3458f,0.4889f,-0.8009f,0.2166f,0f,0f,0f,1f],start_interpolation: 0,interpolation_duration: 1}
$data merge entity $(bone_leg_left2) {transformation: [-0.9537f,-0.1172f,-0.277f,0.1307f,-0.0051f,0.9271f,-0.3747f,0.3471f,0.3007f,-0.3559f,-0.8848f,0.1333f,0f,0f,0f,1f],start_interpolation: 0,interpolation_duration: 1}
$data merge entity $(bone_leg_left) {transformation: [-0.9537f,-0.1172f,-0.277f,0.0899f,-0.0051f,0.9271f,-0.3747f,0.4338f,0.3007f,-0.3559f,-0.8848f,0.1094f,0f,0f,0f,1f],start_interpolation: 0,interpolation_duration: 1}