# This file was generated by Animated Java via MC-Build. It is not recommended to edit this file directly.
$data merge entity $(bone_eyelid_right) {transformation: [-0.9955f,0.0948f,0.0051f,-0.1421f,0.0939f,0.9746f,0.2034f,1.1241f,0.0144f,0.2029f,-0.9791f,0.3019f,0f,0f,0f,1f],start_interpolation: 0,interpolation_duration: 1}
$data merge entity $(bone_eye_right) {transformation: [-0.9955f,0.0948f,0.0051f,-0.1421f,0.0939f,0.9746f,0.2034f,1.1244f,0.0144f,0.2029f,-0.9791f,0.3003f,0f,0f,0f,1f],start_interpolation: 0,interpolation_duration: 1}
$data merge entity $(bone_eyelid_left) {transformation: [-0.9968f,-0.0795f,0.0051f,-0.1414f,-0.0768f,0.9761f,0.2034f,1.1058f,-0.0211f,0.2023f,-0.9791f,0.2965f,0f,0f,0f,1f],start_interpolation: 0,interpolation_duration: 1}
$data merge entity $(bone_eye_left) {transformation: [-0.9968f,-0.0795f,0.0051f,0.0766f,-0.0768f,0.9761f,0.2034f,1.1226f,-0.0211f,0.2023f,-0.9791f,0.3011f,0f,0f,0f,1f],start_interpolation: 0,interpolation_duration: 1}
$data merge entity $(bone_mouth_closed) {transformation: [-1f,0.0077f,0.0051f,-0.0643f,0.0086f,0.9791f,0.2034f,0.9848f,-0.0034f,0.2034f,-0.9791f,0.0477f,0f,0f,0f,1f],start_interpolation: 0,interpolation_duration: 1}
$data merge entity $(bone_mouth_open) {transformation: [-1f,0.0077f,0.0051f,-0.0645f,0.0086f,0.9791f,0.2034f,0.9555f,-0.0034f,0.2034f,-0.9791f,0.0352f,0f,0f,0f,1f],start_interpolation: 0,interpolation_duration: 1}
$data merge entity $(bone_head) {transformation: [-1f,0.0077f,0.0051f,-0.0333f,0.0086f,0.9791f,0.2034f,0.9539f,-0.0034f,0.2034f,-0.9791f,0.0414f,0f,0f,0f,1f],start_interpolation: 0,interpolation_duration: 1}
$data merge entity $(bone_neck) {transformation: [-0.9829f,-0.1636f,-0.0847f,-0.0205f,-0.1807f,0.946f,0.269f,0.88f,0.0361f,0.2797f,-0.9594f,0.0196f,0f,0f,0f,1f],start_interpolation: 0,interpolation_duration: 1}
$data merge entity $(bone_finger_left2) {transformation: [0.0061f,-0.519f,0.8547f,0.1905f,0.4801f,-0.7483f,-0.4578f,0.786f,0.8772f,0.4131f,0.2446f,0.5885f,0f,0f,0f,1f],start_interpolation: 0,interpolation_duration: 1}
$data merge entity $(bone_finger_left) {transformation: [0.5188f,-0.0166f,0.8547f,0.2554f,0.7685f,0.447f,-0.4578f,0.8821f,-0.3745f,0.8944f,0.2446f,0.5417f,0f,0f,0f,1f],start_interpolation: 0,interpolation_duration: 1}
$data merge entity $(bone_finger_left4) {transformation: [-0.0166f,-0.5913f,0.8063f,0.2616f,0.447f,-0.7257f,-0.5231f,0.7484f,0.8944f,0.3517f,0.2763f,0.6086f,0f,0f,0f,1f],start_interpolation: 0,interpolation_duration: 1}
$data merge entity $(bone_finger_left3) {transformation: [0.5913f,-0.0166f,0.8063f,0.3355f,0.7257f,0.447f,-0.5231f,0.8392f,-0.3517f,0.8944f,0.2763f,0.5646f,0f,0f,0f,1f],start_interpolation: 0,interpolation_duration: 1}
$data merge entity $(bone_thumb_left2) {transformation: [-0.0922f,-0.8582f,-0.5049f,0.1349f,0.1368f,-0.5132f,0.8473f,0.8308f,-0.9863f,0.0091f,0.1647f,0.4081f,0f,0f,0f,1f],start_interpolation: 0,interpolation_duration: 1}
$data merge entity $(bone_thumb_left) {transformation: [-0.0922f,-0.5778f,0.811f,0.2391f,0.1368f,0.7994f,0.5851f,0.8996f,-0.9863f,0.1648f,0.0053f,0.4396f,0f,0f,0f,1f],start_interpolation: 0,interpolation_duration: 1}
$data merge entity $(bone_hand_left) {transformation: [0.2543f,0.4525f,0.8547f,0.3069f,-0.0416f,0.8881f,-0.4578f,0.7986f,-0.9662f,0.0808f,0.2446f,0.3971f,0f,0f,0f,1f],start_interpolation: 0,interpolation_duration: 1}
$data merge entity $(bone_arm_left2) {transformation: [0.0796f,0.4331f,0.8978f,0.3829f,-0.096f,0.8998f,-0.4256f,0.748f,-0.9922f,-0.0523f,0.1132f,0.1561f,0f,0f,0f,1f],start_interpolation: 0,interpolation_duration: 1}
$data merge entity $(bone_arm_left) {transformation: [-0.7875f,0.4279f,0.4435f,0.1583f,0.359f,0.9035f,-0.2342f,0.8524f,-0.5009f,-0.0252f,-0.8651f,0.085f,0f,0f,0f,1f],start_interpolation: 0,interpolation_duration: 1}
$data merge entity $(bone_finger_right2) {transformation: [0.7187f,-0.1922f,-0.6683f,-0.5992f,-0.6497f,-0.528f,-0.5469f,0.7712f,-0.2477f,0.8272f,-0.5043f,0.19f,0f,0f,0f,1f],start_interpolation: 0,interpolation_duration: 1}
$data merge entity $(bone_finger_right) {transformation: [-0.1606f,-0.7264f,-0.6683f,-0.5791f,-0.5558f,0.6261f,-0.5469f,0.8407f,0.8156f,0.2836f,-0.5043f,0.0881f,0f,0f,0f,1f],start_interpolation: 0,interpolation_duration: 1}
$data merge entity $(bone_finger_right4) {transformation: [0.7323f,-0.1388f,-0.6667f,-0.6349f,-0.6522f,-0.4248f,-0.6279f,0.717f,-0.196f,0.8946f,-0.4016f,0.1424f,0f,0f,0f,1f],start_interpolation: 0,interpolation_duration: 1}
$data merge entity $(bone_finger_right3) {transformation: [0.0554f,-0.7432f,-0.6667f,-0.6418f,-0.5791f,0.52f,-0.6279f,0.7894f,0.8134f,0.4209f,-0.4016f,0.0408f,0f,0f,0f,1f],start_interpolation: 0,interpolation_duration: 1}
$data merge entity $(bone_thumb_right2) {transformation: [-0.8785f,0.4687f,-0.0929f,-0.3981f,-0.063f,0.079f,0.9949f,0.8202f,0.4736f,0.8798f,-0.0399f,0.1343f,0f,0f,0f,1f],start_interpolation: 0,interpolation_duration: 1}
$data merge entity $(bone_thumb_right) {transformation: [-0.8785f,0.073f,-0.4722f,-0.4846f,-0.063f,0.9619f,0.266f,0.8515f,0.4736f,0.2635f,-0.8404f,0.0441f,0f,0f,0f,1f],start_interpolation: 0,interpolation_duration: 1}
$data merge entity $(bone_hand_right) {transformation: [-0.6741f,-0.3147f,-0.6683f,-0.4855f,0.1583f,0.8221f,-0.5469f,0.7389f,0.7215f,-0.4745f,-0.5043f,-0.0187f,0f,0f,0f,1f],start_interpolation: 0,interpolation_duration: 1}
$data merge entity $(bone_arm_right2) {transformation: [-0.7598f,-0.425f,-0.4919f,-0.3263f,-0.0154f,0.7682f,-0.64f,0.7028f,0.6499f,-0.4787f,-0.5903f,-0.218f,0f,0f,0f,1f],start_interpolation: 0,interpolation_duration: 1}
$data merge entity $(bone_arm_right) {transformation: [-0.7177f,-0.5426f,0.4365f,-0.1741f,-0.6328f,0.7698f,-0.0834f,0.8662f,-0.2908f,-0.336f,-0.8959f,-0.0894f,0f,0f,0f,1f],start_interpolation: 0,interpolation_duration: 1}
$data merge entity $(bone_torso) {transformation: [-0.8653f,-0.0572f,0.498f,0f,-0.0004f,0.9935f,0.1134f,0.523f,-0.5012f,0.098f,-0.8597f,-0.0156f,0f,0f,0f,1f],start_interpolation: 0,interpolation_duration: 1}
$data merge entity $(bone_foot_right) {transformation: [-0.4801f,-0.2773f,0.8322f,-0.1309f,0.0312f,0.9427f,0.3321f,0.1785f,-0.8766f,0.1854f,-0.444f,-0.1968f,0f,0f,0f,1f],start_interpolation: 0,interpolation_duration: 1}
$data merge entity $(bone_leg_right3) {transformation: [-0.4982f,-0.5097f,0.7014f,-0.2405f,0.2539f,0.6878f,0.6801f,0.2297f,-0.829f,0.5169f,-0.2133f,-0.1009f,0f,0f,0f,1f],start_interpolation: 0,interpolation_duration: 1}
$data merge entity $(bone_leg_right2) {transformation: [-0.5308f,0.3625f,0.7661f,-0.1599f,0.3635f,0.9139f,-0.1806f,0.3669f,-0.7656f,0.1827f,-0.6169f,-0.0917f,0f,0f,0f,1f],start_interpolation: 0,interpolation_duration: 1}
$data merge entity $(bone_leg_right) {transformation: [-0.5308f,0.3625f,0.7661f,-0.1094f,0.3635f,0.9139f,-0.1806f,0.4412f,-0.7656f,0.1827f,-0.6169f,-0.0506f,0f,0f,0f,1f],start_interpolation: 0,interpolation_duration: 1}
$data merge entity $(bone_foot_left) {transformation: [-0.943f,0.0673f,-0.326f,0.1242f,0.0466f,0.9964f,0.0708f,0.1302f,0.3296f,0.0516f,-0.9427f,0.1031f,0f,0f,0f,1f],start_interpolation: 0,interpolation_duration: 1}
$data merge entity $(bone_leg_left3) {transformation: [-0.943f,0.1932f,-0.2711f,0.1699f,0.0466f,0.8829f,0.4673f,0.2224f,0.3296f,0.428f,-0.8415f,0.2209f,0f,0f,0f,1f],start_interpolation: 0,interpolation_duration: 1}
$data merge entity $(bone_leg_left2) {transformation: [-0.9536f,-0.1026f,-0.2831f,0.1451f,0.0158f,0.9217f,-0.3875f,0.3543f,0.3007f,-0.374f,-0.8773f,0.135f,0f,0f,0f,1f],start_interpolation: 0,interpolation_duration: 1}
$data merge entity $(bone_leg_left) {transformation: [-0.9536f,-0.1026f,-0.2831f,0.1056f,0.0158f,0.9217f,-0.3875f,0.4412f,0.3007f,-0.374f,-0.8773f,0.1094f,0f,0f,0f,1f],start_interpolation: 0,interpolation_duration: 1}