# This file was generated by Animated Java via MC-Build. It is not recommended to edit this file directly.
$data merge entity $(bone_eyelid_right) {transformation: [-0.9954f,0.0955f,0.006f,-0.1407f,0.0947f,0.9739f,0.2062f,1.1279f,0.0139f,0.2058f,-0.9785f,0.304f,0f,0f,0f,1f],start_interpolation: 0,interpolation_duration: 1}
$data merge entity $(bone_eye_right) {transformation: [-0.9954f,0.0955f,0.006f,-0.1406f,0.0947f,0.9739f,0.2062f,1.1282f,0.0139f,0.2058f,-0.9785f,0.3024f,0f,0f,0f,1f],start_interpolation: 0,interpolation_duration: 1}
$data merge entity $(bone_eyelid_left) {transformation: [-0.9969f,-0.0788f,0.006f,-0.14f,-0.0759f,0.9756f,0.2062f,1.1095f,-0.0221f,0.2051f,-0.9785f,0.2985f,0f,0f,0f,1f],start_interpolation: 0,interpolation_duration: 1}
$data merge entity $(bone_eye_left) {transformation: [-0.9969f,-0.0788f,0.006f,0.0781f,-0.0759f,0.9756f,0.2062f,1.1261f,-0.0221f,0.2051f,-0.9785f,0.3033f,0f,0f,0f,1f],start_interpolation: 0,interpolation_duration: 1}
$data merge entity $(bone_mouth_closed) {transformation: [-0.9999f,0.0084f,0.006f,-0.0628f,0.0094f,0.9785f,0.2062f,0.9892f,-0.0041f,0.2063f,-0.9785f,0.0494f,0f,0f,0f,1f],start_interpolation: 0,interpolation_duration: 1}
$data merge entity $(bone_mouth_open) {transformation: [-0.9999f,0.0084f,0.006f,-0.063f,0.0094f,0.9785f,0.2062f,0.96f,-0.0041f,0.2063f,-0.9785f,0.0369f,0f,0f,0f,1f],start_interpolation: 0,interpolation_duration: 1}
$data merge entity $(bone_head) {transformation: [-0.9999f,0.0084f,0.006f,-0.0318f,0.0094f,0.9785f,0.2062f,0.9584f,-0.0041f,0.2063f,-0.9785f,0.0431f,0f,0f,0f,1f],start_interpolation: 0,interpolation_duration: 1}
$data merge entity $(bone_neck) {transformation: [-0.9845f,-0.1633f,-0.0639f,-0.019f,-0.1747f,0.9456f,0.2746f,0.8845f,0.0155f,0.2815f,-0.9594f,0.0211f,0f,0f,0f,1f],start_interpolation: 0,interpolation_duration: 1}
$data merge entity $(bone_finger_left2) {transformation: [-0.0051f,-0.5131f,0.8583f,0.1811f,0.4876f,-0.7507f,-0.4458f,0.7909f,0.8731f,0.4163f,0.254f,0.6099f,0f,0f,0f,1f],start_interpolation: 0,interpolation_duration: 1}
$data merge entity $(bone_finger_left) {transformation: [0.5124f,-0.0274f,0.8583f,0.2452f,0.7712f,0.4544f,-0.4458f,0.8873f,-0.3778f,0.8904f,0.254f,0.5627f,0f,0f,0f,1f],start_interpolation: 0,interpolation_duration: 1}
$data merge entity $(bone_finger_left4) {transformation: [-0.0274f,-0.5852f,0.8104f,0.2525f,0.4544f,-0.7294f,-0.5114f,0.7543f,0.8904f,0.3542f,0.2859f,0.6308f,0f,0f,0f,1f],start_interpolation: 0,interpolation_duration: 1}
$data merge entity $(bone_finger_left3) {transformation: [0.5852f,-0.0274f,0.8104f,0.3256f,0.7294f,0.4544f,-0.5114f,0.8455f,-0.3542f,0.8904f,0.2859f,0.5865f,0f,0f,0f,1f],start_interpolation: 0,interpolation_duration: 1}
$data merge entity $(bone_thumb_left2) {transformation: [-0.0874f,-0.8523f,-0.5156f,0.1262f,0.1273f,-0.5229f,0.8428f,0.8335f,-0.988f,0.008f,0.1542f,0.4288f,0f,0f,0f,1f],start_interpolation: 0,interpolation_duration: 1}
$data merge entity $(bone_thumb_left) {transformation: [-0.0874f,-0.588f,0.8042f,0.2294f,0.1273f,0.794f,0.5944f,0.9038f,-0.988f,0.1543f,0.0054f,0.4604f,0f,0f,0f,1f],start_interpolation: 0,interpolation_duration: 1}
$data merge entity $(bone_hand_left) {transformation: [0.2609f,0.4418f,0.8583f,0.2986f,-0.0469f,0.8939f,-0.4458f,0.8032f,-0.9642f,0.076f,0.254f,0.4192f,0f,0f,0f,1f],start_interpolation: 0,interpolation_duration: 1}
$data merge entity $(bone_arm_left2) {transformation: [0.086f,0.4405f,0.8936f,0.3759f,-0.1f,0.8962f,-0.4321f,0.7512f,-0.9913f,-0.0522f,0.1212f,0.1789f,0f,0f,0f,1f],start_interpolation: 0,interpolation_duration: 1}
$data merge entity $(bone_arm_left) {transformation: [-0.7579f,0.4335f,0.4875f,0.156f,0.3511f,0.9009f,-0.2552f,0.8549f,-0.5498f,-0.0223f,-0.835f,0.0937f,0f,0f,0f,1f],start_interpolation: 0,interpolation_duration: 1}
$data merge entity $(bone_finger_right2) {transformation: [0.7318f,-0.2177f,-0.6458f,-0.6016f,-0.6384f,-0.5506f,-0.5379f,0.7685f,-0.2385f,0.8059f,-0.5419f,0.1658f,0f,0f,0f,1f],start_interpolation: 0,interpolation_duration: 1}
$data merge entity $(bone_finger_right) {transformation: [-0.1856f,-0.7406f,-0.6458f,-0.5784f,-0.5779f,0.6138f,-0.5379f,0.8407f,0.7947f,0.2734f,-0.5419f,0.0665f,0f,0f,0f,1f],start_interpolation: 0,interpolation_duration: 1}
$data merge entity $(bone_finger_right4) {transformation: [0.7436f,-0.1675f,-0.6473f,-0.6352f,-0.6421f,-0.4488f,-0.6215f,0.7153f,-0.1864f,0.8778f,-0.4413f,0.1156f,0f,0f,0f,1f],start_interpolation: 0,interpolation_duration: 1}
$data merge entity $(bone_finger_right3) {transformation: [0.0306f,-0.7616f,-0.6473f,-0.639f,-0.5997f,0.5041f,-0.6215f,0.7903f,0.7996f,0.4073f,-0.4413f,0.0157f,0f,0f,0f,1f],start_interpolation: 0,interpolation_duration: 1}
$data merge entity $(bone_thumb_right2) {transformation: [-0.8943f,0.4363f,-0.0987f,-0.3991f,-0.081f,0.059f,0.995f,0.8202f,0.44f,0.8978f,-0.0175f,0.1186f,0f,0f,0f,1f],start_interpolation: 0,interpolation_duration: 1}
$data merge entity $(bone_thumb_right) {transformation: [-0.8943f,0.0565f,-0.4438f,-0.4825f,-0.081f,0.9552f,0.2848f,0.8533f,0.44f,0.2907f,-0.8497f,0.0262f,0f,0f,0f,1f],start_interpolation: 0,interpolation_duration: 1}
$data merge entity $(bone_hand_right) {transformation: [-0.7005f,-0.3037f,-0.6458f,-0.4803f,0.1351f,0.8321f,-0.5379f,0.7424f,0.7007f,-0.464f,-0.5419f,-0.0394f,0f,0f,0f,1f],start_interpolation: 0,interpolation_duration: 1}
$data merge entity $(bone_arm_right2) {transformation: [-0.7832f,-0.4093f,-0.4682f,-0.3137f,-0.0365f,0.7818f,-0.6224f,0.7126f,0.6208f,-0.4704f,-0.6272f,-0.2338f,0f,0f,0f,1f],start_interpolation: 0,interpolation_duration: 1}
$data merge entity $(bone_arm_right) {transformation: [-0.6952f,-0.5273f,0.4886f,-0.1705f,-0.6258f,0.7783f,-0.0505f,0.8722f,-0.3537f,-0.3408f,-0.8711f,-0.091f,0f,0f,0f,1f],start_interpolation: 0,interpolation_duration: 1}
$data merge entity $(bone_torso) {transformation: [-0.8551f,-0.053f,0.5158f,0f,0.0077f,0.9934f,0.1149f,0.5275f,-0.5184f,0.1022f,-0.849f,-0.0156f,0f,0f,0f,1f],start_interpolation: 0,interpolation_duration: 1}
$data merge entity $(bone_foot_right) {transformation: [-0.4693f,-0.2833f,0.8363f,-0.1271f,0.0285f,0.9418f,0.3351f,0.1766f,-0.8826f,0.1811f,-0.4339f,-0.1973f,0f,0f,0f,1f],start_interpolation: 0,interpolation_duration: 1}
$data merge entity $(bone_leg_right3) {transformation: [-0.4884f,-0.5063f,0.7107f,-0.2378f,0.2488f,0.6999f,0.6695f,0.2307f,-0.8364f,0.5038f,-0.2158f,-0.1045f,0f,0f,0f,1f],start_interpolation: 0,interpolation_duration: 1}
$data merge entity $(bone_leg_right2) {transformation: [-0.5229f,0.351f,0.7767f,-0.1586f,0.3582f,0.9174f,-0.1735f,0.3686f,-0.7735f,0.1875f,-0.6055f,-0.0941f,0f,0f,0f,1f],start_interpolation: 0,interpolation_duration: 1}
$data merge entity $(bone_leg_right) {transformation: [-0.5229f,0.351f,0.7767f,-0.1094f,0.3582f,0.9174f,-0.1735f,0.4434f,-0.7735f,0.1875f,-0.6055f,-0.0524f,0f,0f,0f,1f],start_interpolation: 0,interpolation_duration: 1}
$data merge entity $(bone_foot_left) {transformation: [-0.9427f,0.0645f,-0.3274f,0.1241f,0.0399f,0.9959f,0.0812f,0.1327f,0.3313f,0.0634f,-0.9414f,0.1053f,0f,0f,0f,1f],start_interpolation: 0,interpolation_duration: 1}
$data merge entity $(bone_leg_left3) {transformation: [-0.9427f,0.1878f,-0.2759f,0.1691f,0.0399f,0.8842f,0.4653f,0.2256f,0.3313f,0.4277f,-0.841f,0.2222f,0f,0f,0f,1f],start_interpolation: 0,interpolation_duration: 1}
$data merge entity $(bone_leg_left2) {transformation: [-0.9536f,-0.1067f,-0.2815f,0.1437f,0.0135f,0.919f,-0.394f,0.3569f,0.3007f,-0.3795f,-0.8749f,0.1356f,0f,0f,0f,1f],start_interpolation: 0,interpolation_duration: 1}
$data merge entity $(bone_leg_left) {transformation: [-0.9536f,-0.1067f,-0.2815f,0.1039f,0.0135f,0.919f,-0.394f,0.4434f,0.3007f,-0.3795f,-0.8749f,0.1094f,0f,0f,0f,1f],start_interpolation: 0,interpolation_duration: 1}