# This file was generated by Animated Java via MC-Build. It is not recommended to edit this file directly.
$data merge entity $(bone_eyelid_right) {transformation: [-0.9924f,0.1227f,0.0093f,-0.1258f,0.1224f,0.9774f,0.1724f,1.1221f,0.012f,0.1722f,-0.985f,0.2893f,0f,0f,0f,1f],start_interpolation: 0,interpolation_duration: 1}
$data merge entity $(bone_eye_right) {transformation: [-0.9924f,0.1227f,0.0093f,-0.1258f,0.1224f,0.9774f,0.1724f,1.1224f,0.012f,0.1722f,-0.985f,0.2878f,0f,0f,0f,1f],start_interpolation: 0,interpolation_duration: 1}
$data merge entity $(bone_eyelid_left) {transformation: [-0.9986f,-0.0515f,0.0093f,-0.1256f,-0.0492f,0.9838f,0.1724f,1.1036f,-0.0181f,0.1717f,-0.985f,0.2845f,0f,0f,0f,1f],start_interpolation: 0,interpolation_duration: 1}
$data merge entity $(bone_eye_left) {transformation: [-0.9986f,-0.0515f,0.0093f,0.0928f,-0.0492f,0.9838f,0.1724f,1.1143f,-0.0181f,0.1717f,-0.985f,0.2885f,0f,0f,0f,1f],start_interpolation: 0,interpolation_duration: 1}
$data merge entity $(bone_mouth_closed) {transformation: [-0.9993f,0.0357f,0.0093f,-0.0523f,0.0368f,0.9843f,0.1724f,0.9728f,-0.003f,0.1726f,-0.985f,0.0396f,0f,0f,0f,1f],start_interpolation: 0,interpolation_duration: 1}
$data merge entity $(bone_mouth_open) {transformation: [-0.9993f,0.0357f,0.0093f,-0.0534f,0.0368f,0.9843f,0.1724f,0.9431f,-0.003f,0.1726f,-0.985f,0.028f,0f,0f,0f,1f],start_interpolation: 0,interpolation_duration: 1}
$data merge entity $(bone_head) {transformation: [-0.9993f,0.0357f,0.0093f,-0.0222f,0.0368f,0.9843f,0.1724f,0.9408f,-0.003f,0.1726f,-0.985f,0.0343f,0f,0f,0f,1f],start_interpolation: 0,interpolation_duration: 1}
$data merge entity $(bone_neck) {transformation: [-0.986f,-0.1363f,-0.0964f,-0.0116f,-0.1568f,0.9544f,0.2541f,0.8663f,0.0574f,0.2656f,-0.9624f,0.0135f,0f,0f,0f,1f],start_interpolation: 0,interpolation_duration: 1}
$data merge entity $(bone_finger_left2) {transformation: [0.0272f,-0.5447f,0.8382f,0.2008f,0.4543f,-0.7402f,-0.4957f,0.7578f,0.8904f,0.3943f,0.2273f,0.5776f,0f,0f,0f,1f],start_interpolation: 0,interpolation_duration: 1}
$data merge entity $(bone_finger_left) {transformation: [0.5453f,0.0034f,0.8382f,0.269f,0.7593f,0.4216f,-0.4957f,0.8527f,-0.3551f,0.9068f,0.2273f,0.5332f,0f,0f,0f,1f],start_interpolation: 0,interpolation_duration: 1}
$data merge entity $(bone_finger_left4) {transformation: [0.0034f,-0.6163f,0.7875f,0.2705f,0.4216f,-0.7132f,-0.56f,0.7171f,0.9068f,0.3339f,0.2574f,0.5963f,0f,0f,0f,1f],start_interpolation: 0,interpolation_duration: 1}
$data merge entity $(bone_finger_left3) {transformation: [0.6163f,0.0034f,0.7875f,0.3475f,0.7132f,0.4216f,-0.56f,0.8063f,-0.3339f,0.9068f,0.2574f,0.5545f,0f,0f,0f,1f],start_interpolation: 0,interpolation_duration: 1}
$data merge entity $(bone_thumb_left2) {transformation: [-0.0909f,-0.8765f,-0.4727f,0.1462f,0.1681f,-0.4813f,0.8603f,0.8097f,-0.9816f,-0.0012f,0.1911f,0.3989f,0f,0f,0f,1f],start_interpolation: 0,interpolation_duration: 1}
$data merge entity $(bone_thumb_left) {transformation: [-0.0909f,-0.5473f,0.832f,0.253f,0.1681f,0.815f,0.5545f,0.8738f,-0.9816f,0.1903f,0.0179f,0.4318f,0f,0f,0f,1f],start_interpolation: 0,interpolation_duration: 1}
$data merge entity $(bone_hand_left) {transformation: [0.2488f,0.4853f,0.8382f,0.3168f,-0.0234f,0.8682f,-0.4957f,0.7716f,-0.9683f,0.1037f,0.2273f,0.3861f,0f,0f,0f,1f],start_interpolation: 0,interpolation_duration: 1}
$data merge entity $(bone_arm_left2) {transformation: [0.073f,0.4499f,0.8901f,0.3907f,-0.0738f,0.8925f,-0.445f,0.7253f,-0.9946f,-0.0332f,0.0983f,0.1436f,0f,0f,0f,1f],start_interpolation: 0,interpolation_duration: 1}
$data merge entity $(bone_arm_left) {transformation: [-0.7829f,0.4449f,0.4348f,0.1678f,0.3857f,0.8955f,-0.2219f,0.8356f,-0.4881f,-0.006f,-0.8727f,0.0761f,0f,0f,0f,1f],start_interpolation: 0,interpolation_duration: 1}
$data merge entity $(bone_finger_right2) {transformation: [0.7148f,-0.1695f,-0.6785f,-0.5889f,-0.6576f,-0.4931f,-0.5696f,0.7763f,-0.238f,0.8533f,-0.4639f,0.1963f,0f,0f,0f,1f],start_interpolation: 0,interpolation_duration: 1}
$data merge entity $(bone_finger_right) {transformation: [-0.1382f,-0.7215f,-0.6785f,-0.5717f,-0.5213f,0.6354f,-0.5696f,0.8415f,0.8421f,0.275f,-0.4639f,0.091f,0f,0f,0f,1f],start_interpolation: 0,interpolation_duration: 1}
$data merge entity $(bone_finger_right4) {transformation: [0.7297f,-0.1149f,-0.6741f,-0.6255f,-0.6578f,-0.3869f,-0.6462f,0.7201f,-0.1866f,0.9149f,-0.3579f,0.1519f,0f,0f,0f,1f],start_interpolation: 0,interpolation_duration: 1}
$data merge entity $(bone_finger_right3) {transformation: [0.0779f,-0.7346f,-0.6741f,-0.6353f,-0.544f,0.5353f,-0.6462f,0.7881f,0.8355f,0.417f,-0.3579f,0.0475f,0f,0f,0f,1f],start_interpolation: 0,interpolation_duration: 1}
$data merge entity $(bone_thumb_right2) {transformation: [-0.8662f,0.4901f,-0.0977f,-0.3895f,-0.0454f,0.1175f,0.992f,0.8235f,0.4976f,0.8637f,-0.0795f,0.1335f,0f,0f,0f,1f],start_interpolation: 0,interpolation_duration: 1}
$data merge entity $(bone_thumb_right) {transformation: [-0.8662f,0.0758f,-0.4939f,-0.4783f,-0.0454f,0.9724f,0.2289f,0.8507f,0.4976f,0.2207f,-0.8388f,0.0442f,0f,0f,0f,1f],start_interpolation: 0,interpolation_duration: 1}
$data merge entity $(bone_hand_right) {transformation: [-0.6565f,-0.3296f,-0.6785f,-0.4803f,0.1868f,0.8004f,-0.5696f,0.7356f,0.7308f,-0.5007f,-0.4639f,-0.0136f,0f,0f,0f,1f],start_interpolation: 0,interpolation_duration: 1}
$data merge entity $(bone_arm_right2) {transformation: [-0.7477f,-0.416f,-0.5177f,-0.3257f,0.0139f,0.7696f,-0.6384f,0.6922f,0.6639f,-0.4845f,-0.5696f,-0.2152f,0f,0f,0f,1f],start_interpolation: 0,interpolation_duration: 1}
$data merge entity $(bone_arm_right) {transformation: [-0.7375f,-0.5308f,0.4175f,-0.1674f,-0.6207f,0.7764f,-0.1093f,0.8542f,-0.2662f,-0.3398f,-0.9021f,-0.0923f,0f,0f,0f,1f],start_interpolation: 0,interpolation_duration: 1}
$data merge entity $(bone_torso) {transformation: [-0.8743f,-0.0322f,0.4843f,0f,0.0113f,0.9962f,0.0866f,0.5083f,-0.4852f,0.0812f,-0.8706f,-0.0156f,0f,0f,0f,1f],start_interpolation: 0,interpolation_duration: 1}
$data merge entity $(bone_foot_right) {transformation: [-0.4851f,-0.2273f,0.8444f,-0.1309f,0.0259f,0.9615f,0.2737f,0.1712f,-0.8741f,0.1546f,-0.4605f,-0.1968f,0f,0f,0f,1f],start_interpolation: 0,interpolation_duration: 1}
$data merge entity $(bone_leg_right3) {transformation: [-0.4982f,-0.5097f,0.7014f,-0.2405f,0.2539f,0.6878f,0.6801f,0.2224f,-0.829f,0.5169f,-0.2133f,-0.1009f,0f,0f,0f,1f],start_interpolation: 0,interpolation_duration: 1}
$data merge entity $(bone_leg_right2) {transformation: [-0.5308f,0.3625f,0.7661f,-0.1599f,0.3635f,0.9139f,-0.1806f,0.3595f,-0.7656f,0.1827f,-0.6169f,-0.0917f,0f,0f,0f,1f],start_interpolation: 0,interpolation_duration: 1}
$data merge entity $(bone_leg_right) {transformation: [-0.5308f,0.3625f,0.7661f,-0.1094f,0.3635f,0.9139f,-0.1806f,0.4338f,-0.7656f,0.1827f,-0.6169f,-0.0506f,0f,0f,0f,1f],start_interpolation: 0,interpolation_duration: 1}
$data merge entity $(bone_foot_left) {transformation: [-0.9428f,0.06f,-0.328f,0.1223f,0.046f,0.9977f,0.0504f,0.1229f,0.3302f,0.0324f,-0.9433f,0.097f,0f,0f,0f,1f],start_interpolation: 0,interpolation_duration: 1}
$data merge entity $(bone_leg_left3) {transformation: [-0.9428f,0.1985f,-0.2679f,0.1685f,0.046f,0.8731f,0.4853f,0.2125f,0.3302f,0.4452f,-0.8323f,0.2166f,0f,0f,0f,1f],start_interpolation: 0,interpolation_duration: 1}
$data merge entity $(bone_leg_left2) {transformation: [-0.9536f,-0.0968f,-0.2851f,0.1445f,0.0158f,0.9295f,-0.3685f,0.3462f,0.3007f,-0.3559f,-0.8848f,0.1333f,0f,0f,0f,1f],start_interpolation: 0,interpolation_duration: 1}
$data merge entity $(bone_leg_left) {transformation: [-0.9536f,-0.0968f,-0.2851f,0.1056f,0.0158f,0.9295f,-0.3685f,0.4338f,0.3007f,-0.3559f,-0.8848f,0.1094f,0f,0f,0f,1f],start_interpolation: 0,interpolation_duration: 1}