# This file was generated by Animated Java via MC-Build. It is not recommended to edit this file directly.
$data merge entity $(bone_eyelid_right) {transformation: [-0.9922f,0.1245f,0.0093f,-0.1237f,0.1245f,0.981f,0.1485f,1.1243f,0.0093f,0.1485f,-0.9889f,0.2821f,0f,0f,0f,1f],start_interpolation: 0,interpolation_duration: 1}
$data merge entity $(bone_eye_right) {transformation: [-0.9922f,0.1245f,0.0093f,-0.1237f,0.1245f,0.981f,0.1485f,1.1245f,0.0093f,0.1485f,-0.9889f,0.2806f,0f,0f,0f,1f],start_interpolation: 0,interpolation_duration: 1}
$data merge entity $(bone_eyelid_left) {transformation: [-0.9987f,-0.0497f,0.0093f,-0.1236f,-0.0478f,0.9878f,0.1485f,1.1056f,-0.0166f,0.1479f,-0.9889f,0.2777f,0f,0f,0f,1f],start_interpolation: 0,interpolation_duration: 1}
$data merge entity $(bone_eye_left) {transformation: [-0.9987f,-0.0497f,0.0093f,0.0949f,-0.0478f,0.9878f,0.1485f,1.1161f,-0.0166f,0.1479f,-0.9889f,0.2814f,0f,0f,0f,1f],start_interpolation: 0,interpolation_duration: 1}
$data merge entity $(bone_mouth_closed) {transformation: [-0.9993f,0.0375f,0.0093f,-0.0506f,0.0385f,0.9882f,0.1485f,0.9688f,-0.0036f,0.1488f,-0.9889f,0.036f,0f,0f,0f,1f],start_interpolation: 0,interpolation_duration: 1}
$data merge entity $(bone_mouth_open) {transformation: [-0.9993f,0.0375f,0.0093f,-0.0517f,0.0385f,0.9882f,0.1485f,0.9388f,-0.0036f,0.1488f,-0.9889f,0.0252f,0f,0f,0f,1f],start_interpolation: 0,interpolation_duration: 1}
$data merge entity $(bone_head) {transformation: [-0.9993f,0.0375f,0.0093f,-0.0206f,0.0385f,0.9882f,0.1485f,0.9367f,-0.0036f,0.1488f,-0.9889f,0.0315f,0f,0f,0f,1f],start_interpolation: 0,interpolation_duration: 1}
$data merge entity $(bone_neck) {transformation: [-0.9876f,-0.135f,-0.0808f,-0.01f,-0.1511f,0.9566f,0.249f,0.862f,0.0437f,0.2581f,-0.9651f,0.0113f,0f,0f,0f,1f],start_interpolation: 0,interpolation_duration: 1}
$data merge entity $(bone_finger_left2) {transformation: [0.0098f,-0.5287f,0.8487f,0.1837f,0.4141f,-0.7704f,-0.4847f,0.7305f,0.9102f,0.3562f,0.2114f,0.6149f,0f,0f,0f,1f],start_interpolation: 0,interpolation_duration: 1}
$data merge entity $(bone_finger_left) {transformation: [0.5287f,-0.0133f,0.8487f,0.2498f,0.7878f,0.3801f,-0.4847f,0.829f,-0.3162f,0.9248f,0.2114f,0.5754f,0f,0f,0f,1f],start_interpolation: 0,interpolation_duration: 1}
$data merge entity $(bone_finger_left4) {transformation: [-0.0133f,-0.6006f,0.7994f,0.2543f,0.3801f,-0.7425f,-0.5515f,0.6907f,0.9248f,0.2965f,0.2382f,0.6323f,0f,0f,0f,1f],start_interpolation: 0,interpolation_duration: 1}
$data merge entity $(bone_finger_left3) {transformation: [0.6006f,-0.0133f,0.7994f,0.3293f,0.7425f,0.3801f,-0.5515f,0.7835f,-0.2965f,0.9248f,0.2382f,0.5952f,0f,0f,0f,1f],start_interpolation: 0,interpolation_duration: 1}
$data merge entity $(bone_thumb_left2) {transformation: [-0.0884f,-0.8642f,-0.4953f,0.129f,0.2101f,-0.5022f,0.8389f,0.7891f,-0.9737f,-0.0299f,0.2259f,0.4382f,0f,0f,0f,1f],start_interpolation: 0,interpolation_duration: 1}
$data merge entity $(bone_thumb_left) {transformation: [-0.0884f,-0.5687f,0.8178f,0.234f,0.2101f,0.7919f,0.5734f,0.8542f,-0.9737f,0.2225f,0.0495f,0.4749f,0f,0f,0f,1f],start_interpolation: 0,interpolation_duration: 1}
$data merge entity $(bone_hand_left) {transformation: [0.2559f,0.4628f,0.8487f,0.3006f,0.0266f,0.8743f,-0.4847f,0.7558f,-0.9663f,0.1466f,0.2114f,0.4251f,0f,0f,0f,1f],start_interpolation: 0,interpolation_duration: 1}
$data merge entity $(bone_arm_left2) {transformation: [0.0808f,0.4407f,0.894f,0.3767f,-0.0243f,0.8976f,-0.4402f,0.7222f,-0.9964f,0.0139f,0.0833f,0.1812f,0f,0f,0f,1f],start_interpolation: 0,interpolation_duration: 1}
$data merge entity $(bone_arm_left) {transformation: [-0.721f,0.4312f,0.5424f,0.1625f,0.3764f,0.901f,-0.2158f,0.8298f,-0.5818f,0.0486f,-0.8119f,0.0865f,0f,0f,0f,1f],start_interpolation: 0,interpolation_duration: 1}
$data merge entity $(bone_finger_right2) {transformation: [0.7753f,-0.1669f,-0.6092f,-0.5904f,-0.598f,-0.5042f,-0.623f,0.7547f,-0.2032f,0.8473f,-0.4907f,0.1517f,0f,0f,0f,1f],start_interpolation: 0,interpolation_duration: 1}
$data merge entity $(bone_finger_right) {transformation: [-0.1329f,-0.7818f,-0.6092f,-0.5738f,-0.5298f,0.5755f,-0.623f,0.8209f,0.8377f,0.2399f,-0.4907f,0.047f,0f,0f,0f,1f],start_interpolation: 0,interpolation_duration: 1}
$data merge entity $(bone_finger_right4) {transformation: [0.7878f,-0.1238f,-0.6033f,-0.6204f,-0.597f,-0.3939f,-0.6988f,0.6956f,-0.1512f,0.9108f,-0.3842f,0.1061f,0f,0f,0f,1f],start_interpolation: 0,interpolation_duration: 1}
$data merge entity $(bone_finger_right3) {transformation: [0.0844f,-0.793f,-0.6033f,-0.6309f,-0.535f,0.4747f,-0.6988f,0.7625f,0.8406f,0.3817f,-0.3842f,0.001f,0f,0f,0f,1f],start_interpolation: 0,interpolation_duration: 1}
$data merge entity $(bone_thumb_right2) {transformation: [-0.8809f,0.4403f,-0.1736f,-0.3929f,-0.1146f,0.1576f,0.9808f,0.8177f,0.4592f,0.8839f,-0.0884f,0.0976f,0f,0f,0f,1f],start_interpolation: 0,interpolation_duration: 1}
$data merge entity $(bone_thumb_right) {transformation: [-0.8809f,-0.0126f,-0.4731f,-0.4795f,-0.1146f,0.9756f,0.1874f,0.8375f,0.4592f,0.2193f,-0.8608f,0.0044f,0f,0f,0f,1f],start_interpolation: 0,interpolation_duration: 1}
$data merge entity $(bone_hand_right) {transformation: [-0.7012f,-0.3705f,-0.6092f,-0.4697f,0.1341f,0.7706f,-0.623f,0.7226f,0.7003f,-0.5185f,-0.4907f,-0.053f,0f,0f,0f,1f],start_interpolation: 0,interpolation_duration: 1}
$data merge entity $(bone_arm_right2) {transformation: [-0.7851f,-0.4012f,-0.472f,-0.3029f,-0.036f,0.7902f,-0.6118f,0.6933f,0.6184f,-0.4633f,-0.6348f,-0.2472f,0f,0f,0f,1f],start_interpolation: 0,interpolation_duration: 1}
$data merge entity $(bone_arm_right) {transformation: [-0.684f,-0.5117f,0.5199f,-0.1644f,-0.6173f,0.7858f,-0.0388f,0.8501f,-0.3887f,-0.3475f,-0.8534f,-0.0967f,0f,0f,0f,1f],start_interpolation: 0,interpolation_duration: 1}
$data merge entity $(bone_torso) {transformation: [-0.867f,-0.0279f,0.4975f,0f,0.0132f,0.9968f,0.0789f,0.5037f,-0.4981f,0.075f,-0.8638f,-0.0156f,0f,0f,0f,1f],start_interpolation: 0,interpolation_duration: 1}
$data merge entity $(bone_foot_right) {transformation: [-0.4687f,-0.1873f,0.8633f,-0.1211f,0.0079f,0.9763f,0.2162f,0.1584f,-0.8833f,0.1081f,-0.4561f,-0.1978f,0f,0f,0f,1f],start_interpolation: 0,interpolation_duration: 1}
$data merge entity $(bone_leg_right3) {transformation: [-0.4729f,-0.5005f,0.7252f,-0.2333f,0.2408f,0.7183f,0.6527f,0.2169f,-0.8476f,0.4833f,-0.2192f,-0.1099f,0f,0f,0f,1f],start_interpolation: 0,interpolation_duration: 1}
$data merge entity $(bone_leg_right2) {transformation: [-0.5105f,0.3328f,0.7928f,-0.1565f,0.3496f,0.9227f,-0.1622f,0.356f,-0.7856f,0.1944f,-0.5874f,-0.0979f,0f,0f,0f,1f],start_interpolation: 0,interpolation_duration: 1}
$data merge entity $(bone_leg_right) {transformation: [-0.5105f,0.3328f,0.7928f,-0.1094f,0.3496f,0.9227f,-0.1622f,0.4316f,-0.7856f,0.1944f,-0.5874f,-0.0552f,0f,0f,0f,1f],start_interpolation: 0,interpolation_duration: 1}
$data merge entity $(bone_foot_left) {transformation: [-0.9418f,0.0445f,-0.3331f,0.1199f,0.028f,0.9981f,0.0543f,0.1212f,0.3349f,0.0418f,-0.9413f,0.0958f,0f,0f,0f,1f],start_interpolation: 0,interpolation_duration: 1}
$data merge entity $(bone_leg_left3) {transformation: [-0.9418f,0.1904f,-0.2769f,0.165f,0.028f,0.8656f,0.5f,0.2098f,0.3349f,0.4632f,-0.8206f,0.2153f,0f,0f,0f,1f],start_interpolation: 0,interpolation_duration: 1}
$data merge entity $(bone_leg_left2) {transformation: [-0.9537f,-0.1009f,-0.2834f,0.1404f,0.0098f,0.9312f,-0.3644f,0.344f,0.3007f,-0.3503f,-0.8871f,0.1328f,0f,0f,0f,1f],start_interpolation: 0,interpolation_duration: 1}
$data merge entity $(bone_leg_left) {transformation: [-0.9537f,-0.1009f,-0.2834f,0.1011f,0.0098f,0.9312f,-0.3644f,0.4316f,0.3007f,-0.3503f,-0.8871f,0.1094f,0f,0f,0f,1f],start_interpolation: 0,interpolation_duration: 1}