# This file was generated by Animated Java via MC-Build. It is not recommended to edit this file directly.
$data merge entity $(bone_eyelid_right) {transformation: [-0.993f,0.1177f,0.0089f,-0.127f,0.1177f,0.9814f,0.1517f,1.127f,0.0091f,0.1517f,-0.9884f,0.2845f,0f,0f,0f,1f],start_interpolation: 0,interpolation_duration: 1}
$data merge entity $(bone_eye_right) {transformation: [-0.993f,0.1177f,0.0089f,-0.1269f,0.1177f,0.9814f,0.1517f,1.1272f,0.0091f,0.1517f,-0.9884f,0.2829f,0f,0f,0f,1f],start_interpolation: 0,interpolation_duration: 1}
$data merge entity $(bone_eyelid_left) {transformation: [-0.9984f,-0.0565f,0.0089f,-0.1267f,-0.0545f,0.9869f,0.1517f,1.1084f,-0.0173f,0.151f,-0.9884f,0.2801f,0f,0f,0f,1f],start_interpolation: 0,interpolation_duration: 1}
$data merge entity $(bone_eye_left) {transformation: [-0.9984f,-0.0565f,0.0089f,0.0917f,-0.0545f,0.9869f,0.1517f,1.1203f,-0.0173f,0.151f,-0.9884f,0.2838f,0f,0f,0f,1f],start_interpolation: 0,interpolation_duration: 1}
$data merge entity $(bone_mouth_closed) {transformation: [-0.9995f,0.0308f,0.0089f,-0.0527f,0.0317f,0.9879f,0.1517f,0.9728f,-0.0041f,0.1519f,-0.9884f,0.038f,0f,0f,0f,1f],start_interpolation: 0,interpolation_duration: 1}
$data merge entity $(bone_mouth_open) {transformation: [-0.9995f,0.0308f,0.0089f,-0.0536f,0.0317f,0.9879f,0.1517f,0.9429f,-0.0041f,0.1519f,-0.9884f,0.027f,0f,0f,0f,1f],start_interpolation: 0,interpolation_duration: 1}
$data merge entity $(bone_head) {transformation: [-0.9995f,0.0308f,0.0089f,-0.0224f,0.0317f,0.9879f,0.1517f,0.9409f,-0.0041f,0.1519f,-0.9884f,0.0333f,0f,0f,0f,1f],start_interpolation: 0,interpolation_duration: 1}
$data merge entity $(bone_neck) {transformation: [-0.9879f,-0.1418f,-0.0633f,-0.0113f,-0.1534f,0.955f,0.2539f,0.8663f,0.0244f,0.2605f,-0.9652f,0.013f,0f,0f,0f,1f],start_interpolation: 0,interpolation_duration: 1}
$data merge entity $(bone_finger_left2) {transformation: [-0.0118f,-0.5034f,0.864f,0.1653f,0.3914f,-0.7974f,-0.4593f,0.7206f,0.9201f,0.3328f,0.2065f,0.6468f,0f,0f,0f,1f],start_interpolation: 0,interpolation_duration: 1}
$data merge entity $(bone_finger_left) {transformation: [0.5024f,-0.0338f,0.864f,0.2281f,0.8137f,0.3563f,-0.4593f,0.8223f,-0.2923f,0.9338f,0.2065f,0.6103f,0f,0f,0f,1f],start_interpolation: 0,interpolation_duration: 1}
$data merge entity $(bone_finger_left4) {transformation: [-0.0338f,-0.5758f,0.8169f,0.2371f,0.3563f,-0.7706f,-0.5285f,0.683f,0.9338f,0.2732f,0.2312f,0.6638f,0f,0f,0f,1f],start_interpolation: 0,interpolation_duration: 1}
$data merge entity $(bone_finger_left3) {transformation: [0.5758f,-0.0338f,0.8169f,0.3091f,0.7706f,0.3563f,-0.5285f,0.7793f,-0.2732f,0.9338f,0.2312f,0.6297f,0f,0f,0f,1f],start_interpolation: 0,interpolation_duration: 1}
$data merge entity $(bone_thumb_left2) {transformation: [-0.0886f,-0.8455f,-0.5266f,0.1098f,0.2309f,-0.5318f,0.8148f,0.7816f,-0.9689f,-0.0494f,0.2424f,0.4713f,0f,0f,0f,1f],start_interpolation: 0,interpolation_duration: 1}
$data merge entity $(bone_thumb_left) {transformation: [-0.0886f,-0.5983f,0.7963f,0.2121f,0.2309f,0.7654f,0.6008f,0.8495f,-0.9689f,0.2371f,0.0703f,0.5103f,0f,0f,0f,1f],start_interpolation: 0,interpolation_duration: 1}
$data merge entity $(bone_hand_left) {transformation: [0.2619f,0.4301f,0.864f,0.2826f,0.0597f,0.8863f,-0.4593f,0.7547f,-0.9632f,0.1719f,0.2065f,0.4587f,0f,0f,0f,1f],start_interpolation: 0,interpolation_duration: 1}
$data merge entity $(bone_arm_left2) {transformation: [0.088f,0.4245f,0.9012f,0.361f,0.0067f,0.9044f,-0.4266f,0.7297f,-0.9961f,0.0436f,0.0768f,0.2145f,0f,0f,0f,1f],start_interpolation: 0,interpolation_duration: 1}
$data merge entity $(bone_arm_left) {transformation: [-0.6666f,0.4107f,0.622f,0.1554f,0.3616f,0.9079f,-0.212f,0.8334f,-0.6518f,0.0836f,-0.7538f,0.0987f,0f,0f,0f,1f],start_interpolation: 0,interpolation_duration: 1}
$data merge entity $(bone_finger_right2) {transformation: [0.818f,-0.1753f,-0.5479f,-0.5915f,-0.5483f,-0.526f,-0.6502f,0.7413f,-0.1742f,0.8322f,-0.5263f,0.1157f,0f,0f,0f,1f],start_interpolation: 0,interpolation_duration: 1}
$data merge entity $(bone_finger_right) {transformation: [-0.1395f,-0.8248f,-0.5479f,-0.5741f,-0.5494f,0.5248f,-0.6502f,0.81f,0.8239f,0.2103f,-0.5263f,0.0127f,0f,0f,0f,1f],start_interpolation: 0,interpolation_duration: 1}
$data merge entity $(bone_finger_right4) {transformation: [0.828f,-0.1418f,-0.5425f,-0.6158f,-0.5473f,-0.4143f,-0.7271f,0.6813f,-0.1216f,0.899f,-0.4207f,0.068f,0f,0f,0f,1f],start_interpolation: 0,interpolation_duration: 1}
$data merge entity $(bone_finger_right3) {transformation: [0.0773f,-0.8365f,-0.5425f,-0.6254f,-0.5419f,0.4214f,-0.7271f,0.749f,0.8369f,0.3502f,-0.4207f,-0.0366f,0f,0f,0f,1f],start_interpolation: 0,interpolation_duration: 1}
$data merge entity $(bone_thumb_right2) {transformation: [-0.8927f,0.3891f,-0.2274f,-0.3958f,-0.1731f,0.1697f,0.9702f,0.8167f,0.4161f,0.9054f,-0.0841f,0.0717f,0f,0f,0f,1f],start_interpolation: 0,interpolation_duration: 1}
$data merge entity $(bone_thumb_right) {transformation: [-0.8927f,-0.0806f,-0.4434f,-0.4791f,-0.1731f,0.9697f,0.1723f,0.8328f,0.4161f,0.2306f,-0.8796f,-0.0253f,0f,0f,0f,1f],start_interpolation: 0,interpolation_duration: 1}
$data merge entity $(bone_hand_right) {transformation: [-0.7393f,-0.3915f,-0.5479f,-0.4598f,0.0819f,0.7553f,-0.6502f,0.7195f,0.6684f,-0.5256f,-0.5263f,-0.0835f,0f,0f,0f,1f],start_interpolation: 0,interpolation_duration: 1}
$data merge entity $(bone_arm_right2) {transformation: [-0.8148f,-0.3951f,-0.4241f,-0.2826f,-0.0852f,0.8054f,-0.5866f,0.7041f,0.5734f,-0.4419f,-0.6899f,-0.27f,0f,0f,0f,1f],start_interpolation: 0,interpolation_duration: 1}
$data merge entity $(bone_arm_right) {transformation: [-0.6256f,-0.5f,0.5988f,-0.1636f,-0.6088f,0.7929f,0.0261f,0.8547f,-0.4878f,-0.3482f,-0.8005f,-0.098f,0f,0f,0f,1f],start_interpolation: 0,interpolation_duration: 1}
$data merge entity $(bone_torso) {transformation: [-0.8576f,-0.0315f,0.5134f,0f,0.014f,0.9963f,0.0845f,0.5083f,-0.5142f,0.0796f,-0.854f,-0.0156f,0f,0f,0f,1f],start_interpolation: 0,interpolation_duration: 1}
$data merge entity $(bone_foot_right) {transformation: [-0.4545f,-0.184f,0.8715f,-0.1136f,-0.004f,0.9788f,0.2046f,0.1529f,-0.8907f,0.0895f,-0.4456f,-0.1981f,0f,0f,0f,1f],start_interpolation: 0,interpolation_duration: 1}
$data merge entity $(bone_leg_right3) {transformation: [-0.4531f,-0.4922f,0.7432f,-0.2275f,0.2305f,0.7407f,0.6311f,0.2167f,-0.8611f,0.4573f,-0.2222f,-0.1165f,0f,0f,0f,1f],start_interpolation: 0,interpolation_duration: 1}
$data merge entity $(bone_leg_right2) {transformation: [-0.4946f,0.3093f,0.8122f,-0.1538f,0.3387f,0.9292f,-0.1476f,0.3573f,-0.8004f,0.2021f,-0.5644f,-0.1026f,0f,0f,0f,1f],start_interpolation: 0,interpolation_duration: 1}
$data merge entity $(bone_leg_right) {transformation: [-0.4946f,0.3093f,0.8122f,-0.1094f,0.3387f,0.9292f,-0.1476f,0.4338f,-0.8004f,0.2021f,-0.5644f,-0.0586f,0f,0f,0f,1f],start_interpolation: 0,interpolation_duration: 1}
$data merge entity $(bone_foot_left) {transformation: [-0.941f,0.0369f,-0.3365f,0.1191f,0.0146f,0.9976f,0.0684f,0.1238f,0.3382f,0.0594f,-0.9392f,0.0982f,0f,0f,0f,1f],start_interpolation: 0,interpolation_duration: 1}
$data merge entity $(bone_leg_left3) {transformation: [-0.941f,0.1815f,-0.2857f,0.163f,0.0146f,0.8651f,0.5014f,0.2132f,0.3382f,0.4676f,-0.8167f,0.2166f,0f,0f,0f,1f],start_interpolation: 0,interpolation_duration: 1}
$data merge entity $(bone_leg_left2) {transformation: [-0.9537f,-0.1072f,-0.281f,0.1375f,0.0051f,0.9283f,-0.3717f,0.3466f,0.3007f,-0.3559f,-0.8848f,0.1333f,0f,0f,0f,1f],start_interpolation: 0,interpolation_duration: 1}
$data merge entity $(bone_leg_left) {transformation: [-0.9537f,-0.1072f,-0.281f,0.0976f,0.0051f,0.9283f,-0.3717f,0.4338f,0.3007f,-0.3559f,-0.8848f,0.1094f,0f,0f,0f,1f],start_interpolation: 0,interpolation_duration: 1}