# This file was generated by Animated Java via MC-Build. It is not recommended to edit this file directly.
$data merge entity $(bone_eyelid_right) {transformation: [-0.9966f,0.0815f,0.0078f,-0.1418f,0.0815f,0.9785f,0.1897f,1.1204f,0.0079f,0.1897f,-0.9818f,0.2898f,0f,0f,0f,1f],start_interpolation: 0,interpolation_duration: 1}
$data merge entity $(bone_eye_right) {transformation: [-0.9966f,0.0815f,0.0078f,-0.1418f,0.0815f,0.9785f,0.1897f,1.1207f,0.0079f,0.1897f,-0.9818f,0.2883f,0f,0f,0f,1f],start_interpolation: 0,interpolation_duration: 1}
$data merge entity $(bone_eyelid_left) {transformation: [-0.9957f,-0.0928f,0.0078f,-0.1408f,-0.0897f,0.9777f,0.1897f,1.102f,-0.0252f,0.1882f,-0.9818f,0.2847f,0f,0f,0f,1f],start_interpolation: 0,interpolation_duration: 1}
$data merge entity $(bone_eye_left) {transformation: [-0.9957f,-0.0928f,0.0078f,0.077f,-0.0897f,0.9777f,0.1897f,1.1216f,-0.0252f,0.1882f,-0.9818f,0.2902f,0f,0f,0f,1f],start_interpolation: 0,interpolation_duration: 1}
$data merge entity $(bone_mouth_closed) {transformation: [-1f,-0.0057f,0.0078f,-0.0609f,-0.0041f,0.9818f,0.1897f,0.9785f,-0.0087f,0.1897f,-0.9818f,0.038f,0f,0f,0f,1f],start_interpolation: 0,interpolation_duration: 1}
$data merge entity $(bone_mouth_open) {transformation: [-1f,-0.0057f,0.0078f,-0.0607f,-0.0041f,0.9818f,0.1897f,0.949f,-0.0087f,0.1897f,-0.9818f,0.026f,0f,0f,0f,1f],start_interpolation: 0,interpolation_duration: 1}
$data merge entity $(bone_head) {transformation: [-1f,-0.0057f,0.0078f,-0.0295f,-0.0041f,0.9818f,0.1897f,0.948f,-0.0087f,0.1897f,-0.9818f,0.0324f,0f,0f,0f,1f],start_interpolation: 0,interpolation_duration: 1}
$data merge entity $(bone_neck) {transformation: [-0.9818f,-0.1772f,0.0676f,-0.0156f,-0.1542f,0.9533f,0.2596f,0.8735f,-0.1105f,0.2444f,-0.9634f,0.0133f,0f,0f,0f,1f],start_interpolation: 0,interpolation_duration: 1}
$data merge entity $(bone_finger_left2) {transformation: [-0.1417f,-0.3583f,0.9228f,0.0317f,0.3926f,-0.8761f,-0.2799f,0.7217f,0.9087f,0.3227f,0.2649f,0.7845f,0f,0f,0f,1f],start_interpolation: 0,interpolation_duration: 1}
$data merge entity $(bone_finger_left) {transformation: [0.3518f,-0.1572f,0.9228f,0.0757f,0.8924f,0.3541f,-0.2799f,0.8333f,-0.2827f,0.9219f,0.2649f,0.7492f,0f,0f,0f,1f],start_interpolation: 0,interpolation_duration: 1}
$data merge entity $(bone_finger_left4) {transformation: [-0.1572f,-0.4309f,0.8886f,0.1084f,0.3541f,-0.8646f,-0.3566f,0.6989f,0.9219f,0.2586f,0.2885f,0.8063f,0f,0f,0f,1f],start_interpolation: 0,interpolation_duration: 1}
$data merge entity $(bone_finger_left3) {transformation: [0.4309f,-0.1572f,0.8886f,0.1622f,0.8646f,0.3541f,-0.3566f,0.807f,-0.2586f,0.9219f,0.2885f,0.774f,0f,0f,0f,1f],start_interpolation: 0,interpolation_duration: 1}
$data merge entity $(bone_thumb_left2) {transformation: [-0.0742f,-0.7221f,-0.6878f,-0.024f,0.1976f,-0.6867f,0.6996f,0.7686f,-0.9775f,-0.084f,0.1937f,0.6047f,0f,0f,0f,1f],start_interpolation: 0,interpolation_duration: 1}
$data merge entity $(bone_thumb_left) {transformation: [-0.0742f,-0.7481f,0.6594f,0.0608f,0.1976f,0.6371f,0.745f,0.8556f,-0.9775f,0.1856f,0.1006f,0.6479f,0f,0f,0f,1f],start_interpolation: 0,interpolation_duration: 1}
$data merge entity $(bone_hand_left) {transformation: [0.3019f,0.2394f,0.9228f,0.1512f,0.098f,0.955f,-0.2799f,0.7758f,-0.9483f,0.1749f,0.2649f,0.6025f,0f,0f,0f,1f],start_interpolation: 0,interpolation_duration: 1}
$data merge entity $(bone_arm_left2) {transformation: [0.1336f,0.3613f,0.9228f,0.2423f,0.0345f,0.9289f,-0.3687f,0.7613f,-0.9904f,0.0811f,0.1116f,0.3619f,0f,0f,0f,1f],start_interpolation: 0,interpolation_duration: 1}
$data merge entity $(bone_arm_left) {transformation: [-0.294f,0.3203f,0.9006f,0.1125f,0.2365f,0.9373f,-0.2561f,0.8365f,-0.9261f,0.1377f,-0.3513f,0.1523f,0f,0f,0f,1f],start_interpolation: 0,interpolation_duration: 1}
$data merge entity $(bone_finger_right2) {transformation: [0.9361f,-0.2793f,-0.2139f,-0.5545f,-0.3474f,-0.6375f,-0.6877f,0.6854f,0.0557f,0.718f,-0.6938f,-0.0771f,0f,0f,0f,1f],start_interpolation: 0,interpolation_duration: 1}
$data merge entity $(bone_finger_right) {transformation: [-0.2382f,-0.9474f,-0.2139f,-0.5247f,-0.6521f,0.3193f,-0.6877f,0.7669f,0.7198f,-0.0243f,-0.6938f,-0.167f,0f,0f,0f,1f],start_interpolation: 0,interpolation_duration: 1}
$data merge entity $(bone_finger_right4) {transformation: [0.9304f,-0.2923f,-0.2213f,-0.5499f,-0.3501f,-0.5293f,-0.7728f,0.6272f,0.1088f,0.7965f,-0.5948f,-0.1324f,0f,0f,0f,1f],start_interpolation: 0,interpolation_duration: 1}
$data merge entity $(bone_finger_right3) {transformation: [-0.0416f,-0.9743f,-0.2213f,-0.5447f,-0.6019f,0.2012f,-0.7728f,0.7024f,0.7975f,0.101f,-0.5948f,-0.2321f,0f,0f,0f,1f],start_interpolation: 0,interpolation_duration: 1}
$data merge entity $(bone_thumb_right2) {transformation: [-0.9102f,0.0679f,-0.4085f,-0.3767f,-0.3959f,0.1467f,0.9065f,0.8035f,0.1215f,0.9868f,-0.1067f,-0.0571f,0f,0f,0f,1f],start_interpolation: 0,interpolation_duration: 1}
$data merge entity $(bone_thumb_right) {transformation: [-0.9102f,-0.3607f,-0.2035f,-0.4306f,-0.3959f,0.902f,0.1722f,0.8126f,0.1215f,0.2373f,-0.9638f,-0.1738f,0f,0f,0f,1f],start_interpolation: 0,interpolation_duration: 1}
$data merge entity $(bone_hand_right) {transformation: [-0.8966f,-0.3877f,-0.2139f,-0.3704f,-0.1437f,0.7117f,-0.6877f,0.7126f,0.4189f,-0.5858f,-0.6938f,-0.2284f,0f,0f,0f,1f],start_interpolation: 0,interpolation_duration: 1}
$data merge entity $(bone_arm_right2) {transformation: [-0.9156f,-0.3836f,-0.1205f,-0.149f,-0.292f,0.8404f,-0.4566f,0.7571f,0.2764f,-0.3829f,-0.8815f,-0.3526f,0f,0f,0f,1f],start_interpolation: 0,interpolation_duration: 1}
$data merge entity $(bone_arm_right) {transformation: [-0.2098f,-0.4303f,0.878f,-0.1514f,-0.4926f,0.8222f,0.2853f,0.8624f,-0.8446f,-0.3727f,-0.3844f,-0.1174f,0f,0f,0f,1f],start_interpolation: 0,interpolation_duration: 1}
$data merge entity $(bone_torso) {transformation: [-0.78f,-0.0434f,0.6242f,0f,0.0165f,0.9958f,0.0899f,0.5156f,-0.6255f,0.0804f,-0.776f,-0.0156f,0f,0f,0f,1f],start_interpolation: 0,interpolation_duration: 1}
$data merge entity $(bone_foot_right) {transformation: [-0.3748f,-0.1061f,0.921f,-0.0803f,-0.049f,0.9943f,0.0946f,0.123f,-0.9258f,-0.0097f,-0.3779f,-0.193f,0f,0f,0f,1f],start_interpolation: 0,interpolation_duration: 1}
$data merge entity $(bone_leg_right3) {transformation: [-0.3571f,-0.4396f,0.8241f,-0.1981f,0.1809f,0.833f,0.5228f,0.2097f,-0.9164f,0.3358f,-0.218f,-0.1436f,0f,0f,0f,1f],start_interpolation: 0,interpolation_duration: 1}
$data merge entity $(bone_leg_right2) {transformation: [-0.4161f,0.1917f,0.8889f,-0.1404f,0.285f,0.9558f,-0.0727f,0.3568f,-0.8635f,0.2231f,-0.4523f,-0.1229f,0f,0f,0f,1f],start_interpolation: 0,interpolation_duration: 1}
$data merge entity $(bone_leg_right) {transformation: [-0.4161f,0.1917f,0.8889f,-0.1094f,0.285f,0.9558f,-0.0727f,0.4375f,-0.8635f,0.2231f,-0.4523f,-0.075f,0f,0f,0f,1f],start_interpolation: 0,interpolation_duration: 1}
$data merge entity $(bone_foot_left) {transformation: [-0.9338f,-0.0046f,-0.3577f,0.1133f,-0.0485f,0.9923f,0.114f,0.1294f,0.3544f,0.1238f,-0.9269f,0.1036f,0f,0f,0f,1f],start_interpolation: 0,interpolation_duration: 1}
$data merge entity $(bone_leg_left3) {transformation: [-0.9338f,0.147f,-0.3261f,0.1523f,-0.0485f,0.8512f,0.5227f,0.2197f,0.3544f,0.5039f,-0.7877f,0.2188f,0f,0f,0f,1f],start_interpolation: 0,interpolation_duration: 1}
$data merge entity $(bone_leg_left2) {transformation: [-0.9536f,-0.1312f,-0.2711f,0.1233f,-0.0166f,0.9217f,-0.3875f,0.3516f,0.3007f,-0.365f,-0.8811f,0.1342f,0f,0f,0f,1f],start_interpolation: 0,interpolation_duration: 1}
$data merge entity $(bone_leg_left) {transformation: [-0.9536f,-0.1312f,-0.2711f,0.0812f,-0.0166f,0.9217f,-0.3875f,0.4375f,0.3007f,-0.365f,-0.8811f,0.1094f,0f,0f,0f,1f],start_interpolation: 0,interpolation_duration: 1}