# This file was generated by Animated Java via MC-Build. It is not recommended to edit this file directly.
$data merge entity $(bone_eyelid_right) {transformation: [-0.9942f,0.1072f,0.0066f,-0.1355f,0.1067f,0.9792f,0.1725f,1.12f,0.012f,0.1722f,-0.985f,0.2893f,0f,0f,0f,1f],start_interpolation: 0,interpolation_duration: 1}
$data merge entity $(bone_eye_right) {transformation: [-0.9942f,0.1072f,0.0066f,-0.1355f,0.1067f,0.9792f,0.1725f,1.1203f,0.012f,0.1722f,-0.985f,0.2878f,0f,0f,0f,1f],start_interpolation: 0,interpolation_duration: 1}
$data merge entity $(bone_eyelid_left) {transformation: [-0.9977f,-0.0671f,0.0066f,-0.135f,-0.065f,0.9829f,0.1725f,1.1015f,-0.0181f,0.1717f,-0.985f,0.2845f,0f,0f,0f,1f],start_interpolation: 0,interpolation_duration: 1}
$data merge entity $(bone_eye_left) {transformation: [-0.9977f,-0.0671f,0.0066f,0.0832f,-0.065f,0.9829f,0.1725f,1.1157f,-0.0181f,0.1717f,-0.985f,0.2885f,0f,0f,0f,1f],start_interpolation: 0,interpolation_duration: 1}
$data merge entity $(bone_mouth_closed) {transformation: [-0.9998f,0.0201f,0.0066f,-0.0597f,0.0209f,0.9848f,0.1725f,0.9719f,-0.003f,0.1726f,-0.985f,0.0396f,0f,0f,0f,1f],start_interpolation: 0,interpolation_duration: 1}
$data merge entity $(bone_mouth_open) {transformation: [-0.9998f,0.0201f,0.0066f,-0.0603f,0.0209f,0.9848f,0.1725f,0.9422f,-0.003f,0.1726f,-0.985f,0.028f,0f,0f,0f,1f],start_interpolation: 0,interpolation_duration: 1}
$data merge entity $(bone_head) {transformation: [-0.9998f,0.0201f,0.0066f,-0.0291f,0.0209f,0.9848f,0.1725f,0.9404f,-0.003f,0.1726f,-0.985f,0.0343f,0f,0f,0f,1f],start_interpolation: 0,interpolation_duration: 1}
$data merge entity $(bone_neck) {transformation: [-0.9834f,-0.1514f,-0.1004f,-0.0172f,-0.1724f,0.9521f,0.2525f,0.8661f,0.0574f,0.2656f,-0.9624f,0.0135f,0f,0f,0f,1f],start_interpolation: 0,interpolation_duration: 1}
$data merge entity $(bone_finger_left2) {transformation: [0.02f,-0.5329f,0.846f,0.1968f,0.4547f,-0.7487f,-0.4823f,0.761f,0.8904f,0.3943f,0.2273f,0.5776f,0f,0f,0f,1f],start_interpolation: 0,interpolation_duration: 1}
$data merge entity $(bone_finger_left) {transformation: [0.5332f,-0.0033f,0.846f,0.2635f,0.7678f,0.4216f,-0.4823f,0.857f,-0.3551f,0.9068f,0.2273f,0.5332f,0f,0f,0f,1f],start_interpolation: 0,interpolation_duration: 1}
$data merge entity $(bone_finger_left4) {transformation: [-0.0033f,-0.6049f,0.7963f,0.2672f,0.4216f,-0.7229f,-0.5474f,0.7214f,0.9068f,0.3339f,0.2574f,0.5963f,0f,0f,0f,1f],start_interpolation: 0,interpolation_duration: 1}
$data merge entity $(bone_finger_left3) {transformation: [0.6049f,-0.0033f,0.7963f,0.3428f,0.7229f,0.4216f,-0.5474f,0.8117f,-0.3339f,0.9068f,0.2574f,0.5545f,0f,0f,0f,1f],start_interpolation: 0,interpolation_duration: 1}
$data merge entity $(bone_thumb_left2) {transformation: [-0.0936f,-0.8688f,-0.4863f,0.1414f,0.1666f,-0.4952f,0.8527f,0.812f,-0.9816f,-0.0012f,0.1911f,0.3989f,0f,0f,0f,1f],start_interpolation: 0,interpolation_duration: 1}
$data merge entity $(bone_thumb_left) {transformation: [-0.0936f,-0.5601f,0.8231f,0.2472f,0.1666f,0.8063f,0.5676f,0.8777f,-0.9816f,0.1903f,0.0179f,0.4318f,0f,0f,0f,1f],start_interpolation: 0,interpolation_duration: 1}
$data merge entity $(bone_hand_left) {transformation: [0.2491f,0.4715f,0.846f,0.3126f,-0.0194f,0.8758f,-0.4823f,0.7766f,-0.9683f,0.1037f,0.2273f,0.3861f,0f,0f,0f,1f],start_interpolation: 0,interpolation_duration: 1}
$data merge entity $(bone_arm_left2) {transformation: [0.0741f,0.4357f,0.897f,0.3872f,-0.0726f,0.8995f,-0.4309f,0.7315f,-0.9946f,-0.0332f,0.0983f,0.1436f,0f,0f,0f,1f],start_interpolation: 0,interpolation_duration: 1}
$data merge entity $(bone_arm_left) {transformation: [-0.7889f,0.4307f,0.4383f,0.1626f,0.3732f,0.9025f,-0.215f,0.8382f,-0.4881f,-0.006f,-0.8727f,0.0761f,0f,0f,0f,1f],start_interpolation: 0,interpolation_duration: 1}
$data merge entity $(bone_finger_right2) {transformation: [0.7252f,-0.1617f,-0.6693f,-0.5931f,-0.6462f,-0.4957f,-0.5803f,0.767f,-0.238f,0.8533f,-0.4639f,0.1963f,0f,0f,0f,1f],start_interpolation: 0,interpolation_duration: 1}
$data merge entity $(bone_finger_right) {transformation: [-0.1299f,-0.7315f,-0.6693f,-0.5769f,-0.5234f,0.6239f,-0.5803f,0.8324f,0.8421f,0.275f,-0.4639f,0.091f,0f,0f,0f,1f],start_interpolation: 0,interpolation_duration: 1}
$data merge entity $(bone_finger_right4) {transformation: [0.74f,-0.1088f,-0.6637f,-0.6288f,-0.6462f,-0.3887f,-0.6568f,0.7101f,-0.1866f,0.9149f,-0.3579f,0.1519f,0f,0f,0f,1f],start_interpolation: 0,interpolation_duration: 1}
$data merge entity $(bone_finger_right3) {transformation: [0.0865f,-0.743f,-0.6637f,-0.6396f,-0.5427f,0.5236f,-0.6568f,0.778f,0.8355f,0.417f,-0.3579f,0.0475f,0f,0f,0f,1f],start_interpolation: 0,interpolation_duration: 1}
$data merge entity $(bone_thumb_right2) {transformation: [-0.8654f,0.4881f,-0.1134f,-0.3944f,-0.0591f,0.1252f,0.9904f,0.8173f,0.4976f,0.8637f,-0.0795f,0.1335f,0f,0f,0f,1f],start_interpolation: 0,interpolation_duration: 1}
$data merge entity $(bone_thumb_right) {transformation: [-0.8654f,0.0604f,-0.4975f,-0.4837f,-0.0591f,0.9735f,0.221f,0.843f,0.4976f,0.2207f,-0.8388f,0.0442f,0f,0f,0f,1f],start_interpolation: 0,interpolation_duration: 1}
$data merge entity $(bone_hand_right) {transformation: [-0.6594f,-0.3423f,-0.6693f,-0.4838f,0.1764f,0.7951f,-0.5803f,0.7279f,0.7308f,-0.5007f,-0.4639f,-0.0136f,0f,0f,0f,1f],start_interpolation: 0,interpolation_duration: 1}
$data merge entity $(bone_arm_right2) {transformation: [-0.7478f,-0.4281f,-0.5075f,-0.3286f,0.0021f,0.7629f,-0.6466f,0.687f,0.6639f,-0.4845f,-0.5696f,-0.2152f,0f,0f,0f,1f],start_interpolation: 0,interpolation_duration: 1}
$data merge entity $(bone_arm_right) {transformation: [-0.7276f,-0.543f,0.4192f,-0.1729f,-0.6323f,0.7679f,-0.1027f,0.8515f,-0.2662f,-0.3398f,-0.9021f,-0.0923f,0f,0f,0f,1f],start_interpolation: 0,interpolation_duration: 1}
$data merge entity $(bone_torso) {transformation: [-0.8744f,-0.048f,0.4828f,0f,-0.0026f,0.9955f,0.0942f,0.5083f,-0.4852f,0.0812f,-0.8706f,-0.0156f,0f,0f,0f,1f],start_interpolation: 0,interpolation_duration: 1}
$data merge entity $(bone_foot_right) {transformation: [-0.4851f,-0.2273f,0.8444f,-0.1309f,0.0259f,0.9615f,0.2737f,0.1712f,-0.8741f,0.1546f,-0.4605f,-0.1968f,0f,0f,0f,1f],start_interpolation: 0,interpolation_duration: 1}
$data merge entity $(bone_leg_right3) {transformation: [-0.4982f,-0.5097f,0.7014f,-0.2405f,0.2539f,0.6878f,0.6801f,0.2224f,-0.829f,0.5169f,-0.2133f,-0.1009f,0f,0f,0f,1f],start_interpolation: 0,interpolation_duration: 1}
$data merge entity $(bone_leg_right2) {transformation: [-0.5308f,0.3625f,0.7661f,-0.1599f,0.3635f,0.9139f,-0.1806f,0.3595f,-0.7656f,0.1827f,-0.6169f,-0.0917f,0f,0f,0f,1f],start_interpolation: 0,interpolation_duration: 1}
$data merge entity $(bone_leg_right) {transformation: [-0.5308f,0.3625f,0.7661f,-0.1094f,0.3635f,0.9139f,-0.1806f,0.4338f,-0.7656f,0.1827f,-0.6169f,-0.0506f,0f,0f,0f,1f],start_interpolation: 0,interpolation_duration: 1}
$data merge entity $(bone_foot_left) {transformation: [-0.9428f,0.06f,-0.328f,0.1223f,0.046f,0.9977f,0.0504f,0.1229f,0.3302f,0.0324f,-0.9433f,0.097f,0f,0f,0f,1f],start_interpolation: 0,interpolation_duration: 1}
$data merge entity $(bone_leg_left3) {transformation: [-0.9428f,0.1985f,-0.2679f,0.1685f,0.046f,0.8731f,0.4853f,0.2125f,0.3302f,0.4452f,-0.8323f,0.2166f,0f,0f,0f,1f],start_interpolation: 0,interpolation_duration: 1}
$data merge entity $(bone_leg_left2) {transformation: [-0.9536f,-0.0968f,-0.2851f,0.1445f,0.0158f,0.9295f,-0.3685f,0.3462f,0.3007f,-0.3559f,-0.8848f,0.1333f,0f,0f,0f,1f],start_interpolation: 0,interpolation_duration: 1}
$data merge entity $(bone_leg_left) {transformation: [-0.9536f,-0.0968f,-0.2851f,0.1056f,0.0158f,0.9295f,-0.3685f,0.4338f,0.3007f,-0.3559f,-0.8848f,0.1094f,0f,0f,0f,1f],start_interpolation: 0,interpolation_duration: 1}