# This file was generated by Animated Java via MC-Build. It is not recommended to edit this file directly.
$data merge entity $(bone_eyelid_right) {transformation: [-0.9953f,0.0966f,0.0086f,-0.1355f,0.0967f,0.9816f,0.1643f,1.1286f,0.0075f,0.1644f,-0.9864f,0.2874f,0f,0f,0f,1f],start_interpolation: 0,interpolation_duration: 1}
$data merge entity $(bone_eye_right) {transformation: [-0.9953f,0.0966f,0.0086f,-0.1355f,0.0967f,0.9816f,0.1643f,1.1289f,0.0075f,0.1644f,-0.9864f,0.2859f,0f,0f,0f,1f],start_interpolation: 0,interpolation_duration: 1}
$data merge entity $(bone_eyelid_left) {transformation: [-0.9969f,-0.0777f,0.0086f,-0.1348f,-0.0752f,0.9835f,0.1643f,1.11f,-0.0212f,0.1632f,-0.9864f,0.2828f,0f,0f,0f,1f],start_interpolation: 0,interpolation_duration: 1}
$data merge entity $(bone_eye_left) {transformation: [-0.9969f,-0.0777f,0.0086f,0.0832f,-0.0752f,0.9835f,0.1643f,1.1265f,-0.0212f,0.1632f,-0.9864f,0.2874f,0f,0f,0f,1f],start_interpolation: 0,interpolation_duration: 1}
$data merge entity $(bone_mouth_closed) {transformation: [-0.9999f,0.0095f,0.0086f,-0.0573f,0.0108f,0.9863f,0.1643f,0.9791f,-0.0069f,0.1644f,-0.9864f,0.0392f,0f,0f,0f,1f],start_interpolation: 0,interpolation_duration: 1}
$data merge entity $(bone_mouth_open) {transformation: [-0.9999f,0.0095f,0.0086f,-0.0575f,0.0108f,0.9863f,0.1643f,0.9493f,-0.0069f,0.1644f,-0.9864f,0.0279f,0f,0f,0f,1f],start_interpolation: 0,interpolation_duration: 1}
$data merge entity $(bone_head) {transformation: [-0.9999f,0.0095f,0.0086f,-0.0263f,0.0108f,0.9863f,0.1643f,0.948f,-0.0069f,0.1644f,-0.9864f,0.0343f,0f,0f,0f,1f],start_interpolation: 0,interpolation_duration: 1}
$data merge entity $(bone_neck) {transformation: [-0.9865f,-0.163f,0.0177f,-0.0136f,-0.1528f,0.9533f,0.2606f,0.8735f,-0.0593f,0.2544f,-0.9653f,0.0144f,0f,0f,0f,1f],start_interpolation: 0,interpolation_duration: 1}
$data merge entity $(bone_finger_left2) {transformation: [-0.0618f,-0.4763f,0.8771f,0.118f,0.4873f,-0.7814f,-0.39f,0.7749f,0.8711f,0.4033f,0.2803f,0.701f,0f,0f,0f,1f],start_interpolation: 0,interpolation_duration: 1}
$data merge entity $(bone_finger_left) {transformation: [0.4731f,-0.0825f,0.8771f,0.1772f,0.8019f,0.4527f,-0.39f,0.8752f,-0.3649f,0.8878f,0.2803f,0.6554f,0f,0f,0f,1f],start_interpolation: 0,interpolation_duration: 1}
$data merge entity $(bone_finger_left4) {transformation: [-0.0825f,-0.5478f,0.8325f,0.1909f,0.4527f,-0.7648f,-0.4584f,0.743f,0.8878f,0.3391f,0.3111f,0.724f,0f,0f,0f,1f],start_interpolation: 0,interpolation_duration: 1}
$data merge entity $(bone_finger_left3) {transformation: [0.5478f,-0.0825f,0.8325f,0.2594f,0.7648f,0.4527f,-0.4584f,0.8386f,-0.3391f,0.8878f,0.3111f,0.6816f,0f,0f,0f,1f],start_interpolation: 0,interpolation_duration: 1}
$data merge entity $(bone_thumb_left2) {transformation: [-0.0662f,-0.8172f,-0.5725f,0.0658f,0.1203f,-0.5762f,0.8084f,0.8137f,-0.9905f,-0.0154f,0.1365f,0.5182f,0f,0f,0f,1f],start_interpolation: 0,interpolation_duration: 1}
$data merge entity $(bone_thumb_left) {transformation: [-0.0662f,-0.6416f,0.7642f,0.1634f,0.1203f,0.7551f,0.6444f,0.8905f,-0.9905f,0.1346f,0.0272f,0.5526f,0f,0f,0f,1f],start_interpolation: 0,interpolation_duration: 1}
$data merge entity $(bone_hand_left) {transformation: [0.2916f,0.3816f,0.8771f,0.24f,-0.0313f,0.9203f,-0.39f,0.7945f,-0.956f,0.0863f,0.2803f,0.5137f,0f,0f,0f,1f],start_interpolation: 0,interpolation_duration: 1}
$data merge entity $(bone_arm_left2) {transformation: [0.1171f,0.4522f,0.8842f,0.3245f,-0.0817f,0.8917f,-0.4452f,0.7462f,-0.9897f,-0.0201f,0.1414f,0.2751f,0f,0f,0f,1f],start_interpolation: 0,interpolation_duration: 1}
$data merge entity $(bone_arm_left) {transformation: [-0.5631f,0.4324f,0.7042f,0.1397f,0.2907f,0.9014f,-0.321f,0.839f,-0.7736f,0.024f,-0.6333f,0.1213f,0f,0f,0f,1f],start_interpolation: 0,interpolation_duration: 1}
$data merge entity $(bone_finger_right2) {transformation: [0.8288f,-0.282f,-0.4834f,-0.5933f,-0.544f,-0.6085f,-0.5777f,0.7249f,-0.1313f,0.7417f,-0.6577f,0.0391f,0f,0f,0f,1f],start_interpolation: 0,interpolation_duration: 1}
$data merge entity $(bone_finger_right) {transformation: [-0.2456f,-0.8403f,-0.4834f,-0.5626f,-0.6317f,0.5169f,-0.5777f,0.8039f,0.7353f,0.1635f,-0.6577f,-0.0528f,0f,0f,0f,1f],start_interpolation: 0,interpolation_duration: 1}
$data merge entity $(bone_finger_right4) {transformation: [0.8322f,-0.2561f,-0.4918f,-0.612f,-0.5489f,-0.5055f,-0.6657f,0.6709f,-0.0781f,0.8239f,-0.5613f,-0.0175f,0f,0f,0f,1f],start_interpolation: 0,interpolation_duration: 1}
$data merge entity $(bone_finger_right3) {transformation: [-0.032f,-0.8701f,-0.4918f,-0.608f,-0.6304f,0.3994f,-0.6657f,0.7497f,0.7756f,0.2887f,-0.5613f,-0.1145f,0f,0f,0f,1f],start_interpolation: 0,interpolation_duration: 1}
$data merge entity $(bone_thumb_right2) {transformation: [-0.939f,0.2746f,-0.2072f,-0.393f,-0.1975f,0.0628f,0.9783f,0.8003f,0.2817f,0.9595f,-0.0047f,0.028f,0f,0f,0f,1f],start_interpolation: 0,interpolation_duration: 1}
$data merge entity $(bone_thumb_right) {transformation: [-0.939f,-0.1007f,-0.3289f,-0.4635f,-0.1975f,0.9408f,0.2756f,0.8285f,0.2817f,0.3237f,-0.9032f,-0.0761f,0f,0f,0f,1f],start_interpolation: 0,interpolation_duration: 1}
$data merge entity $(bone_hand_right) {transformation: [-0.8161f,-0.3167f,-0.4834f,-0.438f,0.0256f,0.8158f,-0.5777f,0.7218f,0.5773f,-0.4838f,-0.6577f,-0.1436f,0f,0f,0f,1f],start_interpolation: 0,interpolation_duration: 1}
$data merge entity $(bone_arm_right2) {transformation: [-0.8748f,-0.3629f,-0.321f,-0.2394f,-0.1373f,0.821f,-0.5542f,0.7215f,0.4646f,-0.4407f,-0.768f,-0.3078f,0f,0f,0f,1f],start_interpolation: 0,interpolation_duration: 1}
$data merge entity $(bone_arm_right) {transformation: [-0.5138f,-0.4626f,0.7225f,-0.1561f,-0.5888f,0.8026f,0.0952f,0.8627f,-0.6239f,-0.3765f,-0.6848f,-0.109f,0f,0f,0f,1f],start_interpolation: 0,interpolation_duration: 1}
$data merge entity $(bone_torso) {transformation: [-0.8115f,-0.0378f,0.5831f,0f,0.0182f,0.9958f,0.09f,0.5156f,-0.584f,0.0836f,-0.8074f,-0.0156f,0f,0f,0f,1f],start_interpolation: 0,interpolation_duration: 1}
$data merge entity $(bone_foot_right) {transformation: [-0.413f,-0.1816f,0.8925f,-0.1055f,0.005f,0.9795f,0.2016f,0.1482f,-0.9107f,0.0877f,-0.4036f,-0.1978f,0f,0f,0f,1f],start_interpolation: 0,interpolation_duration: 1}
$data merge entity $(bone_leg_right3) {transformation: [-0.4309f,-0.4818f,0.763f,-0.2209f,0.2191f,0.7644f,0.6064f,0.2178f,-0.8754f,0.4285f,-0.2239f,-0.1235f,0f,0f,0f,1f],start_interpolation: 0,interpolation_duration: 1}
$data merge entity $(bone_leg_right2) {transformation: [-0.4766f,0.2826f,0.8325f,-0.1508f,0.3264f,0.9361f,-0.1309f,0.3599f,-0.8163f,0.2094f,-0.5384f,-0.1076f,0f,0f,0f,1f],start_interpolation: 0,interpolation_duration: 1}
$data merge entity $(bone_leg_right) {transformation: [-0.4766f,0.2826f,0.8325f,-0.1094f,0.3264f,0.9361f,-0.1309f,0.4375f,-0.8163f,0.2094f,-0.5384f,-0.0625f,0f,0f,0f,1f],start_interpolation: 0,interpolation_duration: 1}
$data merge entity $(bone_foot_left) {transformation: [-0.9397f,0.0298f,-0.3407f,0.1184f,0f,0.9962f,0.0872f,0.128f,0.342f,0.0819f,-0.9361f,0.1018f,0f,0f,0f,1f],start_interpolation: 0,interpolation_duration: 1}
$data merge entity $(bone_leg_left3) {transformation: [-0.9397f,0.171f,-0.2962f,0.161f,0f,0.866f,0.5f,0.2185f,0.342f,0.4698f,-0.8138f,0.2188f,0f,0f,0f,1f],start_interpolation: 0,interpolation_duration: 1}
$data merge entity $(bone_leg_left2) {transformation: [-0.9537f,-0.1151f,-0.2778f,0.1343f,0f,0.9239f,-0.3827f,0.3509f,0.3007f,-0.365f,-0.8811f,0.1342f,0f,0f,0f,1f],start_interpolation: 0,interpolation_duration: 1}
$data merge entity $(bone_leg_left) {transformation: [-0.9537f,-0.1151f,-0.2778f,0.0937f,0f,0.9239f,-0.3827f,0.4375f,0.3007f,-0.365f,-0.8811f,0.1094f,0f,0f,0f,1f],start_interpolation: 0,interpolation_duration: 1}