# This file was generated by Animated Java via MC-Build. It is not recommended to edit this file directly.
$data merge entity $(bone_eyelid_right) {transformation: [-0.9932f,0.1163f,0.0095f,-0.1289f,0.1158f,0.9723f,0.2032f,1.1271f,0.0144f,0.2029f,-0.9791f,0.3019f,0f,0f,0f,1f],start_interpolation: 0,interpolation_duration: 1}
$data merge entity $(bone_eye_right) {transformation: [-0.9932f,0.1163f,0.0095f,-0.1289f,0.1158f,0.9723f,0.2032f,1.1274f,0.0144f,0.2029f,-0.9791f,0.3003f,0f,0f,0f,1f],start_interpolation: 0,interpolation_duration: 1}
$data merge entity $(bone_eyelid_left) {transformation: [-0.9983f,-0.058f,0.0095f,-0.1286f,-0.0548f,0.9776f,0.2032f,1.1087f,-0.0211f,0.2023f,-0.9791f,0.2965f,0f,0f,0f,1f],start_interpolation: 0,interpolation_duration: 1}
$data merge entity $(bone_eye_left) {transformation: [-0.9983f,-0.058f,0.0095f,0.0898f,-0.0548f,0.9776f,0.2032f,1.1207f,-0.0211f,0.2023f,-0.9791f,0.3011f,0f,0f,0f,1f],start_interpolation: 0,interpolation_duration: 1}
$data merge entity $(bone_mouth_closed) {transformation: [-0.9995f,0.0293f,0.0095f,-0.0542f,0.0306f,0.9787f,0.2032f,0.9861f,-0.0034f,0.2034f,-0.9791f,0.0477f,0f,0f,0f,1f],start_interpolation: 0,interpolation_duration: 1}
$data merge entity $(bone_mouth_open) {transformation: [-0.9995f,0.0293f,0.0095f,-0.055f,0.0306f,0.9787f,0.2032f,0.9568f,-0.0034f,0.2034f,-0.9791f,0.0352f,0f,0f,0f,1f],start_interpolation: 0,interpolation_duration: 1}
$data merge entity $(bone_head) {transformation: [-0.9995f,0.0293f,0.0095f,-0.0238f,0.0306f,0.9787f,0.2032f,0.9546f,-0.0034f,0.2034f,-0.9791f,0.0414f,0f,0f,0f,1f],start_interpolation: 0,interpolation_duration: 1}
$data merge entity $(bone_neck) {transformation: [-0.9866f,-0.1428f,-0.0788f,-0.0127f,-0.159f,0.9494f,0.2708f,0.8804f,0.0361f,0.2797f,-0.9594f,0.0196f,0f,0f,0f,1f],start_interpolation: 0,interpolation_duration: 1}
$data merge entity $(bone_finger_left2) {transformation: [0.0166f,-0.5354f,0.8445f,0.1963f,0.4798f,-0.7367f,-0.4765f,0.7818f,0.8772f,0.4131f,0.2446f,0.5885f,0f,0f,0f,1f],start_interpolation: 0,interpolation_duration: 1}
$data merge entity $(bone_finger_left) {transformation: [0.5356f,-0.0067f,0.8445f,0.2632f,0.7569f,0.4472f,-0.4765f,0.8764f,-0.3745f,0.8944f,0.2446f,0.5417f,0f,0f,0f,1f],start_interpolation: 0,interpolation_duration: 1}
$data merge entity $(bone_finger_left4) {transformation: [-0.0067f,-0.6072f,0.7946f,0.2665f,0.4472f,-0.7125f,-0.5407f,0.7426f,0.8944f,0.3517f,0.2763f,0.6086f,0f,0f,0f,1f],start_interpolation: 0,interpolation_duration: 1}
$data merge entity $(bone_finger_left3) {transformation: [0.6072f,-0.0067f,0.7946f,0.3424f,0.7125f,0.4472f,-0.5407f,0.8317f,-0.3517f,0.8944f,0.2763f,0.5646f,0f,0f,0f,1f],start_interpolation: 0,interpolation_duration: 1}
$data merge entity $(bone_thumb_left2) {transformation: [-0.0892f,-0.8693f,-0.4861f,0.1416f,0.1387f,-0.4942f,0.8582f,0.8277f,-0.9863f,0.0091f,0.1647f,0.4081f,0f,0f,0f,1f],start_interpolation: 0,interpolation_duration: 1}
$data merge entity $(bone_thumb_left) {transformation: [-0.0892f,-0.5601f,0.8236f,0.2474f,0.1387f,0.8119f,0.5671f,0.8943f,-0.9863f,0.1648f,0.0053f,0.4396f,0f,0f,0f,1f],start_interpolation: 0,interpolation_duration: 1}
$data merge entity $(bone_hand_left) {transformation: [0.2533f,0.472f,0.8445f,0.3129f,-0.0472f,0.8779f,-0.4765f,0.7918f,-0.9662f,0.0808f,0.2446f,0.3971f,0f,0f,0f,1f],start_interpolation: 0,interpolation_duration: 1}
$data merge entity $(bone_arm_left2) {transformation: [0.0774f,0.4528f,0.8883f,0.3877f,-0.0977f,0.8901f,-0.4452f,0.7395f,-0.9922f,-0.0523f,0.1132f,0.1561f,0f,0f,0f,1f],start_interpolation: 0,interpolation_duration: 1}
$data merge entity $(bone_arm_left) {transformation: [-0.7794f,0.4477f,0.4383f,0.1655f,0.3763f,0.8938f,-0.2439f,0.8489f,-0.5009f,-0.0252f,-0.8651f,0.085f,0f,0f,0f,1f],start_interpolation: 0,interpolation_duration: 1}
$data merge entity $(bone_finger_right2) {transformation: [0.7042f,-0.2037f,-0.6801f,-0.5936f,-0.6654f,-0.5236f,-0.5321f,0.7843f,-0.2477f,0.8272f,-0.5043f,0.19f,0f,0f,0f,1f],start_interpolation: 0,interpolation_duration: 1}
$data merge entity $(bone_finger_right) {transformation: [-0.1728f,-0.7124f,-0.6801f,-0.572f,-0.5522f,0.6419f,-0.5321f,0.8534f,0.8156f,0.2836f,-0.5043f,0.0881f,0f,0f,0f,1f],start_interpolation: 0,interpolation_duration: 1}
$data merge entity $(bone_finger_right4) {transformation: [0.7177f,-0.1481f,-0.6804f,-0.6304f,-0.6681f,-0.4216f,-0.6131f,0.731f,-0.196f,0.8946f,-0.4016f,0.1424f,0f,0f,0f,1f],start_interpolation: 0,interpolation_duration: 1}
$data merge entity $(bone_finger_right3) {transformation: [0.0427f,-0.7316f,-0.6804f,-0.6358f,-0.5802f,0.5363f,-0.6131f,0.8035f,0.8134f,0.4209f,-0.4016f,0.0408f,0f,0f,0f,1f],start_interpolation: 0,interpolation_duration: 1}
$data merge entity $(bone_thumb_right2) {transformation: [-0.8797f,0.4703f,-0.071f,-0.3915f,-0.0437f,0.0687f,0.9967f,0.8289f,0.4736f,0.8798f,-0.0399f,0.1343f,0f,0f,0f,1f],start_interpolation: 0,interpolation_duration: 1}
$data merge entity $(bone_thumb_right) {transformation: [-0.8797f,0.0942f,-0.4662f,-0.4773f,-0.0437f,0.9601f,0.2763f,0.8621f,0.4736f,0.2635f,-0.8404f,0.0441f,0f,0f,0f,1f],start_interpolation: 0,interpolation_duration: 1}
$data merge entity $(bone_hand_right) {transformation: [-0.6704f,-0.2966f,-0.6801f,-0.4806f,0.1731f,0.8288f,-0.5321f,0.7496f,0.7215f,-0.4745f,-0.5043f,-0.0187f,0f,0f,0f,1f],start_interpolation: 0,interpolation_duration: 1}
$data merge entity $(bone_arm_right2) {transformation: [-0.76f,-0.408f,-0.5059f,-0.3222f,0.0013f,0.7774f,-0.629f,0.7099f,0.6499f,-0.4787f,-0.5903f,-0.218f,0f,0f,0f,1f],start_interpolation: 0,interpolation_duration: 1}
$data merge entity $(bone_arm_right) {transformation: [-0.7314f,-0.5256f,0.4345f,-0.1665f,-0.6168f,0.7816f,-0.0929f,0.87f,-0.2908f,-0.336f,-0.8959f,-0.0894f,0f,0f,0f,1f],start_interpolation: 0,interpolation_duration: 1}
$data merge entity $(bone_torso) {transformation: [-0.8651f,-0.0353f,0.5004f,0f,0.0187f,0.9946f,0.1025f,0.523f,-0.5012f,0.098f,-0.8597f,-0.0156f,0f,0f,0f,1f],start_interpolation: 0,interpolation_duration: 1}
$data merge entity $(bone_foot_right) {transformation: [-0.4533f,-0.2694f,0.8497f,-0.1309f,0.0595f,0.942f,0.3304f,0.1785f,-0.8894f,0.2003f,-0.4109f,-0.1968f,0f,0f,0f,1f],start_interpolation: 0,interpolation_duration: 1}
$data merge entity $(bone_leg_right3) {transformation: [-0.4982f,-0.5097f,0.7014f,-0.2405f,0.2539f,0.6878f,0.6801f,0.2297f,-0.829f,0.5169f,-0.2133f,-0.1009f,0f,0f,0f,1f],start_interpolation: 0,interpolation_duration: 1}
$data merge entity $(bone_leg_right2) {transformation: [-0.5308f,0.3625f,0.7661f,-0.1599f,0.3635f,0.9139f,-0.1806f,0.3669f,-0.7656f,0.1827f,-0.6169f,-0.0917f,0f,0f,0f,1f],start_interpolation: 0,interpolation_duration: 1}
$data merge entity $(bone_leg_right) {transformation: [-0.5308f,0.3625f,0.7661f,-0.1094f,0.3635f,0.9139f,-0.1806f,0.4412f,-0.7656f,0.1827f,-0.6169f,-0.0506f,0f,0f,0f,1f],start_interpolation: 0,interpolation_duration: 1}
$data merge entity $(bone_foot_left) {transformation: [-0.943f,0.0673f,-0.326f,0.1242f,0.0466f,0.9964f,0.0708f,0.1302f,0.3296f,0.0516f,-0.9427f,0.1031f,0f,0f,0f,1f],start_interpolation: 0,interpolation_duration: 1}
$data merge entity $(bone_leg_left3) {transformation: [-0.943f,0.1932f,-0.2711f,0.1699f,0.0466f,0.8829f,0.4673f,0.2224f,0.3296f,0.428f,-0.8415f,0.2209f,0f,0f,0f,1f],start_interpolation: 0,interpolation_duration: 1}
$data merge entity $(bone_leg_left2) {transformation: [-0.9536f,-0.1026f,-0.2831f,0.1451f,0.0158f,0.9217f,-0.3875f,0.3543f,0.3007f,-0.374f,-0.8773f,0.135f,0f,0f,0f,1f],start_interpolation: 0,interpolation_duration: 1}
$data merge entity $(bone_leg_left) {transformation: [-0.9536f,-0.1026f,-0.2831f,0.1056f,0.0158f,0.9217f,-0.3875f,0.4412f,0.3007f,-0.374f,-0.8773f,0.1094f,0f,0f,0f,1f],start_interpolation: 0,interpolation_duration: 1}