# This file was generated by Animated Java via MC-Build. It is not recommended to edit this file directly.
$data merge entity $(bone_eyelid_right) {transformation: [-0.9956f,0.0936f,0.0071f,-0.1393f,0.0933f,0.9789f,0.1821f,1.1302f,0.0101f,0.1819f,-0.9833f,0.2956f,0f,0f,0f,1f],start_interpolation: 0,interpolation_duration: 1}
$data merge entity $(bone_eye_right) {transformation: [-0.9956f,0.0936f,0.0071f,-0.1393f,0.0933f,0.9789f,0.1821f,1.1305f,0.0101f,0.1819f,-0.9833f,0.294f,0f,0f,0f,1f],start_interpolation: 0,interpolation_duration: 1}
$data merge entity $(bone_eyelid_left) {transformation: [-0.9967f,-0.0807f,0.0071f,-0.1386f,-0.0781f,0.9802f,0.1821f,1.1117f,-0.0217f,0.1809f,-0.9833f,0.2906f,0f,0f,0f,1f],start_interpolation: 0,interpolation_duration: 1}
$data merge entity $(bone_eye_left) {transformation: [-0.9967f,-0.0807f,0.0071f,0.0794f,-0.0781f,0.9802f,0.1821f,1.1288f,-0.0217f,0.1809f,-0.9833f,0.2953f,0f,0f,0f,1f],start_interpolation: 0,interpolation_duration: 1}
$data merge entity $(bone_mouth_closed) {transformation: [-1f,0.0064f,0.0071f,-0.0608f,0.0076f,0.9833f,0.1821f,0.9855f,-0.0058f,0.1821f,-0.9833f,0.0446f,0f,0f,0f,1f],start_interpolation: 0,interpolation_duration: 1}
$data merge entity $(bone_mouth_open) {transformation: [-1f,0.0064f,0.0071f,-0.061f,0.0076f,0.9833f,0.1821f,0.9559f,-0.0058f,0.1821f,-0.9833f,0.0328f,0f,0f,0f,1f],start_interpolation: 0,interpolation_duration: 1}
$data merge entity $(bone_head) {transformation: [-1f,0.0064f,0.0071f,-0.0298f,0.0076f,0.9833f,0.1821f,0.9545f,-0.0058f,0.1821f,-0.9833f,0.0391f,0f,0f,0f,1f],start_interpolation: 0,interpolation_duration: 1}
$data merge entity $(bone_neck) {transformation: [-0.986f,-0.1658f,-0.017f,-0.0168f,-0.1642f,0.9489f,0.2693f,0.8804f,-0.0285f,0.2684f,-0.9629f,0.0182f,0f,0f,0f,1f],start_interpolation: 0,interpolation_duration: 1}
$data merge entity $(bone_finger_left2) {transformation: [-0.0695f,-0.4273f,0.9014f,0.1132f,0.357f,-0.8544f,-0.3775f,0.7107f,0.9315f,0.2956f,0.2119f,0.7163f,0f,0f,0f,1f],start_interpolation: 0,interpolation_duration: 1}
$data merge entity $(bone_finger_left) {transformation: [0.4238f,-0.0881f,0.9014f,0.1662f,0.8692f,0.3194f,-0.3775f,0.8193f,-0.2547f,0.9435f,0.2119f,0.6845f,0f,0f,0f,1f],start_interpolation: 0,interpolation_duration: 1}
$data merge entity $(bone_finger_left4) {transformation: [-0.0881f,-0.5008f,0.8611f,0.1881f,0.3194f,-0.833f,-0.4518f,0.6798f,0.9435f,0.2352f,0.2333f,0.7338f,0f,0f,0f,1f],start_interpolation: 0,interpolation_duration: 1}
$data merge entity $(bone_finger_left3) {transformation: [0.5008f,-0.0881f,0.8611f,0.2507f,0.833f,0.3194f,-0.4518f,0.7839f,-0.2352f,0.9435f,0.2333f,0.7043f,0f,0f,0f,1f],start_interpolation: 0,interpolation_duration: 1}
$data merge entity $(bone_thumb_left2) {transformation: [-0.092f,-0.7866f,-0.6106f,0.0555f,0.2535f,-0.6115f,0.7495f,0.7717f,-0.963f,-0.0859f,0.2556f,0.5415f,0f,0f,0f,1f],start_interpolation: 0,interpolation_duration: 1}
$data merge entity $(bone_thumb_left) {transformation: [-0.092f,-0.6769f,0.7303f,0.1496f,0.2535f,0.6934f,0.6745f,0.8481f,-0.963f,0.2472f,0.1078f,0.5851f,0f,0f,0f,1f],start_interpolation: 0,interpolation_duration: 1}
$data merge entity $(bone_hand_left) {transformation: [0.2738f,0.3353f,0.9014f,0.2303f,0.118f,0.9185f,-0.3775f,0.7627f,-0.9545f,0.2098f,0.2119f,0.5322f,0f,0f,0f,1f],start_interpolation: 0,interpolation_duration: 1}
$data merge entity $(bone_arm_left2) {transformation: [0.1035f,0.376f,0.9208f,0.3137f,0.0577f,0.922f,-0.383f,0.7532f,-0.993f,0.0928f,0.0737f,0.2885f,0f,0f,0f,1f],start_interpolation: 0,interpolation_duration: 1}
$data merge entity $(bone_arm_left) {transformation: [-0.5204f,0.3508f,0.7785f,0.135f,0.3194f,0.9255f,-0.2036f,0.8457f,-0.792f,0.1427f,-0.5937f,0.1276f,0f,0f,0f,1f],start_interpolation: 0,interpolation_duration: 1}
$data merge entity $(bone_finger_right2) {transformation: [0.8968f,-0.2044f,-0.3923f,-0.5853f,-0.4336f,-0.5818f,-0.6881f,0.717f,-0.0876f,0.7872f,-0.6104f,0.032f,0f,0f,0f,1f],start_interpolation: 0,interpolation_duration: 1}
$data merge entity $(bone_finger_right) {transformation: [-0.1651f,-0.9049f,-0.3923f,-0.5646f,-0.6002f,0.4078f,-0.6881f,0.792f,0.7826f,0.1219f,-0.6104f,-0.0658f,0f,0f,0f,1f],start_interpolation: 0,interpolation_duration: 1}
$data merge entity $(bone_finger_right4) {transformation: [0.9003f,-0.1938f,-0.3897f,-0.5957f,-0.4339f,-0.4701f,-0.7686f,0.6567f,-0.0342f,0.861f,-0.5074f,-0.0202f,0f,0f,0f,1f],start_interpolation: 0,interpolation_duration: 1}
$data merge entity $(bone_finger_right3) {transformation: [0.0458f,-0.9198f,-0.3897f,-0.6014f,-0.5664f,0.2974f,-0.7686f,0.7275f,0.8229f,0.2559f,-0.5074f,-0.1231f,0f,0f,0f,1f],start_interpolation: 0,interpolation_duration: 1}
$data merge entity $(bone_thumb_right2) {transformation: [-0.9062f,0.2526f,-0.339f,-0.397f,-0.302f,0.1745f,0.9372f,0.8181f,0.2959f,0.9517f,-0.0818f,0.0151f,0f,0f,0f,1f],start_interpolation: 0,interpolation_duration: 1}
$data merge entity $(bone_thumb_right) {transformation: [-0.9062f,-0.2322f,-0.3533f,-0.4695f,-0.302f,0.9404f,0.1566f,0.8282f,0.2959f,0.2486f,-0.9223f,-0.0909f,0f,0f,0f,1f],start_interpolation: 0,interpolation_duration: 1}
$data merge entity $(bone_hand_right) {transformation: [-0.8184f,-0.4199f,-0.3923f,-0.4289f,-0.0418f,0.7244f,-0.6881f,0.721f,0.5731f,-0.5467f,-0.6104f,-0.1498f,0f,0f,0f,1f],start_interpolation: 0,interpolation_duration: 1}
$data merge entity $(bone_arm_right2) {transformation: [-0.8699f,-0.3953f,-0.295f,-0.2299f,-0.2002f,0.8295f,-0.5214f,0.7385f,0.4508f,-0.3945f,-0.8007f,-0.3126f,0f,0f,0f,1f],start_interpolation: 0,interpolation_duration: 1}
$data merge entity $(bone_arm_right) {transformation: [-0.4547f,-0.4785f,0.7512f,-0.1631f,-0.565f,0.807f,0.172f,0.869f,-0.6885f,-0.3462f,-0.6373f,-0.1006f,0f,0f,0f,1f],start_interpolation: 0,interpolation_duration: 1}
$data merge entity $(bone_torso) {transformation: [-0.8304f,-0.0469f,0.5552f,0f,0.0135f,0.9945f,0.1042f,0.523f,-0.557f,0.094f,-0.8252f,-0.0156f,0f,0f,0f,1f],start_interpolation: 0,interpolation_duration: 1}
$data merge entity $(bone_foot_right) {transformation: [-0.3694f,-0.1804f,0.9116f,-0.0975f,0.0122f,0.9799f,0.1989f,0.1437f,-0.9292f,0.0846f,-0.3598f,-0.1969f,0f,0f,0f,1f],start_interpolation: 0,interpolation_duration: 1}
$data merge entity $(bone_leg_right3) {transformation: [-0.4084f,-0.4702f,0.7824f,-0.2141f,0.2074f,0.7869f,0.5812f,0.2189f,-0.8889f,0.3996f,-0.2239f,-0.1301f,0f,0f,0f,1f],start_interpolation: 0,interpolation_duration: 1}
$data merge entity $(bone_leg_right2) {transformation: [-0.4583f,0.2552f,0.8514f,-0.1476f,0.3139f,0.9427f,-0.1136f,0.3626f,-0.8315f,0.2152f,-0.5121f,-0.1125f,0f,0f,0f,1f],start_interpolation: 0,interpolation_duration: 1}
$data merge entity $(bone_leg_right) {transformation: [-0.4583f,0.2552f,0.8514f,-0.1094f,0.3139f,0.9427f,-0.1136f,0.4412f,-0.8315f,0.2152f,-0.5121f,-0.0664f,0f,0f,0f,1f],start_interpolation: 0,interpolation_duration: 1}
$data merge entity $(bone_foot_left) {transformation: [-0.9381f,0.0231f,-0.3455f,0.1178f,-0.0145f,0.9943f,0.1058f,0.1321f,0.346f,0.1043f,-0.9324f,0.1054f,0f,0f,0f,1f],start_interpolation: 0,interpolation_duration: 1}
$data merge entity $(bone_leg_left3) {transformation: [-0.9381f,0.1607f,-0.3068f,0.159f,-0.0145f,0.8668f,0.4984f,0.2238f,0.346f,0.472f,-0.8109f,0.2209f,0f,0f,0f,1f],start_interpolation: 0,interpolation_duration: 1}
$data merge entity $(bone_leg_left2) {transformation: [-0.9537f,-0.1229f,-0.2745f,0.1312f,-0.0051f,0.9193f,-0.3936f,0.3552f,0.3007f,-0.374f,-0.8773f,0.135f,0f,0f,0f,1f],start_interpolation: 0,interpolation_duration: 1}
$data merge entity $(bone_leg_left) {transformation: [-0.9537f,-0.1229f,-0.2745f,0.0899f,-0.0051f,0.9193f,-0.3936f,0.4412f,0.3007f,-0.374f,-0.8773f,0.1094f,0f,0f,0f,1f],start_interpolation: 0,interpolation_duration: 1}