# This file was generated by Animated Java via MC-Build. It is not recommended to edit this file directly.
$data merge entity $(bone_eyelid_right) {transformation: [-0.9967f,0.0815f,0.0059f,-0.1452f,0.0811f,0.977f,0.1974f,1.129f,0.0103f,0.1972f,-0.9803f,0.2994f,0f,0f,0f,1f],start_interpolation: 0,interpolation_duration: 1}
$data merge entity $(bone_eye_right) {transformation: [-0.9967f,0.0815f,0.0059f,-0.1452f,0.0811f,0.977f,0.1974f,1.1293f,0.0103f,0.1972f,-0.9803f,0.2978f,0f,0f,0f,1f],start_interpolation: 0,interpolation_duration: 1}
$data merge entity $(bone_eyelid_left) {transformation: [-0.9957f,-0.0928f,0.0059f,-0.1443f,-0.0898f,0.9762f,0.1974f,1.1106f,-0.0241f,0.196f,-0.9803f,0.2941f,0f,0f,0f,1f],start_interpolation: 0,interpolation_duration: 1}
$data merge entity $(bone_eye_left) {transformation: [-0.9957f,-0.0928f,0.0059f,0.0735f,-0.0898f,0.9762f,0.1974f,1.1302f,-0.0241f,0.196f,-0.9803f,0.2993f,0f,0f,0f,1f],start_interpolation: 0,interpolation_duration: 1}
$data merge entity $(bone_mouth_closed) {transformation: [-1f,-0.0057f,0.0059f,-0.0647f,-0.0044f,0.9803f,0.1974f,0.9891f,-0.0069f,0.1974f,-0.9803f,0.0463f,0f,0f,0f,1f],start_interpolation: 0,interpolation_duration: 1}
$data merge entity $(bone_mouth_open) {transformation: [-1f,-0.0057f,0.0059f,-0.0645f,-0.0044f,0.9803f,0.1974f,0.9597f,-0.0069f,0.1974f,-0.9803f,0.034f,0f,0f,0f,1f],start_interpolation: 0,interpolation_duration: 1}
$data merge entity $(bone_head) {transformation: [-1f,-0.0057f,0.0059f,-0.0333f,-0.0044f,0.9803f,0.1974f,0.9586f,-0.0069f,0.1974f,-0.9803f,0.0403f,0f,0f,0f,1f],start_interpolation: 0,interpolation_duration: 1}
$data merge entity $(bone_neck) {transformation: [-0.9841f,-0.1775f,0.0078f,-0.0194f,-0.1686f,0.9469f,0.2739f,0.8846f,-0.0561f,0.2682f,-0.9617f,0.0194f,0f,0f,0f,1f],start_interpolation: 0,interpolation_duration: 1}
$data merge entity $(bone_finger_left2) {transformation: [-0.0983f,-0.389f,0.916f,0.0846f,0.3518f,-0.8746f,-0.3337f,0.7101f,0.9309f,0.2895f,0.2229f,0.7455f,0f,0f,0f,1f],start_interpolation: 0,interpolation_duration: 1}
$data merge entity $(bone_finger_left) {transformation: [0.3843f,-0.1152f,0.916f,0.1327f,0.8891f,0.3133f,-0.3337f,0.8212f,-0.2486f,0.9426f,0.2229f,0.7144f,0f,0f,0f,1f],start_interpolation: 0,interpolation_duration: 1}
$data merge entity $(bone_finger_left4) {transformation: [-0.1152f,-0.4627f,0.879f,0.1607f,0.3133f,-0.8566f,-0.4099f,0.6829f,0.9426f,0.2282f,0.2437f,0.7638f,0f,0f,0f,1f],start_interpolation: 0,interpolation_duration: 1}
$data merge entity $(bone_finger_left3) {transformation: [0.4627f,-0.1152f,0.879f,0.2186f,0.8566f,0.3133f,-0.4099f,0.79f,-0.2282f,0.9426f,0.2437f,0.7353f,0f,0f,0f,1f],start_interpolation: 0,interpolation_duration: 1}
$data merge entity $(bone_thumb_left2) {transformation: [-0.0921f,-0.7549f,-0.6494f,0.0262f,0.2502f,-0.6488f,0.7187f,0.7685f,-0.9638f,-0.0962f,0.2486f,0.57f,0f,0f,0f,1f],start_interpolation: 0,interpolation_duration: 1}
$data merge entity $(bone_thumb_left) {transformation: [-0.0921f,-0.7127f,0.6954f,0.116f,0.2502f,0.6594f,0.709f,0.8493f,-0.9638f,0.2393f,0.1176f,0.6148f,0f,0f,0f,1f],start_interpolation: 0,interpolation_duration: 1}
$data merge entity $(bone_hand_left) {transformation: [0.2797f,0.2877f,0.916f,0.2013f,0.1326f,0.9333f,-0.3337f,0.768f,-0.9509f,0.2148f,0.2229f,0.5628f,0f,0f,0f,1f],start_interpolation: 0,interpolation_duration: 1}
$data merge entity $(bone_arm_left2) {transformation: [0.1111f,0.3541f,0.9286f,0.2871f,0.0688f,0.9294f,-0.3627f,0.7625f,-0.9914f,0.1042f,0.0789f,0.3199f,0f,0f,0f,1f],start_interpolation: 0,interpolation_duration: 1}
$data merge entity $(bone_arm_left) {transformation: [-0.4414f,0.323f,0.8372f,0.1245f,0.2958f,0.9332f,-0.2041f,0.8492f,-0.8472f,0.1576f,-0.5074f,0.1398f,0f,0f,0f,1f],start_interpolation: 0,interpolation_duration: 1}
$data merge entity $(bone_finger_right2) {transformation: [0.9225f,-0.2221f,-0.3158f,-0.5773f,-0.3843f,-0.6064f,-0.6961f,0.7066f,-0.0369f,0.7635f,-0.6447f,-0.0077f,0f,0f,0f,1f],start_interpolation: 0,interpolation_duration: 1}
$data merge entity $(bone_finger_right) {transformation: [-0.1817f,-0.9313f,-0.3158f,-0.5546f,-0.6226f,0.3575f,-0.6961f,0.7844f,0.7612f,0.0701f,-0.6447f,-0.1028f,0f,0f,0f,1f],start_interpolation: 0,interpolation_duration: 1}
$data merge entity $(bone_finger_right4) {transformation: [0.9226f,-0.2222f,-0.3153f,-0.5812f,-0.3854f,-0.4957f,-0.7783f,0.6468f,0.0166f,0.8396f,-0.543f,-0.0613f,0f,0f,0f,1f],start_interpolation: 0,interpolation_duration: 1}
$data merge entity $(bone_finger_right3) {transformation: [0.0242f,-0.9487f,-0.3153f,-0.5842f,-0.5786f,0.244f,-0.7783f,0.7191f,0.8153f,0.2012f,-0.543f,-0.1632f,0f,0f,0f,1f],start_interpolation: 0,interpolation_duration: 1}
$data merge entity $(bone_thumb_right2) {transformation: [-0.9056f,0.1825f,-0.3828f,-0.3941f,-0.3545f,0.1696f,0.9195f,0.8177f,0.2328f,0.9685f,-0.0889f,-0.011f,0f,0f,0f,1f],start_interpolation: 0,interpolation_duration: 1}
$data merge entity $(bone_thumb_right) {transformation: [-0.9056f,-0.2973f,-0.3025f,-0.4602f,-0.3545f,0.9221f,0.1551f,0.826f,0.2328f,0.2477f,-0.9405f,-0.1212f,0f,0f,0f,1f],start_interpolation: 0,interpolation_duration: 1}
$data merge entity $(bone_hand_right) {transformation: [-0.8494f,-0.4228f,-0.3158f,-0.4103f,-0.0954f,0.7116f,-0.6961f,0.7222f,0.519f,-0.5612f,-0.6447f,-0.179f,0f,0f,0f,1f],start_interpolation: 0,interpolation_duration: 1}
$data merge entity $(bone_arm_right2) {transformation: [-0.888f,-0.3989f,-0.2285f,-0.2025f,-0.249f,0.8352f,-0.4903f,0.7538f,0.3865f,-0.3785f,-0.8411f,-0.3282f,0f,0f,0f,1f],start_interpolation: 0,interpolation_duration: 1}
$data merge entity $(bone_arm_right) {transformation: [-0.362f,-0.4685f,0.8059f,-0.1624f,-0.5354f,0.8122f,0.2317f,0.8732f,-0.7631f,-0.3476f,-0.5448f,-0.1034f,0f,0f,0f,1f],start_interpolation: 0,interpolation_duration: 1}
$data merge entity $(bone_torso) {transformation: [-0.815f,-0.0541f,0.5769f,0f,0.0124f,0.9938f,0.1108f,0.5275f,-0.5793f,0.0974f,-0.8093f,-0.0156f,0f,0f,0f,1f],start_interpolation: 0,interpolation_duration: 1}
$data merge entity $(bone_foot_right) {transformation: [-0.3537f,-0.1767f,0.9185f,-0.0904f,-0.0008f,0.9821f,0.1886f,0.1389f,-0.9353f,0.066f,-0.3475f,-0.1956f,0f,0f,0f,1f],start_interpolation: 0,interpolation_duration: 1}
$data merge entity $(bone_leg_right3) {transformation: [-0.3879f,-0.4586f,0.7995f,-0.2077f,0.1968f,0.8062f,0.5579f,0.2189f,-0.9005f,0.3737f,-0.2225f,-0.1358f,0f,0f,0f,1f],start_interpolation: 0,interpolation_duration: 1}
$data merge entity $(bone_leg_right2) {transformation: [-0.4415f,0.2299f,0.8673f,-0.1447f,0.3023f,0.9482f,-0.0974f,0.364f,-0.8448f,0.2192f,-0.4881f,-0.1168f,0f,0f,0f,1f],start_interpolation: 0,interpolation_duration: 1}
$data merge entity $(bone_leg_right) {transformation: [-0.4415f,0.2299f,0.8673f,-0.1094f,0.3023f,0.9482f,-0.0974f,0.4434f,-0.8448f,0.2192f,-0.4881f,-0.0698f,0f,0f,0f,1f],start_interpolation: 0,interpolation_duration: 1}
$data merge entity $(bone_foot_left) {transformation: [-0.9365f,0.0161f,-0.3504f,0.117f,-0.0277f,0.9924f,0.1196f,0.1348f,0.3496f,0.1217f,-0.929f,0.1078f,0f,0f,0f,1f],start_interpolation: 0,interpolation_duration: 1}
$data merge entity $(bone_leg_left3) {transformation: [-0.9365f,0.1522f,-0.316f,0.157f,-0.0277f,0.866f,0.4993f,0.2272f,0.3496f,0.4764f,-0.8067f,0.2222f,0f,0f,0f,1f],start_interpolation: 0,interpolation_duration: 1}
$data merge entity $(bone_leg_left2) {transformation: [-0.9537f,-0.1291f,-0.2718f,0.1283f,-0.0098f,0.9161f,-0.4008f,0.3579f,0.3007f,-0.3795f,-0.8749f,0.1356f,0f,0f,0f,1f],start_interpolation: 0,interpolation_duration: 1}
$data merge entity $(bone_leg_left) {transformation: [-0.9537f,-0.1291f,-0.2718f,0.0864f,-0.0098f,0.9161f,-0.4008f,0.4434f,0.3007f,-0.3795f,-0.8749f,0.1094f,0f,0f,0f,1f],start_interpolation: 0,interpolation_duration: 1}