# This file was generated by Animated Java via MC-Build. It is not recommended to edit this file directly.
$data merge entity $(bone_eyelid_right) {transformation: [-0.9975f,0.0707f,0.0052f,-0.1492f,0.0703f,0.9769f,0.202f,1.1224f,0.0092f,0.2019f,-0.9794f,0.296f,0f,0f,0f,1f],start_interpolation: 0,interpolation_duration: 1}
$data merge entity $(bone_eye_right) {transformation: [-0.9975f,0.0707f,0.0052f,-0.1492f,0.0703f,0.9769f,0.202f,1.1227f,0.0092f,0.2019f,-0.9794f,0.2944f,0f,0f,0f,1f],start_interpolation: 0,interpolation_duration: 1}
$data merge entity $(bone_eyelid_left) {transformation: [-0.9946f,-0.1036f,0.0052f,-0.1481f,-0.1004f,0.9742f,0.202f,1.104f,-0.026f,0.2004f,-0.9794f,0.2906f,0f,0f,0f,1f],start_interpolation: 0,interpolation_duration: 1}
$data merge entity $(bone_eye_left) {transformation: [-0.9946f,-0.1036f,0.0052f,0.0695f,-0.1004f,0.9742f,0.202f,1.126f,-0.026f,0.2004f,-0.9794f,0.2963f,0f,0f,0f,1f],start_interpolation: 0,interpolation_duration: 1}
$data merge entity $(bone_mouth_closed) {transformation: [-0.9999f,-0.0165f,0.0052f,-0.0669f,-0.0151f,0.9793f,0.202f,0.9846f,-0.0084f,0.2019f,-0.9794f,0.0424f,0f,0f,0f,1f],start_interpolation: 0,interpolation_duration: 1}
$data merge entity $(bone_mouth_open) {transformation: [-0.9999f,-0.0165f,0.0052f,-0.0663f,-0.0151f,0.9793f,0.202f,0.9552f,-0.0084f,0.2019f,-0.9794f,0.03f,0f,0f,0f,1f],start_interpolation: 0,interpolation_duration: 1}
$data merge entity $(bone_head) {transformation: [-0.9999f,-0.0165f,0.0052f,-0.0351f,-0.0151f,0.9793f,0.202f,0.9544f,-0.0084f,0.2019f,-0.9794f,0.0364f,0f,0f,0f,1f],start_interpolation: 0,interpolation_duration: 1}
$data merge entity $(bone_neck) {transformation: [-0.9809f,-0.1878f,0.0512f,-0.0204f,-0.1676f,0.9486f,0.2684f,0.8803f,-0.099f,0.2547f,-0.962f,0.0165f,0f,0f,0f,1f],start_interpolation: 0,interpolation_duration: 1}
$data merge entity $(bone_finger_left2) {transformation: [-0.1385f,-0.3475f,0.9274f,0.0398f,0.3707f,-0.8865f,-0.2768f,0.716f,0.9184f,0.3055f,0.2516f,0.7801f,0f,0f,0f,1f],start_interpolation: 0,interpolation_duration: 1}
$data merge entity $(bone_finger_left) {transformation: [0.3411f,-0.1535f,0.9274f,0.0825f,0.9018f,0.3317f,-0.2768f,0.8287f,-0.2652f,0.9308f,0.2516f,0.747f,0f,0f,0f,1f],start_interpolation: 0,interpolation_duration: 1}
$data merge entity $(bone_finger_left4) {transformation: [-0.1535f,-0.4207f,0.8941f,0.1168f,0.3317f,-0.8743f,-0.3544f,0.6935f,0.9308f,0.2422f,0.2737f,0.8008f,0f,0f,0f,1f],start_interpolation: 0,interpolation_duration: 1}
$data merge entity $(bone_finger_left3) {transformation: [0.4207f,-0.1535f,0.8941f,0.1694f,0.8743f,0.3317f,-0.3544f,0.8028f,-0.2422f,0.9308f,0.2737f,0.7706f,0f,0f,0f,1f],start_interpolation: 0,interpolation_duration: 1}
$data merge entity $(bone_thumb_left2) {transformation: [-0.0836f,-0.7162f,-0.6929f,-0.0177f,0.2188f,-0.6915f,0.6884f,0.7664f,-0.9722f,-0.0941f,0.2145f,0.6019f,0f,0f,0f,1f],start_interpolation: 0,interpolation_duration: 1}
$data merge entity $(bone_thumb_left) {transformation: [-0.0836f,-0.7527f,0.6531f,0.0665f,0.2188f,0.6255f,0.7489f,0.8532f,-0.9722f,0.2055f,0.1124f,0.6463f,0f,0f,0f,1f],start_interpolation: 0,interpolation_duration: 1}
$data merge entity $(bone_hand_left) {transformation: [0.2937f,0.2317f,0.9274f,0.1573f,0.1222f,0.9531f,-0.2768f,0.7753f,-0.9481f,0.1946f,0.2516f,0.5985f,0f,0f,0f,1f],start_interpolation: 0,interpolation_duration: 1}
$data merge entity $(bone_arm_left2) {transformation: [0.1265f,0.3412f,0.9314f,0.2472f,0.0557f,0.935f,-0.3501f,0.7673f,-0.9904f,0.0962f,0.0993f,0.3571f,0f,0f,0f,1f],start_interpolation: 0,interpolation_duration: 1}
$data merge entity $(bone_arm_left) {transformation: [-0.3203f,0.3015f,0.8981f,0.111f,0.2509f,0.9411f,-0.2264f,0.8442f,-0.9135f,0.1528f,-0.3771f,0.1523f,0f,0f,0f,1f],start_interpolation: 0,interpolation_duration: 1}
$data merge entity $(bone_finger_right2) {transformation: [0.9414f,-0.2582f,-0.217f,-0.5602f,-0.3347f,-0.6354f,-0.6959f,0.6878f,0.0418f,0.7277f,-0.6846f,-0.0645f,0f,0f,0f,1f],start_interpolation: 0,interpolation_duration: 1}
$data merge entity $(bone_finger_right) {transformation: [-0.2169f,-0.9518f,-0.217f,-0.5331f,-0.6494f,0.3066f,-0.6959f,0.769f,0.7288f,-0.01f,-0.6846f,-0.1556f,0f,0f,0f,1f],start_interpolation: 0,interpolation_duration: 1}
$data merge entity $(bone_finger_right4) {transformation: [0.9367f,-0.2713f,-0.2214f,-0.5559f,-0.337f,-0.5268f,-0.7803f,0.6293f,0.095f,0.8056f,-0.5848f,-0.1195f,0f,0f,0f,1f],start_interpolation: 0,interpolation_duration: 1}
$data merge entity $(bone_finger_right3) {transformation: [-0.0196f,-0.975f,-0.2214f,-0.5534f,-0.596f,0.1892f,-0.7803f,0.7038f,0.8027f,0.1167f,-0.5848f,-0.2198f,0f,0f,0f,1f],start_interpolation: 0,interpolation_duration: 1}
$data merge entity $(bone_thumb_right2) {transformation: [-0.9026f,0.0833f,-0.4223f,-0.3837f,-0.4068f,0.1554f,0.9002f,0.8084f,0.1406f,0.9843f,-0.1064f,-0.0486f,0f,0f,0f,1f],start_interpolation: 0,interpolation_duration: 1}
$data merge entity $(bone_thumb_right) {transformation: [-0.9026f,-0.3683f,-0.2227f,-0.4397f,-0.4068f,0.8991f,0.1618f,0.8159f,0.1406f,0.2367f,-0.9614f,-0.1644f,0f,0f,0f,1f],start_interpolation: 0,interpolation_duration: 1}
$data merge entity $(bone_hand_right) {transformation: [-0.8871f,-0.4073f,-0.217f,-0.3792f,-0.1521f,0.7019f,-0.6959f,0.7163f,0.4357f,-0.5843f,-0.6846f,-0.2193f,0f,0f,0f,1f],start_interpolation: 0,interpolation_duration: 1}
$data merge entity $(bone_arm_right2) {transformation: [-0.9076f,-0.3981f,-0.1334f,-0.1606f,-0.3003f,0.8376f,-0.4564f,0.7628f,0.2934f,-0.3742f,-0.8797f,-0.3476f,0f,0f,0f,1f],start_interpolation: 0,interpolation_duration: 1}
$data merge entity $(bone_arm_right) {transformation: [-0.2276f,-0.4475f,0.8649f,-0.1578f,-0.4953f,0.8179f,0.2928f,0.8683f,-0.8384f,-0.3617f,-0.4078f,-0.1125f,0f,0f,0f,1f],start_interpolation: 0,interpolation_duration: 1}
$data merge entity $(bone_torso) {transformation: [-0.7883f,-0.0568f,0.6126f,0f,0.0102f,0.9944f,0.1053f,0.523f,-0.6151f,0.0893f,-0.7833f,-0.0156f,0f,0f,0f,1f],start_interpolation: 0,interpolation_duration: 1}
$data merge entity $(bone_foot_right) {transformation: [-0.3359f,-0.1307f,0.9328f,-0.0815f,-0.0193f,0.9911f,0.1319f,0.1278f,-0.9417f,0.0263f,-0.3354f,-0.1934f,0f,0f,0f,1f],start_interpolation: 0,interpolation_duration: 1}
$data merge entity $(bone_leg_right3) {transformation: [-0.3608f,-0.442f,0.8212f,-0.1992f,0.1828f,0.83f,0.527f,0.2138f,-0.9146f,0.3403f,-0.2187f,-0.1427f,0f,0f,0f,1f],start_interpolation: 0,interpolation_duration: 1}
$data merge entity $(bone_leg_right2) {transformation: [-0.4191f,0.1963f,0.8864f,-0.1409f,0.2871f,0.9549f,-0.0757f,0.3606f,-0.8613f,0.2227f,-0.4566f,-0.1222f,0f,0f,0f,1f],start_interpolation: 0,interpolation_duration: 1}
$data merge entity $(bone_leg_right) {transformation: [-0.4191f,0.1963f,0.8864f,-0.1094f,0.2871f,0.9549f,-0.0757f,0.4412f,-0.8613f,0.2227f,-0.4566f,-0.0744f,0f,0f,0f,1f],start_interpolation: 0,interpolation_duration: 1}
$data merge entity $(bone_foot_left) {transformation: [-0.9341f,0.0013f,-0.357f,0.1145f,-0.0456f,0.9914f,0.1229f,0.1331f,0.3541f,0.131f,-0.926f,0.1065f,0f,0f,0f,1f],start_interpolation: 0,interpolation_duration: 1}
$data merge entity $(bone_leg_left3) {transformation: [-0.9341f,0.1454f,-0.326f,0.1534f,-0.0456f,0.8573f,0.5129f,0.2246f,0.3541f,0.4939f,-0.7941f,0.2209f,0f,0f,0f,1f],start_interpolation: 0,interpolation_duration: 1}
$data merge entity $(bone_leg_left2) {transformation: [-0.9536f,-0.1332f,-0.2701f,0.1241f,-0.0158f,0.9178f,-0.3967f,0.3556f,0.3007f,-0.374f,-0.8773f,0.135f,0f,0f,0f,1f],start_interpolation: 0,interpolation_duration: 1}
$data merge entity $(bone_leg_left) {transformation: [-0.9536f,-0.1332f,-0.2701f,0.0819f,-0.0158f,0.9178f,-0.3967f,0.4412f,0.3007f,-0.374f,-0.8773f,0.1094f,0f,0f,0f,1f],start_interpolation: 0,interpolation_duration: 1}