# This file was generated by Animated Java via MC-Build. It is not recommended to edit this file directly.
$data merge entity $(bone_eyelid_right) {transformation: [-0.9971f,0.076f,0.0069f,-0.1449f,0.0761f,0.982f,0.1728f,1.1171f,0.0064f,0.1728f,-0.9849f,0.2832f,0f,0f,0f,1f],start_interpolation: 0,interpolation_duration: 1}
$data merge entity $(bone_eye_right) {transformation: [-0.9971f,0.076f,0.0069f,-0.1449f,0.0761f,0.982f,0.1728f,1.1173f,0.0064f,0.1728f,-0.9849f,0.2816f,0f,0f,0f,1f],start_interpolation: 0,interpolation_duration: 1}
$data merge entity $(bone_eyelid_left) {transformation: [-0.9951f,-0.0983f,0.0069f,-0.1438f,-0.0956f,0.9803f,0.1728f,1.0986f,-0.0237f,0.1713f,-0.9849f,0.2783f,0f,0f,0f,1f],start_interpolation: 0,interpolation_duration: 1}
$data merge entity $(bone_eye_left) {transformation: [-0.9951f,-0.0983f,0.0069f,0.0739f,-0.0956f,0.9803f,0.1728f,1.1195f,-0.0237f,0.1713f,-0.9849f,0.2835f,0f,0f,0f,1f],start_interpolation: 0,interpolation_duration: 1}
$data merge entity $(bone_mouth_closed) {transformation: [-0.9999f,-0.0111f,0.0069f,-0.0631f,-0.0098f,0.9849f,0.1728f,0.9713f,-0.0087f,0.1727f,-0.9849f,0.0338f,0f,0f,0f,1f],start_interpolation: 0,interpolation_duration: 1}
$data merge entity $(bone_mouth_open) {transformation: [-0.9999f,-0.0111f,0.0069f,-0.0628f,-0.0098f,0.9849f,0.1728f,0.9416f,-0.0087f,0.1727f,-0.9849f,0.0223f,0f,0f,0f,1f],start_interpolation: 0,interpolation_duration: 1}
$data merge entity $(bone_head) {transformation: [-0.9999f,-0.0111f,0.0069f,-0.0316f,-0.0098f,0.9849f,0.1728f,0.9409f,-0.0087f,0.1727f,-0.9849f,0.0287f,0f,0f,0f,1f],start_interpolation: 0,interpolation_duration: 1}
$data merge entity $(bone_neck) {transformation: [-0.9806f,-0.1825f,0.0714f,-0.0173f,-0.1593f,0.9545f,0.2521f,0.8663f,-0.1142f,0.2358f,-0.9651f,0.0103f,0f,0f,0f,1f],start_interpolation: 0,interpolation_duration: 1}
$data merge entity $(bone_finger_left2) {transformation: [-0.1429f,-0.3658f,0.9197f,0.0304f,0.415f,-0.8657f,-0.2798f,0.7299f,0.8985f,0.3416f,0.2755f,0.7809f,0f,0f,0f,1f],start_interpolation: 0,interpolation_duration: 1}
$data merge entity $(bone_finger_left) {transformation: [0.3592f,-0.1587f,0.9197f,0.0753f,0.883f,0.3768f,-0.2798f,0.8403f,-0.3021f,0.9126f,0.2755f,0.7431f,0f,0f,0f,1f],start_interpolation: 0,interpolation_duration: 1}
$data merge entity $(bone_finger_left4) {transformation: [-0.1587f,-0.438f,0.8849f,0.1067f,0.3768f,-0.8553f,-0.3557f,0.7072f,0.9126f,0.277f,0.3008f,0.8036f,0f,0f,0f,1f],start_interpolation: 0,interpolation_duration: 1}
$data merge entity $(bone_finger_left3) {transformation: [0.438f,-0.1587f,0.8849f,0.1615f,0.8553f,0.3768f,-0.3557f,0.8141f,-0.277f,0.9126f,0.3008f,0.7689f,0f,0f,0f,1f],start_interpolation: 0,interpolation_duration: 1}
$data merge entity $(bone_thumb_left2) {transformation: [-0.0686f,-0.7265f,-0.6838f,-0.0242f,0.175f,-0.6835f,0.7086f,0.773f,-0.9822f,-0.071f,0.174f,0.5998f,0f,0f,0f,1f],start_interpolation: 0,interpolation_duration: 1}
$data merge entity $(bone_thumb_left) {transformation: [-0.0686f,-0.7445f,0.6641f,0.0609f,0.175f,0.6464f,0.7427f,0.8603f,-0.9822f,0.1672f,0.0859f,0.6412f,0f,0f,0f,1f],start_interpolation: 0,interpolation_duration: 1}
$data merge entity $(bone_hand_left) {transformation: [0.3067f,0.2453f,0.9197f,0.151f,0.0735f,0.9572f,-0.2798f,0.7789f,-0.949f,0.1534f,0.2755f,0.5982f,0f,0f,0f,1f],start_interpolation: 0,interpolation_duration: 1}
$data merge entity $(bone_arm_left2) {transformation: [0.1378f,0.372f,0.918f,0.2428f,0.0111f,0.9262f,-0.3769f,0.7581f,-0.9904f,0.0621f,0.1235f,0.3583f,0f,0f,0f,1f],start_interpolation: 0,interpolation_duration: 1}
$data merge entity $(bone_arm_left) {transformation: [-0.3029f,0.3319f,0.8934f,0.1112f,0.2242f,0.9359f,-0.2717f,0.8311f,-0.9263f,0.118f,-0.3579f,0.1491f,0f,0f,0f,1f],start_interpolation: 0,interpolation_duration: 1}
$data merge entity $(bone_finger_right2) {transformation: [0.9318f,-0.2842f,-0.2259f,-0.5571f,-0.3598f,-0.6403f,-0.6786f,0.6758f,0.0482f,0.7136f,-0.6989f,-0.0773f,0f,0f,0f,1f],start_interpolation: 0,interpolation_duration: 1}
$data merge entity $(bone_finger_right) {transformation: [-0.2432f,-0.9433f,-0.2259f,-0.5267f,-0.6554f,0.3315f,-0.6786f,0.7577f,0.715f,-0.017f,-0.6989f,-0.1667f,0f,0f,0f,1f],start_interpolation: 0,interpolation_duration: 1}
$data merge entity $(bone_finger_right4) {transformation: [0.9263f,-0.2954f,-0.2339f,-0.5536f,-0.3629f,-0.5327f,-0.7646f,0.618f,0.1013f,0.7931f,-0.6006f,-0.1332f,0f,0f,0f,1f],start_interpolation: 0,interpolation_duration: 1}
$data merge entity $(bone_finger_right3) {transformation: [-0.0456f,-0.9712f,-0.2339f,-0.5479f,-0.6085f,0.2127f,-0.7646f,0.6941f,0.7923f,0.1074f,-0.6006f,-0.2322f,0f,0f,0f,1f],start_interpolation: 0,interpolation_duration: 1}
$data merge entity $(bone_thumb_right2) {transformation: [-0.9147f,0.0743f,-0.3973f,-0.3778f,-0.3853f,0.137f,0.9126f,0.7914f,0.1222f,0.9878f,-0.0967f,-0.0572f,0f,0f,0f,1f],start_interpolation: 0,interpolation_duration: 1}
$data merge entity $(bone_thumb_right) {transformation: [-0.9147f,-0.348f,-0.2057f,-0.4321f,-0.3853f,0.9044f,0.1834f,0.8023f,0.1222f,0.247f,-0.9613f,-0.1735f,0f,0f,0f,1f],start_interpolation: 0,interpolation_duration: 1}
$data merge entity $(bone_hand_right) {transformation: [-0.8964f,-0.3813f,-0.2259f,-0.3734f,-0.136f,0.7218f,-0.6786f,0.702f,0.4218f,-0.5776f,-0.6989f,-0.2293f,0f,0f,0f,1f],start_interpolation: 0,interpolation_duration: 1}
$data merge entity $(bone_arm_right2) {transformation: [-0.9158f,-0.3825f,-0.1221f,-0.1521f,-0.2863f,0.8353f,-0.4694f,0.7443f,0.2815f,-0.3949f,-0.8745f,-0.3543f,0f,0f,0f,1f],start_interpolation: 0,interpolation_duration: 1}
$data merge entity $(bone_arm_right) {transformation: [-0.2174f,-0.4323f,0.8751f,-0.1524f,-0.5066f,0.8163f,0.2774f,0.8536f,-0.8343f,-0.383f,-0.3965f,-0.121f,0f,0f,0f,1f],start_interpolation: 0,interpolation_duration: 1}
$data merge entity $(bone_torso) {transformation: [-0.7769f,-0.0481f,0.6278f,0f,0.0081f,0.9962f,0.0863f,0.5083f,-0.6296f,0.0721f,-0.7736f,-0.0156f,0f,0f,0f,1f],start_interpolation: 0,interpolation_duration: 1}
$data merge entity $(bone_foot_right) {transformation: [-0.3421f,-0.0743f,0.9367f,-0.0815f,-0.0234f,0.9972f,0.0706f,0.1205f,-0.9394f,0.0023f,-0.3428f,-0.1934f,0f,0f,0f,1f],start_interpolation: 0,interpolation_duration: 1}
$data merge entity $(bone_leg_right3) {transformation: [-0.3608f,-0.442f,0.8212f,-0.1992f,0.1828f,0.83f,0.527f,0.2064f,-0.9146f,0.3403f,-0.2187f,-0.1427f,0f,0f,0f,1f],start_interpolation: 0,interpolation_duration: 1}
$data merge entity $(bone_leg_right2) {transformation: [-0.4191f,0.1963f,0.8864f,-0.1409f,0.2871f,0.9549f,-0.0757f,0.3533f,-0.8613f,0.2227f,-0.4566f,-0.1222f,0f,0f,0f,1f],start_interpolation: 0,interpolation_duration: 1}
$data merge entity $(bone_leg_right) {transformation: [-0.4191f,0.1963f,0.8864f,-0.1094f,0.2871f,0.9549f,-0.0757f,0.4338f,-0.8613f,0.2227f,-0.4566f,-0.0744f,0f,0f,0f,1f],start_interpolation: 0,interpolation_duration: 1}
$data merge entity $(bone_foot_left) {transformation: [-0.9343f,-0.0072f,-0.3565f,0.1126f,-0.0467f,0.9936f,0.1025f,0.1256f,0.3535f,0.1124f,-0.9287f,0.1005f,0f,0f,0f,1f],start_interpolation: 0,interpolation_duration: 1}
$data merge entity $(bone_leg_left3) {transformation: [-0.9343f,0.1508f,-0.3231f,0.1521f,-0.0467f,0.8465f,0.5303f,0.2147f,0.3535f,0.5105f,-0.7838f,0.2166f,0f,0f,0f,1f],start_interpolation: 0,interpolation_duration: 1}
$data merge entity $(bone_leg_left2) {transformation: [-0.9536f,-0.1276f,-0.2727f,0.1236f,-0.0158f,0.9258f,-0.3778f,0.3475f,0.3007f,-0.3559f,-0.8848f,0.1333f,0f,0f,0f,1f],start_interpolation: 0,interpolation_duration: 1}
$data merge entity $(bone_leg_left) {transformation: [-0.9536f,-0.1276f,-0.2727f,0.0819f,-0.0158f,0.9258f,-0.3778f,0.4338f,0.3007f,-0.3559f,-0.8848f,0.1094f,0f,0f,0f,1f],start_interpolation: 0,interpolation_duration: 1}