# This file was generated by Animated Java via MC-Build. It is not recommended to edit this file directly.
$data merge entity $(bone_eyelid_right) {transformation: [-0.9967f,0.0812f,0.0073f,-0.1426f,0.0814f,0.9854f,0.1493f,1.1193f,0.0049f,0.1494f,-0.9888f,0.2773f,0f,0f,0f,1f],start_interpolation: 0,interpolation_duration: 1}
$data merge entity $(bone_eye_right) {transformation: [-0.9967f,0.0812f,0.0073f,-0.1426f,0.0814f,0.9854f,0.1493f,1.1196f,0.0049f,0.1494f,-0.9888f,0.2758f,0f,0f,0f,1f],start_interpolation: 0,interpolation_duration: 1}
$data merge entity $(bone_eyelid_left) {transformation: [-0.9956f,-0.0931f,0.0073f,-0.1417f,-0.091f,0.9846f,0.1493f,1.1007f,-0.0211f,0.148f,-0.9888f,0.2729f,0f,0f,0f,1f],start_interpolation: 0,interpolation_duration: 1}
$data merge entity $(bone_eye_left) {transformation: [-0.9956f,-0.0931f,0.0073f,0.0761f,-0.091f,0.9846f,0.1493f,1.1206f,-0.0211f,0.148f,-0.9888f,0.2775f,0f,0f,0f,1f],start_interpolation: 0,interpolation_duration: 1}
$data merge entity $(bone_mouth_closed) {transformation: [-1f,-0.006f,0.0073f,-0.0618f,-0.0048f,0.9888f,0.1493f,0.9673f,-0.0081f,0.1493f,-0.9888f,0.0315f,0f,0f,0f,1f],start_interpolation: 0,interpolation_duration: 1}
$data merge entity $(bone_mouth_open) {transformation: [-1f,-0.006f,0.0073f,-0.0615f,-0.0048f,0.9888f,0.1493f,0.9374f,-0.0081f,0.1493f,-0.9888f,0.0207f,0f,0f,0f,1f],start_interpolation: 0,interpolation_duration: 1}
$data merge entity $(bone_head) {transformation: [-1f,-0.006f,0.0073f,-0.0303f,-0.0048f,0.9888f,0.1493f,0.9366f,-0.0081f,0.1493f,-0.9888f,0.0271f,0f,0f,0f,1f],start_interpolation: 0,interpolation_duration: 1}
$data merge entity $(bone_neck) {transformation: [-0.9824f,-0.1778f,0.0574f,-0.0165f,-0.1586f,0.9559f,0.2473f,0.8619f,-0.0988f,0.2339f,-0.9672f,0.0088f,0f,0f,0f,1f],start_interpolation: 0,interpolation_duration: 1}
$data merge entity $(bone_finger_left2) {transformation: [-0.1144f,-0.4165f,0.9019f,0.0609f,0.4592f,-0.8272f,-0.3238f,0.7516f,0.8809f,0.3771f,0.2859f,0.7526f,0f,0f,0f,1f],start_interpolation: 0,interpolation_duration: 1}
$data merge entity $(bone_finger_left) {transformation: [0.4111f,-0.1325f,0.9019f,0.1123f,0.8465f,0.4227f,-0.3238f,0.8574f,-0.3383f,0.8966f,0.2859f,0.7103f,0f,0f,0f,1f],start_interpolation: 0,interpolation_duration: 1}
$data merge entity $(bone_finger_left4) {transformation: [-0.1325f,-0.4882f,0.8626f,0.1358f,0.4227f,-0.815f,-0.3963f,0.7252f,0.8966f,0.3121f,0.3143f,0.7761f,0f,0f,0f,1f],start_interpolation: 0,interpolation_duration: 1}
$data merge entity $(bone_finger_left3) {transformation: [0.4882f,-0.1325f,0.8626f,0.1968f,0.815f,0.4227f,-0.3963f,0.8271f,-0.3121f,0.8966f,0.3143f,0.7371f,0f,0f,0f,1f],start_interpolation: 0,interpolation_duration: 1}
$data merge entity $(bone_thumb_left2) {transformation: [-0.0612f,-0.7669f,-0.6389f,0.0083f,0.1386f,-0.6404f,0.7554f,0.7905f,-0.9885f,-0.0423f,0.1455f,0.5699f,0f,0f,0f,1f],start_interpolation: 0,interpolation_duration: 1}
$data merge entity $(bone_thumb_left) {transformation: [-0.0612f,-0.7033f,0.7083f,0.0988f,0.1386f,0.6967f,0.7038f,0.8741f,-0.9885f,0.1413f,0.0549f,0.6077f,0f,0f,0f,1f],start_interpolation: 0,interpolation_duration: 1}
$data merge entity $(bone_hand_left) {transformation: [0.3073f,0.3035f,0.9019f,0.1836f,0.0159f,0.946f,-0.3238f,0.7856f,-0.9515f,0.1139f,0.2859f,0.5679f,0f,0f,0f,1f],start_interpolation: 0,interpolation_duration: 1}
$data merge entity $(bone_arm_left2) {transformation: [0.1356f,0.4149f,0.8997f,0.2737f,-0.0403f,0.9096f,-0.4134f,0.7497f,-0.9899f,0.0198f,0.1401f,0.3292f,0f,0f,0f,1f],start_interpolation: 0,interpolation_duration: 1}
$data merge entity $(bone_arm_left) {transformation: [-0.4028f,0.383f,0.8313f,0.1211f,0.2363f,0.921f,-0.3098f,0.8281f,-0.8843f,0.0716f,-0.4614f,0.1369f,0f,0f,0f,1f],start_interpolation: 0,interpolation_duration: 1}
$data merge entity $(bone_finger_right2) {transformation: [0.8987f,-0.2893f,-0.3295f,-0.5741f,-0.4378f,-0.6325f,-0.6389f,0.684f,-0.0236f,0.7185f,-0.6951f,-0.04f,0f,0f,0f,1f],start_interpolation: 0,interpolation_duration: 1}
$data merge entity $(bone_finger_right) {transformation: [-0.2498f,-0.9105f,-0.3295f,-0.5428f,-0.651f,0.4098f,-0.6389f,0.7654f,0.7168f,0.0549f,-0.6951f,-0.1296f,0f,0f,0f,1f],start_interpolation: 0,interpolation_duration: 1}
$data merge entity $(bone_finger_right4) {transformation: [0.8966f,-0.286f,-0.3382f,-0.5793f,-0.4419f,-0.5264f,-0.7264f,0.6276f,0.0297f,0.8007f,-0.5983f,-0.0972f,0f,0f,0f,1f],start_interpolation: 0,interpolation_duration: 1}
$data merge entity $(bone_finger_right3) {transformation: [-0.0442f,-0.9401f,-0.3382f,-0.5737f,-0.6228f,0.2906f,-0.7264f,0.7055f,0.7811f,0.1785f,-0.5983f,-0.1948f,0f,0f,0f,1f],start_interpolation: 0,interpolation_duration: 1}
$data merge entity $(bone_thumb_right2) {transformation: [-0.934f,0.1519f,-0.3235f,-0.3846f,-0.3103f,0.1046f,0.9449f,0.7836f,0.1774f,0.9828f,-0.0506f,-0.03f,0f,0f,0f,1f],start_interpolation: 0,interpolation_duration: 1}
$data merge entity $(bone_thumb_right) {transformation: [-0.934f,-0.252f,-0.2534f,-0.4454f,-0.3103f,0.9237f,0.2249f,0.802f,0.1774f,0.2886f,-0.9409f,-0.1421f,0f,0f,0f,1f],start_interpolation: 0,interpolation_duration: 1}
$data merge entity $(bone_hand_right) {transformation: [-0.8744f,-0.3561f,-0.3295f,-0.3994f,-0.0712f,0.766f,-0.6389f,0.6987f,0.4799f,-0.5352f,-0.6951f,-0.2038f,0f,0f,0f,1f],start_interpolation: 0,interpolation_duration: 1}
$data merge entity $(bone_arm_right2) {transformation: [-0.9087f,-0.3695f,-0.1944f,-0.1844f,-0.2279f,0.8291f,-0.5105f,0.7237f,0.3498f,-0.4195f,-0.8376f,-0.3436f,0f,0f,0f,1f],start_interpolation: 0,interpolation_duration: 1}
$data merge entity $(bone_arm_right) {transformation: [-0.332f,-0.4408f,0.834f,-0.1535f,-0.5518f,0.8078f,0.2073f,0.8487f,-0.765f,-0.3914f,-0.5114f,-0.1204f,0f,0f,0f,1f],start_interpolation: 0,interpolation_duration: 1}
$data merge entity $(bone_torso) {transformation: [-0.7862f,-0.0458f,0.6163f,0f,0.0061f,0.9966f,0.0818f,0.5037f,-0.618f,0.068f,-0.7833f,-0.0156f,0f,0f,0f,1f],start_interpolation: 0,interpolation_duration: 1}
$data merge entity $(bone_foot_right) {transformation: [-0.371f,-0.0884f,0.9244f,-0.0904f,-0.0134f,0.9959f,0.0899f,0.127f,-0.9285f,0.021f,-0.3707f,-0.1956f,0f,0f,0f,1f],start_interpolation: 0,interpolation_duration: 1}
$data merge entity $(bone_leg_right3) {transformation: [-0.3879f,-0.4586f,0.7995f,-0.2077f,0.1968f,0.8062f,0.5579f,0.207f,-0.9005f,0.3737f,-0.2225f,-0.1358f,0f,0f,0f,1f],start_interpolation: 0,interpolation_duration: 1}
$data merge entity $(bone_leg_right2) {transformation: [-0.4415f,0.2299f,0.8673f,-0.1447f,0.3023f,0.9482f,-0.0974f,0.3521f,-0.8448f,0.2192f,-0.4881f,-0.1168f,0f,0f,0f,1f],start_interpolation: 0,interpolation_duration: 1}
$data merge entity $(bone_leg_right) {transformation: [-0.4415f,0.2299f,0.8673f,-0.1094f,0.3023f,0.9482f,-0.0974f,0.4316f,-0.8448f,0.2192f,-0.4881f,-0.0698f,0f,0f,0f,1f],start_interpolation: 0,interpolation_duration: 1}
$data merge entity $(bone_foot_left) {transformation: [-0.9367f,0.0028f,-0.3503f,0.1139f,-0.0294f,0.9958f,0.0865f,0.1229f,0.349f,0.0913f,-0.9326f,0.098f,0f,0f,0f,1f],start_interpolation: 0,interpolation_duration: 1}
$data merge entity $(bone_leg_left3) {transformation: [-0.9367f,0.161f,-0.3111f,0.1548f,-0.0294f,0.8489f,0.5277f,0.2112f,0.349f,0.5035f,-0.7904f,0.2153f,0f,0f,0f,1f],start_interpolation: 0,interpolation_duration: 1}
$data merge entity $(bone_leg_left2) {transformation: [-0.9537f,-0.12f,-0.2759f,0.1275f,-0.0098f,0.9289f,-0.3701f,0.3448f,0.3007f,-0.3503f,-0.8871f,0.1328f,0f,0f,0f,1f],start_interpolation: 0,interpolation_duration: 1}
$data merge entity $(bone_leg_left) {transformation: [-0.9537f,-0.12f,-0.2759f,0.0864f,-0.0098f,0.9289f,-0.3701f,0.4316f,0.3007f,-0.3503f,-0.8871f,0.1094f,0f,0f,0f,1f],start_interpolation: 0,interpolation_duration: 1}