# This file was generated by Animated Java via MC-Build. It is not recommended to edit this file directly.
$data merge entity $(bone_tail7) {transformation: [-0.2214f,0.1922f,0.9561f,0.4681f,0.012f,0.9809f,-0.1944f,0.1062f,-0.9751f,-0.0315f,-0.2195f,-1.0787f,0f,0f,0f,1f],start_interpolation: 0,interpolation_duration: 1}
$data merge entity $(bone_tail6) {transformation: [-0.5289f,0.1485f,0.8356f,0.207f,0.061f,0.9887f,-0.137f,0.149f,-0.8465f,-0.0215f,-0.5319f,-0.9125f,0f,0f,0f,1f],start_interpolation: 0,interpolation_duration: 1}
$data merge entity $(bone_tail5) {transformation: [-0.8713f,0.0475f,0.4884f,0.0544f,0.0096f,0.9968f,-0.0799f,0.174f,-0.4906f,-0.0649f,-0.869f,-0.6409f,0f,0f,0f,1f],start_interpolation: 0,interpolation_duration: 1}
$data merge entity $(bone_tail1) {transformation: [-0.9837f,0.0454f,0.174f,0f,0.0015f,0.9696f,-0.2446f,0.2504f,-0.1798f,-0.2403f,-0.9539f,-0.3428f,0f,0f,0f,1f],start_interpolation: 0,interpolation_duration: 1}
$data merge entity $(bone_ear_left1) {transformation: [-0.7071f,0.7044f,-0.0621f,0.2187f,0.7046f,0.7093f,0.0224f,0.42f,0.0598f,-0.0279f,-0.9978f,0.5765f,0f,0f,0f,1f],start_interpolation: 0,interpolation_duration: 1}
$data merge entity $(bone_ear_right1) {transformation: [-0.7071f,-0.7044f,0.0621f,-0.2188f,-0.7046f,0.7093f,0.0224f,0.42f,-0.0598f,-0.0279f,-0.9978f,0.5765f,0f,0f,0f,1f],start_interpolation: 0,interpolation_duration: 1}
$data merge entity $(bone_eyelid_left1) {transformation: [-1f,0f,0f,0.1944f,0f,0.9964f,0.0846f,0.2635f,0f,0.0846f,-0.9964f,0.7582f,0f,0f,0f,1f],start_interpolation: 0,interpolation_duration: 1}
$data merge entity $(bone_eye_left1) {transformation: [-1f,0f,0f,0.1959f,0f,0.9964f,0.0846f,0.2666f,0f,0.0846f,-0.9964f,0.721f,0f,0f,0f,1f],start_interpolation: 0,interpolation_duration: 1}
$data merge entity $(bone_eyelid_right1) {transformation: [-1f,0f,0f,-0.1881f,0f,0.9964f,0.0846f,0.2666f,0f,0.0846f,-0.9964f,0.7209f,0f,0f,0f,1f],start_interpolation: 0,interpolation_duration: 1}
$data merge entity $(bone_eye_right1) {transformation: [-1f,0f,0f,-0.1959f,0f,0.9964f,0.0846f,0.2666f,0f,0.0846f,-0.9964f,0.721f,0f,0f,0f,1f],start_interpolation: 0,interpolation_duration: 1}
$data merge entity $(bone_jaw1) {transformation: [-1f,0f,0f,0f,0f,0.9853f,0.1708f,0.0928f,0f,0.1708f,-0.9853f,0.7368f,0f,0f,0f,1f],start_interpolation: 0,interpolation_duration: 1}
$data merge entity $(bone_head1) {transformation: [-1f,0f,0f,0f,0f,0.9964f,0.0846f,0.2749f,0f,0.0846f,-0.9964f,0.4387f,0f,0f,0f,1f],start_interpolation: 0,interpolation_duration: 1}
$data merge entity $(bone_torso1) {transformation: [-1f,0f,0f,-0.125f,0f,1f,0.0086f,0.1406f,0f,0.0086f,-1f,-0.2969f,0f,0f,0f,1f],start_interpolation: 0,interpolation_duration: 1}