# This file was generated by Animated Java via MC-Build. It is not recommended to edit this file directly.
$data merge entity $(bone_tail7) {transformation: [-0.2025f,0.1861f,0.9614f,0.4851f,0.0336f,0.9825f,-0.1831f,0.1266f,-0.9787f,-0.0047f,-0.2052f,-1.0666f,0f,0f,0f,1f],start_interpolation: 0,interpolation_duration: 1}
$data merge entity $(bone_tail6) {transformation: [-0.5002f,0.1271f,0.8565f,0.2175f,0.0709f,0.9919f,-0.1058f,0.1597f,-0.863f,0.0078f,-0.5052f,-0.9087f,0f,0f,0f,1f],start_interpolation: 0,interpolation_duration: 1}
$data merge entity $(bone_tail5) {transformation: [-0.8574f,0.0331f,0.5136f,0.057f,0.0069f,0.9986f,-0.0528f,0.1762f,-0.5146f,-0.0418f,-0.8564f,-0.6411f,0f,0f,0f,1f],start_interpolation: 0,interpolation_duration: 1}
$data merge entity $(bone_tail1) {transformation: [-0.9822f,0.046f,0.1823f,0f,0.0015f,0.9714f,-0.2372f,0.2504f,-0.188f,-0.2327f,-0.9542f,-0.3429f,0f,0f,0f,1f],start_interpolation: 0,interpolation_duration: 1}
$data merge entity $(bone_ear_left1) {transformation: [-0.7071f,0.7071f,-0.0052f,0.2187f,0.7041f,0.7048f,0.0869f,0.4196f,0.0651f,0.0578f,-0.9962f,0.5774f,0f,0f,0f,1f],start_interpolation: 0,interpolation_duration: 1}
$data merge entity $(bone_ear_right1) {transformation: [-0.7071f,-0.7071f,0.0052f,-0.2188f,-0.7041f,0.7048f,0.0869f,0.4196f,-0.0651f,0.0578f,-0.9962f,0.5774f,0f,0f,0f,1f],start_interpolation: 0,interpolation_duration: 1}
$data merge entity $(bone_eyelid_left1) {transformation: [-1f,0f,0f,0.1944f,0f,0.9958f,0.0921f,0.2617f,0f,0.0921f,-0.9958f,0.758f,0f,0f,0f,1f],start_interpolation: 0,interpolation_duration: 1}
$data merge entity $(bone_eye_left1) {transformation: [-1f,0f,0f,0.1959f,0f,0.9958f,0.0921f,0.2651f,0f,0.0921f,-0.9958f,0.7208f,0f,0f,0f,1f],start_interpolation: 0,interpolation_duration: 1}
$data merge entity $(bone_eyelid_right1) {transformation: [-1f,0f,0f,-0.1881f,0f,0.9958f,0.0921f,0.2651f,0f,0.0921f,-0.9958f,0.7207f,0f,0f,0f,1f],start_interpolation: 0,interpolation_duration: 1}
$data merge entity $(bone_eye_right1) {transformation: [-1f,0f,0f,-0.1959f,0f,0.9958f,0.0921f,0.2651f,0f,0.0921f,-0.9958f,0.7208f,0f,0f,0f,1f],start_interpolation: 0,interpolation_duration: 1}
$data merge entity $(bone_jaw1) {transformation: [-1f,0f,0f,0f,0f,0.976f,0.2177f,0.0912f,0f,0.2177f,-0.976f,0.7354f,0f,0f,0f,1f],start_interpolation: 0,interpolation_duration: 1}
$data merge entity $(bone_head1) {transformation: [-1f,0f,0f,0f,0f,0.9958f,0.0921f,0.2755f,0f,0.0921f,-0.9958f,0.4386f,0f,0f,0f,1f],start_interpolation: 0,interpolation_duration: 1}
$data merge entity $(bone_torso1) {transformation: [-1f,0f,0f,-0.125f,0f,1f,0.0078f,0.1406f,0f,0.0078f,-1f,-0.2969f,0f,0f,0f,1f],start_interpolation: 0,interpolation_duration: 1}