# This file was generated by Animated Java via MC-Build. It is not recommended to edit this file directly.
$data merge entity $(bone_tail7) {transformation: [-0.1484f,0.1418f,0.9787f,0.5f,0.0483f,0.9895f,-0.1361f,0.1453f,-0.9877f,0.027f,-0.1537f,-1.051f,0f,0f,0f,1f],start_interpolation: 0,interpolation_duration: 1}
$data merge entity $(bone_tail6) {transformation: [-0.4607f,0.0902f,0.8829f,0.2241f,0.0729f,0.9953f,-0.0636f,0.1652f,-0.8845f,0.0351f,-0.4652f,-0.9056f,0f,0f,0f,1f],start_interpolation: 0,interpolation_duration: 1}
$data merge entity $(bone_tail5) {transformation: [-0.8466f,0.0196f,0.5319f,0.0579f,0.0015f,0.9994f,-0.0346f,0.176f,-0.5323f,-0.0285f,-0.8461f,-0.6412f,0f,0f,0f,1f],start_interpolation: 0,interpolation_duration: 1}
$data merge entity $(bone_tail1) {transformation: [-0.9816f,0.0462f,0.1851f,0f,0.0009f,0.9714f,-0.2376f,0.2502f,-0.1908f,-0.2331f,-0.9536f,-0.3433f,0f,0f,0f,1f],start_interpolation: 0,interpolation_duration: 1}
$data merge entity $(bone_ear_left1) {transformation: [-0.7071f,0.7055f,0.0471f,0.2187f,0.7041f,0.6965f,0.1384f,0.422f,0.0648f,0.131f,-0.9893f,0.5769f,0f,0f,0f,1f],start_interpolation: 0,interpolation_duration: 1}
$data merge entity $(bone_ear_right1) {transformation: [-0.7071f,-0.7055f,-0.0471f,-0.2188f,-0.7041f,0.6965f,0.1384f,0.422f,-0.0648f,0.131f,-0.9893f,0.5769f,0f,0f,0f,1f],start_interpolation: 0,interpolation_duration: 1}
$data merge entity $(bone_eyelid_left1) {transformation: [-1f,0f,0f,0.1944f,0f,0.9958f,0.0917f,0.2642f,0f,0.0917f,-0.9958f,0.7576f,0f,0f,0f,1f],start_interpolation: 0,interpolation_duration: 1}
$data merge entity $(bone_eye_left1) {transformation: [-1f,0f,0f,0.1959f,0f,0.9958f,0.0917f,0.2676f,0f,0.0917f,-0.9958f,0.7204f,0f,0f,0f,1f],start_interpolation: 0,interpolation_duration: 1}
$data merge entity $(bone_eyelid_right1) {transformation: [-1f,0f,0f,-0.1881f,0f,0.9958f,0.0917f,0.2676f,0f,0.0917f,-0.9958f,0.7203f,0f,0f,0f,1f],start_interpolation: 0,interpolation_duration: 1}
$data merge entity $(bone_eye_right1) {transformation: [-1f,0f,0f,-0.1959f,0f,0.9958f,0.0917f,0.2676f,0f,0.0917f,-0.9958f,0.7204f,0f,0f,0f,1f],start_interpolation: 0,interpolation_duration: 1}
$data merge entity $(bone_jaw1) {transformation: [-1f,0f,0f,0f,0f,0.9674f,0.2532f,0.0937f,0f,0.2532f,-0.9674f,0.735f,0f,0f,0f,1f],start_interpolation: 0,interpolation_duration: 1}
$data merge entity $(bone_head1) {transformation: [-1f,0f,0f,0f,0f,0.9958f,0.0917f,0.2779f,0f,0.0917f,-0.9958f,0.4381f,0f,0f,0f,1f],start_interpolation: 0,interpolation_duration: 1}
$data merge entity $(bone_torso1) {transformation: [-1f,0f,0f,-0.125f,0f,1f,0.0046f,0.1406f,0f,0.0046f,-1f,-0.2969f,0f,0f,0f,1f],start_interpolation: 0,interpolation_duration: 1}