# This file was generated by Animated Java via MC-Build. It is not recommended to edit this file directly.
$data merge entity $(bone_tail7) {transformation: [-0.1182f,0.1142f,0.9864f,0.505f,0.0528f,0.9927f,-0.1086f,0.1521f,-0.9916f,0.0392f,-0.1234f,-1.0441f,0f,0f,0f,1f],start_interpolation: 0,interpolation_duration: 1}
$data merge entity $(bone_tail6) {transformation: [-0.4425f,0.0716f,0.8939f,0.2256f,0.0717f,0.9964f,-0.0443f,0.1659f,-0.8939f,0.0445f,-0.446f,-0.9047f,0f,0f,0f,1f],start_interpolation: 0,interpolation_duration: 1}
$data merge entity $(bone_tail5) {transformation: [-0.8433f,0.0149f,0.5372f,0.0577f,-0.0014f,0.9996f,-0.0298f,0.1752f,-0.5374f,-0.0259f,-0.8429f,-0.6413f,0f,0f,0f,1f],start_interpolation: 0,interpolation_duration: 1}
$data merge entity $(bone_tail1) {transformation: [-0.9817f,0.0461f,0.1848f,0f,0.0005f,0.9708f,-0.2397f,0.2501f,-0.1904f,-0.2352f,-0.9531f,-0.3435f,0f,0f,0f,1f],start_interpolation: 0,interpolation_duration: 1}
$data merge entity $(bone_ear_left1) {transformation: [-0.7071f,0.704f,0.066f,0.2187f,0.7043f,0.6929f,0.1548f,0.4237f,0.0633f,0.1559f,-0.9857f,0.5764f,0f,0f,0f,1f],start_interpolation: 0,interpolation_duration: 1}
$data merge entity $(bone_ear_right1) {transformation: [-0.7071f,-0.704f,-0.066f,-0.2188f,-0.7043f,0.6929f,0.1548f,0.4237f,-0.0633f,0.1559f,-0.9857f,0.5764f,0f,0f,0f,1f],start_interpolation: 0,interpolation_duration: 1}
$data merge entity $(bone_eyelid_left1) {transformation: [-1f,0f,0f,0.1944f,0f,0.996f,0.0895f,0.2663f,0f,0.0895f,-0.996f,0.7574f,0f,0f,0f,1f],start_interpolation: 0,interpolation_duration: 1}
$data merge entity $(bone_eye_left1) {transformation: [-1f,0f,0f,0.1959f,0f,0.996f,0.0895f,0.2696f,0f,0.0895f,-0.996f,0.7202f,0f,0f,0f,1f],start_interpolation: 0,interpolation_duration: 1}
$data merge entity $(bone_eyelid_right1) {transformation: [-1f,0f,0f,-0.1881f,0f,0.996f,0.0895f,0.2696f,0f,0.0895f,-0.996f,0.72f,0f,0f,0f,1f],start_interpolation: 0,interpolation_duration: 1}
$data merge entity $(bone_eye_right1) {transformation: [-1f,0f,0f,-0.1959f,0f,0.996f,0.0895f,0.2696f,0f,0.0895f,-0.996f,0.7202f,0f,0f,0f,1f],start_interpolation: 0,interpolation_duration: 1}
$data merge entity $(bone_jaw1) {transformation: [-1f,0f,0f,0f,0f,0.9645f,0.264f,0.0957f,0f,0.264f,-0.9645f,0.7351f,0f,0f,0f,1f],start_interpolation: 0,interpolation_duration: 1}
$data merge entity $(bone_head1) {transformation: [-1f,0f,0f,0f,0f,0.996f,0.0895f,0.2793f,0f,0.0895f,-0.996f,0.4379f,0f,0f,0f,1f],start_interpolation: 0,interpolation_duration: 1}
$data merge entity $(bone_torso1) {transformation: [-1f,0f,0f,-0.125f,0f,1f,0.0027f,0.1406f,0f,0.0027f,-1f,-0.2969f,0f,0f,0f,1f],start_interpolation: 0,interpolation_duration: 1}