# This file was generated by Animated Java via MC-Build. It is not recommended to edit this file directly.
$data merge entity $(bone_tail7) {transformation: [-0.0752f,0.0727f,0.9945f,0.5096f,0.0569f,0.996f,-0.0685f,0.1591f,-0.9955f,0.0515f,-0.079f,-1.0357f,0f,0f,0f,1f],start_interpolation: 0,interpolation_duration: 1}
$data merge entity $(bone_tail6) {transformation: [-0.4193f,0.0467f,0.9067f,0.2263f,0.0682f,0.9975f,-0.0198f,0.1653f,-0.9053f,0.0535f,-0.4214f,-0.904f,0f,0f,0f,1f],start_interpolation: 0,interpolation_duration: 1}
$data merge entity $(bone_tail5) {transformation: [-0.8408f,0.0101f,0.5413f,0.0571f,-0.0053f,0.9996f,-0.027f,0.1737f,-0.5413f,-0.0256f,-0.8404f,-0.6414f,0f,0f,0f,1f],start_interpolation: 0,interpolation_duration: 1}
$data merge entity $(bone_tail1) {transformation: [-0.9821f,0.046f,0.1828f,0f,0f,0.9697f,-0.2442f,0.25f,-0.1885f,-0.2398f,-0.9523f,-0.3437f,0f,0f,0f,1f],start_interpolation: 0,interpolation_duration: 1}
$data merge entity $(bone_ear_left1) {transformation: [-0.7071f,0.7019f,0.0853f,0.2187f,0.7046f,0.6892f,0.1692f,0.4263f,0.06f,0.1797f,-0.9819f,0.5753f,0f,0f,0f,1f],start_interpolation: 0,interpolation_duration: 1}
$data merge entity $(bone_ear_right1) {transformation: [-0.7071f,-0.7019f,-0.0853f,-0.2188f,-0.7046f,0.6892f,0.1692f,0.4263f,-0.06f,0.1797f,-0.9819f,0.5753f,0f,0f,0f,1f],start_interpolation: 0,interpolation_duration: 1}
$data merge entity $(bone_eyelid_left1) {transformation: [-1f,0f,0f,0.1944f,0f,0.9964f,0.0848f,0.2697f,0f,0.0848f,-0.9964f,0.757f,0f,0f,0f,1f],start_interpolation: 0,interpolation_duration: 1}
$data merge entity $(bone_eye_left1) {transformation: [-1f,0f,0f,0.1959f,0f,0.9964f,0.0848f,0.2729f,0f,0.0848f,-0.9964f,0.7198f,0f,0f,0f,1f],start_interpolation: 0,interpolation_duration: 1}
$data merge entity $(bone_eyelid_right1) {transformation: [-1f,0f,0f,-0.1881f,0f,0.9964f,0.0848f,0.2729f,0f,0.0848f,-0.9964f,0.7197f,0f,0f,0f,1f],start_interpolation: 0,interpolation_duration: 1}
$data merge entity $(bone_eye_right1) {transformation: [-1f,0f,0f,-0.1959f,0f,0.9964f,0.0848f,0.2729f,0f,0.0848f,-0.9964f,0.7198f,0f,0f,0f,1f],start_interpolation: 0,interpolation_duration: 1}
$data merge entity $(bone_jaw1) {transformation: [-1f,0f,0f,0f,0f,0.9621f,0.2728f,0.0991f,0f,0.2728f,-0.9621f,0.7356f,0f,0f,0f,1f],start_interpolation: 0,interpolation_duration: 1}
$data merge entity $(bone_head1) {transformation: [-1f,0f,0f,0f,0f,0.9964f,0.0848f,0.2813f,0f,0.0848f,-0.9964f,0.4375f,0f,0f,0f,1f],start_interpolation: 0,interpolation_duration: 1}
$data merge entity $(bone_torso1) {transformation: [-1f,0f,0f,-0.125f,0f,1f,0f,0.1406f,0f,0f,-1f,-0.2969f,0f,0f,0f,1f],start_interpolation: 0,interpolation_duration: 1}