# This file was generated by Animated Java via MC-Build. It is not recommended to edit this file directly.
$data merge entity $(bone_tail7) {transformation: [-0.0135f,0.0093f,0.9999f,0.5117f,0.0583f,0.9983f,-0.0085f,0.164f,-0.9982f,0.0582f,-0.014f,-1.0266f,0f,0f,0f,1f],start_interpolation: 0,interpolation_duration: 1}
$data merge entity $(bone_tail6) {transformation: [-0.3917f,0.0144f,0.92f,0.2242f,0.0591f,0.9982f,0.0096f,0.161f,-0.9182f,0.0581f,-0.3918f,-0.9041f,0f,0f,0f,1f],start_interpolation: 0,interpolation_duration: 1}
$data merge entity $(bone_tail5) {transformation: [-0.8414f,0.0076f,0.5404f,0.0554f,-0.0108f,0.9995f,-0.0309f,0.1706f,-0.5403f,-0.0318f,-0.8409f,-0.6414f,0f,0f,0f,1f],start_interpolation: 0,interpolation_duration: 1}
$data merge entity $(bone_tail1) {transformation: [-0.9831f,0.0457f,0.1772f,0f,-0.0007f,0.9674f,-0.2534f,0.2498f,-0.183f,-0.2492f,-0.951f,-0.3442f,0f,0f,0f,1f],start_interpolation: 0,interpolation_duration: 1}
$data merge entity $(bone_ear_left1) {transformation: [-0.7071f,0.7002f,0.0983f,0.2187f,0.7051f,0.6878f,0.1726f,0.4306f,0.0532f,0.1913f,-0.9801f,0.5733f,0f,0f,0f,1f],start_interpolation: 0,interpolation_duration: 1}
$data merge entity $(bone_ear_right1) {transformation: [-0.7071f,-0.7002f,-0.0983f,-0.2188f,-0.7051f,0.6878f,0.1726f,0.4306f,-0.0532f,0.1913f,-0.9801f,0.5733f,0f,0f,0f,1f],start_interpolation: 0,interpolation_duration: 1}
$data merge entity $(bone_eyelid_left1) {transformation: [-1f,0f,0f,0.1944f,0f,0.9972f,0.0753f,0.2757f,0f,0.0753f,-0.9972f,0.7566f,0f,0f,0f,1f],start_interpolation: 0,interpolation_duration: 1}
$data merge entity $(bone_eye_left1) {transformation: [-1f,0f,0f,0.1959f,0f,0.9972f,0.0753f,0.2785f,0f,0.0753f,-0.9972f,0.7193f,0f,0f,0f,1f],start_interpolation: 0,interpolation_duration: 1}
$data merge entity $(bone_eyelid_right1) {transformation: [-1f,0f,0f,-0.1881f,0f,0.9972f,0.0753f,0.2785f,0f,0.0753f,-0.9972f,0.7192f,0f,0f,0f,1f],start_interpolation: 0,interpolation_duration: 1}
$data merge entity $(bone_eye_right1) {transformation: [-1f,0f,0f,-0.1959f,0f,0.9972f,0.0753f,0.2785f,0f,0.0753f,-0.9972f,0.7193f,0f,0f,0f,1f],start_interpolation: 0,interpolation_duration: 1}
$data merge entity $(bone_jaw1) {transformation: [-1f,0f,0f,0f,0f,0.9622f,0.2725f,0.1048f,0f,0.2725f,-0.9622f,0.7368f,0f,0f,0f,1f],start_interpolation: 0,interpolation_duration: 1}
$data merge entity $(bone_head1) {transformation: [-1f,0f,0f,0f,0f,0.9972f,0.0753f,0.2842f,0f,0.0753f,-0.9972f,0.4369f,0f,0f,0f,1f],start_interpolation: 0,interpolation_duration: 1}
$data merge entity $(bone_torso1) {transformation: [-1f,0f,0f,-0.125f,0f,1f,-0.004f,0.1406f,0f,-0.004f,-1f,-0.2969f,0f,0f,0f,1f],start_interpolation: 0,interpolation_duration: 1}