# This file was generated by Animated Java via MC-Build. It is not recommended to edit this file directly.
$data merge entity $(bone_tail7) {transformation: [0.0199f,-0.0272f,0.9994f,0.51f,0.0554f,0.9981f,0.0261f,0.1631f,-0.9983f,0.0549f,0.0214f,-1.0239f,0f,0f,0f,1f],start_interpolation: 0,interpolation_duration: 1}
$data merge entity $(bone_tail6) {transformation: [-0.381f,-0.0004f,0.9246f,0.2211f,0.0511f,0.9985f,0.0215f,0.1563f,-0.9232f,0.0555f,-0.3804f,-0.905f,0f,0f,0f,1f],start_interpolation: 0,interpolation_duration: 1}
$data merge entity $(bone_tail5) {transformation: [-0.8447f,0.0092f,0.5352f,0.0538f,-0.0135f,0.9992f,-0.0385f,0.1684f,-0.5351f,-0.0398f,-0.8439f,-0.6413f,0f,0f,0f,1f],start_interpolation: 0,interpolation_duration: 1}
$data merge entity $(bone_tail1) {transformation: [-0.984f,0.0453f,0.1722f,0f,-0.0011f,0.9655f,-0.2603f,0.2497f,-0.1781f,-0.2563f,-0.95f,-0.3444f,0f,0f,0f,1f],start_interpolation: 0,interpolation_duration: 1}
$data merge entity $(bone_ear_left1) {transformation: [-0.7071f,0.7007f,0.0951f,0.2187f,0.7055f,0.6899f,0.1623f,0.4332f,0.0482f,0.1819f,-0.9821f,0.572f,0f,0f,0f,1f],start_interpolation: 0,interpolation_duration: 1}
$data merge entity $(bone_ear_right1) {transformation: [-0.7071f,-0.7007f,-0.0951f,-0.2188f,-0.7055f,0.6899f,0.1623f,0.4332f,-0.0482f,0.1819f,-0.9821f,0.572f,0f,0f,0f,1f],start_interpolation: 0,interpolation_duration: 1}
$data merge entity $(bone_eyelid_left1) {transformation: [-1f,0f,0f,0.1944f,0f,0.9977f,0.0681f,0.2796f,0f,0.0681f,-0.9977f,0.7563f,0f,0f,0f,1f],start_interpolation: 0,interpolation_duration: 1}
$data merge entity $(bone_eye_left1) {transformation: [-1f,0f,0f,0.1959f,0f,0.9977f,0.0681f,0.2822f,0f,0.0681f,-0.9977f,0.7191f,0f,0f,0f,1f],start_interpolation: 0,interpolation_duration: 1}
$data merge entity $(bone_eyelid_right1) {transformation: [-1f,0f,0f,-0.1881f,0f,0.9977f,0.0681f,0.2822f,0f,0.0681f,-0.9977f,0.7189f,0f,0f,0f,1f],start_interpolation: 0,interpolation_duration: 1}
$data merge entity $(bone_eye_right1) {transformation: [-1f,0f,0f,-0.1959f,0f,0.9977f,0.0681f,0.2822f,0f,0.0681f,-0.9977f,0.7191f,0f,0f,0f,1f],start_interpolation: 0,interpolation_duration: 1}
$data merge entity $(bone_jaw1) {transformation: [-1f,0f,0f,0f,0f,0.9647f,0.2634f,0.1086f,0f,0.2634f,-0.9647f,0.7378f,0f,0f,0f,1f],start_interpolation: 0,interpolation_duration: 1}
$data merge entity $(bone_head1) {transformation: [-1f,0f,0f,0f,0f,0.9977f,0.0681f,0.2858f,0f,0.0681f,-0.9977f,0.4366f,0f,0f,0f,1f],start_interpolation: 0,interpolation_duration: 1}
$data merge entity $(bone_torso1) {transformation: [-1f,0f,0f,-0.125f,0f,1f,-0.0062f,0.1406f,0f,-0.0062f,-1f,-0.2969f,0f,0f,0f,1f],start_interpolation: 0,interpolation_duration: 1}