# This file was generated by Animated Java via MC-Build. It is not recommended to edit this file directly.
$data merge entity $(bone_tail7) {transformation: [0.0361f,-0.0617f,0.9974f,0.4859f,0.0147f,0.998f,0.0612f,0.1312f,-0.9992f,0.0125f,0.0369f,-1.0408f,0f,0f,0f,1f],start_interpolation: 0,interpolation_duration: 1}
$data merge entity $(bone_tail6) {transformation: [-0.4135f,0.0167f,0.9104f,0.2014f,0.0209f,0.9997f,-0.0088f,0.1339f,-0.9103f,0.0153f,-0.4137f,-0.9115f,0f,0f,0f,1f],start_interpolation: 0,interpolation_duration: 1}
$data merge entity $(bone_tail5) {transformation: [-0.8704f,0.0338f,0.4912f,0.0479f,-0.0121f,0.9959f,-0.09f,0.162f,-0.4922f,-0.0843f,-0.8664f,-0.6407f,0f,0f,0f,1f],start_interpolation: 0,interpolation_duration: 1}
$data merge entity $(bone_tail1) {transformation: [-0.9872f,0.0435f,0.1532f,0f,-0.0012f,0.9599f,-0.2803f,0.2496f,-0.1592f,-0.2769f,-0.9476f,-0.3446f,0f,0f,0f,1f],start_interpolation: 0,interpolation_duration: 1}
$data merge entity $(bone_ear_left1) {transformation: [-0.7071f,0.7071f,0.0052f,0.2187f,0.7063f,0.7059f,0.0525f,0.4371f,0.0335f,0.0408f,-0.9986f,0.5686f,0f,0f,0f,1f],start_interpolation: 0,interpolation_duration: 1}
$data merge entity $(bone_ear_right1) {transformation: [-0.7071f,-0.7071f,-0.0052f,-0.2188f,-0.7063f,0.7059f,0.0525f,0.4371f,-0.0335f,0.0408f,-0.9986f,0.5686f,0f,0f,0f,1f],start_interpolation: 0,interpolation_duration: 1}
$data merge entity $(bone_eyelid_left1) {transformation: [-1f,0f,0f,0.1944f,0f,0.9989f,0.0474f,0.2874f,0f,0.0474f,-0.9989f,0.7561f,0f,0f,0f,1f],start_interpolation: 0,interpolation_duration: 1}
$data merge entity $(bone_eye_left1) {transformation: [-1f,0f,0f,0.1959f,0f,0.9989f,0.0474f,0.2892f,0f,0.0474f,-0.9989f,0.7188f,0f,0f,0f,1f],start_interpolation: 0,interpolation_duration: 1}
$data merge entity $(bone_eyelid_right1) {transformation: [-1f,0f,0f,-0.1881f,0f,0.9989f,0.0474f,0.2892f,0f,0.0474f,-0.9989f,0.7187f,0f,0f,0f,1f],start_interpolation: 0,interpolation_duration: 1}
$data merge entity $(bone_eye_right1) {transformation: [-1f,0f,0f,-0.1959f,0f,0.9989f,0.0474f,0.2892f,0f,0.0474f,-0.9989f,0.7188f,0f,0f,0f,1f],start_interpolation: 0,interpolation_duration: 1}
$data merge entity $(bone_jaw1) {transformation: [-1f,0f,0f,0f,0f,0.9835f,0.181f,0.1161f,0f,0.181f,-0.9835f,0.7411f,0f,0f,0f,1f],start_interpolation: 0,interpolation_duration: 1}
$data merge entity $(bone_head1) {transformation: [-1f,0f,0f,0f,0f,0.9989f,0.0474f,0.287f,0f,0.0474f,-0.9989f,0.4364f,0f,0f,0f,1f],start_interpolation: 0,interpolation_duration: 1}
$data merge entity $(bone_torso1) {transformation: [-1f,0f,0f,-0.125f,0f,1f,-0.0078f,0.1406f,0f,-0.0078f,-1f,-0.2969f,0f,0f,0f,1f],start_interpolation: 0,interpolation_duration: 1}