# This file was generated by Animated Java via MC-Build. It is not recommended to edit this file directly.
$data merge entity $(bone_tail7) {transformation: [0.0237f,-0.0516f,0.9984f,0.4819f,0.0082f,0.9986f,0.0514f,0.1255f,-0.9997f,0.0069f,0.024f,-1.045f,0f,0f,0f,1f],start_interpolation: 0,interpolation_duration: 1}
$data merge entity $(bone_tail6) {transformation: [-0.4244f,0.0266f,0.9051f,0.1991f,0.0192f,0.9996f,-0.0203f,0.1319f,-0.9053f,0.0088f,-0.4247f,-0.9123f,0f,0f,0f,1f],start_interpolation: 0,interpolation_duration: 1}
$data merge entity $(bone_tail5) {transformation: [-0.8736f,0.0375f,0.4852f,0.0475f,-0.0106f,0.9953f,-0.0961f,0.1619f,-0.4865f,-0.0891f,-0.8691f,-0.6407f,0f,0f,0f,1f],start_interpolation: 0,interpolation_duration: 1}
$data merge entity $(bone_tail1) {transformation: [-0.9875f,0.0433f,0.1519f,0f,-0.0011f,0.9597f,-0.2809f,0.2497f,-0.1579f,-0.2775f,-0.9476f,-0.3445f,0f,0f,0f,1f],start_interpolation: 0,interpolation_duration: 1}
$data merge entity $(bone_ear_left1) {transformation: [-0.7071f,0.707f,-0.0103f,0.2187f,0.7063f,0.7069f,0.0365f,0.4367f,0.0331f,0.0185f,-0.9993f,0.5687f,0f,0f,0f,1f],start_interpolation: 0,interpolation_duration: 1}
$data merge entity $(bone_ear_right1) {transformation: [-0.7071f,-0.707f,0.0103f,-0.2188f,-0.7063f,0.7069f,0.0365f,0.4367f,-0.0331f,0.0185f,-0.9993f,0.5687f,0f,0f,0f,1f],start_interpolation: 0,interpolation_duration: 1}
$data merge entity $(bone_eyelid_left1) {transformation: [-1f,0f,0f,0.1944f,0f,0.9989f,0.0468f,0.2871f,0f,0.0468f,-0.9989f,0.7562f,0f,0f,0f,1f],start_interpolation: 0,interpolation_duration: 1}
$data merge entity $(bone_eye_left1) {transformation: [-1f,0f,0f,0.1959f,0f,0.9989f,0.0468f,0.2888f,0f,0.0468f,-0.9989f,0.7189f,0f,0f,0f,1f],start_interpolation: 0,interpolation_duration: 1}
$data merge entity $(bone_eyelid_right1) {transformation: [-1f,0f,0f,-0.1881f,0f,0.9989f,0.0468f,0.2888f,0f,0.0468f,-0.9989f,0.7188f,0f,0f,0f,1f],start_interpolation: 0,interpolation_duration: 1}
$data merge entity $(bone_eye_right1) {transformation: [-1f,0f,0f,-0.1959f,0f,0.9989f,0.0468f,0.2888f,0f,0.0468f,-0.9989f,0.7189f,0f,0f,0f,1f],start_interpolation: 0,interpolation_duration: 1}
$data merge entity $(bone_jaw1) {transformation: [-1f,0f,0f,0f,0f,0.9855f,0.1696f,0.1157f,0f,0.1696f,-0.9855f,0.7413f,0f,0f,0f,1f],start_interpolation: 0,interpolation_duration: 1}
$data merge entity $(bone_head1) {transformation: [-1f,0f,0f,0f,0f,0.9989f,0.0468f,0.2864f,0f,0.0468f,-0.9989f,0.4365f,0f,0f,0f,1f],start_interpolation: 0,interpolation_duration: 1}
$data merge entity $(bone_torso1) {transformation: [-1f,0f,0f,-0.125f,0f,1f,-0.0071f,0.1406f,0f,-0.0071f,-1f,-0.2969f,0f,0f,0f,1f],start_interpolation: 0,interpolation_duration: 1}