# This file was generated by Animated Java via MC-Build. It is not recommended to edit this file directly.
$data merge entity $(bone_tail7) {transformation: [0.0085f,-0.0386f,0.9992f,0.478f,0.0019f,0.9993f,0.0386f,0.1199f,-1f,0.0016f,0.0086f,-1.0494f,0f,0f,0f,1f],start_interpolation: 0,interpolation_duration: 1}
$data merge entity $(bone_tail6) {transformation: [-0.4361f,0.0375f,0.8991f,0.197f,0.0184f,0.9993f,-0.0328f,0.1302f,-0.8997f,0.0022f,-0.4365f,-0.913f,0f,0f,0f,1f],start_interpolation: 0,interpolation_duration: 1}
$data merge entity $(bone_tail5) {transformation: [-0.8765f,0.0411f,0.4796f,0.0472f,-0.0089f,0.9948f,-0.1016f,0.1619f,-0.4812f,-0.0933f,-0.8716f,-0.6406f,0f,0f,0f,1f],start_interpolation: 0,interpolation_duration: 1}
$data merge entity $(bone_tail1) {transformation: [-0.9876f,0.0432f,0.151f,0f,-0.001f,0.9597f,-0.2809f,0.2497f,-0.157f,-0.2776f,-0.9478f,-0.3444f,0f,0f,0f,1f],start_interpolation: 0,interpolation_duration: 1}
$data merge entity $(bone_ear_left1) {transformation: [-0.7071f,0.7066f,-0.0255f,0.2187f,0.7063f,0.7076f,0.0212f,0.436f,0.0331f,-0.003f,-0.9994f,0.5688f,0f,0f,0f,1f],start_interpolation: 0,interpolation_duration: 1}
$data merge entity $(bone_ear_right1) {transformation: [-0.7071f,-0.7066f,0.0255f,-0.2188f,-0.7063f,0.7076f,0.0212f,0.436f,-0.0331f,-0.003f,-0.9994f,0.5688f,0f,0f,0f,1f],start_interpolation: 0,interpolation_duration: 1}
$data merge entity $(bone_eyelid_left1) {transformation: [-1f,0f,0f,0.1944f,0f,0.9989f,0.0468f,0.2865f,0f,0.0468f,-0.9989f,0.7564f,0f,0f,0f,1f],start_interpolation: 0,interpolation_duration: 1}
$data merge entity $(bone_eye_left1) {transformation: [-1f,0f,0f,0.1959f,0f,0.9989f,0.0468f,0.2882f,0f,0.0468f,-0.9989f,0.7191f,0f,0f,0f,1f],start_interpolation: 0,interpolation_duration: 1}
$data merge entity $(bone_eyelid_right1) {transformation: [-1f,0f,0f,-0.1881f,0f,0.9989f,0.0468f,0.2882f,0f,0.0468f,-0.9989f,0.7189f,0f,0f,0f,1f],start_interpolation: 0,interpolation_duration: 1}
$data merge entity $(bone_eye_right1) {transformation: [-1f,0f,0f,-0.1959f,0f,0.9989f,0.0468f,0.2882f,0f,0.0468f,-0.9989f,0.7191f,0f,0f,0f,1f],start_interpolation: 0,interpolation_duration: 1}
$data merge entity $(bone_jaw1) {transformation: [-1f,0f,0f,0f,0f,0.9873f,0.1589f,0.1151f,0f,0.1589f,-0.9873f,0.7415f,0f,0f,0f,1f],start_interpolation: 0,interpolation_duration: 1}
$data merge entity $(bone_head1) {transformation: [-1f,0f,0f,0f,0f,0.9989f,0.0468f,0.2858f,0f,0.0468f,-0.9989f,0.4366f,0f,0f,0f,1f],start_interpolation: 0,interpolation_duration: 1}
$data merge entity $(bone_torso1) {transformation: [-1f,0f,0f,-0.125f,0f,1f,-0.0062f,0.1406f,0f,-0.0062f,-1f,-0.2969f,0f,0f,0f,1f],start_interpolation: 0,interpolation_duration: 1}