# This file was generated by Animated Java via MC-Build. It is not recommended to edit this file directly.
$data merge entity $(bone_tail7) {transformation: [-0.0089f,-0.0232f,0.9997f,0.4742f,-0.0038f,0.9997f,0.0232f,0.1146f,-1f,-0.0036f,-0.009f,-1.0538f,0f,0f,0f,1f],start_interpolation: 0,interpolation_duration: 1}
$data merge entity $(bone_tail6) {transformation: [-0.4483f,0.0492f,0.8925f,0.1953f,0.0183f,0.9988f,-0.0459f,0.1289f,-0.8937f,-0.0042f,-0.4486f,-0.9136f,0f,0f,0f,1f],start_interpolation: 0,interpolation_duration: 1}
$data merge entity $(bone_tail5) {transformation: [-0.8792f,0.0445f,0.4745f,0.047f,-0.007f,0.9943f,-0.1063f,0.1621f,-0.4765f,-0.0968f,-0.8738f,-0.6406f,0f,0f,0f,1f],start_interpolation: 0,interpolation_duration: 1}
$data merge entity $(bone_tail1) {transformation: [-0.9877f,0.0431f,0.1505f,0f,-0.0008f,0.9599f,-0.2804f,0.2498f,-0.1565f,-0.2771f,-0.948f,-0.3443f,0f,0f,0f,1f],start_interpolation: 0,interpolation_duration: 1}
$data merge entity $(bone_ear_left1) {transformation: [-0.7071f,0.706f,-0.0401f,0.2187f,0.7063f,0.7079f,0.0071f,0.4352f,0.0335f,-0.0233f,-0.9992f,0.569f,0f,0f,0f,1f],start_interpolation: 0,interpolation_duration: 1}
$data merge entity $(bone_ear_right1) {transformation: [-0.7071f,-0.706f,0.0401f,-0.2188f,-0.7063f,0.7079f,0.0071f,0.4352f,-0.0335f,-0.0233f,-0.9992f,0.569f,0f,0f,0f,1f],start_interpolation: 0,interpolation_duration: 1}
$data merge entity $(bone_eyelid_left1) {transformation: [-1f,0f,0f,0.1944f,0f,0.9989f,0.0473f,0.2855f,0f,0.0473f,-0.9989f,0.7565f,0f,0f,0f,1f],start_interpolation: 0,interpolation_duration: 1}
$data merge entity $(bone_eye_left1) {transformation: [-1f,0f,0f,0.1959f,0f,0.9989f,0.0473f,0.2873f,0f,0.0473f,-0.9989f,0.7192f,0f,0f,0f,1f],start_interpolation: 0,interpolation_duration: 1}
$data merge entity $(bone_eyelid_right1) {transformation: [-1f,0f,0f,-0.1881f,0f,0.9989f,0.0473f,0.2873f,0f,0.0473f,-0.9989f,0.7191f,0f,0f,0f,1f],start_interpolation: 0,interpolation_duration: 1}
$data merge entity $(bone_eye_right1) {transformation: [-1f,0f,0f,-0.1959f,0f,0.9989f,0.0473f,0.2873f,0f,0.0473f,-0.9989f,0.7192f,0f,0f,0f,1f],start_interpolation: 0,interpolation_duration: 1}
$data merge entity $(bone_jaw1) {transformation: [-1f,0f,0f,0f,0f,0.9888f,0.1493f,0.1142f,0f,0.1493f,-0.9888f,0.7415f,0f,0f,0f,1f],start_interpolation: 0,interpolation_duration: 1}
$data merge entity $(bone_head1) {transformation: [-1f,0f,0f,0f,0f,0.9989f,0.0473f,0.285f,0f,0.0473f,-0.9989f,0.4368f,0f,0f,0f,1f],start_interpolation: 0,interpolation_duration: 1}
$data merge entity $(bone_torso1) {transformation: [-1f,0f,0f,-0.125f,0f,1f,-0.0051f,0.1406f,0f,-0.0051f,-1f,-0.2969f,0f,0f,0f,1f],start_interpolation: 0,interpolation_duration: 1}