# This file was generated by Animated Java via MC-Build. It is not recommended to edit this file directly.
$data merge entity $(bone_tail7) {transformation: [-0.0817f,0.044f,0.9957f,0.463f,-0.0167f,0.9988f,-0.0455f,0.0993f,-0.9965f,-0.0203f,-0.0808f,-1.0683f,0f,0f,0f,1f],start_interpolation: 0,interpolation_duration: 1}
$data merge entity $(bone_tail6) {transformation: [-0.4899f,0.092f,0.8669f,0.1921f,0.0241f,0.9955f,-0.092f,0.1281f,-0.8715f,-0.0242f,-0.4899f,-0.9152f,0f,0f,0f,1f],start_interpolation: 0,interpolation_duration: 1}
$data merge entity $(bone_tail5) {transformation: [-0.885f,0.0536f,0.4625f,0.0475f,-0.0002f,0.9933f,-0.1154f,0.1641f,-0.4656f,-0.1022f,-0.879f,-0.6405f,0f,0f,0f,1f],start_interpolation: 0,interpolation_duration: 1}
$data merge entity $(bone_tail1) {transformation: [-0.9874f,0.0433f,0.1521f,0f,-0.0001f,0.9615f,-0.2747f,0.25f,-0.1581f,-0.2712f,-0.9494f,-0.3438f,0f,0f,0f,1f],start_interpolation: 0,interpolation_duration: 1}
$data merge entity $(bone_ear_left1) {transformation: [-0.7071f,0.7024f,-0.0812f,0.2187f,0.7061f,0.7076f,-0.0281f,0.4311f,0.0377f,-0.0772f,-0.9963f,0.5706f,0f,0f,0f,1f],start_interpolation: 0,interpolation_duration: 1}
$data merge entity $(bone_ear_right1) {transformation: [-0.7071f,-0.7024f,0.0812f,-0.2188f,-0.7061f,0.7076f,-0.0281f,0.4311f,-0.0377f,-0.0772f,-0.9963f,0.5706f,0f,0f,0f,1f],start_interpolation: 0,interpolation_duration: 1}
$data merge entity $(bone_eyelid_left1) {transformation: [-1f,0f,0f,0.1944f,0f,0.9986f,0.0534f,0.2803f,0f,0.0534f,-0.9986f,0.7572f,0f,0f,0f,1f],start_interpolation: 0,interpolation_duration: 1}
$data merge entity $(bone_eye_left1) {transformation: [-1f,0f,0f,0.1959f,0f,0.9986f,0.0534f,0.2823f,0f,0.0534f,-0.9986f,0.7199f,0f,0f,0f,1f],start_interpolation: 0,interpolation_duration: 1}
$data merge entity $(bone_eyelid_right1) {transformation: [-1f,0f,0f,-0.1881f,0f,0.9986f,0.0534f,0.2823f,0f,0.0534f,-0.9986f,0.7197f,0f,0f,0f,1f],start_interpolation: 0,interpolation_duration: 1}
$data merge entity $(bone_eye_right1) {transformation: [-1f,0f,0f,-0.1959f,0f,0.9986f,0.0534f,0.2823f,0f,0.0534f,-0.9986f,0.7199f,0f,0f,0f,1f],start_interpolation: 0,interpolation_duration: 1}
$data merge entity $(bone_jaw1) {transformation: [-1f,0f,0f,0f,0f,0.992f,0.1264f,0.1091f,0f,0.1264f,-0.992f,0.7411f,0f,0f,0f,1f],start_interpolation: 0,interpolation_duration: 1}
$data merge entity $(bone_head1) {transformation: [-1f,0f,0f,0f,0f,0.9986f,0.0534f,0.2818f,0f,0.0534f,-0.9986f,0.4374f,0f,0f,0f,1f],start_interpolation: 0,interpolation_duration: 1}
$data merge entity $(bone_torso1) {transformation: [-1f,0f,0f,-0.125f,0f,1f,-0.0007f,0.1406f,0f,-0.0007f,-1f,-0.2969f,0f,0f,0f,1f],start_interpolation: 0,interpolation_duration: 1}