# This file was generated by Animated Java via MC-Build. It is not recommended to edit this file directly.
$data merge entity $(bone_tail7) { transformation: [-0.28788167298353967f,0.057613405527196154f,0.9559313980949455f,0.4339505616806083f,-0.13900555843959933f,0.9851036610346052f,-0.10123355046185403f,0.11317704428669155f,-0.9475239295569758f,-0.16202306169115707f,-0.2755847063919369f,-1.1029763634797876f,0f,0f,0f,1f], start_interpolation: 0, interpolation_duration: 1 }
$data merge entity $(bone_tail6) { transformation: [-0.5787765966114714f,-0.05165876374870521f,0.813848280297254f,0.1796229740877164f,-0.1354219122410372f,0.9902231213434696f,-0.03345258796830436f,0.12363097802678666f,-0.8041632650773242f,-0.1295744654040749f,-0.5801136966280189f,-0.9216908332835315f,0f,0f,0f,1f], start_interpolation: 0, interpolation_duration: 1 }
$data merge entity $(bone_tail5) { transformation: [-0.9062182933486046f,-0.0022714162126820075f,0.42280402726172217f,0.04749671556842824f,-0.07157034192616148f,0.9863790632011198f,-0.14810141739718005f,0.16991267096340543f,-0.416708640367481f,-0.1644724425150615f,-0.8940373172839123f,-0.6423041716323089f,0f,0f,0f,1f], start_interpolation: 0, interpolation_duration: 1 }
$data merge entity $(bone_tail1) { transformation: [-0.9875756511646202f,0.039919020671172714f,0.15198948981897023f,4.163336342344337e-17f,-0.0003201333925980745f,0.9666838393347106f,-0.2559731475833247f,0.2499042795831944f,-0.15714398092636991f,-0.2528415048162743f,-0.9546606426897751f,-0.34397272079175417f,0f,0f,0f,1f], start_interpolation: 0, interpolation_duration: 1 }
$data merge entity $(bone_ear_left1) { transformation: [-0.7421760118044174f,0.6654813364223012f,0.07943146968095875f,0.21874999999999994f,0.6697766288499925f,0.740710901853987f,0.052408275310227674f,0.4433644986933468f,-0.02395902644993235f,0.09209750674280563f,-0.995461709109562f,0.5565463463648284f,0f,0f,0f,1f], start_interpolation: 0, interpolation_duration: 1 }
$data merge entity $(bone_ear_right1) { transformation: [-0.7421760118044174f,-0.6654813364223012f,-0.0794314696809585f,-0.21875000000000006f,-0.6697766288499925f,0.740710901853987f,0.052408275310227674f,0.4433644986933468f,0.02395902644993217f,0.09209750674280548f,-0.995461709109562f,0.5565463463648282f,0f,0f,0f,1f], start_interpolation: 0, interpolation_duration: 1 }
$data merge entity $(bone_eyelid_left1) { transformation: [-1f,4.37796558075203e-18f,1.2238640138508988e-16f,0.18812499999999993f,0f,0.999360807298072f,-0.03574880188965619f,0.309554628522547f,-1.2246467991473532e-16f,-0.03574880188965619f,-0.999360807298072f,0.7495782735035111f,0f,0f,0f,1f], start_interpolation: 0, interpolation_duration: 1 }
$data merge entity $(bone_eye_left1) { transformation: [-1f,4.37796558075203e-18f,1.2238640138508988e-16f,0.19593749999999993f,0f,0.999360807298072f,-0.03574880188965619f,0.30844306421379053f,-1.2246467991473532e-16f,-0.03574880188965619f,-0.999360807298072f,0.7185043984015866f,0f,0f,0f,1f], start_interpolation: 0, interpolation_duration: 1 }
$data merge entity $(bone_eyelid_right1) { transformation: [-1f,4.37796558075203e-18f,1.2238640138508988e-16f,-0.18187500000000006f,0f,0.999360807298072f,-0.03574880188965619f,0.30821404845168493f,-1.2246467991473532e-16f,-0.03574880188965619f,-0.999360807298072f,0.7121022432298333f,0f,0f,0f,1f], start_interpolation: 0, interpolation_duration: 1 }
$data merge entity $(bone_eye_right1) { transformation: [-1f,4.37796558075203e-18f,1.2238640138508988e-16f,-0.19593750000000004f,0f,0.999360807298072f,-0.03574880188965619f,0.30844306421379053f,-1.2246467991473532e-16f,-0.03574880188965619f,-0.999360807298072f,0.7185043984015865f,0f,0f,0f,1f], start_interpolation: 0, interpolation_duration: 1 }
$data merge entity $(bone_jaw1) { transformation: [-1f,-6.861985044676597e-17f,1.0143428390481222e-16f,-8.056317097827646e-17f,0f,0.8282737845347304f,0.5603236010133027f,0.13776714676700988f,-1.2246467991473532e-16f,0.5603236010133027f,-0.8282737845347304f,0.7550979983237344f,0f,0f,0f,1f], start_interpolation: 0, interpolation_duration: 1 }
$data merge entity $(bone_head1) { transformation: [-1f,4.37796558075203e-18f,1.2238640138508988e-16f,-4.163336342344337e-17f,0f,0.999360807298072f,-0.03574880188965619f,0.2827457723168161f,-1.2246467991473532e-16f,-0.03574880188965619f,-0.999360807298072f,0.4372119957478281f,0f,0f,0f,1f], start_interpolation: 0, interpolation_duration: 1 }
$data merge entity $(bone_torso1) { transformation: [-1f,2.494842746747133e-19f,1.2246442579057506e-16f,-0.12499999999999996f,0f,0.9999979249187567f,-0.0020371937022855406f,0.140625f,-1.2246467991473532e-16f,-0.0020371937022855406f,-0.9999979249187567f,-0.296875f,0f,0f,0f,1f], start_interpolation: 0, interpolation_duration: 1 }