# This file was generated by Animated Java via MC-Build. It is not recommended to edit this file directly.
$data merge entity $(bone_tail7) { transformation: [-0.014613438594024364f,0.12270373067968549f,0.992335750585328f,0.5012898976251183f,-0.20555124285886028f,0.9708762428945238f,-0.1230772421782016f,0.07943043303519845f,-0.9785372419952327f,-0.20577442858698713f,0.011034063986691989f,-1.028093092025502f,0f,0f,0f,1f], start_interpolation: 0, interpolation_duration: 1 }
$data merge entity $(bone_tail6) { transformation: [-0.4197199827752252f,-0.014338170304624144f,0.9075403863914159f,0.21768352687780082f,-0.19228934579079396f,0.9785841988831084f,-0.07346953920948046f,0.10238966403816109f,-0.8870512632055225f,-0.20534698090943657f,-0.41348842048703904f,-0.8988779606233024f,0f,0f,0f,1f], start_interpolation: 0, interpolation_duration: 1 }
$data merge entity $(bone_tail5) { transformation: [-0.8519380704654301f,0.012824034810261852f,0.5234854995344427f,0.05409430827328748f,-0.10327937162750059f,0.9759476283302521f,-0.19198853651399372f,0.16238608169878413f,-0.5133564994113431f,-0.21762759679723911f,-0.8301224810980545f,-0.6394646852801603f,0f,0f,0f,1f], start_interpolation: 0, interpolation_duration: 1 }
$data merge entity $(bone_tail1) { transformation: [-0.9836641042583831f,0.04940345648719887f,0.1731017864745198f,4.163336342344337e-17f,-0.0009725397532655116f,0.9601309218059357f,-0.27954904249256973f,0.24974515747771217f,-0.18001106677085468f,-0.27515070684845006f,-0.9443982763436288f,-0.3443402239227763f,0f,0f,0f,1f], start_interpolation: 0, interpolation_duration: 1 }
$data merge entity $(bone_ear_left1) { transformation: [-0.6774416837551452f,0.7321934583847503f,-0.07046633671174268f,0.21874999999999994f,0.733137444816295f,0.6642952992454858f,-0.14567512625216786f,0.45111829620529914f,-0.05985191825854965f,-0.15034791285192364f,-0.9868197672228919f,0.5486014156022094f,0f,0f,0f,1f], start_interpolation: 0, interpolation_duration: 1 }
$data merge entity $(bone_ear_right1) { transformation: [-0.6774416837551452f,-0.7321934583847503f,0.07046633671174293f,-0.21875000000000006f,-0.733137444816295f,0.6642952992454858f,-0.14567512625216786f,0.45111829620529914f,0.059851918258549484f,-0.15034791285192384f,-0.9868197672228919f,0.5486014156022093f,0f,0f,0f,1f], start_interpolation: 0, interpolation_duration: 1 }
$data merge entity $(bone_eyelid_left1) { transformation: [-1f,9.964627965227132e-18f,1.2205860893903877e-16f,0.18812499999999993f,0f,0.996684178850757f,-0.08136736218283422f,0.3262668185650571f,-1.2246467991473532e-16f,-0.08136736218283422f,-0.996684178850757f,0.7475449120554691f,0f,0f,0f,1f], start_interpolation: 0, interpolation_duration: 1 }
$data merge entity $(bone_eye_left1) { transformation: [-1f,9.964627965227132e-18f,1.2205860893903877e-16f,0.19593749999999993f,0f,0.996684178850757f,-0.08136736218283422f,0.32373680214718464f,-1.2246467991473532e-16f,-0.08136736218283422f,-0.996684178850757f,0.7165542633693284f,0f,0f,0f,1f], start_interpolation: 0, interpolation_duration: 1 }
$data merge entity $(bone_eyelid_right1) { transformation: [-1f,9.964627965227132e-18f,1.2205860893903877e-16f,-0.18187500000000006f,0f,0.996684178850757f,-0.08136736218283422f,0.3232155424832009f,-1.2246467991473532e-16f,-0.08136736218283422f,-0.996684178850757f,0.7101692553485657f,0f,0f,0f,1f], start_interpolation: 0, interpolation_duration: 1 }
$data merge entity $(bone_eye_right1) { transformation: [-1f,9.964627965227132e-18f,1.2205860893903877e-16f,-0.19593750000000004f,0f,0.996684178850757f,-0.08136736218283422f,0.32373680214718464f,-1.2246467991473532e-16f,-0.08136736218283422f,-0.996684178850757f,0.7165542633693283f,0f,0f,0f,1f], start_interpolation: 0, interpolation_duration: 1 }
$data merge entity $(bone_jaw1) { transformation: [-1f,-4.762357108998571e-17f,1.1282549934857658e-16f,-8.133365183645972e-17f,0f,0.9212901175026963f,0.38887596916223593f,0.15491087072371904f,-1.2246467991473532e-16f,0.38887596916223593f,-0.9212901175026963f,0.760906999818862f,0f,0f,0f,1f], start_interpolation: 0, interpolation_duration: 1 }
$data merge entity $(bone_head1) { transformation: [-1f,9.964627965227132e-18f,1.2205860893903877e-16f,-4.163336342344337e-17f,0f,0.996684178850757f,-0.08136736218283422f,0.2852154729870141f,-1.2246467991473532e-16f,-0.08136736218283422f,-0.996684178850757f,0.4367295435869326f,0f,0f,0f,1f], start_interpolation: 0, interpolation_duration: 1 }
$data merge entity $(bone_torso1) { transformation: [-1f,6.616261630098456e-19f,1.2246289265503653e-16f,-0.12499999999999996f,0f,0.9999854059170363f,-0.005402587615225022f,0.140625f,-1.2246467991473532e-16f,-0.005402587615225022f,-0.9999854059170363f,-0.296875f,0f,0f,0f,1f], start_interpolation: 0, interpolation_duration: 1 }