# This file was generated by Animated Java via MC-Build. It is not recommended to edit this file directly.
$data merge entity $(bone_tail7) { transformation: [0.02860246901262531f,0.1274675277166533f,0.9914302437106638f,0.51081115242455f,-0.20348620441929016f,0.9718099817871103f,-0.11907444692278508f,0.08363327650862115f,-0.9786599324471255f,-0.19833655406087045f,0.05373404829199829f,-1.0172163475641223f,0f,0f,0f,1f], start_interpolation: 0, interpolation_duration: 1 }
$data merge entity $(bone_tail6) { transformation: [-0.3934174662364921f,-0.013099181496199106f,0.9192666145924089f,0.2235403353644222f,-0.19253366149775886f,0.9789001271361275f,-0.06844947248255459f,0.10502373665941947f,-0.8989735738331383f,-0.20391898522943683f,-0.38763844109256207f,-0.8960793347226965f,0f,0f,0f,1f], start_interpolation: 0, interpolation_duration: 1 }
$data merge entity $(bone_tail5) { transformation: [-0.8423932515701977f,0.012442703864169787f,0.5387195827418363f,0.05519046575759833f,-0.10539363747858174f,0.9766208466324475f,-0.18736035627088962f,0.16357384799407249f,-0.5284560444237749f,-0.21460871614049143f,-0.8213874287256332f,-0.6393957632459362f,0f,0f,0f,1f], start_interpolation: 0, interpolation_duration: 1 }
$data merge entity $(bone_tail1) { transformation: [-0.9830086476119163f,0.05003085660125474f,0.17660949042431454f,4.163336342344337e-17f,-0.0006706313941571173f,0.9611535742739807f,-0.27601332742076873f,0.24982801281306272f,-0.18355802617625994f,-0.27144192757953967f,-0.944788722931312f,-0.3441492873299012f,0f,0f,0f,1f], start_interpolation: 0, interpolation_duration: 1 }
$data merge entity $(bone_ear_left1) { transformation: [-0.6726970917034074f,0.7353684438461063f,-0.08192603132786067f,0.21874999999999994f,0.7377937483446689f,0.6582575037957114f,-0.14952405692784868f,0.44919855569661765f,-0.056026848182821866f,-0.1610289119754436f,-0.9853581489949246f,0.5497911592095901f,0f,0f,0f,1f], start_interpolation: 0, interpolation_duration: 1 }
$data merge entity $(bone_ear_right1) { transformation: [-0.6726970917034074f,-0.7353684438461063f,0.08192603132786092f,-0.21875000000000006f,-0.7377937483446689f,0.6582575037957114f,-0.14952405692784868f,0.44919855569661765f,0.0560268481828217f,-0.16102891197544378f,-0.9853581489949246f,0.5497911592095901f,0f,0f,0f,1f], start_interpolation: 0, interpolation_duration: 1 }
$data merge entity $(bone_eyelid_left1) { transformation: [-1f,9.273068338882034e-18f,1.2211309524453553e-16f,0.18812499999999993f,0f,0.9971290932990263f,-0.07572034929041013f,0.3232221676617005f,-1.2246467991473532e-16f,-0.07572034929041013f,-0.9971290932990263f,0.7480242440054334f,0f,0f,0f,1f], start_interpolation: 0, interpolation_duration: 1 }
$data merge entity $(bone_eye_left1) { transformation: [-1f,9.273068338882034e-18f,1.2211309524453553e-16f,0.19593749999999993f,0f,0.9971290932990263f,-0.07572034929041013f,0.3208677380509518f,-1.2246467991473532e-16f,-0.07572034929041013f,-0.9971290932990263f,0.7170197612606668f,0f,0f,0f,1f], start_interpolation: 0, interpolation_duration: 1 }
$data merge entity $(bone_eyelid_right1) { transformation: [-1f,9.273068338882034e-18f,1.2211309524453553e-16f,-0.18187500000000006f,0f,0.9971290932990263f,-0.07572034929041013f,0.3203826545633101f,-1.2246467991473532e-16f,-0.07572034929041013f,-0.9971290932990263f,0.71063190300672f,0f,0f,0f,1f], start_interpolation: 0, interpolation_duration: 1 }
$data merge entity $(bone_eye_right1) { transformation: [-1f,9.273068338882034e-18f,1.2211309524453553e-16f,-0.19593750000000004f,0f,0.9971290932990263f,-0.07572034929041013f,0.3208677380509518f,-1.2246467991473532e-16f,-0.07572034929041013f,-0.9971290932990263f,0.7170197612606668f,0f,0f,0f,1f], start_interpolation: 0, interpolation_duration: 1 }
$data merge entity $(bone_jaw1) { transformation: [-1f,-4.820145779347445e-17f,1.1257982631538602e-16f,-8.124262261531104e-17f,0f,0.9192840449488657f,0.3935947721990877f,0.15179327953262384f,-1.2246467991473532e-16f,0.3935947721990877f,-0.9192840449488657f,0.7604154733564107f,0f,0f,0f,1f], start_interpolation: 0, interpolation_duration: 1 }
$data merge entity $(bone_head1) { transformation: [-1f,9.273068338882034e-18f,1.2211309524453553e-16f,-4.163336342344337e-17f,0f,0.9971290932990263f,-0.07572034929041013f,0.28393209120734353f,-1.2246467991473532e-16f,-0.07572034929041013f,-0.9971290932990263f,0.4369813271238384f,0f,0f,0f,1f], start_interpolation: 0, interpolation_duration: 1 }
$data merge entity $(bone_torso1) { transformation: [-1f,4.474231533744805e-19f,1.224638625846025e-16f,-0.12499999999999996f,0f,0.9999933259929851f,-0.003653487304960042f,0.140625f,-1.2246467991473532e-16f,-0.003653487304960042f,-0.9999933259929851f,-0.296875f,0f,0f,0f,1f], start_interpolation: 0, interpolation_duration: 1 }