# This file was generated by Animated Java via MC-Build. It is not recommended to edit this file directly.
$data merge entity $(bone_tail7) { transformation: [0.08027031624555764f,0.1306167771496373f,0.988178088128289f,0.5218705745809374f,-0.19578809735725716f,0.9741306597460854f,-0.11285600859449771f,0.09204890704365085f,-0.9773554610596207f,-0.1844145202246779f,0.10376698640337645f,-1.004563490905401f,0f,0f,0f,1f], start_interpolation: 0, interpolation_duration: 1 }
$data merge entity $(bone_tail6) { transformation: [-0.3614592180549563f,-0.013820648758401971f,0.9322854838250978f,0.2305313608855944f,-0.18905393946378646f,0.9802065980910512f,-0.0587676189069392f,0.11041378795206935f,-0.9130201759305885f,-0.19749434099909075f,-0.35691755857202134f,-0.8930267538516444f,0f,0f,0f,1f], start_interpolation: 0, interpolation_duration: 1 }
$data merge entity $(bone_tail5) { transformation: [-0.8305826588264407f,0.010638637866055518f,0.5567937376094989f,0.056533317882625986f,-0.10650588240448491f,0.9783278061480664f,-0.17757026983916352f,0.16590449727680795f,-0.5466159015890799f,-0.20678859519293177f,-0.8114490329207936f,-0.6394489310638964f,0f,0f,0f,1f], start_interpolation: 0, interpolation_duration: 1 }
$data merge entity $(bone_tail1) { transformation: [-0.9822082608551415f,0.05039571561493956f,0.18090661722440302f,4.163336342344337e-17f,-0.00012858031296930923f,0.9631393794071194f,-0.2690028239672809f,0.24996787976658325f,-0.18779487686042357f,-0.2642400569234856f,-0.945996974911681f,-0.34382487640399617f,0f,0f,0f,1f], start_interpolation: 0, interpolation_duration: 1 }
$data merge entity $(bone_ear_left1) { transformation: [-0.6692505471830728f,0.7375323808236351f,-0.09027564639357587f,0.21874999999999994f,0.7415113496784916f,0.6551477004756858f,-0.14471492272534617f,0.4456876692079511f,-0.047588059354625595f,-0.16379095761989276f,-0.9853465881652096f,0.5521398303182979f,0f,0f,0f,1f], start_interpolation: 0, interpolation_duration: 1 }
$data merge entity $(bone_ear_right1) { transformation: [-0.6692505471830728f,-0.7375323808236351f,0.09027564639357612f,-0.21875000000000006f,-0.7415113496784916f,0.6551477004756858f,-0.14471492272534617f,0.4456876692079511f,0.04758805935462543f,-0.16379095761989293f,-0.9853465881652096f,0.5521398303182979f,0f,0f,0f,1f], start_interpolation: 0, interpolation_duration: 1 }
$data merge entity $(bone_eyelid_left1) { transformation: [-1f,7.843294378771083e-18f,1.2221325852748758e-16f,0.18812499999999993f,0f,0.9979469885731723f,-0.06404535890864117f,0.3173999070845368f,-1.2246467991473532e-16f,-0.06404535890864117f,-0.9979469885731723f,0.7488849861401536f,0f,0f,0f,1f], start_interpolation: 0, interpolation_duration: 1 }
$data merge entity $(bone_eye_left1) { transformation: [-1f,7.843294378771083e-18f,1.2221325852748758e-16f,0.19593749999999993f,0f,0.9979469885731723f,-0.06404535890864117f,0.31540849670597126f,-1.2246467991473532e-16f,-0.06404535890864117f,-0.9979469885731723f,0.7178550719642065f,0f,0f,0f,1f], start_interpolation: 0, interpolation_duration: 1 }
$data merge entity $(bone_eyelid_right1) { transformation: [-1f,7.843294378771083e-18f,1.2221325852748758e-16f,-0.18187500000000006f,0f,0.9979469885731723f,-0.06404535890864117f,0.3149982061254628f,-1.2246467991473532e-16f,-0.06404535890864117f,-0.9979469885731723f,0.7114619740686596f,0f,0f,0f,1f], start_interpolation: 0, interpolation_duration: 1 }
$data merge entity $(bone_eye_right1) { transformation: [-1f,7.843294378771083e-18f,1.2221325852748758e-16f,-0.19593750000000004f,0f,0.9979469885731723f,-0.06404535890864117f,0.31540849670597126f,-1.2246467991473532e-16f,-0.06404535890864117f,-0.9979469885731723f,0.7178550719642065f,0f,0f,0f,1f], start_interpolation: 0, interpolation_duration: 1 }
$data merge entity $(bone_jaw1) { transformation: [-1f,-5.042525460865859e-17f,1.116014853139085e-16f,-8.105052145996621e-17f,0f,0.9112952844167787f,0.41175345122991064f,0.14583774007420497f,-1.2246467991473532e-16f,0.41175345122991064f,-0.9112952844167787f,0.759269065334718f,0f,0f,0f,1f], start_interpolation: 0, interpolation_duration: 1 }
$data merge entity $(bone_head1) { transformation: [-1f,7.843294378771083e-18f,1.2221325852748758e-16f,-4.163336342344337e-17f,0f,0.9979469885731723f,-0.06404535890864117f,0.28175278237981277f,-1.2246467991473532e-16f,-0.06404535890864117f,-0.9979469885731723f,0.4374035440761266f,0f,0f,0f,1f], start_interpolation: 0, interpolation_duration: 1 }
$data merge entity $(bone_torso1) { transformation: [-1f,8.384969517506461e-20f,1.224646512094294e-16f,-0.12499999999999996f,0f,0.9999997656033891f,-0.0006846847207982255f,0.140625f,-1.2246467991473532e-16f,-0.0006846847207982255f,-0.9999997656033891f,-0.296875f,0f,0f,0f,1f], start_interpolation: 0, interpolation_duration: 1 }