# This file was generated by Animated Java via MC-Build. It is not recommended to edit this file directly.
$data merge entity $(bone_tail7) { transformation: [0.11063606133109122f,0.1288248660884175f,0.9854764410225363f,0.5282496724699832f,-0.18383011977709965f,0.9771067620654825f,-0.1070927756136978f,0.10202888551096456f,-0.9767119068568171f,-0.16931192929976882f,0.13178513421820326f,-0.997840729933942f,0f,0f,0f,1f], start_interpolation: 0, interpolation_duration: 1 }
$data merge entity $(bone_tail6) { transformation: [-0.34235897455254716f,-0.01771921853653206f,0.9394021299942763f,0.23468650684677195f,-0.18156598190544598f,0.9822239465923007f,-0.047643603509354995f,0.116917511607638f,-0.9218590601377411f,-0.18687468537792906f,-0.33949039044847834f,-0.8917499829187926f,0f,0f,0f,1f], start_interpolation: 0, interpolation_duration: 1 }
$data merge entity $(bone_tail5) { transformation: [-0.8233999607734266f,0.0074931970587120665f,0.567411981364651f,0.05737026267031852f,-0.1051211806619969f,0.9805919307981156f,-0.16549623146721926f,0.16863508394114402f,-0.5576397062392054f,-0.1959166079010733f,-0.806631663632162f,-0.639677588033742f,0f,0f,0f,1f], start_interpolation: 0, interpolation_duration: 1 }
$data merge entity $(bone_tail1) { transformation: [-0.9817295105113742f,0.05003773089537098f,0.18358484054501914f,4.163336342344337e-17f,0.0004507324356125055f,0.965413798464978f,-0.2607220638413526f,0.2501107288915667f,-0.19028127872013353f,-0.2558757964721659f,-0.9477977694362681f,-0.3434907850849082f,0f,0f,0f,1f], start_interpolation: 0, interpolation_duration: 1 }
$data merge entity $(bone_ear_left1) { transformation: [-0.6705902157285053f,0.7367054554431406f,-0.0870277799872628f,0.21874999999999994f,0.7409061956655596f,0.6592855355748835f,-0.1280647953425395f,0.4417954131701979f,-0.036969876840262476f,-0.15035842012356265f,-0.9879400658462849f,0.5548888186818998f,0f,0f,0f,1f], start_interpolation: 0, interpolation_duration: 1 }
$data merge entity $(bone_ear_right1) { transformation: [-0.6705902157285053f,-0.7367054554431406f,0.08702777998726305f,-0.21875000000000006f,-0.7409061956655596f,0.6592855355748835f,-0.1280647953425395f,0.4417954131701979f,0.03696987684026231f,-0.15035842012356282f,-0.9879400658462849f,0.5548888186818998f,0f,0f,0f,1f], start_interpolation: 0, interpolation_duration: 1 }
$data merge entity $(bone_eyelid_left1) { transformation: [-1f,6.103172449609992e-18f,1.2231250595367956e-16f,0.18812499999999993f,0f,0.9987574053093372f,-0.04983618504420425f,0.31072058536001324f,-1.2246467991473532e-16f,-0.04983618504420425f,-0.9987574053093372f,0.7497882690775601f,0f,0f,0f,1f], start_interpolation: 0, interpolation_duration: 1 }
$data merge entity $(bone_eye_left1) { transformation: [-1f,6.103172449609992e-18f,1.2231250595367956e-16f,0.19593749999999993f,0f,0.9987574053093372f,-0.04983618504420425f,0.309170991481295f,-1.2246467991473532e-16f,-0.04983618504420425f,-0.9987574053093372f,0.7187331560062229f,0f,0f,0f,1f], start_interpolation: 0, interpolation_duration: 1 }
$data merge entity $(bone_eyelid_right1) { transformation: [-1f,6.103172449609992e-18f,1.2231250595367956e-16f,-0.18187500000000006f,0f,0.9987574053093372f,-0.04983618504420425f,0.30885172842085556f,-1.2246467991473532e-16f,-0.04983618504420425f,-0.9987574053093372f,0.7123348663784599f,0f,0f,0f,1f], start_interpolation: 0, interpolation_duration: 1 }
$data merge entity $(bone_eye_right1) { transformation: [-1f,6.103172449609992e-18f,1.2231250595367956e-16f,-0.19593750000000004f,0f,0.9987574053093372f,-0.04983618504420425f,0.309170991481295f,-1.2246467991473532e-16f,-0.04983618504420425f,-0.9987574053093372f,0.7187331560062228f,0f,0f,0f,1f], start_interpolation: 0, interpolation_duration: 1 }
$data merge entity $(bone_jaw1) { transformation: [-1f,-5.398152134392013e-17f,1.0992539824815044e-16f,-8.080964222921979e-17f,0f,0.8976089948929338f,0.440792572858592f,0.13902800870681828f,-1.2246467991473532e-16f,0.440792572858592f,-0.8976089948929338f,0.7577296400037143f,0f,0f,0f,1f], start_interpolation: 0, interpolation_duration: 1 }
$data merge entity $(bone_head1) { transformation: [-1f,6.103172449609992e-18f,1.2231250595367956e-16f,-4.163336342344337e-17f,0f,0.9987574053093372f,-0.04983618504420425f,0.2795100454600884f,-1.2246467991473532e-16f,-0.04983618504420425f,-0.9987574053093372f,0.4378310469313895f,0f,0f,0f,1f], start_interpolation: 0, interpolation_duration: 1 }
$data merge entity $(bone_torso1) { transformation: [-1f,-2.900897501020275e-19f,1.2246433633738215e-16f,-0.12499999999999996f,0f,0.9999971944780046f,0.002368762571412421f,0.140625f,-1.2246467991473532e-16f,0.002368762571412421f,-0.9999971944780046f,-0.296875f,0f,0f,0f,1f], start_interpolation: 0, interpolation_duration: 1 }