# This file was generated by Animated Java via MC-Build. It is not recommended to edit this file directly.
$data merge entity $(bone_tail7) { transformation: [0.09587174461424658f,0.11297894967011791f,0.9889612558215096f,0.5253955361445115f,-0.1547547415370486f,0.9831486195510336f,-0.09731270136369007f,0.12209965059126383f,-0.9832901802400051f,-0.14371690508195067f,0.111740201526772f,-1.0051165065596392f,0f,0f,0f,1f], start_interpolation: 0, interpolation_duration: 1 }
$data merge entity $(bone_tail6) { transformation: [-0.35137730649809357f,-0.03264920600712511f,0.9356644793008063f,0.23300038636300946f,-0.15978816446400396f,0.9868200457237766f,-0.02557224774923575f,0.1300909780129f,-0.922497550660905f,-0.15849361723687233f,-0.35196312636383176f,-0.8951280295709418f,0f,0f,0f,1f], start_interpolation: 0, interpolation_duration: 1 }
$data merge entity $(bone_tail5) { transformation: [-0.8267093158778457f,-0.0008831353317816509f,0.5626285871805395f,0.05717895286909085f,-0.09656020416408109f,0.9853841689136612f,-0.1403359064036155f,0.17394594876402986f,-0.5542813671887006f,-0.17034453242273184f,-0.8147115478874136f,-0.6405306708561251f,0f,0f,0f,1f], start_interpolation: 0, interpolation_duration: 1 }
$data merge entity $(bone_tail1) { transformation: [-0.9819690322439791f,0.047516621991431605f,0.1829726491810906f,4.163336342344337e-17f,0.0013716644828283065f,0.9696603908827015f,-0.2444521321031036f,0.25033724004624974f,-0.18903687008192235f,-0.23979344650705134f,-0.9522416525031344f,-0.34295515444889557f,0f,0f,0f,1f], start_interpolation: 0, interpolation_duration: 1 }
$data merge entity $(bone_ear_left1) { transformation: [-0.6862410788744534f,0.7256992650815567f,-0.04933313617959753f,0.21874999999999994f,0.727214726770195f,0.6830907907838671f,-0.06742190085440664f,0.43475063427625504f,-0.015229012895674986f,-0.0821434611296573f,-0.9965041540103402f,0.5602022236815375f,0f,0f,0f,1f], start_interpolation: 0, interpolation_duration: 1 }
$data merge entity $(bone_ear_right1) { transformation: [-0.6862410788744534f,-0.7256992650815567f,0.04933313617959778f,-0.21875000000000006f,-0.727214726770195f,0.6830907907838671f,-0.06742190085440664f,0.43475063427625504f,0.01522901289567482f,-0.08214346112965748f,-0.9965041540103402f,0.5602022236815374f,0f,0f,0f,1f], start_interpolation: 0, interpolation_duration: 1 }
$data merge entity $(bone_eyelid_left1) { transformation: [-1f,2.5640396226355686e-18f,1.2243783535914105e-16f,0.18812499999999993f,0f,0.9997807975686299f,-0.020936972394169105f,0.2980952275498195f,-1.2246467991473532e-16f,-0.020936972394169105f,-0.9997807975686299f,0.7512302479670661f,0f,0f,0f,1f], start_interpolation: 0, interpolation_duration: 1 }
$data merge entity $(bone_eye_left1) { transformation: [-1f,2.5640396226355686e-18f,1.2243783535914105e-16f,0.19593749999999993f,0f,0.9997807975686299f,-0.020936972394169105f,0.2974442185644383f,-1.2246467991473532e-16f,-0.020936972394169105f,-0.9997807975686299f,0.7201433137926664f,0f,0f,0f,1f], start_interpolation: 0, interpolation_duration: 1 }
$data merge entity $(bone_eyelid_right1) { transformation: [-1f,2.5640396226355686e-18f,1.2243783535914105e-16f,-0.18187500000000006f,0f,0.9997807975686299f,-0.020936972394169105f,0.29731009108503814f,-1.2246467991473532e-16f,-0.020936972394169105f,-0.9997807975686299f,0.7137384680582423f,0f,0f,0f,1f], start_interpolation: 0, interpolation_duration: 1 }
$data merge entity $(bone_eye_right1) { transformation: [-1f,2.5640396226355686e-18f,1.2243783535914105e-16f,-0.19593750000000004f,0f,0.9997807975686299f,-0.020936972394169105f,0.2974442185644383f,-1.2246467991473532e-16f,-0.020936972394169105f,-0.9997807975686299f,0.7201433137926663f,0f,0f,0f,1f], start_interpolation: 0, interpolation_duration: 1 }
$data merge entity $(bone_jaw1) { transformation: [-1f,-6.302504220828876e-17f,1.0500210417540211e-16f,-8.029581816421176e-17f,0f,0.8574072479388234f,0.5146385247744023f,0.1262448173599649f,-1.2246467991473532e-16f,0.5146385247744023f,-0.8574072479388234f,0.7542039270988334f,0f,0f,0f,1f], start_interpolation: 0, interpolation_duration: 1 }
$data merge entity $(bone_head1) { transformation: [-1f,2.5640396226355686e-18f,1.2243783535914105e-16f,-4.163336342344337e-17f,0f,0.9997807975686299f,-0.020936972394169105f,0.2759177631068855f,-1.2246467991473532e-16f,-0.020936972394169105f,-0.9997807975686299f,0.43850102592204765f,0f,0f,0f,1f], start_interpolation: 0, interpolation_duration: 1 }
$data merge entity $(bone_torso1) { transformation: [-1f,-8.885887171738106e-19f,1.2246145612685766e-16f,-0.12499999999999996f,0f,0.9999736757742731f,0.007255877513357162f,0.140625f,-1.2246467991473532e-16f,0.007255877513357162f,-0.9999736757742731f,-0.296875f,0f,0f,0f,1f], start_interpolation: 0, interpolation_duration: 1 }