# This file was generated by Animated Java via MC-Build. It is not recommended to edit this file directly.
$data merge entity $(bone_tail7) { transformation: [0.08377411583250771f,0.10922401067634456f,0.9904806979483525f,0.5229018791783091f,-0.15008501326086446f,0.9840190636911815f,-0.09581738405329511f,0.12498167706900823f,-0.9851174479781423f,-0.14062929205576014f,0.09882821411382475f,-1.0088711618332002f,0f,0f,0f,1f], start_interpolation: 0, interpolation_duration: 1 }
$data merge entity $(bone_tail6) { transformation: [-0.35889161581450874f,-0.03557419091497395f,0.9327010694959003f,0.2314327949608403f,-0.15595153825129854f,0.9875119685012285f,-0.02234345058138036f,0.13196400537568959f,-0.9202586189844162f,-0.15347504359854017f,-0.3599576158068078f,-0.8963844068935728f,0f,0f,0f,1f], start_interpolation: 0, interpolation_duration: 1 }
$data merge entity $(bone_tail5) { transformation: [-0.8295056885591644f,-0.002252205521272071f,0.55849372442157f,0.05690350607909966f,-0.09468022557304027f,0.9860847036007397f,-0.13664776694143058f,0.17466643254488665f,-0.550414359853942f,-0.16622841181618525f,-0.818176110364782f,-0.6407043724045784f,0f,0f,0f,1f], start_interpolation: 0, interpolation_duration: 1 }
$data merge entity $(bone_tail1) { transformation: [-0.9821605579747563f,0.04694066634370911f,0.18209121945311876f,4.163336342344337e-17f,0.0014621230650784442f,0.9702194640410416f,-0.24222314875349235f,0.250361166530353f,-0.1880385613507449f,-0.23763578316222178f,-0.9529799231914697f,-0.34289814640724414f,0f,0f,0f,1f], start_interpolation: 0, interpolation_duration: 1 }
$data merge entity $(bone_ear_left1) { transformation: [-0.6901000409953881f,0.7226010504794818f,-0.04012050927036234f,0.21874999999999994f,0.7236112948086207f,0.6880071660545598f,-0.0550711674378243f,0.4338691845193149f,-0.01219128555793556f,-0.06703626856801459f,-0.9976760552668997f,0.560921381132075f,0f,0f,0f,1f], start_interpolation: 0, interpolation_duration: 1 }
$data merge entity $(bone_ear_right1) { transformation: [-0.6901000409953881f,-0.7226010504794818f,0.04012050927036259f,-0.21875000000000006f,-0.7236112948086207f,0.6880071660545598f,-0.0550711674378243f,0.4338691845193149f,0.01219128555793539f,-0.06703626856801477f,-0.9976760552668997f,0.560921381132075f,0f,0f,0f,1f], start_interpolation: 0, interpolation_duration: 1 }
$data merge entity $(bone_eyelid_left1) { transformation: [-1f,2.062972268942668e-18f,1.22447302836919e-16f,0.18812499999999993f,0f,0.9998581053914612f,-0.01684544695155362f,0.2964331881564017f,-1.2246467991473532e-16f,-0.01684544695155362f,-0.9998581053914612f,0.7513885781864059f,0f,0f,0f,1f], start_interpolation: 0, interpolation_duration: 1 }
$data merge entity $(bone_eye_left1) { transformation: [-1f,2.062972268942668e-18f,1.22447302836919e-16f,0.19593749999999993f,0f,0.9998581053914612f,-0.01684544695155362f,0.2959094000402518f,-1.2246467991473532e-16f,-0.01684544695155362f,-0.9998581053914612f,0.7202992402218902f,0f,0f,0f,1f], start_interpolation: 0, interpolation_duration: 1 }
$data merge entity $(bone_eyelid_right1) { transformation: [-1f,2.062972268942668e-18f,1.22447302836919e-16f,-0.18187500000000006f,0f,0.9998581053914612f,-0.01684544695155362f,0.2958014838957184f,-1.2246467991473532e-16f,-0.01684544695155362f,-0.9998581053914612f,0.7138938992342261f,0f,0f,0f,1f], start_interpolation: 0, interpolation_duration: 1 }
$data merge entity $(bone_eye_right1) { transformation: [-1f,2.062972268942668e-18f,1.22447302836919e-16f,-0.19593750000000004f,0f,0.9998581053914612f,-0.01684544695155362f,0.2959094000402518f,-1.2246467991473532e-16f,-0.01684544695155362f,-0.9998581053914612f,0.7202992402218901f,0f,0f,0f,1f], start_interpolation: 0, interpolation_duration: 1 }
$data merge entity $(bone_jaw1) { transformation: [-1f,-6.452704406366186e-17f,1.0408582233438338e-16f,-8.022048497700284e-17f,0f,0.8499252389084916f,0.526903300678923f,0.12457204788789955f,-1.2246467991473532e-16f,0.526903300678923f,-0.8499252389084916f,0.7536589780653344f,0f,0f,0f,1f], start_interpolation: 0, interpolation_duration: 1 }
$data merge entity $(bone_head1) { transformation: [-1f,2.062972268942668e-18f,1.22447302836919e-16f,-4.163336342344337e-17f,0f,0.9998581053914612f,-0.01684544695155362f,0.27553567468295487f,-1.2246467991473532e-16f,-0.01684544695155362f,-0.9998581053914612f,0.4385712190443226f,0f,0f,0f,1f], start_interpolation: 0, interpolation_duration: 1 }
$data merge entity $(bone_torso1) { transformation: [-1f,-9.522143708736307e-19f,1.224609779252578e-16f,-0.12499999999999996f,0f,0.9999697709618798f,0.007775420403144804f,0.140625f,-1.2246467991473532e-16f,0.007775420403144804f,-0.9999697709618798f,-0.296875f,0f,0f,0f,1f], start_interpolation: 0, interpolation_duration: 1 }