# This file was generated by Animated Java via MC-Build. It is not recommended to edit this file directly.
$data merge entity $(bone_tail7) { transformation: [-0.15293137003746632f,0.06683008879380282f,0.9859745104668152f,0.4691756735385856f,-0.12277024711193742f,0.9886969397098634f,-0.08605711959172797f,0.1352758110436841f,-0.9805811860741248f,-0.13420916749672346f,-0.14299803102595182f,-1.0723853753168326f,0f,0f,0f,1f], start_interpolation: 0, interpolation_duration: 1 }
$data merge entity $(bone_tail6) { transformation: [-0.5010669495539257f,-0.0573318105310002f,0.8635073685649481f,0.19932962086203934f,-0.1284026119083253f,0.9916842581022977f,-0.00866611142415731f,0.13798397086373326f,-0.8558298203029874f,-0.11521890354162118f,-0.5042617603455798f,-0.914803575208839f,0f,0f,0f,1f], start_interpolation: 0, interpolation_duration: 1 }
$data merge entity $(bone_tail5) { transformation: [-0.8802980103582992f,-0.008521747515554793f,0.4743445928631428f,0.051096935592307206f,-0.07549088999012085f,0.9896157109928877f,-0.12231872336049422f,0.17620857191388772f,-0.46837649224498773f,-0.14348562428105044f,-0.8718000557105731f,-0.6423660577992849f,0f,0f,0f,1f], start_interpolation: 0, interpolation_duration: 1 }
$data merge entity $(bone_tail1) { transformation: [-0.9856932971219855f,0.04090404015599868f,0.16351019389538293f,4.163336342344337e-17f,0.0009984193894762507f,0.9715054843686342f,-0.2370149721017395f,0.2502757506956813f,-0.16854592005596575f,-0.2334608175702768f,-0.9576472834462102f,-0.3431012817223442f,0f,0f,0f,1f], start_interpolation: 0, interpolation_duration: 1 }
$data merge entity $(bone_ear_left1) { transformation: [-0.7337650539170593f,0.6766709856921322f,0.06087054108953846f,0.21874999999999994f,0.6793968047542404f,0.7311989291413932f,0.061384914369968346f,0.43369251556178023f,-0.002971083947574084f,0.08639735612226801f,-0.9962563272146674f,0.5626356357625146f,0f,0f,0f,1f], start_interpolation: 0, interpolation_duration: 1 }
$data merge entity $(bone_ear_right1) { transformation: [-0.7337650539170593f,-0.6766709856921322f,-0.06087054108953821f,-0.21875000000000006f,-0.6793968047542404f,0.7311989291413932f,0.061384914369968346f,0.43369251556178023f,0.0029710839475739046f,0.08639735612226786f,-0.9962563272146674f,0.5626356357625146f,0f,0f,0f,1f], start_interpolation: 0, interpolation_duration: 1 }
$data merge entity $(bone_eyelid_left1) { transformation: [-1f,5.355476548453059e-19f,1.2246350891317776e-16f,0.18812499999999993f,0f,0.9999904380466402f,-0.004373078468160575f,0.29389154559829417f,-1.2246467991473532e-16f,-0.004373078468160575f,-0.9999904380466402f,0.7513738010796239f,0f,0f,0f,1f], start_interpolation: 0, interpolation_duration: 1 }
$data merge entity $(bone_eye_left1) { transformation: [-1f,5.355476548453059e-19f,1.2246350891317776e-16f,0.19593749999999993f,0f,0.9999904380466402f,-0.004373078468160575f,0.2937555701896748f,-1.2246467991473532e-16f,-0.004373078468160575f,-0.9999904380466402f,0.7202803483966111f,0f,0f,0f,1f], start_interpolation: 0, interpolation_duration: 1 }
$data merge entity $(bone_eyelid_right1) { transformation: [-1f,5.355476548453059e-19f,1.2246350891317776e-16f,-0.18187500000000006f,0f,0.9999904380466402f,-0.004373078468160575f,0.2937275551557381f,-1.2246467991473532e-16f,-0.004373078468160575f,-0.9999904380466402f,0.7138741596528749f,0f,0f,0f,1f], start_interpolation: 0, interpolation_duration: 1 }
$data merge entity $(bone_eye_right1) { transformation: [-1f,5.355476548453059e-19f,1.2246350891317776e-16f,-0.19593750000000004f,0f,0.9999904380466402f,-0.004373078468160575f,0.2937555701896748f,-1.2246467991473532e-16f,-0.004373078468160575f,-0.9999904380466402f,0.7202803483966111f,0f,0f,0f,1f], start_interpolation: 0, interpolation_duration: 1 }
$data merge entity $(bone_jaw1) { transformation: [-1f,-7.391624823709321e-17f,9.764213267422519e-17f,-7.998688927988099e-17f,0f,0.7973085198296148f,0.6035719710250873f,0.1220154558849853f,-1.2246467991473532e-16f,0.6035719710250873f,-0.7973085198296148f,0.7515004299175598f,0f,0f,0f,1f], start_interpolation: 0, interpolation_duration: 1 }
$data merge entity $(bone_head1) { transformation: [-1f,5.355476548453059e-19f,1.2246350891317776e-16f,-4.163336342344337e-17f,0f,0.9999904380466402f,-0.004373078468160575f,0.27689737480847265f,-1.2246467991473532e-16f,-0.004373078468160575f,-0.9999904380466402f,0.4383201245173347f,0f,0f,0f,1f], start_interpolation: 0, interpolation_duration: 1 }
$data merge entity $(bone_torso1) { transformation: [-1f,-7.254341469178251e-19f,1.2246253129801403e-16f,-0.12499999999999996f,0f,0.9999824552130231f,0.005923619344148048f,0.140625f,-1.2246467991473532e-16f,0.005923619344148048f,-0.9999824552130231f,-0.296875f,0f,0f,0f,1f], start_interpolation: 0, interpolation_duration: 1 }