# This file was generated by Animated Java via MC-Build. It is not recommended to edit this file directly.
$data merge entity $(bone_tail7) { transformation: [-0.2928332437766701f,0.06437058745596227f,0.9539942970530838f,0.43253832117533664f,-0.15561902750529977f,0.9812197867032209f,-0.1139756485412175f,0.09831609697809883f,-0.9434147601227882f,-0.18183552362687727f,-0.27731648477831483f,-1.1020939411097346f,0f,0f,0f,1f], start_interpolation: 0, interpolation_duration: 1 }
$data merge entity $(bone_tail6) { transformation: [-0.5817196299946836f,-0.044317563359980924f,0.8121811532267185f,0.1787317107919871f,-0.146921696345026f,0.9878153647802559f,-0.05133050016462347f,0.11435687827954366f,-0.8000101794489545f,-0.14918699233473565f,-0.5811428000897605f,-0.9204868160816844f,0f,0f,0f,1f], start_interpolation: 0, interpolation_duration: 1 }
$data merge entity $(bone_tail5) { transformation: [-0.9072031335936356f,0.0019462535184914236f,0.42068834841855296f,0.0472666019111893f,-0.07482835245375659f,0.9832970683261907f,-0.16591441495595022f,0.1662051329532781f,-0.41398453119282663f,-0.18199749316504493f,-0.8919045466947094f,-0.6417666452395876f,0f,0f,0f,1f], start_interpolation: 0, interpolation_duration: 1 }
$data merge entity $(bone_tail1) { transformation: [-0.9876425793475967f,0.04104421152638129f,0.15125312611580563f,4.163336342344337e-17f,-0.0008882240416093062f,0.9636163269959748f,-0.26728783250428495f,0.24973258061086714f,-0.15672060017010542f,-0.26411919098574493f,-0.9516720582403151f,-0.3443691270394891f,0f,0f,0f,1f], start_interpolation: 0, interpolation_duration: 1 }
$data merge entity $(bone_ear_left1) { transformation: [-0.7346922484570138f,0.6754751427030495f,0.06293354945871298f,0.21874999999999994f,0.6773498884266067f,0.7355521300397807f,0.012656723209624472f,0.44837195556603077f,-0.03774160443914609f,0.051926829137126665f,-0.9979374608211292f,0.5528049364378839f,0f,0f,0f,1f], start_interpolation: 0, interpolation_duration: 1 }
$data merge entity $(bone_ear_right1) { transformation: [-0.7346922484570138f,-0.6754751427030495f,-0.06293354945871273f,-0.21875000000000006f,-0.6773498884266067f,0.7355521300397807f,0.012656723209624472f,0.44837195556603077f,0.03774160443914591f,0.0519268291371265f,-0.9979374608211292f,0.5528049364378838f,0f,0f,0f,1f], start_interpolation: 0, interpolation_duration: 1 }
$data merge entity $(bone_eyelid_left1) { transformation: [-1f,6.8131040550553806e-18f,1.222750155990731e-16f,0.18812499999999993f,0f,0.9984512733320801f,-0.05563321653066769f,0.3184307441135389f,-1.2246467991473532e-16f,-0.05563321653066769f,-0.9984512733320801f,0.7484620033081065f,0f,0f,0f,1f], start_interpolation: 0, interpolation_duration: 1 }
$data merge entity $(bone_eye_left1) { transformation: [-1f,6.8131040550553806e-18f,1.222750155990731e-16f,0.19593749999999993f,0f,0.9984512733320801f,-0.05563321653066769f,0.31670089878703844f,-1.2246467991473532e-16f,-0.05563321653066769f,-0.9984512733320801f,0.7174164090279371f,0f,0f,0f,1f], start_interpolation: 0, interpolation_duration: 1 }
$data merge entity $(bone_eyelid_right1) { transformation: [-1f,6.8131040550553806e-18f,1.222750155990731e-16f,-0.18187500000000006f,0f,0.9984512733320801f,-0.05563321653066769f,0.3163444984936389f,-1.2246467991473532e-16f,-0.05563321653066769f,-0.9984512733320801f,0.7110200805581536f,0f,0f,0f,1f], start_interpolation: 0, interpolation_duration: 1 }
$data merge entity $(bone_eye_right1) { transformation: [-1f,6.8131040550553806e-18f,1.222750155990731e-16f,-0.19593750000000004f,0f,0.9984512733320801f,-0.05563321653066769f,0.31670089878703844f,-1.2246467991473532e-16f,-0.05563321653066769f,-0.9984512733320801f,0.7174164090279371f,0f,0f,0f,1f], start_interpolation: 0, interpolation_duration: 1 }
$data merge entity $(bone_jaw1) { transformation: [-1f,-6.303703212602332e-17f,1.0499490657818258e-16f,-8.090885330675612e-17f,0f,0.8573484750973432f,0.5147364298825764f,0.14678716074925596f,-1.2246467991473532e-16f,0.5147364298825764f,-0.8573484750973432f,0.7573999303534824f,0f,0f,0f,1f], start_interpolation: 0, interpolation_duration: 1 }
$data merge entity $(bone_head1) { transformation: [-1f,6.8131040550553806e-18f,1.222750155990731e-16f,-4.163336342344337e-17f,0f,0.9984512733320801f,-0.05563321653066769f,0.2854097920415598f,-1.2246467991473532e-16f,-0.05563321653066769f,-0.9984512733320801f,0.4366912173542906f,0f,0f,0f,1f], start_interpolation: 0, interpolation_duration: 1 }
$data merge entity $(bone_torso1) { transformation: [-1f,6.940652719476439e-19f,1.2246271310083268e-16f,-0.12499999999999996f,0f,0.9999839397456963f,-0.0056674730414588035f,0.140625f,-1.2246467991473532e-16f,-0.0056674730414588035f,-0.9999839397456963f,-0.296875f,0f,0f,0f,1f], start_interpolation: 0, interpolation_duration: 1 }