# This file was generated by Animated Java via MC-Build. It is not recommended to edit this file directly.
$data merge entity $(bone_tail7) { transformation: [-0.2680719798055447f,0.0737541963557333f,0.9605715653521374f,0.4392561603398348f,-0.16995722502547045f,0.9778068433170546f,-0.12250844388848872f,0.0881853729808406f,-0.9482889619228823f,-0.19609715878170514f,-0.24958755780880876f,-1.0944765407077186f,0f,0f,0f,1f], start_interpolation: 0, interpolation_duration: 1 }
$data merge entity $(bone_tail6) { transformation: [-0.5677727712244955f,-0.0378219919744341f,0.8223159837794365f,0.1822824154087609f,-0.1578247041093675f,0.9854138085161874f,-0.06364737825247492f,0.10807517868473901f,-0.807914254750371f,-0.16591902515597426f,-0.5654603735563121f,-0.9177701739713711f,0f,0f,0f,1f], start_interpolation: 0, interpolation_duration: 1 }
$data merge entity $(bone_tail5) { transformation: [-0.9027038932927862f,0.005103056367025785f,0.43023207673273367f,0.047834891429781624f,-0.07945477168751823f,0.9807551323864998f,-0.17834323523370255f,0.16380743969527106f,-0.42286241295500626f,-0.1951751242173406f,-0.8849260141936248f,-0.6412307945358633f,0f,0f,0f,1f], start_interpolation: 0, interpolation_duration: 1 }
$data merge entity $(bone_tail1) { transformation: [-0.9873015052491649f,0.04248301908527048f,0.15307165257530106f,4.163336342344337e-17f,-0.0012095243793232933f,0.9615395175330966f,-0.2746639642781623f,0.24963992853219677f,-0.158852997401714f,-0.2713612892651056f,-0.9492780287696913f,-0.34458141054533475f,0f,0f,0f,1f], start_interpolation: 0, interpolation_duration: 1 }
$data merge entity $(bone_ear_left1) { transformation: [-0.7249641272454885f,0.6875596904946268f,0.04109362741496644f,0.21874999999999994f,0.6871431186389675f,0.7260649749001138f,-0.025767939972204966f,0.45134451413107624f,-0.0475536403895756f,0.009556371185244092f,-0.9988229708288996f,0.5503222916053568f,0f,0f,0f,1f], start_interpolation: 0, interpolation_duration: 1 }
$data merge entity $(bone_ear_right1) { transformation: [-0.7249641272454885f,-0.6875596904946268f,-0.04109362741496619f,-0.21875000000000006f,-0.6871431186389675f,0.7260649749001138f,-0.025767939972204966f,0.45134451413107624f,0.04755364038957542f,0.009556371185243925f,-0.9988229708288996f,0.5503222916053568f,0f,0f,0f,1f], start_interpolation: 0, interpolation_duration: 1 }
$data merge entity $(bone_eyelid_left1) { transformation: [-1f,8.454928044804376e-18f,1.2217246833217274e-16f,0.18812499999999993f,0f,0.9976139113516975f,-0.0690397268068722f,0.3240431564527866f,-1.2246467991473532e-16f,-0.0690397268068722f,-0.9976139113516975f,0.7477071202606114f,0f,0f,0f,1f], start_interpolation: 0, interpolation_duration: 1 }
$data merge entity $(bone_eye_left1) { transformation: [-1f,8.454928044804376e-18f,1.2217246833217274e-16f,0.19593749999999993f,0f,0.9976139113516975f,-0.0690397268068722f,0.3218964524473854f,-1.2246467991473532e-16f,-0.0690397268068722f,-0.9976139113516975f,0.7166875627045195f,0f,0f,0f,1f], start_interpolation: 0, interpolation_duration: 1 }
$data merge entity $(bone_eyelid_right1) { transformation: [-1f,8.454928044804376e-18f,1.2217246833217274e-16f,-0.18187500000000006f,0f,0.9976139113516975f,-0.0690397268068722f,0.3214541666975289f,-1.2246467991473532e-16f,-0.0690397268068722f,-0.9976139113516975f,0.7102965985849227f,0f,0f,0f,1f], start_interpolation: 0, interpolation_duration: 1 }
$data merge entity $(bone_eye_right1) { transformation: [-1f,8.454928044804376e-18f,1.2217246833217274e-16f,-0.19593750000000004f,0f,0.9976139113516975f,-0.0690397268068722f,0.3218964524473854f,-1.2246467991473532e-16f,-0.0690397268068722f,-0.9976139113516975f,0.7166875627045194f,0f,0f,0f,1f], start_interpolation: 0, interpolation_duration: 1 }
$data merge entity $(bone_jaw1) { transformation: [-1f,-5.838947814242677e-17f,1.0764881173925534e-16f,-8.113334228424803e-17f,0f,0.8790192553004235f,0.47678627162607057f,0.1525351156099593f,-1.2246467991473532e-16f,0.47678627162607057f,-0.8790192553004235f,0.7589498146109477f,0f,0f,0f,1f], start_interpolation: 0, interpolation_duration: 1 }
$data merge entity $(bone_head1) { transformation: [-1f,8.454928044804376e-18f,1.2217246833217274e-16f,-4.163336342344337e-17f,0f,0.9976139113516975f,-0.0690397268068722f,0.2868373746315145f,-1.2246467991473532e-16f,-0.0690397268068722f,-0.9976139113516975f,0.4364080099999684f,0f,0f,0f,1f], start_interpolation: 0, interpolation_duration: 1 }
$data merge entity $(bone_torso1) { transformation: [-1f,9.324326569246714e-19f,1.224611301432372e-16f,-0.12499999999999996f,0f,0.9999710139160075f,-0.007613890450486356f,0.140625f,-1.2246467991473532e-16f,-0.007613890450486356f,-0.9999710139160075f,-0.296875f,0f,0f,0f,1f], start_interpolation: 0, interpolation_duration: 1 }