# This file was generated by Animated Java via MC-Build. It is not recommended to edit this file directly.
$data merge entity $(mouth) {transformation: [-1f,0f,0f,0f,0f,0.7071f,0.7071f,-0.403f,0f,0.7071f,-0.7071f,0.1073f,0f,0f,0f,1f],start_interpolation: 0,interpolation_duration: 1}
$data merge entity $(right_wing) {transformation: [-0.866f,0.5f,0f,-0.3875f,0.5f,0.866f,0f,-0.25f,0f,0f,-1f,-0.3281f,0f,0f,0f,1f],start_interpolation: 0,interpolation_duration: 1}
$data merge entity $(left_wing) {transformation: [-0.866f,-0.5f,0f,0.3875f,-0.5f,0.866f,0f,-0.25f,0f,0f,-1f,-0.3281f,0f,0f,0f,1f],start_interpolation: 0,interpolation_duration: 1}
$data merge entity $(beat) {transformation: [-1f,0f,0f,0f,0f,1f,0f,-0.125f,0f,0f,-1f,-0.25f,0f,0f,0f,1f],start_interpolation: 0,interpolation_duration: 1}