# This file was generated by Animated Java via MC-Build. It is not recommended to edit this file directly.
$data merge entity $(bone_neck_spine5) {transformation: [-1.572f,0.0057f,-0.0281f,0.0953f,0f,1.5407f,0.3134f,4.3714f,0.0287f,0.3134f,-1.5405f,-0.4708f,0f,0f,0f,1f],start_interpolation: 0,interpolation_duration: 1}
$data merge entity $(bone_neck_spine2) {transformation: [-1.4971f,0.0043f,-0.027f,0.0166f,0f,1.4785f,0.2372f,5.6774f,0.0273f,0.2371f,-1.4782f,1.3691f,0f,0f,0f,1f],start_interpolation: 0,interpolation_duration: 1}
$data merge entity $(bone_scale_neck_left1) {transformation: [-1.5885f,0.4305f,0.0659f,0.7993f,0.4085f,1.3865f,0.7897f,4.7924f,0.1509f,0.778f,-1.444f,1.1786f,0f,0f,0f,1f],start_interpolation: 0,interpolation_duration: 1}
$data merge entity $(bone_scale_neck_right1) {transformation: [-1.593f,-0.4018f,-0.1186f,-0.7727f,-0.4085f,1.3865f,0.7897f,4.7924f,-0.0928f,0.7932f,-1.4406f,1.2073f,0f,0f,0f,1f],start_interpolation: 0,interpolation_duration: 1}
$data merge entity $(bone_blush_right1) {transformation: [-0.9998f,0.0081f,-0.0163f,-0.6273f,0f,0.8949f,0.4462f,4.0845f,0.0182f,0.4461f,-0.8948f,2.4018f,0f,0f,0f,1f],start_interpolation: 0,interpolation_duration: 1}
$data merge entity $(bone_blush_left1) {transformation: [-0.9998f,0.0081f,-0.0163f,0.6977f,0f,0.8949f,0.4462f,4.0845f,0.0182f,0.4461f,-0.8948f,2.3776f,0f,0f,0f,1f],start_interpolation: 0,interpolation_duration: 1}
$data merge entity $(bone_left_head_scales) {transformation: [-0.8793f,0.0081f,-0.4761f,0.7084f,-0.206f,0.8949f,0.3958f,4.9131f,0.4293f,0.4461f,-0.7853f,2.3513f,0f,0f,0f,1f],start_interpolation: 0,interpolation_duration: 1}
$data merge entity $(bone_left_head_scales2) {transformation: [-0.8097f,0.0081f,-0.5869f,0.7038f,-0.2559f,0.8949f,0.3655f,4.0339f,0.5282f,0.4461f,-0.7225f,2.1013f,0f,0f,0f,1f],start_interpolation: 0,interpolation_duration: 1}
$data merge entity $(bone_left_head_scales1) {transformation: [-0.9998f,0.0081f,-0.0163f,0.7075f,0f,0.8949f,0.4462f,4.8126f,0.0182f,0.4461f,-0.8948f,2.3012f,0f,0f,0f,1f],start_interpolation: 0,interpolation_duration: 1}
$data merge entity $(bone_right_head_scales) {transformation: [-0.8944f,0.0081f,0.4472f,-0.639f,0.206f,0.8949f,0.3958f,4.9131f,-0.397f,0.4461f,-0.8021f,2.3759f,0f,0f,0f,1f],start_interpolation: 0,interpolation_duration: 1}
$data merge entity $(bone_right_head_scales2) {transformation: [-0.8284f,0.0081f,0.5601f,-0.6436f,0.2559f,0.8949f,0.3655f,4.0339f,-0.4983f,0.4461f,-0.7434f,2.1259f,0f,0f,0f,1f],start_interpolation: 0,interpolation_duration: 1}
$data merge entity $(bone_right_head_scales1) {transformation: [-0.9998f,0.0081f,-0.0163f,-0.6399f,0f,0.8949f,0.4462f,4.8126f,0.0182f,0.4461f,-0.8948f,2.3258f,0f,0f,0f,1f],start_interpolation: 0,interpolation_duration: 1}
$data merge entity $(bone_head_left_fin1) {transformation: [-0.7135f,0.0241f,-0.7675f,0.7027f,-0.0783f,1.0399f,0.1054f,4.4733f,0.7639f,0.1291f,-0.7061f,2.038f,0f,0f,0f,1f],start_interpolation: 0,interpolation_duration: 1}
$data merge entity $(bone_head_right_fin1) {transformation: [-0.7409f,-0.0193f,0.7412f,-0.6447f,0.0783f,1.0399f,0.1054f,4.4733f,-0.7373f,0.1299f,-0.7336f,2.0626f,0f,0f,0f,1f],start_interpolation: 0,interpolation_duration: 1}
$data merge entity $(bone_right_whisker16) {transformation: [0.2562f,0.9139f,-0.3149f,-1.1701f,0.952f,-0.295f,-0.0818f,1.737f,-0.1676f,-0.2788f,-0.9456f,2.1547f,0f,0f,0f,1f],start_interpolation: 0,interpolation_duration: 1}
$data merge entity $(bone_right_whisker15) {transformation: [-0.8727f,0.3732f,-0.3149f,-0.8761f,0.4167f,0.9053f,-0.0818f,1.5966f,0.2545f,-0.2026f,-0.9456f,2.0689f,0f,0f,0f,1f],start_interpolation: 0,interpolation_duration: 1}
$data merge entity $(bone_right_whisker14) {transformation: [-0.7071f,-0.6332f,-0.3149f,-0.6379f,-0.6444f,0.7603f,-0.0818f,1.8137f,0.2912f,0.1451f,-0.9456f,1.9708f,0f,0f,0f,1f],start_interpolation: 0,interpolation_duration: 1}
$data merge entity $(bone_right_whisker13) {transformation: [-0.0961f,-0.9915f,-0.0877f,-0.6055f,-0.9896f,0.0857f,0.1158f,2.1471f,-0.1073f,0.0979f,-0.9894f,2.007f,0f,0f,0f,1f],start_interpolation: 0,interpolation_duration: 1}
$data merge entity $(bone_right_whisker12) {transformation: [0.0611f,-0.996f,-0.0648f,-0.633f,-0.9416f,-0.0791f,0.3272f,2.5701f,-0.331f,0.041f,-0.9427f,2.1557f,0f,0f,0f,1f],start_interpolation: 0,interpolation_duration: 1}
$data merge entity $(bone_right_whisker11) {transformation: [0.2915f,-0.9556f,-0.0434f,-0.7639f,-0.9557f,-0.2929f,0.0289f,2.9994f,-0.0404f,0.0331f,-0.9986f,2.1738f,0f,0f,0f,1f],start_interpolation: 0,interpolation_duration: 1}
$data merge entity $(bone_right_whisker10) {transformation: [0.0744f,-0.9948f,0.0694f,-0.7973f,-0.9732f,-0.0877f,-0.2125f,3.4366f,0.2175f,-0.0517f,-0.9747f,2.0761f,0f,0f,0f,1f],start_interpolation: 0,interpolation_duration: 1}
$data merge entity $(bone_right_whisker1) {transformation: [-0.3413f,-0.9392f,0.0388f,-0.644f,-0.9383f,0.3428f,0.0448f,3.8581f,-0.0553f,-0.0211f,-0.9982f,2.1009f,0f,0f,0f,1f],start_interpolation: 0,interpolation_duration: 1}
$data merge entity $(bone_left_whisker16) {transformation: [0.2621f,-0.9235f,0.2802f,1.2311f,-0.952f,-0.295f,-0.0818f,1.737f,0.1582f,-0.2453f,-0.9565f,2.1109f,0f,0f,0f,1f],start_interpolation: 0,interpolation_duration: 1}
$data merge entity $(bone_left_whisker15) {transformation: [-0.8814f,-0.3804f,0.2802f,0.9341f,-0.4167f,0.9053f,-0.0818f,1.5966f,-0.2226f,-0.1888f,-0.9565f,2.0359f,0f,0f,0f,1f],start_interpolation: 0,interpolation_duration: 1}
$data merge entity $(bone_left_whisker14) {transformation: [-0.7172f,0.638f,0.2802f,0.6925f,0.6444f,0.7603f,-0.0818f,1.8137f,-0.2652f,0.1219f,-0.9565f,1.9466f,0f,0f,0f,1f],start_interpolation: 0,interpolation_duration: 1}
$data merge entity $(bone_left_whisker13) {transformation: [-0.0921f,0.9944f,0.0515f,0.6615f,0.9896f,0.0857f,0.1158f,2.1471f,0.1107f,0.0617f,-0.9919f,1.9839f,0f,0f,0f,1f],start_interpolation: 0,interpolation_duration: 1}
$data merge entity $(bone_left_whisker12) {transformation: [0.0731f,0.9969f,0.0304f,0.6943f,0.9416f,-0.0791f,0.3272f,2.5701f,0.3286f,0.0047f,-0.9445f,2.1315f,0f,0f,0f,1f],start_interpolation: 0,interpolation_duration: 1}
$data merge entity $(bone_left_whisker11) {transformation: [0.2928f,0.9562f,0.007f,0.8258f,0.9557f,-0.2929f,0.0289f,2.9994f,0.0297f,-0.0018f,-0.9996f,2.1448f,0f,0f,0f,1f],start_interpolation: 0,interpolation_duration: 1}
$data merge entity $(bone_left_whisker10) {transformation: [0.0665f,0.9923f,-0.1049f,0.8557f,0.9732f,-0.0877f,-0.2125f,3.4366f,-0.2201f,-0.088f,-0.9715f,2.0459f,0f,0f,0f,1f],start_interpolation: 0,interpolation_duration: 1}
$data merge entity $(bone_left_whisker1) {transformation: [-0.339f,0.9378f,-0.0752f,0.7034f,0.9383f,0.3428f,0.0448f,3.8581f,0.0677f,-0.0553f,-0.9962f,2.0764f,0f,0f,0f,1f],start_interpolation: 0,interpolation_duration: 1}
$data merge entity $(bone_upper_left_tooth1) {transformation: [-0.9998f,0.0067f,-0.017f,0.357f,0f,0.9304f,0.3665f,3.8334f,0.0182f,0.3664f,-0.9303f,3.1005f,0f,0f,0f,1f],start_interpolation: 0,interpolation_duration: 1}
$data merge entity $(bone_upper_right_tooth1) {transformation: [-0.9998f,0.0067f,-0.017f,-0.3167f,0f,0.9304f,0.3665f,3.8334f,0.0182f,0.3664f,-0.9303f,3.1128f,0f,0f,0f,1f],start_interpolation: 0,interpolation_duration: 1}
$data merge entity $(bone_top_lip1) {transformation: [-0.9998f,-0.0024f,-0.0181f,0.0491f,0f,0.9916f,-0.1294f,3.9483f,0.0182f,-0.1293f,-0.9914f,3.1514f,0f,0f,0f,1f],start_interpolation: 0,interpolation_duration: 1}
$data merge entity $(bone_muzzle1) {transformation: [-0.9998f,0.0067f,-0.017f,0.0407f,0f,0.9304f,0.3665f,4.3108f,0.0182f,0.3664f,-0.9303f,2.6907f,0f,0f,0f,1f],start_interpolation: 0,interpolation_duration: 1}
$data merge entity $(bone_jaw_right_tooth1) {transformation: [-0.9998f,-0.0025f,-0.0181f,-0.3173f,0f,0.9903f,-0.1392f,3.5882f,0.0182f,-0.1392f,-0.9901f,3.0808f,0f,0f,0f,1f],start_interpolation: 0,interpolation_duration: 1}
$data merge entity $(bone_jaw_left_tooth1) {transformation: [-0.9998f,-0.0025f,-0.0181f,0.4126f,0f,0.9903f,-0.1392f,3.5882f,0.0182f,-0.1392f,-0.9901f,3.0675f,0f,0f,0f,1f],start_interpolation: 0,interpolation_duration: 1}
$data merge entity $(bone_tongue1) {transformation: [-0.9998f,0.0068f,-0.0169f,0.0343f,0f,0.9272f,0.3745f,3.8854f,0.0182f,0.3745f,-0.9271f,2.3402f,0f,0f,0f,1f],start_interpolation: 0,interpolation_duration: 1}
$data merge entity $(bone_jaw_lips1) {transformation: [-0.9998f,0.0068f,-0.0169f,0.1047f,0f,0.9272f,0.3745f,3.4292f,0.0182f,0.3745f,-0.9271f,3.1237f,0f,0f,0f,1f],start_interpolation: 0,interpolation_duration: 1}
$data merge entity $(bone_jaw3) {transformation: [-0.9998f,0.0006f,-0.0182f,0.0883f,0f,0.9994f,0.0349f,3.3763f,0.0182f,0.0349f,-0.9992f,2.223f,0f,0f,0f,1f],start_interpolation: 0,interpolation_duration: 1}
$data merge entity $(bone_jaw1) {transformation: [-0.9998f,0.0133f,-0.0124f,0.0771f,0f,0.682f,0.7313f,4.0333f,0.0182f,0.7312f,-0.6819f,1.6104f,0f,0f,0f,1f],start_interpolation: 0,interpolation_duration: 1}
$data merge entity $(bone_tear_right1) {transformation: [-0.9998f,0.0081f,-0.0163f,-0.5663f,0f,0.8949f,0.4462f,4.3911f,0.0182f,0.4461f,-0.8948f,2.6665f,0f,0f,0f,1f],start_interpolation: 0,interpolation_duration: 1}
$data merge entity $(bone_right_pupil1) {transformation: [-0.9998f,0.0081f,-0.0163f,-0.379f,0f,0.8949f,0.4462f,4.4616f,0.0182f,0.4461f,-0.8948f,2.7736f,0f,0f,0f,1f],start_interpolation: 0,interpolation_duration: 1}
$data merge entity $(bone_right_sad_pupil1) {transformation: [-0.9998f,0.0081f,-0.0163f,-0.3792f,0f,0.8949f,0.4462f,4.4666f,0.0182f,0.4461f,-0.8948f,2.7635f,0f,0f,0f,1f],start_interpolation: 0,interpolation_duration: 1}
$data merge entity $(bone_right_happy_pupil1) {transformation: [-0.9998f,0.0081f,-0.0163f,-0.4075f,0f,0.8949f,0.4462f,4.4415f,0.0182f,0.4461f,-0.8948f,2.7515f,0f,0f,0f,1f],start_interpolation: 0,interpolation_duration: 1}
$data merge entity $(bone_eyelid_right1) {transformation: [-0.9998f,0.0081f,-0.0163f,0.0435f,0f,0.8949f,0.4462f,4.6669f,0.0182f,0.4461f,-0.8948f,2.2281f,0f,0f,0f,1f],start_interpolation: 0,interpolation_duration: 1}
$data merge entity $(bone_eyelid_expressions_right5) {transformation: [-0.9998f,0.0081f,-0.0163f,-0.5074f,0f,0.8949f,0.4462f,4.5671f,0.0182f,0.4461f,-0.8948f,2.816f,0f,0f,0f,1f],start_interpolation: 0,interpolation_duration: 1}
$data merge entity $(bone_eyelid_expressions_right7) {transformation: [-0.9998f,0.0081f,-0.0163f,-0.1706f,0f,0.8949f,0.4462f,4.5671f,0.0182f,0.4461f,-0.8948f,2.8098f,0f,0f,0f,1f],start_interpolation: 0,interpolation_duration: 1}
$data merge entity $(bone_eyelid_expressions_right6) {transformation: [-0.9998f,0.0081f,-0.0163f,-0.2829f,0f,0.8949f,0.4462f,4.5671f,0.0182f,0.4461f,-0.8948f,2.8119f,0f,0f,0f,1f],start_interpolation: 0,interpolation_duration: 1}
$data merge entity $(bone_right_eye1) {transformation: [-0.9998f,0.0081f,-0.0163f,0.0324f,0f,0.8949f,0.4462f,4.6619f,0.0182f,0.4461f,-0.8948f,2.2384f,0f,0f,0f,1f],start_interpolation: 0,interpolation_duration: 1}
$data merge entity $(bone_tear_left1) {transformation: [-0.9998f,0.0081f,-0.0163f,0.6464f,0f,0.8949f,0.4462f,4.3911f,0.0182f,0.4461f,-0.8948f,2.6444f,0f,0f,0f,1f],start_interpolation: 0,interpolation_duration: 1}
$data merge entity $(bone_left_sad_pupil1) {transformation: [-0.9998f,0.0081f,-0.0163f,0.4629f,0f,0.8949f,0.4462f,4.4666f,0.0182f,0.4461f,-0.8948f,2.7481f,0f,0f,0f,1f],start_interpolation: 0,interpolation_duration: 1}
$data merge entity $(bone_left_pupil1) {transformation: [-0.9998f,0.0081f,-0.0163f,0.4631f,0f,0.8949f,0.4462f,4.4616f,0.0182f,0.4461f,-0.8948f,2.7582f,0f,0f,0f,1f],start_interpolation: 0,interpolation_duration: 1}
$data merge entity $(bone_eyelid_left1) {transformation: [-0.9998f,0.0081f,-0.0163f,0.021f,0f,0.8949f,0.4462f,4.6669f,0.0182f,0.4461f,-0.8948f,2.2285f,0f,0f,0f,1f],start_interpolation: 0,interpolation_duration: 1}
$data merge entity $(bone_left_happy_pupil1) {transformation: [-0.9998f,0.0081f,-0.0163f,0.4908f,0f,0.8949f,0.4462f,4.4415f,0.0182f,0.4461f,-0.8948f,2.7351f,0f,0f,0f,1f],start_interpolation: 0,interpolation_duration: 1}
$data merge entity $(bone_eyelid_expressions_left5) {transformation: [-0.9998f,0.0081f,-0.0163f,0.593f,0f,0.8949f,0.4462f,4.5671f,0.0182f,0.4461f,-0.8948f,2.7959f,0f,0f,0f,1f],start_interpolation: 0,interpolation_duration: 1}
$data merge entity $(bone_eyelid_expressions_left7) {transformation: [-0.9998f,0.0081f,-0.0163f,0.2561f,0f,0.8949f,0.4462f,4.5671f,0.0182f,0.4461f,-0.8948f,2.802f,0f,0f,0f,1f],start_interpolation: 0,interpolation_duration: 1}
$data merge entity $(bone_eyelid_expressions_left6) {transformation: [-0.9998f,0.0081f,-0.0163f,0.3684f,0f,0.8949f,0.4462f,4.5671f,0.0182f,0.4461f,-0.8948f,2.8f,0f,0f,0f,1f],start_interpolation: 0,interpolation_duration: 1}
$data merge entity $(bone_left_eye1) {transformation: [-0.9998f,0.0081f,-0.0163f,0.0324f,0f,0.8949f,0.4462f,4.6619f,0.0182f,0.4461f,-0.8948f,2.2384f,0f,0f,0f,1f],start_interpolation: 0,interpolation_duration: 1}
$data merge entity $(bone_crest_middle5) {transformation: [-0.9998f,0.0044f,-0.0177f,0.0515f,0f,0.9703f,0.2419f,5.6893f,0.0182f,0.2419f,-0.9701f,3.2831f,0f,0f,0f,1f],start_interpolation: 0,interpolation_duration: 1}
$data merge entity $(bone_crest_middle4) {transformation: [-0.9998f,0.0044f,-0.0177f,0.0485f,0f,0.9703f,0.2419f,5.0355f,0.0182f,0.2419f,-0.9701f,3.1202f,0f,0f,0f,1f],start_interpolation: 0,interpolation_duration: 1}
$data merge entity $(bone_crest_middle1) {transformation: [-0.9998f,0.0044f,-0.0177f,0.0478f,0f,0.9703f,0.2419f,4.5247f,0.0182f,0.2419f,-0.9701f,3.0797f,0f,0f,0f,1f],start_interpolation: 0,interpolation_duration: 1}
$data merge entity $(bone_crest_left5) {transformation: [-0.5441f,-0.8338f,0.0933f,-1.0565f,-0.7548f,0.535f,0.3796f,5.0713f,-0.3664f,0.1361f,-0.9204f,3.1056f,0f,0f,0f,1f],start_interpolation: 0,interpolation_duration: 1}
$data merge entity $(bone_crest_left4) {transformation: [-0.5441f,-0.8338f,0.0933f,-0.5882f,-0.7548f,0.535f,0.3796f,4.7709f,-0.3664f,0.1361f,-0.9204f,3.0292f,0f,0f,0f,1f],start_interpolation: 0,interpolation_duration: 1}
$data merge entity $(bone_crest_left1) {transformation: [-0.5441f,-0.8338f,0.0933f,-0.068f,-0.7548f,0.535f,0.3796f,4.4617f,-0.3664f,0.1361f,-0.9204f,2.8935f,0f,0f,0f,1f],start_interpolation: 0,interpolation_duration: 1}
$data merge entity $(bone_crest_center1) {transformation: [-0.9998f,0.0081f,-0.0163f,0.0441f,0f,0.8949f,0.4462f,4.4366f,0.0182f,0.4461f,-0.8948f,2.8789f,0f,0f,0f,1f],start_interpolation: 0,interpolation_duration: 1}
$data merge entity $(bone_crest_right5) {transformation: [-0.5303f,0.8382f,-0.1268f,1.1522f,0.7548f,0.535f,0.3796f,5.0713f,0.386f,0.1056f,-0.9164f,3.0653f,0f,0f,0f,1f],start_interpolation: 0,interpolation_duration: 1}
$data merge entity $(bone_crest_right4) {transformation: [-0.5303f,0.8382f,-0.1268f,0.6815f,0.7548f,0.535f,0.3796f,4.7709f,0.386f,0.1056f,-0.9164f,3.0061f,0f,0f,0f,1f],start_interpolation: 0,interpolation_duration: 1}
$data merge entity $(bone_crest_right1) {transformation: [-0.5303f,0.8382f,-0.1268f,0.1566f,0.7548f,0.535f,0.3796f,4.4617f,0.386f,0.1056f,-0.9164f,2.8894f,0f,0f,0f,1f],start_interpolation: 0,interpolation_duration: 1}
$data merge entity $(bone_head1) {transformation: [-1.048f,0.0085f,-0.0171f,0.0219f,0f,0.9381f,0.4677f,4.8872f,0.0191f,0.4676f,-0.9379f,1.6606f,0f,0f,0f,1f],start_interpolation: 0,interpolation_duration: 1}
$data merge entity $(bone_neck10) {transformation: [-1.4971f,0.0078f,-0.0262f,0.0009f,0f,1.4349f,0.4281f,4.7618f,0.0273f,0.428f,-1.4347f,0.51f,0f,0f,0f,1f],start_interpolation: 0,interpolation_duration: 1}
$data merge entity $(bone_neck9) {transformation: [-1.1453f,0.0093f,-0.0187f,-0.0101f,0f,1.0252f,0.5111f,3.4301f,0.0209f,0.511f,-1.025f,-0.091f,0f,0f,0f,1f],start_interpolation: 0,interpolation_duration: 1}
$data merge entity $(bone_neck8) {transformation: [-1.063f,-0.0053f,-0.0186f,-0.0055f,0f,1.022f,-0.2931f,2.6769f,0.0194f,-0.293f,-1.0218f,0.1598f,0f,0f,0f,1f],start_interpolation: 0,interpolation_duration: 1}
$data merge entity $(bone_neck7) {transformation: [-1.0555f,-0.0109f,-0.0159f,0.0047f,0f,0.8705f,-0.5973f,1.9019f,0.0193f,-0.5972f,-0.8703f,0.7185f,0f,0f,0f,1f],start_interpolation: 0,interpolation_duration: 1}
$data merge entity $(bone_neck6) {transformation: [-1.0495f,-0.0076f,-0.0176f,0.0113f,0f,0.9633f,-0.4171f,1.0471f,0.0191f,-0.417f,-0.9631f,1.0787f,0f,0f,0f,1f],start_interpolation: 0,interpolation_duration: 1}
$data merge entity $(bone_neck_spine6) {transformation: [-1.2647f,-0.1142f,-0.0861f,-0.0207f,-0.0711f,-0.1628f,1.2603f,0.1127f,-0.1241f,1.2572f,0.1554f,-1.3435f,0f,0f,0f,1f],start_interpolation: 0,interpolation_duration: 1}
$data merge entity $(bone_neck_spine7) {transformation: [-0.9843f,-0.1763f,0.0005f,0.449f,-0.0344f,0.1947f,0.9803f,0.579f,-0.1729f,0.9649f,-0.1977f,-4.9523f,0f,0f,0f,1f],start_interpolation: 0,interpolation_duration: 1}
$data merge entity $(bone_tail6) {transformation: [-1.6513f,0.4187f,0.2512f,0.2026f,0.48f,1.5548f,0.5636f,-1.6177f,-0.0897f,0.6105f,-1.6077f,-7.7155f,0f,0f,0f,1f],start_interpolation: 0,interpolation_duration: 1}
$data merge entity $(bone_tail5) {transformation: [-1.3641f,0.3459f,0.2075f,0.4211f,0.3965f,1.2844f,0.4656f,-0.8065f,-0.0741f,0.5043f,-1.3281f,-7.397f,0f,0f,0f,1f],start_interpolation: 0,interpolation_duration: 1}
$data merge entity $(bone_tail4) {transformation: [-1.0052f,0.2549f,0.1529f,0.5303f,0.2922f,0.9464f,0.3431f,-0.4009f,-0.0546f,0.3716f,-0.9786f,-7.2377f,0f,0f,0f,1f],start_interpolation: 0,interpolation_duration: 1}
$data merge entity $(bone_segment18) {transformation: [-0.959f,0.2021f,0.1989f,0.6438f,0.2787f,0.8008f,0.5302f,0.0487f,-0.0521f,0.5638f,-0.8242f,-6.9211f,0f,0f,0f,1f],start_interpolation: 0,interpolation_duration: 1}
$data merge entity $(bone_segment17) {transformation: [-0.9992f,-0.0054f,-0.0393f,0.6398f,-0.0397f,0.1656f,0.9854f,0.1696f,0.0011f,0.9862f,-0.1657f,-6.2012f,0f,0f,0f,1f],start_interpolation: 0,interpolation_duration: 1}
$data merge entity $(bone_segment16) {transformation: [-0.9909f,-0.1285f,-0.0397f,0.5172f,-0.0372f,-0.0212f,0.9991f,0.1494f,-0.1292f,0.9915f,0.0162f,-5.2548f,0f,0f,0f,1f],start_interpolation: 0,interpolation_duration: 1}
$data merge entity $(bone_segment15) {transformation: [-0.9843f,-0.1704f,-0.0451f,0.3162f,-0.0344f,-0.0656f,0.9973f,0.072f,-0.1729f,0.9832f,0.0588f,-4.0954f,0f,0f,0f,1f],start_interpolation: 0,interpolation_duration: 1}
$data merge entity $(bone_segment14) {transformation: [-1.0356f,-0.1447f,-0.0728f,0.1535f,-0.0414f,-0.2193f,1.0241f,-0.1747f,-0.1566f,1.0147f,0.211f,-2.9538f,0f,0f,0f,1f],start_interpolation: 0,interpolation_duration: 1}
$data merge entity $(bone_segment13) {transformation: [-1.0192f,-0.0786f,-0.0843f,0.0612f,-0.0573f,-0.3056f,0.9775f,-0.5695f,-0.1f,0.976f,0.2993f,-1.7866f,0f,0f,0f,1f],start_interpolation: 0,interpolation_duration: 1}
$data merge entity $(bone_segment12) {transformation: [-1.1138f,-0.0393f,-0.0493f,0.0136f,-0.0535f,0.1303f,1.1066f,-0.4121f,-0.0333f,1.1072f,-0.132f,-0.449f,0f,0f,0f,1f],start_interpolation: 0,interpolation_duration: 1}
$data merge entity $(bone_segment11) {transformation: [-1.1902f,-0.0014f,-0.0217f,0.0058f,-0.0176f,0.7552f,0.92f,0.4606f,0.0127f,0.9202f,-0.7551f,0.6145f,0f,0f,0f,1f],start_interpolation: 0,interpolation_duration: 1}
$data merge entity $(bone_segment10) {transformation: [-1.048f,0.0087f,-0.017f,0.0117f,0f,0.9326f,0.4784f,1.4153f,0.0191f,0.4783f,-0.9325f,1.1042f,0f,0f,0f,1f],start_interpolation: 0,interpolation_duration: 1}
data modify entity @s data merge value {"cameras":{},"locators":{"mouth":{"px":0.06138369804648365,"py":3.6864195729637537,"pz":3.8268684165556737,"ry":178.9550028705681,"rx":63.50124026632909}}}
function animated_java:gyarados/animations/surfacewater_idle/zzz/frames/on_tick/transform_floating_entities