# This file was generated by Animated Java via MC-Build. It is not recommended to edit this file directly.
$data merge entity $(bone_neck_spine5) {transformation: [-1.5715f,-0.0157f,0.0463f,0.1276f,0f,1.4892f,0.5042f,4.3948f,-0.0489f,0.5039f,-1.4885f,-0.3136f,0f,0f,0f,1f],start_interpolation: 0,interpolation_duration: 1}
$data merge entity $(bone_neck_spine2) {transformation: [-1.4967f,-0.0147f,0.0442f,-0.0473f,0f,1.4205f,0.4737f,5.4235f,-0.0466f,0.4734f,-1.4198f,1.6982f,0f,0f,0f,1f],start_interpolation: 0,interpolation_duration: 1}
$data merge entity $(bone_scale_neck_left1) {transformation: [-1.596f,0.3849f,0.1325f,0.7483f,0.3834f,1.2408f,1.0131f,4.5788f,0.1369f,1.0125f,-1.2919f,1.4056f,0f,0f,0f,1f],start_interpolation: 0,interpolation_duration: 1}
$data merge entity $(bone_scale_neck_right1) {transformation: [-1.5844f,-0.4471f,-0.0519f,-0.8232f,-0.3834f,1.2408f,1.0131f,4.5788f,-0.2359f,0.9866f,-1.2977f,1.3567f,0f,0f,0f,1f],start_interpolation: 0,interpolation_duration: 1}
$data merge entity $(bone_blush_right1) {transformation: [-0.9995f,-0.0173f,0.0259f,-0.7339f,0f,0.8319f,0.5549f,3.7087f,-0.0311f,0.5546f,-0.8315f,2.4597f,0f,0f,0f,1f],start_interpolation: 0,interpolation_duration: 1}
$data merge entity $(bone_blush_left1) {transformation: [-0.9995f,-0.0173f,0.0259f,0.5906f,0f,0.8319f,0.5549f,3.7087f,-0.0311f,0.5546f,-0.8315f,2.5009f,0f,0f,0f,1f],start_interpolation: 0,interpolation_duration: 1}
$data merge entity $(bone_left_head_scales) {transformation: [-0.8985f,-0.0173f,-0.4386f,0.5994f,-0.2562f,0.8319f,0.4922f,4.5341f,0.3564f,0.5546f,-0.7519f,2.5793f,0f,0f,0f,1f],start_interpolation: 0,interpolation_duration: 1}
$data merge entity $(bone_left_head_scales2) {transformation: [-0.8336f,-0.0173f,-0.5521f,0.6106f,-0.3183f,0.8319f,0.4545f,3.6932f,0.4515f,0.5546f,-0.699f,2.2211f,0f,0f,0f,1f],start_interpolation: 0,interpolation_duration: 1}
$data merge entity $(bone_left_head_scales1) {transformation: [-0.9995f,-0.0173f,0.0259f,0.6014f,0f,0.8319f,0.5549f,4.4407f,-0.0311f,0.5546f,-0.8315f,2.517f,0f,0f,0f,1f],start_interpolation: 0,interpolation_duration: 1}
$data merge entity $(bone_right_head_scales) {transformation: [-0.8746f,-0.0173f,0.4845f,-0.7476f,0.2562f,0.8319f,0.4922f,4.5341f,-0.4115f,0.5546f,-0.7232f,2.5374f,0f,0f,0f,1f],start_interpolation: 0,interpolation_duration: 1}
$data merge entity $(bone_right_head_scales2) {transformation: [-0.8039f,-0.0173f,0.5945f,-0.7364f,0.3183f,0.8319f,0.4545f,3.6932f,-0.5024f,0.5546f,-0.6633f,2.1792f,0f,0f,0f,1f],start_interpolation: 0,interpolation_duration: 1}
$data merge entity $(bone_right_head_scales1) {transformation: [-0.9995f,-0.0173f,0.0259f,-0.7456f,0f,0.8319f,0.5549f,4.4407f,-0.0311f,0.5546f,-0.8315f,2.4751f,0f,0f,0f,1f],start_interpolation: 0,interpolation_duration: 1}
$data merge entity $(bone_head_left_fin1) {transformation: [-0.7498f,0.0137f,-0.7323f,0.6108f,-0.1718f,1.0155f,0.1949f,4.137f,0.712f,0.2595f,-0.7242f,2.2134f,0f,0f,0f,1f],start_interpolation: 0,interpolation_duration: 1}
$data merge entity $(bone_head_right_fin1) {transformation: [-0.7041f,-0.0298f,0.7759f,-0.7362f,0.1718f,1.0155f,0.1949f,4.137f,-0.7572f,0.2581f,-0.6772f,2.1715f,0f,0f,0f,1f],start_interpolation: 0,interpolation_duration: 1}
$data merge entity $(bone_right_whisker16) {transformation: [0.2604f,0.9276f,-0.2678f,-1.2548f,0.9649f,-0.2598f,0.0382f,1.412f,-0.0342f,-0.2683f,-0.9627f,1.8939f,0f,0f,0f,1f],start_interpolation: 0,interpolation_duration: 1}
$data merge entity $(bone_right_whisker15) {transformation: [-0.8857f,0.3792f,-0.2678f,-0.9564f,0.3835f,0.9227f,0.0382f,1.2827f,0.2615f,-0.0689f,-0.9627f,1.8058f,0f,0f,0f,1f],start_interpolation: 0,interpolation_duration: 1}
$data merge entity $(bone_right_whisker14) {transformation: [-0.718f,-0.6425f,-0.2678f,-0.7145f,-0.6742f,0.7376f,0.0382f,1.5099f,0.173f,0.2079f,-0.9627f,1.7475f,0f,0f,0f,1f],start_interpolation: 0,interpolation_duration: 1}
$data merge entity $(bone_right_whisker13) {transformation: [-0.0868f,-0.9954f,-0.0395f,-0.6852f,-0.9681f,0.075f,0.2391f,1.8361f,-0.2351f,0.059f,-0.9702f,1.8267f,0f,0f,0f,1f],start_interpolation: 0,interpolation_duration: 1}
$data merge entity $(bone_right_whisker12) {transformation: [0.0809f,-0.9965f,-0.0197f,-0.7216f,-0.8928f,-0.0813f,0.443f,2.2371f,-0.4431f,-0.0182f,-0.8963f,2.0258f,0f,0f,0f,1f],start_interpolation: 0,interpolation_duration: 1}
$data merge entity $(bone_right_whisker11) {transformation: [0.2969f,-0.9549f,0.0055f,-0.8549f,-0.9438f,-0.2925f,0.154f,2.6611f,-0.1454f,-0.0509f,-0.9881f,2.0911f,0f,0f,0f,1f],start_interpolation: 0,interpolation_duration: 1}
$data merge entity $(bone_right_whisker10) {transformation: [0.0675f,-0.9907f,0.118f,-0.8852f,-0.993f,-0.0782f,-0.0888f,3.1072f,0.0972f,-0.1112f,-0.989f,2.0474f,0f,0f,0f,1f],start_interpolation: 0,interpolation_duration: 1}
$data merge entity $(bone_right_whisker1) {transformation: [-0.3345f,-0.9383f,0.0875f,-0.735f,-0.9232f,0.3449f,0.1695f,3.5219f,-0.1892f,-0.0241f,-0.9816f,2.1324f,0f,0f,0f,1f],start_interpolation: 0,interpolation_duration: 1}
$data merge entity $(bone_left_whisker16) {transformation: [0.2577f,-0.9092f,0.3271f,1.1457f,-0.9649f,-0.2598f,0.0382f,1.412f,0.0503f,-0.3255f,-0.9442f,1.9686f,0f,0f,0f,1f],start_interpolation: 0,interpolation_duration: 1}
$data merge entity $(bone_left_whisker15) {transformation: [-0.8677f,-0.3742f,0.3271f,0.8533f,-0.3835f,0.9227f,0.0382f,1.2827f,-0.3161f,-0.0923f,-0.9442f,1.8621f,0f,0f,0f,1f],start_interpolation: 0,interpolation_duration: 1}
$data merge entity $(bone_left_whisker14) {transformation: [-0.7059f,0.6283f,0.3271f,0.6155f,0.6742f,0.7376f,0.0382f,1.5099f,-0.2173f,0.2475f,-0.9442f,1.7889f,0f,0f,0f,1f],start_interpolation: 0,interpolation_duration: 1}
$data merge entity $(bone_left_whisker13) {transformation: [-0.1013f,0.9898f,0.0997f,0.5814f,0.9681f,0.075f,0.2391f,1.8361f,0.2292f,0.1207f,-0.9659f,1.8661f,0f,0f,0f,1f],start_interpolation: 0,interpolation_duration: 1}
$data merge entity $(bone_left_whisker12) {transformation: [0.0532f,0.9957f,0.0754f,0.6053f,0.8928f,-0.0813f,0.443f,2.2371f,0.4472f,0.0437f,-0.8934f,2.0671f,0f,0f,0f,1f],start_interpolation: 0,interpolation_duration: 1}
$data merge entity $(bone_left_whisker11) {transformation: [0.2872f,0.9562f,0.0559f,0.7343f,0.9438f,-0.2925f,0.154f,2.6611f,0.1636f,0.0085f,-0.9865f,2.1406f,0f,0f,0f,1f],start_interpolation: 0,interpolation_duration: 1}
$data merge entity $(bone_left_whisker10) {transformation: [0.0734f,0.9957f,-0.0563f,0.7673f,0.993f,-0.0782f,-0.0888f,3.1072f,-0.0928f,-0.0493f,-0.9945f,2.0988f,0f,0f,0f,1f],start_interpolation: 0,interpolation_duration: 1}
$data merge entity $(bone_left_whisker1) {transformation: [-0.3456f,0.938f,-0.0263f,0.612f,0.9232f,0.3449f,0.1695f,3.5219f,0.1681f,0.0342f,-0.9852f,2.1743f,0f,0f,0f,1f],start_interpolation: 0,interpolation_duration: 1}
$data merge entity $(bone_upper_left_tooth1) {transformation: [-0.9995f,-0.0149f,0.0273f,0.2159f,0f,0.8771f,0.4803f,3.3697f,-0.0311f,0.48f,-0.8767f,3.169f,0f,0f,0f,1f],start_interpolation: 0,interpolation_duration: 1}
$data merge entity $(bone_upper_right_tooth1) {transformation: [-0.9995f,-0.0149f,0.0273f,-0.4576f,0f,0.8771f,0.4803f,3.3697f,-0.0311f,0.48f,-0.8767f,3.148f,0f,0f,0f,1f],start_interpolation: 0,interpolation_duration: 1}
$data merge entity $(bone_top_lip1) {transformation: [-0.9995f,-0.0006f,0.0311f,-0.0946f,0f,0.9998f,0.0182f,3.4781f,-0.0311f,0.0182f,-0.9993f,3.2187f,0f,0f,0f,1f],start_interpolation: 0,interpolation_duration: 1}
$data merge entity $(bone_muzzle1) {transformation: [-0.9995f,-0.0149f,0.0273f,-0.0818f,0f,0.8771f,0.4803f,3.8955f,-0.0311f,0.48f,-0.8767f,2.8073f,0f,0f,0f,1f],start_interpolation: 0,interpolation_duration: 1}
$data merge entity $(bone_jaw_right_tooth1) {transformation: [-0.9995f,0.0034f,0.0309f,-0.4573f,0f,0.9939f,-0.11f,3.2676f,-0.0311f,-0.1099f,-0.9935f,3.1392f,0f,0f,0f,1f],start_interpolation: 0,interpolation_duration: 1}
$data merge entity $(bone_jaw_left_tooth1) {transformation: [-0.9995f,0.0034f,0.0309f,0.2723f,0f,0.9939f,-0.11f,3.2676f,-0.0311f,-0.1099f,-0.9935f,3.1619f,0f,0f,0f,1f],start_interpolation: 0,interpolation_duration: 1}
$data merge entity $(bone_tongue1) {transformation: [-0.9995f,-0.0078f,0.0301f,-0.0679f,0f,0.9682f,0.2503f,3.4569f,-0.0311f,0.2501f,-0.9677f,2.3593f,0f,0f,0f,1f],start_interpolation: 0,interpolation_duration: 1}
$data merge entity $(bone_jaw_lips1) {transformation: [-0.9995f,-0.0078f,0.0301f,-0.0378f,0f,0.9682f,0.2503f,3.107f,-0.0311f,0.2501f,-0.9677f,3.1982f,0f,0f,0f,1f],start_interpolation: 0,interpolation_duration: 1}
$data merge entity $(bone_jaw3) {transformation: [-0.9995f,-0.002f,0.031f,-0.0098f,0f,0.9979f,0.0643f,3.0808f,-0.0311f,0.0643f,-0.9974f,2.2966f,0f,0f,0f,1f],start_interpolation: 0,interpolation_duration: 1}
$data merge entity $(bone_jaw1) {transformation: [-0.9995f,-0.0234f,0.0205f,0.0087f,0f,0.6602f,0.7511f,3.7556f,-0.0311f,0.7507f,-0.6599f,1.7038f,0f,0f,0f,1f],start_interpolation: 0,interpolation_duration: 1}
$data merge entity $(bone_tear_right1) {transformation: [-0.9995f,-0.0173f,0.0259f,-0.6872f,0f,0.8319f,0.5549f,3.9796f,-0.0311f,0.5546f,-0.8315f,2.7635f,0f,0f,0f,1f],start_interpolation: 0,interpolation_duration: 1}
$data merge entity $(bone_right_pupil1) {transformation: [-0.9995f,-0.0173f,0.0259f,-0.5057f,0f,0.8319f,0.5549f,4.0356f,-0.0311f,0.5546f,-0.8315f,2.8876f,0f,0f,0f,1f],start_interpolation: 0,interpolation_duration: 1}
$data merge entity $(bone_right_sad_pupil1) {transformation: [-0.9995f,-0.0173f,0.0259f,-0.5054f,0f,0.8319f,0.5549f,4.0419f,-0.0311f,0.5546f,-0.8315f,2.8782f,0f,0f,0f,1f],start_interpolation: 0,interpolation_duration: 1}
$data merge entity $(bone_right_happy_pupil1) {transformation: [-0.9995f,-0.0173f,0.0259f,-0.533f,0f,0.8319f,0.5549f,4.0185f,-0.0311f,0.5546f,-0.8315f,2.8618f,0f,0f,0f,1f],start_interpolation: 0,interpolation_duration: 1}
$data merge entity $(bone_eyelid_right1) {transformation: [-0.9995f,-0.0173f,0.0259f,-0.0577f,0f,0.8319f,0.5549f,4.3067f,-0.0311f,0.5546f,-0.8315f,2.3936f,0f,0f,0f,1f],start_interpolation: 0,interpolation_duration: 1}
$data merge entity $(bone_eyelid_expressions_right5) {transformation: [-0.9995f,-0.0173f,0.0259f,-0.6364f,0f,0.8319f,0.5549f,4.1353f,-0.0311f,0.5546f,-0.8315f,2.9365f,0f,0f,0f,1f],start_interpolation: 0,interpolation_duration: 1}
$data merge entity $(bone_eyelid_expressions_right7) {transformation: [-0.9995f,-0.0173f,0.0259f,-0.2996f,0f,0.8319f,0.5549f,4.1353f,-0.0311f,0.5546f,-0.8315f,2.947f,0f,0f,0f,1f],start_interpolation: 0,interpolation_duration: 1}
$data merge entity $(bone_eyelid_expressions_right6) {transformation: [-0.9995f,-0.0173f,0.0259f,-0.4119f,0f,0.8319f,0.5549f,4.1353f,-0.0311f,0.5546f,-0.8315f,2.9435f,0f,0f,0f,1f],start_interpolation: 0,interpolation_duration: 1}
$data merge entity $(bone_right_eye1) {transformation: [-0.9995f,-0.0173f,0.0259f,-0.0692f,0f,0.8319f,0.5549f,4.3005f,-0.0311f,0.5546f,-0.8315f,2.4026f,0f,0f,0f,1f],start_interpolation: 0,interpolation_duration: 1}
$data merge entity $(bone_tear_left1) {transformation: [-0.9995f,-0.0173f,0.0259f,0.5251f,0f,0.8319f,0.5549f,3.9796f,-0.0311f,0.5546f,-0.8315f,2.8012f,0f,0f,0f,1f],start_interpolation: 0,interpolation_duration: 1}
$data merge entity $(bone_left_sad_pupil1) {transformation: [-0.9995f,-0.0173f,0.0259f,0.3365f,0f,0.8319f,0.5549f,4.0419f,-0.0311f,0.5546f,-0.8315f,2.9044f,0f,0f,0f,1f],start_interpolation: 0,interpolation_duration: 1}
$data merge entity $(bone_left_pupil1) {transformation: [-0.9995f,-0.0173f,0.0259f,0.3362f,0f,0.8319f,0.5549f,4.0356f,-0.0311f,0.5546f,-0.8315f,2.9138f,0f,0f,0f,1f],start_interpolation: 0,interpolation_duration: 1}
$data merge entity $(bone_eyelid_left1) {transformation: [-0.9995f,-0.0173f,0.0259f,-0.0802f,0f,0.8319f,0.5549f,4.3067f,-0.0311f,0.5546f,-0.8315f,2.3929f,0f,0f,0f,1f],start_interpolation: 0,interpolation_duration: 1}
$data merge entity $(bone_left_happy_pupil1) {transformation: [-0.9995f,-0.0173f,0.0259f,0.3651f,0f,0.8319f,0.5549f,4.0185f,-0.0311f,0.5546f,-0.8315f,2.8897f,0f,0f,0f,1f],start_interpolation: 0,interpolation_duration: 1}
$data merge entity $(bone_eyelid_expressions_left5) {transformation: [-0.9995f,-0.0173f,0.0259f,0.4637f,0f,0.8319f,0.5549f,4.1353f,-0.0311f,0.5546f,-0.8315f,2.9707f,0f,0f,0f,1f],start_interpolation: 0,interpolation_duration: 1}
$data merge entity $(bone_eyelid_expressions_left7) {transformation: [-0.9995f,-0.0173f,0.0259f,0.1269f,0f,0.8319f,0.5549f,4.1353f,-0.0311f,0.5546f,-0.8315f,2.9603f,0f,0f,0f,1f],start_interpolation: 0,interpolation_duration: 1}
$data merge entity $(bone_eyelid_expressions_left6) {transformation: [-0.9995f,-0.0173f,0.0259f,0.2392f,0f,0.8319f,0.5549f,4.1353f,-0.0311f,0.5546f,-0.8315f,2.9638f,0f,0f,0f,1f],start_interpolation: 0,interpolation_duration: 1}
$data merge entity $(bone_left_eye1) {transformation: [-0.9995f,-0.0173f,0.0259f,-0.0692f,0f,0.8319f,0.5549f,4.3005f,-0.0311f,0.5546f,-0.8315f,2.4026f,0f,0f,0f,1f],start_interpolation: 0,interpolation_duration: 1}
$data merge entity $(bone_crest_middle5) {transformation: [-0.9995f,-0.0112f,0.029f,-0.1055f,0f,0.9323f,0.3617f,5.1888f,-0.0311f,0.3615f,-0.9319f,3.5676f,0f,0f,0f,1f],start_interpolation: 0,interpolation_duration: 1}
$data merge entity $(bone_crest_middle4) {transformation: [-0.9995f,-0.0112f,0.029f,-0.0979f,0f,0.9323f,0.3617f,4.5606f,-0.0311f,0.3615f,-0.9319f,3.324f,0f,0f,0f,1f],start_interpolation: 0,interpolation_duration: 1}
$data merge entity $(bone_crest_middle1) {transformation: [-0.9995f,-0.0112f,0.029f,-0.0947f,0f,0.9323f,0.3617f,4.0589f,-0.0311f,0.3615f,-0.9319f,3.2198f,0f,0f,0f,1f],start_interpolation: 0,interpolation_duration: 1}
$data merge entity $(bone_crest_left5) {transformation: [-0.5225f,-0.8416f,0.1369f,-1.2009f,-0.7016f,0.5156f,0.4918f,4.6004f,-0.4845f,0.1609f,-0.8599f,3.2597f,0f,0f,0f,1f],start_interpolation: 0,interpolation_duration: 1}
$data merge entity $(bone_crest_left4) {transformation: [-0.5225f,-0.8416f,0.1369f,-0.7284f,-0.7016f,0.5156f,0.4918f,4.3109f,-0.4845f,0.1609f,-0.8599f,3.1694f,0f,0f,0f,1f],start_interpolation: 0,interpolation_duration: 1}
$data merge entity $(bone_crest_left1) {transformation: [-0.5225f,-0.8416f,0.1369f,-0.2009f,-0.7016f,0.5156f,0.4918f,4.02f,-0.4845f,0.1609f,-0.8599f,3.0217f,0f,0f,0f,1f],start_interpolation: 0,interpolation_duration: 1}
$data merge entity $(bone_crest_center1) {transformation: [-0.9995f,-0.0173f,0.0259f,-0.0881f,0f,0.8319f,0.5549f,3.9967f,-0.0311f,0.5546f,-0.8315f,3.0096f,0f,0f,0f,1f],start_interpolation: 0,interpolation_duration: 1}
$data merge entity $(bone_crest_right5) {transformation: [-0.5516f,0.83f,-0.0832f,1.007f,0.7016f,0.5156f,0.4918f,4.6004f,0.451f,0.2129f,-0.8667f,3.3284f,0f,0f,0f,1f],start_interpolation: 0,interpolation_duration: 1}
$data merge entity $(bone_crest_right4) {transformation: [-0.5516f,0.83f,-0.0832f,0.541f,0.7016f,0.5156f,0.4918f,4.3109f,0.451f,0.2129f,-0.8667f,3.2089f,0f,0f,0f,1f],start_interpolation: 0,interpolation_duration: 1}
$data merge entity $(bone_crest_right1) {transformation: [-0.5516f,0.83f,-0.0832f,0.0236f,0.7016f,0.5156f,0.4918f,4.02f,0.451f,0.2129f,-0.8667f,3.0287f,0f,0f,0f,1f],start_interpolation: 0,interpolation_duration: 1}
$data merge entity $(bone_head1) {transformation: [-1.0477f,-0.0181f,0.0271f,-0.0523f,0f,0.872f,0.5816f,4.5965f,-0.0326f,0.5813f,-0.8716f,1.8579f,0f,0f,0f,1f],start_interpolation: 0,interpolation_duration: 1}
$data merge entity $(bone_neck10) {transformation: [-1.4967f,-0.0204f,0.0419f,-0.0163f,0f,1.3465f,0.655f,4.6593f,-0.0466f,0.6547f,-1.3459f,0.7025f,0f,0f,0f,1f],start_interpolation: 0,interpolation_duration: 1}
$data merge entity $(bone_neck9) {transformation: [-1.145f,-0.0198f,0.0296f,0.0074f,0f,0.953f,0.6356f,3.4135f,-0.0356f,0.6353f,-0.9525f,-0.0605f,0f,0f,0f,1f],start_interpolation: 0,interpolation_duration: 1}
$data merge entity $(bone_neck8) {transformation: [-1.0626f,0.0051f,0.0327f,0.0026f,0f,1.0506f,-0.1626f,2.6348f,-0.0331f,-0.1625f,-1.0501f,0.0938f,0f,0f,0f,1f],start_interpolation: 0,interpolation_duration: 1}
$data merge entity $(bone_neck7) {transformation: [-1.0552f,0.0146f,0.0294f,-0.0112f,0f,0.9456f,-0.4694f,1.7891f,-0.0328f,-0.4692f,-0.9451f,0.5383f,0f,0f,0f,1f],start_interpolation: 0,interpolation_duration: 1}
$data merge entity $(bone_neck6) {transformation: [-1.0492f,0.0102f,0.031f,-0.02f,0f,0.9973f,-0.3276f,0.9051f,-0.0326f,-0.3274f,-0.9968f,0.8191f,0f,0f,0f,1f],start_interpolation: 0,interpolation_duration: 1}
$data merge entity $(bone_neck_spine6) {transformation: [-1.2669f,0.1119f,0.0491f,0.0795f,0.0432f,-0.0683f,1.2702f,0.1334f,0.1143f,1.266f,0.0642f,-1.7774f,0f,0f,0f,1f],start_interpolation: 0,interpolation_duration: 1}
$data merge entity $(bone_neck_spine7) {transformation: [-0.9654f,0.2543f,-0.0568f,-0.5155f,0.0031f,0.2294f,0.9733f,0.3372f,0.2606f,0.9395f,-0.2222f,-5.3701f,0f,0f,0f,1f],start_interpolation: 0,interpolation_duration: 1}
$data merge entity $(bone_tail6) {transformation: [-1.6816f,0.3365f,-0.1554f,-1.4032f,-0.1773f,-0.0962f,1.7102f,0.6239f,0.3255f,1.6861f,0.1286f,-9.0391f,0f,0f,0f,1f],start_interpolation: 0,interpolation_duration: 1}
$data merge entity $(bone_tail5) {transformation: [-1.3892f,0.278f,-0.1284f,-1.2276f,-0.1464f,-0.0795f,1.4127f,0.5737f,0.2689f,1.3928f,0.1062f,-8.1594f,0f,0f,0f,1f],start_interpolation: 0,interpolation_duration: 1}
$data merge entity $(bone_tail4) {transformation: [-1.0236f,0.2048f,-0.0946f,-1.1398f,-0.1079f,-0.0586f,1.041f,0.5486f,0.1981f,1.0263f,0.0783f,-7.7195f,0f,0f,0f,1f],start_interpolation: 0,interpolation_duration: 1}
$data merge entity $(bone_segment18) {transformation: [-0.9766f,0.2102f,-0.0462f,-1.0218f,-0.1029f,-0.2676f,0.958f,0.3984f,0.189f,0.9403f,0.283f,-7.1915f,0f,0f,0f,1f],start_interpolation: 0,interpolation_duration: 1}
$data merge entity $(bone_segment17) {transformation: [-0.97f,0.2149f,0.1132f,-0.8649f,0.0125f,-0.4211f,0.907f,0.091f,0.2426f,0.8812f,0.4057f,-6.5482f,0f,0f,0f,1f],start_interpolation: 0,interpolation_duration: 1}
$data merge entity $(bone_segment16) {transformation: [-0.9568f,0.2843f,0.0612f,-0.5935f,0.0022f,-0.2035f,0.9791f,-0.1032f,0.2908f,0.9369f,0.1941f,-5.6539f,0f,0f,0f,1f],start_interpolation: 0,interpolation_duration: 1}
$data merge entity $(bone_segment15) {transformation: [-0.9654f,0.2604f,0.0109f,-0.2865f,0.0031f,-0.0304f,0.9995f,-0.1391f,0.2606f,0.965f,0.0285f,-4.5159f,0f,0f,0f,1f],start_interpolation: 0,interpolation_duration: 1}
$data merge entity $(bone_segment14) {transformation: [-1.031f,0.1858f,0.0347f,-0.0775f,0.0133f,-0.1202f,1.0412f,-0.2743f,0.1885f,1.0245f,0.1159f,-3.3633f,0f,0f,0f,1f],start_interpolation: 0,interpolation_duration: 1}
$data merge entity $(bone_segment13) {transformation: [-1.021f,0.0819f,0.0546f,0.0197f,0.0348f,-0.232f,0.9985f,-0.5811f,0.0921f,0.9958f,0.2281f,-2.1703f,0f,0f,0f,1f],start_interpolation: 0,interpolation_duration: 1}
$data merge entity $(bone_segment12) {transformation: [-1.1152f,0.0076f,0.0255f,0.0288f,0.0263f,0.1351f,1.107f,-0.4179f,0.0044f,1.1073f,-0.1352f,-0.8326f,0f,0f,0f,1f],start_interpolation: 0,interpolation_duration: 1}
$data merge entity $(bone_segment11) {transformation: [-1.1898f,-0.0324f,0.0203f,-0.0034f,-0.0018f,0.6801f,0.977f,0.3682f,-0.0382f,0.9765f,-0.6798f,0.2961f,0f,0f,0f,1f],start_interpolation: 0,interpolation_duration: 1}
$data merge entity $(bone_segment10) {transformation: [-1.0477f,-0.0177f,0.0274f,-0.0218f,0f,0.8805f,0.5688f,1.2695f,-0.0326f,0.5685f,-0.88f,0.878f,0f,0f,0f,1f],start_interpolation: 0,interpolation_duration: 1}
data modify entity @s data merge value {"cameras":{},"locators":{"mouth":{"posx":-0.11444205763269143,"posy":3.133527583266819,"posz":3.855804769763969,"roty":181.78201304837674,"rotx":56.29735304017922}}}