# This file was generated by Animated Java via MC-Build. It is not recommended to edit this file directly.
$data merge entity $(bone_neck_spine5) {transformation: [-1.5713f,0.0114f,-0.0537f,0.0918f,0f,1.5379f,0.3269f,4.2877f,0.0549f,0.3267f,-1.537f,-0.5406f,0f,0f,0f,1f],start_interpolation: 0,interpolation_duration: 1}
$data merge entity $(bone_neck_spine2) {transformation: [-1.4965f,0.0131f,-0.0506f,0.0467f,0f,1.4497f,0.3749f,5.5004f,0.0523f,0.3747f,-1.4488f,1.3858f,0f,0f,0f,1f],start_interpolation: 0,interpolation_duration: 1}
$data merge entity $(bone_scale_neck_left1) {transformation: [-1.5845f,0.4478f,0.0447f,0.8233f,0.3953f,1.3066f,0.9217f,4.6358f,0.2151f,0.8973f,-1.3644f,1.1001f,0f,0f,0f,1f],start_interpolation: 0,interpolation_duration: 1}
$data merge entity $(bone_scale_neck_right1) {transformation: [-1.5956f,-0.3841f,-0.1397f,-0.748f,-0.3953f,1.3066f,0.9217f,4.6358f,-0.1041f,0.9264f,-1.3579f,1.1549f,0f,0f,0f,1f],start_interpolation: 0,interpolation_duration: 1}
$data merge entity $(bone_blush_right1) {transformation: [-0.9994f,0.0158f,-0.0311f,-0.5827f,0f,0.891f,0.454f,3.8772f,0.0349f,0.4537f,-0.8905f,2.3466f,0f,0f,0f,1f],start_interpolation: 0,interpolation_duration: 1}
$data merge entity $(bone_blush_left1) {transformation: [-0.9994f,0.0158f,-0.0311f,0.7416f,0f,0.891f,0.454f,3.8772f,0.0349f,0.4537f,-0.8905f,2.3004f,0f,0f,0f,1f],start_interpolation: 0,interpolation_duration: 1}
$data merge entity $(bone_left_head_scales) {transformation: [-0.8721f,0.0158f,-0.489f,0.7522f,-0.2096f,0.891f,0.4027f,4.7061f,0.4421f,0.4537f,-0.7737f,2.2812f,0f,0f,0f,1f],start_interpolation: 0,interpolation_duration: 1}
$data merge entity $(bone_left_head_scales2) {transformation: [-0.8008f,0.0158f,-0.5987f,0.7432f,-0.2604f,0.891f,0.3719f,3.8291f,0.5393f,0.4537f,-0.7094f,2.0236f,0f,0f,0f,1f],start_interpolation: 0,interpolation_duration: 1}
$data merge entity $(bone_left_head_scales1) {transformation: [-0.9994f,0.0158f,-0.0311f,0.7504f,0f,0.891f,0.454f,4.606f,0.0349f,0.4537f,-0.8905f,2.2302f,0f,0f,0f,1f],start_interpolation: 0,interpolation_duration: 1}
$data merge entity $(bone_right_head_scales) {transformation: [-0.9008f,0.0158f,0.4339f,-0.5946f,0.2096f,0.891f,0.4027f,4.7061f,-0.3802f,0.4537f,-0.806f,2.3282f,0f,0f,0f,1f],start_interpolation: 0,interpolation_duration: 1}
$data merge entity $(bone_right_head_scales2) {transformation: [-0.8365f,0.0158f,0.5478f,-0.6036f,0.2604f,0.891f,0.3719f,3.8291f,-0.4822f,0.4537f,-0.7494f,2.0706f,0f,0f,0f,1f],start_interpolation: 0,interpolation_duration: 1}
$data merge entity $(bone_right_head_scales1) {transformation: [-0.9994f,0.0158f,-0.0311f,-0.5964f,0f,0.891f,0.454f,4.606f,0.0349f,0.4537f,-0.8905f,2.2773f,0f,0f,0f,1f],start_interpolation: 0,interpolation_duration: 1}
$data merge entity $(bone_head_left_fin1) {transformation: [-0.7007f,0.0265f,-0.7791f,0.7411f,-0.0849f,1.0387f,0.1117f,4.269f,0.7749f,0.1378f,-0.6922f,1.9641f,0f,0f,0f,1f],start_interpolation: 0,interpolation_duration: 1}
$data merge entity $(bone_head_right_fin1) {transformation: [-0.753f,-0.0169f,0.7289f,-0.6057f,0.0849f,1.0387f,0.1117f,4.269f,-0.7242f,0.1393f,-0.7449f,2.0112f,0f,0f,0f,1f],start_interpolation: 0,interpolation_duration: 1}
$data merge entity $(bone_right_whisker16) {transformation: [0.2536f,0.9091f,-0.3306f,-1.1303f,0.9534f,-0.2927f,-0.0734f,1.532f,-0.1635f,-0.2966f,-0.9409f,2.0881f,0f,0f,0f,1f],start_interpolation: 0,interpolation_duration: 1}
$data merge entity $(bone_right_whisker15) {transformation: [-0.8682f,0.3701f,-0.3306f,-0.8378f,0.4146f,0.907f,-0.0734f,1.3924f,0.2727f,-0.2008f,-0.9409f,1.9962f,0f,0f,0f,1f],start_interpolation: 0,interpolation_duration: 1}
$data merge entity $(bone_right_whisker14) {transformation: [-0.7023f,-0.6304f,-0.3306f,-0.6012f,-0.6468f,0.7591f,-0.0734f,1.6103f,0.2973f,0.1623f,-0.9409f,1.8961f,0f,0f,0f,1f],start_interpolation: 0,interpolation_duration: 1}
$data merge entity $(bone_right_whisker13) {transformation: [-0.0982f,-0.9897f,-0.1041f,-0.5681f,-0.9886f,0.085f,0.1244f,1.9433f,-0.1143f,0.1151f,-0.9867f,1.9346f,0f,0f,0f,1f],start_interpolation: 0,interpolation_duration: 1}
$data merge entity $(bone_right_whisker12) {transformation: [0.0553f,-0.9952f,-0.0804f,-0.5929f,-0.9387f,-0.0793f,0.3355f,2.365f,-0.3402f,0.0569f,-0.9386f,2.0874f,0f,0f,0f,1f],start_interpolation: 0,interpolation_duration: 1}
$data merge entity $(bone_right_whisker11) {transformation: [0.2905f,-0.955f,-0.0601f,-0.7234f,-0.9554f,-0.293f,0.0377f,2.7942f,-0.0536f,0.0464f,-0.9975f,2.1115f,0f,0f,0f,1f],start_interpolation: 0,interpolation_duration: 1}
$data merge entity $(bone_right_whisker10) {transformation: [0.0778f,-0.9956f,0.0531f,-0.7584f,-0.9751f,-0.087f,-0.204f,3.2322f,0.2077f,-0.0359f,-0.9775f,2.0182f,0f,0f,0f,1f],start_interpolation: 0,interpolation_duration: 1}
$data merge entity $(bone_right_whisker1) {transformation: [-0.3424f,-0.9393f,0.0221f,-0.6045f,-0.9378f,0.3431f,0.0535f,3.6535f,-0.0578f,-0.0024f,-0.9983f,2.0442f,0f,0f,0f,1f],start_interpolation: 0,interpolation_duration: 1}
$data merge entity $(bone_left_whisker16) {transformation: [0.2644f,-0.9275f,0.2642f,1.2698f,-0.9534f,-0.2927f,-0.0734f,1.532f,0.1454f,-0.2324f,-0.9617f,2.0043f,0f,0f,0f,1f],start_interpolation: 0,interpolation_duration: 1}
$data merge entity $(bone_left_whisker15) {transformation: [-0.8851f,-0.3832f,0.2642f,0.9716f,-0.4146f,0.907f,-0.0734f,1.3924f,-0.2115f,-0.1745f,-0.9617f,1.933f,0f,0f,0f,1f],start_interpolation: 0,interpolation_duration: 1}
$data merge entity $(bone_left_whisker14) {transformation: [-0.7214f,0.6402f,0.2642f,0.7286f,0.6468f,0.7591f,-0.0734f,1.6103f,-0.2476f,0.1179f,-0.9617f,1.8496f,0f,0f,0f,1f],start_interpolation: 0,interpolation_duration: 1}
$data merge entity $(bone_left_whisker13) {transformation: [-0.0899f,0.9953f,0.035f,0.6983f,0.9886f,0.085f,0.1244f,1.9433f,0.1209f,0.0458f,-0.9916f,1.8904f,0f,0f,0f,1f],start_interpolation: 0,interpolation_duration: 1}
$data merge entity $(bone_left_whisker12) {transformation: [0.0789f,0.9968f,0.0147f,0.7337f,0.9387f,-0.0793f,0.3355f,2.365f,0.3356f,-0.0126f,-0.9419f,2.0411f,0f,0f,0f,1f],start_interpolation: 0,interpolation_duration: 1}
$data merge entity $(bone_left_whisker11) {transformation: [0.2935f,0.9559f,-0.0097f,0.8656f,0.9554f,-0.293f,0.0377f,2.7942f,0.0332f,-0.0203f,-0.9992f,2.056f,0f,0f,0f,1f],start_interpolation: 0,interpolation_duration: 1}
$data merge entity $(bone_left_whisker10) {transformation: [0.0631f,0.9906f,-0.1211f,0.8939f,0.9751f,-0.087f,-0.204f,3.2322f,-0.2127f,-0.1052f,-0.9714f,1.9605f,0f,0f,0f,1f],start_interpolation: 0,interpolation_duration: 1}
$data merge entity $(bone_left_whisker1) {transformation: [-0.3376f,0.9368f,-0.0917f,0.7423f,0.9378f,0.3431f,0.0535f,3.6535f,0.0816f,-0.068f,-0.9943f,1.9971f,0f,0f,0f,1f],start_interpolation: 0,interpolation_duration: 1}
$data merge entity $(bone_upper_left_tooth1) {transformation: [-0.9994f,0.0131f,-0.0324f,0.413f,0f,0.9272f,0.3746f,3.6198f,0.0349f,0.3744f,-0.9266f,3.0266f,0f,0f,0f,1f],start_interpolation: 0,interpolation_duration: 1}
$data merge entity $(bone_upper_right_tooth1) {transformation: [-0.9994f,0.0131f,-0.0324f,-0.2604f,0f,0.9272f,0.3746f,3.6198f,0.0349f,0.3744f,-0.9266f,3.0501f,0f,0f,0f,1f],start_interpolation: 0,interpolation_duration: 1}
$data merge entity $(bone_top_lip1) {transformation: [-0.9994f,-0.0024f,-0.0348f,0.106f,0f,0.9976f,-0.0698f,3.7344f,0.0349f,-0.0697f,-0.997f,3.0836f,0f,0f,0f,1f],start_interpolation: 0,interpolation_duration: 1}
$data merge entity $(bone_muzzle1) {transformation: [-0.9994f,0.0131f,-0.0324f,0.09f,0f,0.9272f,0.3746f,4.1009f,0.0349f,0.3744f,-0.9266f,2.6264f,0f,0f,0f,1f],start_interpolation: 0,interpolation_duration: 1}
$data merge entity $(bone_jaw_right_tooth1) {transformation: [-0.9994f,-0.0055f,-0.0345f,-0.2612f,0f,0.9877f,-0.1564f,3.4133f,0.0349f,-0.1563f,-0.9871f,3.0275f,0f,0f,0f,1f],start_interpolation: 0,interpolation_duration: 1}
$data merge entity $(bone_jaw_left_tooth1) {transformation: [-0.9994f,-0.0055f,-0.0345f,0.4684f,0f,0.9877f,-0.1564f,3.4133f,0.0349f,-0.1563f,-0.9871f,3.002f,0f,0f,0f,1f],start_interpolation: 0,interpolation_duration: 1}
$data merge entity $(bone_tongue1) {transformation: [-0.9994f,0.0111f,-0.0331f,0.0771f,0f,0.9483f,0.3173f,3.6627f,0.0349f,0.3171f,-0.9477f,2.2576f,0f,0f,0f,1f],start_interpolation: 0,interpolation_duration: 1}
$data merge entity $(bone_jaw_lips1) {transformation: [-0.9994f,0.0111f,-0.0331f,0.1616f,0f,0.9483f,0.3173f,3.2551f,0.0349f,0.3171f,-0.9477f,3.0661f,0f,0f,0f,1f],start_interpolation: 0,interpolation_duration: 1}
$data merge entity $(bone_jaw3) {transformation: [-0.9994f,0.0006f,-0.0349f,0.1302f,0f,0.9998f,0.0175f,3.1866f,0.0349f,0.0174f,-0.9992f,2.1669f,0f,0f,0f,1f],start_interpolation: 0,interpolation_duration: 1}
$data merge entity $(bone_jaw1) {transformation: [-0.9994f,0.0251f,-0.0242f,0.1084f,0f,0.6947f,0.7193f,3.8329f,0.0349f,0.7189f,-0.6942f,1.5432f,0f,0f,0f,1f],start_interpolation: 0,interpolation_duration: 1}
$data merge entity $(bone_tear_right1) {transformation: [-0.9994f,0.0158f,-0.0311f,-0.5173f,0f,0.891f,0.454f,4.1815f,0.0349f,0.4537f,-0.8905f,2.613f,0f,0f,0f,1f],start_interpolation: 0,interpolation_duration: 1}
$data merge entity $(bone_right_pupil1) {transformation: [-0.9994f,0.0158f,-0.0311f,-0.3282f,0f,0.891f,0.454f,4.251f,0.0349f,0.4537f,-0.8905f,2.7175f,0f,0f,0f,1f],start_interpolation: 0,interpolation_duration: 1}
$data merge entity $(bone_right_sad_pupil1) {transformation: [-0.9994f,0.0158f,-0.0311f,-0.3285f,0f,0.891f,0.454f,4.2561f,0.0349f,0.4537f,-0.8905f,2.7075f,0f,0f,0f,1f],start_interpolation: 0,interpolation_duration: 1}
$data merge entity $(bone_right_happy_pupil1) {transformation: [-0.9994f,0.0158f,-0.0311f,-0.357f,0f,0.891f,0.454f,4.2311f,0.0349f,0.4537f,-0.8905f,2.6957f,0f,0f,0f,1f],start_interpolation: 0,interpolation_duration: 1}
$data merge entity $(bone_eyelid_right1) {transformation: [-0.9994f,0.0158f,-0.0311f,0.0852f,0f,0.891f,0.454f,4.461f,0.0349f,0.4537f,-0.8905f,2.1669f,0f,0f,0f,1f],start_interpolation: 0,interpolation_duration: 1}
$data merge entity $(bone_eyelid_expressions_right5) {transformation: [-0.9994f,0.0158f,-0.0311f,-0.4558f,0f,0.891f,0.454f,4.3562f,0.0349f,0.4537f,-0.8905f,2.763f,0f,0f,0f,1f],start_interpolation: 0,interpolation_duration: 1}
$data merge entity $(bone_eyelid_expressions_right7) {transformation: [-0.9994f,0.0158f,-0.0311f,-0.1191f,0f,0.891f,0.454f,4.3562f,0.0349f,0.4537f,-0.8905f,2.7512f,0f,0f,0f,1f],start_interpolation: 0,interpolation_duration: 1}
$data merge entity $(bone_eyelid_expressions_right6) {transformation: [-0.9994f,0.0158f,-0.0311f,-0.2314f,0f,0.891f,0.454f,4.3562f,0.0349f,0.4537f,-0.8905f,2.7551f,0f,0f,0f,1f],start_interpolation: 0,interpolation_duration: 1}
$data merge entity $(bone_right_eye1) {transformation: [-0.9994f,0.0158f,-0.0311f,0.0743f,0f,0.891f,0.454f,4.4559f,0.0349f,0.4537f,-0.8905f,2.1773f,0f,0f,0f,1f],start_interpolation: 0,interpolation_duration: 1}
$data merge entity $(bone_tear_left1) {transformation: [-0.9994f,0.0158f,-0.0311f,0.6949f,0f,0.891f,0.454f,4.1815f,0.0349f,0.4537f,-0.8905f,2.5707f,0f,0f,0f,1f],start_interpolation: 0,interpolation_duration: 1}
$data merge entity $(bone_left_sad_pupil1) {transformation: [-0.9994f,0.0158f,-0.0311f,0.5132f,0f,0.891f,0.454f,4.2561f,0.0349f,0.4537f,-0.8905f,2.6781f,0f,0f,0f,1f],start_interpolation: 0,interpolation_duration: 1}
$data merge entity $(bone_left_pupil1) {transformation: [-0.9994f,0.0158f,-0.0311f,0.5136f,0f,0.891f,0.454f,4.251f,0.0349f,0.4537f,-0.8905f,2.6881f,0f,0f,0f,1f],start_interpolation: 0,interpolation_duration: 1}
$data merge entity $(bone_eyelid_left1) {transformation: [-0.9994f,0.0158f,-0.0311f,0.0628f,0f,0.891f,0.454f,4.461f,0.0349f,0.4537f,-0.8905f,2.1677f,0f,0f,0f,1f],start_interpolation: 0,interpolation_duration: 1}
$data merge entity $(bone_left_happy_pupil1) {transformation: [-0.9994f,0.0158f,-0.0311f,0.5408f,0f,0.891f,0.454f,4.2311f,0.0349f,0.4537f,-0.8905f,2.6644f,0f,0f,0f,1f],start_interpolation: 0,interpolation_duration: 1}
$data merge entity $(bone_eyelid_expressions_left5) {transformation: [-0.9994f,0.0158f,-0.0311f,0.6441f,0f,0.891f,0.454f,4.3562f,0.0349f,0.4537f,-0.8905f,2.7246f,0f,0f,0f,1f],start_interpolation: 0,interpolation_duration: 1}
$data merge entity $(bone_eyelid_expressions_left7) {transformation: [-0.9994f,0.0158f,-0.0311f,0.3074f,0f,0.891f,0.454f,4.3562f,0.0349f,0.4537f,-0.8905f,2.7363f,0f,0f,0f,1f],start_interpolation: 0,interpolation_duration: 1}
$data merge entity $(bone_eyelid_expressions_left6) {transformation: [-0.9994f,0.0158f,-0.0311f,0.4196f,0f,0.891f,0.454f,4.3562f,0.0349f,0.4537f,-0.8905f,2.7324f,0f,0f,0f,1f],start_interpolation: 0,interpolation_duration: 1}
$data merge entity $(bone_left_eye1) {transformation: [-0.9994f,0.0158f,-0.0311f,0.0743f,0f,0.891f,0.454f,4.4559f,0.0349f,0.4537f,-0.8905f,2.1773f,0f,0f,0f,1f],start_interpolation: 0,interpolation_duration: 1}
$data merge entity $(bone_crest_middle5) {transformation: [-0.9994f,0.0087f,-0.0338f,0.1111f,0f,0.9681f,0.2504f,5.4741f,0.0349f,0.2502f,-0.9676f,3.2306f,0f,0f,0f,1f],start_interpolation: 0,interpolation_duration: 1}
$data merge entity $(bone_crest_middle4) {transformation: [-0.9994f,0.0087f,-0.0338f,0.1052f,0f,0.9681f,0.2504f,4.8218f,0.0349f,0.2502f,-0.9676f,3.0619f,0f,0f,0f,1f],start_interpolation: 0,interpolation_duration: 1}
$data merge entity $(bone_crest_middle1) {transformation: [-0.9994f,0.0087f,-0.0338f,0.1037f,0f,0.9681f,0.2504f,4.3114f,0.0349f,0.2502f,-0.9676f,3.017f,0f,0f,0f,1f],start_interpolation: 0,interpolation_duration: 1}
$data merge entity $(bone_crest_left5) {transformation: [-0.5503f,-0.8313f,0.0781f,-0.9998f,-0.7515f,0.5339f,0.3876f,4.8579f,-0.3639f,0.1546f,-0.9185f,3.0661f,0f,0f,0f,1f],start_interpolation: 0,interpolation_duration: 1}
$data merge entity $(bone_crest_left4) {transformation: [-0.5503f,-0.8313f,0.0781f,-0.533f,-0.7515f,0.5339f,0.3876f,4.5581f,-0.3639f,0.1546f,-0.9185f,2.9793f,0f,0f,0f,1f],start_interpolation: 0,interpolation_duration: 1}
$data merge entity $(bone_crest_left1) {transformation: [-0.5503f,-0.8313f,0.0781f,-0.0152f,-0.7515f,0.5339f,0.3876f,4.2501f,-0.3639f,0.1546f,-0.9185f,2.8322f,0f,0f,0f,1f],start_interpolation: 0,interpolation_duration: 1}
$data merge entity $(bone_crest_center1) {transformation: [-0.9994f,0.0158f,-0.0311f,0.0966f,0f,0.891f,0.454f,4.225f,0.0349f,0.4537f,-0.8905f,2.8155f,0f,0f,0f,1f],start_interpolation: 0,interpolation_duration: 1}
$data merge entity $(bone_crest_right5) {transformation: [-0.5236f,0.84f,-0.142f,1.2079f,0.7515f,0.5339f,0.3876f,4.8579f,0.4014f,0.0963f,-0.9108f,2.989f,0f,0f,0f,1f],start_interpolation: 0,interpolation_duration: 1}
$data merge entity $(bone_crest_right4) {transformation: [-0.5236f,0.84f,-0.142f,0.7362f,0.7515f,0.5339f,0.3876f,4.5581f,0.4014f,0.0963f,-0.9108f,2.935f,0f,0f,0f,1f],start_interpolation: 0,interpolation_duration: 1}
$data merge entity $(bone_crest_right1) {transformation: [-0.5236f,0.84f,-0.142f,0.2093f,0.7515f,0.5339f,0.3876f,4.2501f,0.4014f,0.0963f,-0.9108f,2.8244f,0f,0f,0f,1f],start_interpolation: 0,interpolation_duration: 1}
$data merge entity $(bone_head1) {transformation: [-1.0475f,0.0166f,-0.0326f,0.0542f,0f,0.9339f,0.4759f,4.6863f,0.0366f,0.4756f,-0.9334f,1.6018f,0f,0f,0f,1f],start_interpolation: 0,interpolation_duration: 1}
$data merge entity $(bone_neck10) {transformation: [-1.4965f,0.0196f,-0.0485f,0.0139f,0f,1.3884f,0.5609f,4.6695f,0.0523f,0.5606f,-1.3875f,0.445f,0f,0f,0f,1f],start_interpolation: 0,interpolation_duration: 1}
$data merge entity $(bone_neck9) {transformation: [-1.1448f,0.0181f,-0.0356f,-0.0075f,0f,1.0207f,0.52f,3.3431f,0.04f,0.5197f,-1.02f,-0.1674f,0f,0f,0f,1f],start_interpolation: 0,interpolation_duration: 1}
$data merge entity $(bone_neck8) {transformation: [-1.0625f,-0.0099f,-0.0358f,0.001f,0f,1.0245f,-0.2841f,2.5877f,0.0371f,-0.2839f,-1.0239f,0.0767f,0f,0f,0f,1f],start_interpolation: 0,interpolation_duration: 1}
$data merge entity $(bone_neck7) {transformation: [-1.055f,-0.0195f,-0.0312f,0.0193f,0f,0.8953f,-0.5594f,1.7894f,0.0368f,-0.5591f,-0.8947f,0.6015f,0f,0f,0f,1f],start_interpolation: 0,interpolation_duration: 1}
$data merge entity $(bone_neck6) {transformation: [-1.049f,-0.0125f,-0.0344f,0.0301f,0f,0.9864f,-0.359f,0.9148f,0.0366f,-0.3588f,-0.9858f,0.9101f,0f,0f,0f,1f],start_interpolation: 0,interpolation_duration: 1}
$data merge entity $(bone_neck_spine6) {transformation: [-1.2705f,-0.0724f,-0.022f,-0.1109f,-0.012f,-0.173f,1.2609f,0.0549f,-0.0747f,1.2589f,0.172f,-1.5586f,0f,0f,0f,1f],start_interpolation: 0,interpolation_duration: 1}
$data merge entity $(bone_neck_spine7) {transformation: [-0.9626f,-0.2585f,0.0815f,0.4224f,0.0494f,0.1283f,0.9905f,0.6208f,-0.2665f,0.9574f,-0.1108f,-5.1017f,0f,0f,0f,1f],start_interpolation: 0,interpolation_duration: 1}
$data merge entity $(bone_tail6) {transformation: [-1.588f,-0.4469f,0.4937f,1.6451f,-0.0156f,1.3013f,1.1277f,-0.8818f,-0.6658f,1.0355f,-1.2041f,-8.2165f,0f,0f,0f,1f],start_interpolation: 0,interpolation_duration: 1}
$data merge entity $(bone_tail5) {transformation: [-1.3118f,-0.3692f,0.4078f,1.4119f,-0.0129f,1.075f,0.9316f,-0.2028f,-0.55f,0.8554f,-0.9947f,-7.6763f,0f,0f,0f,1f],start_interpolation: 0,interpolation_duration: 1}
$data merge entity $(bone_tail4) {transformation: [-0.9666f,-0.272f,0.3005f,1.2953f,-0.0095f,0.7921f,0.6864f,0.1366f,-0.4053f,0.6303f,-0.7329f,-7.4062f,0f,0f,0f,1f],start_interpolation: 0,interpolation_duration: 1}
$data merge entity $(bone_segment18) {transformation: [-0.9222f,-0.3243f,0.2107f,1.1133f,-0.0091f,0.5629f,0.8265f,0.4527f,-0.3866f,0.7603f,-0.5221f,-6.9793f,0f,0f,0f,1f],start_interpolation: 0,interpolation_duration: 1}
$data merge entity $(bone_segment17) {transformation: [-0.9232f,-0.3837f,0.0217f,0.8332f,0.0662f,-0.1031f,0.9925f,0.3774f,-0.3786f,0.9177f,0.1206f,-6.3094f,0f,0f,0f,1f],start_interpolation: 0,interpolation_duration: 1}
$data merge entity $(bone_segment16) {transformation: [-0.9344f,-0.3562f,-0.0043f,0.4932f,0.061f,-0.172f,0.9832f,0.2132f,-0.3509f,0.9185f,0.1825f,-5.4327f,0f,0f,0f,1f],start_interpolation: 0,interpolation_duration: 1}
$data merge entity $(bone_segment15) {transformation: [-0.9626f,-0.2708f,0.0118f,0.1738f,0.0494f,-0.1324f,0.99f,0.0571f,-0.2665f,0.9535f,0.1408f,-4.3083f,0f,0f,0f,1f],start_interpolation: 0,interpolation_duration: 1}
$data merge entity $(bone_segment14) {transformation: [-1.0348f,-0.1662f,-0.0162f,-0.0131f,0.0237f,-0.2465f,1.0185f,-0.2202f,-0.1653f,1.0051f,0.2471f,-3.1775f,0f,0f,0f,1f],start_interpolation: 0,interpolation_duration: 1}
$data merge entity $(bone_segment13) {transformation: [-1.0239f,-0.0543f,-0.0276f,-0.0778f,-0.0097f,-0.3138f,0.9765f,-0.6248f,-0.0602f,0.975f,0.3127f,-2.0118f,0f,0f,0f,1f],start_interpolation: 0,interpolation_duration: 1}
$data merge entity $(bone_segment12) {transformation: [-1.1153f,0.0252f,-0.0036f,-0.0473f,-0.0009f,0.118f,1.1093f,-0.4822f,0.0255f,1.109f,-0.118f,-0.672f,0f,0f,0f,1f],start_interpolation: 0,interpolation_duration: 1}
$data merge entity $(bone_segment11) {transformation: [-1.1892f,0.0522f,-0.0172f,0.0099f,0.018f,0.722f,0.9463f,0.3522f,0.0519f,0.945f,-0.722f,0.4203f,0f,0f,0f,1f],start_interpolation: 0,interpolation_duration: 1}
$data merge entity $(bone_segment10) {transformation: [-1.0475f,0.0183f,-0.0317f,0.0317f,0f,0.9071f,0.5252f,1.2808f,0.0366f,0.5248f,-0.9066f,0.9574f,0f,0f,0f,1f],start_interpolation: 0,interpolation_duration: 1}
data modify entity @s data merge value {"cameras":{},"locators":{"mouth":{"px":0.12948940963751704,"py":3.4665893954596587,"pz":3.756511392886728,"ry":178,"rx":63.000000000000036}}}
function animated_java:gyarados/animations/surfacewater_idle/zzz/frames/on_tick/transform_floating_entities