# This file was generated by Animated Java via MC-Build. It is not recommended to edit this file directly.
$data merge entity $(bone_neck_spine5) {transformation: [-1.5713f,0.0115f,-0.0535f,0.0925f,0f,1.5368f,0.3319f,4.2838f,0.0547f,0.3317f,-1.5359f,-0.5414f,0f,0f,0f,1f],start_interpolation: 0,interpolation_duration: 1}
$data merge entity $(bone_neck_spine2) {transformation: [-1.4965f,0.0135f,-0.0503f,0.0475f,0f,1.4462f,0.388f,5.4848f,0.0521f,0.3878f,-1.4454f,1.3937f,0f,0f,0f,1f],start_interpolation: 0,interpolation_duration: 1}
$data merge entity $(bone_scale_neck_left1) {transformation: [-1.5844f,0.4481f,0.0451f,0.8239f,0.3938f,1.2983f,0.934f,4.6226f,0.2185f,0.9092f,-1.356f,1.1002f,0f,0f,0f,1f],start_interpolation: 0,interpolation_duration: 1}
$data merge entity $(bone_scale_neck_right1) {transformation: [-1.5957f,-0.3838f,-0.1393f,-0.7474f,-0.3938f,1.2983f,0.934f,4.6226f,-0.1078f,0.9381f,-1.3496f,1.1549f,0f,0f,0f,1f],start_interpolation: 0,interpolation_duration: 1}
$data merge entity $(bone_blush_right1) {transformation: [-0.9994f,0.0159f,-0.0309f,-0.5824f,0f,0.8895f,0.4569f,3.8573f,0.0348f,0.4566f,-0.889f,2.3444f,0f,0f,0f,1f],start_interpolation: 0,interpolation_duration: 1}
$data merge entity $(bone_blush_left1) {transformation: [-0.9994f,0.0159f,-0.0309f,0.742f,0f,0.8895f,0.4569f,3.8573f,0.0348f,0.4566f,-0.889f,2.2983f,0f,0f,0f,1f],start_interpolation: 0,interpolation_duration: 1}
$data merge entity $(bone_left_head_scales) {transformation: [-0.8722f,0.0159f,-0.4889f,0.7527f,-0.211f,0.8895f,0.4053f,4.6862f,0.4413f,0.4566f,-0.7725f,2.2818f,0f,0f,0f,1f],start_interpolation: 0,interpolation_duration: 1}
$data merge entity $(bone_left_head_scales2) {transformation: [-0.8009f,0.0159f,-0.5986f,0.7436f,-0.2621f,0.8895f,0.3743f,3.8101f,0.5384f,0.4566f,-0.7083f,2.0213f,0f,0f,0f,1f],start_interpolation: 0,interpolation_duration: 1}
$data merge entity $(bone_left_head_scales1) {transformation: [-0.9994f,0.0159f,-0.0309f,0.7509f,0f,0.8895f,0.4569f,4.5863f,0.0348f,0.4566f,-0.889f,2.2305f,0f,0f,0f,1f],start_interpolation: 0,interpolation_duration: 1}
$data merge entity $(bone_right_head_scales) {transformation: [-0.9008f,0.0159f,0.434f,-0.5942f,0.211f,0.8895f,0.4053f,4.6862f,-0.3796f,0.4566f,-0.8046f,2.3287f,0f,0f,0f,1f],start_interpolation: 0,interpolation_duration: 1}
$data merge entity $(bone_right_head_scales2) {transformation: [-0.8364f,0.0159f,0.5479f,-0.6032f,0.2621f,0.8895f,0.3743f,3.8101f,-0.4814f,0.4566f,-0.7482f,2.0682f,0f,0f,0f,1f],start_interpolation: 0,interpolation_duration: 1}
$data merge entity $(bone_right_head_scales1) {transformation: [-0.9994f,0.0159f,-0.0309f,-0.5959f,0f,0.8895f,0.4569f,4.5863f,0.0348f,0.4566f,-0.889f,2.2774f,0f,0f,0f,1f],start_interpolation: 0,interpolation_duration: 1}
$data merge entity $(bone_head_left_fin1) {transformation: [-0.7008f,0.0266f,-0.779f,0.7416f,-0.0873f,1.0383f,0.1141f,4.2502f,0.7746f,0.1412f,-0.6919f,1.9633f,0f,0f,0f,1f],start_interpolation: 0,interpolation_duration: 1}
$data merge entity $(bone_head_right_fin1) {transformation: [-0.7529f,-0.0168f,0.729f,-0.6052f,0.0873f,1.0383f,0.1141f,4.2502f,-0.724f,0.1427f,-0.7444f,2.0102f,0f,0f,0f,1f],start_interpolation: 0,interpolation_duration: 1}
$data merge entity $(bone_right_whisker16) {transformation: [0.2537f,0.9091f,-0.3305f,-1.1302f,0.9539f,-0.2918f,-0.0703f,1.5131f,-0.1604f,-0.2974f,-0.9412f,2.0782f,0f,0f,0f,1f],start_interpolation: 0,interpolation_duration: 1}
$data merge entity $(bone_right_whisker15) {transformation: [-0.8682f,0.3702f,-0.3305f,-0.8377f,0.4138f,0.9076f,-0.0703f,1.3736f,0.2739f,-0.1978f,-0.9412f,1.9859f,0f,0f,0f,1f],start_interpolation: 0,interpolation_duration: 1}
$data merge entity $(bone_right_whisker14) {transformation: [-0.7024f,-0.6304f,-0.3305f,-0.601f,-0.6477f,0.7586f,-0.0703f,1.5919f,0.2951f,0.1647f,-0.9412f,1.8865f,0f,0f,0f,1f],start_interpolation: 0,interpolation_duration: 1}
$data merge entity $(bone_right_whisker13) {transformation: [-0.0983f,-0.9897f,-0.104f,-0.5679f,-0.9882f,0.0847f,0.1277f,1.9248f,-0.1176f,0.1153f,-0.9863f,1.9261f,0f,0f,0f,1f],start_interpolation: 0,interpolation_duration: 1}
$data merge entity $(bone_right_whisker12) {transformation: [0.0552f,-0.9952f,-0.0803f,-0.5927f,-0.9376f,-0.0793f,0.3385f,2.346f,-0.3433f,0.0566f,-0.9375f,2.0803f,0f,0f,0f,1f],start_interpolation: 0,interpolation_duration: 1}
$data merge entity $(bone_right_whisker11) {transformation: [0.2904f,-0.955f,-0.0599f,-0.7232f,-0.9552f,-0.293f,0.0409f,2.7751f,-0.0567f,0.0454f,-0.9974f,2.1057f,0f,0f,0f,1f],start_interpolation: 0,interpolation_duration: 1}
$data merge entity $(bone_right_whisker10) {transformation: [0.0776f,-0.9956f,0.0532f,-0.758f,-0.9758f,-0.0868f,-0.2008f,3.2134f,0.2046f,-0.0363f,-0.9782f,2.0138f,0f,0f,0f,1f],start_interpolation: 0,interpolation_duration: 1}
$data merge entity $(bone_right_whisker1) {transformation: [-0.3425f,-0.9392f,0.0223f,-0.6042f,-0.9375f,0.3433f,0.0567f,3.6346f,-0.0609f,-0.0014f,-0.9981f,2.0412f,0f,0f,0f,1f],start_interpolation: 0,interpolation_duration: 1}
$data merge entity $(bone_left_whisker16) {transformation: [0.2643f,-0.9275f,0.2643f,1.27f,-0.9539f,-0.2918f,-0.0703f,1.5131f,0.1424f,-0.2335f,-0.9619f,1.9946f,0f,0f,0f,1f],start_interpolation: 0,interpolation_duration: 1}
$data merge entity $(bone_left_whisker15) {transformation: [-0.8851f,-0.3831f,0.2643f,0.9718f,-0.4138f,0.9076f,-0.0703f,1.3737f,-0.2129f,-0.1716f,-0.9619f,1.9229f,0f,0f,0f,1f],start_interpolation: 0,interpolation_duration: 1}
$data merge entity $(bone_left_whisker14) {transformation: [-0.7213f,0.6403f,0.2643f,0.7288f,0.6477f,0.7586f,-0.0703f,1.5919f,-0.2455f,0.1204f,-0.9619f,1.8402f,0f,0f,0f,1f],start_interpolation: 0,interpolation_duration: 1}
$data merge entity $(bone_left_whisker13) {transformation: [-0.0898f,0.9953f,0.0352f,0.6985f,0.9882f,0.0847f,0.1277f,1.9248f,0.1241f,0.0462f,-0.9912f,1.882f,0f,0f,0f,1f],start_interpolation: 0,interpolation_duration: 1}
$data merge entity $(bone_left_whisker12) {transformation: [0.079f,0.9968f,0.0149f,0.734f,0.9376f,-0.0793f,0.3385f,2.346f,0.3386f,-0.0128f,-0.9408f,2.0341f,0f,0f,0f,1f],start_interpolation: 0,interpolation_duration: 1}
$data merge entity $(bone_left_whisker11) {transformation: [0.2936f,0.9559f,-0.0096f,0.8659f,0.9552f,-0.293f,0.0409f,2.7751f,0.0363f,-0.0211f,-0.9991f,2.0504f,0f,0f,0f,1f],start_interpolation: 0,interpolation_duration: 1}
$data merge entity $(bone_left_whisker10) {transformation: [0.0632f,0.9906f,-0.1211f,0.8943f,0.9758f,-0.0868f,-0.2008f,3.2134f,-0.2095f,-0.1054f,-0.9721f,1.9563f,0f,0f,0f,1f],start_interpolation: 0,interpolation_duration: 1}
$data merge entity $(bone_left_whisker1) {transformation: [-0.3375f,0.9369f,-0.0916f,0.7427f,0.9375f,0.3433f,0.0567f,3.6346f,0.0846f,-0.0667f,-0.9942f,1.9943f,0f,0f,0f,1f],start_interpolation: 0,interpolation_duration: 1}
$data merge entity $(bone_upper_left_tooth1) {transformation: [-0.9994f,0.0131f,-0.0322f,0.4133f,0f,0.926f,0.3776f,3.5976f,0.0348f,0.3774f,-0.9254f,3.0236f,0f,0f,0f,1f],start_interpolation: 0,interpolation_duration: 1}
$data merge entity $(bone_upper_right_tooth1) {transformation: [-0.9994f,0.0131f,-0.0322f,-0.2601f,0f,0.926f,0.3776f,3.5976f,0.0348f,0.3774f,-0.9254f,3.0471f,0f,0f,0f,1f],start_interpolation: 0,interpolation_duration: 1}
$data merge entity $(bone_top_lip1) {transformation: [-0.9994f,-0.0022f,-0.0347f,0.1063f,0f,0.998f,-0.063f,3.712f,0.0348f,-0.063f,-0.9974f,3.081f,0f,0f,0f,1f],start_interpolation: 0,interpolation_duration: 1}
$data merge entity $(bone_muzzle1) {transformation: [-0.9994f,0.0131f,-0.0322f,0.0904f,0f,0.926f,0.3776f,4.08f,0.0348f,0.3774f,-0.9254f,2.625f,0f,0f,0f,1f],start_interpolation: 0,interpolation_duration: 1}
$data merge entity $(bone_jaw_right_tooth1) {transformation: [-0.9994f,-0.0055f,-0.0344f,-0.2609f,0f,0.9876f,-0.1568f,3.3965f,0.0348f,-0.1567f,-0.987f,3.0253f,0f,0f,0f,1f],start_interpolation: 0,interpolation_duration: 1}
$data merge entity $(bone_jaw_left_tooth1) {transformation: [-0.9994f,-0.0055f,-0.0344f,0.4687f,0f,0.9876f,-0.1568f,3.3965f,0.0348f,-0.1567f,-0.987f,2.9999f,0f,0f,0f,1f],start_interpolation: 0,interpolation_duration: 1}
$data merge entity $(bone_tongue1) {transformation: [-0.9994f,0.0108f,-0.0331f,0.0774f,0f,0.9503f,0.3112f,3.6407f,0.0348f,0.311f,-0.9498f,2.2529f,0f,0f,0f,1f],start_interpolation: 0,interpolation_duration: 1}
$data merge entity $(bone_jaw_lips1) {transformation: [-0.9994f,0.0108f,-0.0331f,0.1619f,0f,0.9503f,0.3112f,3.2384f,0.0348f,0.311f,-0.9498f,3.0641f,0f,0f,0f,1f],start_interpolation: 0,interpolation_duration: 1}
$data merge entity $(bone_jaw3) {transformation: [-0.9994f,0.0006f,-0.0348f,0.1306f,0f,0.9999f,0.0171f,3.1695f,0.0348f,0.0171f,-0.9992f,2.1649f,0f,0f,0f,1f],start_interpolation: 0,interpolation_duration: 1}
$data merge entity $(bone_jaw1) {transformation: [-0.9994f,0.025f,-0.0242f,0.1088f,0f,0.6949f,0.7191f,3.8155f,0.0348f,0.7186f,-0.6945f,1.5409f,0f,0f,0f,1f],start_interpolation: 0,interpolation_duration: 1}
$data merge entity $(bone_tear_right1) {transformation: [-0.9994f,0.0159f,-0.0309f,-0.5169f,0f,0.8895f,0.4569f,4.1608f,0.0348f,0.4566f,-0.889f,2.6118f,0f,0f,0f,1f],start_interpolation: 0,interpolation_duration: 1}
$data merge entity $(bone_right_pupil1) {transformation: [-0.9994f,0.0159f,-0.0309f,-0.3278f,0f,0.8895f,0.4569f,4.2299f,0.0348f,0.4566f,-0.889f,2.7165f,0f,0f,0f,1f],start_interpolation: 0,interpolation_duration: 1}
$data merge entity $(bone_right_sad_pupil1) {transformation: [-0.9994f,0.0159f,-0.0309f,-0.3282f,0f,0.8895f,0.4569f,4.235f,0.0348f,0.4566f,-0.889f,2.7065f,0f,0f,0f,1f],start_interpolation: 0,interpolation_duration: 1}
$data merge entity $(bone_right_happy_pupil1) {transformation: [-0.9994f,0.0159f,-0.0309f,-0.3567f,0f,0.8895f,0.4569f,4.21f,0.0348f,0.4566f,-0.889f,2.6947f,0f,0f,0f,1f],start_interpolation: 0,interpolation_duration: 1}
$data merge entity $(bone_eyelid_right1) {transformation: [-0.9994f,0.0159f,-0.0309f,0.0857f,0f,0.8895f,0.4569f,4.4416f,0.0348f,0.4566f,-0.889f,2.1667f,0f,0f,0f,1f],start_interpolation: 0,interpolation_duration: 1}
$data merge entity $(bone_eyelid_expressions_right5) {transformation: [-0.9994f,0.0159f,-0.0309f,-0.4555f,0f,0.8895f,0.4569f,4.3349f,0.0348f,0.4566f,-0.889f,2.7623f,0f,0f,0f,1f],start_interpolation: 0,interpolation_duration: 1}
$data merge entity $(bone_eyelid_expressions_right7) {transformation: [-0.9994f,0.0159f,-0.0309f,-0.1187f,0f,0.8895f,0.4569f,4.3349f,0.0348f,0.4566f,-0.889f,2.7506f,0f,0f,0f,1f],start_interpolation: 0,interpolation_duration: 1}
$data merge entity $(bone_eyelid_expressions_right6) {transformation: [-0.9994f,0.0159f,-0.0309f,-0.231f,0f,0.8895f,0.4569f,4.3349f,0.0348f,0.4566f,-0.889f,2.7545f,0f,0f,0f,1f],start_interpolation: 0,interpolation_duration: 1}
$data merge entity $(bone_right_eye1) {transformation: [-0.9994f,0.0159f,-0.0309f,0.0748f,0f,0.8895f,0.4569f,4.4365f,0.0348f,0.4566f,-0.889f,2.1771f,0f,0f,0f,1f],start_interpolation: 0,interpolation_duration: 1}
$data merge entity $(bone_tear_left1) {transformation: [-0.9994f,0.0159f,-0.0309f,0.6953f,0f,0.8895f,0.4569f,4.1608f,0.0348f,0.4566f,-0.889f,2.5696f,0f,0f,0f,1f],start_interpolation: 0,interpolation_duration: 1}
$data merge entity $(bone_left_sad_pupil1) {transformation: [-0.9994f,0.0159f,-0.0309f,0.5136f,0f,0.8895f,0.4569f,4.235f,0.0348f,0.4566f,-0.889f,2.6772f,0f,0f,0f,1f],start_interpolation: 0,interpolation_duration: 1}
$data merge entity $(bone_left_pupil1) {transformation: [-0.9994f,0.0159f,-0.0309f,0.514f,0f,0.8895f,0.4569f,4.2299f,0.0348f,0.4566f,-0.889f,2.6872f,0f,0f,0f,1f],start_interpolation: 0,interpolation_duration: 1}
$data merge entity $(bone_eyelid_left1) {transformation: [-0.9994f,0.0159f,-0.0309f,0.0632f,0f,0.8895f,0.4569f,4.4416f,0.0348f,0.4566f,-0.889f,2.1675f,0f,0f,0f,1f],start_interpolation: 0,interpolation_duration: 1}
$data merge entity $(bone_left_happy_pupil1) {transformation: [-0.9994f,0.0159f,-0.0309f,0.5412f,0f,0.8895f,0.4569f,4.21f,0.0348f,0.4566f,-0.889f,2.6634f,0f,0f,0f,1f],start_interpolation: 0,interpolation_duration: 1}
$data merge entity $(bone_eyelid_expressions_left5) {transformation: [-0.9994f,0.0159f,-0.0309f,0.6445f,0f,0.8895f,0.4569f,4.3349f,0.0348f,0.4566f,-0.889f,2.724f,0f,0f,0f,1f],start_interpolation: 0,interpolation_duration: 1}
$data merge entity $(bone_eyelid_expressions_left7) {transformation: [-0.9994f,0.0159f,-0.0309f,0.3078f,0f,0.8895f,0.4569f,4.3349f,0.0348f,0.4566f,-0.889f,2.7357f,0f,0f,0f,1f],start_interpolation: 0,interpolation_duration: 1}
$data merge entity $(bone_eyelid_expressions_left6) {transformation: [-0.9994f,0.0159f,-0.0309f,0.42f,0f,0.8895f,0.4569f,4.3349f,0.0348f,0.4566f,-0.889f,2.7318f,0f,0f,0f,1f],start_interpolation: 0,interpolation_duration: 1}
$data merge entity $(bone_left_eye1) {transformation: [-0.9994f,0.0159f,-0.0309f,0.0748f,0f,0.8895f,0.4569f,4.4365f,0.0348f,0.4566f,-0.889f,2.1771f,0f,0f,0f,1f],start_interpolation: 0,interpolation_duration: 1}
$data merge entity $(bone_crest_middle5) {transformation: [-0.9994f,0.0088f,-0.0337f,0.1116f,0f,0.9673f,0.2535f,5.4513f,0.0348f,0.2534f,-0.9667f,3.2336f,0f,0f,0f,1f],start_interpolation: 0,interpolation_duration: 1}
$data merge entity $(bone_crest_middle4) {transformation: [-0.9994f,0.0088f,-0.0337f,0.1056f,0f,0.9673f,0.2535f,4.7995f,0.0348f,0.2534f,-0.9667f,3.0629f,0f,0f,0f,1f],start_interpolation: 0,interpolation_duration: 1}
$data merge entity $(bone_crest_middle1) {transformation: [-0.9994f,0.0088f,-0.0337f,0.104f,0f,0.9673f,0.2535f,4.2892f,0.0348f,0.2534f,-0.9667f,3.0162f,0f,0f,0f,1f],start_interpolation: 0,interpolation_duration: 1}
$data merge entity $(bone_crest_left5) {transformation: [-0.5504f,-0.8312f,0.0782f,-0.9994f,-0.7502f,0.5335f,0.3906f,4.8357f,-0.3664f,0.1563f,-0.9172f,3.0671f,0f,0f,0f,1f],start_interpolation: 0,interpolation_duration: 1}
$data merge entity $(bone_crest_left4) {transformation: [-0.5504f,-0.8312f,0.0782f,-0.5326f,-0.7502f,0.5335f,0.3906f,4.5361f,-0.3664f,0.1563f,-0.9172f,2.9793f,0f,0f,0f,1f],start_interpolation: 0,interpolation_duration: 1}
$data merge entity $(bone_crest_left1) {transformation: [-0.5504f,-0.8312f,0.0782f,-0.0148f,-0.7502f,0.5335f,0.3906f,4.2285f,-0.3664f,0.1563f,-0.9172f,2.8313f,0f,0f,0f,1f],start_interpolation: 0,interpolation_duration: 1}
$data merge entity $(bone_crest_center1) {transformation: [-0.9994f,0.0159f,-0.0309f,0.097f,0f,0.8895f,0.4569f,4.2035f,0.0348f,0.4566f,-0.889f,2.8145f,0f,0f,0f,1f],start_interpolation: 0,interpolation_duration: 1}
$data merge entity $(bone_crest_right5) {transformation: [-0.5236f,0.8401f,-0.1418f,1.2083f,0.7502f,0.5335f,0.3906f,4.8357f,0.4038f,0.0981f,-0.9096f,2.9902f,0f,0f,0f,1f],start_interpolation: 0,interpolation_duration: 1}
$data merge entity $(bone_crest_right4) {transformation: [-0.5236f,0.8401f,-0.1418f,0.7365f,0.7502f,0.5335f,0.3906f,4.5361f,0.4038f,0.0981f,-0.9096f,2.9351f,0f,0f,0f,1f],start_interpolation: 0,interpolation_duration: 1}
$data merge entity $(bone_crest_right1) {transformation: [-0.5236f,0.8401f,-0.1418f,0.2097f,0.7502f,0.5335f,0.3906f,4.2285f,0.4038f,0.0981f,-0.9096f,2.8234f,0f,0f,0f,1f],start_interpolation: 0,interpolation_duration: 1}
$data merge entity $(bone_head1) {transformation: [-1.0475f,0.0167f,-0.0324f,0.0548f,0f,0.9324f,0.4789f,4.6688f,0.0365f,0.4786f,-0.9318f,1.6023f,0f,0f,0f,1f],start_interpolation: 0,interpolation_duration: 1}
$data merge entity $(bone_neck10) {transformation: [-1.4965f,0.02f,-0.0481f,0.0145f,0f,1.3832f,0.5735f,4.6624f,0.0521f,0.5731f,-1.3824f,0.4454f,0f,0f,0f,1f],start_interpolation: 0,interpolation_duration: 1}
$data merge entity $(bone_neck9) {transformation: [-1.1448f,0.0182f,-0.0355f,-0.007f,0f,1.019f,0.5234f,3.3381f,0.0399f,0.5231f,-1.0183f,-0.1713f,0f,0f,0f,1f],start_interpolation: 0,interpolation_duration: 1}
$data merge entity $(bone_neck8) {transformation: [-1.0625f,-0.0098f,-0.0357f,0.0015f,0f,1.0254f,-0.2808f,2.5818f,0.037f,-0.2806f,-1.0248f,0.0703f,0f,0f,0f,1f],start_interpolation: 0,interpolation_duration: 1}
$data merge entity $(bone_neck7) {transformation: [-1.055f,-0.0193f,-0.0313f,0.0196f,0f,0.8984f,-0.5544f,1.7807f,0.0367f,-0.5541f,-0.8978f,0.5906f,0f,0f,0f,1f],start_interpolation: 0,interpolation_duration: 1}
$data merge entity $(bone_neck6) {transformation: [-1.049f,-0.0123f,-0.0344f,0.0301f,0f,0.9883f,-0.3536f,0.9044f,0.0365f,-0.3534f,-0.9877f,0.8945f,0f,0f,0f,1f],start_interpolation: 0,interpolation_duration: 1}
$data merge entity $(bone_neck_spine6) {transformation: [-1.271f,-0.0649f,-0.0151f,-0.1145f,-0.0061f,-0.1744f,1.2608f,0.0541f,-0.0664f,1.2591f,0.1738f,-1.5794f,0f,0f,0f,1f],start_interpolation: 0,interpolation_duration: 1}
$data merge entity $(bone_neck_spine7) {transformation: [-0.9634f,-0.2543f,0.0853f,0.3998f,0.0548f,0.1247f,0.9907f,0.6261f,-0.2626f,0.959f,-0.1062f,-5.1224f,0f,0f,0f,1f],start_interpolation: 0,interpolation_duration: 1}
$data merge entity $(bone_tail6) {transformation: [-1.5718f,-0.5126f,0.4816f,1.7077f,-0.0563f,1.267f,1.1649f,-0.8126f,-0.7011f,1.0475f,-1.1732f,-8.24f,0f,0f,0f,1f],start_interpolation: 0,interpolation_duration: 1}
$data merge entity $(bone_tail5) {transformation: [-1.2984f,-0.4235f,0.3979f,1.4402f,-0.0465f,1.0466f,0.9623f,-0.1515f,-0.5792f,0.8653f,-0.9692f,-7.6935f,0f,0f,0f,1f],start_interpolation: 0,interpolation_duration: 1}
$data merge entity $(bone_tail4) {transformation: [-0.9567f,-0.312f,0.2932f,1.3065f,-0.0343f,0.7712f,0.709f,0.179f,-0.4268f,0.6376f,-0.7141f,-7.4202f,0f,0f,0f,1f],start_interpolation: 0,interpolation_duration: 1}
$data merge entity $(bone_segment18) {transformation: [-0.9128f,-0.3595f,0.1939f,1.1046f,-0.0327f,0.5374f,0.8427f,0.4808f,-0.4072f,0.7628f,-0.5023f,-6.9919f,0f,0f,0f,1f],start_interpolation: 0,interpolation_duration: 1}
$data merge entity $(bone_segment17) {transformation: [-0.9159f,-0.4008f,0.0211f,0.8121f,0.0757f,-0.1208f,0.9898f,0.3926f,-0.3941f,0.9082f,0.141f,-6.3289f,0f,0f,0f,1f],start_interpolation: 0,interpolation_duration: 1}
$data merge entity $(bone_segment16) {transformation: [-0.9326f,-0.3609f,-0.0021f,0.4675f,0.0678f,-0.1809f,0.9812f,0.2199f,-0.3545f,0.9149f,0.1932f,-5.4556f,0f,0f,0f,1f],start_interpolation: 0,interpolation_duration: 1}
$data merge entity $(bone_segment15) {transformation: [-0.9634f,-0.2677f,0.0166f,0.1518f,0.0548f,-0.1359f,0.9892f,0.0596f,-0.2626f,0.9539f,0.1456f,-4.3308f,0f,0f,0f,1f],start_interpolation: 0,interpolation_duration: 1}
$data merge entity $(bone_segment14) {transformation: [-1.0358f,-0.1604f,-0.01f,-0.0286f,0.0285f,-0.2479f,1.018f,-0.2193f,-0.1582f,1.0057f,0.2494f,-3.1993f,0f,0f,0f,1f],start_interpolation: 0,interpolation_duration: 1}
$data merge entity $(bone_segment13) {transformation: [-1.0243f,-0.0494f,-0.0211f,-0.0876f,-0.0049f,-0.3148f,0.9762f,-0.6252f,-0.0535f,0.975f,0.3141f,-2.0337f,0f,0f,0f,1f],start_interpolation: 0,interpolation_duration: 1}
$data merge entity $(bone_segment12) {transformation: [-1.1152f,0.0301f,0.0007f,-0.0511f,0.0039f,0.1156f,1.1095f,-0.4855f,0.0299f,1.1091f,-0.1157f,-0.6938f,0f,0f,0f,1f],start_interpolation: 0,interpolation_duration: 1}
$data merge entity $(bone_segment11) {transformation: [-1.1891f,0.0548f,-0.016f,0.0095f,0.0203f,0.718f,0.9493f,0.3443f,0.0533f,0.948f,-0.7181f,0.4018f,0f,0f,0f,1f],start_interpolation: 0,interpolation_duration: 1}
$data merge entity $(bone_segment10) {transformation: [-1.0475f,0.0184f,-0.0315f,0.0319f,0f,0.9044f,0.5298f,1.2701f,0.0365f,0.5295f,-0.9039f,0.9438f,0f,0f,0f,1f],start_interpolation: 0,interpolation_duration: 1}
data modify entity @s data merge value {"cameras":{},"locators":{"mouth":{"px":0.1296617527346446,"py":3.442015770669957,"pz":3.7530176936106283,"ry":178.00616533253375,"rx":62.81281075840457}}}
function animated_java:gyarados/animations/surfacewater_idle/zzz/frames/on_tick/transform_floating_entities