# This file was generated by Animated Java via MC-Build. It is not recommended to edit this file directly.
$data merge entity $(bone_neck_spine5) {transformation: [-1.5713f,0.0116f,-0.0529f,0.0934f,0f,1.5356f,0.3374f,4.2805f,0.0542f,0.3372f,-1.5347f,-0.5415f,0f,0f,0f,1f],start_interpolation: 0,interpolation_duration: 1}
$data merge entity $(bone_neck_spine2) {transformation: [-1.4965f,0.0138f,-0.0497f,0.0481f,0f,1.4427f,0.4011f,5.4693f,0.0516f,0.4009f,-1.4418f,1.4023f,0f,0f,0f,1f],start_interpolation: 0,interpolation_duration: 1}
$data merge entity $(bone_scale_neck_left1) {transformation: [-1.5843f,0.4482f,0.0459f,0.8243f,0.3923f,1.2899f,0.9462f,4.6095f,0.2216f,0.921f,-1.3475f,1.1013f,0f,0f,0f,1f],start_interpolation: 0,interpolation_duration: 1}
$data merge entity $(bone_scale_neck_right1) {transformation: [-1.5958f,-0.3837f,-0.1386f,-0.747f,-0.3923f,1.2899f,0.9462f,4.6095f,-0.1119f,0.9497f,-1.3411f,1.1555f,0f,0f,0f,1f],start_interpolation: 0,interpolation_duration: 1}
$data merge entity $(bone_blush_right1) {transformation: [-0.9994f,0.0159f,-0.0306f,-0.5825f,0f,0.8879f,0.4601f,3.8374f,0.0345f,0.4598f,-0.8874f,2.3425f,0f,0f,0f,1f],start_interpolation: 0,interpolation_duration: 1}
$data merge entity $(bone_blush_left1) {transformation: [-0.9994f,0.0159f,-0.0306f,0.7419f,0f,0.8879f,0.4601f,3.8374f,0.0345f,0.4598f,-0.8874f,2.2969f,0f,0f,0f,1f],start_interpolation: 0,interpolation_duration: 1}
$data merge entity $(bone_left_head_scales) {transformation: [-0.8724f,0.0159f,-0.4886f,0.7527f,-0.2124f,0.8879f,0.4081f,4.6664f,0.4403f,0.4598f,-0.7712f,2.2833f,0f,0f,0f,1f],start_interpolation: 0,interpolation_duration: 1}
$data merge entity $(bone_left_head_scales2) {transformation: [-0.8011f,0.0159f,-0.5983f,0.7436f,-0.2639f,0.8879f,0.3769f,3.7912f,0.5372f,0.4598f,-0.7071f,2.0197f,0f,0f,0f,1f],start_interpolation: 0,interpolation_duration: 1}
$data merge entity $(bone_left_head_scales1) {transformation: [-0.9994f,0.0159f,-0.0306f,0.7509f,0f,0.8879f,0.4601f,4.5667f,0.0345f,0.4598f,-0.8874f,2.2317f,0f,0f,0f,1f],start_interpolation: 0,interpolation_duration: 1}
$data merge entity $(bone_right_head_scales) {transformation: [-0.9006f,0.0159f,0.4343f,-0.5942f,0.2124f,0.8879f,0.4081f,4.6664f,-0.3792f,0.4598f,-0.803f,2.3298f,0f,0f,0f,1f],start_interpolation: 0,interpolation_duration: 1}
$data merge entity $(bone_right_head_scales2) {transformation: [-0.8362f,0.0159f,0.5482f,-0.6033f,0.2639f,0.8879f,0.3769f,3.7912f,-0.4807f,0.4598f,-0.7466f,2.0662f,0f,0f,0f,1f],start_interpolation: 0,interpolation_duration: 1}
$data merge entity $(bone_right_head_scales1) {transformation: [-0.9994f,0.0159f,-0.0306f,-0.5959f,0f,0.8879f,0.4601f,4.5667f,0.0345f,0.4598f,-0.8874f,2.2781f,0f,0f,0f,1f],start_interpolation: 0,interpolation_duration: 1}
$data merge entity $(bone_head_left_fin1) {transformation: [-0.701f,0.0267f,-0.7788f,0.7417f,-0.09f,1.0378f,0.1166f,4.2315f,0.774f,0.1449f,-0.6918f,1.9633f,0f,0f,0f,1f],start_interpolation: 0,interpolation_duration: 1}
$data merge entity $(bone_head_right_fin1) {transformation: [-0.7527f,-0.0167f,0.7293f,-0.6052f,0.09f,1.0378f,0.1166f,4.2315f,-0.7239f,0.1464f,-0.7438f,2.0098f,0f,0f,0f,1f],start_interpolation: 0,interpolation_duration: 1}
$data merge entity $(bone_right_whisker16) {transformation: [0.2539f,0.9091f,-0.3302f,-1.1305f,0.9544f,-0.2909f,-0.0669f,1.4942f,-0.1569f,-0.2982f,-0.9415f,2.0678f,0f,0f,0f,1f],start_interpolation: 0,interpolation_duration: 1}
$data merge entity $(bone_right_whisker15) {transformation: [-0.8682f,0.3704f,-0.3302f,-0.838f,0.413f,0.9083f,-0.0669f,1.3551f,0.2751f,-0.1945f,-0.9415f,1.9751f,0f,0f,0f,1f],start_interpolation: 0,interpolation_duration: 1}
$data merge entity $(bone_right_whisker14) {transformation: [-0.7026f,-0.6303f,-0.3302f,-0.6013f,-0.6487f,0.7581f,-0.0669f,1.5736f,0.2925f,0.1672f,-0.9415f,1.8765f,0f,0f,0f,1f],start_interpolation: 0,interpolation_duration: 1}
$data merge entity $(bone_right_whisker13) {transformation: [-0.0983f,-0.9897f,-0.1037f,-0.5681f,-0.9878f,0.0844f,0.1312f,1.9064f,-0.1211f,0.1153f,-0.9859f,1.9173f,0f,0f,0f,1f],start_interpolation: 0,interpolation_duration: 1}
$data merge entity $(bone_right_whisker12) {transformation: [0.0552f,-0.9953f,-0.0799f,-0.5929f,-0.9364f,-0.0794f,0.3419f,2.3271f,-0.3466f,0.056f,-0.9363f,2.073f,0f,0f,0f,1f],start_interpolation: 0,interpolation_duration: 1}
$data merge entity $(bone_right_whisker11) {transformation: [0.2903f,-0.9551f,-0.0596f,-0.7233f,-0.9551f,-0.2931f,0.0445f,2.7561f,-0.06f,0.044f,-0.9972f,2.1f,0f,0f,0f,1f],start_interpolation: 0,interpolation_duration: 1}
$data merge entity $(bone_right_whisker10) {transformation: [0.0774f,-0.9956f,0.0535f,-0.7581f,-0.9765f,-0.0866f,-0.1974f,3.1947f,0.2011f,-0.0369f,-0.9789f,2.0096f,0f,0f,0f,1f],start_interpolation: 0,interpolation_duration: 1}
$data merge entity $(bone_right_whisker1) {transformation: [-0.3426f,-0.9392f,0.0226f,-0.6042f,-0.9373f,0.3434f,0.0603f,3.6158f,-0.0644f,-0.0005f,-0.9979f,2.0385f,0f,0f,0f,1f],start_interpolation: 0,interpolation_duration: 1}
$data merge entity $(bone_left_whisker16) {transformation: [0.2641f,-0.9275f,0.2646f,1.2697f,-0.9544f,-0.2909f,-0.0669f,1.4942f,0.139f,-0.2348f,-0.962f,1.985f,0f,0f,0f,1f],start_interpolation: 0,interpolation_duration: 1}
$data merge entity $(bone_left_whisker15) {transformation: [-0.8851f,-0.3829f,0.2646f,0.9715f,-0.413f,0.9083f,-0.0669f,1.3551f,-0.2147f,-0.1685f,-0.962f,1.9127f,0f,0f,0f,1f],start_interpolation: 0,interpolation_duration: 1}
$data merge entity $(bone_left_whisker14) {transformation: [-0.7211f,0.6403f,0.2646f,0.7285f,0.6487f,0.7581f,-0.0669f,1.5736f,-0.2434f,0.1233f,-0.962f,1.8306f,0f,0f,0f,1f],start_interpolation: 0,interpolation_duration: 1}
$data merge entity $(bone_left_whisker13) {transformation: [-0.0898f,0.9953f,0.0355f,0.6983f,0.9878f,0.0844f,0.1312f,1.9064f,0.1276f,0.0468f,-0.9907f,1.8736f,0f,0f,0f,1f],start_interpolation: 0,interpolation_duration: 1}
$data merge entity $(bone_left_whisker12) {transformation: [0.079f,0.9968f,0.0152f,0.7338f,0.9364f,-0.0794f,0.3419f,2.3271f,0.342f,-0.0127f,-0.9396f,2.0273f,0f,0f,0f,1f],start_interpolation: 0,interpolation_duration: 1}
$data merge entity $(bone_left_whisker11) {transformation: [0.2937f,0.9558f,-0.0092f,0.8657f,0.9551f,-0.2931f,0.0445f,2.7561f,0.0398f,-0.0219f,-0.999f,2.0451f,0f,0f,0f,1f],start_interpolation: 0,interpolation_duration: 1}
$data merge entity $(bone_left_whisker10) {transformation: [0.0634f,0.9907f,-0.1208f,0.8942f,0.9765f,-0.0866f,-0.1974f,3.1947f,-0.206f,-0.1054f,-0.9729f,1.9526f,0f,0f,0f,1f],start_interpolation: 0,interpolation_duration: 1}
$data merge entity $(bone_left_whisker1) {transformation: [-0.3374f,0.9369f,-0.0913f,0.7426f,0.9373f,0.3434f,0.0603f,3.6158f,0.0878f,-0.0652f,-0.994f,1.9921f,0f,0f,0f,1f],start_interpolation: 0,interpolation_duration: 1}
$data merge entity $(bone_upper_left_tooth1) {transformation: [-0.9994f,0.0131f,-0.0319f,0.4129f,0f,0.9246f,0.3809f,3.5752f,0.0345f,0.3807f,-0.9241f,3.0212f,0f,0f,0f,1f],start_interpolation: 0,interpolation_duration: 1}
$data merge entity $(bone_upper_right_tooth1) {transformation: [-0.9994f,0.0131f,-0.0319f,-0.2605f,0f,0.9246f,0.3809f,3.5752f,0.0345f,0.3807f,-0.9241f,3.0444f,0f,0f,0f,1f],start_interpolation: 0,interpolation_duration: 1}
$data merge entity $(bone_top_lip1) {transformation: [-0.9994f,-0.0019f,-0.0344f,0.1059f,0f,0.9984f,-0.0562f,3.6894f,0.0345f,-0.0561f,-0.9978f,3.0788f,0f,0f,0f,1f],start_interpolation: 0,interpolation_duration: 1}
$data merge entity $(bone_muzzle1) {transformation: [-0.9994f,0.0131f,-0.0319f,0.0902f,0f,0.9246f,0.3809f,4.0591f,0.0345f,0.3807f,-0.9241f,2.6241f,0f,0f,0f,1f],start_interpolation: 0,interpolation_duration: 1}
$data merge entity $(bone_jaw_right_tooth1) {transformation: [-0.9994f,-0.0054f,-0.034f,-0.2612f,0f,0.9876f,-0.157f,3.3797f,0.0345f,-0.1569f,-0.987f,3.0235f,0f,0f,0f,1f],start_interpolation: 0,interpolation_duration: 1}
$data merge entity $(bone_jaw_left_tooth1) {transformation: [-0.9994f,-0.0054f,-0.034f,0.4683f,0f,0.9876f,-0.157f,3.3797f,0.0345f,-0.1569f,-0.987f,2.9983f,0f,0f,0f,1f],start_interpolation: 0,interpolation_duration: 1}
$data merge entity $(bone_tongue1) {transformation: [-0.9994f,0.0105f,-0.0328f,0.0773f,0f,0.9523f,0.305f,3.6186f,0.0345f,0.3048f,-0.9518f,2.2486f,0f,0f,0f,1f],start_interpolation: 0,interpolation_duration: 1}
$data merge entity $(bone_jaw_lips1) {transformation: [-0.9994f,0.0105f,-0.0328f,0.1615f,0f,0.9523f,0.305f,3.2216f,0.0345f,0.3048f,-0.9518f,3.0624f,0f,0f,0f,1f],start_interpolation: 0,interpolation_duration: 1}
$data merge entity $(bone_jaw3) {transformation: [-0.9994f,0.0006f,-0.0345f,0.1305f,0f,0.9999f,0.0169f,3.1525f,0.0345f,0.0169f,-0.9993f,2.1632f,0f,0f,0f,1f],start_interpolation: 0,interpolation_duration: 1}
$data merge entity $(bone_jaw1) {transformation: [-0.9994f,0.0248f,-0.024f,0.109f,0f,0.6951f,0.7189f,3.7984f,0.0345f,0.7185f,-0.6947f,1.5391f,0f,0f,0f,1f],start_interpolation: 0,interpolation_duration: 1}
$data merge entity $(bone_tear_right1) {transformation: [-0.9994f,0.0159f,-0.0306f,-0.517f,0f,0.8879f,0.4601f,4.1399f,0.0345f,0.4598f,-0.8874f,2.611f,0f,0f,0f,1f],start_interpolation: 0,interpolation_duration: 1}
$data merge entity $(bone_right_pupil1) {transformation: [-0.9994f,0.0159f,-0.0306f,-0.328f,0f,0.8879f,0.4601f,4.2086f,0.0345f,0.4598f,-0.8874f,2.7161f,0f,0f,0f,1f],start_interpolation: 0,interpolation_duration: 1}
$data merge entity $(bone_right_sad_pupil1) {transformation: [-0.9994f,0.0159f,-0.0306f,-0.3283f,0f,0.8879f,0.4601f,4.2138f,0.0345f,0.4598f,-0.8874f,2.7061f,0f,0f,0f,1f],start_interpolation: 0,interpolation_duration: 1}
$data merge entity $(bone_right_happy_pupil1) {transformation: [-0.9994f,0.0159f,-0.0306f,-0.3569f,0f,0.8879f,0.4601f,4.1889f,0.0345f,0.4598f,-0.8874f,2.6942f,0f,0f,0f,1f],start_interpolation: 0,interpolation_duration: 1}
$data merge entity $(bone_eyelid_right1) {transformation: [-0.9994f,0.0159f,-0.0306f,0.0857f,0f,0.8879f,0.4601f,4.4223f,0.0345f,0.4598f,-0.8874f,2.1671f,0f,0f,0f,1f],start_interpolation: 0,interpolation_duration: 1}
$data merge entity $(bone_eyelid_expressions_right5) {transformation: [-0.9994f,0.0159f,-0.0306f,-0.4556f,0f,0.8879f,0.4601f,4.3135f,0.0345f,0.4598f,-0.8874f,2.7622f,0f,0f,0f,1f],start_interpolation: 0,interpolation_duration: 1}
$data merge entity $(bone_eyelid_expressions_right7) {transformation: [-0.9994f,0.0159f,-0.0306f,-0.1189f,0f,0.8879f,0.4601f,4.3135f,0.0345f,0.4598f,-0.8874f,2.7506f,0f,0f,0f,1f],start_interpolation: 0,interpolation_duration: 1}
$data merge entity $(bone_eyelid_expressions_right6) {transformation: [-0.9994f,0.0159f,-0.0306f,-0.2312f,0f,0.8879f,0.4601f,4.3135f,0.0345f,0.4598f,-0.8874f,2.7545f,0f,0f,0f,1f],start_interpolation: 0,interpolation_duration: 1}
$data merge entity $(bone_right_eye1) {transformation: [-0.9994f,0.0159f,-0.0306f,0.0748f,0f,0.8879f,0.4601f,4.4171f,0.0345f,0.4598f,-0.8874f,2.1775f,0f,0f,0f,1f],start_interpolation: 0,interpolation_duration: 1}
$data merge entity $(bone_tear_left1) {transformation: [-0.9994f,0.0159f,-0.0306f,0.6951f,0f,0.8879f,0.4601f,4.1399f,0.0345f,0.4598f,-0.8874f,2.5692f,0f,0f,0f,1f],start_interpolation: 0,interpolation_duration: 1}
$data merge entity $(bone_left_sad_pupil1) {transformation: [-0.9994f,0.0159f,-0.0306f,0.5134f,0f,0.8879f,0.4601f,4.2138f,0.0345f,0.4598f,-0.8874f,2.6771f,0f,0f,0f,1f],start_interpolation: 0,interpolation_duration: 1}
$data merge entity $(bone_left_pupil1) {transformation: [-0.9994f,0.0159f,-0.0306f,0.5138f,0f,0.8879f,0.4601f,4.2086f,0.0345f,0.4598f,-0.8874f,2.687f,0f,0f,0f,1f],start_interpolation: 0,interpolation_duration: 1}
$data merge entity $(bone_eyelid_left1) {transformation: [-0.9994f,0.0159f,-0.0306f,0.0632f,0f,0.8879f,0.4601f,4.4223f,0.0345f,0.4598f,-0.8874f,2.1679f,0f,0f,0f,1f],start_interpolation: 0,interpolation_duration: 1}
$data merge entity $(bone_left_happy_pupil1) {transformation: [-0.9994f,0.0159f,-0.0306f,0.5411f,0f,0.8879f,0.4601f,4.1889f,0.0345f,0.4598f,-0.8874f,2.6632f,0f,0f,0f,1f],start_interpolation: 0,interpolation_duration: 1}
$data merge entity $(bone_eyelid_expressions_left5) {transformation: [-0.9994f,0.0159f,-0.0306f,0.6443f,0f,0.8879f,0.4601f,4.3135f,0.0345f,0.4598f,-0.8874f,2.7243f,0f,0f,0f,1f],start_interpolation: 0,interpolation_duration: 1}
$data merge entity $(bone_eyelid_expressions_left7) {transformation: [-0.9994f,0.0159f,-0.0306f,0.3076f,0f,0.8879f,0.4601f,4.3135f,0.0345f,0.4598f,-0.8874f,2.7359f,0f,0f,0f,1f],start_interpolation: 0,interpolation_duration: 1}
$data merge entity $(bone_eyelid_expressions_left6) {transformation: [-0.9994f,0.0159f,-0.0306f,0.4198f,0f,0.8879f,0.4601f,4.3135f,0.0345f,0.4598f,-0.8874f,2.732f,0f,0f,0f,1f],start_interpolation: 0,interpolation_duration: 1}
$data merge entity $(bone_left_eye1) {transformation: [-0.9994f,0.0159f,-0.0306f,0.0748f,0f,0.8879f,0.4601f,4.4171f,0.0345f,0.4598f,-0.8874f,2.1775f,0f,0f,0f,1f],start_interpolation: 0,interpolation_duration: 1}
$data merge entity $(bone_crest_middle5) {transformation: [-0.9994f,0.0089f,-0.0333f,0.1114f,0f,0.9664f,0.257f,5.4281f,0.0345f,0.2568f,-0.9658f,3.2377f,0f,0f,0f,1f],start_interpolation: 0,interpolation_duration: 1}
$data merge entity $(bone_crest_middle4) {transformation: [-0.9994f,0.0089f,-0.0333f,0.1054f,0f,0.9664f,0.257f,4.7769f,0.0345f,0.2568f,-0.9658f,3.0646f,0f,0f,0f,1f],start_interpolation: 0,interpolation_duration: 1}
$data merge entity $(bone_crest_middle1) {transformation: [-0.9994f,0.0089f,-0.0333f,0.1037f,0f,0.9664f,0.257f,4.2669f,0.0345f,0.2568f,-0.9658f,3.0161f,0f,0f,0f,1f],start_interpolation: 0,interpolation_duration: 1}
$data merge entity $(bone_crest_left5) {transformation: [-0.5504f,-0.8312f,0.0786f,-0.9996f,-0.7488f,0.533f,0.3939f,4.8132f,-0.3693f,0.1579f,-0.9158f,3.0686f,0f,0f,0f,1f],start_interpolation: 0,interpolation_duration: 1}
$data merge entity $(bone_crest_left4) {transformation: [-0.5504f,-0.8312f,0.0786f,-0.5329f,-0.7488f,0.533f,0.3939f,4.5139f,-0.3693f,0.1579f,-0.9158f,2.9799f,0f,0f,0f,1f],start_interpolation: 0,interpolation_duration: 1}
$data merge entity $(bone_crest_left1) {transformation: [-0.5504f,-0.8312f,0.0786f,-0.015f,-0.7488f,0.533f,0.3939f,4.2068f,-0.3693f,0.1579f,-0.9158f,2.8309f,0f,0f,0f,1f],start_interpolation: 0,interpolation_duration: 1}
$data merge entity $(bone_crest_center1) {transformation: [-0.9994f,0.0159f,-0.0306f,0.0968f,0f,0.8879f,0.4601f,4.1819f,0.0345f,0.4598f,-0.8874f,2.8141f,0f,0f,0f,1f],start_interpolation: 0,interpolation_duration: 1}
$data merge entity $(bone_crest_right5) {transformation: [-0.5236f,0.8401f,-0.1415f,1.2081f,0.7488f,0.533f,0.3939f,4.8132f,0.4063f,0.1003f,-0.9082f,2.9924f,0f,0f,0f,1f],start_interpolation: 0,interpolation_duration: 1}
$data merge entity $(bone_crest_right4) {transformation: [-0.5236f,0.8401f,-0.1415f,0.7363f,0.7488f,0.533f,0.3939f,4.5139f,0.4063f,0.1003f,-0.9082f,2.9361f,0f,0f,0f,1f],start_interpolation: 0,interpolation_duration: 1}
$data merge entity $(bone_crest_right1) {transformation: [-0.5236f,0.8401f,-0.1415f,0.2095f,0.7488f,0.533f,0.3939f,4.2068f,0.4063f,0.1003f,-0.9082f,2.8232f,0f,0f,0f,1f],start_interpolation: 0,interpolation_duration: 1}
$data merge entity $(bone_head1) {transformation: [-1.0476f,0.0166f,-0.0321f,0.055f,0f,0.9307f,0.4822f,4.6514f,0.0361f,0.4819f,-0.9301f,1.6036f,0f,0f,0f,1f],start_interpolation: 0,interpolation_duration: 1}
$data merge entity $(bone_neck10) {transformation: [-1.4965f,0.0202f,-0.0475f,0.0151f,0f,1.378f,0.586f,4.6556f,0.0516f,0.5857f,-1.3771f,0.4466f,0f,0f,0f,1f],start_interpolation: 0,interpolation_duration: 1}
$data merge entity $(bone_neck9) {transformation: [-1.1448f,0.0182f,-0.0351f,-0.0063f,0f,1.0171f,0.527f,3.3335f,0.0395f,0.5267f,-1.0165f,-0.1748f,0f,0f,0f,1f],start_interpolation: 0,interpolation_duration: 1}
$data merge entity $(bone_neck8) {transformation: [-1.0625f,-0.0096f,-0.0354f,0.0019f,0f,1.0264f,-0.2771f,2.5764f,0.0366f,-0.2769f,-1.0258f,0.0641f,0f,0f,0f,1f],start_interpolation: 0,interpolation_duration: 1}
$data merge entity $(bone_neck7) {transformation: [-1.055f,-0.0189f,-0.0311f,0.0197f,0f,0.9015f,-0.5492f,1.7722f,0.0364f,-0.5489f,-0.901f,0.5798f,0f,0f,0f,1f],start_interpolation: 0,interpolation_duration: 1}
$data merge entity $(bone_neck6) {transformation: [-1.0491f,-0.012f,-0.0341f,0.03f,0f,0.9902f,-0.3482f,0.8942f,0.0362f,-0.348f,-0.9896f,0.8789f,0f,0f,0f,1f],start_interpolation: 0,interpolation_duration: 1}
$data merge entity $(bone_neck_spine6) {transformation: [-1.2715f,-0.057f,-0.0081f,-0.1175f,-0.0001f,-0.1757f,1.2606f,0.0538f,-0.0576f,1.2593f,0.1755f,-1.6003f,0f,0f,0f,1f],start_interpolation: 0,interpolation_duration: 1}
$data merge entity $(bone_neck_spine7) {transformation: [-0.9646f,-0.2485f,0.0887f,0.3747f,0.0599f,0.1214f,0.9908f,0.6316f,-0.257f,0.961f,-0.1022f,-5.1437f,0f,0f,0f,1f],start_interpolation: 0,interpolation_duration: 1}
$data merge entity $(bone_tail6) {transformation: [-1.5551f,-0.575f,0.4651f,1.7596f,-0.0959f,1.2306f,1.2007f,-0.7418f,-0.7333f,1.0584f,-1.1434f,-8.2639f,0f,0f,0f,1f],start_interpolation: 0,interpolation_duration: 1}
$data merge entity $(bone_tail5) {transformation: [-1.2846f,-0.475f,0.3842f,1.4596f,-0.0793f,1.0166f,0.9919f,-0.0997f,-0.6058f,0.8743f,-0.9445f,-7.7117f,0f,0f,0f,1f],start_interpolation: 0,interpolation_duration: 1}
$data merge entity $(bone_tail4) {transformation: [-0.9466f,-0.35f,0.2831f,1.3096f,-0.0584f,0.7491f,0.7309f,0.2213f,-0.4464f,0.6442f,-0.696f,-7.4356f,0f,0f,0f,1f],start_interpolation: 0,interpolation_duration: 1}
$data merge entity $(bone_segment18) {transformation: [-0.9031f,-0.3922f,0.175f,1.0893f,-0.0557f,0.5111f,0.8577f,0.5083f,-0.4259f,0.7648f,-0.4834f,-7.0061f,0f,0f,0f,1f],start_interpolation: 0,interpolation_duration: 1}
$data merge entity $(bone_segment17) {transformation: [-0.9094f,-0.4155f,0.0201f,0.7861f,0.0848f,-0.1381f,0.9868f,0.4075f,-0.4072f,0.8991f,0.1608f,-6.3498f,0f,0f,0f,1f],start_interpolation: 0,interpolation_duration: 1}
$data merge entity $(bone_segment16) {transformation: [-0.9315f,-0.3636f,0.0002f,0.4389f,0.0742f,-0.1895f,0.9791f,0.2266f,-0.356f,0.9121f,0.2035f,-5.4792f,0f,0f,0f,1f],start_interpolation: 0,interpolation_duration: 1}
$data merge entity $(bone_segment15) {transformation: [-0.9646f,-0.263f,0.0214f,0.1288f,0.0599f,-0.1392f,0.9884f,0.0625f,-0.257f,0.9547f,0.15f,-4.3534f,0f,0f,0f,1f],start_interpolation: 0,interpolation_duration: 1}
$data merge entity $(bone_segment14) {transformation: [-1.0369f,-0.1536f,-0.0038f,-0.044f,0.0332f,-0.2492f,1.0176f,-0.2179f,-0.15f,1.0065f,0.2514f,-3.2211f,0f,0f,0f,1f],start_interpolation: 0,interpolation_duration: 1}
$data merge entity $(bone_segment13) {transformation: [-1.0247f,-0.0441f,-0.0144f,-0.0968f,-0.0001f,-0.3158f,0.9759f,-0.625f,-0.0464f,0.9749f,0.3155f,-2.0556f,0f,0f,0f,1f],start_interpolation: 0,interpolation_duration: 1}
$data merge entity $(bone_segment12) {transformation: [-1.115f,0.0349f,0.005f,-0.0546f,0.0085f,0.1131f,1.1098f,-0.4883f,0.0342f,1.1093f,-0.1133f,-0.7156f,0f,0f,0f,1f],start_interpolation: 0,interpolation_duration: 1}
$data merge entity $(bone_segment11) {transformation: [-1.189f,0.057f,-0.0146f,0.009f,0.0225f,0.7139f,0.9524f,0.3367f,0.0544f,0.9509f,-0.7141f,0.3835f,0f,0f,0f,1f],start_interpolation: 0,interpolation_duration: 1}
$data merge entity $(bone_segment10) {transformation: [-1.0476f,0.0184f,-0.0311f,0.0318f,0f,0.9017f,0.5345f,1.2597f,0.0361f,0.5342f,-0.9011f,0.9302f,0f,0f,0f,1f],start_interpolation: 0,interpolation_duration: 1}
data modify entity @s data merge value {"cameras":{},"locators":{"mouth":{"posx":0.12904821049579232,"posy":3.4170133031527103,"posz":3.7498919081233026,"roty":178.02462331880974,"rotx":62.608279603129056}}}