# This file was generated by Animated Java via MC-Build. It is not recommended to edit this file directly.
$data merge entity $(bone_neck_spine5) {transformation: [-1.5719f,0.0084f,-0.0311f,0.1082f,0f,1.5182f,0.4088f,4.276f,0.0323f,0.4087f,-1.5179f,-0.5026f,0f,0f,0f,1f],start_interpolation: 0,interpolation_duration: 1}
$data merge entity $(bone_neck_spine2) {transformation: [-1.4971f,0.0105f,-0.0289f,0.0373f,0f,1.4067f,0.5132f,5.3407f,0.0307f,0.5131f,-1.4064f,1.5178f,0f,0f,0f,1f],start_interpolation: 0,interpolation_duration: 1}
$data merge entity $(bone_scale_neck_left1) {transformation: [-1.5866f,0.4373f,0.0663f,0.8163f,0.378f,1.2124f,1.049f,4.5051f,0.2297f,1.0256f,-1.2682f,1.161f,0f,0f,0f,1f],start_interpolation: 0,interpolation_duration: 1}
$data merge entity $(bone_scale_neck_right1) {transformation: [-1.5947f,-0.3949f,-0.1182f,-0.7557f,-0.378f,1.2124f,1.049f,4.5051f,-0.1645f,1.0427f,-1.2644f,1.1932f,0f,0f,0f,1f],start_interpolation: 0,interpolation_duration: 1}
$data merge entity $(bone_blush_right1) {transformation: [-0.9998f,0.0103f,-0.0178f,-0.6085f,0f,0.8654f,0.5011f,3.6629f,0.0205f,0.501f,-0.8652f,2.3454f,0f,0f,0f,1f],start_interpolation: 0,interpolation_duration: 1}
$data merge entity $(bone_blush_left1) {transformation: [-0.9998f,0.0103f,-0.0178f,0.7165f,0f,0.8654f,0.5011f,3.6629f,0.0205f,0.501f,-0.8652f,2.3183f,0f,0f,0f,1f],start_interpolation: 0,interpolation_duration: 1}
$data merge entity $(bone_left_head_scales) {transformation: [-0.8786f,0.0103f,-0.4774f,0.7282f,-0.2314f,0.8654f,0.4445f,4.4916f,0.4177f,0.501f,-0.758f,2.3436f,0f,0f,0f,1f],start_interpolation: 0,interpolation_duration: 1}
$data merge entity $(bone_left_head_scales2) {transformation: [-0.8088f,0.0103f,-0.588f,0.722f,-0.2874f,0.8654f,0.4105f,3.6297f,0.5131f,0.501f,-0.697f,2.0393f,0f,0f,0f,1f],start_interpolation: 0,interpolation_duration: 1}
$data merge entity $(bone_left_head_scales1) {transformation: [-0.9998f,0.0103f,-0.0178f,0.7271f,0f,0.8654f,0.5011f,4.3944f,0.0205f,0.501f,-0.8652f,2.2874f,0f,0f,0f,1f],start_interpolation: 0,interpolation_duration: 1}
$data merge entity $(bone_right_head_scales) {transformation: [-0.895f,0.0103f,0.4459f,-0.6192f,0.2314f,0.8654f,0.4445f,4.4916f,-0.3813f,0.501f,-0.7769f,2.3713f,0f,0f,0f,1f],start_interpolation: 0,interpolation_duration: 1}
$data merge entity $(bone_right_head_scales2) {transformation: [-0.8292f,0.0103f,0.5589f,-0.6254f,0.2874f,0.8654f,0.4105f,3.6297f,-0.4795f,0.501f,-0.7205f,2.0669f,0f,0f,0f,1f],start_interpolation: 0,interpolation_duration: 1}
$data merge entity $(bone_right_head_scales1) {transformation: [-0.9998f,0.0103f,-0.0178f,-0.6203f,0f,0.8654f,0.5011f,4.3944f,0.0205f,0.501f,-0.8652f,2.315f,0f,0f,0f,1f],start_interpolation: 0,interpolation_duration: 1}
$data merge entity $(bone_head_left_fin1) {transformation: [-0.7119f,0.0257f,-0.7689f,0.7212f,-0.125f,1.0298f,0.1501f,4.0721f,0.7591f,0.1936f,-0.6963f,2.0035f,0f,0f,0f,1f],start_interpolation: 0,interpolation_duration: 1}
$data merge entity $(bone_head_right_fin1) {transformation: [-0.7424f,-0.0177f,0.7397f,-0.6261f,0.125f,1.0298f,0.1501f,4.0721f,-0.7293f,0.1945f,-0.7273f,2.0312f,0f,0f,0f,1f],start_interpolation: 0,interpolation_duration: 1}
$data merge entity $(bone_right_whisker16) {transformation: [0.257f,0.9129f,-0.3171f,-1.1548f,0.9603f,-0.2781f,-0.0223f,1.336f,-0.1086f,-0.2988f,-0.9481f,1.9538f,0f,0f,0f,1f],start_interpolation: 0,interpolation_duration: 1}
$data merge entity $(bone_right_whisker15) {transformation: [-0.8716f,0.374f,-0.3171f,-0.8612f,0.4011f,0.9158f,-0.0223f,1.2009f,0.282f,-0.1466f,-0.9481f,1.8588f,0f,0f,0f,1f],start_interpolation: 0,interpolation_duration: 1}
$data merge entity $(bone_right_whisker14) {transformation: [-0.7073f,-0.6319f,-0.3171f,-0.6229f,-0.6605f,0.7505f,-0.0223f,1.4234f,0.2521f,0.1936f,-0.9481f,1.7739f,0f,0f,0f,1f],start_interpolation: 0,interpolation_duration: 1}
$data merge entity $(bone_right_whisker13) {transformation: [-0.0976f,-0.9912f,-0.0897f,-0.59f,-0.9809f,0.0805f,0.1773f,1.7539f,-0.1685f,0.1053f,-0.9801f,1.8307f,0f,0f,0f,1f],start_interpolation: 0,interpolation_duration: 1}
$data merge entity $(bone_right_whisker12) {transformation: [0.0592f,-0.996f,-0.0665f,-0.6166f,-0.9192f,-0.0803f,0.3854f,2.1668f,-0.3892f,0.0383f,-0.9204f,2.0055f,0f,0f,0f,1f],start_interpolation: 0,interpolation_duration: 1}
$data merge entity $(bone_right_whisker11) {transformation: [0.2902f,-0.9559f,-0.0456f,-0.7469f,-0.9517f,-0.2933f,0.0911f,2.5943f,-0.1005f,0.017f,-0.9948f,2.0506f,0f,0f,0f,1f],start_interpolation: 0,interpolation_duration: 1}
$data merge entity $(bone_right_whisker10) {transformation: [0.0737f,-0.995f,0.0669f,-0.78f,-0.985f,-0.0831f,-0.1515f,3.0368f,0.1563f,-0.0548f,-0.9862f,1.9804f,0f,0f,0f,1f],start_interpolation: 0,interpolation_duration: 1}
$data merge entity $(bone_right_whisker1) {transformation: [-0.3426f,-0.9388f,0.0366f,-0.6261f,-0.9327f,0.3445f,0.1068f,3.4557f,-0.1129f,0.0025f,-0.9936f,2.0311f,0f,0f,0f,1f],start_interpolation: 0,interpolation_duration: 1}
$data merge entity $(bone_left_whisker16) {transformation: [0.2612f,-0.9244f,0.2779f,1.2463f,-0.9603f,-0.2781f,-0.0223f,1.336f,0.0979f,-0.2611f,-0.9603f,1.9046f,0f,0f,0f,1f],start_interpolation: 0,interpolation_duration: 1}
$data merge entity $(bone_left_whisker15) {transformation: [-0.8824f,-0.3797f,0.2779f,0.949f,-0.4011f,0.9158f,-0.0223f,1.2009f,-0.246f,-0.1312f,-0.9603f,1.8217f,0f,0f,0f,1f],start_interpolation: 0,interpolation_duration: 1}
$data merge entity $(bone_left_whisker14) {transformation: [-0.717f,0.6393f,0.2779f,0.7074f,0.6605f,0.7505f,-0.0223f,1.4234f,-0.2229f,0.1676f,-0.9603f,1.7466f,0f,0f,0f,1f],start_interpolation: 0,interpolation_duration: 1}
$data merge entity $(bone_left_whisker13) {transformation: [-0.0906f,0.9947f,0.0495f,0.6769f,0.9809f,0.0805f,0.1773f,1.7539f,0.1724f,0.0646f,-0.9829f,1.8047f,0f,0f,0f,1f],start_interpolation: 0,interpolation_duration: 1}
$data merge entity $(bone_left_whisker12) {transformation: [0.0751f,0.9968f,0.0287f,0.7106f,0.9192f,-0.0803f,0.3854f,2.1668f,0.3865f,-0.0026f,-0.9223f,1.9783f,0f,0f,0f,1f],start_interpolation: 0,interpolation_duration: 1}
$data merge entity $(bone_left_whisker11) {transformation: [0.2941f,0.9558f,0.0048f,0.8427f,0.9517f,-0.2933f,0.0911f,2.5943f,0.0885f,-0.0223f,-0.9958f,2.018f,0f,0f,0f,1f],start_interpolation: 0,interpolation_duration: 1}
$data merge entity $(bone_left_whisker10) {transformation: [0.0672f,0.9919f,-0.1073f,0.8729f,0.985f,-0.0831f,-0.1515f,3.0368f,-0.1592f,-0.0955f,-0.9826f,1.9465f,0f,0f,0f,1f],start_interpolation: 0,interpolation_duration: 1}
$data merge entity $(bone_left_whisker1) {transformation: [-0.3377f,0.9381f,-0.0773f,0.7212f,0.9327f,0.3445f,0.1068f,3.4557f,0.1268f,-0.036f,-0.9913f,2.0035f,0f,0f,0f,1f],start_interpolation: 0,interpolation_duration: 1}
$data merge entity $(bone_upper_left_tooth1) {transformation: [-0.9998f,0.0087f,-0.0186f,0.3771f,0f,0.9058f,0.4237f,3.3676f,0.0205f,0.4237f,-0.9056f,3.0249f,0f,0f,0f,1f],start_interpolation: 0,interpolation_duration: 1}
$data merge entity $(bone_upper_right_tooth1) {transformation: [-0.9998f,0.0087f,-0.0186f,-0.2966f,0f,0.9058f,0.4237f,3.3676f,0.0205f,0.4237f,-0.9056f,3.0387f,0f,0f,0f,1f],start_interpolation: 0,interpolation_duration: 1}
$data merge entity $(bone_top_lip1) {transformation: [-0.9998f,0.0002f,-0.0205f,0.0694f,0f,1f,0.0097f,3.4795f,0.0205f,0.0097f,-0.9997f,3.0835f,0f,0f,0f,1f],start_interpolation: 0,interpolation_duration: 1}
$data merge entity $(bone_muzzle1) {transformation: [-0.9998f,0.0087f,-0.0186f,0.0605f,0f,0.9058f,0.4237f,3.8701f,0.0205f,0.4237f,-0.9056f,2.6464f,0f,0f,0f,1f],start_interpolation: 0,interpolation_duration: 1}
$data merge entity $(bone_jaw_right_tooth1) {transformation: [-0.9998f,-0.0031f,-0.0203f,-0.2968f,0f,0.9886f,-0.1504f,3.2318f,0.0205f,-0.1503f,-0.9884f,3.027f,0f,0f,0f,1f],start_interpolation: 0,interpolation_duration: 1}
$data merge entity $(bone_jaw_left_tooth1) {transformation: [-0.9998f,-0.0031f,-0.0203f,0.433f,0f,0.9886f,-0.1504f,3.2318f,0.0205f,-0.1503f,-0.9884f,3.012f,0f,0f,0f,1f],start_interpolation: 0,interpolation_duration: 1}
$data merge entity $(bone_tongue1) {transformation: [-0.9998f,0.0051f,-0.0199f,0.052f,0f,0.9689f,0.2473f,3.4206f,0.0205f,0.2472f,-0.9687f,2.2335f,0f,0f,0f,1f],start_interpolation: 0,interpolation_duration: 1}
$data merge entity $(bone_jaw_lips1) {transformation: [-0.9998f,0.0051f,-0.0199f,0.1253f,0f,0.9689f,0.2473f,3.0733f,0.0205f,0.2472f,-0.9687f,3.0708f,0f,0f,0f,1f],start_interpolation: 0,interpolation_duration: 1}
$data merge entity $(bone_jaw3) {transformation: [-0.9998f,0.0005f,-0.0205f,0.1069f,0f,0.9997f,0.0236f,3.0103f,0.0205f,0.0236f,-0.9995f,2.1708f,0f,0f,0f,1f],start_interpolation: 0,interpolation_duration: 1}
$data merge entity $(bone_jaw1) {transformation: [-0.9998f,0.0148f,-0.0142f,0.0941f,0f,0.6902f,0.7236f,3.6604f,0.0205f,0.7234f,-0.6901f,1.5508f,0f,0f,0f,1f],start_interpolation: 0,interpolation_duration: 1}
$data merge entity $(bone_tear_right1) {transformation: [-0.9998f,0.0103f,-0.0178f,-0.5465f,0f,0.8654f,0.5011f,3.9524f,0.0205f,0.501f,-0.8652f,2.6287f,0f,0f,0f,1f],start_interpolation: 0,interpolation_duration: 1}
$data merge entity $(bone_right_pupil1) {transformation: [-0.9998f,0.0103f,-0.0178f,-0.3589f,0f,0.8654f,0.5011f,4.0158f,0.0205f,0.501f,-0.8652f,2.7394f,0f,0f,0f,1f],start_interpolation: 0,interpolation_duration: 1}
$data merge entity $(bone_right_sad_pupil1) {transformation: [-0.9998f,0.0103f,-0.0178f,-0.3591f,0f,0.8654f,0.5011f,4.0215f,0.0205f,0.501f,-0.8652f,2.7297f,0f,0f,0f,1f],start_interpolation: 0,interpolation_duration: 1}
$data merge entity $(bone_right_happy_pupil1) {transformation: [-0.9998f,0.0103f,-0.0178f,-0.3874f,0f,0.8654f,0.5011f,3.9972f,0.0205f,0.501f,-0.8652f,2.7162f,0f,0f,0f,1f],start_interpolation: 0,interpolation_duration: 1}
$data merge entity $(bone_eyelid_right1) {transformation: [-0.9998f,0.0103f,-0.0178f,0.0627f,0f,0.8654f,0.5011f,4.2542f,0.0205f,0.501f,-0.8652f,2.2069f,0f,0f,0f,1f],start_interpolation: 0,interpolation_duration: 1}
$data merge entity $(bone_eyelid_expressions_right5) {transformation: [-0.9998f,0.0103f,-0.0178f,-0.487f,0f,0.8654f,0.5011f,4.1187f,0.0205f,0.501f,-0.8652f,2.7886f,0f,0f,0f,1f],start_interpolation: 0,interpolation_duration: 1}
$data merge entity $(bone_eyelid_expressions_right7) {transformation: [-0.9998f,0.0103f,-0.0178f,-0.1502f,0f,0.8654f,0.5011f,4.1187f,0.0205f,0.501f,-0.8652f,2.7817f,0f,0f,0f,1f],start_interpolation: 0,interpolation_duration: 1}
$data merge entity $(bone_eyelid_expressions_right6) {transformation: [-0.9998f,0.0103f,-0.0178f,-0.2625f,0f,0.8654f,0.5011f,4.1187f,0.0205f,0.501f,-0.8652f,2.784f,0f,0f,0f,1f],start_interpolation: 0,interpolation_duration: 1}
$data merge entity $(bone_right_eye1) {transformation: [-0.9998f,0.0103f,-0.0178f,0.0516f,0f,0.8654f,0.5011f,4.2486f,0.0205f,0.501f,-0.8652f,2.2168f,0f,0f,0f,1f],start_interpolation: 0,interpolation_duration: 1}
$data merge entity $(bone_tear_left1) {transformation: [-0.9998f,0.0103f,-0.0178f,0.6662f,0f,0.8654f,0.5011f,3.9524f,0.0205f,0.501f,-0.8652f,2.6038f,0f,0f,0f,1f],start_interpolation: 0,interpolation_duration: 1}
$data merge entity $(bone_left_sad_pupil1) {transformation: [-0.9998f,0.0103f,-0.0178f,0.483f,0f,0.8654f,0.5011f,4.0215f,0.0205f,0.501f,-0.8652f,2.7124f,0f,0f,0f,1f],start_interpolation: 0,interpolation_duration: 1}
$data merge entity $(bone_left_pupil1) {transformation: [-0.9998f,0.0103f,-0.0178f,0.4832f,0f,0.8654f,0.5011f,4.0158f,0.0205f,0.501f,-0.8652f,2.7221f,0f,0f,0f,1f],start_interpolation: 0,interpolation_duration: 1}
$data merge entity $(bone_eyelid_left1) {transformation: [-0.9998f,0.0103f,-0.0178f,0.0402f,0f,0.8654f,0.5011f,4.2542f,0.0205f,0.501f,-0.8652f,2.2073f,0f,0f,0f,1f],start_interpolation: 0,interpolation_duration: 1}
$data merge entity $(bone_left_happy_pupil1) {transformation: [-0.9998f,0.0103f,-0.0178f,0.5108f,0f,0.8654f,0.5011f,3.9972f,0.0205f,0.501f,-0.8652f,2.6978f,0f,0f,0f,1f],start_interpolation: 0,interpolation_duration: 1}
$data merge entity $(bone_eyelid_expressions_left5) {transformation: [-0.9998f,0.0103f,-0.0178f,0.6133f,0f,0.8654f,0.5011f,4.1187f,0.0205f,0.501f,-0.8652f,2.766f,0f,0f,0f,1f],start_interpolation: 0,interpolation_duration: 1}
$data merge entity $(bone_eyelid_expressions_left7) {transformation: [-0.9998f,0.0103f,-0.0178f,0.2765f,0f,0.8654f,0.5011f,4.1187f,0.0205f,0.501f,-0.8652f,2.7729f,0f,0f,0f,1f],start_interpolation: 0,interpolation_duration: 1}
$data merge entity $(bone_eyelid_expressions_left6) {transformation: [-0.9998f,0.0103f,-0.0178f,0.3888f,0f,0.8654f,0.5011f,4.1187f,0.0205f,0.501f,-0.8652f,2.7706f,0f,0f,0f,1f],start_interpolation: 0,interpolation_duration: 1}
$data merge entity $(bone_left_eye1) {transformation: [-0.9998f,0.0103f,-0.0178f,0.0516f,0f,0.8654f,0.5011f,4.2486f,0.0205f,0.501f,-0.8652f,2.2168f,0f,0f,0f,1f],start_interpolation: 0,interpolation_duration: 1}
$data merge entity $(bone_crest_middle5) {transformation: [-0.9998f,0.0062f,-0.0196f,0.0744f,0f,0.9533f,0.3019f,5.2089f,0.0205f,0.3018f,-0.9531f,3.3235f,0f,0f,0f,1f],start_interpolation: 0,interpolation_duration: 1}
$data merge entity $(bone_crest_middle4) {transformation: [-0.9998f,0.0062f,-0.0196f,0.0702f,0f,0.9533f,0.3019f,4.5665f,0.0205f,0.3018f,-0.9531f,3.1201f,0f,0f,0f,1f],start_interpolation: 0,interpolation_duration: 1}
$data merge entity $(bone_crest_middle1) {transformation: [-0.9998f,0.0062f,-0.0196f,0.0687f,0f,0.9533f,0.3019f,4.0593f,0.0205f,0.3018f,-0.9531f,3.0479f,0f,0f,0f,1f],start_interpolation: 0,interpolation_duration: 1}
$data merge entity $(bone_crest_left5) {transformation: [-0.5459f,-0.8328f,0.0917f,-1.0348f,-0.7299f,0.5264f,0.4361f,4.6044f,-0.4115f,0.1711f,-0.8952f,3.1104f,0f,0f,0f,1f],start_interpolation: 0,interpolation_duration: 1}
$data merge entity $(bone_crest_left4) {transformation: [-0.5459f,-0.8328f,0.0917f,-0.5671f,-0.7299f,0.5264f,0.4361f,4.3088f,-0.4115f,0.1711f,-0.8952f,3.0143f,0f,0f,0f,1f],start_interpolation: 0,interpolation_duration: 1}
$data merge entity $(bone_crest_left1) {transformation: [-0.5459f,-0.8328f,0.0917f,-0.0475f,-0.7299f,0.5264f,0.4361f,4.0082f,-0.4115f,0.1711f,-0.8952f,2.8584f,0f,0f,0f,1f],start_interpolation: 0,interpolation_duration: 1}
$data merge entity $(bone_crest_center1) {transformation: [-0.9998f,0.0103f,-0.0178f,0.0645f,0f,0.8654f,0.5011f,3.9839f,0.0205f,0.501f,-0.8652f,2.842f,0f,0f,0f,1f],start_interpolation: 0,interpolation_duration: 1}
$data merge entity $(bone_crest_right5) {transformation: [-0.5285f,0.8392f,-0.1284f,1.1738f,0.7299f,0.5264f,0.4361f,4.6044f,0.4335f,0.1368f,-0.8907f,3.0651f,0f,0f,0f,1f],start_interpolation: 0,interpolation_duration: 1}
$data merge entity $(bone_crest_right4) {transformation: [-0.5285f,0.8392f,-0.1284f,0.7026f,0.7299f,0.5264f,0.4361f,4.3088f,0.4335f,0.1368f,-0.8907f,2.9883f,0f,0f,0f,1f],start_interpolation: 0,interpolation_duration: 1}
$data merge entity $(bone_crest_right1) {transformation: [-0.5285f,0.8392f,-0.1284f,0.177f,0.7299f,0.5264f,0.4361f,4.0082f,0.4335f,0.1368f,-0.8907f,2.8538f,0f,0f,0f,1f],start_interpolation: 0,interpolation_duration: 1}
$data merge entity $(bone_head1) {transformation: [-1.048f,0.0108f,-0.0186f,0.0401f,0f,0.9071f,0.5252f,4.5095f,0.0215f,0.5251f,-0.9069f,1.6543f,0f,0f,0f,1f],start_interpolation: 0,interpolation_duration: 1}
$data merge entity $(bone_neck10) {transformation: [-1.4971f,0.0142f,-0.0272f,0.0164f,0f,1.3277f,0.6924f,4.6046f,0.0307f,0.6923f,-1.3274f,0.5008f,0f,0f,0f,1f],start_interpolation: 0,interpolation_duration: 1}
$data merge entity $(bone_neck9) {transformation: [-1.1453f,0.0118f,-0.0203f,0.0024f,0f,0.9913f,0.574f,3.313f,0.0235f,0.5739f,-0.9911f,-0.182f,0f,0f,0f,1f],start_interpolation: 0,interpolation_duration: 1}
$data merge entity $(bone_neck8) {transformation: [-1.0629f,-0.0047f,-0.0213f,0.0066f,0f,1.0382f,-0.2288f,2.5455f,0.0218f,-0.2288f,-1.038f,0.0213f,0f,0f,0f,1f],start_interpolation: 0,interpolation_duration: 1}
$data merge entity $(bone_neck7) {transformation: [-1.0554f,-0.0101f,-0.0191f,0.0162f,0f,0.9326f,-0.4946f,1.7121f,0.0217f,-0.4945f,-0.9324f,0.4885f,0f,0f,0f,1f],start_interpolation: 0,interpolation_duration: 1}
$data merge entity $(bone_neck6) {transformation: [-1.0495f,-0.0062f,-0.0206f,0.0215f,0f,1.0051f,-0.3028f,0.8214f,0.0215f,-0.3027f,-1.0049f,0.7474f,0f,0f,0f,1f],start_interpolation: 0,interpolation_duration: 1}
$data merge entity $(bone_neck_spine6) {transformation: [-1.2711f,0.0346f,0.0553f,-0.1049f,0.0498f,-0.1819f,1.2587f,0.072f,0.0421f,1.2592f,0.1803f,-1.7863f,0f,0f,0f,1f],start_interpolation: 0,interpolation_duration: 1}
$data merge entity $(bone_neck_spine7) {transformation: [-0.9889f,-0.115f,0.0936f,0.0254f,0.0823f,0.0997f,0.9916f,0.6784f,-0.1233f,0.9884f,-0.0891f,-5.3547f,0f,0f,0f,1f],start_interpolation: 0,interpolation_duration: 1}
$data merge entity $(bone_tail6) {transformation: [-1.4447f,-0.9313f,0.1032f,1.6407f,-0.3941f,0.7759f,1.4859f,0.0176f,-0.8501f,1.2231f,-0.8642f,-8.6288f,0f,0f,0f,1f],start_interpolation: 0,interpolation_duration: 1}
$data merge entity $(bone_tail5) {transformation: [-1.1935f,-0.7694f,0.0852f,1.1548f,-0.3256f,0.641f,1.2275f,0.4224f,-0.7023f,1.0103f,-0.7139f,-7.9907f,0f,0f,0f,1f],start_interpolation: 0,interpolation_duration: 1}
$data merge entity $(bone_tail4) {transformation: [-0.8794f,-0.5669f,0.0628f,0.9118f,-0.2399f,0.4723f,0.9045f,0.6249f,-0.5175f,0.7445f,-0.526f,-7.6716f,0f,0f,0f,1f],start_interpolation: 0,interpolation_duration: 1}
$data merge entity $(bone_segment18) {transformation: [-0.839f,-0.5381f,-0.0811f,0.6097f,-0.2289f,0.2137f,0.9497f,0.7449f,-0.4937f,0.8154f,-0.3025f,-7.2138f,0f,0f,0f,1f],start_interpolation: 0,interpolation_duration: 1}
$data merge entity $(bone_segment17) {transformation: [-0.9056f,-0.4241f,0.0056f,0.3001f,0.1433f,-0.2934f,0.9452f,0.5307f,-0.3992f,0.8568f,0.3265f,-6.5884f,0f,0f,0f,1f],start_interpolation: 0,interpolation_duration: 1}
$data merge entity $(bone_segment16) {transformation: [-0.9606f,-0.2765f,0.0287f,0.0362f,0.1038f,-0.261f,0.9598f,0.2816f,-0.2579f,0.9249f,0.2794f,-5.7055f,0f,0f,0f,1f],start_interpolation: 0,interpolation_duration: 1}
$data merge entity $(bone_segment15) {transformation: [-0.9889f,-0.1353f,0.0607f,-0.1234f,0.0823f,-0.1603f,0.9836f,0.0925f,-0.1233f,0.9777f,0.1697f,-4.5525f,0f,0f,0f,1f],start_interpolation: 0,interpolation_duration: 1}
$data merge entity $(bone_segment14) {transformation: [-1.0461f,-0.0406f,0.0528f,-0.169f,0.0611f,-0.2523f,1.0155f,-0.1913f,-0.0266f,1.0166f,0.2541f,-3.4089f,0f,0f,0f,1f],start_interpolation: 0,interpolation_duration: 1}
$data merge entity $(bone_segment13) {transformation: [-1.0244f,0.0197f,0.0487f,-0.1466f,0.0401f,-0.3205f,0.9735f,-0.604f,0.0339f,0.9742f,0.3193f,-2.2444f,0f,0f,0f,1f],start_interpolation: 0,interpolation_duration: 1}
$data merge entity $(bone_segment12) {transformation: [-1.1128f,0.0672f,0.0404f,-0.0654f,0.0458f,0.0912f,1.1109f,-0.4937f,0.0636f,1.1098f,-0.0938f,-0.9037f,0f,0f,0f,1f],start_interpolation: 0,interpolation_duration: 1}
$data merge entity $(bone_segment11) {transformation: [-1.189f,0.0584f,0.0017f,0.0046f,0.0345f,0.6758f,0.9794f,0.2872f,0.0471f,0.9783f,-0.6767f,0.2268f,0f,0f,0f,1f],start_interpolation: 0,interpolation_duration: 1}
$data merge entity $(bone_segment10) {transformation: [-1.048f,0.0118f,-0.018f,0.0229f,0f,0.8763f,0.5752f,1.1842f,0.0215f,0.575f,-0.8761f,0.8153f,0f,0f,0f,1f],start_interpolation: 0,interpolation_duration: 1}
data modify entity @s data merge value {"cameras":{},"locators":{"mouth":{"px":0.08293041320288416,"py":3.1760454715667987,"pz":3.741370398979943,"ry":178.82442949541505,"rx":59.928546317821734}}}
function animated_java:gyarados/animations/surfacewater_idle/zzz/frames/on_tick/transform_floating_entities