# This file was generated by Animated Java via MC-Build. It is not recommended to edit this file directly.
$data merge entity $(bone_neck_spine5) {transformation: [-1.5713f,-0.0164f,0.0517f,0.1228f,0f,1.4986f,0.4756f,4.4391f,-0.0542f,0.4753f,-1.4977f,-0.2947f,0f,0f,0f,1f],start_interpolation: 0,interpolation_duration: 1}
$data merge entity $(bone_neck_spine2) {transformation: [-1.4965f,-0.0129f,0.05f,-0.0568f,0f,1.45f,0.3739f,5.5546f,-0.0516f,0.3737f,-1.4491f,1.656f,0f,0f,0f,1f],start_interpolation: 0,interpolation_duration: 1}
$data merge entity $(bone_scale_neck_left1) {transformation: [-1.5956f,0.3845f,0.1392f,0.7377f,0.3954f,1.3073f,0.9208f,4.6899f,0.1045f,0.9254f,-1.3586f,1.4253f,0f,0f,0f,1f],start_interpolation: 0,interpolation_duration: 1}
$data merge entity $(bone_scale_neck_right1) {transformation: [-1.5846f,-0.4474f,-0.0452f,-0.8336f,-0.3954f,1.3073f,0.9208f,4.6899f,-0.2142f,0.8967f,-1.365f,1.3711f,0f,0f,0f,1f],start_interpolation: 0,interpolation_duration: 1}
$data merge entity $(bone_blush_right1) {transformation: [-0.9994f,-0.0186f,0.029f,-0.7485f,0f,0.8424f,0.5389f,3.8649f,-0.0345f,0.5386f,-0.8419f,2.4889f,0f,0f,0f,1f],start_interpolation: 0,interpolation_duration: 1}
$data merge entity $(bone_blush_left1) {transformation: [-0.9994f,-0.0186f,0.029f,0.5759f,0f,0.8424f,0.5389f,3.8649f,-0.0345f,0.5386f,-0.8419f,2.5346f,0f,0f,0f,1f],start_interpolation: 0,interpolation_duration: 1}
$data merge entity $(bone_left_head_scales) {transformation: [-0.8999f,-0.0186f,-0.4357f,0.5849f,-0.2488f,0.8424f,0.478f,4.6916f,0.3582f,0.5386f,-0.7627f,2.5972f,0f,0f,0f,1f],start_interpolation: 0,interpolation_duration: 1}
$data merge entity $(bone_left_head_scales2) {transformation: [-0.8353f,-0.0186f,-0.5495f,0.5967f,-0.3091f,0.8424f,0.4414f,3.844f,0.4546f,0.5386f,-0.7094f,2.2552f,0f,0f,0f,1f],start_interpolation: 0,interpolation_duration: 1}
$data merge entity $(bone_left_head_scales1) {transformation: [-0.9994f,-0.0186f,0.029f,0.587f,0f,0.8424f,0.5389f,4.597f,-0.0345f,0.5386f,-0.8419f,2.5367f,0f,0f,0f,1f],start_interpolation: 0,interpolation_duration: 1}
$data merge entity $(bone_right_head_scales) {transformation: [-0.8731f,-0.0186f,0.4872f,-0.7619f,0.2488f,0.8424f,0.478f,4.6916f,-0.4193f,0.5386f,-0.7308f,2.5508f,0f,0f,0f,1f],start_interpolation: 0,interpolation_duration: 1}
$data merge entity $(bone_right_head_scales2) {transformation: [-0.802f,-0.0186f,0.597f,-0.7501f,0.3091f,0.8424f,0.4414f,3.844f,-0.5111f,0.5386f,-0.6699f,2.2087f,0f,0f,0f,1f],start_interpolation: 0,interpolation_duration: 1}
$data merge entity $(bone_right_head_scales1) {transformation: [-0.9994f,-0.0186f,0.029f,-0.7598f,0f,0.8424f,0.5389f,4.597f,-0.0345f,0.5386f,-0.8419f,2.4903f,0f,0f,0f,1f],start_interpolation: 0,interpolation_duration: 1}
$data merge entity $(bone_head_left_fin1) {transformation: [-0.7523f,0.0134f,-0.7297f,0.5973f,-0.1578f,1.0202f,0.1815f,4.2877f,0.7126f,0.2401f,-0.7302f,2.239f,0f,0f,0f,1f],start_interpolation: 0,interpolation_duration: 1}
$data merge entity $(bone_head_right_fin1) {transformation: [-0.7014f,-0.03f,0.7783f,-0.7496f,0.1578f,1.0202f,0.1815f,4.2877f,-0.7627f,0.2386f,-0.6782f,2.1925f,0f,0f,0f,1f],start_interpolation: 0,interpolation_duration: 1}
$data merge entity $(bone_right_whisker16) {transformation: [0.2611f,0.9284f,-0.2645f,-1.269f,0.9639f,-0.2654f,0.0199f,1.5581f,-0.0517f,-0.2602f,-0.9642f,1.9653f,0f,0f,0f,1f],start_interpolation: 0,interpolation_duration: 1}
$data merge entity $(bone_right_whisker15) {transformation: [-0.8863f,0.38f,-0.2645f,-0.9704f,0.389f,0.921f,0.0199f,1.427f,0.2512f,-0.0852f,-0.9642f,1.8807f,0f,0f,0f,1f],start_interpolation: 0,interpolation_duration: 1}
$data merge entity $(bone_right_whisker14) {transformation: [-0.719f,-0.6427f,-0.2645f,-0.7281f,-0.6704f,0.7418f,0.0199f,1.6529f,0.1834f,0.1916f,-0.9642f,1.8189f,0f,0f,0f,1f],start_interpolation: 0,interpolation_duration: 1}
$data merge entity $(bone_right_whisker13) {transformation: [-0.0867f,-0.9956f,-0.036f,-0.6989f,-0.9723f,0.0767f,0.2206f,1.9805f,-0.2168f,0.0542f,-0.9747f,1.892f,0f,0f,0f,1f],start_interpolation: 0,interpolation_duration: 1}
$data merge entity $(bone_right_whisker12) {transformation: [0.0819f,-0.9965f,-0.0164f,-0.7357f,-0.9012f,-0.081f,0.4258f,2.3853f,-0.4257f,-0.0201f,-0.9047f,2.0832f,0f,0f,0f,1f],start_interpolation: 0,interpolation_duration: 1}
$data merge entity $(bone_right_whisker11) {transformation: [0.2967f,-0.9549f,0.0089f,-0.869f,-0.9466f,-0.2929f,0.1351f,2.8105f,-0.1264f,-0.0486f,-0.9908f,2.14f,0f,0f,0f,1f],start_interpolation: 0,interpolation_duration: 1}
$data merge entity $(bone_right_whisker10) {transformation: [0.0665f,-0.9904f,0.1212f,-0.8989f,-0.991f,-0.0797f,-0.1078f,3.2557f,0.1164f,-0.113f,-0.9868f,2.0877f,0f,0f,0f,1f],start_interpolation: 0,interpolation_duration: 1}
$data merge entity $(bone_right_whisker1) {transformation: [-0.3345f,-0.938f,0.091f,-0.7486f,-0.9265f,0.3449f,0.1507f,3.6719f,-0.1727f,-0.0339f,-0.9844f,2.1652f,0f,0f,0f,1f],start_interpolation: 0,interpolation_duration: 1}
$data merge entity $(bone_left_whisker16) {transformation: [0.2569f,-0.9082f,0.3303f,1.1312f,-0.9639f,-0.2654f,0.0199f,1.5581f,0.0696f,-0.3235f,-0.9437f,2.0481f,0f,0f,0f,1f],start_interpolation: 0,interpolation_duration: 1}
$data merge entity $(bone_left_whisker15) {transformation: [-0.8669f,-0.3733f,0.3303f,0.8391f,-0.389f,0.921f,0.0199f,1.427f,-0.3117f,-0.1112f,-0.9437f,1.9431f,0f,0f,0f,1f],start_interpolation: 0,interpolation_duration: 1}
$data merge entity $(bone_left_whisker14) {transformation: [-0.7047f,0.628f,0.3303f,0.6017f,0.6704f,0.7418f,0.0199f,1.6529f,-0.2325f,0.2355f,-0.9437f,1.8648f,0f,0f,0f,1f],start_interpolation: 0,interpolation_duration: 1}
$data merge entity $(bone_left_whisker13) {transformation: [-0.1014f,0.9895f,0.1031f,0.5675f,0.9723f,0.0767f,0.2206f,1.9805f,0.2104f,0.1226f,-0.9699f,1.9356f,0f,0f,0f,1f],start_interpolation: 0,interpolation_duration: 1}
$data merge entity $(bone_left_whisker12) {transformation: [0.0523f,0.9955f,0.0787f,0.591f,0.9012f,-0.081f,0.4258f,2.3853f,0.4303f,0.0487f,-0.9014f,2.1289f,0f,0f,0f,1f],start_interpolation: 0,interpolation_duration: 1}
$data merge entity $(bone_left_whisker11) {transformation: [0.2873f,0.956f,0.0593f,0.7201f,0.9466f,-0.2929f,0.1351f,2.8105f,0.1465f,0.0173f,-0.9891f,2.1948f,0f,0f,0f,1f],start_interpolation: 0,interpolation_duration: 1}
$data merge entity $(bone_left_whisker10) {transformation: [0.0744f,0.9958f,-0.053f,0.7535f,0.991f,-0.0797f,-0.1078f,3.2557f,-0.1115f,-0.0445f,-0.9928f,2.1447f,0f,0f,0f,1f],start_interpolation: 0,interpolation_duration: 1}
$data merge entity $(bone_left_whisker1) {transformation: [-0.3456f,0.9381f,-0.0229f,0.5982f,0.9265f,0.3449f,0.1507f,3.6719f,0.1492f,0.0308f,-0.9883f,2.2117f,0f,0f,0f,1f],start_interpolation: 0,interpolation_duration: 1}
$data merge entity $(bone_upper_left_tooth1) {transformation: [-0.9994f,-0.016f,0.0305f,0.1987f,0f,0.8861f,0.4634f,3.539f,-0.0345f,0.4631f,-0.8856f,3.2077f,0f,0f,0f,1f],start_interpolation: 0,interpolation_duration: 1}
$data merge entity $(bone_upper_right_tooth1) {transformation: [-0.9994f,-0.016f,0.0305f,-0.4748f,0f,0.8861f,0.4634f,3.539f,-0.0345f,0.4631f,-0.8856f,3.1845f,0f,0f,0f,1f],start_interpolation: 0,interpolation_duration: 1}
$data merge entity $(bone_top_lip1) {transformation: [-0.9994f,0.0011f,0.0345f,-0.112f,0f,0.9995f,-0.0311f,3.6484f,-0.0345f,-0.031f,-0.9989f,3.2543f,0f,0f,0f,1f],start_interpolation: 0,interpolation_duration: 1}
$data merge entity $(bone_muzzle1) {transformation: [-0.9994f,-0.016f,0.0305f,-0.0975f,0f,0.8861f,0.4634f,4.0579f,-0.0345f,0.4631f,-0.8856f,2.835f,0f,0f,0f,1f],start_interpolation: 0,interpolation_duration: 1}
$data merge entity $(bone_jaw_right_tooth1) {transformation: [-0.9994f,0.0036f,0.0343f,-0.4741f,0f,0.9946f,-0.104f,3.4001f,-0.0345f,-0.1039f,-0.994f,3.1655f,0f,0f,0f,1f],start_interpolation: 0,interpolation_duration: 1}
$data merge entity $(bone_jaw_left_tooth1) {transformation: [-0.9994f,0.0036f,0.0343f,0.2554f,0f,0.9946f,-0.104f,3.4001f,-0.0345f,-0.1039f,-0.994f,3.1907f,0f,0f,0f,1f],start_interpolation: 0,interpolation_duration: 1}
$data merge entity $(bone_tongue1) {transformation: [-0.9994f,-0.0102f,0.0329f,-0.0826f,0f,0.9551f,0.2964f,3.629f,-0.0345f,0.2962f,-0.9545f,2.4038f,0f,0f,0f,1f],start_interpolation: 0,interpolation_duration: 1}
$data merge entity $(bone_jaw_lips1) {transformation: [-0.9994f,-0.0102f,0.0329f,-0.0548f,0f,0.9551f,0.2964f,3.2393f,-0.0345f,0.2962f,-0.9545f,3.225f,0f,0f,0f,1f],start_interpolation: 0,interpolation_duration: 1}
$data merge entity $(bone_jaw3) {transformation: [-0.9994f,-0.0024f,0.0344f,-0.0237f,0f,0.9975f,0.0703f,3.2185f,-0.0345f,0.0703f,-0.9969f,2.3234f,0f,0f,0f,1f],start_interpolation: 0,interpolation_duration: 1}
$data merge entity $(bone_jaw1) {transformation: [-0.9994f,-0.026f,0.0226f,-0.0034f,0f,0.6556f,0.7551f,3.8969f,-0.0345f,0.7546f,-0.6552f,1.7347f,0f,0f,0f,1f],start_interpolation: 0,interpolation_duration: 1}
$data merge entity $(bone_tear_right1) {transformation: [-0.9994f,-0.0186f,0.029f,-0.7027f,0f,0.8424f,0.5389f,4.1415f,-0.0345f,0.5386f,-0.8419f,2.7876f,0f,0f,0f,1f],start_interpolation: 0,interpolation_duration: 1}
$data merge entity $(bone_right_pupil1) {transformation: [-0.9994f,-0.0186f,0.029f,-0.5215f,0f,0.8424f,0.5389f,4.1998f,-0.0345f,0.5386f,-0.8419f,2.9112f,0f,0f,0f,1f],start_interpolation: 0,interpolation_duration: 1}
$data merge entity $(bone_right_sad_pupil1) {transformation: [-0.9994f,-0.0186f,0.029f,-0.5212f,0f,0.8424f,0.5389f,4.2059f,-0.0345f,0.5386f,-0.8419f,2.9018f,0f,0f,0f,1f],start_interpolation: 0,interpolation_duration: 1}
$data merge entity $(bone_right_happy_pupil1) {transformation: [-0.9994f,-0.0186f,0.029f,-0.5487f,0f,0.8424f,0.5389f,4.1822f,-0.0345f,0.5386f,-0.8419f,2.8857f,0f,0f,0f,1f],start_interpolation: 0,interpolation_duration: 1}
$data merge entity $(bone_eyelid_right1) {transformation: [-0.9994f,-0.0186f,0.029f,-0.0717f,0f,0.8424f,0.5389f,4.4612f,-0.0345f,0.5386f,-0.8419f,2.4137f,0f,0f,0f,1f],start_interpolation: 0,interpolation_duration: 1}
$data merge entity $(bone_eyelid_expressions_right5) {transformation: [-0.9994f,-0.0186f,0.029f,-0.6523f,0f,0.8424f,0.5389f,4.3005f,-0.0345f,0.5386f,-0.8419f,2.9578f,0f,0f,0f,1f],start_interpolation: 0,interpolation_duration: 1}
$data merge entity $(bone_eyelid_expressions_right7) {transformation: [-0.9994f,-0.0186f,0.029f,-0.3156f,0f,0.8424f,0.5389f,4.3005f,-0.0345f,0.5386f,-0.8419f,2.9694f,0f,0f,0f,1f],start_interpolation: 0,interpolation_duration: 1}
$data merge entity $(bone_eyelid_expressions_right6) {transformation: [-0.9994f,-0.0186f,0.029f,-0.4279f,0f,0.8424f,0.5389f,4.3005f,-0.0345f,0.5386f,-0.8419f,2.9655f,0f,0f,0f,1f],start_interpolation: 0,interpolation_duration: 1}
$data merge entity $(bone_right_eye1) {transformation: [-0.9994f,-0.0186f,0.029f,-0.0833f,0f,0.8424f,0.5389f,4.4551f,-0.0345f,0.5386f,-0.8419f,2.4228f,0f,0f,0f,1f],start_interpolation: 0,interpolation_duration: 1}
$data merge entity $(bone_tear_left1) {transformation: [-0.9994f,-0.0186f,0.029f,0.5095f,0f,0.8424f,0.5389f,4.1415f,-0.0345f,0.5386f,-0.8419f,2.8294f,0f,0f,0f,1f],start_interpolation: 0,interpolation_duration: 1}
$data merge entity $(bone_left_sad_pupil1) {transformation: [-0.9994f,-0.0186f,0.029f,0.3206f,0f,0.8424f,0.5389f,4.2059f,-0.0345f,0.5386f,-0.8419f,2.9308f,0f,0f,0f,1f],start_interpolation: 0,interpolation_duration: 1}
$data merge entity $(bone_left_pupil1) {transformation: [-0.9994f,-0.0186f,0.029f,0.3203f,0f,0.8424f,0.5389f,4.1998f,-0.0345f,0.5386f,-0.8419f,2.9403f,0f,0f,0f,1f],start_interpolation: 0,interpolation_duration: 1}
$data merge entity $(bone_eyelid_left1) {transformation: [-0.9994f,-0.0186f,0.029f,-0.0942f,0f,0.8424f,0.5389f,4.4612f,-0.0345f,0.5386f,-0.8419f,2.4129f,0f,0f,0f,1f],start_interpolation: 0,interpolation_duration: 1}
$data merge entity $(bone_left_happy_pupil1) {transformation: [-0.9994f,-0.0186f,0.029f,0.3492f,0f,0.8424f,0.5389f,4.1822f,-0.0345f,0.5386f,-0.8419f,2.9167f,0f,0f,0f,1f],start_interpolation: 0,interpolation_duration: 1}
$data merge entity $(bone_eyelid_expressions_left5) {transformation: [-0.9994f,-0.0186f,0.029f,0.4476f,0f,0.8424f,0.5389f,4.3005f,-0.0345f,0.5386f,-0.8419f,2.9957f,0f,0f,0f,1f],start_interpolation: 0,interpolation_duration: 1}
$data merge entity $(bone_eyelid_expressions_left7) {transformation: [-0.9994f,-0.0186f,0.029f,0.1109f,0f,0.8424f,0.5389f,4.3005f,-0.0345f,0.5386f,-0.8419f,2.9841f,0f,0f,0f,1f],start_interpolation: 0,interpolation_duration: 1}
$data merge entity $(bone_eyelid_expressions_left6) {transformation: [-0.9994f,-0.0186f,0.029f,0.2231f,0f,0.8424f,0.5389f,4.3005f,-0.0345f,0.5386f,-0.8419f,2.988f,0f,0f,0f,1f],start_interpolation: 0,interpolation_duration: 1}
$data merge entity $(bone_left_eye1) {transformation: [-0.9994f,-0.0186f,0.029f,-0.0833f,0f,0.8424f,0.5389f,4.4551f,-0.0345f,0.5386f,-0.8419f,2.4228f,0f,0f,0f,1f],start_interpolation: 0,interpolation_duration: 1}
$data merge entity $(bone_crest_middle5) {transformation: [-0.9994f,-0.0119f,0.0324f,-0.1229f,0f,0.939f,0.3438f,5.3655f,-0.0345f,0.3436f,-0.9385f,3.5704f,0f,0f,0f,1f],start_interpolation: 0,interpolation_duration: 1}
$data merge entity $(bone_crest_middle4) {transformation: [-0.9994f,-0.0119f,0.0324f,-0.1149f,0f,0.939f,0.3438f,4.7327f,-0.0345f,0.3436f,-0.9385f,3.3389f,0f,0f,0f,1f],start_interpolation: 0,interpolation_duration: 1}
$data merge entity $(bone_crest_middle1) {transformation: [-0.9994f,-0.0119f,0.0324f,-0.1116f,0f,0.939f,0.3438f,4.2292f,-0.0345f,0.3436f,-0.9385f,3.2443f,0f,0f,0f,1f],start_interpolation: 0,interpolation_duration: 1}
$data merge entity $(bone_crest_left5) {transformation: [-0.5213f,-0.8418f,0.1401f,-1.2177f,-0.7105f,0.5191f,0.4752f,4.772f,-0.4727f,0.1482f,-0.8686f,3.2702f,0f,0f,0f,1f],start_interpolation: 0,interpolation_duration: 1}
$data merge entity $(bone_crest_left4) {transformation: [-0.5213f,-0.8418f,0.1401f,-0.745f,-0.7105f,0.5191f,0.4752f,4.4806f,-0.4727f,0.1482f,-0.8686f,3.187f,0f,0f,0f,1f],start_interpolation: 0,interpolation_duration: 1}
$data merge entity $(bone_crest_left1) {transformation: [-0.5213f,-0.8418f,0.1401f,-0.2172f,-0.7105f,0.5191f,0.4752f,4.1866f,-0.4727f,0.1482f,-0.8686f,3.0467f,0f,0f,0f,1f],start_interpolation: 0,interpolation_duration: 1}
$data merge entity $(bone_crest_center1) {transformation: [-0.9994f,-0.0186f,0.029f,-0.1044f,0f,0.8424f,0.5389f,4.163f,-0.0345f,0.5386f,-0.8419f,3.0354f,0f,0f,0f,1f],start_interpolation: 0,interpolation_duration: 1}
$data merge entity $(bone_crest_right5) {transformation: [-0.5526f,0.8296f,-0.0799f,0.99f,0.7105f,0.5191f,0.4752f,4.772f,0.4357f,0.2058f,-0.8762f,3.3463f,0f,0f,0f,1f],start_interpolation: 0,interpolation_duration: 1}
$data merge entity $(bone_crest_right4) {transformation: [-0.5526f,0.8296f,-0.0799f,0.5242f,0.7105f,0.5191f,0.4752f,4.4806f,0.4357f,0.2058f,-0.8762f,3.2307f,0f,0f,0f,1f],start_interpolation: 0,interpolation_duration: 1}
$data merge entity $(bone_crest_right1) {transformation: [-0.5526f,0.8296f,-0.0799f,0.0073f,0.7105f,0.5191f,0.4752f,4.1866f,0.4357f,0.2058f,-0.8762f,3.0544f,0f,0f,0f,1f],start_interpolation: 0,interpolation_duration: 1}
$data merge entity $(bone_head1) {transformation: [-1.0476f,-0.0195f,0.0304f,-0.0643f,0f,0.883f,0.5649f,4.7407f,-0.0361f,0.5645f,-0.8824f,1.8725f,0f,0f,0f,1f],start_interpolation: 0,interpolation_duration: 1}
$data merge entity $(bone_neck10) {transformation: [-1.4965f,-0.0193f,0.0479f,-0.0244f,0f,1.3887f,0.56f,4.7231f,-0.0516f,0.5597f,-1.3879f,0.7157f,0f,0f,0f,1f],start_interpolation: 0,interpolation_duration: 1}
$data merge entity $(bone_neck9) {transformation: [-1.1448f,-0.0213f,0.0333f,0.0011f,0f,0.9649f,0.6173f,3.463f,-0.0395f,0.6169f,-0.9644f,-0.0233f,0f,0f,0f,1f],start_interpolation: 0,interpolation_duration: 1}
$data merge entity $(bone_neck8) {transformation: [-1.0625f,0.0063f,0.0361f,-0.0047f,0f,1.0473f,-0.1826f,2.6873f,-0.0366f,-0.1825f,-1.0467f,0.1458f,0f,0f,0f,1f],start_interpolation: 0,interpolation_duration: 1}
$data merge entity $(bone_neck7) {transformation: [-1.055f,0.0174f,0.0319f,-0.0212f,0f,0.9264f,-0.5062f,1.8597f,-0.0364f,-0.5059f,-0.9259f,0.6231f,0f,0f,0f,1f],start_interpolation: 0,interpolation_duration: 1}
$data merge entity $(bone_neck6) {transformation: [-1.0491f,0.0127f,0.0339f,-0.0322f,0f,0.9824f,-0.3698f,0.9885f,-0.0362f,-0.3695f,-0.9818f,0.9413f,0f,0f,0f,1f],start_interpolation: 0,interpolation_duration: 1}
$data merge entity $(bone_neck_spine6) {transformation: [-1.2715f,0.057f,0.0049f,0.1144f,0.005f,0.0019f,1.2728f,0.1522f,0.057f,1.2715f,-0.0022f,-1.6502f,0f,0f,0f,1f],start_interpolation: 0,interpolation_duration: 1}
$data merge entity $(bone_neck_spine7) {transformation: [-0.9645f,0.2428f,-0.1035f,-0.3819f,-0.0175f,0.3324f,0.943f,0.0723f,0.2634f,0.9114f,-0.3163f,-5.2788f,0f,0f,0f,1f],start_interpolation: 0,interpolation_duration: 1}
$data merge entity $(bone_tail6) {transformation: [-1.5195f,0.7687f,0.2558f,-1.9053f,0.2054f,-0.1604f,1.7022f,0.2122f,0.7837f,1.5325f,0.0498f,-8.7145f,0f,0f,0f,1f],start_interpolation: 0,interpolation_duration: 1}
$data merge entity $(bone_tail5) {transformation: [-1.2553f,0.635f,0.2113f,-1.5042f,0.1697f,-0.1325f,1.4061f,0.1285f,0.6474f,1.266f,0.0412f,-7.9149f,0f,0f,0f,1f],start_interpolation: 0,interpolation_duration: 1}
$data merge entity $(bone_tail4) {transformation: [-0.9249f,0.4679f,0.1557f,-1.3037f,0.125f,-0.0976f,1.0361f,0.0866f,0.477f,0.9328f,0.0303f,-7.5152f,0f,0f,0f,1f],start_interpolation: 0,interpolation_duration: 1}
$data merge entity $(bone_segment18) {transformation: [-0.8824f,0.4102f,0.2303f,-1.0733f,0.1193f,-0.2786f,0.953f,-0.0698f,0.4551f,0.8684f,0.1969f,-7.0275f,0f,0f,0f,1f],start_interpolation: 0,interpolation_duration: 1}
$data merge entity $(bone_segment17) {transformation: [-0.9096f,0.3955f,0.1274f,-0.7847f,-0.0142f,-0.3361f,0.9417f,-0.3151f,0.4152f,0.8548f,0.3113f,-6.4035f,0f,0f,0f,1f],start_interpolation: 0,interpolation_duration: 1}
$data merge entity $(bone_segment16) {transformation: [-0.9317f,0.3625f,0.0225f,-0.4386f,-0.0093f,-0.0859f,0.9963f,-0.3971f,0.3631f,0.928f,0.0834f,-5.5177f,0f,0f,0f,1f],start_interpolation: 0,interpolation_duration: 1}
$data merge entity $(bone_segment15) {transformation: [-0.9645f,0.2613f,-0.0372f,-0.1305f,-0.0175f,0.077f,0.9969f,-0.3063f,0.2634f,0.9622f,-0.0697f,-4.3831f,0f,0f,0f,1f],start_interpolation: 0,interpolation_duration: 1}
$data merge entity $(bone_segment14) {transformation: [-1.0368f,0.1535f,-0.0096f,0.0423f,-0.0146f,-0.0328f,1.0476f,-0.3432f,0.1532f,1.0363f,0.0346f,-3.2172f,0f,0f,0f,1f],start_interpolation: 0,interpolation_duration: 1}
$data merge entity $(bone_segment13) {transformation: [-1.0247f,0.0445f,0.0118f,0.0956f,0.004f,-0.1766f,1.0104f,-0.5835f,0.0459f,1.0094f,0.1762f,-2.0063f,0f,0f,0f,1f],start_interpolation: 0,interpolation_duration: 1}
$data merge entity $(bone_segment12) {transformation: [-1.115f,-0.0351f,-0.0033f,0.0532f,-0.0086f,0.1696f,1.1026f,-0.3786f,-0.0342f,1.102f,-0.1698f,-0.675f,0f,0f,0f,1f],start_interpolation: 0,interpolation_duration: 1}
$data merge entity $(bone_segment11) {transformation: [-1.189f,-0.0572f,0.0142f,-0.0107f,-0.0224f,0.7043f,0.9594f,0.4354f,-0.0545f,0.958f,-0.7046f,0.4323f,0f,0f,0f,1f],start_interpolation: 0,interpolation_duration: 1}
$data merge entity $(bone_segment10) {transformation: [-1.0476f,-0.0186f,0.031f,-0.0337f,0f,0.8984f,0.54f,1.355f,-0.0361f,0.5397f,-0.8978f,0.9846f,0f,0f,0f,1f],start_interpolation: 0,interpolation_duration: 1}
data modify entity @s data merge value {"cameras":{},"locators":{"mouth":{"px":-0.13414980705293583,"py":3.3161273255911423,"pz":3.8978050281057737,"ry":181.97537668119028,"rx":57.391720396870994}}}
function animated_java:gyarados/animations/surfacewater_idle/zzz/frames/on_tick/transform_floating_entities