# This file was generated by Animated Java via MC-Build. It is not recommended to edit this file directly.
$data merge entity $(bone_neck_spine5) {transformation: [-1.5714f,-0.0147f,0.0485f,0.1202f,0f,1.5043f,0.4572f,4.4492f,-0.0507f,0.4569f,-1.5036f,-0.3002f,0f,0f,0f,1f],start_interpolation: 0,interpolation_duration: 1}
$data merge entity $(bone_neck_spine2) {transformation: [-1.4966f,-0.0108f,0.0471f,-0.0542f,0f,1.4594f,0.3352f,5.6019f,-0.0483f,0.3351f,-1.4586f,1.6248f,0f,0f,0f,1f],start_interpolation: 0,interpolation_duration: 1}
$data merge entity $(bone_scale_neck_left1) {transformation: [-1.595f,0.3877f,0.1369f,0.7391f,0.3995f,1.331f,0.8842f,4.7306f,0.0975f,0.8894f,-1.3829f,1.4155f,0f,0f,0f,1f],start_interpolation: 0,interpolation_duration: 1}
$data merge entity $(bone_scale_neck_right1) {transformation: [-1.5854f,-0.4442f,-0.0475f,-0.8324f,-0.3995f,1.331f,0.8842f,4.7306f,-0.2001f,0.8626f,-1.3889f,1.3648f,0f,0f,0f,1f],start_interpolation: 0,interpolation_duration: 1}
$data merge entity $(bone_blush_right1) {transformation: [-0.9995f,-0.017f,0.0274f,-0.7451f,0f,0.8489f,0.5285f,3.9262f,-0.0322f,0.5282f,-0.8485f,2.4916f,0f,0f,0f,1f],start_interpolation: 0,interpolation_duration: 1}
$data merge entity $(bone_blush_left1) {transformation: [-0.9995f,-0.017f,0.0274f,0.5794f,0f,0.8489f,0.5285f,3.9262f,-0.0322f,0.5282f,-0.8485f,2.5343f,0f,0f,0f,1f],start_interpolation: 0,interpolation_duration: 1}
$data merge entity $(bone_left_head_scales) {transformation: [-0.8992f,-0.017f,-0.4372f,0.5889f,-0.244f,0.8489f,0.4688f,4.7536f,0.3632f,0.5282f,-0.7675f,2.5868f,0f,0f,0f,1f],start_interpolation: 0,interpolation_duration: 1}
$data merge entity $(bone_left_head_scales2) {transformation: [-0.8344f,-0.017f,-0.5509f,0.5996f,-0.3031f,0.8489f,0.4329f,3.9019f,0.4603f,0.5282f,-0.7135f,2.2551f,0f,0f,0f,1f],start_interpolation: 0,interpolation_duration: 1}
$data merge entity $(bone_left_head_scales1) {transformation: [-0.9995f,-0.017f,0.0274f,0.5908f,0f,0.8489f,0.5285f,4.6583f,-0.0322f,0.5282f,-0.8485f,2.5275f,0f,0f,0f,1f],start_interpolation: 0,interpolation_duration: 1}
$data merge entity $(bone_right_head_scales) {transformation: [-0.8739f,-0.017f,0.4858f,-0.758f,0.244f,0.8489f,0.4688f,4.7536f,-0.4204f,0.5282f,-0.7377f,2.5433f,0f,0f,0f,1f],start_interpolation: 0,interpolation_duration: 1}
$data merge entity $(bone_right_head_scales2) {transformation: [-0.803f,-0.017f,0.5957f,-0.7473f,0.3031f,0.8489f,0.4329f,3.9019f,-0.5131f,0.5282f,-0.6766f,2.2117f,0f,0f,0f,1f],start_interpolation: 0,interpolation_duration: 1}
$data merge entity $(bone_right_head_scales1) {transformation: [-0.9995f,-0.017f,0.0274f,-0.7561f,0f,0.8489f,0.5285f,4.6583f,-0.0322f,0.5282f,-0.8485f,2.484f,0f,0f,0f,1f],start_interpolation: 0,interpolation_duration: 1}
$data merge entity $(bone_head_left_fin1) {transformation: [-0.7508f,0.0144f,-0.7313f,0.6003f,-0.1487f,1.0231f,0.1728f,4.3453f,0.7162f,0.2275f,-0.7308f,2.2335f,0f,0f,0f,1f],start_interpolation: 0,interpolation_duration: 1}
$data merge entity $(bone_head_right_fin1) {transformation: [-0.7031f,-0.029f,0.7769f,-0.7467f,0.1487f,1.0231f,0.1728f,4.3453f,-0.7631f,0.2261f,-0.6821f,2.1901f,0f,0f,0f,1f],start_interpolation: 0,interpolation_duration: 1}
$data merge entity $(bone_right_whisker16) {transformation: [0.2614f,0.9277f,-0.2666f,-1.2677f,0.9631f,-0.269f,0.0082f,1.6134f,-0.0641f,-0.2589f,-0.9638f,1.9976f,0f,0f,0f,1f],start_interpolation: 0,interpolation_duration: 1}
$data merge entity $(bone_right_whisker15) {transformation: [-0.8856f,0.3802f,-0.2666f,-0.9693f,0.3924f,0.9198f,0.0082f,1.4811f,0.2484f,-0.0974f,-0.9638f,1.9139f,0f,0f,0f,1f],start_interpolation: 0,interpolation_duration: 1}
$data merge entity $(bone_right_whisker14) {transformation: [-0.7189f,-0.642f,-0.2666f,-0.7271f,-0.6677f,0.7443f,0.0082f,1.7061f,0.1932f,0.1839f,-0.9638f,1.8488f,0f,0f,0f,1f],start_interpolation: 0,interpolation_duration: 1}
$data merge entity $(bone_right_whisker13) {transformation: [-0.0876f,-0.9954f,-0.0381f,-0.6976f,-0.9749f,0.0778f,0.2086f,2.0346f,-0.2047f,0.0554f,-0.9773f,1.9178f,0f,0f,0f,1f],start_interpolation: 0,interpolation_duration: 1}
$data merge entity $(bone_right_whisker12) {transformation: [0.0805f,-0.9966f,-0.0183f,-0.7338f,-0.9064f,-0.0809f,0.4147f,2.4417f,-0.4147f,-0.0168f,-0.9098f,2.1041f,0f,0f,0f,1f],start_interpolation: 0,interpolation_duration: 1}
$data merge entity $(bone_right_whisker11) {transformation: [0.2961f,-0.9551f,0.0068f,-0.8668f,-0.9482f,-0.293f,0.1229f,2.8677f,-0.1154f,-0.0428f,-0.9924f,2.1559f,0f,0f,0f,1f],start_interpolation: 0,interpolation_duration: 1}
$data merge entity $(bone_right_whisker10) {transformation: [0.0664f,-0.9907f,0.119f,-0.8966f,-0.9895f,-0.0807f,-0.1199f,3.3122f,0.1284f,-0.1098f,-0.9856f,2.0982f,0f,0f,0f,1f],start_interpolation: 0,interpolation_duration: 1}
$data merge entity $(bone_right_whisker1) {transformation: [-0.3352f,-0.9379f,0.0888f,-0.746f,-0.9284f,0.3449f,0.1385f,3.7292f,-0.1605f,-0.036f,-0.9864f,2.1704f,0f,0f,0f,1f],start_interpolation: 0,interpolation_duration: 1}
$data merge entity $(bone_left_whisker16) {transformation: [0.2567f,-0.9091f,0.3282f,1.1327f,-0.9631f,-0.269f,0.0082f,1.6134f,0.0808f,-0.3182f,-0.9446f,2.075f,0f,0f,0f,1f],start_interpolation: 0,interpolation_duration: 1}
$data merge entity $(bone_left_whisker15) {transformation: [-0.8678f,-0.3732f,0.3282f,0.8403f,-0.3924f,0.9198f,0.0082f,1.4811f,-0.3049f,-0.1217f,-0.9446f,1.9723f,0f,0f,0f,1f],start_interpolation: 0,interpolation_duration: 1}
$data merge entity $(bone_left_whisker14) {transformation: [-0.7049f,0.6288f,0.3282f,0.6028f,0.6677f,0.7443f,0.0082f,1.7061f,-0.2391f,0.2249f,-0.9446f,1.8917f,0f,0f,0f,1f],start_interpolation: 0,interpolation_duration: 1}
$data merge entity $(bone_left_whisker13) {transformation: [-0.1006f,0.9898f,0.101f,0.5689f,0.9749f,0.0778f,0.2086f,2.0346f,0.1986f,0.1195f,-0.9728f,1.9586f,0f,0f,0f,1f],start_interpolation: 0,interpolation_duration: 1}
$data merge entity $(bone_left_whisker12) {transformation: [0.0536f,0.9956f,0.0769f,0.593f,0.9064f,-0.0809f,0.4147f,2.4417f,0.4191f,0.0474f,-0.9067f,2.1469f,0f,0f,0f,1f],start_interpolation: 0,interpolation_duration: 1}
$data merge entity $(bone_left_whisker11) {transformation: [0.288f,0.9559f,0.0572f,0.7224f,0.9482f,-0.293f,0.1229f,2.8677f,0.1343f,0.0188f,-0.9908f,2.2072f,0f,0f,0f,1f],start_interpolation: 0,interpolation_duration: 1}
$data merge entity $(bone_left_whisker10) {transformation: [0.0745f,0.9957f,-0.0552f,0.7559f,0.9895f,-0.0807f,-0.1199f,3.3122f,-0.1239f,-0.0457f,-0.9912f,2.1515f,0f,0f,0f,1f],start_interpolation: 0,interpolation_duration: 1}
$data merge entity $(bone_left_whisker1) {transformation: [-0.3449f,0.9383f,-0.0251f,0.6009f,0.9284f,0.3449f,0.1385f,3.7292f,0.1386f,0.0245f,-0.99f,2.2138f,0f,0f,0f,1f],start_interpolation: 0,interpolation_duration: 1}
$data merge entity $(bone_upper_left_tooth1) {transformation: [-0.9995f,-0.0146f,0.0288f,0.2035f,0f,0.8918f,0.4525f,3.6087f,-0.0322f,0.4523f,-0.8913f,3.2123f,0f,0f,0f,1f],start_interpolation: 0,interpolation_duration: 1}
$data merge entity $(bone_upper_right_tooth1) {transformation: [-0.9995f,-0.0146f,0.0288f,-0.4699f,0f,0.8918f,0.4525f,3.6087f,-0.0322f,0.4523f,-0.8913f,3.1905f,0f,0f,0f,1f],start_interpolation: 0,interpolation_duration: 1}
$data merge entity $(bone_top_lip1) {transformation: [-0.9995f,0.0017f,0.0322f,-0.1069f,0f,0.9987f,-0.0519f,3.7189f,-0.0322f,-0.0519f,-0.9981f,3.2582f,0f,0f,0f,1f],start_interpolation: 0,interpolation_duration: 1}
$data merge entity $(bone_muzzle1) {transformation: [-0.9995f,-0.0146f,0.0288f,-0.0932f,0f,0.8918f,0.4525f,4.1232f,-0.0322f,0.4523f,-0.8913f,2.8339f,0f,0f,0f,1f],start_interpolation: 0,interpolation_duration: 1}
$data merge entity $(bone_jaw_right_tooth1) {transformation: [-0.9995f,0.0034f,0.0321f,-0.4692f,0f,0.9945f,-0.1043f,3.4524f,-0.0322f,-0.1043f,-0.994f,3.1675f,0f,0f,0f,1f],start_interpolation: 0,interpolation_duration: 1}
$data merge entity $(bone_jaw_left_tooth1) {transformation: [-0.9995f,0.0034f,0.0321f,0.2604f,0f,0.9945f,-0.1043f,3.4524f,-0.0322f,-0.1043f,-0.994f,3.191f,0f,0f,0f,1f],start_interpolation: 0,interpolation_duration: 1}
$data merge entity $(bone_tongue1) {transformation: [-0.9995f,-0.0102f,0.0306f,-0.0797f,0f,0.9491f,0.315f,3.6972f,-0.0322f,0.3148f,-0.9486f,2.4127f,0f,0f,0f,1f],start_interpolation: 0,interpolation_duration: 1}
$data merge entity $(bone_jaw_lips1) {transformation: [-0.9995f,-0.0102f,0.0306f,-0.0497f,0f,0.9491f,0.315f,3.2916f,-0.0322f,0.3148f,-0.9486f,3.2261f,0f,0f,0f,1f],start_interpolation: 0,interpolation_duration: 1}
$data merge entity $(bone_jaw3) {transformation: [-0.9995f,-0.0023f,0.0322f,-0.0206f,0f,0.9975f,0.07f,3.2704f,-0.0322f,0.0699f,-0.997f,2.3244f,0f,0f,0f,1f],start_interpolation: 0,interpolation_duration: 1}
$data merge entity $(bone_jaw1) {transformation: [-0.9995f,-0.0243f,0.0211f,-0.0016f,0f,0.6559f,0.7548f,3.9486f,-0.0322f,0.7545f,-0.6556f,1.7354f,0f,0f,0f,1f],start_interpolation: 0,interpolation_duration: 1}
$data merge entity $(bone_tear_right1) {transformation: [-0.9995f,-0.017f,0.0274f,-0.6985f,0f,0.8489f,0.5285f,4.2065f,-0.0322f,0.5282f,-0.8485f,2.7868f,0f,0f,0f,1f],start_interpolation: 0,interpolation_duration: 1}
$data merge entity $(bone_right_pupil1) {transformation: [-0.9995f,-0.017f,0.0274f,-0.517f,0f,0.8489f,0.5285f,4.2662f,-0.0322f,0.5282f,-0.8485f,2.9093f,0f,0f,0f,1f],start_interpolation: 0,interpolation_duration: 1}
$data merge entity $(bone_right_sad_pupil1) {transformation: [-0.9995f,-0.017f,0.0274f,-0.5167f,0f,0.8489f,0.5285f,4.2721f,-0.0322f,0.5282f,-0.8485f,2.8998f,0f,0f,0f,1f],start_interpolation: 0,interpolation_duration: 1}
$data merge entity $(bone_right_happy_pupil1) {transformation: [-0.9995f,-0.017f,0.0274f,-0.5443f,0f,0.8489f,0.5285f,4.2483f,-0.0322f,0.5282f,-0.8485f,2.884f,0f,0f,0f,1f],start_interpolation: 0,interpolation_duration: 1}
$data merge entity $(bone_eyelid_right1) {transformation: [-0.9995f,-0.017f,0.0274f,-0.0683f,0f,0.8489f,0.5285f,4.5212f,-0.0322f,0.5282f,-0.8485f,2.4076f,0f,0f,0f,1f],start_interpolation: 0,interpolation_duration: 1}
$data merge entity $(bone_eyelid_expressions_right5) {transformation: [-0.9995f,-0.017f,0.0274f,-0.6477f,0f,0.8489f,0.5285f,4.3675f,-0.0322f,0.5282f,-0.8485f,2.9549f,0f,0f,0f,1f],start_interpolation: 0,interpolation_duration: 1}
$data merge entity $(bone_eyelid_expressions_right7) {transformation: [-0.9995f,-0.017f,0.0274f,-0.311f,0f,0.8489f,0.5285f,4.3675f,-0.0322f,0.5282f,-0.8485f,2.9658f,0f,0f,0f,1f],start_interpolation: 0,interpolation_duration: 1}
$data merge entity $(bone_eyelid_expressions_right6) {transformation: [-0.9995f,-0.017f,0.0274f,-0.4232f,0f,0.8489f,0.5285f,4.3675f,-0.0322f,0.5282f,-0.8485f,2.9622f,0f,0f,0f,1f],start_interpolation: 0,interpolation_duration: 1}
$data merge entity $(bone_right_eye1) {transformation: [-0.9995f,-0.017f,0.0274f,-0.0798f,0f,0.8489f,0.5285f,4.5153f,-0.0322f,0.5282f,-0.8485f,2.4168f,0f,0f,0f,1f],start_interpolation: 0,interpolation_duration: 1}
$data merge entity $(bone_tear_left1) {transformation: [-0.9995f,-0.017f,0.0274f,0.5138f,0f,0.8489f,0.5285f,4.2065f,-0.0322f,0.5282f,-0.8485f,2.8259f,0f,0f,0f,1f],start_interpolation: 0,interpolation_duration: 1}
$data merge entity $(bone_left_sad_pupil1) {transformation: [-0.9995f,-0.017f,0.0274f,0.3251f,0f,0.8489f,0.5285f,4.2721f,-0.0322f,0.5282f,-0.8485f,2.9269f,0f,0f,0f,1f],start_interpolation: 0,interpolation_duration: 1}
$data merge entity $(bone_left_pupil1) {transformation: [-0.9995f,-0.017f,0.0274f,0.3248f,0f,0.8489f,0.5285f,4.2662f,-0.0322f,0.5282f,-0.8485f,2.9364f,0f,0f,0f,1f],start_interpolation: 0,interpolation_duration: 1}
$data merge entity $(bone_eyelid_left1) {transformation: [-0.9995f,-0.017f,0.0274f,-0.0907f,0f,0.8489f,0.5285f,4.5212f,-0.0322f,0.5282f,-0.8485f,2.4069f,0f,0f,0f,1f],start_interpolation: 0,interpolation_duration: 1}
$data merge entity $(bone_left_happy_pupil1) {transformation: [-0.9995f,-0.017f,0.0274f,0.3537f,0f,0.8489f,0.5285f,4.2483f,-0.0322f,0.5282f,-0.8485f,2.913f,0f,0f,0f,1f],start_interpolation: 0,interpolation_duration: 1}
$data merge entity $(bone_eyelid_expressions_left5) {transformation: [-0.9995f,-0.017f,0.0274f,0.4523f,0f,0.8489f,0.5285f,4.3675f,-0.0322f,0.5282f,-0.8485f,2.9904f,0f,0f,0f,1f],start_interpolation: 0,interpolation_duration: 1}
$data merge entity $(bone_eyelid_expressions_left7) {transformation: [-0.9995f,-0.017f,0.0274f,0.1155f,0f,0.8489f,0.5285f,4.3675f,-0.0322f,0.5282f,-0.8485f,2.9795f,0f,0f,0f,1f],start_interpolation: 0,interpolation_duration: 1}
$data merge entity $(bone_eyelid_expressions_left6) {transformation: [-0.9995f,-0.017f,0.0274f,0.2278f,0f,0.8489f,0.5285f,4.3675f,-0.0322f,0.5282f,-0.8485f,2.9832f,0f,0f,0f,1f],start_interpolation: 0,interpolation_duration: 1}
$data merge entity $(bone_left_eye1) {transformation: [-0.9995f,-0.017f,0.0274f,-0.0798f,0f,0.8489f,0.5285f,4.5153f,-0.0322f,0.5282f,-0.8485f,2.4168f,0f,0f,0f,1f],start_interpolation: 0,interpolation_duration: 1}
$data merge entity $(bone_crest_middle5) {transformation: [-0.9995f,-0.0107f,0.0304f,-0.1164f,0f,0.9432f,0.3322f,5.4397f,-0.0322f,0.332f,-0.9427f,3.5532f,0f,0f,0f,1f],start_interpolation: 0,interpolation_duration: 1}
$data merge entity $(bone_crest_middle4) {transformation: [-0.9995f,-0.0107f,0.0304f,-0.1092f,0f,0.9432f,0.3322f,4.8042f,-0.0322f,0.332f,-0.9427f,3.3295f,0f,0f,0f,1f],start_interpolation: 0,interpolation_duration: 1}
$data merge entity $(bone_crest_middle1) {transformation: [-0.9995f,-0.0107f,0.0304f,-0.1064f,0f,0.9432f,0.3322f,4.2995f,-0.0322f,0.332f,-0.9427f,3.2411f,0f,0f,0f,1f],start_interpolation: 0,interpolation_duration: 1}
$data merge entity $(bone_crest_left5) {transformation: [-0.5226f,-0.8412f,0.1384f,-1.2122f,-0.716f,0.5212f,0.4644f,4.8431f,-0.4628f,0.1437f,-0.8747f,3.2627f,0f,0f,0f,1f],start_interpolation: 0,interpolation_duration: 1}
$data merge entity $(bone_crest_left4) {transformation: [-0.5226f,-0.8412f,0.1384f,-0.7398f,-0.716f,0.5212f,0.4644f,4.5504f,-0.4628f,0.1437f,-0.8747f,3.1821f,0f,0f,0f,1f],start_interpolation: 0,interpolation_duration: 1}
$data merge entity $(bone_crest_left1) {transformation: [-0.5226f,-0.8412f,0.1384f,-0.2124f,-0.716f,0.5212f,0.4644f,4.2545f,-0.4628f,0.1437f,-0.8747f,3.0442f,0f,0f,0f,1f],start_interpolation: 0,interpolation_duration: 1}
$data merge entity $(bone_crest_center1) {transformation: [-0.9995f,-0.017f,0.0274f,-0.0997f,0f,0.8489f,0.5285f,4.2307f,-0.0322f,0.5282f,-0.8485f,3.033f,0f,0f,0f,1f],start_interpolation: 0,interpolation_duration: 1}
$data merge entity $(bone_crest_right5) {transformation: [-0.5514f,0.8302f,-0.0817f,0.9957f,0.716f,0.5212f,0.4644f,4.8431f,0.4282f,0.1976f,-0.8818f,3.334f,0f,0f,0f,1f],start_interpolation: 0,interpolation_duration: 1}
$data merge entity $(bone_crest_right4) {transformation: [-0.5514f,0.8302f,-0.0817f,0.5295f,0.716f,0.5212f,0.4644f,4.5504f,0.4282f,0.1976f,-0.8818f,3.223f,0f,0f,0f,1f],start_interpolation: 0,interpolation_duration: 1}
$data merge entity $(bone_crest_right1) {transformation: [-0.5514f,0.8302f,-0.0817f,0.0121f,0.716f,0.5212f,0.4644f,4.2545f,0.4282f,0.1976f,-0.8818f,3.0514f,0f,0f,0f,1f],start_interpolation: 0,interpolation_duration: 1}
$data merge entity $(bone_head1) {transformation: [-1.0476f,-0.0179f,0.0287f,-0.0619f,0f,0.8898f,0.554f,4.7941f,-0.0338f,0.5537f,-0.8894f,1.863f,0f,0f,0f,1f],start_interpolation: 0,interpolation_duration: 1}
$data merge entity $(bone_neck10) {transformation: [-1.4966f,-0.0169f,0.0452f,-0.0246f,0f,1.4031f,0.5229f,4.7457f,-0.0483f,0.5226f,-1.4024f,0.707f,0f,0f,0f,1f],start_interpolation: 0,interpolation_duration: 1}
$data merge entity $(bone_neck9) {transformation: [-1.1449f,-0.0195f,0.0314f,-0.0013f,0f,0.9725f,0.6054f,3.4766f,-0.0369f,0.6051f,-0.972f,-0.0165f,0f,0f,0f,1f],start_interpolation: 0,interpolation_duration: 1}
$data merge entity $(bone_neck8) {transformation: [-1.0626f,0.0063f,0.0337f,-0.0071f,0f,1.045f,-0.1955f,2.703f,-0.0343f,-0.1954f,-1.0445f,0.1621f,0f,0f,0f,1f],start_interpolation: 0,interpolation_duration: 1}
$data merge entity $(bone_neck7) {transformation: [-1.0551f,0.0169f,0.0296f,-0.0229f,0f,0.9171f,-0.5228f,1.8842f,-0.034f,-0.5225f,-0.9167f,0.6542f,0f,0f,0f,1f],start_interpolation: 0,interpolation_duration: 1}
$data merge entity $(bone_neck6) {transformation: [-1.0491f,0.0124f,0.0315f,-0.0336f,0f,0.9764f,-0.3852f,1.0181f,-0.0338f,-0.385f,-0.9759f,0.9862f,0f,0f,0f,1f],start_interpolation: 0,interpolation_duration: 1}
$data merge entity $(bone_neck_spine6) {transformation: [-1.2724f,0.0287f,-0.0125f,0.1167f,-0.012f,0.0241f,1.2725f,0.1609f,0.0289f,1.2722f,-0.0238f,-1.6029f,0f,0f,0f,1f],start_interpolation: 0,interpolation_duration: 1}
$data merge entity $(bone_neck_spine7) {transformation: [-0.9709f,0.2125f,-0.1101f,-0.2862f,-0.0245f,0.3695f,0.9289f,-0.0172f,0.2381f,0.9046f,-0.3535f,-5.2489f,0f,0f,0f,1f],start_interpolation: 0,interpolation_duration: 1}
$data merge entity $(bone_tail6) {transformation: [-1.4555f,0.8327f,0.3915f,-1.8747f,0.36f,-0.159f,1.6764f,0.0277f,0.8468f,1.4989f,-0.0396f,-8.6442f,0f,0f,0f,1f],start_interpolation: 0,interpolation_duration: 1}
$data merge entity $(bone_tail5) {transformation: [-1.2024f,0.6879f,0.3234f,-1.4403f,0.2974f,-0.1314f,1.3849f,-0.0553f,0.6996f,1.2382f,-0.0327f,-7.8622f,0f,0f,0f,1f],start_interpolation: 0,interpolation_duration: 1}
$data merge entity $(bone_tail4) {transformation: [-0.886f,0.5069f,0.2383f,-1.2231f,0.2191f,-0.0968f,1.0204f,-0.0968f,0.5155f,0.9124f,-0.0241f,-7.4712f,0f,0f,0f,1f],start_interpolation: 0,interpolation_duration: 1}
$data merge entity $(bone_segment18) {transformation: [-0.8453f,0.435f,0.3104f,-0.9788f,0.209f,-0.2654f,0.9412f,-0.2458f,0.4918f,0.8604f,0.1334f,-6.9881f,0f,0f,0f,1f],start_interpolation: 0,interpolation_duration: 1}
$data merge entity $(bone_segment17) {transformation: [-0.8972f,0.4255f,0.118f,-0.6682f,-0.0134f,-0.2934f,0.9559f,-0.46f,0.4414f,0.8561f,0.269f,-6.3631f,0f,0f,0f,1f],start_interpolation: 0,interpolation_duration: 1}
$data merge entity $(bone_segment16) {transformation: [-0.9346f,0.3556f,0.0041f,-0.3288f,-0.0099f,-0.0377f,0.9992f,-0.496f,0.3555f,0.9339f,0.0387f,-5.4717f,0f,0f,0f,1f],start_interpolation: 0,interpolation_duration: 1}
$data merge entity $(bone_segment15) {transformation: [-0.9709f,0.2337f,-0.0513f,-0.0531f,-0.0245f,0.1164f,0.9929f,-0.3587f,0.2381f,0.9653f,-0.1073f,-4.3334f,0f,0f,0f,1f],start_interpolation: 0,interpolation_duration: 1}
$data merge entity $(bone_segment14) {transformation: [-1.0405f,0.1238f,-0.025f,0.0862f,-0.0255f,-0.0027f,1.0479f,-0.3617f,0.1237f,1.0408f,0.0057f,-3.1624f,0f,0f,0f,1f],start_interpolation: 0,interpolation_duration: 1}
$data merge entity $(bone_segment13) {transformation: [-1.0254f,0.0245f,-0.0059f,0.1159f,-0.0097f,-0.1589f,1.0133f,-0.5809f,0.0233f,1.013f,0.1591f,-1.9467f,0f,0f,0f,1f],start_interpolation: 0,interpolation_duration: 1}
$data merge entity $(bone_segment12) {transformation: [-1.1144f,-0.0484f,-0.0145f,0.0574f,-0.0221f,0.1795f,1.1008f,-0.364f,-0.0455f,1.1f,-0.1803f,-0.6179f,0f,0f,0f,1f],start_interpolation: 0,interpolation_duration: 1}
$data merge entity $(bone_segment11) {transformation: [-1.1888f,-0.0611f,0.0102f,-0.0124f,-0.0284f,0.7123f,0.9534f,0.4592f,-0.055f,0.9519f,-0.7128f,0.4822f,0f,0f,0f,1f],start_interpolation: 0,interpolation_duration: 1}
$data merge entity $(bone_segment10) {transformation: [-1.0476f,-0.0171f,0.0292f,-0.0348f,0f,0.9046f,0.5294f,1.3853f,-0.0338f,0.5292f,-0.9042f,1.0237f,0f,0f,0f,1f],start_interpolation: 0,interpolation_duration: 1}
data modify entity @s data merge value {"cameras":{},"locators":{"mouth":{"px":-0.1278232378185287,"py":3.394522031538879,"pz":3.905787681504151,"ry":181.8477590650226,"rx":58.09626798385534}}}
function animated_java:gyarados/animations/surfacewater_idle/zzz/frames/on_tick/transform_floating_entities