# This file was generated by Animated Java via MC-Build. It is not recommended to edit this file directly.
$data merge entity $(bone_neck_spine5) {transformation: [-1.572f,-0.0072f,0.0277f,0.112f,0f,1.5213f,0.3972f,4.4507f,-0.0287f,0.3972f,-1.521f,-0.3444f,0f,0f,0f,1f],start_interpolation: 0,interpolation_duration: 1}
$data merge entity $(bone_neck_spine2) {transformation: [-1.4971f,-0.0046f,0.0269f,-0.0344f,0f,1.4763f,0.2506f,5.6947f,-0.0273f,0.2506f,-1.476f,1.5195f,0f,0f,0f,1f],start_interpolation: 0,interpolation_duration: 1}
$data merge entity $(bone_scale_neck_left1) {transformation: [-1.593f,0.4016f,0.1184f,0.755f,0.4074f,1.3793f,0.8029f,4.8113f,0.0966f,0.8058f,-1.4333f,1.3496f,0f,0f,0f,1f],start_interpolation: 0,interpolation_duration: 1}
$data merge entity $(bone_scale_neck_right1) {transformation: [-1.5885f,-0.4307f,-0.0661f,-0.817f,-0.4074f,1.3793f,0.8029f,4.8113f,-0.1546f,0.7906f,-1.4367f,1.321f,0f,0f,0f,1f],start_interpolation: 0,interpolation_duration: 1}
$data merge entity $(bone_blush_right1) {transformation: [-0.9998f,-0.009f,0.0159f,-0.7145f,0f,0.8692f,0.4945f,4.0605f,-0.0182f,0.4944f,-0.8691f,2.4758f,0f,0f,0f,1f],start_interpolation: 0,interpolation_duration: 1}
$data merge entity $(bone_blush_left1) {transformation: [-0.9998f,-0.009f,0.0159f,0.6105f,0f,0.8692f,0.4945f,4.0605f,-0.0182f,0.4944f,-0.8691f,2.5f,0f,0f,0f,1f],start_interpolation: 0,interpolation_duration: 1}
$data merge entity $(bone_left_head_scales) {transformation: [-0.8942f,-0.009f,-0.4476f,0.6213f,-0.2283f,0.8692f,0.4386f,4.8893f,0.3851f,0.4944f,-0.7793f,2.5195f,0f,0f,0f,1f],start_interpolation: 0,interpolation_duration: 1}
$data merge entity $(bone_left_head_scales2) {transformation: [-0.8281f,-0.009f,-0.5605f,0.6268f,-0.2836f,0.8692f,0.405f,4.0251f,0.4835f,0.4944f,-0.7224f,2.2217f,0f,0f,0f,1f],start_interpolation: 0,interpolation_duration: 1}
$data merge entity $(bone_left_head_scales1) {transformation: [-0.9998f,-0.009f,0.0159f,0.6223f,0f,0.8692f,0.4945f,4.7917f,-0.0182f,0.4944f,-0.8691f,2.464f,0f,0f,0f,1f],start_interpolation: 0,interpolation_duration: 1}
$data merge entity $(bone_right_head_scales) {transformation: [-0.8795f,-0.009f,0.4757f,-0.7261f,0.2283f,0.8692f,0.4386f,4.8893f,-0.4175f,0.4944f,-0.7624f,2.4949f,0f,0f,0f,1f],start_interpolation: 0,interpolation_duration: 1}
$data merge entity $(bone_right_head_scales2) {transformation: [-0.8099f,-0.009f,0.5865f,-0.7207f,0.2836f,0.8692f,0.405f,4.0251f,-0.5134f,0.4944f,-0.7014f,2.1971f,0f,0f,0f,1f],start_interpolation: 0,interpolation_duration: 1}
$data merge entity $(bone_right_head_scales1) {transformation: [-0.9998f,-0.009f,0.0159f,-0.7251f,0f,0.8692f,0.4945f,4.7917f,-0.0182f,0.4944f,-0.8691f,2.4394f,0f,0f,0f,1f],start_interpolation: 0,interpolation_duration: 1}
$data merge entity $(bone_head_left_fin1) {transformation: [-0.7408f,0.0183f,-0.7413f,0.6275f,-0.1193f,1.0313f,0.1446f,4.4673f,0.7319f,0.1866f,-0.7267f,2.1826f,0f,0f,0f,1f],start_interpolation: 0,interpolation_duration: 1}
$data merge entity $(bone_head_right_fin1) {transformation: [-0.7136f,-0.0251f,0.7674f,-0.72f,0.1193f,1.0313f,0.1446f,4.4673f,-0.7584f,0.1858f,-0.6992f,2.158f,0f,0f,0f,1f],start_interpolation: 0,interpolation_duration: 1}
$data merge entity $(bone_right_whisker16) {transformation: [0.2611f,0.9238f,-0.2801f,-1.2456f,0.9595f,-0.2802f,-0.0296f,1.7306f,-0.1059f,-0.261f,-0.9595f,2.0811f,0f,0f,0f,1f],start_interpolation: 0,interpolation_duration: 1}
$data merge entity $(bone_right_whisker15) {transformation: [-0.8818f,0.3795f,-0.2801f,-0.9485f,0.4031f,0.9147f,-0.0296f,1.5948f,0.245f,-0.139f,-0.9595f,1.9986f,0f,0f,0f,1f],start_interpolation: 0,interpolation_duration: 1}
$data merge entity $(bone_right_whisker14) {transformation: [-0.7166f,-0.6388f,-0.2801f,-0.7071f,-0.6587f,0.7519f,-0.0296f,1.8167f,0.2295f,0.1633f,-0.9595f,1.9213f,0f,0f,0f,1f],start_interpolation: 0,interpolation_duration: 1}
$data merge entity $(bone_right_whisker13) {transformation: [-0.0911f,-0.9945f,-0.0517f,-0.6764f,-0.9821f,0.0812f,0.1698f,2.1476f,-0.1647f,0.0662f,-0.9841f,1.9767f,0f,0f,0f,1f],start_interpolation: 0,interpolation_duration: 1}
$data merge entity $(bone_right_whisker12) {transformation: [0.0741f,-0.9968f,-0.0307f,-0.7097f,-0.9222f,-0.0802f,0.3783f,2.5618f,-0.3796f,0.0003f,-0.9252f,2.1473f,0f,0f,0f,1f],start_interpolation: 0,interpolation_duration: 1}
$data merge entity $(bone_right_whisker11) {transformation: [0.2937f,-0.9559f,-0.007f,-0.8416f,-0.9524f,-0.2933f,0.0835f,2.9897f,-0.0819f,-0.0178f,-0.9965f,2.184f,0f,0f,0f,1f],start_interpolation: 0,interpolation_duration: 1}
$data merge entity $(bone_right_whisker10) {transformation: [0.0674f,-0.9922f,0.1051f,-0.8719f,-0.9837f,-0.0837f,-0.159f,3.4316f,0.1666f,-0.0926f,-0.9817f,2.1092f,0f,0f,0f,1f],start_interpolation: 0,interpolation_duration: 1}
$data merge entity $(bone_right_whisker1) {transformation: [-0.3381f,-0.9381f,0.0751f,-0.72f,-0.9336f,0.3444f,0.0992f,3.8509f,-0.119f,-0.0365f,-0.9922f,2.1627f,0f,0f,0f,1f],start_interpolation: 0,interpolation_duration: 1}
$data merge entity $(bone_left_whisker16) {transformation: [0.2571f,-0.9136f,0.3149f,1.1556f,-0.9595f,-0.2802f,-0.0296f,1.7306f,0.1153f,-0.2945f,-0.9487f,2.1249f,0f,0f,0f,1f],start_interpolation: 0,interpolation_duration: 1}
$data merge entity $(bone_left_whisker15) {transformation: [-0.8723f,-0.3742f,0.3149f,0.8617f,-0.4031f,0.9147f,-0.0296f,1.5948f,-0.277f,-0.1528f,-0.9487f,2.0316f,0f,0f,0f,1f],start_interpolation: 0,interpolation_duration: 1}
$data merge entity $(bone_left_whisker14) {transformation: [-0.7077f,0.6324f,0.3149f,0.6233f,0.6587f,0.7519f,-0.0296f,1.8167f,-0.2555f,0.1865f,-0.9487f,1.9455f,0f,0f,0f,1f],start_interpolation: 0,interpolation_duration: 1}
$data merge entity $(bone_left_whisker13) {transformation: [-0.0971f,0.9914f,0.0875f,0.5906f,0.9821f,0.0812f,0.1698f,2.1476f,0.1612f,0.1025f,-0.9816f,1.9998f,0f,0f,0f,1f],start_interpolation: 0,interpolation_duration: 1}
$data merge entity $(bone_left_whisker12) {transformation: [0.0602f,0.9961f,0.0644f,0.6176f,0.9222f,-0.0802f,0.3783f,2.5618f,0.382f,0.0367f,-0.9234f,2.1715f,0f,0f,0f,1f],start_interpolation: 0,interpolation_duration: 1}
$data merge entity $(bone_left_whisker11) {transformation: [0.2905f,0.9559f,0.0434f,0.7481f,0.9524f,-0.2933f,0.0835f,2.9897f,0.0926f,0.017f,-0.9956f,2.213f,0f,0f,0f,1f],start_interpolation: 0,interpolation_duration: 1}
$data merge entity $(bone_left_whisker10) {transformation: [0.0735f,0.9949f,-0.0692f,0.7811f,0.9837f,-0.0837f,-0.159f,3.4316f,-0.164f,-0.0564f,-0.9848f,2.1394f,0f,0f,0f,1f],start_interpolation: 0,interpolation_duration: 1}
$data merge entity $(bone_left_whisker1) {transformation: [-0.3422f,0.9388f,-0.0388f,0.6274f,0.9336f,0.3444f,0.0992f,3.8509f,0.1065f,-0.0023f,-0.9943f,2.1872f,0f,0f,0f,1f],start_interpolation: 0,interpolation_duration: 1}
$data merge entity $(bone_upper_left_tooth1) {transformation: [-0.9998f,-0.0076f,0.0166f,0.244f,0f,0.909f,0.4168f,3.7706f,-0.0182f,0.4167f,-0.9088f,3.1952f,0f,0f,0f,1f],start_interpolation: 0,interpolation_duration: 1}
$data merge entity $(bone_upper_right_tooth1) {transformation: [-0.9998f,-0.0076f,0.0166f,-0.4298f,0f,0.909f,0.4168f,3.7706f,-0.0182f,0.4167f,-0.9088f,3.1829f,0f,0f,0f,1f],start_interpolation: 0,interpolation_duration: 1}
$data merge entity $(bone_top_lip1) {transformation: [-0.9998f,0.0019f,0.0181f,-0.0658f,0f,0.9948f,-0.1022f,3.8829f,-0.0182f,-0.1022f,-0.9946f,3.241f,0f,0f,0f,1f],start_interpolation: 0,interpolation_duration: 1}
$data merge entity $(bone_muzzle1) {transformation: [-0.9998f,-0.0076f,0.0166f,-0.0577f,0f,0.909f,0.4168f,4.27f,-0.0182f,0.4167f,-0.9088f,2.8009f,0f,0f,0f,1f],start_interpolation: 0,interpolation_duration: 1}
$data merge entity $(bone_jaw_right_tooth1) {transformation: [-0.9998f,0.002f,0.0181f,-0.4292f,0f,0.9937f,-0.1121f,3.567f,-0.0182f,-0.1121f,-0.9935f,3.1513f,0f,0f,0f,1f],start_interpolation: 0,interpolation_duration: 1}
$data merge entity $(bone_jaw_left_tooth1) {transformation: [-0.9998f,0.002f,0.0181f,0.3007f,0f,0.9937f,-0.1121f,3.567f,-0.0182f,-0.1121f,-0.9935f,3.1646f,0f,0f,0f,1f],start_interpolation: 0,interpolation_duration: 1}
$data merge entity $(bone_tongue1) {transformation: [-0.9998f,-0.0065f,0.017f,-0.0506f,0f,0.9339f,0.3576f,3.8485f,-0.0182f,0.3575f,-0.9337f,2.4115f,0f,0f,0f,1f],start_interpolation: 0,interpolation_duration: 1}
$data merge entity $(bone_jaw_lips1) {transformation: [-0.9998f,-0.0065f,0.017f,-0.009f,0f,0.9339f,0.3576f,3.4066f,-0.0182f,0.3575f,-0.9337f,3.2053f,0f,0f,0f,1f],start_interpolation: 0,interpolation_duration: 1}
$data merge entity $(bone_jaw3) {transformation: [-0.9998f,-0.0011f,0.0182f,0.0075f,0f,0.9981f,0.0622f,3.3784f,-0.0182f,0.0622f,-0.9979f,2.3035f,0f,0f,0f,1f],start_interpolation: 0,interpolation_duration: 1}
$data merge entity $(bone_jaw1) {transformation: [-0.9998f,-0.0137f,0.0121f,0.0183f,0f,0.6618f,0.7497f,4.052f,-0.0182f,0.7496f,-0.6617f,1.709f,0f,0f,0f,1f],start_interpolation: 0,interpolation_duration: 1}
$data merge entity $(bone_tear_right1) {transformation: [-0.9998f,-0.009f,0.0159f,-0.6635f,0f,0.8692f,0.4945f,4.3522f,-0.0182f,0.4944f,-0.8691f,2.759f,0f,0f,0f,1f],start_interpolation: 0,interpolation_duration: 1}
$data merge entity $(bone_right_pupil1) {transformation: [-0.9998f,-0.009f,0.0159f,-0.4803f,0f,0.8692f,0.4945f,4.4165f,-0.0182f,0.4944f,-0.8691f,2.8765f,0f,0f,0f,1f],start_interpolation: 0,interpolation_duration: 1}
$data merge entity $(bone_right_sad_pupil1) {transformation: [-0.9998f,-0.009f,0.0159f,-0.4802f,0f,0.8692f,0.4945f,4.422f,-0.0182f,0.4944f,-0.8691f,2.8667f,0f,0f,0f,1f],start_interpolation: 0,interpolation_duration: 1}
$data merge entity $(bone_right_happy_pupil1) {transformation: [-0.9998f,-0.009f,0.0159f,-0.508f,0f,0.8692f,0.4945f,4.3976f,-0.0182f,0.4944f,-0.8691f,2.8523f,0f,0f,0f,1f],start_interpolation: 0,interpolation_duration: 1}
$data merge entity $(bone_eyelid_right1) {transformation: [-0.9998f,-0.009f,0.0159f,-0.0384f,0f,0.8692f,0.4945f,4.6509f,-0.0182f,0.4944f,-0.8691f,2.3588f,0f,0f,0f,1f],start_interpolation: 0,interpolation_duration: 1}
$data merge entity $(bone_eyelid_expressions_right5) {transformation: [-0.9998f,-0.009f,0.0159f,-0.6103f,0f,0.8692f,0.4945f,4.5196f,-0.0182f,0.4944f,-0.8691f,2.9199f,0f,0f,0f,1f],start_interpolation: 0,interpolation_duration: 1}
$data merge entity $(bone_eyelid_expressions_right7) {transformation: [-0.9998f,-0.009f,0.0159f,-0.2734f,0f,0.8692f,0.4945f,4.5196f,-0.0182f,0.4944f,-0.8691f,2.926f,0f,0f,0f,1f],start_interpolation: 0,interpolation_duration: 1}
$data merge entity $(bone_eyelid_expressions_right6) {transformation: [-0.9998f,-0.009f,0.0159f,-0.3857f,0f,0.8692f,0.4945f,4.5196f,-0.0182f,0.4944f,-0.8691f,2.924f,0f,0f,0f,1f],start_interpolation: 0,interpolation_duration: 1}
$data merge entity $(bone_right_eye1) {transformation: [-0.9998f,-0.009f,0.0159f,-0.0499f,0f,0.8692f,0.4945f,4.6453f,-0.0182f,0.4944f,-0.8691f,2.3684f,0f,0f,0f,1f],start_interpolation: 0,interpolation_duration: 1}
$data merge entity $(bone_tear_left1) {transformation: [-0.9998f,-0.009f,0.0159f,0.5492f,0f,0.8692f,0.4945f,4.3522f,-0.0182f,0.4944f,-0.8691f,2.7811f,0f,0f,0f,1f],start_interpolation: 0,interpolation_duration: 1}
$data merge entity $(bone_left_sad_pupil1) {transformation: [-0.9998f,-0.009f,0.0159f,0.362f,0f,0.8692f,0.4945f,4.422f,-0.0182f,0.4944f,-0.8691f,2.8821f,0f,0f,0f,1f],start_interpolation: 0,interpolation_duration: 1}
$data merge entity $(bone_left_pupil1) {transformation: [-0.9998f,-0.009f,0.0159f,0.3618f,0f,0.8692f,0.4945f,4.4165f,-0.0182f,0.4944f,-0.8691f,2.8918f,0f,0f,0f,1f],start_interpolation: 0,interpolation_duration: 1}
$data merge entity $(bone_eyelid_left1) {transformation: [-0.9998f,-0.009f,0.0159f,-0.0609f,0f,0.8692f,0.4945f,4.6509f,-0.0182f,0.4944f,-0.8691f,2.3584f,0f,0f,0f,1f],start_interpolation: 0,interpolation_duration: 1}
$data merge entity $(bone_left_happy_pupil1) {transformation: [-0.9998f,-0.009f,0.0159f,0.3903f,0f,0.8692f,0.4945f,4.3976f,-0.0182f,0.4944f,-0.8691f,2.8687f,0f,0f,0f,1f],start_interpolation: 0,interpolation_duration: 1}
$data merge entity $(bone_eyelid_expressions_left5) {transformation: [-0.9998f,-0.009f,0.0159f,0.4901f,0f,0.8692f,0.4945f,4.5196f,-0.0182f,0.4944f,-0.8691f,2.9399f,0f,0f,0f,1f],start_interpolation: 0,interpolation_duration: 1}
$data merge entity $(bone_eyelid_expressions_left7) {transformation: [-0.9998f,-0.009f,0.0159f,0.1532f,0f,0.8692f,0.4945f,4.5196f,-0.0182f,0.4944f,-0.8691f,2.9338f,0f,0f,0f,1f],start_interpolation: 0,interpolation_duration: 1}
$data merge entity $(bone_eyelid_expressions_left6) {transformation: [-0.9998f,-0.009f,0.0159f,0.2655f,0f,0.8692f,0.4945f,4.5196f,-0.0182f,0.4944f,-0.8691f,2.9359f,0f,0f,0f,1f],start_interpolation: 0,interpolation_duration: 1}
$data merge entity $(bone_left_eye1) {transformation: [-0.9998f,-0.009f,0.0159f,-0.0499f,0f,0.8692f,0.4945f,4.6453f,-0.0182f,0.4944f,-0.8691f,2.3684f,0f,0f,0f,1f],start_interpolation: 0,interpolation_duration: 1}
$data merge entity $(bone_crest_middle5) {transformation: [-0.9998f,-0.0054f,0.0174f,-0.0699f,0f,0.9556f,0.2946f,5.614f,-0.0182f,0.2946f,-0.9555f,3.4678f,0f,0f,0f,1f],start_interpolation: 0,interpolation_duration: 1}
$data merge entity $(bone_crest_middle4) {transformation: [-0.9998f,-0.0054f,0.0174f,-0.0663f,0f,0.9556f,0.2946f,4.9701f,-0.0182f,0.2946f,-0.9555f,3.2693f,0f,0f,0f,1f],start_interpolation: 0,interpolation_duration: 1}
$data merge entity $(bone_crest_middle1) {transformation: [-0.9998f,-0.0054f,0.0174f,-0.065f,0f,0.9556f,0.2946f,4.4623f,-0.0182f,0.2946f,-0.9555f,3.2009f,0f,0f,0f,1f],start_interpolation: 0,interpolation_duration: 1}
$data merge entity $(bone_crest_left5) {transformation: [-0.5296f,-0.8388f,0.1264f,-1.17f,-0.7331f,0.5276f,0.4293f,5.0077f,-0.4267f,0.1347f,-0.8943f,3.2165f,0f,0f,0f,1f],start_interpolation: 0,interpolation_duration: 1}
$data merge entity $(bone_crest_left4) {transformation: [-0.5296f,-0.8388f,0.1264f,-0.699f,-0.7331f,0.5276f,0.4293f,4.7115f,-0.4267f,0.1347f,-0.8943f,3.1409f,0f,0f,0f,1f],start_interpolation: 0,interpolation_duration: 1}
$data merge entity $(bone_crest_left1) {transformation: [-0.5296f,-0.8388f,0.1264f,-0.1738f,-0.7331f,0.5276f,0.4293f,4.4097f,-0.4267f,0.1347f,-0.8943f,3.0075f,0f,0f,0f,1f],start_interpolation: 0,interpolation_duration: 1}
$data merge entity $(bone_crest_center1) {transformation: [-0.9998f,-0.009f,0.0159f,-0.0613f,0f,0.8692f,0.4945f,4.3853f,-0.0182f,0.4944f,-0.8691f,2.9956f,0f,0f,0f,1f],start_interpolation: 0,interpolation_duration: 1}
$data merge entity $(bone_crest_right5) {transformation: [-0.5448f,0.8333f,-0.0937f,1.0386f,0.7331f,0.5276f,0.4293f,5.0077f,0.4071f,0.1652f,-0.8983f,3.2568f,0f,0f,0f,1f],start_interpolation: 0,interpolation_duration: 1}
$data merge entity $(bone_crest_right4) {transformation: [-0.5448f,0.8333f,-0.0937f,0.5707f,0.7331f,0.5276f,0.4293f,4.7115f,0.4071f,0.1652f,-0.8983f,3.164f,0f,0f,0f,1f],start_interpolation: 0,interpolation_duration: 1}
$data merge entity $(bone_crest_right1) {transformation: [-0.5448f,0.8333f,-0.0937f,0.0507f,0.7331f,0.5276f,0.4293f,4.4097f,0.4071f,0.1652f,-0.8983f,3.0116f,0f,0f,0f,1f],start_interpolation: 0,interpolation_duration: 1}
$data merge entity $(bone_head1) {transformation: [-1.048f,-0.0095f,0.0166f,-0.0396f,0f,0.9111f,0.5183f,4.9019f,-0.0191f,0.5182f,-0.9109f,1.8038f,0f,0f,0f,1f],start_interpolation: 0,interpolation_duration: 1}
$data merge entity $(bone_neck10) {transformation: [-1.4971f,-0.008f,0.0261f,-0.0185f,0f,1.4309f,0.4412f,4.787f,-0.0273f,0.4411f,-1.4307f,0.6521f,0f,0f,0f,1f],start_interpolation: 0,interpolation_duration: 1}
$data merge entity $(bone_neck9) {transformation: [-1.1453f,-0.0103f,0.0182f,-0.0063f,0f,0.9957f,0.5664f,3.4902f,-0.0209f,0.5663f,-0.9955f,-0.0208f,0f,0f,0f,1f],start_interpolation: 0,interpolation_duration: 1}
$data merge entity $(bone_neck8) {transformation: [-1.063f,0.0043f,0.0189f,-0.0101f,0f,1.0365f,-0.2367f,2.7243f,-0.0194f,-0.2367f,-1.0363f,0.1884f,0f,0f,0f,1f],start_interpolation: 0,interpolation_duration: 1}
$data merge entity $(bone_neck7) {transformation: [-1.0555f,0.0103f,0.0163f,-0.0198f,0f,0.8917f,-0.5651f,1.9295f,-0.0193f,-0.565f,-0.8915f,0.7185f,0f,0f,0f,1f],start_interpolation: 0,interpolation_duration: 1}
$data merge entity $(bone_neck6) {transformation: [-1.0495f,0.0076f,0.0176f,-0.0263f,0f,0.9633f,-0.4171f,1.0747f,-0.0191f,-0.417f,-0.9631f,1.0787f,0f,0f,0f,1f],start_interpolation: 0,interpolation_duration: 1}
$data merge entity $(bone_neck_spine6) {transformation: [-1.2707f,-0.0507f,-0.052f,0.0951f,-0.0543f,0.0587f,1.2703f,0.19f,-0.0482f,1.2704f,-0.0608f,-1.5111f,0f,0f,0f,1f],start_interpolation: 0,interpolation_duration: 1}
$data merge entity $(bone_neck_spine7) {transformation: [-0.9928f,0.0801f,-0.0895f,0.0416f,-0.0444f,0.4481f,0.8929f,-0.1781f,0.1117f,0.8904f,-0.4413f,-5.1948f,0f,0f,0f,1f],start_interpolation: 0,interpolation_duration: 1}
$data merge entity $(bone_tail6) {transformation: [-1.4074f,0.7616f,0.6359f,-1.2851f,0.666f,-0.0929f,1.5853f,-0.448f,0.7355f,1.5416f,-0.2187f,-8.6773f,0f,0f,0f,1f],start_interpolation: 0,interpolation_duration: 1}
$data merge entity $(bone_tail5) {transformation: [-1.1626f,0.6292f,0.5253f,-0.8877f,0.5502f,-0.0767f,1.3096f,-0.4965f,0.6075f,1.2735f,-0.1807f,-7.8729f,0f,0f,0f,1f],start_interpolation: 0,interpolation_duration: 1}
$data merge entity $(bone_tail4) {transformation: [-0.8567f,0.4636f,0.3871f,-0.689f,0.4054f,-0.0565f,0.9649f,-0.5207f,0.4477f,0.9384f,-0.1331f,-7.4708f,0f,0f,0f,1f],start_interpolation: 0,interpolation_duration: 1}
$data merge entity $(bone_segment18) {transformation: [-0.8173f,0.3808f,0.4324f,-0.4752f,0.3868f,-0.1936f,0.9016f,-0.6294f,0.4271f,0.9041f,0.011f,-6.9631f,0f,0f,0f,1f],start_interpolation: 0,interpolation_duration: 1}
$data merge entity $(bone_segment17) {transformation: [-0.9175f,0.3925f,0.0648f,-0.1887f,-0.0027f,-0.169f,0.9856f,-0.7528f,0.3978f,0.9041f,0.1561f,-6.3031f,0f,0f,0f,1f],start_interpolation: 0,interpolation_duration: 1}
$data merge entity $(bone_segment16) {transformation: [-0.9695f,0.2426f,-0.0358f,0.0429f,-0.0162f,0.0823f,0.9965f,-0.6743f,0.2447f,0.9666f,-0.0758f,-5.3804f,0f,0f,0f,1f],start_interpolation: 0,interpolation_duration: 1}
$data merge entity $(bone_segment15) {transformation: [-0.9928f,0.1006f,-0.0658f,0.1615f,-0.0444f,0.2017f,0.9784f,-0.4364f,0.1117f,0.9743f,-0.1958f,-4.2315f,0f,0f,0f,1f],start_interpolation: 0,interpolation_duration: 1}
$data merge entity $(bone_segment14) {transformation: [-1.0467f,0.0145f,-0.0528f,0.1778f,-0.052f,0.0552f,1.0454f,-0.3744f,0.0172f,1.0466f,-0.0544f,-3.0541f,0f,0f,0f,1f],start_interpolation: 0,interpolation_duration: 1}
$data merge entity $(bone_segment13) {transformation: [-1.024f,-0.0329f,-0.0484f,0.1394f,-0.0438f,-0.1312f,1.0163f,-0.5602f,-0.0388f,1.0168f,0.1296f,-1.833f,0f,0f,0f,1f],start_interpolation: 0,interpolation_duration: 1}
$data merge entity $(bone_segment12) {transformation: [-1.1127f,-0.0692f,-0.0397f,0.0559f,-0.0509f,0.1899f,1.0981f,-0.3308f,-0.0613f,1.0971f,-0.1926f,-0.5077f,0f,0f,0f,1f],start_interpolation: 0,interpolation_duration: 1}
$data merge entity $(bone_segment11) {transformation: [-1.1891f,-0.0553f,-0.0033f,-0.011f,-0.0363f,0.7235f,0.9447f,0.5052f,-0.0419f,0.9437f,-0.7244f,0.5829f,0f,0f,0f,1f],start_interpolation: 0,interpolation_duration: 1}
$data merge entity $(bone_segment10) {transformation: [-1.048f,-0.0093f,0.0167f,-0.0268f,0f,0.916f,0.5095f,1.4429f,-0.0191f,0.5094f,-0.9159f,1.1042f,0f,0f,0f,1f],start_interpolation: 0,interpolation_duration: 1}
data modify entity @s data merge value {"cameras":{},"locators":{"mouth":{"px":-0.07781173771276725,"py":3.584415465164113,"pz":3.9011721081591393,"ry":181.0449971294319,"rx":60.36624887803338}}}
function animated_java:gyarados/animations/surfacewater_idle/zzz/frames/on_tick/transform_floating_entities