# This file was generated by Animated Java via MC-Build. It is not recommended to edit this file directly.
$data merge entity $(bone_neck_spine5) {transformation: [-1.5721f,-0.0062f,0.0241f,0.1108f,0f,1.5233f,0.3894f,4.4481f,-0.0249f,0.3894f,-1.5231f,-0.3524f,0f,0f,0f,1f],start_interpolation: 0,interpolation_duration: 1}
$data merge entity $(bone_neck_spine2) {transformation: [-1.4972f,-0.0039f,0.0234f,-0.031f,0f,1.4775f,0.2432f,5.7015f,-0.0237f,0.2432f,-1.4773f,1.5056f,0f,0f,0f,1f],start_interpolation: 0,interpolation_duration: 1}
$data merge entity $(bone_scale_neck_left1) {transformation: [-1.5928f,0.4036f,0.1151f,0.7579f,0.408f,1.3833f,0.7957f,4.8173f,0.0983f,0.7979f,-1.4376f,1.3383f,0f,0f,0f,1f],start_interpolation: 0,interpolation_duration: 1}
$data merge entity $(bone_scale_neck_right1) {transformation: [-1.5889f,-0.4287f,-0.0695f,-0.8142f,-0.408f,1.3833f,0.7957f,4.8173f,-0.1488f,0.7847f,-1.4405f,1.3134f,0f,0f,0f,1f],start_interpolation: 0,interpolation_duration: 1}
$data merge entity $(bone_blush_right1) {transformation: [-0.9999f,-0.0078f,0.0138f,-0.709f,0f,0.8717f,0.49f,4.0723f,-0.0158f,0.4899f,-0.8716f,2.4718f,0f,0f,0f,1f],start_interpolation: 0,interpolation_duration: 1}
$data merge entity $(bone_blush_left1) {transformation: [-0.9999f,-0.0078f,0.0138f,0.6161f,0f,0.8717f,0.49f,4.0723f,-0.0158f,0.4899f,-0.8716f,2.4928f,0f,0f,0f,1f],start_interpolation: 0,interpolation_duration: 1}
$data merge entity $(bone_left_head_scales) {transformation: [-0.8933f,-0.0078f,-0.4494f,0.6271f,-0.2263f,0.8717f,0.4346f,4.9012f,0.3884f,0.4899f,-0.7804f,2.5081f,0f,0f,0f,1f],start_interpolation: 0,interpolation_duration: 1}
$data merge entity $(bone_left_head_scales2) {transformation: [-0.827f,-0.0078f,-0.5622f,0.6317f,-0.2811f,0.8717f,0.4014f,4.0355f,0.487f,0.4899f,-0.7231f,2.2147f,0f,0f,0f,1f],start_interpolation: 0,interpolation_duration: 1}
$data merge entity $(bone_left_head_scales1) {transformation: [-0.9999f,-0.0078f,0.0138f,0.6279f,0f,0.8717f,0.49f,4.8033f,-0.0158f,0.4899f,-0.8716f,2.453f,0f,0f,0f,1f],start_interpolation: 0,interpolation_duration: 1}
$data merge entity $(bone_right_head_scales) {transformation: [-0.8805f,-0.0078f,0.4739f,-0.7204f,0.2263f,0.8717f,0.4346f,4.9012f,-0.4165f,0.4899f,-0.7658f,2.4867f,0f,0f,0f,1f],start_interpolation: 0,interpolation_duration: 1}
$data merge entity $(bone_right_head_scales2) {transformation: [-0.8111f,-0.0078f,0.5848f,-0.7158f,0.2811f,0.8717f,0.4014f,4.0355f,-0.5129f,0.4899f,-0.7049f,2.1934f,0f,0f,0f,1f],start_interpolation: 0,interpolation_duration: 1}
$data merge entity $(bone_right_head_scales1) {transformation: [-0.9999f,-0.0078f,0.0138f,-0.7196f,0f,0.8717f,0.49f,4.8033f,-0.0158f,0.4899f,-0.8716f,2.4317f,0f,0f,0f,1f],start_interpolation: 0,interpolation_duration: 1}
$data merge entity $(bone_head_left_fin1) {transformation: [-0.739f,0.0188f,-0.7431f,0.6324f,-0.1155f,1.0322f,0.141f,4.4775f,0.7343f,0.1813f,-0.7257f,2.1733f,0f,0f,0f,1f],start_interpolation: 0,interpolation_duration: 1}
$data merge entity $(bone_head_right_fin1) {transformation: [-0.7154f,-0.0246f,0.7657f,-0.7151f,0.1155f,1.0322f,0.141f,4.4775f,-0.7573f,0.1806f,-0.7018f,2.1519f,0f,0f,0f,1f],start_interpolation: 0,interpolation_duration: 1}
$data merge entity $(bone_right_whisker16) {transformation: [0.261f,0.9231f,-0.2824f,-1.2412f,0.9589f,-0.2816f,-0.0345f,1.7404f,-0.1114f,-0.2618f,-0.9587f,2.0903f,0f,0f,0f,1f],start_interpolation: 0,interpolation_duration: 1}
$data merge entity $(bone_right_whisker15) {transformation: [-0.8812f,0.3792f,-0.2824f,-0.9443f,0.4044f,0.9139f,-0.0345f,1.6041f,0.245f,-0.1446f,-0.9587f,2.0078f,0f,0f,0f,1f],start_interpolation: 0,interpolation_duration: 1}
$data merge entity $(bone_right_whisker14) {transformation: [-0.7161f,-0.6383f,-0.2824f,-0.7031f,-0.6574f,0.7527f,-0.0345f,1.8256f,0.2346f,0.161f,-0.9587f,1.9287f,0f,0f,0f,1f],start_interpolation: 0,interpolation_duration: 1}
$data merge entity $(bone_right_whisker13) {transformation: [-0.0916f,-0.9943f,-0.054f,-0.6722f,-0.9829f,0.0816f,0.1648f,2.1568f,-0.1594f,0.0682f,-0.9849f,1.9824f,0f,0f,0f,1f],start_interpolation: 0,interpolation_duration: 1}
$data merge entity $(bone_right_whisker12) {transformation: [0.0731f,-0.9968f,-0.0329f,-0.705f,-0.9241f,-0.0801f,0.3736f,2.5719f,-0.3751f,0.0031f,-0.927f,2.1509f,0f,0f,0f,1f],start_interpolation: 0,interpolation_duration: 1}
$data merge entity $(bone_right_whisker11) {transformation: [0.2935f,-0.9559f,-0.0094f,-0.8369f,-0.9528f,-0.2933f,0.0784f,3f,-0.0777f,-0.0141f,-0.9969f,2.1858f,0f,0f,0f,1f],start_interpolation: 0,interpolation_duration: 1}
$data merge entity $(bone_right_whisker10) {transformation: [0.0678f,-0.9924f,0.1027f,-0.8673f,-0.9829f,-0.0841f,-0.164f,3.4415f,0.1714f,-0.0898f,-0.9811f,2.1088f,0f,0f,0f,1f],start_interpolation: 0,interpolation_duration: 1}
$data merge entity $(bone_right_whisker1) {transformation: [-0.3385f,-0.9382f,0.0727f,-0.7152f,-0.9341f,0.3443f,0.0942f,3.8611f,-0.1134f,-0.0361f,-0.9929f,2.1598f,0f,0f,0f,1f],start_interpolation: 0,interpolation_duration: 1}
$data merge entity $(bone_left_whisker16) {transformation: [0.2573f,-0.9144f,0.3127f,1.1601f,-0.9589f,-0.2816f,-0.0345f,1.7404f,0.1196f,-0.2909f,-0.9492f,2.1284f,0f,0f,0f,1f],start_interpolation: 0,interpolation_duration: 1}
$data merge entity $(bone_left_whisker15) {transformation: [-0.8729f,-0.3744f,0.3127f,0.866f,-0.4044f,0.9139f,-0.0345f,1.6041f,-0.2728f,-0.1566f,-0.9492f,2.0364f,0f,0f,0f,1f],start_interpolation: 0,interpolation_duration: 1}
$data merge entity $(bone_left_whisker14) {transformation: [-0.7083f,0.6329f,0.3127f,0.6274f,0.6574f,0.7527f,-0.0345f,1.8256f,-0.2572f,0.1811f,-0.9492f,1.9498f,0f,0f,0f,1f],start_interpolation: 0,interpolation_duration: 1}
$data merge entity $(bone_left_whisker13) {transformation: [-0.0966f,0.9917f,0.0852f,0.5948f,0.9829f,0.0816f,0.1648f,2.1568f,0.1565f,0.0997f,-0.9826f,2.0025f,0f,0f,0f,1f],start_interpolation: 0,interpolation_duration: 1}
$data merge entity $(bone_left_whisker12) {transformation: [0.0612f,0.9962f,0.0623f,0.6223f,0.9241f,-0.0801f,0.3736f,2.5719f,0.3772f,0.0347f,-0.9255f,2.1719f,0f,0f,0f,1f],start_interpolation: 0,interpolation_duration: 1}
$data merge entity $(bone_left_whisker11) {transformation: [0.2908f,0.9559f,0.041f,0.753f,0.9528f,-0.2933f,0.0784f,3f,0.087f,0.0162f,-0.9961f,2.211f,0f,0f,0f,1f],start_interpolation: 0,interpolation_duration: 1}
$data merge entity $(bone_left_whisker10) {transformation: [0.0732f,0.9947f,-0.0716f,0.7858f,0.9829f,-0.0841f,-0.164f,3.4415f,-0.1692f,-0.0584f,-0.9839f,2.135f,0f,0f,0f,1f],start_interpolation: 0,interpolation_duration: 1}
$data merge entity $(bone_left_whisker1) {transformation: [-0.3419f,0.9388f,-0.0412f,0.6322f,0.9341f,0.3443f,0.0942f,3.8611f,0.1026f,-0.0063f,-0.9947f,2.1811f,0f,0f,0f,1f],start_interpolation: 0,interpolation_duration: 1}
$data merge entity $(bone_upper_left_tooth1) {transformation: [-0.9999f,-0.0065f,0.0144f,0.2512f,0f,0.9111f,0.4122f,3.7859f,-0.0158f,0.4121f,-0.911f,3.1903f,0f,0f,0f,1f],start_interpolation: 0,interpolation_duration: 1}
$data merge entity $(bone_upper_right_tooth1) {transformation: [-0.9999f,-0.0065f,0.0144f,-0.4225f,0f,0.9111f,0.4122f,3.7859f,-0.0158f,0.4121f,-0.911f,3.1797f,0f,0f,0f,1f],start_interpolation: 0,interpolation_duration: 1}
$data merge entity $(bone_top_lip1) {transformation: [-0.9999f,0.0017f,0.0158f,-0.0584f,0f,0.9942f,-0.1072f,3.8985f,-0.0158f,-0.1072f,-0.9941f,3.2364f,0f,0f,0f,1f],start_interpolation: 0,interpolation_duration: 1}
$data merge entity $(bone_muzzle1) {transformation: [-0.9999f,-0.0065f,0.0144f,-0.0514f,0f,0.9111f,0.4122f,4.2834f,-0.0158f,0.4121f,-0.911f,2.7942f,0f,0f,0f,1f],start_interpolation: 0,interpolation_duration: 1}
$data merge entity $(bone_jaw_right_tooth1) {transformation: [-0.9999f,0.0018f,0.0157f,-0.422f,0f,0.9935f,-0.1136f,3.5771f,-0.0158f,-0.1136f,-0.9934f,3.1475f,0f,0f,0f,1f],start_interpolation: 0,interpolation_duration: 1}
$data merge entity $(bone_jaw_left_tooth1) {transformation: [-0.9999f,0.0018f,0.0157f,0.3079f,0f,0.9935f,-0.1136f,3.5771f,-0.0158f,-0.1136f,-0.9934f,3.159f,0f,0f,0f,1f],start_interpolation: 0,interpolation_duration: 1}
$data merge entity $(bone_tongue1) {transformation: [-0.9999f,-0.0057f,0.0148f,-0.0453f,0f,0.9323f,0.3616f,3.8621f,-0.0158f,0.3616f,-0.9322f,2.4089f,0f,0f,0f,1f],start_interpolation: 0,interpolation_duration: 1}
$data merge entity $(bone_jaw_lips1) {transformation: [-0.9999f,-0.0057f,0.0148f,-0.0017f,0f,0.9323f,0.3616f,3.4168f,-0.0158f,0.3616f,-0.9322f,3.2006f,0f,0f,0f,1f],start_interpolation: 0,interpolation_duration: 1}
$data merge entity $(bone_jaw3) {transformation: [-0.9999f,-0.001f,0.0158f,0.0126f,0f,0.9982f,0.0606f,3.3872f,-0.0158f,0.0606f,-0.998f,2.2989f,0f,0f,0f,1f],start_interpolation: 0,interpolation_duration: 1}
$data merge entity $(bone_jaw1) {transformation: [-0.9999f,-0.0119f,0.0105f,0.0221f,0f,0.6629f,0.7487f,4.0598f,-0.0158f,0.7486f,-0.6629f,1.7033f,0f,0f,0f,1f],start_interpolation: 0,interpolation_duration: 1}
$data merge entity $(bone_tear_right1) {transformation: [-0.9999f,-0.0078f,0.0138f,-0.6573f,0f,0.8717f,0.49f,4.3654f,-0.0158f,0.4899f,-0.8716f,2.7534f,0f,0f,0f,1f],start_interpolation: 0,interpolation_duration: 1}
$data merge entity $(bone_right_pupil1) {transformation: [-0.9999f,-0.0078f,0.0138f,-0.4738f,0f,0.8717f,0.49f,4.4302f,-0.0158f,0.4899f,-0.8716f,2.8701f,0f,0f,0f,1f],start_interpolation: 0,interpolation_duration: 1}
$data merge entity $(bone_right_sad_pupil1) {transformation: [-0.9999f,-0.0078f,0.0138f,-0.4736f,0f,0.8717f,0.49f,4.4357f,-0.0158f,0.4899f,-0.8716f,2.8603f,0f,0f,0f,1f],start_interpolation: 0,interpolation_duration: 1}
$data merge entity $(bone_right_happy_pupil1) {transformation: [-0.9999f,-0.0078f,0.0138f,-0.5015f,0f,0.8717f,0.49f,4.4113f,-0.0158f,0.4899f,-0.8716f,2.8461f,0f,0f,0f,1f],start_interpolation: 0,interpolation_duration: 1}
$data merge entity $(bone_eyelid_right1) {transformation: [-0.9999f,-0.0078f,0.0138f,-0.0331f,0f,0.8717f,0.49f,4.662f,-0.0158f,0.4899f,-0.8716f,2.3502f,0f,0f,0f,1f],start_interpolation: 0,interpolation_duration: 1}
$data merge entity $(bone_eyelid_expressions_right5) {transformation: [-0.9999f,-0.0078f,0.0138f,-0.6036f,0f,0.8717f,0.49f,4.5336f,-0.0158f,0.4899f,-0.8716f,2.9133f,0f,0f,0f,1f],start_interpolation: 0,interpolation_duration: 1}
$data merge entity $(bone_eyelid_expressions_right7) {transformation: [-0.9999f,-0.0078f,0.0138f,-0.2668f,0f,0.8717f,0.49f,4.5336f,-0.0158f,0.4899f,-0.8716f,2.9186f,0f,0f,0f,1f],start_interpolation: 0,interpolation_duration: 1}
$data merge entity $(bone_eyelid_expressions_right6) {transformation: [-0.9999f,-0.0078f,0.0138f,-0.3791f,0f,0.8717f,0.49f,4.5336f,-0.0158f,0.4899f,-0.8716f,2.9168f,0f,0f,0f,1f],start_interpolation: 0,interpolation_duration: 1}
$data merge entity $(bone_right_eye1) {transformation: [-0.9999f,-0.0078f,0.0138f,-0.0445f,0f,0.8717f,0.49f,4.6564f,-0.0158f,0.4899f,-0.8716f,2.3598f,0f,0f,0f,1f],start_interpolation: 0,interpolation_duration: 1}
$data merge entity $(bone_tear_left1) {transformation: [-0.9999f,-0.0078f,0.0138f,0.5555f,0f,0.8717f,0.49f,4.3654f,-0.0158f,0.4899f,-0.8716f,2.7726f,0f,0f,0f,1f],start_interpolation: 0,interpolation_duration: 1}
$data merge entity $(bone_left_sad_pupil1) {transformation: [-0.9999f,-0.0078f,0.0138f,0.3685f,0f,0.8717f,0.49f,4.4357f,-0.0158f,0.4899f,-0.8716f,2.8737f,0f,0f,0f,1f],start_interpolation: 0,interpolation_duration: 1}
$data merge entity $(bone_left_pupil1) {transformation: [-0.9999f,-0.0078f,0.0138f,0.3684f,0f,0.8717f,0.49f,4.4302f,-0.0158f,0.4899f,-0.8716f,2.8834f,0f,0f,0f,1f],start_interpolation: 0,interpolation_duration: 1}
$data merge entity $(bone_eyelid_left1) {transformation: [-0.9999f,-0.0078f,0.0138f,-0.0556f,0f,0.8717f,0.49f,4.662f,-0.0158f,0.4899f,-0.8716f,2.3499f,0f,0f,0f,1f],start_interpolation: 0,interpolation_duration: 1}
$data merge entity $(bone_left_happy_pupil1) {transformation: [-0.9999f,-0.0078f,0.0138f,0.3968f,0f,0.8717f,0.49f,4.4113f,-0.0158f,0.4899f,-0.8716f,2.8603f,0f,0f,0f,1f],start_interpolation: 0,interpolation_duration: 1}
$data merge entity $(bone_eyelid_expressions_left5) {transformation: [-0.9999f,-0.0078f,0.0138f,0.4968f,0f,0.8717f,0.49f,4.5336f,-0.0158f,0.4899f,-0.8716f,2.9307f,0f,0f,0f,1f],start_interpolation: 0,interpolation_duration: 1}
$data merge entity $(bone_eyelid_expressions_left7) {transformation: [-0.9999f,-0.0078f,0.0138f,0.1599f,0f,0.8717f,0.49f,4.5336f,-0.0158f,0.4899f,-0.8716f,2.9254f,0f,0f,0f,1f],start_interpolation: 0,interpolation_duration: 1}
$data merge entity $(bone_eyelid_expressions_left6) {transformation: [-0.9999f,-0.0078f,0.0138f,0.2722f,0f,0.8717f,0.49f,4.5336f,-0.0158f,0.4899f,-0.8716f,2.9272f,0f,0f,0f,1f],start_interpolation: 0,interpolation_duration: 1}
$data merge entity $(bone_left_eye1) {transformation: [-0.9999f,-0.0078f,0.0138f,-0.0445f,0f,0.8717f,0.49f,4.6564f,-0.0158f,0.4899f,-0.8716f,2.3598f,0f,0f,0f,1f],start_interpolation: 0,interpolation_duration: 1}
$data merge entity $(bone_crest_middle5) {transformation: [-0.9999f,-0.0046f,0.0152f,-0.0619f,0f,0.9571f,0.2897f,5.6308f,-0.0158f,0.2897f,-0.957f,3.4543f,0f,0f,0f,1f],start_interpolation: 0,interpolation_duration: 1}
$data merge entity $(bone_crest_middle4) {transformation: [-0.9999f,-0.0046f,0.0152f,-0.0588f,0f,0.9571f,0.2897f,4.9858f,-0.0158f,0.2897f,-0.957f,3.2591f,0f,0f,0f,1f],start_interpolation: 0,interpolation_duration: 1}
$data merge entity $(bone_crest_middle1) {transformation: [-0.9999f,-0.0046f,0.0152f,-0.0577f,0f,0.9571f,0.2897f,4.4777f,-0.0158f,0.2897f,-0.957f,3.1933f,0f,0f,0f,1f],start_interpolation: 0,interpolation_duration: 1}
$data merge entity $(bone_crest_left5) {transformation: [-0.5307f,-0.8384f,0.1243f,-1.1626f,-0.7352f,0.5283f,0.4247f,5.0233f,-0.4217f,0.134f,-0.8968f,3.2087f,0f,0f,0f,1f],start_interpolation: 0,interpolation_duration: 1}
$data merge entity $(bone_crest_left4) {transformation: [-0.5307f,-0.8384f,0.1243f,-0.6918f,-0.7352f,0.5283f,0.4247f,4.7267f,-0.4217f,0.134f,-0.8968f,3.1335f,0f,0f,0f,1f],start_interpolation: 0,interpolation_duration: 1}
$data merge entity $(bone_crest_left1) {transformation: [-0.5307f,-0.8384f,0.1243f,-0.167f,-0.7352f,0.5283f,0.4247f,4.4242f,-0.4217f,0.134f,-0.8968f,3.0004f,0f,0f,0f,1f],start_interpolation: 0,interpolation_duration: 1}
$data merge entity $(bone_crest_center1) {transformation: [-0.9999f,-0.0078f,0.0138f,-0.0545f,0f,0.8717f,0.49f,4.3997f,-0.0158f,0.4899f,-0.8716f,2.9884f,0f,0f,0f,1f],start_interpolation: 0,interpolation_duration: 1}
$data merge entity $(bone_crest_right5) {transformation: [-0.5438f,0.8337f,-0.0958f,1.0461f,0.7352f,0.5283f,0.4247f,5.0233f,0.4047f,0.1605f,-0.9003f,3.2437f,0f,0f,0f,1f],start_interpolation: 0,interpolation_duration: 1}
$data merge entity $(bone_crest_right4) {transformation: [-0.5438f,0.8337f,-0.0958f,0.578f,0.7352f,0.5283f,0.4247f,4.7267f,0.4047f,0.1605f,-0.9003f,3.1536f,0f,0f,0f,1f],start_interpolation: 0,interpolation_duration: 1}
$data merge entity $(bone_crest_right1) {transformation: [-0.5438f,0.8337f,-0.0958f,0.0576f,0.7352f,0.5283f,0.4247f,4.4242f,0.4047f,0.1605f,-0.9003f,3.0039f,0f,0f,0f,1f],start_interpolation: 0,interpolation_duration: 1}
$data merge entity $(bone_head1) {transformation: [-1.048f,-0.0081f,0.0145f,-0.0355f,0f,0.9137f,0.5136f,4.9102f,-0.0166f,0.5136f,-0.9136f,1.7939f,0f,0f,0f,1f],start_interpolation: 0,interpolation_duration: 1}
$data merge entity $(bone_neck10) {transformation: [-1.4972f,-0.0069f,0.0227f,-0.0173f,0f,1.4331f,0.434f,4.7895f,-0.0237f,0.4339f,-1.4329f,0.6428f,0f,0f,0f,1f],start_interpolation: 0,interpolation_duration: 1}
$data merge entity $(bone_neck9) {transformation: [-1.1454f,-0.0089f,0.0158f,-0.0067f,0f,0.9986f,0.5613f,3.4893f,-0.0182f,0.5612f,-0.9984f,-0.0236f,0f,0f,0f,1f],start_interpolation: 0,interpolation_duration: 1}
$data merge entity $(bone_neck8) {transformation: [-1.063f,0.0038f,0.0164f,-0.0101f,0f,1.0352f,-0.242f,2.7245f,-0.0168f,-0.242f,-1.0351f,0.1896f,0f,0f,0f,1f],start_interpolation: 0,interpolation_duration: 1}
$data merge entity $(bone_neck7) {transformation: [-1.0555f,0.009f,0.0141f,-0.0186f,0f,0.8888f,-0.5696f,1.9323f,-0.0167f,-0.5696f,-0.8887f,0.7237f,0f,0f,0f,1f],start_interpolation: 0,interpolation_duration: 1}
$data merge entity $(bone_neck6) {transformation: [-1.0495f,0.0066f,0.0152f,-0.0243f,0f,0.9621f,-0.4196f,1.0785f,-0.0166f,-0.4196f,-0.962f,1.0863f,0f,0f,0f,1f],start_interpolation: 0,interpolation_duration: 1}
$data merge entity $(bone_neck_spine6) {transformation: [-1.2702f,-0.0599f,-0.0557f,0.0899f,-0.0585f,0.06f,1.27f,0.1943f,-0.0571f,1.27f,-0.0626f,-1.5047f,0f,0f,0f,1f],start_interpolation: 0,interpolation_duration: 1}
$data merge entity $(bone_neck_spine7) {transformation: [-0.9947f,0.0602f,-0.0831f,0.0854f,-0.0467f,0.4552f,0.8892f,-0.188f,0.0914f,0.8884f,-0.45f,-5.1912f,0f,0f,0f,1f],start_interpolation: 0,interpolation_duration: 1}
$data merge entity $(bone_tail6) {transformation: [-1.416f,0.7307f,0.653f,-1.1685f,0.6868f,-0.0786f,1.5771f,-0.5011f,0.699f,1.5573f,-0.2268f,-8.6985f,0f,0f,0f,1f],start_interpolation: 0,interpolation_duration: 1}
$data merge entity $(bone_tail5) {transformation: [-1.1697f,0.6036f,0.5395f,-0.7873f,0.5674f,-0.0649f,1.3029f,-0.5421f,0.5774f,1.2865f,-0.1874f,-7.886f,0f,0f,0f,1f],start_interpolation: 0,interpolation_duration: 1}
$data merge entity $(bone_tail4) {transformation: [-0.8619f,0.4448f,0.3975f,-0.5967f,0.4181f,-0.0478f,0.96f,-0.5626f,0.4255f,0.9479f,-0.1381f,-7.4797f,0f,0f,0f,1f],start_interpolation: 0,interpolation_duration: 1}
$data merge entity $(bone_segment18) {transformation: [-0.8223f,0.363f,0.4383f,-0.3929f,0.3989f,-0.1818f,0.8988f,-0.6647f,0.4059f,0.9139f,0.0047f,-6.9665f,0f,0f,0f,1f],start_interpolation: 0,interpolation_duration: 1}
$data merge entity $(bone_segment17) {transformation: [-0.9246f,0.3766f,0.0568f,-0.118f,-0.0018f,-0.1533f,0.9882f,-0.7766f,0.3809f,0.9136f,0.1424f,-6.2996f,0f,0f,0f,1f],start_interpolation: 0,interpolation_duration: 1}
$data merge entity $(bone_segment16) {transformation: [-0.9747f,0.2201f,-0.0386f,0.0921f,-0.0179f,0.0953f,0.9953f,-0.6856f,0.2227f,0.9708f,-0.089f,-5.3729f,0f,0f,0f,1f],start_interpolation: 0,interpolation_duration: 1}
$data merge entity $(bone_segment15) {transformation: [-0.9947f,0.0797f,-0.0647f,0.1861f,-0.0467f,0.2095f,0.9767f,-0.4385f,0.0914f,0.9746f,-0.2047f,-4.2237f,0f,0f,0f,1f],start_interpolation: 0,interpolation_duration: 1}
$data merge entity $(bone_segment14) {transformation: [-1.0468f,-0.0007f,-0.0545f,0.1853f,-0.0545f,0.0595f,1.0451f,-0.3716f,0.0024f,1.0465f,-0.0594f,-3.0464f,0f,0f,0f,1f],start_interpolation: 0,interpolation_duration: 1}
$data merge entity $(bone_segment13) {transformation: [-1.0236f,-0.0397f,-0.0526f,0.1389f,-0.0472f,-0.1301f,1.0163f,-0.5561f,-0.046f,1.0167f,0.128f,-1.8255f,0f,0f,0f,1f],start_interpolation: 0,interpolation_duration: 1}
$data merge entity $(bone_segment12) {transformation: [-1.1126f,-0.0699f,-0.042f,0.0544f,-0.0533f,0.1892f,1.0981f,-0.3276f,-0.0617f,1.0972f,-0.192f,-0.5f,0f,0f,0f,1f],start_interpolation: 0,interpolation_duration: 1}
$data merge entity $(bone_segment11) {transformation: [-1.1892f,-0.053f,-0.0051f,-0.0102f,-0.0363f,0.7235f,0.9446f,0.5084f,-0.039f,0.9439f,-0.7244f,0.5906f,0f,0f,0f,1f],start_interpolation: 0,interpolation_duration: 1}
$data merge entity $(bone_segment10) {transformation: [-1.048f,-0.0081f,0.0145f,-0.0247f,0f,0.9167f,0.5082f,1.4468f,-0.0166f,0.5082f,-0.9166f,1.1107f,0f,0f,0f,1f],start_interpolation: 0,interpolation_duration: 1}
data modify entity @s data merge value {"cameras":{},"locators":{"mouth":{"posx":-0.06888556965164372,"posy":3.6034061805545554,"posz":3.8980635610804724,"roty":180.9079809994791,"rotx":60.65878602776527}}}