# This file was generated by Animated Java via MC-Build. It is not recommended to edit this file directly.
$data merge entity $(bone_neck_spine5) {transformation: [-1.5721f,-0.0051f,0.0204f,0.1096f,0f,1.5252f,0.3818f,4.4449f,-0.021f,0.3817f,-1.5251f,-0.3607f,0f,0f,0f,1f],start_interpolation: 0,interpolation_duration: 1}
$data merge entity $(bone_neck_spine2) {transformation: [-1.4973f,-0.0032f,0.0198f,-0.0274f,0f,1.4786f,0.2367f,5.7071f,-0.02f,0.2367f,-1.4784f,1.4919f,0f,0f,0f,1f],start_interpolation: 0,interpolation_duration: 1}
$data merge entity $(bone_scale_neck_left1) {transformation: [-1.5925f,0.4057f,0.1115f,0.761f,0.4086f,1.3868f,0.7893f,4.8221f,0.1005f,0.7908f,-1.4414f,1.3265f,0f,0f,0f,1f],start_interpolation: 0,interpolation_duration: 1}
$data merge entity $(bone_scale_neck_right1) {transformation: [-1.5892f,-0.4267f,-0.073f,-0.8112f,-0.4086f,1.3868f,0.7893f,4.8221f,-0.143f,0.7797f,-1.4439f,1.3055f,0f,0f,0f,1f],start_interpolation: 0,interpolation_duration: 1}
$data merge entity $(bone_blush_right1) {transformation: [-0.9999f,-0.0065f,0.0117f,-0.7031f,0f,0.8742f,0.4856f,4.0826f,-0.0134f,0.4856f,-0.8741f,2.4675f,0f,0f,0f,1f],start_interpolation: 0,interpolation_duration: 1}
$data merge entity $(bone_blush_left1) {transformation: [-0.9999f,-0.0065f,0.0117f,0.6219f,0f,0.8742f,0.4856f,4.0826f,-0.0134f,0.4856f,-0.8741f,2.4852f,0f,0f,0f,1f],start_interpolation: 0,interpolation_duration: 1}
$data merge entity $(bone_left_head_scales) {transformation: [-0.8923f,-0.0065f,-0.4513f,0.633f,-0.2242f,0.8742f,0.4307f,4.9116f,0.3918f,0.4856f,-0.7815f,2.4962f,0f,0f,0f,1f],start_interpolation: 0,interpolation_duration: 1}
$data merge entity $(bone_left_head_scales2) {transformation: [-0.8258f,-0.0065f,-0.564f,0.6369f,-0.2785f,0.8742f,0.3978f,4.0444f,0.4904f,0.4856f,-0.7237f,2.2072f,0f,0f,0f,1f],start_interpolation: 0,interpolation_duration: 1}
$data merge entity $(bone_left_head_scales1) {transformation: [-0.9999f,-0.0065f,0.0117f,0.6338f,0f,0.8742f,0.4856f,4.8134f,-0.0134f,0.4856f,-0.8741f,2.4417f,0f,0f,0f,1f],start_interpolation: 0,interpolation_duration: 1}
$data merge entity $(bone_right_head_scales) {transformation: [-0.8815f,-0.0065f,0.4721f,-0.7145f,0.2242f,0.8742f,0.4307f,4.9116f,-0.4155f,0.4856f,-0.7692f,2.4782f,0f,0f,0f,1f],start_interpolation: 0,interpolation_duration: 1}
$data merge entity $(bone_right_head_scales2) {transformation: [-0.8124f,-0.0065f,0.5831f,-0.7107f,0.2785f,0.8742f,0.3978f,4.0444f,-0.5123f,0.4856f,-0.7084f,2.1892f,0f,0f,0f,1f],start_interpolation: 0,interpolation_duration: 1}
$data merge entity $(bone_right_head_scales1) {transformation: [-0.9999f,-0.0065f,0.0117f,-0.7138f,0f,0.8742f,0.4856f,4.8134f,-0.0134f,0.4856f,-0.8741f,2.4237f,0f,0f,0f,1f],start_interpolation: 0,interpolation_duration: 1}
$data merge entity $(bone_head_left_fin1) {transformation: [-0.7372f,0.0194f,-0.7449f,0.6375f,-0.1117f,1.0331f,0.1374f,4.4862f,0.7367f,0.176f,-0.7245f,2.1636f,0f,0f,0f,1f],start_interpolation: 0,interpolation_duration: 1}
$data merge entity $(bone_head_right_fin1) {transformation: [-0.7173f,-0.0241f,0.764f,-0.7101f,0.1117f,1.0331f,0.1374f,4.4862f,-0.7561f,0.1754f,-0.7044f,2.1456f,0f,0f,0f,1f],start_interpolation: 0,interpolation_duration: 1}
$data merge entity $(bone_right_whisker16) {transformation: [0.2608f,0.9224f,-0.2848f,-1.2365f,0.9583f,-0.283f,-0.0393f,1.7489f,-0.1169f,-0.2627f,-0.9578f,2.099f,0f,0f,0f,1f],start_interpolation: 0,interpolation_duration: 1}
$data merge entity $(bone_right_whisker15) {transformation: [-0.8805f,0.3789f,-0.2848f,-0.9398f,0.4057f,0.9132f,-0.0393f,1.6122f,0.2452f,-0.1502f,-0.9578f,2.0164f,0f,0f,0f,1f],start_interpolation: 0,interpolation_duration: 1}
$data merge entity $(bone_right_whisker14) {transformation: [-0.7155f,-0.6379f,-0.2848f,-0.6987f,-0.6562f,0.7536f,-0.0393f,1.8333f,0.2397f,0.1588f,-0.9578f,1.9357f,0f,0f,0f,1f],start_interpolation: 0,interpolation_duration: 1}
$data merge entity $(bone_right_whisker13) {transformation: [-0.0921f,-0.9942f,-0.0565f,-0.6677f,-0.9837f,0.082f,0.1598f,2.1647f,-0.1543f,0.0703f,-0.9855f,1.9876f,0f,0f,0f,1f],start_interpolation: 0,interpolation_duration: 1}
$data merge entity $(bone_right_whisker12) {transformation: [0.0721f,-0.9968f,-0.0352f,-0.7001f,-0.926f,-0.08f,0.369f,2.5807f,-0.3706f,0.006f,-0.9288f,2.1541f,0f,0f,0f,1f],start_interpolation: 0,interpolation_duration: 1}
$data merge entity $(bone_right_whisker11) {transformation: [0.2932f,-0.956f,-0.0119f,-0.8318f,-0.9532f,-0.2933f,0.0734f,3.0089f,-0.0737f,-0.0102f,-0.9972f,2.1872f,0f,0f,0f,1f],start_interpolation: 0,interpolation_duration: 1}
$data merge entity $(bone_right_whisker10) {transformation: [0.0681f,-0.9926f,0.1003f,-0.8624f,-0.982f,-0.0845f,-0.169f,3.45f,0.1762f,-0.087f,-0.9805f,2.1081f,0f,0f,0f,1f],start_interpolation: 0,interpolation_duration: 1}
$data merge entity $(bone_right_whisker1) {transformation: [-0.3388f,-0.9382f,0.0702f,-0.7102f,-0.9347f,0.3442f,0.0892f,3.8699f,-0.1078f,-0.0355f,-0.9935f,2.1565f,0f,0f,0f,1f],start_interpolation: 0,interpolation_duration: 1}
$data merge entity $(bone_left_whisker16) {transformation: [0.2575f,-0.9151f,0.3103f,1.1649f,-0.9583f,-0.283f,-0.0393f,1.7489f,0.1238f,-0.2872f,-0.9498f,2.1311f,0f,0f,0f,1f],start_interpolation: 0,interpolation_duration: 1}
$data merge entity $(bone_left_whisker15) {transformation: [-0.8736f,-0.3748f,0.3103f,0.8706f,-0.4057f,0.9132f,-0.0393f,1.6122f,-0.2686f,-0.1602f,-0.9498f,2.0406f,0f,0f,0f,1f],start_interpolation: 0,interpolation_duration: 1}
$data merge entity $(bone_left_whisker14) {transformation: [-0.7089f,0.6334f,0.3103f,0.6317f,0.6562f,0.7536f,-0.0393f,1.8333f,-0.2587f,0.1757f,-0.9498f,1.9534f,0f,0f,0f,1f],start_interpolation: 0,interpolation_duration: 1}
$data merge entity $(bone_left_whisker13) {transformation: [-0.0961f,0.9919f,0.0828f,0.5994f,0.9837f,0.082f,0.1598f,2.1647f,0.1517f,0.0968f,-0.9837f,2.0046f,0f,0f,0f,1f],start_interpolation: 0,interpolation_duration: 1}
$data merge entity $(bone_left_whisker12) {transformation: [0.0622f,0.9963f,0.06f,0.6273f,0.926f,-0.08f,0.369f,2.5807f,0.3724f,0.0326f,-0.9275f,2.1718f,0f,0f,0f,1f],start_interpolation: 0,interpolation_duration: 1}
$data merge entity $(bone_left_whisker11) {transformation: [0.2911f,0.9559f,0.0385f,0.7581f,0.9532f,-0.2933f,0.0734f,3.0089f,0.0815f,0.0153f,-0.9966f,2.2084f,0f,0f,0f,1f],start_interpolation: 0,interpolation_duration: 1}
$data merge entity $(bone_left_whisker10) {transformation: [0.0728f,0.9946f,-0.074f,0.7908f,0.982f,-0.0845f,-0.169f,3.45f,-0.1743f,-0.0604f,-0.9828f,2.1301f,0f,0f,0f,1f],start_interpolation: 0,interpolation_duration: 1}
$data merge entity $(bone_left_whisker1) {transformation: [-0.3416f,0.9388f,-0.0437f,0.6373f,0.9347f,0.3442f,0.0892f,3.8699f,0.0987f,-0.0104f,-0.9951f,2.1745f,0f,0f,0f,1f],start_interpolation: 0,interpolation_duration: 1}
$data merge entity $(bone_upper_left_tooth1) {transformation: [-0.9999f,-0.0054f,0.0122f,0.2588f,0f,0.9132f,0.4076f,3.7998f,-0.0134f,0.4075f,-0.9131f,3.185f,0f,0f,0f,1f],start_interpolation: 0,interpolation_duration: 1}
$data merge entity $(bone_upper_right_tooth1) {transformation: [-0.9999f,-0.0054f,0.0122f,-0.415f,0f,0.9132f,0.4076f,3.7998f,-0.0134f,0.4075f,-0.9131f,3.176f,0f,0f,0f,1f],start_interpolation: 0,interpolation_duration: 1}
$data merge entity $(bone_top_lip1) {transformation: [-0.9999f,0.0015f,0.0133f,-0.0507f,0f,0.9937f,-0.1118f,3.9126f,-0.0134f,-0.1118f,-0.9936f,3.2313f,0f,0f,0f,1f],start_interpolation: 0,interpolation_duration: 1}
$data merge entity $(bone_muzzle1) {transformation: [-0.9999f,-0.0054f,0.0122f,-0.0448f,0f,0.9132f,0.4076f,4.2953f,-0.0134f,0.4075f,-0.9131f,2.7872f,0f,0f,0f,1f],start_interpolation: 0,interpolation_duration: 1}
$data merge entity $(bone_jaw_right_tooth1) {transformation: [-0.9999f,0.0015f,0.0133f,-0.4145f,0f,0.9933f,-0.1153f,3.586f,-0.0134f,-0.1153f,-0.9932f,3.1433f,0f,0f,0f,1f],start_interpolation: 0,interpolation_duration: 1}
$data merge entity $(bone_jaw_left_tooth1) {transformation: [-0.9999f,0.0015f,0.0133f,0.3154f,0f,0.9933f,-0.1153f,3.586f,-0.0134f,-0.1153f,-0.9932f,3.153f,0f,0f,0f,1f],start_interpolation: 0,interpolation_duration: 1}
$data merge entity $(bone_tongue1) {transformation: [-0.9999f,-0.0049f,0.0124f,-0.0397f,0f,0.9309f,0.3652f,3.8741f,-0.0134f,0.3652f,-0.9308f,2.4058f,0f,0f,0f,1f],start_interpolation: 0,interpolation_duration: 1}
$data merge entity $(bone_jaw_lips1) {transformation: [-0.9999f,-0.0049f,0.0124f,0.0059f,0f,0.9309f,0.3652f,3.4257f,-0.0134f,0.3652f,-0.9308f,3.1957f,0f,0f,0f,1f],start_interpolation: 0,interpolation_duration: 1}
$data merge entity $(bone_jaw3) {transformation: [-0.9999f,-0.0008f,0.0133f,0.018f,0f,0.9983f,0.0589f,3.3946f,-0.0134f,0.0589f,-0.9982f,2.2939f,0f,0f,0f,1f],start_interpolation: 0,interpolation_duration: 1}
$data merge entity $(bone_jaw1) {transformation: [-0.9999f,-0.01f,0.0089f,0.026f,0f,0.6642f,0.7476f,4.0662f,-0.0134f,0.7475f,-0.6641f,1.6972f,0f,0f,0f,1f],start_interpolation: 0,interpolation_duration: 1}
$data merge entity $(bone_tear_right1) {transformation: [-0.9999f,-0.0065f,0.0117f,-0.6507f,0f,0.8742f,0.4856f,4.3771f,-0.0134f,0.4856f,-0.8741f,2.7475f,0f,0f,0f,1f],start_interpolation: 0,interpolation_duration: 1}
$data merge entity $(bone_right_pupil1) {transformation: [-0.9999f,-0.0065f,0.0117f,-0.467f,0f,0.8742f,0.4856f,4.4426f,-0.0134f,0.4856f,-0.8741f,2.8634f,0f,0f,0f,1f],start_interpolation: 0,interpolation_duration: 1}
$data merge entity $(bone_right_sad_pupil1) {transformation: [-0.9999f,-0.0065f,0.0117f,-0.4668f,0f,0.8742f,0.4856f,4.448f,-0.0134f,0.4856f,-0.8741f,2.8535f,0f,0f,0f,1f],start_interpolation: 0,interpolation_duration: 1}
$data merge entity $(bone_right_happy_pupil1) {transformation: [-0.9999f,-0.0065f,0.0117f,-0.4947f,0f,0.8742f,0.4856f,4.4235f,-0.0134f,0.4856f,-0.8741f,2.8395f,0f,0f,0f,1f],start_interpolation: 0,interpolation_duration: 1}
$data merge entity $(bone_eyelid_right1) {transformation: [-0.9999f,-0.0065f,0.0117f,-0.0276f,0f,0.8742f,0.4856f,4.6716f,-0.0134f,0.4856f,-0.8741f,2.3412f,0f,0f,0f,1f],start_interpolation: 0,interpolation_duration: 1}
$data merge entity $(bone_eyelid_expressions_right5) {transformation: [-0.9999f,-0.0065f,0.0117f,-0.5967f,0f,0.8742f,0.4856f,4.5462f,-0.0134f,0.4856f,-0.8741f,2.9063f,0f,0f,0f,1f],start_interpolation: 0,interpolation_duration: 1}
$data merge entity $(bone_eyelid_expressions_right7) {transformation: [-0.9999f,-0.0065f,0.0117f,-0.2598f,0f,0.8742f,0.4856f,4.5462f,-0.0134f,0.4856f,-0.8741f,2.9108f,0f,0f,0f,1f],start_interpolation: 0,interpolation_duration: 1}
$data merge entity $(bone_eyelid_expressions_right6) {transformation: [-0.9999f,-0.0065f,0.0117f,-0.3721f,0f,0.8742f,0.4856f,4.5462f,-0.0134f,0.4856f,-0.8741f,2.9093f,0f,0f,0f,1f],start_interpolation: 0,interpolation_duration: 1}
$data merge entity $(bone_right_eye1) {transformation: [-0.9999f,-0.0065f,0.0117f,-0.0389f,0f,0.8742f,0.4856f,4.6662f,-0.0134f,0.4856f,-0.8741f,2.3509f,0f,0f,0f,1f],start_interpolation: 0,interpolation_duration: 1}
$data merge entity $(bone_tear_left1) {transformation: [-0.9999f,-0.0065f,0.0117f,0.5621f,0f,0.8742f,0.4856f,4.3771f,-0.0134f,0.4856f,-0.8741f,2.7637f,0f,0f,0f,1f],start_interpolation: 0,interpolation_duration: 1}
$data merge entity $(bone_left_sad_pupil1) {transformation: [-0.9999f,-0.0065f,0.0117f,0.3754f,0f,0.8742f,0.4856f,4.448f,-0.0134f,0.4856f,-0.8741f,2.8648f,0f,0f,0f,1f],start_interpolation: 0,interpolation_duration: 1}
$data merge entity $(bone_left_pupil1) {transformation: [-0.9999f,-0.0065f,0.0117f,0.3753f,0f,0.8742f,0.4856f,4.4426f,-0.0134f,0.4856f,-0.8741f,2.8746f,0f,0f,0f,1f],start_interpolation: 0,interpolation_duration: 1}
$data merge entity $(bone_eyelid_left1) {transformation: [-0.9999f,-0.0065f,0.0117f,-0.05f,0f,0.8742f,0.4856f,4.6716f,-0.0134f,0.4856f,-0.8741f,2.3409f,0f,0f,0f,1f],start_interpolation: 0,interpolation_duration: 1}
$data merge entity $(bone_left_happy_pupil1) {transformation: [-0.9999f,-0.0065f,0.0117f,0.4036f,0f,0.8742f,0.4856f,4.4235f,-0.0134f,0.4856f,-0.8741f,2.8515f,0f,0f,0f,1f],start_interpolation: 0,interpolation_duration: 1}
$data merge entity $(bone_eyelid_expressions_left5) {transformation: [-0.9999f,-0.0065f,0.0117f,0.5038f,0f,0.8742f,0.4856f,4.5462f,-0.0134f,0.4856f,-0.8741f,2.921f,0f,0f,0f,1f],start_interpolation: 0,interpolation_duration: 1}
$data merge entity $(bone_eyelid_expressions_left7) {transformation: [-0.9999f,-0.0065f,0.0117f,0.1669f,0f,0.8742f,0.4856f,4.5462f,-0.0134f,0.4856f,-0.8741f,2.9165f,0f,0f,0f,1f],start_interpolation: 0,interpolation_duration: 1}
$data merge entity $(bone_eyelid_expressions_left6) {transformation: [-0.9999f,-0.0065f,0.0117f,0.2792f,0f,0.8742f,0.4856f,4.5462f,-0.0134f,0.4856f,-0.8741f,2.918f,0f,0f,0f,1f],start_interpolation: 0,interpolation_duration: 1}
$data merge entity $(bone_left_eye1) {transformation: [-0.9999f,-0.0065f,0.0117f,-0.0389f,0f,0.8742f,0.4856f,4.6662f,-0.0134f,0.4856f,-0.8741f,2.3509f,0f,0f,0f,1f],start_interpolation: 0,interpolation_duration: 1}
$data merge entity $(bone_crest_middle5) {transformation: [-0.9999f,-0.0038f,0.0128f,-0.0535f,0f,0.9586f,0.2849f,5.646f,-0.0134f,0.2849f,-0.9585f,3.4405f,0f,0f,0f,1f],start_interpolation: 0,interpolation_duration: 1}
$data merge entity $(bone_crest_middle4) {transformation: [-0.9999f,-0.0038f,0.0128f,-0.0509f,0f,0.9586f,0.2849f,5.0001f,-0.0134f,0.2849f,-0.9585f,3.2485f,0f,0f,0f,1f],start_interpolation: 0,interpolation_duration: 1}
$data merge entity $(bone_crest_middle1) {transformation: [-0.9999f,-0.0038f,0.0128f,-0.0501f,0f,0.9586f,0.2849f,4.4917f,-0.0134f,0.2849f,-0.9585f,3.1853f,0f,0f,0f,1f],start_interpolation: 0,interpolation_duration: 1}
$data merge entity $(bone_crest_left5) {transformation: [-0.5318f,-0.838f,0.1221f,-1.1549f,-0.7373f,0.5291f,0.4202f,5.0374f,-0.4167f,0.1334f,-0.8992f,3.2007f,0f,0f,0f,1f],start_interpolation: 0,interpolation_duration: 1}
$data merge entity $(bone_crest_left4) {transformation: [-0.5318f,-0.838f,0.1221f,-0.6843f,-0.7373f,0.5291f,0.4202f,4.7403f,-0.4167f,0.1334f,-0.8992f,3.1258f,0f,0f,0f,1f],start_interpolation: 0,interpolation_duration: 1}
$data merge entity $(bone_crest_left1) {transformation: [-0.5318f,-0.838f,0.1221f,-0.1598f,-0.7373f,0.5291f,0.4202f,4.4371f,-0.4167f,0.1334f,-0.8992f,2.9929f,0f,0f,0f,1f],start_interpolation: 0,interpolation_duration: 1}
$data merge entity $(bone_crest_center1) {transformation: [-0.9999f,-0.0065f,0.0117f,-0.0473f,0f,0.8742f,0.4856f,4.4126f,-0.0134f,0.4856f,-0.8741f,2.9808f,0f,0f,0f,1f],start_interpolation: 0,interpolation_duration: 1}
$data merge entity $(bone_crest_right5) {transformation: [-0.5427f,0.8342f,-0.098f,1.0539f,0.7373f,0.5291f,0.4202f,5.0374f,0.4023f,0.1557f,-0.9021f,3.2302f,0f,0f,0f,1f],start_interpolation: 0,interpolation_duration: 1}
$data merge entity $(bone_crest_right4) {transformation: [-0.5427f,0.8342f,-0.098f,0.5855f,0.7373f,0.5291f,0.4202f,4.7403f,0.4023f,0.1557f,-0.9021f,3.1428f,0f,0f,0f,1f],start_interpolation: 0,interpolation_duration: 1}
$data merge entity $(bone_crest_right1) {transformation: [-0.5427f,0.8342f,-0.098f,0.0648f,0.7373f,0.5291f,0.4202f,4.4371f,0.4023f,0.1557f,-0.9021f,2.9959f,0f,0f,0f,1f],start_interpolation: 0,interpolation_duration: 1}
$data merge entity $(bone_head1) {transformation: [-1.0481f,-0.0068f,0.0122f,-0.0313f,0f,0.9163f,0.509f,4.917f,-0.014f,0.509f,-0.9162f,1.7837f,0f,0f,0f,1f],start_interpolation: 0,interpolation_duration: 1}
$data merge entity $(bone_neck10) {transformation: [-1.4973f,-0.0057f,0.0192f,-0.016f,0f,1.435f,0.4277f,4.7913f,-0.02f,0.4276f,-1.4349f,0.6331f,0f,0f,0f,1f],start_interpolation: 0,interpolation_duration: 1}
$data merge entity $(bone_neck9) {transformation: [-1.1454f,-0.0074f,0.0134f,-0.0072f,0f,1.0014f,0.5563f,3.4877f,-0.0153f,0.5562f,-1.0013f,-0.0268f,0f,0f,0f,1f],start_interpolation: 0,interpolation_duration: 1}
$data merge entity $(bone_neck8) {transformation: [-1.0631f,0.0033f,0.0138f,-0.0101f,0f,1.034f,-0.2472f,2.724f,-0.0142f,-0.2472f,-1.0339f,0.1902f,0f,0f,0f,1f],start_interpolation: 0,interpolation_duration: 1}
$data merge entity $(bone_neck7) {transformation: [-1.0556f,0.0077f,0.0118f,-0.0172f,0f,0.8861f,-0.5739f,1.9344f,-0.0141f,-0.5738f,-0.886f,0.7281f,0f,0f,0f,1f],start_interpolation: 0,interpolation_duration: 1}
$data merge entity $(bone_neck6) {transformation: [-1.0496f,0.0056f,0.0128f,-0.0221f,0f,0.9612f,-0.4218f,1.0815f,-0.014f,-0.4218f,-0.9611f,1.0927f,0f,0f,0f,1f],start_interpolation: 0,interpolation_duration: 1}
$data merge entity $(bone_neck_spine6) {transformation: [-1.2696f,-0.0687f,-0.0591f,0.0842f,-0.0623f,0.0605f,1.2698f,0.1987f,-0.0657f,1.2695f,-0.0637f,-1.4997f,0f,0f,0f,1f],start_interpolation: 0,interpolation_duration: 1}
$data merge entity $(bone_neck_spine7) {transformation: [-0.9963f,0.04f,-0.0758f,0.1289f,-0.0489f,0.4616f,0.8857f,-0.1954f,0.0705f,0.8862f,-0.4579f,-5.1885f,0f,0f,0f,1f],start_interpolation: 0,interpolation_duration: 1}
$data merge entity $(bone_tail6) {transformation: [-1.4273f,0.6953f,0.6668f,-1.0446f,0.7031f,-0.0631f,1.5707f,-0.552f,0.6587f,1.5741f,-0.2315f,-8.7217f,0f,0f,0f,1f],start_interpolation: 0,interpolation_duration: 1}
$data merge entity $(bone_tail5) {transformation: [-1.1791f,0.5744f,0.5509f,-0.6818f,0.5808f,-0.0522f,1.2975f,-0.585f,0.5441f,1.3004f,-0.1913f,-7.9004f,0f,0f,0f,1f],start_interpolation: 0,interpolation_duration: 1}
$data merge entity $(bone_tail4) {transformation: [-0.8688f,0.4232f,0.4059f,-0.5004f,0.4279f,-0.0384f,0.9561f,-0.6015f,0.4009f,0.9582f,-0.1409f,-7.4897f,0f,0f,0f,1f],start_interpolation: 0,interpolation_duration: 1}
$data merge entity $(bone_segment18) {transformation: [-0.8289f,0.3429f,0.442f,-0.3079f,0.4083f,-0.1694f,0.897f,-0.6966f,0.3825f,0.924f,0.0004f,-6.9709f,0f,0f,0f,1f],start_interpolation: 0,interpolation_duration: 1}
$data merge entity $(bone_segment17) {transformation: [-0.9323f,0.3583f,0.0488f,-0.0463f,-0.0011f,-0.1377f,0.9905f,-0.7971f,0.3616f,0.9234f,0.1288f,-6.2969f,0f,0f,0f,1f],start_interpolation: 0,interpolation_duration: 1}
$data merge entity $(bone_segment16) {transformation: [-0.9798f,0.196f,-0.0406f,0.1408f,-0.0197f,0.1078f,0.994f,-0.6942f,0.1992f,0.9747f,-0.1017f,-5.3665f,0f,0f,0f,1f],start_interpolation: 0,interpolation_duration: 1}
$data merge entity $(bone_segment15) {transformation: [-0.9963f,0.0583f,-0.0629f,0.2096f,-0.0489f,0.2166f,0.975f,-0.4388f,0.0705f,0.9745f,-0.213f,-4.2173f,0f,0f,0f,1f],start_interpolation: 0,interpolation_duration: 1}
$data merge entity $(bone_segment14) {transformation: [-1.0466f,-0.0158f,-0.0558f,0.1917f,-0.0566f,0.0631f,1.0447f,-0.3678f,-0.0124f,1.0462f,-0.0638f,-3.0404f,0f,0f,0f,1f],start_interpolation: 0,interpolation_duration: 1}
$data merge entity $(bone_segment13) {transformation: [-1.0231f,-0.0462f,-0.0565f,0.1376f,-0.0502f,-0.1297f,1.0162f,-0.5518f,-0.0529f,1.0164f,0.1271f,-1.8197f,0f,0f,0f,1f],start_interpolation: 0,interpolation_duration: 1}
$data merge entity $(bone_segment12) {transformation: [-1.1125f,-0.0703f,-0.0441f,0.0527f,-0.0554f,0.1879f,1.0982f,-0.3248f,-0.0618f,1.0974f,-0.1909f,-0.494f,0f,0f,0f,1f],start_interpolation: 0,interpolation_duration: 1}
$data merge entity $(bone_segment11) {transformation: [-1.1893f,-0.0504f,-0.0068f,-0.0093f,-0.036f,0.7232f,0.9449f,0.5109f,-0.0358f,0.9442f,-0.724f,0.5971f,0f,0f,0f,1f],start_interpolation: 0,interpolation_duration: 1}
$data merge entity $(bone_segment10) {transformation: [-1.0481f,-0.0068f,0.0123f,-0.0224f,0f,0.9172f,0.5073f,1.4498f,-0.014f,0.5073f,-0.9171f,1.1163f,0f,0f,0f,1f],start_interpolation: 0,interpolation_duration: 1}
data modify entity @s data merge value {"cameras":{},"locators":{"mouth":{"px":-0.05954403989403596,"py":3.620897471872306,"pz":3.8944654837262633,"ry":180.7653668647302,"rx":60.94726154256737}}}
function animated_java:gyarados/animations/surfacewater_idle/zzz/frames/on_tick/transform_floating_entities