# This file was generated by Animated Java via MC-Build. It is not recommended to edit this file directly.
$data merge entity $(bone_neck_spine5) {transformation: [-1.5722f,-0.002f,0.0084f,0.106f,0f,1.5305f,0.3598f,4.4319f,-0.0086f,0.3598f,-1.5305f,-0.3874f,0f,0f,0f,1f],start_interpolation: 0,interpolation_duration: 1}
$data merge entity $(bone_neck_spine2) {transformation: [-1.4974f,-0.0012f,0.0081f,-0.0164f,0f,1.4807f,0.2229f,5.7164f,-0.0082f,0.2229f,-1.4807f,1.4525f,0f,0f,0f,1f],start_interpolation: 0,interpolation_duration: 1}
$data merge entity $(bone_scale_neck_left1) {transformation: [-1.5916f,0.412f,0.1002f,0.7706f,0.4097f,1.394f,0.7758f,4.8297f,0.1093f,0.7746f,-1.4495f,1.2892f,0f,0f,0f,1f],start_interpolation: 0,interpolation_duration: 1}
$data merge entity $(bone_scale_neck_right1) {transformation: [-1.5903f,-0.4204f,-0.0844f,-0.8016f,-0.4097f,1.394f,0.7758f,4.8297f,-0.1266f,0.7701f,-1.4505f,1.2806f,0f,0f,0f,1f],start_interpolation: 0,interpolation_duration: 1}
$data merge entity $(bone_blush_right1) {transformation: [-1f,-0.0026f,0.0048f,-0.6845f,0f,0.8811f,0.473f,4.1046f,-0.0055f,0.473f,-0.881f,2.4527f,0f,0f,0f,1f],start_interpolation: 0,interpolation_duration: 1}
$data merge entity $(bone_blush_left1) {transformation: [-1f,-0.0026f,0.0048f,0.6407f,0f,0.8811f,0.473f,4.1046f,-0.0055f,0.473f,-0.881f,2.46f,0f,0f,0f,1f],start_interpolation: 0,interpolation_duration: 1}
$data merge entity $(bone_left_head_scales) {transformation: [-0.8892f,-0.0026f,-0.4575f,0.6519f,-0.2184f,0.8811f,0.4196f,4.9337f,0.402f,0.473f,-0.784f,2.459f,0f,0f,0f,1f],start_interpolation: 0,interpolation_duration: 1}
$data merge entity $(bone_left_head_scales2) {transformation: [-0.8219f,-0.0026f,-0.5696f,0.6535f,-0.2713f,0.8811f,0.3875f,4.0624f,0.5009f,0.473f,-0.7248f,2.1825f,0f,0f,0f,1f],start_interpolation: 0,interpolation_duration: 1}
$data merge entity $(bone_left_head_scales1) {transformation: [-1f,-0.0026f,0.0048f,0.6522f,0f,0.8811f,0.473f,4.8348f,-0.0055f,0.473f,-0.881f,2.4059f,0f,0f,0f,1f],start_interpolation: 0,interpolation_duration: 1}
$data merge entity $(bone_right_head_scales) {transformation: [-0.8848f,-0.0026f,0.466f,-0.6957f,0.2184f,0.8811f,0.4196f,4.9337f,-0.4117f,0.473f,-0.779f,2.4516f,0f,0f,0f,1f],start_interpolation: 0,interpolation_duration: 1}
$data merge entity $(bone_right_head_scales2) {transformation: [-0.8164f,-0.0026f,0.5775f,-0.6942f,0.2713f,0.8811f,0.3875f,4.0624f,-0.5098f,0.473f,-0.7186f,2.1751f,0f,0f,0f,1f],start_interpolation: 0,interpolation_duration: 1}
$data merge entity $(bone_right_head_scales1) {transformation: [-1f,-0.0026f,0.0048f,-0.6954f,0f,0.8811f,0.473f,4.8348f,-0.0055f,0.473f,-0.881f,2.3985f,0f,0f,0f,1f],start_interpolation: 0,interpolation_duration: 1}
$data merge entity $(bone_head_left_fin1) {transformation: [-0.7314f,0.0208f,-0.7506f,0.6537f,-0.101f,1.0355f,0.1271f,4.5035f,0.744f,0.161f,-0.7205f,2.1325f,0f,0f,0f,1f],start_interpolation: 0,interpolation_duration: 1}
$data merge entity $(bone_head_right_fin1) {transformation: [-0.7232f,-0.0226f,0.7584f,-0.6939f,0.101f,1.0355f,0.1271f,4.5035f,-0.752f,0.1608f,-0.7123f,2.1251f,0f,0f,0f,1f],start_interpolation: 0,interpolation_duration: 1}
$data merge entity $(bone_right_whisker16) {transformation: [0.2599f,0.9203f,-0.2924f,-1.2209f,0.9565f,-0.2869f,-0.053f,1.766f,-0.1327f,-0.2659f,-0.9548f,2.1221f,0f,0f,0f,1f],start_interpolation: 0,interpolation_duration: 1}
$data merge entity $(bone_right_whisker15) {transformation: [-0.8785f,0.3778f,-0.2924f,-0.9249f,0.4093f,0.9108f,-0.053f,1.6281f,0.2463f,-0.1662f,-0.9548f,2.0391f,0f,0f,0f,1f],start_interpolation: 0,interpolation_duration: 1}
$data merge entity $(bone_right_whisker14) {transformation: [-0.7137f,-0.6365f,-0.2924f,-0.6844f,-0.6525f,0.7559f,-0.053f,1.8479f,0.2548f,0.1529f,-0.9548f,1.9533f,0f,0f,0f,1f],start_interpolation: 0,interpolation_duration: 1}
$data merge entity $(bone_right_whisker13) {transformation: [-0.0934f,-0.9936f,-0.0642f,-0.653f,-0.9858f,0.0832f,0.1457f,2.18f,-0.1394f,0.0769f,-0.9872f,2.0002f,0f,0f,0f,1f],start_interpolation: 0,interpolation_duration: 1}
$data merge entity $(bone_right_whisker12) {transformation: [0.0691f,-0.9967f,-0.0425f,-0.684f,-0.9312f,-0.0797f,0.3556f,2.5984f,-0.3578f,0.015f,-0.9337f,2.161f,0f,0f,0f,1f],start_interpolation: 0,interpolation_duration: 1}
$data merge entity $(bone_right_whisker11) {transformation: [0.2925f,-0.9561f,-0.0198f,-0.8154f,-0.9542f,-0.2932f,0.0591f,3.027f,-0.0623f,0.0016f,-0.9981f,2.1889f,0f,0f,0f,1f],start_interpolation: 0,interpolation_duration: 1}
$data merge entity $(bone_right_whisker10) {transformation: [0.0694f,-0.9933f,0.0925f,-0.8466f,-0.9794f,-0.0855f,-0.1831f,3.467f,0.1897f,-0.0779f,-0.9787f,2.1037f,0f,0f,0f,1f],start_interpolation: 0,interpolation_duration: 1}
$data merge entity $(bone_right_whisker1) {transformation: [-0.3397f,-0.9385f,0.0624f,-0.694f,-0.936f,0.3438f,0.0749f,3.8875f,-0.0917f,-0.033f,-0.9952f,2.1449f,0f,0f,0f,1f],start_interpolation: 0,interpolation_duration: 1}
$data merge entity $(bone_left_whisker16) {transformation: [0.2584f,-0.9174f,0.3028f,1.1807f,-0.9565f,-0.2869f,-0.053f,1.766f,0.1355f,-0.2759f,-0.9516f,2.1352f,0f,0f,0f,1f],start_interpolation: 0,interpolation_duration: 1}
$data merge entity $(bone_left_whisker15) {transformation: [-0.8758f,-0.376f,0.3028f,0.8856f,-0.4093f,0.9108f,-0.053f,1.6281f,-0.2559f,-0.1704f,-0.9516f,2.049f,0f,0f,0f,1f],start_interpolation: 0,interpolation_duration: 1}
$data merge entity $(bone_left_whisker14) {transformation: [-0.7109f,0.6348f,0.3028f,0.6461f,0.6525f,0.7559f,-0.053f,1.8479f,-0.2625f,0.1599f,-0.9516f,1.9605f,0f,0f,0f,1f],start_interpolation: 0,interpolation_duration: 1}
$data merge entity $(bone_left_whisker13) {transformation: [-0.0949f,0.9927f,0.075f,0.6142f,0.9858f,0.0832f,0.1457f,2.18f,0.1383f,0.0878f,-0.9865f,2.0072f,0f,0f,0f,1f],start_interpolation: 0,interpolation_duration: 1}
$data merge entity $(bone_left_whisker12) {transformation: [0.0652f,0.9965f,0.0527f,0.6435f,0.9312f,-0.0797f,0.3556f,2.5984f,0.3585f,0.0259f,-0.9332f,2.1682f,0f,0f,0f,1f],start_interpolation: 0,interpolation_duration: 1}
$data merge entity $(bone_left_whisker11) {transformation: [0.2918f,0.956f,0.0307f,0.7745f,0.9542f,-0.2932f,0.0591f,3.027f,0.0655f,0.012f,-0.9978f,2.1976f,0f,0f,0f,1f],start_interpolation: 0,interpolation_duration: 1}
$data merge entity $(bone_left_whisker10) {transformation: [0.0715f,0.9941f,-0.0818f,0.8067f,0.9794f,-0.0855f,-0.1831f,3.467f,-0.189f,-0.067f,-0.9797f,2.1127f,0f,0f,0f,1f],start_interpolation: 0,interpolation_duration: 1}
$data merge entity $(bone_left_whisker1) {transformation: [-0.3407f,0.9388f,-0.0515f,0.6536f,0.936f,0.3438f,0.0749f,3.8875f,0.088f,-0.0227f,-0.9959f,2.1523f,0f,0f,0f,1f],start_interpolation: 0,interpolation_duration: 1}
$data merge entity $(bone_upper_left_tooth1) {transformation: [-1f,-0.0022f,0.005f,0.2831f,0f,0.9189f,0.3944f,3.832f,-0.0055f,0.3944f,-0.9189f,3.1667f,0f,0f,0f,1f],start_interpolation: 0,interpolation_duration: 1}
$data merge entity $(bone_upper_right_tooth1) {transformation: [-1f,-0.0022f,0.005f,-0.3907f,0f,0.9189f,0.3944f,3.832f,-0.0055f,0.3944f,-0.9189f,3.163f,0f,0f,0f,1f],start_interpolation: 0,interpolation_duration: 1}
$data merge entity $(bone_top_lip1) {transformation: [-1f,0.0007f,0.0054f,-0.026f,0f,0.9924f,-0.1231f,3.9455f,-0.0055f,-0.1231f,-0.9924f,3.2137f,0f,0f,0f,1f],start_interpolation: 0,interpolation_duration: 1}
$data merge entity $(bone_muzzle1) {transformation: [-1f,-0.0022f,0.005f,-0.0236f,0f,0.9189f,0.3944f,4.3218f,-0.0055f,0.3944f,-0.9189f,2.7641f,0f,0f,0f,1f],start_interpolation: 0,interpolation_duration: 1}
$data merge entity $(bone_jaw_right_tooth1) {transformation: [-1f,0.0007f,0.0054f,-0.3905f,0f,0.9927f,-0.1208f,3.6049f,-0.0055f,-0.1208f,-0.9927f,3.1292f,0f,0f,0f,1f],start_interpolation: 0,interpolation_duration: 1}
$data merge entity $(bone_jaw_left_tooth1) {transformation: [-1f,0.0007f,0.0054f,0.3394f,0f,0.9927f,-0.1208f,3.6049f,-0.0055f,-0.1208f,-0.9927f,3.1332f,0f,0f,0f,1f],start_interpolation: 0,interpolation_duration: 1}
$data merge entity $(bone_tongue1) {transformation: [-1f,-0.002f,0.0051f,-0.0215f,0f,0.9275f,0.3737f,3.9004f,-0.0055f,0.3737f,-0.9275f,2.3938f,0f,0f,0f,1f],start_interpolation: 0,interpolation_duration: 1}
$data merge entity $(bone_jaw_lips1) {transformation: [-1f,-0.002f,0.0051f,0.0303f,0f,0.9275f,0.3737f,3.4449f,-0.0055f,0.3737f,-0.9275f,3.1792f,0f,0f,0f,1f],start_interpolation: 0,interpolation_duration: 1}
$data merge entity $(bone_jaw3) {transformation: [-1f,-0.0003f,0.0055f,0.0353f,0f,0.9986f,0.0534f,3.4087f,-0.0055f,0.0534f,-0.9986f,2.2775f,0f,0f,0f,1f],start_interpolation: 0,interpolation_duration: 1}
$data merge entity $(bone_jaw1) {transformation: [-1f,-0.0041f,0.0036f,0.0385f,0f,0.6683f,0.7439f,4.077f,-0.0055f,0.7438f,-0.6683f,1.6771f,0f,0f,0f,1f],start_interpolation: 0,interpolation_duration: 1}
$data merge entity $(bone_tear_right1) {transformation: [-1f,-0.0026f,0.0048f,-0.6298f,0f,0.8811f,0.473f,4.4031f,-0.0055f,0.473f,-0.881f,2.728f,0f,0f,0f,1f],start_interpolation: 0,interpolation_duration: 1}
$data merge entity $(bone_right_pupil1) {transformation: [-1f,-0.0026f,0.0048f,-0.4451f,0f,0.8811f,0.473f,4.4702f,-0.0055f,0.473f,-0.881f,2.8415f,0f,0f,0f,1f],start_interpolation: 0,interpolation_duration: 1}
$data merge entity $(bone_right_sad_pupil1) {transformation: [-1f,-0.0026f,0.0048f,-0.4451f,0f,0.8811f,0.473f,4.4755f,-0.0055f,0.473f,-0.881f,2.8316f,0f,0f,0f,1f],start_interpolation: 0,interpolation_duration: 1}
$data merge entity $(bone_right_happy_pupil1) {transformation: [-1f,-0.0026f,0.0048f,-0.4731f,0f,0.8811f,0.473f,4.4508f,-0.0055f,0.473f,-0.881f,2.8182f,0f,0f,0f,1f],start_interpolation: 0,interpolation_duration: 1}
$data merge entity $(bone_eyelid_right1) {transformation: [-1f,-0.0026f,0.0048f,-0.0099f,0f,0.8811f,0.473f,4.6917f,-0.0055f,0.473f,-0.881f,2.3127f,0f,0f,0f,1f],start_interpolation: 0,interpolation_duration: 1}
$data merge entity $(bone_eyelid_expressions_right5) {transformation: [-1f,-0.0026f,0.0048f,-0.5745f,0f,0.8811f,0.473f,4.5745f,-0.0055f,0.473f,-0.881f,2.884f,0f,0f,0f,1f],start_interpolation: 0,interpolation_duration: 1}
$data merge entity $(bone_eyelid_expressions_right7) {transformation: [-1f,-0.0026f,0.0048f,-0.2376f,0f,0.8811f,0.473f,4.5745f,-0.0055f,0.473f,-0.881f,2.8859f,0f,0f,0f,1f],start_interpolation: 0,interpolation_duration: 1}
$data merge entity $(bone_eyelid_expressions_right6) {transformation: [-1f,-0.0026f,0.0048f,-0.3499f,0f,0.8811f,0.473f,4.5745f,-0.0055f,0.473f,-0.881f,2.8853f,0f,0f,0f,1f],start_interpolation: 0,interpolation_duration: 1}
$data merge entity $(bone_right_eye1) {transformation: [-1f,-0.0026f,0.0048f,-0.0211f,0f,0.8811f,0.473f,4.6863f,-0.0055f,0.473f,-0.881f,2.3225f,0f,0f,0f,1f],start_interpolation: 0,interpolation_duration: 1}
$data merge entity $(bone_tear_left1) {transformation: [-1f,-0.0026f,0.0048f,0.5831f,0f,0.8811f,0.473f,4.4031f,-0.0055f,0.473f,-0.881f,2.7346f,0f,0f,0f,1f],start_interpolation: 0,interpolation_duration: 1}
$data merge entity $(bone_left_sad_pupil1) {transformation: [-1f,-0.0026f,0.0048f,0.3972f,0f,0.8811f,0.473f,4.4755f,-0.0055f,0.473f,-0.881f,2.8362f,0f,0f,0f,1f],start_interpolation: 0,interpolation_duration: 1}
$data merge entity $(bone_left_pupil1) {transformation: [-1f,-0.0026f,0.0048f,0.3971f,0f,0.8811f,0.473f,4.4702f,-0.0055f,0.473f,-0.881f,2.8461f,0f,0f,0f,1f],start_interpolation: 0,interpolation_duration: 1}
$data merge entity $(bone_eyelid_left1) {transformation: [-1f,-0.0026f,0.0048f,-0.0323f,0f,0.8811f,0.473f,4.6917f,-0.0055f,0.473f,-0.881f,2.3126f,0f,0f,0f,1f],start_interpolation: 0,interpolation_duration: 1}
$data merge entity $(bone_left_happy_pupil1) {transformation: [-1f,-0.0026f,0.0048f,0.4253f,0f,0.8811f,0.473f,4.4508f,-0.0055f,0.473f,-0.881f,2.8231f,0f,0f,0f,1f],start_interpolation: 0,interpolation_duration: 1}
$data merge entity $(bone_eyelid_expressions_left5) {transformation: [-1f,-0.0026f,0.0048f,0.5261f,0f,0.8811f,0.473f,4.5745f,-0.0055f,0.473f,-0.881f,2.89f,0f,0f,0f,1f],start_interpolation: 0,interpolation_duration: 1}
$data merge entity $(bone_eyelid_expressions_left7) {transformation: [-1f,-0.0026f,0.0048f,0.1891f,0f,0.8811f,0.473f,4.5745f,-0.0055f,0.473f,-0.881f,2.8882f,0f,0f,0f,1f],start_interpolation: 0,interpolation_duration: 1}
$data merge entity $(bone_eyelid_expressions_left6) {transformation: [-1f,-0.0026f,0.0048f,0.3014f,0f,0.8811f,0.473f,4.5745f,-0.0055f,0.473f,-0.881f,2.8888f,0f,0f,0f,1f],start_interpolation: 0,interpolation_duration: 1}
$data merge entity $(bone_left_eye1) {transformation: [-1f,-0.0026f,0.0048f,-0.0211f,0f,0.8811f,0.473f,4.6863f,-0.0055f,0.473f,-0.881f,2.3225f,0f,0f,0f,1f],start_interpolation: 0,interpolation_duration: 1}
$data merge entity $(bone_crest_middle5) {transformation: [-1f,-0.0015f,0.0053f,-0.027f,0f,0.9626f,0.2711f,5.6817f,-0.0055f,0.2711f,-0.9625f,3.398f,0f,0f,0f,1f],start_interpolation: 0,interpolation_duration: 1}
$data merge entity $(bone_crest_middle4) {transformation: [-1f,-0.0015f,0.0053f,-0.026f,0f,0.9626f,0.2711f,5.0331f,-0.0055f,0.2711f,-0.9625f,3.2153f,0f,0f,0f,1f],start_interpolation: 0,interpolation_duration: 1}
$data merge entity $(bone_crest_middle1) {transformation: [-1f,-0.0015f,0.0053f,-0.0257f,0f,0.9626f,0.2711f,4.5239f,-0.0055f,0.2711f,-0.9625f,3.1594f,0f,0f,0f,1f],start_interpolation: 0,interpolation_duration: 1}
$data merge entity $(bone_crest_left5) {transformation: [-0.5351f,-0.8369f,0.115f,-1.1303f,-0.7431f,0.5311f,0.4072f,5.07f,-0.4019f,0.1324f,-0.9061f,3.1757f,0f,0f,0f,1f],start_interpolation: 0,interpolation_duration: 1}
$data merge entity $(bone_crest_left4) {transformation: [-0.5351f,-0.8369f,0.115f,-0.6604f,-0.7431f,0.5311f,0.4072f,4.7717f,-0.4019f,0.1324f,-0.9061f,3.1014f,0f,0f,0f,1f],start_interpolation: 0,interpolation_duration: 1}
$data merge entity $(bone_crest_left1) {transformation: [-0.5351f,-0.8369f,0.115f,-0.137f,-0.7431f,0.5311f,0.4072f,4.4666f,-0.4019f,0.1324f,-0.9061f,2.9687f,0f,0f,0f,1f],start_interpolation: 0,interpolation_duration: 1}
$data merge entity $(bone_crest_center1) {transformation: [-1f,-0.0026f,0.0048f,-0.0246f,0f,0.8811f,0.473f,4.4418f,-0.0055f,0.473f,-0.881f,2.956f,0f,0f,0f,1f],start_interpolation: 0,interpolation_duration: 1}
$data merge entity $(bone_crest_right5) {transformation: [-0.5395f,0.8354f,-0.1051f,1.0786f,0.7431f,0.5311f,0.4072f,5.07f,0.396f,0.1415f,-0.9073f,3.1878f,0f,0f,0f,1f],start_interpolation: 0,interpolation_duration: 1}
$data merge entity $(bone_crest_right4) {transformation: [-0.5395f,0.8354f,-0.1051f,0.6095f,0.7431f,0.5311f,0.4072f,4.7717f,0.396f,0.1415f,-0.9073f,3.1083f,0f,0f,0f,1f],start_interpolation: 0,interpolation_duration: 1}
$data merge entity $(bone_crest_right1) {transformation: [-0.5395f,0.8354f,-0.1051f,0.0876f,0.7431f,0.5311f,0.4072f,4.4666f,0.396f,0.1415f,-0.9073f,2.9699f,0f,0f,0f,1f],start_interpolation: 0,interpolation_duration: 1}
$data merge entity $(bone_head1) {transformation: [-1.0482f,-0.0027f,0.005f,-0.018f,0f,0.9235f,0.4958f,4.929f,-0.0057f,0.4958f,-0.9235f,1.7518f,0f,0f,0f,1f],start_interpolation: 0,interpolation_duration: 1}
$data merge entity $(bone_neck10) {transformation: [-1.4974f,-0.0023f,0.0079f,-0.0118f,0f,1.4389f,0.4143f,4.7925f,-0.0082f,0.4143f,-1.4389f,0.6022f,0f,0f,0f,1f],start_interpolation: 0,interpolation_duration: 1}
$data merge entity $(bone_neck9) {transformation: [-1.1455f,-0.003f,0.0055f,-0.0083f,0f,1.0093f,0.5418f,3.4796f,-0.0063f,0.5418f,-1.0092f,-0.0388f,0f,0f,0f,1f],start_interpolation: 0,interpolation_duration: 1}
$data merge entity $(bone_neck8) {transformation: [-1.0631f,0.0014f,0.0056f,-0.0095f,0f,1.0303f,-0.2621f,2.7191f,-0.0058f,-0.2621f,-1.0303f,0.1891f,0f,0f,0f,1f],start_interpolation: 0,interpolation_duration: 1}
$data merge entity $(bone_neck7) {transformation: [-1.0556f,0.0032f,0.0048f,-0.0125f,0f,0.8789f,-0.5848f,1.9362f,-0.0058f,-0.5848f,-0.8789f,0.7368f,0f,0f,0f,1f],start_interpolation: 0,interpolation_duration: 1}
$data merge entity $(bone_neck6) {transformation: [-1.0497f,0.0023f,0.0052f,-0.0145f,0f,0.9593f,-0.4261f,1.0849f,-0.0057f,-0.4261f,-0.9593f,1.1052f,0f,0f,0f,1f],start_interpolation: 0,interpolation_duration: 1}
$data merge entity $(bone_neck_spine6) {transformation: [-1.2677f,-0.0923f,-0.0667f,0.0643f,-0.071f,0.0579f,1.2695f,0.2127f,-0.089f,1.2681f,-0.0628f,-1.493f,0f,0f,0f,1f],start_interpolation: 0,interpolation_duration: 1}
$data merge entity $(bone_neck_spine7) {transformation: [-0.9985f,-0.021f,-0.0499f,0.2544f,-0.0539f,0.477f,0.8772f,-0.2026f,0.0053f,0.8786f,-0.4774f,-5.1855f,0f,0f,0f,1f],start_interpolation: 0,interpolation_duration: 1}
$data merge entity $(bone_tail6) {transformation: [-1.4746f,0.5652f,0.6867f,-0.636f,0.7236f,-0.0106f,1.5626f,-0.6911f,0.5171f,1.6266f,-0.2284f,-8.7961f,0f,0f,0f,1f],start_interpolation: 0,interpolation_duration: 1}
$data merge entity $(bone_tail5) {transformation: [-1.2181f,0.4669f,0.5673f,-0.3412f,0.5978f,-0.0087f,1.2908f,-0.6966f,0.4271f,1.3437f,-0.1887f,-7.9474f,0f,0f,0f,1f],start_interpolation: 0,interpolation_duration: 1}
$data merge entity $(bone_tail4) {transformation: [-0.8976f,0.344f,0.418f,-0.1937f,0.4405f,-0.0064f,0.9511f,-0.6994f,0.3147f,0.9901f,-0.1391f,-7.5231f,0f,0f,0f,1f],start_interpolation: 0,interpolation_duration: 1}
$data merge entity $(bone_segment18) {transformation: [-0.8563f,0.2707f,0.4398f,-0.0417f,0.4202f,-0.13f,0.8981f,-0.7723f,0.3003f,0.9539f,-0.0024f,-6.9875f,0f,0f,0f,1f],start_interpolation: 0,interpolation_duration: 1}
$data merge entity $(bone_segment17) {transformation: [-0.957f,0.289f,0.0261f,0.1693f,-0.0006f,-0.0919f,0.9958f,-0.8394f,0.2902f,0.9529f,0.0881f,-6.2919f,0f,0f,0f,1f],start_interpolation: 0,interpolation_duration: 1}
$data merge entity $(bone_segment16) {transformation: [-0.9923f,0.1166f,-0.0423f,0.2806f,-0.0256f,0.1415f,0.9896f,-0.7044f,0.1214f,0.983f,-0.1374f,-5.3535f,0f,0f,0f,1f],start_interpolation: 0,interpolation_duration: 1}
$data merge entity $(bone_segment15) {transformation: [-0.9985f,-0.0074f,-0.0536f,0.2719f,-0.0539f,0.2337f,0.9708f,-0.4288f,0.0053f,0.9723f,-0.2338f,-4.207f,0f,0f,0f,1f],start_interpolation: 0,interpolation_duration: 1}
$data merge entity $(bone_segment14) {transformation: [-1.0449f,-0.0603f,-0.0567f,0.204f,-0.0607f,0.0696f,1.0441f,-0.3504f,-0.0563f,1.0441f,-0.0729f,-3.0324f,0f,0f,0f,1f],start_interpolation: 0,interpolation_duration: 1}
$data merge entity $(bone_segment13) {transformation: [-1.0216f,-0.0639f,-0.0659f,0.1288f,-0.0572f,-0.1317f,1.0156f,-0.5369f,-0.0717f,1.0152f,0.1276f,-1.8132f,0f,0f,0f,1f],start_interpolation: 0,interpolation_duration: 1}
$data merge entity $(bone_segment12) {transformation: [-1.1124f,-0.0687f,-0.0486f,0.0459f,-0.0592f,0.1813f,1.0991f,-0.3179f,-0.0597f,1.0986f,-0.1844f,-0.486f,0f,0f,0f,1f],start_interpolation: 0,interpolation_duration: 1}
$data merge entity $(bone_segment11) {transformation: [-1.1897f,-0.0406f,-0.0117f,-0.006f,-0.034f,0.72f,0.9474f,0.5141f,-0.0252f,0.9471f,-0.7207f,0.6085f,0f,0f,0f,1f],start_interpolation: 0,interpolation_duration: 1}
$data merge entity $(bone_segment10) {transformation: [-1.0482f,-0.0028f,0.005f,-0.0146f,0f,0.9176f,0.5067f,1.4534f,-0.0057f,0.5067f,-0.9175f,1.1272f,0f,0f,0f,1f],start_interpolation: 0,interpolation_duration: 1}
data modify entity @s data merge value {"cameras":{},"locators":{"mouth":{"px":-0.029658236021148126,"py":3.6633508033188455,"pz":3.881073571899571,"ry":180.31286893008047,"rx":61.77072357930573}}}
function animated_java:gyarados/animations/surfacewater_idle/zzz/frames/on_tick/transform_floating_entities