# This file was generated by Animated Java via MC-Build. It is not recommended to edit this file directly.
$data merge entity $(bone_neck_spine5) {transformation: [-1.5715f,0.0096f,-0.0479f,0.0906f,0f,1.5418f,0.308f,4.3202f,0.0489f,0.3079f,-1.5411f,-0.5206f,0f,0f,0f,1f],start_interpolation: 0,interpolation_duration: 1}
$data merge entity $(bone_neck_spine2) {transformation: [-1.4967f,0.0093f,-0.0456f,0.0367f,0f,1.467f,0.3f,5.5921f,0.0466f,0.2999f,-1.4663f,1.357f,0f,0f,0f,1f],start_interpolation: 0,interpolation_duration: 1}
$data merge entity $(bone_scale_neck_left1) {transformation: [-1.5859f,0.4423f,0.0485f,0.8158f,0.4029f,1.3517f,0.8506f,4.7154f,0.1886f,0.8308f,-1.4097f,1.1189f,0f,0f,0f,1f],start_interpolation: 0,interpolation_duration: 1}
$data merge entity $(bone_scale_neck_right1) {transformation: [-1.5946f,-0.3898f,-0.136f,-0.7557f,-0.4029f,1.3517f,0.8506f,4.7154f,-0.0897f,0.8567f,-1.4039f,1.1678f,0f,0f,0f,1f],start_interpolation: 0,interpolation_duration: 1}
$data merge entity $(bone_blush_right1) {transformation: [-0.9995f,0.0138f,-0.0279f,-0.5948f,0f,0.8965f,0.443f,3.99f,0.0311f,0.4428f,-0.8961f,2.3668f,0f,0f,0f,1f],start_interpolation: 0,interpolation_duration: 1}
$data merge entity $(bone_blush_left1) {transformation: [-0.9995f,0.0138f,-0.0279f,0.7298f,0f,0.8965f,0.443f,3.99f,0.0311f,0.4428f,-0.8961f,2.3256f,0f,0f,0f,1f],start_interpolation: 0,interpolation_duration: 1}
$data merge entity $(bone_left_head_scales) {transformation: [-0.8737f,0.0138f,-0.4863f,0.7401f,-0.2046f,0.8965f,0.393f,4.8186f,0.4413f,0.4428f,-0.7805f,2.2963f,0f,0f,0f,1f],start_interpolation: 0,interpolation_duration: 1}
$data merge entity $(bone_left_head_scales2) {transformation: [-0.8028f,0.0138f,-0.5961f,0.7324f,-0.2541f,0.8965f,0.3629f,3.9385f,0.5394f,0.4428f,-0.7162f,2.0494f,0f,0f,0f,1f],start_interpolation: 0,interpolation_duration: 1}
$data merge entity $(bone_left_head_scales1) {transformation: [-0.9995f,0.0138f,-0.0279f,0.7385f,0f,0.8965f,0.443f,4.7179f,0.0311f,0.4428f,-0.8961f,2.2465f,0f,0f,0f,1f],start_interpolation: 0,interpolation_duration: 1}
$data merge entity $(bone_right_head_scales) {transformation: [-0.8995f,0.0138f,0.4368f,-0.6069f,0.2046f,0.8965f,0.393f,4.8186f,-0.3862f,0.4428f,-0.8092f,2.3382f,0f,0f,0f,1f],start_interpolation: 0,interpolation_duration: 1}
$data merge entity $(bone_right_head_scales2) {transformation: [-0.8347f,0.0138f,0.5505f,-0.6146f,0.2541f,0.8965f,0.3629f,3.9385f,-0.4885f,0.4428f,-0.7519f,2.0913f,0f,0f,0f,1f],start_interpolation: 0,interpolation_duration: 1}
$data merge entity $(bone_right_head_scales1) {transformation: [-0.9995f,0.0138f,-0.0279f,-0.6085f,0f,0.8965f,0.443f,4.7179f,0.0311f,0.4428f,-0.8961f,2.2884f,0f,0f,0f,1f],start_interpolation: 0,interpolation_duration: 1}
$data merge entity $(bone_head_left_fin1) {transformation: [-0.7036f,0.0256f,-0.7765f,0.7304f,-0.0757f,1.0404f,0.1029f,4.3777f,0.7732f,0.1251f,-0.6965f,1.9846f,0f,0f,0f,1f],start_interpolation: 0,interpolation_duration: 1}
$data merge entity $(bone_head_right_fin1) {transformation: [-0.7503f,-0.0178f,0.7317f,-0.6166f,0.0757f,1.0404f,0.1029f,4.3777f,-0.728f,0.1265f,-0.7434f,2.0265f,0f,0f,0f,1f],start_interpolation: 0,interpolation_duration: 1}
$data merge entity $(bone_right_whisker16) {transformation: [0.2539f,0.9103f,-0.327f,-1.1405f,0.9514f,-0.2959f,-0.0851f,1.6417f,-0.1742f,-0.2895f,-0.9412f,2.1349f,0f,0f,0f,1f],start_interpolation: 0,interpolation_duration: 1}
$data merge entity $(bone_right_whisker15) {transformation: [-0.8694f,0.3705f,-0.327f,-0.8476f,0.4176f,0.9046f,-0.0851f,1.501f,0.2643f,-0.2105f,-0.9412f,2.0459f,0f,0f,0f,1f],start_interpolation: 0,interpolation_duration: 1}
$data merge entity $(bone_right_whisker14) {transformation: [-0.7032f,-0.6313f,-0.327f,-0.6107f,-0.6434f,0.7608f,-0.0851f,1.7178f,0.3025f,0.1505f,-0.9412f,1.944f,0f,0f,0f,1f],start_interpolation: 0,interpolation_duration: 1}
$data merge entity $(bone_right_whisker13) {transformation: [-0.0973f,-0.9902f,-0.1004f,-0.5779f,-0.99f,0.0859f,0.1123f,2.0513f,-0.1026f,0.1103f,-0.9886f,1.9785f,0f,0f,0f,1f],start_interpolation: 0,interpolation_duration: 1}
$data merge entity $(bone_right_whisker12) {transformation: [0.0569f,-0.9954f,-0.077f,-0.6034f,-0.9428f,-0.079f,0.3239f,2.4748f,-0.3285f,0.0541f,-0.943f,2.1261f,0f,0f,0f,1f],start_interpolation: 0,interpolation_duration: 1}
$data merge entity $(bone_right_whisker11) {transformation: [0.2911f,-0.955f,-0.0563f,-0.7342f,-0.9558f,-0.2928f,0.0254f,2.9042f,-0.0407f,0.0464f,-0.9981f,2.1444f,0f,0f,0f,1f],start_interpolation: 0,interpolation_duration: 1}
$data merge entity $(bone_right_whisker10) {transformation: [0.0773f,-0.9954f,0.0569f,-0.7689f,-0.9724f,-0.0879f,-0.216f,3.341f,0.22f,-0.0386f,-0.9747f,2.0456f,0f,0f,0f,1f],start_interpolation: 0,interpolation_duration: 1}
$data merge entity $(bone_right_whisker1) {transformation: [-0.3419f,-0.9394f,0.0259f,-0.6154f,-0.9385f,0.3427f,0.0413f,3.7626f,-0.0476f,-0.0102f,-0.9988f,2.067f,0f,0f,0f,1f],start_interpolation: 0,interpolation_duration: 1}
$data merge entity $(bone_left_whisker16) {transformation: [0.2642f,-0.9265f,0.2679f,1.26f,-0.9514f,-0.2959f,-0.0851f,1.6417f,0.1581f,-0.2324f,-0.9597f,2.0603f,0f,0f,0f,1f],start_interpolation: 0,interpolation_duration: 1}
$data merge entity $(bone_left_whisker15) {transformation: [-0.8841f,-0.3829f,0.2679f,0.9621f,-0.4176f,0.9046f,-0.0851f,1.501f,-0.2097f,-0.1871f,-0.9597f,1.9896f,0f,0f,0f,1f],start_interpolation: 0,interpolation_duration: 1}
$data merge entity $(bone_left_whisker14) {transformation: [-0.7207f,0.6395f,0.2679f,0.7193f,0.6434f,0.7608f,-0.0851f,1.7178f,-0.2582f,0.111f,-0.9597f,1.9026f,0f,0f,0f,1f],start_interpolation: 0,interpolation_duration: 1}
$data merge entity $(bone_left_whisker13) {transformation: [-0.0908f,0.9951f,0.0388f,0.6887f,0.99f,0.0859f,0.1123f,2.0513f,0.1084f,0.0486f,-0.9929f,1.9391f,0f,0f,0f,1f],start_interpolation: 0,interpolation_duration: 1}
$data merge entity $(bone_left_whisker12) {transformation: [0.0773f,0.9968f,0.0182f,0.7234f,0.9428f,-0.079f,0.3239f,2.4748f,0.3243f,-0.0079f,-0.9459f,2.0848f,0f,0f,0f,1f],start_interpolation: 0,interpolation_duration: 1}
$data merge entity $(bone_left_whisker11) {transformation: [0.293f,0.9561f,-0.0059f,0.855f,0.9558f,-0.2928f,0.0254f,2.9042f,0.0226f,-0.0131f,-0.9997f,2.095f,0f,0f,0f,1f],start_interpolation: 0,interpolation_duration: 1}
$data merge entity $(bone_left_whisker10) {transformation: [0.0635f,0.9911f,-0.1174f,0.8836f,0.9724f,-0.0879f,-0.216f,3.341f,-0.2244f,-0.1004f,-0.9693f,1.9942f,0f,0f,0f,1f],start_interpolation: 0,interpolation_duration: 1}
$data merge entity $(bone_left_whisker1) {transformation: [-0.3382f,0.9369f,-0.088f,0.7316f,0.9385f,0.3427f,0.0413f,3.7626f,0.0688f,-0.0686f,-0.9953f,2.0251f,0f,0f,0f,1f],start_interpolation: 0,interpolation_duration: 1}
$data merge entity $(bone_upper_left_tooth1) {transformation: [-0.9995f,0.0113f,-0.029f,0.3985f,0f,0.9317f,0.3632f,3.7415f,0.0311f,0.363f,-0.9313f,3.0536f,0f,0f,0f,1f],start_interpolation: 0,interpolation_duration: 1}
$data merge entity $(bone_upper_right_tooth1) {transformation: [-0.9995f,0.0113f,-0.029f,-0.275f,0f,0.9317f,0.3632f,3.7415f,0.0311f,0.363f,-0.9313f,3.0746f,0f,0f,0f,1f],start_interpolation: 0,interpolation_duration: 1}
$data merge entity $(bone_top_lip1) {transformation: [-0.9995f,-0.0033f,-0.0309f,0.0912f,0f,0.9944f,-0.1053f,3.8566f,0.0311f,-0.1053f,-0.994f,3.1081f,0f,0f,0f,1f],start_interpolation: 0,interpolation_duration: 1}
$data merge entity $(bone_muzzle1) {transformation: [-0.9995f,0.0113f,-0.029f,0.0768f,0f,0.9317f,0.3632f,4.2175f,0.0311f,0.363f,-0.9313f,2.6463f,0f,0f,0f,1f],start_interpolation: 0,interpolation_duration: 1}
$data merge entity $(bone_jaw_right_tooth1) {transformation: [-0.9995f,-0.0047f,-0.0307f,-0.2759f,0f,0.9885f,-0.151f,3.5086f,0.0311f,-0.151f,-0.9881f,3.0471f,0f,0f,0f,1f],start_interpolation: 0,interpolation_duration: 1}
$data merge entity $(bone_jaw_left_tooth1) {transformation: [-0.9995f,-0.0047f,-0.0307f,0.4537f,0f,0.9885f,-0.151f,3.5086f,0.0311f,-0.151f,-0.9881f,3.0244f,0f,0f,0f,1f],start_interpolation: 0,interpolation_duration: 1}
$data merge entity $(bone_tongue1) {transformation: [-0.9995f,0.0109f,-0.0291f,0.0658f,0f,0.9366f,0.3503f,3.7858f,0.0311f,0.3501f,-0.9362f,2.2924f,0f,0f,0f,1f],start_interpolation: 0,interpolation_duration: 1}
$data merge entity $(bone_jaw_lips1) {transformation: [-0.9995f,0.0109f,-0.0291f,0.1467f,0f,0.9366f,0.3503f,3.3501f,0.0311f,0.3501f,-0.9362f,3.0865f,0f,0f,0f,1f],start_interpolation: 0,interpolation_duration: 1}
$data merge entity $(bone_jaw3) {transformation: [-0.9995f,0.0007f,-0.0311f,0.1187f,0f,0.9997f,0.0229f,3.2865f,0.0311f,0.0229f,-0.9993f,2.1868f,0f,0f,0f,1f],start_interpolation: 0,interpolation_duration: 1}
$data merge entity $(bone_jaw1) {transformation: [-0.9995f,0.0225f,-0.0215f,0.0994f,0f,0.6907f,0.7231f,3.9362f,0.0311f,0.7228f,-0.6904f,1.5666f,0f,0f,0f,1f],start_interpolation: 0,interpolation_duration: 1}
$data merge entity $(bone_tear_right1) {transformation: [-0.9995f,0.0138f,-0.0279f,-0.5304f,0f,0.8965f,0.443f,4.2977f,0.0311f,0.4428f,-0.8961f,2.6297f,0f,0f,0f,1f],start_interpolation: 0,interpolation_duration: 1}
$data merge entity $(bone_right_pupil1) {transformation: [-0.9995f,0.0138f,-0.0279f,-0.3418f,0f,0.8965f,0.443f,4.3685f,0.0311f,0.4428f,-0.8961f,2.734f,0f,0f,0f,1f],start_interpolation: 0,interpolation_duration: 1}
$data merge entity $(bone_right_sad_pupil1) {transformation: [-0.9995f,0.0138f,-0.0279f,-0.3421f,0f,0.8965f,0.443f,4.3735f,0.0311f,0.4428f,-0.8961f,2.7239f,0f,0f,0f,1f],start_interpolation: 0,interpolation_duration: 1}
$data merge entity $(bone_right_happy_pupil1) {transformation: [-0.9995f,0.0138f,-0.0279f,-0.3706f,0f,0.8965f,0.443f,4.3483f,0.0311f,0.4428f,-0.8961f,2.7124f,0f,0f,0f,1f],start_interpolation: 0,interpolation_duration: 1}
$data merge entity $(bone_eyelid_right1) {transformation: [-0.9995f,0.0138f,-0.0279f,0.0736f,0f,0.8965f,0.443f,4.5719f,0.0311f,0.4428f,-0.8961f,2.1825f,0f,0f,0f,1f],start_interpolation: 0,interpolation_duration: 1}
$data merge entity $(bone_eyelid_expressions_right5) {transformation: [-0.9995f,0.0138f,-0.0279f,-0.4697f,0f,0.8965f,0.443f,4.4741f,0.0311f,0.4428f,-0.8961f,2.7777f,0f,0f,0f,1f],start_interpolation: 0,interpolation_duration: 1}
$data merge entity $(bone_eyelid_expressions_right7) {transformation: [-0.9995f,0.0138f,-0.0279f,-0.1329f,0f,0.8965f,0.443f,4.4741f,0.0311f,0.4428f,-0.8961f,2.7672f,0f,0f,0f,1f],start_interpolation: 0,interpolation_duration: 1}
$data merge entity $(bone_eyelid_expressions_right6) {transformation: [-0.9995f,0.0138f,-0.0279f,-0.2452f,0f,0.8965f,0.443f,4.4741f,0.0311f,0.4428f,-0.8961f,2.7707f,0f,0f,0f,1f],start_interpolation: 0,interpolation_duration: 1}
$data merge entity $(bone_right_eye1) {transformation: [-0.9995f,0.0138f,-0.0279f,0.0627f,0f,0.8965f,0.443f,4.5669f,0.0311f,0.4428f,-0.8961f,2.1929f,0f,0f,0f,1f],start_interpolation: 0,interpolation_duration: 1}
$data merge entity $(bone_tear_left1) {transformation: [-0.9995f,0.0138f,-0.0279f,0.6819f,0f,0.8965f,0.443f,4.2977f,0.0311f,0.4428f,-0.8961f,2.5919f,0f,0f,0f,1f],start_interpolation: 0,interpolation_duration: 1}
$data merge entity $(bone_left_sad_pupil1) {transformation: [-0.9995f,0.0138f,-0.0279f,0.4998f,0f,0.8965f,0.443f,4.3735f,0.0311f,0.4428f,-0.8961f,2.6978f,0f,0f,0f,1f],start_interpolation: 0,interpolation_duration: 1}
$data merge entity $(bone_left_pupil1) {transformation: [-0.9995f,0.0138f,-0.0279f,0.5001f,0f,0.8965f,0.443f,4.3685f,0.0311f,0.4428f,-0.8961f,2.7078f,0f,0f,0f,1f],start_interpolation: 0,interpolation_duration: 1}
$data merge entity $(bone_eyelid_left1) {transformation: [-0.9995f,0.0138f,-0.0279f,0.0512f,0f,0.8965f,0.443f,4.5719f,0.0311f,0.4428f,-0.8961f,2.1832f,0f,0f,0f,1f],start_interpolation: 0,interpolation_duration: 1}
$data merge entity $(bone_left_happy_pupil1) {transformation: [-0.9995f,0.0138f,-0.0279f,0.5274f,0f,0.8965f,0.443f,4.3483f,0.0311f,0.4428f,-0.8961f,2.6845f,0f,0f,0f,1f],start_interpolation: 0,interpolation_duration: 1}
$data merge entity $(bone_eyelid_expressions_left5) {transformation: [-0.9995f,0.0138f,-0.0279f,0.6304f,0f,0.8965f,0.443f,4.4741f,0.0311f,0.4428f,-0.8961f,2.7435f,0f,0f,0f,1f],start_interpolation: 0,interpolation_duration: 1}
$data merge entity $(bone_eyelid_expressions_left7) {transformation: [-0.9995f,0.0138f,-0.0279f,0.2936f,0f,0.8965f,0.443f,4.4741f,0.0311f,0.4428f,-0.8961f,2.7539f,0f,0f,0f,1f],start_interpolation: 0,interpolation_duration: 1}
$data merge entity $(bone_eyelid_expressions_left6) {transformation: [-0.9995f,0.0138f,-0.0279f,0.4059f,0f,0.8965f,0.443f,4.4741f,0.0311f,0.4428f,-0.8961f,2.7505f,0f,0f,0f,1f],start_interpolation: 0,interpolation_duration: 1}
$data merge entity $(bone_left_eye1) {transformation: [-0.9995f,0.0138f,-0.0279f,0.0627f,0f,0.8965f,0.443f,4.5669f,0.0311f,0.4428f,-0.8961f,2.1929f,0f,0f,0f,1f],start_interpolation: 0,interpolation_duration: 1}
$data merge entity $(bone_crest_middle5) {transformation: [-0.9995f,0.0074f,-0.0302f,0.0951f,0f,0.9711f,0.2385f,5.598f,0.0311f,0.2384f,-0.9707f,3.2337f,0f,0f,0f,1f],start_interpolation: 0,interpolation_duration: 1}
$data merge entity $(bone_crest_middle4) {transformation: [-0.9995f,0.0074f,-0.0302f,0.0901f,0f,0.9711f,0.2385f,4.9436f,0.0311f,0.2384f,-0.9707f,3.0731f,0f,0f,0f,1f],start_interpolation: 0,interpolation_duration: 1}
$data merge entity $(bone_crest_middle1) {transformation: [-0.9995f,0.0074f,-0.0302f,0.0889f,0f,0.9711f,0.2385f,4.4327f,0.0311f,0.2384f,-0.9707f,3.0344f,0f,0f,0f,1f],start_interpolation: 0,interpolation_duration: 1}
$data merge entity $(bone_crest_left5) {transformation: [-0.5487f,-0.8321f,0.0814f,-1.015f,-0.7561f,0.5354f,0.3764f,4.9793f,-0.3568f,0.1449f,-0.9229f,3.0726f,0f,0f,0f,1f],start_interpolation: 0,interpolation_duration: 1}
$data merge entity $(bone_crest_left4) {transformation: [-0.5487f,-0.8321f,0.0814f,-0.5477f,-0.7561f,0.5354f,0.3764f,4.6786f,-0.3568f,0.1449f,-0.9229f,2.9912f,0f,0f,0f,1f],start_interpolation: 0,interpolation_duration: 1}
$data merge entity $(bone_crest_left1) {transformation: [-0.5487f,-0.8321f,0.0814f,-0.0292f,-0.7561f,0.5354f,0.3764f,4.3691f,-0.3568f,0.1449f,-0.9229f,2.8499f,0f,0f,0f,1f],start_interpolation: 0,interpolation_duration: 1}
$data merge entity $(bone_crest_center1) {transformation: [-0.9995f,0.0138f,-0.0279f,0.0827f,0f,0.8965f,0.443f,4.3439f,0.0311f,0.4428f,-0.8961f,2.834f,0f,0f,0f,1f],start_interpolation: 0,interpolation_duration: 1}
$data merge entity $(bone_crest_right5) {transformation: [-0.5254f,0.8395f,-0.1386f,1.193f,0.7561f,0.5354f,0.3764f,4.9793f,0.3902f,0.0929f,-0.916f,3.0039f,0f,0f,0f,1f],start_interpolation: 0,interpolation_duration: 1}
$data merge entity $(bone_crest_right4) {transformation: [-0.5254f,0.8395f,-0.1386f,0.7216f,0.7561f,0.5354f,0.3764f,4.6786f,0.3902f,0.0929f,-0.916f,2.9518f,0f,0f,0f,1f],start_interpolation: 0,interpolation_duration: 1}
$data merge entity $(bone_crest_right1) {transformation: [-0.5254f,0.8395f,-0.1386f,0.1953f,0.7561f,0.5354f,0.3764f,4.3691f,0.3902f,0.0929f,-0.916f,2.8429f,0f,0f,0f,1f],start_interpolation: 0,interpolation_duration: 1}
$data merge entity $(bone_head1) {transformation: [-1.0477f,0.0144f,-0.0292f,0.0447f,0f,0.9397f,0.4644f,4.7902f,0.0326f,0.4641f,-0.9392f,1.6145f,0f,0f,0f,1f],start_interpolation: 0,interpolation_duration: 1}
$data merge entity $(bone_neck10) {transformation: [-1.4967f,0.0152f,-0.044f,0.0088f,0f,1.4153f,0.489f,4.714f,0.0466f,0.4887f,-1.4146f,0.46f,0f,0f,0f,1f],start_interpolation: 0,interpolation_duration: 1}
$data merge entity $(bone_neck9) {transformation: [-1.145f,0.0158f,-0.0319f,-0.0098f,0f,1.027f,0.5075f,3.3803f,0.0356f,0.5072f,-1.0265f,-0.1362f,0f,0f,0f,1f],start_interpolation: 0,interpolation_duration: 1}
$data merge entity $(bone_neck8) {transformation: [-1.0626f,-0.0092f,-0.0317f,-0.0019f,0f,1.0209f,-0.2967f,2.6279f,0.0331f,-0.2965f,-1.0204f,0.1172f,0f,0f,0f,1f],start_interpolation: 0,interpolation_duration: 1}
$data merge entity $(bone_neck7) {transformation: [-1.0552f,-0.0182f,-0.0273f,0.0151f,0f,0.8793f,-0.5842f,1.8446f,0.0328f,-0.5839f,-0.8789f,0.664f,0f,0f,0f,1f],start_interpolation: 0,interpolation_duration: 1}
$data merge entity $(bone_neck6) {transformation: [-1.0492f,-0.0121f,-0.0303f,0.0256f,0f,0.9745f,-0.3901f,0.9802f,0.0326f,-0.3899f,-0.974f,1.0003f,0f,0f,0f,1f],start_interpolation: 0,interpolation_duration: 1}
$data merge entity $(bone_neck_spine6) {transformation: [-1.267f,-0.1145f,-0.0402f,-0.0711f,-0.0359f,-0.0489f,1.2713f,0.3159f,-0.1159f,1.2667f,0.0455f,-1.6468f,0f,0f,0f,1f],start_interpolation: 0,interpolation_duration: 1}
$data merge entity $(bone_neck_spine7) {transformation: [-0.9649f,-0.2339f,0.1197f,0.5552f,-0.01f,0.4876f,0.873f,0.0765f,-0.2626f,0.8411f,-0.4728f,-5.3329f,0f,0f,0f,1f],start_interpolation: 0,interpolation_duration: 1}
$data merge entity $(bone_tail6) {transformation: [-1.6505f,-0.3849f,0.305f,1.4896f,0.2089f,0.4176f,1.6575f,-1.1678f,-0.4444f,1.6257f,-0.3536f,-8.8842f,0f,0f,0f,1f],start_interpolation: 0,interpolation_duration: 1}
$data merge entity $(bone_tail5) {transformation: [-1.3635f,-0.3179f,0.252f,1.2888f,0.1726f,0.345f,1.3692f,-0.9499f,-0.3671f,1.3429f,-0.2921f,-8.036f,0f,0f,0f,1f],start_interpolation: 0,interpolation_duration: 1}
$data merge entity $(bone_tail4) {transformation: [-1.0047f,-0.2343f,0.1857f,1.1884f,0.1272f,0.2542f,1.0089f,-0.841f,-0.2705f,0.9895f,-0.2152f,-7.6119f,0f,0f,0f,1f],start_interpolation: 0,interpolation_duration: 1}
$data merge entity $(bone_segment18) {transformation: [-0.9585f,-0.2397f,0.1544f,1.0538f,0.1213f,0.1473f,0.9816f,-0.7582f,-0.2581f,0.9596f,-0.1121f,-7.0731f,0f,0f,0f,1f],start_interpolation: 0,interpolation_duration: 1}
$data merge entity $(bone_segment17) {transformation: [-0.9697f,-0.2429f,0.0263f,0.8765f,-0.0049f,0.127f,0.9919f,-0.6655f,-0.2442f,0.9617f,-0.1244f,-6.3711f,0f,0f,0f,1f],start_interpolation: 0,interpolation_duration: 1}
$data merge entity $(bone_segment16) {transformation: [-0.9563f,-0.2869f,0.0564f,0.6026f,-0.0176f,0.249f,0.9683f,-0.4278f,-0.2918f,0.925f,-0.2432f,-5.4881f,0f,0f,0f,1f],start_interpolation: 0,interpolation_duration: 1}
$data merge entity $(bone_segment15) {transformation: [-0.9649f,-0.2569f,0.055f,0.2997f,-0.01f,0.2451f,0.9695f,-0.1388f,-0.2626f,0.9348f,-0.239f,-4.3857f,0f,0f,0f,1f],start_interpolation: 0,interpolation_duration: 1}
$data merge entity $(bone_segment14) {transformation: [-1.0308f,-0.1903f,-0.005f,0.0856f,-0.0088f,0.02f,1.0479f,-0.1163f,-0.1901f,1.0306f,-0.0213f,-3.2263f,0f,0f,0f,1f],start_interpolation: 0,interpolation_duration: 1}
$data merge entity $(bone_segment13) {transformation: [-1.021f,-0.0852f,-0.0479f,-0.0157f,-0.0289f,-0.2167f,1.0021f,-0.4047f,-0.0934f,0.9989f,0.2134f,-2.029f,0f,0f,0f,1f],start_interpolation: 0,interpolation_duration: 1}
$data merge entity $(bone_segment12) {transformation: [-1.1153f,-0.007f,-0.0245f,-0.0242f,-0.025f,0.0763f,1.1127f,-0.3126f,-0.0053f,1.1129f,-0.0764f,-0.6846f,0f,0f,0f,1f],start_interpolation: 0,interpolation_duration: 1}
$data merge entity $(bone_segment11) {transformation: [-1.1898f,0.033f,-0.0192f,0.0087f,0.0018f,0.6486f,0.9982f,0.437f,0.0382f,0.9977f,-0.6483f,0.4686f,0f,0f,0f,1f],start_interpolation: 0,interpolation_duration: 1}
$data merge entity $(bone_segment10) {transformation: [-1.0477f,0.0172f,-0.0277f,0.0267f,0f,0.8895f,0.5545f,1.3475f,0.0326f,0.5543f,-0.889f,1.036f,0f,0f,0f,1f],start_interpolation: 0,interpolation_duration: 1}
data modify entity @s data merge value {"cameras":{},"locators":{"mouth":{"posx":0.11221707386816857,"posy":3.5970498394745,"posz":3.7842895411272015,"roty":178.21798695162326,"rotx":63.70264695982081}}}