# This file was generated by Animated Java via MC-Build. It is not recommended to edit this file directly.
$data merge entity $(bone_neck_spine5) {transformation: [-1.5715f,0.0113f,-0.0476f,0.0982f,0f,1.5297f,0.3632f,4.2724f,0.0489f,0.363f,-1.529f,-0.5344f,0f,0f,0f,1f],start_interpolation: 0,interpolation_duration: 1}
$data merge entity $(bone_neck_spine2) {transformation: [-1.4967f,0.014f,-0.0444f,0.0474f,0f,1.4277f,0.4515f,5.4105f,0.0466f,0.4513f,-1.427f,1.4434f,0f,0f,0f,1f],start_interpolation: 0,interpolation_duration: 1}
$data merge entity $(bone_scale_neck_left1) {transformation: [-1.5846f,0.4465f,0.0515f,0.8237f,0.3862f,1.2562f,0.9928f,4.5609f,0.2299f,0.9672f,-1.3133f,1.115f,0f,0f,0f,1f],start_interpolation: 0,interpolation_duration: 1}
$data merge entity $(bone_scale_neck_right1) {transformation: [-1.5959f,-0.3855f,-0.133f,-0.7478f,-0.3862f,1.2562f,0.9928f,4.5609f,-0.1309f,0.9931f,-1.3075f,1.1639f,0f,0f,0f,1f],start_interpolation: 0,interpolation_duration: 1}
$data merge entity $(bone_blush_right1) {transformation: [-0.9995f,0.0148f,-0.0274f,-0.5876f,0f,0.88f,0.475f,3.7601f,0.0311f,0.4747f,-0.8796f,2.3389f,0f,0f,0f,1f],start_interpolation: 0,interpolation_duration: 1}
$data merge entity $(bone_blush_left1) {transformation: [-0.9995f,0.0148f,-0.0274f,0.7369f,0f,0.88f,0.475f,3.7601f,0.0311f,0.4747f,-0.8796f,2.2977f,0f,0f,0f,1f],start_interpolation: 0,interpolation_duration: 1}
$data merge entity $(bone_left_head_scales) {transformation: [-0.8739f,0.0148f,-0.4858f,0.7482f,-0.2193f,0.88f,0.4213f,4.5892f,0.4337f,0.4747f,-0.7658f,2.2981f,0f,0f,0f,1f],start_interpolation: 0,interpolation_duration: 1}
$data merge entity $(bone_left_head_scales2) {transformation: [-0.8031f,0.0148f,-0.5957f,0.7395f,-0.2724f,0.88f,0.3891f,3.7186f,0.53f,0.4747f,-0.7027f,2.0198f,0f,0f,0f,1f],start_interpolation: 0,interpolation_duration: 1}
$data merge entity $(bone_left_head_scales1) {transformation: [-0.9995f,0.0148f,-0.0274f,0.7465f,0f,0.88f,0.475f,4.4904f,0.0311f,0.4747f,-0.8796f,2.2448f,0f,0f,0f,1f],start_interpolation: 0,interpolation_duration: 1}
$data merge entity $(bone_right_head_scales) {transformation: [-0.8992f,0.0148f,0.4373f,-0.5988f,0.2193f,0.88f,0.4213f,4.5892f,-0.3786f,0.4747f,-0.7946f,2.34f,0f,0f,0f,1f],start_interpolation: 0,interpolation_duration: 1}
$data merge entity $(bone_right_head_scales2) {transformation: [-0.8345f,0.0148f,0.5509f,-0.6075f,0.2724f,0.88f,0.3891f,3.7186f,-0.479f,0.4747f,-0.7383f,2.0617f,0f,0f,0f,1f],start_interpolation: 0,interpolation_duration: 1}
$data merge entity $(bone_right_head_scales1) {transformation: [-0.9995f,0.0148f,-0.0274f,-0.6005f,0f,0.88f,0.475f,4.4904f,0.0311f,0.4747f,-0.8796f,2.2867f,0f,0f,0f,1f],start_interpolation: 0,interpolation_duration: 1}
$data merge entity $(bone_head_left_fin1) {transformation: [-0.7037f,0.0268f,-0.7764f,0.738f,-0.1026f,1.0352f,0.1287f,4.1598f,0.77f,0.1624f,-0.6923f,1.9708f,0f,0f,0f,1f],start_interpolation: 0,interpolation_duration: 1}
$data merge entity $(bone_head_right_fin1) {transformation: [-0.7502f,-0.0166f,0.7318f,-0.609f,0.1026f,1.0352f,0.1287f,4.1598f,-0.7248f,0.1638f,-0.7393f,2.0127f,0f,0f,0f,1f],start_interpolation: 0,interpolation_duration: 1}
$data merge entity $(bone_right_whisker16) {transformation: [0.2549f,0.91f,-0.3271f,-1.1359f,0.9568f,-0.2863f,-0.0509f,1.4222f,-0.14f,-0.3f,-0.9436f,2.0228f,0f,0f,0f,1f],start_interpolation: 0,interpolation_duration: 1}
$data merge entity $(bone_right_whisker15) {transformation: [-0.8689f,0.3715f,-0.3271f,-0.8432f,0.4088f,0.9112f,-0.0509f,1.2845f,0.2791f,-0.1779f,-0.9436f,1.9288f,0f,0f,0f,1f],start_interpolation: 0,interpolation_duration: 1}
$data merge entity $(bone_right_whisker14) {transformation: [-0.7039f,-0.6305f,-0.3271f,-0.606f,-0.6531f,0.7556f,-0.0509f,1.5045f,0.2792f,0.1778f,-0.9436f,1.8347f,0f,0f,0f,1f],start_interpolation: 0,interpolation_duration: 1}
$data merge entity $(bone_right_whisker13) {transformation: [-0.0985f,-0.9901f,-0.1003f,-0.5729f,-0.9855f,0.083f,0.1478f,1.8366f,-0.1381f,0.1134f,-0.9839f,1.8812f,0f,0f,0f,1f],start_interpolation: 0,interpolation_duration: 1}
$data merge entity $(bone_right_whisker12) {transformation: [0.0559f,-0.9955f,-0.0766f,-0.598f,-0.9304f,-0.0798f,0.3576f,2.2545f,-0.3621f,0.0513f,-0.9307f,2.0439f,0f,0f,0f,1f],start_interpolation: 0,interpolation_duration: 1}
$data merge entity $(bone_right_whisker11) {transformation: [0.29f,-0.9554f,-0.0562f,-0.7282f,-0.9541f,-0.2932f,0.0613f,2.6831f,-0.0751f,0.0359f,-0.9965f,2.0776f,0f,0f,0f,1f],start_interpolation: 0,interpolation_duration: 1}
$data merge entity $(bone_right_whisker10) {transformation: [0.0763f,-0.9955f,0.0567f,-0.7625f,-0.9798f,-0.0853f,-0.1809f,3.1233f,0.1849f,-0.0417f,-0.9819f,1.9946f,0f,0f,0f,1f],start_interpolation: 0,interpolation_duration: 1}
$data merge entity $(bone_right_whisker1) {transformation: [-0.3429f,-0.939f,0.026f,-0.6085f,-0.9358f,0.3439f,0.0771f,3.5437f,-0.0813f,0.0021f,-0.9967f,2.0311f,0f,0f,0f,1f],start_interpolation: 0,interpolation_duration: 1}
$data merge entity $(bone_left_whisker16) {transformation: [0.2631f,-0.9268f,0.2678f,1.2645f,-0.9568f,-0.2863f,-0.0509f,1.4222f,0.1238f,-0.2428f,-0.9621f,1.9482f,0f,0f,0f,1f],start_interpolation: 0,interpolation_duration: 1}
$data merge entity $(bone_left_whisker15) {transformation: [-0.8846f,-0.3819f,0.2678f,0.9665f,-0.4088f,0.9112f,-0.0509f,1.2845f,-0.2246f,-0.1545f,-0.9621f,1.8725f,0f,0f,0f,1f],start_interpolation: 0,interpolation_duration: 1}
$data merge entity $(bone_left_whisker14) {transformation: [-0.7199f,0.6403f,0.2678f,0.7239f,0.6531f,0.7556f,-0.0509f,1.5045f,-0.2349f,0.1382f,-0.9621f,1.7933f,0f,0f,0f,1f],start_interpolation: 0,interpolation_duration: 1}
$data merge entity $(bone_left_whisker13) {transformation: [-0.0897f,0.9952f,0.0389f,0.6937f,0.9855f,0.083f,0.1478f,1.8366f,0.1439f,0.0516f,-0.9882f,1.8418f,0f,0f,0f,1f],start_interpolation: 0,interpolation_duration: 1}
$data merge entity $(bone_left_whisker12) {transformation: [0.0783f,0.9968f,0.0186f,0.7289f,0.9304f,-0.0798f,0.3576f,2.2545f,0.358f,-0.0107f,-0.9337f,2.0026f,0f,0f,0f,1f],start_interpolation: 0,interpolation_duration: 1}
$data merge entity $(bone_left_whisker11) {transformation: [0.2941f,0.9558f,-0.0058f,0.861f,0.9541f,-0.2932f,0.0613f,2.6831f,0.0569f,-0.0236f,-0.9981f,2.0282f,0f,0f,0f,1f],start_interpolation: 0,interpolation_duration: 1}
$data merge entity $(bone_left_whisker10) {transformation: [0.0646f,0.991f,-0.1176f,0.89f,0.9798f,-0.0853f,-0.1809f,3.1233f,-0.1893f,-0.1035f,-0.9765f,1.9432f,0f,0f,0f,1f],start_interpolation: 0,interpolation_duration: 1}
$data merge entity $(bone_left_whisker1) {transformation: [-0.3372f,0.9373f,-0.0879f,0.7385f,0.9358f,0.3439f,0.0771f,3.5437f,0.1025f,-0.0563f,-0.9931f,1.9892f,0f,0f,0f,1f],start_interpolation: 0,interpolation_duration: 1}
$data merge entity $(bone_upper_left_tooth1) {transformation: [-0.9995f,0.0123f,-0.0285f,0.4053f,0f,0.9181f,0.3965f,3.4859f,0.0311f,0.3963f,-0.9176f,3.0163f,0f,0f,0f,1f],start_interpolation: 0,interpolation_duration: 1}
$data merge entity $(bone_upper_right_tooth1) {transformation: [-0.9995f,0.0123f,-0.0285f,-0.2682f,0f,0.9181f,0.3965f,3.4859f,0.0311f,0.3963f,-0.9176f,3.0373f,0f,0f,0f,1f],start_interpolation: 0,interpolation_duration: 1}
$data merge entity $(bone_top_lip1) {transformation: [-0.9995f,-0.0009f,-0.0311f,0.0982f,0f,0.9996f,-0.0284f,3.5994f,0.0311f,-0.0284f,-0.9991f,3.0749f,0f,0f,0f,1f],start_interpolation: 0,interpolation_duration: 1}
$data merge entity $(bone_muzzle1) {transformation: [-0.9995f,0.0123f,-0.0285f,0.0842f,0f,0.9181f,0.3965f,3.9766f,0.0311f,0.3963f,-0.9176f,2.6264f,0f,0f,0f,1f],start_interpolation: 0,interpolation_duration: 1}
$data merge entity $(bone_jaw_right_tooth1) {transformation: [-0.9995f,-0.0049f,-0.0307f,-0.2687f,0f,0.9877f,-0.1562f,3.3144f,0.0311f,-0.1561f,-0.9872f,3.02f,0f,0f,0f,1f],start_interpolation: 0,interpolation_duration: 1}
$data merge entity $(bone_jaw_left_tooth1) {transformation: [-0.9995f,-0.0049f,-0.0307f,0.4609f,0f,0.9877f,-0.1562f,3.3144f,0.0311f,-0.1561f,-0.9872f,2.9973f,0f,0f,0f,1f],start_interpolation: 0,interpolation_duration: 1}
$data merge entity $(bone_tongue1) {transformation: [-0.9995f,0.0087f,-0.0299f,0.0721f,0f,0.9599f,0.2803f,3.5319f,0.0311f,0.2801f,-0.9595f,2.2361f,0f,0f,0f,1f],start_interpolation: 0,interpolation_duration: 1}
$data merge entity $(bone_jaw_lips1) {transformation: [-0.9995f,0.0087f,-0.0299f,0.1539f,0f,0.9599f,0.2803f,3.1562f,0.0311f,0.2801f,-0.9595f,3.0602f,0f,0f,0f,1f],start_interpolation: 0,interpolation_duration: 1}
$data merge entity $(bone_jaw3) {transformation: [-0.9995f,0.0006f,-0.0311f,0.1259f,0f,0.9998f,0.0177f,3.0879f,0.0311f,0.0177f,-0.9994f,2.1609f,0f,0f,0f,1f],start_interpolation: 0,interpolation_duration: 1}
$data merge entity $(bone_jaw1) {transformation: [-0.9995f,0.0224f,-0.0216f,0.1065f,0f,0.6945f,0.7195f,3.7343f,0.0311f,0.7192f,-0.6942f,1.5372f,0f,0f,0f,1f],start_interpolation: 0,interpolation_duration: 1}
$data merge entity $(bone_tear_right1) {transformation: [-0.9995f,0.0148f,-0.0274f,-0.5229f,0f,0.88f,0.475f,4.058f,0.0311f,0.4747f,-0.8796f,2.6126f,0f,0f,0f,1f],start_interpolation: 0,interpolation_duration: 1}
$data merge entity $(bone_right_pupil1) {transformation: [-0.9995f,0.0148f,-0.0274f,-0.3342f,0f,0.88f,0.475f,4.1249f,0.0311f,0.4747f,-0.8796f,2.7194f,0f,0f,0f,1f],start_interpolation: 0,interpolation_duration: 1}
$data merge entity $(bone_right_sad_pupil1) {transformation: [-0.9995f,0.0148f,-0.0274f,-0.3345f,0f,0.88f,0.475f,4.1302f,0.0311f,0.4747f,-0.8796f,2.7096f,0f,0f,0f,1f],start_interpolation: 0,interpolation_duration: 1}
$data merge entity $(bone_right_happy_pupil1) {transformation: [-0.9995f,0.0148f,-0.0274f,-0.363f,0f,0.88f,0.475f,4.1055f,0.0311f,0.4747f,-0.8796f,2.6971f,0f,0f,0f,1f],start_interpolation: 0,interpolation_duration: 1}
$data merge entity $(bone_eyelid_right1) {transformation: [-0.9995f,0.0148f,-0.0274f,0.0814f,0f,0.88f,0.475f,4.3475f,0.0311f,0.4747f,-0.8796f,2.1756f,0f,0f,0f,1f],start_interpolation: 0,interpolation_duration: 1}
$data merge entity $(bone_eyelid_expressions_right5) {transformation: [-0.9995f,0.0148f,-0.0274f,-0.462f,0f,0.88f,0.475f,4.229f,0.0311f,0.4747f,-0.8796f,2.7669f,0f,0f,0f,1f],start_interpolation: 0,interpolation_duration: 1}
$data merge entity $(bone_eyelid_expressions_right7) {transformation: [-0.9995f,0.0148f,-0.0274f,-0.1252f,0f,0.88f,0.475f,4.229f,0.0311f,0.4747f,-0.8796f,2.7564f,0f,0f,0f,1f],start_interpolation: 0,interpolation_duration: 1}
$data merge entity $(bone_eyelid_expressions_right6) {transformation: [-0.9995f,0.0148f,-0.0274f,-0.2375f,0f,0.88f,0.475f,4.229f,0.0311f,0.4747f,-0.8796f,2.7599f,0f,0f,0f,1f],start_interpolation: 0,interpolation_duration: 1}
$data merge entity $(bone_right_eye1) {transformation: [-0.9995f,0.0148f,-0.0274f,0.0705f,0f,0.88f,0.475f,4.3422f,0.0311f,0.4747f,-0.8796f,2.1858f,0f,0f,0f,1f],start_interpolation: 0,interpolation_duration: 1}
$data merge entity $(bone_tear_left1) {transformation: [-0.9995f,0.0148f,-0.0274f,0.6894f,0f,0.88f,0.475f,4.058f,0.0311f,0.4747f,-0.8796f,2.5749f,0f,0f,0f,1f],start_interpolation: 0,interpolation_duration: 1}
$data merge entity $(bone_left_sad_pupil1) {transformation: [-0.9995f,0.0148f,-0.0274f,0.5073f,0f,0.88f,0.475f,4.1302f,0.0311f,0.4747f,-0.8796f,2.6834f,0f,0f,0f,1f],start_interpolation: 0,interpolation_duration: 1}
$data merge entity $(bone_left_pupil1) {transformation: [-0.9995f,0.0148f,-0.0274f,0.5076f,0f,0.88f,0.475f,4.1249f,0.0311f,0.4747f,-0.8796f,2.6933f,0f,0f,0f,1f],start_interpolation: 0,interpolation_duration: 1}
$data merge entity $(bone_eyelid_left1) {transformation: [-0.9995f,0.0148f,-0.0274f,0.059f,0f,0.88f,0.475f,4.3475f,0.0311f,0.4747f,-0.8796f,2.1763f,0f,0f,0f,1f],start_interpolation: 0,interpolation_duration: 1}
$data merge entity $(bone_left_happy_pupil1) {transformation: [-0.9995f,0.0148f,-0.0274f,0.535f,0f,0.88f,0.475f,4.1055f,0.0311f,0.4747f,-0.8796f,2.6692f,0f,0f,0f,1f],start_interpolation: 0,interpolation_duration: 1}
$data merge entity $(bone_eyelid_expressions_left5) {transformation: [-0.9995f,0.0148f,-0.0274f,0.6381f,0f,0.88f,0.475f,4.229f,0.0311f,0.4747f,-0.8796f,2.7327f,0f,0f,0f,1f],start_interpolation: 0,interpolation_duration: 1}
$data merge entity $(bone_eyelid_expressions_left7) {transformation: [-0.9995f,0.0148f,-0.0274f,0.3013f,0f,0.88f,0.475f,4.229f,0.0311f,0.4747f,-0.8796f,2.7431f,0f,0f,0f,1f],start_interpolation: 0,interpolation_duration: 1}
$data merge entity $(bone_eyelid_expressions_left6) {transformation: [-0.9995f,0.0148f,-0.0274f,0.4136f,0f,0.88f,0.475f,4.229f,0.0311f,0.4747f,-0.8796f,2.7397f,0f,0f,0f,1f],start_interpolation: 0,interpolation_duration: 1}
$data merge entity $(bone_left_eye1) {transformation: [-0.9995f,0.0148f,-0.0274f,0.0705f,0f,0.88f,0.475f,4.3422f,0.0311f,0.4747f,-0.8796f,2.1858f,0f,0f,0f,1f],start_interpolation: 0,interpolation_duration: 1}
$data merge entity $(bone_crest_middle5) {transformation: [-0.9995f,0.0085f,-0.0299f,0.104f,0f,0.9619f,0.2732f,5.3351f,0.0311f,0.2731f,-0.9615f,3.263f,0f,0f,0f,1f],start_interpolation: 0,interpolation_duration: 1}
$data merge entity $(bone_crest_middle4) {transformation: [-0.9995f,0.0085f,-0.0299f,0.0983f,0f,0.9619f,0.2732f,4.687f,0.0311f,0.2731f,-0.9615f,3.0789f,0f,0f,0f,1f],start_interpolation: 0,interpolation_duration: 1}
$data merge entity $(bone_crest_middle1) {transformation: [-0.9995f,0.0085f,-0.0299f,0.0965f,0f,0.9619f,0.2732f,4.1778f,0.0311f,0.2731f,-0.9615f,3.0219f,0f,0f,0f,1f],start_interpolation: 0,interpolation_duration: 1}
$data merge entity $(bone_crest_left5) {transformation: [-0.5495f,-0.8315f,0.0819f,-1.0067f,-0.7422f,0.5308f,0.4092f,4.7239f,-0.3837f,0.1641f,-0.9088f,3.0798f,0f,0f,0f,1f],start_interpolation: 0,interpolation_duration: 1}
$data merge entity $(bone_crest_left4) {transformation: [-0.5495f,-0.8315f,0.0819f,-0.5398f,-0.7422f,0.5308f,0.4092f,4.4258f,-0.3837f,0.1641f,-0.9088f,2.9877f,0f,0f,0f,1f],start_interpolation: 0,interpolation_duration: 1}
$data merge entity $(bone_crest_left1) {transformation: [-0.5495f,-0.8315f,0.0819f,-0.0216f,-0.7422f,0.5308f,0.4092f,4.1209f,-0.3837f,0.1641f,-0.9088f,2.8353f,0f,0f,0f,1f],start_interpolation: 0,interpolation_duration: 1}
$data merge entity $(bone_crest_center1) {transformation: [-0.9995f,0.0148f,-0.0274f,0.0902f,0f,0.88f,0.475f,4.0962f,0.0311f,0.4747f,-0.8796f,2.8185f,0f,0f,0f,1f],start_interpolation: 0,interpolation_duration: 1}
$data merge entity $(bone_crest_right5) {transformation: [-0.5246f,0.8401f,-0.1382f,1.2012f,0.7422f,0.5308f,0.4092f,4.7239f,0.4171f,0.1121f,-0.9019f,3.0111f,0f,0f,0f,1f],start_interpolation: 0,interpolation_duration: 1}
$data merge entity $(bone_crest_right4) {transformation: [-0.5246f,0.8401f,-0.1382f,0.7295f,0.7422f,0.5308f,0.4092f,4.4258f,0.4171f,0.1121f,-0.9019f,2.9482f,0f,0f,0f,1f],start_interpolation: 0,interpolation_duration: 1}
$data merge entity $(bone_crest_right1) {transformation: [-0.5246f,0.8401f,-0.1382f,0.2029f,0.7422f,0.5308f,0.4092f,4.1209f,0.4171f,0.1121f,-0.9019f,2.8283f,0f,0f,0f,1f],start_interpolation: 0,interpolation_duration: 1}
$data merge entity $(bone_head1) {transformation: [-1.0477f,0.0155f,-0.0287f,0.0528f,0f,0.9224f,0.4978f,4.5861f,0.0326f,0.4976f,-0.922f,1.6158f,0f,0f,0f,1f],start_interpolation: 0,interpolation_duration: 1}
$data merge entity $(bone_neck10) {transformation: [-1.4967f,0.0197f,-0.0422f,0.0168f,0f,1.3565f,0.634f,4.6309f,0.0466f,0.6337f,-1.3559f,0.4596f,0f,0f,0f,1f],start_interpolation: 0,interpolation_duration: 1}
$data merge entity $(bone_neck9) {transformation: [-1.145f,0.0169f,-0.0313f,-0.0032f,0f,1.0081f,0.5441f,3.3194f,0.0356f,0.5438f,-1.0076f,-0.184f,0f,0f,0f,1f],start_interpolation: 0,interpolation_duration: 1}
$data merge entity $(bone_neck8) {transformation: [-1.0626f,-0.0081f,-0.0321f,0.0038f,0f,1.0309f,-0.2598f,2.5584f,0.0331f,-0.2597f,-1.0304f,0.0421f,0f,0f,0f,1f],start_interpolation: 0,interpolation_duration: 1}
$data merge entity $(bone_neck7) {transformation: [-1.0552f,-0.0164f,-0.0284f,0.0193f,0f,0.9145f,-0.5273f,1.742f,0.0328f,-0.527f,-0.9141f,0.5383f,0f,0f,0f,1f],start_interpolation: 0,interpolation_duration: 1}
$data merge entity $(bone_neck6) {transformation: [-1.0492f,-0.0102f,-0.031f,0.028f,0f,0.9973f,-0.3276f,0.858f,0.0326f,-0.3274f,-0.9968f,0.8191f,0f,0f,0f,1f],start_interpolation: 0,interpolation_duration: 1}
$data merge entity $(bone_neck_spine6) {transformation: [-1.2723f,-0.0217f,0.0282f,-0.119f,0.0311f,-0.1849f,1.2589f,0.4178f,-0.0174f,1.2591f,0.1854f,-1.8413f,0f,0f,0f,1f],start_interpolation: 0,interpolation_duration: 1}
$data merge entity $(bone_neck_spine7) {transformation: [-0.9732f,-0.1718f,0.1526f,0.2524f,0.062f,0.4431f,0.8943f,0.5065f,-0.2212f,0.8798f,-0.4206f,-5.5766f,0f,0f,0f,1f],start_interpolation: 0,interpolation_duration: 1}
$data merge entity $(bone_tail6) {transformation: [-1.554f,-0.7419f,-0.0063f,1.6935f,-0.4186f,0.8646f,1.4292f,-1.3798f,-0.6126f,1.2913f,-0.9606f,-8.7179f,0f,0f,0f,1f],start_interpolation: 0,interpolation_duration: 1}
$data merge entity $(bone_tail5) {transformation: [-1.2837f,-0.6129f,-0.0052f,1.3064f,-0.3458f,0.7142f,1.1806f,-0.9287f,-0.506f,1.0667f,-0.7935f,-8.0442f,0f,0f,0f,1f],start_interpolation: 0,interpolation_duration: 1}
$data merge entity $(bone_tail4) {transformation: [-0.9459f,-0.4516f,-0.0039f,1.1129f,-0.2548f,0.5263f,0.8699f,-0.7031f,-0.3729f,0.786f,-0.5847f,-7.7073f,0f,0f,0f,1f],start_interpolation: 0,interpolation_duration: 1}
$data merge entity $(bone_segment18) {transformation: [-0.9024f,-0.4289f,-0.0412f,0.872f,-0.2431f,0.4278f,0.8706f,-0.4629f,-0.3557f,0.7956f,-0.4903f,-7.2606f,0f,0f,0f,1f],start_interpolation: 0,interpolation_duration: 1}
$data merge entity $(bone_segment17) {transformation: [-0.9003f,-0.4163f,0.1271f,0.5681f,0.0064f,0.2793f,0.9602f,-0.259f,-0.4352f,0.8653f,-0.2488f,-6.6289f,0f,0f,0f,1f],start_interpolation: 0,interpolation_duration: 1}
$data merge entity $(bone_segment16) {transformation: [-0.9389f,-0.3188f,0.1299f,0.2639f,0.0363f,0.2836f,0.9583f,0.0117f,-0.3423f,0.9044f,-0.2547f,-5.7656f,0f,0f,0f,1f],start_interpolation: 0,interpolation_duration: 1}
$data merge entity $(bone_segment15) {transformation: [-0.9732f,-0.2054f,0.1029f,0.0216f,0.062f,0.1966f,0.9785f,0.2435f,-0.2212f,0.9587f,-0.1786f,-4.6351f,0f,0f,0f,1f],start_interpolation: 0,interpolation_duration: 1}
$data merge entity $(bone_segment14) {transformation: [-1.0412f,-0.1109f,0.048f,-0.1031f,0.0562f,-0.0759f,1.0439f,0.1581f,-0.1069f,1.0395f,0.0813f,-3.4656f,0f,0f,0f,1f],start_interpolation: 0,interpolation_duration: 1}
$data merge entity $(bone_segment13) {transformation: [-1.0253f,-0.0212f,0.0193f,-0.1292f,0.025f,-0.3229f,0.9732f,-0.2574f,-0.014f,0.9733f,0.3233f,-2.3022f,0f,0f,0f,1f],start_interpolation: 0,interpolation_duration: 1}
$data merge entity $(bone_segment12) {transformation: [-1.1141f,0.0502f,0.0267f,-0.0685f,0.025f,-0.038f,1.1146f,-0.3033f,0.0511f,1.1138f,0.0368f,-0.9567f,0f,0f,0f,1f],start_interpolation: 0,interpolation_duration: 1}
$data merge entity $(bone_segment11) {transformation: [-1.1887f,0.0639f,-0.0025f,0.0051f,0.0283f,0.5673f,1.0462f,0.3523f,0.0574f,1.0446f,-0.568f,0.2506f,0f,0f,0f,1f],start_interpolation: 0,interpolation_duration: 1}
$data merge entity $(bone_segment10) {transformation: [-1.0477f,0.0191f,-0.0264f,0.0298f,0f,0.85f,0.6134f,1.2224f,0.0326f,0.6131f,-0.8496f,0.878f,0f,0f,0f,1f],start_interpolation: 0,interpolation_duration: 1}
data modify entity @s data merge value {"cameras":{},"locators":{"mouth":{"px":0.11890590758161362,"py":3.315699444756109,"pz":3.7413267252885207,"ry":178.21798695162326,"rx":61.643392185309445}}}
function animated_java:gyarados/animations/surfacewater_idle/zzz/frames/on_tick/transform_floating_entities