# This file was generated by Animated Java via MC-Build. It is not recommended to edit this file directly.
$data merge entity $(bone_neck_spine5) {transformation: [-1.5719f,0.0084f,-0.0311f,0.1082f,0f,1.5182f,0.4088f,4.276f,0.0323f,0.4087f,-1.5179f,-0.5026f,0f,0f,0f,1f],start_interpolation: 0,interpolation_duration: 1}
$data merge entity $(bone_neck_spine2) {transformation: [-1.4971f,0.0105f,-0.0289f,0.0373f,0f,1.4067f,0.5132f,5.3407f,0.0307f,0.5131f,-1.4064f,1.5178f,0f,0f,0f,1f],start_interpolation: 0,interpolation_duration: 1}
$data merge entity $(bone_scale_neck_left1) {transformation: [-1.5866f,0.4373f,0.0663f,0.8163f,0.378f,1.2124f,1.049f,4.5051f,0.2297f,1.0256f,-1.2682f,1.161f,0f,0f,0f,1f],start_interpolation: 0,interpolation_duration: 1}
$data merge entity $(bone_scale_neck_right1) {transformation: [-1.5947f,-0.3949f,-0.1182f,-0.7557f,-0.378f,1.2124f,1.049f,4.5051f,-0.1645f,1.0427f,-1.2644f,1.1932f,0f,0f,0f,1f],start_interpolation: 0,interpolation_duration: 1}
$data merge entity $(bone_blush_right1) {transformation: [-0.9998f,0.0103f,-0.0178f,-0.6085f,0f,0.8654f,0.5011f,3.6629f,0.0205f,0.501f,-0.8652f,2.3454f,0f,0f,0f,1f],start_interpolation: 0,interpolation_duration: 1}
$data merge entity $(bone_blush_left1) {transformation: [-0.9998f,0.0103f,-0.0178f,0.7165f,0f,0.8654f,0.5011f,3.6629f,0.0205f,0.501f,-0.8652f,2.3183f,0f,0f,0f,1f],start_interpolation: 0,interpolation_duration: 1}
$data merge entity $(bone_left_head_scales) {transformation: [-0.8786f,0.0103f,-0.4774f,0.7282f,-0.2314f,0.8654f,0.4445f,4.4916f,0.4177f,0.501f,-0.758f,2.3436f,0f,0f,0f,1f],start_interpolation: 0,interpolation_duration: 1}
$data merge entity $(bone_left_head_scales2) {transformation: [-0.8088f,0.0103f,-0.588f,0.722f,-0.2874f,0.8654f,0.4105f,3.6297f,0.5131f,0.501f,-0.697f,2.0393f,0f,0f,0f,1f],start_interpolation: 0,interpolation_duration: 1}
$data merge entity $(bone_left_head_scales1) {transformation: [-0.9998f,0.0103f,-0.0178f,0.7271f,0f,0.8654f,0.5011f,4.3944f,0.0205f,0.501f,-0.8652f,2.2874f,0f,0f,0f,1f],start_interpolation: 0,interpolation_duration: 1}
$data merge entity $(bone_right_head_scales) {transformation: [-0.895f,0.0103f,0.4459f,-0.6192f,0.2314f,0.8654f,0.4445f,4.4916f,-0.3813f,0.501f,-0.7769f,2.3713f,0f,0f,0f,1f],start_interpolation: 0,interpolation_duration: 1}
$data merge entity $(bone_right_head_scales2) {transformation: [-0.8292f,0.0103f,0.5589f,-0.6254f,0.2874f,0.8654f,0.4105f,3.6297f,-0.4795f,0.501f,-0.7205f,2.0669f,0f,0f,0f,1f],start_interpolation: 0,interpolation_duration: 1}
$data merge entity $(bone_right_head_scales1) {transformation: [-0.9998f,0.0103f,-0.0178f,-0.6203f,0f,0.8654f,0.5011f,4.3944f,0.0205f,0.501f,-0.8652f,2.315f,0f,0f,0f,1f],start_interpolation: 0,interpolation_duration: 1}
$data merge entity $(bone_head_left_fin1) {transformation: [-0.7119f,0.0257f,-0.7689f,0.7212f,-0.125f,1.0298f,0.1501f,4.0721f,0.7591f,0.1936f,-0.6963f,2.0035f,0f,0f,0f,1f],start_interpolation: 0,interpolation_duration: 1}
$data merge entity $(bone_head_right_fin1) {transformation: [-0.7424f,-0.0177f,0.7397f,-0.6261f,0.125f,1.0298f,0.1501f,4.0721f,-0.7293f,0.1945f,-0.7273f,2.0312f,0f,0f,0f,1f],start_interpolation: 0,interpolation_duration: 1}
$data merge entity $(bone_right_whisker16) {transformation: [0.257f,0.9129f,-0.3171f,-1.1548f,0.9603f,-0.2781f,-0.0223f,1.336f,-0.1086f,-0.2988f,-0.9481f,1.9538f,0f,0f,0f,1f],start_interpolation: 0,interpolation_duration: 1}
$data merge entity $(bone_right_whisker15) {transformation: [-0.8716f,0.374f,-0.3171f,-0.8612f,0.4011f,0.9158f,-0.0223f,1.2009f,0.282f,-0.1466f,-0.9481f,1.8588f,0f,0f,0f,1f],start_interpolation: 0,interpolation_duration: 1}
$data merge entity $(bone_right_whisker14) {transformation: [-0.7073f,-0.6319f,-0.3171f,-0.6229f,-0.6605f,0.7505f,-0.0223f,1.4234f,0.2521f,0.1936f,-0.9481f,1.7739f,0f,0f,0f,1f],start_interpolation: 0,interpolation_duration: 1}
$data merge entity $(bone_right_whisker13) {transformation: [-0.0976f,-0.9912f,-0.0897f,-0.59f,-0.9809f,0.0805f,0.1773f,1.7539f,-0.1685f,0.1053f,-0.9801f,1.8307f,0f,0f,0f,1f],start_interpolation: 0,interpolation_duration: 1}
$data merge entity $(bone_right_whisker12) {transformation: [0.0592f,-0.996f,-0.0665f,-0.6166f,-0.9192f,-0.0803f,0.3854f,2.1668f,-0.3892f,0.0383f,-0.9204f,2.0055f,0f,0f,0f,1f],start_interpolation: 0,interpolation_duration: 1}
$data merge entity $(bone_right_whisker11) {transformation: [0.2902f,-0.9559f,-0.0456f,-0.7469f,-0.9517f,-0.2933f,0.0911f,2.5943f,-0.1005f,0.017f,-0.9948f,2.0506f,0f,0f,0f,1f],start_interpolation: 0,interpolation_duration: 1}
$data merge entity $(bone_right_whisker10) {transformation: [0.0737f,-0.995f,0.0669f,-0.78f,-0.985f,-0.0831f,-0.1515f,3.0368f,0.1563f,-0.0548f,-0.9862f,1.9804f,0f,0f,0f,1f],start_interpolation: 0,interpolation_duration: 1}
$data merge entity $(bone_right_whisker1) {transformation: [-0.3426f,-0.9388f,0.0366f,-0.6261f,-0.9327f,0.3445f,0.1068f,3.4557f,-0.1129f,0.0025f,-0.9936f,2.0311f,0f,0f,0f,1f],start_interpolation: 0,interpolation_duration: 1}
$data merge entity $(bone_left_whisker16) {transformation: [0.2612f,-0.9244f,0.2779f,1.2463f,-0.9603f,-0.2781f,-0.0223f,1.336f,0.0979f,-0.2611f,-0.9603f,1.9046f,0f,0f,0f,1f],start_interpolation: 0,interpolation_duration: 1}
$data merge entity $(bone_left_whisker15) {transformation: [-0.8824f,-0.3797f,0.2779f,0.949f,-0.4011f,0.9158f,-0.0223f,1.2009f,-0.246f,-0.1312f,-0.9603f,1.8217f,0f,0f,0f,1f],start_interpolation: 0,interpolation_duration: 1}
$data merge entity $(bone_left_whisker14) {transformation: [-0.717f,0.6393f,0.2779f,0.7074f,0.6605f,0.7505f,-0.0223f,1.4234f,-0.2229f,0.1676f,-0.9603f,1.7466f,0f,0f,0f,1f],start_interpolation: 0,interpolation_duration: 1}
$data merge entity $(bone_left_whisker13) {transformation: [-0.0906f,0.9947f,0.0495f,0.6769f,0.9809f,0.0805f,0.1773f,1.7539f,0.1724f,0.0646f,-0.9829f,1.8047f,0f,0f,0f,1f],start_interpolation: 0,interpolation_duration: 1}
$data merge entity $(bone_left_whisker12) {transformation: [0.0751f,0.9968f,0.0287f,0.7106f,0.9192f,-0.0803f,0.3854f,2.1668f,0.3865f,-0.0026f,-0.9223f,1.9783f,0f,0f,0f,1f],start_interpolation: 0,interpolation_duration: 1}
$data merge entity $(bone_left_whisker11) {transformation: [0.2941f,0.9558f,0.0048f,0.8427f,0.9517f,-0.2933f,0.0911f,2.5943f,0.0885f,-0.0223f,-0.9958f,2.018f,0f,0f,0f,1f],start_interpolation: 0,interpolation_duration: 1}
$data merge entity $(bone_left_whisker10) {transformation: [0.0672f,0.9919f,-0.1073f,0.8729f,0.985f,-0.0831f,-0.1515f,3.0368f,-0.1592f,-0.0955f,-0.9826f,1.9465f,0f,0f,0f,1f],start_interpolation: 0,interpolation_duration: 1}
$data merge entity $(bone_left_whisker1) {transformation: [-0.3377f,0.9381f,-0.0773f,0.7212f,0.9327f,0.3445f,0.1068f,3.4557f,0.1268f,-0.036f,-0.9913f,2.0035f,0f,0f,0f,1f],start_interpolation: 0,interpolation_duration: 1}
$data merge entity $(bone_upper_left_tooth1) {transformation: [-0.9998f,0.0087f,-0.0186f,0.3771f,0f,0.9058f,0.4237f,3.3676f,0.0205f,0.4237f,-0.9056f,3.0249f,0f,0f,0f,1f],start_interpolation: 0,interpolation_duration: 1}
$data merge entity $(bone_upper_right_tooth1) {transformation: [-0.9998f,0.0087f,-0.0186f,-0.2966f,0f,0.9058f,0.4237f,3.3676f,0.0205f,0.4237f,-0.9056f,3.0387f,0f,0f,0f,1f],start_interpolation: 0,interpolation_duration: 1}
$data merge entity $(bone_top_lip1) {transformation: [-0.9998f,0.0002f,-0.0205f,0.0694f,0f,1f,0.0097f,3.4795f,0.0205f,0.0097f,-0.9997f,3.0835f,0f,0f,0f,1f],start_interpolation: 0,interpolation_duration: 1}
$data merge entity $(bone_muzzle1) {transformation: [-0.9998f,0.0087f,-0.0186f,0.0605f,0f,0.9058f,0.4237f,3.8701f,0.0205f,0.4237f,-0.9056f,2.6464f,0f,0f,0f,1f],start_interpolation: 0,interpolation_duration: 1}
$data merge entity $(bone_jaw_right_tooth1) {transformation: [-0.9998f,-0.0031f,-0.0203f,-0.2968f,0f,0.9886f,-0.1504f,3.2318f,0.0205f,-0.1503f,-0.9884f,3.027f,0f,0f,0f,1f],start_interpolation: 0,interpolation_duration: 1}
$data merge entity $(bone_jaw_left_tooth1) {transformation: [-0.9998f,-0.0031f,-0.0203f,0.433f,0f,0.9886f,-0.1504f,3.2318f,0.0205f,-0.1503f,-0.9884f,3.012f,0f,0f,0f,1f],start_interpolation: 0,interpolation_duration: 1}
$data merge entity $(bone_tongue1) {transformation: [-0.9998f,0.0051f,-0.0199f,0.052f,0f,0.9689f,0.2473f,3.4206f,0.0205f,0.2472f,-0.9687f,2.2335f,0f,0f,0f,1f],start_interpolation: 0,interpolation_duration: 1}
$data merge entity $(bone_jaw_lips1) {transformation: [-0.9998f,0.0051f,-0.0199f,0.1253f,0f,0.9689f,0.2473f,3.0733f,0.0205f,0.2472f,-0.9687f,3.0708f,0f,0f,0f,1f],start_interpolation: 0,interpolation_duration: 1}
$data merge entity $(bone_jaw3) {transformation: [-0.9998f,0.0005f,-0.0205f,0.1069f,0f,0.9997f,0.0236f,3.0103f,0.0205f,0.0236f,-0.9995f,2.1708f,0f,0f,0f,1f],start_interpolation: 0,interpolation_duration: 1}
$data merge entity $(bone_jaw1) {transformation: [-0.9998f,0.0148f,-0.0142f,0.0941f,0f,0.6902f,0.7236f,3.6604f,0.0205f,0.7234f,-0.6901f,1.5508f,0f,0f,0f,1f],start_interpolation: 0,interpolation_duration: 1}
$data merge entity $(bone_tear_right1) {transformation: [-0.9998f,0.0103f,-0.0178f,-0.5465f,0f,0.8654f,0.5011f,3.9524f,0.0205f,0.501f,-0.8652f,2.6287f,0f,0f,0f,1f],start_interpolation: 0,interpolation_duration: 1}
$data merge entity $(bone_right_pupil1) {transformation: [-0.9998f,0.0103f,-0.0178f,-0.3589f,0f,0.8654f,0.5011f,4.0158f,0.0205f,0.501f,-0.8652f,2.7394f,0f,0f,0f,1f],start_interpolation: 0,interpolation_duration: 1}
$data merge entity $(bone_right_sad_pupil1) {transformation: [-0.9998f,0.0103f,-0.0178f,-0.3591f,0f,0.8654f,0.5011f,4.0215f,0.0205f,0.501f,-0.8652f,2.7297f,0f,0f,0f,1f],start_interpolation: 0,interpolation_duration: 1}
$data merge entity $(bone_right_happy_pupil1) {transformation: [-0.9998f,0.0103f,-0.0178f,-0.3874f,0f,0.8654f,0.5011f,3.9972f,0.0205f,0.501f,-0.8652f,2.7162f,0f,0f,0f,1f],start_interpolation: 0,interpolation_duration: 1}
$data merge entity $(bone_eyelid_right1) {transformation: [-0.9998f,0.0103f,-0.0178f,0.0627f,0f,0.8654f,0.5011f,4.2542f,0.0205f,0.501f,-0.8652f,2.2069f,0f,0f,0f,1f],start_interpolation: 0,interpolation_duration: 1}
$data merge entity $(bone_eyelid_expressions_right5) {transformation: [-0.9998f,0.0103f,-0.0178f,-0.487f,0f,0.8654f,0.5011f,4.1187f,0.0205f,0.501f,-0.8652f,2.7886f,0f,0f,0f,1f],start_interpolation: 0,interpolation_duration: 1}
$data merge entity $(bone_eyelid_expressions_right7) {transformation: [-0.9998f,0.0103f,-0.0178f,-0.1502f,0f,0.8654f,0.5011f,4.1187f,0.0205f,0.501f,-0.8652f,2.7817f,0f,0f,0f,1f],start_interpolation: 0,interpolation_duration: 1}
$data merge entity $(bone_eyelid_expressions_right6) {transformation: [-0.9998f,0.0103f,-0.0178f,-0.2625f,0f,0.8654f,0.5011f,4.1187f,0.0205f,0.501f,-0.8652f,2.784f,0f,0f,0f,1f],start_interpolation: 0,interpolation_duration: 1}
$data merge entity $(bone_right_eye1) {transformation: [-0.9998f,0.0103f,-0.0178f,0.0516f,0f,0.8654f,0.5011f,4.2486f,0.0205f,0.501f,-0.8652f,2.2168f,0f,0f,0f,1f],start_interpolation: 0,interpolation_duration: 1}
$data merge entity $(bone_tear_left1) {transformation: [-0.9998f,0.0103f,-0.0178f,0.6662f,0f,0.8654f,0.5011f,3.9524f,0.0205f,0.501f,-0.8652f,2.6038f,0f,0f,0f,1f],start_interpolation: 0,interpolation_duration: 1}
$data merge entity $(bone_left_sad_pupil1) {transformation: [-0.9998f,0.0103f,-0.0178f,0.483f,0f,0.8654f,0.5011f,4.0215f,0.0205f,0.501f,-0.8652f,2.7124f,0f,0f,0f,1f],start_interpolation: 0,interpolation_duration: 1}
$data merge entity $(bone_left_pupil1) {transformation: [-0.9998f,0.0103f,-0.0178f,0.4832f,0f,0.8654f,0.5011f,4.0158f,0.0205f,0.501f,-0.8652f,2.7221f,0f,0f,0f,1f],start_interpolation: 0,interpolation_duration: 1}
$data merge entity $(bone_eyelid_left1) {transformation: [-0.9998f,0.0103f,-0.0178f,0.0402f,0f,0.8654f,0.5011f,4.2542f,0.0205f,0.501f,-0.8652f,2.2073f,0f,0f,0f,1f],start_interpolation: 0,interpolation_duration: 1}
$data merge entity $(bone_left_happy_pupil1) {transformation: [-0.9998f,0.0103f,-0.0178f,0.5108f,0f,0.8654f,0.5011f,3.9972f,0.0205f,0.501f,-0.8652f,2.6978f,0f,0f,0f,1f],start_interpolation: 0,interpolation_duration: 1}
$data merge entity $(bone_eyelid_expressions_left5) {transformation: [-0.9998f,0.0103f,-0.0178f,0.6133f,0f,0.8654f,0.5011f,4.1187f,0.0205f,0.501f,-0.8652f,2.766f,0f,0f,0f,1f],start_interpolation: 0,interpolation_duration: 1}
$data merge entity $(bone_eyelid_expressions_left7) {transformation: [-0.9998f,0.0103f,-0.0178f,0.2765f,0f,0.8654f,0.5011f,4.1187f,0.0205f,0.501f,-0.8652f,2.7729f,0f,0f,0f,1f],start_interpolation: 0,interpolation_duration: 1}
$data merge entity $(bone_eyelid_expressions_left6) {transformation: [-0.9998f,0.0103f,-0.0178f,0.3888f,0f,0.8654f,0.5011f,4.1187f,0.0205f,0.501f,-0.8652f,2.7706f,0f,0f,0f,1f],start_interpolation: 0,interpolation_duration: 1}
$data merge entity $(bone_left_eye1) {transformation: [-0.9998f,0.0103f,-0.0178f,0.0516f,0f,0.8654f,0.5011f,4.2486f,0.0205f,0.501f,-0.8652f,2.2168f,0f,0f,0f,1f],start_interpolation: 0,interpolation_duration: 1}
$data merge entity $(bone_crest_middle5) {transformation: [-0.9998f,0.0062f,-0.0196f,0.0744f,0f,0.9533f,0.3019f,5.2089f,0.0205f,0.3018f,-0.9531f,3.3235f,0f,0f,0f,1f],start_interpolation: 0,interpolation_duration: 1}
$data merge entity $(bone_crest_middle4) {transformation: [-0.9998f,0.0062f,-0.0196f,0.0702f,0f,0.9533f,0.3019f,4.5665f,0.0205f,0.3018f,-0.9531f,3.1201f,0f,0f,0f,1f],start_interpolation: 0,interpolation_duration: 1}
$data merge entity $(bone_crest_middle1) {transformation: [-0.9998f,0.0062f,-0.0196f,0.0687f,0f,0.9533f,0.3019f,4.0593f,0.0205f,0.3018f,-0.9531f,3.0479f,0f,0f,0f,1f],start_interpolation: 0,interpolation_duration: 1}
$data merge entity $(bone_crest_left5) {transformation: [-0.5459f,-0.8328f,0.0917f,-1.0348f,-0.7299f,0.5264f,0.4361f,4.6044f,-0.4115f,0.1711f,-0.8952f,3.1104f,0f,0f,0f,1f],start_interpolation: 0,interpolation_duration: 1}
$data merge entity $(bone_crest_left4) {transformation: [-0.5459f,-0.8328f,0.0917f,-0.5671f,-0.7299f,0.5264f,0.4361f,4.3088f,-0.4115f,0.1711f,-0.8952f,3.0143f,0f,0f,0f,1f],start_interpolation: 0,interpolation_duration: 1}
$data merge entity $(bone_crest_left1) {transformation: [-0.5459f,-0.8328f,0.0917f,-0.0475f,-0.7299f,0.5264f,0.4361f,4.0082f,-0.4115f,0.1711f,-0.8952f,2.8584f,0f,0f,0f,1f],start_interpolation: 0,interpolation_duration: 1}
$data merge entity $(bone_crest_center1) {transformation: [-0.9998f,0.0103f,-0.0178f,0.0645f,0f,0.8654f,0.5011f,3.9839f,0.0205f,0.501f,-0.8652f,2.842f,0f,0f,0f,1f],start_interpolation: 0,interpolation_duration: 1}
$data merge entity $(bone_crest_right5) {transformation: [-0.5285f,0.8392f,-0.1284f,1.1738f,0.7299f,0.5264f,0.4361f,4.6044f,0.4335f,0.1368f,-0.8907f,3.0651f,0f,0f,0f,1f],start_interpolation: 0,interpolation_duration: 1}
$data merge entity $(bone_crest_right4) {transformation: [-0.5285f,0.8392f,-0.1284f,0.7026f,0.7299f,0.5264f,0.4361f,4.3088f,0.4335f,0.1368f,-0.8907f,2.9883f,0f,0f,0f,1f],start_interpolation: 0,interpolation_duration: 1}
$data merge entity $(bone_crest_right1) {transformation: [-0.5285f,0.8392f,-0.1284f,0.177f,0.7299f,0.5264f,0.4361f,4.0082f,0.4335f,0.1368f,-0.8907f,2.8538f,0f,0f,0f,1f],start_interpolation: 0,interpolation_duration: 1}
$data merge entity $(bone_head1) {transformation: [-1.048f,0.0108f,-0.0186f,0.0401f,0f,0.9071f,0.5252f,4.5095f,0.0215f,0.5251f,-0.9069f,1.6543f,0f,0f,0f,1f],start_interpolation: 0,interpolation_duration: 1}
$data merge entity $(bone_neck10) {transformation: [-1.4971f,0.0142f,-0.0272f,0.0164f,0f,1.3277f,0.6924f,4.6046f,0.0307f,0.6923f,-1.3274f,0.5008f,0f,0f,0f,1f],start_interpolation: 0,interpolation_duration: 1}
$data merge entity $(bone_neck9) {transformation: [-1.1453f,0.0118f,-0.0203f,0.0024f,0f,0.9913f,0.574f,3.313f,0.0235f,0.5739f,-0.9911f,-0.182f,0f,0f,0f,1f],start_interpolation: 0,interpolation_duration: 1}
$data merge entity $(bone_neck8) {transformation: [-1.0629f,-0.0047f,-0.0213f,0.0066f,0f,1.0382f,-0.2288f,2.5455f,0.0218f,-0.2288f,-1.038f,0.0213f,0f,0f,0f,1f],start_interpolation: 0,interpolation_duration: 1}
$data merge entity $(bone_neck7) {transformation: [-1.0554f,-0.0101f,-0.0191f,0.0162f,0f,0.9326f,-0.4946f,1.7121f,0.0217f,-0.4945f,-0.9324f,0.4885f,0f,0f,0f,1f],start_interpolation: 0,interpolation_duration: 1}
$data merge entity $(bone_neck6) {transformation: [-1.0495f,-0.0062f,-0.0206f,0.0215f,0f,1.0051f,-0.3028f,0.8214f,0.0215f,-0.3027f,-1.0049f,0.7474f,0f,0f,0f,1f],start_interpolation: 0,interpolation_duration: 1}
$data merge entity $(bone_neck_spine6) {transformation: [-1.271f,0.0359f,0.0578f,-0.1014f,0.0497f,-0.248f,1.2474f,0.4587f,0.0464f,1.2479f,0.2463f,-1.9069f,0f,0f,0f,1f],start_interpolation: 0,interpolation_duration: 1}
$data merge entity $(bone_neck_spine7) {transformation: [-0.9899f,-0.0814f,0.116f,0.004f,0.0736f,0.4041f,0.9117f,0.7325f,-0.1211f,0.9111f,-0.3941f,-5.6578f,0f,0f,0f,1f],start_interpolation: 0,interpolation_duration: 1}
$data merge entity $(bone_tail6) {transformation: [-1.551f,-0.7349f,-0.1401f,1.2985f,-0.6085f,1.0516f,1.2203f,-1.3901f,-0.4353f,1.1486f,-1.2068f,-8.6974f,0f,0f,0f,1f],start_interpolation: 0,interpolation_duration: 1}
$data merge entity $(bone_tail5) {transformation: [-1.2812f,-0.6071f,-0.1157f,0.915f,-0.5027f,0.8687f,1.0081f,-0.8414f,-0.3596f,0.9489f,-0.997f,-8.0981f,0f,0f,0f,1f],start_interpolation: 0,interpolation_duration: 1}
$data merge entity $(bone_tail4) {transformation: [-0.9441f,-0.4474f,-0.0853f,0.7233f,-0.3704f,0.6401f,0.7428f,-0.5671f,-0.265f,0.6992f,-0.7346f,-7.7985f,0f,0f,0f,1f],start_interpolation: 0,interpolation_duration: 1}
$data merge entity $(bone_segment18) {transformation: [-0.9007f,-0.4179f,-0.119f,0.4887f,-0.3534f,0.5451f,0.7602f,-0.261f,-0.2528f,0.7268f,-0.6386f,-7.3903f,0f,0f,0f,1f],start_interpolation: 0,interpolation_duration: 1}
$data merge entity $(bone_segment17) {transformation: [-0.917f,-0.3737f,0.1394f,0.2159f,0.0075f,0.3332f,0.9428f,-0.0177f,-0.3988f,0.8656f,-0.3028f,-6.7584f,0f,0f,0f,1f],start_interpolation: 0,interpolation_duration: 1}
$data merge entity $(bone_segment16) {transformation: [-0.9652f,-0.2328f,0.1189f,-0.0063f,0.0514f,0.2768f,0.9595f,0.2465f,-0.2563f,0.9323f,-0.2552f,-5.8685f,0f,0f,0f,1f],start_interpolation: 0,interpolation_duration: 1}
$data merge entity $(bone_segment15) {transformation: [-0.9899f,-0.1087f,0.0909f,-0.1344f,0.0736f,0.1544f,0.9853f,0.4286f,-0.1211f,0.982f,-0.1449f,-4.7105f,0f,0f,0f,1f],start_interpolation: 0,interpolation_duration: 1}
$data merge entity $(bone_segment14) {transformation: [-1.046f,-0.0298f,0.0609f,-0.168f,0.0642f,-0.1309f,1.038f,0.2813f,-0.0219f,1.0395f,0.1325f,-3.541f,0f,0f,0f,1f],start_interpolation: 0,interpolation_duration: 1}
$data merge entity $(bone_segment13) {transformation: [-1.0243f,0.0204f,0.0509f,-0.1448f,0.0401f,-0.3714f,0.9553f,-0.1922f,0.0374f,0.9559f,0.3701f,-2.3999f,0f,0f,0f,1f],start_interpolation: 0,interpolation_duration: 1}
$data merge entity $(bone_segment12) {transformation: [-1.1127f,0.0642f,0.0464f,-0.0673f,0.0416f,-0.083f,1.1117f,-0.2924f,0.0674f,1.1106f,0.0804f,-1.0582f,0f,0f,0f,1f],start_interpolation: 0,interpolation_duration: 1}
$data merge entity $(bone_segment11) {transformation: [-1.1889f,0.0589f,0.007f,0.0034f,0.0329f,0.5382f,1.0613f,0.3295f,0.0494f,1.0602f,-0.5391f,0.1669f,0f,0f,0f,1f],start_interpolation: 0,interpolation_duration: 1}
$data merge entity $(bone_segment10) {transformation: [-1.048f,0.013f,-0.0171f,0.0229f,0f,0.835f,0.6336f,1.1842f,0.0215f,0.6335f,-0.8348f,0.8153f,0f,0f,0f,1f],start_interpolation: 0,interpolation_duration: 1}
data modify entity @s data merge value {"cameras":{},"locators":{"mouth":{"posx":0.0829304132028841,"posy":3.1760454715667987,"posz":3.741370398979943,"roty":178.82442949541505,"rotx":59.928546317821734}}}