# This file was generated by Animated Java via MC-Build. It is not recommended to edit this file directly.
$data merge entity $(bone_neck_spine5) {transformation: [-1.5722f,0.0036f,-0.0123f,0.1168f,0f,1.5075f,0.4467f,4.2917f,0.0128f,0.4467f,-1.5074f,-0.4611f,0f,0f,0f,1f],start_interpolation: 0,interpolation_duration: 1}
$data merge entity $(bone_neck_spine2) {transformation: [-1.4973f,0.0044f,-0.0114f,0.0211f,0f,1.3951f,0.5439f,5.3088f,0.0122f,0.5439f,-1.3951f,1.5821f,0f,0f,0f,1f],start_interpolation: 0,interpolation_duration: 1}
$data merge entity $(bone_scale_neck_left1) {transformation: [-1.5893f,0.4248f,0.0821f,0.8043f,0.3736f,1.1894f,1.0764f,4.4809f,0.2183f,1.0573f,-1.244f,1.2167f,0f,0f,0f,1f],start_interpolation: 0,interpolation_duration: 1}
$data merge entity $(bone_scale_neck_right1) {transformation: [-1.5926f,-0.4075f,-0.1024f,-0.7679f,-0.3736f,1.1894f,1.0764f,4.4809f,-0.1924f,1.0641f,-1.2425f,1.2295f,0f,0f,0f,1f],start_interpolation: 0,interpolation_duration: 1}
$data merge entity $(bone_blush_right1) {transformation: [-1f,0.0043f,-0.0069f,-0.6352f,0f,0.8526f,0.5226f,3.6115f,0.0081f,0.5226f,-0.8526f,2.3621f,0f,0f,0f,1f],start_interpolation: 0,interpolation_duration: 1}
$data merge entity $(bone_blush_left1) {transformation: [-1f,0.0043f,-0.0069f,0.69f,0f,0.8526f,0.5226f,3.6115f,0.0081f,0.5226f,-0.8526f,2.3513f,0f,0f,0f,1f],start_interpolation: 0,interpolation_duration: 1}
$data merge entity $(bone_left_head_scales) {transformation: [-0.8838f,0.0043f,-0.4679f,0.7016f,-0.2413f,0.8526f,0.4635f,4.4393f,0.4009f,0.5226f,-0.7525f,2.3975f,0f,0f,0f,1f],start_interpolation: 0,interpolation_duration: 1}
$data merge entity $(bone_left_head_scales2) {transformation: [-0.8151f,0.0043f,-0.5792f,0.6989f,-0.2997f,0.8526f,0.4281f,3.5853f,0.4957f,0.5226f,-0.6937f,2.0717f,0f,0f,0f,1f],start_interpolation: 0,interpolation_duration: 1}
$data merge entity $(bone_left_head_scales1) {transformation: [-1f,0.0043f,-0.0069f,0.7011f,0f,0.8526f,0.5226f,4.3436f,0.0081f,0.5226f,-0.8526f,2.3388f,0f,0f,0f,1f],start_interpolation: 0,interpolation_duration: 1}
$data merge entity $(bone_right_head_scales) {transformation: [-0.8902f,0.0043f,0.4556f,-0.646f,0.2413f,0.8526f,0.4635f,4.4393f,-0.3864f,0.5226f,-0.76f,2.4085f,0f,0f,0f,1f],start_interpolation: 0,interpolation_duration: 1}
$data merge entity $(bone_right_head_scales2) {transformation: [-0.8231f,0.0043f,0.5679f,-0.6487f,0.2997f,0.8526f,0.4281f,3.5853f,-0.4823f,0.5226f,-0.7031f,2.0827f,0f,0f,0f,1f],start_interpolation: 0,interpolation_duration: 1}
$data merge entity $(bone_right_head_scales1) {transformation: [-1f,0.0043f,-0.0069f,-0.6465f,0f,0.8526f,0.5226f,4.3436f,0.0081f,0.5226f,-0.8526f,2.3498f,0f,0f,0f,1f],start_interpolation: 0,interpolation_duration: 1}
$data merge entity $(bone_head_left_fin1) {transformation: [-0.7212f,0.0235f,-0.7602f,0.6987f,-0.1435f,1.0246f,0.1679f,4.0285f,0.7469f,0.2196f,-0.7018f,2.047f,0f,0f,0f,1f],start_interpolation: 0,interpolation_duration: 1}
$data merge entity $(bone_head_right_fin1) {transformation: [-0.7333f,-0.0199f,0.7487f,-0.6489f,0.1435f,1.0246f,0.1679f,4.0285f,-0.7351f,0.22f,-0.7141f,2.058f,0f,0f,0f,1f],start_interpolation: 0,interpolation_duration: 1}
$data merge entity $(bone_right_whisker16) {transformation: [0.2585f,0.9165f,-0.3053f,-1.1771f,0.9626f,-0.271f,0.0015f,1.2954f,-0.0813f,-0.2943f,-0.9522f,1.9057f,0f,0f,0f,1f],start_interpolation: 0,interpolation_duration: 1}
$data merge entity $(bone_right_whisker15) {transformation: [-0.8749f,0.3759f,-0.3053f,-0.8823f,0.3943f,0.919f,0.0015f,1.1626f,0.2812f,-0.1191f,-0.9522f,1.8109f,0f,0f,0f,1f],start_interpolation: 0,interpolation_duration: 1}
$data merge entity $(bone_right_whisker14) {transformation: [-0.7105f,-0.6341f,-0.3053f,-0.643f,-0.6662f,0.7458f,0.0015f,1.387f,0.2267f,0.2045f,-0.9522f,1.7345f,0f,0f,0f,1f],start_interpolation: 0,interpolation_duration: 1}
$data merge entity $(bone_right_whisker13) {transformation: [-0.0957f,-0.9924f,-0.0776f,-0.6107f,-0.9763f,0.0784f,0.2018f,1.7159f,-0.1942f,0.095f,-0.9763f,1.8f,0f,0f,0f,1f],start_interpolation: 0,interpolation_duration: 1}
$data merge entity $(bone_right_whisker12) {transformation: [0.0638f,-0.9964f,-0.055f,-0.6394f,-0.9093f,-0.0807f,0.4083f,2.1244f,-0.4113f,0.024f,-0.9112f,1.9847f,0f,0f,0f,1f],start_interpolation: 0,interpolation_duration: 1}
$data merge entity $(bone_right_whisker11) {transformation: [0.2912f,-0.9561f,-0.0333f,-0.7702f,-0.949f,-0.2931f,0.116f,2.5507f,-0.1207f,-0.0022f,-0.9927f,2.039f,0f,0f,0f,1f],start_interpolation: 0,interpolation_duration: 1}
$data merge entity $(bone_right_whisker10) {transformation: [0.0716f,-0.9943f,0.0791f,-0.8024f,-0.9886f,-0.0812f,-0.1268f,2.9948f,0.1325f,-0.0691f,-0.9888f,1.9794f,0f,0f,0f,1f],start_interpolation: 0,interpolation_duration: 1}
$data merge entity $(bone_right_whisker1) {transformation: [-0.3414f,-0.9387f,0.0489f,-0.649f,-0.9294f,0.3449f,0.1316f,3.4123f,-0.1404f,-0.0005f,-0.9901f,2.0425f,0f,0f,0f,1f],start_interpolation: 0,interpolation_duration: 1}
$data merge entity $(bone_left_whisker16) {transformation: [0.2598f,-0.9212f,0.2898f,1.2244f,-0.9626f,-0.271f,0.0015f,1.2954f,0.0771f,-0.2793f,-0.9571f,1.8861f,0f,0f,0f,1f],start_interpolation: 0,interpolation_duration: 1}
$data merge entity $(bone_left_whisker15) {transformation: [-0.8794f,-0.3778f,0.2898f,0.9281f,-0.3943f,0.919f,0.0015f,1.1626f,-0.2669f,-0.1129f,-0.9571f,1.7962f,0f,0f,0f,1f],start_interpolation: 0,interpolation_duration: 1}
$data merge entity $(bone_left_whisker14) {transformation: [-0.7141f,0.6373f,0.2898f,0.6876f,0.6662f,0.7458f,0.0015f,1.387f,-0.2151f,0.1942f,-0.9571f,1.7237f,0f,0f,0f,1f],start_interpolation: 0,interpolation_duration: 1}
$data merge entity $(bone_left_whisker13) {transformation: [-0.0925f,0.9938f,0.0617f,0.6564f,0.9763f,0.0784f,0.2018f,1.7159f,0.1957f,0.0789f,-0.9775f,1.7896f,0f,0f,0f,1f],start_interpolation: 0,interpolation_duration: 1}
$data merge entity $(bone_left_whisker12) {transformation: [0.0705f,0.9967f,0.0402f,0.6881f,0.9093f,-0.0807f,0.4083f,2.1244f,0.4102f,0.0077f,-0.912f,1.9739f,0f,0f,0f,1f],start_interpolation: 0,interpolation_duration: 1}
$data merge entity $(bone_left_whisker11) {transformation: [0.2931f,0.9559f,0.0171f,0.8197f,0.949f,-0.2931f,0.116f,2.5507f,0.1159f,-0.0178f,-0.9931f,2.026f,0f,0f,0f,1f],start_interpolation: 0,interpolation_duration: 1}
$data merge entity $(bone_left_whisker10) {transformation: [0.0694f,0.993f,-0.0952f,0.8509f,0.9886f,-0.0812f,-0.1268f,2.9948f,-0.1337f,-0.0853f,-0.9873f,1.966f,0f,0f,0f,1f],start_interpolation: 0,interpolation_duration: 1}
$data merge entity $(bone_left_whisker1) {transformation: [-0.339f,0.9385f,-0.065f,0.6986f,0.9294f,0.3449f,0.1316f,3.4123f,0.146f,-0.0158f,-0.9892f,2.0315f,0f,0f,0f,1f],start_interpolation: 0,interpolation_duration: 1}
$data merge entity $(bone_upper_left_tooth1) {transformation: [-1f,0.0036f,-0.0073f,0.3419f,0f,0.8949f,0.4463f,3.2988f,0.0081f,0.4463f,-0.8949f,3.046f,0f,0f,0f,1f],start_interpolation: 0,interpolation_duration: 1}
$data merge entity $(bone_upper_right_tooth1) {transformation: [-1f,0.0036f,-0.0073f,-0.3319f,0f,0.8949f,0.4463f,3.2988f,0.0081f,0.4463f,-0.8949f,3.0515f,0f,0f,0f,1f],start_interpolation: 0,interpolation_duration: 1}
$data merge entity $(bone_top_lip1) {transformation: [-1f,0.0003f,-0.0081f,0.0335f,0f,0.9995f,0.0328f,3.4094f,0.0081f,0.0328f,-0.9994f,3.1037f,0f,0f,0f,1f],start_interpolation: 0,interpolation_duration: 1}
$data merge entity $(bone_muzzle1) {transformation: [-1f,0.0036f,-0.0073f,0.03f,0f,0.8949f,0.4463f,3.8107f,0.0081f,0.4463f,-0.8949f,2.6764f,0f,0f,0f,1f],start_interpolation: 0,interpolation_duration: 1}
$data merge entity $(bone_jaw_right_tooth1) {transformation: [-1f,-0.0012f,-0.0081f,-0.332f,0f,0.9898f,-0.1421f,3.1877f,0.0081f,-0.1421f,-0.9898f,3.044f,0f,0f,0f,1f],start_interpolation: 0,interpolation_duration: 1}
$data merge entity $(bone_jaw_left_tooth1) {transformation: [-1f,-0.0012f,-0.0081f,0.398f,0f,0.9898f,-0.1421f,3.1877f,0.0081f,-0.1421f,-0.9898f,3.038f,0f,0f,0f,1f],start_interpolation: 0,interpolation_duration: 1}
$data merge entity $(bone_tongue1) {transformation: [-1f,0.0019f,-0.0079f,0.0265f,0f,0.9736f,0.2284f,3.3597f,0.0081f,0.2284f,-0.9735f,2.2469f,0f,0f,0f,1f],start_interpolation: 0,interpolation_duration: 1}
$data merge entity $(bone_jaw_lips1) {transformation: [-1f,0.0019f,-0.0079f,0.0895f,0f,0.9736f,0.2284f,3.0288f,0.0081f,0.2284f,-0.9735f,3.0917f,0f,0f,0f,1f],start_interpolation: 0,interpolation_duration: 1}
$data merge entity $(bone_jaw3) {transformation: [-1f,0.0003f,-0.0081f,0.0822f,0f,0.9995f,0.0319f,2.9733f,0.0081f,0.0319f,-0.9995f,2.191f,0f,0f,0f,1f],start_interpolation: 0,interpolation_duration: 1}
$data merge entity $(bone_jaw1) {transformation: [-1f,0.0059f,-0.0056f,0.0772f,0f,0.6842f,0.7293f,3.6285f,0.0081f,0.7293f,-0.6842f,1.5763f,0f,0f,0f,1f],start_interpolation: 0,interpolation_duration: 1}
$data merge entity $(bone_tear_right1) {transformation: [-1f,0.0043f,-0.0069f,-0.5766f,0f,0.8526f,0.5226f,3.8938f,0.0081f,0.5226f,-0.8526f,2.6532f,0f,0f,0f,1f],start_interpolation: 0,interpolation_duration: 1}
$data merge entity $(bone_right_pupil1) {transformation: [-1f,0.0043f,-0.0069f,-0.3904f,0f,0.8526f,0.5226f,3.9544f,0.0081f,0.5226f,-0.8526f,2.7678f,0f,0f,0f,1f],start_interpolation: 0,interpolation_duration: 1}
$data merge entity $(bone_right_sad_pupil1) {transformation: [-1f,0.0043f,-0.0069f,-0.3905f,0f,0.8526f,0.5226f,3.9602f,0.0081f,0.5226f,-0.8526f,2.7582f,0f,0f,0f,1f],start_interpolation: 0,interpolation_duration: 1}
$data merge entity $(bone_right_happy_pupil1) {transformation: [-1f,0.0043f,-0.0069f,-0.4187f,0f,0.8526f,0.5226f,3.9363f,0.0081f,0.5226f,-0.8526f,2.7438f,0f,0f,0f,1f],start_interpolation: 0,interpolation_duration: 1}
$data merge entity $(bone_eyelid_right1) {transformation: [-1f,0.0043f,-0.0069f,0.0377f,0f,0.8526f,0.5226f,4.2058f,0.0081f,0.5226f,-0.8526f,2.2466f,0f,0f,0f,1f],start_interpolation: 0,interpolation_duration: 1}
$data merge entity $(bone_eyelid_expressions_right5) {transformation: [-1f,0.0043f,-0.0069f,-0.5191f,0f,0.8526f,0.5226f,4.056f,0.0081f,0.5226f,-0.8526f,2.818f,0f,0f,0f,1f],start_interpolation: 0,interpolation_duration: 1}
$data merge entity $(bone_eyelid_expressions_right7) {transformation: [-1f,0.0043f,-0.0069f,-0.1822f,0f,0.8526f,0.5226f,4.056f,0.0081f,0.5226f,-0.8526f,2.8152f,0f,0f,0f,1f],start_interpolation: 0,interpolation_duration: 1}
$data merge entity $(bone_eyelid_expressions_right6) {transformation: [-1f,0.0043f,-0.0069f,-0.2945f,0f,0.8526f,0.5226f,4.056f,0.0081f,0.5226f,-0.8526f,2.8162f,0f,0f,0f,1f],start_interpolation: 0,interpolation_duration: 1}
$data merge entity $(bone_right_eye1) {transformation: [-1f,0.0043f,-0.0069f,0.0266f,0f,0.8526f,0.5226f,4.1999f,0.0081f,0.5226f,-0.8526f,2.2563f,0f,0f,0f,1f],start_interpolation: 0,interpolation_duration: 1}
$data merge entity $(bone_tear_left1) {transformation: [-1f,0.0043f,-0.0069f,0.6362f,0f,0.8526f,0.5226f,3.8938f,0.0081f,0.5226f,-0.8526f,2.6433f,0f,0f,0f,1f],start_interpolation: 0,interpolation_duration: 1}
$data merge entity $(bone_left_sad_pupil1) {transformation: [-1f,0.0043f,-0.0069f,0.4518f,0f,0.8526f,0.5226f,3.9602f,0.0081f,0.5226f,-0.8526f,2.7514f,0f,0f,0f,1f],start_interpolation: 0,interpolation_duration: 1}
$data merge entity $(bone_left_pupil1) {transformation: [-1f,0.0043f,-0.0069f,0.4519f,0f,0.8526f,0.5226f,3.9544f,0.0081f,0.5226f,-0.8526f,2.761f,0f,0f,0f,1f],start_interpolation: 0,interpolation_duration: 1}
$data merge entity $(bone_eyelid_left1) {transformation: [-1f,0.0043f,-0.0069f,0.0153f,0f,0.8526f,0.5226f,4.2058f,0.0081f,0.5226f,-0.8526f,2.2468f,0f,0f,0f,1f],start_interpolation: 0,interpolation_duration: 1}
$data merge entity $(bone_left_happy_pupil1) {transformation: [-1f,0.0043f,-0.0069f,0.4797f,0f,0.8526f,0.5226f,3.9363f,0.0081f,0.5226f,-0.8526f,2.7365f,0f,0f,0f,1f],start_interpolation: 0,interpolation_duration: 1}
$data merge entity $(bone_eyelid_expressions_left5) {transformation: [-1f,0.0043f,-0.0069f,0.5814f,0f,0.8526f,0.5226f,4.056f,0.0081f,0.5226f,-0.8526f,2.809f,0f,0f,0f,1f],start_interpolation: 0,interpolation_duration: 1}
$data merge entity $(bone_eyelid_expressions_left7) {transformation: [-1f,0.0043f,-0.0069f,0.2445f,0f,0.8526f,0.5226f,4.056f,0.0081f,0.5226f,-0.8526f,2.8118f,0f,0f,0f,1f],start_interpolation: 0,interpolation_duration: 1}
$data merge entity $(bone_eyelid_expressions_left6) {transformation: [-1f,0.0043f,-0.0069f,0.3568f,0f,0.8526f,0.5226f,4.056f,0.0081f,0.5226f,-0.8526f,2.8108f,0f,0f,0f,1f],start_interpolation: 0,interpolation_duration: 1}
$data merge entity $(bone_left_eye1) {transformation: [-1f,0.0043f,-0.0069f,0.0266f,0f,0.8526f,0.5226f,4.1999f,0.0081f,0.5226f,-0.8526f,2.2563f,0f,0f,0f,1f],start_interpolation: 0,interpolation_duration: 1}
$data merge entity $(bone_crest_middle5) {transformation: [-1f,0.0027f,-0.0077f,0.0358f,0f,0.9455f,0.3256f,5.1322f,0.0081f,0.3256f,-0.9455f,3.3869f,0f,0f,0f,1f],start_interpolation: 0,interpolation_duration: 1}
$data merge entity $(bone_crest_middle4) {transformation: [-1f,0.0027f,-0.0077f,0.034f,0f,0.9455f,0.3256f,4.4951f,0.0081f,0.3256f,-0.9455f,3.1675f,0f,0f,0f,1f],start_interpolation: 0,interpolation_duration: 1}
$data merge entity $(bone_crest_middle1) {transformation: [-1f,0.0027f,-0.0077f,0.0333f,0f,0.9455f,0.3256f,3.9899f,0.0081f,0.3256f,-0.9455f,3.0825f,0f,0f,0f,1f],start_interpolation: 0,interpolation_duration: 1}
$data merge entity $(bone_crest_left5) {transformation: [-0.5409f,-0.8348f,0.1029f,-1.0707f,-0.7191f,0.5224f,0.4583f,4.5338f,-0.4363f,0.1739f,-0.8828f,3.145f,0f,0f,0f,1f],start_interpolation: 0,interpolation_duration: 1}
$data merge entity $(bone_crest_left4) {transformation: [-0.5409f,-0.8348f,0.1029f,-0.602f,-0.7191f,0.5224f,0.4583f,4.2405f,-0.4363f,0.1739f,-0.8828f,3.0474f,0f,0f,0f,1f],start_interpolation: 0,interpolation_duration: 1}
$data merge entity $(bone_crest_left1) {transformation: [-0.5409f,-0.8348f,0.1029f,-0.0806f,-0.7191f,0.5224f,0.4583f,3.9436f,-0.4363f,0.1739f,-0.8828f,2.8904f,0f,0f,0f,1f],start_interpolation: 0,interpolation_duration: 1}
$data merge entity $(bone_crest_center1) {transformation: [-1f,0.0043f,-0.0069f,0.0316f,0f,0.8526f,0.5226f,3.9196f,0.0081f,0.5226f,-0.8526f,2.8748f,0f,0f,0f,1f],start_interpolation: 0,interpolation_duration: 1}
$data merge entity $(bone_crest_right5) {transformation: [-0.5337f,0.8375f,-0.1173f,1.1382f,0.7191f,0.5224f,0.4583f,4.5338f,0.4451f,0.1603f,-0.881f,3.127f,0f,0f,0f,1f],start_interpolation: 0,interpolation_duration: 1}
$data merge entity $(bone_crest_right4) {transformation: [-0.5337f,0.8375f,-0.1173f,0.6679f,0.7191f,0.5224f,0.4583f,4.2405f,0.4451f,0.1603f,-0.881f,3.037f,0f,0f,0f,1f],start_interpolation: 0,interpolation_duration: 1}
$data merge entity $(bone_crest_right1) {transformation: [-0.5337f,0.8375f,-0.1173f,0.144f,0.7191f,0.5224f,0.4583f,3.9436f,0.4451f,0.1603f,-0.881f,2.8886f,0f,0f,0f,1f],start_interpolation: 0,interpolation_duration: 1}
$data merge entity $(bone_head1) {transformation: [-1.0481f,0.0045f,-0.0073f,0.0221f,0f,0.8937f,0.5477f,4.4748f,0.0085f,0.5477f,-0.8936f,1.7004f,0f,0f,0f,1f],start_interpolation: 0,interpolation_duration: 1}
$data merge entity $(bone_neck10) {transformation: [-1.4973f,0.0059f,-0.0107f,0.0127f,0f,1.3122f,0.7214f,4.5951f,0.0122f,0.7213f,-1.3121f,0.5491f,0f,0f,0f,1f],start_interpolation: 0,interpolation_duration: 1}
$data merge entity $(bone_neck9) {transformation: [-1.1455f,0.0049f,-0.008f,0.0068f,0f,0.9767f,0.5986f,3.321f,0.0093f,0.5986f,-0.9766f,-0.166f,0f,0f,0f,1f],start_interpolation: 0,interpolation_duration: 1}
$data merge entity $(bone_neck8) {transformation: [-1.0631f,-0.0017f,-0.0085f,0.0083f,0f,1.0436f,-0.2028f,2.5487f,0.0087f,-0.2028f,-1.0436f,0.0182f,0f,0f,0f,1f],start_interpolation: 0,interpolation_duration: 1}
$data merge entity $(bone_neck7) {transformation: [-1.0556f,-0.0038f,-0.0077f,0.012f,0f,0.9441f,-0.4723f,1.7045f,0.0086f,-0.4723f,-0.9441f,0.4654f,0f,0f,0f,1f],start_interpolation: 0,interpolation_duration: 1}
$data merge entity $(bone_neck6) {transformation: [-1.0496f,-0.0024f,-0.0082f,0.014f,0f,1.0085f,-0.2913f,0.8109f,0.0086f,-0.2913f,-1.0084f,0.7142f,0f,0f,0f,1f],start_interpolation: 0,interpolation_duration: 1}
$data merge entity $(bone_neck_spine6) {transformation: [-1.2683f,0.0777f,0.0732f,-0.0671f,0.0538f,-0.2885f,1.2385f,0.4785f,0.0922f,1.2372f,0.2842f,-1.9301f,0f,0f,0f,1f],start_interpolation: 0,interpolation_duration: 1}
$data merge entity $(bone_neck_spine7) {transformation: [-0.9979f,0.0078f,0.0645f,-0.2023f,0.0628f,0.3693f,0.9272f,0.8883f,-0.0166f,0.9293f,-0.3691f,-5.6723f,0f,0f,0f,1f],start_interpolation: 0,interpolation_duration: 1}
$data merge entity $(bone_tail6) {transformation: [-1.5687f,-0.6595f,-0.2634f,0.8175f,-0.674f,1.1814f,1.0561f,-1.3792f,-0.2238f,1.0652f,-1.3344f,-8.6817f,0f,0f,0f,1f],start_interpolation: 0,interpolation_duration: 1}
$data merge entity $(bone_tail5) {transformation: [-1.2959f,-0.5448f,-0.2176f,0.4734f,-0.5568f,0.9759f,0.8724f,-0.7629f,-0.1849f,0.8799f,-1.1023f,-8.1259f,0f,0f,0f,1f],start_interpolation: 0,interpolation_duration: 1}
$data merge entity $(bone_tail4) {transformation: [-0.9549f,-0.4015f,-0.1603f,0.3013f,-0.4103f,0.7191f,0.6429f,-0.4547f,-0.1362f,0.6484f,-0.8122f,-7.848f,0f,0f,0f,1f],start_interpolation: 0,interpolation_duration: 1}
$data merge entity $(bone_segment18) {transformation: [-0.911f,-0.3669f,-0.1883f,0.0953f,-0.3914f,0.6252f,0.6752f,-0.1036f,-0.13f,0.6888f,-0.7132f,-7.4612f,0f,0f,0f,1f],start_interpolation: 0,interpolation_duration: 1}
$data merge entity $(bone_segment17) {transformation: [-0.9527f,-0.2827f,0.112f,-0.1111f,0.0019f,0.3631f,0.9318f,0.1614f,-0.3041f,0.8879f,-0.3453f,-6.8131f,0f,0f,0f,1f],start_interpolation: 0,interpolation_duration: 1}
$data merge entity $(bone_segment16) {transformation: [-0.989f,-0.1232f,0.0823f,-0.2286f,0.0478f,0.2607f,0.9642f,0.4102f,-0.1402f,0.9575f,-0.2519f,-5.8991f,0f,0f,0f,1f],start_interpolation: 0,interpolation_duration: 1}
$data merge entity $(bone_segment15) {transformation: [-0.9979f,-0.0091f,0.0643f,-0.2394f,0.0628f,0.1168f,0.9912f,0.548f,-0.0166f,0.9931f,-0.116f,-4.728f,0f,0f,0f,1f],start_interpolation: 0,interpolation_duration: 1}
$data merge entity $(bone_segment14) {transformation: [-1.0455f,0.0428f,0.0622f,-0.1912f,0.0544f,-0.172f,1.0325f,0.3545f,0.0524f,1.0331f,0.1693f,-3.5658f,0f,0f,0f,1f],start_interpolation: 0,interpolation_duration: 1}
$data merge entity $(bone_segment13) {transformation: [-1.0221f,0.0514f,0.069f,-0.1312f,0.0434f,-0.4023f,0.9425f,-0.1558f,0.0743f,0.9421f,0.3987f,-2.442f,0f,0f,0f,1f],start_interpolation: 0,interpolation_duration: 1}
$data merge entity $(bone_segment12) {transformation: [-1.1123f,0.065f,0.0546f,-0.0527f,0.0482f,-0.1065f,1.1094f,-0.2844f,0.0699f,1.1086f,0.1033f,-1.1028f,0f,0f,0f,1f],start_interpolation: 0,interpolation_duration: 1}
$data merge entity $(bone_segment11) {transformation: [-1.1895f,0.0445f,0.0132f,0.0033f,0.0315f,0.5267f,1.0671f,0.3242f,0.0341f,1.0666f,-0.5275f,0.1298f,0f,0f,0f,1f],start_interpolation: 0,interpolation_duration: 1}
$data merge entity $(bone_segment10) {transformation: [-1.0481f,0.0052f,-0.0068f,0.0146f,0f,0.829f,0.6414f,1.1729f,0.0085f,0.6414f,-0.829f,0.7863f,0f,0f,0f,1f],start_interpolation: 0,interpolation_duration: 1}
data modify entity @s data merge value {"cameras":{},"locators":{"mouth":{"posx":0.0387891128232025,"posy":3.0895551689494694,"posz":3.753835669923057,"roty":179.5331092722882,"rotx":58.49505051585753}}}