# This file was generated by Animated Java via MC-Build. It is not recommended to edit this file directly.
$data merge entity $(bone_neck_spine5) {transformation: [-1.5718f,-0.0125f,0.0367f,0.1282f,0f,1.489f,0.5047f,4.3678f,-0.0388f,0.5046f,-1.4886f,-0.3398f,0f,0f,0f,1f],start_interpolation: 0,interpolation_duration: 1}
$data merge entity $(bone_neck_spine2) {transformation: [-1.4969f,-0.0127f,0.0347f,-0.0344f,0f,1.4069f,0.5126f,5.3685f,-0.037f,0.5125f,-1.4065f,1.694f,0f,0f,0f,1f],start_interpolation: 0,interpolation_duration: 1}
$data merge entity $(bone_scale_neck_left1) {transformation: [-1.5954f,0.3906f,0.1235f,0.7599f,0.3781f,1.2128f,1.0484f,4.5328f,0.1576f,1.0438f,-1.2644f,1.3731f,0f,0f,0f,1f],start_interpolation: 0,interpolation_duration: 1}
$data merge entity $(bone_scale_neck_right1) {transformation: [-1.5857f,-0.4416f,-0.061f,-0.8119f,-0.3781f,1.2128f,1.0484f,4.5328f,-0.2362f,1.0233f,-1.2689f,1.3342f,0f,0f,0f,1f],start_interpolation: 0,interpolation_duration: 1}
$data merge entity $(bone_blush_right1) {transformation: [-0.9997f,-0.0137f,0.0205f,-0.7155f,0f,0.8317f,0.5552f,3.6493f,-0.0247f,0.555f,-0.8315f,2.4366f,0f,0f,0f,1f],start_interpolation: 0,interpolation_duration: 1}
$data merge entity $(bone_blush_left1) {transformation: [-0.9997f,-0.0137f,0.0205f,0.6093f,0f,0.8317f,0.5552f,3.6493f,-0.0247f,0.555f,-0.8315f,2.4694f,0f,0f,0f,1f],start_interpolation: 0,interpolation_duration: 1}
$data merge entity $(bone_left_head_scales) {transformation: [-0.8962f,-0.0137f,-0.4434f,0.6186f,-0.2564f,0.8317f,0.4925f,4.4747f,0.362f,0.555f,-0.7489f,2.548f,0f,0f,0f,1f],start_interpolation: 0,interpolation_duration: 1}
$data merge entity $(bone_left_head_scales2) {transformation: [-0.8307f,-0.0137f,-0.5566f,0.6274f,-0.3185f,0.8317f,0.4548f,3.6339f,0.4567f,0.555f,-0.6952f,2.1894f,0f,0f,0f,1f],start_interpolation: 0,interpolation_duration: 1}
$data merge entity $(bone_left_head_scales1) {transformation: [-0.9997f,-0.0137f,0.0205f,0.6201f,0f,0.8317f,0.5552f,4.3813f,-0.0247f,0.555f,-0.8315f,2.4856f,0f,0f,0f,1f],start_interpolation: 0,interpolation_duration: 1}
$data merge entity $(bone_right_head_scales) {transformation: [-0.8773f,-0.0137f,0.4798f,-0.7287f,0.2564f,0.8317f,0.4925f,4.4747f,-0.4058f,0.555f,-0.7261f,2.5147f,0f,0f,0f,1f],start_interpolation: 0,interpolation_duration: 1}
$data merge entity $(bone_right_head_scales2) {transformation: [-0.8071f,-0.0137f,0.5902f,-0.7198f,0.3185f,0.8317f,0.4548f,3.6339f,-0.4971f,0.555f,-0.6669f,2.1561f,0f,0f,0f,1f],start_interpolation: 0,interpolation_duration: 1}
$data merge entity $(bone_right_head_scales1) {transformation: [-0.9997f,-0.0137f,0.0205f,-0.7271f,0f,0.8317f,0.5552f,4.3813f,-0.0247f,0.555f,-0.8315f,2.4524f,0f,0f,0f,1f],start_interpolation: 0,interpolation_duration: 1}
$data merge entity $(bone_head_left_fin1) {transformation: [-0.7452f,0.0153f,-0.7369f,0.6276f,-0.1721f,1.0154f,0.1952f,4.0778f,0.7167f,0.2598f,-0.7194f,2.1819f,0f,0f,0f,1f],start_interpolation: 0,interpolation_duration: 1}
$data merge entity $(bone_head_right_fin1) {transformation: [-0.7089f,-0.0281f,0.7715f,-0.7196f,0.1721f,1.0154f,0.1952f,4.0778f,-0.7526f,0.2587f,-0.6821f,2.1486f,0f,0f,0f,1f],start_interpolation: 0,interpolation_duration: 1}
$data merge entity $(bone_right_whisker16) {transformation: [0.2601f,0.9259f,-0.2739f,-1.24f,0.9649f,-0.2597f,0.0385f,1.3528f,-0.0355f,-0.2744f,-0.961f,1.8733f,0f,0f,0f,1f],start_interpolation: 0,interpolation_duration: 1}
$data merge entity $(bone_right_whisker15) {transformation: [-0.884f,0.3787f,-0.2739f,-0.9421f,0.3834f,0.9228f,0.0385f,1.2236f,0.2674f,-0.071f,-0.961f,1.7833f,0f,0f,0f,1f],start_interpolation: 0,interpolation_duration: 1}
$data merge entity $(bone_right_whisker14) {transformation: [-0.7169f,-0.6411f,-0.2739f,-0.7006f,-0.6743f,0.7375f,0.0385f,1.4508f,0.1773f,0.2123f,-0.961f,1.7235f,0f,0f,0f,1f],start_interpolation: 0,interpolation_duration: 1}
$data merge entity $(bone_right_whisker13) {transformation: [-0.0883f,-0.995f,-0.0457f,-0.6708f,-0.968f,0.0749f,0.2395f,1.7769f,-0.2349f,0.0654f,-0.9698f,1.8026f,0f,0f,0f,1f],start_interpolation: 0,interpolation_duration: 1}
$data merge entity $(bone_right_whisker12) {transformation: [0.0781f,-0.9966f,-0.0255f,-0.7059f,-0.8927f,-0.0813f,0.4433f,2.1779f,-0.4439f,-0.0119f,-0.896f,2.0021f,0f,0f,0f,1f],start_interpolation: 0,interpolation_duration: 1}
$data merge entity $(bone_right_whisker11) {transformation: [0.2959f,-0.9552f,-0.0008f,-0.8389f,-0.9437f,-0.2925f,0.1544f,2.6019f,-0.1477f,-0.0449f,-0.988f,2.0684f,0f,0f,0f,1f],start_interpolation: 0,interpolation_duration: 1}
$data merge entity $(bone_right_whisker10) {transformation: [0.0681f,-0.9914f,0.1116f,-0.8695f,-0.993f,-0.0782f,-0.0884f,3.048f,0.0964f,-0.1048f,-0.9898f,2.0251f,0f,0f,0f,1f],start_interpolation: 0,interpolation_duration: 1}
$data merge entity $(bone_right_whisker1) {transformation: [-0.3357f,-0.9385f,0.0812f,-0.7187f,-0.9231f,0.3449f,0.1699f,3.4626f,-0.1874f,-0.018f,-0.9821f,2.1093f,0f,0f,0f,1f],start_interpolation: 0,interpolation_duration: 1}
$data merge entity $(bone_left_whisker16) {transformation: [0.2581f,-0.9112f,0.321f,1.1609f,-0.9649f,-0.2597f,0.0385f,1.3528f,0.0483f,-0.3197f,-0.9463f,1.9326f,0f,0f,0f,1f],start_interpolation: 0,interpolation_duration: 1}
$data merge entity $(bone_left_whisker15) {transformation: [-0.8698f,-0.3748f,0.321f,0.8679f,-0.3834f,0.9228f,0.0385f,1.2236f,-0.3107f,-0.0896f,-0.9463f,1.8279f,0f,0f,0f,1f],start_interpolation: 0,interpolation_duration: 1}
$data merge entity $(bone_left_whisker14) {transformation: [-0.7072f,0.6299f,0.321f,0.6296f,0.6743f,0.7375f,0.0385f,1.4508f,-0.2125f,0.2437f,-0.9463f,1.7564f,0f,0f,0f,1f],start_interpolation: 0,interpolation_duration: 1}
$data merge entity $(bone_left_whisker13) {transformation: [-0.0998f,0.9906f,0.0935f,0.596f,0.968f,0.0749f,0.2395f,1.7769f,0.2302f,0.1144f,-0.9664f,1.8339f,0f,0f,0f,1f],start_interpolation: 0,interpolation_duration: 1}
$data merge entity $(bone_left_whisker12) {transformation: [0.0561f,0.996f,0.0697f,0.6212f,0.8927f,-0.0813f,0.4433f,2.1779f,0.4472f,0.0373f,-0.8936f,2.0348f,0f,0f,0f,1f],start_interpolation: 0,interpolation_duration: 1}
$data merge entity $(bone_left_whisker11) {transformation: [0.2883f,0.9563f,0.0496f,0.7507f,0.9437f,-0.2925f,0.1544f,2.6019f,0.1621f,0.0023f,-0.9868f,2.1077f,0f,0f,0f,1f],start_interpolation: 0,interpolation_duration: 1}
$data merge entity $(bone_left_whisker10) {transformation: [0.0728f,0.9954f,-0.0626f,0.7834f,0.993f,-0.0782f,-0.0884f,3.048f,-0.0929f,-0.0558f,-0.9941f,2.0659f,0f,0f,0f,1f],start_interpolation: 0,interpolation_duration: 1}
$data merge entity $(bone_left_whisker1) {transformation: [-0.3445f,0.9382f,-0.0327f,0.6286f,0.9231f,0.3449f,0.1699f,3.4626f,0.1706f,0.0284f,-0.9849f,2.1426f,0f,0f,0f,1f],start_interpolation: 0,interpolation_duration: 1}
$data merge entity $(bone_upper_left_tooth1) {transformation: [-0.9997f,-0.0119f,0.0216f,0.2389f,0f,0.8769f,0.4806f,3.3101f,-0.0247f,0.4805f,-0.8767f,3.1397f,0f,0f,0f,1f],start_interpolation: 0,interpolation_duration: 1}
$data merge entity $(bone_upper_right_tooth1) {transformation: [-0.9997f,-0.0119f,0.0216f,-0.4348f,0f,0.8769f,0.4806f,3.3101f,-0.0247f,0.4805f,-0.8767f,3.123f,0f,0f,0f,1f],start_interpolation: 0,interpolation_duration: 1}
$data merge entity $(bone_top_lip1) {transformation: [-0.9997f,-0.0009f,0.0247f,-0.0713f,0f,0.9994f,0.0349f,3.4184f,-0.0247f,0.0349f,-0.9991f,3.1914f,0f,0f,0f,1f],start_interpolation: 0,interpolation_duration: 1}
$data merge entity $(bone_muzzle1) {transformation: [-0.9997f,-0.0119f,0.0216f,-0.0612f,0f,0.8769f,0.4806f,3.836f,-0.0247f,0.4805f,-0.8767f,2.7801f,0f,0f,0f,1f],start_interpolation: 0,interpolation_duration: 1}
$data merge entity $(bone_jaw_right_tooth1) {transformation: [-0.9997f,0.0029f,0.0245f,-0.4346f,0f,0.9932f,-0.1162f,3.2176f,-0.0247f,-0.1162f,-0.9929f,3.1174f,0f,0f,0f,1f],start_interpolation: 0,interpolation_duration: 1}
$data merge entity $(bone_jaw_left_tooth1) {transformation: [-0.9997f,0.0029f,0.0245f,0.2951f,0f,0.9932f,-0.1162f,3.2176f,-0.0247f,-0.1162f,-0.9929f,3.1354f,0f,0f,0f,1f],start_interpolation: 0,interpolation_duration: 1}
$data merge entity $(bone_tongue1) {transformation: [-0.9997f,-0.0058f,0.024f,-0.0501f,0f,0.9724f,0.2334f,3.3927f,-0.0247f,0.2333f,-0.9721f,2.3301f,0f,0f,0f,1f],start_interpolation: 0,interpolation_duration: 1}
$data merge entity $(bone_jaw_lips1) {transformation: [-0.9997f,-0.0058f,0.024f,-0.0148f,0f,0.9724f,0.2334f,3.0574f,-0.0247f,0.2333f,-0.9721f,3.1747f,0f,0f,0f,1f],start_interpolation: 0,interpolation_duration: 1}
$data merge entity $(bone_jaw3) {transformation: [-0.9997f,-0.0014f,0.0246f,0.0075f,0f,0.9983f,0.058f,3.0254f,-0.0247f,0.058f,-0.998f,2.2731f,0f,0f,0f,1f],start_interpolation: 0,interpolation_duration: 1}
$data merge entity $(bone_jaw1) {transformation: [-0.9997f,-0.0184f,0.0164f,0.0222f,0f,0.6649f,0.747f,3.6965f,-0.0247f,0.7467f,-0.6647f,1.676f,0f,0f,0f,1f],start_interpolation: 0,interpolation_duration: 1}
$data merge entity $(bone_tear_right1) {transformation: [-0.9997f,-0.0137f,0.0205f,-0.6668f,0f,0.8317f,0.5552f,3.9201f,-0.0247f,0.555f,-0.8315f,2.7402f,0f,0f,0f,1f],start_interpolation: 0,interpolation_duration: 1}
$data merge entity $(bone_right_pupil1) {transformation: [-0.9997f,-0.0137f,0.0205f,-0.4845f,0f,0.8317f,0.5552f,3.9761f,-0.0247f,0.555f,-0.8315f,2.8632f,0f,0f,0f,1f],start_interpolation: 0,interpolation_duration: 1}
$data merge entity $(bone_right_sad_pupil1) {transformation: [-0.9997f,-0.0137f,0.0205f,-0.4843f,0f,0.8317f,0.5552f,3.9824f,-0.0247f,0.555f,-0.8315f,2.8538f,0f,0f,0f,1f],start_interpolation: 0,interpolation_duration: 1}
$data merge entity $(bone_right_happy_pupil1) {transformation: [-0.9997f,-0.0137f,0.0205f,-0.512f,0f,0.8317f,0.5552f,3.959f,-0.0247f,0.555f,-0.8315f,2.8376f,0f,0f,0f,1f],start_interpolation: 0,interpolation_duration: 1}
$data merge entity $(bone_eyelid_right1) {transformation: [-0.9997f,-0.0137f,0.0205f,-0.0397f,0f,0.8317f,0.5552f,4.2474f,-0.0247f,0.555f,-0.8315f,2.3665f,0f,0f,0f,1f],start_interpolation: 0,interpolation_duration: 1}
$data merge entity $(bone_eyelid_expressions_right5) {transformation: [-0.9997f,-0.0137f,0.0205f,-0.6149f,0f,0.8317f,0.5552f,4.0758f,-0.0247f,0.555f,-0.8315f,2.913f,0f,0f,0f,1f],start_interpolation: 0,interpolation_duration: 1}
$data merge entity $(bone_eyelid_expressions_right7) {transformation: [-0.9997f,-0.0137f,0.0205f,-0.2781f,0f,0.8317f,0.5552f,4.0758f,-0.0247f,0.555f,-0.8315f,2.9213f,0f,0f,0f,1f],start_interpolation: 0,interpolation_duration: 1}
$data merge entity $(bone_eyelid_expressions_right6) {transformation: [-0.9997f,-0.0137f,0.0205f,-0.3904f,0f,0.8317f,0.5552f,4.0758f,-0.0247f,0.555f,-0.8315f,2.9185f,0f,0f,0f,1f],start_interpolation: 0,interpolation_duration: 1}
$data merge entity $(bone_right_eye1) {transformation: [-0.9997f,-0.0137f,0.0205f,-0.0512f,0f,0.8317f,0.5552f,4.2412f,-0.0247f,0.555f,-0.8315f,2.3755f,0f,0f,0f,1f],start_interpolation: 0,interpolation_duration: 1}
$data merge entity $(bone_tear_left1) {transformation: [-0.9997f,-0.0137f,0.0205f,0.5457f,0f,0.8317f,0.5552f,3.9201f,-0.0247f,0.555f,-0.8315f,2.7702f,0f,0f,0f,1f],start_interpolation: 0,interpolation_duration: 1}
$data merge entity $(bone_left_sad_pupil1) {transformation: [-0.9997f,-0.0137f,0.0205f,0.3577f,0f,0.8317f,0.5552f,3.9824f,-0.0247f,0.555f,-0.8315f,2.8746f,0f,0f,0f,1f],start_interpolation: 0,interpolation_duration: 1}
$data merge entity $(bone_left_pupil1) {transformation: [-0.9997f,-0.0137f,0.0205f,0.3575f,0f,0.8317f,0.5552f,3.9761f,-0.0247f,0.555f,-0.8315f,2.884f,0f,0f,0f,1f],start_interpolation: 0,interpolation_duration: 1}
$data merge entity $(bone_eyelid_left1) {transformation: [-0.9997f,-0.0137f,0.0205f,-0.0622f,0f,0.8317f,0.5552f,4.2474f,-0.0247f,0.555f,-0.8315f,2.3659f,0f,0f,0f,1f],start_interpolation: 0,interpolation_duration: 1}
$data merge entity $(bone_left_happy_pupil1) {transformation: [-0.9997f,-0.0137f,0.0205f,0.3862f,0f,0.8317f,0.5552f,3.959f,-0.0247f,0.555f,-0.8315f,2.8597f,0f,0f,0f,1f],start_interpolation: 0,interpolation_duration: 1}
$data merge entity $(bone_eyelid_expressions_left5) {transformation: [-0.9997f,-0.0137f,0.0205f,0.4853f,0f,0.8317f,0.5552f,4.0758f,-0.0247f,0.555f,-0.8315f,2.9401f,0f,0f,0f,1f],start_interpolation: 0,interpolation_duration: 1}
$data merge entity $(bone_eyelid_expressions_left7) {transformation: [-0.9997f,-0.0137f,0.0205f,0.1485f,0f,0.8317f,0.5552f,4.0758f,-0.0247f,0.555f,-0.8315f,2.9318f,0f,0f,0f,1f],start_interpolation: 0,interpolation_duration: 1}
$data merge entity $(bone_eyelid_expressions_left6) {transformation: [-0.9997f,-0.0137f,0.0205f,0.2608f,0f,0.8317f,0.5552f,4.0758f,-0.0247f,0.555f,-0.8315f,2.9346f,0f,0f,0f,1f],start_interpolation: 0,interpolation_duration: 1}
$data merge entity $(bone_left_eye1) {transformation: [-0.9997f,-0.0137f,0.0205f,-0.0512f,0f,0.8317f,0.5552f,4.2412f,-0.0247f,0.555f,-0.8315f,2.3755f,0f,0f,0f,1f],start_interpolation: 0,interpolation_duration: 1}
$data merge entity $(bone_crest_middle5) {transformation: [-0.9997f,-0.0089f,0.023f,-0.08f,0f,0.9322f,0.362f,5.129f,-0.0247f,0.3619f,-0.9319f,3.541f,0f,0f,0f,1f],start_interpolation: 0,interpolation_duration: 1}
$data merge entity $(bone_crest_middle4) {transformation: [-0.9997f,-0.0089f,0.023f,-0.074f,0f,0.9322f,0.362f,4.5009f,-0.0247f,0.3619f,-0.9319f,3.2972f,0f,0f,0f,1f],start_interpolation: 0,interpolation_duration: 1}
$data merge entity $(bone_crest_middle1) {transformation: [-0.9997f,-0.0089f,0.023f,-0.0714f,0f,0.9322f,0.362f,3.9993f,-0.0247f,0.3619f,-0.9319f,3.1927f,0f,0f,0f,1f],start_interpolation: 0,interpolation_duration: 1}
$data merge entity $(bone_crest_left5) {transformation: [-0.5256f,-0.8405f,0.1314f,-1.1774f,-0.7015f,0.5155f,0.4921f,4.5408f,-0.4814f,0.1665f,-0.8606f,3.24f,0f,0f,0f,1f],start_interpolation: 0,interpolation_duration: 1}
$data merge entity $(bone_crest_left4) {transformation: [-0.5256f,-0.8405f,0.1314f,-0.7054f,-0.7015f,0.5155f,0.4921f,4.2513f,-0.4814f,0.1665f,-0.8606f,3.1465f,0f,0f,0f,1f],start_interpolation: 0,interpolation_duration: 1}
$data merge entity $(bone_crest_left1) {transformation: [-0.5256f,-0.8405f,0.1314f,-0.1788f,-0.7015f,0.5155f,0.4921f,3.9605f,-0.4814f,0.1665f,-0.8606f,2.9953f,0f,0f,0f,1f],start_interpolation: 0,interpolation_duration: 1}
$data merge entity $(bone_crest_center1) {transformation: [-0.9997f,-0.0137f,0.0205f,-0.0662f,0f,0.8317f,0.5552f,3.9371f,-0.0247f,0.555f,-0.8315f,2.9825f,0f,0f,0f,1f],start_interpolation: 0,interpolation_duration: 1}
$data merge entity $(bone_crest_right5) {transformation: [-0.5487f,0.8313f,-0.0887f,1.031f,0.7015f,0.5155f,0.4921f,4.5408f,0.4549f,0.2078f,-0.866f,3.2945f,0f,0f,0f,1f],start_interpolation: 0,interpolation_duration: 1}
$data merge entity $(bone_crest_right4) {transformation: [-0.5487f,0.8313f,-0.0887f,0.5642f,0.7015f,0.5155f,0.4921f,4.2513f,0.4549f,0.2078f,-0.866f,3.1778f,0f,0f,0f,1f],start_interpolation: 0,interpolation_duration: 1}
$data merge entity $(bone_crest_right1) {transformation: [-0.5487f,0.8313f,-0.0887f,0.0457f,0.7015f,0.5155f,0.4921f,3.9605f,0.4549f,0.2078f,-0.866f,3.0009f,0f,0f,0f,1f],start_interpolation: 0,interpolation_duration: 1}
$data merge entity $(bone_head1) {transformation: [-1.0479f,-0.0144f,0.0215f,-0.0378f,0f,0.8718f,0.582f,4.5374f,-0.0259f,0.5818f,-0.8715f,1.8308f,0f,0f,0f,1f],start_interpolation: 0,interpolation_duration: 1}
$data merge entity $(bone_neck10) {transformation: [-1.4969f,-0.0171f,0.0328f,-0.0093f,0f,1.328f,0.6919f,4.632f,-0.037f,0.6917f,-1.3276f,0.6774f,0f,0f,0f,1f],start_interpolation: 0,interpolation_duration: 1}
$data merge entity $(bone_neck9) {transformation: [-1.1452f,-0.0157f,0.0235f,0.0096f,0f,0.9527f,0.636f,3.3865f,-0.0283f,0.6358f,-0.9524f,-0.0863f,0f,0f,0f,1f],start_interpolation: 0,interpolation_duration: 1}
$data merge entity $(bone_neck8) {transformation: [-1.0628f,0.004f,0.0259f,0.0058f,0f,1.0507f,-0.1622f,2.6077f,-0.0262f,-0.1621f,-1.0504f,0.0678f,0f,0f,0f,1f],start_interpolation: 0,interpolation_duration: 1}
$data merge entity $(bone_neck7) {transformation: [-1.0553f,0.0113f,0.0235f,-0.005f,0f,0.9508f,-0.4588f,1.7571f,-0.0261f,-0.4586f,-0.9505f,0.5028f,0f,0f,0f,1f],start_interpolation: 0,interpolation_duration: 1}
$data merge entity $(bone_neck6) {transformation: [-1.0494f,0.0076f,0.0248f,-0.0115f,0f,1.0029f,-0.3099f,0.8683f,-0.0259f,-0.3098f,-1.0026f,0.768f,0f,0f,0f,1f],start_interpolation: 0,interpolation_duration: 1}
$data merge entity $(bone_neck_spine6) {transformation: [-1.2655f,0.1204f,0.0628f,0.0533f,0.031f,-0.317f,1.2323f,0.4519f,0.1322f,1.2268f,0.3123f,-1.8288f,0f,0f,0f,1f],start_interpolation: 0,interpolation_duration: 1}
$data merge entity $(bone_neck_spine7) {transformation: [-0.9753f,0.2039f,-0.0847f,-0.5273f,-0.0174f,0.3116f,0.9501f,1.018f,0.2201f,0.9281f,-0.3004f,-5.4946f,0f,0f,0f,1f],start_interpolation: 0,interpolation_duration: 1}
$data merge entity $(bone_tail6) {transformation: [-1.6209f,-0.241f,-0.5291f,-0.5817f,-0.4545f,1.5026f,0.7079f,-1.6019f,0.3626f,0.8059f,-1.4779f,-8.2658f,0f,0f,0f,1f],start_interpolation: 0,interpolation_duration: 1}
$data merge entity $(bone_tail5) {transformation: [-1.339f,-0.1991f,-0.4371f,-0.7074f,-0.3754f,1.2413f,0.5848f,-0.8179f,0.2996f,0.6658f,-1.2209f,-7.8453f,0f,0f,0f,1f],start_interpolation: 0,interpolation_duration: 1}
$data merge entity $(bone_tail4) {transformation: [-0.9866f,-0.1467f,-0.3221f,-0.7703f,-0.2766f,0.9146f,0.4309f,-0.4259f,0.2207f,0.4906f,-0.8996f,-7.6351f,0f,0f,0f,1f],start_interpolation: 0,interpolation_duration: 1}
$data merge entity $(bone_segment18) {transformation: [-0.9413f,-0.1017f,-0.322f,-0.8274f,-0.2639f,0.8164f,0.5137f,0.0325f,0.2106f,0.5685f,-0.7953f,-7.3159f,0f,0f,0f,1f],start_interpolation: 0,interpolation_duration: 1}
$data merge entity $(bone_segment17) {transformation: [-0.9929f,0.0847f,-0.0835f,-0.7655f,-0.0405f,0.4191f,0.907f,0.3384f,0.1119f,0.904f,-0.4127f,-6.656f,0f,0f,0f,1f],start_interpolation: 0,interpolation_duration: 1}
$data merge entity $(bone_segment16) {transformation: [-0.9779f,0.1989f,-0.0642f,-0.5757f,-0.018f,0.226f,0.974f,0.5541f,0.2082f,0.9536f,-0.2174f,-5.7456f,0f,0f,0f,1f],start_interpolation: 0,interpolation_duration: 1}
$data merge entity $(bone_segment15) {transformation: [-0.9753f,0.2189f,-0.029f,-0.3176f,-0.0174f,0.0551f,0.9983f,0.619f,0.2201f,0.9742f,-0.0499f,-4.5969f,0f,0f,0f,1f],start_interpolation: 0,interpolation_duration: 1}
$data merge entity $(bone_segment14) {transformation: [-1.0328f,0.1761f,0.0321f,-0.1195f,-0.0066f,-0.2254f,1.0236f,0.3655f,0.1789f,1.0084f,0.2232f,-3.4624f,0f,0f,0f,1f],start_interpolation: 0,interpolation_duration: 1}
$data merge entity $(bone_segment13) {transformation: [-1.0199f,0.0868f,0.0667f,-0.0168f,0.025f,-0.424f,0.9336f,-0.1708f,0.1065f,0.9299f,0.4195f,-2.3539f,0f,0f,0f,1f],start_interpolation: 0,interpolation_duration: 1}
$data merge entity $(bone_segment12) {transformation: [-1.1147f,0.0252f,0.0369f,0.0136f,0.0347f,-0.0938f,1.1111f,-0.2841f,0.0282f,1.1113f,0.0929f,-1.0114f,0f,0f,0f,1f],start_interpolation: 0,interpolation_duration: 1}
$data merge entity $(bone_segment11) {transformation: [-1.1902f,-0.0162f,0.0185f,0.0008f,0.0087f,0.5608f,1.05f,0.3639f,-0.0231f,1.0499f,-0.5605f,0.2021f,0f,0f,0f,1f],start_interpolation: 0,interpolation_duration: 1}
$data merge entity $(bone_segment10) {transformation: [-1.0479f,-0.0152f,0.0209f,-0.0131f,0f,0.8475f,0.6168f,1.2315f,-0.0259f,0.6166f,-0.8472f,0.8333f,0f,0f,0f,1f],start_interpolation: 0,interpolation_duration: 1}
data modify entity @s data merge value {"cameras":{},"locators":{"mouth":{"px":-0.08707044699427395,"py":3.0736338890206305,"pz":3.8285099064187644,"ry":181.4142135623731,"rx":56.27499740308578}}}
function animated_java:gyarados/animations/surfacewater_idle/zzz/frames/on_tick/transform_floating_entities