# This file was generated by Animated Java via MC-Build. It is not recommended to edit this file directly.
$data merge entity $(bone_neck_spine5) {transformation: [-1.5716f,-0.015f,0.0443f,0.1279f,0f,1.4889f,0.5052f,4.3881f,-0.0468f,0.505f,-1.4882f,-0.3193f,0f,0f,0f,1f],start_interpolation: 0,interpolation_duration: 1}
$data merge entity $(bone_neck_spine2) {transformation: [-1.4967f,-0.0144f,0.0422f,-0.0445f,0f,1.4169f,0.4844f,5.4087f,-0.0446f,0.4842f,-1.4163f,1.6988f,0f,0f,0f,1f],start_interpolation: 0,interpolation_duration: 1}
$data merge entity $(bone_scale_neck_left1) {transformation: [-1.5959f,0.386f,0.1306f,0.7509f,0.3819f,1.2333f,1.0229f,4.5663f,0.1419f,1.0214f,-1.2844f,1.3987f,0f,0f,0f,1f],start_interpolation: 0,interpolation_duration: 1}
$data merge entity $(bone_scale_neck_right1) {transformation: [-1.5847f,-0.4461f,-0.0539f,-0.8207f,-0.3819f,1.2333f,1.0229f,4.5663f,-0.2366f,0.9966f,-1.2899f,1.3519f,0f,0f,0f,1f],start_interpolation: 0,interpolation_duration: 1}
$data merge entity $(bone_blush_right1) {transformation: [-0.9996f,-0.0165f,0.0247f,-0.7299f,0f,0.8315f,0.5555f,3.6922f,-0.0298f,0.5552f,-0.8312f,2.4543f,0f,0f,0f,1f],start_interpolation: 0,interpolation_duration: 1}
$data merge entity $(bone_blush_left1) {transformation: [-0.9996f,-0.0165f,0.0247f,0.5947f,0f,0.8315f,0.5555f,3.6922f,-0.0298f,0.5552f,-0.8312f,2.4937f,0f,0f,0f,1f],start_interpolation: 0,interpolation_duration: 1}
$data merge entity $(bone_left_head_scales) {transformation: [-0.898f,-0.0165f,-0.4396f,0.6036f,-0.2565f,0.8315f,0.4927f,4.5175f,0.3574f,0.5552f,-0.751f,2.5727f,0f,0f,0f,1f],start_interpolation: 0,interpolation_duration: 1}
$data merge entity $(bone_left_head_scales2) {transformation: [-0.833f,-0.0165f,-0.5531f,0.6143f,-0.3186f,0.8315f,0.455f,3.6769f,0.4524f,0.5552f,-0.6979f,2.2138f,0f,0f,0f,1f],start_interpolation: 0,interpolation_duration: 1}
$data merge entity $(bone_left_head_scales1) {transformation: [-0.9996f,-0.0165f,0.0247f,0.6055f,0f,0.8315f,0.5555f,4.4242f,-0.0298f,0.5552f,-0.8312f,2.5103f,0f,0f,0f,1f],start_interpolation: 0,interpolation_duration: 1}
$data merge entity $(bone_right_head_scales) {transformation: [-0.8752f,-0.0165f,0.4835f,-0.7435f,0.2565f,0.8315f,0.4927f,4.5175f,-0.4102f,0.5552f,-0.7235f,2.5326f,0f,0f,0f,1f],start_interpolation: 0,interpolation_duration: 1}
$data merge entity $(bone_right_head_scales2) {transformation: [-0.8046f,-0.0165f,0.5936f,-0.7328f,0.3186f,0.8315f,0.455f,3.6769f,-0.5011f,0.5552f,-0.6638f,2.1737f,0f,0f,0f,1f],start_interpolation: 0,interpolation_duration: 1}
$data merge entity $(bone_right_head_scales1) {transformation: [-0.9996f,-0.0165f,0.0247f,-0.7416f,0f,0.8315f,0.5555f,4.4242f,-0.0298f,0.5552f,-0.8312f,2.4702f,0f,0f,0f,1f],start_interpolation: 0,interpolation_duration: 1}
$data merge entity $(bone_head_left_fin1) {transformation: [-0.7488f,0.014f,-0.7333f,0.6145f,-0.1724f,1.0153f,0.1954f,4.1207f,0.7129f,0.2602f,-0.723f,2.2065f,0f,0f,0f,1f],start_interpolation: 0,interpolation_duration: 1}
$data merge entity $(bone_head_right_fin1) {transformation: [-0.7051f,-0.0294f,0.775f,-0.7326f,0.1724f,1.0153f,0.1954f,4.1207f,-0.7562f,0.2589f,-0.6781f,2.1664f,0f,0f,0f,1f],start_interpolation: 0,interpolation_duration: 1}
$data merge entity $(bone_right_whisker16) {transformation: [0.2603f,0.9273f,-0.2691f,-1.2515f,0.9649f,-0.2596f,0.0388f,1.3958f,-0.0338f,-0.2697f,-0.9623f,1.8876f,0f,0f,0f,1f],start_interpolation: 0,interpolation_duration: 1}
$data merge entity $(bone_right_whisker15) {transformation: [-0.8854f,0.3791f,-0.2691f,-0.9532f,0.3833f,0.9228f,0.0388f,1.2667f,0.263f,-0.0688f,-0.9623f,1.799f,0f,0f,0f,1f],start_interpolation: 0,interpolation_duration: 1}
$data merge entity $(bone_right_whisker14) {transformation: [-0.7178f,-0.6422f,-0.2691f,-0.7114f,-0.6743f,0.7374f,0.0388f,1.4939f,0.1735f,0.2093f,-0.9623f,1.7406f,0f,0f,0f,1f],start_interpolation: 0,interpolation_duration: 1}
$data merge entity $(bone_right_whisker13) {transformation: [-0.0871f,-0.9954f,-0.0408f,-0.682f,-0.9679f,0.0749f,0.2398f,1.82f,-0.2356f,0.0604f,-0.97f,1.8199f,0f,0f,0f,1f],start_interpolation: 0,interpolation_duration: 1}
$data merge entity $(bone_right_whisker12) {transformation: [0.0804f,-0.9965f,-0.0209f,-0.7181f,-0.8925f,-0.0813f,0.4436f,2.2209f,-0.4438f,-0.017f,-0.896f,2.0193f,0f,0f,0f,1f],start_interpolation: 0,interpolation_duration: 1}
$data merge entity $(bone_right_whisker11) {transformation: [0.2967f,-0.955f,0.0042f,-0.8514f,-0.9437f,-0.2925f,0.1547f,2.6449f,-0.1465f,-0.0499f,-0.988f,2.0851f,0f,0f,0f,1f],start_interpolation: 0,interpolation_duration: 1}
$data merge entity $(bone_right_whisker10) {transformation: [0.0676f,-0.9909f,0.1167f,-0.8818f,-0.993f,-0.0782f,-0.0881f,3.0909f,0.0964f,-0.1099f,-0.9893f,2.0418f,0f,0f,0f,1f],start_interpolation: 0,interpolation_duration: 1}
$data merge entity $(bone_right_whisker1) {transformation: [-0.3347f,-0.9384f,0.0862f,-0.7314f,-0.9231f,0.3449f,0.1702f,3.5056f,-0.1894f,-0.0226f,-0.9816f,2.1269f,0f,0f,0f,1f],start_interpolation: 0,interpolation_duration: 1}
$data merge entity $(bone_left_whisker16) {transformation: [0.2578f,-0.9096f,0.3258f,1.1491f,-0.9649f,-0.2596f,0.0388f,1.3958f,0.0493f,-0.3244f,-0.9446f,1.9591f,0f,0f,0f,1f],start_interpolation: 0,interpolation_duration: 1}
$data merge entity $(bone_left_whisker15) {transformation: [-0.8682f,-0.3743f,0.3258f,0.8566f,-0.3833f,0.9228f,0.0388f,1.2667f,-0.3152f,-0.0912f,-0.9446f,1.8529f,0f,0f,0f,1f],start_interpolation: 0,interpolation_duration: 1}
$data merge entity $(bone_left_whisker14) {transformation: [-0.7062f,0.6286f,0.3258f,0.6187f,0.6743f,0.7374f,0.0388f,1.4939f,-0.2159f,0.2471f,-0.9446f,1.7802f,0f,0f,0f,1f],start_interpolation: 0,interpolation_duration: 1}
$data merge entity $(bone_left_whisker13) {transformation: [-0.101f,0.99f,0.0984f,0.5846f,0.9679f,0.0749f,0.2398f,1.82f,0.23f,0.1195f,-0.9658f,1.8577f,0f,0f,0f,1f],start_interpolation: 0,interpolation_duration: 1}
$data merge entity $(bone_left_whisker12) {transformation: [0.0538f,0.9958f,0.0742f,0.6088f,0.8925f,-0.0813f,0.4436f,2.2209f,0.4478f,0.0424f,-0.8931f,2.0588f,0f,0f,0f,1f],start_interpolation: 0,interpolation_duration: 1}
$data merge entity $(bone_left_whisker11) {transformation: [0.2874f,0.9562f,0.0546f,0.7379f,0.9437f,-0.2925f,0.1547f,2.6449f,0.1639f,0.007f,-0.9865f,2.1324f,0f,0f,0f,1f],start_interpolation: 0,interpolation_duration: 1}
$data merge entity $(bone_left_whisker10) {transformation: [0.0732f,0.9956f,-0.0576f,0.7708f,0.993f,-0.0782f,-0.0881f,3.0909f,-0.0922f,-0.0507f,-0.9944f,2.091f,0f,0f,0f,1f],start_interpolation: 0,interpolation_duration: 1}
$data merge entity $(bone_left_whisker1) {transformation: [-0.3454f,0.938f,-0.0277f,0.6157f,0.9231f,0.3449f,0.1702f,3.5056f,0.1692f,0.0332f,-0.985f,2.167f,0f,0f,0f,1f],start_interpolation: 0,interpolation_duration: 1}
$data merge entity $(bone_upper_left_tooth1) {transformation: [-0.9996f,-0.0143f,0.0261f,0.2209f,0f,0.8768f,0.4809f,3.3527f,-0.0298f,0.4807f,-0.8764f,3.1621f,0f,0f,0f,1f],start_interpolation: 0,interpolation_duration: 1}
$data merge entity $(bone_upper_right_tooth1) {transformation: [-0.9996f,-0.0143f,0.0261f,-0.4526f,0f,0.8768f,0.4809f,3.3527f,-0.0298f,0.4807f,-0.8764f,3.142f,0f,0f,0f,1f],start_interpolation: 0,interpolation_duration: 1}
$data merge entity $(bone_top_lip1) {transformation: [-0.9996f,-0.0007f,0.0298f,-0.0896f,0f,0.9997f,0.0231f,3.4611f,-0.0298f,0.0231f,-0.9993f,3.2122f,0f,0f,0f,1f],start_interpolation: 0,interpolation_duration: 1}
$data merge entity $(bone_muzzle1) {transformation: [-0.9996f,-0.0143f,0.0261f,-0.0773f,0f,0.8768f,0.4809f,3.8788f,-0.0298f,0.4807f,-0.8764f,2.8011f,0f,0f,0f,1f],start_interpolation: 0,interpolation_duration: 1}
$data merge entity $(bone_jaw_right_tooth1) {transformation: [-0.9996f,0.0033f,0.0296f,-0.4524f,0f,0.9938f,-0.1114f,3.2536f,-0.0298f,-0.1113f,-0.9933f,3.1341f,0f,0f,0f,1f],start_interpolation: 0,interpolation_duration: 1}
$data merge entity $(bone_jaw_left_tooth1) {transformation: [-0.9996f,0.0033f,0.0296f,0.2773f,0f,0.9938f,-0.1114f,3.2536f,-0.0298f,-0.1113f,-0.9933f,3.1558f,0f,0f,0f,1f],start_interpolation: 0,interpolation_duration: 1}
$data merge entity $(bone_tongue1) {transformation: [-0.9996f,-0.0073f,0.0288f,-0.064f,0f,0.9694f,0.2455f,3.439f,-0.0298f,0.2454f,-0.969f,2.3522f,0f,0f,0f,1f],start_interpolation: 0,interpolation_duration: 1}
$data merge entity $(bone_jaw_lips1) {transformation: [-0.9996f,-0.0073f,0.0288f,-0.0328f,0f,0.9694f,0.2455f,3.0932f,-0.0298f,0.2454f,-0.969f,3.1927f,0f,0f,0f,1f],start_interpolation: 0,interpolation_duration: 1}
$data merge entity $(bone_jaw3) {transformation: [-0.9996f,-0.0019f,0.0297f,-0.006f,0f,0.998f,0.0629f,3.0656f,-0.0298f,0.0629f,-0.9976f,2.2912f,0f,0f,0f,1f],start_interpolation: 0,interpolation_duration: 1}
$data merge entity $(bone_jaw1) {transformation: [-0.9996f,-0.0223f,0.0197f,0.0117f,0f,0.6612f,0.7502f,3.7396f,-0.0298f,0.7499f,-0.6609f,1.6974f,0f,0f,0f,1f],start_interpolation: 0,interpolation_duration: 1}
$data merge entity $(bone_tear_right1) {transformation: [-0.9996f,-0.0165f,0.0247f,-0.6828f,0f,0.8315f,0.5555f,3.9629f,-0.0298f,0.5552f,-0.8312f,2.7582f,0f,0f,0f,1f],start_interpolation: 0,interpolation_duration: 1}
$data merge entity $(bone_right_pupil1) {transformation: [-0.9996f,-0.0165f,0.0247f,-0.5011f,0f,0.8315f,0.5555f,4.0189f,-0.0298f,0.5552f,-0.8312f,2.8821f,0f,0f,0f,1f],start_interpolation: 0,interpolation_duration: 1}
$data merge entity $(bone_right_sad_pupil1) {transformation: [-0.9996f,-0.0165f,0.0247f,-0.5008f,0f,0.8315f,0.5555f,4.0251f,-0.0298f,0.5552f,-0.8312f,2.8728f,0f,0f,0f,1f],start_interpolation: 0,interpolation_duration: 1}
$data merge entity $(bone_right_happy_pupil1) {transformation: [-0.9996f,-0.0165f,0.0247f,-0.5284f,0f,0.8315f,0.5555f,4.0017f,-0.0298f,0.5552f,-0.8312f,2.8563f,0f,0f,0f,1f],start_interpolation: 0,interpolation_duration: 1}
$data merge entity $(bone_eyelid_right1) {transformation: [-0.9996f,-0.0165f,0.0247f,-0.0538f,0f,0.8315f,0.5555f,4.2903f,-0.0298f,0.5552f,-0.8312f,2.3877f,0f,0f,0f,1f],start_interpolation: 0,interpolation_duration: 1}
$data merge entity $(bone_eyelid_expressions_right5) {transformation: [-0.9996f,-0.0165f,0.0247f,-0.6317f,0f,0.8315f,0.5555f,4.1185f,-0.0298f,0.5552f,-0.8312f,2.9313f,0f,0f,0f,1f],start_interpolation: 0,interpolation_duration: 1}
$data merge entity $(bone_eyelid_expressions_right7) {transformation: [-0.9996f,-0.0165f,0.0247f,-0.295f,0f,0.8315f,0.5555f,4.1185f,-0.0298f,0.5552f,-0.8312f,2.9413f,0f,0f,0f,1f],start_interpolation: 0,interpolation_duration: 1}
$data merge entity $(bone_eyelid_expressions_right6) {transformation: [-0.9996f,-0.0165f,0.0247f,-0.4072f,0f,0.8315f,0.5555f,4.1185f,-0.0298f,0.5552f,-0.8312f,2.938f,0f,0f,0f,1f],start_interpolation: 0,interpolation_duration: 1}
$data merge entity $(bone_right_eye1) {transformation: [-0.9996f,-0.0165f,0.0247f,-0.0653f,0f,0.8315f,0.5555f,4.2841f,-0.0298f,0.5552f,-0.8312f,2.3967f,0f,0f,0f,1f],start_interpolation: 0,interpolation_duration: 1}
$data merge entity $(bone_tear_left1) {transformation: [-0.9996f,-0.0165f,0.0247f,0.5296f,0f,0.8315f,0.5555f,3.9629f,-0.0298f,0.5552f,-0.8312f,2.7943f,0f,0f,0f,1f],start_interpolation: 0,interpolation_duration: 1}
$data merge entity $(bone_left_sad_pupil1) {transformation: [-0.9996f,-0.0165f,0.0247f,0.3411f,0f,0.8315f,0.5555f,4.0251f,-0.0298f,0.5552f,-0.8312f,2.8978f,0f,0f,0f,1f],start_interpolation: 0,interpolation_duration: 1}
$data merge entity $(bone_left_pupil1) {transformation: [-0.9996f,-0.0165f,0.0247f,0.3408f,0f,0.8315f,0.5555f,4.0189f,-0.0298f,0.5552f,-0.8312f,2.9072f,0f,0f,0f,1f],start_interpolation: 0,interpolation_duration: 1}
$data merge entity $(bone_eyelid_left1) {transformation: [-0.9996f,-0.0165f,0.0247f,-0.0762f,0f,0.8315f,0.5555f,4.2903f,-0.0298f,0.5552f,-0.8312f,2.3871f,0f,0f,0f,1f],start_interpolation: 0,interpolation_duration: 1}
$data merge entity $(bone_left_happy_pupil1) {transformation: [-0.9996f,-0.0165f,0.0247f,0.3696f,0f,0.8315f,0.5555f,4.0017f,-0.0298f,0.5552f,-0.8312f,2.8831f,0f,0f,0f,1f],start_interpolation: 0,interpolation_duration: 1}
$data merge entity $(bone_eyelid_expressions_left5) {transformation: [-0.9996f,-0.0165f,0.0247f,0.4684f,0f,0.8315f,0.5555f,4.1185f,-0.0298f,0.5552f,-0.8312f,2.964f,0f,0f,0f,1f],start_interpolation: 0,interpolation_duration: 1}
$data merge entity $(bone_eyelid_expressions_left7) {transformation: [-0.9996f,-0.0165f,0.0247f,0.1316f,0f,0.8315f,0.5555f,4.1185f,-0.0298f,0.5552f,-0.8312f,2.954f,0f,0f,0f,1f],start_interpolation: 0,interpolation_duration: 1}
$data merge entity $(bone_eyelid_expressions_left6) {transformation: [-0.9996f,-0.0165f,0.0247f,0.2438f,0f,0.8315f,0.5555f,4.1185f,-0.0298f,0.5552f,-0.8312f,2.9573f,0f,0f,0f,1f],start_interpolation: 0,interpolation_duration: 1}
$data merge entity $(bone_left_eye1) {transformation: [-0.9996f,-0.0165f,0.0247f,-0.0653f,0f,0.8315f,0.5555f,4.2841f,-0.0298f,0.5552f,-0.8312f,2.3967f,0f,0f,0f,1f],start_interpolation: 0,interpolation_duration: 1}
$data merge entity $(bone_crest_middle5) {transformation: [-0.9996f,-0.0108f,0.0277f,-0.1f,0f,0.9321f,0.3623f,5.1715f,-0.0298f,0.3622f,-0.9316f,3.5624f,0f,0f,0f,1f],start_interpolation: 0,interpolation_duration: 1}
$data merge entity $(bone_crest_middle4) {transformation: [-0.9996f,-0.0108f,0.0277f,-0.0927f,0f,0.9321f,0.3623f,4.5435f,-0.0298f,0.3622f,-0.9316f,3.3183f,0f,0f,0f,1f],start_interpolation: 0,interpolation_duration: 1}
$data merge entity $(bone_crest_middle1) {transformation: [-0.9996f,-0.0108f,0.0277f,-0.0896f,0f,0.9321f,0.3623f,4.0419f,-0.0298f,0.3622f,-0.9316f,3.2138f,0f,0f,0f,1f],start_interpolation: 0,interpolation_duration: 1}
$data merge entity $(bone_crest_left5) {transformation: [-0.5231f,-0.8414f,0.1357f,-1.1959f,-0.7013f,0.5155f,0.4924f,4.5834f,-0.4843f,0.1624f,-0.8597f,3.2556f,0f,0f,0f,1f],start_interpolation: 0,interpolation_duration: 1}
$data merge entity $(bone_crest_left4) {transformation: [-0.5231f,-0.8414f,0.1357f,-0.7234f,-0.7013f,0.5155f,0.4924f,4.2939f,-0.4843f,0.1624f,-0.8597f,3.1644f,0f,0f,0f,1f],start_interpolation: 0,interpolation_duration: 1}
$data merge entity $(bone_crest_left1) {transformation: [-0.5231f,-0.8414f,0.1357f,-0.1961f,-0.7013f,0.5155f,0.4924f,4.0032f,-0.4843f,0.1624f,-0.8597f,3.0158f,0f,0f,0f,1f],start_interpolation: 0,interpolation_duration: 1}
$data merge entity $(bone_crest_center1) {transformation: [-0.9996f,-0.0165f,0.0247f,-0.0834f,0f,0.8315f,0.5555f,3.9798f,-0.0298f,0.5552f,-0.8312f,3.0036f,0f,0f,0f,1f],start_interpolation: 0,interpolation_duration: 1}
$data merge entity $(bone_crest_right5) {transformation: [-0.551f,0.8302f,-0.0843f,1.0122f,0.7013f,0.5155f,0.4924f,4.5834f,0.4523f,0.2122f,-0.8663f,3.3213f,0f,0f,0f,1f],start_interpolation: 0,interpolation_duration: 1}
$data merge entity $(bone_crest_right4) {transformation: [-0.551f,0.8302f,-0.0843f,0.546f,0.7013f,0.5155f,0.4924f,4.2939f,0.4523f,0.2122f,-0.8663f,3.2022f,0f,0f,0f,1f],start_interpolation: 0,interpolation_duration: 1}
$data merge entity $(bone_crest_right1) {transformation: [-0.551f,0.8302f,-0.0843f,0.0284f,0.7013f,0.5155f,0.4924f,4.0032f,0.4523f,0.2122f,-0.8663f,3.0225f,0f,0f,0f,1f],start_interpolation: 0,interpolation_duration: 1}
$data merge entity $(bone_head1) {transformation: [-1.0477f,-0.0173f,0.0259f,-0.0491f,0f,0.8716f,0.5822f,4.5805f,-0.0312f,0.582f,-0.8712f,1.8522f,0f,0f,0f,1f],start_interpolation: 0,interpolation_duration: 1}
$data merge entity $(bone_neck10) {transformation: [-1.4967f,-0.0198f,0.0399f,-0.0147f,0f,1.3415f,0.6652f,4.652f,-0.0446f,0.6649f,-1.3409f,0.6973f,0f,0f,0f,1f],start_interpolation: 0,interpolation_duration: 1}
$data merge entity $(bone_neck9) {transformation: [-1.145f,-0.0189f,0.0283f,0.008f,0f,0.9525f,0.6363f,3.4068f,-0.0341f,0.636f,-0.9521f,-0.0667f,0f,0f,0f,1f],start_interpolation: 0,interpolation_duration: 1}
$data merge entity $(bone_neck8) {transformation: [-1.0627f,0.0048f,0.0313f,0.0035f,0f,1.0508f,-0.1619f,2.6279f,-0.0316f,-0.1618f,-1.0503f,0.0871f,0f,0f,0f,1f],start_interpolation: 0,interpolation_duration: 1}
$data merge entity $(bone_neck7) {transformation: [-1.0552f,0.0139f,0.0282f,-0.0097f,0f,0.9472f,-0.4662f,1.7807f,-0.0314f,-0.466f,-0.9467f,0.5287f,0f,0f,0f,1f],start_interpolation: 0,interpolation_duration: 1}
$data merge entity $(bone_neck6) {transformation: [-1.0492f,0.0096f,0.0297f,-0.0179f,0f,0.9988f,-0.3228f,0.8954f,-0.0312f,-0.3227f,-0.9984f,0.8053f,0f,0f,0f,1f],start_interpolation: 0,interpolation_duration: 1}
$data merge entity $(bone_neck_spine6) {transformation: [-1.2667f,0.1135f,0.0507f,0.0762f,0.0218f,-0.3081f,1.2347f,0.4315f,0.1223f,1.2297f,0.3047f,-1.775f,0f,0f,0f,1f],start_interpolation: 0,interpolation_duration: 1}
$data merge entity $(bone_neck_spine7) {transformation: [-0.9678f,0.2268f,-0.1094f,-0.5352f,-0.0355f,0.3072f,0.951f,0.9901f,0.2493f,0.9242f,-0.2893f,-5.4291f,0f,0f,0f,1f],start_interpolation: 0,interpolation_duration: 1}
$data merge entity $(bone_tail6) {transformation: [-1.624f,-0.1181f,-0.5603f,-0.8424f,-0.3296f,1.5707f,0.6241f,-1.713f,0.4683f,0.6958f,-1.504f,-8.0603f,0f,0f,0f,1f],start_interpolation: 0,interpolation_duration: 1}
$data merge entity $(bone_tail5) {transformation: [-1.3416f,-0.0976f,-0.4629f,-0.9041f,-0.2723f,1.2976f,0.5155f,-0.8935f,0.3868f,0.5748f,-1.2424f,-7.6973f,0f,0f,0f,1f],start_interpolation: 0,interpolation_duration: 1}
$data merge entity $(bone_tail4) {transformation: [-0.9885f,-0.0719f,-0.3411f,-0.9349f,-0.2006f,0.9561f,0.3799f,-0.4837f,0.285f,0.4235f,-0.9155f,-7.5157f,0f,0f,0f,1f],start_interpolation: 0,interpolation_duration: 1}
$data merge entity $(bone_segment18) {transformation: [-0.9431f,-0.0259f,-0.3315f,-0.9494f,-0.1914f,0.8575f,0.4775f,-0.0022f,0.2719f,0.5138f,-0.8137f,-7.2272f,0f,0f,0f,1f],start_interpolation: 0,interpolation_duration: 1}
$data merge entity $(bone_segment17) {transformation: [-0.9768f,0.1675f,-0.1334f,-0.8271f,-0.0487f,0.4329f,0.9001f,0.3138f,0.2086f,0.8857f,-0.4147f,-6.5807f,0f,0f,0f,1f],start_interpolation: 0,interpolation_duration: 1}
$data merge entity $(bone_segment16) {transformation: [-0.9625f,0.2551f,-0.0927f,-0.5836f,-0.0345f,0.2239f,0.974f,0.5275f,0.2692f,0.9406f,-0.2067f,-5.6828f,0f,0f,0f,1f],start_interpolation: 0,interpolation_duration: 1}
$data merge entity $(bone_segment15) {transformation: [-0.9678f,0.2474f,-0.047f,-0.2918f,-0.0355f,0.0506f,0.9981f,0.5872f,0.2493f,0.9676f,-0.0402f,-4.5418f,0f,0f,0f,1f],start_interpolation: 0,interpolation_duration: 1}
$data merge entity $(bone_segment14) {transformation: [-1.0315f,0.1853f,0.0206f,-0.0833f,-0.0201f,-0.2259f,1.0233f,0.3331f,0.1854f,1.0066f,0.2259f,-3.4093f,0f,0f,0f,1f],start_interpolation: 0,interpolation_duration: 1}
$data merge entity $(bone_segment13) {transformation: [-1.0208f,0.0829f,0.0561f,0.015f,0.0176f,-0.4173f,0.9368f,-0.1952f,0.0986f,0.9333f,0.4139f,-2.2966f,0f,0f,0f,1f],start_interpolation: 0,interpolation_duration: 1}
$data merge entity $(bone_segment12) {transformation: [-1.1152f,0.0104f,0.0266f,0.0276f,0.0258f,-0.0771f,1.1126f,-0.2883f,0.0122f,1.1128f,0.0768f,-0.9522f,0f,0f,0f,1f],start_interpolation: 0,interpolation_duration: 1}
$data merge entity $(bone_segment11) {transformation: [-1.1899f,-0.03f,0.0177f,-0.0015f,0.0009f,0.5797f,1.0397f,0.3817f,-0.0348f,1.0393f,-0.5794f,0.249f,0f,0f,0f,1f],start_interpolation: 0,interpolation_duration: 1}
$data merge entity $(bone_segment10) {transformation: [-1.0477f,-0.0179f,0.0255f,-0.0197f,0f,0.8574f,0.6029f,1.2594f,-0.0312f,0.6026f,-0.8571f,0.8659f,0f,0f,0f,1f],start_interpolation: 0,interpolation_duration: 1}
data modify entity @s data merge value {"cameras":{},"locators":{"mouth":{"px":-0.10853465378809958,"py":3.116064065148107,"pz":3.849155028626763,"ry":181.7052803287082,"rx":56.25707930904379}}}
function animated_java:gyarados/animations/surfacewater_idle/zzz/frames/on_tick/transform_floating_entities