# This file was generated by Animated Java via MC-Build. It is not recommended to edit this file directly.
$data merge entity $(bone_neck_spine5) {transformation: [-1.5714f,-0.0169f,0.0506f,0.1263f,0f,1.4915f,0.4975f,4.4136f,-0.0534f,0.4972f,-1.4906f,-0.3009f,0f,0f,0f,1f],start_interpolation: 0,interpolation_duration: 1}
$data merge entity $(bone_neck_spine2) {transformation: [-1.4965f,-0.0149f,0.0486f,-0.0537f,0f,1.4318f,0.4385f,5.4713f,-0.0508f,0.4382f,-1.4309f,1.6901f,0f,0f,0f,1f],start_interpolation: 0,interpolation_duration: 1}
$data merge entity $(bone_scale_neck_left1) {transformation: [-1.5961f,0.3831f,0.137f,0.7421f,0.3878f,1.2652f,0.9808f,4.6189f,0.1229f,0.9827f,-1.3162f,1.4206f,0f,0f,0f,1f],start_interpolation: 0,interpolation_duration: 1}
$data merge entity $(bone_scale_neck_right1) {transformation: [-1.5841f,-0.4489f,-0.0474f,-0.8293f,-0.3878f,1.2652f,0.9808f,4.6189f,-0.2309f,0.9545f,-1.3224f,1.3673f,0f,0f,0f,1f],start_interpolation: 0,interpolation_duration: 1}
$data merge entity $(bone_blush_right1) {transformation: [-0.9994f,-0.0187f,0.0283f,-0.7433f,0f,0.8344f,0.5512f,3.7634f,-0.0339f,0.5508f,-0.8339f,2.4739f,0f,0f,0f,1f],start_interpolation: 0,interpolation_duration: 1}
$data merge entity $(bone_blush_left1) {transformation: [-0.9994f,-0.0187f,0.0283f,0.5812f,0f,0.8344f,0.5512f,3.7634f,-0.0339f,0.5508f,-0.8339f,2.5189f,0f,0f,0f,1f],start_interpolation: 0,interpolation_duration: 1}
$data merge entity $(bone_left_head_scales) {transformation: [-0.8996f,-0.0187f,-0.4364f,0.5899f,-0.2545f,0.8344f,0.4889f,4.5892f,0.355f,0.5508f,-0.7554f,2.5936f,0f,0f,0f,1f],start_interpolation: 0,interpolation_duration: 1}
$data merge entity $(bone_left_head_scales2) {transformation: [-0.8349f,-0.0187f,-0.5501f,0.6019f,-0.3161f,0.8344f,0.4515f,3.7466f,0.4505f,0.5508f,-0.7026f,2.2392f,0f,0f,0f,1f],start_interpolation: 0,interpolation_duration: 1}
$data merge entity $(bone_left_head_scales1) {transformation: [-0.9994f,-0.0187f,0.0283f,0.592f,0f,0.8344f,0.5512f,4.4954f,-0.0339f,0.5508f,-0.8339f,2.5318f,0f,0f,0f,1f],start_interpolation: 0,interpolation_duration: 1}
$data merge entity $(bone_right_head_scales) {transformation: [-0.8734f,-0.0187f,0.4866f,-0.757f,0.2545f,0.8344f,0.4889f,4.5892f,-0.4152f,0.5508f,-0.724f,2.5479f,0f,0f,0f,1f],start_interpolation: 0,interpolation_duration: 1}
$data merge entity $(bone_right_head_scales2) {transformation: [-0.8024f,-0.0187f,0.5964f,-0.745f,0.3161f,0.8344f,0.4515f,3.7466f,-0.5061f,0.5508f,-0.6636f,2.1935f,0f,0f,0f,1f],start_interpolation: 0,interpolation_duration: 1}
$data merge entity $(bone_right_head_scales1) {transformation: [-0.9994f,-0.0187f,0.0283f,-0.7549f,0f,0.8344f,0.5512f,4.4954f,-0.0339f,0.5508f,-0.8339f,2.486f,0f,0f,0f,1f],start_interpolation: 0,interpolation_duration: 1}
$data merge entity $(bone_head_left_fin1) {transformation: [-0.7518f,0.0131f,-0.7302f,0.6022f,-0.1686f,1.0166f,0.1917f,4.1905f,0.7106f,0.255f,-0.7271f,2.2295f,0f,0f,0f,1f],start_interpolation: 0,interpolation_duration: 1}
$data merge entity $(bone_head_right_fin1) {transformation: [-0.7019f,-0.0303f,0.7779f,-0.7447f,0.1686f,1.0166f,0.1917f,4.1905f,-0.76f,0.2535f,-0.6759f,2.1838f,0f,0f,0f,1f],start_interpolation: 0,interpolation_duration: 1}
$data merge entity $(bone_right_whisker16) {transformation: [0.2606f,0.9284f,-0.265f,-1.2629f,0.9647f,-0.2611f,0.0339f,1.4642f,-0.0377f,-0.2645f,-0.9636f,1.917f,0f,0f,0f,1f],start_interpolation: 0,interpolation_duration: 1}
$data merge entity $(bone_right_whisker15) {transformation: [-0.8864f,0.3795f,-0.265f,-0.9642f,0.3848f,0.9224f,0.0339f,1.3346f,0.2573f,-0.0719f,-0.9636f,1.8303f,0f,0f,0f,1f],start_interpolation: 0,interpolation_duration: 1}
$data merge entity $(bone_right_whisker14) {transformation: [-0.7186f,-0.643f,-0.265f,-0.7221f,-0.6733f,0.7386f,0.0339f,1.5614f,0.174f,0.2028f,-0.9636f,1.7717f,0f,0f,0f,1f],start_interpolation: 0,interpolation_duration: 1}
$data merge entity $(bone_right_whisker13) {transformation: [-0.0863f,-0.9956f,-0.0367f,-0.693f,-0.9691f,0.0754f,0.2348f,1.888f,-0.231f,0.0558f,-0.9714f,1.8495f,0f,0f,0f,1f],start_interpolation: 0,interpolation_duration: 1}
$data merge entity $(bone_right_whisker12) {transformation: [0.0821f,-0.9965f,-0.0171f,-0.7299f,-0.8948f,-0.0812f,0.439f,2.2899f,-0.4388f,-0.0207f,-0.8983f,2.0466f,0f,0f,0f,1f],start_interpolation: 0,interpolation_duration: 1}
$data merge entity $(bone_right_whisker11) {transformation: [0.2971f,-0.9548f,0.0083f,-0.8634f,-0.9445f,-0.2926f,0.1496f,2.7142f,-0.1404f,-0.0523f,-0.9887f,2.1097f,0f,0f,0f,1f],start_interpolation: 0,interpolation_duration: 1}
$data merge entity $(bone_right_whisker10) {transformation: [0.0671f,-0.9904f,0.1208f,-0.8935f,-0.9925f,-0.0786f,-0.0933f,3.1601f,0.1019f,-0.1136f,-0.9883f,2.0639f,0f,0f,0f,1f],start_interpolation: 0,interpolation_duration: 1}
$data merge entity $(bone_right_whisker1) {transformation: [-0.3341f,-0.9382f,0.0904f,-0.7434f,-0.924f,0.3449f,0.1651f,3.5751f,-0.186f,-0.0283f,-0.9821f,2.1475f,0f,0f,0f,1f],start_interpolation: 0,interpolation_duration: 1}
$data merge entity $(bone_left_whisker16) {transformation: [0.2574f,-0.9083f,0.3298f,1.1373f,-0.9647f,-0.2611f,0.0339f,1.4642f,0.0553f,-0.3269f,-0.9434f,1.9985f,0f,0f,0f,1f],start_interpolation: 0,interpolation_duration: 1}
$data merge entity $(bone_left_whisker15) {transformation: [-0.8669f,-0.3738f,0.3298f,0.8453f,-0.3848f,0.9224f,0.0339f,1.3346f,-0.3168f,-0.0975f,-0.9434f,1.8917f,0f,0f,0f,1f],start_interpolation: 0,interpolation_duration: 1}
$data merge entity $(bone_left_whisker14) {transformation: [-0.7051f,0.6277f,0.3298f,0.6077f,0.6733f,0.7386f,0.0339f,1.5614f,-0.2223f,0.2459f,-0.9434f,1.8168f,0f,0f,0f,1f],start_interpolation: 0,interpolation_duration: 1}
$data merge entity $(bone_left_whisker13) {transformation: [-0.1018f,0.9895f,0.1025f,0.5734f,0.9691f,0.0754f,0.2348f,1.888f,0.2246f,0.1232f,-0.9666f,1.8925f,0f,0f,0f,1f],start_interpolation: 0,interpolation_duration: 1}
$data merge entity $(bone_left_whisker12) {transformation: [0.0521f,0.9956f,0.078f,0.5968f,0.8948f,-0.0812f,0.439f,2.2899f,0.4434f,0.0469f,-0.8951f,2.0917f,0f,0f,0f,1f],start_interpolation: 0,interpolation_duration: 1}
$data merge entity $(bone_left_whisker11) {transformation: [0.2869f,0.9562f,0.0587f,0.7257f,0.9445f,-0.2926f,0.1496f,2.7142f,0.1602f,0.0126f,-0.987f,2.1636f,0f,0f,0f,1f],start_interpolation: 0,interpolation_duration: 1}
$data merge entity $(bone_left_whisker10) {transformation: [0.0738f,0.9958f,-0.0535f,0.7589f,0.9925f,-0.0786f,-0.0933f,3.1601f,-0.0971f,-0.0462f,-0.9942f,2.12f,0f,0f,0f,1f],start_interpolation: 0,interpolation_duration: 1}
$data merge entity $(bone_left_whisker1) {transformation: [-0.3459f,0.938f,-0.0235f,0.6035f,0.924f,0.3449f,0.1651f,3.5751f,0.1629f,0.0354f,-0.986f,2.1932f,0f,0f,0f,1f],start_interpolation: 0,interpolation_duration: 1}
$data merge entity $(bone_upper_left_tooth1) {transformation: [-0.9994f,-0.0162f,0.0298f,0.2045f,0f,0.8793f,0.4763f,3.4275f,-0.0339f,0.4761f,-0.8788f,3.1874f,0f,0f,0f,1f],start_interpolation: 0,interpolation_duration: 1}
$data merge entity $(bone_upper_right_tooth1) {transformation: [-0.9994f,-0.0162f,0.0298f,-0.4689f,0f,0.8793f,0.4763f,3.4275f,-0.0339f,0.4761f,-0.8788f,3.1645f,0f,0f,0f,1f],start_interpolation: 0,interpolation_duration: 1}
$data merge entity $(bone_top_lip1) {transformation: [-0.9994f,-0.0001f,0.0339f,-0.1062f,0f,1f,0.0016f,3.5361f,-0.0339f,0.0016f,-0.9994f,3.2357f,0f,0f,0f,1f],start_interpolation: 0,interpolation_duration: 1}
$data merge entity $(bone_muzzle1) {transformation: [-0.9994f,-0.0162f,0.0298f,-0.0921f,0f,0.8793f,0.4763f,3.9517f,-0.0339f,0.4761f,-0.8788f,2.8225f,0f,0f,0f,1f],start_interpolation: 0,interpolation_duration: 1}
$data merge entity $(bone_jaw_right_tooth1) {transformation: [-0.9994f,0.0036f,0.0337f,-0.4685f,0f,0.9943f,-0.1066f,3.3139f,-0.0339f,-0.1065f,-0.9937f,3.1523f,0f,0f,0f,1f],start_interpolation: 0,interpolation_duration: 1}
$data merge entity $(bone_jaw_left_tooth1) {transformation: [-0.9994f,0.0036f,0.0337f,0.261f,0f,0.9943f,-0.1066f,3.3139f,-0.0339f,-0.1065f,-0.9937f,3.1771f,0f,0f,0f,1f],start_interpolation: 0,interpolation_duration: 1}
$data merge entity $(bone_tongue1) {transformation: [-0.9994f,-0.009f,0.0327f,-0.0771f,0f,0.9639f,0.2662f,3.5169f,-0.0339f,0.2661f,-0.9634f,2.3789f,0f,0f,0f,1f],start_interpolation: 0,interpolation_duration: 1}
$data merge entity $(bone_jaw_lips1) {transformation: [-0.9994f,-0.009f,0.0327f,-0.0492f,0f,0.9639f,0.2662f,3.1532f,-0.0339f,0.2661f,-0.9634f,3.212f,0f,0f,0f,1f],start_interpolation: 0,interpolation_duration: 1}
$data merge entity $(bone_jaw3) {transformation: [-0.9994f,-0.0023f,0.0339f,-0.0186f,0f,0.9977f,0.0677f,3.13f,-0.0339f,0.0677f,-0.9971f,2.3104f,0f,0f,0f,1f],start_interpolation: 0,interpolation_duration: 1}
$data merge entity $(bone_jaw1) {transformation: [-0.9994f,-0.0256f,0.0223f,0.0015f,0f,0.6576f,0.7534f,3.8068f,-0.0339f,0.7529f,-0.6572f,1.7199f,0f,0f,0f,1f],start_interpolation: 0,interpolation_duration: 1}
$data merge entity $(bone_tear_right1) {transformation: [-0.9994f,-0.0187f,0.0283f,-0.6974f,0f,0.8344f,0.5512f,4.0357f,-0.0339f,0.5508f,-0.8339f,2.7767f,0f,0f,0f,1f],start_interpolation: 0,interpolation_duration: 1}
$data merge entity $(bone_right_pupil1) {transformation: [-0.9994f,-0.0187f,0.0283f,-0.5162f,0f,0.8344f,0.5512f,4.0922f,-0.0339f,0.5508f,-0.8339f,2.901f,0f,0f,0f,1f],start_interpolation: 0,interpolation_duration: 1}
$data merge entity $(bone_right_sad_pupil1) {transformation: [-0.9994f,-0.0187f,0.0283f,-0.5159f,0f,0.8344f,0.5512f,4.0984f,-0.0339f,0.5508f,-0.8339f,2.8916f,0f,0f,0f,1f],start_interpolation: 0,interpolation_duration: 1}
$data merge entity $(bone_right_happy_pupil1) {transformation: [-0.9994f,-0.0187f,0.0283f,-0.5434f,0f,0.8344f,0.5512f,4.075f,-0.0339f,0.5508f,-0.8339f,2.8752f,0f,0f,0f,1f],start_interpolation: 0,interpolation_duration: 1}
$data merge entity $(bone_eyelid_right1) {transformation: [-0.9994f,-0.0187f,0.0283f,-0.0668f,0f,0.8344f,0.5512f,4.3611f,-0.0339f,0.5508f,-0.8339f,2.4071f,0f,0f,0f,1f],start_interpolation: 0,interpolation_duration: 1}
$data merge entity $(bone_eyelid_expressions_right5) {transformation: [-0.9994f,-0.0187f,0.0283f,-0.647f,0f,0.8344f,0.5512f,4.1921f,-0.0339f,0.5508f,-0.8339f,2.9491f,0f,0f,0f,1f],start_interpolation: 0,interpolation_duration: 1}
$data merge entity $(bone_eyelid_expressions_right7) {transformation: [-0.9994f,-0.0187f,0.0283f,-0.3103f,0f,0.8344f,0.5512f,4.1921f,-0.0339f,0.5508f,-0.8339f,2.9605f,0f,0f,0f,1f],start_interpolation: 0,interpolation_duration: 1}
$data merge entity $(bone_eyelid_expressions_right6) {transformation: [-0.9994f,-0.0187f,0.0283f,-0.4226f,0f,0.8344f,0.5512f,4.1921f,-0.0339f,0.5508f,-0.8339f,2.9567f,0f,0f,0f,1f],start_interpolation: 0,interpolation_duration: 1}
$data merge entity $(bone_right_eye1) {transformation: [-0.9994f,-0.0187f,0.0283f,-0.0783f,0f,0.8344f,0.5512f,4.3549f,-0.0339f,0.5508f,-0.8339f,2.4161f,0f,0f,0f,1f],start_interpolation: 0,interpolation_duration: 1}
$data merge entity $(bone_tear_left1) {transformation: [-0.9994f,-0.0187f,0.0283f,0.5148f,0f,0.8344f,0.5512f,4.0357f,-0.0339f,0.5508f,-0.8339f,2.8178f,0f,0f,0f,1f],start_interpolation: 0,interpolation_duration: 1}
$data merge entity $(bone_left_sad_pupil1) {transformation: [-0.9994f,-0.0187f,0.0283f,0.3259f,0f,0.8344f,0.5512f,4.0984f,-0.0339f,0.5508f,-0.8339f,2.9202f,0f,0f,0f,1f],start_interpolation: 0,interpolation_duration: 1}
$data merge entity $(bone_left_pupil1) {transformation: [-0.9994f,-0.0187f,0.0283f,0.3256f,0f,0.8344f,0.5512f,4.0922f,-0.0339f,0.5508f,-0.8339f,2.9296f,0f,0f,0f,1f],start_interpolation: 0,interpolation_duration: 1}
$data merge entity $(bone_eyelid_left1) {transformation: [-0.9994f,-0.0187f,0.0283f,-0.0892f,0f,0.8344f,0.5512f,4.3611f,-0.0339f,0.5508f,-0.8339f,2.4064f,0f,0f,0f,1f],start_interpolation: 0,interpolation_duration: 1}
$data merge entity $(bone_left_happy_pupil1) {transformation: [-0.9994f,-0.0187f,0.0283f,0.3545f,0f,0.8344f,0.5512f,4.075f,-0.0339f,0.5508f,-0.8339f,2.9057f,0f,0f,0f,1f],start_interpolation: 0,interpolation_duration: 1}
$data merge entity $(bone_eyelid_expressions_left5) {transformation: [-0.9994f,-0.0187f,0.0283f,0.4529f,0f,0.8344f,0.5512f,4.1921f,-0.0339f,0.5508f,-0.8339f,2.9865f,0f,0f,0f,1f],start_interpolation: 0,interpolation_duration: 1}
$data merge entity $(bone_eyelid_expressions_left7) {transformation: [-0.9994f,-0.0187f,0.0283f,0.1162f,0f,0.8344f,0.5512f,4.1921f,-0.0339f,0.5508f,-0.8339f,2.975f,0f,0f,0f,1f],start_interpolation: 0,interpolation_duration: 1}
$data merge entity $(bone_eyelid_expressions_left6) {transformation: [-0.9994f,-0.0187f,0.0283f,0.2284f,0f,0.8344f,0.5512f,4.1921f,-0.0339f,0.5508f,-0.8339f,2.9788f,0f,0f,0f,1f],start_interpolation: 0,interpolation_duration: 1}
$data merge entity $(bone_left_eye1) {transformation: [-0.9994f,-0.0187f,0.0283f,-0.0783f,0f,0.8344f,0.5512f,4.3549f,-0.0339f,0.5508f,-0.8339f,2.4161f,0f,0f,0f,1f],start_interpolation: 0,interpolation_duration: 1}
$data merge entity $(bone_crest_middle5) {transformation: [-0.9994f,-0.0121f,0.0317f,-0.1177f,0f,0.9339f,0.3575f,5.2483f,-0.0339f,0.3573f,-0.9334f,3.577f,0f,0f,0f,1f],start_interpolation: 0,interpolation_duration: 1}
$data merge entity $(bone_crest_middle4) {transformation: [-0.9994f,-0.0121f,0.0317f,-0.1096f,0f,0.9339f,0.3575f,4.619f,-0.0339f,0.3573f,-0.9334f,3.3362f,0f,0f,0f,1f],start_interpolation: 0,interpolation_duration: 1}
$data merge entity $(bone_crest_middle1) {transformation: [-0.9994f,-0.0121f,0.0317f,-0.1061f,0f,0.9339f,0.3575f,4.117f,-0.0339f,0.3573f,-0.9334f,3.2343f,0f,0f,0f,1f],start_interpolation: 0,interpolation_duration: 1}
$data merge entity $(bone_crest_left5) {transformation: [-0.5212f,-0.842f,0.1394f,-1.2124f,-0.7037f,0.5164f,0.4879f,4.6588f,-0.4828f,0.1562f,-0.8617f,3.2687f,0f,0f,0f,1f],start_interpolation: 0,interpolation_duration: 1}
$data merge entity $(bone_crest_left4) {transformation: [-0.5212f,-0.842f,0.1394f,-0.7396f,-0.7037f,0.5164f,0.4879f,4.3688f,-0.4828f,0.1562f,-0.8617f,3.1809f,0f,0f,0f,1f],start_interpolation: 0,interpolation_duration: 1}
$data merge entity $(bone_crest_left1) {transformation: [-0.5212f,-0.842f,0.1394f,-0.2118f,-0.7037f,0.5164f,0.4879f,4.0772f,-0.4828f,0.1562f,-0.8617f,3.0361f,0f,0f,0f,1f],start_interpolation: 0,interpolation_duration: 1}
$data merge entity $(bone_crest_center1) {transformation: [-0.9994f,-0.0187f,0.0283f,-0.099f,0f,0.8344f,0.5512f,4.0538f,-0.0339f,0.5508f,-0.8339f,3.0244f,0f,0f,0f,1f],start_interpolation: 0,interpolation_duration: 1}
$data merge entity $(bone_crest_right5) {transformation: [-0.5528f,0.8294f,-0.0806f,0.9953f,0.7037f,0.5164f,0.4879f,4.6588f,0.4463f,0.213f,-0.8692f,3.3436f,0f,0f,0f,1f],start_interpolation: 0,interpolation_duration: 1}
$data merge entity $(bone_crest_right4) {transformation: [-0.5528f,0.8294f,-0.0806f,0.5296f,0.7037f,0.5164f,0.4879f,4.3688f,0.4463f,0.213f,-0.8692f,3.224f,0f,0f,0f,1f],start_interpolation: 0,interpolation_duration: 1}
$data merge entity $(bone_crest_right1) {transformation: [-0.5528f,0.8294f,-0.0806f,0.0127f,0.7037f,0.5164f,0.4879f,4.0772f,0.4463f,0.213f,-0.8692f,3.0437f,0f,0f,0f,1f],start_interpolation: 0,interpolation_duration: 1}
$data merge entity $(bone_head1) {transformation: [-1.0476f,-0.0196f,0.0297f,-0.0598f,0f,0.8746f,0.5777f,4.6485f,-0.0356f,0.5774f,-0.8741f,1.8701f,0f,0f,0f,1f],start_interpolation: 0,interpolation_duration: 1}
$data merge entity $(bone_neck10) {transformation: [-1.4965f,-0.0211f,0.0462f,-0.0205f,0f,1.3623f,0.6216f,4.6827f,-0.0508f,0.6212f,-1.3615f,0.7136f,0f,0f,0f,1f],start_interpolation: 0,interpolation_duration: 1}
$data merge entity $(bone_neck9) {transformation: [-1.1448f,-0.0214f,0.0324f,0.0052f,0f,0.9558f,0.6314f,3.4335f,-0.0389f,0.631f,-0.9553f,-0.0437f,0f,0f,0f,1f],start_interpolation: 0,interpolation_duration: 1}
$data merge entity $(bone_neck8) {transformation: [-1.0625f,0.0057f,0.0356f,-0.0002f,0f,1.0499f,-0.1673f,2.6554f,-0.0361f,-0.1672f,-1.0493f,0.114f,0f,0f,0f,1f],start_interpolation: 0,interpolation_duration: 1}
$data merge entity $(bone_neck7) {transformation: [-1.0551f,0.0163f,0.0319f,-0.0156f,0f,0.9396f,-0.4813f,1.8154f,-0.0358f,-0.481f,-0.939f,0.5691f,0f,0f,0f,1f],start_interpolation: 0,interpolation_duration: 1}
$data merge entity $(bone_neck6) {transformation: [-1.0491f,0.0116f,0.0337f,-0.0256f,0f,0.9921f,-0.3429f,0.9359f,-0.0356f,-0.3427f,-0.9915f,0.8634f,0f,0f,0f,1f],start_interpolation: 0,interpolation_duration: 1}
$data merge entity $(bone_neck_spine6) {transformation: [-1.2689f,0.0949f,0.0304f,0.0989f,0.008f,-0.2896f,1.2394f,0.3988f,0.0994f,1.2358f,0.2881f,-1.6917f,0f,0f,0f,1f],start_interpolation: 0,interpolation_duration: 1}
$data merge entity $(bone_neck_spine7) {transformation: [-0.9619f,0.2393f,-0.1322f,-0.5032f,-0.055f,0.3043f,0.951f,0.9304f,0.2678f,0.922f,-0.2795f,-5.3404f,0f,0f,0f,1f],start_interpolation: 0,interpolation_duration: 1}
$data merge entity $(bone_tail6) {transformation: [-1.6211f,0.0454f,-0.5791f,-1.11f,-0.1344f,1.6409f,0.5048f,-1.8611f,0.5651f,0.5204f,-1.5411f,-7.75f,0f,0f,0f,1f],start_interpolation: 0,interpolation_duration: 1}
$data merge entity $(bone_tail5) {transformation: [-1.3391f,0.0375f,-0.4784f,-1.0863f,-0.111f,1.3555f,0.417f,-1.005f,0.4669f,0.4299f,-1.2731f,-7.4785f,0f,0f,0f,1f],start_interpolation: 0,interpolation_duration: 1}
$data merge entity $(bone_tail4) {transformation: [-0.9867f,0.0276f,-0.3525f,-1.0745f,-0.0818f,0.9988f,0.3073f,-0.5769f,0.344f,0.3168f,-0.9381f,-7.3427f,0f,0f,0f,1f],start_interpolation: 0,interpolation_duration: 1}
$data merge entity $(bone_segment18) {transformation: [-0.9414f,0.0738f,-0.3292f,-1.0331f,-0.078f,0.9017f,0.4252f,-0.0706f,0.3282f,0.426f,-0.8431f,-7.1035f,0f,0f,0f,1f],start_interpolation: 0,interpolation_duration: 1}
$data merge entity $(bone_segment17) {transformation: [-0.9468f,0.2607f,-0.1889f,-0.8427f,-0.0543f,0.4491f,0.8918f,0.2572f,0.3174f,0.8546f,-0.411f,-6.4797f,0f,0f,0f,1f],start_interpolation: 0,interpolation_duration: 1}
$data merge entity $(bone_segment16) {transformation: [-0.9435f,0.3086f,-0.1206f,-0.5482f,-0.0519f,0.2218f,0.9737f,0.4689f,0.3272f,0.925f,-0.1932f,-5.5967f,0f,0f,0f,1f],start_interpolation: 0,interpolation_duration: 1}
$data merge entity $(bone_segment15) {transformation: [-0.9619f,0.2654f,-0.0658f,-0.2353f,-0.055f,0.0478f,0.9973f,0.5252f,0.2678f,0.963f,-0.0313f,-4.4612f,0f,0f,0f,1f],start_interpolation: 0,interpolation_duration: 1}
$data merge entity $(bone_segment14) {transformation: [-1.0322f,0.1825f,0.0039f,-0.0299f,-0.0353f,-0.2218f,1.0238f,0.2757f,0.1791f,1.0081f,0.2246f,-3.3271f,0f,0f,0f,1f],start_interpolation: 0,interpolation_duration: 1}
$data merge entity $(bone_segment13) {transformation: [-1.0226f,0.0711f,0.0374f,0.0547f,0.0065f,-0.4032f,0.9431f,-0.2357f,0.0801f,0.9404f,0.4016f,-2.2054f,0f,0f,0f,1f],start_interpolation: 0,interpolation_duration: 1}
$data merge entity $(bone_segment12) {transformation: [-1.1155f,-0.0099f,0.0109f,0.0427f,0.0114f,-0.0493f,1.1144f,-0.2953f,-0.0094f,1.1144f,0.0494f,-0.8592f,0f,0f,0f,1f],start_interpolation: 0,interpolation_duration: 1}
$data merge entity $(bone_segment11) {transformation: [-1.1895f,-0.0454f,0.0156f,-0.0055f,-0.0098f,0.6087f,1.023f,0.4081f,-0.0469f,1.022f,-0.6086f,0.3221f,0f,0f,0f,1f],start_interpolation: 0,interpolation_duration: 1}
$data merge entity $(bone_segment10) {transformation: [-1.0476f,-0.0197f,0.0296f,-0.0274f,0f,0.8723f,0.5812f,1.3011f,-0.0356f,0.5809f,-0.8718f,0.9167f,0f,0f,0f,1f],start_interpolation: 0,interpolation_duration: 1}
data modify entity @s data merge value {"cameras":{},"locators":{"mouth":{"posx":-0.12784643330272433,"posy":3.194405337210286,"posz":3.8743488846297245,"roty":181.94473984079536,"rotx":56.55344801437324}}}