# This file was generated by Animated Java via MC-Build. It is not recommended to edit this file directly.
$data merge entity $(bone_eyelid_left1) {transformation: [-1.0846f,0f,0f,0f,0f,1.0609f,-0.2255f,0.4316f,0f,-0.2255f,-1.0609f,0.2473f,0f,0f,0f,1f],start_interpolation: 0,interpolation_duration: 1}
$data merge entity $(bone_eye_left1) {transformation: [-1.0842f,0f,0f,0f,0f,1.0605f,-0.2254f,0.4329f,0f,-0.2254f,-1.0605f,0.2534f,0f,0f,0f,1f],start_interpolation: 0,interpolation_duration: 1}
$data merge entity $(bone_eyelid_right1) {transformation: [-1.0846f,0f,0f,0f,0f,1.0609f,-0.2255f,0.4316f,0f,-0.2255f,-1.0609f,0.2473f,0f,0f,0f,1f],start_interpolation: 0,interpolation_duration: 1}
$data merge entity $(bone_eye_right1) {transformation: [-1.0842f,0f,0f,0f,0f,1.0605f,-0.2254f,0.4329f,0f,-0.2254f,-1.0605f,0.2534f,0f,0f,0f,1f],start_interpolation: 0,interpolation_duration: 1}
$data merge entity $(bone_mouth_open1) {transformation: [-1f,0f,0f,0f,0f,0.9781f,-0.2079f,1.796f,0f,-0.2079f,-0.9781f,0.1547f,0f,0f,0f,1f],start_interpolation: 0,interpolation_duration: 1}
$data merge entity $(bone_mouth_closed1) {transformation: [-1f,0f,0f,0f,0f,0.9781f,-0.2079f,1.7962f,0f,-0.2079f,-0.9781f,0.1559f,0f,0f,0f,1f],start_interpolation: 0,interpolation_duration: 1}
$data merge entity $(bone_stem_left1) {transformation: [-0.5f,0.866f,0f,0f,0.8471f,0.4891f,-0.2079f,2.3892f,-0.1801f,-0.104f,-0.9781f,-0.1624f,0f,0f,0f,1f],start_interpolation: 0,interpolation_duration: 1}
$data merge entity $(bone_stem_right1) {transformation: [-0.5f,-0.866f,0f,0f,-0.8471f,0.4891f,-0.2079f,2.3892f,0.1801f,-0.104f,-0.9781f,-0.1624f,0f,0f,0f,1f],start_interpolation: 0,interpolation_duration: 1}
$data merge entity $(bone_head1) {transformation: [-1f,0f,0f,0f,0f,0.9781f,-0.2079f,1.625f,0f,-0.2079f,-0.9781f,0f,0f,0f,0f,1f],start_interpolation: 0,interpolation_duration: 1}