# This file was generated by Animated Java via MC-Build. It is not recommended to edit this file directly.
$data merge entity $(bone_pupil1) { transformation: [-0.9961966150349949f,0.04558080349565156f,-0.07426098939220337f,0.10706748481392434f,0.04545468525017602f,0.9989606550573905f,0.003388397278453604f,0.29614896751457614f,0.0743382524789598f,5.582038510351417e-18f,-0.9972330841976585f,0.25554097782565f,0f,0f,0f,1f], start_interpolation: 0, interpolation_duration: 1 }
$data merge entity $(bone_pupil_closed1) { transformation: [-0.9961966150349949f,0.04558080349565156f,-0.07426098939220337f,0.10623204868326205f,0.04545468525017602f,0.9989606550573905f,0.003388397278453604f,0.29618708698395874f,0.0743382524789598f,5.582038510351417e-18f,-0.9972330841976585f,0.24432210562842635f,0f,0f,0f,1f], start_interpolation: 0, interpolation_duration: 1 }
$data merge entity $(bone_eye1) { transformation: [-0.9961966150349949f,0.04558080349565156f,-0.07426098939220337f,0.1066497667485932f,0.04545468525017602f,0.9989606550573905f,0.003388397278453604f,0.29616802724926744f,0.0743382524789598f,5.582038510351417e-18f,-0.9972330841976585f,0.24993154172703816f,0f,0f,0f,1f], start_interpolation: 0, interpolation_duration: 1 }
$data merge entity $(bone_nail_head1) { transformation: [-0.9487841132992935f,0.04558080349565156f,0.312619731788581f,0.09943330715608513f,0.043291336860115465f,0.9989606550573905f,-0.014264284075031929f,0.5467574080815275f,-0.31294498958081673f,5.582038510351417e-18f,-0.9497712532479926f,1.2177068133733525e-17f,0f,0f,0f,1f], start_interpolation: 0, interpolation_duration: 1 }
$data merge entity $(bone_nail_left_rotation1) { transformation: [-0.7876964672801696f,0.3756108659675743f,-0.48831419475725824f,0.26927824618392815f,0.41902277946107674f,0.9077023032370518f,0.022280910907436294f,0.10105249814693174f,0.4516128715249981f,-0.18706417632791214f,-0.8723834066554139f,0.2365313839045934f,0f,0f,0f,1f], start_interpolation: 0, interpolation_duration: 1 }
$data merge entity $(bone_nail_right_rotation1) { transformation: [-0.8941170940945516f,-0.35457454108832753f,0.27355349908183735f,-0.07316434023435134f,-0.3478521207920353f,0.9345901090460249f,0.07443272219812203f,0.11667754620167975f,-0.28205234285217007f,-0.028604595528367305f,-0.958972498566179f,0.26208515819423583f,0f,0f,0f,1f], start_interpolation: 0, interpolation_duration: 1 }
$data merge entity $(bone_magnet_left1) { transformation: [-0.9961966150349949f,0.013692721113615514f,-0.08605122649516908f,0.33708726004092093f,0.04545468525017602f,0.9242159864923262f,-0.3791552213814601f,0.2856535730046359f,0.0743382524789598f,-0.38162457952878415f,-0.9213232356333216f,-0.018584563119739942f,0f,0f,0f,1f], start_interpolation: 0, interpolation_duration: 1 }
$data merge entity $(bone_magnet_right1) { transformation: [-0.9961966150349949f,0.07052962173648727f,-0.051165189831819884f,-0.16101104747657652f,0.04545468525017602f,0.9216226194908558f,0.3854161631686205f,0.3083809156297239f,0.0743382524789598f,0.38162457952878415f,-0.9213232356333216f,0.018584563119739956f,0f,0f,0f,1f], start_interpolation: 0, interpolation_duration: 1 }
$data merge entity $(bone_body1) { transformation: [-0.9961966150349949f,0.04558080349565156f,-0.07426098939220337f,0.08661370617293312f,0.04545468525017602f,0.9989606550573905f,0.003388397278453604f,0.2657997238466364f,0.0743382524789598f,5.582038510351417e-18f,-0.9972330841976585f,1.0607119802697189e-17f,0f,0f,0f,1f], start_interpolation: 0, interpolation_duration: 1 }