# This file was generated by Animated Java via MC-Build. It is not recommended to edit this file directly.
$data merge entity $(bone_pupil1) { transformation: [-0.9967261101060693f,0.03960778168986472f,-0.07048606289495768f,0.10283165843730065f,0.03950911281879863f,0.9992153039408513f,0.0027939890234976055f,0.2943245031526842f,0.07054141646646567f,4.8505543067819975e-18f,-0.9975088513707057f,0.2556116431637433f,0f,0f,0f,1f], start_interpolation: 0, interpolation_duration: 1 }
$data merge entity $(bone_pupil_closed1) { transformation: [-0.9967261101060693f,0.03960778168986472f,-0.07048606289495768f,0.10203869022973237f,0.03950911281879863f,0.9992153039408513f,0.0027939890234976055f,0.2943559355291986f,0.07054141646646567f,4.8505543067819975e-18f,-0.9975088513707057f,0.2443896685858229f,0f,0f,0f,1f], start_interpolation: 0, interpolation_duration: 1 }
$data merge entity $(bone_eye1) { transformation: [-0.9967261101060693f,0.03960778168986472f,-0.07048606289495768f,0.10243517433351651f,0.03950911281879863f,0.9992153039408513f,0.0027939890234976055f,0.2943402193409414f,0.07054141646646567f,4.8505543067819975e-18f,-0.9975088513707057f,0.2500006558747831f,0f,0f,0f,1f], start_interpolation: 0, interpolation_duration: 1 }
$data merge entity $(bone_nail_head1) { transformation: [-0.9954812072602747f,0.03960778168986472f,0.08630405333026978f,0.09467155024293392f,0.039459766256604425f,0.9992153039408513f,-0.0034209965457635857f,0.5448442888251683f,-0.08637182896407936f,4.8505543067819975e-18f,-0.9962629708874057f,1.1593921097532684e-17f,0f,0f,0f,1f], start_interpolation: 0, interpolation_duration: 1 }
$data merge entity $(bone_nail_left_rotation1) { transformation: [-0.8566010416840948f,0.1757737742393644f,-0.4851167237638512f,0.2662769616518382f,0.1905120261306922f,0.9814965077599684f,0.01922948659128867f,0.1001984673294404f,0.4795204096650133f,-0.0759485717089864f,-0.8742379488274703f,0.23725290688750264f,0f,0f,0f,1f], start_interpolation: 0, interpolation_duration: 1 }
$data merge entity $(bone_nail_right_rotation1) { transformation: [-0.9503760465513182f,-0.14210951228656735f,0.27674944744147306f,-0.07634763869712313f,-0.12579826712936948f,0.9891464003605115f,0.0759222934393487f,0.11377972486090246f,-0.2845349998308372f,0.03734012816684947f,-0.9579381758233402f,0.2615015187978502f,0f,0f,0f,1f], start_interpolation: 0, interpolation_duration: 1 }
$data merge entity $(bone_magnet_left1) { transformation: [-0.9967261101060693f,0.028093694630152054f,-0.07581428463588956f,0.33395113234698504f,0.03950911281879863f,0.9873503816248245f,-0.15355212114974123f,0.2851631846352558f,0.07054141646646567f,-0.15604476353707333f,-0.9852278621392938f,-0.017635354116616406f,0f,0f,0f,1f], start_interpolation: 0, interpolation_duration: 1 }
$data merge entity $(bone_magnet_right1) { transformation: [-0.9967261101060693f,0.05014659371368185f,-0.06342224035572093f,-0.16441192270604957f,0.03950911281879863f,0.9864762292683863f,0.15907130191425997f,0.3049177410446551f,0.07054141646646567f,0.15604476353707333f,-0.9852278621392938f,0.017635354116616427f,0f,0f,0f,1f], start_interpolation: 0, interpolation_duration: 1 }
$data merge entity $(bone_body1) { transformation: [-0.9967261101060693f,0.03960778168986472f,-0.07048606289495768f,0.08353186164265947f,0.03950911281879863f,0.9992153039408513f,0.0027939890234976055f,0.26381498459180386f,0.07054141646646567f,4.8505543067819975e-18f,-0.9975088513707057f,1.0229702698750248e-17f,0f,0f,0f,1f], start_interpolation: 0, interpolation_duration: 1 }