# This file was generated by Animated Java via MC-Build. It is not recommended to edit this file directly.
$data merge entity $(bone_pupil1) { transformation: [-0.9977338544974275f,0.026963551680397487f,-0.06164513338848942f,0.09248451964346407f,0.0269122331702327f,0.9996364173442155f,0.0016627762965874234f,0.29103068997334663f,0.061667554641781815f,3.1936625086557516e-18f,-0.9980967451627637f,0.25576229094795816f,0f,0f,0f,1f], start_interpolation: 0, interpolation_duration: 1 }
$data merge entity $(bone_pupil_closed1) { transformation: [-0.9977338544974275f,0.026963551680397487f,-0.06164513338848942f,0.09179101189284358f,0.0269122331702327f,0.9996364173442155f,0.0016627762965874234f,0.2910493962066833f,0.061667554641781815f,3.1936625086557516e-18f,-0.9980967451627637f,0.2445337025648771f,0f,0f,0f,1f], start_interpolation: 0, interpolation_duration: 1 }
$data merge entity $(bone_eye1) { transformation: [-0.9977338544974275f,0.026963551680397487f,-0.06164513338848942f,0.09213776576815383f,0.0269122331702327f,0.9996364173442155f,0.0016627762965874234f,0.29104004309001497f,0.061667554641781815f,3.1936625086557516e-18f,-0.9980967451627637f,0.25014799675641763f,0f,0f,0f,1f], start_interpolation: 0, interpolation_duration: 1 }
$data merge entity $(bone_nail_head1) { transformation: [-0.929851890010505f,0.026963551680397487f,-0.36694472270993367f,0.08342884213276304f,0.02508122859111503f,0.9996364173442155f,0.009897731638193684f,0.5413658807354012f,0.36707818597166986f,3.1936625086557516e-18f,-0.9301900909941732f,1.0186593261344653e-17f,0f,0f,0f,1f], start_interpolation: 0, interpolation_duration: 1 }
$data merge entity $(bone_nail_left_rotation1) { transformation: [-0.8435515524750392f,-0.2457353581637528f,-0.47753001169045173f,0.25852907786145685f,-0.2863759698303717f,0.9580307376846333f,0.01288058830766128f,0.09898371399702621f,0.45432321338521203f,0.14761856048468136f,-0.878521017608438f,0.23892507533663468f,0f,0f,0f,1f], start_interpolation: 0, interpolation_duration: 1 }
$data merge entity $(bone_nail_right_rotation1) { transformation: [-0.9133581419978214f,0.2914897954612998f,0.2842720591057393f,-0.08444193462203387f,0.3253623701984879f,0.9422677940204393f,0.07918795622237676f,0.10823479414929371f,-0.24477792487295405f,0.16481839549572289f,-0.9554677723508553f,0.2601232972447472f,0f,0f,0f,1f], start_interpolation: 0, interpolation_duration: 1 }
$data merge entity $(bone_magnet_left1) { transformation: [-0.9977338544974275f,0.04469325536565692f,-0.050295810109056774f,0.32612141783702053f,0.0269122331702327f,0.9501969025076682f,0.3104860353874614f,0.28472871810678907f,0.061667554641781815f,0.30842885628561584f,-0.9492464133800295f,-0.015416888660445443f,0f,0f,0f,1f], start_interpolation: 0, interpolation_duration: 1 }
$data merge entity $(bone_magnet_right1) { transformation: [-0.9977338544974275f,0.006594467690549399f,-0.0669602015049568f,-0.17274550941169323f,0.0269122331702327f,0.951224554774647f,-0.3073232469234402f,0.29818483469190543f,0.061667554641781815f,-0.30842885628561584f,-0.9492464133800295f,0.015416888660445462f,0f,0f,0f,1f], start_interpolation: 0, interpolation_duration: 1 }
$data merge entity $(bone_body1) { transformation: [-0.9977338544974275f,0.026963551680397487f,-0.06164513338848942f,0.07584534322265124f,0.0269122331702327f,0.9996364173442155f,0.0016627762965874234f,0.2602181383573405f,0.061667554641781815f,3.1936625086557516e-18f,-0.9980967451627637f,9.288375680785224e-18f,0f,0f,0f,1f], start_interpolation: 0, interpolation_duration: 1 }