# This file was generated by Animated Java via MC-Build. It is not recommended to edit this file directly.
$data merge entity $(bone_pupil1) { transformation: [-0.9981872322573312f,0.02037054202763971f,-0.05663294426346586f,0.08643683068087976f,0.020337835087668198f,0.9997924989804136f,0.0011538832032090603f,0.28955941047621425f,0.05664469809607497f,2.38625169185601e-18f,-0.9983944001133042f,0.2558385650290342f,0f,0f,0f,1f], start_interpolation: 0, interpolation_duration: 1 }
$data merge entity $(bone_pupil_closed1) { transformation: [-0.9981872322573312f,0.02037054202763971f,-0.05663294426346586f,0.08579971005791578f,0.020337835087668198f,0.9997924989804136f,0.0011538832032090603f,0.28957239166225035f,0.05664469809607497f,2.38625169185601e-18f,-0.9983944001133042f,0.2446066280277595f,0f,0f,0f,1f], start_interpolation: 0, interpolation_duration: 1 }
$data merge entity $(bone_eye1) { transformation: [-0.9981872322573312f,0.02037054202763971f,-0.05663294426346586f,0.08611827036939777f,0.020337835087668198f,0.9997924989804136f,0.0011538832032090603f,0.2895659010692323f,0.05664469809607497f,2.38625169185601e-18f,-0.9983944001133042f,0.25022259652839685f,0f,0f,0f,1f], start_interpolation: 0, interpolation_duration: 1 }
$data merge entity $(bone_nail_head1) { transformation: [-0.8215038936747489f,0.02037054202763971f,-0.5698389190768975f,0.07701727422027657f,0.01673795273422928f,0.9997924989804136f,0.011610336806765872f,0.5398032177921399f,0.5699571857740663f,2.38625169185601e-18f,-0.8216743919488463f,9.401402649190411e-18f,0f,0f,0f,1f], start_interpolation: 0, interpolation_duration: 1 }
$data merge entity $(bone_nail_left_rotation1) { transformation: [-0.7615899861860438f,-0.4428118078892304f,-0.47317903137714484f,0.25382682869327944f,-0.5070897855420371f,0.8618393134332928f,0.009640913844718504f,0.09860996328171376f,0.4035351810438249f,0.24728667698584522f,-0.8809135355102824f,0.23986279254306314f,0f,0f,0f,1f], start_interpolation: 0, interpolation_duration: 1 }
$data merge entity $(bone_nail_right_rotation1) { transformation: [-0.8225799206876548f,0.4900031613900967f,0.2885466615804144f,-0.08930003239517814f,0.5309000512424527f,0.8435580077718341f,0.08096309724050521f,0.10560109409309973f,-0.20373367338820664f,0.21978805552560232f,-0.9540365826193575f,0.25933440751358894f,0f,0f,0f,1f], start_interpolation: 0, interpolation_duration: 1 }
$data merge entity $(bone_magnet_left1) { transformation: [-0.9981872322573312f,0.04695937439572785f,-0.03764394393273008f,0.32147144677769945f,0.020337835087668198f,0.8518603383331226f,0.5233739928950661f,0.28477063427511945f,0.05664469809607497f,0.5216596410796409f,-0.8512711654028137f,-0.014161174524018733f,0f,0f,0f,1f], start_interpolation: 0, interpolation_duration: 1 }
$data merge entity $(bone_magnet_right1) { transformation: [-0.9981872322573312f,-0.01222188979087049f,-0.05893110187658535f,-0.17762216935096614f,0.020337835087668198f,0.8530661429681757f,-0.521406298567007f,0.29493955181895354f,0.05664469809607497f,-0.5216596410796409f,-0.8512711654028137f,0.014161174524018749f,0f,0f,0f,1f], start_interpolation: 0, interpolation_duration: 1 }
$data merge entity $(bone_body1) { transformation: [-0.9981872322573312f,0.02037054202763971f,-0.05663294426346586f,0.0712880592750029f,0.020337835087668198f,0.9997924989804136f,0.0011538832032090603f,0.2586115774538986f,0.05664469809607497f,2.38625169185601e-18f,-0.9983944001133042f,8.730269360855909e-18f,0f,0f,0f,1f], start_interpolation: 0, interpolation_duration: 1 }