# This file was generated by Animated Java via MC-Build. It is not recommended to edit this file directly.
$data merge entity $(bone_pupil1) { transformation: [-0.9989372398487515f,0.006846794247134714f,-0.04557973510119739f,0.07277952397085956f,0.006839678066160868f,0.999976560429562f,0.00031208238315380576f,0.2869638586600078f,0.045580803495651544f,8.38490465917404e-19f,-0.9989606550573905f,0.2559836678584563f,0f,0f,0f,1f], start_interpolation: 0, interpolation_duration: 1 }
$data merge entity $(bone_pupil_closed1) { transformation: [-0.9989372398487515f,0.006846794247134714f,-0.04557973510119739f,0.07226675195097108f,0.006839678066160868f,0.999976560429562f,0.00031208238315380576f,0.2869673695868183f,0.045580803495651544f,8.38490465917404e-19f,-0.9989606550573905f,0.24474536048906068f,0f,0f,0f,1f], start_interpolation: 0, interpolation_duration: 1 }
$data merge entity $(bone_eye1) { transformation: [-0.9989372398487515f,0.006846794247134714f,-0.04557973510119739f,0.07252313796091532f,0.006839678066160868f,0.999976560429562f,0.00031208238315380576f,0.28696561412341304f,0.045580803495651544f,8.38490465917404e-19f,-0.9989606550573905f,0.2503645141737585f,0f,0f,0f,1f], start_interpolation: 0, interpolation_duration: 1 }
$data merge entity $(bone_nail_head1) { transformation: [-0.48308016123438535f,0.006846794247134714f,-0.8755493585345703f,0.06281141541296141f,0.0033076279982239467f,0.999976560429562f,0.00599484682773147f,0.5370379698780814f,0.8755698815164815f,8.38490465917404e-19f,-0.48309148469126884f,7.692179883539792e-18f,0f,0f,0f,1f], start_interpolation: 0, interpolation_duration: 1 }
$data merge entity $(bone_nail_left_rotation1) { transformation: [-0.4688143052448964f,-0.7519314665333257f,-0.4634783887462144f,0.24290321480414348f,-0.8494502000137626f,0.5276592528614756f,0.003173415549236144f,0.09829463442673825f,0.24217246931541123f,0.3951895526284967f,-0.8861025406796691f,0.24190596316353252f,0f,0f,0f,1f], start_interpolation: 0, interpolation_duration: 1 }
$data merge entity $(bone_nail_right_rotation1) { transformation: [-0.5210598102655746f,0.7998166783831712f,0.29797643380998196f,-0.10048146139386485f,0.8490141037498274f,0.5215231478750737f,0.08478595322546877f,0.10064577376198103f,-0.08758838827082496f,0.29716474759060024f,-0.9508003928425429f,0.25757436436516273f,0f,0f,0f,1f], start_interpolation: 0, interpolation_duration: 1 }
$data merge entity $(bone_magnet_left1) { transformation: [-0.9989372398487515f,0.04244055299493419f,-0.017977494398333294f,0.3108340268133656f,0.006839678066160868f,0.5222202235995752f,0.8527832414321712f,0.2853339102541507f,0.045580803495651544f,0.8517539771114038f,-0.5219555084751927f,-0.011395200873912879f,0f,0f,0f,1f], start_interpolation: 0, interpolation_duration: 1 }
$data merge entity $(bone_magnet_right1) { transformation: [-0.9989372398487515f,-0.03528567266086755f,-0.02965319794268447f,-0.18863459311101016f,0.006839678066160868f,0.5227524115485038f,-0.8524571162376293f,0.28875374928723113f,0.045580803495651544f,-0.8517539771114038f,-0.5219555084751927f,0.011395200873912893f,0f,0f,0f,1f], start_interpolation: 0, interpolation_duration: 1 }
$data merge entity $(bone_body1) { transformation: [-0.9989372398487515f,0.006846794247134714f,-0.04557973510119739f,0.060885754530954767f,0.006839678066160868f,0.999976560429562f,0.00031208238315380576f,0.25579456225726716f,0.045580803495651544f,8.38490465917404e-19f,-0.9989606550573905f,7.456354440000521e-18f,0f,0f,0f,1f], start_interpolation: 0, interpolation_duration: 1 }