# This file was generated by Animated Java via MC-Build. It is not recommended to edit this file directly.
$data merge entity $(bone_pupil1) { transformation: [-0.9995432711842243f,-0.013651058374887027f,-0.026961039215610143f,0.049043780075367346f,-0.013646095086828817f,0.9999068199613629f,-0.00036808101798339133f,0.2839317288473686f,0.026963551680397515f,-1.6717724943779066e-18f,-0.9996364173442155f,0.2561568319444552f,0f,0f,0f,1f], start_interpolation: 0, interpolation_duration: 1 }
$data merge entity $(bone_pupil_closed1) { transformation: [-0.9995432711842243f,-0.013651058374887027f,-0.026961039215610143f,0.04874046838419173f,-0.013646095086828817f,0.9999068199613629f,-0.00036808101798339133f,0.2839275879359163f,0.026963551680397515f,-1.6717724943779066e-18f,-0.9996364173442155f,0.2449109222493328f,0f,0f,0f,1f], start_interpolation: 0, interpolation_duration: 1 }
$data merge entity $(bone_eye1) { transformation: [-0.9995432711842243f,-0.013651058374887027f,-0.026961039215610143f,0.04889212422977954f,-0.013646095086828817f,0.9999068199613629f,-0.00036808101798339133f,0.28392965839164247f,0.026963551680397515f,-1.6717724943779066e-18f,-0.9996364173442155f,0.250533877096894f,0f,0f,0f,1f], start_interpolation: 0, interpolation_duration: 1 }
$data merge entity $(bone_nail_head1) { transformation: [0.18299212099585457f,-0.013651058374887027f,-0.9830195991223593f,0.03872224918264549f,0.002498268914652796f,0.9999068199613629f,-0.013420508454773716f,0.5338141130768511f,0.9831112054624689f,-1.6717724943779066e-18f,0.18300917379774f,4.742107851731301e-18f,0f,0f,0f,1f], start_interpolation: 0, interpolation_duration: 1 }
$data merge entity $(bone_nail_left_rotation1) { transformation: [0.15341356113789845f,-0.8813513519206625f,-0.4468602395901974f,0.22323134676034967f,-0.9856859293695274f,-0.16848154291076511f,-0.006100683678002618f,0.09879232219129941f,-0.0699108568243827f,0.4413997781671716f,-0.8945829799029559f,0.24527474389098555f,0f,0f,0f,1f], start_interpolation: 0, interpolation_duration: 1 }
$data merge entity $(bone_nail_right_rotation1) { transformation: [0.10064698230848751f,0.9441280805471313f,0.3138349127719615f,-0.12036165270922745f,0.9865840545440548f,-0.13546080156801749f,0.0911168181949054f,0.094101477005202f,0.12853827551203673f,0.3004538879111733f,-0.9450954306139946f,0.2545434647811222f,0f,0f,0f,1f], start_interpolation: 0, interpolation_duration: 1 }
$data merge entity $(bone_magnet_left1) { transformation: [-0.9995432711842243f,0.028764600097694847f,-0.009265355447036817f,0.2920208315724233f,-0.013646095086828817f,-0.1560563391408793f,0.987653888314539f,0.28724893185821765f,0.026963551680397515f,0.9873292342451765f,0.15637758818197695f,-0.0067408879200993735f,0f,0f,0f,1f], start_interpolation: 0, interpolation_duration: 1 }
$data merge entity $(bone_magnet_right1) { transformation: [-0.9995432711842243f,-0.024493608069477972f,0.017700626940282224f,-0.20775080401968882f,-0.013646095086828817f,-0.15678343780059245f,-0.9875387272002597f,0.2804258843148032f,0.026963551680397515f,-0.9873292342451765f,0.15637758818197695f,0.006740887920099384f,0f,0f,0f,1f], start_interpolation: 0, interpolation_duration: 1 }
$data merge entity $(bone_body1) { transformation: [-0.9995432711842243f,-0.013651058374887027f,-0.026961039215610143f,0.042561609350582466f,-0.013646095086828817f,0.9999068199613629f,-0.00036808101798339133f,0.2525903199627178f,0.026963551680397515f,-1.6717724943779066e-18f,-0.9996364173442155f,5.212293865775088e-18f,0f,0f,0f,1f], start_interpolation: 0, interpolation_duration: 1 }