# This file was generated by Animated Java via MC-Build. It is not recommended to edit this file directly.
$data merge entity $(bone_pupil1) { transformation: [-0.9995850410175001f,-0.020370542027639642f,-0.020366315119399323f,0.040458860595209575f,-0.02036631511939938f,0.9997924989804136f,-0.0004149589824998344f,0.2831512287946007f,0.020370542027639587f,-2.52177696341669e-18f,-0.9997924989804136f,0.25619682786373094f,0f,0f,0f,1f], start_interpolation: 0, interpolation_duration: 1 }
$data merge entity $(bone_pupil_closed1) { transformation: [-0.9995850410175001f,-0.020370542027639642f,-0.020366315119399323f,0.04022973955011633f,-0.02036631511939938f,0.9997924989804136f,-0.0004149589824998344f,0.28314656050604753f,0.020370542027639587f,-2.52177696341669e-18f,-0.9997924989804136f,0.2449491622502013f,0f,0f,0f,1f], start_interpolation: 0, interpolation_duration: 1 }
$data merge entity $(bone_eye1) { transformation: [-0.9995850410175001f,-0.020370542027639642f,-0.020366315119399323f,0.04034430007266295f,-0.02036631511939938f,0.9997924989804136f,-0.0004149589824998344f,0.2831488946503241f,0.020370542027639587f,-2.52177696341669e-18f,-0.9997924989804136f,0.2505729950569661f,0f,0f,0f,1f], start_interpolation: 0, interpolation_duration: 1 }
$data merge entity $(bone_nail_head1) { transformation: [0.4013406561288634f,-0.020370542027639642f,-0.9157023090260029f,0.030147356838953587f,0.008177223485284067f,0.9997924989804136f,-0.018657223763774492f,0.5329930203004385f,0.9158923576240414f,-2.52177696341669e-18f,0.4014239520081916f,3.684363109032469e-18f,0f,0f,0f,1f], start_interpolation: 0, interpolation_duration: 1 }
$data merge entity $(bone_nail_left_rotation1) { transformation: [0.3622111578492729f,-0.8212242981470352f,-0.4409010424827755f,0.21595472668077859f,-0.9166913092787599f,-0.39949511208769006f,-0.008983257250964296f,0.09918800215327928f,-0.16876054225523837f,0.40742398990603523f,-0.8975107641843438f,0.24644693783410285f,0f,0f,0f,1f], start_interpolation: 0, interpolation_duration: 1 }
$data merge entity $(bone_nail_right_rotation1) { transformation: [0.31073293866143004f,0.8952111926341858f,0.3194400748392573f,-0.12765263116898706f,0.9297935498633233f,-0.35604719330571744f,0.09335068704450415f,0.09218708133098574f,0.19730432195821712f,0.2680061878419964f,-0.9429971833547588f,0.25344931165610396f,0f,0f,0f,1f], start_interpolation: 0, interpolation_duration: 1 }
$data merge entity $(bone_magnet_left1) { transformation: [-0.9995850410175001f,0.02661149063376264f,-0.011026075470976497f,0.28513625260023856f,-0.02036631511939938f,-0.3822206530519311f,0.9238466244940297f,0.2881364743351849f,0.020370542027639587f,0.9236878265663159f,0.38260402516269437f,-0.005092635506909892f,0f,0f,0f,1f], start_interpolation: 0, interpolation_duration: 1 }
$data merge entity $(bone_magnet_right1) { transformation: [-0.9995850410175001f,-0.011020552749213765f,0.026613778220017974f,-0.21465626790851153f,-0.02036631511939938f,-0.38298739727345765f,-0.9235290286386021f,0.2779533167754852f,0.020370542027639587f,-0.9236878265663159f,0.38260402516269437f,0.005092635506909901f,0f,0f,0f,1f], start_interpolation: 0, interpolation_duration: 1 }
$data merge entity $(bone_body1) { transformation: [-0.9995850410175001f,-0.020370542027639642f,-0.020366315119399323f,0.035876571784227235f,-0.02036631511939938f,0.9997924989804136f,-0.0004149589824998344f,0.25180137996219715f,0.020370542027639587f,-2.52177696341669e-18f,-0.9997924989804136f,4.393612879993413e-18f,0f,0f,0f,1f], start_interpolation: 0, interpolation_duration: 1 }