# This file was generated by Animated Java via MC-Build. It is not recommended to edit this file directly.
$data merge entity $(bone_pupil1) { transformation: [-0.9995432711842243f,-0.02696355168039757f,-0.013646095086828604f,0.03162454409863876f,-0.0269610392156102f,0.9996364173442155f,-0.00036808101798338803f,0.2824871768720708f,0.013651058374886813f,-3.2749776715921745e-18f,-0.9999068199613629f,0.2562261226150992f,0f,0f,0f,1f], start_interpolation: 0, interpolation_duration: 1 }
$data merge entity $(bone_pupil_closed1) { transformation: [-0.9995432711842243f,-0.02696355168039757f,-0.013646095086828604f,0.031471025528911935f,-0.0269610392156102f,0.9996364173442155f,-0.00036808101798338803f,0.2824830359606185f,0.013651058374886813f,-3.2749776715921745e-18f,-0.9999068199613629f,0.2449771708905339f,0f,0f,0f,1f], start_interpolation: 0, interpolation_duration: 1 }
$data merge entity $(bone_eye1) { transformation: [-0.9995432711842243f,-0.02696355168039757f,-0.013646095086828604f,0.03154778481377535f,-0.0269610392156102f,0.9996364173442155f,-0.00036808101798338803f,0.28248510641634467f,0.013651058374886813f,-3.2749776715921745e-18f,-0.9999068199613629f,0.25060164675281654f,0f,0f,0f,1f], start_interpolation: 0, interpolation_duration: 1 }
$data merge entity $(bone_nail_head1) { transformation: [0.5985567166623643f,-0.02696355168039757f,-0.800626519557745f,0.021386844312539538f,0.016145085036270105f,0.9996364173442155f,-0.021595586317418605f,0.5323019604472665f,0.800917719349211f,-3.2749776715921745e-18f,0.5987744206564425f,2.626756339646721e-18f,0f,0f,0f,1f], start_interpolation: 0, interpolation_duration: 1 }
$data merge entity $(bone_nail_left_rotation1) { transformation: [0.5508952069471967f,-0.712369068850402f,-0.43479280204232473f,0.20839142167920918f,-0.7944517518697805f,-0.6072140249837713f,-0.011727822220882735f,0.09968697672885102f,-0.2556577495669588f,0.35188270433230867f,-0.9004541506807212f,0.24763042933215704f,0f,0f,0f,1f], start_interpolation: 0, interpolation_duration: 1 }
$data merge entity $(bone_nail_right_rotation1) { transformation: [0.5039838121245451f,0.8001755224040522f,0.32514527593340986f,-0.13520157779036793f,0.8242922494792365f,-0.5580304272618426f,0.09562598861410786f,0.09041911949848502f,0.2579585326459881f,0.219820780626781f,-0.9408167833535714f,0.2523229806485244f,0f,0f,0f,1f], start_interpolation: 0, interpolation_duration: 1 }
$data merge entity $(bone_magnet_left1) { transformation: [-0.9995432711842243f,0.026888700859264446f,-0.013792998094730159f,0.278013550028695f,-0.0269610392156102f,-0.5872737599705588f,0.8089392024215768f,0.28913311591511515f,0.013651058374886813f,0.8089416101401531f,0.5877304824399546f,-0.0034127645937217f,0f,0f,0f,1f], start_interpolation: 0, interpolation_duration: 1 }
$data merge entity $(bone_magnet_right1) { transformation: [-0.9995432711842243f,0.004808855195062828f,0.02983494498156743f,-0.22175808556341717f,-0.0269610392156102f,-0.5878693275682695f,-0.808506497233538f,0.2756525963073101f,0.013651058374886813f,-0.8089416101401531f,0.5877304824399546f,0.0034127645937217068f,0f,0f,0f,1f], start_interpolation: 0, interpolation_duration: 1 }
$data merge entity $(bone_body1) { transformation: [-0.9995432711842243f,-0.02696355168039757f,-0.013646095086828604f,0.028970343222651355f,-0.0269610392156102f,0.9996364173442155f,-0.00036808101798338803f,0.25115421806920585f,0.013651058374886813f,-3.2749776715921745e-18f,-0.9999068199613629f,3.54784380978202e-18f,0f,0f,0f,1f], start_interpolation: 0, interpolation_duration: 1 }