# This file was generated by Animated Java via MC-Build. It is not recommended to edit this file directly.
$data merge entity $(bone_pupil1) { transformation: [-0.9931847990746521f,0.08715574274765817f,-0.07738107903839898f,0.09839786168710538f,0.08689241070530468f,0.9961946980917455f,0.006769967187263432f,0.4157078895742133f,0.0776766621892546f,1.023981926932877e-17f,-0.9969786036576394f,0.25547576718727005f,0f,0f,0f,1f], start_interpolation: 0, interpolation_duration: 1 }
$data merge entity $(bone_pupil_closed1) { transformation: [-0.9931847990746521f,0.08715574274765817f,-0.07738107903839898f,0.0975273245479234f,0.08689241070530468f,0.9961946980917455f,0.006769967187263432f,0.41578405170507f,0.0776766621892546f,1.023981926932877e-17f,-0.9969786036576394f,0.24425975789612164f,0f,0f,0f,1f], start_interpolation: 0, interpolation_duration: 1 }
$data merge entity $(bone_eye1) { transformation: [-0.9931847990746521f,0.08715574274765817f,-0.07738107903839898f,0.09796259311751439f,0.08689241070530468f,0.9961946980917455f,0.006769967187263432f,0.41574597063964164f,0.0776766621892546f,1.023981926932877e-17f,-0.9969786036576394f,0.24986776254169585f,0f,0f,0f,1f], start_interpolation: 0, interpolation_duration: 1 }
$data merge entity $(bone_nail_head1) { transformation: [0.968486943511177f,0.08715574274765817f,-0.2333172020115155f,0.10035789587043017f,-0.08473162833009995f,0.9961946980917455f,0.020412610181595507f,0.666491368188886f,0.23420843581926787f,1.023981926932877e-17f,0.9721864062982428f,1.2168324850283952e-17f,0f,0f,0f,1f], start_interpolation: 0, interpolation_duration: 1 }
$data merge entity $(bone_nail_left_rotation1) { transformation: [0.7980408838770517f,-0.3509401726953627f,-0.4898691078740147f,0.2522761655188853f,-0.3800169194610437f,-0.9239861109952687f,0.04285799355053427f,0.21402906288695717f,-0.46767284353923394f,0.15195611825914748f,-0.8707418960516021f,0.2358939746006317f,0f,0f,0f,1f], start_interpolation: 0, interpolation_duration: 1 }
$data merge entity $(bone_nail_right_rotation1) { transformation: [0.9307142314594185f,0.24315353226118533f,0.27321672552721454f,-0.08913110916302636f,0.23484203943448356f,-0.9699733737088349f,0.06325243718746165f,0.24389832906690567f,0.28039300253957306f,0.005292829565559085f,-0.9598706944594322f,0.26259532722818796f,0f,0f,0f,1f], start_interpolation: 0, interpolation_duration: 1 }
$data merge entity $(bone_magnet_left1) { transformation: [-0.9931847990746521f,-0.05897796860676807f,0.10052638512381713f,0.3268651599521787f,0.08689241070530468f,-0.949529494031063f,0.30140247000801823f,0.3957195909896234f,0.0776766621892546f,0.30808333155841583f,0.9481829976154412f,-0.01941916554731364f,0f,0f,0f,1f], start_interpolation: 0, interpolation_duration: 1 }
$data merge entity $(bone_magnet_right1) { transformation: [-0.9931847990746521f,-0.1068021055386407f,0.046661173791022206f,-0.16972723958514735f,0.08689241070530468f,-0.9453454242066126f,-0.3142797128251208f,0.4391657963422757f,0.0776766621892546f,-0.30808333155841583f,0.9481829976154412f,0.019419165547313662f,0f,0f,0f,1f], start_interpolation: 0, interpolation_duration: 1 }
$data merge entity $(bone_body1) { transformation: [-0.9931847990746521f,0.08715574274765817f,-0.07738107903839898f,0.07584534322265132f,0.08689241070530468f,0.9961946980917455f,0.006769967187263432f,0.3863116093505825f,0.0776766621892546f,1.023981926932877e-17f,-0.9969786036576394f,9.288375680785234e-18f,0f,0f,0f,1f], start_interpolation: 0, interpolation_duration: 1 }