# This file was generated by Animated Java via MC-Build. It is not recommended to edit this file directly.
$data merge entity $(bone_pupil1) { transformation: [-0.9956673318224603f,-0.07767666218925473f,0.05111653834796745f,-0.05808761799566343f,-0.07757449829225052f,0.9969786036576394f,0.0039825950797461925f,0.2827253613378341f,-0.0512714497186148f,-9.512647571852105e-18f,-0.998684754286232f,0.2559129682858469f,0f,0f,0f,1f], start_interpolation: 0, interpolation_duration: 1 }
$data merge entity $(bone_pupil_closed1) { transformation: [-0.9956673318224603f,-0.07767666218925473f,0.05111653834796745f,-0.05751255693924879f,-0.07757449829225052f,0.9969786036576394f,0.0039825950797461925f,0.28277016553248124f,-0.0512714497186148f,-9.512647571852105e-18f,-0.998684754286232f,0.24467776480012685f,0f,0f,0f,1f], start_interpolation: 0, interpolation_duration: 1 }
$data merge entity $(bone_eye1) { transformation: [-0.9956673318224603f,-0.07767666218925473f,0.05111653834796745f,-0.05780008746745611f,-0.07757449829225052f,0.9969786036576394f,0.0039825950797461925f,0.2827477634351577f,-0.0512714497186148f,-9.512647571852105e-18f,-0.998684754286232f,0.2502953665429869f,0f,0f,0f,1f], start_interpolation: 0, interpolation_duration: 1 }
$data merge entity $(bone_nail_head1) { transformation: [0.20624389534955262f,-0.07767666218925473f,0.9754126264213413f,-0.06440817059131045f,0.016068887866689415f,0.9969786036576394f,0.0759964123600013f,0.5329905522414289f,-0.9783686659300627f,-9.512647571852105e-18f,0.20686892837308712f,-7.887725995358504e-18f,0f,0f,0f,1f], start_interpolation: 0, interpolation_duration: 1 }
$data merge entity $(bone_nail_left_rotation1) { transformation: [0.06782258393398173f,0.9247593714893929f,-0.3744598802956879f,0.12792655718648197f,0.9959657799006881f,-0.08485863530503039f,-0.029174942690289953f,0.10914988126525571f,-0.058755956083888713f,-0.37097050672083187f,-0.9267840205614021f,0.2584834689919449f,0f,0f,0f,1f], start_interpolation: 0, interpolation_duration: 1 }
$data merge entity $(bone_nail_right_rotation1) { transformation: [0.26015089058464635f,-0.8876249514730005f,0.3800571794487888f,-0.21433408812748875f,-0.9654509356189586f,-0.2329935500662709f,0.11669831421230312f,0.08248364747729459f,-0.015033464021729434f,-0.39728572985959326f,-0.9175718194285599f,0.24085890815117109f,0f,0f,0f,1f], start_interpolation: 0, interpolation_duration: 1 }
$data merge entity $(bone_magnet_left1) { transformation: [-0.9956673318224603f,0.06263851603355851f,0.06872394524950133f,0.2039278279116183f,-0.07757449829225052f,-0.1520282517941626f,-0.9853271577862431f,0.30313952590008175f,-0.0512714497186148f,-0.9863892877386313f,0.15622871528060142f,0.012817862429653694f,0f,0f,0f,1f], start_interpolation: 0, interpolation_duration: 1 }
$data merge entity $(bone_magnet_right1) { transformation: [-0.9956673318224603f,-0.03833590184218487f,-0.08471672191184683f,-0.2939058379996118f,-0.07757449829225052f,-0.15989537724531636f,0.9840811275246993f,0.26435227675395645f,-0.0512714497186148f,0.9863892877386313f,0.15622871528060142f,-0.012817862429653708f,0f,0f,0f,1f], start_interpolation: 0, interpolation_duration: 1 }
$data merge entity $(bone_body1) { transformation: [-0.9956673318224603f,-0.07767666218925473f,0.05111653834796745f,-0.042561609350582556f,-0.07757449829225052f,0.9969786036576394f,0.0039825950797461925f,0.25259031996271786f,-0.0512714497186148f,-9.512647571852105e-18f,-0.998684754286232f,-5.2122938657750984e-18f,0f,0f,0f,1f], start_interpolation: 0, interpolation_duration: 1 }