# This file was generated by Animated Java via MC-Build. It is not recommended to edit this file directly.
$data merge entity $(bone_pupil1) { transformation: [-0.9929820626794456f,-0.08688774989388316f,0.08023180239313914f,-0.1032096569556219f,-0.08660550978663821f,0.9962181081060402f,0.006997625041291146f,0.2912921737984081f,-0.08053638228446962f,-1.0640680479265979e-17f,-0.9967516697395243f,0.2554176153707531f,0f,0f,0f,1f], start_interpolation: 0, interpolation_duration: 1 }
$data merge entity $(bone_pupil_closed1) { transformation: [-0.9929820626794456f,-0.08688774989388316f,0.08023180239313914f,-0.1023070491786991f,-0.08660550978663821f,0.9962181081060402f,0.006997625041291146f,0.29137089708012265f,-0.08053638228446962f,-1.0640680479265979e-17f,-0.9967516697395243f,0.24420415908618345f,0f,0f,0f,1f], start_interpolation: 0, interpolation_duration: 1 }
$data merge entity $(bone_eye1) { transformation: [-0.9929820626794456f,-0.08688774989388316f,0.08023180239313914f,-0.1027583530671605f,-0.08660550978663821f,0.9962181081060402f,0.006997625041291146f,0.2913315354392654f,-0.08053638228446962f,-1.0640680479265979e-17f,-0.9967516697395243f,0.24981088722846828f,0f,0f,0f,1f], start_interpolation: 0, interpolation_duration: 1 }
$data merge entity $(bone_nail_head1) { transformation: [-0.983626115706834f,-0.08688774989388316f,0.15789294923416916f,-0.1043721950658508f,-0.08578950657011147f,0.9962181081060402f,0.013771043681536636f,0.542139842241749f,-0.15849235016852614f,-1.0640680479265979e-17f,-0.9873602052635386f,-1.2781907460737736e-17f,0f,0f,0f,1f], start_interpolation: 0, interpolation_duration: 1 }
$data merge entity $(bone_nail_left_rotation1) { transformation: [-0.937793172252165f,-0.01335050075756411f,-0.3469376459923938f,0.08425203693746801f,-0.0030351213759231f,0.9995374814611938f,-0.030259067937511347f,0.11943033567961212f,0.3471811546087355f,-0.027323749445048586f,-0.937399945914661f,0.2630301081400243f,0f,0f,0f,1f], start_interpolation: 0, interpolation_duration: 1 }
$data merge entity $(bone_nail_right_rotation1) { transformation: [-0.8918863170009547f,-0.20006313080109742f,0.40560268889707307f,-0.2570855471085914f,-0.16384694340378644f,0.9788466241835513f,0.12252944732472199f,0.0896596916904552f,-0.4215364476337832f,0.04282557668646645f,-0.9057996430214368f,0.23534572672973786f,0f,0f,0f,1f], start_interpolation: 0, interpolation_duration: 1 }
$data merge entity $(bone_magnet_left1) { transformation: [-0.9929820626794456f,-0.0803249892939002f,0.08680160880887254f,0.1655952580774814f,-0.08660550978663821f,0.993696127482717f,-0.07118631821107438f,0.3147366926618986f,-0.08053638228446962f,-0.07820423467298078f,-0.99367901699077f,0.020134095571117394f,0f,0f,0f,1f], start_interpolation: 0, interpolation_duration: 1 }
$data merge entity $(bone_magnet_right1) { transformation: [-0.9929820626794456f,-0.09291481862266157f,0.07316734023587042f,-0.3308957732622414f,-0.08660550978663821f,0.9925980728167525f,0.08513842560833065f,0.27143393776857944f,-0.08053638228446962f,0.07820423467298075f,-0.99367901699077f,-0.020134095571117415f,0f,0f,0f,1f], start_interpolation: 0, interpolation_duration: 1 }
$data merge entity $(bone_body1) { transformation: [-0.9929820626794456f,-0.08688774989388316f,0.08023180239313914f,-0.07993501540819616f,-0.08660550978663821f,0.9962181081060402f,0.006997625041291146f,0.26195349933692524f,-0.08053638228446962f,-1.0640680479265979e-17f,-0.9967516697395243f,-9.789216075944179e-18f,0f,0f,0f,1f], start_interpolation: 0, interpolation_duration: 1 }