# This file was generated by Animated Java via MC-Build. It is not recommended to edit this file directly.
$data merge entity $(bone_pupil1) { transformation: [-0.9928584043007932f,0.08608538608278578f,-0.08259234415041357f,0.10738631814629f,0.0857890684310438f,0.9962877627989705f,0.007136486163089932f,0.4220395084502962f,0.08290008894456223f,1.0542419251964771e-17f,-0.996557863474562f,0.2553679525153565f,0f,0f,0f,1f], start_interpolation: 0, interpolation_duration: 1 }
$data merge entity $(bone_pupil_closed1) { transformation: [-0.9928584043007932f,0.08608538608278578f,-0.08259234415041357f,0.10645715427459786f,0.0857890684310438f,0.9962877627989705f,0.007136486163089932f,0.422119793919631f,0.08290008894456223f,1.0542419251964771e-17f,-0.996557863474562f,0.24415667655126766f,0f,0f,0f,1f], start_interpolation: 0, interpolation_duration: 1 }
$data merge entity $(bone_eye1) { transformation: [-0.9928584043007932f,0.08608538608278578f,-0.08259234415041357f,0.10692173621044393f,0.0857890684310438f,0.9962877627989705f,0.007136486163089932f,0.4220796511849636f,0.08290008894456223f,1.0542419251964771e-17f,-0.996557863474562f,0.24976231453331207f,0f,0f,0f,1f], start_interpolation: 0, interpolation_duration: 1 }
$data merge entity $(bone_nail_head1) { transformation: [0.9677143806161983f,0.08608538608278578f,0.2368927686772762f,0.10774337647844298f,-0.08361647024467038f,0.9962877627989705f,-0.020468991202412537f,0.6729401737293306f,-0.2377754475391224f,1.0542419251964771e-17f,0.9713201514163958f,1.3194758113365343e-17f,0f,0f,0f,1f], start_interpolation: 0, interpolation_duration: 1 }
$data merge entity $(bone_nail_left_rotation1) { transformation: [0.8677482647471036f,0.050279372005740924f,-0.4944541776333765f,0.26137664434402647f,0.08203856726814084f,-0.9957129825215163f,0.04272387995836935f,0.22053515982742292f,-0.49018631407759755f,-0.0776378850099276f,-0.8681530604117019f,0.23489101308129387f,0f,0f,0f,1f], start_interpolation: 0, interpolation_duration: 1 }
$data merge entity $(bone_nail_right_rotation1) { transformation: [0.9412134156465086f,-0.2054791458779726f,0.26813359882023613f,-0.07991843213437123f,-0.23021586302944297f,-0.9710341442418428f,0.06397927106587657f,0.2500251521005942f,0.247220473700382f,-0.12194675611007864f,-0.9612549225140996f,0.26338791865598715f,0f,0f,0f,1f], start_interpolation: 0, interpolation_duration: 1 }
$data merge entity $(bone_magnet_left1) { transformation: [-0.9928584043007932f,-0.09794582130318703f,0.0681087740201422f,0.33443663103294485f,0.0857890684310438f,-0.9829054147989673f,-0.1629023673756877f,0.4024209659218271f,0.08290008894456223f,-0.15589599625427839f,0.984288582482226f,-0.020725022236140547f,0f,0f,0f,1f], start_interpolation: 0, interpolation_duration: 1 }
$data merge entity $(bone_magnet_right1) { transformation: [-0.9928584043007932f,-0.07210524295600988f,0.09504221665942683f,-0.16199257111745177f,0.0857890684310438f,-0.9851381995893473f,0.14880511902348276f,0.445315500137349f,0.08290008894456223f,0.15589599625427839f,0.984288582482226f,0.020725022236140568f,0f,0f,0f,1f], start_interpolation: 0, interpolation_duration: 1 }
$data merge entity $(bone_body1) { transformation: [-0.9928584043007932f,0.08608538608278578f,-0.08259234415041357f,0.08353186164265948f,0.0857890684310438f,0.9962877627989705f,0.007136486163089932f,0.3927342404421202f,0.08290008894456223f,1.0542419251964771e-17f,-0.996557863474562f,1.0229702698750251e-17f,0f,0f,0f,1f], start_interpolation: 0, interpolation_duration: 1 }