# This file was generated by Animated Java via MC-Build. It is not recommended to edit this file directly.
$data merge entity $(bone_pupil1) { transformation: [-0.9942089888268902f,-0.0663092496524723f,0.08456695540421587f,-0.1172034464114508f,-0.06607066566881568f,0.9977991197683661f,0.005619940173478408f,0.30985354292959433f,-0.0847534876798124f,-8.120541034076294e-18f,-0.9964019501818069f,0.255327999734088f,0f,0f,0f,1f], start_interpolation: 0, interpolation_duration: 1 }
$data merge entity $(bone_pupil_closed1) { transformation: [-0.9942089888268902f,-0.0663092496524723f,0.08456695540421587f,-0.1162520681631534f,-0.06607066566881568f,0.9977991197683661f,0.005619940173478408f,0.30991676725654593f,-0.0847534876798124f,-8.120541034076294e-18f,-0.9964019501818069f,0.24411847779454268f,0f,0f,0f,1f], start_interpolation: 0, interpolation_duration: 1 }
$data merge entity $(bone_eye1) { transformation: [-0.9942089888268902f,-0.0663092496524723f,0.08456695540421587f,-0.1167277572873021f,-0.06607066566881568f,0.9977991197683661f,0.005619940173478408f,0.30988515509307013f,-0.0847534876798124f,-8.120541034076294e-18f,-0.9964019501818069f,0.24972323876431535f,0f,0f,0f,1f], start_interpolation: 0, interpolation_duration: 1 }
$data merge entity $(bone_nail_head1) { transformation: [0.14986311545083225f,-0.0663092496524723f,-0.9864806789987813f,-0.11211047650223857f,0.00995922980813354f,0.9977991197683661f,-0.06555707689565392f,0.5607434325411397f,0.9886565937518444f,-8.120541034076294e-18f,0.1501936737382793f,-1.3729573619935104e-17f,0f,0f,0f,1f], start_interpolation: 0, interpolation_duration: 1 }
$data merge entity $(bone_nail_left_rotation1) { transformation: [0.28316847712402504f,-0.8954354734445539f,-0.34352718445617686f,0.06663775132428583f,-0.9556966049195569f,-0.29346690371925294f,-0.02282927433510221f,0.13415722826093762f,-0.08037171709309905f,0.3347722947296601f,-0.9388652181079798f,0.2636674932404195f,0f,0f,0f,1f], start_interpolation: 0, interpolation_duration: 1 }
$data merge entity $(bone_nail_right_rotation1) { transformation: [0.1048527024900116f,0.905191915454022f,0.4118658846969725f,-0.27512158858495767f,0.9795516262446192f,-0.16551241327117466f,0.11438641778932575f,0.1114454369372822f,0.1717105771409071f,0.3914501721162359f,-0.9040366366735952f,0.23453348185048398f,0f,0f,0f,1f], start_interpolation: 0, interpolation_duration: 1 }
$data merge entity $(bone_magnet_left1) { transformation: [-0.9942089888268902f,-0.06675077678253792f,-0.08421888348072734f,0.15301908311760204f,-0.06607066566881568f,-0.23839623934855161f,0.9689179016833923f,0.32781131901625205f,-0.0847534876798124f,0.9688712849823737f,0.23260541580692398f,0.02118837191995309f,0f,0f,0f,1f], start_interpolation: 0, interpolation_duration: 1 }
$data merge entity $(bone_magnet_right1) { transformation: [-0.9942089888268902f,0.09770995060680464f,0.04473535613168103f,-0.3440854112958431f,-0.06607066566881568f,-0.2274669177903018f,-0.9715417996406844f,0.2947759861818442f,-0.0847534876798124f,-0.9688712849823737f,0.23260541580692398f,-0.02118837191995311f,0f,0f,0f,1f], start_interpolation: 0, interpolation_duration: 1 }
$data merge entity $(bone_body1) { transformation: [-0.9942089888268902f,-0.0663092496524723f,0.08456695540421587f,-0.09346100003748074f,-0.06607066566881568f,0.9977991197683661f,0.005619940173478408f,0.2801124301062867f,-0.0847534876798124f,-8.120541034076294e-18f,-0.9964019501818069f,-1.1445671454101145e-17f,0f,0f,0f,1f], start_interpolation: 0, interpolation_duration: 1 }