# This file was generated by Animated Java via MC-Build. It is not recommended to edit this file directly.
$data merge entity $(bone_pupil1) { transformation: [-0.9946611599003181f,-0.06166755464178194f,0.0827423089492715f,-0.11572560968160066f,-0.06145528649951502f,0.9980967451627637f,0.005112245764797387f,0.31274475577815236f,-0.08290008894456256f,-7.552097340330276e-18f,-0.996557863474562f,0.2553679525153565f,0f,0f,0f,1f], start_interpolation: 0, interpolation_duration: 1 }
$data merge entity $(bone_pupil_closed1) { transformation: [-0.9946611599003181f,-0.06166755464178194f,0.0827423089492715f,-0.11479475870592136f,-0.06145528649951502f,0.9980967451627637f,0.005112245764797387f,0.31280226854300636f,-0.08290008894456256f,-7.552097340330276e-18f,-0.996557863474562f,0.24415667655126766f,0f,0f,0f,1f], start_interpolation: 0, interpolation_duration: 1 }
$data merge entity $(bone_eye1) { transformation: [-0.9946611599003181f,-0.06166755464178194f,0.0827423089492715f,-0.11526018419376101f,-0.06145528649951502f,0.9980967451627637f,0.005112245764797387f,0.31277351216057936f,-0.08290008894456256f,-7.552097340330276e-18f,-0.996557863474562f,0.24976231453331207f,0f,0f,0f,1f], start_interpolation: 0, interpolation_duration: 1 }
$data merge entity $(bone_nail_head1) { transformation: [0.37784277995445514f,-0.06166755464178194f,-0.9238138050174355f,-0.10993978167379533f,0.023345071899863203f,0.9980967451627637f,-0.05707797222648489f,0.5635789550460726f,0.9255754108954494f,-7.552097340330276e-18f,0.37856328235279313f,-1.3463740172577227e-17f,0f,0f,0f,1f], start_interpolation: 0, interpolation_duration: 1 }
$data merge entity $(bone_nail_left_rotation1) { transformation: [0.4800799518351504f,-0.806375496371388f,-0.3453719714999433f,0.0673115831025336f,-0.8630437597366136f,-0.504678236017775f,-0.021338858209320702f,0.1361961949632683f,-0.15709458496603299f,0.3083154828123054f,-0.9382232433875026f,0.2633879186559872f,0f,0f,0f,1f], start_interpolation: 0, interpolation_duration: 1 }
$data merge entity $(bone_nail_right_rotation1) { transformation: [0.31799454140682265f,0.8545133605077434f,0.4107144851952851f,-0.27460319061320076f,0.912411059683982f,-0.39354795435796186f,0.11236576786111091f,0.11507094022906f,0.25765389537481875f,0.3390087378437718f,-0.9048135420426436f,0.23489101308129381f,0f,0f,0f,1f], start_interpolation: 0, interpolation_duration: 1 }
$data merge entity $(bone_magnet_left1) { transformation: [-0.9946611599003181f,-0.04572745315067181f,-0.09251041570605428f,0.1541423969617297f,-0.06145528649951502f,-0.45768148445454987f,0.8869898007016441f,0.32941859038026045f,-0.08290008894456256f,0.8879395580870543f,0.45242780245819425f,0.020725022236140627f,0f,0f,0f,1f], start_interpolation: 0, interpolation_duration: 1 }
$data merge entity $(bone_magnet_right1) { transformation: [-0.9946611599003181f,0.10172042104974893f,0.01738197132708632f,-0.34318818298842935f,-0.06145528649951502f,-0.4485713957951722f,-0.8916316227207477f,0.2986909471305029f,-0.08290008894456256f,-0.8879395580870543f,0.45242780245819425f,-0.020725022236140655f,0f,0f,0f,1f], start_interpolation: 0, interpolation_duration: 1 }
$data merge entity $(bone_body1) { transformation: [-0.9946611599003181f,-0.06166755464178194f,0.0827423089492715f,-0.09259578193079415f,-0.06145528649951502f,0.9980967451627637f,0.005112245764797387f,0.2828642454690453f,-0.08290008894456256f,-7.552097340330276e-18f,-0.996557863474562f,-1.1339712795609338e-17f,0f,0f,0f,1f], start_interpolation: 0, interpolation_duration: 1 }