# This file was generated by Animated Java via MC-Build. It is not recommended to edit this file directly.
$data merge entity $(bone_pupil1) { transformation: [-0.9967261101060693f,-0.03960778168986473f,0.07048606289495793f,-0.1028316584373007f,-0.03950911281879864f,0.9992153039408513f,0.002793989023497606f,0.32527527811876017f,-0.07054141646646592f,-4.850554306781998e-18f,-0.9975088513707057f,0.2556116431637433f,0f,0f,0f,1f], start_interpolation: 0, interpolation_duration: 1 }
$data merge entity $(bone_pupil_closed1) { transformation: [-0.9967261101060693f,-0.03960778168986473f,0.07048606289495793f,-0.10203869022973243f,-0.03950911281879864f,0.9992153039408513f,0.002793989023497606f,0.32530671049527454f,-0.07054141646646592f,-4.850554306781998e-18f,-0.9975088513707057f,0.2443896685858229f,0f,0f,0f,1f], start_interpolation: 0, interpolation_duration: 1 }
$data merge entity $(bone_eye1) { transformation: [-0.9967261101060693f,-0.03960778168986473f,0.07048606289495793f,-0.10243517433351657f,-0.03950911281879864f,0.9992153039408513f,0.002793989023497606f,0.32529099430701736f,-0.07054141646646592f,-4.850554306781998e-18f,-0.9975088513707057f,0.2500006558747831f,0f,0f,0f,1f], start_interpolation: 0, interpolation_duration: 1 }
$data merge entity $(bone_nail_head1) { transformation: [0.9734283081767459f,-0.03960778168986473f,-0.22554057832187746f,-0.09467155024293392f,0.03858561390016621f,0.9992153039408513f,-0.008940177310282224f,0.5757950637912442f,0.2257176981100645f,-4.850554306781998e-18f,0.9741927533911829f,-1.1593921097532684e-17f,0f,0f,0f,1f], start_interpolation: 0, interpolation_duration: 1 }
$data merge entity $(bone_nail_left_rotation1) { transformation: [0.9278369841270339f,-0.10685344377255199f,-0.35735258840534057f,0.07634763869712305f,-0.11977889035237224f,-0.9926995358826174f,-0.014165058573507059f,0.14473049982697841f,-0.35323016336661445f,0.055946161730565276f,-0.9338621304430393f,0.2615015187978502f,0f,0f,0f,1f], start_interpolation: 0, interpolation_duration: 1 }
$data merge entity $(bone_nail_right_rotation1) { transformation: [0.8880313210537666f,0.22340706338256877f,0.40185775699652676f,-0.26627696165183823f,0.19867068750359576f,-0.9746577304251817f,0.10282152716859985f,0.13114924229551636f,0.4146448248252368f,-0.011471379743144605f,-0.9099110268001137f,0.23725290688750258f,0f,0f,0f,1f], start_interpolation: 0, interpolation_duration: 1 }
$data merge entity $(bone_magnet_left1) { transformation: [-0.9967261101060693f,0.028093694630152276f,-0.07581428463588973f,0.1644119227060496f,-0.03950911281879864f,-0.9873503816248252f,0.15355212114973812f,0.33586851601073103f,-0.07054141646646592f,0.15604476353707022f,0.9852278621392946f,0.01763535411661647f,0f,0f,0f,1f], start_interpolation: 0, interpolation_duration: 1 }
$data merge entity $(bone_magnet_right1) { transformation: [-0.9967261101060693f,0.050146593713681714f,-0.06342224035572135f,-0.3339511323469851f,-0.03950911281879864f,-0.9864762292683871f,-0.15907130191425686f,0.3161139596013317f,-0.07054141646646592f,-0.15604476353707022f,0.9852278621392946f,-0.01763535411661649f,0f,0f,0f,1f], start_interpolation: 0, interpolation_duration: 1 }
$data merge entity $(bone_body1) { transformation: [-0.9967261101060693f,-0.03960778168986473f,0.07048606289495793f,-0.08353186164265947f,-0.03950911281879864f,0.9992153039408513f,0.002793989023497606f,0.2947657595578798f,-0.07054141646646592f,-4.850554306781998e-18f,-0.9975088513707057f,-1.0229702698750248e-17f,0f,0f,0f,1f], start_interpolation: 0, interpolation_duration: 1 }