# This file was generated by Animated Java via MC-Build. It is not recommended to edit this file directly.
$data merge entity $(bone_pupil1) { transformation: [-0.9981872322573312f,-0.020370542027639715f,0.056632944263466115f,-0.08643683068087983f,-0.020337835087668205f,0.9997924989804136f,0.001153883203209061f,0.3354484826281817f,-0.056644698096075224f,-2.494671909104561e-18f,-0.9983944001133042f,0.2558385650290342f,0f,0f,0f,1f], start_interpolation: 0, interpolation_duration: 1 }
$data merge entity $(bone_pupil_closed1) { transformation: [-0.9981872322573312f,-0.020370542027639715f,0.056632944263466115f,-0.08579971005791583f,-0.020337835087668205f,0.9997924989804136f,0.001153883203209061f,0.3354614638142178f,-0.056644698096075224f,-2.494671909104561e-18f,-0.9983944001133042f,0.2446066280277595f,0f,0f,0f,1f], start_interpolation: 0, interpolation_duration: 1 }
$data merge entity $(bone_eye1) { transformation: [-0.9981872322573312f,-0.020370542027639715f,0.056632944263466115f,-0.08611827036939783f,-0.020337835087668205f,0.9997924989804136f,0.001153883203209061f,0.33545497322119977f,-0.056644698096075224f,-2.494671909104561e-18f,-0.9983944001133042f,0.25022259652839685f,0f,0f,0f,1f], start_interpolation: 0, interpolation_duration: 1 }
$data merge entity $(bone_nail_head1) { transformation: [0.8806851578613495f,-0.020370542027639715f,0.4732638732675784f,-0.07701727422027657f,0.017943757369282474f,0.9997924989804136f,0.009642642478706604f,0.5856922899441074f,-0.4733620963852119f,-2.494671909104561e-18f,0.8808679388567833f,-9.431895835291567e-18f,0f,0f,0f,1f], start_interpolation: 0, interpolation_duration: 1 }
$data merge entity $(bone_nail_left_rotation1) { transformation: [0.781117206229652f,0.5025603754922421f,-0.37052527459956125f,0.08930003239517809f,0.5385220894765942f,-0.8425775728091428f,-0.007549367179920177f,0.1514901662450672f,-0.3159902993412089f,-0.19363910448086347f,-0.9287917032026624f,0.259334407513589f,0f,0f,0f,1f], start_interpolation: 0, interpolation_duration: 1 }
$data merge entity $(bone_nail_right_rotation1) { transformation: [0.8151372860897431f,-0.4273487282184677f,0.3910553276920118f,-0.2538268286932795f,-0.49753194013532526f,-0.862248841360269f,0.09480983133648957f,0.14449903543368123f,0.2966701423659412f,-0.2718455444971144f,-0.9154708223453326f,0.2398627925430631f,0f,0f,0f,1f], start_interpolation: 0, interpolation_duration: 1 }
$data merge entity $(bone_magnet_left1) { transformation: [-0.9981872322573312f,0.046959374395727844f,-0.03764394393273049f,0.17762216935096614f,-0.020337835087668205f,-0.8518603383331249f,-0.5233739928950628f,0.34082862397092106f,-0.056644698096075224f,-0.5216596410796376f,0.851271165402816f,0.0141611745240188f,0f,0f,0f,1f], start_interpolation: 0, interpolation_duration: 1 }
$data merge entity $(bone_magnet_right1) { transformation: [-0.9981872322573312f,-0.012221889790870383f,-0.05893110187658564f,-0.3214714467776994f,-0.020337835087668205f,-0.8530661429681781f,0.5214062985670037f,0.330659706427087f,-0.056644698096075224f,0.5216596410796376f,0.851271165402816f,-0.014161174524018813f,0f,0f,0f,1f], start_interpolation: 0, interpolation_duration: 1 }
$data merge entity $(bone_body1) { transformation: [-0.9981872322573312f,-0.020370542027639715f,0.056632944263466115f,-0.0712880592750029f,-0.020337835087668205f,0.9997924989804136f,0.001153883203209061f,0.3045006496058661f,-0.056644698096075224f,-2.494671909104561e-18f,-0.9983944001133042f,-8.730269360855909e-18f,0f,0f,0f,1f], start_interpolation: 0, interpolation_duration: 1 }