# This file was generated by Animated Java via MC-Build. It is not recommended to edit this file directly.
$data merge entity $(bone_pupil1) { transformation: [-0.9985916968022414f,-0.013651058374886952f,0.051266672242949105f,-0.07985494107270973f,-0.013633103878870984f,0.9999068199613629f,0.0006999095530738908f,0.3389411645165903f,-0.05127144971861486f,-1.6717724943778975e-18f,-0.9986847542862319f,0.25591296828584686f,0f,0f,0f,1f], start_interpolation: 0, interpolation_duration: 1 }
$data merge entity $(bone_pupil_closed1) { transformation: [-0.9985916968022414f,-0.013651058374886952f,0.051266672242949105f,-0.07927819100997656f,-0.013633103878870984f,0.9999068199613629f,0.0006999095530738908f,0.3389490384990623f,-0.05127144971861486f,-1.6717724943778975e-18f,-0.9986847542862319f,0.2446777648001268f,0f,0f,0f,1f], start_interpolation: 0, interpolation_duration: 1 }
$data merge entity $(bone_eye1) { transformation: [-0.9985916968022414f,-0.013651058374886952f,0.051266672242949105f,-0.07956656604134314f,-0.013633103878870984f,0.9999068199613629f,0.0006999095530738908f,0.3389451015078263f,-0.05127144971861486f,-1.6717724943778975e-18f,-0.9986847542862319f,0.25029536654298684f,0f,0f,0f,1f], start_interpolation: 0, interpolation_duration: 1 }
$data merge entity $(bone_nail_head1) { transformation: [0.7423619720373035f,-0.013651058374886952f,0.6698599488535879f,-0.07013062090417577f,0.010134970992566095f,0.9999068199613629f,0.009145149410174499f,0.5890972213299062f,-0.6699223722461176f,-1.6717724943778975e-18f,0.7424311518007136f,-8.588524041251531e-18f,0f,0f,0f,1f], start_interpolation: 0, interpolation_duration: 1 }
$data merge entity $(bone_nail_left_rotation1) { transformation: [0.6456214455216724f,0.6649269574161838f,-0.37555970282201834f,0.09465799696198524f,0.7159869129156515f,-0.6980948729830605f,-0.005127265185246634f,0.1538061999377224f,-0.26558555987858484f,-0.26558555987858457f,-0.926784020561402f,0.2584834689919449f,0f,0f,0f,1f], start_interpolation: 0, interpolation_duration: 1 }
$data merge entity $(bone_nail_right_rotation1) { transformation: [0.6894336410439568f,-0.6124573258120924f,0.3867522186826771f,-0.24860789881378526f,-0.6896974802299365f,-0.7182149457021119f,0.09211230935433674f,0.14911982047936048f,0.22135636507981699f,-0.3302473555219075f,-0.9175718194285598f,0.24085890815117106f,0f,0f,0f,1f], start_interpolation: 0, interpolation_duration: 1 }
$data merge entity $(bone_magnet_left1) { transformation: [-0.9985916968022414f,0.045903767539113426f,-0.02659825564460151f,0.18293006789010632f,-0.013633103878870984f,-0.7065459821581606f,-0.7075358037405515f,0.3425287923092832f,-0.05127144971861486f,-0.7061767620234153f,0.706176762023416f,0.012817862429653708f,0f,0f,0f,1f], start_interpolation: 0, interpolation_duration: 1 }
$data merge entity $(bone_magnet_right1) { transformation: [-0.9985916968022414f,-0.026598255644601464f,-0.045903767539113446f,-0.3163657805110144f,-0.013633103878870984f,-0.7075358037405521f,0.7065459821581599f,0.3357122403698477f,-0.05127144971861486f,0.7061767620234153f,0.706176762023416f,-0.012817862429653722f,0f,0f,0f,1f], start_interpolation: 0, interpolation_duration: 1 }
$data merge entity $(bone_body1) { transformation: [-0.9985916968022414f,-0.013651058374886952f,0.051266672242949105f,-0.06629126073623881f,-0.013633103878870984f,0.9999068199613629f,0.0006999095530738908f,0.30787342821577285f,-0.05127144971861486f,-1.6717724943778975e-18f,-0.9986847542862319f,-8.118338027207747e-18f,0f,0f,0f,1f], start_interpolation: 0, interpolation_duration: 1 }