# This file was generated by Animated Java via MC-Build. It is not recommended to edit this file directly.
$data merge entity $(bone_pupil1) { transformation: [-0.9995432711842243f,0.026963551680397414f,0.013646095086828864f,-0.031624544098638845f,0.026961039215610043f,0.9996364173442155f,-0.00036808101798338624f,0.3604172277053433f,-0.013651058374887073f,3.302082725904293e-18f,-0.9999068199613629f,0.2562261226150992f,0f,0f,0f,1f], start_interpolation: 0, interpolation_duration: 1 }
$data merge entity $(bone_pupil_closed1) { transformation: [-0.9995432711842243f,0.026963551680397414f,0.013646095086828864f,-0.03147102552891202f,0.026961039215610043f,0.9996364173442155f,-0.00036808101798338624f,0.360413086793891f,-0.013651058374887073f,3.302082725904293e-18f,-0.9999068199613629f,0.2449771708905339f,0f,0f,0f,1f], start_interpolation: 0, interpolation_duration: 1 }
$data merge entity $(bone_eye1) { transformation: [-0.9995432711842243f,0.026963551680397414f,0.013646095086828864f,-0.03154778481377543f,0.026961039215610043f,0.9996364173442155f,-0.00036808101798338624f,0.36041515724961715f,-0.013651058374887073f,3.302082725904293e-18f,-0.9999068199613629f,0.25060164675281654f,0f,0f,0f,1f], start_interpolation: 0, interpolation_duration: 1 }
$data merge entity $(bone_nail_head1) { transformation: [-0.5764768709981624f,0.026963551680397414f,0.8166684664445827f,-0.021386844312539594f,0.015549517438559228f,0.9996364173442155f,-0.022028291505457355f,0.6102320112805389f,-0.8169655009310955f,3.302082725904293e-18f,-0.5766865442234663f,-2.6191330431214392e-18f,0f,0f,0f,1f], start_interpolation: 0, interpolation_duration: 1 }
$data merge entity $(bone_nail_left_rotation1) { transformation: [-0.514046883579151f,0.7533979708988372f,-0.4100576775626538f,0.13520157779036784f,0.8231768168997496f,0.5676773648121632f,0.011060632835165228f,0.16834917033175753f,0.24111352015463358f,-0.33186428992199934f,-0.9119925238033524f,0.25232298064852443f,0f,0f,0f,1f], start_interpolation: 0, interpolation_duration: 1 }
$data merge entity $(bone_nail_right_rotation1) { transformation: [-0.5404509401994552f,-0.7626387544161682f,0.35537995371162995f,-0.20839142167920927f,-0.7961203362391109f,0.6001847773723135f,0.07726993747293583f,0.17761702756212347f,-0.27222268726917265f,-0.24116459788514127f,-0.9315226488190441f,0.247630429332157f,0f,0f,0f,1f], start_interpolation: 0, interpolation_duration: 1 }
$data merge entity $(bone_magnet_left1) { transformation: [-0.9995432711842243f,0.026888700859264564f,-0.013792998094729888f,0.22175808556341714f,0.026961039215610043f,0.5872737599705585f,-0.808939202421577f,0.3535826471405826f,-0.013651058374887073f,-0.8089416101401533f,-0.5877304824399544f,0.003412764593721765f,0f,0f,0f,1f], start_interpolation: 0, interpolation_duration: 1 }
$data merge entity $(bone_magnet_right1) { transformation: [-0.9995432711842243f,0.004808855195062517f,0.029834944981567458f,-0.278013550028695f,0.026961039215610043f,0.5878693275682693f,0.8085064972335382f,0.3670631667483876f,-0.013651058374887073f,0.8089416101401533f,-0.5877304824399544f,-0.003412764593721772f,0f,0f,0f,1f], start_interpolation: 0, interpolation_duration: 1 }
$data merge entity $(bone_body1) { transformation: [-0.9995432711842243f,0.026963551680397414f,0.013646095086828864f,-0.028970343222651365f,0.026961039215610043f,0.9996364173442155f,-0.00036808101798338624f,0.3290842689024783f,-0.013651058374887073f,3.302082725904293e-18f,-0.9999068199613629f,-3.547843809782021e-18f,0f,0f,0f,1f], start_interpolation: 0, interpolation_duration: 1 }