# This file was generated by Animated Java via MC-Build. It is not recommended to edit this file directly.
$data merge entity $(bone_pupil1) { transformation: [-0.9994189979680024f,0.03338922238250429f,0.006842976642197759f,-0.022595602426601052f,0.033388439753474386f,0.9994424244691095f,-0.00022860913572483752f,0.3640220258440168f,-0.006846794247135003f,4.089000431675304e-18f,-0.999976560429562f,0.2562439936100752f,0f,0f,0f,1f], start_interpolation: 0, interpolation_duration: 1 }
$data merge entity $(bone_pupil_closed1) { transformation: [-0.9994189979680024f,0.03338922238250429f,0.006842976642197759f,-0.02251861893937633f,0.033388439753474386f,0.9994424244691095f,-0.00022860913572483752f,0.36401945399123997f,-0.006846794247135003f,4.089000431675304e-18f,-0.999976560429562f,0.24499425730524269f,0f,0f,0f,1f], start_interpolation: 0, interpolation_duration: 1 }
$data merge entity $(bone_eye1) { transformation: [-0.9994189979680024f,0.03338922238250429f,0.006842976642197759f,-0.02255711068298869f,0.033388439753474386f,0.9994424244691095f,-0.00022860913572483752f,0.3640207399176284f,-0.006846794247135003f,4.089000431675304e-18f,-0.999976560429562f,0.25061912545765896f,0f,0f,0f,1f], start_interpolation: 0, interpolation_duration: 1 }
$data merge entity $(bone_nail_head1) { transformation: [-0.7555200103638287f,0.03338922238250429f,0.6542741579556172f,-0.012494784066411805f,0.025240299013592163f,0.9994424244691095f,-0.02185789278527974f,0.6138240508702648f,-0.6546391687376678f,4.089000431675304e-18f,-0.7559415048497173f,-1.5301697312968568e-18f,0f,0f,0f,1f], start_interpolation: 0, interpolation_duration: 1 }
$data merge entity $(bone_nail_left_rotation1) { transformation: [-0.6692759470650811f,0.6155253919252514f,-0.41617087665453506f,0.14296182725644355f,0.6721694369926817f,0.7402668060643512f,0.013903374130952275f,0.17088650436633215f,0.3166353654490916f,-0.27043214996473647f,-0.9091801238546575f,0.2511709328686168f,0f,0f,0f,1f], start_interpolation: 0, interpolation_duration: 1 }
$data merge entity $(bone_nail_right_rotation1) { transformation: [-0.7097811506866897f,-0.611589922936306f,0.34952608528211754f,-0.20058845329505728f,-0.6294047781940847f,0.7734308217646104f,0.07519567228886424f,0.182363780531589f,-0.31632316278820566f,-0.1666209173761887f,-0.9339042384401002f,0.24881734734616415f,0f,0f,0f,1f], start_interpolation: 0, interpolation_duration: 1 }
$data merge entity $(bone_magnet_left1) { transformation: [-0.9994189979680024f,0.029833521711446674f,-0.016481125050391107f,0.22901265982996272f,0.033388439753474386f,0.759833512083041f,-0.6492597677404474f,0.3556163348146188f,-0.006846794247135003f,-0.6494328255469104f,-0.7603881420108375f,0.0017116985617837482f,0f,0f,0f,1f], start_interpolation: 0, interpolation_duration: 1 }
$data merge entity $(bone_magnet_right1) { transformation: [-0.9994189979680024f,0.02094520606135792f,0.026888005572768776f,-0.2706968391540384f,0.033388439753474386f,0.7601304515970949f,0.6489120962392557f,0.372310554691356f,-0.006846794247135003f,0.6494328255469104f,-0.7603881420108375f,-0.0017116985617837534f,0f,0f,0f,1f], start_interpolation: 0, interpolation_duration: 1 }
$data merge entity $(bone_body1) { transformation: [-0.9994189979680024f,0.03338922238250429f,0.006842976642197759f,-0.021885502861491136f,0.033388439753474386f,0.9994424244691095f,-0.00022860913572483752f,0.3327308689883277f,-0.006846794247135003f,4.089000431675304e-18f,-0.999976560429562f,-2.680201102705536e-18f,0f,0f,0f,1f], start_interpolation: 0, interpolation_duration: 1 }