# This file was generated by Animated Java via MC-Build. It is not recommended to edit this file directly.
$data merge entity $(bone_pupil1) { transformation: [-0.9985916968022414f,0.051271449718614664f,-0.013633103878870928f,0.0050957156726673366f,0.05126667224294891f,0.998684754286232f,0.0006999095530738934f,0.3747795467484696f,0.013651058374886898f,6.278941678554591e-18f,-0.9999068199613629f,0.2562261226150992f,0f,0f,0f,1f], start_interpolation: 0, interpolation_duration: 1 }
$data merge entity $(bone_pupil_closed1) { transformation: [-0.9985916968022414f,0.051271449718614664f,-0.013633103878870928f,0.004942343254030039f,0.05126667224294891f,0.998684754286232f,0.0006999095530738934f,0.3747874207309416f,0.013651058374886898f,6.278941678554591e-18f,-0.9999068199613629f,0.2449771708905339f,0f,0f,0f,1f], start_interpolation: 0, interpolation_duration: 1 }
$data merge entity $(bone_eye1) { transformation: [-0.9985916968022414f,0.051271449718614664f,-0.013633103878870928f,0.005019029463348688f,0.05126667224294891f,0.998684754286232f,0.0006999095530738934f,0.3747834837397056f,0.013651058374886898f,6.278941678554591e-18f,-0.9999068199613629f,0.25060164675281654f,0f,0f,0f,1f], start_interpolation: 0, interpolation_duration: 1 }
$data merge entity $(bone_nail_head1) { transformation: [-0.9985916968022414f,0.051271449718614664f,-0.01363310387886946f,0.014420095233360328f,0.05126667224294891f,0.998684754286232f,0.000699909553073818f,0.6246300871430028f,0.013651058374885429f,6.278941678554591e-18f,-0.9999068199613629f,1.765952347093473e-18f,0f,0f,0f,1f], start_interpolation: 0, interpolation_duration: 1 }
$data merge entity $(bone_nail_left_rotation1) { transformation: [-0.8992698322185937f,0.05127144971861598f,-0.43437887529815905f,0.16703005983906938f,0.04616758971054594f,0.9986847542862319f,0.022300565386717444f,0.17871907046275093f,0.4349509426611936f,-6.329145939808311e-16f,-0.9004541506807212f,0.24763042933215704f,0f,0f,0f,1f], start_interpolation: 0, interpolation_duration: 1 }
$data merge entity $(bone_nail_right_rotation1) { transformation: [-0.9432856341030988f,0.015371414552494222f,0.3316261933402884f,-0.1762358359367011f,0.04082113330071182f,0.9967175061295842f,0.06991314648096084f,0.1963419890462646f,-0.32946296843615147f,0.07948542375478751f,-0.9408167833535716f,0.25232298064852443f,0f,0f,0f,1f], start_interpolation: 0, interpolation_duration: 1 }
$data merge entity $(bone_magnet_left1) { transformation: [-0.9985916968022414f,0.051271449718614644f,-0.013633103878871003f,0.251250157004267f,0.05126667224294891f,0.998684754286232f,0.0006999095530724257f,0.36214223051070754f,0.013651058374886898f,-1.4631602821349955e-15f,-0.9999068199613629f,-0.0034127645937217246f,0f,0f,0f,1f], start_interpolation: 0, interpolation_duration: 1 }
$data merge entity $(bone_magnet_right1) { transformation: [-0.9985916968022414f,0.051271449718614685f,-0.013633103878870853f,-0.24804569139685367f,0.05126667224294891f,0.998684754286232f,0.0006999095530753611f,0.387775566632182f,0.013651058374886898f,1.4757181654921046e-15f,-0.9999068199613629f,0.0034127645937217246f,0f,0f,0f,1f], start_interpolation: 0, interpolation_duration: 1 }
$data merge entity $(bone_body1) { transformation: [-0.9985916968022414f,0.051271449718614664f,-0.013633103878870928f,-4.592425496802574e-17f,0.05126667224294891f,0.998684754286232f,0.0006999095530738934f,0.34375f,0.013651058374886898f,6.278941678554591e-18f,-0.9999068199613629f,-5.624099184981966e-33f,0f,0f,0f,1f], start_interpolation: 0, interpolation_duration: 1 }