# This file was generated by Animated Java via MC-Build. It is not recommended to edit this file directly.
$data merge entity $(bone_pupil1) { transformation: [-0.9981872322573312f,0.05664469809607515f,-0.020337835087668003f,0.0143372572812029f,0.05663294426346604f,0.9983944001133042f,0.0011538832032090575f,0.3783347501601312f,0.020370542027639514f,6.9369748212026606e-18f,-0.9997924989804136f,0.25619682786373094f,0f,0f,0f,1f], start_interpolation: 0, interpolation_duration: 1 }
$data merge entity $(bone_pupil_closed1) { transformation: [-0.9981872322573312f,0.05664469809607515f,-0.020337835087668003f,0.014108456636466635f,0.05663294426346604f,0.9983944001133042f,0.0011538832032090575f,0.3783477313461673f,0.020370542027639514f,6.9369748212026606e-18f,-0.9997924989804136f,0.2449491622502013f,0f,0f,0f,1f], start_interpolation: 0, interpolation_duration: 1 }
$data merge entity $(bone_eye1) { transformation: [-0.9981872322573312f,0.05664469809607515f,-0.020337835087668003f,0.014222856958834768f,0.05663294426346604f,0.9983944001133042f,0.0011538832032090575f,0.37834124075314923f,0.020370542027639514f,6.9369748212026606e-18f,-0.9997924989804136f,0.2505729950569661f,0f,0f,0f,1f], start_interpolation: 0, interpolation_duration: 1 }
$data merge entity $(bone_nail_head1) { transformation: [-0.9658594662599571f,0.05664469809607515f,-0.2527980807158851f,0.02328686156400676f,0.054798802821132225f,0.9983944001133042f,0.014342699598268447f,0.6282290327592795f,0.2532046260347574f,6.9369748212026606e-18f,-0.9674127440521956f,2.851818047654841e-18f,0f,0f,0f,1f], start_interpolation: 0, interpolation_duration: 1 }
$data merge entity $(bone_nail_left_rotation1) { transformation: [-0.8845346854400616f,-0.15410372148118498f,-0.4402844912997739f,0.17515269546311965f,-0.18363600959984955f,0.982676865039627f,0.024979889794283096f,0.18140922461362347f,0.4288078896565398f,0.10294766603250374f,-0.8975107641843438f,0.24644693783410285f,0f,0f,0f,1f], start_interpolation: 0, interpolation_duration: 1 }
$data merge entity $(bone_nail_right_rotation1) { transformation: [-0.9141594182979477f,0.24134333402894004f,0.32567768277386355f,-0.16797416562533793f,0.27739841209815985f,0.9583108899711937f,0.06848619662412299f,0.20087679920418994f,-0.2955717829945499f,0.15294977372462515f,-0.9429971833547588f,0.2534493116561039f,0f,0f,0f,1f], start_interpolation: 0, interpolation_duration: 1 }
$data merge entity $(bone_magnet_left1) { transformation: [-0.9981872322573312f,0.05982737389071305f,-0.006552456927710856f,0.2586724951043208f,0.05663294426346604f,0.9705393146794401f,0.23419254532459774f,0.364472196665087f,0.020370542027639514f,0.23339692370488402f,-0.9721681526477798f,-0.005092635506909878f,0f,0f,0f,1f], start_interpolation: 0, interpolation_duration: 1 }
$data merge entity $(bone_magnet_right1) { transformation: [-0.9981872322573312f,0.050331827266549084f,-0.0329993412428028f,-0.24042112102434482f,0.05663294426346604f,0.9710780520478808f,-0.23194854268769252f,0.39278866879682006f,0.020370542027639514f,-0.23339692370488402f,-0.9721681526477798f,0.005092635506909879f,0f,0f,0f,1f], start_interpolation: 0, interpolation_duration: 1 }
$data merge entity $(bone_body1) { transformation: [-0.9981872322573312f,0.05664469809607515f,-0.020337835087668003f,0.007355540224485625f,0.05663294426346604f,0.9983944001133042f,0.0011538832032090575f,0.34743060772741274f,0.020370542027639514f,6.9369748212026606e-18f,-0.9997924989804136f,9.007938791915925e-19f,0f,0f,0f,1f], start_interpolation: 0, interpolation_duration: 1 }