# This file was generated by Animated Java via MC-Build. It is not recommended to edit this file directly.
$data merge entity $(bone_pupil1) { transformation: [-0.9972427713944392f,0.06630924965247244f,-0.03331573670301287f,0.03249482444327786f,0.0662722772373945f,0.997799119768366f,0.0022140142826633964f,0.3853830123445012f,0.03338922238250415f,7.90370059957921e-18f,-0.9994424244691095f,0.2561071212702093f,0f,0f,0f,1f], start_interpolation: 0, interpolation_duration: 1 }
$data merge entity $(bone_pupil_closed1) { transformation: [-0.9972427713944392f,0.06630924965247244f,-0.03331573670301287f,0.032120022405368966f,0.0662722772373945f,0.997799119768366f,0.0022140142826633964f,0.38540792000518115f,0.03338922238250415f,7.90370059957921e-18f,-0.9994424244691095f,0.24486339399493184f,0f,0f,0f,1f], start_interpolation: 0, interpolation_duration: 1 }
$data merge entity $(bone_eye1) { transformation: [-0.9972427713944392f,0.06630924965247244f,-0.03331573670301287f,0.03230742342432341f,0.0662722772373945f,0.997799119768366f,0.0022140142826633964f,0.38539546617484116f,0.03338922238250415f,7.90370059957921e-18f,-0.9994424244691095f,0.25048525763257057f,0f,0f,0f,1f], start_interpolation: 0, interpolation_duration: 1 }
$data merge entity $(bone_nail_head1) { transformation: [-0.7366725123393862f,0.06630924965247244f,-0.672990856530832f,0.040534979326248916f,0.048955947710363074f,0.997799119768366f,0.044723950778683574f,0.6354001334465251f,0.6744752958762514f,7.90370059957921e-18f,-0.7382974165284901f,4.903116896337177e-18f,0f,0f,0f,1f], start_interpolation: 0, interpolation_duration: 1 }
$data merge entity $(bone_nail_left_rotation1) { transformation: [-0.7196196905764394f,-0.5274108464100526f,-0.45164731818499887f,0.1912547181124647f,-0.6030578647459655f,0.7971325764134776f,0.030014452992653585f,0.18691896732702198f,0.3441928423176556f,0.2939684586982815f,-0.8916915568669752f,0.24412183352028446f,0f,0f,0f,1f], start_interpolation: 0, interpolation_duration: 1 }
$data merge entity $(bone_nail_right_rotation1) { transformation: [-0.7007725733240521f,0.6405417757220082f,0.3140446370051283f,-0.15154748455437378f,0.6891850365484102f,0.7215599327685606f,0.06614566365829862f,0.20970006262737637f,-0.18423296630775007f,0.2627879315682647f,-0.9471012180055098f,0.25559937871427024f,0f,0f,0f,1f], start_interpolation: 0, interpolation_duration: 1 }
$data merge entity $(bone_magnet_left1) { transformation: [-0.9972427713944392f,0.07205878919065581f,0.017730927835706158f,0.2732683597617406f,0.0662722772373945f,0.7572945158874751f,0.6497022406276005f,0.369382284195085f,0.03338922238250415f,0.6490859319898492f,-0.7599819818400699f,-0.008347305595626034f,0f,0f,0f,1f], start_interpolation: 0, interpolation_duration: 1 }
$data merge entity $(bone_magnet_right1) { transformation: [-0.9972427713944392f,0.028785108829747923f,-0.068397897710368f,-0.22535302593547898f,0.0662722772373945f,0.760170290397177f,-0.6463351412906786f,0.4025184228137823f,0.03338922238250415f,-0.6490859319898492f,-0.7599819818400699f,0.008347305595626039f,0f,0f,0f,1f], start_interpolation: 0, interpolation_duration: 1 }
$data merge entity $(bone_body1) { transformation: [-0.9972427713944392f,0.06630924965247244f,-0.03331573670301287f,0.021885502861491046f,0.0662722772373945f,0.997799119768366f,0.0022140142826633964f,0.35476913101167223f,0.03338922238250415f,7.90370059957921e-18f,-0.9994424244691095f,2.680201102705525e-18f,0f,0f,0f,1f], start_interpolation: 0, interpolation_duration: 1 }