# This file was generated by Animated Java via MC-Build. It is not recommended to edit this file directly.
$data merge entity $(bone_pupil1) { transformation: [-0.9967261101060693f,0.07054141646646574f,-0.03950911281879844f,0.04129897264704527f,0.07048606289495775f,0.9975088513707057f,0.002793989023497598f,0.3888719230155848f,0.03960778168986453f,8.421991553800666e-18f,-0.9992153039408513f,0.2560489216348431f,0f,0f,0f,1f], start_interpolation: 0, interpolation_duration: 1 }
$data merge entity $(bone_pupil_closed1) { transformation: [-0.9967261101060693f,0.07054141646646574f,-0.03950911281879844f,0.04085449512783379f,0.07048606289495775f,0.9975088513707057f,0.002793989023497598f,0.3889033553920992f,0.03960778168986453f,8.421991553800666e-18f,-0.9992153039408513f,0.24480774946550857f,0f,0f,0f,1f], start_interpolation: 0, interpolation_duration: 1 }
$data merge entity $(bone_eye1) { transformation: [-0.9967261101060693f,0.07054141646646574f,-0.03950911281879844f,0.04107673388743953f,0.07048606289495775f,0.9975088513707057f,0.002793989023497598f,0.388887639203842f,0.03960778168986453f,8.421991553800666e-18f,-0.9992153039408513f,0.25042833555017585f,0f,0f,0f,1f], start_interpolation: 0, interpolation_duration: 1 }
$data merge entity $(bone_nail_head1) { transformation: [-0.553897364392109f,0.07054141646646574f,-0.8295912356590924f,0.0488101166038446f,0.03917028365970944f,0.9975088513707057f,0.05866668829168103f,0.6389650955455326f,0.8316630318809974f,8.421991553800666e-18f,-0.5552806510247831f,5.916528934288428e-18f,0f,0f,0f,1f], start_interpolation: 0, interpolation_duration: 1 }
$data merge entity $(bone_nail_left_rotation1) { transformation: [-0.5782250972782478f,-0.6758463439774668f,-0.4570420726911825f,0.19913782527894608f,-0.770146726939649f,0.6370473904438282f,0.032320911386503455f,0.18974168375490355f,0.2693134899363682f,0.37067821848741f,-0.8888576390386109f,0.24299623850726737f,0f,0f,0f,1f], start_interpolation: 0, interpolation_duration: 1 }
$data merge entity $(bone_nail_right_rotation1) { transformation: [-0.529036362043783f,0.7905610430846423f,0.30843761896435706f,-0.14348677507001523f,0.8408872636772646f,0.5372650975214788f,0.06522901785707297f,0.21397126787504525f,-0.11414524703570361f,0.29386978773286376f,-0.9490054849351502f,0.2566114134631583f,0f,0f,0f,1f], start_interpolation: 0, interpolation_duration: 1 }
$data merge entity $(bone_magnet_left1) { transformation: [-0.9967261101060693f,0.07342674797789511f,0.03384633088260207f,0.2803562900137455f,0.07048606289495775f,0.5840606072648014f,0.8086438783414114f,0.37196636697911667f,0.03960778168986453f,0.8083821619276751f,-0.5873240195213763f,-0.00990194542246613f,0f,0f,0f,1f], start_interpolation: 0, interpolation_duration: 1 }
$data merge entity $(bone_magnet_right1) { transformation: [-0.9967261101060693f,0.00949966057172523f,-0.08029207857470072f,-0.21800676503928917f,0.07048606289495775f,0.5885813764690146f,-0.8053593472552536f,0.40720939842659554f,0.03960778168986453f,-0.8083821619276751f,-0.5873240195213763f,0.009901945422466134f,0f,0f,0f,1f], start_interpolation: 0, interpolation_duration: 1 }
$data merge entity $(bone_body1) { transformation: [-0.9967261101060693f,0.07054141646646574f,-0.03950911281879844f,0.028970343222651115f,0.07048606289495775f,0.9975088513707057f,0.002793989023497598f,0.35841573109752156f,0.03960778168986453f,8.421991553800666e-18f,-0.9992153039408513f,3.5478438097819905e-18f,0f,0f,0f,1f], start_interpolation: 0, interpolation_duration: 1 }