# This file was generated by Animated Java via MC-Build. It is not recommended to edit this file directly.
$data merge entity $(bone_pupil1) { transformation: [-0.9956673318224603f,0.0776766621892548f,-0.05111653834796718f,0.05808761799566348f,0.07757449829225059f,0.9969786036576394f,0.003982595079746194f,0.3957705442366075f,0.05127144971861453f,9.512647571852113e-18f,-0.998684754286232f,0.2559129682858469f,0f,0f,0f,1f], start_interpolation: 0, interpolation_duration: 1 }
$data merge entity $(bone_pupil_closed1) { transformation: [-0.9956673318224603f,0.0776766621892548f,-0.05111653834796718f,0.05751255693924886f,0.07757449829225059f,0.9969786036576394f,0.003982595079746194f,0.39581534843125465f,0.05127144971861453f,9.512647571852113e-18f,-0.998684754286232f,0.24467776480012685f,0f,0f,0f,1f], start_interpolation: 0, interpolation_duration: 1 }
$data merge entity $(bone_eye1) { transformation: [-0.9956673318224603f,0.0776766621892548f,-0.05111653834796718f,0.05780008746745617f,0.07757449829225059f,0.9969786036576394f,0.003982595079746194f,0.3957929463339311f,0.05127144971861453f,9.512647571852113e-18f,-0.998684754286232f,0.2502953665429869f,0f,0f,0f,1f], start_interpolation: 0, interpolation_duration: 1 }
$data merge entity $(bone_nail_head1) { transformation: [-0.10526947747380971f,0.0776766621892548f,-0.9914054030836867f,0.0644081705913106f,0.008201762415535687f,0.9969786036576394f,0.07724244262154528f,0.6460357351402024f,0.9944099095471999f,9.512647571852113e-18f,-0.10558850218811622f,7.887725995358521e-18f,0f,0f,0f,1f], start_interpolation: 0, interpolation_duration: 1 }
$data merge entity $(bone_nail_left_rotation1) { transformation: [-0.2145044116218825f,-0.8577831243350937f,-0.4671145137979285f,0.21433408812748878f,-0.9739691005534643f,0.22374020285138624f,0.036393856557065625f,0.195528830376068f,0.07329426008785218f,0.46276174564666184f,-0.8834475186473889f,0.24085890815117114f,0f,0f,0f,1f], start_interpolation: 0, interpolation_duration: 1 }
$data merge entity $(bone_nail_right_rotation1) { transformation: [-0.10497741291152898f,0.9488295568886956f,0.2978291704195609f,-0.12792655718648194f,0.9938988358871851f,0.08991158627226067f,0.06388278857489163f,0.22219506416402912f,0.03383558482575448f,0.302718315647414f,-0.9524792777646618f,0.2584834689919449f,0f,0f,0f,1f], start_interpolation: 0, interpolation_duration: 1 }
$data merge entity $(bone_magnet_left1) { transformation: [-0.9956673318224603f,0.06263851603355827f,0.06872394524950143f,0.293905837999612f,0.07757449829225059f,0.15202825179416282f,0.9853271577862432f,0.37739745965272986f,0.05127144971861453f,0.9863892877386313f,-0.15622871528060164f,-0.012817862429653628f,0f,0f,0f,1f], start_interpolation: 0, interpolation_duration: 1 }
$data merge entity $(bone_magnet_right1) { transformation: [-0.9956673318224603f,-0.03833590184218458f,-0.08471672191184687f,-0.20392782791161815f,0.07757449829225059f,0.15989537724531658f,-0.9840811275246992f,0.41618470879885516f,0.05127144971861453f,-0.9863892877386313f,-0.15622871528060164f,0.012817862429653638f,0f,0f,0f,1f], start_interpolation: 0, interpolation_duration: 1 }
$data merge entity $(bone_body1) { transformation: [-0.9956673318224603f,0.0776766621892548f,-0.05111653834796718f,0.04256160935058269f,0.07757449829225059f,0.9969786036576394f,0.003982595079746194f,0.36563550286149127f,0.05127144971861453f,9.512647571852113e-18f,-0.998684754286232f,5.2122938657751146e-18f,0f,0f,0f,1f], start_interpolation: 0, interpolation_duration: 1 }