# This file was generated by Animated Java via MC-Build. It is not recommended to edit this file directly.
$data merge entity $(bone_pupil1) { transformation: [-0.9951512853715266f,0.08053638228446948f,-0.05646069740915379f,0.06596905609960546f,0.08040707307819865f,0.9967516697395243f,0.00456195906025385f,0.3991770298450208f,0.05664469809607477f,1.0296543146952517e-17f,-0.9983944001133042f,0.2558385650290342f,0f,0f,0f,1f], start_interpolation: 0, interpolation_duration: 1 }
$data merge entity $(bone_pupil_closed1) { transformation: [-0.9951512853715266f,0.08053638228446948f,-0.05646069740915379f,0.06533387325375248f,0.08040707307819865f,0.9967516697395243f,0.00456195906025385f,0.3992283518844486f,0.05664469809607477f,1.0296543146952517e-17f,-0.9983944001133042f,0.2446066280277595f,0f,0f,0f,1f], start_interpolation: 0, interpolation_duration: 1 }
$data merge entity $(bone_eye1) { transformation: [-0.9951512853715266f,0.08053638228446948f,-0.05646069740915379f,0.06565146467667897f,0.08040707307819865f,0.9967516697395243f,0.00456195906025385f,0.3992026908647347f,0.05664469809607477f,1.0296543146952517e-17f,-0.9983944001133042f,0.25022259652839685f,0f,0f,0f,1f], start_interpolation: 0, interpolation_duration: 1 }
$data merge entity $(bone_nail_head1) { transformation: [0.1343653178844963f,0.08053638228446948f,-0.9876537108107922f,0.07163509795962716f,-0.010856562306785944f,0.9967516697395243f,0.07980127772378763f,0.6495339492890919f,0.9908723915846466f,1.0296543146952517e-17f,0.13480320320868813f,8.89474208669107e-18f,0f,0f,0f,1f], start_interpolation: 0, interpolation_duration: 1 }
$data merge entity $(bone_nail_left_rotation1) { transformation: [-0.011396946637894756f,-0.8816641077469526f,-0.4717398761161734f,0.22155723223569138f,-0.9992453437696293f,-0.007477346992341177f,0.03811603647641616f,0.19849463832767114f,-0.03713290403467443f,0.4718182811133178f,-0.8809135355102825f,0.2398627925430632f,0f,0f,0f,1f], start_interpolation: 0, interpolation_duration: 1 }
$data merge entity $(bone_nail_right_rotation1) { transformation: [0.12281001903210081f,0.9482237571137413f,0.2928982855368664f,-0.12052602211077093f,0.9870352878837275f,-0.1474331954437167f,0.06344125907910446f,0.22613456969830195f,0.10333943921670105f,0.2813097213506059f,-0.9540365826193574f,0.2593344075135889f,0f,0f,0f,1f], start_interpolation: 0, interpolation_duration: 1 }
$data merge entity $(bone_magnet_left1) { transformation: [-0.9951512853715266f,0.049967836194615256f,0.08471797075843078f,0.3002888237313915f,0.08040707307819865f,-0.0827521307359278f,0.9933210898081551f,0.3802442635846612f,0.05664469809607477f,0.9953166833750412f,0.07833312181263129f,-0.014161174524018686f,0f,0f,0f,1f], start_interpolation: 0, interpolation_duration: 1 }
$data merge entity $(bone_magnet_right1) { transformation: [-0.9951512853715266f,-0.06260545964907782f,-0.07585826023265972f,-0.19728681895437183f,0.08040707307819865f,-0.0736563386100319f,-0.9940369441733851f,0.42044780012376054f,0.05664469809607477f,-0.9953166833750412f,0.07833312181263126f,0.014161174524018702f,0f,0f,0f,1f], start_interpolation: 0, interpolation_duration: 1 }
$data merge entity $(bone_body1) { transformation: [-0.9951512853715266f,0.08053638228446948f,-0.05646069740915379f,0.04898424044212013f,0.08040707307819865f,0.9967516697395243f,0.00456195906025385f,0.3691975421748507f,0.05664469809607477f,1.0296543146952517e-17f,-0.9983944001133042f,5.998839326610675e-18f,0f,0f,0f,1f], start_interpolation: 0, interpolation_duration: 1 }