# This file was generated by Animated Java via MC-Build. It is not recommended to edit this file directly.
$data merge entity $(bone_pupil1) { transformation: [-0.9946611599003181f,0.08290008894456241f,-0.06145528649951495f,0.0734434123474376f,0.08274230894927134f,0.996557863474562f,0.00511224576479739f,0.40255276347900204f,0.06166755464178187f,9.718651988504723e-18f,-0.9980967451627637f,0.25576229094795816f,0f,0f,0f,1f], start_interpolation: 0, interpolation_duration: 1 }
$data merge entity $(bone_pupil_closed1) { transformation: [-0.9946611599003181f,0.08290008894456241f,-0.06145528649951495f,0.07275204037431805f,0.08274230894927134f,0.996557863474562f,0.00511224576479739f,0.40261027624385604f,0.06166755464178187f,9.718651988504723e-18f,-0.9980967451627637f,0.2445337025648771f,0f,0f,0f,1f], start_interpolation: 0, interpolation_duration: 1 }
$data merge entity $(bone_eye1) { transformation: [-0.9946611599003181f,0.08290008894456241f,-0.06145528649951495f,0.07309772636087783f,0.08274230894927134f,0.996557863474562f,0.00511224576479739f,0.40258151986142904f,0.06166755464178187f,9.718651988504723e-18f,-0.9980967451627637f,0.25014799675641763f,0f,0f,0f,1f], start_interpolation: 0, interpolation_duration: 1 }
$data merge entity $(bone_nail_head1) { transformation: [0.3658146527400463f,0.08290008894456241f,-0.9269882497063611f,0.07842051741807748f,-0.030430814266660146f,0.996557863474562f,0.07711284127876751f,0.6530022423248718f,0.9301900909941727f,9.718651988504723e-18f,0.36707818597167097f,9.481770819948167e-18f,0f,0f,0f,1f], start_interpolation: 0, interpolation_duration: 1 }
$data merge entity $(bone_nail_left_rotation1) { transformation: [0.19170079048512967f,-0.8582646901049433f,-0.47605937512713903f,0.22847293698757737f,-0.9702883939983034f,-0.23868837319484354f,0.039601678926433986f,0.20150878126289562f,-0.1476185604846819f,0.4543232133852119f,-0.878521017608438f,0.23892507533663465f,0f,0f,0f,1f], start_interpolation: 0, interpolation_duration: 1 }
$data merge entity $(bone_nail_right_rotation1) { transformation: [0.34379864412657385f,0.8937048772219216f,0.2882604459971563f,-0.113441836728157f,0.9244660019724603f,-0.37599914883499486f,0.06314468522698151f,0.22995144996420763f,0.16481839549572314f,0.2447779248729538f,-0.9554677723508553f,0.2601232972447472f,0f,0f,0f,1f], start_interpolation: 0, interpolation_duration: 1 }
$data merge entity $(bone_magnet_left1) { transformation: [-0.9946611599003181f,0.0328299143670846f,0.09783339771470537f,0.3063607851570164f,0.08274230894927134f,-0.312815350339143f,0.9462030791019138f,0.3831771992189135f,0.06166755464178187f,0.9492464133800291f,0.3084288562856169f,-0.01541688866044546f,0f,0f,0f,1f], start_interpolation: 0, interpolation_duration: 1 }
$data merge entity $(bone_magnet_right1) { transformation: [-0.9946611599003181f,-0.08406498700521386f,-0.05985194186964235f,-0.19096979479314263f,0.08274230894927134f,-0.3030912810441173f,-0.9493626207434014f,0.4245483536935492f,0.06166755464178187f,-0.9492464133800291f,0.3084288562856169f,0.015416888660445476f,0f,0f,0f,1f], start_interpolation: 0, interpolation_duration: 1 }
$data merge entity $(bone_body1) { transformation: [-0.9946611599003181f,0.08290008894456241f,-0.06145528649951495f,0.055104867402419315f,0.08274230894927134f,0.996557863474562f,0.00511224576479739f,0.3727203432226513f,0.06166755464178187f,9.718651988504723e-18f,-0.9980967451627637f,6.7483999481812134e-18f,0f,0f,0f,1f], start_interpolation: 0, interpolation_duration: 1 }