# This file was generated by Animated Java via MC-Build. It is not recommended to edit this file directly.
$data merge entity $(bone_pupil1) { transformation: [-0.9938058619042912f,0.08608538608278582f,-0.07027954999604549f,0.08699056373781257f,0.08587093459124343f,0.9962877627989705f,0.006072585071342287f,0.4092044644471636f,0.07054141646646561f,1.0542419251964776e-17f,-0.9975088513707057f,0.2556116431637433f,0f,0f,0f,1f], start_interpolation: 0, interpolation_duration: 1 }
$data merge entity $(bone_pupil_closed1) { transformation: [-0.9938058619042912f,0.08608538608278582f,-0.07027954999604549f,0.08619991880035706f,0.08587093459124343f,0.9962877627989705f,0.006072585071342287f,0.4092727810292162f,0.07054141646646561f,1.0542419251964776e-17f,-0.9975088513707057f,0.2443896685858229f,0f,0f,0f,1f], start_interpolation: 0, interpolation_duration: 1 }
$data merge entity $(bone_eye1) { transformation: [-0.9938058619042912f,0.08608538608278582f,-0.07027954999604549f,0.08659524126908481f,0.08587093459124343f,0.9962877627989705f,0.006072585071342287f,0.4092386227381899f,0.07054141646646561f,1.0542419251964776e-17f,-0.9975088513707057f,0.2500006558747831f,0f,0f,0f,1f], start_interpolation: 0, interpolation_duration: 1 }
$data merge entity $(bone_nail_head1) { transformation: [0.7524220105164071f,0.08608538608278582f,-0.653031717754525f,0.09050277557202237f,-0.0650138862395729f,0.9962877627989705f,0.05642595407301653f,0.6598325050714376f,0.6554649591598896f,1.0542419251964776e-17f,0.7552255870357707f,1.1083393441822846e-17f,0f,0f,0f,1f], start_interpolation: 0, interpolation_duration: 1 }
$data merge entity $(bone_nail_left_rotation1) { transformation: [0.5550131924851536f,-0.6767563130055564f,-0.48369540929655674f,0.24122068917461498f,-0.757698061072133f,-0.6512656051045199f,0.04179425624860062f,0.20767939569618252f,-0.3432987101854128f,0.3432987101854144f,-0.8742379488274703f,0.23725290688750264f,0f,0f,0f,1f], start_interpolation: 0, interpolation_duration: 1 }
$data merge entity $(bone_nail_right_rotation1) { transformation: [0.7164041407521474f,0.6390414914699805f,0.2799840697129045f,-0.1004000758549851f,0.6505303275332466f,-0.7568665146194777f,0.06295531754546779f,0.23719752946192244f,0.25214162701280496f,0.13703667840248773f,-0.9579381758233401f,0.2615015187978502f,0f,0f,0f,1f], start_interpolation: 0, interpolation_duration: 1 }
$data merge entity $(bone_magnet_left1) { transformation: [-0.9938058619042912f,-0.011176413879256865f,0.1105667066411427f,0.3174328945273987f,0.08587093459124343f,-0.7087757991716034f,0.7001878670050499f,0.38929283072388415f,0.07054141646646561f,0.7053452730978317f,0.7053452730978284f,-0.017635354116616393f,0f,0f,0f,1f], start_interpolation: 0, interpolation_duration: 1 }
$data merge entity $(bone_magnet_right1) { transformation: [-0.9938058619042912f,-0.11056670664114265f,-0.011176413879257385f,-0.1794700364247469f,0.08587093459124343f,-0.7001878670050466f,-0.7087757991716066f,0.43222829801950585f,0.07054141646646561f,-0.7053452730978317f,0.7053452730978284f,0.017635354116616413f,0f,0f,0f,1f], start_interpolation: 0, interpolation_duration: 1 }
$data merge entity $(bone_body1) { transformation: [-0.9938058619042912f,0.08608538608278582f,-0.07027954999604549f,0.06629126073623885f,0.08587093459124343f,0.9962877627989705f,0.006072585071342287f,0.3796265717842272f,0.07054141646646561f,1.0542419251964776e-17f,-0.9975088513707057f,8.118338027207752e-18f,0f,0f,0f,1f], start_interpolation: 0, interpolation_duration: 1 }