# This file was generated by Animated Java via MC-Build. It is not recommended to edit this file directly.
$data merge entity $(bone_pupil1) { transformation: [-0.993461656480143f,0.08688774989388319f,-0.07405711324449844f,0.09298043672808963f,0.08664733880567192f,0.9962181081060402f,0.006459083488940209f,0.41247602612840684f,0.07433825247895977f,1.1074361348260184e-17f,-0.9972330841976585f,0.25554097782565f,0f,0f,0f,1f], start_interpolation: 0, interpolation_duration: 1 }
$data merge entity $(bone_pupil_closed1) { transformation: [-0.993461656480143f,0.08688774989388319f,-0.07405711324449844f,0.09214729420408903f,0.08664733880567192f,0.9962181081060402f,0.006459083488940209f,0.41254869081765744f,0.07433825247895977f,1.1074361348260184e-17f,-0.9972330841976585f,0.24432210562842635f,0f,0f,0f,1f], start_interpolation: 0, interpolation_duration: 1 }
$data merge entity $(bone_eye1) { transformation: [-0.993461656480143f,0.08688774989388319f,-0.07405711324449844f,0.09256386546608933f,0.08664733880567192f,0.9962181081060402f,0.006459083488940209f,0.41251235847303214f,0.07433825247895977f,1.1074361348260184e-17f,-0.9972330841976585f,0.24993154172703816f,0f,0f,0f,1f], start_interpolation: 0, interpolation_duration: 1 }
$data merge entity $(bone_nail_head1) { transformation: [0.8857600454379758f,0.08688774989388319f,-0.45593822040282284f,0.0957252389326577f,-0.07725386305246465f,0.9962181081060402f,0.039765836154833145f,0.6631856932989578f,0.4576690753690772f,1.1074361348260184e-17f,0.8891226110333793f,1.1844933490054106e-17f,0f,0f,0f,1f], start_interpolation: 0, interpolation_duration: 1 }
$data merge entity $(bone_nail_left_rotation1) { transformation: [0.6956173252576123f,-0.528179204733671f,-0.4869735767866179f,0.246977348872733f,-0.5851521711475782f,-0.8098104773941448f,0.04247266537365688f,0.21083298877310533f,-0.4167894833158826f,0.2554089238644065f,-0.8723834066554139f,0.23653138390459344f,0f,0f,0f,1f], start_interpolation: 0, interpolation_duration: 1 }
$data merge entity $(bone_nail_right_rotation1) { transformation: [0.8472033173711057f,0.4537066175046401f,0.2763997906437193f,-0.09452509554231611f,0.45509664017426077f,-0.8882072648747317f,0.0630468296256659f,0.24061801148755504f,0.27410506587345856f,0.07237513285823066f,-0.9589724985661789f,0.26208515819423583f,0f,0f,0f,1f], start_interpolation: 0, interpolation_duration: 1 }
$data merge entity $(bone_magnet_left1) { transformation: [-0.993461656480143f,-0.03538924997262117f,0.10854279381933099f,0.32236871557922264f,0.08664733880567192f,-0.8527904332804099f,0.5150152576218552f,0.39246933157102976f,0.07433825247895977f,0.5210528551805336f,0.8502809808096311f,-0.01858456311973993f,0f,0f,0f,1f], start_interpolation: 0, interpolation_duration: 1 }
$data merge entity $(bone_magnet_right1) { transformation: [-0.993461656480143f,-0.11277872072713471f,0.017745344597426743f,-0.17436211266084883f,0.08664733880567192f,-0.8460407095757065f,-0.5260298056370287f,0.43579300097386575f,0.07433825247895977f,-0.5210528551805336f,0.8502809808096311f,0.018584563119739952f,0f,0f,0f,1f], start_interpolation: 0, interpolation_duration: 1 }
$data merge entity $(bone_body1) { transformation: [-0.993461656480143f,0.08688774989388319f,-0.07405711324449844f,0.07128805927500306f,0.08664733880567192f,0.9962181081060402f,0.006459083488940209f,0.382999350394134f,0.07433825247895977f,1.1074361348260184e-17f,-0.9972330841976585f,8.730269360855929e-18f,0f,0f,0f,1f], start_interpolation: 0, interpolation_duration: 1 }