# This file was generated by Animated Java via MC-Build. It is not recommended to edit this file directly.
$data merge entity $(bone_pupil1) { transformation: [-0.9929820626794456f,0.08688774989388316f,-0.08023180239313889f,0.10320965695562183f,0.08660550978663821f,0.9962181081060402f,0.006997625041291146f,0.4188969158518224f,0.08053638228446937f,1.0640680479265979e-17f,-0.9967516697395243f,0.2554176153707531f,0f,0f,0f,1f], start_interpolation: 0, interpolation_duration: 1 }
$data merge entity $(bone_pupil_closed1) { transformation: [-0.9929820626794456f,0.08688774989388316f,-0.08023180239313889f,0.10230704917869902f,0.08660550978663821f,0.9962181081060402f,0.006997625041291146f,0.41897563913353697f,0.08053638228446937f,1.0640680479265979e-17f,-0.9967516697395243f,0.24420415908618345f,0f,0f,0f,1f], start_interpolation: 0, interpolation_duration: 1 }
$data merge entity $(bone_eye1) { transformation: [-0.9929820626794456f,0.08688774989388316f,-0.08023180239313889f,0.10275835306716043f,0.08660550978663821f,0.9962181081060402f,0.006997625041291146f,0.4189362774926797f,0.08053638228446937f,1.0640680479265979e-17f,-0.9967516697395243f,0.24981088722846828f,0f,0f,0f,1f], start_interpolation: 0, interpolation_duration: 1 }
$data merge entity $(bone_nail_head1) { transformation: [0.9962159450355953f,0.08688774989388316f,0.002075999810576712f,0.10437219506585078f,-0.08688756123607591f,0.9962181081060402f,-0.00018106371571991863f,0.6697445842951633f,-0.002083880822567566f,1.0640680479265979e-17f,0.9999978287180014f,1.2781907460737733e-17f,0f,0f,0f,1f], start_interpolation: 0, interpolation_duration: 1 }
$data merge entity $(bone_nail_left_rotation1) { transformation: [0.8565531045013876f,-0.1545686153724617f,-0.492367060546169f,0.25708554710859133f,-0.15346344981947702f,-0.9872207767925023f,0.042943072068881f,0.21726443374386947f,-0.49271264316895674f,0.03877732599146355f,-0.8693276541387671f,0.23534572672973791f,0f,0f,0f,1f], start_interpolation: 0, interpolation_duration: 1 }
$data merge entity $(bone_nail_right_rotation1) { transformation: [0.9625398244765901f,0.019259940079259033f,0.27045543256647353f,-0.08425203693746808f,0.0021083507539205876f,-0.9979754554841992f,0.06356528225535896f,0.24703507773302638f,0.271132147031062f,-0.060613900709724694f,-0.9606317264628929f,0.26303010814002425f,0f,0f,0f,1f], start_interpolation: 0, interpolation_duration: 1 }
$data merge entity $(bone_magnet_left1) { transformation: [-0.9929820626794456f,-0.08032498929390047f,0.08680160880887203f,0.3308957732622414f,0.08660550978663821f,-0.9936961274827172f,0.07118631821107121f,0.3990386798219937f,0.08053638228446937f,0.07820423467297757f,0.9936790169907702f,-0.02013409557111733f,0f,0f,0f,1f], start_interpolation: 0, interpolation_duration: 1 }
$data merge entity $(bone_magnet_right1) { transformation: [-0.9929820626794456f,-0.09291481862266132f,0.07316734023587046f,-0.16559525807748143f,0.08660550978663821f,-0.9925980728167527f,-0.08513842560832749f,0.44234143471531284f,0.08053638228446937f,-0.0782042346729776f,0.9936790169907702f,0.020134095571117352f,0f,0f,0f,1f], start_interpolation: 0, interpolation_duration: 1 }
$data merge entity $(bone_body1) { transformation: [-0.9929820626794456f,0.08688774989388316f,-0.08023180239313889f,0.07993501540819614f,0.08660550978663821f,0.9962181081060402f,0.006997625041291146f,0.3895582413903395f,0.08053638228446937f,1.0640680479265979e-17f,-0.9967516697395243f,9.789216075944176e-18f,0f,0f,0f,1f], start_interpolation: 0, interpolation_duration: 1 }