# This file was generated by Animated Java via MC-Build. It is not recommended to edit this file directly.
$data merge entity $(bone_pupil1) { transformation: [-0.993461656480143f,0.07433825247895995f,-0.08664733880567178f,0.11798745099640162f,0.07405711324449862f,0.9972330841976585f,0.006459083488940212f,0.43689596363084904f,0.08688774989388305f,9.103810295256609e-18f,-0.9962181081060402f,0.25528089020217276f,0f,0f,0f,1f], start_interpolation: 0, interpolation_duration: 1 }
$data merge entity $(bone_pupil_closed1) { transformation: [-0.993461656480143f,0.07433825247895995f,-0.08664733880567178f,0.11701266843483782f,0.07405711324449862f,0.9972330841976585f,0.006459083488940212f,0.43696862832009964f,0.08688774989388305f,9.103810295256609e-18f,-0.9962181081060402f,0.24407343648597984f,0f,0f,0f,1f], start_interpolation: 0, interpolation_duration: 1 }
$data merge entity $(bone_eye1) { transformation: [-0.993461656480143f,0.07433825247895995f,-0.08664733880567178f,0.11750005971561972f,0.07405711324449862f,0.9972330841976585f,0.006459083488940212f,0.43693229597547434f,0.08688774989388305f,9.103810295256609e-18f,-0.9962181081060402f,0.2496771633440763f,0f,0f,0f,1f], start_interpolation: 0, interpolation_duration: 1 }
$data merge entity $(bone_nail_head1) { transformation: [0.1476657519367569f,0.07433825247895995f,0.9862396513643763f,0.11436863354718821f,-0.011007671249497308f,0.9972330841976585f,-0.07351875240568616f,0.6878593748243047f,-0.9889760648663926f,9.103810295256609e-18f,0.148075464278809f,1.4006118099642064e-17f,0f,0f,0f,1f], start_interpolation: 0, interpolation_duration: 1 }
$data merge entity $(bone_nail_left_rotation1) { transformation: [0.2739258156232471f,0.8225435188852525f,-0.49838419625325714f,0.2742587049965858f,0.9546481851044123f,-0.2954091839770333f,0.0371518061320705f,0.23722656327669575f,-0.11666829137340833f,-0.4859584072344973f,-0.8661598791367099f,0.2341206950134989f,0f,0f,0f,1f], start_interpolation: 0, interpolation_duration: 1 }
$data merge entity $(bone_nail_right_rotation1) { transformation: [0.18187357873636995f,-0.9473530971855113f,0.2635225049415032f,-0.06724373941846337f,-0.9831368821007748f,-0.16998909970495574f,0.06742089464450833f,0.26268369595449215f,-0.01907543998949214f,-0.27134077326218f,-0.9622942961249897f,0.26398835903952117f,0f,0f,0f,1f], start_interpolation: 0, interpolation_duration: 1 }
$data merge entity $(bone_magnet_left1) { transformation: [-0.993461656480143f,-0.10160718633550461f,-0.0520568611108326f,0.34414948454748395f,0.07405711324449862f,-0.22651882169168744f,-0.9711872977944578f,0.42003682546376536f,0.08688774989388305f,-0.968692522477794f,0.23256249872665727f,-0.021721937473470752f,0f,0f,0f,1f], start_interpolation: 0, interpolation_duration: 1 }
$data merge entity $(bone_magnet_right1) { transformation: [-0.993461656480143f,0.06689934553877852f,0.09251170018010471f,-0.1525813436925875f,0.07405711324449862f,-0.2390800586876529f,0.9681716116039552f,0.45706538208601466f,0.08688774989388305f,0.968692522477794f,0.23256249872665727f,0.021721937473470773f,0f,0f,0f,1f], start_interpolation: 0, interpolation_duration: 1 }
$data merge entity $(bone_body1) { transformation: [-0.993461656480143f,0.07433825247895995f,-0.08664733880567178f,0.09346100003748073f,0.07405711324449862f,0.9972330841976585f,0.006459083488940212f,0.40738756989371316f,0.08688774989388305f,9.103810295256609e-18f,-0.9962181081060402f,1.1445671454101144e-17f,0f,0f,0f,1f], start_interpolation: 0, interpolation_duration: 1 }