# This file was generated by Animated Java via MC-Build. It is not recommended to edit this file directly.
$data merge entity $(bone_pupil1) { transformation: [-0.9931847990746521f,0.07767666218925473f,-0.08689241070530455f,0.11728935786744267f,0.07738107903839911f,0.9969786036576394f,0.006769967187263432f,0.43405653180351966f,0.08715574274765804f,9.078966702857903e-18f,-0.9961946980917455f,0.2552748913860098f,0f,0f,0f,1f], start_interpolation: 0, interpolation_duration: 1 }
$data merge entity $(bone_pupil_closed1) { transformation: [-0.9931847990746521f,0.07767666218925473f,-0.08689241070530455f,0.116311818247008f,0.07738107903839911f,0.9969786036576394f,0.006769967187263432f,0.43413269393437637f,0.08715574274765804f,9.078966702857903e-18f,-0.9961946980917455f,0.24406770103247766f,0f,0f,0f,1f], start_interpolation: 0, interpolation_duration: 1 }
$data merge entity $(bone_eye1) { transformation: [-0.9931847990746521f,0.07767666218925473f,-0.08689241070530455f,0.11680058805722533f,0.07738107903839911f,0.9969786036576394f,0.006769967187263432f,0.434094612868948f,0.08715574274765804f,9.078966702857903e-18f,-0.9961946980917455f,0.24967129620924372f,0f,0f,0f,1f], start_interpolation: 0, interpolation_duration: 1 }
$data merge entity $(bone_nail_head1) { transformation: [0.3734747584247413f,0.07767666218925473f,0.9243824646599034f,0.11444234317152206f,-0.029098189810635305f,0.9969786036576394f,-0.0720205470585154f,0.6850359868096658f,-0.9271838545667873f,9.078966702857903e-18f,0.3746065934159123f,1.3893172180788126e-17f,0f,0f,0f,1f], start_interpolation: 0, interpolation_duration: 1 }
$data merge entity $(bone_nail_left_rotation1) { transformation: [0.4611898043792074f,0.7340384051934097f,-0.49848930182881956f,0.2728855434810051f,0.8577745163346995f,-0.5125567901848112f,0.038838331094627365f,0.23386548295290782f,-0.22699524986977343f,-0.4455032620941838f,-0.8660254037844387f,0.23406878123818267f,0f,0f,0f,1f], start_interpolation: 0, interpolation_duration: 1 }
$data merge entity $(bone_nail_right_rotation1) { transformation: [0.3949455320673986f,-0.8801089430895859f,0.26348866198326604f,-0.06852173120090659f,-0.9176179155266345f,-0.39185118349940506f,0.06655832851469295f,0.2604652288723575f,0.044669763873941656f,-0.2680688312427387f,-0.9623636079526274f,0.26402856780769013f,0f,0f,0f,1f], start_interpolation: 0, interpolation_duration: 1 }
$data merge entity $(bone_magnet_left1) { transformation: [-0.9931847990746521f,-0.11268617152628124f,-0.029762083828126687f,0.3433193773928714f,0.07738107903839911f,-0.44658672957177453f,-0.8913879411217317f,0.41644606613565616f,0.08715574274765804f,-0.8876159753616066f,0.45226292882455865f,-0.0217889356869145f,0f,0f,0f,1f], start_interpolation: 0, interpolation_duration: 1 }
$data merge entity $(bone_magnet_right1) { transformation: [-0.9931847990746521f,0.0421572381554818f,0.10865874174747704f,-0.15327302214445465f,0.07738107903839911f,-0.4586508994365603f,0.8852409395485995f,0.4551366056548557f,0.08715574274765804f,0.8876159753616066f,0.45226292882455865f,0.02178893568691452f,0f,0f,0f,1f], start_interpolation: 0, interpolation_duration: 1 }
$data merge entity $(bone_body1) { transformation: [-0.9931847990746521f,0.07767666218925473f,-0.08689241070530455f,0.09259578193079417f,0.07738107903839911f,0.9969786036576394f,0.006769967187263432f,0.4046357545309547f,0.08715574274765804f,9.078966702857903e-18f,-0.9961946980917455f,1.1339712795609341e-17f,0f,0f,0f,1f], start_interpolation: 0, interpolation_duration: 1 }