# This file was generated by Animated Java via MC-Build. It is not recommended to edit this file directly.
$data merge entity $(bone_pupil1) { transformation: [-0.9938058619042912f,0.0705414164664658f,-0.08587093459124329f,0.11795884625358315f,0.07027954999604569f,0.9975088513707057f,0.0060725850713422925f,0.43965731241704187f,0.08608538608278568f,8.638831988297774e-18f,-0.9962877627989705f,0.25529873921723617f,0f,0f,0f,1f], start_interpolation: 0, interpolation_duration: 1 }
$data merge entity $(bone_pupil_closed1) { transformation: [-0.9938058619042912f,0.0705414164664658f,-0.08587093459124329f,0.11699279823943166f,0.07027954999604569f,0.9975088513707057f,0.0060725850713422925f,0.4397256289990945f,0.08608538608278568f,8.638831988297774e-18f,-0.9962877627989705f,0.24409050188574777f,0f,0f,0f,1f], start_interpolation: 0, interpolation_duration: 1 }
$data merge entity $(bone_eye1) { transformation: [-0.9938058619042912f,0.0705414164664658f,-0.08587093459124329f,0.1174758222465074f,0.07027954999604569f,0.9975088513707057f,0.0060725850713422925f,0.4396914707080682f,0.08608538608278568f,8.638831988297774e-18f,-0.9962877627989705f,0.24969462055149197f,0f,0f,0f,1f], start_interpolation: 0, interpolation_duration: 1 }
$data merge entity $(bone_nail_head1) { transformation: [-0.08587093459124692f,0.0705414164664658f,0.9938058619042909f,0.11358977338119351f,0.00607258507134255f,0.9975088513707057f,-0.07027954999604566f,0.6905906251842497f,-0.9962877627989701f,8.638831988297774e-18f,-0.08608538608278933f,1.3910735238715184e-17f,0f,0f,0f,1f], start_interpolation: 0, interpolation_duration: 1 }
$data merge entity $(bone_nail_left_rotation1) { transformation: [0.07054141646646264f,0.8644033663355284f,-0.49782600256586773f,0.2750060198397256f,0.9975088513707059f,-0.06112851808372091f,0.035205052392847436f,0.2405830587861601f,1.8370968306342513e-15f,-0.4990692582645163f,-0.8665621013264458f,0.2342760149667638f,0f,0f,0f,1f], start_interpolation: 0, interpolation_duration: 1 }
$data merge entity $(bone_nail_right_rotation1) { transformation: [-0.040450396815171645f,-0.9636639777933872f,0.2640369354861581f,-0.06661474518987451f,-0.9958220047443088f,0.06053283981308547f,0.06836892694191714f,0.2647416540973008f,-0.08186757761483492f,-0.26016824019774165f,-0.9620863716568742f,0.2638678664327214f,0f,0f,0f,1f], start_interpolation: 0, interpolation_duration: 1 }
$data merge entity $(bone_magnet_left1) { transformation: [-0.9938058619042912f,-0.08587093459124302f,-0.07054141646646613f,0.34440588474064987f,0.07027954999604569f,0.006072585071345947f,-0.9975088513707057f,0.42364352484256196f,0.08608538608278568f,-0.9962877627989705f,-3.6587741562469194e-15f,-0.021521346520696406f,0f,0f,0f,1f], start_interpolation: 0, interpolation_duration: 1 }
$data merge entity $(bone_magnet_right1) { transformation: [-0.9938058619042912f,0.08587093459124355f,0.07054141646646549f,-0.15249704621149573f,0.07027954999604569f,-0.006072585071338638f,0.9975088513707057f,0.4587832998405848f,0.08608538608278568f,0.9962877627989705f,-3.641496492270323e-15f,0.021521346520696434f,0f,0f,0f,1f], start_interpolation: 0, interpolation_duration: 1 }
$data merge entity $(bone_body1) { transformation: [-0.9938058619042912f,0.0705414164664658f,-0.08587093459124329f,0.09375f,0.07027954999604569f,0.9975088513707057f,0.0060725850713422925f,0.4100412607362388f,0.08608538608278568f,8.638831988297774e-18f,-0.9962877627989705f,1.1481063742006436e-17f,0f,0f,0f,1f], start_interpolation: 0, interpolation_duration: 1 }