# This file was generated by Animated Java via MC-Build. It is not recommended to edit this file directly.
$data merge entity $(bone_pupil1) { transformation: [-0.9961966150349949f,0.04558080349565157f,-0.0742609893922034f,0.10706748481392436f,0.045454685250176034f,0.9989606550573905f,0.003388397278453606f,0.4520495198213033f,0.07433825247895982f,5.582038510351419e-18f,-0.9972330841976585f,0.25554097782565f,0f,0f,0f,1f], start_interpolation: 0, interpolation_duration: 1 }
$data merge entity $(bone_pupil_closed1) { transformation: [-0.9961966150349949f,0.04558080349565157f,-0.0742609893922034f,0.10623204868326208f,0.045454685250176034f,0.9989606550573905f,0.003388397278453606f,0.4520876392906859f,0.07433825247895982f,5.582038510351419e-18f,-0.9972330841976585f,0.24432210562842635f,0f,0f,0f,1f], start_interpolation: 0, interpolation_duration: 1 }
$data merge entity $(bone_eye1) { transformation: [-0.9961966150349949f,0.04558080349565157f,-0.0742609893922034f,0.10664976674859322f,0.045454685250176034f,0.9989606550573905f,0.003388397278453606f,0.4520685795559946f,0.07433825247895982f,5.582038510351419e-18f,-0.9972330841976585f,0.24993154172703816f,0f,0f,0f,1f], start_interpolation: 0, interpolation_duration: 1 }
$data merge entity $(bone_nail_head1) { transformation: [-0.9487841132992932f,0.04558080349565157f,0.3126197317885817f,0.09943330715608514f,0.043291336860115465f,0.9989606550573905f,-0.014264284075031965f,0.7026579603882547f,-0.31294498958081746f,5.582038510351419e-18f,-0.9497712532479923f,1.2177068133733529e-17f,0f,0f,0f,1f], start_interpolation: 0, interpolation_duration: 1 }
$data merge entity $(bone_nail_left_rotation1) { transformation: [-0.7876964672801694f,0.3756108659675749f,-0.4883141947572583f,0.2692782461839282f,0.41902277946107747f,0.9077023032370515f,0.0222809109074363f,0.2569530504536589f,0.45161287152499796f,-0.1870641763279125f,-0.8723834066554139f,0.2365313839045934f,0f,0f,0f,1f], start_interpolation: 0, interpolation_duration: 1 }
$data merge entity $(bone_nail_right_rotation1) { transformation: [-0.8941170940945513f,-0.35457454108832814f,0.2735534990818373f,-0.07316434023435132f,-0.34785212079203603f,0.9345901090460246f,0.07443272219812203f,0.2725780985084069f,-0.28205234285217f,-0.0286045955283675f,-0.958972498566179f,0.26208515819423583f,0f,0f,0f,1f], start_interpolation: 0, interpolation_duration: 1 }
$data merge entity $(bone_magnet_left1) { transformation: [-0.9961966150349949f,0.013692721113615452f,-0.08605122649516912f,0.337087260040921f,0.045454685250176034f,0.9242159864923258f,-0.3791552213814608f,0.44155412531136307f,0.07433825247895982f,-0.38162457952878487f,-0.9213232356333213f,-0.018584563119739946f,0f,0f,0f,1f], start_interpolation: 0, interpolation_duration: 1 }
$data merge entity $(bone_magnet_right1) { transformation: [-0.9961966150349949f,0.07052962173648733f,-0.05116518983181985f,-0.16101104747657652f,0.045454685250176034f,0.9216226194908554f,0.3854161631686212f,0.4642814679364511f,0.07433825247895982f,0.38162457952878487f,-0.9213232356333213f,0.018584563119739966f,0f,0f,0f,1f], start_interpolation: 0, interpolation_duration: 1 }
$data merge entity $(bone_body1) { transformation: [-0.9961966150349949f,0.04558080349565157f,-0.0742609893922034f,0.08661370617293314f,0.045454685250176034f,0.9989606550573905f,0.003388397278453606f,0.4217002761533636f,0.07433825247895982f,5.582038510351419e-18f,-0.9972330841976585f,1.0607119802697192e-17f,0f,0f,0f,1f], start_interpolation: 0, interpolation_duration: 1 }