# This file was generated by Animated Java via MC-Build. It is not recommended to edit this file directly.
$data merge entity $(bone_pupil1) { transformation: [-0.9967261101060693f,0.039607781689864605f,-0.0704860628949577f,0.10283165843730058f,0.039509112818798514f,0.9992153039408513f,0.0027939890234975977f,0.45419453396907655f,0.07054141646646568f,4.8505543067819836e-18f,-0.9975088513707057f,0.2556116431637433f,0f,0f,0f,1f], start_interpolation: 0, interpolation_duration: 1 }
$data merge entity $(bone_pupil_closed1) { transformation: [-0.9967261101060693f,0.039607781689864605f,-0.0704860628949577f,0.1020386902297323f,0.039509112818798514f,0.9992153039408513f,0.0027939890234975977f,0.4542259663455909f,0.07054141646646568f,4.8505543067819836e-18f,-0.9975088513707057f,0.2443896685858229f,0f,0f,0f,1f], start_interpolation: 0, interpolation_duration: 1 }
$data merge entity $(bone_eye1) { transformation: [-0.9967261101060693f,0.039607781689864605f,-0.0704860628949577f,0.10243517433351644f,0.039509112818798514f,0.9992153039408513f,0.0027939890234975977f,0.45421025015733374f,0.07054141646646568f,4.8505543067819836e-18f,-0.9975088513707057f,0.2500006558747831f,0f,0f,0f,1f], start_interpolation: 0, interpolation_duration: 1 }
$data merge entity $(bone_nail_head1) { transformation: [-0.9954812072602746f,0.039607781689864605f,0.0863040533302705f,0.09467155024293382f,0.0394597662566043f,0.9992153039408513f,-0.003420996545763604f,0.7047143196415606f,-0.08637182896408008f,4.8505543067819836e-18f,-0.9962629708874056f,1.1593921097532673e-17f,0f,0f,0f,1f], start_interpolation: 0, interpolation_duration: 1 }
$data merge entity $(bone_nail_left_rotation1) { transformation: [-0.8566010416840947f,0.17577377423936494f,-0.48511672376385123f,0.2662769616518381f,0.19051202613069282f,0.9814965077599683f,0.019229486591288612f,0.26006849814583277f,0.4795204096650133f,-0.07594857170898676f,-0.8742379488274703f,0.2372529068875026f,0f,0f,0f,1f], start_interpolation: 0, interpolation_duration: 1 }
$data merge entity $(bone_nail_right_rotation1) { transformation: [-0.9503760465513181f,-0.14210951228656815f,0.27674944744147306f,-0.07634763869712317f,-0.1257982671293703f,0.9891464003605114f,0.07592229343934874f,0.27364975567729477f,-0.28453499983083724f,0.03734012816684927f,-0.9579381758233402f,0.2615015187978502f,0f,0f,0f,1f], start_interpolation: 0, interpolation_duration: 1 }
$data merge entity $(bone_magnet_left1) { transformation: [-0.9967261101060693f,0.028093694630151884f,-0.07581428463588957f,0.333951132346985f,0.039509112818798514f,0.9873503816248244f,-0.15355212114974195f,0.44503321545164815f,0.07054141646646568f,-0.15604476353707405f,-0.9852278621392937f,-0.01763535411661641f,0f,0f,0f,1f], start_interpolation: 0, interpolation_duration: 1 }
$data merge entity $(bone_magnet_right1) { transformation: [-0.9967261101060693f,0.05014659371368179f,-0.06342224035572092f,-0.16441192270604965f,0.039509112818798514f,0.9864762292683862f,0.1590713019142607f,0.4647877718610474f,0.07054141646646568f,0.15604476353707405f,-0.9852278621392937f,0.01763535411661643f,0f,0f,0f,1f], start_interpolation: 0, interpolation_duration: 1 }
$data merge entity $(bone_body1) { transformation: [-0.9967261101060693f,0.039607781689864605f,-0.0704860628949577f,0.0835318616426594f,0.039509112818798514f,0.9992153039408513f,0.0027939890234975977f,0.4236850154081962f,0.07054141646646568f,4.8505543067819836e-18f,-0.9975088513707057f,1.022970269875024e-17f,0f,0f,0f,1f], start_interpolation: 0, interpolation_duration: 1 }