# This file was generated by Animated Java via MC-Build. It is not recommended to edit this file directly.
$data merge entity $(bone_pupil1) { transformation: [-0.9989372398487515f,0.006846794247134427f,-0.04557973510119728f,0.0727795239708593f,0.0068396780661605806f,0.999976560429562f,0.000312082383153792f,0.4628747341454736f,0.04558080349565144f,8.655955202295064e-19f,-0.9989606550573905f,0.2559836678584563f,0f,0f,0f,1f], start_interpolation: 0, interpolation_duration: 1 }
$data merge entity $(bone_pupil_closed1) { transformation: [-0.9989372398487515f,0.006846794247134427f,-0.04557973510119728f,0.07226675195097082f,0.0068396780661605806f,0.999976560429562f,0.000312082383153792f,0.4628782450722841f,0.04558080349565144f,8.655955202295064e-19f,-0.9989606550573905f,0.24474536048906068f,0f,0f,0f,1f], start_interpolation: 0, interpolation_duration: 1 }
$data merge entity $(bone_eye1) { transformation: [-0.9989372398487515f,0.006846794247134427f,-0.04557973510119728f,0.07252313796091506f,0.0068396780661605806f,0.999976560429562f,0.000312082383153792f,0.46287648960887884f,0.04558080349565144f,8.655955202295064e-19f,-0.9989606550573905f,0.2503645141737585f,0f,0f,0f,1f], start_interpolation: 0, interpolation_duration: 1 }
$data merge entity $(bone_nail_head1) { transformation: [-0.4830801612343831f,0.006846794247134427f,-0.8755493585345716f,0.0628114154129611f,0.0033076279982237923f,0.999976560429562f,0.005994846827731227f,0.7129488453635473f,0.8755698815164827f,8.655955202295064e-19f,-0.4830914846912665f,7.699803180065042e-18f,0f,0f,0f,1f], start_interpolation: 0, interpolation_duration: 1 }
$data merge entity $(bone_nail_left_rotation1) { transformation: [-0.4688143052448941f,-0.7519314665333272f,-0.46347838874621433f,0.24290321480414329f,-0.8494502000137641f,0.5276592528614731f,0.00317341554923601f,0.27420550991220405f,0.24217246931541012f,0.3951895526284973f,-0.8861025406796691f,0.24190596316353252f,0f,0f,0f,1f], start_interpolation: 0, interpolation_duration: 1 }
$data merge entity $(bone_nail_right_rotation1) { transformation: [-0.5210598102655726f,0.7998166783831725f,0.297976433809982f,-0.10048146139386505f,0.8490141037498288f,0.5215231478750716f,0.08478595322546885f,0.27655664924744683f,-0.0875883882708242f,0.2971647475906006f,-0.9508003928425429f,0.25757436436516273f,0f,0f,0f,1f], start_interpolation: 0, interpolation_duration: 1 }
$data merge entity $(bone_magnet_left1) { transformation: [-0.9989372398487515f,0.042440552994933996f,-0.01797749439833337f,0.31083402681336536f,0.0068396780661605806f,0.5222202235995729f,0.8527832414321727f,0.46124478573961664f,0.04558080349565144f,0.8517539771114052f,-0.5219555084751903f,-0.011395200873912853f,0f,0f,0f,1f], start_interpolation: 0, interpolation_duration: 1 }
$data merge entity $(bone_magnet_right1) { transformation: [-0.9989372398487515f,-0.03528567266086769f,-0.029653197942684076f,-0.18863459311101038f,0.0068396780661605806f,0.5227524115485015f,-0.8524571162376308f,0.46466462477269693f,0.04558080349565144f,-0.8517539771114052f,-0.5219555084751903f,0.011395200873912867f,0f,0f,0f,1f], start_interpolation: 0, interpolation_duration: 1 }
$data merge entity $(bone_body1) { transformation: [-0.9989372398487515f,0.006846794247134427f,-0.04557973510119728f,0.060885754530954544f,0.0068396780661605806f,0.999976560429562f,0.000312082383153792f,0.43170543774273296f,0.04558080349565144f,8.655955202295064e-19f,-0.9989606550573905f,7.456354440000493e-18f,0f,0f,0f,1f], start_interpolation: 0, interpolation_duration: 1 }