# This file was generated by Animated Java via MC-Build. It is not recommended to edit this file directly.
$data merge entity $(bone_pupil1) { transformation: [-0.9985916968022414f,-0.05127144971861466f,0.013633103878871164f,-0.005095715672667387f,-0.0512666722429489f,0.998684754286232f,0.0006999095530738928f,0.4685295467484696f,-0.01365105837488713f,-6.27894167855459e-18f,-0.9999068199613629f,0.2562261226150992f,0f,0f,0f,1f], start_interpolation: 0, interpolation_duration: 1 }
$data merge entity $(bone_pupil_closed1) { transformation: [-0.9985916968022414f,-0.05127144971861466f,0.013633103878871164f,-0.004942343254030086f,-0.0512666722429489f,0.998684754286232f,0.0006999095530738928f,0.4685374207309416f,-0.01365105837488713f,-6.27894167855459e-18f,-0.9999068199613629f,0.2449771708905339f,0f,0f,0f,1f], start_interpolation: 0, interpolation_duration: 1 }
$data merge entity $(bone_eye1) { transformation: [-0.9985916968022414f,-0.05127144971861466f,0.013633103878871164f,-0.0050190294633487365f,-0.0512666722429489f,0.998684754286232f,0.0006999095530738928f,0.4685334837397056f,-0.01365105837488713f,-6.27894167855459e-18f,-0.9999068199613629f,0.25060164675281654f,0f,0f,0f,1f], start_interpolation: 0, interpolation_duration: 1 }
$data merge entity $(bone_nail_head1) { transformation: [0.9985916968022414f,-0.05127144971861466f,-0.01363310387886945f,-0.014420095233360315f,0.0512666722429489f,0.998684754286232f,-0.0006999095530738048f,0.7183800871430028f,0.013651058374885415f,-6.27894167855459e-18f,0.9999068199613629f,-1.7659523470934716e-18f,0f,0f,0f,1f], start_interpolation: 0, interpolation_duration: 1 }
$data merge entity $(bone_nail_left_rotation1) { transformation: [0.9107930295454315f,0.05127144971861622f,-0.4096672988843583f,0.17623583593670106f,0.04675917882793778f,-0.9986847542862319f,-0.02103189843037302f,0.2900919890462646f,-0.41020682164828964f,-6.975307380486208e-16f,-0.9119925238033524f,0.25232298064852443f,0f,0f,0f,1f], start_interpolation: 0, interpolation_duration: 1 }
$data merge entity $(bone_nail_right_rotation1) { transformation: [0.9331729112151393f,0.08893503441551068f,0.3482511700307319f,-0.16703005983906943f,0.05551432144857677f,-0.9929408254295552f,0.10481735213874628f,0.27246907046275093f,0.3551147390469254f,-0.07847978624324727f,-0.9315226488190441f,0.247630429332157f,0f,0f,0f,1f], start_interpolation: 0, interpolation_duration: 1 }
$data merge entity $(bone_magnet_left1) { transformation: [-0.9985916968022414f,0.05127144971861468f,-0.013633103878871075f,0.24804569139685367f,-0.0512666722429489f,-0.998684754286232f,-0.0006999095530756062f,0.481525566632182f,-0.01365105837488713f,-1.7093046653571514e-15f,0.9999068199613629f,0.0034127645937217827f,0f,0f,0f,1f], start_interpolation: 0, interpolation_duration: 1 }
$data merge entity $(bone_magnet_right1) { transformation: [-0.9985916968022414f,0.05127144971861464f,-0.013633103878871252f,-0.25125015700426695f,-0.0512666722429489f,-0.998684754286232f,-0.0006999095530721793f,0.45589223051070754f,-0.01365105837488713f,1.7218625487142605e-15f,0.9999068199613629f,-0.0034127645937217827f,0f,0f,0f,1f], start_interpolation: 0, interpolation_duration: 1 }
$data merge entity $(bone_body1) { transformation: [-0.9985916968022414f,-0.05127144971861466f,0.013633103878871164f,5.740531871003219e-17f,-0.0512666722429489f,0.998684754286232f,0.0006999095530738928f,0.4375f,-0.01365105837488713f,-6.27894167855459e-18f,-0.9999068199613629f,7.030123981227458e-33f,0f,0f,0f,1f], start_interpolation: 0, interpolation_duration: 1 }