# This file was generated by Animated Java via MC-Build. It is not recommended to edit this file directly.
$data merge entity $(bone_pupil1) { transformation: [-0.9967261101060693f,-0.07054141646646583f,0.03950911281879868f,-0.04129897264704532f,-0.07048606289495785f,0.9975088513707057f,0.0027939890234976016f,0.46680197384885747f,-0.03960778168986477f,-8.855672422794878e-18f,-0.9992153039408513f,0.2560489216348431f,0f,0f,0f,1f], start_interpolation: 0, interpolation_duration: 1 }
$data merge entity $(bone_pupil_closed1) { transformation: [-0.9967261101060693f,-0.07054141646646583f,0.03950911281879868f,-0.040854495127833845f,-0.07048606289495785f,0.9975088513707057f,0.0027939890234976016f,0.46683340622537184f,-0.03960778168986477f,-8.855672422794878e-18f,-0.9992153039408513f,0.24480774946550857f,0f,0f,0f,1f], start_interpolation: 0, interpolation_duration: 1 }
$data merge entity $(bone_eye1) { transformation: [-0.9967261101060693f,-0.07054141646646583f,0.03950911281879868f,-0.041076733887439584f,-0.07048606289495785f,0.9975088513707057f,0.0027939890234976016f,0.46681769003711465f,-0.03960778168986477f,-8.855672422794878e-18f,-0.9992153039408513f,0.25042833555017585f,0f,0f,0f,1f], start_interpolation: 0, interpolation_duration: 1 }
$data merge entity $(bone_nail_head1) { transformation: [0.6178244517982819f,-0.07054141646646583f,0.7831454879669911f,-0.04881011660384462f,0.04369105286392293f,0.9975088513707057f,0.055382157205523044f,0.7168951463788051f,-0.7851012919743502f,-8.855672422794878e-18f,0.6193673880179723f,-6.038501678693049e-18f,0f,0f,0f,1f], start_interpolation: 0, interpolation_duration: 1 }
$data merge entity $(bone_nail_left_rotation1) { transformation: [0.4837155089758297f,0.7857895070848266f,-0.3854272394780092f,0.14348677507001517f,0.8452446014752791f,-0.5336840336671753f,-0.027256483368721895f,0.2919013187083179f,-0.22711422248100205f,-0.31259590970471435f,-0.9223355827369623f,0.25661141346315836f,0f,0f,0f,1f], start_interpolation: 0, interpolation_duration: 1 }
$data merge entity $(bone_nail_right_rotation1) { transformation: [0.6312607711203124f,-0.6815308627163262f,0.37016958547364276f,-0.19913782527894613f,-0.7588338531407004f,-0.6413678812324484f,0.11321848016572877f,0.26767173458817617f,0.16025299426914358f,-0.35236759795494793f,-0.922039073867932f,0.24299623850726734f,0f,0f,0f,1f], start_interpolation: 0, interpolation_duration: 1 }
$data merge entity $(bone_magnet_left1) { transformation: [-0.9967261101060693f,0.07342674797789547f,0.03384633088260172f,0.21800676503928915f,-0.07048606289495785f,-0.5840606072648042f,-0.8086438783414092f,0.4851394492598682f,-0.03960778168986477f,-0.8083821619276728f,0.587324019521379f,0.00990194542246619f,0f,0f,0f,1f], start_interpolation: 0, interpolation_duration: 1 }
$data merge entity $(bone_magnet_right1) { transformation: [-0.9967261101060693f,0.009499660571725382f,-0.0802920785747009f,-0.2803562900137455f,-0.07048606289495785f,-0.5885813764690175f,0.8053593472552512f,0.4498964178123893f,-0.03960778168986477f,0.8083821619276728f,0.587324019521379f,-0.009901945422466196f,0f,0f,0f,1f], start_interpolation: 0, interpolation_duration: 1 }
$data merge entity $(bone_body1) { transformation: [-0.9967261101060693f,-0.07054141646646583f,0.03950911281879868f,-0.028970343222651105f,-0.07048606289495785f,0.9975088513707057f,0.0027939890234976016f,0.4363457819307942f,-0.03960778168986477f,-8.855672422794878e-18f,-0.9992153039408513f,-3.547843809781989e-18f,0f,0f,0f,1f], start_interpolation: 0, interpolation_duration: 1 }