# This file was generated by Animated Java via MC-Build. It is not recommended to edit this file directly.
$data merge entity $(bone_pupil1) { transformation: [-0.9956673318224603f,-0.0776766621892548f,0.05111653834796742f,-0.058087617995663546f,-0.07757449829225059f,0.9969786036576394f,0.003982595079746194f,0.4650447214123984f,-0.051271449718614776f,-9.946328440846314e-18f,-0.998684754286232f,0.2559129682858469f,0f,0f,0f,1f], start_interpolation: 0, interpolation_duration: 1 }
$data merge entity $(bone_pupil_closed1) { transformation: [-0.9956673318224603f,-0.0776766621892548f,0.05111653834796742f,-0.05751255693924891f,-0.07757449829225059f,0.9969786036576394f,0.003982595079746194f,0.46508952560704553f,-0.051271449718614776f,-9.946328440846314e-18f,-0.998684754286232f,0.24467776480012685f,0f,0f,0f,1f], start_interpolation: 0, interpolation_duration: 1 }
$data merge entity $(bone_eye1) { transformation: [-0.9956673318224603f,-0.0776766621892548f,0.05111653834796742f,-0.057800087467456226f,-0.07757449829225059f,0.9969786036576394f,0.003982595079746194f,0.46506712350972196f,-0.051271449718614776f,-9.946328440846314e-18f,-0.998684754286232f,0.2502953665429869f,0f,0f,0f,1f], start_interpolation: 0, interpolation_duration: 1 }
$data merge entity $(bone_nail_head1) { transformation: [0.20624389534954995f,-0.0776766621892548f,0.9754126264213421f,-0.0644081705913106f,0.01606888786668922f,0.9969786036576394f,0.07599641236000143f,0.7153099123159932f,-0.9783686659300634f,-9.946328440846314e-18f,0.20686892837308446f,-8.00969873976314e-18f,0f,0f,0f,1f], start_interpolation: 0, interpolation_duration: 1 }
$data merge entity $(bone_nail_left_rotation1) { transformation: [0.06782258393397915f,0.9247593714893931f,-0.37445988029568794f,0.12792655718648188f,0.9959657799006886f,-0.08485863530502764f,-0.02917494269028998f,0.29146924133982f,-0.05875595608388772f,-0.37097050672083215f,-0.9267840205614021f,0.2584834689919449f,0f,0f,0f,1f], start_interpolation: 0, interpolation_duration: 1 }
$data merge entity $(bone_nail_right_rotation1) { transformation: [0.2601508905846441f,-0.8876249514730012f,0.3800571794487888f,-0.21433408812748883f,-0.9654509356189593f,-0.23299355006626837f,0.11669831421230314f,0.26480300755185887f,-0.015033464021730537f,-0.3972857298595932f,-0.9175718194285599f,0.24085890815117109f,0f,0f,0f,1f], start_interpolation: 0, interpolation_duration: 1 }
$data merge entity $(bone_magnet_left1) { transformation: [-0.9956673318224603f,0.06263851603355831f,0.06872394524950158f,0.20392782791161815f,-0.07757449829225059f,-0.15202825179415994f,-0.9853271577862437f,0.48545888597464604f,-0.051271449718614776f,-0.9863892877386319f,0.15622871528059876f,0.012817862429653689f,0f,0f,0f,1f], start_interpolation: 0, interpolation_duration: 1 }
$data merge entity $(bone_magnet_right1) { transformation: [-0.9956673318224603f,-0.03833590184218507f,-0.0847167219118468f,-0.29390583799961195f,-0.07757449829225059f,-0.1598953772453137f,0.9840811275246999f,0.44667163682852074f,-0.051271449718614776f,0.9863892877386319f,0.15622871528059876f,-0.012817862429653699f,0f,0f,0f,1f], start_interpolation: 0, interpolation_duration: 1 }
$data merge entity $(bone_body1) { transformation: [-0.9956673318224603f,-0.0776766621892548f,0.05111653834796742f,-0.04256160935058268f,-0.07757449829225059f,0.9969786036576394f,0.003982595079746194f,0.43490968003728214f,-0.051271449718614776f,-9.946328440846314e-18f,-0.998684754286232f,-5.212293865775114e-18f,0f,0f,0f,1f], start_interpolation: 0, interpolation_duration: 1 }