# This file was generated by Animated Java via MC-Build. It is not recommended to edit this file directly.
$data merge entity $(bone_pupil1) { transformation: [-0.9942089888268902f,-0.08475348767981226f,0.06607066566881564f,-0.08046490909858259f,-0.08456695540421573f,0.9964019501818069f,0.0056199401734783935f,0.4614028890164606f,-0.06630924965247226f,-9.94562787137147e-18f,-0.9977991197683661f,0.2556860244406438f,0f,0f,0f,1f], start_interpolation: 0, interpolation_duration: 1 }
$data merge entity $(bone_pupil_closed1) { transformation: [-0.9942089888268902f,-0.08475348767981226f,0.06607066566881564f,-0.07972161410980841f,-0.08456695540421573f,0.9964019501818069f,0.0056199401734783935f,0.4614661133434122f,-0.06630924965247226f,-9.94562787137147e-18f,-0.9977991197683661f,0.2444607843432497f,0f,0f,0f,1f], start_interpolation: 0, interpolation_duration: 1 }
$data merge entity $(bone_eye1) { transformation: [-0.9942089888268902f,-0.08475348767981226f,0.06607066566881564f,-0.0800932616041955f,-0.08456695540421573f,0.9964019501818069f,0.0056199401734783935f,0.4614345011799364f,-0.06630924965247226f,-9.94562787137147e-18f,-0.9977991197683661f,0.25007340439194675f,0f,0f,0f,1f], start_interpolation: 0, interpolation_duration: 1 }
$data merge entity $(bone_nail_head1) { transformation: [-0.4631382664549044f,-0.08475348767981226f,0.8822243436174575f,-0.08472267294090165f,-0.03939432610792582f,0.9964019501818069f,0.07504159342920752f,0.7119434862313662f,-0.8854100932424751f,-9.94562787137147e-18f,-0.46481067843193064f,-1.0253562278823709e-17f,0f,0f,0f,1f], start_interpolation: 0, interpolation_duration: 1 }
$data merge entity $(bone_nail_left_rotation1) { transformation: [-0.5576559989219848f,0.747803805176931f,-0.36029051587465616f,0.10671898145643406f,0.8082851236621235f,0.587993174037877f,-0.03064614415172933f,0.2891475934435556f,0.18893106079421926f,-0.3083074703080765f,-0.9323366119698431f,0.2608466822261102f,0f,0f,0f,1f], start_interpolation: 0, interpolation_duration: 1 }
$data merge entity $(bone_nail_right_rotation1) { transformation: [-0.36825488189323685f,-0.8426036080962747f,0.39294719948733314f,-0.23504035845280946f,-0.8877697239071829f,0.4442182148444711f,0.12056158141860861f,0.26007770252335644f,-0.27613992698550976f,-0.30444923587279893f,-0.9116234987652009f,0.23805287765807287f,0f,0f,0f,1f], start_interpolation: 0, interpolation_duration: 1 }
$data merge entity $(bone_magnet_left1) { transformation: [-0.9942089888268902f,0.012050927567470157f,0.10678605564668119f,0.185017946185774f,-0.08456695540421573f,0.5254103755633439f,-0.8466359118913203f,0.48398473753696836f,-0.06630924965247226f,-0.8507636054716666f,-0.521348607953811f,0.016577312413118057f,0f,0f,0f,1f], start_interpolation: 0, interpolation_duration: 1 }
$data merge entity $(bone_magnet_right1) { transformation: [-0.9942089888268902f,-0.10061807890221612f,-0.03774239968311387f,-0.3120865482276711f,-0.08456695540421573f,0.5158268021369943f,0.8525087332401842f,0.4417012598348605f,-0.06630924965247226f,0.8507636054716666f,-0.521348607953811f,-0.01657731241311807f,0f,0f,0f,1f], start_interpolation: 0, interpolation_duration: 1 }
$data merge entity $(bone_body1) { transformation: [-0.9942089888268902f,-0.08475348767981226f,0.06607066566881564f,-0.06088575453095445f,-0.08456695540421573f,0.9964019501818069f,0.0056199401734783935f,0.43170543774273296f,-0.06630924965247226f,-9.94562787137147e-18f,-0.9977991197683661f,-7.456354440000483e-18f,0f,0f,0f,1f], start_interpolation: 0, interpolation_duration: 1 }