# This file was generated by Animated Java via MC-Build. It is not recommended to edit this file directly.
$data merge entity $(bone_pupil1) { transformation: [-0.9929820626794456f,-0.08688774989388316f,0.08023180239313912f,-0.10320965695562179f,-0.08660550978663821f,0.9962181081060402f,0.006997625041291145f,0.4548851751245576f,-0.0805363822844696f,-1.0640680479265979e-17f,-0.9967516697395243f,0.2554176153707531f,0f,0f,0f,1f], start_interpolation: 0, interpolation_duration: 1 }
$data merge entity $(bone_pupil_closed1) { transformation: [-0.9929820626794456f,-0.08688774989388316f,0.08023180239313912f,-0.10230704917869898f,-0.08660550978663821f,0.9962181081060402f,0.006997625041291145f,0.45496389840627216f,-0.0805363822844696f,-1.0640680479265979e-17f,-0.9967516697395243f,0.24420415908618345f,0f,0f,0f,1f], start_interpolation: 0, interpolation_duration: 1 }
$data merge entity $(bone_eye1) { transformation: [-0.9929820626794456f,-0.08688774989388316f,0.08023180239313912f,-0.10275835306716039f,-0.08660550978663821f,0.9962181081060402f,0.006997625041291145f,0.4549245367654149f,-0.0805363822844696f,-1.0640680479265979e-17f,-0.9967516697395243f,0.24981088722846828f,0f,0f,0f,1f], start_interpolation: 0, interpolation_duration: 1 }
$data merge entity $(bone_nail_head1) { transformation: [-0.9836261157068328f,-0.08688774989388316f,0.15789294923417685f,-0.10437219506585069f,-0.08578950657011138f,0.9962181081060402f,0.013771043681537308f,0.7057328435678986f,-0.15849235016853386f,-1.0640680479265979e-17f,-0.9873602052635374f,-1.2781907460737721e-17f,0f,0f,0f,1f], start_interpolation: 0, interpolation_duration: 1 }
$data merge entity $(bone_nail_left_rotation1) { transformation: [-0.9377931722521652f,-0.013350500757556782f,-0.3469376459923938f,0.08425203693746812f,-0.0030351213759152867f,0.9995374814611939f,-0.030259067937511347f,0.28302333700576165f,0.34718115460873533f,-0.027323749445051303f,-0.937399945914661f,0.2630301081400243f,0f,0f,0f,1f], start_interpolation: 0, interpolation_duration: 1 }
$data merge entity $(bone_nail_right_rotation1) { transformation: [-0.8918863170009531f,-0.20006313080110438f,0.40560268889707307f,-0.2570855471085913f,-0.1638469434037941f,0.9788466241835501f,0.12252944732472199f,0.2532526930166047f,-0.4215364476337835f,0.04282557668646316f,-0.9057996430214368f,0.23534572672973786f,0f,0f,0f,1f], start_interpolation: 0, interpolation_duration: 1 }
$data merge entity $(bone_magnet_left1) { transformation: [-0.9929820626794456f,-0.08032498929389953f,0.08680160880887315f,0.16559525807748152f,-0.08660550978663821f,0.9936961274827164f,-0.07118631821108215f,0.4783296939880481f,-0.0805363822844696f,-0.07820423467298855f,-0.9936790169907694f,0.02013409557111739f,0f,0f,0f,1f], start_interpolation: 0, interpolation_duration: 1 }
$data merge entity $(bone_magnet_right1) { transformation: [-0.9929820626794456f,-0.09291481862266215f,0.07316734023586967f,-0.3308957732622413f,-0.08660550978663821f,0.9925980728167519f,0.08513842560833842f,0.43502693909472895f,-0.0805363822844696f,0.07820423467298852f,-0.9936790169907694f,-0.02013409557111741f,0f,0f,0f,1f], start_interpolation: 0, interpolation_duration: 1 }
$data merge entity $(bone_body1) { transformation: [-0.9929820626794456f,-0.08688774989388316f,0.08023180239313912f,-0.07993501540819604f,-0.08660550978663821f,0.9962181081060402f,0.006997625041291145f,0.42554650066307476f,-0.0805363822844696f,-1.0640680479265979e-17f,-0.9967516697395243f,-9.789216075944165e-18f,0f,0f,0f,1f], start_interpolation: 0, interpolation_duration: 1 }