# This file was generated by Animated Java via MC-Build. It is not recommended to edit this file directly.
$data merge entity $(bone_pupil1) { transformation: [-0.9928584043007932f,-0.08290008894456229f,0.08578906843104393f,-0.1137356249676433f,-0.08259234415041362f,0.996557863474562f,0.007136486163089928f,0.44890905187693947f,-0.08608538608278592f,-9.718651988504707e-18f,-0.9962877627989705f,0.25529873921723617f,0f,0f,0f,1f], start_interpolation: 0, interpolation_duration: 1 }
$data merge entity $(bone_pupil_closed1) { transformation: [-0.9928584043007932f,-0.08290008894456229f,0.08578906843104393f,-0.11277049794779406f,-0.08259234415041362f,0.996557863474562f,0.007136486163089928f,0.4489893373462743f,-0.08608538608278592f,-9.718651988504707e-18f,-0.9962877627989705f,0.24409050188574777f,0f,0f,0f,1f], start_interpolation: 0, interpolation_duration: 1 }
$data merge entity $(bone_eye1) { transformation: [-0.9928584043007932f,-0.08290008894456229f,0.08578906843104393f,-0.11325306145771868f,-0.08259234415041362f,0.996557863474562f,0.007136486163089928f,0.44894919461160687f,-0.08608538608278592f,-9.718651988504707e-18f,-0.9962877627989705f,0.24969462055149197f,0f,0f,0f,1f], start_interpolation: 0, interpolation_duration: 1 }
$data merge entity $(bone_nail_head1) { transformation: [-0.8536648713190107f,-0.08290008894456229f,-0.5141827133703354f,-0.11247719841832887f,-0.07101333134280238f,0.996557863474562f,-0.04277302325781633f,0.6998772423248718f,0.5159587137043954f,-9.718651988504707e-18f,-0.8566134517695282f,-1.36525113576022e-17f,0f,0f,0f,1f], start_interpolation: 0, interpolation_duration: 1 }
$data merge entity $(bone_nail_left_rotation1) { transformation: [-0.7085863447390938f,-0.6172882594930789f,-0.3418487922185707f,0.072991861626355f,-0.6487602446305425f,0.7604613545632627f,-0.028437179936249724f,0.27629461466483074f,0.2775167328940886f,0.20162770868066027f,-0.9393246137816138f,0.2638678664327214f,0f,0f,0f,1f], start_interpolation: 0, interpolation_duration: 1 }
$data merge entity $(bone_nail_right_rotation1) { transformation: [-0.8044381225131728f,0.4287983211841437f,0.4111098476041915f,-0.26830321485204267f,0.514486050448159f,0.8488727122835673f,0.1213228017917266f,0.2479034963631261f,-0.29695691765260507f,0.3091069686855994f,-0.9034763256268886f,0.23427601496676378f,0f,0f,0f,1f], start_interpolation: 0, interpolation_duration: 1 }
$data merge entity $(bone_magnet_left1) { transformation: [-0.9928584043007932f,-0.11749313002302303f,0.020677364596961664f,0.15646242489301002f,-0.08259234415041362f,0.802037526109055f,0.5915355537925061f,0.47138586249383474f,-0.08608538608278592f,0.5856032540126977f,-0.8060137313921628f,0.02152134652069647f,0f,0f,0f,1f], start_interpolation: 0, interpolation_duration: 1 }
$data merge entity $(bone_magnet_right1) { transformation: [-0.9928584043007932f,-0.016642031559668015f,0.11813226398765787f,-0.3399667772573866f,-0.08259234415041362f,0.8104269687487621f,-0.5799884766203832f,0.4300896904186279f,-0.08608538608278592f,-0.5856032540126977f,-0.8060137313921628f,-0.02152134652069649f,0f,0f,0f,1f], start_interpolation: 0, interpolation_duration: 1 }
$data merge entity $(bone_body1) { transformation: [-0.9928584043007932f,-0.08290008894456229f,0.08578906843104393f,-0.08916154840267072f,-0.08259234415041362f,0.996557863474562f,0.007136486163089928f,0.41959534322265124f,-0.08608538608278592f,-9.718651988504707e-18f,-0.9962877627989705f,-1.091914048583525e-17f,0f,0f,0f,1f], start_interpolation: 0, interpolation_duration: 1 }