# This file was generated by Animated Java via MC-Build. It is not recommended to edit this file directly.
$data merge entity $(bone_pupil1) { transformation: [-0.993461656480143f,-0.07433825247895985f,0.08664733880567205f,-0.11798745099640168f,-0.07405711324449853f,0.9972330841976585f,0.006459083488940205f,0.4421011289967315f,-0.08688774989388331f,-8.670129426262396e-18f,-0.9962181081060402f,0.25528089020217276f,0f,0f,0f,1f], start_interpolation: 0, interpolation_duration: 1 }
$data merge entity $(bone_pupil_closed1) { transformation: [-0.993461656480143f,-0.07433825247895985f,0.08664733880567205f,-0.11701266843483787f,-0.07405711324449853f,0.9972330841976585f,0.006459083488940205f,0.4421737936859821f,-0.08688774989388331f,-8.670129426262396e-18f,-0.9962181081060402f,0.24407343648597984f,0f,0f,0f,1f], start_interpolation: 0, interpolation_duration: 1 }
$data merge entity $(bone_eye1) { transformation: [-0.993461656480143f,-0.07433825247895985f,0.08664733880567205f,-0.11750005971561978f,-0.07405711324449853f,0.9972330841976585f,0.006459083488940205f,0.4421374613413568f,-0.08688774989388331f,-8.670129426262396e-18f,-0.9962181081060402f,0.2496771633440763f,0f,0f,0f,1f], start_interpolation: 0, interpolation_duration: 1 }
$data merge entity $(bone_nail_head1) { transformation: [-0.3161722838110375f,-0.07433825247895985f,-0.9457848122951051f,-0.11436863354718818f,-0.02356890824546255f,0.9972330841976585f,-0.07050306621518349f,0.6930645401901872f,0.9484089800891964f,-8.670129426262396e-18f,-0.31704953317450296f,-1.3884145355237442e-17f,0f,0f,0f,1f], start_interpolation: 0, interpolation_duration: 1 }
$data merge entity $(bone_nail_left_rotation1) { transformation: [-0.14645420809876267f,-0.9284652972746423f,-0.34132588048209045f,0.06724373941846332f,-0.9859852083497868f,0.16488108825775627f,-0.025443970805777736f,0.2678888613203746f,0.07990202654245768f,0.3328158927870601f,-0.9396005787901369f,0.2639883590395212f,0f,0f,0f,1f], start_interpolation: 0, interpolation_duration: 1 }
$data merge entity $(bone_nail_right_rotation1) { transformation: [-0.32509015943387753f,0.8508003528972811f,0.4128621413366912f,-0.2742587049965858f,0.9453455182130653f,0.30403156909987394f,0.11784165725726806f,0.24243172864257823f,-0.025263401072044042f,0.4286065380982078f,-0.903137971777149f,0.23412069501349886f,0f,0f,0f,1f], start_interpolation: 0, interpolation_duration: 1 }
$data merge entity $(bone_magnet_left1) { transformation: [-0.993461656480143f,-0.10160718633550468f,-0.05205686111083274f,0.15258134369258752f,-0.07405711324449853f,0.22651882169168455f,0.9711872977944584f,0.4622705474518971f,-0.08688774989388331f,0.9686925224777947f,-0.23256249872665438f,0.021721937473470815f,0f,0f,0f,1f], start_interpolation: 0, interpolation_duration: 1 }
$data merge entity $(bone_magnet_right1) { transformation: [-0.993461656480143f,0.06689934553877906f,0.09251170018010446f,-0.34414948454748395f,-0.07405711324449853f,0.23908005868765f,-0.9681716116039558f,0.42524199082964786f,-0.08688774989388331f,-0.9686925224777947f,-0.23256249872665438f,-0.021721937473470843f,0f,0f,0f,1f], start_interpolation: 0, interpolation_duration: 1 }
$data merge entity $(bone_body1) { transformation: [-0.993461656480143f,-0.07433825247895985f,0.08664733880567205f,-0.09346100003748073f,-0.07405711324449853f,0.9972330841976585f,0.006459083488940205f,0.4125927352595956f,-0.08688774989388331f,-8.670129426262396e-18f,-0.9962181081060402f,-1.1445671454101144e-17f,0f,0f,0f,1f], start_interpolation: 0, interpolation_duration: 1 }