# This file was generated by Animated Java via MC-Build. It is not recommended to edit this file directly.
$data merge entity $(bone_pupil1) { transformation: [-0.9946611599003181f,0.06166755464178197f,-0.08274230894927116f,0.11572560968160057f,0.061455286499515045f,0.9980967451627637f,0.005112245764797385f,0.44491856958410997f,0.08290008894456223f,7.118416471336077e-18f,-0.996557863474562f,0.2553679525153565f,0f,0f,0f,1f], start_interpolation: 0, interpolation_duration: 1 }
$data merge entity $(bone_pupil_closed1) { transformation: [-0.9946611599003181f,0.06166755464178197f,-0.08274230894927116f,0.11479475870592128f,0.061455286499515045f,0.9980967451627637f,0.005112245764797385f,0.44497608234896396f,0.08290008894456223f,7.118416471336077e-18f,-0.996557863474562f,0.24415667655126766f,0f,0f,0f,1f], start_interpolation: 0, interpolation_duration: 1 }
$data merge entity $(bone_eye1) { transformation: [-0.9946611599003181f,0.06166755464178197f,-0.08274230894927116f,0.11526018419376093f,0.061455286499515045f,0.9980967451627637f,0.005112245764797385f,0.44494732596653697f,0.08290008894456223f,7.118416471336077e-18f,-0.996557863474562f,0.24976231453331207f,0f,0f,0f,1f], start_interpolation: 0, interpolation_duration: 1 }
$data merge entity $(bone_nail_head1) { transformation: [-0.5252906541548727f,0.06166755464178197f,0.8486853606384692f,0.10993978167379533f,0.03245516055924068f,0.9980967451627637f,-0.05243615020738149f,0.6957527688520302f,-0.850303705278661f,7.118416471336077e-18f,-0.5262923225635924f,1.334176742817261e-17f,0f,0f,0f,1f], start_interpolation: 0, interpolation_duration: 1 }
$data merge entity $(bone_nail_left_rotation1) { transformation: [-0.338436912231285f,0.8000542999785231f,-0.4953519693361771f,0.2746031906132007f,0.9136159449327561f,0.4054247340654739f,0.03060539450108273f,0.2472447540350176f,0.22531391791005867f,-0.4422034623268063f,-0.8681530604117019f,0.23489101308129387f,0f,0f,0f,1f], start_interpolation: 0, interpolation_duration: 1 }
$data merge entity $(bone_nail_right_rotation1) { transformation: [-0.46525901466446307f,-0.8441082991057065f,0.2664868264179755f,-0.06731158310253368f,-0.8640176231744598f,0.49849754418238507f,0.07052478492053739f,0.2683700087692259f,-0.1923735847703889f,-0.19743702242741165f,-0.9612549225140996f,0.26338791865598715f,0f,0f,0f,1f], start_interpolation: 0, interpolation_duration: 1 }
$data merge entity $(bone_magnet_left1) { transformation: [-0.9946611599003181f,-0.04572745315067179f,-0.09251041570605398f,0.3431881829884294f,0.061455286499515045f,0.457681484454547f,-0.8869898007016455f,0.4308647609364605f,0.08290008894456223f,-0.8879395580870556f,-0.4524278024581914f,-0.020725022236140544f,0f,0f,0f,1f], start_interpolation: 0, interpolation_duration: 1 }
$data merge entity $(bone_magnet_right1) { transformation: [-0.9946611599003181f,0.1017204210497486f,0.01738197132708682f,-0.1541423969617297f,0.061455286499515045f,0.4485713957951693f,0.891631622720749f,0.461592404186218f,0.08290008894456223f,0.8879395580870556f,-0.4524278024581914f,0.02072502223614057f,0f,0f,0f,1f], start_interpolation: 0, interpolation_duration: 1 }
$data merge entity $(bone_body1) { transformation: [-0.9946611599003181f,0.06166755464178197f,-0.08274230894927116f,0.09259578193079415f,0.061455286499515045f,0.9980967451627637f,0.005112245764797385f,0.4150380592750029f,0.08290008894456223f,7.118416471336077e-18f,-0.996557863474562f,1.1339712795609338e-17f,0f,0f,0f,1f], start_interpolation: 0, interpolation_duration: 1 }