# This file was generated by Animated Java via MC-Build. It is not recommended to edit this file directly.
$data merge entity $(bone_pupil1) { transformation: [-0.9938058619042912f,-0.07054141646646571f,0.08587093459124356f,-0.11795884625358322f,-0.07027954999604559f,0.9975088513707057f,0.0060725850713422855f,0.43965731241704187f,-0.08608538608278596f,-8.638831988297762e-18f,-0.9962877627989705f,0.25529873921723617f,0f,0f,0f,1f], start_interpolation: 0, interpolation_duration: 1 }
$data merge entity $(bone_pupil_closed1) { transformation: [-0.9938058619042912f,-0.07054141646646571f,0.08587093459124356f,-0.11699279823943173f,-0.07027954999604559f,0.9975088513707057f,0.0060725850713422855f,0.4397256289990945f,-0.08608538608278596f,-8.638831988297762e-18f,-0.9962877627989705f,0.24409050188574777f,0f,0f,0f,1f], start_interpolation: 0, interpolation_duration: 1 }
$data merge entity $(bone_eye1) { transformation: [-0.9938058619042912f,-0.07054141646646571f,0.08587093459124356f,-0.11747582224650747f,-0.07027954999604559f,0.9975088513707057f,0.0060725850713422855f,0.4396914707080682f,-0.08608538608278596f,-8.638831988297762e-18f,-0.9962877627989705f,0.24969462055149197f,0f,0f,0f,1f], start_interpolation: 0, interpolation_duration: 1 }
$data merge entity $(bone_nail_head1) { transformation: [-0.08587093459124379f,-0.07054141646646571f,-0.9938058619042912f,-0.11358977338119348f,-0.006072585071342301f,0.9975088513707057f,-0.07027954999604559f,0.6905906251842497f,0.9962877627989705f,-8.638831988297762e-18f,-0.08608538608278618f,-1.391073523871518e-17f,0f,0f,0f,1f], start_interpolation: 0, interpolation_duration: 1 }
$data merge entity $(bone_nail_left_rotation1) { transformation: [0.0705414164664655f,-0.9369846165575294f,-0.34217500916555027f,0.06661474518987442f,-0.9975088513707057f,-0.06626128877797065f,-0.024197790117647344f,0.26474165409730077f,8.480669217417967e-17f,0.3430295467507458f,-0.9393246137816138f,0.2638678664327215f,0f,0f,0f,1f], start_interpolation: 0, interpolation_duration: 1 }
$data merge entity $(bone_nail_right_rotation1) { transformation: [-0.1136614568278603f,0.9038014817426451f,0.41258205830061f,-0.27500601983972567f,0.9906446954229831f,0.07152980658534594f,0.11621778779588016f,0.24058305878616013f,0.07552589398394222f,0.4219317105523861f,-0.9034763256268886f,0.23427601496676378f,0f,0f,0f,1f], start_interpolation: 0, interpolation_duration: 1 }
$data merge entity $(bone_magnet_left1) { transformation: [-0.9938058619042912f,-0.08587093459124358f,-0.0705414164664657f,0.15249704621149576f,-0.07027954999604559f,-0.006072585071342064f,0.9975088513707057f,0.45878329984058475f,-0.08608538608278596f,0.9962877627989705f,-2.2985915467063845e-16f,0.02152134652069648f,0f,0f,0f,1f], start_interpolation: 0, interpolation_duration: 1 }
$data merge entity $(bone_magnet_right1) { transformation: [-0.9938058619042912f,0.08587093459124355f,0.07054141646646572f,-0.3444058847406498f,-0.07027954999604559f,0.006072585071342507f,-0.9975088513707057f,0.42364352484256196f,-0.08608538608278596f,-0.9962877627989705f,-2.1258149069404293e-16f,-0.0215213465206965f,0f,0f,0f,1f], start_interpolation: 0, interpolation_duration: 1 }
$data merge entity $(bone_body1) { transformation: [-0.9938058619042912f,-0.07054141646646571f,0.08587093459124356f,-0.09375f,-0.07027954999604559f,0.9975088513707057f,0.0060725850713422855f,0.4100412607362388f,-0.08608538608278596f,-8.638831988297762e-18f,-0.9962877627989705f,-1.1481063742006436e-17f,0f,0f,0f,1f], start_interpolation: 0, interpolation_duration: 1 }