# This file was generated by Animated Java via MC-Build. It is not recommended to edit this file directly.
$data merge entity $(bone_pupil1) { transformation: [-0.9942089888268902f,-0.06630924965247242f,0.08456695540421588f,-0.11720344641145082f,-0.06607066566881581f,0.997799119768366f,0.0056199401734784195f,0.4371286827170209f,-0.08475348767981242f,-8.12054103407631e-18f,-0.9964019501818069f,0.255327999734088f,0f,0f,0f,1f], start_interpolation: 0, interpolation_duration: 1 }
$data merge entity $(bone_pupil_closed1) { transformation: [-0.9942089888268902f,-0.06630924965247242f,0.08456695540421588f,-0.11625206816315338f,-0.06607066566881581f,0.997799119768366f,0.0056199401734784195f,0.4371919070439725f,-0.08475348767981242f,-8.12054103407631e-18f,-0.9964019501818069f,0.24411847779454268f,0f,0f,0f,1f], start_interpolation: 0, interpolation_duration: 1 }
$data merge entity $(bone_eye1) { transformation: [-0.9942089888268902f,-0.06630924965247242f,0.08456695540421588f,-0.1167277572873021f,-0.06607066566881581f,0.997799119768366f,0.0056199401734784195f,0.4371602948804967f,-0.08475348767981242f,-8.12054103407631e-18f,-0.9964019501818069f,0.24972323876431535f,0f,0f,0f,1f], start_interpolation: 0, interpolation_duration: 1 }
$data merge entity $(bone_nail_head1) { transformation: [0.14986311545083156f,-0.06630924965247242f,-0.9864806789987814f,-0.1121104765022386f,0.009959229808133511f,0.997799119768366f,-0.06555707689565404f,0.6880185723285662f,0.9886565937518446f,-8.12054103407631e-18f,0.1501936737382786f,-1.3729573619935105e-17f,0f,0f,0f,1f], start_interpolation: 0, interpolation_duration: 1 }
$data merge entity $(bone_nail_left_rotation1) { transformation: [0.28316847712402454f,-0.8954354734445541f,-0.34352718445617686f,0.06663775132428587f,-0.955696604919557f,-0.2934669037192524f,-0.02282927433510225f,0.26143236804836417f,-0.0803717170930988f,0.3347722947296601f,-0.9388652181079798f,0.2636674932404195f,0f,0f,0f,1f], start_interpolation: 0, interpolation_duration: 1 }
$data merge entity $(bone_nail_right_rotation1) { transformation: [0.10485270249001087f,0.9051919154540222f,0.41186588469697255f,-0.2751215885849576f,0.9795516262446192f,-0.16551241327117386f,0.11438641778932579f,0.23872057672470876f,0.17171057714090682f,0.39145017211623606f,-0.9040366366735952f,0.23453348185048395f,0f,0f,0f,1f], start_interpolation: 0, interpolation_duration: 1 }
$data merge entity $(bone_magnet_left1) { transformation: [-0.9942089888268902f,-0.06675077678253798f,-0.08421888348072742f,0.15301908311760207f,-0.06607066566881581f,-0.23839623934855095f,0.9689179016833924f,0.4550864588036787f,-0.08475348767981242f,0.968871284982374f,0.23260541580692332f,0.021188371919953094f,0f,0f,0f,1f], start_interpolation: 0, interpolation_duration: 1 }
$data merge entity $(bone_magnet_right1) { transformation: [-0.9942089888268902f,0.09770995060680467f,0.044735356131681205f,-0.3440854112958431f,-0.06607066566881581f,-0.22746691779030112f,-0.9715417996406845f,0.4220511259692708f,-0.08475348767981242f,-0.968871284982374f,0.23260541580692332f,-0.021188371919953115f,0f,0f,0f,1f], start_interpolation: 0, interpolation_duration: 1 }
$data merge entity $(bone_body1) { transformation: [-0.9942089888268902f,-0.06630924965247242f,0.08456695540421588f,-0.09346100003748073f,-0.06607066566881581f,0.997799119768366f,0.0056199401734784195f,0.4073875698937133f,-0.08475348767981242f,-8.12054103407631e-18f,-0.9964019501818069f,-1.1445671454101144e-17f,0f,0f,0f,1f], start_interpolation: 0, interpolation_duration: 1 }