# This file was generated by Animated Java via MC-Build. It is not recommended to edit this file directly.
$data merge entity $(bone_pupil1) { transformation: [-0.9956673318224603f,-0.051271449718614755f,0.07757449829225074f,-0.11064224639376663f,-0.0511165383479674f,0.9986847542862319f,0.003982595079746205f,0.42904322598467914f,-0.07767666218925498f,-6.712622547548804e-18f,-0.9969786036576394f,0.25547576718727005f,0f,0f,0f,1f], start_interpolation: 0, interpolation_duration: 1 }
$data merge entity $(bone_pupil_closed1) { transformation: [-0.9956673318224603f,-0.051271449718614755f,0.07757449829225074f,-0.10976953328797881f,-0.0511165383479674f,0.9986847542862319f,0.003982595079746205f,0.4290880301793263f,-0.07767666218925498f,-6.712622547548804e-18f,-0.9969786036576394f,0.24425975789612164f,0f,0f,0f,1f], start_interpolation: 0, interpolation_duration: 1 }
$data merge entity $(bone_eye1) { transformation: [-0.9956673318224603f,-0.051271449718614755f,0.07757449829225074f,-0.11020588984087272f,-0.0511165383479674f,0.9986847542862319f,0.003982595079746205f,0.4290656280820027f,-0.07767666218925498f,-6.712622547548804e-18f,-0.9969786036576394f,0.24986776254169585f,0f,0f,0f,1f], start_interpolation: 0, interpolation_duration: 1 }
$data merge entity $(bone_nail_head1) { transformation: [0.7599146461381564f,-0.051271449718614755f,-0.6479976612831811f,-0.10358164363603106f,0.03901323756339688f,0.9986847542862319f,-0.0332675344904067f,0.6797349545454221f,0.6488510598585339f,-6.712622547548804e-18f,0.7609154369050857f,-1.2807065577333345e-17f,0f,0f,0f,1f], start_interpolation: 0, interpolation_duration: 1 }
$data merge entity $(bone_nail_left_rotation1) { transformation: [0.7867013482643224f,-0.5081969891960186f,-0.3504808251690802f,0.07058631369978556f,-0.5481709131152613f,-0.8361727633966884f,-0.017993325649431954f,0.25060038080381597f,-0.2839183661785166f,0.20627876751049207f,-0.9363970479560869f,0.262595327228188f,0f,0f,0f,1f], start_interpolation: 0, interpolation_duration: 1 }
$data merge entity $(bone_nail_right_rotation1) { transformation: [0.6798416202754601f,0.6099734981241156f,0.4071212386101551f,-0.27167433161418514f,0.6273756046180882f,-0.7712136240568125f,0.10783968100493445f,0.23302907074670218f,0.37975679331820467f,0.1821040297615276f,-0.9069856119439199f,0.23589397460063163f,0f,0f,0f,1f], start_interpolation: 0, interpolation_duration: 1 }
$data merge entity $(bone_magnet_left1) { transformation: [-0.9956673318224603f,-0.004117671901572861f,-0.092895689456798f,0.15815305174923766f,-0.0511165383479674f,-0.8102938488944567f,0.5837901831575524f,0.44284290056085596f,-0.07767666218925498f,0.5860093200811047f,0.8065726333872343f,0.019419165547313735f,0f,0f,0f,1f], start_interpolation: 0, interpolation_duration: 1 }
$data merge entity $(bone_magnet_right1) { transformation: [-0.9956673318224603f,0.08707662019877266f,-0.03262248544028419f,-0.33968061416199247f,-0.0511165383479674f,-0.8056120275870018f,-0.5902341573600097f,0.4172846313868722f,-0.07767666218925498f,-0.5860093200811047f,0.8065726333872343f,-0.019419165547313755f,0f,0f,0f,1f], start_interpolation: 0, interpolation_duration: 1 }
$data merge entity $(bone_body1) { transformation: [-0.9956673318224603f,-0.051271449718614755f,0.07757449829225074f,-0.08916154840267067f,-0.0511165383479674f,0.9986847542862319f,0.003982595079746205f,0.3988548674024194f,-0.07767666218925498f,-6.712622547548804e-18f,-0.9969786036576394f,-1.0919140485835243e-17f,0f,0f,0f,1f], start_interpolation: 0, interpolation_duration: 1 }