# This file was generated by Animated Java via MC-Build. It is not recommended to edit this file directly.
$data merge entity $(bone_pupil1) { transformation: [-0.9972427713944392f,-0.03338922238250423f,0.06627227723739461f,-0.09796069964973174f,-0.03331573670301295f,0.9994424244691095f,0.0022140142826633934f,0.4202234759950667f,-0.06630924965247255f,-4.089000431675297e-18f,-0.997799119768366f,0.25568602444064376f,0f,0f,0f,1f], start_interpolation: 0, interpolation_duration: 1 }
$data merge entity $(bone_pupil_closed1) { transformation: [-0.9972427713944392f,-0.03338922238250423f,0.06627227723739461f,-0.09721513653081106f,-0.03331573670301295f,0.9994424244691095f,0.0022140142826633934f,0.4202483836557467f,-0.06630924965247255f,-4.089000431675297e-18f,-0.997799119768366f,0.24446078434324964f,0f,0f,0f,1f], start_interpolation: 0, interpolation_duration: 1 }
$data merge entity $(bone_eye1) { transformation: [-0.9972427713944392f,-0.03338922238250423f,0.06627227723739461f,-0.0975879180902714f,-0.03331573670301295f,0.9994424244691095f,0.0022140142826633934f,0.4202359298254067f,-0.06630924965247255f,-4.089000431675297e-18f,-0.997799119768366f,0.2500734043919467f,0f,0f,0f,1f], start_interpolation: 0, interpolation_duration: 1 }
$data merge entity $(bone_nail_head1) { transformation: [0.9993682676870508f,-0.03338922238250423f,0.012174784140809941f,-0.08932573420327543f,0.0333867449638689f,0.9994424244691095f,0.00040673335970546187f,0.6706514232722766f,-0.012181576289676727f,-4.089000431675297e-18f,0.9999258018468666f,-1.093924744735285e-17f,0f,0f,0f,1f], start_interpolation: 0, interpolation_duration: 1 }
$data merge entity $(bone_nail_left_rotation1) { transformation: [0.9263245955883238f,0.1063957952317221f,-0.3613899256552931f,0.08011508261314076f,0.10944937994445332f,-0.9939190458052f,-0.012073260349049958f,0.23856800124220565f,-0.3604768742067978f,-0.028370145270877667f,-0.9323366119698431f,0.26084668222611024f,0f,0f,0f,1f], start_interpolation: 0, interpolation_duration: 1 }
$data merge entity $(bone_nail_right_rotation1) { transformation: [0.9171066657607628f,0.0032838985220058486f,0.3986283728332372f,-0.2626871200536977f,-0.039988590987717634f,-0.9941644208677948f,0.10018990403937728f,0.22711571675054495f,0.3966311588970215f,-0.10782541579377179f,-0.9116234987652008f,0.2380528776580728f,0f,0f,0f,1f], start_interpolation: 0, interpolation_duration: 1 }
$data merge entity $(bone_magnet_left1) { transformation: [-0.9972427713944392f,0.03848595749685952f,-0.06344829372873897f,0.16833226424096043f,-0.03331573670301295f,-0.9961877674629718f,-0.08062253807140952f,0.4291197513307524f,-0.06630924965247255f,-0.07828641665506403f,0.9947232380807418f,0.016577312413118127f,0f,0f,0f,1f], start_interpolation: 0, interpolation_duration: 1 }
$data merge entity $(bone_magnet_right1) { transformation: [-0.9972427713944392f,0.02808663160911769f,-0.06868767011911328f,-0.33028912145625916f,-0.03331573670301295f,-0.9965351865800645f,0.07620815964036982f,0.4124618829792459f,-0.06630924965247255f,0.07828641665506403f,0.9947232380807418f,-0.016577312413118148f,0f,0f,0f,1f], start_interpolation: 0, interpolation_duration: 1 }
$data merge entity $(bone_body1) { transformation: [-0.9972427713944392f,-0.03338922238250423f,0.06627227723739461f,-0.07993501540819611f,-0.03331573670301295f,0.9994424244691095f,0.0022140142826633934f,0.3895582413903395f,-0.06630924965247255f,-4.089000431675297e-18f,-0.997799119768366f,-9.789216075944173e-18f,0f,0f,0f,1f], start_interpolation: 0, interpolation_duration: 1 }