# This file was generated by Animated Java via MC-Build. It is not recommended to edit this file directly.
$data merge entity $(bone_pupil1) { transformation: [-0.9977338544974275f,-0.026963551680397515f,0.06164513338848981f,-0.0924845196434642f,-0.026912233170232728f,0.9996364173442155f,0.0016627762965874286f,0.4171241609665886f,-0.0616675546417822f,-3.4105029431528556e-18f,-0.9980967451627637f,0.25576229094795816f,0f,0f,0f,1f], start_interpolation: 0, interpolation_duration: 1 }
$data merge entity $(bone_pupil_closed1) { transformation: [-0.9977338544974275f,-0.026963551680397515f,0.06164513338848981f,-0.09179101189284368f,-0.026912233170232728f,0.9996364173442155f,0.0016627762965874286f,0.41714286719992527f,-0.0616675546417822f,-3.4105029431528556e-18f,-0.9980967451627637f,0.2445337025648771f,0f,0f,0f,1f], start_interpolation: 0, interpolation_duration: 1 }
$data merge entity $(bone_eye1) { transformation: [-0.9977338544974275f,-0.026963551680397515f,0.06164513338848981f,-0.09213776576815394f,-0.026912233170232728f,0.9996364173442155f,0.0016627762965874286f,0.41713351408325694f,-0.0616675546417822f,-3.4105029431528556e-18f,-0.9980967451627637f,0.25014799675641763f,0f,0f,0f,1f], start_interpolation: 0, interpolation_duration: 1 }
$data merge entity $(bone_nail_head1) { transformation: [0.9679506776856119f,-0.026963551680397515f,0.2496887110959221f,-0.08342884213276307f,0.026108880858093743f,0.9996364173442155f,0.006734943174172569f,0.6674593517286431f,-0.24977952659956382f,-3.4105029431528556e-18f,0.9683027357658852f,-1.0247579633546968e-17f,0f,0f,0f,1f], start_interpolation: 0, interpolation_duration: 1 }
$data merge entity $(bone_nail_left_rotation1) { transformation: [0.8764416928861003f,0.3131243246416433f,-0.36579108284464945f,0.08444193462203375f,0.3327699646434504f,-0.9429564149829366f,-0.009866614096267f,0.23432826514253569f,-0.34801452498731034f,-0.11307677374351731f,-0.9306446871054571f,0.26012329724474725f,0f,0f,0f,1f], start_interpolation: 0, interpolation_duration: 1 }
$data merge entity $(bone_nail_right_rotation1) { transformation: [0.8924397854977728f,-0.21796659837168997f,0.3950212541812953f,-0.25852907786145696f,-0.2766539349138482f,-0.9560095440864474f,0.09751077844170412f,0.2250771849902682f,0.356389996432803f,-0.19630668254009404f,-0.9134822695776473f,0.2389250753366346f,0f,0f,0f,1f], start_interpolation: 0, interpolation_duration: 1 }
$data merge entity $(bone_magnet_left1) { transformation: [-0.9977338544974275f,0.04469325536565719f,-0.050295810109057024f,0.17274550941169314f,-0.026912233170232728f,-0.9501969025076674f,-0.3104860353874637f,0.42427830568514735f,-0.0616675546417822f,-0.30842885628561817f,0.9492464133800287f,0.01541688866044554f,0f,0f,0f,1f], start_interpolation: 0, interpolation_duration: 1 }
$data merge entity $(bone_magnet_right1) { transformation: [-0.9977338544974275f,0.006594467690549138f,-0.0669602015049572f,-0.32612141783702053f,-0.026912233170232728f,-0.9512245547746462f,0.30732324692344254f,0.410822189100031f,-0.0616675546417822f,0.30842885628561817f,0.9492464133800287f,-0.015416888660445561f,0f,0f,0f,1f], start_interpolation: 0, interpolation_duration: 1 }
$data merge entity $(bone_body1) { transformation: [-0.9977338544974275f,-0.026963551680397515f,0.06164513338848981f,-0.07584534322265127f,-0.026912233170232728f,0.9996364173442155f,0.0016627762965874286f,0.38631160935058245f,-0.0616675546417822f,-3.4105029431528556e-18f,-0.9980967451627637f,-9.288375680785227e-18f,0f,0f,0f,1f], start_interpolation: 0, interpolation_duration: 1 }