# This file was generated by Animated Java via MC-Build. It is not recommended to edit this file directly.
$data merge entity $(bone_pupil1) { transformation: [-0.9981872322573312f,-0.020370542027639885f,0.056632944263466135f,-0.08643683068087997f,-0.020337835087668375f,0.9997924989804136f,0.0011538832032090712f,0.41394718341644954f,-0.056644698096075245f,-2.6030921263531324e-18f,-0.9983944001133042f,0.2558385650290342f,0f,0f,0f,1f], start_interpolation: 0, interpolation_duration: 1 }
$data merge entity $(bone_pupil_closed1) { transformation: [-0.9981872322573312f,-0.020370542027639885f,0.056632944263466135f,-0.08579971005791596f,-0.020337835087668375f,0.9997924989804136f,0.0011538832032090712f,0.41396016460248564f,-0.056644698096075245f,-2.6030921263531324e-18f,-0.9983944001133042f,0.2446066280277595f,0f,0f,0f,1f], start_interpolation: 0, interpolation_duration: 1 }
$data merge entity $(bone_eye1) { transformation: [-0.9981872322573312f,-0.020370542027639885f,0.056632944263466135f,-0.08611827036939797f,-0.020337835087668375f,0.9997924989804136f,0.0011538832032090712f,0.4139536740094676f,-0.056644698096075245f,-2.6030921263531324e-18f,-0.9983944001133042f,0.25022259652839685f,0f,0f,0f,1f], start_interpolation: 0, interpolation_duration: 1 }
$data merge entity $(bone_nail_head1) { transformation: [0.8806851578613463f,-0.020370542027639885f,0.4732638732675841f,-0.07701727422027674f,0.01794375736928256f,0.9997924989804136f,0.0096426424787068f,0.6641909907323753f,-0.47336209638521765f,-2.6030921263531324e-18f,0.88086793885678f,-9.462389021392742e-18f,0f,0f,0f,1f], start_interpolation: 0, interpolation_duration: 1 }
$data merge entity $(bone_nail_left_rotation1) { transformation: [0.7811172062296484f,0.5025603754922473f,-0.37052527459956125f,0.08930003239517799f,0.5385220894765997f,-0.8425775728091391f,-0.00754936717992024f,0.2299888670333351f,-0.3159902993412076f,-0.1936391044808655f,-0.9287917032026624f,0.259334407513589f,0f,0f,0f,1f], start_interpolation: 0, interpolation_duration: 1 }
$data merge entity $(bone_nail_right_rotation1) { transformation: [0.8151372860897403f,-0.42734872821847286f,0.3910553276920118f,-0.2538268286932796f,-0.49753194013533075f,-0.8622488413602657f,0.09480983133648965f,0.22299773622194907f,0.29667014236593936f,-0.2718455444971163f,-0.9154708223453326f,0.2398627925430631f,0f,0f,0f,1f], start_interpolation: 0, interpolation_duration: 1 }
$data merge entity $(bone_magnet_left1) { transformation: [-0.9981872322573312f,0.04695937439572824f,-0.03764394393273011f,0.17762216935096603f,-0.020337835087668375f,-0.8518603383331214f,-0.5233739928950685f,0.419327324759189f,-0.056644698096075245f,-0.5216596410796431f,0.8512711654028124f,0.014161174524018803f,0f,0f,0f,1f], start_interpolation: 0, interpolation_duration: 1 }
$data merge entity $(bone_magnet_right1) { transformation: [-0.9981872322573312f,-0.012221889790870636f,-0.05893110187658566f,-0.32147144677769957f,-0.020337835087668375f,-0.8530661429681745f,0.5214062985670092f,0.4091584072153548f,-0.056644698096075245f,0.5216596410796431f,0.8512711654028124f,-0.01416117452401882f,0f,0f,0f,1f], start_interpolation: 0, interpolation_duration: 1 }
$data merge entity $(bone_body1) { transformation: [-0.9981872322573312f,-0.020370542027639885f,0.056632944263466135f,-0.07128805927500302f,-0.020337835087668375f,0.9997924989804136f,0.0011538832032090712f,0.38299935039413396f,-0.056644698096075245f,-2.6030921263531324e-18f,-0.9983944001133042f,-8.730269360855924e-18f,0f,0f,0f,1f], start_interpolation: 0, interpolation_duration: 1 }