# This file was generated by Animated Java via MC-Build. It is not recommended to edit this file directly.
$data merge entity $(bone_pupil1) { transformation: [-0.9985916968022414f,-0.013651058374887125f,0.05126667224294913f,-0.07985494107270986f,-0.013633103878871157f,0.9999068199613629f,0.0006999095530739001f,0.41069430808504465f,-0.05127144971861489f,-1.6717724943779187e-18f,-0.9986847542862319f,0.25591296828584686f,0f,0f,0f,1f], start_interpolation: 0, interpolation_duration: 1 }
$data merge entity $(bone_pupil_closed1) { transformation: [-0.9985916968022414f,-0.013651058374887125f,0.05126667224294913f,-0.0792781910099767f,-0.013633103878871157f,0.9999068199613629f,0.0006999095530739001f,0.4107021820675167f,-0.05127144971861489f,-1.6717724943779187e-18f,-0.9986847542862319f,0.2446777648001268f,0f,0f,0f,1f], start_interpolation: 0, interpolation_duration: 1 }
$data merge entity $(bone_eye1) { transformation: [-0.9985916968022414f,-0.013651058374887125f,0.05126667224294913f,-0.07956656604134328f,-0.013633103878871157f,0.9999068199613629f,0.0006999095530739001f,0.41069824507628067f,-0.05127144971861489f,-1.6717724943779187e-18f,-0.9986847542862319f,0.25029536654298684f,0f,0f,0f,1f], start_interpolation: 0, interpolation_duration: 1 }
$data merge entity $(bone_nail_head1) { transformation: [0.7423619720373039f,-0.013651058374887125f,0.6698599488535874f,-0.07013062090417593f,0.01013497099256623f,0.9999068199613629f,0.009145149410174608f,0.6608503648983606f,-0.669922372246117f,-1.6717724943779187e-18f,0.7424311518007141f,-8.588524041251553e-18f,0f,0f,0f,1f], start_interpolation: 0, interpolation_duration: 1 }
$data merge entity $(bone_nail_left_rotation1) { transformation: [0.6456214455216728f,0.6649269574161835f,-0.37555970282201834f,0.09465799696198514f,0.7159869129156511f,-0.6980948729830608f,-0.005127265185246698f,0.2255593435061768f,-0.26558555987858495f,-0.26558555987858434f,-0.926784020561402f,0.2584834689919449f,0f,0f,0f,1f], start_interpolation: 0, interpolation_duration: 1 }
$data merge entity $(bone_nail_right_rotation1) { transformation: [0.6894336410439572f,-0.6124573258120919f,0.38675221868267706f,-0.24860789881378537f,-0.6896974802299358f,-0.7182149457021123f,0.09211230935433681f,0.2208729640478148f,0.2213563650798172f,-0.3302473555219073f,-0.9175718194285598f,0.24085890815117106f,0f,0f,0f,1f], start_interpolation: 0, interpolation_duration: 1 }
$data merge entity $(bone_magnet_left1) { transformation: [-0.9985916968022414f,0.045903767539113544f,-0.026598255644601436f,0.18293006789010618f,-0.013633103878871157f,-0.706545982158161f,-0.7075358037405509f,0.4142819358777376f,-0.05127144971861489f,-0.7061767620234147f,0.7061767620234164f,0.012817862429653715f,0f,0f,0f,1f], start_interpolation: 0, interpolation_duration: 1 }
$data merge entity $(bone_magnet_right1) { transformation: [-0.9985916968022414f,-0.02659825564460133f,-0.045903767539113606f,-0.3163657805110145f,-0.013633103878871157f,-0.7075358037405526f,0.7065459821581593f,0.407465383938302f,-0.05127144971861489f,0.7061767620234147f,0.7061767620234164f,-0.012817862429653729f,0f,0f,0f,1f], start_interpolation: 0, interpolation_duration: 1 }
$data merge entity $(bone_body1) { transformation: [-0.9985916968022414f,-0.013651058374887125f,0.05126667224294913f,-0.06629126073623894f,-0.013633103878871157f,0.9999068199613629f,0.0006999095530739001f,0.3796265717842272f,-0.05127144971861489f,-1.6717724943779187e-18f,-0.9986847542862319f,-8.118338027207763e-18f,0f,0f,0f,1f], start_interpolation: 0, interpolation_duration: 1 }