# This file was generated by Animated Java via MC-Build. It is not recommended to edit this file directly.
$data merge entity $(bone_pupil1) { transformation: [-0.9977338544974275f,0.061667554641781974f,-0.026912233170232783f,0.023489101929949494f,0.06164513338848958f,0.9980967451627637f,0.0016627762965874368f,0.36715889663585033f,0.02696355168039757f,7.443677123081729e-18f,-0.9996364173442155f,0.2561568319444552f,0f,0f,0f,1f], start_interpolation: 0, interpolation_duration: 1 }
$data merge entity $(bone_pupil_closed1) { transformation: [-0.9977338544974275f,0.061667554641781974f,-0.026912233170232783f,0.023186339306784372f,0.06164513338848958f,0.9980967451627637f,0.0016627762965874368f,0.367177602869187f,0.02696355168039757f,7.443677123081729e-18f,-0.9996364173442155f,0.2449109222493328f,0f,0f,0f,1f], start_interpolation: 0, interpolation_duration: 1 }
$data merge entity $(bone_eye1) { transformation: [-0.9977338544974275f,0.061667554641781974f,-0.026912233170232783f,0.023337720618366933f,0.06164513338848958f,0.9980967451627637f,0.0016627762965874368f,0.36716824975251866f,0.02696355168039757f,7.443677123081729e-18f,-0.9996364173442155f,0.250533877096894f,0f,0f,0f,1f], start_interpolation: 0, interpolation_duration: 1 }
$data merge entity $(bone_nail_head1) { transformation: [-0.8767694755747576f,0.061667554641781974f,-0.4769406665455015f,0.03200973084052284f,0.0541713313917638f,0.9980967451627637f,0.02946784944207622f,0.6171091693525418f,0.4778501371304691f,7.443677123081729e-18f,-0.8784413733678486f,3.8895682554403055e-18f,0f,0f,0f,1f], start_interpolation: 0, interpolation_duration: 1 }
$data merge entity $(bone_nail_left_rotation1) { transformation: [-0.823558710491762f,-0.350413007563138f,-0.44605131375627877f,0.18324374021904677f,-0.40397251059447403f,0.9143558897495833f,0.027559346223114175f,0.1694308919685392f,0.39819249246707755f,0.20288920870959126f,-0.8945829799029559f,0.24527474389098552f,0f,0f,0f,1f], start_interpolation: 0, interpolation_duration: 1 }
$data merge entity $(bone_nail_right_rotation1) { transformation: [-0.8317053518860598f,0.45386289764722754f,0.31980412408746034f,-0.15972727226444394f,0.4977312262586973f,0.8647217339455584f,0.06723056781851795f,0.1906214065708325f,-0.24602811638326827f,0.21509252190964034f,-0.9450954306139946f,0.2545434647811222f,0f,0f,0f,1f], start_interpolation: 0, interpolation_duration: 1 }
$data merge entity $(bone_magnet_left1) { transformation: [-0.9977338544974275f,0.06716409170263163f,0.004017508614381944f,0.2660263058044342f,0.06164513338848958f,0.8885558270693574f,0.4546079846533774f,0.3521736997147285f,0.02696355168039757f,0.45382543666794456f,-0.8906825696699852f,-0.006740887920099391f,0f,0f,0f,1f], start_interpolation: 0, interpolation_duration: 1 }
$data merge entity $(bone_magnet_right1) { transformation: [-0.9977338544974275f,0.04272829533050957f,-0.05197545928469413f,-0.23284062144427956f,0.06164513338848958f,0.890065596353043f,-0.45164489559632703f,0.3829962664089733f,0.02696355168039757f,-0.45382543666794456f,-0.8906825696699852f,0.006740887920099394f,0f,0f,0f,1f], start_interpolation: 0, interpolation_duration: 1 }
$data merge entity $(bone_body1) { transformation: [-0.9977338544974275f,0.061667554641781974f,-0.026912233170232783f,0.014665731097521657f,0.06164513338848958f,0.9980967451627637f,0.0016627762965874368f,0.3363944597755145f,0.02696355168039757f,7.443677123081729e-18f,-0.9996364173442155f,1.7960340645735698e-18f,0f,0f,0f,1f], start_interpolation: 0, interpolation_duration: 1 }