# This file was generated by Animated Java via MC-Build. It is not recommended to edit this file directly.
$data merge entity $(bone_pupil1) { transformation: [-0.9961966150349949f,0.0743382524789598f,-0.0454546852501758f,0.049847405269552024f,0.07426098939220337f,0.9972330841976585f,0.003388397278453591f,0.35575553938956117f,0.045580803495651336f,9.10381029525659e-18f,-0.9989606550573905f,0.2559836678584563f,0f,0f,0f,1f], start_interpolation: 0, interpolation_duration: 1 }
$data merge entity $(bone_pupil_closed1) { transformation: [-0.9961966150349949f,0.0743382524789598f,-0.0454546852501758f,0.04933604006048755f,0.07426098939220337f,0.9972330841976585f,0.003388397278453591f,0.35579365885894376f,0.045580803495651336f,9.10381029525659e-18f,-0.9989606550573905f,0.24474536048906068f,0f,0f,0f,1f], start_interpolation: 0, interpolation_duration: 1 }
$data merge entity $(bone_eye1) { transformation: [-0.9961966150349949f,0.0743382524789598f,-0.0454546852501758f,0.04959172266501979f,0.07426098939220337f,0.9972330841976585f,0.003388397278453591f,0.35577459912425247f,0.045580803495651336f,9.10381029525659e-18f,-0.9989606550573905f,0.2503645141737585f,0f,0f,0f,1f], start_interpolation: 0, interpolation_duration: 1 }
$data merge entity $(bone_nail_head1) { transformation: [-0.3392332865926948f,0.0743382524789598f,-0.9377604179564699f,0.05678420529393442f,0.025287979417855617f,0.9972330841976585f,0.06990489166422964f,0.6059320872415795f,0.9403623213232657f,9.10381029525659e-18f,-0.3401745208499885f,6.9540595255343e-18f,0f,0f,0f,1f], start_interpolation: 0, interpolation_duration: 1 }
$data merge entity $(bone_nail_left_rotation1) { transformation: [-0.40683809945423305f,-0.7879388422672292f,-0.4622068169975926f,0.20684618435607321f,-0.896115374947662f,0.4424817386745154f,0.03445498109111379f,0.15603190603370554f,0.17736965810103686f,0.4282082341410033f,-0.8861025406796692f,0.24190596316353255f,0f,0f,0f,1f], start_interpolation: 0, interpolation_duration: 1 }
$data merge entity $(bone_nail_right_rotation1) { transformation: [-0.3265193836081429f,0.8953009010340836f,0.3030204427686631f,-0.1355964020622063f,0.944342752323033f,0.3225826125199705f,0.0644765401890442f,0.18155912113727546f,-0.04002322154846198f,0.30720799909401575f,-0.9508003928425429f,0.2575743643651627f,0f,0f,0f,1f], start_interpolation: 0, interpolation_duration: 1 }
$data merge entity $(bone_magnet_left1) { transformation: [-0.9961966150349949f,0.07044267097405102f,0.05128483497935536f,0.2872487959329432f,0.07426098939220337f,0.3784941086352034f,0.922619919134057f,0.33805856884411406f,0.045580803495651336f,0.9229193029915912f,-0.3822856922750397f,-0.011395200873912829f,0f,0f,0f,1f], start_interpolation: 0, interpolation_duration: 1 }
$data merge entity $(bone_magnet_right1) { transformation: [-0.9961966150349949f,-0.013546635744709205f,-0.08607434491657946f,-0.21084951158455428f,0.07426098939220337f,0.3847550504223638f,-0.9200265521325867f,0.37518906354021575f,0.045580803495651336f,-0.9229193029915912f,-0.3822856922750397f,0.011395200873912839f,0f,0f,0f,1f], start_interpolation: 0, interpolation_duration: 1 }
$data merge entity $(bone_body1) { transformation: [-0.9961966150349949f,0.0743382524789598f,-0.0454546852501758f,0.035876571784226985f,0.07426098939220337f,0.9972330841976585f,0.003388397278453591f,0.32546028231098806f,0.045580803495651336f,9.10381029525659e-18f,-0.9989606550573905f,4.3936128799933824e-18f,0f,0f,0f,1f], start_interpolation: 0, interpolation_duration: 1 }