# This file was generated by Animated Java via MC-Build. It is not recommended to edit this file directly.
$data merge entity $(bone_pupil1) { transformation: [-0.9951512853715266f,0.08053638228446947f,-0.056460697409153895f,0.06596905609960546f,0.08040707307819864f,0.9967516697395243f,0.004561959060253857f,0.34828194549531943f,0.05664469809607488f,9.862862277958313e-18f,-0.9983944001133042f,0.2558385650290342f,0f,0f,0f,1f], start_interpolation: 0, interpolation_duration: 1 }
$data merge entity $(bone_pupil_closed1) { transformation: [-0.9951512853715266f,0.08053638228446947f,-0.056460697409153895f,0.06533387325375248f,0.08040707307819864f,0.9967516697395243f,0.004561959060253857f,0.34833326753474725f,0.05664469809607488f,9.862862277958313e-18f,-0.9983944001133042f,0.2446066280277595f,0f,0f,0f,1f], start_interpolation: 0, interpolation_duration: 1 }
$data merge entity $(bone_eye1) { transformation: [-0.9951512853715266f,0.08053638228446947f,-0.056460697409153895f,0.06565146467667897f,0.08040707307819864f,0.9967516697395243f,0.004561959060253857f,0.34830760651503334f,0.05664469809607488f,9.862862277958313e-18f,-0.9983944001133042f,0.25022259652839685f,0f,0f,0f,1f], start_interpolation: 0, interpolation_duration: 1 }
$data merge entity $(bone_nail_head1) { transformation: [0.13436531788449577f,0.08053638228446947f,-0.9876537108107925f,0.07163509795962714f,-0.010856562306785895f,0.9967516697395243f,0.07980127772378764f,0.5986388649393906f,0.9908723915846468f,9.862862277958313e-18f,0.1348032032086876f,8.772769342286446e-18f,0f,0f,0f,1f], start_interpolation: 0, interpolation_duration: 1 }
$data merge entity $(bone_nail_left_rotation1) { transformation: [-0.011396946637895339f,-0.8816641077469528f,-0.4717398761161735f,0.22155723223569138f,-0.9992453437696294f,-0.007477346992340511f,0.03811603647641617f,0.14759955397796978f,-0.03713290403467412f,0.471818281113318f,-0.8809135355102824f,0.23986279254306317f,0f,0f,0f,1f], start_interpolation: 0, interpolation_duration: 1 }
$data merge entity $(bone_nail_right_rotation1) { transformation: [0.12281001903210019f,0.9482237571137416f,0.2928982855368663f,-0.12052602211077093f,0.9870352878837277f,-0.14743319544371603f,0.06344125907910446f,0.1752394853486006f,0.10333943921670086f,0.28130972135060595f,-0.9540365826193575f,0.2593344075135889f,0f,0f,0f,1f], start_interpolation: 0, interpolation_duration: 1 }
$data merge entity $(bone_magnet_left1) { transformation: [-0.9951512853715266f,0.04996783619461542f,0.08471797075843075f,0.30028882373139143f,0.08040707307819864f,-0.08275213073592715f,0.9933210898081554f,0.3293491792349598f,0.05664469809607488f,0.9953166833750414f,0.07833312181263062f,-0.014161174524018712f,0f,0f,0f,1f], start_interpolation: 0, interpolation_duration: 1 }
$data merge entity $(bone_magnet_right1) { transformation: [-0.9951512853715266f,-0.06260545964907788f,-0.07585826023265975f,-0.19728681895437183f,0.08040707307819864f,-0.07365633861003122f,-0.9940369441733853f,0.3695527157740592f,0.05664469809607488f,-0.9953166833750414f,0.0783331218126306f,0.014161174524018726f,0f,0f,0f,1f], start_interpolation: 0, interpolation_duration: 1 }
$data merge entity $(bone_body1) { transformation: [-0.9951512853715266f,0.08053638228446947f,-0.056460697409153895f,0.0489842404421201f,0.08040707307819864f,0.9967516697395243f,0.004561959060253857f,0.3183024578251493f,0.05664469809607488f,9.862862277958313e-18f,-0.9983944001133042f,5.998839326610671e-18f,0f,0f,0f,1f], start_interpolation: 0, interpolation_duration: 1 }