# This file was generated by Animated Java via MC-Build. It is not recommended to edit this file directly.
$data merge entity $(bone_pupil1) { transformation: [-0.9946611599003181f,0.08290008894456234f,-0.06145528649951492f,0.07344341234743758f,0.08274230894927127f,0.996557863474562f,0.005112245764797383f,0.34461207703369945f,0.06166755464178184f,9.718651988504714e-18f,-0.9980967451627637f,0.25576229094795816f,0f,0f,0f,1f], start_interpolation: 0, interpolation_duration: 1 }
$data merge entity $(bone_pupil_closed1) { transformation: [-0.9946611599003181f,0.08290008894456234f,-0.06145528649951492f,0.07275204037431802f,0.08274230894927127f,0.996557863474562f,0.005112245764797383f,0.34466958979855344f,0.06166755464178184f,9.718651988504714e-18f,-0.9980967451627637f,0.2445337025648771f,0f,0f,0f,1f], start_interpolation: 0, interpolation_duration: 1 }
$data merge entity $(bone_eye1) { transformation: [-0.9946611599003181f,0.08290008894456234f,-0.06145528649951492f,0.0730977263608778f,0.08274230894927127f,0.996557863474562f,0.005112245764797383f,0.34464083341612645f,0.06166755464178184f,9.718651988504714e-18f,-0.9980967451627637f,0.25014799675641763f,0f,0f,0f,1f], start_interpolation: 0, interpolation_duration: 1 }
$data merge entity $(bone_nail_head1) { transformation: [0.36581465274003894f,0.08290008894456234f,-0.926988249706364f,0.07842051741807746f,-0.030430814266659507f,0.996557863474562f,0.07711284127876768f,0.5950615558795693f,0.9301900909941756f,9.718651988504714e-18f,0.36707818597166353f,9.481770819948162e-18f,0f,0f,0f,1f], start_interpolation: 0, interpolation_duration: 1 }
$data merge entity $(bone_nail_left_rotation1) { transformation: [0.19170079048512295f,-0.8582646901049447f,-0.47605937512713903f,0.22847293698757734f,-0.9702883939983051f,-0.23868837319483588f,0.03960167892643395f,0.14356809481759303f,-0.14761856048467828f,0.454323213385213f,-0.878521017608438f,0.23892507533663468f,0f,0f,0f,1f], start_interpolation: 0, interpolation_duration: 1 }
$data merge entity $(bone_nail_right_rotation1) { transformation: [0.3437986441265667f,0.8937048772219243f,0.2882604459971563f,-0.11344183672815703f,0.9244660019724632f,-0.3759991488349875f,0.06314468522698152f,0.17201076351890504f,0.1648183954957212f,0.24477792487295508f,-0.9554677723508553f,0.2601232972447472f,0f,0f,0f,1f], start_interpolation: 0, interpolation_duration: 1 }
$data merge entity $(bone_magnet_left1) { transformation: [-0.9946611599003181f,0.032829914367085364f,0.09783339771470502f,0.3063607851570164f,0.08274230894927127f,-0.31281535033913543f,0.9462030791019163f,0.325236512773611f,0.06166755464178184f,0.9492464133800315f,0.30842885628560934f,-0.015416888660445452f,0f,0f,0f,1f], start_interpolation: 0, interpolation_duration: 1 }
$data merge entity $(bone_magnet_right1) { transformation: [-0.9946611599003181f,-0.08406498700521334f,-0.05985194186964295f,-0.19096979479314263f,0.08274230894927127f,-0.30309128104410976f,-0.9493626207434036f,0.3666076672482466f,0.06166755464178184f,-0.9492464133800315f,0.30842885628560934f,0.015416888660445468f,0f,0f,0f,1f], start_interpolation: 0, interpolation_duration: 1 }
$data merge entity $(bone_body1) { transformation: [-0.9946611599003181f,0.08290008894456234f,-0.06145528649951492f,0.055104867402419294f,0.08274230894927127f,0.996557863474562f,0.005112245764797383f,0.3147796567773487f,0.06166755464178184f,9.718651988504714e-18f,-0.9980967451627637f,6.748399948181211e-18f,0f,0f,0f,1f], start_interpolation: 0, interpolation_duration: 1 }