# This file was generated by Animated Java via MC-Build. It is not recommended to edit this file directly.
$data merge entity $(bone_pupil1) { transformation: [-0.9961966150349949f,0.04558080349565156f,-0.07426098939220332f,0.10706748481392434f,0.04545468525017602f,0.9989606550573905f,0.003388397278453602f,0.4520495198213033f,0.07433825247895975f,5.582038510351417e-18f,-0.9972330841976585f,0.25554097782565f,0f,0f,0f,1f], start_interpolation: 0, interpolation_duration: 1 }
$data merge entity $(bone_pupil_closed1) { transformation: [-0.9961966150349949f,0.04558080349565156f,-0.07426098939220332f,0.10623204868326205f,0.04545468525017602f,0.9989606550573905f,0.003388397278453602f,0.4520876392906859f,0.07433825247895975f,5.582038510351417e-18f,-0.9972330841976585f,0.24432210562842635f,0f,0f,0f,1f], start_interpolation: 0, interpolation_duration: 1 }
$data merge entity $(bone_eye1) { transformation: [-0.9961966150349949f,0.04558080349565156f,-0.07426098939220332f,0.1066497667485932f,0.04545468525017602f,0.9989606550573905f,0.003388397278453602f,0.4520685795559946f,0.07433825247895975f,5.582038510351417e-18f,-0.9972330841976585f,0.24993154172703816f,0f,0f,0f,1f], start_interpolation: 0, interpolation_duration: 1 }
$data merge entity $(bone_nail_head1) { transformation: [-0.9487841132992934f,0.04558080349565156f,0.3126197317885812f,0.09943330715608513f,0.043291336860115465f,0.9989606550573905f,-0.014264284075031938f,0.7026579603882547f,-0.31294498958081696f,5.582038510351417e-18f,-0.9497712532479925f,1.2177068133733525e-17f,0f,0f,0f,1f], start_interpolation: 0, interpolation_duration: 1 }
$data merge entity $(bone_nail_left_rotation1) { transformation: [-0.7876964672801696f,0.3756108659675744f,-0.48831419475725824f,0.26927824618392815f,0.4190227794610769f,0.9077023032370517f,0.02228091090743629f,0.2569530504536589f,0.451612871524998f,-0.1870641763279122f,-0.8723834066554139f,0.23653138390459344f,0f,0f,0f,1f], start_interpolation: 0, interpolation_duration: 1 }
$data merge entity $(bone_nail_right_rotation1) { transformation: [-0.8941170940945515f,-0.3545745410883277f,0.27355349908183735f,-0.07316434023435137f,-0.3478521207920355f,0.9345901090460248f,0.07443272219812203f,0.2725780985084069f,-0.2820523428521702f,-0.02860459552836736f,-0.9589724985661789f,0.26208515819423583f,0f,0f,0f,1f], start_interpolation: 0, interpolation_duration: 1 }
$data merge entity $(bone_magnet_left1) { transformation: [-0.9961966150349949f,0.013692721113615518f,-0.08605122649516905f,0.33708726004092093f,0.04545468525017602f,0.9242159864923261f,-0.37915522138146024f,0.44155412531136307f,0.07433825247895975f,-0.3816245795287843f,-0.9213232356333215f,-0.018584563119739928f,0f,0f,0f,1f], start_interpolation: 0, interpolation_duration: 1 }
$data merge entity $(bone_magnet_right1) { transformation: [-0.9961966150349949f,0.07052962173648727f,-0.051165189831819835f,-0.16101104747657652f,0.04545468525017602f,0.9216226194908557f,0.38541616316862065f,0.4642814679364511f,0.07433825247895975f,0.3816245795287843f,-0.9213232356333215f,0.01858456311973995f,0f,0f,0f,1f], start_interpolation: 0, interpolation_duration: 1 }
$data merge entity $(bone_body1) { transformation: [-0.9961966150349949f,0.04558080349565156f,-0.07426098939220332f,0.08661370617293312f,0.04545468525017602f,0.9989606550573905f,0.003388397278453602f,0.4217002761533636f,0.07433825247895975f,5.582038510351417e-18f,-0.9972330841976585f,1.0607119802697189e-17f,0f,0f,0f,1f], start_interpolation: 0, interpolation_duration: 1 }