# This file was generated by Animated Java via MC-Build. It is not recommended to edit this file directly.
$data merge entity $(bone_pupil1) { transformation: [-0.9928584043007932f,0.0860853860827858f,-0.08259234415041355f,0.10738631814628993f,0.08578906843104382f,0.9962877627989705f,0.007136486163089933f,0.3240710275660559f,0.08290008894456222f,1.0976100120958976e-17f,-0.996557863474562f,0.2553679525153565f,0f,0f,0f,1f], start_interpolation: 0, interpolation_duration: 1 }
$data merge entity $(bone_pupil_closed1) { transformation: [-0.9928584043007932f,0.0860853860827858f,-0.08259234415041355f,0.10645715427459779f,0.08578906843104382f,0.9962877627989705f,0.007136486163089933f,0.3241513130353907f,0.08290008894456222f,1.0976100120958976e-17f,-0.996557863474562f,0.24415667655126766f,0f,0f,0f,1f], start_interpolation: 0, interpolation_duration: 1 }
$data merge entity $(bone_eye1) { transformation: [-0.9928584043007932f,0.0860853860827858f,-0.08259234415041355f,0.10692173621044386f,0.08578906843104382f,0.9962877627989705f,0.007136486163089933f,0.3241111703007233f,0.08290008894456222f,1.0976100120958976e-17f,-0.996557863474562f,0.24976231453331207f,0f,0f,0f,1f], start_interpolation: 0, interpolation_duration: 1 }
$data merge entity $(bone_nail_head1) { transformation: [0.9677143806161995f,0.0860853860827858f,0.23689276867727155f,0.10774337647844293f,-0.08361647024467052f,0.9962877627989705f,-0.02046899120241214f,0.5749716928450903f,-0.2377754475391177f,1.0976100120958976e-17f,0.971320151416397f,1.3316730857769953e-17f,0f,0f,0f,1f], start_interpolation: 0, interpolation_duration: 1 }
$data merge entity $(bone_nail_left_rotation1) { transformation: [0.867748264747104f,0.05027937200573669f,-0.4944541776333765f,0.26137664434402635f,0.08203856726813599f,-0.9957129825215169f,0.04272387995836936f,0.12256667894318257f,-0.490186314077598f,-0.07763788500992523f,-0.8681530604117019f,0.23489101308129387f,0f,0f,0f,1f], start_interpolation: 0, interpolation_duration: 1 }
$data merge entity $(bone_nail_right_rotation1) { transformation: [0.9412134156465097f,-0.20547914587796812f,0.26813359882023613f,-0.07991843213437133f,-0.2302158630294383f,-0.971034144241844f,0.06397927106587656f,0.1520566712163539f,0.2472204737003826f,-0.12194675611007746f,-0.9612549225140996f,0.26338791865598715f,0f,0f,0f,1f], start_interpolation: 0, interpolation_duration: 1 }
$data merge entity $(bone_magnet_left1) { transformation: [-0.9928584043007932f,-0.09794582130318674f,0.06810877402014266f,0.3344366310329448f,0.08578906843104382f,-0.9829054147989683f,-0.16290236737568295f,0.30445248503758676f,0.08290008894456222f,-0.15589599625427364f,0.9842885824822268f,-0.02072502223614054f,0f,0f,0f,1f], start_interpolation: 0, interpolation_duration: 1 }
$data merge entity $(bone_magnet_right1) { transformation: [-0.9928584043007932f,-0.07210524295601037f,0.09504221665942648f,-0.16199257111745186f,0.08578906843104382f,-0.9851381995893481f,0.148805119023478f,0.3473470192531087f,0.08290008894456222f,0.15589599625427364f,0.9842885824822268f,0.020725022236140568f,0f,0f,0f,1f], start_interpolation: 0, interpolation_duration: 1 }
$data merge entity $(bone_body1) { transformation: [-0.9928584043007932f,0.0860853860827858f,-0.08259234415041355f,0.08353186164265941f,0.08578906843104382f,0.9962877627989705f,0.007136486163089933f,0.29476575955787987f,0.08290008894456222f,1.0976100120958976e-17f,-0.996557863474562f,1.0229702698750242e-17f,0f,0f,0f,1f], start_interpolation: 0, interpolation_duration: 1 }