# This file was generated by Animated Java via MC-Build. It is not recommended to edit this file directly.
$data merge entity $(bone_pupil1) { transformation: [-0.9928168463261079f,0.08475348767981229f,-0.08444854040887456f,0.11090219114270133f,0.08444854040887471f,0.9964019501818069f,0.007183153673892094f,0.320962168468659f,0.08475348767981214f,1.0379308740365676e-17f,-0.9964019501818069f,0.255327999734088f,0f,0f,0f,1f], start_interpolation: 0, interpolation_duration: 1 }
$data merge entity $(bone_pupil_closed1) { transformation: [-0.9928168463261079f,0.08475348767981229f,-0.08444854040887456f,0.1099521450631015f,0.08444854040887471f,0.9964019501818069f,0.007183153673892094f,0.32104297894749023f,0.08475348767981214f,1.0379308740365676e-17f,-0.9964019501818069f,0.24411847779454268f,0f,0f,0f,1f], start_interpolation: 0, interpolation_duration: 1 }
$data merge entity $(bone_eye1) { transformation: [-0.9928168463261079f,0.08475348767981229f,-0.08444854040887456f,0.11042716810290142f,0.08444854040887471f,0.9964019501818069f,0.007183153673892094f,0.3210025737080746f,0.08475348767981214f,1.0379308740365676e-17f,-0.9964019501818069f,0.24972323876431535f,0f,0f,0f,1f], start_interpolation: 0, interpolation_duration: 1 }
$data merge entity $(bone_nail_head1) { transformation: [0.884926106551208f,0.08475348767981229f,0.45795483649616403f,0.1104506245828803f,-0.07527140413108104f,0.9964019501818069f,-0.03895342596008177f,0.5719033391430455f,-0.4596085308871626f,1.0379308740365676e-17f,0.8881216123570828f,1.3526300385925033e-17f,0f,0f,0f,1f], start_interpolation: 0, interpolation_duration: 1 }
$data merge entity $(bone_nail_left_rotation1) { transformation: [0.8307655832930737f,0.2523778577405732f,-0.4961188995976651f,0.2651235042874809f,0.31340078336826127f,-0.9486828443034317f,0.042199643464267175f,0.11966710463725663f,-0.4600092331680738f,-0.19054206319505965f,-0.8672284748285717f,0.234533481850484f,0f,0f,0f,1f], start_interpolation: 0, interpolation_duration: 1 }
$data merge entity $(bone_nail_right_rotation1) { transformation: [0.8682321463550404f,-0.4186590406983687f,0.2662659341283478f,-0.07615728663711871f,-0.4494119595117819f,-0.8909938447606305f,0.0644892180635663f,0.14869629040280732f,0.21024231420791684f,-0.17565470742394423f,-0.9617398780732284f,0.26366749324041944f,0f,0f,0f,1f], start_interpolation: 0, interpolation_duration: 1 }
$data merge entity $(bone_magnet_left1) { transformation: [-0.9928168463261079f,-0.11061906987821586f,0.045586522463989435f,0.3374664642444542f,0.08444854040887471f,-0.9178064940241742f,-0.38794288696902857f,0.3016907164953751f,0.08475348767981214f,-0.3813065183108364f,0.9205553679273051f,-0.02118837191995302f,0f,0f,0f,1f], start_interpolation: 0, interpolation_duration: 1 }
$data merge entity $(bone_magnet_right1) { transformation: [-0.9928168463261079f,-0.04598495527443679f,0.11045403360443413f,-0.15894195891859975f,0.08444854040887471f,-0.9233042418304359f,0.3746701496526442f,0.34391498669981246f,0.08475348767981214f,0.3813065183108364f,0.9205553679273051f,0.02118837191995305f,0f,0f,0f,1f], start_interpolation: 0, interpolation_duration: 1 }
$data merge entity $(bone_body1) { transformation: [-0.9928168463261079f,0.08475348767981229f,-0.08444854040887456f,0.0866137061729331f,0.08444854040887471f,0.9964019501818069f,0.007183153673892094f,0.2916652906544123f,0.08475348767981214f,1.0379308740365676e-17f,-0.9964019501818069f,1.0607119802697186e-17f,0f,0f,0f,1f], start_interpolation: 0, interpolation_duration: 1 }