# This file was generated by Animated Java via MC-Build. It is not recommended to edit this file directly.
$data merge entity $(bone_pupil1) { transformation: [-0.9967261101060693f,0.039607781689864736f,-0.07048606289495764f,0.10283165843730066f,0.039509112818798646f,0.9992153039408513f,0.002793989023497605f,0.4541945339690765f,0.07054141646646563f,4.633713872284898e-18f,-0.9975088513707057f,0.2556116431637433f,0f,0f,0f,1f], start_interpolation: 0, interpolation_duration: 1 }
$data merge entity $(bone_pupil_closed1) { transformation: [-0.9967261101060693f,0.039607781689864736f,-0.07048606289495764f,0.10203869022973239f,0.039509112818798646f,0.9992153039408513f,0.002793989023497605f,0.45422596634559087f,0.07054141646646563f,4.633713872284898e-18f,-0.9975088513707057f,0.2443896685858229f,0f,0f,0f,1f], start_interpolation: 0, interpolation_duration: 1 }
$data merge entity $(bone_eye1) { transformation: [-0.9967261101060693f,0.039607781689864736f,-0.07048606289495764f,0.10243517433351652f,0.039509112818798646f,0.9992153039408513f,0.002793989023497605f,0.4542102501573337f,0.07054141646646563f,4.633713872284898e-18f,-0.9975088513707057f,0.2500006558747831f,0f,0f,0f,1f], start_interpolation: 0, interpolation_duration: 1 }
$data merge entity $(bone_nail_head1) { transformation: [-0.9954812072602749f,0.039607781689864736f,0.08630405333026732f,0.09467155024293394f,0.039459766256604446f,0.9992153039408513f,-0.0034209965457634895f,0.7047143196415606f,-0.0863718289640769f,4.633713872284898e-18f,-0.9962629708874059f,1.153293472533038e-17f,0f,0f,0f,1f], start_interpolation: 0, interpolation_duration: 1 }
$data merge entity $(bone_nail_left_rotation1) { transformation: [-0.8566010416840952f,0.1757737742393623f,-0.4851167237638512f,0.26627696165183823f,0.19051202613068977f,0.981496507759969f,0.019229486591288675f,0.26006849814583266f,0.47952040966501347f,-0.07594857170898521f,-0.8742379488274703f,0.23725290688750264f,0f,0f,0f,1f], start_interpolation: 0, interpolation_duration: 1 }
$data merge entity $(bone_nail_right_rotation1) { transformation: [-0.9503760465513187f,-0.14210951228656493f,0.2767494474414731f,-0.0763476386971231f,-0.125798267129367f,0.9891464003605118f,0.0759222934393487f,0.27364975567729477f,-0.28453499983083713f,0.03734012816685019f,-0.9579381758233401f,0.2615015187978502f,0f,0f,0f,1f], start_interpolation: 0, interpolation_duration: 1 }
$data merge entity $(bone_magnet_left1) { transformation: [-0.9967261101060693f,0.02809369463015227f,-0.07581428463588945f,0.3339511323469851f,0.039509112818798646f,0.9873503816248249f,-0.15355212114973876f,0.4450332154516481f,0.07054141646646563f,-0.15604476353707086f,-0.9852278621392943f,-0.017635354116616396f,0f,0f,0f,1f], start_interpolation: 0, interpolation_duration: 1 }
$data merge entity $(bone_magnet_right1) { transformation: [-0.9967261101060693f,0.050146593713681714f,-0.06342224035572101f,-0.16441192270604954f,0.039509112818798646f,0.9864762292683867f,0.1590713019142575f,0.4647877718610474f,0.07054141646646563f,0.15604476353707086f,-0.9852278621392943f,0.017635354116616417f,0f,0f,0f,1f], start_interpolation: 0, interpolation_duration: 1 }
$data merge entity $(bone_body1) { transformation: [-0.9967261101060693f,0.039607781689864736f,-0.07048606289495764f,0.0835318616426595f,0.039509112818798646f,0.9992153039408513f,0.002793989023497605f,0.42368501540819614f,0.07054141646646563f,4.633713872284898e-18f,-0.9975088513707057f,1.0229702698750252e-17f,0f,0f,0f,1f], start_interpolation: 0, interpolation_duration: 1 }