# This file was generated by Animated Java via MC-Build. It is not recommended to edit this file directly.
$data merge entity $(bone_pupil1) { transformation: [-0.9938058619042912f,0.07054141646646572f,-0.08587093459124331f,0.11795884625358315f,0.0702795499960456f,0.9975088513707057f,0.006072585071342287f,0.3070747909445642f,0.08608538608278571f,8.638831988297763e-18f,-0.9962877627989705f,0.25529873921723617f,0f,0f,0f,1f], start_interpolation: 0, interpolation_duration: 1 }
$data merge entity $(bone_pupil_closed1) { transformation: [-0.9938058619042912f,0.07054141646646572f,-0.08587093459124331f,0.11699279823943166f,0.0702795499960456f,0.9975088513707057f,0.006072585071342287f,0.30714310752661683f,0.08608538608278571f,8.638831988297763e-18f,-0.9962877627989705f,0.24409050188574777f,0f,0f,0f,1f], start_interpolation: 0, interpolation_duration: 1 }
$data merge entity $(bone_eye1) { transformation: [-0.9938058619042912f,0.07054141646646572f,-0.08587093459124331f,0.1174758222465074f,0.0702795499960456f,0.9975088513707057f,0.006072585071342287f,0.3071089492355905f,0.08608538608278571f,8.638831988297763e-18f,-0.9962877627989705f,0.24969462055149197f,0f,0f,0f,1f], start_interpolation: 0, interpolation_duration: 1 }
$data merge entity $(bone_nail_head1) { transformation: [-0.0858709345912463f,0.07054141646646572f,0.993805861904291f,0.11358977338119348f,0.006072585071342498f,0.9975088513707057f,-0.07027954999604559f,0.5580081037117721f,-0.9962877627989702f,8.638831988297763e-18f,-0.08608538608278869f,1.391073523871518e-17f,0f,0f,0f,1f], start_interpolation: 0, interpolation_duration: 1 }
$data merge entity $(bone_nail_left_rotation1) { transformation: [0.07054141646646313f,0.8644033663355284f,-0.4978260025658678f,0.2750060198397256f,0.9975088513707059f,-0.0611285180837215f,0.0352050523928474f,0.10800053731368245f,1.5046499217895325e-15f,-0.4990692582645163f,-0.8665621013264458f,0.2342760149667638f,0f,0f,0f,1f], start_interpolation: 0, interpolation_duration: 1 }
$data merge entity $(bone_nail_right_rotation1) { transformation: [-0.040450396815170916f,-0.9636639777933872f,0.26403693548615803f,-0.06661474518987451f,-0.9958220047443087f,0.060532839813084736f,0.06836892694191717f,0.13215913262482312f,-0.08186757761483475f,-0.26016824019774165f,-0.9620863716568742f,0.2638678664327214f,0f,0f,0f,1f], start_interpolation: 0, interpolation_duration: 1 }
$data merge entity $(bone_magnet_left1) { transformation: [-0.9938058619042912f,-0.0858709345912431f,-0.07054141646646599f,0.3444058847406498f,0.0702795499960456f,0.006072585071345277f,-0.9975088513707057f,0.2910610033700843f,0.08608538608278571f,-0.9962877627989705f,-2.9951131881998972e-15f,-0.021521346520696413f,0f,0f,0f,1f], start_interpolation: 0, interpolation_duration: 1 }
$data merge entity $(bone_magnet_right1) { transformation: [-0.9938058619042912f,0.08587093459124352f,0.07054141646646546f,-0.15249704621149576f,0.0702795499960456f,-0.0060725850713392975f,0.9975088513707057f,0.3262007783681071f,0.08608538608278571f,0.9962877627989705f,-2.9778355242233017e-15f,0.02152134652069644f,0f,0f,0f,1f], start_interpolation: 0, interpolation_duration: 1 }
$data merge entity $(bone_body1) { transformation: [-0.9938058619042912f,0.07054141646646572f,-0.08587093459124331f,0.09375f,0.0702795499960456f,0.9975088513707057f,0.006072585071342287f,0.27745873926376113f,0.08608538608278571f,8.638831988297763e-18f,-0.9962877627989705f,1.1481063742006436e-17f,0f,0f,0f,1f], start_interpolation: 0, interpolation_duration: 1 }