# This file was generated by Animated Java via MC-Build. It is not recommended to edit this file directly.
$data merge entity $(bone_pupil1) { transformation: [-0.9946611599003181f,0.06166755464178207f,-0.0827423089492712f,0.11572560968160062f,0.06145528649951515f,0.9980967451627637f,0.005112245764797395f,0.30234245103410423f,0.08290008894456227f,7.11841647133609e-18f,-0.996557863474562f,0.2553679525153565f,0f,0f,0f,1f], start_interpolation: 0, interpolation_duration: 1 }
$data merge entity $(bone_pupil_closed1) { transformation: [-0.9946611599003181f,0.06166755464178207f,-0.0827423089492712f,0.11479475870592132f,0.06145528649951515f,0.9980967451627637f,0.005112245764797395f,0.3023999637989582f,0.08290008894456227f,7.11841647133609e-18f,-0.996557863474562f,0.24415667655126766f,0f,0f,0f,1f], start_interpolation: 0, interpolation_duration: 1 }
$data merge entity $(bone_eye1) { transformation: [-0.9946611599003181f,0.06166755464178207f,-0.0827423089492712f,0.11526018419376097f,0.06145528649951515f,0.9980967451627637f,0.005112245764797395f,0.30237120741653123f,0.08290008894456227f,7.11841647133609e-18f,-0.996557863474562f,0.24976231453331207f,0f,0f,0f,1f], start_interpolation: 0, interpolation_duration: 1 }
$data merge entity $(bone_nail_head1) { transformation: [-0.5252906541548718f,0.06166755464178207f,0.8486853606384699f,0.1099397816737954f,0.032455160559240664f,0.9980967451627637f,-0.05243615020738161f,0.5531766503020245f,-0.8503037052786615f,7.11841647133609e-18f,-0.5262923225635913f,1.3341767428172617e-17f,0f,0f,0f,1f], start_interpolation: 0, interpolation_duration: 1 }
$data merge entity $(bone_nail_left_rotation1) { transformation: [-0.3384369122312838f,0.8000542999785235f,-0.4953519693361771f,0.2746031906132007f,0.9136159449327567f,0.40542473406547264f,0.03060539450108278f,0.10466863548501185f,0.22531391791005806f,-0.4422034623268066f,-0.8681530604117019f,0.23489101308129384f,0f,0f,0f,1f], start_interpolation: 0, interpolation_duration: 1 }
$data merge entity $(bone_nail_right_rotation1) { transformation: [-0.465259014664462f,-0.8441082991057071f,0.26648682641797544f,-0.06731158310253363f,-0.8640176231744604f,0.49849754418238396f,0.07052478492053736f,0.1257938902192202f,-0.19237358477038863f,-0.1974370224274119f,-0.9612549225140996f,0.26338791865598715f,0f,0f,0f,1f], start_interpolation: 0, interpolation_duration: 1 }
$data merge entity $(bone_magnet_left1) { transformation: [-0.9946611599003181f,-0.0457274531506719f,-0.09251041570605403f,0.3431881829884294f,0.06145528649951515f,0.45768148445454576f,-0.886989800701646f,0.28828864238645474f,0.08290008894456227f,-0.8879395580870562f,-0.4524278024581902f,-0.020725022236140554f,0f,0f,0f,1f], start_interpolation: 0, interpolation_duration: 1 }
$data merge entity $(bone_magnet_right1) { transformation: [-0.9946611599003181f,0.10172042104974865f,0.017381971327087027f,-0.15414239696172966f,0.06145528649951515f,0.4485713957951681f,0.8916316227207496f,0.3190162856362123f,0.08290008894456227f,0.8879395580870562f,-0.4524278024581902f,0.020725022236140582f,0f,0f,0f,1f], start_interpolation: 0, interpolation_duration: 1 }
$data merge entity $(bone_body1) { transformation: [-0.9946611599003181f,0.06166755464178207f,-0.0827423089492712f,0.09259578193079418f,0.06145528649951515f,0.9980967451627637f,0.005112245764797395f,0.2724619407249972f,0.08290008894456227f,7.11841647133609e-18f,-0.996557863474562f,1.1339712795609342e-17f,0f,0f,0f,1f], start_interpolation: 0, interpolation_duration: 1 }