# This file was generated by Animated Java via MC-Build. It is not recommended to edit this file directly.
$data merge entity $(bone_pupil1) { transformation: [-0.9951512853715266f,0.05664469809607512f,-0.08040707307819855f,0.11353413932907293f,0.056460697409154124f,0.9983944001133042f,0.004561959060253868f,0.30015736072428095f,0.08053638228446938f,6.936974821202657e-18f,-0.9967516697395243f,0.2554176153707531f,0f,0f,0f,1f], start_interpolation: 0, interpolation_duration: 1 }
$data merge entity $(bone_pupil_closed1) { transformation: [-0.9951512853715266f,0.05664469809607512f,-0.08040707307819855f,0.1126295597569432f,0.056460697409154124f,0.9983944001133042f,0.004561959060253868f,0.30020868276370877f,0.08053638228446938f,6.936974821202657e-18f,-0.9967516697395243f,0.24420415908618345f,0f,0f,0f,1f], start_interpolation: 0, interpolation_duration: 1 }
$data merge entity $(bone_eye1) { transformation: [-0.9951512853715266f,0.05664469809607512f,-0.08040707307819855f,0.11308184954300807f,0.056460697409154124f,0.9983944001133042f,0.004561959060253868f,0.30018302174399486f,0.08053638228446938f,6.936974821202657e-18f,-0.9967516697395243f,0.24981088722846828f,0f,0f,0f,1f], start_interpolation: 0, interpolation_duration: 1 }
$data merge entity $(bone_nail_head1) { transformation: [-0.7074410781229088f,0.05664469809607512f,0.7044987573884718f,0.10709100137680334f,0.04013723062397621f,0.9983944001133042f,-0.03997029572361508f,0.550924962761797f,-0.7056317195975066f,6.936974821202657e-18f,-0.7085787721191383f,1.31148652053587e-17f,0f,0f,0f,1f], start_interpolation: 0, interpolation_duration: 1 }
$data merge entity $(bone_nail_left_rotation1) { transformation: [-0.5206036873490034f,0.696768354040187f,-0.49344266285633365f,0.27345234140255126f,0.791165699855667f,0.6109607738218992f,0.027995860816174806f,0.10328274057996462f,0.32098074099626844f,-0.37582016132596513f,-0.8693276541387671f,0.23534572672973791f,0f,0f,0f,1f], start_interpolation: 0, interpolation_duration: 1 }
$data merge entity $(bone_nail_right_rotation1) { transformation: [-0.6452532936382217f,-0.7152674373260729f,0.2684039495797691f,-0.06863091294391103f,-0.72706290439907f,0.6828129517546413f,0.07173566729948581f,0.12269110531436134f,-0.2345798799893451f,-0.14885887953731966f,-0.9606317264628929f,0.26303010814002425f,0f,0f,0f,1f], start_interpolation: 0, interpolation_duration: 1 }
$data merge entity $(bone_magnet_left1) { transformation: [-0.9951512853715266f,-0.024354229418351726f,-0.09529318303444664f,0.34171764819566625f,0.056460697409154124f,0.6518742355016072f,-0.756222302459579f,0.2872111883811824f,0.08053638228446938f,-0.7579359158917286f,-0.647338426582183f,-0.02013409557111733f,0f,0f,0f,1f], start_interpolation: 0, interpolation_duration: 1 }
$data merge entity $(bone_magnet_right1) { transformation: [-0.9951512853715266f,0.09792980667184831f,-0.0091472503307099f,-0.15585799449009707f,0.056460697409154124f,0.6449363537331267f,0.7621478132760672f,0.3154415370857595f,0.08053638228446938f,0.7579359158917286f,-0.647338426582183f,0.02013409557111736f,0f,0f,0f,1f], start_interpolation: 0, interpolation_duration: 1 }
$data merge entity $(bone_body1) { transformation: [-0.9951512853715266f,0.05664469809607512f,-0.08040707307819855f,0.09115968003728221f,0.056460697409154124f,0.9983944001133042f,0.004561959060253868f,0.2701265377299302f,0.08053638228446938f,6.936974821202657e-18f,-0.9967516697395243f,1.1163841036895454e-17f,0f,0f,0f,1f], start_interpolation: 0, interpolation_duration: 1 }