# This file was generated by Animated Java via MC-Build. It is not recommended to edit this file directly.
$data merge entity $(bone_pupil1) { transformation: [-0.9956673318224603f,0.05127144971861476f,-0.07757449829225038f,0.11064224639376656f,0.05111653834796741f,0.9986847542862319f,0.003982595079746198f,0.29809301535960847f,0.07767666218925459f,5.8452608095604015e-18f,-0.9969786036576394f,0.25547576718727005f,0f,0f,0f,1f], start_interpolation: 0, interpolation_duration: 1 }
$data merge entity $(bone_pupil_closed1) { transformation: [-0.9956673318224603f,0.05127144971861476f,-0.07757449829225038f,0.10976953328797874f,0.05111653834796741f,0.9986847542862319f,0.003982595079746198f,0.2981378195542556f,0.07767666218925459f,5.8452608095604015e-18f,-0.9969786036576394f,0.24425975789612164f,0f,0f,0f,1f], start_interpolation: 0, interpolation_duration: 1 }
$data merge entity $(bone_eye1) { transformation: [-0.9956673318224603f,0.05127144971861476f,-0.07757449829225038f,0.11020588984087265f,0.05111653834796741f,0.9986847542862319f,0.003982595079746198f,0.29811541745693204f,0.07767666218925459f,5.8452608095604015e-18f,-0.9969786036576394f,0.24986776254169585f,0f,0f,0f,1f], start_interpolation: 0, interpolation_duration: 1 }
$data merge entity $(bone_nail_head1) { transformation: [-0.8511089382385033f,0.05127144971861476f,0.5224794863860965f,0.10358164363603109f,0.04369505887085175f,0.9986847542862319f,-0.02682356028794913f,0.5487847439203515f,-0.5231675803036734f,5.8452608095604015e-18f,-0.8522298298693842f,1.2563120088524108e-17f,0f,0f,0f,1f], start_interpolation: 0, interpolation_duration: 1 }
$data merge entity $(bone_nail_left_rotation1) { transformation: [-0.6733818713559404f,0.5526155642850947f,-0.49109356892453615f,0.2716743316141851f,0.6231300862261538f,0.7817117362675089f,0.025212239516207616f,0.1020788601216315f,0.39782628240094675f,-0.2890377129225578f,-0.8707418960516021f,0.23589397460063172f,0f,0f,0f,1f], start_interpolation: 0, interpolation_duration: 1 }
$data merge entity $(bone_nail_right_rotation1) { transformation: [-0.790686547076671f,-0.5490911024568773f,0.27076511125819475f,-0.07058631369978563f,-0.5518801986167317f,0.8307188103873973f,0.07303769193577027f,0.11965017017874532f,-0.26503401790473663f,-0.09167998293651015f,-0.9598706944594322f,0.26259532722818796f,0f,0f,0f,1f], start_interpolation: 0, interpolation_duration: 1 }
$data merge entity $(bone_magnet_left1) { transformation: [-0.9956673318224603f,-0.004117671901572355f,-0.09289568945679773f,0.33968061416199247f,0.05111653834796741f,0.8102938488944582f,-0.5837901831575498f,0.2863344207618016f,0.07767666218925459f,-0.5860093200811023f,-0.8065726333872361f,-0.019419165547313638f,0f,0f,0f,1f], start_interpolation: 0, interpolation_duration: 1 }
$data merge entity $(bone_magnet_right1) { transformation: [-0.9956673318224603f,0.08707662019877235f,-0.03262248544028416f,-0.15815305174923766f,0.05111653834796741f,0.8056120275870036f,0.5902341573600072f,0.31189268993578534f,0.07767666218925459f,0.5860093200811023f,-0.8065726333872361f,0.01941916554731366f,0f,0f,0f,1f], start_interpolation: 0, interpolation_duration: 1 }
$data merge entity $(bone_body1) { transformation: [-0.9956673318224603f,0.05127144971861476f,-0.07757449829225038f,0.08916154840267068f,0.05111653834796741f,0.9986847542862319f,0.003982595079746198f,0.2679046567773487f,0.07767666218925459f,5.8452608095604015e-18f,-0.9969786036576394f,1.0919140485835245e-17f,0f,0f,0f,1f], start_interpolation: 0, interpolation_duration: 1 }