# This file was generated by Animated Java via MC-Build. It is not recommended to edit this file directly.
$data merge entity $(bone_pupil1) { transformation: [-0.9985916968022414f,0.013651058374887136f,-0.05126667224294889f,0.07985494107270981f,0.013633103878871167f,0.9999068199613629f,0.0006999095530739008f,0.28820403012788437f,0.051271449718614644f,1.67177249437792e-18f,-0.9986847542862319f,0.25591296828584686f,0f,0f,0f,1f], start_interpolation: 0, interpolation_duration: 1 }
$data merge entity $(bone_pupil_closed1) { transformation: [-0.9985916968022414f,0.013651058374887136f,-0.05126667224294889f,0.07927819100997664f,0.013633103878871167f,0.9999068199613629f,0.0006999095530739008f,0.2882119041103564f,0.051271449718614644f,1.67177249437792e-18f,-0.9986847542862319f,0.2446777648001268f,0f,0f,0f,1f], start_interpolation: 0, interpolation_duration: 1 }
$data merge entity $(bone_eye1) { transformation: [-0.9985916968022414f,0.013651058374887136f,-0.05126667224294889f,0.07956656604134323f,0.013633103878871167f,0.9999068199613629f,0.0006999095530739008f,0.2882079671191204f,0.051271449718614644f,1.67177249437792e-18f,-0.9986847542862319f,0.25029536654298684f,0f,0f,0f,1f], start_interpolation: 0, interpolation_duration: 1 }
$data merge entity $(bone_nail_head1) { transformation: [-0.6698599488535869f,0.013651058374887136f,-0.7423619720373044f,0.07013062090417595f,0.009145149410174604f,0.9999068199613629f,0.010134970992566245f,0.5383600869412002f,0.7424311518007144f,1.67177249437792e-18f,-0.6699223722461166f,8.588524041251553e-18f,0f,0f,0f,1f], start_interpolation: 0, interpolation_duration: 1 }
$data merge entity $(bone_nail_left_rotation1) { transformation: [-0.6342862784055976f,-0.6149807665110878f,-0.46848647136049903f,0.2486078988137853f,-0.6985131896596452f,0.7155685962390668f,0.006395932141591138f,0.09838268609065454f,0.33130083141743744f,0.33130083141743877f,-0.8834475186473887f,0.24085890815117109f,0f,0f,0f,1f], start_interpolation: 0, interpolation_duration: 1 }
$data merge entity $(bone_nail_right_rotation1) { transformation: [-0.6894402554197813f,0.6623819017441108f,0.2931251446883433f,-0.0946579969619852f,0.7085223223816918f,0.7008104192336957f,0.08283039889041902f,0.10306906554901651f,-0.15055979839771652f,0.26479231963058725f,-0.9524792777646618f,0.25848346899194485f,0f,0f,0f,1f], start_interpolation: 0, interpolation_duration: 1 }
$data merge entity $(bone_magnet_left1) { transformation: [-0.9985916968022414f,0.04590376753911347f,-0.026598255644601113f,0.3163657805110145f,0.013633103878871167f,0.7065459821581588f,0.7075358037405531f,0.28497510598114173f,0.051271449718614644f,0.706176762023417f,-0.7061767620234142f,-0.012817862429653654f,0f,0f,0f,1f], start_interpolation: 0, interpolation_duration: 1 }
$data merge entity $(bone_magnet_right1) { transformation: [-0.9985916968022414f,-0.026598255644601297f,-0.04590376753911336f,-0.18293006789010616f,0.013633103878871167f,0.7075358037405504f,-0.7065459821581616f,0.2917916579205773f,0.051271449718614644f,-0.706176762023417f,-0.7061767620234142f,0.012817862429653668f,0f,0f,0f,1f], start_interpolation: 0, interpolation_duration: 1 }
$data merge entity $(bone_body1) { transformation: [-0.9985916968022414f,0.013651058374887136f,-0.05126667224294889f,0.06629126073623894f,0.013633103878871167f,0.9999068199613629f,0.0006999095530739008f,0.25713629382706693f,0.051271449718614644f,1.67177249437792e-18f,-0.9986847542862319f,8.118338027207763e-18f,0f,0f,0f,1f], start_interpolation: 0, interpolation_duration: 1 }