# This file was generated by Animated Java via MC-Build. It is not recommended to edit this file directly.
$data merge entity $(bone_pupil1) { transformation: [-0.9992153039408513f,7.480941586695851e-17f,-0.03960778168986463f,0.06525436146044723f,7.475071321314049e-17f,1f,2.9630350120047972e-18f,0.28583845159732935f,0.03960778168986463f,9.161511168755396e-33f,-0.9992153039408513f,0.2560489216348431f,0f,0f,0f,1f], start_interpolation: 0, interpolation_duration: 1 }
$data merge entity $(bone_pupil_closed1) { transformation: [-0.9992153039408513f,7.480941586695851e-17f,-0.03960778168986463f,0.06480877391643626f,7.475071321314049e-17f,1f,2.9630350120047972e-18f,0.28583845159732935f,0.03960778168986463f,9.161511168755396e-33f,-0.9992153039408513f,0.24480774946550857f,0f,0f,0f,1f], start_interpolation: 0, interpolation_duration: 1 }
$data merge entity $(bone_eye1) { transformation: [-0.9992153039408513f,7.480941586695851e-17f,-0.03960778168986463f,0.06503156768844175f,7.475071321314049e-17f,1f,2.9630350120047972e-18f,0.28583845159732935f,0.03960778168986463f,9.161511168755396e-33f,-0.9992153039408513f,0.25042833555017585f,0f,0f,0f,1f], start_interpolation: 0, interpolation_duration: 1 }
$data merge entity $(bone_nail_head1) { transformation: [-0.27110527108510535f,7.480941586695851e-17f,-0.9625497036464515f,0.05510486740241944f,2.028122696833016e-17f,1f,7.200778107270507e-17f,0.5358384515973293f,0.9625497036464515f,9.161511168755396e-33f,-0.27110527108510535f,6.748399948181229e-18f,0f,0f,0f,1f], start_interpolation: 0, interpolation_duration: 1 }
$data merge entity $(bone_nail_left_rotation1) { transformation: [-0.2746721160429196f,-0.8453538496663976f,-0.45818347582895924f,0.2367469431897194f,-0.9510565162951551f,0.30901699437494307f,3.427643818665715e-17f,0.09833845159732935f,0.14158648057292933f,0.43575838034589537f,-0.8888576390386108f,0.24299623850726734f,0f,0f,0f,1f], start_interpolation: 0, interpolation_duration: 1 }
$data merge entity $(bone_nail_right_rotation1) { transformation: [-0.3263276073751931f,0.8953547542667981f,0.3030679076982967f,-0.10673331753994823f,0.9450901054729658f,0.315065484702342f,0.08682414921193786f,0.09833845159732935f,-0.017747822454610096f,0.31475959772677276f,-0.9490054849351502f,0.2566114134631583f,0f,0f,0f,1f], start_interpolation: 0, interpolation_duration: 1 }
$data merge entity $(bone_magnet_left1) { transformation: [-0.9992153039408513f,0.03766923887214171f,-0.012239477651660799f,0.30490869338763227f,7.475071321314049e-17f,0.309016994374943f,0.9510565162951551f,0.28583845159732935f,0.03960778168986463f,0.9503102259947906f,-0.30877450995724703f,-0.009901945422466151f,0f,0f,0f,1f], start_interpolation: 0, interpolation_duration: 1 }
$data merge entity $(bone_magnet_right1) { transformation: [-0.9992153039408513f,-0.037669238872141665f,-0.01223947765166094f,-0.1946989585827934f,7.475071321314049e-17f,0.309016994374943f,-0.9510565162951551f,0.28583845159732935f,0.03960778168986463f,-0.9503102259947906f,-0.30877450995724703f,0.009901945422466165f,0f,0f,0f,1f], start_interpolation: 0, interpolation_duration: 1 }
$data merge entity $(bone_body1) { transformation: [-0.9992153039408513f,7.480941586695851e-17f,-0.03960778168986463f,0.05510486740241942f,7.475071321314049e-17f,1f,2.9630350120047972e-18f,0.25458845159732935f,0.03960778168986463f,9.161511168755396e-33f,-0.9992153039408513f,6.7483999481812265e-18f,0f,0f,0f,1f], start_interpolation: 0, interpolation_duration: 1 }