# This file was generated by Animated Java via MC-Build. It is not recommended to edit this file directly.
$data merge entity $(bone_pupil1) { transformation: [-0.9994189979680024f,-0.006846794247134609f,-0.033388439753474226f,0.057326065808725055f,-0.0068429766421973645f,0.999976560429562f,-0.0002286091357248282f,0.28482767018692384f,0.03338922238250413f,-8.3849046591739105e-19f,-0.9994424244691095f,0.2561071212702093f,0f,0f,0f,1f], start_interpolation: 0, interpolation_duration: 1 }
$data merge entity $(bone_pupil_closed1) { transformation: [-0.9994189979680024f,-0.006846794247134609f,-0.033388439753474226f,0.05695044586149847f,-0.0068429766421973645f,0.999976560429562f,-0.0002286091357248282f,0.284825098334147f,0.03338922238250413f,-8.3849046591739105e-19f,-0.9994424244691095f,0.24486339399493184f,0f,0f,0f,1f], start_interpolation: 0, interpolation_duration: 1 }
$data merge entity $(bone_eye1) { transformation: [-0.9994189979680024f,-0.006846794247134609f,-0.033388439753474226f,0.05713825583511176f,-0.0068429766421973645f,0.999976560429562f,-0.0002286091357248282f,0.2848263842605354f,0.03338922238250413f,-8.3849046591739105e-19f,-0.9994424244691095f,0.25048525763257057f,0f,0f,0f,1f], start_interpolation: 0, interpolation_duration: 1 }
$data merge entity $(bone_nail_head1) { transformation: [-0.045127996497260445f,-0.006846794247134609f,-0.9989577495273163f,0.04705857956011363f,-0.00030898934937977215f,0.999976560429562f,-0.0068398184950015616f,0.5347632292032849f,0.9989811652167047f,-8.3849046591739105e-19f,-0.045129054302907576f,5.7630138830714214e-18f,0f,0f,0f,1f], start_interpolation: 0, interpolation_duration: 1 }
$data merge entity $(bone_nail_left_rotation1) { transformation: [-0.06313398549133944f,-0.8894591262327728f,-0.45263292261744653f,0.230176302257354f,-0.9973729771359389f,0.07237084844089747f,-0.0030991571335527886f,0.09850677290966037f,0.03551400223817562f,0.4512481834391986f,-0.8916915568669752f,0.24412183352028446f,0f,0f,0f,1f], start_interpolation: 0, interpolation_duration: 1 }
$data merge entity $(bone_nail_right_rotation1) { transformation: [-0.11543557290656453f,0.9442379114934869f,0.3083656838984373f,-0.11337397829414683f,0.99176065016928f,0.09220046057085862f,0.08893755026044135f,0.09615449968890505f,0.05554674863158242f,0.3160915082202294f,-0.9471012180055098f,0.25559937871427024f,0f,0f,0f,1f], start_interpolation: 0, interpolation_duration: 1 }
$data merge entity $(bone_magnet_left1) { transformation: [-0.9994189979680024f,0.03274832105127786f,-0.009445314656294126f,0.29862502761389786f,-0.0068429766421973645f,0.07868516109040272f,0.9968760299529985f,0.28647983325644366f,0.03338922238250413f,0.9963614770215173f,-0.07841534885589606f,-0.008347305595626025f,0f,0f,0f,1f], start_interpolation: 0, interpolation_duration: 1 }
$data merge entity $(bone_magnet_right1) { transformation: [-0.9994189979680024f,-0.03382270762180751f,0.004206061074651373f,-0.20108447137010332f,-0.0068429766421973645f,0.07822935227029507f,-0.9969119028851267f,0.283058344935345f,0.03338922238250413f,-0.9963614770215173f,-0.07841534885589606f,0.008347305595626039f,0f,0f,0f,1f], start_interpolation: 0, interpolation_duration: 1 }
$data merge entity $(bone_body1) { transformation: [-0.9994189979680024f,-0.006846794247134609f,-0.033388439753474226f,0.04898424044212024f,-0.0068429766421973645f,0.999976560429562f,-0.0002286091357248282f,0.25351982158247055f,0.03338922238250413f,-8.3849046591739105e-19f,-0.9994424244691095f,5.998839326610688e-18f,0f,0f,0f,1f], start_interpolation: 0, interpolation_duration: 1 }