# This file was generated by Animated Java via MC-Build. It is not recommended to edit this file directly.
$data merge entity $(bone_pupil1) { transformation: [-0.9994189979680024f,-0.0333892223825044f,-0.006842976642197391f,0.022595602426600827f,-0.0333884397534745f,0.9994424244691095f,-0.00022860913572483416f,0.28194098901616477f,0.0068467942471346355f,-4.102552958831386e-18f,-0.999976560429562f,0.2562439936100752f,0f,0f,0f,1f], start_interpolation: 0, interpolation_duration: 1 }
$data merge entity $(bone_pupil_closed1) { transformation: [-0.9994189979680024f,-0.0333892223825044f,-0.006842976642197391f,0.022518618939376105f,-0.0333884397534745f,0.9994424244691095f,-0.00022860913572483416f,0.2819384171633879f,0.0068467942471346355f,-4.102552958831386e-18f,-0.999976560429562f,0.24499425730524269f,0f,0f,0f,1f], start_interpolation: 0, interpolation_duration: 1 }
$data merge entity $(bone_eye1) { transformation: [-0.9994189979680024f,-0.0333892223825044f,-0.006842976642197391f,0.022557110682988466f,-0.0333884397534745f,0.9994424244691095f,-0.00022860913572483416f,0.28193970308977634f,0.0068467942471346355f,-4.102552958831386e-18f,-0.999976560429562f,0.25061912545765896f,0f,0f,0f,1f], start_interpolation: 0, interpolation_duration: 1 }
$data merge entity $(bone_nail_head1) { transformation: [0.764408326013919f,-0.0333892223825044f,-0.6438672774332379f,0.012494784066411645f,0.025537238527646194f,0.9994424244691095f,-0.021510221284088082f,0.5317430140424126f,0.6442264823561513f,-4.102552958831386e-18f,0.7648347791719592f,1.526358083034193e-18f,0f,0f,0f,1f], start_interpolation: 0, interpolation_duration: 1 }
$data merge entity $(bone_nail_left_rotation1) { transformation: [0.7082469399317324f,-0.5609902996426018f,-0.4285745626892022f,0.2005884532950571f,-0.6261493593125097f,-0.7795716655545148f,-0.014317754610742596f,0.10028274370373694f,-0.32607246420062946f,0.27849219373523487f,-0.9033929632882168f,0.24881734734616423f,0f,0f,0f,1f], start_interpolation: 0, interpolation_duration: 1 }
$data merge entity $(bone_nail_right_rotation1) { transformation: [0.6704559075691077f,0.664066598133268f,0.3309145346602249f,-0.14296182725644374f,0.675515530499956f,-0.7308138803351858f,0.0979277303055251f,0.08880546753848009f,0.3068674698612536f,0.15788168213297432f,-0.9385657837295237f,0.25117093286861675f,0f,0f,0f,1f], start_interpolation: 0, interpolation_duration: 1 }
$data merge entity $(bone_magnet_left1) { transformation: [-0.9994189979680024f,0.02983352171144657f,-0.016481125050391385f,0.27069683915403836f,-0.0333884397534745f,-0.7598335120830427f,0.6492597677404455f,0.2902295178635039f,0.0068467942471346355f,0.6494328255469085f,0.7603881420108393f,-0.0017116985617836563f,0f,0f,0f,1f], start_interpolation: 0, interpolation_duration: 1 }
$data merge entity $(bone_magnet_right1) { transformation: [-0.9994189979680024f,0.020945206061358315f,0.02688800557276852f,-0.22901265982996283f,-0.0333884397534745f,-0.7601304515970967f,-0.6489120962392538f,0.2735352979867667f,0.0068467942471346355f,-0.6494328255469085f,0.7603881420108393f,0.0017116985617836615f,0f,0f,0f,1f], start_interpolation: 0, interpolation_duration: 1 }
$data merge entity $(bone_body1) { transformation: [-0.9994189979680024f,-0.0333892223825044f,-0.006842976642197391f,0.021885502861491008f,-0.0333884397534745f,0.9994424244691095f,-0.00022860913572483416f,0.25064983216047565f,0.0068467942471346355f,-4.102552958831386e-18f,-0.999976560429562f,2.6802011027055203e-18f,0f,0f,0f,1f], start_interpolation: 0, interpolation_duration: 1 }