# This file was generated by Animated Java via MC-Build. It is not recommended to edit this file directly.
$data merge entity $(bone_pupil1) { transformation: [-0.9992153039408513f,-0.039607781689864625f,4.771396670159483e-17f,0.013427987919713523f,-0.039607781689864625f,0.9992153039408513f,-2.9630350120047872e-18f,0.2815144782106709f,-4.7559166496062805e-17f,-4.850554306781986e-18f,-1f,0.25625f,0f,0f,0f,1f], start_interpolation: 0, interpolation_duration: 1 }
$data merge entity $(bone_pupil_closed1) { transformation: [-0.9992153039408513f,-0.039607781689864625f,4.771396670159483e-17f,0.013427987919713523f,-0.039607781689864625f,0.9992153039408513f,-2.9630350120047872e-18f,0.2815144782106709f,-4.7559166496062805e-17f,-4.850554306781986e-18f,-1f,0.245f,0f,0f,0f,1f], start_interpolation: 0, interpolation_duration: 1 }
$data merge entity $(bone_eye1) { transformation: [-0.9992153039408513f,-0.039607781689864625f,4.771396670159483e-17f,0.013427987919713523f,-0.039607781689864625f,0.9992153039408513f,-2.9630350120047872e-18f,0.2815144782106709f,-4.7559166496062805e-17f,-4.850554306781986e-18f,-1f,0.250625f,0f,0f,0f,1f], start_interpolation: 0, interpolation_duration: 1 }
$data merge entity $(bone_nail_head1) { transformation: [0.8903073548801574f,-0.039607781689864625f,-0.4536342551835181f,0.0035260424972473788f,0.0352907918942978f,0.9992153039408513f,-0.017981556602956816f,0.5313183041958838f,0.45399049973955463f,-4.850554306781986e-18f,0.8910065241883638f,4.318156657911544e-19f,0f,0f,0f,1f], start_interpolation: 0, interpolation_duration: 1 }
$data merge entity $(bone_nail_left_rotation1) { transformation: [0.8248740451868457f,-0.3758414660450954f,-0.4222866348561872f,0.19259457735139698f,-0.42164993567902603f,-0.9066041796524575f,-0.016738971849175693f,0.10096919619970676f,-0.3765556284521087f,0.19186467584672198f,-0.9063077870366499f,0.25f,0f,0f,0f,1f], start_interpolation: 0, interpolation_duration: 1 }
$data merge entity $(bone_nail_right_rotation1) { transformation: [0.8016002274714453f,0.49402638194908405f,0.336712056891381f,-0.15088568337827066f,0.4911661938178603f,-0.8652790694259882f,0.10023922417782143f,0.08735402124381578f,0.3408707165014369f,0.08502979449341962f,-0.9362569565456931f,0.25f,0f,0f,0f,1f], start_interpolation: 0, interpolation_duration: 1 }
$data merge entity $(bone_magnet_left1) { transformation: [-0.9992153039408513f,0.03529079189429778f,-0.01798155660295686f,0.26323181390492634f,-0.039607781689864625f,-0.8903073548801574f,0.453634255183518f,0.291416423633137f,-4.7559166496062805e-17f,0.4539904997395546f,0.8910065241883638f,1.3534245866502353e-17f,0f,0f,0f,1f], start_interpolation: 0, interpolation_duration: 1 }
$data merge entity $(bone_magnet_right1) { transformation: [-0.9992153039408513f,0.03529079189429782f,0.017981556602956777f,-0.23637583806549928f,-0.039607781689864625f,-0.8903073548801574f,-0.453634255183518f,0.27161253278820474f,-4.7559166496062805e-17f,-0.4539904997395546f,0.8910065241883638f,-1.0245337381529051e-17f,0f,0f,0f,1f], start_interpolation: 0, interpolation_duration: 1 }
$data merge entity $(bone_body1) { transformation: [-0.9992153039408513f,-0.039607781689864625f,4.771396670159483e-17f,0.014665731097521804f,-0.039607781689864625f,0.9992153039408513f,-2.9630350120047872e-18f,0.2502889999625193f,-4.7559166496062805e-17f,-4.850554306781986e-18f,-1f,1.796034064573588e-18f,0f,0f,0f,1f], start_interpolation: 0, interpolation_duration: 1 }