# This file was generated by Animated Java via MC-Build. It is not recommended to edit this file directly.
$data merge entity $(bone_pupil1) { transformation: [-0.9977338544974275f,0.02696355168039765f,-0.061645133388489454f,0.09248451964346416f,0.026912233170232863f,0.9996364173442155f,0.0016627762965874342f,0.4580944132586656f,0.06166755464178185f,3.3020827259043217e-18f,-0.9980967451627637f,0.25576229094795816f,0f,0f,0f,1f], start_interpolation: 0, interpolation_duration: 1 }
$data merge entity $(bone_pupil_closed1) { transformation: [-0.9977338544974275f,0.02696355168039765f,-0.061645133388489454f,0.09179101189284367f,0.026912233170232863f,0.9996364173442155f,0.0016627762965874342f,0.4581131194920023f,0.06166755464178185f,3.3020827259043217e-18f,-0.9980967451627637f,0.2445337025648771f,0f,0f,0f,1f], start_interpolation: 0, interpolation_duration: 1 }
$data merge entity $(bone_eye1) { transformation: [-0.9977338544974275f,0.02696355168039765f,-0.061645133388489454f,0.09213776576815391f,0.026912233170232863f,0.9996364173442155f,0.0016627762965874342f,0.45810376637533395f,0.06166755464178185f,3.3020827259043217e-18f,-0.9980967451627637f,0.25014799675641763f,0f,0f,0f,1f], start_interpolation: 0, interpolation_duration: 1 }
$data merge entity $(bone_nail_head1) { transformation: [-0.9298518900105054f,0.02696355168039765f,-0.3669447227099327f,0.08342884213276316f,0.025081228591115192f,0.9996364173442155f,0.009897731638193717f,0.7084296040207201f,0.3670781859716689f,3.3020827259043217e-18f,-0.9301900909941736f,1.0217086447445825e-17f,0f,0f,0f,1f], start_interpolation: 0, interpolation_duration: 1 }
$data merge entity $(bone_nail_left_rotation1) { transformation: [-0.8435515524750397f,-0.2457353581637518f,-0.47753001169045173f,0.2585290778614569f,-0.2863759698303706f,0.9580307376846336f,0.01288058830766136f,0.26604743728234514f,0.4543232133852122f,0.1476185604846809f,-0.878521017608438f,0.23892507533663468f,0f,0f,0f,1f], start_interpolation: 0, interpolation_duration: 1 }
$data merge entity $(bone_nail_right_rotation1) { transformation: [-0.9133581419978217f,0.29148979546129905f,0.2842720591057394f,-0.08444193462203381f,0.32536237019848707f,0.9422677940204396f,0.07918795622237672f,0.27529851743461276f,-0.2447779248729542f,0.1648183954957226f,-0.9554677723508553f,0.2601232972447472f,0f,0f,0f,1f], start_interpolation: 0, interpolation_duration: 1 }
$data merge entity $(bone_magnet_left1) { transformation: [-0.9977338544974275f,0.04469325536565704f,-0.0502958101090568f,0.32612141783702064f,0.026912233170232863f,0.9501969025076685f,0.3104860353874604f,0.45179244139210795f,0.06166755464178185f,0.30842885628561484f,-0.9492464133800298f,-0.015416888660445452f,0f,0f,0f,1f], start_interpolation: 0, interpolation_duration: 1 }
$data merge entity $(bone_magnet_right1) { transformation: [-0.9977338544974275f,0.00659446769054961f,-0.06696020150495688f,-0.17274550941169312f,0.026912233170232863f,0.9512245547746473f,-0.3073232469234392f,0.4652485579772244f,0.06166755464178185f,-0.30842885628561484f,-0.9492464133800298f,0.015416888660445471f,0f,0f,0f,1f], start_interpolation: 0, interpolation_duration: 1 }
$data merge entity $(bone_body1) { transformation: [-0.9977338544974275f,0.02696355168039765f,-0.061645133388489454f,0.07584534322265132f,0.026912233170232863f,0.9996364173442155f,0.0016627762965874342f,0.42728186164265947f,0.06166755464178185f,3.3020827259043217e-18f,-0.9980967451627637f,9.288375680785234e-18f,0f,0f,0f,1f], start_interpolation: 0, interpolation_duration: 1 }