# This file was generated by Animated Java via MC-Build. It is not recommended to edit this file directly.
$data merge entity $(bone_pupil1) { transformation: [-0.9977338544974275f,-0.061667554641781974f,0.026912233170233016f,-0.023489101929949543f,-0.06164513338848958f,0.9980967451627637f,0.001662776296587436f,0.28105343682285505f,-0.026963551680397803f,-7.66051755757883e-18f,-0.9996364173442155f,0.2561568319444552f,0f,0f,0f,1f], start_interpolation: 0, interpolation_duration: 1 }
$data merge entity $(bone_pupil_closed1) { transformation: [-0.9977338544974275f,-0.061667554641781974f,0.026912233170233016f,-0.02318633930678442f,-0.06164513338848958f,0.9980967451627637f,0.001662776296587436f,0.2810721430561917f,-0.026963551680397803f,-7.66051755757883e-18f,-0.9996364173442155f,0.2449109222493328f,0f,0f,0f,1f], start_interpolation: 0, interpolation_duration: 1 }
$data merge entity $(bone_eye1) { transformation: [-0.9977338544974275f,-0.061667554641781974f,0.026912233170233016f,-0.023337720618366982f,-0.06164513338848958f,0.9980967451627637f,0.001662776296587436f,0.2810627899395234f,-0.026963551680397803f,-7.66051755757883e-18f,-0.9996364173442155f,0.250533877096894f,0f,0f,0f,1f], start_interpolation: 0, interpolation_duration: 1 }
$data merge entity $(bone_nail_head1) { transformation: [0.9012052719468783f,-0.061667554641781974f,0.42898271587519204f,-0.032009730840522825f,0.05568110067544929f,0.9980967451627637f,0.026504760385026034f,0.5310037095395466f,-0.42980073620542275f,-7.66051755757883e-18f,0.9029237659721204f,-3.9505546276426135e-18f,0f,0f,0f,1f], start_interpolation: 0, interpolation_duration: 1 }
$data merge entity $(bone_nail_left_rotation1) { transformation: [0.787833648341618f,0.47063240838331766f,-0.3972697807788225f,0.1597272722644439f,0.5035326252019067f,-0.8636274776025148f,-0.024545372011719864f,0.10451594675783724f,-0.35464494624625875f,-0.180700625647051f,-0.9173735585860062f,0.2545434647811222f,0f,0f,0f,1f], start_interpolation: 0, interpolation_duration: 1 }
$data merge entity $(bone_nail_right_rotation1) { transformation: [0.8721636681416193f,-0.33181027534178004f,0.3594891891995741f,-0.18324374021904682f,-0.39245742749697626f,-0.9132646668432899f,0.10920080539112327f,0.08332543215554392f,0.29207482530374074f,-0.23632517740017986f,-0.9267376688958763f,0.2452747438909855f,0f,0f,0f,1f], start_interpolation: 0, interpolation_duration: 1 }
$data merge entity $(bone_magnet_left1) { transformation: [-0.9977338544974275f,0.06716409170263171f,0.0040175086143819545f,0.23284062144427953f,-0.06164513338848958f,-0.8885558270693559f,-0.45460798465338026f,0.296890806595978f,-0.026963551680397803f,-0.45382543666794745f,0.8906825696699836f,0.006740887920099449f,0f,0f,0f,1f], start_interpolation: 0, interpolation_duration: 1 }
$data merge entity $(bone_magnet_right1) { transformation: [-0.9977338544974275f,0.042728295330509286f,-0.05197545928469448f,-0.2660263058044342f,-0.06164513338848958f,-0.8900655963530415f,0.4516448955963299f,0.26606823990173323f,-0.026963551680397803f,0.45382543666794745f,0.8906825696699836f,-0.0067408879200994525f,0f,0f,0f,1f], start_interpolation: 0, interpolation_duration: 1 }
$data merge entity $(bone_body1) { transformation: [-0.9977338544974275f,-0.061667554641781974f,0.026912233170233016f,-0.014665731097521647f,-0.06164513338848958f,0.9980967451627637f,0.001662776296587436f,0.25028899996251924f,-0.026963551680397803f,-7.66051755757883e-18f,-0.9996364173442155f,-1.7960340645735682e-18f,0f,0f,0f,1f], start_interpolation: 0, interpolation_duration: 1 }