# This file was generated by Animated Java via MC-Build. It is not recommended to edit this file directly.
$data merge entity $(bone_pupil1) { transformation: [-0.9967261101060693f,-0.07054141646646582f,0.03950911281879866f,-0.04129897264704561f,-0.07048606289495783f,0.9975088513707057f,0.0027939890234976f,0.2816104099872691f,-0.03960778168986475f,-8.855672422794877e-18f,-0.9992153039408513f,0.2560489216348431f,0f,0f,0f,1f], start_interpolation: 0, interpolation_duration: 1 }
$data merge entity $(bone_pupil_closed1) { transformation: [-0.9967261101060693f,-0.07054141646646582f,0.03950911281879866f,-0.04085449512783413f,-0.07048606289495783f,0.9975088513707057f,0.0027939890234976f,0.2816418423637835f,-0.03960778168986475f,-8.855672422794877e-18f,-0.9992153039408513f,0.24480774946550857f,0f,0f,0f,1f], start_interpolation: 0, interpolation_duration: 1 }
$data merge entity $(bone_eye1) { transformation: [-0.9967261101060693f,-0.07054141646646582f,0.03950911281879866f,-0.04107673388743987f,-0.07048606289495783f,0.9975088513707057f,0.0027939890234976f,0.2816261261755263f,-0.03960778168986475f,-8.855672422794877e-18f,-0.9992153039408513f,0.25042833555017585f,0f,0f,0f,1f], start_interpolation: 0, interpolation_duration: 1 }
$data merge entity $(bone_nail_head1) { transformation: [0.6178244517982715f,-0.07054141646646582f,0.7831454879669996f,-0.04881011660384491f,0.04369105286392219f,0.9975088513707057f,0.05538215720552363f,0.5317035825172168f,-0.7851012919743586f,-8.855672422794877e-18f,0.6193673880179621f,-6.038501678693084e-18f,0f,0f,0f,1f], start_interpolation: 0, interpolation_duration: 1 }
$data merge entity $(bone_nail_left_rotation1) { transformation: [0.4837155089758193f,0.7857895070848333f,-0.3854272394780092f,0.14348677507001487f,0.8452446014752865f,-0.5336840336671641f,-0.02725648336872189f,0.10670975484672957f,-0.22711422248099794f,-0.31259590970471746f,-0.9223355827369623f,0.25661141346315836f,0f,0f,0f,1f], start_interpolation: 0, interpolation_duration: 1 }
$data merge entity $(bone_nail_right_rotation1) { transformation: [0.6312607711203034f,-0.6815308627163348f,0.37016958547364276f,-0.19913782527894644f,-0.7588338531407093f,-0.6413678812324384f,0.11321848016572877f,0.08248017072658781f,0.1602529942691389f,-0.3523675979549501f,-0.922039073867932f,0.24299623850726734f,0f,0f,0f,1f], start_interpolation: 0, interpolation_duration: 1 }
$data merge entity $(bone_magnet_left1) { transformation: [-0.9967261101060693f,0.07342674797789502f,0.03384633088260271f,0.2180067650392889f,-0.07048606289495783f,-0.5840606072647936f,-0.808643878341417f,0.2999478853982799f,-0.03960778168986475f,-0.8083821619276808f,0.5873240195213685f,0.009901945422466186f,0f,0f,0f,1f], start_interpolation: 0, interpolation_duration: 1 }
$data merge entity $(bone_magnet_right1) { transformation: [-0.9967261101060693f,0.009499660571724328f,-0.08029207857470101f,-0.2803562900137458f,-0.07048606289495783f,-0.5885813764690069f,0.8053593472552593f,0.2647048539508009f,-0.03960778168986475f,0.8083821619276808f,0.5873240195213685f,-0.00990194542246619f,0f,0f,0f,1f], start_interpolation: 0, interpolation_duration: 1 }
$data merge entity $(bone_body1) { transformation: [-0.9967261101060693f,-0.07054141646646582f,0.03950911281879866f,-0.0289703432226514f,-0.07048606289495783f,0.9975088513707057f,0.0027939890234976f,0.25115421806920585f,-0.03960778168986475f,-8.855672422794877e-18f,-0.9992153039408513f,-3.547843809782025e-18f,0f,0f,0f,1f], start_interpolation: 0, interpolation_duration: 1 }