# This file was generated by Animated Java via MC-Build. It is not recommended to edit this file directly.
$data merge entity $(bone_pupil1) { transformation: [-0.9938058619042911f,-0.08608538608278582f,0.07027954999604583f,-0.08699056373781264f,-0.08587093459124343f,0.9962877627989705f,0.006072585071342294f,0.28671418649000324f,-0.07054141646646594f,-1.0542419251964776e-17f,-0.9975088513707057f,0.2556116431637433f,0f,0f,0f,1f], start_interpolation: 0, interpolation_duration: 1 }
$data merge entity $(bone_pupil_closed1) { transformation: [-0.9938058619042911f,-0.08608538608278582f,0.07027954999604583f,-0.08619991880035713f,-0.08587093459124343f,0.9962877627989705f,0.006072585071342294f,0.2867825030720559f,-0.07054141646646594f,-1.0542419251964776e-17f,-0.9975088513707057f,0.2443896685858229f,0f,0f,0f,1f], start_interpolation: 0, interpolation_duration: 1 }
$data merge entity $(bone_eye1) { transformation: [-0.9938058619042911f,-0.08608538608278582f,0.07027954999604583f,-0.08659524126908488f,-0.08587093459124343f,0.9962877627989705f,0.006072585071342294f,0.28674834478102956f,-0.07054141646646594f,-1.0542419251964776e-17f,-0.9975088513707057f,0.2500006558747831f,0f,0f,0f,1f], start_interpolation: 0, interpolation_duration: 1 }
$data merge entity $(bone_nail_head1) { transformation: [-0.6530317177545175f,-0.08608538608278582f,0.7524220105164134f,-0.09050277557202235f,-0.05642595407301591f,0.9962877627989705f,0.06501388623957344f,0.5373422271142774f,-0.7552255870357771f,-1.0542419251964776e-17f,-0.6554649591598822f,-1.1083393441822843e-17f,0f,0f,0f,1f], start_interpolation: 0, interpolation_duration: 1 }
$data merge entity $(bone_nail_left_rotation1) { transformation: [-0.7187604657664781f,0.5970173452460876f,-0.3563056024348612f,0.100400075854985f,0.6476361881403498f,0.7613274780363042f,-0.030786993973400567f,0.1147072515047621f,0.25288487630183204f,-0.2528848763018356f,-0.9338621304430393f,0.2615015187978503f,0f,0f,0f,1f], start_interpolation: 0, interpolation_duration: 1 }
$data merge entity $(bone_nail_right_rotation1) { transformation: [-0.5523253123245967f,-0.7332240355924358f,0.3966349240738635f,-0.24122068917461503f,-0.7601563501352673f,0.6382943388723935f,0.12141935723962287f,0.08518911773902219f,-0.3421974177497047f,-0.2344415718105405f,-0.9099110268001137f,0.23725290688750258f,0f,0f,0f,1f], start_interpolation: 0, interpolation_duration: 1 }
$data merge entity $(bone_magnet_left1) { transformation: [-0.9938058619042911f,-0.011176413879256115f,0.11056670664114299f,0.17947003642474688f,-0.08587093459124343f,0.7087757991716f,-0.7001878670050533f,0.3097380200623455f,-0.07054141646646594f,-0.705345273097835f,-0.705345273097825f,0.017635354116616476f,0f,0f,0f,1f], start_interpolation: 0, interpolation_duration: 1 }
$data merge entity $(bone_magnet_right1) { transformation: [-0.9938058619042911f,-0.11056670664114282f,-0.011176413879257677f,-0.31743289452739865f,-0.08587093459124343f,0.7001878670050433f,0.7087757991716098f,0.2668025527667238f,-0.07054141646646594f,0.705345273097835f,-0.705345273097825f,-0.017635354116616497f,0f,0f,0f,1f], start_interpolation: 0, interpolation_duration: 1 }
$data merge entity $(bone_body1) { transformation: [-0.9938058619042911f,-0.08608538608278582f,0.07027954999604583f,-0.06629126073623884f,-0.08587093459124343f,0.9962877627989705f,0.006072585071342294f,0.2571362938270669f,-0.07054141646646594f,-1.0542419251964776e-17f,-0.9975088513707057f,-8.11833802720775e-18f,0f,0f,0f,1f], start_interpolation: 0, interpolation_duration: 1 }