# This file was generated by Animated Java via MC-Build. It is not recommended to edit this file directly.
$data merge entity $(bone_pupil1) { transformation: [-0.9928168463261079f,-0.08475348767981229f,0.0844485404088748f,-0.11090219114270139f,-0.08444854040887471f,0.9964019501818069f,0.007183153673892093f,0.29509660166088303f,-0.08475348767981238f,-1.0379308740365676e-17f,-0.9964019501818069f,0.255327999734088f,0f,0f,0f,1f], start_interpolation: 0, interpolation_duration: 1 }
$data merge entity $(bone_pupil_closed1) { transformation: [-0.9928168463261079f,-0.08475348767981229f,0.0844485404088748f,-0.10995214506310155f,-0.08444854040887471f,0.9964019501818069f,0.007183153673892093f,0.29517741213971427f,-0.08475348767981238f,-1.0379308740365676e-17f,-0.9964019501818069f,0.24411847779454268f,0f,0f,0f,1f], start_interpolation: 0, interpolation_duration: 1 }
$data merge entity $(bone_eye1) { transformation: [-0.9928168463261079f,-0.08475348767981229f,0.0844485404088748f,-0.11042716810290147f,-0.08444854040887471f,0.9964019501818069f,0.007183153673892093f,0.29513700690029865f,-0.08475348767981238f,-1.0379308740365676e-17f,-0.9964019501818069f,0.24972323876431535f,0f,0f,0f,1f], start_interpolation: 0, interpolation_duration: 1 }
$data merge entity $(bone_nail_head1) { transformation: [-0.9495602211549838f,-0.08475348767981229f,-0.30191428042775004f,-0.1104506245828803f,-0.08076915193734255f,0.9964019501818069f,-0.025680688643698248f,0.5460377723352696f,0.3030045057345198f,-1.0379308740365676e-17f,-0.9529891234975243f,-1.3526300385925033e-17f,0f,0f,0f,1f], start_interpolation: 0, interpolation_duration: 1 }
$data merge entity $(bone_nail_left_rotation1) { transformation: [-0.831843660719314f,-0.4362974400562327f,-0.3430461600447804f,0.07615728663711865f,-0.454821554426612f,0.8901044429298026f,-0.029179347244008523f,0.12283072359503136f,0.31807778569094f,0.13175213272279127f,-0.9388652181079798f,0.2636674932404195f,0f,0f,0f,1f], start_interpolation: 0, interpolation_duration: 1 }
$data merge entity $(bone_nail_right_rotation1) { transformation: [-0.8833527506349335f,0.2277069600674434f,0.4096797020631375f,-0.2651235042874809f,0.30042296068446295f,0.9459734369548802f,0.12198484032597237f,0.09380153782948067f,-0.35976931864637784f,0.2308328332638473f,-0.9040366366735952f,0.23453348185048398f,0f,0f,0f,1f], start_interpolation: 0, interpolation_duration: 1 }
$data merge entity $(bone_magnet_left1) { transformation: [-0.9928168463261079f,-0.11061906987821643f,0.045586522463988505f,0.15894195891859975f,-0.08444854040887471f,0.9178064940241701f,0.38794288696903806f,0.31804941989203656f,-0.08475348767981238f,0.3813065183108459f,-0.9205553679273011f,0.021188371919953083f,0f,0f,0f,1f], start_interpolation: 0, interpolation_duration: 1 }
$data merge entity $(bone_magnet_right1) { transformation: [-0.9928168463261079f,-0.04598495527443556f,0.11045403360443481f,-0.33746646424445426f,-0.08444854040887471f,0.923304241830432f,-0.3746701496526537f,0.2758251496875992f,-0.08475348767981238f,-0.3813065183108459f,-0.9205553679273011f,-0.021188371919953104f,0f,0f,0f,1f], start_interpolation: 0, interpolation_duration: 1 }
$data merge entity $(bone_body1) { transformation: [-0.9928168463261079f,-0.08475348767981229f,0.0844485404088748f,-0.0866137061729331f,-0.08444854040887471f,0.9964019501818069f,0.007183153673892093f,0.26579972384663636f,-0.08475348767981238f,-1.0379308740365676e-17f,-0.9964019501818069f,-1.0607119802697186e-17f,0f,0f,0f,1f], start_interpolation: 0, interpolation_duration: 1 }