# This file was generated by Animated Java via MC-Build. It is not recommended to edit this file directly.
$data merge entity $(bone_pupil1) { transformation: [-0.9929820626794456f,-0.08053638228446953f,0.08660550978663833f,-0.11586910386649792f,-0.08023180239313905f,0.9967516697395243f,0.00699762504129115f,0.2994818859924594f,-0.08688774989388329f,-9.862862277958322e-18f,-0.9962181081060402f,0.25528089020217276f,0f,0f,0f,1f], start_interpolation: 0, interpolation_duration: 1 }
$data merge entity $(bone_pupil_closed1) { transformation: [-0.9929820626794456f,-0.08053638228446953f,0.08660550978663833f,-0.11489479188139824f,-0.08023180239313905f,0.9967516697395243f,0.00699762504129115f,0.29956060927417394f,-0.08688774989388329f,-9.862862277958322e-18f,-0.9962181081060402f,0.24407343648597984f,0f,0f,0f,1f], start_interpolation: 0, interpolation_duration: 1 }
$data merge entity $(bone_eye1) { transformation: [-0.9929820626794456f,-0.08053638228446953f,0.08660550978663833f,-0.11538194787394808f,-0.08023180239313905f,0.9967516697395243f,0.00699762504129115f,0.29952124763331667f,-0.08688774989388329f,-9.862862277958322e-18f,-0.9962181081060402f,0.2496771633440763f,0f,0f,0f,1f], start_interpolation: 0, interpolation_duration: 1 }
$data merge entity $(bone_nail_head1) { transformation: [-0.7107456089296387f,-0.08053638228446953f,-0.6988237048897004f,-0.11381053755478923f,-0.05742742330466715f,0.9967516697395243f,-0.056464147244572736f,0.5504629448441714f,0.7011011128502248f,-9.862862277958322e-18f,-0.713061869377529f,-1.3937771052571225e-17f,0f,0f,0f,1f], start_interpolation: 0, interpolation_duration: 1 }
$data merge entity $(bone_nail_left_rotation1) { transformation: [-0.5469992147527643f,-0.7644612215519201f,-0.3411611053493724f,0.0704415442710363f,-0.8070809690029296f,0.5897969624703558f,-0.02756542279802689f,0.1264245241091274f,0.22228848043286367f,0.26026637086663335f,-0.9396005787901369f,0.2639883590395212f,0f,0f,0f,1f], start_interpolation: 0, interpolation_duration: 1 }
$data merge entity $(bone_nail_right_rotation1) { transformation: [-0.6802780237824559f,0.606116839255368f,0.412121568872243f,-0.2708960397750231f,0.7000659782381123f,0.7038536848727699f,0.12040604803969981f,0.09884484203648586f,-0.21709315160122236f,0.3704218776774748f,-0.903137971777149f,0.23412069501349886f,0f,0f,0f,1f], start_interpolation: 0, interpolation_duration: 1 }
$data merge entity $(bone_magnet_left1) { transformation: [-0.9929820626794456f,-0.11815954258981398f,-0.004994566231382225f,0.15456907368618955f,-0.08023180239313905f,0.642017390755757f,0.7624805098177382f,0.32133297800757504f,-0.08688774989388329f,0.7575301924426086f,-0.6469919060206568f,0.02172193747347081f,0f,0f,0f,1f], start_interpolation: 0, interpolation_duration: 1 }
$data merge entity $(bone_magnet_right1) { transformation: [-0.9929820626794456f,0.013551150001369167f,0.1174861248425282f,-0.3419219576535333f,-0.08023180239313905f,0.6526594624086169f,-0.7533913219657123f,0.2812170768110055f,-0.08688774989388329f,-0.7575301924426086f,-0.6469919060206568f,-0.021721937473470832f,0f,0f,0f,1f], start_interpolation: 0, interpolation_duration: 1 }
$data merge entity $(bone_body1) { transformation: [-0.9929820626794456f,-0.08053638228446953f,0.08660550978663833f,-0.09115968003728217f,-0.08023180239313905f,0.9967516697395243f,0.00699762504129115f,0.2701265377299301f,-0.08688774989388329f,-9.862862277958322e-18f,-0.9962181081060402f,-1.1163841036895449e-17f,0f,0f,0f,1f], start_interpolation: 0, interpolation_duration: 1 }