# This file was generated by Animated Java via MC-Build. It is not recommended to edit this file directly.
$data merge entity $(bone_pupil1) { transformation: [-0.993461656480143f,-0.07433825247895988f,0.086647338805672f,-0.11798745099640168f,-0.07405711324449855f,0.9972330841976585f,0.0064590834889402034f,0.3044156584775404f,-0.08688774989388327f,-8.6701294262624e-18f,-0.9962181081060402f,0.25528089020217276f,0f,0f,0f,1f], start_interpolation: 0, interpolation_duration: 1 }
$data merge entity $(bone_pupil_closed1) { transformation: [-0.993461656480143f,-0.07433825247895988f,0.086647338805672f,-0.11701266843483787f,-0.07405711324449855f,0.9972330841976585f,0.0064590834889402034f,0.304488323166791f,-0.08688774989388327f,-8.6701294262624e-18f,-0.9962181081060402f,0.24407343648597984f,0f,0f,0f,1f], start_interpolation: 0, interpolation_duration: 1 }
$data merge entity $(bone_eye1) { transformation: [-0.993461656480143f,-0.07433825247895988f,0.086647338805672f,-0.11750005971561978f,-0.07405711324449855f,0.9972330841976585f,0.0064590834889402034f,0.3044519908221657f,-0.08688774989388327f,-8.6701294262624e-18f,-0.9962181081060402f,0.2496771633440763f,0f,0f,0f,1f], start_interpolation: 0, interpolation_duration: 1 }
$data merge entity $(bone_nail_head1) { transformation: [-0.3161722838110449f,-0.07433825247895988f,-0.9457848122951026f,-0.11436863354718821f,-0.023568908245463108f,0.9972330841976585f,-0.07050306621518332f,0.5553790696709959f,0.9484089800891938f,-8.6701294262624e-18f,-0.3170495331745104f,-1.3884145355237445e-17f,0f,0f,0f,1f], start_interpolation: 0, interpolation_duration: 1 }
$data merge entity $(bone_nail_left_rotation1) { transformation: [-0.14645420809876994f,-0.9284652972746411f,-0.34132588048209045f,0.0672437394184633f,-0.9859852083497854f,0.16488108825776404f,-0.02544397080577775f,0.13020339080118348f,0.0799020265424603f,0.33281589278705953f,-0.9396005787901369f,0.2639883590395212f,0f,0f,0f,1f], start_interpolation: 0, interpolation_duration: 1 }
$data merge entity $(bone_nail_right_rotation1) { transformation: [-0.3250901594338843f,0.8508003528972785f,0.4128621413366912f,-0.27425870499658583f,0.9453455182130629f,0.30403156909988144f,0.11784165725726807f,0.10474625812338711f,-0.02526340107204743f,0.4286065380982075f,-0.903137971777149f,0.23412069501349886f,0f,0f,0f,1f], start_interpolation: 0, interpolation_duration: 1 }
$data merge entity $(bone_magnet_left1) { transformation: [-0.993461656480143f,-0.10160718633550506f,-0.05205686111083198f,0.15258134369258752f,-0.07405711324449855f,0.22651882169169218f,0.9711872977944566f,0.324585076932706f,-0.08688774989388327f,0.9686925224777928f,-0.23256249872666201f,0.021721937473470808f,0f,0f,0f,1f], start_interpolation: 0, interpolation_duration: 1 }
$data merge entity $(bone_magnet_right1) { transformation: [-0.993461656480143f,0.0668993455387783f,0.092511700180105f,-0.34414948454748395f,-0.07405711324449855f,0.23908005868765764f,-0.9681716116039539f,0.2875565203104567f,-0.08688774989388327f,-0.9686925224777928f,-0.23256249872666201f,-0.02172193747347083f,0f,0f,0f,1f], start_interpolation: 0, interpolation_duration: 1 }
$data merge entity $(bone_body1) { transformation: [-0.993461656480143f,-0.07433825247895988f,0.086647338805672f,-0.09346100003748074f,-0.07405711324449855f,0.9972330841976585f,0.0064590834889402034f,0.2749072647404045f,-0.08688774989388327f,-8.6701294262624e-18f,-0.9962181081060402f,-1.1445671454101145e-17f,0f,0f,0f,1f], start_interpolation: 0, interpolation_duration: 1 }