# This file was generated by Animated Java via MC-Build. It is not recommended to edit this file directly.
$data merge entity $(bone_pupil1) { transformation: [-0.9961966150349949f,-0.04558080349565159f,0.07426098939220357f,-0.10706748481392442f,-0.045454685250176055f,0.9989606550573905f,0.003388397278453605f,0.322014534322352f,-0.07433825247896f,-5.582038510351421e-18f,-0.9972330841976585f,0.25554097782565f,0f,0f,0f,1f], start_interpolation: 0, interpolation_duration: 1 }
$data merge entity $(bone_pupil_closed1) { transformation: [-0.9961966150349949f,-0.04558080349565159f,0.07426098939220357f,-0.10623204868326214f,-0.045454685250176055f,0.9989606550573905f,0.003388397278453605f,0.3220526537917346f,-0.07433825247896f,-5.582038510351421e-18f,-0.9972330841976585f,0.24432210562842635f,0f,0f,0f,1f], start_interpolation: 0, interpolation_duration: 1 }
$data merge entity $(bone_eye1) { transformation: [-0.9961966150349949f,-0.04558080349565159f,0.07426098939220357f,-0.10664976674859328f,-0.045454685250176055f,0.9989606550573905f,0.003388397278453605f,0.3220335940570433f,-0.07433825247896f,-5.582038510351421e-18f,-0.9972330841976585f,0.24993154172703816f,0f,0f,0f,1f], start_interpolation: 0, interpolation_duration: 1 }
$data merge entity $(bone_nail_head1) { transformation: [0.8919472126764193f,-0.04558080349565159f,-0.44983614811557493f,-0.09943330715608516f,0.040697969858645086f,0.9989606550573905f,-0.020525225862192627f,0.5726229748893034f,0.45030416947675656f,-5.582038510351421e-18f,0.8928752180186482f,-1.217706813373353e-17f,0f,0f,0f,1f], start_interpolation: 0, interpolation_duration: 1 }
$data merge entity $(bone_nail_left_rotation1) { transformation: [0.8805726672939175f,-0.3154088352614432f,-0.3537075688388581f,0.07316434023435125f,-0.3429026167540594f,-0.9392323070003454f,-0.016139049229363718f,0.1425431130094556f,-0.32712317716434347f,0.13549885654804972f,-0.9352168127424124f,0.2620851581942359f,0f,0f,0f,1f], start_interpolation: 0, interpolation_duration: 1 }
$data merge entity $(bone_nail_right_rotation1) { transformation: [0.8072624700615036f,0.429593660902273f,0.4046932059508572f,-0.26927824618392826f,0.4254830536948574f,-0.8988099043487532f,0.1053799167919795f,0.1269180649547076f,0.4090128059715237f,0.08712084915316344f,-0.9083603261889702f,0.23653138390459338f,0f,0f,0f,1f], start_interpolation: 0, interpolation_duration: 1 }
$data merge entity $(bone_magnet_left1) { transformation: [-0.9961966150349949f,0.013692721113615008f,-0.08605122649516937f,0.16101104747657646f,-0.045454685250176055f,-0.9242159864923242f,0.37915522138146507f,0.33424648243749977f,-0.07433825247896f,0.38162457952878914f,0.9213232356333196f,0.018584563119739994f,0f,0f,0f,1f], start_interpolation: 0, interpolation_duration: 1 }
$data merge entity $(bone_magnet_right1) { transformation: [-0.9961966150349949f,0.07052962173648766f,-0.05116518983181968f,-0.337087260040921f,-0.045454685250176055f,-0.9216226194908538f,-0.3854161631686255f,0.31151913981241175f,-0.07433825247896f,-0.38162457952878914f,0.9213232356333196f,-0.018584563119740008f,0f,0f,0f,1f], start_interpolation: 0, interpolation_duration: 1 }
$data merge entity $(bone_body1) { transformation: [-0.9961966150349949f,-0.04558080349565159f,0.07426098939220357f,-0.08661370617293315f,-0.045454685250176055f,0.9989606550573905f,0.003388397278453605f,0.29166529065441227f,-0.07433825247896f,-5.582038510351421e-18f,-0.9972330841976585f,-1.0607119802697194e-17f,0f,0f,0f,1f], start_interpolation: 0, interpolation_duration: 1 }