# This file was generated by Animated Java via MC-Build. It is not recommended to edit this file directly.
$data merge entity $(bone_pupil1) { transformation: [-0.9972427713944392f,-0.033389222382504254f,0.06627227723739441f,-0.09796069964973171f,-0.03331573670301297f,0.9994424244691095f,0.0022140142826633886f,0.3286069932143877f,-0.06630924965247235f,-4.3058408661724004e-18f,-0.9977991197683661f,0.2556860244406438f,0f,0f,0f,1f], start_interpolation: 0, interpolation_duration: 1 }
$data merge entity $(bone_pupil_closed1) { transformation: [-0.9972427713944392f,-0.033389222382504254f,0.06627227723739441f,-0.09721513653081103f,-0.03331573670301297f,0.9994424244691095f,0.0022140142826633886f,0.32863190087506766f,-0.06630924965247235f,-4.3058408661724004e-18f,-0.9977991197683661f,0.2444607843432497f,0f,0f,0f,1f], start_interpolation: 0, interpolation_duration: 1 }
$data merge entity $(bone_eye1) { transformation: [-0.9972427713944392f,-0.033389222382504254f,0.06627227723739441f,-0.09758791809027137f,-0.03331573670301297f,0.9994424244691095f,0.0022140142826633886f,0.3286194470447277f,-0.06630924965247235f,-4.3058408661724004e-18f,-0.9977991197683661f,0.25007340439194675f,0f,0f,0f,1f], start_interpolation: 0, interpolation_duration: 1 }
$data merge entity $(bone_nail_head1) { transformation: [0.9993682676870503f,-0.033389222382504254f,0.01217478414081652f,-0.08932573420327544f,0.0333867449638689f,0.9994424244691095f,0.0004067333597056809f,0.5790349404915975f,-0.012181576289683319f,-4.3058408661724004e-18f,0.9999258018468662f,-1.1000233819555161e-17f,0f,0f,0f,1f], start_interpolation: 0, interpolation_duration: 1 }
$data merge entity $(bone_nail_left_rotation1) { transformation: [0.9263245955883227f,0.10639579523172799f,-0.3613899256552933f,0.0801150826131408f,0.10944937994445963f,-0.9939190458051989f,-0.012073260349049972f,0.14695151846152663f,-0.36047687420679775f,-0.02837014527087997f,-0.9323366119698431f,0.26084668222611024f,0f,0f,0f,1f], start_interpolation: 0, interpolation_duration: 1 }
$data merge entity $(bone_nail_right_rotation1) { transformation: [0.9171066657607624f,0.003283898522000006f,0.398628372833237f,-0.26268712005369765f,-0.039988590987723935f,-0.9941644208677941f,0.10018990403937728f,0.13549923396986593f,0.39663115889702044f,-0.10782541579377428f,-0.9116234987652008f,0.23805287765807284f,0f,0f,0f,1f], start_interpolation: 0, interpolation_duration: 1 }
$data merge entity $(bone_magnet_left1) { transformation: [-0.9972427713944392f,0.03848595749685992f,-0.0634482937287385f,0.1683322642409604f,-0.03331573670301297f,-0.9961877674629709f,-0.08062253807141585f,0.3375032685500734f,-0.06630924965247235f,-0.07828641665507036f,0.994723238080741f,0.016577312413118078f,0f,0f,0f,1f], start_interpolation: 0, interpolation_duration: 1 }
$data merge entity $(bone_magnet_right1) { transformation: [-0.9972427713944392f,0.02808663160911728f,-0.06868767011911323f,-0.33028912145625916f,-0.03331573670301297f,-0.9965351865800636f,0.07620815964037615f,0.3208454001985669f,-0.06630924965247235f,0.07828641665507036f,0.994723238080741f,-0.016577312413118096f,0f,0f,0f,1f], start_interpolation: 0, interpolation_duration: 1 }
$data merge entity $(bone_body1) { transformation: [-0.9972427713944392f,-0.033389222382504254f,0.06627227723739441f,-0.07993501540819613f,-0.03331573670301297f,0.9994424244691095f,0.0022140142826633886f,0.2979417586096605f,-0.06630924965247235f,-4.3058408661724004e-18f,-0.9977991197683661f,-9.789216075944174e-18f,0f,0f,0f,1f], start_interpolation: 0, interpolation_duration: 1 }