# This file was generated by Animated Java via MC-Build. It is not recommended to edit this file directly.
$data merge entity $(bone_pupil1) { transformation: [-0.9981872322573312f,-0.02037054202763961f,0.05663294426346615f,-0.08643683068087978f,-0.0203378350876681f,0.9997924989804136f,0.0011538832032090558f,0.3354484826281818f,-0.05664469809607526f,-2.4946719091045485e-18f,-0.9983944001133042f,0.2558385650290342f,0f,0f,0f,1f], start_interpolation: 0, interpolation_duration: 1 }
$data merge entity $(bone_pupil_closed1) { transformation: [-0.9981872322573312f,-0.02037054202763961f,0.05663294426346615f,-0.08579971005791577f,-0.0203378350876681f,0.9997924989804136f,0.0011538832032090558f,0.3354614638142179f,-0.05664469809607526f,-2.4946719091045485e-18f,-0.9983944001133042f,0.2446066280277595f,0f,0f,0f,1f], start_interpolation: 0, interpolation_duration: 1 }
$data merge entity $(bone_eye1) { transformation: [-0.9981872322573312f,-0.02037054202763961f,0.05663294426346615f,-0.08611827036939777f,-0.0203378350876681f,0.9997924989804136f,0.0011538832032090558f,0.3354549732211998f,-0.05664469809607526f,-2.4946719091045485e-18f,-0.9983944001133042f,0.25022259652839685f,0f,0f,0f,1f], start_interpolation: 0, interpolation_duration: 1 }
$data merge entity $(bone_nail_head1) { transformation: [0.8806851578613533f,-0.02037054202763961f,0.4732638732675708f,-0.07701727422027646f,0.01794375736928246f,0.9997924989804136f,0.0096426424787064f,0.5856922899441075f,-0.4733620963852043f,-2.4946719091045485e-18f,0.8808679388567872f,-9.431895835291553e-18f,0f,0f,0f,1f], start_interpolation: 0, interpolation_duration: 1 }
$data merge entity $(bone_nail_left_rotation1) { transformation: [0.7811172062296561f,0.5025603754922352f,-0.3705252745995612f,0.08930003239517813f,0.5385220894765869f,-0.8425775728091472f,-0.007549367179920137f,0.15149016624506723f,-0.3159902993412105f,-0.19363910448086072f,-0.9287917032026624f,0.259334407513589f,0f,0f,0f,1f], start_interpolation: 0, interpolation_duration: 1 }
$data merge entity $(bone_nail_right_rotation1) { transformation: [0.8151372860897466f,-0.4273487282184608f,0.39105532769201184f,-0.25382682869327944f,-0.49753194013531793f,-0.8622488413602729f,0.09480983133648954f,0.1444990354336813f,0.29667014236594347f,-0.27184554449711185f,-0.9154708223453326f,0.2398627925430631f,0f,0f,0f,1f], start_interpolation: 0, interpolation_duration: 1 }
$data merge entity $(bone_magnet_left1) { transformation: [-0.9981872322573312f,0.04695937439572745f,-0.03764394393273097f,0.17762216935096622f,-0.0203378350876681f,-0.8518603383331291f,-0.5233739928950555f,0.34082862397092106f,-0.05664469809607526f,-0.5216596410796303f,0.8512711654028202f,0.014161174524018806f,0f,0f,0f,1f], start_interpolation: 0, interpolation_duration: 1 }
$data merge entity $(bone_magnet_right1) { transformation: [-0.9981872322573312f,-0.012221889790869984f,-0.0589311018765857f,-0.32147144677769934f,-0.0203378350876681f,-0.8530661429681823f,0.5214062985669964f,0.330659706427087f,-0.05664469809607526f,0.5216596410796303f,0.8512711654028202f,-0.014161174524018823f,0f,0f,0f,1f], start_interpolation: 0, interpolation_duration: 1 }
$data merge entity $(bone_body1) { transformation: [-0.9981872322573312f,-0.02037054202763961f,0.05663294426346615f,-0.07128805927500283f,-0.0203378350876681f,0.9997924989804136f,0.0011538832032090558f,0.30450064960586615f,-0.05664469809607526f,-2.4946719091045485e-18f,-0.9983944001133042f,-8.7302693608559e-18f,0f,0f,0f,1f], start_interpolation: 0, interpolation_duration: 1 }