# This file was generated by Animated Java via MC-Build. It is not recommended to edit this file directly.
$data merge entity $(bone_pupil1) { transformation: [-0.9989372398487515f,0.006846794247134615f,-0.04557973510119727f,0.07277952397085949f,0.006839678066160768f,0.999976560429562f,0.00031208238315380045f,0.46287473414547353f,0.045580803495651426f,8.655955202295294e-19f,-0.9989606550573905f,0.2559836678584563f,0f,0f,0f,1f], start_interpolation: 0, interpolation_duration: 1 }
$data merge entity $(bone_pupil_closed1) { transformation: [-0.9989372398487515f,0.006846794247134615f,-0.04557973510119727f,0.07226675195097101f,0.006839678066160768f,0.999976560429562f,0.00031208238315380045f,0.46287824507228403f,0.045580803495651426f,8.655955202295294e-19f,-0.9989606550573905f,0.24474536048906068f,0f,0f,0f,1f], start_interpolation: 0, interpolation_duration: 1 }
$data merge entity $(bone_eye1) { transformation: [-0.9989372398487515f,0.006846794247134615f,-0.04557973510119727f,0.07252313796091525f,0.006839678066160768f,0.999976560429562f,0.00031208238315380045f,0.4628764896088788f,0.045580803495651426f,8.655955202295294e-19f,-0.9989606550573905f,0.2503645141737585f,0f,0f,0f,1f], start_interpolation: 0, interpolation_duration: 1 }
$data merge entity $(bone_nail_head1) { transformation: [-0.483080161234384f,0.006846794247134615f,-0.875549358534571f,0.06281141541296134f,0.003307627998223889f,0.999976560429562f,0.005994846827731388f,0.7129488453635472f,0.8755698815164823f,8.655955202295294e-19f,-0.48309148469126745f,7.699803180065071e-18f,0f,0f,0f,1f], start_interpolation: 0, interpolation_duration: 1 }
$data merge entity $(bone_nail_left_rotation1) { transformation: [-0.46881430524489504f,-0.7519314665333265f,-0.4634783887462143f,0.24290321480414345f,-0.8494502000137635f,0.5276592528614741f,0.0031734155492360973f,0.274205509912204f,0.24217246931541053f,0.3951895526284971f,-0.8861025406796692f,0.24190596316353255f,0f,0f,0f,1f], start_interpolation: 0, interpolation_duration: 1 }
$data merge entity $(bone_nail_right_rotation1) { transformation: [-0.5210598102655732f,0.7998166783831719f,0.29797643380998207f,-0.1004814613938649f,0.8490141037498282f,0.5215231478750724f,0.0847859532254688f,0.2765566492474468f,-0.08758838827082453f,0.29716474759060046f,-0.9508003928425429f,0.25757436436516273f,0f,0f,0f,1f], start_interpolation: 0, interpolation_duration: 1 }
$data merge entity $(bone_magnet_left1) { transformation: [-0.9989372398487515f,0.042440552994934065f,-0.017977494398333245f,0.3108340268133656f,0.006839678066160768f,0.5222202235995738f,0.8527832414321721f,0.4612447857396165f,0.045580803495651426f,0.8517539771114047f,-0.5219555084751912f,-0.01139520087391285f,0f,0f,0f,1f], start_interpolation: 0, interpolation_duration: 1 }
$data merge entity $(bone_magnet_right1) { transformation: [-0.9989372398487515f,-0.03528567266086755f,-0.029653197942684263f,-0.1886345931110102f,0.006839678066160768f,0.5227524115485024f,-0.8524571162376302f,0.46466462477269693f,0.045580803495651426f,-0.8517539771114047f,-0.5219555084751912f,0.011395200873912863f,0f,0f,0f,1f], start_interpolation: 0, interpolation_duration: 1 }
$data merge entity $(bone_body1) { transformation: [-0.9989372398487515f,0.006846794247134615f,-0.04557973510119727f,0.060885754530954725f,0.006839678066160768f,0.999976560429562f,0.00031208238315380045f,0.4317054377427329f,0.045580803495651426f,8.655955202295294e-19f,-0.9989606550573905f,7.456354440000517e-18f,0f,0f,0f,1f], start_interpolation: 0, interpolation_duration: 1 }