# This file was generated by Animated Java via MC-Build. It is not recommended to edit this file directly.
$data merge entity $(bone_pupil1) { transformation: [-0.9985916968022414f,-0.013651058374887146f,0.05126667224294914f,-0.07985494107270988f,-0.013633103878871178f,0.9999068199613629f,0.0006999095530739013f,0.3389411645165902f,-0.051271449718614893f,-1.6717724943779212e-18f,-0.9986847542862319f,0.25591296828584686f,0f,0f,0f,1f], start_interpolation: 0, interpolation_duration: 1 }
$data merge entity $(bone_pupil_closed1) { transformation: [-0.9985916968022414f,-0.013651058374887146f,0.05126667224294914f,-0.07927819100997671f,-0.013633103878871178f,0.9999068199613629f,0.0006999095530739013f,0.3389490384990622f,-0.051271449718614893f,-1.6717724943779212e-18f,-0.9986847542862319f,0.2446777648001268f,0f,0f,0f,1f], start_interpolation: 0, interpolation_duration: 1 }
$data merge entity $(bone_eye1) { transformation: [-0.9985916968022414f,-0.013651058374887146f,0.05126667224294914f,-0.0795665660413433f,-0.013633103878871178f,0.9999068199613629f,0.0006999095530739013f,0.3389451015078262f,-0.051271449718614893f,-1.6717724943779212e-18f,-0.9986847542862319f,0.25029536654298684f,0f,0f,0f,1f], start_interpolation: 0, interpolation_duration: 1 }
$data merge entity $(bone_nail_head1) { transformation: [0.7423619720373095f,-0.013651058374887146f,0.6698599488535815f,-0.07013062090417596f,0.010134970992566321f,0.9999068199613629f,0.00914514941017454f,0.589097221329906f,-0.6699223722461112f,-1.6717724943779212e-18f,0.7424311518007195f,-8.588524041251554e-18f,0f,0f,0f,1f], start_interpolation: 0, interpolation_duration: 1 }
$data merge entity $(bone_nail_left_rotation1) { transformation: [0.6456214455216782f,0.6649269574161784f,-0.37555970282201834f,0.09465799696198512f,0.7159869129156456f,-0.6980948729830666f,-0.005127265185246707f,0.15380619993772232f,-0.2655855598785871f,-0.26558555987858223f,-0.9267840205614021f,0.2584834689919449f,0f,0f,0f,1f], start_interpolation: 0, interpolation_duration: 1 }
$data merge entity $(bone_nail_right_rotation1) { transformation: [0.6894336410439622f,-0.6124573258120865f,0.38675221868267706f,-0.24860789881378537f,-0.6896974802299302f,-0.7182149457021181f,0.09211230935433681f,0.14911982047936034f,0.22135636507981984f,-0.3302473555219056f,-0.9175718194285598f,0.24085890815117106f,0f,0f,0f,1f], start_interpolation: 0, interpolation_duration: 1 }
$data merge entity $(bone_magnet_left1) { transformation: [-0.9985916968022414f,0.04590376753911336f,-0.026598255644601804f,0.18293006789010618f,-0.013633103878871178f,-0.7065459821581668f,-0.7075358037405454f,0.3425287923092831f,-0.051271449718614893f,-0.7061767620234092f,0.7061767620234222f,0.012817862429653715f,0f,0f,0f,1f], start_interpolation: 0, interpolation_duration: 1 }
$data merge entity $(bone_magnet_right1) { transformation: [-0.9985916968022414f,-0.026598255644600957f,-0.04590376753911385f,-0.3163657805110145f,-0.013633103878871178f,-0.7075358037405584f,0.7065459821581538f,0.33571224036984754f,-0.051271449718614893f,0.7061767620234092f,0.7061767620234222f,-0.012817862429653732f,0f,0f,0f,1f], start_interpolation: 0, interpolation_duration: 1 }
$data merge entity $(bone_body1) { transformation: [-0.9985916968022414f,-0.013651058374887146f,0.05126667224294914f,-0.06629126073623895f,-0.013633103878871178f,0.9999068199613629f,0.0006999095530739013f,0.30787342821577274f,-0.051271449718614893f,-1.6717724943779212e-18f,-0.9986847542862319f,-8.118338027207764e-18f,0f,0f,0f,1f], start_interpolation: 0, interpolation_duration: 1 }