# This file was generated by Animated Java via MC-Build. It is not recommended to edit this file directly.
$data merge entity $(bone_pupil1) { transformation: [-0.9995432711842243f,0.013651058374886667f,0.02696103921561029f,-0.04904378007536745f,0.013646095086828458f,0.9999068199613629f,-0.00036808101798338033f,0.35320590602315965f,-0.02696355168039766f,1.6717724943778626e-18f,-0.9996364173442155f,0.2561568319444552f,0f,0f,0f,1f], start_interpolation: 0, interpolation_duration: 1 }
$data merge entity $(bone_pupil_closed1) { transformation: [-0.9995432711842243f,0.013651058374886667f,0.02696103921561029f,-0.04874046838419183f,0.013646095086828458f,0.9999068199613629f,-0.00036808101798338033f,0.35320176511170737f,-0.02696355168039766f,1.6717724943778626e-18f,-0.9996364173442155f,0.2449109222493328f,0f,0f,0f,1f], start_interpolation: 0, interpolation_duration: 1 }
$data merge entity $(bone_eye1) { transformation: [-0.9995432711842243f,0.013651058374886667f,0.02696103921561029f,-0.04889212422977964f,0.013646095086828458f,0.9999068199613629f,-0.00036808101798338033f,0.3532038355674335f,-0.02696355168039766f,1.6717724943778626e-18f,-0.9996364173442155f,0.250533877096894f,0f,0f,0f,1f], start_interpolation: 0, interpolation_duration: 1 }
$data merge entity $(bone_nail_head1) { transformation: [-0.12973391282867616f,0.013651058374886667f,0.9914548706156054f,-0.03872224918264565f,0.0017711702549395064f,0.9999068199613629f,-0.013535669569052762f,0.6030882902526422f,-0.9915472630278849f,1.6717724943778626e-18f,-0.12974600256620827f,-4.7421078517313206e-18f,0f,0f,0f,1f], start_interpolation: 0, interpolation_duration: 1 }
$data merge entity $(bone_nail_left_rotation1) { transformation: [-0.130012478526361f,0.908130235307915f,-0.39799024001478134f,0.1203616527092274f,0.989555355335209f,0.14405094885901953f,0.005433494292285027f,0.1633756541809931f,0.06226519216095519f,-0.39312695131777325f,-0.9173735585860062f,0.2545434647811222f,0f,0f,0f,1f], start_interpolation: 0, interpolation_duration: 1 }
$data merge entity $(bone_nail_right_rotation1) { transformation: [-0.12044836156754549f,-0.9225130913473344f,0.3666903168730782f,-0.22323134676034972f,-0.983565587837544f,0.1609448037708205f,0.08182606284649536f,0.1680664993670904f,-0.13450251528309928f,-0.3508081618662211f,-0.9267376688958763f,0.24527474389098552f,0f,0f,0f,1f], start_interpolation: 0, interpolation_duration: 1 }
$data merge entity $(bone_magnet_left1) { transformation: [-0.9995432711842243f,0.02876460009769488f,-0.0092653554470366f,0.20775080401968873f,0.013646095086828458f,0.15605633914087386f,-0.9876538883145399f,0.34970006149059435f,-0.02696355168039766f,-0.9873292342451774f,-0.1563775881819715f,0.006740887920099411f,0f,0f,0f,1f], start_interpolation: 0, interpolation_duration: 1 }
$data merge entity $(bone_magnet_right1) { transformation: [-0.9995432711842243f,-0.02449360806947827f,0.01770062694028176f,-0.29202083157242337f,0.013646095086828458f,0.156783437800587f,0.9875387272002606f,0.3565231090340086f,-0.02696355168039766f,0.9873292342451774f,-0.1563775881819715f,-0.0067408879200994195f,0f,0f,0f,1f], start_interpolation: 0, interpolation_duration: 1 }
$data merge entity $(bone_body1) { transformation: [-0.9995432711842243f,0.013651058374886667f,0.02696103921561029f,-0.04256160935058252f,0.013646095086828458f,0.9999068199613629f,-0.00036808101798338033f,0.32186449713850884f,-0.02696355168039766f,1.6717724943778626e-18f,-0.9996364173442155f,-5.2122938657750946e-18f,0f,0f,0f,1f], start_interpolation: 0, interpolation_duration: 1 }