# This file was generated by Animated Java via MC-Build. It is not recommended to edit this file directly.
$data merge entity $(bone_pupil1) { transformation: [-0.9992153039408513f,0.03960778168986462f,2.0789406644403875e-16f,-0.0134279879197136f,0.03960778168986462f,0.9992153039408513f,-3.3863257280054706e-18f,0.36761993802366605f,-2.0786505763954532e-16f,4.850554306781985e-18f,-1f,0.25625f,0f,0f,0f,1f], start_interpolation: 0, interpolation_duration: 1 }
$data merge entity $(bone_pupil_closed1) { transformation: [-0.9992153039408513f,0.03960778168986462f,2.0789406644403875e-16f,-0.013427987919713596f,0.03960778168986462f,0.9992153039408513f,-3.3863257280054706e-18f,0.36761993802366605f,-2.0786505763954532e-16f,4.850554306781985e-18f,-1f,0.245f,0f,0f,0f,1f], start_interpolation: 0, interpolation_duration: 1 }
$data merge entity $(bone_eye1) { transformation: [-0.9992153039408513f,0.03960778168986462f,2.0789406644403875e-16f,-0.013427987919713598f,0.03960778168986462f,0.9992153039408513f,-3.3863257280054706e-18f,0.36761993802366605f,-2.0786505763954532e-16f,4.850554306781985e-18f,-1f,0.250625f,0f,0f,0f,1f], start_interpolation: 0, interpolation_duration: 1 }
$data merge entity $(bone_nail_head1) { transformation: [-0.8903073548801557f,0.03960778168986462f,0.4536342551835217f,-0.003526042497247391f,0.03529079189429773f,0.9992153039408513f,-0.017981556602956958f,0.6174237640088789f,-0.45399049973955824f,4.850554306781985e-18f,-0.891006524188362f,-4.3181566579115574e-19f,0f,0f,0f,1f], start_interpolation: 0, interpolation_duration: 1 }
$data merge entity $(bone_nail_left_rotation1) { transformation: [-0.7889109319809304f,0.44642304983369413f,-0.4222866348561871f,0.1508856833782706f,0.48561857468801345f,0.8740105301078556f,0.016738971849175683f,0.17345948105681094f,0.37655562845210794f,-0.19186467584672343f,-0.90630778703665f,0.25000000000000006f,0f,0f,0f,1f], start_interpolation: 0, interpolation_duration: 1 }
$data merge entity $(bone_nail_right_rotation1) { transformation: [-0.8379626402775158f,-0.4239865650235629f,0.3435898807861705f,-0.19259457735139704f,-0.4261757479384907f,0.9016680801314453f,0.07327281311060325f,0.18707465601270193f,-0.3408707165014368f,-0.08502979449342103f,-0.936256956545693f,0.24999999999999997f,0f,0f,0f,1f], start_interpolation: 0, interpolation_duration: 1 }
$data merge entity $(bone_magnet_left1) { transformation: [-0.9992153039408513f,0.035290791894297825f,-0.01798155660295677f,0.23637583806549928f,0.03960778168986462f,0.8903073548801558f,-0.4536342551835215f,0.3577179926011999f,-2.0786505763954532e-16f,-0.4539904997395581f,-0.8910065241883621f,5.032181016739968e-17f,0f,0f,0f,1f], start_interpolation: 0, interpolation_duration: 1 }
$data merge entity $(bone_magnet_right1) { transformation: [-0.9992153039408513f,0.03529079189429763f,0.01798155660295714f,-0.26323181390492634f,0.03960778168986462f,0.8903073548801558f,0.4536342551835215f,0.3775218834461322f,-2.0786505763954532e-16f,0.4539904997395581f,-0.8910065241883621f,-5.361071865237297e-17f,0f,0f,0f,1f], start_interpolation: 0, interpolation_duration: 1 }
$data merge entity $(bone_body1) { transformation: [-0.9992153039408513f,0.03960778168986462f,2.0789406644403875e-16f,-0.014665731097521815f,0.03960778168986462f,0.9992153039408513f,-3.3863257280054706e-18f,0.33639445977551446f,-2.0786505763954532e-16f,4.850554306781985e-18f,-1f,-1.796034064573589e-18f,0f,0f,0f,1f], start_interpolation: 0, interpolation_duration: 1 }