# This file was generated by Animated Java via MC-Build. It is not recommended to edit this file directly.
$data merge entity $(bone_pupil1) { transformation: [-0.9977338544974275f,0.06166755464178197f,-0.026912233170233054f,0.02348910192994987f,0.06164513338848957f,0.9980967451627637f,0.0016627762965874533f,0.3818699770848214f,0.02696355168039784f,7.443677123081729e-18f,-0.9996364173442155f,0.2561568319444552f,0f,0f,0f,1f], start_interpolation: 0, interpolation_duration: 1 }
$data merge entity $(bone_pupil_closed1) { transformation: [-0.9977338544974275f,0.06166755464178197f,-0.026912233170233054f,0.023186339306784747f,0.06164513338848957f,0.9980967451627637f,0.0016627762965874533f,0.38188868331815806f,0.02696355168039784f,7.443677123081729e-18f,-0.9996364173442155f,0.2449109222493328f,0f,0f,0f,1f], start_interpolation: 0, interpolation_duration: 1 }
$data merge entity $(bone_eye1) { transformation: [-0.9977338544974275f,0.06166755464178197f,-0.026912233170233054f,0.023337720618367308f,0.06164513338848957f,0.9980967451627637f,0.0016627762965874533f,0.38187933020148973f,0.02696355168039784f,7.443677123081729e-18f,-0.9996364173442155f,0.250533877096894f,0f,0f,0f,1f], start_interpolation: 0, interpolation_duration: 1 }
$data merge entity $(bone_nail_head1) { transformation: [-0.8767694755747578f,0.06166755464178197f,-0.47694066654550116f,0.03200973084052314f,0.054171331391763805f,0.9980967451627637f,0.029467849442076196f,0.6318202498015129f,0.47785013713046876f,7.443677123081729e-18f,-0.8784413733678488f,3.889568255440343e-18f,0f,0f,0f,1f], start_interpolation: 0, interpolation_duration: 1 }
$data merge entity $(bone_nail_left_rotation1) { transformation: [-0.8235587104917622f,-0.35041300756313737f,-0.446051313756279f,0.18324374021904716f,-0.4039725105944734f,0.9143558897495836f,0.02755934622311419f,0.1841419724175103f,0.39819249246707794f,0.20288920870959112f,-0.8945829799029558f,0.2452747438909855f,0f,0f,0f,1f], start_interpolation: 0, interpolation_duration: 1 }
$data merge entity $(bone_nail_right_rotation1) { transformation: [-0.8317053518860601f,0.45386289764722704f,0.3198041240874601f,-0.15972727226444355f,0.4977312262586967f,0.8647217339455588f,0.06723056781851797f,0.20533248701980356f,-0.2460281163832682f,0.21509252190964007f,-0.9450954306139947f,0.2545434647811223f,0f,0f,0f,1f], start_interpolation: 0, interpolation_duration: 1 }
$data merge entity $(bone_magnet_left1) { transformation: [-0.9977338544974275f,0.06716409170263174f,0.004017508614381653f,0.26602630580443454f,0.06164513338848957f,0.8885558270693578f,0.4546079846533768f,0.3668847801636996f,0.02696355168039784f,0.45382543666794395f,-0.8906825696699855f,-0.0067408879200994585f,0f,0f,0f,1f], start_interpolation: 0, interpolation_duration: 1 }
$data merge entity $(bone_magnet_right1) { transformation: [-0.9977338544974275f,0.04272829533050947f,-0.05197545928469434f,-0.23284062144427925f,0.06164513338848957f,0.8900655963530434f,-0.45164489559632637f,0.39770734685794434f,0.02696355168039784f,-0.45382543666794395f,-0.8906825696699855f,0.006740887920099462f,0f,0f,0f,1f], start_interpolation: 0, interpolation_duration: 1 }
$data merge entity $(bone_body1) { transformation: [-0.9977338544974275f,0.06166755464178197f,-0.026912233170233054f,0.014665731097521964f,0.06164513338848957f,0.9980967451627637f,0.0016627762965874533f,0.3511055402244856f,0.02696355168039784f,7.443677123081729e-18f,-0.9996364173442155f,1.796034064573607e-18f,0f,0f,0f,1f], start_interpolation: 0, interpolation_duration: 1 }