# This file was generated by Animated Java via MC-Build. It is not recommended to edit this file directly.
$data merge entity $(bone_pupil1) { transformation: [-0.9972427713944392f,0.06630924965247212f,-0.03331573670301297f,0.03249482444327766f,0.06627227723739418f,0.9977991197683661f,0.002214014282663393f,0.38538301234450106f,0.033389222382504254f,8.120541034076273e-18f,-0.9994424244691095f,0.2561071212702093f,0f,0f,0f,1f], start_interpolation: 0, interpolation_duration: 1 }
$data merge entity $(bone_pupil_closed1) { transformation: [-0.9972427713944392f,0.06630924965247212f,-0.03331573670301297f,0.03212002240536877f,0.06627227723739418f,0.9977991197683661f,0.002214014282663393f,0.38540792000518104f,0.033389222382504254f,8.120541034076273e-18f,-0.9994424244691095f,0.24486339399493184f,0f,0f,0f,1f], start_interpolation: 0, interpolation_duration: 1 }
$data merge entity $(bone_eye1) { transformation: [-0.9972427713944392f,0.06630924965247212f,-0.03331573670301297f,0.03230742342432322f,0.06627227723739418f,0.9977991197683661f,0.002214014282663393f,0.38539546617484105f,0.033389222382504254f,8.120541034076273e-18f,-0.9994424244691095f,0.25048525763257057f,0f,0f,0f,1f], start_interpolation: 0, interpolation_duration: 1 }
$data merge entity $(bone_nail_head1) { transformation: [-0.7366725123393871f,0.06630924965247212f,-0.6729908565308311f,0.040534979326248624f,0.04895594771036289f,0.9977991197683661f,0.0447239507786833f,0.6354001334465251f,0.6744752958762505f,8.120541034076273e-18f,-0.738297416528491f,4.9641032685394515e-18f,0f,0f,0f,1f], start_interpolation: 0, interpolation_duration: 1 }
$data merge entity $(bone_nail_left_rotation1) { transformation: [-0.7196196905764398f,-0.5274108464100519f,-0.451647318184999f,0.19125471811246458f,-0.6030578647459647f,0.7971325764134782f,0.030014452992653446f,0.18691896732702193f,0.3441928423176561f,0.29396845869828114f,-0.8916915568669751f,0.24412183352028444f,0f,0f,0f,1f], start_interpolation: 0, interpolation_duration: 1 }
$data merge entity $(bone_nail_right_rotation1) { transformation: [-0.7007725733240531f,0.6405417757220071f,0.31404463700512814f,-0.1515474845543739f,0.6891850365484092f,0.7215599327685618f,0.06614566365829874f,0.2097000626273762f,-0.18423296630775038f,0.26278793156826447f,-0.9471012180055098f,0.2555993787142703f,0f,0f,0f,1f], start_interpolation: 0, interpolation_duration: 1 }
$data merge entity $(bone_magnet_left1) { transformation: [-0.9972427713944392f,0.07205878919065567f,0.01773092783570578f,0.2732683597617404f,0.06627227723739418f,0.7572945158874762f,0.6497022406275996f,0.369382284195085f,0.033389222382504254f,0.6490859319898482f,-0.7599819818400708f,-0.00834730559562606f,0f,0f,0f,1f], start_interpolation: 0, interpolation_duration: 1 }
$data merge entity $(bone_magnet_right1) { transformation: [-0.9972427713944392f,0.028785108829747708f,-0.06839789771036783f,-0.22535302593547923f,0.06627227723739418f,0.7601702903971779f,-0.6463351412906777f,0.4025184228137821f,0.033389222382504254f,-0.6490859319898482f,-0.7599819818400708f,0.008347305595626065f,0f,0f,0f,1f], start_interpolation: 0, interpolation_duration: 1 }
$data merge entity $(bone_body1) { transformation: [-0.9972427713944392f,0.06630924965247212f,-0.03331573670301297f,0.021885502861490838f,0.06627227723739418f,0.9977991197683661f,0.002214014282663393f,0.3547691310116721f,0.033389222382504254f,8.120541034076273e-18f,-0.9994424244691095f,2.6802011027054995e-18f,0f,0f,0f,1f], start_interpolation: 0, interpolation_duration: 1 }