# This file was generated by Animated Java via MC-Build. It is not recommended to edit this file directly.
$data merge entity $(bone_pupil1) { transformation: [-0.9938058619042911f,0.08608538608278576f,-0.07027954999604574f,0.0869905637378126f,0.08587093459124337f,0.9962877627989705f,0.006072585071342305f,0.4092044644471635f,0.07054141646646586f,1.054241925196477e-17f,-0.9975088513707057f,0.2556116431637433f,0f,0f,0f,1f], start_interpolation: 0, interpolation_duration: 1 }
$data merge entity $(bone_pupil_closed1) { transformation: [-0.9938058619042911f,0.08608538608278576f,-0.07027954999604574f,0.08619991880035709f,0.08587093459124337f,0.9962877627989705f,0.006072585071342305f,0.40927278102921616f,0.07054141646646586f,1.054241925196477e-17f,-0.9975088513707057f,0.2443896685858229f,0f,0f,0f,1f], start_interpolation: 0, interpolation_duration: 1 }
$data merge entity $(bone_eye1) { transformation: [-0.9938058619042911f,0.08608538608278576f,-0.07027954999604574f,0.08659524126908484f,0.08587093459124337f,0.9962877627989705f,0.006072585071342305f,0.40923862273818984f,0.07054141646646586f,1.054241925196477e-17f,-0.9975088513707057f,0.2500006558747831f,0f,0f,0f,1f], start_interpolation: 0, interpolation_duration: 1 }
$data merge entity $(bone_nail_head1) { transformation: [0.7524220105164016f,0.08608538608278576f,-0.6530317177545312f,0.09050277557202233f,-0.06501388623957237f,0.9962877627989705f,0.056425954073017044f,0.6598325050714375f,0.6554649591598958f,1.054241925196477e-17f,0.755225587035765f,1.108339344182284e-17f,0f,0f,0f,1f], start_interpolation: 0, interpolation_duration: 1 }
$data merge entity $(bone_nail_left_rotation1) { transformation: [0.5550131924851475f,-0.6767563130055608f,-0.4836954092965569f,0.24122068917461498f,-0.7576980610721387f,-0.6512656051045134f,0.041794256248600614f,0.20767939569618246f,-0.34329871018540997f,0.3432987101854176f,-0.8742379488274702f,0.23725290688750258f,0f,0f,0f,1f], start_interpolation: 0, interpolation_duration: 1 }
$data merge entity $(bone_nail_right_rotation1) { transformation: [0.7164041407521418f,0.6390414914699866f,0.27998406971290424f,-0.10040007585498505f,0.6505303275332531f,-0.7568665146194721f,0.06295531754546783f,0.23719752946192238f,0.25214162701280357f,0.13703667840248976f,-0.9579381758233402f,0.2615015187978502f,0f,0f,0f,1f], start_interpolation: 0, interpolation_duration: 1 }
$data merge entity $(bone_magnet_left1) { transformation: [-0.9938058619042911f,-0.011176413879255685f,0.11056670664114293f,0.31743289452739865f,0.08587093459124337f,-0.7087757991715972f,0.7001878670050561f,0.38929283072388415f,0.07054141646646586f,0.7053452730978377f,0.7053452730978221f,-0.01763535411661646f,0f,0f,0f,1f], start_interpolation: 0, interpolation_duration: 1 }
$data merge entity $(bone_magnet_right1) { transformation: [-0.9938058619042911f,-0.11056670664114268f,-0.011176413879258142f,-0.17947003642474693f,0.08587093459124337f,-0.7001878670050404f,-0.7087757991716126f,0.43222829801950585f,0.07054141646646586f,-0.7053452730978377f,0.7053452730978221f,0.017635354116616472f,0f,0f,0f,1f], start_interpolation: 0, interpolation_duration: 1 }
$data merge entity $(bone_body1) { transformation: [-0.9938058619042911f,0.08608538608278576f,-0.07027954999604574f,0.06629126073623882f,0.08587093459124337f,0.9962877627989705f,0.006072585071342305f,0.37962657178422715f,0.07054141646646586f,1.054241925196477e-17f,-0.9975088513707057f,8.118338027207749e-18f,0f,0f,0f,1f], start_interpolation: 0, interpolation_duration: 1 }