# This file was generated by Animated Java via MC-Build. It is not recommended to edit this file directly.
$data merge entity $(bone_pupil1) { transformation: [-0.993461656480143f,0.08688774989388315f,-0.07405711324449865f,0.09298043672808955f,0.08664733880567188f,0.9962181081060402f,0.006459083488940223f,0.4124760261284067f,0.07433825247895998f,1.0640680479265978e-17f,-0.9972330841976585f,0.25554097782565f,0f,0f,0f,1f], start_interpolation: 0, interpolation_duration: 1 }
$data merge entity $(bone_pupil_closed1) { transformation: [-0.993461656480143f,0.08688774989388315f,-0.07405711324449865f,0.09214729420408894f,0.08664733880567188f,0.9962181081060402f,0.006459083488940223f,0.4125486908176573f,0.07433825247895998f,1.0640680479265978e-17f,-0.9972330841976585f,0.24432210562842635f,0f,0f,0f,1f], start_interpolation: 0, interpolation_duration: 1 }
$data merge entity $(bone_eye1) { transformation: [-0.993461656480143f,0.08688774989388315f,-0.07405711324449865f,0.09256386546608925f,0.08664733880567188f,0.9962181081060402f,0.006459083488940223f,0.412512358473032f,0.07433825247895998f,1.0640680479265978e-17f,-0.9972330841976585f,0.24993154172703816f,0f,0f,0f,1f], start_interpolation: 0, interpolation_duration: 1 }
$data merge entity $(bone_nail_head1) { transformation: [0.8857600454379723f,0.08688774989388315f,-0.4559382204028302f,0.09572523893265755f,-0.07725386305246432f,0.9962181081060402f,0.03976583615483378f,0.6631856932989577f,0.4576690753690846f,1.0640680479265978e-17f,0.8891226110333758f,1.1722960745649468e-17f,0f,0f,0f,1f], start_interpolation: 0, interpolation_duration: 1 }
$data merge entity $(bone_nail_left_rotation1) { transformation: [0.695617325257608f,-0.5281792047336769f,-0.48697357678661807f,0.24697734887273293f,-0.5851521711475851f,-0.8098104773941401f,0.04247266537365688f,0.21083298877310522f,-0.4167894833158807f,0.25540892386441016f,-0.8723834066554138f,0.23653138390459338f,0f,0f,0f,1f], start_interpolation: 0, interpolation_duration: 1 }
$data merge entity $(bone_nail_right_rotation1) { transformation: [0.8472033173711021f,0.4537066175046474f,0.27639979064371906f,-0.0945250955423162f,0.4550966401742684f,-0.888207264874728f,0.06304682962566593f,0.24061801148755493f,0.2741050658734579f,0.07237513285823288f,-0.958972498566179f,0.2620851581942359f,0f,0f,0f,1f], start_interpolation: 0, interpolation_duration: 1 }
$data merge entity $(bone_magnet_left1) { transformation: [-0.993461656480143f,-0.035389249972620114f,0.10854279381933146f,0.32236871557922253f,0.08664733880567188f,-0.8527904332804058f,0.5150152576218624f,0.3924693315710297f,0.07433825247895998f,0.5210528551805408f,0.850280980809627f,-0.018584563119739984f,0f,0f,0f,1f], start_interpolation: 0, interpolation_duration: 1 }
$data merge entity $(bone_magnet_right1) { transformation: [-0.993461656480143f,-0.11277872072713496f,0.017745344597425987f,-0.17436211266084894f,0.08664733880567188f,-0.8460407095757022f,-0.5260298056370359f,0.43579300097386564f,0.07433825247895998f,-0.5210528551805408f,0.850280980809627f,0.018584563119740004f,0f,0f,0f,1f], start_interpolation: 0, interpolation_duration: 1 }
$data merge entity $(bone_body1) { transformation: [-0.993461656480143f,0.08688774989388315f,-0.07405711324449865f,0.07128805927500292f,0.08664733880567188f,0.9962181081060402f,0.006459083488940223f,0.3829993503941339f,0.07433825247895998f,1.0640680479265978e-17f,-0.9972330841976585f,8.730269360855912e-18f,0f,0f,0f,1f], start_interpolation: 0, interpolation_duration: 1 }