# This file was generated by Animated Java via MC-Build. It is not recommended to edit this file directly.
$data merge entity $(bone_pupil1) { transformation: [-0.9931847990746521f,0.08715574274765817f,-0.07738107903839918f,0.09839786168710565f,0.08689241070530468f,0.9961946980917455f,0.006769967187263449f,0.41570788957421345f,0.0776766621892548f,1.0673500138322972e-17f,-0.9969786036576394f,0.25547576718727005f,0f,0f,0f,1f], start_interpolation: 0, interpolation_duration: 1 }
$data merge entity $(bone_pupil_closed1) { transformation: [-0.9931847990746521f,0.08715574274765817f,-0.07738107903839918f,0.09752732454792368f,0.08689241070530468f,0.9961946980917455f,0.006769967187263449f,0.41578405170507016f,0.0776766621892548f,1.0673500138322972e-17f,-0.9969786036576394f,0.24425975789612164f,0f,0f,0f,1f], start_interpolation: 0, interpolation_duration: 1 }
$data merge entity $(bone_eye1) { transformation: [-0.9931847990746521f,0.08715574274765817f,-0.07738107903839918f,0.09796259311751467f,0.08689241070530468f,0.9961946980917455f,0.006769967187263449f,0.4157459706396418f,0.0776766621892548f,1.0673500138322972e-17f,-0.9969786036576394f,0.24986776254169585f,0f,0f,0f,1f], start_interpolation: 0, interpolation_duration: 1 }
$data merge entity $(bone_nail_head1) { transformation: [0.9684869435111767f,0.08715574274765817f,-0.23331720201151648f,0.10035789587043042f,-0.08473162833009992f,0.9961946980917455f,0.02041261018159559f,0.6664913681888861f,0.2342084358192688f,1.0673500138322972e-17f,0.9721864062982425f,1.2290297594688599e-17f,0f,0f,0f,1f], start_interpolation: 0, interpolation_duration: 1 }
$data merge entity $(bone_nail_left_rotation1) { transformation: [0.7980408838770512f,-0.3509401726953636f,-0.48986910787401494f,0.2522761655188856f,-0.38001691946104477f,-0.9239861109952683f,0.04285799355053428f,0.21402906288695733f,-0.4676728435392339f,0.1519561182591481f,-0.870741896051602f,0.23589397460063166f,0f,0f,0f,1f], start_interpolation: 0, interpolation_duration: 1 }
$data merge entity $(bone_nail_right_rotation1) { transformation: [0.930714231459418f,0.24315353226118644f,0.2732167255272143f,-0.08913110916302606f,0.23484203943448473f,-0.9699733737088345f,0.06325243718746168f,0.24389832906690584f,0.2803930025395729f,0.005292829565559362f,-0.9598706944594323f,0.262595327228188f,0f,0f,0f,1f], start_interpolation: 0, interpolation_duration: 1 }
$data merge entity $(bone_magnet_left1) { transformation: [-0.9931847990746521f,-0.058977968606767885f,0.10052638512381738f,0.3268651599521789f,0.08689241070530468f,-0.9495294940310626f,0.30140247000801934f,0.39571959098962356f,0.0776766621892548f,0.30808333155841694f,0.9481829976154408f,-0.01941916554731369f,0f,0f,0f,1f], start_interpolation: 0, interpolation_duration: 1 }
$data merge entity $(bone_magnet_right1) { transformation: [-0.9931847990746521f,-0.1068021055386408f,0.04666117379102226f,-0.16972723958514713f,0.08689241070530468f,-0.9453454242066122f,-0.3142797128251219f,0.43916579634227587f,0.0776766621892548f,-0.30808333155841694f,0.9481829976154408f,0.01941916554731371f,0f,0f,0f,1f], start_interpolation: 0, interpolation_duration: 1 }
$data merge entity $(bone_body1) { transformation: [-0.9931847990746521f,0.08715574274765817f,-0.07738107903839918f,0.07584534322265156f,0.08689241070530468f,0.9961946980917455f,0.006769967187263449f,0.3863116093505827f,0.0776766621892548f,1.0673500138322972e-17f,-0.9969786036576394f,9.288375680785264e-18f,0f,0f,0f,1f], start_interpolation: 0, interpolation_duration: 1 }