# This file was generated by Animated Java via MC-Build. It is not recommended to edit this file directly.
$data merge entity $(bone_pupil1) { transformation: [-0.9938058619042912f,0.0705414164664659f,-0.08587093459124322f,0.11795884625358313f,0.07027954999604578f,0.9975088513707057f,0.006072585071342296f,0.4396573124170419f,0.08608538608278561f,8.638831988297787e-18f,-0.9962877627989705f,0.25529873921723617f,0f,0f,0f,1f], start_interpolation: 0, interpolation_duration: 1 }
$data merge entity $(bone_pupil_closed1) { transformation: [-0.9938058619042912f,0.0705414164664659f,-0.08587093459124322f,0.11699279823943165f,0.07027954999604578f,0.9975088513707057f,0.006072585071342296f,0.43972562899909456f,0.08608538608278561f,8.638831988297787e-18f,-0.9962877627989705f,0.24409050188574777f,0f,0f,0f,1f], start_interpolation: 0, interpolation_duration: 1 }
$data merge entity $(bone_eye1) { transformation: [-0.9938058619042912f,0.0705414164664659f,-0.08587093459124322f,0.11747582224650739f,0.07027954999604578f,0.9975088513707057f,0.006072585071342296f,0.43969147070806824f,0.08608538608278561f,8.638831988297787e-18f,-0.9962877627989705f,0.24969462055149197f,0f,0f,0f,1f], start_interpolation: 0, interpolation_duration: 1 }
$data merge entity $(bone_nail_head1) { transformation: [-0.08587093459123836f,0.0705414164664659f,0.9938058619042917f,0.11358977338119354f,0.0060725850713419524f,0.9975088513707057f,-0.07027954999604581f,0.6905906251842499f,-0.9962877627989709f,8.638831988297787e-18f,-0.08608538608278074f,1.3910735238715187e-17f,0f,0f,0f,1f], start_interpolation: 0, interpolation_duration: 1 }
$data merge entity $(bone_nail_left_rotation1) { transformation: [0.07054141646647012f,0.8644033663355278f,-0.4978260025658677f,0.27500601983972556f,0.9975088513707053f,-0.06112851808372952f,0.035205052392847484f,0.24058305878616015f,-2.4293051662063065e-15f,-0.4990692582645162f,-0.866562101326446f,0.23427601496676384f,0f,0f,0f,1f], start_interpolation: 0, interpolation_duration: 1 }
$data merge entity $(bone_nail_right_rotation1) { transformation: [-0.0404503968151635f,-0.9636639777933875f,0.26403693548615814f,-0.06661474518987454f,-0.9958220047443094f,0.060532839813077055f,0.0683689269419171f,0.2647416540973009f,-0.08186757761483268f,-0.2601682401977424f,-0.9620863716568742f,0.26386786643272137f,0f,0f,0f,1f], start_interpolation: 0, interpolation_duration: 1 }
$data merge entity $(bone_magnet_left1) { transformation: [-0.9938058619042912f,-0.08587093459124356f,-0.07054141646646549f,0.34440588474064987f,0.07027954999604578f,0.006072585071337423f,-0.9975088513707057f,0.423643524842562f,0.08608538608278561f,-0.9962877627989705f,4.858208267023197e-15f,-0.021521346520696392f,0f,0f,0f,1f], start_interpolation: 0, interpolation_duration: 1 }
$data merge entity $(bone_magnet_right1) { transformation: [-0.9938058619042912f,0.08587093459124287f,0.07054141646646632f,-0.15249704621149573f,0.07027954999604578f,-0.006072585071347169f,0.9975088513707057f,0.4587832998405849f,0.08608538608278561f,0.9962877627989705f,4.8754859309997934e-15f,0.021521346520696413f,0f,0f,0f,1f], start_interpolation: 0, interpolation_duration: 1 }
$data merge entity $(bone_body1) { transformation: [-0.9938058619042912f,0.0705414164664659f,-0.08587093459124322f,0.09375f,0.07027954999604578f,0.9975088513707057f,0.006072585071342296f,0.41004126073623887f,0.08608538608278561f,8.638831988297787e-18f,-0.9962877627989705f,1.1481063742006436e-17f,0f,0f,0f,1f], start_interpolation: 0, interpolation_duration: 1 }