# This file was generated by Animated Java via MC-Build. It is not recommended to edit this file directly.
$data merge entity $(bone_pupil1) { transformation: [-0.9994189979680024f,-0.033389222382504385f,-0.006842976642197104f,0.022595602426600452f,-0.03338843975347448f,0.9994424244691095f,-0.00022860913572482445f,0.46814132469521347f,0.006846794247134348f,-4.089000431675316e-18f,-0.999976560429562f,0.2562439936100752f,0f,0f,0f,1f], start_interpolation: 0, interpolation_duration: 1 }
$data merge entity $(bone_pupil_closed1) { transformation: [-0.9994189979680024f,-0.033389222382504385f,-0.006842976642197104f,0.022518618939375738f,-0.03338843975347448f,0.9994424244691095f,-0.00022860913572482445f,0.4681387528424366f,0.006846794247134348f,-4.089000431675316e-18f,-0.999976560429562f,0.24499425730524269f,0f,0f,0f,1f], start_interpolation: 0, interpolation_duration: 1 }
$data merge entity $(bone_eye1) { transformation: [-0.9994189979680024f,-0.033389222382504385f,-0.006842976642197104f,0.022557110682988095f,-0.03338843975347448f,0.9994424244691095f,-0.00022860913572482445f,0.46814003876882504f,0.006846794247134348f,-4.089000431675316e-18f,-0.999976560429562f,0.25061912545765896f,0f,0f,0f,1f], start_interpolation: 0, interpolation_duration: 1 }
$data merge entity $(bone_nail_head1) { transformation: [0.7644083260139132f,-0.033389222382504385f,-0.6438672774332441f,0.012494784066411347f,0.025537238527645997f,0.9994424244691095f,-0.021510221284088284f,0.7179433497214613f,0.6442264823561576f,-4.089000431675316e-18f,0.7648347791719535f,1.5301697312968008e-18f,0f,0f,0f,1f], start_interpolation: 0, interpolation_duration: 1 }
$data merge entity $(bone_nail_left_rotation1) { transformation: [0.7082469399317276f,-0.5609902996426076f,-0.4285745626892019f,0.20058845329505673f,-0.6261493593125159f,-0.7795716655545094f,-0.014317754610742582f,0.2864830793827856f,-0.3260724642006269f,0.2784921937352373f,-0.9033929632882169f,0.24881734734616429f,0f,0f,0f,1f], start_interpolation: 0, interpolation_duration: 1 }
$data merge entity $(bone_nail_right_rotation1) { transformation: [0.6704559075691019f,0.6640665981332731f,0.33091453466022513f,-0.1429618272564441f,0.6755155304999618f,-0.7308138803351801f,0.09792773030552511f,0.27500580321752877f,0.30686746986125235f,0.15788168213297696f,-0.9385657837295236f,0.2511709328686167f,0f,0f,0f,1f], start_interpolation: 0, interpolation_duration: 1 }
$data merge entity $(bone_magnet_left1) { transformation: [-0.9994189979680024f,0.029833521711446227f,-0.01648112505039183f,0.2706968391540381f,-0.03338843975347448f,-0.7598335120830372f,0.6492597677404515f,0.47642985354255263f,0.006846794247134348f,0.6494328255469145f,0.7603881420108337f,-0.0017116985617835843f,0f,0f,0f,1f], start_interpolation: 0, interpolation_duration: 1 }
$data merge entity $(bone_magnet_right1) { transformation: [-0.9994189979680024f,0.020945206061358263f,0.026888005572768457f,-0.22901265982996313f,-0.03338843975347448f,-0.7601304515970911f,-0.6489120962392598f,0.4597356336658154f,0.006846794247134348f,-0.6494328255469145f,0.7603881420108337f,0.00171169856178359f,0f,0f,0f,1f], start_interpolation: 0, interpolation_duration: 1 }
$data merge entity $(bone_body1) { transformation: [-0.9994189979680024f,-0.033389222382504385f,-0.006842976642197104f,0.021885502861490706f,-0.03338843975347448f,0.9994424244691095f,-0.00022860913572482445f,0.43685016783952435f,0.006846794247134348f,-4.089000431675316e-18f,-0.999976560429562f,2.6802011027054833e-18f,0f,0f,0f,1f], start_interpolation: 0, interpolation_duration: 1 }