# This file was generated by Animated Java via MC-Build. It is not recommended to edit this file directly.
$data merge entity $(bone_pupil1) { transformation: [-0.9989372398487515f,-0.04558080349565116f,0.006839678066160862f,0.004178472610792789f,-0.045579735101197005f,0.9989606550573905f,0.00031208238315379644f,0.46856527150742805f,-0.006846794247134708f,-5.5820385103513686e-18f,-0.999976560429562f,0.2562439936100752f,0f,0f,0f,1f], start_interpolation: 0, interpolation_duration: 1 }
$data merge entity $(bone_pupil_closed1) { transformation: [-0.9989372398487515f,-0.04558080349565116f,0.006839678066160862f,0.004255418989037097f,-0.045579735101197005f,0.9989606550573905f,0.00031208238315379644f,0.46856878243423855f,-0.006846794247134708f,-5.5820385103513686e-18f,-0.999976560429562f,0.24499425730524269f,0f,0f,0f,1f], start_interpolation: 0, interpolation_duration: 1 }
$data merge entity $(bone_eye1) { transformation: [-0.9989372398487515f,-0.04558080349565116f,0.006839678066160862f,0.004216945799914943f,-0.045579735101197005f,0.9989606550573905f,0.00031208238315379644f,0.4685670269708333f,-0.006846794247134708f,-5.5820385103513686e-18f,-0.999976560429562f,0.25061912545765896f,0f,0f,0f,1f], start_interpolation: 0, interpolation_duration: 1 }
$data merge entity $(bone_nail_head1) { transformation: [0.9697398332591934f,-0.04558080349565116f,-0.2398479646424418f,-0.005464060758666282f,0.044247509206609775f,0.9989606550573905f,-0.010943837367219381f,0.7183854063824588f,0.24009750877391908f,-5.5820385103513686e-18f,0.9707487760901672f,-6.691544518447319e-19f,0f,0f,0f,1f], start_interpolation: 0, interpolation_duration: 1 }
$data merge entity $(bone_nail_left_rotation1) { transformation: [0.8937811892453906f,-0.16770188794878554f,-0.41597026640074614f,0.18445995935314508f,-0.1929065955953274f,-0.9810335394458736f,-0.01897998572502018f,0.2890961161695803f,-0.40489780331204006f,0.09720736217341842f,-0.9091801238546574f,0.25117093286861675f,0f,0f,0f,1f], start_interpolation: 0, interpolation_duration: 1 }
$data merge entity $(bone_nail_right_rotation1) { transformation: [0.8906924905881494f,0.2989296403120859f,0.34250249247672093f,-0.15892471684486326f,0.28083369036840344f,-0.954262816148263f,0.10254226480261636f,0.27342808222854376f,0.3574903153428678f,0.00485261369502199f,-0.9339042384401003f,0.2488173473461642f,0f,0f,0f,1f], start_interpolation: 0, interpolation_duration: 1 }
$data merge entity $(bone_magnet_left1) { transformation: [-0.9989372398487515f,0.04272471113191632f,-0.017291324473625275f,0.2556654500774344f,-0.045579735101197005f,-0.9714321468240544f,0.23289927407553893f,0.48004017639341046f,-0.006846794247134708f,0.23343989199685344f,0.972347128464436f,0.001711698561783678f,0f,0f,0f,1f], start_interpolation: 0, interpolation_duration: 1 }
$data merge entity $(bone_magnet_right1) { transformation: [-0.9989372398487515f,0.045918093401540634f,0.0039899300401481244f,-0.2438031698469414f,-0.045579735101197005f,-0.9712864384530778f,-0.2335061931196685f,0.457250308842812f,-0.006846794247134708f,-0.23343989199685344f,0.972347128464436f,-0.0017116985617836762f,0f,0f,0f,1f], start_interpolation: 0, interpolation_duration: 1 }
$data merge entity $(bone_body1) { transformation: [-0.9989372398487515f,-0.04558080349565116f,0.006839678066160862f,0.007355540224485608f,-0.045579735101197005f,0.9989606550573905f,0.00031208238315379644f,0.43742772214756775f,-0.006846794247134708f,-5.5820385103513686e-18f,-0.999976560429562f,9.007938791915904e-19f,0f,0f,0f,1f], start_interpolation: 0, interpolation_duration: 1 }