# This file was generated by Animated Java via MC-Build. It is not recommended to edit this file directly.
$data merge entity $(bone_pupil1) { transformation: [-0.9967261101060693f,-0.07054141646646561f,0.03950911281879865f,-0.04129897264704558f,-0.07048606289495762f,0.9975088513707057f,0.0027939890234975912f,0.4668019738488574f,-0.03960778168986474f,-8.855672422794852e-18f,-0.9992153039408513f,0.2560489216348431f,0f,0f,0f,1f], start_interpolation: 0, interpolation_duration: 1 }
$data merge entity $(bone_pupil_closed1) { transformation: [-0.9967261101060693f,-0.07054141646646561f,0.03950911281879865f,-0.0408544951278341f,-0.07048606289495762f,0.9975088513707057f,0.0027939890234975912f,0.4668334062253718f,-0.03960778168986474f,-8.855672422794852e-18f,-0.9992153039408513f,0.24480774946550857f,0f,0f,0f,1f], start_interpolation: 0, interpolation_duration: 1 }
$data merge entity $(bone_eye1) { transformation: [-0.9967261101060693f,-0.07054141646646561f,0.03950911281879865f,-0.04107673388743984f,-0.07048606289495762f,0.9975088513707057f,0.0027939890234975912f,0.4668176900371146f,-0.03960778168986474f,-8.855672422794852e-18f,-0.9992153039408513f,0.25042833555017585f,0f,0f,0f,1f], start_interpolation: 0, interpolation_duration: 1 }
$data merge entity $(bone_nail_head1) { transformation: [0.6178244517982778f,-0.07054141646646561f,0.7831454879669947f,-0.048810116603844836f,0.043691052863922504f,0.9975088513707057f,0.05538215720552312f,0.7168951463788051f,-0.7851012919743537f,-8.855672422794852e-18f,0.6193673880179683f,-6.038501678693075e-18f,0f,0f,0f,1f], start_interpolation: 0, interpolation_duration: 1 }
$data merge entity $(bone_nail_left_rotation1) { transformation: [0.48371550897582577f,0.7857895070848293f,-0.3854272394780092f,0.14348677507001487f,0.8452446014752821f,-0.533684033667171f,-0.02725648336872181f,0.2919013187083178f,-0.2271142224810004f,-0.3125959097047156f,-0.9223355827369623f,0.25661141346315836f,0f,0f,0f,1f], start_interpolation: 0, interpolation_duration: 1 }
$data merge entity $(bone_nail_right_rotation1) { transformation: [0.6312607711203087f,-0.6815308627163299f,0.3701695854736428f,-0.19913782527894644f,-0.7588338531407042f,-0.6413678812324443f,0.11321848016572869f,0.26767173458817617f,0.1602529942691417f,-0.3523675979549488f,-0.922039073867932f,0.24299623850726734f,0f,0f,0f,1f], start_interpolation: 0, interpolation_duration: 1 }
$data merge entity $(bone_magnet_left1) { transformation: [-0.9967261101060693f,0.07342674797789517f,0.033846330882601965f,0.2180067650392889f,-0.07048606289495762f,-0.5840606072648f,-0.8086438783414124f,0.48513944925986807f,-0.03960778168986474f,-0.8083821619276761f,0.5873240195213749f,0.009901945422466182f,0f,0f,0f,1f], start_interpolation: 0, interpolation_duration: 1 }
$data merge entity $(bone_magnet_right1) { transformation: [-0.9967261101060693f,0.009499660571724848f,-0.08029207857470078f,-0.2803562900137458f,-0.07048606289495762f,-0.5885813764690133f,0.8053593472552546f,0.4498964178123893f,-0.03960778168986474f,0.8083821619276761f,0.5873240195213749f,-0.00990194542246619f,0f,0f,0f,1f], start_interpolation: 0, interpolation_duration: 1 }
$data merge entity $(bone_body1) { transformation: [-0.9967261101060693f,-0.07054141646646561f,0.03950911281879865f,-0.02897034322265138f,-0.07048606289495762f,0.9975088513707057f,0.0027939890234975912f,0.43634578193079415f,-0.03960778168986474f,-8.855672422794852e-18f,-0.9992153039408513f,-3.547843809782023e-18f,0f,0f,0f,1f], start_interpolation: 0, interpolation_duration: 1 }