# This file was generated by Animated Java via MC-Build. It is not recommended to edit this file directly.
$data merge entity $(bone_pupil1) { transformation: [-0.9961966150349949f,-0.07433825247895962f,0.04545468525017629f,-0.049847405269552426f,-0.07426098939220319f,0.9972330841976587f,0.003388397278453601f,0.46599387711637597f,-0.04558080349565183f,-9.103810295256569e-18f,-0.9989606550573905f,0.2559836678584563f,0f,0f,0f,1f], start_interpolation: 0, interpolation_duration: 1 }
$data merge entity $(bone_pupil_closed1) { transformation: [-0.9961966150349949f,-0.07433825247895962f,0.04545468525017629f,-0.04933604006048794f,-0.07426098939220319f,0.9972330841976587f,0.003388397278453601f,0.46603199658575856f,-0.04558080349565183f,-9.103810295256569e-18f,-0.9989606550573905f,0.24474536048906068f,0f,0f,0f,1f], start_interpolation: 0, interpolation_duration: 1 }
$data merge entity $(bone_eye1) { transformation: [-0.9961966150349949f,-0.07433825247895962f,0.04545468525017629f,-0.04959172266502018f,-0.07426098939220319f,0.9972330841976587f,0.003388397278453601f,0.46601293685106726f,-0.04558080349565183f,-9.103810295256569e-18f,-0.9989606550573905f,0.2503645141737585f,0f,0f,0f,1f], start_interpolation: 0, interpolation_duration: 1 }
$data merge entity $(bone_nail_head1) { transformation: [0.42322259331145345f,-0.07433825247895962f,0.9029709080192466f,-0.05678420529393466f,0.031548921205015845f,0.9972330841976587f,0.06731152466275926f,0.7161704249683943f,-0.9054762846599175f,-9.103810295256569e-18f,0.42439686370008933f,-6.954059525534327e-18f,0f,0f,0f,1f], start_interpolation: 0, interpolation_duration: 1 }
$data merge entity $(bone_nail_left_rotation1) { transformation: [0.2841816017747769f,0.8803302923068607f,-0.37981494659852355f,0.13559640206220586f,0.9476271005731995f,-0.3181214320481004f,-0.02831311941304114f,0.29179745886409025f,-0.14575217141419664f,-0.3518768689734849f,-0.9246291005638225f,0.2575743643651628f,0f,0f,0f,1f], start_interpolation: 0, interpolation_duration: 1 }
$data merge entity $(bone_nail_right_rotation1) { transformation: [0.4576488183824501f,-0.8060786631219755f,0.3752262622640317f,-0.20684618435607366f,-0.8858873172705057f,-0.4494111199240678f,0.11503610906085815f,0.26627024376052033f,0.07590270174647015f,-0.38505432622953867f,-0.9197673323833058f,0.24190596316353247f,0f,0f,0f,1f], start_interpolation: 0, interpolation_duration: 1 }
$data merge entity $(bone_magnet_left1) { transformation: [-0.9961966150349949f,0.0704426709740513f,0.05128483497935517f,0.21084951158455398f,-0.07426098939220319f,-0.37849410863520133f,-0.922619919134058f,0.48542740126703043f,-0.04558080349565183f,-0.9229193029915921f,0.3822856922750376f,0.011395200873912952f,0f,0f,0f,1f], start_interpolation: 0, interpolation_duration: 1 }
$data merge entity $(bone_magnet_right1) { transformation: [-0.9961966150349949f,-0.013546635744709934f,-0.08607434491657946f,-0.2872487959329435f,-0.07426098939220319f,-0.38475505042236174f,0.9200265521325877f,0.4482969065709289f,-0.04558080349565183f,0.9229193029915921f,0.3822856922750376f,-0.011395200873912962f,0f,0f,0f,1f], start_interpolation: 0, interpolation_duration: 1 }
$data merge entity $(bone_body1) { transformation: [-0.9961966150349949f,-0.07433825247895962f,0.04545468525017629f,-0.03587657178422726f,-0.07426098939220319f,0.9972330841976587f,0.003388397278453601f,0.43569862003780285f,-0.04558080349565183f,-9.103810295256569e-18f,-0.9989606550573905f,-4.393612879993416e-18f,0f,0f,0f,1f], start_interpolation: 0, interpolation_duration: 1 }