# This file was generated by Animated Java via MC-Build. It is not recommended to edit this file directly.
$data merge entity $(bone_pupil1) { transformation: [-0.9951512853715266f,-0.08053638228446947f,0.05646069740915435f,-0.06596905609960584f,-0.08040707307819864f,0.9967516697395243f,0.004561959060253874f,0.4639596660876995f,-0.05664469809607535f,-9.862862277958313e-18f,-0.9983944001133042f,0.2558385650290342f,0f,0f,0f,1f], start_interpolation: 0, interpolation_duration: 1 }
$data merge entity $(bone_pupil_closed1) { transformation: [-0.9951512853715266f,-0.08053638228446947f,0.05646069740915435f,-0.06533387325375285f,-0.08040707307819864f,0.9967516697395243f,0.004561959060253874f,0.4640109881271273f,-0.05664469809607535f,-9.862862277958313e-18f,-0.9983944001133042f,0.2446066280277595f,0f,0f,0f,1f], start_interpolation: 0, interpolation_duration: 1 }
$data merge entity $(bone_eye1) { transformation: [-0.9951512853715266f,-0.08053638228446947f,0.05646069740915435f,-0.06565146467667934f,-0.08040707307819864f,0.9967516697395243f,0.004561959060253874f,0.4639853271074134f,-0.05664469809607535f,-9.862862277958313e-18f,-0.9983944001133042f,0.25022259652839685f,0f,0f,0f,1f], start_interpolation: 0, interpolation_duration: 1 }
$data merge entity $(bone_nail_head1) { transformation: [-0.021792022040790247f,-0.08053638228446947f,0.9965134213365636f,-0.0716350979596274f,-0.0017607701808890035f,0.9967516697395243f,0.08051713208901756f,0.7143165855317706f,-0.9997609751654362f,-9.862862277958313e-18f,-0.021863040416561355f,-8.772769342286478e-18f,0f,0f,0f,1f], start_interpolation: 0, interpolation_duration: 1 }
$data merge entity $(bone_nail_left_rotation1) { transformation: [-0.15292355981511147f,0.9166020149003753f,-0.3693983366693007f,0.12052602211077056f,0.9878101570844199f,0.15277517021100706f,-0.029846958435515217f,0.29091720594098064f,0.029077111519674313f,-0.3694597321056381f,-0.9287917032026624f,0.259334407513589f,0f,0f,0f,1f], start_interpolation: 0, interpolation_duration: 1 }
$data merge entity $(bone_nail_right_rotation1) { transformation: [0.049176191145329576f,-0.9217571778419895f,0.3846367212334373f,-0.22155723223569174f,-0.9929848160277922f,-0.00365910167943001f,0.1181853041335996f,0.26327727457034983f,-0.10753072752794827f,-0.3877503269781608f,-0.9154708223453326f,0.23986279254306309f,0f,0f,0f,1f], start_interpolation: 0, interpolation_duration: 1 }
$data merge entity $(bone_magnet_left1) { transformation: [-0.9951512853715266f,0.04996783619461688f,0.08471797075843018f,0.19728681895437164f,-0.08040707307819864f,0.08275213073591545f,-0.9933210898081563f,0.48523043636643926f,-0.05664469809607535f,-0.9953166833750422f,-0.07833312181261884f,0.01416117452401883f,0f,0f,0f,1f], start_interpolation: 0, interpolation_duration: 1 }
$data merge entity $(bone_magnet_right1) { transformation: [-0.9951512853715266f,-0.06260545964907743f,-0.07585826023266046f,-0.3002888237313917f,-0.08040707307819864f,0.07365633861001947f,0.994036944173386f,0.4450268998273399f,-0.05664469809607535f,0.9953166833750422f,-0.07833312181261887f,-0.014161174524018843f,0f,0f,0f,1f], start_interpolation: 0, interpolation_duration: 1 }
$data merge entity $(bone_body1) { transformation: [-0.9951512853715266f,-0.08053638228446947f,0.05646069740915435f,-0.048984240442120366f,-0.08040707307819864f,0.9967516697395243f,0.004561959060253874f,0.4339801784175294f,-0.05664469809607535f,-9.862862277958313e-18f,-0.9983944001133042f,-5.9988393266107034e-18f,0f,0f,0f,1f], start_interpolation: 0, interpolation_duration: 1 }