# This file was generated by Animated Java via MC-Build. It is not recommended to edit this file directly.
$data merge entity $(bone_pupil1) { transformation: [-0.9992153039408513f,-0.039607781689864716f,1.1178600659857238e-16f,0.013427987919713355f,-0.039607781689864716f,0.9992153039408513f,-4.232907160006849e-19f,0.46843647828563234f,-1.116815229534558e-16f,-4.850554306781997e-18f,-1f,0.25625f,0f,0f,0f,1f], start_interpolation: 0, interpolation_duration: 1 }
$data merge entity $(bone_pupil_closed1) { transformation: [-0.9992153039408513f,-0.039607781689864716f,1.1178600659857238e-16f,0.013427987919713355f,-0.039607781689864716f,0.9992153039408513f,-4.232907160006849e-19f,0.46843647828563234f,-1.116815229534558e-16f,-4.850554306781997e-18f,-1f,0.245f,0f,0f,0f,1f], start_interpolation: 0, interpolation_duration: 1 }
$data merge entity $(bone_eye1) { transformation: [-0.9992153039408513f,-0.039607781689864716f,1.1178600659857238e-16f,0.013427987919713355f,-0.039607781689864716f,0.9992153039408513f,-4.232907160006849e-19f,0.46843647828563234f,-1.116815229534558e-16f,-4.850554306781997e-18f,-1f,0.250625f,0f,0f,0f,1f], start_interpolation: 0, interpolation_duration: 1 }
$data merge entity $(bone_nail_head1) { transformation: [0.8903073548801617f,-0.039607781689864716f,-0.45363425518350986f,0.0035260424972472035f,0.03529079189429805f,0.9992153039408513f,-0.017981556602956535f,0.7182403042708452f,0.4539904997395464f,-4.850554306781997e-18f,0.891006524188368f,4.3181566579113282e-19f,0f,0f,0f,1f], start_interpolation: 0, interpolation_duration: 1 }
$data merge entity $(bone_nail_left_rotation1) { transformation: [0.8248740451868491f,-0.3758414660450876f,-0.42228663485618717f,0.1925945773513968f,-0.42164993567901754f,-0.9066041796524614f,-0.016738971849175728f,0.2878911962746682f,-0.37655562845211044f,0.19186467584671846f,-0.9063077870366499f,0.25f,0f,0f,0f,1f], start_interpolation: 0, interpolation_duration: 1 }
$data merge entity $(bone_nail_right_rotation1) { transformation: [0.8016002274714499f,0.4940263819490767f,0.33671205689138106f,-0.15088568337827085f,0.49116619381785237f,-0.8652790694259928f,0.10023922417782145f,0.27427602131877726f,0.34087071650143774f,0.0850297944934165f,-0.9362569565456931f,0.24999999999999997f,0f,0f,0f,1f], start_interpolation: 0, interpolation_duration: 1 }
$data merge entity $(bone_magnet_left1) { transformation: [-0.9992153039408513f,0.035290791894298f,-0.017981556602956635f,0.2632318139049262f,-0.039607781689864716f,-0.8903073548801617f,0.45363425518350975f,0.47833842370809854f,-1.116815229534558e-16f,0.4539904997395463f,0.891006524188368f,2.9564834980850585e-17f,0f,0f,0f,1f], start_interpolation: 0, interpolation_duration: 1 }
$data merge entity $(bone_magnet_right1) { transformation: [-0.9992153039408513f,0.035290791894298096f,0.017981556602956434f,-0.23637583806549944f,-0.039607781689864716f,-0.8903073548801617f,-0.45363425518350975f,0.45853453286316614f,-1.116815229534558e-16f,-0.4539904997395463f,0.891006524188368f,-2.627592649587732e-17f,0f,0f,0f,1f], start_interpolation: 0, interpolation_duration: 1 }
$data merge entity $(bone_body1) { transformation: [-0.9992153039408513f,-0.039607781689864716f,1.1178600659857238e-16f,0.014665731097521655f,-0.039607781689864716f,0.9992153039408513f,-4.232907160006849e-19f,0.43721100003748076f,-1.116815229534558e-16f,-4.850554306781997e-18f,-1f,1.7960340645735694e-18f,0f,0f,0f,1f], start_interpolation: 0, interpolation_duration: 1 }