# This file was generated by Animated Java via MC-Build. It is not recommended to edit this file directly.
$data merge entity $(bone_pupil1) { transformation: [-0.9946611599003181f,-0.0616675546417821f,0.08274230894927137f,-0.11572560968160056f,-0.06145528649951518f,0.9980967451627637f,0.0051122457647973935f,0.4345162648400616f,-0.08290008894456244f,-7.985778209324496e-18f,-0.996557863474562f,0.2553679525153565f,0f,0f,0f,1f], start_interpolation: 0, interpolation_duration: 1 }
$data merge entity $(bone_pupil_closed1) { transformation: [-0.9946611599003181f,-0.0616675546417821f,0.08274230894927137f,-0.11479475870592126f,-0.06145528649951518f,0.9980967451627637f,0.0051122457647973935f,0.4345737776049156f,-0.08290008894456244f,-7.985778209324496e-18f,-0.996557863474562f,0.24415667655126766f,0f,0f,0f,1f], start_interpolation: 0, interpolation_duration: 1 }
$data merge entity $(bone_eye1) { transformation: [-0.9946611599003181f,-0.0616675546417821f,0.08274230894927137f,-0.11526018419376091f,-0.06145528649951518f,0.9980967451627637f,0.0051122457647973935f,0.4345450212224886f,-0.08290008894456244f,-7.985778209324496e-18f,-0.996557863474562f,0.24976231453331207f,0f,0f,0f,1f], start_interpolation: 0, interpolation_duration: 1 }
$data merge entity $(bone_nail_head1) { transformation: [0.37784277995445337f,-0.0616675546417821f,-0.9238138050174362f,-0.1099397816737953f,0.023345071899863158f,0.9980967451627637f,-0.05707797222648508f,0.6853504641079818f,0.92557541089545f,-7.985778209324496e-18f,0.37856328235279146f,-1.3585712916981845e-17f,0f,0f,0f,1f], start_interpolation: 0, interpolation_duration: 1 }
$data merge entity $(bone_nail_left_rotation1) { transformation: [0.4800799518351489f,-0.8063754963713888f,-0.3453719714999434f,0.0673115831025337f,-0.8630437597366146f,-0.5046782360177734f,-0.021338858209320768f,0.25796770402517755f,-0.15709458496603243f,0.30831548281230586f,-0.9382232433875026f,0.26338791865598715f,0f,0f,0f,1f], start_interpolation: 0, interpolation_duration: 1 }
$data merge entity $(bone_nail_right_rotation1) { transformation: [0.3179945414068209f,0.8545133605077442f,0.410714485195285f,-0.27460319061320065f,0.9124110596839828f,-0.3935479543579599f,0.11236576786111097f,0.23684244929096923f,0.2576538953748181f,0.33900873784377217f,-0.9048135420426436f,0.23489101308129384f,0f,0f,0f,1f], start_interpolation: 0, interpolation_duration: 1 }
$data merge entity $(bone_magnet_left1) { transformation: [-0.9946611599003181f,-0.045727453150671796f,-0.09251041570605426f,0.15414239696172977f,-0.06145528649951518f,-0.4576814844545481f,0.886989800701645f,0.4511900994421697f,-0.08290008894456244f,0.8879395580870552f,0.45242780245819253f,0.020725022236140596f,0f,0f,0f,1f], start_interpolation: 0, interpolation_duration: 1 }
$data merge entity $(bone_magnet_right1) { transformation: [-0.9946611599003181f,0.10172042104974886f,0.017381971327086722f,-0.3431881829884293f,-0.06145528649951518f,-0.4485713957951704f,-0.8916316227207486f,0.4204624561924121f,-0.08290008894456244f,-0.8879395580870552f,0.45242780245819253f,-0.020725022236140624f,0f,0f,0f,1f], start_interpolation: 0, interpolation_duration: 1 }
$data merge entity $(bone_body1) { transformation: [-0.9946611599003181f,-0.0616675546417821f,0.08274230894927137f,-0.09259578193079408f,-0.06145528649951518f,0.9980967451627637f,0.0051122457647973935f,0.40463575453095457f,-0.08290008894456244f,-7.985778209324496e-18f,-0.996557863474562f,-1.133971279560933e-17f,0f,0f,0f,1f], start_interpolation: 0, interpolation_duration: 1 }