# This file was generated by Animated Java via MC-Build. It is not recommended to edit this file directly.
$data merge entity $(bone_pupil1) { transformation: [-0.9956673318224603f,-0.05127144971861504f,0.07757449829225063f,-0.11064224639376663f,-0.051116538347967685f,0.9986847542862319f,0.00398259507974622f,0.42904322598467914f,-0.07767666218925487f,-6.278941678554637e-18f,-0.9969786036576394f,0.25547576718727005f,0f,0f,0f,1f], start_interpolation: 0, interpolation_duration: 1 }
$data merge entity $(bone_pupil_closed1) { transformation: [-0.9956673318224603f,-0.05127144971861504f,0.07757449829225063f,-0.10976953328797881f,-0.051116538347967685f,0.9986847542862319f,0.00398259507974622f,0.4290880301793263f,-0.07767666218925487f,-6.278941678554637e-18f,-0.9969786036576394f,0.24425975789612164f,0f,0f,0f,1f], start_interpolation: 0, interpolation_duration: 1 }
$data merge entity $(bone_eye1) { transformation: [-0.9956673318224603f,-0.05127144971861504f,0.07757449829225063f,-0.11020588984087272f,-0.051116538347967685f,0.9986847542862319f,0.00398259507974622f,0.4290656280820027f,-0.07767666218925487f,-6.278941678554637e-18f,-0.9969786036576394f,0.24986776254169585f,0f,0f,0f,1f], start_interpolation: 0, interpolation_duration: 1 }
$data merge entity $(bone_nail_head1) { transformation: [0.7599146461381552f,-0.05127144971861504f,-0.6479976612831823f,-0.10358164363603116f,0.03901323756339704f,0.9986847542862319f,-0.033267534490406946f,0.6797349545454221f,0.6488510598585349f,-6.278941678554637e-18f,0.7609154369050846f,-1.2685092832928737e-17f,0f,0f,0f,1f], start_interpolation: 0, interpolation_duration: 1 }
$data merge entity $(bone_nail_left_rotation1) { transformation: [0.7867013482643216f,-0.5081969891960195f,-0.3504808251690803f,0.07058631369978563f,-0.5481709131152623f,-0.8361727633966876f,-0.01799332564943206f,0.250600380803816f,-0.2839183661785163f,0.20627876751049257f,-0.9363970479560868f,0.262595327228188f,0f,0f,0f,1f], start_interpolation: 0, interpolation_duration: 1 }
$data merge entity $(bone_nail_right_rotation1) { transformation: [0.6798416202754589f,0.6099734981241168f,0.407121238610155f,-0.2716743316141851f,0.6273756046180895f,-0.7712136240568112f,0.10783968100493456f,0.23302907074670215f,0.37975679331820417f,0.18210402976152812f,-0.90698561194392f,0.23589397460063166f,0f,0f,0f,1f], start_interpolation: 0, interpolation_duration: 1 }
$data merge entity $(bone_magnet_left1) { transformation: [-0.9956673318224603f,-0.004117671901572716f,-0.09289568945679808f,0.15815305174923766f,-0.051116538347967685f,-0.8102938488944555f,0.5837901831575535f,0.44284290056085607f,-0.07767666218925487f,0.586009320081106f,0.8065726333872332f,0.019419165547313707f,0f,0f,0f,1f], start_interpolation: 0, interpolation_duration: 1 }
$data merge entity $(bone_magnet_right1) { transformation: [-0.9956673318224603f,0.08707662019877285f,-0.03262248544028379f,-0.33968061416199247f,-0.051116538347967685f,-0.8056120275870007f,-0.5902341573600111f,0.4172846313868722f,-0.07767666218925487f,-0.586009320081106f,0.8065726333872332f,-0.019419165547313728f,0f,0f,0f,1f], start_interpolation: 0, interpolation_duration: 1 }
$data merge entity $(bone_body1) { transformation: [-0.9956673318224603f,-0.05127144971861504f,0.07757449829225063f,-0.08916154840267068f,-0.051116538347967685f,0.9986847542862319f,0.00398259507974622f,0.3988548674024194f,-0.07767666218925487f,-6.278941678554637e-18f,-0.9969786036576394f,-1.0919140485835245e-17f,0f,0f,0f,1f], start_interpolation: 0, interpolation_duration: 1 }