# This file was generated by Animated Java via MC-Build. It is not recommended to edit this file directly.
$data merge entity $(bone_pupil1) { transformation: [-0.9967261101060693f,-0.03960778168986479f,0.0704860628949577f,-0.10283165843730067f,-0.0395091128187987f,0.9992153039408513f,0.0027939890234976008f,0.4232437590030006f,-0.07054141646646568f,-5.067394741279107e-18f,-0.9975088513707057f,0.2556116431637433f,0f,0f,0f,1f], start_interpolation: 0, interpolation_duration: 1 }
$data merge entity $(bone_pupil_closed1) { transformation: [-0.9967261101060693f,-0.03960778168986479f,0.0704860628949577f,-0.1020386902297324f,-0.0395091128187987f,0.9992153039408513f,0.0027939890234976008f,0.42327519137951497f,-0.07054141646646568f,-5.067394741279107e-18f,-0.9975088513707057f,0.2443896685858229f,0f,0f,0f,1f], start_interpolation: 0, interpolation_duration: 1 }
$data merge entity $(bone_eye1) { transformation: [-0.9967261101060693f,-0.03960778168986479f,0.0704860628949577f,-0.10243517433351654f,-0.0395091128187987f,0.9992153039408513f,0.0027939890234976008f,0.4232594751912578f,-0.07054141646646568f,-5.067394741279107e-18f,-0.9975088513707057f,0.2500006558747831f,0f,0f,0f,1f], start_interpolation: 0, interpolation_duration: 1 }
$data merge entity $(bone_nail_head1) { transformation: [0.9734283081767434f,-0.03960778168986479f,-0.22554057832188623f,-0.09467155024293397f,0.038585613900166175f,0.9992153039408513f,-0.008940177310282585f,0.6737635446754846f,0.22571769811007328f,-5.067394741279107e-18f,0.9741927533911807f,-1.1654907469735001e-17f,0f,0f,0f,1f], start_interpolation: 0, interpolation_duration: 1 }
$data merge entity $(bone_nail_left_rotation1) { transformation: [0.9278369841270324f,-0.10685344377256054f,-0.35735258840534073f,0.0763476386971231f,-0.1197788903523814f,-0.992699535882616f,-0.014165058573507092f,0.24269898071121884f,-0.35323016336661395f,0.05594616173056857f,-0.9338621304430392f,0.2615015187978502f,0f,0f,0f,1f], start_interpolation: 0, interpolation_duration: 1 }
$data merge entity $(bone_nail_right_rotation1) { transformation: [0.8880313210537643f,0.22340706338257704f,0.4018577569965265f,-0.26627696165183823f,0.19867068750360484f,-0.9746577304251794f,0.10282152716859987f,0.2291177231797568f,0.41464482482523657f,-0.011471379743140789f,-0.9099110268001137f,0.2372529068875026f,0f,0f,0f,1f], start_interpolation: 0, interpolation_duration: 1 }
$data merge entity $(bone_magnet_left1) { transformation: [-0.9967261101060693f,0.028093694630151655f,-0.07581428463588975f,0.16441192270604954f,-0.0395091128187987f,-0.9873503816248236f,0.15355212114974728f,0.4338369968949715f,-0.07054141646646568f,0.15604476353707936f,0.9852278621392929f,0.01763535411661641f,0f,0f,0f,1f], start_interpolation: 0, interpolation_duration: 1 }
$data merge entity $(bone_magnet_right1) { transformation: [-0.9967261101060693f,0.05014659371368231f,-0.06342224035572062f,-0.3339511323469851f,-0.0395091128187987f,-0.9864762292683852f,-0.15907130191426602f,0.41408244048557213f,-0.07054141646646568f,-0.15604476353707936f,0.9852278621392929f,-0.01763535411661643f,0f,0f,0f,1f], start_interpolation: 0, interpolation_duration: 1 }
$data merge entity $(bone_body1) { transformation: [-0.9967261101060693f,-0.03960778168986479f,0.0704860628949577f,-0.0835318616426595f,-0.0395091128187987f,0.9992153039408513f,0.0027939890234976008f,0.39273424044212024f,-0.07054141646646568f,-5.067394741279107e-18f,-0.9975088513707057f,-1.0229702698750252e-17f,0f,0f,0f,1f], start_interpolation: 0, interpolation_duration: 1 }