# This file was generated by Animated Java via MC-Build. It is not recommended to edit this file directly.
$data merge entity $(bone_pupil1) { transformation: [-0.9994189979680024f,0.03338922238250437f,0.006842976642197359f,-0.02259560242660053f,0.03338843975347447f,0.9994424244691095f,-0.00022860913572482472f,0.3860602878673612f,-0.006846794247134603f,4.0754479045192454e-18f,-0.999976560429562f,0.2562439936100752f,0f,0f,0f,1f], start_interpolation: 0, interpolation_duration: 1 }
$data merge entity $(bone_pupil_closed1) { transformation: [-0.9994189979680024f,0.03338922238250437f,0.006842976642197359f,-0.022518618939375807f,0.03338843975347447f,0.9994424244691095f,-0.00022860913572482472f,0.38605771601458433f,-0.006846794247134603f,4.0754479045192454e-18f,-0.999976560429562f,0.24499425730524269f,0f,0f,0f,1f], start_interpolation: 0, interpolation_duration: 1 }
$data merge entity $(bone_eye1) { transformation: [-0.9994189979680024f,0.03338922238250437f,0.006842976642197359f,-0.022557110682988168f,0.03338843975347447f,0.9994424244691095f,-0.00022860913572482472f,0.38605900194097276f,-0.006846794247134603f,4.0754479045192454e-18f,-0.999976560429562f,0.25061912545765896f,0f,0f,0f,1f], start_interpolation: 0, interpolation_duration: 1 }
$data merge entity $(bone_nail_head1) { transformation: [-0.755520010363832f,0.03338922238250437f,0.6542741579556132f,-0.012494784066411363f,0.02524029901359234f,0.9994424244691095f,-0.02185789278527966f,0.6358623128936092f,-0.6546391687376638f,4.0754479045192454e-18f,-0.7559415048497207f,-1.5339813795594467e-18f,0f,0f,0f,1f], start_interpolation: 0, interpolation_duration: 1 }
$data merge entity $(bone_nail_left_rotation1) { transformation: [-0.6692759470650839f,0.615525391925248f,-0.4161708766545354f,0.14296182725644405f,0.6721694369926782f,0.7402668060643545f,0.01390337413095232f,0.1929247663896765f,0.31663536544909315f,-0.2704321499647351f,-0.9091801238546574f,0.25117093286861675f,0f,0f,0f,1f], start_interpolation: 0, interpolation_duration: 1 }
$data merge entity $(bone_nail_right_rotation1) { transformation: [-0.7097811506866928f,-0.6115899229363024f,0.34952608528211715f,-0.20058845329505678f,-0.6294047781940808f,0.7734308217646133f,0.07519567228886423f,0.20440204255493336f,-0.31632316278820616f,-0.1666209173761869f,-0.9339042384401003f,0.24881734734616423f,0f,0f,0f,1f], start_interpolation: 0, interpolation_duration: 1 }
$data merge entity $(bone_magnet_left1) { transformation: [-0.9994189979680024f,0.029833521711446556f,-0.01648112505039132f,0.22901265982996316f,0.03338843975347447f,0.7598335120830441f,-0.6492597677404436f,0.37765459683796315f,-0.006846794247134603f,-0.6494328255469066f,-0.7603881420108406f,0.0017116985617836482f,0f,0f,0f,1f], start_interpolation: 0, interpolation_duration: 1 }
$data merge entity $(bone_magnet_right1) { transformation: [-0.9994189979680024f,0.02094520606135837f,0.026888005572768426f,-0.270696839154038f,0.03338843975347447f,0.760130451597098f,0.648912096239252f,0.3943488167147004f,-0.006846794247134603f,0.6494328255469066f,-0.7603881420108406f,-0.0017116985617836534f,0f,0f,0f,1f], start_interpolation: 0, interpolation_duration: 1 }
$data merge entity $(bone_body1) { transformation: [-0.9994189979680024f,0.03338922238250437f,0.006842976642197359f,-0.021885502861490717f,0.03338843975347447f,0.9994424244691095f,-0.00022860913572482472f,0.35476913101167207f,-0.006846794247134603f,4.0754479045192454e-18f,-0.999976560429562f,-2.6802011027054845e-18f,0f,0f,0f,1f], start_interpolation: 0, interpolation_duration: 1 }