# This file was generated by Animated Java via MC-Build. It is not recommended to edit this file directly.
$data merge entity $(bone_pupil1) { transformation: [-0.9992153039408515f,0.03960778168986433f,2.292514130763646e-16f,-0.013427987919713965f,0.03960778168986433f,0.9992153039408515f,-4.232907160006807e-18f,0.3823310184726373f,-2.2923917645867634e-16f,4.850554306781949e-18f,-1f,0.25625f,0f,0f,0f,1f], start_interpolation: 0, interpolation_duration: 1 }
$data merge entity $(bone_pupil_closed1) { transformation: [-0.9992153039408515f,0.03960778168986433f,2.292514130763646e-16f,-0.013427987919713962f,0.03960778168986433f,0.9992153039408515f,-4.232907160006807e-18f,0.3823310184726373f,-2.2923917645867634e-16f,4.850554306781949e-18f,-1f,0.245f,0f,0f,0f,1f], start_interpolation: 0, interpolation_duration: 1 }
$data merge entity $(bone_eye1) { transformation: [-0.9992153039408515f,0.03960778168986433f,2.292514130763646e-16f,-0.013427987919713964f,0.03960778168986433f,0.9992153039408515f,-4.232907160006807e-18f,0.3823310184726373f,-2.2923917645867634e-16f,4.850554306781949e-18f,-1f,0.250625f,0f,0f,0f,1f], start_interpolation: 0, interpolation_duration: 1 }
$data merge entity $(bone_nail_head1) { transformation: [-0.8903073548801651f,0.03960778168986433f,0.45363425518350353f,-0.0035260424972478246f,0.03529079189429783f,0.9992153039408515f,-0.017981556602956104f,0.6321348444578502f,-0.45399049973954003f,4.850554306781949e-18f,-0.8910065241883713f,-4.318156657912091e-19f,0f,0f,0f,1f], start_interpolation: 0, interpolation_duration: 1 }
$data merge entity $(bone_nail_left_rotation1) { transformation: [-0.7889109319809399f,0.44642304983367775f,-0.42228663485618706f,0.15088568337827032f,0.4856185746879953f,0.8740105301078658f,0.01673897184917556f,0.18817056150578224f,0.3765556284521118f,-0.19186467584671568f,-0.90630778703665f,0.25000000000000006f,0f,0f,0f,1f], start_interpolation: 0, interpolation_duration: 1 }
$data merge entity $(bone_nail_right_rotation1) { transformation: [-0.8379626402775243f,-0.4239865650235461f,0.34358988078617053f,-0.19259457735139737f,-0.4261757479384725f,0.901668080131454f,0.07327281311060337f,0.2017857364616731f,-0.3408707165014385f,-0.08502979449341402f,-0.936256956545693f,0.24999999999999997f,0f,0f,0f,1f], start_interpolation: 0, interpolation_duration: 1 }
$data merge entity $(bone_magnet_left1) { transformation: [-0.9992153039408515f,0.035290791894297936f,-0.017981556602955896f,0.23637583806549894f,0.03960778168986433f,0.8903073548801652f,-0.4536342551835033f,0.37242907305017126f,-2.2923917645867634e-16f,-0.4539904997395398f,-0.8910065241883715f,5.566533987218238e-17f,0f,0f,0f,1f], start_interpolation: 0, interpolation_duration: 1 }
$data merge entity $(bone_magnet_right1) { transformation: [-0.9992153039408515f,0.03529079189429773f,0.017981556602956306f,-0.2632318139049267f,0.03960778168986433f,0.8903073548801652f,0.4536342551835033f,0.3922329638951034f,-2.2923917645867634e-16f,0.4539904997395398f,-0.8910065241883715f,-5.895424835715577e-17f,0f,0f,0f,1f], start_interpolation: 0, interpolation_duration: 1 }
$data merge entity $(bone_body1) { transformation: [-0.9992153039408515f,0.03960778168986433f,2.292514130763646e-16f,-0.014665731097522167f,0.03960778168986433f,0.9992153039408515f,-4.232907160006807e-18f,0.3511055402244857f,-2.2923917645867634e-16f,4.850554306781949e-18f,-1f,-1.796034064573632e-18f,0f,0f,0f,1f], start_interpolation: 0, interpolation_duration: 1 }