# This file was generated by Animated Java via MC-Build. It is not recommended to edit this file directly.
$data merge entity $(bone_pupil1) { transformation: [-0.9985916968022414f,-0.05127144971861469f,0.013633103878871127f,-0.005095715672667425f,-0.05126667224294894f,0.9986847542862319f,0.0006999095530738913f,0.4685295467484696f,-0.013651058374887094f,-6.278941678554595e-18f,-0.9999068199613629f,0.2562261226150992f,0f,0f,0f,1f], start_interpolation: 0, interpolation_duration: 1 }
$data merge entity $(bone_pupil_closed1) { transformation: [-0.9985916968022414f,-0.05127144971861469f,0.013633103878871127f,-0.004942343254030124f,-0.05126667224294894f,0.9986847542862319f,0.0006999095530738913f,0.4685374207309416f,-0.013651058374887094f,-6.278941678554595e-18f,-0.9999068199613629f,0.2449771708905339f,0f,0f,0f,1f], start_interpolation: 0, interpolation_duration: 1 }
$data merge entity $(bone_eye1) { transformation: [-0.9985916968022414f,-0.05127144971861469f,0.013633103878871127f,-0.005019029463348775f,-0.05126667224294894f,0.9986847542862319f,0.0006999095530738913f,0.4685334837397056f,-0.013651058374887094f,-6.278941678554595e-18f,-0.9999068199613629f,0.25060164675281654f,0f,0f,0f,1f], start_interpolation: 0, interpolation_duration: 1 }
$data merge entity $(bone_nail_head1) { transformation: [0.9985916968022414f,-0.05127144971861469f,-0.013633103878871494f,-0.01442009523336037f,0.05126667224294894f,0.9986847542862319f,-0.0006999095530739102f,0.7183800871430027f,0.013651058374887462f,-6.278941678554595e-18f,0.9999068199613629f,-1.765952347093478e-18f,0f,0f,0f,1f], start_interpolation: 0, interpolation_duration: 1 }
$data merge entity $(bone_nail_left_rotation1) { transformation: [0.9107930295454315f,0.05127144971861436f,-0.4096672988843583f,0.176235835936701f,0.04675917882793573f,-0.9986847542862319f,-0.021031898430373036f,0.29009198904626465f,-0.41020682164828964f,1.5698648301455073e-16f,-0.9119925238033524f,0.25232298064852443f,0f,0f,0f,1f], start_interpolation: 0, interpolation_duration: 1 }
$data merge entity $(bone_nail_right_rotation1) { transformation: [0.9331729112151392f,0.08893503441551266f,0.3482511700307318f,-0.1670300598390695f,0.055514321448578874f,-0.992940825429555f,0.10481735213874627f,0.27246907046275093f,0.35511473904692553f,-0.07847978624324653f,-0.9315226488190441f,0.247630429332157f,0f,0f,0f,1f], start_interpolation: 0, interpolation_duration: 1 }
$data merge entity $(bone_magnet_left1) { transformation: [-0.9985916968022414f,0.051271449718614685f,-0.013633103878871147f,0.24804569139685367f,-0.05126667224294894f,-0.9986847542862319f,-0.0006999095530735244f,0.48152556663218193f,-0.013651058374887094f,3.736387476319421e-16f,0.9999068199613629f,0.0034127645937217736f,0f,0f,0f,1f], start_interpolation: 0, interpolation_duration: 1 }
$data merge entity $(bone_magnet_right1) { transformation: [-0.9985916968022414f,0.0512714497186147f,-0.013633103878871108f,-0.25125015700426706f,-0.05126667224294894f,-0.9986847542862319f,-0.0006999095530742582f,0.4558922305107075f,-0.013651058374887094f,-3.6108086427483294e-16f,0.9999068199613629f,-0.0034127645937217736f,0f,0f,0f,1f], start_interpolation: 0, interpolation_duration: 1 }
$data merge entity $(bone_body1) { transformation: [-0.9985916968022414f,-0.05127144971861469f,0.013633103878871127f,1.1481063742006436e-17f,-0.05126667224294894f,0.9986847542862319f,0.0006999095530738913f,0.4375f,-0.013651058374887094f,-6.278941678554595e-18f,-0.9999068199613629f,1.4060247962454915e-33f,0f,0f,0f,1f], start_interpolation: 0, interpolation_duration: 1 }