# This file was generated by Animated Java via MC-Build. It is not recommended to edit this file directly.
$data merge entity $(bone_pupil1) { transformation: [-0.9946611599003181f,0.08290008894456234f,-0.06145528649951468f,0.07344341234743719f,0.08274230894927127f,0.996557863474562f,0.005112245764797364f,0.3446120770336996f,0.0616675546417816f,9.718651988504714e-18f,-0.9980967451627637f,0.25576229094795816f,0f,0f,0f,1f], start_interpolation: 0, interpolation_duration: 1 }
$data merge entity $(bone_pupil_closed1) { transformation: [-0.9946611599003181f,0.08290008894456234f,-0.06145528649951468f,0.07275204037431766f,0.08274230894927127f,0.996557863474562f,0.005112245764797364f,0.3446695897985536f,0.0616675546417816f,9.718651988504714e-18f,-0.9980967451627637f,0.2445337025648771f,0f,0f,0f,1f], start_interpolation: 0, interpolation_duration: 1 }
$data merge entity $(bone_eye1) { transformation: [-0.9946611599003181f,0.08290008894456234f,-0.06145528649951468f,0.07309772636087743f,0.08274230894927127f,0.996557863474562f,0.005112245764797364f,0.3446408334161266f,0.0616675546417816f,9.718651988504714e-18f,-0.9980967451627637f,0.25014799675641763f,0f,0f,0f,1f], start_interpolation: 0, interpolation_duration: 1 }
$data merge entity $(bone_nail_head1) { transformation: [0.3658146527400311f,0.08290008894456234f,-0.9269882497063672f,0.07842051741807715f,-0.030430814266658862f,0.996557863474562f,0.07711284127876795f,0.5950615558795694f,0.9301900909941788f,9.718651988504714e-18f,0.3670781859716557f,9.481770819948125e-18f,0f,0f,0f,1f], start_interpolation: 0, interpolation_duration: 1 }
$data merge entity $(bone_nail_left_rotation1) { transformation: [0.19170079048511596f,-0.8582646901049465f,-0.4760593751271388f,0.22847293698757698f,-0.9702883939983072f,-0.23868837319482794f,0.03960167892643393f,0.1435680948175932f,-0.14761856048467448f,0.45432321338521403f,-0.8785210176084381f,0.2389250753366347f,0f,0f,0f,1f], start_interpolation: 0, interpolation_duration: 1 }
$data merge entity $(bone_nail_right_rotation1) { transformation: [0.3437986441265593f,0.893704877221927f,0.2882604459971565f,-0.11344183672815739f,0.9244660019724664f,-0.37599914883497987f,0.0631446852269815f,0.1720107635189052f,0.16481839549571928f,0.24477792487295671f,-0.9554677723508553f,0.26012329724474714f,0f,0f,0f,1f], start_interpolation: 0, interpolation_duration: 1 }
$data merge entity $(bone_magnet_left1) { transformation: [-0.9946611599003181f,0.03282991436708594f,0.09783339771470469f,0.3063607851570161f,0.08274230894927127f,-0.3128153503391277f,0.9462030791019189f,0.32523651277361115f,0.0616675546417816f,0.9492464133800341f,0.30842885628560157f,-0.015416888660445393f,0f,0f,0f,1f], start_interpolation: 0, interpolation_duration: 1 }
$data merge entity $(bone_magnet_right1) { transformation: [-0.9946611599003181f,-0.08406498700521262f,-0.059851941869643724f,-0.19096979479314297f,0.08274230894927127f,-0.30309128104410205f,-0.9493626207434063f,0.3666076672482468f,0.0616675546417816f,-0.9492464133800341f,0.30842885628560157f,0.015416888660445409f,0f,0f,0f,1f], start_interpolation: 0, interpolation_duration: 1 }
$data merge entity $(bone_body1) { transformation: [-0.9946611599003181f,0.08290008894456234f,-0.06145528649951468f,0.05510486740241899f,0.08274230894927127f,0.996557863474562f,0.005112245764797364f,0.31477965677734887f,0.0616675546417816f,9.718651988504714e-18f,-0.9980967451627637f,6.748399948181174e-18f,0f,0f,0f,1f], start_interpolation: 0, interpolation_duration: 1 }