# This file was generated by Animated Java via MC-Build. It is not recommended to edit this file directly.
$data merge entity $(bone_pupil1) { transformation: [-0.9942089888268902f,0.08475348767981218f,-0.06607066566881556f,0.08046490909858278f,0.08456695540421565f,0.9964019501818069f,0.0056199401734784f,0.3409989771727127f,0.06630924965247217f,1.0379308740365662e-17f,-0.9977991197683661f,0.2556860244406438f,0f,0f,0f,1f], start_interpolation: 0, interpolation_duration: 1 }
$data merge entity $(bone_pupil_closed1) { transformation: [-0.9942089888268902f,0.08475348767981218f,-0.06607066566881556f,0.0797216141098086f,0.08456695540421565f,0.9964019501818069f,0.0056199401734784f,0.3410622014996643f,0.06630924965247217f,1.0379308740365662e-17f,-0.9977991197683661f,0.2444607843432497f,0f,0f,0f,1f], start_interpolation: 0, interpolation_duration: 1 }
$data merge entity $(bone_eye1) { transformation: [-0.9942089888268902f,0.08475348767981218f,-0.06607066566881556f,0.08009326160419569f,0.08456695540421565f,0.9964019501818069f,0.0056199401734784f,0.3410305893361885f,0.06630924965247217f,1.0379308740365662e-17f,-0.9977991197683661f,0.25007340439194675f,0f,0f,0f,1f], start_interpolation: 0, interpolation_duration: 1 }
$data merge entity $(bone_nail_head1) { transformation: [0.5758072729245921f,0.08475348767981218f,-0.8131806876538894f,0.08472267294090183f,-0.048977899534275456f,0.9964019501818069f,0.06916877208034343f,0.5915395743876183f,0.8161171177008574f,1.0379308740365662e-17f,0.5778865374756927f,1.037553502322835e-17f,0f,0f,0f,1f], start_interpolation: 0, interpolation_duration: 1 }
$data merge entity $(bone_nail_left_rotation1) { transformation: [0.3839484337246456f,-0.788754976845406f,-0.4800512334553414f,0.23504035845280966f,-0.8883775599194097f,-0.457294196805171f,0.040832935235536445f,0.13967379067960858f,-0.2517318241145275f,0.410789001885295f,-0.8762896123189273f,0.23805287765807287f,0f,0f,0f,1f], start_interpolation: 0, interpolation_duration: 1 }
$data merge entity $(bone_nail_right_rotation1) { transformation: [0.5454409309691114f,0.7885865289007824f,0.28394625769635484f,-0.10671898145643385f,0.8100511819027276f,-0.5829664912345237f,0.06298533794227315f,0.1687436815998077f,0.21520054256795776f,0.19565622027915114f,-0.9567692354714029f,0.2608466822261102f,0f,0f,0f,1f], start_interpolation: 0, interpolation_duration: 1 }
$data merge entity $(bone_magnet_left1) { transformation: [-0.9942089888268902f,0.012050927567469949f,0.10678605564668112f,0.31208654822767135f,0.08456695540421565f,-0.5254103755633455f,0.8466359118913195f,0.32129734799111265f,0.06630924965247217f,0.8507636054716659f,0.5213486079538125f,-0.016577312413118033f,0f,0f,0f,1f], start_interpolation: 0, interpolation_duration: 1 }
$data merge entity $(bone_magnet_right1) { transformation: [-0.9942089888268902f,-0.1006180789022161f,-0.037742399683113666f,-0.18501794618577377f,0.08456695540421565f,-0.5158268021369958f,-0.8525087332401834f,0.3635808256932205f,0.06630924965247217f,-0.8507636054716659f,0.5213486079538125f,0.016577312413118054f,0f,0f,0f,1f], start_interpolation: 0, interpolation_duration: 1 }
$data merge entity $(bone_body1) { transformation: [-0.9942089888268902f,0.08475348767981218f,-0.06607066566881556f,0.060885754530954656f,0.08456695540421565f,0.9964019501818069f,0.0056199401734784f,0.3113015258989851f,0.06630924965247217f,1.0379308740365662e-17f,-0.9977991197683661f,7.456354440000507e-18f,0f,0f,0f,1f], start_interpolation: 0, interpolation_duration: 1 }