# This file was generated by Animated Java via MC-Build. It is not recommended to edit this file directly.
$data merge entity $(bone_pupil1) { transformation: [-0.9981872322573312f,-0.056644698096074995f,0.020337835087668312f,-0.01433725728120276f,-0.056632944263465886f,0.9983944001133042f,0.0011538832032090582f,0.4683318645802862f,-0.020370542027639823f,-6.936974821202641e-18f,-0.9997924989804136f,0.25619682786373094f,0f,0f,0f,1f], start_interpolation: 0, interpolation_duration: 1 }
$data merge entity $(bone_pupil_closed1) { transformation: [-0.9981872322573312f,-0.056644698096074995f,0.020337835087668312f,-0.01410845663646649f,-0.056632944263465886f,0.9983944001133042f,0.0011538832032090582f,0.4683448457663223f,-0.020370542027639823f,-6.936974821202641e-18f,-0.9997924989804136f,0.2449491622502013f,0f,0f,0f,1f], start_interpolation: 0, interpolation_duration: 1 }
$data merge entity $(bone_eye1) { transformation: [-0.9981872322573312f,-0.056644698096074995f,0.020337835087668312f,-0.014222856958834625f,-0.056632944263465886f,0.9983944001133042f,0.0011538832032090582f,0.46833835517330424f,-0.020370542027639823f,-6.936974821202641e-18f,-0.9997924989804136f,0.2505729950569661f,0f,0f,0f,1f], start_interpolation: 0, interpolation_duration: 1 }
$data merge entity $(bone_nail_head1) { transformation: [0.9753550128841203f,-0.056644698096074995f,0.21324628254537392f,-0.023286861564006504f,0.05533754018957273f,0.9983944001133042f,0.012098696961363353f,0.7182261471794346f,-0.21358922137501313f,-6.936974821202641e-18f,0.9769235612433632f,-2.851818047654809e-18f,0f,0f,0f,1f], start_interpolation: 0, interpolation_duration: 1 }
$data merge entity $(bone_nail_left_rotation1) { transformation: [0.8748031133165102f,0.26827591404703144f,-0.40341981467693216f,0.167974165625338f,0.28345343490619374f,-0.9587128214375077f,-0.022888343129484706f,0.2908739136243449f,-0.3929041399268028f,-0.09432793835106676f,-0.9147286903092177f,0.25344931165610396f,0f,0f,0f,1f], start_interpolation: 0, interpolation_duration: 1 }
$data merge entity $(bone_nail_right_rotation1) { transformation: [0.9268795267674108f,-0.12502770944447406f,0.35392430649856277f,-0.17515269546311957f,-0.17294560746052762f,-0.9790972416838432f,0.10704395446356986f,0.27140633903377853f,0.33314285182115116f,-0.1604265040389458f,-0.9291281811904709f,0.2464469378341028f,0f,0f,0f,1f], start_interpolation: 0, interpolation_duration: 1 }
$data merge entity $(bone_magnet_left1) { transformation: [-0.9981872322573312f,0.05982737389071298f,-0.0065524569277110156f,0.24042112102434504f,-0.056632944263465886f,-0.9705393146794392f,-0.23419254532460052f,0.48278578321697496f,-0.020370542027639823f,-0.2333969237048868f,0.9721681526477789f,0.005092635506909955f,0f,0f,0f,1f], start_interpolation: 0, interpolation_duration: 1 }
$data merge entity $(bone_magnet_right1) { transformation: [-0.9981872322573312f,0.05033182726654875f,-0.0329993412428032f,-0.2586724951043205f,-0.056632944263465886f,-0.9710780520478799f,0.2319485426876953f,0.454469311085242f,-0.020370542027639823f,0.2333969237048868f,0.9721681526477789f,-0.005092635506909957f,0f,0f,0f,1f], start_interpolation: 0, interpolation_duration: 1 }
$data merge entity $(bone_body1) { transformation: [-0.9981872322573312f,-0.056644698096074995f,0.020337835087668312f,-0.00735554022448541f,-0.056632944263465886f,0.9983944001133042f,0.0011538832032090582f,0.43742772214756775f,-0.020370542027639823f,-6.936974821202641e-18f,-0.9997924989804136f,-9.007938791915662e-19f,0f,0f,0f,1f], start_interpolation: 0, interpolation_duration: 1 }