# This file was generated by Animated Java via MC-Build. It is not recommended to edit this file directly.
$data merge entity $(bone_pupil1) { transformation: [-0.9938058619042911f,0.08608538608278572f,-0.07027954999604573f,0.08699056373781235f,0.08587093459124333f,0.9962877627989705f,0.0060725850713423f,0.3374513208787094f,0.07054141646646585f,1.0108738382970563e-17f,-0.9975088513707057f,0.2556116431637433f,0f,0f,0f,1f], start_interpolation: 0, interpolation_duration: 1 }
$data merge entity $(bone_pupil_closed1) { transformation: [-0.9938058619042911f,0.08608538608278572f,-0.07027954999604573f,0.08619991880035684f,0.08587093459124333f,0.9962877627989705f,0.0060725850713423f,0.337519637460762f,0.07054141646646585f,1.0108738382970563e-17f,-0.9975088513707057f,0.2443896685858229f,0f,0f,0f,1f], start_interpolation: 0, interpolation_duration: 1 }
$data merge entity $(bone_eye1) { transformation: [-0.9938058619042911f,0.08608538608278572f,-0.07027954999604573f,0.08659524126908459f,0.08587093459124333f,0.9962877627989705f,0.0060725850713423f,0.3374854791697357f,0.07054141646646585f,1.0108738382970563e-17f,-0.9975088513707057f,0.2500006558747831f,0f,0f,0f,1f], start_interpolation: 0, interpolation_duration: 1 }
$data merge entity $(bone_nail_head1) { transformation: [0.7524220105163966f,0.08608538608278572f,-0.6530317177545372f,0.09050277557202206f,-0.06501388623957192f,0.9962877627989705f,0.05642595407301752f,0.5880793615029835f,0.6554649591599018f,1.0108738382970563e-17f,0.7552255870357601f,1.096142069741819e-17f,0f,0f,0f,1f], start_interpolation: 0, interpolation_duration: 1 }
$data merge entity $(bone_nail_left_rotation1) { transformation: [0.5550131924851424f,-0.6767563130055653f,-0.48369540929655686f,0.24122068917461476f,-0.7576980610721438f,-0.6512656051045076f,0.04179425624860059f,0.13592625212772833f,-0.3432987101854073f,0.34329871018542024f,-0.8742379488274702f,0.23725290688750258f,0f,0f,0f,1f], start_interpolation: 0, interpolation_duration: 1 }
$data merge entity $(bone_nail_right_rotation1) { transformation: [0.7164041407521369f,0.6390414914699922f,0.27998406971290424f,-0.1004000758549853f,0.6505303275332591f,-0.7568665146194672f,0.06295531754546785f,0.16544438589346824f,0.2521416270128026f,0.13703667840249173f,-0.9579381758233402f,0.2615015187978502f,0f,0f,0f,1f], start_interpolation: 0, interpolation_duration: 1 }
$data merge entity $(bone_magnet_left1) { transformation: [-0.9938058619042911f,-0.011176413879254818f,0.11056670664114299f,0.3174328945273984f,0.08587093459124333f,-0.7087757991715918f,0.7001878670050616f,0.31753968715543f,0.07054141646646585f,0.7053452730978432f,0.7053452730978168f,-0.01763535411661645f,0f,0f,0f,1f], start_interpolation: 0, interpolation_duration: 1 }
$data merge entity $(bone_magnet_right1) { transformation: [-0.9938058619042911f,-0.11056670664114257f,-0.011176413879258967f,-0.17947003642474718f,0.08587093459124333f,-0.7001878670050351f,-0.7087757991716181f,0.3604751544510517f,0.07054141646646585f,-0.7053452730978432f,0.7053452730978168f,0.017635354116616472f,0f,0f,0f,1f], start_interpolation: 0, interpolation_duration: 1 }
$data merge entity $(bone_body1) { transformation: [-0.9938058619042911f,0.08608538608278572f,-0.07027954999604573f,0.06629126073623857f,0.08587093459124333f,0.9962877627989705f,0.0060725850713423f,0.307873428215773f,0.07054141646646585f,1.0108738382970563e-17f,-0.9975088513707057f,8.118338027207718e-18f,0f,0f,0f,1f], start_interpolation: 0, interpolation_duration: 1 }