# This file was generated by Animated Java via MC-Build. It is not recommended to edit this file directly.
$data merge entity $(bone_pupil1) { transformation: [-0.9929820626794456f,0.0868877498938832f,-0.08023180239313897f,0.10320965695562154f,0.08660550978663825f,0.9962181081060402f,0.006997625041291157f,0.32728043307114363f,0.08053638228446945f,1.0640680479265984e-17f,-0.9967516697395243f,0.2554176153707531f,0f,0f,0f,1f], start_interpolation: 0, interpolation_duration: 1 }
$data merge entity $(bone_pupil_closed1) { transformation: [-0.9929820626794456f,0.0868877498938832f,-0.08023180239313897f,0.10230704917869873f,0.08660550978663825f,0.9962181081060402f,0.006997625041291157f,0.32735915635285817f,0.08053638228446945f,1.0640680479265984e-17f,-0.9967516697395243f,0.24420415908618345f,0f,0f,0f,1f], start_interpolation: 0, interpolation_duration: 1 }
$data merge entity $(bone_eye1) { transformation: [-0.9929820626794456f,0.0868877498938832f,-0.08023180239313897f,0.10275835306716014f,0.08660550978663825f,0.9962181081060402f,0.006997625041291157f,0.3273197947120009f,0.08053638228446945f,1.0640680479265984e-17f,-0.9967516697395243f,0.24981088722846828f,0f,0f,0f,1f], start_interpolation: 0, interpolation_duration: 1 }
$data merge entity $(bone_nail_head1) { transformation: [0.9962159450355954f,0.0868877498938832f,0.00207599981058168f,0.10437219506585049f,-0.08688756123607595f,0.9962181081060402f,-0.0001810637157203523f,0.5781281015144846f,-0.002083880822572534f,1.0640680479265984e-17f,0.9999978287180014f,1.2781907460737696e-17f,0f,0f,0f,1f], start_interpolation: 0, interpolation_duration: 1 }
$data merge entity $(bone_nail_left_rotation1) { transformation: [0.8565531045013884f,-0.15456861537245756f,-0.4923670605461691f,0.257085547108591f,-0.1534634498194722f,-0.9872207767925031f,0.042943072068881025f,0.12564795096319067f,-0.4927126431689571f,0.03877732599146115f,-0.8693276541387671f,0.2353457267297379f,0f,0f,0f,1f], start_interpolation: 0, interpolation_duration: 1 }
$data merge entity $(bone_nail_right_rotation1) { transformation: [0.9625398244765904f,0.019259940079254252f,0.2704554325664735f,-0.08425203693746838f,0.002108350753915661f,-0.9979754554841993f,0.06356528225535896f,0.15541859495234758f,0.27113214703106164f,-0.06061390070972604f,-0.9606317264628929f,0.26303010814002425f,0f,0f,0f,1f], start_interpolation: 0, interpolation_duration: 1 }
$data merge entity $(bone_magnet_left1) { transformation: [-0.9929820626794456f,-0.08032498929390094f,0.08680160880887172f,0.33089577326224107f,0.08660550978663825f,-0.9936961274827175f,0.07118631821106634f,0.3074221970413149f,0.08053638228446945f,0.07820423467297272f,0.9936790169907707f,-0.020134095571117352f,0f,0f,0f,1f], start_interpolation: 0, interpolation_duration: 1 }
$data merge entity $(bone_magnet_right1) { transformation: [-0.9929820626794456f,-0.09291481862266102f,0.07316734023587099f,-0.16559525807748174f,0.08660550978663825f,-0.9925980728167533f,-0.08513842560832265f,0.35072495193463404f,0.08053638228446945f,-0.07820423467297274f,0.9936790169907707f,0.020134095571117373f,0f,0f,0f,1f], start_interpolation: 0, interpolation_duration: 1 }
$data merge entity $(bone_body1) { transformation: [-0.9929820626794456f,0.0868877498938832f,-0.08023180239313897f,0.07993501540819584f,0.08660550978663825f,0.9962181081060402f,0.006997625041291157f,0.2979417586096607f,0.08053638228446945f,1.0640680479265984e-17f,-0.9967516697395243f,9.789216075944139e-18f,0f,0f,0f,1f], start_interpolation: 0, interpolation_duration: 1 }