# This file was generated by Animated Java via MC-Build. It is not recommended to edit this file directly.
$data merge entity $(bone_pupil1) { transformation: [-0.9928584043007932f,0.08608538608278586f,-0.08259234415041355f,0.10738631814628992f,0.08578906843104388f,0.9962877627989705f,0.007136486163089938f,0.3240710275660559f,0.08290008894456222f,1.0976100120958984e-17f,-0.996557863474562f,0.2553679525153565f,0f,0f,0f,1f], start_interpolation: 0, interpolation_duration: 1 }
$data merge entity $(bone_pupil_closed1) { transformation: [-0.9928584043007932f,0.08608538608278586f,-0.08259234415041355f,0.10645715427459777f,0.08578906843104388f,0.9962877627989705f,0.007136486163089938f,0.3241513130353907f,0.08290008894456222f,1.0976100120958984e-17f,-0.996557863474562f,0.24415667655126766f,0f,0f,0f,1f], start_interpolation: 0, interpolation_duration: 1 }
$data merge entity $(bone_eye1) { transformation: [-0.9928584043007932f,0.08608538608278586f,-0.08259234415041355f,0.10692173621044385f,0.08578906843104388f,0.9962877627989705f,0.007136486163089938f,0.3241111703007233f,0.08290008894456222f,1.0976100120958984e-17f,-0.996557863474562f,0.24976231453331207f,0f,0f,0f,1f], start_interpolation: 0, interpolation_duration: 1 }
$data merge entity $(bone_nail_head1) { transformation: [0.9677143806161982f,0.08608538608278586f,0.236892768677277f,0.10774337647844293f,-0.08361647024467046f,0.9962877627989705f,-0.020468991202412624f,0.5749716928450903f,-0.23777544753912316f,1.0976100120958984e-17f,0.9713201514163957f,1.3316730857769955e-17f,0f,0f,0f,1f], start_interpolation: 0, interpolation_duration: 1 }
$data merge entity $(bone_nail_left_rotation1) { transformation: [0.8677482647471038f,0.05027937200574151f,-0.4944541776333765f,0.26137664434402635f,0.08203856726814153f,-0.9957129825215164f,0.04272387995836939f,0.12256667894318257f,-0.49018631407759755f,-0.07763788500992798f,-0.8681530604117019f,0.23489101308129387f,0f,0f,0f,1f], start_interpolation: 0, interpolation_duration: 1 }
$data merge entity $(bone_nail_right_rotation1) { transformation: [0.9412134156465085f,-0.20547914587797345f,0.2681335988202362f,-0.07991843213437134f,-0.2302158630294438f,-0.9710341442418426f,0.06397927106587654f,0.1520566712163539f,0.24722047370038192f,-0.12194675611007885f,-0.9612549225140996f,0.26338791865598715f,0f,0f,0f,1f], start_interpolation: 0, interpolation_duration: 1 }
$data merge entity $(bone_magnet_left1) { transformation: [-0.9928584043007932f,-0.09794582130318719f,0.06810877402014211f,0.33443663103294474f,0.08578906843104388f,-0.9829054147989673f,-0.16290236737568847f,0.30445248503758676f,0.08290008894456222f,-0.15589599625427916f,0.984288582482226f,-0.02072502223614054f,0f,0f,0f,1f], start_interpolation: 0, interpolation_duration: 1 }
$data merge entity $(bone_magnet_right1) { transformation: [-0.9928584043007932f,-0.0721052429560099f,0.0950422166594269f,-0.1619925711174518f,0.08578906843104388f,-0.9851381995893473f,0.14880511902348353f,0.3473470192531087f,0.08290008894456222f,0.15589599625427916f,0.984288582482226f,0.020725022236140568f,0f,0f,0f,1f], start_interpolation: 0, interpolation_duration: 1 }
$data merge entity $(bone_body1) { transformation: [-0.9928584043007932f,0.08608538608278586f,-0.08259234415041355f,0.0835318616426594f,0.08578906843104388f,0.9962877627989705f,0.007136486163089938f,0.29476575955787987f,0.08290008894456222f,1.0976100120958984e-17f,-0.996557863474562f,1.022970269875024e-17f,0f,0f,0f,1f], start_interpolation: 0, interpolation_duration: 1 }