# This file was generated by Animated Java via MC-Build. It is not recommended to edit this file directly.
$data merge entity $(bone_pupil1) { transformation: [-0.9929820626794456f,0.08053638228446955f,-0.08660550978663813f,0.11586910386649793f,0.08023180239313907f,0.9967516697395243f,0.006997625041291155f,0.31506529051473225f,0.08688774989388308f,9.429181408964122e-18f,-0.9962181081060402f,0.25528089020217276f,0f,0f,0f,1f], start_interpolation: 0, interpolation_duration: 1 }
$data merge entity $(bone_pupil_closed1) { transformation: [-0.9929820626794456f,0.08053638228446955f,-0.08660550978663813f,0.11489479188139826f,0.08023180239313907f,0.9967516697395243f,0.006997625041291155f,0.3151440137964468f,0.08688774989388308f,9.429181408964122e-18f,-0.9962181081060402f,0.24407343648597984f,0f,0f,0f,1f], start_interpolation: 0, interpolation_duration: 1 }
$data merge entity $(bone_eye1) { transformation: [-0.9929820626794456f,0.08053638228446955f,-0.08660550978663813f,0.11538194787394809f,0.08023180239313907f,0.9967516697395243f,0.006997625041291155f,0.3151046521555895f,0.08688774989388308f,9.429181408964122e-18f,-0.9962181081060402f,0.2496771633440763f,0f,0f,0f,1f], start_interpolation: 0, interpolation_duration: 1 }
$data merge entity $(bone_nail_head1) { transformation: [0.5790349163384536f,0.08053638228446955f,0.8113152635008476f,0.1138105375547893f,-0.0467853516518071f,0.9967516697395243f,-0.06555333509659879f,0.5660463493664443f,-0.8139592720349935f,9.429181408964122e-18f,0.5809219426637826f,1.3815798308166615e-17f,0f,0f,0f,1f], start_interpolation: 0, interpolation_duration: 1 }
$data merge entity $(bone_nail_left_rotation1) { transformation: [0.6219389188659287f,0.6041894850079274f,-0.49814360118919043f,0.27089603977502313f,0.7126321195511806f,-0.7003823568707646f,0.04024942692939656f,0.11442824655875872f,-0.3245727089326391f,-0.3800258154257528f,-0.8661598791367099f,0.2341206950134989f,0f,0f,0f,1f], start_interpolation: 0, interpolation_duration: 1 }
$data merge entity $(bone_nail_right_rotation1) { transformation: [0.5871624052443949f,-0.7652305574621516f,0.2639365525913036f,-0.07044154427103629f,-0.8024736992520886f,-0.5930504010260341f,0.06578133361013994f,0.14200792863140027f,0.1061897917706104f,-0.2504264677885005f,-0.9622942961249897f,0.26398835903952117f,0f,0f,0f,1f], start_interpolation: 0, interpolation_duration: 1 }
$data merge entity $(bone_magnet_left1) { transformation: [-0.9929820626794456f,-0.1181595425898138f,-0.004994566231382669f,0.3419219576535333f,0.08023180239313907f,-0.642017390755755f,-0.7624805098177397f,0.29680048133327835f,0.08688774989388308f,-0.7575301924426101f,0.6469919060206548f,-0.02172193747347076f,0f,0f,0f,1f], start_interpolation: 0, interpolation_duration: 1 }
$data merge entity $(bone_magnet_right1) { transformation: [-0.9929820626794456f,0.013551150001369291f,0.11748612484252802f,-0.1545690736861895f,0.08023180239313907f,-0.6526594624086149f,0.7533913219657139f,0.3369163825298479f,0.08688774989388308f,0.7575301924426101f,0.6469919060206548f,0.02172193747347078f,0f,0f,0f,1f], start_interpolation: 0, interpolation_duration: 1 }
$data merge entity $(bone_body1) { transformation: [-0.9929820626794456f,0.08053638228446955f,-0.08660550978663813f,0.09115968003728224f,0.08023180239313907f,0.9967516697395243f,0.006997625041291155f,0.285709942252203f,0.08688774989388308f,9.429181408964122e-18f,-0.9962181081060402f,1.1163841036895457e-17f,0f,0f,0f,1f], start_interpolation: 0, interpolation_duration: 1 }