# This file was generated by Animated Java via MC-Build. It is not recommended to edit this file directly.
$data merge entity $(bone_pupil1) { transformation: [-0.993461656480143f,0.07433825247896021f,-0.0866473388056718f,0.11798745099640162f,0.07405711324449889f,0.9972330841976585f,0.006459083488940236f,0.3096208238434227f,0.08688774989388307f,9.537491164250843e-18f,-0.9962181081060402f,0.25528089020217276f,0f,0f,0f,1f], start_interpolation: 0, interpolation_duration: 1 }
$data merge entity $(bone_pupil_closed1) { transformation: [-0.993461656480143f,0.07433825247896021f,-0.0866473388056718f,0.11701266843483782f,0.07405711324449889f,0.9972330841976585f,0.006459083488940236f,0.3096934885326733f,0.08688774989388307f,9.537491164250843e-18f,-0.9962181081060402f,0.24407343648597984f,0f,0f,0f,1f], start_interpolation: 0, interpolation_duration: 1 }
$data merge entity $(bone_eye1) { transformation: [-0.993461656480143f,0.07433825247896021f,-0.0866473388056718f,0.11750005971561972f,0.07405711324449889f,0.9972330841976585f,0.006459083488940236f,0.309657156188048f,0.08688774989388307f,9.537491164250843e-18f,-0.9962181081060402f,0.2496771633440763f,0f,0f,0f,1f], start_interpolation: 0, interpolation_duration: 1 }
$data merge entity $(bone_nail_head1) { transformation: [0.14766575193675915f,0.07433825247896021f,0.986239651364376f,0.11436863354718829f,-0.011007671249497513f,0.9972330841976585f,-0.07351875240568638f,0.5605842350368784f,-0.9889760648663922f,9.537491164250843e-18f,0.14807546427881124f,1.4128090844046693e-17f,0f,0f,0f,1f], start_interpolation: 0, interpolation_duration: 1 }
$data merge entity $(bone_nail_left_rotation1) { transformation: [0.27392581562324925f,0.8225435188852518f,-0.49838419625325714f,0.27425870499658567f,0.9546481851044115f,-0.2954091839770357f,0.03715180613207064f,0.1099514234892694f,-0.11666829137340944f,-0.485958407234497f,-0.8661598791367099f,0.2341206950134989f,0f,0f,0f,1f], start_interpolation: 0, interpolation_duration: 1 }
$data merge entity $(bone_nail_right_rotation1) { transformation: [0.18187357873637183f,-0.947353097185511f,0.26352250494150325f,-0.06724373941846343f,-0.9831368821007744f,-0.16998909970495774f,0.06742089464450828f,0.13540855616706587f,-0.01907543998949153f,-0.27134077326218f,-0.9622942961249897f,0.26398835903952117f,0f,0f,0f,1f], start_interpolation: 0, interpolation_duration: 1 }
$data merge entity $(bone_magnet_left1) { transformation: [-0.993461656480143f,-0.10160718633550479f,-0.05205686111083262f,0.34414948454748395f,0.07405711324449889f,-0.22651882169168963f,-0.9711872977944572f,0.292761685676339f,0.08688774989388307f,-0.9686925224777935f,0.23256249872665946f,-0.021721937473470756f,0f,0f,0f,1f], start_interpolation: 0, interpolation_duration: 1 }
$data merge entity $(bone_magnet_right1) { transformation: [-0.993461656480143f,0.06689934553877826f,0.09251170018010511f,-0.1525813436925875f,0.07405711324449889f,-0.23908005868765514f,0.9681716116039546f,0.3297902422985884f,0.08688774989388307f,0.9686925224777935f,0.23256249872665946f,0.021721937473470777f,0f,0f,0f,1f], start_interpolation: 0, interpolation_duration: 1 }
$data merge entity $(bone_body1) { transformation: [-0.993461656480143f,0.07433825247896021f,-0.0866473388056718f,0.09346100003748073f,0.07405711324449889f,0.9972330841976585f,0.006459083488940236f,0.28011243010628684f,0.08688774989388307f,9.537491164250843e-18f,-0.9962181081060402f,1.1445671454101144e-17f,0f,0f,0f,1f], start_interpolation: 0, interpolation_duration: 1 }