# This file was generated by Animated Java via MC-Build. It is not recommended to edit this file directly.
$data merge entity $(bone_pupil1) { transformation: [-0.9977338544974275f,-0.06166755464178197f,0.026912233170232967f,-0.023489101929949515f,-0.06164513338848957f,0.9980967451627637f,0.001662776296587433f,0.46797543689781657f,-0.026963551680397754f,-7.66051755757883e-18f,-0.9996364173442155f,0.2561568319444552f,0f,0f,0f,1f], start_interpolation: 0, interpolation_duration: 1 }
$data merge entity $(bone_pupil_closed1) { transformation: [-0.9977338544974275f,-0.06166755464178197f,0.026912233170232967f,-0.023186339306784393f,-0.06164513338848957f,0.9980967451627637f,0.001662776296587433f,0.46799414313115323f,-0.026963551680397754f,-7.66051755757883e-18f,-0.9996364173442155f,0.2449109222493328f,0f,0f,0f,1f], start_interpolation: 0, interpolation_duration: 1 }
$data merge entity $(bone_eye1) { transformation: [-0.9977338544974275f,-0.06166755464178197f,0.026912233170232967f,-0.023337720618366954f,-0.06164513338848957f,0.9980967451627637f,0.001662776296587433f,0.4679847900144849f,-0.026963551680397754f,-7.66051755757883e-18f,-0.9996364173442155f,0.250533877096894f,0f,0f,0f,1f], start_interpolation: 0, interpolation_duration: 1 }
$data merge entity $(bone_nail_head1) { transformation: [0.9012052719468768f,-0.06166755464178197f,0.4289827158751956f,-0.032009730840522804f,0.0556811006754492f,0.9980967451627637f,0.026504760385026253f,0.717925709614508f,-0.42980073620542636f,-7.66051755757883e-18f,0.902923765972119f,-3.950554627642612e-18f,0f,0f,0f,1f], start_interpolation: 0, interpolation_duration: 1 }
$data merge entity $(bone_nail_left_rotation1) { transformation: [0.7878336483416163f,0.47063240838332077f,-0.3972697807788226f,0.15972727226444394f,0.5035326252019101f,-0.863627477602513f,-0.024545372011719864f,0.2914379468327987f,-0.35464494624625814f,-0.18070062564705242f,-0.9173735585860062f,0.2545434647811222f,0f,0f,0f,1f], start_interpolation: 0, interpolation_duration: 1 }
$data merge entity $(bone_nail_right_rotation1) { transformation: [0.8721636681416183f,-0.3318102753417835f,0.35948918919957407f,-0.18324374021904677f,-0.39245742749697987f,-0.9132646668432886f,0.10920080539112327f,0.27024743223050546f,0.29207482530373996f,-0.23632517740018105f,-0.9267376688958763f,0.2452747438909855f,0f,0f,0f,1f], start_interpolation: 0, interpolation_duration: 1 }
$data merge entity $(bone_magnet_left1) { transformation: [-0.9977338544974275f,0.06716409170263168f,0.00401750861438226f,0.23284062144427953f,-0.06164513338848957f,-0.8885558270693543f,-0.4546079846533838f,0.4838128066709395f,-0.026963551680397754f,-0.453825436667951f,0.890682569669982f,0.006740887920099437f,0f,0f,0f,1f], start_interpolation: 0, interpolation_duration: 1 }
$data merge entity $(bone_magnet_right1) { transformation: [-0.9977338544974275f,0.04272829533050911f,-0.0519754592846946f,-0.26602630580443415f,-0.06164513338848957f,-0.89006559635304f,0.4516448955963335f,0.45299023997669474f,-0.026963551680397754f,0.453825436667951f,0.890682569669982f,-0.00674088792009944f,0f,0f,0f,1f], start_interpolation: 0, interpolation_duration: 1 }
$data merge entity $(bone_body1) { transformation: [-0.9977338544974275f,-0.06166755464178197f,0.026912233170232967f,-0.014665731097521631f,-0.06164513338848957f,0.9980967451627637f,0.001662776296587433f,0.43721100003748076f,-0.026963551680397754f,-7.66051755757883e-18f,-0.9996364173442155f,-1.7960340645735663e-18f,0f,0f,0f,1f], start_interpolation: 0, interpolation_duration: 1 }