# This file was generated by Animated Java via MC-Build. It is not recommended to edit this file directly.
$data merge entity $(bone_pupil1) { transformation: [-0.9956673318224603f,0.051271449718614796f,-0.07757449829225052f,0.11064224639376649f,0.05111653834796744f,0.9986847542862319f,0.003982595079746208f,0.2980930153596084f,0.07767666218925476f,5.845260809560405e-18f,-0.9969786036576394f,0.25547576718727005f,0f,0f,0f,1f], start_interpolation: 0, interpolation_duration: 1 }
$data merge entity $(bone_pupil_closed1) { transformation: [-0.9956673318224603f,0.051271449718614796f,-0.07757449829225052f,0.10976953328797867f,0.05111653834796744f,0.9986847542862319f,0.003982595079746208f,0.29813781955425556f,0.07767666218925476f,5.845260809560405e-18f,-0.9969786036576394f,0.24425975789612164f,0f,0f,0f,1f], start_interpolation: 0, interpolation_duration: 1 }
$data merge entity $(bone_eye1) { transformation: [-0.9956673318224603f,0.051271449718614796f,-0.07757449829225052f,0.11020588984087258f,0.05111653834796744f,0.9986847542862319f,0.003982595079746208f,0.298115417456932f,0.07767666218925476f,5.845260809560405e-18f,-0.9969786036576394f,0.24986776254169585f,0f,0f,0f,1f], start_interpolation: 0, interpolation_duration: 1 }
$data merge entity $(bone_nail_head1) { transformation: [-0.8511089382384988f,0.051271449718614796f,0.5224794863861036f,0.10358164363603099f,0.04369505887085155f,0.9986847542862319f,-0.026823560287949515f,0.5487847439203514f,-0.5231675803036804f,5.845260809560405e-18f,-0.8522298298693798f,1.2563120088524097e-17f,0f,0f,0f,1f], start_interpolation: 0, interpolation_duration: 1 }
$data merge entity $(bone_nail_left_rotation1) { transformation: [-0.6733818713559355f,0.5526155642851005f,-0.49109356892453626f,0.271674331614185f,0.6231300862261605f,0.7817117362675036f,0.02521223951620764f,0.10207886012163145f,0.39782628240094436f,-0.28903771292256125f,-0.870741896051602f,0.23589397460063166f,0f,0f,0f,1f], start_interpolation: 0, interpolation_duration: 1 }
$data merge entity $(bone_nail_right_rotation1) { transformation: [-0.7906865470766663f,-0.549091102456884f,0.2707651112581946f,-0.0705863136997857f,-0.5518801986167388f,0.8307188103873925f,0.07303769193577025f,0.11965017017874527f,-0.26503401790473574f,-0.09167998293651233f,-0.9598706944594323f,0.262595327228188f,0f,0f,0f,1f], start_interpolation: 0, interpolation_duration: 1 }
$data merge entity $(bone_magnet_left1) { transformation: [-0.9956673318224603f,-0.004117671901573201f,-0.09289568945679783f,0.33968061416199236f,0.05111653834796744f,0.8102938488944533f,-0.5837901831575567f,0.28633442076180154f,0.07767666218925476f,-0.5860093200811091f,-0.806572633387231f,-0.019419165547313683f,0f,0f,0f,1f], start_interpolation: 0, interpolation_duration: 1 }
$data merge entity $(bone_magnet_right1) { transformation: [-0.9956673318224603f,0.08707662019877271f,-0.03262248544028351f,-0.15815305174923777f,0.05111653834796744f,0.8056120275869985f,0.5902341573600141f,0.3118926899357853f,0.07767666218925476f,0.5860093200811091f,-0.806572633387231f,0.019419165547313696f,0f,0f,0f,1f], start_interpolation: 0, interpolation_duration: 1 }
$data merge entity $(bone_body1) { transformation: [-0.9956673318224603f,0.051271449718614796f,-0.07757449829225052f,0.08916154840267058f,0.05111653834796744f,0.9986847542862319f,0.003982595079746208f,0.26790465677734865f,0.07767666218925476f,5.845260809560405e-18f,-0.9969786036576394f,1.0919140485835234e-17f,0f,0f,0f,1f], start_interpolation: 0, interpolation_duration: 1 }