# This file was generated by Animated Java via MC-Build. It is not recommended to edit this file directly.
$data merge entity $(bone_pupil1) { transformation: [-0.9961966150349949f,0.04558080349565189f,-0.07426098939220334f,0.10706748481392439f,0.045454685250176353f,0.9989606550573905f,0.003388397278453627f,0.29614896751457614f,0.07433825247895977f,5.365198075854357e-18f,-0.9972330841976585f,0.25554097782565f,0f,0f,0f,1f], start_interpolation: 0, interpolation_duration: 1 }
$data merge entity $(bone_pupil_closed1) { transformation: [-0.9961966150349949f,0.04558080349565189f,-0.07426098939220334f,0.10623204868326211f,0.045454685250176353f,0.9989606550573905f,0.003388397278453627f,0.29618708698395874f,0.07433825247895977f,5.365198075854357e-18f,-0.9972330841976585f,0.24432210562842635f,0f,0f,0f,1f], start_interpolation: 0, interpolation_duration: 1 }
$data merge entity $(bone_eye1) { transformation: [-0.9961966150349949f,0.04558080349565189f,-0.07426098939220334f,0.10664976674859325f,0.045454685250176353f,0.9989606550573905f,0.003388397278453627f,0.29616802724926744f,0.07433825247895977f,5.365198075854357e-18f,-0.9972330841976585f,0.24993154172703816f,0f,0f,0f,1f], start_interpolation: 0, interpolation_duration: 1 }
$data merge entity $(bone_nail_head1) { transformation: [-0.9487841132992925f,0.04558080349565189f,0.3126197317885838f,0.09943330715608525f,0.043291336860115735f,0.9989606550573905f,-0.014264284075032165f,0.5467574080815275f,-0.3129449895808196f,5.365198075854357e-18f,-0.9497712532479916f,1.2116081761531233e-17f,0f,0f,0f,1f], start_interpolation: 0, interpolation_duration: 1 }
$data merge entity $(bone_nail_left_rotation1) { transformation: [-0.7876964672801684f,0.375610865967577f,-0.48831419475725824f,0.26927824618392815f,0.41902277946107974f,0.9077023032370504f,0.022280910907436453f,0.10105249814693168f,0.45161287152499746f,-0.18706417632791347f,-0.8723834066554139f,0.23653138390459344f,0f,0f,0f,1f], start_interpolation: 0, interpolation_duration: 1 }
$data merge entity $(bone_nail_right_rotation1) { transformation: [-0.8941170940945505f,-0.35457454108832986f,0.2735534990818374f,-0.07316434023435135f,-0.34785212079203787f,0.9345901090460239f,0.07443272219812194f,0.1166775462016798f,-0.28205234285216996f,-0.02860459552836815f,-0.9589724985661789f,0.26208515819423583f,0f,0f,0f,1f], start_interpolation: 0, interpolation_duration: 1 }
$data merge entity $(bone_magnet_left1) { transformation: [-0.9961966150349949f,0.013692721113615577f,-0.08605122649516923f,0.33708726004092104f,0.045454685250176353f,0.924215986492325f,-0.3791552213814628f,0.2856535730046358f,0.07433825247895977f,-0.3816245795287869f,-0.9213232356333204f,-0.01858456311973993f,0f,0f,0f,1f], start_interpolation: 0, interpolation_duration: 1 }
$data merge entity $(bone_magnet_right1) { transformation: [-0.9961966150349949f,0.07052962173648772f,-0.051165189831819516f,-0.16101104747657646f,0.045454685250176353f,0.9216226194908546f,0.3854161631686233f,0.308380915629724f,0.07433825247895977f,0.3816245795287869f,-0.9213232356333204f,0.018584563119739952f,0f,0f,0f,1f], start_interpolation: 0, interpolation_duration: 1 }
$data merge entity $(bone_body1) { transformation: [-0.9961966150349949f,0.04558080349565189f,-0.07426098939220334f,0.08661370617293317f,0.045454685250176353f,0.9989606550573905f,0.003388397278453627f,0.2657997238466364f,0.07433825247895977f,5.365198075854357e-18f,-0.9972330841976585f,1.0607119802697195e-17f,0f,0f,0f,1f], start_interpolation: 0, interpolation_duration: 1 }