# This file was generated by Animated Java via MC-Build. It is not recommended to edit this file directly.
$data merge entity $(bone_pupil1) { transformation: [-0.9985916968022414f,0.013651058374887483f,-0.051266672242948425f,0.07985494107270974f,0.013633103878871514f,0.9999068199613629f,0.0006999095530739123f,0.28820403012788437f,0.05127144971861418f,1.7259826030022376e-18f,-0.998684754286232f,0.2559129682858469f,0f,0f,0f,1f], start_interpolation: 0, interpolation_duration: 1 }
$data merge entity $(bone_pupil_closed1) { transformation: [-0.9985916968022414f,0.013651058374887483f,-0.051266672242948425f,0.07927819100997657f,0.013633103878871514f,0.9999068199613629f,0.0006999095530739123f,0.2882119041103564f,0.05127144971861418f,1.7259826030022376e-18f,-0.998684754286232f,0.24467776480012685f,0f,0f,0f,1f], start_interpolation: 0, interpolation_duration: 1 }
$data merge entity $(bone_eye1) { transformation: [-0.9985916968022414f,0.013651058374887483f,-0.051266672242948425f,0.07956656604134316f,0.013633103878871514f,0.9999068199613629f,0.0006999095530739123f,0.2882079671191204f,0.05127144971861418f,1.7259826030022376e-18f,-0.998684754286232f,0.2502953665429869f,0f,0f,0f,1f], start_interpolation: 0, interpolation_duration: 1 }
$data merge entity $(bone_nail_head1) { transformation: [-0.6698599488535936f,0.013651058374887483f,-0.7423619720372983f,0.07013062090417609f,0.009145149410174929f,0.9999068199613629f,0.010134970992566423f,0.5383600869412002f,0.7424311518007085f,1.7259826030022376e-18f,-0.6699223722461233f,8.603770634302147e-18f,0f,0f,0f,1f], start_interpolation: 0, interpolation_duration: 1 }
$data merge entity $(bone_nail_left_rotation1) { transformation: [-0.6342862784056033f,-0.6149807665110822f,-0.46848647136049865f,0.24860789881378517f,-0.6985131896596388f,0.715568596239073f,0.006395932141591295f,0.09838268609065448f,0.33130083141744f,0.33130083141743566f,-0.883447518647389f,0.2408589081511712f,0f,0f,0f,1f], start_interpolation: 0, interpolation_duration: 1 }
$data merge entity $(bone_nail_right_rotation1) { transformation: [-0.6894402554197865f,0.6623819017441049f,0.2931251446883437f,-0.09465799696198532f,0.708522322381686f,0.7008104192337015f,0.0828303988904189f,0.10306906554901657f,-0.15055979839771913f,0.2647923196305863f,-0.9524792777646617f,0.2584834689919448f,0f,0f,0f,1f], start_interpolation: 0, interpolation_duration: 1 }
$data merge entity $(bone_magnet_left1) { transformation: [-0.9985916968022414f,0.045903767539113155f,-0.02659825564460093f,0.31636578051101455f,0.013633103878871514f,0.7065459821581648f,0.7075358037405471f,0.2849751059811417f,0.05127144971861418f,0.7061767620234111f,-0.7061767620234203f,-0.012817862429653536f,0f,0f,0f,1f], start_interpolation: 0, interpolation_duration: 1 }
$data merge entity $(bone_magnet_right1) { transformation: [-0.9985916968022414f,-0.026598255644600333f,-0.0459037675391135f,-0.1829300678901061f,0.013633103878871514f,0.7075358037405564f,-0.7065459821581556f,0.29179165792057743f,0.05127144971861418f,-0.7061767620234111f,-0.7061767620234203f,0.012817862429653553f,0f,0f,0f,1f], start_interpolation: 0, interpolation_duration: 1 }
$data merge entity $(bone_body1) { transformation: [-0.9985916968022414f,0.013651058374887483f,-0.051266672242948425f,0.06629126073623898f,0.013633103878871514f,0.9999068199613629f,0.0006999095530739123f,0.25713629382706693f,0.05127144971861418f,1.7259826030022376e-18f,-0.998684754286232f,8.118338027207767e-18f,0f,0f,0f,1f], start_interpolation: 0, interpolation_duration: 1 }