# This file was generated by Animated Java via MC-Build. It is not recommended to edit this file directly.
$data merge entity $(bone_pupil1) { transformation: [-0.9989372398487515f,0.006846794247134799f,-0.04557973510119707f,0.07277952397085931f,0.006839678066160953f,0.999976560429562f,0.0003120823831538075f,0.2869638586600077f,0.045580803495651225f,8.655955202295521e-19f,-0.9989606550573905f,0.2559836678584563f,0f,0f,0f,1f], start_interpolation: 0, interpolation_duration: 1 }
$data merge entity $(bone_pupil_closed1) { transformation: [-0.9989372398487515f,0.006846794247134799f,-0.04557973510119707f,0.07226675195097083f,0.006839678066160953f,0.999976560429562f,0.0003120823831538075f,0.2869673695868182f,0.045580803495651225f,8.655955202295521e-19f,-0.9989606550573905f,0.24474536048906068f,0f,0f,0f,1f], start_interpolation: 0, interpolation_duration: 1 }
$data merge entity $(bone_eye1) { transformation: [-0.9989372398487515f,0.006846794247134799f,-0.04557973510119707f,0.07252313796091507f,0.006839678066160953f,0.999976560429562f,0.0003120823831538075f,0.2869656141234129f,0.045580803495651225f,8.655955202295521e-19f,-0.9989606550573905f,0.2503645141737585f,0f,0f,0f,1f], start_interpolation: 0, interpolation_duration: 1 }
$data merge entity $(bone_nail_head1) { transformation: [-0.4830801612343851f,0.006846794247134799f,-0.8755493585345705f,0.06281141541296126f,0.0033076279982239857f,0.999976560429562f,0.0059948468277315455f,0.5370379698780814f,0.8755698815164816f,8.655955202295521e-19f,-0.4830914846912685f,7.699803180065062e-18f,0f,0f,0f,1f], start_interpolation: 0, interpolation_duration: 1 }
$data merge entity $(bone_nail_left_rotation1) { transformation: [-0.4688143052448961f,-0.7519314665333261f,-0.4634783887462141f,0.24290321480414323f,-0.8494502000137628f,0.5276592528614751f,0.0031734155492361815f,0.09829463442673811f,0.2421724693154108f,0.39518955262849664f,-0.8861025406796692f,0.24190596316353258f,0f,0f,0f,1f], start_interpolation: 0, interpolation_duration: 1 }
$data merge entity $(bone_nail_right_rotation1) { transformation: [-0.5210598102655739f,0.7998166783831714f,0.29797643380998223f,-0.1004814613938651f,0.8490141037498278f,0.521523147875073f,0.08478595322546874f,0.10064577376198094f,-0.08758838827082492f,0.2971647475906005f,-0.9508003928425428f,0.2575743643651627f,0f,0f,0f,1f], start_interpolation: 0, interpolation_duration: 1 }
$data merge entity $(bone_magnet_left1) { transformation: [-0.9989372398487515f,0.042440552994933975f,-0.01797749439833303f,0.3108340268133654f,0.006839678066160953f,0.5222202235995747f,0.8527832414321715f,0.28533391025415056f,0.045580803495651225f,0.8517539771114041f,-0.5219555084751921f,-0.011395200873912797f,0f,0f,0f,1f], start_interpolation: 0, interpolation_duration: 1 }
$data merge entity $(bone_magnet_right1) { transformation: [-0.9989372398487515f,-0.035285672660867254f,-0.029653197942684353f,-0.18863459311101033f,0.006839678066160953f,0.5227524115485033f,-0.8524571162376297f,0.2887537492872311f,0.045580803495651225f,-0.8517539771114041f,-0.5219555084751921f,0.011395200873912815f,0f,0f,0f,1f], start_interpolation: 0, interpolation_duration: 1 }
$data merge entity $(bone_body1) { transformation: [-0.9989372398487515f,0.006846794247134799f,-0.04557973510119707f,0.06088575453095459f,0.006839678066160953f,0.999976560429562f,0.0003120823831538075f,0.25579456225726704f,0.045580803495651225f,8.655955202295521e-19f,-0.9989606550573905f,7.4563544400005e-18f,0f,0f,0f,1f], start_interpolation: 0, interpolation_duration: 1 }