# This file was generated by Animated Java via MC-Build. It is not recommended to edit this file directly.
$data merge entity $(bone_pupil1) { transformation: [-0.9992153039408515f,-1.9247510187332458e-16f,-0.03960778168986412f,0.0652543614604466f,-1.9232406741940035e-16f,1f,-7.62351181573302e-18f,0.2858384515973293f,0.03960778168986412f,-2.3571401742472768e-32f,-0.9992153039408515f,0.25604892163484316f,0f,0f,0f,1f], start_interpolation: 0, interpolation_duration: 1 }
$data merge entity $(bone_pupil_closed1) { transformation: [-0.9992153039408515f,-1.9247510187332458e-16f,-0.03960778168986412f,0.06480877391643562f,-1.9232406741940035e-16f,1f,-7.62351181573302e-18f,0.2858384515973293f,0.03960778168986412f,-2.3571401742472768e-32f,-0.9992153039408515f,0.24480774946550862f,0f,0f,0f,1f], start_interpolation: 0, interpolation_duration: 1 }
$data merge entity $(bone_eye1) { transformation: [-0.9992153039408515f,-1.9247510187332458e-16f,-0.03960778168986412f,0.06503156768844111f,-1.9232406741940035e-16f,1f,-7.62351181573302e-18f,0.2858384515973293f,0.03960778168986412f,-2.3571401742472768e-32f,-0.9992153039408515f,0.2504283355501759f,0f,0f,0f,1f], start_interpolation: 0, interpolation_duration: 1 }
$data merge entity $(bone_nail_head1) { transformation: [-0.27110527108510746f,-1.9247510187332458e-16f,-0.9625497036464509f,0.055104867402418864f,-5.218101467050131e-17f,1f,-1.8526685226748902e-16f,0.5358384515973293f,0.9625497036464509f,-2.3571401742472768e-32f,-0.27110527108510746f,6.748399948181159e-18f,0f,0f,0f,1f], start_interpolation: 0, interpolation_duration: 1 }
$data merge entity $(bone_nail_left_rotation1) { transformation: [-0.27467211604292086f,-0.8453538496663975f,-0.4581834758289588f,0.23674694318971884f,-0.9510565162951544f,0.3090169943749444f,-8.818891118685281e-17f,0.09833845159732932f,0.1415864805729299f,0.43575838034589465f,-0.8888576390386111f,0.24299623850726748f,0f,0f,0f,1f], start_interpolation: 0, interpolation_duration: 1 }
$data merge entity $(bone_nail_right_rotation1) { transformation: [-0.3263276073751949f,0.8953547542667973f,0.3030679076982973f,-0.10673331753994887f,0.945090105472965f,0.31506548470234386f,0.08682414921193794f,0.09833845159732926f,-0.017747822454610762f,0.3147595977267732f,-0.9490054849351501f,0.25661141346315824f,0f,0f,0f,1f], start_interpolation: 0, interpolation_duration: 1 }
$data merge entity $(bone_magnet_left1) { transformation: [-0.9992153039408515f,0.03766923887214111f,-0.012239477651660956f,0.30490869338763177f,-1.9232406741940035e-16f,0.30901699437494456f,0.9510565162951544f,0.28583845159732935f,0.03960778168986412f,0.9503102259947901f,-0.30877450995724864f,-0.009901945422466023f,0f,0f,0f,1f], start_interpolation: 0, interpolation_duration: 1 }
$data merge entity $(bone_magnet_right1) { transformation: [-0.9992153039408515f,-0.037669238872141235f,-0.012239477651660589f,-0.19469895858279396f,-1.9232406741940035e-16f,0.30901699437494456f,-0.9510565162951544f,0.28583845159732924f,0.03960778168986412f,-0.9503102259947901f,-0.30877450995724864f,0.009901945422466037f,0f,0f,0f,1f], start_interpolation: 0, interpolation_duration: 1 }
$data merge entity $(bone_body1) { transformation: [-0.9992153039408515f,-1.9247510187332458e-16f,-0.03960778168986412f,0.05510486740241892f,-1.9232406741940035e-16f,1f,-7.62351181573302e-18f,0.2545884515973293f,0.03960778168986412f,-2.3571401742472768e-32f,-0.9992153039408515f,6.748399948181166e-18f,0f,0f,0f,1f], start_interpolation: 0, interpolation_duration: 1 }