# This file was generated by Animated Java via MC-Build. It is not recommended to edit this file directly.
$data merge entity $(bone_pupil1) { transformation: [-0.9995432711842243f,-0.026963551680397345f,-0.013646095086828538f,0.03162454409863868f,-0.026961039215609973f,0.9996364173442155f,-0.00036808101798338315f,0.2824871768720708f,0.013651058374886747f,-3.3020827259042844e-18f,-0.9999068199613629f,0.2562261226150992f,0f,0f,0f,1f], start_interpolation: 0, interpolation_duration: 1 }
$data merge entity $(bone_pupil_closed1) { transformation: [-0.9995432711842243f,-0.026963551680397345f,-0.013646095086828538f,0.03147102552891185f,-0.026961039215609973f,0.9996364173442155f,-0.00036808101798338315f,0.2824830359606185f,0.013651058374886747f,-3.3020827259042844e-18f,-0.9999068199613629f,0.2449771708905339f,0f,0f,0f,1f], start_interpolation: 0, interpolation_duration: 1 }
$data merge entity $(bone_eye1) { transformation: [-0.9995432711842243f,-0.026963551680397345f,-0.013646095086828538f,0.031547784813775265f,-0.026961039215609973f,0.9996364173442155f,-0.00036808101798338315f,0.28248510641634467f,0.013651058374886747f,-3.3020827259042844e-18f,-0.9999068199613629f,0.25060164675281654f,0f,0f,0f,1f], start_interpolation: 0, interpolation_duration: 1 }
$data merge entity $(bone_nail_head1) { transformation: [0.5985567166623592f,-0.026963551680397345f,-0.8006265195577489f,0.021386844312539528f,0.01614508503626983f,0.9996364173442155f,-0.021595586317418532f,0.5323019604472665f,0.8009177193492149f,-3.3020827259042844e-18f,0.5987744206564374f,2.6191330431214315e-18f,0f,0f,0f,1f], start_interpolation: 0, interpolation_duration: 1 }
$data merge entity $(bone_nail_left_rotation1) { transformation: [0.5508952069471921f,-0.7123690688504056f,-0.4347928020423247f,0.20839142167920904f,-0.7944517518697845f,-0.6072140249837661f,-0.011727822220882636f,0.09968697672885099f,-0.2556577495669566f,0.3518827043323103f,-0.9004541506807213f,0.24763042933215706f,0f,0f,0f,1f], start_interpolation: 0, interpolation_duration: 1 }
$data merge entity $(bone_nail_right_rotation1) { transformation: [0.5039838121245401f,0.8001755224040553f,0.32514527593340997f,-0.13520157779036807f,0.82429224947924f,-0.5580304272618375f,0.09562598861410777f,0.09041911949848505f,0.2579585326459868f,0.21982078062678273f,-0.9408167833535714f,0.2523229806485244f,0f,0f,0f,1f], start_interpolation: 0, interpolation_duration: 1 }
$data merge entity $(bone_magnet_left1) { transformation: [-0.9995432711842243f,0.026888700859264175f,-0.013792998094730188f,0.27801355002869493f,-0.026961039215609973f,-0.5872737599705536f,0.8089392024215806f,0.28913311591511515f,0.013651058374886747f,0.8089416101401569f,0.5877304824399495f,-0.0034127645937216834f,0f,0f,0f,1f], start_interpolation: 0, interpolation_duration: 1 }
$data merge entity $(bone_magnet_right1) { transformation: [-0.9995432711842243f,0.004808855195062559f,0.02983494498156724f,-0.2217580855634172f,-0.026961039215609973f,-0.5878693275682644f,-0.8085064972335417f,0.2756525963073101f,0.013651058374886747f,-0.8089416101401569f,0.5877304824399495f,0.0034127645937216903f,0f,0f,0f,1f], start_interpolation: 0, interpolation_duration: 1 }
$data merge entity $(bone_body1) { transformation: [-0.9995432711842243f,-0.026963551680397345f,-0.013646095086828538f,0.028970343222651282f,-0.026961039215609973f,0.9996364173442155f,-0.00036808101798338315f,0.25115421806920585f,0.013651058374886747f,-3.3020827259042844e-18f,-0.9999068199613629f,3.547843809782011e-18f,0f,0f,0f,1f], start_interpolation: 0, interpolation_duration: 1 }