# This file was generated by Animated Java via MC-Build. It is not recommended to edit this file directly.
$data merge entity $(bone_pupil1) { transformation: [-0.9967261101060693f,-0.07054141646646575f,0.039509112818798826f,-0.04129897264704561f,-0.07048606289495776f,0.9975088513707057f,0.0027939890234976086f,0.4668019738488574f,-0.03960778168986492f,-8.855672422794869e-18f,-0.9992153039408513f,0.2560489216348431f,0f,0f,0f,1f], start_interpolation: 0, interpolation_duration: 1 }
$data merge entity $(bone_pupil_closed1) { transformation: [-0.9967261101060693f,-0.07054141646646575f,0.039509112818798826f,-0.040854495127834116f,-0.07048606289495776f,0.9975088513707057f,0.0027939890234976086f,0.4668334062253718f,-0.03960778168986492f,-8.855672422794869e-18f,-0.9992153039408513f,0.24480774946550857f,0f,0f,0f,1f], start_interpolation: 0, interpolation_duration: 1 }
$data merge entity $(bone_eye1) { transformation: [-0.9967261101060693f,-0.07054141646646575f,0.039509112818798826f,-0.04107673388743986f,-0.07048606289495776f,0.9975088513707057f,0.0027939890234976086f,0.4668176900371146f,-0.03960778168986492f,-8.855672422794869e-18f,-0.9992153039408513f,0.25042833555017585f,0f,0f,0f,1f], start_interpolation: 0, interpolation_duration: 1 }
$data merge entity $(bone_nail_head1) { transformation: [0.6178244517982768f,-0.07054141646646575f,0.7831454879669953f,-0.04881011660384484f,0.043691052863922525f,0.9975088513707057f,0.05538215720552328f,0.7168951463788051f,-0.7851012919743544f,-8.855672422794869e-18f,0.6193673880179674f,-6.0385016786930765e-18f,0f,0f,0f,1f], start_interpolation: 0, interpolation_duration: 1 }
$data merge entity $(bone_nail_left_rotation1) { transformation: [0.4837155089758246f,0.7857895070848301f,-0.38542723947800905f,0.14348677507001487f,0.8452446014752829f,-0.5336840336671698f,-0.027256483368721853f,0.29190131870831787f,-0.22711422248099988f,-0.3125959097047158f,-0.9223355827369624f,0.25661141346315836f,0f,0f,0f,1f], start_interpolation: 0, interpolation_duration: 1 }
$data merge entity $(bone_nail_right_rotation1) { transformation: [0.6312607711203078f,-0.6815308627163306f,0.3701695854736429f,-0.19913782527894644f,-0.758833853140705f,-0.6413678812324433f,0.11321848016572876f,0.2676717345881761f,0.1602529942691413f,-0.35236759795494915f,-0.922039073867932f,0.24299623850726731f,0f,0f,0f,1f], start_interpolation: 0, interpolation_duration: 1 }
$data merge entity $(bone_magnet_left1) { transformation: [-0.9967261101060693f,0.07342674797789533f,0.03384633088260207f,0.2180067650392889f,-0.07048606289495776f,-0.5840606072647989f,-0.8086438783414132f,0.4851394492598682f,-0.03960778168986492f,-0.8083821619276769f,0.5873240195213738f,0.009901945422466227f,0f,0f,0f,1f], start_interpolation: 0, interpolation_duration: 1 }
$data merge entity $(bone_magnet_right1) { transformation: [-0.9967261101060693f,0.009499660571724682f,-0.080292078574701f,-0.28035629001374573f,-0.07048606289495776f,-0.5885813764690122f,0.8053593472552554f,0.4498964178123893f,-0.03960778168986492f,0.8083821619276769f,0.5873240195213738f,-0.009901945422466231f,0f,0f,0f,1f], start_interpolation: 0, interpolation_duration: 1 }
$data merge entity $(bone_body1) { transformation: [-0.9967261101060693f,-0.07054141646646575f,0.039509112818798826f,-0.02897034322265135f,-0.07048606289495776f,0.9975088513707057f,0.0027939890234976086f,0.43634578193079415f,-0.03960778168986492f,-8.855672422794869e-18f,-0.9992153039408513f,-3.54784380978202e-18f,0f,0f,0f,1f], start_interpolation: 0, interpolation_duration: 1 }