# This file was generated by Animated Java via MC-Build. It is not recommended to edit this file directly.
$data merge entity $(bone_pupil1) { transformation: [-0.9972427713944392f,-0.0663092496524721f,0.033315736703013195f,-0.032494824443277365f,-0.06627227723739416f,0.9977991197683661f,0.0022140142826633903f,0.2812637134933046f,-0.033389222382504476f,-8.337381468573372e-18f,-0.9994424244691095f,0.2561071212702093f,0f,0f,0f,1f], start_interpolation: 0, interpolation_duration: 1 }
$data merge entity $(bone_pupil_closed1) { transformation: [-0.9972427713944392f,-0.0663092496524721f,0.033315736703013195f,-0.03212002240536847f,-0.06627227723739416f,0.9977991197683661f,0.0022140142826633903f,0.28128862115398456f,-0.033389222382504476f,-8.337381468573372e-18f,-0.9994424244691095f,0.24486339399493184f,0f,0f,0f,1f], start_interpolation: 0, interpolation_duration: 1 }
$data merge entity $(bone_eye1) { transformation: [-0.9972427713944392f,-0.0663092496524721f,0.033315736703013195f,-0.03230742342432292f,-0.06627227723739416f,0.9977991197683661f,0.0022140142826633903f,0.2812761673236446f,-0.033389222382504476f,-8.337381468573372e-18f,-0.9994424244691095f,0.25048525763257057f,0f,0f,0f,1f], start_interpolation: 0, interpolation_duration: 1 }
$data merge entity $(bone_nail_head1) { transformation: [0.7799461927002938f,-0.0663092496524721f,0.6223238866561709f,-0.04053497932624826f,0.051831722220064554f,0.9977991197683661f,0.04135685144176158f,0.5312808345953286f,-0.6236965681034476f,-8.337381468573372e-18f,0.7816665471516493f,-5.0250896407417165e-18f,0f,0f,0f,1f], start_interpolation: 0, interpolation_duration: 1 }
$data merge entity $(bone_nail_left_rotation1) { transformation: [0.6549036517664628f,0.6465429920037066f,-0.391258694975392f,0.1515474845543742f,0.6944025148411925f,-0.7191168750467257f,-0.02600129622267705f,0.1055807637761797f,-0.29817168592134824f,-0.2546626778975025f,-0.9199133471153105f,0.2555993787142703f,0f,0f,0f,1f], start_interpolation: 0, interpolation_duration: 1 }
$data merge entity $(bone_nail_right_rotation1) { transformation: [0.7718814552695868f,-0.5206117088610546f,0.3649143291344938f,-0.19125471811246428f,-0.5913190616251184f,-0.7987249800898388f,0.11126622820638932f,0.08279966847582548f,0.23353968906739297f,-0.30166513682767415f,-0.9243686271466843f,0.2441218335202844f,0f,0f,0f,1f], start_interpolation: 0, interpolation_duration: 1 }
$data merge entity $(bone_magnet_left1) { transformation: [-0.9972427713944392f,0.07205878919065577f,0.017730927835705772f,0.22535302593547957f,-0.06627227723739416f,-0.7572945158874745f,-0.6497022406276015f,0.2983991239625856f,-0.033389222382504476f,-0.6490859319898501f,0.7599819818400693f,0.008347305595626115f,0f,0f,0f,1f], start_interpolation: 0, interpolation_duration: 1 }
$data merge entity $(bone_magnet_right1) { transformation: [-0.9972427713944392f,0.02878510882974739f,-0.06839789771036806f,-0.2732683597617401f,-0.06627227723739416f,-0.7601702903971764f,0.6463351412906796f,0.26526298534388854f,-0.033389222382504476f,0.6490859319898501f,0.7599819818400693f,-0.00834730559562612f,0f,0f,0f,1f], start_interpolation: 0, interpolation_duration: 1 }
$data merge entity $(bone_body1) { transformation: [-0.9972427713944392f,-0.0663092496524721f,0.033315736703013195f,-0.021885502861490484f,-0.06627227723739416f,0.9977991197683661f,0.0022140142826633903f,0.25064983216047565f,-0.033389222382504476f,-8.337381468573372e-18f,-0.9994424244691095f,-2.680201102705456e-18f,0f,0f,0f,1f], start_interpolation: 0, interpolation_duration: 1 }