# This file was generated by Animated Java via MC-Build. It is not recommended to edit this file directly.
$data merge entity $(bone_pupil1) { transformation: [-0.9931847990746521f,-0.08715574274765817f,0.07738107903839929f,-0.09839786168710549f,-0.08689241070530468f,0.9961946980917455f,0.0067699671872634365f,0.2896144185809713f,-0.07767666218925491f,-1.0673500138322972e-17f,-0.9969786036576394f,0.25547576718727005f,0f,0f,0f,1f], start_interpolation: 0, interpolation_duration: 1 }
$data merge entity $(bone_pupil_closed1) { transformation: [-0.9931847990746521f,-0.08715574274765817f,0.07738107903839929f,-0.09752732454792348f,-0.08689241070530468f,0.9961946980917455f,0.0067699671872634365f,0.289690580711828f,-0.07767666218925491f,-1.0673500138322972e-17f,-0.9969786036576394f,0.24425975789612164f,0f,0f,0f,1f], start_interpolation: 0, interpolation_duration: 1 }
$data merge entity $(bone_eye1) { transformation: [-0.9931847990746521f,-0.08715574274765817f,0.07738107903839929f,-0.09796259311751448f,-0.08689241070530468f,0.9961946980917455f,0.0067699671872634365f,0.28965249964639966f,-0.07767666218925491f,-1.0673500138322972e-17f,-0.9969786036576394f,0.24986776254169585f,0f,0f,0f,1f], start_interpolation: 0, interpolation_duration: 1 }
$data merge entity $(bone_nail_head1) { transformation: [-0.9206628065793048f,-0.08715574274765817f,0.3805047609263539f,-0.1003578958704302f,-0.08054755850564965f,0.9961946980917455f,0.033289852998697925f,0.540397897195644f,-0.38195822729756285f,-1.0673500138322972e-17f,-0.92417958893264f,-1.2290297594688574e-17f,0f,0f,0f,1f], start_interpolation: 0, interpolation_duration: 1 }
$data merge entity $(bone_nail_left_rotation1) { transformation: [-0.9141102455082931f,0.20537145216934993f,-0.3496069588704155f,0.08913110916302625f,0.23022310539671723f,0.972657071558618f,-0.030586645590935352f,0.1178048580736637f,0.3337660569894129f,-0.10844716584985452f,-0.9363970479560868f,0.262595327228188f,0f,0f,0f,1f], start_interpolation: 0, interpolation_duration: 1 }
$data merge entity $(bone_nail_right_rotation1) { transformation: [-0.8216317161411502f,-0.4031487381623451f,0.4029794262106412f,-0.25227616551888543f,-0.3881524444251249f,0.9134292518357102f,0.12241193478437955f,0.08793559189371519f,-0.4174434128331037f,-0.05583992128364634f,-0.90698561194392f,0.23589397460063166f,0f,0f,0f,1f], start_interpolation: 0, interpolation_duration: 1 }
$data merge entity $(bone_magnet_left1) { transformation: [-0.9931847990746521f,-0.0589779686067681f,0.10052638512381734f,0.16972723958514735f,-0.08689241070530468f,0.9495294940310633f,-0.30140247000801695f,0.31307232534903373f,-0.07767666218925491f,-0.30808333155841455f,-0.9481829976154416f,0.019419165547313717f,0f,0f,0f,1f], start_interpolation: 0, interpolation_duration: 1 }
$data merge entity $(bone_magnet_right1) { transformation: [-0.9931847990746521f,-0.10680210553864072f,0.046661173791022637f,-0.32686515995217863f,-0.08689241070530468f,0.9453454242066129f,0.3142797128251195f,0.2696261199963814f,-0.07767666218925491f,0.30808333155841455f,-0.9481829976154416f,-0.019419165547313738f,0f,0f,0f,1f], start_interpolation: 0, interpolation_duration: 1 }
$data merge entity $(bone_body1) { transformation: [-0.9931847990746521f,-0.08715574274765817f,0.07738107903839929f,-0.07584534322265135f,-0.08689241070530468f,0.9961946980917455f,0.0067699671872634365f,0.26021813835734053f,-0.07767666218925491f,-1.0673500138322972e-17f,-0.9969786036576394f,-9.288375680785238e-18f,0f,0f,0f,1f], start_interpolation: 0, interpolation_duration: 1 }