# This file was generated by Animated Java via MC-Build. It is not recommended to edit this file directly.
$data merge entity $(bone_pupil1) { transformation: [-0.993461656480143f,-0.07433825247896006f,0.086647338805672f,-0.11798745099640169f,-0.07405711324449873f,0.9972330841976585f,0.00645908348894022f,0.3044156584775404f,-0.08688774989388327f,-9.103810295256623e-18f,-0.9962181081060402f,0.25528089020217276f,0f,0f,0f,1f], start_interpolation: 0, interpolation_duration: 1 }
$data merge entity $(bone_pupil_closed1) { transformation: [-0.993461656480143f,-0.07433825247896006f,0.086647338805672f,-0.11701266843483789f,-0.07405711324449873f,0.9972330841976585f,0.00645908348894022f,0.304488323166791f,-0.08688774989388327f,-9.103810295256623e-18f,-0.9962181081060402f,0.24407343648597984f,0f,0f,0f,1f], start_interpolation: 0, interpolation_duration: 1 }
$data merge entity $(bone_eye1) { transformation: [-0.993461656480143f,-0.07433825247896006f,0.086647338805672f,-0.11750005971561979f,-0.07405711324449873f,0.9972330841976585f,0.00645908348894022f,0.3044519908221657f,-0.08688774989388327f,-9.103810295256623e-18f,-0.9962181081060402f,0.2496771633440763f,0f,0f,0f,1f], start_interpolation: 0, interpolation_duration: 1 }
$data merge entity $(bone_nail_head1) { transformation: [-0.3161722838110463f,-0.07433825247896006f,-0.945784812295102f,-0.11436863354718826f,-0.02356890824546327f,0.9972330841976585f,-0.07050306621518344f,0.5553790696709959f,0.9484089800891934f,-9.103810295256623e-18f,-0.3170495331745118f,-1.400611809964207e-17f,0f,0f,0f,1f], start_interpolation: 0, interpolation_duration: 1 }
$data merge entity $(bone_nail_left_rotation1) { transformation: [-0.14645420809877113f,-0.928465297274641f,-0.34132588048209045f,0.06724373941846333f,-0.9859852083497852f,0.16488108825776532f,-0.025443970805777812f,0.1302033908011835f,0.0799020265424608f,0.3328158927870594f,-0.9396005787901369f,0.2639883590395212f,0f,0f,0f,1f], start_interpolation: 0, interpolation_duration: 1 }
$data merge entity $(bone_nail_right_rotation1) { transformation: [-0.32509015943388575f,0.850800352897278f,0.4128621413366912f,-0.2742587049965858f,0.9453455182130625f,0.30403156909988305f,0.11784165725726815f,0.10474625812338709f,-0.025263401072048053f,0.4286065380982075f,-0.903137971777149f,0.23412069501349886f,0f,0f,0f,1f], start_interpolation: 0, interpolation_duration: 1 }
$data merge entity $(bone_magnet_left1) { transformation: [-0.993461656480143f,-0.10160718633550518f,-0.052056861110832006f,0.1525813436925875f,-0.07405711324449873f,0.22651882169169363f,0.9711872977944562f,0.32458507693270605f,-0.08688774989388327f,0.9686925224777925f,-0.23256249872666346f,0.021721937473470808f,0f,0f,0f,1f], start_interpolation: 0, interpolation_duration: 1 }
$data merge entity $(bone_magnet_right1) { transformation: [-0.993461656480143f,0.06689934553877812f,0.09251170018010528f,-0.34414948454748395f,-0.07405711324449873f,0.23908005868765908f,-0.9681716116039536f,0.28755652031045664f,-0.08688774989388327f,-0.9686925224777925f,-0.23256249872666346f,-0.02172193747347083f,0f,0f,0f,1f], start_interpolation: 0, interpolation_duration: 1 }
$data merge entity $(bone_body1) { transformation: [-0.993461656480143f,-0.07433825247896006f,0.086647338805672f,-0.09346100003748074f,-0.07405711324449873f,0.9972330841976585f,0.00645908348894022f,0.2749072647404045f,-0.08688774989388327f,-9.103810295256623e-18f,-0.9962181081060402f,-1.1445671454101145e-17f,0f,0f,0f,1f], start_interpolation: 0, interpolation_duration: 1 }