# This file was generated by Animated Java via MC-Build. It is not recommended to edit this file directly.
$data merge entity $(bone_pupil1) { transformation: [-0.9967261101060693f,-0.03960778168986508f,0.07048606289495789f,-0.10283165843730076f,-0.03950911281879899f,0.9992153039408513f,0.0027939890234976294f,0.32527527811876006f,-0.07054141646646588f,-4.850554306782042e-18f,-0.9975088513707057f,0.2556116431637433f,0f,0f,0f,1f], start_interpolation: 0, interpolation_duration: 1 }
$data merge entity $(bone_pupil_closed1) { transformation: [-0.9967261101060693f,-0.03960778168986508f,0.07048606289495789f,-0.10203869022973248f,-0.03950911281879899f,0.9992153039408513f,0.0027939890234976294f,0.32530671049527443f,-0.07054141646646588f,-4.850554306782042e-18f,-0.9975088513707057f,0.2443896685858229f,0f,0f,0f,1f], start_interpolation: 0, interpolation_duration: 1 }
$data merge entity $(bone_eye1) { transformation: [-0.9967261101060693f,-0.03960778168986508f,0.07048606289495789f,-0.10243517433351662f,-0.03950911281879899f,0.9992153039408513f,0.0027939890234976294f,0.32529099430701724f,-0.07054141646646588f,-4.850554306782042e-18f,-0.9975088513707057f,0.2500006558747831f,0f,0f,0f,1f], start_interpolation: 0, interpolation_duration: 1 }
$data merge entity $(bone_nail_head1) { transformation: [0.9734283081767452f,-0.03960778168986508f,-0.22554057832188026f,-0.09467155024293405f,0.03858561390016653f,0.9992153039408513f,-0.008940177310282415f,0.5757950637912441f,0.2257176981100673f,-4.850554306782042e-18f,0.9741927533911823f,-1.1593921097532702e-17f,0f,0f,0f,1f], start_interpolation: 0, interpolation_duration: 1 }
$data merge entity $(bone_nail_left_rotation1) { transformation: [0.9278369841270337f,-0.10685344377255436f,-0.35735258840534057f,0.07634763869712309f,-0.11977889035237481f,-0.9926995358826172f,-0.01416505857350719f,0.14473049982697841f,-0.3532301633666143f,0.0559461617305663f,-0.9338621304430393f,0.2615015187978502f,0f,0f,0f,1f], start_interpolation: 0, interpolation_duration: 1 }
$data merge entity $(bone_nail_right_rotation1) { transformation: [0.8880313210537658f,0.2234070633825717f,0.40185775699652665f,-0.26627696165183823f,0.19867068750359893f,-0.974657730425181f,0.1028215271686f,0.13114924229551625f,0.4146448248252368f,-0.011471379743143398f,-0.9099110268001137f,0.23725290688750258f,0f,0f,0f,1f], start_interpolation: 0, interpolation_duration: 1 }
$data merge entity $(bone_magnet_left1) { transformation: [-0.9967261101060693f,0.028093694630152405f,-0.07581428463588982f,0.16441192270604954f,-0.03950911281879899f,-0.9873503816248248f,0.15355212114974098f,0.3358685160107311f,-0.07054141646646588f,0.1560447635370731f,0.9852278621392941f,0.01763535411661646f,0f,0f,0f,1f], start_interpolation: 0, interpolation_duration: 1 }
$data merge entity $(bone_magnet_right1) { transformation: [-0.9967261101060693f,0.05014659371368224f,-0.06342224035572111f,-0.3339511323469851f,-0.03950911281879899f,-0.9864762292683866f,-0.15907130191425978f,0.3161139596013316f,-0.07054141646646588f,-0.1560447635370731f,0.9852278621392941f,-0.017635354116616476f,0f,0f,0f,1f], start_interpolation: 0, interpolation_duration: 1 }
$data merge entity $(bone_body1) { transformation: [-0.9967261101060693f,-0.03960778168986508f,0.07048606289495789f,-0.08353186164265951f,-0.03950911281879899f,0.9992153039408513f,0.0027939890234976294f,0.29476575955787976f,-0.07054141646646588f,-4.850554306782042e-18f,-0.9975088513707057f,-1.0229702698750254e-17f,0f,0f,0f,1f], start_interpolation: 0, interpolation_duration: 1 }