# This file was generated by Animated Java via MC-Build. It is not recommended to edit this file directly.
$data merge entity $(bone_pupil1) { transformation: [-0.9995432711842243f,0.013651058374886933f,0.026961039215610626f,-0.04904378007536786f,0.013646095086828723f,0.9999068199613629f,-0.0003680810179833921f,0.3532059060231595f,-0.026963551680397997f,1.6717724943778952e-18f,-0.9996364173442155f,0.2561568319444552f,0f,0f,0f,1f], start_interpolation: 0, interpolation_duration: 1 }
$data merge entity $(bone_pupil_closed1) { transformation: [-0.9995432711842243f,0.013651058374886933f,0.026961039215610626f,-0.04874046838419224f,0.013646095086828723f,0.9999068199613629f,-0.0003680810179833921f,0.3532017651117072f,-0.026963551680397997f,1.6717724943778952e-18f,-0.9996364173442155f,0.2449109222493328f,0f,0f,0f,1f], start_interpolation: 0, interpolation_duration: 1 }
$data merge entity $(bone_eye1) { transformation: [-0.9995432711842243f,0.013651058374886933f,0.026961039215610626f,-0.04889212422978005f,0.013646095086828723f,0.9999068199613629f,-0.0003680810179833921f,0.35320383556743334f,-0.026963551680397997f,1.6717724943778952e-18f,-0.9996364173442155f,0.250533877096894f,0f,0f,0f,1f], start_interpolation: 0, interpolation_duration: 1 }
$data merge entity $(bone_nail_head1) { transformation: [-0.12973391282867436f,0.013651058374886933f,0.9914548706156057f,-0.038722249182645906f,0.0017711702549395164f,0.9999068199613629f,-0.013535669569053029f,0.603088290252642f,-0.9915472630278851f,1.6717724943778952e-18f,-0.1297460025662065f,-4.742107851731352e-18f,0f,0f,0f,1f], start_interpolation: 0, interpolation_duration: 1 }
$data merge entity $(bone_nail_left_rotation1) { transformation: [-0.13001247852635942f,0.9081302353079154f,-0.397990240014781f,0.12036165270922695f,0.9895553553352092f,0.14405094885901784f,0.005433494292285128f,0.1633756541809929f,0.06226519216095457f,-0.39312695131777303f,-0.9173735585860063f,0.2545434647811223f,0f,0f,0f,1f], start_interpolation: 0, interpolation_duration: 1 }
$data merge entity $(bone_nail_right_rotation1) { transformation: [-0.12044836156754439f,-0.9225130913473344f,0.3666903168730785f,-0.22323134676035017f,-0.9835655878375442f,0.1609448037708193f,0.08182606284649527f,0.16806649936709026f,-0.1345025152830988f,-0.3508081618662216f,-0.9267376688958762f,0.24527474389098547f,0f,0f,0f,1f], start_interpolation: 0, interpolation_duration: 1 }
$data merge entity $(bone_magnet_left1) { transformation: [-0.9995432711842243f,0.028764600097695246f,-0.009265355447036851f,0.20775080401968843f,0.013646095086828723f,0.1560563391408724f,-0.9876538883145402f,0.34970006149059407f,-0.026963551680397997f,-0.9873292342451776f,-0.15637758818197006f,0.006740887920099495f,0f,0f,0f,1f], start_interpolation: 0, interpolation_duration: 1 }
$data merge entity $(bone_magnet_right1) { transformation: [-0.9995432711842243f,-0.024493608069478586f,0.017700626940282037f,-0.2920208315724237f,0.013646095086828723f,0.15678343780058557f,0.9875387272002608f,0.3565231090340084f,-0.026963551680397997f,0.9873292342451776f,-0.15637758818197006f,-0.006740887920099504f,0f,0f,0f,1f], start_interpolation: 0, interpolation_duration: 1 }
$data merge entity $(bone_body1) { transformation: [-0.9995432711842243f,0.013651058374886933f,0.026961039215610626f,-0.042561609350582855f,0.013646095086828723f,0.9999068199613629f,-0.0003680810179833921f,0.3218644971385087f,-0.026963551680397997f,1.6717724943778952e-18f,-0.9996364173442155f,-5.2122938657751354e-18f,0f,0f,0f,1f], start_interpolation: 0, interpolation_duration: 1 }