# This file was generated by Animated Java via MC-Build. It is not recommended to edit this file directly.
$data merge entity $(bone_pupil1) { transformation: [-0.9995850410175001f,0.0203705420276394f,0.020366315119399507f,-0.040458860595209575f,0.020366315119399136f,0.9997924989804136f,-0.00041495898249982823f,0.3568101311433915f,-0.02037054202763977f,2.4404618004802474e-18f,-0.9997924989804136f,0.25619682786373094f,0f,0f,0f,1f], start_interpolation: 0, interpolation_duration: 1 }
$data merge entity $(bone_pupil_closed1) { transformation: [-0.9995850410175001f,0.0203705420276394f,0.020366315119399507f,-0.04022973955011633f,0.020366315119399136f,0.9997924989804136f,-0.00041495898249982823f,0.35680546285483833f,-0.02037054202763977f,2.4404618004802474e-18f,-0.9997924989804136f,0.2449491622502013f,0f,0f,0f,1f], start_interpolation: 0, interpolation_duration: 1 }
$data merge entity $(bone_eye1) { transformation: [-0.9995850410175001f,0.0203705420276394f,0.020366315119399507f,-0.04034430007266295f,0.020366315119399136f,0.9997924989804136f,-0.00041495898249982823f,0.3568077969991149f,-0.02037054202763977f,2.4404618004802474e-18f,-0.9997924989804136f,0.2505729950569661f,0f,0f,0f,1f], start_interpolation: 0, interpolation_duration: 1 }
$data merge entity $(bone_nail_head1) { transformation: [-0.3637086127458872f,0.0203705420276394f,0.9312900117750444f,-0.030147356838953598f,0.007410479263757376f,0.9997924989804136f,-0.018974819619201787f,0.6066519226492293f,-0.9314832955085903f,2.4404618004802474e-18f,-0.3637840983171975f,-3.707232998608337e-18f,0f,0f,0f,1f], start_interpolation: 0, interpolation_duration: 1 }
$data merge entity $(bone_nail_left_rotation1) { transformation: [-0.33115895199860973f,0.8527192247918481f,-0.40398474251086763f,0.12765263116898712f,0.9308185656622286f,0.36538889812759806f,0.008231096136683389f,0.16584598367977657f,0.15463035384326718f,-0.3733106974029667f,-0.9147286903092177f,0.25344931165610396f,0f,0f,0f,1f], start_interpolation: 0, interpolation_duration: 1 }
$data merge entity $(bone_nail_right_rotation1) { transformation: [-0.34003944476324827f,-0.8683145448493772f,0.36111359321980785f,-0.21595472668077853f,-0.9165342123502906f,0.39197862426651037f,0.07948456271230611f,0.17284690450207005f,-0.21056641136832438f,-0.3039450761587577f,-0.9291281811904709f,0.2464469378341028f,0f,0f,0f,1f], start_interpolation: 0, interpolation_duration: 1 }
$data merge entity $(bone_magnet_left1) { transformation: [-0.9995850410175001f,0.026611490633762724f,-0.011026075470976195f,0.21465626790851158f,0.020366315119399136f,0.38222065305193154f,-0.9238466244940297f,0.35161221912427604f,-0.02037054202763977f,-0.9236878265663159f,-0.3826040251626948f,0.005092635506909938f,0f,0f,0f,1f], start_interpolation: 0, interpolation_duration: 1 }
$data merge entity $(bone_magnet_right1) { transformation: [-0.9995850410175001f,-0.01102055274921402f,0.02661377822001783f,-0.28513625260023845f,0.020366315119399136f,0.3829873972734581f,0.9235290286386021f,0.36179537668397566f,-0.02037054202763977f,0.9236878265663159f,-0.3826040251626948f,-0.005092635506909947f,0f,0f,0f,1f], start_interpolation: 0, interpolation_duration: 1 }
$data merge entity $(bone_body1) { transformation: [-0.9995850410175001f,0.0203705420276394f,0.020366315119399507f,-0.03587657178422718f,0.020366315119399136f,0.9997924989804136f,-0.00041495898249982823f,0.32546028231098795f,-0.02037054202763977f,2.4404618004802474e-18f,-0.9997924989804136f,-4.393612879993406e-18f,0f,0f,0f,1f], start_interpolation: 0, interpolation_duration: 1 }