# This file was generated by Animated Java via MC-Build. It is not recommended to edit this file directly.
$data merge entity $(bone_pupil1) { transformation: [-0.9992153039408515f,0.039607781689864306f,2.506087597086904e-16f,-0.013427987919713669f,0.039607781689864306f,0.9992153039408515f,-5.079488592008165e-18f,0.367619938023666f,-2.5061329527780737e-16f,4.850554306781947e-18f,-1f,0.25625f,0f,0f,0f,1f], start_interpolation: 0, interpolation_duration: 1 }
$data merge entity $(bone_pupil_closed1) { transformation: [-0.9992153039408515f,0.039607781689864306f,2.506087597086904e-16f,-0.013427987919713665f,0.039607781689864306f,0.9992153039408515f,-5.079488592008165e-18f,0.367619938023666f,-2.5061329527780737e-16f,4.850554306781947e-18f,-1f,0.245f,0f,0f,0f,1f], start_interpolation: 0, interpolation_duration: 1 }
$data merge entity $(bone_eye1) { transformation: [-0.9992153039408515f,0.039607781689864306f,2.506087597086904e-16f,-0.013427987919713667f,0.039607781689864306f,0.9992153039408515f,-5.079488592008165e-18f,0.367619938023666f,-2.5061329527780737e-16f,4.850554306781947e-18f,-1f,0.250625f,0f,0f,0f,1f], start_interpolation: 0, interpolation_duration: 1 }
$data merge entity $(bone_nail_head1) { transformation: [-0.8903073548801615f,0.039607781689864306f,0.45363425518351047f,-0.003526042497247528f,0.03529079189429768f,0.9992153039408515f,-0.017981556602956368f,0.6174237640088789f,-0.45399049973954697f,4.850554306781947e-18f,-0.8910065241883678f,-4.318156657911723e-19f,0f,0f,0f,1f], start_interpolation: 0, interpolation_duration: 1 }
$data merge entity $(bone_nail_left_rotation1) { transformation: [-0.7889109319809363f,0.44642304983368386f,-0.42228663485618706f,0.15088568337827063f,0.4856185746880021f,0.874010530107862f,0.01673897184917555f,0.17345948105681094f,0.3765556284521103f,-0.1918646758467186f,-0.90630778703665f,0.25000000000000006f,0f,0f,0f,1f], start_interpolation: 0, interpolation_duration: 1 }
$data merge entity $(bone_nail_right_rotation1) { transformation: [-0.837962640277521f,-0.4239865650235526f,0.34358988078617053f,-0.19259457735139707f,-0.42617574793847957f,0.9016680801314507f,0.07327281311060338f,0.18707465601270182f,-0.34087071650143785f,-0.08502979449341669f,-0.936256956545693f,0.24999999999999994f,0f,0f,0f,1f], start_interpolation: 0, interpolation_duration: 1 }
$data merge entity $(bone_magnet_left1) { transformation: [-0.9992153039408515f,0.03529079189429779f,-0.017981556602956143f,0.23637583806549925f,0.039607781689864306f,0.8903073548801617f,-0.45363425518351025f,0.35771799260119996f,-2.5061329527780737e-16f,-0.45399049973954675f,-0.8910065241883679f,6.100886957696519e-17f,0f,0f,0f,1f], start_interpolation: 0, interpolation_duration: 1 }
$data merge entity $(bone_magnet_right1) { transformation: [-0.9992153039408515f,0.03529079189429757f,0.017981556602956587f,-0.2632318139049265f,0.039607781689864306f,0.8903073548801617f,0.45363425518351025f,0.3775218834461321f,-2.5061329527780737e-16f,0.45399049973954675f,-0.8910065241883679f,-6.42977780619385e-17f,0f,0f,0f,1f], start_interpolation: 0, interpolation_duration: 1 }
$data merge entity $(bone_body1) { transformation: [-0.9992153039408515f,0.039607781689864306f,2.506087597086904e-16f,-0.014665731097521863f,0.039607781689864306f,0.9992153039408515f,-5.079488592008165e-18f,0.3363944597755144f,-2.5061329527780737e-16f,4.850554306781947e-18f,-1f,-1.7960340645735948e-18f,0f,0f,0f,1f], start_interpolation: 0, interpolation_duration: 1 }