# This file was generated by Animated Java via MC-Build. It is not recommended to edit this file directly.
$data merge entity $(bone_pupil1) { transformation: [-0.9989372398487515f,0.04558080349565142f,-0.0068396780661608945f,-0.004178472610792474f,0.04557973510119726f,0.9989606550573905f,0.00031208238315381086f,0.37120694163244766f,0.006846794247134741f,5.5820385103514e-18f,-0.999976560429562f,0.2562439936100752f,0f,0f,0f,1f], start_interpolation: 0, interpolation_duration: 1 }
$data merge entity $(bone_pupil_closed1) { transformation: [-0.9989372398487515f,0.04558080349565142f,-0.0068396780661608945f,-0.004255418989036784f,0.04557973510119726f,0.9989606550573905f,0.00031208238315381086f,0.37121045255925816f,0.006846794247134741f,5.5820385103514e-18f,-0.999976560429562f,0.24499425730524269f,0f,0f,0f,1f], start_interpolation: 0, interpolation_duration: 1 }
$data merge entity $(bone_eye1) { transformation: [-0.9989372398487515f,0.04558080349565142f,-0.0068396780661608945f,-0.004216945799914629f,0.04557973510119726f,0.9989606550573905f,0.00031208238315381086f,0.3712086970958529f,0.006846794247134741f,5.5820385103514e-18f,-0.999976560429562f,0.25061912545765896f,0f,0f,0f,1f], start_interpolation: 0, interpolation_duration: 1 }
$data merge entity $(bone_nail_head1) { transformation: [-0.9729332155288153f,0.04558080349565142f,0.2265465702089761f,0.005464060758666652f,0.04439321757758664f,0.9989606550573905f,-0.010336918323090402f,0.6210270765074785f,-0.22678227521979924f,5.5820385103514e-18f,-0.9739454808387025f,6.691544518447775e-19f,0f,0f,0f,1f], start_interpolation: 0, interpolation_duration: 1 }
$data merge entity $(bone_nail_left_rotation1) { transformation: [-0.8668785225374108f,0.25499511081839077f,-0.4283679733851169f,0.15892471684486356f,0.27324237652844424f,0.9617466248497188f,0.019545671113118786f,0.17606975235356337f,0.4169655031683599f,-0.10010456057988013f,-0.9033929632882168f,0.2488173473461642f,0f,0f,0f,1f], start_interpolation: 0, interpolation_duration: 1 }
$data merge entity $(bone_nail_right_rotation1) { transformation: [-0.9173716984358543f,-0.21082828945590737f,0.33761012910458155f,-0.18445995935314477f,-0.1983349271887052f,0.9775221666636918f,0.07150993174498595f,0.19173778629459992f,-0.3450977014788234f,-0.0013586928341967758f,-0.9385657837295237f,0.25117093286861675f,0f,0f,0f,1f], start_interpolation: 0, interpolation_duration: 1 }
$data merge entity $(bone_magnet_left1) { transformation: [-0.9989372398487515f,0.042724711131916365f,-0.01729132447362587f,0.24380316984694167f,0.04557973510119726f,0.971432146824052f,-0.2328992740755504f,0.35989197896783154f,0.006846794247134741f,-0.2334398919968649f,-0.9723471284644335f,-0.0017116985617836862f,0f,0f,0f,1f], start_interpolation: 0, interpolation_duration: 1 }
$data merge entity $(bone_magnet_right1) { transformation: [-0.9989372398487515f,0.04591809340154086f,0.0039899300401486934f,-0.25566545007743413f,0.04557973510119726f,0.9712864384530752f,0.23350619311967996f,0.3826818465184302f,0.006846794247134741f,0.2334398919968649f,-0.9723471284644335f,0.0017116985617836845f,0f,0f,0f,1f], start_interpolation: 0, interpolation_duration: 1 }
$data merge entity $(bone_body1) { transformation: [-0.9989372398487515f,0.04558080349565142f,-0.0068396780661608945f,-0.0073555402244853095f,0.04557973510119726f,0.9989606550573905f,0.00031208238315381086f,0.34006939227258737f,0.006846794247134741f,5.5820385103514e-18f,-0.999976560429562f,-9.007938791915538e-19f,0f,0f,0f,1f], start_interpolation: 0, interpolation_duration: 1 }