# This file was generated by Animated Java via MC-Build. It is not recommended to edit this file directly.
$data merge entity $(bone_pupil1) { transformation: [-0.9981872322573312f,0.056644698096074975f,-0.020337835087667767f,0.014337257281202907f,0.056632944263465865f,0.9983944001133042f,0.0011538832032090406f,0.37833475016013124f,0.020370542027639278f,6.936974821202639e-18f,-0.9997924989804136f,0.25619682786373094f,0f,0f,0f,1f], start_interpolation: 0, interpolation_duration: 1 }
$data merge entity $(bone_pupil_closed1) { transformation: [-0.9981872322573312f,0.056644698096074975f,-0.020337835087667767f,0.014108456636466645f,0.056632944263465865f,0.9983944001133042f,0.0011538832032090406f,0.37834773134616734f,0.020370542027639278f,6.936974821202639e-18f,-0.9997924989804136f,0.2449491622502013f,0f,0f,0f,1f], start_interpolation: 0, interpolation_duration: 1 }
$data merge entity $(bone_eye1) { transformation: [-0.9981872322573312f,0.056644698096074975f,-0.020337835087667767f,0.014222856958834776f,0.056632944263465865f,0.9983944001133042f,0.0011538832032090406f,0.3783412407531493f,0.020370542027639278f,6.936974821202639e-18f,-0.9997924989804136f,0.2505729950569661f,0f,0f,0f,1f], start_interpolation: 0, interpolation_duration: 1 }
$data merge entity $(bone_nail_head1) { transformation: [-0.9658594662599561f,0.056644698096074975f,-0.2527980807158889f,0.023286861564006785f,0.054798802821131996f,0.9983944001133042f,0.014342699598268619f,0.6282290327592797f,0.2532046260347612f,6.936974821202639e-18f,-0.9674127440521945f,2.8518180476548436e-18f,0f,0f,0f,1f], start_interpolation: 0, interpolation_duration: 1 }
$data merge entity $(bone_nail_left_rotation1) { transformation: [-0.884534685440061f,-0.15410372148118887f,-0.44028449129977365f,0.1751526954631197f,-0.1836360095998538f,0.9826768650396261f,0.024979889794283006f,0.18140922461362355f,0.42880788965653915f,0.10294766603250548f,-0.897510764184344f,0.24644693783410287f,0f,0f,0f,1f], start_interpolation: 0, interpolation_duration: 1 }
$data merge entity $(bone_nail_right_rotation1) { transformation: [-0.9141594182979467f,0.24134333402894365f,0.3256776827738638f,-0.16797416562533787f,0.2773984120981637f,0.9583108899711925f,0.06848619662412303f,0.20087679920418997f,-0.2955717829945495f,0.1529497737246264f,-0.9429971833547587f,0.2534493116561039f,0f,0f,0f,1f], start_interpolation: 0, interpolation_duration: 1 }
$data merge entity $(bone_magnet_left1) { transformation: [-0.9981872322573312f,0.05982737389071285f,-0.006552456927710417f,0.25867249510432083f,0.056632944263465865f,0.9705393146794391f,0.23419254532460176f,0.3644721966650871f,0.020370542027639278f,0.23339692370488807f,-0.9721681526477788f,-0.005092635506909819f,0f,0f,0f,1f], start_interpolation: 0, interpolation_duration: 1 }
$data merge entity $(bone_magnet_right1) { transformation: [-0.9981872322573312f,0.05033182726654883f,-0.03299934124280274f,-0.24042112102434474f,0.056632944263465865f,0.9710780520478798f,-0.2319485426876966f,0.39278866879682006f,0.020370542027639278f,-0.23339692370488807f,-0.9721681526477788f,0.00509263550690982f,0f,0f,0f,1f], start_interpolation: 0, interpolation_duration: 1 }
$data merge entity $(bone_body1) { transformation: [-0.9981872322573312f,0.056644698096074975f,-0.020337835087667767f,0.007355540224485699f,0.056632944263465865f,0.9983944001133042f,0.0011538832032090406f,0.3474306077274128f,0.020370542027639278f,6.936974821202639e-18f,-0.9997924989804136f,9.007938791916016e-19f,0f,0f,0f,1f], start_interpolation: 0, interpolation_duration: 1 }