# This file was generated by Animated Java via MC-Build. It is not recommended to edit this file directly.
$data merge entity $(bone_pupil1) { transformation: [-0.9977338544974275f,0.06166755464178172f,-0.026912233170233307f,0.02348910192994955f,0.06164513338848932f,0.9980967451627637f,0.0016627762965874622f,0.38186997708482123f,0.026963551680398094f,7.552097340330248e-18f,-0.9996364173442155f,0.2561568319444552f,0f,0f,0f,1f], start_interpolation: 0, interpolation_duration: 1 }
$data merge entity $(bone_pupil_closed1) { transformation: [-0.9977338544974275f,0.06166755464178172f,-0.026912233170233307f,0.023186339306784428f,0.06164513338848932f,0.9980967451627637f,0.0016627762965874622f,0.3818886833181579f,0.026963551680398094f,7.552097340330248e-18f,-0.9996364173442155f,0.2449109222493328f,0f,0f,0f,1f], start_interpolation: 0, interpolation_duration: 1 }
$data merge entity $(bone_eye1) { transformation: [-0.9977338544974275f,0.06166755464178172f,-0.026912233170233307f,0.02333772061836699f,0.06164513338848932f,0.9980967451627637f,0.0016627762965874622f,0.38187933020148956f,0.026963551680398094f,7.552097340330248e-18f,-0.9996364173442155f,0.250533877096894f,0f,0f,0f,1f], start_interpolation: 0, interpolation_duration: 1 }
$data merge entity $(bone_nail_head1) { transformation: [-0.8767694755747516f,0.06166755464178172f,-0.4769406665455125f,0.03200973084052269f,0.05417133139176321f,0.9980967451627637f,0.02946784944207678f,0.6318202498015126f,0.47785013713048013f,7.552097340330248e-18f,-0.8784413733678426f,3.920061441541443e-18f,0f,0f,0f,1f], start_interpolation: 0, interpolation_duration: 1 }
$data merge entity $(bone_nail_left_rotation1) { transformation: [-0.8235587104917574f,-0.35041300756314797f,-0.4460513137562792f,0.18324374021904688f,-0.40397251059448525f,0.9143558897495783f,0.027559346223114088f,0.18414197241751012f,0.39819249246707555f,0.20288920870959629f,-0.8945829799029557f,0.24527474389098544f,0f,0f,0f,1f], start_interpolation: 0, interpolation_duration: 1 }
$data merge entity $(bone_nail_right_rotation1) { transformation: [-0.8317053518860545f,0.4538628976472375f,0.31980412408745984f,-0.15972727226444383f,0.49773122625870747f,0.8647217339455525f,0.06723056781851806f,0.20533248701980333f,-0.24602811638326524f,0.21509252190964312f,-0.9450954306139947f,0.2545434647811223f,0f,0f,0f,1f], start_interpolation: 0, interpolation_duration: 1 }
$data merge entity $(bone_magnet_left1) { transformation: [-0.9977338544974275f,0.06716409170263159f,0.004017508614382166f,0.2660263058044341f,0.06164513338848932f,0.888555827069352f,0.45460798465338814f,0.36688478016369946f,0.026963551680398094f,0.4538254366679553f,-0.8906825696699797f,-0.006740887920099522f,0f,0f,0f,1f], start_interpolation: 0, interpolation_duration: 1 }
$data merge entity $(bone_magnet_right1) { transformation: [-0.9977338544974275f,0.042728295330508474f,-0.051975459284695f,-0.2328406214442796f,0.06164513338848932f,0.8900655963530376f,-0.4516448955963377f,0.3977073468579441f,0.026963551680398094f,-0.4538254366679553f,-0.8906825696699797f,0.006740887920099525f,0f,0f,0f,1f], start_interpolation: 0, interpolation_duration: 1 }
$data merge entity $(bone_body1) { transformation: [-0.9977338544974275f,0.06166755464178172f,-0.026912233170233307f,0.01466573109752159f,0.06164513338848932f,0.9980967451627637f,0.0016627762965874622f,0.3511055402244854f,0.026963551680398094f,7.552097340330248e-18f,-0.9996364173442155f,1.7960340645735613e-18f,0f,0f,0f,1f], start_interpolation: 0, interpolation_duration: 1 }