# This file was generated by Animated Java via MC-Build. It is not recommended to edit this file directly.
$data merge entity $(bone_pupil1) { transformation: [-0.9942089888268902f,-0.08475348767981226f,0.06607066566881582f,-0.08046490909858292f,-0.08456695540421573f,0.9964019501818069f,0.005619940173478408f,0.4614028890164605f,-0.06630924965247244f,-1.0379308740365672e-17f,-0.9977991197683661f,0.2556860244406438f,0f,0f,0f,1f], start_interpolation: 0, interpolation_duration: 1 }
$data merge entity $(bone_pupil_closed1) { transformation: [-0.9942089888268902f,-0.08475348767981226f,0.06607066566881582f,-0.07972161410980874f,-0.08456695540421573f,0.9964019501818069f,0.005619940173478408f,0.4614661133434121f,-0.06630924965247244f,-1.0379308740365672e-17f,-0.9977991197683661f,0.2444607843432497f,0f,0f,0f,1f], start_interpolation: 0, interpolation_duration: 1 }
$data merge entity $(bone_eye1) { transformation: [-0.9942089888268902f,-0.08475348767981226f,0.06607066566881582f,-0.08009326160419583f,-0.08456695540421573f,0.9964019501818069f,0.005619940173478408f,0.4614345011799363f,-0.06630924965247244f,-1.0379308740365672e-17f,-0.9977991197683661f,0.25007340439194675f,0f,0f,0f,1f], start_interpolation: 0, interpolation_duration: 1 }
$data merge entity $(bone_nail_head1) { transformation: [-0.46313826645490086f,-0.08475348767981226f,0.8822243436174594f,-0.08472267294090194f,-0.039394326107925516f,0.9964019501818069f,0.07504159342920769f,0.711943486231366f,-0.885410093242477f,-1.0379308740365672e-17f,-0.46481067843192714f,-1.0375535023228364e-17f,0f,0f,0f,1f], start_interpolation: 0, interpolation_duration: 1 }
$data merge entity $(bone_nail_left_rotation1) { transformation: [-0.5576559989219819f,0.7478038051769332f,-0.360290515874656f,0.10671898145643374f,0.8082851236621258f,0.5879931740378739f,-0.03064614415172932f,0.2891475934435555f,0.18893106079421795f,-0.3083074703080771f,-0.9323366119698431f,0.26084668222611024f,0f,0f,0f,1f], start_interpolation: 0, interpolation_duration: 1 }
$data merge entity $(bone_nail_right_rotation1) { transformation: [-0.3682548818932334f,-0.8426036080962759f,0.3929471994873333f,-0.23504035845280977f,-0.8877697239071846f,0.4442182148444676f,0.12056158141860862f,0.2600777025233563f,-0.27613992698550865f,-0.3044492358728001f,-0.9116234987652008f,0.23805287765807281f,0f,0f,0f,1f], start_interpolation: 0, interpolation_duration: 1 }
$data merge entity $(bone_magnet_left1) { transformation: [-0.9942089888268902f,0.012050927567470726f,0.10678605564668123f,0.1850179461857737f,-0.08456695540421573f,0.5254103755633406f,-0.8466359118913223f,0.48398473753696825f,-0.06630924965247244f,-0.8507636054716686f,-0.5213486079538078f,0.016577312413118103f,0f,0f,0f,1f], start_interpolation: 0, interpolation_duration: 1 }
$data merge entity $(bone_magnet_right1) { transformation: [-0.9942089888268902f,-0.10061807890221613f,-0.03774239968311416f,-0.3120865482276714f,-0.08456695540421573f,0.515826802136991f,0.8525087332401862f,0.4417012598348604f,-0.06630924965247244f,0.8507636054716686f,-0.5213486079538078f,-0.016577312413118116f,0f,0f,0f,1f], start_interpolation: 0, interpolation_duration: 1 }
$data merge entity $(bone_body1) { transformation: [-0.9942089888268902f,-0.08475348767981226f,0.06607066566881582f,-0.06088575453095474f,-0.08456695540421573f,0.9964019501818069f,0.005619940173478408f,0.43170543774273284f,-0.06630924965247244f,-1.0379308740365672e-17f,-0.9977991197683661f,-7.456354440000518e-18f,0f,0f,0f,1f], start_interpolation: 0, interpolation_duration: 1 }