# This file was generated by Animated Java via MC-Build. It is not recommended to edit this file directly.
$data merge entity $(bone_pupil1) { transformation: [-0.9938058619042912f,0.0860853860827858f,-0.07027954999604537f,0.08699056373781225f,0.08587093459124341f,0.9962877627989705f,0.006072585071342275f,0.40920446444716335f,0.07054141646646549f,1.0542419251964774e-17f,-0.9975088513707057f,0.2556116431637433f,0f,0f,0f,1f], start_interpolation: 0, interpolation_duration: 1 }
$data merge entity $(bone_pupil_closed1) { transformation: [-0.9938058619042912f,0.0860853860827858f,-0.07027954999604537f,0.08619991880035674f,0.08587093459124341f,0.9962877627989705f,0.006072585071342275f,0.409272781029216f,0.07054141646646549f,1.0542419251964774e-17f,-0.9975088513707057f,0.2443896685858229f,0f,0f,0f,1f], start_interpolation: 0, interpolation_duration: 1 }
$data merge entity $(bone_eye1) { transformation: [-0.9938058619042912f,0.0860853860827858f,-0.07027954999604537f,0.0865952412690845f,0.08587093459124341f,0.9962877627989705f,0.006072585071342275f,0.4092386227381897f,0.07054141646646549f,1.0542419251964774e-17f,-0.9975088513707057f,0.2500006558747831f,0f,0f,0f,1f], start_interpolation: 0, interpolation_duration: 1 }
$data merge entity $(bone_nail_head1) { transformation: [0.7524220105164098f,0.0860853860827858f,-0.653031717754522f,0.09050277557202208f,-0.0650138862395731f,0.9962877627989705f,0.05642595407301627f,0.6598325050714374f,0.6554649591598866f,1.0542419251964774e-17f,0.7552255870357732f,1.1083393441822809e-17f,0f,0f,0f,1f], start_interpolation: 0, interpolation_duration: 1 }
$data merge entity $(bone_nail_left_rotation1) { transformation: [0.5550131924851565f,-0.6767563130055542f,-0.48369540929655663f,0.24122068917461467f,-0.7576980610721303f,-0.6512656051045229f,0.04179425624860061f,0.20767939569618232f,-0.34329871018541414f,0.34329871018541297f,-0.8742379488274704f,0.23725290688750267f,0f,0f,0f,1f], start_interpolation: 0, interpolation_duration: 1 }
$data merge entity $(bone_nail_right_rotation1) { transformation: [0.7164041407521499f,0.6390414914699774f,0.2799840697129047f,-0.10040007585498542f,0.6505303275332435f,-0.7568665146194804f,0.06295531754546779f,0.23719752946192224f,0.2521416270128056f,0.1370366784024868f,-0.9579381758233401f,0.26150151879785016f,0f,0f,0f,1f], start_interpolation: 0, interpolation_duration: 1 }
$data merge entity $(bone_magnet_left1) { transformation: [-0.9938058619042912f,-0.0111764138792574f,0.11056670664114254f,0.3174328945273984f,0.08587093459124341f,-0.708775799171606f,0.700187867005047f,0.38929283072388393f,0.07054141646646549f,0.7053452730978288f,0.7053452730978312f,-0.01763535411661636f,0f,0f,0f,1f], start_interpolation: 0, interpolation_duration: 1 }
$data merge entity $(bone_magnet_right1) { transformation: [-0.9938058619042912f,-0.1105667066411426f,-0.011176413879257018f,-0.1794700364247472f,0.08587093459124341f,-0.7001878670050495f,-0.7087757991716037f,0.43222829801950563f,0.07054141646646549f,-0.7053452730978288f,0.7053452730978312f,0.017635354116616382f,0f,0f,0f,1f], start_interpolation: 0, interpolation_duration: 1 }
$data merge entity $(bone_body1) { transformation: [-0.9938058619042912f,0.0860853860827858f,-0.07027954999604537f,0.06629126073623856f,0.08587093459124341f,0.9962877627989705f,0.006072585071342275f,0.379626571784227f,0.07054141646646549f,1.0542419251964774e-17f,-0.9975088513707057f,8.118338027207716e-18f,0f,0f,0f,1f], start_interpolation: 0, interpolation_duration: 1 }