# This file was generated by Animated Java via MC-Build. It is not recommended to edit this file directly.
$data merge entity $(bone_pupil1) { transformation: [-0.9929820626794456f,0.08053638228446955f,-0.08660550978663818f,0.11586910386649794f,0.08023180239313907f,0.9967516697395243f,0.006997625041291159f,0.4311454060103263f,0.08688774989388313f,9.862862277958323e-18f,-0.9962181081060402f,0.25528089020217276f,0f,0f,0f,1f], start_interpolation: 0, interpolation_duration: 1 }
$data merge entity $(bone_pupil_closed1) { transformation: [-0.9929820626794456f,0.08053638228446955f,-0.08660550978663818f,0.11489479188139827f,0.08023180239313907f,0.9967516697395243f,0.006997625041291159f,0.43122412929204085f,0.08688774989388313f,9.862862277958323e-18f,-0.9962181081060402f,0.24407343648597984f,0f,0f,0f,1f], start_interpolation: 0, interpolation_duration: 1 }
$data merge entity $(bone_eye1) { transformation: [-0.9929820626794456f,0.08053638228446955f,-0.08660550978663818f,0.1153819478739481f,0.08023180239313907f,0.9967516697395243f,0.006997625041291159f,0.4311847676511836f,0.08688774989388313f,9.862862277958323e-18f,-0.9962181081060402f,0.2496771633440763f,0f,0f,0f,1f], start_interpolation: 0, interpolation_duration: 1 }
$data merge entity $(bone_nail_head1) { transformation: [0.5790349163384599f,0.08053638228446955f,0.8113152635008432f,0.1138105375547893f,-0.04678535165180761f,0.9967516697395243f,-0.06555333509659844f,0.6821264648620382f,-0.8139592720349891f,9.862862277958323e-18f,0.580921942663789f,1.3937771052571235e-17f,0f,0f,0f,1f], start_interpolation: 0, interpolation_duration: 1 }
$data merge entity $(bone_nail_left_rotation1) { transformation: [0.6219389188659334f,0.6041894850079226f,-0.4981436011891905f,0.27089603977502313f,0.7126321195511751f,-0.7003823568707702f,0.040249426929396565f,0.23050836205435277f,-0.3245727089326421f,-0.38002581542575037f,-0.8661598791367098f,0.2341206950134989f,0f,0f,0f,1f], start_interpolation: 0, interpolation_duration: 1 }
$data merge entity $(bone_nail_right_rotation1) { transformation: [0.5871624052444009f,-0.765230557462147f,0.26393655259130355f,-0.07044154427103629f,-0.802473699252084f,-0.5930504010260405f,0.06578133361013994f,0.2580880441269943f,0.10618979177061233f,-0.25042646778849964f,-0.9622942961249897f,0.2639883590395212f,0f,0f,0f,1f], start_interpolation: 0, interpolation_duration: 1 }
$data merge entity $(bone_magnet_left1) { transformation: [-0.9929820626794456f,-0.1181595425898139f,-0.004994566231381711f,0.3419219576535333f,0.08023180239313907f,-0.642017390755761f,-0.7624805098177349f,0.4128805968288724f,0.08688774989388313f,-0.7575301924426051f,0.6469919060206608f,-0.02172193747347077f,0f,0f,0f,1f], start_interpolation: 0, interpolation_duration: 1 }
$data merge entity $(bone_magnet_right1) { transformation: [-0.9929820626794456f,0.013551150001368417f,0.11748612484252817f,-0.1545690736861895f,0.08023180239313907f,-0.6526594624086209f,0.7533913219657088f,0.45299649802544195f,0.08688774989388313f,0.7575301924426051f,0.6469919060206608f,0.021721937473470797f,0f,0f,0f,1f], start_interpolation: 0, interpolation_duration: 1 }
$data merge entity $(bone_body1) { transformation: [-0.9929820626794456f,0.08053638228446955f,-0.08660550978663818f,0.09115968003728224f,0.08023180239313907f,0.9967516697395243f,0.006997625041291159f,0.401790057747797f,0.08688774989388313f,9.862862277958323e-18f,-0.9962181081060402f,1.1163841036895457e-17f,0f,0f,0f,1f], start_interpolation: 0, interpolation_duration: 1 }