# This file was generated by Animated Java via MC-Build. It is not recommended to edit this file directly.
$data merge entity $(bone_pupil1) { transformation: [-0.9946611599003181f,0.06166755464178211f,-0.08274230894927093f,0.11572560968160052f,0.06145528649951519f,0.9980967451627637f,0.005112245764797381f,0.44491856958410997f,0.082900088944562f,7.118416471336094e-18f,-0.996557863474562f,0.2553679525153565f,0f,0f,0f,1f], start_interpolation: 0, interpolation_duration: 1 }
$data merge entity $(bone_pupil_closed1) { transformation: [-0.9946611599003181f,0.06166755464178211f,-0.08274230894927093f,0.11479475870592122f,0.06145528649951519f,0.9980967451627637f,0.005112245764797381f,0.44497608234896396f,0.082900088944562f,7.118416471336094e-18f,-0.996557863474562f,0.24415667655126766f,0f,0f,0f,1f], start_interpolation: 0, interpolation_duration: 1 }
$data merge entity $(bone_eye1) { transformation: [-0.9946611599003181f,0.06166755464178211f,-0.08274230894927093f,0.11526018419376087f,0.06145528649951519f,0.9980967451627637f,0.005112245764797381f,0.44494732596653697f,0.082900088944562f,7.118416471336094e-18f,-0.996557863474562f,0.24976231453331207f,0f,0f,0f,1f], start_interpolation: 0, interpolation_duration: 1 }
$data merge entity $(bone_nail_head1) { transformation: [-0.5252906541548635f,0.06166755464178211f,0.848685360638475f,0.10993978167379537f,0.03245516055924018f,0.9980967451627637f,-0.05243615020738197f,0.6957527688520302f,-0.8503037052786666f,7.118416471336094e-18f,-0.526292322563583f,1.3341767428172614e-17f,0f,0f,0f,1f], start_interpolation: 0, interpolation_duration: 1 }
$data merge entity $(bone_nail_left_rotation1) { transformation: [-0.33843691223127637f,0.800054299978527f,-0.49535196933617687f,0.2746031906132006f,0.9136159449327605f,0.40542473406546403f,0.030605394501082784f,0.24724475403501758f,0.22531391791005384f,-0.4422034623268085f,-0.868153060411702f,0.2348910130812939f,0f,0f,0f,1f], start_interpolation: 0, interpolation_duration: 1 }
$data merge entity $(bone_nail_right_rotation1) { transformation: [-0.4652590146644541f,-0.8441082991057115f,0.2664868264179757f,-0.06731158310253377f,-0.8640176231744652f,0.4984975441823759f,0.07052478492053733f,0.2683700087692259f,-0.1923735847703869f,-0.19743702242741393f,-0.9612549225140995f,0.2633879186559871f,0f,0f,0f,1f], start_interpolation: 0, interpolation_duration: 1 }
$data merge entity $(bone_magnet_left1) { transformation: [-0.9946611599003181f,-0.045727453150672503f,-0.09251041570605352f,0.34318818298842935f,0.06145528649951519f,0.45768148445453744f,-0.8869898007016505f,0.4308647609364605f,0.082900088944562f,-0.8879395580870604f,-0.45242780245818187f,-0.020725022236140485f,0f,0f,0f,1f], start_interpolation: 0, interpolation_duration: 1 }
$data merge entity $(bone_magnet_right1) { transformation: [-0.9946611599003181f,0.10172042104974827f,0.017381971327088144f,-0.15414239696172968f,0.06145528649951519f,0.44857139579515976f,0.8916316227207538f,0.46159240418621805f,0.082900088944562f,0.8879395580870604f,-0.45242780245818187f,0.020725022236140513f,0f,0f,0f,1f], start_interpolation: 0, interpolation_duration: 1 }
$data merge entity $(bone_body1) { transformation: [-0.9946611599003181f,0.06166755464178211f,-0.08274230894927093f,0.09259578193079415f,0.06145528649951519f,0.9980967451627637f,0.005112245764797381f,0.4150380592750029f,0.082900088944562f,7.118416471336094e-18f,-0.996557863474562f,1.1339712795609338e-17f,0f,0f,0f,1f], start_interpolation: 0, interpolation_duration: 1 }