# This file was generated by Animated Java via MC-Build. It is not recommended to edit this file directly.
$data merge entity $(bone_pupil1) { transformation: [-0.9985916968022414f,0.013651058374886893f,-0.05126667224294893f,0.07985494107270986f,0.013633103878870925f,0.9999068199613629f,0.0006999095530738888f,0.4614314424737505f,0.051271449718614685f,1.6717724943778902e-18f,-0.9986847542862319f,0.25591296828584686f,0f,0f,0f,1f], start_interpolation: 0, interpolation_duration: 1 }
$data merge entity $(bone_pupil_closed1) { transformation: [-0.9985916968022414f,0.013651058374886893f,-0.05126667224294893f,0.0792781910099767f,0.013633103878870925f,0.9999068199613629f,0.0006999095530738888f,0.46143931645622255f,0.051271449718614685f,1.6717724943778902e-18f,-0.9986847542862319f,0.2446777648001268f,0f,0f,0f,1f], start_interpolation: 0, interpolation_duration: 1 }
$data merge entity $(bone_eye1) { transformation: [-0.9985916968022414f,0.013651058374886893f,-0.05126667224294893f,0.07956656604134328f,0.013633103878870925f,0.9999068199613629f,0.0006999095530738888f,0.46143537946498653f,0.051271449718614685f,1.6717724943778902e-18f,-0.9986847542862319f,0.25029536654298684f,0f,0f,0f,1f], start_interpolation: 0, interpolation_duration: 1 }
$data merge entity $(bone_nail_head1) { transformation: [-0.669859948853599f,0.013651058374886893f,-0.7423619720372934f,0.07013062090417593f,0.009145149410174608f,0.9999068199613629f,0.010134970992565917f,0.7115874992870663f,0.7424311518007035f,1.6717724943778902e-18f,-0.6699223722461287f,8.58852404125155e-18f,0f,0f,0f,1f], start_interpolation: 0, interpolation_duration: 1 }
$data merge entity $(bone_nail_left_rotation1) { transformation: [-0.6342862784056074f,-0.6149807665110776f,-0.4684864713604991f,0.24860789881378537f,-0.6985131896596336f,0.7155685962390781f,0.006395932141591024f,0.27161009843652073f,0.33130083141744293f,0.3313008314174334f,-0.8834475186473887f,0.24085890815117109f,0f,0f,0f,1f], start_interpolation: 0, interpolation_duration: 1 }
$data merge entity $(bone_nail_right_rotation1) { transformation: [-0.6894402554197921f,0.6623819017440993f,0.29312514468834316f,-0.09465799696198511f,0.7085223223816801f,0.7008104192337075f,0.08283039889041909f,0.2762964778948826f,-0.1505597983977208f,0.2647923196305847f,-0.9524792777646618f,0.2584834689919449f,0f,0f,0f,1f], start_interpolation: 0, interpolation_duration: 1 }
$data merge entity $(bone_magnet_left1) { transformation: [-0.9985916968022414f,0.04590376753911289f,-0.026598255644602067f,0.31636578051101455f,0.013633103878870925f,0.7065459821581703f,0.7075358037405416f,0.4582025183270079f,0.051271449718614685f,0.7061767620234054f,-0.7061767620234257f,-0.012817862429653663f,0f,0f,0f,1f], start_interpolation: 0, interpolation_duration: 1 }
$data merge entity $(bone_magnet_right1) { transformation: [-0.9985916968022414f,-0.02659825564460075f,-0.045903767539113655f,-0.1829300678901061f,0.013633103878870925f,0.7075358037405619f,-0.70654598215815f,0.4650190702664434f,0.051271449718614685f,-0.7061767620234054f,-0.7061767620234257f,0.01281786242965368f,0f,0f,0f,1f], start_interpolation: 0, interpolation_duration: 1 }
$data merge entity $(bone_body1) { transformation: [-0.9985916968022414f,0.013651058374886893f,-0.05126667224294893f,0.06629126073623899f,0.013633103878870925f,0.9999068199613629f,0.0006999095530738888f,0.43036370617293307f,0.051271449718614685f,1.6717724943778902e-18f,-0.9986847542862319f,8.118338027207769e-18f,0f,0f,0f,1f], start_interpolation: 0, interpolation_duration: 1 }