# This file was generated by Animated Java via MC-Build. It is not recommended to edit this file directly.
$data merge entity $(bone_pupil1) { transformation: [-0.9992153039408515f,-1.7110098305419355e-16f,-0.03960778168986413f,0.06525436146044715f,-1.7096672078707447e-16f,1f,-6.776930383731661e-18f,0.46416154840267065f,0.03960778168986413f,-2.1339013111705813e-32f,-0.9992153039408515f,0.25604892163484316f,0f,0f,0f,1f], start_interpolation: 0, interpolation_duration: 1 }
$data merge entity $(bone_pupil_closed1) { transformation: [-0.9992153039408515f,-1.7110098305419355e-16f,-0.03960778168986413f,0.06480877391643618f,-1.7096672078707447e-16f,1f,-6.776930383731661e-18f,0.46416154840267065f,0.03960778168986413f,-2.1339013111705813e-32f,-0.9992153039408515f,0.24480774946550862f,0f,0f,0f,1f], start_interpolation: 0, interpolation_duration: 1 }
$data merge entity $(bone_eye1) { transformation: [-0.9992153039408515f,-1.7110098305419355e-16f,-0.03960778168986413f,0.06503156768844166f,-1.7096672078707447e-16f,1f,-6.776930383731661e-18f,0.46416154840267065f,0.03960778168986413f,-2.1339013111705813e-32f,-0.9992153039408515f,0.2504283355501759f,0f,0f,0f,1f], start_interpolation: 0, interpolation_duration: 1 }
$data merge entity $(bone_nail_head1) { transformation: [-0.27110527108511484f,-1.7110098305419355e-16f,-0.9625497036464489f,0.055104867402419426f,-4.6386378393836764e-17f,1f,-1.6469320053243007e-16f,0.7141615484026707f,0.9625497036464489f,-2.1339013111705813e-32f,-0.27110527108511484f,6.748399948181227e-18f,0f,0f,0f,1f], start_interpolation: 0, interpolation_duration: 1 }
$data merge entity $(bone_nail_left_rotation1) { transformation: [-0.27467211604292735f,-0.8453538496663953f,-0.4581834758289588f,0.2367469431897194f,-0.9510565162951521f,0.3090169943749517f,-7.83956431335222e-17f,0.27666154840267065f,0.14158648057293327f,0.4357583803458936f,-0.8888576390386111f,0.24299623850726745f,0f,0f,0f,1f], start_interpolation: 0, interpolation_duration: 1 }
$data merge entity $(bone_nail_right_rotation1) { transformation: [-0.3263276073752018f,0.8953547542667949f,0.3030679076982972f,-0.10673331753994832f,0.9450901054729627f,0.31506548470235113f,0.08682414921193794f,0.27666154840267065f,-0.01774782245461319f,0.31475959772677303f,-0.9490054849351501f,0.25661141346315824f,0f,0f,0f,1f], start_interpolation: 0, interpolation_duration: 1 }
$data merge entity $(bone_magnet_left1) { transformation: [-0.9992153039408515f,0.03766923887214104f,-0.01223947765166123f,0.3049086933876323f,-1.7096672078707447e-16f,0.3090169943749519f,0.9510565162951521f,0.4641615484026707f,0.03960778168986413f,0.9503102259947878f,-0.3087745099572559f,-0.009901945422466026f,0f,0f,0f,1f], start_interpolation: 0, interpolation_duration: 1 }
$data merge entity $(bone_magnet_right1) { transformation: [-0.9992153039408515f,-0.03766923887214115f,-0.012239477651660904f,-0.1946989585827934f,-1.7096672078707447e-16f,0.3090169943749519f,-0.9510565162951521f,0.4641615484026706f,0.03960778168986413f,-0.9503102259947878f,-0.3087745099572559f,0.00990194542246604f,0f,0f,0f,1f], start_interpolation: 0, interpolation_duration: 1 }
$data merge entity $(bone_body1) { transformation: [-0.9992153039408515f,-1.7110098305419355e-16f,-0.03960778168986413f,0.055104867402419475f,-1.7096672078707447e-16f,1f,-6.776930383731661e-18f,0.43291154840267065f,0.03960778168986413f,-2.1339013111705813e-32f,-0.9992153039408515f,6.7483999481812335e-18f,0f,0f,0f,1f], start_interpolation: 0, interpolation_duration: 1 }