# This file was generated by Animated Java via MC-Build. It is not recommended to edit this file directly.
$data merge entity $(bone_pupil1) { transformation: [-0.9995432711842243f,-0.013651058374887226f,-0.026961039215610095f,0.04904378007536743f,-0.013646095086829017f,0.9999068199613629f,-0.00036808101798339605f,0.46625108892193295f,0.026963551680397466f,-1.671772494377931e-18f,-0.9996364173442155f,0.2561568319444552f,0f,0f,0f,1f], start_interpolation: 0, interpolation_duration: 1 }
$data merge entity $(bone_pupil_closed1) { transformation: [-0.9995432711842243f,-0.013651058374887226f,-0.026961039215610095f,0.04874046838419181f,-0.013646095086829017f,0.9999068199613629f,-0.00036808101798339605f,0.46624694801048067f,0.026963551680397466f,-1.671772494377931e-18f,-0.9996364173442155f,0.2449109222493328f,0f,0f,0f,1f], start_interpolation: 0, interpolation_duration: 1 }
$data merge entity $(bone_eye1) { transformation: [-0.9995432711842243f,-0.013651058374887226f,-0.026961039215610095f,0.04889212422977962f,-0.013646095086829017f,0.9999068199613629f,-0.00036808101798339605f,0.4662490184662068f,0.026963551680397466f,-1.671772494377931e-18f,-0.9996364173442155f,0.250533877096894f,0f,0f,0f,1f], start_interpolation: 0, interpolation_duration: 1 }
$data merge entity $(bone_nail_head1) { transformation: [0.1829921209958437f,-0.013651058374887226f,-0.9830195991223613f,0.03872224918264554f,0.0024982689146526836f,0.9999068199613629f,-0.013420508454773938f,0.7161334731514155f,0.9831112054624708f,-1.671772494377931e-18f,0.1830091737977291f,4.742107851731307e-18f,0f,0f,0f,1f], start_interpolation: 0, interpolation_duration: 1 }
$data merge entity $(bone_nail_left_rotation1) { transformation: [0.1534135611378889f,-0.881351351920664f,-0.44686023959019733f,0.22323134676034978f,-0.9856859293695291f,-0.16848154291075443f,-0.006100683678002707f,0.2811116822658638f,-0.06991085682437782f,0.4413997781671723f,-0.8945829799029559f,0.24527474389098555f,0f,0f,0f,1f], start_interpolation: 0, interpolation_duration: 1 }
$data merge entity $(bone_nail_right_rotation1) { transformation: [0.1006469823084769f,0.9441280805471323f,0.3138349127719615f,-0.12036165270922733f,0.9865840545440563f,-0.1354608015680064f,0.09111681819490547f,0.2764208370797663f,0.1285382755120334f,0.3004538879111747f,-0.9450954306139945f,0.25454346478112216f,0f,0f,0f,1f], start_interpolation: 0, interpolation_duration: 1 }
$data merge entity $(bone_magnet_left1) { transformation: [-0.9995432711842243f,0.028764600097694725f,-0.009265355447037339f,0.2920208315724234f,-0.013646095086829017f,-0.15605633914086842f,0.9876538883145407f,0.46956829193278193f,0.026963551680397466f,0.9873292342451782f,0.15637758818196607f,-0.006740887920099362f,0f,0f,0f,1f], start_interpolation: 0, interpolation_duration: 1 }
$data merge entity $(bone_magnet_right1) { transformation: [-0.9995432711842243f,-0.024493608069478087f,0.01770062694028214f,-0.2077508040196887f,-0.013646095086829017f,-0.15678343780058157f,-0.9875387272002614f,0.4627452443893675f,0.026963551680397466f,-0.9873292342451782f,0.15637758818196607f,0.006740887920099371f,0f,0f,0f,1f], start_interpolation: 0, interpolation_duration: 1 }
$data merge entity $(bone_body1) { transformation: [-0.9995432711842243f,-0.013651058374887226f,-0.026961039215610095f,0.04256160935058257f,-0.013646095086829017f,0.9999068199613629f,-0.00036808101798339605f,0.43490968003728214f,0.026963551680397466f,-1.671772494377931e-18f,-0.9996364173442155f,5.2122938657751e-18f,0f,0f,0f,1f], start_interpolation: 0, interpolation_duration: 1 }