# This file was generated by Animated Java via MC-Build. It is not recommended to edit this file directly.
$data merge entity $(bone_pupil1) { transformation: [-0.9995432711842243f,-0.026963551680397328f,-0.013646095086828559f,0.031624544098638706f,-0.026961039215609956f,0.9996364173442155f,-0.0003680810179833835f,0.4676787407336591f,0.013651058374886768f,-3.3020827259042824e-18f,-0.9999068199613629f,0.2562261226150992f,0f,0f,0f,1f], start_interpolation: 0, interpolation_duration: 1 }
$data merge entity $(bone_pupil_closed1) { transformation: [-0.9995432711842243f,-0.026963551680397328f,-0.013646095086828559f,0.03147102552891188f,-0.026961039215609956f,0.9996364173442155f,-0.0003680810179833835f,0.4676745998222068f,0.013651058374886768f,-3.3020827259042824e-18f,-0.9999068199613629f,0.2449771708905339f,0f,0f,0f,1f], start_interpolation: 0, interpolation_duration: 1 }
$data merge entity $(bone_eye1) { transformation: [-0.9995432711842243f,-0.026963551680397328f,-0.013646095086828559f,0.03154778481377529f,-0.026961039215609956f,0.9996364173442155f,-0.0003680810179833835f,0.46767667027793297f,0.013651058374886768f,-3.3020827259042824e-18f,-0.9999068199613629f,0.25060164675281654f,0f,0f,0f,1f], start_interpolation: 0, interpolation_duration: 1 }
$data merge entity $(bone_nail_head1) { transformation: [0.5985567166623643f,-0.026963551680397328f,-0.8006265195577452f,0.021386844312539555f,0.01614508503626996f,0.9996364173442155f,-0.021595586317418414f,0.7174935243088547f,0.8009177193492111f,-3.3020827259042824e-18f,0.5987744206564425f,2.6191330431214342e-18f,0f,0f,0f,1f], start_interpolation: 0, interpolation_duration: 1 }
$data merge entity $(bone_nail_left_rotation1) { transformation: [0.5508952069471965f,-0.7123690688504023f,-0.43479280204232473f,0.20839142167920907f,-0.7944517518697807f,-0.6072140249837712f,-0.011727822220882629f,0.28487854059043927f,-0.2556577495669588f,0.35188270433230867f,-0.9004541506807213f,0.24763042933215706f,0f,0f,0f,1f], start_interpolation: 0, interpolation_duration: 1 }
$data merge entity $(bone_nail_right_rotation1) { transformation: [0.5039838121245452f,0.8001755224040522f,0.32514527593340997f,-0.13520157779036804f,0.8242922494792365f,-0.5580304272618428f,0.09562598861410777f,0.2756106833600733f,0.2579585326459881f,0.21982078062678112f,-0.9408167833535714f,0.2523229806485244f,0f,0f,0f,1f], start_interpolation: 0, interpolation_duration: 1 }
$data merge entity $(bone_magnet_left1) { transformation: [-0.9995432711842243f,0.02688870085926427f,-0.013792998094729992f,0.27801355002869493f,-0.026961039215609956f,-0.5872737599705588f,0.8089392024215769f,0.47432467977670345f,0.013651058374886768f,0.8089416101401532f,0.5877304824399546f,-0.0034127645937216886f,0f,0f,0f,1f], start_interpolation: 0, interpolation_duration: 1 }
$data merge entity $(bone_magnet_right1) { transformation: [-0.9995432711842243f,0.00480885519506272f,0.029834944981567208f,-0.22175808556341717f,-0.026961039215609956f,-0.5878693275682695f,-0.8085064972335381f,0.4608441601688984f,0.013651058374886768f,-0.8089416101401532f,0.5877304824399546f,0.0034127645937216955f,0f,0f,0f,1f], start_interpolation: 0, interpolation_duration: 1 }
$data merge entity $(bone_body1) { transformation: [-0.9995432711842243f,-0.026963551680397328f,-0.013646095086828559f,0.028970343222651303f,-0.026961039215609956f,0.9996364173442155f,-0.0003680810179833835f,0.43634578193079415f,0.013651058374886768f,-3.3020827259042824e-18f,-0.9999068199613629f,3.547843809782014e-18f,0f,0f,0f,1f], start_interpolation: 0, interpolation_duration: 1 }