# This file was generated by Animated Java via MC-Build. It is not recommended to edit this file directly.
$data merge entity $(bone_pupil1) { transformation: [-0.9994189979680024f,-0.033389222382504344f,-0.006842976642196839f,0.02259560242660108f,-0.03338843975347444f,0.9994424244691095f,-0.0002286091357248153f,0.46814132469521347f,0.006846794247134083f,-4.0754479045192415e-18f,-0.999976560429562f,0.2562439936100752f,0f,0f,0f,1f], start_interpolation: 0, interpolation_duration: 1 }
$data merge entity $(bone_pupil_closed1) { transformation: [-0.9994189979680024f,-0.033389222382504344f,-0.006842976642196839f,0.022518618939376366f,-0.03338843975347444f,0.9994424244691095f,-0.0002286091357248153f,0.4681387528424366f,0.006846794247134083f,-4.0754479045192415e-18f,-0.999976560429562f,0.24499425730524269f,0f,0f,0f,1f], start_interpolation: 0, interpolation_duration: 1 }
$data merge entity $(bone_eye1) { transformation: [-0.9994189979680024f,-0.033389222382504344f,-0.006842976642196839f,0.022557110682988723f,-0.03338843975347444f,0.9994424244691095f,-0.0002286091357248153f,0.46814003876882504f,0.006846794247134083f,-4.0754479045192415e-18f,-0.999976560429562f,0.25061912545765896f,0f,0f,0f,1f], start_interpolation: 0, interpolation_duration: 1 }
$data merge entity $(bone_nail_head1) { transformation: [0.7644083260139214f,-0.033389222382504344f,-0.6438672774332346f,0.012494784066412053f,0.025537238527646236f,0.9994424244691095f,-0.021510221284087933f,0.7179433497214613f,0.644226482356148f,-4.0754479045192415e-18f,0.7648347791719616f,1.5339813795595314e-18f,0f,0f,0f,1f], start_interpolation: 0, interpolation_duration: 1 }
$data merge entity $(bone_nail_left_rotation1) { transformation: [0.708246939931735f,-0.5609902996425986f,-0.4285745626892017f,0.2005884532950573f,-0.6261493593125059f,-0.7795716655545175f,-0.014317754610742554f,0.2864830793827856f,-0.3260724642006303f,0.27849219373523293f,-0.903392963288217f,0.2488173473461643f,0f,0f,0f,1f], start_interpolation: 0, interpolation_duration: 1 }
$data merge entity $(bone_nail_right_rotation1) { transformation: [0.6704559075691104f,0.6640665981332646f,0.3309145346602254f,-0.14296182725644352f,0.6755155304999523f,-0.7308138803351889f,0.09792773030552511f,0.27500580321752877f,0.3068674698612546f,0.15788168213297318f,-0.9385657837295235f,0.25117093286861664f,0f,0f,0f,1f], start_interpolation: 0, interpolation_duration: 1 }
$data merge entity $(bone_magnet_left1) { transformation: [-0.9994189979680024f,0.029833521711446237f,-0.01648112505039162f,0.27069683915403875f,-0.03338843975347444f,-0.7598335120830456f,0.6492597677404417f,0.47642985354255263f,0.006846794247134083f,0.6494328255469047f,0.7603881420108421f,-0.0017116985617835181f,0f,0f,0f,1f], start_interpolation: 0, interpolation_duration: 1 }
$data merge entity $(bone_magnet_right1) { transformation: [-0.9994189979680024f,0.020945206061358752f,0.026888005572767958f,-0.22901265982996244f,-0.03338843975347444f,-0.7601304515970996f,-0.6489120962392501f,0.45973563366581544f,0.006846794247134083f,-0.6494328255469047f,0.7603881420108421f,0.0017116985617835233f,0f,0f,0f,1f], start_interpolation: 0, interpolation_duration: 1 }
$data merge entity $(bone_body1) { transformation: [-0.9994189979680024f,-0.033389222382504344f,-0.006842976642196839f,0.0218855028614914f,-0.03338843975347444f,0.9994424244691095f,-0.0002286091357248153f,0.43685016783952435f,0.006846794247134083f,-4.0754479045192415e-18f,-0.999976560429562f,2.680201102705568e-18f,0f,0f,0f,1f], start_interpolation: 0, interpolation_duration: 1 }