# This file was generated by Animated Java via MC-Build. It is not recommended to edit this file directly.
$data merge entity $(bone_pupil1) { transformation: [-0.9989372398487515f,-0.04558080349565166f,0.006839678066160819f,0.0041784726107928286f,-0.045579735101197505f,0.9989606550573905f,0.00031208238315379795f,0.46856527150742805f,-0.006846794247134666f,-5.554933456039292e-18f,-0.999976560429562f,0.2562439936100752f,0f,0f,0f,1f], start_interpolation: 0, interpolation_duration: 1 }
$data merge entity $(bone_pupil_closed1) { transformation: [-0.9989372398487515f,-0.04558080349565166f,0.006839678066160819f,0.004255418989037137f,-0.045579735101197505f,0.9989606550573905f,0.00031208238315379795f,0.46856878243423855f,-0.006846794247134666f,-5.554933456039292e-18f,-0.999976560429562f,0.24499425730524269f,0f,0f,0f,1f], start_interpolation: 0, interpolation_duration: 1 }
$data merge entity $(bone_eye1) { transformation: [-0.9989372398487515f,-0.04558080349565166f,0.006839678066160819f,0.004216945799914983f,-0.045579735101197505f,0.9989606550573905f,0.00031208238315379795f,0.4685670269708333f,-0.006846794247134666f,-5.554933456039292e-18f,-0.999976560429562f,0.25061912545765896f,0f,0f,0f,1f], start_interpolation: 0, interpolation_duration: 1 }
$data merge entity $(bone_nail_head1) { transformation: [0.9697398332591934f,-0.04558080349565166f,-0.2398479646424432f,-0.005464060758666376f,0.04424750920661026f,0.9989606550573905f,-0.010943837367219567f,0.7183854063824588f,0.24009750877392053f,-5.554933456039292e-18f,0.9707487760901672f,-6.615311553194549e-19f,0f,0f,0f,1f], start_interpolation: 0, interpolation_duration: 1 }
$data merge entity $(bone_nail_left_rotation1) { transformation: [0.8937811892453907f,-0.1677018879487864f,-0.41597026640074614f,0.1844599593531452f,-0.19290659559532847f,-0.9810335394458738f,-0.01897998572502039f,0.28909611616958036f,-0.4048978033120401f,0.09720736217341905f,-0.9091801238546574f,0.25117093286861675f,0f,0f,0f,1f], start_interpolation: 0, interpolation_duration: 1 }
$data merge entity $(bone_nail_right_rotation1) { transformation: [0.8906924905881491f,0.2989296403120878f,0.3425024924767208f,-0.15892471684486315f,0.28083369036840533f,-0.9542628161482628f,0.10254226480261652f,0.2734280822285437f,0.35749031534286785f,0.00485261369502249f,-0.9339042384401003f,0.24881734734616423f,0f,0f,0f,1f], start_interpolation: 0, interpolation_duration: 1 }
$data merge entity $(bone_magnet_left1) { transformation: [-0.9989372398487515f,0.0427247111319168f,-0.017291324473625417f,0.2556654500774344f,-0.045579735101197505f,-0.9714321468240544f,0.2328992740755404f,0.48004017639341057f,-0.006846794247134666f,0.23343989199685491f,0.972347128464436f,0.0017116985617836673f,0f,0f,0f,1f], start_interpolation: 0, interpolation_duration: 1 }
$data merge entity $(bone_magnet_right1) { transformation: [-0.9989372398487515f,0.04591809340154112f,0.00398993004014835f,-0.24380316984694136f,-0.045579735101197505f,-0.9712864384530778f,-0.23350619311966997f,0.4572503088428118f,-0.006846794247134666f,-0.23343989199685491f,0.972347128464436f,-0.0017116985617836656f,0f,0f,0f,1f], start_interpolation: 0, interpolation_duration: 1 }
$data merge entity $(bone_body1) { transformation: [-0.9989372398487515f,-0.04558080349565166f,0.006839678066160819f,0.007355540224485653f,-0.045579735101197505f,0.9989606550573905f,0.00031208238315379795f,0.43742772214756775f,-0.006846794247134666f,-5.554933456039292e-18f,-0.999976560429562f,9.007938791915958e-19f,0f,0f,0f,1f], start_interpolation: 0, interpolation_duration: 1 }