# This file was generated by Animated Java via MC-Build. It is not recommended to edit this file directly.
$data merge entity $(bone_pupil1) { transformation: [-0.9981872322573312f,-0.056644698096075204f,0.020337835087668298f,-0.014337257281202708f,-0.056632944263466094f,0.9983944001133042f,0.0011538832032090616f,0.4683318645802862f,-0.02037054202763981f,-7.045395038451218e-18f,-0.9997924989804136f,0.25619682786373094f,0f,0f,0f,1f], start_interpolation: 0, interpolation_duration: 1 }
$data merge entity $(bone_pupil_closed1) { transformation: [-0.9981872322573312f,-0.056644698096075204f,0.020337835087668298f,-0.014108456636466439f,-0.056632944263466094f,0.9983944001133042f,0.0011538832032090616f,0.4683448457663223f,-0.02037054202763981f,-7.045395038451218e-18f,-0.9997924989804136f,0.2449491622502013f,0f,0f,0f,1f], start_interpolation: 0, interpolation_duration: 1 }
$data merge entity $(bone_eye1) { transformation: [-0.9981872322573312f,-0.056644698096075204f,0.020337835087668298f,-0.014222856958834573f,-0.056632944263466094f,0.9983944001133042f,0.0011538832032090616f,0.46833835517330424f,-0.02037054202763981f,-7.045395038451218e-18f,-0.9997924989804136f,0.2505729950569661f,0f,0f,0f,1f], start_interpolation: 0, interpolation_duration: 1 }
$data merge entity $(bone_nail_head1) { transformation: [0.9753550128841212f,-0.056644698096075204f,0.21324628254537134f,-0.023286861564006507f,0.05533754018957298f,0.9983944001133042f,0.01209869696136325f,0.7182261471794346f,-0.21358922137501055f,-7.045395038451218e-18f,0.9769235612433641f,-2.882311233755964e-18f,0f,0f,0f,1f], start_interpolation: 0, interpolation_duration: 1 }
$data merge entity $(bone_nail_left_rotation1) { transformation: [0.8748031133165112f,0.26827591404702933f,-0.40341981467693216f,0.1679741656253381f,0.2834534349061914f,-0.9587128214375087f,-0.02288834312948479f,0.29087391362434495f,-0.3929041399268031f,-0.09432793835106572f,-0.9147286903092177f,0.25344931165610396f,0f,0f,0f,1f], start_interpolation: 0, interpolation_duration: 1 }
$data merge entity $(bone_nail_right_rotation1) { transformation: [0.9268795267674114f,-0.1250277094444714f,0.3539243064985627f,-0.17515269546311948f,-0.17294560746052481f,-0.9790972416838439f,0.10704395446356994f,0.2714063390337785f,0.33314285182115166f,-0.16042650403894493f,-0.9291281811904709f,0.2464469378341028f,0f,0f,0f,1f], start_interpolation: 0, interpolation_duration: 1 }
$data merge entity $(bone_magnet_left1) { transformation: [-0.9981872322573312f,0.05982737389071317f,-0.006552456927711116f,0.2404211210243451f,-0.056632944263466094f,-0.9705393146794401f,-0.23419254532459793f,0.4827857832169751f,-0.02037054202763981f,-0.2333969237048842f,0.9721681526477798f,0.005092635506909951f,0f,0f,0f,1f], start_interpolation: 0, interpolation_duration: 1 }
$data merge entity $(bone_magnet_right1) { transformation: [-0.9981872322573312f,0.050331827266549056f,-0.03299934124280311f,-0.25867249510432044f,-0.056632944263466094f,-0.9710780520478808f,0.23194854268769272f,0.454469311085242f,-0.02037054202763981f,0.2333969237048842f,0.9721681526477798f,-0.005092635506909953f,0f,0f,0f,1f], start_interpolation: 0, interpolation_duration: 1 }
$data merge entity $(bone_body1) { transformation: [-0.9981872322573312f,-0.056644698096075204f,0.020337835087668298f,-0.0073555402244853555f,-0.056632944263466094f,0.9983944001133042f,0.0011538832032090616f,0.43742772214756775f,-0.02037054202763981f,-7.045395038451218e-18f,-0.9997924989804136f,-9.007938791915594e-19f,0f,0f,0f,1f], start_interpolation: 0, interpolation_duration: 1 }