# This file was generated by Animated Java via MC-Build. It is not recommended to edit this file directly.
$data merge entity $(bone_pupil1) { transformation: [-0.9929820626794456f,-0.08688774989388316f,0.08023180239313916f,-0.10320965695562193f,-0.08660550978663821f,0.9962181081060402f,0.006997625041291149f,0.4548851751245576f,-0.08053638228446965f,-1.0640680479265979e-17f,-0.9967516697395243f,0.2554176153707531f,0f,0f,0f,1f], start_interpolation: 0, interpolation_duration: 1 }
$data merge entity $(bone_pupil_closed1) { transformation: [-0.9929820626794456f,-0.08688774989388316f,0.08023180239313916f,-0.10230704917869912f,-0.08660550978663821f,0.9962181081060402f,0.006997625041291149f,0.45496389840627216f,-0.08053638228446965f,-1.0640680479265979e-17f,-0.9967516697395243f,0.24420415908618345f,0f,0f,0f,1f], start_interpolation: 0, interpolation_duration: 1 }
$data merge entity $(bone_eye1) { transformation: [-0.9929820626794456f,-0.08688774989388316f,0.08023180239313916f,-0.10275835306716052f,-0.08660550978663821f,0.9962181081060402f,0.006997625041291149f,0.4549245367654149f,-0.08053638228446965f,-1.0640680479265979e-17f,-0.9967516697395243f,0.24981088722846828f,0f,0f,0f,1f], start_interpolation: 0, interpolation_duration: 1 }
$data merge entity $(bone_nail_head1) { transformation: [-0.9836261157068336f,-0.08688774989388316f,0.15789294923417196f,-0.10437219506585081f,-0.08578950657011145f,0.9962181081060402f,0.013771043681536881f,0.7057328435678986f,-0.15849235016852894f,-1.0640680479265979e-17f,-0.9873602052635382f,-1.2781907460737736e-17f,0f,0f,0f,1f], start_interpolation: 0, interpolation_duration: 1 }
$data merge entity $(bone_nail_left_rotation1) { transformation: [-0.937793172252165f,-0.013350500757561473f,-0.34693764599239374f,0.08425203693746797f,-0.0030351213759202827f,0.9995374814611938f,-0.030259067937511343f,0.28302333700576165f,0.3471811546087354f,-0.027323749445049558f,-0.937399945914661f,0.2630301081400243f,0f,0f,0f,1f], start_interpolation: 0, interpolation_duration: 1 }
$data merge entity $(bone_nail_right_rotation1) { transformation: [-0.891886317000954f,-0.20006313080109991f,0.40560268889707307f,-0.25708554710859144f,-0.1638469434037892f,0.9788466241835508f,0.12252944732472199f,0.2532526930166047f,-0.4215364476337834f,0.04282557668646525f,-0.9057996430214368f,0.23534572672973786f,0f,0f,0f,1f], start_interpolation: 0, interpolation_duration: 1 }
$data merge entity $(bone_magnet_left1) { transformation: [-0.9929820626794456f,-0.08032498929389995f,0.08680160880887279f,0.16559525807748138f,-0.08660550978663821f,0.9936961274827167f,-0.07118631821107718f,0.4783296939880481f,-0.08053638228446965f,-0.07820423467298357f,-0.9936790169907698f,0.0201340955711174f,0f,0f,0f,1f], start_interpolation: 0, interpolation_duration: 1 }
$data merge entity $(bone_magnet_right1) { transformation: [-0.9929820626794456f,-0.0929148186226618f,0.07316734023587017f,-0.3308957732622414f,-0.08660550978663821f,0.9925980728167523f,0.08513842560833346f,0.43502693909472895f,-0.08053638228446965f,0.07820423467298354f,-0.9936790169907698f,-0.020134095571117422f,0f,0f,0f,1f], start_interpolation: 0, interpolation_duration: 1 }
$data merge entity $(bone_body1) { transformation: [-0.9929820626794456f,-0.08688774989388316f,0.08023180239313916f,-0.07993501540819617f,-0.08660550978663821f,0.9962181081060402f,0.006997625041291149f,0.42554650066307476f,-0.08053638228446965f,-1.0640680479265979e-17f,-0.9967516697395243f,-9.78921607594418e-18f,0f,0f,0f,1f], start_interpolation: 0, interpolation_duration: 1 }