# This file was generated by Animated Java via MC-Build. It is not recommended to edit this file directly.
$data merge entity $(bone_pupil1) { transformation: [-0.9931847990746521f,-0.08715574274765817f,0.07738107903839955f,-0.09839786168710554f,-0.08689241070530468f,0.9961946980917455f,0.00676996718726346f,0.45667814186629024f,-0.07767666218925517f,-1.1107181007317174e-17f,-0.9969786036576394f,0.25547576718727005f,0f,0f,0f,1f], start_interpolation: 0, interpolation_duration: 1 }
$data merge entity $(bone_pupil_closed1) { transformation: [-0.9931847990746521f,-0.08715574274765817f,0.07738107903839955f,-0.09752732454792354f,-0.08689241070530468f,0.9961946980917455f,0.00676996718726346f,0.45675430399714695f,-0.07767666218925517f,-1.1107181007317174e-17f,-0.9969786036576394f,0.24425975789612164f,0f,0f,0f,1f], start_interpolation: 0, interpolation_duration: 1 }
$data merge entity $(bone_eye1) { transformation: [-0.9931847990746521f,-0.08715574274765817f,0.07738107903839955f,-0.09796259311751454f,-0.08689241070530468f,0.9961946980917455f,0.00676996718726346f,0.4567162229317186f,-0.07767666218925517f,-1.1107181007317174e-17f,-0.9969786036576394f,0.24986776254169585f,0f,0f,0f,1f], start_interpolation: 0, interpolation_duration: 1 }
$data merge entity $(bone_nail_head1) { transformation: [-0.920662806579307f,-0.08715574274765817f,0.3805047609263484f,-0.1003578958704302f,-0.08054755850564986f,0.9961946980917455f,0.03328985299869744f,0.707461620480963f,-0.38195822729755724f,-1.1107181007317174e-17f,-0.9241795889326423f,-1.241227033909319e-17f,0f,0f,0f,1f], start_interpolation: 0, interpolation_duration: 1 }
$data merge entity $(bone_nail_left_rotation1) { transformation: [-0.9141102455082946f,0.20537145216934424f,-0.34960695887041526f,0.0891311091630262f,0.23022310539671112f,0.9726570715586194f,-0.03058664559093533f,0.28486858135898263f,0.3337660569894134f,-0.10844716584985235f,-0.9363970479560869f,0.26259532722818807f,0f,0f,0f,1f], start_interpolation: 0, interpolation_duration: 1 }
$data merge entity $(bone_nail_right_rotation1) { transformation: [-0.8216317161411525f,-0.40314873816233987f,0.4029794262106414f,-0.2522761655188855f,-0.38815244442511915f,0.9134292518357127f,0.12241193478437956f,0.2549993151790341f,-0.41744341283310427f,-0.05583992128364382f,-0.9069856119439199f,0.2358939746006316f,0f,0f,0f,1f], start_interpolation: 0, interpolation_duration: 1 }
$data merge entity $(bone_magnet_left1) { transformation: [-0.9931847990746521f,-0.05897796860676864f,0.10052638512381722f,0.16972723958514738f,-0.08689241070530468f,0.9495294940310651f,-0.301402470008011f,0.48013604863435266f,-0.07767666218925517f,-0.30808333155840856f,-0.9481829976154434f,0.019419165547313783f,0f,0f,0f,1f], start_interpolation: 0, interpolation_duration: 1 }
$data merge entity $(bone_magnet_right1) { transformation: [-0.9931847990746521f,-0.10680210553864049f,0.046661173791023566f,-0.32686515995217863f,-0.08689241070530468f,0.9453454242066149f,0.3142797128251136f,0.43668984328170035f,-0.07767666218925517f,0.30808333155840856f,-0.9481829976154434f,-0.019419165547313804f,0f,0f,0f,1f], start_interpolation: 0, interpolation_duration: 1 }
$data merge entity $(bone_body1) { transformation: [-0.9931847990746521f,-0.08715574274765817f,0.07738107903839955f,-0.07584534322265134f,-0.08689241070530468f,0.9961946980917455f,0.00676996718726346f,0.42728186164265947f,-0.07767666218925517f,-1.1107181007317174e-17f,-0.9969786036576394f,-9.288375680785236e-18f,0f,0f,0f,1f], start_interpolation: 0, interpolation_duration: 1 }