# This file was generated by Animated Java via MC-Build. It is not recommended to edit this file directly.
$data merge entity $(bone_pupil1) { transformation: [-0.9938058619042912f,-0.07054141646646575f,0.08587093459124356f,-0.11795884625358322f,-0.07027954999604563f,0.9975088513707057f,0.00607258507134229f,0.439657312417042f,-0.08608538608278596f,-9.07251285729197e-18f,-0.9962877627989705f,0.25529873921723617f,0f,0f,0f,1f], start_interpolation: 0, interpolation_duration: 1 }
$data merge entity $(bone_pupil_closed1) { transformation: [-0.9938058619042912f,-0.07054141646646575f,0.08587093459124356f,-0.11699279823943173f,-0.07027954999604563f,0.9975088513707057f,0.00607258507134229f,0.4397256289990946f,-0.08608538608278596f,-9.07251285729197e-18f,-0.9962877627989705f,0.24409050188574777f,0f,0f,0f,1f], start_interpolation: 0, interpolation_duration: 1 }
$data merge entity $(bone_eye1) { transformation: [-0.9938058619042912f,-0.07054141646646575f,0.08587093459124356f,-0.11747582224650747f,-0.07027954999604563f,0.9975088513707057f,0.00607258507134229f,0.4396914707080683f,-0.08608538608278596f,-9.07251285729197e-18f,-0.9962877627989705f,0.24969462055149197f,0f,0f,0f,1f], start_interpolation: 0, interpolation_duration: 1 }
$data merge entity $(bone_nail_head1) { transformation: [-0.0858709345912396f,-0.07054141646646575f,-0.9938058619042915f,-0.1135897733811935f,-0.006072585071342009f,0.9975088513707057f,-0.07027954999604566f,0.69059062518425f,0.9962877627989708f,-9.07251285729197e-18f,-0.08608538608278198f,-1.4032707983119803e-17f,0f,0f,0f,1f], start_interpolation: 0, interpolation_duration: 1 }
$data merge entity $(bone_nail_left_rotation1) { transformation: [0.0705414164664695f,-0.9369846165575291f,-0.34217500916555027f,0.06661474518987442f,-0.9975088513707054f,-0.0662612887779749f,-0.024197790117647357f,0.2647416540973009f,-1.3619489704885823e-15f,0.3430295467507458f,-0.9393246137816138f,0.2638678664327215f,0f,0f,0f,1f], start_interpolation: 0, interpolation_duration: 1 }
$data merge entity $(bone_nail_right_rotation1) { transformation: [-0.11366145682785656f,0.9038014817426455f,0.41258205830061f,-0.27500601983972567f,0.9906446954229834f,0.0715298065853418f,0.11621778779588018f,0.24058305878616024f,0.075525893983944f,0.4219317105523858f,-0.9034763256268886f,0.23427601496676378f,0f,0f,0f,1f], start_interpolation: 0, interpolation_duration: 1 }
$data merge entity $(bone_magnet_left1) { transformation: [-0.9938058619042912f,-0.08587093459124329f,-0.0705414164664661f,0.15249704621149573f,-0.07027954999604563f,-0.006072585071346277f,0.9975088513707057f,0.4587832998405849f,-0.08608538608278596f,0.9962877627989705f,3.972893295424841e-15f,0.02152134652069648f,0f,0f,0f,1f], start_interpolation: 0, interpolation_duration: 1 }
$data merge entity $(bone_magnet_right1) { transformation: [-0.9938058619042912f,0.08587093459124384f,0.0705414164664654f,-0.3444058847406498f,-0.07027954999604563f,0.006072585071338303f,-0.9975088513707057f,0.42364352484256207f,-0.08608538608278596f,-0.9962877627989705f,3.991038321139424e-15f,-0.0215213465206965f,0f,0f,0f,1f], start_interpolation: 0, interpolation_duration: 1 }
$data merge entity $(bone_body1) { transformation: [-0.9938058619042912f,-0.07054141646646575f,0.08587093459124356f,-0.09375f,-0.07027954999604563f,0.9975088513707057f,0.00607258507134229f,0.4100412607362389f,-0.08608538608278596f,-9.07251285729197e-18f,-0.9962877627989705f,-1.1481063742006436e-17f,0f,0f,0f,1f], start_interpolation: 0, interpolation_duration: 1 }