# This file was generated by Animated Java via MC-Build. It is not recommended to edit this file directly.
$data merge entity $(bone_pupil1) { transformation: [-0.9942089888268902f,-0.06630924965247248f,0.08456695540421581f,-0.11720344641145079f,-0.06607066566881586f,0.997799119768366f,0.0056199401734784195f,0.4371286827170209f,-0.08475348767981235f,-8.120541034076316e-18f,-0.9964019501818069f,0.255327999734088f,0f,0f,0f,1f], start_interpolation: 0, interpolation_duration: 1 }
$data merge entity $(bone_pupil_closed1) { transformation: [-0.9942089888268902f,-0.06630924965247248f,0.08456695540421581f,-0.11625206816315338f,-0.06607066566881586f,0.997799119768366f,0.0056199401734784195f,0.4371919070439725f,-0.08475348767981235f,-8.120541034076316e-18f,-0.9964019501818069f,0.24411847779454268f,0f,0f,0f,1f], start_interpolation: 0, interpolation_duration: 1 }
$data merge entity $(bone_eye1) { transformation: [-0.9942089888268902f,-0.06630924965247248f,0.08456695540421581f,-0.11672775728730209f,-0.06607066566881586f,0.997799119768366f,0.0056199401734784195f,0.4371602948804967f,-0.08475348767981235f,-8.120541034076316e-18f,-0.9964019501818069f,0.24972323876431535f,0f,0f,0f,1f], start_interpolation: 0, interpolation_duration: 1 }
$data merge entity $(bone_nail_head1) { transformation: [0.14986311545084247f,-0.06630924965247248f,-0.9864806789987797f,-0.11211047650223863f,0.009959229808134245f,0.997799119768366f,-0.06555707689565399f,0.6880185723285662f,0.9886565937518427f,-8.120541034076316e-18f,0.1501936737382895f,-1.372957361993511e-17f,0f,0f,0f,1f], start_interpolation: 0, interpolation_duration: 1 }
$data merge entity $(bone_nail_left_rotation1) { transformation: [0.28316847712403437f,-0.8954354734445509f,-0.3435271844561769f,0.06663775132428588f,-0.9556966049195535f,-0.2934669037192629f,-0.022829274335102276f,0.2614323680483642f,-0.0803717170931025f,0.33477229472965925f,-0.9388652181079797f,0.2636674932404195f,0f,0f,0f,1f], start_interpolation: 0, interpolation_duration: 1 }
$data merge entity $(bone_nail_right_rotation1) { transformation: [0.10485270249002077f,0.9051919154540208f,0.4118658846969725f,-0.2751215885849576f,0.9795516262446172f,-0.16551241327118457f,0.11438641778932582f,0.23872057672470873f,0.1717105771409111f,0.39145017211623395f,-0.9040366366735952f,0.23453348185048398f,0f,0f,0f,1f], start_interpolation: 0, interpolation_duration: 1 }
$data merge entity $(bone_magnet_left1) { transformation: [-0.9942089888268902f,-0.06675077678253696f,-0.08421888348072817f,0.15301908311760204f,-0.06607066566881586f,-0.23839623934856158f,0.9689179016833895f,0.4550864588036787f,-0.08475348767981235f,0.9688712849823712f,0.23260541580693395f,0.021188371919953073f,0f,0f,0f,1f], start_interpolation: 0, interpolation_duration: 1 }
$data merge entity $(bone_magnet_right1) { transformation: [-0.9942089888268902f,0.09770995060680507f,0.0447353561316802f,-0.3440854112958431f,-0.06607066566881586f,-0.22746691779031175f,-0.9715417996406819f,0.42205112596927075f,-0.08475348767981235f,-0.9688712849823712f,0.23260541580693395f,-0.0211883719199531f,0f,0f,0f,1f], start_interpolation: 0, interpolation_duration: 1 }
$data merge entity $(bone_body1) { transformation: [-0.9942089888268902f,-0.06630924965247248f,0.08456695540421581f,-0.09346100003748074f,-0.06607066566881586f,0.997799119768366f,0.0056199401734784195f,0.4073875698937133f,-0.08475348767981235f,-8.120541034076316e-18f,-0.9964019501818069f,-1.1445671454101145e-17f,0f,0f,0f,1f], start_interpolation: 0, interpolation_duration: 1 }