# This file was generated by Animated Java via MC-Build. It is not recommended to edit this file directly.
$data merge entity $(bone_pupil1) { transformation: [-0.9961966150349949f,-0.04558080349565165f,0.07426098939220378f,-0.10706748481392436f,-0.04545468525017611f,0.9989606550573905f,0.0033883972784536183f,0.42618395301352735f,-0.07433825247896021f,-5.798878944848529e-18f,-0.9972330841976585f,0.25554097782565f,0f,0f,0f,1f], start_interpolation: 0, interpolation_duration: 1 }
$data merge entity $(bone_pupil_closed1) { transformation: [-0.9961966150349949f,-0.04558080349565165f,0.07426098939220378f,-0.10623204868326208f,-0.04545468525017611f,0.9989606550573905f,0.0033883972784536183f,0.42622207248290994f,-0.07433825247896021f,-5.798878944848529e-18f,-0.9972330841976585f,0.24432210562842635f,0f,0f,0f,1f], start_interpolation: 0, interpolation_duration: 1 }
$data merge entity $(bone_eye1) { transformation: [-0.9961966150349949f,-0.04558080349565165f,0.07426098939220378f,-0.10664976674859322f,-0.04545468525017611f,0.9989606550573905f,0.0033883972784536183f,0.42620301274821865f,-0.07433825247896021f,-5.798878944848529e-18f,-0.9972330841976585f,0.24993154172703816f,0f,0f,0f,1f], start_interpolation: 0, interpolation_duration: 1 }
$data merge entity $(bone_nail_head1) { transformation: [0.8919472126764213f,-0.04558080349565165f,-0.4498361481155708f,-0.09943330715608506f,0.040697969858645225f,0.9989606550573905f,-0.020525225862192464f,0.6767923935804787f,0.4503041694767524f,-5.798878944848529e-18f,0.8928752180186502f,-1.2238054505935828e-17f,0f,0f,0f,1f], start_interpolation: 0, interpolation_duration: 1 }
$data merge entity $(bone_nail_left_rotation1) { transformation: [0.880572667293919f,-0.3154088352614389f,-0.35370756883885796f,0.07316434023435134f,-0.34290261675405476f,-0.939232307000347f,-0.016139049229363732f,0.24671253170063095f,-0.32712317716434397f,0.13549885654804805f,-0.9352168127424125f,0.26208515819423595f,0f,0f,0f,1f], start_interpolation: 0, interpolation_duration: 1 }
$data merge entity $(bone_nail_right_rotation1) { transformation: [0.8072624700615056f,0.42959366090226914f,0.40469320595085745f,-0.26927824618392815f,0.425483053694853f,-0.8988099043487551f,0.10537991679197954f,0.23108748364588294f,0.40901280597152423f,0.08712084915316153f,-0.9083603261889701f,0.23653138390459336f,0f,0f,0f,1f], start_interpolation: 0, interpolation_duration: 1 }
$data merge entity $(bone_magnet_left1) { transformation: [-0.9961966150349949f,0.013692721113615396f,-0.08605122649516952f,0.16101104747657657f,-0.04545468525017611f,-0.924215986492326f,0.3791552213814605f,0.4384159011286751f,-0.07433825247896021f,0.38162457952878465f,0.9213232356333214f,0.018584563119740043f,0f,0f,0f,1f], start_interpolation: 0, interpolation_duration: 1 }
$data merge entity $(bone_magnet_right1) { transformation: [-0.9961966150349949f,0.07052962173648754f,-0.051165189831820196f,-0.33708726004092093f,-0.04545468525017611f,-0.9216226194908556f,-0.38541616316862104f,0.4156885585035871f,-0.07433825247896021f,-0.38162457952878465f,0.9213232356333214f,-0.018584563119740063f,0f,0f,0f,1f], start_interpolation: 0, interpolation_duration: 1 }
$data merge entity $(bone_body1) { transformation: [-0.9961966150349949f,-0.04558080349565165f,0.07426098939220378f,-0.08661370617293304f,-0.04545468525017611f,0.9989606550573905f,0.0033883972784536183f,0.3958347093455876f,-0.07433825247896021f,-5.798878944848529e-18f,-0.9972330841976585f,-1.060711980269718e-17f,0f,0f,0f,1f], start_interpolation: 0, interpolation_duration: 1 }