# This file was generated by Animated Java via MC-Build. It is not recommended to edit this file directly.
$data merge entity $(bone_pupil1) { transformation: [-0.9981872322573312f,-0.02037054202763967f,0.05663294426346619f,-0.08643683068088004f,-0.02033783508766816f,0.9997924989804136f,0.00115388320320906f,0.41394718341644965f,-0.0566446980960753f,-2.6030921263531062e-18f,-0.9983944001133042f,0.2558385650290342f,0f,0f,0f,1f], start_interpolation: 0, interpolation_duration: 1 }
$data merge entity $(bone_pupil_closed1) { transformation: [-0.9981872322573312f,-0.02037054202763967f,0.05663294426346619f,-0.08579971005791603f,-0.02033783508766816f,0.9997924989804136f,0.00115388320320906f,0.41396016460248575f,-0.0566446980960753f,-2.6030921263531062e-18f,-0.9983944001133042f,0.2446066280277595f,0f,0f,0f,1f], start_interpolation: 0, interpolation_duration: 1 }
$data merge entity $(bone_eye1) { transformation: [-0.9981872322573312f,-0.02037054202763967f,0.05663294426346619f,-0.08611827036939804f,-0.02033783508766816f,0.9997924989804136f,0.00115388320320906f,0.4139536740094677f,-0.0566446980960753f,-2.6030921263531062e-18f,-0.9983944001133042f,0.25022259652839685f,0f,0f,0f,1f], start_interpolation: 0, interpolation_duration: 1 }
$data merge entity $(bone_nail_head1) { transformation: [0.8806851578613508f,-0.02037054202763967f,0.47326387326757513f,-0.07701727422027675f,0.017943757369282463f,0.9997924989804136f,0.009642642478706515f,0.6641909907323753f,-0.47336209638520865f,-2.6030921263531062e-18f,0.8808679388567847f,-9.462389021392744e-18f,0f,0f,0f,1f], start_interpolation: 0, interpolation_duration: 1 }
$data merge entity $(bone_nail_left_rotation1) { transformation: [0.7811172062296536f,0.5025603754922392f,-0.3705252745995612f,0.08930003239517784f,0.5385220894765911f,-0.8425775728091445f,-0.00754936717992016f,0.2299888670333351f,-0.3159902993412094f,-0.19363910448086225f,-0.9287917032026624f,0.259334407513589f,0f,0f,0f,1f], start_interpolation: 0, interpolation_duration: 1 }
$data merge entity $(bone_nail_right_rotation1) { transformation: [0.8151372860897443f,-0.4273487282184648f,0.39105532769201184f,-0.25382682869327977f,-0.49753194013532215f,-0.8622488413602704f,0.09480983133648956f,0.22299773622194918f,0.29667014236594214f,-0.2718455444971133f,-0.9154708223453326f,0.23986279254306309f,0f,0f,0f,1f], start_interpolation: 0, interpolation_duration: 1 }
$data merge entity $(bone_magnet_left1) { transformation: [-0.9981872322573312f,0.0469593743957277f,-0.03764394393273073f,0.17762216935096597f,-0.02033783508766816f,-0.8518603383331265f,-0.5233739928950597f,0.419327324759189f,-0.0566446980960753f,-0.5216596410796345f,0.8512711654028176f,0.014161174524018817f,0f,0f,0f,1f], start_interpolation: 0, interpolation_duration: 1 }
$data merge entity $(bone_magnet_right1) { transformation: [-0.9981872322573312f,-0.012221889790870254f,-0.0589311018765857f,-0.3214714467776996f,-0.02033783508766816f,-0.8530661429681796f,0.5214062985670006f,0.4091584072153549f,-0.0566446980960753f,0.5216596410796345f,0.8512711654028176f,-0.014161174524018832f,0f,0f,0f,1f], start_interpolation: 0, interpolation_duration: 1 }
$data merge entity $(bone_body1) { transformation: [-0.9981872322573312f,-0.02037054202763967f,0.05663294426346619f,-0.07128805927500309f,-0.02033783508766816f,0.9997924989804136f,0.00115388320320906f,0.382999350394134f,-0.0566446980960753f,-2.6030921263531062e-18f,-0.9983944001133042f,-8.730269360855932e-18f,0f,0f,0f,1f], start_interpolation: 0, interpolation_duration: 1 }