# This file was generated by Animated Java via MC-Build. It is not recommended to edit this file directly.
$data merge entity $(bone_pupil1) { transformation: [-0.9928168463261079f,-0.08475348767981226f,0.08444854040887481f,-0.11090219114270143f,-0.08444854040887469f,0.9964019501818069f,0.007183153673892092f,0.4509971539676102f,-0.08475348767981239f,-1.0379308740365672e-17f,-0.9964019501818069f,0.255327999734088f,0f,0f,0f,1f], start_interpolation: 0, interpolation_duration: 1 }
$data merge entity $(bone_pupil_closed1) { transformation: [-0.9928168463261079f,-0.08475348767981226f,0.08444854040887481f,-0.1099521450631016f,-0.08444854040887469f,0.9964019501818069f,0.007183153673892092f,0.45107796444644144f,-0.08475348767981239f,-1.0379308740365672e-17f,-0.9964019501818069f,0.24411847779454268f,0f,0f,0f,1f], start_interpolation: 0, interpolation_duration: 1 }
$data merge entity $(bone_eye1) { transformation: [-0.9928168463261079f,-0.08475348767981226f,0.08444854040887481f,-0.11042716810290151f,-0.08444854040887469f,0.9964019501818069f,0.007183153673892092f,0.4510375592070258f,-0.08475348767981239f,-1.0379308740365672e-17f,-0.9964019501818069f,0.24972323876431535f,0f,0f,0f,1f], start_interpolation: 0, interpolation_duration: 1 }
$data merge entity $(bone_nail_head1) { transformation: [-0.9495602211549847f,-0.08475348767981226f,-0.30191428042774704f,-0.11045062458288034f,-0.08076915193734259f,0.9964019501818069f,-0.025680688643697984f,0.7019383246419968f,0.3030045057345168f,-1.0379308740365672e-17f,-0.9529891234975252f,-1.3526300385925038e-17f,0f,0f,0f,1f], start_interpolation: 0, interpolation_duration: 1 }
$data merge entity $(bone_nail_left_rotation1) { transformation: [-0.8318436607193153f,-0.43629744005623006f,-0.3430461600447804f,0.07615728663711861f,-0.4548215544266091f,0.890104442929804f,-0.029179347244008516f,0.2787312759017586f,0.31807778569094036f,0.13175213272279027f,-0.9388652181079798f,0.2636674932404195f,0f,0f,0f,1f], start_interpolation: 0, interpolation_duration: 1 }
$data merge entity $(bone_nail_right_rotation1) { transformation: [-0.883352750634934f,0.22770696006744068f,0.4096797020631375f,-0.26512350428748094f,0.30042296068446006f,0.9459734369548811f,0.12198484032597234f,0.2497020901362079f,-0.3597693186463785f,0.23083283326384613f,-0.9040366366735952f,0.23453348185048398f,0f,0f,0f,1f], start_interpolation: 0, interpolation_duration: 1 }
$data merge entity $(bone_magnet_left1) { transformation: [-0.9928168463261079f,-0.11061906987821625f,0.045586522463988866f,0.1589419589185997f,-0.08444854040887469f,0.9178064940241712f,0.38794288696903517f,0.4739499721987637f,-0.08475348767981239f,0.381306518310843f,-0.9205553679273022f,0.021188371919953087f,0f,0f,0f,1f], start_interpolation: 0, interpolation_duration: 1 }
$data merge entity $(bone_magnet_right1) { transformation: [-0.9928168463261079f,-0.04598495527443587f,0.11045403360443468f,-0.33746646424445426f,-0.08444854040887469f,0.9233042418304331f,-0.37467014965265083f,0.4317257019943264f,-0.08475348767981239f,-0.381306518310843f,-0.9205553679273022f,-0.021188371919953108f,0f,0f,0f,1f], start_interpolation: 0, interpolation_duration: 1 }
$data merge entity $(bone_body1) { transformation: [-0.9928168463261079f,-0.08475348767981226f,0.08444854040887481f,-0.08661370617293314f,-0.08444854040887469f,0.9964019501818069f,0.007183153673892092f,0.4217002761533636f,-0.08475348767981239f,-1.0379308740365672e-17f,-0.9964019501818069f,-1.0607119802697192e-17f,0f,0f,0f,1f], start_interpolation: 0, interpolation_duration: 1 }