# This file was generated by Animated Java via MC-Build. It is not recommended to edit this file directly.
$data merge entity $(bone_pupil1) { transformation: [-0.9992153039408515f,-1.49618831733917e-16f,0.039607781689864126f,-0.0652543614604469f,-1.49501426426281e-16f,1f,5.926070024009481e-18f,0.40397034322265124f,-0.039607781689864126f,-1.832302233751079e-32f,-0.9992153039408515f,0.25604892163484316f,0f,0f,0f,1f], start_interpolation: 0, interpolation_duration: 1 }
$data merge entity $(bone_pupil_closed1) { transformation: [-0.9992153039408515f,-1.49618831733917e-16f,0.039607781689864126f,-0.06480877391643593f,-1.49501426426281e-16f,1f,5.926070024009481e-18f,0.40397034322265124f,-0.039607781689864126f,-1.832302233751079e-32f,-0.9992153039408515f,0.24480774946550862f,0f,0f,0f,1f], start_interpolation: 0, interpolation_duration: 1 }
$data merge entity $(bone_eye1) { transformation: [-0.9992153039408515f,-1.49618831733917e-16f,0.039607781689864126f,-0.06503156768844141f,-1.49501426426281e-16f,1f,5.926070024009481e-18f,0.40397034322265124f,-0.039607781689864126f,-1.832302233751079e-32f,-0.9992153039408515f,0.2504283355501759f,0f,0f,0f,1f], start_interpolation: 0, interpolation_duration: 1 }
$data merge entity $(bone_nail_head1) { transformation: [0.34644374882940077f,-1.49618831733917e-16f,0.9380707483431255f,-0.05510486740241925f,5.183450896137351e-17f,1f,1.4035304945085972e-16f,0.6539703432226512f,-0.9380707483431255f,-1.832302233751079e-32f,0.34644374882940077f,-6.7483999481812065e-18f,0f,0f,0f,1f], start_interpolation: 0, interpolation_duration: 1 }
$data merge entity $(bone_nail_left_rotation1) { transformation: [0.2850173695824491f,0.8771932661728733f,-0.38638979388341577f,0.10673331753994864f,0.9510565162951511f,-0.30901699437495556f,-5.78111895547457e-17f,0.21647034322265127f,-0.11940101276301177f,-0.36747853130276287f,-0.9223355827369621f,0.25661141346315824f,0f,0f,0f,1f], start_interpolation: 0, interpolation_duration: 1 }
$data merge entity $(bone_nail_right_rotation1) { transformation: [0.3238989367489218f,-0.8676312381412564f,0.3772340299792541f,-0.23674694318971906f,-0.9450901054729617f,-0.3150654847023548f,0.08682414921193794f,0.2164703432226512f,0.043522078420321436f,-0.3846423987949601f,-0.9220390738679323f,0.24299623850726745f,0f,0f,0f,1f], start_interpolation: 0, interpolation_duration: 1 }
$data merge entity $(bone_magnet_left1) { transformation: [-0.9992153039408515f,0.037669238872141096f,-0.012239477651661073f,0.19469895858279362f,-1.49501426426281e-16f,-0.30901699437495567f,-0.9510565162951511f,0.4039703432226513f,-0.039607781689864126f,-0.9503102259947868f,0.3087745099572597f,0.009901945422466025f,0f,0f,0f,1f], start_interpolation: 0, interpolation_duration: 1 }
$data merge entity $(bone_magnet_right1) { transformation: [-0.9992153039408515f,-0.037669238872141f,-0.012239477651661357f,-0.3049086933876321f,-1.49501426426281e-16f,-0.30901699437495567f,0.9510565162951511f,0.4039703432226512f,-0.039607781689864126f,0.9503102259947868f,0.3087745099572597f,-0.009901945422466038f,0f,0f,0f,1f], start_interpolation: 0, interpolation_duration: 1 }
$data merge entity $(bone_body1) { transformation: [-0.9992153039408515f,-1.49618831733917e-16f,0.039607781689864126f,-0.05510486740241921f,-1.49501426426281e-16f,1f,5.926070024009481e-18f,0.37272034322265124f,-0.039607781689864126f,-1.832302233751079e-32f,-0.9992153039408515f,-6.748399948181201e-18f,0f,0f,0f,1f], start_interpolation: 0, interpolation_duration: 1 }