# This file was generated by Animated Java via MC-Build. It is not recommended to edit this file directly.
$data merge entity $(bone_pupil1) { transformation: [-0.9985916968022414f,0.05127144971861484f,-0.01363310387887082f,0.005095715672667201f,0.051266672242949084f,0.9986847542862319f,0.0006999095530738903f,0.3747795467484697f,0.01365105837488679f,6.2789416785546125e-18f,-0.9999068199613629f,0.2562261226150992f,0f,0f,0f,1f], start_interpolation: 0, interpolation_duration: 1 }
$data merge entity $(bone_pupil_closed1) { transformation: [-0.9985916968022414f,0.05127144971861484f,-0.01363310387887082f,0.004942343254029904f,0.051266672242949084f,0.9986847542862319f,0.0006999095530738903f,0.37478742073094173f,0.01365105837488679f,6.2789416785546125e-18f,-0.9999068199613629f,0.2449771708905339f,0f,0f,0f,1f], start_interpolation: 0, interpolation_duration: 1 }
$data merge entity $(bone_eye1) { transformation: [-0.9985916968022414f,0.05127144971861484f,-0.01363310387887082f,0.005019029463348553f,0.051266672242949084f,0.9986847542862319f,0.0006999095530738903f,0.3747834837397057f,0.01365105837488679f,6.2789416785546125e-18f,-0.9999068199613629f,0.25060164675281654f,0f,0f,0f,1f], start_interpolation: 0, interpolation_duration: 1 }
$data merge entity $(bone_nail_head1) { transformation: [-0.9985916968022414f,0.05127144971861484f,-0.013633103878872779f,0.014420095233360262f,0.051266672242949084f,0.9986847542862319f,0.0006999095530739909f,0.6246300871430028f,0.013651058374888753f,6.2789416785546125e-18f,-0.9999068199613629f,1.765952347093465e-18f,0f,0f,0f,1f], start_interpolation: 0, interpolation_duration: 1 }
$data merge entity $(bone_nail_left_rotation1) { transformation: [-0.899269832218594f,0.051271449718613075f,-0.434378875298159f,0.1670300598390692f,0.046167589710542675f,0.998684754286232f,0.022300565386717514f,0.17871907046275104f,0.4349509426611935f,8.596138940698944e-16f,-0.9004541506807213f,0.24763042933215706f,0f,0f,0f,1f], start_interpolation: 0, interpolation_duration: 1 }
$data merge entity $(bone_nail_right_rotation1) { transformation: [-0.9432856341030987f,0.015371414552497626f,0.3316261933402886f,-0.17623583593670128f,0.0408211333007154f,0.9967175061295839f,0.06991314648096075f,0.19634198904626476f,-0.3294629684361513f,0.07948542375478863f,-0.9408167833535714f,0.2523229806485244f,0f,0f,0f,1f], start_interpolation: 0, interpolation_duration: 1 }
$data merge entity $(bone_magnet_left1) { transformation: [-0.9985916968022414f,0.051271449718614866f,-0.01363310387887072f,0.2512501570042669f,0.051266672242949084f,0.9986847542862319f,0.0006999095530758496f,0.3621422305107076f,0.01365105837488679f,1.9680069319364164e-15f,-0.9999068199613629f,-0.0034127645937216972f,0f,0f,0f,1f], start_interpolation: 0, interpolation_duration: 1 }
$data merge entity $(bone_magnet_right1) { transformation: [-0.9985916968022414f,0.05127144971861481f,-0.013633103878870921f,-0.24804569139685378f,0.051266672242949084f,0.9986847542862319f,0.0006999095530719309f,0.38777556663218216f,0.01365105837488679f,-1.955449048579307e-15f,-0.9999068199613629f,0.003412764593721698f,0f,0f,0f,1f], start_interpolation: 0, interpolation_duration: 1 }
$data merge entity $(bone_body1) { transformation: [-0.9985916968022414f,0.05127144971861484f,-0.01363310387887082f,-1.607348923880901e-16f,0.051266672242949084f,0.9986847542862319f,0.0006999095530738903f,0.3437500000000001f,0.01365105837488679f,6.2789416785546125e-18f,-0.9999068199613629f,-1.9684347147436882e-32f,0f,0f,0f,1f], start_interpolation: 0, interpolation_duration: 1 }