# This file was generated by Animated Java via MC-Build. It is not recommended to edit this file directly.
$data merge entity $(bone_pupil1) { transformation: [-0.9961966150349949f,0.07433825247895992f,-0.045454685250175736f,0.04984740526955193f,0.07426098939220349f,0.9972330841976585f,0.0033883972784535922f,0.3557555393895612f,0.04558080349565127f,9.103810295256606e-18f,-0.9989606550573905f,0.2559836678584563f,0f,0f,0f,1f], start_interpolation: 0, interpolation_duration: 1 }
$data merge entity $(bone_pupil_closed1) { transformation: [-0.9961966150349949f,0.07433825247895992f,-0.045454685250175736f,0.04933604006048745f,0.07426098939220349f,0.9972330841976585f,0.0033883972784535922f,0.3557936588589438f,0.04558080349565127f,9.103810295256606e-18f,-0.9989606550573905f,0.24474536048906068f,0f,0f,0f,1f], start_interpolation: 0, interpolation_duration: 1 }
$data merge entity $(bone_eye1) { transformation: [-0.9961966150349949f,0.07433825247895992f,-0.045454685250175736f,0.04959172266501969f,0.07426098939220349f,0.9972330841976585f,0.0033883972784535922f,0.3557745991242525f,0.04558080349565127f,9.103810295256606e-18f,-0.9989606550573905f,0.2503645141737585f,0f,0f,0f,1f], start_interpolation: 0, interpolation_duration: 1 }
$data merge entity $(bone_nail_head1) { transformation: [-0.33923328659271124f,0.07433825247895992f,-0.9377604179564639f,0.05678420529393438f,0.02528797941785688f,0.9972330841976585f,0.06990489166422932f,0.6059320872415797f,0.9403623213232597f,9.103810295256606e-18f,-0.340174520850005f,6.954059525534293e-18f,0f,0f,0f,1f], start_interpolation: 0, interpolation_duration: 1 }
$data merge entity $(bone_nail_left_rotation1) { transformation: [-0.4068380994542469f,-0.787938842267222f,-0.46220681699759253f,0.2068461843560731f,-0.8961153749476543f,0.4424817386745311f,0.03445498109111384f,0.1560319060337056f,0.1773696581010443f,0.4282082341410002f,-0.8861025406796692f,0.24190596316353258f,0f,0f,0f,1f], start_interpolation: 0, interpolation_duration: 1 }
$data merge entity $(bone_nail_right_rotation1) { transformation: [-0.3265193836081584f,0.8953009010340779f,0.30302044276866313f,-0.1355964020622064f,0.9443427523230273f,0.3225826125199869f,0.06447654018904415f,0.18155912113727551f,-0.04002322154846734f,0.30720799909401514f,-0.9508003928425429f,0.2575743643651627f,0f,0f,0f,1f], start_interpolation: 0, interpolation_duration: 1 }
$data merge entity $(bone_magnet_left1) { transformation: [-0.9961966150349949f,0.07044267097405191f,0.05128483497935428f,0.2872487959329431f,0.07426098939220349f,0.37849410863521943f,0.9226199191340504f,0.33805856884411406f,0.04558080349565127f,0.9229193029915845f,-0.3822856922750558f,-0.011395200873912813f,0f,0f,0f,1f], start_interpolation: 0, interpolation_duration: 1 }
$data merge entity $(bone_magnet_right1) { transformation: [-0.9961966150349949f,-0.013546635744707602f,-0.0860743449165798f,-0.21084951158455434f,0.07426098939220349f,0.38475505042237984f,-0.92002655213258f,0.3751890635402158f,0.04558080349565127f,-0.9229193029915845f,-0.3822856922750558f,0.011395200873912823f,0f,0f,0f,1f], start_interpolation: 0, interpolation_duration: 1 }
$data merge entity $(bone_body1) { transformation: [-0.9961966150349949f,0.07433825247895992f,-0.045454685250175736f,0.0358765717842269f,0.07426098939220349f,0.9972330841976585f,0.0033883972784535922f,0.3254602823109881f,0.04558080349565127f,9.103810295256606e-18f,-0.9989606550573905f,4.393612879993372e-18f,0f,0f,0f,1f], start_interpolation: 0, interpolation_duration: 1 }