# This file was generated by Animated Java via MC-Build. It is not recommended to edit this file directly.
$data merge entity $(bone_pupil1) { transformation: [-0.9946611599003181f,0.08290008894456212f,-0.061455286499515094f,0.0734434123474378f,0.08274230894927105f,0.996557863474562f,0.005112245764797385f,0.34461207703369934f,0.061667554641782016f,9.718651988504686e-18f,-0.9980967451627637f,0.25576229094795816f,0f,0f,0f,1f], start_interpolation: 0, interpolation_duration: 1 }
$data merge entity $(bone_pupil_closed1) { transformation: [-0.9946611599003181f,0.08290008894456212f,-0.061455286499515094f,0.07275204037431825f,0.08274230894927105f,0.996557863474562f,0.005112245764797385f,0.34466958979855333f,0.061667554641782016f,9.718651988504686e-18f,-0.9980967451627637f,0.2445337025648771f,0f,0f,0f,1f], start_interpolation: 0, interpolation_duration: 1 }
$data merge entity $(bone_eye1) { transformation: [-0.9946611599003181f,0.08290008894456212f,-0.061455286499515094f,0.07309772636087802f,0.08274230894927105f,0.996557863474562f,0.005112245764797385f,0.34464083341612634f,0.061667554641782016f,9.718651988504686e-18f,-0.9980967451627637f,0.25014799675641763f,0f,0f,0f,1f], start_interpolation: 0, interpolation_duration: 1 }
$data merge entity $(bone_nail_head1) { transformation: [0.36581465274005637f,0.08290008894456212f,-0.9269882497063572f,0.07842051741807758f,-0.03043081426666088f,0.996557863474562f,0.07711284127876691f,0.5950615558795691f,0.9301900909941687f,9.718651988504686e-18f,0.36707818597168107f,9.481770819948178e-18f,0f,0f,0f,1f], start_interpolation: 0, interpolation_duration: 1 }
$data merge entity $(bone_nail_left_rotation1) { transformation: [0.1917007904851391f,-0.8582646901049411f,-0.4760593751271392f,0.2284729369875776f,-0.9702883939983007f,-0.2386883731948542f,0.039601678926433855f,0.14356809481759297f,-0.1476185604846868f,0.4543232133852104f,-0.8785210176084379f,0.23892507533663465f,0f,0f,0f,1f], start_interpolation: 0, interpolation_duration: 1 }
$data merge entity $(bone_nail_right_rotation1) { transformation: [0.3437986441265832f,0.893704877221918f,0.28826044599715606f,-0.11344183672815678f,0.9244660019724563f,-0.3759991488350045f,0.06314468522698159f,0.17201076351890487f,0.16481839549572572f,0.24477792487295186f,-0.9554677723508554f,0.2601232972447472f,0f,0f,0f,1f], start_interpolation: 0, interpolation_duration: 1 }
$data merge entity $(bone_magnet_left1) { transformation: [-0.9946611599003181f,0.03282991436708378f,0.09783339771470548f,0.3063607851570166f,0.08274230894927105f,-0.31281535033915314f,0.9462030791019105f,0.3252365127736109f,0.061667554641782016f,0.9492464133800258f,0.30842885628562705f,-0.015416888660445495f,0f,0f,0f,1f], start_interpolation: 0, interpolation_duration: 1 }
$data merge entity $(bone_magnet_right1) { transformation: [-0.9946611599003181f,-0.08406498700521456f,-0.05985194186964113f,-0.19096979479314247f,0.08274230894927105f,-0.30309128104412747f,-0.9493626207433981f,0.36660766724824645f,0.061667554641782016f,-0.9492464133800258f,0.30842885628562705f,0.015416888660445511f,0f,0f,0f,1f], start_interpolation: 0, interpolation_duration: 1 }
$data merge entity $(bone_body1) { transformation: [-0.9946611599003181f,0.08290008894456212f,-0.061455286499515094f,0.05510486740241949f,0.08274230894927105f,0.996557863474562f,0.005112245764797385f,0.3147796567773486f,0.061667554641782016f,9.718651988504686e-18f,-0.9980967451627637f,6.748399948181235e-18f,0f,0f,0f,1f], start_interpolation: 0, interpolation_duration: 1 }