# This file was generated by Animated Java via MC-Build. It is not recommended to edit this file directly.
$data merge entity $(bone_pupil1) { transformation: [-0.9929820626794456f,-0.08053638228446951f,0.08660550978663833f,-0.11586910386649793f,-0.08023180239313903f,0.9967516697395243f,0.006997625041291148f,0.4467288105325991f,-0.08688774989388329f,-1.029654314695252e-17f,-0.9962181081060402f,0.25528089020217276f,0f,0f,0f,1f], start_interpolation: 0, interpolation_duration: 1 }
$data merge entity $(bone_pupil_closed1) { transformation: [-0.9929820626794456f,-0.08053638228446951f,0.08660550978663833f,-0.11489479188139826f,-0.08023180239313903f,0.9967516697395243f,0.006997625041291148f,0.44680753381431365f,-0.08688774989388329f,-1.029654314695252e-17f,-0.9962181081060402f,0.24407343648597984f,0f,0f,0f,1f], start_interpolation: 0, interpolation_duration: 1 }
$data merge entity $(bone_eye1) { transformation: [-0.9929820626794456f,-0.08053638228446951f,0.08660550978663833f,-0.11538194787394809f,-0.08023180239313903f,0.9967516697395243f,0.006997625041291148f,0.4467681721734564f,-0.08688774989388329f,-1.029654314695252e-17f,-0.9962181081060402f,0.2496771633440763f,0f,0f,0f,1f], start_interpolation: 0, interpolation_duration: 1 }
$data merge entity $(bone_nail_head1) { transformation: [-0.7107456089296371f,-0.08053638228446951f,-0.6988237048897019f,-0.11381053755478923f,-0.057427423304667f,0.9967516697395243f,-0.05646414724457285f,0.6977098693843111f,0.7011011128502265f,-1.029654314695252e-17f,-0.7130618693775274f,-1.4059743796975848e-17f,0f,0f,0f,1f], start_interpolation: 0, interpolation_duration: 1 }
$data merge entity $(bone_nail_left_rotation1) { transformation: [-0.5469992147527625f,-0.7644612215519212f,-0.3411611053493724f,0.07044154427103629f,-0.8070809690029309f,0.5897969624703541f,-0.02756542279802688f,0.2736714486492671f,0.2222884804328631f,0.26026637086663384f,-0.9396005787901369f,0.2639883590395212f,0f,0f,0f,1f], start_interpolation: 0, interpolation_duration: 1 }
$data merge entity $(bone_nail_right_rotation1) { transformation: [-0.6802780237824544f,0.6061168392553695f,0.412121568872243f,-0.27089603977502313f,0.700065978238114f,0.7038536848727682f,0.12040604803969981f,0.24609176657662557f,-0.21709315160122147f,0.37042187767747525f,-0.903137971777149f,0.23412069501349886f,0f,0f,0f,1f], start_interpolation: 0, interpolation_duration: 1 }
$data merge entity $(bone_magnet_left1) { transformation: [-0.9929820626794456f,-0.11815954258981395f,-0.0049945662313824815f,0.15456907368618955f,-0.08023180239313903f,0.6420173907557553f,0.7624805098177396f,0.46857990254771476f,-0.08688774989388329f,0.75753019244261f,-0.646991906020655f,0.02172193747347081f,0f,0f,0f,1f], start_interpolation: 0, interpolation_duration: 1 }
$data merge entity $(bone_magnet_right1) { transformation: [-0.9929820626794456f,0.013551150001369451f,0.11748612484252813f,-0.3419219576535333f,-0.08023180239313903f,0.6526594624086152f,-0.7533913219657138f,0.4284640013511452f,-0.08688774989388329f,-0.75753019244261f,-0.646991906020655f,-0.021721937473470832f,0f,0f,0f,1f], start_interpolation: 0, interpolation_duration: 1 }
$data merge entity $(bone_body1) { transformation: [-0.9929820626794456f,-0.08053638228446951f,0.08660550978663833f,-0.09115968003728218f,-0.08023180239313903f,0.9967516697395243f,0.006997625041291148f,0.41737346227006983f,-0.08688774989388329f,-1.029654314695252e-17f,-0.9962181081060402f,-1.116384103689545e-17f,0f,0f,0f,1f], start_interpolation: 0, interpolation_duration: 1 }