# This file was generated by Animated Java via MC-Build. It is not recommended to edit this file directly.
$data merge entity $(bone_pupil1) { transformation: [-0.993461656480143f,0.08688774989388313f,-0.07405711324449847f,0.09298043672808946f,0.08664733880567187f,0.9962181081060402f,0.006459083488940207f,0.33397732534013896f,0.0743382524789598f,1.1074361348260178e-17f,-0.9972330841976585f,0.25554097782565f,0f,0f,0f,1f], start_interpolation: 0, interpolation_duration: 1 }
$data merge entity $(bone_pupil_closed1) { transformation: [-0.993461656480143f,0.08688774989388313f,-0.07405711324449847f,0.09214729420408886f,0.08664733880567187f,0.9962181081060402f,0.006459083488940207f,0.33404999002938957f,0.0743382524789598f,1.1074361348260178e-17f,-0.9972330841976585f,0.24432210562842635f,0f,0f,0f,1f], start_interpolation: 0, interpolation_duration: 1 }
$data merge entity $(bone_eye1) { transformation: [-0.993461656480143f,0.08688774989388313f,-0.07405711324449847f,0.09256386546608916f,0.08664733880567187f,0.9962181081060402f,0.006459083488940207f,0.33401365768476426f,0.0743382524789598f,1.1074361348260178e-17f,-0.9972330841976585f,0.24993154172703816f,0f,0f,0f,1f], start_interpolation: 0, interpolation_duration: 1 }
$data merge entity $(bone_nail_head1) { transformation: [0.8857600454379675f,0.08688774989388313f,-0.45593822040283866f,0.09572523893265751f,-0.07725386305246387f,0.9962181081060402f,0.0397658361548345f,0.5846869925106899f,0.457669075369093f,1.1074361348260178e-17f,0.889122611033371f,1.1844933490054082e-17f,0f,0f,0f,1f], start_interpolation: 0, interpolation_duration: 1 }
$data merge entity $(bone_nail_left_rotation1) { transformation: [0.6956173252576028f,-0.5281792047336833f,-0.4869735767866179f,0.24697734887273282f,-0.5851521711475925f,-0.8098104773941341f,0.04247266537365686f,0.13233428798483746f,-0.416789483315878f,0.255408923864414f,-0.8723834066554139f,0.2365313839045934f,0f,0f,0f,1f], start_interpolation: 0, interpolation_duration: 1 }
$data merge entity $(bone_nail_right_rotation1) { transformation: [0.8472033173710974f,0.4537066175046553f,0.2763997906437192f,-0.09452509554231629f,0.45509664017427665f,-0.8882072648747232f,0.06304682962566592f,0.16211931069928717f,0.27410506587345723f,0.07237513285823555f,-0.958972498566179f,0.26208515819423583f,0f,0f,0f,1f], start_interpolation: 0, interpolation_duration: 1 }
$data merge entity $(bone_magnet_left1) { transformation: [-0.993461656480143f,-0.03538924997261915f,0.1085427938193316f,0.3223687155792225f,0.08664733880567187f,-0.8527904332804005f,0.5150152576218703f,0.31397063078276194f,0.0743382524789598f,0.5210528551805487f,0.8502809808096217f,-0.018584563119739942f,0f,0f,0f,1f], start_interpolation: 0, interpolation_duration: 1 }
$data merge entity $(bone_magnet_right1) { transformation: [-0.993461656480143f,-0.11277872072713498f,0.017745344597424766f,-0.174362112660849f,0.08664733880567187f,-0.8460407095756969f,-0.5260298056370438f,0.3572943001855979f,0.0743382524789598f,-0.5210528551805487f,0.8502809808096217f,0.018584563119739956f,0f,0f,0f,1f], start_interpolation: 0, interpolation_duration: 1 }
$data merge entity $(bone_body1) { transformation: [-0.993461656480143f,0.08688774989388313f,-0.07405711324449847f,0.07128805927500288f,0.08664733880567187f,0.9962181081060402f,0.006459083488940207f,0.30450064960586615f,0.0743382524789598f,1.1074361348260178e-17f,-0.9972330841976585f,8.730269360855907e-18f,0f,0f,0f,1f], start_interpolation: 0, interpolation_duration: 1 }