# This file was generated by Animated Java via MC-Build. It is not recommended to edit this file directly.
$data merge entity $(bone_pupil1) { transformation: [-0.993461656480143f,0.07433825247895992f,-0.0866473388056718f,0.11798745099640161f,0.0740571132444986f,0.9972330841976585f,0.00645908348894021f,0.3096208238434227f,0.08688774989388307f,9.537491164250808e-18f,-0.9962181081060402f,0.25528089020217276f,0f,0f,0f,1f], start_interpolation: 0, interpolation_duration: 1 }
$data merge entity $(bone_pupil_closed1) { transformation: [-0.993461656480143f,0.07433825247895992f,-0.0866473388056718f,0.1170126684348378f,0.0740571132444986f,0.9972330841976585f,0.00645908348894021f,0.3096934885326733f,0.08688774989388307f,9.537491164250808e-18f,-0.9962181081060402f,0.24407343648597984f,0f,0f,0f,1f], start_interpolation: 0, interpolation_duration: 1 }
$data merge entity $(bone_eye1) { transformation: [-0.993461656480143f,0.07433825247895992f,-0.0866473388056718f,0.1175000597156197f,0.0740571132444986f,0.9972330841976585f,0.00645908348894021f,0.309657156188048f,0.08688774989388307f,9.537491164250808e-18f,-0.9962181081060402f,0.2496771633440763f,0f,0f,0f,1f], start_interpolation: 0, interpolation_duration: 1 }
$data merge entity $(bone_nail_head1) { transformation: [0.14766575193676051f,0.07433825247895992f,0.9862396513643757f,0.1143686335471882f,-0.011007671249497572f,0.9972330841976585f,-0.07351875240568607f,0.5605842350368784f,-0.988976064866392f,9.537491164250808e-18f,0.14807546427881257f,1.412809084404668e-17f,0f,0f,0f,1f], start_interpolation: 0, interpolation_duration: 1 }
$data merge entity $(bone_nail_left_rotation1) { transformation: [0.2739258156232501f,0.8225435188852515f,-0.49838419625325714f,0.2742587049965857f,0.9546481851044112f,-0.29540918397703675f,0.03715180613207049f,0.10995142348926945f,-0.1166682913734101f,-0.48595840723449685f,-0.8661598791367099f,0.2341206950134989f,0f,0f,0f,1f], start_interpolation: 0, interpolation_duration: 1 }
$data merge entity $(bone_nail_right_rotation1) { transformation: [0.18187357873637341f,-0.9473530971855106f,0.2635225049415032f,-0.06724373941846339f,-0.9831368821007741f,-0.16998909970495935f,0.06742089464450834f,0.13540855616706582f,-0.019075439989491162f,-0.27134077326218f,-0.9622942961249897f,0.26398835903952117f,0f,0f,0f,1f], start_interpolation: 0, interpolation_duration: 1 }
$data merge entity $(bone_magnet_left1) { transformation: [-0.993461656480143f,-0.10160718633550479f,-0.0520568611108322f,0.34414948454748395f,0.0740571132444986f,-0.22651882169169096f,-0.9711872977944569f,0.29276168567633903f,0.08688774989388307f,-0.9686925224777931f,0.2325624987266608f,-0.021721937473470756f,0f,0f,0f,1f], start_interpolation: 0, interpolation_duration: 1 }
$data merge entity $(bone_magnet_right1) { transformation: [-0.993461656480143f,0.0668993455387782f,0.09251170018010492f,-0.1525813436925875f,0.0740571132444986f,-0.23908005868765642f,0.9681716116039543f,0.32979024229858833f,0.08688774989388307f,0.9686925224777931f,0.2325624987266608f,0.021721937473470777f,0f,0f,0f,1f], start_interpolation: 0, interpolation_duration: 1 }
$data merge entity $(bone_body1) { transformation: [-0.993461656480143f,0.07433825247895992f,-0.0866473388056718f,0.09346100003748072f,0.0740571132444986f,0.9972330841976585f,0.00645908348894021f,0.28011243010628684f,0.08688774989388307f,9.537491164250808e-18f,-0.9962181081060402f,1.1445671454101142e-17f,0f,0f,0f,1f], start_interpolation: 0, interpolation_duration: 1 }