# This file was generated by Animated Java via MC-Build. It is not recommended to edit this file directly.
$data merge entity $(bone_pupil1) { transformation: [-0.9938058619042911f,0.07054141646646596f,-0.08587093459124327f,0.11795884625358315f,0.07027954999604584f,0.9975088513707057f,0.006072585071342305f,0.30707479094456425f,0.08608538608278567f,8.638831988297793e-18f,-0.9962877627989705f,0.25529873921723617f,0f,0f,0f,1f], start_interpolation: 0, interpolation_duration: 1 }
$data merge entity $(bone_pupil_closed1) { transformation: [-0.9938058619042911f,0.07054141646646596f,-0.08587093459124327f,0.11699279823943166f,0.07027954999604584f,0.9975088513707057f,0.006072585071342305f,0.3071431075266169f,0.08608538608278567f,8.638831988297793e-18f,-0.9962877627989705f,0.24409050188574777f,0f,0f,0f,1f], start_interpolation: 0, interpolation_duration: 1 }
$data merge entity $(bone_eye1) { transformation: [-0.9938058619042911f,0.07054141646646596f,-0.08587093459124327f,0.1174758222465074f,0.07027954999604584f,0.9975088513707057f,0.006072585071342305f,0.30710894923559057f,0.08608538608278567f,8.638831988297793e-18f,-0.9962877627989705f,0.24969462055149197f,0f,0f,0f,1f], start_interpolation: 0, interpolation_duration: 1 }
$data merge entity $(bone_nail_head1) { transformation: [-0.08587093459122914f,0.07054141646646596f,0.9938058619042923f,0.11358977338119355f,0.006072585071341306f,0.9975088513707057f,-0.07027954999604592f,0.5580081037117721f,-0.9962877627989717f,8.638831988297793e-18f,-0.08608538608277151f,1.391073523871519e-17f,0f,0f,0f,1f], start_interpolation: 0, interpolation_duration: 1 }
$data merge entity $(bone_nail_left_rotation1) { transformation: [0.07054141646647824f,0.8644033663355271f,-0.4978260025658677f,0.2750060198397255f,0.9975088513707048f,-0.06112851808373888f,0.03520505239284752f,0.10800053731368248f,-7.083561890032369e-15f,-0.49906925826451626f,-0.8665621013264458f,0.23427601496676384f,0f,0f,0f,1f], start_interpolation: 0, interpolation_duration: 1 }
$data merge entity $(bone_nail_right_rotation1) { transformation: [-0.04045039681515457f,-0.9636639777933877f,0.26403693548615803f,-0.06661474518987451f,-0.9958220047443099f,0.06053283981306783f,0.0683689269419171f,0.1321591326248232f,-0.08186757761483027f,-0.2601682401977431f,-0.9620863716568742f,0.2638678664327214f,0f,0f,0f,1f], start_interpolation: 0, interpolation_duration: 1 }
$data merge entity $(bone_magnet_left1) { transformation: [-0.9938058619042911f,-0.08587093459124427f,-0.07054141646646474f,0.3444058847406498f,0.07027954999604584f,0.006072585071328129f,-0.9975088513707058f,0.29106100337008434f,0.08608538608278567f,-0.9962877627989705f,1.4149461819681508e-14f,-0.021521346520696403f,0f,0f,0f,1f], start_interpolation: 0, interpolation_duration: 1 }
$data merge entity $(bone_magnet_right1) { transformation: [-0.9938058619042911f,0.08587093459124227f,0.07054141646646718f,-0.15249704621149576f,0.07027954999604584f,-0.00607258507135648f,0.9975088513707056f,0.32620077836810724f,0.08608538608278567f,0.9962877627989705f,1.4166739483658102e-14f,0.02152134652069643f,0f,0f,0f,1f], start_interpolation: 0, interpolation_duration: 1 }
$data merge entity $(bone_body1) { transformation: [-0.9938058619042911f,0.07054141646646596f,-0.08587093459124327f,0.09375f,0.07027954999604584f,0.9975088513707057f,0.006072585071342305f,0.2774587392637612f,0.08608538608278567f,8.638831988297793e-18f,-0.9962877627989705f,1.1481063742006436e-17f,0f,0f,0f,1f], start_interpolation: 0, interpolation_duration: 1 }