# This file was generated by Animated Java via MC-Build. It is not recommended to edit this file directly.
$data merge entity $(bone_pupil1) { transformation: [-0.9951512853715266f,0.056644698096075426f,-0.0804070730781986f,0.11353413932907297f,0.05646069740915443f,0.9983944001133042f,0.004561959060253895f,0.30015736072428095f,0.08053638228446942f,6.9369748212026945e-18f,-0.9967516697395243f,0.2554176153707531f,0f,0f,0f,1f], start_interpolation: 0, interpolation_duration: 1 }
$data merge entity $(bone_pupil_closed1) { transformation: [-0.9951512853715266f,0.056644698096075426f,-0.0804070730781986f,0.11262955975694325f,0.05646069740915443f,0.9983944001133042f,0.004561959060253895f,0.30020868276370877f,0.08053638228446942f,6.9369748212026945e-18f,-0.9967516697395243f,0.24420415908618345f,0f,0f,0f,1f], start_interpolation: 0, interpolation_duration: 1 }
$data merge entity $(bone_eye1) { transformation: [-0.9951512853715266f,0.056644698096075426f,-0.0804070730781986f,0.11308184954300811f,0.05646069740915443f,0.9983944001133042f,0.004561959060253895f,0.30018302174399486f,0.08053638228446942f,6.9369748212026945e-18f,-0.9967516697395243f,0.24981088722846828f,0f,0f,0f,1f], start_interpolation: 0, interpolation_duration: 1 }
$data merge entity $(bone_nail_head1) { transformation: [-0.7074410781229018f,0.056644698096075426f,0.7044987573884788f,0.10709100137680344f,0.04013723062397603f,0.9983944001133042f,-0.0399702957236157f,0.550924962761797f,-0.7056317195975136f,6.9369748212026945e-18f,-0.7085787721191313f,1.3114865205358713e-17f,0f,0f,0f,1f], start_interpolation: 0, interpolation_duration: 1 }
$data merge entity $(bone_nail_left_rotation1) { transformation: [-0.5206036873489963f,0.6967683540401924f,-0.49344266285633365f,0.27345234140255126f,0.7911656998556732f,0.6109607738218911f,0.02799586081617496f,0.10328274057996456f,0.3209807409962647f,-0.3758201613259683f,-0.8693276541387671f,0.23534572672973791f,0f,0f,0f,1f], start_interpolation: 0, interpolation_duration: 1 }
$data merge entity $(bone_nail_right_rotation1) { transformation: [-0.6452532936382147f,-0.7152674373260791f,0.2684039495797691f,-0.06863091294391105f,-0.7270629043990766f,0.6828129517546342f,0.07173566729948573f,0.12269110531436139f,-0.23457987998934357f,-0.14885887953732194f,-0.9606317264628929f,0.26303010814002425f,0f,0f,0f,1f], start_interpolation: 0, interpolation_duration: 1 }
$data merge entity $(bone_magnet_left1) { transformation: [-0.9951512853715266f,-0.024354229418352503f,-0.09529318303444666f,0.34171764819566625f,0.05646069740915443f,0.6518742355015996f,-0.7562223024595854f,0.28721118838118237f,0.08053638228446942f,-0.757935915891735f,-0.6473384265821754f,-0.020134095571117342f,0f,0f,0f,1f], start_interpolation: 0, interpolation_duration: 1 }
$data merge entity $(bone_magnet_right1) { transformation: [-0.9951512853715266f,0.09792980667184864f,-0.00914725033070872f,-0.1558579944900971f,0.05646069740915443f,0.6449363537331192f,0.7621478132760736f,0.31544153708575956f,0.08053638228446942f,0.757935915891735f,-0.6473384265821754f,0.02013409557111737f,0f,0f,0f,1f], start_interpolation: 0, interpolation_duration: 1 }
$data merge entity $(bone_body1) { transformation: [-0.9951512853715266f,0.056644698096075426f,-0.0804070730781986f,0.09115968003728223f,0.05646069740915443f,0.9983944001133042f,0.004561959060253895f,0.2701265377299302f,0.08053638228446942f,6.9369748212026945e-18f,-0.9967516697395243f,1.1163841036895455e-17f,0f,0f,0f,1f], start_interpolation: 0, interpolation_duration: 1 }