# This file was generated by Animated Java via MC-Build. It is not recommended to edit this file directly.
$data merge entity $(bone_pupil1) { transformation: [-0.9967261101060693f,0.039607781689864834f,-0.07048606289495785f,0.1028316584373006f,0.03950911281879874f,0.9992153039408513f,0.00279398902349762f,0.29432450315268416f,0.07054141646646583f,4.6337138722849104e-18f,-0.9975088513707057f,0.2556116431637433f,0f,0f,0f,1f], start_interpolation: 0, interpolation_duration: 1 }
$data merge entity $(bone_pupil_closed1) { transformation: [-0.9967261101060693f,0.039607781689864834f,-0.07048606289495785f,0.10203869022973233f,0.03950911281879874f,0.9992153039408513f,0.00279398902349762f,0.29435593552919853f,0.07054141646646583f,4.6337138722849104e-18f,-0.9975088513707057f,0.2443896685858229f,0f,0f,0f,1f], start_interpolation: 0, interpolation_duration: 1 }
$data merge entity $(bone_eye1) { transformation: [-0.9967261101060693f,0.039607781689864834f,-0.07048606289495785f,0.10243517433351647f,0.03950911281879874f,0.9992153039408513f,0.00279398902349762f,0.29434021934094134f,0.07054141646646583f,4.6337138722849104e-18f,-0.9975088513707057f,0.2500006558747831f,0f,0f,0f,1f], start_interpolation: 0, interpolation_duration: 1 }
$data merge entity $(bone_nail_head1) { transformation: [-0.9954812072602737f,0.039607781689864834f,0.0863040533302811f,0.09467155024293386f,0.039459766256604495f,0.9992153039408513f,-0.003420996545764044f,0.5448442888251682f,-0.08637182896409067f,4.6337138722849104e-18f,-0.9962629708874048f,1.153293472533037e-17f,0f,0f,0f,1f], start_interpolation: 0, interpolation_duration: 1 }
$data merge entity $(bone_nail_left_rotation1) { transformation: [-0.8566010416840927f,0.1757737742393744f,-0.48511672376385134f,0.2662769616518381f,0.19051202613070362f,0.9814965077599663f,0.01922948659128873f,0.10019846732944035f,0.4795204096650126f,-0.07594857170899195f,-0.8742379488274702f,0.2372529068875026f,0f,0f,0f,1f], start_interpolation: 0, interpolation_duration: 1 }
$data merge entity $(bone_nail_right_rotation1) { transformation: [-0.9503760465513167f,-0.14210951228657817f,0.27674944744147295f,-0.07634763869712319f,-0.12579826712938075f,0.98914640036051f,0.07592229343934867f,0.1137797248609024f,-0.28453499983083747f,0.037340128166846245f,-0.9579381758233402f,0.2615015187978502f,0f,0f,0f,1f], start_interpolation: 0, interpolation_duration: 1 }
$data merge entity $(bone_magnet_left1) { transformation: [-0.9967261101060693f,0.028093694630151267f,-0.07581428463589004f,0.333951132346985f,0.03950911281879874f,0.9873503816248228f,-0.15355212114975259f,0.2851631846352557f,0.07054141646646583f,-0.15604476353708469f,-0.9852278621392921f,-0.017635354116616448f,0f,0f,0f,1f], start_interpolation: 0, interpolation_duration: 1 }
$data merge entity $(bone_magnet_right1) { transformation: [-0.9967261101060693f,0.05014659371368273f,-0.0634222403557205f,-0.16441192270604968f,0.03950911281879874f,0.9864762292683844f,0.15907130191427138f,0.3049177410446551f,0.07054141646646583f,0.15604476353708469f,-0.9852278621392921f,0.01763535411661647f,0f,0f,0f,1f], start_interpolation: 0, interpolation_duration: 1 }
$data merge entity $(bone_body1) { transformation: [-0.9967261101060693f,0.039607781689864834f,-0.07048606289495785f,0.08353186164265938f,0.03950911281879874f,0.9992153039408513f,0.00279398902349762f,0.2638149845918038f,0.07054141646646583f,4.6337138722849104e-18f,-0.9975088513707057f,1.0229702698750239e-17f,0f,0f,0f,1f], start_interpolation: 0, interpolation_duration: 1 }