# This file was generated by Animated Java via MC-Build. It is not recommended to edit this file directly.
$data merge entity $(bone_pupil1) { transformation: [-0.9972427713944392f,0.03338922238250461f,-0.06627227723739382f,0.0979606996497316f,0.03331573670301333f,0.9994424244691095f,0.0022140142826634003f,0.2926187339416525f,0.06630924965247176f,4.089000431675343e-18f,-0.9977991197683661f,0.2556860244406438f,0f,0f,0f,1f], start_interpolation: 0, interpolation_duration: 1 }
$data merge entity $(bone_pupil_closed1) { transformation: [-0.9972427713944392f,0.03338922238250461f,-0.06627227723739382f,0.09721513653081092f,0.03331573670301333f,0.9994424244691095f,0.0022140142826634003f,0.29264364160233247f,0.06630924965247176f,4.089000431675343e-18f,-0.9977991197683661f,0.2444607843432497f,0f,0f,0f,1f], start_interpolation: 0, interpolation_duration: 1 }
$data merge entity $(bone_eye1) { transformation: [-0.9972427713944392f,0.03338922238250461f,-0.06627227723739382f,0.09758791809027126f,0.03331573670301333f,0.9994424244691095f,0.0022140142826634003f,0.2926311877719925f,0.06630924965247176f,4.089000431675343e-18f,-0.9977991197683661f,0.25007340439194675f,0f,0f,0f,1f], start_interpolation: 0, interpolation_duration: 1 }
$data merge entity $(bone_nail_head1) { transformation: [-0.9889689417993078f,0.03338922238250461f,-0.14431074798866866f,0.0893257342032756f,0.03303932584677663f,0.9994424244691095f,0.0048211117907454495f,0.5430466812188623f,0.1443912570204578f,4.089000431675343e-18f,-0.9895206743146159f,1.093924744735287e-17f,0f,0f,0f,1f], start_interpolation: 0, interpolation_duration: 1 }
$data merge entity $(bone_nail_left_rotation1) { transformation: [-0.8757209006238867f,-0.03542826109579847f,-0.48151608750509733f,0.26268712005369754f,-0.04924691470652467f,0.9986570825744746f,0.016086417119026516f,0.09951097469713066f,0.48029953737472714f,0.03780039337846841f,-0.8762896123189274f,0.23805287765807295f,0f,0f,0f,1f], start_interpolation: 0, interpolation_duration: 1 }
$data merge entity $(bone_nail_right_rotation1) { transformation: [-0.9568043640921602f,0.07707248089095832f,0.28033059330638527f,-0.08011508261314096f,0.10259192917803904f,0.9916993029923792f,0.07750734489038671f,0.11096325918879152f,-0.27202997063140916f,0.10291902221524453f,-0.9567692354714028f,0.2608466822261101f,0f,0f,0f,1f], start_interpolation: 0, interpolation_duration: 1 }
$data merge entity $(bone_magnet_left1) { transformation: [-0.9972427713944392f,0.03848595749686029f,-0.06344829372873786f,0.3302891214562592f,0.03331573670301333f,0.996187767462971f,0.08062253807141685f,0.28485714092583164f,0.06630924965247176f,0.07828641665507134f,-0.9947232380807411f,-0.01657731241311793f,0f,0f,0f,1f], start_interpolation: 0, interpolation_duration: 1 }
$data merge entity $(bone_magnet_right1) { transformation: [-0.9972427713944392f,0.028086631609117618f,-0.0686876701191127f,-0.16833226424096037f,0.03331573670301333f,0.9965351865800637f,-0.07620815964037712f,0.30151500927733826f,0.06630924965247176f,-0.07828641665507134f,-0.9947232380807411f,0.01657731241311795f,0f,0f,0f,1f], start_interpolation: 0, interpolation_duration: 1 }
$data merge entity $(bone_body1) { transformation: [-0.9972427713944392f,0.03338922238250461f,-0.06627227723739382f,0.07993501540819617f,0.03331573670301333f,0.9994424244691095f,0.0022140142826634003f,0.2619534993369253f,0.06630924965247176f,4.089000431675343e-18f,-0.9977991197683661f,9.78921607594418e-18f,0f,0f,0f,1f], start_interpolation: 0, interpolation_duration: 1 }