# This file was generated by Animated Java via MC-Build. It is not recommended to edit this file directly.
$data merge entity $(bone_pupil1) { transformation: [-0.9977338544974275f,-0.06166755464178191f,0.026912233170233814f,-0.023489101929949983f,-0.061645133388489516f,0.9980967451627637f,0.0016627762965874839f,0.2810534368228551f,-0.0269635516803986f,-7.552097340330272e-18f,-0.9996364173442155f,0.2561568319444552f,0f,0f,0f,1f], start_interpolation: 0, interpolation_duration: 1 }
$data merge entity $(bone_pupil_closed1) { transformation: [-0.9977338544974275f,-0.06166755464178191f,0.026912233170233814f,-0.023186339306784855f,-0.061645133388489516f,0.9980967451627637f,0.0016627762965874839f,0.28107214305619177f,-0.0269635516803986f,-7.552097340330272e-18f,-0.9996364173442155f,0.2449109222493328f,0f,0f,0f,1f], start_interpolation: 0, interpolation_duration: 1 }
$data merge entity $(bone_eye1) { transformation: [-0.9977338544974275f,-0.06166755464178191f,0.026912233170233814f,-0.02333772061836742f,-0.061645133388489516f,0.9980967451627637f,0.0016627762965874839f,0.28106278993952344f,-0.0269635516803986f,-7.552097340330272e-18f,-0.9996364173442155f,0.250533877096894f,0f,0f,0f,1f], start_interpolation: 0, interpolation_duration: 1 }
$data merge entity $(bone_nail_head1) { transformation: [0.9012052719468859f,-0.06166755464178191f,0.4289827158751758f,-0.03200973084052305f,0.05568110067544971f,0.9980967451627637f,0.026504760385025007f,0.5310037095395466f,-0.4298007362054065f,-7.552097340330272e-18f,0.9029237659721281f,-3.9200614415414865e-18f,0f,0f,0f,1f], start_interpolation: 0, interpolation_duration: 1 }
$data merge entity $(bone_nail_left_rotation1) { transformation: [0.7878336483416264f,0.4706324083833042f,-0.3972697807788218f,0.15972727226444342f,0.5035326252018918f,-0.8636274776025235f,-0.024545372011719795f,0.10451594675783724f,-0.3546449462462612f,-0.18070062564704456f,-0.9173735585860066f,0.2545434647811224f,0f,0f,0f,1f], start_interpolation: 0, interpolation_duration: 1 }
$data merge entity $(bone_nail_right_rotation1) { transformation: [0.8721636681416247f,-0.3318102753417649f,0.3594891891995749f,-0.1832437402190473f,-0.3924574274969606f,-0.9132646668432967f,0.1092008053911233f,0.08332543215554397f,0.2920748253037455f,-0.23632517740017517f,-0.9267376688958759f,0.24527474389098536f,0f,0f,0f,1f], start_interpolation: 0, interpolation_duration: 1 }
$data merge entity $(bone_magnet_left1) { transformation: [-0.9977338544974275f,0.06716409170263209f,0.004017508614380064f,0.2328406214442793f,-0.061645133388489516f,-0.8885558270693636f,-0.454607984653365f,0.296890806595978f,-0.0269635516803986f,-0.4538254366679321f,0.8906825696699914f,0.0067408879200996485f,0f,0f,0f,1f], start_interpolation: 0, interpolation_duration: 1 }
$data merge entity $(bone_magnet_right1) { transformation: [-0.9977338544974275f,0.04272829533050976f,-0.05197545928469442f,-0.2660263058044344f,-0.061645133388489516f,-0.8900655963530493f,0.45164489559631454f,0.26606823990173323f,-0.0269635516803986f,0.4538254366679321f,0.8906825696699914f,-0.006740887920099652f,0f,0f,0f,1f], start_interpolation: 0, interpolation_duration: 1 }
$data merge entity $(bone_body1) { transformation: [-0.9977338544974275f,-0.06166755464178191f,0.026912233170233814f,-0.014665731097521884f,-0.061645133388489516f,0.9980967451627637f,0.0016627762965874839f,0.2502889999625193f,-0.0269635516803986f,-7.552097340330272e-18f,-0.9996364173442155f,-1.7960340645735975e-18f,0f,0f,0f,1f], start_interpolation: 0, interpolation_duration: 1 }