# This file was generated by Animated Java via MC-Build. It is not recommended to edit this file directly.
$data merge entity $(bone_pupil1) { transformation: [-0.9961966150349949f,-0.07433825247895975f,0.045454685250176236f,-0.04984740526955236f,-0.07426098939220332f,0.9972330841976585f,0.003388397278453603f,0.28209663704077026f,-0.04558080349565177f,-9.103810295256586e-18f,-0.9989606550573905f,0.2559836678584563f,0f,0f,0f,1f], start_interpolation: 0, interpolation_duration: 1 }
$data merge entity $(bone_pupil_closed1) { transformation: [-0.9961966150349949f,-0.07433825247895975f,0.045454685250176236f,-0.04933604006048787f,-0.07426098939220332f,0.9972330841976585f,0.003388397278453603f,0.28213475651015285f,-0.04558080349565177f,-9.103810295256586e-18f,-0.9989606550573905f,0.24474536048906068f,0f,0f,0f,1f], start_interpolation: 0, interpolation_duration: 1 }
$data merge entity $(bone_eye1) { transformation: [-0.9961966150349949f,-0.07433825247895975f,0.045454685250176236f,-0.04959172266502011f,-0.07426098939220332f,0.9972330841976585f,0.003388397278453603f,0.28211569677546156f,-0.04558080349565177f,-9.103810295256586e-18f,-0.9989606550573905f,0.2503645141737585f,0f,0f,0f,1f], start_interpolation: 0, interpolation_duration: 1 }
$data merge entity $(bone_nail_head1) { transformation: [0.4232225933114746f,-0.07433825247895975f,0.9029709080192366f,-0.05678420529393463f,0.03154892120501748f,0.9972330841976585f,0.06731152466275864f,0.5322731848927886f,-0.9054762846599075f,-9.103810295256586e-18f,0.4243968637001106f,-6.954059525534324e-18f,0f,0f,0f,1f], start_interpolation: 0, interpolation_duration: 1 }
$data merge entity $(bone_nail_left_rotation1) { transformation: [0.28418160177479757f,0.880330292306854f,-0.3798149465985236f,0.13559640206220594f,0.947627100573192f,-0.31812143204812254f,-0.028313119413041196f,0.10790021878848455f,-0.14575217141420493f,-0.3518768689734815f,-0.9246291005638225f,0.2575743643651628f,0f,0f,0f,1f], start_interpolation: 0, interpolation_duration: 1 }
$data merge entity $(bone_nail_right_rotation1) { transformation: [0.4576488183824693f,-0.8060786631219646f,0.37522626226403166f,-0.20684618435607358f,-0.8858873172704951f,-0.4494111199240887f,0.11503610906085818f,0.08237300368491463f,0.0759027017464792f,-0.38505432622953684f,-0.9197673323833058f,0.24190596316353247f,0f,0f,0f,1f], start_interpolation: 0, interpolation_duration: 1 }
$data merge entity $(bone_magnet_left1) { transformation: [-0.9961966150349949f,0.0704426709740525f,0.05128483497935366f,0.21084951158455403f,-0.07426098939220332f,-0.378494108635223f,-0.922619919134049f,0.30153016119142484f,-0.04558080349565177f,-0.9229193029915831f,0.3822856922750594f,0.01139520087391294f,0f,0f,0f,1f], start_interpolation: 0, interpolation_duration: 1 }
$data merge entity $(bone_magnet_right1) { transformation: [-0.9961966150349949f,-0.013546635744707797f,-0.08607434491657989f,-0.28724879593294345f,-0.07426098939220332f,-0.3847550504223834f,0.9200265521325786f,0.26439966649532315f,-0.04558080349565177f,0.9229193029915831f,0.3822856922750594f,-0.011395200873912947f,0f,0f,0f,1f], start_interpolation: 0, interpolation_duration: 1 }
$data merge entity $(bone_body1) { transformation: [-0.9961966150349949f,-0.07433825247895975f,0.045454685250176236f,-0.0358765717842272f,-0.07426098939220332f,0.9972330841976585f,0.003388397278453603f,0.25180137996219715f,-0.04558080349565177f,-9.103810295256586e-18f,-0.9989606550573905f,-4.3936128799934086e-18f,0f,0f,0f,1f], start_interpolation: 0, interpolation_duration: 1 }