# This file was generated by Animated Java via MC-Build. It is not recommended to edit this file directly.
$data merge entity $(bone_pupil1) { transformation: [-0.9956673318224603f,-0.07767666218925476f,0.05111653834796733f,-0.05808761799566313f,-0.07757449829225055f,0.9969786036576394f,0.003982595079746185f,0.28272536133783405f,-0.051271449718614685f,-9.512647571852108e-18f,-0.998684754286232f,0.2559129682858469f,0f,0f,0f,1f], start_interpolation: 0, interpolation_duration: 1 }
$data merge entity $(bone_pupil_closed1) { transformation: [-0.9956673318224603f,-0.07767666218925476f,0.05111653834796733f,-0.05751255693924849f,-0.07757449829225055f,0.9969786036576394f,0.003982595079746185f,0.2827701655324812f,-0.051271449718614685f,-9.512647571852108e-18f,-0.998684754286232f,0.24467776480012685f,0f,0f,0f,1f], start_interpolation: 0, interpolation_duration: 1 }
$data merge entity $(bone_eye1) { transformation: [-0.9956673318224603f,-0.07767666218925476f,0.05111653834796733f,-0.05780008746745581f,-0.07757449829225055f,0.9969786036576394f,0.003982595079746185f,0.2827477634351576f,-0.051271449718614685f,-9.512647571852108e-18f,-0.998684754286232f,0.2502953665429869f,0f,0f,0f,1f], start_interpolation: 0, interpolation_duration: 1 }
$data merge entity $(bone_nail_head1) { transformation: [0.20624389534955315f,-0.07767666218925476f,0.9754126264213411f,-0.06440817059131018f,0.01606888786668946f,0.9969786036576394f,0.07599641236000132f,0.5329905522414289f,-0.9783686659300624f,-9.512647571852108e-18f,0.20686892837308765f,-7.88772599535847e-18f,0f,0f,0f,1f], start_interpolation: 0, interpolation_duration: 1 }
$data merge entity $(bone_nail_left_rotation1) { transformation: [0.06782258393398233f,0.9247593714893928f,-0.374459880295688f,0.1279265571864823f,0.995965779900688f,-0.08485863530503106f,-0.029174942690289966f,0.10914988126525565f,-0.05875595608388898f,-0.37097050672083187f,-0.9267840205614021f,0.2584834689919449f,0f,0f,0f,1f], start_interpolation: 0, interpolation_duration: 1 }
$data merge entity $(bone_nail_right_rotation1) { transformation: [0.26015089058464697f,-0.8876249514730002f,0.3800571794487887f,-0.21433408812748841f,-0.9654509356189583f,-0.23299355006627154f,0.11669831421230313f,0.08248364747729453f,-0.015033464021729177f,-0.39728572985959315f,-0.9175718194285599f,0.2408589081511711f,0f,0f,0f,1f], start_interpolation: 0, interpolation_duration: 1 }
$data merge entity $(bone_magnet_left1) { transformation: [-0.9956673318224603f,0.06263851603355844f,0.06872394524950133f,0.20392782791161856f,-0.07757449829225055f,-0.15202825179416327f,-0.985327157786243f,0.3031395259000817f,-0.051271449718614685f,-0.9863892877386311f,0.1562287152806021f,0.012817862429653664f,0f,0f,0f,1f], start_interpolation: 0, interpolation_duration: 1 }
$data merge entity $(bone_magnet_right1) { transformation: [-0.9956673318224603f,-0.03833590184218469f,-0.08471672191184686f,-0.29390583799961156f,-0.07757449829225055f,-0.15989537724531702f,0.984081127524699f,0.2643522767539564f,-0.051271449718614685f,0.9863892877386311f,0.1562287152806021f,-0.012817862429653678f,0f,0f,0f,1f], start_interpolation: 0, interpolation_duration: 1 }
$data merge entity $(bone_body1) { transformation: [-0.9956673318224603f,-0.07767666218925476f,0.05111653834796733f,-0.042561609350582286f,-0.07757449829225055f,0.9969786036576394f,0.003982595079746185f,0.2525903199627178f,-0.051271449718614685f,-9.512647571852108e-18f,-0.998684754286232f,-5.212293865775065e-18f,0f,0f,0f,1f], start_interpolation: 0, interpolation_duration: 1 }