# This file was generated by Animated Java via MC-Build. It is not recommended to edit this file directly.
$data merge entity $(bone_pupil1) { transformation: [-0.9951512853715266f,-0.08053638228446942f,0.05646069740915476f,-0.06596905609960588f,-0.0804070730781986f,0.9967516697395243f,0.004561959060253905f,0.28349930925264066f,-0.05664469809607576f,-9.429181408964106e-18f,-0.9983944001133042f,0.2558385650290342f,0f,0f,0f,1f], start_interpolation: 0, interpolation_duration: 1 }
$data merge entity $(bone_pupil_closed1) { transformation: [-0.9951512853715266f,-0.08053638228446942f,0.05646069740915476f,-0.0653338732537529f,-0.0804070730781986f,0.9967516697395243f,0.004561959060253905f,0.2835506312920685f,-0.05664469809607576f,-9.429181408964106e-18f,-0.9983944001133042f,0.2446066280277595f,0f,0f,0f,1f], start_interpolation: 0, interpolation_duration: 1 }
$data merge entity $(bone_eye1) { transformation: [-0.9951512853715266f,-0.08053638228446942f,0.05646069740915476f,-0.06565146467667939f,-0.0804070730781986f,0.9967516697395243f,0.004561959060253905f,0.28352497027235457f,-0.05664469809607576f,-9.429181408964106e-18f,-0.9983944001133042f,0.25022259652839685f,0f,0f,0f,1f], start_interpolation: 0, interpolation_duration: 1 }
$data merge entity $(bone_nail_head1) { transformation: [-0.021792022040794723f,-0.08053638228446942f,0.9965134213365635f,-0.07163509795962733f,-0.0017607701808893643f,0.9967516697395243f,0.08051713208901749f,0.5338562286967118f,-0.999760975165436f,-9.429181408964106e-18f,-0.02186304041656586f,-8.650796597881851e-18f,0f,0f,0f,1f], start_interpolation: 0, interpolation_duration: 1 }
$data merge entity $(bone_nail_left_rotation1) { transformation: [-0.1529235598151159f,0.9166020149003747f,-0.36939833666930033f,0.12052602211077051f,0.9878101570844191f,0.1527751702110119f,-0.02984695843551517f,0.11045684910592177f,0.029077111519676093f,-0.36945973210563754f,-0.9287917032026626f,0.25933440751358905f,0f,0f,0f,1f], start_interpolation: 0, interpolation_duration: 1 }
$data merge entity $(bone_nail_right_rotation1) { transformation: [0.049176191145325066f,-0.9217571778419895f,0.3846367212334377f,-0.2215572322356918f,-0.9929848160277922f,-0.0036591016794250836f,0.11818530413359962f,0.08281691773529101f,-0.10753072752795016f,-0.38775032697816064f,-0.9154708223453325f,0.23986279254306303f,0f,0f,0f,1f], start_interpolation: 0, interpolation_duration: 1 }
$data merge entity $(bone_magnet_left1) { transformation: [-0.9951512853715266f,0.049967836194616866f,0.08471797075843042f,0.1972868189543717f,-0.0804070730781986f,0.08275213073592035f,-0.9933210898081557f,0.30477007953138036f,-0.05664469809607576f,-0.9953166833750418f,-0.07833312181262372f,0.014161174524018933f,0f,0f,0f,1f], start_interpolation: 0, interpolation_duration: 1 }
$data merge entity $(bone_magnet_right1) { transformation: [-0.9951512853715266f,-0.06260545964907821f,-0.07585826023266005f,-0.3002888237313916f,-0.0804070730781986f,0.07365633861002431f,0.9940369441733856f,0.2645665429922811f,-0.05664469809607576f,0.9953166833750418f,-0.07833312181262375f,-0.014161174524018948f,0f,0f,0f,1f], start_interpolation: 0, interpolation_duration: 1 }
$data merge entity $(bone_body1) { transformation: [-0.9951512853715266f,-0.08053638228446942f,0.05646069740915476f,-0.048984240442120304f,-0.0804070730781986f,0.9967516697395243f,0.004561959060253905f,0.25351982158247055f,-0.05664469809607576f,-9.429181408964106e-18f,-0.9983944001133042f,-5.998839326610696e-18f,0f,0f,0f,1f], start_interpolation: 0, interpolation_duration: 1 }