# This file was generated by Animated Java via MC-Build. It is not recommended to edit this file directly.
$data merge entity $(bone_pupil1) { transformation: [-0.9942089888268902f,-0.06630924965247229f,0.08456695540421585f,-0.1172034464114508f,-0.06607066566881567f,0.9977991197683661f,0.005619940173478406f,0.4371286827170209f,-0.08475348767981239f,-8.120541034076293e-18f,-0.9964019501818069f,0.255327999734088f,0f,0f,0f,1f], start_interpolation: 0, interpolation_duration: 1 }
$data merge entity $(bone_pupil_closed1) { transformation: [-0.9942089888268902f,-0.06630924965247229f,0.08456695540421585f,-0.1162520681631534f,-0.06607066566881567f,0.9977991197683661f,0.005619940173478406f,0.4371919070439725f,-0.08475348767981239f,-8.120541034076293e-18f,-0.9964019501818069f,0.24411847779454268f,0f,0f,0f,1f], start_interpolation: 0, interpolation_duration: 1 }
$data merge entity $(bone_eye1) { transformation: [-0.9942089888268902f,-0.06630924965247229f,0.08456695540421585f,-0.1167277572873021f,-0.06607066566881567f,0.9977991197683661f,0.005619940173478406f,0.4371602948804967f,-0.08475348767981239f,-8.120541034076293e-18f,-0.9964019501818069f,0.24972323876431535f,0f,0f,0f,1f], start_interpolation: 0, interpolation_duration: 1 }
$data merge entity $(bone_nail_head1) { transformation: [0.14986311545083475f,-0.06630924965247229f,-0.986480678998781f,-0.11211047650223857f,0.009959229808133702f,0.9977991197683661f,-0.06555707689565386f,0.6880185723285662f,0.9886565937518439f,-8.120541034076293e-18f,0.1501936737382818f,-1.3729573619935102e-17f,0f,0f,0f,1f], start_interpolation: 0, interpolation_duration: 1 }
$data merge entity $(bone_nail_left_rotation1) { transformation: [0.28316847712402726f,-0.8954354734445531f,-0.34352718445617686f,0.06663775132428583f,-0.9556966049195561f,-0.2934669037192553f,-0.022829274335102203f,0.2614323680483641f,-0.08037171709309988f,0.33477229472965986f,-0.9388652181079798f,0.2636674932404195f,0f,0f,0f,1f], start_interpolation: 0, interpolation_duration: 1 }
$data merge entity $(bone_nail_right_rotation1) { transformation: [0.10485270249001391f,0.9051919154540216f,0.4118658846969725f,-0.27512158858495767f,0.9795516262446187f,-0.16551241327117716f,0.11438641778932575f,0.23872057672470878f,0.17171057714090804f,0.39145017211623534f,-0.9040366366735952f,0.23453348185048398f,0f,0f,0f,1f], start_interpolation: 0, interpolation_duration: 1 }
$data merge entity $(bone_magnet_left1) { transformation: [-0.9942089888268902f,-0.0667507767825377f,-0.08421888348072748f,0.15301908311760204f,-0.06607066566881567f,-0.23839623934855406f,0.9689179016833916f,0.4550864588036786f,-0.08475348767981239f,0.9688712849823731f,0.23260541580692642f,0.021188371919953083f,0f,0f,0f,1f], start_interpolation: 0, interpolation_duration: 1 }
$data merge entity $(bone_magnet_right1) { transformation: [-0.9942089888268902f,0.09770995060680472f,0.044735356131680754f,-0.3440854112958431f,-0.06607066566881567f,-0.22746691779030423f,-0.9715417996406838f,0.42205112596927075f,-0.08475348767981239f,-0.9688712849823731f,0.23260541580692642f,-0.02118837191995311f,0f,0f,0f,1f], start_interpolation: 0, interpolation_duration: 1 }
$data merge entity $(bone_body1) { transformation: [-0.9942089888268902f,-0.06630924965247229f,0.08456695540421585f,-0.09346100003748074f,-0.06607066566881567f,0.9977991197683661f,0.005619940173478406f,0.4073875698937133f,-0.08475348767981239f,-8.120541034076293e-18f,-0.9964019501818069f,-1.1445671454101145e-17f,0f,0f,0f,1f], start_interpolation: 0, interpolation_duration: 1 }