# This file was generated by Animated Java via MC-Build. It is not recommended to edit this file directly.
$data merge entity $(bone_pupil1) { transformation: [-0.9938058619042912f,-0.08608538608278583f,0.07027954999604576f,-0.08699056373781253f,-0.08587093459124344f,0.9962877627989705f,0.00607258507134229f,0.2867141864900032f,-0.07054141646646588f,-1.0976100120958979e-17f,-0.9975088513707057f,0.2556116431637433f,0f,0f,0f,1f], start_interpolation: 0, interpolation_duration: 1 }
$data merge entity $(bone_pupil_closed1) { transformation: [-0.9938058619042912f,-0.08608538608278583f,0.07027954999604576f,-0.08619991880035702f,-0.08587093459124344f,0.9962877627989705f,0.00607258507134229f,0.2867825030720558f,-0.07054141646646588f,-1.0976100120958979e-17f,-0.9975088513707057f,0.2443896685858229f,0f,0f,0f,1f], start_interpolation: 0, interpolation_duration: 1 }
$data merge entity $(bone_eye1) { transformation: [-0.9938058619042912f,-0.08608538608278583f,0.07027954999604576f,-0.08659524126908477f,-0.08587093459124344f,0.9962877627989705f,0.00607258507134229f,0.2867483447810295f,-0.07054141646646588f,-1.0976100120958979e-17f,-0.9975088513707057f,0.2500006558747831f,0f,0f,0f,1f], start_interpolation: 0, interpolation_duration: 1 }
$data merge entity $(bone_nail_head1) { transformation: [-0.6530317177545155f,-0.08608538608278583f,0.7524220105164153f,-0.09050277557202227f,-0.05642595407301573f,0.9962877627989705f,0.0650138862395736f,0.5373422271142773f,-0.7552255870357788f,-1.0976100120958979e-17f,-0.65546495915988f,-1.1205366186227454e-17f,0f,0f,0f,1f], start_interpolation: 0, interpolation_duration: 1 }
$data merge entity $(bone_nail_left_rotation1) { transformation: [-0.7187604657664763f,0.5970173452460896f,-0.3563056024348613f,0.10040007585498512f,0.647636188140352f,0.7613274780363023f,-0.030786993973400578f,0.11470725150476205f,0.2528848763018313f,-0.25288487630183637f,-0.9338621304430393f,0.2615015187978502f,0f,0f,0f,1f], start_interpolation: 0, interpolation_duration: 1 }
$data merge entity $(bone_nail_right_rotation1) { transformation: [-0.5523253123245945f,-0.7332240355924373f,0.3966349240738635f,-0.24122068917461498f,-0.760156350135269f,0.6382943388723913f,0.12141935723962288f,0.08518911773902213f,-0.3421974177497039f,-0.23444157181054137f,-0.9099110268001137f,0.23725290688750258f,0f,0f,0f,1f], start_interpolation: 0, interpolation_duration: 1 }
$data merge entity $(bone_magnet_left1) { transformation: [-0.9938058619042912f,-0.011176413879255852f,0.11056670664114297f,0.179470036424747f,-0.08587093459124344f,0.7087757991715979f,-0.7001878670050553f,0.3097380200623455f,-0.07054141646646588f,-0.7053452730978369f,-0.7053452730978229f,0.01763535411661646f,0f,0f,0f,1f], start_interpolation: 0, interpolation_duration: 1 }
$data merge entity $(bone_magnet_right1) { transformation: [-0.9938058619042912f,-0.11056670664114274f,-0.011176413879258051f,-0.31743289452739865f,-0.08587093459124344f,0.7001878670050412f,0.7087757991716118f,0.2668025527667238f,-0.07054141646646588f,0.7053452730978369f,-0.7053452730978229f,-0.017635354116616476f,0f,0f,0f,1f], start_interpolation: 0, interpolation_duration: 1 }
$data merge entity $(bone_body1) { transformation: [-0.9938058619042912f,-0.08608538608278583f,0.07027954999604576f,-0.06629126073623876f,-0.08587093459124344f,0.9962877627989705f,0.00607258507134229f,0.2571362938270668f,-0.07054141646646588f,-1.0976100120958979e-17f,-0.9975088513707057f,-8.118338027207741e-18f,0f,0f,0f,1f], start_interpolation: 0, interpolation_duration: 1 }