# This file was generated by Animated Java via MC-Build. It is not recommended to edit this file directly.
$data merge entity $(bone_pupil1) { transformation: [-0.9942089888268902f,-0.0663092496524725f,0.08456695540421584f,-0.1172034464114508f,-0.06607066566881588f,0.997799119768366f,0.005619940173478423f,0.30985354292959433f,-0.08475348767981238f,-8.120541034076318e-18f,-0.9964019501818069f,0.255327999734088f,0f,0f,0f,1f], start_interpolation: 0, interpolation_duration: 1 }
$data merge entity $(bone_pupil_closed1) { transformation: [-0.9942089888268902f,-0.0663092496524725f,0.08456695540421584f,-0.1162520681631534f,-0.06607066566881588f,0.997799119768366f,0.005619940173478423f,0.30991676725654593f,-0.08475348767981238f,-8.120541034076318e-18f,-0.9964019501818069f,0.24411847779454268f,0f,0f,0f,1f], start_interpolation: 0, interpolation_duration: 1 }
$data merge entity $(bone_eye1) { transformation: [-0.9942089888268902f,-0.0663092496524725f,0.08456695540421584f,-0.1167277572873021f,-0.06607066566881588f,0.997799119768366f,0.005619940173478423f,0.30988515509307013f,-0.08475348767981238f,-8.120541034076318e-18f,-0.9964019501818069f,0.24972323876431535f,0f,0f,0f,1f], start_interpolation: 0, interpolation_duration: 1 }
$data merge entity $(bone_nail_head1) { transformation: [0.14986311545080683f,-0.0663092496524725f,-0.9864806789987851f,-0.11211047650223863f,0.00995922980813188f,0.997799119768366f,-0.06555707689565435f,0.5607434325411397f,0.988656593751848f,-8.120541034076318e-18f,0.15019367373825385f,-1.372957361993511e-17f,0f,0f,0f,1f], start_interpolation: 0, interpolation_duration: 1 }
$data merge entity $(bone_nail_left_rotation1) { transformation: [0.28316847712400206f,-0.8954354734445611f,-0.3435271844561769f,0.06663775132428586f,-0.9556966049195642f,-0.2934669037192284f,-0.02282927433510228f,0.13415722826093765f,-0.0803717170930904f,0.3347722947296621f,-0.9388652181079798f,0.2636674932404195f,0f,0f,0f,1f], start_interpolation: 0, interpolation_duration: 1 }
$data merge entity $(bone_nail_right_rotation1) { transformation: [0.1048527024899881f,0.9051919154540247f,0.4118658846969725f,-0.27512158858495767f,0.9795516262446232f,-0.1655124132711492f,0.11438641778932582f,0.11144543693728218f,0.17171057714089696f,0.3914501721162402f,-0.9040366366735952f,0.23453348185048398f,0f,0f,0f,1f], start_interpolation: 0, interpolation_duration: 1 }
$data merge entity $(bone_magnet_left1) { transformation: [-0.9942089888268902f,-0.06675077678254002f,-0.08421888348072579f,0.15301908311760204f,-0.06607066566881588f,-0.2383962393485266f,0.9689179016833982f,0.32781131901625216f,-0.08475348767981238f,0.9688712849823795f,0.232605415806899f,0.02118837191995308f,0f,0f,0f,1f], start_interpolation: 0, interpolation_duration: 1 }
$data merge entity $(bone_magnet_right1) { transformation: [-0.9942089888268902f,0.09770995060680349f,0.04473535613168372f,-0.3440854112958431f,-0.06607066566881588f,-0.22746691779027672f,-0.9715417996406901f,0.2947759861818442f,-0.08475348767981238f,-0.9688712849823795f,0.232605415806899f,-0.021188371919953108f,0f,0f,0f,1f], start_interpolation: 0, interpolation_duration: 1 }
$data merge entity $(bone_body1) { transformation: [-0.9942089888268902f,-0.0663092496524725f,0.08456695540421584f,-0.09346100003748074f,-0.06607066566881588f,0.997799119768366f,0.005619940173478423f,0.2801124301062867f,-0.08475348767981238f,-8.120541034076318e-18f,-0.9964019501818069f,-1.1445671454101145e-17f,0f,0f,0f,1f], start_interpolation: 0, interpolation_duration: 1 }