# This file was generated by Animated Java via MC-Build. It is not recommended to edit this file directly.
$data merge entity $(bone_pupil1) { transformation: [-0.9956673318224603f,-0.05127144971861458f,0.07757449829225069f,-0.11064224639376664f,-0.05111653834796723f,0.998684754286232f,0.003982595079746187f,0.31883349117984033f,-0.0776766621892549f,-6.712622547548783e-18f,-0.9969786036576394f,0.25547576718727005f,0f,0f,0f,1f], start_interpolation: 0, interpolation_duration: 1 }
$data merge entity $(bone_pupil_closed1) { transformation: [-0.9956673318224603f,-0.05127144971861458f,0.07757449829225069f,-0.10976953328797882f,-0.05111653834796723f,0.998684754286232f,0.003982595079746187f,0.3188782953744875f,-0.0776766621892549f,-6.712622547548783e-18f,-0.9969786036576394f,0.24425975789612164f,0f,0f,0f,1f], start_interpolation: 0, interpolation_duration: 1 }
$data merge entity $(bone_eye1) { transformation: [-0.9956673318224603f,-0.05127144971861458f,0.07757449829225069f,-0.11020588984087273f,-0.05111653834796723f,0.998684754286232f,0.003982595079746187f,0.3188558932771639f,-0.0776766621892549f,-6.712622547548783e-18f,-0.9969786036576394f,0.24986776254169585f,0f,0f,0f,1f], start_interpolation: 0, interpolation_duration: 1 }
$data merge entity $(bone_nail_head1) { transformation: [0.7599146461381584f,-0.05127144971861458f,-0.6479976612831785f,-0.10358164363603106f,0.03901323756339685f,0.998684754286232f,-0.03326753449040645f,0.5695252197405833f,0.6488510598585312f,-6.712622547548783e-18f,0.7609154369050878f,-1.2807065577333345e-17f,0f,0f,0f,1f], start_interpolation: 0, interpolation_duration: 1 }
$data merge entity $(bone_nail_left_rotation1) { transformation: [0.7867013482643237f,-0.508196989196016f,-0.35048082516908025f,0.07058631369978549f,-0.5481709131152587f,-0.83617276339669f,-0.017993325649431895f,0.1403906459989771f,-0.2839183661785173f,0.20627876751049112f,-0.9363970479560868f,0.262595327228188f,0f,0f,0f,1f], start_interpolation: 0, interpolation_duration: 1 }
$data merge entity $(bone_nail_right_rotation1) { transformation: [0.6798416202754621f,0.6099734981241131f,0.4071212386101551f,-0.2716743316141852f,0.6273756046180855f,-0.7712136240568145f,0.10783968100493439f,0.1228193359418634f,0.3797567933182051f,0.1821040297615263f,-0.90698561194392f,0.23589397460063166f,0f,0f,0f,1f], start_interpolation: 0, interpolation_duration: 1 }
$data merge entity $(bone_magnet_left1) { transformation: [-0.9956673318224603f,-0.00411767190157266f,-0.09289568945679785f,0.15815305174923766f,-0.05111653834796723f,-0.8102938488944583f,0.5837901831575497f,0.33263316575601715f,-0.0776766621892549f,0.5860093200811021f,0.8065726333872361f,0.019419165547313714f,0f,0f,0f,1f], start_interpolation: 0, interpolation_duration: 1 }
$data merge entity $(bone_magnet_right1) { transformation: [-0.9956673318224603f,0.08707662019877235f,-0.03262248544028453f,-0.33968061416199247f,-0.05111653834796723f,-0.8056120275870037f,-0.5902341573600071f,0.3070748965820335f,-0.0776766621892549f,-0.5860093200811021f,0.8065726333872361f,-0.019419165547313735f,0f,0f,0f,1f], start_interpolation: 0, interpolation_duration: 1 }
$data merge entity $(bone_body1) { transformation: [-0.9956673318224603f,-0.05127144971861458f,0.07757449829225069f,-0.08916154840267071f,-0.05111653834796723f,0.998684754286232f,0.003982595079746187f,0.28864513259758057f,-0.0776766621892549f,-6.712622547548783e-18f,-0.9969786036576394f,-1.0919140485835249e-17f,0f,0f,0f,1f], start_interpolation: 0, interpolation_duration: 1 }