# This file was generated by Animated Java via MC-Build. It is not recommended to edit this file directly.
$data merge entity $(bone_pupil1) { transformation: [-0.9967261101060693f,-0.03960778168986458f,0.07048606289495793f,-0.10283165843730077f,-0.039509112818798486f,0.9992153039408513f,0.0027939890234975956f,0.3252752781187601f,-0.07054141646646592f,-5.067394741279081e-18f,-0.9975088513707057f,0.2556116431637433f,0f,0f,0f,1f], start_interpolation: 0, interpolation_duration: 1 }
$data merge entity $(bone_pupil_closed1) { transformation: [-0.9967261101060693f,-0.03960778168986458f,0.07048606289495793f,-0.1020386902297325f,-0.039509112818798486f,0.9992153039408513f,0.0027939890234975956f,0.3253067104952745f,-0.07054141646646592f,-5.067394741279081e-18f,-0.9975088513707057f,0.2443896685858229f,0f,0f,0f,1f], start_interpolation: 0, interpolation_duration: 1 }
$data merge entity $(bone_eye1) { transformation: [-0.9967261101060693f,-0.03960778168986458f,0.07048606289495793f,-0.10243517433351663f,-0.039509112818798486f,0.9992153039408513f,0.0027939890234975956f,0.3252909943070173f,-0.07054141646646592f,-5.067394741279081e-18f,-0.9975088513707057f,0.2500006558747831f,0f,0f,0f,1f], start_interpolation: 0, interpolation_duration: 1 }
$data merge entity $(bone_nail_head1) { transformation: [0.9734283081767414f,-0.03960778168986458f,-0.22554057832189553f,-0.09467155024293394f,0.03858561390016589f,0.9992153039408513f,-0.008940177310282906f,0.5757950637912441f,0.2257176981100826f,-5.067394741279081e-18f,0.9741927533911786f,-1.1654907469734998e-17f,0f,0f,0f,1f], start_interpolation: 0, interpolation_duration: 1 }
$data merge entity $(bone_nail_left_rotation1) { transformation: [0.9278369841270316f,-0.10685344377256939f,-0.35735258840534057f,0.07634763869712298f,-0.11977889035239084f,-0.992699535882615f,-0.014165058573507007f,0.14473049982697833f,-0.35323016336661334f,0.05594616173057183f,-0.9338621304430393f,0.2615015187978502f,0f,0f,0f,1f], start_interpolation: 0, interpolation_duration: 1 }
$data merge entity $(bone_nail_right_rotation1) { transformation: [0.8880313210537623f,0.2234070633825851f,0.40185775699652676f,-0.26627696165183834f,0.19867068750361372f,-0.9746577304251778f,0.1028215271685998f,0.13114924229551633f,0.41464482482523696f,-0.011471379743136889f,-0.9099110268001137f,0.23725290688750258f,0f,0f,0f,1f], start_interpolation: 0, interpolation_duration: 1 }
$data merge entity $(bone_magnet_left1) { transformation: [-0.9967261101060693f,0.028093694630150705f,-0.07581428463589023f,0.1644119227060495f,-0.039509112818798486f,-0.9873503816248222f,0.15355212114975647f,0.335868516010731f,-0.07054141646646592f,0.15604476353708854f,0.9852278621392916f,0.01763535411661647f,0f,0f,0f,1f], start_interpolation: 0, interpolation_duration: 1 }
$data merge entity $(bone_magnet_right1) { transformation: [-0.9967261101060693f,0.050146593713682734f,-0.06342224035572043f,-0.33395113234698515f,-0.039509112818798486f,-0.9864762292683839f,-0.1590713019142752f,0.3161139596013317f,-0.07054141646646592f,-0.15604476353708854f,0.9852278621392916f,-0.01763535411661649f,0f,0f,0f,1f], start_interpolation: 0, interpolation_duration: 1 }
$data merge entity $(bone_body1) { transformation: [-0.9967261101060693f,-0.03960778168986458f,0.07048606289495793f,-0.08353186164265954f,-0.039509112818798486f,0.9992153039408513f,0.0027939890234975956f,0.29476575955787976f,-0.07054141646646592f,-5.067394741279081e-18f,-0.9975088513707057f,-1.0229702698750257e-17f,0f,0f,0f,1f], start_interpolation: 0, interpolation_duration: 1 }