# This file was generated by Animated Java via MC-Build. It is not recommended to edit this file directly.
$data merge entity $(bone_pupil1) { transformation: [-0.9972427713944392f,-0.03338922238250433f,0.06627227723739428f,-0.09796069964973189f,-0.03331573670301305f,0.9994424244691095f,0.0022140142826633886f,0.32860699321438747f,-0.06630924965247222f,-4.30584086617241e-18f,-0.9977991197683661f,0.2556860244406438f,0f,0f,0f,1f], start_interpolation: 0, interpolation_duration: 1 }
$data merge entity $(bone_pupil_closed1) { transformation: [-0.9972427713944392f,-0.03338922238250433f,0.06627227723739428f,-0.09721513653081121f,-0.03331573670301305f,0.9994424244691095f,0.0022140142826633886f,0.32863190087506744f,-0.06630924965247222f,-4.30584086617241e-18f,-0.9977991197683661f,0.2444607843432497f,0f,0f,0f,1f], start_interpolation: 0, interpolation_duration: 1 }
$data merge entity $(bone_eye1) { transformation: [-0.9972427713944392f,-0.03338922238250433f,0.06627227723739428f,-0.09758791809027155f,-0.03331573670301305f,0.9994424244691095f,0.0022140142826633886f,0.32861944704472745f,-0.06630924965247222f,-4.30584086617241e-18f,-0.9977991197683661f,0.25007340439194675f,0f,0f,0f,1f], start_interpolation: 0, interpolation_duration: 1 }
$data merge entity $(bone_nail_head1) { transformation: [0.9993682676870506f,-0.03338922238250433f,0.012174784140813716f,-0.08932573420327569f,0.03338674496386898f,0.9994424244691095f,0.00040673335970558893f,0.5790349404915973f,-0.012181576289680501f,-4.30584086617241e-18f,0.9999258018468665f,-1.1000233819555192e-17f,0f,0f,0f,1f], start_interpolation: 0, interpolation_duration: 1 }
$data merge entity $(bone_nail_left_rotation1) { transformation: [0.926324595588323f,0.10639579523172536f,-0.36138992565529343f,0.08011508261314061f,0.1094493799444568f,-0.9939190458051994f,-0.012073260349050003f,0.1469515184615265f,-0.360476874206798f,-0.02837014527087893f,-0.9323366119698431f,0.2608466822261102f,0f,0f,0f,1f], start_interpolation: 0, interpolation_duration: 1 }
$data merge entity $(bone_nail_right_rotation1) { transformation: [0.9171066657607627f,0.003283898522002754f,0.3986283728332369f,-0.2626871200536979f,-0.039988590987720944f,-0.9941644208677944f,0.1001899040393773f,0.13549923396986574f,0.3966311588970207f,-0.10782541579377314f,-0.9116234987652009f,0.23805287765807287f,0f,0f,0f,1f], start_interpolation: 0, interpolation_duration: 1 }
$data merge entity $(bone_magnet_left1) { transformation: [-0.9972427713944392f,0.038485957496859804f,-0.0634482937287385f,0.1683322642409602f,-0.03331573670301305f,-0.9961877674629713f,-0.08062253807141294f,0.3375032685500733f,-0.06630924965247222f,-0.07828641665506744f,0.9947232380807415f,0.016577312413118044f,0f,0f,0f,1f], start_interpolation: 0, interpolation_duration: 1 }
$data merge entity $(bone_magnet_right1) { transformation: [-0.9972427713944392f,0.028086631609117577f,-0.06868767011911303f,-0.33028912145625944f,-0.03331573670301305f,-0.996535186580064f,0.07620815964037324f,0.3208454001985668f,-0.06630924965247222f,0.07828641665506744f,0.9947232380807415f,-0.016577312413118064f,0f,0f,0f,1f], start_interpolation: 0, interpolation_duration: 1 }
$data merge entity $(bone_body1) { transformation: [-0.9972427713944392f,-0.03338922238250433f,0.06627227723739428f,-0.07993501540819635f,-0.03331573670301305f,0.9994424244691095f,0.0022140142826633886f,0.2979417586096603f,-0.06630924965247222f,-4.30584086617241e-18f,-0.9977991197683661f,-9.789216075944202e-18f,0f,0f,0f,1f], start_interpolation: 0, interpolation_duration: 1 }