# This file was generated by Animated Java via MC-Build. It is not recommended to edit this file directly.
$data merge entity $(bone_pupil1) { transformation: [-0.9977338544974275f,-0.0269635516803985f,0.06164513338848966f,-0.09248451964346427f,-0.026912233170233713f,0.9996364173442155f,0.0016627762965874856f,0.33200094226542365f,-0.06166755464178206f,-3.302082725904426e-18f,-0.9980967451627637f,0.25576229094795816f,0f,0f,0f,1f], start_interpolation: 0, interpolation_duration: 1 }
$data merge entity $(bone_pupil_closed1) { transformation: [-0.9977338544974275f,-0.0269635516803985f,0.06164513338848966f,-0.09179101189284375f,-0.026912233170233713f,0.9996364173442155f,0.0016627762965874856f,0.3320196484987603f,-0.06166755464178206f,-3.302082725904426e-18f,-0.9980967451627637f,0.2445337025648771f,0f,0f,0f,1f], start_interpolation: 0, interpolation_duration: 1 }
$data merge entity $(bone_eye1) { transformation: [-0.9977338544974275f,-0.0269635516803985f,0.06164513338848966f,-0.09213776576815401f,-0.026912233170233713f,0.9996364173442155f,0.0016627762965874856f,0.332010295382092f,-0.06166755464178206f,-3.302082725904426e-18f,-0.9980967451627637f,0.25014799675641763f,0f,0f,0f,1f], start_interpolation: 0, interpolation_duration: 1 }
$data merge entity $(bone_nail_head1) { transformation: [0.9679506776856146f,-0.0269635516803985f,0.2496887110959119f,-0.08342884213276341f,0.026108880858094773f,0.9996364173442155f,0.006734943174172538f,0.5823361330274781f,-0.24977952659955355f,-3.302082725904426e-18f,0.9683027357658879f,-1.0217086447445856e-17f,0f,0f,0f,1f], start_interpolation: 0, interpolation_duration: 1 }
$data merge entity $(bone_nail_left_rotation1) { transformation: [0.8764416928861034f,0.31312432464163487f,-0.36579108284464956f,0.08444193462203388f,0.3327699646434411f,-0.9429564149829399f,-0.009866614096267365f,0.14920504644137086f,-0.34801452498731167f,-0.11307677374351362f,-0.930644687105457f,0.2601232972447472f,0f,0f,0f,1f], start_interpolation: 0, interpolation_duration: 1 }
$data merge entity $(bone_nail_right_rotation1) { transformation: [0.8924397854977756f,-0.21796659837167945f,0.395021254181295f,-0.25852907786145685f,-0.276653934913837f,-0.9560095440864507f,0.09751077844170451f,0.13995396628910303f,0.356389996432805f,-0.19630668254009018f,-0.9134822695776473f,0.23892507533663462f,0f,0f,0f,1f], start_interpolation: 0, interpolation_duration: 1 }
$data merge entity $(bone_magnet_left1) { transformation: [-0.9977338544974275f,0.04469325536565755f,-0.05029581010905706f,0.17274550941169306f,-0.026912233170233713f,-0.9501969025076707f,-0.31048603538745356f,0.33915508698398267f,-0.06166755464178206f,-0.30842885628560796f,0.949246413380032f,0.015416888660445504f,0f,0f,0f,1f], start_interpolation: 0, interpolation_duration: 1 }
$data merge entity $(bone_magnet_right1) { transformation: [-0.9977338544974275f,0.006594467690550838f,-0.0669602015049573f,-0.32612141783702064f,-0.026912233170233713f,-0.9512245547746495f,0.30732324692343227f,0.3256989703988658f,-0.06166755464178206f,0.30842885628560796f,0.949246413380032f,-0.015416888660445523f,0f,0f,0f,1f], start_interpolation: 0, interpolation_duration: 1 }
$data merge entity $(bone_body1) { transformation: [-0.9977338544974275f,-0.0269635516803985f,0.06164513338848966f,-0.07584534322265134f,-0.026912233170233713f,0.9996364173442155f,0.0016627762965874856f,0.3011883906494175f,-0.06166755464178206f,-3.302082725904426e-18f,-0.9980967451627637f,-9.288375680785236e-18f,0f,0f,0f,1f], start_interpolation: 0, interpolation_duration: 1 }