# This file was generated by Animated Java via MC-Build. It is not recommended to edit this file directly.
$data merge entity $(bone_pupil1) { transformation: [-0.9995432711842243f,0.02696355168039818f,0.013646095086829138f,-0.03162454409863917f,0.02696103921561081f,0.9996364173442155f,-0.00036808101798340413f,0.3604172277053432f,-0.013651058374887351f,3.302082725904387e-18f,-0.9999068199613629f,0.2562261226150992f,0f,0f,0f,1f], start_interpolation: 0, interpolation_duration: 1 }
$data merge entity $(bone_pupil_closed1) { transformation: [-0.9995432711842243f,0.02696355168039818f,0.013646095086829138f,-0.031471025528912344f,0.02696103921561081f,0.9996364173442155f,-0.00036808101798340413f,0.3604130867938909f,-0.013651058374887351f,3.302082725904387e-18f,-0.9999068199613629f,0.2449771708905339f,0f,0f,0f,1f], start_interpolation: 0, interpolation_duration: 1 }
$data merge entity $(bone_eye1) { transformation: [-0.9995432711842243f,0.02696355168039818f,0.013646095086829138f,-0.03154778481377576f,0.02696103921561081f,0.9996364173442155f,-0.00036808101798340413f,0.36041515724961704f,-0.013651058374887351f,3.302082725904387e-18f,-0.9999068199613629f,0.25060164675281654f,0f,0f,0f,1f], start_interpolation: 0, interpolation_duration: 1 }
$data merge entity $(bone_nail_head1) { transformation: [-0.5764768709981413f,0.02696355168039818f,0.8166684664445977f,-0.021386844312539663f,0.0155495174385591f,0.9996364173442155f,-0.022028291505458385f,0.6102320112805388f,-0.8169655009311105f,3.302082725904387e-18f,-0.5766865442234452f,-2.6191330431214473e-18f,0f,0f,0f,1f], start_interpolation: 0, interpolation_duration: 1 }
$data merge entity $(bone_nail_left_rotation1) { transformation: [-0.5140468835791312f,0.753397970898851f,-0.4100576775626536f,0.1352015777903674f,0.8231768168997646f,0.5676773648121416f,0.011060632835165535f,0.16834917033175728f,0.24111352015462495f,-0.33186428992200534f,-0.9119925238033525f,0.2523229806485245f,0f,0f,0f,1f], start_interpolation: 0, interpolation_duration: 1 }
$data merge entity $(bone_nail_right_rotation1) { transformation: [-0.5404509401994363f,-0.7626387544161817f,0.3553799537116303f,-0.2083914216792097f,-0.796120336239126f,0.6001847773722937f,0.07726993747293556f,0.1776170275621235f,-0.2722226872691667f,-0.24116459788514844f,-0.931522648819044f,0.24763042933215695f,0f,0f,0f,1f], start_interpolation: 0, interpolation_duration: 1 }
$data merge entity $(bone_magnet_left1) { transformation: [-0.9995432711842243f,0.026888700859264883f,-0.013792998094731036f,0.22175808556341683f,0.02696103921561081f,0.5872737599705379f,-0.8089392024215921f,0.35358264714058224f,-0.013651058374887351f,-0.8089416101401684f,-0.5877304824399338f,0.0034127645937218343f,0f,0f,0f,1f], start_interpolation: 0, interpolation_duration: 1 }
$data merge entity $(bone_magnet_right1) { transformation: [-0.9995432711842243f,0.004808855195061983f,0.029834944981568363f,-0.27801355002869527f,0.02696103921561081f,0.5878693275682486f,0.8085064972335533f,0.3670631667483876f,-0.013651058374887351f,0.8089416101401684f,-0.5877304824399338f,-0.003412764593721841f,0f,0f,0f,1f], start_interpolation: 0, interpolation_duration: 1 }
$data merge entity $(bone_body1) { transformation: [-0.9995432711842243f,0.02696355168039818f,0.013646095086829138f,-0.02897034322265165f,0.02696103921561081f,0.9996364173442155f,-0.00036808101798340413f,0.3290842689024782f,-0.013651058374887351f,3.302082725904387e-18f,-0.9999068199613629f,-3.547843809782056e-18f,0f,0f,0f,1f], start_interpolation: 0, interpolation_duration: 1 }