# This file was generated by Animated Java via MC-Build. It is not recommended to edit this file directly.
$data merge entity $(bone_pupil1) { transformation: [-0.9994189979680024f,0.03338922238250403f,0.006842976642196806f,-0.02259560242660079f,0.03338843975347413f,0.9994424244691095f,-0.0002286091357248039f,0.3640220258440168f,-0.00684679424713405f,4.1025529588313414e-18f,-0.999976560429562f,0.2562439936100752f,0f,0f,0f,1f], start_interpolation: 0, interpolation_duration: 1 }
$data merge entity $(bone_pupil_closed1) { transformation: [-0.9994189979680024f,0.03338922238250403f,0.006842976642196806f,-0.022518618939376074f,0.03338843975347413f,0.9994424244691095f,-0.0002286091357248039f,0.36401945399123997f,-0.00684679424713405f,4.1025529588313414e-18f,-0.999976560429562f,0.24499425730524269f,0f,0f,0f,1f], start_interpolation: 0, interpolation_duration: 1 }
$data merge entity $(bone_eye1) { transformation: [-0.9994189979680024f,0.03338922238250403f,0.006842976642196806f,-0.02255711068298843f,0.03338843975347413f,0.9994424244691095f,-0.0002286091357248039f,0.3640207399176284f,-0.00684679424713405f,4.1025529588313414e-18f,-0.999976560429562f,0.25061912545765896f,0f,0f,0f,1f], start_interpolation: 0, interpolation_duration: 1 }
$data merge entity $(bone_nail_head1) { transformation: [-0.7555200103638263f,0.03338922238250403f,0.6542741579556198f,-0.01249478406641185f,0.025240299013591892f,0.9994424244691095f,-0.02185789278527966f,0.6138240508702648f,-0.6546391687376704f,4.1025529588313414e-18f,-0.755941504849715f,-1.5263580830342179e-18f,0f,0f,0f,1f], start_interpolation: 0, interpolation_duration: 1 }
$data merge entity $(bone_nail_left_rotation1) { transformation: [-0.6692759470650783f,0.6155253919252539f,-0.4161708766545359f,0.14296182725644385f,0.6721694369926848f,0.7402668060643485f,0.013903374130952195f,0.17088650436633218f,0.31663536544909104f,-0.27043214996473836f,-0.9091801238546572f,0.25117093286861664f,0f,0f,0f,1f], start_interpolation: 0, interpolation_duration: 1 }
$data merge entity $(bone_nail_right_rotation1) { transformation: [-0.709781150686687f,-0.6115899229363093f,0.3495260852821166f,-0.20058845329505698f,-0.6294047781940884f,0.7734308217646074f,0.07519567228886435f,0.18236378053158891f,-0.31632316278820427f,-0.16662091737618948f,-0.9339042384401005f,0.2488173473461643f,0f,0f,0f,1f], start_interpolation: 0, interpolation_duration: 1 }
$data merge entity $(bone_magnet_left1) { transformation: [-0.9994189979680024f,0.029833521711445786f,-0.016481125050391794f,0.22901265982996274f,0.03338843975347413f,0.7598335120830382f,-0.6492597677404507f,0.35561633481461885f,-0.00684679424713405f,-0.6494328255469137f,-0.7603881420108346f,0.0017116985617835097f,0f,0f,0f,1f], start_interpolation: 0, interpolation_duration: 1 }
$data merge entity $(bone_magnet_right1) { transformation: [-0.9994189979680024f,0.020945206061358225f,0.02688800557276798f,-0.27069683915403847f,0.03338843975347413f,0.7601304515970919f,0.648912096239259f,0.37231055469135593f,-0.00684679424713405f,0.6494328255469137f,-0.7603881420108346f,-0.0017116985617835153f,0f,0f,0f,1f], start_interpolation: 0, interpolation_duration: 1 }
$data merge entity $(bone_body1) { transformation: [-0.9994189979680024f,0.03338922238250403f,0.006842976642196806f,-0.02188550286149111f,0.03338843975347413f,0.9994424244691095f,-0.0002286091357248039f,0.3327308689883277f,-0.00684679424713405f,4.1025529588313414e-18f,-0.999976560429562f,-2.6802011027055326e-18f,0f,0f,0f,1f], start_interpolation: 0, interpolation_duration: 1 }