# This file was generated by Animated Java via MC-Build. It is not recommended to edit this file directly.
$data merge entity $(bone_pupil1) { transformation: [-0.9956673318224603f,-0.05127144971861472f,0.07757449829225063f,-0.11064224639376659f,-0.051116538347967366f,0.9986847542862319f,0.003982595079746195f,0.42904322598467914f,-0.07767666218925484f,-6.278941678554598e-18f,-0.9969786036576394f,0.25547576718727005f,0f,0f,0f,1f], start_interpolation: 0, interpolation_duration: 1 }
$data merge entity $(bone_pupil_closed1) { transformation: [-0.9956673318224603f,-0.05127144971861472f,0.07757449829225063f,-0.10976953328797877f,-0.051116538347967366f,0.9986847542862319f,0.003982595079746195f,0.4290880301793263f,-0.07767666218925484f,-6.278941678554598e-18f,-0.9969786036576394f,0.24425975789612164f,0f,0f,0f,1f], start_interpolation: 0, interpolation_duration: 1 }
$data merge entity $(bone_eye1) { transformation: [-0.9956673318224603f,-0.05127144971861472f,0.07757449829225063f,-0.11020588984087268f,-0.051116538347967366f,0.9986847542862319f,0.003982595079746195f,0.4290656280820027f,-0.07767666218925484f,-6.278941678554598e-18f,-0.9969786036576394f,0.24986776254169585f,0f,0f,0f,1f], start_interpolation: 0, interpolation_duration: 1 }
$data merge entity $(bone_nail_head1) { transformation: [0.7599146461381574f,-0.05127144971861472f,-0.64799766128318f,-0.10358164363603105f,0.03901323756339691f,0.9986847542862319f,-0.033267534490406626f,0.6797349545454221f,0.6488510598585328f,-6.278941678554598e-18f,0.7609154369050868f,-1.2685092832928723e-17f,0f,0f,0f,1f], start_interpolation: 0, interpolation_duration: 1 }
$data merge entity $(bone_nail_left_rotation1) { transformation: [0.7867013482643231f,-0.5081969891960175f,-0.3504808251690803f,0.0705863136997856f,-0.5481709131152601f,-0.8361727633966893f,-0.017993325649431947f,0.25060038080381597f,-0.283918366178517f,0.20627876751049173f,-0.9363970479560868f,0.262595327228188f,0f,0f,0f,1f], start_interpolation: 0, interpolation_duration: 1 }
$data merge entity $(bone_nail_right_rotation1) { transformation: [0.679841620275461f,0.6099734981241146f,0.407121238610155f,-0.2716743316141851f,0.6273756046180871f,-0.7712136240568135f,0.10783968100493442f,0.2330290707467022f,0.37975679331820483f,0.182104029761527f,-0.90698561194392f,0.23589397460063166f,0f,0f,0f,1f], start_interpolation: 0, interpolation_duration: 1 }
$data merge entity $(bone_magnet_left1) { transformation: [-0.9956673318224603f,-0.004117671901572695f,-0.09289568945679791f,0.15815305174923772f,-0.051116538347967366f,-0.8102938488944575f,0.5837901831575513f,0.44284290056085596f,-0.07767666218925484f,0.5860093200811037f,0.8065726333872352f,0.019419165547313696f,0f,0f,0f,1f], start_interpolation: 0, interpolation_duration: 1 }
$data merge entity $(bone_magnet_right1) { transformation: [-0.9956673318224603f,0.08707662019877252f,-0.03262248544028425f,-0.33968061416199247f,-0.051116538347967366f,-0.8056120275870027f,-0.5902341573600086f,0.41728463138687233f,-0.07767666218925484f,-0.5860093200811037f,0.8065726333872352f,-0.019419165547313724f,0f,0f,0f,1f], start_interpolation: 0, interpolation_duration: 1 }
$data merge entity $(bone_body1) { transformation: [-0.9956673318224603f,-0.05127144971861472f,0.07757449829225063f,-0.08916154840267065f,-0.051116538347967366f,0.9986847542862319f,0.003982595079746195f,0.3988548674024194f,-0.07767666218925484f,-6.278941678554598e-18f,-0.9969786036576394f,-1.0919140485835242e-17f,0f,0f,0f,1f], start_interpolation: 0, interpolation_duration: 1 }