# This file was generated by Animated Java via MC-Build. It is not recommended to edit this file directly.
$data merge entity $(bone_pupil1) { transformation: [-0.9928168463261079f,0.08475348767981229f,-0.08444854040887459f,0.11090219114270143f,0.08444854040887471f,0.9964019501818069f,0.007183153673892096f,0.42513158715983435f,0.08475348767981217f,1.0379308740365676e-17f,-0.9964019501818069f,0.255327999734088f,0f,0f,0f,1f], start_interpolation: 0, interpolation_duration: 1 }
$data merge entity $(bone_pupil_closed1) { transformation: [-0.9928168463261079f,0.08475348767981229f,-0.08444854040887459f,0.1099521450631016f,0.08444854040887471f,0.9964019501818069f,0.007183153673892096f,0.4252123976386656f,0.08475348767981217f,1.0379308740365676e-17f,-0.9964019501818069f,0.24411847779454268f,0f,0f,0f,1f], start_interpolation: 0, interpolation_duration: 1 }
$data merge entity $(bone_eye1) { transformation: [-0.9928168463261079f,0.08475348767981229f,-0.08444854040887459f,0.11042716810290151f,0.08444854040887471f,0.9964019501818069f,0.007183153673892096f,0.42517199239924997f,0.08475348767981217f,1.0379308740365676e-17f,-0.9964019501818069f,0.24972323876431535f,0f,0f,0f,1f], start_interpolation: 0, interpolation_duration: 1 }
$data merge entity $(bone_nail_head1) { transformation: [0.8849261065512065f,0.08475348767981229f,0.4579548364961671f,0.11045062458288038f,-0.07527140413108092f,0.9964019501818069f,-0.03895342596008204f,0.6760727578342209f,-0.4596085308871657f,1.0379308740365676e-17f,0.8881216123570814f,1.3526300385925042e-17f,0f,0f,0f,1f], start_interpolation: 0, interpolation_duration: 1 }
$data merge entity $(bone_nail_left_rotation1) { transformation: [0.8307655832930732f,0.25237785774057603f,-0.4961188995976651f,0.26512350428748094f,0.3134007833682645f,-0.9486828443034309f,0.042199643464267175f,0.22383652332843204f,-0.4600092331680733f,-0.19054206319506126f,-0.8672284748285717f,0.234533481850484f,0f,0f,0f,1f], start_interpolation: 0, interpolation_duration: 1 }
$data merge entity $(bone_nail_right_rotation1) { transformation: [0.8682321463550393f,-0.4186590406983717f,0.26626593412834776f,-0.07615728663711863f,-0.449411959511785f,-0.8909938447606292f,0.0644892180635663f,0.25286570909398276f,0.21024231420791623f,-0.17565470742394496f,-0.9617398780732284f,0.26366749324041944f,0f,0f,0f,1f], start_interpolation: 0, interpolation_duration: 1 }
$data merge entity $(bone_magnet_left1) { transformation: [-0.9928168463261079f,-0.11061906987821604f,0.045586522463989095f,0.33746646424445426f,0.08444854040887471f,-0.917806494024173f,-0.38794288696903173f,0.4058601351865505f,0.08475348767981217f,-0.38130651831083956f,0.920555367927304f,-0.02118837191995303f,0f,0f,0f,1f], start_interpolation: 0, interpolation_duration: 1 }
$data merge entity $(bone_magnet_right1) { transformation: [-0.9928168463261079f,-0.04598495527443641f,0.11045403360443434f,-0.15894195891859964f,0.08444854040887471f,-0.9233042418304349f,0.3746701496526474f,0.44808440539098787f,0.08475348767981217f,0.38130651831083956f,0.920555367927304f,0.021188371919953052f,0f,0f,0f,1f], start_interpolation: 0, interpolation_duration: 1 }
$data merge entity $(bone_body1) { transformation: [-0.9928168463261079f,0.08475348767981229f,-0.08444854040887459f,0.08661370617293318f,0.08444854040887471f,0.9964019501818069f,0.007183153673892096f,0.39583470934558773f,0.08475348767981217f,1.0379308740365676e-17f,-0.9964019501818069f,1.0607119802697197e-17f,0f,0f,0f,1f], start_interpolation: 0, interpolation_duration: 1 }