# This file was generated by Animated Java via MC-Build. It is not recommended to edit this file directly.
$data merge entity $(bone_pupil1) { transformation: [-0.9928584043007932f,0.08290008894456252f,-0.08578906843104366f,0.11373562496764289f,0.08259234415041386f,0.996557863474562f,0.007136486163089945f,0.4281685760567073f,0.08608538608278564f,1.0586013726493139e-17f,-0.9962877627989705f,0.25529873921723617f,0f,0f,0f,1f], start_interpolation: 0, interpolation_duration: 1 }
$data merge entity $(bone_pupil_closed1) { transformation: [-0.9928584043007932f,0.08290008894456252f,-0.08578906843104366f,0.11277049794779365f,0.08259234415041386f,0.996557863474562f,0.007136486163089945f,0.4282488615260421f,0.08608538608278564f,1.0586013726493139e-17f,-0.9962877627989705f,0.24409050188574777f,0f,0f,0f,1f], start_interpolation: 0, interpolation_duration: 1 }
$data merge entity $(bone_eye1) { transformation: [-0.9928584043007932f,0.08290008894456252f,-0.08578906843104366f,0.11325306145771827f,0.08259234415041386f,0.996557863474562f,0.007136486163089945f,0.4282087187913747f,0.08608538608278564f,1.0586013726493139e-17f,-0.9962877627989705f,0.24969462055149197f,0f,0f,0f,1f], start_interpolation: 0, interpolation_duration: 1 }
$data merge entity $(bone_nail_head1) { transformation: [0.7528137728556655f,0.08290008894456252f,0.6529923419549437f,0.1124771984183286f,-0.06262388870309625f,0.996557863474562f,-0.05432010042993839f,0.6791367665046396f,-0.6552477943209887f,1.0586013726493139e-17f,0.7554140110148072f,1.3896456846411402e-17f,0f,0f,0f,1f], start_interpolation: 0, interpolation_duration: 1 }
$data merge entity $(bone_nail_left_rotation1) { transformation: [0.7473777601844926f,0.44053158198315345f,-0.4973513937419207f,0.2683032148520422f,0.5276437914650025f,-0.8484576086291958f,0.041372885899625254f,0.22716302054289386f,-0.4037555113060972f,-0.29334554988042083f,-0.866562101326446f,0.23427601496676384f,0f,0f,0f,1f], start_interpolation: 0, interpolation_duration: 1 }
$data merge entity $(bone_nail_right_rotation1) { transformation: [0.7479241751829387f,-0.6086513335567851f,0.26486408276032425f,-0.07299186162635546f,-0.6436215249348004f,-0.7625709812895843f,0.06509094511253419f,0.25555413884459866f,0.16235997295369067f,-0.2191553162818271f,-0.9620863716568742f,0.2638678664327214f,0f,0f,0f,1f], start_interpolation: 0, interpolation_duration: 1 }
$data merge entity $(bone_magnet_left1) { transformation: [-0.9928584043007932f,-0.11749313002302275f,0.02067736459696303f,0.3399667772573863f,0.08259234415041386f,-0.8020375261090635f,-0.5915355537924942f,0.4093492145983957f,0.08608538608278564f,-0.5856032540126859f,0.8060137313921714f,-0.0215213465206964f,0f,0f,0f,1f], start_interpolation: 0, interpolation_duration: 1 }
$data merge entity $(bone_magnet_right1) { transformation: [-0.9928584043007932f,-0.016642031559670097f,0.11813226398765755f,-0.15646242489301032f,0.08259234415041386f,-0.8104269687487706f,0.5799884766203713f,0.4506453866736026f,0.08608538608278564f,0.5856032540126859f,0.8060137313921714f,0.02152134652069642f,0f,0f,0f,1f], start_interpolation: 0, interpolation_duration: 1 }
$data merge entity $(bone_body1) { transformation: [-0.9928584043007932f,0.08290008894456252f,-0.08578906843104366f,0.08916154840267038f,0.08259234415041386f,0.996557863474562f,0.007136486163089945f,0.39885486740241904f,0.08608538608278564f,1.0586013726493139e-17f,-0.9962877627989705f,1.0919140485835208e-17f,0f,0f,0f,1f], start_interpolation: 0, interpolation_duration: 1 }