# This file was generated by Animated Java via MC-Build. It is not recommended to edit this file directly.
$data merge entity $(bone_pupil1) { transformation: [-0.9938058619042911f,0.07054141646646597f,-0.08587093459124329f,0.11795884625358315f,0.07027954999604585f,0.9975088513707057f,0.006072585071342306f,0.43965731241704187f,0.08608538608278568f,8.638831988297794e-18f,-0.9962877627989705f,0.25529873921723617f,0f,0f,0f,1f], start_interpolation: 0, interpolation_duration: 1 }
$data merge entity $(bone_pupil_closed1) { transformation: [-0.9938058619042911f,0.07054141646646597f,-0.08587093459124329f,0.11699279823943166f,0.07027954999604585f,0.9975088513707057f,0.006072585071342306f,0.4397256289990945f,0.08608538608278568f,8.638831988297794e-18f,-0.9962877627989705f,0.24409050188574777f,0f,0f,0f,1f], start_interpolation: 0, interpolation_duration: 1 }
$data merge entity $(bone_eye1) { transformation: [-0.9938058619042911f,0.07054141646646597f,-0.08587093459124329f,0.1174758222465074f,0.07027954999604585f,0.9975088513707057f,0.006072585071342306f,0.4396914707080682f,0.08608538608278568f,8.638831988297794e-18f,-0.9962877627989705f,0.24969462055149197f,0f,0f,0f,1f], start_interpolation: 0, interpolation_duration: 1 }
$data merge entity $(bone_nail_head1) { transformation: [-0.08587093459122122f,0.07054141646646597f,0.993805861904293f,0.11358977338119355f,0.006072585071340746f,0.9975088513707057f,-0.07027954999604599f,0.6905906251842497f,-0.9962877627989724f,8.638831988297794e-18f,-0.08608538608276356f,1.391073523871519e-17f,0f,0f,0f,1f], start_interpolation: 0, interpolation_duration: 1 }
$data merge entity $(bone_nail_left_rotation1) { transformation: [0.07054141646648517f,0.8644033663355265f,-0.49782600256586773f,0.2750060198397255f,0.9975088513707043f,-0.06112851808374686f,0.03520505239284752f,0.24058305878616007f,-1.1072924796168997e-14f,-0.4990692582645163f,-0.8665621013264458f,0.2342760149667638f,0f,0f,0f,1f], start_interpolation: 0, interpolation_duration: 1 }
$data merge entity $(bone_nail_right_rotation1) { transformation: [-0.04045039681514688f,-0.9636639777933881f,0.26403693548615803f,-0.06661474518987451f,-0.9958220047443104f,0.06053283981305988f,0.06836892694191708f,0.2647416540973009f,-0.08186757761482819f,-0.26016824019774376f,-0.9620863716568742f,0.2638678664327214f,0f,0f,0f,1f], start_interpolation: 0, interpolation_duration: 1 }
$data merge entity $(bone_magnet_left1) { transformation: [-0.9938058619042911f,-0.08587093459124485f,-0.07054141646646407f,0.3444058847406498f,0.07027954999604585f,0.006072585071320157f,-0.9975088513707058f,0.42364352484256196f,0.08608538608278568f,-0.9962877627989705f,2.2113393436245774e-14f,-0.021521346520696406f,0f,0f,0f,1f], start_interpolation: 0, interpolation_duration: 1 }
$data merge entity $(bone_magnet_right1) { transformation: [-0.9938058619042911f,0.08587093459124172f,0.07054141646646787f,-0.1524970462114957f,0.07027954999604585f,-0.006072585071364455f,0.9975088513707056f,0.45878329984058486f,0.08608538608278568f,0.9962877627989705f,2.213067110022237e-14f,0.021521346520696434f,0f,0f,0f,1f], start_interpolation: 0, interpolation_duration: 1 }
$data merge entity $(bone_body1) { transformation: [-0.9938058619042911f,0.07054141646646597f,-0.08587093459124329f,0.09375f,0.07027954999604585f,0.9975088513707057f,0.006072585071342306f,0.4100412607362388f,0.08608538608278568f,8.638831988297794e-18f,-0.9962877627989705f,1.1481063742006436e-17f,0f,0f,0f,1f], start_interpolation: 0, interpolation_duration: 1 }