# This file was generated by Animated Java via MC-Build. It is not recommended to edit this file directly.
$data merge entity $(bone_pupil1) { transformation: [-0.9972427713944392f,0.03338922238250463f,-0.06627227723739382f,0.09796069964973163f,0.03331573670301335f,0.9994424244691095f,0.0022140142826634016f,0.4562117352678019f,0.06630924965247176f,4.089000431675346e-18f,-0.9977991197683661f,0.2556860244406438f,0f,0f,0f,1f], start_interpolation: 0, interpolation_duration: 1 }
$data merge entity $(bone_pupil_closed1) { transformation: [-0.9972427713944392f,0.03338922238250463f,-0.06627227723739382f,0.09721513653081094f,0.03331573670301335f,0.9994424244691095f,0.0022140142826634016f,0.4562366429284819f,0.06630924965247176f,4.089000431675346e-18f,-0.9977991197683661f,0.2444607843432497f,0f,0f,0f,1f], start_interpolation: 0, interpolation_duration: 1 }
$data merge entity $(bone_eye1) { transformation: [-0.9972427713944392f,0.03338922238250463f,-0.06627227723739382f,0.09758791809027129f,0.03331573670301335f,0.9994424244691095f,0.0022140142826634016f,0.4562241890981419f,0.06630924965247176f,4.089000431675346e-18f,-0.9977991197683661f,0.25007340439194675f,0f,0f,0f,1f], start_interpolation: 0, interpolation_duration: 1 }
$data merge entity $(bone_nail_head1) { transformation: [-0.9889689417993089f,0.03338922238250463f,-0.14431074798866092f,0.08932573420327561f,0.033039325846776685f,0.9994424244691095f,0.0048211117907451945f,0.7066396825450117f,0.14439125702045005f,4.089000431675346e-18f,-0.9895206743146171f,1.0939247447352873e-17f,0f,0f,0f,1f], start_interpolation: 0, interpolation_duration: 1 }
$data merge entity $(bone_nail_left_rotation1) { transformation: [-0.8757209006238872f,-0.03542826109579159f,-0.48151608750509733f,0.26268712005369754f,-0.049246914706516834f,0.998657082574475f,0.016086417119026527f,0.26310397602328006f,0.48029953737472747f,0.03780039337846466f,-0.8762896123189274f,0.23805287765807295f,0f,0f,0f,1f], start_interpolation: 0, interpolation_duration: 1 }
$data merge entity $(bone_nail_right_rotation1) { transformation: [-0.9568043640921607f,0.07707248089095085f,0.28033059330638527f,-0.08011508261314094f,0.10259192917803131f,0.9916993029923801f,0.0775073448903867f,0.2745562605149409f,-0.27202997063141f,0.1029190222152424f,-0.9567692354714028f,0.2608466822261101f,0f,0f,0f,1f], start_interpolation: 0, interpolation_duration: 1 }
$data merge entity $(bone_magnet_left1) { transformation: [-0.9972427713944392f,0.038485957496859825f,-0.06344829372873816f,0.33028912145625927f,0.03331573670301335f,0.9961877674629717f,0.08062253807140905f,0.44845014225198104f,0.06630924965247176f,0.07828641665506356f,-0.9947232380807418f,-0.01657731241311793f,0f,0f,0f,1f], start_interpolation: 0, interpolation_duration: 1 }
$data merge entity $(bone_magnet_right1) { transformation: [-0.9972427713944392f,0.02808663160911818f,-0.06868767011911249f,-0.16833226424096037f,0.03331573670301335f,0.9965351865800643f,-0.07620815964036932f,0.4651080106034877f,0.06630924965247176f,-0.07828641665506356f,-0.9947232380807418f,0.01657731241311795f,0f,0f,0f,1f], start_interpolation: 0, interpolation_duration: 1 }
$data merge entity $(bone_body1) { transformation: [-0.9972427713944392f,0.03338922238250463f,-0.06627227723739382f,0.07993501540819618f,0.03331573670301335f,0.9994424244691095f,0.0022140142826634016f,0.4255465006630747f,0.06630924965247176f,4.089000431675346e-18f,-0.9977991197683661f,9.789216075944182e-18f,0f,0f,0f,1f], start_interpolation: 0, interpolation_duration: 1 }