# This file was generated by Animated Java via MC-Build. It is not recommended to edit this file directly.
$data merge entity $(bone_pupil1) { transformation: [-0.9972427713944392f,-0.03338922238250426f,0.06627227723739447f,-0.09796069964973171f,-0.03331573670301298f,0.9994424244691095f,0.002214014282663391f,0.4202234759950667f,-0.06630924965247241f,-4.0890004316753e-18f,-0.9977991197683661f,0.2556860244406438f,0f,0f,0f,1f], start_interpolation: 0, interpolation_duration: 1 }
$data merge entity $(bone_pupil_closed1) { transformation: [-0.9972427713944392f,-0.03338922238250426f,0.06627227723739447f,-0.09721513653081103f,-0.03331573670301298f,0.9994424244691095f,0.002214014282663391f,0.4202483836557467f,-0.06630924965247241f,-4.0890004316753e-18f,-0.9977991197683661f,0.2444607843432497f,0f,0f,0f,1f], start_interpolation: 0, interpolation_duration: 1 }
$data merge entity $(bone_eye1) { transformation: [-0.9972427713944392f,-0.03338922238250426f,0.06627227723739447f,-0.09758791809027137f,-0.03331573670301298f,0.9994424244691095f,0.002214014282663391f,0.4202359298254067f,-0.06630924965247241f,-4.0890004316753e-18f,-0.9977991197683661f,0.25007340439194675f,0f,0f,0f,1f], start_interpolation: 0, interpolation_duration: 1 }
$data merge entity $(bone_nail_head1) { transformation: [0.9993682676870508f,-0.03338922238250426f,0.012174784140809788f,-0.08932573420327546f,0.033386744963868925f,0.9994424244691095f,0.00040673335970545623f,0.6706514232722766f,-0.012181576289676574f,-4.0890004316753e-18f,0.9999258018468667f,-1.0939247447352852e-17f,0f,0f,0f,1f], start_interpolation: 0, interpolation_duration: 1 }
$data merge entity $(bone_nail_left_rotation1) { transformation: [0.9263245955883238f,0.10639579523172185f,-0.36138992565529326f,0.08011508261314078f,0.10944937994445303f,-0.9939190458052f,-0.012073260349049972f,0.23856800124220565f,-0.36047687420679797f,-0.02837014527087757f,-0.9323366119698431f,0.26084668222611024f,0f,0f,0f,1f], start_interpolation: 0, interpolation_duration: 1 }
$data merge entity $(bone_nail_right_rotation1) { transformation: [0.9171066657607628f,0.00328389852200614f,0.39862837283323704f,-0.2626871200536977f,-0.0399885909877173f,-0.9941644208677948f,0.10018990403937728f,0.22711571675054495f,0.39663115889702144f,-0.10782541579377167f,-0.9116234987652008f,0.23805287765807284f,0f,0f,0f,1f], start_interpolation: 0, interpolation_duration: 1 }
$data merge entity $(bone_magnet_left1) { transformation: [-0.9972427713944392f,0.03848595749685952f,-0.06344829372873885f,0.16833226424096043f,-0.03331573670301298f,-0.9961877674629718f,-0.08062253807140922f,0.4291197513307524f,-0.06630924965247241f,-0.07828641665506374f,0.9947232380807419f,0.016577312413118092f,0f,0f,0f,1f], start_interpolation: 0, interpolation_duration: 1 }
$data merge entity $(bone_magnet_right1) { transformation: [-0.9972427713944392f,0.02808663160911775f,-0.06868767011911313f,-0.33028912145625916f,-0.03331573670301298f,-0.9965351865800645f,0.07620815964036952f,0.4124618829792459f,-0.06630924965247241f,0.07828641665506374f,0.9947232380807419f,-0.016577312413118113f,0f,0f,0f,1f], start_interpolation: 0, interpolation_duration: 1 }
$data merge entity $(bone_body1) { transformation: [-0.9972427713944392f,-0.03338922238250426f,0.06627227723739447f,-0.07993501540819613f,-0.03331573670301298f,0.9994424244691095f,0.002214014282663391f,0.3895582413903395f,-0.06630924965247241f,-4.0890004316753e-18f,-0.9977991197683661f,-9.789216075944174e-18f,0f,0f,0f,1f], start_interpolation: 0, interpolation_duration: 1 }