# This file was generated by Animated Java via MC-Build. It is not recommended to edit this file directly.
$data merge entity $(bone_pupil1) { transformation: [-0.9985916968022414f,0.013651058374886935f,-0.05126667224294897f,0.0798549410727099f,0.013633103878870966f,0.9999068199613629f,0.0006999095530738916f,0.4614314424737505f,0.05127144971861473f,1.6717724943778954e-18f,-0.9986847542862319f,0.25591296828584686f,0f,0f,0f,1f], start_interpolation: 0, interpolation_duration: 1 }
$data merge entity $(bone_pupil_closed1) { transformation: [-0.9985916968022414f,0.013651058374886935f,-0.05126667224294897f,0.07927819100997674f,0.013633103878870966f,0.9999068199613629f,0.0006999095530738916f,0.46143931645622255f,0.05127144971861473f,1.6717724943778954e-18f,-0.9986847542862319f,0.2446777648001268f,0f,0f,0f,1f], start_interpolation: 0, interpolation_duration: 1 }
$data merge entity $(bone_eye1) { transformation: [-0.9985916968022414f,0.013651058374886935f,-0.05126667224294897f,0.07956656604134332f,0.013633103878870966f,0.9999068199613629f,0.0006999095530738916f,0.46143537946498653f,0.05127144971861473f,1.6717724943778954e-18f,-0.9986847542862319f,0.25029536654298684f,0f,0f,0f,1f], start_interpolation: 0, interpolation_duration: 1 }
$data merge entity $(bone_nail_head1) { transformation: [-0.6698599488535896f,0.013651058374886935f,-0.7423619720373019f,0.07013062090417597f,0.009145149410174505f,0.9999068199613629f,0.010134970992566064f,0.7115874992870663f,0.7424311518007121f,1.6717724943778954e-18f,-0.6699223722461192f,8.588524041251556e-18f,0f,0f,0f,1f], start_interpolation: 0, interpolation_duration: 1 }
$data merge entity $(bone_nail_left_rotation1) { transformation: [-0.6342862784055996f,-0.6149807665110856f,-0.46848647136049915f,0.24860789881378542f,-0.6985131896596427f,0.7155685962390692f,0.0063959321415910445f,0.27161009843652073f,0.3313008314174387f,0.3313008314174376f,-0.8834475186473887f,0.24085890815117109f,0f,0f,0f,1f], start_interpolation: 0, interpolation_duration: 1 }
$data merge entity $(bone_nail_right_rotation1) { transformation: [-0.6894402554197838f,0.6623819017441082f,0.29312514468834316f,-0.09465799696198506f,0.7085223223816891f,0.7008104192336984f,0.08283039889041907f,0.27629647789488265f,-0.15055979839771744f,0.26479231963058664f,-0.9524792777646618f,0.2584834689919449f,0f,0f,0f,1f], start_interpolation: 0, interpolation_duration: 1 }
$data merge entity $(bone_magnet_left1) { transformation: [-0.9985916968022414f,0.04590376753911329f,-0.026598255644601485f,0.3163657805110146f,0.013633103878870966f,0.7065459821581613f,0.7075358037405506f,0.4582025183270079f,0.05127144971861473f,0.7061767620234144f,-0.7061767620234167f,-0.012817862429653673f,0f,0f,0f,1f], start_interpolation: 0, interpolation_duration: 1 }
$data merge entity $(bone_magnet_right1) { transformation: [-0.9985916968022414f,-0.026598255644601325f,-0.04590376753911338f,-0.18293006789010607f,0.013633103878870966f,0.7075358037405529f,-0.706545982158159f,0.4650190702664434f,0.05127144971861473f,-0.7061767620234144f,-0.7061767620234167f,0.01281786242965369f,0f,0f,0f,1f], start_interpolation: 0, interpolation_duration: 1 }
$data merge entity $(bone_body1) { transformation: [-0.9985916968022414f,0.013651058374886935f,-0.05126667224294897f,0.06629126073623902f,0.013633103878870966f,0.9999068199613629f,0.0006999095530738916f,0.43036370617293307f,0.05127144971861473f,1.6717724943778954e-18f,-0.9986847542862319f,8.118338027207773e-18f,0f,0f,0f,1f], start_interpolation: 0, interpolation_duration: 1 }