# This file was generated by Animated Java via MC-Build. It is not recommended to edit this file directly.
$data merge entity $(bone_pupil1) { transformation: [-0.9989372398487515f,0.006846794247135482f,-0.04557973510119714f,0.07277952397085989f,0.0068396780661616335f,0.999976560429562f,0.00031208238315383904f,0.4628747341454734f,0.045580803495651294f,8.655955202296356e-19f,-0.9989606550573905f,0.2559836678584563f,0f,0f,0f,1f], start_interpolation: 0, interpolation_duration: 1 }
$data merge entity $(bone_pupil_closed1) { transformation: [-0.9989372398487515f,0.006846794247135482f,-0.04557973510119714f,0.07226675195097142f,0.0068396780661616335f,0.999976560429562f,0.00031208238315383904f,0.4628782450722839f,0.045580803495651294f,8.655955202296356e-19f,-0.9989606550573905f,0.24474536048906068f,0f,0f,0f,1f], start_interpolation: 0, interpolation_duration: 1 }
$data merge entity $(bone_eye1) { transformation: [-0.9989372398487515f,0.006846794247135482f,-0.04557973510119714f,0.07252313796091565f,0.0068396780661616335f,0.999976560429562f,0.00031208238315383904f,0.46287648960887867f,0.045580803495651294f,8.655955202296356e-19f,-0.9989606550573905f,0.2503645141737585f,0f,0f,0f,1f], start_interpolation: 0, interpolation_duration: 1 }
$data merge entity $(bone_nail_head1) { transformation: [-0.48308016123439323f,0.006846794247135482f,-0.8755493585345661f,0.062811415412962f,0.003307627998224371f,0.999976560429562f,0.005994846827732113f,0.7129488453635471f,0.8755698815164773f,8.655955202296356e-19f,-0.48309148469127666f,7.699803180065153e-18f,0f,0f,0f,1f], start_interpolation: 0, interpolation_duration: 1 }
$data merge entity $(bone_nail_left_rotation1) { transformation: [-0.4688143052449037f,-0.7519314665333214f,-0.46347838874621416f,0.24290321480414367f,-0.8494502000137577f,0.5276592528614836f,0.0031734155492364976f,0.2742055099122037f,0.24217246931541456f,0.3951895526284945f,-0.8861025406796692f,0.24190596316353255f,0f,0f,0f,1f], start_interpolation: 0, interpolation_duration: 1 }
$data merge entity $(bone_nail_right_rotation1) { transformation: [-0.5210598102655808f,0.799816678383167f,0.29797643380998223f,-0.10048146139386464f,0.8490141037498234f,0.5215231478750805f,0.08478595322546854f,0.27655664924744683f,-0.08758838827082766f,0.2971647475905997f,-0.9508003928425429f,0.2575743643651627f,0f,0f,0f,1f], start_interpolation: 0, interpolation_duration: 1 }
$data merge entity $(bone_magnet_left1) { transformation: [-0.9989372398487515f,0.042440552994934225f,-0.017977494398332877f,0.310834026813366f,0.0068396780661616335f,0.5222202235995826f,0.8527832414321669f,0.4612447857396162f,0.045580803495651294f,0.8517539771113993f,-0.5219555084752001f,-0.011395200873912817f,0f,0f,0f,1f], start_interpolation: 0, interpolation_duration: 1 }
$data merge entity $(bone_magnet_right1) { transformation: [-0.9989372398487515f,-0.035285672660866685f,-0.029653197942685304f,-0.18863459311100977f,0.0068396780661616335f,0.5227524115485113f,-0.8524571162376248f,0.464664624772697f,0.045580803495651294f,-0.8517539771113993f,-0.5219555084752001f,0.01139520087391283f,0f,0f,0f,1f], start_interpolation: 0, interpolation_duration: 1 }
$data merge entity $(bone_body1) { transformation: [-0.9989372398487515f,0.006846794247135482f,-0.04557973510119714f,0.06088575453095514f,0.0068396780661616335f,0.999976560429562f,0.00031208238315383904f,0.4317054377427328f,0.045580803495651294f,8.655955202296356e-19f,-0.9989606550573905f,7.456354440000567e-18f,0f,0f,0f,1f], start_interpolation: 0, interpolation_duration: 1 }