# This file was generated by Animated Java via MC-Build. It is not recommended to edit this file directly.
$data merge entity $(bone_pupil1) { transformation: [-0.9992153039408515f,-1.2835274541593158e-16f,-0.03960778168986418f,0.0652543614604472f,-1.282520275224228e-16f,1f,-5.08376751972895e-18f,0.46416154840267065f,0.03960778168986418f,-1.5718677883539572e-32f,-0.9992153039408515f,0.25604892163484316f,0f,0f,0f,1f], start_interpolation: 0, interpolation_duration: 1 }
$data merge entity $(bone_pupil_closed1) { transformation: [-0.9992153039408515f,-1.2835274541593158e-16f,-0.03960778168986418f,0.06480877391643623f,-1.282520275224228e-16f,1f,-5.08376751972895e-18f,0.46416154840267065f,0.03960778168986418f,-1.5718677883539572e-32f,-0.9992153039408515f,0.24480774946550862f,0f,0f,0f,1f], start_interpolation: 0, interpolation_duration: 1 }
$data merge entity $(bone_eye1) { transformation: [-0.9992153039408515f,-1.2835274541593158e-16f,-0.03960778168986418f,0.06503156768844172f,-1.282520275224228e-16f,1f,-5.08376751972895e-18f,0.46416154840267065f,0.03960778168986418f,-1.5718677883539572e-32f,-0.9992153039408515f,0.2504283355501759f,0f,0f,0f,1f], start_interpolation: 0, interpolation_duration: 1 }
$data merge entity $(bone_nail_head1) { transformation: [-0.2711052710851026f,-1.2835274541593158e-16f,-0.9625497036464522f,0.05510486740241948f,-3.479710584050327e-17f,1f,-1.2354589706231345e-16f,0.7141615484026707f,0.9625497036464522f,-1.5718677883539572e-32f,-0.2711052710851026f,6.7483999481812335e-18f,0f,0f,0f,1f], start_interpolation: 0, interpolation_duration: 1 }
$data merge entity $(bone_nail_left_rotation1) { transformation: [-0.27467211604291664f,-0.8453538496663987f,-0.45818347582895885f,0.23674694318971945f,-0.951056516295156f,0.3090169943749397f,-5.880910702686101e-17f,0.27666154840267065f,0.14158648057292775f,0.4357583803458954f,-0.8888576390386111f,0.24299623850726745f,0f,0f,0f,1f], start_interpolation: 0, interpolation_duration: 1 }
$data merge entity $(bone_nail_right_rotation1) { transformation: [-0.3263276073751903f,0.895354754266799f,0.30306790769829717f,-0.10673331753994825f,0.9450901054729667f,0.315065484702339f,0.08682414921193793f,0.27666154840267065f,-0.017747822454609166f,0.31475959772677325f,-0.9490054849351501f,0.25661141346315824f,0f,0f,0f,1f], start_interpolation: 0, interpolation_duration: 1 }
$data merge entity $(bone_magnet_left1) { transformation: [-0.9992153039408515f,0.037669238872141256f,-0.012239477651660724f,0.3049086933876324f,-1.282520275224228e-16f,0.3090169943749398f,0.951056516295156f,0.4641615484026707f,0.03960778168986418f,0.9503102259947916f,-0.30877450995724387f,-0.009901945422466038f,0f,0f,0f,1f], start_interpolation: 0, interpolation_duration: 1 }
$data merge entity $(bone_magnet_right1) { transformation: [-0.9992153039408515f,-0.03766923887214134f,-0.012239477651660481f,-0.19469895858279337f,-1.282520275224228e-16f,0.3090169943749398f,-0.951056516295156f,0.4641615484026706f,0.03960778168986418f,-0.9503102259947916f,-0.30877450995724387f,0.009901945422466052f,0f,0f,0f,1f], start_interpolation: 0, interpolation_duration: 1 }
$data merge entity $(bone_body1) { transformation: [-0.9992153039408515f,-1.2835274541593158e-16f,-0.03960778168986418f,0.055104867402419516f,-1.282520275224228e-16f,1f,-5.08376751972895e-18f,0.43291154840267065f,0.03960778168986418f,-1.5718677883539572e-32f,-0.9992153039408515f,6.748399948181238e-18f,0f,0f,0f,1f], start_interpolation: 0, interpolation_duration: 1 }