# This file was generated by Animated Java via MC-Build. It is not recommended to edit this file directly.
$data merge entity $(bone_pupil1) { transformation: [-0.9977338544974275f,-0.0616675546417819f,0.026912233170233793f,-0.023489101929949956f,-0.0616451333884895f,0.9980967451627637f,0.0016627762965874821f,0.4679754368978165f,-0.02696355168039858f,-7.55209734033027e-18f,-0.9996364173442155f,0.2561568319444552f,0f,0f,0f,1f], start_interpolation: 0, interpolation_duration: 1 }
$data merge entity $(bone_pupil_closed1) { transformation: [-0.9977338544974275f,-0.0616675546417819f,0.026912233170233793f,-0.023186339306784827f,-0.0616451333884895f,0.9980967451627637f,0.0016627762965874821f,0.4679941431311532f,-0.02696355168039858f,-7.55209734033027e-18f,-0.9996364173442155f,0.2449109222493328f,0f,0f,0f,1f], start_interpolation: 0, interpolation_duration: 1 }
$data merge entity $(bone_eye1) { transformation: [-0.9977338544974275f,-0.0616675546417819f,0.026912233170233793f,-0.02333772061836739f,-0.0616451333884895f,0.9980967451627637f,0.0016627762965874821f,0.46798479001448484f,-0.02696355168039858f,-7.55209734033027e-18f,-0.9996364173442155f,0.250533877096894f,0f,0f,0f,1f], start_interpolation: 0, interpolation_duration: 1 }
$data merge entity $(bone_nail_head1) { transformation: [0.9012052719468772f,-0.0616675546417819f,0.4289827158751944f,-0.032009730840523026f,0.05568110067544916f,0.9980967451627637f,0.02650476038502615f,0.717925709614508f,-0.42980073620542514f,-7.55209734033027e-18f,0.9029237659721193f,-3.920061441541483e-18f,0f,0f,0f,1f], start_interpolation: 0, interpolation_duration: 1 }
$data merge entity $(bone_nail_left_rotation1) { transformation: [0.7878336483416167f,0.47063240838332043f,-0.39726978077882186f,0.15972727226444344f,0.5035326252019097f,-0.8636274776025131f,-0.024545372011719788f,0.29143794683279867f,-0.3546449462462575f,-0.1807006256470519f,-0.9173735585860066f,0.2545434647811224f,0f,0f,0f,1f], start_interpolation: 0, interpolation_duration: 1 }
$data merge entity $(bone_nail_right_rotation1) { transformation: [0.8721636681416178f,-0.33181027534178287f,0.3594891891995749f,-0.18324374021904727f,-0.3924574274969794f,-0.9132646668432886f,0.1092008053911233f,0.2702474322305054f,0.2920748253037406f,-0.23632517740018116f,-0.9267376688958759f,0.24527474389098536f,0f,0f,0f,1f], start_interpolation: 0, interpolation_duration: 1 }
$data merge entity $(bone_magnet_left1) { transformation: [-0.9977338544974275f,0.06716409170263198f,0.004017508614381462f,0.2328406214442793f,-0.0616451333884895f,-0.8885558270693543f,-0.45460798465338337f,0.4838128066709394f,-0.02696355168039858f,-0.4538254366679505f,0.890682569669982f,0.006740887920099643f,0f,0f,0f,1f], start_interpolation: 0, interpolation_duration: 1 }
$data merge entity $(bone_magnet_right1) { transformation: [-0.9977338544974275f,0.04272829533050869f,-0.05197545928469528f,-0.2660263058044344f,-0.0616451333884895f,-0.89006559635304f,0.4516448955963329f,0.45299023997669463f,-0.02696355168039858f,0.4538254366679505f,0.890682569669982f,-0.006740887920099647f,0f,0f,0f,1f], start_interpolation: 0, interpolation_duration: 1 }
$data merge entity $(bone_body1) { transformation: [-0.9977338544974275f,-0.0616675546417819f,0.026912233170233793f,-0.014665731097521863f,-0.0616451333884895f,0.9980967451627637f,0.0016627762965874821f,0.4372110000374807f,-0.02696355168039858f,-7.55209734033027e-18f,-0.9996364173442155f,-1.7960340645735948e-18f,0f,0f,0f,1f], start_interpolation: 0, interpolation_duration: 1 }