# This file was generated by Animated Java via MC-Build. It is not recommended to edit this file directly.
$data merge entity $(bone_pupil1) { transformation: [-0.9961966150349949f,-0.07433825247895974f,0.045454685250176215f,-0.04984740526955233f,-0.07426098939220331f,0.9972330841976585f,0.003388397278453601f,0.46599387711637597f,-0.04558080349565175f,-9.103810295256584e-18f,-0.9989606550573905f,0.2559836678584563f,0f,0f,0f,1f], start_interpolation: 0, interpolation_duration: 1 }
$data merge entity $(bone_pupil_closed1) { transformation: [-0.9961966150349949f,-0.07433825247895974f,0.045454685250176215f,-0.04933604006048784f,-0.07426098939220331f,0.9972330841976585f,0.003388397278453601f,0.46603199658575856f,-0.04558080349565175f,-9.103810295256584e-18f,-0.9989606550573905f,0.24474536048906068f,0f,0f,0f,1f], start_interpolation: 0, interpolation_duration: 1 }
$data merge entity $(bone_eye1) { transformation: [-0.9961966150349949f,-0.07433825247895974f,0.045454685250176215f,-0.049591722665020085f,-0.07426098939220331f,0.9972330841976585f,0.003388397278453601f,0.46601293685106726f,-0.04558080349565175f,-9.103810295256584e-18f,-0.9989606550573905f,0.2503645141737585f,0f,0f,0f,1f], start_interpolation: 0, interpolation_duration: 1 }
$data merge entity $(bone_nail_head1) { transformation: [0.42322259331145595f,-0.07433825247895974f,0.9029709080192454f,-0.0567842052939346f,0.03154892120501609f,0.9972330841976585f,0.06731152466275928f,0.7161704249683943f,-0.9054762846599163f,-9.103810295256584e-18f,0.42439686370009183f,-6.954059525534321e-18f,0f,0f,0f,1f], start_interpolation: 0, interpolation_duration: 1 }
$data merge entity $(bone_nail_left_rotation1) { transformation: [0.28418160177477936f,0.88033029230686f,-0.37981494659852366f,0.13559640206220597f,0.9476271005731985f,-0.31812143204810295f,-0.02831311941304119f,0.29179745886409025f,-0.14575217141419766f,-0.3518768689734846f,-0.9246291005638225f,0.2575743643651628f,0f,0f,0f,1f], start_interpolation: 0, interpolation_duration: 1 }
$data merge entity $(bone_nail_right_rotation1) { transformation: [0.45764881838245264f,-0.8060786631219743f,0.37522626226403166f,-0.20684618435607355f,-0.8858873172705043f,-0.44941111992407035f,0.11503610906085818f,0.26627024376052033f,0.07590270174647124f,-0.3850543262295384f,-0.9197673323833058f,0.2419059631635325f,0f,0f,0f,1f], start_interpolation: 0, interpolation_duration: 1 }
$data merge entity $(bone_magnet_left1) { transformation: [-0.9961966150349949f,0.07044267097405142f,0.051284834979355105f,0.21084951158455406f,-0.07426098939220331f,-0.37849410863520394f,-0.9226199191340568f,0.48542740126703054f,-0.04558080349565175f,-0.922919302991591f,0.3822856922750403f,0.011395200873912934f,0f,0f,0f,1f], start_interpolation: 0, interpolation_duration: 1 }
$data merge entity $(bone_magnet_right1) { transformation: [-0.9961966150349949f,-0.013546635744709563f,-0.08607434491657959f,-0.2872487959329434f,-0.07426098939220331f,-0.38475505042236435f,0.9200265521325864f,0.44829690657092885f,-0.04558080349565175f,0.922919302991591f,0.3822856922750403f,-0.011395200873912941f,0f,0f,0f,1f], start_interpolation: 0, interpolation_duration: 1 }
$data merge entity $(bone_body1) { transformation: [-0.9961966150349949f,-0.07433825247895974f,0.045454685250176215f,-0.03587657178422718f,-0.07426098939220331f,0.9972330841976585f,0.003388397278453601f,0.43569862003780285f,-0.04558080349565175f,-9.103810295256584e-18f,-0.9989606550573905f,-4.393612879993406e-18f,0f,0f,0f,1f], start_interpolation: 0, interpolation_duration: 1 }