# This file was generated by Animated Java via MC-Build. It is not recommended to edit this file directly.
$data merge entity $(bone_pupil1) { transformation: [-0.993461656480143f,-0.0868877498938831f,0.07405711324449854f,-0.0929804367280888f,-0.08664733880567184f,0.9962181081060402f,0.0064590834889401896f,0.4583650982803744f,-0.07433825247895987f,-1.0206999610271771e-17f,-0.9972330841976585f,0.25554097782565f,0f,0f,0f,1f], start_interpolation: 0, interpolation_duration: 1 }
$data merge entity $(bone_pupil_closed1) { transformation: [-0.993461656480143f,-0.0868877498938831f,0.07405711324449854f,-0.0921472942040882f,-0.08664733880567184f,0.9962181081060402f,0.0064590834889401896f,0.458437762969625f,-0.07433825247895987f,-1.0206999610271771e-17f,-0.9972330841976585f,0.24432210562842635f,0f,0f,0f,1f], start_interpolation: 0, interpolation_duration: 1 }
$data merge entity $(bone_eye1) { transformation: [-0.993461656480143f,-0.0868877498938831f,0.07405711324449854f,-0.0925638654660885f,-0.08664733880567184f,0.9962181081060402f,0.0064590834889401896f,0.4584014306249997f,-0.07433825247895987f,-1.0206999610271771e-17f,-0.9972330841976585f,0.24993154172703816f,0f,0f,0f,1f], start_interpolation: 0, interpolation_duration: 1 }
$data merge entity $(bone_nail_head1) { transformation: [-0.8083705746834615f,-0.0868877498938831f,0.5822263588195815f,-0.09572523893265683f,-0.07050413934776108f,0.9962181081060402f,0.050780384170006757f,0.7090747654509254f,-0.5844366349919909f,-1.0206999610271771e-17f,-0.8114393505858821f,-1.1600988001244759e-17f,0f,0f,0f,1f], start_interpolation: 0, interpolation_duration: 1 }
$data merge entity $(bone_nail_left_rotation1) { transformation: [-0.8397864480156751f,0.4127174376412214f,-0.35273649994872985f,0.09452509554231697f,0.45123794297527464f,0.8918732219612828f,-0.030764830047364137f,0.2865070836395226f,0.3018990568860037f,-0.18500397999844473f,-0.9352168127424124f,0.2620851581942359f,0f,0f,0f,1f], start_interpolation: 0, interpolation_duration: 1 }
$data merge entity $(bone_nail_right_rotation1) { transformation: [-0.7062818280022898f,-0.584104523777048f,0.399984855634475f,-0.24697734887273215f,-0.590587882179169f,0.7976918705579169f,0.12203947340486003f,0.2567220609250729f,-0.39034847618105023f,-0.15003194642808382f,-0.9083603261889702f,0.2365313839045934f,0f,0f,0f,1f], start_interpolation: 0, interpolation_duration: 1 }
$data merge entity $(bone_magnet_left1) { transformation: [-0.993461656480143f,-0.035389249972620905f,0.10854279381933107f,0.17436211266084967f,-0.08664733880567184f,0.8527904332804093f,-0.5150152576218562f,0.48168207312583333f,-0.07433825247895987f,-0.5210528551805346f,-0.8502809808096304f,0.018584563119739956f,0f,0f,0f,1f], start_interpolation: 0, interpolation_duration: 1 }
$data merge entity $(bone_magnet_right1) { transformation: [-0.993461656480143f,-0.11277872072713468f,0.017745344597426722f,-0.32236871557922175f,-0.08664733880567184f,0.8460407095757059f,0.5260298056370297f,0.4383584037229974f,-0.07433825247895987f,0.5210528551805346f,-0.8502809808096304f,-0.018584563119739977f,0f,0f,0f,1f], start_interpolation: 0, interpolation_duration: 1 }
$data merge entity $(bone_body1) { transformation: [-0.993461656480143f,-0.0868877498938831f,0.07405711324449854f,-0.0712880592750022f,-0.08664733880567184f,0.9962181081060402f,0.0064590834889401896f,0.4288884225461016f,-0.07433825247895987f,-1.0206999610271771e-17f,-0.9972330841976585f,-8.730269360855824e-18f,0f,0f,0f,1f], start_interpolation: 0, interpolation_duration: 1 }