# This file was generated by Animated Java via MC-Build. It is not recommended to edit this file directly.
$data merge entity $(bone_pupil1) { transformation: [-0.9928168463261079f,-0.08475348767981225f,0.08444854040887477f,-0.11090219114270133f,-0.08444854040887467f,0.9964019501818069f,0.007183153673892087f,0.4509971539676103f,-0.08475348767981235f,-9.945627871371469e-18f,-0.9964019501818069f,0.255327999734088f,0f,0f,0f,1f], start_interpolation: 0, interpolation_duration: 1 }
$data merge entity $(bone_pupil_closed1) { transformation: [-0.9928168463261079f,-0.08475348767981225f,0.08444854040887477f,-0.1099521450631015f,-0.08444854040887467f,0.9964019501818069f,0.007183153673892087f,0.45107796444644155f,-0.08475348767981235f,-9.945627871371469e-18f,-0.9964019501818069f,0.24411847779454268f,0f,0f,0f,1f], start_interpolation: 0, interpolation_duration: 1 }
$data merge entity $(bone_eye1) { transformation: [-0.9928168463261079f,-0.08475348767981225f,0.08444854040887477f,-0.11042716810290142f,-0.08444854040887467f,0.9964019501818069f,0.007183153673892087f,0.45103755920702593f,-0.08475348767981235f,-9.945627871371469e-18f,-0.9964019501818069f,0.24972323876431535f,0f,0f,0f,1f], start_interpolation: 0, interpolation_duration: 1 }
$data merge entity $(bone_nail_head1) { transformation: [-0.9495602211549872f,-0.08475348767981225f,-0.30191428042773977f,-0.11045062458288024f,-0.08076915193734277f,0.9964019501818069f,-0.025680688643697363f,0.7019383246419969f,0.30300450573450954f,-9.945627871371469e-18f,-0.9529891234975275f,-1.3404327641520406e-17f,0f,0f,0f,1f], start_interpolation: 0, interpolation_duration: 1 }
$data merge entity $(bone_nail_left_rotation1) { transformation: [-0.8318436607193186f,-0.4362974400562237f,-0.34304616004478045f,0.07615728663711874f,-0.45482155442660227f,0.8901044429298075f,-0.029179347244008513f,0.2787312759017587f,0.3180777856909415f,0.13175213272278785f,-0.9388652181079797f,0.2636674932404195f,0f,0f,0f,1f], start_interpolation: 0, interpolation_duration: 1 }
$data merge entity $(bone_nail_right_rotation1) { transformation: [-0.8833527506349359f,0.22770696006743385f,0.4096797020631374f,-0.2651235042874808f,0.3004229606844528f,0.9459734369548836f,0.12198484032597234f,0.249702090136208f,-0.3597693186463803f,0.23083283326384335f,-0.9040366366735952f,0.23453348185048398f,0f,0f,0f,1f], start_interpolation: 0, interpolation_duration: 1 }
$data merge entity $(bone_magnet_left1) { transformation: [-0.9928168463261079f,-0.11061906987821588f,0.045586522463989684f,0.1589419589185998f,-0.08444854040887467f,0.9178064940241744f,0.38794288696902807f,0.47394997219876384f,-0.08475348767981235f,0.3813065183108359f,-0.9205553679273052f,0.021188371919953073f,0f,0f,0f,1f], start_interpolation: 0, interpolation_duration: 1 }
$data merge entity $(bone_magnet_right1) { transformation: [-0.9928168463261079f,-0.045984955274436724f,0.11045403360443427f,-0.33746646424445415f,-0.08444854040887467f,0.923304241830436f,-0.3746701496526437f,0.4317257019943265f,-0.08475348767981235f,-0.3813065183108359f,-0.9205553679273052f,-0.0211883719199531f,0f,0f,0f,1f], start_interpolation: 0, interpolation_duration: 1 }
$data merge entity $(bone_body1) { transformation: [-0.9928168463261079f,-0.08475348767981225f,0.08444854040887477f,-0.08661370617293304f,-0.08444854040887467f,0.9964019501818069f,0.007183153673892087f,0.4217002761533637f,-0.08475348767981235f,-9.945627871371469e-18f,-0.9964019501818069f,-1.060711980269718e-17f,0f,0f,0f,1f], start_interpolation: 0, interpolation_duration: 1 }