# This file was generated by Animated Java via MC-Build. It is not recommended to edit this file directly.
$data merge entity $(bone_pupil1) { transformation: [-0.9928584043007932f,-0.08290008894456262f,0.08578906843104395f,-0.11373562496764308f,-0.08259234415041396f,0.9965578634745619f,0.007136486163089957f,0.4489090518769397f,-0.08608538608278593f,-9.718651988504747e-18f,-0.9962877627989705f,0.25529873921723617f,0f,0f,0f,1f], start_interpolation: 0, interpolation_duration: 1 }
$data merge entity $(bone_pupil_closed1) { transformation: [-0.9928584043007932f,-0.08290008894456262f,0.08578906843104395f,-0.11277049794779384f,-0.08259234415041396f,0.9965578634745619f,0.007136486163089957f,0.4489893373462745f,-0.08608538608278593f,-9.718651988504747e-18f,-0.9962877627989705f,0.24409050188574777f,0f,0f,0f,1f], start_interpolation: 0, interpolation_duration: 1 }
$data merge entity $(bone_eye1) { transformation: [-0.9928584043007932f,-0.08290008894456262f,0.08578906843104395f,-0.11325306145771846f,-0.08259234415041396f,0.9965578634745619f,0.007136486163089957f,0.4489491946116071f,-0.08608538608278593f,-9.718651988504747e-18f,-0.9962877627989705f,0.24969462055149197f,0f,0f,0f,1f], start_interpolation: 0, interpolation_duration: 1 }
$data merge entity $(bone_nail_head1) { transformation: [-0.8536648713190057f,-0.08290008894456262f,-0.5141827133703439f,-0.11247719841832872f,-0.07101333134280226f,0.9965578634745619f,-0.042773023257817205f,0.699877242324872f,0.5159587137044038f,-9.718651988504747e-18f,-0.8566134517695231f,-1.3652511357602182e-17f,0f,0f,0f,1f], start_interpolation: 0, interpolation_duration: 1 }
$data merge entity $(bone_nail_left_rotation1) { transformation: [-0.7085863447390875f,-0.6172882594930862f,-0.3418487922185707f,0.07299186162635526f,-0.6487602446305502f,0.7604613545632559f,-0.028437179936249835f,0.2762946146648311f,0.2775167328940866f,0.201627708680663f,-0.9393246137816138f,0.2638678664327215f,0f,0f,0f,1f], start_interpolation: 0, interpolation_duration: 1 }
$data merge entity $(bone_nail_right_rotation1) { transformation: [-0.8044381225131688f,0.42879832118415134f,0.41110984760419156f,-0.26830321485204245f,0.514486050448167f,0.8488727122835623f,0.12132280179172672f,0.24790349636312628f,-0.296956917652602f,0.3091069686856023f,-0.9034763256268886f,0.23427601496676378f,0f,0f,0f,1f], start_interpolation: 0, interpolation_duration: 1 }
$data merge entity $(bone_magnet_left1) { transformation: [-0.9928584043007932f,-0.1174931300230235f,0.020677364596960332f,0.15646242489301024f,-0.08259234415041396f,0.802037526109049f,0.591535553792514f,0.471385862493835f,-0.08608538608278593f,0.5856032540127056f,-0.806013731392157f,0.021521346520696472f,0f,0f,0f,1f], start_interpolation: 0, interpolation_duration: 1 }
$data merge entity $(bone_magnet_right1) { transformation: [-0.9928584043007932f,-0.016642031559667113f,0.11813226398765826f,-0.33996677725738633f,-0.08259234415041396f,0.8104269687487563f,-0.5799884766203911f,0.430089690418628f,-0.08608538608278593f,-0.5856032540127056f,-0.806013731392157f,-0.021521346520696493f,0f,0f,0f,1f], start_interpolation: 0, interpolation_duration: 1 }
$data merge entity $(bone_body1) { transformation: [-0.9928584043007932f,-0.08290008894456262f,0.08578906843104395f,-0.08916154840267049f,-0.08259234415041396f,0.9965578634745619f,0.007136486163089957f,0.41959534322265146f,-0.08608538608278593f,-9.718651988504747e-18f,-0.9962877627989705f,-1.0919140485835221e-17f,0f,0f,0f,1f], start_interpolation: 0, interpolation_duration: 1 }