# This file was generated by Animated Java via MC-Build. It is not recommended to edit this file directly.
$data merge entity $(bone_pupil1) { transformation: [-0.9972427713944392f,-0.03338922238250435f,0.06627227723739429f,-0.0979606996497319f,-0.03331573670301307f,0.9994424244691095f,0.0022140142826633903f,0.4202234759950668f,-0.06630924965247223f,-4.305840866172413e-18f,-0.9977991197683661f,0.2556860244406438f,0f,0f,0f,1f], start_interpolation: 0, interpolation_duration: 1 }
$data merge entity $(bone_pupil_closed1) { transformation: [-0.9972427713944392f,-0.03338922238250435f,0.06627227723739429f,-0.09721513653081122f,-0.03331573670301307f,0.9994424244691095f,0.0022140142826633903f,0.4202483836557468f,-0.06630924965247223f,-4.305840866172413e-18f,-0.9977991197683661f,0.2444607843432497f,0f,0f,0f,1f], start_interpolation: 0, interpolation_duration: 1 }
$data merge entity $(bone_eye1) { transformation: [-0.9972427713944392f,-0.03338922238250435f,0.06627227723739429f,-0.09758791809027156f,-0.03331573670301307f,0.9994424244691095f,0.0022140142826633903f,0.4202359298254068f,-0.06630924965247223f,-4.305840866172413e-18f,-0.9977991197683661f,0.25007340439194675f,0f,0f,0f,1f], start_interpolation: 0, interpolation_duration: 1 }
$data merge entity $(bone_nail_head1) { transformation: [0.9993682676870506f,-0.03338922238250435f,0.012174784140805861f,-0.08932573420327572f,0.033386744963869f,0.9994424244691095f,0.000406733359705327f,0.6706514232722767f,-0.012181576289672646f,-4.305840866172413e-18f,0.9999258018468664f,-1.1000233819555195e-17f,0f,0f,0f,1f], start_interpolation: 0, interpolation_duration: 1 }
$data merge entity $(bone_nail_left_rotation1) { transformation: [0.9263245955883238f,0.1063957952317181f,-0.36138992565529343f,0.08011508261314063f,0.109449379944449f,-0.9939190458052001f,-0.01207326034905001f,0.23856800124220584f,-0.36047687420679814f,-0.028370145270876095f,-0.9323366119698431f,0.2608466822261102f,0f,0f,0f,1f], start_interpolation: 0, interpolation_duration: 1 }
$data merge entity $(bone_nail_right_rotation1) { transformation: [0.9171066657607626f,0.0032838985220099703f,0.3986283728332369f,-0.2626871200536979f,-0.03998859098771314f,-0.9941644208677947f,0.10018990403937732f,0.2271157167505451f,0.39663115889702155f,-0.10782541579377f,-0.9116234987652009f,0.23805287765807287f,0f,0f,0f,1f], start_interpolation: 0, interpolation_duration: 1 }
$data merge entity $(bone_magnet_left1) { transformation: [-0.9972427713944392f,0.038485957496859326f,-0.0634482937287388f,0.16833226424096018f,-0.03331573670301307f,-0.9961877674629718f,-0.08062253807140511f,0.42911975133075264f,-0.06630924965247223f,-0.07828641665505963f,0.9947232380807419f,0.016577312413118047f,0f,0f,0f,1f], start_interpolation: 0, interpolation_duration: 1 }
$data merge entity $(bone_magnet_right1) { transformation: [-0.9972427713944392f,0.028086631609118128f,-0.06868767011911282f,-0.33028912145625944f,-0.03331573670301307f,-0.9965351865800645f,0.07620815964036541f,0.41246188297924613f,-0.06630924965247223f,0.07828641665505963f,0.9947232380807419f,-0.016577312413118064f,0f,0f,0f,1f], start_interpolation: 0, interpolation_duration: 1 }
$data merge entity $(bone_body1) { transformation: [-0.9972427713944392f,-0.03338922238250435f,0.06627227723739429f,-0.07993501540819636f,-0.03331573670301307f,0.9994424244691095f,0.0022140142826633903f,0.3895582413903397f,-0.06630924965247223f,-4.305840866172413e-18f,-0.9977991197683661f,-9.789216075944203e-18f,0f,0f,0f,1f], start_interpolation: 0, interpolation_duration: 1 }