# This file was generated by Animated Java via MC-Build. It is not recommended to edit this file directly.
$data merge entity $(bone_pupil1) { transformation: [-0.9989372398487515f,-0.006846794247135184f,0.04557973510119765f,-0.0727795239708603f,-0.006839678066161337f,0.999976560429562f,0.0003120823831538272f,0.407367770503756f,-0.04558080349565181f,-8.113854116053238e-19f,-0.9989606550573905f,0.2559836678584563f,0f,0f,0f,1f], start_interpolation: 0, interpolation_duration: 1 }
$data merge entity $(bone_pupil_closed1) { transformation: [-0.9989372398487515f,-0.006846794247135184f,0.04557973510119765f,-0.07226675195097182f,-0.006839678066161337f,0.999976560429562f,0.0003120823831538272f,0.4073712814305665f,-0.04558080349565181f,-8.113854116053238e-19f,-0.9989606550573905f,0.24474536048906068f,0f,0f,0f,1f], start_interpolation: 0, interpolation_duration: 1 }
$data merge entity $(bone_eye1) { transformation: [-0.9989372398487515f,-0.006846794247135184f,0.04557973510119765f,-0.07252313796091606f,-0.006839678066161337f,0.999976560429562f,0.0003120823831538272f,0.40736952596716125f,-0.04558080349565181f,-8.113854116053238e-19f,-0.9989606550573905f,0.2503645141737585f,0f,0f,0f,1f], start_interpolation: 0, interpolation_duration: 1 }
$data merge entity $(bone_nail_head1) { transformation: [0.5608063868901976f,-0.006846794247135184f,0.8279186661935453f,-0.06281141541296219f,0.0038398159471528352f,0.999976560429562f,0.005668721633189816f,0.6574418817218297f,-0.8279380727063188f,-8.113854116053238e-19f,0.560819532259127f,-7.684556587014598e-18f,0f,0f,0f,1f], start_interpolation: 0, interpolation_duration: 1 }
$data merge entity $(bone_nail_left_rotation1) { transformation: [0.4772682021032217f,0.7919348692457069f,-0.3808598510396483f,0.10048146139386423f,0.8559279841188588f,-0.5170884699407181f,-0.0026077301611378235f,0.22104968560572932f,-0.19900339008013032f,-0.32474401784659845f,-0.9246291005638225f,0.2575743643651628f,0f,0f,0f,1f], start_interpolation: 0, interpolation_duration: 1 }
$data merge entity $(bone_nail_right_rotation1) { transformation: [0.5224713519025853f,-0.7622306871523126f,0.38213618777132075f,-0.24290321480414412f,-0.8418690931160017f,-0.5322184154836632f,0.08944265356137106f,0.21869854627048638f,0.13520398106980983f,-0.36843986996981204f,-0.9197673323833058f,0.24190596316353247f,0f,0f,0f,1f], start_interpolation: 0, interpolation_duration: 1 }
$data merge entity $(bone_magnet_left1) { transformation: [-0.9989372398487515f,0.042440552994934426f,-0.017977494398333557f,0.1886345931110095f,-0.006839678066161337f,-0.5222202235995858f,-0.8527832414321647f,0.4091576611309795f,-0.04558080349565181f,-0.8517539771113971f,0.5219555084752032f,0.011395200873912945f,0f,0f,0f,1f], start_interpolation: 0, interpolation_duration: 1 }
$data merge entity $(bone_magnet_right1) { transformation: [-0.9989372398487515f,-0.03528567266086715f,-0.029653197942685443f,-0.3108340268133663f,-0.006839678066161337f,-0.5227524115485144f,0.8524571162376225f,0.4057378220978988f,-0.04558080349565181f,0.8517539771113971f,0.5219555084752032f,-0.011395200873912959f,0f,0f,0f,1f], start_interpolation: 0, interpolation_duration: 1 }
$data merge entity $(bone_body1) { transformation: [-0.9989372398487515f,-0.006846794247135184f,0.04557973510119765f,-0.06088575453095542f,-0.006839678066161337f,0.999976560429562f,0.0003120823831538272f,0.37619847410101537f,-0.04558080349565181f,-8.113854116053238e-19f,-0.9989606550573905f,-7.456354440000601e-18f,0f,0f,0f,1f], start_interpolation: 0, interpolation_duration: 1 }