# This file was generated by Animated Java via MC-Build. It is not recommended to edit this file directly.
$data merge entity $(bone_pupil1) { transformation: [-0.9992153039408515f,-1.92367069372179e-16f,0.03960778168986417f,-0.06525436146044696f,-1.922161196909327e-16f,1f,7.619232888012198e-18f,0.40397034322265124f,-0.03960778168986417f,-2.278779959904469e-32f,-0.9992153039408515f,0.25604892163484316f,0f,0f,0f,1f], start_interpolation: 0, interpolation_duration: 1 }
$data merge entity $(bone_pupil_closed1) { transformation: [-0.9992153039408515f,-1.92367069372179e-16f,0.03960778168986417f,-0.06480877391643598f,-1.922161196909327e-16f,1f,7.619232888012198e-18f,0.40397034322265124f,-0.03960778168986417f,-2.278779959904469e-32f,-0.9992153039408515f,0.24480774946550862f,0f,0f,0f,1f], start_interpolation: 0, interpolation_duration: 1 }
$data merge entity $(bone_eye1) { transformation: [-0.9992153039408515f,-1.92367069372179e-16f,0.03960778168986417f,-0.06503156768844147f,-1.922161196909327e-16f,1f,7.619232888012198e-18f,0.40397034322265124f,-0.03960778168986417f,-2.278779959904469e-32f,-0.9992153039408515f,0.2504283355501759f,0f,0f,0f,1f], start_interpolation: 0, interpolation_duration: 1 }
$data merge entity $(bone_nail_head1) { transformation: [0.3464437488294155f,-1.92367069372179e-16f,0.9380707483431199f,-0.05510486740241931f,6.664436866462591e-17f,1f,1.8045392072253283e-16f,0.6539703432226512f,-0.9380707483431199f,-2.278779959904469e-32f,0.3464437488294155f,-6.748399948181213e-18f,0f,0f,0f,1f], start_interpolation: 0, interpolation_duration: 1 }
$data merge entity $(bone_nail_left_rotation1) { transformation: [0.2850173695824628f,0.8771932661728687f,-0.38638979388341577f,0.1067333175399486f,0.951056516295146f,-0.3090169943749704f,-7.432867228467302e-17f,0.21647034322265127f,-0.11940101276301751f,-0.3674785313027609f,-0.9223355827369621f,0.25661141346315824f,0f,0f,0f,1f], start_interpolation: 0, interpolation_duration: 1 }
$data merge entity $(bone_nail_right_rotation1) { transformation: [0.3238989367489354f,-0.8676312381412511f,0.3772340299792541f,-0.23674694318971912f,-0.9450901054729565f,-0.3150654847023696f,0.08682414921193797f,0.2164703432226512f,0.04352207842032749f,-0.3846423987949594f,-0.9220390738679323f,0.24299623850726745f,0f,0f,0f,1f], start_interpolation: 0, interpolation_duration: 1 }
$data merge entity $(bone_magnet_left1) { transformation: [-0.9992153039408515f,0.03766923887214095f,-0.012239477651661635f,0.1946989585827936f,-1.922161196909327e-16f,-0.30901699437497054f,-0.951056516295146f,0.4039703432226513f,-0.03960778168986417f,-0.9503102259947817f,0.30877450995727457f,0.009901945422466035f,0f,0f,0f,1f], start_interpolation: 0, interpolation_duration: 1 }
$data merge entity $(bone_magnet_right1) { transformation: [-0.9992153039408515f,-0.037669238872140826f,-0.012239477651661999f,-0.3049086933876321f,-1.922161196909327e-16f,-0.30901699437497054f,0.951056516295146f,0.4039703432226512f,-0.03960778168986417f,0.9503102259947817f,0.30877450995727457f,-0.009901945422466049f,0f,0f,0f,1f], start_interpolation: 0, interpolation_duration: 1 }
$data merge entity $(bone_body1) { transformation: [-0.9992153039408515f,-1.92367069372179e-16f,0.03960778168986417f,-0.05510486740241925f,-1.922161196909327e-16f,1f,7.619232888012198e-18f,0.37272034322265124f,-0.03960778168986417f,-2.278779959904469e-32f,-0.9992153039408515f,-6.7483999481812065e-18f,0f,0f,0f,1f], start_interpolation: 0, interpolation_duration: 1 }