# This file was generated by Animated Java via MC-Build. It is not recommended to edit this file directly.
$data merge entity $(bone_pupil1) { transformation: [-0.9995850410175001f,0.02037054202763934f,0.02036631511939957f,-0.04045886059520965f,0.020366315119399077f,0.9997924989804136f,-0.00041495898249982834f,0.3933895665214156f,-0.020370542027639833f,2.4675668547923777e-18f,-0.9997924989804136f,0.25619682786373094f,0f,0f,0f,1f], start_interpolation: 0, interpolation_duration: 1 }
$data merge entity $(bone_pupil_closed1) { transformation: [-0.9995850410175001f,0.02037054202763934f,0.02036631511939957f,-0.040229739550116404f,0.020366315119399077f,0.9997924989804136f,-0.00041495898249982834f,0.39338489823286243f,-0.020370542027639833f,2.4675668547923777e-18f,-0.9997924989804136f,0.2449491622502013f,0f,0f,0f,1f], start_interpolation: 0, interpolation_duration: 1 }
$data merge entity $(bone_eye1) { transformation: [-0.9995850410175001f,0.02037054202763934f,0.02036631511939957f,-0.04034430007266303f,0.020366315119399077f,0.9997924989804136f,-0.00041495898249982834f,0.393387232377139f,-0.020370542027639833f,2.4675668547923777e-18f,-0.9997924989804136f,0.2505729950569661f,0f,0f,0f,1f], start_interpolation: 0, interpolation_duration: 1 }
$data merge entity $(bone_nail_head1) { transformation: [-0.3637086127458919f,0.02037054202763934f,0.9312900117750424f,-0.030147356838953678f,0.007410479263757449f,0.9997924989804136f,-0.018974819619201694f,0.6432313580272533f,-0.9314832955085883f,2.4675668547923777e-18f,-0.3637840983172021f,-3.699609702083058e-18f,0f,0f,0f,1f], start_interpolation: 0, interpolation_duration: 1 }
$data merge entity $(bone_nail_left_rotation1) { transformation: [-0.33115895199861406f,0.8527192247918463f,-0.4039847425108676f,0.12765263116898706f,0.9308185656622266f,0.3653888981276028f,0.008231096136683365f,0.2024254190578007f,0.15463035384326904f,-0.3733106974029658f,-0.9147286903092177f,0.25344931165610396f,0f,0f,0f,1f], start_interpolation: 0, interpolation_duration: 1 }
$data merge entity $(bone_nail_right_rotation1) { transformation: [-0.34003944476325265f,-0.8683145448493753f,0.3611135932198079f,-0.21595472668077859f,-0.9165342123502886f,0.3919786242665149f,0.07948456271230613f,0.20942633988009413f,-0.2105664113683259f,-0.3039450761587566f,-0.9291281811904709f,0.2464469378341028f,0f,0f,0f,1f], start_interpolation: 0, interpolation_duration: 1 }
$data merge entity $(bone_magnet_left1) { transformation: [-0.9995850410175001f,0.02661149063376281f,-0.011026075470975978f,0.2146562679085115f,0.020366315119399077f,0.3822206530519362f,-0.9238466244940275f,0.3881916545023002f,-0.020370542027639833f,-0.9236878265663138f,-0.3826040251626995f,0.005092635506909954f,0f,0f,0f,1f], start_interpolation: 0, interpolation_duration: 1 }
$data merge entity $(bone_magnet_right1) { transformation: [-0.9995850410175001f,-0.011020552749213961f,0.026613778220017856f,-0.2851362526002385f,0.020366315119399077f,0.38298739727346276f,0.9235290286386f,0.3983748120619997f,-0.020370542027639833f,0.9236878265663138f,-0.3826040251626995f,-0.005092635506909963f,0f,0f,0f,1f], start_interpolation: 0, interpolation_duration: 1 }
$data merge entity $(bone_body1) { transformation: [-0.9995850410175001f,0.02037054202763934f,0.02036631511939957f,-0.03587657178422724f,0.020366315119399077f,0.9997924989804136f,-0.00041495898249982834f,0.36203971768901205f,-0.020370542027639833f,2.4675668547923777e-18f,-0.9997924989804136f,-4.393612879993414e-18f,0f,0f,0f,1f], start_interpolation: 0, interpolation_duration: 1 }