# This file was generated by Animated Java via MC-Build. It is not recommended to edit this file directly.
$data merge entity $(bone_pupil1) { transformation: [-0.9995432711842243f,0.02696355168039698f,0.013646095086829164f,-0.03162454409863988f,0.02696103921560961f,0.9996364173442155f,-0.0003680810179833884f,0.38974868990038714f,-0.013651058374887374f,3.30208272590424e-18f,-0.9999068199613629f,0.2562261226150992f,0f,0f,0f,1f], start_interpolation: 0, interpolation_duration: 1 }
$data merge entity $(bone_pupil_closed1) { transformation: [-0.9995432711842243f,0.02696355168039698f,0.013646095086829164f,-0.03147102552891305f,0.02696103921560961f,0.9996364173442155f,-0.0003680810179833884f,0.38974454898893485f,-0.013651058374887374f,3.30208272590424e-18f,-0.9999068199613629f,0.2449771708905339f,0f,0f,0f,1f], start_interpolation: 0, interpolation_duration: 1 }
$data merge entity $(bone_eye1) { transformation: [-0.9995432711842243f,0.02696355168039698f,0.013646095086829164f,-0.031547784813776465f,0.02696103921560961f,0.9996364173442155f,-0.0003680810179833884f,0.389746619444661f,-0.013651058374887374f,3.30208272590424e-18f,-0.9999068199613629f,0.25060164675281654f,0f,0f,0f,1f], start_interpolation: 0, interpolation_duration: 1 }
$data merge entity $(bone_nail_head1) { transformation: [-0.5764768709981579f,0.02696355168039698f,0.8166684664445858f,-0.02138684431254066f,0.01554951743855886f,0.9996364173442155f,-0.022028291505457084f,0.6395634734755828f,-0.8169655009310988f,3.30208272590424e-18f,-0.5766865442234619f,-2.6191330431215694e-18f,0f,0f,0f,1f], start_interpolation: 0, interpolation_duration: 1 }
$data merge entity $(bone_nail_left_rotation1) { transformation: [-0.5140468835791476f,0.7533979708988398f,-0.4100576775626536f,0.13520157779036696f,0.8231768168997523f,0.5676773648121594f,0.011060632835165042f,0.19768063252680143f,0.24111352015463172f,-0.3318642899220004f,-0.9119925238033525f,0.2523229806485245f,0f,0f,0f,1f], start_interpolation: 0, interpolation_duration: 1 }
$data merge entity $(bone_nail_right_rotation1) { transformation: [-0.5404509401994508f,-0.7626387544161711f,0.3553799537116302f,-0.20839142167921015f,-0.7961203362391143f,0.6001847773723091f,0.07726993747293598f,0.20694848975716726f,-0.2722226872691716f,-0.24116459788514286f,-0.931522648819044f,0.24763042933215695f,0f,0f,0f,1f], start_interpolation: 0, interpolation_duration: 1 }
$data merge entity $(bone_magnet_left1) { transformation: [-0.9995432711842243f,0.026888700859264477f,-0.013792998094729498f,0.22175808556341614f,0.02696103921560961f,0.5872737599705544f,-0.80893920242158f,0.38291410933562653f,-0.013651058374887374f,-0.8089416101401563f,-0.5877304824399503f,0.00341276459372184f,0f,0f,0f,1f], start_interpolation: 0, interpolation_duration: 1 }
$data merge entity $(bone_magnet_right1) { transformation: [-0.9995432711842243f,0.004808855195061867f,0.02983494498156731f,-0.27801355002869593f,0.02696103921560961f,0.5878693275682652f,0.8085064972335412f,0.3963946289434313f,-0.013651058374887374f,0.8089416101401563f,-0.5877304824399503f,-0.003412764593721847f,0f,0f,0f,1f], start_interpolation: 0, interpolation_duration: 1 }
$data merge entity $(bone_body1) { transformation: [-0.9995432711842243f,0.02696355168039698f,0.013646095086829164f,-0.02897034322265231f,0.02696103921560961f,0.9996364173442155f,-0.0003680810179833884f,0.35841573109752217f,-0.013651058374887374f,3.30208272590424e-18f,-0.9999068199613629f,-3.547843809782137e-18f,0f,0f,0f,1f], start_interpolation: 0, interpolation_duration: 1 }