# This file was generated by Animated Java via MC-Build. It is not recommended to edit this file directly.
$data merge entity $(bone_pupil1) { transformation: [-0.9989372398487515f,0.04558080349565135f,-0.006839678066161448f,-0.00417847261079174f,0.04557973510119719f,0.9989606550573905f,0.0003120823831538357f,0.3785681570872726f,0.006846794247135296f,5.6091435646635285e-18f,-0.999976560429562f,0.2562439936100752f,0f,0f,0f,1f], start_interpolation: 0, interpolation_duration: 1 }
$data merge entity $(bone_pupil_closed1) { transformation: [-0.9989372398487515f,0.04558080349565135f,-0.006839678066161448f,-0.004255418989036056f,0.04557973510119719f,0.9989606550573905f,0.0003120823831538357f,0.3785716680140831f,0.006846794247135296f,5.6091435646635285e-18f,-0.999976560429562f,0.24499425730524269f,0f,0f,0f,1f], start_interpolation: 0, interpolation_duration: 1 }
$data merge entity $(bone_eye1) { transformation: [-0.9989372398487515f,0.04558080349565135f,-0.006839678066161448f,-0.004216945799913898f,0.04557973510119719f,0.9989606550573905f,0.0003120823831538357f,0.37856991255067785f,0.006846794247135296f,5.6091435646635285e-18f,-0.999976560429562f,0.25061912545765896f,0f,0f,0f,1f], start_interpolation: 0, interpolation_duration: 1 }
$data merge entity $(bone_nail_head1) { transformation: [-0.9729332155288165f,0.04558080349565135f,0.2265465702089708f,0.005464060758667227f,0.044393217577586616f,0.9989606550573905f,-0.010336918323090145f,0.6283882919623034f,-0.22678227521979394f,5.6091435646635285e-18f,-0.9739454808387037f,6.767777483701363e-19f,0f,0f,0f,1f], start_interpolation: 0, interpolation_duration: 1 }
$data merge entity $(bone_nail_left_rotation1) { transformation: [-0.8668785225374118f,0.25499511081838644f,-0.4283679733851174f,0.1589247168448643f,0.27324237652843947f,0.9617466248497202f,0.01954567111311878f,0.1834309678083883f,0.41696550316836084f,-0.10010456057987821f,-0.9033929632882166f,0.24881734734616412f,0f,0f,0f,1f], start_interpolation: 0, interpolation_duration: 1 }
$data merge entity $(bone_nail_right_rotation1) { transformation: [-0.9173716984358555f,-0.21082828945590296f,0.33761012910458105f,-0.18445995935314402f,-0.1983349271887005f,0.9775221666636927f,0.07150993174498599f,0.19909900174942485f,-0.34509770147882285f,-0.0013586928341949578f,-0.9385657837295239f,0.25117093286861686f,0f,0f,0f,1f], start_interpolation: 0, interpolation_duration: 1 }
$data merge entity $(bone_magnet_left1) { transformation: [-0.9989372398487515f,0.04272471113191625f,-0.017291324473626184f,0.24380316984694225f,0.04557973510119719f,0.9714321468240531f,-0.23289927407554561f,0.36725319442265647f,0.006846794247135296f,-0.23343989199686016f,-0.9723471284644346f,-0.001711698561783825f,0f,0f,0f,1f], start_interpolation: 0, interpolation_duration: 1 }
$data merge entity $(bone_magnet_right1) { transformation: [-0.9989372398487515f,0.04591809340154094f,0.0039899300401479145f,-0.2556654500774335f,0.04557973510119719f,0.9712864384530763f,0.23350619311967524f,0.39004306197325506f,0.006846794247135296f,0.23343989199686016f,-0.9723471284644346f,0.0017116985617838232f,0f,0f,0f,1f], start_interpolation: 0, interpolation_duration: 1 }
$data merge entity $(bone_body1) { transformation: [-0.9989372398487515f,0.04558080349565135f,-0.006839678066161448f,-0.007355540224484715f,0.04557973510119719f,0.9989606550573905f,0.0003120823831538357f,0.3474306077274123f,0.006846794247135296f,5.6091435646635285e-18f,-0.999976560429562f,-9.00793879191481e-19f,0f,0f,0f,1f], start_interpolation: 0, interpolation_duration: 1 }