# This file was generated by Animated Java via MC-Build. It is not recommended to edit this file directly.
$data merge entity $(bone_pupil1) { transformation: [-0.9992153039408513f,-2.1374118819131003e-17f,0.039607781689864896f,-0.06525436146044725f,-2.1357346632325854e-17f,1f,8.465814320013709e-19f,0.40397034322265135f,-0.039607781689864896f,-2.617574619644399e-33f,-0.9992153039408513f,0.2560489216348431f,0f,0f,0f,1f], start_interpolation: 0, interpolation_duration: 1 }
$data merge entity $(bone_pupil_closed1) { transformation: [-0.9992153039408513f,-2.1374118819131003e-17f,0.039607781689864896f,-0.06480877391643627f,-2.1357346632325854e-17f,1f,8.465814320013709e-19f,0.40397034322265135f,-0.039607781689864896f,-2.617574619644399e-33f,-0.9992153039408513f,0.24480774946550857f,0f,0f,0f,1f], start_interpolation: 0, interpolation_duration: 1 }
$data merge entity $(bone_eye1) { transformation: [-0.9992153039408513f,-2.1374118819131003e-17f,0.039607781689864896f,-0.06503156768844176f,-2.1357346632325854e-17f,1f,8.465814320013709e-19f,0.40397034322265135f,-0.039607781689864896f,-2.617574619644399e-33f,-0.9992153039408513f,0.25042833555017585f,0f,0f,0f,1f], start_interpolation: 0, interpolation_duration: 1 }
$data merge entity $(bone_nail_head1) { transformation: [0.3464437488293942f,-2.1374118819131003e-17f,0.938070748343128f,-0.055104867402419384f,7.404929851624646e-18f,1f,2.0050435635837154e-17f,0.6539703432226514f,-0.938070748343128f,-2.617574619644399e-33f,0.3464437488293942f,-6.748399948181222e-18f,0f,0f,0f,1f], start_interpolation: 0, interpolation_duration: 1 }
$data merge entity $(bone_nail_left_rotation1) { transformation: [0.2850173695824426f,0.8771932661728757f,-0.3863897938834151f,0.10673331753994822f,0.9510565162951535f,-0.30901699437494834f,-8.258741364963653e-18f,0.21647034322265135f,-0.11940101276300873f,-0.3674785313027632f,-0.9223355827369624f,0.25661141346315836f,0f,0f,0f,1f], start_interpolation: 0, interpolation_duration: 1 }
$data merge entity $(bone_nail_right_rotation1) { transformation: [0.32389893674891496f,-0.8676312381412588f,0.37723402997925476f,-0.23674694318971942f,-0.9450901054729642f,-0.31506548470234746f,0.0868241492119379f,0.21647034322265135f,0.043522078420318716f,-0.38464239879496104f,-0.922039073867932f,0.24299623850726731f,0f,0f,0f,1f], start_interpolation: 0, interpolation_duration: 1 }
$data merge entity $(bone_magnet_left1) { transformation: [-0.9992153039408513f,0.03766923887214189f,-0.012239477651661142f,0.19469895858279346f,-2.1357346632325854e-17f,-0.30901699437494834f,-0.9510565162951535f,0.40397034322265135f,-0.039607781689864896f,-0.9503102259947891f,0.30877450995725236f,0.009901945422466217f,0f,0f,0f,1f], start_interpolation: 0, interpolation_duration: 1 }
$data merge entity $(bone_magnet_right1) { transformation: [-0.9992153039408513f,-0.03766923887214187f,-0.012239477651661184f,-0.30490869338763216f,-2.1357346632325854e-17f,-0.30901699437494834f,0.9510565162951535f,0.40397034322265135f,-0.039607781689864896f,0.9503102259947891f,0.30877450995725236f,-0.009901945422466231f,0f,0f,0f,1f], start_interpolation: 0, interpolation_duration: 1 }
$data merge entity $(bone_body1) { transformation: [-0.9992153039408513f,-2.1374118819131003e-17f,0.039607781689864896f,-0.05510486740241938f,-2.1357346632325854e-17f,1f,8.465814320013709e-19f,0.37272034322265135f,-0.039607781689864896f,-2.617574619644399e-33f,-0.9992153039408513f,-6.748399948181221e-18f,0f,0f,0f,1f], start_interpolation: 0, interpolation_duration: 1 }