# This file was generated by Animated Java via MC-Build. It is not recommended to edit this file directly.
$data merge entity $(bone_pupil1) { transformation: [-0.9985916968022414f,0.0512714497186148f,-0.01363310387887078f,0.005095715672667143f,0.05126667224294905f,0.9986847542862319f,0.0006999095530738877f,0.3747795467484697f,0.01365105837488675f,6.278941678554608e-18f,-0.9999068199613629f,0.2562261226150992f,0f,0f,0f,1f], start_interpolation: 0, interpolation_duration: 1 }
$data merge entity $(bone_pupil_closed1) { transformation: [-0.9985916968022414f,0.0512714497186148f,-0.01363310387887078f,0.004942343254029848f,0.05126667224294905f,0.9986847542862319f,0.0006999095530738877f,0.37478742073094173f,0.01365105837488675f,6.278941678554608e-18f,-0.9999068199613629f,0.2449771708905339f,0f,0f,0f,1f], start_interpolation: 0, interpolation_duration: 1 }
$data merge entity $(bone_eye1) { transformation: [-0.9985916968022414f,0.0512714497186148f,-0.01363310387887078f,0.005019029463348495f,0.05126667224294905f,0.9986847542862319f,0.0006999095530738877f,0.3747834837397057f,0.01365105837488675f,6.278941678554608e-18f,-0.9999068199613629f,0.25060164675281654f,0f,0f,0f,1f], start_interpolation: 0, interpolation_duration: 1 }
$data merge entity $(bone_nail_head1) { transformation: [-0.9985916968022411f,0.0512714497186148f,-0.013633103878885463f,0.014420095233360207f,0.05126667224294904f,0.9986847542862319f,0.0006999095530746414f,0.6246300871430028f,0.013651058374901453f,6.278941678554608e-18f,-0.9999068199613627f,1.765952347093458e-18f,0f,0f,0f,1f], start_interpolation: 0, interpolation_duration: 1 }
$data merge entity $(bone_nail_left_rotation1) { transformation: [-0.8992698322185947f,0.05127144971860158f,-0.43437887529815894f,0.16703005983906918f,0.04616758971052992f,0.9986847542862326f,0.0223005653867175f,0.17871907046275104f,0.43495094266119344f,6.401445012808886e-15f,-0.9004541506807213f,0.24763042933215706f,0f,0f,0f,1f], start_interpolation: 0, interpolation_duration: 1 }
$data merge entity $(bone_nail_right_rotation1) { transformation: [-0.9432856341030985f,0.015371414552509606f,0.33162619334028864f,-0.1762358359367013f,0.04082113330072806f,0.9967175061295834f,0.06991314648096077f,0.19634198904626476f,-0.32946296843615036f,0.07948542375479282f,-0.9408167833535714f,0.2523229806485244f,0f,0f,0f,1f], start_interpolation: 0, interpolation_duration: 1 }
$data merge entity $(bone_magnet_left1) { transformation: [-0.9985916968022414f,0.051271449718615004f,-0.013633103878870026f,0.25125015700426684f,0.05126667224294905f,0.9986847542862319f,0.0006999095530885715f,0.3621422305107076f,0.01365105837488675f,1.470809825533344e-14f,-0.9999068199613629f,-0.0034127645937216873f,0f,0f,0f,1f], start_interpolation: 0, interpolation_duration: 1 }
$data merge entity $(bone_magnet_right1) { transformation: [-0.9985916968022414f,0.0512714497186146f,-0.013633103878871535f,-0.24804569139685384f,0.05126667224294905f,0.9986847542862319f,0.0006999095530592038f,0.38777556663218216f,0.01365105837488675f,-1.4695540371976333e-14f,-0.9999068199613629f,0.003412764593721688f,0f,0f,0f,1f], start_interpolation: 0, interpolation_duration: 1 }
$data merge entity $(bone_body1) { transformation: [-0.9985916968022414f,0.0512714497186148f,-0.01363310387887078f,-2.0665914735611586e-16f,0.05126667224294905f,0.9986847542862319f,0.0006999095530738877f,0.3437500000000001f,0.01365105837488675f,6.278941678554608e-18f,-0.9999068199613629f,-2.530844633241885e-32f,0f,0f,0f,1f], start_interpolation: 0, interpolation_duration: 1 }