# This file was generated by Animated Java via MC-Build. It is not recommended to edit this file directly.
$data merge entity $(bone_pupil1) { transformation: [-0.9977338544974275f,0.06166755464178211f,-0.026912233170233245f,0.02348910192994948f,0.06164513338848972f,0.9980967451627637f,0.0016627762965874691f,0.3671588966358504f,0.026963551680398032f,7.552097340330296e-18f,-0.9996364173442155f,0.2561568319444552f,0f,0f,0f,1f], start_interpolation: 0, interpolation_duration: 1 }
$data merge entity $(bone_pupil_closed1) { transformation: [-0.9977338544974275f,0.06166755464178211f,-0.026912233170233245f,0.02318633930678436f,0.06164513338848972f,0.9980967451627637f,0.0016627762965874691f,0.36717760286918705f,0.026963551680398032f,7.552097340330296e-18f,-0.9996364173442155f,0.2449109222493328f,0f,0f,0f,1f], start_interpolation: 0, interpolation_duration: 1 }
$data merge entity $(bone_eye1) { transformation: [-0.9977338544974275f,0.06166755464178211f,-0.026912233170233245f,0.02333772061836692f,0.06164513338848972f,0.9980967451627637f,0.0016627762965874691f,0.3671682497525187f,0.026963551680398032f,7.552097340330296e-18f,-0.9996364173442155f,0.250533877096894f,0f,0f,0f,1f], start_interpolation: 0, interpolation_duration: 1 }
$data merge entity $(bone_nail_head1) { transformation: [-0.876769475574756f,0.06166755464178211f,-0.4769406665455043f,0.03200973084052274f,0.054171331391763826f,0.9980967451627637f,0.02946784944207646f,0.6171091693525419f,0.4778501371304719f,7.552097340330296e-18f,-0.878441373367847f,3.9200614415414495e-18f,0f,0f,0f,1f], start_interpolation: 0, interpolation_duration: 1 }
$data merge entity $(bone_nail_left_rotation1) { transformation: [-0.8235587104917609f,-0.35041300756314f,-0.44605131375627916f,0.18324374021904677f,-0.4039725105944764f,0.9143558897495823f,0.02755934622311426f,0.16943089196853922f,0.3981924924670774f,0.20288920870959257f,-0.8945829799029557f,0.24527474389098547f,0f,0f,0f,1f], start_interpolation: 0, interpolation_duration: 1 }
$data merge entity $(bone_nail_right_rotation1) { transformation: [-0.8317053518860587f,0.4538628976472301f,0.31980412408745995f,-0.15972727226444394f,0.4977312262586998f,0.8647217339455571f,0.06723056781851793f,0.19062140657083254f,-0.2460281163832673f,0.21509252190964084f,-0.9450954306139947f,0.2545434647811223f,0f,0f,0f,1f], start_interpolation: 0, interpolation_duration: 1 }
$data merge entity $(bone_magnet_left1) { transformation: [-0.9977338544974275f,0.06716409170263195f,0.004017508614381781f,0.2660263058044341f,0.06164513338848972f,0.8885558270693562f,0.45460798465337987f,0.3521736997147285f,0.026963551680398032f,0.453825436667947f,-0.8906825696699839f,-0.006740887920099506f,0f,0f,0f,1f], start_interpolation: 0, interpolation_duration: 1 }
$data merge entity $(bone_magnet_right1) { transformation: [-0.9977338544974275f,0.04272829533050934f,-0.05197545928469473f,-0.23284062144427967f,0.06164513338848972f,0.8900655963530418f,-0.4516448955963294f,0.3829962664089734f,0.026963551680398032f,-0.453825436667947f,-0.8906825696699839f,0.00674088792009951f,0f,0f,0f,1f], start_interpolation: 0, interpolation_duration: 1 }
$data merge entity $(bone_body1) { transformation: [-0.9977338544974275f,0.06166755464178211f,-0.026912233170233245f,0.014665731097521522f,0.06164513338848972f,0.9980967451627637f,0.0016627762965874691f,0.3363944597755146f,0.026963551680398032f,7.552097340330296e-18f,-0.9996364173442155f,1.7960340645735532e-18f,0f,0f,0f,1f], start_interpolation: 0, interpolation_duration: 1 }