# This file was generated by Animated Java via MC-Build. It is not recommended to edit this file directly.
$data merge entity $(bone_pupil1) { transformation: [-0.9961966150349949f,0.0743382524789599f,-0.045454685250175694f,0.04984740526955188f,0.07426098939220346f,0.9972330841976585f,0.003388397278453588f,0.3557555393895612f,0.04558080349565123f,9.103810295256603e-18f,-0.9989606550573905f,0.2559836678584563f,0f,0f,0f,1f], start_interpolation: 0, interpolation_duration: 1 }
$data merge entity $(bone_pupil_closed1) { transformation: [-0.9961966150349949f,0.0743382524789599f,-0.045454685250175694f,0.049336040060487404f,0.07426098939220346f,0.9972330841976585f,0.003388397278453588f,0.3557936588589438f,0.04558080349565123f,9.103810295256603e-18f,-0.9989606550573905f,0.24474536048906068f,0f,0f,0f,1f], start_interpolation: 0, interpolation_duration: 1 }
$data merge entity $(bone_eye1) { transformation: [-0.9961966150349949f,0.0743382524789599f,-0.045454685250175694f,0.04959172266501964f,0.07426098939220346f,0.9972330841976585f,0.003388397278453588f,0.3557745991242525f,0.04558080349565123f,9.103810295256603e-18f,-0.9989606550573905f,0.2503645141737585f,0f,0f,0f,1f], start_interpolation: 0, interpolation_duration: 1 }
$data merge entity $(bone_nail_head1) { transformation: [-0.33923328659269913f,0.0743382524789599f,-0.9377604179564683f,0.056784205293934326f,0.025287979417855974f,0.9972330841976585f,0.06990489166422961f,0.6059320872415797f,0.940362321323264f,9.103810295256603e-18f,-0.3401745208499929f,6.954059525534287e-18f,0f,0f,0f,1f], start_interpolation: 0, interpolation_duration: 1 }
$data merge entity $(bone_nail_left_rotation1) { transformation: [-0.4068380994542367f,-0.7879388422672272f,-0.4622068169975925f,0.20684618435607305f,-0.8961153749476599f,0.44248173867451956f,0.03445498109111383f,0.1560319060337056f,0.17736965810103877f,0.4282082341410024f,-0.8861025406796692f,0.24190596316353258f,0f,0f,0f,1f], start_interpolation: 0, interpolation_duration: 1 }
$data merge entity $(bone_nail_right_rotation1) { transformation: [-0.3265193836081469f,0.895300901034082f,0.3030204427686632f,-0.13559640206220647f,0.9443427523230316f,0.3225826125199748f,0.06447654018904415f,0.18155912113727551f,-0.04002322154846341f,0.30720799909401564f,-0.9508003928425428f,0.2575743643651627f,0f,0f,0f,1f], start_interpolation: 0, interpolation_duration: 1 }
$data merge entity $(bone_magnet_left1) { transformation: [-0.9961966150349949f,0.0704426709740512f,0.05128483497935517f,0.2872487959329431f,0.07426098939220346f,0.3784941086352076f,0.9226199191340553f,0.3380585688441141f,0.04558080349565123f,0.9229193029915894f,-0.38228569227504394f,-0.011395200873912804f,0f,0f,0f,1f], start_interpolation: 0, interpolation_duration: 1 }
$data merge entity $(bone_magnet_right1) { transformation: [-0.9961966150349949f,-0.013546635744708681f,-0.08607434491657957f,-0.2108495115845544f,0.07426098939220346f,0.384755050422368f,-0.9200265521325849f,0.3751890635402158f,0.04558080349565123f,-0.9229193029915894f,-0.38228569227504394f,0.011395200873912811f,0f,0f,0f,1f], start_interpolation: 0, interpolation_duration: 1 }
$data merge entity $(bone_body1) { transformation: [-0.9961966150349949f,0.0743382524789599f,-0.045454685250175694f,0.03587657178422686f,0.07426098939220346f,0.9972330841976585f,0.003388397278453588f,0.3254602823109881f,0.04558080349565123f,9.103810295256603e-18f,-0.9989606550573905f,4.393612879993367e-18f,0f,0f,0f,1f], start_interpolation: 0, interpolation_duration: 1 }