# This file was generated by Animated Java via MC-Build. It is not recommended to edit this file directly.
$data merge entity $(bone_pupil1) { transformation: [-0.9951512853715266f,0.08053638228446953f,-0.056460697409154256f,0.06596905609960545f,0.08040707307819871f,0.9967516697395243f,0.00456195906025389f,0.34828194549531954f,0.05664469809607525f,9.862862277958322e-18f,-0.9983944001133042f,0.2558385650290342f,0f,0f,0f,1f], start_interpolation: 0, interpolation_duration: 1 }
$data merge entity $(bone_pupil_closed1) { transformation: [-0.9951512853715266f,0.08053638228446953f,-0.056460697409154256f,0.06533387325375246f,0.08040707307819871f,0.9967516697395243f,0.00456195906025389f,0.34833326753474736f,0.05664469809607525f,9.862862277958322e-18f,-0.9983944001133042f,0.2446066280277595f,0f,0f,0f,1f], start_interpolation: 0, interpolation_duration: 1 }
$data merge entity $(bone_eye1) { transformation: [-0.9951512853715266f,0.08053638228446953f,-0.056460697409154256f,0.06565146467667896f,0.08040707307819871f,0.9967516697395243f,0.00456195906025389f,0.34830760651503345f,0.05664469809607525f,9.862862277958322e-18f,-0.9983944001133042f,0.25022259652839685f,0f,0f,0f,1f], start_interpolation: 0, interpolation_duration: 1 }
$data merge entity $(bone_nail_head1) { transformation: [0.13436531788450579f,0.08053638228446953f,-0.987653710810791f,0.07163509795962705f,-0.010856562306786718f,0.9967516697395243f,0.07980127772378759f,0.5986388649393907f,0.9908723915846454f,9.862862277958322e-18f,0.13480320320869765f,8.772769342286437e-18f,0f,0f,0f,1f], start_interpolation: 0, interpolation_duration: 1 }
$data merge entity $(bone_nail_left_rotation1) { transformation: [-0.011396946637886776f,-0.8816641077469526f,-0.47173987611617385f,0.22155723223569135f,-0.9992453437696293f,-0.007477346992350267f,0.03811603647641623f,0.14759955397796987f,-0.037132904034678775f,0.4718182811133179f,-0.8809135355102823f,0.2398627925430631f,0f,0f,0f,1f], start_interpolation: 0, interpolation_duration: 1 }
$data merge entity $(bone_nail_right_rotation1) { transformation: [0.12281001903210959f,0.9482237571137403f,0.292898285536866f,-0.12052602211077096f,0.9870352878837262f,-0.14743319544372577f,0.06344125907910447f,0.17523948534860068f,0.10333943921670359f,0.28130972135060456f,-0.9540365826193576f,0.259334407513589f,0f,0f,0f,1f], start_interpolation: 0, interpolation_duration: 1 }
$data merge entity $(bone_magnet_left1) { transformation: [-0.9951512853715266f,0.049967836194614944f,0.08471797075843132f,0.3002888237313913f,0.08040707307819871f,-0.08275213073593692f,0.9933210898081545f,0.32934917923495993f,0.05664469809607525f,0.9953166833750405f,0.07833312181264038f,-0.014161174524018806f,0f,0f,0f,1f], start_interpolation: 0, interpolation_duration: 1 }
$data merge entity $(bone_magnet_right1) { transformation: [-0.9951512853715266f,-0.06260545964907899f,-0.07585826023265918f,-0.19728681895437197f,0.08040707307819871f,-0.07365633861004094f,-0.9940369441733844f,0.3695527157740593f,0.05664469809607525f,-0.9953166833750405f,0.07833312181264035f,0.014161174524018822f,0f,0f,0f,1f], start_interpolation: 0, interpolation_duration: 1 }
$data merge entity $(bone_body1) { transformation: [-0.9951512853715266f,0.08053638228446953f,-0.056460697409154256f,0.04898424044211999f,0.08040707307819871f,0.9967516697395243f,0.00456195906025389f,0.31830245782514943f,0.05664469809607525f,9.862862277958322e-18f,-0.9983944001133042f,5.998839326610658e-18f,0f,0f,0f,1f], start_interpolation: 0, interpolation_duration: 1 }