# This file was generated by Animated Java via MC-Build. It is not recommended to edit this file directly.
$data merge entity $(bone_pupil1) { transformation: [-0.9946611599003181f,0.0829000889445621f,-0.06145528649951506f,0.07344341234743777f,0.08274230894927104f,0.996557863474562f,0.005112245764797381f,0.3446120770336994f,0.06166755464178198f,9.718651988504684e-18f,-0.9980967451627637f,0.25576229094795816f,0f,0f,0f,1f], start_interpolation: 0, interpolation_duration: 1 }
$data merge entity $(bone_pupil_closed1) { transformation: [-0.9946611599003181f,0.0829000889445621f,-0.06145528649951506f,0.07275204037431822f,0.08274230894927104f,0.996557863474562f,0.005112245764797381f,0.3446695897985534f,0.06166755464178198f,9.718651988504684e-18f,-0.9980967451627637f,0.2445337025648771f,0f,0f,0f,1f], start_interpolation: 0, interpolation_duration: 1 }
$data merge entity $(bone_eye1) { transformation: [-0.9946611599003181f,0.0829000889445621f,-0.06145528649951506f,0.073097726360878f,0.08274230894927104f,0.996557863474562f,0.005112245764797381f,0.3446408334161264f,0.06166755464178198f,9.718651988504684e-18f,-0.9980967451627637f,0.25014799675641763f,0f,0f,0f,1f], start_interpolation: 0, interpolation_duration: 1 }
$data merge entity $(bone_nail_head1) { transformation: [0.36581465274004166f,0.0829000889445621f,-0.9269882497063628f,0.07842051741807755f,-0.03043081426665965f,0.996557863474562f,0.07711284127876736f,0.5950615558795692f,0.9301900909941745f,9.718651988504684e-18f,0.36707818597166625f,9.481770819948175e-18f,0f,0f,0f,1f], start_interpolation: 0, interpolation_duration: 1 }
$data merge entity $(bone_nail_left_rotation1) { transformation: [0.1917007904851255f,-0.858264690104944f,-0.47605937512713914f,0.22847293698757756f,-0.9702883939983044f,-0.23868837319483882f,0.03960167892643384f,0.14356809481759303f,-0.14761856048467958f,0.45432321338521264f,-0.8785210176084379f,0.23892507533663465f,0f,0f,0f,1f], start_interpolation: 0, interpolation_duration: 1 }
$data merge entity $(bone_nail_right_rotation1) { transformation: [0.343798644126569f,0.8937048772219234f,0.2882604459971561f,-0.1134418367281568f,0.9244660019724622f,-0.3759991488349898f,0.06314468522698159f,0.17201076351890493f,0.16481839549572186f,0.24477792487295452f,-0.9554677723508554f,0.2601232972447472f,0f,0f,0f,1f], start_interpolation: 0, interpolation_duration: 1 }
$data merge entity $(bone_magnet_left1) { transformation: [-0.9946611599003181f,0.032829914367085294f,0.09783339771470492f,0.3063607851570166f,0.08274230894927104f,-0.3128153503391381f,0.9462030791019154f,0.32523651277361093f,0.06166755464178198f,0.9492464133800306f,0.308428856285612f,-0.015416888660445488f,0f,0f,0f,1f], start_interpolation: 0, interpolation_duration: 1 }
$data merge entity $(bone_magnet_right1) { transformation: [-0.9946611599003181f,-0.08406498700521356f,-0.05985194186964244f,-0.19096979479314247f,0.08274230894927104f,-0.3030912810441124f,-0.9493626207434027f,0.36660766724824645f,0.06166755464178198f,-0.9492464133800306f,0.308428856285612f,0.015416888660445504f,0f,0f,0f,1f], start_interpolation: 0, interpolation_duration: 1 }
$data merge entity $(bone_body1) { transformation: [-0.9946611599003181f,0.0829000889445621f,-0.06145528649951506f,0.05510486740241946f,0.08274230894927104f,0.996557863474562f,0.005112245764797381f,0.31477965677734865f,0.06166755464178198f,9.718651988504684e-18f,-0.9980967451627637f,6.748399948181232e-18f,0f,0f,0f,1f], start_interpolation: 0, interpolation_duration: 1 }