# This file was generated by Animated Java via MC-Build. It is not recommended to edit this file directly.
$data merge entity $(bone_pupil1) { transformation: [-0.9931847990746521f,0.08715574274765817f,-0.07738107903839914f,0.0983978616871052f,0.08689241070530468f,0.9961946980917455f,0.006769967187263444f,0.33058467087304844f,0.07767666218925476f,1.023981926932877e-17f,-0.9969786036576394f,0.25547576718727005f,0f,0f,0f,1f], start_interpolation: 0, interpolation_duration: 1 }
$data merge entity $(bone_pupil_closed1) { transformation: [-0.9931847990746521f,0.08715574274765817f,-0.07738107903839914f,0.09752732454792322f,0.08689241070530468f,0.9961946980917455f,0.006769967187263444f,0.33066083300390514f,0.07767666218925476f,1.023981926932877e-17f,-0.9969786036576394f,0.24425975789612164f,0f,0f,0f,1f], start_interpolation: 0, interpolation_duration: 1 }
$data merge entity $(bone_eye1) { transformation: [-0.9931847990746521f,0.08715574274765817f,-0.07738107903839914f,0.09796259311751421f,0.08689241070530468f,0.9961946980917455f,0.006769967187263444f,0.3306227519384768f,0.07767666218925476f,1.023981926932877e-17f,-0.9969786036576394f,0.24986776254169585f,0f,0f,0f,1f], start_interpolation: 0, interpolation_duration: 1 }
$data merge entity $(bone_nail_head1) { transformation: [0.9684869435111741f,0.08715574274765817f,-0.23331720201152684f,0.10035789587042995f,-0.0847316283300997f,0.9961946980917455f,0.020412610181596503f,0.5813681494877211f,0.23420843581927922f,1.023981926932877e-17f,0.9721864062982399f,1.2168324850283924e-17f,0f,0f,0f,1f], start_interpolation: 0, interpolation_duration: 1 }
$data merge entity $(bone_nail_left_rotation1) { transformation: [0.7980408838770474f,-0.35094017269537214f,-0.4898691078740149f,0.2522761655188851f,-0.38001691946105465f,-0.9239861109952643f,0.042857993550534275f,0.12890584418579232f,-0.4676728435392322f,0.15195611825915306f,-0.870741896051602f,0.23589397460063166f,0f,0f,0f,1f], start_interpolation: 0, interpolation_duration: 1 }
$data merge entity $(bone_nail_right_rotation1) { transformation: [0.9307142314594153f,0.24315353226119635f,0.2732167255272144f,-0.08913110916302655f,0.23484203943449505f,-0.969973373708832f,0.06325243718746167f,0.15877511036574082f,0.2803930025395728f,0.0052928295655623875f,-0.9598706944594323f,0.262595327228188f,0f,0f,0f,1f], start_interpolation: 0, interpolation_duration: 1 }
$data merge entity $(bone_magnet_left1) { transformation: [-0.9931847990746521f,-0.05897796860676682f,0.10052638512381798f,0.32686515995217846f,0.08689241070530468f,-0.9495294940310594f,0.3014024700080295f,0.31059637228845854f,0.07767666218925476f,0.30808333155842704f,0.9481829976154375f,-0.01941916554731368f,0f,0f,0f,1f], start_interpolation: 0, interpolation_duration: 1 }
$data merge entity $(bone_magnet_right1) { transformation: [-0.9931847990746521f,-0.10680210553864128f,0.04666117379102109f,-0.16972723958514757f,0.08689241070530468f,-0.9453454242066089f,-0.31427971282513195f,0.35404257764111086f,0.07767666218925476f,-0.30808333155842704f,0.9481829976154375f,0.0194191655473137f,0f,0f,0f,1f], start_interpolation: 0, interpolation_duration: 1 }
$data merge entity $(bone_body1) { transformation: [-0.9931847990746521f,0.08715574274765817f,-0.07738107903839914f,0.0758453432226511f,0.08689241070530468f,0.9961946980917455f,0.006769967187263444f,0.30118839064941766f,0.07767666218925476f,1.023981926932877e-17f,-0.9969786036576394f,9.288375680785207e-18f,0f,0f,0f,1f], start_interpolation: 0, interpolation_duration: 1 }