# This file was generated by Animated Java via MC-Build. It is not recommended to edit this file directly.
$data merge entity $(bone_pupil1) { transformation: [-0.9929820626794456f,0.08053638228446958f,-0.08660550978663818f,0.11586910386649793f,0.0802318023931391f,0.9967516697395243f,0.006997625041291162f,0.3150652905147323f,0.08688774989388313f,9.429181408964125e-18f,-0.9962181081060402f,0.25528089020217276f,0f,0f,0f,1f], start_interpolation: 0, interpolation_duration: 1 }
$data merge entity $(bone_pupil_closed1) { transformation: [-0.9929820626794456f,0.08053638228446958f,-0.08660550978663818f,0.11489479188139826f,0.0802318023931391f,0.9967516697395243f,0.006997625041291162f,0.31514401379644685f,0.08688774989388313f,9.429181408964125e-18f,-0.9962181081060402f,0.24407343648597984f,0f,0f,0f,1f], start_interpolation: 0, interpolation_duration: 1 }
$data merge entity $(bone_eye1) { transformation: [-0.9929820626794456f,0.08053638228446958f,-0.08660550978663818f,0.11538194787394809f,0.0802318023931391f,0.9967516697395243f,0.006997625041291162f,0.3151046521555896f,0.08688774989388313f,9.429181408964125e-18f,-0.9962181081060402f,0.2496771633440763f,0f,0f,0f,1f], start_interpolation: 0, interpolation_duration: 1 }
$data merge entity $(bone_nail_head1) { transformation: [0.5790349163384559f,0.08053638228446958f,0.8113152635008459f,0.11381053755478929f,-0.0467853516518073f,0.9967516697395243f,-0.06555333509659869f,0.5660463493664443f,-0.8139592720349919f,9.429181408964125e-18f,0.5809219426637849f,1.3815798308166615e-17f,0f,0f,0f,1f], start_interpolation: 0, interpolation_duration: 1 }
$data merge entity $(bone_nail_left_rotation1) { transformation: [0.6219389188659304f,0.6041894850079256f,-0.4981436011891905f,0.2708960397750231f,0.7126321195511784f,-0.7003823568707667f,0.04024942692939657f,0.11442824655875877f,-0.32457270893264023f,-0.3800258154257519f,-0.8661598791367098f,0.2341206950134989f,0f,0f,0f,1f], start_interpolation: 0, interpolation_duration: 1 }
$data merge entity $(bone_nail_right_rotation1) { transformation: [0.5871624052443971f,-0.7652305574621499f,0.26393655259130355f,-0.0704415442710363f,-0.8024736992520868f,-0.5930504010260365f,0.06578133361013994f,0.14200792863140033f,0.10618979177061108f,-0.25042646778850014f,-0.9622942961249897f,0.2639883590395212f,0f,0f,0f,1f], start_interpolation: 0, interpolation_duration: 1 }
$data merge entity $(bone_magnet_left1) { transformation: [-0.9929820626794456f,-0.11815954258981388f,-0.004994566231382315f,0.3419219576535333f,0.0802318023931391f,-0.6420173907557573f,-0.762480509817738f,0.2968004813332784f,0.08688774989388313f,-0.7575301924426082f,0.646991906020657f,-0.02172193747347077f,0f,0f,0f,1f], start_interpolation: 0, interpolation_duration: 1 }
$data merge entity $(bone_magnet_right1) { transformation: [-0.9929820626794456f,0.013551150001368986f,0.11748612484252813f,-0.1545690736861895f,0.0802318023931391f,-0.6526594624086172f,0.7533913219657119f,0.33691638252984796f,0.08688774989388313f,0.7575301924426082f,0.646991906020657f,0.021721937473470797f,0f,0f,0f,1f], start_interpolation: 0, interpolation_duration: 1 }
$data merge entity $(bone_body1) { transformation: [-0.9929820626794456f,0.08053638228446958f,-0.08660550978663818f,0.09115968003728223f,0.0802318023931391f,0.9967516697395243f,0.006997625041291162f,0.28570994225220303f,0.08688774989388313f,9.429181408964125e-18f,-0.9962181081060402f,1.1163841036895455e-17f,0f,0f,0f,1f], start_interpolation: 0, interpolation_duration: 1 }