# This file was generated by Animated Java via MC-Build. It is not recommended to edit this file directly.
$data merge entity $(bone_pupil1) { transformation: [-0.993461656480143f,0.07433825247895995f,-0.08664733880567174f,0.11798745099640169f,0.07405711324449862f,0.9972330841976585f,0.006459083488940209f,0.30962082384342227f,0.08688774989388301f,9.53749116425081e-18f,-0.9962181081060402f,0.25528089020217276f,0f,0f,0f,1f], start_interpolation: 0, interpolation_duration: 1 }
$data merge entity $(bone_pupil_closed1) { transformation: [-0.993461656480143f,0.07433825247895995f,-0.08664733880567174f,0.11701266843483789f,0.07405711324449862f,0.9972330841976585f,0.006459083488940209f,0.30969348853267287f,0.08688774989388301f,9.53749116425081e-18f,-0.9962181081060402f,0.24407343648597984f,0f,0f,0f,1f], start_interpolation: 0, interpolation_duration: 1 }
$data merge entity $(bone_eye1) { transformation: [-0.993461656480143f,0.07433825247895995f,-0.08664733880567174f,0.11750005971561979f,0.07405711324449862f,0.9972330841976585f,0.006459083488940209f,0.30965715618804757f,0.08688774989388301f,9.53749116425081e-18f,-0.9962181081060402f,0.2496771633440763f,0f,0f,0f,1f], start_interpolation: 0, interpolation_duration: 1 }
$data merge entity $(bone_nail_head1) { transformation: [0.1476657519367482f,0.07433825247895995f,0.9862396513643776f,0.11436863354718829f,-0.011007671249496656f,0.9972330841976585f,-0.07351875240568626f,0.5605842350368779f,-0.9889760648663939f,9.53749116425081e-18f,0.14807546427880022f,1.4128090844046693e-17f,0f,0f,0f,1f], start_interpolation: 0, interpolation_duration: 1 }
$data merge entity $(bone_nail_left_rotation1) { transformation: [0.27392581562323975f,0.8225435188852549f,-0.4983841962532571f,0.27425870499658583f,0.954648185104415f,-0.2954091839770248f,0.0371518061320705f,0.10995142348926898f,-0.11666829137340398f,-0.4859584072344983f,-0.8661598791367099f,0.2341206950134989f,0f,0f,0f,1f], start_interpolation: 0, interpolation_duration: 1 }
$data merge entity $(bone_nail_right_rotation1) { transformation: [0.1818735787363615f,-0.947353097185513f,0.26352250494150325f,-0.06724373941846329f,-0.9831368821007763f,-0.16998909970494697f,0.06742089464450833f,0.1354085561670654f,-0.019075439989494562f,-0.2713407732621798f,-0.9622942961249897f,0.26398835903952117f,0f,0f,0f,1f], start_interpolation: 0, interpolation_duration: 1 }
$data merge entity $(bone_magnet_left1) { transformation: [-0.993461656480143f,-0.1016071863355041f,-0.05205686111083352f,0.34414948454748406f,0.07405711324449862f,-0.22651882169167878f,-0.9711872977944599f,0.2927616856763386f,0.08688774989388301f,-0.9686925224777961f,0.23256249872664864f,-0.02172193747347074f,0f,0f,0f,1f], start_interpolation: 0, interpolation_duration: 1 }
$data merge entity $(bone_magnet_right1) { transformation: [-0.993461656480143f,0.06689934553877931f,0.0925117001801041f,-0.1525813436925874f,0.07405711324449862f,-0.2390800586876443f,0.9681716116039573f,0.3297902422985879f,0.08688774989388301f,0.9686925224777961f,0.23256249872664864f,0.021721937473470766f,0f,0f,0f,1f], start_interpolation: 0, interpolation_duration: 1 }
$data merge entity $(bone_body1) { transformation: [-0.993461656480143f,0.07433825247895995f,-0.08664733880567174f,0.09346100003748081f,0.07405711324449862f,0.9972330841976585f,0.006459083488940209f,0.2801124301062864f,0.08688774989388301f,9.53749116425081e-18f,-0.9962181081060402f,1.1445671454101153e-17f,0f,0f,0f,1f], start_interpolation: 0, interpolation_duration: 1 }