# This file was generated by Animated Java via MC-Build. It is not recommended to edit this file directly.
$data merge entity $(bone_pupil1) { transformation: [-0.9995432711842243f,0.013651058374887039f,0.02696103921561038f,-0.04904378007536747f,0.01364609508682883f,0.9999068199613629f,-0.00036808101798339155f,0.39697691174614197f,-0.02696355168039775f,1.6717724943779081e-18f,-0.9996364173442155f,0.2561568319444552f,0f,0f,0f,1f], start_interpolation: 0, interpolation_duration: 1 }
$data merge entity $(bone_pupil_closed1) { transformation: [-0.9995432711842243f,0.013651058374887039f,0.02696103921561038f,-0.048740468384191854f,0.01364609508682883f,0.9999068199613629f,-0.00036808101798339155f,0.3969727708346897f,-0.02696355168039775f,1.6717724943779081e-18f,-0.9996364173442155f,0.2449109222493328f,0f,0f,0f,1f], start_interpolation: 0, interpolation_duration: 1 }
$data merge entity $(bone_eye1) { transformation: [-0.9995432711842243f,0.013651058374887039f,0.02696103921561038f,-0.04889212422977966f,0.01364609508682883f,0.9999068199613629f,-0.00036808101798339155f,0.3969748412904158f,-0.02696355168039775f,1.6717724943779081e-18f,-0.9996364173442155f,0.250533877096894f,0f,0f,0f,1f], start_interpolation: 0, interpolation_duration: 1 }
$data merge entity $(bone_nail_head1) { transformation: [-0.1297339128286784f,0.013651058374887039f,0.9914548706156051f,-0.03872224918264555f,0.0017711702549395854f,0.9999068199613629f,-0.013535669569053126f,0.6468592959756245f,-0.9915472630278845f,1.6717724943779081e-18f,-0.12974600256621055f,-4.742107851731309e-18f,0f,0f,0f,1f], start_interpolation: 0, interpolation_duration: 1 }
$data merge entity $(bone_nail_left_rotation1) { transformation: [-0.13001247852636277f,0.9081302353079148f,-0.3979902400147812f,0.12036165270922733f,0.9895553553352087f,0.14405094885902153f,0.005433494292285174f,0.20714665990397535f,0.06226519216095611f,-0.393126951317773f,-0.9173735585860062f,0.2545434647811222f,0f,0f,0f,1f], start_interpolation: 0, interpolation_duration: 1 }
$data merge entity $(bone_nail_right_rotation1) { transformation: [-0.12044836156754805f,-0.922513091347334f,0.3666903168730783f,-0.22323134676034978f,-0.9835655878375436f,0.16094480377082318f,0.08182606284649523f,0.21183750509007276f,-0.1345025152831001f,-0.35080816186622077f,-0.9267376688958763f,0.2452747438909855f,0f,0f,0f,1f], start_interpolation: 0, interpolation_duration: 1 }
$data merge entity $(bone_magnet_left1) { transformation: [-0.9995432711842243f,0.028764600097695048f,-0.009265355447036883f,0.20775080401968876f,0.01364609508682883f,0.1560563391408762f,-0.9876538883145395f,0.3934710672135765f,-0.02696355168039775f,-0.9873292342451769f,-0.15637758818197384f,0.006740887920099433f,0f,0f,0f,1f], start_interpolation: 0, interpolation_duration: 1 }
$data merge entity $(bone_magnet_right1) { transformation: [-0.9995432711842243f,-0.024493608069478257f,0.017700626940282196f,-0.2920208315724234f,0.01364609508682883f,0.15678343780058934f,0.9875387272002601f,0.40029411475699095f,-0.02696355168039775f,0.9873292342451769f,-0.15637758818197384f,-0.006740887920099442f,0f,0f,0f,1f], start_interpolation: 0, interpolation_duration: 1 }
$data merge entity $(bone_body1) { transformation: [-0.9995432711842243f,0.013651058374887039f,0.02696103921561038f,-0.04256160935058253f,0.01364609508682883f,0.9999068199613629f,-0.00036808101798339155f,0.36563550286149116f,-0.02696355168039775f,1.6717724943779081e-18f,-0.9996364173442155f,-5.212293865775095e-18f,0f,0f,0f,1f], start_interpolation: 0, interpolation_duration: 1 }