# This file was generated by Animated Java via MC-Build. It is not recommended to edit this file directly.
$data merge entity $(bone_pupil1) { transformation: [-0.9951512853715266f,0.056644698096075446f,-0.08040707307819861f,0.11353413932907298f,0.05646069740915445f,0.9983944001133042f,0.004561959060253897f,0.30015736072428095f,0.08053638228446944f,6.936974821202697e-18f,-0.9967516697395243f,0.2554176153707531f,0f,0f,0f,1f], start_interpolation: 0, interpolation_duration: 1 }
$data merge entity $(bone_pupil_closed1) { transformation: [-0.9951512853715266f,0.056644698096075446f,-0.08040707307819861f,0.11262955975694326f,0.05646069740915445f,0.9983944001133042f,0.004561959060253897f,0.30020868276370877f,0.08053638228446944f,6.936974821202697e-18f,-0.9967516697395243f,0.24420415908618345f,0f,0f,0f,1f], start_interpolation: 0, interpolation_duration: 1 }
$data merge entity $(bone_eye1) { transformation: [-0.9951512853715266f,0.056644698096075446f,-0.08040707307819861f,0.11308184954300812f,0.05646069740915445f,0.9983944001133042f,0.004561959060253897f,0.30018302174399486f,0.08053638228446944f,6.936974821202697e-18f,-0.9967516697395243f,0.24981088722846828f,0f,0f,0f,1f], start_interpolation: 0, interpolation_duration: 1 }
$data merge entity $(bone_nail_head1) { transformation: [-0.7074410781229107f,0.056644698096075446f,0.7044987573884698f,0.10709100137680345f,0.04013723062397654f,0.9983944001133042f,-0.039970295723615205f,0.550924962761797f,-0.7056317195975046f,6.936974821202697e-18f,-0.7085787721191402f,1.3114865205358716e-17f,0f,0f,0f,1f], start_interpolation: 0, interpolation_duration: 1 }
$data merge entity $(bone_nail_left_rotation1) { transformation: [-0.520603687349005f,0.6967683540401859f,-0.4934426628563337f,0.27345234140255126f,0.7911656998556655f,0.6109607738219011f,0.027995860816174972f,0.10328274057996456f,0.32098074099626944f,-0.37582016132596424f,-0.8693276541387671f,0.2353457267297379f,0f,0f,0f,1f], start_interpolation: 0, interpolation_duration: 1 }
$data merge entity $(bone_nail_right_rotation1) { transformation: [-0.6452532936382238f,-0.7152674373260709f,0.2684039495797691f,-0.06863091294391103f,-0.727062904399068f,0.6828129517546434f,0.07173566729948573f,0.12269110531436139f,-0.23457987998934543f,-0.14885887953731897f,-0.9606317264628929f,0.26303010814002425f,0f,0f,0f,1f], start_interpolation: 0, interpolation_duration: 1 }
$data merge entity $(bone_magnet_left1) { transformation: [-0.9951512853715266f,-0.024354229418351296f,-0.09529318303444699f,0.34171764819566625f,0.05646069740915445f,0.6518742355016092f,-0.7562223024595772f,0.28721118838118237f,0.08053638228446944f,-0.7579359158917268f,-0.647338426582185f,-0.020134095571117346f,0f,0f,0f,1f], start_interpolation: 0, interpolation_duration: 1 }
$data merge entity $(bone_magnet_right1) { transformation: [-0.9951512853715266f,0.09792980667184853f,-0.009147250330709941f,-0.15585799449009702f,0.05646069740915445f,0.6449363537331287f,0.7621478132760654f,0.3154415370857596f,0.08053638228446944f,0.7579359158917268f,-0.647338426582185f,0.020134095571117373f,0f,0f,0f,1f], start_interpolation: 0, interpolation_duration: 1 }
$data merge entity $(bone_body1) { transformation: [-0.9951512853715266f,0.056644698096075446f,-0.08040707307819861f,0.09115968003728224f,0.05646069740915445f,0.9983944001133042f,0.004561959060253897f,0.2701265377299302f,0.08053638228446944f,6.936974821202697e-18f,-0.9967516697395243f,1.1163841036895457e-17f,0f,0f,0f,1f], start_interpolation: 0, interpolation_duration: 1 }