# This file was generated by Animated Java via MC-Build. It is not recommended to edit this file directly.
$data merge entity $(bone_pupil1) { transformation: [-0.9967261101060692f,0.039607781689865416f,-0.07048606289495783f,0.10283165843730123f,0.039509112818799326f,0.9992153039408513f,0.002793989023497662f,0.29432450315268444f,0.07054141646646582f,4.850554306782083e-18f,-0.9975088513707057f,0.2556116431637433f,0f,0f,0f,1f], start_interpolation: 0, interpolation_duration: 1 }
$data merge entity $(bone_pupil_closed1) { transformation: [-0.9967261101060692f,0.039607781689865416f,-0.07048606289495783f,0.10203869022973296f,0.039509112818799326f,0.9992153039408513f,0.002793989023497662f,0.2943559355291988f,0.07054141646646582f,4.850554306782083e-18f,-0.9975088513707057f,0.2443896685858229f,0f,0f,0f,1f], start_interpolation: 0, interpolation_duration: 1 }
$data merge entity $(bone_eye1) { transformation: [-0.9967261101060692f,0.039607781689865416f,-0.07048606289495783f,0.10243517433351709f,0.039509112818799326f,0.9992153039408513f,0.002793989023497662f,0.2943402193409416f,0.07054141646646582f,4.850554306782083e-18f,-0.9975088513707057f,0.2500006558747831f,0f,0f,0f,1f], start_interpolation: 0, interpolation_duration: 1 }
$data merge entity $(bone_nail_head1) { transformation: [-0.9954812072602747f,0.039607781689865416f,0.08630405333026842f,0.09467155024293464f,0.039459766256605126f,0.9992153039408513f,-0.003420996545763591f,0.5448442888251686f,-0.086371828964078f,4.850554306782083e-18f,-0.9962629708874058f,1.1593921097532773e-17f,0f,0f,0f,1f], start_interpolation: 0, interpolation_duration: 1 }
$data merge entity $(bone_nail_left_rotation1) { transformation: [-0.8566010416840947f,0.17577377423936402f,-0.4851167237638513f,0.2662769616518386f,0.19051202613069163f,0.9814965077599687f,0.019229486591289015f,0.10019846732944054f,0.4795204096650135f,-0.07594857170898585f,-0.8742379488274702f,0.2372529068875026f,0f,0f,0f,1f], start_interpolation: 0, interpolation_duration: 1 }
$data merge entity $(bone_nail_right_rotation1) { transformation: [-0.9503760465513185f,-0.1421095122865655f,0.276749447441473f,-0.07634763869712263f,-0.12579826712936765f,0.9891464003605117f,0.07592229343934852f,0.11377972486090282f,-0.28453499983083697f,0.03734012816684987f,-0.9579381758233402f,0.2615015187978502f,0f,0f,0f,1f], start_interpolation: 0, interpolation_duration: 1 }
$data merge entity $(bone_magnet_left1) { transformation: [-0.9967261101060692f,0.028093694630152807f,-0.07581428463588978f,0.3339511323469856f,0.039509112818799326f,0.9873503816248247f,-0.15355212114973998f,0.2851631846352559f,0.07054141646646582f,-0.15604476353707214f,-0.985227862139294f,-0.017635354116616445f,0f,0f,0f,1f], start_interpolation: 0, interpolation_duration: 1 }
$data merge entity $(bone_magnet_right1) { transformation: [-0.9967261101060692f,0.05014659371368249f,-0.06342224035572104f,-0.16441192270604899f,0.039509112818799326f,0.9864762292683865f,0.15907130191425883f,0.3049177410446556f,0.07054141646646582f,0.15604476353707214f,-0.985227862139294f,0.017635354116616465f,0f,0f,0f,1f], start_interpolation: 0, interpolation_duration: 1 }
$data merge entity $(bone_body1) { transformation: [-0.9967261101060692f,0.039607781689865416f,-0.07048606289495783f,0.08353186164266f,0.039509112818799326f,0.9992153039408513f,0.002793989023497662f,0.26381498459180414f,0.07054141646646582f,4.850554306782083e-18f,-0.9975088513707057f,1.0229702698750313e-17f,0f,0f,0f,1f], start_interpolation: 0, interpolation_duration: 1 }