# This file was generated by Animated Java via MC-Build. It is not recommended to edit this file directly.
$data merge entity $(bone_pupil1) { transformation: [-0.9995850410175001f,0.020370542027639806f,0.020366315119399552f,-0.04045886059520954f,0.020366315119399542f,0.9997924989804136f,-0.00041495898249983745f,0.39338956652141555f,-0.020370542027639816f,2.4675668547924347e-18f,-0.9997924989804136f,0.25619682786373094f,0f,0f,0f,1f], start_interpolation: 0, interpolation_duration: 1 }
$data merge entity $(bone_pupil_closed1) { transformation: [-0.9995850410175001f,0.020370542027639806f,0.020366315119399552f,-0.04022973955011629f,0.020366315119399542f,0.9997924989804136f,-0.00041495898249983745f,0.3933848982328624f,-0.020370542027639816f,2.4675668547924347e-18f,-0.9997924989804136f,0.2449491622502013f,0f,0f,0f,1f], start_interpolation: 0, interpolation_duration: 1 }
$data merge entity $(bone_eye1) { transformation: [-0.9995850410175001f,0.020370542027639806f,0.020366315119399552f,-0.04034430007266292f,0.020366315119399542f,0.9997924989804136f,-0.00041495898249983745f,0.39338723237713896f,-0.020370542027639816f,2.4675668547924347e-18f,-0.9997924989804136f,0.2505729950569661f,0f,0f,0f,1f], start_interpolation: 0, interpolation_duration: 1 }
$data merge entity $(bone_nail_head1) { transformation: [-0.3637086127458874f,0.020370542027639806f,0.9312900117750442f,-0.03014735683895345f,0.007410479263757527f,0.9997924989804136f,-0.018974819619202162f,0.6432313580272533f,-0.9314832955085902f,2.4675668547924347e-18f,-0.36378409831719766f,-3.6996097020830296e-18f,0f,0f,0f,1f], start_interpolation: 0, interpolation_duration: 1 }
$data merge entity $(bone_nail_left_rotation1) { transformation: [-0.33115895199860956f,0.8527192247918481f,-0.4039847425108676f,0.12765263116898706f,0.9308185656622286f,0.36538889812759795f,0.008231096136683552f,0.20242541905780057f,0.15463035384326723f,-0.3733106974029666f,-0.9147286903092177f,0.25344931165610396f,0f,0f,0f,1f], start_interpolation: 0, interpolation_duration: 1 }
$data merge entity $(bone_nail_right_rotation1) { transformation: [-0.3400394447632489f,-0.8683145448493769f,0.3611135932198079f,-0.21595472668077859f,-0.9165342123502903f,0.3919786242665109f,0.07948456271230596f,0.20942633988009415f,-0.21056641136832444f,-0.3039450761587576f,-0.9291281811904709f,0.2464469378341028f,0f,0f,0f,1f], start_interpolation: 0, interpolation_duration: 1 }
$data merge entity $(bone_magnet_left1) { transformation: [-0.9995850410175001f,0.026611490633762922f,-0.01102607547097654f,0.21465626790851164f,0.020366315119399542f,0.3822206530519317f,-0.9238466244940294f,0.38819165450230003f,-0.020370542027639816f,-0.9236878265663157f,-0.38260402516269504f,0.00509263550690995f,0f,0f,0f,1f], start_interpolation: 0, interpolation_duration: 1 }
$data merge entity $(bone_magnet_right1) { transformation: [-0.9995850410175001f,-0.011020552749213899f,0.026613778220018224f,-0.28513625260023845f,0.020366315119399542f,0.3829873972734584f,0.9235290286386019f,0.3983748120619998f,-0.020370542027639816f,0.9236878265663157f,-0.38260402516269504f,-0.005092635506909958f,0f,0f,0f,1f], start_interpolation: 0, interpolation_duration: 1 }
$data merge entity $(bone_body1) { transformation: [-0.9995850410175001f,0.020370542027639806f,0.020366315119399552f,-0.035876571784227144f,0.020366315119399542f,0.9997924989804136f,-0.00041495898249983745f,0.362039717689012f,-0.020370542027639816f,2.4675668547924347e-18f,-0.9997924989804136f,-4.393612879993402e-18f,0f,0f,0f,1f], start_interpolation: 0, interpolation_duration: 1 }