# This file was generated by Animated Java via MC-Build. It is not recommended to edit this file directly.
$data merge entity $(bone_pupil1) { transformation: [-0.9994189979680024f,-0.006846794247133864f,-0.03338843975347463f,0.05732606580872501f,-0.00684297664219662f,0.999976560429562f,-0.00022860913572480605f,0.28482767018692384f,0.03338922238250453f,-8.384904659172999e-19f,-0.9994424244691095f,0.2561071212702093f,0f,0f,0f,1f], start_interpolation: 0, interpolation_duration: 1 }
$data merge entity $(bone_pupil_closed1) { transformation: [-0.9994189979680024f,-0.006846794247133864f,-0.03338843975347463f,0.05695044586149843f,-0.00684297664219662f,0.999976560429562f,-0.00022860913572480605f,0.284825098334147f,0.03338922238250453f,-8.384904659172999e-19f,-0.9994424244691095f,0.24486339399493184f,0f,0f,0f,1f], start_interpolation: 0, interpolation_duration: 1 }
$data merge entity $(bone_eye1) { transformation: [-0.9994189979680024f,-0.006846794247133864f,-0.03338843975347463f,0.05713825583511172f,-0.00684297664219662f,0.999976560429562f,-0.00022860913572480605f,0.2848263842605354f,0.03338922238250453f,-8.384904659172999e-19f,-0.9994424244691095f,0.25048525763257057f,0f,0f,0f,1f], start_interpolation: 0, interpolation_duration: 1 }
$data merge entity $(bone_nail_head1) { transformation: [-0.04512799649726449f,-0.006846794247133864f,-0.9989577495273161f,0.047058579560113674f,-0.0003089893493797663f,0.999976560429562f,-0.006839818495000817f,0.5347632292032849f,0.9989811652167045f,-8.384904659172999e-19f,-0.04512905430291163f,5.7630138830714276e-18f,0f,0f,0f,1f], start_interpolation: 0, interpolation_duration: 1 }
$data merge entity $(bone_nail_left_rotation1) { transformation: [-0.06313398549134412f,-0.8894591262327723f,-0.4526329226174469f,0.2301763022573538f,-0.9973729771359385f,0.07237084844090258f,-0.003099157133552454f,0.09850677290966023f,0.03551400223817766f,0.45124818343919876f,-0.891691556866975f,0.2441218335202844f,0f,0f,0f,1f], start_interpolation: 0, interpolation_duration: 1 }
$data merge entity $(bone_nail_right_rotation1) { transformation: [-0.11543557290656799f,0.9442379114934866f,0.30836568389843705f,-0.11337397829414703f,0.9917606501692795f,0.09220046057086233f,0.08893755026044112f,0.09615449968890513f,0.05554674863158106f,0.3160915082202293f,-0.94710121800551f,0.25559937871427035f,0f,0f,0f,1f], start_interpolation: 0, interpolation_duration: 1 }
$data merge entity $(bone_magnet_left1) { transformation: [-0.9994189979680024f,0.032748321051278284f,-0.009445314656293563f,0.29862502761389775f,-0.00684297664219662f,0.07868516109040714f,0.9968760299529982f,0.2864798332564435f,0.03338922238250453f,0.996361477021517f,-0.0784153488559005f,-0.008347305595626128f,0f,0f,0f,1f], start_interpolation: 0, interpolation_duration: 1 }
$data merge entity $(bone_magnet_right1) { transformation: [-0.9994189979680024f,-0.033822707621807876f,0.0042060610746504495f,-0.20108447137010343f,-0.00684297664219662f,0.07822935227029952f,-0.9969119028851263f,0.2830583449353452f,0.03338922238250453f,-0.996361477021517f,-0.0784153488559005f,0.008347305595626138f,0f,0f,0f,1f], start_interpolation: 0, interpolation_duration: 1 }
$data merge entity $(bone_body1) { transformation: [-0.9994189979680024f,-0.006846794247133864f,-0.03338843975347463f,0.048984240442120075f,-0.00684297664219662f,0.999976560429562f,-0.00022860913572480605f,0.25351982158247055f,0.03338922238250453f,-8.384904659172999e-19f,-0.9994424244691095f,5.998839326610668e-18f,0f,0f,0f,1f], start_interpolation: 0, interpolation_duration: 1 }