# This file was generated by Animated Java via MC-Build. It is not recommended to edit this file directly.
$data merge entity $(bone_pupil1) { transformation: [-0.9994189979680024f,0.03338922238250431f,0.006842976642197506f,-0.022595602426600962f,0.03338843975347441f,0.9994424244691095f,-0.00022860913572482922f,0.3860602878673614f,-0.00684679424713475f,4.075447904519238e-18f,-0.999976560429562f,0.2562439936100752f,0f,0f,0f,1f], start_interpolation: 0, interpolation_duration: 1 }
$data merge entity $(bone_pupil_closed1) { transformation: [-0.9994189979680024f,0.03338922238250431f,0.006842976642197506f,-0.02251861893937624f,0.03338843975347441f,0.9994424244691095f,-0.00022860913572482922f,0.38605771601458455f,-0.00684679424713475f,4.075447904519238e-18f,-0.999976560429562f,0.24499425730524269f,0f,0f,0f,1f], start_interpolation: 0, interpolation_duration: 1 }
$data merge entity $(bone_eye1) { transformation: [-0.9994189979680024f,0.03338922238250431f,0.006842976642197506f,-0.0225571106829886f,0.03338843975347441f,0.9994424244691095f,-0.00022860913572482922f,0.386059001940973f,-0.00684679424713475f,4.075447904519238e-18f,-0.999976560429562f,0.25061912545765896f,0f,0f,0f,1f], start_interpolation: 0, interpolation_duration: 1 }
$data merge entity $(bone_nail_head1) { transformation: [-0.7555200103638292f,0.03338922238250431f,0.6542741579556165f,-0.012494784066411775f,0.0252402990135922f,0.9994424244691095f,-0.021857892785279727f,0.6358623128936094f,-0.654639168737667f,4.075447904519238e-18f,-0.7559415048497179f,-1.5339813795594975e-18f,0f,0f,0f,1f], start_interpolation: 0, interpolation_duration: 1 }
$data merge entity $(bone_nail_left_rotation1) { transformation: [-0.6692759470650814f,0.6155253919252508f,-0.4161708766545353f,0.14296182725644366f,0.6721694369926812f,0.7402668060643517f,0.01390337413095229f,0.19292476638967673f,0.31663536544909193f,-0.27043214996473636f,-0.9091801238546574f,0.25117093286861675f,0f,0f,0f,1f], start_interpolation: 0, interpolation_duration: 1 }
$data merge entity $(bone_nail_right_rotation1) { transformation: [-0.70978115068669f,-0.6115899229363054f,0.34952608528211726f,-0.20058845329505717f,-0.6294047781940841f,0.7734308217646109f,0.07519567228886424f,0.20440204255493358f,-0.31632316278820566f,-0.1666209173761883f,-0.9339042384401003f,0.2488173473461642f,0f,0f,0f,1f], start_interpolation: 0, interpolation_duration: 1 }
$data merge entity $(bone_magnet_left1) { transformation: [-0.9994189979680024f,0.02983352171144654f,-0.01648112505039129f,0.22901265982996274f,0.03338843975347441f,0.7598335120830414f,-0.6492597677404468f,0.3776545968379634f,-0.00684679424713475f,-0.6494328255469098f,-0.7603881420108379f,0.0017116985617836849f,0f,0f,0f,1f], start_interpolation: 0, interpolation_duration: 1 }
$data merge entity $(bone_magnet_right1) { transformation: [-0.9994189979680024f,0.020945206061358117f,0.026888005572768586f,-0.2706968391540384f,0.03338843975347441f,0.7601304515970954f,0.6489120962392552f,0.39434881671470057f,-0.00684679424713475f,0.6494328255469098f,-0.7603881420108379f,-0.00171169856178369f,0f,0f,0f,1f], start_interpolation: 0, interpolation_duration: 1 }
$data merge entity $(bone_body1) { transformation: [-0.9994189979680024f,0.03338922238250431f,0.006842976642197506f,-0.021885502861491112f,0.03338843975347441f,0.9994424244691095f,-0.00022860913572482922f,0.3547691310116723f,-0.00684679424713475f,4.075447904519238e-18f,-0.999976560429562f,-2.680201102705533e-18f,0f,0f,0f,1f], start_interpolation: 0, interpolation_duration: 1 }