# This file was generated by Animated Java via MC-Build. It is not recommended to edit this file directly.
$data merge entity $(bone_pupil1) { transformation: [-0.9981872322573312f,0.05664469809607505f,-0.020337835087668024f,0.014337257281202758f,0.05663294426346594f,0.9983944001133042f,0.0011538832032090566f,0.37097353470530575f,0.020370542027639535f,6.936974821202648e-18f,-0.9997924989804136f,0.25619682786373094f,0f,0f,0f,1f], start_interpolation: 0, interpolation_duration: 1 }
$data merge entity $(bone_pupil_closed1) { transformation: [-0.9981872322573312f,0.05664469809607505f,-0.020337835087668024f,0.014108456636466492f,0.05663294426346594f,0.9983944001133042f,0.0011538832032090566f,0.37098651589134185f,0.020370542027639535f,6.936974821202648e-18f,-0.9997924989804136f,0.2449491622502013f,0f,0f,0f,1f], start_interpolation: 0, interpolation_duration: 1 }
$data merge entity $(bone_eye1) { transformation: [-0.9981872322573312f,0.05664469809607505f,-0.020337835087668024f,0.014222856958834625f,0.05663294426346594f,0.9983944001133042f,0.0011538832032090566f,0.3709800252983238f,0.020370542027639535f,6.936974821202648e-18f,-0.9997924989804136f,0.2505729950569661f,0f,0f,0f,1f], start_interpolation: 0, interpolation_duration: 1 }
$data merge entity $(bone_nail_head1) { transformation: [-0.965859466259956f,0.05664469809607505f,-0.2527980807158893f,0.02328686156400659f,0.054798802821132066f,0.9983944001133042f,0.014342699598268657f,0.6208678173044542f,0.25320462603476157f,6.936974821202648e-18f,-0.9674127440521945f,2.8518180476548194e-18f,0f,0f,0f,1f], start_interpolation: 0, interpolation_duration: 1 }
$data merge entity $(bone_nail_left_rotation1) { transformation: [-0.884534685440061f,-0.1541037214811889f,-0.4402844912997739f,0.17515269546311957f,-0.18363600959985385f,0.9826768650396261f,0.02497988979428305f,0.17404800915879806f,0.42880788965653943f,0.10294766603250559f,-0.8975107641843438f,0.24644693783410285f,0f,0f,0f,1f], start_interpolation: 0, interpolation_duration: 1 }
$data merge entity $(bone_nail_right_rotation1) { transformation: [-0.9141594182979467f,0.2413433340289439f,0.3256776827738635f,-0.167974165625338f,0.27739841209816385f,0.9583108899711925f,0.06848619662412302f,0.19351558374936448f,-0.2955717829945492f,0.1529497737246264f,-0.9429971833547588f,0.25344931165610396f,0f,0f,0f,1f], start_interpolation: 0, interpolation_duration: 1 }
$data merge entity $(bone_magnet_left1) { transformation: [-0.9981872322573312f,0.059827373890712986f,-0.006552456927710643f,0.2586724951043206f,0.05663294426346594f,0.9705393146794391f,0.2341925453246019f,0.35711098121026164f,0.020370542027639535f,0.23339692370488818f,-0.9721681526477788f,-0.005092635506909882f,0f,0f,0f,1f], start_interpolation: 0, interpolation_duration: 1 }
$data merge entity $(bone_magnet_right1) { transformation: [-0.9981872322573312f,0.05033182726654884f,-0.032999341242803015f,-0.24042112102434493f,0.05663294426346594f,0.9710780520478798f,-0.23194854268769668f,0.3854274533419946f,0.020370542027639535f,-0.23339692370488818f,-0.9721681526477788f,0.0050926355069098855f,0f,0f,0f,1f], start_interpolation: 0, interpolation_duration: 1 }
$data merge entity $(bone_body1) { transformation: [-0.9981872322573312f,0.05664469809607505f,-0.020337835087668024f,0.007355540224485481f,0.05663294426346594f,0.9983944001133042f,0.0011538832032090566f,0.3400693922725873f,0.020370542027639535f,6.936974821202648e-18f,-0.9997924989804136f,9.007938791915748e-19f,0f,0f,0f,1f], start_interpolation: 0, interpolation_duration: 1 }