# This file was generated by Animated Java via MC-Build. It is not recommended to edit this file directly.
$data merge entity $(bone_pupil1) { transformation: [-0.9977338544974275f,0.06166755464178196f,-0.026912233170232603f,0.023489101929949324f,0.061645133388489565f,0.9980967451627637f,0.0016627762965874251f,0.3671588966358504f,0.02696355168039739f,7.443677123081727e-18f,-0.9996364173442155f,0.2561568319444552f,0f,0f,0f,1f], start_interpolation: 0, interpolation_duration: 1 }
$data merge entity $(bone_pupil_closed1) { transformation: [-0.9977338544974275f,0.06166755464178196f,-0.026912233170232603f,0.02318633930678421f,0.061645133388489565f,0.9980967451627637f,0.0016627762965874251f,0.36717760286918705f,0.02696355168039739f,7.443677123081727e-18f,-0.9996364173442155f,0.2449109222493328f,0f,0f,0f,1f], start_interpolation: 0, interpolation_duration: 1 }
$data merge entity $(bone_eye1) { transformation: [-0.9977338544974275f,0.06166755464178196f,-0.026912233170232603f,0.023337720618366767f,0.061645133388489565f,0.9980967451627637f,0.0016627762965874251f,0.3671682497525187f,0.02696355168039739f,7.443677123081727e-18f,-0.9996364173442155f,0.250533877096894f,0f,0f,0f,1f], start_interpolation: 0, interpolation_duration: 1 }
$data merge entity $(bone_nail_head1) { transformation: [-0.8767694755747552f,0.06166755464178196f,-0.47694066654550576f,0.032009730840522714f,0.05417133139176364f,0.9980967451627637f,0.029467849442076477f,0.6171091693525419f,0.47785013713047336f,7.443677123081727e-18f,-0.8784413733678461f,3.889568255440291e-18f,0f,0f,0f,1f], start_interpolation: 0, interpolation_duration: 1 }
$data merge entity $(bone_nail_left_rotation1) { transformation: [-0.8235587104917603f,-0.3504130075631422f,-0.4460513137562786f,0.1832437402190466f,-0.40397251059447864f,0.9143558897495812f,0.02755934622311416f,0.16943089196853928f,0.39819249246707633f,0.2028892087095932f,-0.8945829799029559f,0.24527474389098558f,0f,0f,0f,1f], start_interpolation: 0, interpolation_duration: 1 }
$data merge entity $(bone_nail_right_rotation1) { transformation: [-0.8317053518860574f,0.4538628976472317f,0.3198041240874605f,-0.1597272722644441f,0.4977312262587017f,0.8647217339455558f,0.06723056781851794f,0.19062140657083254f,-0.24602811638326733f,0.21509252190964168f,-0.9450954306139945f,0.25454346478112216f,0f,0f,0f,1f], start_interpolation: 0, interpolation_duration: 1 }
$data merge entity $(bone_magnet_left1) { transformation: [-0.9977338544974275f,0.0671640917026315f,0.004017508614382437f,0.2660263058044341f,0.061645133388489565f,0.8885558270693551f,0.45460798465338187f,0.35217369971472856f,0.02696355168039739f,0.45382543666794906f,-0.8906825696699828f,-0.006740887920099346f,0f,0f,0f,1f], start_interpolation: 0, interpolation_duration: 1 }
$data merge entity $(bone_magnet_right1) { transformation: [-0.9977338544974275f,0.04272829533050937f,-0.05197545928469418f,-0.23284062144427967f,0.061645133388489565f,0.8900655963530407f,-0.45164489559633153f,0.38299626640897333f,0.02696355168039739f,-0.45382543666794906f,-0.8906825696699828f,0.006740887920099349f,0f,0f,0f,1f], start_interpolation: 0, interpolation_duration: 1 }
$data merge entity $(bone_body1) { transformation: [-0.9977338544974275f,0.06166755464178196f,-0.026912233170232603f,0.014665731097521537f,0.061645133388489565f,0.9980967451627637f,0.0016627762965874251f,0.3363944597755146f,0.02696355168039739f,7.443677123081727e-18f,-0.9996364173442155f,1.796034064573555e-18f,0f,0f,0f,1f], start_interpolation: 0, interpolation_duration: 1 }