# This file was generated by Animated Java via MC-Build. It is not recommended to edit this file directly.
$data merge entity $(bone_pupil1) { transformation: [-0.9972427713944392f,0.06630924965247235f,-0.03331573670301289f,0.032494824443278045f,0.06627227723739441f,0.997799119768366f,0.0022140142826633956f,0.3633447503211566f,0.03338922238250417f,7.9037005995792e-18f,-0.9994424244691095f,0.2561071212702093f,0f,0f,0f,1f], start_interpolation: 0, interpolation_duration: 1 }
$data merge entity $(bone_pupil_closed1) { transformation: [-0.9972427713944392f,0.06630924965247235f,-0.03331573670301289f,0.03212002240536915f,0.06627227723739441f,0.997799119768366f,0.0022140142826633956f,0.36336965798183657f,0.03338922238250417f,7.9037005995792e-18f,-0.9994424244691095f,0.24486339399493184f,0f,0f,0f,1f], start_interpolation: 0, interpolation_duration: 1 }
$data merge entity $(bone_eye1) { transformation: [-0.9972427713944392f,0.06630924965247235f,-0.03331573670301289f,0.0323074234243236f,0.06627227723739441f,0.997799119768366f,0.0022140142826633956f,0.3633572041514966f,0.03338922238250417f,7.9037005995792e-18f,-0.9994424244691095f,0.25048525763257057f,0f,0f,0f,1f], start_interpolation: 0, interpolation_duration: 1 }
$data merge entity $(bone_nail_head1) { transformation: [-0.7366725123393857f,0.06630924965247235f,-0.6729908565308327f,0.04053497932624908f,0.04895594771036297f,0.997799119768366f,0.04472395077868356f,0.6133618714231805f,0.6744752958762521f,7.9037005995792e-18f,-0.7382974165284896f,4.903116896337197e-18f,0f,0f,0f,1f], start_interpolation: 0, interpolation_duration: 1 }
$data merge entity $(bone_nail_left_rotation1) { transformation: [-0.7196196905764388f,-0.5274108464100533f,-0.45164731818499887f,0.1912547181124649f,-0.6030578647459661f,0.7971325764134769f,0.03001445299265355f,0.16488070530367743f,0.34419284231765535f,0.2939684586982818f,-0.8916915568669752f,0.24412183352028446f,0f,0f,0f,1f], start_interpolation: 0, interpolation_duration: 1 }
$data merge entity $(bone_nail_right_rotation1) { transformation: [-0.7007725733240515f,0.6405417757220089f,0.31404463700512825f,-0.15154748455437358f,0.6891850365484109f,0.72155993276856f,0.06614566365829865f,0.18766180060403176f,-0.18423296630774982f,0.2627879315682649f,-0.9471012180055098f,0.2555993787142703f,0f,0f,0f,1f], start_interpolation: 0, interpolation_duration: 1 }
$data merge entity $(bone_magnet_left1) { transformation: [-0.9972427713944392f,0.07205878919065575f,0.017730927835706154f,0.2732683597617408f,0.06627227723739441f,0.7572945158874745f,0.6497022406276012f,0.34734402217174054f,0.03338922238250417f,0.6490859319898499f,-0.7599819818400694f,-0.008347305595626039f,0f,0f,0f,1f], start_interpolation: 0, interpolation_duration: 1 }
$data merge entity $(bone_magnet_right1) { transformation: [-0.9972427713944392f,0.028785108829747788f,-0.06839789771036799f,-0.22535302593547885f,0.06627227723739441f,0.7601702903971764f,-0.6463351412906793f,0.3804801607904377f,0.03338922238250417f,-0.6490859319898499f,-0.7599819818400694f,0.008347305595626046f,0f,0f,0f,1f], start_interpolation: 0, interpolation_duration: 1 }
$data merge entity $(bone_body1) { transformation: [-0.9972427713944392f,0.06630924965247235f,-0.03331573670301289f,0.021885502861491234f,0.06627227723739441f,0.997799119768366f,0.0022140142826633956f,0.33273086898832765f,0.03338922238250417f,7.9037005995792e-18f,-0.9994424244691095f,2.680201102705548e-18f,0f,0f,0f,1f], start_interpolation: 0, interpolation_duration: 1 }