# This file was generated by Animated Java via MC-Build. It is not recommended to edit this file directly.
$data merge entity $(bone_pupil1) { transformation: [-0.9956673318224603f,0.0776766621892547f,-0.05111653834796713f,0.058087617995663275f,0.0775744982922505f,0.9969786036576394f,0.003982595079746186f,0.35199953851362514f,0.051271449718614484f,9.5126475718521e-18f,-0.998684754286232f,0.2559129682858469f,0f,0f,0f,1f], start_interpolation: 0, interpolation_duration: 1 }
$data merge entity $(bone_pupil_closed1) { transformation: [-0.9956673318224603f,0.0776766621892547f,-0.05111653834796713f,0.05751255693924865f,0.0775744982922505f,0.9969786036576394f,0.003982595079746186f,0.3520443427082723f,0.051271449718614484f,9.5126475718521e-18f,-0.998684754286232f,0.24467776480012685f,0f,0f,0f,1f], start_interpolation: 0, interpolation_duration: 1 }
$data merge entity $(bone_eye1) { transformation: [-0.9956673318224603f,0.0776766621892547f,-0.05111653834796713f,0.05780008746745596f,0.0775744982922505f,0.9969786036576394f,0.003982595079746186f,0.3520219406109487f,0.051271449718614484f,9.5126475718521e-18f,-0.998684754286232f,0.2502953665429869f,0f,0f,0f,1f], start_interpolation: 0, interpolation_duration: 1 }
$data merge entity $(bone_nail_head1) { transformation: [-0.1052694774738092f,0.0776766621892547f,-0.9914054030836869f,0.06440817059131038f,0.008201762415535638f,0.9969786036576394f,0.0772424426215452f,0.60226472941722f,0.9944099095472f,9.5126475718521e-18f,-0.1055885021881157f,7.887725995358495e-18f,0f,0f,0f,1f], start_interpolation: 0, interpolation_duration: 1 }
$data merge entity $(bone_nail_left_rotation1) { transformation: [-0.21450441162188189f,-0.8577831243350938f,-0.46711451379792845f,0.2143340881274886f,-0.9739691005534644f,0.22374020285138557f,0.036393856557065576f,0.15175782465308563f,0.07329426008785192f,0.46276174564666184f,-0.8834475186473889f,0.24085890815117114f,0f,0f,0f,1f], start_interpolation: 0, interpolation_duration: 1 }
$data merge entity $(bone_nail_right_rotation1) { transformation: [-0.10497741291152854f,0.9488295568886956f,0.297829170419561f,-0.1279265571864821f,0.9938988358871851f,0.0899115862722602f,0.06388278857489166f,0.17842405844104675f,0.03383558482575465f,0.3027183156474141f,-0.9524792777646618f,0.25848346899194485f,0f,0f,0f,1f], start_interpolation: 0, interpolation_duration: 1 }
$data merge entity $(bone_magnet_left1) { transformation: [-0.9956673318224603f,0.06263851603355816f,0.06872394524950137f,0.2939058379996118f,0.0775744982922505f,0.15202825179416227f,0.9853271577862432f,0.33362645392974755f,0.051271449718614484f,0.9863892877386314f,-0.1562287152806011f,-0.012817862429653616f,0f,0f,0f,1f], start_interpolation: 0, interpolation_duration: 1 }
$data merge entity $(bone_magnet_right1) { transformation: [-0.9956673318224603f,-0.0383359018421846f,-0.08471672191184673f,-0.20392782791161837f,0.0775744982922505f,0.15989537724531602f,-0.9840811275246995f,0.3724137030758728f,0.051271449718614484f,-0.9863892877386314f,-0.1562287152806011f,0.012817862429653626f,0f,0f,0f,1f], start_interpolation: 0, interpolation_duration: 1 }
$data merge entity $(bone_body1) { transformation: [-0.9956673318224603f,0.0776766621892547f,-0.05111653834796713f,0.042561609350582494f,0.0775744982922505f,0.9969786036576394f,0.003982595079746186f,0.3218644971385089f,0.051271449718614484f,9.5126475718521e-18f,-0.998684754286232f,5.212293865775091e-18f,0f,0f,0f,1f], start_interpolation: 0, interpolation_duration: 1 }