# This file was generated by Animated Java via MC-Build. It is not recommended to edit this file directly.
$data merge entity $(bone_pupil1) { transformation: [-0.9942089888268902f,0.08475348767981229f,-0.06607066566881557f,0.08046490909858285f,0.08456695540421576f,0.9964019501818069f,0.00561994017347841f,0.34099897717271266f,0.06630924965247219f,1.0379308740365676e-17f,-0.9977991197683661f,0.2556860244406438f,0f,0f,0f,1f], start_interpolation: 0, interpolation_duration: 1 }
$data merge entity $(bone_pupil_closed1) { transformation: [-0.9942089888268902f,0.08475348767981229f,-0.06607066566881557f,0.07972161410980867f,0.08456695540421576f,0.9964019501818069f,0.00561994017347841f,0.34106220149966426f,0.06630924965247219f,1.0379308740365676e-17f,-0.9977991197683661f,0.2444607843432497f,0f,0f,0f,1f], start_interpolation: 0, interpolation_duration: 1 }
$data merge entity $(bone_eye1) { transformation: [-0.9942089888268902f,0.08475348767981229f,-0.06607066566881557f,0.08009326160419576f,0.08456695540421576f,0.9964019501818069f,0.00561994017347841f,0.34103058933618846f,0.06630924965247219f,1.0379308740365676e-17f,-0.9977991197683661f,0.25007340439194675f,0f,0f,0f,1f], start_interpolation: 0, interpolation_duration: 1 }
$data merge entity $(bone_nail_head1) { transformation: [0.5758072729245859f,0.08475348767981229f,-0.8131806876538938f,0.08472267294090194f,-0.04897789953427498f,0.9964019501818069f,0.06916877208034389f,0.5915395743876182f,0.8161171177008618f,1.0379308740365676e-17f,0.5778865374756865f,1.0375535023228362e-17f,0f,0f,0f,1f], start_interpolation: 0, interpolation_duration: 1 }
$data merge entity $(bone_nail_left_rotation1) { transformation: [0.3839484337246393f,-0.788754976845409f,-0.4800512334553414f,0.23504035845280968f,-0.8883775599194133f,-0.457294196805164f,0.040832935235536494f,0.1396737906796085f,-0.25173182411452427f,0.41078900188529693f,-0.8762896123189272f,0.23805287765807287f,0f,0f,0f,1f], start_interpolation: 0, interpolation_duration: 1 }
$data merge entity $(bone_nail_right_rotation1) { transformation: [0.5454409309691053f,0.7885865289007866f,0.28394625769635484f,-0.10671898145643381f,0.8100511819027321f,-0.5829664912345175f,0.06298533794227312f,0.16874368159980768f,0.21520054256795623f,0.19565622027915278f,-0.9567692354714029f,0.2608466822261102f,0f,0f,0f,1f], start_interpolation: 0, interpolation_duration: 1 }
$data merge entity $(bone_magnet_left1) { transformation: [-0.9942089888268902f,0.012050927567470733f,0.10678605564668112f,0.3120865482276714f,0.08456695540421576f,-0.5254103755633388f,0.8466359118913235f,0.3212973479911126f,0.06630924965247219f,0.8507636054716698f,0.521348607953806f,-0.016577312413118037f,0f,0f,0f,1f], start_interpolation: 0, interpolation_duration: 1 }
$data merge entity $(bone_magnet_right1) { transformation: [-0.9942089888268902f,-0.10061807890221586f,-0.037742399683114526f,-0.18501794618577366f,0.08456695540421576f,-0.5158268021369892f,-0.8525087332401874f,0.3635808256932205f,0.06630924965247219f,-0.8507636054716698f,0.521348607953806f,0.016577312413118057f,0f,0f,0f,1f], start_interpolation: 0, interpolation_duration: 1 }
$data merge entity $(bone_body1) { transformation: [-0.9942089888268902f,0.08475348767981229f,-0.06607066566881557f,0.060885754530954725f,0.08456695540421576f,0.9964019501818069f,0.00561994017347841f,0.311301525898985f,0.06630924965247219f,1.0379308740365676e-17f,-0.9977991197683661f,7.456354440000517e-18f,0f,0f,0f,1f], start_interpolation: 0, interpolation_duration: 1 }