# This file was generated by Animated Java via MC-Build. It is not recommended to edit this file directly.
$data merge entity $(bone_pupil1) { transformation: [-0.9942089888268902f,0.08475348767981226f,-0.06607066566881557f,0.08046490909858284f,0.08456695540421573f,0.9964019501818069f,0.005619940173478408f,0.4058959253747426f,0.06630924965247219f,1.0379308740365672e-17f,-0.9977991197683661f,0.2556860244406438f,0f,0f,0f,1f], start_interpolation: 0, interpolation_duration: 1 }
$data merge entity $(bone_pupil_closed1) { transformation: [-0.9942089888268902f,0.08475348767981226f,-0.06607066566881557f,0.07972161410980866f,0.08456695540421573f,0.9964019501818069f,0.005619940173478408f,0.4059591497016942f,0.06630924965247219f,1.0379308740365672e-17f,-0.9977991197683661f,0.2444607843432497f,0f,0f,0f,1f], start_interpolation: 0, interpolation_duration: 1 }
$data merge entity $(bone_eye1) { transformation: [-0.9942089888268902f,0.08475348767981226f,-0.06607066566881557f,0.08009326160419575f,0.08456695540421573f,0.9964019501818069f,0.005619940173478408f,0.4059275375382184f,0.06630924965247219f,1.0379308740365672e-17f,-0.9977991197683661f,0.25007340439194675f,0f,0f,0f,1f], start_interpolation: 0, interpolation_duration: 1 }
$data merge entity $(bone_nail_head1) { transformation: [0.5758072729245881f,0.08475348767981226f,-0.813180687653892f,0.08472267294090191f,-0.048977899534275164f,0.9964019501818069f,0.06916877208034372f,0.6564365225896482f,0.8161171177008599f,1.0379308740365672e-17f,0.5778865374756887f,1.037553502322836e-17f,0f,0f,0f,1f], start_interpolation: 0, interpolation_duration: 1 }
$data merge entity $(bone_nail_left_rotation1) { transformation: [0.3839484337246416f,-0.7887549768454076f,-0.4800512334553414f,0.23504035845280968f,-0.8883775599194117f,-0.4572941968051666f,0.04083293523553649f,0.20457073888163846f,-0.25173182411452544f,0.41078900188529616f,-0.8762896123189272f,0.23805287765807287f,0f,0f,0f,1f], start_interpolation: 0, interpolation_duration: 1 }
$data merge entity $(bone_nail_right_rotation1) { transformation: [0.5454409309691076f,0.788586528900785f,0.28394625769635484f,-0.10671898145643383f,0.8100511819027303f,-0.5829664912345198f,0.06298533794227312f,0.23364062980183764f,0.2152005425679568f,0.19565622027915214f,-0.9567692354714029f,0.2608466822261102f,0f,0f,0f,1f], start_interpolation: 0, interpolation_duration: 1 }
$data merge entity $(bone_magnet_left1) { transformation: [-0.9942089888268902f,0.012050927567470428f,0.1067860556466811f,0.3120865482276714f,0.08456695540421573f,-0.5254103755633412f,0.8466359118913218f,0.38619429619314255f,0.06630924965247219f,0.8507636054716682f,0.5213486079538083f,-0.016577312413118037f,0f,0f,0f,1f], start_interpolation: 0, interpolation_duration: 1 }
$data merge entity $(bone_magnet_right1) { transformation: [-0.9942089888268902f,-0.10061807890221594f,-0.0377423996831142f,-0.18501794618577372f,0.08456695540421573f,-0.5158268021369916f,-0.8525087332401857f,0.42847777389525044f,0.06630924965247219f,-0.8507636054716682f,0.5213486079538083f,0.016577312413118057f,0f,0f,0f,1f], start_interpolation: 0, interpolation_duration: 1 }
$data merge entity $(bone_body1) { transformation: [-0.9942089888268902f,0.08475348767981226f,-0.06607066566881557f,0.06088575453095472f,0.08456695540421573f,0.9964019501818069f,0.005619940173478408f,0.376198474101015f,0.06630924965247219f,1.0379308740365672e-17f,-0.9977991197683661f,7.456354440000515e-18f,0f,0f,0f,1f], start_interpolation: 0, interpolation_duration: 1 }