# This file was generated by Animated Java via MC-Build. It is not recommended to edit this file directly.
$data merge entity $(bone_pupil1) { transformation: [-0.9929820626794456f,0.08688774989388316f,-0.08023180239313892f,0.10320965695562188f,0.08660550978663821f,0.9962181081060402f,0.006997625041291149f,0.3272804330711433f,0.0805363822844694f,1.0640680479265979e-17f,-0.9967516697395243f,0.2554176153707531f,0f,0f,0f,1f], start_interpolation: 0, interpolation_duration: 1 }
$data merge entity $(bone_pupil_closed1) { transformation: [-0.9929820626794456f,0.08688774989388316f,-0.08023180239313892f,0.10230704917869908f,0.08660550978663821f,0.9962181081060402f,0.006997625041291149f,0.32735915635285784f,0.0805363822844694f,1.0640680479265979e-17f,-0.9967516697395243f,0.24420415908618345f,0f,0f,0f,1f], start_interpolation: 0, interpolation_duration: 1 }
$data merge entity $(bone_eye1) { transformation: [-0.9929820626794456f,0.08688774989388316f,-0.08023180239313892f,0.10275835306716048f,0.08660550978663821f,0.9962181081060402f,0.006997625041291149f,0.32731979471200057f,0.0805363822844694f,1.0640680479265979e-17f,-0.9967516697395243f,0.24981088722846828f,0f,0f,0f,1f], start_interpolation: 0, interpolation_duration: 1 }
$data merge entity $(bone_nail_head1) { transformation: [0.9962159450355954f,0.08688774989388316f,0.0020759998105703975f,0.10437219506585084f,-0.08688756123607591f,0.9962181081060402f,-0.0001810637157193696f,0.5781281015144842f,-0.0020838808225612238f,1.0640680479265979e-17f,0.9999978287180014f,1.278190746073774e-17f,0f,0f,0f,1f], start_interpolation: 0, interpolation_duration: 1 }
$data merge entity $(bone_nail_left_rotation1) { transformation: [0.8565531045013867f,-0.1545686153724672f,-0.4923670605461691f,0.2570855471085914f,-0.1534634498194833f,-0.9872207767925013f,0.042943072068881f,0.1256479509631904f,-0.4927126431689566f,0.038777325991466695f,-0.8693276541387671f,0.23534572672973791f,0f,0f,0f,1f], start_interpolation: 0, interpolation_duration: 1 }
$data merge entity $(bone_nail_right_rotation1) { transformation: [0.9625398244765901f,0.019259940079265146f,0.27045543256647353f,-0.08425203693746802f,0.0021083507539269297f,-0.9979754554841993f,0.06356528225535896f,0.1554185949523473f,0.2711321470310624f,-0.06061390070972298f,-0.9606317264628929f,0.26303010814002425f,0f,0f,0f,1f], start_interpolation: 0, interpolation_duration: 1 }
$data merge entity $(bone_magnet_left1) { transformation: [-0.9929820626794456f,-0.08032498929389995f,0.08680160880887257f,0.3308957732622414f,0.08660550978663821f,-0.9936961274827167f,0.07118631821107754f,0.3074221970413146f,0.0805363822844694f,0.0782042346729839f,0.9936790169907698f,-0.02013409557111734f,0f,0f,0f,1f], start_interpolation: 0, interpolation_duration: 1 }
$data merge entity $(bone_magnet_right1) { transformation: [-0.9929820626794456f,-0.0929148186226618f,0.07316734023586989f,-0.16559525807748138f,0.08660550978663821f,-0.9925980728167523f,-0.08513842560833382f,0.35072495193463377f,0.0805363822844694f,-0.07820423467298393f,0.9936790169907698f,0.02013409557111736f,0f,0f,0f,1f], start_interpolation: 0, interpolation_duration: 1 }
$data merge entity $(bone_body1) { transformation: [-0.9929820626794456f,0.08688774989388316f,-0.08023180239313892f,0.0799350154081962f,0.08660550978663821f,0.9962181081060402f,0.006997625041291149f,0.29794175860966043f,0.0805363822844694f,1.0640680479265979e-17f,-0.9967516697395243f,9.789216075944183e-18f,0f,0f,0f,1f], start_interpolation: 0, interpolation_duration: 1 }