# This file was generated by Animated Java via MC-Build. It is not recommended to edit this file directly.
$data merge entity $(bone_pupil1) { transformation: [-0.993461656480143f,0.07433825247895985f,-0.08664733880567176f,0.11798745099640162f,0.07405711324449853f,0.9972330841976585f,0.006459083488940202f,0.3096208238434226f,0.08688774989388302f,9.103810295256598e-18f,-0.9962181081060402f,0.25528089020217276f,0f,0f,0f,1f], start_interpolation: 0, interpolation_duration: 1 }
$data merge entity $(bone_pupil_closed1) { transformation: [-0.993461656480143f,0.07433825247895985f,-0.08664733880567176f,0.11701266843483782f,0.07405711324449853f,0.9972330841976585f,0.006459083488940202f,0.3096934885326732f,0.08688774989388302f,9.103810295256598e-18f,-0.9962181081060402f,0.24407343648597984f,0f,0f,0f,1f], start_interpolation: 0, interpolation_duration: 1 }
$data merge entity $(bone_eye1) { transformation: [-0.993461656480143f,0.07433825247895985f,-0.08664733880567176f,0.11750005971561972f,0.07405711324449853f,0.9972330841976585f,0.006459083488940202f,0.3096571561880479f,0.08688774989388302f,9.103810295256598e-18f,-0.9962181081060402f,0.2496771633440763f,0f,0f,0f,1f], start_interpolation: 0, interpolation_duration: 1 }
$data merge entity $(bone_nail_head1) { transformation: [0.14766575193675627f,0.07433825247895985f,0.9862396513643765f,0.11436863354718821f,-0.011007671249497246f,0.9972330841976585f,-0.07351875240568606f,0.5605842350368782f,-0.9889760648663927f,9.103810295256598e-18f,0.14807546427880836f,1.4006118099642064e-17f,0f,0f,0f,1f], start_interpolation: 0, interpolation_duration: 1 }
$data merge entity $(bone_nail_left_rotation1) { transformation: [0.27392581562324647f,0.8225435188852528f,-0.49838419625325714f,0.2742587049965858f,0.9546481851044125f,-0.29540918397703253f,0.037151806132070454f,0.10995142348926934f,-0.11666829137340798f,-0.48595840723449735f,-0.8661598791367099f,0.2341206950134989f,0f,0f,0f,1f], start_interpolation: 0, interpolation_duration: 1 }
$data merge entity $(bone_nail_right_rotation1) { transformation: [0.1818735787363694f,-0.9473530971855114f,0.26352250494150325f,-0.06724373941846336f,-0.983136882100775f,-0.16998909970495515f,0.06742089464450837f,0.1354085561670657f,-0.019075439989492335f,-0.27134077326218f,-0.9622942961249897f,0.26398835903952117f,0f,0f,0f,1f], start_interpolation: 0, interpolation_duration: 1 }
$data merge entity $(bone_magnet_left1) { transformation: [-0.993461656480143f,-0.10160718633550453f,-0.05205686111083259f,0.34414948454748395f,0.07405711324449853f,-0.22651882169168677f,-0.971187297794458f,0.2927616856763389f,0.08688774989388302f,-0.9686925224777942f,0.2325624987266566f,-0.021721937473470742f,0f,0f,0f,1f], start_interpolation: 0, interpolation_duration: 1 }
$data merge entity $(bone_magnet_right1) { transformation: [-0.993461656480143f,0.06689934553877858f,0.09251170018010456f,-0.15258134369258747f,0.07405711324449853f,-0.23908005868765222f,0.9681716116039554f,0.32979024229858817f,0.08688774989388302f,0.9686925224777942f,0.2325624987266566f,0.02172193747347077f,0f,0f,0f,1f], start_interpolation: 0, interpolation_duration: 1 }
$data merge entity $(bone_body1) { transformation: [-0.993461656480143f,0.07433825247895985f,-0.08664733880567176f,0.09346100003748074f,0.07405711324449853f,0.9972330841976585f,0.006459083488940202f,0.2801124301062867f,0.08688774989388302f,9.103810295256598e-18f,-0.9962181081060402f,1.1445671454101145e-17f,0f,0f,0f,1f], start_interpolation: 0, interpolation_duration: 1 }