# This file was generated by Animated Java via MC-Build. It is not recommended to edit this file directly.
$data merge entity $(mouth) {transformation: [-1f,0f,0f,0f,0f,0.6374f,0.7705f,-0.3715f,0f,0.7705f,-0.6374f,0.0413f,0f,0f,0f,1f],start_interpolation: 0,interpolation_duration: 1}
$data merge entity $(right_wing) {transformation: [-0.9623f,0.2719f,0f,-0.3875f,0.2719f,0.9623f,0f,-0.2185f,0f,0f,-1f,-0.3941f,0f,0f,0f,1f],start_interpolation: 0,interpolation_duration: 1}
$data merge entity $(left_wing) {transformation: [-0.9623f,-0.2719f,0f,0.3875f,-0.2719f,0.9623f,0f,-0.2185f,0f,0f,-1f,-0.3941f,0f,0f,0f,1f],start_interpolation: 0,interpolation_duration: 1}
$data merge entity $(beat) {transformation: [-1f,0f,0f,0f,0f,1f,0f,-0.0935f,0f,0f,-1f,-0.316f,0f,0f,0f,1f],start_interpolation: 0,interpolation_duration: 1}