# This file was generated by Animated Java via MC-Build. It is not recommended to edit this file directly.
$data merge entity $(bone_neck_spine5) {transformation: [-1.5678f,-0.0097f,-0.1177f,-0.07f,-0.0938f,1.0535f,1.1634f,3.3054f,0.0717f,1.1671f,-1.0511f,0.5757f,0f,0f,0f,1f],start_interpolation: 0,interpolation_duration: 1}
$data merge entity $(bone_neck_spine2) {transformation: [-1.4932f,-0.0858f,-0.0727f,-0.1347f,-0.0894f,1.4929f,0.074f,4.1661f,0.0682f,0.0781f,-1.4938f,2.7504f,0f,0f,0f,1f],start_interpolation: 0,interpolation_duration: 1}
$data merge entity $(bone_scale_neck_left1) {transformation: [-1.608f,0.3565f,-0.0148f,0.6992f,0.3237f,1.4863f,0.6317f,3.3156f,0.1501f,0.6138f,-1.5211f,2.6338f,0f,0f,0f,1f],start_interpolation: 0,interpolation_duration: 1}
$data merge entity $(bone_scale_neck_right1) {transformation: [-1.565f,-0.4736f,-0.1988f,-0.8686f,-0.5136f,1.4367f,0.6207f,3.2218f,-0.0051f,0.6518f,-1.5127f,2.7055f,0f,0f,0f,1f],start_interpolation: 0,interpolation_duration: 1}
$data merge entity $(bone_blush_right1) {transformation: [-0.9979f,-0.0568f,0.0318f,-0.7436f,-0.0421f,0.9351f,0.3518f,2.6628f,-0.0497f,0.3497f,-0.9355f,3.8994f,0f,0f,0f,1f],start_interpolation: 0,interpolation_duration: 1}
$data merge entity $(bone_blush_left1) {transformation: [-0.9979f,-0.0568f,0.0318f,0.5788f,-0.0421f,0.9351f,0.3518f,2.7186f,-0.0497f,0.3497f,-0.9355f,3.9653f,0f,0f,0f,1f],start_interpolation: 0,interpolation_duration: 1}
$data merge entity $(bone_left_head_scales) {transformation: [-0.8998f,-0.0568f,-0.4326f,0.561f,-0.1997f,0.9351f,0.2926f,3.54f,0.3879f,0.3497f,-0.8528f,3.8534f,0f,0f,0f,1f],start_interpolation: 0,interpolation_duration: 1}
$data merge entity $(bone_left_head_scales2) {transformation: [-0.8357f,-0.0568f,-0.5463f,0.6067f,-0.2362f,0.9351f,0.264f,2.6405f,0.4959f,0.3497f,-0.7949f,3.6968f,0f,0f,0f,1f],start_interpolation: 0,interpolation_duration: 1}
$data merge entity $(bone_left_head_scales1) {transformation: [-0.9979f,-0.0568f,0.0318f,0.5674f,-0.0421f,0.9351f,0.3518f,3.4349f,-0.0497f,0.3497f,-0.9355f,3.8141f,0f,0f,0f,1f],start_interpolation: 0,interpolation_duration: 1}
$data merge entity $(bone_right_head_scales) {transformation: [-0.8704f,-0.0568f,0.489f,-0.7838f,0.1251f,0.9351f,0.3315f,3.4833f,-0.4761f,0.3497f,-0.8069f,3.7864f,0f,0f,0f,1f],start_interpolation: 0,interpolation_duration: 1}
$data merge entity $(bone_right_head_scales2) {transformation: [-0.7992f,-0.0568f,0.5984f,-0.7381f,0.1673f,0.9351f,0.3123f,2.5838f,-0.5773f,0.3497f,-0.7378f,3.6298f,0f,0f,0f,1f],start_interpolation: 0,interpolation_duration: 1}
$data merge entity $(bone_right_head_scales1) {transformation: [-0.9979f,-0.0568f,0.0318f,-0.7774f,-0.0421f,0.9351f,0.3518f,3.3782f,-0.0497f,0.3497f,-0.9355f,3.7471f,0f,0f,0f,1f],start_interpolation: 0,interpolation_duration: 1}
$data merge entity $(bone_head_left_fin1) {transformation: [-0.5485f,0.0853f,-0.8892f,0.594f,-0.0761f,1.0351f,0.1462f,3.0707f,0.89f,0.141f,-0.5355f,3.5881f,0f,0f,0f,1f],start_interpolation: 0,interpolation_duration: 1}
$data merge entity $(bone_head_right_fin1) {transformation: [-0.4619f,-0.1854f,0.9225f,-0.7508f,0.0335f,1.0237f,0.2226f,3.0141f,-0.9403f,0.1275f,-0.4452f,3.521f,0f,0f,0f,1f],start_interpolation: 0,interpolation_duration: 1}
$data merge entity $(bone_right_whisker16) {transformation: [-0.1827f,-0.3654f,0.9128f,-1.0019f,0.9783f,-0.1596f,0.1319f,1.7711f,0.0975f,0.9171f,0.3866f,1.5962f,0f,0f,0f,1f],start_interpolation: 0,interpolation_duration: 1}
$data merge entity $(bone_right_whisker15) {transformation: [0.4222f,-0.271f,0.8651f,-1.1442f,0.4211f,0.9037f,0.0776f,1.6292f,-0.8027f,0.3316f,0.4956f,1.8667f,0f,0f,0f,1f],start_interpolation: 0,interpolation_duration: 1}
$data merge entity $(bone_right_whisker14) {transformation: [0.6921f,-0.2328f,0.6832f,-1.3773f,-0.1864f,0.8568f,0.4808f,1.692f,-0.6973f,-0.4601f,0.5496f,2.1016f,0f,0f,0f,1f],start_interpolation: 0,interpolation_duration: 1}
$data merge entity $(bone_right_whisker13) {transformation: [0.2078f,-0.4297f,0.8787f,-1.4474f,0.2133f,0.8966f,0.3881f,1.6201f,-0.9546f,0.1068f,0.278f,2.4232f,0f,0f,0f,1f],start_interpolation: 0,interpolation_duration: 1}
$data merge entity $(bone_right_whisker12) {transformation: [-0.4166f,-0.3328f,0.846f,-1.2602f,-0.3579f,0.9155f,0.1838f,1.7809f,-0.8357f,-0.2262f,-0.5005f,2.7986f,0f,0f,0f,1f],start_interpolation: 0,interpolation_duration: 1}
$data merge entity $(bone_right_whisker11) {transformation: [-0.8774f,-0.2347f,0.4184f,-0.866f,-0.2293f,0.9712f,0.0638f,1.8839f,-0.4213f,-0.0399f,-0.906f,2.9879f,0f,0f,0f,1f],start_interpolation: 0,interpolation_duration: 1}
$data merge entity $(bone_right_whisker10) {transformation: [-0.4242f,-0.5835f,0.6925f,-0.6755f,-0.519f,0.7833f,0.3421f,2.117f,-0.7421f,-0.2143f,-0.6351f,3.3213f,0f,0f,0f,1f],start_interpolation: 0,interpolation_duration: 1}
$data merge entity $(bone_right_whisker1) {transformation: [0.1259f,-0.5923f,0.7958f,-0.7321f,-0.6905f,0.5237f,0.499f,2.4272f,-0.7123f,-0.6124f,-0.343f,3.6413f,0f,0f,0f,1f],start_interpolation: 0,interpolation_duration: 1}
$data merge entity $(bone_left_whisker16) {transformation: [-0.0893f,0.2847f,-0.9545f,1.1384f,-0.9898f,-0.1322f,0.0532f,1.8613f,-0.1111f,0.9495f,0.2936f,1.7029f,0f,0f,0f,1f],start_interpolation: 0,interpolation_duration: 1}
$data merge entity $(bone_left_whisker15) {transformation: [0.3743f,0.1599f,-0.9134f,1.2645f,-0.3876f,0.9218f,0.0026f,1.7307f,0.8424f,0.353f,0.407f,1.9867f,0f,0f,0f,1f],start_interpolation: 0,interpolation_duration: 1}
$data merge entity $(bone_left_whisker14) {transformation: [0.6014f,0.2046f,-0.7723f,1.4671f,0.2409f,0.8752f,0.4194f,1.8119f,0.7618f,-0.4383f,0.4771f,2.2434f,0f,0f,0f,1f],start_interpolation: 0,interpolation_duration: 1}
$data merge entity $(bone_left_whisker13) {transformation: [0.1292f,0.3402f,-0.9314f,1.5106f,-0.1991f,0.9291f,0.3118f,1.7448f,0.9714f,0.1451f,0.1878f,2.5707f,0f,0f,0f,1f],start_interpolation: 0,interpolation_duration: 1}
$data merge entity $(bone_left_whisker12) {transformation: [-0.5261f,0.2755f,-0.8046f,1.2743f,0.3181f,0.9411f,0.1143f,1.8877f,0.7887f,-0.1959f,-0.5828f,2.925f,0f,0f,0f,1f],start_interpolation: 0,interpolation_duration: 1}
$data merge entity $(bone_left_whisker11) {transformation: [-0.9311f,0.1551f,-0.3303f,0.856f,0.1531f,0.9877f,0.0323f,1.9565f,0.3312f,-0.0205f,-0.9433f,3.0737f,0f,0f,0f,1f],start_interpolation: 0,interpolation_duration: 1}
$data merge entity $(bone_left_whisker10) {transformation: [-0.5378f,0.5341f,-0.6523f,0.6144f,0.4784f,0.8304f,0.2855f,2.1714f,0.6942f,-0.1586f,-0.7021f,3.3856f,0f,0f,0f,1f],start_interpolation: 0,interpolation_duration: 1}
$data merge entity $(bone_left_whisker1) {transformation: [-0.0038f,0.6041f,-0.7969f,0.6127f,0.6956f,0.5741f,0.4319f,2.4839f,0.7184f,-0.5527f,-0.4224f,3.7083f,0f,0f,0f,1f],start_interpolation: 0,interpolation_duration: 1}
$data merge entity $(bone_upper_left_tooth1) {transformation: [-0.9979f,-0.0539f,0.0366f,0.1964f,-0.0421f,0.9622f,0.2689f,2.5275f,-0.0497f,0.2668f,-0.9625f,4.6857f,0f,0f,0f,1f],start_interpolation: 0,interpolation_duration: 1}
$data merge entity $(bone_upper_right_tooth1) {transformation: [-0.9979f,-0.0539f,0.0366f,-0.476f,-0.0421f,0.9622f,0.2689f,2.4992f,-0.0497f,0.2668f,-0.9625f,4.6521f,0f,0f,0f,1f],start_interpolation: 0,interpolation_duration: 1}
$data merge entity $(bone_top_lip1) {transformation: [-0.9979f,-0.0381f,0.0528f,-0.1184f,-0.0421f,0.9962f,-0.0764f,2.6334f,-0.0497f,-0.0784f,-0.9957f,4.7033f,0f,0f,0f,1f],start_interpolation: 0,interpolation_duration: 1}
$data merge entity $(bone_muzzle1) {transformation: [-0.9979f,-0.0539f,0.0366f,-0.1069f,-0.0421f,0.9622f,0.2689f,2.9465f,-0.0497f,0.2668f,-0.9625f,4.2078f,0f,0f,0f,1f],start_interpolation: 0,interpolation_duration: 1}
$data merge entity $(bone_jaw_right_tooth1) {transformation: [-0.9979f,-0.0177f,0.0627f,-0.4784f,-0.0421f,0.91f,-0.4125f,2.5304f,-0.0497f,-0.4142f,-0.9088f,4.6736f,0f,0f,0f,1f],start_interpolation: 0,interpolation_duration: 1}
$data merge entity $(bone_jaw_left_tooth1) {transformation: [-0.9979f,-0.0177f,0.0627f,0.2501f,-0.0421f,0.91f,-0.4125f,2.5611f,-0.0497f,-0.4142f,-0.9088f,4.7099f,0f,0f,0f,1f],start_interpolation: 0,interpolation_duration: 1}
$data merge entity $(bone_tongue1) {transformation: [-0.9979f,-0.0425f,0.0493f,-0.0742f,-0.0421f,0.9991f,0.0107f,2.5462f,-0.0497f,0.0086f,-0.9987f,3.8892f,0f,0f,0f,1f],start_interpolation: 0,interpolation_duration: 1}
$data merge entity $(bone_jaw_lips1) {transformation: [-0.9979f,-0.0425f,0.0493f,-0.057f,-0.0421f,0.9991f,0.0107f,2.4099f,-0.0497f,0.0086f,-0.9987f,4.7881f,0f,0f,0f,1f],start_interpolation: 0,interpolation_duration: 1}
$data merge entity $(bone_jaw3) {transformation: [-0.9979f,-0.0283f,0.0587f,-0.0019f,-0.0421f,0.9678f,-0.2482f,2.1054f,-0.0497f,-0.2501f,-0.9669f,3.9405f,0f,0f,0f,1f],start_interpolation: 0,interpolation_duration: 1}
$data merge entity $(bone_jaw1) {transformation: [-0.9979f,-0.0615f,0.0214f,0.0174f,-0.0421f,0.8598f,0.5088f,2.5625f,-0.0497f,0.5068f,-0.8606f,3.1673f,0f,0f,0f,1f],start_interpolation: 0,interpolation_duration: 1}
$data merge entity $(bone_tear_right1) {transformation: [-0.9979f,-0.0568f,0.0318f,-0.7131f,-0.0421f,0.9351f,0.3518f,2.9972f,-0.0497f,0.3497f,-0.9355f,4.1342f,0f,0f,0f,1f],start_interpolation: 0,interpolation_duration: 1}
$data merge entity $(bone_right_pupil1) {transformation: [-0.9979f,-0.0568f,0.0318f,-0.5367f,-0.0421f,0.9351f,0.3518f,3.0863f,-0.0497f,0.3497f,-0.9355f,4.2457f,0f,0f,0f,1f],start_interpolation: 0,interpolation_duration: 1}
$data merge entity $(bone_right_sad_pupil1) {transformation: [-0.9979f,-0.0568f,0.0318f,-0.5364f,-0.0421f,0.9351f,0.3518f,3.0903f,-0.0497f,0.3497f,-0.9355f,4.2352f,0f,0f,0f,1f],start_interpolation: 0,interpolation_duration: 1}
$data merge entity $(bone_right_happy_pupil1) {transformation: [-0.9979f,-0.0568f,0.0318f,-0.5628f,-0.0421f,0.9351f,0.3518f,3.0628f,-0.0497f,0.3497f,-0.9355f,4.224f,0f,0f,0f,1f],start_interpolation: 0,interpolation_duration: 1}
$data merge entity $(bone_eyelid_right1) {transformation: [-0.9979f,-0.0568f,0.0318f,-0.0839f,-0.0421f,0.9351f,0.3518f,3.2535f,-0.0497f,0.3497f,-0.9355f,3.7118f,0f,0f,0f,1f],start_interpolation: 0,interpolation_duration: 1}
$data merge entity $(bone_eyelid_expressions_right5) {transformation: [-0.9979f,-0.0568f,0.0318f,-0.6717f,-0.0421f,0.9351f,0.3518f,3.1899f,-0.0497f,0.3497f,-0.9355f,4.2681f,0f,0f,0f,1f],start_interpolation: 0,interpolation_duration: 1}
$data merge entity $(bone_eyelid_expressions_right7) {transformation: [-0.9979f,-0.0568f,0.0318f,-0.3355f,-0.0421f,0.9351f,0.3518f,3.204f,-0.0497f,0.3497f,-0.9355f,4.2848f,0f,0f,0f,1f],start_interpolation: 0,interpolation_duration: 1}
$data merge entity $(bone_eyelid_expressions_right6) {transformation: [-0.9979f,-0.0568f,0.0318f,-0.4475f,-0.0421f,0.9351f,0.3518f,3.1993f,-0.0497f,0.3497f,-0.9355f,4.2792f,0f,0f,0f,1f],start_interpolation: 0,interpolation_duration: 1}
$data merge entity $(bone_right_eye1) {transformation: [-0.9979f,-0.0568f,0.0318f,-0.0955f,-0.0421f,0.9351f,0.3518f,3.2491f,-0.0497f,0.3497f,-0.9355f,3.7217f,0f,0f,0f,1f],start_interpolation: 0,interpolation_duration: 1}
$data merge entity $(bone_tear_left1) {transformation: [-0.9979f,-0.0568f,0.0318f,0.4972f,-0.0421f,0.9351f,0.3518f,3.0482f,-0.0497f,0.3497f,-0.9355f,4.1945f,0f,0f,0f,1f],start_interpolation: 0,interpolation_duration: 1}
$data merge entity $(bone_left_sad_pupil1) {transformation: [-0.9979f,-0.0568f,0.0318f,0.3041f,-0.0421f,0.9351f,0.3518f,3.1257f,-0.0497f,0.3497f,-0.9355f,4.2771f,0f,0f,0f,1f],start_interpolation: 0,interpolation_duration: 1}
$data merge entity $(bone_left_pupil1) {transformation: [-0.9979f,-0.0568f,0.0318f,0.3037f,-0.0421f,0.9351f,0.3518f,3.1217f,-0.0497f,0.3497f,-0.9355f,4.2876f,0f,0f,0f,1f],start_interpolation: 0,interpolation_duration: 1}
$data merge entity $(bone_eyelid_left1) {transformation: [-0.9979f,-0.0568f,0.0318f,-0.1063f,-0.0421f,0.9351f,0.3518f,3.2525f,-0.0497f,0.3497f,-0.9355f,3.7106f,0f,0f,0f,1f],start_interpolation: 0,interpolation_duration: 1}
$data merge entity $(bone_left_happy_pupil1) {transformation: [-0.9979f,-0.0568f,0.0318f,0.3337f,-0.0421f,0.9351f,0.3518f,3.1006f,-0.0497f,0.3497f,-0.9355f,4.2687f,0f,0f,0f,1f],start_interpolation: 0,interpolation_duration: 1}
$data merge entity $(bone_eyelid_expressions_left5) {transformation: [-0.9979f,-0.0568f,0.0318f,0.4266f,-0.0421f,0.9351f,0.3518f,3.2362f,-0.0497f,0.3497f,-0.9355f,4.3228f,0f,0f,0f,1f],start_interpolation: 0,interpolation_duration: 1}
$data merge entity $(bone_eyelid_expressions_left7) {transformation: [-0.9979f,-0.0568f,0.0318f,0.0904f,-0.0421f,0.9351f,0.3518f,3.222f,-0.0497f,0.3497f,-0.9355f,4.3061f,0f,0f,0f,1f],start_interpolation: 0,interpolation_duration: 1}
$data merge entity $(bone_eyelid_expressions_left6) {transformation: [-0.9979f,-0.0568f,0.0318f,0.2025f,-0.0421f,0.9351f,0.3518f,3.2267f,-0.0497f,0.3497f,-0.9355f,4.3116f,0f,0f,0f,1f],start_interpolation: 0,interpolation_duration: 1}
$data merge entity $(bone_left_eye1) {transformation: [-0.9979f,-0.0568f,0.0318f,-0.0955f,-0.0421f,0.9351f,0.3518f,3.2491f,-0.0497f,0.3497f,-0.9355f,3.7217f,0f,0f,0f,1f],start_interpolation: 0,interpolation_duration: 1}
$data merge entity $(bone_crest_middle5) {transformation: [-0.9979f,-0.0486f,0.0433f,-0.1894f,-0.0421f,0.9891f,0.141f,4.3772f,-0.0497f,0.1389f,-0.9891f,4.6523f,0f,0f,0f,1f],start_interpolation: 0,interpolation_duration: 1}
$data merge entity $(bone_crest_middle4) {transformation: [-0.9979f,-0.0486f,0.0433f,-0.1566f,-0.0421f,0.9891f,0.141f,3.7107f,-0.0497f,0.1389f,-0.9891f,4.5587f,0f,0f,0f,1f],start_interpolation: 0,interpolation_duration: 1}
$data merge entity $(bone_crest_middle1) {transformation: [-0.9979f,-0.0486f,0.0433f,-0.1357f,-0.0421f,0.9891f,0.141f,3.1989f,-0.0497f,0.1389f,-0.9891f,4.5718f,0f,0f,0f,1f],start_interpolation: 0,interpolation_duration: 1}
$data merge entity $(bone_crest_left5) {transformation: [-0.4882f,-0.8605f,0.1454f,-1.2582f,-0.8113f,0.5089f,0.2878f,3.6962f,-0.3217f,0.0226f,-0.9466f,4.4656f,0f,0f,0f,1f],start_interpolation: 0,interpolation_duration: 1}
$data merge entity $(bone_crest_left4) {transformation: [-0.4882f,-0.8605f,0.1454f,-0.775f,-0.8113f,0.5089f,0.2878f,3.4105f,-0.3217f,0.0226f,-0.9466f,4.4529f,0f,0f,0f,1f],start_interpolation: 0,interpolation_duration: 1}
$data merge entity $(bone_crest_left1) {transformation: [-0.4882f,-0.8605f,0.1454f,-0.2353f,-0.8113f,0.5089f,0.2878f,3.1123f,-0.3217f,0.0226f,-0.9466f,4.3858f,0f,0f,0f,1f],start_interpolation: 0,interpolation_duration: 1}
$data merge entity $(bone_crest_center1) {transformation: [-0.9979f,-0.0568f,0.0318f,-0.1217f,-0.0421f,0.9351f,0.3518f,3.0908f,-0.0497f,0.3497f,-0.9355f,4.3816f,0f,0f,0f,1f],start_interpolation: 0,interpolation_duration: 1}
$data merge entity $(bone_crest_right5) {transformation: [-0.5841f,0.8083f,-0.0743f,0.9461f,0.7661f,0.5792f,0.2786f,3.7892f,0.2682f,0.1058f,-0.9575f,4.5754f,0f,0f,0f,1f],start_interpolation: 0,interpolation_duration: 1}
$data merge entity $(bone_crest_right4) {transformation: [-0.5841f,0.8083f,-0.0743f,0.4922f,0.7661f,0.5792f,0.2786f,3.4639f,0.2682f,0.1058f,-0.9575f,4.5161f,0f,0f,0f,1f],start_interpolation: 0,interpolation_duration: 1}
$data merge entity $(bone_crest_right1) {transformation: [-0.5841f,0.8083f,-0.0743f,-0.0112f,0.7661f,0.5792f,0.2786f,3.1218f,0.2682f,0.1058f,-0.9575f,4.397f,0f,0f,0f,1f],start_interpolation: 0,interpolation_duration: 1}
$data merge entity $(bone_head1) {transformation: [-1.046f,-0.0596f,0.0333f,-0.0726f,-0.0441f,0.9802f,0.3687f,3.4138f,-0.0521f,0.3666f,-0.9806f,3.1242f,0f,0f,0f,1f],start_interpolation: 0,interpolation_duration: 1}
$data merge entity $(bone_neck10) {transformation: [-1.4932f,-0.0756f,-0.0833f,-0.1093f,-0.0894f,1.4705f,0.2682f,3.1638f,0.0682f,0.2724f,-1.4708f,1.9945f,0f,0f,0f,1f],start_interpolation: 0,interpolation_duration: 1}
$data merge entity $(bone_neck9) {transformation: [-1.1423f,0.0154f,-0.0846f,-0.1285f,-0.0684f,0.522f,1.0174f,2.5986f,0.0522f,1.0195f,-0.5196f,0.834f,0f,0f,0f,1f],start_interpolation: 0,interpolation_duration: 1}
$data merge entity $(bone_neck8) {transformation: [-1.0601f,0.033f,-0.0727f,-0.1655f,-0.0635f,0.2387f,1.0341f,2.4137f,0.0485f,1.0355f,-0.236f,-0.2176f,0f,0f,0f,1f],start_interpolation: 0,interpolation_duration: 1}
$data merge entity $(bone_neck7) {transformation: [-1.0517f,0.063f,-0.066f,-0.2291f,-0.0617f,0.0705f,1.0515f,2.3424f,0.0671f,1.0514f,-0.0666f,-1.2802f,0f,0f,0f,1f],start_interpolation: 0,interpolation_duration: 1}
$data merge entity $(bone_neck6) {transformation: [-1.0294f,0.1805f,-0.0976f,-0.3963f,-0.1328f,-0.2058f,1.0207f,2.5466f,0.1564f,1.0134f,0.2246f,-2.2074f,0f,0f,0f,1f],start_interpolation: 0,interpolation_duration: 1}
$data merge entity $(bone_neck_spine6) {transformation: [-1.2389f,-0.2499f,0.1504f,-0.3448f,0.0587f,0.4294f,1.1967f,3.9096f,-0.2857f,1.1718f,-0.4064f,-6.0283f,0f,0f,0f,1f],start_interpolation: 0,interpolation_duration: 1}
$data merge entity $(bone_neck_spine7) {transformation: [-0.955f,-0.2613f,0.14f,0.575f,0.0359f,0.3667f,0.9297f,2.9989f,-0.2943f,0.8929f,-0.3408f,-9.2991f,0f,0f,0f,1f],start_interpolation: 0,interpolation_duration: 1}
$data merge entity $(bone_tail6) {transformation: [-1.6848f,0.3544f,-0.0333f,0.4936f,-0.1615f,-0.6175f,1.5994f,3.8874f,0.3172f,1.5679f,0.6374f,-12.7142f,0f,0f,0f,1f],start_interpolation: 0,interpolation_duration: 1}
$data merge entity $(bone_tail5) {transformation: [-1.3918f,0.2931f,0.0237f,0.6787f,-0.1334f,-0.7318f,1.2126f,3.4252f,0.262f,1.1841f,0.7435f,-11.9663f,0f,0f,0f,1f],start_interpolation: 0,interpolation_duration: 1}
$data merge entity $(bone_tail4) {transformation: [-1.0214f,0.2307f,0.0468f,0.7776f,-0.0908f,-0.5782f,0.8696f,3.1774f,0.2172f,0.8433f,0.5834f,-11.6049f,0f,0f,0f,1f],start_interpolation: 0,interpolation_duration: 1}
$data merge entity $(bone_segment18) {transformation: [-0.9949f,0.091f,0.0446f,0.8287f,-0.0139f,-0.5582f,0.8296f,2.864f,0.1004f,0.8247f,0.5566f,-11.1418f,0f,0f,0f,1f],start_interpolation: 0,interpolation_duration: 1}
$data merge entity $(bone_segment17) {transformation: [-0.9988f,-0.0437f,0.0214f,0.7968f,0.035f,-0.3408f,0.9395f,2.6152f,-0.0338f,0.9391f,0.3419f,-10.4563f,0f,0f,0f,1f],start_interpolation: 0,interpolation_duration: 1}
$data merge entity $(bone_segment16) {transformation: [-0.9833f,-0.1792f,0.0313f,0.6257f,0.0496f,-0.0988f,0.9939f,2.521f,-0.175f,0.9788f,0.106f,-9.5219f,0f,0f,0f,1f],start_interpolation: 0,interpolation_duration: 1}
$data merge entity $(bone_segment15) {transformation: [-0.955f,-0.2887f,0.0676f,0.2853f,0.0359f,0.1136f,0.9929f,2.6549f,-0.2943f,0.9507f,-0.0981f,-8.4009f,0f,0f,0f,1f],start_interpolation: 0,interpolation_duration: 1}
$data merge entity $(bone_segment14) {transformation: [-0.9868f,-0.338f,0.1032f,-0.095f,0.0272f,0.2327f,1.0217f,2.9167f,-0.3524f,0.9645f,-0.2103f,-7.3158f,0f,0f,0f,1f],start_interpolation: 0,interpolation_duration: 1}
$data merge entity $(bone_segment13) {transformation: [-0.9984f,-0.2194f,0.0844f,-0.3615f,0.0473f,0.1733f,1.0099f,3.0977f,-0.2302f,0.9869f,-0.1586f,-6.1229f,0f,0f,0f,1f],start_interpolation: 0,interpolation_duration: 1}
$data merge entity $(bone_segment12) {transformation: [-1.1052f,-0.1413f,0.0553f,-0.5322f,0.0535f,0.0179f,1.1141f,3.1193f,-0.142f,1.1064f,-0.011f,-4.7862f,0f,0f,0f,1f],start_interpolation: 0,interpolation_duration: 1}
$data merge entity $(bone_segment11) {transformation: [-1.19f,0.0063f,0.0323f,-0.5249f,0.0308f,-0.1914f,1.1745f,2.8982f,0.0114f,1.1749f,0.1911f,-3.4284f,0f,0f,0f,1f],start_interpolation: 0,interpolation_duration: 1}
$data merge entity $(bone_segment10) {transformation: [-1.0424f,0.1059f,0.0288f,-0.3908f,0f,-0.2755f,1.0113f,2.5655f,0.1098f,1.0058f,0.274f,-2.1549f,0f,0f,0f,1f],start_interpolation: 0,interpolation_duration: 1}
data modify entity @s data merge value {"cameras":{},"locators":{"mouth":{"px":-0.1451739191146918,"py":2.4422975483961014,"pz":5.401684219903903,"ry":189.2333041540372,"rx":69.24979867797042}}}
function animated_java:gyarados/animations/water_idle/zzz/frames/on_tick/transform_floating_entities