# This file was generated by Animated Java via MC-Build. It is not recommended to edit this file directly.
$data merge entity $(bone_neck_spine5) {transformation: [-1.5713f,0.0526f,0.0137f,0.2544f,0.0512f,1.2997f,0.8833f,3.4141f,0.0183f,0.8832f,-1.3006f,0.347f,0f,0f,0f,1f],start_interpolation: 0,interpolation_duration: 1}
$data merge entity $(bone_neck_spine2) {transformation: [-1.4965f,0.0446f,-0.0262f,0.2084f,0.0488f,1.4701f,-0.2804f,4.7728f,0.0174f,-0.2811f,-1.4707f,2.2512f,0f,0f,0f,1f],start_interpolation: 0,interpolation_duration: 1}
$data merge entity $(bone_scale_neck_left1) {transformation: [-1.5765f,0.4702f,0.0815f,0.9666f,0.4772f,1.5568f,0.2481f,3.8556f,-0.0062f,0.2611f,-1.6263f,2.3781f,0f,0f,0f,1f],start_interpolation: 0,interpolation_duration: 1}
$data merge entity $(bone_scale_neck_right1) {transformation: [-1.6036f,-0.3617f,-0.1029f,-0.6047f,-0.3736f,1.584f,0.2541f,3.9068f,0.0432f,0.2708f,-1.6242f,2.3964f,0f,0f,0f,1f],start_interpolation: 0,interpolation_duration: 1}
$data merge entity $(bone_blush_right1) {transformation: [-0.9899f,0.0144f,0.1412f,-0.6104f,0.0235f,0.9977f,0.0629f,3.6894f,-0.1399f,0.0655f,-0.988f,3.6748f,0f,0f,0f,1f],start_interpolation: 0,interpolation_duration: 1}
$data merge entity $(bone_blush_left1) {transformation: [-0.9899f,0.0144f,0.1412f,0.7013f,0.0235f,0.9977f,0.0629f,3.6583f,-0.1399f,0.0655f,-0.988f,3.8602f,0f,0f,0f,1f],start_interpolation: 0,interpolation_duration: 1}
$data merge entity $(bone_left_head_scales) {transformation: [-0.9432f,0.0144f,-0.3319f,0.7785f,-0.0082f,0.9977f,0.0666f,4.4111f,0.3321f,0.0655f,-0.941f,3.5213f,0f,0f,0f,1f],start_interpolation: 0,interpolation_duration: 1}
$data merge entity $(bone_left_head_scales2) {transformation: [-0.8918f,0.0144f,-0.4521f,0.7417f,-0.0168f,0.9977f,0.0649f,3.5041f,0.4521f,0.0655f,-0.8896f,3.6288f,0f,0f,0f,1f],start_interpolation: 0,interpolation_duration: 1}
$data merge entity $(bone_left_head_scales1) {transformation: [-0.9899f,0.0144f,0.1412f,0.7768f,0.0235f,0.9977f,0.0629f,4.299f,-0.1399f,0.0655f,-0.988f,3.5139f,0f,0f,0f,1f],start_interpolation: 0,interpolation_duration: 1}
$data merge entity $(bone_right_head_scales) {transformation: [-0.8129f,0.0144f,0.5823f,-0.5556f,0.0498f,0.9977f,0.0449f,4.4427f,-0.5803f,0.0655f,-0.8117f,3.3327f,0f,0f,0f,1f],start_interpolation: 0,interpolation_duration: 1}
$data merge entity $(bone_right_head_scales2) {transformation: [-0.7299f,0.0144f,0.6834f,-0.5923f,0.0553f,0.9977f,0.038f,3.5357f,-0.6813f,0.0655f,-0.729f,3.4403f,0f,0f,0f,1f],start_interpolation: 0,interpolation_duration: 1}
$data merge entity $(bone_right_head_scales1) {transformation: [-0.9899f,0.0144f,0.1412f,-0.5572f,0.0235f,0.9977f,0.0629f,4.3306f,-0.1399f,0.0655f,-0.988f,3.3253f,0f,0f,0f,1f],start_interpolation: 0,interpolation_duration: 1}
$data merge entity $(bone_head_left_fin1) {transformation: [-0.621f,0.182f,-0.8246f,0.7827f,0.2274f,1.0218f,0.0542f,3.8841f,0.8132f,-0.1468f,-0.6448f,3.4031f,0f,0f,0f,1f],start_interpolation: 0,interpolation_duration: 1}
$data merge entity $(bone_head_right_fin1) {transformation: [-0.3812f,-0.0865f,0.9725f,-0.5514f,-0.2037f,1.0281f,0.0116f,3.9157f,-0.9549f,-0.1847f,-0.3908f,3.2145f,0f,0f,0f,1f],start_interpolation: 0,interpolation_duration: 1}
$data merge entity $(bone_right_whisker16) {transformation: [-0.0862f,-0.4503f,0.8887f,-0.7808f,0.9759f,0.1412f,0.1662f,2.1932f,-0.2003f,0.8816f,0.4273f,1.7002f,0f,0f,0f,1f],start_interpolation: 0,interpolation_duration: 1}
$data merge entity $(bone_right_whisker15) {transformation: [0.5251f,-0.1998f,0.8272f,-0.9577f,0.1369f,0.9792f,0.1496f,2.1471f,-0.8399f,0.0347f,0.5416f,1.9832f,0f,0f,0f,1f],start_interpolation: 0,interpolation_duration: 1}
$data merge entity $(bone_right_whisker14) {transformation: [0.7209f,-0.1053f,0.685f,-1.2006f,-0.4334f,0.7028f,0.5642f,2.2931f,-0.5408f,-0.7036f,0.461f,2.1654f,0f,0f,0f,1f],start_interpolation: 0,interpolation_duration: 1}
$data merge entity $(bone_right_whisker13) {transformation: [0.3026f,-0.3405f,0.8902f,-1.3026f,-0.0886f,0.9199f,0.3819f,2.3229f,-0.949f,-0.1944f,0.2483f,2.4851f,0f,0f,0f,1f],start_interpolation: 0,interpolation_duration: 1}
$data merge entity $(bone_right_whisker12) {transformation: [-0.3855f,-0.2164f,0.897f,-1.1294f,-0.5504f,0.8342f,-0.0353f,2.5702f,-0.7406f,-0.5073f,-0.4407f,2.8178f,0f,0f,0f,1f],start_interpolation: 0,interpolation_duration: 1}
$data merge entity $(bone_right_whisker11) {transformation: [-0.8612f,-0.1278f,0.492f,-0.7425f,-0.272f,0.9335f,-0.2336f,2.6923f,-0.4294f,-0.335f,-0.8387f,3.0107f,0f,0f,0f,1f],start_interpolation: 0,interpolation_duration: 1}
$data merge entity $(bone_right_whisker10) {transformation: [-0.4172f,-0.4798f,0.7718f,-0.5551f,-0.6765f,0.7311f,0.0888f,2.9962f,-0.6069f,-0.4851f,-0.6296f,3.2833f,0f,0f,0f,1f],start_interpolation: 0,interpolation_duration: 1}
$data merge entity $(bone_right_whisker1) {transformation: [0.108f,-0.4847f,0.868f,-0.6036f,-0.8745f,0.369f,0.3148f,3.3891f,-0.4729f,-0.793f,-0.384f,3.4958f,0f,0f,0f,1f],start_interpolation: 0,interpolation_duration: 1}
$data merge entity $(bone_left_whisker16) {transformation: [-0.1836f,0.1945f,-0.9636f,1.3424f,-0.9695f,0.1259f,0.2101f,2.1429f,0.1622f,0.9728f,0.1655f,2.0003f,0f,0f,0f,1f],start_interpolation: 0,interpolation_duration: 1}
$data merge entity $(bone_left_whisker15) {transformation: [0.2649f,0.2277f,-0.937f,1.4316f,-0.1556f,0.9691f,0.1914f,2.0904f,0.9516f,0.0951f,0.2922f,2.321f,0f,0f,0f,1f],start_interpolation: 0,interpolation_duration: 1}
$data merge entity $(bone_left_whisker14) {transformation: [0.5622f,0.3286f,-0.7589f,1.621f,0.403f,0.6925f,0.5984f,2.2262f,0.7222f,-0.6422f,0.2569f,2.5643f,0f,0f,0f,1f],start_interpolation: 0,interpolation_duration: 1}
$data merge entity $(bone_left_whisker13) {transformation: [0.0317f,0.4233f,-0.9054f,1.6317f,0.0806f,0.9018f,0.4245f,2.2534f,0.9962f,-0.0865f,-0.0056f,2.8999f,0f,0f,0f,1f],start_interpolation: 0,interpolation_duration: 1}
$data merge entity $(bone_left_whisker12) {transformation: [-0.5496f,0.387f,-0.7404f,1.3848f,0.5725f,0.8199f,0.0035f,2.5106f,0.6084f,-0.422f,-0.6722f,3.1732f,0f,0f,0f,1f],start_interpolation: 0,interpolation_duration: 1}
$data merge entity $(bone_left_whisker11) {transformation: [-0.9328f,0.2589f,-0.2507f,0.9658f,0.3145f,0.9244f,-0.216f,2.6519f,0.1758f,-0.2803f,-0.9437f,3.2522f,0f,0f,0f,1f],start_interpolation: 0,interpolation_duration: 1}
$data merge entity $(bone_left_whisker10) {transformation: [-0.5371f,0.6288f,-0.5622f,0.7245f,0.6991f,0.7048f,0.1205f,2.9659f,0.472f,-0.3283f,-0.8182f,3.4642f,0f,0f,0f,1f],start_interpolation: 0,interpolation_duration: 1}
$data merge entity $(bone_left_whisker1) {transformation: [0.0132f,0.702f,-0.712f,0.7304f,0.8716f,0.3409f,0.3523f,3.3574f,0.49f,-0.6252f,-0.6074f,3.6843f,0f,0f,0f,1f],start_interpolation: 0,interpolation_duration: 1}
$data merge entity $(bone_upper_left_tooth1) {transformation: [-0.9899f,0.0266f,0.1394f,0.2462f,0.0235f,0.9994f,-0.0243f,3.714f,-0.1399f,-0.0208f,-0.9899f,4.5612f,0f,0f,0f,1f],start_interpolation: 0,interpolation_duration: 1}
$data merge entity $(bone_upper_right_tooth1) {transformation: [-0.9899f,0.0266f,0.1394f,-0.4208f,0.0235f,0.9994f,-0.0243f,3.7298f,-0.1399f,-0.0208f,-0.9899f,4.4669f,0f,0f,0f,1f],start_interpolation: 0,interpolation_duration: 1}
$data merge entity $(bone_top_lip1) {transformation: [-0.9899f,0.0727f,0.1219f,-0.0562f,0.0235f,0.9308f,-0.3647f,3.8447f,-0.1399f,-0.3581f,-0.9231f,4.5154f,0f,0f,0f,1f],start_interpolation: 0,interpolation_duration: 1}
$data merge entity $(bone_muzzle1) {transformation: [-0.9899f,0.0266f,0.1394f,0.0265f,0.0235f,0.9994f,-0.0243f,3.9994f,-0.1399f,-0.0208f,-0.9899f,3.956f,0f,0f,0f,1f],start_interpolation: 0,interpolation_duration: 1}
$data merge entity $(bone_jaw_right_tooth1) {transformation: [-0.9899f,0.11f,0.0896f,-0.4216f,0.0235f,0.75f,-0.6611f,3.766f,-0.1399f,-0.6523f,-0.745f,4.4783f,0f,0f,0f,1f],start_interpolation: 0,interpolation_duration: 1}
$data merge entity $(bone_jaw_left_tooth1) {transformation: [-0.9899f,0.11f,0.0896f,0.301f,0.0235f,0.75f,-0.6611f,3.7489f,-0.1399f,-0.6523f,-0.745f,4.5805f,0f,0f,0f,1f],start_interpolation: 0,interpolation_duration: 1}
$data merge entity $(bone_tongue1) {transformation: [-0.9899f,0.0618f,0.1277f,0.0419f,0.0235f,0.9591f,-0.2822f,3.5228f,-0.1399f,-0.2763f,-0.9508f,3.7677f,0f,0f,0f,1f],start_interpolation: 0,interpolation_duration: 1}
$data merge entity $(bone_jaw_lips1) {transformation: [-0.9899f,0.0618f,0.1277f,-0.0253f,0.0235f,0.9591f,-0.2822f,3.6512f,-0.1399f,-0.2763f,-0.9508f,4.6655f,0f,0f,0f,1f],start_interpolation: 0,interpolation_duration: 1}
$data merge entity $(bone_jaw3) {transformation: [-0.9899f,0.0927f,0.1074f,0.0634f,0.0235f,0.8534f,-0.5208f,3.1114f,-0.1399f,-0.513f,-0.8469f,3.9478f,0f,0f,0f,1f],start_interpolation: 0,interpolation_duration: 1}
$data merge entity $(bone_jaw1) {transformation: [-0.9899f,-0.0103f,0.1415f,0.1905f,0.0235f,0.9717f,0.2352f,3.3227f,-0.1399f,0.2361f,-0.9616f,3.0839f,0f,0f,0f,1f],start_interpolation: 0,interpolation_duration: 1}
$data merge entity $(bone_tear_right1) {transformation: [-0.9899f,0.0144f,0.1412f,-0.5635f,0.0235f,0.9977f,0.0629f,4.0739f,-0.1399f,0.0655f,-0.988f,3.8083f,0f,0f,0f,1f],start_interpolation: 0,interpolation_duration: 1}
$data merge entity $(bone_right_pupil1) {transformation: [-0.9899f,0.0144f,0.1412f,-0.3879f,0.0235f,0.9977f,0.0629f,4.1774f,-0.1399f,0.0655f,-0.988f,3.9081f,0f,0f,0f,1f],start_interpolation: 0,interpolation_duration: 1}
$data merge entity $(bone_right_sad_pupil1) {transformation: [-0.9899f,0.0144f,0.1412f,-0.3864f,0.0235f,0.9977f,0.0629f,4.1781f,-0.1399f,0.0655f,-0.988f,3.897f,0f,0f,0f,1f],start_interpolation: 0,interpolation_duration: 1}
$data merge entity $(bone_right_happy_pupil1) {transformation: [-0.9899f,0.0144f,0.1412f,-0.4145f,0.0235f,0.9977f,0.0629f,4.1507f,-0.1399f,0.0655f,-0.988f,3.8913f,0f,0f,0f,1f],start_interpolation: 0,interpolation_duration: 1}
$data merge entity $(bone_eyelid_right1) {transformation: [-0.9899f,0.0144f,0.1412f,0.1201f,0.0235f,0.9977f,0.0629f,4.1472f,-0.1399f,0.0655f,-0.988f,3.3991f,0f,0f,0f,1f],start_interpolation: 0,interpolation_duration: 1}
$data merge entity $(bone_eyelid_expressions_right5) {transformation: [-0.9899f,0.0144f,0.1412f,-0.5126f,0.0235f,0.9977f,0.0629f,4.2931f,-0.1399f,0.0655f,-0.988f,3.8863f,0f,0f,0f,1f],start_interpolation: 0,interpolation_duration: 1}
$data merge entity $(bone_eyelid_expressions_right7) {transformation: [-0.9899f,0.0144f,0.1412f,-0.1791f,0.0235f,0.9977f,0.0629f,4.2852f,-0.1399f,0.0655f,-0.988f,3.9335f,0f,0f,0f,1f],start_interpolation: 0,interpolation_duration: 1}
$data merge entity $(bone_eyelid_expressions_right6) {transformation: [-0.9899f,0.0144f,0.1412f,-0.2902f,0.0235f,0.9977f,0.0629f,4.2879f,-0.1399f,0.0655f,-0.988f,3.9178f,0f,0f,0f,1f],start_interpolation: 0,interpolation_duration: 1}
$data merge entity $(bone_right_eye1) {transformation: [-0.9899f,0.0144f,0.1412f,0.1074f,0.0235f,0.9977f,0.0629f,4.1467f,-0.1399f,0.0655f,-0.988f,3.4086f,0f,0f,0f,1f],start_interpolation: 0,interpolation_duration: 1}
$data merge entity $(bone_tear_left1) {transformation: [-0.9899f,0.0144f,0.1412f,0.6372f,0.0235f,0.9977f,0.0629f,4.0454f,-0.1399f,0.0655f,-0.988f,3.978f,0f,0f,0f,1f],start_interpolation: 0,interpolation_duration: 1}
$data merge entity $(bone_left_sad_pupil1) {transformation: [-0.9899f,0.0144f,0.1412f,0.4474f,0.0235f,0.9977f,0.0629f,4.1583f,-0.1399f,0.0655f,-0.988f,4.0149f,0f,0f,0f,1f],start_interpolation: 0,interpolation_duration: 1}
$data merge entity $(bone_left_pupil1) {transformation: [-0.9899f,0.0144f,0.1412f,0.4458f,0.0235f,0.9977f,0.0629f,4.1576f,-0.1399f,0.0655f,-0.988f,4.026f,0f,0f,0f,1f],start_interpolation: 0,interpolation_duration: 1}
$data merge entity $(bone_eyelid_left1) {transformation: [-0.9899f,0.0144f,0.1412f,0.0979f,0.0235f,0.9977f,0.0629f,4.1477f,-0.1399f,0.0655f,-0.988f,3.3959f,0f,0f,0f,1f],start_interpolation: 0,interpolation_duration: 1}
$data merge entity $(bone_left_happy_pupil1) {transformation: [-0.9899f,0.0144f,0.1412f,0.4748f,0.0235f,0.9977f,0.0629f,4.1296f,-0.1399f,0.0655f,-0.988f,4.017f,0f,0f,0f,1f],start_interpolation: 0,interpolation_duration: 1}
$data merge entity $(bone_eyelid_expressions_left5) {transformation: [-0.9899f,0.0144f,0.1412f,0.5769f,0.0235f,0.9977f,0.0629f,4.2673f,-0.1399f,0.0655f,-0.988f,4.0403f,0f,0f,0f,1f],start_interpolation: 0,interpolation_duration: 1}
$data merge entity $(bone_eyelid_expressions_left7) {transformation: [-0.9899f,0.0144f,0.1412f,0.2434f,0.0235f,0.9977f,0.0629f,4.2752f,-0.1399f,0.0655f,-0.988f,3.9932f,0f,0f,0f,1f],start_interpolation: 0,interpolation_duration: 1}
$data merge entity $(bone_eyelid_expressions_left6) {transformation: [-0.9899f,0.0144f,0.1412f,0.3545f,0.0235f,0.9977f,0.0629f,4.2726f,-0.1399f,0.0655f,-0.988f,4.0089f,0f,0f,0f,1f],start_interpolation: 0,interpolation_duration: 1}
$data merge entity $(bone_left_eye1) {transformation: [-0.9899f,0.0144f,0.1412f,0.1074f,0.0235f,0.9977f,0.0629f,4.1467f,-0.1399f,0.0655f,-0.988f,3.4086f,0f,0f,0f,1f],start_interpolation: 0,interpolation_duration: 1}
$data merge entity $(bone_crest_middle5) {transformation: [-0.9899f,0.0446f,0.1347f,0.06f,0.0235f,0.9877f,-0.1546f,5.4994f,-0.1399f,-0.1499f,-0.9788f,3.9704f,0f,0f,0f,1f],start_interpolation: 0,interpolation_duration: 1}
$data merge entity $(bone_crest_middle4) {transformation: [-0.9899f,0.0446f,0.1347f,0.03f,0.0235f,0.9877f,-0.1546f,4.8338f,-0.1399f,-0.1499f,-0.9788f,4.0714f,0f,0f,0f,1f],start_interpolation: 0,interpolation_duration: 1}
$data merge entity $(bone_crest_middle1) {transformation: [-0.9899f,0.0446f,0.1347f,-0.0039f,0.0235f,0.9877f,-0.1546f,4.3477f,-0.1399f,-0.1499f,-0.9788f,4.2296f,0f,0f,0f,1f],start_interpolation: 0,interpolation_duration: 1}
$data merge entity $(bone_crest_left5) {transformation: [-0.544f,-0.8016f,0.2479f,-1.0565f,-0.8289f,0.5593f,-0.0102f,4.8792f,-0.1305f,-0.2111f,-0.9687f,3.8715f,0f,0f,0f,1f],start_interpolation: 0,interpolation_duration: 1}
$data merge entity $(bone_crest_left4) {transformation: [-0.544f,-0.8016f,0.2479f,-0.6063f,-0.8289f,0.5593f,-0.0102f,4.5651f,-0.1305f,-0.2111f,-0.9687f,3.99f,0f,0f,0f,1f],start_interpolation: 0,interpolation_duration: 1}
$data merge entity $(bone_crest_left1) {transformation: [-0.544f,-0.8016f,0.2479f,-0.0973f,-0.8289f,0.5593f,-0.0102f,4.2191f,-0.1305f,-0.2111f,-0.9687f,4.066f,0f,0f,0f,1f],start_interpolation: 0,interpolation_duration: 1}
$data merge entity $(bone_crest_center1) {transformation: [-0.9899f,0.0144f,0.1412f,0.0135f,0.0235f,0.9977f,0.0629f,4.1884f,-0.1399f,0.0655f,-0.988f,4.0799f,0f,0f,0f,1f],start_interpolation: 0,interpolation_duration: 1}
$data merge entity $(bone_crest_right5) {transformation: [-0.5197f,0.8538f,0.03f,1.1302f,0.8541f,0.5201f,-0.0051f,4.8274f,-0.0199f,0.023f,-0.9995f,4.1806f,0f,0f,0f,1f],start_interpolation: 0,interpolation_duration: 1}
$data merge entity $(bone_crest_right4) {transformation: [-0.5197f,0.8538f,0.03f,0.6508f,0.8541f,0.5201f,-0.0051f,4.5353f,-0.0199f,0.023f,-0.9995f,4.1677f,0f,0f,0f,1f],start_interpolation: 0,interpolation_duration: 1}
$data merge entity $(bone_crest_right1) {transformation: [-0.5197f,0.8538f,0.03f,0.1251f,0.8541f,0.5201f,-0.0051f,4.2138f,-0.0199f,0.023f,-0.9995f,4.0974f,0f,0f,0f,1f],start_interpolation: 0,interpolation_duration: 1}
$data merge entity $(bone_head1) {transformation: [-1.0376f,0.0151f,0.148f,0.1938f,0.0246f,1.0458f,0.0659f,4.1295f,-0.1467f,0.0687f,-1.0356f,2.7947f,0f,0f,0f,1f],start_interpolation: 0,interpolation_duration: 1}
$data merge entity $(bone_neck10) {transformation: [-1.4965f,0.0477f,-0.0202f,0.1651f,0.0488f,1.4941f,-0.0861f,3.62f,0.0174f,-0.0867f,-1.4948f,1.7556f,0f,0f,0f,1f],start_interpolation: 0,interpolation_duration: 1}
$data merge entity $(bone_neck9) {transformation: [-1.1448f,0.0345f,0.0195f,0.1267f,0.0373f,0.7481f,0.8667f,2.7966f,0.0133f,0.8668f,-0.7487f,0.762f,0f,0f,0f,1f],start_interpolation: 0,interpolation_duration: 1}
$data merge entity $(bone_neck8) {transformation: [-1.0625f,0.0261f,0.0258f,0.1018f,0.0346f,0.4605f,0.9576f,2.3851f,0.0124f,0.9579f,-0.4611f,-0.2236f,0f,0f,0f,1f],start_interpolation: 0,interpolation_duration: 1}
$data merge entity $(bone_neck7) {transformation: [-1.054f,-0.0497f,0.0311f,0.1521f,0.0202f,0.2181f,1.0327f,2.1647f,-0.055f,1.0317f,-0.2168f,-1.2663f,0f,0f,0f,1f],start_interpolation: 0,interpolation_duration: 1}
$data merge entity $(bone_neck6) {transformation: [-1.0269f,-0.1997f,0.0859f,0.3368f,0.1075f,-0.106f,1.0388f,2.2775f,-0.189f,1.025f,0.1241f,-2.2057f,0f,0f,0f,1f],start_interpolation: 0,interpolation_duration: 1}
$data merge entity $(bone_neck_spine6) {transformation: [-1.266f,0.0705f,-0.1107f,0.7591f,-0.1221f,-0.2371f,1.2445f,4.5857f,0.0483f,1.2485f,0.2426f,-5.3173f,0f,0f,0f,1f],start_interpolation: 0,interpolation_duration: 1}
$data merge entity $(bone_neck_spine7) {transformation: [-0.9618f,0.1832f,-0.2034f,0.2714f,-0.144f,0.2931f,0.9452f,4.9757f,0.2328f,0.9384f,-0.2556f,-8.9807f,0f,0f,0f,1f],start_interpolation: 0,interpolation_duration: 1}
$data merge entity $(bone_tail6) {transformation: [-1.5813f,0.5453f,-0.4091f,-0.7677f,-0.2726f,0.4414f,1.642f,4.246f,0.6248f,1.5726f,-0.3191f,-12.6723f,0f,0f,0f,1f],start_interpolation: 0,interpolation_duration: 1}
$data merge entity $(bone_tail5) {transformation: [-1.3063f,0.5023f,-0.2546f,-0.4504f,-0.2252f,0.1236f,1.3991f,4.324f,0.5162f,1.3251f,-0.034f,-11.8353f,0f,0f,0f,1f],start_interpolation: 0,interpolation_duration: 1}
$data merge entity $(bone_tail4) {transformation: [-0.9597f,0.3931f,-0.1522f,-0.2819f,-0.1456f,0.046f,1.037f,4.3438f,0.3956f,0.9706f,0.0125f,-11.4194f,0f,0f,0f,1f],start_interpolation: 0,interpolation_duration: 1}
$data merge entity $(bone_segment18) {transformation: [-0.9567f,0.2524f,-0.1452f,-0.1402f,-0.1435f,0.0254f,0.9893f,4.358f,0.2534f,0.9673f,0.0119f,-10.8762f,0f,0f,0f,1f],start_interpolation: 0,interpolation_duration: 1}
$data merge entity $(bone_segment17) {transformation: [-0.9559f,0.2484f,-0.1566f,0.0411f,-0.1433f,0.0709f,0.9871f,4.4098f,0.2563f,0.9661f,-0.0322f,-10.171f,0f,0f,0f,1f],start_interpolation: 0,interpolation_duration: 1}
$data merge entity $(bone_segment16) {transformation: [-0.9552f,0.2439f,-0.1677f,0.2739f,-0.1429f,0.1162f,0.9829f,4.5207f,0.2592f,0.9628f,-0.0762f,-9.2519f,0f,0f,0f,1f],start_interpolation: 0,interpolation_duration: 1}
$data merge entity $(bone_segment15) {transformation: [-0.9618f,0.2296f,-0.149f,0.5447f,-0.144f,0.0385f,0.9888f,4.5662f,0.2328f,0.9725f,-0.004f,-8.1051f,0f,0f,0f,1f],start_interpolation: 0,interpolation_duration: 1}
$data merge entity $(bone_segment14) {transformation: [-1.031f,0.1515f,-0.1132f,0.7151f,-0.1352f,-0.1513f,1.0284f,4.396f,0.1323f,1.0261f,0.1683f,-6.9508f,0f,0f,0f,1f],start_interpolation: 0,interpolation_duration: 1}
$data merge entity $(bone_segment13) {transformation: [-1.0202f,0.0715f,-0.078f,0.8033f,-0.0984f,-0.3624f,0.9545f,3.9334f,0.0389f,0.9569f,0.3673f,-5.8083f,0f,0f,0f,1f],start_interpolation: 0,interpolation_duration: 1}
$data merge entity $(bone_segment12) {transformation: [-1.1109f,-0.0674f,-0.0765f,0.7219f,-0.0376f,-0.5077f,0.9926f,3.3201f,-0.0948f,0.991f,0.5033f,-4.6111f,0f,0f,0f,1f],start_interpolation: 0,interpolation_duration: 1}
$data merge entity $(bone_segment11) {transformation: [-1.1738f,-0.1811f,-0.0807f,0.5126f,0.0084f,-0.5295f,1.0662f,2.7082f,-0.1981f,1.0507f,0.5234f,-3.3969f,0f,0f,0f,1f],start_interpolation: 0,interpolation_duration: 1}
$data merge entity $(bone_segment10) {transformation: [-1.0369f,-0.1448f,-0.0494f,0.329f,0f,-0.3385f,0.992f,2.2957f,-0.153f,0.9814f,0.3348f,-2.1532f,0f,0f,0f,1f],start_interpolation: 0,interpolation_duration: 1}
data modify entity @s data merge value {"cameras":{},"locators":{"mouth":{"posx":-0.1571026690425784,"posy":3.866268481854539,"posz":5.232617062074273,"roty":167.62121196240392,"rotx":86.15276024309995}}}