# This file was generated by Animated Java via MC-Build. It is not recommended to edit this file directly.
$data merge entity $(bone_neck_spine5) {transformation: [-1.5663f,0.0583f,0.1244f,0.2813f,0.1116f,1.3703f,0.7628f,3.6339f,-0.0801f,0.7687f,-1.3692f,0.2257f,0f,0f,0f,1f],start_interpolation: 0,interpolation_duration: 1}
$data merge entity $(bone_neck_spine2) {transformation: [-1.4917f,0.123f,0.0445f,0.1864f,0.1063f,1.4365f,-0.4091f,5.1577f,-0.0763f,-0.4044f,-1.4397f,1.9986f,0f,0f,0f,1f],start_interpolation: 0,interpolation_duration: 1}
$data merge entity $(bone_scale_neck_left1) {transformation: [-1.5519f,0.5208f,0.1833f,0.8964f,0.5336f,1.5552f,0.0991f,4.2276f,-0.1417f,0.1527f,-1.6339f,2.2497f,0f,0f,0f,1f],start_interpolation: 0,interpolation_duration: 1}
$data merge entity $(bone_scale_neck_right1) {transformation: [-1.618f,-0.3085f,-0.0006f,-0.6698f,-0.3078f,1.6142f,0.1122f,4.3391f,-0.0204f,0.1103f,-1.6433f,2.1696f,0f,0f,0f,1f],start_interpolation: 0,interpolation_duration: 1}
$data merge entity $(bone_blush_right1) {transformation: [-0.9884f,0.0529f,0.1425f,-0.706f,0.0574f,0.998f,0.0273f,4.1845f,-0.1408f,0.0352f,-0.9894f,3.487f,0f,0f,0f,1f],start_interpolation: 0,interpolation_duration: 1}
$data merge entity $(bone_blush_left1) {transformation: [-0.9884f,0.0529f,0.1425f,0.6038f,0.0574f,0.998f,0.0273f,4.1084f,-0.1408f,0.0352f,-0.9894f,3.6735f,0f,0f,0f,1f],start_interpolation: 0,interpolation_duration: 1}
$data merge entity $(bone_left_head_scales) {transformation: [-0.9425f,0.0529f,-0.33f,0.7096f,0.0383f,0.998f,0.0508f,4.847f,0.332f,0.0352f,-0.9426f,3.3119f,0f,0f,0f,1f],start_interpolation: 0,interpolation_duration: 1}
$data merge entity $(bone_left_head_scales2) {transformation: [-0.8914f,0.0529f,-0.4502f,0.638f,0.0313f,0.998f,0.0553f,3.9458f,0.4522f,0.0352f,-0.8912f,3.4469f,0f,0f,0f,1f],start_interpolation: 0,interpolation_duration: 1}
$data merge entity $(bone_left_head_scales1) {transformation: [-0.9884f,0.0529f,0.1425f,0.7036f,0.0574f,0.998f,0.0273f,4.7349f,-0.1408f,0.0352f,-0.9894f,3.3079f,0f,0f,0f,1f],start_interpolation: 0,interpolation_duration: 1}
$data merge entity $(bone_right_head_scales) {transformation: [-0.8109f,0.0529f,0.5828f,-0.6224f,0.0635f,0.998f,-0.0023f,4.9244f,-0.5817f,0.0352f,-0.8126f,3.1222f,0f,0f,0f,1f],start_interpolation: 0,interpolation_duration: 1}
$data merge entity $(bone_right_head_scales2) {transformation: [-0.7279f,0.0529f,0.6836f,-0.694f,0.0627f,0.998f,-0.0105f,4.0231f,-0.6828f,0.0352f,-0.7297f,3.2572f,0f,0f,0f,1f],start_interpolation: 0,interpolation_duration: 1}
$data merge entity $(bone_right_head_scales1) {transformation: [-0.9884f,0.0529f,0.1425f,-0.6283f,0.0574f,0.998f,0.0273f,4.8123f,-0.1408f,0.0352f,-0.9894f,3.1182f,0f,0f,0f,1f],start_interpolation: 0,interpolation_duration: 1}
$data merge entity $(bone_head_left_fin1) {transformation: [-0.6109f,0.2212f,-0.8225f,0.6934f,0.2758f,1.009f,0.0664f,4.3169f,0.8058f,-0.1777f,-0.6463f,3.2098f,0f,0f,0f,1f],start_interpolation: 0,interpolation_duration: 1}
$data merge entity $(bone_head_right_fin1) {transformation: [-0.3898f,-0.047f,0.9719f,-0.6386f,-0.2177f,1.0246f,-0.0378f,4.3943f,-0.9484f,-0.2159f,-0.3908f,3.0201f,0f,0f,0f,1f],start_interpolation: 0,interpolation_duration: 1}
$data merge entity $(bone_right_whisker16) {transformation: [-0.0487f,-0.4437f,0.8949f,-0.9359f,0.972f,0.1852f,0.1447f,2.6367f,-0.2299f,0.8768f,0.4222f,1.5587f,0f,0f,0f,1f],start_interpolation: 0,interpolation_duration: 1}
$data merge entity $(bone_right_whisker15) {transformation: [0.5292f,-0.1618f,0.8329f,-1.1142f,0.091f,0.9868f,0.134f,2.6061f,-0.8436f,0.0049f,0.5369f,1.8429f,0f,0f,0f,1f],start_interpolation: 0,interpolation_duration: 1}
$data merge entity $(bone_right_whisker14) {transformation: [0.7031f,-0.0788f,0.7067f,-1.351f,-0.4771f,0.6846f,0.551f,2.7668f,-0.5272f,-0.7246f,0.4438f,2.0206f,0f,0f,0f,1f],start_interpolation: 0,interpolation_duration: 1}
$data merge entity $(bone_right_whisker13) {transformation: [0.2981f,-0.3049f,0.9045f,-1.4515f,-0.1289f,0.9261f,0.3546f,2.8102f,-0.9458f,-0.2223f,0.2367f,2.3392f,0f,0f,0f,1f],start_interpolation: 0,interpolation_duration: 1}
$data merge entity $(bone_right_whisker12) {transformation: [-0.4072f,-0.1846f,0.8945f,-1.2685f,-0.5573f,0.8261f,-0.0833f,3.0606f,-0.7236f,-0.5324f,-0.4393f,2.6643f,0f,0f,0f,1f],start_interpolation: 0,interpolation_duration: 1}
$data merge entity $(bone_right_whisker11) {transformation: [-0.8714f,-0.092f,0.4818f,-0.8771f,-0.2515f,0.9272f,-0.2777f,3.1736f,-0.4211f,-0.3632f,-0.8311f,2.8534f,0f,0f,0f,1f],start_interpolation: 0,interpolation_duration: 1}
$data merge entity $(bone_right_whisker10) {transformation: [-0.4436f,-0.4517f,0.7741f,-0.6778f,-0.678f,0.734f,0.0398f,3.4781f,-0.5862f,-0.5071f,-0.6319f,3.1167f,0f,0f,0f,1f],start_interpolation: 0,interpolation_duration: 1}
$data merge entity $(bone_right_whisker1) {transformation: [0.0737f,-0.4709f,0.8791f,-0.7109f,-0.8919f,0.3632f,0.2693f,3.8788f,-0.4461f,-0.804f,-0.3933f,3.3171f,0f,0f,0f,1f],start_interpolation: 0,interpolation_duration: 1}
$data merge entity $(bone_left_whisker16) {transformation: [-0.2207f,0.2002f,-0.9546f,1.184f,-0.9564f,0.1478f,0.2521f,2.5136f,0.1915f,0.9686f,0.1588f,1.8606f,0f,0f,0f,1f],start_interpolation: 0,interpolation_duration: 1}
$data merge entity $(bone_left_whisker15) {transformation: [0.2597f,0.265f,-0.9286f,1.2715f,-0.1368f,0.962f,0.2363f,2.4675f,0.956f,0.0657f,0.286f,2.1827f,0f,0f,0f,1f],start_interpolation: 0,interpolation_duration: 1}
$data merge entity $(bone_left_whisker14) {transformation: [0.5781f,0.3545f,-0.735f,1.4663f,0.4027f,0.6595f,0.6348f,2.6032f,0.7097f,-0.6629f,0.2385f,2.4218f,0f,0f,0f,1f],start_interpolation: 0,interpolation_duration: 1}
$data merge entity $(bone_left_whisker13) {transformation: [0.0357f,0.4578f,-0.8884f,1.4783f,0.1096f,0.8818f,0.4588f,2.6401f,0.9933f,-0.1137f,-0.0186f,2.7565f,0f,0f,0f,1f],start_interpolation: 0,interpolation_duration: 1}
$data merge entity $(bone_left_whisker12) {transformation: [-0.5265f,0.4179f,-0.7404f,1.2418f,0.6115f,0.7911f,0.0117f,2.9148f,0.5906f,-0.4466f,-0.6721f,3.0218f,0f,0f,0f,1f],start_interpolation: 0,interpolation_duration: 1}
$data merge entity $(bone_left_whisker11) {transformation: [-0.9198f,0.2941f,-0.2597f,0.8286f,0.3555f,0.9047f,-0.2347f,3.0745f,0.166f,-0.3082f,-0.9367f,3.0964f,0f,0f,0f,1f],start_interpolation: 0,interpolation_duration: 1}
$data merge entity $(bone_left_whisker10) {transformation: [-0.5093f,0.6552f,-0.5579f,0.5998f,0.7333f,0.6697f,0.1172f,3.4039f,0.4504f,-0.3495f,-0.8216f,3.2987f,0f,0f,0f,1f],start_interpolation: 0,interpolation_duration: 1}
$data merge entity $(bone_left_whisker1) {transformation: [0.0473f,0.7141f,-0.6985f,0.6211f,0.8849f,0.2944f,0.3609f,3.8014f,0.4633f,-0.6352f,-0.618f,3.5069f,0f,0f,0f,1f],start_interpolation: 0,interpolation_duration: 1}
$data merge entity $(bone_upper_left_tooth1) {transformation: [-0.9884f,0.0652f,0.1374f,0.1519f,0.0574f,0.9966f,-0.0597f,4.2029f,-0.1408f,-0.0512f,-0.9887f,4.3724f,0f,0f,0f,1f],start_interpolation: 0,interpolation_duration: 1}
$data merge entity $(bone_upper_right_tooth1) {transformation: [-0.9884f,0.0652f,0.1374f,-0.5141f,0.0574f,0.9966f,-0.0597f,4.2416f,-0.1408f,-0.0512f,-0.9887f,4.2775f,0f,0f,0f,1f],start_interpolation: 0,interpolation_duration: 1}
$data merge entity $(bone_top_lip1) {transformation: [-0.9884f,0.1082f,0.1068f,-0.1453f,0.0574f,0.916f,-0.397f,4.3437f,-0.1408f,-0.3862f,-0.9116f,4.3226f,0f,0f,0f,1f],start_interpolation: 0,interpolation_duration: 1}
$data merge entity $(bone_muzzle1) {transformation: [-0.9884f,0.0652f,0.1374f,-0.0572f,0.0574f,0.9966f,-0.0597f,4.478f,-0.1408f,-0.0512f,-0.9887f,3.7588f,0f,0f,0f,1f],start_interpolation: 0,interpolation_duration: 1}
$data merge entity $(bone_jaw_right_tooth1) {transformation: [-0.9884f,0.1382f,0.0633f,-0.5135f,0.0574f,0.725f,-0.6863f,4.2781f,-0.1408f,-0.6747f,-0.7245f,4.2879f,0f,0f,0f,1f],start_interpolation: 0,interpolation_duration: 1}
$data merge entity $(bone_jaw_left_tooth1) {transformation: [-0.9884f,0.1382f,0.0633f,0.208f,0.0574f,0.725f,-0.6863f,4.2362f,-0.1408f,-0.6747f,-0.7245f,4.3906f,0f,0f,0f,1f],start_interpolation: 0,interpolation_duration: 1}
$data merge entity $(bone_tongue1) {transformation: [-0.9884f,0.0985f,0.1158f,-0.0605f,0.0574f,0.9471f,-0.3156f,3.9958f,-0.1408f,-0.3053f,-0.9418f,3.585f,0f,0f,0f,1f],start_interpolation: 0,interpolation_duration: 1}
$data merge entity $(bone_jaw_lips1) {transformation: [-0.9884f,0.0985f,0.1158f,-0.1218f,0.0574f,0.9471f,-0.3156f,4.1538f,-0.1408f,-0.3053f,-0.9418f,4.4785f,0f,0f,0f,1f],start_interpolation: 0,interpolation_duration: 1}
$data merge entity $(bone_jaw3) {transformation: [-0.9884f,0.1251f,0.0864f,-0.0547f,0.0574f,0.8332f,-0.55f,3.5895f,-0.1408f,-0.5387f,-0.8307f,3.7775f,0f,0f,0f,1f],start_interpolation: 0,interpolation_duration: 1}
$data merge entity $(bone_jaw1) {transformation: [-0.9884f,0.0274f,0.1495f,0.0796f,0.0574f,0.9781f,0.2002f,3.7693f,-0.1408f,0.2065f,-0.9683f,2.9076f,0f,0f,0f,1f],start_interpolation: 0,interpolation_duration: 1}
$data merge entity $(bone_tear_right1) {transformation: [-0.9884f,0.0529f,0.1425f,-0.6441f,0.0574f,0.998f,0.0273f,4.5707f,-0.1408f,0.0352f,-0.9894f,3.6087f,0f,0f,0f,1f],start_interpolation: 0,interpolation_duration: 1}
$data merge entity $(bone_right_pupil1) {transformation: [-0.9884f,0.0529f,0.1425f,-0.4646f,0.0574f,0.998f,0.0273f,4.6703f,-0.1408f,0.0352f,-0.9894f,3.7054f,0f,0f,0f,1f],start_interpolation: 0,interpolation_duration: 1}
$data merge entity $(bone_right_sad_pupil1) {transformation: [-0.9884f,0.0529f,0.1425f,-0.463f,0.0574f,0.998f,0.0273f,4.6706f,-0.1408f,0.0352f,-0.9894f,3.6943f,0f,0f,0f,1f],start_interpolation: 0,interpolation_duration: 1}
$data merge entity $(bone_right_happy_pupil1) {transformation: [-0.9884f,0.0529f,0.1425f,-0.4922f,0.0574f,0.998f,0.0273f,4.6442f,-0.1408f,0.0352f,-0.9894f,3.6894f,0f,0f,0f,1f],start_interpolation: 0,interpolation_duration: 1}
$data merge entity $(bone_eyelid_right1) {transformation: [-0.9884f,0.0529f,0.1425f,0.0414f,0.0574f,0.998f,0.0273f,4.6051f,-0.1408f,0.0352f,-0.9894f,3.1976f,0f,0f,0f,1f],start_interpolation: 0,interpolation_duration: 1}
$data merge entity $(bone_eyelid_expressions_right5) {transformation: [-0.9884f,0.0529f,0.1425f,-0.5847f,0.0574f,0.998f,0.0273f,4.7901f,-0.1408f,0.0352f,-0.9894f,3.6801f,0f,0f,0f,1f],start_interpolation: 0,interpolation_duration: 1}
$data merge entity $(bone_eyelid_expressions_right7) {transformation: [-0.9884f,0.0529f,0.1425f,-0.2517f,0.0574f,0.998f,0.0273f,4.7708f,-0.1408f,0.0352f,-0.9894f,3.7275f,0f,0f,0f,1f],start_interpolation: 0,interpolation_duration: 1}
$data merge entity $(bone_eyelid_expressions_right6) {transformation: [-0.9884f,0.0529f,0.1425f,-0.3627f,0.0574f,0.998f,0.0273f,4.7772f,-0.1408f,0.0352f,-0.9894f,3.7117f,0f,0f,0f,1f],start_interpolation: 0,interpolation_duration: 1}
$data merge entity $(bone_right_eye1) {transformation: [-0.9884f,0.0529f,0.1425f,0.0287f,0.0574f,0.998f,0.0273f,4.6055f,-0.1408f,0.0352f,-0.9894f,3.2071f,0f,0f,0f,1f],start_interpolation: 0,interpolation_duration: 1}
$data merge entity $(bone_tear_left1) {transformation: [-0.9884f,0.0529f,0.1425f,0.5547f,0.0574f,0.998f,0.0273f,4.5011f,-0.1408f,0.0352f,-0.9894f,3.7795f,0f,0f,0f,1f],start_interpolation: 0,interpolation_duration: 1}
$data merge entity $(bone_left_sad_pupil1) {transformation: [-0.9884f,0.0529f,0.1425f,0.3695f,0.0574f,0.998f,0.0273f,4.6223f,-0.1408f,0.0352f,-0.9894f,3.8129f,0f,0f,0f,1f],start_interpolation: 0,interpolation_duration: 1}
$data merge entity $(bone_left_pupil1) {transformation: [-0.9884f,0.0529f,0.1425f,0.3679f,0.0574f,0.998f,0.0273f,4.622f,-0.1408f,0.0352f,-0.9894f,3.824f,0f,0f,0f,1f],start_interpolation: 0,interpolation_duration: 1}
$data merge entity $(bone_eyelid_left1) {transformation: [-0.9884f,0.0529f,0.1425f,0.0192f,0.0574f,0.998f,0.0273f,4.6064f,-0.1408f,0.0352f,-0.9894f,3.1945f,0f,0f,0f,1f],start_interpolation: 0,interpolation_duration: 1}
$data merge entity $(bone_left_happy_pupil1) {transformation: [-0.9884f,0.0529f,0.1425f,0.3958f,0.0574f,0.998f,0.0273f,4.5927f,-0.1408f,0.0352f,-0.9894f,3.8158f,0f,0f,0f,1f],start_interpolation: 0,interpolation_duration: 1}
$data merge entity $(bone_eyelid_expressions_left5) {transformation: [-0.9884f,0.0529f,0.1425f,0.5031f,0.0574f,0.998f,0.0273f,4.727f,-0.1408f,0.0352f,-0.9894f,3.835f,0f,0f,0f,1f],start_interpolation: 0,interpolation_duration: 1}
$data merge entity $(bone_eyelid_expressions_left7) {transformation: [-0.9884f,0.0529f,0.1425f,0.1701f,0.0574f,0.998f,0.0273f,4.7463f,-0.1408f,0.0352f,-0.9894f,3.7876f,0f,0f,0f,1f],start_interpolation: 0,interpolation_duration: 1}
$data merge entity $(bone_eyelid_expressions_left6) {transformation: [-0.9884f,0.0529f,0.1425f,0.2811f,0.0574f,0.998f,0.0273f,4.7399f,-0.1408f,0.0352f,-0.9894f,3.8034f,0f,0f,0f,1f],start_interpolation: 0,interpolation_duration: 1}
$data merge entity $(bone_left_eye1) {transformation: [-0.9884f,0.0529f,0.1425f,0.0287f,0.0574f,0.998f,0.0273f,4.6055f,-0.1408f,0.0352f,-0.9894f,3.2071f,0f,0f,0f,1f],start_interpolation: 0,interpolation_duration: 1}
$data merge entity $(bone_crest_middle5) {transformation: [-0.9884f,0.0825f,0.1277f,0.0342f,0.0574f,0.9802f,-0.1893f,5.9753f,-0.1408f,-0.1798f,-0.9736f,3.7276f,0f,0f,0f,1f],start_interpolation: 0,interpolation_duration: 1}
$data merge entity $(bone_crest_middle4) {transformation: [-0.9884f,0.0825f,0.1277f,-0.0215f,0.0574f,0.9802f,-0.1893f,5.3148f,-0.1408f,-0.1798f,-0.9736f,3.8488f,0f,0f,0f,1f],start_interpolation: 0,interpolation_duration: 1}
$data merge entity $(bone_crest_middle1) {transformation: [-0.9884f,0.0825f,0.1277f,-0.0739f,0.0574f,0.9802f,-0.1893f,4.8354f,-0.1408f,-0.1798f,-0.9736f,4.0216f,0f,0f,0f,1f],start_interpolation: 0,interpolation_duration: 1}
$data merge entity $(bone_crest_left5) {transformation: [-0.5757f,-0.7797f,0.2464f,-1.1055f,-0.8108f,0.5832f,-0.0492f,5.396f,-0.1053f,-0.2281f,-0.9679f,3.6474f,0f,0f,0f,1f],start_interpolation: 0,interpolation_duration: 1}
$data merge entity $(bone_crest_left4) {transformation: [-0.5757f,-0.7797f,0.2464f,-0.6678f,-0.8108f,0.5832f,-0.0492f,5.0686f,-0.1053f,-0.2281f,-0.9679f,3.7754f,0f,0f,0f,1f],start_interpolation: 0,interpolation_duration: 1}
$data merge entity $(bone_crest_left1) {transformation: [-0.5757f,-0.7797f,0.2464f,-0.1723f,-0.8108f,0.5832f,-0.0492f,4.7056f,-0.1053f,-0.2281f,-0.9679f,3.862f,0f,0f,0f,1f],start_interpolation: 0,interpolation_duration: 1}
$data merge entity $(bone_crest_center1) {transformation: [-0.9884f,0.0529f,0.1425f,-0.0628f,0.0574f,0.998f,0.0273f,4.6711f,-0.1408f,0.0352f,-0.9894f,3.8768f,0f,0f,0f,1f],start_interpolation: 0,interpolation_duration: 1}
$data merge entity $(bone_crest_right5) {transformation: [-0.4864f,0.8733f,0.0288f,1.0778f,0.8725f,0.4872f,-0.0366f,5.2692f,-0.0459f,0.0073f,-0.9989f,3.9583f,0f,0f,0f,1f],start_interpolation: 0,interpolation_duration: 1}
$data merge entity $(bone_crest_right4) {transformation: [-0.4864f,0.8733f,0.0288f,0.5874f,0.8725f,0.4872f,-0.0366f,4.9957f,-0.0459f,0.0073f,-0.9989f,3.9542f,0f,0f,0f,1f],start_interpolation: 0,interpolation_duration: 1}
$data merge entity $(bone_crest_right1) {transformation: [-0.4864f,0.8733f,0.0288f,0.0497f,0.8725f,0.4872f,-0.0366f,4.6927f,-0.0459f,0.0073f,-0.9989f,3.8936f,0f,0f,0f,1f],start_interpolation: 0,interpolation_duration: 1}
$data merge entity $(bone_head1) {transformation: [-1.036f,0.0555f,0.1494f,0.1138f,0.0602f,1.0461f,0.0287f,4.5663f,-0.1476f,0.0369f,-1.0371f,2.594f,0f,0f,0f,1f],start_interpolation: 0,interpolation_duration: 1}
$data merge entity $(bone_neck10) {transformation: [-1.4917f,0.1162f,0.0602f,0.1218f,0.1063f,1.4776f,-0.2181f,3.9677f,-0.0763f,-0.213f,-1.4802f,1.6033f,0f,0f,0f,1f],start_interpolation: 0,interpolation_duration: 1}
$data merge entity $(bone_neck9) {transformation: [-1.1411f,0.0176f,0.0985f,0.1043f,0.0813f,0.8205f,0.7952f,3.0611f,-0.0584f,0.7992f,-0.8186f,0.6843f,0f,0f,0f,1f],start_interpolation: 0,interpolation_duration: 1}
$data merge entity $(bone_neck8) {transformation: [-1.0591f,-0.0064f,0.0927f,0.1156f,0.0754f,0.5593f,0.901f,2.5474f,-0.0542f,0.9041f,-0.5567f,-0.2525f,0f,0f,0f,1f],start_interpolation: 0,interpolation_duration: 1}
$data merge entity $(bone_neck7) {transformation: [-1.0519f,-0.013f,0.0878f,0.1287f,0.0796f,0.3232f,1.0018f,2.2208f,-0.0392f,1.0049f,-0.3211f,-1.268f,0f,0f,0f,1f],start_interpolation: 0,interpolation_duration: 1}
$data merge entity $(bone_neck6) {transformation: [-1.0413f,-0.0859f,0.1007f,0.2091f,0.1027f,-0.0198f,1.0445f,2.2545f,-0.0836f,1.046f,0.028f,-2.2281f,0f,0f,0f,1f],start_interpolation: 0,interpolation_duration: 1}
$data merge entity $(bone_neck_spine6) {transformation: [-1.233f,0.3142f,-0.0322f,-0.0642f,-0.136f,-0.4112f,1.1968f,4.4488f,0.285f,1.1628f,0.432f,-5.2477f,0f,0f,0f,1f],start_interpolation: 0,interpolation_duration: 1}
$data merge entity $(bone_neck_spine7) {transformation: [-0.9746f,0.1801f,-0.1328f,-1.0553f,-0.1116f,0.123f,0.9861f,5.4362f,0.1939f,0.9759f,-0.0998f,-8.6942f,0f,0f,0f,1f],start_interpolation: 0,interpolation_duration: 1}
$data merge entity $(bone_tail6) {transformation: [-1.6795f,-0.3783f,-0.0398f,-0.5396f,-0.1774f,0.6197f,1.5968f,4.6424f,-0.3365f,1.5615f,-0.6434f,-12.5323f,0f,0f,0f,1f],start_interpolation: 0,interpolation_duration: 1}
$data merge entity $(bone_tail5) {transformation: [-1.3874f,-0.3021f,-0.0866f,-0.7304f,-0.1466f,0.2751f,1.388f,4.8161f,-0.278f,1.3626f,-0.2994f,-11.6717f,0f,0f,0f,1f],start_interpolation: 0,interpolation_duration: 1}
$data merge entity $(bone_tail4) {transformation: [-1.0268f,-0.2036f,-0.0546f,-0.8177f,-0.086f,0.157f,1.0328f,4.8834f,-0.1925f,1.0161f,-0.1705f,-11.2363f,0f,0f,0f,1f],start_interpolation: 0,interpolation_duration: 1}
$data merge entity $(bone_segment18) {transformation: [-0.9458f,-0.3205f,-0.0521f,-0.9976f,-0.1009f,0.1378f,0.9853f,4.9608f,-0.3086f,0.9372f,-0.1627f,-10.71f,0f,0f,0f,1f],start_interpolation: 0,interpolation_duration: 1}
$data merge entity $(bone_segment17) {transformation: [-0.986f,-0.1481f,-0.0767f,-1.1057f,-0.0889f,0.0775f,0.993f,5.0174f,-0.1411f,0.9859f,-0.0896f,-9.9903f,0f,0f,0f,1f],start_interpolation: 0,interpolation_duration: 1}
$data merge entity $(bone_segment16) {transformation: [-0.9957f,0.03f,-0.088f,-1.0771f,-0.0875f,0.0157f,0.996f,5.0323f,0.0312f,0.9994f,-0.013f,-9.0363f,0f,0f,0f,1f],start_interpolation: 0,interpolation_duration: 1}
$data merge entity $(bone_segment15) {transformation: [-0.9746f,0.2083f,-0.0816f,-0.8315f,-0.1116f,-0.1364f,0.9843f,4.8714f,0.1939f,0.9685f,0.1562f,-7.8942f,0f,0f,0f,1f],start_interpolation: 0,interpolation_duration: 1}
$data merge entity $(bone_segment14) {transformation: [-0.9877f,0.3488f,-0.0386f,-0.4391f,-0.1573f,-0.337f,0.98f,4.4923f,0.3137f,0.9292f,0.3699f,-6.8488f,0f,0f,0f,1f],start_interpolation: 0,interpolation_duration: 1}
$data merge entity $(bone_segment13) {transformation: [-0.9936f,0.2539f,0.0184f,-0.1339f,-0.1096f,-0.4939f,0.8923f,3.8731f,0.2297f,0.8624f,0.5055f,-5.824f,0f,0f,0f,1f],start_interpolation: 0,interpolation_duration: 1}
$data merge entity $(bone_segment12) {transformation: [-1.0916f,0.2288f,0.0255f,0.1425f,-0.0951f,-0.5608f,0.9596f,3.1956f,0.2096f,0.9368f,0.5683f,-4.6923f,0f,0f,0f,1f],start_interpolation: 0,interpolation_duration: 1}
$data merge entity $(bone_segment11) {transformation: [-1.1857f,0.1063f,0.0036f,0.2653f,-0.0421f,-0.5057f,1.0769f,2.6112f,0.0977f,1.0724f,0.5074f,-3.4529f,0f,0f,0f,1f],start_interpolation: 0,interpolation_duration: 1}
$data merge entity $(bone_segment10) {transformation: [-1.0471f,-0.0463f,-0.0128f,0.2067f,0f,-0.2799f,1.0101f,2.273f,-0.048f,1.0091f,0.2796f,-2.1751f,0f,0f,0f,1f],start_interpolation: 0,interpolation_duration: 1}
data modify entity @s data merge value {"cameras":{},"locators":{"mouth":{"px":-0.2446048371088604,"py":4.39092390369163,"pz":5.038790008522803,"ry":123.6193218714886,"rx":86.35450937487633}}}
function animated_java:gyarados/animations/water_idle/zzz/frames/on_tick/transform_floating_entities