# This file was generated by Animated Java via MC-Build. It is not recommended to edit this file directly.
$data merge entity $(bone_neck_spine5) {transformation: [-1.5713f,0.0501f,-0.0249f,0.2158f,0.0296f,1.3378f,0.8255f,3.5143f,0.0475f,0.8245f,-1.3379f,0.2884f,0f,0f,0f,1f],start_interpolation: 0,interpolation_duration: 1}
$data merge entity $(bone_neck_spine2) {transformation: [-1.4964f,0.017f,-0.0505f,0.1863f,0.0282f,1.4568f,-0.345f,4.9545f,0.0452f,-0.3457f,-1.4562f,2.1321f,0f,0f,0f,1f],start_interpolation: 0,interpolation_duration: 1}
$data merge entity $(bone_scale_neck_left1) {transformation: [-1.5833f,0.4517f,0.0462f,0.9606f,0.454f,1.5733f,0.1777f,4.0546f,0.0046f,0.1836f,-1.6369f,2.2837f,0f,0f,0f,1f],start_interpolation: 0,interpolation_duration: 1}
$data merge entity $(bone_scale_neck_right1) {transformation: [-1.5967f,-0.3802f,-0.1382f,-0.6107f,-0.3941f,1.589f,0.1812f,4.0842f,0.0915f,0.2087f,-1.6313f,2.3312f,0f,0f,0f,1f],start_interpolation: 0,interpolation_duration: 1}
$data merge entity $(bone_blush_right1) {transformation: [-0.9953f,0.0015f,0.0973f,-0.5665f,0.0057f,0.999f,0.0433f,3.9029f,-0.0971f,0.0436f,-0.9943f,3.6268f,0f,0f,0f,1f],start_interpolation: 0,interpolation_duration: 1}
$data merge entity $(bone_blush_left1) {transformation: [-0.9953f,0.0015f,0.0973f,0.7524f,0.0057f,0.999f,0.0433f,3.8953f,-0.0971f,0.0436f,-0.9943f,3.7555f,0f,0f,0f,1f],start_interpolation: 0,interpolation_duration: 1}
$data merge entity $(bone_left_head_scales) {transformation: [-0.9277f,0.0015f,-0.3733f,0.8029f,-0.0149f,0.999f,0.041f,4.6415f,0.373f,0.0436f,-0.9268f,3.3976f,0f,0f,0f,1f],start_interpolation: 0,interpolation_duration: 1}
$data merge entity $(bone_left_head_scales2) {transformation: [-0.8711f,0.0015f,-0.4912f,0.7852f,-0.0201f,0.999f,0.0387f,3.7366f,0.4907f,0.0436f,-0.8702f,3.5259f,0f,0f,0f,1f],start_interpolation: 0,interpolation_duration: 1}
$data merge entity $(bone_left_head_scales1) {transformation: [-0.9953f,0.0015f,0.0973f,0.8028f,0.0057f,0.999f,0.0433f,4.5293f,-0.0971f,0.0436f,-0.9943f,3.3927f,0f,0f,0f,1f],start_interpolation: 0,interpolation_duration: 1}
$data merge entity $(bone_right_head_scales) {transformation: [-0.8379f,0.0015f,0.5459f,-0.5383f,0.0251f,0.999f,0.0357f,4.6492f,-0.5453f,0.0436f,-0.8371f,3.2667f,0f,0f,0f,1f],start_interpolation: 0,interpolation_duration: 1}
$data merge entity $(bone_right_head_scales2) {transformation: [-0.7595f,0.0015f,0.6506f,-0.556f,0.0295f,0.999f,0.0322f,3.7444f,-0.6499f,0.0436f,-0.7588f,3.395f,0f,0f,0f,1f],start_interpolation: 0,interpolation_duration: 1}
$data merge entity $(bone_right_head_scales1) {transformation: [-0.9953f,0.0015f,0.0973f,-0.5385f,0.0057f,0.999f,0.0433f,4.537f,-0.0971f,0.0436f,-0.9943f,3.2618f,0f,0f,0f,1f],start_interpolation: 0,interpolation_duration: 1}
$data merge entity $(bone_head_left_fin1) {transformation: [-0.5887f,0.1594f,-0.8524f,0.8103f,0.236f,1.0209f,0.0279f,4.1122f,0.8345f,-0.1763f,-0.6093f,3.2906f,0f,0f,0f,1f],start_interpolation: 0,interpolation_duration: 1}
$data merge entity $(bone_head_right_fin1) {transformation: [-0.4189f,-0.1106f,0.9544f,-0.5309f,-0.2302f,1.0224f,0.0175f,4.1199f,-0.9328f,-0.2026f,-0.4329f,3.1597f,0f,0f,0f,1f],start_interpolation: 0,interpolation_duration: 1}
$data merge entity $(bone_right_whisker16) {transformation: [-0.1102f,-0.4139f,0.9036f,-0.7984f,0.9699f,0.1538f,0.1887f,2.3614f,-0.2171f,0.8972f,0.3846f,1.6937f,0f,0f,0f,1f],start_interpolation: 0,interpolation_duration: 1}
$data merge entity $(bone_right_whisker15) {transformation: [0.4861f,-0.2135f,0.8474f,-0.9622f,0.1262f,0.9767f,0.1737f,2.3189f,-0.8647f,0.0225f,0.5017f,1.9851f,0f,0f,0f,1f],start_interpolation: 0,interpolation_duration: 1}
$data merge entity $(bone_right_whisker14) {transformation: [0.7036f,-0.1467f,0.6953f,-1.1993f,-0.4344f,0.6855f,0.5842f,2.4652f,-0.5623f,-0.7131f,0.4186f,2.1745f,0f,0f,0f,1f],start_interpolation: 0,interpolation_duration: 1}
$data merge entity $(bone_right_whisker13) {transformation: [0.2627f,-0.363f,0.894f,-1.2878f,-0.1048f,0.9103f,0.4004f,2.5005f,-0.9592f,-0.1989f,0.2011f,2.4977f,0f,0f,0f,1f],start_interpolation: 0,interpolation_duration: 1}
$data merge entity $(bone_right_whisker12) {transformation: [-0.4085f,-0.2513f,0.8775f,-1.1043f,-0.5721f,0.8196f,-0.0317f,2.7576f,-0.7112f,-0.515f,-0.4785f,2.8172f,0f,0f,0f,1f],start_interpolation: 0,interpolation_duration: 1}
$data merge entity $(bone_right_whisker11) {transformation: [-0.8745f,-0.1569f,0.4589f,-0.7114f,-0.2941f,0.924f,-0.2446f,2.8897f,-0.3856f,-0.3488f,-0.8542f,2.9904f,0f,0f,0f,1f],start_interpolation: 0,interpolation_duration: 1}
$data merge entity $(bone_right_whisker10) {transformation: [-0.4323f,-0.5118f,0.7424f,-0.5172f,-0.6957f,0.7131f,0.0864f,3.2022f,-0.5736f,-0.4791f,-0.6644f,3.2481f,0f,0f,0f,1f],start_interpolation: 0,interpolation_duration: 1}
$data merge entity $(bone_right_whisker1) {transformation: [0.1012f,-0.5243f,0.8455f,-0.5626f,-0.8829f,0.3443f,0.3192f,3.5988f,-0.4585f,-0.7788f,-0.4281f,3.454f,0f,0f,0f,1f],start_interpolation: 0,interpolation_duration: 1}
$data merge entity $(bone_left_whisker16) {transformation: [-0.1611f,0.2344f,-0.9587f,1.3362f,-0.9684f,0.1501f,0.1994f,2.3491f,0.1906f,0.9605f,0.2028f,1.9021f,0f,0f,0f,1f],start_interpolation: 0,interpolation_duration: 1}
$data merge entity $(bone_left_whisker15) {transformation: [0.3083f,0.2163f,-0.9264f,1.4401f,-0.1308f,0.9742f,0.1839f,2.3051f,0.9423f,0.0645f,0.3286f,2.2195f,0f,0f,0f,1f],start_interpolation: 0,interpolation_duration: 1}
$data merge entity $(bone_left_whisker14) {transformation: [0.5865f,0.2896f,-0.7564f,1.6377f,0.427f,0.683f,0.5926f,2.4489f,0.6883f,-0.6705f,0.277f,2.4514f,0f,0f,0f,1f],start_interpolation: 0,interpolation_duration: 1}
$data merge entity $(bone_left_whisker13) {transformation: [0.0734f,0.405f,-0.9114f,1.6624f,0.1029f,0.9059f,0.4108f,2.4836f,0.992f,-0.124f,0.0249f,2.7856f,0f,0f,0f,1f],start_interpolation: 0,interpolation_duration: 1}
$data merge entity $(bone_left_whisker12) {transformation: [-0.5317f,0.3554f,-0.7687f,1.4235f,0.5775f,0.8161f,-0.0222f,2.743f,0.6194f,-0.4558f,-0.6392f,3.0639f,0f,0f,0f,1f],start_interpolation: 0,interpolation_duration: 1}
$data merge entity $(bone_left_whisker11) {transformation: [-0.9292f,0.2319f,-0.2878f,1.0061f,0.3045f,0.9217f,-0.2403f,2.8798f,0.2096f,-0.3109f,-0.9271f,3.158f,0f,0f,0f,1f],start_interpolation: 0,interpolation_duration: 1}
$data merge entity $(bone_left_whisker10) {transformation: [-0.5272f,0.6029f,-0.5989f,0.7693f,0.7012f,0.7067f,0.0941f,3.1948f,0.48f,-0.3703f,-0.7953f,3.3737f,0f,0f,0f,1f],start_interpolation: 0,interpolation_duration: 1}
$data merge entity $(bone_left_whisker1) {transformation: [0.0207f,0.6689f,-0.7431f,0.7786f,0.8822f,0.3374f,0.3283f,3.5911f,0.4703f,-0.6623f,-0.5832f,3.5849f,0f,0f,0f,1f],start_interpolation: 0,interpolation_duration: 1}
$data merge entity $(bone_upper_left_tooth1) {transformation: [-0.9953f,0.01f,0.0968f,0.3272f,0.0057f,0.999f,-0.044f,3.9596f,-0.0971f,-0.0432f,-0.9943f,4.4743f,0f,0f,0f,1f],start_interpolation: 0,interpolation_duration: 1}
$data merge entity $(bone_upper_right_tooth1) {transformation: [-0.9953f,0.01f,0.0968f,-0.3434f,0.0057f,0.999f,-0.044f,3.9635f,-0.0971f,-0.0432f,-0.9943f,4.4088f,0f,0f,0f,1f],start_interpolation: 0,interpolation_duration: 1}
$data merge entity $(bone_top_lip1) {transformation: [-0.9953f,0.0425f,0.0876f,0.0211f,0.0057f,0.9237f,-0.383f,4.0848f,-0.0971f,-0.3807f,-0.9196f,4.4389f,0f,0f,0f,1f],start_interpolation: 0,interpolation_duration: 1}
$data merge entity $(bone_muzzle1) {transformation: [-0.9953f,0.01f,0.0968f,0.0771f,0.0057f,0.999f,-0.044f,4.2284f,-0.0971f,-0.0432f,-0.9943f,3.8733f,0f,0f,0f,1f],start_interpolation: 0,interpolation_duration: 1}
$data merge entity $(bone_jaw_right_tooth1) {transformation: [-0.9953f,0.0698f,0.0677f,-0.3443f,0.0057f,0.737f,-0.6758f,3.9999f,-0.0971f,-0.6722f,-0.7339f,4.4195f,0f,0f,0f,1f],start_interpolation: 0,interpolation_duration: 1}
$data merge entity $(bone_jaw_left_tooth1) {transformation: [-0.9953f,0.0698f,0.0677f,0.3823f,0.0057f,0.737f,-0.6758f,3.9957f,-0.0971f,-0.6722f,-0.7339f,4.4904f,0f,0f,0f,1f],start_interpolation: 0,interpolation_duration: 1}
$data merge entity $(bone_tongue1) {transformation: [-0.9953f,0.0347f,0.0909f,0.0918f,0.0057f,0.9536f,-0.301f,3.7481f,-0.0971f,-0.2991f,-0.9493f,3.6947f,0f,0f,0f,1f],start_interpolation: 0,interpolation_duration: 1}
$data merge entity $(bone_jaw_lips1) {transformation: [-0.9953f,0.0347f,0.0909f,0.0615f,0.0057f,0.9536f,-0.301f,3.8951f,-0.0971f,-0.2991f,-0.9493f,4.5916f,0f,0f,0f,1f],start_interpolation: 0,interpolation_duration: 1}
$data merge entity $(bone_jaw3) {transformation: [-0.9953f,0.057f,0.0788f,0.1275f,0.0057f,0.8432f,-0.5376f,3.3411f,-0.0971f,-0.5346f,-0.8395f,3.8824f,0f,0f,0f,1f],start_interpolation: 0,interpolation_duration: 1}
$data merge entity $(bone_jaw1) {transformation: [-0.9953f,-0.0154f,0.0961f,0.2138f,0.0057f,0.9764f,0.2161f,3.5352f,-0.0971f,0.2156f,-0.9716f,3.0094f,0f,0f,0f,1f],start_interpolation: 0,interpolation_duration: 1}
$data merge entity $(bone_tear_right1) {transformation: [-0.9953f,0.0015f,0.0973f,-0.5198f,0.0057f,0.999f,0.0433f,4.2909f,-0.0971f,0.0436f,-0.9943f,3.7499f,0f,0f,0f,1f],start_interpolation: 0,interpolation_duration: 1}
$data merge entity $(bone_right_pupil1) {transformation: [-0.9953f,0.0015f,0.0973f,-0.3418f,0.0057f,0.999f,0.0433f,4.3991f,-0.0971f,0.0436f,-0.9943f,3.8398f,0f,0f,0f,1f],start_interpolation: 0,interpolation_duration: 1}
$data merge entity $(bone_right_sad_pupil1) {transformation: [-0.9953f,0.0015f,0.0973f,-0.3407f,0.0057f,0.999f,0.0433f,4.3996f,-0.0971f,0.0436f,-0.9943f,3.8286f,0f,0f,0f,1f],start_interpolation: 0,interpolation_duration: 1}
$data merge entity $(bone_right_happy_pupil1) {transformation: [-0.9953f,0.0015f,0.0973f,-0.3687f,0.0057f,0.999f,0.0433f,4.3717f,-0.0971f,0.0436f,-0.9943f,3.8247f,0f,0f,0f,1f],start_interpolation: 0,interpolation_duration: 1}
$data merge entity $(bone_eyelid_right1) {transformation: [-0.9953f,0.0015f,0.0973f,0.1442f,0.0057f,0.999f,0.0433f,4.3653f,-0.0971f,0.0436f,-0.9943f,3.3098f,0f,0f,0f,1f],start_interpolation: 0,interpolation_duration: 1}
$data merge entity $(bone_eyelid_expressions_right5) {transformation: [-0.9953f,0.0015f,0.0973f,-0.4691f,0.0057f,0.999f,0.0433f,4.5125f,-0.0971f,0.0436f,-0.9943f,3.821f,0f,0f,0f,1f],start_interpolation: 0,interpolation_duration: 1}
$data merge entity $(bone_eyelid_expressions_right7) {transformation: [-0.9953f,0.0015f,0.0973f,-0.1338f,0.0057f,0.999f,0.0433f,4.5106f,-0.0971f,0.0436f,-0.9943f,3.8537f,0f,0f,0f,1f],start_interpolation: 0,interpolation_duration: 1}
$data merge entity $(bone_eyelid_expressions_right6) {transformation: [-0.9953f,0.0015f,0.0973f,-0.2455f,0.0057f,0.999f,0.0433f,4.5112f,-0.0971f,0.0436f,-0.9943f,3.8428f,0f,0f,0f,1f],start_interpolation: 0,interpolation_duration: 1}
$data merge entity $(bone_right_eye1) {transformation: [-0.9953f,0.0015f,0.0973f,0.1319f,0.0057f,0.999f,0.0433f,4.3649f,-0.0971f,0.0436f,-0.9943f,3.3199f,0f,0f,0f,1f],start_interpolation: 0,interpolation_duration: 1}
$data merge entity $(bone_tear_left1) {transformation: [-0.9953f,0.0015f,0.0973f,0.6873f,0.0057f,0.999f,0.0433f,4.2839f,-0.0971f,0.0436f,-0.9943f,3.8677f,0f,0f,0f,1f],start_interpolation: 0,interpolation_duration: 1}
$data merge entity $(bone_left_sad_pupil1) {transformation: [-0.9953f,0.0015f,0.0973f,0.4976f,0.0057f,0.999f,0.0433f,4.3948f,-0.0971f,0.0436f,-0.9943f,3.9104f,0f,0f,0f,1f],start_interpolation: 0,interpolation_duration: 1}
$data merge entity $(bone_left_pupil1) {transformation: [-0.9953f,0.0015f,0.0973f,0.4965f,0.0057f,0.999f,0.0433f,4.3943f,-0.0971f,0.0436f,-0.9943f,3.9216f,0f,0f,0f,1f],start_interpolation: 0,interpolation_duration: 1}
$data merge entity $(bone_eyelid_left1) {transformation: [-0.9953f,0.0015f,0.0973f,0.1218f,0.0057f,0.999f,0.0433f,4.3654f,-0.0971f,0.0436f,-0.9943f,3.3076f,0f,0f,0f,1f],start_interpolation: 0,interpolation_duration: 1}
$data merge entity $(bone_left_happy_pupil1) {transformation: [-0.9953f,0.0015f,0.0973f,0.5255f,0.0057f,0.999f,0.0433f,4.3665f,-0.0971f,0.0436f,-0.9943f,3.9119f,0f,0f,0f,1f],start_interpolation: 0,interpolation_duration: 1}
$data merge entity $(bone_eyelid_expressions_left5) {transformation: [-0.9953f,0.0015f,0.0973f,0.6263f,0.0057f,0.999f,0.0433f,4.5062f,-0.0971f,0.0436f,-0.9943f,3.9279f,0f,0f,0f,1f],start_interpolation: 0,interpolation_duration: 1}
$data merge entity $(bone_eyelid_expressions_left7) {transformation: [-0.9953f,0.0015f,0.0973f,0.291f,0.0057f,0.999f,0.0433f,4.5081f,-0.0971f,0.0436f,-0.9943f,3.8951f,0f,0f,0f,1f],start_interpolation: 0,interpolation_duration: 1}
$data merge entity $(bone_eyelid_expressions_left6) {transformation: [-0.9953f,0.0015f,0.0973f,0.4027f,0.0057f,0.999f,0.0433f,4.5075f,-0.0971f,0.0436f,-0.9943f,3.906f,0f,0f,0f,1f],start_interpolation: 0,interpolation_duration: 1}
$data merge entity $(bone_left_eye1) {transformation: [-0.9953f,0.0015f,0.0973f,0.1319f,0.0057f,0.999f,0.0433f,4.3649f,-0.0971f,0.0436f,-0.9943f,3.3199f,0f,0f,0f,1f],start_interpolation: 0,interpolation_duration: 1}
$data merge entity $(bone_crest_middle5) {transformation: [-0.9953f,0.0225f,0.0947f,0.0876f,0.0057f,0.9847f,-0.174f,5.7286f,-0.0971f,-0.1726f,-0.9802f,3.8544f,0f,0f,0f,1f],start_interpolation: 0,interpolation_duration: 1}
$data merge entity $(bone_crest_middle4) {transformation: [-0.9953f,0.0225f,0.0947f,0.0724f,0.0057f,0.9847f,-0.174f,5.0651f,-0.0971f,-0.1726f,-0.9802f,3.9707f,0f,0f,0f,1f],start_interpolation: 0,interpolation_duration: 1}
$data merge entity $(bone_crest_middle1) {transformation: [-0.9953f,0.0225f,0.0947f,0.053f,0.0057f,0.9847f,-0.174f,4.5821f,-0.0971f,-0.1726f,-0.9802f,4.1405f,0f,0f,0f,1f],start_interpolation: 0,interpolation_duration: 1}
$data merge entity $(bone_crest_left5) {transformation: [-0.536f,-0.8187f,0.2059f,-1.0223f,-0.8395f,0.5426f,-0.0278f,5.09f,-0.089f,-0.1878f,-0.9782f,3.8174f,0f,0f,0f,1f],start_interpolation: 0,interpolation_duration: 1}
$data merge entity $(bone_crest_left4) {transformation: [-0.536f,-0.8187f,0.2059f,-0.5625f,-0.8395f,0.5426f,-0.0278f,4.7853f,-0.089f,-0.1878f,-0.9782f,3.9228f,0f,0f,0f,1f],start_interpolation: 0,interpolation_duration: 1}
$data merge entity $(bone_crest_left1) {transformation: [-0.536f,-0.8187f,0.2059f,-0.0453f,-0.8395f,0.5426f,-0.0278f,4.4486f,-0.089f,-0.1878f,-0.9782f,3.9839f,0f,0f,0f,1f],start_interpolation: 0,interpolation_duration: 1}
$data merge entity $(bone_crest_center1) {transformation: [-0.9953f,0.0015f,0.0973f,0.0665f,0.0057f,0.999f,0.0433f,4.4199f,-0.0971f,0.0436f,-0.9943f,3.9936f,0f,0f,0f,1f],start_interpolation: 0,interpolation_duration: 1}
$data merge entity $(bone_crest_right5) {transformation: [-0.5335f,0.8457f,-0.0132f,1.1763f,0.8457f,0.5331f,-0.0265f,5.0773f,-0.0154f,-0.0253f,-0.9996f,4.032f,0f,0f,0f,1f],start_interpolation: 0,interpolation_duration: 1}
$data merge entity $(bone_crest_right4) {transformation: [-0.5335f,0.8457f,-0.0132f,0.7014f,0.8457f,0.5331f,-0.0265f,4.778f,-0.0154f,-0.0253f,-0.9996f,4.0462f,0f,0f,0f,1f],start_interpolation: 0,interpolation_duration: 1}
$data merge entity $(bone_crest_right1) {transformation: [-0.5335f,0.8457f,-0.0132f,0.1783f,0.8457f,0.5331f,-0.0265f,4.4473f,-0.0154f,-0.0253f,-0.9996f,4.0057f,0f,0f,0f,1f],start_interpolation: 0,interpolation_duration: 1}
$data merge entity $(bone_head1) {transformation: [-1.0432f,0.0016f,0.102f,0.1919f,0.006f,1.0472f,0.0454f,4.3355f,-0.1018f,0.0457f,-1.0422f,2.7033f,0f,0f,0f,1f],start_interpolation: 0,interpolation_duration: 1}
$data merge entity $(bone_neck10) {transformation: [-1.4964f,0.0235f,-0.0479f,0.1508f,0.0282f,1.4894f,-0.1518f,3.7805f,0.0452f,-0.1526f,-1.4889f,1.6882f,0f,0f,0f,1f],start_interpolation: 0,interpolation_duration: 1}
$data merge entity $(bone_neck9) {transformation: [-1.1448f,0.04f,-0.008f,0.1055f,0.0216f,0.7858f,0.8332f,2.9139f,0.0346f,0.8326f,-0.786f,0.7324f,0f,0f,0f,1f],start_interpolation: 0,interpolation_duration: 1}
$data merge entity $(bone_neck8) {transformation: [-1.0625f,0.0378f,0.0022f,0.0678f,0.02f,0.5091f,0.9331f,2.4522f,0.0321f,0.9326f,-0.5095f,-0.2304f,0f,0f,0f,1f],start_interpolation: 0,interpolation_duration: 1}
$data merge entity $(bone_neck7) {transformation: [-1.0549f,-0.0377f,0.0112f,0.1059f,0.0013f,0.2672f,1.0213f,2.1822f,-0.0393f,1.0206f,-0.2669f,-1.2618f,0f,0f,0f,1f],start_interpolation: 0,interpolation_duration: 1}
$data merge entity $(bone_neck6) {transformation: [-1.0341f,-0.1687f,0.0636f,0.2617f,0.0754f,-0.068f,1.0448f,2.2602f,-0.1638f,1.0338f,0.0791f,-2.21f,0f,0f,0f,1f],start_interpolation: 0,interpolation_duration: 1}
$data merge entity $(bone_neck_spine6) {transformation: [-1.2692f,-0.0208f,-0.0931f,0.7741f,-0.0842f,-0.3383f,1.2241f,4.5483f,-0.0448f,1.2268f,0.3359f,-5.2429f,0f,0f,0f,1f],start_interpolation: 0,interpolation_duration: 1}
$data merge entity $(bone_neck_spine7) {transformation: [-0.9777f,0.1348f,-0.1613f,0.5713f,-0.1289f,0.2217f,0.9665f,5.2548f,0.166f,0.9657f,-0.1994f,-8.8871f,0f,0f,0f,1f],start_interpolation: 0,interpolation_duration: 1}
$data merge entity $(bone_tail6) {transformation: [-1.525f,0.6577f,-0.455f,-0.6092f,-0.2117f,0.6128f,1.5953f,4.3348f,0.7712f,1.4687f,-0.4619f,-12.5287f,0f,0f,0f,1f],start_interpolation: 0,interpolation_duration: 1}
$data merge entity $(bone_tail5) {transformation: [-1.2598f,0.6004f,-0.2758f,-0.23f,-0.1748f,0.2697f,1.3857f,4.5051f,0.6371f,1.2611f,-0.1651f,-11.7322f,0f,0f,0f,1f],start_interpolation: 0,interpolation_duration: 1}
$data merge entity $(bone_tail4) {transformation: [-0.9245f,0.4655f,-0.1652f,-0.0305f,-0.107f,0.1535f,1.0313f,4.5709f,0.4822f,0.9265f,-0.0879f,-11.3351f,0f,0f,0f,1f],start_interpolation: 0,interpolation_duration: 1}
$data merge entity $(bone_segment18) {transformation: [-0.9324f,0.3252f,-0.1576f,0.1521f,-0.1203f,0.1318f,0.9839f,4.6449f,0.3407f,0.9364f,-0.0838f,-10.8093f,0f,0f,0f,1f],start_interpolation: 0,interpolation_duration: 1}
$data merge entity $(bone_segment17) {transformation: [-0.9479f,0.279f,-0.1537f,0.3558f,-0.1263f,0.114f,0.9854f,4.7282f,0.2925f,0.9535f,-0.0728f,-10.1133f,0f,0f,0f,1f],start_interpolation: 0,interpolation_duration: 1}
$data merge entity $(bone_segment16) {transformation: [-0.961f,0.2321f,-0.1505f,0.5773f,-0.1313f,0.0959f,0.9867f,4.8197f,0.2434f,0.968f,-0.0616f,-9.1893f,0f,0f,0f,1f],start_interpolation: 0,interpolation_duration: 1}
$data merge entity $(bone_segment15) {transformation: [-0.9777f,0.1719f,-0.1209f,0.78f,-0.1289f,-0.036f,0.991f,4.7773f,0.166f,0.9845f,0.0573f,-8.0284f,0f,0f,0f,1f],start_interpolation: 0,interpolation_duration: 1}
$data merge entity $(bone_segment14) {transformation: [-1.0432f,0.0496f,-0.0897f,0.8359f,-0.0991f,-0.2543f,1.012f,4.4912f,0.0262f,1.0157f,0.2577f,-6.8858f,0f,0f,0f,1f],start_interpolation: 0,interpolation_duration: 1}
$data merge entity $(bone_segment13) {transformation: [-1.0228f,-0.0035f,-0.0768f,0.8337f,-0.0679f,-0.4398f,0.9242f,3.9363f,-0.0361f,0.9267f,0.4383f,-5.7817f,0f,0f,0f,1f],start_interpolation: 0,interpolation_duration: 1}
$data merge entity $(bone_segment12) {transformation: [-1.104f,-0.1364f,-0.0836f,0.669f,-0.0058f,-0.5486f,0.9713f,3.2735f,-0.1598f,0.9617f,0.5422f,-4.6199f,0f,0f,0f,1f],start_interpolation: 0,interpolation_duration: 1}
$data merge entity $(bone_segment11) {transformation: [-1.1682f,-0.2141f,-0.0813f,0.4216f,0.0227f,-0.529f,1.0662f,2.6622f,-0.2279f,1.0447f,0.5232f,-3.4126f,0f,0f,0f,1f],start_interpolation: 0,interpolation_duration: 1}
$data merge entity $(bone_segment10) {transformation: [-1.039f,-0.1317f,-0.0416f,0.2547f,0f,-0.3157f,0.9995f,2.2786f,-0.1381f,0.9908f,0.313f,-2.1573f,0f,0f,0f,1f],start_interpolation: 0,interpolation_duration: 1}
data modify entity @s data merge value {"cameras":{},"locators":{"mouth":{"posx":-0.04903520227890572,"posy":4.120562638213063,"posz":5.159255525530678,"roty":178.04796548146203,"rotx":87.49832463935209}}}