# This file was generated by Animated Java via MC-Build. It is not recommended to edit this file directly.
$data merge entity $(bone_neck_spine5) {transformation: [-1.5675f,0.1184f,0.0281f,0.3574f,0.1176f,1.3804f,0.7434f,4.0488f,0.0313f,0.7433f,-1.3851f,0.1472f,0f,0f,0f,1f],start_interpolation: 0,interpolation_duration: 1}
$data merge entity $(bone_neck_spine2) {transformation: [-1.4929f,0.0987f,-0.0608f,0.3959f,0.112f,1.4303f,-0.429f,5.5971f,0.0298f,-0.4322f,-1.4333f,1.9008f,0f,0f,0f,1f],start_interpolation: 0,interpolation_duration: 1}
$data merge entity $(bone_scale_neck_left1) {transformation: [-1.5561f,0.536f,0.0654f,1.1188f,0.5387f,1.5547f,0.0758f,4.6674f,-0.0371f,0.093f,-1.6441f,2.1131f,0f,0f,0f,1f],start_interpolation: 0,interpolation_duration: 1}
$data merge entity $(bone_scale_neck_right1) {transformation: [-1.6164f,-0.294f,-0.1185f,-0.4487f,-0.3006f,1.617f,0.0896f,4.785f,0.1004f,0.1096f,-1.6404f,2.1444f,0f,0f,0f,1f],start_interpolation: 0,interpolation_duration: 1}
$data merge entity $(bone_blush_right1) {transformation: [-0.9907f,0.1053f,-0.0864f,-0.2463f,0.0881f,0.9791f,0.1832f,4.5028f,0.1039f,0.1739f,-0.9793f,3.4984f,0f,0f,0f,1f],start_interpolation: 0,interpolation_duration: 1}
$data merge entity $(bone_blush_left1) {transformation: [-0.9907f,0.1053f,-0.0864f,1.0666f,0.0881f,0.9791f,0.1832f,4.386f,0.1039f,0.1739f,-0.9793f,3.3607f,0f,0f,0f,1f],start_interpolation: 0,interpolation_duration: 1}
$data merge entity $(bone_left_head_scales) {transformation: [-0.8389f,0.1053f,-0.5341f,1.1206f,-0.0064f,0.9791f,0.2032f,5.1718f,0.5443f,0.1739f,-0.8207f,3.1016f,0f,0f,0f,1f],start_interpolation: 0,interpolation_duration: 1}
$data merge entity $(bone_left_head_scales2) {transformation: [-0.762f,0.1053f,-0.639f,1.0406f,-0.0329f,0.9791f,0.2006f,4.2612f,0.6468f,0.1739f,-0.7426f,3.1103f,0f,0f,0f,1f],start_interpolation: 0,interpolation_duration: 1}
$data merge entity $(bone_left_head_scales1) {transformation: [-0.9907f,0.1053f,-0.0864f,1.1088f,0.0881f,0.9791f,0.1832f,5.0618f,0.1039f,0.1739f,-0.9793f,3.082f,0f,0f,0f,1f],start_interpolation: 0,interpolation_duration: 1}
$data merge entity $(bone_right_head_scales) {transformation: [-0.9186f,0.1053f,0.3808f,-0.2145f,0.1627f,0.9791f,0.1218f,5.2905f,-0.3601f,0.1739f,-0.9166f,3.2415f,0f,0f,0f,1f],start_interpolation: 0,interpolation_duration: 1}
$data merge entity $(bone_right_head_scales2) {transformation: [-0.8611f,0.1053f,0.4975f,-0.2945f,0.1772f,0.9791f,0.0995f,4.3799f,-0.4766f,0.1739f,-0.8617f,3.2503f,0f,0f,0f,1f],start_interpolation: 0,interpolation_duration: 1}
$data merge entity $(bone_right_head_scales1) {transformation: [-0.9907f,0.1053f,-0.0864f,-0.2263f,0.0881f,0.9791f,0.1832f,5.1805f,0.1039f,0.1739f,-0.9793f,3.222f,0f,0f,0f,1f],start_interpolation: 0,interpolation_duration: 1}
$data merge entity $(bone_head_left_fin1) {transformation: [-0.3972f,0.2207f,-0.9446f,1.0572f,0.1496f,1.0224f,0.176f,4.6649f,0.9584f,-0.0681f,-0.4189f,2.9263f,0f,0f,0f,1f],start_interpolation: 0,interpolation_duration: 1}
$data merge entity $(bone_head_right_fin1) {transformation: [-0.6058f,-0.0481f,0.854f,-0.2779f,-0.0604f,1.0463f,0.016f,4.7836f,-0.8532f,-0.04f,-0.6075f,3.0663f,0f,0f,0f,1f],start_interpolation: 0,interpolation_duration: 1}
$data merge entity $(bone_right_whisker16) {transformation: [-0.0553f,-0.2225f,0.9734f,-0.9816f,0.9966f,0.0473f,0.0674f,3.2838f,-0.061f,0.9738f,0.2191f,1.4637f,0f,0f,0f,1f],start_interpolation: 0,interpolation_duration: 1}
$data merge entity $(bone_right_whisker15) {transformation: [0.3259f,-0.111f,0.9389f,-1.0914f,0.2192f,0.9749f,0.0392f,3.21f,-0.9196f,0.1931f,0.3421f,1.7735f,0f,0f,0f,1f],start_interpolation: 0,interpolation_duration: 1}
$data merge entity $(bone_right_whisker14) {transformation: [0.5413f,-0.2109f,0.8139f,-1.2738f,-0.3935f,0.7919f,0.4669f,3.3425f,-0.743f,-0.573f,0.3457f,2.0239f,0f,0f,0f,1f],start_interpolation: 0,interpolation_duration: 1}
$data merge entity $(bone_right_whisker13) {transformation: [0.0677f,-0.3049f,0.95f,-1.2966f,0.0205f,0.9524f,0.3042f,3.3356f,-0.9975f,-0.0011f,0.0707f,2.3599f,0f,0f,0f,1f],start_interpolation: 0,interpolation_duration: 1}
$data merge entity $(bone_right_whisker12) {transformation: [-0.587f,-0.2633f,0.7656f,-1.033f,-0.4313f,0.902f,-0.0205f,3.5294f,-0.6852f,-0.3422f,-0.643f,2.6677f,0f,0f,0f,1f],start_interpolation: 0,interpolation_duration: 1}
$data merge entity $(bone_right_whisker11) {transformation: [-0.9552f,-0.13f,0.2657f,-0.6038f,-0.1733f,0.9739f,-0.1463f,3.6072f,-0.2398f,-0.1858f,-0.9529f,2.7754f,0f,0f,0f,1f],start_interpolation: 0,interpolation_duration: 1}
$data merge entity $(bone_right_whisker10) {transformation: [-0.5965f,-0.5215f,0.6101f,-0.3359f,-0.5719f,0.8095f,0.1328f,3.8641f,-0.5631f,-0.2697f,-0.7811f,3.0284f,0f,0f,0f,1f],start_interpolation: 0,interpolation_duration: 1}
$data merge entity $(bone_right_whisker1) {transformation: [-0.0713f,-0.6251f,0.7773f,-0.3039f,-0.8102f,0.4908f,0.3204f,4.2281f,-0.5818f,-0.6069f,-0.5414f,3.2898f,0f,0f,0f,1f],start_interpolation: 0,interpolation_duration: 1}
$data merge entity $(bone_left_whisker16) {transformation: [-0.2147f,0.4229f,-0.8804f,1.1432f,-0.9726f,-0.0101f,0.2323f,3.0948f,0.0893f,0.9061f,0.4134f,1.2409f,0f,0f,0f,1f],start_interpolation: 0,interpolation_duration: 1}
$data merge entity $(bone_left_whisker15) {transformation: [0.4648f,0.3168f,-0.8268f,1.2998f,-0.2896f,0.9368f,0.1962f,2.9973f,0.8367f,0.1482f,0.5272f,1.5228f,0f,0f,0f,1f],start_interpolation: 0,interpolation_duration: 1}
$data merge entity $(bone_left_whisker14) {transformation: [0.7429f,0.2234f,-0.6311f,1.5501f,0.2793f,0.7533f,0.5954f,3.0914f,0.6084f,-0.6186f,0.4972f,1.7278f,0f,0f,0f,1f],start_interpolation: 0,interpolation_duration: 1}
$data merge entity $(bone_left_whisker13) {transformation: [0.2669f,0.4596f,-0.8471f,1.64f,-0.0503f,0.8844f,0.464f,3.0745f,0.9624f,-0.0812f,0.2591f,2.0521f,0f,0f,0f,1f],start_interpolation: 0,interpolation_duration: 1}
$data merge entity $(bone_left_whisker12) {transformation: [-0.3489f,0.3406f,-0.8731f,1.4832f,0.5145f,0.8483f,0.1253f,3.3056f,0.7833f,-0.4055f,-0.4712f,2.4039f,0f,0f,0f,1f],start_interpolation: 0,interpolation_duration: 1}
$data merge entity $(bone_left_whisker11) {transformation: [-0.8402f,0.257f,-0.4775f,1.1058f,0.3329f,0.9395f,-0.0802f,3.4552f,0.428f,-0.2264f,-0.875f,2.5962f,0f,0f,0f,1f],start_interpolation: 0,interpolation_duration: 1}
$data merge entity $(bone_left_whisker10) {transformation: [-0.3586f,0.588f,-0.725f,0.9447f,0.6569f,0.7108f,0.2515f,3.7502f,0.6632f,-0.386f,-0.6411f,2.8942f,0f,0f,0f,1f],start_interpolation: 0,interpolation_duration: 1}
$data merge entity $(bone_left_whisker1) {transformation: [0.1925f,0.5627f,-0.804f,1.0312f,0.7994f,0.3852f,0.461f,4.1093f,0.5691f,-0.7315f,-0.3756f,3.1498f,0f,0f,0f,1f],start_interpolation: 0,interpolation_duration: 1}
$data merge entity $(bone_upper_left_tooth1) {transformation: [-0.9907f,0.0974f,-0.0952f,0.7912f,0.0881f,0.9914f,0.0971f,4.3722f,0.1039f,0.0878f,-0.9907f,4.1517f,0f,0f,0f,1f],start_interpolation: 0,interpolation_duration: 1}
$data merge entity $(bone_upper_right_tooth1) {transformation: [-0.9907f,0.0974f,-0.0952f,0.1236f,0.0881f,0.9914f,0.0971f,4.4315f,0.1039f,0.0878f,-0.9907f,4.2217f,0f,0f,0f,1f],start_interpolation: 0,interpolation_duration: 1}
$data merge entity $(bone_top_lip1) {transformation: [-0.9907f,0.0589f,-0.1228f,0.4973f,0.0881f,0.9648f,-0.2478f,4.5219f,0.1039f,-0.2563f,-0.961f,4.1946f,0f,0f,0f,1f],start_interpolation: 0,interpolation_duration: 1}
$data merge entity $(bone_muzzle1) {transformation: [-0.9907f,0.0974f,-0.0952f,0.4602f,0.0881f,0.9914f,0.0971f,4.7434f,0.1039f,0.0878f,-0.9907f,3.6531f,0f,0f,0f,1f],start_interpolation: 0,interpolation_duration: 1}
$data merge entity $(bone_jaw_right_tooth1) {transformation: [-0.9907f,0.0134f,-0.1355f,0.1283f,0.0881f,0.8219f,-0.5628f,4.466f,0.1039f,-0.5695f,-0.8154f,4.237f,0f,0f,0f,1f],start_interpolation: 0,interpolation_duration: 1}
$data merge entity $(bone_jaw_left_tooth1) {transformation: [-0.9907f,0.0134f,-0.1355f,0.8515f,0.0881f,0.8219f,-0.5628f,4.4016f,0.1039f,-0.5695f,-0.8154f,4.1612f,0f,0f,0f,1f],start_interpolation: 0,interpolation_duration: 1}
$data merge entity $(bone_tongue1) {transformation: [-0.9907f,0.0694f,-0.1172f,0.3952f,0.0881f,0.9827f,-0.1628f,4.295f,0.1039f,-0.1716f,-0.9797f,3.4133f,0f,0f,0f,1f],start_interpolation: 0,interpolation_duration: 1}
$data merge entity $(bone_jaw_lips1) {transformation: [-0.9907f,0.0694f,-0.1172f,0.5471f,0.0881f,0.9827f,-0.1628f,4.3093f,0.1039f,-0.1716f,-0.9797f,4.3098f,0f,0f,0f,1f],start_interpolation: 0,interpolation_duration: 1}
$data merge entity $(bone_jaw3) {transformation: [-0.9907f,0.0367f,-0.1312f,0.4262f,0.0881f,0.9071f,-0.4116f,3.8632f,0.1039f,-0.4193f,-0.9019f,3.5349f,0f,0f,0f,1f],start_interpolation: 0,interpolation_duration: 1}
$data merge entity $(bone_jaw1) {transformation: [-0.9907f,0.1187f,-0.0668f,0.3662f,0.0881f,0.9324f,0.3504f,4.178f,0.1039f,0.3413f,-0.9342f,2.6955f,0f,0f,0f,1f],start_interpolation: 0,interpolation_duration: 1}
$data merge entity $(bone_tear_right1) {transformation: [-0.9907f,0.1053f,-0.0864f,-0.1405f,0.0881f,0.9791f,0.1832f,4.8642f,0.1039f,0.1739f,-0.9793f,3.6599f,0f,0f,0f,1f],start_interpolation: 0,interpolation_duration: 1}
$data merge entity $(bone_right_pupil1) {transformation: [-0.9907f,0.1053f,-0.0864f,0.0607f,0.0881f,0.9791f,0.1832f,4.9454f,0.1039f,0.1739f,-0.9793f,3.7261f,0f,0f,0f,1f],start_interpolation: 0,interpolation_duration: 1}
$data merge entity $(bone_right_sad_pupil1) {transformation: [-0.9907f,0.1053f,-0.0864f,0.0597f,0.0881f,0.9791f,0.1832f,4.9475f,0.1039f,0.1739f,-0.9793f,3.7151f,0f,0f,0f,1f],start_interpolation: 0,interpolation_duration: 1}
$data merge entity $(bone_right_happy_pupil1) {transformation: [-0.9907f,0.1053f,-0.0864f,0.029f,0.0881f,0.9791f,0.1832f,4.9225f,0.1039f,0.1739f,-0.9793f,3.7132f,0f,0f,0f,1f],start_interpolation: 0,interpolation_duration: 1}
$data merge entity $(bone_eyelid_right1) {transformation: [-0.9907f,0.1053f,-0.0864f,0.4337f,0.0881f,0.9791f,0.1832f,4.9573f,0.1039f,0.1739f,-0.9793f,3.1106f,0f,0f,0f,1f],start_interpolation: 0,interpolation_duration: 1}
$data merge entity $(bone_eyelid_expressions_right5) {transformation: [-0.9907f,0.1053f,-0.0864f,-0.0564f,0.0881f,0.9791f,0.1832f,5.0688f,0.1039f,0.1739f,-0.9793f,3.7481f,0f,0f,0f,1f],start_interpolation: 0,interpolation_duration: 1}
$data merge entity $(bone_eyelid_expressions_right7) {transformation: [-0.9907f,0.1053f,-0.0864f,0.2774f,0.0881f,0.9791f,0.1832f,5.0392f,0.1039f,0.1739f,-0.9793f,3.7131f,0f,0f,0f,1f],start_interpolation: 0,interpolation_duration: 1}
$data merge entity $(bone_eyelid_expressions_right6) {transformation: [-0.9907f,0.1053f,-0.0864f,0.1661f,0.0881f,0.9791f,0.1832f,5.0491f,0.1039f,0.1739f,-0.9793f,3.7247f,0f,0f,0f,1f],start_interpolation: 0,interpolation_duration: 1}
$data merge entity $(bone_right_eye1) {transformation: [-0.9907f,0.1053f,-0.0864f,0.4235f,0.0881f,0.9791f,0.1832f,4.9562f,0.1039f,0.1739f,-0.9793f,3.1227f,0f,0f,0f,1f],start_interpolation: 0,interpolation_duration: 1}
$data merge entity $(bone_tear_left1) {transformation: [-0.9907f,0.1053f,-0.0864f,1.0611f,0.0881f,0.9791f,0.1832f,4.7573f,0.1039f,0.1739f,-0.9793f,3.5339f,0f,0f,0f,1f],start_interpolation: 0,interpolation_duration: 1}
$data merge entity $(bone_left_sad_pupil1) {transformation: [-0.9907f,0.1053f,-0.0864f,0.8942f,0.0881f,0.9791f,0.1832f,4.8733f,0.1039f,0.1739f,-0.9793f,3.6277f,0f,0f,0f,1f],start_interpolation: 0,interpolation_duration: 1}
$data merge entity $(bone_left_pupil1) {transformation: [-0.9907f,0.1053f,-0.0864f,0.8952f,0.0881f,0.9791f,0.1832f,4.8712f,0.1039f,0.1739f,-0.9793f,3.6387f,0f,0f,0f,1f],start_interpolation: 0,interpolation_duration: 1}
$data merge entity $(bone_eyelid_left1) {transformation: [-0.9907f,0.1053f,-0.0864f,0.4114f,0.0881f,0.9791f,0.1832f,4.9593f,0.1039f,0.1739f,-0.9793f,3.1129f,0f,0f,0f,1f],start_interpolation: 0,interpolation_duration: 1}
$data merge entity $(bone_left_happy_pupil1) {transformation: [-0.9907f,0.1053f,-0.0864f,0.919f,0.0881f,0.9791f,0.1832f,4.8433f,0.1039f,0.1739f,-0.9793f,3.6199f,0f,0f,0f,1f],start_interpolation: 0,interpolation_duration: 1}
$data merge entity $(bone_eyelid_expressions_left5) {transformation: [-0.9907f,0.1053f,-0.0864f,1.034f,0.0881f,0.9791f,0.1832f,4.9719f,0.1039f,0.1739f,-0.9793f,3.6338f,0f,0f,0f,1f],start_interpolation: 0,interpolation_duration: 1}
$data merge entity $(bone_eyelid_expressions_left7) {transformation: [-0.9907f,0.1053f,-0.0864f,0.7002f,0.0881f,0.9791f,0.1832f,5.0016f,0.1039f,0.1739f,-0.9793f,3.6688f,0f,0f,0f,1f],start_interpolation: 0,interpolation_duration: 1}
$data merge entity $(bone_eyelid_expressions_left6) {transformation: [-0.9907f,0.1053f,-0.0864f,0.8114f,0.0881f,0.9791f,0.1832f,4.9917f,0.1039f,0.1739f,-0.9793f,3.6571f,0f,0f,0f,1f],start_interpolation: 0,interpolation_duration: 1}
$data merge entity $(bone_left_eye1) {transformation: [-0.9907f,0.1053f,-0.0864f,0.4235f,0.0881f,0.9791f,0.1832f,4.9562f,0.1039f,0.1739f,-0.9793f,3.1227f,0f,0f,0f,1f],start_interpolation: 0,interpolation_duration: 1}
$data merge entity $(bone_crest_middle5) {transformation: [-0.9907f,0.0841f,-0.1071f,0.6106f,0.0881f,0.9956f,-0.0331f,6.2257f,0.1039f,-0.0422f,-0.9937f,3.8305f,0f,0f,0f,1f],start_interpolation: 0,interpolation_duration: 1}
$data merge entity $(bone_crest_middle4) {transformation: [-0.9907f,0.0841f,-0.1071f,0.5539f,0.0881f,0.9956f,-0.0331f,5.5548f,0.1039f,-0.0422f,-0.9937f,3.859f,0f,0f,0f,1f],start_interpolation: 0,interpolation_duration: 1}
$data merge entity $(bone_crest_middle1) {transformation: [-0.9907f,0.0841f,-0.1071f,0.5205f,0.0881f,0.9956f,-0.0331f,5.0545f,0.1039f,-0.0422f,-0.9937f,3.964f,0f,0f,0f,1f],start_interpolation: 0,interpolation_duration: 1}
$data merge entity $(bone_crest_left5) {transformation: [-0.6211f,-0.7836f,0.016f,-0.5426f,-0.7784f,0.6192f,0.1032f,5.677f,-0.0908f,0.0516f,-0.9945f,3.9305f,0f,0f,0f,1f],start_interpolation: 0,interpolation_duration: 1}
$data merge entity $(bone_crest_left4) {transformation: [-0.6211f,-0.7836f,0.016f,-0.1026f,-0.7784f,0.6192f,0.1032f,5.3293f,-0.0908f,0.0516f,-0.9945f,3.9015f,0f,0f,0f,1f],start_interpolation: 0,interpolation_duration: 1}
$data merge entity $(bone_crest_left1) {transformation: [-0.6211f,-0.7836f,0.016f,0.3823f,-0.7784f,0.6192f,0.1032f,4.9526f,-0.0908f,0.0516f,-0.9945f,3.8138f,0f,0f,0f,1f],start_interpolation: 0,interpolation_duration: 1}
$data merge entity $(bone_crest_center1) {transformation: [-0.9907f,0.1053f,-0.0864f,0.4906f,0.0881f,0.9791f,0.1832f,4.9153f,0.1039f,0.1739f,-0.9793f,3.7973f,0f,0f,0f,1f],start_interpolation: 0,interpolation_duration: 1}
$data merge entity $(bone_crest_right5) {transformation: [-0.4435f,0.8732f,-0.2021f,1.6458f,0.8731f,0.4718f,0.1226f,5.4823f,0.2024f,-0.1221f,-0.9717f,3.7011f,0f,0f,0f,1f],start_interpolation: 0,interpolation_duration: 1}
$data merge entity $(bone_crest_right4) {transformation: [-0.4435f,0.8732f,-0.2021f,1.1555f,0.8731f,0.4718f,0.1226f,5.2174f,0.2024f,-0.1221f,-0.9717f,3.7696f,0f,0f,0f,1f],start_interpolation: 0,interpolation_duration: 1}
$data merge entity $(bone_crest_right1) {transformation: [-0.4435f,0.8732f,-0.2021f,0.6048f,0.8731f,0.4718f,0.1226f,4.9329f,0.2024f,-0.1221f,-0.9717f,3.7905f,0f,0f,0f,1f],start_interpolation: 0,interpolation_duration: 1}
$data merge entity $(bone_head1) {transformation: [-1.0384f,0.1104f,-0.0905f,0.3643f,0.0923f,1.0263f,0.192f,5.0144f,0.1089f,0.1822f,-1.0265f,2.5081f,0f,0f,0f,1f],start_interpolation: 0,interpolation_duration: 1}
$data merge entity $(bone_neck10) {transformation: [-1.4929f,0.1058f,-0.0474f,0.2988f,0.112f,1.474f,-0.2386f,4.4022f,0.0298f,-0.2415f,-1.4775f,1.5278f,0f,0f,0f,1f],start_interpolation: 0,interpolation_duration: 1}
$data merge entity $(bone_neck9) {transformation: [-1.1421f,0.078f,0.0421f,0.2118f,0.0857f,0.8313f,0.7835f,3.4832f,0.0228f,0.7843f,-0.8346f,0.6253f,0f,0f,0f,1f],start_interpolation: 0,interpolation_duration: 1}
$data merge entity $(bone_neck8) {transformation: [-1.06f,0.0636f,0.0522f,0.1508f,0.0795f,0.6181f,0.8614f,2.9084f,0.0211f,0.8627f,-0.621f,-0.2733f,0f,0f,0f,1f],start_interpolation: 0,interpolation_duration: 1}
$data merge entity $(bone_neck7) {transformation: [-1.0536f,-0.0167f,0.063f,0.1676f,0.0503f,0.442f,0.9573f,2.4617f,-0.0415f,0.9585f,-0.4404f,-1.242f,0f,0f,0f,1f],start_interpolation: 0,interpolation_duration: 1}
$data merge entity $(bone_neck6) {transformation: [-1.0266f,-0.1791f,0.1258f,0.334f,0.1067f,0.117f,1.0377f,2.3697f,-0.1911f,1.0276f,-0.0962f,-2.187f,0f,0f,0f,1f],start_interpolation: 0,interpolation_duration: 1}
$data merge entity $(bone_neck_spine6) {transformation: [-1.2683f,0.0885f,-0.0601f,0.8247f,-0.0866f,-0.4282f,1.1955f,3.857f,0.0629f,1.1953f,0.4327f,-5.4273f,0f,0f,0f,1f],start_interpolation: 0,interpolation_duration: 1}
$data merge entity $(bone_neck_spine7) {transformation: [-0.9599f,0.2477f,-0.1311f,0.2627f,-0.1703f,-0.1441f,0.9748f,5.2867f,0.2226f,0.9581f,0.1805f,-8.6591f,0f,0f,0f,1f],start_interpolation: 0,interpolation_duration: 1}
$data merge entity $(bone_tail6) {transformation: [-1.5866f,0.3969f,-0.5389f,-0.7212f,-0.2838f,0.8567f,1.4666f,4.5318f,0.6061f,1.4401f,-0.7239f,-12.4428f,0f,0f,0f,1f],start_interpolation: 0,interpolation_duration: 1}
$data merge entity $(bone_tail5) {transformation: [-1.3107f,0.4002f,-0.3815f,-0.4685f,-0.2345f,0.4866f,1.316f,4.8391f,0.5007f,1.2754f,-0.3824f,-11.6372f,0f,0f,0f,1f],start_interpolation: 0,interpolation_duration: 1}
$data merge entity $(bone_tail4) {transformation: [-0.9658f,0.3223f,-0.249f,-0.3303f,-0.1492f,0.3161f,0.9882f,4.9746f,0.3789f,0.946f,-0.2454f,-11.2318f,0f,0f,0f,1f],start_interpolation: 0,interpolation_duration: 1}
$data merge entity $(bone_segment18) {transformation: [-0.9537f,0.1846f,-0.2375f,-0.2267f,-0.1805f,0.2804f,0.9428f,5.132f,0.2406f,0.942f,-0.2341f,-10.7029f,0f,0f,0f,1f],start_interpolation: 0,interpolation_duration: 1}
$data merge entity $(bone_segment17) {transformation: [-0.953f,0.2387f,-0.1868f,-0.0524f,-0.1804f,0.0488f,0.9824f,5.1676f,0.2436f,0.9699f,-0.0034f,-9.9949f,0f,0f,0f,1f],start_interpolation: 0,interpolation_duration: 1}
$data merge entity $(bone_segment16) {transformation: [-0.9521f,0.2792f,-0.1247f,0.2141f,-0.1809f,-0.1856f,0.9658f,4.9904f,0.2465f,0.9421f,0.2273f,-9.0955f,0f,0f,0f,1f],start_interpolation: 0,interpolation_duration: 1}
$data merge entity $(bone_segment15) {transformation: [-0.9599f,0.2732f,-0.0625f,0.5362f,-0.1703f,-0.3915f,0.9043f,4.5288f,0.2226f,0.8787f,0.4223f,-8.0594f,0f,0f,0f,1f],start_interpolation: 0,interpolation_duration: 1}
$data merge entity $(bone_segment14) {transformation: [-1.0321f,0.1801f,-0.0301f,0.7389f,-0.1201f,-0.5394f,0.8907f,3.9219f,0.1376f,0.8805f,0.5518f,-7.0688f,0f,0f,0f,1f],start_interpolation: 0,interpolation_duration: 1}
$data merge entity $(bone_segment13) {transformation: [-1.0221f,0.0787f,-0.0354f,0.8346f,-0.0698f,-0.5071f,0.8889f,3.2869f,0.0507f,0.8881f,0.5107f,-6.0132f,0f,0f,0f,1f],start_interpolation: 0,interpolation_duration: 1}
$data merge entity $(bone_segment12) {transformation: [-1.112f,-0.0743f,-0.0501f,0.7448f,-0.0189f,-0.4161f,1.0349f,2.7842f,-0.0876f,1.0324f,0.4135f,-4.766f,0f,0f,0f,1f],start_interpolation: 0,interpolation_duration: 1}
$data merge entity $(bone_segment11) {transformation: [-1.1736f,-0.1955f,-0.039f,0.5188f,0.0025f,-0.2469f,1.1646f,2.4989f,-0.1994f,1.148f,0.2438f,-3.4393f,0f,0f,0f,1f],start_interpolation: 0,interpolation_duration: 1}
$data merge entity $(bone_segment10) {transformation: [-1.0369f,-0.1523f,-0.0145f,0.3263f,0f,-0.0994f,1.0435f,2.389f,-0.153f,1.0323f,0.0983f,-2.1349f,0f,0f,0f,1f],start_interpolation: 0,interpolation_duration: 1}
data modify entity @s data merge value {"cameras":{},"locators":{"mouth":{"px":0.5666433350543226,"py":4.4553653218362275,"pz":4.912806306612961,"ry":148.79718381329542,"rx":78.272290780998}}}
function animated_java:gyarados/animations/water_idle/zzz/frames/on_tick/transform_floating_entities