# This file was generated by Animated Java via MC-Build. It is not recommended to edit this file directly.
$data merge entity $(bone_neck_spine5) {transformation: [-1.5696f,0.0874f,-0.0255f,0.2434f,0.0632f,1.3634f,0.7806f,4.1482f,0.0655f,0.7782f,-1.3646f,0.1622f,0f,0f,0f,1f],start_interpolation: 0,interpolation_duration: 1}
$data merge entity $(bone_neck_spine2) {transformation: [-1.4949f,0.0417f,-0.076f,0.2663f,0.0602f,1.4438f,-0.3925f,5.6497f,0.0624f,-0.3949f,-1.443f,1.9564f,0f,0f,0f,1f],start_interpolation: 0,interpolation_duration: 1}
$data merge entity $(bone_scale_neck_left1) {transformation: [-1.5738f,0.4853f,0.0288f,1.0243f,0.4861f,1.5691f,0.1218f,4.7398f,0.0084f,0.1248f,-1.6424f,2.1289f,0f,0f,0f,1f],start_interpolation: 0,interpolation_duration: 1}
$data merge entity $(bone_scale_neck_right1) {transformation: [-1.6029f,-0.3457f,-0.1554f,-0.5454f,-0.3582f,1.6025f,0.1292f,4.803f,0.1241f,0.1595f,-1.6347f,2.1944f,0f,0f,0f,1f],start_interpolation: 0,interpolation_duration: 1}
$data merge entity $(bone_blush_right1) {transformation: [-0.9834f,0.0981f,-0.1529f,-0.2688f,0.0576f,0.9665f,0.2501f,4.4557f,0.1723f,0.2371f,-0.9561f,3.5354f,0f,0f,0f,1f],start_interpolation: 0,interpolation_duration: 1}
$data merge entity $(bone_blush_left1) {transformation: [-0.9834f,0.0981f,-0.1529f,1.0343f,0.0576f,0.9665f,0.2501f,4.3794f,0.1723f,0.2371f,-0.9561f,3.3071f,0f,0f,0f,1f],start_interpolation: 0,interpolation_duration: 1}
$data merge entity $(bone_left_head_scales) {transformation: [-0.8017f,0.0981f,-0.5897f,1.0569f,-0.0644f,0.9665f,0.2484f,5.1826f,0.5943f,0.2371f,-0.7685f,3.1024f,0f,0f,0f,1f],start_interpolation: 0,interpolation_duration: 1}
$data merge entity $(bone_left_head_scales2) {transformation: [-0.7178f,0.0981f,-0.6892f,0.9945f,-0.0963f,0.9665f,0.2379f,4.2721f,0.6895f,0.2371f,-0.6844f,3.0505f,0f,0f,0f,1f],start_interpolation: 0,interpolation_duration: 1}
$data merge entity $(bone_left_head_scales1) {transformation: [-0.9834f,0.0981f,-0.1529f,1.0459f,0.0576f,0.9665f,0.2501f,5.074f,0.1723f,0.2371f,-0.9561f,3.0758f,0f,0f,0f,1f],start_interpolation: 0,interpolation_duration: 1}
$data merge entity $(bone_right_head_scales) {transformation: [-0.9428f,0.0981f,0.3185f,-0.2683f,0.1665f,0.9665f,0.1952f,5.2602f,-0.2887f,0.2371f,-0.9276f,3.3346f,0f,0f,0f,1f],start_interpolation: 0,interpolation_duration: 1}
$data merge entity $(bone_right_head_scales2) {transformation: [-0.8932f,0.0981f,0.4388f,-0.3308f,0.1906f,0.9665f,0.1718f,4.3497f,-0.4073f,0.2371f,-0.882f,3.2827f,0f,0f,0f,1f],start_interpolation: 0,interpolation_duration: 1}
$data merge entity $(bone_right_head_scales1) {transformation: [-0.9834f,0.0981f,-0.1529f,-0.2794f,0.0576f,0.9665f,0.2501f,5.1516f,0.1723f,0.2371f,-0.9561f,3.308f,0f,0f,0f,1f],start_interpolation: 0,interpolation_duration: 1}
$data merge entity $(bone_head_left_fin1) {transformation: [-0.3372f,0.1968f,-0.9728f,0.9917f,0.0721f,1.0295f,0.1833f,4.6881f,0.9899f,-0.0079f,-0.3447f,2.8954f,0f,0f,0f,1f],start_interpolation: 0,interpolation_duration: 1}
$data merge entity $(bone_head_right_fin1) {transformation: [-0.6585f,-0.0699f,0.8125f,-0.3336f,-0.0138f,1.0451f,0.0788f,4.7657f,-0.8154f,0.0388f,-0.6575f,3.1276f,0f,0f,0f,1f],start_interpolation: 0,interpolation_duration: 1}
$data merge entity $(bone_right_whisker16) {transformation: [-0.0776f,-0.1599f,0.9841f,-1.1114f,0.9969f,-0.027f,0.0742f,3.3673f,0.0147f,0.9868f,0.1615f,1.4685f,0f,0f,0f,1f],start_interpolation: 0,interpolation_duration: 1}
$data merge entity $(bone_right_whisker15) {transformation: [0.2617f,-0.1164f,0.9581f,-1.1996f,0.2913f,0.9559f,0.0365f,3.2692f,-0.9201f,0.2696f,0.2841f,1.7785f,0f,0f,0f,1f],start_interpolation: 0,interpolation_duration: 1}
$data merge entity $(bone_right_whisker14) {transformation: [0.4994f,-0.2621f,0.8258f,-1.3679f,-0.3272f,0.8255f,0.4599f,3.3794f,-0.8022f,-0.4999f,0.3265f,2.0488f,0f,0f,0f,1f],start_interpolation: 0,interpolation_duration: 1}
$data merge entity $(bone_right_whisker13) {transformation: [0.0027f,-0.3219f,0.9468f,-1.3688f,0.0927f,0.9428f,0.3203f,3.3482f,-0.9957f,0.0869f,0.0324f,2.3843f,0f,0f,0f,1f],start_interpolation: 0,interpolation_duration: 1}
$data merge entity $(bone_right_whisker12) {transformation: [-0.6219f,-0.3016f,0.7227f,-1.0894f,-0.3951f,0.9176f,0.0429f,3.5257f,-0.6761f,-0.2589f,-0.6899f,2.688f,0f,0f,0f,1f],start_interpolation: 0,interpolation_duration: 1}
$data merge entity $(bone_right_whisker11) {transformation: [-0.9654f,-0.1598f,0.2063f,-0.6557f,-0.1779f,0.9814f,-0.0722f,3.6056f,-0.1909f,-0.1064f,-0.9758f,2.7737f,0f,0f,0f,1f],start_interpolation: 0,interpolation_duration: 1}
$data merge entity $(bone_right_whisker10) {transformation: [-0.6209f,-0.5528f,0.5558f,-0.3768f,-0.5442f,0.8143f,0.2019f,3.8501f,-0.5642f,-0.1771f,-0.8064f,3.0272f,0f,0f,0f,1f],start_interpolation: 0,interpolation_duration: 1}
$data merge entity $(bone_right_whisker1) {transformation: [-0.0937f,-0.672f,0.7346f,-0.3347f,-0.7684f,0.518f,0.3759f,4.1953f,-0.6331f,-0.5293f,-0.5649f,3.3116f,0f,0f,0f,1f],start_interpolation: 0,interpolation_duration: 1}
$data merge entity $(bone_left_whisker16) {transformation: [-0.1904f,0.4807f,-0.856f,0.9977f,-0.9812f,-0.0645f,0.182f,3.2438f,0.0323f,0.8745f,0.4839f,1.099f,0f,0f,0f,1f],start_interpolation: 0,interpolation_duration: 1}
$data merge entity $(bone_left_whisker15) {transformation: [0.5232f,0.3083f,-0.7945f,1.174f,-0.3373f,0.9311f,0.1392f,3.1302f,0.7826f,0.1952f,0.5911f,1.3627f,0f,0f,0f,1f],start_interpolation: 0,interpolation_duration: 1}
$data merge entity $(bone_left_whisker14) {transformation: [0.7753f,0.1689f,-0.6086f,1.4352f,0.2526f,0.8002f,0.5439f,3.2153f,0.5789f,-0.5754f,0.5777f,1.5577f,0f,0f,0f,1f],start_interpolation: 0,interpolation_duration: 1}
$data merge entity $(bone_left_whisker13) {transformation: [0.3294f,0.4369f,-0.837f,1.5462f,-0.1122f,0.8983f,0.4247f,3.1775f,0.9375f,-0.046f,0.3449f,1.8736f,0f,0f,0f,1f],start_interpolation: 0,interpolation_duration: 1}
$data merge entity $(bone_left_whisker12) {transformation: [-0.3071f,0.2979f,-0.9039f,1.4082f,0.4495f,0.8825f,0.1381f,3.3794f,0.8388f,-0.3639f,-0.4049f,2.2504f,0f,0f,0f,1f],start_interpolation: 0,interpolation_duration: 1}
$data merge entity $(bone_left_whisker11) {transformation: [-0.8168f,0.2243f,-0.5315f,1.0413f,0.2823f,0.9589f,-0.029f,3.5062f,0.5031f,-0.1737f,-0.8466f,2.4764f,0f,0f,0f,1f],start_interpolation: 0,interpolation_duration: 1}
$data merge entity $(bone_left_whisker10) {transformation: [-0.3271f,0.5485f,-0.7695f,0.8943f,0.5998f,0.7498f,0.2795f,3.7756f,0.7303f,-0.3701f,-0.5743f,2.8044f,0f,0f,0f,1f],start_interpolation: 0,interpolation_duration: 1}
$data merge entity $(bone_left_whisker1) {transformation: [0.2141f,0.507f,-0.835f,0.9905f,0.7613f,0.449f,0.4678f,4.1176f,0.612f,-0.7358f,-0.2899f,3.0794f,0f,0f,0f,1f],start_interpolation: 0,interpolation_duration: 1}
$data merge entity $(bone_upper_left_tooth1) {transformation: [-0.9834f,0.0844f,-0.1608f,0.8109f,0.0576f,0.9846f,0.1649f,4.3032f,0.1723f,0.1529f,-0.9731f,4.1108f,0f,0f,0f,1f],start_interpolation: 0,interpolation_duration: 1}
$data merge entity $(bone_upper_right_tooth1) {transformation: [-0.9834f,0.0844f,-0.1608f,0.1483f,0.0576f,0.9846f,0.1649f,4.342f,0.1723f,0.1529f,-0.9731f,4.2269f,0f,0f,0f,1f],start_interpolation: 0,interpolation_duration: 1}
$data merge entity $(bone_top_lip1) {transformation: [-0.9834f,0.0243f,-0.18f,0.5176f,0.0576f,0.9816f,-0.1818f,4.4426f,0.1723f,-0.1892f,-0.9667f,4.1829f,0f,0f,0f,1f],start_interpolation: 0,interpolation_duration: 1}
$data merge entity $(bone_muzzle1) {transformation: [-0.9834f,0.0844f,-0.1608f,0.4415f,0.0576f,0.9846f,0.1649f,4.7011f,0.1723f,0.1529f,-0.9731f,3.6622f,0f,0f,0f,1f],start_interpolation: 0,interpolation_duration: 1}
$data merge entity $(bone_jaw_right_tooth1) {transformation: [-0.9834f,-0.0387f,-0.1775f,0.1533f,0.0576f,0.8602f,-0.5066f,4.3753f,0.1723f,-0.5084f,-0.8437f,4.2443f,0f,0f,0f,1f],start_interpolation: 0,interpolation_duration: 1}
$data merge entity $(bone_jaw_left_tooth1) {transformation: [-0.9834f,-0.0387f,-0.1775f,0.8711f,0.0576f,0.8602f,-0.5066f,4.3333f,0.1723f,-0.5084f,-0.8437f,4.1186f,0f,0f,0f,1f],start_interpolation: 0,interpolation_duration: 1}
$data merge entity $(bone_tongue1) {transformation: [-0.9834f,0.0399f,-0.1772f,0.3695f,0.0576f,0.9938f,-0.0956f,4.2694f,0.1723f,-0.1042f,-0.9795f,3.3953f,0f,0f,0f,1f],start_interpolation: 0,interpolation_duration: 1}
$data merge entity $(bone_jaw_lips1) {transformation: [-0.9834f,0.0399f,-0.1772f,0.5788f,0.0576f,0.9938f,-0.0956f,4.2237f,0.1723f,-0.1042f,-0.9795f,4.2791f,0f,0f,0f,1f],start_interpolation: 0,interpolation_duration: 1}
$data merge entity $(bone_jaw3) {transformation: [-0.9834f,-0.0073f,-0.1815f,0.4163f,0.0576f,0.9352f,-0.3495f,3.8309f,0.1723f,-0.3542f,-0.9192f,3.4831f,0f,0f,0f,1f],start_interpolation: 0,interpolation_duration: 1}
$data merge entity $(bone_jaw1) {transformation: [-0.9834f,0.1232f,-0.1335f,0.2964f,0.0576f,0.9084f,0.4141f,4.2029f,0.1723f,0.3995f,-0.9004f,2.6741f,0f,0f,0f,1f],start_interpolation: 0,interpolation_duration: 1}
$data merge entity $(bone_tear_right1) {transformation: [-0.9834f,0.0981f,-0.1529f,-0.1596f,0.0576f,0.9665f,0.2501f,4.8071f,0.1723f,0.2371f,-0.9561f,3.7156f,0f,0f,0f,1f],start_interpolation: 0,interpolation_duration: 1}
$data merge entity $(bone_right_pupil1) {transformation: [-0.9834f,0.0981f,-0.1529f,0.0439f,0.0576f,0.9665f,0.2501f,4.8881f,0.1723f,0.2371f,-0.9561f,3.7747f,0f,0f,0f,1f],start_interpolation: 0,interpolation_duration: 1}
$data merge entity $(bone_right_sad_pupil1) {transformation: [-0.9834f,0.0981f,-0.1529f,0.0422f,0.0576f,0.9665f,0.2501f,4.8909f,0.1723f,0.2371f,-0.9561f,3.764f,0f,0f,0f,1f],start_interpolation: 0,interpolation_duration: 1}
$data merge entity $(bone_right_happy_pupil1) {transformation: [-0.9834f,0.0981f,-0.1529f,0.0119f,0.0576f,0.9665f,0.2501f,4.8654f,0.1723f,0.2371f,-0.9561f,3.7621f,0f,0f,0f,1f],start_interpolation: 0,interpolation_duration: 1}
$data merge entity $(bone_eyelid_right1) {transformation: [-0.9834f,0.0981f,-0.1529f,0.3761f,0.0576f,0.9665f,0.2501f,4.9522f,0.1723f,0.2371f,-0.9561f,3.1393f,0f,0f,0f,1f],start_interpolation: 0,interpolation_duration: 1}
$data merge entity $(bone_eyelid_expressions_right5) {transformation: [-0.9834f,0.0981f,-0.1529f,-0.0738f,0.0576f,0.9665f,0.2501f,5.0069f,0.1723f,0.2371f,-0.9561f,3.8128f,0f,0f,0f,1f],start_interpolation: 0,interpolation_duration: 1}
$data merge entity $(bone_eyelid_expressions_right7) {transformation: [-0.9834f,0.0981f,-0.1529f,0.2576f,0.0576f,0.9665f,0.2501f,4.9875f,0.1723f,0.2371f,-0.9561f,3.7548f,0f,0f,0f,1f],start_interpolation: 0,interpolation_duration: 1}
$data merge entity $(bone_eyelid_expressions_right6) {transformation: [-0.9834f,0.0981f,-0.1529f,0.1471f,0.0576f,0.9665f,0.2501f,4.994f,0.1723f,0.2371f,-0.9561f,3.7741f,0f,0f,0f,1f],start_interpolation: 0,interpolation_duration: 1}
$data merge entity $(bone_right_eye1) {transformation: [-0.9834f,0.0981f,-0.1529f,0.3667f,0.0576f,0.9665f,0.2501f,4.95f,0.1723f,0.2371f,-0.9561f,3.152f,0f,0f,0f,1f],start_interpolation: 0,interpolation_duration: 1}
$data merge entity $(bone_tear_left1) {transformation: [-0.9834f,0.0981f,-0.1529f,1.0331f,0.0576f,0.9665f,0.2501f,4.7373f,0.1723f,0.2371f,-0.9561f,3.5066f,0f,0f,0f,1f],start_interpolation: 0,interpolation_duration: 1}
$data merge entity $(bone_left_sad_pupil1) {transformation: [-0.9834f,0.0981f,-0.1529f,0.8705f,0.0576f,0.9665f,0.2501f,4.8424f,0.1723f,0.2371f,-0.9561f,3.6188f,0f,0f,0f,1f],start_interpolation: 0,interpolation_duration: 1}
$data merge entity $(bone_left_pupil1) {transformation: [-0.9834f,0.0981f,-0.1529f,0.8722f,0.0576f,0.9665f,0.2501f,4.8396f,0.1723f,0.2371f,-0.9561f,3.6296f,0f,0f,0f,1f],start_interpolation: 0,interpolation_duration: 1}
$data merge entity $(bone_eyelid_left1) {transformation: [-0.9834f,0.0981f,-0.1529f,0.354f,0.0576f,0.9665f,0.2501f,4.9535f,0.1723f,0.2371f,-0.9561f,3.1432f,0f,0f,0f,1f],start_interpolation: 0,interpolation_duration: 1}
$data merge entity $(bone_left_happy_pupil1) {transformation: [-0.9834f,0.0981f,-0.1529f,0.8953f,0.0576f,0.9665f,0.2501f,4.8137f,0.1723f,0.2371f,-0.9561f,3.6074f,0f,0f,0f,1f],start_interpolation: 0,interpolation_duration: 1}
$data merge entity $(bone_eyelid_expressions_left5) {transformation: [-0.9834f,0.0981f,-0.1529f,1.0085f,0.0576f,0.9665f,0.2501f,4.9435f,0.1723f,0.2371f,-0.9561f,3.6232f,0f,0f,0f,1f],start_interpolation: 0,interpolation_duration: 1}
$data merge entity $(bone_eyelid_expressions_left7) {transformation: [-0.9834f,0.0981f,-0.1529f,0.6772f,0.0576f,0.9665f,0.2501f,4.9629f,0.1723f,0.2371f,-0.9561f,3.6813f,0f,0f,0f,1f],start_interpolation: 0,interpolation_duration: 1}
$data merge entity $(bone_eyelid_expressions_left6) {transformation: [-0.9834f,0.0981f,-0.1529f,0.7876f,0.0576f,0.9665f,0.2501f,4.9565f,0.1723f,0.2371f,-0.9561f,3.6619f,0f,0f,0f,1f],start_interpolation: 0,interpolation_duration: 1}
$data merge entity $(bone_left_eye1) {transformation: [-0.9834f,0.0981f,-0.1529f,0.3667f,0.0576f,0.9665f,0.2501f,4.95f,0.1723f,0.2371f,-0.9561f,3.152f,0f,0f,0f,1f],start_interpolation: 0,interpolation_duration: 1}
$data merge entity $(bone_crest_middle5) {transformation: [-0.9834f,0.0627f,-0.1705f,0.5756f,0.0576f,0.9977f,0.0349f,6.1701f,0.1723f,0.0245f,-0.9847f,3.9363f,0f,0f,0f,1f],start_interpolation: 0,interpolation_duration: 1}
$data merge entity $(bone_crest_middle4) {transformation: [-0.9834f,0.0627f,-0.1705f,0.5333f,0.0576f,0.9977f,0.0349f,5.4978f,0.1723f,0.0245f,-0.9847f,3.9198f,0f,0f,0f,1f],start_interpolation: 0,interpolation_duration: 1}
$data merge entity $(bone_crest_middle1) {transformation: [-0.9834f,0.0627f,-0.1705f,0.516f,0.0576f,0.9977f,0.0349f,4.9906f,0.1723f,0.0245f,-0.9847f,3.9903f,0f,0f,0f,1f],start_interpolation: 0,interpolation_duration: 1}
$data merge entity $(bone_crest_left5) {transformation: [-0.6111f,-0.7899f,-0.0502f,-0.5584f,-0.7842f,0.5957f,0.1738f,5.5892f,-0.1074f,0.1456f,-0.9835f,4.069f,0f,0f,0f,1f],start_interpolation: 0,interpolation_duration: 1}
$data merge entity $(bone_crest_left4) {transformation: [-0.6111f,-0.7899f,-0.0502f,-0.1148f,-0.7842f,0.5957f,0.1738f,5.2547f,-0.1074f,0.1456f,-0.9835f,3.9873f,0f,0f,0f,1f],start_interpolation: 0,interpolation_duration: 1}
$data merge entity $(bone_crest_left1) {transformation: [-0.6111f,-0.7899f,-0.0502f,0.3703f,-0.7842f,0.5957f,0.1738f,4.8965f,-0.1074f,0.1456f,-0.9835f,3.8422f,0f,0f,0f,1f],start_interpolation: 0,interpolation_duration: 1}
$data merge entity $(bone_crest_center1) {transformation: [-0.9834f,0.0981f,-0.1529f,0.478f,0.0576f,0.9665f,0.2501f,4.8629f,0.1723f,0.2371f,-0.9561f,3.8162f,0f,0f,0f,1f],start_interpolation: 0,interpolation_duration: 1}
$data merge entity $(bone_crest_right5) {transformation: [-0.4456f,0.8546f,-0.2667f,1.6139f,0.8461f,0.4994f,0.1865f,5.462f,0.2925f,-0.1425f,-0.9456f,3.6885f,0f,0f,0f,1f],start_interpolation: 0,interpolation_duration: 1}
$data merge entity $(bone_crest_right4) {transformation: [-0.4456f,0.8546f,-0.2667f,1.134f,0.8461f,0.4994f,0.1865f,5.1816f,0.2925f,-0.1425f,-0.9456f,3.7685f,0f,0f,0f,1f],start_interpolation: 0,interpolation_duration: 1}
$data merge entity $(bone_crest_right1) {transformation: [-0.4456f,0.8546f,-0.2667f,0.5912f,0.8461f,0.4994f,0.1865f,4.8836f,0.2925f,-0.1425f,-0.9456f,3.8035f,0f,0f,0f,1f],start_interpolation: 0,interpolation_duration: 1}
$data merge entity $(bone_head1) {transformation: [-1.0307f,0.1029f,-0.1602f,0.2668f,0.0604f,1.0131f,0.2621f,5.0502f,0.1806f,0.2485f,-1.0021f,2.5481f,0f,0f,0f,1f],start_interpolation: 0,interpolation_duration: 1}
$data merge entity $(bone_neck10) {transformation: [-1.4949f,0.0512f,-0.0699f,0.2016f,0.0602f,1.4827f,-0.2007f,4.4624f,0.0624f,-0.2031f,-1.4822f,1.5529f,0f,0f,0f,1f],start_interpolation: 0,interpolation_duration: 1}
$data merge entity $(bone_neck9) {transformation: [-1.1436f,0.0663f,-0.0015f,0.1269f,0.0461f,0.8123f,0.8064f,3.5654f,0.0477f,0.805f,-0.8136f,0.6275f,0f,0f,0f,1f],start_interpolation: 0,interpolation_duration: 1}
$data merge entity $(bone_neck8) {transformation: [-1.0614f,0.0608f,0.0096f,0.0663f,0.0427f,0.6091f,0.8703f,3.0001f,0.0443f,0.8692f,-0.6106f,-0.277f,0f,0f,0f,1f],start_interpolation: 0,interpolation_duration: 1}
$data merge entity $(bone_neck7) {transformation: [-1.0554f,-0.0153f,0.0195f,0.0818f,0.0111f,0.4527f,0.9536f,2.5426f,-0.0222f,0.9536f,-0.4524f,-1.2407f,0f,0f,0f,1f],start_interpolation: 0,interpolation_duration: 1}
$data merge entity $(bone_neck6) {transformation: [-1.0379f,-0.1386f,0.0727f,0.2102f,0.0558f,0.1277f,1.0404f,2.4408f,-0.1462f,1.0326f,-0.1189f,-2.1907f,0f,0f,0f,1f],start_interpolation: 0,interpolation_duration: 1}
$data merge entity $(bone_neck_spine6) {transformation: [-1.27f,-0.0635f,-0.0555f,0.8052f,-0.0375f,-0.3251f,1.23f,3.6277f,-0.0755f,1.2289f,0.3225f,-5.5412f,0f,0f,0f,1f],start_interpolation: 0,interpolation_duration: 1}
$data merge entity $(bone_neck_spine7) {transformation: [-0.9838f,0.1473f,-0.1016f,0.7108f,-0.1304f,-0.2008f,0.9709f,4.9498f,0.1226f,0.9685f,0.2168f,-8.7801f,0f,0f,0f,1f],start_interpolation: 0,interpolation_duration: 1}
$data merge entity $(bone_tail6) {transformation: [-1.4935f,0.5883f,-0.6235f,-0.4888f,-0.3217f,0.7763f,1.503f,4.445f,0.7946f,1.42f,-0.5634f,-12.5081f,0f,0f,0f,1f],start_interpolation: 0,interpolation_duration: 1}
$data merge entity $(bone_tail5) {transformation: [-1.2337f,0.5681f,-0.4228f,-0.13f,-0.2657f,0.416f,1.3341f,4.7077f,0.6564f,1.2361f,-0.2546f,-11.7274f,0f,0f,0f,1f],start_interpolation: 0,interpolation_duration: 1}
$data merge entity $(bone_tail4) {transformation: [-0.9077f,0.4464f,-0.2748f,0.0613f,-0.1729f,0.2639f,0.9996f,4.8208f,0.4949f,0.9109f,-0.1549f,-11.337f,0f,0f,0f,1f],start_interpolation: 0,interpolation_duration: 1}
$data merge entity $(bone_segment18) {transformation: [-0.9141f,0.3092f,-0.2622f,0.235f,-0.1964f,0.2281f,0.9536f,4.9488f,0.3547f,0.9232f,-0.1478f,-10.8186f,0f,0f,0f,1f],start_interpolation: 0,interpolation_duration: 1}
$data merge entity $(bone_segment17) {transformation: [-0.9392f,0.292f,-0.1808f,0.4481f,-0.1953f,-0.0211f,0.9805f,4.9334f,0.2824f,0.9562f,0.0769f,-10.1206f,0f,0f,0f,1f],start_interpolation: 0,interpolation_duration: 1}
$data merge entity $(bone_segment16) {transformation: [-0.9614f,0.2539f,-0.1059f,0.6905f,-0.1753f,-0.2687f,0.9471f,4.6769f,0.212f,0.9291f,0.3029f,-9.2336f,0f,0f,0f,1f],start_interpolation: 0,interpolation_duration: 1}
$data merge entity $(bone_segment15) {transformation: [-0.9838f,0.1686f,-0.06f,0.8893f,-0.1304f,-0.4453f,0.8859f,4.1519f,0.1226f,0.8794f,0.4601f,-8.1967f,0f,0f,0f,1f],start_interpolation: 0,interpolation_duration: 1}
$data merge entity $(bone_segment14) {transformation: [-1.0467f,0.014f,-0.053f,0.905f,-0.0527f,-0.5331f,0.901f,3.5522f,-0.0149f,0.9024f,0.533f,-7.1815f,0f,0f,0f,1f],start_interpolation: 0,interpolation_duration: 1}
$data merge entity $(bone_segment13) {transformation: [-1.0235f,-0.0426f,-0.053f,0.8552f,-0.0302f,-0.4301f,0.9307f,3.0086f,-0.0609f,0.9302f,0.4279f,-6.0729f,0f,0f,0f,1f],start_interpolation: 0,interpolation_duration: 1}
$data merge entity $(bone_segment12) {transformation: [-1.0998f,-0.1805f,-0.049f,0.6372f,0.0002f,-0.2936f,1.0762f,2.6539f,-0.187f,1.061f,0.2895f,-4.7912f,0f,0f,0f,1f],start_interpolation: 0,interpolation_duration: 1}
$data merge entity $(bone_segment11) {transformation: [-1.1662f,-0.2379f,-0.0212f,0.3622f,0.0045f,-0.1277f,1.1836f,2.5064f,-0.2388f,1.1594f,0.126f,-3.4513f,0f,0f,0f,1f],start_interpolation: 0,interpolation_duration: 1}
$data merge entity $(bone_segment10) {transformation: [-1.0406f,-0.1254f,-0.0058f,0.2039f,0f,-0.0487f,1.047f,2.4605f,-0.1255f,1.0395f,0.0484f,-2.1385f,0f,0f,0f,1f],start_interpolation: 0,interpolation_duration: 1}
data modify entity @s data merge value {"cameras":{},"locators":{"mouth":{"px":0.6344972942722964,"py":4.327023849866318,"pz":4.888573309928312,"ry":157.51500323855902,"rx":75.13128165075028}}}
function animated_java:gyarados/animations/water_idle/zzz/frames/on_tick/transform_floating_entities