# This file was generated by Animated Java via MC-Build. It is not recommended to edit this file directly.
$data merge entity $(bone_neck_spine5) {transformation: [-1.5701f,0.055f,-0.0616f,0.143f,0.015f,1.3429f,0.8175f,4.1865f,0.0812f,0.8158f,-1.3416f,0.1914f,0f,0f,0f,1f],start_interpolation: 0,interpolation_duration: 1}
$data merge entity $(bone_neck_spine2) {transformation: [-1.4953f,-0.0045f,-0.0785f,0.1393f,0.0142f,1.4549f,-0.3538f,5.6369f,0.0774f,-0.3541f,-1.4529f,2.0272f,0f,0f,0f,1f],start_interpolation: 0,interpolation_duration: 1}
$data merge entity $(bone_scale_neck_left1) {transformation: [-1.5872f,0.4403f,0.0092f,0.9253f,0.439f,1.5786f,0.1687f,4.7453f,0.0362f,0.165f,-1.6384f,2.1671f,0f,0f,0f,1f],start_interpolation: 0,interpolation_duration: 1}
$data merge entity $(bone_scale_neck_right1) {transformation: [-1.5905f,-0.3909f,-0.1751f,-0.6448f,-0.4087f,1.5865f,0.1704f,4.7603f,0.1282f,0.208f,-1.6289f,2.2483f,0f,0f,0f,1f],start_interpolation: 0,interpolation_duration: 1}
$data merge entity $(bone_blush_right1) {transformation: [-0.9785f,0.0843f,-0.1885f,-0.3278f,0.026f,0.9559f,0.2924f,4.3673f,0.2048f,0.2812f,-0.9375f,3.5744f,0f,0f,0f,1f],start_interpolation: 0,interpolation_duration: 1}
$data merge entity $(bone_blush_left1) {transformation: [-0.9785f,0.0843f,-0.1885f,0.9688f,0.026f,0.9559f,0.2924f,4.3328f,0.2048f,0.2812f,-0.9375f,3.303f,0f,0f,0f,1f],start_interpolation: 0,interpolation_duration: 1}
$data merge entity $(bone_left_head_scales) {transformation: [-0.7809f,0.0843f,-0.619f,0.9673f,-0.1119f,0.9559f,0.2714f,5.1453f,0.6146f,0.2812f,-0.737f,3.1374f,0f,0f,0f,1f],start_interpolation: 0,interpolation_duration: 1}
$data merge entity $(bone_left_head_scales2) {transformation: [-0.6934f,0.0843f,-0.7156f,0.9233f,-0.1464f,0.9559f,0.2545f,4.2372f,0.7055f,0.2812f,-0.6505f,3.0427f,0f,0f,0f,1f],start_interpolation: 0,interpolation_duration: 1}
$data merge entity $(bone_left_head_scales1) {transformation: [-0.9785f,0.0843f,-0.1885f,0.9578f,0.026f,0.9559f,0.2924f,5.0379f,0.2048f,0.2812f,-0.9375f,3.1058f,0f,0f,0f,1f],start_interpolation: 0,interpolation_duration: 1}
$data merge entity $(bone_right_head_scales) {transformation: [-0.9549f,0.0843f,0.2846f,-0.3513f,0.1581f,0.9559f,0.2473f,5.1804f,-0.2512f,0.2812f,-0.9262f,3.4134f,0f,0f,0f,1f],start_interpolation: 0,interpolation_duration: 1}
$data merge entity $(bone_right_head_scales2) {transformation: [-0.9096f,0.0843f,0.4068f,-0.3953f,0.189f,0.9559f,0.2246f,4.2722f,-0.37f,0.2812f,-0.8855f,3.3187f,0f,0f,0f,1f],start_interpolation: 0,interpolation_duration: 1}
$data merge entity $(bone_right_head_scales1) {transformation: [-0.9785f,0.0843f,-0.1885f,-0.3608f,0.026f,0.9559f,0.2924f,5.073f,0.2048f,0.2812f,-0.9375f,3.3819f,0f,0f,0f,1f],start_interpolation: 0,interpolation_duration: 1}
$data merge entity $(bone_head_left_fin1) {transformation: [-0.3072f,0.1738f,-0.987f,0.9064f,0.0161f,1.033f,0.1769f,4.6599f,1.002f,0.0367f,-0.3054f,2.9085f,0f,0f,0f,1f],start_interpolation: 0,interpolation_duration: 1}
$data merge entity $(bone_head_right_fin1) {transformation: [-0.6834f,-0.0916f,0.7894f,-0.4122f,0.0102f,1.0401f,0.1296f,4.695f,-0.7947f,0.0922f,-0.6773f,3.1845f,0f,0f,0f,1f],start_interpolation: 0,interpolation_duration: 1}
$data merge entity $(bone_right_whisker16) {transformation: [-0.099f,-0.128f,0.9868f,-1.2112f,0.9929f,-0.0785f,0.0895f,3.3608f,0.066f,0.9887f,0.1349f,1.4832f,0f,0f,0f,1f],start_interpolation: 0,interpolation_duration: 1}
$data merge entity $(bone_right_whisker15) {transformation: [0.226f,-0.1288f,0.9656f,-1.2873f,0.3416f,0.9387f,0.0453f,3.2457f,-0.9123f,0.3196f,0.2561f,1.7905f,0f,0f,0f,1f],start_interpolation: 0,interpolation_duration: 1}
$data merge entity $(bone_right_whisker14) {transformation: [0.4809f,-0.2959f,0.8254f,-1.4493f,-0.2762f,0.8423f,0.4629f,3.3388f,-0.8322f,-0.4505f,0.3233f,2.0709f,0f,0f,0f,1f],start_interpolation: 0,interpolation_duration: 1}
$data merge entity $(bone_right_whisker13) {transformation: [-0.0308f,-0.3397f,0.94f,-1.4389f,0.1409f,0.9296f,0.3405f,3.2913f,-0.9895f,0.1429f,0.0192f,2.4043f,0f,0f,0f,1f],start_interpolation: 0,interpolation_duration: 1}
$data merge entity $(bone_right_whisker12) {transformation: [-0.6342f,-0.3297f,0.6994f,-1.1541f,-0.3764f,0.9217f,0.0932f,3.4604f,-0.6754f,-0.2042f,-0.7086f,2.7077f,0f,0f,0f,1f],start_interpolation: 0,interpolation_duration: 1}
$data merge entity $(bone_right_whisker11) {transformation: [-0.9668f,-0.1846f,0.1769f,-0.7198f,-0.1911f,0.9814f,-0.02f,3.5462f,-0.1699f,-0.0531f,-0.984f,2.784f,0f,0f,0f,1f],start_interpolation: 0,interpolation_duration: 1}
$data merge entity $(bone_right_whisker10) {transformation: [-0.6263f,-0.5759f,0.5254f,-0.4384f,-0.5307f,0.8087f,0.2537f,3.7846f,-0.571f,-0.1199f,-0.8121f,3.0405f,0f,0f,0f,1f],start_interpolation: 0,interpolation_duration: 1}
$data merge entity $(bone_right_whisker1) {transformation: [-0.0967f,-0.6996f,0.7079f,-0.395f,-0.7388f,0.5271f,0.4199f,4.1165f,-0.6669f,-0.4824f,-0.5678f,3.3401f,0f,0f,0f,1f],start_interpolation: 0,interpolation_duration: 1}
$data merge entity $(bone_left_whisker16) {transformation: [-0.1676f,0.5094f,-0.8441f,0.8874f,-0.9858f,-0.0955f,0.1382f,3.305f,-0.0102f,0.8552f,0.5181f,1.0439f,0f,0f,0f,1f],start_interpolation: 0,interpolation_duration: 1}
$data merge entity $(bone_left_whisker15) {transformation: [0.555f,0.2938f,-0.7783f,1.0744f,-0.3624f,0.9275f,0.0917f,3.1829f,0.7488f,0.2312f,0.6212f,1.2962f,0f,0f,0f,1f],start_interpolation: 0,interpolation_duration: 1}
$data merge entity $(bone_left_whisker14) {transformation: [0.7875f,0.133f,-0.6018f,1.3397f,0.2424f,0.8309f,0.5009f,3.2645f,0.5667f,-0.5403f,0.6221f,1.4871f,0f,0f,0f,1f],start_interpolation: 0,interpolation_duration: 1}
$data merge entity $(bone_left_whisker13) {transformation: [0.3613f,0.4153f,-0.8349f,1.4614f,-0.1497f,0.9095f,0.3877f,3.2141f,0.9204f,-0.0151f,0.3907f,1.7972f,0f,0f,0f,1f],start_interpolation: 0,interpolation_duration: 1}
$data merge entity $(bone_left_whisker12) {transformation: [-0.2902f,0.2667f,-0.919f,1.3311f,0.401f,0.9059f,0.1363f,3.3943f,0.8689f,-0.329f,-0.3699f,2.1875f,0f,0f,0f,1f],start_interpolation: 0,interpolation_duration: 1}
$data merge entity $(bone_left_whisker11) {transformation: [-0.8065f,0.1976f,-0.5572f,0.9688f,0.2383f,0.9712f,-0.0005f,3.5013f,0.5411f,-0.1331f,-0.8304f,2.4305f,0f,0f,0f,1f],start_interpolation: 0,interpolation_duration: 1}
$data merge entity $(bone_left_whisker10) {transformation: [-0.317f,0.5199f,-0.7932f,0.8264f,0.5558f,0.7795f,0.2888f,3.751f,0.7685f,-0.3493f,-0.5361f,2.7758f,0f,0f,0f,1f],start_interpolation: 0,interpolation_duration: 1}
$data merge entity $(bone_left_whisker1) {transformation: [0.2165f,0.4735f,-0.8538f,0.9236f,0.7356f,0.4959f,0.4615f,4.0814f,0.6419f,-0.728f,-0.2409f,3.0641f,0f,0f,0f,1f],start_interpolation: 0,interpolation_duration: 1}
$data merge entity $(bone_upper_left_tooth1) {transformation: [-0.9785f,0.0676f,-0.1951f,0.7727f,0.026f,0.9778f,0.208f,4.2125f,0.2048f,0.1984f,-0.9585f,4.1084f,0f,0f,0f,1f],start_interpolation: 0,interpolation_duration: 1}
$data merge entity $(bone_upper_right_tooth1) {transformation: [-0.9785f,0.0676f,-0.1951f,0.1134f,0.026f,0.9778f,0.208f,4.2301f,0.2048f,0.1984f,-0.9585f,4.2464f,0f,0f,0f,1f],start_interpolation: 0,interpolation_duration: 1}
$data merge entity $(bone_top_lip1) {transformation: [-0.9785f,-0.0032f,-0.2064f,0.4789f,0.026f,0.99f,-0.139f,4.3414f,0.2048f,-0.1414f,-0.9685f,4.1961f,0f,0f,0f,1f],start_interpolation: 0,interpolation_duration: 1}
$data merge entity $(bone_muzzle1) {transformation: [-0.9785f,0.0676f,-0.1951f,0.3807f,0.026f,0.9778f,0.208f,4.6229f,0.2048f,0.1984f,-0.9585f,3.6914f,0f,0f,0f,1f],start_interpolation: 0,interpolation_duration: 1}
$data merge entity $(bone_jaw_right_tooth1) {transformation: [-0.9785f,-0.0737f,-0.1929f,0.1182f,0.026f,0.8827f,-0.4692f,4.2626f,0.2048f,-0.4641f,-0.8618f,4.2653f,0f,0f,0f,1f],start_interpolation: 0,interpolation_duration: 1}
$data merge entity $(bone_jaw_left_tooth1) {transformation: [-0.9785f,-0.0737f,-0.1929f,0.8325f,0.026f,0.8827f,-0.4692f,4.2436f,0.2048f,-0.4641f,-0.8618f,4.1158f,0f,0f,0f,1f],start_interpolation: 0,interpolation_duration: 1}
$data merge entity $(bone_tongue1) {transformation: [-0.9785f,0.0148f,-0.2059f,0.3097f,0.026f,0.9983f,-0.0522f,4.203f,0.2048f,-0.0564f,-0.9772f,3.4059f,0f,0f,0f,1f],start_interpolation: 0,interpolation_duration: 1}
$data merge entity $(bone_jaw_lips1) {transformation: [-0.9785f,0.0148f,-0.2059f,0.5478f,0.026f,0.9983f,-0.0522f,4.1195f,0.2048f,-0.0564f,-0.9772f,4.2796f,0f,0f,0f,1f],start_interpolation: 0,interpolation_duration: 1}
$data merge entity $(bone_jaw3) {transformation: [-0.9785f,-0.039f,-0.2027f,0.3689f,0.026f,0.9508f,-0.3088f,3.762f,0.2048f,-0.3074f,-0.9293f,3.4706f,0f,0f,0f,1f],start_interpolation: 0,interpolation_duration: 1}
$data merge entity $(bone_jaw1) {transformation: [-0.9785f,0.1157f,-0.171f,0.2153f,0.026f,0.8906f,0.454f,4.1699f,0.2048f,0.4397f,-0.8745f,2.6849f,0f,0f,0f,1f],start_interpolation: 0,interpolation_duration: 1}
$data merge entity $(bone_tear_right1) {transformation: [-0.9785f,0.0843f,-0.1885f,-0.2207f,0.026f,0.9559f,0.2924f,4.712f,0.2048f,0.2812f,-0.9375f,3.7682f,0f,0f,0f,1f],start_interpolation: 0,interpolation_duration: 1}
$data merge entity $(bone_right_pupil1) {transformation: [-0.9785f,0.0843f,-0.1885f,-0.0172f,0.026f,0.9559f,0.2924f,4.7949f,0.2048f,0.2812f,-0.9375f,3.825f,0f,0f,0f,1f],start_interpolation: 0,interpolation_duration: 1}
$data merge entity $(bone_right_sad_pupil1) {transformation: [-0.9785f,0.0843f,-0.1885f,-0.0193f,0.026f,0.9559f,0.2924f,4.7981f,0.2048f,0.2812f,-0.9375f,3.8145f,0f,0f,0f,1f],start_interpolation: 0,interpolation_duration: 1}
$data merge entity $(bone_right_happy_pupil1) {transformation: [-0.9785f,0.0843f,-0.1885f,-0.0491f,0.026f,0.9559f,0.2924f,4.772f,0.2048f,0.2812f,-0.9375f,3.8123f,0f,0f,0f,1f],start_interpolation: 0,interpolation_duration: 1}
$data merge entity $(bone_eyelid_right1) {transformation: [-0.9785f,0.0843f,-0.1885f,0.2932f,0.026f,0.9559f,0.2924f,4.8974f,0.2048f,0.2812f,-0.9375f,3.1837f,0f,0f,0f,1f],start_interpolation: 0,interpolation_duration: 1}
$data merge entity $(bone_eyelid_expressions_right5) {transformation: [-0.9785f,0.0843f,-0.1885f,-0.1362f,0.026f,0.9559f,0.2924f,4.9089f,0.2048f,0.2812f,-0.9375f,3.8725f,0f,0f,0f,1f],start_interpolation: 0,interpolation_duration: 1}
$data merge entity $(bone_eyelid_expressions_right7) {transformation: [-0.9785f,0.0843f,-0.1885f,0.1934f,0.026f,0.9559f,0.2924f,4.9001f,0.2048f,0.2812f,-0.9375f,3.8035f,0f,0f,0f,1f],start_interpolation: 0,interpolation_duration: 1}
$data merge entity $(bone_eyelid_expressions_right6) {transformation: [-0.9785f,0.0843f,-0.1885f,0.0836f,0.026f,0.9559f,0.2924f,4.903f,0.2048f,0.2812f,-0.9375f,3.8265f,0f,0f,0f,1f],start_interpolation: 0,interpolation_duration: 1}
$data merge entity $(bone_right_eye1) {transformation: [-0.9785f,0.0843f,-0.1885f,0.2843f,0.026f,0.9559f,0.2924f,4.8944f,0.2048f,0.2812f,-0.9375f,3.1965f,0f,0f,0f,1f],start_interpolation: 0,interpolation_duration: 1}
$data merge entity $(bone_tear_left1) {transformation: [-0.9785f,0.0843f,-0.1885f,0.9661f,0.026f,0.9559f,0.2924f,4.6805f,0.2048f,0.2812f,-0.9375f,3.5198f,0f,0f,0f,1f],start_interpolation: 0,interpolation_duration: 1}
$data merge entity $(bone_left_sad_pupil1) {transformation: [-0.9785f,0.0843f,-0.1885f,0.8048f,0.026f,0.9559f,0.2924f,4.7762f,0.2048f,0.2812f,-0.9375f,3.6419f,0f,0f,0f,1f],start_interpolation: 0,interpolation_duration: 1}
$data merge entity $(bone_left_pupil1) {transformation: [-0.9785f,0.0843f,-0.1885f,0.8069f,0.026f,0.9559f,0.2924f,4.7729f,0.2048f,0.2812f,-0.9375f,3.6525f,0f,0f,0f,1f],start_interpolation: 0,interpolation_duration: 1}
$data merge entity $(bone_eyelid_left1) {transformation: [-0.9785f,0.0843f,-0.1885f,0.2712f,0.026f,0.9559f,0.2924f,4.898f,0.2048f,0.2812f,-0.9375f,3.1883f,0f,0f,0f,1f],start_interpolation: 0,interpolation_duration: 1}
$data merge entity $(bone_left_happy_pupil1) {transformation: [-0.9785f,0.0843f,-0.1885f,0.8299f,0.026f,0.9559f,0.2924f,4.7486f,0.2048f,0.2812f,-0.9375f,3.6283f,0f,0f,0f,1f],start_interpolation: 0,interpolation_duration: 1}
$data merge entity $(bone_eyelid_expressions_left5) {transformation: [-0.9785f,0.0843f,-0.1885f,0.9407f,0.026f,0.9559f,0.2924f,4.8802f,0.2048f,0.2812f,-0.9375f,3.6471f,0f,0f,0f,1f],start_interpolation: 0,interpolation_duration: 1}
$data merge entity $(bone_eyelid_expressions_left7) {transformation: [-0.9785f,0.0843f,-0.1885f,0.611f,0.026f,0.9559f,0.2924f,4.889f,0.2048f,0.2812f,-0.9375f,3.7161f,0f,0f,0f,1f],start_interpolation: 0,interpolation_duration: 1}
$data merge entity $(bone_eyelid_expressions_left6) {transformation: [-0.9785f,0.0843f,-0.1885f,0.7209f,0.026f,0.9559f,0.2924f,4.8861f,0.2048f,0.2812f,-0.9375f,3.6931f,0f,0f,0f,1f],start_interpolation: 0,interpolation_duration: 1}
$data merge entity $(bone_left_eye1) {transformation: [-0.9785f,0.0843f,-0.1885f,0.2843f,0.026f,0.9559f,0.2924f,4.8944f,0.2048f,0.2812f,-0.9375f,3.1965f,0f,0f,0f,1f],start_interpolation: 0,interpolation_duration: 1}
$data merge entity $(bone_crest_middle5) {transformation: [-0.9785f,0.0415f,-0.2022f,0.491f,0.026f,0.9966f,0.0786f,6.0797f,0.2048f,0.0716f,-0.9762f,4.0331f,0f,0f,0f,1f],start_interpolation: 0,interpolation_duration: 1}
$data merge entity $(bone_crest_middle4) {transformation: [-0.9785f,0.0415f,-0.2022f,0.463f,0.026f,0.9966f,0.0786f,5.4081f,0.2048f,0.0716f,-0.9762f,3.9849f,0f,0f,0f,1f],start_interpolation: 0,interpolation_duration: 1}
$data merge entity $(bone_crest_middle1) {transformation: [-0.9785f,0.0415f,-0.2022f,0.4591f,0.026f,0.9966f,0.0786f,4.8979f,0.2048f,0.0716f,-0.9762f,4.0309f,0f,0f,0f,1f],start_interpolation: 0,interpolation_duration: 1}
$data merge entity $(bone_crest_left5) {transformation: [-0.5968f,-0.7979f,-0.0851f,-0.6252f,-0.7922f,0.5692f,0.22f,5.4665f,-0.1271f,0.1987f,-0.9718f,4.1717f,0f,0f,0f,1f],start_interpolation: 0,interpolation_duration: 1}
$data merge entity $(bone_crest_left4) {transformation: [-0.5968f,-0.7979f,-0.0851f,-0.1771f,-0.7922f,0.5692f,0.22f,5.1469f,-0.1271f,0.1987f,-0.9718f,4.0601f,0f,0f,0f,1f],start_interpolation: 0,interpolation_duration: 1}
$data merge entity $(bone_crest_left1) {transformation: [-0.5968f,-0.7979f,-0.0851f,0.3109f,-0.7922f,0.5692f,0.22f,4.8077f,-0.1271f,0.1987f,-0.9718f,3.8828f,0f,0f,0f,1f],start_interpolation: 0,interpolation_duration: 1}
$data merge entity $(bone_crest_center1) {transformation: [-0.9785f,0.0843f,-0.1885f,0.4184f,0.026f,0.9559f,0.2924f,4.7779f,0.2048f,0.2812f,-0.9375f,3.8519f,0f,0f,0f,1f],start_interpolation: 0,interpolation_duration: 1}
$data merge entity $(bone_crest_right5) {transformation: [-0.4546f,0.8385f,-0.3005f,1.5363f,0.8202f,0.5256f,0.2257f,5.409f,0.3472f,-0.1438f,-0.9267f,3.7192f,0f,0f,0f,1f],start_interpolation: 0,interpolation_duration: 1}
$data merge entity $(bone_crest_right4) {transformation: [-0.4546f,0.8385f,-0.3005f,1.0654f,0.8202f,0.5256f,0.2257f,5.1138f,0.3472f,-0.1438f,-0.9267f,3.8f,0f,0f,0f,1f],start_interpolation: 0,interpolation_duration: 1}
$data merge entity $(bone_crest_right1) {transformation: [-0.4546f,0.8385f,-0.3005f,0.5307f,0.8202f,0.5256f,0.2257f,4.8018f,0.3472f,-0.1438f,-0.9267f,3.8368f,0f,0f,0f,1f],start_interpolation: 0,interpolation_duration: 1}
$data merge entity $(bone_head1) {transformation: [-1.0256f,0.0884f,-0.1976f,0.1632f,0.0273f,1.002f,0.3065f,5.0214f,0.2147f,0.2947f,-0.9827f,2.6016f,0f,0f,0f,1f],start_interpolation: 0,interpolation_duration: 1}
$data merge entity $(bone_neck10) {transformation: [-1.4953f,0.0058f,-0.0784f,0.1055f,0.0142f,1.4887f,-0.1609f,4.4601f,0.0774f,-0.1614f,-1.4867f,1.5908f,0f,0f,0f,1f],start_interpolation: 0,interpolation_duration: 1}
$data merge entity $(bone_neck9) {transformation: [-1.1439f,0.0503f,-0.033f,0.0481f,0.0109f,0.7909f,0.8286f,3.5876f,0.0592f,0.8271f,-0.7903f,0.641f,0f,0f,0f,1f],start_interpolation: 0,interpolation_duration: 1}
$data merge entity $(bone_neck8) {transformation: [-1.0617f,0.0512f,-0.0222f,-0.0045f,0.0101f,0.592f,0.883f,3.0401f,0.0549f,0.8816f,-0.5917f,-0.275f,0f,0f,0f,1f],start_interpolation: 0,interpolation_duration: 1}
$data merge entity $(bone_neck7) {transformation: [-1.0555f,-0.0136f,-0.014f,0.0093f,-0.0185f,0.4472f,0.9561f,2.5882f,-0.0064f,0.9562f,-0.4473f,-1.2413f,0f,0f,0f,1f],start_interpolation: 0,interpolation_duration: 1}
$data merge entity $(bone_neck6) {transformation: [-1.0451f,-0.0945f,0.0255f,0.0964f,0.0143f,0.1232f,1.0423f,2.4905f,-0.0968f,1.0381f,-0.1214f,-2.1964f,0f,0f,0f,1f],start_interpolation: 0,interpolation_duration: 1}
$data merge entity $(bone_neck_spine6) {transformation: [-1.2621f,-0.1585f,-0.0441f,0.6872f,-0.015f,-0.2289f,1.2519f,3.4868f,-0.1639f,1.242f,0.2251f,-5.6263f,0f,0f,0f,1f],start_interpolation: 0,interpolation_duration: 1}
$data merge entity $(bone_neck_spine7) {transformation: [-0.9945f,0.0565f,-0.0882f,0.9105f,-0.0985f,-0.2173f,0.9711f,4.6578f,0.0357f,0.9745f,0.2217f,-8.8594f,0f,0f,0f,1f],start_interpolation: 0,interpolation_duration: 1}
$data merge entity $(bone_tail6) {transformation: [-1.4599f,0.6651f,-0.6258f,-0.2962f,-0.355f,0.674f,1.5443f,4.3716f,0.8414f,1.4383f,-0.4343f,-12.5791f,0f,0f,0f,1f],start_interpolation: 0,interpolation_duration: 1}
$data merge entity $(bone_tail5) {transformation: [-1.206f,0.6309f,-0.4137f,0.1022f,-0.2932f,0.3268f,1.3531f,4.578f,0.6951f,1.2324f,-0.147f,-11.8008f,0f,0f,0f,1f],start_interpolation: 0,interpolation_duration: 1}
$data merge entity $(bone_tail4) {transformation: [-0.8864f,0.492f,-0.2664f,0.3131f,-0.1939f,0.1979f,1.0109f,4.6628f,0.5248f,0.9041f,-0.0763f,-11.4133f,0f,0f,0f,1f],start_interpolation: 0,interpolation_duration: 1}
$data merge entity $(bone_segment18) {transformation: [-0.8997f,0.355f,-0.2541f,0.5124f,-0.2081f,0.1631f,0.9644f,4.7544f,0.3838f,0.9205f,-0.0728f,-10.8964f,0f,0f,0f,1f],start_interpolation: 0,interpolation_duration: 1}
$data merge entity $(bone_segment17) {transformation: [-0.9418f,0.291f,-0.1686f,0.7248f,-0.1998f,-0.0809f,0.9765f,4.6954f,0.2705f,0.9533f,0.1343f,-10.2005f,0f,0f,0f,1f],start_interpolation: 0,interpolation_duration: 1}
$data merge entity $(bone_segment16) {transformation: [-0.9737f,0.205f,-0.0994f,0.9205f,-0.1624f,-0.3186f,0.9339f,4.3912f,0.1598f,0.9255f,0.3435f,-9.3171f,0f,0f,0f,1f],start_interpolation: 0,interpolation_duration: 1}
$data merge entity $(bone_segment15) {transformation: [-0.9945f,0.0774f,-0.0706f,1.0118f,-0.0985f,-0.4612f,0.8818f,3.8473f,0.0357f,0.8839f,0.4663f,-8.2748f,0f,0f,0f,1f],start_interpolation: 0,interpolation_duration: 1}
$data merge entity $(bone_segment14) {transformation: [-1.0409f,-0.0996f,-0.0734f,0.8998f,-0.017f,-0.5007f,0.9207f,3.2841f,-0.1225f,0.9155f,0.4955f,-7.2449f,0f,0f,0f,1f],start_interpolation: 0,interpolation_duration: 1}
$data merge entity $(bone_segment13) {transformation: [-1.0171f,-0.1197f,-0.0572f,0.7573f,-0.0121f,-0.3569f,0.9616f,2.828f,-0.1321f,0.9542f,0.3525f,-6.1053f,0f,0f,0f,1f],start_interpolation: 0,interpolation_duration: 1}
$data merge entity $(bone_segment12) {transformation: [-1.0911f,-0.2292f,-0.0387f,0.4804f,0.0033f,-0.2011f,1.0973f,2.585f,-0.2324f,1.0731f,0.1974f,-4.809f,0f,0f,0f,1f],start_interpolation: 0,interpolation_duration: 1}
$data merge entity $(bone_segment11) {transformation: [-1.1667f,-0.2366f,-0.0074f,0.207f,0.003f,-0.0521f,1.1893f,2.5248f,-0.2367f,1.1655f,0.0517f,-3.462f,0f,0f,0f,1f],start_interpolation: 0,interpolation_duration: 1}
$data merge entity $(bone_segment10) {transformation: [-1.0442f,-0.0913f,-0.0021f,0.0918f,0f,-0.0238f,1.0479f,2.5104f,-0.0913f,1.0439f,0.0237f,-2.1441f,0f,0f,0f,1f],start_interpolation: 0,interpolation_duration: 1}
data modify entity @s data merge value {"cameras":{},"locators":{"mouth":{"posx":0.6204839695305546,"posy":4.1945117667328065,"posz":4.8914147731075195,"roty":163.31182178151502,"rotx":72.92844174481574}}}