# This file was generated by Animated Java via MC-Build. It is not recommended to edit this file directly.
$data merge entity $(bone_neck_spine5) {transformation: [-1.5667f,-0.0267f,-0.1298f,-0.0887f,-0.0999f,1.249f,0.9498f,4.1453f,0.087f,0.9547f,-1.2462f,0.3388f,0f,0f,0f,1f],start_interpolation: 0,interpolation_duration: 1}
$data merge entity $(bone_neck_spine2) {transformation: [-1.4921f,-0.1053f,-0.0694f,-0.1707f,-0.0952f,1.4807f,-0.2015f,5.3883f,0.0828f,-0.1963f,-1.4822f,2.3193f,0f,0f,0f,1f],start_interpolation: 0,interpolation_duration: 1}
$data merge entity $(bone_scale_neck_left1) {transformation: [-1.6125f,0.3355f,-0.0187f,0.6745f,0.3243f,1.5781f,0.3426f,4.542f,0.0877f,0.3317f,-1.611f,2.3606f,0f,0f,0f,1f],start_interpolation: 0,interpolation_duration: 1}
$data merge entity $(bone_scale_neck_right1) {transformation: [-1.5582f,-0.494f,-0.2026f,-0.8922f,-0.5266f,1.5252f,0.3309f,4.442f,0.0884f,0.3777f,-1.6008f,2.4476f,0f,0f,0f,1f],start_interpolation: 0,interpolation_duration: 1}
$data merge entity $(bone_blush_right1) {transformation: [-0.972f,0.0336f,-0.2326f,-0.5221f,-0.0619f,0.9183f,0.391f,3.9208f,0.2267f,0.3945f,-0.8905f,3.7197f,0f,0f,0f,1f],start_interpolation: 0,interpolation_duration: 1}
$data merge entity $(bone_blush_left1) {transformation: [-0.972f,0.0336f,-0.2326f,0.766f,-0.0619f,0.9183f,0.391f,4.0028f,0.2267f,0.3945f,-0.8905f,3.4193f,0f,0f,0f,1f],start_interpolation: 0,interpolation_duration: 1}
$data merge entity $(bone_left_head_scales) {transformation: [-0.7548f,0.0336f,-0.6551f,0.71f,-0.2354f,0.9183f,0.3183f,4.8275f,0.6123f,0.3945f,-0.6852f,3.3546f,0f,0f,0f,1f],start_interpolation: 0,interpolation_duration: 1}
$data merge entity $(bone_left_head_scales2) {transformation: [-0.6628f,0.0336f,-0.748f,0.719f,-0.2749f,0.9183f,0.2848f,3.9366f,0.6965f,0.3945f,-0.5994f,3.1503f,0f,0f,0f,1f],start_interpolation: 0,interpolation_duration: 1}
$data merge entity $(bone_left_head_scales1) {transformation: [-0.972f,0.0336f,-0.2326f,0.7062f,-0.0619f,0.9183f,0.391f,4.7244f,0.2267f,0.3945f,-0.8905f,3.3103f,0f,0f,0f,1f],start_interpolation: 0,interpolation_duration: 1}
$data merge entity $(bone_right_head_scales) {transformation: [-0.9696f,0.0336f,0.2425f,-0.5999f,0.1257f,0.9183f,0.3754f,4.7442f,-0.2101f,0.3945f,-0.8946f,3.6601f,0f,0f,0f,1f],start_interpolation: 0,interpolation_duration: 1}
$data merge entity $(bone_right_head_scales2) {transformation: [-0.9296f,0.0336f,0.367f,-0.5909f,0.1736f,0.9183f,0.3558f,3.8533f,-0.3251f,0.3945f,-0.8595f,3.4558f,0f,0f,0f,1f],start_interpolation: 0,interpolation_duration: 1}
$data merge entity $(bone_right_head_scales1) {transformation: [-0.972f,0.0336f,-0.2326f,-0.6037f,-0.0619f,0.9183f,0.391f,4.641f,0.2267f,0.3945f,-0.8905f,3.6158f,0f,0f,0f,1f],start_interpolation: 0,interpolation_duration: 1}
$data merge entity $(bone_head_left_fin1) {transformation: [-0.279f,0.1112f,-1.0042f,0.6725f,-0.125f,1.03f,0.1488f,4.3706f,1.0026f,0.1594f,-0.2609f,3.0692f,0f,0f,0f,1f],start_interpolation: 0,interpolation_duration: 1}
$data merge entity $(bone_head_right_fin1) {transformation: [-0.7051f,-0.1525f,0.7604f,-0.6374f,0.0624f,1.0132f,0.2611f,4.2872f,-0.7731f,0.2209f,-0.6725f,3.3747f,0f,0f,0f,1f],start_interpolation: 0,interpolation_duration: 1}
$data merge entity $(bone_right_whisker16) {transformation: [-0.1577f,-0.0949f,0.9829f,-1.4012f,0.9692f,-0.2056f,0.1357f,3.1202f,0.1893f,0.974f,0.1244f,1.5396f,0f,0f,0f,1f],start_interpolation: 0,interpolation_duration: 1}
$data merge entity $(bone_right_whisker15) {transformation: [0.1787f,-0.1769f,0.9679f,-1.4614f,0.4633f,0.8829f,0.0759f,2.9641f,-0.868f,0.4349f,0.2397f,1.8321f,0f,0f,0f,1f],start_interpolation: 0,interpolation_duration: 1}
$data merge entity $(bone_right_whisker14) {transformation: [0.4731f,-0.3596f,0.8043f,-1.6208f,-0.142f,0.8699f,0.4724f,3.0119f,-0.8695f,-0.3376f,0.3605f,2.125f,0f,0f,0f,1f],start_interpolation: 0,interpolation_duration: 1}
$data merge entity $(bone_right_whisker13) {transformation: [-0.0675f,-0.3917f,0.9176f,-1.598f,0.2573f,0.8817f,0.3954f,2.9252f,-0.964f,0.2628f,0.0413f,2.4498f,0f,0f,0f,1f],start_interpolation: 0,interpolation_duration: 1}
$data merge entity $(bone_right_whisker12) {transformation: [-0.6288f,-0.3912f,0.672f,-1.3156f,-0.3319f,0.9166f,0.223f,3.0743f,-0.7032f,-0.0828f,-0.7062f,2.7657f,0f,0f,0f,1f],start_interpolation: 0,interpolation_duration: 1}
$data merge entity $(bone_right_whisker11) {transformation: [-0.9577f,-0.2458f,0.1497f,-0.8854f,-0.2308f,0.9667f,0.1106f,3.178f,-0.172f,0.0714f,-0.9825f,2.8429f,0f,0f,0f,1f],start_interpolation: 0,interpolation_duration: 1}
$data merge entity $(bone_right_whisker10) {transformation: [-0.6086f,-0.6275f,0.4856f,-0.612f,-0.4968f,0.7786f,0.3834f,3.4012f,-0.6187f,-0.008f,-0.7856f,3.1208f,0f,0f,0f,1f],start_interpolation: 0,interpolation_duration: 1}
$data merge entity $(bone_right_whisker1) {transformation: [-0.0702f,-0.744f,0.6645f,-0.5804f,-0.6573f,0.5356f,0.5302f,3.6964f,-0.7503f,-0.3996f,-0.5266f,3.4579f,0f,0f,0f,1f],start_interpolation: 0,interpolation_duration: 1}
$data merge entity $(bone_left_whisker16) {transformation: [-0.1072f,0.5383f,-0.8359f,0.6836f,-0.986f,-0.1653f,0.0199f,3.2528f,-0.1275f,0.8264f,0.5485f,1.0534f,0f,0f,0f,1f],start_interpolation: 0,interpolation_duration: 1}
$data merge entity $(bone_left_whisker15) {transformation: [0.5971f,0.2429f,-0.7645f,0.8848f,-0.414f,0.9096f,-0.0344f,3.1134f,0.6871f,0.337f,0.6437f,1.2849f,0f,0f,0f,1f],start_interpolation: 0,interpolation_duration: 1}
$data merge entity $(bone_left_whisker14) {transformation: [0.7869f,0.0665f,-0.6135f,1.1499f,0.2221f,0.897f,0.3822f,3.1882f,0.5757f,-0.437f,0.6911f,1.4788f,0f,0f,0f,1f],start_interpolation: 0,interpolation_duration: 1}
$data merge entity $(bone_left_whisker13) {transformation: [0.3957f,0.3583f,-0.8456f,1.2832f,-0.2364f,0.9295f,0.2832f,3.1085f,0.8874f,0.0879f,0.4525f,1.7778f,0f,0f,0f,1f],start_interpolation: 0,interpolation_duration: 1}
$data merge entity $(bone_left_whisker12) {transformation: [-0.2894f,0.2013f,-0.9358f,1.1532f,0.2734f,0.9543f,0.1207f,3.2314f,0.9173f,-0.2209f,-0.3312f,2.1899f,0f,0f,0f,1f],start_interpolation: 0,interpolation_duration: 1}
$data merge entity $(bone_left_whisker11) {transformation: [-0.8039f,0.1339f,-0.5795f,0.7921f,0.1187f,0.9908f,0.0642f,3.2847f,0.5828f,-0.0172f,-0.8124f,2.4517f,0f,0f,0f,1f],start_interpolation: 0,interpolation_duration: 1}
$data merge entity $(bone_left_whisker10) {transformation: [-0.3285f,0.4611f,-0.8243f,0.6445f,0.4372f,0.8478f,0.3f,3.4811f,0.8372f,-0.2618f,-0.4801f,2.8278f,0f,0f,0f,1f],start_interpolation: 0,interpolation_duration: 1}
$data merge entity $(bone_left_whisker1) {transformation: [0.1892f,0.4214f,-0.8869f,0.7295f,0.6649f,0.6097f,0.4315f,3.7798f,0.7226f,-0.6714f,-0.1648f,3.1524f,0f,0f,0f,1f],start_interpolation: 0,interpolation_duration: 1}
$data merge entity $(bone_upper_left_tooth1) {transformation: [-0.972f,0.0132f,-0.2346f,0.6005f,-0.0619f,0.9489f,0.3095f,3.7736f,0.2267f,0.3153f,-0.9215f,4.2078f,0f,0f,0f,1f],start_interpolation: 0,interpolation_duration: 1}
$data merge entity $(bone_upper_right_tooth1) {transformation: [-0.972f,0.0132f,-0.2346f,-0.0545f,-0.0619f,0.9489f,0.3095f,3.7319f,0.2267f,0.3153f,-0.9215f,4.3605f,0f,0f,0f,1f],start_interpolation: 0,interpolation_duration: 1}
$data merge entity $(bone_top_lip1) {transformation: [-0.972f,-0.0679f,-0.225f,0.3019f,-0.0619f,0.9975f,-0.0337f,3.8717f,0.2267f,-0.0189f,-0.9738f,4.3167f,0f,0f,0f,1f],start_interpolation: 0,interpolation_duration: 1}
$data merge entity $(bone_muzzle1) {transformation: [-0.972f,0.0132f,-0.2346f,0.1724f,-0.0619f,0.9489f,0.3095f,4.2053f,0.2267f,0.3153f,-0.9215f,3.8524f,0f,0f,0f,1f],start_interpolation: 0,interpolation_duration: 1}
$data merge entity $(bone_jaw_right_tooth1) {transformation: [-0.972f,-0.1407f,-0.1882f,-0.0511f,-0.0619f,0.9258f,-0.3729f,3.7622f,0.2267f,-0.3508f,-0.9086f,4.3832f,0f,0f,0f,1f],start_interpolation: 0,interpolation_duration: 1}
$data merge entity $(bone_jaw_left_tooth1) {transformation: [-0.972f,-0.1407f,-0.1882f,0.6584f,-0.0619f,0.9258f,-0.3729f,3.8073f,0.2267f,-0.3508f,-0.9086f,4.2177f,0f,0f,0f,1f],start_interpolation: 0,interpolation_duration: 1}
$data merge entity $(bone_tongue1) {transformation: [-0.972f,-0.048f,-0.23f,0.1193f,-0.0619f,0.9967f,0.0534f,3.8195f,0.2267f,0.0661f,-0.9717f,3.5191f,0f,0f,0f,1f],start_interpolation: 0,interpolation_duration: 1}
$data merge entity $(bone_jaw_lips1) {transformation: [-0.972f,-0.048f,-0.23f,0.3867f,-0.0619f,0.9967f,0.0534f,3.6463f,0.2267f,0.0661f,-0.9717f,4.3709f,0f,0f,0f,1f],start_interpolation: 0,interpolation_duration: 1}
$data merge entity $(bone_jaw3) {transformation: [-0.972f,-0.1059f,-0.2098f,0.2072f,-0.0619f,0.9765f,-0.2064f,3.3786f,0.2267f,-0.1877f,-0.9557f,3.528f,0f,0f,0f,1f],start_interpolation: 0,interpolation_duration: 1}
$data merge entity $(bone_jaw1) {transformation: [-0.972f,0.0734f,-0.2232f,0.0066f,-0.0619f,0.8365f,0.5445f,3.8678f,0.2267f,0.5431f,-0.8085f,2.8017f,0f,0f,0f,1f],start_interpolation: 0,interpolation_duration: 1}
$data merge entity $(bone_tear_right1) {transformation: [-0.972f,0.0336f,-0.2326f,-0.4308f,-0.0619f,0.9183f,0.391f,4.2457f,0.2267f,0.3945f,-0.8905f,3.952f,0f,0f,0f,1f],start_interpolation: 0,interpolation_duration: 1}
$data merge entity $(bone_right_pupil1) {transformation: [-0.972f,0.0336f,-0.2326f,-0.2313f,-0.0619f,0.9183f,0.391f,4.334f,0.2267f,0.3945f,-0.8905f,4.0143f,0f,0f,0f,1f],start_interpolation: 0,interpolation_duration: 1}
$data merge entity $(bone_right_sad_pupil1) {transformation: [-0.972f,0.0336f,-0.2326f,-0.2339f,-0.0619f,0.9183f,0.391f,4.3384f,0.2267f,0.3945f,-0.8905f,4.0043f,0f,0f,0f,1f],start_interpolation: 0,interpolation_duration: 1}
$data merge entity $(bone_right_happy_pupil1) {transformation: [-0.972f,0.0336f,-0.2326f,-0.2621f,-0.0619f,0.9183f,0.391f,4.3108f,0.2267f,0.3945f,-0.8905f,3.9996f,0f,0f,0f,1f],start_interpolation: 0,interpolation_duration: 1}
$data merge entity $(bone_eyelid_right1) {transformation: [-0.972f,0.0336f,-0.2326f,0.0539f,-0.0619f,0.9183f,0.391f,4.5331f,0.2267f,0.3945f,-0.8905f,3.3841f,0f,0f,0f,1f],start_interpolation: 0,interpolation_duration: 1}
$data merge entity $(bone_eyelid_expressions_right5) {transformation: [-0.972f,0.0336f,-0.2326f,-0.3557f,-0.0619f,0.9183f,0.391f,4.4335f,0.2267f,0.3945f,-0.8905f,4.0779f,0f,0f,0f,1f],start_interpolation: 0,interpolation_duration: 1}
$data merge entity $(bone_eyelid_expressions_right7) {transformation: [-0.972f,0.0336f,-0.2326f,-0.0282f,-0.0619f,0.9183f,0.391f,4.4543f,0.2267f,0.3945f,-0.8905f,4.0015f,0f,0f,0f,1f],start_interpolation: 0,interpolation_duration: 1}
$data merge entity $(bone_eyelid_expressions_right6) {transformation: [-0.972f,0.0336f,-0.2326f,-0.1373f,-0.0619f,0.9183f,0.391f,4.4474f,0.2267f,0.3945f,-0.8905f,4.027f,0f,0f,0f,1f],start_interpolation: 0,interpolation_duration: 1}
$data merge entity $(bone_right_eye1) {transformation: [-0.972f,0.0336f,-0.2326f,0.0456f,-0.0619f,0.9183f,0.391f,4.528f,0.2267f,0.3945f,-0.8905f,3.3966f,0f,0f,0f,1f],start_interpolation: 0,interpolation_duration: 1}
$data merge entity $(bone_tear_left1) {transformation: [-0.972f,0.0336f,-0.2326f,0.7481f,-0.0619f,0.9183f,0.391f,4.3208f,0.2267f,0.3945f,-0.8905f,3.6771f,0f,0f,0f,1f],start_interpolation: 0,interpolation_duration: 1}
$data merge entity $(bone_left_sad_pupil1) {transformation: [-0.972f,0.0336f,-0.2326f,0.5848f,-0.0619f,0.9183f,0.391f,4.3905f,0.2267f,0.3945f,-0.8905f,3.8134f,0f,0f,0f,1f],start_interpolation: 0,interpolation_duration: 1}
$data merge entity $(bone_left_pupil1) {transformation: [-0.972f,0.0336f,-0.2326f,0.5874f,-0.0619f,0.9183f,0.391f,4.3861f,0.2267f,0.3945f,-0.8905f,3.8234f,0f,0f,0f,1f],start_interpolation: 0,interpolation_duration: 1}
$data merge entity $(bone_eyelid_left1) {transformation: [-0.972f,0.0336f,-0.2326f,0.0321f,-0.0619f,0.9183f,0.391f,4.5317f,0.2267f,0.3945f,-0.8905f,3.3892f,0f,0f,0f,1f],start_interpolation: 0,interpolation_duration: 1}
$data merge entity $(bone_left_happy_pupil1) {transformation: [-0.972f,0.0336f,-0.2326f,0.6112f,-0.0619f,0.9183f,0.391f,4.3664f,0.2267f,0.3945f,-0.8905f,3.7959f,0f,0f,0f,1f],start_interpolation: 0,interpolation_duration: 1}
$data merge entity $(bone_eyelid_expressions_left5) {transformation: [-0.972f,0.0336f,-0.2326f,0.7141f,-0.0619f,0.9183f,0.391f,4.5016f,0.2267f,0.3945f,-0.8905f,3.8284f,0f,0f,0f,1f],start_interpolation: 0,interpolation_duration: 1}
$data merge entity $(bone_eyelid_expressions_left7) {transformation: [-0.972f,0.0336f,-0.2326f,0.3866f,-0.0619f,0.9183f,0.391f,4.4807f,0.2267f,0.3945f,-0.8905f,3.9048f,0f,0f,0f,1f],start_interpolation: 0,interpolation_duration: 1}
$data merge entity $(bone_eyelid_expressions_left6) {transformation: [-0.972f,0.0336f,-0.2326f,0.4958f,-0.0619f,0.9183f,0.391f,4.4877f,0.2267f,0.3945f,-0.8905f,3.8793f,0f,0f,0f,1f],start_interpolation: 0,interpolation_duration: 1}
$data merge entity $(bone_left_eye1) {transformation: [-0.972f,0.0336f,-0.2326f,0.0456f,-0.0619f,0.9183f,0.391f,4.528f,0.2267f,0.3945f,-0.8905f,3.3966f,0f,0f,0f,1f],start_interpolation: 0,interpolation_duration: 1}
$data merge entity $(bone_crest_middle5) {transformation: [-0.972f,-0.0176f,-0.2343f,0.203f,-0.0619f,0.9812f,0.183f,5.6141f,0.2267f,0.1924f,-0.9548f,4.3678f,0f,0f,0f,1f],start_interpolation: 0,interpolation_duration: 1}
$data merge entity $(bone_crest_middle4) {transformation: [-0.972f,-0.0176f,-0.2343f,0.2148f,-0.0619f,0.9812f,0.183f,4.953f,0.2267f,0.1924f,-0.9548f,4.2382f,0f,0f,0f,1f],start_interpolation: 0,interpolation_duration: 1}
$data merge entity $(bone_crest_middle1) {transformation: [-0.972f,-0.0176f,-0.2343f,0.2434f,-0.0619f,0.9812f,0.183f,4.4417f,0.2267f,0.1924f,-0.9548f,4.2214f,0f,0f,0f,1f],start_interpolation: 0,interpolation_duration: 1}
$data merge entity $(bone_crest_left5) {transformation: [-0.5506f,-0.8252f,-0.1259f,-0.8691f,-0.8077f,0.4885f,0.3301f,4.9182f,-0.2109f,0.2834f,-0.9355f,4.4532f,0f,0f,0f,1f],start_interpolation: 0,interpolation_duration: 1}
$data merge entity $(bone_crest_left4) {transformation: [-0.5506f,-0.8252f,-0.1259f,-0.4057f,-0.8077f,0.4885f,0.3301f,4.6439f,-0.2109f,0.2834f,-0.9355f,4.2941f,0f,0f,0f,1f],start_interpolation: 0,interpolation_duration: 1}
$data merge entity $(bone_crest_left1) {transformation: [-0.5506f,-0.8252f,-0.1259f,0.0969f,-0.8077f,0.4885f,0.3301f,4.3607f,-0.2109f,0.2834f,-0.9355f,4.0665f,0f,0f,0f,1f],start_interpolation: 0,interpolation_duration: 1}
$data merge entity $(bone_crest_center1) {transformation: [-0.972f,0.0336f,-0.2326f,0.2051f,-0.0619f,0.9183f,0.391f,4.3419f,0.2267f,0.3945f,-0.8905f,4.0299f,0f,0f,0f,1f],start_interpolation: 0,interpolation_duration: 1}
$data merge entity $(bone_crest_right5) {transformation: [-0.494f,0.8003f,-0.3399f,1.278f,0.7413f,0.5919f,0.3165f,5.0549f,0.4545f,-0.0957f,-0.8856f,3.9525f,0f,0f,0f,1f],start_interpolation: 0,interpolation_duration: 1}
$data merge entity $(bone_crest_right4) {transformation: [-0.494f,0.8003f,-0.3399f,0.8286f,0.7413f,0.5919f,0.3165f,4.7225f,0.4545f,-0.0957f,-0.8856f,4.0062f,0f,0f,0f,1f],start_interpolation: 0,interpolation_duration: 1}
$data merge entity $(bone_crest_right1) {transformation: [-0.494f,0.8003f,-0.3399f,0.3152f,0.7413f,0.5919f,0.3165f,4.3746f,0.4545f,-0.0957f,-0.8856f,4.0155f,0f,0f,0f,1f],start_interpolation: 0,interpolation_duration: 1}
$data merge entity $(bone_head1) {transformation: [-1.0188f,0.0352f,-0.2438f,-0.0999f,-0.0648f,0.9625f,0.4099f,4.718f,0.2376f,0.4135f,-0.9334f,2.8244f,0f,0f,0f,1f],start_interpolation: 0,interpolation_duration: 1}
$data merge entity $(bone_neck10) {transformation: [-1.4921f,-0.0954f,-0.0826f,-0.1302f,-0.0952f,1.4944f,-0.0065f,4.2651f,0.0828f,-0.0012f,-1.4951f,1.7595f,0f,0f,0f,1f],start_interpolation: 0,interpolation_duration: 1}
$data merge entity $(bone_neck9) {transformation: [-1.1414f,0.0057f,-0.0963f,-0.1388f,-0.0728f,0.6998f,0.9039f,3.4969f,0.0634f,0.9068f,-0.697f,0.722f,0f,0f,0f,1f],start_interpolation: 0,interpolation_duration: 1}
$data merge entity $(bone_neck8) {transformation: [-1.0594f,0.02f,-0.0873f,-0.1635f,-0.0676f,0.5018f,0.9348f,3.0427f,0.0588f,0.9371f,-0.4988f,-0.2447f,0f,0f,0f,1f],start_interpolation: 0,interpolation_duration: 1}
$data merge entity $(bone_neck7) {transformation: [-1.0523f,0.0038f,-0.0837f,-0.1673f,-0.0767f,0.3821f,0.9811f,2.6565f,0.0338f,0.9841f,-0.3806f,-1.2393f,0f,0f,0f,1f],start_interpolation: 0,interpolation_duration: 1}
$data merge entity $(bone_neck6) {transformation: [-1.0446f,0.0511f,-0.0898f,-0.2155f,-0.086f,0.0751f,1.0434f,2.6031f,0.0572f,1.0457f,-0.0706f,-2.2006f,0f,0f,0f,1f],start_interpolation: 0,interpolation_duration: 1}
$data merge entity $(bone_neck_spine6) {transformation: [-1.2358f,-0.3047f,0.0043f,0.1227f,-0.0106f,0.0609f,1.2713f,3.2256f,-0.3045f,1.2343f,-0.0617f,-5.8371f,0f,0f,0f,1f],start_interpolation: 0,interpolation_duration: 1}
$data merge entity $(bone_neck_spine7) {transformation: [-0.9812f,-0.1781f,-0.0742f,0.9302f,-0.0426f,-0.1755f,0.9836f,3.8283f,-0.1882f,0.9682f,0.1646f,-9.0124f,0f,0f,0f,1f],start_interpolation: 0,interpolation_duration: 1}
$data merge entity $(bone_tail6) {transformation: [-1.5227f,0.6307f,-0.499f,0.1442f,-0.4287f,0.2674f,1.6462f,4.1855f,0.6804f,1.5799f,-0.0795f,-12.772f,0f,0f,0f,1f],start_interpolation: 0,interpolation_duration: 1}
$data merge entity $(bone_tail5) {transformation: [-1.2579f,0.5846f,-0.3155f,0.5135f,-0.3541f,-0.0186f,1.3776f,4.1738f,0.5621f,1.2967f,0.162f,-11.953f,0f,0f,0f,1f],start_interpolation: 0,interpolation_duration: 1}
$data merge entity $(bone_tail4) {transformation: [-0.9238f,0.4553f,-0.1949f,0.7086f,-0.2426f,-0.0564f,1.0182f,4.1496f,0.4317f,0.9425f,0.1551f,-11.5491f,0f,0f,0f,1f],start_interpolation: 0,interpolation_duration: 1}
$data merge entity $(bone_segment18) {transformation: [-0.9305f,0.3156f,-0.1859f,0.8858f,-0.2224f,-0.0836f,0.9714f,4.1027f,0.291f,0.9452f,0.1479f,-11.0184f,0f,0f,0f,1f],start_interpolation: 0,interpolation_duration: 1}
$data merge entity $(bone_segment17) {transformation: [-0.975f,0.1709f,-0.1421f,1.0105f,-0.1822f,-0.2479f,0.9515f,3.9217f,0.1274f,0.9536f,0.2729f,-10.3223f,0f,0f,0f,1f],start_interpolation: 0,interpolation_duration: 1}
$data merge entity $(bone_segment16) {transformation: [-0.9929f,0.0162f,-0.118f,1.026f,-0.1147f,-0.3988f,0.9098f,3.541f,-0.0323f,0.9169f,0.3978f,-9.447f,0f,0f,0f,1f],start_interpolation: 0,interpolation_duration: 1}
$data merge entity $(bone_segment15) {transformation: [-0.9812f,-0.1528f,-0.1178f,0.8458f,-0.0426f,-0.424f,0.9046f,3.041f,-0.1882f,0.8927f,0.4096f,-8.3944f,0f,0f,0f,1f],start_interpolation: 0,interpolation_duration: 1}
$data merge entity $(bone_segment14) {transformation: [-0.9957f,-0.3103f,-0.1051f,0.4967f,0.0014f,-0.3404f,0.9914f,2.658f,-0.3276f,0.9415f,0.3238f,-7.3351f,0f,0f,0f,1f],start_interpolation: 0,interpolation_duration: 1}
$data merge entity $(bone_segment13) {transformation: [-0.9959f,-0.2424f,-0.0393f,0.2059f,-0.0086f,-0.1295f,1.0175f,2.4741f,-0.2454f,0.9882f,0.1237f,-6.1484f,0f,0f,0f,1f],start_interpolation: 0,interpolation_duration: 1}
$data merge entity $(bone_segment12) {transformation: [-1.0887f,-0.2433f,-0.0032f,-0.0881f,-0.0088f,0.0245f,1.1153f,2.5037f,-0.2432f,1.0884f,-0.0258f,-4.8335f,0f,0f,0f,1f],start_interpolation: 0,interpolation_duration: 1}
$data merge entity $(bone_segment11) {transformation: [-1.1826f,-0.1358f,0.0107f,-0.245f,0.0003f,0.0916f,1.1869f,2.6096f,-0.1362f,1.1791f,-0.091f,-3.4708f,0f,0f,0f,1f],start_interpolation: 0,interpolation_duration: 1}
$data merge entity $(bone_segment10) {transformation: [-1.0479f,0.0243f,0f,-0.2143f,0f,-0.0016f,1.0482f,2.6232f,0.0243f,1.0479f,0.0016f,-2.1482f,0f,0f,0f,1f],start_interpolation: 0,interpolation_duration: 1}
data modify entity @s data merge value {"cameras":{},"locators":{"mouth":{"px":0.4719822223346485,"py":3.651177649766053,"pz":4.98567157021619,"ry":175.13750739324087,"rx":66.67941573144974}}}
function animated_java:gyarados/animations/water_idle/zzz/frames/on_tick/transform_floating_entities