# This file was generated by Animated Java via MC-Build. It is not recommended to edit this file directly.
$data merge entity $(bone_neck_spine5) {transformation: [-1.566f,-0.0376f,-0.1355f,-0.1182f,-0.1142f,1.2241f,0.9801f,4.1129f,0.0821f,0.986f,-1.2219f,0.3763f,0f,0f,0f,1f],start_interpolation: 0,interpolation_duration: 1}
$data merge entity $(bone_neck_spine2) {transformation: [-1.4914f,-0.1166f,-0.0659f,-0.2125f,-0.1088f,1.4844f,-0.1643f,5.3045f,0.0782f,-0.1588f,-1.4869f,2.3876f,0f,0f,0f,1f],start_interpolation: 0,interpolation_duration: 1}
$data merge entity $(bone_scale_neck_left1) {transformation: [-1.6151f,0.3227f,-0.0193f,0.6392f,0.3095f,1.5717f,0.3832f,4.464f,0.0935f,0.3722f,-1.6018f,2.4087f,0f,0f,0f,1f],start_interpolation: 0,interpolation_duration: 1}
$data merge entity $(bone_scale_neck_right1) {transformation: [-1.5542f,-0.5063f,-0.2031f,-0.9267f,-0.5407f,1.5113f,0.3698f,4.3498f,0.0726f,0.4156f,-1.5922f,2.4907f,0f,0f,0f,1f],start_interpolation: 0,interpolation_duration: 1}
$data merge entity $(bone_blush_right1) {transformation: [-0.9726f,0.0237f,-0.2313f,-0.5571f,-0.0751f,0.9094f,0.409f,3.8015f,0.2201f,0.4151f,-0.8827f,3.7505f,0f,0f,0f,1f],start_interpolation: 0,interpolation_duration: 1}
$data merge entity $(bone_blush_left1) {transformation: [-0.9726f,0.0237f,-0.2313f,0.7318f,-0.0751f,0.9094f,0.409f,3.901f,0.2201f,0.4151f,-0.8827f,3.4588f,0f,0f,0f,1f],start_interpolation: 0,interpolation_duration: 1}
$data merge entity $(bone_left_head_scales) {transformation: [-0.7559f,0.0237f,-0.6543f,0.6691f,-0.2555f,0.9094f,0.3281f,4.7265f,0.6028f,0.4151f,-0.6814f,3.4125f,0f,0f,0f,1f],start_interpolation: 0,interpolation_duration: 1}
$data merge entity $(bone_left_head_scales2) {transformation: [-0.664f,0.0237f,-0.7473f,0.6867f,-0.2961f,0.9094f,0.292f,3.8405f,0.6866f,0.4151f,-0.5969f,3.1882f,0f,0f,0f,1f],start_interpolation: 0,interpolation_duration: 1}
$data merge entity $(bone_left_head_scales1) {transformation: [-0.9726f,0.0237f,-0.2313f,0.6664f,-0.0751f,0.9094f,0.409f,4.6244f,0.2201f,0.4151f,-0.8827f,3.3658f,0f,0f,0f,1f],start_interpolation: 0,interpolation_duration: 1}
$data merge entity $(bone_right_head_scales) {transformation: [-0.9695f,0.0237f,0.2439f,-0.6416f,0.1222f,0.9094f,0.3975f,4.6253f,-0.2124f,0.4151f,-0.8846f,3.709f,0f,0f,0f,1f],start_interpolation: 0,interpolation_duration: 1}
$data merge entity $(bone_right_head_scales2) {transformation: [-0.9294f,0.0237f,0.3684f,-0.624f,0.1731f,0.9094f,0.3781f,3.7394f,-0.326f,0.4151f,-0.8493f,3.4847f,0f,0f,0f,1f],start_interpolation: 0,interpolation_duration: 1}
$data merge entity $(bone_right_head_scales1) {transformation: [-0.9726f,0.0237f,-0.2313f,-0.6443f,-0.0751f,0.9094f,0.409f,4.5232f,0.2201f,0.4151f,-0.8827f,3.6624f,0f,0f,0f,1f],start_interpolation: 0,interpolation_duration: 1}
$data merge entity $(bone_head_left_fin1) {transformation: [-0.2831f,0.1016f,-1.0041f,0.6369f,-0.1499f,1.0271f,0.1462f,4.2758f,0.998f,0.1831f,-0.2629f,3.1166f,0f,0f,0f,1f],start_interpolation: 0,interpolation_duration: 1}
$data merge entity $(bone_head_right_fin1) {transformation: [-0.7016f,-0.1623f,0.7616f,-0.6738f,0.0739f,1.0067f,0.2825f,4.1746f,-0.7752f,0.2428f,-0.6624f,3.4132f,0f,0f,0f,1f],start_interpolation: 0,interpolation_duration: 1}
$data merge entity $(bone_right_whisker16) {transformation: [-0.1669f,-0.0981f,0.9811f,-1.4182f,0.9633f,-0.2283f,0.1411f,3.0428f,0.2101f,0.9686f,0.1326f,1.5483f,0f,0f,0f,1f],start_interpolation: 0,interpolation_duration: 1}
$data merge entity $(bone_right_whisker15) {transformation: [0.1792f,-0.1866f,0.966f,-1.4785f,0.4842f,0.8714f,0.0785f,2.8797f,-0.8564f,0.4537f,0.2465f,1.8369f,0f,0f,0f,1f],start_interpolation: 0,interpolation_duration: 1}
$data merge entity $(bone_right_whisker14) {transformation: [0.4787f,-0.3652f,0.7984f,-1.6398f,-0.1184f,0.8742f,0.4709f,2.9195f,-0.87f,-0.3199f,0.3752f,2.13f,0f,0f,0f,1f],start_interpolation: 0,interpolation_duration: 1}
$data merge entity $(bone_right_whisker13) {transformation: [-0.0647f,-0.4006f,0.914f,-1.618f,0.2784f,0.8723f,0.402f,2.8258f,-0.9583f,0.2804f,0.0551f,2.4528f,0f,0f,0f,1f],start_interpolation: 0,interpolation_duration: 1}
$data merge entity $(bone_right_whisker12) {transformation: [-0.6224f,-0.3985f,0.6737f,-1.3384f,-0.3212f,0.9149f,0.2445f,2.9701f,-0.7138f,-0.0642f,-0.6974f,2.7735f,0f,0f,0f,1f],start_interpolation: 0,interpolation_duration: 1}
$data merge entity $(bone_right_whisker11) {transformation: [-0.9548f,-0.2544f,0.1538f,-0.9095f,-0.2349f,0.9627f,0.134f,3.0756f,-0.1822f,0.0918f,-0.979f,2.8553f,0f,0f,0f,1f],start_interpolation: 0,interpolation_duration: 1}
$data merge entity $(bone_right_whisker10) {transformation: [-0.6012f,-0.6341f,0.4864f,-0.6395f,-0.4879f,0.7733f,0.405f,3.2947f,-0.6329f,0.0062f,-0.7742f,3.1396f,0f,0f,0f,1f],start_interpolation: 0,interpolation_duration: 1}
$data merge entity $(bone_right_whisker1) {transformation: [-0.0607f,-0.7465f,0.6627f,-0.6122f,-0.6408f,0.5382f,0.5475f,3.5826f,-0.7653f,-0.3914f,-0.511f,3.4834f,0f,0f,0f,1f],start_interpolation: 0,interpolation_duration: 1}
$data merge entity $(bone_left_whisker16) {transformation: [-0.0981f,0.5355f,-0.8388f,0.6679f,-0.9838f,-0.1794f,0.0006f,3.2039f,-0.1502f,0.8253f,0.5444f,1.0763f,0f,0f,0f,1f],start_interpolation: 0,interpolation_duration: 1}
$data merge entity $(bone_left_whisker15) {transformation: [0.5971f,0.2334f,-0.7675f,0.869f,-0.4243f,0.9038f,-0.0553f,3.0609f,0.6808f,0.3586f,0.6387f,1.3057f,0f,0f,0f,1f],start_interpolation: 0,interpolation_duration: 1}
$data merge entity $(bone_left_whisker14) {transformation: [0.782f,0.0611f,-0.6202f,1.1325f,0.2157f,0.9071f,0.3614f,3.1336f,0.5847f,-0.4164f,0.6962f,1.5027f,0f,0f,0f,1f],start_interpolation: 0,interpolation_duration: 1}
$data merge entity $(bone_left_whisker13) {transformation: [0.3932f,0.3499f,-0.8503f,1.265f,-0.253f,0.9302f,0.2658f,3.0483f,0.884f,0.1106f,0.4543f,1.8005f,0f,0f,0f,1f],start_interpolation: 0,interpolation_duration: 1}
$data merge entity $(bone_left_whisker12) {transformation: [-0.2964f,0.1943f,-0.9351f,1.1318f,0.2503f,0.9607f,0.1203f,3.1608f,0.9217f,-0.1984f,-0.3334f,2.2145f,0f,0f,0f,1f],start_interpolation: 0,interpolation_duration: 1}
$data merge entity $(bone_left_whisker11) {transformation: [-0.8079f,0.1256f,-0.5758f,0.7689f,0.0988f,0.9921f,0.0776f,3.2052f,0.581f,0.0058f,-0.8139f,2.4755f,0f,0f,0f,1f],start_interpolation: 0,interpolation_duration: 1}
$data merge entity $(bone_left_whisker10) {transformation: [-0.3365f,0.4552f,-0.8244f,0.6178f,0.4155f,0.8574f,0.3038f,3.3918f,0.8451f,-0.2403f,-0.4776f,2.8552f,0f,0f,0f,1f],start_interpolation: 0,interpolation_duration: 1}
$data merge entity $(bone_left_whisker1) {transformation: [0.1798f,0.4196f,-0.8897f,0.6985f,0.65f,0.6282f,0.4276f,3.6838f,0.7383f,-0.6552f,-0.1598f,3.1868f,0f,0f,0f,1f],start_interpolation: 0,interpolation_duration: 1}
$data merge entity $(bone_upper_left_tooth1) {transformation: [-0.9726f,0.0035f,-0.2325f,0.5642f,-0.0751f,0.9416f,0.3282f,3.6528f,0.2201f,0.3366f,-0.9156f,4.2411f,0f,0f,0f,1f],start_interpolation: 0,interpolation_duration: 1}
$data merge entity $(bone_upper_right_tooth1) {transformation: [-0.9726f,0.0035f,-0.2325f,-0.0912f,-0.0751f,0.9416f,0.3282f,3.6022f,0.2201f,0.3366f,-0.9156f,4.3894f,0f,0f,0f,1f],start_interpolation: 0,interpolation_duration: 1}
$data merge entity $(bone_top_lip1) {transformation: [-0.9726f,-0.0763f,-0.2197f,0.2643f,-0.0751f,0.9971f,-0.0137f,3.7459f,0.2201f,0.0032f,-0.9755f,4.3506f,0f,0f,0f,1f],start_interpolation: 0,interpolation_duration: 1}
$data merge entity $(bone_muzzle1) {transformation: [-0.9726f,0.0035f,-0.2325f,0.1343f,-0.0751f,0.9416f,0.3282f,4.0888f,0.2201f,0.3366f,-0.9156f,3.8932f,0f,0f,0f,1f],start_interpolation: 0,interpolation_duration: 1}
$data merge entity $(bone_jaw_right_tooth1) {transformation: [-0.9726f,-0.1468f,-0.1803f,-0.0882f,-0.0751f,0.9323f,-0.3539f,3.6319f,0.2201f,-0.3306f,-0.9177f,4.4127f,0f,0f,0f,1f],start_interpolation: 0,interpolation_duration: 1}
$data merge entity $(bone_jaw_left_tooth1) {transformation: [-0.9726f,-0.1468f,-0.1803f,0.6218f,-0.0751f,0.9323f,-0.3539f,3.6868f,0.2201f,-0.3306f,-0.9177f,4.2521f,0f,0f,0f,1f],start_interpolation: 0,interpolation_duration: 1}
$data merge entity $(bone_tongue1) {transformation: [-0.9726f,-0.0568f,-0.2255f,0.0861f,-0.0751f,0.9945f,0.0733f,3.7101f,0.2201f,0.0882f,-0.9715f,3.5511f,0f,0f,0f,1f],start_interpolation: 0,interpolation_duration: 1}
$data merge entity $(bone_jaw_lips1) {transformation: [-0.9726f,-0.0568f,-0.2255f,0.3506f,-0.0751f,0.9945f,0.0733f,3.52f,0.2201f,0.0882f,-0.9715f,4.4002f,0f,0f,0f,1f],start_interpolation: 0,interpolation_duration: 1}
$data merge entity $(bone_jaw3) {transformation: [-0.9726f,-0.1132f,-0.2031f,0.1777f,-0.0751f,0.9796f,-0.1866f,3.2699f,0.2201f,-0.1662f,-0.9612f,3.5506f,0f,0f,0f,1f],start_interpolation: 0,interpolation_duration: 1}
$data merge entity $(bone_jaw1) {transformation: [-0.9726f,0.0635f,-0.2237f,-0.0232f,-0.0751f,0.8246f,0.5607f,3.7736f,0.2201f,0.5621f,-0.7972f,2.8343f,0f,0f,0f,1f],start_interpolation: 0,interpolation_duration: 1}
$data merge entity $(bone_tear_right1) {transformation: [-0.9726f,0.0237f,-0.2313f,-0.4698f,-0.0751f,0.9094f,0.409f,4.1219f,0.2201f,0.4151f,-0.8827f,3.9905f,0f,0f,0f,1f],start_interpolation: 0,interpolation_duration: 1}
$data merge entity $(bone_right_pupil1) {transformation: [-0.9726f,0.0237f,-0.2313f,-0.2713f,-0.0751f,0.9094f,0.409f,4.2104f,0.2201f,0.4151f,-0.8827f,4.0558f,0f,0f,0f,1f],start_interpolation: 0,interpolation_duration: 1}
$data merge entity $(bone_right_sad_pupil1) {transformation: [-0.9726f,0.0237f,-0.2313f,-0.2739f,-0.0751f,0.9094f,0.409f,4.215f,0.2201f,0.4151f,-0.8827f,4.0459f,0f,0f,0f,1f],start_interpolation: 0,interpolation_duration: 1}
$data merge entity $(bone_right_happy_pupil1) {transformation: [-0.9726f,0.0237f,-0.2313f,-0.3019f,-0.0751f,0.9094f,0.409f,4.1873f,0.2201f,0.4151f,-0.8827f,4.0405f,0f,0f,0f,1f],start_interpolation: 0,interpolation_duration: 1}
$data merge entity $(bone_eyelid_right1) {transformation: [-0.9726f,0.0237f,-0.2313f,0.0154f,-0.0751f,0.9094f,0.409f,4.426f,0.2201f,0.4151f,-0.8827f,3.4318f,0f,0f,0f,1f],start_interpolation: 0,interpolation_duration: 1}
$data merge entity $(bone_eyelid_expressions_right5) {transformation: [-0.9726f,0.0237f,-0.2313f,-0.3969f,-0.0751f,0.9094f,0.409f,4.3074f,0.2201f,0.4151f,-0.8827f,4.121f,0f,0f,0f,1f],start_interpolation: 0,interpolation_duration: 1}
$data merge entity $(bone_eyelid_expressions_right7) {transformation: [-0.9726f,0.0237f,-0.2313f,-0.0692f,-0.0751f,0.9094f,0.409f,4.3327f,0.2201f,0.4151f,-0.8827f,4.0468f,0f,0f,0f,1f],start_interpolation: 0,interpolation_duration: 1}
$data merge entity $(bone_eyelid_expressions_right6) {transformation: [-0.9726f,0.0237f,-0.2313f,-0.1784f,-0.0751f,0.9094f,0.409f,4.3243f,0.2201f,0.4151f,-0.8827f,4.0715f,0f,0f,0f,1f],start_interpolation: 0,interpolation_duration: 1}
$data merge entity $(bone_right_eye1) {transformation: [-0.9726f,0.0237f,-0.2313f,0.0071f,-0.0751f,0.9094f,0.409f,4.4206f,0.2201f,0.4151f,-0.8827f,3.4442f,0f,0f,0f,1f],start_interpolation: 0,interpolation_duration: 1}
$data merge entity $(bone_tear_left1) {transformation: [-0.9726f,0.0237f,-0.2313f,0.7099f,-0.0751f,0.9094f,0.409f,4.213f,0.2201f,0.4151f,-0.8827f,3.7236f,0f,0f,0f,1f],start_interpolation: 0,interpolation_duration: 1}
$data merge entity $(bone_left_sad_pupil1) {transformation: [-0.9726f,0.0237f,-0.2313f,0.5453f,-0.0751f,0.9094f,0.409f,4.2782f,0.2201f,0.4151f,-0.8827f,3.8606f,0f,0f,0f,1f],start_interpolation: 0,interpolation_duration: 1}
$data merge entity $(bone_left_pupil1) {transformation: [-0.9726f,0.0237f,-0.2313f,0.5479f,-0.0751f,0.9094f,0.409f,4.2736f,0.2201f,0.4151f,-0.8827f,3.8705f,0f,0f,0f,1f],start_interpolation: 0,interpolation_duration: 1}
$data merge entity $(bone_eyelid_left1) {transformation: [-0.9726f,0.0237f,-0.2313f,-0.0065f,-0.0751f,0.9094f,0.409f,4.4243f,0.2201f,0.4151f,-0.8827f,3.4367f,0f,0f,0f,1f],start_interpolation: 0,interpolation_duration: 1}
$data merge entity $(bone_left_happy_pupil1) {transformation: [-0.9726f,0.0237f,-0.2313f,0.5719f,-0.0751f,0.9094f,0.409f,4.2548f,0.2201f,0.4151f,-0.8827f,3.8427f,0f,0f,0f,1f],start_interpolation: 0,interpolation_duration: 1}
$data merge entity $(bone_eyelid_expressions_left5) {transformation: [-0.9726f,0.0237f,-0.2313f,0.6736f,-0.0751f,0.9094f,0.409f,4.39f,0.2201f,0.4151f,-0.8827f,3.8788f,0f,0f,0f,1f],start_interpolation: 0,interpolation_duration: 1}
$data merge entity $(bone_eyelid_expressions_left7) {transformation: [-0.9726f,0.0237f,-0.2313f,0.3459f,-0.0751f,0.9094f,0.409f,4.3647f,0.2201f,0.4151f,-0.8827f,3.9529f,0f,0f,0f,1f],start_interpolation: 0,interpolation_duration: 1}
$data merge entity $(bone_eyelid_expressions_left6) {transformation: [-0.9726f,0.0237f,-0.2313f,0.4551f,-0.0751f,0.9094f,0.409f,4.3732f,0.2201f,0.4151f,-0.8827f,3.9282f,0f,0f,0f,1f],start_interpolation: 0,interpolation_duration: 1}
$data merge entity $(bone_left_eye1) {transformation: [-0.9726f,0.0237f,-0.2313f,0.0071f,-0.0751f,0.9094f,0.409f,4.4206f,0.2201f,0.4151f,-0.8827f,3.4442f,0f,0f,0f,1f],start_interpolation: 0,interpolation_duration: 1}
$data merge entity $(bone_crest_middle5) {transformation: [-0.9726f,-0.0269f,-0.231f,0.1502f,-0.0751f,0.9764f,0.2025f,5.4858f,0.2201f,0.2142f,-0.9517f,4.4403f,0f,0f,0f,1f],start_interpolation: 0,interpolation_duration: 1}
$data merge entity $(bone_crest_middle4) {transformation: [-0.9726f,-0.0269f,-0.231f,0.1683f,-0.0751f,0.9764f,0.2025f,4.8279f,0.2201f,0.2142f,-0.9517f,4.2959f,0f,0f,0f,1f],start_interpolation: 0,interpolation_duration: 1}
$data merge entity $(bone_crest_middle1) {transformation: [-0.9726f,-0.0269f,-0.231f,0.2014f,-0.0751f,0.9764f,0.2025f,4.3174f,0.2201f,0.2142f,-0.9517f,4.2678f,0f,0f,0f,1f],start_interpolation: 0,interpolation_duration: 1}
$data merge entity $(bone_crest_left5) {transformation: [-0.5426f,-0.8308f,-0.1239f,-0.9164f,-0.8074f,0.4751f,0.35f,4.7792f,-0.2319f,0.2899f,-0.9285f,4.5044f,0f,0f,0f,1f],start_interpolation: 0,interpolation_duration: 1}
$data merge entity $(bone_crest_left4) {transformation: [-0.5426f,-0.8308f,-0.1239f,-0.4499f,-0.8074f,0.4751f,0.35f,4.5125f,-0.2319f,0.2899f,-0.9285f,4.3416f,0f,0f,0f,1f],start_interpolation: 0,interpolation_duration: 1}
$data merge entity $(bone_crest_left1) {transformation: [-0.5426f,-0.8308f,-0.1239f,0.0564f,-0.8074f,0.4751f,0.35f,4.2387f,-0.2319f,0.2899f,-0.9285f,4.1103f,0f,0f,0f,1f],start_interpolation: 0,interpolation_duration: 1}
$data merge entity $(bone_crest_center1) {transformation: [-0.9726f,0.0237f,-0.2313f,0.1649f,-0.0751f,0.9094f,0.409f,4.2216f,0.2201f,0.4151f,-0.8827f,4.074f,0f,0f,0f,1f],start_interpolation: 0,interpolation_duration: 1}
$data merge entity $(bone_crest_right5) {transformation: [-0.5026f,0.7957f,-0.3381f,1.2321f,0.7267f,0.6006f,0.3334f,4.9451f,0.4684f,-0.0781f,-0.8801f,4.0182f,0f,0f,0f,1f],start_interpolation: 0,interpolation_duration: 1}
$data merge entity $(bone_crest_right4) {transformation: [-0.5026f,0.7957f,-0.3381f,0.7853f,0.7267f,0.6006f,0.3334f,4.6078f,0.4684f,-0.0781f,-0.8801f,4.0621f,0f,0f,0f,1f],start_interpolation: 0,interpolation_duration: 1}
$data merge entity $(bone_crest_right1) {transformation: [-0.5026f,0.7957f,-0.3381f,0.2748f,0.7267f,0.6006f,0.3334f,4.2556f,0.4684f,-0.0781f,-0.8801f,4.0609f,0f,0f,0f,1f],start_interpolation: 0,interpolation_duration: 1}
$data merge entity $(bone_head1) {transformation: [-1.0194f,0.0249f,-0.2425f,-0.1371f,-0.0787f,0.9533f,0.4287f,4.6221f,0.2307f,0.4352f,-0.9253f,2.8756f,0f,0f,0f,1f],start_interpolation: 0,interpolation_duration: 1}
$data merge entity $(bone_neck10) {transformation: [-1.4914f,-0.107f,-0.0806f,-0.1625f,-0.1088f,1.4931f,0.0309f,4.1962f,0.0782f,0.0366f,-1.4949f,1.7995f,0f,0f,0f,1f],start_interpolation: 0,interpolation_duration: 1}
$data merge entity $(bone_neck9) {transformation: [-1.1409f,-0.0009f,-0.1025f,-0.1638f,-0.0832f,0.6766f,0.9206f,3.4546f,0.0598f,0.9243f,-0.674f,0.7428f,0f,0f,0f,1f],start_interpolation: 0,interpolation_duration: 1}
$data merge entity $(bone_neck8) {transformation: [-1.0589f,0.015f,-0.0939f,-0.1838f,-0.0772f,0.477f,0.947f,3.026f,0.0555f,0.95f,-0.474f,-0.2357f,0f,0f,0f,1f],start_interpolation: 0,interpolation_duration: 1}
$data merge entity $(bone_neck7) {transformation: [-1.0517f,0.0102f,-0.0909f,-0.1941f,-0.0819f,0.3614f,0.9885f,2.6607f,0.0407f,0.9918f,-0.3593f,-1.238f,0f,0f,0f,1f],start_interpolation: 0,interpolation_duration: 1}
$data merge entity $(bone_neck6) {transformation: [-1.0411f,0.0812f,-0.106f,-0.2703f,-0.1015f,0.0601f,1.043f,2.621f,0.0868f,1.0448f,-0.0518f,-2.1982f,0f,0f,0f,1f],start_interpolation: 0,interpolation_duration: 1}
$data merge entity $(bone_neck_spine6) {transformation: [-1.2338f,-0.3124f,0.0137f,-0.015f,-0.0161f,0.1195f,1.2671f,3.1944f,-0.3123f,1.228f,-0.1198f,-5.8735f,0f,0f,0f,1f],start_interpolation: 0,interpolation_duration: 1}
$data merge entity $(bone_neck_spine7) {transformation: [-0.9737f,-0.216f,-0.0719f,0.8529f,-0.0386f,-0.1548f,0.9872f,3.6671f,-0.2244f,0.964f,0.1424f,-9.0376f,0f,0f,0f,1f],start_interpolation: 0,interpolation_duration: 1}
$data merge entity $(bone_tail6) {transformation: [-1.553f,0.581f,-0.4647f,0.2109f,-0.434f,0.1662f,1.6581f,4.158f,0.6043f,1.6125f,-0.0035f,-12.7987f,0f,0f,0f,1f],start_interpolation: 0,interpolation_duration: 1}
$data merge entity $(bone_tail5) {transformation: [-1.2829f,0.5393f,-0.2947f,0.5515f,-0.3585f,-0.1027f,1.3728f,4.0932f,0.4992f,1.3123f,0.2285f,-11.9698f,0f,0f,0f,1f],start_interpolation: 0,interpolation_duration: 1}
$data merge entity $(bone_tail4) {transformation: [-0.9425f,0.4215f,-0.1808f,0.7322f,-0.2469f,-0.1181f,1.0118f,4.0426f,0.3865f,0.9524f,0.2054f,-11.5617f,0f,0f,0f,1f],start_interpolation: 0,interpolation_duration: 1}
$data merge entity $(bone_segment18) {transformation: [-0.944f,0.2813f,-0.1725f,0.8901f,-0.2188f,-0.1424f,0.9653f,3.9626f,0.247f,0.949f,0.196f,-11.0288f,0f,0f,0f,1f],start_interpolation: 0,interpolation_duration: 1}
$data merge entity $(bone_segment17) {transformation: [-0.9812f,0.1316f,-0.1409f,0.9862f,-0.1732f,-0.2806f,0.9441f,3.7578f,0.0847f,0.9508f,0.2981f,-10.3347f,0f,0f,0f,1f],start_interpolation: 0,interpolation_duration: 1}
$data merge entity $(bone_segment16) {transformation: [-0.9918f,-0.0248f,-0.1257f,0.9625f,-0.105f,-0.4057f,0.9079f,3.3705f,-0.0735f,0.9137f,0.3998f,-9.4626f,0f,0f,0f,1f],start_interpolation: 0,interpolation_duration: 1}
$data merge entity $(bone_segment15) {transformation: [-0.9737f,-0.19f,-0.1254f,0.7385f,-0.0386f,-0.405f,0.9135f,2.8929f,-0.2244f,0.8943f,0.3871f,-8.408f,0f,0f,0f,1f],start_interpolation: 0,interpolation_duration: 1}
$data merge entity $(bone_segment14) {transformation: [-0.9887f,-0.332f,-0.1044f,0.3649f,-0.0056f,-0.2992f,1.0046f,2.5563f,-0.348f,0.9481f,0.2804f,-7.3413f,0f,0f,0f,1f],start_interpolation: 0,interpolation_duration: 1}
$data merge entity $(bone_segment13) {transformation: [-0.9943f,-0.2499f,-0.0328f,0.0649f,-0.013f,-0.0825f,1.0223f,2.4289f,-0.2517f,0.9914f,0.0768f,-6.1494f,0f,0f,0f,1f],start_interpolation: 0,interpolation_duration: 1}
$data merge entity $(bone_segment12) {transformation: [-1.0922f,-0.2272f,0.0016f,-0.2096f,-0.0114f,0.063f,1.1137f,2.5051f,-0.2269f,1.0904f,-0.0641f,-4.8322f,0f,0f,0f,1f],start_interpolation: 0,interpolation_duration: 1}
$data merge entity $(bone_segment11) {transformation: [-1.1859f,-0.1029f,0.0102f,-0.3285f,0.0007f,0.1093f,1.1854f,2.6314f,-0.1034f,1.1809f,-0.1088f,-3.4675f,0f,0f,0f,1f],start_interpolation: 0,interpolation_duration: 1}
$data merge entity $(bone_segment10) {transformation: [-1.0471f,0.048f,0.0002f,-0.2679f,0f,-0.0047f,1.0482f,2.6411f,0.048f,1.0471f,0.0047f,-2.1458f,0f,0f,0f,1f],start_interpolation: 0,interpolation_duration: 1}
data modify entity @s data merge value {"cameras":{},"locators":{"mouth":{"px":0.4327262171447639,"py":3.5118135377890773,"pz":5.015354641890502,"ry":176.72941002914632,"rx":65.42860214781354}}}
function animated_java:gyarados/animations/water_idle/zzz/frames/on_tick/transform_floating_entities