# This file was generated by Animated Java via MC-Build. It is not recommended to edit this file directly.
$data merge entity $(bone_neck_spine5) {transformation: [-1.5668f,-0.0552f,-0.1194f,-0.1573f,-0.1228f,1.124f,1.0925f,3.9247f,0.047f,1.098f,-1.1244f,0.5152f,0f,0f,0f,1f],start_interpolation: 0,interpolation_duration: 1}
$data merge entity $(bone_neck_spine2) {transformation: [-1.4921f,-0.1176f,-0.0432f,-0.2845f,-0.117f,1.4927f,-0.0212f,4.9182f,0.0447f,-0.0178f,-1.4966f,2.6296f,0f,0f,0f,1f],start_interpolation: 0,interpolation_duration: 1}
$data merge entity $(bone_scale_neck_left1) {transformation: [-1.617f,0.3135f,0.0039f,0.5687f,0.2978f,1.5292f,0.5348f,4.0802f,0.0981f,0.5258f,-1.5579f,2.5831f,0f,0f,0f,1f],start_interpolation: 0,interpolation_duration: 1}
$data merge entity $(bone_scale_neck_right1) {transformation: [-1.5539f,-0.5159f,-0.1799f,-0.998f,-0.5464f,1.4641f,0.5204f,3.9574f,-0.0031f,0.5506f,-1.5524f,2.6301f,0f,0f,0f,1f],start_interpolation: 0,interpolation_duration: 1}
$data merge entity $(bone_blush_right1) {transformation: [-0.9826f,-0.0054f,-0.1857f,-0.6762f,-0.0928f,0.8801f,0.4656f,3.3143f,0.161f,0.4747f,-0.8653f,3.8458f,0f,0f,0f,1f],start_interpolation: 0,interpolation_duration: 1}
$data merge entity $(bone_blush_left1) {transformation: [-0.9826f,-0.0054f,-0.1857f,0.626f,-0.0928f,0.8801f,0.4656f,3.4373f,0.161f,0.4747f,-0.8653f,3.6325f,0f,0f,0f,1f],start_interpolation: 0,interpolation_duration: 1}
$data merge entity $(bone_left_head_scales) {transformation: [-0.7858f,-0.0054f,-0.6184f,0.5601f,-0.2973f,0.8801f,0.3702f,4.2638f,0.5423f,0.4747f,-0.6932f,3.6372f,0f,0f,0f,1f],start_interpolation: 0,interpolation_duration: 1}
$data merge entity $(bone_left_head_scales2) {transformation: [-0.6984f,-0.0054f,-0.7157f,0.5962f,-0.3431f,0.8801f,0.3282f,3.3946f,0.6282f,0.4747f,-0.6165f,3.3564f,0f,0f,0f,1f],start_interpolation: 0,interpolation_duration: 1}
$data merge entity $(bone_left_head_scales1) {transformation: [-0.9826f,-0.0054f,-0.1857f,0.5607f,-0.0928f,0.8801f,0.4656f,4.1649f,0.161f,0.4747f,-0.8653f,3.5838f,0f,0f,0f,1f],start_interpolation: 0,interpolation_duration: 1}
$data merge entity $(bone_right_head_scales) {transformation: [-0.9573f,-0.0054f,0.289f,-0.7641f,0.1327f,0.8801f,0.4559f,4.1387f,-0.2568f,0.4747f,-0.8418f,3.8541f,0f,0f,0f,1f],start_interpolation: 0,interpolation_duration: 1}
$data merge entity $(bone_right_head_scales2) {transformation: [-0.9114f,-0.0054f,0.4115f,-0.728f,0.191f,0.8801f,0.4346f,3.2696f,-0.3645f,0.4747f,-0.8011f,3.5733f,0f,0f,0f,1f],start_interpolation: 0,interpolation_duration: 1}
$data merge entity $(bone_right_head_scales1) {transformation: [-0.9826f,-0.0054f,-0.1857f,-0.7635f,-0.0928f,0.8801f,0.4656f,4.0399f,0.161f,0.4747f,-0.8653f,3.8007f,0f,0f,0f,1f],start_interpolation: 0,interpolation_duration: 1}
$data merge entity $(bone_head_left_fin1) {transformation: [-0.336f,0.0842f,-0.9893f,0.5473f,-0.2165f,1.0131f,0.1598f,3.8335f,0.969f,0.2555f,-0.3074f,3.311f,0f,0f,0f,1f],start_interpolation: 0,interpolation_duration: 1}
$data merge entity $(bone_head_right_fin1) {transformation: [-0.6588f,-0.1823f,0.7946f,-0.7769f,0.1225f,0.9879f,0.3283f,3.7084f,-0.806f,0.2992f,-0.5996f,3.5279f,0f,0f,0f,1f],start_interpolation: 0,interpolation_duration: 1}
$data merge entity $(bone_right_whisker16) {transformation: [-0.1849f,-0.1492f,0.9714f,-1.4105f,0.9468f,-0.2921f,0.1354f,2.6997f,0.2636f,0.9447f,0.1952f,1.5546f,0f,0f,0f,1f],start_interpolation: 0,interpolation_duration: 1}
$data merge entity $(bone_right_whisker15) {transformation: [0.2222f,-0.2172f,0.9505f,-1.4854f,0.5404f,0.8389f,0.0654f,2.5177f,-0.8116f,0.4991f,0.3038f,1.828f,0f,0f,0f,1f],start_interpolation: 0,interpolation_duration: 1}
$data merge entity $(bone_right_whisker14) {transformation: [0.5262f,-0.3534f,0.7734f,-1.6627f,-0.059f,0.8922f,0.4478f,2.5375f,-0.8483f,-0.2813f,0.4486f,2.1138f,0f,0f,0f,1f],start_interpolation: 0,interpolation_duration: 1}
$data merge entity $(bone_right_whisker13) {transformation: [-0.0143f,-0.4214f,0.9068f,-1.6578f,0.3408f,0.8505f,0.4006f,2.4227f,-0.94f,0.3148f,0.1315f,2.4306f,0f,0f,0f,1f],start_interpolation: 0,interpolation_duration: 1}
$data merge entity $(bone_right_whisker12) {transformation: [-0.5802f,-0.4009f,0.7089f,-1.3972f,-0.2755f,0.9158f,0.2923f,2.5465f,-0.7664f,-0.0257f,-0.6418f,2.7748f,0f,0f,0f,1f],start_interpolation: 0,interpolation_duration: 1}
$data merge entity $(bone_right_whisker11) {transformation: [-0.9418f,-0.2658f,0.206f,-0.9741f,-0.2256f,0.9537f,0.1989f,2.6478f,-0.2494f,0.1408f,-0.9581f,2.8869f,0f,0f,0f,1f],start_interpolation: 0,interpolation_duration: 1}
$data merge entity $(bone_right_whisker10) {transformation: [-0.5623f,-0.6389f,0.525f,-0.7215f,-0.4471f,0.769f,0.4569f,2.8487f,-0.6957f,0.0222f,-0.718f,3.1994f,0f,0f,0f,1f],start_interpolation: 0,interpolation_duration: 1}
$data merge entity $(bone_right_whisker1) {transformation: [-0.0144f,-0.7278f,0.6857f,-0.7151f,-0.5891f,0.5603f,0.5823f,3.1133f,-0.8079f,-0.3955f,-0.4368f,3.5623f,0f,0f,0f,1f],start_interpolation: 0,interpolation_duration: 1}
$data merge entity $(bone_left_whisker16) {transformation: [-0.0829f,0.4909f,-0.8672f,0.697f,-0.972f,-0.2317f,-0.0383f,2.8987f,-0.2197f,0.8398f,0.4964f,1.2094f,0f,0f,0f,1f],start_interpolation: 0,interpolation_duration: 1}
$data merge entity $(bone_left_whisker15) {transformation: [0.5621f,0.2071f,-0.8007f,0.8864f,-0.4663f,0.879f,-0.1f,2.7416f,0.6831f,0.4296f,0.5906f,1.4396f,0f,0f,0f,1f],start_interpolation: 0,interpolation_duration: 1}
$data merge entity $(bone_left_whisker14) {transformation: [0.7475f,0.0773f,-0.6598f,1.1382f,0.1793f,0.9329f,0.3125f,2.8021f,0.6396f,-0.3519f,0.6834f,1.6551f,0f,0f,0f,1f],start_interpolation: 0,interpolation_duration: 1}
$data merge entity $(bone_left_whisker13) {transformation: [0.3462f,0.3368f,-0.8756f,1.2548f,-0.3095f,0.9221f,0.2323f,2.6978f,0.8857f,0.1906f,0.4234f,1.9534f,0f,0f,0f,1f],start_interpolation: 0,interpolation_duration: 1}
$data merge entity $(bone_left_whisker12) {transformation: [-0.348f,0.1981f,-0.9163f,1.0985f,0.1878f,0.9723f,0.1388f,2.7822f,0.9185f,-0.1238f,-0.3756f,2.366f,0f,0f,0f,1f],start_interpolation: 0,interpolation_duration: 1}
$data merge entity $(bone_left_whisker11) {transformation: [-0.839f,0.1181f,-0.5311f,0.7216f,0.0575f,0.9899f,0.1293f,2.808f,0.5411f,0.0779f,-0.8374f,2.6091f,0f,0f,0f,1f],start_interpolation: 0,interpolation_duration: 1}
$data merge entity $(bone_left_whisker10) {transformation: [-0.385f,0.4616f,-0.7992f,0.5486f,0.3576f,0.8729f,0.3319f,2.9686f,0.8508f,-0.158f,-0.5011f,2.9913f,0f,0f,0f,1f],start_interpolation: 0,interpolation_duration: 1}
$data merge entity $(bone_left_whisker1) {transformation: [0.1347f,0.4503f,-0.8827f,0.6091f,0.6005f,0.6715f,0.4342f,3.2384f,0.7882f,-0.5885f,-0.1799f,3.3454f,0f,0f,0f,1f],start_interpolation: 0,interpolation_duration: 1}
$data merge entity $(bone_upper_left_tooth1) {transformation: [-0.9826f,-0.0215f,-0.1845f,0.4177f,-0.0928f,0.9173f,0.3871f,3.1373f,0.161f,0.3975f,-0.9034f,4.3864f,0f,0f,0f,1f],start_interpolation: 0,interpolation_duration: 1}
$data merge entity $(bone_upper_right_tooth1) {transformation: [-0.9826f,-0.0215f,-0.1845f,-0.2443f,-0.0928f,0.9173f,0.3871f,3.0747f,0.161f,0.3975f,-0.9034f,4.4948f,0f,0f,0f,1f],start_interpolation: 0,interpolation_duration: 1}
$data merge entity $(bone_top_lip1) {transformation: [-0.9826f,-0.0833f,-0.166f,0.1116f,-0.0928f,0.9944f,0.05f,3.2219f,0.161f,0.0646f,-0.9848f,4.4852f,0f,0f,0f,1f],start_interpolation: 0,interpolation_duration: 1}
$data merge entity $(bone_muzzle1) {transformation: [-0.9826f,-0.0215f,-0.1845f,0.0044f,-0.0928f,0.9173f,0.3871f,3.5939f,0.161f,0.3975f,-0.9034f,4.0449f,0f,0f,0f,1f],start_interpolation: 0,interpolation_duration: 1}
$data merge entity $(bone_jaw_right_tooth1) {transformation: [-0.9826f,-0.1351f,-0.1275f,-0.2428f,-0.0928f,0.9516f,-0.2931f,3.1029f,0.161f,-0.2762f,-0.9475f,4.5202f,0f,0f,0f,1f],start_interpolation: 0,interpolation_duration: 1}
$data merge entity $(bone_jaw_left_tooth1) {transformation: [-0.9826f,-0.1351f,-0.1275f,0.4744f,-0.0928f,0.9516f,-0.2931f,3.1707f,0.161f,-0.2762f,-0.9475f,4.4027f,0f,0f,0f,1f],start_interpolation: 0,interpolation_duration: 1}
$data merge entity $(bone_tongue1) {transformation: [-0.9826f,-0.0685f,-0.1727f,-0.0224f,-0.0928f,0.9863f,0.1365f,3.2384f,0.161f,0.1502f,-0.9755f,3.6764f,0f,0f,0f,1f],start_interpolation: 0,interpolation_duration: 1}
$data merge entity $(bone_jaw_lips1) {transformation: [-0.9826f,-0.0685f,-0.1727f,0.1968f,-0.0928f,0.9863f,0.1365f,2.9936f,0.161f,0.1502f,-0.9755f,4.5244f,0f,0f,0f,1f],start_interpolation: 0,interpolation_duration: 1}
$data merge entity $(bone_jaw3) {transformation: [-0.9826f,-0.1109f,-0.1491f,0.0722f,-0.0928f,0.988f,-0.1234f,2.7995f,0.161f,-0.1074f,-0.9811f,3.652f,0f,0f,0f,1f],start_interpolation: 0,interpolation_duration: 1}
$data merge entity $(bone_jaw1) {transformation: [-0.9826f,0.027f,-0.1838f,-0.093f,-0.0928f,0.7859f,0.6114f,3.3488f,0.161f,0.6178f,-0.7697f,2.9605f,0f,0f,0f,1f],start_interpolation: 0,interpolation_duration: 1}
$data merge entity $(bone_tear_right1) {transformation: [-0.9826f,-0.0054f,-0.1857f,-0.6043f,-0.0928f,0.8801f,0.4656f,3.6184f,0.161f,0.4747f,-0.8653f,4.1108f,0f,0f,0f,1f],start_interpolation: 0,interpolation_duration: 1}
$data merge entity $(bone_right_pupil1) {transformation: [-0.9826f,-0.0054f,-0.1857f,-0.4103f,-0.0928f,0.8801f,0.4656f,3.703f,0.161f,0.4747f,-0.8653f,4.1926f,0f,0f,0f,1f],start_interpolation: 0,interpolation_duration: 1}
$data merge entity $(bone_right_sad_pupil1) {transformation: [-0.9826f,-0.0054f,-0.1857f,-0.4124f,-0.0928f,0.8801f,0.4656f,3.7083f,0.161f,0.4747f,-0.8653f,4.1829f,0f,0f,0f,1f],start_interpolation: 0,interpolation_duration: 1}
$data merge entity $(bone_right_happy_pupil1) {transformation: [-0.9826f,-0.0054f,-0.1857f,-0.4399f,-0.0928f,0.8801f,0.4656f,3.6809f,0.161f,0.4747f,-0.8653f,4.1741f,0f,0f,0f,1f],start_interpolation: 0,interpolation_duration: 1}
$data merge entity $(bone_eyelid_right1) {transformation: [-0.9826f,-0.0054f,-0.1857f,-0.0916f,-0.0928f,0.8801f,0.4656f,3.9604f,0.161f,0.4747f,-0.8653f,3.6008f,0f,0f,0f,1f],start_interpolation: 0,interpolation_duration: 1}
$data merge entity $(bone_eyelid_expressions_right5) {transformation: [-0.9826f,-0.0054f,-0.1857f,-0.5399f,-0.0928f,0.8801f,0.4656f,3.7951f,0.161f,0.4747f,-0.8653f,4.257f,0f,0f,0f,1f],start_interpolation: 0,interpolation_duration: 1}
$data merge entity $(bone_eyelid_expressions_right7) {transformation: [-0.9826f,-0.0054f,-0.1857f,-0.2089f,-0.0928f,0.8801f,0.4656f,3.8264f,0.161f,0.4747f,-0.8653f,4.2028f,0f,0f,0f,1f],start_interpolation: 0,interpolation_duration: 1}
$data merge entity $(bone_eyelid_expressions_right6) {transformation: [-0.9826f,-0.0054f,-0.1857f,-0.3192f,-0.0928f,0.8801f,0.4656f,3.816f,0.161f,0.4747f,-0.8653f,4.2209f,0f,0f,0f,1f],start_interpolation: 0,interpolation_duration: 1}
$data merge entity $(bone_right_eye1) {transformation: [-0.9826f,-0.0054f,-0.1857f,-0.1005f,-0.0928f,0.8801f,0.4656f,3.9541f,0.161f,0.4747f,-0.8653f,3.6123f,0f,0f,0f,1f],start_interpolation: 0,interpolation_duration: 1}
$data merge entity $(bone_tear_left1) {transformation: [-0.9826f,-0.0054f,-0.1857f,0.5875f,-0.0928f,0.8801f,0.4656f,3.7309f,0.161f,0.4747f,-0.8653f,3.9156f,0f,0f,0f,1f],start_interpolation: 0,interpolation_duration: 1}
$data merge entity $(bone_left_sad_pupil1) {transformation: [-0.9826f,-0.0054f,-0.1857f,0.4152f,-0.0928f,0.8801f,0.4656f,3.7864f,0.161f,0.4747f,-0.8653f,4.0474f,0f,0f,0f,1f],start_interpolation: 0,interpolation_duration: 1}
$data merge entity $(bone_left_pupil1) {transformation: [-0.9826f,-0.0054f,-0.1857f,0.4173f,-0.0928f,0.8801f,0.4656f,3.7812f,0.161f,0.4747f,-0.8653f,4.0571f,0f,0f,0f,1f],start_interpolation: 0,interpolation_duration: 1}
$data merge entity $(bone_eyelid_left1) {transformation: [-0.9826f,-0.0054f,-0.1857f,-0.1136f,-0.0928f,0.8801f,0.4656f,3.9583f,0.161f,0.4747f,-0.8653f,3.6044f,0f,0f,0f,1f],start_interpolation: 0,interpolation_duration: 1}
$data merge entity $(bone_left_happy_pupil1) {transformation: [-0.9826f,-0.0054f,-0.1857f,0.4429f,-0.0928f,0.8801f,0.4656f,3.7643f,0.161f,0.4747f,-0.8653f,4.0295f,0f,0f,0f,1f],start_interpolation: 0,interpolation_duration: 1}
$data merge entity $(bone_eyelid_expressions_left5) {transformation: [-0.9826f,-0.0054f,-0.1857f,0.5415f,-0.0928f,0.8801f,0.4656f,3.8973f,0.161f,0.4747f,-0.8653f,4.0799f,0f,0f,0f,1f],start_interpolation: 0,interpolation_duration: 1}
$data merge entity $(bone_eyelid_expressions_left7) {transformation: [-0.9826f,-0.0054f,-0.1857f,0.2105f,-0.0928f,0.8801f,0.4656f,3.866f,0.161f,0.4747f,-0.8653f,4.1341f,0f,0f,0f,1f],start_interpolation: 0,interpolation_duration: 1}
$data merge entity $(bone_eyelid_expressions_left6) {transformation: [-0.9826f,-0.0054f,-0.1857f,0.3208f,-0.0928f,0.8801f,0.4656f,3.8764f,0.161f,0.4747f,-0.8653f,4.116f,0f,0f,0f,1f],start_interpolation: 0,interpolation_duration: 1}
$data merge entity $(bone_left_eye1) {transformation: [-0.9826f,-0.0054f,-0.1857f,-0.1005f,-0.0928f,0.8801f,0.4656f,3.9541f,0.161f,0.4747f,-0.8653f,3.6123f,0f,0f,0f,1f],start_interpolation: 0,interpolation_duration: 1}
$data merge entity $(bone_crest_middle5) {transformation: [-0.9826f,-0.0454f,-0.1801f,-0.0194f,-0.0928f,0.96f,0.2641f,4.9517f,0.161f,0.2762f,-0.9475f,4.6827f,0f,0f,0f,1f],start_interpolation: 0,interpolation_duration: 1}
$data merge entity $(bone_crest_middle4) {transformation: [-0.9826f,-0.0454f,-0.1801f,0.0112f,-0.0928f,0.96f,0.2641f,4.3048f,0.161f,0.2762f,-0.9475f,4.4966f,0f,0f,0f,1f],start_interpolation: 0,interpolation_duration: 1}
$data merge entity $(bone_crest_middle1) {transformation: [-0.9826f,-0.0454f,-0.1801f,0.0494f,-0.0928f,0.96f,0.2641f,3.7974f,0.161f,0.2762f,-0.9475f,4.4368f,0f,0f,0f,1f],start_interpolation: 0,interpolation_duration: 1}
$data merge entity $(bone_crest_left5) {transformation: [-0.5234f,-0.8487f,-0.0756f,-1.0829f,-0.7921f,0.452f,0.4101f,4.2388f,-0.3139f,0.2745f,-0.9089f,4.6415f,0f,0f,0f,1f],start_interpolation: 0,interpolation_duration: 1}
$data merge entity $(bone_crest_left4) {transformation: [-0.5234f,-0.8487f,-0.0756f,-0.6063f,-0.7921f,0.452f,0.4101f,3.985f,-0.3139f,0.2745f,-0.9089f,4.4874f,0f,0f,0f,1f],start_interpolation: 0,interpolation_duration: 1}
$data merge entity $(bone_crest_left1) {transformation: [-0.5234f,-0.8487f,-0.0756f,-0.0863f,-0.7921f,0.452f,0.4101f,3.7288f,-0.3139f,0.2745f,-0.9089f,4.2668f,0f,0f,0f,1f],start_interpolation: 0,interpolation_duration: 1}
$data merge entity $(bone_crest_center1) {transformation: [-0.9826f,-0.0054f,-0.1857f,0.0242f,-0.0928f,0.8801f,0.4656f,3.7145f,0.161f,0.4747f,-0.8653f,4.2354f,0f,0f,0f,1f],start_interpolation: 0,interpolation_duration: 1}
$data merge entity $(bone_crest_right5) {transformation: [-0.5325f,0.7945f,-0.2919f,1.0877f,0.6924f,0.6072f,0.3897f,4.4438f,0.4869f,0.0054f,-0.8735f,4.286f,0f,0f,0f,1f],start_interpolation: 0,interpolation_duration: 1}
$data merge entity $(bone_crest_right4) {transformation: [-0.5325f,0.7945f,-0.2919f,0.6415f,0.6924f,0.6072f,0.3897f,4.1028f,0.4869f,0.0054f,-0.8735f,4.283f,0f,0f,0f,1f],start_interpolation: 0,interpolation_duration: 1}
$data merge entity $(bone_crest_right1) {transformation: [-0.5325f,0.7945f,-0.2919f,0.1344f,0.6924f,0.6072f,0.3897f,3.7497f,0.4869f,0.0054f,-0.8735f,4.2306f,0f,0f,0f,1f],start_interpolation: 0,interpolation_duration: 1}
$data merge entity $(bone_head1) {transformation: [-1.0299f,-0.0056f,-0.1947f,-0.2149f,-0.0973f,0.9225f,0.488f,4.1923f,0.1687f,0.4976f,-0.907f,3.0512f,0f,0f,0f,1f],start_interpolation: 0,interpolation_duration: 1}
$data merge entity $(bone_neck10) {transformation: [-1.4921f,-0.1109f,-0.0582f,-0.2231f,-0.117f,1.4827f,0.1738f,3.8714f,0.0447f,0.1777f,-1.4861f,1.939f,0f,0f,0f,1f],start_interpolation: 0,interpolation_duration: 1}
$data merge entity $(bone_neck9) {transformation: [-1.1415f,-0.0163f,-0.0944f,-0.2068f,-0.0895f,0.585f,0.9808f,3.2343f,0.0342f,0.9847f,-0.5842f,0.8162f,0f,0f,0f,1f],start_interpolation: 0,interpolation_duration: 1}
$data merge entity $(bone_neck8) {transformation: [-1.0594f,0.0006f,-0.0889f,-0.2122f,-0.0831f,0.3728f,0.9922f,2.9126f,0.0318f,0.9956f,-0.3715f,-0.2026f,0f,0f,0f,1f],start_interpolation: 0,interpolation_duration: 1}
$data merge entity $(bone_neck7) {transformation: [-1.0513f,0.0397f,-0.0877f,-0.2523f,-0.0749f,0.2672f,1.0185f,2.6425f,0.0605f,1.0205f,-0.2633f,-1.2339f,0f,0f,0f,1f],start_interpolation: 0,interpolation_duration: 1}
$data merge entity $(bone_neck6) {transformation: [-1.0259f,0.1791f,-0.1317f,-0.4187f,-0.1357f,-0.0122f,1.0408f,2.6692f,0.176f,1.0342f,0.0351f,-2.1831f,0f,0f,0f,1f],start_interpolation: 0,interpolation_duration: 1}
$data merge entity $(bone_neck_spine6) {transformation: [-1.2437f,-0.2685f,0.0321f,-0.5441f,-0.0386f,0.3259f,1.2298f,3.1576f,-0.2676f,1.2007f,-0.3266f,-5.9848f,0f,0f,0f,1f],start_interpolation: 0,interpolation_duration: 1}
$data merge entity $(bone_neck_spine7) {transformation: [-0.9499f,-0.3077f,-0.0539f,0.3477f,-0.0425f,-0.0439f,0.9981f,3.1139f,-0.3095f,0.9505f,0.0287f,-9.1428f,0f,0f,0f,1f],start_interpolation: 0,interpolation_duration: 1}
$data merge entity $(bone_tail6) {transformation: [-1.6641f,0.2598f,-0.3588f,0.3754f,-0.3966f,-0.2524f,1.6566f,4.0884f,0.1973f,1.6835f,0.3037f,-12.8175f,0f,0f,0f,1f],start_interpolation: 0,interpolation_duration: 1}
$data merge entity $(bone_tail5) {transformation: [-1.3747f,0.2628f,-0.2546f,0.5414f,-0.3276f,-0.443f,1.3115f,3.8086f,0.163f,1.326f,0.4886f,-11.9801f,0f,0f,0f,1f],start_interpolation: 0,interpolation_duration: 1}
$data merge entity $(bone_tail4) {transformation: [-1.0129f,0.2177f,-0.1593f,0.6346f,-0.229f,-0.3668f,0.9548f,3.6514f,0.1425f,0.9575f,0.402f,-11.5697f,0f,0f,0f,1f],start_interpolation: 0,interpolation_duration: 1}
$data merge entity $(bone_segment18) {transformation: [-0.9852f,0.0798f,-0.152f,0.6794f,-0.171f,-0.3755f,0.9109f,3.4406f,0.0156f,0.9234f,0.3835f,-11.0512f,0f,0f,0f,1f],start_interpolation: 0,interpolation_duration: 1}
$data merge entity $(bone_segment17) {transformation: [-0.9873f,-0.0445f,-0.1522f,0.6469f,-0.1228f,-0.392f,0.9117f,3.1544f,-0.1003f,0.9189f,0.3816f,-10.3804f,0f,0f,0f,1f],start_interpolation: 0,interpolation_duration: 1}
$data merge entity $(bone_segment16) {transformation: [-0.974f,-0.1682f,-0.1521f,0.4864f,-0.073f,-0.4024f,0.9126f,2.7703f,-0.2146f,0.8999f,0.3796f,-9.5214f,0f,0f,0f,1f],start_interpolation: 0,interpolation_duration: 1}
$data merge entity $(bone_segment15) {transformation: [-0.9499f,-0.2833f,-0.1318f,0.1523f,-0.0425f,-0.3008f,0.9528f,2.4157f,-0.3095f,0.9107f,0.2737f,-8.4475f,0f,0f,0f,1f],start_interpolation: 0,interpolation_duration: 1}
$data merge entity $(bone_segment14) {transformation: [-0.9897f,-0.3358f,-0.0794f,-0.2255f,-0.0423f,-0.1212f,1.0403f,2.2794f,-0.3425f,0.9855f,0.1009f,-7.3389f,0f,0f,0f,1f],start_interpolation: 0,interpolation_duration: 1}
$data merge entity $(bone_segment13) {transformation: [-1.0023f,-0.2176f,-0.0121f,-0.4872f,-0.0311f,0.0865f,1.0216f,2.3556f,-0.2157f,0.9986f,-0.0912f,-6.1336f,0f,0f,0f,1f],start_interpolation: 0,interpolation_duration: 1}
$data merge entity $(bone_segment12) {transformation: [-1.1099f,-0.1126f,0.004f,-0.6232f,-0.014f,0.1769f,1.1014f,2.5694f,-0.1118f,1.0957f,-0.1774f,-4.81f,0f,0f,0f,1f],start_interpolation: 0,interpolation_duration: 1}
$data merge entity $(bone_segment11) {transformation: [-1.1896f,0.0454f,-0.0014f,-0.5708f,0.0038f,0.1346f,1.1828f,2.7249f,0.0452f,1.1819f,-0.1346f,-3.4441f,0f,0f,0f,1f],start_interpolation: 0,interpolation_duration: 1}
$data merge entity $(bone_segment10) {transformation: [-1.0406f,0.1254f,0.0049f,-0.4124f,0f,-0.0406f,1.0474f,2.6893f,0.1255f,1.0399f,0.0403f,-2.131f,0f,0f,0f,1f],start_interpolation: 0,interpolation_duration: 1}
data modify entity @s data merge value {"cameras":{},"locators":{"mouth":{"px":0.24525673334744255,"py":2.945036913472692,"pz":5.1413092009473536,"ry":180.64633921855406,"rx":61.65574464485181}}}
function animated_java:gyarados/animations/water_idle/zzz/frames/on_tick/transform_floating_entities