# This file was generated by Animated Java via MC-Build. It is not recommended to edit this file directly.
$data merge entity $(bone_neck_spine5) {transformation: [-1.5707f,0.0376f,-0.0596f,0.1547f,0.0035f,1.3692f,0.7728f,3.6251f,0.0704f,0.7719f,-1.3679f,0.228f,0f,0f,0f,1f],start_interpolation: 0,interpolation_duration: 1}
$data merge entity $(bone_neck_spine2) {transformation: [-1.4959f,-0.0148f,-0.0655f,0.1257f,0.0033f,1.4425f,-0.4016f,5.1345f,0.0671f,-0.4014f,-1.441f,2.0155f,0f,0f,0f,1f],start_interpolation: 0,interpolation_duration: 1}
$data merge entity $(bone_scale_neck_left1) {transformation: [-1.5912f,0.4253f,0.019f,0.9185f,0.4256f,1.587f,0.1153f,4.255f,0.0115f,0.1163f,-1.643f,2.1895f,0f,0f,0f,1f],start_interpolation: 0,interpolation_duration: 1}
$data merge entity $(bone_scale_neck_right1) {transformation: [-1.5877f,-0.4062f,-0.1654f,-0.6522f,-0.4186f,1.5888f,0.1157f,4.2585f,0.131f,0.1536f,-1.6347f,2.2599f,0f,0f,0f,1f],start_interpolation: 0,interpolation_duration: 1}
$data merge entity $(bone_blush_right1) {transformation: [-0.9986f,-0.0131f,0.0508f,-0.5568f,-0.0114f,0.9993f,0.0343f,4.1031f,-0.0512f,0.0337f,-0.9981f,3.5715f,0f,0f,0f,1f],start_interpolation: 0,interpolation_duration: 1}
$data merge entity $(bone_blush_left1) {transformation: [-0.9986f,-0.0131f,0.0508f,0.7666f,-0.0114f,0.9993f,0.0343f,4.1182f,-0.0512f,0.0337f,-0.9981f,3.6393f,0f,0f,0f,1f],start_interpolation: 0,interpolation_duration: 1}
$data merge entity $(bone_left_head_scales) {transformation: [-0.9092f,-0.0131f,-0.4161f,0.7882f,-0.0259f,0.9993f,0.0252f,4.8613f,0.4155f,0.0337f,-0.909f,3.2722f,0f,0f,0f,1f],start_interpolation: 0,interpolation_duration: 1}
$data merge entity $(bone_left_head_scales2) {transformation: [-0.8471f,-0.0131f,-0.5312f,0.7914f,-0.029f,0.9993f,0.0216f,3.9577f,0.5306f,0.0337f,-0.847f,3.41f,0f,0f,0f,1f],start_interpolation: 0,interpolation_duration: 1}
$data merge entity $(bone_left_head_scales1) {transformation: [-0.9986f,-0.0131f,0.0508f,0.7896f,-0.0114f,0.9993f,0.0343f,4.7491f,-0.0512f,0.0337f,-0.9981f,3.2684f,0f,0f,0f,1f],start_interpolation: 0,interpolation_duration: 1}
$data merge entity $(bone_right_head_scales) {transformation: [-0.8623f,-0.0131f,0.5061f,-0.5576f,0.0058f,0.9993f,0.0357f,4.846f,-0.5063f,0.0337f,-0.8617f,3.2032f,0f,0f,0f,1f],start_interpolation: 0,interpolation_duration: 1}
$data merge entity $(bone_right_head_scales2) {transformation: [-0.7889f,-0.0131f,0.6144f,-0.5544f,0.0104f,0.9993f,0.0346f,3.9423f,-0.6144f,0.0337f,-0.7883f,3.341f,0f,0f,0f,1f],start_interpolation: 0,interpolation_duration: 1}
$data merge entity $(bone_right_head_scales1) {transformation: [-0.9986f,-0.0131f,0.0508f,-0.5562f,-0.0114f,0.9993f,0.0343f,4.7337f,-0.0512f,0.0337f,-0.9981f,3.1994f,0f,0f,0f,1f],start_interpolation: 0,interpolation_duration: 1}
$data merge entity $(bone_head_left_fin1) {transformation: [-0.5536f,0.1341f,-0.8799f,0.7994f,0.2353f,1.0214f,0.0077f,4.3311f,0.8584f,-0.1934f,-0.5696f,3.1701f,0f,0f,0f,1f],start_interpolation: 0,interpolation_duration: 1}
$data merge entity $(bone_head_right_fin1) {transformation: [-0.4575f,-0.1368f,0.9331f,-0.5464f,-0.2468f,1.0183f,0.0283f,4.3158f,-0.9102f,-0.2073f,-0.4766f,3.1011f,0f,0f,0f,1f],start_interpolation: 0,interpolation_duration: 1}
$data merge entity $(bone_right_whisker16) {transformation: [-0.1361f,-0.3748f,0.9171f,-0.8517f,0.9657f,0.1566f,0.2073f,2.5377f,-0.2213f,0.9138f,0.3406f,1.6664f,0f,0f,0f,1f],start_interpolation: 0,interpolation_duration: 1}
$data merge entity $(bone_right_whisker15) {transformation: [0.4437f,-0.2285f,0.8666f,-1.0012f,0.1249f,0.9733f,0.1927f,2.4957f,-0.8874f,0.0228f,0.4604f,1.9654f,0f,0f,0f,1f],start_interpolation: 0,interpolation_duration: 1}
$data merge entity $(bone_right_whisker14) {transformation: [0.6842f,-0.1907f,0.704f,-1.2317f,-0.4289f,0.6755f,0.5998f,2.6402f,-0.5899f,-0.7123f,0.3804f,2.1642f,0f,0f,0f,1f],start_interpolation: 0,interpolation_duration: 1}
$data merge entity $(bone_right_whisker13) {transformation: [0.22f,-0.3868f,0.8955f,-1.3058f,-0.1107f,0.9022f,0.4169f,2.6775f,-0.9692f,-0.1909f,0.1557f,2.4907f,0f,0f,0f,1f],start_interpolation: 0,interpolation_duration: 1}
$data merge entity $(bone_right_whisker12) {transformation: [-0.4312f,-0.2882f,0.855f,-1.1121f,-0.5861f,0.8099f,-0.0225f,2.9408f,-0.686f,-0.5109f,-0.5182f,2.7989f,0f,0f,0f,1f],start_interpolation: 0,interpolation_duration: 1}
$data merge entity $(bone_right_whisker11) {transformation: [-0.8863f,-0.1881f,0.4231f,-0.714f,-0.3122f,0.9176f,-0.2462f,3.081f,-0.342f,-0.3503f,-0.872f,2.9525f,0f,0f,0f,1f],start_interpolation: 0,interpolation_duration: 1}
$data merge entity $(bone_right_whisker10) {transformation: [-0.4466f,-0.545f,0.7095f,-0.5133f,-0.7086f,0.6996f,0.0914f,3.3994f,-0.5462f,-0.462f,-0.6987f,3.1978f,0f,0f,0f,1f],start_interpolation: 0,interpolation_duration: 1}
$data merge entity $(bone_right_whisker1) {transformation: [0.0947f,-0.5652f,0.8195f,-0.5559f,-0.886f,0.3275f,0.3282f,3.7974f,-0.4539f,-0.7571f,-0.4698f,3.4018f,0f,0f,0f,1f],start_interpolation: 0,interpolation_duration: 1}
$data merge entity $(bone_left_whisker16) {transformation: [-0.136f,0.2757f,-0.9516f,1.2902f,-0.9688f,0.164f,0.186f,2.5621f,0.2073f,0.9471f,0.2448f,1.7762f,0f,0f,0f,1f],start_interpolation: 0,interpolation_duration: 1}
$data merge entity $(bone_left_whisker15) {transformation: [0.3534f,0.2028f,-0.9132f,1.4092f,-0.1158f,0.9782f,0.1724f,2.5231f,0.9283f,0.0449f,0.3691f,2.089f,0f,0f,0f,1f],start_interpolation: 0,interpolation_duration: 1}
$data merge entity $(bone_left_whisker14) {transformation: [0.6103f,0.2471f,-0.7526f,1.6149f,0.4436f,0.6805f,0.5832f,2.6726f,0.6562f,-0.6898f,0.3057f,2.3101f,0f,0f,0f,1f],start_interpolation: 0,interpolation_duration: 1}
$data merge entity $(bone_left_whisker13) {transformation: [0.1172f,0.3837f,-0.916f,1.6544f,0.1146f,0.911f,0.3963f,2.7112f,0.9865f,-0.1514f,0.0628f,2.6424f,0f,0f,0f,1f],start_interpolation: 0,interpolation_duration: 1}
$data merge entity $(bone_left_whisker12) {transformation: [-0.5122f,0.3205f,-0.7968f,1.4243f,0.5754f,0.8168f,-0.0414f,2.9697f,0.6376f,-0.4797f,-0.6028f,2.9289f,0f,0f,0f,1f],start_interpolation: 0,interpolation_duration: 1}
$data merge entity $(bone_left_whisker11) {transformation: [-0.9235f,0.202f,-0.3261f,1.0094f,0.2916f,0.922f,-0.2547f,3.1007f,0.2492f,-0.3303f,-0.9104f,3.0408f,0f,0f,0f,1f],start_interpolation: 0,interpolation_duration: 1}
$data merge entity $(bone_left_whisker10) {transformation: [-0.5161f,0.5734f,-0.6363f,0.7775f,0.6977f,0.7124f,0.076f,3.4141f,0.4969f,-0.4047f,-0.7677f,3.264f,0f,0f,0f,1f],start_interpolation: 0,interpolation_duration: 1}
$data merge entity $(bone_left_whisker1) {transformation: [0.0276f,0.6321f,-0.7744f,0.7899f,0.8874f,0.3412f,0.3101f,3.8127f,0.4602f,-0.6958f,-0.5515f,3.4707f,0f,0f,0f,1f],start_interpolation: 0,interpolation_duration: 1}
$data merge entity $(bone_upper_left_tooth1) {transformation: [-0.9986f,-0.0086f,0.0517f,0.3738f,-0.0114f,0.9985f,-0.0529f,4.1832f,-0.0512f,-0.0534f,-0.9973f,4.3763f,0f,0f,0f,1f],start_interpolation: 0,interpolation_duration: 1}
$data merge entity $(bone_upper_right_tooth1) {transformation: [-0.9986f,-0.0086f,0.0517f,-0.2991f,-0.0114f,0.9985f,-0.0529f,4.1756f,-0.0512f,-0.0534f,-0.9973f,4.3418f,0f,0f,0f,1f],start_interpolation: 0,interpolation_duration: 1}
$data merge entity $(bone_top_lip1) {transformation: [-0.9986f,0.0096f,0.0516f,0.0643f,-0.0114f,0.9202f,-0.3912f,4.3031f,-0.0512f,-0.3913f,-0.9188f,4.3539f,0f,0f,0f,1f],start_interpolation: 0,interpolation_duration: 1}
$data merge entity $(bone_muzzle1) {transformation: [-0.9986f,-0.0086f,0.0517f,0.0919f,-0.0114f,0.9985f,-0.0529f,4.4416f,-0.0512f,-0.0534f,-0.9973f,3.7849f,0f,0f,0f,1f],start_interpolation: 0,interpolation_duration: 1}
$data merge entity $(bone_jaw_right_tooth1) {transformation: [-0.9986f,0.0266f,0.0452f,-0.3f,-0.0114f,0.7309f,-0.6824f,4.2121f,-0.0512f,-0.682f,-0.7296f,4.3522f,0f,0f,0f,1f],start_interpolation: 0,interpolation_duration: 1}
$data merge entity $(bone_jaw_left_tooth1) {transformation: [-0.9986f,0.0266f,0.0452f,0.4289f,-0.0114f,0.7309f,-0.6824f,4.2204f,-0.0512f,-0.682f,-0.7296f,4.3895f,0f,0f,0f,1f],start_interpolation: 0,interpolation_duration: 1}
$data merge entity $(bone_tongue1) {transformation: [-0.9986f,0.005f,0.0522f,0.1064f,-0.0114f,0.9508f,-0.3095f,3.9597f,-0.0512f,-0.3097f,-0.9495f,3.6105f,0f,0f,0f,1f],start_interpolation: 0,interpolation_duration: 1}
$data merge entity $(bone_jaw_lips1) {transformation: [-0.9986f,0.005f,0.0522f,0.1149f,-0.0114f,0.9508f,-0.3095f,4.1157f,-0.0512f,-0.3097f,-0.9495f,4.5064f,0f,0f,0f,1f],start_interpolation: 0,interpolation_duration: 1}
$data merge entity $(bone_jaw3) {transformation: [-0.9986f,0.0184f,0.0491f,0.1575f,-0.0114f,0.8383f,-0.5451f,3.5553f,-0.0512f,-0.5449f,-0.8369f,3.8003f,0f,0f,0f,1f],start_interpolation: 0,interpolation_duration: 1}
$data merge entity $(bone_jaw1) {transformation: [-0.9986f,-0.0217f,0.0477f,0.2003f,-0.0114f,0.9782f,0.2073f,3.7416f,-0.0512f,0.2065f,-0.9771f,2.9225f,0f,0f,0f,1f],start_interpolation: 0,interpolation_duration: 1}
$data merge entity $(bone_tear_right1) {transformation: [-0.9986f,-0.0131f,0.0508f,-0.511f,-0.0114f,0.9993f,0.0343f,4.4931f,-0.0512f,0.0337f,-0.9981f,3.6885f,0f,0f,0f,1f],start_interpolation: 0,interpolation_duration: 1}
$data merge entity $(bone_right_pupil1) {transformation: [-0.9986f,-0.0131f,0.0508f,-0.3309f,-0.0114f,0.9993f,0.0343f,4.6051f,-0.0512f,0.0337f,-0.9981f,3.769f,0f,0f,0f,1f],start_interpolation: 0,interpolation_duration: 1}
$data merge entity $(bone_right_sad_pupil1) {transformation: [-0.9986f,-0.0131f,0.0508f,-0.3303f,-0.0114f,0.9993f,0.0343f,4.6055f,-0.0512f,0.0337f,-0.9981f,3.7578f,0f,0f,0f,1f],start_interpolation: 0,interpolation_duration: 1}
$data merge entity $(bone_right_happy_pupil1) {transformation: [-0.9986f,-0.0131f,0.0508f,-0.3579f,-0.0114f,0.9993f,0.0343f,4.5771f,-0.0512f,0.0337f,-0.9981f,3.7554f,0f,0f,0f,1f],start_interpolation: 0,interpolation_duration: 1}
$data merge entity $(bone_eyelid_right1) {transformation: [-0.9986f,-0.0131f,0.0508f,0.1307f,-0.0114f,0.9993f,0.0343f,4.5736f,-0.0512f,0.0337f,-0.9981f,3.2176f,0f,0f,0f,1f],start_interpolation: 0,interpolation_duration: 1}
$data merge entity $(bone_eyelid_expressions_right5) {transformation: [-0.9986f,-0.0131f,0.0508f,-0.4607f,-0.0114f,0.9993f,0.0343f,4.7163f,-0.0512f,0.0337f,-0.9981f,3.755f,0f,0f,0f,1f],start_interpolation: 0,interpolation_duration: 1}
$data merge entity $(bone_eyelid_expressions_right7) {transformation: [-0.9986f,-0.0131f,0.0508f,-0.1243f,-0.0114f,0.9993f,0.0343f,4.7201f,-0.0512f,0.0337f,-0.9981f,3.7722f,0f,0f,0f,1f],start_interpolation: 0,interpolation_duration: 1}
$data merge entity $(bone_eyelid_expressions_right6) {transformation: [-0.9986f,-0.0131f,0.0508f,-0.2364f,-0.0114f,0.9993f,0.0343f,4.7188f,-0.0512f,0.0337f,-0.9981f,3.7665f,0f,0f,0f,1f],start_interpolation: 0,interpolation_duration: 1}
$data merge entity $(bone_right_eye1) {transformation: [-0.9986f,-0.0131f,0.0508f,0.119f,-0.0114f,0.9993f,0.0343f,4.5731f,-0.0512f,0.0337f,-0.9981f,3.2282f,0f,0f,0f,1f],start_interpolation: 0,interpolation_duration: 1}
$data merge entity $(bone_tear_left1) {transformation: [-0.9986f,-0.0131f,0.0508f,0.7002f,-0.0114f,0.9993f,0.0343f,4.5069f,-0.0512f,0.0337f,-0.9981f,3.7506f,0f,0f,0f,1f],start_interpolation: 0,interpolation_duration: 1}
$data merge entity $(bone_left_sad_pupil1) {transformation: [-0.9986f,-0.0131f,0.0508f,0.5108f,-0.0114f,0.9993f,0.0343f,4.6151f,-0.0512f,0.0337f,-0.9981f,3.8009f,0f,0f,0f,1f],start_interpolation: 0,interpolation_duration: 1}
$data merge entity $(bone_left_pupil1) {transformation: [-0.9986f,-0.0131f,0.0508f,0.5103f,-0.0114f,0.9993f,0.0343f,4.6147f,-0.0512f,0.0337f,-0.9981f,3.8121f,0f,0f,0f,1f],start_interpolation: 0,interpolation_duration: 1}
$data merge entity $(bone_eyelid_left1) {transformation: [-0.9986f,-0.0131f,0.0508f,0.1083f,-0.0114f,0.9993f,0.0343f,4.5733f,-0.0512f,0.0337f,-0.9981f,3.2164f,0f,0f,0f,1f],start_interpolation: 0,interpolation_duration: 1}
$data merge entity $(bone_left_happy_pupil1) {transformation: [-0.9986f,-0.0131f,0.0508f,0.5393f,-0.0114f,0.9993f,0.0343f,4.5874f,-0.0512f,0.0337f,-0.9981f,3.8014f,0f,0f,0f,1f],start_interpolation: 0,interpolation_duration: 1}
$data merge entity $(bone_eyelid_expressions_left5) {transformation: [-0.9986f,-0.0131f,0.0508f,0.6383f,-0.0114f,0.9993f,0.0343f,4.7288f,-0.0512f,0.0337f,-0.9981f,3.8113f,0f,0f,0f,1f],start_interpolation: 0,interpolation_duration: 1}
$data merge entity $(bone_eyelid_expressions_left7) {transformation: [-0.9986f,-0.0131f,0.0508f,0.3019f,-0.0114f,0.9993f,0.0343f,4.725f,-0.0512f,0.0337f,-0.9981f,3.7941f,0f,0f,0f,1f],start_interpolation: 0,interpolation_duration: 1}
$data merge entity $(bone_eyelid_expressions_left6) {transformation: [-0.9986f,-0.0131f,0.0508f,0.414f,-0.0114f,0.9993f,0.0343f,4.7262f,-0.0512f,0.0337f,-0.9981f,3.7998f,0f,0f,0f,1f],start_interpolation: 0,interpolation_duration: 1}
$data merge entity $(bone_left_eye1) {transformation: [-0.9986f,-0.0131f,0.0508f,0.119f,-0.0114f,0.9993f,0.0343f,4.5731f,-0.0512f,0.0337f,-0.9981f,3.2282f,0f,0f,0f,1f],start_interpolation: 0,interpolation_duration: 1}
$data merge entity $(bone_crest_middle5) {transformation: [-0.9986f,-0.0018f,0.0524f,0.0766f,-0.0114f,0.9831f,-0.1828f,5.9415f,-0.0512f,-0.1831f,-0.9818f,3.7508f,0f,0f,0f,1f],start_interpolation: 0,interpolation_duration: 1}
$data merge entity $(bone_crest_middle4) {transformation: [-0.9986f,-0.0018f,0.0524f,0.0778f,-0.0114f,0.9831f,-0.1828f,5.2791f,-0.0512f,-0.1831f,-0.9818f,3.8742f,0f,0f,0f,1f],start_interpolation: 0,interpolation_duration: 1}
$data merge entity $(bone_crest_middle1) {transformation: [-0.9986f,-0.0018f,0.0524f,0.0743f,-0.0114f,0.9831f,-0.1828f,4.7976f,-0.0512f,-0.1831f,-0.9818f,4.0494f,0f,0f,0f,1f],start_interpolation: 0,interpolation_duration: 1}
$data merge entity $(bone_crest_left5) {transformation: [-0.5255f,-0.8354f,0.1612f,-1.023f,-0.849f,0.5273f,-0.0348f,5.2847f,-0.0559f,-0.1551f,-0.9863f,3.7713f,0f,0f,0f,1f],start_interpolation: 0,interpolation_duration: 1}
$data merge entity $(bone_crest_left4) {transformation: [-0.5255f,-0.8354f,0.1612f,-0.5539f,-0.849f,0.5273f,-0.0348f,4.9886f,-0.0559f,-0.1551f,-0.9863f,3.8584f,0f,0f,0f,1f],start_interpolation: 0,interpolation_duration: 1}
$data merge entity $(bone_crest_left1) {transformation: [-0.5255f,-0.8354f,0.1612f,-0.0289f,-0.849f,0.5273f,-0.0348f,4.6609f,-0.0559f,-0.1551f,-0.9863f,3.8988f,0f,0f,0f,1f],start_interpolation: 0,interpolation_duration: 1}
$data merge entity $(bone_crest_center1) {transformation: [-0.9986f,-0.0131f,0.0508f,0.0836f,-0.0114f,0.9993f,0.0343f,4.6341f,-0.0512f,0.0337f,-0.9981f,3.9036f,0f,0f,0f,1f],start_interpolation: 0,interpolation_duration: 1}
$data merge entity $(bone_crest_right5) {transformation: [-0.5476f,0.8347f,-0.0587f,1.183f,0.8367f,0.5463f,-0.0373f,5.3098f,0.0009f,-0.0695f,-0.9976f,3.8843f,0f,0f,0f,1f],start_interpolation: 0,interpolation_duration: 1}
$data merge entity $(bone_crest_right4) {transformation: [-0.5476f,0.8347f,-0.0587f,0.7143f,0.8367f,0.5463f,-0.0373f,5.003f,0.0009f,-0.0695f,-0.9976f,3.9234f,0f,0f,0f,1f],start_interpolation: 0,interpolation_duration: 1}
$data merge entity $(bone_crest_right1) {transformation: [-0.5476f,0.8347f,-0.0587f,0.1954f,0.8367f,0.5463f,-0.0373f,4.6635f,0.0009f,-0.0695f,-0.9976f,3.9103f,0f,0f,0f,1f],start_interpolation: 0,interpolation_duration: 1}
$data merge entity $(bone_head1) {transformation: [-1.0467f,-0.0137f,0.0532f,0.151f,-0.0119f,1.0475f,0.036f,4.5382f,-0.0536f,0.0353f,-1.0462f,2.6098f,0f,0f,0f,1f],start_interpolation: 0,interpolation_duration: 1}
$data merge entity $(bone_neck10) {transformation: [-1.4959f,-0.0061f,-0.0669f,0.1052f,0.0033f,1.4826f,-0.2099f,3.9438f,0.0671f,-0.2098f,-1.4811f,1.6175f,0f,0f,0f,1f],start_interpolation: 0,interpolation_duration: 1}
$data merge entity $(bone_neck9) {transformation: [-1.1444f,0.0377f,-0.0349f,0.062f,0.0025f,0.8178f,0.8021f,3.0404f,0.0513f,0.8012f,-0.8171f,0.6962f,0f,0f,0f,1f],start_interpolation: 0,interpolation_duration: 1}
$data merge entity $(bone_neck8) {transformation: [-1.0621f,0.0419f,-0.0228f,0.0187f,0.0023f,0.5538f,0.9075f,2.5326f,0.0476f,0.9066f,-0.5533f,-0.2427f,0f,0f,0f,1f],start_interpolation: 0,interpolation_duration: 1}
$data merge entity $(bone_neck7) {transformation: [-1.0553f,-0.0254f,-0.012f,0.0444f,-0.019f,0.3163f,1.007f,2.2129f,-0.0206f,1.0068f,-0.3167f,-1.2603f,0f,0f,0f,1f],start_interpolation: 0,interpolation_duration: 1}
$data merge entity $(bone_neck6) {transformation: [-1.0419f,-0.1232f,0.0323f,0.158f,0.0358f,-0.0282f,1.0487f,2.2544f,-0.1222f,1.042f,0.0322f,-2.2167f,0f,0f,0f,1f],start_interpolation: 0,interpolation_duration: 1}
$data merge entity $(bone_neck_spine6) {transformation: [-1.2654f,-0.1129f,-0.0776f,0.7042f,-0.0366f,-0.4165f,1.2021f,4.4732f,-0.1321f,1.1974f,0.4109f,-5.2106f,0f,0f,0f,1f],start_interpolation: 0,interpolation_duration: 1}
$data merge entity $(bone_neck_spine7) {transformation: [-0.9916f,0.0685f,-0.1095f,0.8167f,-0.0991f,0.1409f,0.9851f,5.4626f,0.0829f,0.9877f,-0.1329f,-8.7876f,0f,0f,0f,1f],start_interpolation: 0,interpolation_duration: 1}
$data merge entity $(bone_tail6) {transformation: [-1.4853f,0.7229f,-0.4864f,-0.4085f,-0.148f,0.7381f,1.5488f,4.4407f,0.8586f,1.3777f,-0.5745f,-12.3969f,0f,0f,0f,1f],start_interpolation: 0,interpolation_duration: 1}
$data merge entity $(bone_tail5) {transformation: [-1.227f,0.6579f,-0.292f,0.007f,-0.1222f,0.3783f,1.3658f,4.6796f,0.7093f,1.2032f,-0.2698f,-11.6369f,0f,0f,0f,1f],start_interpolation: 0,interpolation_duration: 1}
$data merge entity $(bone_tail4) {transformation: [-0.8999f,0.508f,-0.1756f,0.2247f,-0.0672f,0.2334f,1.0196f,4.7797f,0.5333f,0.8866f,-0.1679f,-11.257f,0f,0f,0f,1f],start_interpolation: 0,interpolation_duration: 1}
$data merge entity $(bone_segment18) {transformation: [-0.9144f,0.3685f,-0.1675f,0.4316f,-0.0926f,0.2124f,0.9728f,4.899f,0.394f,0.905f,-0.1601f,-10.7487f,0f,0f,0f,1f],start_interpolation: 0,interpolation_duration: 1}
$data merge entity $(bone_segment17) {transformation: [-0.9477f,0.2858f,-0.142f,0.6402f,-0.1067f,0.1355f,0.985f,4.9979f,0.3007f,0.9487f,-0.0979f,-10.0562f,0f,0f,0f,1f],start_interpolation: 0,interpolation_duration: 1}
$data merge entity $(bone_segment16) {transformation: [-0.9724f,0.1986f,-0.1221f,0.8297f,-0.1129f,0.0569f,0.992f,5.0522f,0.2039f,0.9784f,-0.0329f,-9.1222f,0f,0f,0f,1f],start_interpolation: 0,interpolation_duration: 1}
$data merge entity $(bone_segment15) {transformation: [-0.9916f,0.0945f,-0.0881f,0.9412f,-0.0991f,-0.1188f,0.988f,4.912f,0.0829f,0.9884f,0.1272f,-7.9567f,0f,0f,0f,1f],start_interpolation: 0,interpolation_duration: 1}
$data merge entity $(bone_segment14) {transformation: [-1.0441f,-0.0601f,-0.07f,0.8735f,-0.0462f,-0.3474f,0.9878f,4.5212f,-0.0799f,0.9871f,0.3434f,-6.8462f,0f,0f,0f,1f],start_interpolation: 0,interpolation_duration: 1}
$data merge entity $(bone_segment13) {transformation: [-1.0198f,-0.0788f,-0.0774f,0.7808f,-0.0295f,-0.4988f,0.8958f,3.8959f,-0.1064f,0.8928f,0.4937f,-5.7845f,0f,0f,0f,1f],start_interpolation: 0,interpolation_duration: 1}
$data merge entity $(bone_segment12) {transformation: [-1.0955f,-0.1923f,-0.0864f,0.5484f,0.0241f,-0.5686f,0.9595f,3.2091f,-0.2095f,0.9403f,0.5625f,-4.6485f,0f,0f,0f,1f],start_interpolation: 0,interpolation_duration: 1}
$data merge entity $(bone_segment11) {transformation: [-1.1663f,-0.2269f,-0.0733f,0.2862f,0.032f,-0.5113f,1.0746f,2.6182f,-0.2363f,1.0508f,0.507f,-3.4341f,0f,0f,0f,1f],start_interpolation: 0,interpolation_duration: 1}
$data merge entity $(bone_segment10) {transformation: [-1.0424f,-0.1056f,-0.0299f,0.1525f,0f,-0.2855f,1.0085f,2.2728f,-0.1098f,1.003f,0.2839f,-2.1639f,0f,0f,0f,1f],start_interpolation: 0,interpolation_duration: 1}
data modify entity @s data merge value {"cameras":{},"locators":{"mouth":{"posx":0.02683058730278208,"posy":4.345332542702537,"posz":5.076263503860759,"roty":201.26330239226417,"rotx":87.92799446992996}}}