# This file was generated by Animated Java via MC-Build. It is not recommended to edit this file directly.
$data merge entity $(bone_neck_spine5) {transformation: [-1.5687f,-0.0102f,0.1051f,0.0888f,0.0711f,1.0555f,1.1631f,3.3526f,-0.0781f,1.1653f,-1.0527f,0.5923f,0f,0f,0f,1f],start_interpolation: 0,interpolation_duration: 1}
$data merge entity $(bone_neck_spine2) {transformation: [-1.494f,0.0639f,0.0776f,-0.0918f,0.0677f,1.4941f,0.0725f,4.2279f,-0.0744f,0.0758f,-1.4936f,2.7545f,0f,0f,0f,1f],start_interpolation: 0,interpolation_duration: 1}
$data merge entity $(bone_scale_neck_left1) {transformation: [-1.5723f,0.4502f,0.1959f,0.6559f,0.491f,1.4445f,0.6209f,3.2943f,-0.0021f,0.6511f,-1.513f,2.7142f,0f,0f,0f,1f],start_interpolation: 0,interpolation_duration: 1}
$data merge entity $(bone_scale_neck_right1) {transformation: [-1.6026f,-0.3804f,0.0118f,-0.9129f,-0.3471f,1.4821f,0.6293f,3.3653f,-0.1559f,0.6098f,-1.5222f,2.6361f,0f,0f,0f,1f],start_interpolation: 0,interpolation_duration: 1}
$data merge entity $(bone_blush_right1) {transformation: [-0.9909f,0.0096f,0.1341f,-0.9404f,0.0581f,0.9301f,0.3626f,2.7819f,-0.1212f,0.3671f,-0.9223f,3.8369f,0f,0f,0f,1f],start_interpolation: 0,interpolation_duration: 1}
$data merge entity $(bone_blush_left1) {transformation: [-0.9909f,0.0096f,0.1341f,0.3728f,0.0581f,0.9301f,0.3626f,2.705f,-0.1212f,0.3671f,-0.9223f,3.9976f,0f,0f,0f,1f],start_interpolation: 0,interpolation_duration: 1}
$data merge entity $(bone_left_head_scales) {transformation: [-0.9409f,0.0096f,-0.3386f,0.4436f,-0.1159f,0.9301f,0.3484f,3.5258f,0.3183f,0.3671f,-0.874f,3.9044f,0f,0f,0f,1f],start_interpolation: 0,interpolation_duration: 1}
$data merge entity $(bone_left_head_scales2) {transformation: [-0.8886f,0.0096f,-0.4585f,0.4124f,-0.1604f,0.9301f,0.3303f,2.6291f,0.4297f,0.3671f,-0.825f,3.73f,0f,0f,0f,1f],start_interpolation: 0,interpolation_duration: 1}
$data merge entity $(bone_left_head_scales1) {transformation: [-0.9909f,0.0096f,0.1341f,0.4425f,0.0581f,0.9301f,0.3626f,3.4214f,-0.1212f,0.3671f,-0.9223f,3.8632f,0f,0f,0f,1f],start_interpolation: 0,interpolation_duration: 1}
$data merge entity $(bone_right_head_scales) {transformation: [-0.817f,0.0096f,0.5765f,-0.8918f,0.2189f,0.9301f,0.2948f,3.6041f,-0.5334f,0.3671f,-0.7621f,3.741f,0f,0f,0f,1f],start_interpolation: 0,interpolation_duration: 1}
$data merge entity $(bone_right_head_scales2) {transformation: [-0.7348f,0.0096f,0.6782f,-0.923f,0.2555f,0.9301f,0.2637f,2.7073f,-0.6283f,0.3671f,-0.6859f,3.5666f,0f,0f,0f,1f],start_interpolation: 0,interpolation_duration: 1}
$data merge entity $(bone_right_head_scales1) {transformation: [-0.9909f,0.0096f,0.1341f,-0.8929f,0.0581f,0.9301f,0.3626f,3.4996f,-0.1212f,0.3671f,-0.9223f,3.6998f,0f,0f,0f,1f],start_interpolation: 0,interpolation_duration: 1}
$data merge entity $(bone_head_left_fin1) {transformation: [-0.6166f,0.1757f,-0.8292f,0.4498f,-0.0362f,1.019f,0.2428f,3.0602f,0.8469f,0.1714f,-0.5934f,3.6309f,0f,0f,0f,1f],start_interpolation: 0,interpolation_duration: 1}
$data merge entity $(bone_head_right_fin1) {transformation: [-0.3867f,-0.0932f,0.9698f,-0.8856f,0.095f,1.0348f,0.1373f,3.1385f,-0.9696f,0.1385f,-0.3733f,3.4675f,0f,0f,0f,1f],start_interpolation: 0,interpolation_duration: 1}
$data merge entity $(bone_right_whisker16) {transformation: [-0.0927f,-0.445f,0.8907f,-1.1163f,0.9899f,-0.138f,0.034f,1.9591f,0.1077f,0.8848f,0.4533f,1.5006f,0f,0f,0f,1f],start_interpolation: 0,interpolation_duration: 1}
$data merge entity $(bone_right_whisker15) {transformation: [0.5187f,-0.2047f,0.8301f,-1.2911f,0.3906f,0.9204f,-0.0171f,1.8275f,-0.7605f,0.3331f,0.5574f,1.7568f,0f,0f,0f,1f],start_interpolation: 0,interpolation_duration: 1}
$data merge entity $(bone_right_whisker14) {transformation: [0.7195f,-0.1138f,0.6851f,-1.5335f,-0.2424f,0.8833f,0.4013f,1.9092f,-0.6508f,-0.4548f,0.608f,1.9761f,0f,0f,0f,1f],start_interpolation: 0,interpolation_duration: 1}
$data merge entity $(bone_right_whisker13) {transformation: [0.2966f,-0.3466f,0.8899f,-1.6334f,0.2076f,0.9329f,0.2941f,1.8392f,-0.9321f,0.0975f,0.3487f,2.2901f,0f,0f,0f,1f],start_interpolation: 0,interpolation_duration: 1}
$data merge entity $(bone_right_whisker12) {transformation: [-0.3877f,-0.2242f,0.8941f,-1.4593f,-0.3006f,0.9477f,0.1073f,1.9743f,-0.8714f,-0.2272f,-0.4348f,2.6816f,0f,0f,0f,1f],start_interpolation: 0,interpolation_duration: 1}
$data merge entity $(bone_right_whisker11) {transformation: [-0.8626f,-0.135f,0.4875f,-1.0718f,-0.134f,0.9903f,0.0372f,2.0344f,-0.4878f,-0.0332f,-0.8723f,2.9007f,0f,0f,0f,1f],start_interpolation: 0,interpolation_duration: 1}
$data merge entity $(bone_right_whisker10) {transformation: [-0.4178f,-0.4869f,0.7671f,-0.8841f,-0.4617f,0.8409f,0.2823f,2.2419f,-0.7825f,-0.2362f,-0.5761f,3.2522f,0f,0f,0f,1f],start_interpolation: 0,interpolation_duration: 1}
$data merge entity $(bone_right_whisker1) {transformation: [0.1093f,-0.492f,0.8637f,-0.9332f,-0.6875f,0.5901f,0.4232f,2.5507f,-0.7179f,-0.64f,-0.2738f,3.5747f,0f,0f,0f,1f],start_interpolation: 0,interpolation_duration: 1}
$data merge entity $(bone_left_whisker16) {transformation: [-0.1774f,0.2005f,-0.9635f,1.009f,-0.974f,-0.1758f,0.1427f,1.8345f,-0.1408f,0.9638f,0.2264f,1.7606f,0f,0f,0f,1f],start_interpolation: 0,interpolation_duration: 1}
$data merge entity $(bone_left_whisker15) {transformation: [0.2722f,0.2232f,-0.936f,1.1007f,-0.4369f,0.8953f,0.0865f,1.6873f,0.8573f,0.3854f,0.3413f,2.0495f,0f,0f,0f,1f],start_interpolation: 0,interpolation_duration: 1}
$data merge entity $(bone_left_whisker14) {transformation: [0.565f,0.3206f,-0.7602f,1.2911f,0.1671f,0.8578f,0.486f,1.7436f,0.808f,-0.4016f,0.4311f,2.3217f,0f,0f,0f,1f],start_interpolation: 0,interpolation_duration: 1}
$data merge entity $(bone_left_whisker13) {transformation: [0.038f,0.418f,-0.9076f,1.3039f,-0.2272f,0.8881f,0.3995f,1.667f,0.9731f,0.1911f,0.1288f,2.6495f,0f,0f,0f,1f],start_interpolation: 0,interpolation_duration: 1}
$data merge entity $(bone_left_whisker12) {transformation: [-0.5485f,0.3798f,-0.7449f,1.0575f,0.3555f,0.9123f,0.2034f,1.8267f,0.7568f,-0.1533f,-0.6354f,2.9895f,0f,0f,0f,1f],start_interpolation: 0,interpolation_duration: 1}
$data merge entity $(bone_left_whisker11) {transformation: [-0.9332f,0.2521f,-0.256f,0.6383f,0.2392f,0.9676f,0.0808f,1.9342f,0.268f,0.0142f,-0.9633f,3.1099f,0f,0f,0f,1f],start_interpolation: 0,interpolation_duration: 1}
$data merge entity $(bone_left_whisker10) {transformation: [-0.5375f,0.6229f,-0.5684f,0.3968f,0.5177f,0.7758f,0.3606f,2.1668f,0.6656f,-0.1004f,-0.7395f,3.4089f,0f,0f,0f,1f],start_interpolation: 0,interpolation_duration: 1}
$data merge entity $(bone_left_whisker1) {transformation: [0.012f,0.696f,-0.718f,0.4022f,0.6804f,0.5205f,0.5159f,2.4724f,0.7328f,-0.4947f,-0.4673f,3.7381f,0f,0f,0f,1f],start_interpolation: 0,interpolation_duration: 1}
$data merge entity $(bone_upper_left_tooth1) {transformation: [-0.9909f,0.0213f,0.1328f,-0.0779f,0.0581f,0.9582f,0.2801f,2.5407f,-0.1212f,0.2853f,-0.9507f,4.6843f,0f,0f,0f,1f],start_interpolation: 0,interpolation_duration: 1}
$data merge entity $(bone_upper_right_tooth1) {transformation: [-0.9909f,0.0213f,0.1328f,-0.7456f,0.0581f,0.9582f,0.2801f,2.5799f,-0.1212f,0.2853f,-0.9507f,4.6026f,0f,0f,0f,1f],start_interpolation: 0,interpolation_duration: 1}
$data merge entity $(bone_top_lip1) {transformation: [-0.9909f,0.0654f,0.1175f,-0.3813f,0.0581f,0.9962f,-0.0645f,2.677f,-0.1212f,-0.0571f,-0.991f,4.6821f,0f,0f,0f,1f],start_interpolation: 0,interpolation_duration: 1}
$data merge entity $(bone_muzzle1) {transformation: [-0.9909f,0.0213f,0.1328f,-0.3032f,0.0581f,0.9582f,0.2801f,2.9958f,-0.1212f,0.2853f,-0.9507f,4.1963f,0f,0f,0f,1f],start_interpolation: 0,interpolation_duration: 1}
$data merge entity $(bone_jaw_right_tooth1) {transformation: [-0.9909f,0.1016f,0.088f,-0.7465f,0.0581f,0.9141f,-0.4013f,2.6108f,-0.1212f,-0.3926f,-0.9117f,4.6245f,0f,0f,0f,1f],start_interpolation: 0,interpolation_duration: 1}
$data merge entity $(bone_jaw_left_tooth1) {transformation: [-0.9909f,0.1016f,0.088f,-0.0231f,0.0581f,0.9141f,-0.4013f,2.5684f,-0.1212f,-0.3926f,-0.9117f,4.7131f,0f,0f,0f,1f],start_interpolation: 0,interpolation_duration: 1}
$data merge entity $(bone_tongue1) {transformation: [-0.9909f,0.0549f,0.1227f,-0.2866f,0.0581f,0.9981f,0.0226f,2.5996f,-0.1212f,0.0295f,-0.9922f,3.8713f,0f,0f,0f,1f],start_interpolation: 0,interpolation_duration: 1}
$data merge entity $(bone_jaw_lips1) {transformation: [-0.9909f,0.0549f,0.1227f,-0.3484f,0.0581f,0.9981f,0.0226f,2.4472f,-0.1212f,0.0295f,-0.9922f,4.7657f,0f,0f,0f,1f],start_interpolation: 0,interpolation_duration: 1}
$data merge entity $(bone_jaw3) {transformation: [-0.9909f,0.0848f,0.1043f,-0.2618f,0.0581f,0.9699f,-0.2365f,2.153f,-0.1212f,-0.2283f,-0.966f,3.9171f,0f,0f,0f,1f],start_interpolation: 0,interpolation_duration: 1}
$data merge entity $(bone_jaw1) {transformation: [-0.9909f,-0.0138f,0.1337f,-0.1416f,0.0581f,0.8531f,0.5186f,2.6189f,-0.1212f,0.5216f,-0.8445f,3.1583f,0f,0f,0f,1f],start_interpolation: 0,interpolation_duration: 1}
$data merge entity $(bone_tear_right1) {transformation: [-0.9909f,0.0096f,0.1341f,-0.8945f,0.0581f,0.9301f,0.3626f,3.1076f,-0.1212f,0.3671f,-0.9223f,4.0812f,0f,0f,0f,1f],start_interpolation: 0,interpolation_duration: 1}
$data merge entity $(bone_right_pupil1) {transformation: [-0.9909f,0.0096f,0.1341f,-0.7189f,0.0581f,0.9301f,0.3626f,3.1769f,-0.1212f,0.3671f,-0.9223f,4.2071f,0f,0f,0f,1f],start_interpolation: 0,interpolation_duration: 1}
$data merge entity $(bone_right_sad_pupil1) {transformation: [-0.9909f,0.0096f,0.1341f,-0.7174f,0.0581f,0.9301f,0.3626f,3.181f,-0.1212f,0.3671f,-0.9223f,4.1967f,0f,0f,0f,1f],start_interpolation: 0,interpolation_duration: 1}
$data merge entity $(bone_right_happy_pupil1) {transformation: [-0.9909f,0.0096f,0.1341f,-0.7455f,0.0581f,0.9301f,0.3626f,3.1565f,-0.1212f,0.3671f,-0.9223f,4.183f,0f,0f,0f,1f],start_interpolation: 0,interpolation_duration: 1}
$data merge entity $(bone_eyelid_right1) {transformation: [-0.9909f,0.0096f,0.1341f,-0.2142f,0.0581f,0.9301f,0.3626f,3.3072f,-0.1212f,0.3671f,-0.9223f,3.7106f,0f,0f,0f,1f],start_interpolation: 0,interpolation_duration: 1}
$data merge entity $(bone_eyelid_expressions_right5) {transformation: [-0.9909f,0.0096f,0.1341f,-0.8443f,0.0581f,0.9301f,0.3626f,3.2929f,-0.1212f,0.3671f,-0.9223f,4.2223f,0f,0f,0f,1f],start_interpolation: 0,interpolation_duration: 1}
$data merge entity $(bone_eyelid_expressions_right7) {transformation: [-0.9909f,0.0096f,0.1341f,-0.5104f,0.0581f,0.9301f,0.3626f,3.2734f,-0.1212f,0.3671f,-0.9223f,4.2631f,0f,0f,0f,1f],start_interpolation: 0,interpolation_duration: 1}
$data merge entity $(bone_eyelid_expressions_right6) {transformation: [-0.9909f,0.0096f,0.1341f,-0.6217f,0.0581f,0.9301f,0.3626f,3.2799f,-0.1212f,0.3671f,-0.9223f,4.2495f,0f,0f,0f,1f],start_interpolation: 0,interpolation_duration: 1}
$data merge entity $(bone_right_eye1) {transformation: [-0.9909f,0.0096f,0.1341f,-0.2268f,0.0581f,0.9301f,0.3626f,3.3038f,-0.1212f,0.3671f,-0.9223f,3.7196f,0f,0f,0f,1f],start_interpolation: 0,interpolation_duration: 1}
$data merge entity $(bone_tear_left1) {transformation: [-0.9909f,0.0096f,0.1341f,0.3073f,0.0581f,0.9301f,0.3626f,3.0372f,-0.1212f,0.3671f,-0.9223f,4.2283f,0f,0f,0f,1f],start_interpolation: 0,interpolation_duration: 1}
$data merge entity $(bone_left_sad_pupil1) {transformation: [-0.9909f,0.0096f,0.1341f,0.1173f,0.0581f,0.9301f,0.3626f,3.1321f,-0.1212f,0.3671f,-0.9223f,4.2988f,0f,0f,0f,1f],start_interpolation: 0,interpolation_duration: 1}
$data merge entity $(bone_left_pupil1) {transformation: [-0.9909f,0.0096f,0.1341f,0.1158f,0.0581f,0.9301f,0.3626f,3.128f,-0.1212f,0.3671f,-0.9223f,4.3092f,0f,0f,0f,1f],start_interpolation: 0,interpolation_duration: 1}
$data merge entity $(bone_eyelid_left1) {transformation: [-0.9909f,0.0096f,0.1341f,-0.2364f,0.0581f,0.9301f,0.3626f,3.3085f,-0.1212f,0.3671f,-0.9223f,3.7079f,0f,0f,0f,1f],start_interpolation: 0,interpolation_duration: 1}
$data merge entity $(bone_left_happy_pupil1) {transformation: [-0.9909f,0.0096f,0.1341f,0.1448f,0.0581f,0.9301f,0.3626f,3.1043f,-0.1212f,0.3671f,-0.9223f,4.2919f,0f,0f,0f,1f],start_interpolation: 0,interpolation_duration: 1}
$data merge entity $(bone_eyelid_expressions_left5) {transformation: [-0.9909f,0.0096f,0.1341f,0.2463f,0.0581f,0.9301f,0.3626f,3.229f,-0.1212f,0.3671f,-0.9223f,4.3557f,0f,0f,0f,1f],start_interpolation: 0,interpolation_duration: 1}
$data merge entity $(bone_eyelid_expressions_left7) {transformation: [-0.9909f,0.0096f,0.1341f,-0.0875f,0.0581f,0.9301f,0.3626f,3.2486f,-0.1212f,0.3671f,-0.9223f,4.3149f,0f,0f,0f,1f],start_interpolation: 0,interpolation_duration: 1}
$data merge entity $(bone_eyelid_expressions_left6) {transformation: [-0.9909f,0.0096f,0.1341f,0.0238f,0.0581f,0.9301f,0.3626f,3.2421f,-0.1212f,0.3671f,-0.9223f,4.3285f,0f,0f,0f,1f],start_interpolation: 0,interpolation_duration: 1}
$data merge entity $(bone_left_eye1) {transformation: [-0.9909f,0.0096f,0.1341f,-0.2268f,0.0581f,0.9301f,0.3626f,3.3038f,-0.1212f,0.3671f,-0.9223f,3.7196f,0f,0f,0f,1f],start_interpolation: 0,interpolation_duration: 1}
$data merge entity $(bone_crest_middle5) {transformation: [-0.9909f,0.0384f,0.1288f,-0.2774f,0.0581f,0.9866f,0.1527f,4.4199f,-0.1212f,0.1588f,-0.9798f,4.668f,0f,0f,0f,1f],start_interpolation: 0,interpolation_duration: 1}
$data merge entity $(bone_crest_middle4) {transformation: [-0.9909f,0.0384f,0.1288f,-0.3033f,0.0581f,0.9866f,0.1527f,3.7551f,-0.1212f,0.1588f,-0.9798f,4.561f,0f,0f,0f,1f],start_interpolation: 0,interpolation_duration: 1}
$data merge entity $(bone_crest_middle1) {transformation: [-0.9909f,0.0384f,0.1288f,-0.3336f,0.0581f,0.9866f,0.1527f,3.2436f,-0.1212f,0.1588f,-0.9798f,4.5633f,0f,0f,0f,1f],start_interpolation: 0,interpolation_duration: 1}
$data merge entity $(bone_crest_left5) {transformation: [-0.5405f,-0.806f,0.2414f,-1.3913f,-0.7533f,0.5914f,0.2878f,3.8517f,-0.3747f,-0.0262f,-0.9268f,4.3898f,0f,0f,0f,1f],start_interpolation: 0,interpolation_duration: 1}
$data merge entity $(bone_crest_left4) {transformation: [-0.5405f,-0.806f,0.2414f,-0.9387f,-0.7533f,0.5914f,0.2878f,3.5196f,-0.3747f,-0.0262f,-0.9268f,4.4045f,0f,0f,0f,1f],start_interpolation: 0,interpolation_duration: 1}
$data merge entity $(bone_crest_left1) {transformation: [-0.5405f,-0.806f,0.2414f,-0.4274f,-0.7533f,0.5914f,0.2878f,3.1705f,-0.3747f,-0.0262f,-0.9268f,4.3687f,0f,0f,0f,1f],start_interpolation: 0,interpolation_duration: 1}
$data merge entity $(bone_crest_center1) {transformation: [-0.9909f,0.0096f,0.1341f,-0.3164f,0.0581f,0.9301f,0.3626f,3.1378f,-0.1212f,0.3671f,-0.9223f,4.372f,0f,0f,0f,1f],start_interpolation: 0,interpolation_duration: 1}
$data merge entity $(bone_crest_right5) {transformation: [-0.5243f,0.8512f,0.0232f,0.7976f,0.8157f,0.4942f,0.3006f,3.7234f,0.2444f,0.1765f,-0.9535f,4.6577f,0f,0f,0f,1f],start_interpolation: 0,interpolation_duration: 1}
$data merge entity $(bone_crest_right4) {transformation: [-0.5243f,0.8512f,0.0232f,0.3197f,0.8157f,0.4942f,0.3006f,3.4458f,0.2444f,0.1765f,-0.9535f,4.5585f,0f,0f,0f,1f],start_interpolation: 0,interpolation_duration: 1}
$data merge entity $(bone_crest_right1) {transformation: [-0.5243f,0.8512f,0.0232f,-0.2048f,0.8157f,0.4942f,0.3006f,3.1574f,0.2444f,0.1765f,-0.9535f,4.3959f,0f,0f,0f,1f],start_interpolation: 0,interpolation_duration: 1}
$data merge entity $(bone_head1) {transformation: [-1.0387f,0.0101f,0.1406f,-0.1445f,0.0609f,0.975f,0.38f,3.4755f,-0.1271f,0.3848f,-0.9667f,3.1294f,0f,0f,0f,1f],start_interpolation: 0,interpolation_duration: 1}
$data merge entity $(bone_neck10) {transformation: [-1.494f,0.0532f,0.0853f,-0.0997f,0.0677f,1.4719f,0.2669f,3.2241f,-0.0744f,0.2701f,-1.4709f,2.0003f,0f,0f,0f,1f],start_interpolation: 0,interpolation_duration: 1}
$data merge entity $(bone_neck9) {transformation: [-1.1429f,-0.027f,0.072f,-0.0677f,0.0518f,0.5235f,1.0176f,2.6572f,-0.0569f,1.0185f,-0.5211f,0.8408f,0f,0f,0f,1f],start_interpolation: 0,interpolation_duration: 1}
$data merge entity $(bone_neck8) {transformation: [-1.0608f,-0.0402f,0.059f,-0.0242f,0.0481f,0.2473f,1.0329f,2.4636f,-0.0528f,1.0332f,-0.245f,-0.209f,0f,0f,0f,1f],start_interpolation: 0,interpolation_duration: 1}
$data merge entity $(bone_neck7) {transformation: [-1.0543f,0.0135f,0.0519f,-0.0378f,0.0529f,0.0862f,1.0508f,2.3764f,0.0091f,1.052f,-0.0868f,-1.2722f,0f,0f,0f,1f],start_interpolation: 0,interpolation_duration: 1}
$data merge entity $(bone_neck6) {transformation: [-1.0474f,0.0654f,0.0201f,-0.0975f,0.0072f,-0.2008f,1.0303f,2.5761f,0.068f,1.0282f,0.1999f,-2.2134f,0f,0f,0f,1f],start_interpolation: 0,interpolation_duration: 1}
$data merge entity $(bone_neck_spine6) {transformation: [-1.2565f,0.1682f,-0.1141f,-0.7498f,-0.0471f,0.4541f,1.1881f,3.7897f,0.1977f,1.1771f,-0.442f,-6.0256f,0f,0f,0f,1f],start_interpolation: 0,interpolation_duration: 1}
$data merge entity $(bone_neck_spine7) {transformation: [-0.9974f,-0.0308f,-0.0646f,-1.1107f,-0.0711f,0.3189f,0.9451f,2.9164f,-0.0086f,0.9473f,-0.3202f,-9.3712f,0f,0f,0f,1f],start_interpolation: 0,interpolation_duration: 1}
$data merge entity $(bone_tail6) {transformation: [-1.6123f,-0.4783f,-0.3702f,-0.2587f,-0.1462f,-0.7144f,1.56f,4.0219f,-0.5868f,1.4921f,0.6282f,-12.6583f,0f,0f,0f,1f],start_interpolation: 0,interpolation_duration: 1}
$data merge entity $(bone_tail5) {transformation: [-1.3319f,-0.336f,-0.3698f,-0.4709f,-0.1208f,-0.8049f,1.1666f,3.5135f,-0.4848f,1.1237f,0.7251f,-11.9485f,0f,0f,0f,1f],start_interpolation: 0,interpolation_duration: 1}
$data merge entity $(bone_tail4) {transformation: [-0.9901f,-0.2196f,-0.2649f,-0.565f,-0.083f,-0.6306f,0.8331f,3.2433f,-0.3339f,0.8079f,0.5783f,-11.6023f,0f,0f,0f,1f],start_interpolation: 0,interpolation_duration: 1}
$data merge entity $(bone_segment18) {transformation: [-0.9092f,-0.331f,-0.2527f,-0.7509f,0f,-0.6068f,0.7948f,2.9025f,-0.4164f,0.7226f,0.5517f,-11.1965f,0f,0f,0f,1f],start_interpolation: 0,interpolation_duration: 1}
$data merge entity $(bone_segment17) {transformation: [-0.9533f,-0.2509f,-0.1684f,-0.9341f,-0.0561f,-0.4005f,0.9146f,2.6101f,-0.2969f,0.8813f,0.3677f,-10.5532f,0f,0f,0f,1f],start_interpolation: 0,interpolation_duration: 1}
$data merge entity $(bone_segment16) {transformation: [-0.9834f,-0.1481f,-0.1051f,-1.0754f,-0.08f,-0.1663f,0.9828f,2.4514f,-0.163f,0.9749f,0.1517f,-9.6226f,0f,0f,0f,1f],start_interpolation: 0,interpolation_duration: 1}
$data merge entity $(bone_segment15) {transformation: [-0.9974f,-0.0131f,-0.0704f,-1.0908f,-0.0711f,0.0634f,0.9955f,2.5262f,-0.0086f,0.9979f,-0.0642f,-8.4458f,0f,0f,0f,1f],start_interpolation: 0,interpolation_duration: 1}
$data merge entity $(bone_segment14) {transformation: [-1.0337f,0.1581f,-0.0712f,-0.9129f,-0.0375f,0.2164f,1.0249f,2.7696f,0.1693f,1.0133f,-0.2077f,-7.3058f,0f,0f,0f,1f],start_interpolation: 0,interpolation_duration: 1}
$data merge entity $(bone_segment13) {transformation: [-1.0126f,0.1494f,-0.067f,-0.7311f,-0.038f,0.1941f,1.0065f,2.9758f,0.1593f,0.996f,-0.1861f,-6.1011f,0f,0f,0f,1f],start_interpolation: 0,interpolation_duration: 1}
$data merge entity $(bone_segment12) {transformation: [-1.0882f,0.2402f,-0.0507f,-0.4409f,-0.0372f,0.0663f,1.113f,3.0559f,0.2427f,1.0874f,-0.0567f,-4.7875f,0f,0f,0f,1f],start_interpolation: 0,interpolation_duration: 1}
$data merge entity $(bone_segment11) {transformation: [-1.1689f,0.2252f,-0.0087f,-0.1807f,-0.0354f,-0.1377f,1.1819f,2.8968f,0.2226f,1.1608f,0.1419f,-3.4461f,0f,0f,0f,1f],start_interpolation: 0,interpolation_duration: 1}
$data merge entity $(bone_segment10) {transformation: [-1.0458f,0.0685f,0.0169f,-0.094f,0f,-0.2509f,1.0177f,2.5952f,0.0705f,1.0154f,0.2504f,-2.1607f,0f,0f,0f,1f],start_interpolation: 0,interpolation_duration: 1}
data modify entity @s data merge value {"cameras":{},"locators":{"mouth":{"px":-0.4774141040777865,"py":2.4778344508748864,"pz":5.37210370494958,"ry":178.49996457956718,"rx":68.45707281866005}}}
function animated_java:gyarados/animations/water_idle/zzz/frames/on_tick/transform_floating_entities