# This file was generated by Animated Java via MC-Build. It is not recommended to edit this file directly.
$data merge entity $(bone_neck_spine5) {transformation: [-1.5697f,0.0146f,-0.0879f,0.0739f,-0.028f,1.3916f,0.7312f,3.7386f,0.0846f,0.7316f,-1.3891f,0.1735f,0f,0f,0f,1f],start_interpolation: 0,interpolation_duration: 1}
$data merge entity $(bone_neck_spine2) {transformation: [-1.495f,-0.0493f,-0.069f,0.0276f,-0.0266f,1.4296f,-0.4448f,5.2985f,0.0806f,-0.4428f,-1.4282f,1.9167f,0f,0f,0f,1f],start_interpolation: 0,interpolation_duration: 1}
$data merge entity $(bone_scale_neck_left1) {transformation: [-1.5998f,0.392f,0.0025f,0.8406f,0.3917f,1.5984f,0.0678f,4.4415f,0.0137f,0.0664f,-1.6457f,2.1089f,0f,0f,0f,1f],start_interpolation: 0,interpolation_duration: 1}
$data merge entity $(bone_scale_neck_right1) {transformation: [-1.5771f,-0.4391f,-0.1817f,-0.7291f,-0.4483f,1.5836f,0.0645f,4.4135f,0.1575f,0.1112f,-1.6358f,2.1934f,0f,0f,0f,1f],start_interpolation: 0,interpolation_duration: 1}
$data merge entity $(bone_blush_right1) {transformation: [-0.9996f,-0.0282f,0.0047f,-0.5851f,-0.028f,0.9989f,0.0381f,4.2707f,-0.0057f,0.0379f,-0.9993f,3.5191f,0f,0f,0f,1f],start_interpolation: 0,interpolation_duration: 1}
$data merge entity $(bone_blush_left1) {transformation: [-0.9996f,-0.0282f,0.0047f,0.7395f,-0.028f,0.9989f,0.0381f,4.3078f,-0.0057f,0.0379f,-0.9993f,3.5266f,0f,0f,0f,1f],start_interpolation: 0,interpolation_duration: 1}
$data merge entity $(bone_left_head_scales) {transformation: [-0.8888f,-0.0282f,-0.4574f,0.732f,-0.0424f,0.9989f,0.0208f,5.0523f,0.4563f,0.0379f,-0.889f,3.1616f,0f,0f,0f,1f],start_interpolation: 0,interpolation_duration: 1}
$data merge entity $(bone_left_head_scales2) {transformation: [-0.8215f,-0.0282f,-0.5695f,0.7565f,-0.0448f,0.9989f,0.0151f,4.1484f,0.5685f,0.0379f,-0.8218f,3.2959f,0f,0f,0f,1f],start_interpolation: 0,interpolation_duration: 1}
$data merge entity $(bone_left_head_scales1) {transformation: [-0.9996f,-0.0282f,0.0047f,0.7352f,-0.028f,0.9989f,0.0381f,4.9401f,-0.0057f,0.0379f,-0.9993f,3.1573f,0f,0f,0f,1f],start_interpolation: 0,interpolation_duration: 1}
$data merge entity $(bone_right_head_scales) {transformation: [-0.8845f,-0.0282f,0.4657f,-0.6151f,-0.0073f,0.9989f,0.0467f,5.0145f,-0.4665f,0.0379f,-0.8837f,3.1539f,0f,0f,0f,1f],start_interpolation: 0,interpolation_duration: 1}
$data merge entity $(bone_right_head_scales2) {transformation: [-0.8161f,-0.0282f,0.5772f,-0.5906f,-0.0011f,0.9989f,0.0472f,4.1107f,-0.5778f,0.0379f,-0.8153f,3.2882f,0f,0f,0f,1f],start_interpolation: 0,interpolation_duration: 1}
$data merge entity $(bone_right_head_scales1) {transformation: [-0.9996f,-0.0282f,0.0047f,-0.612f,-0.028f,0.9989f,0.0381f,4.9024f,-0.0057f,0.0379f,-0.9993f,3.1496f,0f,0f,0f,1f],start_interpolation: 0,interpolation_duration: 1}
$data merge entity $(bone_head_left_fin1) {transformation: [-0.5178f,0.1081f,-0.9049f,0.7474f,0.2234f,1.0241f,-0.0055f,4.5226f,0.8836f,-0.1956f,-0.5289f,3.0572f,0f,0f,0f,1f],start_interpolation: 0,interpolation_duration: 1}
$data merge entity $(bone_head_right_fin1) {transformation: [-0.4943f,-0.1631f,0.9098f,-0.5997f,-0.2518f,1.0165f,0.0454f,4.4849f,-0.8894f,-0.1972f,-0.5185f,3.0495f,0f,0f,0f,1f],start_interpolation: 0,interpolation_duration: 1}
$data merge entity $(bone_right_whisker16) {transformation: [-0.1621f,-0.3353f,0.9281f,-0.9404f,0.9639f,0.1476f,0.2217f,2.7061f,-0.2113f,0.9305f,0.2993f,1.6237f,0f,0f,0f,1f],start_interpolation: 0,interpolation_duration: 1}
$data merge entity $(bone_right_whisker15) {transformation: [0.4006f,-0.2434f,0.8833f,-1.0754f,0.1349f,0.9692f,0.2059f,2.6607f,-0.9062f,0.0367f,0.4212f,1.929f,0f,0f,0f,1f],start_interpolation: 0,interpolation_duration: 1}
$data merge entity $(bone_right_whisker14) {transformation: [0.6636f,-0.2342f,0.7105f,-1.299f,-0.4156f,0.6743f,0.6104f,2.8007f,-0.622f,-0.7004f,0.3501f,2.1386f,0f,0f,0f,1f],start_interpolation: 0,interpolation_duration: 1}
$data merge entity $(bone_right_whisker13) {transformation: [0.1775f,-0.4101f,0.8946f,-1.3588f,-0.1042f,0.8961f,0.4315f,2.8358f,-0.9786f,-0.1698f,0.1163f,2.4683f,0f,0f,0f,1f],start_interpolation: 0,interpolation_duration: 1}
$data merge entity $(bone_right_whisker12) {transformation: [-0.4522f,-0.3247f,0.8307f,-1.1557f,-0.5913f,0.8064f,-0.0067f,3.1015f,-0.6678f,-0.4943f,-0.5566f,2.7683f,0f,0f,0f,1f],start_interpolation: 0,interpolation_duration: 1}
$data merge entity $(bone_right_whisker11) {transformation: [-0.8957f,-0.2191f,0.387f,-0.7533f,-0.3261f,0.9153f,-0.2365f,3.2479f,-0.3024f,-0.338f,-0.8912f,2.9041f,0f,0f,0f,1f],start_interpolation: 0,interpolation_duration: 1}
$data merge entity $(bone_right_whisker10) {transformation: [-0.4592f,-0.5771f,0.6753f,-0.547f,-0.7145f,0.6917f,0.1053f,3.5689f,-0.5279f,-0.4341f,-0.73f,3.1412f,0f,0f,0f,1f],start_interpolation: 0,interpolation_duration: 1}
$data merge entity $(bone_right_whisker1) {transformation: [0.0886f,-0.6045f,0.7917f,-0.5868f,-0.883f,0.3202f,0.3433f,3.9655f,-0.461f,-0.7294f,-0.5054f,3.3483f,0f,0f,0f,1f],start_interpolation: 0,interpolation_duration: 1}
$data merge entity $(bone_left_whisker16) {transformation: [-0.1103f,0.3159f,-0.9424f,1.2035f,-0.9715f,0.1659f,0.1693f,2.7662f,0.2098f,0.9342f,0.2886f,1.636f,0f,0f,0f,1f],start_interpolation: 0,interpolation_duration: 1}
$data merge entity $(bone_left_whisker15) {transformation: [0.3972f,0.1883f,-0.8982f,1.3373f,-0.1125f,0.9813f,0.1559f,2.7283f,0.9108f,0.0392f,0.411f,1.9428f,0f,0f,0f,1f],start_interpolation: 0,interpolation_duration: 1}
$data merge entity $(bone_left_whisker14) {transformation: [0.6321f,0.204f,-0.7475f,1.5503f,0.4519f,0.6865f,0.5696f,2.8806f,0.6294f,-0.6979f,0.3418f,2.1549f,0f,0f,0f,1f],start_interpolation: 0,interpolation_duration: 1}
$data merge entity $(bone_left_whisker13) {transformation: [0.1601f,0.3612f,-0.9186f,1.6043f,0.1137f,0.9177f,0.3806f,2.9189f,0.9805f,-0.1654f,0.1059f,2.4852f,0f,0f,0f,1f],start_interpolation: 0,interpolation_duration: 1}
$data merge entity $(bone_left_whisker12) {transformation: [-0.4922f,0.2846f,-0.8226f,1.3832f,0.5649f,0.8235f,-0.053f,3.1726f,0.6623f,-0.4908f,-0.5661f,2.7828f,0f,0f,0f,1f],start_interpolation: 0,interpolation_duration: 1}
$data merge entity $(bone_left_whisker11) {transformation: [-0.9159f,0.1714f,-0.3629f,0.9717f,0.2753f,0.9262f,-0.2575f,3.2963f,0.292f,-0.3358f,-0.8955f,2.914f,0f,0f,0f,1f],start_interpolation: 0,interpolation_duration: 1}
$data merge entity $(bone_left_whisker10) {transformation: [-0.5045f,0.5424f,-0.6718f,0.7451f,0.6875f,0.7231f,0.0676f,3.6051f,0.5224f,-0.4277f,-0.7377f,3.1486f,0f,0f,0f,1f],start_interpolation: 0,interpolation_duration: 1}
$data merge entity $(bone_left_whisker1) {transformation: [0.0338f,0.5939f,-0.8038f,0.7603f,0.8864f,0.3538f,0.2986f,4.0033f,0.4617f,-0.7226f,-0.5145f,3.356f,0f,0f,0f,1f],start_interpolation: 0,interpolation_duration: 1}
$data merge entity $(bone_upper_left_tooth1) {transformation: [-0.9996f,-0.0277f,0.0071f,0.3797f,-0.028f,0.9984f,-0.0492f,4.3641f,-0.0057f,-0.0493f,-0.9988f,4.2809f,0f,0f,0f,1f],start_interpolation: 0,interpolation_duration: 1}
$data merge entity $(bone_upper_right_tooth1) {transformation: [-0.9996f,-0.0277f,0.0071f,-0.2938f,-0.028f,0.9984f,-0.0492f,4.3453f,-0.0057f,-0.0493f,-0.9988f,4.2771f,0f,0f,0f,1f],start_interpolation: 0,interpolation_duration: 1}
$data merge entity $(bone_top_lip1) {transformation: [-0.9996f,-0.0236f,0.0161f,0.0676f,-0.028f,0.9214f,-0.3877f,4.4788f,-0.0057f,-0.388f,-0.9217f,4.2731f,0f,0f,0f,1f],start_interpolation: 0,interpolation_duration: 1}
$data merge entity $(bone_muzzle1) {transformation: [-0.9996f,-0.0277f,0.0071f,0.0669f,-0.028f,0.9984f,-0.0492f,4.6194f,-0.0057f,-0.0493f,-0.9988f,3.7039f,0f,0f,0f,1f],start_interpolation: 0,interpolation_duration: 1}
$data merge entity $(bone_jaw_right_tooth1) {transformation: [-0.9996f,-0.0167f,0.0232f,-0.2949f,-0.028f,0.7332f,-0.6794f,4.3817f,-0.0057f,-0.6798f,-0.7334f,4.2876f,0f,0f,0f,1f],start_interpolation: 0,interpolation_duration: 1}
$data merge entity $(bone_jaw_left_tooth1) {transformation: [-0.9996f,-0.0167f,0.0232f,0.4348f,-0.028f,0.7332f,-0.6794f,4.4022f,-0.0057f,-0.6798f,-0.7334f,4.2918f,0f,0f,0f,1f],start_interpolation: 0,interpolation_duration: 1}
$data merge entity $(bone_tongue1) {transformation: [-0.9996f,-0.0249f,0.014f,0.0814f,-0.028f,0.9517f,-0.3059f,4.1384f,-0.0057f,-0.3061f,-0.952f,3.5273f,0f,0f,0f,1f],start_interpolation: 0,interpolation_duration: 1}
$data merge entity $(bone_jaw_lips1) {transformation: [-0.9996f,-0.0249f,0.014f,0.1282f,-0.028f,0.9517f,-0.3059f,4.2919f,-0.0057f,-0.3061f,-0.952f,4.4224f,0f,0f,0f,1f],start_interpolation: 0,interpolation_duration: 1}
$data merge entity $(bone_jaw3) {transformation: [-0.9996f,-0.0204f,0.02f,0.1478f,-0.028f,0.8401f,-0.5418f,3.7344f,-0.0057f,-0.5421f,-0.8403f,3.7132f,0f,0f,0f,1f],start_interpolation: 0,interpolation_duration: 1}
$data merge entity $(bone_jaw1) {transformation: [-0.9996f,-0.0286f,-0.0003f,0.1475f,-0.028f,0.9771f,0.2109f,3.9239f,-0.0057f,0.2108f,-0.9775f,2.8349f,0f,0f,0f,1f],start_interpolation: 0,interpolation_duration: 1}
$data merge entity $(bone_tear_right1) {transformation: [-0.9996f,-0.0282f,0.0047f,-0.5406f,-0.028f,0.9989f,0.0381f,4.6611f,-0.0057f,0.0379f,-0.9993f,3.6353f,0f,0f,0f,1f],start_interpolation: 0,interpolation_duration: 1}
$data merge entity $(bone_right_pupil1) {transformation: [-0.9996f,-0.0282f,0.0047f,-0.3588f,-0.028f,0.9989f,0.0381f,4.7759f,-0.0057f,0.0379f,-0.9993f,3.7079f,0f,0f,0f,1f],start_interpolation: 0,interpolation_duration: 1}
$data merge entity $(bone_right_sad_pupil1) {transformation: [-0.9996f,-0.0282f,0.0047f,-0.3588f,-0.028f,0.9989f,0.0381f,4.7763f,-0.0057f,0.0379f,-0.9993f,3.6967f,0f,0f,0f,1f],start_interpolation: 0,interpolation_duration: 1}
$data merge entity $(bone_right_happy_pupil1) {transformation: [-0.9996f,-0.0282f,0.0047f,-0.386f,-0.028f,0.9989f,0.0381f,4.7475f,-0.0057f,0.0379f,-0.9993f,3.6955f,0f,0f,0f,1f],start_interpolation: 0,interpolation_duration: 1}
$data merge entity $(bone_eyelid_right1) {transformation: [-0.9996f,-0.0282f,0.0047f,0.0776f,-0.028f,0.9989f,0.0381f,4.7537f,-0.0057f,0.0379f,-0.9993f,3.1359f,0f,0f,0f,1f],start_interpolation: 0,interpolation_duration: 1}
$data merge entity $(bone_eyelid_expressions_right5) {transformation: [-0.9996f,-0.0282f,0.0047f,-0.491f,-0.028f,0.9989f,0.0381f,4.8849f,-0.0057f,0.0379f,-0.9993f,3.7002f,0f,0f,0f,1f],start_interpolation: 0,interpolation_duration: 1}
$data merge entity $(bone_eyelid_expressions_right7) {transformation: [-0.9996f,-0.0282f,0.0047f,-0.1542f,-0.028f,0.9989f,0.0381f,4.8943f,-0.0057f,0.0379f,-0.9993f,3.7021f,0f,0f,0f,1f],start_interpolation: 0,interpolation_duration: 1}
$data merge entity $(bone_eyelid_expressions_right6) {transformation: [-0.9996f,-0.0282f,0.0047f,-0.2665f,-0.028f,0.9989f,0.0381f,4.8912f,-0.0057f,0.0379f,-0.9993f,3.7015f,0f,0f,0f,1f],start_interpolation: 0,interpolation_duration: 1}
$data merge entity $(bone_right_eye1) {transformation: [-0.9996f,-0.0282f,0.0047f,0.0664f,-0.028f,0.9989f,0.0381f,4.753f,-0.0057f,0.0379f,-0.9993f,3.1471f,0f,0f,0f,1f],start_interpolation: 0,interpolation_duration: 1}
$data merge entity $(bone_tear_left1) {transformation: [-0.9996f,-0.0282f,0.0047f,0.6718f,-0.028f,0.9989f,0.0381f,4.6951f,-0.0057f,0.0379f,-0.9993f,3.6422f,0f,0f,0f,1f],start_interpolation: 0,interpolation_duration: 1}
$data merge entity $(bone_left_sad_pupil1) {transformation: [-0.9996f,-0.0282f,0.0047f,0.4832f,-0.028f,0.9989f,0.0381f,4.7999f,-0.0057f,0.0379f,-0.9993f,3.7015f,0f,0f,0f,1f],start_interpolation: 0,interpolation_duration: 1}
$data merge entity $(bone_left_pupil1) {transformation: [-0.9996f,-0.0282f,0.0047f,0.4831f,-0.028f,0.9989f,0.0381f,4.7995f,-0.0057f,0.0379f,-0.9993f,3.7127f,0f,0f,0f,1f],start_interpolation: 0,interpolation_duration: 1}
$data merge entity $(bone_eyelid_left1) {transformation: [-0.9996f,-0.0282f,0.0047f,0.0552f,-0.028f,0.9989f,0.0381f,4.7531f,-0.0057f,0.0379f,-0.9993f,3.1358f,0f,0f,0f,1f],start_interpolation: 0,interpolation_duration: 1}
$data merge entity $(bone_left_happy_pupil1) {transformation: [-0.9996f,-0.0282f,0.0047f,0.512f,-0.028f,0.9989f,0.0381f,4.7727f,-0.0057f,0.0379f,-0.9993f,3.7006f,0f,0f,0f,1f],start_interpolation: 0,interpolation_duration: 1}
$data merge entity $(bone_eyelid_expressions_left5) {transformation: [-0.9996f,-0.0282f,0.0047f,0.6091f,-0.028f,0.9989f,0.0381f,4.9157f,-0.0057f,0.0379f,-0.9993f,3.7065f,0f,0f,0f,1f],start_interpolation: 0,interpolation_duration: 1}
$data merge entity $(bone_eyelid_expressions_left7) {transformation: [-0.9996f,-0.0282f,0.0047f,0.2723f,-0.028f,0.9989f,0.0381f,4.9063f,-0.0057f,0.0379f,-0.9993f,3.7046f,0f,0f,0f,1f],start_interpolation: 0,interpolation_duration: 1}
$data merge entity $(bone_eyelid_expressions_left6) {transformation: [-0.9996f,-0.0282f,0.0047f,0.3846f,-0.028f,0.9989f,0.0381f,4.9094f,-0.0057f,0.0379f,-0.9993f,3.7052f,0f,0f,0f,1f],start_interpolation: 0,interpolation_duration: 1}
$data merge entity $(bone_left_eye1) {transformation: [-0.9996f,-0.0282f,0.0047f,0.0664f,-0.028f,0.9989f,0.0381f,4.753f,-0.0057f,0.0379f,-0.9993f,3.1471f,0f,0f,0f,1f],start_interpolation: 0,interpolation_duration: 1}
$data merge entity $(bone_crest_middle5) {transformation: [-0.9996f,-0.0265f,0.0106f,0.025f,-0.028f,0.9834f,-0.179f,6.119f,-0.0057f,-0.1793f,-0.9838f,3.676f,0f,0f,0f,1f],start_interpolation: 0,interpolation_duration: 1}
$data merge entity $(bone_crest_middle4) {transformation: [-0.9996f,-0.0265f,0.0106f,0.0429f,-0.028f,0.9834f,-0.179f,5.4563f,-0.0057f,-0.1793f,-0.9838f,3.7968f,0f,0f,0f,1f],start_interpolation: 0,interpolation_duration: 1}
$data merge entity $(bone_crest_middle1) {transformation: [-0.9996f,-0.0265f,0.0106f,0.0554f,-0.028f,0.9834f,-0.179f,4.9744f,-0.0057f,-0.1793f,-0.9838f,3.9703f,0f,0f,0f,1f],start_interpolation: 0,interpolation_duration: 1}
$data merge entity $(bone_crest_left5) {transformation: [-0.5133f,-0.8503f,0.1166f,-1.0614f,-0.8575f,0.5137f,-0.0292f,5.4437f,-0.035f,-0.115f,-0.9927f,3.7442f,0f,0f,0f,1f],start_interpolation: 0,interpolation_duration: 1}
$data merge entity $(bone_crest_left4) {transformation: [-0.5133f,-0.8503f,0.1166f,-0.5839f,-0.8575f,0.5137f,-0.0292f,5.1553f,-0.035f,-0.115f,-0.9927f,3.8087f,0f,0f,0f,1f],start_interpolation: 0,interpolation_duration: 1}
$data merge entity $(bone_crest_left1) {transformation: [-0.5133f,-0.8503f,0.1166f,-0.0522f,-0.8575f,0.5137f,-0.0292f,4.8364f,-0.035f,-0.115f,-0.9927f,3.824f,0f,0f,0f,1f],start_interpolation: 0,interpolation_duration: 1}
$data merge entity $(bone_crest_center1) {transformation: [-0.9996f,-0.0282f,0.0047f,0.0608f,-0.028f,0.9989f,0.0381f,4.8115f,-0.0057f,0.0379f,-0.9993f,3.8236f,0f,0f,0f,1f],start_interpolation: 0,interpolation_duration: 1}
$data merge entity $(bone_crest_right5) {transformation: [-0.5609f,0.8214f,-0.1034f,1.1467f,0.8274f,0.5605f,-0.0354f,5.5056f,0.0289f,-0.1055f,-0.994f,3.7568f,0f,0f,0f,1f],start_interpolation: 0,interpolation_duration: 1}
$data merge entity $(bone_crest_right4) {transformation: [-0.5609f,0.8214f,-0.1034f,0.6855f,0.8274f,0.5605f,-0.0354f,5.1908f,0.0289f,-0.1055f,-0.994f,3.816f,0f,0f,0f,1f],start_interpolation: 0,interpolation_duration: 1}
$data merge entity $(bone_crest_right1) {transformation: [-0.5609f,0.8214f,-0.1034f,0.1723f,0.8274f,0.5605f,-0.0354f,4.8426f,0.0289f,-0.1055f,-0.994f,3.8253f,0f,0f,0f,1f],start_interpolation: 0,interpolation_duration: 1}
$data merge entity $(bone_head1) {transformation: [-1.0477f,-0.0296f,0.0049f,0.0708f,-0.0294f,1.047f,0.0399f,4.7204f,-0.006f,0.0397f,-1.0474f,2.5277f,0f,0f,0f,1f],start_interpolation: 0,interpolation_duration: 1}
$data merge entity $(bone_neck10) {transformation: [-1.495f,-0.0399f,-0.0749f,0.0294f,-0.0266f,1.4754f,-0.2544f,4.0965f,0.0806f,-0.2526f,-1.4737f,1.5535f,0f,0f,0f,1f],start_interpolation: 0,interpolation_duration: 1}
$data merge entity $(bone_neck9) {transformation: [-1.1437f,0.0269f,-0.0591f,-0.0022f,-0.0204f,0.8415f,0.777f,3.1659f,0.0616f,0.7768f,-0.8396f,0.6592f,0f,0f,0f,1f],start_interpolation: 0,interpolation_duration: 1}
$data merge entity $(bone_neck8) {transformation: [-1.0614f,0.0371f,-0.0475f,-0.0419f,-0.0189f,0.5905f,0.8839f,2.62f,0.0572f,0.8833f,-0.5888f,-0.2583f,0f,0f,0f,1f],start_interpolation: 0,interpolation_duration: 1}
$data merge entity $(bone_neck7) {transformation: [-1.0549f,-0.0149f,-0.0371f,-0.0269f,-0.04f,0.3612f,0.9911f,2.255f,-0.0013f,0.9918f,-0.3615f,-1.2607f,0f,0f,0f,1f],start_interpolation: 0,interpolation_duration: 1}
$data merge entity $(bone_neck6) {transformation: [-1.0474f,-0.0682f,-0.0065f,0.0356f,-0.0072f,0.0114f,1.0496f,2.2602f,-0.0681f,1.0474f,-0.0118f,-2.2226f,0f,0f,0f,1f],start_interpolation: 0,interpolation_duration: 1}
$data merge entity $(bone_neck_spine6) {transformation: [-1.256f,-0.196f,-0.0642f,0.5563f,0.0124f,-0.4675f,1.1838f,4.3687f,-0.2059f,1.1675f,0.4632f,-5.2208f,0f,0f,0f,1f],start_interpolation: 0,interpolation_duration: 1}
$data merge entity $(bone_neck_spine7) {transformation: [-0.9983f,-0.0117f,-0.0565f,0.9805f,-0.057f,0.0587f,0.9966f,5.5824f,-0.0083f,0.9982f,-0.0592f,-8.6923f,0f,0f,0f,1f],start_interpolation: 0,interpolation_duration: 1}
$data merge entity $(bone_tail6) {transformation: [-1.4754f,0.7405f,-0.49f,-0.1867f,-0.0921f,0.8176f,1.5127f,4.5419f,0.8832f,1.3223f,-0.6609f,-12.3065f,0f,0f,0f,1f],start_interpolation: 0,interpolation_duration: 1}
$data merge entity $(bone_tail5) {transformation: [-1.2188f,0.6727f,-0.2924f,0.2381f,-0.0761f,0.4481f,1.3479f,4.8249f,0.7296f,1.1706f,-0.348f,-11.5672f,0f,0f,0f,1f],start_interpolation: 0,interpolation_duration: 1}
$data merge entity $(bone_tail4) {transformation: [-0.8937f,0.5188f,-0.1755f,0.4605f,-0.0326f,0.2849f,1.0082f,4.947f,0.5468f,0.865f,-0.2268f,-11.1964f,0f,0f,0f,1f],start_interpolation: 0,interpolation_duration: 1}
$data merge entity $(bone_segment18) {transformation: [-0.9099f,0.3795f,-0.1675f,0.6736f,-0.0663f,0.2655f,0.9618f,5.0961f,0.4094f,0.8863f,-0.2164f,-10.6988f,0f,0f,0f,1f],start_interpolation: 0,interpolation_duration: 1}
$data merge entity $(bone_segment17) {transformation: [-0.9562f,0.2667f,-0.1203f,0.8683f,-0.0861f,0.1365f,0.9869f,5.1958f,0.2796f,0.9541f,-0.1076f,-10.0023f,0f,0f,0f,1f],start_interpolation: 0,interpolation_duration: 1}
$data merge entity $(bone_segment16) {transformation: [-0.9858f,0.1437f,-0.0872f,1.0054f,-0.0875f,0.0041f,0.9962f,5.1996f,0.1435f,0.9896f,0.0086f,-9.0576f,0f,0f,0f,1f],start_interpolation: 0,interpolation_duration: 1}
$data merge entity $(bone_segment15) {transformation: [-0.9983f,0.0033f,-0.0575f,1.0094f,-0.057f,-0.2013f,0.9779f,4.9623f,-0.0083f,0.9795f,0.2011f,-7.9026f,0f,0f,0f,1f],start_interpolation: 0,interpolation_duration: 1}
$data merge entity $(bone_segment14) {transformation: [-1.0333f,-0.1658f,-0.0583f,0.8229f,0.0137f,-0.4228f,0.959f,4.4866f,-0.1752f,0.9447f,0.419f,-6.8398f,0f,0f,0f,1f],start_interpolation: 0,interpolation_duration: 1}
$data merge entity $(bone_segment13) {transformation: [-1.0122f,-0.1466f,-0.0784f,0.6485f,0.01f,-0.5367f,0.8741f,3.8163f,-0.1659f,0.8617f,0.531f,-5.8165f,0f,0f,0f,1f],start_interpolation: 0,interpolation_duration: 1}
$data merge entity $(bone_segment12) {transformation: [-1.0884f,-0.23f,-0.083f,0.3706f,0.047f,-0.568f,0.959f,3.1301f,-0.24f,0.9321f,0.5639f,-4.6904f,0f,0f,0f,1f],start_interpolation: 0,interpolation_duration: 1}
$data merge entity $(bone_segment11) {transformation: [-1.1689f,-0.2179f,-0.0578f,0.1188f,0.0351f,-0.4775f,1.0899f,2.5783f,-0.2226f,1.0685f,0.4753f,-3.4556f,0f,0f,0f,1f],start_interpolation: 0,interpolation_duration: 1}
$data merge entity $(bone_segment10) {transformation: [-1.0458f,-0.0685f,-0.0168f,0.0321f,0f,-0.2493f,1.0181f,2.2788f,-0.0705f,1.0158f,0.2488f,-2.1698f,0f,0f,0f,1f],start_interpolation: 0,interpolation_duration: 1}
data modify entity @s data merge value {"cameras":{},"locators":{"mouth":{"px":0.06234556482032803,"py":4.518371984200366,"pz":4.996580161730399,"ry":216.65729737210103,"rx":87.29177568328343}}}
function animated_java:gyarados/animations/water_idle/zzz/frames/on_tick/transform_floating_entities