# This file was generated by Animated Java via MC-Build. It is not recommended to edit this file directly.
$data merge entity $(bone_neck_spine5) {transformation: [-1.5685f,-0.0167f,-0.108f,-0.0187f,-0.0635f,1.4034f,0.7059f,3.8472f,0.0889f,0.7086f,-1.4007f,0.1332f,0f,0f,0f,1f],start_interpolation: 0,interpolation_duration: 1}
$data merge entity $(bone_neck_spine2) {transformation: [-1.4938f,-0.0839f,-0.0615f,-0.0981f,-0.0605f,1.4205f,-0.4697f,5.4341f,0.0847f,-0.4661f,-1.4205f,1.8507f,0f,0f,0f,1f],start_interpolation: 0,interpolation_duration: 1}
$data merge entity $(bone_scale_neck_left1) {transformation: [-1.6086f,0.3543f,-0.0025f,0.7353f,0.3542f,1.6081f,0.0407f,4.5998f,0.0112f,0.0392f,-1.6466f,2.0549f,0f,0f,0f,1f],start_interpolation: 0,interpolation_duration: 1}
$data merge entity $(bone_scale_neck_right1) {transformation: [-1.5658f,-0.4761f,-0.1866f,-0.8332f,-0.4827f,1.5745f,0.0332f,4.5363f,0.1687f,0.0863f,-1.6362f,2.1438f,0f,0f,0f,1f],start_interpolation: 0,interpolation_duration: 1}
$data merge entity $(bone_blush_right1) {transformation: [-0.9984f,-0.0421f,-0.0388f,-0.6457f,-0.0442f,0.9975f,0.0556f,4.3897f,0.0364f,0.0573f,-0.9977f,3.4811f,0f,0f,0f,1f],start_interpolation: 0,interpolation_duration: 1}
$data merge entity $(bone_blush_left1) {transformation: [-0.9984f,-0.0421f,-0.0388f,0.6773f,-0.0442f,0.9975f,0.0556f,4.4483f,0.0364f,0.0573f,-0.9977f,3.4328f,0f,0f,0f,1f],start_interpolation: 0,interpolation_duration: 1}
$data merge entity $(bone_left_head_scales) {transformation: [-0.8676f,-0.0421f,-0.4954f,0.6425f,-0.0649f,0.9975f,0.0289f,5.1988f,0.493f,0.0573f,-0.8682f,3.082f,0f,0f,0f,1f],start_interpolation: 0,interpolation_duration: 1}
$data merge entity $(bone_left_head_scales2) {transformation: [-0.7955f,-0.0421f,-0.6045f,0.6869f,-0.0681f,0.9975f,0.0202f,4.2933f,0.6021f,0.0573f,-0.7964f,3.1987f,0f,0f,0f,1f],start_interpolation: 0,interpolation_duration: 1}
$data merge entity $(bone_left_head_scales1) {transformation: [-0.9984f,-0.0421f,-0.0388f,0.6472f,-0.0442f,0.9975f,0.0556f,5.0868f,0.0364f,0.0573f,-0.9977f,3.0756f,0f,0f,0f,1f],start_interpolation: 0,interpolation_duration: 1}
$data merge entity $(bone_right_head_scales) {transformation: [-0.9035f,-0.0421f,0.4265f,-0.7029f,-0.0135f,0.9975f,0.0698f,5.1392f,-0.4284f,0.0573f,-0.9018f,3.1311f,0f,0f,0f,1f],start_interpolation: 0,interpolation_duration: 1}
$data merge entity $(bone_right_head_scales2) {transformation: [-0.8401f,-0.0421f,0.5408f,-0.6586f,-0.0043f,0.9975f,0.071f,4.2337f,-0.5424f,0.0573f,-0.8381f,3.2477f,0f,0f,0f,1f],start_interpolation: 0,interpolation_duration: 1}
$data merge entity $(bone_right_head_scales1) {transformation: [-0.9984f,-0.0421f,-0.0388f,-0.6982f,-0.0442f,0.9975f,0.0556f,5.0272f,0.0364f,0.0573f,-0.9977f,3.1247f,0f,0f,0f,1f],start_interpolation: 0,interpolation_duration: 1}
$data merge entity $(bone_head_left_fin1) {transformation: [-0.4828f,0.0837f,-0.9266f,0.6617f,0.1994f,1.029f,-0.011f,4.6714f,0.9088f,-0.1814f,-0.4898f,2.9675f,0f,0f,0f,1f],start_interpolation: 0,interpolation_duration: 1}
$data merge entity $(bone_head_right_fin1) {transformation: [-0.528f,-0.1872f,0.8859f,-0.6838f,-0.2442f,1.017f,0.0693f,4.6118f,-0.8719f,-0.1715f,-0.5559f,3.0165f,0f,0f,0f,1f],start_interpolation: 0,interpolation_duration: 1}
$data merge entity $(bone_right_whisker16) {transformation: [-0.186f,-0.2973f,0.9365f,-1.0577f,0.9647f,0.1258f,0.2316f,2.853f,-0.1866f,0.9465f,0.2634f,1.5744f,0f,0f,0f,1f],start_interpolation: 0,interpolation_duration: 1}
$data merge entity $(bone_right_whisker15) {transformation: [0.3592f,-0.2566f,0.8973f,-1.1787f,0.1573f,0.9643f,0.2128f,2.8f,-0.9199f,0.0647f,0.3868f,1.8843f,0f,0f,0f,1f],start_interpolation: 0,interpolation_duration: 1}
$data merge entity $(bone_right_whisker14) {transformation: [0.6427f,-0.2745f,0.7153f,-1.3952f,-0.3938f,0.6825f,0.6157f,2.9327f,-0.6572f,-0.6774f,0.3306f,2.1057f,0f,0f,0f,1f],start_interpolation: 0,interpolation_duration: 1}
$data merge entity $(bone_right_whisker13) {transformation: [0.1369f,-0.4309f,0.892f,-1.4413f,-0.0841f,0.8921f,0.4439f,2.961f,-0.987f,-0.1358f,0.0859f,2.4383f,0f,0f,0f,1f],start_interpolation: 0,interpolation_duration: 1}
$data merge entity $(bone_right_whisker12) {transformation: [-0.4712f,-0.3581f,0.8061f,-1.2297f,-0.5868f,0.8095f,0.0167f,3.2246f,-0.6585f,-0.4652f,-0.5916f,2.7341f,0f,0f,0f,1f],start_interpolation: 0,interpolation_duration: 1}
$data merge entity $(bone_right_whisker11) {transformation: [-0.9026f,-0.2476f,0.352f,-0.8242f,-0.3353f,0.9174f,-0.2145f,3.3752f,-0.2698f,-0.3116f,-0.9111f,2.8553f,0f,0f,0f,1f],start_interpolation: 0,interpolation_duration: 1}
$data merge entity $(bone_right_whisker10) {transformation: [-0.4703f,-0.6059f,0.6417f,-0.613f,-0.7125f,0.6897f,0.1291f,3.6953f,-0.5208f,-0.3965f,-0.756f,3.0892f,0f,0f,0f,1f],start_interpolation: 0,interpolation_duration: 1}
$data merge entity $(bone_right_whisker1) {transformation: [0.0825f,-0.6402f,0.7638f,-0.65f,-0.8732f,0.323f,0.365f,4.0875f,-0.4804f,-0.697f,-0.5323f,3.305f,0f,0f,0f,1f],start_interpolation: 0,interpolation_duration: 1}
$data merge entity $(bone_left_whisker16) {transformation: [-0.0861f,0.353f,-0.9316f,1.0836f,-0.9767f,0.1546f,0.1488f,2.9478f,0.1966f,0.9227f,0.3315f,1.4963f,0f,0f,0f,1f],start_interpolation: 0,interpolation_duration: 1}
$data merge entity $(bone_left_whisker15) {transformation: [0.4376f,0.1745f,-0.8821f,1.2311f,-0.122f,0.9834f,0.134f,2.9067f,0.8908f,0.049f,0.4517f,1.7964f,0f,0f,0f,1f],start_interpolation: 0,interpolation_duration: 1}
$data merge entity $(bone_left_whisker14) {transformation: [0.6515f,0.1632f,-0.7409f,1.4506f,0.4511f,0.7019f,0.5512f,3.0587f,0.61f,-0.6933f,0.3837f,2.002f,0f,0f,0f,1f],start_interpolation: 0,interpolation_duration: 1}
$data merge entity $(bone_left_whisker13) {transformation: [0.2003f,0.3394f,-0.9191f,1.518f,0.0991f,0.9262f,0.3637f,3.0921f,0.9747f,-0.1639f,0.1519f,2.3303f,0f,0f,0f,1f],start_interpolation: 0,interpolation_duration: 1}
$data merge entity $(bone_left_whisker12) {transformation: [-0.472f,0.2505f,-0.8453f,1.306f,0.545f,0.8365f,-0.0565f,3.3369f,0.6929f,-0.4874f,-0.5313f,2.6416f,0f,0f,0f,1f],start_interpolation: 0,interpolation_duration: 1}
$data merge entity $(bone_left_whisker11) {transformation: [-0.9067f,0.1424f,-0.397f,0.8987f,0.2552f,0.9346f,-0.2476f,3.4516f,0.3358f,-0.3258f,-0.8838f,2.7925f,0f,0f,0f,1f],start_interpolation: 0,interpolation_duration: 1}
$data merge entity $(bone_left_whisker10) {transformation: [-0.4922f,0.5122f,-0.7038f,0.6776f,0.6699f,0.7392f,0.0695f,3.7525f,0.5559f,-0.4372f,-0.707f,3.0422f,0f,0f,0f,1f],start_interpolation: 0,interpolation_duration: 1}
$data merge entity $(bone_left_whisker1) {transformation: [0.0397f,0.5568f,-0.8297f,0.6954f,0.8786f,0.376f,0.2944f,4.1471f,0.4759f,-0.7407f,-0.4742f,3.256f,0f,0f,0f,1f],start_interpolation: 0,interpolation_duration: 1}
$data merge entity $(bone_upper_left_tooth1) {transformation: [-0.9984f,-0.0453f,-0.035f,0.3494f,-0.0442f,0.9985f,-0.0315f,4.4855f,0.0364f,-0.0299f,-0.9989f,4.2027f,0f,0f,0f,1f],start_interpolation: 0,interpolation_duration: 1}
$data merge entity $(bone_upper_right_tooth1) {transformation: [-0.9984f,-0.0453f,-0.035f,-0.3233f,-0.0442f,0.9985f,-0.0315f,4.4557f,0.0364f,-0.0299f,-0.9989f,4.2272f,0f,0f,0f,1f],start_interpolation: 0,interpolation_duration: 1}
$data merge entity $(bone_top_lip1) {transformation: [-0.9984f,-0.0546f,-0.0174f,0.0354f,-0.0442f,0.9275f,-0.3711f,4.5952f,0.0364f,-0.3697f,-0.9284f,4.2102f,0f,0f,0f,1f],start_interpolation: 0,interpolation_duration: 1}
$data merge entity $(bone_muzzle1) {transformation: [-0.9984f,-0.0453f,-0.035f,0.0081f,-0.0442f,0.9985f,-0.0315f,4.7457f,0.0364f,-0.0299f,-0.9989f,3.6443f,0f,0f,0f,1f],start_interpolation: 0,interpolation_duration: 1}
$data merge entity $(bone_jaw_right_tooth1) {transformation: [-0.9984f,-0.0572f,0.0023f,-0.3245f,-0.0442f,0.7447f,-0.666f,4.4919f,0.0364f,-0.665f,-0.746f,4.2384f,0f,0f,0f,1f],start_interpolation: 0,interpolation_duration: 1}
$data merge entity $(bone_jaw_left_tooth1) {transformation: [-0.9984f,-0.0572f,0.0023f,0.4042f,-0.0442f,0.7447f,-0.666f,4.5242f,0.0364f,-0.665f,-0.746f,4.2119f,0f,0f,0f,1f],start_interpolation: 0,interpolation_duration: 1}
$data merge entity $(bone_tongue1) {transformation: [-0.9984f,-0.0528f,-0.0221f,0.0225f,-0.0442f,0.9563f,-0.2889f,4.2681f,0.0364f,-0.2874f,-0.9571f,3.4585f,0f,0f,0f,1f],start_interpolation: 0,interpolation_duration: 1}
$data merge entity $(bone_jaw_lips1) {transformation: [-0.9984f,-0.0528f,-0.0221f,0.1053f,-0.0442f,0.9563f,-0.2889f,4.4066f,0.0364f,-0.2874f,-0.9571f,4.3534f,0f,0f,0f,1f],start_interpolation: 0,interpolation_duration: 1}
$data merge entity $(bone_jaw3) {transformation: [-0.9984f,-0.0568f,-0.0077f,0.1032f,-0.0442f,0.849f,-0.5265f,3.862f,0.0364f,-0.5253f,-0.8501f,3.6339f,0f,0f,0f,1f],start_interpolation: 0,interpolation_duration: 1}
$data merge entity $(bone_jaw1) {transformation: [-0.9984f,-0.0347f,-0.0456f,0.0622f,-0.0442f,0.9727f,0.228f,4.0669f,0.0364f,0.2297f,-0.9726f,2.7601f,0f,0f,0f,1f],start_interpolation: 0,interpolation_duration: 1}
$data merge entity $(bone_tear_right1) {transformation: [-0.9984f,-0.0421f,-0.0388f,-0.6023f,-0.0442f,0.9975f,0.0556f,4.7786f,0.0364f,0.0573f,-0.9977f,3.6024f,0f,0f,0f,1f],start_interpolation: 0,interpolation_duration: 1}
$data merge entity $(bone_right_pupil1) {transformation: [-0.9984f,-0.0421f,-0.0388f,-0.4194f,-0.0442f,0.9975f,0.0556f,4.8951f,0.0364f,0.0573f,-0.9977f,3.6693f,0f,0f,0f,1f],start_interpolation: 0,interpolation_duration: 1}
$data merge entity $(bone_right_sad_pupil1) {transformation: [-0.9984f,-0.0421f,-0.0388f,-0.4198f,-0.0442f,0.9975f,0.0556f,4.8957f,0.0364f,0.0573f,-0.9977f,3.6581f,0f,0f,0f,1f],start_interpolation: 0,interpolation_duration: 1}
$data merge entity $(bone_right_happy_pupil1) {transformation: [-0.9984f,-0.0421f,-0.0388f,-0.4467f,-0.0442f,0.9975f,0.0556f,4.8665f,0.0364f,0.0573f,-0.9977f,3.6575f,0f,0f,0f,1f],start_interpolation: 0,interpolation_duration: 1}
$data merge entity $(bone_eyelid_right1) {transformation: [-0.9984f,-0.0421f,-0.0388f,-0.0076f,-0.0442f,0.9975f,0.0556f,4.8901f,0.0364f,0.0573f,-0.9977f,3.0789f,0f,0f,0f,1f],start_interpolation: 0,interpolation_duration: 1}
$data merge entity $(bone_eyelid_expressions_right5) {transformation: [-0.9984f,-0.0421f,-0.0388f,-0.5535f,-0.0442f,0.9975f,0.0556f,5.002f,0.0364f,0.0573f,-0.9977f,3.6692f,0f,0f,0f,1f],start_interpolation: 0,interpolation_duration: 1}
$data merge entity $(bone_eyelid_expressions_right7) {transformation: [-0.9984f,-0.0421f,-0.0388f,-0.2171f,-0.0442f,0.9975f,0.0556f,5.0169f,0.0364f,0.0573f,-0.9977f,3.6569f,0f,0f,0f,1f],start_interpolation: 0,interpolation_duration: 1}
$data merge entity $(bone_eyelid_expressions_right6) {transformation: [-0.9984f,-0.0421f,-0.0388f,-0.3293f,-0.0442f,0.9975f,0.0556f,5.0119f,0.0364f,0.0573f,-0.9977f,3.661f,0f,0f,0f,1f],start_interpolation: 0,interpolation_duration: 1}
$data merge entity $(bone_right_eye1) {transformation: [-0.9984f,-0.0421f,-0.0388f,-0.0184f,-0.0442f,0.9975f,0.0556f,4.8889f,0.0364f,0.0573f,-0.9977f,3.0905f,0f,0f,0f,1f],start_interpolation: 0,interpolation_duration: 1}
$data merge entity $(bone_tear_left1) {transformation: [-0.9984f,-0.0421f,-0.0388f,0.6086f,-0.0442f,0.9975f,0.0556f,4.8323f,0.0364f,0.0573f,-0.9977f,3.5582f,0f,0f,0f,1f],start_interpolation: 0,interpolation_duration: 1}
$data merge entity $(bone_left_sad_pupil1) {transformation: [-0.9984f,-0.0421f,-0.0388f,0.4211f,-0.0442f,0.9975f,0.0556f,4.933f,0.0364f,0.0573f,-0.9977f,3.6274f,0f,0f,0f,1f],start_interpolation: 0,interpolation_duration: 1}
$data merge entity $(bone_left_pupil1) {transformation: [-0.9984f,-0.0421f,-0.0388f,0.4215f,-0.0442f,0.9975f,0.0556f,4.9323f,0.0364f,0.0573f,-0.9977f,3.6386f,0f,0f,0f,1f],start_interpolation: 0,interpolation_duration: 1}
$data merge entity $(bone_eyelid_left1) {transformation: [-0.9984f,-0.0421f,-0.0388f,-0.03f,-0.0442f,0.9975f,0.0556f,4.8891f,0.0364f,0.0573f,-0.9977f,3.0797f,0f,0f,0f,1f],start_interpolation: 0,interpolation_duration: 1}
$data merge entity $(bone_left_happy_pupil1) {transformation: [-0.9984f,-0.0421f,-0.0388f,0.4503f,-0.0442f,0.9975f,0.0556f,4.9062f,0.0364f,0.0573f,-0.9977f,3.6248f,0f,0f,0f,1f],start_interpolation: 0,interpolation_duration: 1}
$data merge entity $(bone_eyelid_expressions_left5) {transformation: [-0.9984f,-0.0421f,-0.0388f,0.5453f,-0.0442f,0.9975f,0.0556f,5.0507f,0.0364f,0.0573f,-0.9977f,3.6291f,0f,0f,0f,1f],start_interpolation: 0,interpolation_duration: 1}
$data merge entity $(bone_eyelid_expressions_left7) {transformation: [-0.9984f,-0.0421f,-0.0388f,0.2089f,-0.0442f,0.9975f,0.0556f,5.0358f,0.0364f,0.0573f,-0.9977f,3.6414f,0f,0f,0f,1f],start_interpolation: 0,interpolation_duration: 1}
$data merge entity $(bone_eyelid_expressions_left6) {transformation: [-0.9984f,-0.0421f,-0.0388f,0.321f,-0.0442f,0.9975f,0.0556f,5.0408f,0.0364f,0.0573f,-0.9977f,3.6373f,0f,0f,0f,1f],start_interpolation: 0,interpolation_duration: 1}
$data merge entity $(bone_left_eye1) {transformation: [-0.9984f,-0.0421f,-0.0388f,-0.0184f,-0.0442f,0.9975f,0.0556f,4.8889f,0.0364f,0.0573f,-0.9977f,3.0905f,0f,0f,0f,1f],start_interpolation: 0,interpolation_duration: 1}
$data merge entity $(bone_crest_middle5) {transformation: [-0.9984f,-0.0495f,-0.0288f,-0.0582f,-0.0442f,0.9859f,-0.1616f,6.2446f,0.0364f,-0.16f,-0.9864f,3.6455f,0f,0f,0f,1f],start_interpolation: 0,interpolation_duration: 1}
$data merge entity $(bone_crest_middle4) {transformation: [-0.9984f,-0.0495f,-0.0288f,-0.0249f,-0.0442f,0.9859f,-0.1616f,5.5803f,0.0364f,-0.16f,-0.9864f,3.7533f,0f,0f,0f,1f],start_interpolation: 0,interpolation_duration: 1}
$data merge entity $(bone_crest_middle1) {transformation: [-0.9984f,-0.0495f,-0.0288f,0.0026f,-0.0442f,0.9859f,-0.1616f,5.0957f,0.0364f,-0.16f,-0.9864f,3.9173f,0f,0f,0f,1f],start_interpolation: 0,interpolation_duration: 1}
$data merge entity $(bone_crest_left5) {transformation: [-0.5009f,-0.8623f,0.0743f,-1.1301f,-0.865f,0.5016f,-0.0099f,5.5506f,-0.0287f,-0.0693f,-0.9972f,3.7476f,0f,0f,0f,1f],start_interpolation: 0,interpolation_duration: 1}
$data merge entity $(bone_crest_left4) {transformation: [-0.5009f,-0.8623f,0.0743f,-0.6459f,-0.865f,0.5016f,-0.0099f,5.2689f,-0.0287f,-0.0693f,-0.9972f,3.7865f,0f,0f,0f,1f],start_interpolation: 0,interpolation_duration: 1}
$data merge entity $(bone_crest_left1) {transformation: [-0.5009f,-0.8623f,0.0743f,-0.1091f,-0.865f,0.5016f,-0.0099f,4.9585f,-0.0287f,-0.0693f,-0.9972f,3.7733f,0f,0f,0f,1f],start_interpolation: 0,interpolation_duration: 1}
$data merge entity $(bone_crest_center1) {transformation: [-0.9984f,-0.0421f,-0.0388f,0.0042f,-0.0442f,0.9975f,0.0556f,4.9355f,0.0364f,0.0573f,-0.9977f,3.7676f,0f,0f,0f,1f],start_interpolation: 0,interpolation_duration: 1}
$data merge entity $(bone_crest_right5) {transformation: [-0.5719f,0.8073f,-0.1455f,1.0753f,0.8175f,0.5756f,-0.0197f,5.6483f,0.0679f,-0.1302f,-0.9892f,3.6672f,0f,0f,0f,1f],start_interpolation: 0,interpolation_duration: 1}
$data merge entity $(bone_crest_right4) {transformation: [-0.5719f,0.8073f,-0.1455f,0.622f,0.8175f,0.5756f,-0.0197f,5.3251f,0.0679f,-0.1302f,-0.9892f,3.7403f,0f,0f,0f,1f],start_interpolation: 0,interpolation_duration: 1}
$data merge entity $(bone_crest_right1) {transformation: [-0.5719f,0.8073f,-0.1455f,0.1152f,0.8175f,0.5756f,-0.0197f,4.9684f,0.0679f,-0.1302f,-0.9892f,3.7651f,0f,0f,0f,1f],start_interpolation: 0,interpolation_duration: 1}
$data merge entity $(bone_head1) {transformation: [-1.0465f,-0.0441f,-0.0407f,-0.04f,-0.0464f,1.0455f,0.0583f,4.8673f,0.0382f,0.06f,-1.0458f,2.471f,0f,0f,0f,1f],start_interpolation: 0,interpolation_duration: 1}
$data merge entity $(bone_neck10) {transformation: [-1.4938f,-0.0752f,-0.0719f,-0.0687f,-0.0605f,1.4697f,-0.2803f,4.2267f,0.0847f,-0.2767f,-1.4692f,1.5073f,0f,0f,0f,1f],start_interpolation: 0,interpolation_duration: 1}
$data merge entity $(bone_neck9) {transformation: [-1.1427f,0.0086f,-0.0791f,-0.0802f,-0.0463f,0.8546f,0.7614f,3.281f,0.0648f,0.7628f,-0.8521f,0.6285f,0f,0f,0f,1f],start_interpolation: 0,interpolation_duration: 1}
$data merge entity $(bone_neck8) {transformation: [-1.0606f,0.0241f,-0.0698f,-0.1081f,-0.0429f,0.616f,0.8654f,2.7085f,0.0601f,0.8661f,-0.6136f,-0.2731f,0f,0f,0f,1f],start_interpolation: 0,interpolation_duration: 1}
$data merge entity $(bone_neck7) {transformation: [-1.0538f,-0.0072f,-0.0621f,-0.1009f,-0.0602f,0.3981f,0.9759f,2.3062f,0.0168f,0.9777f,-0.3978f,-1.2612f,0f,0f,0f,1f],start_interpolation: 0,interpolation_duration: 1}
$data merge entity $(bone_neck6) {transformation: [-1.0485f,-0.009f,-0.0491f,-0.0933f,-0.0495f,0.0484f,1.0474f,2.2773f,-0.0068f,1.0485f,-0.0487f,-2.2247f,0f,0f,0f,1f],start_interpolation: 0,interpolation_duration: 1}
$data merge entity $(bone_neck_spine6) {transformation: [-1.2446f,-0.2612f,-0.0517f,0.3449f,0.0541f,-0.4901f,1.1734f,4.243f,-0.2607f,1.1452f,0.4903f,-5.2664f,0f,0f,0f,1f],start_interpolation: 0,interpolation_duration: 1}
$data merge entity $(bone_neck_spine7) {transformation: [-0.9951f,-0.0983f,-0.0103f,1.0414f,-0.0087f,-0.0173f,0.9998f,5.6091f,-0.0984f,0.995f,0.0164f,-8.6151f,0f,0f,0f,1f],start_interpolation: 0,interpolation_duration: 1}
$data merge entity $(bone_tail6) {transformation: [-1.5003f,0.7117f,-0.456f,0.0338f,-0.0478f,0.8561f,1.4934f,4.619f,0.8439f,1.3137f,-0.7261f,-12.275f,0f,0f,0f,1f],start_interpolation: 0,interpolation_duration: 1}
$data merge entity $(bone_tail5) {transformation: [-1.2393f,0.6444f,-0.2689f,0.4408f,-0.0395f,0.4822f,1.3377f,4.9235f,0.6972f,1.1729f,-0.4022f,-11.5342f,0f,0f,0f,1f],start_interpolation: 0,interpolation_duration: 1}
$data merge entity $(bone_tail4) {transformation: [-0.9088f,0.4975f,-0.1589f,0.654f,-0.0054f,0.31f,1.0013f,5.0564f,0.5222f,0.869f,-0.2662f,-11.1618f,0f,0f,0f,1f],start_interpolation: 0,interpolation_duration: 1}
$data merge entity $(bone_segment18) {transformation: [-0.9216f,0.3574f,-0.1516f,0.8547f,-0.0437f,0.2925f,0.9553f,5.2206f,0.3857f,0.887f,-0.254f,-10.6638f,0f,0f,0f,1f],start_interpolation: 0,interpolation_duration: 1}
$data merge entity $(bone_segment17) {transformation: [-0.9711f,0.2211f,-0.0899f,1.0161f,-0.0643f,0.1203f,0.9907f,5.3084f,0.2299f,0.9678f,-0.1026f,-9.9573f,0f,0f,0f,1f],start_interpolation: 0,interpolation_duration: 1}
$data merge entity $(bone_segment16) {transformation: [-0.9962f,0.0703f,-0.0518f,1.0832f,-0.0558f,-0.0564f,0.9968f,5.2546f,0.0672f,0.9959f,0.0601f,-9.0066f,0f,0f,0f,1f],start_interpolation: 0,interpolation_duration: 1}
$data merge entity $(bone_segment15) {transformation: [-0.9951f,-0.0922f,-0.0354f,0.9745f,-0.0087f,-0.2755f,0.9613f,4.9297f,-0.0984f,0.9569f,0.2734f,-7.8783f,0f,0f,0f,1f],start_interpolation: 0,interpolation_duration: 1}
$data merge entity $(bone_segment14) {transformation: [-1.015f,-0.2555f,-0.0555f,0.6871f,0.0693f,-0.4773f,0.9306f,4.3928f,-0.2521f,0.8976f,0.4791f,-6.8685f,0f,0f,0f,1f],start_interpolation: 0,interpolation_duration: 1}
$data merge entity $(bone_segment13) {transformation: [-1.003f,-0.2001f,-0.0776f,0.4482f,0.0436f,-0.5531f,0.8627f,3.703f,-0.2101f,0.8403f,0.5494f,-5.8715f,0f,0f,0f,1f],start_interpolation: 0,interpolation_duration: 1}
$data merge entity $(bone_segment12) {transformation: [-1.0858f,-0.2457f,-0.0724f,0.1514f,0.0594f,-0.5483f,0.9697f,3.0406f,-0.2491f,0.94f,0.5467f,-4.736f,0f,0f,0f,1f],start_interpolation: 0,interpolation_duration: 1}
$data merge entity $(bone_segment11) {transformation: [-1.1751f,-0.1867f,-0.0376f,-0.0644f,0.0326f,-0.4291f,1.1099f,2.5448f,-0.1877f,1.0946f,0.4287f,-3.471f,0f,0f,0f,1f],start_interpolation: 0,interpolation_duration: 1}
$data merge entity $(bone_segment10) {transformation: [-1.0479f,-0.0238f,-0.0049f,-0.0945f,0f,-0.2091f,1.0271f,2.2961f,-0.0243f,1.0268f,0.2091f,-2.1718f,0f,0f,0f,1f],start_interpolation: 0,interpolation_duration: 1}
data modify entity @s data merge value {"cameras":{},"locators":{"mouth":{"px":0.06065183346214001,"py":4.6219074623626035,"pz":4.933893374484061,"ry":216.3162701053711,"rx":85.92391438258272}}}
function animated_java:gyarados/animations/water_idle/zzz/frames/on_tick/transform_floating_entities