# This file was generated by Animated Java via MC-Build. It is not recommended to edit this file directly.
$data merge entity $(bone_neck_spine5) {transformation: [-1.5647f,-0.098f,-0.1193f,-0.22f,-0.1423f,1.3869f,0.7267f,4.0624f,0.0599f,0.734f,-1.3891f,0.1265f,0f,0f,0f,1f],start_interpolation: 0,interpolation_duration: 1}
$data merge entity $(bone_neck_spine2) {transformation: [-1.4902f,-0.1463f,-0.0143f,-0.4067f,-0.1355f,1.4234f,-0.4446f,5.6098f,0.0571f,-0.4412f,-1.4298f,1.8713f,0f,0f,0f,1f],start_interpolation: 0,interpolation_duration: 1}
$data merge entity $(bone_scale_neck_left1) {transformation: [-1.6241f,0.2736f,0.0231f,0.4634f,0.2743f,1.6225f,0.0724f,4.8138f,-0.0108f,0.0752f,-1.6454f,2.0748f,0f,0f,0f,1f],start_interpolation: 0,interpolation_duration: 1}
$data merge entity $(bone_scale_neck_right1) {transformation: [-1.5425f,-0.5548f,-0.1605f,-1.1013f,-0.5623f,1.5472f,0.0557f,4.6715f,0.132f,0.1069f,-1.6383f,2.1347f,0f,0f,0f,1f],start_interpolation: 0,interpolation_duration: 1}
$data merge entity $(bone_blush_right1) {transformation: [-0.9903f,-0.0574f,-0.1267f,-0.8366f,-0.0767f,0.9851f,0.1536f,4.4414f,0.116f,0.1619f,-0.98f,3.4857f,0f,0f,0f,1f],start_interpolation: 0,interpolation_duration: 1}
$data merge entity $(bone_blush_left1) {transformation: [-0.9903f,-0.0574f,-0.1267f,0.4757f,-0.0767f,0.9851f,0.1536f,4.5431f,0.116f,0.1619f,-0.98f,3.332f,0f,0f,0f,1f],start_interpolation: 0,interpolation_duration: 1}
$data merge entity $(bone_left_head_scales) {transformation: [-0.8199f,-0.0574f,-0.5696f,0.3951f,-0.139f,0.9851f,0.1008f,5.3234f,0.5554f,0.1619f,-0.8157f,3.0637f,0f,0f,0f,1f],start_interpolation: 0,interpolation_duration: 1}
$data merge entity $(bone_left_head_scales2) {transformation: [-0.7385f,-0.0574f,-0.6718f,0.468f,-0.151f,0.9851f,0.0818f,4.4125f,0.6571f,0.1619f,-0.7362f,3.0834f,0f,0f,0f,1f],start_interpolation: 0,interpolation_duration: 1}
$data merge entity $(bone_left_head_scales1) {transformation: [-0.9903f,-0.0574f,-0.1267f,0.4016f,-0.0767f,0.9851f,0.1536f,5.2128f,0.116f,0.1619f,-0.98f,3.0455f,0f,0f,0f,1f],start_interpolation: 0,interpolation_duration: 1}
$data merge entity $(bone_right_head_scales) {transformation: [-0.9369f,-0.0574f,0.3449f,-0.9394f,0.0029f,0.9851f,0.1717f,5.22f,-0.3496f,0.1619f,-0.9228f,3.22f,0f,0f,0f,1f],start_interpolation: 0,interpolation_duration: 1}
$data merge entity $(bone_right_head_scales2) {transformation: [-0.8838f,-0.0574f,0.4642f,-0.8665f,0.0253f,0.9851f,0.1699f,4.3091f,-0.4671f,0.1619f,-0.8693f,3.2397f,0f,0f,0f,1f],start_interpolation: 0,interpolation_duration: 1}
$data merge entity $(bone_right_head_scales1) {transformation: [-0.9903f,-0.0574f,-0.1267f,-0.933f,-0.0767f,0.9851f,0.1536f,5.1094f,0.116f,0.1619f,-0.98f,3.2018f,0f,0f,0f,1f],start_interpolation: 0,interpolation_duration: 1}
$data merge entity $(bone_head_left_fin1) {transformation: [-0.4058f,0.0465f,-0.9653f,0.4151f,0.0937f,1.0439f,0.0109f,4.8109f,0.9619f,-0.0821f,-0.4083f,2.8948f,0f,0f,0f,1f],start_interpolation: 0,interpolation_duration: 1}
$data merge entity $(bone_head_right_fin1) {transformation: [-0.5968f,-0.2222f,0.8325f,-0.9195f,-0.1714f,1.0231f,0.1502f,4.7074f,-0.8445f,-0.0506f,-0.6189f,3.0511f,0f,0f,0f,1f],start_interpolation: 0,interpolation_duration: 1}
$data merge entity $(bone_right_whisker16) {transformation: [-0.2213f,-0.2163f,0.9509f,-1.3814f,0.9726f,0.0221f,0.2314f,3.091f,-0.0711f,0.9761f,0.2055f,1.4742f,0f,0f,0f,1f],start_interpolation: 0,interpolation_duration: 1}
$data merge entity $(bone_right_whisker15) {transformation: [0.2745f,-0.2697f,0.923f,-1.4739f,0.2586f,0.9452f,0.1993f,3.0038f,-0.9262f,0.184f,0.3292f,1.7862f,0f,0f,0f,1f],start_interpolation: 0,interpolation_duration: 1}
$data merge entity $(bone_right_whisker14) {transformation: [0.591f,-0.3463f,0.7286f,-1.673f,-0.3074f,0.7383f,0.6003f,3.1074f,-0.7458f,-0.5787f,0.3299f,2.0375f,0f,0f,0f,1f],start_interpolation: 0,interpolation_duration: 1}
$data merge entity $(bone_right_whisker13) {transformation: [0.0521f,-0.4593f,0.8868f,-1.6905f,0.0187f,0.8883f,0.459f,3.1011f,-0.9985f,-0.0074f,0.0549f,2.3739f,0f,0f,0f,1f],start_interpolation: 0,interpolation_duration: 1}
$data merge entity $(bone_right_whisker12) {transformation: [-0.5146f,-0.4138f,0.751f,-1.4594f,-0.5318f,0.8411f,0.099f,3.34f,-0.6727f,-0.3484f,-0.6528f,2.6761f,0f,0f,0f,1f],start_interpolation: 0,interpolation_duration: 1}
$data merge entity $(bone_right_whisker11) {transformation: [-0.9156f,-0.2926f,0.2757f,-1.0481f,-0.333f,0.9362f,-0.1122f,3.4896f,-0.2253f,-0.1946f,-0.9547f,2.7773f,0f,0f,0f,1f],start_interpolation: 0,interpolation_duration: 1}
$data merge entity $(bone_right_whisker10) {transformation: [-0.4991f,-0.6521f,0.5706f,-0.8239f,-0.6705f,0.7078f,0.2225f,3.7907f,-0.549f,-0.2715f,-0.7905f,3.0239f,0f,0f,0f,1f],start_interpolation: 0,interpolation_duration: 1}
$data merge entity $(bone_right_whisker1) {transformation: [0.0582f,-0.7049f,0.7069f,-0.85f,-0.8182f,0.3721f,0.4384f,4.1583f,-0.572f,-0.6039f,-0.5551f,3.2809f,0f,0f,0f,1f],start_interpolation: 0,interpolation_duration: 1}
$data merge entity $(bone_left_whisker16) {transformation: [-0.0486f,0.4288f,-0.9021f,0.7426f,-0.9935f,0.0721f,0.0878f,3.2556f,0.1027f,0.9005f,0.4225f,1.2255f,0f,0f,0f,1f],start_interpolation: 0,interpolation_duration: 1}
$data merge entity $(bone_left_whisker15) {transformation: [0.5159f,0.1579f,-0.842f,0.9164f,-0.1974f,0.9783f,0.0626f,3.1891f,0.8336f,0.1339f,0.5359f,1.5063f,0f,0f,0f,1f],start_interpolation: 0,interpolation_duration: 1}
$data merge entity $(bone_left_whisker14) {transformation: [0.6927f,0.0878f,-0.7159f,1.1498f,0.4069f,0.772f,0.4884f,3.3261f,0.5955f,-0.6296f,0.499f,1.707f,0f,0f,0f,1f],start_interpolation: 0,interpolation_duration: 1}
$data merge entity $(bone_left_whisker13) {transformation: [0.2823f,0.3048f,-0.9096f,1.2449f,0.0072f,0.9475f,0.3198f,3.3286f,0.9593f,-0.0968f,0.2653f,2.0302f,0f,0f,0f,1f],start_interpolation: 0,interpolation_duration: 1}
$data merge entity $(bone_left_whisker12) {transformation: [-0.421f,0.1899f,-0.887f,1.0558f,0.4593f,0.8879f,-0.0279f,3.5349f,0.7822f,-0.4191f,-0.461f,2.3815f,0f,0f,0f,1f],start_interpolation: 0,interpolation_duration: 1}
$data merge entity $(bone_left_whisker11) {transformation: [-0.8791f,0.0943f,-0.4673f,0.6609f,0.1939f,0.9662f,-0.1698f,3.622f,0.4355f,-0.2399f,-0.8677f,2.5771f,0f,0f,0f,1f],start_interpolation: 0,interpolation_duration: 1}
$data merge entity $(bone_left_whisker10) {transformation: [-0.4556f,0.457f,-0.7639f,0.4562f,0.5965f,0.7938f,0.1191f,3.8899f,0.6608f,-0.4014f,-0.6342f,2.874f,0f,0f,0f,1f],start_interpolation: 0,interpolation_duration: 1}
$data merge entity $(bone_left_whisker1) {transformation: [0.063f,0.4824f,-0.8737f,0.4846f,0.8276f,0.4641f,0.3159f,4.2617f,0.5578f,-0.7429f,-0.37f,3.1246f,0f,0f,0f,1f],start_interpolation: 0,interpolation_duration: 1}
$data merge entity $(bone_upper_left_tooth1) {transformation: [-0.9903f,-0.0682f,-0.1212f,0.2153f,-0.0767f,0.9948f,0.0672f,4.4937f,0.116f,0.0758f,-0.9904f,4.1267f,0f,0f,0f,1f],start_interpolation: 0,interpolation_duration: 1}
$data merge entity $(bone_upper_right_tooth1) {transformation: [-0.9903f,-0.0682f,-0.1212f,-0.4519f,-0.0767f,0.9948f,0.0672f,4.442f,0.116f,0.0758f,-0.9904f,4.2048f,0f,0f,0f,1f],start_interpolation: 0,interpolation_duration: 1}
$data merge entity $(bone_top_lip1) {transformation: [-0.9903f,-0.1055f,-0.0905f,-0.0989f,-0.0767f,0.9578f,-0.2771f,4.5929f,0.116f,-0.2675f,-0.9566f,4.1718f,0f,0f,0f,1f],start_interpolation: 0,interpolation_duration: 1}
$data merge entity $(bone_muzzle1) {transformation: [-0.9903f,-0.0682f,-0.1212f,-0.1785f,-0.0767f,0.9948f,0.0672f,4.7982f,0.116f,0.0758f,-0.9904f,3.6285f,0f,0f,0f,1f],start_interpolation: 0,interpolation_duration: 1}
$data merge entity $(bone_jaw_right_tooth1) {transformation: [-0.9903f,-0.1301f,-0.049f,-0.4529f,-0.0767f,0.8052f,-0.588f,4.4769f,0.116f,-0.5785f,-0.8074f,4.2197f,0f,0f,0f,1f],start_interpolation: 0,interpolation_duration: 1}
$data merge entity $(bone_jaw_left_tooth1) {transformation: [-0.9903f,-0.1301f,-0.049f,0.27f,-0.0767f,0.8052f,-0.588f,4.5329f,0.116f,-0.5785f,-0.8074f,4.1351f,0f,0f,0f,1f],start_interpolation: 0,interpolation_duration: 1}
$data merge entity $(bone_tongue1) {transformation: [-0.9903f,-0.0972f,-0.0994f,-0.1705f,-0.0767f,0.9783f,-0.1926f,4.3422f,0.116f,-0.1831f,-0.9762f,3.3945f,0f,0f,0f,1f],start_interpolation: 0,interpolation_duration: 1}
$data merge entity $(bone_jaw_lips1) {transformation: [-0.9903f,-0.0972f,-0.0994f,-0.013f,-0.0767f,0.9783f,-0.1926f,4.3932f,0.116f,-0.1831f,-0.9762f,4.2887f,0f,0f,0f,1f],start_interpolation: 0,interpolation_duration: 1}
$data merge entity $(bone_jaw3) {transformation: [-0.9903f,-0.1197f,-0.0708f,-0.0666f,-0.0767f,0.8951f,-0.4392f,3.9232f,0.116f,-0.4295f,-0.8956f,3.5202f,0f,0f,0f,1f],start_interpolation: 0,interpolation_duration: 1}
$data merge entity $(bone_jaw1) {transformation: [-0.9903f,-0.0345f,-0.1347f,-0.1876f,-0.0767f,0.9435f,0.3224f,4.2128f,0.116f,0.3296f,-0.937f,2.6784f,0f,0f,0f,1f],start_interpolation: 0,interpolation_duration: 1}
$data merge entity $(bone_tear_right1) {transformation: [-0.9903f,-0.0574f,-0.1267f,-0.7908f,-0.0767f,0.9851f,0.1536f,4.8174f,0.116f,0.1619f,-0.98f,3.6419f,0f,0f,0f,1f],start_interpolation: 0,interpolation_duration: 1}
$data merge entity $(bone_right_pupil1) {transformation: [-0.9903f,-0.0574f,-0.1267f,-0.6052f,-0.0767f,0.9851f,0.1536f,4.9319f,0.116f,0.1619f,-0.98f,3.7046f,0f,0f,0f,1f],start_interpolation: 0,interpolation_duration: 1}
$data merge entity $(bone_right_sad_pupil1) {transformation: [-0.9903f,-0.0574f,-0.1267f,-0.6066f,-0.0767f,0.9851f,0.1536f,4.9336f,0.116f,0.1619f,-0.98f,3.6936f,0f,0f,0f,1f],start_interpolation: 0,interpolation_duration: 1}
$data merge entity $(bone_right_happy_pupil1) {transformation: [-0.9903f,-0.0574f,-0.1267f,-0.6328f,-0.0767f,0.9851f,0.1536f,4.9038f,0.116f,0.1619f,-0.98f,3.6923f,0f,0f,0f,1f],start_interpolation: 0,interpolation_duration: 1}
$data merge entity $(bone_eyelid_right1) {transformation: [-0.9903f,-0.0574f,-0.1267f,-0.2463f,-0.0767f,0.9851f,0.1536f,4.9977f,0.116f,0.1619f,-0.98f,3.0841f,0f,0f,0f,1f],start_interpolation: 0,interpolation_duration: 1}
$data merge entity $(bone_eyelid_expressions_right5) {transformation: [-0.9903f,-0.0574f,-0.1267f,-0.7409f,-0.0767f,0.9851f,0.1536f,5.0343f,0.116f,0.1619f,-0.98f,3.7268f,0f,0f,0f,1f],start_interpolation: 0,interpolation_duration: 1}
$data merge entity $(bone_eyelid_expressions_right7) {transformation: [-0.9903f,-0.0574f,-0.1267f,-0.4073f,-0.0767f,0.9851f,0.1536f,5.0602f,0.116f,0.1619f,-0.98f,3.6877f,0f,0f,0f,1f],start_interpolation: 0,interpolation_duration: 1}
$data merge entity $(bone_eyelid_expressions_right6) {transformation: [-0.9903f,-0.0574f,-0.1267f,-0.5185f,-0.0767f,0.9851f,0.1536f,5.0516f,0.116f,0.1619f,-0.98f,3.7007f,0f,0f,0f,1f],start_interpolation: 0,interpolation_duration: 1}
$data merge entity $(bone_right_eye1) {transformation: [-0.9903f,-0.0574f,-0.1267f,-0.256f,-0.0767f,0.9851f,0.1536f,4.9951f,0.116f,0.1619f,-0.98f,3.0964f,0f,0f,0f,1f],start_interpolation: 0,interpolation_duration: 1}
$data merge entity $(bone_tear_left1) {transformation: [-0.9903f,-0.0574f,-0.1267f,0.4103f,-0.0767f,0.9851f,0.1536f,4.9104f,0.116f,0.1619f,-0.98f,3.5012f,0f,0f,0f,1f],start_interpolation: 0,interpolation_duration: 1}
$data merge entity $(bone_left_sad_pupil1) {transformation: [-0.9903f,-0.0574f,-0.1267f,0.2275f,-0.0767f,0.9851f,0.1536f,4.9982f,0.116f,0.1619f,-0.98f,3.5959f,0f,0f,0f,1f],start_interpolation: 0,interpolation_duration: 1}
$data merge entity $(bone_left_pupil1) {transformation: [-0.9903f,-0.0574f,-0.1267f,0.2289f,-0.0767f,0.9851f,0.1536f,4.9965f,0.116f,0.1619f,-0.98f,3.6069f,0f,0f,0f,1f],start_interpolation: 0,interpolation_duration: 1}
$data merge entity $(bone_eyelid_left1) {transformation: [-0.9903f,-0.0574f,-0.1267f,-0.2686f,-0.0767f,0.9851f,0.1536f,4.996f,0.116f,0.1619f,-0.98f,3.0867f,0f,0f,0f,1f],start_interpolation: 0,interpolation_duration: 1}
$data merge entity $(bone_left_happy_pupil1) {transformation: [-0.9903f,-0.0574f,-0.1267f,0.2569f,-0.0767f,0.9851f,0.1536f,4.9727f,0.116f,0.1619f,-0.98f,3.5881f,0f,0f,0f,1f],start_interpolation: 0,interpolation_duration: 1}
$data merge entity $(bone_eyelid_expressions_left5) {transformation: [-0.9903f,-0.0574f,-0.1267f,0.349f,-0.0767f,0.9851f,0.1536f,5.1188f,0.116f,0.1619f,-0.98f,3.5991f,0f,0f,0f,1f],start_interpolation: 0,interpolation_duration: 1}
$data merge entity $(bone_eyelid_expressions_left7) {transformation: [-0.9903f,-0.0574f,-0.1267f,0.0153f,-0.0767f,0.9851f,0.1536f,5.0929f,0.116f,0.1619f,-0.98f,3.6382f,0f,0f,0f,1f],start_interpolation: 0,interpolation_duration: 1}
$data merge entity $(bone_eyelid_expressions_left6) {transformation: [-0.9903f,-0.0574f,-0.1267f,0.1265f,-0.0767f,0.9851f,0.1536f,5.1015f,0.116f,0.1619f,-0.98f,3.6252f,0f,0f,0f,1f],start_interpolation: 0,interpolation_duration: 1}
$data merge entity $(bone_left_eye1) {transformation: [-0.9903f,-0.0574f,-0.1267f,-0.256f,-0.0767f,0.9851f,0.1536f,4.9951f,0.116f,0.1619f,-0.98f,3.0964f,0f,0f,0f,1f],start_interpolation: 0,interpolation_duration: 1}
$data merge entity $(bone_crest_middle5) {transformation: [-0.9903f,-0.0834f,-0.1112f,-0.2751f,-0.0767f,0.995f,-0.0632f,6.287f,0.116f,-0.0541f,-0.9918f,3.7879f,0f,0f,0f,1f],start_interpolation: 0,interpolation_duration: 1}
$data merge entity $(bone_crest_middle4) {transformation: [-0.9903f,-0.0834f,-0.1112f,-0.2189f,-0.0767f,0.995f,-0.0632f,5.6165f,0.116f,-0.0541f,-0.9918f,3.8243f,0f,0f,0f,1f],start_interpolation: 0,interpolation_duration: 1}
$data merge entity $(bone_crest_middle1) {transformation: [-0.9903f,-0.0834f,-0.1112f,-0.1674f,-0.0767f,0.995f,-0.0632f,5.119f,0.116f,-0.0541f,-0.9918f,3.9352f,0f,0f,0f,1f],start_interpolation: 0,interpolation_duration: 1}
$data merge entity $(bone_crest_left5) {transformation: [-0.4837f,-0.8752f,-0.0125f,-1.3196f,-0.8721f,0.4807f,0.0917f,5.5553f,-0.0742f,0.0553f,-0.9957f,3.909f,0f,0f,0f,1f],start_interpolation: 0,interpolation_duration: 1}
$data merge entity $(bone_crest_left4) {transformation: [-0.4837f,-0.8752f,-0.0125f,-0.8282f,-0.8721f,0.4807f,0.0917f,5.2854f,-0.0742f,0.0553f,-0.9957f,3.878f,0f,0f,0f,1f],start_interpolation: 0,interpolation_duration: 1}
$data merge entity $(bone_crest_left1) {transformation: [-0.4837f,-0.8752f,-0.0125f,-0.2883f,-0.8721f,0.4807f,0.0917f,4.9936f,-0.0742f,0.0553f,-0.9957f,3.7879f,0f,0f,0f,1f],start_interpolation: 0,interpolation_duration: 1}
$data merge entity $(bone_crest_center1) {transformation: [-0.9903f,-0.0574f,-0.1267f,-0.1755f,-0.0767f,0.9851f,0.1536f,4.9746f,0.116f,0.1619f,-0.98f,3.7704f,0f,0f,0f,1f],start_interpolation: 0,interpolation_duration: 1}
$data merge entity $(bone_crest_right5) {transformation: [-0.5805f,0.7809f,-0.2306f,0.8679f,0.7896f,0.609f,0.0748f,5.7248f,0.1988f,-0.1387f,-0.9702f,3.6529f,0f,0f,0f,1f],start_interpolation: 0,interpolation_duration: 1}
$data merge entity $(bone_crest_right4) {transformation: [-0.5805f,0.7809f,-0.2306f,0.4294f,0.7896f,0.609f,0.0748f,5.3828f,0.1988f,-0.1387f,-0.9702f,3.7307f,0f,0f,0f,1f],start_interpolation: 0,interpolation_duration: 1}
$data merge entity $(bone_crest_right1) {transformation: [-0.5805f,0.7809f,-0.2306f,-0.0659f,0.7896f,0.609f,0.0748f,5.0109f,0.1988f,-0.1387f,-0.9702f,3.7619f,0f,0f,0f,1f],start_interpolation: 0,interpolation_duration: 1}
$data merge entity $(bone_head1) {transformation: [-1.038f,-0.0601f,-0.1328f,-0.331f,-0.0804f,1.0326f,0.161f,5.0347f,0.1216f,0.1697f,-1.0272f,2.482f,0f,0f,0f,1f],start_interpolation: 0,interpolation_duration: 1}
$data merge entity $(bone_neck10) {transformation: [-1.4902f,-0.1432f,-0.0333f,-0.3118f,-0.1355f,1.4693f,-0.255f,4.4122f,0.0571f,-0.2508f,-1.4751f,1.5062f,0f,0f,0f,1f],start_interpolation: 0,interpolation_duration: 1}
$data merge entity $(bone_neck9) {transformation: [-1.14f,-0.0465f,-0.1024f,-0.2617f,-0.1037f,0.839f,0.773f,3.4843f,0.0437f,0.7785f,-0.8392f,0.61f,0f,0f,0f,1f],start_interpolation: 0,interpolation_duration: 1}
$data merge entity $(bone_neck8) {transformation: [-1.058f,-0.024f,-0.1016f,-0.243f,-0.0962f,0.6254f,0.8543f,2.9018f,0.0405f,0.8594f,-0.6246f,-0.2854f,0f,0f,0f,1f],start_interpolation: 0,interpolation_duration: 1}
$data merge entity $(bone_neck7) {transformation: [-1.0506f,0.004f,-0.1036f,-0.2471f,-0.0923f,0.4445f,0.953f,2.4525f,0.0472f,0.9575f,-0.442f,-1.2531f,0f,0f,0f,1f],start_interpolation: 0,interpolation_duration: 1}
$data merge entity $(bone_neck6) {transformation: [-1.0332f,0.1229f,-0.1387f,-0.362f,-0.1254f,0.115f,1.0358f,2.3624f,0.1364f,1.0361f,-0.0985f,-2.2059f,0f,0f,0f,1f],start_interpolation: 0,interpolation_duration: 1}
$data merge entity $(bone_neck_spine6) {transformation: [-1.235f,-0.3072f,-0.0174f,-0.3152f,0.0913f,-0.4343f,1.1929f,3.8786f,-0.2938f,1.1563f,0.4435f,-5.4548f,0f,0f,0f,1f],start_interpolation: 0,interpolation_duration: 1}
$data merge entity $(bone_neck_spine7) {transformation: [-0.9599f,-0.2768f,0.0448f,0.7097f,0.0904f,-0.1542f,0.9839f,5.3247f,-0.2655f,0.9485f,0.173f,-8.5817f,0f,0f,0f,1f],start_interpolation: 0,interpolation_duration: 1}
$data merge entity $(bone_tail6) {transformation: [-1.6519f,0.4425f,-0.202f,0.4604f,0.0278f,0.7998f,1.5247f,4.6699f,0.4857f,1.4594f,-0.7744f,-12.4329f,0f,0f,0f,1f],start_interpolation: 0,interpolation_duration: 1}
$data merge entity $(bone_tail5) {transformation: [-1.3646f,0.389f,-0.1009f,0.7061f,0.023f,0.432f,1.3552f,4.9427f,0.4012f,1.2983f,-0.4207f,-11.6129f,0f,0f,0f,1f],start_interpolation: 0,interpolation_duration: 1}
$data merge entity $(bone_tail4) {transformation: [-1.0019f,0.3052f,-0.0421f,0.8368f,0.0403f,0.2717f,1.0116f,5.0592f,0.3054f,0.9653f,-0.2714f,-11.1992f,0f,0f,0f,1f],start_interpolation: 0,interpolation_duration: 1}
$data merge entity $(bone_segment18) {transformation: [-0.9857f,0.1639f,-0.0402f,0.9289f,0.0043f,0.262f,0.9651f,5.2063f,0.1687f,0.951f,-0.2589f,-10.6651f,0f,0f,0f,1f],start_interpolation: 0,interpolation_duration: 1}
$data merge entity $(bone_segment17) {transformation: [-0.9999f,0.0127f,-0.0004f,0.9382f,0f,0.0273f,0.9996f,5.2262f,0.0127f,0.9995f,-0.0273f,-9.9355f,0f,0f,0f,1f],start_interpolation: 0,interpolation_duration: 1}
$data merge entity $(bone_segment16) {transformation: [-0.9896f,-0.1439f,0.0026f,0.8007f,0.0327f,-0.2066f,0.9779f,5.029f,-0.1402f,0.9678f,0.2092f,-9.0117f,0f,0f,0f,1f],start_interpolation: 0,interpolation_duration: 1}
$data merge entity $(bone_segment15) {transformation: [-0.9599f,-0.279f,-0.0284f,0.4718f,0.0904f,-0.4036f,0.9105f,4.5531f,-0.2655f,0.8714f,0.4126f,-7.9842f,0f,0f,0f,1f],start_interpolation: 0,interpolation_duration: 1}
$data merge entity $(bone_segment14) {transformation: [-0.9833f,-0.3568f,-0.0671f,0.0703f,0.1329f,-0.5342f,0.892f,3.9521f,-0.3379f,0.8283f,0.5463f,-7.0524f,0f,0f,0f,1f],start_interpolation: 0,interpolation_duration: 1}
$data merge entity $(bone_segment13) {transformation: [-0.9953f,-0.2414f,-0.0568f,-0.2188f,0.0736f,-0.5116f,0.8859f,3.3117f,-0.2368f,0.8556f,0.5138f,-6.036f,0f,0f,0f,1f],start_interpolation: 0,interpolation_duration: 1}
$data merge entity $(bone_segment12) {transformation: [-1.1008f,-0.1789f,-0.0252f,-0.4349f,0.0454f,-0.4242f,1.0307f,2.7992f,-0.1748f,1.0161f,0.4259f,-4.8084f,0f,0f,0f,1f],start_interpolation: 0,interpolation_duration: 1}
$data merge entity $(bone_segment11) {transformation: [-1.19f,-0.0322f,0.0067f,-0.4721f,0.0135f,-0.2592f,1.1618f,2.4996f,-0.03f,1.1614f,0.2594f,-3.4662f,0f,0f,0f,1f],start_interpolation: 0,interpolation_duration: 1}
$data merge entity $(bone_segment10) {transformation: [-1.0442f,0.0908f,0.0092f,-0.3574f,0f,-0.1058f,1.0428f,2.3817f,0.0913f,1.0389f,0.1054f,-2.1534f,0f,0f,0f,1f],start_interpolation: 0,interpolation_duration: 1}
data modify entity @s data merge value {"cameras":{},"locators":{"mouth":{"px":-0.011371891634229858,"py":4.54814561405928,"pz":4.8897274755753495,"ry":199.5196609896053,"rx":80.11101608128611}}}
function animated_java:gyarados/animations/water_idle/zzz/frames/on_tick/transform_floating_entities