# This file was generated by Animated Java via MC-Build. It is not recommended to edit this file directly.
$data merge entity $(bone_neck_spine5) {transformation: [-1.5644f,-0.1227f,-0.0986f,-0.2598f,-0.1556f,1.3539f,0.7841f,4.1403f,0.0237f,0.7899f,-1.3593f,0.1784f,0f,0f,0f,1f],start_interpolation: 0,interpolation_duration: 1}
$data merge entity $(bone_neck_spine2) {transformation: [-1.4899f,-0.149f,0.0163f,-0.4918f,-0.1482f,1.4398f,-0.3838f,5.6112f,0.0225f,-0.3834f,-1.4473f,1.9831f,0f,0f,0f,1f],start_interpolation: 0,interpolation_duration: 1}
$data merge entity $(bone_scale_neck_left1) {transformation: [-1.6257f,0.2594f,0.0538f,0.3805f,0.2632f,1.6197f,0.1421f,4.8133f,-0.0305f,0.1489f,-1.6401f,2.1695f,0f,0f,0f,1f],start_interpolation: 0,interpolation_duration: 1}
$data merge entity $(bone_scale_neck_right1) {transformation: [-1.5403f,-0.5688f,-0.1298f,-1.1838f,-0.5781f,1.5374f,0.1239f,4.6576f,0.0784f,0.1614f,-1.6373f,2.1932f,0f,0f,0f,1f],start_interpolation: 0,interpolation_duration: 1}
$data merge entity $(bone_blush_right1) {transformation: [-0.9865f,-0.0454f,-0.1571f,-0.9002f,-0.0817f,0.969f,0.2331f,4.3406f,0.1417f,0.2428f,-0.9597f,3.5387f,0f,0f,0f,1f],start_interpolation: 0,interpolation_duration: 1}
$data merge entity $(bone_blush_left1) {transformation: [-0.9865f,-0.0454f,-0.1571f,0.4071f,-0.0817f,0.969f,0.2331f,4.449f,0.1417f,0.2428f,-0.9597f,3.351f,0f,0f,0f,1f],start_interpolation: 0,interpolation_duration: 1}
$data merge entity $(bone_left_head_scales) {transformation: [-0.8025f,-0.0454f,-0.5949f,0.3233f,-0.1801f,0.969f,0.169f,5.2488f,0.5688f,0.2428f,-0.7858f,3.1494f,0f,0f,0f,1f],start_interpolation: 0,interpolation_duration: 1}
$data merge entity $(bone_left_head_scales2) {transformation: [-0.718f,-0.0454f,-0.6946f,0.3906f,-0.2006f,0.969f,0.144f,4.339f,0.6665f,0.2428f,-0.7049f,3.093f,0f,0f,0f,1f],start_interpolation: 0,interpolation_duration: 1}
$data merge entity $(bone_left_head_scales1) {transformation: [-0.9865f,-0.0454f,-0.1571f,0.3284f,-0.0817f,0.969f,0.2331f,5.14f,0.1417f,0.2428f,-0.9597f,3.1221f,0f,0f,0f,1f],start_interpolation: 0,interpolation_duration: 1}
$data merge entity $(bone_right_head_scales) {transformation: [-0.9476f,-0.0454f,0.3162f,-1.0062f,0.0351f,0.969f,0.2445f,5.1387f,-0.3175f,0.2428f,-0.9167f,3.3403f,0f,0f,0f,1f],start_interpolation: 0,interpolation_duration: 1}
$data merge entity $(bone_right_head_scales2) {transformation: [-0.8982f,-0.0454f,0.4371f,-0.9389f,0.0667f,0.969f,0.2378f,4.2288f,-0.4344f,0.2428f,-0.8674f,3.2839f,0f,0f,0f,1f],start_interpolation: 0,interpolation_duration: 1}
$data merge entity $(bone_right_head_scales1) {transformation: [-0.9865f,-0.0454f,-0.1571f,-1.0011f,-0.0817f,0.969f,0.2331f,5.0299f,0.1417f,0.2428f,-0.9597f,3.3131f,0f,0f,0f,1f],start_interpolation: 0,interpolation_duration: 1}
$data merge entity $(bone_head_left_fin1) {transformation: [-0.374f,0.0509f,-0.9779f,0.3343f,0.0172f,1.0469f,0.0479f,4.7515f,0.979f,0.0011f,-0.3744f,2.9391f,0f,0f,0f,1f],start_interpolation: 0,interpolation_duration: 1}
$data merge entity $(bone_head_right_fin1) {transformation: [-0.6249f,-0.2167f,0.8132f,-0.9952f,-0.0999f,1.0248f,0.1963f,4.6414f,-0.8356f,0.0395f,-0.6316f,3.13f,0f,0f,0f,1f],start_interpolation: 0,interpolation_duration: 1}
$data merge entity $(bone_right_whisker16) {transformation: [-0.2168f,-0.1846f,0.9586f,-1.5187f,0.9761f,-0.0561f,0.21f,3.1599f,0.0151f,0.9812f,0.1924f,1.4435f,0f,0f,0f,1f],start_interpolation: 0,interpolation_duration: 1}
$data merge entity $(bone_right_whisker15) {transformation: [0.2463f,-0.2572f,0.9344f,-1.6016f,0.3316f,0.9283f,0.1681f,3.0482f,-0.9107f,0.2685f,0.3139f,1.7503f,0f,0f,0f,1f],start_interpolation: 0,interpolation_duration: 1}
$data merge entity $(bone_right_whisker14) {transformation: [0.5645f,-0.3597f,0.7429f,-1.7918f,-0.2484f,0.7842f,0.5686f,3.1319f,-0.7871f,-0.5055f,0.3534f,2.0155f,0f,0f,0f,1f],start_interpolation: 0,interpolation_duration: 1}
$data merge entity $(bone_right_whisker13) {transformation: [0.0201f,-0.4532f,0.8912f,-1.7986f,0.0993f,0.8878f,0.4493f,3.0984f,-0.9949f,0.0795f,0.0628f,2.3507f,0f,0f,0f,1f],start_interpolation: 0,interpolation_duration: 1}
$data merge entity $(bone_right_whisker12) {transformation: [-0.5396f,-0.419f,0.7303f,-1.5562f,-0.4734f,0.8683f,0.1485f,3.3111f,-0.6963f,-0.2656f,-0.6668f,2.6635f,0f,0f,0f,1f],start_interpolation: 0,interpolation_duration: 1}
$data merge entity $(bone_right_whisker11) {transformation: [-0.9247f,-0.2923f,0.244f,-1.1408f,-0.3098f,0.9501f,-0.0357f,3.4502f,-0.2214f,-0.1086f,-0.9691f,2.763f,0f,0f,0f,1f],start_interpolation: 0,interpolation_duration: 1}
$data merge entity $(bone_right_whisker10) {transformation: [-0.5211f,-0.6557f,0.5464f,-0.9068f,-0.6217f,0.7302f,0.2834f,3.7295f,-0.5848f,-0.192f,-0.7881f,3.0257f,0f,0f,0f,1f],start_interpolation: 0,interpolation_duration: 1}
$data merge entity $(bone_right_whisker1) {transformation: [0.0342f,-0.7214f,0.6916f,-0.9221f,-0.7694f,0.4227f,0.4789f,4.0751f,-0.6379f,-0.5485f,-0.5406f,3.3122f,0f,0f,0f,1f],start_interpolation: 0,interpolation_duration: 1}
$data merge entity $(bone_left_whisker16) {transformation: [-0.052f,0.4581f,-0.8874f,0.5973f,-0.9984f,-0.0029f,0.057f,3.3352f,0.0236f,0.8889f,0.4575f,1.1397f,0f,0f,0f,1f],start_interpolation: 0,interpolation_duration: 1}
$data merge entity $(bone_left_whisker15) {transformation: [0.5411f,0.1688f,-0.8238f,0.7796f,-0.2664f,0.9636f,0.0225f,3.2455f,0.7976f,0.2073f,0.5664f,1.4084f,0f,0f,0f,1f],start_interpolation: 0,interpolation_duration: 1}
$data merge entity $(bone_left_whisker14) {transformation: [0.7143f,0.0727f,-0.6961f,1.0202f,0.3544f,0.8201f,0.4493f,3.3649f,0.6035f,-0.5676f,0.56f,1.6117f,0f,0f,0f,1f],start_interpolation: 0,interpolation_duration: 1}
$data merge entity $(bone_left_whisker13) {transformation: [0.3131f,0.308f,-0.8984f,1.1257f,-0.0717f,0.9509f,0.301f,3.3407f,0.947f,-0.0298f,0.3198f,1.9308f,0f,0f,0f,1f],start_interpolation: 0,interpolation_duration: 1}
$data merge entity $(bone_left_whisker12) {transformation: [-0.3924f,0.1823f,-0.9015f,0.9494f,0.3962f,0.9181f,0.0133f,3.5187f,0.8301f,-0.3519f,-0.4325f,2.3037f,0f,0f,0f,1f],start_interpolation: 0,interpolation_duration: 1}
$data merge entity $(bone_left_whisker11) {transformation: [-0.8633f,0.0931f,-0.4961f,0.5617f,0.1616f,0.9821f,-0.097f,3.5913f,0.4782f,-0.1639f,-0.8628f,2.5185f,0f,0f,0f,1f],start_interpolation: 0,interpolation_duration: 1}
$data merge entity $(bone_left_whisker10) {transformation: [-0.43f,0.4492f,-0.7832f,0.3685f,0.5429f,0.8217f,0.1732f,3.8352f,0.7214f,-0.3507f,-0.5972f,2.8425f,0f,0f,0f,1f],start_interpolation: 0,interpolation_duration: 1}
$data merge entity $(bone_left_whisker1) {transformation: [0.0866f,0.4613f,-0.883f,0.4074f,0.7794f,0.5207f,0.3485f,4.1853f,0.6205f,-0.7184f,-0.3145f,3.1213f,0f,0f,0f,1f],start_interpolation: 0,interpolation_duration: 1}
$data merge entity $(bone_upper_left_tooth1) {transformation: [-0.9865f,-0.0589f,-0.1526f,0.1722f,-0.0817f,0.9856f,0.1477f,4.3365f,0.1417f,0.1582f,-0.9772f,4.1471f,0f,0f,0f,1f],start_interpolation: 0,interpolation_duration: 1}
$data merge entity $(bone_upper_right_tooth1) {transformation: [-0.9865f,-0.0589f,-0.1526f,-0.4926f,-0.0817f,0.9856f,0.1477f,4.2814f,0.1417f,0.1582f,-0.9772f,4.2426f,0f,0f,0f,1f],start_interpolation: 0,interpolation_duration: 1}
$data merge entity $(bone_top_lip1) {transformation: [-0.9865f,-0.1076f,-0.1232f,-0.1398f,-0.0817f,0.9767f,-0.1983f,4.433f,0.1417f,-0.1856f,-0.9724f,4.2104f,0f,0f,0f,1f],start_interpolation: 0,interpolation_duration: 1}
$data merge entity $(bone_muzzle1) {transformation: [-0.9865f,-0.0589f,-0.1526f,-0.2354f,-0.0817f,0.9856f,0.1477f,4.682f,0.1417f,0.1582f,-0.9772f,3.6883f,0f,0f,0f,1f],start_interpolation: 0,interpolation_duration: 1}
$data merge entity $(bone_jaw_right_tooth1) {transformation: [-0.9865f,-0.1432f,-0.079f,-0.4928f,-0.0817f,0.85f,-0.5204f,4.315f,0.1417f,-0.5069f,-0.8503f,4.2603f,0f,0f,0f,1f],start_interpolation: 0,interpolation_duration: 1}
$data merge entity $(bone_jaw_left_tooth1) {transformation: [-0.9865f,-0.1432f,-0.079f,0.2274f,-0.0817f,0.85f,-0.5204f,4.3747f,0.1417f,-0.5069f,-0.8503f,4.1569f,0f,0f,0f,1f],start_interpolation: 0,interpolation_duration: 1}
$data merge entity $(bone_tongue1) {transformation: [-0.9865f,-0.0964f,-0.1321f,-0.2381f,-0.0817f,0.9903f,-0.1124f,4.2464f,0.1417f,-0.1001f,-0.9848f,3.4181f,0f,0f,0f,1f],start_interpolation: 0,interpolation_duration: 1}
$data merge entity $(bone_jaw_lips1) {transformation: [-0.9865f,-0.0964f,-0.1321f,-0.0515f,-0.0817f,0.9903f,-0.1124f,4.2241f,0.1417f,-0.1001f,-0.9848f,4.3079f,0f,0f,0f,1f],start_interpolation: 0,interpolation_duration: 1}
$data merge entity $(bone_jaw3) {transformation: [-0.9865f,-0.1273f,-0.1027f,-0.133f,-0.0817f,0.9275f,-0.3649f,3.8181f,0.1417f,-0.3516f,-0.9254f,3.5061f,0f,0f,0f,1f],start_interpolation: 0,interpolation_duration: 1}
$data merge entity $(bone_jaw1) {transformation: [-0.9865f,-0.0175f,-0.1626f,-0.2792f,-0.0817f,0.9138f,0.3978f,4.1755f,0.1417f,0.4057f,-0.903f,2.6948f,0f,0f,0f,1f],start_interpolation: 0,interpolation_duration: 1}
$data merge entity $(bone_tear_right1) {transformation: [-0.9865f,-0.0454f,-0.1571f,-0.8468f,-0.0817f,0.969f,0.2331f,4.7026f,0.1417f,0.2428f,-0.9597f,3.7232f,0f,0f,0f,1f],start_interpolation: 0,interpolation_duration: 1}
$data merge entity $(bone_right_pupil1) {transformation: [-0.9865f,-0.0454f,-0.1571f,-0.6585f,-0.0817f,0.969f,0.2331f,4.8108f,0.1417f,0.2428f,-0.9597f,3.7889f,0f,0f,0f,1f],start_interpolation: 0,interpolation_duration: 1}
$data merge entity $(bone_right_sad_pupil1) {transformation: [-0.9865f,-0.0454f,-0.1571f,-0.6603f,-0.0817f,0.969f,0.2331f,4.8134f,0.1417f,0.2428f,-0.9597f,3.7781f,0f,0f,0f,1f],start_interpolation: 0,interpolation_duration: 1}
$data merge entity $(bone_right_happy_pupil1) {transformation: [-0.9865f,-0.0454f,-0.1571f,-0.6867f,-0.0817f,0.969f,0.2331f,4.7839f,0.1417f,0.2428f,-0.9597f,3.7753f,0f,0f,0f,1f],start_interpolation: 0,interpolation_duration: 1}
$data merge entity $(bone_eyelid_right1) {transformation: [-0.9865f,-0.0454f,-0.1571f,-0.3194f,-0.0817f,0.969f,0.2331f,4.9252f,0.1417f,0.2428f,-0.9597f,3.1643f,0f,0f,0f,1f],start_interpolation: 0,interpolation_duration: 1}
$data merge entity $(bone_eyelid_expressions_right5) {transformation: [-0.9865f,-0.0454f,-0.1571f,-0.7928f,-0.0817f,0.969f,0.2331f,4.9117f,0.1417f,0.2428f,-0.9597f,3.8237f,0f,0f,0f,1f],start_interpolation: 0,interpolation_duration: 1}
$data merge entity $(bone_eyelid_expressions_right7) {transformation: [-0.9865f,-0.0454f,-0.1571f,-0.4604f,-0.0817f,0.969f,0.2331f,4.9393f,0.1417f,0.2428f,-0.9597f,3.7759f,0f,0f,0f,1f],start_interpolation: 0,interpolation_duration: 1}
$data merge entity $(bone_eyelid_expressions_right6) {transformation: [-0.9865f,-0.0454f,-0.1571f,-0.5712f,-0.0817f,0.969f,0.2331f,4.9301f,0.1417f,0.2428f,-0.9597f,3.7918f,0f,0f,0f,1f],start_interpolation: 0,interpolation_duration: 1}
$data merge entity $(bone_right_eye1) {transformation: [-0.9865f,-0.0454f,-0.1571f,-0.3287f,-0.0817f,0.969f,0.2331f,4.9217f,0.1417f,0.2428f,-0.9597f,3.1767f,0f,0f,0f,1f],start_interpolation: 0,interpolation_duration: 1}
$data merge entity $(bone_tear_left1) {transformation: [-0.9865f,-0.0454f,-0.1571f,0.3498f,-0.0817f,0.969f,0.2331f,4.8017f,0.1417f,0.2428f,-0.9597f,3.5514f,0f,0f,0f,1f],start_interpolation: 0,interpolation_duration: 1}
$data merge entity $(bone_left_sad_pupil1) {transformation: [-0.9865f,-0.0454f,-0.1571f,0.1707f,-0.0817f,0.969f,0.2331f,4.8823f,0.1417f,0.2428f,-0.9597f,3.6588f,0f,0f,0f,1f],start_interpolation: 0,interpolation_duration: 1}
$data merge entity $(bone_left_pupil1) {transformation: [-0.9865f,-0.0454f,-0.1571f,0.1725f,-0.0817f,0.969f,0.2331f,4.8797f,0.1417f,0.2428f,-0.9597f,3.6696f,0f,0f,0f,1f],start_interpolation: 0,interpolation_duration: 1}
$data merge entity $(bone_eyelid_left1) {transformation: [-0.9865f,-0.0454f,-0.1571f,-0.3415f,-0.0817f,0.969f,0.2331f,4.9234f,0.1417f,0.2428f,-0.9597f,3.1675f,0f,0f,0f,1f],start_interpolation: 0,interpolation_duration: 1}
$data merge entity $(bone_left_happy_pupil1) {transformation: [-0.9865f,-0.0454f,-0.1571f,0.1997f,-0.0817f,0.969f,0.2331f,4.8574f,0.1417f,0.2428f,-0.9597f,3.648f,0f,0f,0f,1f],start_interpolation: 0,interpolation_duration: 1}
$data merge entity $(bone_eyelid_expressions_left5) {transformation: [-0.9865f,-0.0454f,-0.1571f,0.293f,-0.0817f,0.969f,0.2331f,5.0017f,0.1417f,0.2428f,-0.9597f,3.6677f,0f,0f,0f,1f],start_interpolation: 0,interpolation_duration: 1}
$data merge entity $(bone_eyelid_expressions_left7) {transformation: [-0.9865f,-0.0454f,-0.1571f,-0.0394f,-0.0817f,0.969f,0.2331f,4.9741f,0.1417f,0.2428f,-0.9597f,3.7155f,0f,0f,0f,1f],start_interpolation: 0,interpolation_duration: 1}
$data merge entity $(bone_eyelid_expressions_left6) {transformation: [-0.9865f,-0.0454f,-0.1571f,0.0714f,-0.0817f,0.969f,0.2331f,4.9833f,0.1417f,0.2428f,-0.9597f,3.6996f,0f,0f,0f,1f],start_interpolation: 0,interpolation_duration: 1}
$data merge entity $(bone_left_eye1) {transformation: [-0.9865f,-0.0454f,-0.1571f,-0.3287f,-0.0817f,0.969f,0.2331f,4.9217f,0.1417f,0.2428f,-0.9597f,3.1767f,0f,0f,0f,1f],start_interpolation: 0,interpolation_duration: 1}
$data merge entity $(bone_crest_middle5) {transformation: [-0.9865f,-0.0784f,-0.1436f,-0.3167f,-0.0817f,0.9965f,0.0178f,6.1534f,0.1417f,0.0293f,-0.9895f,3.9706f,0f,0f,0f,1f],start_interpolation: 0,interpolation_duration: 1}
$data merge entity $(bone_crest_middle4) {transformation: [-0.9865f,-0.0784f,-0.1436f,-0.2639f,-0.0817f,0.9965f,0.0178f,5.4819f,0.1417f,0.0293f,-0.9895f,3.9509f,0f,0f,0f,1f],start_interpolation: 0,interpolation_duration: 1}
$data merge entity $(bone_crest_middle1) {transformation: [-0.9865f,-0.0784f,-0.1436f,-0.2122f,-0.0817f,0.9965f,0.0178f,4.9768f,0.1417f,0.0293f,-0.9895f,4.0194f,0f,0f,0f,1f],start_interpolation: 0,interpolation_duration: 1}
$data merge entity $(bone_crest_left5) {transformation: [-0.4918f,-0.8696f,-0.044f,-1.3617f,-0.8612f,0.4783f,0.1721f,5.4186f,-0.1286f,0.1225f,-0.9841f,4.0663f,0f,0f,0f,1f],start_interpolation: 0,interpolation_duration: 1}
$data merge entity $(bone_crest_left4) {transformation: [-0.4918f,-0.8696f,-0.044f,-0.8734f,-0.8612f,0.4783f,0.1721f,5.1501f,-0.1286f,0.1225f,-0.9841f,3.9975f,0f,0f,0f,1f],start_interpolation: 0,interpolation_duration: 1}
$data merge entity $(bone_crest_left1) {transformation: [-0.4918f,-0.8696f,-0.044f,-0.3387f,-0.8612f,0.4783f,0.1721f,4.8643f,-0.1286f,0.1225f,-0.9841f,3.8665f,0f,0f,0f,1f],start_interpolation: 0,interpolation_duration: 1}
$data merge entity $(bone_crest_center1) {transformation: [-0.9865f,-0.0454f,-0.1571f,-0.2266f,-0.0817f,0.969f,0.2331f,4.8463f,0.1417f,0.2428f,-0.9597f,3.8438f,0f,0f,0f,1f],start_interpolation: 0,interpolation_duration: 1}
$data merge entity $(bone_crest_right5) {transformation: [-0.5684f,0.7802f,-0.2612f,0.8176f,0.7733f,0.615f,0.1541f,5.5992f,0.2809f,-0.1144f,-0.9529f,3.7533f,0f,0f,0f,1f],start_interpolation: 0,interpolation_duration: 1}
$data merge entity $(bone_crest_right4) {transformation: [-0.5684f,0.7802f,-0.2612f,0.3795f,0.7733f,0.615f,0.1541f,5.2539f,0.2809f,-0.1144f,-0.9529f,3.8176f,0f,0f,0f,1f],start_interpolation: 0,interpolation_duration: 1}
$data merge entity $(bone_crest_right1) {transformation: [-0.5684f,0.7802f,-0.2612f,-0.1171f,0.7733f,0.615f,0.1541f,4.8827f,0.2809f,-0.1144f,-0.9529f,3.8347f,0f,0f,0f,1f],start_interpolation: 0,interpolation_duration: 1}
$data merge entity $(bone_head1) {transformation: [-1.0341f,-0.0476f,-0.1647f,-0.4232f,-0.0857f,1.0157f,0.2443f,5.0112f,0.1485f,0.2545f,-1.0059f,2.5703f,0f,0f,0f,1f],start_interpolation: 0,interpolation_duration: 1}
$data merge entity $(bone_neck10) {transformation: [-1.4899f,-0.1499f,-0.0033f,-0.3806f,-0.1482f,1.4775f,-0.1926f,4.4308f,0.0225f,-0.1913f,-1.485f,1.5696f,0f,0f,0f,1f],start_interpolation: 0,interpolation_duration: 1}
$data merge entity $(bone_neck9) {transformation: [-1.1398f,-0.0678f,-0.0925f,-0.3063f,-0.1134f,0.805f,0.8071f,3.542f,0.0172f,0.8122f,-0.8076f,0.6362f,0f,0f,0f,1f],start_interpolation: 0,interpolation_duration: 1}
$data merge entity $(bone_neck8) {transformation: [-1.0578f,-0.0466f,-0.0957f,-0.2646f,-0.1052f,0.6012f,0.8705f,2.9847f,0.016f,0.8756f,-0.6027f,-0.2743f,0f,0f,0f,1f],start_interpolation: 0,interpolation_duration: 1}
$data merge entity $(bone_neck7) {transformation: [-1.0507f,0.0106f,-0.1015f,-0.2753f,-0.0877f,0.444f,0.9537f,2.5359f,0.0523f,0.9577f,-0.4411f,-1.2422f,0f,0f,0f,1f],start_interpolation: 0,interpolation_duration: 1}
$data merge entity $(bone_neck6) {transformation: [-1.0237f,0.171f,-0.1569f,-0.4347f,-0.1367f,0.1293f,1.0327f,2.4326f,0.1875f,1.0276f,-0.1038f,-2.1873f,0f,0f,0f,1f],start_interpolation: 0,interpolation_duration: 1}
$data merge entity $(bone_neck_spine6) {transformation: [-1.2491f,-0.2446f,0.0024f,-0.67f,0.0677f,-0.334f,1.2263f,3.6521f,-0.235f,1.2036f,0.3408f,-5.5658f,0f,0f,0f,1f],start_interpolation: 0,interpolation_duration: 1}
$data merge entity $(bone_neck_spine7) {transformation: [-0.9482f,-0.3149f,0.0421f,0.2529f,0.1092f,-0.1986f,0.974f,4.9777f,-0.2984f,0.9281f,0.2227f,-8.6871f,0f,0f,0f,1f],start_interpolation: 0,interpolation_duration: 1}
$data merge entity $(bone_tail6) {transformation: [-1.7138f,0.1679f,0.0039f,0.5657f,0.0693f,0.6707f,1.5845f,4.6274f,0.153f,1.5771f,-0.6743f,-12.5974f,0f,0f,0f,1f],start_interpolation: 0,interpolation_duration: 1}
$data merge entity $(bone_tail5) {transformation: [-1.4157f,0.1361f,0.0272f,0.6517f,0.0573f,0.3184f,1.3853f,4.8284f,0.1264f,1.3798f,-0.3223f,-11.726f,0f,0f,0f,1f],start_interpolation: 0,interpolation_duration: 1}
$data merge entity $(bone_tail4) {transformation: [-1.0409f,0.1153f,0.0444f,0.7011f,0.0646f,0.1867f,1.0294f,4.9084f,0.1053f,1.025f,-0.1925f,-11.2867f,0f,0f,0f,1f],start_interpolation: 0,interpolation_duration: 1}
$data merge entity $(bone_segment18) {transformation: [-0.9989f,-0.0206f,0.0424f,0.6895f,0.0378f,0.1846f,0.9821f,5.0121f,-0.028f,0.9826f,-0.1836f,-10.735f,0f,0f,0f,1f],start_interpolation: 0,interpolation_duration: 1}
$data merge entity $(bone_segment17) {transformation: [-0.9902f,-0.1347f,0.0362f,0.5912f,0.0436f,-0.0523f,0.9977f,4.9739f,-0.1325f,0.9895f,0.0576f,-10.0127f,0f,0f,0f,1f],start_interpolation: 0,interpolation_duration: 1}
$data merge entity $(bone_segment16) {transformation: [-0.9701f,-0.2425f,0.0028f,0.3597f,0.0737f,-0.284f,0.956f,4.7028f,-0.231f,0.9276f,0.2934f,-9.1271f,0f,0f,0f,1f],start_interpolation: 0,interpolation_duration: 1}
$data merge entity $(bone_segment15) {transformation: [-0.9482f,-0.3151f,-0.0408f,-0.0118f,0.1092f,-0.4439f,0.8894f,4.1794f,-0.2984f,0.8389f,0.4553f,-8.138f,0f,0f,0f,1f],start_interpolation: 0,interpolation_duration: 1}
$data merge entity $(bone_segment14) {transformation: [-0.9968f,-0.3178f,-0.0638f,-0.3693f,0.1097f,-0.5248f,0.9007f,3.589f,-0.305f,0.8499f,0.5324f,-7.1819f,0f,0f,0f,1f],start_interpolation: 0,interpolation_duration: 1}
$data merge entity $(bone_segment13) {transformation: [-1.0066f,-0.1944f,-0.0323f,-0.6026f,0.0546f,-0.4367f,0.9265f,3.0376f,-0.1894f,0.9075f,0.4389f,-6.1009f,0f,0f,0f,1f],start_interpolation: 0,interpolation_duration: 1}
$data merge entity $(bone_segment12) {transformation: [-1.1129f,-0.0769f,0.0003f,-0.6955f,0.0215f,-0.3067f,1.0723f,2.6671f,-0.0738f,1.0698f,0.3075f,-4.8085f,0f,0f,0f,1f],start_interpolation: 0,interpolation_duration: 1}
$data merge entity $(bone_segment11) {transformation: [-1.1876f,0.0809f,0.0135f,-0.602f,0.0039f,-0.1408f,1.1821f,2.5043f,0.0819f,1.1793f,0.1402f,-3.4457f,0f,0f,0f,1f],start_interpolation: 0,interpolation_duration: 1}
$data merge entity $(bone_segment10) {transformation: [-1.039f,0.138f,0.0071f,-0.4278f,0f,-0.0536f,1.0468f,2.4522f,0.1381f,1.0377f,0.0532f,-2.1351f,0f,0f,0f,1f],start_interpolation: 0,interpolation_duration: 1}
data modify entity @s data merge value {"cameras":{},"locators":{"mouth":{"posx":-0.029446827441148127,"posy":4.329876927383852,"posz":4.919072683605948,"roty":190.5985858035473,"rotx":75.7016430127411}}}