# This file was generated by Animated Java via MC-Build. It is not recommended to edit this file directly.
$data merge entity $(bone_neck_spine5) {transformation: [-1.5678f,-0.1114f,-0.0389f,-0.187f,-0.1141f,1.2983f,0.8795f,4.1761f,-0.0302f,0.8798f,-1.3027f,0.2751f,0f,0f,0f,1f],start_interpolation: 0,interpolation_duration: 1}
$data merge entity $(bone_neck_spine2) {transformation: [-1.4932f,-0.1013f,0.0488f,-0.4342f,-0.1087f,1.4666f,-0.282f,5.5231f,-0.0288f,-0.2848f,-1.4698f,2.1721f,0f,0f,0f,1f],start_interpolation: 0,interpolation_duration: 1}
$data merge entity $(bone_scale_neck_left1) {transformation: [-1.6169f,0.2959f,0.1053f,0.4118f,0.309f,1.5977f,0.2548f,4.6906f,-0.0563f,0.2699f,-1.6239f,2.3255f,0f,0f,0f,1f],start_interpolation: 0,interpolation_duration: 1}
$data merge entity $(bone_scale_neck_right1) {transformation: [-1.5561f,-0.5342f,-0.0788f,-1.156f,-0.5399f,1.5373f,0.2415f,4.5765f,-0.0048f,0.2539f,-1.6274f,2.2953f,0f,0f,0f,1f],start_interpolation: 0,interpolation_duration: 1}
$data merge entity $(bone_blush_right1) {transformation: [-0.9871f,-0.0077f,-0.1601f,-0.8872f,-0.0617f,0.9401f,0.3353f,4.1326f,0.1479f,0.3408f,-0.9284f,3.6196f,0f,0f,0f,1f],start_interpolation: 0,interpolation_duration: 1}
$data merge entity $(bone_blush_left1) {transformation: [-0.9871f,-0.0077f,-0.1601f,0.4209f,-0.0617f,0.9401f,0.3353f,4.2144f,0.1479f,0.3408f,-0.9284f,3.4236f,0f,0f,0f,1f],start_interpolation: 0,interpolation_duration: 1}
$data merge entity $(bone_left_head_scales) {transformation: [-0.8016f,-0.0077f,-0.5978f,0.3634f,-0.2096f,0.9401f,0.2689f,5.0332f,0.5599f,0.3408f,-0.7552f,3.3058f,0f,0f,0f,1f],start_interpolation: 0,interpolation_duration: 1}
$data merge entity $(bone_left_head_scales2) {transformation: [-0.7167f,-0.0077f,-0.6973f,0.3973f,-0.2429f,0.9401f,0.2393f,4.1321f,0.6537f,0.3408f,-0.6757f,3.156f,0f,0f,0f,1f],start_interpolation: 0,interpolation_duration: 1}
$data merge entity $(bone_left_head_scales1) {transformation: [-0.9871f,-0.0077f,-0.1601f,0.3642f,-0.0617f,0.9401f,0.3353f,4.9276f,0.1479f,0.3408f,-0.9284f,3.2675f,0f,0f,0f,1f],start_interpolation: 0,interpolation_duration: 1}
$data merge entity $(bone_right_head_scales) {transformation: [-0.9495f,-0.0077f,0.3138f,-0.9668f,0.1001f,0.9401f,0.3259f,4.95f,-0.2975f,0.3408f,-0.8918f,3.5051f,0f,0f,0f,1f],start_interpolation: 0,interpolation_duration: 1}
$data merge entity $(bone_right_head_scales2) {transformation: [-0.9004f,-0.0077f,0.435f,-0.933f,0.1418f,0.9401f,0.3101f,4.0489f,-0.4113f,0.3408f,-0.8454f,3.3553f,0f,0f,0f,1f],start_interpolation: 0,interpolation_duration: 1}
$data merge entity $(bone_right_head_scales1) {transformation: [-0.9871f,-0.0077f,-0.1601f,-0.966f,-0.0617f,0.9401f,0.3353f,4.8444f,0.1479f,0.3408f,-0.9284f,3.4669f,0f,0f,0f,1f],start_interpolation: 0,interpolation_duration: 1}
$data merge entity $(bone_head_left_fin1) {transformation: [-0.3614f,0.0885f,-0.9799f,0.354f,-0.0702f,1.039f,0.1197f,4.5599f,0.9814f,0.1069f,-0.3523f,3.0458f,0f,0f,0f,1f],start_interpolation: 0,interpolation_duration: 1}
$data merge entity $(bone_head_right_fin1) {transformation: [-0.638f,-0.1793f,0.8121f,-0.9762f,0.0077f,1.0222f,0.2317f,4.4767f,-0.8316f,0.147f,-0.6208f,3.2451f,0f,0f,0f,1f],start_interpolation: 0,interpolation_duration: 1}
$data merge entity $(bone_right_whisker16) {transformation: [-0.1815f,-0.1748f,0.9677f,-1.5726f,0.9763f,-0.1498f,0.156f,3.1945f,0.1177f,0.9731f,0.1978f,1.4249f,0f,0f,0f,1f],start_interpolation: 0,interpolation_duration: 1}
$data merge entity $(bone_right_whisker15) {transformation: [0.2471f,-0.2205f,0.9436f,-1.6559f,0.4144f,0.9043f,0.1028f,3.0549f,-0.8759f,0.3656f,0.3148f,1.72f,0f,0f,0f,1f],start_interpolation: 0,interpolation_duration: 1}
$data merge entity $(bone_right_whisker14) {transformation: [0.5458f,-0.3374f,0.767f,-1.8398f,-0.1859f,0.8438f,0.5035f,3.1176f,-0.817f,-0.4174f,0.3978f,1.9953f,0f,0f,0f,1f],start_interpolation: 0,interpolation_duration: 1}
$data merge entity $(bone_right_whisker13) {transformation: [0.0118f,-0.4201f,0.9074f,-1.8437f,0.1998f,0.8902f,0.4095f,3.0502f,-0.9798f,0.1765f,0.0944f,2.3254f,0f,0f,0f,1f],start_interpolation: 0,interpolation_duration: 1}
$data merge entity $(bone_right_whisker12) {transformation: [-0.5645f,-0.3907f,0.7271f,-1.5902f,-0.3808f,0.9048f,0.1906f,3.2213f,-0.7324f,-0.1693f,-0.6595f,2.6544f,0f,0f,0f,1f],start_interpolation: 0,interpolation_duration: 1}
$data merge entity $(bone_right_whisker11) {transformation: [-0.9378f,-0.2593f,0.231f,-1.1689f,-0.2534f,0.9658f,0.0552f,3.3351f,-0.2374f,-0.0067f,-0.9714f,2.761f,0f,0f,0f,1f],start_interpolation: 0,interpolation_duration: 1}
$data merge entity $(bone_right_whisker10) {transformation: [-0.55f,-0.6313f,0.5468f,-0.9218f,-0.5402f,0.7682f,0.3435f,3.5778f,-0.6369f,-0.1064f,-0.7636f,3.0471f,0f,0f,0f,1f],start_interpolation: 0,interpolation_duration: 1}
$data merge entity $(bone_right_whisker1) {transformation: [-0.0011f,-0.7123f,0.7019f,-0.9213f,-0.7008f,0.5012f,0.5076f,3.8926f,-0.7134f,-0.4913f,-0.4997f,3.3676f,0f,0f,0f,1f],start_interpolation: 0,interpolation_duration: 1}
$data merge entity $(bone_left_whisker16) {transformation: [-0.0876f,0.4682f,-0.8793f,0.5445f,-0.9931f,-0.1096f,0.0405f,3.3269f,-0.0774f,0.8768f,0.4746f,1.1076f,0f,0f,0f,1f],start_interpolation: 0,interpolation_duration: 1}
$data merge entity $(bone_left_whisker15) {transformation: [0.5407f,0.2058f,-0.8157f,0.7266f,-0.3651f,0.9309f,-0.0072f,3.2039f,0.7578f,0.3017f,0.5785f,1.363f,0f,0f,0f,1f],start_interpolation: 0,interpolation_duration: 1}
$data merge entity $(bone_left_whisker14) {transformation: [0.7337f,0.0953f,-0.6728f,0.9738f,0.2659f,0.8708f,0.4134f,3.2935f,0.6253f,-0.4822f,0.6136f,1.5736f,0f,0f,0f,1f],start_interpolation: 0,interpolation_duration: 1}
$data merge entity $(bone_left_whisker13) {transformation: [0.3216f,0.3416f,-0.8831f,1.0822f,-0.179f,0.9378f,0.2975f,3.2332f,0.9298f,0.0623f,0.3627f,1.8869f,0f,0f,0f,1f],start_interpolation: 0,interpolation_duration: 1}
$data merge entity $(bone_left_whisker12) {transformation: [-0.368f,0.211f,-0.9056f,0.9169f,0.3225f,0.9424f,0.0885f,3.378f,0.8721f,-0.2594f,-0.4149f,2.2787f,0f,0f,0f,1f],start_interpolation: 0,interpolation_duration: 1}
$data merge entity $(bone_left_whisker11) {transformation: [-0.8511f,0.1263f,-0.5095f,0.5345f,0.1416f,0.9899f,0.0089f,3.4416f,0.5055f,-0.0645f,-0.8604f,2.5057f,0f,0f,0f,1f],start_interpolation: 0,interpolation_duration: 1}
$data merge entity $(bone_left_whisker10) {transformation: [-0.4016f,0.4742f,-0.7835f,0.3541f,0.4807f,0.8373f,0.2603f,3.6576f,0.7795f,-0.2721f,-0.5642f,2.8559f,0f,0f,0f,1f],start_interpolation: 0,interpolation_duration: 1}
$data merge entity $(bone_left_whisker1) {transformation: [0.1219f,0.4711f,-0.8736f,0.4089f,0.7084f,0.5752f,0.4091f,3.9758f,0.6952f,-0.6687f,-0.2636f,3.1682f,0f,0f,0f,1f],start_interpolation: 0,interpolation_duration: 1}
$data merge entity $(bone_upper_left_tooth1) {transformation: [-0.9871f,-0.0216f,-0.1588f,0.1915f,-0.0617f,0.9657f,0.2521f,4.0293f,0.1479f,0.2586f,-0.9546f,4.2076f,0f,0f,0f,1f],start_interpolation: 0,interpolation_duration: 1}
$data merge entity $(bone_upper_right_tooth1) {transformation: [-0.9871f,-0.0216f,-0.1588f,-0.4736f,-0.0617f,0.9657f,0.2521f,3.9877f,0.1479f,0.2586f,-0.9546f,4.3073f,0f,0f,0f,1f],start_interpolation: 0,interpolation_duration: 1}
$data merge entity $(bone_top_lip1) {transformation: [-0.9871f,-0.0746f,-0.1418f,-0.116f,-0.0617f,0.9937f,-0.0934f,4.1296f,0.1479f,-0.0835f,-0.9855f,4.2853f,0f,0f,0f,1f],start_interpolation: 0,interpolation_duration: 1}
$data merge entity $(bone_muzzle1) {transformation: [-0.9871f,-0.0216f,-0.1588f,-0.2088f,-0.0617f,0.9657f,0.2521f,4.4338f,0.1479f,0.2586f,-0.9546f,3.7928f,0f,0f,0f,1f],start_interpolation: 0,interpolation_duration: 1}
$data merge entity $(bone_jaw_right_tooth1) {transformation: [-0.9871f,-0.1187f,-0.1078f,-0.4724f,-0.0617f,0.9018f,-0.4277f,4.0193f,0.1479f,-0.4155f,-0.8975f,4.3283f,0f,0f,0f,1f],start_interpolation: 0,interpolation_duration: 1}
$data merge entity $(bone_jaw_left_tooth1) {transformation: [-0.9871f,-0.1187f,-0.1078f,0.2481f,-0.0617f,0.9018f,-0.4277f,4.0644f,0.1479f,-0.4155f,-0.8975f,4.2204f,0f,0f,0f,1f],start_interpolation: 0,interpolation_duration: 1}
$data merge entity $(bone_tongue1) {transformation: [-0.9871f,-0.062f,-0.1478f,-0.2304f,-0.0617f,0.9981f,-0.0065f,4.0285f,0.1479f,0.0027f,-0.989f,3.4797f,0f,0f,0f,1f],start_interpolation: 0,interpolation_duration: 1}
$data merge entity $(bone_jaw_lips1) {transformation: [-0.9871f,-0.062f,-0.1478f,-0.0342f,-0.0617f,0.9981f,-0.0065f,3.9088f,0.1479f,0.0027f,-0.989f,4.3596f,0f,0f,0f,1f],start_interpolation: 0,interpolation_duration: 1}
$data merge entity $(bone_jaw3) {transformation: [-0.9871f,-0.0981f,-0.1267f,-0.1398f,-0.0617f,0.9624f,-0.2646f,3.5901f,0.1479f,-0.2533f,-0.956f,3.522f,0f,0f,0f,1f],start_interpolation: 0,interpolation_duration: 1}
$data merge entity $(bone_jaw1) {transformation: [-0.9871f,0.0202f,-0.159f,-0.2826f,-0.0617f,0.8676f,0.4934f,4.0334f,0.1479f,0.4969f,-0.8551f,2.7537f,0f,0f,0f,1f],start_interpolation: 0,interpolation_duration: 1}
$data merge entity $(bone_tear_right1) {transformation: [-0.9871f,-0.0077f,-0.1601f,-0.8186f,-0.0617f,0.9401f,0.3353f,4.4717f,0.1479f,0.3408f,-0.9284f,3.8391f,0f,0f,0f,1f],start_interpolation: 0,interpolation_duration: 1}
$data merge entity $(bone_right_pupil1) {transformation: [-0.9871f,-0.0077f,-0.1601f,-0.6258f,-0.0617f,0.9401f,0.3353f,4.5662f,0.1479f,0.3408f,-0.9284f,3.9125f,0f,0f,0f,1f],start_interpolation: 0,interpolation_duration: 1}
$data merge entity $(bone_right_sad_pupil1) {transformation: [-0.9871f,-0.0077f,-0.1601f,-0.6276f,-0.0617f,0.9401f,0.3353f,4.5699f,0.1479f,0.3408f,-0.9284f,3.9021f,0f,0f,0f,1f],start_interpolation: 0,interpolation_duration: 1}
$data merge entity $(bone_right_happy_pupil1) {transformation: [-0.9871f,-0.0077f,-0.1601f,-0.6551f,-0.0617f,0.9401f,0.3353f,4.5418f,0.1479f,0.3408f,-0.9284f,3.8967f,0f,0f,0f,1f],start_interpolation: 0,interpolation_duration: 1}
$data merge entity $(bone_eyelid_right1) {transformation: [-0.9871f,-0.0077f,-0.1601f,-0.2903f,-0.0617f,0.9401f,0.3353f,4.7321f,0.1479f,0.3408f,-0.9284f,3.2977f,0f,0f,0f,1f],start_interpolation: 0,interpolation_duration: 1}
$data merge entity $(bone_eyelid_expressions_right5) {transformation: [-0.9871f,-0.0077f,-0.1601f,-0.7559f,-0.0617f,0.9401f,0.3353f,4.6675f,0.1479f,0.3408f,-0.9284f,3.9595f,0f,0f,0f,1f],start_interpolation: 0,interpolation_duration: 1}
$data merge entity $(bone_eyelid_expressions_right7) {transformation: [-0.9871f,-0.0077f,-0.1601f,-0.4234f,-0.0617f,0.9401f,0.3353f,4.6883f,0.1479f,0.3408f,-0.9284f,3.9096f,0f,0f,0f,1f],start_interpolation: 0,interpolation_duration: 1}
$data merge entity $(bone_eyelid_expressions_right6) {transformation: [-0.9871f,-0.0077f,-0.1601f,-0.5342f,-0.0617f,0.9401f,0.3353f,4.6814f,0.1479f,0.3408f,-0.9284f,3.9263f,0f,0f,0f,1f],start_interpolation: 0,interpolation_duration: 1}
$data merge entity $(bone_right_eye1) {transformation: [-0.9871f,-0.0077f,-0.1601f,-0.2996f,-0.0617f,0.9401f,0.3353f,4.7276f,0.1479f,0.3408f,-0.9284f,3.3098f,0f,0f,0f,1f],start_interpolation: 0,interpolation_duration: 1}
$data merge entity $(bone_tear_left1) {transformation: [-0.9871f,-0.0077f,-0.1601f,0.3786f,-0.0617f,0.9401f,0.3353f,4.5466f,0.1479f,0.3408f,-0.9284f,3.6597f,0f,0f,0f,1f],start_interpolation: 0,interpolation_duration: 1}
$data merge entity $(bone_left_sad_pupil1) {transformation: [-0.9871f,-0.0077f,-0.1601f,0.2038f,-0.0617f,0.9401f,0.3353f,4.6219f,0.1479f,0.3408f,-0.9284f,3.7775f,0f,0f,0f,1f],start_interpolation: 0,interpolation_duration: 1}
$data merge entity $(bone_left_pupil1) {transformation: [-0.9871f,-0.0077f,-0.1601f,0.2056f,-0.0617f,0.9401f,0.3353f,4.6181f,0.1479f,0.3408f,-0.9284f,3.7879f,0f,0f,0f,1f],start_interpolation: 0,interpolation_duration: 1}
$data merge entity $(bone_eyelid_left1) {transformation: [-0.9871f,-0.0077f,-0.1601f,-0.3125f,-0.0617f,0.9401f,0.3353f,4.7307f,0.1479f,0.3408f,-0.9284f,3.301f,0f,0f,0f,1f],start_interpolation: 0,interpolation_duration: 1}
$data merge entity $(bone_left_happy_pupil1) {transformation: [-0.9871f,-0.0077f,-0.1601f,0.2317f,-0.0617f,0.9401f,0.3353f,4.5973f,0.1479f,0.3408f,-0.9284f,3.7638f,0f,0f,0f,1f],start_interpolation: 0,interpolation_duration: 1}
$data merge entity $(bone_eyelid_expressions_left5) {transformation: [-0.9871f,-0.0077f,-0.1601f,0.3304f,-0.0617f,0.9401f,0.3353f,4.7355f,0.1479f,0.3408f,-0.9284f,3.7967f,0f,0f,0f,1f],start_interpolation: 0,interpolation_duration: 1}
$data merge entity $(bone_eyelid_expressions_left7) {transformation: [-0.9871f,-0.0077f,-0.1601f,-0.0021f,-0.0617f,0.9401f,0.3353f,4.7147f,0.1479f,0.3408f,-0.9284f,3.8465f,0f,0f,0f,1f],start_interpolation: 0,interpolation_duration: 1}
$data merge entity $(bone_eyelid_expressions_left6) {transformation: [-0.9871f,-0.0077f,-0.1601f,0.1087f,-0.0617f,0.9401f,0.3353f,4.7216f,0.1479f,0.3408f,-0.9284f,3.8299f,0f,0f,0f,1f],start_interpolation: 0,interpolation_duration: 1}
$data merge entity $(bone_left_eye1) {transformation: [-0.9871f,-0.0077f,-0.1601f,-0.2996f,-0.0617f,0.9401f,0.3353f,4.7276f,0.1479f,0.3408f,-0.9284f,3.3098f,0f,0f,0f,1f],start_interpolation: 0,interpolation_duration: 1}
$data merge entity $(bone_crest_middle5) {transformation: [-0.9871f,-0.0422f,-0.1546f,-0.2339f,-0.0617f,0.9904f,0.1239f,5.8705f,0.1479f,0.1318f,-0.9802f,4.2247f,0f,0f,0f,1f],start_interpolation: 0,interpolation_duration: 1}
$data merge entity $(bone_crest_middle4) {transformation: [-0.9871f,-0.0422f,-0.1546f,-0.2055f,-0.0617f,0.9904f,0.1239f,5.2031f,0.1479f,0.1318f,-0.9802f,4.1359f,0f,0f,0f,1f],start_interpolation: 0,interpolation_duration: 1}
$data merge entity $(bone_crest_middle1) {transformation: [-0.9871f,-0.0422f,-0.1546f,-0.1712f,-0.0617f,0.9904f,0.1239f,4.6922f,0.1479f,0.1318f,-0.9802f,4.1518f,0f,0f,0f,1f],start_interpolation: 0,interpolation_duration: 1}
$data merge entity $(bone_crest_left5) {transformation: [-0.5239f,-0.8504f,-0.0495f,-1.3034f,-0.826f,0.4929f,0.2733f,5.1663f,-0.208f,0.1841f,-0.9607f,4.2612f,0f,0f,0f,1f],start_interpolation: 0,interpolation_duration: 1}
$data merge entity $(bone_crest_left4) {transformation: [-0.5239f,-0.8504f,-0.0495f,-0.8259f,-0.826f,0.4929f,0.2733f,4.8895f,-0.208f,0.1841f,-0.9607f,4.1579f,0f,0f,0f,1f],start_interpolation: 0,interpolation_duration: 1}
$data merge entity $(bone_crest_left1) {transformation: [-0.5239f,-0.8504f,-0.0495f,-0.3034f,-0.826f,0.4929f,0.2733f,4.6004f,-0.208f,0.1841f,-0.9607f,3.9902f,0f,0f,0f,1f],start_interpolation: 0,interpolation_duration: 1}
$data merge entity $(bone_crest_center1) {transformation: [-0.9871f,-0.0077f,-0.1601f,-0.1923f,-0.0617f,0.9401f,0.3353f,4.5809f,0.1479f,0.3408f,-0.9284f,3.9641f,0f,0f,0f,1f],start_interpolation: 0,interpolation_duration: 1}
$data merge entity $(bone_crest_right5) {transformation: [-0.5369f,0.8004f,-0.2668f,0.8771f,0.7597f,0.5962f,0.2597f,5.3026f,0.3669f,-0.0633f,-0.9281f,3.9345f,0f,0f,0f,1f],start_interpolation: 0,interpolation_duration: 1}
$data merge entity $(bone_crest_right4) {transformation: [-0.5369f,0.8004f,-0.2668f,0.4276f,0.7597f,0.5962f,0.2597f,4.9679f,0.3669f,-0.0633f,-0.9281f,3.97f,0f,0f,0f,1f],start_interpolation: 0,interpolation_duration: 1}
$data merge entity $(bone_crest_right1) {transformation: [-0.5369f,0.8004f,-0.2668f,-0.0817f,0.7597f,0.5962f,0.2597f,4.6142f,0.3669f,-0.0633f,-0.9281f,3.957f,0f,0f,0f,1f],start_interpolation: 0,interpolation_duration: 1}
$data merge entity $(bone_head1) {transformation: [-1.0346f,-0.0081f,-0.1678f,-0.398f,-0.0647f,0.9854f,0.3514f,4.882f,0.155f,0.3573f,-0.9731f,2.7172f,0f,0f,0f,1f],start_interpolation: 0,interpolation_duration: 1}
$data merge entity $(bone_neck10) {transformation: [-1.4932f,-0.1068f,0.0352f,-0.3409f,-0.1087f,1.4908f,-0.0882f,4.3719f,-0.0288f,-0.0905f,-1.4944f,1.6796f,0f,0f,0f,1f],start_interpolation: 0,interpolation_duration: 1}
$data merge entity $(bone_neck9) {transformation: [-1.1423f,-0.0711f,-0.0484f,-0.2619f,-0.0831f,0.7478f,0.8637f,3.5487f,-0.022f,0.8648f,-0.7509f,0.6881f,0f,0f,0f,1f],start_interpolation: 0,interpolation_duration: 1}
$data merge entity $(bone_neck8) {transformation: [-1.0601f,-0.0575f,-0.0553f,-0.2071f,-0.0772f,0.5504f,0.9063f,3.0442f,-0.0204f,0.9077f,-0.5531f,-0.252f,0f,0f,0f,1f],start_interpolation: 0,interpolation_duration: 1}
$data merge entity $(bone_neck7) {transformation: [-1.0536f,0.0198f,-0.0624f,-0.2271f,-0.0494f,0.4193f,0.9675f,2.6204f,0.0429f,0.9686f,-0.4176f,-1.2309f,0f,0f,0f,1f],start_interpolation: 0,interpolation_duration: 1}
$data merge entity $(bone_neck6) {transformation: [-1.0264f,0.1807f,-0.1249f,-0.3949f,-0.1063f,0.1142f,1.038f,2.5311f,0.1923f,1.0277f,-0.0933f,-2.176f,0f,0f,0f,1f],start_interpolation: 0,interpolation_duration: 1}
$data merge entity $(bone_neck_spine6) {transformation: [-1.2703f,-0.0783f,0.0102f,-0.9298f,0.0186f,-0.1359f,1.2654f,3.3833f,-0.0767f,1.2631f,0.1368f,-5.6908f,0f,0f,0f,1f],start_interpolation: 0,interpolation_duration: 1}
$data merge entity $(bone_neck_spine7) {transformation: [-0.9649f,-0.2607f,0.0306f,-0.4398f,0.0881f,-0.2119f,0.9733f,4.38f,-0.2473f,0.9419f,0.2275f,-8.9045f,0f,0f,0f,1f],start_interpolation: 0,interpolation_duration: 1}
$data merge entity $(bone_tail6) {transformation: [-1.6961f,-0.2222f,0.1983f,0.4721f,0.1423f,0.4024f,1.6683f,4.5063f,-0.2616f,1.6595f,-0.3779f,-12.7592f,0f,0f,0f,1f],start_interpolation: 0,interpolation_duration: 1}
$data merge entity $(bone_tail5) {transformation: [-1.4011f,-0.2092f,0.1294f,0.34f,0.1176f,0.088f,1.4149f,4.5619f,-0.2161f,1.4043f,-0.0694f,-11.8723f,0f,0f,0f,1f],start_interpolation: 0,interpolation_duration: 1}
$data merge entity $(bone_tail4) {transformation: [-1.0328f,-0.1425f,0.1077f,0.2789f,0.1066f,0.0154f,1.0426f,4.5685f,-0.1433f,1.0383f,-0.0007f,-11.4273f,0f,0f,0f,1f],start_interpolation: 0,interpolation_duration: 1}
$data merge entity $(bone_segment18) {transformation: [-0.9592f,-0.2634f,0.1028f,0.131f,0.0989f,0.0279f,0.9947f,4.5842f,-0.2649f,0.9643f,-0.0007f,-10.8858f,0f,0f,0f,1f],start_interpolation: 0,interpolation_duration: 1}
$data merge entity $(bone_segment17) {transformation: [-0.9583f,-0.2816f,0.0479f,-0.0746f,0.0995f,-0.1719f,0.9801f,4.4587f,-0.2677f,0.944f,0.1928f,-10.1967f,0f,0f,0f,1f],start_interpolation: 0,interpolation_duration: 1}
$data merge entity $(bone_segment16) {transformation: [-0.9575f,-0.2884f,-0.0096f,-0.3498f,0.1006f,-0.3647f,0.9257f,4.1106f,-0.2704f,0.8853f,0.3782f,-9.3516f,0f,0f,0f,1f],start_interpolation: 0,interpolation_duration: 1}
$data merge entity $(bone_segment15) {transformation: [-0.9649f,-0.2598f,-0.0379f,-0.6562f,0.0881f,-0.4566f,0.8853f,3.5721f,-0.2473f,0.8509f,0.4635f,-8.3482f,0f,0f,0f,1f],start_interpolation: 0,interpolation_duration: 1}
$data merge entity $(bone_segment14) {transformation: [-1.0353f,-0.161f,-0.0306f,-0.8373f,0.0428f,-0.4546f,0.9435f,3.0607f,-0.1582f,0.9307f,0.4555f,-7.3012f,0f,0f,0f,1f],start_interpolation: 0,interpolation_duration: 1}
$data merge entity $(bone_segment13) {transformation: [-1.0237f,-0.0635f,-0.0028f,-0.9137f,0.015f,-0.2849f,0.9852f,2.6906f,-0.0618f,0.9833f,0.2853f,-6.1248f,0f,0f,0f,1f],start_interpolation: 0,interpolation_duration: 1}
$data merge entity $(bone_segment12) {transformation: [-1.1123f,0.0851f,0.0088f,-0.8109f,-0.0006f,-0.1227f,1.1088f,2.5424f,0.0856f,1.1055f,0.1224f,-4.7893f,0f,0f,0f,1f],start_interpolation: 0,interpolation_duration: 1}
$data merge entity $(bone_segment11) {transformation: [-1.1736f,0.1995f,-0.001f,-0.5804f,-0.0002f,0.0045f,1.1904f,2.5475f,0.1995f,1.1736f,-0.0044f,-3.433f,0f,0f,0f,1f],start_interpolation: 0,interpolation_duration: 1}
$data merge entity $(bone_segment10) {transformation: [-1.0369f,0.153f,0.0014f,-0.3872f,0f,-0.0096f,1.0481f,2.551f,0.153f,1.0369f,0.0095f,-2.1241f,0f,0f,0f,1f],start_interpolation: 0,interpolation_duration: 1}
data modify entity @s data merge value {"cameras":{},"locators":{"mouth":{"posx":-0.0009954058928814957,"posy":3.9507008991576944,"posz":4.977958088303646,"roty":181.29478122042133,"rotx":70.06685840708849}}}