# This file was generated by Animated Java via MC-Build. It is not recommended to edit this file directly.
$data merge entity $(bone_neck_spine5) {transformation: [-1.5689f,-0.1017f,-0.0194f,-0.1502f,-0.0943f,1.283f,0.9039f,4.1711f,-0.0427f,0.9031f,-1.2863f,0.3011f,0f,0f,0f,1f],start_interpolation: 0,interpolation_duration: 1}
$data merge entity $(bone_neck_spine2) {transformation: [-1.4941f,-0.0815f,0.0554f,-0.394f,-0.0898f,1.4727f,-0.2553f,5.4856f,-0.0406f,-0.2581f,-1.4744f,2.2212f,0f,0f,0f,1f],start_interpolation: 0,interpolation_duration: 1}
$data merge entity $(bone_scale_neck_left1) {transformation: [-1.6126f,0.3134f,0.1194f,0.4408f,0.3298f,1.5887f,0.2836f,4.6401f,-0.0612f,0.3016f,-1.6181f,2.3647f,0f,0f,0f,1f],start_interpolation: 0,interpolation_duration: 1}
$data merge entity $(bone_scale_neck_right1) {transformation: [-1.5625f,-0.5172f,-0.0647f,-1.1281f,-0.5206f,1.5387f,0.2725f,4.5458f,-0.0251f,0.279f,-1.6231f,2.322f,0f,0f,0f,1f],start_interpolation: 0,interpolation_duration: 1}
$data merge entity $(bone_blush_right1) {transformation: [-0.9881f,0.0037f,-0.1536f,-0.8702f,-0.0521f,0.9323f,0.3579f,4.0714f,0.1446f,0.3616f,-0.921f,3.6391f,0f,0f,0f,1f],start_interpolation: 0,interpolation_duration: 1}
$data merge entity $(bone_blush_left1) {transformation: [-0.9881f,0.0037f,-0.1536f,0.4392f,-0.0521f,0.9323f,0.3579f,4.1405f,0.1446f,0.3616f,-0.921f,3.4475f,0f,0f,0f,1f],start_interpolation: 0,interpolation_duration: 1}
$data merge entity $(bone_left_head_scales) {transformation: [-0.8055f,0.0037f,-0.5925f,0.3927f,-0.2115f,0.9323f,0.2934f,4.9623f,0.5535f,0.3616f,-0.7502f,3.3478f,0f,0f,0f,1f],start_interpolation: 0,interpolation_duration: 1}
$data merge entity $(bone_left_head_scales2) {transformation: [-0.7213f,0.0037f,-0.6926f,0.4152f,-0.2479f,0.9323f,0.2633f,4.0644f,0.6467f,0.3616f,-0.6715f,3.178f,0f,0f,0f,1f],start_interpolation: 0,interpolation_duration: 1}
$data merge entity $(bone_left_head_scales1) {transformation: [-0.9881f,0.0037f,-0.1536f,0.3923f,-0.0521f,0.9323f,0.3579f,4.8576f,0.1446f,0.3616f,-0.921f,3.3072f,0f,0f,0f,1f],start_interpolation: 0,interpolation_duration: 1}
$data merge entity $(bone_right_head_scales) {transformation: [-0.9474f,0.0037f,0.32f,-0.939f,0.119f,0.9323f,0.3415f,4.8921f,-0.297f,0.3616f,-0.8837f,3.5426f,0f,0f,0f,1f],start_interpolation: 0,interpolation_duration: 1}
$data merge entity $(bone_right_head_scales2) {transformation: [-0.8975f,0.0037f,0.4409f,-0.9165f,0.1626f,0.9323f,0.323f,3.9942f,-0.4099f,0.3616f,-0.8374f,3.3729f,0f,0f,0f,1f],start_interpolation: 0,interpolation_duration: 1}
$data merge entity $(bone_right_head_scales1) {transformation: [-0.9881f,0.0037f,-0.1536f,-0.9394f,-0.0521f,0.9323f,0.3579f,4.7874f,0.1446f,0.3616f,-0.921f,3.502f,0f,0f,0f,1f],start_interpolation: 0,interpolation_duration: 1}
$data merge entity $(bone_head_left_fin1) {transformation: [-0.3645f,0.1017f,-0.9775f,0.3777f,-0.0872f,1.0351f,0.1402f,4.4951f,0.9789f,0.1301f,-0.3515f,3.0773f,0f,0f,0f,1f],start_interpolation: 0,interpolation_duration: 1}
$data merge entity $(bone_head_right_fin1) {transformation: [-0.6359f,-0.1663f,0.8164f,-0.9539f,0.0345f,1.0209f,0.2349f,4.4249f,-0.8325f,0.1693f,-0.614f,3.2721f,0f,0f,0f,1f],start_interpolation: 0,interpolation_duration: 1}
$data merge entity $(bone_right_whisker16) {transformation: [-0.169f,-0.1789f,0.9692f,-1.5628f,0.9758f,-0.1691f,0.139f,3.1912f,0.139f,0.9692f,0.2031f,1.4227f,0f,0f,0f,1f],start_interpolation: 0,interpolation_duration: 1}
$data merge entity $(bone_right_whisker15) {transformation: [0.2545f,-0.2096f,0.9441f,-1.6486f,0.4304f,0.8987f,0.0835f,3.0462f,-0.866f,0.3851f,0.3189f,1.7145f,0f,0f,0f,1f],start_interpolation: 0,interpolation_duration: 1}
$data merge entity $(bone_right_whisker14) {transformation: [0.5452f,-0.3254f,0.7726f,-1.8322f,-0.1749f,0.8572f,0.4845f,3.1051f,-0.8199f,-0.3992f,0.4104f,1.9907f,0f,0f,0f,1f],start_interpolation: 0,interpolation_duration: 1}
$data merge entity $(bone_right_whisker13) {transformation: [0.0166f,-0.4089f,0.9124f,-1.8378f,0.2213f,0.8914f,0.3954f,3.0306f,-0.9751f,0.1954f,0.1052f,2.3192f,0f,0f,0f,1f],start_interpolation: 0,interpolation_duration: 1}
$data merge entity $(bone_right_whisker12) {transformation: [-0.5677f,-0.3786f,0.731f,-1.5828f,-0.357f,0.9134f,0.1957f,3.191f,-0.7418f,-0.1499f,-0.6537f,2.6525f,0f,0f,0f,1f],start_interpolation: 0,interpolation_duration: 1}
$data merge entity $(bone_right_whisker11) {transformation: [-0.9404f,-0.2467f,0.2339f,-1.1603f,-0.2358f,0.969f,0.0738f,3.2969f,-0.2448f,0.0142f,-0.9695f,2.7624f,0f,0f,0f,1f],start_interpolation: 0,interpolation_duration: 1}
$data merge entity $(bone_right_whisker10) {transformation: [-0.5556f,-0.621f,0.5529f,-0.9107f,-0.5188f,0.7785f,0.3532f,3.5299f,-0.6498f,-0.0906f,-0.7547f,3.0543f,0f,0f,0f,1f],start_interpolation: 0,interpolation_duration: 1}
$data merge entity $(bone_right_whisker1) {transformation: [-0.0086f,-0.7046f,0.7096f,-0.9069f,-0.6847f,0.5213f,0.5093f,3.8375f,-0.7287f,-0.4815f,-0.4869f,3.3817f,0f,0f,0f,1f],start_interpolation: 0,interpolation_duration: 1}
$data merge entity $(bone_left_whisker16) {transformation: [-0.1003f,0.4648f,-0.8797f,0.5565f,-0.99f,-0.1351f,0.0414f,3.303f,-0.0996f,0.875f,0.4737f,1.1126f,0f,0f,0f,1f],start_interpolation: 0,interpolation_duration: 1}
$data merge entity $(bone_left_whisker15) {transformation: [0.5342f,0.2172f,-0.817f,0.7365f,-0.3889f,0.9213f,-0.0094f,3.172f,0.7506f,0.3227f,0.5766f,1.3655f,0f,0f,0f,1f],start_interpolation: 0,interpolation_duration: 1}
$data merge entity $(bone_left_whisker14) {transformation: [0.7357f,0.1077f,-0.6687f,0.9844f,0.2424f,0.88f,0.4085f,3.2537f,0.6325f,-0.4626f,0.6213f,1.5786f,0f,0f,0f,1f],start_interpolation: 0,interpolation_duration: 1}
$data merge entity $(bone_left_whisker13) {transformation: [0.3172f,0.3536f,-0.88f,1.0912f,-0.2037f,0.9316f,0.3009f,3.185f,0.9262f,0.0838f,0.3675f,1.8907f,0f,0f,0f,1f],start_interpolation: 0,interpolation_duration: 1}
$data merge entity $(bone_left_whisker12) {transformation: [-0.3657f,0.2238f,-0.9034f,0.9269f,0.3078f,0.9451f,0.1095f,3.3233f,0.8783f,-0.238f,-0.4146f,2.2852f,0f,0f,0f,1f],start_interpolation: 0,interpolation_duration: 1}
$data merge entity $(bone_left_whisker11) {transformation: [-0.8504f,0.1393f,-0.5074f,0.5449f,0.1414f,0.9893f,0.0347f,3.3868f,0.5069f,-0.0423f,-0.861f,2.5129f,0f,0f,0f,1f],start_interpolation: 0,interpolation_duration: 1}
$data merge entity $(bone_left_whisker10) {transformation: [-0.3971f,0.4856f,-0.7788f,0.3666f,0.4685f,0.8369f,0.283f,3.5973f,0.7892f,-0.2525f,-0.5598f,2.8674f,0f,0f,0f,1f],start_interpolation: 0,interpolation_duration: 1}
$data merge entity $(bone_left_whisker1) {transformation: [0.1295f,0.4801f,-0.8676f,0.4247f,0.6911f,0.5837f,0.4262f,3.9078f,0.711f,-0.6548f,-0.2562f,3.1869f,0f,0f,0f,1f],start_interpolation: 0,interpolation_duration: 1}
$data merge entity $(bone_upper_left_tooth1) {transformation: [-0.9881f,-0.0097f,-0.1534f,0.2058f,-0.0521f,0.96f,0.2752f,3.941f,0.1446f,0.28f,-0.9491f,4.2268f,0f,0f,0f,1f],start_interpolation: 0,interpolation_duration: 1}
$data merge entity $(bone_upper_right_tooth1) {transformation: [-0.9881f,-0.0097f,-0.1534f,-0.4601f,-0.0521f,0.96f,0.2752f,3.9059f,0.1446f,0.28f,-0.9491f,4.3242f,0f,0f,0f,1f],start_interpolation: 0,interpolation_duration: 1}
$data merge entity $(bone_top_lip1) {transformation: [-0.9881f,-0.0615f,-0.1408f,-0.1006f,-0.0521f,0.9962f,-0.0697f,4.0435f,0.1446f,-0.0615f,-0.9876f,4.306f,0f,0f,0f,1f],start_interpolation: 0,interpolation_duration: 1}
$data merge entity $(bone_muzzle1) {transformation: [-0.9881f,-0.0097f,-0.1534f,-0.1883f,-0.0521f,0.96f,0.2752f,4.3598f,0.1446f,0.28f,-0.9491f,3.8203f,0f,0f,0f,1f],start_interpolation: 0,interpolation_duration: 1}
$data merge entity $(bone_jaw_right_tooth1) {transformation: [-0.9881f,-0.106f,-0.1113f,-0.4585f,-0.0521f,0.9123f,-0.4062f,3.937f,0.1446f,-0.3956f,-0.907f,4.3459f,0f,0f,0f,1f],start_interpolation: 0,interpolation_duration: 1}
$data merge entity $(bone_jaw_left_tooth1) {transformation: [-0.9881f,-0.106f,-0.1113f,0.2628f,-0.0521f,0.9123f,-0.4062f,3.975f,0.1446f,-0.3956f,-0.907f,4.2404f,0f,0f,0f,1f],start_interpolation: 0,interpolation_duration: 1}
$data merge entity $(bone_tongue1) {transformation: [-0.9881f,-0.049f,-0.1457f,-0.2145f,-0.0521f,0.9985f,0.0174f,3.9618f,0.1446f,0.0248f,-0.9892f,3.4981f,0f,0f,0f,1f],start_interpolation: 0,interpolation_duration: 1}
$data merge entity $(bone_jaw_lips1) {transformation: [-0.9881f,-0.049f,-0.1457f,-0.0218f,-0.0521f,0.9985f,0.0174f,3.8202f,0.1446f,0.0248f,-0.9892f,4.3755f,0f,0f,0f,1f],start_interpolation: 0,interpolation_duration: 1}
$data merge entity $(bone_jaw3) {transformation: [-0.9881f,-0.0851f,-0.128f,-0.1296f,-0.0521f,0.969f,-0.2416f,3.5215f,0.1446f,-0.2321f,-0.9619f,3.5309f,0f,0f,0f,1f],start_interpolation: 0,interpolation_duration: 1}
$data merge entity $(bone_jaw1) {transformation: [-0.9881f,0.0304f,-0.1507f,-0.265f,-0.0521f,0.856f,0.5143f,3.9836f,0.1446f,0.5161f,-0.8443f,2.7724f,0f,0f,0f,1f],start_interpolation: 0,interpolation_duration: 1}
$data merge entity $(bone_tear_right1) {transformation: [-0.9881f,0.0037f,-0.1536f,-0.7977f,-0.0521f,0.9323f,0.3579f,4.4047f,0.1446f,0.3616f,-0.921f,3.8662f,0f,0f,0f,1f],start_interpolation: 0,interpolation_duration: 1}
$data merge entity $(bone_right_pupil1) {transformation: [-0.9881f,0.0037f,-0.1536f,-0.6039f,-0.0521f,0.9323f,0.3579f,4.4949f,0.1446f,0.3616f,-0.921f,3.9421f,0f,0f,0f,1f],start_interpolation: 0,interpolation_duration: 1}
$data merge entity $(bone_right_sad_pupil1) {transformation: [-0.9881f,0.0037f,-0.1536f,-0.6056f,-0.0521f,0.9323f,0.3579f,4.4989f,0.1446f,0.3616f,-0.921f,3.9317f,0f,0f,0f,1f],start_interpolation: 0,interpolation_duration: 1}
$data merge entity $(bone_right_happy_pupil1) {transformation: [-0.9881f,0.0037f,-0.1536f,-0.6334f,-0.0521f,0.9323f,0.3579f,4.4713f,0.1446f,0.3616f,-0.921f,3.9256f,0f,0f,0f,1f],start_interpolation: 0,interpolation_duration: 1}
$data merge entity $(bone_eyelid_right1) {transformation: [-0.9881f,0.0037f,-0.1536f,-0.2648f,-0.0521f,0.9323f,0.3579f,4.6701f,0.1446f,0.3616f,-0.921f,3.3317f,0f,0f,0f,1f],start_interpolation: 0,interpolation_duration: 1}
$data merge entity $(bone_eyelid_expressions_right5) {transformation: [-0.9881f,0.0037f,-0.1536f,-0.7328f,-0.0521f,0.9323f,0.3579f,4.5969f,0.1446f,0.3616f,-0.921f,3.991f,0f,0f,0f,1f],start_interpolation: 0,interpolation_duration: 1}
$data merge entity $(bone_eyelid_expressions_right7) {transformation: [-0.9881f,0.0037f,-0.1536f,-0.3999f,-0.0521f,0.9323f,0.3579f,4.6145f,0.1446f,0.3616f,-0.921f,3.9423f,0f,0f,0f,1f],start_interpolation: 0,interpolation_duration: 1}
$data merge entity $(bone_eyelid_expressions_right6) {transformation: [-0.9881f,0.0037f,-0.1536f,-0.5108f,-0.0521f,0.9323f,0.3579f,4.6086f,0.1446f,0.3616f,-0.921f,3.9585f,0f,0f,0f,1f],start_interpolation: 0,interpolation_duration: 1}
$data merge entity $(bone_right_eye1) {transformation: [-0.9881f,0.0037f,-0.1536f,-0.2742f,-0.0521f,0.9323f,0.3579f,4.6654f,0.1446f,0.3616f,-0.921f,3.3437f,0f,0f,0f,1f],start_interpolation: 0,interpolation_duration: 1}
$data merge entity $(bone_tear_left1) {transformation: [-0.9881f,0.0037f,-0.1536f,0.4008f,-0.0521f,0.9323f,0.3579f,4.4679f,0.1446f,0.3616f,-0.921f,3.6908f,0f,0f,0f,1f],start_interpolation: 0,interpolation_duration: 1}
$data merge entity $(bone_left_sad_pupil1) {transformation: [-0.9881f,0.0037f,-0.1536f,0.2267f,-0.0521f,0.9323f,0.3579f,4.5428f,0.1446f,0.3616f,-0.921f,3.8099f,0f,0f,0f,1f],start_interpolation: 0,interpolation_duration: 1}
$data merge entity $(bone_left_pupil1) {transformation: [-0.9881f,0.0037f,-0.1536f,0.2284f,-0.0521f,0.9323f,0.3579f,4.5388f,0.1446f,0.3616f,-0.921f,3.8203f,0f,0f,0f,1f],start_interpolation: 0,interpolation_duration: 1}
$data merge entity $(bone_eyelid_left1) {transformation: [-0.9881f,0.0037f,-0.1536f,-0.287f,-0.0521f,0.9323f,0.3579f,4.6689f,0.1446f,0.3616f,-0.921f,3.335f,0f,0f,0f,1f],start_interpolation: 0,interpolation_duration: 1}
$data merge entity $(bone_left_happy_pupil1) {transformation: [-0.9881f,0.0037f,-0.1536f,0.2543f,-0.0521f,0.9323f,0.3579f,4.5181f,0.1446f,0.3616f,-0.921f,3.7957f,0f,0f,0f,1f],start_interpolation: 0,interpolation_duration: 1}
$data merge entity $(bone_eyelid_expressions_left5) {transformation: [-0.9881f,0.0037f,-0.1536f,0.3547f,-0.0521f,0.9323f,0.3579f,4.6543f,0.1446f,0.3616f,-0.921f,3.8319f,0f,0f,0f,1f],start_interpolation: 0,interpolation_duration: 1}
$data merge entity $(bone_eyelid_expressions_left7) {transformation: [-0.9881f,0.0037f,-0.1536f,0.0218f,-0.0521f,0.9323f,0.3579f,4.6367f,0.1446f,0.3616f,-0.921f,3.8806f,0f,0f,0f,1f],start_interpolation: 0,interpolation_duration: 1}
$data merge entity $(bone_eyelid_expressions_left6) {transformation: [-0.9881f,0.0037f,-0.1536f,0.1328f,-0.0521f,0.9323f,0.3579f,4.6425f,0.1446f,0.3616f,-0.921f,3.8644f,0f,0f,0f,1f],start_interpolation: 0,interpolation_duration: 1}
$data merge entity $(bone_left_eye1) {transformation: [-0.9881f,0.0037f,-0.1536f,-0.2742f,-0.0521f,0.9323f,0.3579f,4.6654f,0.1446f,0.3616f,-0.921f,3.3437f,0f,0f,0f,1f],start_interpolation: 0,interpolation_duration: 1}
$data merge entity $(bone_crest_middle5) {transformation: [-0.9881f,-0.0296f,-0.1508f,-0.1958f,-0.0521f,0.9877f,0.1476f,5.7868f,0.1446f,0.1537f,-0.9775f,4.2839f,0f,0f,0f,1f],start_interpolation: 0,interpolation_duration: 1}
$data merge entity $(bone_crest_middle4) {transformation: [-0.9881f,-0.0296f,-0.1508f,-0.1758f,-0.0521f,0.9877f,0.1476f,5.1212f,0.1446f,0.1537f,-0.9775f,4.1803f,0f,0f,0f,1f],start_interpolation: 0,interpolation_duration: 1}
$data merge entity $(bone_crest_middle1) {transformation: [-0.9881f,-0.0296f,-0.1508f,-0.1482f,-0.0521f,0.9877f,0.1476f,4.6097f,0.1446f,0.1537f,-0.9775f,4.185f,0f,0f,0f,1f],start_interpolation: 0,interpolation_duration: 1}
$data merge entity $(bone_crest_left5) {transformation: [-0.5341f,-0.8443f,-0.0438f,-1.2744f,-0.8143f,0.4998f,0.2952f,5.0959f,-0.2273f,0.1933f,-0.9544f,4.3027f,0f,0f,0f,1f],start_interpolation: 0,interpolation_duration: 1}
$data merge entity $(bone_crest_left4) {transformation: [-0.5341f,-0.8443f,-0.0438f,-0.8003f,-0.8143f,0.4998f,0.2952f,4.8153f,-0.2273f,0.1933f,-0.9544f,4.1942f,0f,0f,0f,1f],start_interpolation: 0,interpolation_duration: 1}
$data merge entity $(bone_crest_left1) {transformation: [-0.5341f,-0.8443f,-0.0438f,-0.2812f,-0.8143f,0.4998f,0.2952f,4.5232f,-0.2273f,0.1933f,-0.9544f,4.0212f,0f,0f,0f,1f],start_interpolation: 0,interpolation_duration: 1}
$data merge entity $(bone_crest_center1) {transformation: [-0.9881f,0.0037f,-0.1536f,-0.1704f,-0.0521f,0.9323f,0.3579f,4.5028f,0.1446f,0.3616f,-0.921f,3.9948f,0f,0f,0f,1f],start_interpolation: 0,interpolation_duration: 1}
$data merge entity $(bone_crest_right5) {transformation: [-0.5278f,0.8082f,-0.2614f,0.9084f,0.7583f,0.5869f,0.2837f,5.211f,0.3827f,-0.0485f,-0.9226f,3.9833f,0f,0f,0f,1f],start_interpolation: 0,interpolation_duration: 1}
$data merge entity $(bone_crest_right4) {transformation: [-0.5278f,0.8082f,-0.2614f,0.4546f,0.7583f,0.5869f,0.2837f,4.8815f,0.3827f,-0.0485f,-0.9226f,4.0105f,0f,0f,0f,1f],start_interpolation: 0,interpolation_duration: 1}
$data merge entity $(bone_crest_right1) {transformation: [-0.5278f,0.8082f,-0.2614f,-0.0593f,0.7583f,0.5869f,0.2837f,4.5349f,0.3827f,-0.0485f,-0.9226f,3.9887f,0f,0f,0f,1f],start_interpolation: 0,interpolation_duration: 1}
$data merge entity $(bone_head1) {transformation: [-1.0357f,0.0039f,-0.161f,-0.3693f,-0.0546f,0.9772f,0.3751f,4.8341f,0.1515f,0.379f,-0.9654f,2.7545f,0f,0f,0f,1f],start_interpolation: 0,interpolation_duration: 1}
$data merge entity $(bone_neck10) {transformation: [-1.4941f,-0.088f,0.0443f,-0.3113f,-0.0898f,1.4935f,-0.0609f,4.3427f,-0.0406f,-0.0634f,-1.4955f,1.7079f,0f,0f,0f,1f],start_interpolation: 0,interpolation_duration: 1}
$data merge entity $(bone_neck9) {transformation: [-1.143f,-0.0679f,-0.0328f,-0.2355f,-0.0687f,0.7325f,0.878f,3.5372f,-0.0311f,0.8781f,-0.735f,0.7019f,0f,0f,0f,1f],start_interpolation: 0,interpolation_duration: 1}
$data merge entity $(bone_neck8) {transformation: [-1.0608f,-0.0571f,-0.0405f,-0.1804f,-0.0638f,0.5354f,0.9163f,3.0483f,-0.0288f,0.9167f,-0.5377f,-0.2465f,0f,0f,0f,1f],start_interpolation: 0,interpolation_duration: 1}
$data merge entity $(bone_neck7) {transformation: [-1.0544f,0.0211f,-0.0474f,-0.2017f,-0.0355f,0.4092f,0.9725f,2.6348f,0.0378f,0.9729f,-0.408f,-1.2297f,0f,0f,0f,1f],start_interpolation: 0,interpolation_duration: 1}
$data merge entity $(bone_neck6) {transformation: [-1.0298f,0.1723f,-0.1079f,-0.3615f,-0.0915f,0.1046f,1.0404f,2.5542f,0.1815f,1.0301f,-0.0876f,-2.177f,0f,0f,0f,1f],start_interpolation: 0,interpolation_duration: 1}
$data merge entity $(bone_neck_spine6) {transformation: [-1.2724f,-0.0287f,0.0068f,-0.9444f,0.0086f,-0.0782f,1.2704f,3.328f,-0.0283f,1.2701f,0.0783f,-5.7209f,0f,0f,0f,1f],start_interpolation: 0,interpolation_duration: 1}
$data merge entity $(bone_neck_spine7) {transformation: [-0.9728f,-0.2298f,0.0294f,-0.5976f,0.0781f,-0.2055f,0.9755f,4.2153f,-0.2181f,0.9513f,0.2178f,-8.958f,0f,0f,0f,1f],start_interpolation: 0,interpolation_duration: 1}
$data merge entity $(bone_tail6) {transformation: [-1.6802f,-0.3055f,0.2215f,0.4083f,0.1632f,0.3234f,1.6835f,4.4622f,-0.3402f,1.6636f,-0.2866f,-12.7813f,0f,0f,0f,1f],start_interpolation: 0,interpolation_duration: 1}
$data merge entity $(bone_tail5) {transformation: [-1.388f,-0.2803f,0.1364f,0.2313f,0.1348f,0.0216f,1.416f,4.4758f,-0.2811f,1.3945f,0.0055f,-11.9006f,0f,0f,0f,1f],start_interpolation: 0,interpolation_duration: 1}
$data merge entity $(bone_tail4) {transformation: [-1.0239f,-0.1952f,0.1103f,0.1476f,0.1185f,-0.0337f,1.0409f,4.4614f,-0.1903f,1.0293f,0.055f,-11.4594f,0f,0f,0f,1f],start_interpolation: 0,interpolation_duration: 1}
$data merge entity $(bone_segment18) {transformation: [-0.9442f,-0.3121f,0.1052f,-0.0276f,0.1163f,-0.0171f,0.9931f,4.4518f,-0.3081f,0.9499f,0.0525f,-10.926f,0f,0f,0f,1f],start_interpolation: 0,interpolation_duration: 1}
$data merge entity $(bone_segment17) {transformation: [-0.9518f,-0.3031f,0.0462f,-0.2489f,0.1115f,-0.2017f,0.9731f,4.3045f,-0.2856f,0.9314f,0.2257f,-10.2461f,0f,0f,0f,1f],start_interpolation: 0,interpolation_duration: 1}
$data merge entity $(bone_segment16) {transformation: [-0.959f,-0.2832f,-0.0102f,-0.5192f,0.1023f,-0.3793f,0.9196f,3.9425f,-0.2643f,0.8809f,0.3927f,-9.4053f,0f,0f,0f,1f],start_interpolation: 0,interpolation_duration: 1}
$data merge entity $(bone_segment15) {transformation: [-0.9728f,-0.2296f,-0.031f,-0.7899f,0.0781f,-0.451f,0.8891f,3.4107f,-0.2181f,0.8625f,0.4566f,-8.3882f,0f,0f,0f,1f],start_interpolation: 0,interpolation_duration: 1}
$data merge entity $(bone_segment14) {transformation: [-1.0424f,-0.1082f,-0.0186f,-0.9116f,0.0271f,-0.4252f,0.9577f,2.9323f,-0.1064f,0.9519f,0.4257f,-7.3173f,0f,0f,0f,1f],start_interpolation: 0,interpolation_duration: 1}
$data merge entity $(bone_segment13) {transformation: [-1.0254f,-0.0238f,0.0014f,-0.9403f,0.0069f,-0.2398f,0.9973f,2.6162f,-0.0228f,0.997f,0.2399f,-6.1231f,0f,0f,0f,1f],start_interpolation: 0,interpolation_duration: 1}
$data merge entity $(bone_segment12) {transformation: [-1.1088f,0.1227f,0.0058f,-0.7921f,-0.0026f,-0.0764f,1.1129f,2.5239f,0.1228f,1.1062f,0.0762f,-4.7868f,0f,0f,0f,1f],start_interpolation: 0,interpolation_duration: 1}
$data merge entity $(bone_segment11) {transformation: [-1.1703f,0.218f,-0.0066f,-0.5402f,-0.0002f,0.0347f,1.1899f,2.5641f,0.2181f,1.1698f,-0.0341f,-3.4349f,0f,0f,0f,1f],start_interpolation: 0,interpolation_duration: 1}
$data merge entity $(bone_segment10) {transformation: [-1.0378f,0.1474f,0.0006f,-0.3541f,0f,-0.0043f,1.0482f,2.5743f,0.1474f,1.0378f,0.0043f,-2.125f,0f,0f,0f,1f],start_interpolation: 0,interpolation_duration: 1}
data modify entity @s data merge value {"cameras":{},"locators":{"mouth":{"px":0.01051122166472454,"py":3.847866971076704,"pz":4.994785544148548,"ry":179.40701497641035,"rx":68.79921974950541}}}
function animated_java:gyarados/animations/water_idle/zzz/frames/on_tick/transform_floating_entities