# This file was generated by Animated Java via MC-Build. It is not recommended to edit this file directly.
$data merge entity $(bone_neck_spine5) {transformation: [-1.5697f,-0.0899f,0.0014f,-0.1085f,-0.0718f,1.2671f,0.9281f,4.1598f,-0.0542f,0.9265f,-1.2691f,0.3276f,0f,0f,0f,1f],start_interpolation: 0,interpolation_duration: 1}
$data merge entity $(bone_neck_spine2) {transformation: [-1.4949f,-0.0596f,0.0615f,-0.3466f,-0.0683f,1.4783f,-0.2283f,5.4412f,-0.0516f,-0.2307f,-1.4786f,2.2707f,0f,0f,0f,1f],start_interpolation: 0,interpolation_duration: 1}
$data merge entity $(bone_scale_neck_left1) {transformation: [-1.6075f,0.3332f,0.1338f,0.4755f,0.3531f,1.5782f,0.3123f,4.5817f,-0.065f,0.3335f,-1.6117f,2.4033f,0f,0f,0f,1f],start_interpolation: 0,interpolation_duration: 1}
$data merge entity $(bone_scale_neck_right1) {transformation: [-1.5693f,-0.4978f,-0.0504f,-1.0942f,-0.4984f,1.5402f,0.3039f,4.51f,-0.0447f,0.3048f,-1.6181f,2.3491f,0f,0f,0f,1f],start_interpolation: 0,interpolation_duration: 1}
$data merge entity $(bone_blush_right1) {transformation: [-0.9894f,0.0153f,-0.1445f,-0.8499f,-0.0411f,0.9246f,0.3788f,4.006f,0.1394f,0.3807f,-0.9141f,3.6583f,0f,0f,0f,1f],start_interpolation: 0,interpolation_duration: 1}
$data merge entity $(bone_blush_left1) {transformation: [-0.9894f,0.0153f,-0.1445f,0.4613f,-0.0411f,0.9246f,0.3788f,4.0604f,0.1394f,0.3807f,-0.9141f,3.4735f,0f,0f,0f,1f],start_interpolation: 0,interpolation_duration: 1}
$data merge entity $(bone_left_head_scales) {transformation: [-0.8109f,0.0153f,-0.5851f,0.4267f,-0.2114f,0.9246f,0.3171f,4.8847f,0.5457f,0.3807f,-0.7465f,3.3906f,0f,0f,0f,1f],start_interpolation: 0,interpolation_duration: 1}
$data merge entity $(bone_left_head_scales2) {transformation: [-0.7276f,0.0153f,-0.6859f,0.4373f,-0.2509f,0.9246f,0.2868f,3.9902f,0.6385f,0.3807f,-0.6688f,3.2025f,0f,0f,0f,1f],start_interpolation: 0,interpolation_duration: 1}
$data merge entity $(bone_left_head_scales1) {transformation: [-0.9894f,0.0153f,-0.1445f,0.425f,-0.0411f,0.9246f,0.3788f,4.7809f,0.1394f,0.3807f,-0.9141f,3.3479f,0f,0f,0f,1f],start_interpolation: 0,interpolation_duration: 1}
$data merge entity $(bone_right_head_scales) {transformation: [-0.9443f,0.0153f,0.3286f,-0.9066f,0.1385f,0.9246f,0.355f,4.8293f,-0.2984f,0.3807f,-0.8752f,3.5785f,0f,0f,0f,1f],start_interpolation: 0,interpolation_duration: 1}
$data merge entity $(bone_right_head_scales2) {transformation: [-0.8934f,0.0153f,0.4491f,-0.896f,0.1836f,0.9246f,0.3339f,3.9349f,-0.4101f,0.3807f,-0.8288f,3.3904f,0f,0f,0f,1f],start_interpolation: 0,interpolation_duration: 1}
$data merge entity $(bone_right_head_scales1) {transformation: [-0.9894f,0.0153f,-0.1445f,-0.9084f,-0.0411f,0.9246f,0.3788f,4.7255f,0.1394f,0.3807f,-0.9141f,3.5357f,0f,0f,0f,1f],start_interpolation: 0,interpolation_duration: 1}
$data merge entity $(bone_head_left_fin1) {transformation: [-0.37f,0.1157f,-0.9739f,0.4064f,-0.1021f,1.0307f,0.1612f,4.4234f,0.9754f,0.1518f,-0.3525f,3.1105f,0f,0f,0f,1f],start_interpolation: 0,interpolation_duration: 1}
$data merge entity $(bone_head_right_fin1) {transformation: [-0.6317f,-0.1527f,0.8224f,-0.927f,0.0605f,1.0195f,0.2358f,4.3681f,-0.8342f,0.1896f,-0.6056f,3.2984f,0f,0f,0f,1f],start_interpolation: 0,interpolation_duration: 1}
$data merge entity $(bone_right_whisker16) {transformation: [-0.1559f,-0.1855f,0.9702f,-1.545f,0.975f,-0.1864f,0.121f,3.1814f,0.1584f,0.9648f,0.2099f,1.4215f,0f,0f,0f,1f],start_interpolation: 0,interpolation_duration: 1}
$data merge entity $(bone_right_whisker15) {transformation: [0.2643f,-0.1986f,0.9438f,-1.6341f,0.4445f,0.8935f,0.0636f,3.0316f,-0.8559f,0.4027f,0.3244f,1.7099f,0f,0f,0f,1f],start_interpolation: 0,interpolation_duration: 1}
$data merge entity $(bone_right_whisker14) {transformation: [0.5463f,-0.3116f,0.7775f,-1.8181f,-0.1657f,0.8697f,0.465f,3.0874f,-0.821f,-0.3828f,0.4235f,1.9865f,0f,0f,0f,1f],start_interpolation: 0,interpolation_duration: 1}
$data merge entity $(bone_right_whisker13) {transformation: [0.024f,-0.3972f,0.9174f,-1.8262f,0.241f,0.8929f,0.3802f,3.0062f,-0.9702f,0.212f,0.1171f,2.3134f,0f,0f,0f,1f],start_interpolation: 0,interpolation_duration: 1}
$data merge entity $(bone_right_whisker12) {transformation: [-0.5694f,-0.365f,0.7366f,-1.5704f,-0.3337f,0.9215f,0.1987f,3.1561f,-0.7513f,-0.1326f,-0.6465f,2.6508f,0f,0f,0f,1f],start_interpolation: 0,interpolation_duration: 1}
$data merge entity $(bone_right_whisker11) {transformation: [-0.9426f,-0.2331f,0.2392f,-1.147f,-0.2174f,0.9719f,0.0903f,3.2538f,-0.2535f,0.0331f,-0.9668f,2.7647f,0f,0f,0f,1f],start_interpolation: 0,interpolation_duration: 1}
$data merge entity $(bone_right_whisker10) {transformation: [-0.5599f,-0.6096f,0.5611f,-0.8954f,-0.4974f,0.7889f,0.3608f,3.4772f,-0.6626f,-0.0771f,-0.745f,3.0624f,0f,0f,0f,1f],start_interpolation: 0,interpolation_duration: 1}
$data merge entity $(bone_right_whisker1) {transformation: [-0.015f,-0.6951f,0.7188f,-0.8887f,-0.6694f,0.5409f,0.5091f,3.778f,-0.7427f,-0.4735f,-0.4734f,3.396f,0f,0f,0f,1f],start_interpolation: 0,interpolation_duration: 1}
$data merge entity $(bone_left_whisker16) {transformation: [-0.1137f,0.459f,-0.8811f,0.577f,-0.9862f,-0.1596f,0.0441f,3.2695f,-0.1204f,0.874f,0.4708f,1.1225f,0f,0f,0f,1f],start_interpolation: 0,interpolation_duration: 1}
$data merge entity $(bone_left_whisker15) {transformation: [0.5254f,0.2287f,-0.8196f,0.7541f,-0.4117f,0.9113f,-0.0097f,3.1308f,0.7446f,0.3425f,0.5729f,1.3734f,0f,0f,0f,1f],start_interpolation: 0,interpolation_duration: 1}
$data merge entity $(bone_left_whisker14) {transformation: [0.7362f,0.1221f,-0.6656f,1.0021f,0.2189f,0.8877f,0.405f,3.2046f,0.6403f,-0.4439f,0.6268f,1.5891f,0f,0f,0f,1f],start_interpolation: 0,interpolation_duration: 1}
$data merge entity $(bone_left_whisker13) {transformation: [0.3102f,0.3663f,-0.8773f,1.1066f,-0.2272f,0.9246f,0.3057f,3.128f,0.9231f,0.1044f,0.37f,1.9001f,0f,0f,0f,1f],start_interpolation: 0,interpolation_duration: 1}
$data merge entity $(bone_left_whisker12) {transformation: [-0.3653f,0.2381f,-0.8999f,0.9425f,0.2948f,0.9466f,0.1308f,3.2605f,0.883f,-0.2176f,-0.4159f,2.2968f,0f,0f,0f,1f],start_interpolation: 0,interpolation_duration: 1}
$data merge entity $(bone_left_whisker11) {transformation: [-0.8505f,0.1534f,-0.5031f,0.5605f,0.143f,0.9879f,0.0595f,3.3247f,0.5062f,-0.0213f,-0.8622f,2.5241f,0f,0f,0f,1f],start_interpolation: 0,interpolation_duration: 1}
$data merge entity $(bone_left_whisker10) {transformation: [-0.3939f,0.4985f,-0.7722f,0.3835f,0.4578f,0.835f,0.3054f,3.5303f,0.797f,-0.2332f,-0.5571f,2.8822f,0f,0f,0f,1f],start_interpolation: 0,interpolation_duration: 1}
$data merge entity $(bone_left_whisker1) {transformation: [0.1361f,0.4911f,-0.8604f,0.4447f,0.6745f,0.5902f,0.4436f,3.8333f,0.7257f,-0.6407f,-0.2509f,3.2082f,0f,0f,0f,1f],start_interpolation: 0,interpolation_duration: 1}
$data merge entity $(bone_upper_left_tooth1) {transformation: [-0.9894f,0.0026f,-0.1453f,0.2216f,-0.0411f,0.9541f,0.2968f,3.8483f,0.1394f,0.2996f,-0.9438f,4.2476f,0f,0f,0f,1f],start_interpolation: 0,interpolation_duration: 1}
$data merge entity $(bone_upper_right_tooth1) {transformation: [-0.9894f,0.0026f,-0.1453f,-0.4451f,-0.0411f,0.9541f,0.2968f,3.8207f,0.1394f,0.2996f,-0.9438f,4.3416f,0f,0f,0f,1f],start_interpolation: 0,interpolation_duration: 1}
$data merge entity $(bone_top_lip1) {transformation: [-0.9894f,-0.0473f,-0.1374f,-0.0836f,-0.0411f,0.998f,-0.0474f,3.9535f,0.1394f,-0.0412f,-0.9894f,4.3277f,0f,0f,0f,1f],start_interpolation: 0,interpolation_duration: 1}
$data merge entity $(bone_muzzle1) {transformation: [-0.9894f,0.0026f,-0.1453f,-0.1648f,-0.0411f,0.9541f,0.2968f,4.2809f,0.1394f,0.2996f,-0.9438f,3.8482f,0f,0f,0f,1f],start_interpolation: 0,interpolation_duration: 1}
$data merge entity $(bone_jaw_right_tooth1) {transformation: [-0.9894f,-0.0914f,-0.113f,-0.4432f,-0.0411f,0.9216f,-0.3859f,3.8513f,0.1394f,-0.3771f,-0.9156f,4.3639f,0f,0f,0f,1f],start_interpolation: 0,interpolation_duration: 1}
$data merge entity $(bone_jaw_left_tooth1) {transformation: [-0.9894f,-0.0914f,-0.113f,0.279f,-0.0411f,0.9216f,-0.3859f,3.8813f,0.1394f,-0.3771f,-0.9156f,4.2622f,0f,0f,0f,1f],start_interpolation: 0,interpolation_duration: 1}
$data merge entity $(bone_tongue1) {transformation: [-0.9894f,-0.0351f,-0.141f,-0.1951f,-0.0411f,0.9984f,0.0398f,3.89f,0.1394f,0.0451f,-0.9892f,3.5179f,0f,0f,0f,1f],start_interpolation: 0,interpolation_duration: 1}
$data merge entity $(bone_jaw_lips1) {transformation: [-0.9894f,-0.0351f,-0.141f,-0.0083f,-0.0411f,0.9984f,0.0398f,3.7277f,0.1394f,0.0451f,-0.9892f,4.3929f,0f,0f,0f,1f],start_interpolation: 0,interpolation_duration: 1}
$data merge entity $(bone_jaw3) {transformation: [-0.9894f,-0.0704f,-0.1271f,-0.1166f,-0.0411f,0.9746f,-0.22f,3.448f,0.1394f,-0.2124f,-0.9672f,3.5419f,0f,0f,0f,1f],start_interpolation: 0,interpolation_duration: 1}
$data merge entity $(bone_jaw1) {transformation: [-0.9894f,0.0401f,-0.1397f,-0.2421f,-0.0411f,0.8447f,0.5336f,3.9274f,0.1394f,0.5337f,-0.8341f,2.7925f,0f,0f,0f,1f],start_interpolation: 0,interpolation_duration: 1}
$data merge entity $(bone_tear_right1) {transformation: [-0.9894f,0.0153f,-0.1445f,-0.7737f,-0.0411f,0.9246f,0.3788f,4.3334f,0.1394f,0.3807f,-0.9141f,3.8925f,0f,0f,0f,1f],start_interpolation: 0,interpolation_duration: 1}
$data merge entity $(bone_right_pupil1) {transformation: [-0.9894f,0.0153f,-0.1445f,-0.5789f,-0.0411f,0.9246f,0.3788f,4.4193f,0.1394f,0.3807f,-0.9141f,3.971f,0f,0f,0f,1f],start_interpolation: 0,interpolation_duration: 1}
$data merge entity $(bone_right_sad_pupil1) {transformation: [-0.9894f,0.0153f,-0.1445f,-0.5805f,-0.0411f,0.9246f,0.3788f,4.4236f,0.1394f,0.3807f,-0.9141f,3.9608f,0f,0f,0f,1f],start_interpolation: 0,interpolation_duration: 1}
$data merge entity $(bone_right_happy_pupil1) {transformation: [-0.9894f,0.0153f,-0.1445f,-0.6087f,-0.0411f,0.9246f,0.3788f,4.3965f,0.1394f,0.3807f,-0.9141f,3.954f,0f,0f,0f,1f],start_interpolation: 0,interpolation_duration: 1}
$data merge entity $(bone_eyelid_right1) {transformation: [-0.9894f,0.0153f,-0.1445f,-0.2348f,-0.0411f,0.9246f,0.3788f,4.6022f,0.1394f,0.3807f,-0.9141f,3.3658f,0f,0f,0f,1f],start_interpolation: 0,interpolation_duration: 1}
$data merge entity $(bone_eyelid_expressions_right5) {transformation: [-0.9894f,0.0153f,-0.1445f,-0.7066f,-0.0411f,0.9246f,0.3788f,4.5221f,0.1394f,0.3807f,-0.9141f,4.0215f,0f,0f,0f,1f],start_interpolation: 0,interpolation_duration: 1}
$data merge entity $(bone_eyelid_expressions_right7) {transformation: [-0.9894f,0.0153f,-0.1445f,-0.3733f,-0.0411f,0.9246f,0.3788f,4.536f,0.1394f,0.3807f,-0.9141f,3.9746f,0f,0f,0f,1f],start_interpolation: 0,interpolation_duration: 1}
$data merge entity $(bone_eyelid_expressions_right6) {transformation: [-0.9894f,0.0153f,-0.1445f,-0.4844f,-0.0411f,0.9246f,0.3788f,4.5313f,0.1394f,0.3807f,-0.9141f,3.9902f,0f,0f,0f,1f],start_interpolation: 0,interpolation_duration: 1}
$data merge entity $(bone_right_eye1) {transformation: [-0.9894f,0.0153f,-0.1445f,-0.2443f,-0.0411f,0.9246f,0.3788f,4.5974f,0.1394f,0.3807f,-0.9141f,3.3777f,0f,0f,0f,1f],start_interpolation: 0,interpolation_duration: 1}
$data merge entity $(bone_tear_left1) {transformation: [-0.9894f,0.0153f,-0.1445f,0.4263f,-0.0411f,0.9246f,0.3788f,4.3833f,0.1394f,0.3807f,-0.9141f,3.7234f,0f,0f,0f,1f],start_interpolation: 0,interpolation_duration: 1}
$data merge entity $(bone_left_sad_pupil1) {transformation: [-0.9894f,0.0153f,-0.1445f,0.2528f,-0.0411f,0.9246f,0.3788f,4.4582f,0.1394f,0.3807f,-0.9141f,3.8434f,0f,0f,0f,1f],start_interpolation: 0,interpolation_duration: 1}
$data merge entity $(bone_left_pupil1) {transformation: [-0.9894f,0.0153f,-0.1445f,0.2544f,-0.0411f,0.9246f,0.3788f,4.4539f,0.1394f,0.3807f,-0.9141f,3.8536f,0f,0f,0f,1f],start_interpolation: 0,interpolation_duration: 1}
$data merge entity $(bone_eyelid_left1) {transformation: [-0.9894f,0.0153f,-0.1445f,-0.257f,-0.0411f,0.9246f,0.3788f,4.6012f,0.1394f,0.3807f,-0.9141f,3.369f,0f,0f,0f,1f],start_interpolation: 0,interpolation_duration: 1}
$data merge entity $(bone_left_happy_pupil1) {transformation: [-0.9894f,0.0153f,-0.1445f,0.2802f,-0.0411f,0.9246f,0.3788f,4.4334f,0.1394f,0.3807f,-0.9141f,3.8287f,0f,0f,0f,1f],start_interpolation: 0,interpolation_duration: 1}
$data merge entity $(bone_eyelid_expressions_left5) {transformation: [-0.9894f,0.0153f,-0.1445f,0.3823f,-0.0411f,0.9246f,0.3788f,4.5673f,0.1394f,0.3807f,-0.9141f,3.8681f,0f,0f,0f,1f],start_interpolation: 0,interpolation_duration: 1}
$data merge entity $(bone_eyelid_expressions_left7) {transformation: [-0.9894f,0.0153f,-0.1445f,0.049f,-0.0411f,0.9246f,0.3788f,4.5535f,0.1394f,0.3807f,-0.9141f,3.9151f,0f,0f,0f,1f],start_interpolation: 0,interpolation_duration: 1}
$data merge entity $(bone_eyelid_expressions_left6) {transformation: [-0.9894f,0.0153f,-0.1445f,0.1601f,-0.0411f,0.9246f,0.3788f,4.5581f,0.1394f,0.3807f,-0.9141f,3.8994f,0f,0f,0f,1f],start_interpolation: 0,interpolation_duration: 1}
$data merge entity $(bone_left_eye1) {transformation: [-0.9894f,0.0153f,-0.1445f,-0.2443f,-0.0411f,0.9246f,0.3788f,4.5974f,0.1394f,0.3807f,-0.9141f,3.3777f,0f,0f,0f,1f],start_interpolation: 0,interpolation_duration: 1}
$data merge entity $(bone_crest_middle5) {transformation: [-0.9894f,-0.0164f,-0.1444f,-0.1542f,-0.0411f,0.9846f,0.1697f,5.698f,0.1394f,0.1739f,-0.9749f,4.3411f,0f,0f,0f,1f],start_interpolation: 0,interpolation_duration: 1}
$data merge entity $(bone_crest_middle4) {transformation: [-0.9894f,-0.0164f,-0.1444f,-0.1432f,-0.0411f,0.9846f,0.1697f,5.0345f,0.1394f,0.1739f,-0.9749f,4.2239f,0f,0f,0f,1f],start_interpolation: 0,interpolation_duration: 1}
$data merge entity $(bone_crest_middle1) {transformation: [-0.9894f,-0.0164f,-0.1444f,-0.1227f,-0.0411f,0.9846f,0.1697f,4.5226f,0.1394f,0.1739f,-0.9749f,4.2181f,0f,0f,0f,1f],start_interpolation: 0,interpolation_duration: 1}
$data merge entity $(bone_crest_left5) {transformation: [-0.5445f,-0.838f,-0.0355f,-1.2425f,-0.8018f,0.5076f,0.3153f,5.0223f,-0.2462f,0.2001f,-0.9483f,4.3412f,0f,0f,0f,1f],start_interpolation: 0,interpolation_duration: 1}
$data merge entity $(bone_crest_left4) {transformation: [-0.5445f,-0.838f,-0.0355f,-0.7719f,-0.8018f,0.5076f,0.3153f,4.7372f,-0.2462f,0.2001f,-0.9483f,4.2289f,0f,0f,0f,1f],start_interpolation: 0,interpolation_duration: 1}
$data merge entity $(bone_crest_left1) {transformation: [-0.5445f,-0.838f,-0.0355f,-0.2563f,-0.8018f,0.5076f,0.3153f,4.4414f,-0.2462f,0.2001f,-0.9483f,4.052f,0f,0f,0f,1f],start_interpolation: 0,interpolation_duration: 1}
$data merge entity $(bone_crest_center1) {transformation: [-0.9894f,0.0153f,-0.1445f,-0.1456f,-0.0411f,0.9246f,0.3788f,4.4201f,0.1394f,0.3807f,-0.9141f,4.0257f,0f,0f,0f,1f],start_interpolation: 0,interpolation_duration: 1}
$data merge entity $(bone_crest_right5) {transformation: [-0.5187f,0.8166f,-0.2533f,0.9431f,0.7577f,0.5763f,0.3062f,5.113f,0.396f,-0.0331f,-0.9176f,4.0333f,0f,0f,0f,1f],start_interpolation: 0,interpolation_duration: 1}
$data merge entity $(bone_crest_right4) {transformation: [-0.5187f,0.8166f,-0.2533f,0.4846f,0.7577f,0.5763f,0.3062f,4.7894f,0.396f,-0.0331f,-0.9176f,4.0518f,0f,0f,0f,1f],start_interpolation: 0,interpolation_duration: 1}
$data merge entity $(bone_crest_right1) {transformation: [-0.5187f,0.8166f,-0.2533f,-0.034f,0.7577f,0.5763f,0.3062f,4.4506f,0.396f,-0.0331f,-0.9176f,4.0207f,0f,0f,0f,1f],start_interpolation: 0,interpolation_duration: 1}
$data merge entity $(bone_head1) {transformation: [-1.037f,0.016f,-0.1515f,-0.3344f,-0.0431f,0.9691f,0.3971f,4.7795f,0.1461f,0.3991f,-0.9581f,2.7917f,0f,0f,0f,1f],start_interpolation: 0,interpolation_duration: 1}
$data merge entity $(bone_neck10) {transformation: [-1.4949f,-0.0671f,0.0532f,-0.2764f,-0.0683f,1.4955f,-0.0333f,4.3071f,-0.0516f,-0.0357f,-1.4961f,1.7364f,0f,0f,0f,1f],start_interpolation: 0,interpolation_duration: 1}
$data merge entity $(bone_neck9) {transformation: [-1.1436f,-0.0635f,-0.016f,-0.2051f,-0.0523f,0.7167f,0.8921f,3.5197f,-0.0395f,0.8914f,-0.7184f,0.7158f,0f,0f,0f,1f],start_interpolation: 0,interpolation_duration: 1}
$data merge entity $(bone_neck8) {transformation: [-1.0614f,-0.0557f,-0.0244f,-0.1505f,-0.0485f,0.5193f,0.9264f,3.0475f,-0.0367f,0.926f,-0.521f,-0.241f,0f,0f,0f,1f],start_interpolation: 0,interpolation_duration: 1}
$data merge entity $(bone_neck7) {transformation: [-1.055f,0.0217f,-0.031f,-0.1724f,-0.0206f,0.3973f,0.9778f,2.646f,0.0318f,0.9778f,-0.3966f,-1.2292f,0f,0f,0f,1f],start_interpolation: 0,interpolation_duration: 1}
$data merge entity $(bone_neck6) {transformation: [-1.0338f,0.1594f,-0.088f,-0.3201f,-0.0745f,0.0929f,1.0429f,2.5762f,0.1662f,1.0333f,-0.0802f,-2.1793f,0f,0f,0f,1f],start_interpolation: 0,interpolation_duration: 1}
$data merge entity $(bone_neck_spine6) {transformation: [-1.2726f,0.0213f,0.0011f,-0.9375f,0.0008f,-0.0188f,1.2726f,3.2791f,0.0213f,1.2725f,0.0188f,-5.7517f,0f,0f,0f,1f],start_interpolation: 0,interpolation_duration: 1}
$data merge entity $(bone_neck_spine7) {transformation: [-0.9808f,-0.193f,0.0292f,-0.7407f,0.0674f,-0.1947f,0.9785f,4.0481f,-0.1832f,0.9617f,0.204f,-9.0071f,0f,0f,0f,1f],start_interpolation: 0,interpolation_duration: 1}
$data merge entity $(bone_tail6) {transformation: [-1.6636f,-0.3779f,0.2342f,0.3315f,0.1837f,0.2418f,1.695f,4.4123f,-0.4049f,1.6625f,-0.1933f,-12.7959f,0f,0f,0f,1f],start_interpolation: 0,interpolation_duration: 1}
$data merge entity $(bone_tail5) {transformation: [-1.3743f,-0.3411f,0.1363f,0.1161f,0.1517f,-0.0464f,1.4136f,4.383f,-0.3345f,1.3803f,0.0812f,-11.9242f,0f,0f,0f,1f],start_interpolation: 0,interpolation_duration: 1}
$data merge entity $(bone_tail4) {transformation: [-1.0146f,-0.24f,0.108f,0.0132f,0.1302f,-0.0839f,1.0367f,4.3471f,-0.2288f,1.0169f,0.111f,-11.4884f,0f,0f,0f,1f],start_interpolation: 0,interpolation_duration: 1}
$data merge entity $(bone_segment18) {transformation: [-0.9298f,-0.3534f,0.103f,-0.1852f,0.1336f,-0.0631f,0.989f,4.3116f,-0.343f,0.9333f,0.1059f,-10.9643f,0f,0f,0f,1f],start_interpolation: 0,interpolation_duration: 1}
$data merge entity $(bone_segment17) {transformation: [-0.9472f,-0.3176f,0.0438f,-0.4171f,0.122f,-0.2305f,0.9654f,4.1433f,-0.2965f,0.9198f,0.2571f,-10.2929f,0f,0f,0f,1f],start_interpolation: 0,interpolation_duration: 1}
$data merge entity $(bone_segment16) {transformation: [-0.9623f,-0.2717f,-0.0087f,-0.6765f,0.1022f,-0.391f,0.9147f,3.7701f,-0.252f,0.8793f,0.4041f,-9.4534f,0f,0f,0f,1f],start_interpolation: 0,interpolation_duration: 1}
$data merge entity $(bone_segment15) {transformation: [-0.9808f,-0.194f,-0.0218f,-0.9052f,0.0674f,-0.4413f,0.8948f,3.2496f,-0.1832f,0.8761f,0.4459f,-8.4203f,0f,0f,0f,1f],start_interpolation: 0,interpolation_duration: 1}
$data merge entity $(bone_segment14) {transformation: [-1.0468f,-0.0524f,-0.0063f,-0.9642f,0.0138f,-0.3914f,0.9723f,2.8093f,-0.0509f,0.971f,0.3916f,-7.328f,0f,0f,0f,1f],start_interpolation: 0,interpolation_duration: 1}
$data merge entity $(bone_segment13) {transformation: [-1.0256f,0.0167f,0.0038f,-0.9441f,0.0006f,-0.193f,1.0074f,2.5493f,0.0172f,1.0073f,0.193f,-6.1202f,0f,0f,0f,1f],start_interpolation: 0,interpolation_duration: 1}
$data merge entity $(bone_segment12) {transformation: [-1.1045f,0.1569f,0.0012f,-0.7546f,-0.0032f,-0.0315f,1.1151f,2.5113f,0.1569f,1.104f,0.0316f,-4.7864f,0f,0f,0f,1f],start_interpolation: 0,interpolation_duration: 1}
$data merge entity $(bone_segment11) {transformation: [-1.1677f,0.231f,-0.0121f,-0.4876f,-0.0001f,0.0616f,1.1888f,2.5825f,0.2313f,1.1662f,-0.0604f,-3.4387f,0f,0f,0f,1f],start_interpolation: 0,interpolation_duration: 1}
$data merge entity $(bone_segment10) {transformation: [-1.039f,0.1381f,0.0002f,-0.3132f,0f,-0.0015f,1.0482f,2.5963f,0.1381f,1.039f,0.0015f,-2.1273f,0f,0f,0f,1f],start_interpolation: 0,interpolation_duration: 1}
data modify entity @s data merge value {"cameras":{},"locators":{"mouth":{"posx":0.021654373145788997,"posy":3.7421984156616626,"posz":5.0127400423680255,"roty":177.70555938761763,"rotx":67.60099526358971}}}