# This file was generated by Animated Java via MC-Build. It is not recommended to edit this file directly.
$data merge entity $(bone_neck_spine5) {transformation: [-1.5702f,-0.0767f,0.0228f,-0.0635f,-0.0473f,1.2503f,0.9522f,4.1419f,-0.0646f,0.9502f,-1.251f,0.3546f,0f,0f,0f,1f],start_interpolation: 0,interpolation_duration: 1}
$data merge entity $(bone_neck_spine2) {transformation: [-1.4955f,-0.0363f,0.067f,-0.2943f,-0.045f,1.4832f,-0.2008f,5.3893f,-0.0615f,-0.2025f,-1.4824f,2.3205f,0f,0f,0f,1f],start_interpolation: 0,interpolation_duration: 1}
$data merge entity $(bone_scale_neck_left1) {transformation: [-1.6017f,0.3545f,0.1481f,0.5142f,0.3783f,1.5664f,0.3411f,4.5152f,-0.0674f,0.3657f,-1.6046f,2.4414f,0f,0f,0f,1f],start_interpolation: 0,interpolation_duration: 1}
$data merge entity $(bone_scale_neck_right1) {transformation: [-1.5762f,-0.4768f,-0.0362f,-1.0561f,-0.474f,1.5414f,0.3356f,4.4679f,-0.0633f,0.3315f,-1.6122f,2.3768f,0f,0f,0f,1f],start_interpolation: 0,interpolation_duration: 1}
$data merge entity $(bone_blush_right1) {transformation: [-0.9908f,0.0264f,-0.133f,-0.8274f,-0.029f,0.9169f,0.3981f,3.9356f,0.1325f,0.3983f,-0.9077f,3.6774f,0f,0f,0f,1f],start_interpolation: 0,interpolation_duration: 1}
$data merge entity $(bone_blush_left1) {transformation: [-0.9908f,0.0264f,-0.133f,0.4855f,-0.029f,0.9169f,0.3981f,3.974f,0.1325f,0.3983f,-0.9077f,3.5018f,0f,0f,0f,1f],start_interpolation: 0,interpolation_duration: 1}
$data merge entity $(bone_left_head_scales) {transformation: [-0.8174f,0.0264f,-0.5755f,0.4637f,-0.2095f,0.9169f,0.3397f,4.8002f,0.5366f,0.3983f,-0.7439f,3.4343f,0f,0f,0f,1f],start_interpolation: 0,interpolation_duration: 1}
$data merge entity $(bone_left_head_scales2) {transformation: [-0.7353f,0.0264f,-0.6773f,0.4623f,-0.2521f,0.9169f,0.3095f,3.9093f,0.6292f,0.3983f,-0.6675f,3.2294f,0f,0f,0f,1f],start_interpolation: 0,interpolation_duration: 1}
$data merge entity $(bone_left_head_scales1) {transformation: [-0.9908f,0.0264f,-0.133f,0.4607f,-0.029f,0.9169f,0.3981f,4.6972f,0.1325f,0.3983f,-0.9077f,3.3896f,0f,0f,0f,1f],start_interpolation: 0,interpolation_duration: 1}
$data merge entity $(bone_right_head_scales) {transformation: [-0.9402f,0.0264f,0.3395f,-0.8715f,0.1581f,0.9169f,0.3665f,4.7611f,-0.3016f,0.3983f,-0.8663f,3.6129f,0f,0f,0f,1f],start_interpolation: 0,interpolation_duration: 1}
$data merge entity $(bone_right_head_scales2) {transformation: [-0.8879f,0.0264f,0.4593f,-0.8729f,0.2046f,0.9169f,0.3427f,3.8703f,-0.4121f,0.3983f,-0.8195f,3.408f,0f,0f,0f,1f],start_interpolation: 0,interpolation_duration: 1}
$data merge entity $(bone_right_head_scales1) {transformation: [-0.9908f,0.0264f,-0.133f,-0.8745f,-0.029f,0.9169f,0.3981f,4.6581f,0.1325f,0.3983f,-0.9077f,3.5681f,0f,0f,0f,1f],start_interpolation: 0,interpolation_duration: 1}
$data merge entity $(bone_head_left_fin1) {transformation: [-0.3777f,0.1299f,-0.9691f,0.4384f,-0.115f,1.0258f,0.1823f,4.3446f,0.971f,0.172f,-0.3554f,3.1454f,0f,0f,0f,1f],start_interpolation: 0,interpolation_duration: 1}
$data merge entity $(bone_head_right_fin1) {transformation: [-0.6254f,-0.1389f,0.8296f,-0.8968f,0.0856f,1.0179f,0.2349f,4.3055f,-0.8368f,0.2079f,-0.596f,3.324f,0f,0f,0f,1f],start_interpolation: 0,interpolation_duration: 1}
$data merge entity $(bone_right_whisker16) {transformation: [-0.1425f,-0.1945f,0.9705f,-1.5202f,0.974f,-0.2017f,0.1026f,3.1637f,0.1758f,0.9599f,0.2182f,1.4212f,0f,0f,0f,1f],start_interpolation: 0,interpolation_duration: 1}
$data merge entity $(bone_right_whisker15) {transformation: [0.2763f,-0.188f,0.9425f,-1.6133f,0.4565f,0.8886f,0.0434f,3.0099f,-0.8457f,0.4183f,0.3314f,1.7061f,0f,0f,0f,1f],start_interpolation: 0,interpolation_duration: 1}
$data merge entity $(bone_right_whisker14) {transformation: [0.5491f,-0.2963f,0.7815f,-1.7983f,-0.1583f,0.8813f,0.4453f,3.0632f,-0.8207f,-0.3682f,0.437f,1.9826f,0f,0f,0f,1f],start_interpolation: 0,interpolation_duration: 1}
$data merge entity $(bone_right_whisker13) {transformation: [0.0338f,-0.3853f,0.9222f,-1.8097f,0.2589f,0.8946f,0.3643f,2.976f,-0.9653f,0.2264f,0.1299f,2.3078f,0f,0f,0f,1f],start_interpolation: 0,interpolation_duration: 1}
$data merge entity $(bone_right_whisker12) {transformation: [-0.5694f,-0.3505f,0.7436f,-1.5539f,-0.311f,0.9292f,0.1999f,3.1157f,-0.7609f,-0.1174f,-0.6381f,2.6497f,0f,0f,0f,1f],start_interpolation: 0,interpolation_duration: 1}
$data merge entity $(bone_right_whisker11) {transformation: [-0.944f,-0.219f,0.2467f,-1.1298f,-0.1986f,0.9744f,0.105f,3.2049f,-0.2634f,0.0501f,-0.9634f,2.768f,0f,0f,0f,1f],start_interpolation: 0,interpolation_duration: 1}
$data merge entity $(bone_right_whisker10) {transformation: [-0.5629f,-0.5974f,0.5712f,-0.8769f,-0.4765f,0.7992f,0.3664f,3.4189f,-0.6753f,-0.0659f,-0.7345f,3.0714f,0f,0f,0f,1f],start_interpolation: 0,interpolation_duration: 1}
$data merge entity $(bone_right_whisker1) {transformation: [-0.0201f,-0.684f,0.7292f,-0.8679f,-0.655f,0.56f,0.5072f,3.7132f,-0.7553f,-0.4675f,-0.4593f,3.4107f,0f,0f,0f,1f],start_interpolation: 0,interpolation_duration: 1}
$data merge entity $(bone_left_whisker16) {transformation: [-0.1275f,0.4509f,-0.8834f,0.6048f,-0.9819f,-0.1829f,0.0484f,3.2259f,-0.1397f,0.8736f,0.4661f,1.137f,0f,0f,0f,1f],start_interpolation: 0,interpolation_duration: 1}
$data merge entity $(bone_left_whisker15) {transformation: [0.5144f,0.2399f,-0.8233f,0.7781f,-0.4334f,0.9012f,-0.0083f,3.0798f,0.7399f,0.3611f,0.5676f,1.3863f,0f,0f,0f,1f],start_interpolation: 0,interpolation_duration: 1}
$data merge entity $(bone_left_whisker14) {transformation: [0.7352f,0.138f,-0.6636f,1.0258f,0.1959f,0.894f,0.403f,3.1458f,0.6489f,-0.4263f,0.6303f,1.6049f,0f,0f,0f,1f],start_interpolation: 0,interpolation_duration: 1}
$data merge entity $(bone_left_whisker13) {transformation: [0.3009f,0.3792f,-0.875f,1.1272f,-0.2491f,0.917f,0.3117f,3.0619f,0.9206f,0.1242f,0.3703f,1.915f,0f,0f,0f,1f],start_interpolation: 0,interpolation_duration: 1}
$data merge entity $(bone_left_whisker12) {transformation: [-0.3665f,0.2534f,-0.8952f,0.9625f,0.2836f,0.9468f,0.1519f,3.1893f,0.8861f,-0.1982f,-0.4189f,2.3131f,0f,0f,0f,1f],start_interpolation: 0,interpolation_duration: 1}
$data merge entity $(bone_left_whisker11) {transformation: [-0.8515f,0.1681f,-0.4966f,0.58f,0.1461f,0.9858f,0.0832f,3.2549f,0.5035f,-0.0017f,-0.864f,2.5393f,0f,0f,0f,1f],start_interpolation: 0,interpolation_duration: 1}
$data merge entity $(bone_left_whisker10) {transformation: [-0.3922f,0.5122f,-0.7641f,0.4038f,0.4485f,0.8317f,0.3273f,3.4564f,0.8031f,-0.2143f,-0.556f,2.9001f,0f,0f,0f,1f],start_interpolation: 0,interpolation_duration: 1}
$data merge entity $(bone_left_whisker1) {transformation: [0.1414f,0.5039f,-0.8521f,0.4673f,0.6586f,0.5948f,0.461f,3.7522f,0.7391f,-0.6264f,-0.2478f,3.2321f,0f,0f,0f,1f],start_interpolation: 0,interpolation_duration: 1}
$data merge entity $(bone_upper_left_tooth1) {transformation: [-0.9908f,0.0147f,-0.1348f,0.2378f,-0.029f,0.9481f,0.3167f,3.751f,0.1325f,0.3176f,-0.9389f,4.2703f,0f,0f,0f,1f],start_interpolation: 0,interpolation_duration: 1}
$data merge entity $(bone_upper_right_tooth1) {transformation: [-0.9908f,0.0147f,-0.1348f,-0.4298f,-0.029f,0.9481f,0.3167f,3.7315f,0.1325f,0.3176f,-0.9389f,4.3595f,0f,0f,0f,1f],start_interpolation: 0,interpolation_duration: 1}
$data merge entity $(bone_top_lip1) {transformation: [-0.9908f,-0.0323f,-0.1318f,-0.0664f,-0.029f,0.9992f,-0.0267f,3.8592f,0.1325f,-0.0226f,-0.9909f,4.3504f,0f,0f,0f,1f],start_interpolation: 0,interpolation_duration: 1}
$data merge entity $(bone_muzzle1) {transformation: [-0.9908f,0.0147f,-0.1348f,-0.1396f,-0.029f,0.9481f,0.3167f,4.1967f,0.1325f,0.3176f,-0.9389f,3.8767f,0f,0f,0f,1f],start_interpolation: 0,interpolation_duration: 1}
$data merge entity $(bone_jaw_right_tooth1) {transformation: [-0.9908f,-0.0754f,-0.1128f,-0.4276f,-0.029f,0.9298f,-0.3669f,3.7616f,0.1325f,-0.3602f,-0.9234f,4.3825f,0f,0f,0f,1f],start_interpolation: 0,interpolation_duration: 1}
$data merge entity $(bone_jaw_left_tooth1) {transformation: [-0.9908f,-0.0754f,-0.1128f,0.2956f,-0.029f,0.9298f,-0.3669f,3.7828f,0.1325f,-0.3602f,-0.9234f,4.2858f,0f,0f,0f,1f],start_interpolation: 0,interpolation_duration: 1}
$data merge entity $(bone_tongue1) {transformation: [-0.9908f,-0.0207f,-0.1341f,-0.1736f,-0.029f,0.9977f,0.0605f,3.8126f,0.1325f,0.0638f,-0.9891f,3.5389f,0f,0f,0f,1f],start_interpolation: 0,interpolation_duration: 1}
$data merge entity $(bone_jaw_lips1) {transformation: [-0.9908f,-0.0207f,-0.1341f,0.0052f,-0.029f,0.9977f,0.0605f,3.6311f,0.1325f,0.0638f,-0.9891f,4.4118f,0f,0f,0f,1f],start_interpolation: 0,interpolation_duration: 1}
$data merge entity $(bone_jaw3) {transformation: [-0.9908f,-0.0547f,-0.1242f,-0.1017f,-0.029f,0.9794f,-0.1998f,3.369f,0.1325f,-0.1944f,-0.9719f,3.555f,0f,0f,0f,1f],start_interpolation: 0,interpolation_duration: 1}
$data merge entity $(bone_jaw1) {transformation: [-0.9908f,0.0491f,-0.1264f,-0.2153f,-0.029f,0.8338f,0.5512f,3.8643f,0.1325f,0.5498f,-0.8247f,2.814f,0f,0f,0f,1f],start_interpolation: 0,interpolation_duration: 1}
$data merge entity $(bone_tear_right1) {transformation: [-0.9908f,0.0264f,-0.133f,-0.7479f,-0.029f,0.9169f,0.3981f,4.2574f,0.1325f,0.3983f,-0.9077f,3.9183f,0f,0f,0f,1f],start_interpolation: 0,interpolation_duration: 1}
$data merge entity $(bone_right_pupil1) {transformation: [-0.9908f,0.0264f,-0.133f,-0.5524f,-0.029f,0.9169f,0.3981f,4.3389f,0.1325f,0.3983f,-0.9077f,3.9996f,0f,0f,0f,1f],start_interpolation: 0,interpolation_duration: 1}
$data merge entity $(bone_right_sad_pupil1) {transformation: [-0.9908f,0.0264f,-0.133f,-0.5539f,-0.029f,0.9169f,0.3981f,4.3434f,0.1325f,0.3983f,-0.9077f,3.9894f,0f,0f,0f,1f],start_interpolation: 0,interpolation_duration: 1}
$data merge entity $(bone_right_happy_pupil1) {transformation: [-0.9908f,0.0264f,-0.133f,-0.5825f,-0.029f,0.9169f,0.3981f,4.3169f,0.1325f,0.3983f,-0.9077f,3.9819f,0f,0f,0f,1f],start_interpolation: 0,interpolation_duration: 1}
$data merge entity $(bone_eyelid_right1) {transformation: [-0.9908f,0.0264f,-0.133f,-0.2017f,-0.029f,0.9169f,0.3981f,4.528f,0.1325f,0.3983f,-0.9077f,3.4001f,0f,0f,0f,1f],start_interpolation: 0,interpolation_duration: 1}
$data merge entity $(bone_eyelid_expressions_right5) {transformation: [-0.9908f,0.0264f,-0.133f,-0.6789f,-0.029f,0.9169f,0.3981f,4.4426f,0.1325f,0.3983f,-0.9077f,4.0512f,0f,0f,0f,1f],start_interpolation: 0,interpolation_duration: 1}
$data merge entity $(bone_eyelid_expressions_right7) {transformation: [-0.9908f,0.0264f,-0.133f,-0.3451f,-0.029f,0.9169f,0.3981f,4.4524f,0.1325f,0.3983f,-0.9077f,4.0066f,0f,0f,0f,1f],start_interpolation: 0,interpolation_duration: 1}
$data merge entity $(bone_eyelid_expressions_right6) {transformation: [-0.9908f,0.0264f,-0.133f,-0.4563f,-0.029f,0.9169f,0.3981f,4.4491f,0.1325f,0.3983f,-0.9077f,4.0215f,0f,0f,0f,1f],start_interpolation: 0,interpolation_duration: 1}
$data merge entity $(bone_right_eye1) {transformation: [-0.9908f,0.0264f,-0.133f,-0.2113f,-0.029f,0.9169f,0.3981f,4.5232f,0.1325f,0.3983f,-0.9077f,3.4118f,0f,0f,0f,1f],start_interpolation: 0,interpolation_duration: 1}
$data merge entity $(bone_tear_left1) {transformation: [-0.9908f,0.0264f,-0.133f,0.4538f,-0.029f,0.9169f,0.3981f,4.2926f,0.1325f,0.3983f,-0.9077f,3.7575f,0f,0f,0f,1f],start_interpolation: 0,interpolation_duration: 1}
$data merge entity $(bone_left_sad_pupil1) {transformation: [-0.9908f,0.0264f,-0.133f,0.2806f,-0.029f,0.9169f,0.3981f,4.3678f,0.1325f,0.3983f,-0.9077f,3.8778f,0f,0f,0f,1f],start_interpolation: 0,interpolation_duration: 1}
$data merge entity $(bone_left_pupil1) {transformation: [-0.9908f,0.0264f,-0.133f,0.2821f,-0.029f,0.9169f,0.3981f,4.3634f,0.1325f,0.3983f,-0.9077f,3.888f,0f,0f,0f,1f],start_interpolation: 0,interpolation_duration: 1}
$data merge entity $(bone_eyelid_left1) {transformation: [-0.9908f,0.0264f,-0.133f,-0.224f,-0.029f,0.9169f,0.3981f,4.5273f,0.1325f,0.3983f,-0.9077f,3.4031f,0f,0f,0f,1f],start_interpolation: 0,interpolation_duration: 1}
$data merge entity $(bone_left_happy_pupil1) {transformation: [-0.9908f,0.0264f,-0.133f,0.3077f,-0.029f,0.9169f,0.3981f,4.3429f,0.1325f,0.3983f,-0.9077f,3.8629f,0f,0f,0f,1f],start_interpolation: 0,interpolation_duration: 1}
$data merge entity $(bone_eyelid_expressions_left5) {transformation: [-0.9908f,0.0264f,-0.133f,0.4115f,-0.029f,0.9169f,0.3981f,4.4745f,0.1325f,0.3983f,-0.9077f,3.9054f,0f,0f,0f,1f],start_interpolation: 0,interpolation_duration: 1}
$data merge entity $(bone_eyelid_expressions_left7) {transformation: [-0.9908f,0.0264f,-0.133f,0.0777f,-0.029f,0.9169f,0.3981f,4.4648f,0.1325f,0.3983f,-0.9077f,3.95f,0f,0f,0f,1f],start_interpolation: 0,interpolation_duration: 1}
$data merge entity $(bone_eyelid_expressions_left6) {transformation: [-0.9908f,0.0264f,-0.133f,0.189f,-0.029f,0.9169f,0.3981f,4.468f,0.1325f,0.3983f,-0.9077f,3.9352f,0f,0f,0f,1f],start_interpolation: 0,interpolation_duration: 1}
$data merge entity $(bone_left_eye1) {transformation: [-0.9908f,0.0264f,-0.133f,-0.2113f,-0.029f,0.9169f,0.3981f,4.5232f,0.1325f,0.3983f,-0.9077f,3.4118f,0f,0f,0f,1f],start_interpolation: 0,interpolation_duration: 1}
$data merge entity $(bone_crest_middle5) {transformation: [-0.9908f,-0.003f,-0.1356f,-0.1113f,-0.029f,0.9813f,0.1902f,5.6039f,0.1325f,0.1924f,-0.9723f,4.3963f,0f,0f,0f,1f],start_interpolation: 0,interpolation_duration: 1}
$data merge entity $(bone_crest_middle4) {transformation: [-0.9908f,-0.003f,-0.1356f,-0.1093f,-0.029f,0.9813f,0.1902f,4.9427f,0.1325f,0.1924f,-0.9723f,4.2667f,0f,0f,0f,1f],start_interpolation: 0,interpolation_duration: 1}
$data merge entity $(bone_crest_middle1) {transformation: [-0.9908f,-0.003f,-0.1356f,-0.0963f,-0.029f,0.9813f,0.1902f,4.4308f,0.1325f,0.1924f,-0.9723f,4.2514f,0f,0f,0f,1f],start_interpolation: 0,interpolation_duration: 1}
$data merge entity $(bone_crest_left5) {transformation: [-0.5546f,-0.8317f,-0.0247f,-1.2094f,-0.7889f,0.5162f,0.3336f,4.9446f,-0.2647f,0.2045f,-0.9424f,4.377f,0f,0f,0f,1f],start_interpolation: 0,interpolation_duration: 1}
$data merge entity $(bone_crest_left4) {transformation: [-0.5546f,-0.8317f,-0.0247f,-0.7423f,-0.7889f,0.5162f,0.3336f,4.6548f,-0.2647f,0.2045f,-0.9424f,4.2622f,0f,0f,0f,1f],start_interpolation: 0,interpolation_duration: 1}
$data merge entity $(bone_crest_left1) {transformation: [-0.5546f,-0.8317f,-0.0247f,-0.23f,-0.7889f,0.5162f,0.3336f,4.3547f,-0.2647f,0.2045f,-0.9424f,4.083f,0f,0f,0f,1f],start_interpolation: 0,interpolation_duration: 1}
$data merge entity $(bone_crest_center1) {transformation: [-0.9908f,0.0264f,-0.133f,-0.1195f,-0.029f,0.9169f,0.3981f,4.3322f,0.1325f,0.3983f,-0.9077f,4.0569f,0f,0f,0f,1f],start_interpolation: 0,interpolation_duration: 1}
$data merge entity $(bone_crest_right5) {transformation: [-0.51f,0.8252f,-0.2428f,0.9792f,0.7577f,0.5646f,0.3272f,5.0086f,0.4071f,-0.0171f,-0.9132f,4.0843f,0f,0f,0f,1f],start_interpolation: 0,interpolation_duration: 1}
$data merge entity $(bone_crest_right4) {transformation: [-0.51f,0.8252f,-0.2428f,0.5159f,0.7577f,0.5646f,0.3272f,4.6916f,0.4071f,-0.0171f,-0.9132f,4.0939f,0f,0f,0f,1f],start_interpolation: 0,interpolation_duration: 1}
$data merge entity $(bone_crest_right1) {transformation: [-0.51f,0.8252f,-0.2428f,-0.0075f,0.7577f,0.5646f,0.3272f,4.3612f,0.4071f,-0.0171f,-0.9132f,4.0532f,0f,0f,0f,1f],start_interpolation: 0,interpolation_duration: 1}
$data merge entity $(bone_head1) {transformation: [-1.0385f,0.0277f,-0.1395f,-0.295f,-0.0304f,0.9611f,0.4173f,4.7176f,0.1389f,0.4174f,-0.9514f,2.8288f,0f,0f,0f,1f],start_interpolation: 0,interpolation_duration: 1}
$data merge entity $(bone_neck10) {transformation: [-1.4955f,-0.0448f,0.0617f,-0.2376f,-0.045f,1.4967f,-0.0054f,4.2647f,-0.0615f,-0.0073f,-1.4961f,1.765f,0f,0f,0f,1f],start_interpolation: 0,interpolation_duration: 1}
$data merge entity $(bone_neck9) {transformation: [-1.144f,-0.0583f,0.0016f,-0.1719f,-0.0344f,0.7003f,0.9058f,3.496f,-0.0471f,0.9046f,-0.7012f,0.7298f,0f,0f,0f,1f],start_interpolation: 0,interpolation_duration: 1}
$data merge entity $(bone_neck8) {transformation: [-1.0618f,-0.0536f,-0.0075f,-0.1185f,-0.032f,0.5022f,0.9365f,3.0416f,-0.0437f,0.9356f,-0.5031f,-0.2356f,0f,0f,0f,1f],start_interpolation: 0,interpolation_duration: 1}
$data merge entity $(bone_neck7) {transformation: [-1.0554f,0.0213f,-0.0138f,-0.1401f,-0.0051f,0.3836f,0.9835f,2.6539f,0.0249f,0.9833f,-0.3833f,-1.2294f,0f,0f,0f,1f],start_interpolation: 0,interpolation_duration: 1}
$data merge entity $(bone_neck6) {transformation: [-1.0379f,0.1423f,-0.066f,-0.2717f,-0.0556f,0.0793f,1.0452f,2.5966f,0.1466f,1.037f,-0.0709f,-2.1826f,0f,0f,0f,1f],start_interpolation: 0,interpolation_duration: 1}
$data merge entity $(bone_neck_spine6) {transformation: [-1.2708f,0.0703f,-0.0069f,-0.9093f,-0.0046f,0.0412f,1.2721f,3.2374f,0.0705f,1.2702f,-0.0409f,-5.7835f,0f,0f,0f,1f],start_interpolation: 0,interpolation_duration: 1}
$data merge entity $(bone_neck_spine7) {transformation: [-0.988f,-0.1513f,0.0296f,-0.8655f,0.0569f,-0.1795f,0.9821f,3.8809f,-0.1433f,0.9721f,0.186f,-9.0506f,0f,0f,0f,1f],start_interpolation: 0,interpolation_duration: 1}
$data merge entity $(bone_tail6) {transformation: [-1.6485f,-0.4377f,0.2372f,0.2442f,0.2028f,0.1588f,1.7026f,4.3576f,-0.4546f,1.6579f,-0.1004f,-12.8039f,0f,0f,0f,1f],start_interpolation: 0,interpolation_duration: 1}
$data merge entity $(bone_tail5) {transformation: [-1.3618f,-0.3901f,0.1301f,-0.0022f,0.1675f,-0.1151f,1.4079f,4.2849f,-0.3756f,1.3631f,0.1561f,-11.943f,0f,0f,0f,1f],start_interpolation: 0,interpolation_duration: 1}
$data merge entity $(bone_tail4) {transformation: [-1.006f,-0.2761f,0.1016f,-0.1205f,0.1409f,-0.1344f,1.0299f,4.2273f,-0.2582f,1.0022f,0.1661f,-11.5134f,0f,0f,0f,1f],start_interpolation: 0,interpolation_duration: 1}
$data merge entity $(bone_segment18) {transformation: [-0.9172f,-0.3864f,0.097f,-0.3375f,0.15f,-0.1096f,0.9826f,4.1658f,-0.3691f,0.9158f,0.1585f,-10.9992f,0f,0f,0f,1f],start_interpolation: 0,interpolation_duration: 1}
$data merge entity $(bone_segment17) {transformation: [-0.9448f,-0.325f,0.0413f,-0.5747f,0.1307f,-0.2582f,0.9572f,3.9773f,-0.3004f,0.9098f,0.2864f,-10.3351f,0f,0f,0f,1f],start_interpolation: 0,interpolation_duration: 1}
$data merge entity $(bone_segment16) {transformation: [-0.9671f,-0.2544f,-0.005f,-0.8175f,0.1004f,-0.3998f,0.9111f,3.5957f,-0.2338f,0.8806f,0.4122f,-9.4944f,0f,0f,0f,1f],start_interpolation: 0,interpolation_duration: 1}
$data merge entity $(bone_segment15) {transformation: [-0.988f,-0.1538f,-0.0106f,-0.9989f,0.0569f,-0.4276f,0.9022f,3.0915f,-0.1433f,0.8908f,0.4312f,-8.444f,0f,0f,0f,1f],start_interpolation: 0,interpolation_duration: 1}
$data merge entity $(bone_segment14) {transformation: [-1.0482f,0.005f,0.0056f,-0.9933f,0.0036f,-0.3535f,0.9868f,2.6938f,0.0066f,0.9868f,0.3535f,-7.3339f,0f,0f,0f,1f],start_interpolation: 0,interpolation_duration: 1}
$data merge entity $(bone_segment13) {transformation: [-1.0241f,0.0568f,0.0044f,-0.9251f,-0.0037f,-0.1453f,1.0154f,2.491f,0.0568f,1.0138f,0.1453f,-6.1169f,0f,0f,0f,1f],start_interpolation: 0,interpolation_duration: 1}
$data merge entity $(bone_segment12) {transformation: [-1.0998f,0.1869f,-0.0046f,-0.6992f,-0.0028f,0.0113f,1.1155f,2.5046f,0.187f,1.0997f,-0.0106f,-4.7884f,0f,0f,0f,1f],start_interpolation: 0,interpolation_duration: 1}
$data merge entity $(bone_segment11) {transformation: [-1.1662f,0.2383f,-0.0171f,-0.4238f,-0.0001f,0.0848f,1.1874f,2.6026f,0.2389f,1.1632f,-0.083f,-3.444f,0f,0f,0f,1f],start_interpolation: 0,interpolation_duration: 1}
$data merge entity $(bone_segment10) {transformation: [-1.0406f,0.1255f,0.0001f,-0.2654f,0f,-0.0012f,1.0482f,2.6167f,0.1255f,1.0406f,0.0012f,-2.1305f,0f,0f,0f,1f],start_interpolation: 0,interpolation_duration: 1}
data modify entity @s data merge value {"cameras":{},"locators":{"mouth":{"posx":0.031393048841447446,"posy":3.633460214058761,"posz":5.031982600015091,"roty":176.20164776655864,"rotx":66.47611130272216}}}