# This file was generated by Animated Java via MC-Build. It is not recommended to edit this file directly.
$data merge entity $(bone_neck_spine5) {transformation: [-1.5671f,0.022f,0.1259f,0.2377f,0.1015f,1.1546f,1.0624f,3.23f,-0.0776f,1.067f,-1.1522f,0.498f,0f,0f,0f,1f],start_interpolation: 0,interpolation_duration: 1}
$data merge entity $(bone_neck_spine2) {transformation: [-1.4924f,0.0996f,0.07f,0.0914f,0.0967f,1.493f,-0.0621f,4.2977f,-0.0739f,-0.0574f,-1.4945f,2.5747f,0f,0f,0f,1f],start_interpolation: 0,interpolation_duration: 1}
$data merge entity $(bone_scale_neck_left1) {transformation: [-1.5602f,0.4882f,0.201f,0.8166f,0.5265f,1.4853f,0.4794f,3.3465f,-0.0392f,0.5184f,-1.5629f,2.6143f,0f,0f,0f,1f],start_interpolation: 0,interpolation_duration: 1}
$data merge entity $(bone_scale_neck_right1) {transformation: [-1.6113f,-0.3415f,0.0171f,-0.7505f,-0.321f,1.539f,0.4914f,3.448f,-0.1178f,0.4773f,-1.572f,2.5367f,0f,0f,0f,1f],start_interpolation: 0,interpolation_duration: 1}
$data merge entity $(bone_blush_right1) {transformation: [-0.9739f,0.0349f,0.2243f,-0.8624f,0.0784f,0.979f,0.1881f,3.06f,-0.213f,0.2008f,-0.9562f,3.7615f,0f,0f,0f,1f],start_interpolation: 0,interpolation_duration: 1}
$data merge entity $(bone_blush_left1) {transformation: [-0.9739f,0.0349f,0.2243f,0.4282f,0.0784f,0.979f,0.1881f,2.9561f,-0.213f,0.2008f,-0.9562f,4.0438f,0f,0f,0f,1f],start_interpolation: 0,interpolation_duration: 1}
$data merge entity $(bone_left_head_scales) {transformation: [-0.9674f,0.0349f,-0.2508f,0.5528f,-0.0173f,0.979f,0.2031f,3.7438f,0.2526f,0.2008f,-0.9465f,3.8169f,0f,0f,0f,1f],start_interpolation: 0,interpolation_duration: 1}
$data merge entity $(bone_left_head_scales2) {transformation: [-0.9264f,0.0349f,-0.3749f,0.4837f,-0.0437f,0.979f,0.1991f,2.8326f,0.374f,0.2008f,-0.9054f,3.7976f,0f,0f,0f,1f],start_interpolation: 0,interpolation_duration: 1}
$data merge entity $(bone_left_head_scales1) {transformation: [-0.9739f,0.0349f,0.2243f,0.5489f,0.0784f,0.979f,0.1881f,3.6339f,-0.213f,0.2008f,-0.9562f,3.7943f,0f,0f,0f,1f],start_interpolation: 0,interpolation_duration: 1}
$data merge entity $(bone_right_head_scales) {transformation: [-0.7603f,0.0349f,0.6486f,-0.7597f,0.1564f,0.979f,0.1307f,3.8495f,-0.6304f,0.2008f,-0.7498f,3.5298f,0f,0f,0f,1f],start_interpolation: 0,interpolation_duration: 1}
$data merge entity $(bone_right_head_scales2) {transformation: [-0.6691f,0.0349f,0.7423f,-0.8288f,0.1721f,0.979f,0.1091f,2.9382f,-0.7229f,0.2008f,-0.6611f,3.5105f,0f,0f,0f,1f],start_interpolation: 0,interpolation_duration: 1}
$data merge entity $(bone_right_head_scales1) {transformation: [-0.9739f,0.0349f,0.2243f,-0.7636f,0.0784f,0.979f,0.1881f,3.7395f,-0.213f,0.2008f,-0.9562f,3.5073f,0f,0f,0f,1f],start_interpolation: 0,interpolation_duration: 1}
$data merge entity $(bone_head_left_fin1) {transformation: [-0.6802f,0.2201f,-0.7665f,0.5531f,0.1403f,1.0248f,0.1698f,3.2374f,0.7851f,0.0075f,-0.6945f,3.6292f,0f,0f,0f,1f],start_interpolation: 0,interpolation_duration: 1}
$data merge entity $(bone_head_right_fin1) {transformation: [-0.3059f,-0.0441f,1.0016f,-0.7594f,-0.061f,1.046f,0.0274f,3.3431f,-1.0007f,-0.0503f,-0.3078f,3.3422f,0f,0f,0f,1f],start_interpolation: 0,interpolation_duration: 1}
$data merge entity $(bone_right_whisker16) {transformation: [-0.0438f,-0.5181f,0.8542f,-0.9072f,0.9964f,0.0395f,0.0751f,1.8463f,-0.0727f,0.8544f,0.5145f,1.5955f,0f,0f,0f,1f],start_interpolation: 0,interpolation_duration: 1}
$data merge entity $(bone_right_whisker15) {transformation: [0.5964f,-0.1764f,0.783f,-1.1081f,0.2276f,0.9727f,0.0458f,1.7696f,-0.7697f,0.1509f,0.6203f,1.8549f,0f,0f,0f,1f],start_interpolation: 0,interpolation_duration: 1}
$data merge entity $(bone_right_whisker14) {transformation: [0.7518f,-0.0282f,0.6588f,-1.3614f,-0.3842f,0.7933f,0.4723f,1.8991f,-0.5359f,-0.6082f,0.5856f,2.0354f,0f,0f,0f,1f],start_interpolation: 0,interpolation_duration: 1}
$data merge entity $(bone_right_whisker13) {transformation: [0.3779f,-0.299f,0.8762f,-1.4888f,0.027f,0.9496f,0.3124f,1.89f,-0.9254f,-0.0944f,0.367f,2.3472f,0f,0f,0f,1f],start_interpolation: 0,interpolation_duration: 1}
$data merge entity $(bone_right_whisker12) {transformation: [-0.337f,-0.1517f,0.9292f,-1.3374f,-0.4326f,0.9015f,-0.0097f,2.0843f,-0.8362f,-0.4053f,-0.3694f,2.7229f,0f,0f,0f,1f],start_interpolation: 0,interpolation_duration: 1}
$data merge entity $(bone_right_whisker11) {transformation: [-0.8294f,-0.0752f,0.5536f,-0.9648f,-0.1806f,0.9738f,-0.1383f,2.1655f,-0.5287f,-0.2147f,-0.8212f,2.9604f,0f,0f,0f,1f],start_interpolation: 0,interpolation_duration: 1}
$data merge entity $(bone_right_whisker10) {transformation: [-0.3829f,-0.4187f,0.8235f,-0.7928f,-0.5741f,0.8062f,0.143f,2.4233f,-0.7238f,-0.418f,-0.549f,3.2855f,0f,0f,0f,1f],start_interpolation: 0,interpolation_duration: 1}
$data merge entity $(bone_right_whisker1) {transformation: [0.124f,-0.4075f,0.9048f,-0.8485f,-0.8074f,0.4886f,0.3307f,2.786f,-0.5768f,-0.7715f,-0.2684f,3.5446f,0f,0f,0f,1f],start_interpolation: 0,interpolation_duration: 1}
$data merge entity $(bone_left_whisker16) {transformation: [-0.2216f,0.1163f,-0.9682f,1.1817f,-0.975f,-0.0115f,0.2218f,1.6782f,0.0146f,0.9931f,0.116f,2.0523f,0f,0f,0f,1f],start_interpolation: 0,interpolation_duration: 1}
$data merge entity $(bone_left_whisker15) {transformation: [0.1809f,0.2442f,-0.9527f,1.2426f,-0.2902f,0.9388f,0.1855f,1.5804f,0.9397f,0.2429f,0.2407f,2.3689f,0f,0f,0f,1f],start_interpolation: 0,interpolation_duration: 1}
$data merge entity $(bone_left_whisker14) {transformation: [0.5107f,0.3987f,-0.7617f,1.4147f,0.2825f,0.7589f,0.5867f,1.6756f,0.812f,-0.5148f,0.2749f,2.6425f,0f,0f,0f,1f],start_interpolation: 0,interpolation_duration: 1}
$data merge entity $(bone_left_whisker13) {transformation: [-0.049f,0.4524f,-0.8905f,1.3981f,-0.0535f,0.8891f,0.4547f,1.6576f,0.9974f,0.0699f,-0.0194f,2.9786f,0f,0f,0f,1f],start_interpolation: 0,interpolation_duration: 1}
$data merge entity $(bone_left_whisker12) {transformation: [-0.5831f,0.4419f,-0.6817f,1.1362f,0.5067f,0.8537f,0.12f,1.8852f,0.635f,-0.2754f,-0.7217f,3.2638f,0f,0f,0f,1f],start_interpolation: 0,interpolation_duration: 1}
$data merge entity $(bone_left_whisker11) {transformation: [-0.9357f,0.3052f,-0.177f,0.7159f,0.3227f,0.9432f,-0.0794f,2.0302f,0.1427f,-0.1315f,-0.981f,3.3279f,0f,0f,0f,1f],start_interpolation: 0,interpolation_duration: 1}
$data merge entity $(bone_left_whisker10) {transformation: [-0.556f,0.6721f,-0.489f,0.4661f,0.6497f,0.7184f,0.2486f,2.322f,0.5184f,-0.1795f,-0.8361f,3.5608f,0f,0f,0f,1f],start_interpolation: 0,interpolation_duration: 1}
$data merge entity $(bone_left_whisker1) {transformation: [-0.0048f,0.7602f,-0.6497f,0.464f,0.7978f,0.3946f,0.4558f,2.6804f,0.6029f,-0.5162f,-0.6083f,3.8317f,0f,0f,0f,1f],start_interpolation: 0,interpolation_duration: 1}
$data merge entity $(bone_upper_left_tooth1) {transformation: [-0.9739f,0.0543f,0.2204f,-0.0819f,0.0784f,0.9917f,0.1021f,2.9351f,-0.213f,0.1167f,-0.9701f,4.7078f,0f,0f,0f,1f],start_interpolation: 0,interpolation_duration: 1}
$data merge entity $(bone_upper_right_tooth1) {transformation: [-0.9739f,0.0543f,0.2204f,-0.7382f,0.0784f,0.9917f,0.1021f,2.9879f,-0.213f,0.1167f,-0.9701f,4.5643f,0f,0f,0f,1f],start_interpolation: 0,interpolation_duration: 1}
$data merge entity $(bone_top_lip1) {transformation: [-0.9739f,0.1264f,0.1885f,-0.376f,0.0784f,0.9668f,-0.2433f,3.0818f,-0.213f,-0.2221f,-0.9515f,4.6564f,0f,0f,0f,1f],start_interpolation: 0,interpolation_duration: 1}
$data merge entity $(bone_muzzle1) {transformation: [-0.9739f,0.0543f,0.2204f,-0.2431f,0.0784f,0.9917f,0.1021f,3.3062f,-0.213f,0.1167f,-0.9701f,4.1314f,0f,0f,0f,1f],start_interpolation: 0,interpolation_duration: 1}
$data merge entity $(bone_jaw_right_tooth1) {transformation: [-0.9739f,0.1833f,0.1339f,-0.7389f,0.0784f,0.8253f,-0.5592f,3.0223f,-0.213f,-0.5342f,-0.8181f,4.5804f,0f,0f,0f,1f],start_interpolation: 0,interpolation_duration: 1}
$data merge entity $(bone_jaw_left_tooth1) {transformation: [-0.9739f,0.1833f,0.1339f,-0.028f,0.0784f,0.8253f,-0.5592f,2.9651f,-0.213f,-0.5342f,-0.8181f,4.7359f,0f,0f,0f,1f],start_interpolation: 0,interpolation_duration: 1}
$data merge entity $(bone_tongue1) {transformation: [-0.9739f,0.1095f,0.1988f,-0.2246f,0.0784f,0.9843f,-0.1581f,2.8586f,-0.213f,-0.1384f,-0.9672f,3.8821f,0f,0f,0f,1f],start_interpolation: 0,interpolation_duration: 1}
$data merge entity $(bone_jaw_lips1) {transformation: [-0.9739f,0.1095f,0.1988f,-0.3627f,0.0784f,0.9843f,-0.1581f,2.8691f,-0.213f,-0.1384f,-0.9672f,4.7809f,0f,0f,0f,1f],start_interpolation: 0,interpolation_duration: 1}
$data merge entity $(bone_jaw3) {transformation: [-0.9739f,0.1572f,0.1637f,-0.2289f,0.0784f,0.9099f,-0.4074f,2.4264f,-0.213f,-0.384f,-0.8984f,4.0061f,0f,0f,0f,1f],start_interpolation: 0,interpolation_duration: 1}
$data merge entity $(bone_jaw1) {transformation: [-0.9739f,-0.0046f,0.2269f,-0.025f,0.0784f,0.9315f,0.3553f,2.7456f,-0.213f,0.3638f,-0.9068f,3.1914f,0f,0f,0f,1f],start_interpolation: 0,interpolation_duration: 1}
$data merge entity $(bone_tear_right1) {transformation: [-0.9739f,0.0349f,0.2243f,-0.8166f,0.0784f,0.979f,0.1881f,3.4214f,-0.213f,0.2008f,-0.9562f,3.949f,0f,0f,0f,1f],start_interpolation: 0,interpolation_duration: 1}
$data merge entity $(bone_right_pupil1) {transformation: [-0.9739f,0.0349f,0.2243f,-0.6474f,0.0784f,0.979f,0.1881f,3.5041f,-0.213f,0.2008f,-0.9562f,4.0755f,0f,0f,0f,1f],start_interpolation: 0,interpolation_duration: 1}
$data merge entity $(bone_right_sad_pupil1) {transformation: [-0.9739f,0.0349f,0.2243f,-0.6448f,0.0784f,0.979f,0.1881f,3.5063f,-0.213f,0.2008f,-0.9562f,4.0648f,0f,0f,0f,1f],start_interpolation: 0,interpolation_duration: 1}
$data merge entity $(bone_right_happy_pupil1) {transformation: [-0.9739f,0.0349f,0.2243f,-0.6732f,0.0784f,0.979f,0.1881f,3.481f,-0.213f,0.2008f,-0.9562f,4.0531f,0f,0f,0f,1f],start_interpolation: 0,interpolation_duration: 1}
$data merge entity $(bone_eyelid_right1) {transformation: [-0.9739f,0.0349f,0.2243f,-0.0998f,0.0784f,0.979f,0.1881f,3.523f,-0.213f,0.2008f,-0.9562f,3.6086f,0f,0f,0f,1f],start_interpolation: 0,interpolation_duration: 1}
$data merge entity $(bone_eyelid_expressions_right5) {transformation: [-0.9739f,0.0349f,0.2243f,-0.7667f,0.0784f,0.979f,0.1881f,3.6263f,-0.213f,0.2008f,-0.9562f,4.0598f,0f,0f,0f,1f],start_interpolation: 0,interpolation_duration: 1}
$data merge entity $(bone_eyelid_expressions_right7) {transformation: [-0.9739f,0.0349f,0.2243f,-0.4386f,0.0784f,0.979f,0.1881f,3.5999f,-0.213f,0.2008f,-0.9562f,4.1316f,0f,0f,0f,1f],start_interpolation: 0,interpolation_duration: 1}
$data merge entity $(bone_eyelid_expressions_right6) {transformation: [-0.9739f,0.0349f,0.2243f,-0.548f,0.0784f,0.979f,0.1881f,3.6087f,-0.213f,0.2008f,-0.9562f,4.1076f,0f,0f,0f,1f],start_interpolation: 0,interpolation_duration: 1}
$data merge entity $(bone_right_eye1) {transformation: [-0.9739f,0.0349f,0.2243f,-0.1132f,0.0784f,0.979f,0.1881f,3.5218f,-0.213f,0.2008f,-0.9562f,3.617f,0f,0f,0f,1f],start_interpolation: 0,interpolation_duration: 1}
$data merge entity $(bone_tear_left1) {transformation: [-0.9739f,0.0349f,0.2243f,0.3646f,0.0784f,0.979f,0.1881f,3.3263f,-0.213f,0.2008f,-0.9562f,4.2074f,0f,0f,0f,1f],start_interpolation: 0,interpolation_duration: 1}
$data merge entity $(bone_left_sad_pupil1) {transformation: [-0.9739f,0.0349f,0.2243f,0.1755f,0.0784f,0.979f,0.1881f,3.4402f,-0.213f,0.2008f,-0.9562f,4.2442f,0f,0f,0f,1f],start_interpolation: 0,interpolation_duration: 1}
$data merge entity $(bone_left_pupil1) {transformation: [-0.9739f,0.0349f,0.2243f,0.1729f,0.0784f,0.979f,0.1881f,3.4381f,-0.213f,0.2008f,-0.9562f,4.2549f,0f,0f,0f,1f],start_interpolation: 0,interpolation_duration: 1}
$data merge entity $(bone_eyelid_left1) {transformation: [-0.9739f,0.0349f,0.2243f,-0.1217f,0.0784f,0.979f,0.1881f,3.5248f,-0.213f,0.2008f,-0.9562f,3.6039f,0f,0f,0f,1f],start_interpolation: 0,interpolation_duration: 1}
$data merge entity $(bone_left_happy_pupil1) {transformation: [-0.9739f,0.0349f,0.2243f,0.2018f,0.0784f,0.979f,0.1881f,3.4105f,-0.213f,0.2008f,-0.9562f,4.2445f,0f,0f,0f,1f],start_interpolation: 0,interpolation_duration: 1}
$data merge entity $(bone_eyelid_expressions_left5) {transformation: [-0.9739f,0.0349f,0.2243f,0.3052f,0.0784f,0.979f,0.1881f,3.54f,-0.213f,0.2008f,-0.9562f,4.2942f,0f,0f,0f,1f],start_interpolation: 0,interpolation_duration: 1}
$data merge entity $(bone_eyelid_expressions_left7) {transformation: [-0.9739f,0.0349f,0.2243f,-0.023f,0.0784f,0.979f,0.1881f,3.5665f,-0.213f,0.2008f,-0.9562f,4.2225f,0f,0f,0f,1f],start_interpolation: 0,interpolation_duration: 1}
$data merge entity $(bone_eyelid_expressions_left6) {transformation: [-0.9739f,0.0349f,0.2243f,0.0864f,0.0784f,0.979f,0.1881f,3.5577f,-0.213f,0.2008f,-0.9562f,4.2464f,0f,0f,0f,1f],start_interpolation: 0,interpolation_duration: 1}
$data merge entity $(bone_left_eye1) {transformation: [-0.9739f,0.0349f,0.2243f,-0.1132f,0.0784f,0.979f,0.1881f,3.5218f,-0.213f,0.2008f,-0.9562f,3.617f,0f,0f,0f,1f],start_interpolation: 0,interpolation_duration: 1}
$data merge entity $(bone_crest_middle5) {transformation: [-0.9739f,0.0826f,0.2114f,-0.1718f,0.0784f,0.9965f,-0.0282f,4.7887f,-0.213f,-0.0109f,-0.977f,4.3511f,0f,0f,0f,1f],start_interpolation: 0,interpolation_duration: 1}
$data merge entity $(bone_crest_middle4) {transformation: [-0.9739f,0.0826f,0.2114f,-0.2275f,0.0784f,0.9965f,-0.0282f,4.1172f,-0.213f,-0.0109f,-0.977f,4.3585f,0f,0f,0f,1f],start_interpolation: 0,interpolation_duration: 1}
$data merge entity $(bone_crest_middle1) {transformation: [-0.9739f,0.0826f,0.2114f,-0.287f,0.0784f,0.9965f,-0.0282f,3.616f,-0.213f,-0.0109f,-0.977f,4.4463f,0f,0f,0f,1f],start_interpolation: 0,interpolation_duration: 1}
$data merge entity $(bone_crest_left5) {transformation: [-0.5527f,-0.7665f,0.3271f,-1.292f,-0.7836f,0.6116f,0.1092f,4.2289f,-0.2838f,-0.1959f,-0.9387f,4.0816f,0f,0f,0f,1f],start_interpolation: 0,interpolation_duration: 1}
$data merge entity $(bone_crest_left4) {transformation: [-0.5527f,-0.7665f,0.3271f,-0.8616f,-0.7836f,0.6116f,0.1092f,3.8854f,-0.2838f,-0.1959f,-0.9387f,4.1916f,0f,0f,0f,1f],start_interpolation: 0,interpolation_duration: 1}
$data merge entity $(bone_crest_left1) {transformation: [-0.5527f,-0.7665f,0.3271f,-0.3698f,-0.7836f,0.6116f,0.1092f,3.5138f,-0.2838f,-0.1959f,-0.9387f,4.2599f,0f,0f,0f,1f],start_interpolation: 0,interpolation_duration: 1}
$data merge entity $(bone_crest_center1) {transformation: [-0.9739f,0.0349f,0.2243f,-0.2614f,0.0784f,0.979f,0.1881f,3.4775f,-0.213f,0.2008f,-0.9562f,4.2782f,0f,0f,0f,1f],start_interpolation: 0,interpolation_duration: 1}
$data merge entity $(bone_crest_right5) {transformation: [-0.4938f,0.8622f,0.1127f,0.8593f,0.8678f,0.4805f,0.1265f,4.0557f,0.0549f,0.1602f,-0.9855f,4.5521f,0f,0f,0f,1f],start_interpolation: 0,interpolation_duration: 1}
$data merge entity $(bone_crest_right4) {transformation: [-0.4938f,0.8622f,0.1127f,0.3752f,0.8678f,0.4805f,0.1265f,3.7859f,0.0549f,0.1602f,-0.9855f,4.4621f,0f,0f,0f,1f],start_interpolation: 0,interpolation_duration: 1}
$data merge entity $(bone_crest_right1) {transformation: [-0.4938f,0.8622f,0.1127f,-0.1511f,0.8678f,0.4805f,0.1265f,3.4962f,0.0549f,0.1602f,-0.9855f,4.3078f,0f,0f,0f,1f],start_interpolation: 0,interpolation_duration: 1}
$data merge entity $(bone_head1) {transformation: [-1.0208f,0.0366f,0.2351f,0.0233f,0.0822f,1.0262f,0.1972f,3.583f,-0.2232f,0.2105f,-1.0023f,3.0151f,0f,0f,0f,1f],start_interpolation: 0,interpolation_duration: 1}
$data merge entity $(bone_neck10) {transformation: [-1.4924f,0.0896f,0.0824f,0.0551f,0.0967f,1.4883f,0.1333f,3.2315f,-0.0739f,0.1382f,-1.4892f,1.9126f,0f,0f,0f,1f],start_interpolation: 0,interpolation_duration: 1}
$data merge entity $(bone_neck9) {transformation: [-1.1417f,-0.0083f,0.0927f,0.0665f,0.074f,0.6122f,0.9653f,2.5634f,-0.0565f,0.9681f,-0.6097f,0.8079f,0f,0f,0f,1f],start_interpolation: 0,interpolation_duration: 1}
$data merge entity $(bone_neck8) {transformation: [-1.0596f,-0.0302f,0.081f,0.1011f,0.0687f,0.3107f,1.0144f,2.3052f,-0.0525f,1.0163f,-0.3077f,-0.2282f,0f,0f,0f,1f],start_interpolation: 0,interpolation_duration: 1}
$data merge entity $(bone_neck7) {transformation: [-1.0518f,-0.0535f,0.0726f,0.1551f,0.0675f,0.0962f,1.0491f,2.2079f,-0.0598f,1.0499f,-0.0925f,-1.2893f,0f,0f,0f,1f],start_interpolation: 0,interpolation_duration: 1}
$data merge entity $(bone_neck6) {transformation: [-1.0334f,-0.1571f,0.0965f,0.3008f,0.1261f,-0.2017f,1.0224f,2.4084f,-0.1344f,1.0181f,0.2175f,-2.2209f,0f,0f,0f,1f],start_interpolation: 0,interpolation_duration: 1}
$data merge entity $(bone_neck_spine6) {transformation: [-1.2337f,0.2677f,-0.1622f,0.1276f,-0.1265f,0.1767f,1.2541f,4.3719f,0.2863f,1.2317f,-0.1447f,-5.7486f,0f,0f,0f,1f],start_interpolation: 0,interpolation_duration: 1}
$data merge entity $(bone_neck_spine7) {transformation: [-0.9578f,0.1986f,-0.2077f,-0.8007f,-0.1123f,0.4066f,0.9067f,3.801f,0.2645f,0.8918f,-0.3672f,-9.2323f,0f,0f,0f,1f],start_interpolation: 0,interpolation_duration: 1}
$data merge entity $(bone_tail6) {transformation: [-1.6911f,-0.0903f,-0.3122f,-0.832f,-0.2912f,-0.3138f,1.6679f,4.1338f,-0.1444f,1.6908f,0.2929f,-12.8737f,0f,0f,0f,1f],start_interpolation: 0,interpolation_duration: 1}
$data merge entity $(bone_tail5) {transformation: [-1.397f,-0.0287f,-0.267f,-0.8501f,-0.2406f,-0.4946f,1.3119f,3.8214f,-0.1193f,1.3335f,0.4808f,-12.0315f,0f,0f,0f,1f],start_interpolation: 0,interpolation_duration: 1}
$data merge entity $(bone_tail4) {transformation: [-1.033f,0.0038f,-0.178f,-0.8485f,-0.1655f,-0.4058f,0.9522f,3.6475f,-0.0654f,0.9664f,0.4005f,-11.6173f,0f,0f,0f,1f],start_interpolation: 0,interpolation_duration: 1}
$data merge entity $(bone_segment18) {transformation: [-0.9775f,-0.125f,-0.1698f,-0.9187f,-0.106f,-0.4044f,0.9084f,3.4204f,-0.1822f,0.906f,0.3821f,-11.1086f,0f,0f,0f,1f],start_interpolation: 0,interpolation_duration: 1}
$data merge entity $(bone_segment17) {transformation: [-0.9901f,-0.0026f,-0.1404f,-0.9206f,-0.1374f,-0.1897f,0.9722f,3.2819f,-0.0292f,0.9818f,0.1875f,-10.3919f,0f,0f,0f,1f],start_interpolation: 0,interpolation_duration: 1}
$data merge entity $(bone_segment16) {transformation: [-0.9828f,0.1236f,-0.1369f,-0.8026f,-0.1335f,0.0356f,0.9904f,3.3159f,0.1273f,0.9917f,-0.0185f,-9.4452f,0f,0f,0f,1f],start_interpolation: 0,interpolation_duration: 1}
$data merge entity $(bone_segment15) {transformation: [-0.9578f,0.2456f,-0.1492f,-0.513f,-0.1123f,0.1581f,0.981f,3.5023f,0.2645f,0.9564f,-0.1238f,-8.3175f,0f,0f,0f,1f],start_interpolation: 0,interpolation_duration: 1}
$data merge entity $(bone_segment14) {transformation: [-0.9829f,0.3319f,-0.1498f,-0.1397f,-0.1075f,0.1474f,1.0322f,3.6682f,0.3479f,0.9833f,-0.1042f,-7.2113f,0f,0f,0f,1f],start_interpolation: 0,interpolation_duration: 1}
$data merge entity $(bone_segment13) {transformation: [-0.9942f,0.2352f,-0.0913f,0.1461f,-0.102f,-0.0352f,1.02f,3.5978f,0.2307f,0.9978f,0.0575f,-6.0112f,0f,0f,0f,1f],start_interpolation: 0,interpolation_duration: 1}
$data merge entity $(bone_segment12) {transformation: [-1.0997f,0.1795f,-0.0537f,0.3629f,-0.0917f,-0.2373f,1.0862f,3.3112f,0.1634f,1.0752f,0.2487f,-4.7123f,0f,0f,0f,1f],start_interpolation: 0,interpolation_duration: 1}
$data merge entity $(bone_segment11) {transformation: [-1.1894f,0.0367f,-0.0341f,0.4053f,-0.0445f,-0.3987f,1.1208f,2.8504f,0.0231f,1.1211f,0.3997f,-3.4167f,0f,0f,0f,1f],start_interpolation: 0,interpolation_duration: 1}
$data merge entity $(bone_segment10) {transformation: [-1.0442f,-0.0861f,-0.0302f,0.2962f,0f,-0.3473f,0.989f,2.4268f,-0.0913f,0.9852f,0.3459f,-2.168f,0f,0f,0f,1f],start_interpolation: 0,interpolation_duration: 1}
data modify entity @s data merge value {"cameras":{},"locators":{"mouth":{"posx":-0.535433873634892,"posy":3.0117750907199623,"posz":5.359774860525276,"roty":170.13818131890218,"rotx":78.24077962972325}}}