# This file was generated by Animated Java via MC-Build. It is not recommended to edit this file directly.
$data merge entity $(bone_neck_spine5) {transformation: [-1.5718f,0.0122f,-0.0341f,0.1635f,-0.0165f,1.077f,1.1454f,3.2693f,0.0323f,1.1454f,-1.0765f,0.5672f,0f,0f,0f,1f],start_interpolation: 0,interpolation_duration: 1}
$data merge entity $(bone_neck_spine2) {transformation: [-1.497f,-0.0147f,-0.0312f,0.0859f,-0.0157f,1.4966f,0.0461f,4.1774f,0.0307f,0.0464f,-1.4964f,2.722f,0f,0f,0f,1f],start_interpolation: 0,interpolation_duration: 1}
$data merge entity $(bone_scale_neck_left1) {transformation: [-1.5936f,0.413f,0.0546f,0.88f,0.4041f,1.4799f,0.5997f,3.2854f,0.1013f,0.5936f,-1.5331f,2.6442f,0f,0f,0f,1f],start_interpolation: 0,interpolation_duration: 1}
$data merge entity $(bone_scale_neck_right1) {transformation: [-1.5876f,-0.4192f,-0.1299f,-0.6919f,-0.4374f,1.4712f,0.5977f,3.269f,-0.0361f,0.6106f,-1.5293f,2.6765f,0f,0f,0f,1f],start_interpolation: 0,interpolation_duration: 1}
$data merge entity $(bone_blush_right1) {transformation: [-0.9953f,-0.0218f,0.0941f,-0.6444f,0.0086f,0.9502f,0.3117f,2.7483f,-0.0963f,0.311f,-0.9455f,3.8817f,0f,0f,0f,1f],start_interpolation: 0,interpolation_duration: 1}
$data merge entity $(bone_blush_left1) {transformation: [-0.9953f,-0.0218f,0.0941f,0.6746f,0.0086f,0.9502f,0.3117f,2.7369f,-0.0963f,0.311f,-0.9455f,4.0093f,0f,0f,0f,1f],start_interpolation: 0,interpolation_duration: 1}
$data merge entity $(bone_left_head_scales) {transformation: [-0.9263f,-0.0218f,-0.3761f,0.7069f,-0.1363f,0.9502f,0.2804f,3.5529f,0.3512f,0.311f,-0.8831f,3.8657f,0f,0f,0f,1f],start_interpolation: 0,interpolation_duration: 1}
$data merge entity $(bone_left_head_scales2) {transformation: [-0.8693f,-0.0218f,-0.4938f,0.7106f,-0.1717f,0.9502f,0.2603f,2.6467f,0.4635f,0.311f,-0.8297f,3.7456f,0f,0f,0f,1f],start_interpolation: 0,interpolation_duration: 1}
$data merge entity $(bone_left_head_scales1) {transformation: [-0.9953f,-0.0218f,0.0941f,0.7093f,0.0086f,0.9502f,0.3117f,3.4462f,-0.0963f,0.311f,-0.9455f,3.8308f,0f,0f,0f,1f],start_interpolation: 0,interpolation_duration: 1}
$data merge entity $(bone_right_head_scales) {transformation: [-0.8394f,-0.0218f,0.5431f,-0.6345f,0.1516f,0.9502f,0.2725f,3.5645f,-0.522f,0.311f,-0.7942f,3.736f,0f,0f,0f,1f],start_interpolation: 0,interpolation_duration: 1}
$data merge entity $(bone_right_head_scales2) {transformation: [-0.7613f,-0.0218f,0.648f,-0.6307f,0.1858f,0.9502f,0.2504f,2.6584f,-0.6212f,0.311f,-0.7193f,3.6159f,0f,0f,0f,1f],start_interpolation: 0,interpolation_duration: 1}
$data merge entity $(bone_right_head_scales1) {transformation: [-0.9953f,-0.0218f,0.0941f,-0.632f,0.0086f,0.9502f,0.3117f,3.4578f,-0.0963f,0.311f,-0.9455f,3.7011f,0f,0f,0f,1f],start_interpolation: 0,interpolation_duration: 1}
$data merge entity $(bone_head_left_fin1) {transformation: [-0.5923f,0.135f,-0.8542f,0.7264f,-0.0111f,1.034f,0.1712f,3.0723f,0.8647f,0.1058f,-0.5829f,3.6202f,0f,0f,0f,1f],start_interpolation: 0,interpolation_duration: 1}
$data merge entity $(bone_head_right_fin1) {transformation: [-0.4154f,-0.135f,0.9528f,-0.6149f,0.0199f,1.0364f,0.1555f,3.0839f,-0.9621f,0.0797f,-0.4082f,3.4905f,0f,0f,0f,1f],start_interpolation: 0,interpolation_duration: 1}
$data merge entity $(bone_right_whisker16) {transformation: [-0.1333f,-0.4155f,0.8998f,-0.8442f,0.9897f,-0.1031f,0.099f,1.7794f,0.0516f,0.9037f,0.425f,1.604f,0f,0f,0f,1f],start_interpolation: 0,interpolation_duration: 1}
$data merge entity $(bone_right_whisker15) {transformation: [0.4812f,-0.2363f,0.8442f,-1.0064f,0.3656f,0.9293f,0.0517f,1.6562f,-0.7967f,0.2838f,0.5336f,1.8725f,0f,0f,0f,1f],start_interpolation: 0,interpolation_duration: 1}
$data merge entity $(bone_right_whisker14) {transformation: [0.7124f,-0.1642f,0.6823f,-1.2464f,-0.2505f,0.8487f,0.4659f,1.7406f,-0.6555f,-0.5028f,0.5635f,2.0933f,0f,0f,0f,1f],start_interpolation: 0,interpolation_duration: 1}
$data merge entity $(bone_right_whisker13) {transformation: [0.263f,-0.3847f,0.8848f,-1.335f,0.1634f,0.9216f,0.3521f,1.6855f,-0.9508f,0.052f,0.3053f,2.4137f,0f,0f,0f,1f],start_interpolation: 0,interpolation_duration: 1}
$data merge entity $(bone_right_whisker12) {transformation: [-0.3965f,-0.2715f,0.877f,-1.1569f,-0.3688f,0.9219f,0.1187f,1.8512f,-0.8407f,-0.2764f,-0.4656f,2.7914f,0f,0f,0f,1f],start_interpolation: 0,interpolation_duration: 1}
$data merge entity $(bone_right_whisker11) {transformation: [-0.8682f,-0.1793f,0.4627f,-0.7669f,-0.1996f,0.9799f,0.0052f,1.9408f,-0.4543f,-0.0878f,-0.8865f,2.9954f,0f,0f,0f,1f],start_interpolation: 0,interpolation_duration: 1}
$data merge entity $(bone_right_whisker10) {transformation: [-0.4171f,-0.5294f,0.7387f,-0.5795f,-0.5254f,0.8037f,0.2793f,2.1768f,-0.7416f,-0.2716f,-0.6134f,3.3286f,0f,0f,0f,1f],start_interpolation: 0,interpolation_duration: 1}
$data merge entity $(bone_right_whisker1) {transformation: [0.1209f,-0.5339f,0.8369f,-0.6338f,-0.7243f,0.5291f,0.4422f,2.5022f,-0.6788f,-0.6596f,-0.3227f,3.6335f,0f,0f,0f,1f],start_interpolation: 0,interpolation_duration: 1}
$data merge entity $(bone_left_whisker16) {transformation: [-0.1379f,0.2328f,-0.9627f,1.2905f,-0.9874f,-0.1087f,0.1152f,1.7609f,-0.0779f,0.9664f,0.2449f,1.8105f,0f,0f,0f,1f],start_interpolation: 0,interpolation_duration: 1}
$data merge entity $(bone_left_whisker15) {transformation: [0.3132f,0.1935f,-0.9298f,1.3961f,-0.3725f,0.9256f,0.0671f,1.6354f,0.8736f,0.3253f,0.362f,2.1048f,0f,0f,0f,1f],start_interpolation: 0,interpolation_duration: 1}
$data merge entity $(bone_left_whisker14) {transformation: [0.5778f,0.2721f,-0.7695f,1.5907f,0.2393f,0.8449f,0.4784f,1.716f,0.7803f,-0.4606f,0.4231f,2.3677f,0f,0f,0f,1f],start_interpolation: 0,interpolation_duration: 1}
$data merge entity $(bone_left_whisker13) {transformation: [0.0731f,0.3833f,-0.9207f,1.6154f,-0.1663f,0.9149f,0.3677f,1.66f,0.9834f,0.1263f,0.1307f,2.699f,0f,0f,0f,1f],start_interpolation: 0,interpolation_duration: 1}
$data merge entity $(bone_left_whisker12) {transformation: [-0.5438f,0.3352f,-0.7693f,1.3711f,0.3769f,0.9167f,0.133f,1.8293f,0.7498f,-0.2177f,-0.6248f,3.0358f,0f,0f,0f,1f],start_interpolation: 0,interpolation_duration: 1}
$data merge entity $(bone_left_whisker11) {transformation: [-0.9356f,0.2096f,-0.2841f,0.9508f,0.2152f,0.9765f,0.0116f,1.9259f,0.2798f,-0.0502f,-0.9587f,3.1615f,0f,0f,0f,1f],start_interpolation: 0,interpolation_duration: 1}
$data merge entity $(bone_left_whisker10) {transformation: [-0.5424f,0.5853f,-0.6026f,0.7071f,0.5337f,0.7941f,0.2909f,2.1657f,0.6488f,-0.1638f,-0.7431f,3.453f,0f,0f,0f,1f],start_interpolation: 0,interpolation_duration: 1}
$data merge entity $(bone_left_whisker1) {transformation: [0.001f,0.6594f,-0.7518f,0.7076f,0.7232f,0.5187f,0.4559f,2.4906f,0.6906f,-0.5442f,-0.4764f,3.7632f,0f,0f,0f,1f],start_interpolation: 0,interpolation_duration: 1}
$data merge entity $(bone_upper_left_tooth1) {transformation: [-0.9953f,-0.0136f,0.0957f,0.2495f,0.0086f,0.9737f,0.2277f,2.5954f,-0.0963f,0.2274f,-0.969f,4.717f,0f,0f,0f,1f],start_interpolation: 0,interpolation_duration: 1}
$data merge entity $(bone_upper_right_tooth1) {transformation: [-0.9953f,-0.0136f,0.0957f,-0.4211f,0.0086f,0.9737f,0.2277f,2.6012f,-0.0963f,0.2274f,-0.969f,4.6522f,0f,0f,0f,1f],start_interpolation: 0,interpolation_duration: 1}
$data merge entity $(bone_top_lip1) {transformation: [-0.9953f,0.02f,0.0946f,-0.0595f,0.0086f,0.9928f,-0.1191f,2.7183f,-0.0963f,-0.1177f,-0.9884f,4.7154f,0f,0f,0f,1f],start_interpolation: 0,interpolation_duration: 1}
$data merge entity $(bone_muzzle1) {transformation: [-0.9953f,-0.0136f,0.0957f,-0.0081f,0.0086f,0.9737f,0.2277f,3.0102f,-0.0963f,0.2274f,-0.969f,4.2096f,0f,0f,0f,1f],start_interpolation: 0,interpolation_duration: 1}
$data merge entity $(bone_jaw_right_tooth1) {transformation: [-0.9953f,0.0511f,0.082f,-0.4228f,0.0086f,0.8922f,-0.4515f,2.6334f,-0.0963f,-0.4487f,-0.8885f,4.6722f,0f,0f,0f,1f],start_interpolation: 0,interpolation_duration: 1}
$data merge entity $(bone_jaw_left_tooth1) {transformation: [-0.9953f,0.0511f,0.082f,0.3037f,0.0086f,0.8922f,-0.4515f,2.6271f,-0.0963f,-0.4487f,-0.8885f,4.7425f,0f,0f,0f,1f],start_interpolation: 0,interpolation_duration: 1}
$data merge entity $(bone_tongue1) {transformation: [-0.9953f,0.0117f,0.0959f,0.0175f,0.0086f,0.9994f,-0.0321f,2.5963f,-0.0963f,-0.0311f,-0.9949f,3.9083f,0f,0f,0f,1f],start_interpolation: 0,interpolation_duration: 1}
$data merge entity $(bone_jaw_lips1) {transformation: [-0.9953f,0.0117f,0.0959f,-0.0144f,0.0086f,0.9994f,-0.0321f,2.4955f,-0.0963f,-0.0311f,-0.9949f,4.8115f,0f,0f,0f,1f],start_interpolation: 0,interpolation_duration: 1}
$data merge entity $(bone_jaw3) {transformation: [-0.9953f,0.0361f,0.0896f,0.0631f,0.0086f,0.9571f,-0.2897f,2.1547f,-0.0963f,-0.2875f,-0.9529f,3.9796f,0f,0f,0f,1f],start_interpolation: 0,interpolation_duration: 1}
$data merge entity $(bone_jaw1) {transformation: [-0.9953f,-0.0379f,0.0889f,0.143f,0.0086f,0.8816f,0.4719f,2.5787f,-0.0963f,0.4705f,-0.8771f,3.1915f,0f,0f,0f,1f],start_interpolation: 0,interpolation_duration: 1}
$data merge entity $(bone_tear_right1) {transformation: [-0.9953f,-0.0218f,0.0941f,-0.6066f,0.0086f,0.9502f,0.3117f,3.0898f,-0.0963f,0.311f,-0.9455f,4.1049f,0f,0f,0f,1f],start_interpolation: 0,interpolation_duration: 1}
$data merge entity $(bone_right_pupil1) {transformation: [-0.9953f,-0.0218f,0.0941f,-0.4309f,0.0086f,0.9502f,0.3117f,3.1739f,-0.0963f,0.311f,-0.9455f,4.2214f,0f,0f,0f,1f],start_interpolation: 0,interpolation_duration: 1}
$data merge entity $(bone_right_sad_pupil1) {transformation: [-0.9953f,-0.0218f,0.0941f,-0.4299f,0.0086f,0.9502f,0.3117f,3.1774f,-0.0963f,0.311f,-0.9455f,4.2108f,0f,0f,0f,1f],start_interpolation: 0,interpolation_duration: 1}
$data merge entity $(bone_right_happy_pupil1) {transformation: [-0.9953f,-0.0218f,0.0941f,-0.4572f,0.0086f,0.9502f,0.3117f,3.151f,-0.0963f,0.311f,-0.9455f,4.1994f,0f,0f,0f,1f],start_interpolation: 0,interpolation_duration: 1}
$data merge entity $(bone_eyelid_right1) {transformation: [-0.9953f,-0.0218f,0.0941f,0.0545f,0.0086f,0.9502f,0.3117f,3.2953f,-0.0963f,0.311f,-0.9455f,3.704f,0f,0f,0f,1f],start_interpolation: 0,interpolation_duration: 1}
$data merge entity $(bone_eyelid_expressions_right5) {transformation: [-0.9953f,-0.0218f,0.0941f,-0.5609f,0.0086f,0.9502f,0.3117f,3.2852f,-0.0963f,0.311f,-0.9455f,4.2333f,0f,0f,0f,1f],start_interpolation: 0,interpolation_duration: 1}
$data merge entity $(bone_eyelid_expressions_right7) {transformation: [-0.9953f,-0.0218f,0.0941f,-0.2256f,0.0086f,0.9502f,0.3117f,3.2823f,-0.0963f,0.311f,-0.9455f,4.2657f,0f,0f,0f,1f],start_interpolation: 0,interpolation_duration: 1}
$data merge entity $(bone_eyelid_expressions_right6) {transformation: [-0.9953f,-0.0218f,0.0941f,-0.3373f,0.0086f,0.9502f,0.3117f,3.2833f,-0.0963f,0.311f,-0.9455f,4.2549f,0f,0f,0f,1f],start_interpolation: 0,interpolation_duration: 1}
$data merge entity $(bone_right_eye1) {transformation: [-0.9953f,-0.0218f,0.0941f,0.0423f,0.0086f,0.9502f,0.3117f,3.2919f,-0.0963f,0.311f,-0.9455f,3.7136f,0f,0f,0f,1f],start_interpolation: 0,interpolation_duration: 1}
$data merge entity $(bone_tear_left1) {transformation: [-0.9953f,-0.0218f,0.0941f,0.6006f,0.0086f,0.9502f,0.3117f,3.0793f,-0.0963f,0.311f,-0.9455f,4.2217f,0f,0f,0f,1f],start_interpolation: 0,interpolation_duration: 1}
$data merge entity $(bone_left_sad_pupil1) {transformation: [-0.9953f,-0.0218f,0.0941f,0.4085f,0.0086f,0.9502f,0.3117f,3.1701f,-0.0963f,0.311f,-0.9455f,4.2919f,0f,0f,0f,1f],start_interpolation: 0,interpolation_duration: 1}
$data merge entity $(bone_left_pupil1) {transformation: [-0.9953f,-0.0218f,0.0941f,0.4074f,0.0086f,0.9502f,0.3117f,3.1666f,-0.0963f,0.311f,-0.9455f,4.3025f,0f,0f,0f,1f],start_interpolation: 0,interpolation_duration: 1}
$data merge entity $(bone_eyelid_left1) {transformation: [-0.9953f,-0.0218f,0.0941f,0.0322f,0.0086f,0.9502f,0.3117f,3.2955f,-0.0963f,0.311f,-0.9455f,3.7019f,0f,0f,0f,1f],start_interpolation: 0,interpolation_duration: 1}
$data merge entity $(bone_left_happy_pupil1) {transformation: [-0.9953f,-0.0218f,0.0941f,0.437f,0.0086f,0.9502f,0.3117f,3.1432f,-0.0963f,0.311f,-0.9455f,4.2858f,0f,0f,0f,1f],start_interpolation: 0,interpolation_duration: 1}
$data merge entity $(bone_eyelid_expressions_left5) {transformation: [-0.9953f,-0.0218f,0.0941f,0.5345f,0.0086f,0.9502f,0.3117f,3.2757f,-0.0963f,0.311f,-0.9455f,4.3392f,0f,0f,0f,1f],start_interpolation: 0,interpolation_duration: 1}
$data merge entity $(bone_eyelid_expressions_left7) {transformation: [-0.9953f,-0.0218f,0.0941f,0.1992f,0.0086f,0.9502f,0.3117f,3.2786f,-0.0963f,0.311f,-0.9455f,4.3068f,0f,0f,0f,1f],start_interpolation: 0,interpolation_duration: 1}
$data merge entity $(bone_eyelid_expressions_left6) {transformation: [-0.9953f,-0.0218f,0.0941f,0.311f,0.0086f,0.9502f,0.3117f,3.2777f,-0.0963f,0.311f,-0.9455f,4.3176f,0f,0f,0f,1f],start_interpolation: 0,interpolation_duration: 1}
$data merge entity $(bone_left_eye1) {transformation: [-0.9953f,-0.0218f,0.0941f,0.0423f,0.0086f,0.9502f,0.3117f,3.2919f,-0.0963f,0.311f,-0.9455f,3.7136f,0f,0f,0f,1f],start_interpolation: 0,interpolation_duration: 1}
$data merge entity $(bone_crest_middle5) {transformation: [-0.9953f,-0.0009f,0.0966f,-0.0328f,0.0086f,0.9951f,0.0986f,4.46f,-0.0963f,0.099f,-0.9904f,4.5953f,0f,0f,0f,1f],start_interpolation: 0,interpolation_duration: 1}
$data merge entity $(bone_crest_middle4) {transformation: [-0.9953f,-0.0009f,0.0966f,-0.0322f,0.0086f,0.9951f,0.0986f,3.7894f,-0.0963f,0.099f,-0.9904f,4.5286f,0f,0f,0f,1f],start_interpolation: 0,interpolation_duration: 1}
$data merge entity $(bone_crest_middle1) {transformation: [-0.9953f,-0.0009f,0.0966f,-0.0399f,0.0086f,0.9951f,0.0986f,3.2783f,-0.0963f,0.099f,-0.9904f,4.562f,0f,0f,0f,1f],start_interpolation: 0,interpolation_duration: 1}
$data merge entity $(bone_crest_left5) {transformation: [-0.5164f,-0.8316f,0.2044f,-1.1275f,-0.7967f,0.554f,0.2414f,3.8294f,-0.314f,-0.0382f,-0.9486f,4.383f,0f,0f,0f,1f],start_interpolation: 0,interpolation_duration: 1}
$data merge entity $(bone_crest_left4) {transformation: [-0.5164f,-0.8316f,0.2044f,-0.6605f,-0.7967f,0.554f,0.2414f,3.5183f,-0.314f,-0.0382f,-0.9486f,4.4045f,0f,0f,0f,1f],start_interpolation: 0,interpolation_duration: 1}
$data merge entity $(bone_crest_left1) {transformation: [-0.5164f,-0.8316f,0.2044f,-0.1354f,-0.7967f,0.554f,0.2414f,3.1896f,-0.314f,-0.0382f,-0.9486f,4.3748f,0f,0f,0f,1f],start_interpolation: 0,interpolation_duration: 1}
$data merge entity $(bone_crest_center1) {transformation: [-0.9953f,-0.0218f,0.0941f,-0.023f,0.0086f,0.9502f,0.3117f,3.1619f,-0.0963f,0.311f,-0.9455f,4.3769f,0f,0f,0f,1f],start_interpolation: 0,interpolation_duration: 1}
$data merge entity $(bone_crest_right5) {transformation: [-0.5532f,0.8329f,-0.0147f,1.0712f,0.806f,0.5396f,0.2433f,3.8103f,0.2106f,0.1228f,-0.9698f,4.5956f,0f,0f,0f,1f],start_interpolation: 0,interpolation_duration: 1}
$data merge entity $(bone_crest_right4) {transformation: [-0.5532f,0.8329f,-0.0147f,0.6035f,0.806f,0.5396f,0.2433f,3.5073f,0.2106f,0.1228f,-0.9698f,4.5267f,0f,0f,0f,1f],start_interpolation: 0,interpolation_duration: 1}
$data merge entity $(bone_crest_right1) {transformation: [-0.5532f,0.8329f,-0.0147f,0.0882f,0.806f,0.5396f,0.2433f,3.1877f,0.2106f,0.1228f,-0.9698f,4.3964f,0f,0f,0f,1f],start_interpolation: 0,interpolation_duration: 1}
$data merge entity $(bone_head1) {transformation: [-1.0433f,-0.0229f,0.0987f,0.1017f,0.009f,0.9959f,0.3267f,3.4311f,-0.1009f,0.326f,-0.9911f,3.1121f,0f,0f,0f,1f],start_interpolation: 0,interpolation_duration: 1}
$data merge entity $(bone_neck10) {transformation: [-1.497f,-0.0105f,-0.0328f,0.0814f,-0.0157f,1.4778f,0.241f,3.1595f,0.0307f,0.2413f,-1.4775f,1.987f,0f,0f,0f,1f],start_interpolation: 0,interpolation_duration: 1}
$data merge entity $(bone_neck9) {transformation: [-1.1452f,0.015f,-0.0217f,0.064f,-0.012f,0.5419f,1.0091f,2.5716f,0.0235f,1.0091f,-0.5416f,0.8377f,0f,0f,0f,1f],start_interpolation: 0,interpolation_duration: 1}
$data merge entity $(bone_neck8) {transformation: [-1.0629f,0.0186f,-0.016f,0.0446f,-0.0111f,0.2518f,1.0328f,2.3735f,0.0218f,1.0327f,-0.2515f,-0.212f,0f,0f,0f,1f],start_interpolation: 0,interpolation_duration: 1}
$data merge entity $(bone_neck7) {transformation: [-1.0543f,-0.0527f,-0.0125f,0.0978f,-0.016f,0.0701f,1.0532f,2.3027f,-0.0518f,1.052f,-0.0708f,-1.2752f,0f,0f,0f,1f],start_interpolation: 0,interpolation_duration: 1}
$data merge entity $(bone_neck6) {transformation: [-1.034f,-0.1766f,0.0388f,0.2606f,0.0751f,-0.2146f,1.0248f,2.515f,-0.1645f,1.0122f,0.224f,-2.2013f,0f,0f,0f,1f],start_interpolation: 0,interpolation_duration: 1}
$data merge entity $(bone_neck_spine6) {transformation: [-1.2726f,-0.0181f,0.0074f,0.8715f,0.0019f,0.3684f,1.2183f,4.0415f,-0.0195f,1.2182f,-0.3684f,-5.9348f,0f,0f,0f,1f],start_interpolation: 0,interpolation_duration: 1}
$data merge entity $(bone_neck_spine7) {transformation: [-0.9805f,0.1933f,-0.0366f,0.6604f,0.0382f,0.3696f,0.9284f,3.2223f,0.193f,0.9089f,-0.3697f,-9.3778f,0f,0f,0f,1f],start_interpolation: 0,interpolation_duration: 1}
$data merge entity $(bone_tail6) {transformation: [-1.5414f,0.7446f,0.187f,-0.5807f,-0.088f,-0.5881f,1.6161f,4.0418f,0.7627f,1.437f,0.5645f,-12.6343f,0f,0f,0f,1f],start_interpolation: 0,interpolation_duration: 1}
$data merge entity $(bone_tail5) {transformation: [-1.2733f,0.579f,0.259f,-0.215f,-0.0727f,-0.7103f,1.2304f,3.5932f,0.6301f,1.0881f,0.6654f,-11.9471f,0f,0f,0f,1f],start_interpolation: 0,interpolation_duration: 1}
$data merge entity $(bone_tail4) {transformation: [-0.9275f,0.4318f,0.2279f,-0.03f,-0.0456f,-0.5637f,0.8825f,3.3516f,0.4861f,0.7711f,0.5176f,-11.6166f,0f,0f,0f,1f],start_interpolation: 0,interpolation_duration: 1}
$data merge entity $(bone_segment18) {transformation: [-0.9311f,0.2929f,0.2174f,0.1345f,0.0271f,-0.5388f,0.842f,3.0491f,0.3638f,0.7899f,0.4938f,-11.1731f,0f,0f,0f,1f],start_interpolation: 0,interpolation_duration: 1}
$data merge entity $(bone_segment17) {transformation: [-0.9471f,0.2888f,0.1402f,0.3453f,0.0434f,-0.3176f,0.9472f,2.8172f,0.3181f,0.9032f,0.2883f,-10.5138f,0f,0f,0f,1f],start_interpolation: 0,interpolation_duration: 1}
$data merge entity $(bone_segment16) {transformation: [-0.9619f,0.2654f,0.0662f,0.5987f,0.0473f,-0.077f,0.9959f,2.7437f,0.2694f,0.9611f,0.0615f,-9.5964f,0f,0f,0f,1f],start_interpolation: 0,interpolation_duration: 1}
$data merge entity $(bone_segment15) {transformation: [-0.9805f,0.1962f,0.0147f,0.83f,0.0382f,0.1167f,0.9924f,2.8813f,0.193f,0.9736f,-0.1219f,-8.4483f,0f,0f,0f,1f],start_interpolation: 0,interpolation_duration: 1}
$data merge entity $(bone_segment14) {transformation: [-1.0468f,0.0541f,-0.0009f,0.8909f,0.0098f,0.208f,1.0273f,3.1153f,0.0532f,1.0259f,-0.2082f,-7.2942f,0f,0f,0f,1f],start_interpolation: 0,interpolation_duration: 1}
$data merge entity $(bone_segment13) {transformation: [-1.0256f,-0.0154f,0.0034f,0.8723f,0.0015f,0.1219f,1.0184f,3.2343f,-0.0157f,1.0183f,-0.1219f,-6.0644f,0f,0f,0f,1f],start_interpolation: 0,interpolation_duration: 1}
$data merge entity $(bone_segment12) {transformation: [-1.1047f,-0.1554f,0.0009f,0.6846f,0.0075f,-0.0467f,1.1146f,3.1779f,-0.1552f,1.1037f,0.0473f,-4.7311f,0f,0f,0f,1f],start_interpolation: 0,interpolation_duration: 1}
$data merge entity $(bone_segment11) {transformation: [-1.1681f,-0.2277f,-0.0265f,0.4214f,0.0214f,-0.2451f,1.1647f,2.8946f,-0.2283f,1.1424f,0.2447f,-3.4108f,0f,0f,0f,1f],start_interpolation: 0,interpolation_duration: 1}
$data merge entity $(bone_segment10) {transformation: [-1.039f,-0.1325f,-0.0392f,0.2536f,0f,-0.2976f,1.005f,2.5339f,-0.1381f,0.9963f,0.295f,-2.1489f,0f,0f,0f,1f],start_interpolation: 0,interpolation_duration: 1}
data modify entity @s data merge value {"cameras":{},"locators":{"mouth":{"posx":-0.12892731618951878,"posy":2.5571992485192183,"posz":5.418411490485549,"roty":184.01729810409873,"rotx":71.83271322079692}}}