# This file was generated by Animated Java via MC-Build. It is not recommended to edit this file directly.
$data merge entity $(bone_neck_spine5) {transformation: [-1.5705f,0.0077f,-0.0736f,0.1182f,-0.0464f,1.116f,1.1066f,3.2485f,0.0576f,1.1075f,-1.1145f,0.5306f,0f,0f,0f,1f],start_interpolation: 0,interpolation_duration: 1}
$data merge entity $(bone_neck_spine2) {transformation: [-1.4957f,-0.0444f,-0.0547f,0.0547f,-0.0442f,1.4967f,-0.0063f,4.2289f,0.0549f,-0.0047f,-1.4964f,2.6539f,0f,0f,0f,1f],start_interpolation: 0,interpolation_duration: 1}
$data merge entity $(bone_scale_neck_left1) {transformation: [-1.5997f,0.3918f,0.0192f,0.8655f,0.3758f,1.5074f,0.5472f,3.3506f,0.1126f,0.5359f,-1.5535f,2.5942f,0f,0f,0f,1f],start_interpolation: 0,interpolation_duration: 1}
$data merge entity $(bone_scale_neck_right1) {transformation: [-1.5788f,-0.4397f,-0.1651f,-0.7051f,-0.4697f,1.4829f,0.5418f,3.3042f,0.004f,0.5664f,-1.5467f,2.6518f,0f,0f,0f,1f],start_interpolation: 0,interpolation_duration: 1}
$data merge entity $(bone_blush_right1) {transformation: [-0.9942f,-0.0381f,0.1007f,-0.654f,-0.0109f,0.9661f,0.2578f,2.8494f,-0.1071f,0.2552f,-0.9609f,3.869f,0f,0f,0f,1f],start_interpolation: 0,interpolation_duration: 1}
$data merge entity $(bone_blush_left1) {transformation: [-0.9942f,-0.0381f,0.1007f,0.6635f,-0.0109f,0.9661f,0.2578f,2.8639f,-0.1071f,0.2552f,-0.9609f,4.0109f,0f,0f,0f,1f],start_interpolation: 0,interpolation_duration: 1}
$data merge entity $(bone_left_head_scales) {transformation: [-0.9283f,-0.0381f,-0.3698f,0.6864f,-0.1287f,0.9661f,0.2236f,3.6706f,0.3487f,0.2552f,-0.9018f,3.8207f,0f,0f,0f,1f],start_interpolation: 0,interpolation_duration: 1}
$data merge entity $(bone_left_head_scales2) {transformation: [-0.8721f,-0.0381f,-0.4878f,0.7037f,-0.1568f,0.9661f,0.2049f,2.7591f,0.4635f,0.2552f,-0.8486f,3.7533f,0f,0f,0f,1f],start_interpolation: 0,interpolation_duration: 1}
$data merge entity $(bone_left_head_scales1) {transformation: [-0.9942f,-0.0381f,0.1007f,0.6907f,-0.0109f,0.9661f,0.2578f,3.5621f,-0.1071f,0.2552f,-0.9609f,3.7921f,0f,0f,0f,1f],start_interpolation: 0,interpolation_duration: 1}
$data merge entity $(bone_right_head_scales) {transformation: [-0.8354f,-0.0381f,0.5484f,-0.6534f,0.1093f,0.9661f,0.2337f,3.6558f,-0.5387f,0.2552f,-0.8029f,3.6764f,0f,0f,0f,1f],start_interpolation: 0,interpolation_duration: 1}
$data merge entity $(bone_right_head_scales2) {transformation: [-0.7567f,-0.0381f,0.6527f,-0.6361f,0.1389f,0.9661f,0.2175f,2.7444f,-0.6389f,0.2552f,-0.7257f,3.609f,0f,0f,0f,1f],start_interpolation: 0,interpolation_duration: 1}
$data merge entity $(bone_right_head_scales1) {transformation: [-0.9942f,-0.0381f,0.1007f,-0.6491f,-0.0109f,0.9661f,0.2578f,3.5473f,-0.1071f,0.2552f,-0.9609f,3.6478f,0f,0f,0f,1f],start_interpolation: 0,interpolation_duration: 1}
$data merge entity $(bone_head_left_fin1) {transformation: [-0.6019f,0.1199f,-0.8497f,0.7153f,0.0305f,1.0402f,0.1252f,3.1769f,0.8576f,0.0472f,-0.6008f,3.6037f,0f,0f,0f,1f],start_interpolation: 0,interpolation_duration: 1}
$data merge entity $(bone_head_right_fin1) {transformation: [-0.4047f,-0.1498f,0.9552f,-0.6246f,-0.0416f,1.0373f,0.145f,3.1622f,-0.966f,0.0181f,-0.4064f,3.4594f,0f,0f,0f,1f],start_interpolation: 0,interpolation_duration: 1}
$data merge entity $(bone_right_whisker16) {transformation: [-0.1472f,-0.4243f,0.8935f,-0.815f,0.9891f,-0.0566f,0.1361f,1.7478f,-0.0072f,0.9037f,0.428f,1.6493f,0f,0f,0f,1f],start_interpolation: 0,interpolation_duration: 1}
$data merge entity $(bone_right_whisker15) {transformation: [0.4852f,-0.252f,0.8373f,-0.9785f,0.3257f,0.9407f,0.0943f,1.638f,-0.8115f,0.2269f,0.5385f,1.9227f,0f,0f,0f,1f],start_interpolation: 0,interpolation_duration: 1}
$data merge entity $(bone_right_whisker14) {transformation: [0.7231f,-0.1699f,0.6695f,-1.2221f,-0.2779f,0.8158f,0.5072f,1.7317f,-0.6324f,-0.5528f,0.5427f,2.1358f,0f,0f,0f,1f],start_interpolation: 0,interpolation_duration: 1}
$data merge entity $(bone_right_whisker13) {transformation: [0.2716f,-0.3976f,0.8765f,-1.3136f,0.1119f,0.9176f,0.3815f,1.694f,-0.9559f,-0.0055f,0.2937f,2.4578f,0f,0f,0f,1f],start_interpolation: 0,interpolation_duration: 1}
$data merge entity $(bone_right_whisker12) {transformation: [-0.3819f,-0.2807f,0.8805f,-1.142f,-0.4223f,0.9005f,0.1039f,1.8836f,-0.8221f,-0.3321f,-0.4625f,2.8271f,0f,0f,0f,1f],start_interpolation: 0,interpolation_duration: 1}
$data merge entity $(bone_right_whisker11) {transformation: [-0.8603f,-0.1914f,0.4726f,-0.7556f,-0.2376f,0.9705f,-0.0396f,1.9904f,-0.4511f,-0.1463f,-0.8804f,3.0298f,0f,0f,0f,1f],start_interpolation: 0,interpolation_duration: 1}
$data merge entity $(bone_right_whisker10) {transformation: [-0.4016f,-0.537f,0.7418f,-0.5751f,-0.5731f,0.7792f,0.2538f,2.2479f,-0.7143f,-0.3233f,-0.6207f,3.3507f,0f,0f,0f,1f],start_interpolation: 0,interpolation_duration: 1}
$data merge entity $(bone_right_whisker1) {transformation: [0.1383f,-0.5334f,0.8345f,-0.6373f,-0.7605f,0.4825f,0.4345f,2.5895f,-0.6344f,-0.6947f,-0.339f,3.6356f,0f,0f,0f,1f],start_interpolation: 0,interpolation_duration: 1}
$data merge entity $(bone_left_whisker16) {transformation: [-0.1238f,0.2233f,-0.9669f,1.3174f,-0.9921f,-0.0494f,0.1156f,1.7712f,-0.022f,0.9735f,0.2277f,1.879f,0f,0f,0f,1f],start_interpolation: 0,interpolation_duration: 1}
$data merge entity $(bone_left_whisker15) {transformation: [0.3083f,0.1774f,-0.9346f,1.4213f,-0.317f,0.9455f,0.0749f,1.6644f,0.8969f,0.2732f,0.3477f,2.1812f,0f,0f,0f,1f],start_interpolation: 0,interpolation_duration: 1}
$data merge entity $(bone_left_whisker14) {transformation: [0.5657f,0.2659f,-0.7806f,1.6118f,0.2921f,0.8206f,0.4912f,1.7628f,0.7712f,-0.5059f,0.3865f,2.441f,0f,0f,0f,1f],start_interpolation: 0,interpolation_duration: 1}
$data merge entity $(bone_left_whisker13) {transformation: [0.0642f,0.3696f,-0.927f,1.6335f,-0.1082f,0.926f,0.3617f,1.7264f,0.9921f,0.0771f,0.0994f,2.7753f,0f,0f,0f,1f],start_interpolation: 0,interpolation_duration: 1}
$data merge entity $(bone_left_whisker12) {transformation: [-0.5573f,0.3253f,-0.7639f,1.3831f,0.4119f,0.9072f,0.0858f,1.9114f,0.7209f,-0.2669f,-0.6396f,3.0991f,0f,0f,0f,1f],start_interpolation: 0,interpolation_duration: 1}
$data merge entity $(bone_left_whisker11) {transformation: [-0.9415f,0.197f,-0.2733f,0.9602f,0.2178f,0.9748f,-0.0478f,2.0093f,0.257f,-0.1045f,-0.9607f,3.2146f,0f,0f,0f,1f],start_interpolation: 0,interpolation_duration: 1}
$data merge entity $(bone_left_whisker10) {transformation: [-0.5569f,0.5765f,-0.598f,0.71f,0.5626f,0.7914f,0.239f,2.262f,0.6111f,-0.2033f,-0.765f,3.4891f,0f,0f,0f,1f],start_interpolation: 0,interpolation_duration: 1}
$data merge entity $(bone_left_whisker1) {transformation: [-0.0166f,0.6585f,-0.7524f,0.7026f,0.7619f,0.4956f,0.417f,2.6042f,0.6475f,-0.5663f,-0.5099f,3.78f,0f,0f,0f,1f],start_interpolation: 0,interpolation_duration: 1}
$data merge entity $(bone_upper_left_tooth1) {transformation: [-0.9942f,-0.0292f,0.1036f,0.2324f,-0.0109f,0.9849f,0.1726f,2.7575f,-0.1071f,0.1705f,-0.9795f,4.7212f,0f,0f,0f,1f],start_interpolation: 0,interpolation_duration: 1}
$data merge entity $(bone_upper_right_tooth1) {transformation: [-0.9942f,-0.0292f,0.1036f,-0.4375f,-0.0109f,0.9849f,0.1726f,2.7502f,-0.1071f,0.1705f,-0.9795f,4.649f,0f,0f,0f,1f],start_interpolation: 0,interpolation_duration: 1}
$data merge entity $(bone_top_lip1) {transformation: [-0.9942f,0.008f,0.1073f,-0.0783f,-0.0109f,0.9846f,-0.1746f,2.8758f,-0.1071f,-0.1748f,-0.9788f,4.7092f,0f,0f,0f,1f],start_interpolation: 0,interpolation_duration: 1}
$data merge entity $(bone_muzzle1) {transformation: [-0.9942f,-0.0292f,0.1036f,-0.025f,-0.0109f,0.9849f,0.1726f,3.1387f,-0.1071f,0.1705f,-0.9795f,4.1879f,0f,0f,0f,1f],start_interpolation: 0,interpolation_duration: 1}
$data merge entity $(bone_jaw_right_tooth1) {transformation: [-0.9942f,0.0442f,0.0981f,-0.4399f,-0.0109f,0.8655f,-0.5009f,2.7834f,-0.1071f,-0.499f,-0.8599f,4.6672f,0f,0f,0f,1f],start_interpolation: 0,interpolation_duration: 1}
$data merge entity $(bone_jaw_left_tooth1) {transformation: [-0.9942f,0.0442f,0.0981f,0.2859f,-0.0109f,0.8655f,-0.5009f,2.7914f,-0.1071f,-0.499f,-0.8599f,4.7454f,0f,0f,0f,1f],start_interpolation: 0,interpolation_duration: 1}
$data merge entity $(bone_tongue1) {transformation: [-0.9942f,-0.0014f,0.1076f,0.0095f,-0.0109f,0.996f,-0.0882f,2.7084f,-0.1071f,-0.0888f,-0.9903f,3.9113f,0f,0f,0f,1f],start_interpolation: 0,interpolation_duration: 1}
$data merge entity $(bone_jaw_lips1) {transformation: [-0.9942f,-0.0014f,0.1076f,-0.0312f,-0.0109f,0.996f,-0.0882f,2.6596f,-0.1071f,-0.0888f,-0.9903f,4.8185f,0f,0f,0f,1f],start_interpolation: 0,interpolation_duration: 1}
$data merge entity $(bone_jaw3) {transformation: [-0.9942f,0.0265f,0.1043f,0.0603f,-0.0109f,0.9393f,-0.343f,2.2724f,-0.1071f,-0.3421f,-0.9335f,4.0086f,0f,0f,0f,1f],start_interpolation: 0,interpolation_duration: 1}
$data merge entity $(bone_jaw1) {transformation: [-0.9942f,-0.055f,0.0925f,0.1434f,-0.0109f,0.9067f,0.4217f,2.6512f,-0.1071f,0.4182f,-0.902f,3.1982f,0f,0f,0f,1f],start_interpolation: 0,interpolation_duration: 1}
$data merge entity $(bone_tear_right1) {transformation: [-0.9942f,-0.0381f,0.1007f,-0.6233f,-0.0109f,0.9661f,0.2578f,3.2037f,-0.1071f,0.2552f,-0.9609f,4.0725f,0f,0f,0f,1f],start_interpolation: 0,interpolation_duration: 1}
$data merge entity $(bone_right_pupil1) {transformation: [-0.9942f,-0.0381f,0.1007f,-0.4501f,-0.0109f,0.9661f,0.2578f,3.2968f,-0.1071f,0.2552f,-0.9609f,4.1858f,0f,0f,0f,1f],start_interpolation: 0,interpolation_duration: 1}
$data merge entity $(bone_right_sad_pupil1) {transformation: [-0.9942f,-0.0381f,0.1007f,-0.449f,-0.0109f,0.9661f,0.2578f,3.2997f,-0.1071f,0.2552f,-0.9609f,4.175f,0f,0f,0f,1f],start_interpolation: 0,interpolation_duration: 1}
$data merge entity $(bone_right_happy_pupil1) {transformation: [-0.9942f,-0.0381f,0.1007f,-0.4758f,-0.0109f,0.9661f,0.2578f,3.2723f,-0.1071f,0.2552f,-0.9609f,4.1648f,0f,0f,0f,1f],start_interpolation: 0,interpolation_duration: 1}
$data merge entity $(bone_eyelid_right1) {transformation: [-0.9942f,-0.0381f,0.1007f,0.0395f,-0.0109f,0.9661f,0.2578f,3.395f,-0.1071f,0.2552f,-0.9609f,3.6673f,0f,0f,0f,1f],start_interpolation: 0,interpolation_duration: 1}
$data merge entity $(bone_eyelid_expressions_right5) {transformation: [-0.9942f,-0.0381f,0.1007f,-0.5817f,-0.0109f,0.9661f,0.2578f,3.4068f,-0.1071f,0.2552f,-0.9609f,4.1898f,0f,0f,0f,1f],start_interpolation: 0,interpolation_duration: 1}
$data merge entity $(bone_eyelid_expressions_right7) {transformation: [-0.9942f,-0.0381f,0.1007f,-0.2467f,-0.0109f,0.9661f,0.2578f,3.4105f,-0.1071f,0.2552f,-0.9609f,4.2259f,0f,0f,0f,1f],start_interpolation: 0,interpolation_duration: 1}
$data merge entity $(bone_eyelid_expressions_right6) {transformation: [-0.9942f,-0.0381f,0.1007f,-0.3584f,-0.0109f,0.9661f,0.2578f,3.4093f,-0.1071f,0.2552f,-0.9609f,4.2139f,0f,0f,0f,1f],start_interpolation: 0,interpolation_duration: 1}
$data merge entity $(bone_right_eye1) {transformation: [-0.9942f,-0.0381f,0.1007f,0.0272f,-0.0109f,0.9661f,0.2578f,3.392f,-0.1071f,0.2552f,-0.9609f,3.6769f,0f,0f,0f,1f],start_interpolation: 0,interpolation_duration: 1}
$data merge entity $(bone_tear_left1) {transformation: [-0.9942f,-0.0381f,0.1007f,0.5826f,-0.0109f,0.9661f,0.2578f,3.2169f,-0.1071f,0.2552f,-0.9609f,4.2024f,0f,0f,0f,1f],start_interpolation: 0,interpolation_duration: 1}
$data merge entity $(bone_left_sad_pupil1) {transformation: [-0.9942f,-0.0381f,0.1007f,0.3884f,-0.0109f,0.9661f,0.2578f,3.3089f,-0.1071f,0.2552f,-0.9609f,4.2652f,0f,0f,0f,1f],start_interpolation: 0,interpolation_duration: 1}
$data merge entity $(bone_left_pupil1) {transformation: [-0.9942f,-0.0381f,0.1007f,0.3873f,-0.0109f,0.9661f,0.2578f,3.306f,-0.1071f,0.2552f,-0.9609f,4.276f,0f,0f,0f,1f],start_interpolation: 0,interpolation_duration: 1}
$data merge entity $(bone_eyelid_left1) {transformation: [-0.9942f,-0.0381f,0.1007f,0.0172f,-0.0109f,0.9661f,0.2578f,3.3947f,-0.1071f,0.2552f,-0.9609f,3.6649f,0f,0f,0f,1f],start_interpolation: 0,interpolation_duration: 1}
$data merge entity $(bone_left_happy_pupil1) {transformation: [-0.9942f,-0.0381f,0.1007f,0.4174f,-0.0109f,0.9661f,0.2578f,3.2821f,-0.1071f,0.2552f,-0.9609f,4.261f,0f,0f,0f,1f],start_interpolation: 0,interpolation_duration: 1}
$data merge entity $(bone_eyelid_expressions_left5) {transformation: [-0.9942f,-0.0381f,0.1007f,0.5125f,-0.0109f,0.9661f,0.2578f,3.4189f,-0.1071f,0.2552f,-0.9609f,4.3076f,0f,0f,0f,1f],start_interpolation: 0,interpolation_duration: 1}
$data merge entity $(bone_eyelid_expressions_left7) {transformation: [-0.9942f,-0.0381f,0.1007f,0.1776f,-0.0109f,0.9661f,0.2578f,3.4152f,-0.1071f,0.2552f,-0.9609f,4.2716f,0f,0f,0f,1f],start_interpolation: 0,interpolation_duration: 1}
$data merge entity $(bone_eyelid_expressions_left6) {transformation: [-0.9942f,-0.0381f,0.1007f,0.2892f,-0.0109f,0.9661f,0.2578f,3.4164f,-0.1071f,0.2552f,-0.9609f,4.2836f,0f,0f,0f,1f],start_interpolation: 0,interpolation_duration: 1}
$data merge entity $(bone_left_eye1) {transformation: [-0.9942f,-0.0381f,0.1007f,0.0272f,-0.0109f,0.9661f,0.2578f,3.392f,-0.1071f,0.2552f,-0.9609f,3.6769f,0f,0f,0f,1f],start_interpolation: 0,interpolation_duration: 1}
$data merge entity $(bone_crest_middle5) {transformation: [-0.9942f,-0.0154f,0.1065f,-0.0736f,-0.0109f,0.999f,0.0426f,4.6078f,-0.1071f,0.0412f,-0.9934f,4.4887f,0f,0f,0f,1f],start_interpolation: 0,interpolation_duration: 1}
$data merge entity $(bone_crest_middle4) {transformation: [-0.9942f,-0.0154f,0.1065f,-0.0632f,-0.0109f,0.999f,0.0426f,3.9346f,-0.1071f,0.0412f,-0.9934f,4.461f,0f,0f,0f,1f],start_interpolation: 0,interpolation_duration: 1}
$data merge entity $(bone_crest_middle1) {transformation: [-0.9942f,-0.0154f,0.1065f,-0.0644f,-0.0109f,0.999f,0.0426f,3.4262f,-0.1071f,0.0412f,-0.9934f,4.5238f,0f,0f,0f,1f],start_interpolation: 0,interpolation_duration: 1}
$data merge entity $(bone_crest_left5) {transformation: [-0.502f,-0.8385f,0.2119f,-1.1572f,-0.8207f,0.5392f,0.1891f,3.9507f,-0.2728f,-0.079f,-0.9588f,4.3017f,0f,0f,0f,1f],start_interpolation: 0,interpolation_duration: 1}
$data merge entity $(bone_crest_left4) {transformation: [-0.502f,-0.8385f,0.2119f,-0.6863f,-0.8207f,0.5392f,0.1891f,3.6479f,-0.2728f,-0.079f,-0.9588f,4.3461f,0f,0f,0f,1f],start_interpolation: 0,interpolation_duration: 1}
$data merge entity $(bone_crest_left1) {transformation: [-0.502f,-0.8385f,0.2119f,-0.1565f,-0.8207f,0.5392f,0.1891f,3.3255f,-0.2728f,-0.079f,-0.9588f,4.3411f,0f,0f,0f,1f],start_interpolation: 0,interpolation_duration: 1}
$data merge entity $(bone_crest_center1) {transformation: [-0.9942f,-0.0381f,0.1007f,-0.0438f,-0.0109f,0.9661f,0.2578f,3.2996f,-0.1071f,0.2552f,-0.9609f,4.3459f,0f,0f,0f,1f],start_interpolation: 0,interpolation_duration: 1}
$data merge entity $(bone_crest_right5) {transformation: [-0.5663f,0.8242f,-0.007f,1.039f,0.809f,0.5575f,0.1866f,3.9748f,0.1577f,0.1001f,-0.9824f,4.5383f,0f,0f,0f,1f],start_interpolation: 0,interpolation_duration: 1}
$data merge entity $(bone_crest_right4) {transformation: [-0.5663f,0.8242f,-0.007f,0.5762f,0.809f,0.5575f,0.1866f,3.6618f,0.1577f,0.1001f,-0.9824f,4.4821f,0f,0f,0f,1f],start_interpolation: 0,interpolation_duration: 1}
$data merge entity $(bone_crest_right1) {transformation: [-0.5663f,0.8242f,-0.007f,0.0668f,0.809f,0.5575f,0.1866f,3.328f,0.1577f,0.1001f,-0.9824f,4.3651f,0f,0f,0f,1f],start_interpolation: 0,interpolation_duration: 1}
$data merge entity $(bone_head1) {transformation: [-1.0421f,-0.04f,0.1055f,0.0915f,-0.0115f,1.0127f,0.2702f,3.497f,-0.1122f,0.2675f,-1.0072f,3.0691f,0f,0f,0f,1f],start_interpolation: 0,interpolation_duration: 1}
$data merge entity $(bone_neck10) {transformation: [-1.4957f,-0.0369f,-0.06f,0.0598f,-0.0442f,1.4848f,0.1891f,3.1863f,0.0549f,0.1906f,-1.4842f,1.9544f,0f,0f,0f,1f],start_interpolation: 0,interpolation_duration: 1}
$data merge entity $(bone_neck9) {transformation: [-1.1442f,0.0193f,-0.0503f,0.037f,-0.0338f,0.5767f,0.9892f,2.5588f,0.042f,0.9896f,-0.5755f,0.8263f,0f,0f,0f,1f],start_interpolation: 0,interpolation_duration: 1}
$data merge entity $(bone_neck8) {transformation: [-1.062f,0.0294f,-0.0405f,0.0054f,-0.0314f,0.2795f,1.0253f,2.3324f,0.039f,1.0253f,-0.2783f,-0.2173f,0f,0f,0f,1f],start_interpolation: 0,interpolation_duration: 1}
$data merge entity $(bone_neck7) {transformation: [-1.0545f,-0.035f,-0.034f,0.0408f,-0.0366f,0.0799f,1.052f,2.2517f,-0.0323f,1.0521f,-0.081f,-1.2806f,0f,0f,0f,1f],start_interpolation: 0,interpolation_duration: 1}
$data merge entity $(bone_neck6) {transformation: [-1.0419f,-0.1271f,0.0095f,0.1576f,0.0358f,-0.2164f,1.0265f,2.4657f,-0.1224f,1.0192f,0.2192f,-2.2132f,0f,0f,0f,1f],start_interpolation: 0,interpolation_duration: 1}
$data merge entity $(bone_neck_spine6) {transformation: [-1.2676f,-0.1063f,0.0434f,0.8054f,0.0191f,0.2793f,1.2416f,4.212f,-0.1132f,1.2372f,-0.2766f,-5.838f,0f,0f,0f,1f],start_interpolation: 0,interpolation_duration: 1}
$data merge entity $(bone_neck_spine7) {transformation: [-0.9931f,0.1173f,-0.0008f,0.8945f,0.0447f,0.3844f,0.9221f,3.5127f,0.1085f,0.9157f,-0.387f,-9.363f,0f,0f,0f,1f],start_interpolation: 0,interpolation_duration: 1}
$data merge entity $(bone_tail6) {transformation: [-1.4934f,0.8376f,0.1834f,-0.4046f,-0.0733f,-0.4916f,1.6487f,4.1489f,0.8543f,1.422f,0.4619f,-12.6462f,0f,0f,0f,1f],start_interpolation: 0,interpolation_duration: 1}
$data merge entity $(bone_tail5) {transformation: [-1.2336f,0.6551f,0.2693f,0.0092f,-0.0605f,-0.6364f,1.2708f,3.747f,0.7057f,1.0906f,0.5798f,-11.9574f,0f,0f,0f,1f],start_interpolation: 0,interpolation_duration: 1}
$data merge entity $(bone_tail4) {transformation: [-0.8973f,0.487f,0.2375f,0.2179f,-0.0352f,-0.5108f,0.9146f,3.5281f,0.5407f,0.775f,0.4536f,-11.6252f,0f,0f,0f,1f],start_interpolation: 0,interpolation_duration: 1}
$data merge entity $(bone_segment18) {transformation: [-0.9093f,0.3489f,0.2266f,0.4138f,0.0304f,-0.4875f,0.8726f,3.2543f,0.4149f,0.8003f,0.4328f,-11.1758f,0f,0f,0f,1f],start_interpolation: 0,interpolation_duration: 1}
$data merge entity $(bone_segment17) {transformation: [-0.944f,0.2992f,0.1393f,0.6322f,0.0573f,-0.267f,0.962f,3.0594f,0.325f,0.9161f,0.2349f,-10.5071f,0f,0f,0f,1f],start_interpolation: 0,interpolation_duration: 1}
$data merge entity $(bone_segment16) {transformation: [-0.9716f,0.2274f,0.0659f,0.8493f,0.0606f,-0.0302f,0.9977f,3.0306f,0.2289f,0.9733f,0.0155f,-9.578f,0f,0f,0f,1f],start_interpolation: 0,interpolation_duration: 1}
$data merge entity $(bone_segment15) {transformation: [-0.9931f,0.1135f,0.0296f,0.9832f,0.0447f,0.1326f,0.9902f,3.187f,0.1085f,0.9846f,-0.1368f,-8.4169f,0f,0f,0f,1f],start_interpolation: 0,interpolation_duration: 1}
$data merge entity $(bone_segment14) {transformation: [-1.0463f,-0.0564f,0.0272f,0.9197f,0.0173f,0.1774f,1.0329f,3.3866f,-0.0602f,1.0315f,-0.1762f,-7.2564f,0f,0f,0f,1f],start_interpolation: 0,interpolation_duration: 1}
$data merge entity $(bone_segment13) {transformation: [-1.0215f,-0.0904f,0.0196f,0.8102f,0.0154f,0.0479f,1.0245f,3.4163f,-0.0912f,1.0206f,-0.0464f,-6.026f,0f,0f,0f,1f],start_interpolation: 0,interpolation_duration: 1}
$data merge entity $(bone_segment12) {transformation: [-1.0957f,-0.2096f,0.0041f,0.5571f,0.0305f,-0.1376f,1.1066f,3.2501f,-0.2074f,1.087f,0.1408f,-4.7128f,0f,0f,0f,1f],start_interpolation: 0,interpolation_duration: 1}
$data merge entity $(bone_segment11) {transformation: [-1.1664f,-0.236f,-0.0289f,0.2843f,0.0364f,-0.3203f,1.146f,2.88f,-0.235f,1.122f,0.3211f,-3.4162f,0f,0f,0f,1f],start_interpolation: 0,interpolation_duration: 1}
$data merge entity $(bone_segment10) {transformation: [-1.0424f,-0.1043f,-0.0341f,0.1521f,0f,-0.3252f,0.9965f,2.4844f,-0.1098f,0.991f,0.3234f,-2.1605f,0f,0f,0f,1f],start_interpolation: 0,interpolation_duration: 1}
data modify entity @s data merge value {"cameras":{},"locators":{"mouth":{"px":-0.15345029692561196,"py":2.7546267428818805,"pz":5.41958208565983,"ry":188.49408731300053,"rx":75.04578290604353}}}
function animated_java:gyarados/animations/water_idle/zzz/frames/on_tick/transform_floating_entities