# This file was generated by Animated Java via MC-Build. It is not recommended to edit this file directly.
$data merge entity $(bone_neck_spine5) {transformation: [-1.5679f,-0.0049f,-0.1164f,0.039f,-0.0805f,1.1808f,1.035f,3.2611f,0.0842f,1.0381f,-1.1778f,0.4664f,0f,0f,0f,1f],start_interpolation: 0,interpolation_duration: 1}
$data merge entity $(bone_neck_spine2) {transformation: [-1.4933f,-0.0817f,-0.0751f,-0.0197f,-0.0767f,1.4922f,-0.0982f,4.3664f,0.0802f,-0.0941f,-1.4923f,2.5276f,0f,0f,0f,1f],start_interpolation: 0,interpolation_duration: 1}
$data merge entity $(bone_scale_neck_left1) {transformation: [-1.6069f,0.3615f,-0.0157f,0.8118f,0.3434f,1.5461f,0.4525f,3.5058f,0.1141f,0.4382f,-1.5837f,2.5086f,0f,0f,0f,1f],start_interpolation: 0,interpolation_duration: 1}
$data merge entity $(bone_scale_neck_right1) {transformation: [-1.5664f,-0.4686f,-0.1998f,-0.7562f,-0.5063f,1.5035f,0.4431f,3.4253f,0.0563f,0.4827f,-1.5738f,2.5928f,0f,0f,0f,1f],start_interpolation: 0,interpolation_duration: 1}
$data merge entity $(bone_blush_right1) {transformation: [-0.9925f,-0.0595f,0.1066f,-0.7009f,-0.0395f,0.9827f,0.1808f,3.0669f,-0.1155f,0.1752f,-0.9777f,3.8283f,0f,0f,0f,1f],start_interpolation: 0,interpolation_duration: 1}
$data merge entity $(bone_blush_left1) {transformation: [-0.9925f,-0.0595f,0.1066f,0.6143f,-0.0395f,0.9827f,0.1808f,3.1192f,-0.1155f,0.1752f,-0.9777f,3.9813f,0f,0f,0f,1f],start_interpolation: 0,interpolation_duration: 1}
$data merge entity $(bone_left_head_scales) {transformation: [-0.9296f,-0.0595f,-0.3638f,0.624f,-0.1185f,0.9827f,0.1421f,3.9081f,0.349f,0.1752f,-0.9206f,3.7262f,0f,0f,0f,1f],start_interpolation: 0,interpolation_duration: 1}
$data merge entity $(bone_left_head_scales2) {transformation: [-0.8742f,-0.0595f,-0.482f,0.6594f,-0.136f,0.9827f,0.1255f,2.9947f,0.4662f,0.1752f,-0.8672f,3.7335f,0f,0f,0f,1f],start_interpolation: 0,interpolation_duration: 1}
$data merge entity $(bone_left_head_scales1) {transformation: [-0.9925f,-0.0595f,0.1066f,0.6306f,-0.0395f,0.9827f,0.1808f,3.7977f,-0.1155f,0.1752f,-0.9777f,3.7066f,0f,0f,0f,1f],start_interpolation: 0,interpolation_duration: 1}
$data merge entity $(bone_right_head_scales) {transformation: [-0.8312f,-0.0595f,0.5528f,-0.7136f,0.0485f,0.9827f,0.1786f,3.8549f,-0.5539f,0.1752f,-0.8139f,3.5706f,0f,0f,0f,1f],start_interpolation: 0,interpolation_duration: 1}
$data merge entity $(bone_right_head_scales2) {transformation: [-0.7519f,-0.0595f,0.6566f,-0.6781f,0.0714f,0.9827f,0.1707f,2.9415f,-0.6554f,0.1752f,-0.7347f,3.5779f,0f,0f,0f,1f],start_interpolation: 0,interpolation_duration: 1}
$data merge entity $(bone_right_head_scales1) {transformation: [-0.9925f,-0.0595f,0.1066f,-0.7069f,-0.0395f,0.9827f,0.1808f,3.7445f,-0.1155f,0.1752f,-0.9777f,3.5509f,0f,0f,0f,1f],start_interpolation: 0,interpolation_duration: 1}
$data merge entity $(bone_head_left_fin1) {transformation: [-0.612f,0.0994f,-0.8451f,0.6647f,0.0881f,1.0428f,0.0589f,3.3991f,0.8464f,-0.0366f,-0.6173f,3.5504f,0f,0f,0f,1f],start_interpolation: 0,interpolation_duration: 1}
$data merge entity $(bone_head_right_fin1) {transformation: [-0.3929f,-0.1698f,0.9568f,-0.6729f,-0.1281f,1.0321f,0.1306f,3.3458f,-0.9633f,-0.068f,-0.4076f,3.3948f,0f,0f,0f,1f],start_interpolation: 0,interpolation_duration: 1}
$data merge entity $(bone_right_whisker16) {transformation: [-0.166f,-0.4334f,0.8858f,-0.8157f,0.9821f,0.0086f,0.1882f,1.7854f,-0.0892f,0.9012f,0.4242f,1.7043f,0f,0f,0f,1f],start_interpolation: 0,interpolation_duration: 1}
$data merge entity $(bone_right_whisker15) {transformation: [0.4881f,-0.2725f,0.8292f,-0.9801f,0.2683f,0.9509f,0.1545f,1.695f,-0.8305f,0.1471f,0.5372f,1.9841f,0f,0f,0f,1f],start_interpolation: 0,interpolation_duration: 1}
$data merge entity $(bone_right_whisker14) {transformation: [0.7354f,-0.1792f,0.6535f,-1.2279f,-0.3139f,0.7646f,0.5629f,1.8008f,-0.6005f,-0.6191f,0.506f,2.1865f,0f,0f,0f,1f],start_interpolation: 0,interpolation_duration: 1}
$data merge entity $(bone_right_whisker13) {transformation: [0.2802f,-0.415f,0.8656f,-1.3223f,0.0392f,0.9059f,0.4216f,1.7876f,-0.9591f,-0.0842f,0.2701f,2.5096f,0f,0f,0f,1f],start_interpolation: 0,interpolation_duration: 1}
$data merge entity $(bone_right_whisker12) {transformation: [-0.3644f,-0.2941f,0.8836f,-1.1586f,-0.4953f,0.8647f,0.0835f,2.0101f,-0.7886f,-0.4071f,-0.4608f,2.8639f,0f,0f,0f,1f],start_interpolation: 0,interpolation_duration: 1}
$data merge entity $(bone_right_whisker11) {transformation: [-0.8504f,-0.2082f,0.4832f,-0.7766f,-0.2907f,0.9514f,-0.1015f,2.1406f,-0.4386f,-0.2268f,-0.8696f,3.0609f,0f,0f,0f,1f],start_interpolation: 0,interpolation_duration: 1}
$data merge entity $(bone_right_whisker10) {transformation: [-0.3825f,-0.5481f,0.7438f,-0.6048f,-0.6372f,0.7394f,0.2172f,2.4269f,-0.6691f,-0.3909f,-0.6321f,3.3614f,0f,0f,0f,1f],start_interpolation: 0,interpolation_duration: 1}
$data merge entity $(bone_right_whisker1) {transformation: [0.16f,-0.5347f,0.8298f,-0.6766f,-0.8067f,0.4137f,0.4221f,2.7893f,-0.569f,-0.7369f,-0.3651f,3.617f,0f,0f,0f,1f],start_interpolation: 0,interpolation_duration: 1}
$data merge entity $(bone_left_whisker16) {transformation: [-0.1045f,0.2132f,-0.9714f,1.3131f,-0.9928f,0.0344f,0.1144f,1.8701f,0.0577f,0.9764f,0.2081f,1.952f,0f,0f,0f,1f],start_interpolation: 0,interpolation_duration: 1}
$data merge entity $(bone_left_whisker15) {transformation: [0.3041f,0.1561f,-0.9398f,1.4155f,-0.2368f,0.9679f,0.0842f,1.7903f,0.9227f,0.1969f,0.3313f,2.2629f,0f,0f,0f,1f],start_interpolation: 0,interpolation_duration: 1}
$data merge entity $(bone_left_whisker14) {transformation: [0.5512f,0.2559f,-0.7942f,1.6012f,0.3651f,0.7819f,0.5053f,1.9133f,0.7503f,-0.5685f,0.3376f,2.5157f,0f,0f,0f,1f],start_interpolation: 0,interpolation_duration: 1}
$data merge entity $(bone_left_whisker13) {transformation: [0.055f,0.3509f,-0.9348f,1.6198f,-0.0259f,0.9364f,0.35f,1.9046f,0.9982f,0.0049f,0.0606f,2.852f,0f,0f,0f,1f],start_interpolation: 0,interpolation_duration: 1}
$data merge entity $(bone_left_whisker12) {transformation: [-0.5732f,0.3109f,-0.7581f,1.3623f,0.458f,0.8888f,0.0182f,2.1103f,0.6795f,-0.3367f,-0.6518f,3.1572f,0f,0f,0f,1f],start_interpolation: 0,interpolation_duration: 1}
$data merge entity $(bone_left_whisker11) {transformation: [-0.9484f,0.1795f,-0.2614f,0.9363f,0.2191f,0.9668f,-0.1312f,2.2088f,0.2292f,-0.1817f,-0.9563f,3.2602f,0f,0f,0f,1f],start_interpolation: 0,interpolation_duration: 1}
$data merge entity $(bone_left_whisker10) {transformation: [-0.5744f,0.5635f,-0.5938f,0.6782f,0.5992f,0.7836f,0.164f,2.4779f,0.5577f,-0.2615f,-0.7877f,3.5107f,0f,0f,0f,1f],start_interpolation: 0,interpolation_duration: 1}
$data merge entity $(bone_left_whisker1) {transformation: [-0.0385f,0.6553f,-0.7544f,0.6609f,0.8115f,0.461f,0.3591f,2.8425f,0.5831f,-0.5984f,-0.5495f,3.7727f,0f,0f,0f,1f],start_interpolation: 0,interpolation_duration: 1}
$data merge entity $(bone_upper_left_tooth1) {transformation: [-0.9925f,-0.05f,0.1114f,0.1773f,-0.0395f,0.9947f,0.0945f,3.0624f,-0.1155f,0.0894f,-0.9893f,4.6936f,0f,0f,0f,1f],start_interpolation: 0,interpolation_duration: 1}
$data merge entity $(bone_upper_right_tooth1) {transformation: [-0.9925f,-0.05f,0.1114f,-0.4915f,-0.0395f,0.9947f,0.0945f,3.0357f,-0.1155f,0.0894f,-0.9893f,4.6158f,0f,0f,0f,1f],start_interpolation: 0,interpolation_duration: 1}
$data merge entity $(bone_top_lip1) {transformation: [-0.9925f,-0.0089f,0.1217f,-0.1354f,-0.0395f,0.9671f,-0.2515f,3.173f,-0.1155f,-0.2544f,-0.9602f,4.669f,0f,0f,0f,1f],start_interpolation: 0,interpolation_duration: 1}
$data merge entity $(bone_muzzle1) {transformation: [-0.9925f,-0.05f,0.1114f,-0.0813f,-0.0395f,0.9947f,0.0945f,3.3937f,-0.1155f,0.0894f,-0.9893f,4.1286f,0f,0f,0f,1f],start_interpolation: 0,interpolation_duration: 1}
$data merge entity $(bone_jaw_right_tooth1) {transformation: [-0.9925f,0.0333f,0.1174f,-0.4947f,-0.0395f,0.8227f,-0.5671f,3.0703f,-0.1155f,-0.5674f,-0.8153f,4.6312f,0f,0f,0f,1f],start_interpolation: 0,interpolation_duration: 1}
$data merge entity $(bone_jaw_left_tooth1) {transformation: [-0.9925f,0.0333f,0.1174f,0.2299f,-0.0395f,0.8227f,-0.5671f,3.0991f,-0.1155f,-0.5674f,-0.8153f,4.7155f,0f,0f,0f,1f],start_interpolation: 0,interpolation_duration: 1}
$data merge entity $(bone_tongue1) {transformation: [-0.9925f,-0.0194f,0.1205f,-0.0354f,-0.0395f,0.9853f,-0.1662f,2.9431f,-0.1155f,-0.1697f,-0.9787f,3.8884f,0f,0f,0f,1f],start_interpolation: 0,interpolation_duration: 1}
$data merge entity $(bone_jaw_lips1) {transformation: [-0.9925f,-0.0194f,0.1205f,-0.0854f,-0.0395f,0.9853f,-0.1662f,2.9674f,-0.1155f,-0.1697f,-0.9787f,4.7961f,0f,0f,0f,1f],start_interpolation: 0,interpolation_duration: 1}
$data merge entity $(bone_jaw3) {transformation: [-0.9925f,0.0124f,0.1214f,0.0226f,-0.0395f,0.9087f,-0.4156f,2.5175f,-0.1155f,-0.4173f,-0.9014f,4.0213f,0f,0f,0f,1f],start_interpolation: 0,interpolation_duration: 1}
$data merge entity $(bone_jaw1) {transformation: [-0.9925f,-0.0771f,0.0946f,0.1076f,-0.0395f,0.9364f,0.3487f,2.8308f,-0.1155f,0.3424f,-0.9324f,3.1836f,0f,0f,0f,1f],start_interpolation: 0,interpolation_duration: 1}
$data merge entity $(bone_tear_right1) {transformation: [-0.9925f,-0.0595f,0.1066f,-0.6794f,-0.0395f,0.9827f,0.1808f,3.4371f,-0.1155f,0.1752f,-0.9777f,4.0025f,0f,0f,0f,1f],start_interpolation: 0,interpolation_duration: 1}
$data merge entity $(bone_right_pupil1) {transformation: [-0.9925f,-0.0595f,0.1066f,-0.5093f,-0.0395f,0.9827f,0.1808f,3.5426f,-0.1155f,0.1752f,-0.9777f,4.1094f,0f,0f,0f,1f],start_interpolation: 0,interpolation_duration: 1}
$data merge entity $(bone_right_sad_pupil1) {transformation: [-0.9925f,-0.0595f,0.1066f,-0.5081f,-0.0395f,0.9827f,0.1808f,3.5446f,-0.1155f,0.1752f,-0.9777f,4.0985f,0f,0f,0f,1f],start_interpolation: 0,interpolation_duration: 1}
$data merge entity $(bone_right_happy_pupil1) {transformation: [-0.9925f,-0.0595f,0.1066f,-0.5343f,-0.0395f,0.9827f,0.1808f,3.5159f,-0.1155f,0.1752f,-0.9777f,4.0903f,0f,0f,0f,1f],start_interpolation: 0,interpolation_duration: 1}
$data merge entity $(bone_eyelid_right1) {transformation: [-0.9925f,-0.0595f,0.1066f,-0.0158f,-0.0395f,0.9827f,0.1808f,3.608f,-0.1155f,0.1752f,-0.9777f,3.5895f,0f,0f,0f,1f],start_interpolation: 0,interpolation_duration: 1}
$data merge entity $(bone_eyelid_expressions_right5) {transformation: [-0.9925f,-0.0595f,0.1066f,-0.643f,-0.0395f,0.9827f,0.1808f,3.6499f,-0.1155f,0.1752f,-0.9777f,4.1032f,0f,0f,0f,1f],start_interpolation: 0,interpolation_duration: 1}
$data merge entity $(bone_eyelid_expressions_right7) {transformation: [-0.9925f,-0.0595f,0.1066f,-0.3086f,-0.0395f,0.9827f,0.1808f,3.6632f,-0.1155f,0.1752f,-0.9777f,4.1421f,0f,0f,0f,1f],start_interpolation: 0,interpolation_duration: 1}
$data merge entity $(bone_eyelid_expressions_right6) {transformation: [-0.9925f,-0.0595f,0.1066f,-0.42f,-0.0395f,0.9827f,0.1808f,3.6587f,-0.1155f,0.1752f,-0.9777f,4.1292f,0f,0f,0f,1f],start_interpolation: 0,interpolation_duration: 1}
$data merge entity $(bone_right_eye1) {transformation: [-0.9925f,-0.0595f,0.1066f,-0.0281f,-0.0395f,0.9827f,0.1808f,3.6055f,-0.1155f,0.1752f,-0.9777f,3.5992f,0f,0f,0f,1f],start_interpolation: 0,interpolation_duration: 1}
$data merge entity $(bone_tear_left1) {transformation: [-0.9925f,-0.0595f,0.1066f,0.5245f,-0.0395f,0.9827f,0.1808f,3.485f,-0.1155f,0.1752f,-0.9777f,4.1426f,0f,0f,0f,1f],start_interpolation: 0,interpolation_duration: 1}
$data merge entity $(bone_left_sad_pupil1) {transformation: [-0.9925f,-0.0595f,0.1066f,0.3279f,-0.0395f,0.9827f,0.1808f,3.5779f,-0.1155f,0.1752f,-0.9777f,4.1957f,0f,0f,0f,1f],start_interpolation: 0,interpolation_duration: 1}
$data merge entity $(bone_left_pupil1) {transformation: [-0.9925f,-0.0595f,0.1066f,0.3267f,-0.0395f,0.9827f,0.1808f,3.5758f,-0.1155f,0.1752f,-0.9777f,4.2067f,0f,0f,0f,1f],start_interpolation: 0,interpolation_duration: 1}
$data merge entity $(bone_eyelid_left1) {transformation: [-0.9925f,-0.0595f,0.1066f,-0.0381f,-0.0395f,0.9827f,0.1808f,3.6071f,-0.1155f,0.1752f,-0.9777f,3.5869f,0f,0f,0f,1f],start_interpolation: 0,interpolation_duration: 1}
$data merge entity $(bone_left_happy_pupil1) {transformation: [-0.9925f,-0.0595f,0.1066f,0.3574f,-0.0395f,0.9827f,0.1808f,3.5514f,-0.1155f,0.1752f,-0.9777f,4.1941f,0f,0f,0f,1f],start_interpolation: 0,interpolation_duration: 1}
$data merge entity $(bone_eyelid_expressions_left5) {transformation: [-0.9925f,-0.0595f,0.1066f,0.4494f,-0.0395f,0.9827f,0.1808f,3.6933f,-0.1155f,0.1752f,-0.9777f,4.2303f,0f,0f,0f,1f],start_interpolation: 0,interpolation_duration: 1}
$data merge entity $(bone_eyelid_expressions_left7) {transformation: [-0.9925f,-0.0595f,0.1066f,0.115f,-0.0395f,0.9827f,0.1808f,3.68f,-0.1155f,0.1752f,-0.9777f,4.1914f,0f,0f,0f,1f],start_interpolation: 0,interpolation_duration: 1}
$data merge entity $(bone_eyelid_expressions_left6) {transformation: [-0.9925f,-0.0595f,0.1066f,0.2264f,-0.0395f,0.9827f,0.1808f,3.6845f,-0.1155f,0.1752f,-0.9777f,4.2044f,0f,0f,0f,1f],start_interpolation: 0,interpolation_duration: 1}
$data merge entity $(bone_left_eye1) {transformation: [-0.9925f,-0.0595f,0.1066f,-0.0281f,-0.0395f,0.9827f,0.1808f,3.6055f,-0.1155f,0.1752f,-0.9777f,3.5992f,0f,0f,0f,1f],start_interpolation: 0,interpolation_duration: 1}
$data merge entity $(bone_crest_middle5) {transformation: [-0.9925f,-0.035f,0.1169f,-0.1614f,-0.0395f,0.9986f,-0.0362f,4.8811f,-0.1155f,-0.0405f,-0.9925f,4.3082f,0f,0f,0f,1f],start_interpolation: 0,interpolation_duration: 1}
$data merge entity $(bone_crest_middle4) {transformation: [-0.9925f,-0.035f,0.1169f,-0.1378f,-0.0395f,0.9986f,-0.0362f,4.2083f,-0.1155f,-0.0405f,-0.9925f,4.3355f,0f,0f,0f,1f],start_interpolation: 0,interpolation_duration: 1}
$data merge entity $(bone_crest_middle1) {transformation: [-0.9925f,-0.035f,0.1169f,-0.1299f,-0.0395f,0.9986f,-0.0362f,3.7067f,-0.1155f,-0.0405f,-0.9925f,4.4396f,0f,0f,0f,1f],start_interpolation: 0,interpolation_duration: 1}
$data merge entity $(bone_crest_left5) {transformation: [-0.4831f,-0.8477f,0.2191f,-1.23f,-0.85f,0.5141f,0.1147f,4.1894f,-0.2099f,-0.1308f,-0.9689f,4.1649f,0f,0f,0f,1f],start_interpolation: 0,interpolation_duration: 1}
$data merge entity $(bone_crest_left4) {transformation: [-0.4831f,-0.8477f,0.2191f,-0.754f,-0.85f,0.5141f,0.1147f,3.9007f,-0.2099f,-0.1308f,-0.9689f,4.2383f,0f,0f,0f,1f],start_interpolation: 0,interpolation_duration: 1}
$data merge entity $(bone_crest_left1) {transformation: [-0.4831f,-0.8477f,0.2191f,-0.2181f,-0.85f,0.5141f,0.1147f,3.5896f,-0.2099f,-0.1308f,-0.9689f,4.2647f,0f,0f,0f,1f],start_interpolation: 0,interpolation_duration: 1}
$data merge entity $(bone_crest_center1) {transformation: [-0.9925f,-0.0595f,0.1066f,-0.105f,-0.0395f,0.9827f,0.1808f,3.5665f,-0.1155f,0.1752f,-0.9777f,4.2728f,0f,0f,0f,1f],start_interpolation: 0,interpolation_duration: 1}
$data merge entity $(bone_crest_right5) {transformation: [-0.5834f,0.8121f,0.0006f,0.9625f,0.8076f,0.5801f,0.106f,4.2766f,0.0857f,0.0623f,-0.9944f,4.42f,0f,0f,0f,1f],start_interpolation: 0,interpolation_duration: 1}
$data merge entity $(bone_crest_right4) {transformation: [-0.5834f,0.8121f,0.0006f,0.5064f,0.8076f,0.5801f,0.106f,3.9509f,0.0857f,0.0623f,-0.9944f,4.385f,0f,0f,0f,1f],start_interpolation: 0,interpolation_duration: 1}
$data merge entity $(bone_crest_right1) {transformation: [-0.5834f,0.8121f,0.0006f,0.0048f,0.8076f,0.5801f,0.106f,3.5985f,0.0857f,0.0623f,-0.9944f,4.2907f,0f,0f,0f,1f],start_interpolation: 0,interpolation_duration: 1}
$data merge entity $(bone_head1) {transformation: [-1.0403f,-0.0623f,0.1117f,0.0411f,-0.0414f,1.0301f,0.1895f,3.662f,-0.1211f,0.1837f,-1.0248f,2.9855f,0f,0f,0f,1f],start_interpolation: 0,interpolation_duration: 1}
$data merge entity $(bone_neck10) {transformation: [-1.4933f,-0.0712f,-0.0851f,0.0018f,-0.0767f,1.4923f,0.0974f,3.2838f,0.0802f,0.1015f,-1.4918f,1.8921f,0f,0f,0f,1f],start_interpolation: 0,interpolation_duration: 1}
$data merge entity $(bone_neck9) {transformation: [-1.1424f,0.0185f,-0.0828f,-0.0209f,-0.0587f,0.6358f,0.951f,2.5888f,0.0613f,0.9527f,-0.6331f,0.8043f,0f,0f,0f,1f],start_interpolation: 0,interpolation_duration: 1}
$data merge entity $(bone_neck8) {transformation: [-1.0602f,0.037f,-0.0695f,-0.0617f,-0.0544f,0.3342f,1.0078f,2.3066f,0.0569f,1.0086f,-0.3314f,-0.2253f,0f,0f,0f,1f],start_interpolation: 0,interpolation_duration: 1}
$data merge entity $(bone_neck7) {transformation: [-1.054f,-0.0043f,-0.0598f,-0.0574f,-0.0599f,0.112f,1.048f,2.1934f,0.0021f,1.0497f,-0.112f,-1.2861f,0f,0f,0f,1f],start_interpolation: 0,interpolation_duration: 1}
$data merge entity $(bone_neck6) {transformation: [-1.0486f,-0.0319f,-0.0355f,-0.0286f,-0.0288f,-0.2002f,1.03f,2.3926f,-0.0381f,1.0299f,0.1991f,-2.2289f,0f,0f,0f,1f],start_interpolation: 0,interpolation_duration: 1}
$data merge entity $(bone_neck_spine6) {transformation: [-1.2509f,-0.2184f,0.0865f,0.5607f,0.0663f,0.1214f,1.2653f,4.4169f,-0.2253f,1.248f,-0.1079f,-5.6741f,0f,0f,0f,1f],start_interpolation: 0,interpolation_duration: 1}
$data merge entity $(bone_neck_spine7) {transformation: [-0.997f,-0.0043f,0.0771f,1.0823f,0.0697f,0.3793f,0.9226f,3.9928f,-0.0332f,0.9252f,-0.3779f,-9.2691f,0f,0f,0f,1f],start_interpolation: 0,interpolation_duration: 1}
$data merge entity $(bone_tail6) {transformation: [-1.479f,0.8678f,0.158f,-0.1197f,0.0019f,-0.3052f,1.6947f,4.3235f,0.882f,1.4557f,0.2612f,-12.6799f,0f,0f,0f,1f],start_interpolation: 0,interpolation_duration: 1}
$data merge entity $(bone_tail5) {transformation: [-1.2217f,0.6833f,0.253f,0.3119f,0.0016f,-0.4914f,1.3349f,4.0131f,0.7286f,1.1468f,0.4213f,-11.9556f,0f,0f,0f,1f],start_interpolation: 0,interpolation_duration: 1}
$data merge entity $(bone_tail4) {transformation: [-0.8884f,0.5082f,0.2263f,0.5296f,0.0132f,-0.407f,0.9658f,3.8387f,0.5561f,0.8215f,0.3385f,-11.6036f,0f,0f,0f,1f],start_interpolation: 0,interpolation_duration: 1}
$data merge entity $(bone_segment18) {transformation: [-0.9036f,0.37f,0.2159f,0.7374f,0.0632f,-0.3833f,0.9215f,3.6235f,0.4237f,0.8462f,0.323f,-11.1284f,0f,0f,0f,1f],start_interpolation: 0,interpolation_duration: 1}
$data merge entity $(bone_segment17) {transformation: [-0.955f,0.2616f,0.1395f,0.9284f,0.0925f,-0.1841f,0.9785f,3.4891f,0.2816f,0.9475f,0.1516f,-10.4368f,0f,0f,0f,1f],start_interpolation: 0,interpolation_duration: 1}
$data merge entity $(bone_segment16) {transformation: [-0.9873f,0.1338f,0.0858f,1.0561f,0.0898f,0.0245f,0.9957f,3.5125f,0.1311f,0.9907f,-0.0362f,-9.4911f,0f,0f,0f,1f],start_interpolation: 0,interpolation_duration: 1}
$data merge entity $(bone_segment15) {transformation: [-0.997f,-0.0241f,0.0733f,1.0277f,0.0697f,0.1276f,0.9894f,3.663f,-0.0332f,0.9915f,-0.1256f,-8.3218f,0f,0f,0f,1f],start_interpolation: 0,interpolation_duration: 1}
$data merge entity $(bone_segment14) {transformation: [-1.025f,-0.2055f,0.0758f,0.7965f,0.0566f,0.1015f,1.0417f,3.7771f,-0.2116f,1.0228f,-0.0881f,-7.1712f,0f,0f,0f,1f],start_interpolation: 0,interpolation_duration: 1}
$data merge entity $(bone_segment13) {transformation: [-1.0081f,-0.1854f,0.0381f,0.5722f,0.0534f,-0.0807f,1.0211f,3.6519f,-0.1816f,1.0056f,0.089f,-5.9625f,0f,0f,0f,1f],start_interpolation: 0,interpolation_duration: 1}
$data merge entity $(bone_segment12) {transformation: [-1.0865f,-0.2529f,0.0065f,0.2667f,0.0699f,-0.2728f,1.0794f,3.3224f,-0.2431f,1.0517f,0.2815f,-4.692f,0f,0f,0f,1f],start_interpolation: 0,interpolation_duration: 1}
$data merge entity $(bone_segment11) {transformation: [-1.1719f,-0.208f,-0.0224f,0.0263f,0.0528f,-0.4176f,1.1135f,2.8398f,-0.2024f,1.0952f,0.4203f,-3.4263f,0f,0f,0f,1f],start_interpolation: 0,interpolation_duration: 1}
$data merge entity $(bone_segment10) {transformation: [-1.0471f,-0.0453f,-0.0161f,-0.031f,0f,-0.3514f,0.9875f,2.411f,-0.048f,0.9865f,0.351f,-2.1759f,0f,0f,0f,1f],start_interpolation: 0,interpolation_duration: 1}
data modify entity @s data merge value {"cameras":{},"locators":{"mouth":{"px":-0.21630398884652907,"py":3.1085133581317397,"pz":5.386175343556143,"ry":198.74912450985246,"rx":79.33550727724021}}}
function animated_java:gyarados/animations/water_idle/zzz/frames/on_tick/transform_floating_entities