# This file was generated by Animated Java via MC-Build. It is not recommended to edit this file directly.
$data merge entity $(bone_neck_spine5) {transformation: [-1.5702f,-0.0619f,0.0512f,-0.022f,-0.0322f,1.4031f,0.7088f,3.9685f,-0.0736f,0.7068f,-1.4025f,0.1302f,0f,0f,0f,1f],start_interpolation: 0,interpolation_duration: 1}
$data merge entity $(bone_neck_spine2) {transformation: [-1.4954f,-0.0072f,0.0762f,-0.2468f,-0.0306f,1.4222f,-0.4676f,5.5556f,-0.0701f,-0.4685f,-1.4205f,1.8345f,0f,0f,0f,1f],start_interpolation: 0,interpolation_duration: 1}
$data merge entity $(bone_scale_neck_left1) {transformation: [-1.5938f,0.3802f,0.1683f,0.5443f,0.3863f,1.6007f,0.0417f,4.7047f,-0.1539f,0.0798f,-1.638f,2.1214f,0f,0f,0f,1f],start_interpolation: 0,interpolation_duration: 1}
$data merge entity $(bone_scale_neck_right1) {transformation: [-1.5841f,-0.4511f,-0.016f,-1.0259f,-0.4514f,1.5836f,0.0379f,4.6726f,0.005f,0.0409f,-1.6466f,2.0478f,0f,0f,0f,1f],start_interpolation: 0,interpolation_duration: 1}
$data merge entity $(bone_blush_right1) {transformation: [-0.9998f,-0.0155f,0.0118f,-0.9326f,-0.0141f,0.9944f,0.1049f,4.4812f,-0.0134f,0.1047f,-0.9944f,3.4111f,0f,0f,0f,1f],start_interpolation: 0,interpolation_duration: 1}
$data merge entity $(bone_blush_left1) {transformation: [-0.9998f,-0.0155f,0.0118f,0.3923f,-0.0141f,0.9944f,0.1049f,4.4999f,-0.0134f,0.1047f,-0.9944f,3.4288f,0f,0f,0f,1f],start_interpolation: 0,interpolation_duration: 1}
$data merge entity $(bone_left_head_scales) {transformation: [-0.8923f,-0.0155f,-0.4512f,0.3969f,-0.061f,0.9944f,0.0865f,5.2672f,0.4473f,0.1047f,-0.8882f,3.1145f,0f,0f,0f,1f],start_interpolation: 0,interpolation_duration: 1}
$data merge entity $(bone_left_head_scales2) {transformation: [-0.8258f,-0.0155f,-0.5638f,0.4088f,-0.0718f,0.9944f,0.0778f,4.3561f,0.5594f,0.1047f,-0.8222f,3.1879f,0f,0f,0f,1f],start_interpolation: 0,interpolation_duration: 1}
$data merge entity $(bone_left_head_scales1) {transformation: [-0.9998f,-0.0155f,0.0118f,0.3986f,-0.0141f,0.9944f,0.1049f,5.1555f,-0.0134f,0.1047f,-0.9944f,3.1028f,0f,0f,0f,1f],start_interpolation: 0,interpolation_duration: 1}
$data merge entity $(bone_right_head_scales) {transformation: [-0.8814f,-0.0155f,0.4721f,-0.9505f,0.0359f,0.9944f,0.0996f,5.2482f,-0.471f,0.1047f,-0.8759f,3.0965f,0f,0f,0f,1f],start_interpolation: 0,interpolation_duration: 1}
$data merge entity $(bone_right_head_scales2) {transformation: [-0.8122f,-0.0155f,0.5832f,-0.9386f,0.0486f,0.9944f,0.0941f,4.3371f,-0.5813f,0.1047f,-0.8069f,3.1699f,0f,0f,0f,1f],start_interpolation: 0,interpolation_duration: 1}
$data merge entity $(bone_right_head_scales1) {transformation: [-0.9998f,-0.0155f,0.0118f,-0.9488f,-0.0141f,0.9944f,0.1049f,5.1365f,-0.0134f,0.1047f,-0.9944f,3.0847f,0f,0f,0f,1f],start_interpolation: 0,interpolation_duration: 1}
$data merge entity $(bone_head_left_fin1) {transformation: [-0.5207f,0.1228f,-0.9014f,0.4061f,0.1706f,1.0333f,0.0422f,4.7456f,0.8936f,-0.1258f,-0.5333f,2.9749f,0f,0f,0f,1f],start_interpolation: 0,interpolation_duration: 1}
$data merge entity $(bone_head_right_fin1) {transformation: [-0.4916f,-0.1485f,0.9138f,-0.9413f,-0.1849f,1.0295f,0.0678f,4.7265f,-0.9071f,-0.1294f,-0.509f,2.9569f,0f,0f,0f,1f],start_interpolation: 0,interpolation_duration: 1}
$data merge entity $(bone_right_whisker16) {transformation: [-0.1481f,-0.3396f,0.9288f,-1.2956f,0.978f,0.0894f,0.1886f,3.0522f,-0.1471f,0.9363f,0.3188f,1.4129f,0f,0f,0f,1f],start_interpolation: 0,interpolation_duration: 1}
$data merge entity $(bone_right_whisker15) {transformation: [0.4084f,-0.231f,0.8831f,-1.4332f,0.19f,0.9678f,0.1653f,2.9882f,-0.8928f,0.1003f,0.4391f,1.7137f,0f,0f,0f,1f],start_interpolation: 0,interpolation_duration: 1}
$data merge entity $(bone_right_whisker14) {transformation: [0.6623f,-0.2207f,0.716f,-1.6563f,-0.3819f,0.7228f,0.576f,3.1168f,-0.6446f,-0.6549f,0.3944f,1.9309f,0f,0f,0f,1f],start_interpolation: 0,interpolation_duration: 1}
$data merge entity $(bone_right_whisker13) {transformation: [0.1826f,-0.3973f,0.8994f,-1.7179f,-0.0407f,0.9109f,0.4106f,3.1305f,-0.9823f,-0.1116f,0.1502f,2.2618f,0f,0f,0f,1f],start_interpolation: 0,interpolation_duration: 1}
$data merge entity $(bone_right_whisker12) {transformation: [-0.4553f,-0.3108f,0.8343f,-1.5133f,-0.5391f,0.842f,0.0195f,3.3727f,-0.7086f,-0.4409f,-0.551f,2.5801f,0f,0f,0f,1f],start_interpolation: 0,interpolation_duration: 1}
$data merge entity $(bone_right_whisker11) {transformation: [-0.8978f,-0.2049f,0.3898f,-1.11f,-0.293f,0.9388f,-0.1814f,3.5043f,-0.3288f,-0.277f,-0.9029f,2.7278f,0f,0f,0f,1f],start_interpolation: 0,interpolation_duration: 1}
$data merge entity $(bone_right_whisker10) {transformation: [-0.4649f,-0.5651f,0.6815f,-0.9012f,-0.6712f,0.727f,0.145f,3.8058f,-0.5774f,-0.39f,-0.7173f,2.9872f,0f,0f,0f,1f],start_interpolation: 0,interpolation_duration: 1}
$data merge entity $(bone_right_whisker1) {transformation: [0.0802f,-0.5954f,0.7994f,-0.9372f,-0.8512f,0.3765f,0.3658f,4.1882f,-0.5187f,-0.7098f,-0.4766f,3.2202f,0f,0f,0f,1f],start_interpolation: 0,interpolation_duration: 1}
$data merge entity $(bone_left_whisker16) {transformation: [-0.1243f,0.3117f,-0.942f,0.8488f,-0.9818f,0.0986f,0.1622f,3.0825f,0.1434f,0.945f,0.2938f,1.4416f,0f,0f,0f,1f],start_interpolation: 0,interpolation_duration: 1}
$data merge entity $(bone_left_whisker15) {transformation: [0.3896f,0.2008f,-0.8988f,0.9801f,-0.1787f,0.9739f,0.1401f,3.0223f,0.9035f,0.1061f,0.4153f,1.746f,0f,0f,0f,1f],start_interpolation: 0,interpolation_duration: 1}
$data merge entity $(bone_left_whisker14) {transformation: [0.6338f,0.2176f,-0.7423f,1.1936f,0.4002f,0.729f,0.5554f,3.1571f,0.662f,-0.649f,0.3749f,1.969f,0f,0f,0f,1f],start_interpolation: 0,interpolation_duration: 1}
$data merge entity $(bone_left_whisker13) {transformation: [0.1551f,0.3742f,-0.9143f,1.2458f,0.0455f,0.9218f,0.385f,3.1724f,0.9869f,-0.1013f,0.1259f,2.3015f,0f,0f,0f,1f],start_interpolation: 0,interpolation_duration: 1}
$data merge entity $(bone_left_whisker12) {transformation: [-0.4892f,0.2986f,-0.8195f,1.0261f,0.5257f,0.8506f,-0.0039f,3.4086f,0.6959f,-0.4327f,-0.5731f,2.6141f,0f,0f,0f,1f],start_interpolation: 0,interpolation_duration: 1}
$data merge entity $(bone_left_whisker11) {transformation: [-0.9142f,0.1857f,-0.3603f,0.6154f,0.2674f,0.9443f,-0.192f,3.5287f,0.3046f,-0.2718f,-0.9129f,2.7509f,0f,0f,0f,1f],start_interpolation: 0,interpolation_duration: 1}
$data merge entity $(bone_left_whisker10) {transformation: [-0.499f,0.5546f,-0.6659f,0.3913f,0.6576f,0.7428f,0.1259f,3.8241f,0.5645f,-0.3751f,-0.7353f,3.0045f,0f,0f,0f,1f],start_interpolation: 0,interpolation_duration: 1}
$data merge entity $(bone_left_whisker1) {transformation: [0.0422f,0.6033f,-0.7964f,0.4102f,0.8529f,0.3934f,0.3432f,4.2072f,0.5204f,-0.6937f,-0.4979f,3.2383f,0f,0f,0f,1f],start_interpolation: 0,interpolation_duration: 1}
$data merge entity $(bone_upper_left_tooth1) {transformation: [-0.9998f,-0.0144f,0.0131f,0.0282f,-0.0141f,0.9997f,0.0179f,4.5103f,-0.0134f,0.0177f,-0.9998f,4.1831f,0f,0f,0f,1f],start_interpolation: 0,interpolation_duration: 1}
$data merge entity $(bone_upper_right_tooth1) {transformation: [-0.9998f,-0.0144f,0.0131f,-0.6455f,-0.0141f,0.9997f,0.0179f,4.5008f,-0.0134f,0.0177f,-0.9998f,4.1741f,0f,0f,0f,1f],start_interpolation: 0,interpolation_duration: 1}
$data merge entity $(bone_top_lip1) {transformation: [-0.9998f,-0.009f,0.0172f,-0.2823f,-0.0141f,0.9456f,-0.3251f,4.6295f,-0.0134f,-0.3253f,-0.9455f,4.1811f,0f,0f,0f,1f],start_interpolation: 0,interpolation_duration: 1}
$data merge entity $(bone_muzzle1) {transformation: [-0.9998f,-0.0144f,0.0131f,-0.2774f,-0.0141f,0.9997f,0.0179f,4.8079f,-0.0134f,0.0177f,-0.9998f,3.6227f,0f,0f,0f,1f],start_interpolation: 0,interpolation_duration: 1}
$data merge entity $(bone_jaw_right_tooth1) {transformation: [-0.9998f,-0.0026f,0.0193f,-0.6461f,-0.0141f,0.7773f,-0.6289f,4.5365f,-0.0134f,-0.6291f,-0.7772f,4.187f,0f,0f,0f,1f],start_interpolation: 0,interpolation_duration: 1}
$data merge entity $(bone_jaw_left_tooth1) {transformation: [-0.9998f,-0.0026f,0.0193f,0.0837f,-0.0141f,0.7773f,-0.6289f,4.5468f,-0.0134f,-0.6291f,-0.7772f,4.1968f,0f,0f,0f,1f],start_interpolation: 0,interpolation_duration: 1}
$data merge entity $(bone_tongue1) {transformation: [-0.9998f,-0.0105f,0.0164f,-0.268f,-0.0141f,0.9703f,-0.2415f,4.3396f,-0.0134f,-0.2417f,-0.9703f,3.4143f,0f,0f,0f,1f],start_interpolation: 0,interpolation_duration: 1}
$data merge entity $(bone_jaw_lips1) {transformation: [-0.9998f,-0.0105f,0.0164f,-0.2252f,-0.0141f,0.9703f,-0.2415f,4.4321f,-0.0134f,-0.2417f,-0.9703f,4.3179f,0f,0f,0f,1f],start_interpolation: 0,interpolation_duration: 1}
$data merge entity $(bone_jaw3) {transformation: [-0.9998f,-0.0059f,0.0185f,-0.208f,-0.0141f,0.8747f,-0.4844f,3.9232f,-0.0134f,-0.4846f,-0.8746f,3.5729f,0f,0f,0f,1f],start_interpolation: 0,interpolation_duration: 1}
$data merge entity $(bone_jaw1) {transformation: [-0.9998f,-0.0173f,0.009f,-0.2f,-0.0141f,0.9611f,0.276f,4.1712f,-0.0134f,0.2758f,-0.9611f,2.7094f,0f,0f,0f,1f],start_interpolation: 0,interpolation_duration: 1}
$data merge entity $(bone_tear_right1) {transformation: [-0.9998f,-0.0155f,0.0118f,-0.8838f,-0.0141f,0.9944f,0.1049f,4.8622f,-0.0134f,0.1047f,-0.9944f,3.5535f,0f,0f,0f,1f],start_interpolation: 0,interpolation_duration: 1}
$data merge entity $(bone_right_pupil1) {transformation: [-0.9998f,-0.0155f,0.0118f,-0.701f,-0.0141f,0.9944f,0.1049f,4.9695f,-0.0134f,0.1047f,-0.9944f,3.6347f,0f,0f,0f,1f],start_interpolation: 0,interpolation_duration: 1}
$data merge entity $(bone_right_sad_pupil1) {transformation: [-0.9998f,-0.0155f,0.0118f,-0.7009f,-0.0141f,0.9944f,0.1049f,4.9706f,-0.0134f,0.1047f,-0.9944f,3.6236f,0f,0f,0f,1f],start_interpolation: 0,interpolation_duration: 1}
$data merge entity $(bone_right_happy_pupil1) {transformation: [-0.9998f,-0.0155f,0.0118f,-0.7285f,-0.0141f,0.9944f,0.1049f,4.9423f,-0.0134f,0.1047f,-0.9944f,3.6203f,0f,0f,0f,1f],start_interpolation: 0,interpolation_duration: 1}
$data merge entity $(bone_eyelid_right1) {transformation: [-0.9998f,-0.0155f,0.0118f,-0.2611f,-0.0141f,0.9944f,0.1049f,4.9798f,-0.0134f,0.1047f,-0.9944f,3.0651f,0f,0f,0f,1f],start_interpolation: 0,interpolation_duration: 1}
$data merge entity $(bone_eyelid_expressions_right5) {transformation: [-0.9998f,-0.0155f,0.0118f,-0.8318f,-0.0141f,0.9944f,0.1049f,5.0805f,-0.0134f,0.1047f,-0.9944f,3.6336f,0f,0f,0f,1f],start_interpolation: 0,interpolation_duration: 1}
$data merge entity $(bone_eyelid_expressions_right7) {transformation: [-0.9998f,-0.0155f,0.0118f,-0.4949f,-0.0141f,0.9944f,0.1049f,5.0852f,-0.0134f,0.1047f,-0.9944f,3.6381f,0f,0f,0f,1f],start_interpolation: 0,interpolation_duration: 1}
$data merge entity $(bone_eyelid_expressions_right6) {transformation: [-0.9998f,-0.0155f,0.0118f,-0.6072f,-0.0141f,0.9944f,0.1049f,5.0837f,-0.0134f,0.1047f,-0.9944f,3.6366f,0f,0f,0f,1f],start_interpolation: 0,interpolation_duration: 1}
$data merge entity $(bone_right_eye1) {transformation: [-0.9998f,-0.0155f,0.0118f,-0.2725f,-0.0141f,0.9944f,0.1049f,4.9785f,-0.0134f,0.1047f,-0.9944f,3.0761f,0f,0f,0f,1f],start_interpolation: 0,interpolation_duration: 1}
$data merge entity $(bone_tear_left1) {transformation: [-0.9998f,-0.0155f,0.0118f,0.3289f,-0.0141f,0.9944f,0.1049f,4.8794f,-0.0134f,0.1047f,-0.9944f,3.5697f,0f,0f,0f,1f],start_interpolation: 0,interpolation_duration: 1}
$data merge entity $(bone_left_sad_pupil1) {transformation: [-0.9998f,-0.0155f,0.0118f,0.1412f,-0.0141f,0.9944f,0.1049f,4.9825f,-0.0134f,0.1047f,-0.9944f,3.6348f,0f,0f,0f,1f],start_interpolation: 0,interpolation_duration: 1}
$data merge entity $(bone_left_pupil1) {transformation: [-0.9998f,-0.0155f,0.0118f,0.1411f,-0.0141f,0.9944f,0.1049f,4.9814f,-0.0134f,0.1047f,-0.9944f,3.646f,0f,0f,0f,1f],start_interpolation: 0,interpolation_duration: 1}
$data merge entity $(bone_eyelid_left1) {transformation: [-0.9998f,-0.0155f,0.0118f,-0.2836f,-0.0141f,0.9944f,0.1049f,4.9795f,-0.0134f,0.1047f,-0.9944f,3.0648f,0f,0f,0f,1f],start_interpolation: 0,interpolation_duration: 1}
$data merge entity $(bone_left_happy_pupil1) {transformation: [-0.9998f,-0.0155f,0.0118f,0.1697f,-0.0141f,0.9944f,0.1049f,4.955f,-0.0134f,0.1047f,-0.9944f,3.6323f,0f,0f,0f,1f],start_interpolation: 0,interpolation_duration: 1}
$data merge entity $(bone_eyelid_expressions_left5) {transformation: [-0.9998f,-0.0155f,0.0118f,0.2686f,-0.0141f,0.9944f,0.1049f,5.096f,-0.0134f,0.1047f,-0.9944f,3.6483f,0f,0f,0f,1f],start_interpolation: 0,interpolation_duration: 1}
$data merge entity $(bone_eyelid_expressions_left7) {transformation: [-0.9998f,-0.0155f,0.0118f,-0.0682f,-0.0141f,0.9944f,0.1049f,5.0913f,-0.0134f,0.1047f,-0.9944f,3.6438f,0f,0f,0f,1f],start_interpolation: 0,interpolation_duration: 1}
$data merge entity $(bone_eyelid_expressions_left6) {transformation: [-0.9998f,-0.0155f,0.0118f,0.044f,-0.0141f,0.9944f,0.1049f,5.0929f,-0.0134f,0.1047f,-0.9944f,3.6453f,0f,0f,0f,1f],start_interpolation: 0,interpolation_duration: 1}
$data merge entity $(bone_left_eye1) {transformation: [-0.9998f,-0.0155f,0.0118f,-0.2725f,-0.0141f,0.9944f,0.1049f,4.9785f,-0.0134f,0.1047f,-0.9944f,3.0761f,0f,0f,0f,1f],start_interpolation: 0,interpolation_duration: 1}
$data merge entity $(bone_crest_middle5) {transformation: [-0.9998f,-0.0125f,0.0149f,-0.2995f,-0.0141f,0.9935f,-0.1128f,6.3064f,-0.0134f,-0.113f,-0.9935f,3.6953f,0f,0f,0f,1f],start_interpolation: 0,interpolation_duration: 1}
$data merge entity $(bone_crest_middle4) {transformation: [-0.9998f,-0.0125f,0.0149f,-0.2911f,-0.0141f,0.9935f,-0.1128f,5.6369f,-0.0134f,-0.113f,-0.9935f,3.7715f,0f,0f,0f,1f],start_interpolation: 0,interpolation_duration: 1}
$data merge entity $(bone_crest_middle1) {transformation: [-0.9998f,-0.0125f,0.0149f,-0.286f,-0.0141f,0.9935f,-0.1128f,5.1443f,-0.0134f,-0.113f,-0.9935f,3.9122f,0f,0f,0f,1f],start_interpolation: 0,interpolation_duration: 1}
$data merge entity $(bone_crest_left5) {transformation: [-0.5242f,-0.8427f,0.1229f,-1.3951f,-0.8462f,0.5316f,0.0358f,5.6427f,-0.0955f,-0.0852f,-0.9918f,3.7117f,0f,0f,0f,1f],start_interpolation: 0,interpolation_duration: 1}
$data merge entity $(bone_crest_left4) {transformation: [-0.5242f,-0.8427f,0.1229f,-0.9219f,-0.8462f,0.5316f,0.0358f,5.3442f,-0.0955f,-0.0852f,-0.9918f,3.7595f,0f,0f,0f,1f],start_interpolation: 0,interpolation_duration: 1}
$data merge entity $(bone_crest_left1) {transformation: [-0.5242f,-0.8427f,0.1229f,-0.3945f,-0.8462f,0.5316f,0.0358f,5.0179f,-0.0955f,-0.0852f,-0.9918f,3.7564f,0f,0f,0f,1f],start_interpolation: 0,interpolation_duration: 1}
$data merge entity $(bone_crest_center1) {transformation: [-0.9998f,-0.0155f,0.0118f,-0.2817f,-0.0141f,0.9944f,0.1049f,4.9915f,-0.0134f,0.1047f,-0.9944f,3.755f,0f,0f,0f,1f],start_interpolation: 0,interpolation_duration: 1}
$data merge entity $(bone_crest_right5) {transformation: [-0.5502f,0.8293f,-0.0973f,0.8135f,0.8311f,0.5552f,0.0327f,5.6739f,0.0811f,-0.0628f,-0.9947f,3.7412f,0f,0f,0f,1f],start_interpolation: 0,interpolation_duration: 1}
$data merge entity $(bone_crest_right4) {transformation: [-0.5502f,0.8293f,-0.0973f,0.3478f,0.8311f,0.5552f,0.0327f,5.3621f,0.0811f,-0.0628f,-0.9947f,3.7765f,0f,0f,0f,1f],start_interpolation: 0,interpolation_duration: 1}
$data merge entity $(bone_crest_right1) {transformation: [-0.5502f,0.8293f,-0.0973f,-0.1699f,0.8311f,0.5552f,0.0327f,5.021f,0.0811f,-0.0628f,-0.9947f,3.7594f,0f,0f,0f,1f],start_interpolation: 0,interpolation_duration: 1}
$data merge entity $(bone_head1) {transformation: [-1.048f,-0.0162f,0.0124f,-0.2643f,-0.0148f,1.0423f,0.11f,4.9875f,-0.014f,0.1098f,-1.0423f,2.456f,0f,0f,0f,1f],start_interpolation: 0,interpolation_duration: 1}
$data merge entity $(bone_neck10) {transformation: [-1.4954f,-0.0171f,0.0746f,-0.206f,-0.0306f,1.4711f,-0.2779f,4.3481f,-0.0701f,-0.2791f,-1.4695f,1.4927f,0f,0f,0f,1f],start_interpolation: 0,interpolation_duration: 1}
$data merge entity $(bone_neck9) {transformation: [-1.144f,-0.0532f,0.0244f,-0.1455f,-0.0234f,0.8538f,0.7634f,3.4033f,-0.0536f,0.7619f,-0.8537f,0.615f,0f,0f,0f,1f],start_interpolation: 0,interpolation_duration: 1}
$data merge entity $(bone_neck8) {transformation: [-1.0618f,-0.053f,0.0119f,-0.0917f,-0.0218f,0.629f,0.8568f,2.8173f,-0.0498f,0.8555f,-0.6293f,-0.2767f,0f,0f,0f,1f],start_interpolation: 0,interpolation_duration: 1}
$data merge entity $(bone_neck7) {transformation: [-1.0555f,0.0172f,0.0005f,-0.1092f,0.0074f,0.4308f,0.9637f,2.3819f,0.0155f,0.9636f,-0.4309f,-1.2506f,0f,0f,0f,1f],start_interpolation: 0,interpolation_duration: 1}
$data merge entity $(bone_neck6) {transformation: [-1.0419f,0.1193f,-0.0457f,-0.2194f,-0.0357f,0.0886f,1.0453f,2.3162f,0.1226f,1.0391f,-0.0839f,-2.206f,0f,0f,0f,1f],start_interpolation: 0,interpolation_duration: 1}
$data merge entity $(bone_neck_spine6) {transformation: [-1.2654f,0.1044f,0.0889f,-0.776f,0.0425f,-0.4865f,1.1754f,4.0591f,0.1304f,1.1715f,0.4801f,-5.3206f,0f,0f,0f,1f],start_interpolation: 0,interpolation_duration: 1}
$data merge entity $(bone_neck_spine7) {transformation: [-0.9884f,-0.082f,0.1277f,-0.8392f,0.1349f,-0.0887f,0.9869f,5.5274f,-0.0696f,0.9927f,0.0988f,-8.6458f,0f,0f,0f,1f],start_interpolation: 0,interpolation_duration: 1}
$data merge entity $(bone_tail6) {transformation: [-1.6269f,-0.2252f,0.5175f,-0.0569f,0.3329f,0.8922f,1.4348f,4.5484f,-0.4557f,1.4556f,-0.7994f,-12.4316f,0f,0f,0f,1f],start_interpolation: 0,interpolation_duration: 1}
$data merge entity $(bone_tail5) {transformation: [-1.344f,-0.2574f,0.3887f,-0.2195f,0.275f,0.52f,1.2952f,4.8768f,-0.3765f,1.2988f,-0.4415f,-11.6113f,0f,0f,0f,1f],start_interpolation: 0,interpolation_duration: 1}
$data merge entity $(bone_tail4) {transformation: [-0.9879f,-0.1874f,0.2961f,-0.2998f,0.2262f,0.3356f,0.9669f,5.0206f,-0.2677f,0.9751f,-0.2759f,-11.1934f,0f,0f,0f,1f],start_interpolation: 0,interpolation_duration: 1}
$data merge entity $(bone_segment18) {transformation: [-0.9111f,-0.3003f,0.2825f,-0.4684f,0.1721f,0.3456f,0.9224f,5.2147f,-0.3746f,0.889f,-0.2632f,-10.6942f,0f,0f,0f,1f],start_interpolation: 0,interpolation_duration: 1}
$data merge entity $(bone_segment17) {transformation: [-0.9418f,-0.2607f,0.2122f,-0.6587f,0.1854f,0.1237f,0.9748f,5.305f,-0.2803f,0.9575f,-0.0682f,-9.9952f,0f,0f,0f,1f],start_interpolation: 0,interpolation_duration: 1}
$data merge entity $(bone_segment16) {transformation: [-0.9671f,-0.2042f,0.152f,-0.8536f,0.1759f,-0.1045f,0.9789f,5.2053f,-0.184f,0.9733f,0.1369f,-9.0661f,0f,0f,0f,1f],start_interpolation: 0,interpolation_duration: 1}
$data merge entity $(bone_segment15) {transformation: [-0.9884f,-0.1123f,0.1021f,-0.986f,0.1349f,-0.3411f,0.9303f,4.8031f,-0.0696f,0.9333f,0.3523f,-7.9655f,0f,0f,0f,1f],start_interpolation: 0,interpolation_duration: 1}
$data merge entity $(bone_segment14) {transformation: [-1.0438f,0.0417f,0.0858f,-0.9391f,0.0528f,-0.5328f,0.9011f,4.2037f,0.0794f,0.9017f,0.5285f,-6.9511f,0f,0f,0f,1f],start_interpolation: 0,interpolation_duration: 1}
$data merge entity $(bone_segment13) {transformation: [-1.0197f,0.0704f,0.0852f,-0.8567f,0.0342f,-0.5506f,0.8648f,3.5169f,0.1051f,0.8626f,0.545f,-5.9272f,0f,0f,0f,1f],start_interpolation: 0,interpolation_duration: 1}
$data merge entity $(bone_segment12) {transformation: [-1.0952f,0.1946f,0.0843f,-0.6216f,-0.0121f,-0.4999f,0.9972f,2.913f,0.2117f,0.9781f,0.4929f,-4.7456f,0f,0f,0f,1f],start_interpolation: 0,interpolation_duration: 1}
$data merge entity $(bone_segment11) {transformation: [-1.166f,0.234f,0.0536f,-0.3511f,-0.0171f,-0.3461f,1.1389f,2.513f,0.2395f,1.1147f,0.3424f,-3.4574f,0f,0f,0f,1f],start_interpolation: 0,interpolation_duration: 1}
$data merge entity $(bone_segment10) {transformation: [-1.0424f,0.1086f,0.016f,-0.2139f,0f,-0.1531f,1.0369f,2.3352f,0.1098f,1.0312f,0.1522f,-2.1535f,0f,0f,0f,1f],start_interpolation: 0,interpolation_duration: 1}
data modify entity @s data merge value {"cameras":{},"locators":{"mouth":{"posx":-0.29188382808181157,"posy":4.620440757303951,"posz":4.905609905684839,"roty":188.39215398785413,"rotx":83.92248429468144}}}