# This file was generated by Animated Java via MC-Build. It is not recommended to edit this file directly.
$data merge entity $(bone_neck_spine5) {transformation: [-1.5669f,0.0447f,0.1222f,0.2755f,0.0994f,1.3647f,0.7744f,4.1592f,-0.0841f,0.7795f,-1.3629f,0.1619f,0f,0f,0f,1f],start_interpolation: 0,interpolation_duration: 1}
$data merge entity $(bone_neck_spine2) {transformation: [-1.4923f,0.1124f,0.0522f,0.1627f,0.0946f,1.4406f,-0.3975f,5.6683f,-0.0801f,-0.3929f,-1.4427f,1.9462f,0f,0f,0f,1f],start_interpolation: 0,interpolation_duration: 1}
$data merge entity $(bone_scale_neck_left1) {transformation: [-1.5558f,0.5075f,0.1874f,0.8796f,0.5219f,1.5581f,0.1132f,4.7422f,-0.1424f,0.1663f,-1.6325f,2.1923f,0f,0f,0f,1f],start_interpolation: 0,interpolation_duration: 1}
$data merge entity $(bone_scale_neck_right1) {transformation: [-1.6153f,-0.322f,0.0035f,-0.6872f,-0.3208f,1.6108f,0.1249f,4.8415f,-0.0278f,0.1218f,-1.6424f,2.1082f,0f,0f,0f,1f],start_interpolation: 0,interpolation_duration: 1}
$data merge entity $(bone_blush_right1) {transformation: [-0.9933f,0.0994f,-0.0592f,-0.5442f,0.0814f,0.964f,0.253f,4.4911f,0.0822f,0.2465f,-0.9657f,3.4704f,0f,0f,0f,1f],start_interpolation: 0,interpolation_duration: 1}
$data merge entity $(bone_blush_left1) {transformation: [-0.9933f,0.0994f,-0.0592f,0.7721f,0.0814f,0.964f,0.253f,4.3832f,0.0822f,0.2465f,-0.9657f,3.3614f,0f,0f,0f,1f],start_interpolation: 0,interpolation_duration: 1}
$data merge entity $(bone_left_head_scales) {transformation: [-0.8537f,0.0994f,-0.5112f,0.8326f,-0.0446f,0.964f,0.262f,5.1855f,0.5188f,0.2465f,-0.8186f,3.1609f,0f,0f,0f,1f],start_interpolation: 0,interpolation_duration: 1}
$data merge entity $(bone_left_head_scales2) {transformation: [-0.7797f,0.0994f,-0.6182f,0.7532f,-0.0784f,0.964f,0.2539f,4.2768f,0.6212f,0.2465f,-0.7439f,3.1021f,0f,0f,0f,1f],start_interpolation: 0,interpolation_duration: 1}
$data merge entity $(bone_left_head_scales1) {transformation: [-0.9933f,0.0994f,-0.0592f,0.8214f,0.0814f,0.964f,0.253f,5.0772f,0.0822f,0.2465f,-0.9657f,3.1332f,0f,0f,0f,1f],start_interpolation: 0,interpolation_duration: 1}
$data merge entity $(bone_right_head_scales) {transformation: [-0.9084f,0.0994f,0.4061f,-0.506f,0.189f,0.964f,0.1868f,5.2952f,-0.373f,0.2465f,-0.8945f,3.2717f,0f,0f,0f,1f],start_interpolation: 0,interpolation_duration: 1}
$data merge entity $(bone_right_head_scales2) {transformation: [-0.8476f,0.0994f,0.5212f,-0.5854f,0.2118f,0.964f,0.1606f,4.3865f,-0.4865f,0.2465f,-0.8382f,3.2129f,0f,0f,0f,1f],start_interpolation: 0,interpolation_duration: 1}
$data merge entity $(bone_right_head_scales1) {transformation: [-0.9933f,0.0994f,-0.0592f,-0.5172f,0.0814f,0.964f,0.253f,5.1869f,0.0822f,0.2465f,-0.9657f,3.244f,0f,0f,0f,1f],start_interpolation: 0,interpolation_duration: 1}
$data merge entity $(bone_head_left_fin1) {transformation: [-0.4239f,0.2215f,-0.9327f,0.7746f,0.0809f,1.0244f,0.2065f,4.6925f,0.9552f,0.0115f,-0.4314f,2.9481f,0f,0f,0f,1f],start_interpolation: 0,interpolation_duration: 1}
$data merge entity $(bone_head_right_fin1) {transformation: [-0.5817f,-0.048f,0.8706f,-0.564f,0.0015f,1.0465f,0.0587f,4.8023f,-0.8719f,0.0338f,-0.5807f,3.0589f,0f,0f,0f,1f],start_interpolation: 0,interpolation_duration: 1}
$data merge entity $(bone_right_whisker16) {transformation: [-0.0546f,-0.2496f,0.9668f,-1.2213f,0.9985f,-0.0224f,0.0506f,3.422f,0.0091f,0.9681f,0.2505f,1.3338f,0f,0f,0f,1f],start_interpolation: 0,interpolation_duration: 1}
$data merge entity $(bone_right_whisker15) {transformation: [0.3512f,-0.1173f,0.9289f,-1.3396f,0.2843f,0.9586f,0.0136f,3.3262f,-0.8921f,0.2593f,0.3701f,1.6344f,0f,0f,0f,1f],start_interpolation: 0,interpolation_duration: 1}
$data merge entity $(bone_right_whisker14) {transformation: [0.5623f,-0.1956f,0.8035f,-1.529f,-0.3397f,0.8312f,0.4401f,3.4406f,-0.7539f,-0.5204f,0.4009f,1.8884f,0f,0f,0f,1f],start_interpolation: 0,interpolation_duration: 1}
$data merge entity $(bone_right_whisker13) {transformation: [0.0955f,-0.3057f,0.9473f,-1.5612f,0.0919f,0.9503f,0.2974f,3.4097f,-0.9912f,0.0587f,0.1188f,2.2223f,0f,0f,0f,1f],start_interpolation: 0,interpolation_duration: 1}
$data merge entity $(bone_right_whisker12) {transformation: [-0.5672f,-0.2546f,0.7832f,-1.3064f,-0.3805f,0.9245f,0.0249f,3.5806f,-0.7304f,-0.2839f,-0.6212f,2.5505f,0f,0f,0f,1f],start_interpolation: 0,interpolation_duration: 1}
$data merge entity $(bone_right_whisker11) {transformation: [-0.948f,-0.1258f,0.2924f,-0.8805f,-0.1547f,0.9849f,-0.0779f,3.6501f,-0.2782f,-0.119f,-0.9531f,2.6754f,0f,0f,0f,1f],start_interpolation: 0,interpolation_duration: 1}
$data merge entity $(bone_right_whisker10) {transformation: [-0.5799f,-0.5146f,0.6315f,-0.62f,-0.5295f,0.8272f,0.1879f,3.8879f,-0.6191f,-0.2254f,-0.7523f,2.9535f,0f,0f,0f,1f],start_interpolation: 0,interpolation_duration: 1}
$data merge entity $(bone_right_whisker1) {transformation: [-0.0542f,-0.6084f,0.7918f,-0.5957f,-0.7663f,0.5337f,0.3576f,4.2322f,-0.6402f,-0.5874f,-0.4951f,3.2411f,0f,0f,0f,1f],start_interpolation: 0,interpolation_duration: 1}
$data merge entity $(bone_left_whisker16) {transformation: [-0.2161f,0.3974f,-0.8918f,0.9092f,-0.9763f,-0.0755f,0.2029f,3.2473f,0.0134f,0.9145f,0.4043f,1.1575f,0f,0f,0f,1f],start_interpolation: 0,interpolation_duration: 1}
$data merge entity $(bone_left_whisker15) {transformation: [0.4416f,0.3116f,-0.8414f,1.0579f,-0.3493f,0.9235f,0.1587f,3.1297f,0.8265f,0.2238f,0.5166f,1.4359f,0f,0f,0f,1f],start_interpolation: 0,interpolation_duration: 1}
$data merge entity $(bone_left_whisker14) {transformation: [0.7253f,0.2398f,-0.6453f,1.3023f,0.2342f,0.7955f,0.5589f,3.2086f,0.6474f,-0.5565f,0.5208f,1.654f,0f,0f,0f,1f],start_interpolation: 0,interpolation_duration: 1}
$data merge entity $(bone_left_whisker13) {transformation: [0.24f,0.4608f,-0.8545f,1.3831f,-0.1194f,0.8875f,0.445f,3.1683f,0.9634f,-0.0048f,0.268f,1.9786f,0f,0f,0f,1f],start_interpolation: 0,interpolation_duration: 1}
$data merge entity $(bone_left_whisker12) {transformation: [-0.3712f,0.3509f,-0.8597f,1.2164f,0.4574f,0.8748f,0.1596f,3.3738f,0.8081f,-0.334f,-0.4852f,2.3416f,0f,0f,0f,1f],start_interpolation: 0,interpolation_duration: 1}
$data merge entity $(bone_left_whisker11) {transformation: [-0.8522f,0.2622f,-0.4528f,0.8336f,0.3022f,0.9531f,-0.0168f,3.5096f,0.4272f,-0.1512f,-0.8914f,2.5335f,0f,0f,0f,1f],start_interpolation: 0,interpolation_duration: 1}
$data merge entity $(bone_left_whisker10) {transformation: [-0.3777f,0.5978f,-0.7071f,0.664f,0.608f,0.7361f,0.2976f,3.7827f,0.6984f,-0.3175f,-0.6414f,2.8472f,0f,0f,0f,1f],start_interpolation: 0,interpolation_duration: 1}
$data merge entity $(bone_left_whisker1) {transformation: [0.1758f,0.5825f,-0.7936f,0.7429f,0.7564f,0.4361f,0.4876f,4.1225f,0.6301f,-0.686f,-0.3639f,3.1303f,0f,0f,0f,1f],start_interpolation: 0,interpolation_duration: 1}
$data merge entity $(bone_upper_left_tooth1) {transformation: [-0.9933f,0.0939f,-0.0676f,0.4748f,0.0814f,0.9824f,0.168f,4.313f,0.0822f,0.1614f,-0.9835f,4.1414f,0f,0f,0f,1f],start_interpolation: 0,interpolation_duration: 1}
$data merge entity $(bone_upper_right_tooth1) {transformation: [-0.9933f,0.0939f,-0.0676f,-0.1945f,0.0814f,0.9824f,0.168f,4.3679f,0.0822f,0.1614f,-0.9835f,4.1968f,0f,0f,0f,1f],start_interpolation: 0,interpolation_duration: 1}
$data merge entity $(bone_top_lip1) {transformation: [-0.9933f,0.0651f,-0.0957f,0.1796f,0.0814f,0.9806f,-0.1781f,4.4595f,0.0822f,-0.1847f,-0.9793f,4.1867f,0f,0f,0f,1f],start_interpolation: 0,interpolation_duration: 1}
$data merge entity $(bone_muzzle1) {transformation: [-0.9933f,0.0939f,-0.0676f,0.1574f,0.0814f,0.9824f,0.168f,4.7194f,0.0822f,0.1614f,-0.9835f,3.6616f,0f,0f,0f,1f],start_interpolation: 0,interpolation_duration: 1}
$data merge entity $(bone_jaw_right_tooth1) {transformation: [-0.9933f,0.0284f,-0.1122f,-0.1903f,0.0814f,0.8606f,-0.5028f,4.4011f,0.0822f,-0.5085f,-0.8571f,4.2147f,0f,0f,0f,1f],start_interpolation: 0,interpolation_duration: 1}
$data merge entity $(bone_jaw_left_tooth1) {transformation: [-0.9933f,0.0284f,-0.1122f,0.5348f,0.0814f,0.8606f,-0.5028f,4.3416f,0.0822f,-0.5085f,-0.8571f,4.1546f,0f,0f,0f,1f],start_interpolation: 0,interpolation_duration: 1}
$data merge entity $(bone_tongue1) {transformation: [-0.9933f,0.0732f,-0.0896f,0.0996f,0.0814f,0.9924f,-0.092f,4.2893f,0.0822f,-0.0986f,-0.9917f,3.3886f,0f,0f,0f,1f],start_interpolation: 0,interpolation_duration: 1}
$data merge entity $(bone_jaw_lips1) {transformation: [-0.9933f,0.0732f,-0.0896f,0.2265f,0.0814f,0.9924f,-0.092f,4.2392f,0.0822f,-0.0986f,-0.9917f,4.2877f,0f,0f,0f,1f],start_interpolation: 0,interpolation_duration: 1}
$data merge entity $(bone_jaw3) {transformation: [-0.9933f,0.0475f,-0.1055f,0.1277f,0.0814f,0.9348f,-0.3457f,3.8499f,0.0822f,-0.352f,-0.9324f,3.4797f,0f,0f,0f,1f],start_interpolation: 0,interpolation_duration: 1}
$data merge entity $(bone_jaw1) {transformation: [-0.9933f,0.1082f,-0.041f,0.0908f,0.0814f,0.9055f,0.4166f,4.2242f,0.0822f,0.4104f,-0.9082f,2.6637f,0f,0f,0f,1f],start_interpolation: 0,interpolation_duration: 1}
$data merge entity $(bone_tear_right1) {transformation: [-0.9933f,0.0994f,-0.0592f,-0.4433f,0.0814f,0.964f,0.253f,4.8399f,0.0822f,0.2465f,-0.9657f,3.6603f,0f,0f,0f,1f],start_interpolation: 0,interpolation_duration: 1}
$data merge entity $(bone_right_pupil1) {transformation: [-0.9933f,0.0994f,-0.0592f,-0.2441f,0.0814f,0.964f,0.253f,4.916f,0.0822f,0.2465f,-0.9657f,3.7378f,0f,0f,0f,1f],start_interpolation: 0,interpolation_duration: 1}
$data merge entity $(bone_right_sad_pupil1) {transformation: [-0.9933f,0.0994f,-0.0592f,-0.2448f,0.0814f,0.964f,0.253f,4.9189f,0.0822f,0.2465f,-0.9657f,3.7269f,0f,0f,0f,1f],start_interpolation: 0,interpolation_duration: 1}
$data merge entity $(bone_right_happy_pupil1) {transformation: [-0.9933f,0.0994f,-0.0592f,-0.2755f,0.0814f,0.964f,0.253f,4.8941f,0.0822f,0.2465f,-0.9657f,3.7223f,0f,0f,0f,1f],start_interpolation: 0,interpolation_duration: 1}
$data merge entity $(bone_eyelid_right1) {transformation: [-0.9933f,0.0994f,-0.0592f,0.1459f,0.0814f,0.964f,0.253f,4.9716f,0.0822f,0.2465f,-0.9657f,3.1353f,0f,0f,0f,1f],start_interpolation: 0,interpolation_duration: 1}
$data merge entity $(bone_eyelid_expressions_right5) {transformation: [-0.9933f,0.0994f,-0.0592f,-0.3619f,0.0814f,0.964f,0.253f,5.0377f,0.0822f,0.2465f,-0.9657f,3.7652f,0f,0f,0f,1f],start_interpolation: 0,interpolation_duration: 1}
$data merge entity $(bone_eyelid_expressions_right7) {transformation: [-0.9933f,0.0994f,-0.0592f,-0.0272f,0.0814f,0.964f,0.253f,5.0102f,0.0822f,0.2465f,-0.9657f,3.7375f,0f,0f,0f,1f],start_interpolation: 0,interpolation_duration: 1}
$data merge entity $(bone_eyelid_expressions_right6) {transformation: [-0.9933f,0.0994f,-0.0592f,-0.1388f,0.0814f,0.964f,0.253f,5.0194f,0.0822f,0.2465f,-0.9657f,3.7468f,0f,0f,0f,1f],start_interpolation: 0,interpolation_duration: 1}
$data merge entity $(bone_right_eye1) {transformation: [-0.9933f,0.0994f,-0.0592f,0.1354f,0.0814f,0.964f,0.253f,4.9697f,0.0822f,0.2465f,-0.9657f,3.1471f,0f,0f,0f,1f],start_interpolation: 0,interpolation_duration: 1}
$data merge entity $(bone_tear_left1) {transformation: [-0.9933f,0.0994f,-0.0592f,0.7614f,0.0814f,0.964f,0.253f,4.7412f,0.0822f,0.2465f,-0.9657f,3.5605f,0f,0f,0f,1f],start_interpolation: 0,interpolation_duration: 1}
$data merge entity $(bone_left_sad_pupil1) {transformation: [-0.9933f,0.0994f,-0.0592f,0.5918f,0.0814f,0.964f,0.253f,4.8503f,0.0822f,0.2465f,-0.9657f,3.6577f,0f,0f,0f,1f],start_interpolation: 0,interpolation_duration: 1}
$data merge entity $(bone_left_pupil1) {transformation: [-0.9933f,0.0994f,-0.0592f,0.5925f,0.0814f,0.964f,0.253f,4.8475f,0.0822f,0.2465f,-0.9657f,3.6685f,0f,0f,0f,1f],start_interpolation: 0,interpolation_duration: 1}
$data merge entity $(bone_eyelid_left1) {transformation: [-0.9933f,0.0994f,-0.0592f,0.1236f,0.0814f,0.964f,0.253f,4.9734f,0.0822f,0.2465f,-0.9657f,3.1372f,0f,0f,0f,1f],start_interpolation: 0,interpolation_duration: 1}
$data merge entity $(bone_left_happy_pupil1) {transformation: [-0.9933f,0.0994f,-0.0592f,0.6169f,0.0814f,0.964f,0.253f,4.821f,0.0822f,0.2465f,-0.9657f,3.6485f,0f,0f,0f,1f],start_interpolation: 0,interpolation_duration: 1}
$data merge entity $(bone_eyelid_expressions_left5) {transformation: [-0.9933f,0.0994f,-0.0592f,0.7313f,0.0814f,0.964f,0.253f,4.9481f,0.0822f,0.2465f,-0.9657f,3.6748f,0f,0f,0f,1f],start_interpolation: 0,interpolation_duration: 1}
$data merge entity $(bone_eyelid_expressions_left7) {transformation: [-0.9933f,0.0994f,-0.0592f,0.3966f,0.0814f,0.964f,0.253f,4.9755f,0.0822f,0.2465f,-0.9657f,3.7025f,0f,0f,0f,1f],start_interpolation: 0,interpolation_duration: 1}
$data merge entity $(bone_eyelid_expressions_left6) {transformation: [-0.9933f,0.0994f,-0.0592f,0.5082f,0.0814f,0.964f,0.253f,4.9663f,0.0822f,0.2465f,-0.9657f,3.6932f,0f,0f,0f,1f],start_interpolation: 0,interpolation_duration: 1}
$data merge entity $(bone_left_eye1) {transformation: [-0.9933f,0.0994f,-0.0592f,0.1354f,0.0814f,0.964f,0.253f,4.9697f,0.0822f,0.2465f,-0.9657f,3.1471f,0f,0f,0f,1f],start_interpolation: 0,interpolation_duration: 1}
$data merge entity $(bone_crest_middle5) {transformation: [-0.9933f,0.0842f,-0.0793f,0.3014f,0.0814f,0.9959f,0.0384f,6.1849f,0.0822f,0.0316f,-0.9961f,3.949f,0f,0f,0f,1f],start_interpolation: 0,interpolation_duration: 1}
$data merge entity $(bone_crest_middle4) {transformation: [-0.9933f,0.0842f,-0.0793f,0.2446f,0.0814f,0.9959f,0.0384f,5.5138f,0.0822f,0.0316f,-0.9961f,3.9277f,0f,0f,0f,1f],start_interpolation: 0,interpolation_duration: 1}
$data merge entity $(bone_crest_middle1) {transformation: [-0.9933f,0.0842f,-0.0793f,0.2087f,0.0814f,0.9959f,0.0384f,5.0073f,0.0822f,0.0316f,-0.9961f,3.9956f,0f,0f,0f,1f],start_interpolation: 0,interpolation_duration: 1}
$data merge entity $(bone_crest_left5) {transformation: [-0.6175f,-0.7853f,0.0437f,-0.8536f,-0.7693f,0.6146f,0.1743f,5.6316f,-0.1637f,0.074f,-0.9837f,3.9772f,0f,0f,0f,1f],start_interpolation: 0,interpolation_duration: 1}
$data merge entity $(bone_crest_left4) {transformation: [-0.6175f,-0.7853f,0.0437f,-0.4127f,-0.7693f,0.6146f,0.1743f,5.2865f,-0.1637f,0.074f,-0.9837f,3.9356f,0f,0f,0f,1f],start_interpolation: 0,interpolation_duration: 1}
$data merge entity $(bone_crest_left1) {transformation: [-0.6175f,-0.7853f,0.0437f,0.0749f,-0.7693f,0.6146f,0.1743f,4.9166f,-0.1637f,0.074f,-0.9837f,3.8347f,0f,0f,0f,1f],start_interpolation: 0,interpolation_duration: 1}
$data merge entity $(bone_crest_center1) {transformation: [-0.9933f,0.0994f,-0.0592f,0.1836f,0.0814f,0.964f,0.253f,4.8804f,0.0822f,0.2465f,-0.9657f,3.8185f,0f,0f,0f,1f],start_interpolation: 0,interpolation_duration: 1}
$data merge entity $(bone_crest_right5) {transformation: [-0.4498f,0.8758f,-0.175f,1.3405f,0.8568f,0.4785f,0.1922f,5.4518f,0.2521f,-0.0635f,-0.9656f,3.7956f,0f,0f,0f,1f],start_interpolation: 0,interpolation_duration: 1}
$data merge entity $(bone_crest_right4) {transformation: [-0.4498f,0.8758f,-0.175f,0.8488f,0.8568f,0.4785f,0.1922f,5.1831f,0.2521f,-0.0635f,-0.9656f,3.8312f,0f,0f,0f,1f],start_interpolation: 0,interpolation_duration: 1}
$data merge entity $(bone_crest_right1) {transformation: [-0.4498f,0.8758f,-0.175f,0.298f,0.8568f,0.4785f,0.1922f,4.8983f,0.2521f,-0.0635f,-0.9656f,3.8162f,0f,0f,0f,1f],start_interpolation: 0,interpolation_duration: 1}
$data merge entity $(bone_head1) {transformation: [-1.0411f,0.1042f,-0.0621f,0.0932f,0.0853f,1.0105f,0.2652f,5.0718f,0.0862f,0.2584f,-1.0122f,2.5368f,0f,0f,0f,1f],start_interpolation: 0,interpolation_duration: 1}
$data merge entity $(bone_neck10) {transformation: [-1.4923f,0.1047f,0.0664f,0.1092f,0.0946f,1.4801f,-0.2061f,4.4809f,-0.0801f,-0.2012f,-1.4817f,1.5415f,0f,0f,0f,1f],start_interpolation: 0,interpolation_duration: 1}
$data merge entity $(bone_neck9) {transformation: [-1.1416f,0.0084f,0.0945f,0.1018f,0.0724f,0.8144f,0.8023f,3.5814f,-0.0613f,0.8055f,-0.8121f,0.6154f,0f,0f,0f,1f],start_interpolation: 0,interpolation_duration: 1}
$data merge entity $(bone_neck8) {transformation: [-1.0595f,-0.0077f,0.0877f,0.1142f,0.0672f,0.6129f,0.8661f,3.0121f,-0.0568f,0.8687f,-0.6103f,-0.2885f,0f,0f,0f,1f],start_interpolation: 0,interpolation_duration: 1}
$data merge entity $(bone_neck7) {transformation: [-1.0523f,0.0043f,0.0846f,0.1098f,0.0781f,0.456f,0.9489f,2.5513f,-0.0326f,0.9521f,-0.4548f,-1.2508f,0f,0f,0f,1f],start_interpolation: 0,interpolation_duration: 1}
$data merge entity $(bone_neck6) {transformation: [-1.0446f,-0.0458f,0.0924f,0.1532f,0.0863f,0.1282f,1.0382f,2.4491f,-0.0566f,1.0408f,-0.1238f,-2.2083f,0f,0f,0f,1f],start_interpolation: 0,interpolation_duration: 1}
$data merge entity $(bone_neck_spine6) {transformation: [-1.2358f,0.3006f,0.0484f,-0.1516f,-0.0271f,-0.3098f,1.2342f,3.6014f,0.3033f,1.1973f,0.3072f,-5.5972f,0f,0f,0f,1f],start_interpolation: 0,interpolation_duration: 1}
$data merge entity $(bone_neck_spine7) {transformation: [-0.9811f,0.1845f,0.0574f,-0.9828f,0.016f,-0.2186f,0.9757f,4.9132f,0.1926f,0.9582f,0.2115f,-8.732f,0f,0f,0f,1f],start_interpolation: 0,interpolation_duration: 1}
$data merge entity $(bone_tail6) {transformation: [-1.6715f,-0.1816f,0.3722f,-0.6531f,0.2699f,0.696f,1.5518f,4.5367f,-0.3141f,1.5646f,-0.6471f,-12.6407f,0f,0f,0f,1f],start_interpolation: 0,interpolation_duration: 1}
$data merge entity $(bone_tail5) {transformation: [-1.3808f,-0.2011f,0.2767f,-0.7801f,0.223f,0.3436f,1.3623f,4.7537f,-0.2594f,1.3657f,-0.302f,-11.7782f,0f,0f,0f,1f],start_interpolation: 0,interpolation_duration: 1}
$data merge entity $(bone_tail4) {transformation: [-1.0158f,-0.1417f,0.2161f,-0.8408f,0.1866f,0.2041f,1.011f,4.8412f,-0.1788f,1.0183f,-0.1726f,-11.3418f,0f,0f,0f,1f],start_interpolation: 0,interpolation_duration: 1}
$data merge entity $(bone_segment18) {transformation: [-0.9432f,-0.2606f,0.2062f,-0.9872f,0.1511f,0.2163f,0.9646f,4.9626f,-0.2959f,0.9409f,-0.1647f,-10.8134f,0f,0f,0f,1f],start_interpolation: 0,interpolation_duration: 1}
$data merge entity $(bone_segment17) {transformation: [-0.9813f,-0.1336f,0.1386f,-1.0847f,0.1456f,-0.0443f,0.9883f,4.9302f,-0.1259f,0.99f,0.063f,-10.0907f,0f,0f,0f,1f],start_interpolation: 0,interpolation_duration: 1}
$data merge entity $(bone_segment16) {transformation: [-0.9946f,0.0102f,0.103f,-1.075f,0.0953f,-0.2983f,0.9497f,4.6454f,0.0404f,0.9544f,0.2958f,-9.1796f,0f,0f,0f,1f],start_interpolation: 0,interpolation_duration: 1}
$data merge entity $(bone_segment15) {transformation: [-0.9811f,0.1634f,0.1032f,-0.8823f,0.016f,-0.4637f,0.8859f,4.0987f,0.1926f,0.8708f,0.4523f,-8.1528f,0f,0f,0f,1f],start_interpolation: 0,interpolation_duration: 1}
$data merge entity $(bone_segment14) {transformation: [-0.9965f,0.3034f,0.1163f,-0.541f,-0.0551f,-0.5274f,0.9041f,3.5053f,0.3202f,0.8535f,0.5174f,-7.1926f,0f,0f,0f,1f],start_interpolation: 0,interpolation_duration: 1}
$data merge entity $(bone_segment13) {transformation: [-0.9959f,0.2318f,0.0804f,-0.264f,-0.0218f,-0.4186f,0.9362f,2.9756f,0.2444f,0.9073f,0.4114f,-6.1112f,0f,0f,0f,1f],start_interpolation: 0,interpolation_duration: 1}
$data merge entity $(bone_segment12) {transformation: [-1.0887f,0.2396f,0.0436f,0.0254f,-0.0177f,-0.277f,1.0805f,2.6409f,0.2429f,1.0537f,0.2741f,-4.8382f,0f,0f,0f,1f],start_interpolation: 0,interpolation_duration: 1}
$data merge entity $(bone_segment11) {transformation: [-1.1826f,0.1361f,0.0063f,0.1827f,-0.0069f,-0.1144f,1.1849f,2.5087f,0.1361f,1.1771f,0.1144f,-3.4779f,0f,0f,0f,1f],start_interpolation: 0,interpolation_duration: 1}
$data merge entity $(bone_segment10) {transformation: [-1.0479f,-0.0243f,-0.001f,0.152f,0f,-0.044f,1.0473f,2.4688f,-0.0243f,1.047f,0.044f,-2.1558f,0f,0f,0f,1f],start_interpolation: 0,interpolation_duration: 1}
data modify entity @s data merge value {"cameras":{},"locators":{"mouth":{"posx":0.22899985586350796,"posy":4.341627551514247,"posz":4.899920568477867,"roty":158.03379130821568,"rotx":74.58644075172721}}}