# This file was generated by Animated Java via MC-Build. It is not recommended to edit this file directly.
$data merge entity $(bone_neck_spine5) {transformation: [-1.5707f,0.0693f,0.0143f,0.2603f,0.0602f,1.1421f,1.0789f,3.949f,0.0372f,1.0784f,-1.1436f,0.5003f,0f,0f,0f,1f],start_interpolation: 0,interpolation_duration: 1}
$data merge entity $(bone_neck_spine2) {transformation: [-1.4959f,0.0563f,-0.0371f,0.2373f,0.0573f,1.4957f,-0.0425f,4.9878f,0.0354f,-0.0439f,-1.4963f,2.5966f,0f,0f,0f,1f],start_interpolation: 0,interpolation_duration: 1}
$data merge entity $(bone_scale_neck_left1) {transformation: [-1.5721f,0.4857f,0.0745f,0.9879f,0.4847f,1.4916f,0.5031f,4.056f,0.0809f,0.5022f,-1.5666f,2.5708f,0f,0f,0f,1f],start_interpolation: 0,interpolation_duration: 1}
$data merge entity $(bone_scale_neck_right1) {transformation: [-1.6067f,-0.3459f,-0.1098f,-0.5827f,-0.3629f,1.5235f,0.5102f,4.1162f,-0.0056f,0.5218f,-1.5623f,2.608f,0f,0f,0f,1f],start_interpolation: 0,interpolation_duration: 1}
$data merge entity $(bone_blush_right1) {transformation: [-0.9863f,0.0981f,-0.1327f,-0.338f,0.0235f,0.8794f,0.4755f,3.4556f,0.1634f,0.4659f,-0.8696f,3.8351f,0f,0f,0f,1f],start_interpolation: 0,interpolation_duration: 1}
$data merge entity $(bone_blush_left1) {transformation: [-0.9863f,0.0981f,-0.1327f,0.969f,0.0235f,0.8794f,0.4755f,3.4245f,0.1634f,0.4659f,-0.8696f,3.6186f,0f,0f,0f,1f],start_interpolation: 0,interpolation_duration: 1}
$data merge entity $(bone_left_head_scales) {transformation: [-0.8136f,0.0981f,-0.5732f,0.9996f,-0.1987f,0.8794f,0.4326f,4.253f,0.5465f,0.4659f,-0.6959f,3.615f,0f,0f,0f,1f],start_interpolation: 0,interpolation_duration: 1}
$data merge entity $(bone_left_head_scales2) {transformation: [-0.7318f,0.0981f,-0.6744f,0.9338f,-0.2535f,0.8794f,0.403f,3.3829f,0.6326f,0.4659f,-0.6186f,3.3429f,0f,0f,0f,1f],start_interpolation: 0,interpolation_duration: 1}
$data merge entity $(bone_left_head_scales1) {transformation: [-0.9863f,0.0981f,-0.1327f,0.9886f,0.0235f,0.8794f,0.4755f,4.1543f,0.1634f,0.4659f,-0.8696f,3.5627f,0f,0f,0f,1f],start_interpolation: 0,interpolation_duration: 1}
$data merge entity $(bone_right_head_scales) {transformation: [-0.9361f,0.0981f,0.3377f,-0.3296f,0.2404f,0.8794f,0.4109f,4.2847f,-0.2566f,0.4659f,-0.8468f,3.8352f,0f,0f,0f,1f],start_interpolation: 0,interpolation_duration: 1}
$data merge entity $(bone_right_head_scales2) {transformation: [-0.884f,0.0981f,0.457f,-0.3954f,0.292f,0.8794f,0.376f,3.4145f,-0.365f,0.4659f,-0.8061f,3.5631f,0f,0f,0f,1f],start_interpolation: 0,interpolation_duration: 1}
$data merge entity $(bone_right_head_scales1) {transformation: [-0.9863f,0.0981f,-0.1327f,-0.3406f,0.0235f,0.8794f,0.4755f,4.186f,0.1634f,0.4659f,-0.8696f,3.7829f,0f,0f,0f,1f],start_interpolation: 0,interpolation_duration: 1}
$data merge entity $(bone_head_left_fin1) {transformation: [-0.3563f,0.202f,-0.9649f,0.9361f,-0.1665f,0.9989f,0.2706f,3.824f,0.9716f,0.2452f,-0.3074f,3.2932f,0f,0f,0f,1f],start_interpolation: 0,interpolation_duration: 1}
$data merge entity $(bone_head_right_fin1) {transformation: [-0.6423f,-0.0656f,0.8257f,-0.3931f,0.1903f,1.0053f,0.2279f,3.8557f,-0.8062f,0.2895f,-0.6041f,3.5134f,0f,0f,0f,1f],start_interpolation: 0,interpolation_duration: 1}
$data merge entity $(bone_right_whisker16) {transformation: [-0.073f,-0.1795f,0.981f,-1.1449f,0.9644f,-0.2635f,0.0236f,2.908f,0.2543f,0.9478f,0.1924f,1.5513f,0f,0f,0f,1f],start_interpolation: 0,interpolation_duration: 1}
$data merge entity $(bone_right_whisker15) {transformation: [0.2812f,-0.117f,0.9525f,-1.2396f,0.5029f,0.8633f,-0.0424f,2.7386f,-0.8173f,0.4909f,0.3016f,1.8267f,0f,0f,0f,1f],start_interpolation: 0,interpolation_duration: 1}
$data merge entity $(bone_right_whisker14) {transformation: [0.5135f,-0.2482f,0.8214f,-1.4126f,-0.128f,0.9244f,0.3594f,2.7817f,-0.8485f,-0.2897f,0.4429f,2.1126f,0f,0f,0f,1f],start_interpolation: 0,interpolation_duration: 1}
$data merge entity $(bone_right_whisker13) {transformation: [0.0228f,-0.319f,0.9475f,-1.4203f,0.331f,0.8967f,0.2939f,2.6702f,-0.9434f,0.3069f,0.126f,2.4304f,0f,0f,0f,1f],start_interpolation: 0,interpolation_duration: 1}
$data merge entity $(bone_right_whisker12) {transformation: [-0.6104f,-0.2919f,0.7364f,-1.1461f,-0.2138f,0.9558f,0.2017f,2.7662f,-0.7627f,-0.0343f,-0.6458f,2.773f,0f,0f,0f,1f],start_interpolation: 0,interpolation_duration: 1}
$data merge entity $(bone_right_whisker11) {transformation: [-0.9623f,-0.1529f,0.2251f,-0.7139f,-0.1172f,0.9794f,0.1642f,2.8189f,-0.2456f,0.1316f,-0.9604f,2.8834f,0f,0f,0f,1f],start_interpolation: 0,interpolation_duration: 1}
$data merge entity $(bone_right_whisker10) {transformation: [-0.6123f,-0.5452f,0.5726f,-0.4388f,-0.3856f,0.8381f,0.3858f,2.9921f,-0.6903f,0.0155f,-0.7234f,3.1934f,0f,0f,0f,1f],start_interpolation: 0,interpolation_duration: 1}
$data merge entity $(bone_right_whisker1) {transformation: [-0.0849f,-0.6589f,0.7474f,-0.4007f,-0.5913f,0.6371f,0.4944f,3.2577f,-0.8019f,-0.4f,-0.4437f,3.5537f,0f,0f,0f,1f],start_interpolation: 0,interpolation_duration: 1}
$data merge entity $(bone_left_whisker16) {transformation: [-0.1958f,0.463f,-0.8645f,0.9705f,-0.958f,-0.2788f,0.0676f,2.8576f,-0.2098f,0.8414f,0.4981f,1.2009f,0f,0f,0f,1f],start_interpolation: 0,interpolation_duration: 1}
$data merge entity $(bone_left_whisker15) {transformation: [0.506f,0.3089f,-0.8053f,1.141f,-0.5217f,0.8531f,-0.0005f,2.6818f,0.6869f,0.4204f,0.5928f,1.4323f,0f,0f,0f,1f],start_interpolation: 0,interpolation_duration: 1}
$data merge entity $(bone_left_whisker14) {transformation: [0.765f,0.1842f,-0.6172f,1.3987f,0.0976f,0.9141f,0.3937f,2.7147f,0.6367f,-0.3613f,0.6812f,1.6468f,0f,0f,0f,1f],start_interpolation: 0,interpolation_duration: 1}
$data merge entity $(bone_left_whisker13) {transformation: [0.3103f,0.4421f,-0.8416f,1.5033f,-0.3389f,0.8786f,0.3365f,2.6005f,0.8882f,0.1808f,0.4224f,1.9461f,0f,0f,0f,1f],start_interpolation: 0,interpolation_duration: 1}
$data merge entity $(bone_left_whisker12) {transformation: [-0.3214f,0.3093f,-0.895f,1.3589f,0.236f,0.9415f,0.2406f,2.7065f,0.9171f,-0.1339f,-0.3756f,2.358f,0f,0f,0f,1f],start_interpolation: 0,interpolation_duration: 1}
$data merge entity $(bone_left_whisker11) {transformation: [-0.8252f,0.2324f,-0.5148f,0.9882f,0.1598f,0.9703f,0.1818f,2.7783f,0.5417f,0.0678f,-0.8378f,2.6014f,0f,0f,0f,1f],start_interpolation: 0,interpolation_duration: 1}
$data merge entity $(bone_left_whisker10) {transformation: [-0.3386f,0.5594f,-0.7566f,0.8361f,0.4082f,0.8118f,0.4175f,2.9617f,0.8478f,-0.1675f,-0.5032f,2.9822f,0f,0f,0f,1f],start_interpolation: 0,interpolation_duration: 1}
$data merge entity $(bone_left_whisker1) {transformation: [0.2056f,0.5236f,-0.8268f,0.9285f,0.5885f,0.6089f,0.532f,3.226f,0.7819f,-0.5959f,-0.1829f,3.3335f,0f,0f,0f,1f],start_interpolation: 0,interpolation_duration: 1}
$data merge entity $(bone_upper_left_tooth1) {transformation: [-0.9863f,0.0862f,-0.1408f,0.7294f,0.0235f,0.9175f,0.3971f,3.1581f,0.1634f,0.3883f,-0.9069f,4.3757f,0f,0f,0f,1f],start_interpolation: 0,interpolation_duration: 1}
$data merge entity $(bone_upper_right_tooth1) {transformation: [-0.9863f,0.0862f,-0.1408f,0.0649f,0.0235f,0.9175f,0.3971f,3.1739f,0.1634f,0.3883f,-0.9069f,4.4858f,0f,0f,0f,1f],start_interpolation: 0,interpolation_duration: 1}
$data merge entity $(bone_top_lip1) {transformation: [-0.9863f,0.0329f,-0.1618f,0.4355f,0.0235f,0.998f,0.0593f,3.2787f,0.1634f,0.0547f,-0.985f,4.4741f,0f,0f,0f,1f],start_interpolation: 0,interpolation_duration: 1}
$data merge entity $(bone_muzzle1) {transformation: [-0.9863f,0.0862f,-0.1408f,0.371f,0.0235f,0.9175f,0.3971f,3.6562f,0.1634f,0.3883f,-0.9069f,4.0303f,0f,0f,0f,1f],start_interpolation: 0,interpolation_duration: 1}
$data merge entity $(bone_jaw_right_tooth1) {transformation: [-0.9863f,-0.0245f,-0.1633f,0.0697f,0.0235f,0.9581f,-0.2856f,3.202f,0.1634f,-0.2855f,-0.9443f,4.5109f,0f,0f,0f,1f],start_interpolation: 0,interpolation_duration: 1}
$data merge entity $(bone_jaw_left_tooth1) {transformation: [-0.9863f,-0.0245f,-0.1633f,0.7897f,0.0235f,0.9581f,-0.2856f,3.1848f,0.1634f,-0.2855f,-0.9443f,4.3917f,0f,0f,0f,1f],start_interpolation: 0,interpolation_duration: 1}
$data merge entity $(bone_tongue1) {transformation: [-0.9863f,0.0468f,-0.1583f,0.3021f,0.0235f,0.989f,0.1461f,3.3027f,0.1634f,0.1403f,-0.9765f,3.6655f,0f,0f,0f,1f],start_interpolation: 0,interpolation_duration: 1}
$data merge entity $(bone_jaw_lips1) {transformation: [-0.9863f,0.0468f,-0.1583f,0.4937f,0.0235f,0.989f,0.1461f,3.0424f,0.1634f,0.1403f,-0.9765f,4.5155f,0f,0f,0f,1f],start_interpolation: 0,interpolation_duration: 1}
$data merge entity $(bone_jaw3) {transformation: [-0.9863f,0.0043f,-0.165f,0.345f,0.0235f,0.9931f,-0.1149f,2.8555f,0.1634f,-0.1172f,-0.9796f,3.6453f,0f,0f,0f,1f],start_interpolation: 0,interpolation_duration: 1}
$data merge entity $(bone_jaw1) {transformation: [-0.9863f,0.1197f,-0.1137f,0.2429f,0.0235f,0.7835f,0.621f,3.4135f,0.1634f,0.6098f,-0.7755f,2.9486f,0f,0f,0f,1f],start_interpolation: 0,interpolation_duration: 1}
$data merge entity $(bone_tear_right1) {transformation: [-0.9863f,0.0981f,-0.1327f,-0.2306f,0.0235f,0.8794f,0.4755f,3.7519f,0.1634f,0.4659f,-0.8696f,4.0969f,0f,0f,0f,1f],start_interpolation: 0,interpolation_duration: 1}
$data merge entity $(bone_right_pupil1) {transformation: [-0.9863f,0.0981f,-0.1327f,-0.0279f,0.0235f,0.8794f,0.4755f,3.8143f,0.1634f,0.4659f,-0.8696f,4.1776f,0f,0f,0f,1f],start_interpolation: 0,interpolation_duration: 1}
$data merge entity $(bone_right_sad_pupil1) {transformation: [-0.9863f,0.0981f,-0.1327f,-0.0294f,0.0235f,0.8794f,0.4755f,3.8196f,0.1634f,0.4659f,-0.8696f,4.1678f,0f,0f,0f,1f],start_interpolation: 0,interpolation_duration: 1}
$data merge entity $(bone_right_happy_pupil1) {transformation: [-0.9863f,0.0981f,-0.1327f,-0.0598f,0.0235f,0.8794f,0.4755f,3.7956f,0.1634f,0.4659f,-0.8696f,4.1593f,0f,0f,0f,1f],start_interpolation: 0,interpolation_duration: 1}
$data merge entity $(bone_eyelid_right1) {transformation: [-0.9863f,0.0981f,-0.1327f,0.317f,0.0235f,0.8794f,0.4755f,4.0271f,0.1634f,0.4659f,-0.8696f,3.5827f,0f,0f,0f,1f],start_interpolation: 0,interpolation_duration: 1}
$data merge entity $(bone_eyelid_expressions_right5) {transformation: [-0.9863f,0.0981f,-0.1327f,-0.1457f,0.0235f,0.8794f,0.4755f,3.9214f,0.1634f,0.4659f,-0.8696f,4.2412f,0f,0f,0f,1f],start_interpolation: 0,interpolation_duration: 1}
$data merge entity $(bone_eyelid_expressions_right7) {transformation: [-0.9863f,0.0981f,-0.1327f,0.1866f,0.0235f,0.8794f,0.4755f,3.9135f,0.1634f,0.4659f,-0.8696f,4.1862f,0f,0f,0f,1f],start_interpolation: 0,interpolation_duration: 1}
$data merge entity $(bone_eyelid_expressions_right6) {transformation: [-0.9863f,0.0981f,-0.1327f,0.0758f,0.0235f,0.8794f,0.4755f,3.9161f,0.1634f,0.4659f,-0.8696f,4.2045f,0f,0f,0f,1f],start_interpolation: 0,interpolation_duration: 1}
$data merge entity $(bone_right_eye1) {transformation: [-0.9863f,0.0981f,-0.1327f,0.3075f,0.0235f,0.8794f,0.4755f,4.022f,0.1634f,0.4659f,-0.8696f,3.5943f,0f,0f,0f,1f],start_interpolation: 0,interpolation_duration: 1}
$data merge entity $(bone_tear_left1) {transformation: [-0.9863f,0.0981f,-0.1327f,0.9657f,0.0235f,0.8794f,0.4755f,3.7234f,0.1634f,0.4659f,-0.8696f,3.8988f,0f,0f,0f,1f],start_interpolation: 0,interpolation_duration: 1}
$data merge entity $(bone_left_sad_pupil1) {transformation: [-0.9863f,0.0981f,-0.1327f,0.8014f,0.0235f,0.8794f,0.4755f,3.7998f,0.1634f,0.4659f,-0.8696f,4.0302f,0f,0f,0f,1f],start_interpolation: 0,interpolation_duration: 1}
$data merge entity $(bone_left_pupil1) {transformation: [-0.9863f,0.0981f,-0.1327f,0.8029f,0.0235f,0.8794f,0.4755f,3.7945f,0.1634f,0.4659f,-0.8696f,4.04f,0f,0f,0f,1f],start_interpolation: 0,interpolation_duration: 1}
$data merge entity $(bone_eyelid_left1) {transformation: [-0.9863f,0.0981f,-0.1327f,0.2949f,0.0235f,0.8794f,0.4755f,4.0276f,0.1634f,0.4659f,-0.8696f,3.5864f,0f,0f,0f,1f],start_interpolation: 0,interpolation_duration: 1}
$data merge entity $(bone_left_happy_pupil1) {transformation: [-0.9863f,0.0981f,-0.1327f,0.8263f,0.0235f,0.8794f,0.4755f,3.7744f,0.1634f,0.4659f,-0.8696f,4.0125f,0f,0f,0f,1f],start_interpolation: 0,interpolation_duration: 1}
$data merge entity $(bone_eyelid_expressions_left5) {transformation: [-0.9863f,0.0981f,-0.1327f,0.9398f,0.0235f,0.8794f,0.4755f,3.8955f,0.1634f,0.4659f,-0.8696f,4.0614f,0f,0f,0f,1f],start_interpolation: 0,interpolation_duration: 1}
$data merge entity $(bone_eyelid_expressions_left7) {transformation: [-0.9863f,0.0981f,-0.1327f,0.6075f,0.0235f,0.8794f,0.4755f,3.9034f,0.1634f,0.4659f,-0.8696f,4.1165f,0f,0f,0f,1f],start_interpolation: 0,interpolation_duration: 1}
$data merge entity $(bone_eyelid_expressions_left6) {transformation: [-0.9863f,0.0981f,-0.1327f,0.7182f,0.0235f,0.8794f,0.4755f,3.9008f,0.1634f,0.4659f,-0.8696f,4.0981f,0f,0f,0f,1f],start_interpolation: 0,interpolation_duration: 1}
$data merge entity $(bone_left_eye1) {transformation: [-0.9863f,0.0981f,-0.1327f,0.3075f,0.0235f,0.8794f,0.4755f,4.022f,0.1634f,0.4659f,-0.8696f,3.5943f,0f,0f,0f,1f],start_interpolation: 0,interpolation_duration: 1}
$data merge entity $(bone_crest_middle5) {transformation: [-0.9863f,0.0671f,-0.1508f,0.5067f,0.0235f,0.9615f,0.2739f,5.0139f,0.1634f,0.2666f,-0.9499f,4.6544f,0f,0f,0f,1f],start_interpolation: 0,interpolation_duration: 1}
$data merge entity $(bone_crest_middle4) {transformation: [-0.9863f,0.0671f,-0.1508f,0.4615f,0.0235f,0.9615f,0.2739f,4.366f,0.1634f,0.2666f,-0.9499f,4.4748f,0f,0f,0f,1f],start_interpolation: 0,interpolation_duration: 1}
$data merge entity $(bone_crest_middle1) {transformation: [-0.9863f,0.0671f,-0.1508f,0.4403f,0.0235f,0.9615f,0.2739f,3.857f,0.1634f,0.2666f,-0.9499f,4.4201f,0f,0f,0f,1f],start_interpolation: 0,interpolation_duration: 1}
$data merge entity $(bone_crest_left5) {transformation: [-0.6127f,-0.7897f,-0.0299f,-0.6324f,-0.729f,0.5502f,0.4072f,4.4289f,-0.3051f,0.2713f,-0.9129f,4.6221f,0f,0f,0f,1f],start_interpolation: 0,interpolation_duration: 1}
$data merge entity $(bone_crest_left4) {transformation: [-0.6127f,-0.7897f,-0.0299f,-0.189f,-0.729f,0.5502f,0.4072f,4.1199f,-0.3051f,0.2713f,-0.9129f,4.4698f,0f,0f,0f,1f],start_interpolation: 0,interpolation_duration: 1}
$data merge entity $(bone_crest_left1) {transformation: [-0.6127f,-0.7897f,-0.0299f,0.2972f,-0.729f,0.5502f,0.4072f,3.803f,-0.3051f,0.2713f,-0.9129f,4.2509f,0f,0f,0f,1f],start_interpolation: 0,interpolation_duration: 1}
$data merge entity $(bone_crest_center1) {transformation: [-0.9863f,0.0981f,-0.1327f,0.4052f,0.0235f,0.8794f,0.4755f,3.7756f,0.1634f,0.4659f,-0.8696f,4.2195f,0f,0f,0f,1f],start_interpolation: 0,interpolation_duration: 1}
$data merge entity $(bone_crest_right5) {transformation: [-0.4472f,0.8597f,-0.2471f,1.5463f,0.7543f,0.5109f,0.4124f,4.3769f,0.4807f,-0.002f,-0.8769f,4.2612f,0f,0f,0f,1f],start_interpolation: 0,interpolation_duration: 1}
$data merge entity $(bone_crest_right4) {transformation: [-0.4472f,0.8597f,-0.2471f,1.0635f,0.7543f,0.5109f,0.4124f,4.0901f,0.4807f,-0.002f,-0.8769f,4.2623f,0f,0f,0f,1f],start_interpolation: 0,interpolation_duration: 1}
$data merge entity $(bone_crest_right1) {transformation: [-0.4472f,0.8597f,-0.2471f,0.5187f,0.7543f,0.5109f,0.4124f,3.7977f,0.4807f,-0.002f,-0.8769f,4.2142f,0f,0f,0f,1f],start_interpolation: 0,interpolation_duration: 1}
$data merge entity $(bone_head1) {transformation: [-1.0338f,0.1029f,-0.1391f,0.22f,0.0246f,0.9218f,0.4984f,4.2663f,0.1713f,0.4883f,-0.9115f,3.031f,0f,0f,0f,1f],start_interpolation: 0,interpolation_duration: 1}
$data merge entity $(bone_neck10) {transformation: [-1.4959f,0.0606f,-0.0294f,0.1808f,0.0573f,1.4885f,0.153f,3.9288f,0.0354f,0.1518f,-1.4893f,1.9243f,0f,0f,0f,1f],start_interpolation: 0,interpolation_duration: 1}
$data merge entity $(bone_neck9) {transformation: [-1.1443f,0.0461f,0.0231f,0.1294f,0.0438f,0.6003f,0.9746f,3.2744f,0.0271f,0.9745f,-0.6014f,0.8126f,0f,0f,0f,1f],start_interpolation: 0,interpolation_duration: 1}
$data merge entity $(bone_neck8) {transformation: [-1.0621f,0.0384f,0.0286f,0.0924f,0.0407f,0.3903f,0.9881f,2.9349f,0.0252f,0.9882f,-0.3914f,-0.1997f,0f,0f,0f,1f],start_interpolation: 0,interpolation_duration: 1}
$data merge entity $(bone_neck7) {transformation: [-1.0545f,-0.0372f,0.0322f,0.13f,0.0211f,0.2841f,1.0165f,2.6477f,-0.0445f,1.016f,-0.2831f,-1.2265f,0f,0f,0f,1f],start_interpolation: 0,interpolation_duration: 1}
$data merge entity $(bone_neck6) {transformation: [-1.0298f,-0.1824f,0.0899f,0.2988f,0.0914f,-0.0009f,1.0457f,2.6641f,-0.1816f,1.0337f,0.0167f,-2.1755f,0f,0f,0f,1f],start_interpolation: 0,interpolation_duration: 1}
$data merge entity $(bone_neck_spine6) {transformation: [-1.272f,0.0342f,0.0298f,0.8998f,0.037f,0.2954f,1.2375f,3.1531f,0.0263f,1.2376f,-0.2962f,-5.9254f,0f,0f,0f,1f],start_interpolation: 0,interpolation_duration: 1}
$data merge entity $(bone_neck_spine7) {transformation: [-0.9734f,0.2271f,0.0302f,0.582f,0.015f,-0.0686f,0.9975f,3.1951f,0.2287f,0.9714f,0.0633f,-9.186f,0f,0f,0f,1f],start_interpolation: 0,interpolation_duration: 1}
$data merge entity $(bone_tail6) {transformation: [-1.5628f,0.723f,-0.009f,-0.6964f,-0.1449f,-0.292f,1.6909f,4.2422f,0.7084f,1.5353f,0.3259f,-12.6732f,0f,0f,0f,1f],start_interpolation: 0,interpolation_duration: 1}
$data merge entity $(bone_tail5) {transformation: [-1.291f,0.5895f,0.0964f,-0.3241f,-0.1197f,-0.4801f,1.3337f,3.939f,0.5852f,1.2023f,0.4853f,-11.9139f,0f,0f,0f,1f],start_interpolation: 0,interpolation_duration: 1}
$data merge entity $(bone_tail4) {transformation: [-0.9426f,0.4452f,0.1088f,-0.1332f,-0.076f,-0.3973f,0.967f,3.7687f,0.452f,0.8617f,0.3896f,-11.5446f,0f,0f,0f,1f],start_interpolation: 0,interpolation_duration: 1}
$data merge entity $(bone_segment18) {transformation: [-0.9471f,0.3038f,0.1038f,0.0373f,-0.0224f,-0.3852f,0.9225f,3.5524f,0.3202f,0.8714f,0.3717f,-11.0553f,0f,0f,0f,1f],start_interpolation: 0,interpolation_duration: 1}
$data merge entity $(bone_segment17) {transformation: [-0.9541f,0.2789f,0.109f,0.2409f,-0.0127f,-0.4013f,0.9158f,3.2594f,0.2991f,0.8725f,0.3864f,-10.4184f,0f,0f,0f,1f],start_interpolation: 0,interpolation_duration: 1}
$data merge entity $(bone_segment16) {transformation: [-0.9606f,0.2537f,0.1137f,0.4831f,-0.0025f,-0.4171f,0.9089f,2.8613f,0.278f,0.8728f,0.4013f,-9.5853f,0f,0f,0f,1f],start_interpolation: 0,interpolation_duration: 1}
$data merge entity $(bone_segment15) {transformation: [-0.9734f,0.2116f,0.088f,0.7326f,0.015f,-0.3244f,0.9458f,2.4788f,0.2287f,0.9219f,0.3126f,-8.4981f,0f,0f,0f,1f],start_interpolation: 0,interpolation_duration: 1}
$data merge entity $(bone_segment14) {transformation: [-1.0421f,0.1009f,0.0503f,0.8461f,0.0354f,-0.1505f,1.0367f,2.3095f,0.107f,1.0324f,0.1462f,-7.3367f,0f,0f,0f,1f],start_interpolation: 0,interpolation_duration: 1}
$data merge entity $(bone_segment13) {transformation: [-1.0251f,0.023f,0.0284f,0.873f,0.0298f,0.0613f,1.0235f,2.3553f,0.0212f,1.0236f,-0.0619f,-6.1021f,0f,0f,0f,1f],start_interpolation: 0,interpolation_duration: 1}
$data merge entity $(bone_segment12) {transformation: [-1.1087f,-0.1203f,0.0287f,0.7276f,0.0109f,0.1633f,1.1035f,2.5526f,-0.1232f,1.097f,-0.1611f,-4.777f,0f,0f,0f,1f],start_interpolation: 0,interpolation_duration: 1}
$data merge entity $(bone_segment11) {transformation: [-1.1703f,-0.2165f,0.0264f,0.4775f,0.0016f,0.1355f,1.1827f,2.7091f,-0.2181f,1.1627f,-0.1329f,-3.4332f,0f,0f,0f,1f],start_interpolation: 0,interpolation_duration: 1}
$data merge entity $(bone_segment10) {transformation: [-1.0378f,-0.1473f,-0.0045f,0.2914f,0f,-0.0321f,1.0477f,2.6842f,-0.1474f,1.0373f,0.0318f,-2.1235f,0f,0f,0f,1f],start_interpolation: 0,interpolation_duration: 1}
data modify entity @s data merge value {"cameras":{},"locators":{"mouth":{"px":0.537844034465699,"py":2.994608486562207,"pz":5.1328199415729205,"ry":168.10367002453185,"rx":61.56974550259947}}}
function animated_java:gyarados/animations/water_idle/zzz/frames/on_tick/transform_floating_entities