# This file was generated by Animated Java via MC-Build. It is not recommended to edit this file directly.
$data merge entity $(bone_neck_spine5) {transformation: [-1.5711f,0.0601f,-0.0095f,0.2239f,0.0364f,1.1254f,1.0973f,3.904f,0.0487f,1.0963f,-1.126f,0.5203f,0f,0f,0f,1f],start_interpolation: 0,interpolation_duration: 1}
$data merge entity $(bone_neck_spine2) {transformation: [-1.4963f,0.0341f,-0.0468f,0.2003f,0.0347f,1.4969f,-0.0189f,4.9083f,0.0464f,-0.02f,-1.4965f,2.6333f,0f,0f,0f,1f],start_interpolation: 0,interpolation_duration: 1}
$data merge entity $(bone_scale_neck_left1) {transformation: [-1.5785f,0.4673f,0.0563f,0.9643f,0.4601f,1.4903f,0.5294f,3.9882f,0.0993f,0.523f,-1.5587f,2.5872f,0f,0f,0f,1f],start_interpolation: 0,interpolation_duration: 1}
$data merge entity $(bone_scale_neck_right1) {transformation: [-1.6012f,-0.3645f,-0.1281f,-0.6068f,-0.3864f,1.5096f,0.5337f,4.0246f,-0.0007f,0.5488f,-1.553f,2.636f,0f,0f,0f,1f],start_interpolation: 0,interpolation_duration: 1}
$data merge entity $(bone_blush_right1) {transformation: [-0.9875f,0.0821f,-0.1348f,-0.3538f,0.0079f,0.8788f,0.4771f,3.3573f,0.1576f,0.4701f,-0.8684f,3.8534f,0f,0f,0f,1f],start_interpolation: 0,interpolation_duration: 1}
$data merge entity $(bone_blush_left1) {transformation: [-0.9875f,0.0821f,-0.1348f,0.9548f,0.0079f,0.8788f,0.4771f,3.3468f,0.1576f,0.4701f,-0.8684f,3.6445f,0f,0f,0f,1f],start_interpolation: 0,interpolation_duration: 1}
$data merge entity $(bone_left_head_scales) {transformation: [-0.8137f,0.0821f,-0.5755f,0.9728f,-0.2133f,0.8788f,0.4268f,4.1758f,0.5408f,0.4701f,-0.6976f,3.6446f,0f,0f,0f,1f],start_interpolation: 0,interpolation_duration: 1}
$data merge entity $(bone_left_head_scales2) {transformation: [-0.7316f,0.0821f,-0.6768f,0.9218f,-0.2672f,0.8788f,0.3954f,3.3059f,0.6272f,0.4701f,-0.621f,3.3685f,0f,0f,0f,1f],start_interpolation: 0,interpolation_duration: 1}
$data merge entity $(bone_left_head_scales1) {transformation: [-0.9875f,0.0821f,-0.1348f,0.9636f,0.0079f,0.8788f,0.4771f,4.0771f,0.1576f,0.4701f,-0.8684f,3.5918f,0f,0f,0f,1f],start_interpolation: 0,interpolation_duration: 1}
$data merge entity $(bone_right_head_scales) {transformation: [-0.9381f,0.0821f,0.3364f,-0.3579f,0.2273f,0.8788f,0.4196f,4.1865f,-0.2612f,0.4701f,-0.8431f,3.8569f,0f,0f,0f,1f],start_interpolation: 0,interpolation_duration: 1}
$data merge entity $(bone_right_head_scales2) {transformation: [-0.8862f,0.0821f,0.456f,-0.409f,0.2801f,0.8788f,0.3863f,3.3165f,-0.369f,0.4701f,-0.8018f,3.5809f,0f,0f,0f,1f],start_interpolation: 0,interpolation_duration: 1}
$data merge entity $(bone_right_head_scales1) {transformation: [-0.9875f,0.0821f,-0.1348f,-0.3672f,0.0079f,0.8788f,0.4771f,4.0878f,0.1576f,0.4701f,-0.8684f,3.8042f,0f,0f,0f,1f],start_interpolation: 0,interpolation_duration: 1}
$data merge entity $(bone_head_left_fin1) {transformation: [-0.3594f,0.1854f,-0.967f,0.9177f,-0.1759f,1.0008f,0.2572f,3.7472f,0.9688f,0.2505f,-0.3121f,3.3206f,0f,0f,0f,1f],start_interpolation: 0,interpolation_duration: 1}
$data merge entity $(bone_head_right_fin1) {transformation: [-0.6403f,-0.0825f,0.8257f,-0.4131f,0.1839f,1.0029f,0.2429f,3.7578f,-0.8092f,0.2933f,-0.5982f,3.533f,0f,0f,0f,1f],start_interpolation: 0,interpolation_duration: 1}
$data merge entity $(bone_right_whisker16) {transformation: [-0.0891f,-0.1811f,0.9794f,-1.1388f,0.9621f,-0.2702f,0.0376f,2.8072f,0.2578f,0.9456f,0.1983f,1.5626f,0f,0f,0f,1f],start_interpolation: 0,interpolation_duration: 1}
$data merge entity $(bone_right_whisker15) {transformation: [0.2784f,-0.133f,0.9512f,-1.2326f,0.5105f,0.8593f,-0.0293f,2.6352f,-0.8135f,0.4938f,0.3071f,1.8367f,0f,0f,0f,1f],start_interpolation: 0,interpolation_duration: 1}
$data merge entity $(bone_right_whisker14) {transformation: [0.5204f,-0.2604f,0.8132f,-1.4079f,-0.1167f,0.9217f,0.3699f,2.6745f,-0.8459f,-0.2874f,0.4493f,2.1217f,0f,0f,0f,1f],start_interpolation: 0,interpolation_duration: 1}
$data merge entity $(bone_right_whisker13) {transformation: [0.0234f,-0.3343f,0.9422f,-1.4158f,0.3352f,0.8905f,0.3077f,2.5616f,-0.9418f,0.3087f,0.1329f,2.439f,0f,0f,0f,1f],start_interpolation: 0,interpolation_duration: 1}
$data merge entity $(bone_right_whisker12) {transformation: [-0.6026f,-0.3062f,0.737f,-1.1451f,-0.2198f,0.9514f,0.2156f,2.6603f,-0.7672f,-0.0321f,-0.6406f,2.7837f,0f,0f,0f,1f],start_interpolation: 0,interpolation_duration: 1}
$data merge entity $(bone_right_whisker11) {transformation: [-0.9589f,-0.1685f,0.2283f,-0.7144f,-0.1307f,0.9765f,0.1716f,2.719f,-0.2518f,0.1347f,-0.9583f,2.8968f,0f,0f,0f,1f],start_interpolation: 0,interpolation_duration: 1}
$data merge entity $(bone_right_whisker10) {transformation: [-0.6023f,-0.5579f,0.5709f,-0.4438f,-0.3919f,0.8297f,0.3975f,2.895f,-0.6955f,0.0157f,-0.7184f,3.2092f,0f,0f,0f,1f],start_interpolation: 0,interpolation_duration: 1}
$data merge entity $(bone_right_whisker1) {transformation: [-0.0712f,-0.6661f,0.7425f,-0.4118f,-0.5892f,0.6287f,0.5075f,3.1597f,-0.8049f,-0.4013f,-0.4372f,3.5708f,0f,0f,0f,1f],start_interpolation: 0,interpolation_duration: 1}
$data merge entity $(bone_left_whisker16) {transformation: [-0.18f,0.4622f,-0.8683f,0.9792f,-0.9599f,-0.2754f,0.0524f,2.7903f,-0.2149f,0.843f,0.4932f,1.2246f,0f,0f,0f,1f],start_interpolation: 0,interpolation_duration: 1}
$data merge entity $(bone_left_whisker15) {transformation: [0.5098f,0.2935f,-0.8087f,1.1509f,-0.5169f,0.8559f,-0.0152f,2.6161f,0.6877f,0.4257f,0.588f,1.4563f,0f,0f,0f,1f],start_interpolation: 0,interpolation_duration: 1}
$data merge entity $(bone_left_whisker14) {transformation: [0.7596f,0.1724f,-0.6271f,1.4068f,0.1064f,0.9183f,0.3814f,2.652f,0.6416f,-0.3565f,0.6792f,1.6725f,0f,0f,0f,1f],start_interpolation: 0,interpolation_duration: 1}
$data merge entity $(bone_left_whisker13) {transformation: [0.3101f,0.4276f,-0.8491f,1.5113f,-0.3379f,0.8844f,0.322f,2.5381f,0.8886f,0.1871f,0.4188f,1.9719f,0f,0f,0f,1f],start_interpolation: 0,interpolation_duration: 1}
$data merge entity $(bone_left_whisker12) {transformation: [-0.3303f,0.2958f,-0.8963f,1.3629f,0.2272f,0.9466f,0.2286f,2.6402f,0.9161f,-0.1282f,-0.3799f,2.3834f,0f,0f,0f,1f],start_interpolation: 0,interpolation_duration: 1}
$data merge entity $(bone_left_whisker11) {transformation: [-0.8307f,0.2173f,-0.5125f,0.9897f,0.145f,0.9734f,0.1776f,2.7054f,0.5375f,0.0732f,-0.8401f,2.6248f,0f,0f,0f,1f],start_interpolation: 0,interpolation_duration: 1}
$data merge entity $(bone_left_whisker10) {transformation: [-0.3497f,0.548f,-0.7599f,0.8327f,0.3995f,0.8209f,0.4081f,2.8848f,0.8474f,-0.1608f,-0.506f,3.0055f,0f,0f,0f,1f],start_interpolation: 0,interpolation_duration: 1}
$data merge entity $(bone_left_whisker1) {transformation: [0.1921f,0.5178f,-0.8337f,0.9189f,0.5882f,0.6192f,0.5202f,3.149f,0.7856f,-0.5903f,-0.1856f,3.3584f,0f,0f,0f,1f],start_interpolation: 0,interpolation_duration: 1}
$data merge entity $(bone_upper_left_tooth1) {transformation: [-0.9875f,0.07f,-0.1414f,0.7148f,0.0079f,0.917f,0.3987f,3.0737f,0.1576f,0.3926f,-0.9061f,4.3991f,0f,0f,0f,1f],start_interpolation: 0,interpolation_duration: 1}
$data merge entity $(bone_upper_right_tooth1) {transformation: [-0.9875f,0.07f,-0.1414f,0.0494f,0.0079f,0.917f,0.3987f,3.079f,0.1576f,0.3926f,-0.9061f,4.5053f,0f,0f,0f,1f],start_interpolation: 0,interpolation_duration: 1}
$data merge entity $(bone_top_lip1) {transformation: [-0.9875f,0.0174f,-0.1568f,0.4185f,0.0079f,0.9981f,0.061f,3.1894f,0.1576f,0.059f,-0.9857f,4.4963f,0f,0f,0f,1f],start_interpolation: 0,interpolation_duration: 1}
$data merge entity $(bone_muzzle1) {transformation: [-0.9875f,0.07f,-0.1414f,0.3509f,0.0079f,0.917f,0.3987f,3.5678f,0.1576f,0.3926f,-0.9061f,4.0536f,0f,0f,0f,1f],start_interpolation: 0,interpolation_duration: 1}
$data merge entity $(bone_jaw_right_tooth1) {transformation: [-0.9875f,-0.0373f,-0.1533f,0.0537f,0.0079f,0.9588f,-0.284f,3.1071f,0.1576f,-0.2817f,-0.9465f,4.5306f,0f,0f,0f,1f],start_interpolation: 0,interpolation_duration: 1}
$data merge entity $(bone_jaw_left_tooth1) {transformation: [-0.9875f,-0.0373f,-0.1533f,0.7745f,0.0079f,0.9588f,-0.284f,3.1013f,0.1576f,-0.2817f,-0.9465f,4.4155f,0f,0f,0f,1f],start_interpolation: 0,interpolation_duration: 1}
$data merge entity $(bone_tongue1) {transformation: [-0.9875f,0.031f,-0.1547f,0.2895f,0.0079f,0.989f,0.1478f,3.2148f,0.1576f,0.1447f,-0.9768f,3.687f,0f,0f,0f,1f],start_interpolation: 0,interpolation_duration: 1}
$data merge entity $(bone_jaw_lips1) {transformation: [-0.9875f,0.031f,-0.1547f,0.48f,0.0079f,0.989f,0.1478f,2.9539f,0.1576f,0.1447f,-0.9768f,4.5371f,0f,0f,0f,1f],start_interpolation: 0,interpolation_duration: 1}
$data merge entity $(bone_jaw3) {transformation: [-0.9875f,-0.0101f,-0.1575f,0.3393f,0.0079f,0.9935f,-0.1132f,2.7685f,0.1576f,-0.1131f,-0.981f,3.6652f,0f,0f,0f,1f],start_interpolation: 0,interpolation_duration: 1}
$data merge entity $(bone_jaw1) {transformation: [-0.9875f,0.1042f,-0.1185f,0.2329f,0.0079f,0.7826f,0.6225f,3.3277f,0.1576f,0.6137f,-0.7736f,2.9702f,0f,0f,0f,1f],start_interpolation: 0,interpolation_duration: 1}
$data merge entity $(bone_tear_right1) {transformation: [-0.9875f,0.0821f,-0.1348f,-0.2525f,0.0079f,0.8788f,0.4771f,3.6541f,0.1576f,0.4701f,-0.8684f,4.1171f,0f,0f,0f,1f],start_interpolation: 0,interpolation_duration: 1}
$data merge entity $(bone_right_pupil1) {transformation: [-0.9875f,0.0821f,-0.1348f,-0.0512f,0.0079f,0.8788f,0.4771f,3.7192f,0.1576f,0.4701f,-0.8684f,4.1992f,0f,0f,0f,1f],start_interpolation: 0,interpolation_duration: 1}
$data merge entity $(bone_right_sad_pupil1) {transformation: [-0.9875f,0.0821f,-0.1348f,-0.0527f,0.0079f,0.8788f,0.4771f,3.7245f,0.1576f,0.4701f,-0.8684f,4.1894f,0f,0f,0f,1f],start_interpolation: 0,interpolation_duration: 1}
$data merge entity $(bone_right_happy_pupil1) {transformation: [-0.9875f,0.0821f,-0.1348f,-0.0827f,0.0079f,0.8788f,0.4771f,3.7001f,0.1576f,0.4701f,-0.8684f,4.1807f,0f,0f,0f,1f],start_interpolation: 0,interpolation_duration: 1}
$data merge entity $(bone_eyelid_right1) {transformation: [-0.9875f,0.0821f,-0.1348f,0.294f,0.0079f,0.8788f,0.4771f,3.9397f,0.1576f,0.4701f,-0.8684f,3.6072f,0f,0f,0f,1f],start_interpolation: 0,interpolation_duration: 1}
$data merge entity $(bone_eyelid_expressions_right5) {transformation: [-0.9875f,0.0821f,-0.1348f,-0.171f,0.0079f,0.8788f,0.4771f,3.8242f,0.1576f,0.4701f,-0.8684f,4.2626f,0f,0f,0f,1f],start_interpolation: 0,interpolation_duration: 1}
$data merge entity $(bone_eyelid_expressions_right7) {transformation: [-0.9875f,0.0821f,-0.1348f,0.1617f,0.0079f,0.8788f,0.4771f,3.8216f,0.1576f,0.4701f,-0.8684f,4.2095f,0f,0f,0f,1f],start_interpolation: 0,interpolation_duration: 1}
$data merge entity $(bone_eyelid_expressions_right6) {transformation: [-0.9875f,0.0821f,-0.1348f,0.0508f,0.0079f,0.8788f,0.4771f,3.8225f,0.1576f,0.4701f,-0.8684f,4.2272f,0f,0f,0f,1f],start_interpolation: 0,interpolation_duration: 1}
$data merge entity $(bone_right_eye1) {transformation: [-0.9875f,0.0821f,-0.1348f,0.2844f,0.0079f,0.8788f,0.4771f,3.9344f,0.1576f,0.4701f,-0.8684f,3.6188f,0f,0f,0f,1f],start_interpolation: 0,interpolation_duration: 1}
$data merge entity $(bone_tear_left1) {transformation: [-0.9875f,0.0821f,-0.1348f,0.9452f,0.0079f,0.8788f,0.4771f,3.6445f,0.1576f,0.4701f,-0.8684f,3.9259f,0f,0f,0f,1f],start_interpolation: 0,interpolation_duration: 1}
$data merge entity $(bone_left_sad_pupil1) {transformation: [-0.9875f,0.0821f,-0.1348f,0.779f,0.0079f,0.8788f,0.4771f,3.7179f,0.1576f,0.4701f,-0.8684f,4.0567f,0f,0f,0f,1f],start_interpolation: 0,interpolation_duration: 1}
$data merge entity $(bone_left_pupil1) {transformation: [-0.9875f,0.0821f,-0.1348f,0.7806f,0.0079f,0.8788f,0.4771f,3.7125f,0.1576f,0.4701f,-0.8684f,4.0664f,0f,0f,0f,1f],start_interpolation: 0,interpolation_duration: 1}
$data merge entity $(bone_eyelid_left1) {transformation: [-0.9875f,0.0821f,-0.1348f,0.2718f,0.0079f,0.8788f,0.4771f,3.9398f,0.1576f,0.4701f,-0.8684f,3.6108f,0f,0f,0f,1f],start_interpolation: 0,interpolation_duration: 1}
$data merge entity $(bone_left_happy_pupil1) {transformation: [-0.9875f,0.0821f,-0.1348f,0.8045f,0.0079f,0.8788f,0.4771f,3.693f,0.1576f,0.4701f,-0.8684f,4.0391f,0f,0f,0f,1f],start_interpolation: 0,interpolation_duration: 1}
$data merge entity $(bone_eyelid_expressions_left5) {transformation: [-0.9875f,0.0821f,-0.1348f,0.9158f,0.0079f,0.8788f,0.4771f,3.8155f,0.1576f,0.4701f,-0.8684f,4.0891f,0f,0f,0f,1f],start_interpolation: 0,interpolation_duration: 1}
$data merge entity $(bone_eyelid_expressions_left7) {transformation: [-0.9875f,0.0821f,-0.1348f,0.5831f,0.0079f,0.8788f,0.4771f,3.8182f,0.1576f,0.4701f,-0.8684f,4.1422f,0f,0f,0f,1f],start_interpolation: 0,interpolation_duration: 1}
$data merge entity $(bone_eyelid_expressions_left6) {transformation: [-0.9875f,0.0821f,-0.1348f,0.694f,0.0079f,0.8788f,0.4771f,3.8173f,0.1576f,0.4701f,-0.8684f,4.1245f,0f,0f,0f,1f],start_interpolation: 0,interpolation_duration: 1}
$data merge entity $(bone_left_eye1) {transformation: [-0.9875f,0.0821f,-0.1348f,0.2844f,0.0079f,0.8788f,0.4771f,3.9344f,0.1576f,0.4701f,-0.8684f,3.6188f,0f,0f,0f,1f],start_interpolation: 0,interpolation_duration: 1}
$data merge entity $(bone_crest_middle5) {transformation: [-0.9875f,0.0509f,-0.1493f,0.4624f,0.0079f,0.9612f,0.2756f,4.9247f,0.1576f,0.271f,-0.9496f,4.6842f,0f,0f,0f,1f],start_interpolation: 0,interpolation_duration: 1}
$data merge entity $(bone_crest_middle4) {transformation: [-0.9875f,0.0509f,-0.1493f,0.428f,0.0079f,0.9612f,0.2756f,4.277f,0.1576f,0.271f,-0.9496f,4.5016f,0f,0f,0f,1f],start_interpolation: 0,interpolation_duration: 1}
$data merge entity $(bone_crest_middle1) {transformation: [-0.9875f,0.0509f,-0.1493f,0.4149f,0.0079f,0.9612f,0.2756f,3.768f,0.1576f,0.271f,-0.9496f,4.4446f,0f,0f,0f,1f],start_interpolation: 0,interpolation_duration: 1}
$data merge entity $(bone_crest_left5) {transformation: [-0.5998f,-0.7996f,-0.0307f,-0.6676f,-0.7369f,0.537f,0.4105f,4.3227f,-0.3118f,0.2688f,-0.9113f,4.6426f,0f,0f,0f,1f],start_interpolation: 0,interpolation_duration: 1}
$data merge entity $(bone_crest_left4) {transformation: [-0.5998f,-0.7996f,-0.0307f,-0.2186f,-0.7369f,0.537f,0.4105f,4.0211f,-0.3118f,0.2688f,-0.9113f,4.4917f,0f,0f,0f,1f],start_interpolation: 0,interpolation_duration: 1}
$data merge entity $(bone_crest_left1) {transformation: [-0.5998f,-0.7996f,-0.0307f,0.2735f,-0.7369f,0.537f,0.4105f,3.7125f,-0.3118f,0.2688f,-0.9113f,4.2744f,0f,0f,0f,1f],start_interpolation: 0,interpolation_duration: 1}
$data merge entity $(bone_crest_center1) {transformation: [-0.9875f,0.0821f,-0.1348f,0.3821f,0.0079f,0.8788f,0.4771f,3.6869f,0.1576f,0.4701f,-0.8684f,4.2435f,0f,0f,0f,1f],start_interpolation: 0,interpolation_duration: 1}
$data merge entity $(bone_crest_right5) {transformation: [-0.4614f,0.8518f,-0.2481f,1.5137f,0.7454f,0.5238f,0.4123f,4.3052f,0.4811f,0.0053f,-0.8766f,4.2945f,0f,0f,0f,1f],start_interpolation: 0,interpolation_duration: 1}
$data merge entity $(bone_crest_right4) {transformation: [-0.4614f,0.8518f,-0.2481f,1.0354f,0.7454f,0.5238f,0.4123f,4.0111f,0.4811f,0.0053f,-0.8766f,4.2915f,0f,0f,0f,1f],start_interpolation: 0,interpolation_duration: 1}
$data merge entity $(bone_crest_right1) {transformation: [-0.4614f,0.8518f,-0.2481f,0.4953f,0.7454f,0.5238f,0.4123f,3.7107f,0.4811f,0.0053f,-0.8766f,4.239f,0f,0f,0f,1f],start_interpolation: 0,interpolation_duration: 1}
$data merge entity $(bone_head1) {transformation: [-1.035f,0.086f,-0.1413f,0.1965f,0.0083f,0.9211f,0.5001f,4.1797f,0.1652f,0.4927f,-0.9103f,3.056f,0f,0f,0f,1f],start_interpolation: 0,interpolation_duration: 1}
$data merge entity $(bone_neck10) {transformation: [-1.4963f,0.0399f,-0.042f,0.1546f,0.0347f,1.4865f,0.1766f,3.8596f,0.0464f,0.1755f,-1.4864f,1.9443f,0f,0f,0f,1f],start_interpolation: 0,interpolation_duration: 1}
$data merge entity $(bone_neck9) {transformation: [-1.1447f,0.0441f,0.0047f,0.1051f,0.0265f,0.5851f,0.9845f,3.2226f,0.0355f,0.9838f,-0.5857f,0.8225f,0f,0f,0f,1f],start_interpolation: 0,interpolation_duration: 1}
$data merge entity $(bone_neck8) {transformation: [-1.0624f,0.0395f,0.0116f,0.0661f,0.0246f,0.371f,0.996f,2.9029f,0.0329f,0.9955f,-0.3716f,-0.1962f,0f,0f,0f,1f],start_interpolation: 0,interpolation_duration: 1}
$data merge entity $(bone_neck7) {transformation: [-1.0549f,-0.0358f,0.0155f,0.1023f,0.0061f,0.264f,1.0221f,2.6361f,-0.0385f,1.0215f,-0.2636f,-1.2286f,0f,0f,0f,1f],start_interpolation: 0,interpolation_duration: 1}
$data merge entity $(bone_neck6) {transformation: [-1.0338f,-0.1681f,0.0701f,0.2576f,0.0745f,-0.0214f,1.0468f,2.6713f,-0.1662f,1.0359f,0.033f,-2.1793f,0f,0f,0f,1f],start_interpolation: 0,interpolation_duration: 1}
$data merge entity $(bone_neck_spine6) {transformation: [-1.272f,-0.0128f,0.0421f,0.8962f,0.0371f,0.3408f,1.2258f,3.1611f,-0.0236f,1.2263f,-0.3402f,-5.9476f,0f,0f,0f,1f],start_interpolation: 0,interpolation_duration: 1}
$data merge entity $(bone_neck_spine7) {transformation: [-0.9811f,0.1914f,0.027f,0.718f,0.0208f,-0.0348f,0.9992f,3.0743f,0.1922f,0.9809f,0.0302f,-9.2173f,0f,0f,0f,1f],start_interpolation: 0,interpolation_duration: 1}
$data merge entity $(bone_tail6) {transformation: [-1.5343f,0.7818f,-0.0042f,-0.6087f,-0.1902f,-0.3644f,1.6722f,4.1869f,0.7583f,1.4904f,0.4111f,-12.6287f,0f,0f,0f,1f],start_interpolation: 0,interpolation_duration: 1}
$data merge entity $(bone_tail5) {transformation: [-1.2675f,0.6366f,0.1088f,-0.2067f,-0.1572f,-0.5364f,1.3081f,3.8481f,0.6264f,1.1535f,0.5482f,-11.9002f,0f,0f,0f,1f],start_interpolation: 0,interpolation_duration: 1}
$data merge entity $(bone_tail4) {transformation: [-0.9246f,0.4792f,0.1192f,-0.0013f,-0.1046f,-0.4373f,0.9468f,3.6607f,0.4826f,0.8232f,0.4336f,-11.5474f,0f,0f,0f,1f],start_interpolation: 0,interpolation_duration: 1}
$data merge entity $(bone_segment18) {transformation: [-0.9342f,0.3382f,0.1137f,0.1886f,-0.0445f,-0.4267f,0.9033f,3.4211f,0.354f,0.8388f,0.4137f,-11.0764f,0f,0f,0f,1f],start_interpolation: 0,interpolation_duration: 1}
$data merge entity $(bone_segment17) {transformation: [-0.9503f,0.2914f,0.1097f,0.4013f,-0.0232f,-0.4178f,0.9082f,3.1161f,0.3105f,0.8605f,0.4038f,-10.4482f,0f,0f,0f,1f],start_interpolation: 0,interpolation_duration: 1}
$data merge entity $(bone_segment16) {transformation: [-0.964f,0.2438f,0.1063f,0.634f,-0.0024f,-0.4078f,0.9131f,2.7268f,0.266f,0.8799f,0.3937f,-9.6082f,0f,0f,0f,1f],start_interpolation: 0,interpolation_duration: 1}
$data merge entity $(bone_segment15) {transformation: [-0.9811f,0.1779f,0.0757f,0.8438f,0.0208f,-0.2922f,0.9561f,2.3822f,0.1922f,0.9397f,0.283f,-8.5002f,0f,0f,0f,1f],start_interpolation: 0,interpolation_duration: 1}
$data merge entity $(bone_segment14) {transformation: [-1.0463f,0.0461f,0.0419f,0.8957f,0.0372f,-0.1032f,1.0424f,2.2661f,0.05f,1.0421f,0.1014f,-7.3279f,0f,0f,0f,1f],start_interpolation: 0,interpolation_duration: 1}
$data merge entity $(bone_segment13) {transformation: [-1.0251f,-0.016f,0.0316f,0.8755f,0.0299f,0.0989f,1.0205f,2.3573f,-0.019f,1.0208f,-0.0984f,-6.0957f,0f,0f,0f,1f],start_interpolation: 0,interpolation_duration: 1}
$data merge entity $(bone_segment12) {transformation: [-1.1044f,-0.1534f,0.0354f,0.6902f,0.0098f,0.1833f,1.1004f,2.5788f,-0.1571f,1.0897f,-0.1801f,-4.7794f,0f,0f,0f,1f],start_interpolation: 0,interpolation_duration: 1}
$data merge entity $(bone_segment11) {transformation: [-1.1677f,-0.2295f,0.0291f,0.425f,0.0032f,0.1332f,1.1829f,2.7327f,-0.2313f,1.1605f,-0.1301f,-3.4382f,0f,0f,0f,1f],start_interpolation: 0,interpolation_duration: 1}
$data merge entity $(bone_segment10) {transformation: [-1.039f,-0.138f,-0.006f,0.2507f,0f,-0.0452f,1.0472f,2.6914f,-0.1381f,1.0381f,0.0448f,-2.1273f,0f,0f,0f,1f],start_interpolation: 0,interpolation_duration: 1}
data modify entity @s data merge value {"cameras":{},"locators":{"mouth":{"px":0.5212374687396938,"py":2.904146230334254,"pz":5.154399759329191,"ry":170.09806525898608,"rx":61.499043562978606}}}
function animated_java:gyarados/animations/water_idle/zzz/frames/on_tick/transform_floating_entities