# This file was generated by Animated Java via MC-Build. It is not recommended to edit this file directly.
$data merge entity $(bone_neck_spine5) {transformation: [-1.57f,0.0323f,-0.0772f,0.1138f,-0.0337f,1.0831f,1.1392f,3.7522f,0.0766f,1.1393f,-1.0808f,0.5637f,0f,0f,0f,1f],start_interpolation: 0,interpolation_duration: 1}
$data merge entity $(bone_neck_spine2) {transformation: [-1.4953f,-0.0302f,-0.0738f,0.0866f,-0.0321f,1.4966f,0.0378f,4.6708f,0.073f,0.0394f,-1.4951f,2.7153f,0f,0f,0f,1f],start_interpolation: 0,interpolation_duration: 1}
$data merge entity $(bone_scale_neck_left1) {transformation: [-1.5945f,0.4129f,0.0047f,0.8882f,0.3869f,1.4875f,0.5921f,3.7873f,0.1442f,0.5743f,-1.537f,2.6196f,0f,0f,0f,1f],start_interpolation: 0,interpolation_duration: 1}
$data merge entity $(bone_scale_neck_right1) {transformation: [-1.583f,-0.4184f,-0.1796f,-0.6819f,-0.4551f,1.4697f,0.5882f,3.7536f,0.0108f,0.6149f,-1.528f,2.6962f,0f,0f,0f,1f],start_interpolation: 0,interpolation_duration: 1}
$data merge entity $(bone_blush_right1) {transformation: [-0.9914f,0.0298f,-0.1276f,-0.4178f,-0.0337f,0.8832f,0.4678f,3.0844f,0.1267f,0.4681f,-0.8746f,3.8924f,0f,0f,0f,1f],start_interpolation: 0,interpolation_duration: 1}
$data merge entity $(bone_blush_left1) {transformation: [-0.9914f,0.0298f,-0.1276f,0.8959f,-0.0337f,0.8832f,0.4678f,3.1291f,0.1267f,0.4681f,-0.8746f,3.7246f,0f,0f,0f,1f],start_interpolation: 0,interpolation_duration: 1}
$data merge entity $(bone_left_head_scales) {transformation: [-0.8204f,0.0298f,-0.571f,0.8787f,-0.2459f,0.8832f,0.3994f,3.958f,0.5162f,0.4681f,-0.7173f,3.7211f,0f,0f,0f,1f],start_interpolation: 0,interpolation_duration: 1}
$data merge entity $(bone_left_head_scales2) {transformation: [-0.7389f,0.0298f,-0.6732f,0.8734f,-0.2959f,0.8832f,0.3639f,3.0857f,0.6054f,0.4681f,-0.6438f,3.4479f,0f,0f,0f,1f],start_interpolation: 0,interpolation_duration: 1}
$data merge entity $(bone_left_head_scales1) {transformation: [-0.9914f,0.0298f,-0.1276f,0.8753f,-0.0337f,0.8832f,0.4678f,3.8589f,0.1267f,0.4681f,-0.8746f,3.6685f,0f,0f,0f,1f],start_interpolation: 0,interpolation_duration: 1}
$data merge entity $(bone_right_head_scales) {transformation: [-0.9383f,0.0298f,0.3446f,-0.4574f,0.1861f,0.8832f,0.4305f,3.9126f,-0.2915f,0.4681f,-0.8342f,3.8918f,0f,0f,0f,1f],start_interpolation: 0,interpolation_duration: 1}
$data merge entity $(bone_right_head_scales2) {transformation: [-0.8853f,0.0298f,0.4641f,-0.4626f,0.2407f,0.8832f,0.4025f,3.0404f,-0.3979f,0.4681f,-0.789f,3.6185f,0f,0f,0f,1f],start_interpolation: 0,interpolation_duration: 1}
$data merge entity $(bone_right_head_scales1) {transformation: [-0.9914f,0.0298f,-0.1276f,-0.4607f,-0.0337f,0.8832f,0.4678f,3.8135f,0.1267f,0.4681f,-0.8746f,3.8392f,0f,0f,0f,1f],start_interpolation: 0,interpolation_duration: 1}
$data merge entity $(bone_head_left_fin1) {transformation: [-0.3819f,0.1347f,-0.9668f,0.852f,-0.1876f,1.0087f,0.2146f,3.5263f,0.9579f,0.2513f,-0.3434f,3.3977f,0f,0f,0f,1f],start_interpolation: 0,interpolation_duration: 1}
$data merge entity $(bone_head_right_fin1) {transformation: [-0.6218f,-0.1343f,0.833f,-0.484f,0.1535f,0.9995f,0.2758f,3.4809f,-0.8297f,0.2856f,-0.5733f,3.5684f,0f,0f,0f,1f],start_interpolation: 0,interpolation_duration: 1}
$data merge entity $(bone_right_whisker16) {transformation: [-0.138f,-0.199f,0.9702f,-1.1064f,0.9583f,-0.2743f,0.0801f,2.4932f,0.2502f,0.9408f,0.2286f,1.581f,0f,0f,0f,1f],start_interpolation: 0,interpolation_duration: 1}
$data merge entity $(bone_right_whisker15) {transformation: [0.2818f,-0.1849f,0.9415f,-1.2014f,0.5191f,0.8546f,0.0124f,2.3183f,-0.8069f,0.4852f,0.3368f,1.8528f,0f,0f,0f,1f],start_interpolation: 0,interpolation_duration: 1}
$data merge entity $(bone_right_whisker14) {transformation: [0.5512f,-0.2903f,0.7822f,-1.3871f,-0.0974f,0.9087f,0.4058f,2.3511f,-0.8287f,-0.2999f,0.4727f,2.132f,0f,0f,0f,1f],start_interpolation: 0,interpolation_duration: 1}
$data merge entity $(bone_right_whisker13) {transformation: [0.0387f,-0.3814f,0.9236f,-1.4001f,0.3326f,0.8765f,0.3481f,2.239f,-0.9423f,0.2937f,0.1607f,2.4495f,0f,0f,0f,1f],start_interpolation: 0,interpolation_duration: 1}
$data merge entity $(bone_right_whisker12) {transformation: [-0.5683f,-0.3452f,0.7469f,-1.1448f,-0.248f,0.9374f,0.2445f,2.3505f,-0.7846f,-0.0463f,-0.6183f,2.8019f,0f,0f,0f,1f],start_interpolation: 0,interpolation_duration: 1}
$data merge entity $(bone_right_whisker11) {transformation: [-0.9441f,-0.214f,0.2508f,-0.7207f,-0.1724f,0.9688f,0.1778f,2.4279f,-0.281f,0.1246f,-0.9516f,2.9282f,0f,0f,0f,1f],start_interpolation: 0,interpolation_duration: 1}
$data merge entity $(bone_right_whisker10) {transformation: [-0.5629f,-0.593f,0.5758f,-0.4678f,-0.4197f,0.8052f,0.4189f,2.6164f,-0.712f,-0.0058f,-0.7021f,3.248f,0f,0f,0f,1f],start_interpolation: 0,interpolation_duration: 1}
$data merge entity $(bone_right_whisker1) {transformation: [-0.0207f,-0.6793f,0.7336f,-0.4585f,-0.5945f,0.5983f,0.5372f,2.8835f,-0.8038f,-0.425f,-0.4163f,3.6091f,0f,0f,0f,1f],start_interpolation: 0,interpolation_duration: 1}
$data merge entity $(bone_left_whisker16) {transformation: [-0.1321f,0.4468f,-0.8848f,1.0199f,-0.9675f,-0.2524f,0.0171f,2.5654f,-0.2157f,0.8583f,0.4656f,1.3093f,0f,0f,0f,1f],start_interpolation: 0,interpolation_duration: 1}
$data merge entity $(bone_left_whisker15) {transformation: [0.5094f,0.2433f,-0.8254f,1.1916f,-0.4922f,0.8692f,-0.0476f,2.3996f,0.7059f,0.4305f,0.5625f,1.5471f,0f,0f,0f,1f],start_interpolation: 0,interpolation_duration: 1}
$data merge entity $(bone_left_whisker14) {transformation: [0.7339f,0.1443f,-0.6638f,1.4388f,0.141f,0.9235f,0.3567f,2.4471f,0.6645f,-0.3554f,0.6574f,1.771f,0f,0f,0f,1f],start_interpolation: 0,interpolation_duration: 1}
$data merge entity $(bone_left_whisker13) {transformation: [0.2962f,0.3835f,-0.8747f,1.5386f,-0.3212f,0.9025f,0.287f,2.3389f,0.8995f,0.196f,0.3905f,2.074f,0f,0f,0f,1f],start_interpolation: 0,interpolation_duration: 1}
$data merge entity $(bone_left_whisker12) {transformation: [-0.3683f,0.2591f,-0.8929f,1.3732f,0.2162f,0.9579f,0.1888f,2.436f,0.9042f,-0.1235f,-0.4088f,2.4802f,0f,0f,0f,1f],start_interpolation: 0,interpolation_duration: 1}
$data merge entity $(bone_left_whisker11) {transformation: [-0.8526f,0.1733f,-0.493f,0.9901f,0.1114f,0.982f,0.1525f,2.486f,0.5105f,0.0751f,-0.8566f,2.7096f,0f,0f,0f,1f],start_interpolation: 0,interpolation_duration: 1}
$data merge entity $(bone_left_whisker10) {transformation: [-0.3928f,0.5174f,-0.7603f,0.8137f,0.3872f,0.8429f,0.3735f,2.66f,0.8341f,-0.1477f,-0.5315f,3.0843f,0f,0f,0f,1f],start_interpolation: 0,interpolation_duration: 1}
$data merge entity $(bone_left_whisker1) {transformation: [0.1421f,0.5093f,-0.8488f,0.8775f,0.5987f,0.6387f,0.4834f,2.9289f,0.7883f,-0.5768f,-0.2141f,3.4384f,0f,0f,0f,1f],start_interpolation: 0,interpolation_duration: 1}
$data merge entity $(bone_upper_left_tooth1) {transformation: [-0.9914f,0.0186f,-0.1297f,0.6442f,-0.0337f,0.9206f,0.3891f,2.8486f,0.1267f,0.3901f,-0.912f,4.4726f,0f,0f,0f,1f],start_interpolation: 0,interpolation_duration: 1}
$data merge entity $(bone_upper_right_tooth1) {transformation: [-0.9914f,0.0186f,-0.1297f,-0.0238f,-0.0337f,0.9206f,0.3891f,2.8259f,0.1267f,0.3901f,-0.912f,4.558f,0f,0f,0f,1f],start_interpolation: 0,interpolation_duration: 1}
$data merge entity $(bone_top_lip1) {transformation: [-0.9914f,-0.0269f,-0.1283f,0.3403f,-0.0337f,0.9981f,0.0507f,2.9519f,0.1267f,0.0546f,-0.9904f,4.5599f,0f,0f,0f,1f],start_interpolation: 0,interpolation_duration: 1}
$data merge entity $(bone_muzzle1) {transformation: [-0.9914f,0.0186f,-0.1297f,0.2706f,-0.0337f,0.9206f,0.3891f,3.3255f,0.1267f,0.3901f,-0.912f,4.1135f,0f,0f,0f,1f],start_interpolation: 0,interpolation_duration: 1}
$data merge entity $(bone_jaw_right_tooth1) {transformation: [-0.9914f,-0.0692f,-0.1113f,-0.0215f,-0.0337f,0.9553f,-0.2937f,2.8542f,0.1267f,-0.2874f,-0.9494f,4.5832f,0f,0f,0f,1f],start_interpolation: 0,interpolation_duration: 1}
$data merge entity $(bone_jaw_left_tooth1) {transformation: [-0.9914f,-0.0692f,-0.1113f,0.7021f,-0.0337f,0.9553f,-0.2937f,2.8788f,0.1267f,-0.2874f,-0.9494f,4.4907f,0f,0f,0f,1f],start_interpolation: 0,interpolation_duration: 1}
$data merge entity $(bone_tongue1) {transformation: [-0.9914f,-0.0157f,-0.1301f,0.2359f,-0.0337f,0.9899f,0.1375f,2.9689f,0.1267f,0.1407f,-0.9819f,3.7469f,0f,0f,0f,1f],start_interpolation: 0,interpolation_duration: 1}
$data merge entity $(bone_jaw_lips1) {transformation: [-0.9914f,-0.0157f,-0.1301f,0.4105f,-0.0337f,0.9899f,0.1375f,2.7194f,0.1267f,0.1407f,-0.9819f,4.6037f,0f,0f,0f,1f],start_interpolation: 0,interpolation_duration: 1}
$data merge entity $(bone_jaw3) {transformation: [-0.9914f,-0.0488f,-0.1216f,0.3053f,-0.0337f,0.9918f,-0.1234f,2.525f,0.1267f,-0.1182f,-0.9849f,3.7289f,0f,0f,0f,1f],start_interpolation: 0,interpolation_duration: 1}
$data merge entity $(bone_jaw1) {transformation: [-0.9914f,0.0515f,-0.1205f,0.197f,-0.0337f,0.7885f,0.6141f,3.0767f,0.1267f,0.6128f,-0.78f,3.0281f,0f,0f,0f,1f],start_interpolation: 0,interpolation_duration: 1}
$data merge entity $(bone_tear_right1) {transformation: [-0.9914f,0.0298f,-0.1276f,-0.3375f,-0.0337f,0.8832f,0.4678f,3.3862f,0.1267f,0.4681f,-0.8746f,4.1577f,0f,0f,0f,1f],start_interpolation: 0,interpolation_duration: 1}
$data merge entity $(bone_right_pupil1) {transformation: [-0.9914f,0.0298f,-0.1276f,-0.1419f,-0.0337f,0.8832f,0.4678f,3.4601f,0.1267f,0.4681f,-0.8746f,4.2457f,0f,0f,0f,1f],start_interpolation: 0,interpolation_duration: 1}
$data merge entity $(bone_right_sad_pupil1) {transformation: [-0.9914f,0.0298f,-0.1276f,-0.1433f,-0.0337f,0.8832f,0.4678f,3.4653f,0.1267f,0.4681f,-0.8746f,4.2359f,0f,0f,0f,1f],start_interpolation: 0,interpolation_duration: 1}
$data merge entity $(bone_right_happy_pupil1) {transformation: [-0.9914f,0.0298f,-0.1276f,-0.172f,-0.0337f,0.8832f,0.4678f,3.4396f,0.1267f,0.4681f,-0.8746f,4.2263f,0f,0f,0f,1f],start_interpolation: 0,interpolation_duration: 1}
$data merge entity $(bone_eyelid_right1) {transformation: [-0.9914f,0.0298f,-0.1276f,0.212f,-0.0337f,0.8832f,0.4678f,3.693f,0.1267f,0.4681f,-0.8746f,3.6638f,0f,0f,0f,1f],start_interpolation: 0,interpolation_duration: 1}
$data merge entity $(bone_eyelid_expressions_right5) {transformation: [-0.9914f,0.0298f,-0.1276f,-0.268f,-0.0337f,0.8832f,0.4678f,3.5602f,0.1267f,0.4681f,-0.8746f,4.3048f,0f,0f,0f,1f],start_interpolation: 0,interpolation_duration: 1}
$data merge entity $(bone_eyelid_expressions_right7) {transformation: [-0.9914f,0.0298f,-0.1276f,0.066f,-0.0337f,0.8832f,0.4678f,3.5715f,0.1267f,0.4681f,-0.8746f,4.2621f,0f,0f,0f,1f],start_interpolation: 0,interpolation_duration: 1}
$data merge entity $(bone_eyelid_expressions_right6) {transformation: [-0.9914f,0.0298f,-0.1276f,-0.0453f,-0.0337f,0.8832f,0.4678f,3.5677f,0.1267f,0.4681f,-0.8746f,4.2764f,0f,0f,0f,1f],start_interpolation: 0,interpolation_duration: 1}
$data merge entity $(bone_right_eye1) {transformation: [-0.9914f,0.0298f,-0.1276f,0.2023f,-0.0337f,0.8832f,0.4678f,3.6874f,0.1267f,0.4681f,-0.8746f,3.675f,0f,0f,0f,1f],start_interpolation: 0,interpolation_duration: 1}
$data merge entity $(bone_tear_left1) {transformation: [-0.9914f,0.0298f,-0.1276f,0.8649f,-0.0337f,0.8832f,0.4678f,3.427f,0.1267f,0.4681f,-0.8746f,4.0041f,0f,0f,0f,1f],start_interpolation: 0,interpolation_duration: 1}
$data merge entity $(bone_left_sad_pupil1) {transformation: [-0.9914f,0.0298f,-0.1276f,0.6917f,-0.0337f,0.8832f,0.4678f,3.4937f,0.1267f,0.4681f,-0.8746f,4.1292f,0f,0f,0f,1f],start_interpolation: 0,interpolation_duration: 1}
$data merge entity $(bone_left_pupil1) {transformation: [-0.9914f,0.0298f,-0.1276f,0.6931f,-0.0337f,0.8832f,0.4678f,3.4885f,0.1267f,0.4681f,-0.8746f,4.139f,0f,0f,0f,1f],start_interpolation: 0,interpolation_duration: 1}
$data merge entity $(bone_eyelid_left1) {transformation: [-0.9914f,0.0298f,-0.1276f,0.1897f,-0.0337f,0.8832f,0.4678f,3.6923f,0.1267f,0.4681f,-0.8746f,3.6666f,0f,0f,0f,1f],start_interpolation: 0,interpolation_duration: 1}
$data merge entity $(bone_left_happy_pupil1) {transformation: [-0.9914f,0.0298f,-0.1276f,0.7187f,-0.0337f,0.8832f,0.4678f,3.4699f,0.1267f,0.4681f,-0.8746f,4.1125f,0f,0f,0f,1f],start_interpolation: 0,interpolation_duration: 1}
$data merge entity $(bone_eyelid_expressions_left5) {transformation: [-0.9914f,0.0298f,-0.1276f,0.8231f,-0.0337f,0.8832f,0.4678f,3.5973f,0.1267f,0.4681f,-0.8746f,4.1654f,0f,0f,0f,1f],start_interpolation: 0,interpolation_duration: 1}
$data merge entity $(bone_eyelid_expressions_left7) {transformation: [-0.9914f,0.0298f,-0.1276f,0.4891f,-0.0337f,0.8832f,0.4678f,3.5859f,0.1267f,0.4681f,-0.8746f,4.2081f,0f,0f,0f,1f],start_interpolation: 0,interpolation_duration: 1}
$data merge entity $(bone_eyelid_expressions_left6) {transformation: [-0.9914f,0.0298f,-0.1276f,0.6004f,-0.0337f,0.8832f,0.4678f,3.5897f,0.1267f,0.4681f,-0.8746f,4.1939f,0f,0f,0f,1f],start_interpolation: 0,interpolation_duration: 1}
$data merge entity $(bone_left_eye1) {transformation: [-0.9914f,0.0298f,-0.1276f,0.2023f,-0.0337f,0.8832f,0.4678f,3.6874f,0.1267f,0.4681f,-0.8746f,3.675f,0f,0f,0f,1f],start_interpolation: 0,interpolation_duration: 1}
$data merge entity $(bone_crest_middle5) {transformation: [-0.9914f,0.0015f,-0.131f,0.3044f,-0.0337f,0.9635f,0.2656f,4.6882f,0.1267f,0.2677f,-0.9551f,4.7406f,0f,0f,0f,1f],start_interpolation: 0,interpolation_duration: 1}
$data merge entity $(bone_crest_middle4) {transformation: [-0.9914f,0.0015f,-0.131f,0.3034f,-0.0337f,0.9635f,0.2656f,4.0389f,0.1267f,0.2677f,-0.9551f,4.5602f,0f,0f,0f,1f],start_interpolation: 0,interpolation_duration: 1}
$data merge entity $(bone_crest_middle1) {transformation: [-0.9914f,0.0015f,-0.131f,0.3137f,-0.0337f,0.9635f,0.2656f,3.5296f,0.1267f,0.2677f,-0.9551f,4.5053f,0f,0f,0f,1f],start_interpolation: 0,interpolation_duration: 1}
$data merge entity $(bone_crest_left5) {transformation: [-0.5578f,-0.8298f,-0.0195f,-0.7971f,-0.763f,0.5034f,0.4056f,4.0383f,-0.3267f,0.2411f,-0.9138f,4.6667f,0f,0f,0f,1f],start_interpolation: 0,interpolation_duration: 1}
$data merge entity $(bone_crest_left4) {transformation: [-0.5578f,-0.8298f,-0.0195f,-0.3311f,-0.763f,0.5034f,0.4056f,3.7557f,-0.3267f,0.2411f,-0.9138f,4.5313f,0f,0f,0f,1f],start_interpolation: 0,interpolation_duration: 1}
$data merge entity $(bone_crest_left1) {transformation: [-0.5578f,-0.8298f,-0.0195f,0.1803f,-0.763f,0.5034f,0.4056f,3.4675f,-0.3267f,0.2411f,-0.9138f,4.3311f,0f,0f,0f,1f],start_interpolation: 0,interpolation_duration: 1}
$data merge entity $(bone_crest_center1) {transformation: [-0.9914f,0.0298f,-0.1276f,0.2908f,-0.0337f,0.8832f,0.4678f,3.4465f,0.1267f,0.4681f,-0.8746f,4.3037f,0f,0f,0f,1f],start_interpolation: 0,interpolation_duration: 1}
$data merge entity $(bone_crest_right5) {transformation: [-0.5075f,0.8282f,-0.2378f,1.3929f,0.7268f,0.5597f,0.3982f,4.1128f,0.4628f,0.0293f,-0.886f,4.3869f,0f,0f,0f,1f],start_interpolation: 0,interpolation_duration: 1}
$data merge entity $(bone_crest_right4) {transformation: [-0.5075f,0.8282f,-0.2378f,0.9279f,0.7268f,0.5597f,0.3982f,3.7985f,0.4628f,0.0293f,-0.886f,4.3705f,0f,0f,0f,1f],start_interpolation: 0,interpolation_duration: 1}
$data merge entity $(bone_crest_right1) {transformation: [-0.5075f,0.8282f,-0.2378f,0.403f,0.7268f,0.5597f,0.3982f,3.4751f,0.4628f,0.0293f,-0.886f,4.3026f,0f,0f,0f,1f],start_interpolation: 0,interpolation_duration: 1}
$data merge entity $(bone_head1) {transformation: [-1.0391f,0.0312f,-0.1338f,0.1218f,-0.0353f,0.9257f,0.4904f,3.9267f,0.1328f,0.4906f,-0.9167f,3.1085f,0f,0f,0f,1f],start_interpolation: 0,interpolation_duration: 1}
$data merge entity $(bone_neck10) {transformation: [-1.4953f,-0.0203f,-0.0771f,0.073f,-0.0321f,1.4788f,0.2329f,3.649f,0.073f,0.2342f,-1.4772f,1.9858f,0f,0f,0f,1f],start_interpolation: 0,interpolation_duration: 1}
$data merge entity $(bone_neck9) {transformation: [-1.1439f,0.0373f,-0.0482f,0.0298f,-0.0246f,0.5474f,1.006f,3.0549f,0.0558f,1.0056f,-0.5458f,0.8404f,0f,0f,0f,1f],start_interpolation: 0,interpolation_duration: 1}
$data merge entity $(bone_neck8) {transformation: [-1.0616f,0.0426f,-0.0372f,-0.0149f,-0.0228f,0.3181f,1.0142f,2.7893f,0.0518f,1.0136f,-0.3167f,-0.1935f,0f,0f,0f,1f],start_interpolation: 0,interpolation_duration: 1}
$data merge entity $(bone_neck7) {transformation: [-1.055f,-0.0212f,-0.0322f,0.0065f,-0.0357f,0.2035f,1.0353f,2.5836f,-0.0146f,1.0357f,-0.204f,-1.2402f,0f,0f,0f,1f],start_interpolation: 0,interpolation_duration: 1}
$data merge entity $(bone_neck6) {transformation: [-1.0451f,-0.0976f,0.0065f,0.0963f,0.0143f,-0.0832f,1.0463f,2.6756f,-0.0968f,1.0418f,0.0842f,-2.1955f,0f,0f,0f,1f],start_interpolation: 0,interpolation_duration: 1}
$data merge entity $(bone_neck_spine6) {transformation: [-1.2619f,-0.1421f,0.0867f,0.7603f,0.0317f,0.4458f,1.1917f,3.2429f,-0.1634f,1.1837f,-0.4384f,-6.0165f,0f,0f,0f,1f],start_interpolation: 0,interpolation_duration: 1}
$data merge entity $(bone_neck_spine7) {transformation: [-0.9978f,0.0596f,0.0274f,1.0112f,0.032f,0.0771f,0.9965f,2.8025f,0.0573f,0.9952f,-0.0789f,-9.2776f,0f,0f,0f,1f],start_interpolation: 0,interpolation_duration: 1}
$data merge entity $(bone_tail6) {transformation: [-1.4836f,0.8739f,0.0249f,-0.2966f,-0.2872f,-0.5335f,1.6119f,4.0208f,0.8257f,1.3845f,0.6054f,-12.5247f,0f,0f,0f,1f],start_interpolation: 0,interpolation_duration: 1}
$data merge entity $(bone_tail5) {transformation: [-1.2256f,0.7074f,0.1456f,0.1502f,-0.2373f,-0.6653f,1.2348f,3.6006f,0.6821f,1.0395f,0.6912f,-11.8682f,0f,0f,0f,1f],start_interpolation: 0,interpolation_duration: 1}
$data merge entity $(bone_tail4) {transformation: [-0.8923f,0.5296f,0.1481f,0.3771f,-0.1662f,-0.5288f,0.8896f,3.374f,0.5242f,0.7339f,0.5342f,-11.5537f,0f,0f,0f,1f],start_interpolation: 0,interpolation_duration: 1}
$data merge entity $(bone_segment18) {transformation: [-0.91f,0.3898f,0.1413f,0.596f,-0.0913f,-0.5209f,0.8487f,3.0815f,0.4044f,0.7594f,0.5096f,-11.1273f,0f,0f,0f,1f],start_interpolation: 0,interpolation_duration: 1}
$data merge entity $(bone_segment17) {transformation: [-0.9519f,0.2885f,0.1035f,0.8066f,-0.0377f,-0.4455f,0.8945f,2.7563f,0.3042f,0.8476f,0.4349f,-10.5086f,0f,0f,0f,1f],start_interpolation: 0,interpolation_duration: 1}
$data merge entity $(bone_segment16) {transformation: [-0.9808f,0.1797f,0.0755f,0.9782f,0.0058f,-0.3601f,0.9329f,2.4126f,0.1949f,0.9154f,0.3521f,-9.6347f,0f,0f,0f,1f],start_interpolation: 0,interpolation_duration: 1}
$data merge entity $(bone_segment15) {transformation: [-0.9978f,0.0505f,0.0419f,1.0377f,0.032f,-0.1834f,0.9825f,2.1963f,0.0573f,0.9817f,0.1814f,-8.477f,0f,0f,0f,1f],start_interpolation: 0,interpolation_duration: 1}
$data merge entity $(bone_segment14) {transformation: [-1.0407f,-0.1207f,0.032f,0.9019f,0.0285f,0.0313f,1.0473f,2.2316f,-0.1215f,1.0407f,-0.0278f,-7.3062f,0f,0f,0f,1f],start_interpolation: 0,interpolation_duration: 1}
$data merge entity $(bone_segment13) {transformation: [-1.0169f,-0.1249f,0.0489f,0.7501f,0.0255f,0.187f,1.0082f,2.4292f,-0.1317f,1.0008f,-0.1823f,-6.0959f,0f,0f,0f,1f],start_interpolation: 0,interpolation_duration: 1}
$data merge entity $(bone_segment12) {transformation: [-1.0911f,-0.2258f,0.054f,0.4774f,0.0105f,0.2117f,1.0952f,2.6849f,-0.2319f,1.0718f,-0.2049f,-4.8012f,0f,0f,0f,1f],start_interpolation: 0,interpolation_duration: 1}
$data merge entity $(bone_segment11) {transformation: [-1.1667f,-0.2343f,0.0315f,0.2066f,0.0121f,0.0991f,1.1862f,2.7995f,-0.2361f,1.1629f,-0.0947f,-3.4572f,0f,0f,0f,1f],start_interpolation: 0,interpolation_duration: 1}
$data merge entity $(bone_segment10) {transformation: [-1.0442f,-0.0909f,-0.0082f,0.0917f,0f,-0.0947f,1.0439f,2.6955f,-0.0913f,1.0399f,0.0943f,-2.1432f,0f,0f,0f,1f],start_interpolation: 0,interpolation_duration: 1}
data modify entity @s data merge value {"cameras":{},"locators":{"mouth":{"px":0.4343991944669693,"py":2.6736568420342905,"pz":5.222299672031474,"ry":176.35797683541182,"rx":62.02841381274929}}}
function animated_java:gyarados/animations/water_idle/zzz/frames/on_tick/transform_floating_entities