# This file was generated by Animated Java via MC-Build. It is not recommended to edit this file directly.
$data merge entity $(bone_head2) {transformation: [-0.995f,0.0357f,-0.0928f,0.1211f,0.0559f,0.9727f,-0.2251f,1.0088f,0.0823f,-0.2291f,-0.9699f,-0.0281f,0f,0f,0f,1f],start_interpolation: 0,interpolation_duration: 1}
$data merge entity $(bone_head1) {transformation: [-0.995f,0.0994f,0.0018f,0.1445f,0.0559f,0.5442f,0.8371f,0.8995f,0.0823f,0.8331f,-0.547f,0.3298f,0f,0f,0f,1f],start_interpolation: 0,interpolation_duration: 1}
$data merge entity $(bone_eyelid_right) {transformation: [-0.9845f,0.1638f,-0.0625f,0.0563f,0.1389f,0.9464f,0.2915f,0.7472f,0.1069f,0.2783f,-0.9545f,0.316f,0f,0f,0f,1f],start_interpolation: 0,interpolation_duration: 1}
$data merge entity $(bone_eye_right) {transformation: [-0.9845f,0.1638f,-0.0625f,0.0567f,0.1389f,0.9464f,0.2915f,0.7453f,0.1069f,0.2783f,-0.9545f,0.3219f,0f,0f,0f,1f],start_interpolation: 0,interpolation_duration: 1}
$data merge entity $(bone_eyelid_left) {transformation: [-0.998f,-0.0097f,-0.0625f,0.274f,-0.0275f,0.9562f,0.2915f,0.7349f,0.057f,0.2926f,-0.9545f,0.298f,0f,0f,0f,1f],start_interpolation: 0,interpolation_duration: 1}
$data merge entity $(bone_eye_left) {transformation: [-0.998f,-0.0097f,-0.0625f,0.2744f,-0.0275f,0.9562f,0.2915f,0.7331f,0.057f,0.2926f,-0.9545f,0.3039f,0f,0f,0f,1f],start_interpolation: 0,interpolation_duration: 1}
$data merge entity $(bone_mouth_closed) {transformation: [-0.995f,0.0773f,-0.0625f,0.1062f,0.0559f,0.9549f,0.2915f,0.6259f,0.0823f,0.2865f,-0.9545f,0.0524f,0f,0f,0f,1f],start_interpolation: 0,interpolation_duration: 1}
$data merge entity $(bone_mouth_open) {transformation: [-0.995f,0.0773f,-0.0625f,0.1034f,0.0559f,0.9549f,0.2915f,0.5978f,0.0823f,0.2865f,-0.9545f,0.0374f,0f,0f,0f,1f],start_interpolation: 0,interpolation_duration: 1}
$data merge entity $(bone_head) {transformation: [-0.995f,0.0773f,-0.0625f,0.1349f,0.0559f,0.9549f,0.2915f,0.5943f,0.0823f,0.2865f,-0.9545f,0.0408f,0f,0f,0f,1f],start_interpolation: 0,interpolation_duration: 1}
$data merge entity $(bone_neck) {transformation: [-0.4967f,0.2846f,-0.8199f,0.087f,-0.0172f,0.9413f,0.3372f,0.5313f,0.8677f,0.1815f,-0.4627f,0.0122f,0f,0f,0f,1f],start_interpolation: 0,interpolation_duration: 1}
$data merge entity $(bone_finger_left2) {transformation: [0.0034f,-0.4101f,0.912f,0.1993f,0.0885f,-0.9083f,-0.4088f,0.2662f,0.9961f,0.0821f,0.0332f,0.4356f,0f,0f,0f,1f],start_interpolation: 0,interpolation_duration: 1}
$data merge entity $(bone_finger_left) {transformation: [0.4045f,-0.0679f,0.912f,0.2498f,0.9099f,-0.0706f,-0.4088f,0.3799f,0.0921f,0.9952f,0.0332f,0.4471f,0f,0f,0f,1f],start_interpolation: 0,interpolation_duration: 1}
$data merge entity $(bone_finger_left4) {transformation: [-0.0324f,-0.4089f,0.912f,0.2845f,0.009f,-0.9126f,-0.4088f,0.2276f,0.9994f,-0.005f,0.0332f,0.4441f,0f,0f,0f,1f],start_interpolation: 0,interpolation_duration: 1}
$data merge entity $(bone_finger_left3) {transformation: [0.4071f,-0.0502f,0.912f,0.3354f,0.9121f,-0.0308f,-0.4088f,0.3416f,0.0486f,0.9983f,0.0332f,0.4502f,0f,0f,0f,1f],start_interpolation: 0,interpolation_duration: 1}
$data merge entity $(bone_thumb_left2) {transformation: [0.1703f,-0.8912f,-0.4203f,0.1496f,0.3037f,-0.3583f,0.8828f,0.3498f,-0.9374f,-0.278f,0.2096f,0.2858f,0f,0f,0f,1f],start_interpolation: 0,interpolation_duration: 1}
$data merge entity $(bone_thumb_left) {transformation: [0.1703f,-0.7576f,0.6301f,0.2231f,0.3037f,0.6487f,0.6979f,0.4275f,-0.9374f,0.0725f,0.3405f,0.3577f,0f,0f,0f,1f],start_interpolation: 0,interpolation_duration: 1}
$data merge entity $(bone_hand_left) {transformation: [0.1703f,0.3731f,0.912f,0.2959f,0.3037f,0.8606f,-0.4088f,0.3544f,-0.9374f,0.3466f,0.0332f,0.2805f,0f,0f,0f,1f],start_interpolation: 0,interpolation_duration: 1}
$data merge entity $(bone_arm_left2) {transformation: [0.1703f,0.3731f,0.912f,0.3955f,0.3037f,0.8606f,-0.4088f,0.4048f,-0.9374f,0.3466f,0.0332f,0.0482f,0f,0f,0f,1f],start_interpolation: 0,interpolation_duration: 1}
$data merge entity $(bone_arm_left) {transformation: [-0.5892f,0.3731f,0.7167f,0.2034f,0.5083f,0.8606f,-0.0301f,0.5337f,-0.628f,0.3466f,-0.6968f,-0.0652f,0f,0f,0f,1f],start_interpolation: 0,interpolation_duration: 1}
$data merge entity $(bone_finger_right2) {transformation: [-0.7929f,-0.1975f,0.5765f,0.3857f,-0.2105f,-0.7989f,-0.5634f,0.3419f,0.5718f,-0.568f,0.5919f,-0.0802f,0f,0f,0f,1f],start_interpolation: 0,interpolation_duration: 1}
$data merge entity $(bone_finger_right) {transformation: [-0.3322f,0.7465f,0.5765f,0.4273f,-0.8234f,0.0686f,-0.5634f,0.4448f,-0.4601f,-0.6618f,0.5919f,-0.0227f,0f,0f,0f,1f],start_interpolation: 0,interpolation_duration: 1}
$data merge entity $(bone_finger_right4) {transformation: [-0.7727f,-0.2659f,0.5765f,0.4439f,-0.1401f,-0.8142f,-0.5634f,0.2895f,0.6192f,-0.516f,0.5919f,-0.0283f,0f,0f,0f,1f],start_interpolation: 0,interpolation_duration: 1}
$data merge entity $(bone_finger_right3) {transformation: [-0.2993f,0.7603f,0.5765f,0.4813f,-0.8196f,0.1044f,-0.5634f,0.392f,-0.4885f,-0.6411f,0.5919f,0.0328f,0f,0f,0f,1f],start_interpolation: 0,interpolation_duration: 1}
$data merge entity $(bone_thumb_right2) {transformation: [0.6351f,-0.7685f,-0.0777f,0.2379f,-0.1468f,-0.2188f,0.9646f,0.4138f,-0.7583f,-0.6013f,-0.2518f,-0.0105f,0f,0f,0f,1f],start_interpolation: 0,interpolation_duration: 1}
$data merge entity $(bone_thumb_right) {transformation: [0.6351f,-0.3952f,0.6637f,0.3407f,-0.1468f,0.7818f,0.606f,0.485f,-0.7583f,-0.4823f,0.4385f,0.0207f,0f,0f,0f,1f],start_interpolation: 0,interpolation_duration: 1}
$data merge entity $(bone_hand_right) {transformation: [0.6351f,0.5141f,0.5765f,0.3229f,-0.1468f,0.8131f,-0.5634f,0.3905f,-0.7583f,0.2732f,0.5919f,0.1065f,0f,0f,0f,1f],start_interpolation: 0,interpolation_duration: 1}
$data merge entity $(bone_arm_right2) {transformation: [0.6351f,0.5141f,0.5765f,0.2002f,-0.1468f,0.8131f,-0.5634f,0.392f,-0.7583f,0.2732f,0.5919f,0.333f,0f,0f,0f,1f],start_interpolation: 0,interpolation_duration: 1}
$data merge entity $(bone_arm_right) {transformation: [0.6296f,0.5141f,-0.5825f,0.0792f,-0.574f,0.8131f,0.0972f,0.5294f,0.5235f,0.2732f,0.807f,0.1517f,0f,0f,0f,1f],start_interpolation: 0,interpolation_duration: 1}
$data merge entity $(bone_torso) {transformation: [-0.4967f,-0.013f,-0.8678f,0.0781f,-0.0172f,0.9998f,-0.0051f,0.1719f,0.8677f,0.0123f,-0.4969f,0f,0f,0f,0f,1f],start_interpolation: 0,interpolation_duration: 1}
$data merge entity $(bone_foot_right) {transformation: [-0.8894f,-0.0373f,-0.4555f,0.193f,0.0194f,0.9927f,-0.119f,-0.1156f,0.4567f,-0.1147f,-0.8822f,0.3192f,0f,0f,0f,1f],start_interpolation: 0,interpolation_duration: 1}
$data merge entity $(bone_leg_right3) {transformation: [-0.8894f,-0.2078f,-0.4071f,0.1892f,0.0194f,0.8728f,-0.4877f,0.0376f,0.4567f,-0.4417f,-0.7722f,0.3054f,0f,0f,0f,1f],start_interpolation: 0,interpolation_duration: 1}
$data merge entity $(bone_foot_left) {transformation: [-0.0244f,-0.0456f,-0.9987f,0.3171f,0.0083f,0.9989f,-0.0458f,-0.047f,0.9997f,-0.0094f,-0.024f,-0.067f,0f,0f,0f,1f],start_interpolation: 0,interpolation_duration: 1}
$data merge entity $(bone_leg_left3) {transformation: [-0.0244f,-0.1915f,-0.9812f,0.3515f,0.0083f,0.9814f,-0.1917f,0.103f,0.9997f,-0.0128f,-0.0224f,-0.0675f,0f,0f,0f,1f],start_interpolation: 0,interpolation_duration: 1}