# This file was generated by Animated Java via MC-Build. It is not recommended to edit this file directly.
$data merge entity $(bone_pupil1) {transformation: [-0.9972f,-0.0663f,0.0333f,-0.0325f,-0.0663f,0.9978f,0.0022f,0.2813f,-0.0334f,0f,-0.9994f,0.2561f,0f,0f,0f,1f],start_interpolation: 0,interpolation_duration: 1}
$data merge entity $(bone_pupil_closed1) {transformation: [-0.9972f,-0.0663f,0.0333f,-0.0321f,-0.0663f,0.9978f,0.0022f,0.2813f,-0.0334f,0f,-0.9994f,0.2449f,0f,0f,0f,1f],start_interpolation: 0,interpolation_duration: 1}
$data merge entity $(bone_eye1) {transformation: [-0.9972f,-0.0663f,0.0333f,-0.0323f,-0.0663f,0.9978f,0.0022f,0.2813f,-0.0334f,0f,-0.9994f,0.2505f,0f,0f,0f,1f],start_interpolation: 0,interpolation_duration: 1}
$data merge entity $(bone_nail_head1) {transformation: [0.7799f,-0.0663f,0.6223f,-0.0405f,0.0518f,0.9978f,0.0414f,0.5313f,-0.6237f,0f,0.7817f,0f,0f,0f,0f,1f],start_interpolation: 0,interpolation_duration: 1}
$data merge entity $(bone_nail_left_rotation1) {transformation: [0.6549f,0.6465f,-0.3913f,0.1515f,0.6944f,-0.7191f,-0.026f,0.1056f,-0.2982f,-0.2547f,-0.9199f,0.2556f,0f,0f,0f,1f],start_interpolation: 0,interpolation_duration: 1}
$data merge entity $(bone_nail_right_rotation1) {transformation: [0.7719f,-0.5206f,0.3649f,-0.1913f,-0.5913f,-0.7987f,0.1113f,0.0828f,0.2335f,-0.3017f,-0.9244f,0.2441f,0f,0f,0f,1f],start_interpolation: 0,interpolation_duration: 1}
$data merge entity $(bone_magnet_left1) {transformation: [-0.9972f,0.0721f,0.0177f,0.2254f,-0.0663f,-0.7573f,-0.6497f,0.2984f,-0.0334f,-0.6491f,0.76f,0.0083f,0f,0f,0f,1f],start_interpolation: 0,interpolation_duration: 1}
$data merge entity $(bone_magnet_right1) {transformation: [-0.9972f,0.0288f,-0.0684f,-0.2733f,-0.0663f,-0.7602f,0.6463f,0.2653f,-0.0334f,0.6491f,0.76f,-0.0083f,0f,0f,0f,1f],start_interpolation: 0,interpolation_duration: 1}
$data merge entity $(bone_body1) {transformation: [-0.9972f,-0.0663f,0.0333f,-0.0219f,-0.0663f,0.9978f,0.0022f,0.2506f,-0.0334f,0f,-0.9994f,0f,0f,0f,0f,1f],start_interpolation: 0,interpolation_duration: 1}