# This file was generated by Animated Java via MC-Build. It is not recommended to edit this file directly.
$data merge entity $(bone_pupil1) {transformation: [-0.9957f,0.0513f,-0.0776f,0.1106f,0.0511f,0.9987f,0.004f,0.4498f,0.0777f,0f,-0.997f,0.2555f,0f,0f,0f,1f],start_interpolation: 0,interpolation_duration: 1}
$data merge entity $(bone_pupil_closed1) {transformation: [-0.9957f,0.0513f,-0.0776f,0.1098f,0.0511f,0.9987f,0.004f,0.4498f,0.0777f,0f,-0.997f,0.2443f,0f,0f,0f,1f],start_interpolation: 0,interpolation_duration: 1}
$data merge entity $(bone_eye1) {transformation: [-0.9957f,0.0513f,-0.0776f,0.1102f,0.0511f,0.9987f,0.004f,0.4498f,0.0777f,0f,-0.997f,0.2499f,0f,0f,0f,1f],start_interpolation: 0,interpolation_duration: 1}
$data merge entity $(bone_nail_head1) {transformation: [-0.8511f,0.0513f,0.5225f,0.1036f,0.0437f,0.9987f,-0.0268f,0.7005f,-0.5232f,0f,-0.8522f,0f,0f,0f,0f,1f],start_interpolation: 0,interpolation_duration: 1}
$data merge entity $(bone_nail_left_rotation1) {transformation: [-0.6734f,0.5526f,-0.4911f,0.2717f,0.6231f,0.7817f,0.0252f,0.2538f,0.3978f,-0.289f,-0.8707f,0.2359f,0f,0f,0f,1f],start_interpolation: 0,interpolation_duration: 1}
$data merge entity $(bone_nail_right_rotation1) {transformation: [-0.7907f,-0.5491f,0.2708f,-0.0706f,-0.5519f,0.8307f,0.073f,0.2713f,-0.265f,-0.0917f,-0.9599f,0.2626f,0f,0f,0f,1f],start_interpolation: 0,interpolation_duration: 1}
$data merge entity $(bone_magnet_left1) {transformation: [-0.9957f,-0.0041f,-0.0929f,0.3397f,0.0511f,0.8103f,-0.5838f,0.438f,0.0777f,-0.586f,-0.8066f,-0.0194f,0f,0f,0f,1f],start_interpolation: 0,interpolation_duration: 1}
$data merge entity $(bone_magnet_right1) {transformation: [-0.9957f,0.0871f,-0.0326f,-0.1582f,0.0511f,0.8056f,0.5902f,0.4636f,0.0777f,0.586f,-0.8066f,0.0194f,0f,0f,0f,1f],start_interpolation: 0,interpolation_duration: 1}
$data merge entity $(bone_body1) {transformation: [-0.9957f,0.0513f,-0.0776f,0.0892f,0.0511f,0.9987f,0.004f,0.4196f,0.0777f,0f,-0.997f,0f,0f,0f,0f,1f],start_interpolation: 0,interpolation_duration: 1}