# This file was generated by Animated Java via MC-Build. It is not recommended to edit this file directly.
$data merge entity $(bone_pupil1) {transformation: [-0.9929f,-0.0861f,0.0826f,-0.1074f,-0.0858f,0.9963f,0.0071f,0.2931f,-0.0829f,0f,-0.9966f,0.2554f,0f,0f,0f,1f],start_interpolation: 0,interpolation_duration: 1}
$data merge entity $(bone_pupil_closed1) {transformation: [-0.9929f,-0.0861f,0.0826f,-0.1065f,-0.0858f,0.9963f,0.0071f,0.2932f,-0.0829f,0f,-0.9966f,0.2442f,0f,0f,0f,1f],start_interpolation: 0,interpolation_duration: 1}
$data merge entity $(bone_eye1) {transformation: [-0.9929f,-0.0861f,0.0826f,-0.1069f,-0.0858f,0.9963f,0.0071f,0.2932f,-0.0829f,0f,-0.9966f,0.2498f,0f,0f,0f,1f],start_interpolation: 0,interpolation_duration: 1}
$data merge entity $(bone_nail_head1) {transformation: [-0.9936f,-0.0861f,-0.0737f,-0.1077f,-0.0858f,0.9963f,-0.0064f,0.544f,0.074f,0f,-0.9973f,0f,0f,0f,0f,1f],start_interpolation: 0,interpolation_duration: 1}
$data merge entity $(bone_nail_left_rotation1) {transformation: [-0.9098f,-0.2313f,-0.3447f,0.0799f,-0.2356f,0.9714f,-0.0298f,0.1211f,0.3418f,0.0541f,-0.9382f,0.2634f,0f,0f,0f,1f],start_interpolation: 0,interpolation_duration: 1}
$data merge entity $(bone_nail_right_rotation1) {transformation: [-0.9129f,0.0141f,0.4078f,-0.2614f,0.07f,0.99f,0.1224f,0.0916f,-0.402f,0.1403f,-0.9048f,0.2349f,0f,0f,0f,1f],start_interpolation: 0,interpolation_duration: 1}
$data merge entity $(bone_magnet_left1) {transformation: [-0.9929f,-0.0979f,0.0681f,0.162f,-0.0858f,0.9829f,0.1629f,0.3164f,-0.0829f,0.1559f,-0.9843f,0.0207f,0f,0f,0f,1f],start_interpolation: 0,interpolation_duration: 1}
$data merge entity $(bone_magnet_right1) {transformation: [-0.9929f,-0.0721f,0.095f,-0.3344f,-0.0858f,0.9851f,-0.1488f,0.2735f,-0.0829f,-0.1559f,-0.9843f,-0.0207f,0f,0f,0f,1f],start_interpolation: 0,interpolation_duration: 1}
$data merge entity $(bone_body1) {transformation: [-0.9929f,-0.0861f,0.0826f,-0.0835f,-0.0858f,0.9963f,0.0071f,0.2638f,-0.0829f,0f,-0.9966f,0f,0f,0f,0f,1f],start_interpolation: 0,interpolation_duration: 1}