# This file was generated by Animated Java via MC-Build. It is not recommended to edit this file directly.
$data merge entity $(bone_pupil1) {transformation: [-0.9986f,0.0137f,-0.0513f,0.0799f,0.0136f,0.9999f,0.0007f,0.4614f,0.0513f,0f,-0.9987f,0.2559f,0f,0f,0f,1f],start_interpolation: 0,interpolation_duration: 1}
$data merge entity $(bone_pupil_closed1) {transformation: [-0.9986f,0.0137f,-0.0513f,0.0793f,0.0136f,0.9999f,0.0007f,0.4614f,0.0513f,0f,-0.9987f,0.2447f,0f,0f,0f,1f],start_interpolation: 0,interpolation_duration: 1}
$data merge entity $(bone_eye1) {transformation: [-0.9986f,0.0137f,-0.0513f,0.0796f,0.0136f,0.9999f,0.0007f,0.4614f,0.0513f,0f,-0.9987f,0.2503f,0f,0f,0f,1f],start_interpolation: 0,interpolation_duration: 1}
$data merge entity $(bone_nail_head1) {transformation: [-0.6699f,0.0137f,-0.7424f,0.0701f,0.0091f,0.9999f,0.0101f,0.7116f,0.7424f,0f,-0.6699f,0f,0f,0f,0f,1f],start_interpolation: 0,interpolation_duration: 1}
$data merge entity $(bone_nail_left_rotation1) {transformation: [-0.6343f,-0.615f,-0.4685f,0.2486f,-0.6985f,0.7156f,0.0064f,0.2716f,0.3313f,0.3313f,-0.8834f,0.2409f,0f,0f,0f,1f],start_interpolation: 0,interpolation_duration: 1}
$data merge entity $(bone_nail_right_rotation1) {transformation: [-0.6894f,0.6624f,0.2931f,-0.0947f,0.7085f,0.7008f,0.0828f,0.2763f,-0.1506f,0.2648f,-0.9525f,0.2585f,0f,0f,0f,1f],start_interpolation: 0,interpolation_duration: 1}
$data merge entity $(bone_magnet_left1) {transformation: [-0.9986f,0.0459f,-0.0266f,0.3164f,0.0136f,0.7065f,0.7075f,0.4582f,0.0513f,0.7062f,-0.7062f,-0.0128f,0f,0f,0f,1f],start_interpolation: 0,interpolation_duration: 1}
$data merge entity $(bone_magnet_right1) {transformation: [-0.9986f,-0.0266f,-0.0459f,-0.1829f,0.0136f,0.7075f,-0.7065f,0.465f,0.0513f,-0.7062f,-0.7062f,0.0128f,0f,0f,0f,1f],start_interpolation: 0,interpolation_duration: 1}
$data merge entity $(bone_body1) {transformation: [-0.9986f,0.0137f,-0.0513f,0.0663f,0.0136f,0.9999f,0.0007f,0.4304f,0.0513f,0f,-0.9987f,0f,0f,0f,0f,1f],start_interpolation: 0,interpolation_duration: 1}