# This file was generated by Animated Java via MC-Build. It is not recommended to edit this file directly.
$data merge entity $(bone_pupil1) {transformation: [-0.9935f,0.0743f,-0.0866f,0.118f,0.0741f,0.9972f,0.0065f,0.4369f,0.0869f,0f,-0.9962f,0.2553f,0f,0f,0f,1f],start_interpolation: 0,interpolation_duration: 1}
$data merge entity $(bone_pupil_closed1) {transformation: [-0.9935f,0.0743f,-0.0866f,0.117f,0.0741f,0.9972f,0.0065f,0.437f,0.0869f,0f,-0.9962f,0.2441f,0f,0f,0f,1f],start_interpolation: 0,interpolation_duration: 1}
$data merge entity $(bone_eye1) {transformation: [-0.9935f,0.0743f,-0.0866f,0.1175f,0.0741f,0.9972f,0.0065f,0.4369f,0.0869f,0f,-0.9962f,0.2497f,0f,0f,0f,1f],start_interpolation: 0,interpolation_duration: 1}
$data merge entity $(bone_nail_head1) {transformation: [0.1477f,0.0743f,0.9862f,0.1144f,-0.011f,0.9972f,-0.0735f,0.6879f,-0.989f,0f,0.1481f,0f,0f,0f,0f,1f],start_interpolation: 0,interpolation_duration: 1}
$data merge entity $(bone_nail_left_rotation1) {transformation: [0.2739f,0.8225f,-0.4984f,0.2743f,0.9546f,-0.2954f,0.0372f,0.2372f,-0.1167f,-0.486f,-0.8662f,0.2341f,0f,0f,0f,1f],start_interpolation: 0,interpolation_duration: 1}
$data merge entity $(bone_nail_right_rotation1) {transformation: [0.1819f,-0.9474f,0.2635f,-0.0672f,-0.9831f,-0.17f,0.0674f,0.2627f,-0.0191f,-0.2713f,-0.9623f,0.264f,0f,0f,0f,1f],start_interpolation: 0,interpolation_duration: 1}
$data merge entity $(bone_magnet_left1) {transformation: [-0.9935f,-0.1016f,-0.0521f,0.3441f,0.0741f,-0.2265f,-0.9712f,0.42f,0.0869f,-0.9687f,0.2326f,-0.0217f,0f,0f,0f,1f],start_interpolation: 0,interpolation_duration: 1}
$data merge entity $(bone_magnet_right1) {transformation: [-0.9935f,0.0669f,0.0925f,-0.1526f,0.0741f,-0.2391f,0.9682f,0.4571f,0.0869f,0.9687f,0.2326f,0.0217f,0f,0f,0f,1f],start_interpolation: 0,interpolation_duration: 1}
$data merge entity $(bone_body1) {transformation: [-0.9935f,0.0743f,-0.0866f,0.0935f,0.0741f,0.9972f,0.0065f,0.4074f,0.0869f,0f,-0.9962f,0f,0f,0f,0f,1f],start_interpolation: 0,interpolation_duration: 1}