# This file was generated by Animated Java via MC-Build. It is not recommended to edit this file directly.
$data merge entity $(bone_pupil1) {transformation: [-0.993f,0.0869f,-0.0802f,0.1032f,0.0866f,0.9962f,0.007f,0.3273f,0.0805f,0f,-0.9968f,0.2554f,0f,0f,0f,1f],start_interpolation: 0,interpolation_duration: 1}
$data merge entity $(bone_pupil_closed1) {transformation: [-0.993f,0.0869f,-0.0802f,0.1023f,0.0866f,0.9962f,0.007f,0.3274f,0.0805f,0f,-0.9968f,0.2442f,0f,0f,0f,1f],start_interpolation: 0,interpolation_duration: 1}
$data merge entity $(bone_eye1) {transformation: [-0.993f,0.0869f,-0.0802f,0.1028f,0.0866f,0.9962f,0.007f,0.3273f,0.0805f,0f,-0.9968f,0.2498f,0f,0f,0f,1f],start_interpolation: 0,interpolation_duration: 1}
$data merge entity $(bone_nail_head1) {transformation: [0.9962f,0.0869f,0.0021f,0.1044f,-0.0869f,0.9962f,-0.0002f,0.5781f,-0.0021f,0f,1f,0f,0f,0f,0f,1f],start_interpolation: 0,interpolation_duration: 1}
$data merge entity $(bone_nail_left_rotation1) {transformation: [0.8566f,-0.1546f,-0.4924f,0.2571f,-0.1535f,-0.9872f,0.0429f,0.1256f,-0.4927f,0.0388f,-0.8693f,0.2353f,0f,0f,0f,1f],start_interpolation: 0,interpolation_duration: 1}
$data merge entity $(bone_nail_right_rotation1) {transformation: [0.9625f,0.0193f,0.2705f,-0.0843f,0.0021f,-0.998f,0.0636f,0.1554f,0.2711f,-0.0606f,-0.9606f,0.263f,0f,0f,0f,1f],start_interpolation: 0,interpolation_duration: 1}
$data merge entity $(bone_magnet_left1) {transformation: [-0.993f,-0.0803f,0.0868f,0.3309f,0.0866f,-0.9937f,0.0712f,0.3074f,0.0805f,0.0782f,0.9937f,-0.0201f,0f,0f,0f,1f],start_interpolation: 0,interpolation_duration: 1}
$data merge entity $(bone_magnet_right1) {transformation: [-0.993f,-0.0929f,0.0732f,-0.1656f,0.0866f,-0.9926f,-0.0851f,0.3507f,0.0805f,-0.0782f,0.9937f,0.0201f,0f,0f,0f,1f],start_interpolation: 0,interpolation_duration: 1}
$data merge entity $(bone_body1) {transformation: [-0.993f,0.0869f,-0.0802f,0.0799f,0.0866f,0.9962f,0.007f,0.2979f,0.0805f,0f,-0.9968f,0f,0f,0f,0f,1f],start_interpolation: 0,interpolation_duration: 1}