# This file was generated by Animated Java via MC-Build. It is not recommended to edit this file directly.
$data merge entity $(bone_pupil1) {transformation: [-0.9942f,0.0848f,-0.0661f,0.0805f,0.0846f,0.9964f,0.0056f,0.4059f,0.0663f,0f,-0.9978f,0.2557f,0f,0f,0f,1f],start_interpolation: 0,interpolation_duration: 1}
$data merge entity $(bone_pupil_closed1) {transformation: [-0.9942f,0.0848f,-0.0661f,0.0797f,0.0846f,0.9964f,0.0056f,0.406f,0.0663f,0f,-0.9978f,0.2445f,0f,0f,0f,1f],start_interpolation: 0,interpolation_duration: 1}
$data merge entity $(bone_eye1) {transformation: [-0.9942f,0.0848f,-0.0661f,0.0801f,0.0846f,0.9964f,0.0056f,0.4059f,0.0663f,0f,-0.9978f,0.2501f,0f,0f,0f,1f],start_interpolation: 0,interpolation_duration: 1}
$data merge entity $(bone_nail_head1) {transformation: [0.5758f,0.0848f,-0.8132f,0.0847f,-0.049f,0.9964f,0.0692f,0.6564f,0.8161f,0f,0.5779f,0f,0f,0f,0f,1f],start_interpolation: 0,interpolation_duration: 1}
$data merge entity $(bone_nail_left_rotation1) {transformation: [0.3839f,-0.7888f,-0.4801f,0.235f,-0.8884f,-0.4573f,0.0408f,0.2046f,-0.2517f,0.4108f,-0.8763f,0.2381f,0f,0f,0f,1f],start_interpolation: 0,interpolation_duration: 1}
$data merge entity $(bone_nail_right_rotation1) {transformation: [0.5454f,0.7886f,0.2839f,-0.1067f,0.8101f,-0.583f,0.063f,0.2336f,0.2152f,0.1957f,-0.9568f,0.2608f,0f,0f,0f,1f],start_interpolation: 0,interpolation_duration: 1}
$data merge entity $(bone_magnet_left1) {transformation: [-0.9942f,0.0121f,0.1068f,0.3121f,0.0846f,-0.5254f,0.8466f,0.3862f,0.0663f,0.8508f,0.5213f,-0.0166f,0f,0f,0f,1f],start_interpolation: 0,interpolation_duration: 1}
$data merge entity $(bone_magnet_right1) {transformation: [-0.9942f,-0.1006f,-0.0377f,-0.185f,0.0846f,-0.5158f,-0.8525f,0.4285f,0.0663f,-0.8508f,0.5213f,0.0166f,0f,0f,0f,1f],start_interpolation: 0,interpolation_duration: 1}
$data merge entity $(bone_body1) {transformation: [-0.9942f,0.0848f,-0.0661f,0.0609f,0.0846f,0.9964f,0.0056f,0.3762f,0.0663f,0f,-0.9978f,0f,0f,0f,0f,1f],start_interpolation: 0,interpolation_duration: 1}