# This file was generated by Animated Java via MC-Build. It is not recommended to edit this file directly.
$data merge entity $(bone_pupil1) {transformation: [-0.9967f,0.0396f,-0.0705f,0.1028f,0.0395f,0.9992f,0.0028f,0.4542f,0.0705f,0f,-0.9975f,0.2556f,0f,0f,0f,1f],start_interpolation: 0,interpolation_duration: 1}
$data merge entity $(bone_pupil_closed1) {transformation: [-0.9967f,0.0396f,-0.0705f,0.102f,0.0395f,0.9992f,0.0028f,0.4542f,0.0705f,0f,-0.9975f,0.2444f,0f,0f,0f,1f],start_interpolation: 0,interpolation_duration: 1}
$data merge entity $(bone_eye1) {transformation: [-0.9967f,0.0396f,-0.0705f,0.1024f,0.0395f,0.9992f,0.0028f,0.4542f,0.0705f,0f,-0.9975f,0.25f,0f,0f,0f,1f],start_interpolation: 0,interpolation_duration: 1}
$data merge entity $(bone_nail_head1) {transformation: [-0.9955f,0.0396f,0.0863f,0.0947f,0.0395f,0.9992f,-0.0034f,0.7047f,-0.0864f,0f,-0.9963f,0f,0f,0f,0f,1f],start_interpolation: 0,interpolation_duration: 1}
$data merge entity $(bone_nail_left_rotation1) {transformation: [-0.8566f,0.1758f,-0.4851f,0.2663f,0.1905f,0.9815f,0.0192f,0.2601f,0.4795f,-0.0759f,-0.8742f,0.2373f,0f,0f,0f,1f],start_interpolation: 0,interpolation_duration: 1}
$data merge entity $(bone_nail_right_rotation1) {transformation: [-0.9504f,-0.1421f,0.2767f,-0.0763f,-0.1258f,0.9891f,0.0759f,0.2736f,-0.2845f,0.0373f,-0.9579f,0.2615f,0f,0f,0f,1f],start_interpolation: 0,interpolation_duration: 1}
$data merge entity $(bone_magnet_left1) {transformation: [-0.9967f,0.0281f,-0.0758f,0.334f,0.0395f,0.9874f,-0.1536f,0.445f,0.0705f,-0.156f,-0.9852f,-0.0176f,0f,0f,0f,1f],start_interpolation: 0,interpolation_duration: 1}
$data merge entity $(bone_magnet_right1) {transformation: [-0.9967f,0.0501f,-0.0634f,-0.1644f,0.0395f,0.9865f,0.1591f,0.4648f,0.0705f,0.156f,-0.9852f,0.0176f,0f,0f,0f,1f],start_interpolation: 0,interpolation_duration: 1}
$data merge entity $(bone_body1) {transformation: [-0.9967f,0.0396f,-0.0705f,0.0835f,0.0395f,0.9992f,0.0028f,0.4237f,0.0705f,0f,-0.9975f,0f,0f,0f,0f,1f],start_interpolation: 0,interpolation_duration: 1}