# This file was generated by Animated Java via MC-Build. It is not recommended to edit this file directly.
$data merge entity $(bone_pupil1) {transformation: [-0.9962f,-0.0743f,0.0455f,-0.0498f,-0.0743f,0.9972f,0.0034f,0.466f,-0.0456f,0f,-0.999f,0.256f,0f,0f,0f,1f],start_interpolation: 0,interpolation_duration: 1}
$data merge entity $(bone_pupil_closed1) {transformation: [-0.9962f,-0.0743f,0.0455f,-0.0493f,-0.0743f,0.9972f,0.0034f,0.466f,-0.0456f,0f,-0.999f,0.2447f,0f,0f,0f,1f],start_interpolation: 0,interpolation_duration: 1}
$data merge entity $(bone_eye1) {transformation: [-0.9962f,-0.0743f,0.0455f,-0.0496f,-0.0743f,0.9972f,0.0034f,0.466f,-0.0456f,0f,-0.999f,0.2504f,0f,0f,0f,1f],start_interpolation: 0,interpolation_duration: 1}
$data merge entity $(bone_nail_head1) {transformation: [0.4232f,-0.0743f,0.903f,-0.0568f,0.0315f,0.9972f,0.0673f,0.7162f,-0.9055f,0f,0.4244f,0f,0f,0f,0f,1f],start_interpolation: 0,interpolation_duration: 1}
$data merge entity $(bone_nail_left_rotation1) {transformation: [0.2842f,0.8803f,-0.3798f,0.1356f,0.9476f,-0.3181f,-0.0283f,0.2918f,-0.1458f,-0.3519f,-0.9246f,0.2576f,0f,0f,0f,1f],start_interpolation: 0,interpolation_duration: 1}
$data merge entity $(bone_nail_right_rotation1) {transformation: [0.4576f,-0.8061f,0.3752f,-0.2068f,-0.8859f,-0.4494f,0.115f,0.2663f,0.0759f,-0.3851f,-0.9198f,0.2419f,0f,0f,0f,1f],start_interpolation: 0,interpolation_duration: 1}
$data merge entity $(bone_magnet_left1) {transformation: [-0.9962f,0.0704f,0.0513f,0.2108f,-0.0743f,-0.3785f,-0.9226f,0.4854f,-0.0456f,-0.9229f,0.3823f,0.0114f,0f,0f,0f,1f],start_interpolation: 0,interpolation_duration: 1}
$data merge entity $(bone_magnet_right1) {transformation: [-0.9962f,-0.0135f,-0.0861f,-0.2872f,-0.0743f,-0.3848f,0.92f,0.4483f,-0.0456f,0.9229f,0.3823f,-0.0114f,0f,0f,0f,1f],start_interpolation: 0,interpolation_duration: 1}
$data merge entity $(bone_body1) {transformation: [-0.9962f,-0.0743f,0.0455f,-0.0359f,-0.0743f,0.9972f,0.0034f,0.4357f,-0.0456f,0f,-0.999f,0f,0f,0f,0f,1f],start_interpolation: 0,interpolation_duration: 1}