# This file was generated by Animated Java via MC-Build. It is not recommended to edit this file directly.
$data merge entity $(bone_pupil1) {transformation: [-0.9938f,0.0705f,-0.0859f,0.118f,0.0703f,0.9975f,0.0061f,0.3071f,0.0861f,0f,-0.9963f,0.2553f,0f,0f,0f,1f],start_interpolation: 0,interpolation_duration: 1}
$data merge entity $(bone_pupil_closed1) {transformation: [-0.9938f,0.0705f,-0.0859f,0.117f,0.0703f,0.9975f,0.0061f,0.3071f,0.0861f,0f,-0.9963f,0.2441f,0f,0f,0f,1f],start_interpolation: 0,interpolation_duration: 1}
$data merge entity $(bone_eye1) {transformation: [-0.9938f,0.0705f,-0.0859f,0.1175f,0.0703f,0.9975f,0.0061f,0.3071f,0.0861f,0f,-0.9963f,0.2497f,0f,0f,0f,1f],start_interpolation: 0,interpolation_duration: 1}
$data merge entity $(bone_nail_head1) {transformation: [-0.0859f,0.0705f,0.9938f,0.1136f,0.0061f,0.9975f,-0.0703f,0.558f,-0.9963f,0f,-0.0861f,0f,0f,0f,0f,1f],start_interpolation: 0,interpolation_duration: 1}
$data merge entity $(bone_nail_left_rotation1) {transformation: [0.0705f,0.8644f,-0.4978f,0.275f,0.9975f,-0.0611f,0.0352f,0.108f,0f,-0.4991f,-0.8666f,0.2343f,0f,0f,0f,1f],start_interpolation: 0,interpolation_duration: 1}
$data merge entity $(bone_nail_right_rotation1) {transformation: [-0.0405f,-0.9637f,0.264f,-0.0666f,-0.9958f,0.0605f,0.0684f,0.1322f,-0.0819f,-0.2602f,-0.9621f,0.2639f,0f,0f,0f,1f],start_interpolation: 0,interpolation_duration: 1}
$data merge entity $(bone_magnet_left1) {transformation: [-0.9938f,-0.0859f,-0.0705f,0.3444f,0.0703f,0.0061f,-0.9975f,0.2911f,0.0861f,-0.9963f,0f,-0.0215f,0f,0f,0f,1f],start_interpolation: 0,interpolation_duration: 1}
$data merge entity $(bone_magnet_right1) {transformation: [-0.9938f,0.0859f,0.0705f,-0.1525f,0.0703f,-0.0061f,0.9975f,0.3262f,0.0861f,0.9963f,0f,0.0215f,0f,0f,0f,1f],start_interpolation: 0,interpolation_duration: 1}
$data merge entity $(bone_body1) {transformation: [-0.9938f,0.0705f,-0.0859f,0.0938f,0.0703f,0.9975f,0.0061f,0.2775f,0.0861f,0f,-0.9963f,0f,0f,0f,0f,1f],start_interpolation: 0,interpolation_duration: 1}