# This file was generated by Animated Java via MC-Build. It is not recommended to edit this file directly.
$data merge entity $(bone_neck_spine5) { transformation: [-1.3619079213726686f,0.006340009948067539f,0.11986775267972197f,0.17307226561552053f,0.08981476169210519f,0.9595933507668999f,0.969698700577862f,2.819564716508613f,-0.07963530900812113f,0.9738285606789638f,-0.9563042466293714f,0.4563910195563285f,0f,0f,0f,1f], start_interpolation: 0, interpolation_duration: 1 }
$data merge entity $(bone_neck_spine2) { transformation: [-1.297055163212065f,0.08499272837380195f,0.07645355879843295f,0.021011197106776965f,0.0855378682781954f,1.2992528499001768f,0.006805296550089018f,3.681732471536343f,-0.07584315143630582f,0.011801486952485112f,-1.2998190444174775f,2.3527126735428463f,0f,0f,0f,1f], start_interpolation: 0, interpolation_duration: 1 }
$data merge entity $(bone_scale_neck_left1) { transformation: [-1.3569955762868853f,0.41689144460668515f,0.19032589880085626f,0.6525055436376908f,0.4573666555866506f,1.2695479102366887f,0.4801283832204844f,2.854556707844125f,-0.02895110875398052f,0.5156636941168006f,-1.3359312131522743f,2.3561167306814665f,0f,0f,0f,1f], start_interpolation: 0, interpolation_duration: 1 }
$data merge entity $(bone_scale_neck_right1) { transformation: [-1.3992944003029706f,-0.3041477473442692f,0.030475358388951445f,-0.7094023777349776f,-0.2755955361762835f,1.317098821850795f,0.490670166529138f,2.9443714695362306f,-0.1322183804288769f,0.47350212213614395f,-1.345278208629022f,2.276481421673345f,0f,0f,0f,1f], start_interpolation: 0, interpolation_duration: 1 }
$data merge entity $(bone_blush_right1) { transformation: [-0.977677856722099f,0.0286003151595072f,0.2081538624384862f,-0.7977778781079051f,0.0835806525352204f,0.9618740265772656f,0.26040858572217684f,2.5334742501635965f,-0.19277002618942116f,0.27199334361122585f,-0.9427933697444609f,3.3301080838898143f,0f,0f,0f,1f], start_interpolation: 0, interpolation_duration: 1 }
$data merge entity $(bone_blush_left1) { transformation: [-0.977677856722099f,0.0286003151595072f,0.2081538624384862f,0.32884308959920105f,0.0835806525352204f,0.9618740265772656f,0.26040858572217684f,2.4371606075937136f,-0.19277002618942116f,0.27199334361122585f,-0.9427933697444609f,3.55224541875653f,0f,0f,0f,1f], start_interpolation: 0, interpolation_duration: 1 }
$data merge entity $(bone_left_head_scales) { transformation: [-0.9633256075914541f,0.0286003151595072f,-0.26680666358120275f,0.42769156154682875f,-0.04610635908886632f,0.9618740265772656f,0.2695784869896077f,3.135915798758394f,0.26434442950462333f,0.27199334361122585f,-0.9252792246781839f,3.404536135747379f,0f,0f,0f,1f], start_interpolation: 0, interpolation_duration: 1 }
$data merge entity $(bone_left_head_scales2) { transformation: [-0.9202589656201601f,0.0286003151595072f,-0.39026331901485456f,0.37485627688532613f,-0.0808989662065084f,0.9618740265772656f,0.2612541181737731f,2.346305926570758f,0.3828561002027152f,0.27199334361122585f,-0.8828594608253085f,3.3301458335722702f,0f,0f,0f,1f], start_interpolation: 0, interpolation_duration: 1 }
$data merge entity $(bone_left_head_scales1) { transformation: [-0.977677856722099f,0.0286003151595072f,0.2081538624384862f,0.42489856201953313f,0.0835806525352204f,0.9618740265772656f,0.26040858572217684f,3.0419827883504578f,-0.19277002618942116f,0.27199334361122585f,-0.9427933697444609f,3.377974285785345f,0f,0f,0f,1f], start_interpolation: 0, interpolation_duration: 1 }
$data merge entity $(bone_right_head_scales) { transformation: [-0.7710960929504801f,0.0286003151595072f,0.636076125482856f,-0.7180246767993809f,0.1943802475745569f,0.9618740265772656f,0.19239198618677322f,3.2338618759481053f,-0.6063226325887555f,0.27199334361122585f,-0.7472566401456912f,3.178633761306651f,0f,0f,0f,1f], start_interpolation: 0, interpolation_duration: 1 }
$data merge entity $(bone_right_head_scales2) { transformation: [-0.6814746643598146f,0.0286003151595072f,0.7312826429011257f,-0.7708599614608835f,0.21782949098097582f,0.9618740265772656f,0.1653743325156796f,2.4442520037604694f,-0.6986720222641288f,0.27199334361122585f,-0.6617227715112565f,3.1042434591315424f,0f,0f,0f,1f], start_interpolation: 0, interpolation_duration: 1 }
$data merge entity $(bone_right_head_scales1) { transformation: [-0.977677856722099f,0.0286003151595072f,0.2081538624384862f,-0.7208176763266765f,0.0835806525352204f,0.9618740265772656f,0.26040858572217684f,3.139928865540169f,-0.19277002618942116f,0.27199334361122585f,-0.9427933697444609f,3.1520719113446174f,0f,0f,0f,1f], start_interpolation: 0, interpolation_duration: 1 }
$data merge entity $(bone_head_left_fin1) { transformation: [-0.6389038949808885f,0.20080306444741122f,-0.7426169552917435f,0.4296704019032599f,0.07148165774890777f,0.9766518094834616f,0.20258730374371378f,2.7088071129907214f,0.7659583445486564f,0.07635032639883454f,-0.6383403810468781f,3.209315479287986f,0f,0f,0f,1f], start_interpolation: 0, interpolation_duration: 1 }
$data merge entity $(bone_head_right_fin1) { transformation: [-0.3054603008291297f,-0.05223867480157678f,0.9507708059634316f,-0.7160458364429497f,0.00925104492407064f,0.9982840818517712f,0.057821363605321f,2.806753190180433f,-0.9521598724926349f,0.026457754559694208f,-0.3044528936280103f,2.983413104847258f,0f,0f,0f,1f], start_interpolation: 0, interpolation_duration: 1 }
$data merge entity $(bone_right_whisker16) { transformation: [-0.0543520647317812f,-0.5056383370069497f,0.8610317794415253f,-0.8548541568974632f,0.9985203856889738f,-0.028991837782800435f,0.04600557254854433f,1.6193787096062986f,0.0017007124789061787f,0.8622582823555961f,0.5064659535311743f,1.3746100459773827f,0f,0f,0f,1f], start_interpolation: 0, interpolation_duration: 1 }
$data merge entity $(bone_right_whisker15) { transformation: [0.5826709276100642f,-0.18336897045664097f,0.7917514829741081f,-1.0255585302207242f,0.2899945138671522f,0.9569929707713627f,0.008224100021037017f,1.5344193793717813f,-0.7592086485578134f,0.2248116424206577f,0.6107879774415546f,1.5970344547345545f,0f,0f,0f,1f], start_interpolation: 0, interpolation_duration: 1 }
$data merge entity $(bone_right_whisker14) { transformation: [0.7473116290651397f,-0.044798286321013917f,0.6629618711560326f,-1.2444974840484018f,-0.3356604740888339f,0.8356153883275071f,0.43483211579266867f,1.6327574088899943f,-0.573460875037231f,-0.5474851927979149f,0.6094280830980495f,1.7650405704681182f,0f,0f,0f,1f], start_interpolation: 0, interpolation_duration: 1 }
$data merge entity $(bone_right_whisker13) { transformation: [0.3638090236933181f,-0.3094304304195299f,0.87857600866954f,-1.3510821589585535f,0.09908887513532808f,0.9507152547257796f,0.2938058870344696f,1.6037274650026911f,-0.9261880959630879f,-0.0198321244974088f,0.37653990191504144f,2.0363847392073042f,0f,0f,0f,1f], start_interpolation: 0, interpolation_duration: 1 }
$data merge entity $(bone_right_whisker12) { transformation: [-0.3452923407459759f,-0.1663394800860414f,0.9236364960236633f,-1.2162023383546567f,-0.3733875499099354f,0.9272705160883696f,0.02740670657821158f,1.7495819766862597f,-0.8610197076690057f,-0.3354110423911446f,-0.3822884979275018f,2.3727205625155094f,0f,0f,0f,1f], start_interpolation: 0, interpolation_duration: 1 }
$data merge entity $(bone_right_whisker11) { transformation: [-0.8354099360689943f,-0.08766158742228411f,0.5425916372446267f,-0.8898703320777057f,-0.14992858232646294f,0.9861063717099298f,-0.07152372945152385f,1.8081478291575344f,-0.5287831870613665f,-0.14110162920279493f,-0.8369460384741305f,2.5792764949613556f,0f,0f,0f,1f], start_interpolation: 0, interpolation_duration: 1 }
$data merge entity $(bone_right_whisker10) { transformation: [-0.3881877507153553f,-0.43250786895718535f,0.813785729467326f,-0.7382344919545201f,-0.5232129966064274f,0.8303533376980472f,0.19173287343550444f,2.01252790595692f,-0.7586556731328619f,-0.35135491723302675f,-0.5486267326329416f,2.8756263672788798f,0f,0f,0f,1f], start_interpolation: 0, interpolation_duration: 1 }
$data merge entity $(bone_right_whisker1) { transformation: [0.12303132320958367f,-0.4235555102912729f,0.8974764750182586f,-0.7862936025832636f,-0.7613546389178789f,0.53978922363562f,0.35911935041860493f,2.3099320617842167f,-0.6365551094033612f,-0.7274808064469842f,-0.2560649701613257f,3.124280706889568f,0f,0f,0f,1f], start_interpolation: 0, interpolation_duration: 1 }
$data merge entity $(bone_left_whisker16) { transformation: [-0.2121002482408041f,0.13124193571186324f,-0.9683950841504686f,0.9685830827632416f,-0.9757416574661274f,-0.0834380630037716f,0.20240135258301328f,1.4634949762272556f,-0.0542374647401954f,0.9878328016181599f,0.14575545775638765f,1.7341395597403935f,0f,0f,0f,1f], start_interpolation: 0, interpolation_duration: 1 }
$data merge entity $(bone_left_whisker15) { transformation: [0.1976604283691486f,0.2388410805629474f,-0.9507288221635279f,1.0264914113870156f,-0.35670422144414893f,0.9208986772077755f,0.15718691014487357f,1.3589917863510401f,0.913067606183052f,0.3080593523210954f,0.26722084871255625f,2.0016398349893345f,0f,0f,0f,1f], start_interpolation: 0, interpolation_duration: 1 }
$data merge entity $(bone_left_whisker14) { transformation: [0.520030052463607f,0.38377326840542964f,-0.7630772064425151f,1.178843965819713f,0.2273167655769153f,0.7989772564972882f,0.5567426979204271f,1.425588495016152f,0.8233442977408348f,-0.4629831768622705f,0.32825408652470955f,2.242853984718095f,0f,0f,0f,1f], start_interpolation: 0, interpolation_duration: 1 }
$data merge entity $(bone_left_whisker13) { transformation: [-0.0336182523028738f,0.44496090023137014f,-0.8949187730612145f,1.1689948684653555f,-0.12731653718594338f,0.8862231326538791f,0.4454200921693194f,1.3882887282624576f,0.9912922437258758f,0.1289122042881643f,0.026857608130396282f,2.53327163424716f,0f,0f,0f,1f], start_interpolation: 0, interpolation_duration: 1 }
$data merge entity $(bone_left_whisker12) { transformation: [-0.5783306696454671f,0.4296245820971526f,-0.6935101693596664f,0.9430844506350948f,0.4523471104382702f,0.8763221747074819f,0.16565487555184288f,1.564986818277407f,0.6789077464763329f,-0.21790402606146678f,-0.7011434284086467f,2.7984699727144777f,0f,0f,0f,1f], start_interpolation: 0, interpolation_duration: 1 }
$data merge entity $(bone_left_whisker11) { transformation: [-0.936463440719999f,0.2942670387196885f,-0.19090084891903158f,0.5772784191038453f,0.30140417525676655f,0.9534556948276158f,-0.008818227632364062f,1.6827228242370813f,0.17942058781714482f,-0.0657962607139133f,-0.9815697146629052f,2.86855613983055f,0f,0f,0f,1f], start_interpolation: 0, interpolation_duration: 1 }
$data merge entity $(bone_left_whisker10) { transformation: [-0.5543683164736793f,0.6624630497415552f,-0.5038040069483936f,0.3607282954813143f,0.6037911242637496f,0.7367454245570378f,0.3043722353543226f,1.9185787321526084f,0.5728106562822097f,-0.13545806406924615f,-0.808417630268017f,3.0923103024407883f,0f,0f,0f,1f], start_interpolation: 0, interpolation_duration: 1 }
$data merge entity $(bone_left_whisker1) { transformation: [-0.0033424888790228036f,0.7485888723219041f,-0.6630260387073154f,0.35942263576294603f,0.7511225662512564f,0.4395838321657081f,0.492525070394023f,2.2119859845945054f,0.6601543139571386f,-0.4963675601148116f,-0.5637512989159748f,3.3501830813302957f,0f,0f,0f,1f], start_interpolation: 0, interpolation_duration: 1 }
$data merge entity $(bone_upper_left_tooth1) { transformation: [-0.977677856722099f,0.046633286812274174f,0.20486909243799453f,-0.10589423787392835f,0.0835806525352204f,0.9809099092149143f,0.1755848072179801f,2.371730795488625f,-0.19277002618942116f,0.18878847042410352f,-0.962911538220338f,4.132973109585498f,0f,0f,0f,1f], start_interpolation: 0, interpolation_duration: 1 }
$data merge entity $(bone_upper_right_tooth1) { transformation: [-0.977677856722099f,0.046633286812274174f,0.20486909243799453f,-0.6787523570470332f,0.0835806525352204f,0.9809099092149143f,0.1755848072179801f,2.4207038340834806f,-0.19277002618942116f,0.18878847042410352f,-0.962911538220338f,4.0200219223651334f,0f,0f,0f,1f], start_interpolation: 0, interpolation_duration: 1 }
$data merge entity $(bone_top_lip1) { transformation: [-0.977677856722099f,0.1138903118591294f,0.1765644509518086f,-0.3634444685304839f,0.0835806525352204f,0.9818073442755337f,-0.1704952000744014f,2.499547927046259f,-0.19277002618942116f,-0.15193200976507126f,-0.9694103266479456f,4.101483887154803f,0f,0f,0f,1f], start_interpolation: 0, interpolation_duration: 1 }
$data merge entity $(bone_muzzle1) { transformation: [-0.977677856722099f,0.046633286812274174f,0.20486909243799453f,-0.2565796841156027f,0.0835806525352204f,0.9809099092149143f,0.1755848072179801f,2.728970671178317f,-0.19277002618942116f,0.18878847042410352f,-0.962911538220338f,3.6589667987304346f,0f,0f,0f,1f], start_interpolation: 0, interpolation_duration: 1 }
$data merge entity $(bone_jaw_right_tooth1) { transformation: [-0.977677856722099f,0.16741048445378529f,0.12696353086706536f,-0.6794891423677052f,0.0835806525352204f,0.8642843236833434f,-0.4960109699966443f,2.449459134597726f,-0.19277002618942116f,-0.4743272472989238f,-0.8589839227091247f,4.036226337209879f,0f,0f,0f,1f], start_interpolation: 0, interpolation_duration: 1 }
$data merge entity $(bone_jaw_left_tooth1) { transformation: [-0.977677856722099f,0.16741048445378529f,0.12696353086706536f,-0.058892846596841575f,0.0835806525352204f,0.8642843236833434f,-0.4960109699966443f,2.396405009453299f,-0.19277002618942116f,-0.4743272472989238f,-0.8589839227091247f,4.158590123365274f,0f,0f,0f,1f], start_interpolation: 0, interpolation_duration: 1 }
$data merge entity $(bone_tongue1) { transformation: [-0.977677856722099f,0.09806831897254287f,0.18581876463151653f,-0.2400571389247721f,0.0835806525352204f,0.9929309067122187f,-0.08427626603877031f,2.35698036985293f,-0.19277002618942116f,-0.06686418555213586f,-0.9789631748402897f,3.4138824377162895f,0f,0f,0f,1f], start_interpolation: 0, interpolation_duration: 1 }
$data merge entity $(bone_jaw_lips1) { transformation: [-0.977677856722099f,0.09806831897254287f,0.18581876463151653f,-0.3485033734648977f,0.0835806525352204f,0.9929309067122187f,-0.08427626603877031f,2.307229631249649f,-0.19277002618942116f,-0.06686418555213586f,-0.9789631748402897f,4.195619157563613f,0f,0f,0f,1f], start_interpolation: 0, interpolation_duration: 1 }
$data merge entity $(bone_jaw3) { transformation: [-0.977677856722099f,0.14282015726039254f,0.15410519509542855f,-0.23856919516473846f,0.0835806525352204f,0.9372853038129931f,-0.3383940510380931f,1.9742101600116158f,-0.19277002618942116f,-0.3179601577812882f,-0.9283000889080149f,3.4936729099605217f,0f,0f,0f,1f], start_interpolation: 0, interpolation_duration: 1 }
$data merge entity $(bone_jaw1) { transformation: [-0.977677856722099f,-0.007979726779100749f,0.20995793015700612f,-0.07453956222957742f,0.0835806525352204f,0.9020415224348831f,0.42348006603043864f,2.305053961597896f,-0.19277002618942116f,0.4315755041286388f,-0.8812390715572258f,2.805204885306439f,0f,0f,0f,1f], start_interpolation: 0, interpolation_duration: 1 }
$data merge entity $(bone_tear_right1) { transformation: [-0.977677856722099f,0.0286003151595072f,0.2081538624384862f,-0.7585589762304943f,0.0835806525352204f,0.9618740265772656f,0.26040858572217684f,2.8352712266873135f,-0.19277002618942116f,0.27199334361122585f,-0.9427933697444609f,3.5153498562046592f,0f,0f,0f,1f], start_interpolation: 0, interpolation_duration: 1 }
$data merge entity $(bone_right_pupil1) { transformation: [-0.977677856722099f,0.0286003151595072f,0.2081538624384862f,-0.6104268148321801f,0.0835806525352204f,0.9618740265772656f,0.26040858572217684f,2.9004783620309595f,-0.19277002618942116f,0.27199334361122585f,-0.9427933697444609f,3.6282150214201243f,0f,0f,0f,1f], start_interpolation: 0, interpolation_duration: 1 }
$data merge entity $(bone_right_sad_pupil1) { transformation: [-0.977677856722099f,0.0286003151595072f,0.2081538624384862f,-0.6083940622693043f,0.0835806525352204f,0.9618740265772656f,0.26040858572217684f,2.9030214146259024f,-0.19277002618942116f,0.27199334361122585f,-0.9427933697444609f,3.6190080549187136f,0f,0f,0f,1f], start_interpolation: 0, interpolation_duration: 1 }
$data merge entity $(bone_right_happy_pupil1) { transformation: [-0.977677856722099f,0.0286003151595072f,0.2081538624384862f,-0.6329610859880789f,0.0835806525352204f,0.9618740265772656f,0.26040858572217684f,2.8815789797653837f,-0.19277002618942116f,0.27199334361122585f,-0.9427933697444609f,3.607661438199243f,0f,0f,0f,1f], start_interpolation: 0, interpolation_duration: 1 }
$data merge entity $(bone_eyelid_right1) { transformation: [-0.977677856722099f,0.0286003151595072f,0.2081538624384862f,-0.14056866856208747f,0.0835806525352204f,0.9618740265772656f,0.26040858572217684f,2.951783146618438f,-0.19277002618942116f,0.27199334361122585f,-0.9427933697444609f,3.217855876907526f,0f,0f,0f,1f], start_interpolation: 0, interpolation_duration: 1 }
$data merge entity $(bone_eyelid_expressions_right5) { transformation: [-0.977677856722099f,0.0286003151595072f,0.2081538624384862f,-0.7153985633925235f,0.0835806525352204f,0.9618740265772656f,0.26040858572217684f,3.0063408979788986f,-0.19277002618942116f,0.27199334361122585f,-0.9427933697444609f,3.623920987570811f,0f,0f,0f,1f], start_interpolation: 0, interpolation_duration: 1 }
$data merge entity $(bone_eyelid_expressions_right7) { transformation: [-0.977677856722099f,0.0286003151595072f,0.2081538624384862f,-0.428969503805971f,0.0835806525352204f,0.9618740265772656f,0.26040858572217684f,2.981854378681471f,-0.19277002618942116f,0.27199334361122585f,-0.9427933697444609f,3.680396581180993f,0f,0f,0f,1f], start_interpolation: 0, interpolation_duration: 1 }
$data merge entity $(bone_eyelid_expressions_right6) { transformation: [-0.977677856722099f,0.0286003151595072f,0.2081538624384862f,-0.5244458570014885f,0.0835806525352204f,0.9618740265772656f,0.26040858572217684f,2.9900165517806134f,-0.19277002618942116f,0.27199334361122585f,-0.9427933697444609f,3.6615713833109322f,0f,0f,0f,1f], start_interpolation: 0, interpolation_duration: 1 }
$data merge entity $(bone_right_eye1) { transformation: [-0.977677856722099f,0.0286003151595072f,0.2081538624384862f,-0.15214905644451507f,0.0835806525352204f,0.9618740265772656f,0.26040858572217684f,2.9500563113334093f,-0.19277002618942116f,0.27199334361122585f,-0.9427933697444609f,3.2251803236219305f,0f,0f,0f,1f], start_interpolation: 0, interpolation_duration: 1 }
$data merge entity $(bone_tear_left1) { transformation: [-0.977677856722099f,0.0286003151595072f,0.2081538624384862f,0.2725856382810944f,0.0835806525352204f,0.9618740265772656f,0.26040858572217684f,2.747119757216573f,-0.19277002618942116f,0.27199334361122585f,-0.9427933697444609f,3.718661993201314f,0f,0f,0f,1f], start_interpolation: 0, interpolation_duration: 1 }
$data merge entity $(bone_left_sad_pupil1) { transformation: [-0.977677856722099f,0.0286003151595072f,0.2081538624384862f,0.10767858669707683f,0.0835806525352204f,0.9618740265772656f,0.26040858572217684f,2.841805116382333f,-0.19277002618942116f,0.27199334361122585f,-0.9427933697444609f,3.7601970389441686f,0f,0f,0f,1f], start_interpolation: 0, interpolation_duration: 1 }
$data merge entity $(bone_left_pupil1) { transformation: [-0.977677856722099f,0.0286003151595072f,0.2081538624384862f,0.105645834134201f,0.0835806525352204f,0.9618740265772656f,0.26040858572217684f,2.8392620637873898f,-0.19277002618942116f,0.27199334361122585f,-0.9427933697444609f,3.7694040054455793f,0f,0f,0f,1f], start_interpolation: 0, interpolation_duration: 1 }
$data merge entity $(bone_eyelid_left1) { transformation: [-0.977677856722099f,0.0286003151595072f,0.2081538624384862f,-0.15966393920119099f,0.0835806525352204f,0.9618740265772656f,0.26040858572217684f,2.9534155812382665f,-0.19277002618942116f,0.27199334361122585f,-0.9427933697444609f,3.2140908373335138f,0f,0f,0f,1f], start_interpolation: 0, interpolation_duration: 1 }
$data merge entity $(bone_left_happy_pupil1) { transformation: [-0.977677856722099f,0.0286003151595072f,0.2081538624384862f,0.13084973957606097f,0.0835806525352204f,0.9618740265772656f,0.26040858572217684f,2.8162815949722426f,-0.19277002618942116f,0.27199334361122585f,-0.9427933697444609f,3.7582630211597285f,0f,0f,0f,1f], start_interpolation: 0, interpolation_duration: 1 }
$data merge entity $(bone_eyelid_expressions_left5) { transformation: [-0.977677856722099f,0.0286003151595072f,0.2081538624384862f,0.22026969792354772f,0.0835806525352204f,0.9618740265772656f,0.26040858572217684f,2.9263516016073012f,-0.19277002618942116f,0.27199334361122585f,-0.9427933697444609f,3.8084079266974054f,0f,0f,0f,1f], start_interpolation: 0, interpolation_duration: 1 }
$data merge entity $(bone_eyelid_expressions_left7) { transformation: [-0.977677856722099f,0.0286003151595072f,0.2081538624384862f,-0.06615936166300468f,0.0835806525352204f,0.9618740265772656f,0.26040858572217684f,2.950838120904729f,-0.19277002618942116f,0.27199334361122585f,-0.9427933697444609f,3.751932333087223f,0f,0f,0f,1f], start_interpolation: 0, interpolation_duration: 1 }
$data merge entity $(bone_eyelid_expressions_left6) { transformation: [-0.977677856722099f,0.0286003151595072f,0.2081538624384862f,0.0293169915325128f,0.0835806525352204f,0.9618740265772656f,0.26040858572217684f,2.9426759478055864f,-0.19277002618942116f,0.27199334361122585f,-0.9427933697444609f,3.770757530957284f,0f,0f,0f,1f], start_interpolation: 0, interpolation_duration: 1 }
$data merge entity $(bone_left_eye1) { transformation: [-0.977677856722099f,0.0286003151595072f,0.2081538624384862f,-0.15214905644451507f,0.0835806525352204f,0.9618740265772656f,0.26040858572217684f,2.9500563113334093f,-0.19277002618942116f,0.27199334361122585f,-0.9427933697444609f,3.2251803236219305f,0f,0f,0f,1f], start_interpolation: 0, interpolation_duration: 1 }
$data merge entity $(bone_crest_middle5) { transformation: [-0.977677856722099f,0.0729751151185095f,0.19702954359365413f,-0.20398048917960834f,0.0835806525352204f,0.9954365052596325f,0.04604821949083829f,4.001118437817887f,-0.19277002618942116f,0.06148818235994563f,-0.9793155367056117f,3.9437718245526527f,0f,0f,0f,1f], start_interpolation: 0, interpolation_duration: 1 }
$data merge entity $(bone_crest_middle4) { transformation: [-0.977677856722099f,0.0729751151185095f,0.19702954359365413f,-0.24673934569436f,0.0835806525352204f,0.9954365052596325f,0.04604821949083829f,3.417854860517321f,-0.19277002618942116f,0.06148818235994563f,-0.9793155367056117f,3.907743592701122f,0f,0f,0f,1f], start_interpolation: 0, interpolation_duration: 1 }
$data merge entity $(bone_crest_middle1) { transformation: [-0.977677856722099f,0.0729751151185095f,0.19702954359365413f,-0.293239424427082f,0.0835806525352204f,0.9954365052596325f,0.04604821949083829f,2.977034490825839f,-0.19277002618942116f,0.06148818235994563f,-0.9793155367056117f,3.952449937009635f,0f,0f,0f,1f], start_interpolation: 0, interpolation_duration: 1 }
$data merge entity $(bone_crest_left5) { transformation: [-0.5494271906592268f,-0.7751058691236921f,0.31199463747685763f,-1.176817968625248f,-0.7663284740923162f,0.6162714041926832f,0.18152197158944858f,3.522623881939647f,-0.33297211889233574f,-0.1393572675693111f,-0.9325819642347604f,3.6879755588297614f,0f,0f,0f,1f], start_interpolation: 0, interpolation_duration: 1 }
$data merge entity $(bone_crest_left4) { transformation: [-0.5494271906592268f,-0.7751058691236921f,0.31199463747685763f,-0.7983483059671952f,-0.7663284740923162f,0.6162714041926832f,0.18152197158944858f,3.2217101103611885f,-0.33297211889233574f,-0.1393572675693111f,-0.9325819642347604f,3.756021099635089f,0f,0f,0f,1f], start_interpolation: 0, interpolation_duration: 1 }
$data merge entity $(bone_crest_left1) { transformation: [-0.5494271906592268f,-0.7751058691236921f,0.31199463747685763f,-0.36679756388528745f,-0.7663284740923162f,0.6162714041926832f,0.18152197158944858f,2.8995683391439f,-0.33297211889233574f,-0.1393572675693111f,-0.9325819642347604f,3.7853349657985493f,0f,0f,0f,1f], start_interpolation: 0, interpolation_duration: 1 }
$data merge entity $(bone_crest_center1) { transformation: [-0.977677856722099f,0.0286003151595072f,0.2081538624384862f,-0.2720194516339954f,0.0835806525352204f,0.9618740265772656f,0.26040858572217684f,2.8679232140284068f,-0.19277002618942116f,0.27199334361122585f,-0.9427933697444609f,3.7975197861760215f,0f,0f,0f,1f], start_interpolation: 0, interpolation_duration: 1 }
$data merge entity $(bone_crest_right5) { transformation: [-0.5011846683530649f,0.8599158749392846f,0.09673994126126685f,0.7011811890127646f,0.8561441778374079f,0.4764951135275447f,0.19992386935901585f,3.3620757075315244f,0.12582159974716983f,0.18302211563572618f,-0.9750240152043878f,4.058263117571611f,0f,0f,0f,1f], start_interpolation: 0, interpolation_duration: 1 }
$data merge entity $(bone_crest_right4) { transformation: [-0.5011846683530649f,0.8599158749392846f,0.09673994126126685f,0.28130039070256707f,0.8561441778374079f,0.4764951135275447f,0.19992386935901585f,3.129412077879403f,0.12582159974716983f,0.18302211563572618f,-0.9750240152043878f,3.9688968501713546f,0f,0f,0f,1f], start_interpolation: 0, interpolation_duration: 1 }
$data merge entity $(bone_crest_right1) { transformation: [-0.5011846683530649f,0.8599158749392846f,0.09673994126126685f,-0.17584485749425244f,0.8561441778374079f,0.4764951135275447f,0.19992386935901585f,2.883243992945615f,0.12582159974716983f,0.18302211563572618f,-0.9750240152043878f,3.82298536153867f,0f,0f,0f,1f], start_interpolation: 0, interpolation_duration: 1 }
$data merge entity $(bone_head1) { transformation: [-0.977677856722099f,0.0286003151595072f,0.2081538624384862f,-0.041744165249991576f,0.0835806525352204f,0.9618740265772656f,0.26040858572217684f,3.0429576988513136f,-0.19277002618942116f,0.27199334361122585f,-0.9427933697444609f,2.7055162410633224f,0f,0f,0f,1f], start_interpolation: 0, interpolation_duration: 1 }
$data merge entity $(bone_neck10) { transformation: [-1.297055163212065f,0.07428641188871474f,0.08689326520547232f,-0.002118637357706968f,0.0855378682781954f,1.2872492922131975f,0.17633360352323096f,2.7824206036976564f,-0.07584315143630582f,0.18136095403853086f,-1.2871585091490823f,1.7340075170830422f,0f,0f,0f,1f], start_interpolation: 0, interpolation_duration: 1 }
$data merge entity $(bone_neck9) { transformation: [-0.996138365346866f,-0.018212628435662775f,0.08588746852445141f,0.020771921170395558f,0.06569308283765407f,0.4943868405177022f,0.8667560618710486f,2.2671941558343813f,-0.05824754030308288f,0.8690511792112064f,-0.4912812554537902f,0.7614518180968152f,0f,0f,0f,1f], start_interpolation: 0, interpolation_duration: 1 }
$data merge entity $(bone_neck8) { transformation: [-0.996138365346866f,-0.0396245113794276f,0.07834701769701101f,0.061358480443156074f,0.06569308283765407f,0.2556338261753145f,0.9645391468376253f,2.0771305059079483f,-0.05824754030308288f,0.9659613061675456f,-0.25204360542519233f,-0.1470105072258684f,0f,0f,0f,1f], start_interpolation: 0, interpolation_duration: 1 }
$data merge entity $(bone_neck7) { transformation: [-0.9971575370702981f,-0.028265986592672293f,0.06984182318525307f,0.08758180784846728f,0.06757621303042095f,0.074431068644743f,0.994933903057318f,2.0080782449582357f,-0.033321189900188834f,0.9968254862423735f,-0.07230939275980078f,-1.0717997766890077f,0f,0f,0f,1f], start_interpolation: 0, interpolation_duration: 1 }
$data merge entity $(bone_neck6) { transformation: [-0.9951948008706248f,-0.06844472950397654f,0.07001876407938902f,0.14562400488231322f,0.08273647370472303f,-0.20539702450956354f,0.9751752346329995f,2.194212101048349f,-0.05236395935168888f,0.9762824290776442f,0.21007292646904657f,-1.8808148770314375f,0f,0f,0f,1f], start_interpolation: 0, interpolation_duration: 1 }
$data merge entity $(bone_neck_spine6) { transformation: [-1.0744188701472506f,0.22756821437191427f,-0.13703458248356695f,-0.23300676282583205f,-0.07658279769888783f,0.28134762368677163f,1.0676704862736348f,3.6442827168869485f,0.254363606055344f,1.045943545307655f,-0.2573770259000139f,-5.103040628435599f,0f,0f,0f,1f], start_interpolation: 0, interpolation_duration: 1 }
$data merge entity $(bone_neck_spine7) { transformation: [-0.9807195155375055f,0.1267410879433355f,-0.148747868794213f,-0.923440641599468f,-0.08865271855161956f,0.38979212490455656f,0.9166257659785692f,2.9585511799631137f,0.1741548946693374f,0.9121396800870635f,-0.3710408018983647f,-8.065628325653009f,0f,0f,0f,1f], start_interpolation: 0, interpolation_duration: 1 }
$data merge entity $(bone_tail6) { transformation: [-1.439813345760268f,-0.29096682239740335f,-0.29063743619604215f,-0.5422272820319252f,-0.18682251838778235f,-0.4799701544904728f,1.4060299709130195f,3.59950575996925f,-0.36637297618396664f,1.388222331165429f,0.425210398814226f,-11.086368073543113f,0f,0f,0f,1f], start_interpolation: 0, interpolation_duration: 1 }
$data merge entity $(bone_tail5) { transformation: [-1.1894110247584824f,-0.19502072638139537f,-0.2781830139171172f,-0.6653982671149119f,-0.1543316456246898f,-0.5921662851941539f,1.0750061825894273f,3.2255060008992578f,-0.30265593684762465f,1.0683742161473153f,0.5450627275184553f,-10.411605410713229f,0f,0f,0f,1f], start_interpolation: 0, interpolation_duration: 1 }
$data merge entity $(bone_tail4) { transformation: [-0.9679163085050939f,-0.13230489967218761f,-0.21361983347199867f,-0.7170798685493602f,-0.11668643772182119f,-0.5162537782520874f,0.8484493571759227f,3.023844368769536f,-0.22253605321759368f,0.846154507145815f,0.4842522638616773f,-10.081076306359394f,0f,0f,0f,1f], start_interpolation: 0, interpolation_duration: 1 }
$data merge entity $(bone_segment18) { transformation: [-0.9423663955410165f,-0.2575114430514266f,-0.21361983347199867f,-0.8428178778518146f,-0.04830352917685494f,-0.5270677920123982f,0.8484493571759227f,2.7664870484509825f,-0.3310775522805697f,0.8098687543798361f,0.4842522638616773f,-9.685632578634864f,0f,0f,0f,1f], start_interpolation: 0, interpolation_duration: 1 }
$data merge entity $(bone_segment17) { transformation: [-0.9802787659820418f,-0.1326114086416372f,-0.1465187880881021f,-0.9269950415403538f,-0.10156932975992831f,-0.29790696610720047f,0.9491760167623932f,2.5773859469180915f,-0.16952053626874952f,0.9453389095149338f,0.27856262121876946f,-9.085563934899799f,0f,0f,0f,1f], start_interpolation: 0, interpolation_duration: 1 }
$data merge entity $(bone_segment16) { transformation: [-0.9937869802182083f,0.009129350543039972f,-0.11092381578108883f,-0.9194169673591195f,-0.11122798569414427f,-0.045900671129771184f,0.9927343368637253f,2.5392848038904496f,0.003971542168714121f,0.9989042913855656f,0.0466309286236426f,-8.256395333652016f,0f,0f,0f,1f], start_interpolation: 0, interpolation_duration: 1 }
$data merge entity $(bone_segment15) { transformation: [-0.9807195155375055f,0.16092127145879506f,-0.11087640071703941f,-0.754409804242191f,-0.08865271855161956f,0.1392700748624656f,0.9862781259569793f,2.68209103299747f,0.1741548946693374f,0.9770917002205515f,-0.12231877216038387f,-7.254494664480553f,0f,0f,0f,1f], start_interpolation: 0, interpolation_duration: 1 }
$data merge entity $(bone_segment14) { transformation: [-0.9506963238433865f,0.28660292627434014f,-0.11847051313156404f,-0.4605298505429165f,-0.0626281641040421f,0.1967118224520214f,0.9784590803751387f,2.883797491566437f,0.30373378622015046f,0.9376370414817183f,-0.1690637913622614f,-6.293050432492463f,0f,0f,0f,1f], start_interpolation: 0, interpolation_duration: 1 }
$data merge entity $(bone_segment13) { transformation: [-0.9707690497330451f,0.22399103763114953f,-0.08622915482203021f,-0.21780930105904373f,-0.06919481015617159f,0.08283041443368219f,0.9941585390128661f,2.9485043377895437f,0.22982499935353434f,0.9710649501993497f,-0.06491018538320853f,-5.2483295544821065f,0f,0f,0f,1f], start_interpolation: 0, interpolation_duration: 1 }
$data merge entity $(bone_segment12) { transformation: [-0.9756775773819816f,0.21408691939478924f,-0.04711746956359827f,0.03307380760672496f,-0.06729028869135835f,-0.0879357470677207f,0.9938507541052006f,2.8454546341945584f,0.20862713639855493f,0.9728484441739581f,0.10020290727542747f,-4.108272783965749f,0f,0f,0f,1f], start_interpolation: 0, interpolation_duration: 1 }
$data merge entity $(bone_segment11) { transformation: [-1.0281999616169029f,0.11900978366017327f,-0.01378304168972871f,0.17060873502827498f,-0.04301425943020814f,-0.2555589234524198f,1.0021915346098138f,2.5501152351303418f,0.11181714685473242f,0.9960295025505326f,0.258786818892053f,-2.957200652499859f,0f,0f,0f,1f], start_interpolation: 0, interpolation_duration: 1 }
$data merge entity $(bone_segment10) { transformation: [-0.9997307175925251f,-0.022119932440728678f,-0.007014334662143353f,0.1445557456361548f,1.734723475976807e-18f,-0.30227117424980027f,0.9532219768855767f,2.210490203961333f,-0.023205436904633933f,0.9529652909767828f,0.30218977794028806f,-1.8347924044908084f,0f,0f,0f,1f], start_interpolation: 0, interpolation_duration: 1 }