# This file was generated by Animated Java via MC-Build. It is not recommended to edit this file directly.
$data merge entity $(bone_neck_spine5) { transformation: [-1.3618588765065018f,-0.002274887249617713f,-0.12056900731407244f,-0.05601027718228693f,-0.09189053370437247f,0.9047702598894573f,1.020856780744165f,3.0011556986467807f,0.07809091145725548f,1.024981590987768f,-0.9013968093133069f,0.49405323104249754f,0f,0f,0f,1f], start_interpolation: 0, interpolation_duration: 1 }
$data merge entity $(bone_neck_spine2) { transformation: [-1.2970084538157156f,-0.08272738178414339f,-0.07966340425911576f,-0.09231710789810875f,-0.08751479400416425f,1.2967847033030644f,0.07817672961973081f,3.744694798562733f,0.0743722966259576f,0.083226321117591f,-1.2972906952230316f,2.445545747728967f,0f,0f,0f,1f], start_interpolation: 0, interpolation_duration: 1 }
$data merge entity $(bone_scale_neck_left1) { transformation: [-1.3984860611441392f,0.3075864634496415f,-0.03296547725834284f,0.6366353608656233f,0.27014611518498227f,1.2886760097994867f,0.5637327705753084f,3.011467213348226f,0.1507223660867567f,0.5442096357770534f,-1.3162743099716694f,2.3271310192992822f,0f,0f,0f,1f], start_interpolation: 0, interpolation_duration: 1 }
$data merge entity $(bone_scale_neck_right1) { transformation: [-1.357704656258735f,-0.4134267625236463f,-0.19281026115158864f,-0.7252235156408783f,-0.4561182745491601f,1.240026115683765f,0.5529473487117087f,2.9195766796438534f,0.007321502470419595f,0.5855535525075631f,-1.3071085842997612f,2.4052219307565377f,0f,0f,0f,1f], start_interpolation: 0, interpolation_duration: 1 }
$data merge entity $(bone_blush_right1) { transformation: [-0.9980843652341546f,-0.04729530414576743f,-0.03988425856016439f,-0.5536349347140164f,-0.05943588834270212f,0.9119707590151784f,0.4059269760414962f,2.3847144640923132f,0.017174837759016542f,0.40751992455221003f,-0.9130347945401166f,3.4357177618170245f,0f,0f,0f,1f], start_interpolation: 0, interpolation_duration: 1 }
$data merge entity $(bone_blush_left1) { transformation: [-0.9980843652341546f,-0.04729530414576743f,-0.03988425856016439f,0.5965013455362789f,-0.05943588834270212f,0.9119707590151784f,0.4059269760414962f,2.453205038549724f,0.017174837759016542f,0.40751992455221003f,-0.9130347945401166f,3.4159264448681577f,0f,0f,0f,1f], start_interpolation: 0, interpolation_duration: 1 }
$data merge entity $(bone_left_head_scales) { transformation: [-0.8668951433084405f,-0.04729530414576743f,-0.496241840954587f,0.5625945149323094f,-0.24015649510139966f,0.9119707590151784f,0.3326171862094486f,3.1714177278639983f,0.43682681736455903f,0.40751992455221003f,-0.8019412963079727f,3.3623659219114246f,0f,0f,0f,1f], start_interpolation: 0, interpolation_duration: 1 }
$data merge entity $(bone_left_head_scales2) { transformation: [-0.7947061772629957f,-0.04729530414576743f,-0.6051489453232116f,0.6053863919837142f,-0.28151717777669455f,0.9119707590151784f,0.29842488722947447f,2.3994786130023114f,0.5377640471774598f,0.40751992455221003f,-0.7380632362177921f,3.1777363120864726f,0f,0f,0f,1f], start_interpolation: 0, interpolation_duration: 1 }
$data merge entity $(bone_left_head_scales1) { transformation: [-0.9980843652341546f,-0.04729530414576743f,-0.03988425856016439f,0.5672131969777945f,-0.05943588834270212f,0.9119707590151784f,0.4059269760414962f,3.082358083428922f,0.017174837759016542f,0.40751992455221003f,-0.9130347945401166f,3.3225690542793727f,0f,0f,0f,1f], start_interpolation: 0, interpolation_duration: 1 }
$data merge entity $(bone_right_head_scales) { transformation: [-0.9037281454685674f,-0.04729530414576743f,0.4254863021222929f,-0.6070356005764656f,0.13471594142230373f,0.9119707590151784f,0.38750606424671863f,3.101766296212394f,-0.4063582830639069f,0.40751992455221003f,-0.8178022113434978f,3.382492684910272f,0f,0f,0f,1f], start_interpolation: 0, interpolation_duration: 1 }
$data merge entity $(bone_right_head_scales2) { transformation: [-0.8404595190458812f,-0.04729530414576743f,0.5398064014541929f,-0.5642437235250607f,0.18414311889658114f,0.9119707590151784f,0.366606937283406f,2.329827181350707f,-0.5096264402561994f,0.40751992455221003f,-0.7577654006912402f,3.19786307508532f,0f,0f,0f,1f], start_interpolation: 0, interpolation_duration: 1 }
$data merge entity $(bone_right_head_scales1) { transformation: [-0.9980843652341546f,-0.04729530414576743f,-0.03988425856016439f,-0.6024169185309804f,-0.05943588834270212f,0.9119707590151784f,0.4059269760414962f,3.012706651777318f,0.017174837759016542f,0.40751992455221003f,-0.9130347945401166f,3.34269581727822f,0f,0f,0f,1f], start_interpolation: 0, interpolation_duration: 1 }
$data merge entity $(bone_head_left_fin1) { transformation: [-0.4609147768742748f,0.07453809964370607f,-0.8843085661467057f,0.5816120419886498f,-0.13223444673844545f,0.9795737186212563f,0.1514905306687554f,2.7781155546266088f,0.8775372468190255f,0.18676027813223242f,-0.44164349758289945f,3.106458547716797f,0f,0f,0f,1f], start_interpolation: 0, interpolation_duration: 1 }
$data merge entity $(bone_head_right_fin1) { transformation: [-0.503160590532581f,-0.1837852345298129f,0.8444243054908628f,-0.5880180735201251f,0.07482379300307668f,0.9641905732869942f,0.25443651150165225f,2.7084641229750046f,-0.8609476291479857f,0.19120545482103626f,-0.47139118989555123f,3.1265853107156447f,0f,0f,0f,1f], start_interpolation: 0, interpolation_duration: 1 }
$data merge entity $(bone_right_whisker16) { transformation: [-0.19123573178785427f,-0.2972538724855723f,0.9354512441489914f,-0.9060623042468287f,0.9671151765515761f,-0.21987528010858945f,0.1278401207789783f,1.7220688002005895f,0.16768163337461345f,0.9291366941895588f,0.32952674146314886f,1.410996396177729f,0f,0f,0f,1f], start_interpolation: 0, interpolation_duration: 1 }
$data merge entity $(bone_right_whisker15) { transformation: [0.3576976830398701f,-0.2616545631897579f,0.8964314012292778f,-1.0108565473249156f,0.4754191913900273f,0.8772535836641844f,0.06635316425309767f,1.5827858339730425f,-0.8037592674463928f,0.4024463187933556f,0.4381871751702867f,1.6464727440624143f,0f,0f,0f,1f], start_interpolation: 0, interpolation_duration: 1 }
$data merge entity $(bone_right_whisker14) { transformation: [0.6442515246066212f,-0.2785627378651583f,0.7122799829527093f,-1.1996021111745117f,-0.13154491560866602f,0.877073945978282f,0.46199267143927136f,1.6213243834677689f,-0.7534161587194383f,-0.3913362931790924f,0.528412715045062f,1.8672001343122497f,0f,0f,0f,1f], start_interpolation: 0, interpolation_duration: 1 }
$data merge entity $(bone_right_whisker13) { transformation: [0.13657932788154015f,-0.4356961867078739f,0.8896712426979106f,-1.2396155861398066f,0.27237723114653245f,0.8799889952295342f,0.38914009331841304f,1.5415263665303083f,-0.9524477577003243f,0.189177697319563f,0.23886202646819477f,2.1462375633260167f,0f,0f,0f,1f], start_interpolation: 0, interpolation_duration: 1 }
$data merge entity $(bone_right_whisker12) { transformation: [-0.4685530854891843f,-0.3627076051822726f,0.8055440392812215f,-1.056587037120594f,-0.3173212782357852f,0.9200776741387094f,0.229704766886345f,1.665479990841162f,-0.8244787519744659f,-0.1479873869437639f,-0.546200074009684f,2.4682995758160424f,0f,0f,0f,1f], start_interpolation: 0, interpolation_duration: 1 }
$data merge entity $(bone_right_whisker11) { transformation: [-0.901066285342565f,-0.2526964861536496f,0.3524543024344433f,-0.7046080194086547f,-0.22239909775450367f,0.966949066153515f,0.12469220016836674f,1.752354638401515f,-0.37231463943408716f,0.03397041875578877f,-0.927484673680715f,2.6137349818449827f,0f,0f,0f,1f], start_interpolation: 0, interpolation_duration: 1 }
$data merge entity $(bone_right_whisker10) { transformation: [-0.466898720959652f,-0.6098278525100133f,0.6404026660385377f,-0.5222257065337906f,-0.48368852814441077f,0.7823635575049441f,0.39236803084566096f,1.9412954697079254f,-0.7403046616817531f,-0.1265592912086404f,-0.6602512807265367f,2.9029164903144173f,0f,0f,0f,1f], start_interpolation: 0, interpolation_duration: 1 }
$data merge entity $(bone_right_whisker1) { transformation: [0.08670141976427108f,-0.642375009250724f,0.761470427069228f,-0.5560934486292091f,-0.6453832812577734f,0.5460572794174343f,0.5341365629388983f,2.1933983139492432f,-0.7589224493212792f,-0.5377506811575068f,-0.367234149870118f,3.199370572080542f,0f,0f,0f,1f], start_interpolation: 0, interpolation_duration: 1 }
$data merge entity $(bone_left_whisker16) { transformation: [-0.08077808731412428f,0.352919636463394f,-0.9321601958936123f,0.9554344938834631f,-0.9833135897749156f,-0.18115747084583456f,0.016623926152100718f,1.832920868119731f,-0.1630008735370512f,0.9179486374276546f,0.3616642286304685f,1.378964128555426f,0f,0f,0f,1f], start_interpolation: 0, interpolation_duration: 1 }
$data merge entity $(bone_left_whisker15) { transformation: [0.4389210812595049f,0.16936803578800297f,-0.8824186947698359f,1.0840246544087087f,-0.42798057239563886f,0.9029209640564356f,-0.039577295502580545f,1.7075359348006962f,0.7900512097819287f,0.395029367415527f,0.4687972747375997f,1.6104244439212254f,0f,0f,0f,1f], start_interpolation: 0, interpolation_duration: 1 }
$data merge entity $(bone_left_whisker14) { transformation: [0.6495426521218308f,0.15895414483349907f,-0.7435239894682547f,1.2743203532725262f,0.2085903126763078f,0.9031280607344269f,0.3752995968178941f,1.7686463779675832f,0.731152805186535f,-0.3988649969028676f,0.5534639010030709f,1.8246293673157181f,0f,0f,0f,1f], start_interpolation: 0, interpolation_duration: 1 }
$data merge entity $(bone_left_whisker13) { transformation: [0.20050332588166458f,0.33444112100950324f,-0.9208406772554619f,1.3330615620269202f,-0.2523039711404693f,0.9258506444291995f,0.2813241730758048f,1.6947291989225237f,0.9466473062641338f,0.1759253273066246f,0.27001695642110485f,2.1019674453227886f,0f,0f,0f,1f], start_interpolation: 0, interpolation_duration: 1 }
$data merge entity $(bone_left_whisker12) { transformation: [-0.4743481776456274f,0.24569567266301606f,-0.8453563998686828f,1.147769305134097f,0.2611715416544236f,0.9563080676294071f,0.13139370463139055f,1.7967493323812829f,0.8407040098596678f,-0.15845666985512907f,-0.5177917067550413f,2.4303674491742213f,0f,0f,0f,1f], start_interpolation: 0, interpolation_duration: 1 }
$data merge entity $(bone_left_whisker11) { transformation: [-0.9077903870147221f,0.13720391689497677f,-0.3963479512150118f,0.7931636852064712f,0.11468174744719081f,0.9901676212452342f,0.0801010526773111f,1.8415468899778418f,0.4034410862147284f,0.027261089967771657f,-0.9145994330457731f,2.5879616234768497f,0f,0f,0f,1f], start_interpolation: 0, interpolation_duration: 1 }
$data merge entity $(bone_left_whisker10) { transformation: [-0.49533077779575796f,0.5079977654327039f,-0.7046883643736634f,0.5996751001300032f,0.42638779582138364f,0.8489300331746322f,0.3122679079711843f,2.0081046227205697f,0.7568625160112185f,-0.1457946126902413f,-0.637105221111608f,2.883611043793732f,0f,0f,0f,1f], start_interpolation: 0, interpolation_duration: 1 }
$data merge entity $(bone_left_whisker1) { transformation: [0.03548561087888036f,0.5542348700050276f,-0.8316035595709431f,0.6135366668795659f,0.6526595145735102f,0.6173153550376588f,0.4392690638679206f,2.263049745600847f,0.7568198791371848f,-0.558341706578722f,-0.33982084873876955f,3.1792438090816946f,0f,0f,0f,1f], start_interpolation: 0, interpolation_duration: 1 }
$data merge entity $(bone_upper_left_tooth1) { transformation: [-0.9980843652341546f,-0.05059147341340084f,-0.03561042955365533f,0.31169289921679716f,-0.05943588834270212f,0.9438793020438332f,0.32489881247884006f,2.2443396407763623f,0.017174837759016542f,0.3263929625330605f,-0.9450781232029679f,4.052936373852148f,0f,0f,0f,1f], start_interpolation: 0, interpolation_duration: 1 }
$data merge entity $(bone_upper_right_tooth1) { transformation: [-0.9980843652341546f,-0.05059147341340084f,-0.03561042955365533f,-0.27312215853759025f,-0.05943588834270212f,0.9438793020438332f,0.32489881247884006f,2.20951392495056f,0.017174837759016542f,0.3263929625330605f,-0.9450781232029679f,4.062999755351572f,0f,0f,0f,1f], start_interpolation: 0, interpolation_duration: 1 }
$data merge entity $(bone_top_lip1) { transformation: [-0.9980843652341546f,-0.05971991846108907f,-0.016159554886678237f,0.038218345380986896f,-0.05943588834270212f,0.9980783534534962f,-0.01752071757869328f,2.3297711573291577f,0.017174837759016542f,-0.016526696783064565f,-0.9997159062660715f,4.092610495694354f,0f,0f,0f,1f], start_interpolation: 0, interpolation_duration: 1 }
$data merge entity $(bone_muzzle1) { transformation: [-0.9980843652341546f,-0.05059147341340084f,-0.03561042955365533f,0.013419579962200001f,-0.05943588834270212f,0.9438793020438332f,0.32489881247884006f,2.6266767252451686f,0.017174837759016542f,0.3263929625330605f,-0.9450781232029679f,3.6789580374702084f,0f,0f,0f,1f], start_interpolation: 0, interpolation_duration: 1 }
$data merge entity $(bone_jaw_right_tooth1) { transformation: [-0.9980843652341546f,-0.061645259970242214f,0.0052404005892625356f,-0.27432096854897353f,-0.05943588834270212f,0.9318944253689665f,-0.3578269905179843f,2.2355142534265022f,0.017174837759016542f,-0.3574529925590847f,-0.9337731967980804f,4.083310811317072f,0f,0f,0f,1f], start_interpolation: 0, interpolation_duration: 1 }
$data merge entity $(bone_jaw_left_tooth1) { transformation: [-0.9980843652341546f,-0.061645259970242214f,0.0052404005892625356f,0.35922867735161285f,-0.05943588834270212f,0.9318944253689665f,-0.3578269905179843f,2.2732421122377877f,0.017174837759016542f,-0.3574529925590847f,-0.9337731967980804f,4.072408814692697f,0f,0f,0f,1f], start_interpolation: 0, interpolation_duration: 1 }
$data merge entity $(bone_tongue1) { transformation: [-0.9980843652341546f,-0.05808426813278828f,-0.021302996751937205f,0.02798320983974227f,-0.05943588834270212f,0.995807395144555f,0.06953421425694187f,2.2958734690703175f,0.017174837759016542f,0.07066717463500857f,-0.9973520819535381f,3.3805066525138763f,0f,0f,0f,1f], start_interpolation: 0, interpolation_duration: 1 }
$data merge entity $(bone_jaw_lips1) { transformation: [-0.9980843652341546f,-0.05808426813278828f,-0.021302996751937205f,0.09988388162837736f,-0.05943588834270212f,0.995807395144555f,0.06953421425694187f,2.132618480035478f,0.017174837759016542f,0.07066717463500857f,-0.9973520819535381f,4.150913118534725f,0f,0f,0f,1f], start_interpolation: 0, interpolation_duration: 1 }
$data merge entity $(bone_jaw3) { transformation: [-0.9980843652341546f,-0.061618715967717806f,-0.005543799926441242f,0.10006589674011072f,-0.05943588834270212f,0.9798728599157047f,-0.19056902575584456f,1.911968090721348f,0.017174837759016542f,-0.18987446443139117f,-0.9816581445212198f,3.3978995735886386f,0f,0f,0f,1f], start_interpolation: 0, interpolation_duration: 1 }
$data merge entity $(bone_jaw1) { transformation: [-0.9980843652341546f,-0.03965095338725297f,-0.047491070430309146f,0.0629634979664317f,-0.05943588834270212f,0.8276273943431223f,0.5581220935509793f,2.3480009763080507f,0.017174837759016542f,0.5598756094243579f,-0.8283986521715591f,2.7507131265796083f,0f,0f,0f,1f], start_interpolation: 0, interpolation_duration: 1 }
$data merge entity $(bone_tear_right1) { transformation: [-0.9980843652341546f,-0.04729530414576743f,-0.03988425856016439f,-0.5175602813145008f,-0.05943588834270212f,0.9119707590151784f,0.4059269760414962f,2.663648186971916f,0.017174837759016542f,0.40751992455221003f,-0.9130347945401166f,3.6544153821431307f,0f,0f,0f,1f], start_interpolation: 0, interpolation_duration: 1 }
$data merge entity $(bone_right_pupil1) { transformation: [-0.9980843652341546f,-0.04729530414576743f,-0.03988425856016439f,-0.35901816610388393f,-0.05943588834270212f,0.9119707590151784f,0.4059269760414962f,2.7385001009329413f,0.017174837759016542f,0.40751992455221003f,-0.9130347945401166f,3.7449429577225626f,0f,0f,0f,1f], start_interpolation: 0, interpolation_duration: 1 }
$data merge entity $(bone_right_sad_pupil1) { transformation: [-0.9980843652341546f,-0.04729530414576743f,-0.03988425856016439f,-0.35940766081638553f,-0.05943588834270212f,0.9119707590151784f,0.4059269760414962f,2.7424642315583463f,0.017174837759016542f,0.40751992455221003f,-0.9130347945401166f,3.736026602307132f,0f,0f,0f,1f], start_interpolation: 0, interpolation_duration: 1 }
$data merge entity $(bone_right_happy_pupil1) { transformation: [-0.9980843652341546f,-0.04729530414576743f,-0.03988425856016439f,-0.3826199872565321f,-0.05943588834270212f,0.9119707590151784f,0.4059269760414962f,2.718748552521413f,0.017174837759016542f,0.40751992455221003f,-0.9130347945401166f,3.7264968149444346f,0f,0f,0f,1f], start_interpolation: 0, interpolation_duration: 1 }
$data merge entity $(bone_eyelid_right1) { transformation: [-0.9980843652341546f,-0.04729530414576743f,-0.03988425856016439f,-0.0013164147916271858f,-0.05943588834270212f,0.9119707590151784f,0.4059269760414962f,2.918487460173008f,0.017174837759016542f,0.40751992455221003f,-0.9130347945401166f,3.2638530558902974f,0f,0f,0f,1f], start_interpolation: 0, interpolation_duration: 1 }
$data merge entity $(bone_eyelid_expressions_right5) { transformation: [-0.9980843652341546f,-0.04729530414576743f,-0.03988425856016439f,-0.4761155836967641f,-0.05943588834270212f,0.9119707590151784f,0.4059269760414962f,2.8248489657005256f,0.017174837759016542f,0.40751992455221003f,-0.9130347945401166f,3.7777522793594365f,0f,0f,0f,1f], start_interpolation: 0, interpolation_duration: 1 }
$data merge entity $(bone_eyelid_expressions_right7) { transformation: [-0.9980843652341546f,-0.04729530414576743f,-0.03988425856016439f,-0.1837080548195704f,-0.05943588834270212f,0.9119707590151784f,0.4059269760414962f,2.8422618236134265f,0.017174837759016542f,0.40751992455221003f,-0.9130347945401166f,3.7727205886097246f,0f,0f,0f,1f], start_interpolation: 0, interpolation_duration: 1 }
$data merge entity $(bone_eyelid_expressions_right6) { transformation: [-0.9980843652341546f,-0.04729530414576743f,-0.03988425856016439f,-0.2811772311119683f,-0.05943588834270212f,0.9119707590151784f,0.4059269760414962f,2.8364575376424597f,0.017174837759016542f,0.40751992455221003f,-0.9130347945401166f,3.7743978188596286f,0f,0f,0f,1f], start_interpolation: 0, interpolation_duration: 1 }
$data merge entity $(bone_right_eye1) { transformation: [-0.9980843652341546f,-0.04729530414576743f,-0.03988425856016439f,-0.010673837708365372f,-0.05943588834270212f,0.9119707590151784f,0.4059269760414962f,2.9139429009505062f,0.017174837759016542f,0.40751992455221003f,-0.9130347945401166f,3.2729371343307188f,0f,0f,0f,1f], start_interpolation: 0, interpolation_duration: 1 }
$data merge entity $(bone_tear_left1) { transformation: [-0.9980843652341546f,-0.04729530414576743f,-0.03988425856016439f,0.5351068226433966f,-0.05943588834270212f,0.9119707590151784f,0.4059269760414962f,2.72633447545836f,0.017174837759016542f,0.40751992455221003f,-0.9130347945401166f,3.636301295444168f,0f,0f,0f,1f], start_interpolation: 0, interpolation_duration: 1 }
$data merge entity $(bone_left_sad_pupil1) { transformation: [-0.9980843652341546f,-0.04729530414576743f,-0.03988425856016439f,0.3716111613765988f,-0.05943588834270212f,0.9119707590151784f,0.4059269760414962f,2.7859963763405986f,0.017174837759016542f,0.40751992455221003f,-0.9130347945401166f,3.723447375432852f,0f,0f,0f,1f], start_interpolation: 0, interpolation_duration: 1 }
$data merge entity $(bone_left_pupil1) { transformation: [-0.9980843652341546f,-0.04729530414576743f,-0.03988425856016439f,0.3720006560891004f,-0.05943588834270212f,0.9119707590151784f,0.4059269760414962f,2.7820322457151936f,0.017174837759016542f,0.40751992455221003f,-0.9130347945401166f,3.732363730848283f,0f,0f,0f,1f], start_interpolation: 0, interpolation_duration: 1 }
$data merge entity $(bone_eyelid_left1) { transformation: [-0.9980843652341546f,-0.04729530414576743f,-0.03988425856016439f,-0.02081025005010677f,-0.05943588834270212f,0.9119707590151784f,0.4059269760414962f,2.917326602978815f,0.017174837759016542f,0.40751992455221003f,-0.9130347945401166f,3.2641885019402785f,0f,0f,0f,1f], start_interpolation: 0, interpolation_duration: 1 }
$data merge entity $(bone_left_happy_pupil1) { transformation: [-0.9980843652341546f,-0.04729530414576743f,-0.03988425856016439f,0.3971334230826511f,-0.05943588834270212f,0.9119707590151784f,0.4059269760414962f,2.7651828402891487f,0.017174837759016542f,0.40751992455221003f,-0.9130347945401166f,3.713078972945203f,0f,0f,0f,1f], start_interpolation: 0, interpolation_duration: 1 }
$data merge entity $(bone_eyelid_expressions_left5) { transformation: [-0.9980843652341546f,-0.04729530414576743f,-0.03988425856016439f,0.4790823439687354f,-0.05943588834270212f,0.9119707590151784f,0.4059269760414962f,2.881730968216002f,0.017174837759016542f,0.40751992455221003f,-0.9130347945401166f,3.7613154229103776f,0f,0f,0f,1f], start_interpolation: 0, interpolation_duration: 1 }
$data merge entity $(bone_eyelid_expressions_left7) { transformation: [-0.9980843652341546f,-0.04729530414576743f,-0.03988425856016439f,0.18667481509154168f,-0.05943588834270212f,0.9119707590151784f,0.4059269760414962f,2.8643181103031012f,0.017174837759016542f,0.40751992455221003f,-0.9130347945401166f,3.7663471136600895f,0f,0f,0f,1f], start_interpolation: 0, interpolation_duration: 1 }
$data merge entity $(bone_eyelid_expressions_left6) { transformation: [-0.9980843652341546f,-0.04729530414576743f,-0.03988425856016439f,0.2841439913839396f,-0.05943588834270212f,0.9119707590151784f,0.4059269760414962f,2.870122396274068f,0.017174837759016542f,0.40751992455221003f,-0.9130347945401166f,3.7646698834101855f,0f,0f,0f,1f], start_interpolation: 0, interpolation_duration: 1 }
$data merge entity $(bone_left_eye1) { transformation: [-0.9980843652341546f,-0.04729530414576743f,-0.03988425856016439f,-0.010673837708365372f,-0.05943588834270212f,0.9119707590151784f,0.4059269760414962f,2.9139429009505062f,0.017174837759016542f,0.40751992455221003f,-0.9130347945401166f,3.2729371343307188f,0f,0f,0f,1f], start_interpolation: 0, interpolation_duration: 1 }
$data merge entity $(bone_crest_middle5) { transformation: [-0.9980843652341546f,-0.054806750118005024f,-0.02870226500883246f,-0.05112806137292161f,-0.05943588834270212f,0.9782120886181366f,0.19891828688749771f,3.8445465662842944f,0.017174837759016542f,0.20024317671982125f,-0.9795956794132497f,4.142495706374219f,0f,0f,0f,1f], start_interpolation: 0, interpolation_duration: 1 }
$data merge entity $(bone_crest_middle4) { transformation: [-0.9980843652341546f,-0.054806750118005024f,-0.02870226500883246f,-0.019014731225653045f,-0.05943588834270212f,0.9782120886181366f,0.19891828688749771f,3.271375420609605f,0.017174837759016542f,0.20024317671982125f,-0.9795956794132497f,4.025165720014948f,0f,0f,0f,1f], start_interpolation: 0, interpolation_duration: 1 }
$data merge entity $(bone_crest_middle1) { transformation: [-0.9980843652341546f,-0.054806750118005024f,-0.02870226500883246f,0.0071724920297077934f,-0.05943588834270212f,0.9782120886181366f,0.19891828688749771f,2.82692778872623f,0.017174837759016542f,0.20024317671982125f,-0.9795956794132497f,4.0089162667949205f,0f,0f,0f,1f], start_interpolation: 0, interpolation_duration: 1 }
$data merge entity $(bone_crest_left5) { transformation: [-0.4963818835937405f,-0.8649745948046984f,0.07364764750063559f,-0.9799249302101806f,-0.8010832165131656f,0.4890947329038605f,0.3450391607725454f,3.244015960474702f,-0.3344707847643067f,0.1122732941894426f,-0.9356943953829157f,4.010204743337802f,0f,0f,0f,1f], start_interpolation: 0, interpolation_duration: 1 }
$data merge entity $(bone_crest_left4) { transformation: [-0.4963818835937405f,-0.8649745948046984f,0.07364764750063559f,-0.5575740538406989f,-0.8010832165131656f,0.4890947329038605f,0.3450391607725454f,3.0052001729239888f,-0.3344707847643067f,0.1122732941894426f,-0.9356943953829157f,3.955383798909363f,0f,0f,0f,1f], start_interpolation: 0, interpolation_duration: 1 }
$data merge entity $(bone_crest_left1) { transformation: [-0.4963818835937405f,-0.8649745948046984f,0.07364764750063559f,-0.08939201329615205f,-0.8010832165131656f,0.4890947329038605f,0.3450391607725454f,2.7593504218903013f,-0.3344707847643067f,0.1122732941894426f,-0.9356943953829157f,3.849392557138524f,0f,0f,0f,1f], start_interpolation: 0, interpolation_duration: 1 }
$data merge entity $(bone_crest_center1) { transformation: [-0.9980843652341546f,-0.04729530414576743f,-0.03988425856016439f,0.009231818727834573f,-0.05943588834270212f,0.9119707590151784f,0.4059269760414962f,2.7428900817433615f,0.017174837759016542f,0.40751992455221003f,-0.9130347945401166f,3.837766237330584f,0f,0f,0f,1f], start_interpolation: 0, interpolation_duration: 1 }
$data merge entity $(bone_crest_right5) { transformation: [-0.5761587934810585f,0.8041740192781043f,-0.1460999363879057f,0.9372726254814219f,0.7372134574566067f,0.5884924733250593f,0.33195319999155093f,3.3581850065194763f,0.35292685196698637f,0.08355091596059022f,-0.9319130225524374f,3.9772139881291864f,0f,0f,0f,1f], start_interpolation: 0, interpolation_duration: 1 }
$data merge entity $(bone_crest_right4) { transformation: [-0.5761587934810585f,0.8041740192781043f,-0.1460999363879057f,0.544609530130785f,0.7372134574566067f,0.5884924733250593f,0.33195319999155093f,3.0708351660287247f,0.35292685196698637f,0.08355091596059022f,-0.9319130225524374f,3.9364176424453046f,0f,0f,0f,1f], start_interpolation: 0, interpolation_duration: 1 }
$data merge entity $(bone_crest_right1) { transformation: [-0.5761587934810585f,0.8041740192781043f,-0.1460999363879057f,0.10554633928864374f,0.7372134574566067f,0.5884924733250593f,0.33195319999155093f,2.7709589938322354f,0.35292685196698637f,0.08355091596059022f,-0.9319130225524374f,3.846038096638716f,0f,0f,0f,1f], start_interpolation: 0, interpolation_duration: 1 }
$data merge entity $(bone_head1) { transformation: [-0.9980843652341546f,-0.04729530414576743f,-0.03988425856016439f,-0.029786705873211118f,-0.05943588834270212f,0.9119707590151784f,0.4059269760414962f,3.087440263130256f,0.017174837759016542f,0.40751992455221003f,-0.9130347945401166f,2.7626391526659977f,0f,0f,0f,1f], start_interpolation: 0, interpolation_duration: 1 }
$data merge entity $(bone_neck10) { transformation: [-1.2970084538157156f,-0.0716214767475693f,-0.08977996292886353f,-0.07226848643575559f,-0.08751479400416425f,1.2754864195605045f,0.24677228631185022f,2.8806195912592982f,0.0743722966259576f,0.25184472305304806f,-1.2753289786989703f,1.778413838427067f,0f,0f,0f,1f], start_interpolation: 0, interpolation_duration: 1 }
$data merge entity $(bone_neck9) { transformation: [-0.9961024925304697f,0.0212174138482729f,-0.08561335015157766f,-0.09845622914264007f,-0.06721136179519814f,0.4459693960827325f,0.8925211093320078f,2.419523843402712f,0.057117923808735434f,0.8947966914932096f,-0.44280517575180356f,0.77913821512856f,0f,0f,0f,1f], start_interpolation: 0, interpolation_duration: 1 }
$data merge entity $(bone_neck8) { transformation: [-0.9961024925304697f,0.040207170006385386f,-0.07850610074805109f,-0.1395911085796212f,-0.06721136179519814f,0.23037272895475563f,0.970778573413924f,2.2532004412188043f,0.057117923808735434f,0.9722714586132911f,-0.22677247087281827f,-0.13394431341271684f,0f,0f,0f,1f], start_interpolation: 0, interpolation_duration: 1 }
$data merge entity $(bone_neck7) { transformation: [-0.9967324072821213f,0.03616520403067151f,-0.07222593918397388f,-0.17314281153776373f,-0.06857712793729993f,0.09359919515703813f,0.9932453715924509f,2.1663652503992865f,0.042681211293242254f,0.99495289772098f,-0.09081324528485382f,-1.056996318134329f,0f,0f,0f,1f], start_interpolation: 0, interpolation_duration: 1 }
$data merge entity $(bone_neck6) { transformation: [-0.9919442464276941f,0.09708562318274672f,-0.08136948906200517f,-0.2551924822181273f,-0.09725988698899551f,-0.17215046065037098f,0.9802574831546826f,2.3249163365365826f,0.08116111360671369f,0.9802747577435027f,0.1802061957010228f,-1.8697998283552744f,0f,0f,0f,1f], start_interpolation: 0, interpolation_duration: 1 }
$data merge entity $(bone_neck_spine6) { transformation: [-1.0731832665268226f,-0.2354129899288333f,0.13341693347153047f,0.03692593677153861f,0.03290175427158966f,0.42812661101115024f,1.0200817403656042f,3.2217016125630513f,-0.2685830011933586f,0.9930911371239981f,-0.4081358136124471f,-5.261151588788468f,0f,0f,0f,1f], start_interpolation: 0, interpolation_duration: 1 }
$data merge entity $(bone_neck_spine7) { transformation: [-0.9755288282344665f,-0.19871561454272507f,0.09410424974673236f,0.7872502730330032f,0.03275877109321748f,0.29185990028462716f,0.9558999223361772f,2.457305892618749f,-0.21741749745581757f,0.9355906707223809f,-0.2782080672038376f,-8.050219378777635f,0f,0f,0f,1f], start_interpolation: 0, interpolation_duration: 1 }
$data merge entity $(bone_tail6) { transformation: [-1.387330624304532f,0.5633092968169754f,0.013807848144734472f,0.24655111886363879f,-0.22364895279544886f,-0.5841559931900047f,1.3604915300058744f,3.4179050894524865f,0.5171935483591446f,1.2584270711581946f,0.6253530377282207f,-10.91226920601297f,0f,0f,0f,1f], start_interpolation: 0, interpolation_duration: 1 }
$data merge entity $(bone_tail5) { transformation: [-1.1460557331211352f,0.45629214993244244f,0.09203906375863881f,0.5347356346104448f,-0.18475348274406647f,-0.6703928823303769f,1.0230136815810766f,2.994499058506985f,0.42724684429668464f,0.9340708302897379f,0.6892672027651727f,-10.32232973425103f,0f,0f,0f,1f], start_interpolation: 0, interpolation_duration: 1 }
$data merge entity $(bone_tail4) { transformation: [-0.9188678514396579f,0.37928634563676067f,0.10873702039405819f,0.6828943633748045f,-0.14306618761668757f,-0.5771047671703623f,0.8040411392895693f,2.769067508831062f,0.3677144783000706f,0.7232509631675257f,0.5845460689507316f,-10.039809826763715f,0f,0f,0f,1f], start_interpolation: 0, interpolation_duration: 1 }
$data merge entity $(bone_segment18) { transformation: [-0.9605136120484674f,0.25610517656897874f,0.10873702039405819f,0.8079457191213761f,-0.06651494877811955f,-0.5908414405904308f,0.8040411392895693f,2.4805707116677658f,0.2701654357216146f,0.7650598215927934f,0.5845460689507316f,-9.66624546075161f,0f,0f,0f,1f], start_interpolation: 0, interpolation_duration: 1 }
$data merge entity $(bone_segment17) { transformation: [-0.9932547715213577f,0.10433444366638454f,0.05058935377014724f,0.874173637464296f,0.0036696374786771534f,-0.4077908753432422f,0.9130679798063052f,2.2217190818112154f,0.11589431655965794f,0.9070947722545967f,0.40465736313275136f,-9.090452880707188f,0f,0f,0f,1f], start_interpolation: 0, interpolation_duration: 1 }
$data merge entity $(bone_segment16) { transformation: [-0.9978595511963864f,-0.05967168465380633f,0.026750815627240042f,0.8246414773512731f,0.03801056092797761f,-0.1963923676491095f,0.9797883624472773f,2.0586980735087317f,-0.05321196617384469f,0.9787079891263553f,0.19824015404594458f,-8.278048788170663f,0f,0f,0f,1f], start_interpolation: 0, interpolation_duration: 1 }
$data merge entity $(bone_segment15) { transformation: [-0.9755288282344665f,-0.2163005162332601f,0.039466339591016614f,0.6028489558230279f,0.03275877109321748f,0.03450991023045044f,0.9988673230276123f,2.094084211928627f,-0.21741749745581757f,0.9757167379793745f,-0.02657967319095797f,-7.277557992391031f,0f,0f,0f,1f], start_interpolation: 0, interpolation_duration: 1 }
$data merge entity $(bone_segment14) { transformation: [-0.9447687017731567f,-0.3192203684230414f,0.07423244933128134f,0.27552338273299526f,0.009576677457251076f,0.199513558761505f,0.9798482673961306f,2.2986635446430608f,-0.3275979050585387f,0.926440875746627f,-0.1854370953910774f,-6.327594203783651f,0f,0f,0f,1f], start_interpolation: 0, interpolation_duration: 1 }
$data merge entity $(bone_segment13) { transformation: [-0.9696526455207055f,-0.2304037451374904f,0.08177934495528222f,0.02602281915317975f,0.0297277026830363f,0.22090125900091442f,0.974843011702397f,2.5121602453835f,-0.24267264107823458f,0.9476902173170457f,-0.20734811615658605f,-5.304505458079287f,0f,0f,0f,1f], start_interpolation: 0, interpolation_duration: 1 }
$data merge entity $(bone_segment12) { transformation: [-0.9790122304840646f,-0.19586700084913766f,0.05631314714150131f,-0.2035088224669035f,0.0346125541457397f,0.11250270038648084f,0.9930483943400028f,2.6439993473989074f,-0.20084079181810827f,0.9741556653759776f,-0.10336206246859478f,-4.162916787716814f,0f,0f,0f,1f], start_interpolation: 0, interpolation_duration: 1 }
$data merge entity $(bone_segment11) { transformation: [-1.0311087850207203f,-0.08852762818760244f,0.02293456811526379f,-0.30581672139016197f,0.028467298914776208f,-0.06400765437828528f,1.0327831790785271f,2.570028218063201f,-0.0869065490032416f,1.029375704562008f,0.06619193690986505f,-2.9733077617840915f,0f,0f,0f,1f], start_interpolation: 0, interpolation_duration: 1 }
$data merge entity $(bone_segment10) { transformation: [-0.9989493664693244f,0.044828123209286766f,0.009518539807575806f,-0.2530912738645026f,0f,-0.20770349537604094f,0.9781918308841957f,2.341707161239608f,0.04582753790610401f,0.9771641097472359f,0.20748527511936027f,-1.8239976567881688f,0f,0f,0f,1f], start_interpolation: 0, interpolation_duration: 1 }