# This file was generated by Animated Java via MC-Build. It is not recommended to edit this file directly.
$data merge entity $(bone_neck_spine5) { transformation: [-1.3626186036493932f,-0.006689119781442346f,-0.11147850385333571f,-0.07398295174986522f,-0.08766757420926262f,0.90952088644436f,1.016999416769734f,2.918034397020599f,0.06918524103515221f,1.0207490744322358f,-0.9069103536871175f,0.48797971955783515f,0f,0f,0f,1f], start_interpolation: 0, interpolation_duration: 1 }
$data merge entity $(bone_neck_spine2) { transformation: [-1.2977320034756124f,-0.07957821713223932f,-0.07056884197485463f,-0.12149876477223519f,-0.08349292781834534f,1.2973862576154755f,0.07237980726193917f,3.6707234422546846f,0.06589070574776398f,0.07666298228616644f,-1.2981533842298822f,2.4357202234343562f,0f,0f,0f,1f], start_interpolation: 0, interpolation_duration: 1 }
$data merge entity $(bone_scale_neck_left1) { transformation: [-1.3987039084931059f,0.30755035844154655f,-0.022351102687863177f,0.6061421645239881f,0.2748046389812037f,1.2903113442106735f,0.5577082246107117f,2.9348914143516263f,0.13988997520657964f,0.540341401732736f,-1.3190607957228435f,2.325691381441385f,0f,0f,0f,1f], start_interpolation: 0, interpolation_duration: 1 }
$data merge entity $(bone_scale_neck_right1) { transformation: [-1.3590243785765816f,-0.413865092261194f,-0.1822850576568117f,-0.756476439125405f,-0.452230184624107f,1.2438972248152624f,0.547418462069477f,2.8472238401423637f,0.0001302004606137077f,0.5769703613768203f,-1.3109403508715864f,2.394876622476537f,0f,0f,0f,1f], start_interpolation: 0, interpolation_duration: 1 }
$data merge entity $(bone_blush_right1) { transformation: [-0.9984157037478325f,-0.05584022909108092f,0.006924689507562913f,-0.625280247288085f,-0.0492647452368704f,0.9269655813768396f,0.3718975609216114f,2.342691263899276f,-0.027185793835509127f,0.3709672219452186f,-0.9282479479405166f,3.429652786361581f,0f,0f,0f,1f], start_interpolation: 0, interpolation_duration: 1 }
$data merge entity $(bone_blush_left1) { transformation: [-0.9984157037478325f,-0.05584022909108092f,0.006924689507562913f,0.5252378488275815f,-0.0492647452368704f,0.9269655813768396f,0.3718975609216114f,2.399461185168326f,-0.027185793835509127f,0.3709672219452186f,-0.9282479479405166f,3.4609801659767183f,0f,0f,0f,1f], start_interpolation: 0, interpolation_duration: 1 }
$data merge entity $(bone_left_head_scales) { transformation: [-0.8888030110167858f,-0.05584022909108092f,-0.45487479202803827f,0.501909381499381f,-0.21542154573991484f,0.9269655813768396f,0.30712923757552485f,3.115461596955317f,0.40450310905915315f,0.3709672219452186f,-0.835918988301932f,3.3794506449059827f,0f,0f,0f,1f], start_interpolation: 0, interpolation_duration: 1 }
$data merge entity $(bone_left_head_scales2) { transformation: [-0.8218261035058548f,-0.05584022909108092f,-0.5669953477864168f,0.5445202016622035f,-0.2536669944532227f,0.9269655813768396f,0.2763835502843216f,2.3367925547290342f,0.5101518514339164f,0.3709672219452186f,-0.7759693349100814f,3.2256063232603798f,0f,0f,0f,1f], start_interpolation: 0, interpolation_duration: 1 }
$data merge entity $(bone_left_head_scales1) { transformation: [-0.9984157037478325f,-0.05584022909108092f,0.006924689507562913f,0.5073625288715569f,-0.0492647452368704f,0.9269655813768396f,0.3718975609216114f,3.024937614398985f,-0.027185793835509127f,0.3709672219452186f,-0.9282479479405166f,3.3432233771378947f,0f,0f,0f,1f], start_interpolation: 0, interpolation_duration: 1 }
$data merge entity $(bone_right_head_scales) { transformation: [-0.8824080794623851f,-0.05584022909108092f,0.467159341247246f,-0.6681090213301103f,0.12802482030217638f,0.9269655813768396f,0.3526250931645291f,3.0577294736308596f,-0.4527312963404458f,0.3709672219452186f,-0.8108129830954522f,3.3475922927549955f,0f,0f,0f,1f], start_interpolation: 0, interpolation_duration: 1 }
$data merge entity $(bone_right_head_scales2) { transformation: [-0.8138824260446841f,-0.05584022909108092f,0.5783400949187901f,-0.6254982011672878f,0.17295636090890518f,0.9269655813768396f,0.33289774430573416f,2.279060431404577f,-0.5546904486258691f,0.3709672219452186f,-0.7447830734149903f,3.1937479711093926f,0f,0f,0f,1f], start_interpolation: 0, interpolation_duration: 1 }
$data merge entity $(bone_right_head_scales1) { transformation: [-0.9984157037478325f,-0.05584022909108092f,0.006924689507562913f,-0.6626558739579345f,-0.0492647452368704f,0.9269655813768396f,0.3718975609216114f,2.9672054910745276f,-0.027185793835509127f,0.3709672219452186f,-0.9282479479405166f,3.3113650249869075f,0f,0f,0f,1f], start_interpolation: 0, interpolation_duration: 1 }
$data merge entity $(bone_head_left_fin1) { transformation: [-0.5024428397916281f,0.07681915307834761f,-0.8611910417918025f,0.5283189913104716f,-0.09497505510616688f,0.9851138767220059f,0.14328429361699332f,2.71271144415931f,0.8593782238628722f,0.1537838340335733f,-0.4876675104415192f,3.1393846187627568f,0f,0f,0f,1f], start_interpolation: 0, interpolation_duration: 1 }
$data merge entity $(bone_head_right_fin1) { transformation: [-0.4619525760103703f,-0.18158993784337304f,0.8681157249995091f,-0.6416994115190198f,0.04738897018307675f,0.9723632178698239f,0.22861333740363557f,2.6549793208348524f,-0.8856376815732099f,0.14674763033139923f,-0.44058033316269174f,3.1075262666117696f,0f,0f,0f,1f], start_interpolation: 0, interpolation_duration: 1 }
$data merge entity $(bone_right_whisker16) { transformation: [-0.18791174807377295f,-0.3423364883066689f,0.9205948640470015f,-0.8911538047868864f,0.9744777121545974f,-0.18217860811356743f,0.13116456556457703f,1.6082530649564624f,0.12281027420293446f,0.9217465397383718f,0.3678327786243887f,1.4165177391024217f,0f,0f,0f,1f], start_interpolation: 0, interpolation_duration: 1 }
$data merge entity $(bone_right_whisker15) { transformation: [0.3997854024121493f,-0.2701120825660842f,0.8759058710101041f,-1.0082784343998208f,0.441641704078276f,0.8941218652573428f,0.07415318797978737f,1.47886584696478f,-0.8031962632115468f,0.35719119938842614f,0.47674963014402555f,1.6518291443401796f,0f,0f,0f,1f], start_interpolation: 0, interpolation_duration: 1 }
$data merge entity $(bone_right_whisker14) { transformation: [0.6768726847633568f,-0.2503096452321464f,0.6922343895856393f,-1.2065809787640855f,-0.1657140450608362f,0.8644509694908749f,0.4746191911584074f,1.5274148836036967f,-0.7172044505514594f,-0.4359697269880592f,0.5436434247364131f,1.8619476357126774f,0f,0f,0f,1f], start_interpolation: 0, interpolation_duration: 1 }
$data merge entity $(bone_right_whisker13) { transformation: [0.18351091473142056f,-0.4340673800599994f,0.8819916404038564f,-1.2603439420643063f,0.23529773539295765f,0.8905425287388422f,0.38931861017214836f,1.4584800001877911f,-0.9544415748977948f,0.13608642134789095f,0.26555934559216926f,2.1415691908585157f,0f,0f,0f,1f], start_interpolation: 0, interpolation_duration: 1 }
$data merge entity $(bone_right_whisker12) { transformation: [-0.4334730642763891f,-0.34512548153660205f,0.8324599116720073f,-1.0910185263313419f,-0.3434312648265736f,0.9173128188918221f,0.20147495783932634f,1.5926328380106713f,-0.8331602900321503f,-0.19855879303336613f,-0.5161572791530462f,2.4670224291523244f,0f,0f,0f,1f], start_interpolation: 0, interpolation_duration: 1 }
$data merge entity $(bone_right_whisker11) { transformation: [-0.8853326210780847f,-0.2431238375725083f,0.39632934493805194f,-0.7451854712227151f,-0.2275784119771836f,0.9699009858376945f,0.0866033721803671f,1.6815306551892586f,-0.40545556656303516f,-0.013523212454313982f,-0.9140147188464546f,2.6254035098410102f,0f,0f,0f,1f], start_interpolation: 0, interpolation_duration: 1 }
$data merge entity $(bone_right_whisker10) { transformation: [-0.43757958315701373f,-0.5945027535213142f,0.674604020488842f,-0.5742559465520066f,-0.5065462432983128f,0.7828500331736769f,0.36132634689479687f,1.879400281477662f,-0.74292328796754f,-0.18360910003468922f,-0.6437023276173164f,2.9156079192033304f,0f,0f,0f,1f], start_interpolation: 0, interpolation_duration: 1 }
$data merge entity $(bone_right_whisker1) { transformation: [0.11443894749294255f,-0.6106585263176132f,0.7835814517536189f,-0.6189586604164373f,-0.6740775057360419f,0.5316684554994314f,0.5127847206065379f,2.1427118071558033f,-0.7297419020156262f,-0.5868771742557808f,-0.35078759781407043f,3.200663349678184f,0f,0f,0f,1f], start_interpolation: 0, interpolation_duration: 1 }
$data merge entity $(bone_left_whisker16) { transformation: [-0.08419237266768675f,0.30805286163890194f,-0.9476365752864697f,0.9709609627293543f,-0.9879041237544061f,-0.1500864990756522f,0.03898057290822646f,1.700135243170549f,-0.13021937894808416f,0.9394559474670958f,0.31696283080998244f,1.4672211364726002f,0f,0f,0f,1f], start_interpolation: 0, interpolation_duration: 1 }
$data merge entity $(bone_left_whisker15) { transformation: [0.3970978189677338f,0.1610536049042745f,-0.9035347577810202f,1.0872982143800576f,-0.4023211598025303f,0.9153968388664043f,-0.013649606900602795f,1.5822677158846514f,0.8248945426818f,0.368931380802355f,0.42829736131927354f,1.7088894595239088f,0f,0f,0f,1f], start_interpolation: 0, interpolation_duration: 1 }
$data merge entity $(bone_left_whisker14) { transformation: [0.6173509985824255f,0.18735248189541093f,-0.7640528725663636f,1.2681627647460025f,0.2295748194859726f,0.8860464963959803f,0.40276172668513427f,1.6495259637809325f,0.7524447799056522f,-0.42405265445701124f,0.5039902771291302f,1.9293322661368928f,0f,0f,0f,1f], start_interpolation: 0, interpolation_duration: 1 }
$data merge entity $(bone_left_whisker13) { transformation: [0.15368364186222094f,0.3363255935707568f,-0.9291213232582938f,1.313187269197825f,-0.21865957168670963f,0.9285559668645914f,0.2999530098364547f,1.585465542388342f,0.9636230227291943f,0.15706339964944652f,0.21624467289810634f,2.2116436985770864f,0f,0f,0f,1f], start_interpolation: 0, interpolation_duration: 1 }
$data merge entity $(bone_left_whisker12) { transformation: [-0.5097412179918289f,0.2634797706555653f,-0.8189885842522455f,1.1140696059197668f,0.2968903188605861f,0.9473431785771915f,0.11998766840856066f,1.7014383231932584f,0.8074775719777401f,-0.18198712168324965f,-0.5611244588274331f,2.5270646251308913f,0f,0f,0f,1f], start_interpolation: 0, interpolation_duration: 1 }
$data merge entity $(bone_left_whisker11) { transformation: [-0.9241245454880607f,0.146906002450114f,-0.35272149193182534f,0.7530834553384931f,0.13829451350354233f,0.9891461966565589f,0.04964301738092042f,1.7554596175305797f,0.35618597945638475f,-0.002903116255156324f,-0.934410573546075f,2.6661997733560416f,0f,0f,0f,1f], start_interpolation: 0, interpolation_duration: 1 }
$data merge entity $(bone_left_whisker10) { transformation: [-0.5249693512122983f,0.5236939539722482f,-0.6709335457857596f,0.5480173025211891f,0.45905126915906197f,0.838025122780732f,0.294933595698749f,1.9347765195458382f,0.7167141079755533f,-0.1531617973296599f,-0.6803398792276953f,2.9461662217839923f,0f,0f,0f,1f], start_interpolation: 0, interpolation_duration: 1 }
$data merge entity $(bone_left_whisker1) { transformation: [0.007788646123174136f,0.5863485968512336f,-0.8100213947558162f,0.551059742413054f,0.6801085719921217f,0.5907322810665485f,0.4341517043715814f,2.2004439304802608f,0.7330700289156589f,-0.5542839480595679f,-0.39417970220331394f,3.2325217018291714f,0f,0f,0f,1f], start_interpolation: 0, interpolation_duration: 1 }
$data merge entity $(bone_upper_left_tooth1) { transformation: [-0.9984157037478325f,-0.0550242137034347f,0.01176513561499826f,0.20896020178494742f,-0.0492647452368704f,0.9558512056293056f,0.289692004676948f,2.217253483955811f,-0.027185793835509127f,0.2886534403109053f,-0.9570476080165561f,4.091290453617779f,0f,0f,0f,1f], start_interpolation: 0, interpolation_duration: 1 }
$data merge entity $(bone_upper_right_tooth1) { transformation: [-0.9984157037478325f,-0.0550242137034347f,0.01176513561499826f,-0.3760489996297982f,-0.0492647452368704f,0.9558512056293056f,0.289692004676948f,2.188387422293582f,-0.027185793835509127f,0.2886534403109053f,-0.9570476080165561f,4.075361277542285f,0f,0f,0f,1f], start_interpolation: 0, interpolation_duration: 1 }
$data merge entity $(bone_top_lip1) { transformation: [-0.9984157037478325f,-0.04768193421237682f,0.0298750005771903f,-0.06507950773166056f,-0.0492647452368704f,0.9972868254590825f,-0.05469892725174336f,2.3067025498188993f,-0.027185793835509127f,-0.05608405223868751f,-0.9980558660205456f,4.114997283528803f,0f,0f,0f,1f], start_interpolation: 0, interpolation_duration: 1 }
$data merge entity $(bone_muzzle1) { transformation: [-0.9984157037478325f,-0.0550242137034347f,0.01176513561499826f,-0.06739500016136377f,-0.0492647452368704f,0.9558512056293056f,0.289692004676948f,2.588170990427171f,-0.027185793835509127f,0.2886534403109053f,-0.9570476080165561f,3.689972099972512f,0f,0f,0f,1f], start_interpolation: 0, interpolation_duration: 1 }
$data merge entity $(bone_jaw_right_tooth1) { transformation: [-0.9984157037478325f,-0.03458850974490457f,0.0443814995617227f,-0.3778934223625199f,-0.0492647452368704f,0.9184349357525022f,-0.39249236128368514f,2.215138549627941f,-0.027185793835509127f,-0.3940569803758376f,-0.9186838568466357f,4.094621820417757f,0f,0f,0f,1f], start_interpolation: 0, interpolation_duration: 1 }
$data merge entity $(bone_jaw_left_tooth1) { transformation: [-0.9984157037478325f,-0.03458850974490457f,0.0443814995617227f,0.2558665458367879f,-0.0492647452368704f,0.9184349357525022f,-0.39249236128368514f,2.246410116428689f,-0.027185793835509127f,-0.3940569803758376f,-0.9186838568466357f,4.111878427832875f,0f,0f,0f,1f], start_interpolation: 0, interpolation_duration: 1 }
$data merge entity $(bone_tongue1) { transformation: [-0.9984157037478325f,-0.050104267922020926f,0.025605562788560146f,-0.042765863888691816f,-0.0492647452368704f,0.9982591736312119f,0.032428492685847465f,2.2463263875218775f,-0.027185793835509127f,0.03111566481899669f,-0.9991460093581943f,3.404925093490367f,0f,0f,0f,1f], start_interpolation: 0, interpolation_duration: 1 }
$data merge entity $(bone_jaw_lips1) { transformation: [-0.9984157037478325f,-0.050104267922020926f,0.025605562788560146f,-0.008392514538877186f,-0.0492647452368704f,0.9982591736312119f,0.032428492685847465f,2.1112882601669085f,-0.027185793835509127f,0.03111566481899669f,-0.9991460093581943f,4.183340919350874f,0f,0f,0f,1f], start_interpolation: 0, interpolation_duration: 1 }
$data merge entity $(bone_jaw3) { transformation: [-0.9984157037478325f,-0.041769799082939145f,0.03770101317327489f,0.02412072651207599f,-0.0492647452368704f,0.9726374286514359f,-0.22704496749117548f,1.8626709824464247f,-0.027185793835509127f,-0.228542591809259f,-0.9731542613289218f,3.439803183468244f,0f,0f,0f,1f], start_interpolation: 0, interpolation_duration: 1 }
$data merge entity $(bone_jaw1) { transformation: [-0.9984157037478325f,-0.05619435025277194f,-0.002877066107919865f,0.021873018615263598f,-0.0492647452368704f,0.8483035575825665f,0.5272134852879877f,2.274556517827665f,-0.027185793835509127f,0.5265199608679901f,-0.8497279937845423f,2.7759531883240705f,0f,0f,0f,1f], start_interpolation: 0, interpolation_duration: 1 }
$data merge entity $(bone_tear_right1) { transformation: [-0.9984157037478325f,-0.05584022909108092f,0.006924689507562913f,-0.596224111594889f,-0.0492647452368704f,0.9269655813768396f,0.3718975609216114f,2.6292443989195817f,-0.027185793835509127f,0.3709672219452186f,-0.9282479479405166f,3.6393599471889724f,0f,0f,0f,1f], start_interpolation: 0, interpolation_duration: 1 }
$data merge entity $(bone_right_pupil1) { transformation: [-0.9984157037478325f,-0.05584022909108092f,0.006924689507562913f,-0.44120578410875094f,-0.0492647452368704f,0.9269655813768396f,0.3718975609216114f,2.705915660327543f,-0.027185793835509127f,0.3709672219452186f,-0.9282479479405166f,3.7343572580819f,0f,0f,0f,1f], start_interpolation: 0, interpolation_duration: 1 }
$data merge entity $(bone_right_sad_pupil1) { transformation: [-0.9984157037478325f,-0.05584022909108092f,0.006924689507562913f,-0.4411381601877786f,-0.0492647452368704f,0.9269655813768396f,0.3718975609216114f,2.709547472445918f,-0.027185793835509127f,0.3709672219452186f,-0.9282479479405166f,3.725292336715293f,0f,0f,0f,1f], start_interpolation: 0, interpolation_duration: 1 }
$data merge entity $(bone_right_happy_pupil1) { transformation: [-0.9984157037478325f,-0.05584022909108092f,0.006924689507562913f,-0.4641499621821799f,-0.0492647452368704f,0.9269655813768396f,0.3718975609216114f,2.6857140293095525f,-0.027185793835509127f,0.3709672219452186f,-0.9282479479405166f,3.7155719285262765f,0f,0f,0f,1f], start_interpolation: 0, interpolation_duration: 1 }
$data merge entity $(bone_eyelid_right1) { transformation: [-0.9984157037478325f,-0.05584022909108092f,0.006924689507562913f,-0.05964917420704021f,-0.0492647452368704f,0.9269655813768396f,0.3718975609216114f,2.864398492048337f,-0.027185793835509127f,0.3709672219452186f,-0.9282479479405166f,3.264153864311588f,0f,0f,0f,1f], start_interpolation: 0, interpolation_duration: 1 }
$data merge entity $(bone_eyelid_expressions_right5) { transformation: [-0.9984157037478325f,-0.05584022909108092f,0.006924689507562913f,-0.55871775915954f,-0.0492647452368704f,0.9269655813768396f,0.3718975609216114f,2.794538808578889f,-0.027185793835509127f,0.3709672219452186f,-0.9282479479405166f,3.758466520897805f,0f,0f,0f,1f], start_interpolation: 0, interpolation_duration: 1 }
$data merge entity $(bone_eyelid_expressions_right7) { transformation: [-0.9984157037478325f,-0.05584022909108092f,0.006924689507562913f,-0.2662131584521673f,-0.0492647452368704f,0.9269655813768396f,0.3718975609216114f,2.8089718394100034f,-0.027185793835509127f,0.3709672219452186f,-0.9282479479405166f,3.766431108935552f,0f,0f,0f,1f], start_interpolation: 0, interpolation_duration: 1 }
$data merge entity $(bone_eyelid_expressions_right6) { transformation: [-0.9984157037478325f,-0.05584022909108092f,0.006924689507562913f,-0.3637146920212916f,-0.0492647452368704f,0.9269655813768396f,0.3718975609216114f,2.8041608291329654f,-0.027185793835509127f,0.3709672219452186f,-0.9282479479405166f,3.763776246256303f,0f,0f,0f,1f], start_interpolation: 0, interpolation_duration: 1 }
$data merge entity $(bone_right_eye1) { transformation: [-0.9984157037478325f,-0.05584022909108092f,0.006924689507562913f,-0.06946695148492493f,-0.0492647452368704f,0.9269655813768396f,0.3718975609216114f,2.8602855789022583f,-0.027185793835509127f,0.3709672219452186f,-0.9282479479405166f,3.2729532994102697f,0f,0f,0f,1f], start_interpolation: 0, interpolation_duration: 1 }
$data merge entity $(bone_tear_left1) { transformation: [-0.9984157037478325f,-0.05584022909108092f,0.006924689507562913f,0.45679245095165316f,-0.0492647452368704f,0.9269655813768396f,0.3718975609216114f,2.6812033099115933f,-0.027185793835509127f,0.3709672219452186f,-0.9282479479405166f,3.668032464124861f,0f,0f,0f,1f], start_interpolation: 0, interpolation_duration: 1 }
$data merge entity $(bone_left_sad_pupil1) { transformation: [-0.9984157037478325f,-0.05584022909108092f,0.006924689507562913f,0.29012334158065334f,-0.0492647452368704f,0.9269655813768396f,0.3718975609216114f,2.745630049523704f,-0.027185793835509127f,0.3709672219452186f,-0.9282479479405166f,3.74520380680966f,0f,0f,0f,1f], start_interpolation: 0, interpolation_duration: 1 }
$data merge entity $(bone_left_pupil1) { transformation: [-0.9984157037478325f,-0.05584022909108092f,0.006924689507562913f,0.290055717659681f,-0.0492647452368704f,0.9269655813768396f,0.3718975609216114f,2.741998237405329f,-0.027185793835509127f,0.3709672219452186f,-0.9282479479405166f,3.754268728176267f,0f,0f,0f,1f], start_interpolation: 0, interpolation_duration: 1 }
$data merge entity $(bone_eyelid_left1) { transformation: [-0.9984157037478325f,-0.05584022909108092f,0.006924689507562913f,-0.07914948092086507f,-0.0492647452368704f,0.9269655813768396f,0.3718975609216114f,2.8634362899929298f,-0.027185793835509127f,0.3709672219452186f,-0.9282479479405166f,3.2636228917757384f,0f,0f,0f,1f], start_interpolation: 0, interpolation_duration: 1 }
$data merge entity $(bone_left_happy_pupil1) { transformation: [-0.9984157037478325f,-0.05584022909108092f,0.006924689507562913f,0.3158623063708142f,-0.0492647452368704f,0.9269655813768396f,0.3718975609216114f,2.7242021115258575f,-0.027185793835509127f,0.3709672219452186f,-0.9282479479405166f,3.736810829960268f,0f,0f,0f,1f], start_interpolation: 0, interpolation_duration: 1 }
$data merge entity $(bone_eyelid_expressions_left5) { transformation: [-0.9984157037478325f,-0.05584022909108092f,0.006924689507562913f,0.3967972698178777f,-0.0492647452368704f,0.9269655813768396f,0.3718975609216114f,2.8416867092938625f,-0.027185793835509127f,0.3709672219452186f,-0.9282479479405166f,3.7844841751544447f,0f,0f,0f,1f], start_interpolation: 0, interpolation_duration: 1 }
$data merge entity $(bone_eyelid_expressions_left7) { transformation: [-0.9984157037478325f,-0.05584022909108092f,0.006924689507562913f,0.10429266911050496f,-0.0492647452368704f,0.9269655813768396f,0.3718975609216114f,2.827253678462748f,-0.027185793835509127f,0.3709672219452186f,-0.9282479479405166f,3.776519587116698f,0f,0f,0f,1f], start_interpolation: 0, interpolation_duration: 1 }
$data merge entity $(bone_eyelid_expressions_left6) { transformation: [-0.9984157037478325f,-0.05584022909108092f,0.006924689507562913f,0.20179420267962922f,-0.0492647452368704f,0.9269655813768396f,0.3718975609216114f,2.832064688739786f,-0.027185793835509127f,0.3709672219452186f,-0.9282479479405166f,3.779174449795947f,0f,0f,0f,1f], start_interpolation: 0, interpolation_duration: 1 }
$data merge entity $(bone_left_eye1) { transformation: [-0.9984157037478325f,-0.05584022909108092f,0.006924689507562913f,-0.06946695148492493f,-0.0492647452368704f,0.9269655813768396f,0.3718975609216114f,2.8602855789022583f,-0.027185793835509127f,0.3709672219452186f,-0.9282479479405166f,3.2729532994102697f,0f,0f,0f,1f], start_interpolation: 0, interpolation_duration: 1 }
$data merge entity $(bone_crest_middle5) { transformation: [-0.9984157037478325f,-0.0530178155746265f,0.018846584343467743f,-0.1396228870512736f,-0.0492647452368704f,0.9854861603462118f,0.16245003121829915f,3.8230648508283247f,-0.027185793835509127f,0.16126419006640938f,-0.9865367674931118f,4.1047742264213865f,0f,0f,0f,1f], start_interpolation: 0, interpolation_duration: 1 }
$data merge entity $(bone_crest_middle4) { transformation: [-0.9984157037478325f,-0.0530178155746265f,0.018846584343467743f,-0.10855776073801587f,-0.0492647452368704f,0.9854861603462118f,0.16245003121829915f,3.2456315537504663f,-0.027185793835509127f,0.16126419006640938f,-0.9865367674931118f,4.010283490054349f,0f,0f,0f,1f], start_interpolation: 0, interpolation_duration: 1 }
$data merge entity $(bone_crest_middle1) { transformation: [-0.9984157037478325f,-0.0530178155746265f,0.018846584343467743f,-0.08663928695684903f,-0.0492647452368704f,0.9854861603462118f,0.16245003121829915f,2.8006583345305662f,-0.027185793835509127f,0.16126419006640938f,-0.9865367674931118f,4.011671856972186f,0f,0f,0f,1f], start_interpolation: 0, interpolation_duration: 1 }
$data merge entity $(bone_crest_left5) { transformation: [-0.48935319504337926f,-0.8636937650065558f,0.12069188369412788f,-1.0679957155767403f,-0.8082647702172715f,0.5011456557454824f,0.3091295730806929f,3.22686566380436f,-0.32747749804598414f,0.053722546628309054f,-0.9433304703322751f,3.951568640280991f,0f,0f,0f,1f], start_interpolation: 0, interpolation_duration: 1 }
$data merge entity $(bone_crest_left4) { transformation: [-0.48935319504337926f,-0.8636937650065558f,0.12069188369412788f,-0.6462702443821331f,-0.8082647702172715f,0.5011456557454824f,0.3091295730806929f,2.9821656365848863f,-0.32747749804598414f,0.053722546628309054f,-0.9433304703322751f,3.925336928060137f,0f,0f,0f,1f], start_interpolation: 0, interpolation_duration: 1 }
$data merge entity $(bone_crest_left1) { transformation: [-0.48935319504337926f,-0.8636937650065558f,0.12069188369412788f,-0.17647906768456273f,-0.8082647702172715f,0.5011456557454824f,0.3091295730806929f,2.7280898240790457f,-0.32747749804598414f,0.053722546628309054f,-0.9433304703322751f,3.8504209864955046f,0f,0f,0f,1f], start_interpolation: 0, interpolation_duration: 1 }
$data merge entity $(bone_crest_center1) { transformation: [-0.9984157037478325f,-0.05584022909108092f,0.006924689507562913f,-0.07761426472246608f,-0.0492647452368704f,0.9269655813768396f,0.3718975609216114f,2.710270128393745f,-0.027185793835509127f,0.3709672219452186f,-0.9282479479405166f,3.8440191481599886f,0f,0f,0f,1f], start_interpolation: 0, interpolation_duration: 1 }
$data merge entity $(bone_crest_right5) { transformation: [-0.5835435381386783f,0.8060089637785327f,-0.09912865077891923f,0.8498383007294723f,0.7553249135751184f,0.5835336623104116f,0.29828298624517324f,3.321497192400381f,0.298263665285151f,0.09918676957767386f,-0.9493159488344293f,4.003789213317166f,0f,0f,0f,1f], start_interpolation: 0, interpolation_duration: 1 }
$data merge entity $(bone_crest_right4) { transformation: [-0.5835435381386783f,0.8060089637785327f,-0.09912865077891923f,0.4562792363844856f,0.7553249135751184f,0.5835336623104116f,0.29828298624517324f,3.0365686463503754f,0.298263665285151f,0.09918676957767386f,-0.9493159488344293f,3.955358173484317f,0f,0f,0f,1f], start_interpolation: 0, interpolation_duration: 1 }
$data merge entity $(bone_crest_right1) { transformation: [-0.5835435381386783f,0.8060089637785327f,-0.09912865077891923f,0.018523999453685817f,0.7553249135751184f,0.5835336623104116f,0.29828298624517324f,2.7377118446331217f,0.298263665285151f,0.09918676957767386f,-0.9493159488344293f,3.8557307118540027f,0f,0f,0f,1f], start_interpolation: 0, interpolation_duration: 1 }
$data merge entity $(bone_head1) { transformation: [-0.9984157037478325f,-0.05584022909108092f,0.006924689507562913f,-0.06302106214536082f,-0.0492647452368704f,0.9269655813768396f,0.3718975609216114f,3.0147732541347234f,-0.027185793835509127f,0.3709672219452186f,-0.9282479479405166f,2.7562689903628623f,0f,0f,0f,1f], start_interpolation: 0, interpolation_duration: 1 }
$data merge entity $(bone_neck10) { transformation: [-1.2977320034756124f,-0.06968633222069168f,-0.08035215741500176f,-0.09936607463734208f,-0.08349292781834534f,1.2768394776943397f,0.24110347602224733f,2.8035076374922725f,0.06589070574776398f,0.2454501380063113f,-1.2770409749076919f,1.7727422543392382f,0f,0f,0f,1f], start_interpolation: 0, interpolation_duration: 1 }
$data merge entity $(bone_neck9) { transformation: [-0.9966581786692703f,0.016377831398211123f,-0.08002650517387823f,-0.12004321683935001f,-0.06412256856448922f,0.45005596953436966f,0.8906951894375374f,2.337854674513231f,0.05060406201428275f,0.8928501503192853f,-0.44750177427858795f,0.7754526114885149f,0f,0f,0f,1f], start_interpolation: 0, interpolation_duration: 1 }
$data merge entity $(bone_neck8) { transformation: [-0.9966581786692703f,0.03507388519154431f,-0.0737719287346031f,-0.15618461075409343f,-0.06412256856448922f,0.22355235819338143f,0.9725804025101834f,2.1779467446712357f,0.05060406201428275f,0.9740606581336444f,-0.2205562585462179f,-0.13898629295901754f,0f,0f,0f,1f], start_interpolation: 0, interpolation_duration: 1 }
$data merge entity $(bone_neck7) { transformation: [-0.9962966575219682f,0.053176334325693415f,-0.06756661659603996f,-0.20551812404453165f,-0.06358992941085168f,0.0732223016189886f,0.9952862982193318f,2.110015898442682f,0.05787306012366281f,0.9958969685732054f,-0.06956965501296491f,-1.0629141446626746f,0f,0f,0f,1f], start_interpolation: 0, interpolation_duration: 1 }
$data merge entity $(bone_neck6) { transformation: [-0.9843403244096858f,0.15069354122198136f,-0.09146355763370306f,-0.33232897760241f,-0.11963000444304406f,-0.18997379157424366f,0.9744735094151421f,2.283306178298051f,0.12947118512623565f,0.9701553561924424f,0.20502633263345277f,-1.8669101819222702f,0f,0f,0f,1f], start_interpolation: 0, interpolation_duration: 1 }
$data merge entity $(bone_neck_spine6) { transformation: [-1.0744776812715282f,-0.22886995492874168f,0.1343798113469346f,-0.20355608581200668f,0.044463310337410834f,0.39723292334263f,1.0320710712755536f,3.371680436908969f,-0.2616532132433329f,1.0073560571421336f,-0.37644793485401773f,-5.2345337654409905f,0f,0f,0f,1f], start_interpolation: 0, interpolation_duration: 1 }
$data merge entity $(bone_neck_spine7) { transformation: [-0.9607356863837619f,-0.24722964626769484f,0.12595413020251744f,0.5987443566195618f,0.034133315613072396f,0.3451885858604793f,0.9379124463172993f,2.574679112637907f,-0.2753576904209878f,0.9053851899594964f,-0.323196225423544f,-8.051469487903118f,0f,0f,0f,1f], start_interpolation: 0, interpolation_duration: 1 }
$data merge entity $(bone_tail6) { transformation: [-1.4425096290096258f,0.4014434618634682f,-0.014261796016449764f,0.3666771988657357f,-0.17016142482771643f,-0.5625136681682608f,1.3772500660041793f,3.42117334018151f,0.36387544764540275f,1.328388422764588f,0.5875143730581373f,-10.984851066715882f,0f,0f,0f,1f], start_interpolation: 0, interpolation_duration: 1 }
$data merge entity $(bone_tail5) { transformation: [-1.191638389181865f,0.32863487834898464f,0.045983963813057326f,0.5742360694019367f,-0.14056813355333098f,-0.655190040394512f,1.0397519269347528f,3.0073691041428705f,0.30059276109837624f,0.9964148666432807f,0.6685199056683869f,-10.355536414099072f,0f,0f,0f,1f], start_interpolation: 0, interpolation_duration: 1 }
$data merge entity $(bone_tail4) { transformation: [-0.9580625248835233f,0.27848945681495957f,0.06752644560998002f,0.6830210134702803f,-0.10691027461717084f,-0.5660023435675925f,0.8174420714994269f,2.7862744386867795f,0.26586912493760906f,0.7759413441226738f,0.5720390186744331f,-10.052434326551152f,0f,0f,0f,1f], start_interpolation: 0, interpolation_duration: 1 }
$data merge entity $(bone_segment18) { transformation: [-0.9862163355420747f,0.15105468762420066f,0.06752644560998002f,0.7567781851617845f,-0.03211751170375371f,-0.5751147061106029f,0.8174420714994269f,2.5054567110937116f,0.1623139086829028f,0.8040059428648958f,0.5720390186744331f,-9.659853299761652f,0f,0f,0f,1f], start_interpolation: 0, interpolation_duration: 1 }
$data merge entity $(bone_segment17) { transformation: [-0.9995278864311541f,0.0066479898770472464f,0.029996807781245763f,0.7609981006110821f,0.02547228441409683f,-0.36662794683874356f,0.9300188768640855f,2.2727338932761496f,0.01718042412740997f,0.9303438895523537f,0.3662855173213927f,-9.069302979245021f,0f,0f,0f,1f], start_interpolation: 0, interpolation_duration: 1 }
$data merge entity $(bone_segment16) { transformation: [-0.9893694436724141f,-0.14278408160147468f,0.027582783916087414f,0.642476157875483f,0.0465547087251936f,-0.13128874222386047f,0.9902504356276696f,2.163753980297359f,-0.13777068999918124f,0.9810076310643563f,0.13654034118402283f,-8.25499000424043f,0f,0f,0f,1f], start_interpolation: 0, interpolation_duration: 1 }
$data merge entity $(bone_segment15) { transformation: [-0.9607356863837619f,-0.2714048280600113f,0.057674606322348804f,0.36418019160301046f,0.034133315613072396f,0.09067696627722574f,0.9952952348685375f,2.2567332914214675f,-0.2753576904209878f,0.9581842761663723f,-0.07785265078046354f,-7.272476830437021f,0f,0f,0f,1f], start_interpolation: 0, interpolation_duration: 1 }
$data merge entity $(bone_segment14) { transformation: [-0.9397512002336377f,-0.32922061422684296f,0.09209489034435078f,0.026600460218064226f,0.018591416791762405f,0.21977826149318394f,0.9753726851807512f,2.4820918603353768f,-0.3413532494075788f,0.9183198260645002f,-0.20041620736795043f,-6.330840290038852f,0f,0f,0f,1f], start_interpolation: 0, interpolation_duration: 1 }
$data merge entity $(bone_segment13) { transformation: [-0.9708221873135688f,-0.22473280638584514f,0.08366269391813927f,-0.21685425423537433f,0.04017390863427237f,0.1915308892549448f,0.9806640482480509f,2.6638962458692963f,-0.2364113738480937f,0.9554114737615163f,-0.1769140416137297f,-5.300200235775651f,0f,0f,0f,1f], start_interpolation: 0, interpolation_duration: 1 }
$data merge entity $(bone_segment12) { transformation: [-0.9867440496873002f,-0.15370674497449574f,0.05206166493738128f,-0.39697934600236157f,0.04456983779069476f,0.05179318853784512f,0.9976627662594182f,2.7245913886870836f,-0.15604393601168223f,0.9867581781624253f,-0.044255935913202066f,-4.143842995741559f,0f,0f,0f,1f], start_interpolation: 0, interpolation_duration: 1 }
$data merge entity $(bone_segment11) { transformation: [-1.034501975980612f,-0.026567447821198714f,0.025461624507083686f,-0.4276823007972217f,0.028638524717973672f,-0.13149721808548578f,1.0263706827710048f,2.572625224315546f,-0.023107542237327017f,1.026426380344011f,0.1321491170598733f,-2.9576423878379217f,0f,0f,0f,1f], start_interpolation: 0, interpolation_duration: 1 }
$data merge entity $(bone_segment10) { transformation: [-0.9962005148288524f,0.08442534746089111f,0.021375101422852105f,-0.32832994053629916f,-6.938893903907228e-18f,-0.24543908630874905f,0.969412015044133f,2.2999087478745364f,0.0870892315658452f,0.9657287484682405f,0.24450654413989903f,-1.8211658032838247f,0f,0f,0f,1f], start_interpolation: 0, interpolation_duration: 1 }