# This file was generated by Animated Java via MC-Build. It is not recommended to edit this file directly.
$data merge entity $(bone_neck_spine5) { transformation: [-1.3641472092968638f,-0.010108257507894562f,-0.09056420183484708f,-0.07936758668389088f,-0.07348861521217841f,0.9254706386959067f,1.0036459437980296f,2.8527036581462344f,0.05388390258718471f,1.00628205797291f,-0.9239559540367875f,0.4760695161868208f,0f,0f,0f,1f], start_interpolation: 0, interpolation_duration: 1 }
$data merge entity $(bone_neck_spine2) { transformation: [-1.2991878183779653f,-0.06779636064759961f,-0.05418185125748137f,-0.143022300724169f,-0.0699891573449318f,1.2991346830294095f,0.05264598891336992f,3.6363273174231145f,0.05131800246398542f,0.05544128224942927f,-1.2998898929486642f,2.411107929176522f,0f,0f,0f,1f], start_interpolation: 0, interpolation_duration: 1 }
$data merge entity $(bone_scale_neck_left1) { transformation: [-1.3975340852772515f,0.3136191362744528f,-0.0009676019424347792f,0.5786572634646685f,0.29037949057121254f,1.295631830371147f,0.5371008564389853f,2.8919079598604047f,0.11848059059042508f,0.5238708007651832f,-1.327773004757126f,2.321470503603021f,0f,0f,0f,1f], start_interpolation: 0, interpolation_duration: 1 }
$data merge entity $(bone_scale_neck_right1) { transformation: [-1.36328786205989f,-0.4086056089213786f,-0.1610809731810079f,-0.7854899458321951f,-0.439109026778506f,1.256724521808923f,0.5284753137929382f,2.8184193446482264f,-0.009427945936660057f,0.5523987246952153f,-1.321448516285554f,2.375354406190206f,0f,0f,0f,1f], start_interpolation: 0, interpolation_duration: 1 }
$data merge entity $(bone_blush_right1) { transformation: [-0.9968082963170192f,-0.05596209226223571f,0.05693386183278382f,-0.7000856357845544f,-0.03414262524832947f,0.9434969213656114f,0.32961771875123064f,2.3531047374799945f,-0.07216302054871063f,0.3266218051558196f,-0.9423962515110298f,3.417600033497578f,0f,0f,0f,1f], start_interpolation: 0, interpolation_duration: 1 }
$data merge entity $(bone_blush_left1) { transformation: [-0.9968082963170192f,-0.05596209226223571f,0.05693386183278382f,0.44858017442451065f,-0.03414262524832947f,0.9434969213656114f,0.32961771875123064f,2.392448778293499f,-0.07216302054871063f,0.3266218051558196f,-0.9423962515110298f,3.500756639208006f,0f,0f,0f,1f], start_interpolation: 0, interpolation_duration: 1 }
$data merge entity $(bone_left_head_scales) { transformation: [-0.9104688891825259f,-0.05596209226223571f,-0.40977389626520905f,0.4422516340282132f,-0.1824854029994887f,0.9434969213656114f,0.27660917747921426f,3.1043439215582076f,0.3711407812715433f,0.3266218051558196f,-0.8692368589020498f,3.38668155671573f,0f,0f,0f,1f], start_interpolation: 0, interpolation_duration: 1 }
$data merge entity $(bone_left_head_scales2) { transformation: [-0.8491934752700644f,-0.05596209226223571f,-0.5251082610170815f,0.47763209744117313f,-0.21702895774905426f,0.9434969213656114f,0.25042362283133845f,2.318953106221124f,0.48142379776773575f,0.3266218051558196f,-0.8133568241181997f,3.269554597342682f,0f,0f,0f,1f], start_interpolation: 0, interpolation_duration: 1 }
$data merge entity $(bone_left_head_scales1) { transformation: [-0.9968082963170192f,-0.05596209226223571f,0.05693386183278382f,0.44771668210069715f,-0.03414262524832947f,0.9434969213656114f,0.32961771875123064f,3.012205550331097f,-0.07216302054871063f,0.3266218051558196f,-0.9423962515110298f,3.354784896055982f,0f,0f,0f,1f], start_interpolation: 0, interpolation_duration: 1 }
$data merge entity $(bone_right_head_scales) { transformation: [-0.8578906256877199f,-0.05596209226223571f,0.5107758007059118f,-0.7258830882182936f,0.12191564606266367f,0.9434969213656114f,0.3081397972004534f,3.0643330325953215f,-0.4991595432346812f,0.3266218051558196f,-0.8025945095716132f,3.3021155170102094f,0f,0f,0f,1f], start_interpolation: 0, interpolation_duration: 1 }
$data merge entity $(bone_right_head_scales2) { transformation: [-0.7838816321145624f,-0.05596209226223571f,0.6183832396362653f,-0.6905026248053336f,0.1610929552099302f,0.9434969213656114f,0.28959043346655056f,2.278942217258238f,-0.5996487693768254f,0.3266218051558196f,-0.7305748077928862f,3.1849885576371615f,0f,0f,0f,1f], start_interpolation: 0, interpolation_duration: 1 }
$data merge entity $(bone_right_head_scales1) { transformation: [-0.9968082963170192f,-0.05596209226223571f,0.05693386183278382f,-0.7204180401458097f,-0.03414262524832947f,0.9434969213656114f,0.32961771875123064f,2.972194661368211f,-0.07216302054871063f,0.3266218051558196f,-0.9423962515110298f,3.2702188563504615f,0f,0f,0f,1f], start_interpolation: 0, interpolation_duration: 1 }
$data merge entity $(bone_head_left_fin1) { transformation: [-0.5435315512476272f,0.08770267773306789f,-0.8347944017042744f,0.4723805376759821f,-0.048025228523009694f,0.9896482104543791f,0.13524051526727296f,2.6908287728267837f,0.8380137410709091f,0.11359867896632611f,-0.5336930858774965f,3.166149652197602f,0f,0f,0f,1f], start_interpolation: 0, interpolation_duration: 1 }
$data merge entity $(bone_head_right_fin1) { transformation: [-0.4193112283610667f,-0.17029038538442443f,0.8917282536826775f,-0.6957541845705247f,0.015045988363491136f,0.9808114456489148f,0.19437727829726273f,2.6508178838638976f,-0.9077178592517056f,0.0949215082566118f,-0.40870306490873165f,3.0815836124920817f,0f,0f,0f,1f], start_interpolation: 0, interpolation_duration: 1 }
$data merge entity $(bone_right_whisker16) { transformation: [-0.1754520405010513f,-0.38813143375792825f,0.9047488997578461f,-0.8855140109765529f,0.9819502468711471f,-0.13493637934444547f,0.1325363580271659f,1.5333188166488014f,0.07064201408305645f,0.9116721799300601f,0.4048006202908565f,1.428537868348589f,0f,0f,0f,1f], start_interpolation: 0, interpolation_duration: 1 }
$data merge entity $(bone_right_whisker15) { transformation: [0.4447703974842762f,-0.26992953490613436f,0.8540007843714416f,-1.0158178383645244f,0.39849615206295896f,0.9135669703321525f,0.08121703952463799f,1.4165718970991064f,-0.8021097869448386f,0.30419309147889906f,0.5138934255113762f,1.6635309699925847f,0f,0f,0f,1f], start_interpolation: 0, interpolation_duration: 1 }
$data merge entity $(bone_right_whisker14) { transformation: [0.7063322965430205f,-0.21380824210823365f,0.6748190294196288f,-1.2227511283673624f,-0.20881787755546613f,0.847940396051026f,0.4872290824222824f,1.4777490096641843f,-0.6763799086855651f,-0.4850599141873258f,0.554280703953413f,1.861689146365309f,0f,0f,0f,1f], start_interpolation: 0, interpolation_duration: 1 }
$data merge entity $(bone_right_whisker13) { transformation: [0.23200302944955997f,-0.4234619389415599f,0.8757023356107265f,-1.2907207659014133f,0.1891155665945941f,0.9027239429610824f,0.3864256529740255f,1.4223440585134244f,-0.9541540215278834f,0.07595702122023376f,0.2895179340378012f,2.141226457359806f,0f,0f,0f,1f], start_interpolation: 0, interpolation_duration: 1 }
$data merge entity $(bone_right_whisker12) { transformation: [-0.4005015710576926f,-0.3185743486594738f,0.8591326300150125f,-1.1342748397070022f,-0.3734316766025455f,0.9129643739291491f,0.16445313875377576f,1.5682158071862937f,-0.8367480352472493f,-0.25496359801420454f,-0.48460941922079825f,2.4680811586282627f,0f,0f,0f,1f], start_interpolation: 0, interpolation_duration: 1 }
$data merge entity $(bone_right_whisker11) { transformation: [-0.8695555741183245f,-0.22433841210144786f,0.43993792786659375f,-0.7946046935670318f,-0.23110691091084853f,0.9721488954826579f,0.03893739515033329f,1.658491944260844f,-0.4364203240558307f,-0.06781446650714804f,-0.8971836483593283f,2.6385578477125717f,0f,0f,0f,1f], start_interpolation: 0, interpolation_duration: 1 }
$data merge entity $(bone_right_whisker10) { transformation: [-0.4118021728257577f,-0.5708097087042171f,0.7103486798080164f,-0.6337444698069702f,-0.5322351848759067f,0.7833961238525218f,0.32096140128207556f,1.866396313352995f,-0.7396922863164751f,-0.24589995848281726f,-0.6264092368268963f,2.927500147054945f,0f,0f,0f,1f], start_interpolation: 0, interpolation_duration: 1 }
$data merge entity $(bone_right_whisker1) { transformation: [0.13582869688774568f,-0.572812616570029f,0.8083540507722925f,-0.6868025545287458f,-0.7079875840731518f,0.5146316388081852f,0.4836402145560926f,2.14295396338157f,-0.6930397866645455f,-0.637996851587685f,-0.3356424756555146f,3.198218813720783f,0f,0f,0f,1f], start_interpolation: 0, interpolation_duration: 1 }
$data merge entity $(bone_left_whisker16) { transformation: [-0.09621400401224725f,0.2612108165976623f,-0.9604747652720056f,0.9736028298212904f,-0.9912553379150159f,-0.11269514279604202f,0.06864881532238869f,1.596997188731724f,-0.09030902771550033f,0.958680715401412f,0.26976946719471206f,1.5631269235166072f,0f,0f,0f,1f], start_interpolation: 0, interpolation_duration: 1 }
$data merge entity $(bone_left_whisker15) { transformation: [0.3508298753134402f,0.160541993881273f,-0.922575019599047f,1.0763850198545248f,-0.37124529343551227f,0.9283114584566672f,0.020365858686428984f,1.4882339191705387f,0.8597065375403032f,0.33535668220371073f,0.3852798528495658f,1.8149940731866179f,0f,0f,0f,1f], start_interpolation: 0, interpolation_duration: 1 }
$data merge entity $(bone_left_whisker14) { transformation: [0.585807740924662f,0.2231492673408461f,-0.77912367128588f,1.248008381453547f,0.2530761900420535f,0.8629070416434484f,0.437428713639091f,1.5623773342219216f,0.7699231992260933f,-0.45342677685310456f,0.44902385830383484f,2.0405575104598874f,0f,0f,0f,1f], start_interpolation: 0, interpolation_duration: 1 }
$data merge entity $(bone_left_whisker13) { transformation: [0.10464865804270057f,0.34569073429547076f,-0.9324948120993062f,1.2786671679894943f,-0.1775845907311966f,0.9290689198017755f,0.32449137953602875f,1.5103505986561414f,0.9785256110622222f,0.13163912215074933f,0.15861516325586517f,2.3272349355757727f,0f,0f,0f,1f], start_interpolation: 0, interpolation_duration: 1 }
$data merge entity $(bone_left_whisker12) { transformation: [-0.5411941757543264f,0.28905107458856416f,-0.7896571030572648f,1.0672631930854606f,0.34117676349624126f,0.9337767279133271f,0.1079788796835277f,1.6436227718968606f,0.7685748370717227f,-0.2109751139036931f,-0.603972036714862f,2.6274594813069143f,0f,0f,0f,1f], start_interpolation: 0, interpolation_duration: 1 }
$data merge entity $(bone_left_whisker11) { transformation: [-0.9369884422596191f,0.16506349622825559f,-0.3079069685551096f,0.7012520828277968f,0.16922926044014286f,0.9854866691310195f,0.013322251158512544f,1.7097279517562913f,0.30563723019745953f,-0.03962407321254141f,-0.9513231923690667f,2.7468490243527968f,0f,0f,0f,1f], start_interpolation: 0, interpolation_duration: 1 }
$data merge entity $(bone_left_whisker10) { transformation: [-0.5491970981079545f,0.5455867489635572f,-0.6330226273879775f,0.48672196637937715f,0.49931908847839784f,0.8216348765029019f,0.27494831804388764f,1.9047744706931655f,0.6701216272520263f,-0.16507946289419934f,-0.7236613680580573f,3.0086152849981196f,0f,0f,0f,1f], start_interpolation: 0, interpolation_duration: 1 }
$data merge entity $(bone_left_whisker1) { transformation: [-0.013797884573737394f,0.6222673753074174f,-0.7826831619559141f,0.481332167717761f,0.712167377027304f,0.5555654557268512f,0.4291440917699621f,2.182964852344456f,0.7018740951761502f,-0.5514801338498366f,-0.4508241525136234f,3.2827848534263033f,0f,0f,0f,1f], start_interpolation: 0, interpolation_duration: 1 }
$data merge entity $(bone_upper_left_tooth1) { transformation: [-0.9968082963170192f,-0.05078702659023149f,0.06159462901653536f,0.10002907396854233f,-0.03414262524832947f,0.9686347078308588f,0.24613224885532342f,2.2439530090107356f,-0.07216302054871063f,0.24324366531432998f,-0.9672771152827594f,4.1228365311689865f,0f,0f,0f,1f], start_interpolation: 0, interpolation_duration: 1 }
$data merge entity $(bone_upper_right_tooth1) { transformation: [-0.9968082963170192f,-0.05078702659023149f,0.06159462901653536f,-0.4840382871547111f,-0.03414262524832947f,0.9686347078308588f,0.24613224885532342f,2.2239475645292925f,-0.07216302054871063f,0.24324366531432998f,-0.9672771152827594f,4.080553511316226f,0f,0f,0f,1f], start_interpolation: 0, interpolation_duration: 1 }
$data merge entity $(bone_top_lip1) { transformation: [-0.9968082963170192f,-0.02665759027417143f,0.07525020448035939f,-0.1731237926656871f,-0.03414262524832947f,0.9944010742163393f,-0.10000392361573923f,2.3388364141315794f,-0.07216302054871063f,-0.10225398025585558f,-0.9921374007601576f,4.129586526897353f,0f,0f,0f,1f], start_interpolation: 0, interpolation_duration: 1 }
$data merge entity $(bone_muzzle1) { transformation: [-0.9968082963170192f,-0.05078702659023149f,0.06159462901653536f,-0.1504877960643854f,-0.03414262524832947f,0.9686347078308588f,0.24613224885532342f,2.6009080260478785f,-0.07216302054871063f,0.24324366531432998f,-0.9672771152827594f,3.6929146442369722f,0f,0f,0f,1f], start_interpolation: 0, interpolation_duration: 1 }
$data merge entity $(bone_jaw_right_tooth1) { transformation: [-0.9968082963170192f,0.0006871448530853183f,0.07982949470911349f,-0.4862838205161476f,-0.03414262524832947f,0.9002279952544899f,-0.4340781469980191f,2.251564259314607f,-0.07216302054871063f,-0.43541828669916105f,-0.8973312733173036f,4.098505362746968f,0f,0f,0f,1f], start_interpolation: 0, interpolation_duration: 1 }
$data merge entity $(bone_jaw_left_tooth1) { transformation: [-0.9968082963170192f,0.0006871448530853183f,0.07982949470911349f,0.14645582070071034f,-0.03414262524832947f,0.9002279952544899f,-0.4340781469980191f,2.2732368241695036f,-0.07216302054871063f,-0.43541828669916105f,-0.8973312733173036f,4.144311967587457f,0f,0f,0f,1f], start_interpolation: 0, interpolation_duration: 1 }
$data merge entity $(bone_tongue1) { transformation: [-0.9968082963170192f,-0.033114637558430526f,0.07264049265344559f,-0.11892404410782903f,-0.03414262524832947f,0.9993329941514633f,-0.012955614281977279f,2.2462350616162876f,-0.07216302054871063f,-0.015394400918679052f,-0.9972740400138976f,3.424722659537243f,0f,0f,0f,1f], start_interpolation: 0, interpolation_duration: 1 }
$data merge entity $(bone_jaw_lips1) { transformation: [-0.9968082963170192f,-0.033114637558430526f,0.07264049265344559f,-0.12328323022537788f,-0.03414262524832947f,0.9993329941514633f,-0.012955614281977279f,2.1457942883224774f,-0.07216302054871063f,-0.015394400918679052f,-0.9972740400138976f,4.209095446859502f,0f,0f,0f,1f], start_interpolation: 0, interpolation_duration: 1 }
$data merge entity $(bone_jaw3) { transformation: [-0.9968082963170192f,-0.013185540701548558f,0.07873602676011349f,-0.06080496735420607f,-0.03414262524832947f,0.9619283883965029f,-0.271160573716126f,1.8634960501196232f,-0.07216302054871063f,-0.2729833641695303f,-0.9593083869913636f,3.4796297535726866f,0f,0f,0f,1f], start_interpolation: 0, interpolation_duration: 1 }
$data merge entity $(bone_jaw1) { transformation: [-0.9968082963170192f,-0.06499836368943793f,0.04635119320208549f,-0.02459309766507678f,-0.03414262524832947f,0.8719255669161217f,0.4884466059859069f,2.245094961046113f,-0.07216302054871063f,0.4853050777353304f,-0.8713618536461136f,2.79887830541166f,0f,0f,0f,1f], start_interpolation: 0, interpolation_duration: 1 }
$data merge entity $(bone_tear_right1) { transformation: [-0.9968082963170192f,-0.05596209226223571f,0.05693386183278382f,-0.6755449766447907f,-0.03414262524832947f,0.9434969213656114f,0.32961771875123064f,2.648285849836215f,-0.07216302054871063f,0.3266218051558196f,-0.9423962515110298f,3.615589726337387f,0f,0f,0f,1f], start_interpolation: 0, interpolation_duration: 1 }
$data merge entity $(bone_right_pupil1) { transformation: [-0.9968082963170192f,-0.05596209226223571f,0.05693386183278382f,-0.5237277803777373f,-0.03414262524832947f,0.9434969213656114f,0.32961771875123064f,2.726612169418072f,-0.07216302054871063f,0.3266218051558196f,-0.9423962515110298f,3.714332725267675f,0f,0f,0f,1f], start_interpolation: 0, interpolation_duration: 1 }
$data merge entity $(bone_right_sad_pupil1) { transformation: [-0.9968082963170192f,-0.05596209226223571f,0.05693386183278382f,-0.5231717856332765f,-0.03414262524832947f,0.9434969213656114f,0.32961771875123064f,2.729831092452752f,-0.07216302054871063f,0.3266218051558196f,-0.9423962515110298f,3.7051296368740125f,0f,0f,0f,1f], start_interpolation: 0, interpolation_duration: 1 }
$data merge entity $(bone_right_happy_pupil1) { transformation: [-0.9968082963170192f,-0.05596209226223571f,0.05693386183278382f,-0.546141369647519f,-0.03414262524832947f,0.9434969213656114f,0.32961771875123064f,2.705963244971606f,-0.07216302054871063f,0.3266218051558196f,-0.9423962515110298f,3.6953938038354686f,0f,0f,0f,1f], start_interpolation: 0, interpolation_duration: 1 }
$data merge entity $(bone_eyelid_right1) { transformation: [-0.9968082963170192f,-0.05596209226223571f,0.05693386183278382f,-0.1178626561506487f,-0.03414262524832947f,0.9434969213656114f,0.32961771875123064f,2.857544896118359f,-0.07216302054871063f,0.3266218051558196f,-0.9423962515110298f,3.2561585138174833f,0f,0f,0f,1f], start_interpolation: 0, interpolation_duration: 1 }
$data merge entity $(bone_eyelid_expressions_right5) { transformation: [-0.9968082963170192f,-0.05596209226223571f,0.05693386183278382f,-0.6405827664184581f,-0.03414262524832947f,0.9434969213656114f,0.32961771875123064f,2.8181350974904897f,-0.07216302054871063f,0.3266218051558196f,-0.9423962515110298f,3.728922074612925f,0f,0f,0f,1f], start_interpolation: 0, interpolation_duration: 1 }
$data merge entity $(bone_eyelid_expressions_right7) { transformation: [-0.9968082963170192f,-0.05596209226223571f,0.05693386183278382f,-0.3485490858568315f,-0.03414262524832947f,0.9434969213656114f,0.32961771875123064f,2.8281378197312113f,-0.07216302054871063f,0.3266218051558196f,-0.9423962515110298f,3.7500635845393053f,0f,0f,0f,1f], start_interpolation: 0, interpolation_duration: 1 }
$data merge entity $(bone_eyelid_expressions_right6) { transformation: [-0.9968082963170192f,-0.05596209226223571f,0.05693386183278382f,-0.44589364604404036f,-0.03414262524832947f,0.9434969213656114f,0.32961771875123064f,2.8248035789843042f,-0.07216302054871063f,0.3266218051558196f,-0.9423962515110298f,3.7430164145638454f,0f,0f,0f,1f], start_interpolation: 0, interpolation_duration: 1 }
$data merge entity $(bone_right_eye1) { transformation: [-0.9968082963170192f,-0.05596209226223571f,0.05693386183278382f,-0.12815310691383036f,-0.03414262524832947f,0.9434969213656114f,0.32961771875123064f,2.8539925490089884f,-0.07216302054871063f,0.3266218051558196f,-0.9423962515110298f,3.2646568852135998f,0f,0f,0f,1f], start_interpolation: 0, interpolation_duration: 1 }
$data merge entity $(bone_tear_left1) { transformation: [-0.9968082963170192f,-0.05596209226223571f,0.05693386183278382f,0.3757762733770654f,-0.03414262524832947f,0.9434969213656114f,0.32961771875123064f,2.6842956499028126f,-0.07216302054871063f,0.3266218051558196f,-0.9423962515110298f,3.6916991620723554f,0f,0f,0f,1f], start_interpolation: 0, interpolation_duration: 1 }
$data merge entity $(bone_left_sad_pupil1) { transformation: [-0.9968082963170192f,-0.05596209226223571f,0.05693386183278382f,0.20691241577079028f,-0.03414262524832947f,0.9434969213656114f,0.32961771875123064f,2.754837898054556f,-0.07216302054871063f,0.3266218051558196f,-0.9423962515110298f,3.7579834116899624f,0f,0f,0f,1f], start_interpolation: 0, interpolation_duration: 1 }
$data merge entity $(bone_left_pupil1) { transformation: [-0.9968082963170192f,-0.05596209226223571f,0.05693386183278382f,0.2063564210263295f,-0.03414262524832947f,0.9434969213656114f,0.32961771875123064f,2.7516189750198756f,-0.07216302054871063f,0.3266218051558196f,-0.9423962515110298f,3.767186500083625f,0f,0f,0f,1f], start_interpolation: 0, interpolation_duration: 1 }
$data merge entity $(bone_eyelid_left1) { transformation: [-0.9968082963170192f,-0.05596209226223571f,0.05693386183278382f,-0.13733156818809047f,-0.03414262524832947f,0.9434969213656114f,0.32961771875123064f,2.8568780479689777f,-0.07216302054871063f,0.3266218051558196f,-0.9423962515110298f,3.2547490798223913f,0f,0f,0f,1f], start_interpolation: 0, interpolation_duration: 1 }
$data merge entity $(bone_left_happy_pupil1) { transformation: [-0.9968082963170192f,-0.05596209226223571f,0.05693386183278382f,0.2326151118501522f,-0.03414262524832947f,0.9434969213656114f,0.32961771875123064f,2.7326371709468633f,-0.07216302054871063f,0.3266218051558196f,-0.9423962515110298f,3.7517711636391486f,0f,0f,0f,1f], start_interpolation: 0, interpolation_duration: 1 }
$data merge entity $(bone_eyelid_expressions_left5) { transformation: [-0.9968082963170192f,-0.05596209226223571f,0.05693386183278382f,0.3133939234161891f,-0.03414262524832947f,0.9434969213656114f,0.32961771875123064f,2.85081065681018f,-0.07216302054871063f,0.3266218051558196f,-0.9423962515110298f,3.7979843403724334f,0f,0f,0f,1f], start_interpolation: 0, interpolation_duration: 1 }
$data merge entity $(bone_eyelid_expressions_left7) { transformation: [-0.9968082963170192f,-0.05596209226223571f,0.05693386183278382f,0.021360242854562436f,-0.03414262524832947f,0.9434969213656114f,0.32961771875123064f,2.8408079345694586f,-0.07216302054871063f,0.3266218051558196f,-0.9423962515110298f,3.776842830446053f,0f,0f,0f,1f], start_interpolation: 0, interpolation_duration: 1 }
$data merge entity $(bone_eyelid_expressions_left6) { transformation: [-0.9968082963170192f,-0.05596209226223571f,0.05693386183278382f,0.11870480304177133f,-0.03414262524832947f,0.9434969213656114f,0.32961771875123064f,2.8441421753163656f,-0.07216302054871063f,0.3266218051558196f,-0.9423962515110298f,3.783890000421513f,0f,0f,0f,1f], start_interpolation: 0, interpolation_duration: 1 }
$data merge entity $(bone_left_eye1) { transformation: [-0.9968082963170192f,-0.05596209226223571f,0.05693386183278382f,-0.12815310691383036f,-0.03414262524832947f,0.9434969213656114f,0.32961771875123064f,2.8539925490089884f,-0.07216302054871063f,0.3266218051558196f,-0.9423962515110298f,3.2646568852135998f,0f,0f,0f,1f], start_interpolation: 0, interpolation_duration: 1 }
$data merge entity $(bone_crest_middle5) { transformation: [-0.9968082963170192f,-0.04231282415060502f,0.06769671562167161f,-0.21918801583769515f,-0.03414262524832947f,0.9924746088528706f,0.11759435328064613f,3.8542192199813723f,-0.07216302054871063f,0.114907683358169f,-0.9907515948867027f,4.048908814374146f,0f,0f,0f,1f], start_interpolation: 0, interpolation_duration: 1 }
$data merge entity $(bone_crest_middle4) { transformation: [-0.9968082963170192f,-0.04231282415060502f,0.06769671562167161f,-0.19439534543695003f,-0.03414262524832947f,0.9924746088528706f,0.11759435328064613f,3.272691128856643f,-0.07216302054871063f,0.114907683358169f,-0.9907515948867027f,3.981580093656469f,0f,0f,0f,1f], start_interpolation: 0, interpolation_duration: 1 }
$data merge entity $(bone_crest_middle1) { transformation: [-0.9968082963170192f,-0.04231282415060502f,0.06769671562167161f,-0.18075911933031147f,-0.03414262524832947f,0.9924746088528706f,0.11759435328064613f,2.8279321560929387f,-0.07216302054871063f,0.114907683358169f,-0.9907515948867027f,4.003648676806701f,0f,0f,0f,1f], start_interpolation: 0, interpolation_duration: 1 }
$data merge entity $(bone_crest_left5) { transformation: [-0.48838675730423803f,-0.8558870993350531f,0.17010481616250608f,-1.150246906784462f,-0.8140820518044093f,0.5170780778263753f,0.2643873566593227f,3.266958771905197f,-0.31424319916232735f,-0.009355993972299165f,-0.9492964116423364f,3.8784504948606036f,0f,0f,0f,1f], start_interpolation: 0, interpolation_duration: 1 }
$data merge entity $(bone_crest_left4) { transformation: [-0.48838675730423803f,-0.8558870993350531f,0.17010481616250608f,-0.7323332840622682f,-0.8140820518044093f,0.5170780778263753f,0.2643873566593227f,3.014479241716537f,-0.31424319916232735f,-0.009355993972299165f,-0.9492964116423364f,3.88301885129239f,0f,0f,0f,1f], start_interpolation: 0, interpolation_duration: 1 }
$data merge entity $(bone_crest_left1) { transformation: [-0.48838675730423803f,-0.8558870993350531f,0.17010481616250608f,-0.26432239984117f,-0.8140820518044093f,0.5170780778263753f,0.2643873566593227f,2.7496612974083923f,-0.31424319916232735f,-0.009355993972299165f,-0.9492964116423364f,3.8416916795176324f,0f,0f,0f,1f], start_interpolation: 0, interpolation_duration: 1 }
$data merge entity $(bone_crest_center1) { transformation: [-0.9968082963170192f,-0.05596209226223571f,0.05693386183278382f,-0.16561159512399395f,-0.03414262524832947f,0.9434969213656114f,0.32961771875123064f,2.72996124019131f,-0.07216302054871063f,0.3266218051558196f,-0.9423962515110298f,3.8407647863974694f,0f,0f,0f,1f], start_interpolation: 0, interpolation_duration: 1 }
$data merge entity $(bone_crest_right5) { transformation: [-0.5827826571117602f,0.811127478048346f,-0.04936181646461557f,0.7644994771484763f,0.7773924134566897f,0.5741765733037869f,0.2568701971212389f,3.3325425641687243f,0.23669687380643534f,0.11132599437710347f,-0.9651844968223482f,4.01706679968054f,0f,0f,0f,1f], start_interpolation: 0, interpolation_duration: 1 }
$data merge entity $(bone_crest_right4) { transformation: [-0.5827826571117602f,0.811127478048346f,-0.04936181646461557f,0.36844113825768243f,0.7773924134566897f,0.5741765733037869f,0.2568701971212389f,3.052182909235235f,0.23669687380643534f,0.11132599437710347f,-0.9651844968223482f,3.9627084039885956f,0f,0f,0f,1f], start_interpolation: 0, interpolation_duration: 1 }
$data merge entity $(bone_crest_right1) { transformation: [-0.5827826571117602f,0.811127478048346f,-0.04936181646461557f,-0.06963327946675221f,0.7773924134566897f,0.5741765733037869f,0.2568701971212389f,2.7563297789022068f,0.23669687380643534f,0.11132599437710347f,-0.9651844968223482f,3.8557860194685523f,0f,0f,0f,1f], start_interpolation: 0, interpolation_duration: 1 }
$data merge entity $(bone_head1) { transformation: [-0.9968082963170192f,-0.05596209226223571f,0.05693386183278382f,-0.09484087193224552f,-0.03414262524832947f,0.9434969213656114f,0.32961771875123064f,2.9849641303028323f,-0.07216302054871063f,0.3266218051558196f,-0.9423962515110298f,2.742538693232294f,0f,0f,0f,1f], start_interpolation: 0, interpolation_duration: 1 }
$data merge entity $(bone_neck10) { transformation: [-1.2991878183779653f,-0.060144202651835996f,-0.06256751881065857f,-0.12137696828928896f,-0.0699891573449318f,1.2811487252534806f,0.22176669853693565f,2.7586282854343547f,0.05131800246398542f,0.2246366524260913f,-1.2815326152518904f,1.7620557091374947f,0f,0f,0f,1f], start_interpolation: 0, interpolation_duration: 1 }
$data merge entity $(bone_neck9) { transformation: [-0.9977762445142774f,0.010002953694143151f,-0.06589769950747666f,-0.13457066812793908f,-0.05375167284090763f,0.46385247568003013f,0.8842802940653552f,2.2775815897698464f,0.03941222589234081f,0.8858559824954052f,-0.46228330569826037f,0.7719714396164853f,0f,0f,0f,1f], start_interpolation: 0, interpolation_duration: 1 }
$data merge entity $(bone_neck8) { transformation: [-0.9977762445142774f,0.026128530995460114f,-0.06131774417739242f,-0.16180503497809215f,-0.05375167284090763f,0.22854803282277794f,0.9720476091013456f,2.1130129855446786f,0.03941222589234081f,0.9731819442225885f,-0.2266353456311558f,-0.141949082154039f,0f,0f,0f,1f], start_interpolation: 0, interpolation_duration: 1 }
$data merge entity $(bone_neck7) { transformation: [-0.9963498424115181f,0.06438691883582172f,-0.05604744605575083f,-0.22153899288241893f,-0.05197705226678726f,0.06324278678604842f,0.9966437357236486f,2.054340478272466f,0.06771541600107513f,0.9959190100617437f,-0.05966529840231777f,-1.0658973825042892f,0f,0f,0f,1f], start_interpolation: 0, interpolation_duration: 1 }
$data merge entity $(bone_neck6) { transformation: [-0.9776767699288028f,0.1887348997027666f,-0.09234322485038857f,-0.3800151902890238f,-0.1303550625552248f,-0.2001469907881656f,0.9710554771714464f,2.2360417710324856f,0.1647898395162949f,0.9614157891945755f,0.22028161312185174f,-1.8623834631525595f,0f,0f,0f,1f], start_interpolation: 0, interpolation_duration: 1 }
$data merge entity $(bone_neck_spine6) { transformation: [-1.0813040388036008f,-0.20041078780032637f,0.12473479593776032f,-0.42404084574864814f,0.05742313342618609f,0.34394345693938905f,1.0504033319127766f,3.5271913803860944f,-0.22896689047087262f,1.0327052300047657f,-0.32563130762607f,-5.175871180364891f,0f,0f,0f,1f], start_interpolation: 0, interpolation_duration: 1 }
$data merge entity $(bone_neck_spine7) { transformation: [-0.9512656745084938f,-0.26860864001854656f,0.15146951841637069f,0.35408522652747226f,0.038363274533364654f,0.38429143861564896f,0.9224144130345062f,2.755533217562402f,-0.30597692015735123f,0.8832720355100694f,-0.3552585475634895f,-8.055636763104689f,0f,0f,0f,1f], start_interpolation: 0, interpolation_duration: 1 }
$data merge entity $(bone_tail6) { transformation: [-1.4820317792022024f,0.2097484037031898f,-0.042210120382968105f,0.44409341480257974f,-0.11098469784305119f,-0.5011071345875322f,1.4066870007909313f,3.443396655446493f,0.18291660384849578f,1.3953822159155762f,0.5115117488651609f,-11.059507344832276f,0f,0f,0f,1f], start_interpolation: 0, interpolation_duration: 1 }
$data merge entity $(bone_tail5) { transformation: [-1.2242871219496456f,0.17669303165288525f,-0.004251395174141858f,0.5556890137412442f,-0.091683011261651f,-0.6094562471246147f,1.072508632624529f,3.05847692042042f,0.15110502057049652f,1.0618192474114672f,0.6162991297675963f,-10.388884662256613f,0f,0f,0f,1f], start_interpolation: 0, interpolation_duration: 1 }
$data merge entity $(bone_tail4) { transformation: [-0.9871849534513907f,0.1580781242851642f,0.021844319665750712f,0.6174382810401365f,-0.06631905222408961f,-0.530902039498169f,0.8448341895122276f,2.851093311241448f,0.14514699787206686f,0.8325589054710595f,0.5345820965292023f,-10.06366633980698f,0f,0f,0f,1f], start_interpolation: 0, interpolation_duration: 1 }
$data merge entity $(bone_segment18) { transformation: [-0.9993727849611561f,0.02787225102719769f,0.021844319665750712f,0.6310477786120104f,0.0035449381188004028f,-0.5350164723117886f,0.8448341895122276f,2.5898547993704573f,0.03523450145406484f,0.8443817335646987f,0.5345820965292023f,-9.651370571464842f,0f,0f,0f,1f], start_interpolation: 0, interpolation_duration: 1 }
$data merge entity $(bone_segment17) { transformation: [-0.9955550367375149f,-0.09306602041472227f,0.014452842998239086f,0.5719726679971965f,0.04292958199946055f,-0.31182789817516327f,0.9491682742849189f,2.3919171686928635f,-0.08382851433681053f,0.9455697106844245f,0.31443711997831386f,-9.051155423081173f,0f,0f,0f,1f], start_interpolation: 0, interpolation_duration: 1 }
$data merge entity $(bone_segment16) { transformation: [-0.9768494755627273f,-0.21078453012115123f,0.03653743223640846f,0.3970050404552252f,0.051726403856705794f,-0.0670001844942402f,0.9964112376031246f,2.3363017811732307f,-0.2075800598248243f,0.9752337448731678f,0.07635222081759699f,-8.241635224700126f,0f,0f,0f,1f], start_interpolation: 0, interpolation_duration: 1 }
$data merge entity $(bone_segment15) { transformation: [-0.9512656745084938f,-0.2986592186769612f,0.07678728801805315f,0.09076267755404427f,0.038363274533364654f,0.13245860781024238f,0.9904458472748775f,2.472123595822405f,-0.30597692015735123f,0.9451229487829819f,-0.11454578130504192f,-7.272515013545702f,0f,0f,0f,1f], start_interpolation: 0, interpolation_duration: 1 }
$data merge entity $(bone_segment14) { transformation: [-0.9458010870074631f,-0.30817782612729033f,0.10240474256087304f,-0.22523997618975916f,0.03438228202419728f,0.2185381437589558f,0.9752225071260396f,2.6962105596377404f,-0.3229212945878757f,0.9258874160532948f,-0.19609775698830123f,-6.323118737319179f,0f,0f,0f,1f], start_interpolation: 0, interpolation_duration: 1 }
$data merge entity $(bone_segment13) { transformation: [-0.9769900021190181f,-0.19789649403719772f,0.07954566868954185f,-0.43976610871274946f,0.05188348996624813f,0.14123751176114185f,0.9886152278517885f,2.823794737955938f,-0.20687831986074134f,0.9699943004571245f,-0.12772007615206826f,-5.278014546365845f,0f,0f,0f,1f], start_interpolation: 0, interpolation_duration: 1 }
$data merge entity $(bone_segment12) { transformation: [-0.9942076467392666f,-0.09653434079583403f,0.047246970403225536f,-0.5528922893328675f,0.04964888833569409f,-0.02263151352860282f,0.9985102916256969f,2.7972734330396065f,-0.09532126233007654f,0.9950723268398725f,0.027293246514152186f,-4.111914163350369f,0f,0f,0f,1f], start_interpolation: 0, interpolation_duration: 1 }
$data merge entity $(bone_segment11) { transformation: [-1.0340077301106396f,0.03721314669128955f,0.03149059699081001f,-0.5098865189507574f,0.023668484483833505f,-0.20135294310525398f,1.0151084952157348f,2.564577754042552f,0.042617822888359504f,1.014702240034113f,0.20027867374254163f,-2.939262683400836f,0f,0f,0f,1f], start_interpolation: 0, interpolation_duration: 1 }
$data merge entity $(bone_segment10) { transformation: [-0.9928062309729538f,0.11498080246204023f,0.03339465236326146f,-0.3745093496139745f,-1.3877787807814457e-17f,-0.27891132303222144f,0.9603168611892721f,2.2524612111411395f,0.11973214999020858f,0.9534085634970985f,0.2769048993952996f,-1.8167296188895083f,0f,0f,0f,1f], start_interpolation: 0, interpolation_duration: 1 }