# This file was generated by Animated Java via MC-Build. It is not recommended to edit this file directly.
$data merge entity $(bone_neck_spine5) { transformation: [-1.36498803576664f,-0.011764557846449083f,-0.07662191298093586f,-0.07769140478783952f,-0.06381965620471898f,0.9376396107887028f,0.9929555236354605f,2.8282874264367375f,0.0440042481141541f,0.9949347795785096f,-0.9366803460568714f,0.4679029462096939f,0f,0f,0f,1f], start_interpolation: 0, interpolation_duration: 1 }
$data merge entity $(bone_neck_spine2) { transformation: [-1.2999886054920378f,-0.0595225456068484f,-0.04367721488135212f,-0.15120124408739943f,-0.06078062495687521f,1.300130391692457f,0.03725167341092039f,3.635698342953007f,0.0419088077277658f,0.039230576168886845f,-1.3008172895040786f,2.3927861990747217f,0f,0f,0f,1f], start_interpolation: 0, interpolation_duration: 1 }
$data merge entity $(bone_scale_neck_left1) { transformation: [-1.3964398875627888f,0.31819196661177f,0.012997353966747909f,0.5661530119963207f,0.3010168468449225f,1.299783552179605f,0.5209712024687019f,2.885497790048154f,0.10394189117936614f,0.5106623231352385f,-1.3341212438871344f,2.3178299248534273f,0f,0f,0f,1f], start_interpolation: 0, interpolation_duration: 1 }
$data merge entity $(bone_scale_neck_right1) { transformation: [-1.3660837618750055f,-0.4044779399850813f,-0.14721470717844598f,-0.798835023770319f,-0.43017791268936095f,1.2659953109789386f,0.5134805297344217f,2.821678133843435f,-0.014884131766256034f,0.5339596305410574f,-1.3289563551813124f,2.3618341729675816f,0f,0f,0f,1f], start_interpolation: 0, interpolation_duration: 1 }
$data merge entity $(bone_blush_right1) { transformation: [-0.9952160647359407f,-0.05345021147684102f,0.08178055627463439f,-0.736997470778798f,-0.026013410328037976f,0.9518271102186612f,0.3055297935323126f,2.379242204306186f,-0.0941715826277375f,0.3019407676115853f,-0.9486640532240659f,3.4087446799830925f,0f,0f,0f,1f], start_interpolation: 0, interpolation_duration: 1 }
$data merge entity $(bone_blush_left1) { transformation: [-0.9952160647359407f,-0.05345021147684102f,0.08178055627463439f,0.40983354131925875f,-0.026013410328037976f,0.9518271102186612f,0.3055297935323126f,2.409218595113886f,-0.0941715826277375f,0.3019407676115853f,-0.9486640532240659f,3.5172627146517743f,0f,0f,0f,1f], start_interpolation: 0, interpolation_duration: 1 }
$data merge entity $(bone_left_head_scales) { transformation: [-0.9205294892231799f,-0.05345021147684102f,-0.38699939840210645f,0.4135764298773982f,-0.1641521352344115f,0.9518271102186612f,0.2589965805773812f,3.1180888914827523f,0.35451309703379763f,0.3019407676115853f,-0.8849588899410137f,3.3855935702625017f,0f,0f,0f,1f], start_interpolation: 0, interpolation_duration: 1 }
$data merge entity $(bone_left_head_scales2) { transformation: [-0.8621406739685024f,-0.05345021147684102f,-0.5038417739550951f,0.4433548339206381f,-0.1965536284224754f,0.9518271102186612f,0.2353546757698939f,2.3297186207749636f,0.4669905025191579f,0.3019407676115853f,-0.8311146993111302f,3.288666806487445f,0f,0f,0f,1f], start_interpolation: 0, interpolation_duration: 1 }
$data merge entity $(bone_left_head_scales1) { transformation: [-0.9952160647359407f,-0.05345021147684102f,0.08178055627463439f,0.41879617709193345f,-0.026013410328037976f,0.9518271102186612f,0.3055297935323126f,3.0251370252504612f,-0.0941715826277375f,0.3019407676115853f,-0.9486640532240659f,3.356107167175433f,0f,0f,0f,1f], start_interpolation: 0, interpolation_duration: 1 }
$data merge entity $(bone_right_head_scales) { transformation: [-0.8450053723243758f,-0.05345021147684102f,0.5320798771199903f,-0.7526923959850322f,0.11800378169665164f,0.9518271102186612f,0.2830198928663521f,3.0876044262545825f,-0.52157552497048f,0.3019407676115853f,-0.7979916945720014f,3.2752362468706218f,0f,0f,0f,1f], start_interpolation: 0, interpolation_duration: 1 }
$data merge entity $(bone_right_head_scales2) { transformation: [-0.7683258739068805f,-0.05345021147684102f,0.6378231936660106f,-0.7229139919417924f,0.15393575192419404f,0.9518271102186612f,0.26519603415648096f,2.299234155546794f,-0.6212721913660397f,0.3019407676115853f,-0.7230854977728187f,3.178309483095565f,0f,0f,0f,1f], start_interpolation: 0, interpolation_duration: 1 }
$data merge entity $(bone_right_head_scales1) { transformation: [-0.9952160647359407f,-0.05345021147684102f,0.08178055627463439f,-0.747472648770497f,-0.026013410328037976f,0.9518271102186612f,0.3055297935323126f,2.9946525600222915f,-0.0941715826277375f,0.3019407676115853f,-0.9486640532240659f,3.245749843783553f,0f,0f,0f,1f], start_interpolation: 0, interpolation_duration: 1 }
$data merge entity $(bone_head_left_fin1) { transformation: [-0.5628971053961305f,0.09549215244770654f,-0.8209921422020807f,0.44435997372334685f,-0.021793165206714038f,0.9912433960175924f,0.13023666074413523f,2.6989453992720107f,0.8262396182022078f,0.09120185673775555f,-0.5558869621070954f,3.176051315952184f,0f,0f,0f,1f], start_interpolation: 0, interpolation_duration: 1 }
$data merge entity $(bone_head_right_fin1) { transformation: [-0.3984076967629668f,-0.16208881066589076f,0.9027726871239208f,-0.7219088521390837f,-0.003333857110307148f,0.9845106276031848f,0.17529321017412783f,2.668460934043841f,-0.9172023727383153f,0.06682844898170176f,-0.3927769925159875f,3.065693992560304f,0f,0f,0f,1f], start_interpolation: 0, interpolation_duration: 1 }
$data merge entity $(bone_right_whisker16) { transformation: [-0.1666855011752242f,-0.41013146452389115f,0.8966650018292524f,-0.8858086519886713f,0.9850973619767037f,-0.10838875070698088f,0.13354799192319983f,1.5121954738279961f,0.042416165839258765f,0.905562841843496f,0.4220862569994765f,1.4367187839410107f,0f,0f,0f,1f], start_interpolation: 0, interpolation_duration: 1 }
$data merge entity $(bone_right_whisker15) { transformation: [0.46703337093371877f,-0.2671557359086681f,0.8429161543151168f,-1.0226348348794092f,0.37401210200966883f,0.9234778832583349f,0.08546079032523535f,1.402621615817351f,-0.8012457662818546f,0.275347801705049f,0.5312144671520163f,1.671458754531398f,0f,0f,0f,1f], start_interpolation: 0, interpolation_duration: 1 }
$data merge entity $(bone_right_whisker14) { transformation: [0.7192779247275176f,-0.19381760032505702f,0.6671386698460166f,-1.233360789389424f,-0.23256230319751015f,0.8377161460143532f,0.4941117624974414f,1.4707551030822466f,-0.6546403914601856f,-0.5105549887241285f,0.5574760634841283f,1.8632479317169992f,0f,0f,0f,1f], start_interpolation: 0, interpolation_duration: 1 }
$data merge entity $(bone_right_whisker13) { transformation: [0.2555858819219464f,-0.4155707625132774f,0.8729128240015233f,-1.3082394657337444f,0.16304558280921144f,0.9084968374946986f,0.384772184790605f,1.4229878424936104f,-0.9529386102412816f,0.04398224194222208f,0.29995594260682745f,2.1424291651861247f,0f,0f,0f,1f], start_interpolation: 0, interpolation_duration: 1 }
$data merge entity $(bone_right_whisker12) { transformation: [-0.38529679811716727f,-0.30309325870083864f,0.8715967266406899f,-1.157732903969226f,-0.39009698414812455f,0.9094726618297287f,0.14381870651235024f,1.5753694769264717f,-0.8362838754389543f,-0.2845943673273492f,-0.46865267071291616f,2.469102554029466f,0f,0f,0f,1f], start_interpolation: 0, interpolation_duration: 1 }
$data merge entity $(bone_right_whisker11) { transformation: [-0.8618001479596545f,-0.21251520207228053f,0.4605841875975504f,-0.8210922211724858f,-0.23321838465155997f,0.9723469845134539f,0.012268935084590538f,1.6664704084309874f,-0.45045498114377047f,-0.09684333015634422f,-0.8875312272630154f,2.6450615310387517f,0f,0f,0f,1f], start_interpolation: 0, interpolation_duration: 1 }
$data merge entity $(bone_right_whisker10) { transformation: [-0.4004662978892317f,-0.5568166569934491f,0.7277238176324402f,-0.6646600735595046f,-0.5463209894007658f,0.782683306534825f,0.29822846646804413f,1.8798770449156614f,-0.7356358615477233f,-0.27814034616781663f,-0.6176389131511917f,2.932419289455831f,0f,0f,0f,1f], start_interpolation: 0, interpolation_duration: 1 }
$data merge entity $(bone_right_whisker1) { transformation: [0.144087267574996f,-0.552737962905307f,0.8208042420005291f,-0.7209441624559875f,-0.7262958238333033f,0.5042973550600639f,0.4670958723449898f,2.1635863511005455f,-0.6721110292243941f,-0.6634492610913928f,-0.3287884461963494f,3.19496266024661f,0f,0f,0f,1f], start_interpolation: 0, interpolation_duration: 1 }
$data merge entity $(bone_left_whisker16) { transformation: [-0.10454660307375369f,0.23817357211491474f,-0.965579285885815f,0.9703385661066222f,-0.9921869501294412f,-0.0914430586774881f,0.08487180340103179f,1.5607122943702472f,-0.06808130270916554f,0.9669082255135321f,0.24587277127753676f,1.6123553389683707f,0f,0f,0f,1f], start_interpolation: 0, interpolation_duration: 1 }
$data merge entity $(bone_left_whisker15) { transformation: [0.3272960658517535f,0.16262818788445604f,-0.9308218722093838f,1.066226085399128f,-0.35324955776735667f,0.9347117710121378f,0.03909801872882962f,1.457221212993092f,0.876408600605409f,0.3160157870056042f,0.36337582080828834f,1.8691156711769865f,0f,0f,0f,1f], start_interpolation: 0, interpolation_duration: 1 }
$data merge entity $(bone_left_whisker14) { transformation: [0.5707981389726575f,0.24244194387964738f,-0.7844816048787941f,1.233452102676274f,0.2662828983411557f,0.8491192964809113f,0.4561686512626615f,1.5352337808664773f,0.7767128829859749f,-0.46927425264084077f,0.42011757070134004f,2.096668273614284f,0f,0f,0f,1f], start_interpolation: 0, interpolation_duration: 1 }
$data merge entity $(bone_left_whisker13) { transformation: [0.0805280618029025f,0.35235332025001426f,-0.9323960365483428f,1.257044308282593f,-0.15426008361471288f,0.9285691865790193f,0.33758420036956693f,1.4900403969949794f,0.9847431430913594f,0.11664648920893059f,0.12912992948879493f,2.3851672413168306f,0f,0f,0f,1f], start_interpolation: 0, interpolation_duration: 1 }
$data merge entity $(bone_left_whisker12) { transformation: [-0.5548947500305936f,0.30356158636086555f,-0.7745593454826812f,1.0402885465518925f,0.36552182967108116f,0.925329682200747f,0.10079073009046785f,1.6328223617102455f,0.7473189469178403f,-0.2271901021707133f,-0.6244189691651518f,2.677088704956612f,0f,0f,0f,1f], start_interpolation: 0, interpolation_duration: 1 }
$data merge entity $(bone_left_whisker11) { transformation: [-0.9418582218540368f,0.17626470299113223f,-0.2860661538969613f,0.6723751786401595f,0.18607354150836514f,0.9825090905686789f,-0.007247351270795038f,1.7055073388619506f,0.27978514448856384f,-0.06005531974234696f,-0.9581824625269226f,2.786379777022457f,0f,0f,0f,1f], start_interpolation: 0, interpolation_duration: 1 }
$data merge entity $(bone_left_whisker10) { transformation: [-0.5589979402861984f,0.5577965473612555f,-0.6135016825630151f,0.4540166082158632f,0.5212420765826151f,0.8118175736244759f,0.2631709040800518f,1.9091175250270347f,0.6448472690146332f,-0.1726708976820684f,-0.7445513822014149f,3.0382732414812983f,0f,0f,0f,1f], start_interpolation: 0, interpolation_duration: 1 }
$data merge entity $(bone_left_whisker1) { transformation: [-0.02225137871211559f,0.640433092106332f,-0.7676915595996433f,0.44532466340644306f,0.7294804257323013f,0.5354850029943756f,0.4255750463097359f,2.194070816328715f,0.6836396599224114f,-0.5505463342019777f,-0.4790986842790672f,3.30531998363849f,0f,0f,0f,1f], start_interpolation: 0, interpolation_duration: 1 }
$data merge entity $(bone_upper_left_tooth1) { transformation: [-0.9952160647359407f,-0.04611917216067918f,0.08612784944906789f,0.04570418027632242f,-0.026013410328037976f,0.9748337967866652f,0.22140996166749094f,2.279689946148895f,-0.0941715826277375f,0.2181102716556657f,-0.9713699719590257f,4.134639740973533f,0f,0f,0f,1f], start_interpolation: 0, interpolation_duration: 1 }
$data merge entity $(bone_upper_right_tooth1) { transformation: [-0.9952160647359407f,-0.04611917216067918f,0.08612784944906789f,-0.5374302326548929f,-0.026013410328037976f,0.9748337967866652f,0.22140996166749094f,2.2644477135348104f,-0.0941715826277375f,0.2181102716556657f,-0.9713699719590257f,4.079461079277594f,0f,0f,0f,1f], start_interpolation: 0, interpolation_duration: 1 }
$data merge entity $(bone_top_lip1) { transformation: [-0.9952160647359407f,-0.013880386343243314f,0.09670739044390544f,-0.22651965592574566f,-0.026013410328037976f,0.9917707921563851f,-0.1253554877482489f,2.377422405260823f,-0.0941715826277375f,-0.12727148423923776f,-0.9873873010753826f,4.132779364796192f,0f,0f,0f,1f], start_interpolation: 0, interpolation_duration: 1 }
$data merge entity $(bone_muzzle1) { transformation: [-0.9952160647359407f,-0.04611917216067918f,0.08612784944906789f,-0.1912207800464175f,-0.026013410328037976f,0.9748337967866652f,0.22140996166749094f,2.628330657557449f,-0.0941715826277375f,0.2181102716556657f,-0.9713699719590257f,3.690427367500134f,0f,0f,0f,1f], start_interpolation: 0, interpolation_duration: 1 }
$data merge entity $(bone_jaw_right_tooth1) { transformation: [-0.9952160647359407f,0.020032578919872722f,0.09562259290213135f,-0.5397926204568289f,-0.026013410328037976f,0.8890855930140347f,-0.45700121529158677f,2.292522674550314f,-0.0941715826277375f,-0.45730242080782924f,-0.8843111493974761f,4.0966718000232545f,0f,0f,0f,1f], start_interpolation: 0, interpolation_duration: 1 }
$data merge entity $(bone_jaw_left_tooth1) { transformation: [-0.9952160647359407f,0.020032578919872722f,0.09562259290213135f,0.09193632688532108f,-0.026013410328037976f,0.8890855930140347f,-0.45700121529158677f,2.3090350932155728f,-0.0941715826277375f,-0.45730242080782924f,-0.8843111493974761f,4.15644868352719f,0f,0f,0f,1f], start_interpolation: 0, interpolation_duration: 1 }
$data merge entity $(bone_tongue1) { transformation: [-0.9952160647359407f,-0.022256171725930404f,0.09512963424513714f,-0.15730231509585862f,-0.026013410328037976f,0.998922255510635f,-0.0384399522456875f,2.2668104119480326f,-0.0941715826277375f,-0.04073070421256539f,-0.9947224350338816f,3.431837397579891f,0f,0f,0f,1f], start_interpolation: 0, interpolation_duration: 1 }
$data merge entity $(bone_jaw_lips1) { transformation: [-0.9952160647359407f,-0.022256171725930404f,0.09512963424513714f,-0.1805283419833641f,-0.026013410328037976f,0.998922255510635f,-0.0384399522456875f,2.1859284711124376f,-0.0941715826277375f,-0.04073070421256539f,-0.9947224350338816f,4.218136758038008f,0f,0f,0f,1f], start_interpolation: 0, interpolation_duration: 1 }
$data merge entity $(bone_jaw3) { transformation: [-0.9952160647359407f,0.0031235500318777254f,0.09764849167655396f,-0.10446923447426612f,-0.026013410328037976f,0.9549358133186345f,-0.29567024693834676f,1.884994204384864f,-0.0941715826277375f,-0.2967959498993813f,-0.9502862080177268f,3.4974637353846645f,0f,0f,0f,1f], start_interpolation: 0, interpolation_duration: 1 }
$data merge entity $(bone_jaw1) { transformation: [-0.9952160647359407f,-0.06683922722821325f,0.07125659404604563f,-0.04880002037579298f,-0.026013410328037976f,0.8843120258007034f,0.4661711525902915f,2.2491904173460293f,-0.0941715826277375f,0.4620873929548294f,-0.8818202505599401f,2.808541664634711f,0f,0f,0f,1f], start_interpolation: 0, interpolation_duration: 1 }
$data merge entity $(bone_tear_right1) { transformation: [-0.9952160647359407f,-0.05345021147684102f,0.08178055627463439f,-0.713859795822562f,-0.026013410328037976f,0.9518271102186612f,0.3055297935323126f,2.6789907176607026f,-0.0941715826277375f,0.3019407676115853f,-0.9486640532240659f,3.599923989148725f,0f,0f,0f,1f], start_interpolation: 0, interpolation_duration: 1 }
$data merge entity $(bone_right_pupil1) { transformation: [-0.9952160647359407f,-0.05345021147684102f,0.08178055627463439f,-0.5635097199552501f,-0.026013410328037976f,0.9518271102186612f,0.3055297935323126f,2.7582320533928923f,-0.0941715826277375f,0.3019407676115853f,-0.9486640532240659f,3.7001702791421556f,0f,0f,0f,1f], start_interpolation: 0, interpolation_duration: 1 }
$data merge entity $(bone_right_sad_pupil1) { transformation: [-0.9952160647359407f,-0.05345021147684102f,0.08178055627463439f,-0.5627110817103806f,-0.026013410328037976f,0.9518271102186612f,0.3055297935323126f,2.761215742782856f,-0.0941715826277375f,0.3019407676115853f,-0.9486640532240659f,3.6909059817473895f,0f,0f,0f,1f], start_interpolation: 0, interpolation_duration: 1 }
$data merge entity $(bone_right_happy_pupil1) { transformation: [-0.9952160647359407f,-0.05345021147684102f,0.08178055627463439f,-0.5857031178103851f,-0.026013410328037976f,0.9518271102186612f,0.3055297935323126f,2.737342988774359f,-0.0941715826277375f,0.3019407676115853f,-0.9486640532240659f,3.681235393856734f,0f,0f,0f,1f], start_interpolation: 0, interpolation_duration: 1 }
$data merge entity $(bone_eyelid_right1) { transformation: [-0.9952160647359407f,-0.05345021147684102f,0.08178055627463439f,-0.14599106989042254f,-0.026013410328037976f,0.9518271102186612f,0.3055297935323126f,2.8737047198881385f,-0.0941715826277375f,0.3019407676115853f,-0.9486640532240659f,3.2483542478157226f,0f,0f,0f,1f], start_interpolation: 0, interpolation_duration: 1 }
$data merge entity $(bone_eyelid_expressions_right5) { transformation: [-0.9952160647359407f,-0.05345021147684102f,0.08178055627463439f,-0.6796979470650453f,-0.026013410328037976f,0.9518271102186612f,0.3055297935323126f,2.8512461892266385f,-0.0941715826277375f,0.3019407676115853f,-0.9486640532240659f,3.7098165041046895f,0f,0f,0f,1f], start_interpolation: 0, interpolation_duration: 1 }
$data merge entity $(bone_eyelid_expressions_right7) { transformation: [-0.9952160647359407f,-0.05345021147684102f,0.08178055627463439f,-0.3881307405994376f,-0.026013410328037976f,0.9518271102186612f,0.3055297935323126f,2.858867305533681f,-0.0941715826277375f,0.3019407676115853f,-0.9486640532240659f,3.7374058349526593f,0f,0f,0f,1f], start_interpolation: 0, interpolation_duration: 1 }
$data merge entity $(bone_eyelid_expressions_right6) { transformation: [-0.9952160647359407f,-0.05345021147684102f,0.08178055627463439f,-0.4853198094213068f,-0.026013410328037976f,0.9518271102186612f,0.3055297935323126f,2.8563269334313337f,-0.0941715826277375f,0.3019407676115853f,-0.9486640532240659f,3.7282093913366694f,0f,0f,0f,1f], start_interpolation: 0, interpolation_duration: 1 }
$data merge entity $(bone_right_eye1) { transformation: [-0.9952160647359407f,-0.05345021147684102f,0.08178055627463439f,-0.15650861501747892f,-0.026013410328037976f,0.9518271102186612f,0.3055297935323126f,2.87046699328794f,-0.0941715826277375f,0.3019407676115853f,-0.9486640532240659f,3.25669890084889f,0f,0f,0f,1f], start_interpolation: 0, interpolation_duration: 1 }
$data merge entity $(bone_tear_left1) { transformation: [-0.9952160647359407f,-0.05345021147684102f,0.08178055627463439f,0.33578214745362545f,-0.026013410328037976f,0.9518271102186612f,0.3055297935323126f,2.706426736366055f,-0.0941715826277375f,0.3019407676115853f,-0.9486640532240659f,3.699245580201417f,0f,0f,0f,1f], start_interpolation: 0, interpolation_duration: 1 }
$data merge entity $(bone_left_sad_pupil1) { transformation: [-0.9952160647359407f,-0.05345021147684102f,0.08178055627463439f,0.16620693445363843f,-0.026013410328037976f,0.9518271102186612f,0.3055297935323126f,2.780268533550462f,-0.0941715826277375f,0.3019407676115853f,-0.9486640532240659f,3.759879308867314f,0f,0f,0f,1f], start_interpolation: 0, interpolation_duration: 1 }
$data merge entity $(bone_left_pupil1) { transformation: [-0.9952160647359407f,-0.05345021147684102f,0.08178055627463439f,0.16540829620876896f,-0.026013410328037976f,0.9518271102186612f,0.3055297935323126f,2.7772848441604983f,-0.0941715826277375f,0.3019407676115853f,-0.9486640532240659f,3.7691436062620807f,0f,0f,0f,1f], start_interpolation: 0, interpolation_duration: 1 }
$data merge entity $(bone_eyelid_left1) { transformation: [-0.9952160647359407f,-0.05345021147684102f,0.08178055627463439f,-0.16542888365479635f,-0.026013410328037976f,0.9518271102186612f,0.3055297935323126f,2.873196645467669f,-0.0941715826277375f,0.3019407676115853f,-0.9486640532240659f,3.2465149590925244f,0f,0f,0f,1f], start_interpolation: 0, interpolation_duration: 1 }
$data merge entity $(bone_left_happy_pupil1) { transformation: [-0.9952160647359407f,-0.05345021147684102f,0.08178055627463439f,0.1918094327645687f,-0.026013410328037976f,0.9518271102186612f,0.3055297935323126f,2.757665965593139f,-0.0941715826277375f,0.3019407676115853f,-0.9486640532240659f,3.754806942784654f,0f,0f,0f,1f], start_interpolation: 0, interpolation_duration: 1 }
$data merge entity $(bone_eyelid_expressions_left5) { transformation: [-0.9952160647359407f,-0.05345021147684102f,0.08178055627463439f,0.272754927389273f,-0.026013410328037976f,0.9518271102186612f,0.3055297935323126f,2.876141835829644f,-0.0941715826277375f,0.3019407676115853f,-0.9486640532240659f,3.7999416515413915f,0f,0f,0f,1f], start_interpolation: 0, interpolation_duration: 1 }
$data merge entity $(bone_eyelid_expressions_left7) { transformation: [-0.9952160647359407f,-0.05345021147684102f,0.08178055627463439f,-0.018812279076334662f,-0.026013410328037976f,0.9518271102186612f,0.3055297935323126f,2.8685207195226012f,-0.0941715826277375f,0.3019407676115853f,-0.9486640532240659f,3.7723523206934213f,0f,0f,0f,1f], start_interpolation: 0, interpolation_duration: 1 }
$data merge entity $(bone_eyelid_expressions_left6) { transformation: [-0.9952160647359407f,-0.05345021147684102f,0.08178055627463439f,0.07837678974553455f,-0.026013410328037976f,0.9518271102186612f,0.3055297935323126f,2.8710610916249486f,-0.0941715826277375f,0.3019407676115853f,-0.9486640532240659f,3.7815487643094112f,0f,0f,0f,1f], start_interpolation: 0, interpolation_duration: 1 }
$data merge entity $(bone_left_eye1) { transformation: [-0.9952160647359407f,-0.05345021147684102f,0.08178055627463439f,-0.15650861501747892f,-0.026013410328037976f,0.9518271102186612f,0.3055297935323126f,2.87046699328794f,-0.0941715826277375f,0.3019407676115853f,-0.9486640532240659f,3.25669890084889f,0f,0f,0f,1f], start_interpolation: 0, interpolation_duration: 1 }
$data merge entity $(bone_crest_middle5) { transformation: [-0.9952160647359407f,-0.03448267601683076f,0.09141077368792999f,-0.2548174203835676f,-0.026013410328037976f,0.9953937577337056f,0.09227442521022727f,3.89071725045824f,-0.0941715826277375f,0.0894550843691457f,-0.9915288704348934f,4.0138096113072335f,0f,0f,0f,1f], start_interpolation: 0, interpolation_duration: 1 }
$data merge entity $(bone_crest_middle4) { transformation: [-0.9952160647359407f,-0.03448267601683076f,0.09141077368792999f,-0.2346127274049558f,-0.026013410328037976f,0.9953937577337056f,0.09227442521022727f,3.307478720536147f,-0.0941715826277375f,0.0894550843691457f,-0.9915288704348934f,3.9613945228096874f,0f,0f,0f,1f], start_interpolation: 0, interpolation_duration: 1 }
$data merge entity $(bone_crest_middle1) { transformation: [-0.9952160647359407f,-0.03448267601683076f,0.09141077368792999f,-0.2261543612628352f,-0.026013410328037976f,0.9953937577337056f,0.09227442521022727f,2.863291413506117f,-0.0941715826277375f,0.0894550843691457f,-0.9915288704348934f,3.9947052597293555f,0f,0f,0f,1f], start_interpolation: 0, interpolation_duration: 1 }
$data merge entity $(bone_crest_left5) { transformation: [-0.4896497506666307f,-0.8499744826339904f,0.19438750099527063f,-1.1878831689252056f,-0.8167398378322376f,0.525168944076819f,0.23902639493371647f,3.308689225127441f,-0.30525261500907136f,-0.04172480135745338f,-0.9513568636330975f,3.836515455721109f,0f,0f,0f,1f], start_interpolation: 0, interpolation_duration: 1 }
$data merge entity $(bone_crest_left4) { transformation: [-0.4896497506666307f,-0.8499744826339904f,0.19438750099527063f,-0.7728565660765776f,-0.8167398378322376f,0.525168944076819f,0.23902639493371647f,3.052259076652432f,-0.30525261500907136f,-0.04172480135745338f,-0.9513568636330975f,3.8568888938839283f,0f,0f,0f,1f], start_interpolation: 0, interpolation_duration: 1 }
$data merge entity $(bone_crest_left1) { transformation: [-0.4896497506666307f,-0.8499744826339904f,0.19438750099527063f,-0.30683572574605195f,-0.8167398378322376f,0.525168944076819f,0.23902639493371647f,2.7818571240200445f,-0.30525261500907136f,-0.04172480135745338f,-0.9513568636330975f,3.8328467040059446f,0f,0f,0f,1f], start_interpolation: 0, interpolation_duration: 1 }
$data merge entity $(bone_crest_center1) { transformation: [-0.9952160647359407f,-0.05345021147684102f,0.08178055627463439f,-0.20834173682374002f,-0.026013410328037976f,0.9518271102186612f,0.3055297935323126f,2.761159827010291f,-0.0941715826277375f,0.3019407676115853f,-0.9486640532240659f,3.8346716412066573f,0f,0f,0f,1f], start_interpolation: 0, interpolation_duration: 1 }
$data merge entity $(bone_crest_right5) { transformation: [-0.5798086529395456f,0.8143773227138679f,-0.0247285710428662f,0.7238047335790385f,0.7887858474701975f,0.5686725288528667f,0.2332990393439448f,3.3586577933500448f,0.2040559060825035f,0.11576325486732846f,-0.9720905595752742f,4.0174075068526305f,0f,0f,0f,1f], start_interpolation: 0, interpolation_duration: 1 }
$data merge entity $(bone_crest_right4) { transformation: [-0.5798086529395456f,0.8143773227138679f,-0.0247285710428662f,0.32615955647265776f,0.7887858474701975f,0.5686725288528667f,0.2332990393439448f,3.080985660121106f,0.2040559060825035f,0.11576325486732846f,-0.9720905595752742f,3.960882480061943f,0f,0f,0f,1f], start_interpolation: 0, interpolation_duration: 1 }
$data merge entity $(bone_crest_right1) { transformation: [-0.5798086529395456f,0.8143773227138679f,-0.0247285710428662f,-0.11245758810231354f,0.7887858474701975f,0.5686725288528667f,0.2332990393439448f,2.786937868224739f,0.2040559060825035f,0.11576325486732846f,-0.9720905595752742f,3.851239591237925f,0f,0f,0f,1f], start_interpolation: 0, interpolation_duration: 1 }
$data merge entity $(bone_head1) { transformation: [-0.9952160647359407f,-0.05345021147684102f,0.08178055627463439f,-0.10997363794239008f,-0.026013410328037976f,0.9518271102186612f,0.3055297935323126f,2.9880939766198136f,-0.0941715826277375f,0.3019407676115853f,-0.9486640532240659f,2.7324193425932104f,0f,0f,0f,1f], start_interpolation: 0, interpolation_duration: 1 }
$data merge entity $(bone_neck10) { transformation: [-1.2999886054920378f,-0.053312301432558266f,-0.051072801482542576f,-0.1303693185689342f,-0.06078062495687521f,1.2841452768752535f,0.206634049598013f,2.7500771538958215f,0.0419088077277658f,0.20868568072435256f,-1.2845679995391035f,1.7545589387042932f,0f,0f,0f,1f], start_interpolation: 0, interpolation_duration: 1 }
$data merge entity $(bone_neck9) { transformation: [-0.998391249017885f,0.006193386125090657f,-0.05636094261820771f,-0.13905469055040384f,-0.04667951996688016f,0.47447370266026767f,0.8790311302220857f,2.257169297425909f,0.032185964334924135f,0.88024788977433f,-0.47342128833383645f,0.7702758151966791f,0f,0f,0f,1f], start_interpolation: 0, interpolation_duration: 1 }
$data merge entity $(bone_neck8) { transformation: [-0.998391249017885f,0.020295441767680313f,-0.052943450283883704f,-0.1604685989424844f,-0.04667951996688016f,0.23583170545022297f,0.970672153262934f,2.085776218798404f,0.032185964334924135f,0.9715819583277026f,-0.23450492948323504f,-0.14254460168367167f,0f,0f,0f,1f], start_interpolation: 0, interpolation_duration: 1 }
$data merge entity $(bone_neck7) { transformation: [-0.9965552968874276f,0.06724525237060452f,-0.04853469150231077f,-0.22285433112224443f,-0.04432842371801205f,0.0626913174871582f,0.9970480377406099f,2.0276153285515286f,0.07008945067759599f,0.995764969631558f,-0.05949448847057015f,-1.066349993431699f,0f,0f,0f,1f], start_interpolation: 0, interpolation_duration: 1 }
$data merge entity $(bone_neck6) { transformation: [-0.9755284938250983f,0.20068968074895932f,-0.0898209873927903f,-0.39123786998591437f,-0.13097756926036724f,-0.2022960275525182f,0.9705262456972076f,2.211096417815104f,0.17660417346705237f,0.9585405412799979f,0.22363138562524637f,-1.8603914377681778f,0f,0f,0f,1f], start_interpolation: 0, interpolation_duration: 1 }
$data merge entity $(bone_neck_spine6) { transformation: [-1.0860481412300502f,-0.17856337443145687f,0.1164312404802334f,-0.5197263292971451f,0.0628938768501352f,0.3091874719674584f,1.0608436006077868f,3.6034159192226283f,-0.20367982890525654f,1.047597205994453f,-0.29325125542289143f,-5.135021281582346f,0f,0f,0f,1f], start_interpolation: 0, interpolation_duration: 1 }
$data merge entity $(bone_neck_spine7) { transformation: [-0.9497637668206824f,-0.26923159956240394f,0.1595717175180424f,0.21772312671637295f,0.04126471758526834f,0.39768888782230616f,0.9165919329697731f,2.8679315322321357f,-0.31023541112709313f,0.8771304887528004f,-0.3666007301998686f,-8.057484575573465f,0f,0f,0f,1f], start_interpolation: 0, interpolation_duration: 1 }
$data merge entity $(bone_tail6) { transformation: [-1.4924874126839422f,0.10912275538138748f,-0.052610159874242765f,0.46395270708289943f,-0.08348100085503615f,-0.4552035076614426f,1.4240839058120798f,3.461005989417353f,0.0877868279428127f,1.4223488575432963f,0.45979504343679684f,-11.092015665715307f,0f,0f,0f,1f], start_interpolation: 0, interpolation_duration: 1 }
$data merge entity $(bone_tail5) { transformation: [-1.2329243843910829f,0.0963222297588213f,-0.027146808201325395f,0.524787799562155f,-0.06896256592372553f,-0.5746075153919933f,1.0932464619305282f,3.098095979696094f,0.07251955351797572f,1.0911762873508069f,0.5780940088326675f,-10.402851694756901f,0f,0f,0f,1f], start_interpolation: 0, interpolation_duration: 1 }
$data merge entity $(bone_tail4) { transformation: [-0.9955587171370796f,0.09414124114519737f,0.0005171537626883511f,0.5615617218844978f,-0.047193577402343534f,-0.5038177971230248f,0.8625197931375674f,2.9012921526949125f,0.08145923510776105f,0.8586646924252473f,0.5060230617253664f,-10.06743579927829f,0f,0f,0f,1f], start_interpolation: 0, interpolation_duration: 1 }
$data merge entity $(bone_segment18) { transformation: [-0.9993294720390127f,-0.03661063870262375f,0.0005171537626883511f,0.5436854334554824f,0.018971588825762196f,-0.505667563981866f,0.8625197931375674f,2.654384162469392f,-0.0313158926370385f,0.8619512607279088f,0.5060230617253664f,-9.64656116025099f,0f,0f,0f,1f], start_interpolation: 0, interpolation_duration: 1 }
$data merge entity $(bone_segment17) { transformation: [-0.9901087364852199f,-0.13999426571763482f,0.009289537223227312f,0.45482188588081185f,0.048627701709601553f,-0.28030456363668355f,0.958678620931379f,2.4764564609422f,-0.13160560991873962f,0.9496478069108719f,0.2843395967277294f,-9.043757376567331f,0f,0f,0f,1f], start_interpolation: 0, interpolation_duration: 1 }
$data merge entity $(bone_segment16) { transformation: [-0.9706373406285451f,-0.23674177848559255f,0.04262022169140425f,0.2583077142863258f,0.05276339827349334f,-0.036672785941381264f,0.9979334299310403f,2.446015183549452f,-0.23468953274523874f,0.9708802382841955f,0.04808727616579264f,-8.237850928772833f,0f,0f,0f,1f], start_interpolation: 0, interpolation_duration: 1 }
$data merge entity $(bone_segment15) { transformation: [-0.9497637668206824f,-0.3013579548238315f,0.08445217758581523f,-0.05070190735920449f,0.04126471758526834f,0.14690651873583127f,0.9882892784177753f,2.5966517506125606f,-0.31023541112709313f,0.9421262430360998f,-0.12709103770717678f,-7.271803511597145f,0f,0f,0f,1f], start_interpolation: 0, interpolation_duration: 1 }
$data merge entity $(bone_segment14) { transformation: [-0.952421984219556f,-0.28666752522347005f,0.1035089076241032f,-0.34464810021530157f,0.04317814238928942f,0.20928151463879496f,0.9769016816703214f,2.811247053708981f,-0.3017084884372565f,0.9348919603958218f,-0.18694654421027093f,-6.313174060019399f,0f,0f,0f,1f], start_interpolation: 0, interpolation_duration: 1 }
$data merge entity $(bone_segment13) { transformation: [-0.9812764381937393f,-0.177153808513819f,0.07558491896441898f,-0.5367953542701231f,0.0568264675540045f,0.1086735012074593f,0.992451924639499f,2.9037566931590137f,-0.18403071599910237f,0.9781649136338725f,-0.09657172103931984f,-5.260053291347239f,0f,0f,0f,1f], start_interpolation: 0, interpolation_duration: 1 }
$data merge entity $(bone_segment12) { transformation: [-0.9969238643478027f,-0.064007382436254f,0.0452312246960352f,-0.6118040055626083f,0.049309891456944956f,-0.06364613147309162f,0.9967535826637465f,2.8291713828389846f,-0.06092079528657186f,0.995917780211885f,0.06660654441931763f,-4.0929621426614355f,0f,0f,0f,1f], start_interpolation: 0, interpolation_duration: 1 }
$data merge entity $(bone_segment11) { transformation: [-1.0323270983844752f,0.06771299123478182f,0.035555234118072f,-0.5335507641184905f,0.01924494205290897f,-0.23576419681858943f,1.0077665094742572f,2.556707971001895f,0.07401929519073204f,1.0056732353158186f,0.23386096216115992f,-2.9307451284375556f,0f,0f,0f,1f], start_interpolation: 0, interpolation_duration: 1 }
$data merge entity $(bone_segment10) { transformation: [-0.9912764768656018f,0.12599490562483182f,0.038681134542688865f,-0.3851730888355449f,0f,-0.29348605020509116f,0.9559633561674916f,2.2274294176014084f,0.13179888623550606f,0.9476239877143275f,0.2909258178565039f,-1.8147774340128142f,0f,0f,0f,1f], start_interpolation: 0, interpolation_duration: 1 }