# This file was generated by Animated Java via MC-Build. It is not recommended to edit this file directly.
$data merge entity $(bone_neck_spine5) { transformation: [-1.3663956039756524f,-0.015078526378527737f,-0.044015356803218636f,-0.06598193798858304f,-0.041724441831656786f,0.9693979049889836f,0.9631866033708405f,2.797985160784108f,0.020586027933996682f,0.9639719912951165f,-0.9692965880517066f,0.44680267699550036f,0f,0f,0f,1f], start_interpolation: 0, interpolation_duration: 1 }
$data merge entity $(bone_neck_spine2) { transformation: [-1.3013291466434782f,-0.039795890975674784f,-0.019487075256518226f,-0.16169960477560574f,-0.03973756364919693f,1.3014701057879061f,-0.004182908089698994f,3.668247015409427f,0.019605740889520645f,-0.0035857699749227197f,-1.3019307831533535f,2.343108046495015f,0f,0f,0f,1f], start_interpolation: 0, interpolation_duration: 1 }
$data merge entity $(bone_scale_neck_left1) { transformation: [-1.3931950153608748f,0.3292542541620713f,0.04537294009172593f,0.5450242734534964f,0.32529338927566115f,1.3106614903631073f,0.4772945494927516f,2.905257854128408f,0.06820028203711787f,0.47457087162837264f,-1.3496631534330046f,2.305620167736449f,0f,0f,0f,1f], start_interpolation: 0, interpolation_duration: 1 }
$data merge entity $(bone_scale_neck_right1) { transformation: [-1.3721773333795548f,-0.3941608656963486f,-0.11500433085608842f,-0.8213713305221558f,-0.40973717508130414f,1.2885711879639703f,0.4723972473546944f,2.8635334122967513f,-0.026537360805934735f,0.48546979710936117f,-1.3472469198253263f,2.3262061956704456f,0f,0f,0f,1f], start_interpolation: 0, interpolation_duration: 1 }
$data merge entity $(bone_blush_right1) { transformation: [-0.9907113320401641f,-0.04467576838768933f,0.12843337683862815f,-0.8052464003082735f,-0.010858042262871948f,0.9674636526979761f,0.2527769444124752f,2.472317330033399f,-0.13554762810695437f,0.24903444827424853f,-0.9589622954461346f,3.383657095583215f,0f,0f,0f,1f], start_interpolation: 0, interpolation_duration: 1 }
$data merge entity $(bone_blush_left1) { transformation: [-0.9907113320401641f,-0.04467576838768933f,0.12843337683862815f,0.3363936112223844f,-0.010858042262871948f,0.9674636526979761f,0.2527769444124752f,2.4848295271722556f,-0.13554762810695437f,0.24903444827424853f,-0.9589622954461346f,3.5398545576595883f,0f,0f,0f,1f], start_interpolation: 0, interpolation_duration: 1 }
$data merge entity $(bone_left_head_scales) { transformation: [-0.938075617720381f,-0.04467576838768933f,-0.3435377870882549f,0.3616080113805128f,-0.12635060465452408f,0.9674636526979761f,0.21920220211422617f,3.185446602583075f,0.32256729552445623f,0.24903444827424853f,-0.9131988739758602f,3.371486456344338f,0f,0f,0f,1f], start_interpolation: 0, interpolation_duration: 1 }
$data merge entity $(bone_left_head_scales2) { transformation: [-0.885209571536602f,-0.04467576838768933f,-0.4630422120918946f,0.3776974724980492f,-0.15388128648442181f,0.9674636526979761f,0.20083483357771678f,2.3925877511961104f,0.43900405935467723f,0.24903444827424853f,-0.863282850196189f,3.317401286127074f,0f,0f,0f,1f], start_interpolation: 0, interpolation_duration: 1 }
$data merge entity $(bone_left_head_scales1) { transformation: [-0.9907113320401641f,-0.04467576838768933f,0.12843337683862815f,0.3659708793871231f,-0.010858042262871948f,0.9674636526979761f,0.2527769444124752f,3.0909677302492886f,-0.13554762810695437f,0.24903444827424853f,-0.9589622954461346f,3.347166686005056f,0f,0f,0f,1f], start_interpolation: 0, interpolation_duration: 1 }
$data merge entity $(bone_right_head_scales) { transformation: [-0.8194677504237228f,-0.04467576838768933f,0.5713813802833031f,-0.7993818308540547f,0.1070882024259753f,0.9674636526979761f,0.2292295740288832f,3.1727223343062723f,-0.563031724609419f,0.24903444827424853f,-0.7880210153644917f,3.2126415796565007f,0f,0f,0f,1f], start_interpolation: 0, interpolation_duration: 1 }
$data merge entity $(bone_right_head_scales2) { transformation: [-0.7378768543453393f,-0.04467576838768933f,0.673455138476496f,-0.7832923697365184f,0.13609251145120618f,0.9674636526979761f,0.21329066795149107f,2.3798634829193075f,-0.6610722926793485f,0.24903444827424853f,-0.7077889992253416f,3.1585564094392367f,0f,0f,0f,1f], start_interpolation: 0, interpolation_duration: 1 }
$data merge entity $(bone_right_head_scales1) { transformation: [-0.9907113320401641f,-0.04467576838768933f,0.12843337683862815f,-0.7950189628474444f,-0.010858042262871948f,0.9674636526979761f,0.2527769444124752f,3.0782434619724857f,-0.13554762810695437f,0.24903444827424853f,-0.9589622954461346f,3.1883218093172188f,0f,0f,0f,1f], start_interpolation: 0, interpolation_duration: 1 }
$data merge entity $(bone_head_left_fin1) { transformation: [-0.5974763396050937f,0.11384160174229772f,-0.7937645200718201f,0.3917383217829767f,0.033701969587997344f,0.9925616588212077f,0.11698517292367462f,2.75518611869552f,0.8011780082216364f,0.043144445191014014f,-0.596868792944623f,3.1857314284832348f,0f,0f,0f,1f], start_interpolation: 0, interpolation_duration: 1 }
$data merge entity $(bone_head_right_fin1) { transformation: [-0.3594772253439792f,-0.1425734503420646f,0.9221978831663803f,-0.7692515204515908f,-0.04419003196881782f,0.9897513896920204f,0.1357918542376866f,2.7424618504187173f,-0.9321069496219783f,0.008062125046978952f,-0.3620934086753556f,3.0268865517953976f,0f,0f,0f,1f], start_interpolation: 0, interpolation_duration: 1 }
$data merge entity $(bone_right_whisker16) { transformation: [-0.146125605822551f,-0.45016594147153466f,0.880907448295245f,-0.8904972988293449f,0.989128049697542f,-0.05161246100639769f,0.1377020521648123f,1.504507907061168f,-0.016522972629951303f,0.891452062091906f,0.4528136618605493f,1.455217793905799f,0f,0f,0f,1f], start_interpolation: 0, interpolation_duration: 1 }
$data merge entity $(bone_right_whisker15) { transformation: [0.5085918707478627f,-0.25765808853582967f,0.8215513486211633f,-1.0394988234625078f,0.3212161046239696f,0.9420660163554474f,0.09660142316954351f,1.4104016264096144f,-0.7988457442706903f,0.21476482542595515f,0.5618910451505407f,1.6892546330476028f,0f,0f,0f,1f], start_interpolation: 0, interpolation_duration: 1 }
$data merge entity $(bone_right_whisker14) { transformation: [0.740746545041063f,-0.15329835010898138f,0.6540597616912333f,-1.2565144128300068f,-0.28165433250228333f,0.8130409681390025f,0.5095441306798528f,1.4929175441348927f,-0.6098896564071424f,-0.5616618199427996f,0.5590801436521606f,1.8679332433231328f,0f,0f,0f,1f], start_interpolation: 0, interpolation_duration: 1 }
$data merge entity $(bone_right_whisker13) { transformation: [0.2990165357549588f,-0.3965163626970768f,0.86796537111718f,-1.3441169135394673f,0.10678020454689284f,0.9177714493707978f,0.3824834043939018f,1.4616342810840453f,-0.9482547649561419f,-0.021687342698115133f,0.3167689377206472f,2.1457422564938775f,0f,0f,0f,1f], start_interpolation: 0, interpolation_duration: 1 }
$data merge entity $(bone_right_whisker12) { transformation: [-0.35848013832563813f,-0.2703338229078999f,0.8935388153952976f,-1.2040856095060148f,-0.4262724773402784f,0.898944055779422f,0.10095226416988051f,1.6281469675450915f,-0.8305322182120412f,-0.344701622814346f,-0.43748945786263616f,2.470168904232956f,0f,0f,0f,1f], start_interpolation: 0, interpolation_duration: 1 }
$data merge entity $(bone_right_whisker11) { transformation: [-0.8471312446564998f,-0.1863364852263637f,0.49764180752848197f,-0.8731749670620697f,-0.2394286975155142f,0.9698977602343911f,-0.04440983560356984f,1.7216738025120892f,-0.47438650184501874f,-0.15677068911565323f,-0.8662449987742784f,2.6554761315161666f,0f,0f,0f,1f], start_interpolation: 0, interpolation_duration: 1 }
$data merge entity $(bone_right_whisker10) { transformation: [-0.3813761281571366f,-0.5268913362100214f,0.7595641965618769f,-0.7241999170006882f,-0.576566698528874f,0.7778389647555188f,0.25007476293216274f,1.9468951691249305f,-0.7225808543127793f,-0.34256687629553595f,-0.6004372109102942f,2.937734277732096f,0f,0f,0f,1f], start_interpolation: 0, interpolation_duration: 1 }
$data merge entity $(bone_right_whisker1) { transformation: [0.15584087659062534f,-0.512882154921282f,0.8441951885356656f,-0.7850752594189012f,-0.7638779420045012f,0.4792719191837561f,0.43219083423979177f,2.245284990220439f,-0.6262620145773121f,-0.7122150817310888f,-0.3170892089812347f,3.1823678771763584f,0f,0f,0f,1f], start_interpolation: 0, interpolation_duration: 1 }
$data merge entity $(bone_left_whisker16) { transformation: [-0.12387879705438509f,0.19520461591310223f,-0.9729076017621494f,0.9572482793027245f,-0.9920872559999085f,-0.04453929997485369f,0.11738452726114522f,1.5247589114956055f,-0.020418621964547f,0.979750687003571f,0.19917748666227486f,1.7080235531224108f,0f,0f,0f,1f], start_interpolation: 0, interpolation_duration: 1 }
$data merge entity $(bone_left_whisker15) { transformation: [0.2821421238900246f,0.1701804670480871f,-0.9441580538035574f,1.0399071046611301f,-0.3125497829066365f,0.9467550604472816f,0.07724952247411399f,1.4331915922846767f,0.9070327751144613f,0.2733010504055177f,0.3203093515890544f,1.9737558114567257f,0f,0f,0f,1f], start_interpolation: 0, interpolation_duration: 1 }
$data merge entity $(bone_left_whisker14) { transformation: [0.5434901356044075f,0.28098651472482195f,-0.7909899184208989f,1.1991327303264838f,0.2957293669780306f,0.8178006627785909f,0.4937066107170035f,1.5198310552665217f,0.78559697937777f,-0.5022436206679932f,0.36137062898197614f,2.203911176508807f,0f,0f,0f,1f], start_interpolation: 0, interpolation_duration: 1 }
$data merge entity $(bone_left_whisker13) { transformation: [0.03557602630669776f,0.367931798760206f,-0.929171963531673f,1.2095553942835242f,-0.10311312205554132f,0.9261496824407526f,0.36278705844455394f,1.4896221327893124f,0.9940332139381383f,0.08290330015127542f,0.07088732194012809f,2.495131844654746f,0f,0f,0f,1f], start_interpolation: 0, interpolation_duration: 1 }
$data merge entity $(bone_left_whisker12) { transformation: [-0.5774557393629067f,0.3335750677701943f,-0.7451661178817439f,0.9839867460948887f,0.41601476554611433f,0.9055628033861578f,0.08299231272241131f,1.6521279005807634f,0.7024788850381558f,-0.26207572051892425f,-0.6616945917793468f,2.7695376591227756f,0f,0f,0f,1f], start_interpolation: 0, interpolation_duration: 1 }
$data merge entity $(bone_left_whisker11) { transformation: [-0.9483630700153901f,0.2006836516702593f,-0.2456289058382065f,0.6135324218701269f,0.21975035880982208f,0.9741394407997606f,-0.052555967132994263f,1.7379678844908502f,0.22872968157617618f,-0.10381917852988418f,-0.9679381751617411f,2.8588851909884694f,0f,0f,0f,1f], start_interpolation: 0, interpolation_duration: 1 }
$data merge entity $(bone_left_whisker10) { transformation: [-0.5737452039124882f,0.5826766978317087f,-0.5755903984530607f,0.3894132015918112f,0.5660987171357206f,0.7899996580044262f,0.23544167602652902f,1.959100195871991f,0.5919025962476503f,-0.190757453738577f,-0.7831110460199536f,3.090097142647708f,0f,0f,0f,1f], start_interpolation: 0, interpolation_duration: 1 }
$data merge entity $(bone_left_whisker1) { transformation: [-0.0345564640669309f,0.6748881465719828f,-0.7371104668961261f,0.3759145828156663f,0.7652072003206425f,0.4922896971328986f,0.4148599699588321f,2.2580092584972418f,0.642855964714208f,-0.5497061430559359f,-0.5334410603974277f,3.3412127538641956f,0f,0f,0f,1f], start_interpolation: 0, interpolation_duration: 1 }
$data merge entity $(bone_upper_left_tooth1) { transformation: [-0.9907113320401641f,-0.033312057249030406f,0.13183839884131196f,-0.056184697565005326f,-0.010858042262871948f,0.9858131237539504f,0.16749503859128517f,2.3958093473758435f,-0.13554762810695437f,0.16450772588640236f,-0.9770179367024248f,4.1468800383148725f,0f,0f,0f,1f], start_interpolation: 0, interpolation_duration: 1 }
$data merge entity $(bone_upper_right_tooth1) { transformation: [-0.9907113320401641f,-0.033312057249030406f,0.13183839884131196f,-0.636679618682289f,-0.010858042262871948f,0.9858131237539504f,0.16749503859128517f,2.3894472132374416f,-0.13554762810695437f,0.16450772588640236f,-0.9770179367024248f,4.067457599970954f,0f,0f,0f,1f], start_interpolation: 0, interpolation_duration: 1 }
$data merge entity $(bone_top_lip1) { transformation: [-0.9907113320401641f,0.013788293687420586f,0.13528096512219656f,-0.3258230037962673f,-0.010858042262871948f,0.9836479949708224f,-0.1797740940961696f,2.4987912667754704f,-0.13554762810695437f,-0.17957311866498912f,-0.9743615014805894f,4.12814985813258f,0f,0f,0f,1f], start_interpolation: 0, interpolation_duration: 1 }
$data merge entity $(bone_muzzle1) { transformation: [-0.9907113320401641f,-0.033312057249030406f,0.13183839884131196f,-0.2663284814981214f,-0.010858042262871948f,0.9858131237539504f,0.16749503859128517f,2.7249821728875165f,-0.13554762810695437f,0.16450772588640236f,-0.9770179367024248f,3.6751881301362403f,0f,0f,0f,1f], start_interpolation: 0, interpolation_duration: 1 }
$data merge entity $(bone_jaw_right_tooth1) { transformation: [-0.9907113320401641f,0.059225572911626514f,0.12240665047493592f,-0.6391313731081398f,-0.010858042262871948f,0.8628404008959218f,-0.5053598178525696f,2.418442251016423f,-0.13554762810695437f,-0.5019947948884076f,-0.8541826891359507f,4.083054712048666f,0f,0f,0f,1f], start_interpolation: 0, interpolation_duration: 1 }
$data merge entity $(bone_jaw_left_tooth1) { transformation: [-0.9907113320401641f,0.059225572911626514f,0.12240665047493592f,-0.010261875231082518f,-0.010858042262871948f,0.8628404008959218f,-0.5053598178525696f,2.425334562999691f,-0.13554762810695437f,-0.5019947948884076f,-0.8541826891359507f,4.169095686921245f,0f,0f,0f,1f], start_interpolation: 0, interpolation_duration: 1 }
$data merge entity $(bone_tongue1) { transformation: [-0.9907113320401641f,0.001945312072295216f,0.1359679091850165f,-0.2297093512614165f,-0.010858042262871948f,0.9955732620762483f,-0.09335942778892414f,2.3495715184066124f,-0.13554762810695437f,-0.09396858836759803f,-0.9863045903344361f,3.4376128734356035f,0f,0f,0f,1f], start_interpolation: 0, interpolation_duration: 1 }
$data merge entity $(bone_jaw_lips1) { transformation: [-0.9907113320401641f,0.001945312072295216f,0.1359679091850165f,-0.28777817060889604f,-0.010858042262871948f,0.9955732620762483f,-0.09335942778892414f,2.3112315162473918f,-0.13554762810695437f,-0.09396858836759803f,-0.9863045903344361f,4.225334954749297f,0f,0f,0f,1f], start_interpolation: 0, interpolation_duration: 1 }
$data merge entity $(bone_jaw3) { transformation: [-0.9907113320401641f,0.03707011159067409f,0.13083143121535623f,-0.18828122262007896f,-0.010858042262871948f,0.9374867278506562f,-0.3478516034490674f,1.970808579388206f,-0.13554762810695437f,-0.3460410986147811f,-0.9283762160805576f,3.5253859511016548f,0f,0f,0f,1f], start_interpolation: 0, interpolation_duration: 1 }
$data merge entity $(bone_jaw1) { transformation: [-0.9907113320401641f,-0.06629926491961208f,0.11872431948982744f,-0.09552784801865127f,-0.010858042262871948f,0.9088714501810358f,0.4169349948901371f,2.2965390441461255f,-0.13554762810695437f,0.4117731104831154f,-0.9011491252826244f,2.8213631969746045f,0f,0f,0f,1f], start_interpolation: 0, interpolation_duration: 1 }
$data merge entity $(bone_tear_right1) { transformation: [-0.9907113320401641f,-0.04467576838768933f,0.12843337683862815f,-0.7834299513328435f,-0.010858042262871948f,0.9674636526979761f,0.2527769444124752f,2.781306837416517f,-0.13554762810695437f,0.24903444827424853f,-0.9589622954461346f,3.559678623797558f,0f,0f,0f,1f], start_interpolation: 0, interpolation_duration: 1 }
$data merge entity $(bone_right_pupil1) { transformation: [-0.9907113320401641f,-0.04467576838768933f,0.12843337683862815f,-0.6356824188036303f,-0.010858042262871948f,0.9674636526979761f,0.2527769444124752f,2.862724144158557f,-0.13554762810695437f,0.24903444827424853f,-0.9589622954461346f,3.662028719321581f,0f,0f,0f,1f], start_interpolation: 0, interpolation_duration: 1 }
$data merge entity $(bone_right_sad_pupil1) { transformation: [-0.9907113320401641f,-0.04467576838768933f,0.12843337683862815f,-0.6344281866079406f,-0.010858042262871948f,0.9674636526979761f,0.2527769444124752f,2.865192669006335f,-0.13554762810695437f,0.24903444827424853f,-0.9589622954461346f,3.6526638531551145f,0f,0f,0f,1f], start_interpolation: 0, interpolation_duration: 1 }
$data merge entity $(bone_right_happy_pupil1) { transformation: [-0.9907113320401641f,-0.04467576838768933f,0.12843337683862815f,-0.6575244623500612f,-0.010858042262871948f,0.9674636526979761f,0.2527769444124752f,2.8413081677259853f,-0.13554762810695437f,0.24903444827424853f,-0.9589622954461346f,3.643274762487863f,0f,0f,0f,1f], start_interpolation: 0, interpolation_duration: 1 }
$data merge entity $(bone_eyelid_right1) { transformation: [-0.9907113320401641f,-0.04467576838768933f,0.12843337683862815f,-0.1970505921726008f,-0.010858042262871948f,0.9674636526979761f,0.2527769444124752f,2.9454618480269583f,-0.13554762810695437f,0.24903444827424853f,-0.9589622954461346f,3.2232234332914804f,0f,0f,0f,1f], start_interpolation: 0, interpolation_duration: 1 }
$data merge entity $(bone_eyelid_expressions_right5) { transformation: [-0.9907113320401641f,-0.04467576838768933f,0.12843337683862815f,-0.7500522715647391f,-0.010858042262871948f,0.9674636526979761f,0.2527769444124752f,2.958452135690067f,-0.13554762810695437f,0.24903444827424853f,-0.9589622954461346f,3.6617610318371128f,0f,0f,0f,1f], start_interpolation: 0, interpolation_duration: 1 }
$data merge entity $(bone_eyelid_expressions_right7) { transformation: [-0.9907113320401641f,-0.04467576838768933f,0.12843337683862815f,-0.45980481100609716f,-0.010858042262871948f,0.9674636526979761f,0.2527769444124752f,2.9616332027592676f,-0.13554762810695437f,0.24903444827424853f,-0.9589622954461346f,3.7014722510090725f,0f,0f,0f,1f], start_interpolation: 0, interpolation_duration: 1 }
$data merge entity $(bone_eyelid_expressions_right6) { transformation: [-0.9907113320401641f,-0.04467576838768933f,0.12843337683862815f,-0.5565539645256444f,-0.010858042262871948f,0.9674636526979761f,0.2527769444124752f,2.960572847069534f,-0.13554762810695437f,0.24903444827424853f,-0.9589622954461346f,3.6882351779517526f,0f,0f,0f,1f], start_interpolation: 0, interpolation_duration: 1 }
$data merge entity $(bone_right_eye1) { transformation: [-0.9907113320401641f,-0.04467576838768933f,0.12843337683862815f,-0.20797973972024525f,-0.010858042262871948f,0.9674636526979761f,0.2527769444124752f,2.942887287610207f,-0.13554762810695437f,0.24903444827424853f,-0.9589622954461346f,3.2312645921522147f,0f,0f,0f,1f], start_interpolation: 0, interpolation_duration: 1 }
$data merge entity $(bone_tear_left1) { transformation: [-0.9907113320401641f,-0.04467576838768933f,0.12843337683862815f,0.2614609066782672f,-0.010858042262871948f,0.9674636526979761f,0.2527769444124752f,2.7927586788656398f,-0.13554762810695437f,0.24903444827424853f,-0.9589622954461346f,3.7026390128166113f,0f,0f,0f,1f], start_interpolation: 0, interpolation_duration: 1 }
$data merge entity $(bone_left_sad_pupil1) { transformation: [-0.9907113320401641f,-0.04467576838768933f,0.12843337683862815f,0.09119046478866405f,-0.010858042262871948f,0.9674636526979761f,0.2527769444124752f,2.8731453366793374f,-0.13554762810695437f,0.24903444827424853f,-0.9589622954461346f,3.751941901085013f,0f,0f,0f,1f], start_interpolation: 0, interpolation_duration: 1 }
$data merge entity $(bone_left_pupil1) { transformation: [-0.9907113320401641f,-0.04467576838768933f,0.12843337683862815f,0.08993623259297429f,-0.010858042262871948f,0.9674636526979761f,0.2527769444124752f,2.8706768118315593f,-0.13554762810695437f,0.24903444827424853f,-0.9589622954461346f,3.761306767251479f,0f,0f,0f,1f], start_interpolation: 0, interpolation_duration: 1 }
$data merge entity $(bone_eyelid_left1) { transformation: [-0.9907113320401641f,-0.04467576838768933f,0.12843337683862815f,-0.21640042287651026f,-0.010858042262871948f,0.9674636526979761f,0.2527769444124752f,2.945249776889012f,-0.13554762810695437f,0.24903444827424853f,-0.9589622954461346f,3.2205760186800165f,0f,0f,0f,1f], start_interpolation: 0, interpolation_duration: 1 }
$data merge entity $(bone_left_happy_pupil1) { transformation: [-0.9907113320401641f,-0.04467576838768933f,0.12843337683862815f,0.11646876580631704f,-0.010858042262871948f,0.9674636526979761f,0.2527769444124752f,2.8497910132438538f,-0.13554762810695437f,0.24903444827424853f,-0.9589622954461346f,3.7491713469464214f,0f,0f,0f,1f], start_interpolation: 0, interpolation_duration: 1 }
$data merge entity $(bone_eyelid_expressions_left5) { transformation: [-0.9907113320401641f,-0.04467576838768933f,0.12843337683862815f,0.19808943292682432f,-0.010858042262871948f,0.9674636526979761f,0.2527769444124752f,2.968843621449456f,-0.13554762810695437f,0.24903444827424853f,-0.9589622954461346f,3.7914843477988462f,0f,0f,0f,1f], start_interpolation: 0, interpolation_duration: 1 }
$data merge entity $(bone_eyelid_expressions_left7) { transformation: [-0.9907113320401641f,-0.04467576838768933f,0.12843337683862815f,-0.0921580276318175f,-0.010858042262871948f,0.9674636526979761f,0.2527769444124752f,2.9656625543802555f,-0.13554762810695437f,0.24903444827424853f,-0.9589622954461346f,3.751773128626887f,0f,0f,0f,1f], start_interpolation: 0, interpolation_duration: 1 }
$data merge entity $(bone_eyelid_expressions_left6) { transformation: [-0.9907113320401641f,-0.04467576838768933f,0.12843337683862815f,0.00459112588772978f,-0.010858042262871948f,0.9674636526979761f,0.2527769444124752f,2.966722910069989f,-0.13554762810695437f,0.24903444827424853f,-0.9589622954461346f,3.765010201684207f,0f,0f,0f,1f], start_interpolation: 0, interpolation_duration: 1 }
$data merge entity $(bone_left_eye1) { transformation: [-0.9907113320401641f,-0.04467576838768933f,0.12843337683862815f,-0.20797973972024525f,-0.010858042262871948f,0.9674636526979761f,0.2527769444124752f,2.942887287610207f,-0.13554762810695437f,0.24903444827424853f,-0.9589622954461346f,3.2312645921522147f,0f,0f,0f,1f], start_interpolation: 0, interpolation_duration: 1 }
$data merge entity $(bone_crest_middle5) { transformation: [-0.9907113320401641f,-0.015818703792196475f,0.13505859905070197f,-0.31505640214643077f,-0.010858042262871948f,0.9992418454237895f,0.03738766203278013f,4.003848508478603f,-0.13554762810695437f,0.03557390847790609f,-0.9901319798643939f,3.928894660696013f,0f,0f,0f,1f], start_interpolation: 0, interpolation_duration: 1 }
$data merge entity $(bone_crest_middle4) { transformation: [-0.9907113320401641f,-0.015818703792196475f,0.13505859905070197f,-0.3057876303931906f,-0.010858042262871948f,0.9992418454237895f,0.03738766203278013f,3.4183552396756007f,-0.13554762810695437f,0.03557390847790609f,-0.9901319798643939f,3.90805057369724f,0f,0f,0f,1f], start_interpolation: 0, interpolation_duration: 1 }
$data merge entity $(bone_crest_middle1) { transformation: [-0.9907113320401641f,-0.015818703792196475f,0.13505859905070197f,-0.3087280810192316f,-0.010858042262871948f,0.9992418454237895f,0.03738766203278013f,2.9764969222369135f,-0.13554762810695437f,0.03557390847790609f,-0.9901319798643939f,3.9649372499833784f,0f,0f,0f,1f], start_interpolation: 0, interpolation_duration: 1 }
$data merge entity $(bone_crest_left5) { transformation: [-0.49462964979664537f,-0.8354441461315855f,0.2395299318175371f,-1.2526980855942726f,-0.8217845906756159f,0.5392855044268944f,0.18395986313090268f,3.432190198633371f,-0.2828632108814403f,-0.10585000429615576f,-0.9533017258561666f,3.742249593193479f,0f,0f,0f,1f], start_interpolation: 0, interpolation_duration: 1 }
$data merge entity $(bone_crest_left4) { transformation: [-0.49462964979664537f,-0.8354441461315855f,0.2395299318175371f,-0.8447663736159593f,-0.8217845906756159f,0.5392855044268944f,0.18395986313090268f,3.1688671984249264f,-0.2828632108814403f,-0.10585000429615576f,-0.9533017258561666f,3.7939341656037113f,0f,0f,0f,1f], start_interpolation: 0, interpolation_duration: 1 }
$data merge entity $(bone_crest_left1) { transformation: [-0.49462964979664537f,-0.8354441461315855f,0.2395299318175371f,-0.38434569298778654f,-0.8217845906756159f,0.5392855044268944f,0.18395986313090268f,2.888194313387576f,-0.2828632108814403f,-0.10585000429615576f,-0.9533017258561666f,3.8042392594221464f,0f,0f,0f,1f], start_interpolation: 0, interpolation_duration: 1 }
$data merge entity $(bone_crest_center1) { transformation: [-0.9907113320401641f,-0.04467576838768933f,0.12843337683862815f,-0.2865058364277643f,-0.010858042262871948f,0.9674636526979761f,0.2527769444124752f,2.8656352533262544f,-0.13554762810695437f,0.24903444827424853f,-0.9589622954461346f,3.811396467717911f,0f,0f,0f,1f], start_interpolation: 0, interpolation_duration: 1 }
$data merge entity $(bone_crest_right5) { transformation: [-0.5699879715832352f,0.8213741594462359f,0.02140566383969969f,0.6503367783350608f,0.8101165469651072f,0.5574439756203323f,0.18156925504591775f,3.4530471650493215f,0.13720383589302526f,0.12083337386081505f,-0.9831451587520799f,4.002619948985477f,0f,0f,0f,1f], start_interpolation: 0, interpolation_duration: 1 }
$data merge entity $(bone_crest_right4) { transformation: [-0.5699879715832352f,0.8213741594462359f,0.02140566383969969f,0.24927517704295338f,0.8101165469651072f,0.5574439756203323f,0.18156925504591775f,3.180857723828456f,0.13720383589302526f,0.12083337386081505f,-0.9831451587520799f,3.943619278155001f,0f,0f,0f,1f], start_interpolation: 0, interpolation_duration: 1 }
$data merge entity $(bone_crest_right1) { transformation: [-0.5699879715832352f,0.8213741594462359f,0.02140566383969969f,-0.19084738594869194f,0.8101165469651072f,0.5574439756203323f,0.18156925504591775f,2.890315024767043f,0.13720383589302526f,0.12083337386081505f,-0.9831451587520799f,3.8307134055367857f,0f,0f,0f,1f], start_interpolation: 0, interpolation_duration: 1 }
$data merge entity $(bone_head1) { transformation: [-0.9907113320401641f,-0.04467576838768933f,0.12843337683862815f,-0.13681553495400506f,-0.010858042262871948f,0.9674636526979761f,0.2527769444124752f,3.031416718071108f,-0.13554762810695437f,0.24903444827424853f,-0.9589622954461346f,2.7040370678269348f,0f,0f,0f,1f], start_interpolation: 0, interpolation_duration: 1 }
$data merge entity $(bone_neck10) { transformation: [-1.3013291466434782f,-0.03691185788088625f,-0.024514766741338866f,-0.14320874889294313f,-0.03973756364919693f,1.2908818276804037f,0.16572881446559207f,2.762233950073721f,0.019605740889520645f,0.1663809744433713f,-1.2912606217227767f,1.734099582516445f,0f,0f,0f,1f], start_interpolation: 0, interpolation_duration: 1 }
$data merge entity $(bone_neck9) { transformation: [-0.9994207846221913f,-0.002320622031539296f,-0.033951582857801754f,-0.14178208914310858f,-0.030518448882583243f,0.5025466042070998f,0.8640113048321264f,2.237937902976983f,0.015057209003151856f,0.8645470058436957f,-0.5023263432707231f,0.7661334273649235f,0f,0f,0f,1f], start_interpolation: 0, interpolation_duration: 1 }
$data merge entity $(bone_neck8) { transformation: [-0.9994207846221913f,0.006614232583365012f,-0.033381839261739245f,-0.14954831269514346f,-0.030518448882583243f,0.2598215698657954f,0.9651742724038362f,2.044020151265739f,0.015057209003151856f,0.9656339905781106f,-0.25946922109805f,-0.14238781492424402f,0f,0f,0f,1f], start_interpolation: 0, interpolation_duration: 1 }
$data merge entity $(bone_neck7) { transformation: [-0.9972501373079109f,0.06708741510892496f,-0.031487177919839765f,-0.2117876138215875f,-0.02671054977146005f,0.07094440332375024f,0.9971225793090553f,1.9782025895884319f,0.0691282154424604f,0.9952216689617643f,-0.06895737421553239f,-1.0656891679649432f,0f,0f,0f,1f], start_interpolation: 0, interpolation_duration: 1 }
$data merge entity $(bone_neck6) { transformation: [-0.9746039863438691f,0.20923792207749267f,-0.07979073735298062f,-0.3871268339462667f,-0.12264316225335403f,-0.2006077182569757f,0.9719646074462935f,2.1603014271607797f,0.18736521703650527f,0.9570663693498078f,0.22117468233150073f,-1.8585424411765958f,0f,0f,0f,1f], start_interpolation: 0, interpolation_duration: 1 }
$data merge entity $(bone_neck_spine6) { transformation: [-1.095985723522193f,-0.12168102177763945f,0.09460814072819466f,-0.6700004031669867f,0.06836093911817366f,0.22512671674431753f,1.0814741887480102f,3.7449522448488293f,-0.13814395881028468f,1.076779163925656f,-0.21541716806501063f,-5.034540536542153f,0f,0f,0f,1f], start_interpolation: 0, interpolation_duration: 1 }
$data merge entity $(bone_neck_spine7) { transformation: [-0.9539141842735569f,-0.25203198530914755f,0.16287297941292836f,-0.06786998444554748f,0.046945704361811516f,0.41074331213258775f,0.9105416148536678f,3.130206941915774f,-0.29638459791913613f,0.8762247485203104f,-0.379982052466733f,-8.055129095661698f,0f,0f,0f,1f], start_interpolation: 0, interpolation_duration: 1 }
$data merge entity $(bone_tail6) { transformation: [-1.4936142006151336f,-0.08691910462121345f,-0.0612859743880193f,0.4616540496591466f,-0.040255647153225396f,-0.3366327352613219f,1.4585102557427503f,3.5105435291566787f,-0.09843974947711628f,1.4564744256204278f,0.33344586505241774f,-11.137974760118926f,0f,0f,0f,1f], start_interpolation: 0, interpolation_duration: 1 }
$data merge entity $(bone_tail5) { transformation: [-1.2338552092038062f,-0.061920512895206184f,-0.062326812615336354f,0.4225463573042795f,-0.03325466503962098f,-0.48308423203499784f,1.138262364650444f,3.2054376983977324f,-0.08131979304631345f,1.1370632935810183f,0.48019955895122773f,-10.419829522067756f,0f,0f,0f,1f], start_interpolation: 0, interpolation_duration: 1 }
$data merge entity $(bone_tail4) { transformation: [-0.9989085586825307f,-0.03231332698932837f,-0.03372744119659533f,0.4099239639490731f,-0.016469677028578586f,-0.4320362676872016f,0.9017058351488512f,3.0366735313324194f,-0.043708593312566824f,0.9012771562076749f,0.43103253539476943f,-10.067768132924133f,0f,0f,0f,1f], start_interpolation: 0, interpolation_duration: 1 }
$data merge entity $(bone_segment18) { transformation: [-0.986145021958236f,-0.16242061253831194f,-0.03372744119659533f,0.33061702423310046f,0.040063272263702814f,-0.43048986175523046f,0.9017058351488512f,2.826473403522248f,-0.1609749355723265f,0.8878614889433162f,0.43103253539476943f,-9.63424201527603f,0f,0f,0f,1f], start_interpolation: 0, interpolation_duration: 1 }
$data merge entity $(bone_segment17) { transformation: [-0.9751351505939505f,-0.22157598502914322f,0.003939661721302862f,0.18996820561108574f,0.052211802262632674f,-0.2124296937451292f,0.9757804839818424f,2.6916303362035627f,-0.21537262077757507f,0.9517235460330462f,0.21871654291727294f,-9.030120623751147f,0f,0f,0f,1f], start_interpolation: 0, interpolation_duration: 1 }
$data merge entity $(bone_segment16) { transformation: [-0.9613553839022217f,-0.26995719321201256f,0.05402721235918116f,-0.03411735516060438f,0.051325679031887124f,0.017061632197926002f,0.998536216358054f,2.705792823867857f,-0.2704838267145148f,0.9627211509777039f,-0.002546555720486926f,-8.230986855849732f,0f,0f,0f,1f], start_interpolation: 0, interpolation_duration: 1 }
$data merge entity $(bone_segment15) { transformation: [-0.9539141842735569f,-0.2855988326656693f,0.09209253944658911f,-0.3269677206869255f,0.046945704361811516f,0.16108206188184504f,0.9858238535265146f,2.8709648599771707f,-0.29638459791913613f,0.9447147062049477f,-0.14025082529672203f,-7.26228525280755f,0f,0f,0f,1f], start_interpolation: 0, interpolation_duration: 1 }
$data merge entity $(bone_segment14) { transformation: [-0.9698090898076939f,-0.2239539110400276f,0.09651411842962535f,-0.5566079614994537f,0.05787770838587523f,0.17308399479675418f,0.9832050150488436f,3.048443565579311f,-0.23689765764644433f,0.9591071767404686f,-0.15489649229906904f,-6.278825745407656f,0f,0f,0f,1f], start_interpolation: 0, interpolation_duration: 1 }
$data merge entity $(bone_segment13) { transformation: [-0.9902553360765226f,-0.1231157713657743f,0.06509129137591024f,-0.6904503540361101f,0.06176611910912631f,0.03063914675808982f,0.9976202630340532f,3.0570010598142052f,-0.12481712984270427f,0.9919192253036265f,-0.022736195171639967f,-5.212732439316154f,0f,0f,0f,1f], start_interpolation: 0, interpolation_duration: 1 }
$data merge entity $(bone_segment12) { transformation: [-0.9990723814181836f,0.00486139773325015f,0.04278718849700971f,-0.6847534035674576f,0.04157815733420651f,-0.14972446501851464f,0.9878531476933257f,2.8815427023706333f,0.011208635960341454f,0.9887158092126367f,0.14938344986279353f,-4.054081100395095f,0f,0f,0f,1f], start_interpolation: 0, interpolation_duration: 1 }
$data merge entity $(bone_segment11) { transformation: [-1.0269496551355997f,0.12221877235500503f,0.04455826988305517f,-0.5435099740911479f,0.007175727502748656f,-0.30080579022367454f,0.9904609267491472f,2.5339132785198277f,0.12988986359890453f,0.9829175500345941f,0.2975738145104702f,-2.918161936880006f,0f,0f,0f,1f], start_interpolation: 0, interpolation_duration: 1 }
$data merge entity $(bone_segment10) { transformation: [-0.9892841832029036f,0.13845364321134493f,0.04633997783846656f,-0.3804003834299419f,-1.3877787807814457e-17f,-0.3173911164003827f,0.948294721713729f,2.1764778159375204f,0.14600275635947418f,0.938132969206191f,0.31399001134401017f,-1.8129654173530636f,0f,0f,0f,1f], start_interpolation: 0, interpolation_duration: 1 }