# This file was generated by Animated Java via MC-Build. It is not recommended to edit this file directly.
$data merge entity $(bone_neck_spine5) { transformation: [-1.5713549445720005f,-0.0173403053353069f,-0.05061766032370144f,-0.06726544603788018f,-0.047983108106405305f,1.1148075907373312f,1.1076645938764667f,3.2293784328739608f,0.023673932124096186f,1.108567789989384f,-1.1146910762594628f,0.5320206670214345f,0f,0f,0f,1f], start_interpolation: 0, interpolation_duration: 1 }
$data merge entity $(bone_neck_spine2) { transformation: [-1.49652851864f,-0.045765274622026f,-0.022410136544995962f,-0.17752628985906155f,-0.045698198196576466f,1.496690621656092f,-0.004810344303153843f,4.207523300378773f,0.022546602022948743f,-0.004123635471161128f,-1.4972204006263565f,2.6545370368976178f,0f,0f,0f,1f], start_interpolation: 0, interpolation_duration: 1 }
$data merge entity $(bone_scale_neck_left1) { transformation: [-1.6021742676650057f,0.37864239228638197f,0.05217888110548482f,0.6352061701044058f,0.37408739766701027f,1.5072607139175733f,0.5488887319166643f,3.330085764905602f,0.07843032434268553f,0.5457565023726285f,-1.552112626447955f,2.6114259763252674f,0f,0f,0f,1f], start_interpolation: 0, interpolation_duration: 1 }
$data merge entity $(bone_scale_neck_right1) { transformation: [-1.578003933386488f,-0.4532849955508009f,-0.13225498048450168f,-0.936148774467594f,-0.47119775134349967f,1.4818568661585656f,0.5432568344578985f,3.2821026567991964f,-0.03051796492682494f,0.5582902666757653f,-1.549333957799125f,2.635099908449364f,0f,0f,0f,1f], start_interpolation: 0, interpolation_duration: 1 }
$data merge entity $(bone_blush_right1) { transformation: [-0.9907113320401641f,-0.04467576838768933f,0.12843337683862815f,-0.9176051047216296f,-0.010858042262871948f,0.9674636526979761f,0.2527769444124752f,2.8322041621963416f,-0.13554762810695437f,0.24903444827424853f,-0.9589622954461346f,3.851168443349049f,0f,0f,0f,1f], start_interpolation: 0, interpolation_duration: 1 }
$data merge entity $(bone_blush_left1) { transformation: [-0.9907113320401641f,-0.04467576838768933f,0.12843337683862815f,0.395280908538627f,-0.010858042262871948f,0.9674636526979761f,0.2527769444124752f,2.8465931889060263f,-0.13554762810695437f,0.24903444827424853f,-0.9589622954461346f,4.030795524736878f,0f,0f,0f,1f], start_interpolation: 0, interpolation_duration: 1 }
$data merge entity $(bone_left_head_scales) { transformation: [-0.938075617720381f,-0.04467576838768933f,-0.3435377870882549f,0.4242774687204746f,-0.12635060465452408f,0.9674636526979761f,0.21920220211422617f,3.6523028256284693f,0.32256729552445623f,0.24903444827424853f,-0.9131988739758602f,3.8371722082243402f,0f,0f,0f,1f], start_interpolation: 0, interpolation_duration: 1 }
$data merge entity $(bone_left_head_scales2) { transformation: [-0.885209571536602f,-0.04467576838768933f,-0.4630422120918946f,0.44278034900564145f,-0.15388128648442181f,0.9674636526979761f,0.20083483357771678f,2.7405151465334594f,0.43900405935467723f,0.24903444827424853f,-0.863282850196189f,3.7749742624744864f,0f,0f,0f,1f], start_interpolation: 0, interpolation_duration: 1 }
$data merge entity $(bone_left_head_scales1) { transformation: [-0.9907113320401641f,-0.04467576838768933f,0.12843337683862815f,0.42929476692807644f,-0.010858042262871948f,0.9674636526979761f,0.2527769444124752f,3.5436521224446147f,-0.13554762810695437f,0.24903444827424853f,-0.9589622954461346f,3.809204472334166f,0f,0f,0f,1f], start_interpolation: 0, interpolation_duration: 1 }
$data merge entity $(bone_right_head_scales) { transformation: [-0.8194677504237228f,-0.04467576838768933f,0.5713813802833031f,-0.910860849849278f,0.1070882024259753f,0.9674636526979761f,0.2292295740288832f,3.637669917110146f,-0.563031724609419f,0.24903444827424853f,-0.7880210153644917f,3.6545006000333276f,0f,0f,0f,1f], start_interpolation: 0, interpolation_duration: 1 }
$data merge entity $(bone_right_head_scales2) { transformation: [-0.7378768543453393f,-0.04467576838768933f,0.673455138476496f,-0.8923579695641111f,0.13609251145120618f,0.9674636526979761f,0.21329066795149107f,2.725882238015136f,-0.6610722926793485f,0.24903444827424853f,-0.7077889992253416f,3.5923026542834737f,0f,0f,0f,1f], start_interpolation: 0, interpolation_duration: 1 }
$data merge entity $(bone_right_head_scales1) { transformation: [-0.9907113320401641f,-0.04467576838768933f,0.12843337683862815f,-0.9058435516416761f,-0.010858042262871948f,0.9674636526979761f,0.2527769444124752f,3.5290192139262913f,-0.13554762810695437f,0.24903444827424853f,-0.9589622954461346f,3.626532864143153f,0f,0f,0f,1f], start_interpolation: 0, interpolation_duration: 1 }
$data merge entity $(bone_head_left_fin1) { transformation: [-0.6262610070079433f,0.11932615807623653f,-0.8320057795023634f,0.4589273256833082f,0.035325632185335756f,1.0403803845717086f,0.12262117734838289f,3.1575032691577807f,0.8397764278885642f,0.045223018722351925f,-0.6256241905213822f,3.623553926184071f,0f,0f,0f,1f], start_interpolation: 0, interpolation_duration: 1 }
$data merge entity $(bone_head_right_fin1) { transformation: [-0.3767957895858115f,-0.1494422233403151f,0.9666266874335105f,-0.8762109928864443f,-0.04631897882148222f,1.0374347248724953f,0.14233390971528348f,3.1428703606394572f,-0.9770131438094953f,0.00845053471721101f,-0.3795380129995589f,3.4408823179930583f,0f,0f,0f,1f], start_interpolation: 0, interpolation_duration: 1 }
$data merge entity $(bone_right_whisker16) { transformation: [-0.146125605822551f,-0.45016594147153466f,0.880907448295245f,-1.0156436380208618f,0.989128049697542f,-0.05161246100639769f,0.1377020521648123f,1.7192233257782759f,-0.016522972629951303f,0.891452062091906f,0.4528136618605493f,1.63346324642002f,0f,0f,0f,1f], start_interpolation: 0, interpolation_duration: 1 }
$data merge entity $(bone_right_whisker15) { transformation: [0.5085918707478627f,-0.25765808853582967f,0.8215513486211633f,-1.186995391348999f,0.3212161046239696f,0.9420660163554474f,0.09660142316954351f,1.6110011030289892f,-0.7988457442706903f,0.21476482542595515f,0.5618910451505407f,1.9026056114330945f,0f,0f,0f,1f], start_interpolation: 0, interpolation_duration: 1 }
$data merge entity $(bone_right_whisker14) { transformation: [0.740746545041063f,-0.15329835010898138f,0.6540597616912333f,-1.4365633191216225f,-0.28165433250228333f,0.8130409681390025f,0.5095441306798528f,1.7058944084130592f,-0.6098896564071424f,-0.5616618199427996f,0.5590801436521606f,2.1080860132499537f,0f,0f,0f,1f], start_interpolation: 0, interpolation_duration: 1 }
$data merge entity $(bone_right_whisker13) { transformation: [0.2990165357549588f,-0.3965163626970768f,0.86796537111718f,-1.5373061949375022f,0.10678020454689284f,0.9177714493707978f,0.3824834043939018f,1.6699186559045844f,-0.9482547649561419f,-0.021687342698115133f,0.3167689377206472f,2.42756637839631f,0f,0f,0f,1f], start_interpolation: 0, interpolation_duration: 1 }
$data merge entity $(bone_right_whisker12) { transformation: [-0.35848013832563813f,-0.2703338229078999f,0.8935388153952976f,-1.376270195299032f,-0.4262724773402784f,0.898944055779422f,0.10095226416988051f,1.8614082453347875f,-0.8305322182120412f,-0.344701622814346f,-0.43748945786263616f,2.8006570232962504f,0f,0f,0f,1f], start_interpolation: 0, interpolation_duration: 1 }
$data merge entity $(bone_right_whisker11) { transformation: [-0.8471312446564998f,-0.1863364852263637f,0.49764180752848197f,-0.9957229564884948f,-0.2394286975155142f,0.9698977602343911f,-0.04440983560356984f,1.968964105546835f,-0.47438650184501874f,-0.15677068911565323f,-0.8662449987742784f,3.0137603346719426f,0f,0f,0f,1f], start_interpolation: 0, interpolation_duration: 1 }
$data merge entity $(bone_right_whisker10) { transformation: [-0.3813761281571366f,-0.5268913362100214f,0.7595641965618769f,-0.8244016489179062f,-0.576566698528874f,0.7778389647555188f,0.25007476293216274f,2.2279686771516025f,-0.7225808543127793f,-0.34256687629553595f,-0.6004372109102942f,3.3383572028202613f,0f,0f,0f,1f], start_interpolation: 0, interpolation_duration: 1 }
$data merge entity $(bone_right_whisker1) { transformation: [0.15584087659062534f,-0.512882154921282f,0.8441951885356656f,-0.8944082926988512f,-0.7638779420045012f,0.4792719191837561f,0.43219083423979177f,2.571116971411437f,-0.6262620145773121f,-0.7122150817310888f,-0.3170892089812347f,3.619685842181163f,0f,0f,0f,1f], start_interpolation: 0, interpolation_duration: 1 }
$data merge entity $(bone_left_whisker16) { transformation: [-0.12387879705438509f,0.19520461591310223f,-0.9729076017621494f,1.1092637768310185f,-0.9920872559999085f,-0.04453929997485369f,0.11738452726114522f,1.7425119808778788f,-0.020418621964547f,0.979750687003571f,0.19917748666227486f,1.9241898695191244f,0f,0f,0f,1f], start_interpolation: 0, interpolation_duration: 1 }
$data merge entity $(bone_left_whisker15) { transformation: [0.2821421238900246f,0.1701804670480871f,-0.9441580538035574f,1.204321425993185f,-0.3125497829066365f,0.9467550604472816f,0.07724952247411399f,1.6372095637853108f,0.9070327751144613f,0.2733010504055177f,0.3203093515890544f,2.2297819666035865f,0f,0f,0f,1f], start_interpolation: 0, interpolation_duration: 1 }
$data merge entity $(bone_left_whisker14) { transformation: [0.5434901356044075f,0.28098651472482195f,-0.7909899184208989f,1.3874308955083414f,0.2957293669780306f,0.8178006627785909f,0.4937066107170035f,1.7368449462144324f,0.78559697937777f,-0.5022436206679932f,0.36137062898197614f,2.4944606364134794f,0f,0f,0f,1f], start_interpolation: 0, interpolation_duration: 1 }
$data merge entity $(bone_left_whisker13) { transformation: [0.03557602630669776f,0.367931798760206f,-0.929171963531673f,1.3994169590589378f,-0.10311312205554132f,0.9261496824407526f,0.36278705844455394f,1.7021046853656416f,0.9940332139381383f,0.08290330015127542f,0.07088732194012809f,2.829364404781309f,0f,0f,0f,1f], start_interpolation: 0, interpolation_duration: 1 }
$data merge entity $(bone_left_whisker12) { transformation: [-0.5774557393629067f,0.3335750677701943f,-0.7451661178817439f,1.140013013642007f,0.41601476554611433f,0.9055628033861578f,0.08299231272241131f,1.8889863183258102f,0.7024788850381558f,-0.26207572051892425f,-0.6616945917793468f,3.144931091419543f,0f,0f,0f,1f], start_interpolation: 0, interpolation_duration: 1 }
$data merge entity $(bone_left_whisker11) { transformation: [-0.9483630700153901f,0.2006836516702593f,-0.2456289058382065f,0.7139905407835307f,0.21975035880982208f,0.9741394407997606f,-0.052555967132994263f,1.98770229982241f,0.22872968157617618f,-0.10381917852988418f,-0.9679381751617411f,3.247680753065091f,0f,0f,0f,1f], start_interpolation: 0, interpolation_duration: 1 }
$data merge entity $(bone_left_whisker10) { transformation: [-0.5737452039124882f,0.5826766978317087f,-0.5755903984530607f,0.45625343746346786f,0.5660987171357206f,0.7899996580044262f,0.23544167602652902f,2.242004457910722f,0.5919025962476503f,-0.190757453738577f,-0.7831110460199536f,3.5135744974732153f,0f,0f,0f,1f], start_interpolation: 0, interpolation_duration: 1 }
$data merge entity $(bone_left_whisker1) { transformation: [-0.0345564640669309f,0.6748881465719828f,-0.7371104668961261f,0.44073002587090127f,0.7652072003206425f,0.4922896971328986f,0.4148599699588321f,2.5857498799297605f,0.642855964714208f,-0.5497061430559359f,-0.5334410603974277f,3.8023574503721758f,0f,0f,0f,1f], start_interpolation: 0, interpolation_duration: 1 }
$data merge entity $(bone_upper_left_tooth1) { transformation: [-0.9907113320401641f,-0.033312057249030406f,0.13183839884131196f,-0.05618414656687115f,-0.010858042262871948f,0.9858131237539504f,0.16749503859128517f,2.744219982140152f,-0.13554762810695437f,0.16450772588640236f,-0.9770179367024248f,4.728874827490455f,0f,0f,0f,1f], start_interpolation: 0, interpolation_duration: 1 }
$data merge entity $(bone_upper_right_tooth1) { transformation: [-0.9907113320401641f,-0.033312057249030406f,0.13183839884131196f,-0.7237533058517474f,-0.010858042262871948f,0.9858131237539504f,0.16749503859128517f,2.7369035278809903f,-0.13554762810695437f,0.16450772588640236f,-0.9770179367024248f,4.6375390233949485f,0f,0f,0f,1f], start_interpolation: 0, interpolation_duration: 1 }
$data merge entity $(bone_top_lip1) { transformation: [-0.9907113320401641f,0.013788293687420586f,0.13528096512219656f,-0.3662681987328224f,-0.010858042262871948f,0.9836479949708224f,-0.1797740940961696f,2.8626491894497232f,-0.13554762810695437f,-0.17957311866498912f,-0.9743615014805894f,4.707335120280819f,0f,0f,0f,1f], start_interpolation: 0, interpolation_duration: 1 }
$data merge entity $(bone_muzzle1) { transformation: [-0.9907113320401641f,-0.033312057249030406f,0.13183839884131196f,-0.2978494980899546f,-0.010858042262871948f,0.9858131237539504f,0.16749503859128517f,3.122768731478576f,-0.13554762810695437f,0.16450772588640236f,-0.9770179367024248f,4.186429133085028f,0f,0f,0f,1f], start_interpolation: 0, interpolation_duration: 1 }
$data merge entity $(bone_jaw_right_tooth1) { transformation: [-0.9907113320401641f,0.059225572911626514f,0.12240665047493592f,-0.7265728234414757f,-0.010858042262871948f,0.8628404008959218f,-0.5053598178525696f,2.770247821326818f,-0.13554762810695437f,-0.5019947948884076f,-0.8541826891359507f,4.655475702284317f,0f,0f,0f,1f], start_interpolation: 0, interpolation_duration: 1 }
$data merge entity $(bone_jaw_left_tooth1) { transformation: [-0.9907113320401641f,0.059225572911626514f,0.12240665047493592f,-0.003372900882859825f,-0.010858042262871948f,0.8628404008959218f,-0.5053598178525696f,2.778173980107576f,-0.13554762810695437f,-0.5019947948884076f,-0.8541826891359507f,4.754422823387783f,0f,0f,0f,1f], start_interpolation: 0, interpolation_duration: 1 }
$data merge entity $(bone_tongue1) { transformation: [-0.9907113320401641f,0.001945312072295216f,0.1359679091850165f,-0.25573749831774406f,-0.010858042262871948f,0.9955732620762483f,-0.09335942778892414f,2.6910464788255357f,-0.13554762810695437f,-0.09396858836759803f,-0.9863045903344361f,3.913217587879296f,0f,0f,0f,1f], start_interpolation: 0, interpolation_duration: 1 }
$data merge entity $(bone_jaw_lips1) { transformation: [-0.9907113320401641f,0.001945312072295216f,0.1359679091850165f,-0.3225166405673454f,-0.010858042262871948f,0.9955732620762483f,-0.09335942778892414f,2.646955476342432f,-0.13554762810695437f,-0.09396858836759803f,-0.9863045903344361f,4.819097981390042f,0f,0f,0f,1f], start_interpolation: 0, interpolation_duration: 1 }
$data merge entity $(bone_jaw3) { transformation: [-0.9907113320401641f,0.03707011159067409f,0.13083143121535623f,-0.20809515038020582f,-0.010858042262871948f,0.9374867278506562f,-0.3478516034490674f,2.255469098954369f,-0.13554762810695437f,-0.3460410986147811f,-0.9283762160805576f,4.014156627195255f,0f,0f,0f,1f], start_interpolation: 0, interpolation_duration: 1 }
$data merge entity $(bone_jaw1) { transformation: [-0.9907113320401641f,-0.06629926491961208f,0.11872431948982744f,-0.10142876958856395f,-0.010858042262871948f,0.9088714501810358f,0.4169349948901371f,2.6300591334259766f,-0.13554762810695437f,0.4117731104831154f,-0.9011491252826244f,3.2045304599491464f,0f,0f,0f,1f], start_interpolation: 0, interpolation_duration: 1 }
$data merge entity $(bone_tear_right1) { transformation: [-0.9907113320401641f,-0.04467576838768933f,0.12843337683862815f,-0.8925161883998849f,-0.010858042262871948f,0.9674636526979761f,0.2527769444124752f,3.187542095686927f,-0.13554762810695437f,0.24903444827424853f,-0.9589622954461346f,4.053593200795543f,0f,0f,0f,1f], start_interpolation: 0, interpolation_duration: 1 }
$data merge entity $(bone_right_pupil1) { transformation: [-0.9907113320401641f,-0.04467576838768933f,0.12843337683862815f,-0.7226065259912899f,-0.010858042262871948f,0.9674636526979761f,0.2527769444124752f,3.2811719984402736f,-0.13554762810695437f,0.24903444827424853f,-0.9589622954461346f,4.17129581064817f,0f,0f,0f,1f], start_interpolation: 0, interpolation_duration: 1 }
$data merge entity $(bone_right_sad_pupil1) { transformation: [-0.9907113320401641f,-0.04467576838768933f,0.12843337683862815f,-0.7211641589662467f,-0.010858042262871948f,0.9674636526979761f,0.2527769444124752f,3.2840108020152186f,-0.13554762810695437f,0.24903444827424853f,-0.9589622954461346f,4.160526214556733f,0f,0f,0f,1f], start_interpolation: 0, interpolation_duration: 1 }
$data merge entity $(bone_right_happy_pupil1) { transformation: [-0.9907113320401641f,-0.04467576838768933f,0.12843337683862815f,-0.7477248760696853f,-0.010858042262871948f,0.9674636526979761f,0.2527769444124752f,3.2565436255428155f,-0.13554762810695437f,0.24903444827424853f,-0.9589622954461346f,4.149728760289394f,0f,0f,0f,1f], start_interpolation: 0, interpolation_duration: 1 }
$data merge entity $(bone_eyelid_right1) { transformation: [-0.9907113320401641f,-0.04467576838768933f,0.12843337683862815f,-0.21817992536560588f,-0.010858042262871948f,0.9674636526979761f,0.2527769444124752f,3.376320357888935f,-0.13554762810695437f,0.24903444827424853f,-0.9589622954461346f,3.6666697317135535f,0f,0f,0f,1f], start_interpolation: 0, interpolation_duration: 1 }
$data merge entity $(bone_eyelid_expressions_right5) { transformation: [-0.9907113320401641f,-0.04467576838768933f,0.12843337683862815f,-0.8541318566665649f,-0.010858042262871948f,0.9674636526979761f,0.2527769444124752f,3.3912591887015093f,-0.13554762810695437f,0.24903444827424853f,-0.9589622954461346f,4.170987970041031f,0f,0f,0f,1f], start_interpolation: 0, interpolation_duration: 1 }
$data merge entity $(bone_eyelid_expressions_right7) { transformation: [-0.9907113320401641f,-0.04467576838768933f,0.12843337683862815f,-0.5203472770241269f,-0.010858042262871948f,0.9674636526979761f,0.2527769444124752f,3.3949174158310904f,-0.13554762810695437f,0.24903444827424853f,-0.9589622954461346f,4.216655872088784f,0f,0f,0f,1f], start_interpolation: 0, interpolation_duration: 1 }
$data merge entity $(bone_eyelid_expressions_right6) { transformation: [-0.9907113320401641f,-0.04467576838768933f,0.12843337683862815f,-0.6316088035716062f,-0.010858042262871948f,0.9674636526979761f,0.2527769444124752f,3.3936980067878966f,-0.13554762810695437f,0.24903444827424853f,-0.9589622954461346f,4.201433238072866f,0f,0f,0f,1f], start_interpolation: 0, interpolation_duration: 1 }
$data merge entity $(bone_right_eye1) { transformation: [-0.9907113320401641f,-0.04467576838768933f,0.12843337683862815f,-0.230748445045397f,-0.010858042262871948f,0.9674636526979761f,0.2527769444124752f,3.373359613409671f,-0.13554762810695437f,0.24903444827424853f,-0.9589622954461346f,3.675917064403398f,0f,0f,0f,1f], start_interpolation: 0, interpolation_duration: 1 }
$data merge entity $(bone_tear_left1) { transformation: [-0.9907113320401641f,-0.04467576838768933f,0.12843337683862815f,0.30910829831289227f,-0.010858042262871948f,0.9674636526979761f,0.2527769444124752f,3.200711713353418f,-0.13554762810695437f,0.24903444827424853f,-0.9589622954461346f,4.217997648167454f,0f,0f,0f,1f], start_interpolation: 0, interpolation_duration: 1 }
$data merge entity $(bone_left_sad_pupil1) { transformation: [-0.9907113320401641f,-0.04467576838768933f,0.12843337683862815f,0.11329729013984846f,-0.010858042262871948f,0.9674636526979761f,0.2527769444124752f,3.2931563698391706f,-0.13554762810695437f,0.24903444827424853f,-0.9589622954461346f,4.274695969676116f,0f,0f,0f,1f], start_interpolation: 0, interpolation_duration: 1 }
$data merge entity $(bone_left_pupil1) { transformation: [-0.9907113320401641f,-0.04467576838768933f,0.12843337683862815f,0.11185492311480527f,-0.010858042262871948f,0.9674636526979761f,0.2527769444124752f,3.2903175662642257f,-0.13554762810695437f,0.24903444827424853f,-0.9589622954461346f,4.285465565767552f,0f,0f,0f,1f], start_interpolation: 0, interpolation_duration: 1 }
$data merge entity $(bone_eyelid_left1) { transformation: [-0.9907113320401641f,-0.04467576838768933f,0.12843337683862815f,-0.24043223067510175f,-0.010858042262871948f,0.9674636526979761f,0.2527769444124752f,3.3760764760802964f,-0.13554762810695437f,0.24903444827424853f,-0.9589622954461346f,3.66362520491037f,0f,0f,0f,1f], start_interpolation: 0, interpolation_duration: 1 }
$data merge entity $(bone_left_happy_pupil1) { transformation: [-0.9907113320401641f,-0.04467576838768933f,0.12843337683862815f,0.14236733631014947f,-0.010858042262871948f,0.9674636526979761f,0.2527769444124752f,3.2662988978883645f,-0.13554762810695437f,0.24903444827424853f,-0.9589622954461346f,4.2715098324167355f,0f,0f,0f,1f], start_interpolation: 0, interpolation_duration: 1 }
$data merge entity $(bone_eyelid_expressions_left5) { transformation: [-0.9907113320401641f,-0.04467576838768933f,0.12843337683862815f,0.23623110349873294f,-0.010858042262871948f,0.9674636526979761f,0.2527769444124752f,3.4032093973248068f,-0.13554762810695437f,0.24903444827424853f,-0.9589622954461346f,4.3201697833970245f,0f,0f,0f,1f], start_interpolation: 0, interpolation_duration: 1 }
$data merge entity $(bone_eyelid_expressions_left7) { transformation: [-0.9907113320401641f,-0.04467576838768933f,0.12843337683862815f,-0.09755347614370524f,-0.010858042262871948f,0.9674636526979761f,0.2527769444124752f,3.3995511701952257f,-0.13554762810695437f,0.24903444827424853f,-0.9589622954461346f,4.274501881349272f,0f,0f,0f,1f], start_interpolation: 0, interpolation_duration: 1 }
$data merge entity $(bone_eyelid_expressions_left6) { transformation: [-0.9907113320401641f,-0.04467576838768933f,0.12843337683862815f,0.013708050403774152f,-0.010858042262871948f,0.9674636526979761f,0.2527769444124752f,3.4007705792384195f,-0.13554762810695437f,0.24903444827424853f,-0.9589622954461346f,4.289724515365189f,0f,0f,0f,1f], start_interpolation: 0, interpolation_duration: 1 }
$data merge entity $(bone_left_eye1) { transformation: [-0.9907113320401641f,-0.04467576838768933f,0.12843337683862815f,-0.230748445045397f,-0.010858042262871948f,0.9674636526979761f,0.2527769444124752f,3.373359613409671f,-0.13554762810695437f,0.24903444827424853f,-0.9589622954461346f,3.675917064403398f,0f,0f,0f,1f], start_interpolation: 0, interpolation_duration: 1 }
$data merge entity $(bone_crest_middle5) { transformation: [-0.9907113320401641f,-0.015818703792196475f,0.13505859905070197f,-0.3538866068355103f,-0.010858042262871948f,0.9992418454237895f,0.03738766203278013f,4.593465017408324f,-0.13554762810695437f,0.03557390847790609f,-0.9901319798643939f,4.478191643228766f,0f,0f,0f,1f], start_interpolation: 0, interpolation_duration: 1 }
$data merge entity $(bone_crest_middle4) { transformation: [-0.9907113320401641f,-0.015818703792196475f,0.13505859905070197f,-0.3432275193192842f,-0.010858042262871948f,0.9992418454237895f,0.03738766203278013f,3.9201477582848723f,-0.13554762810695437f,0.03557390847790609f,-0.9901319798643939f,4.454220943180177f,0f,0f,0f,1f], start_interpolation: 0, interpolation_duration: 1 }
$data merge entity $(bone_crest_middle1) { transformation: [-0.9907113320401641f,-0.015818703792196475f,0.13505859905070197f,-0.3466090375392313f,-0.010858042262871948f,0.9992418454237895f,0.03738766203278013f,3.412010693230382f,-0.13554762810695437f,0.03557390847790609f,-0.9901319798643939f,4.519640620909236f,0f,0f,0f,1f], start_interpolation: 0, interpolation_duration: 1 }
$data merge entity $(bone_crest_left5) { transformation: [-0.49462964979664537f,-0.8354441461315855f,0.2395299318175371f,-1.4321745428005275f,-0.8217845906756159f,0.5392855044268944f,0.18395986313090268f,3.9360579610863073f,-0.2828632108814403f,-0.10585000429615576f,-0.9533017258561666f,4.263549815600853f,0f,0f,0f,1f], start_interpolation: 0, interpolation_duration: 1 }
$data merge entity $(bone_crest_left4) { transformation: [-0.49462964979664537f,-0.8354441461315855f,0.2395299318175371f,-0.9630530740254672f,-0.8217845906756159f,0.5392855044268944f,0.18395986313090268f,3.6332365108465963f,-0.2828632108814403f,-0.10585000429615576f,-0.9533017258561666f,4.32298707387262f,0f,0f,0f,1f], start_interpolation: 0, interpolation_duration: 1 }
$data merge entity $(bone_crest_left1) { transformation: [-0.49462964979664537f,-0.8354441461315855f,0.2395299318175371f,-0.4335692913030694f,-0.8217845906756159f,0.5392855044268944f,0.18395986313090268f,3.310462693053644f,-0.2828632108814403f,-0.10585000429615576f,-0.9533017258561666f,4.33483793176382f,0f,0f,0f,1f], start_interpolation: 0, interpolation_duration: 1 }
$data merge entity $(bone_crest_center1) { transformation: [-0.9907113320401641f,-0.04467576838768933f,0.12843337683862815f,-0.3210534562590439f,-0.010858042262871948f,0.9674636526979761f,0.2527769444124752f,3.2845197739831242f,-0.13554762810695437f,0.24903444827424853f,-0.9589622954461346f,4.343068721303949f,0f,0f,0f,1f], start_interpolation: 0, interpolation_duration: 1 }
$data merge entity $(bone_crest_right5) { transformation: [-0.5699879715832352f,0.8213741594462359f,0.02140566383969969f,0.7563155507182042f,0.8101165469651072f,0.5574439756203323f,0.18156925504591775f,3.960043472464651f,0.13720383589302526f,0.12083337386081505f,-0.9831451587520799f,4.56297572476165f,0f,0f,0f,1f], start_interpolation: 0, interpolation_duration: 1 }
$data merge entity $(bone_crest_right4) { transformation: [-0.5699879715832352f,0.8213741594462359f,0.02140566383969969f,0.29509470923228065f,0.8101165469651072f,0.5574439756203323f,0.18156925504591775f,3.647025615060656f,0.13720383589302526f,0.12083337386081505f,-0.9831451587520799f,4.495124953306602f,0f,0f,0f,1f], start_interpolation: 0, interpolation_duration: 1 }
$data merge entity $(bone_crest_right1) { transformation: [-0.5699879715832352f,0.8213741594462359f,0.02140566383969969f,-0.21104623820811075f,0.8101165469651072f,0.5574439756203323f,0.18156925504591775f,3.3129015111400317f,0.13720383589302526f,0.12083337386081505f,-0.9831451587520799f,4.365283199795655f,0f,0f,0f,1f], start_interpolation: 0, interpolation_duration: 1 }
$data merge entity $(bone_head1) { transformation: [-1.0384409144431404f,-0.046828116604283716f,0.13462092233736409f,-0.1489096095642208f,-0.01138115106980718f,1.0140732297159771f,0.26495500032818026f,3.4751684584397067f,-0.1420779174818987f,0.26103220164162755f,-1.0051623018673672f,3.0696054114293263f,0f,0f,0f,1f], start_interpolation: 0, interpolation_duration: 1 }
$data merge entity $(bone_neck10) { transformation: [-1.49652851864f,-0.04244863656301919f,-0.028191981752539695f,-0.15626180559399958f,-0.045698198196576466f,1.4845141018324644f,0.1905881366354309f,3.165608275242712f,0.022546602022948743f,0.19133812060987698f,-1.4849497149811932f,1.954177303322263f,0f,0f,0f,1f], start_interpolation: 0, interpolation_duration: 1 }
$data merge entity $(bone_neck9) { transformation: [-1.1448443167596007f,-0.0026582906669878866f,-0.03889180341035301f,-0.1541445616961341f,-0.03495912162038102f,0.5756710612645786f,0.9897316997735204f,2.539284227553566f,0.0172481505475558f,0.9903453494674371f,-0.5754187506411704f,0.8252548800408679f,0f,0f,0f,1f], start_interpolation: 0, interpolation_duration: 1 }
$data merge entity $(bone_neck8) { transformation: [-1.0625352482344002f,0.00703192826083012f,-0.03548993718386731f,-0.1630757187809742f,-0.0324457207195693f,0.276229572650289f,1.0261260330960056f,2.3162788130856358f,0.01600808743629361f,1.0266147829518586f,-0.2758549726908305f,-0.21954454859167427f,0f,0f,0f,1f], start_interpolation: 0, interpolation_duration: 1 }
$data merge entity $(bone_neck7) { transformation: [-1.052761131279152f,0.0708217731765116f,-0.03323988215951835f,-0.23465091507638486f,-0.028197367483347963f,0.07489345702438868f,1.052626472883876f,2.240588617156732f,0.07297617274736297f,1.0506197501442063f,-0.07279582180370167f,-1.2813411045884786f,0f,0f,0f,1f], start_interpolation: 0, interpolation_duration: 1 }
$data merge entity $(bone_neck6) { transformation: [-1.023016931759258f,0.2196317068786077f,-0.08375430067331421f,-0.4375752128187022f,-0.12873539746164236f,-0.21057280217820437f,1.0202464430896216f,2.449134761335224f,0.1966724866067431f,1.004608142775192f,0.23216141948117094f,-2.2003701198530843f,0f,0f,0f,1f], start_interpolation: 0, interpolation_duration: 1 }
$data merge entity $(bone_neck_spine6) { transformation: [-1.2603835820505218f,-0.13993317504428535f,0.10879936183742385f,-0.759201700110429f,0.0786150799858997f,0.25889572425596513f,1.2436953170602114f,4.2655230277108f,-0.15886555263182736f,1.2382960385145043f,-0.2477297432747622f,-5.827845774822039f,0f,0f,0f,1f], start_interpolation: 0, interpolation_duration: 1 }
$data merge entity $(bone_neck_spine7) { transformation: [-0.9539141842735569f,-0.25203198530914755f,0.16287297941292836f,-0.06675171858077378f,0.046945704361811516f,0.41074331213258775f,0.9105416148536678f,3.5585659293377865f,-0.29638459791913613f,0.8762247485203104f,-0.379982052466733f,-9.301522617809516f,0f,0f,0f,1f], start_interpolation: 0, interpolation_duration: 1 }
$data merge entity $(bone_tail6) { transformation: [-1.717656330707404f,-0.09995697031439547f,-0.0704788705462222f,0.5422009206396248f,-0.04629399422620921f,-0.38712764555052026f,1.6772867941041631f,3.9959530046648264f,-0.11320571189868374f,1.6749455894634924f,0.3834627448102804f,-12.846795131935329f,0f,0f,0f,1f], start_interpolation: 0, interpolation_duration: 1 }
$data merge entity $(bone_tail5) { transformation: [-1.4189334905843771f,-0.0712085898294871f,-0.07167583450763682f,0.4972270744315277f,-0.03824286479556413f,-0.5555468668402475f,1.3090017193480106f,3.6450812992920385f,-0.09351776200326048f,1.307622787618171f,0.5522294927939119f,-12.020928108176484f,0f,0f,0f,1f], start_interpolation: 0, interpolation_duration: 1 }
$data merge entity $(bone_tail4) { transformation: [-1.047033059556559f,-0.03387008883647049f,-0.035352330941743795f,0.48271132207304035f,-0.0172631380312575f,-0.4528505149585902f,0.9451473923109702f,3.4510025071669284f,-0.04581434585496913f,0.9446980608687217f,0.45179842577186113f,-11.616057510661317f,0f,0f,0f,1f], start_interpolation: 0, interpolation_duration: 1 }
$data merge entity $(bone_segment18) { transformation: [-0.986145021958236f,-0.16242061253831194f,-0.03372744119659533f,0.39150834139967183f,0.040063272263702814f,-0.43048986175523046f,0.9017058351488512f,3.2092723601852318f,-0.1609749355723265f,0.8878614889433162f,0.43103253539476943f,-11.117502475365999f,0f,0f,0f,1f], start_interpolation: 0, interpolation_duration: 1 }
$data merge entity $(bone_segment17) { transformation: [-0.9751351505939505f,-0.22157598502914322f,0.003939661721302862f,0.22976219998435465f,0.052211802262632674f,-0.2124296937451292f,0.9757804839818424f,3.0542028327687434f,-0.21537262077757507f,0.9517235460330462f,0.21871654291727294f,-10.422762875112383f,0f,0f,0f,1f], start_interpolation: 0, interpolation_duration: 1 }
$data merge entity $(bone_segment16) { transformation: [-0.9613553839022217f,-0.26995719321201256f,0.05402721235918116f,-0.02793619490308924f,0.051325679031887124f,0.017061632197926002f,0.998536216358054f,3.0704896935826818f,-0.2704838267145148f,0.9627211509777039f,-0.002546555720486926f,-9.503759042025756f,0f,0f,0f,1f], start_interpolation: 0, interpolation_duration: 1 }
$data merge entity $(bone_segment15) { transformation: [-0.9539141842735569f,-0.2855988326656693f,0.09209253944658911f,-0.3647141152583585f,0.046945704361811516f,0.16108206188184504f,0.9858238535265146f,3.2604375351083927f,-0.29638459791913613f,0.9447147062049477f,-0.14025082529672203f,-8.389752198527246f,0f,0f,0f,1f], start_interpolation: 0, interpolation_duration: 1 }
$data merge entity $(bone_segment14) { transformation: [-1.0165316631447825f,-0.23474335727502876f,0.10116388715605254f,-0.6288003921927658f,0.060666087565923864f,0.18142267683774352f,1.0305729649926023f,3.4645380465508544f,-0.24831069584034837f,1.0053141631198916f,-0.1623589535166022f,-7.258773765017368f,0f,0f,0f,1f], start_interpolation: 0, interpolation_duration: 1 }
$data merge entity $(bone_segment13) { transformation: [-1.015720886711303f,-0.12628183449659985f,0.06676518851741314f,-0.7827191436099208f,0.06335450563569564f,0.031427067524329756f,1.0232752112045251f,3.4743791649209825f,-0.12802694535623735f,1.0174275647564215f,-0.023320882482368986f,-6.032766463012141f,0f,0f,0f,1f], start_interpolation: 0, interpolation_duration: 1 }
$data merge entity $(bone_segment12) { transformation: [-1.1145250817448287f,0.005423180348908937f,0.047731671542725326f,-0.7761676505709704f,0.04638292486468933f,-0.16702660859975568f,1.1020093545393963f,3.272602053860875f,0.01250390476435226f,1.1029717051340184f,0.16664618576816184f,-4.700317423252924f,0f,0f,0f,1f], start_interpolation: 0, interpolation_duration: 1 }
$data merge entity $(bone_segment11) { transformation: [-1.1809921034059392f,0.14055158820825575f,0.05124201036551343f,-0.6137377066732141f,0.008252086628160953f,-0.3459266587572256f,1.139030065761519f,2.872828216432448f,0.14937334313874018f,1.130355182539783f,0.34220988668704067f,-3.3940103852105725f,0f,0f,0f,1f], start_interpolation: 0, interpolation_duration: 1 }
$data merge entity $(bone_segment10) { transformation: [-1.0369450097374184f,0.1451239359181415f,0.048572502812455176f,-0.4298397947249288f,-1.454637914751385e-17f,-0.33268209466446363f,0.9939807955462914f,2.4677376084284757f,0.15303674331950093f,0.983329479441385f,0.3291171342863648f,-2.147956542456023f,0f,0f,0f,1f], start_interpolation: 0, interpolation_duration: 1 }