# This file was generated by Animated Java via MC-Build. It is not recommended to edit this file directly.
$data merge entity $(bone_neck_spine5) { transformation: [-1.3670329909983432f,-0.018083284178024073f,0.009770184835042986f,-0.0273651501258821f,-0.0071953655977920255f,1.029801234018148f,0.899254861140525f,2.800507143759736f,-0.0192532696518848f,0.8991018148153676f,-1.0297800242574502f,0.401879254470107f,0f,0f,0f,1f], start_interpolation: 0, interpolation_duration: 1 }
$data merge entity $(bone_neck_spine2) { transformation: [-1.3019361819031838f,-0.00559833230295177f,0.01875750173210389f,-0.1560745939049704f,-0.0068527291407543085f,1.2990939487389899f,-0.08791450049626175f,3.79366909593947f,-0.01833644728750933f,-0.08800328385696432f,-1.2989765985866362f,2.234788100421907f,0f,0f,0f,1f], start_interpolation: 0, interpolation_duration: 1 }
$data merge entity $(bone_scale_neck_left1) { transformation: [-1.3856084216444826f,0.3493252168440907f,0.09757362936517312f,0.5312361877902205f,0.3626749685656589f,1.3302528838430476f,0.38775449785390187f,3.0129584683883643f,0.003948094041622142f,0.39982318130251315f,-1.3753491391822488f,2.268123468120748f,0f,0f,0f,1f], start_interpolation: 0, interpolation_duration: 1 }
$data merge entity $(bone_scale_neck_right1) { transformation: [-1.381053899372546f,-0.3744273568293698f,-0.06287845329232421f,-0.8357968032081224f,-0.3772372702924192f,1.3264434188160767f,0.3869099597898975f,3.0057631027905725f,-0.04291371963588761f,0.3896298622283302f,-1.3776089436156116f,2.2488701984688633f,0f,0f,0f,1f], start_interpolation: 0, interpolation_duration: 1 }
$data merge entity $(bone_blush_right1) { transformation: [-0.9827136351875259f,-0.025804917295153218f,0.18332489590862633f,-0.8770223321516513f,0.005670626891148995f,0.9855777975943313f,0.16912790686273174f,2.6988553920163016f,-0.18504527880272909f,0.16724386724928908f,-0.9683944101761028f,3.323630416469415f,0f,0f,0f,1f], start_interpolation: 0, interpolation_duration: 1 }
$data merge entity $(bone_blush_left1) { transformation: [-0.9827136351875259f,-0.025804917295153218f,0.18332489590862633f,0.2554015833964742f,0.005670626891148995f,0.9855777975943313f,0.16912790686273174f,2.692320880559704f,-0.18504527880272909f,0.16724386724928908f,-0.9683944101761028f,3.5368661869647475f,0f,0f,0f,1f], start_interpolation: 0, interpolation_duration: 1 }
$data merge entity $(bone_left_head_scales) { transformation: [-0.9563276567805514f,-0.025804917295153218f,-0.29115548959277765f,0.31127819831644f,-0.07306466896984946f,0.9855777975943313f,0.15263668968316169f,3.375683800061032f,0.283017609036869f,0.16724386724928908f,-0.9444207334882879f,3.3138397445218075f,0f,0f,0f,1f], start_interpolation: 0, interpolation_duration: 1 }
$data merge entity $(bone_left_head_scales2) { transformation: [-0.9101427237042247f,-0.025804917295153218f,-0.41349042157182514f,0.30458405715416326f,-0.09236267649555246f,0.9855777975943313f,0.14179400861702657f,2.5809265499586154f,0.4038679963538002f,0.16724386724928908f,-0.8993998723530421f,3.3250351231614403f,0f,0f,0f,1f], start_interpolation: 0, interpolation_duration: 1 }
$data merge entity $(bone_left_head_scales1) { transformation: [-0.9827136351875259f,-0.025804917295153218f,0.18332489590862633f,0.3137982097710448f,0.005670626891148995f,0.9855777975943313f,0.16912790686273174f,3.2794359682647105f,-0.18504527880272909f,0.16724386724928908f,-0.9683944101761028f,3.297507335610744f,0f,0f,0f,1f], start_interpolation: 0, interpolation_duration: 1 }
$data merge entity $(bone_right_head_scales) { transformation: [-0.7870276238660212f,-0.025804917295153218f,0.6163778269172204f,-0.840339342918942f,0.08312448393657125f,0.9855777975943313f,0.14739988147683902f,3.382329065949097f,-0.6112919428898792f,0.16724386724928908f,-0.7735319317425873f,3.0969898084248593f,0f,0f,0f,1f], start_interpolation: 0, interpolation_duration: 1 }
$data merge entity $(bone_right_head_scales2) { transformation: [-0.6998410427248319f,-0.025804917295153218f,0.713832348077061f,-0.8470334840812187f,0.10165288771612213f,0.9855777975943313f,0.13528893268882325f,2.5875718158466805f,-0.7070284331883642f,0.16724386724928908f,-0.687124649194532f,3.108185187064492f,0f,0f,0f,1f], start_interpolation: 0, interpolation_duration: 1 }
$data merge entity $(bone_right_head_scales1) { transformation: [-0.9827136351875259f,-0.025804917295153218f,0.18332489590862633f,-0.8378193314643372f,0.005670626891148995f,0.9855777975943313f,0.16912790686273174f,3.2860812341527756f,-0.18504527880272909f,0.16724386724928908f,-0.9683944101761028f,3.080657399513796f,0f,0f,0f,1f], start_interpolation: 0, interpolation_duration: 1 }
$data merge entity $(bone_head_left_fin1) { transformation: [-0.6346472647221592f,0.1433380629862305f,-0.7593925526893435f,0.33667530377230376f,0.11634677455539014f,0.9891701922764004f,0.08947490576930676f,2.930894152035019f,0.7639936370358322f,-0.03156786991902563f,-0.6444510781723748f,3.165333832117148f,0f,0f,0f,1f], start_interpolation: 0, interpolation_duration: 1 }
$data merge entity $(bone_head_right_fin1) { transformation: [-0.31458111906970065f,-0.11100703209985957f,0.9427174329295263f,-0.8149422374630781f,-0.11086937014556444f,0.9906378590352439f,0.07965309165119722f,2.9375394179230843f,-0.9427336327342843f,-0.07946112930514473f,-0.32394324601875923f,2.9484838960202f,0f,0f,0f,1f], start_interpolation: 0, interpolation_duration: 1 }
$data merge entity $(bone_right_whisker16) { transformation: [-0.11336781827914019f,-0.49474921313720643f,0.8616095135725603f,-0.8986018730266814f,0.9880881424781026f,0.03468885533854675f,0.14992833624593901f,1.5780327993161305f,-0.10406517415928268f,0.8683431921857955f,0.4849232311529127f,1.4780703458526223f,0f,0f,0f,1f], start_interpolation: 0, interpolation_duration: 1 }
$data merge entity $(bone_right_whisker15) { transformation: [0.5571745051979548f,-0.23755549697308737f,0.795690867495213f,-1.0618365913463947f,0.23989760340111477f,0.9633979711768241f,0.11963899454099952f,1.5077502983197102f,-0.7949878682343625f,0.12422453457449364f,0.5937697822977643f,1.7109769478744081f,0f,0f,0f,1f], start_interpolation: 0, interpolation_duration: 1 }
$data merge entity $(bone_right_whisker14) { transformation: [0.7603482002916571f,-0.09944641919567214f,0.6418574795251649f,-1.284594853150591f,-0.35157953607127984f,0.7679035644553217f,0.5354586310003001f,1.610752115528093f,-0.5461340898800793f,-0.6327989612870506f,0.5489107673063875f,1.8709771695189625f,0f,0f,0f,1f], start_interpolation: 0, interpolation_duration: 1 }
$data merge entity $(bone_right_whisker13) { transformation: [0.3484118013652443f,-0.36536223121456407f,0.8632031375472065f,-1.386668623081815f,0.01980507399736075f,0.9235694959986485f,0.3829192409696355f,1.6049498477554287f,-0.9371323149445784f,-0.11631778050976606f,0.32901853781192497f,2.145527652412882f,0f,0f,0f,1f], start_interpolation: 0, interpolation_duration: 1 }
$data merge entity $(bone_right_whisker12) { transformation: [-0.3308092492766755f,-0.2241643412387178f,0.9166872905795163f,-1.2574462600831138f,-0.4831494544329264f,0.8746451943726303f,0.03952706214771738f,1.7936801033932905f,-0.8106366912952854f,-0.4298210465738914f,-0.3976455993066645f,2.4621826099501027f,0f,0f,0f,1f], start_interpolation: 0, interpolation_duration: 1 }
$data merge entity $(bone_right_whisker11) { transformation: [-0.8300935780711488f,-0.14725048343458402f,0.5378307789382449f,-0.9331909561490713f,-0.25399126700699776f,0.958485313172807f,-0.12959298096813052f,1.892895442067899f,-0.4964202734873121f,-0.24417862224262676f,-0.8330328399952036f,2.656096779281084f,0f,0f,0f,1f], start_interpolation: 0, interpolation_duration: 1 }
$data merge entity $(bone_right_whisker10) { transformation: [-0.36377431575674457f,-0.48426695993422064f,0.7957095944575386f,-0.791091614056593f,-0.6233286656387758f,0.7613413686653747f,0.17838356132703864f,2.1363832020830458f,-0.6921918966505572f,-0.4310972417851939f,-0.578813913392294f,2.926484238910208f,0f,0f,0f,1f], start_interpolation: 0, interpolation_duration: 1 }
$data merge entity $(bone_right_whisker1) { transformation: [0.1617961800023078f,-0.46172806787934584f,0.8721405778136156f,-0.8542932468699945f,-0.8169864787372081f,0.43302627285897055f,0.3808166758093006f,2.4555185453397677f,-0.5534935317573625f,-0.7741417430589016f,-0.3071635915216626f,3.1426926497529277f,0f,0f,0f,1f], start_interpolation: 0, interpolation_duration: 1 }
$data merge entity $(bone_left_whisker16) { transformation: [-0.15445692510138076f,0.1454114734115419f,-0.9772402783801492f,0.9342274439132683f,-0.9865426930841508f,0.03099488766188272f,0.16053919042121556f,1.5674566855436352f,0.05363369286650438f,0.9888856457341832f,0.1386672515426394f,1.8231926681721333f,0f,0f,0f,1f], start_interpolation: 0, interpolation_duration: 1 }
$data merge entity $(bone_left_whisker15) { transformation: [0.22717614590113788f,0.18682925429995667f,-0.9557645256396722f,1.0007829554077423f,-0.2444236013469599f,0.9609491117160481f,0.12974555020007855f,1.495848208586518f,0.9426813363157709f,0.20413631335424134f,0.2639701947797359f,2.0993688409208944f,0f,0f,0f,1f], start_interpolation: 0, interpolation_duration: 1 }
$data merge entity $(bone_left_whisker14) { transformation: [0.5135212469058121f,0.33133260232706574f,-0.7915267750439493f,1.1512286332121795f,0.34422883075445315f,0.7654178076528088f,0.5437297966870958f,1.5966964988466117f,0.7860040973517394f,-0.5516831394588223f,0.27900407269990724f,2.329643478816912f,0f,0f,0f,1f], start_interpolation: 0, interpolation_duration: 1 }
$data merge entity $(bone_left_whisker13) { transformation: [-0.01652029842542696f,0.39291478385812884f,-0.9194264801307688f,1.1463887020328551f,-0.02172021266454254f,0.9191939527288222f,0.3932056836168207f,1.5903331552925466f,0.9996275867050399f,0.02646601391377626f,-0.006651165745486798f,2.622503123359404f,0f,0f,0f,1f], start_interpolation: 0, interpolation_duration: 1 }
$data merge entity $(bone_left_whisker12) { transformation: [-0.5975711163457597f,0.374869385425344f,-0.7087889000119201f,0.9129624847102928f,0.4885065579450891f,0.8711885447063437f,0.0489066704763749f,1.781156029489847f,0.635822383810073f,-0.3170228121811871f,-0.7037232643609332f,2.870871242035214f,0f,0f,0f,1f], start_interpolation: 0, interpolation_duration: 1 }
$data merge entity $(bone_left_whisker11) { transformation: [-0.9509062832065216f,0.2366453632367605f,-0.19943974683322396f,0.5415147178327453f,0.2642683053474361f,0.9562700899037013f,-0.12533865303393688f,1.8843858362661892f,0.16105745355975604f,-0.1718909166131502f,-0.9718611060428018f,2.9337843098319936f,0f,0f,0f,1f], start_interpolation: 0, interpolation_duration: 1 }
$data merge entity $(bone_left_whisker10) { transformation: [-0.5836366261877864f,0.6163438849781901f,-0.5286667230137809f,0.3135316607281412f,0.6287955827263099f,0.7549904305788593f,0.18602571026132173f,2.130009110768654f,0.5137941258091792f,-0.22385188224435426f,-0.8281943800217683f,3.134485140226204f,0f,0f,0f,1f], start_interpolation: 0, interpolation_duration: 1 }
$data merge entity $(bone_left_whisker1) { transformation: [-0.041490857888649674f,0.7164537425018329f,-0.6963997010099742f,0.29732429436538743f,0.8162922718286045f,0.42622772115745156f,0.38986774253562123f,2.4488732794517025f,0.5761470607965987f,-0.5522897469372783f,-0.6025202069336739f,3.3595425858498755f,0f,0f,0f,1f], start_interpolation: 0, interpolation_duration: 1 }
$data merge entity $(bone_upper_left_tooth1) { transformation: [-0.9827136351875259f,-0.009728904327074173f,0.18487633606579565f,-0.16911401429408465f,0.005670626891148995f,0.9965678448623905f,0.08258555913107285f,2.66467437988045f,-0.18504527880272909f,0.08220631975052292f,-0.9792856405492193f,4.128089015874246f,0f,0f,0f,1f], start_interpolation: 0, interpolation_duration: 1 }
$data merge entity $(bone_upper_right_tooth1) { transformation: [-0.9827136351875259f,-0.009728904327074173f,0.18487633606579565f,-0.7449227849117757f,0.005670626891148995f,0.9965678448623905f,0.08258555913107285f,2.6679970128244825f,-0.18504527880272909f,0.08220631975052292f,-0.9792856405492193f,4.019664047825772f,0f,0f,0f,1f], start_interpolation: 0, interpolation_duration: 1 }
$data merge entity $(bone_top_lip1) { transformation: [-0.9827136351875259f,0.05408925135426423f,0.1770544100113115f,-0.43407115754035863f,0.005670626891148995f,0.9647133747003444f,-0.26324123663464005f,2.773250438000888f,-0.18504527880272909f,-0.2576867430858799f,-0.9483437073290525f,4.087225053683129f,0f,0f,0f,1f], start_interpolation: 0, interpolation_duration: 1 }
$data merge entity $(bone_muzzle1) { transformation: [-0.9827136351875259f,-0.009728904327074173f,0.18487633606579565f,-0.34522464154051813f,0.005670626891148995f,0.9965678448623905f,0.08258555913107285f,2.9595570359451213f,-0.18504527880272909f,0.08220631975052292f,-0.9792856405492193f,3.6211001783784114f,0f,0f,0f,1f], start_interpolation: 0, interpolation_duration: 1 }
$data merge entity $(bone_jaw_right_tooth1) { transformation: [-0.9827136351875259f,0.11138344504994677f,0.14787710906466847f,-0.7472057996738805f,0.005670626891148995f,0.8165002338963785f,-0.5773172542353299f,2.6982369208075814f,-0.18504527880272909f,-0.5664989816548344f,-0.8030175269425042f,4.032715064242269f,0f,0f,0f,1f], start_interpolation: 0, interpolation_duration: 1 }
$data merge entity $(bone_jaw_left_tooth1) { transformation: [-0.9827136351875259f,0.11138344504994677f,0.14787710906466847f,-0.12341296483804859f,0.005670626891148995f,0.8165002338963785f,-0.5773172542353299f,2.6946374017848793f,-0.18504527880272909f,-0.5664989816548344f,-0.8030175269425042f,4.150175446294782f,0f,0f,0f,1f], start_interpolation: 0, interpolation_duration: 1 }
$data merge entity $(bone_tongue1) { transformation: [-0.9827136351875259f,0.038452116811585536f,0.18109485340347625f,-0.30905176607511387f,0.005670626891148995f,0.9839853345553826f,-0.17815921354393485f,2.56495312173291f,-0.18504527880272909f,-0.17405256703835234f,-0.9671938526997469f,3.416905671198582f,0f,0f,0f,1f], start_interpolation: 0, interpolation_duration: 1 }
$data merge entity $(bone_jaw_lips1) { transformation: [-0.9827136351875259f,0.038452116811585536f,0.18109485340347625f,-0.40686639702439087f,0.005670626891148995f,0.9839853345553826f,-0.17815921354393485f,2.5933572632290316f,-0.18504527880272909f,-0.17405256703835234f,-0.9671938526997469f,4.201108147382686f,0f,0f,0f,1f], start_interpolation: 0, interpolation_duration: 1 }
$data merge entity $(bone_jaw3) { transformation: [-0.9827136351875259f,0.08401268973466323f,0.16497205575510532f,-0.284135277893606f,0.005670626891148995f,0.9043458498110759f,-0.42676273023794437f,2.19371232932585f,-0.18504527880272909f,-0.41845005901903054f,-0.8891894021522017f,3.53707725539898f,0f,0f,0f,1f], start_interpolation: 0, interpolation_duration: 1 }
$data merge entity $(bone_jaw1) { transformation: [-0.9827136351875259f,-0.05724691671361837f,0.176058801947822f,-0.14658933887187003f,0.005670626891148995f,0.9412359034482585f,0.33770226243038715f,2.45754222184959f,-0.18504527880272909f,0.33286298170076645f,-0.9246407303413013f,2.8147016848198385f,0f,0f,0f,1f], start_interpolation: 0, interpolation_duration: 1 }
$data merge entity $(bone_tear_right1) { transformation: [-0.9827136351875259f,-0.025804917295153218f,0.18332489590862633f,-0.8539708477040961f,0.005670626891148995f,0.9855777975943313f,0.16912790686273174f,3.0205811597856496f,-0.18504527880272909f,0.16724386724928908f,-0.9683944101761028f,3.4749420516190606f,0f,0f,0f,1f], start_interpolation: 0, interpolation_duration: 1 }
$data merge entity $(bone_right_pupil1) { transformation: [-0.9827136351875259f,-0.025804917295153218f,0.18332489590862633f,-0.7088854474564932f,0.005670626891148995f,0.9855777975943313f,0.16912790686273174f,3.106005431001695f,-0.18504527880272909f,0.16724386724928908f,-0.9683944101761028f,3.5778331288880607f,0f,0f,0f,1f], start_interpolation: 0, interpolation_duration: 1 }
$data merge entity $(bone_right_sad_pupil1) { transformation: [-0.9827136351875259f,-0.025804917295153218f,0.18332489590862633f,-0.7070951652698856f,0.005670626891148995f,0.9855777975943313f,0.16912790686273174f,3.1076570707171514f,-0.18504527880272909f,0.16724386724928908f,-0.9683944101761028f,3.5683761522261848f,0f,0f,0f,1f], start_interpolation: 0, interpolation_duration: 1 }
$data merge entity $(bone_right_happy_pupil1) { transformation: [-0.9827136351875259f,-0.025804917295153218f,0.18332489590862633f,-0.7304568954813304f,0.005670626891148995f,0.9855777975943313f,0.16912790686273174f,3.0837338620283967f,-0.18504527880272909f,0.16724386724928908f,-0.9683944101761028f,3.559775453086757f,0f,0f,0f,1f], start_interpolation: 0, interpolation_duration: 1 }
$data merge entity $(bone_eyelid_right1) { transformation: [-0.9827136351875259f,-0.025804917295153218f,0.18332489590862633f,-0.24684344863450317f,0.005670626891148995f,0.9855777975943313f,0.16912790686273174f,3.1399831160139837f,-0.18504527880272909f,0.16724386724928908f,-0.9683944101761028f,3.1569338603346067f,0f,0f,0f,1f], start_interpolation: 0, interpolation_duration: 1 }
$data merge entity $(bone_eyelid_expressions_right5) { transformation: [-0.9827136351875259f,-0.025804917295153218f,0.18332489590862633f,-0.8199782173282034f,0.005670626891148995f,0.9855777975943313f,0.16912790686273174f,3.2045417387223414f,-0.18504527880272909f,0.16724386724928908f,-0.9683944101761028f,3.563927166754607f,0f,0f,0f,1f], start_interpolation: 0, interpolation_duration: 1 }
$data merge entity $(bone_eyelid_expressions_right7) { transformation: [-0.9827136351875259f,-0.025804917295153218f,0.18332489590862633f,-0.5320738320193581f,0.005670626891148995f,0.9855777975943313f,0.16912790686273174f,3.202880422250325f,-0.18504527880272909f,0.16724386724928908f,-0.9683944101761028f,3.618139650778844f,0f,0f,0f,1f], start_interpolation: 0, interpolation_duration: 1 }
$data merge entity $(bone_eyelid_expressions_right6) { transformation: [-0.9827136351875259f,-0.025804917295153218f,0.18332489590862633f,-0.6280419604556399f,0.005670626891148995f,0.9855777975943313f,0.16912790686273174f,3.203434194407664f,-0.18504527880272909f,0.16724386724928908f,-0.9683944101761028f,3.600068822770765f,0f,0f,0f,1f], start_interpolation: 0, interpolation_duration: 1 }
$data merge entity $(bone_right_eye1) { transformation: [-0.9827136351875259f,-0.025804917295153218f,0.18332489590862633f,-0.258230543664739f,0.005670626891148995f,0.9855777975943313f,0.16912790686273174f,3.138386853514261f,-0.18504527880272909f,0.16724386724928908f,-0.9683944101761028f,3.1645837541956747f,0f,0f,0f,1f], start_interpolation: 0, interpolation_duration: 1 }
$data merge entity $(bone_tear_left1) { transformation: [-0.9827136351875259f,-0.025804917295153218f,0.18332489590862633f,0.18248493940774735f,0.005670626891148995f,0.9855777975943313f,0.16912790686273174f,3.014600420486391f,-0.18504527880272909f,0.16724386724928908f,-0.9683944101761028f,3.670106994106314f,0f,0f,0f,1f], start_interpolation: 0, interpolation_duration: 1 }
$data merge entity $(bone_left_sad_pupil1) { transformation: [-0.9827136351875259f,-0.025804917295153218f,0.18332489590862633f,0.012665798002228168f,0.005670626891148995f,0.9855777975943313f,0.16912790686273174f,3.1035037795371103f,-0.18504527880272909f,0.16724386724928908f,-0.9683944101761028f,3.7039073622867775f,0f,0f,0f,1f], start_interpolation: 0, interpolation_duration: 1 }
$data merge entity $(bone_left_pupil1) { transformation: [-0.9827136351875259f,-0.025804917295153218f,0.18332489590862633f,0.010875515815620462f,0.005670626891148995f,0.9855777975943313f,0.16912790686273174f,3.1018521398216543f,-0.18504527880272909f,0.16724386724928908f,-0.9683944101761028f,3.7133643389486535f,0f,0f,0f,1f], start_interpolation: 0, interpolation_duration: 1 }
$data merge entity $(bone_eyelid_left1) { transformation: [-0.9827136351875259f,-0.025804917295153218f,0.18332489590862633f,-0.26603707432175955f,0.005670626891148995f,0.9855777975943313f,0.16912790686273174f,3.1400938704454515f,-0.18504527880272909f,0.16724386724928908f,-0.9683944101761028f,3.153319694732991f,0f,0f,0f,1f], start_interpolation: 0, interpolation_duration: 1 }
$data merge entity $(bone_left_happy_pupil1) { transformation: [-0.9827136351875259f,-0.025804917295153218f,0.18332489590862633f,0.03728813200892406f,0.005670626891148995f,0.9855777975943313f,0.16912790686273174f,3.0793036847696866f,-0.18504527880272909f,0.16724386724928908f,-0.9683944101761028f,3.7043420771513893f,0f,0f,0f,1f], start_interpolation: 0, interpolation_duration: 1 }
$data merge entity $(bone_eyelid_expressions_left5) { transformation: [-0.9827136351875259f,-0.025804917295153218f,0.18332489590862633f,0.12050944134735841f,0.005670626891148995f,0.9855777975943313f,0.16912790686273174f,3.199114771580421f,-0.18504527880272909f,0.16724386724928908f,-0.9683944101761028f,3.741021281233781f,0f,0f,0f,1f], start_interpolation: 0, interpolation_duration: 1 }
$data merge entity $(bone_eyelid_expressions_left7) { transformation: [-0.9827136351875259f,-0.025804917295153218f,0.18332489590862633f,-0.16739494396148702f,0.005670626891148995f,0.9855777975943313f,0.16912790686273174f,3.2007760880524376f,-0.18504527880272909f,0.16724386724928908f,-0.9683944101761028f,3.6868087972095447f,0f,0f,0f,1f], start_interpolation: 0, interpolation_duration: 1 }
$data merge entity $(bone_eyelid_expressions_left6) { transformation: [-0.9827136351875259f,-0.025804917295153218f,0.18332489590862633f,-0.07142681552520522f,0.005670626891148995f,0.9855777975943313f,0.16912790686273174f,3.2002223158950986f,-0.18504527880272909f,0.16724386724928908f,-0.9683944101761028f,3.7048796252176235f,0f,0f,0f,1f], start_interpolation: 0, interpolation_duration: 1 }
$data merge entity $(bone_left_eye1) { transformation: [-0.9827136351875259f,-0.025804917295153218f,0.18332489590862633f,-0.258230543664739f,0.005670626891148995f,0.9855777975943313f,0.16912790686273174f,3.138386853514261f,-0.18504527880272909f,0.16724386724928908f,-0.9683944101761028f,3.1645837541956747f,0f,0f,0f,1f], start_interpolation: 0, interpolation_duration: 1 }
$data merge entity $(bone_crest_middle5) { transformation: [-0.9827136351875259f,0.014485531976387776f,0.18456457021833692f,-0.36532479409878094f,0.005670626891148995f,0.9988216473649325f,-0.04819917785464578f,4.255852975797028f,-0.18504527880272909f,-0.046319392467555426f,-0.9816377940331437f,3.76756976019714f,0f,0f,0f,1f], start_interpolation: 0, interpolation_duration: 1 }
$data merge entity $(bone_crest_middle4) { transformation: [-0.9827136351875259f,0.014485531976387776f,0.18456457021833692f,-0.3738124104911956f,0.005670626891148995f,0.9988216473649325f,-0.04819917785464578f,3.6706059167941376f,-0.18504527880272909f,-0.046319392467555426f,-0.9816377940331437f,3.7947100292210982f,0f,0f,0f,1f], start_interpolation: 0, interpolation_duration: 1 }
$data merge entity $(bone_crest_middle1) { transformation: [-0.9827136351875259f,0.014485531976387776f,0.18456457021833692f,-0.3936960933197232f,0.005670626891148995f,0.9988216473649325f,-0.04819917785464578f,3.235200850825989f,-0.18504527880272909f,-0.046319392467555426f,-0.9816377940331437f,3.8869628371185394f,0f,0f,0f,1f], start_interpolation: 0, interpolation_duration: 1 }
$data merge entity $(bone_crest_left5) { transformation: [-0.5062480047967f,-0.8115393243019865f,0.2917479781435266f,-1.3105259364554676f,-0.8281810580664674f,0.5518374505975003f,0.09793652627063193f,3.697156965960309f,-0.2404768028298514f,-0.19203997820643132f,-0.9514681046000468f,3.579806345078064f,0f,0f,0f,1f], start_interpolation: 0, interpolation_duration: 1 }
$data merge entity $(bone_crest_left4) { transformation: [-0.5062480047967f,-0.8115393243019865f,0.2917479781435266f,-0.9142665007611381f,-0.8281810580664674f,0.5518374505975003f,0.09793652627063193f,3.4277050857857483f,-0.2404768028298514f,-0.19203997820643132f,-0.9514681046000468f,3.673575865686673f,0f,0f,0f,1f], start_interpolation: 0, interpolation_duration: 1 }
$data merge entity $(bone_crest_left1) { transformation: [-0.5062480047967f,-0.8115393243019865f,0.2917479781435266f,-0.4641356147520864f,-0.8281810580664674f,0.5518374505975003f,0.09793652627063193f,3.13609007454054f,-0.2404768028298514f,-0.19203997820643132f,-0.9514681046000468f,3.730263934811219f,0f,0f,0f,1f], start_interpolation: 0, interpolation_duration: 1 }
$data merge entity $(bone_crest_center1) { transformation: [-0.9827136351875259f,-0.025804917295153218f,0.18332489590862633f,-0.36753749151619003f,0.005670626891148995f,0.9855777975943313f,0.16912790686273174f,3.1114746524271824f,-0.18504527880272909f,0.16724386724928908f,-0.9683944101761028f,3.744251712855241f,0f,0f,0f,1f], start_interpolation: 0, interpolation_duration: 1 }
$data merge entity $(bone_crest_right5) { transformation: [-0.5497752978099824f,0.8319040151082165f,0.07538455786680305f,0.5771463334977108f,0.834274709281858f,0.5423541650697068f,0.09918502449570035f,3.6862643877438375f,0.0416272911755811f,0.11742090647908263f,-0.9922094029744999f,3.935255612264645f,0f,0f,0f,1f], start_interpolation: 0, interpolation_duration: 1 }
$data merge entity $(bone_crest_right4) { transformation: [-0.5497752978099824f,0.8319040151082165f,0.07538455786680305f,0.17094320112065198f,0.834274709281858f,0.5423541650697068f,0.09918502449570035f,3.4214430180808946f,0.0416272911755811f,0.11742090647908263f,-0.9922094029744999f,3.877921185272905f,0f,0f,0f,1f], start_interpolation: 0, interpolation_duration: 1 }
$data merge entity $(bone_crest_right1) { transformation: [-0.5497752978099824f,0.8319040151082165f,0.07538455786680305f,-0.27219935787952276f,0.834274709281858f,0.5423541650697068f,0.09918502449570035f,3.134982530225862f,0.0416272911755811f,0.11742090647908263f,-0.9922094029744999f,3.7664055908273775f,0f,0f,0f,1f], start_interpolation: 0, interpolation_duration: 1 }
$data merge entity $(bone_head1) { transformation: [-0.9827136351875259f,-0.025804917295153218f,0.18332489590862633f,-0.15850501767401426f,0.005670626891148995f,0.9855777975943313f,0.16912790686273174f,3.1811031219662005f,-0.18504527880272909f,0.16724386724928908f,-0.9683944101761028f,2.6362838333369627f,0f,0f,0f,1f], start_interpolation: 0, interpolation_duration: 1 }
$data merge entity $(bone_neck10) { transformation: [-1.3019361819031838f,-0.007998783070677086f,0.017866299706217944f,-0.14337564421213084f,-0.0068527291407543085f,1.2994551649097885f,0.08240340670774718f,2.8499789997725338f,-0.01833644728750933f,0.08230006563245996f,-1.2993504072582611f,1.6858066484757137f,0f,0f,0f,1f], start_interpolation: 0, interpolation_duration: 1 }
$data merge entity $(bone_neck9) { transformation: [-0.9998869877016452f,-0.014625514877190502f,0.003479387806363141f,-0.12716714692199818f,-0.005262895980099309f,0.557324670843093f,0.8302779734495798f,2.264288956204208f,-0.014082391516807166f,0.8301658301714274f,-0.5573386588645649f,0.7538456431977814f,0f,0f,0f,1f], start_interpolation: 0, interpolation_duration: 1 }
$data merge entity $(bone_neck8) { transformation: [-0.9998869877016452f,-0.015023772550698197f,-0.0005459700311158419f,-0.11325573537745962f,-0.005262895980099309f,0.31578459548158533f,0.9488163105588113f,2.017653653294476f,-0.014082391516807166f,0.9487119560303202f,-0.3158279764908277f,-0.1417283382996264f,0f,0f,0f,1f], start_interpolation: 0, interpolation_duration: 1 }
$data merge entity $(bone_neck7) { transformation: [-0.9985500043204363f,0.05370148232553544f,-0.0037469544561874665f,-0.16307644651931377f,0.0019495928641701382f,0.10563486792178f,0.9944030740936054f,1.9196525551248558f,0.053796728146984184f,0.9929538888967545f,-0.10558639384641921f,-1.0629257938190761f,0f,0f,0f,1f], start_interpolation: 0, interpolation_duration: 1 }
$data merge entity $(bone_neck6) { transformation: [-0.9814467814269674f,0.1839764713112684f,-0.05398956594102674f,-0.31699420688284613f,-0.08814301782556204f,-0.18286145293882167f,0.9791795021535664f,2.0870986781115093f,0.17027337911502521f,0.9657713741010121f,0.1956850258241385f,-1.8634201788980567f,0f,0f,0f,1f], start_interpolation: 0, interpolation_duration: 1 }
$data merge entity $(bone_neck_spine6) { transformation: [-1.105306244081368f,-0.01275475498541312f,0.05547161920624951f,-0.7680602411709337f,0.0545179983907748f,0.07274457576669141f,1.1030311383026996f,3.908260516334077f,-0.016357633189570817f,1.104303952921997f,-0.07202003134301793f,-4.85880136682505f,0f,0f,0f,1f], start_interpolation: 0, interpolation_duration: 1 }
$data merge entity $(bone_neck_spine7) { transformation: [-0.97356000968952f,-0.1874499405451668f,0.13055047806482856f,-0.4821332802598194f,0.04728080903975254f,0.3937759762510118f,0.9179896544210665f,3.585294256450449f,-0.22348474809232133f,0.8998905490764841f,-0.3745017584110063f,-8.015632474101821f,0f,0f,0f,1f], start_interpolation: 0, interpolation_duration: 1 }
$data merge entity $(bone_tail6) { transformation: [-1.4603745481914974f,-0.32821279446214846f,-0.04215236920808246f,0.35256041440013886f,-0.017075349694920715f,-0.11574627525848166f,1.4928179774777f,3.6265443388164327f,-0.3304676884527492f,1.456390553045152f,0.10914185985936616f,-11.143666450024831f,0f,0f,0f,1f], start_interpolation: 0, interpolation_duration: 1 }
$data merge entity $(bone_tail5) { transformation: [-1.206396365897324f,-0.2609665055656166f,-0.0813741364928798f,0.18773946351659138f,-0.014105723661021462f,-0.30830635052396477f,1.197858790322947f,3.4318245384855075f,-0.2729950469827059f,1.1691711320276545f,0.29770795609698636f,-10.405242577165259f,0f,0f,0f,1f], start_interpolation: 0, interpolation_duration: 1 }
$data merge entity $(bone_tail4) { transformation: [-0.9796132234910444f,-0.19266931686529898f,-0.05688995254123338f,0.11247801161608395f,0.0021804064888271135f,-0.29336596666696224f,0.9559977277321856f,3.3172284577562254f,-0.20088100504783496f,0.9363839724921706f,0.2878052776978803f,-10.039467587910504f,0f,0f,0f,1f], start_interpolation: 0, interpolation_duration: 1 }
$data merge entity $(bone_segment18) { transformation: [-0.9460841042759641f,-0.31888618806119956f,-0.05688995254123338f,-0.04322813489817365f,0.040453695365046914f,-0.29057157999744176f,0.9559977277321856f,3.1753478034605997f,-0.321385074587571f,0.9021528451219272f,0.2878052776978803f,-9.598963269003313f,0f,0f,0f,1f], start_interpolation: 0, interpolation_duration: 1 }
$data merge entity $(bone_segment17) { transformation: [-0.9536721340687362f,-0.3008371142988813f,0.002547814966627794f,-0.23418919377929948f,0.037761677855886085f,-0.1112964485458986f,0.9930695626322349f,3.1047006437390823f,-0.29846861876299613f,0.9471589788421965f,0.11750043579628719f,-8.997739307824185f,0f,0f,0f,1f], start_interpolation: 0, interpolation_duration: 1 }
$data merge entity $(bone_segment16) { transformation: [-0.9605622723086388f,-0.2720193033806209f,0.057668185384891275f,-0.45998646709329144f,0.03951594621352903f,0.07174812882277418f,0.9966397022019944f,3.164257195984549f,-0.27524282190842686f,0.9596133099320542f,-0.05816944549446666f,-8.201185290790741f,0f,0f,0f,1f], start_interpolation: 0, interpolation_duration: 1 }
$data merge entity $(bone_segment15) { transformation: [-0.97356000968952f,-0.2148516887793435f,0.07758646378077805f,-0.680293374533048f,0.04728080903975254f,0.1427651794617897f,0.9886266376290846f,3.310647272581111f,-0.22348474809232133f,0.9661557096875779f,-0.12883210783110158f,-7.210498283786877f,0f,0f,0f,1f], start_interpolation: 0, interpolation_duration: 1 }
$data merge entity $(bone_segment14) { transformation: [-0.9937040101609083f,-0.09121088488953348f,0.06506085357415681f,-0.7738201607967297f,0.05794044938895551f,0.0786529184343595f,0.9952168722174901f,3.391297237772593f,-0.09589183758138894f,0.9927206519960318f,-0.07287292079941801f,-6.192571833986259f,0f,0f,0f,1f], start_interpolation: 0, interpolation_duration: 1 }
$data merge entity $(bone_segment13) { transformation: [-0.9986767005346946f,-0.020052504562270937f,0.04735762736789104f,-0.7965171144571345f,0.04925861501660593f,-0.10833310858979861f,0.9928935121300355f,3.2506835272978805f,-0.014779602693635749f,0.9939123878109434f,0.10917751004747844f,-5.127557943578394f,0f,0f,0f,1f], start_interpolation: 0, interpolation_duration: 1 }
$data merge entity $(bone_segment12) { transformation: [-0.9935491430307782f,0.10479208001835871f,0.04334420778180443f,-0.6737138956856203f,0.012730506203984441f,-0.2767331234325906f,0.9608624837129573f,2.926386898275313f,0.11268555628205705f,0.9552158909695067f,0.27361390140987873f,-4.008164321348502f,0f,0f,0f,1f], start_interpolation: 0, interpolation_duration: 1 }
$data merge entity $(bone_segment11) { transformation: [-1.018007075736058f,0.1793328918022391f,0.05522471895110897f,-0.46646592413442384f,-0.015098092745077252f,-0.38194841057537116f,0.9619958010139502f,2.4849841386731235f,0.18703503217537515f,0.9452531869773603f,0.37823639587216124f,-2.915772381227478f,0f,0f,0f,1f], start_interpolation: 0, interpolation_duration: 1 }
$data merge entity $(bone_segment10) { transformation: [-0.9900630142943843f,0.13234087062858305f,0.04755125327040783f,-0.3105067802592518f,0f,-0.3381436382010454f,0.9410945116959086f,2.1030965516747284f,0.14062442080349283f,0.9317428689855529f,0.3347835097017967f,-1.8177456003200956f,0f,0f,0f,1f], start_interpolation: 0, interpolation_duration: 1 }