# This file was generated by Animated Java via MC-Build. It is not recommended to edit this file directly.
$data merge entity $(bone_neck_spine5) { transformation: [-1.572087939648095f,-0.020795776804727686f,0.011235712560299435f,-0.03267437678513409f,-0.00827467043746083f,1.1842714191208703f,1.0341430903116038f,3.249423115310057f,-0.022141260099667524f,1.033967087037673f,-1.1842470278960677f,0.4772211615805413f,0f,0f,0f,1f], start_interpolation: 0, interpolation_duration: 1 }
$data merge entity $(bone_neck_spine2) { transformation: [-1.4972266091886612f,-0.006438082148394536f,0.021571126991919477f,-0.17975367895317326f,-0.007880638511867455f,1.4939580410498383f,-0.10110167557070102f,4.365194858127006f,-0.02108691438063573f,-0.10120377643550896f,-1.4938230883746315f,2.5284212183042944f,0f,0f,0f,1f], start_interpolation: 0, interpolation_duration: 1 }
$data merge entity $(bone_scale_neck_left1) { transformation: [-1.5934496848911548f,0.40172399937070424f,0.11220967376994909f,0.6106537199962963f,0.4170762138505077f,1.5297908164195047f,0.4459176725319871f,3.4673776364432354f,0.004540308147865462f,0.45979665849789003f,-1.581651510059586f,2.566756891157962f,0f,0f,0f,1f], start_interpolation: 0, interpolation_duration: 1 }
$data merge entity $(bone_scale_neck_right1) { transformation: [-1.5882119842784277f,-0.4305914603537752f,-0.07231022128617283f,-0.961434219651798f,-0.433822860836282f,1.5254099316384881f,0.4449464537583821f,3.4591029660057746f,-0.049350777581270745f,0.44807434156257964f,-1.5842502851579532f,2.5446156310582944f,0f,0f,0f,1f], start_interpolation: 0, interpolation_duration: 1 }
$data merge entity $(bone_blush_right1) { transformation: [-0.9827136351875259f,-0.025804917295153218f,0.18332489590862633f,-1.0088435779368563f,0.005670626891148995f,0.9855777975943313f,0.16912790686273174f,3.106159098615363f,-0.18504527880272909f,0.16724386724928908f,-0.9683944101761028f,3.7805898817589294f,0f,0f,0f,1f], start_interpolation: 0, interpolation_duration: 1 }
$data merge entity $(bone_blush_left1) { transformation: [-0.9827136351875259f,-0.025804917295153218f,0.18332489590862633f,0.29344392494348803f,0.005670626891148995f,0.9855777975943313f,0.16912790686273174f,3.0986444104402757f,-0.18504527880272909f,0.16724386724928908f,-0.9683944101761028f,4.025811017828562f,0f,0f,0f,1f], start_interpolation: 0, interpolation_duration: 1 }
$data merge entity $(bone_left_head_scales) { transformation: [-0.9563276567805514f,-0.025804917295153218f,-0.29115548959277765f,0.3577020321014485f,-0.07306466896984946f,0.9855777975943313f,0.15263668968316169f,3.884511767866803f,0.283017609036869f,0.16724386724928908f,-0.9444207334882879f,3.7693306090191796f,0f,0f,0f,1f], start_interpolation: 0, interpolation_duration: 1 }
$data merge entity $(bone_left_head_scales2) { transformation: [-0.9101427237042247f,-0.025804917295153218f,-0.41349042157182514f,0.3500037697648303f,-0.09236267649555246f,0.9855777975943313f,0.14179400861702657f,2.9705409302490238f,0.4038679963538002f,0.16724386724928908f,-0.8993998723530421f,3.7822052944547577f,0f,0f,0f,1f], start_interpolation: 0, interpolation_duration: 1 }
$data merge entity $(bone_left_head_scales1) { transformation: [-0.9827136351875259f,-0.025804917295153218f,0.18332489590862633f,0.36060004527424405f,0.005670626891148995f,0.9855777975943313f,0.16912790686273174f,3.7738267613010335f,-0.18504527880272909f,0.16724386724928908f,-0.9683944101761028f,3.750548338771457f,0f,0f,0f,1f], start_interpolation: 0, interpolation_duration: 1 }
$data merge entity $(bone_right_head_scales) { transformation: [-0.7870276238660212f,-0.025804917295153218f,0.6163778269172204f,-0.9666581403192405f,0.08312448393657125f,0.9855777975943313f,0.14739988147683902f,3.892153823638078f,-0.6112919428898792f,0.16724386724928908f,-0.7735319317425873f,3.519953182507689f,0f,0f,0f,1f], start_interpolation: 0, interpolation_duration: 1 }
$data merge entity $(bone_right_head_scales2) { transformation: [-0.6998410427248319f,-0.025804917295153218f,0.713832348077061f,-0.9743564026558588f,0.10165288771612213f,0.9855777975943313f,0.13528893268882325f,2.9781829860202986f,-0.7070284331883642f,0.16724386724928908f,-0.687124649194532f,3.532827867943267f,0f,0f,0f,1f], start_interpolation: 0, interpolation_duration: 1 }
$data merge entity $(bone_right_head_scales1) { transformation: [-0.9827136351875259f,-0.025804917295153218f,0.18332489590862633f,-0.963760127146445f,0.005670626891148995f,0.9855777975943313f,0.16912790686273174f,3.7814688170723083f,-0.18504527880272909f,0.16724386724928908f,-0.9683944101761028f,3.5011709122599664f,0f,0f,0f,1f], start_interpolation: 0, interpolation_duration: 1 }
$data merge entity $(bone_head_left_fin1) { transformation: [-0.6652227188819506f,0.1502436727915567f,-0.7959778709829707f,0.38690870337569194f,0.1219520228087097f,1.0368255270605498f,0.0937855457607968f,3.373003672636888f,0.8008006221534438f,-0.033088717818770354f,-0.6754988514697418f,3.5985488097538214f,0f,0f,0f,1f], start_interpolation: 0, interpolation_duration: 1 }
$data merge entity $(bone_head_right_fin1) { transformation: [-0.32973671985821484f,-0.11635502713592051f,0.9881348092555581f,-0.9374514690449971f,-0.11621073303018148f,1.0383639017231396f,0.08349054528543458f,3.380645728408163f,-0.98815178951966f,-0.08328933475343946f,-0.3395498867774755f,3.349171383242331f,0f,0f,0f,1f], start_interpolation: 0, interpolation_duration: 1 }
$data merge entity $(bone_right_whisker16) { transformation: [-0.11336781827914019f,-0.49474921313720643f,0.8616095135725603f,-1.0336600499431416f,0.9880881424781026f,0.03468885533854675f,0.14992833624593901f,1.8172131170101664f,-0.10406517415928268f,0.8683431921857955f,0.4849232311529127f,1.6581958005496167f,0f,0f,0f,1f], start_interpolation: 0, interpolation_duration: 1 }
$data merge entity $(bone_right_whisker15) { transformation: [0.5571745051979548f,-0.23755549697308737f,0.795690867495213f,-1.221379976010812f,0.23989760340111477f,0.9633979711768241f,0.11963899454099952f,1.736388240864283f,-0.7949878682343625f,0.12422453457449364f,0.5937697822977643f,1.9260383928746705f,0f,0f,0f,1f], start_interpolation: 0, interpolation_duration: 1 }
$data merge entity $(bone_right_whisker14) { transformation: [0.7603482002916571f,-0.09944641919567214f,0.6418574795251649f,-1.4775519770856373f,-0.35157953607127984f,0.7679035644553217f,0.5354586310003001f,1.854840330653923f,-0.5461340898800793f,-0.6327989612870506f,0.5489107673063875f,2.110038647765908f,0f,0f,0f,1f], start_interpolation: 0, interpolation_duration: 1 }
$data merge entity $(bone_right_whisker13) { transformation: [0.3484118013652443f,-0.36536223121456407f,0.8632031375472065f,-1.5949368125065448f,0.01980507399736075f,0.9235694959986485f,0.3829192409696355f,1.848167722715359f,-0.9371323149445784f,-0.11631778050976606f,0.32901853781192497f,2.425771703093915f,0f,0f,0f,1f], start_interpolation: 0, interpolation_duration: 1 }
$data merge entity $(bone_right_whisker12) { transformation: [-0.3308092492766755f,-0.2241643412387178f,0.9166872905795163f,-1.4463310950580384f,-0.4831494544329264f,0.8746451943726303f,0.03952706214771738f,2.0652075166989f,-0.8106366912952854f,-0.4298210465738914f,-0.3976455993066645f,2.7899249042617194f,0f,0f,0f,1f], start_interpolation: 0, interpolation_duration: 1 }
$data merge entity $(bone_right_whisker11) { transformation: [-0.8300935780711488f,-0.14725048343458402f,0.5378307789382449f,-1.0734374955338892f,-0.25399126700699776f,0.958485313172807f,-0.12959298096813052f,2.1793051561747f,-0.4964202734873121f,-0.24417862224262676f,-0.8330328399952036f,3.012926198992348f,0f,0f,0f,1f], start_interpolation: 0, interpolation_duration: 1 }
$data merge entity $(bone_right_whisker10) { transformation: [-0.36377431575674457f,-0.48426695993422064f,0.7957095944575386f,-0.9100232521275392f,-0.6233286656387758f,0.7613413686653747f,0.17838356132703864f,2.459316080192119f,-0.6921918966505572f,-0.4310972417851939f,-0.578813913392294f,3.3238717775658406f,0f,0f,0f,1f], start_interpolation: 0, interpolation_duration: 1 }
$data merge entity $(bone_right_whisker1) { transformation: [0.1617961800023078f,-0.46172806787934584f,0.8721405778136156f,-0.9827051298629509f,-0.8169864787372081f,0.43302627285897055f,0.3808166758093006f,2.8263217249373493f,-0.5534935317573625f,-0.7741417430589016f,-0.3071635915216626f,3.5725114500349684f,0f,0f,0f,1f], start_interpolation: 0, interpolation_duration: 1 }
$data merge entity $(bone_left_whisker16) { transformation: [-0.15445692510138076f,0.1454114734115419f,-0.9772402783801492f,1.0740936645378014f,-0.9865426930841508f,0.03099488766188272f,0.16053919042121556f,1.805050586171797f,0.05363369286650438f,0.9888856457341832f,0.1386672515426394f,2.0550864712170553f,0f,0f,0f,1f], start_interpolation: 0, interpolation_duration: 1 }
$data merge entity $(bone_left_whisker15) { transformation: [0.22717614590113788f,0.18682925429995667f,-0.9557645256396722f,1.1506325027564466f,-0.2444236013469599f,0.9609491117160481f,0.12974555020007855f,1.7227008376711122f,0.9426813363157709f,0.20413631335424134f,0.2639701947797359f,2.3726890698781307f,0f,0f,0f,1f], start_interpolation: 0, interpolation_duration: 1 }
$data merge entity $(bone_left_whisker14) { transformation: [0.5135212469058121f,0.33133260232706574f,-0.7915267750439493f,1.3236450322315492f,0.34422883075445315f,0.7654178076528088f,0.5437297966870958f,1.8386763714702197f,0.7860040973517394f,-0.5516831394588223f,0.27900407269990724f,2.6375049034585505f,0f,0f,0f,1f], start_interpolation: 0, interpolation_duration: 1 }
$data merge entity $(bone_left_whisker13) { transformation: [-0.01652029842542696f,0.39291478385812884f,-0.9194264801307688f,1.3180791113753263f,-0.02172021266454254f,0.9191939527288222f,0.3932056836168207f,1.8313585263830447f,0.9996275867050399f,0.02646601391377626f,-0.006651165745486798f,2.9742934946824167f,0f,0f,0f,1f], start_interpolation: 0, interpolation_duration: 1 }
$data merge entity $(bone_left_whisker12) { transformation: [-0.5975711163457597f,0.374869385425344f,-0.7087889000119201f,1.0496389614543795f,0.4885065579450891f,0.8711885447063437f,0.0489066704763749f,2.0508048317099403f,0.635822383810073f,-0.3170228121811871f,-0.7037232643609332f,3.259916831159598f,0f,0f,0f,1f], start_interpolation: 0, interpolation_duration: 1 }
$data merge entity $(bone_left_whisker11) { transformation: [-0.9509062832065216f,0.2366453632367605f,-0.19943974683322396f,0.6224740295451996f,0.2642683053474361f,0.9562700899037013f,-0.12533865303393688f,2.1695191095027337f,0.16105745355975604f,-0.1718909166131502f,-0.9718611060428018f,3.3322668591258946f,0f,0f,0f,1f], start_interpolation: 0, interpolation_duration: 1 }
$data merge entity $(bone_left_whisker10) { transformation: [-0.5836366261877864f,0.6163438849781901f,-0.5286667230137809f,0.360293513874905f,0.6287955827263099f,0.7549904305788593f,0.18602571026132173f,2.451985875180568f,0.5137941258091792f,-0.22385188224435426f,-0.8281943800217683f,3.5630728140792365f,0f,0f,0f,1f], start_interpolation: 0, interpolation_duration: 1 }
$data merge entity $(bone_left_whisker1) { transformation: [-0.041490857888649674f,0.7164537425018329f,-0.6963997010099742f,0.34165504255773815f,0.8162922718286045f,0.42622772115745156f,0.38986774253562123f,2.818679669166074f,0.5761470607965987f,-0.5522897469372783f,-0.6025202069336739f,3.8218888765464585f,0f,0f,0f,1f], start_interpolation: 0, interpolation_duration: 1 }
$data merge entity $(bone_upper_left_tooth1) { transformation: [-0.9827136351875259f,-0.009728904327074173f,0.18487633606579565f,-0.1947490124006548f,0.005670626891148995f,0.9965678448623905f,0.08258555913107285f,3.0668509346591337f,-0.18504527880272909f,0.08220631975052292f,-0.9792856405492193f,4.7057172710744855f,0f,0f,0f,1f], start_interpolation: 0, interpolation_duration: 1 }
$data merge entity $(bone_upper_right_tooth1) { transformation: [-0.9827136351875259f,-0.009728904327074173f,0.18487633606579565f,-0.8569290986109993f,0.005670626891148995f,0.9965678448623905f,0.08258555913107285f,3.0706719625447714f,-0.18504527880272909f,0.08220631975052292f,-0.9792856405492193f,4.58102855781874f,0f,0f,0f,1f], start_interpolation: 0, interpolation_duration: 1 }
$data merge entity $(bone_top_lip1) { transformation: [-0.9827136351875259f,0.05408925135426423f,0.1770544100113115f,-0.4994497271338698f,0.005670626891148995f,0.9647133747003444f,-0.26324123663464005f,3.1917134014976374f,-0.18504527880272909f,-0.2576867430858799f,-0.9483437073290525f,4.658723714554702f,0f,0f,0f,1f], start_interpolation: 0, interpolation_duration: 1 }
$data merge entity $(bone_muzzle1) { transformation: [-0.9827136351875259f,-0.009728904327074173f,0.18487633606579565f,-0.3972762337340532f,0.005670626891148995f,0.9965678448623905f,0.08258555913107285f,3.405965989133506f,-0.18504527880272909f,0.08220631975052292f,-0.9792856405492193f,4.122680107954276f,0f,0f,0f,1f], start_interpolation: 0, interpolation_duration: 1 }
$data merge entity $(bone_jaw_right_tooth1) { transformation: [-0.9827136351875259f,0.11138344504994677f,0.14787710906466847f,-0.8595545655874198f,0.005670626891148995f,0.8165002338963785f,-0.5773172542353299f,3.105447856725335f,-0.18504527880272909f,-0.5664989816548344f,-0.8030175269425042f,4.596037226697712f,0f,0f,0f,1f], start_interpolation: 0, interpolation_duration: 1 }
$data merge entity $(bone_jaw_left_tooth1) { transformation: [-0.9827136351875259f,0.11138344504994677f,0.14787710906466847f,-0.14219280552621322f,0.005670626891148995f,0.8165002338963785f,-0.5773172542353299f,3.101308409849228f,-0.18504527880272909f,-0.5664989816548344f,-0.8030175269425042f,4.731116666058103f,0f,0f,0f,1f], start_interpolation: 0, interpolation_duration: 1 }
$data merge entity $(bone_tongue1) { transformation: [-0.9827136351875259f,0.038452116811585536f,0.18109485340347625f,-0.35567742694883836f,0.005670626891148995f,0.9839853345553826f,-0.17815921354393485f,2.9521714877894634f,-0.18504527880272909f,-0.17405256703835234f,-0.9671938526997469f,3.887856424697472f,0f,0f,0f,1f], start_interpolation: 0, interpolation_duration: 1 }
$data merge entity $(bone_jaw_lips1) { transformation: [-0.9827136351875259f,0.038452116811585536f,0.18109485340347625f,-0.46816425254050675f,0.005670626891148995f,0.9839853345553826f,-0.17815921354393485f,2.984836250510003f,-0.18504527880272909f,-0.17405256703835234f,-0.9671938526997469f,4.789689272309191f,0f,0f,0f,1f], start_interpolation: 0, interpolation_duration: 1 }
$data merge entity $(bone_jaw3) { transformation: [-0.9827136351875259f,0.08401268973466323f,0.16497205575510532f,-0.3270234655401042f,0.005670626891148995f,0.9043458498110759f,-0.42676273023794437f,2.5252445765213443f,-0.18504527880272909f,-0.41845005901903054f,-0.8891894021522017f,4.02605374652793f,0f,0f,0f,1f], start_interpolation: 0, interpolation_duration: 1 }
$data merge entity $(bone_jaw1) { transformation: [-0.9827136351875259f,-0.05724691671361837f,0.176058801947822f,-0.16884563566510785f,0.005670626891148995f,0.9412359034482585f,0.33770226243038715f,2.828648952923645f,-0.18504527880272909f,0.33286298170076645f,-0.9246407303413013f,3.195321840361917f,0f,0f,0f,1f], start_interpolation: 0, interpolation_duration: 1 }
$data merge entity $(bone_tear_right1) { transformation: [-0.9827136351875259f,-0.025804917295153218f,0.18332489590862633f,-0.9823343708221681f,0.005670626891148995f,0.9855777975943313f,0.16912790686273174f,3.4761437315501134f,-0.18504527880272909f,0.16724386724928908f,-0.9683944101761028f,3.954598262181021f,0f,0f,0f,1f], start_interpolation: 0, interpolation_duration: 1 }
$data merge entity $(bone_right_pupil1) { transformation: [-0.9827136351875259f,-0.025804917295153218f,0.18332489590862633f,-0.8154861605374244f,0.005670626891148995f,0.9855777975943313f,0.16912790686273174f,3.5743816434485653f,-0.18504527880272909f,0.16724386724928908f,-0.9683944101761028f,4.072923001040372f,0f,0f,0f,1f], start_interpolation: 0, interpolation_duration: 1 }
$data merge entity $(bone_right_sad_pupil1) { transformation: [-0.9827136351875259f,-0.025804917295153218f,0.18332489590862633f,-0.8134273360228257f,0.005670626891148995f,0.9855777975943313f,0.16912790686273174f,3.5762810291213403f,-0.18504527880272909f,0.16724386724928908f,-0.9683944101761028f,4.062047477879214f,0f,0f,0f,1f], start_interpolation: 0, interpolation_duration: 1 }
$data merge entity $(bone_right_happy_pupil1) { transformation: [-0.9827136351875259f,-0.025804917295153218f,0.18332489590862633f,-0.8402933257659873f,0.005670626891148995f,0.9855777975943313f,0.16912790686273174f,3.5487693391292723f,-0.18504527880272909f,0.16724386724928908f,-0.9683944101761028f,4.052156673868873f,0f,0f,0f,1f], start_interpolation: 0, interpolation_duration: 1 }
$data merge entity $(bone_eyelid_right1) { transformation: [-0.9827136351875259f,-0.025804917295153218f,0.18332489590862633f,-0.2841378618921359f,0.005670626891148995f,0.9855777975943313f,0.16912790686273174f,3.6134559812126974f,-0.18504527880272909f,0.16724386724928908f,-0.9683944101761028f,3.588888842203899f,0f,0f,0f,1f], start_interpolation: 0, interpolation_duration: 1 }
$data merge entity $(bone_eyelid_expressions_right5) { transformation: [-0.9827136351875259f,-0.025804917295153218f,0.18332489590862633f,-0.9432428458898914f,0.005670626891148995f,0.9855777975943313f,0.16912790686273174f,3.6876983973273085f,-0.18504527880272909f,0.16724386724928908f,-0.9683944101761028f,4.056931144586899f,0f,0f,0f,1f], start_interpolation: 0, interpolation_duration: 1 }
$data merge entity $(bone_eyelid_expressions_right7) { transformation: [-0.9827136351875259f,-0.025804917295153218f,0.18332489590862633f,-0.612152802784719f,0.005670626891148995f,0.9855777975943313f,0.16912790686273174f,3.68578788338449f,-0.18504527880272909f,0.16724386724928908f,-0.9683944101761028f,4.119275501214772f,0f,0f,0f,1f], start_interpolation: 0, interpolation_duration: 1 }
$data merge entity $(bone_eyelid_expressions_right6) { transformation: [-0.9827136351875259f,-0.025804917295153218f,0.18332489590862633f,-0.7225161504864431f,0.005670626891148995f,0.9855777975943313f,0.16912790686273174f,3.6864247213654293f,-0.18504527880272909f,0.16724386724928908f,-0.9683944101761028f,4.098494049005481f,0f,0f,0f,1f], start_interpolation: 0, interpolation_duration: 1 }
$data merge entity $(bone_right_eye1) { transformation: [-0.9827136351875259f,-0.025804917295153218f,0.18332489590862633f,-0.29723302117690714f,0.005670626891148995f,0.9855777975943313f,0.16912790686273174f,3.6116202793380165f,-0.18504527880272909f,0.16724386724928908f,-0.9683944101761028f,3.5976862201441273f,0f,0f,0f,1f], start_interpolation: 0, interpolation_duration: 1 }
$data merge entity $(bone_tear_left1) { transformation: [-0.9827136351875259f,-0.025804917295153218f,0.18332489590862633f,0.2095897843564521f,0.005670626891148995f,0.9855777975943313f,0.16912790686273174f,3.469265881355966f,-0.18504527880272909f,0.16724386724928908f,-0.9683944101761028f,4.179037946041363f,0f,0f,0f,1f], start_interpolation: 0, interpolation_duration: 1 }
$data merge entity $(bone_left_sad_pupil1) { transformation: [-0.9827136351875259f,-0.025804917295153218f,0.18332489590862633f,0.014297771740104992f,0.005670626891148995f,0.9855777975943313f,0.16912790686273174f,3.5715047442642933f,-0.18504527880272909f,0.16724386724928908f,-0.9683944101761028f,4.217908369448896f,0f,0f,0f,1f], start_interpolation: 0, interpolation_duration: 1 }
$data merge entity $(bone_left_pupil1) { transformation: [-0.9827136351875259f,-0.025804917295153218f,0.18332489590862633f,0.01223894722550617f,0.005670626891148995f,0.9855777975943313f,0.16912790686273174f,3.5696053585915184f,-0.18504527880272909f,0.16724386724928908f,-0.9683944101761028f,4.228783892610053f,0f,0f,0f,1f], start_interpolation: 0, interpolation_duration: 1 }
$data merge entity $(bone_eyelid_left1) { transformation: [-0.9827136351875259f,-0.025804917295153218f,0.18332489590862633f,-0.3062105314324807f,0.005670626891148995f,0.9855777975943313f,0.16912790686273174f,3.6135833488088855f,-0.18504527880272909f,0.16724386724928908f,-0.9683944101761028f,3.5847325517620408f,0f,0f,0f,1f], start_interpolation: 0, interpolation_duration: 1 }
$data merge entity $(bone_left_happy_pupil1) { transformation: [-0.9827136351875259f,-0.025804917295153218f,0.18332489590862633f,0.04261345584780535f,0.005670626891148995f,0.9855777975943313f,0.16912790686273174f,3.5436746352817554f,-0.18504527880272909f,0.16724386724928908f,-0.9683944101761028f,4.2184082915431995f,0f,0f,0f,1f], start_interpolation: 0, interpolation_duration: 1 }
$data merge entity $(bone_eyelid_expressions_left5) { transformation: [-0.9827136351875259f,-0.025804917295153218f,0.18332489590862633f,0.13831796158700482f,0.005670626891148995f,0.9855777975943313f,0.16912790686273174f,3.6814573851141006f,-0.18504527880272909f,0.16724386724928908f,-0.9683944101761028f,4.2605893762379505f,0f,0f,0f,1f], start_interpolation: 0, interpolation_duration: 1 }
$data merge entity $(bone_eyelid_expressions_left7) { transformation: [-0.9827136351875259f,-0.025804917295153218f,0.18332489590862633f,-0.19277208151816744f,0.005670626891148995f,0.9855777975943313f,0.16912790686273174f,3.683367899056919f,-0.18504527880272909f,0.16724386724928908f,-0.9683944101761028f,4.198245019610077f,0f,0f,0f,1f], start_interpolation: 0, interpolation_duration: 1 }
$data merge entity $(bone_eyelid_expressions_left6) { transformation: [-0.9827136351875259f,-0.025804917295153218f,0.18332489590862633f,-0.08240873381644331f,0.005670626891148995f,0.9855777975943313f,0.16912790686273174f,3.68273106107598f,-0.18504527880272909f,0.16724386724928908f,-0.9683944101761028f,4.219026471819368f,0f,0f,0f,1f], start_interpolation: 0, interpolation_duration: 1 }
$data merge entity $(bone_left_eye1) { transformation: [-0.9827136351875259f,-0.025804917295153218f,0.18332489590862633f,-0.29723302117690714f,0.005670626891148995f,0.9855777975943313f,0.16912790686273174f,3.6116202793380165f,-0.18504527880272909f,0.16724386724928908f,-0.9683944101761028f,3.5976862201441273f,0f,0f,0f,1f], start_interpolation: 0, interpolation_duration: 1 }
$data merge entity $(bone_crest_middle5) { transformation: [-0.9827136351875259f,0.014485531976387776f,0.18456457021833692f,-0.42039140917605533f,0.005670626891148995f,0.9988216473649325f,-0.04819917785464578f,4.896706319963198f,-0.18504527880272909f,-0.046319392467555426f,-0.9816377940331437f,4.291120127045813f,0f,0f,0f,1f], start_interpolation: 0, interpolation_duration: 1 }
$data merge entity $(bone_crest_middle4) { transformation: [-0.9827136351875259f,0.014485531976387776f,0.18456457021833692f,-0.43015216802733225f,0.005670626891148995f,0.9988216473649325f,-0.04819917785464578f,4.223672202109874f,-0.18504527880272909f,-0.046319392467555426f,-0.9816377940331437f,4.322331436423365f,0f,0f,0f,1f], start_interpolation: 0, interpolation_duration: 1 }
$data merge entity $(bone_crest_middle1) { transformation: [-0.9827136351875259f,0.014485531976387776f,0.18456457021833692f,-0.453018403280139f,0.005670626891148995f,0.9988216473649325f,-0.04819917785464578f,3.722956376246503f,-0.18504527880272909f,-0.046319392467555426f,-0.9816377940331437f,4.428422165505422f,0f,0f,0f,1f], start_interpolation: 0, interpolation_duration: 1 }
$data merge entity $(bone_crest_left5) { transformation: [-0.5062480047967f,-0.8115393243019865f,0.2917479781435266f,-1.507372722886244f,-0.8281810580664674f,0.5518374505975003f,0.09793652627063193f,4.25420590865097f,-0.2404768028298514f,-0.19203997820643132f,-0.9514681046000468f,4.0751921996588765f,0f,0f,0f,1f], start_interpolation: 0, interpolation_duration: 1 }
$data merge entity $(bone_crest_left4) { transformation: [-0.5062480047967f,-0.8115393243019865f,0.2917479781435266f,-1.0516743718377652f,-0.8281810580664674f,0.5518374505975003f,0.09793652627063193f,3.944336246450226f,-0.2404768028298514f,-0.19203997820643132f,-0.9514681046000468f,4.183027148358777f,0f,0f,0f,1f], start_interpolation: 0, interpolation_duration: 1 }
$data merge entity $(bone_crest_left1) { transformation: [-0.5062480047967f,-0.8115393243019865f,0.2917479781435266f,-0.5340238529273567f,-0.8281810580664674f,0.5518374505975003f,0.09793652627063193f,3.6089789835182366f,-0.2404768028298514f,-0.19203997820643132f,-0.9514681046000468f,4.248218427852004f,0f,0f,0f,1f], start_interpolation: 0, interpolation_duration: 1 }
$data merge entity $(bone_crest_center1) { transformation: [-0.9827136351875259f,-0.025804917295153218f,0.18332489590862633f,-0.4229360112060758f,0.005670626891148995f,0.9855777975943313f,0.16912790686273174f,3.5806712480878757f,-0.18504527880272909f,0.16724386724928908f,-0.9683944101761028f,4.264304372602629f,0f,0f,0f,1f], start_interpolation: 0, interpolation_duration: 1 }
$data merge entity $(bone_crest_right5) { transformation: [-0.5497752978099824f,0.8319040151082165f,0.07538455786680305f,0.6634503875599094f,0.834274709281858f,0.5423541650697068f,0.09918502449570035f,4.241679443702029f,0.0416272911755811f,0.11742090647908263f,-0.9922094029744999f,4.483958856923443f,0f,0f,0f,1f], start_interpolation: 0, interpolation_duration: 1 }
$data merge entity $(bone_crest_right4) { transformation: [-0.5497752978099824f,0.8319040151082165f,0.07538455786680305f,0.1963167853262917f,0.834274709281858f,0.5423541650697068f,0.09918502449570035f,3.937134868589645f,0.0416272911755811f,0.11742090647908263f,-0.9922094029744999f,4.418024265882942f,0f,0f,0f,1f], start_interpolation: 0, interpolation_duration: 1 }
$data merge entity $(bone_crest_right1) { transformation: [-0.5497752978099824f,0.8319040151082165f,0.07538455786680305f,-0.3132971575239085f,0.834274709281858f,0.5423541650697068f,0.09918502449570035f,3.6077053075563574f,0.0416272911755811f,0.11742090647908263f,-0.9922094029744999f,4.289781332270586f,0f,0f,0f,1f], start_interpolation: 0, interpolation_duration: 1 }
$data merge entity $(bone_head1) { transformation: [-1.0300579118827577f,-0.027048122946091577f,0.19215695469589078f,-0.1825486662875737f,0.005943821155436118f,1.033060061280516f,0.17727599612564973f,3.660743988057747f,-0.19396022062004797f,0.17530118897874694f,-1.0150488283746906f,2.990141311156609f,0f,0f,0f,1f], start_interpolation: 0, interpolation_duration: 1 }
$data merge entity $(bone_neck10) { transformation: [-1.4972266091886612f,-0.009198600531278649f,0.020546244662150635f,-0.1651498868064078f,-0.007880638511867455f,1.494373439646257f,0.09476391771390925f,3.27995124753503f,-0.02108691438063573f,0.09464507547732895f,-1.4942529683470003f,1.8970925485661725f,0f,0f,0f,1f], start_interpolation: 0, interpolation_duration: 1 }
$data merge entity $(bone_neck9) { transformation: [-1.1453783560293267f,-0.016753641553656707f,0.003985665914906218f,-0.14618174108609505f,-0.006028688461578607f,0.6384197645497544f,0.9510899051331617f,2.582048903561162f,-0.016131489501186345f,0.9509614441319189f,-0.6384357879376319f,0.8111253939308725f,0f,0f,0f,1f], start_interpolation: 0, interpolation_duration: 1 }
$data merge entity $(bone_neck8) { transformation: [-1.0630308925239498f,-0.01597253943703786f,-0.0005804486072995897f,-0.1301836178098757f,-0.005595253343425893f,0.33572672162853445f,1.008735048920924f,2.29841830521497f,-0.01497170921025137f,1.008624104295256f,-0.335772842193699f,-0.2187846847911461f,0f,0f,0f,1f], start_interpolation: 0, interpolation_duration: 1 }
$data merge entity $(bone_neck7) { transformation: [-1.0541333541703044f,0.05669072499404669f,-0.003955525163221339f,-0.18747743562300798f,0.0020581151232108587f,0.11151493381195722f,1.049755588960144f,2.185717042319907f,0.05679127258485342f,1.0482257362279215f,-0.11146376147263591f,-1.2781617586385137f,0f,0f,0f,1f], start_interpolation: 0, interpolation_duration: 1 }
$data merge entity $(bone_neck6) { transformation: [-1.0301996391241532f,0.19311540670257682f,-0.05667146950958164f,-0.36564990655980323f,-0.09252147632822504f,-0.19194500037321754f,1.0278197339337207f,2.377270876387362f,0.17873162053851246f,1.0137455641035558f,0.20540557756266828f,-2.2059795182327644f,0f,0f,0f,1f], start_interpolation: 0, interpolation_duration: 1 }
$data merge entity $(bone_neck_spine6) { transformation: [-1.2711021806935727f,-0.014667968233225083f,0.06379236208718693f,-0.8808524846703584f,0.06269569814939101f,0.08365626213169511f,1.2684858090481044f,4.465094914932732f,-0.018811278168006436f,1.269949545860296f,-0.0828230360444706f,-5.6258617396569095f,0f,0f,0f,1f], start_interpolation: 0, interpolation_duration: 1 }
$data merge entity $(bone_neck_spine7) { transformation: [-0.97356000968952f,-0.1874499405451668f,0.13055047806482856f,-0.5520364796225768f,0.04728080903975254f,0.3937759762510118f,0.9179896544210665f,4.09368371606656f,-0.22348474809232133f,0.8998905490764841f,-0.3745017584110063f,-9.256217513025195f,0f,0f,0f,1f], start_interpolation: 0, interpolation_duration: 1 }
$data merge entity $(bone_tail6) { transformation: [-1.6794307304202223f,-0.3774447136314708f,-0.04847522458929484f,0.40786126923637556f,-0.019636652149158825f,-0.13310821654725394f,1.7167406740993552f,4.141121310787441f,-0.38003784172066163f,1.674849136001925f,0.1255131388382711f,-12.853456585336657f,0f,0f,0f,1f], start_interpolation: 0, interpolation_duration: 1 }
$data merge entity $(bone_tail5) { transformation: [-1.3873558207819225f,-0.30011148140045907f,-0.09358025696681178f,0.21831717572029613f,-0.01622158221017468f,-0.3545523031025595f,1.377537608871389f,3.9171935404068776f,-0.3139443040301118f,1.3445468018318028f,0.34236414951153427f,-12.00426913154815f,0f,0f,0f,1f], start_interpolation: 0, interpolation_duration: 1 }
$data merge entity $(bone_tail4) { transformation: [-1.0268081313936077f,-0.20195156259969488f,-0.05963074452564175f,0.1317665060347126f,0.002285452113939878f,-0.30749948329024035f,1.0020549099276164f,3.785408047568203f,-0.21055886596810824f,0.9814962211669236f,0.30167089654530416f,-11.583627893905183f,0f,0f,0f,1f], start_interpolation: 0, interpolation_duration: 1 }
$data merge entity $(bone_segment18) { transformation: [-0.9460841042759641f,-0.31888618806119956f,-0.05688995254123338f,-0.04729556245668365f,0.040453695365046914f,-0.29057157999744176f,0.9559977277321856f,3.6222452951282333f,-0.321385074587571f,0.9021528451219272f,0.2878052776978803f,-11.077047927161914f,0f,0f,0f,1f], start_interpolation: 0, interpolation_duration: 1 }
$data merge entity $(bone_segment17) { transformation: [-0.9536721340687362f,-0.3008371142988813f,0.002547814966627794f,-0.26690078016997865f,0.037761677855886085f,-0.1112964485458986f,0.9930695626322349f,3.541001061448488f,-0.29846861876299613f,0.9471589788421965f,0.11750043579628719f,-10.385640371805914f,0f,0f,0f,1f], start_interpolation: 0, interpolation_duration: 1 }
$data merge entity $(bone_segment16) { transformation: [-0.9605622723086388f,-0.2720193033806209f,0.057668185384891275f,-0.5265676444810696f,0.03951594621352903f,0.07174812882277418f,0.9966397022019944f,3.609491096530775f,-0.27524282190842686f,0.9596133099320542f,-0.05816944549446666f,-9.469603252217453f,0f,0f,0f,1f], start_interpolation: 0, interpolation_duration: 1 }
$data merge entity $(bone_segment15) { transformation: [-0.97356000968952f,-0.2148516887793435f,0.07758646378077805f,-0.7799205880367897f,0.04728080903975254f,0.1427651794617897f,0.9886266376290846f,3.777839684616821f,-0.22348474809232133f,0.9661557096875779f,-0.12883210783110158f,-8.33031319416301f,0f,0f,0f,1f], start_interpolation: 0, interpolation_duration: 1 }
$data merge entity $(bone_segment14) { transformation: [-1.041577771067097f,-0.09560515929176354f,0.06819529573853671f,-0.8874763922400236f,0.06073185124753796f,0.08244218664018145f,1.0431635184050507f,3.8705871445870255f,-0.10051162663153392f,1.040547037573965f,-0.07638372557751492f,-7.159697776892299f,0f,0f,0f,1f], start_interpolation: 0, interpolation_duration: 1 }
$data merge entity $(bone_segment13) { transformation: [-1.024358816205997f,-0.020568177693917878f,0.04857548301960438f,-0.9135778889494892f,0.05052535674392099f,-0.1111190186088722f,1.018426906484942f,3.7088813775411063f,-0.015159677111864011f,1.019471983721446f,0.1119851348175796f,-5.934931802923255f,0f,0f,0f,1f], start_interpolation: 0, interpolation_duration: 1 }
$data merge entity $(bone_segment12) { transformation: [-1.1083635785047121f,0.11690184186943853f,0.048353059918048086f,-0.772354187362248f,0.01420164217482248f,-0.3087123743500936f,1.071899652240984f,3.335940254165154f,0.12570748742793272f,1.065600539828287f,0.30523269535535613f,-4.647629137358881f,0f,0f,0f,1f], start_interpolation: 0, interpolation_duration: 1 }
$data merge entity $(bone_segment11) { transformation: [-1.1707081370964665f,0.20623282557257494f,0.0635084267937753f,-0.534019020078372f,-0.017362806656838838f,-0.4392406721616768f,1.1062951711660425f,2.828327080622636f,0.2150902870016814f,1.0870411650239642f,0.4349718552529853f,-3.3913784062197023f,0f,0f,0f,1f], start_interpolation: 0, interpolation_duration: 1 }
$data merge entity $(bone_segment10) { transformation: [-1.0377613626392959f,0.13871666778126215f,0.0498421339618207f,-0.3581893659426698f,0f,-0.3544344124372937f,0.986433700410425f,2.3956684309850647f,0.14739929524324444f,0.976631522829909f,0.35091240274732594f,-2.15345375286811f,0f,0f,0f,1f], start_interpolation: 0, interpolation_duration: 1 }