# This file was generated by Animated Java via MC-Build. It is not recommended to edit this file directly.
$data merge entity $(bone_neck_spine5) { transformation: [-1.5685400183960925f,0.007453811265251117f,0.10791592535047888f,0.1309651555408473f,0.06493881419769407f,1.3193265512635421f,0.8527482612695778f,3.4467248656271385f,-0.08651217635238108f,0.855184826447074f,-1.3165081661403035f,0.3211032471054651f,0f,0f,0f,1f], start_interpolation: 0, interpolation_duration: 1 }
$data merge entity $(bone_neck_spine2) { transformation: [-1.4938476365677067f,0.07769402200446532f,0.06765470678285819f,-0.02642844987699031f,0.06184648971208956f,1.4627512658920643f,-0.31421016458014794f,4.849654343321182f,-0.08239254890702957f,-0.31067129696829276f,-1.4624941349655625f,2.1868515445693073f,0f,0f,0f,1f], start_interpolation: 0, interpolation_duration: 1 }
$data merge entity $(bone_scale_neck_left1) { transformation: [-1.5678243999278998f,0.4675790845322863f,0.19066077608239718f,0.7125789070573813f,0.4902732914684927f,1.5584431760743351f,0.2096235851655572f,3.9292184876234795f,-0.1208876813453024f,0.2562806030369057f,-1.6225786581376167f,2.384222275991382f,0f,0f,0f,1f], start_interpolation: 0, interpolation_duration: 1 }
$data merge entity $(bone_scale_neck_right1) { transformation: [-1.6066568280156939f,-0.3628579880909042f,0.006557309421008334f,-0.8559611113387106f,-0.3588472237763901f,1.5928239366092802f,0.21724561627375952f,3.9941573018211733f,-0.05419951859748457f,0.2104781895608406f,-1.6327328087414255f,2.2977100996390014f,0f,0f,0f,1f], start_interpolation: 0, interpolation_duration: 1 }
$data merge entity $(bone_blush_right1) { transformation: [-0.9789585918136111f,0.01980805224042129f,0.20309533864850848f,-0.9448971505506036f,0.028905484277597683f,0.9987025112634695f,0.04192573165392695f,3.803512800952217f,-0.20200135765135135f,0.04691412433884126f,-0.9782609654098086f,3.579093931726713f,0f,0f,0f,1f], start_interpolation: 0, interpolation_duration: 1 }
$data merge entity $(bone_blush_left1) { transformation: [-0.9789585918136111f,0.01980805224042129f,0.20309533864850848f,0.3524141864523947f,0.028905484277597683f,0.9987025112634695f,0.04192573165392695f,3.765207388682002f,-0.20200135765135135f,0.04691412433884126f,-0.9782609654098086f,3.84678518400492f,0f,0f,0f,1f], start_interpolation: 0, interpolation_duration: 1 }
$data merge entity $(bone_left_head_scales) { transformation: [-0.9621258671470182f,0.01980805224042129f,-0.27188500663522996f,0.4576977964734846f,0.0062803292424269755f,0.9987025112634695f,0.05053564544602409f,4.5103956905286395f,0.27253325160648745f,0.04691412433884126f,-0.9610019207609914f,3.498778626367055f,0f,0f,0f,1f], start_interpolation: 0, interpolation_duration: 1 }
$data merge entity $(bone_left_head_scales2) { transformation: [-0.9184066323399126f,0.01980805224042129f,-0.3951416185881985f,0.40568866172928997f,-0.0003696252163122131f,0.9987025112634695f,0.05092305345557162f,3.6060612187779615f,0.39563761329183567f,0.04691412433884126f,-0.9172076885233027f,3.6214241558020723f,0f,0f,0f,1f], start_interpolation: 0, interpolation_duration: 1 }
$data merge entity $(bone_left_head_scales1) { transformation: [-0.9789585918136111f,0.01980805224042129f,0.20309533864850848f,0.4554732593566404f,0.028905484277597683f,0.9987025112634695f,0.04192573165392695f,4.39823671709573f,-0.20200135765135135f,0.04691412433884126f,-0.9782609654098086f,3.493509950293845f,0f,0f,0f,1f], start_interpolation: 0, interpolation_duration: 1 }
$data merge entity $(bone_right_head_scales) { transformation: [-0.7745678851961214f,0.01980805224042129f,0.6321805377336831f,-0.8616018682753271f,0.04499862614255684f,0.9987025112634695f,0.023841510885888477f,4.549350347074621f,-0.6308880367134017f,0.04691412433884126f,-0.7744542272267803f,3.226550234219726f,0f,0f,0f,1f], start_interpolation: 0, interpolation_duration: 1 }
$data merge entity $(bone_right_head_scales2) { transformation: [-0.6854252311768719f,0.01980805224042129f,0.7278735422671802f,-0.9136110030195218f,0.047725598290627114f,0.9987025112634695f,0.017764044129680284f,3.645015875323943f,-0.7265772634303481f,0.04691412433884126f,-0.6854812508038322f,3.3491957636547434f,0f,0f,0f,1f], start_interpolation: 0, interpolation_duration: 1 }
$data merge entity $(bone_right_head_scales1) { transformation: [-0.9789585918136111f,0.01980805224042129f,0.20309533864850848f,-0.8638264053921714f,0.028905484277597683f,0.9987025112634695f,0.04192573165392695f,4.437191373641712f,-0.20200135765135135f,0.04691412433884126f,-0.9782609654098086f,3.221281558146516f,0f,0f,0f,1f], start_interpolation: 0, interpolation_duration: 1 }
$data merge entity $(bone_head_left_fin1) { transformation: [-0.6682826049217221f,0.20056060655544727f,-0.7822077736013126f,0.46423759820432675f,0.24880785929016175f,1.0170769267425086f,0.0482117440945077f,3.9811722527076787f,0.768224060505565f,-0.15493600682636177f,-0.6960616529261019f,3.391355314431259f,0f,0f,0f,1f], start_interpolation: 0, interpolation_duration: 1 }
$data merge entity $(bone_head_right_fin1) { transformation: [-0.32287499805064895f,-0.06501939408282555f,0.9950876403875536f,-0.855062066544485f,-0.21954217762709705f,1.0249186460931423f,-0.004266047178080576f,4.02012690925366f,-0.9727426000241375f,-0.2097366093672628f,-0.329328994797875f,3.11912692228393f,0f,0f,0f,1f], start_interpolation: 0, interpolation_duration: 1 }
$data merge entity $(bone_right_whisker16) { transformation: [-0.06421151667650252f,-0.5030623527383958f,0.8618614450034376f,-1.006046283939055f,0.9724131650794672f,0.16253409667258065f,0.1673179721337849f,2.269633371138801f,-0.224253244137598f,0.8488291563537029f,0.4787478937996744f,1.6271643953416393f,0f,0f,0f,1f], start_interpolation: 0, interpolation_duration: 1 }
$data merge entity $(bone_right_whisker15) { transformation: [0.5777823146253193f,-0.19222575571250283f,0.7932319054015454f,-1.2007092708001244f,0.11571257898472259f,0.9813458947935024f,0.1535279578338904f,2.230648176070706f,-0.8079469017026513f,0.0030811706700147323f,0.5892472404826253f,1.8993730682785677f,0f,0f,0f,1f], start_interpolation: 0, interpolation_duration: 1 }
$data merge entity $(bone_right_whisker14) { transformation: [0.7490842560454205f,-0.0544899014107124f,0.660229981134703f,-1.4530862906591768f,-0.4500840173175013f,0.6894233857131162f,0.5675559642777117f,2.3822878108114653f,-0.4861040574817481f,-0.722306199527676f,0.4919111702570562f,2.063148361082477f,0f,0f,0f,1f], start_interpolation: 0, interpolation_duration: 1 }
$data merge entity $(bone_right_whisker13) { transformation: [0.36038000733571196f,-0.31886068474285073f,0.8766151459095565f,-1.5745033829744313f,-0.11002584063977078f,0.918671473190288f,0.37939035140327176f,2.419357063761388f,-0.9262939947469293f,-0.23317501596806378f,0.2959879173616198f,2.3752298339220186f,0f,0f,0f,1f], start_interpolation: 0, interpolation_duration: 1 }
$data merge entity $(bone_right_whisker12) { transformation: [-0.34384453672114934f,-0.17637381318928205f,0.9223140531229537f,-1.4200419699942275f,-0.5618387107813358f,0.8256377755153419f,-0.05157059927560087f,2.671745547120191f,-0.7524016199042798f,-0.5359240073584599f,-0.3829846742394074f,2.7132227491133944f,0f,0f,0f,1f], start_interpolation: 0, interpolation_duration: 1 }
$data merge entity $(bone_right_whisker11) { transformation: [-0.8352726120061094f,-0.09777142887670437f,0.5410733881165284f,-1.044821851319608f,-0.27335920711962375f,0.9276710428521238f,-0.2543642666267889f,2.7945436284434595f,-0.4770685564103154f,-0.3603708977554392f,-0.8015849353222131f,2.9275308896883407f,0f,0f,0f,1f], start_interpolation: 0, interpolation_duration: 1 }
$data merge entity $(bone_right_whisker10) { transformation: [-0.38498855904021523f,-0.4416124613944463f,0.8104086890879674f,-0.8718777720632612f,-0.6849603584056864f,0.7252289121839006f,0.06980209413269772f,3.102240664446014f,-0.6185572866120748f,-0.5282248184946399f,-0.5816918637091398f,3.2053984207836086f,0f,0f,0f,1f], start_interpolation: 0, interpolation_duration: 1 }
$data merge entity $(bone_right_whisker1) { transformation: [0.1288774269412465f,-0.4307765744618055f,0.8932089070984215f,-0.9297719286970243f,-0.884623663388907f,0.3571040516430014f,0.29986275272621354f,3.4996302007339994f,-0.4481423691165491f,-0.8287992755758813f,-0.3350525000764825f,3.406712375660183f,0f,0f,0f,1f], start_interpolation: 0, interpolation_duration: 1 }
$data merge entity $(bone_left_whisker16) { transformation: [-0.20258984258478857f,0.13465221821961193f,-0.9699619249279885f,1.0936535007539945f,-0.9645353829548097f,0.1437044457981019f,0.22140579776979538f,2.2076360204626284f,0.1692006226634225f,0.9804171624295441f,0.10076376781319596f,2.0604229730946404f,0f,0f,0f,1f], start_interpolation: 0, interpolation_duration: 1 }
$data merge entity $(bone_left_whisker15) { transformation: [0.20357125715201016f,0.2305373805842167f,-0.9515310081205544f,1.1622395200093103f,-0.13878342546701639f,0.9688630652932946f,0.20504516947766022f,2.16087793278087f,0.9691738255221256f,0.09031542982153964f,0.22922743958557673f,2.386951263919966f,0f,0f,0f,1f], start_interpolation: 0, interpolation_duration: 1 }
$data merge entity $(bone_left_whisker14) { transformation: [0.5199176134003485f,0.3746430720137085f,-0.767677174252444f,1.337407075305326f,0.4126144921585754f,0.676752475502973f,0.6097174491199335f,2.29989355758039f,0.7479538462611226f,-0.6337575683908866f,0.19727237102661832f,2.638947432826301f,0f,0f,0f,1f], start_interpolation: 0, interpolation_duration: 1 }
$data merge entity $(bone_left_whisker13) { transformation: [-0.029756693769022402f,0.4365188808805962f,-0.8992028724435264f,1.3273816267210363f,0.10026360240821879f,0.8963675551897352f,0.4318245199560852f,2.3336737751886276f,0.9945158365798221f,-0.07730764928471776f,-0.07043989036056125f,2.974013803548995f,0f,0f,0f,1f], start_interpolation: 0, interpolation_duration: 1 }
$data merge entity $(bone_left_whisker12) { transformation: [-0.580988398179275f,0.42037094795571256f,-0.6969510365125344f,1.0663907447264402f,0.5891460392860521f,0.8080178307543894f,-0.0037589328975473346f,2.5983292225241588f,0.5615687184794372f,-0.4127898391406779f,-0.7171088642093165f,3.22628100130343f,0f,0f,0f,1f], start_interpolation: 0, interpolation_duration: 1 }
$data merge entity $(bone_left_whisker11) { transformation: [-0.9389218774027178f,0.28465751481934815f,-0.19337995602292574f,0.6446094326119378f,0.32574543810820833f,0.9163791517427913f,-0.23267823233567345f,2.7446601810493307f,0.11097575269511512f,-0.28145932123139045f,-0.9531343204426739f,3.2761333902094387f,0f,0f,0f,1f], start_interpolation: 0, interpolation_duration: 1 }
$data merge entity $(bone_left_whisker10) { transformation: [-0.558802234518724f,0.6547928435595631f,-0.5089070590196827f,0.3935849913242299f,0.7128274512252296f,0.692855605928413f,0.10875722556830142f,3.064875637654414f,0.4238125617258456f,-0.30198914112390424f,-0.8539235745467056f,3.466517939422221f,0f,0f,0f,1f], start_interpolation: 0, interpolation_duration: 1 }
$data merge entity $(bone_left_whisker1) { transformation: [-0.009031803041263164f,0.7429032898366832f,-0.6693378283674525f,0.3895277360517875f,0.8810850093269796f,0.32244907731813f,0.34599970935820545f,3.460675544188018f,0.4728716875359528f,-0.5866185255227796f,-0.6574732486119723f,3.678940767807512f,0f,0f,0f,1f], start_interpolation: 0, interpolation_duration: 1 }
$data merge entity $(bone_upper_left_tooth1) { transformation: [-0.9789585918136111f,0.03743360170992993f,0.2005961140633934f,-0.14501129258362594f,0.028905484277597683f,0.9985562149741172f,-0.04527646756585985f,3.8387004165779794f,-0.20200135765135135f,-0.03852545910936242f,-0.9786272224434714f,4.516697379769653f,0f,0f,0f,1f], start_interpolation: 0, interpolation_duration: 1 }
$data merge entity $(bone_upper_right_tooth1) { transformation: [-0.9789585918136111f,0.03743360170992993f,0.2005961140633934f,-0.8046611249580318f,0.028905484277597683f,0.9985562149741172f,-0.04527646756585985f,3.85817774485097f,-0.20200135765135135f,-0.03852545910936242f,-0.9786272224434714f,4.380583183695988f,0f,0f,0f,1f], start_interpolation: 0, interpolation_duration: 1 }
$data merge entity $(bone_top_lip1) { transformation: [-0.9789585918136111f,0.1037839909787939f,0.17569564232167292f,-0.4427260814390816f,0.028905484277597683f,0.9228504427249298f,-0.3840723022310758f,3.9709843130230946f,-0.20200135765135135f,-0.37091231251997425f,-0.9064322963840686f,4.449552530552783f,0f,0f,0f,1f], start_interpolation: 0, interpolation_duration: 1 }
$data merge entity $(bone_muzzle1) { transformation: [-0.9789585918136111f,0.03743360170992993f,0.2005961140633934f,-0.3237807085080131f,0.028905484277597683f,0.9985562149741172f,-0.04527646756585985f,4.1137743308284325f,-0.20200135765135135f,-0.03852545910936242f,-0.9786272224434714f,3.893540524106141f,0f,0f,0f,1f], start_interpolation: 0, interpolation_duration: 1 }
$data merge entity $(bone_jaw_right_tooth1) { transformation: [-0.9789585918136111f,0.1576164992470379f,0.12960368312443935f,-0.805786237558902f,0.028905484277597683f,0.7358352872611328f,-0.6765433489437345f,3.894599184764714f,-0.20200135765135135f,-0.6585616669579507f,-0.7249082578647976f,4.391247557595356f,0f,0f,0f,1f], start_interpolation: 0, interpolation_duration: 1 }
$data merge entity $(bone_jaw_left_tooth1) { transformation: [-0.9789585918136111f,0.1576164992470379f,0.12960368312443935f,-0.09116558581996242f,0.028905484277597683f,0.7358352872611328f,-0.6765433489437345f,3.8734987458023076f,-0.20200135765135135f,-0.6585616669579507f,-0.7249082578647976f,4.5387046033418255f,0f,0f,0f,1f], start_interpolation: 0, interpolation_duration: 1 }
$data merge entity $(bone_tongue1) { transformation: [-0.9789585918136111f,0.08807617735580378f,0.18407243817774727f,-0.3012933654777442f,0.028905484277597683f,0.9528128249439475f,-0.3021790753857919f,3.6334468727019895f,-0.20200135765135135f,-0.2905000991475281f,-0.9353101859288645f,3.7158274835954264f,0f,0f,0f,1f], start_interpolation: 0, interpolation_duration: 1 }
$data merge entity $(bone_jaw_lips1) { transformation: [-0.9789585918136111f,0.08807617735580378f,0.18407243817774727f,-0.4230751683464126f,0.028905484277597683f,0.9528128249439475f,-0.3021790753857919f,3.780256968937584f,-0.20200135765135135f,-0.2905000991475281f,-0.9353101859288645f,4.605006175321726f,0f,0f,0f,1f], start_interpolation: 0, interpolation_duration: 1 }
$data merge entity $(bone_jaw3) { transformation: [-0.9789585918136111f,0.13271650706764462f,0.15500452982437457f,-0.2949918481665635f,0.028905484277597683f,0.8421368154914906f,-0.5384886785927154f,3.225526310199511f,-0.20200135765135135f,-0.5226776375029022f,-0.8282533059163697f,3.9048968951820155f,0f,0f,0f,1f], start_interpolation: 0, interpolation_duration: 1 }
$data merge entity $(bone_jaw1) { transformation: [-0.9789585918136111f,-0.015760012030523858f,0.2034494962763716f,-0.11220519135576082f,0.028905484277597683f,0.9762496491459697f,0.21471165669578507f,3.41843131426213f,-0.20200135765135135f,0.21607462730077484f,-0.9552524310065074f,3.0466622891996065f,0f,0f,0f,1f], start_interpolation: 0, interpolation_duration: 1 }
$data merge entity $(bone_tear_right1) { transformation: [-0.9789585918136111f,0.01980805224042129f,0.20309533864850848f,-0.9026681539627797f,0.028905484277597683f,0.9987025112634695f,0.04192573165392695f,4.19020848670554f,-0.20200135765135135f,0.04691412433884126f,-0.9782609654098086f,3.7077541104681697f,0f,0f,0f,1f], start_interpolation: 0, interpolation_duration: 1 }
$data merge entity $(bone_right_pupil1) { transformation: [-0.9789585918136111f,0.01980805224042129f,0.20309533864850848f,-0.7327253998799943f,0.028905484277597683f,0.9987025112634695f,0.04192573165392695f,4.294186131536323f,-0.20200135765135135f,0.04691412433884126f,-0.9782609654098086f,3.8163720930756773f,0f,0f,0f,1f], start_interpolation: 0, interpolation_duration: 1 }
$data merge entity $(bone_right_sad_pupil1) { transformation: [-0.9789585918136111f,0.01980805224042129f,0.20309533864850848f,-0.7304445440260317f,0.028905484277597683f,0.9987025112634695f,0.04192573165392695f,4.2946569771554834f,-0.20200135765135135f,0.04691412433884126f,-0.9782609654098086f,3.805385763874298f,0f,0f,0f,1f], start_interpolation: 0, interpolation_duration: 1 }
$data merge entity $(bone_right_happy_pupil1) { transformation: [-0.9789585918136111f,0.01980805224042129f,0.20309533864850848f,-0.758485729055747f,0.028905484277597683f,0.9987025112634695f,0.04192573165392695f,4.267429137662771f,-0.20200135765135135f,0.04691412433884126f,-0.9782609654098086f,3.798397259473594f,0f,0f,0f,1f], start_interpolation: 0, interpolation_duration: 1 }
$data merge entity $(bone_eyelid_right1) { transformation: [-0.9789585918136111f,0.01980805224042129f,0.20309533864850848f,-0.1942383589661622f,0.028905484277597683f,0.9987025112634695f,0.04192573165392695f,4.249621808700634f,-0.20200135765135135f,0.04691412433884126f,-0.9782609654098086f,3.3407749808435474f,0f,0f,0f,1f], start_interpolation: 0, interpolation_duration: 1 }
$data merge entity $(bone_eyelid_expressions_right5) { transformation: [-0.9789585918136111f,0.01980805224042129f,0.20309533864850848f,-0.8546525396343714f,0.028905484277597683f,0.9987025112634695f,0.04192573165392695f,4.410549094786141f,-0.20200135765135135f,0.04691412433884126f,-0.9782609654098086f,3.784565958294293f,0f,0f,0f,1f], start_interpolation: 0, interpolation_duration: 1 }
$data merge entity $(bone_eyelid_expressions_right7) { transformation: [-0.9789585918136111f,0.01980805224042129f,0.20309533864850848f,-0.5248276234471684f,0.028905484277597683f,0.9987025112634695f,0.04192573165392695f,4.400810430649646f,-0.20200135765135135f,0.04691412433884126f,-0.9782609654098086f,3.852623056331125f,0f,0f,0f,1f], start_interpolation: 0, interpolation_duration: 1 }
$data merge entity $(bone_eyelid_expressions_right6) { transformation: [-0.9789585918136111f,0.01980805224042129f,0.20309533864850848f,-0.6347692621762361f,0.028905484277597683f,0.9987025112634695f,0.04192573165392695f,4.404056652028477f,-0.20200135765135135f,0.04691412433884126f,-0.9782609654098086f,3.829937356985514f,0f,0f,0f,1f], start_interpolation: 0, interpolation_duration: 1 }
$data merge entity $(bone_right_eye1) { transformation: [-0.9789585918136111f,0.01980805224042129f,0.20309533864850848f,-0.2075133786930317f,0.028905484277597683f,0.9987025112634695f,0.04192573165392695f,4.249475585219357f,-0.20200135765135135f,0.04691412433884126f,-0.9782609654098086f,3.349492740110366f,0f,0f,0f,1f], start_interpolation: 0, interpolation_duration: 1 }
$data merge entity $(bone_tear_left1) { transformation: [-0.9789585918136111f,0.01980805224042129f,0.20309533864850848f,0.28470154431115086f,0.028905484277597683f,0.9987025112634695f,0.04192573165392695f,4.155149295814157f,-0.20200135765135135f,0.04691412433884126f,-0.9782609654098086f,3.952759663400766f,0f,0f,0f,1f], start_interpolation: 0, interpolation_duration: 1 }
$data merge entity $(bone_left_sad_pupil1) { transformation: [-0.9789585918136111f,0.01980805224042129f,0.20309533864850848f,0.09411774644197574f,0.028905484277597683f,0.9987025112634695f,0.04192573165392695f,4.270310316814245f,-0.20200135765135135f,0.04691412433884126f,-0.9782609654098086f,3.975528508966378f,0f,0f,0f,1f], start_interpolation: 0, interpolation_duration: 1 }
$data merge entity $(bone_left_pupil1) { transformation: [-0.9789585918136111f,0.01980805224042129f,0.20309533864850848f,0.09183689058801298f,0.028905484277597683f,0.9987025112634695f,0.04192573165392695f,4.269839471195085f,-0.20200135765135135f,0.04691412433884126f,-0.9782609654098086f,3.986514838167758f,0f,0f,0f,1f], start_interpolation: 0, interpolation_duration: 1 }
$data merge entity $(bone_eyelid_left1) { transformation: [-0.9789585918136111f,0.01980805224042129f,0.20309533864850848f,-0.21622668671197573f,0.028905484277597683f,0.9987025112634695f,0.04192573165392695f,4.250271052976401f,-0.20200135765135135f,0.04691412433884126f,-0.9782609654098086f,3.3362378409744253f,0f,0f,0f,1f], start_interpolation: 0, interpolation_duration: 1 }
$data merge entity $(bone_left_happy_pupil1) { transformation: [-0.9789585918136111f,0.01980805224042129f,0.20309533864850848f,0.12104738077679417f,0.028905484277597683f,0.9987025112634695f,0.04192573165392695f,4.2414593666321165f,-0.20200135765135135f,0.04691412433884126f,-0.9782609654098086f,3.97988285423848f,0f,0f,0f,1f], start_interpolation: 0, interpolation_duration: 1 }
$data merge entity $(bone_eyelid_expressions_left5) { transformation: [-0.9789585918136111f,0.01980805224042129f,0.20309533864850848f,0.22277551991049166f,0.028905484277597683f,0.9987025112634695f,0.04192573165392695f,4.37873612527359f,-0.20200135765135135f,0.04691412433884126f,-0.9782609654098086f,4.006885811881278f,0f,0f,0f,1f], start_interpolation: 0, interpolation_duration: 1 }
$data merge entity $(bone_eyelid_expressions_left7) { transformation: [-0.9789585918136111f,0.01980805224042129f,0.20309533864850848f,-0.10704939627671131f,0.028905484277597683f,0.9987025112634695f,0.04192573165392695f,4.388474789410084f,-0.20200135765135135f,0.04691412433884126f,-0.9782609654098086f,3.938828713844446f,0f,0f,0f,1f], start_interpolation: 0, interpolation_duration: 1 }
$data merge entity $(bone_eyelid_expressions_left6) { transformation: [-0.9789585918136111f,0.01980805224042129f,0.20309533864850848f,0.002892242452356364f,0.028905484277597683f,0.9987025112634695f,0.04192573165392695f,4.385228568031253f,-0.20200135765135135f,0.04691412433884126f,-0.9782609654098086f,3.961514413190057f,0f,0f,0f,1f], start_interpolation: 0, interpolation_duration: 1 }
$data merge entity $(bone_left_eye1) { transformation: [-0.9789585918136111f,0.01980805224042129f,0.20309533864850848f,-0.2075133786930317f,0.028905484277597683f,0.9987025112634695f,0.04192573165392695f,4.249475585219357f,-0.20200135765135135f,0.04691412433884126f,-0.9782609654098086f,3.349492740110366f,0f,0f,0f,1f], start_interpolation: 0, interpolation_duration: 1 }
$data merge entity $(bone_crest_middle5) { transformation: [-0.9789585918136111f,0.06329639900085779f,0.19399392100742696f,-0.2768913314865055f,0.028905484277597683f,0.984103663220424f,-0.1752268615675685f,5.613392421314856f,-0.20200135765135135f,-0.16593235341447596f,-0.9652263494110304f,3.880889265754466f,0f,0f,0f,1f], start_interpolation: 0, interpolation_duration: 1 }
$data merge entity $(bone_crest_middle4) { transformation: [-0.9789585918136111f,0.06329639900085779f,0.19399392100742696f,-0.3195422253445054f,0.028905484277597683f,0.984103663220424f,-0.1752268615675685f,4.950275695121406f,-0.20200135765135135f,-0.16593235341447596f,-0.9652263494110304f,3.9926991523325794f,0f,0f,0f,1f], start_interpolation: 0, interpolation_duration: 1 }
$data merge entity $(bone_crest_middle1) { transformation: [-0.9789585918136111f,0.06329639900085779f,0.19399392100742696f,-0.36787028546129974f,0.028905484277597683f,0.984103663220424f,-0.1752268615675685f,4.467697311895936f,-0.20200135765135135f,-0.16593235341447596f,-0.9652263494110304f,4.157856496797413f,0f,0f,0f,1f], start_interpolation: 0, interpolation_duration: 1 }
$data merge entity $(bone_crest_left5) { transformation: [-0.5427000097869974f,-0.78152072333408f,0.3077369954629591f,-1.3909306114893294f,-0.8267662495300289f,0.5616542413111255f,-0.031655676509500824f,5.000709825872184f,-0.14810222150677857f,-0.27160609753207043f,-0.9509447196173689f,3.724375545686394f,0f,0f,0f,1f], start_interpolation: 0, interpolation_duration: 1 }
$data merge entity $(bone_crest_left4) { transformation: [-0.5427000097869974f,-0.78152072333408f,0.3077369954629591f,-0.9520884084452903f,-0.8267662495300289f,0.5616542413111255f,-0.031655676509500824f,4.685327805604706f,-0.14810222150677857f,-0.27160609753207043f,-0.9509447196173689f,3.8768887352185626f,0f,0f,0f,1f], start_interpolation: 0, interpolation_duration: 1 }
$data merge entity $(bone_crest_left1) { transformation: [-0.5427000097869974f,-0.78152072333408f,0.3077369954629591f,-0.45208183154301984f,-0.8267662495300289f,0.5616542413111255f,-0.031655676509500824f,4.33663004288148f,-0.14810222150677857f,-0.27160609753207043f,-0.9509447196173689f,3.991255468920746f,0f,0f,0f,1f], start_interpolation: 0, interpolation_duration: 1 }
$data merge entity $(bone_crest_center1) { transformation: [-0.9789585918136111f,0.01980805224042129f,0.20309533864850848f,-0.34269631997464445f,0.028905484277597683f,0.9987025112634695f,0.04192573165392695f,4.305344437053136f,-0.20200135765135135f,0.04691412433884126f,-0.9782609654098086f,4.012624016107818f,0f,0f,0f,1f], start_interpolation: 0, interpolation_duration: 1 }
$data merge entity $(bone_crest_right5) { transformation: [-0.5092881261514253f,0.8556428609154256f,0.09220032063737868f,0.7715975749373092f,0.8578280602928859f,0.5133140902157566f,-0.025291574884043405f,4.93685735548647f,-0.06896827919641693f,0.06621132343063166f,-0.9954192268156413f,4.1705983310732835f,0f,0f,0f,1f], start_interpolation: 0, interpolation_duration: 1 }
$data merge entity $(bone_crest_right4) { transformation: [-0.5092881261514253f,0.8556428609154256f,0.09220032063737868f,0.291134054403745f,0.8578280602928859f,0.5133140902157566f,-0.025291574884043405f,4.648619463031333f,-0.06896827919641693f,0.06621132343063166f,-0.9954192268156413f,4.133419121139091f,0f,0f,0f,1f], start_interpolation: 0, interpolation_duration: 1 }
$data merge entity $(bone_crest_right1) { transformation: [-0.5092881261514253f,0.8556428609154256f,0.09220032063737868f,-0.2321985540848845f,0.8578280602928859f,0.5133140902157566f,-0.025291574884043405f,4.330137600123816f,-0.06896827919641693f,0.06621132343063166f,-0.9954192268156413f,4.036626867611968f,0f,0f,0f,1f], start_interpolation: 0, interpolation_duration: 1 }
$data merge entity $(bone_head1) { transformation: [-1.0261219614712975f,0.020762346423879075f,0.2128798797031891f,-0.08317857528350306f,0.03029806620242985f,1.0468170853738186f,0.043945591121629136f,4.21929260755672f,-0.21173319389236686f,0.04917431001662396f,-1.0253907254621035f,2.7426102959978786f,0f,0f,0f,1f], start_interpolation: 0, interpolation_duration: 1 }
$data merge entity $(bone_neck10) { transformation: [-1.4938476365677067f,0.06819862761366031f,0.07721701623812038f,-0.04862103949794037f,0.06184648971208956f,1.4912498823762057f,-0.12059470016245563f,3.6859939189781086f,-0.08239254890702957f,-0.11711967037433786f,-1.490533036326279f,1.7157414087277059f,0f,0f,0f,1f], start_interpolation: 0, interpolation_duration: 1 }
$data merge entity $(bone_neck9) { transformation: [-1.1427934419742962f,-0.015103918074342087f,0.07735094787965473f,-0.029855295164270018f,0.047312564629748546f,0.7676695574637937f,0.8489011251435798f,2.840144423277335f,-0.06303029991387767f,0.8500843903405608f,-0.765226671706247f,0.7405805959971463f,0f,0f,0f,1f], start_interpolation: 0, interpolation_duration: 1 }
$data merge entity $(bone_neck8) { transformation: [-1.060631821963072f,-0.03218733809024023f,0.06568295747663873f,0.005914548912730128f,0.04391100769558359f,0.4833290537152335f,0.9459148939702842f,2.405073800392521f,-0.058498709723991f,0.9463863579417868f,-0.48085434370423114f,-0.23453534473867266f,0f,0f,0f,1f], start_interpolation: 0, interpolation_duration: 1 }
$data merge entity $(bone_neck7) { transformation: [-1.0541663710427567f,0.007995444264002295f,0.05564124268535188f,-0.0021659532689743202f,0.05601107146316848f,0.23784036452713245f,1.026996267631559f,2.164703219221483f,-0.0047576139079189604f,1.0284914422233302f,-0.23792715531708705f,-1.2739681852835276f,0f,0f,0f,1f], start_interpolation: 0, interpolation_duration: 1 }
$data merge entity $(bone_neck6) { transformation: [-1.0485848919177398f,0.03520293880710247f,0.03235722106451555f,-0.03400951687274957f,0.028804314354006207f,-0.10190856450438862f,1.0443186621759963f,2.2738263834222963f,0.03816474983895638f,1.0441225549684343f,0.10083677052410794f,-2.231236286839186f,0f,0f,0f,1f], start_interpolation: 0, interpolation_duration: 1 }
$data merge entity $(bone_neck_spine6) { transformation: [-1.2508406346805103f,0.2351720920236395f,-0.00878420639517691f,-0.5637236873045177f,-0.0580966480705842f,-0.262537838684409f,1.2440594966715184f,4.571926123691244f,0.2280523067888832f,1.2230099504537375f,0.2687455580584078f,-5.3070117371334655f,0f,0f,0f,1f], start_interpolation: 0, interpolation_duration: 1 }
$data merge entity $(bone_neck_spine7) { transformation: [-0.999055996670408f,0.02851582317713837f,-0.03277137997442231f,-1.1398479130033612f,-0.024583116862679288f,0.2508557070453109f,0.9677122943355184f,5.07641132177516f,0.035816000365948814f,0.9676043933712409f,-0.24991789060901387f,-8.947517077628317f,0f,0f,0f,1f], start_interpolation: 0, interpolation_duration: 1 }
$data merge entity $(bone_tail6) { transformation: [-1.6304012840696012f,-0.5536554610481484f,0.023647851549048457f,-0.14841307463303205f,-0.09944098093834278f,0.3645908327353767f,1.6800258788252256f,4.513342963689433f,-0.5451651875728527f,1.5892894930326615f,-0.3771680833816264f,-12.663810213153518f,0f,0f,0f,1f], start_interpolation: 0, interpolation_duration: 1 }
$data merge entity $(bone_tail5) { transformation: [-1.3468532346661923f,-0.45381136262760496f,-0.06018264400246254f,-0.4350307773452036f,-0.08214689729689185f,0.05561089055696341f,1.419062949743876f,4.54846563140962f,-0.45035385060366095f,1.3470497448948846f,-0.07885894524350122f,-11.813041953219907f,0f,0f,0f,1f], start_interpolation: 0, interpolation_duration: 1 }
$data merge entity $(bone_tail4) { transformation: [-0.9983660939440302f,-0.31666347513004695f,-0.04079931380153349f,-0.5707436952580809f,-0.040806175082941945f,-0.0062912650163504166f,1.047363582565657f,4.545769374974041f,-0.31666259103849653f,0.9991795942313022f,-0.006335608394595273f,-11.384822127120778f,0f,0f,0f,1f], start_interpolation: 0, interpolation_duration: 1 }
$data merge entity $(bone_segment18) { transformation: [-0.9048967689414035f,-0.4238475606371338f,-0.038924065837984745f,-0.8087440344830339f,-0.037814123550024864f,-0.011032216987485115f,0.9992238899508381f,4.539574526567983f,-0.42394802702637024f,0.9056663489002407f,-0.006044406518073503f,-10.87626924565824f,0f,0f,0f,1f], start_interpolation: 0, interpolation_duration: 1 }
$data merge entity $(bone_segment17) { transformation: [-0.959404789104055f,-0.28104407345167187f,-0.023594054799785064f,-1.013900718960695f,-0.03352009579361176f,0.030563081296751254f,0.9989706208090583f,4.56188497897943f,-0.28003366551575737f,0.9592080727555099f,-0.03874299083020664f,-10.176066087079388f,0f,0f,0f,1f], start_interpolation: 0, interpolation_duration: 1 }
$data merge entity $(bone_segment16) { transformation: [-0.9912766838005542f,-0.13111124178762829f,-0.013430503724075145f,-1.1390581787726157f,-0.02289788406576393f,0.07097050685485082f,0.997215560479316f,4.62963270402886f,-0.12979300080777523f,0.988824063943466f,-0.07335357869689248f,-9.232144678383353f,0f,0f,0f,1f], start_interpolation: 0, interpolation_duration: 1 }
$data merge entity $(bone_segment15) { transformation: [-0.999055996670408f,0.0360260273363622f,-0.024274284155407614f,-1.0965763154829113f,-0.024583116862679288f,-0.008154365846817946f,0.9996645320721107f,4.6200170821928905f,0.035816000365948814f,0.9993175829895098f,0.009032300138415716f,-8.053750165238984f,0f,0f,0f,1f], start_interpolation: 0, interpolation_duration: 1 }
$data merge entity $(bone_segment14) { transformation: [-1.024895621166335f,0.2189111541503575f,-0.01849514335719091f,-0.8503012670637591f,-0.05775532187731835f,-0.18334275286064797f,1.030400386157487f,4.413756485224662f,0.21196340847913342f,1.0085328649018879f,0.1913326211179637f,-6.919150692224361f,0f,0f,0f,1f], start_interpolation: 0, interpolation_duration: 1 }
$data merge entity $(bone_segment13) { transformation: [-1.0080303938307642f,0.1878710502948012f,0.02593849258747832f,-0.6247431999361182f,-0.04681906344511785f,-0.3824540058807996f,0.9505948245740868f,3.927117098845587f,0.1837833295886882f,0.9330203715193174f,0.3844350217116516f,-5.805962747537136f,0f,0f,0f,1f], start_interpolation: 0, interpolation_duration: 1 }
$data merge entity $(bone_segment12) { transformation: [-1.0866492523372286f,0.24776785545035399f,0.047732309729895804f,-0.32542632757998574f,-0.07302012612016469f,-0.5107897809254777f,0.9890580074369621f,3.310055618532929f,0.24152710979932138f,0.9603013957603681f,0.5137701487283508f,-4.645867101652128f,0f,0f,0f,1f], start_interpolation: 0, interpolation_duration: 1 }
$data merge entity $(bone_segment11) { transformation: [-1.1718657587812535f,0.20436432939403792f,0.045702353863984815f,-0.08925050785896503f,-0.05041304023443041f,-0.5274699490998925f,1.0660003841707684f,2.7004793388746724f,0.20325355999761827f,1.047441413420927f,0.5278989644623416f,-3.4353802463484593f,0f,0f,0f,1f], start_interpolation: 0, interpolation_duration: 1 }
$data merge entity $(bone_segment10) { transformation: [-1.0470758333434975f,0.045512034925921825f,0.015363981583409951f,-0.03157668524455669f,3.6365947868784625e-18f,-0.3352565353803017f,0.9931154280897915f,2.2921263999778194f,0.048035375018768076f,0.9920720277212092f,0.33490430362285306f,-2.1782053861024027f,0f,0f,0f,1f], start_interpolation: 0, interpolation_duration: 1 }