# This file was generated by Animated Java via MC-Build. It is not recommended to edit this file directly.
$data merge entity $(bone_neck_spine5) { transformation: [-1.5713776831072899f,0.05250618687833707f,-0.005871365131287607f,0.23795462122486788f,0.04089431295246166f,1.3193777650160121f,0.8541599170566022f,3.4624170509914816f,0.03345187225184686f,0.8535248145645754f,-1.3199983176966539f,0.3183369144284832f,0f,0f,0f,1f], start_interpolation: 0, interpolation_duration: 1 }
$data merge entity $(bone_neck_spine2) { transformation: [-1.4965501743878946f,0.03140552256834718f,-0.039313488471500915f,0.20192523986518376f,0.03894696471663014f,1.4637364134838429f,-0.3132939952582008f,4.86297125643234f,0.031858925954139854f,-0.31413959743670167f,-1.4637266151311805f,2.192143301758642f,0f,0f,0f,1f], start_interpolation: 0, interpolation_duration: 1 }
$data merge entity $(bone_scale_neck_left1) { transformation: [-1.5797864952830625f,0.4618958402883321f,0.06310263768866484f,0.9678150020341336f,0.4661861518746535f,1.5654504150627206f,0.21234535694931356f,3.9539850431638373f,-0.00042656679877940625f,0.2215227111200213f,-1.6321711268541894f,2.3315928624311333f,0f,0f,0f,1f], start_interpolation: 0, interpolation_duration: 1 }
$data merge entity $(bone_scale_neck_right1) { transformation: [-1.600437725030025f,-0.3700435860830673f,-0.12133389278010351f,-0.6035626810731556f,-0.3834224179088567f,1.5871012197198466f,0.21714522478372333f,3.994879356116299f,0.06812795742803592f,0.23923324100181206f,-1.6282447969068181f,2.36504473468298f,0f,0f,0f,1f], start_interpolation: 0, interpolation_duration: 1 }
$data merge entity $(bone_blush_right1) { transformation: [-0.992766653211915f,0.008207497805280397f,0.11977900170810177f,-0.584720831803201f,0.014514416306899652f,0.9985479684939657f,0.051877609195531846f,3.796560518169916f,-0.11917929346024467f,0.05324088275330004f,-0.991444251793295f,3.652141644100648f,0f,0f,0f,1f], start_interpolation: 0, interpolation_duration: 1 }
$data merge entity $(bone_blush_left1) { transformation: [-0.992766653211915f,0.008207497805280397f,0.11977900170810177f,0.7308888834395418f,0.014514416306899652f,0.9985479684939657f,0.051877609195531846f,3.7773260817163385f,-0.11917929346024467f,0.05324088275330004f,-0.991444251793295f,3.8100774851412256f,0f,0f,0f,1f], start_interpolation: 0, interpolation_duration: 1 }
$data merge entity $(bone_left_head_scales) { transformation: [-0.9359025641504483f,0.008207497805280397f,-0.35216335328422865f,0.7951105331552598f,-0.011079969602507244f,0.9985479684939657f,0.05271801295744975f,4.526474937539494f,0.3520846839756363f,0.05324088275330004f,-0.9344526653145283f,3.4605772999713853f,0f,0f,0f,1f], start_interpolation: 0, interpolation_duration: 1 }
$data merge entity $(bone_left_head_scales2) { transformation: [-0.8819292464298996f,0.008207497805280397f,-0.47131034496535884f,0.7675589943119927f,-0.017866260419327082f,0.9985479684939657f,0.05082077680637233f,3.62060284906227f,0.47104309890945023f,0.05324088275330004f,-0.8805020200848102f,3.579759449679693f,0f,0f,0f,1f], start_interpolation: 0, interpolation_duration: 1 }
$data merge entity $(bone_left_head_scales1) { transformation: [-0.992766653211915f,0.008207497805280397f,0.11977900170810177f,0.7941887926790808f,0.014514416306899652f,0.9985479684939657f,0.051877609195531846f,4.41433331998402f,-0.11917929346024467f,0.05324088275330004f,-0.991444251793295f,3.4545980992715517f,0f,0f,0f,1f], start_interpolation: 0, interpolation_duration: 1 }
$data merge entity $(bone_right_head_scales) { transformation: [-0.8252869882836628f,0.008207497805280397f,0.5646538974889466f,-0.5427976518373602f,0.036828858605464504f,0.9985479684939657f,0.039313989754196005f,4.54603538139059f,-0.5635113327551632f,0.05324088275330004f,-0.8243909183513302f,3.299964580269102f,0f,0f,0f,1f], start_interpolation: 0, interpolation_duration: 1 }
$data merge entity $(bone_right_head_scales2) { transformation: [-0.7445244205310619f,0.008207497805280397f,0.6675447731895312f,-0.5703491906806273f,0.04164528799824374f,0.9985479684939657f,0.0341705224443183f,3.640163292913366f,-0.6662950226592044f,0.05324088275330004f,-0.7437851512252849f,3.41914672997741f,0f,0f,0f,1f], start_interpolation: 0, interpolation_duration: 1 }
$data merge entity $(bone_right_head_scales1) { transformation: [-0.992766653211915f,0.008207497805280397f,0.11977900170810177f,-0.5437193923135392f,0.014514416306899652f,0.9985479684939657f,0.051877609195531846f,4.4338937638351155f,-0.11917929346024467f,0.05324088275330004f,-0.991444251793295f,3.2939853795692686f,0f,0f,0f,1f], start_interpolation: 0, interpolation_duration: 1 }
$data merge entity $(bone_head_left_fin1) { transformation: [-0.6053665612075927f,0.17111393102239691f,-0.8384071488286166f,0.8008210333143183f,0.23275475677987234f,1.0212106409189379f,0.04036394548911167f,3.9981721683773634f,0.8234268320823717f,-0.16286205054943886f,-0.6277892980314299f,3.3486685944274086f,0f,0f,0f,1f], start_interpolation: 0, interpolation_duration: 1 }
$data merge entity $(bone_head_right_fin1) { transformation: [-0.39977116835203663f,-0.09821203495663787f,0.9639567454866931f,-0.5370871516783017f,-0.21805947324531735f,1.025148232073748f,0.01401308064692489f,4.017732612228459f,-0.9440912440583251f,-0.1951939970668121f,-0.4114197666941382f,3.1880558747251255f,0f,0f,0f,1f], start_interpolation: 0, interpolation_duration: 1 }
$data merge entity $(bone_right_whisker16) { transformation: [-0.09781019741423955f,-0.4326606143472168f,0.8962354367433129f,-0.7853811799893509f,0.972763033103053f,0.14860430337313776f,0.17790121541780837f,2.2752739466442566f,-0.2101552918913454f,0.8892252548211137f,0.4063412352670963f,1.6997132001640045f,0f,0f,0f,1f], start_interpolation: 0, interpolation_duration: 1 }
$data merge entity $(bone_right_whisker15) { transformation: [0.5062263545008383f,-0.20645827635685282f,0.8373230309340293f,-0.9559359576287935f,0.1305237837250875f,0.9780785442062981f,0.16225259087415328f,2.231298648416566f,-0.8524660813726719f,0.027154032611129475f,0.5220768512604973f,1.9869210107827269f,0f,0f,0f,1f], start_interpolation: 0, interpolation_duration: 1 }
$data merge entity $(bone_right_whisker14) { transformation: [0.7126175127583476f,-0.12545586901600084f,0.6902442360784671f,-1.1960268188608536f,-0.4346271877970316f,0.6933777293633855f,0.5747404040525773f,2.377730659930214f,-0.5507045379672758f,-0.7095689884375698f,0.43958658135790907f,2.172461113906467f,0f,0f,0f,1f], start_interpolation: 0, interpolation_duration: 1 }
$data merge entity $(bone_right_whisker13) { transformation: [0.283196294888191f,-0.3514495173794907f,0.8923469590329336f,-1.291439633056582f,-0.09787264963400161f,0.9149890794782248f,0.3914280634921452f,2.410705331926045f,-0.9540549266238403f,-0.19818733856963217f,0.2247242216928677f,2.4938956350834447f,0f,0f,0f,1f], start_interpolation: 0, interpolation_duration: 1 }
$data merge entity $(bone_right_whisker12) { transformation: [-0.39691295512318314f,-0.23339568021499896f,0.8876860720504519f,-1.1131388914973397f,-0.5621475497307411f,0.8263340931349001f,-0.03408957105401214f,2.6632325515316513f,-0.7255689067119029f,-0.5125411427191973f,-0.4591855165758102f,2.819834792395432f,0f,0f,0f,1f], start_interpolation: 0, interpolation_duration: 1 }
$data merge entity $(bone_right_whisker11) { transformation: [-0.8679612899081182f,-0.14195553795664326f,0.47591157210607493f,-0.7232344057964271f,-0.28350944701839004f,0.9284177002446847f,-0.24013114609250044f,2.790590310934444f,-0.40775678127084825f,-0.3433499659470074f,-0.8460763607451911f,3.003006783981946f,0f,0f,0f,1f], start_interpolation: 0, interpolation_duration: 1 }
$data merge entity $(bone_right_whisker10) { transformation: [-0.42479235884754857f,-0.49547169463088986f,0.7576669794073976f,-0.53240971334538f,-0.6868279595303679f,0.7216159368218575f,0.08682046839348762f,3.0991263083797262f,-0.5897616517476252f,-0.48350619390480154f,-0.646840749012928f,3.2679387759779495f,0f,0f,0f,1f], start_interpolation: 0, interpolation_duration: 1 }
$data merge entity $(bone_right_whisker1) { transformation: [0.10456914176098457f,-0.5041505940048953f,0.8572616130189679f,-0.5793841324958223f,-0.8793490962797973f,0.35577661428828755f,0.31649355064118945f,3.4941464102241664f,-0.46455404579367865f,-0.7869276836470265f,-0.40612111401237244f,3.4766251637368284f,0f,0f,0f,1f], start_interpolation: 0, interpolation_duration: 1 }
$data merge entity $(bone_left_whisker16) { transformation: [-0.17275435426462477f,0.21404882322110172f,-0.9614255220037974f,1.3439345494305694f,-0.9688073336159164f,0.13914930206331455f,0.20506053269049931f,2.244142990698426f,0.17767465608417965f,0.9668611963528972f,0.1833334218641388f,1.9553325275910722f,0f,0f,0f,1f], start_interpolation: 0, interpolation_duration: 1 }
$data merge entity $(bone_left_whisker15) { transformation: [0.28614809005201647f,0.22226786939883708f,-0.9320494969648794f,1.4403418649266102f,-0.14210843206312296f,0.9718104954749893f,0.18812111636181822f,2.196264661536534f,0.9475887631753265f,0.07862159447351452f,0.30966785559095156f,2.274588507371822f,0f,0f,0f,1f], start_interpolation: 0, interpolation_duration: 1 }
$data merge entity $(bone_left_whisker14) { transformation: [0.5742834342116379f,0.3097299594470625f,-0.7578033316177809f,1.6338260297733043f,0.4158124783891013f,0.6870152389788221f,0.5959111042989427f,2.3363577328687994f,0.7051939591389037f,-0.6573259569131538f,0.2657518887274481f,2.512178268995769f,0f,0f,0f,1f], start_interpolation: 0, interpolation_duration: 1 }
$data merge entity $(bone_left_whisker13) { transformation: [0.05209041001253023f,0.41458456163029833f,-0.908518701206827f,1.6513760214279165f,0.09297070132484665f,0.9037895317375261f,0.4177570238988564f,2.3676808695456275f,0.9943053041595894f,-0.10622675547844312f,0.008534549820017279f,2.847173708385474f,0f,0f,0f,1f], start_interpolation: 0, interpolation_duration: 1 }
$data merge entity $(bone_left_whisker12) { transformation: [-0.5409646070526614f,0.3717660746311707f,-0.7544185043261402f,1.4083645768534787f,0.5758594782471542f,0.8174865259705179f,-0.010081724533499203f,2.626367744539466f,0.6129789190741188f,-0.43989290243192714f,-0.6563162950595853f,3.122535332188301f,0f,0f,0f,1f], start_interpolation: 0, interpolation_duration: 1 }
$data merge entity $(bone_left_whisker11) { transformation: [-0.9312579417596276f,0.24586750757293097f,-0.26890112426224033f,0.9900260483286458f,0.3098143363610335f,0.9227476617537519f,-0.22924185855370305f,2.765542153451649f,0.19176475926195197f,-0.296792724721915f,-0.9354893669397573f,3.208679657638006f,0f,0f,0f,1f], start_interpolation: 0, interpolation_duration: 1 }
$data merge entity $(bone_left_whisker10) { transformation: [-0.5323104596873123f,0.6163982396698873f,-0.5802575157973799f,0.7509022090159861f,0.700820964544968f,0.7053602104098605f,0.10638115070264198f,3.0803640711183338f,0.4748637174619085f,-0.3500288326729982f,-0.807455426717683f,3.4219973432165975f,0f,0f,0f,1f], start_interpolation: 0, interpolation_duration: 1 }
$data merge entity $(bone_left_whisker1) { transformation: [0.016966886357284716f,0.6860838454959653f,-0.7273246054663678f,0.7585240524967977f,0.8775722190018503f,0.3383751855619771f,0.33966046904528957f,3.474585966373071f,0.47914415910402963f,-0.6440428485321192f,-0.5963469493936617f,3.637237883439111f,0f,0f,0f,1f], start_interpolation: 0, interpolation_duration: 1 }
$data merge entity $(bone_upper_left_tooth1) { transformation: [-0.992766653211915f,0.018615693657662597f,0.11860787587701413f,0.29023849520819944f,0.014514416306899652f,0.9992696235653812f,-0.03534899063299234f,3.838216771521602f,-0.11917929346024467f,-0.03337177503737911f,-0.9923117557709229f,4.519820566561866f,0f,0f,0f,1f], start_interpolation: 0, interpolation_duration: 1 }
$data merge entity $(bone_upper_right_tooth1) { transformation: [-0.992766653211915f,0.018615693657662597f,0.11860787587701413f,-0.37871559728811044f,0.014514416306899652f,0.9992696235653812f,-0.03534899063299234f,3.847996993447149f,-0.11917929346024467f,-0.03337177503737911f,-0.9923117557709229f,4.439514206710725f,0f,0f,0f,1f], start_interpolation: 0, interpolation_duration: 1 }
$data merge entity $(bone_top_lip1) { transformation: [-0.992766653211915f,0.058059312667926063f,0.10508800351582064f,-0.014065414452391817f,0.014514416306899652f,0.9269162245971875f,-0.37498752552287173f,3.966144297104387f,-0.11917929346024467f,-0.37074981967766946f,-0.9210542151357285f,4.478890940349903f,0f,0f,0f,1f], start_interpolation: 0, interpolation_duration: 1 }
$data merge entity $(bone_muzzle1) { transformation: [-0.992766653211915f,0.018615693657662597f,0.11860787587701413f,0.055671632212871774f,0.014514416306899652f,0.9992696235653812f,-0.03534899063299234f,4.114629004576123f,-0.11917929346024467f,-0.03337177503737911f,-0.9923117557709229f,3.9160629220274137f,0f,0f,0f,1f], start_interpolation: 0, interpolation_duration: 1 }
$data merge entity $(bone_jaw_right_tooth1) { transformation: [-0.992766653211915f,0.09050012170624129f,0.07889296699686632f,-0.3795072003084524f,0.014514416306899652f,0.7427630491160402f,-0.669397030608228f,3.8843218371685735f,-0.11917929346024467f,-0.6634099643802455f,-0.7387039428426779f,4.450532152421832f,0f,0f,0f,1f], start_interpolation: 0, interpolation_duration: 1 }
$data merge entity $(bone_jaw_left_tooth1) { transformation: [-0.992766653211915f,0.09050012170624129f,0.07889296699686632f,0.34519306656255f,0.014514416306899652f,0.7427630491160402f,-0.669397030608228f,3.87372659674923f,-0.11917929346024467f,-0.6634099643802455f,-0.7387039428426779f,4.537530708927235f,0f,0f,0f,1f], start_interpolation: 0, interpolation_duration: 1 }
$data merge entity $(bone_tongue1) { transformation: [-0.992766653211915f,0.048679356454349024f,0.10974831445449881f,0.07062815629475208f,0.014514416306899652f,0.9560713448269881f,-0.2927745127568051f,3.635952071383899f,-0.11917929346024467f,-0.28906384045034944f,-0.9498623016808342f,3.733178345281838f,0f,0f,0f,1f], start_interpolation: 0, interpolation_duration: 1 }
$data merge entity $(bone_jaw_lips1) { transformation: [-0.992766653211915f,0.048679356454349024f,0.10974831445449881f,0.021485388994421817f,0.014514416306899652f,0.9560713448269881f,-0.2927745127568051f,3.77470001013341f,-0.11917929346024467f,-0.28906384045034944f,-0.9498623016808342f,4.630595057629881f,0f,0f,0f,1f], start_interpolation: 0, interpolation_duration: 1 }
$data merge entity $(bone_jaw3) { transformation: [-0.992766653211915f,0.07542560155511173f,0.09340958676957442f,0.09905505104252595f,0.014514416306899652f,0.8477183839212371f,-0.5302479356690002f,3.226903014636289f,-0.11917929346024467f,-0.5250566828372112f,-0.8426813014528691f,3.917723509562429f,0f,0f,0f,1f], start_interpolation: 0, interpolation_duration: 1 }
$data merge entity $(bone_jaw1) { transformation: [-0.992766653211915f,-0.012716597897905193f,0.1193845065672934f,0.20631456866157863f,0.014514416306899652f,0.9743693288289261f,0.22448550678548967f,3.4285892121388777f,-0.11917929346024467f,0.22459452169492272f,-0.9671368035779353f,3.048811537597878f,0f,0f,0f,1f], start_interpolation: 0, interpolation_duration: 1 }
$data merge entity $(bone_tear_right1) { transformation: [-0.992766653211915f,0.008207497805280397f,0.11977900170810177f,-0.5378551347821835f,0.014514416306899652f,0.9985479684939657f,0.051877609195531846f,4.182997672300225f,-0.11917929346024467f,0.05324088275330004f,-0.991444251793295f,3.7799704963885126f,0f,0f,0f,1f], start_interpolation: 0, interpolation_duration: 1 }
$data merge entity $(bone_right_pupil1) { transformation: [-0.992766653211915f,0.008207497805280397f,0.11977900170810177f,-0.3610424216585695f,0.014514416306899652f,0.9985479684939657f,0.051877609195531846f,4.288954074828921f,-0.11917929346024467f,0.05324088275330004f,-0.991444251793295f,3.874840205340142f,0f,0f,0f,1f], start_interpolation: 0, interpolation_duration: 1 }
$data merge entity $(bone_right_sad_pupil1) { transformation: [-0.992766653211915f,0.008207497805280397f,0.11977900170810177f,-0.3596972473229805f,0.014514416306899652f,0.9985479684939657f,0.051877609195531846f,4.289536684697817f,-0.11917929346024467f,0.05324088275330004f,-0.991444251793295f,3.86370582165301f,0f,0f,0f,1f], start_interpolation: 0, interpolation_duration: 1 }
$data merge entity $(bone_right_happy_pupil1) { transformation: [-0.992766653211915f,0.008207497805280397f,0.11977900170810177f,-0.3878004099042859f,0.014514416306899652f,0.9985479684939657f,0.051877609195531846f,4.261909143192904f,-0.11917929346024467f,0.05324088275330004f,-0.991444251793295f,3.8588649851144217f,0f,0f,0f,1f], start_interpolation: 0, interpolation_duration: 1 }
$data merge entity $(bone_eyelid_right1) { transformation: [-0.992766653211915f,0.008207497805280397f,0.11977900170810177f,0.13634649867902998f,0.014514416306899652f,0.9985479684939657f,0.051877609195531846f,4.256320721746492f,-0.11917929346024467f,0.05324088275330004f,-0.991444251793295f,3.355526994014381f,0f,0f,0f,1f], start_interpolation: 0, interpolation_duration: 1 }
$data merge entity $(bone_eyelid_expressions_right5) { transformation: [-0.992766653211915f,0.008207497805280397f,0.11977900170810177f,-0.48699135113307834f,0.014514416306899652f,0.9985479684939657f,0.051877609195531846f,4.403552839572902f,-0.11917929346024467f,0.05324088275330004f,-0.991444251793295f,3.8542930128781f,0f,0f,0f,1f], start_interpolation: 0, interpolation_duration: 1 }
$data merge entity $(bone_eyelid_expressions_right7) { transformation: [-0.992766653211915f,0.008207497805280397f,0.11977900170810177f,-0.1525143048849233f,0.014514416306899652f,0.9985479684939657f,0.051877609195531846f,4.3986627286101285f,-0.11917929346024467f,0.05324088275330004f,-0.991444251793295f,3.8944461928036707f,0f,0f,0f,1f], start_interpolation: 0, interpolation_duration: 1 }
$data merge entity $(bone_eyelid_expressions_right6) { transformation: [-0.992766653211915f,0.008207497805280397f,0.11977900170810177f,-0.2640066536343083f,0.014514416306899652f,0.9985479684939657f,0.051877609195531846f,4.40029276559772f,-0.11917929346024467f,0.05324088275330004f,-0.991444251793295f,3.8810617994951473f,0f,0f,0f,1f], start_interpolation: 0, interpolation_duration: 1 }
$data merge entity $(bone_right_eye1) { transformation: [-0.992766653211915f,0.008207497805280397f,0.11977900170810177f,0.12385208946850246f,0.014514416306899652f,0.9985479684939657f,0.051877609195531846f,4.255901115576355f,-0.11917929346024467f,0.05324088275330004f,-0.991444251793295f,3.36532293837066f,0f,0f,0f,1f], start_interpolation: 0, interpolation_duration: 1 }
$data merge entity $(bone_tear_left1) { transformation: [-0.992766653211915f,0.008207497805280397f,0.11977900170810177f,0.6662622317111745f,0.014514416306899652f,0.9985479684939657f,0.051877609195531846f,4.1653932728342395f,-0.11917929346024467f,0.05324088275330004f,-0.991444251793295f,3.924521944120567f,0f,0f,0f,1f], start_interpolation: 0, interpolation_duration: 1 }
$data merge entity $(bone_left_sad_pupil1) { transformation: [-0.992766653211915f,0.008207497805280397f,0.11977900170810177f,0.4764953682974069f,0.014514416306899652f,0.9985479684939657f,0.051877609195531846f,4.277311407290882f,-0.11917929346024467f,0.05324088275330004f,-0.991444251793295f,3.964088771466937f,0f,0f,0f,1f], start_interpolation: 0, interpolation_duration: 1 }
$data merge entity $(bone_left_pupil1) { transformation: [-0.992766653211915f,0.008207497805280397f,0.11977900170810177f,0.4751501939618179f,0.014514416306899652f,0.9985479684939657f,0.051877609195531846f,4.276728797421987f,-0.11917929346024467f,0.05324088275330004f,-0.991444251793295f,3.975223155154069f,0f,0f,0f,1f], start_interpolation: 0, interpolation_duration: 1 }
$data merge entity $(bone_eyelid_left1) { transformation: [-0.992766653211915f,0.008207497805280397f,0.11977900170810177f,0.11404802892915299f,0.014514416306899652f,0.9985479684939657f,0.051877609195531846f,4.25664672914401f,-0.11917929346024467f,0.05324088275330004f,-0.991444251793295f,3.352850115352676f,0f,0f,0f,1f], start_interpolation: 0, interpolation_duration: 1 }
$data merge entity $(bone_left_happy_pupil1) { transformation: [-0.992766653211915f,0.008207497805280397f,0.11977900170810177f,0.5041383800907939f,0.014514416306899652f,0.9985479684939657f,0.051877609195531846f,4.248868847292173f,-0.11917929346024467f,0.05324088275330004f,-0.991444251793295f,3.9659401315826104f,0f,0f,0f,1f], start_interpolation: 0, interpolation_duration: 1 }
$data merge entity $(bone_eyelid_expressions_left5) { transformation: [-0.992766653211915f,0.008207497805280397f,0.11977900170810177f,0.6056336666108947f,0.014514416306899652f,0.9985479684939657f,0.051877609195531846f,4.387578477094508f,-0.11917929346024467f,0.05324088275330004f,-0.991444251793295f,3.985460067301631f,0f,0f,0f,1f], start_interpolation: 0, interpolation_duration: 1 }
$data merge entity $(bone_eyelid_expressions_left7) { transformation: [-0.992766653211915f,0.008207497805280397f,0.11977900170810177f,0.27115662036273963f,0.014514416306899652f,0.9985479684939657f,0.051877609195531846f,4.392468588057282f,-0.11917929346024467f,0.05324088275330004f,-0.991444251793295f,3.9453068873760606f,0f,0f,0f,1f], start_interpolation: 0, interpolation_duration: 1 }
$data merge entity $(bone_eyelid_expressions_left6) { transformation: [-0.992766653211915f,0.008207497805280397f,0.11977900170810177f,0.38264896911212465f,0.014514416306899652f,0.9985479684939657f,0.051877609195531846f,4.390838551069691f,-0.11917929346024467f,0.05324088275330004f,-0.991444251793295f,3.958691280684584f,0f,0f,0f,1f], start_interpolation: 0, interpolation_duration: 1 }
$data merge entity $(bone_left_eye1) { transformation: [-0.992766653211915f,0.008207497805280397f,0.11977900170810177f,0.12385208946850246f,0.014514416306899652f,0.9985479684939657f,0.051877609195531846f,4.255901115576355f,-0.11917929346024467f,0.05324088275330004f,-0.991444251793295f,3.36532293837066f,0f,0f,0f,1f], start_interpolation: 0, interpolation_duration: 1 }
$data merge entity $(bone_crest_middle5) { transformation: [-0.992766653211915f,0.03393786822333378f,0.11516333344805872f,0.07812041182626639f,0.014514416306899652f,0.9861067642646923f,-0.16547743408298476f,5.614859227705256f,-0.11917929346024467f,-0.16260894985170468f,-0.9794665004166518f,3.9117716246388867f,0f,0f,0f,1f], start_interpolation: 0, interpolation_duration: 1 }
$data merge entity $(bone_crest_middle4) { transformation: [-0.992766653211915f,0.03393786822333378f,0.11516333344805872f,0.05525212171484031f,0.014514416306899652f,0.9861067642646923f,-0.16547743408298476f,4.950392755690961f,-0.11917929346024467f,-0.16260894985170468f,-0.9794665004166518f,4.02134210842568f,0f,0f,0f,1f], start_interpolation: 0, interpolation_duration: 1 }
$data merge entity $(bone_crest_middle1) { transformation: [-0.992766653211915f,0.03393786822333378f,0.11516333344805872f,0.028400826113690894f,0.014514416306899652f,0.9861067642646923f,-0.16547743408298476f,4.465980879790937f,-0.11917929346024467f,-0.16260894985170468f,-0.9794665004166518f,4.186019332696056f,0f,0f,0f,1f], start_interpolation: 0, interpolation_duration: 1 }
$data merge entity $(bone_crest_left5) { transformation: [-0.5403352673910505f,-0.8101213080849289f,0.2274670635503201f,-1.0354962012708018f,-0.8343682246645656f,0.5508374292975043f,-0.02019386429136434f,4.985397177080919f,-0.10893789278090069f,-0.20070274704567542f,-0.9735763672382238f,3.843980839312672f,0f,0f,0f,1f], start_interpolation: 0, interpolation_duration: 1 }
$data merge entity $(bone_crest_left4) { transformation: [-0.5403352673910505f,-0.8101213080849289f,0.2274670635503201f,-0.5805940995629559f,-0.8343682246645656f,0.5508374292975043f,-0.02019386429136434f,4.6760890502781205f,-0.10893789278090069f,-0.20070274704567542f,-0.9735763672382238f,3.9566801357494525f,0f,0f,0f,1f], start_interpolation: 0, interpolation_duration: 1 }
$data merge entity $(bone_crest_left1) { transformation: [-0.5403352673910505f,-0.8101213080849289f,0.2274670635503201f,-0.06742897894004564f,-0.8343682246645656f,0.5508374292975043f,-0.02019386429136434f,4.3347161779857135f,-0.10893789278090069f,-0.20070274704567542f,-0.9735763672382238f,4.025980766989874f,0f,0f,0f,1f], start_interpolation: 0, interpolation_duration: 1 }
$data merge entity $(bone_crest_center1) { transformation: [-0.992766653211915f,0.008207497805280397f,0.11977900170810177f,0.04383293763986412f,0.014514416306899652f,0.9985479684939657f,0.051877609195531846f,4.30505109546243f,-0.11917929346024467f,0.05324088275330004f,-0.991444251793295f,4.037870379256882f,0f,0f,0f,1f], start_interpolation: 0, interpolation_duration: 1 }
$data merge entity $(bone_crest_right5) { transformation: [-0.5264910005100475f,0.8501342184381561f,0.00889027685027903f,1.1575341148919094f,0.8499654050587255f,0.5265642128172535f,-0.016998234717259766f,4.95333470310533f,-0.019132082617580592f,-0.0013929898390631912f,-0.9998159945680118f,4.1072489524907025f,0f,0f,0f,1f], start_interpolation: 0, interpolation_duration: 1 }
$data merge entity $(bone_crest_right4) { transformation: [-0.5264910005100475f,0.8501342184381561f,0.00889027685027903f,0.6801638262181402f,0.8499654050587255f,0.5265642128172535f,-0.016998234717259766f,4.657656556259704f,-0.019132082617580592f,-0.0013929898390631912f,-0.9998159945680118f,4.108031148933536f,0f,0f,0f,1f], start_interpolation: 0, interpolation_duration: 1 }
$data merge entity $(bone_crest_right1) { transformation: [-0.5264910005100475f,0.8501342184381561f,0.00889027685027903f,0.15555571855872433f,0.8499654050587255f,0.5265642128172535f,-0.016998234717259766f,4.33145610401053f,-0.019132082617580592f,-0.0013929898390631912f,-0.9998159945680118f,4.052749553606922f,0f,0f,0f,1f], start_interpolation: 0, interpolation_duration: 1 }
$data merge entity $(bone_head1) { transformation: [-1.0405952549942594f,0.008602911111003538f,0.1255496046549764f,0.1973758076878098f,0.015213678550851841f,1.0466550971844297f,0.054376921096879055f,4.23187384958785f,-0.1249210042128866f,0.055805873198445974f,-1.0392091441322944f,2.7499422352284983f,0f,0f,0f,1f], start_interpolation: 0, interpolation_duration: 1 }
$data merge entity $(bone_neck10) { transformation: [-1.4965501743878946f,0.03626828392221895f,-0.03487791285222087f,0.16164480960393673f,0.03894696471663014f,1.4921070178007472f,-0.11955778123213306f,3.6990568251197313f,0.031858925954139854f,-0.1203974281084374f,-1.4922076765068428f,1.722863494149904f,0f,0f,0f,1f], start_interpolation: 0, interpolation_duration: 1 }
$data merge entity $(bone_neck9) { transformation: [-1.1448608834067402f,0.038058169374088256f,0.005769045637586242f,0.1188907841651742f,0.029794428008222074f,0.7674394055988139f,0.8499042294825572f,2.8534893157861787f,0.024372078354917004f,0.8495742951482051f,-0.7679958771494996f,0.7482149350829905f,0f,0f,0f,1f], start_interpolation: 0, interpolation_duration: 1 }
$data merge entity $(bone_neck8) { transformation: [-1.0625506238154052f,0.032750803293015704f,0.014272144550620636f,0.08677847159387081f,0.027652344948807403f,0.4850421503762445f,0.9456530006160503f,2.416685731814387f,0.0226198374274393f,0.9454901557599475f,-0.48562006312827055f,-0.22625335836246352f,0f,0f,0f,1f], start_interpolation: 0, interpolation_duration: 1 }
$data merge entity $(bone_neck7) { transformation: [-1.0545292496425964f,-0.04391333249787587f,0.021593835489730567f,0.1311589672034262f,0.010946359538454214f,0.24235185016460117f,1.0274105171686019f,2.1717556704778223f,-0.04769540559720018f,1.026529986315417f,-0.24163598311135884f,-1.2637038764471933f,0f,0f,0f,1f], start_interpolation: 0, interpolation_duration: 1 }
$data merge entity $(bone_neck6) { transformation: [-1.0302193190188766f,-0.18628420494585574f,0.0759135160678605f,0.30334509249522557f,0.09256988807699891f,-0.08734345157975311f,1.0419301557692626f,2.2674688155514975f,-0.17859306469039268f,1.0293132801376064f,0.10215283055631622f,-2.207353720341242f,0f,0f,0f,1f], start_interpolation: 0, interpolation_duration: 1 }
$data merge entity $(bone_neck_spine6) { transformation: [-1.2684621038058121f,0.025527254636575975f,-0.10167408222335586f,0.7773485883603638f,-0.10481763960215308f,-0.29014816919800623f,1.234833053840068f,4.5721083068803985f,0.0015881289228114018f,1.2390108020911175f,0.29126461965841294f,-5.275178631299809f,0f,0f,0f,1f], start_interpolation: 0, interpolation_duration: 1 }
$data merge entity $(bone_neck_spine7) { transformation: [-0.9695930600504247f,0.1613388555982649f,-0.18400834648541253f,0.42635434833334906f,-0.13830218074872294f,0.25906853460692575f,0.9559058537203169f,5.122693553335579f,0.2018955291783376f,0.9522884374236947f,-0.228877537663565f,-8.935065064091038f,0f,0f,0f,1f], start_interpolation: 0, interpolation_duration: 1 }
$data merge entity $(bone_tail6) { transformation: [-1.5521216204718453f,0.607252253757388f,-0.43297241609316484f,-0.6948271815665807f,-0.24335549546886084f,0.5326139130619664f,1.6193833579375365f,4.287083866929284f,0.7049812164987697f,1.5208119730744227f,-0.3942516511880727f,-12.60114795838664f,0f,0f,0f,1f], start_interpolation: 0, interpolation_duration: 1 }
$data merge entity $(bone_tail5) { transformation: [-1.2821874256071766f,0.5561313205570317f,-0.26512958931467495f,-0.3435863475305607f,-0.20103280060471113f,0.201002934609398f,1.393830682894903f,4.414033088787851f,0.5823757875424619f,1.2937913718191725f,-0.1025800541547684f,-11.784016565658742f,0f,0f,0f,1f], start_interpolation: 0, interpolation_duration: 1 }
$data merge entity $(bone_tail4) { transformation: [-0.941383437748581f,0.4328472419961343f,-0.15847929282457288f,-0.15808038667507462f,-0.1269771003009822f,0.10291891551772148f,1.0353548719414922f,4.458141195438303f,0.4431131200461019f,0.9490659407808127f,-0.039997511397746474f,-11.377274019609823f,0f,0f,0f,1f], start_interpolation: 0, interpolation_duration: 1 }
$data merge entity $(bone_segment18) { transformation: [-0.9443324892213583f,0.2921920190380197f,-0.1511951514152447f,0.0059922802652196405f,-0.13292067721270168f,0.08153640628641823f,0.9877671324857964f,4.503925798577649f,0.30094558207475f,0.9528775569087464f,-0.038159116463937014f,-10.842210938337821f,0f,0f,0f,1f], start_interpolation: 0, interpolation_duration: 1 }
$data merge entity $(bone_segment17) { transformation: [-0.9510870271154683f,0.2665513460523789f,-0.15615327972964657f,0.2005695568024789f,-0.13527042328063255f,0.09510258368779273f,0.9862339535634458f,4.5733488271974005f,0.2777325681985079f,0.9591172391806807f,-0.05439432018409505f,-10.142074086494501f,0f,0f,0f,1f], start_interpolation: 0, interpolation_duration: 1 }
$data merge entity $(bone_segment16) { transformation: [-0.9572148523509724f,0.2406734258954806f,-0.1606736708563002f,0.43031396482282314f,-0.1379482876076451f,0.10857959509780972f,0.9844697768212665f,4.676997805916257f,0.25438159600258925f,0.9645137498222242f,-0.07073351411493116f,-9.221359056756977f,0f,0f,0f,1f], start_interpolation: 0, interpolation_duration: 1 }
$data merge entity $(bone_segment15) { transformation: [-0.9695930600504247f,0.20346623193453495f,-0.13598084557913084f,0.670241186562033f,-0.13830218074872294f,0.0028343480878905147f,0.9903860223524282f,4.6803400669671635f,0.2018955291783376f,0.9790778615275082f,0.025391659349485896f,-8.066831207348319f,0f,0f,0f,1f], start_interpolation: 0, interpolation_duration: 1 }
$data merge entity $(bone_segment14) { transformation: [-1.038249310776728f,0.1022354685538574f,-0.10129894207934402f,0.7852560886851225f,-0.11966750858129753f,-0.20336215210805206f,1.0212730881136047f,4.451557645845605f,0.07995782692623743f,1.0231651587523525f,0.21310795821291878f,-6.915770403751923f,0f,0f,0f,1f], start_interpolation: 0, interpolation_duration: 1 }
$data merge entity $(bone_segment13) { transformation: [-1.0222312248317427f,0.03448770094198031f,-0.0771202521126519f,0.8289032996272911f,-0.08447068603232336f,-0.40307549777463325f,0.939408568258853f,3.9403883453187882f,0.0012798450730891885f,0.9425679569138005f,0.4045461907114201f,-5.791634023505015f,0f,0f,0f,1f], start_interpolation: 0, interpolation_duration: 1 }
$data merge entity $(bone_segment12) { transformation: [-1.1078687430051273f,-0.10312967560278552f,-0.0804052204398432f,0.7043171143353355f,-0.02179293048903533f,-0.5307184808914943f,0.9809876876967423f,3.2992519254498687f,-0.1289410626783246f,0.9757950836328113f,0.5250447964746394f,-4.612821170794236f,0f,0f,0f,1f], start_interpolation: 0, interpolation_duration: 1 }
$data merge entity $(bone_segment11) { transformation: [-1.1706457064274391f,-0.19993187920864086f,-0.08208967401842034f,0.4732637030062917f,0.016073700447420385f,-0.531433544796485f,1.0651022788917108f,2.685095074096634f,-0.21552982869727264f,1.0462927276926335f,0.5253011153620183f,-3.403661806419567f,0f,0f,0f,1f], start_interpolation: 0, interpolation_duration: 1 }
$data merge entity $(bone_segment10) { transformation: [-1.0377613626392959f,-0.13999109178033461f,-0.04614159143717431f,0.29588064815938364f,0f,-0.3281193349884233f,0.9954963083969365f,2.2857861231090877f,-0.1473992952432446f,0.9856040758104029f,0.32485881784690723f,-2.1548004709344175f,0f,0f,0f,1f], start_interpolation: 0, interpolation_duration: 1 }