# This file was generated by Animated Java via MC-Build. It is not recommended to edit this file directly.
$data merge entity $(bone_neck_spine5) { transformation: [-1.362352525385162f,0.038575886410774515f,0.10820886156200597f,0.22415808180988367f,0.08742431104907934f,1.1835887962241838f,0.6787313249338301f,3.0651896099146514f,-0.07452681779410802f,0.6832504098765411f,-1.1818698282760554f,0.21089996533580835f,0f,0f,0f,1f], start_interpolation: 0, interpolation_duration: 1 }
$data merge entity $(bone_neck_spine2) { transformation: [-1.297478595604916f,0.09884999111077272f,0.04689328468917154f,0.12437448555909353f,0.08326124861817079f,1.2541516061056992f,-0.3399887061734303f,4.402498134102999f,-0.0709779217086743f,-0.33578778283960853f,-1.2560373029771137f,1.8121934321295075f,0f,0f,0f,1f], start_interpolation: 0, interpolation_duration: 1 }
$data merge entity $(bone_scale_neck_left1) { transformation: [-1.3524355693625592f,0.44181016005586876f,0.16486731512691039f,0.7470796783683169f,0.4551043774327831f,1.354012716169261f,0.10482837638844482f,3.595858911046917f,-0.12352107013488581f,0.15136963145269933f,-1.418904224501916f,2.023351780345297f,0f,0f,0f,1f], start_interpolation: 0, interpolation_duration: 1 }
$data merge entity $(bone_scale_neck_right1) { transformation: [-1.404754216651969f,-0.2794644199950265f,0.004964590429599009f,-0.6152728470168449f,-0.2781711586201775f,1.4002980439850818f,0.1150895865238911f,3.683283222095996f,-0.027309626749524613f,0.11191266403394878f,-1.4276516235827295f,1.9488249625511893f,0f,0f,0f,1f], start_interpolation: 0, interpolation_duration: 1 }
$data merge entity $(bone_blush_right1) { transformation: [-0.9857329892656688f,0.04458142415679451f,0.16230517703856898f,-0.6628592302500218f,0.0492118695523302f,0.9984848863398111f,0.024619578512625973f,3.5469413879716836f,-0.16096169037548555f,0.032255671921801427f,-0.9864334269783944f,3.0865239171793064f,0f,0f,0f,1f], start_interpolation: 0, interpolation_duration: 1 }
$data merge entity $(bone_blush_left1) { transformation: [-0.9857329892656688f,0.04458142415679451f,0.16230517703856898f,0.4730440190990888f,0.0492118695523302f,0.9984848863398111f,0.024619578512625973f,3.4902323976672407f,-0.16096169037548555f,0.032255671921801427f,-0.9864334269783944f,3.2720071150729324f,0f,0f,0f,1f], start_interpolation: 0, interpolation_duration: 1 }
$data merge entity $(bone_left_head_scales) { transformation: [-0.9493000305182259f,0.04458142415679451f,-0.3111943904993273f,0.5664444756987687f,0.03228340517723429f,0.9984848863398111f,0.04456134536947287f,4.13197059093362f,0.3127095038662213f,0.032255671921801427f,-0.9493009732538016f,2.956893935590987f,0f,0f,0f,1f], start_interpolation: 0, interpolation_duration: 1 }
$data merge entity $(bone_left_head_scales2) { transformation: [-0.9005596183271793f,0.04458142415679451f,-0.4324405976068357f,0.5078400656585138f,0.02619079343933768f,0.9984848863398111f,0.04839394683214901f,3.3482978899094573f,0.4339428720205265f,0.032255671921801427f,-0.9003627910189591f,3.0761912759321177f,0f,0f,0f,1f], start_interpolation: 0, interpolation_duration: 1 }
$data merge entity $(bone_left_head_scales1) { transformation: [-0.9857329892656688f,0.04458142415679451f,0.16230517703856898f,0.5620908209959566f,0.0492118695523302f,0.9984848863398111f,0.024619578512625973f,4.034462301251998f,-0.16096169037548555f,0.032255671921801427f,-0.9864334269783944f,2.9537439676298733f,0f,0f,0f,1f], start_interpolation: 0, interpolation_duration: 1 }
$data merge entity $(bone_right_head_scales) { transformation: [-0.799411649681374f,0.04458142415679451f,0.5991272911275669f,-0.5887113710969368f,0.05501951765050645f,0.9984848863398111f,-0.0008856796715108507f,4.189640750565257f,-0.5982590300456901f,0.032255671921801427f,-0.8006532986241068f,2.7682669546822147f,0f,0f,0f,1f], start_interpolation: 0, interpolation_duration: 1 }
$data merge entity $(bone_right_head_scales2) { transformation: [-0.7143707682329634f,0.04458142415679451f,0.6983458327464966f,-0.6473157811371917f,0.05443321365481127f,0.9984848863398111f,-0.008059590695847201f,3.405968049541094f,-0.697647067467108f,0.032255671921801427f,-0.7157151255097363f,2.8875642950233456f,0f,0f,0f,1f], start_interpolation: 0, interpolation_duration: 1 }
$data merge entity $(bone_right_head_scales1) { transformation: [-0.9857329892656688f,0.04458142415679451f,0.16230517703856898f,-0.5930650257997488f,0.0492118695523302f,0.9984848863398111f,0.024619578512625973f,4.092132460883635f,-0.16096169037548555f,0.032255671921801427f,-0.9864334269783944f,2.765116986721101f,0f,0f,0f,1f], start_interpolation: 0, interpolation_duration: 1 }
$data merge entity $(bone_head_left_fin1) { transformation: [-0.6003048353143583f,0.20700533978142488f,-0.7725172451150708f,0.5576521652806186f,0.2615997542406823f,0.9636121733979565f,0.05492857053011316f,3.6706097110644165f,0.7557775289590289f,-0.16911643498265877f,-0.6326135930719007f,2.8696833641010224f,0f,0f,0f,1f], start_interpolation: 0, interpolation_duration: 1 }
$data merge entity $(bone_head_right_fin1) { transformation: [-0.3518400202644672f,-0.04812122192180161f,0.9348224152966447f,-0.5975036815150869f,-0.21406474330169173f,0.9763491470110918f,-0.030308889882258366f,3.7282798706960536f,-0.9112545669654996f,-0.21077640079351104f,-0.35381976068763177f,2.6810563831922503f,0f,0f,0f,1f], start_interpolation: 0, interpolation_duration: 1 }
$data merge entity $(bone_right_whisker16) { transformation: [-0.0514475992294992f,-0.46274713977565995f,0.8849961746600759f,-0.8184531070902308f,0.9706950352141717f,0.18512713464853994f,0.15322888966308187f,2.1930960654060514f,-0.23474303641232985f,0.8669446514318361f,0.43966200450988746f,1.41150322381353f,0f,0f,0f,1f], start_interpolation: 0, interpolation_duration: 1 }
$data merge entity $(bone_right_whisker15) { transformation: [0.5454689320993399f,-0.16946241272468265f,0.820820403491492f,-0.9782584582912093f,0.09179620589941165f,0.9855338193188268f,0.14246595228797632f,2.166202645708958f,-0.8330888912336298f,-0.002362552089694797f,0.55313408650231f,1.6555722349171327f,0f,0f,0f,1f], start_interpolation: 0, interpolation_duration: 1 }
$data merge entity $(bone_right_whisker14) { transformation: [0.7173088641834873f,-0.06933384099049934f,0.6932970588840689f,-1.1884075395949654f,-0.47368183628841315f,0.6811945708476026f,0.5582109588839943f,2.304976621184079f,-0.510973102358855f,-0.7288118928374147f,0.4557847227853431f,1.8052713859988285f,0f,0f,0f,1f], start_interpolation: 0, interpolation_duration: 1 }
$data merge entity $(bone_right_whisker13) { transformation: [0.3181424421114491f,-0.3074067274133119f,0.8968202107827419f,-1.281613333182304f,-0.13029198534543215f,0.9228164524001993f,0.36253798936698656f,2.343148101265749f,-0.9390470622296356f,-0.23218720705617993f,0.2535344469640006f,2.080382830011417f,0f,0f,0f,1f], start_interpolation: 0, interpolation_duration: 1 }
$data merge entity $(bone_right_whisker12) { transformation: [-0.3882022853136172f,-0.18005670987604222f,0.9038133473820245f,-1.1299718154816725f,-0.5632375130146737f,0.822601352727762f,-0.07804177357993625f,2.563162754787106f,-0.7294261371861652f,-0.5393575768625777f,-0.4207504185031765f,2.3653149148497628f,0f,0f,0f,1f], start_interpolation: 0, interpolation_duration: 1 }
$data merge entity $(bone_right_whisker11) { transformation: [-0.8607884479811476f,-0.09176624937216846f,0.5006218166424357f,-0.7937263279890368f,-0.2598329852375086f,0.9250093513340925f,-0.27720844093758557f,2.6646600146455075f,-0.4376414829569657f,-0.3686958847351664f,-0.8200812624213412f,2.5362686191298276f,0f,0f,0f,1f], start_interpolation: 0, interpolation_duration: 1 }
$data merge entity $(bone_right_whisker10) { transformation: [-0.4264304623776952f,-0.4469533776569635f,0.7863776058341039f,-0.6271519286227496f,-0.6836370477922099f,0.7285330288947266f,0.04335911317621452f,2.9317057364393393f,-0.5922815611196225f,-0.5191072182223126f,-0.6162225639711638f,2.76762860394218f,0f,0f,0f,1f], start_interpolation: 0, interpolation_duration: 1 }
$data merge entity $(bone_right_whisker1) { transformation: [0.0895105908892323f,-0.45729090476904344f,0.8848010412144476f,-0.6621170031888559f,-0.8930684865790419f,0.35643295647260653f,0.27456187976413843f,3.2805606140092776f,-0.440926901422538f,-0.8147641228942932f,-0.37648757170219105f,2.939865674810359f,0f,0f,0f,1f], start_interpolation: 0, interpolation_duration: 1 }
$data merge entity $(bone_left_whisker16) { transformation: [-0.21720002652712622f,0.17938041861691764f,-0.9595034204698989f,1.0200075153231454f,-0.95728303413655f,0.15306946996277876f,0.24531394155171068f,2.1013125040232654f,0.1908751975269124f,0.9717985402243278f,0.13847113846187833f,1.7117079777326154f,0f,0f,0f,1f], start_interpolation: 0, interpolation_duration: 1 }
$data merge entity $(bone_left_whisker15) { transformation: [0.24129160958465132f,0.25622624620118756f,-0.9360162765153698f,1.0906984165686486f,-0.1310745475678959f,0.9642816800670275f,0.2301745087254085f,2.0629117576654834f,0.9615600980302377f,0.06714873226472862f,0.2662578179722055f,1.9934150377024116f,0f,0f,0f,1f], start_interpolation: 0, interpolation_duration: 1 }
$data merge entity $(bone_left_whisker14) { transformation: [0.5604745033796875f,0.36276873436200174f,-0.7444912198479472f,1.2548999312306666f,0.40988960341660785f,0.6596222223485283f,0.6299912989835378f,2.1829966024164427f,0.7196240991464011f,-0.658253271281944f,0.2210063048294113f,2.2042424104992087f,0f,0f,0f,1f], start_interpolation: 0, interpolation_duration: 1 }
$data merge entity $(bone_left_whisker13) { transformation: [0.014768786134928158f,0.45320006788817035f,-0.8912864755073191f,1.259226724043634f,0.11367167932405045f,0.8848438139690993f,0.4518076739059097f,2.2162988522184106f,0.9934085928135269f,-0.10798668133976674f,-0.03844794373529842f,2.4952800841750467f,0f,0f,0f,1f], start_interpolation: 0, interpolation_duration: 1 }
$data merge entity $(bone_left_whisker12) { transformation: [-0.5430304972720515f,0.42081752745235257f,-0.726657063284571f,1.0471054360467387f,0.6097285067406717f,0.7926032245259358f,0.0033580558185231646f,2.4544740501639857f,0.5773638602304957f,-0.4412399993880632f,-0.686992165777575f,2.720812842077584f,0f,0f,0f,1f], start_interpolation: 0, interpolation_duration: 1 }
$data merge entity $(bone_left_whisker11) { transformation: [-0.9256834745377351f,0.29330910417556927f,-0.2389139476369509f,0.6855103288054358f,0.34902105560471164f,0.9057847963349482f,-0.24028775556201332f,2.590810400009576f,0.14592603507366153f,-0.30581640266045573f,-0.9408410706126189f,2.777815199528233f,0f,0f,0f,1f], start_interpolation: 0, interpolation_duration: 1 }
$data merge entity $(bone_left_whisker10) { transformation: [-0.5238913673258029f,0.6570390564835242f,-0.5420678126367046f,0.4808652634437941f,0.7310810457362575f,0.6734171585248463f,0.10968060525682158f,2.8763889335003014f,0.43710220750607204f,-0.3388347810652895f,-0.8331462364637773f,2.948558249335292f,0f,0f,0f,1f], start_interpolation: 0, interpolation_duration: 1 }
$data merge entity $(bone_left_whisker1) { transformation: [0.03116436521742201f,0.7245108289820694f,-0.6885585240401213f,0.4930388436068496f,0.8870438934459888f,0.29743252390982566f,0.3531104994485618f,3.222890454377641f,0.4606320803426275f,-0.6217860985968936f,-0.6334036107813701f,3.128492655719131f,0f,0f,0f,1f], start_interpolation: 0, interpolation_duration: 1 }
$data merge entity $(bone_upper_left_tooth1) { transformation: [-0.9857329892656688f,0.05855760663496459f,0.15780202970353072f,0.06718117833849767f,0.0492118695523302f,0.9968310875478613f,-0.06249779830772584f,3.571704175180181f,-0.16096169037548555f,-0.05384040864753444f,-0.9854910170205169f,3.8713066721099416f,0f,0f,0f,1f], start_interpolation: 0, interpolation_duration: 1 }
$data merge entity $(bone_upper_right_tooth1) { transformation: [-0.9857329892656688f,0.05855760663496459f,0.15780202970353072f,-0.5103967450593552f,0.0492118695523302f,0.9968310875478613f,-0.06249779830772584f,3.6005392549959994f,-0.16096169037548555f,-0.05384040864753444f,-0.9854910170205169f,3.776993181655556f,0f,0f,0f,1f], start_interpolation: 0, interpolation_duration: 1 }
$data merge entity $(bone_top_lip1) { transformation: [-0.9857329892656688f,0.10899762366204319f,0.12825752184334782f,-0.19125136061038545f,0.0492118695523302f,0.91533931120397f,-0.3996650313197377f,3.692001702533069f,-0.16096169037548555f,-0.3876512135937021f,-0.9076441322626375f,3.8222960683045253f,0f,0f,0f,1f], start_interpolation: 0, interpolation_duration: 1 }
$data merge entity $(bone_muzzle1) { transformation: [-0.9857329892656688f,0.05855760663496459f,0.15780202970353072f,-0.10562181388478971f,0.0492118695523302f,0.9968310875478613f,-0.06249779830772584f,3.8075053782931434f,-0.16096169037548555f,-0.05384040864753444f,-0.9854910170205169f,3.3332125040394978f,0f,0f,0f,1f], start_interpolation: 0, interpolation_duration: 1 }
$data merge entity $(bone_jaw_right_tooth1) { transformation: [-0.9857329892656688f,0.14629091864187846f,0.08324326396943207f,-0.510257249218429f,0.0492118695523302f,0.7234441049593919f,-0.688626763126927f,3.632340555194747f,-0.16096169037548555f,-0.6747055610578734f,-0.7203219697531419f,3.7858617253529965f,0f,0f,0f,1f], start_interpolation: 0, interpolation_duration: 1 }
$data merge entity $(bone_jaw_left_tooth1) { transformation: [-0.9857329892656688f,0.14629091864187846f,0.08324326396943207f,0.11545216779591162f,0.0492118695523302f,0.7234441049593919f,-0.688626763126927f,3.6011025520609437f,-0.16096169037548555f,-0.6747055610578734f,-0.7203219697531419f,3.888034673345248f,0f,0f,0f,1f], start_interpolation: 0, interpolation_duration: 1 }
$data merge entity $(bone_tongue1) { transformation: [-0.9857329892656688f,0.09740447521749587f,0.13726923209872444f,-0.10218552717039403f,0.0492118695523302f,0.9466892714312827f,-0.31836710767928234f,3.387539690532148f,-0.16096169037548555f,-0.30706968519297306f,-0.9379763017619126f,3.1837697530259472f,0f,0f,0f,1f], start_interpolation: 0, interpolation_duration: 1 }
$data merge entity $(bone_jaw_lips1) { transformation: [-0.9857329892656688f,0.09740447521749587f,0.13726923209872444f,-0.1722345698425386f,0.0492118695523302f,0.9466892714312827f,-0.31836710767928234f,3.527543723141307f,-0.16096169037548555f,-0.30706968519297306f,-0.9379763017619126f,3.9589084653923505f,0f,0f,0f,1f], start_interpolation: 0, interpolation_duration: 1 }
$data merge entity $(bone_jaw3) { transformation: [-0.9857329892656688f,0.12961338978246092f,0.10738176317452187f,-0.09783577606358533f,0.0492118695523302f,0.8320321459446546f,-0.5525402247890172f,3.034931558075536f,-0.16096169037548555f,-0.5393726701491587f,-0.8265400516173629f,3.3526790528596857f,0f,0f,0f,1f], start_interpolation: 0, interpolation_duration: 1 }
$data merge entity $(bone_jaw1) { transformation: [-0.9857329892656688f,0.015720133931280963f,0.1675808797642256f,0.03308678625221591f,0.0492118695523302f,0.9790405123893139f,0.1976306327360071f,3.1893304899005415f,-0.16096169037548555f,0.2030580027717514f,-0.9658461480700814f,2.598111749679935f,0f,0f,0f,1f], start_interpolation: 0, interpolation_duration: 1 }
$data merge entity $(bone_tear_right1) { transformation: [-0.9857329892656688f,0.04458142415679451f,0.16230517703856898f,-0.6137550486243477f,0.0492118695523302f,0.9984848863398111f,0.024619578512625973f,3.883653648396665f,-0.16096169037548555f,0.032255671921801427f,-0.9864334269783944f,3.192106512999092f,0f,0f,0f,1f], start_interpolation: 0, interpolation_duration: 1 }
$data merge entity $(bone_right_pupil1) { transformation: [-0.9857329892656688f,0.04458142415679451f,0.16230517703856898f,-0.46007784199578894f,0.0492118695523302f,0.9984848863398111f,0.024619578512625973f,3.971789753079172f,-0.16096169037548555f,0.032255671921801427f,-0.9864334269783944f,3.2789914741466486f,0f,0f,0f,1f], start_interpolation: 0, interpolation_duration: 1 }
$data merge entity $(bone_right_sad_pupil1) { transformation: [-0.9857329892656688f,0.04458142415679451f,0.16230517703856898f,-0.45849283050127165f,0.0492118695523302f,0.9984848863398111f,0.024619578512625973f,3.9720301786505847f,-0.16096169037548555f,0.032255671921801427f,-0.9864334269783944f,3.269358335211313f,0f,0f,0f,1f], start_interpolation: 0, interpolation_duration: 1 }
$data merge entity $(bone_right_happy_pupil1) { transformation: [-0.9857329892656688f,0.04458142415679451f,0.16230517703856898f,-0.4836466690119643f,0.0492118695523302f,0.9984848863398111f,0.024619578512625973f,3.9488548645369894f,-0.16096169037548555f,0.032255671921801427f,-0.9864334269783944f,3.2646411748325272f,0f,0f,0f,1f], start_interpolation: 0, interpolation_duration: 1 }
$data merge entity $(bone_eyelid_right1) { transformation: [-0.9857329892656688f,0.04458142415679451f,0.16230517703856898f,-0.010806274238299165f,0.0492118695523302f,0.9984848863398111f,0.024619578512625973f,3.916794787453199f,-0.16096169037548555f,0.032255671921801427f,-0.9864334269783944f,2.8466442778060546f,0f,0f,0f,1f], start_interpolation: 0, interpolation_duration: 1 }
$data merge entity $(bone_eyelid_expressions_right5) { transformation: [-0.9857329892656688f,0.04458142415679451f,0.16230517703856898f,-0.5648413030748223f,0.0492118695523302f,0.9984848863398111f,0.024619578512625973f,4.075065176584863f,-0.16096169037548555f,0.032255671921801427f,-0.9864334269783944f,3.2544316011358636f,0f,0f,0f,1f], start_interpolation: 0, interpolation_duration: 1 }
$data merge entity $(bone_eyelid_expressions_right7) { transformation: [-0.9857329892656688f,0.04458142415679451f,0.16230517703856898f,-0.27605234137589585f,0.0492118695523302f,0.9984848863398111f,0.024619578512625973f,4.060647636676954f,-0.16096169037548555f,0.032255671921801427f,-0.9864334269783944f,3.3015883463630566f,0f,0f,0f,1f], start_interpolation: 0, interpolation_duration: 1 }
$data merge entity $(bone_eyelid_expressions_right6) { transformation: [-0.9857329892656688f,0.04458142415679451f,0.16230517703856898f,-0.37231532860887134f,0.0492118695523302f,0.9984848863398111f,0.024619578512625973f,4.065453483312924f,-0.16096169037548555f,0.032255671921801427f,-0.9864334269783944f,3.285869431287326f,0f,0f,0f,1f], start_interpolation: 0, interpolation_duration: 1 }
$data merge entity $(bone_right_eye1) { transformation: [-0.9857329892656688f,0.04458142415679451f,0.16230517703856898f,-0.022017584456113987f,0.0492118695523302f,0.9984848863398111f,0.024619578512625973f,3.9170349465453835f,-0.16096169037548555f,0.032255671921801427f,-0.9864334269783944f,2.8547055252338174f,0f,0f,0f,1f], start_interpolation: 0, interpolation_duration: 1 }
$data merge entity $(bone_tear_left1) { transformation: [-0.9857329892656688f,0.04458142415679451f,0.16230517703856898f,0.42588521349178743f,0.0492118695523302f,0.9984848863398111f,0.024619578512625973f,3.8317505047281917f,-0.16096169037548555f,0.032255671921801427f,-0.9864334269783944f,3.361870795816987f,0f,0f,0f,1f], start_interpolation: 0, interpolation_duration: 1 }
$data merge entity $(bone_left_sad_pupil1) { transformation: [-0.9857329892656688f,0.04458142415679451f,0.16230517703856898f,0.26347957374604436f,0.0492118695523302f,0.9984848863398111f,0.024619578512625973f,3.9359863288808117f,-0.16096169037548555f,0.032255671921801427f,-0.9864334269783944f,3.3872501982792955f,0f,0f,0f,1f], start_interpolation: 0, interpolation_duration: 1 }
$data merge entity $(bone_left_pupil1) { transformation: [-0.9857329892656688f,0.04458142415679451f,0.16230517703856898f,0.2618945622515271f,0.0492118695523302f,0.9984848863398111f,0.024619578512625973f,3.935745903309399f,-0.16096169037548555f,0.032255671921801427f,-0.9864334269783944f,3.396883337214631f,0f,0f,0f,1f], start_interpolation: 0, interpolation_duration: 1 }
$data merge entity $(bone_eyelid_left1) { transformation: [-0.9857329892656688f,0.04458142415679451f,0.16230517703856898f,-0.03005887168489426f,0.0492118695523302f,0.9984848863398111f,0.024619578512625973f,3.917755956780393f,-0.16096169037548555f,0.032255671921801427f,-0.9864334269783944f,2.8435004947909084f,0f,0f,0f,1f], start_interpolation: 0, interpolation_duration: 1 }
$data merge entity $(bone_left_happy_pupil1) { transformation: [-0.9857329892656688f,0.04458142415679451f,0.16230517703856898f,0.28645722885183944f,0.0492118695523302f,0.9984848863398111f,0.024619578512625973f,3.910408091449231f,-0.16096169037548555f,0.032255671921801427f,-0.9864334269783944f,3.3903924954383755f,0f,0f,0f,1f], start_interpolation: 0, interpolation_duration: 1 }
$data merge entity $(bone_eyelid_expressions_left5) { transformation: [-0.9857329892656688f,0.04458142415679451f,0.16230517703856898f,0.37853597180833726f,0.0492118695523302f,0.9984848863398111f,0.024619578512625973f,4.027967879552359f,-0.16096169037548555f,0.032255671921801427f,-0.9864334269783944f,3.408476968878028f,0f,0f,0f,1f], start_interpolation: 0, interpolation_duration: 1 }
$data merge entity $(bone_eyelid_expressions_left7) { transformation: [-0.9857329892656688f,0.04458142415679451f,0.16230517703856898f,0.08974701010941086f,0.0492118695523302f,0.9984848863398111f,0.024619578512625973f,4.042385419460268f,-0.16096169037548555f,0.032255671921801427f,-0.9864334269783944f,3.361320223650835f,0f,0f,0f,1f], start_interpolation: 0, interpolation_duration: 1 }
$data merge entity $(bone_eyelid_expressions_left6) { transformation: [-0.9857329892656688f,0.04458142415679451f,0.16230517703856898f,0.18600999734238632f,0.0492118695523302f,0.9984848863398111f,0.024619578512625973f,4.037579572824298f,-0.16096169037548555f,0.032255671921801427f,-0.9864334269783944f,3.3770391387265657f,0f,0f,0f,1f], start_interpolation: 0, interpolation_duration: 1 }
$data merge entity $(bone_left_eye1) { transformation: [-0.9857329892656688f,0.04458142415679451f,0.16230517703856898f,-0.022017584456113987f,0.0492118695523302f,0.9984848863398111f,0.024619578512625973f,3.9170349465453835f,-0.16096169037548555f,0.032255671921801427f,-0.9864334269783944f,2.8547055252338174f,0f,0f,0f,1f], start_interpolation: 0, interpolation_duration: 1 }
$data merge entity $(bone_crest_middle5) { transformation: [-0.9857329892656688f,0.07865393625438193f,0.14880871004434137f,-0.03558510071594875f,0.0492118695523302f,0.9801454597717497f,-0.19207568712356682f,5.109961910806664f,-0.16096169037548555f,-0.1820121864066182f,-0.9700324212267076f,3.302514655109722f,0f,0f,0f,1f], start_interpolation: 0, interpolation_duration: 1 }
$data merge entity $(bone_crest_middle4) { transformation: [-0.9857329892656688f,0.07865393625438193f,0.14880871004434137f,-0.08167139149000066f,0.0492118695523302f,0.9801454597717497f,-0.19207568712356682f,4.535657930471655f,-0.16096169037548555f,-0.1820121864066182f,-0.9700324212267076f,3.4091624205823496f,0f,0f,0f,1f], start_interpolation: 0, interpolation_duration: 1 }
$data merge entity $(bone_crest_middle1) { transformation: [-0.9857329892656688f,0.07865393625438193f,0.14880871004434137f,-0.1271352315159623f,0.0492118695523302f,0.9801454597717497f,-0.19207568712356682f,4.118998048734546f,-0.16096169037548555f,-0.1820121864066182f,-0.9700324212267076f,3.5601958442985175f,0f,0f,0f,1f], start_interpolation: 0, interpolation_duration: 1 }
$data merge entity $(bone_crest_left5) { transformation: [-0.5672335408429842f,-0.7793126492051431f,0.2663041586824967f,-1.0211306238443503f,-0.8156720936759662f,0.5762591199541963f,-0.051033932514373256f,4.598306138986071f,-0.11368881097538532f,-0.24616502891043862f,-0.9625370812600033f,3.2147084823126337f,0f,0f,0f,1f], start_interpolation: 0, interpolation_duration: 1 }
$data merge entity $(bone_crest_left4) { transformation: [-0.5672335408429842f,-0.7793126492051431f,0.2663041586824967f,-0.6406068693496514f,-0.8156720936759662f,0.5762591199541963f,-0.051033932514373256f,4.316929615570936f,-0.11368881097538532f,-0.24616502891043862f,-0.9625370812600033f,3.3349062503353086f,0f,0f,0f,1f], start_interpolation: 0, interpolation_duration: 1 }
$data merge entity $(bone_crest_left1) { transformation: [-0.5672335408429842f,-0.7793126492051431f,0.2663041586824967f,-0.20902760665731399f,-0.8156720936759662f,0.5762591199541963f,-0.051033932514373256f,4.004923548578234f,-0.11368881097538532f,-0.24616502891043862f,-0.9625370812600033f,3.4201249142393526f,0f,0f,0f,1f], start_interpolation: 0, interpolation_duration: 1 }
$data merge entity $(bone_crest_center1) { transformation: [-0.9857329892656688f,0.04458142415679451f,0.16230517703856898f,-0.11385301916834646f,0.0492118695523302f,0.9984848863398111f,0.024619578512625973f,3.9757409415483855f,-0.16096169037548555f,0.032255671921801427f,-0.9864334269783944f,3.4350563474047027f,0f,0f,0f,1f], start_interpolation: 0, interpolation_duration: 1 }
$data merge entity $(bone_crest_right5) { transformation: [-0.49203435729099126f,0.8691801137312717f,0.049275969187170796f,0.8723414546821493f,0.8685551301489302f,0.493959540158229f,-0.040198987283840984f,4.503776178089821f,-0.059280495419796894f,0.023019612958624314f,-0.997975911674234f,3.5238961322719353f,0f,0f,0f,1f], start_interpolation: 0, interpolation_duration: 1 }
$data merge entity $(bone_crest_right4) { transformation: [-0.49203435729099126f,0.8691801137312717f,0.049275969187170796f,0.44793710227430183f,0.8685551301489302f,0.493959540158229f,-0.040198987283840984f,4.262584996371936f,-0.059280495419796894f,0.023019612958624314f,-0.997975911674234f,3.512656086881982f,0f,0f,0f,1f], start_interpolation: 0, interpolation_duration: 1 }
$data merge entity $(bone_crest_right1) { transformation: [-0.49203435729099126f,0.8691801137312717f,0.049275969187170796f,-0.016501632191363053f,0.8685551301489302f,0.493959540158229f,-0.040198987283840984f,3.9953118553062943f,-0.059280495419796894f,0.023019612958624314f,-0.997975911674234f,3.451562744390815f,0f,0f,0f,1f], start_interpolation: 0, interpolation_duration: 1 }
$data merge entity $(bone_head1) { transformation: [-0.9857329892656688f,0.04458142415679451f,0.16230517703856898f,0.06298122039093017f,0.0492118695523302f,0.9984848863398111f,0.024619578512625973f,3.8815042081322524f,-0.16096169037548555f,0.032255671921801427f,-0.9864334269783944f,2.323307899809787f,0f,0f,0f,1f], start_interpolation: 0, interpolation_duration: 1 }
$data merge entity $(bone_neck10) { transformation: [-1.297478595604916f,0.09188351384245405f,0.05939461907869341f,0.07773483233176301f,0.08326124861817079f,1.2877995964718465f,-0.17338042204913887f,3.371630778480687f,-0.0709779217086743f,-0.16896930536448898f,-1.2891208304185466f,1.455500099745919f,0f,0f,0f,1f], start_interpolation: 0, interpolation_duration: 1 }
$data merge entity $(bone_neck9) { transformation: [-0.9964635614245755f,0.006769320766208998f,0.08375289278237254f,0.07306594020185453f,0.06394463893875517f,0.7077232585719118f,0.7035899888623682f,2.6162467250405985f,-0.05451104387226186f,0.7064573345735177f,-0.7056533005118286f,0.6547379683156007f,0f,0f,0f,1f], start_interpolation: 0, interpolation_duration: 1 }
$data merge entity $(bone_neck8) { transformation: [-0.9964635614245755f,-0.014210106188462843f,0.08281572094212565f,0.09029288055941896f,0.06394463893875517f,0.5111522942601894f,0.8571081700832965f,2.1838841556626543f,-0.05451104387226186f,0.8593726810613991f,-0.5084359754593483f,-0.16735758420519675f,0f,0f,0f,1f], start_interpolation: 0, interpolation_duration: 1 }
$data merge entity $(bone_neck7) { transformation: [-0.9969969042277024f,-0.00884741812893913f,0.07693436262704388f,0.09850093448763397f,0.07115625577946832f,0.28738778570416845f,0.955167549643256f,1.9172646279097636f,-0.03056076281483579f,0.9577734511984065f,-0.28589518351253956f,-1.0559169383443432f,0f,0f,0f,1f], start_interpolation: 0, interpolation_duration: 1 }
$data merge entity $(bone_neck6) { transformation: [-0.9952056732934236f,-0.055247979697789586f,0.08070519551984377f,0.14572999877555803f,0.08290065783873055f,-0.03866895387728314f,0.9958073071312253f,1.9649978951143972f,-0.0518955564040825f,0.9977235953636403f,0.04306365614020141f,-1.8853812789220565f,0f,0f,0f,1f], start_interpolation: 0, interpolation_duration: 1 }
$data merge entity $(bone_neck_spine6) { transformation: [-1.0743772466738037f,0.26472074826770814f,-0.024044433525517397f,-0.1604355468775336f,-0.105349646955011f,-0.33214977252865935f,1.0504854392198761f,3.9134967060333157f,0.24404233492046587f,1.0220279504803702f,0.3476260702548392f,-4.533432395964904f,0f,0f,0f,1f], start_interpolation: 0, interpolation_duration: 1 }
$data merge entity $(bone_neck_spine7) { transformation: [-0.982921598115825f,0.1453011634830511f,-0.1129278701114313f,-0.957646696313762f,-0.09010025285464437f,0.1550917134326059f,0.9837827528779246f,4.6804116739143815f,0.160458955477598f,0.9771561453089318f,-0.13935132325180197f,-7.576040159589933f,0f,0f,0f,1f], start_interpolation: 0, interpolation_duration: 1 }
$data merge entity $(bone_tail6) { transformation: [-1.447442279134907f,-0.38344299496357265f,-0.008752135175979978f,-0.3787277267650955f,-0.13802830126727805f,0.4888857229329145f,1.4085926379353464f,4.030479603283752f,-0.3578453832398048f,1.3624083459850627f,-0.5079217086995109f,-10.889185137545734f,0f,0f,0f,1f], start_interpolation: 0, interpolation_duration: 1 }
$data merge entity $(bone_tail5) { transformation: [-1.195713187111445f,-0.31068952161445806f,-0.06212450477976156f,-0.5749526877847534f,-0.11402337930775144f,0.1956660524759531f,1.2160719237146622f,4.154058162742249f,-0.29561140354592574f,1.1812299843107685f,-0.21777759532640484f,-10.143145147454723f,0f,0f,0f,1f], start_interpolation: 0, interpolation_duration: 1 }
$data merge entity $(bone_tail4) { transformation: [-0.9713494282910321f,-0.2336686995584767f,-0.04335005196462166f,-0.6662295235497834f,-0.071679455144338f,0.11414153520225166f,0.9908752523157918f,4.198644699930629f,-0.22658849015096938f,0.9655934179499794f,-0.12762056003160582f,-9.765960218568011f,0f,0f,0f,1f], start_interpolation: 0, interpolation_duration: 1 }
$data merge entity $(bone_segment18) { transformation: [-0.9325395136831531f,-0.358456173631105f,-0.04335005196462166f,-0.8412569520805964f,-0.08596468743302935f,0.10380899220519188f,0.9908752523157918f,4.24933268440582f,-0.3506852262843845f,0.9277568995825844f,-0.12762056003160582f,-9.312953919943702f,0f,0f,0f,1f], start_interpolation: 0, interpolation_duration: 1 }
$data merge entity $(bone_segment17) { transformation: [-0.9801609355644475f,-0.1885423450884544f,-0.06112548160933599f,-0.9609371515996348f,-0.07521477626420489f,0.0684950381715626f,0.9948121265733555f,4.292810980120191f,-0.18337741907048621f,0.9796735241162857f,-0.08131733099791827f,-8.691090843112075f,0f,0f,0f,1f], start_interpolation: 0, interpolation_duration: 1 }
$data merge entity $(bone_segment16) { transformation: [-0.9974413327941053f,-0.012277395433331782f,-0.07042764510682409f,-0.9711283489808183f,-0.07078581891512951f,0.031701203177308526f,0.996987663693802f,4.319125455413855f,-0.01000777070249162f,0.9994219825871777f,-0.03248915583824491f,-7.861492517722327f,0f,0f,0f,1f], start_interpolation: 0, interpolation_duration: 1 }
$data merge entity $(bone_segment15) { transformation: [-0.982921598115825f,0.16957802990583126f,-0.07147323786348031f,-0.7972446269094093f,-0.09010025285464437f,-0.10481462124021634f,0.9904018576364845f,4.211649525431211f,0.160458955477598f,0.9799271334887749f,0.11830357838844588f,-6.856684421859814f,0f,0f,0f,1f], start_interpolation: 0, interpolation_duration: 1 }
$data merge entity $(bone_segment14) { transformation: [-0.9494812719591897f,0.31179093988852896f,-0.03566123949313871f,-0.4775371201877734f,-0.13026605350180392f,-0.2881878467189034f,0.9486719771915829f,3.916144409166711f,0.28551019159361796f,0.9053917245076575f,0.314244738522741f,-5.92830423559708f,0f,0f,0f,1f], start_interpolation: 0, interpolation_duration: 1 }
$data merge entity $(bone_segment13) { transformation: [-0.970731441700566f,0.23932173613956972f,0.02013888539822458f,-0.2209448896574859f,-0.09518650454288052f,-0.46036499877674897f,0.8826118043931841f,3.400063831697496f,0.22049942731637384f,0.854862079234087f,0.46967097849529177f,-5.0214617912710775f,0f,0f,0f,1f], start_interpolation: 0, interpolation_duration: 1 }
$data merge entity $(bone_segment12) { transformation: [-0.9757050547656455f,0.21706663411435043f,0.02969381179699903f,0.03343007219526853f,-0.08434625459166745f,-0.49725520604654755f,0.8634946261534945f,2.817342887111698f,0.20220127457839254f,0.8400115096913092f,0.5034831756325141f,-4.037073303351574f,0f,0f,0f,1f], start_interpolation: 0, interpolation_duration: 1 }
$data merge entity $(bone_segment11) { transformation: [-1.0282197172549374f,0.1189261448444749f,0.01300949786386942f,0.1708683415262573f,-0.040231075724922793f,-0.4497295365302725f,0.9314898101602317f,2.297608145448457f,0.1126682542167694f,0.9247423305757988f,0.4513379536966152f,-2.9683849534714812f,0f,0f,0f,1f], start_interpolation: 0, interpolation_duration: 1 }
$data merge entity $(bone_segment10) { transformation: [-0.9997307175925251f,-0.022258759889715905f,-0.006560480935642009f,0.14465961965153473f,0f,-0.28271309704718073f,0.9592045166480355f,1.9810153067579255f,-0.02320543690463396f,0.9589462197465316f,0.282636967383783f,-1.8392674783436156f,0f,0f,0f,1f], start_interpolation: 0, interpolation_duration: 1 }