# This file was generated by Animated Java via MC-Build. It is not recommended to edit this file directly.
$data merge entity $(bone_neck_spine5) { transformation: [-1.5658896812783025f,0.0721366810462759f,0.12167580232077733f,0.31522389791499683f,0.12161692626647472f,1.3772420297042764f,0.7486206719148104f,3.682296674982075f,-0.07223589736600401f,0.7549966135157928f,-1.3772368294044621f,0.20775182429871275f,0f,0f,0f,1f], start_interpolation: 0, interpolation_duration: 1 }
$data merge entity $(bone_neck_spine2) { transformation: [-1.4913235059793353f,0.13052011549280784f,0.03336137960687879f,0.24106195360211014f,0.11582564406330921f,1.4316304116061047f,-0.42333564275392965f,5.2237794150902275f,-0.06879609272952761f,-0.41903835826843727f,-1.435920691963477f,1.9662544668508737f,0f,0f,0f,1f], start_interpolation: 0, interpolation_duration: 1 }
$data merge entity $(bone_scale_neck_left1) { transformation: [-1.5489571199665046f,0.5323033935608207f,0.17447068105093422f,0.9461585890948955f,0.5428980039458625f,1.5529343665483513f,0.08192491283084798f,4.291285343494864f,-0.13801695060513822f,0.13454750549295846f,-1.63581886862481f,2.2223458269851606f,0f,0f,0f,1f], start_interpolation: 0, interpolation_duration: 1 }
$data merge entity $(bone_scale_neck_right1) { transformation: [-1.620160237543774f,-0.2967305027508006f,-0.009321708911432669f,-0.6197310921834064f,-0.29676424586176847f,1.6173223981227283f,0.09619939576897246f,4.4129022697613385f,-0.00817727936836405f,0.09630342727793562f,-1.64429737664278f,2.1501099296191564f,0f,0f,0f,1f], start_interpolation: 0, interpolation_duration: 1 }
$data merge entity $(bone_blush_right1) { transformation: [-0.9908439420848575f,0.061247674947637616f,0.12032042531194631f,-0.6343411757264307f,0.06579254137566819f,0.9972481868034425f,0.03416716869418998f,4.255853317003898f,-0.11789666633569462f,0.04177051867950382f,-0.9921469648374556f,3.4760722325328746f,0f,0f,0f,1f], start_interpolation: 0, interpolation_duration: 1 }
$data merge entity $(bone_blush_left1) { transformation: [-0.9908439420848575f,0.061247674947637616f,0.12032042531194631f,0.678720571743444f,0.06579254137566819f,0.9972481868034425f,0.03416716869418998f,4.1686653495754005f,-0.11789666633569462f,0.04177051867950382f,-0.9921469648374556f,3.6323083421203135f,0f,0f,0f,1f], start_interpolation: 0, interpolation_duration: 1 }
$data merge entity $(bone_left_head_scales) { transformation: [-0.9344471001499238f,0.061247674947637616f,-0.35079529548570976f,0.7818517373151173f,0.04258205417983438f,0.9972481868034425f,0.060686263512197684f,4.909328133568725f,0.3535468649036838f,0.04177051867950382f,-0.9344837281012558f,3.274144397812416f,0f,0f,0f,1f], start_interpolation: 0, interpolation_duration: 1 }
$data merge entity $(bone_left_head_scales2) { transformation: [-0.8806648015008427f,0.061247674947637616f,-0.46976401491705305f,0.7065557077075613f,0.03429661190702816f,0.9972481868034425f,0.06572515750414708f,4.007607265933066f,0.47249682518423297f,0.04177051867950382f,-0.8803419642162162f,3.4037503296965155f,0f,0f,0f,1f], start_interpolation: 0, interpolation_duration: 1 }
$data merge entity $(bone_left_head_scales1) { transformation: [-0.9908439420848575f,0.061247674947637616f,0.12032042531194631f,0.7749733363200212f,0.06579254137566819f,0.9972481868034425f,0.03416716869418998f,4.797332487589823f,-0.11789666633569462f,0.04177051867950382f,-0.9921469648374556f,3.2694533727654016f,0f,0f,0f,1f], start_interpolation: 0, interpolation_duration: 1 }
$data merge entity $(bone_right_head_scales) { transformation: [-0.8233315210866424f,0.061247674947637616f,0.5642463368943247f,-0.553465294010179f,0.07413533970525375f,0.9972481868034425f,-0.00007296597064906929f,4.997993863157028f,-0.5626981053744023f,0.04177051867950382f,-0.8256064837301748f,3.1152602185709526f,0f,0f,0f,1f], start_interpolation: 0, interpolation_duration: 1 }
$data merge entity $(bone_right_head_scales2) { transformation: [-0.7426388799595061f,0.061247674947637616f,0.6668854596450566f,-0.628761323617735f,0.0734915776266652f,0.9972481868034425f,-0.009748945337321947f,4.096272995521368f,-0.6656474156717158f,0.04177051867950382f,-0.7450964647472242f,3.244866150455052f,0f,0f,0f,1f], start_interpolation: 0, interpolation_duration: 1 }
$data merge entity $(bone_right_head_scales1) { transformation: [-0.9908439420848575f,0.061247674947637616f,0.12032042531194631f,-0.560343695005275f,0.06579254137566819f,0.9972481868034425f,0.03416716869418998f,4.885998217178125f,-0.11789666633569462f,0.04177051867950382f,-0.9921469648374556f,3.110569193523938f,0f,0f,0f,1f], start_interpolation: 0, interpolation_duration: 1 }
$data merge entity $(bone_head_left_fin1) { transformation: [-0.590478780492776f,0.22468145708082432f,-0.8363780548633344f,0.7593137221825353f,0.273889517253665f,1.008778150290904f,0.07762972278316059f,4.3802270111784f,0.8215805134930427f,-0.1748144283658352f,-0.6269932802740458f,3.168295334273085f,0f,0f,0f,1f], start_interpolation: 0, interpolation_duration: 1 }
$data merge entity $(bone_head_right_fin1) { transformation: [-0.41271227862763454f,-0.04412289988775663f,0.9624951650791052f,-0.5760033091427609f,-0.20727712103110488f,1.0266268962201601f,-0.041816373343355896f,4.4688927407667025f,-0.9409463152551351f,-0.20679841316612949f,-0.4129523533592325f,3.0094111550316214f,0f,0f,0f,1f], start_interpolation: 0, interpolation_duration: 1 }
$data merge entity $(bone_right_whisker16) { transformation: [-0.04652983726997849f,-0.4223422865929079f,0.9052413861501821f,-0.9193942322952837f,0.9741272800132653f,0.1814514603928031f,0.1347271682151628f,2.725233997317555f,-0.22115835181513513f,0.8880891624588119f,0.4029722359488549f,1.5415171183334846f,0f,0f,0f,1f], start_interpolation: 0, interpolation_duration: 1 }
$data merge entity $(bone_right_whisker15) { transformation: [0.5106791849386221f,-0.15425467308033647f,0.845820469073256f,-1.0914492311271438f,0.09378203113269656f,0.9878977795561904f,0.12354314139026362f,2.6936375122191367f,-0.8546412701871182f,0.016231850813363563f,0.5189651494196138f,1.8294577806523868f,0f,0f,0f,1f], start_interpolation: 0, interpolation_duration: 1 }
$data merge entity $(bone_right_whisker14) { transformation: [0.6874368032862145f,-0.08997711646136942f,0.7206488465271608f,-1.3230563572343153f,-0.4780500691348708f,0.6909371074859723f,0.5422859438516392f,2.8546993030897716f,-0.5467163550578817f,-0.7172935466126926f,0.4319620296970663f,2.01365420887013f,0f,0f,0f,1f], start_interpolation: 0, interpolation_duration: 1 }
$data merge entity $(bone_right_whisker13) { transformation: [0.27564483846013454f,-0.3028503711044538f,0.9123056372467402f,-1.4159249795670754f,-0.12360469235722231f,0.930027400597837f,0.3460793466309524f,2.896343462135906f,-0.9532794989181101f,-0.2081602432241207f,0.21892352565065282f,2.3348274775485947f,0f,0f,0f,1f], start_interpolation: 0, interpolation_duration: 1 }
$data merge entity $(bone_right_whisker12) { transformation: [-0.4276516391311883f,-0.1903101699030075f,0.8836832660970195f,-1.2238158448011118f,-0.5485237210367103f,0.8316646159687306f,-0.08634636069704865f,3.1427506024453655f,-0.71849551356181f,-0.5216473960225163f,-0.4600523787727645f,2.657589134031439f,0f,0f,0f,1f], start_interpolation: 0, interpolation_duration: 1 }
$data merge entity $(bone_right_whisker11) { transformation: [-0.8826092394355141f,-0.09323825595938645f,0.4607684430261203f,-0.8273312255234394f,-0.24169564786527983f,0.9306731302870589f,-0.27464656991244163f,3.251324819259847f,-0.40321724202474996f,-0.3537713275370672f,-0.8439559843656632f,2.838721879472245f,0f,0f,0f,1f], start_interpolation: 0, interpolation_duration: 1 }
$data merge entity $(bone_right_whisker10) { transformation: [-0.4618227344403097f,-0.45750933273350725f,0.7598716815461779f,-0.6198717940365817f,-0.6699965776015133f,0.7413313255661567f,0.03914654182152327f,3.5522998443542764f,-0.5812265891684022f,-0.49103266306434834f,-0.648893347051424f,3.099819761325238f,0f,0f,0f,1f], start_interpolation: 0, interpolation_duration: 1 }
$data merge entity $(bone_right_whisker1) { transformation: [0.056843459207341906f,-0.4861969303438981f,0.8719984897174501f,-0.6454069417273798f,-0.8888865024817101f,0.37303852821761874f,0.2659380419779494f,3.951604327890982f,-0.45458729288352984f,-0.7902245259351317f,-0.4109690885692262f,3.3040288968002614f,0f,0f,0f,1f], start_interpolation: 0, interpolation_duration: 1 }
$data merge entity $(bone_left_whisker16) { transformation: [-0.22351070660461736f,0.22311465581195727f,-0.948821803288171f,1.2057976085625777f,-0.956196450645127f,0.13859279134747404f,0.25783790636789133f,2.584120178902647f,0.18902727794359878f,0.9648895732406007f,0.1823644692499221f,1.79438542858804f,0f,0f,0f,1f], start_interpolation: 0, interpolation_duration: 1 }
$data merge entity $(bone_left_whisker15) { transformation: [0.2801606521045941f,0.27364115013355744f,-0.9201252794950873f,1.3001876720157857f,-0.14629419827650728f,0.959485279406026f,0.24080283668132868f,2.5348316062411285f,0.9487402260697936f,0.06714551032440443f,0.3088421342374008f,2.1140293524103826f,0f,0f,0f,1f], start_interpolation: 0, interpolation_duration: 1 }
$data merge entity $(bone_left_whisker14) { transformation: [0.5969717767593231f,0.3443658788625904f,-0.7245942583460157f,1.501315858521612f,0.39276468658703867f,0.6620965118307627f,0.6382508205961996f,2.667159552405707f,0.6995431357128757f,-0.6656127631714496f,0.2599981745710251f,2.349715272157396f,0f,0f,0f,1f], start_interpolation: 0, interpolation_duration: 1 }
$data merge entity $(bone_left_whisker13) { transformation: [0.058992509941573235f,0.461700114310957f,-0.8850722502801918f,1.521191264703099f,0.10138460233554096f,0.8792608597643333f,0.4654261519250392f,2.7013174506535207f,0.9930966952820144f,-0.11718935502738534f,0.005060522523193223f,2.684303514220184f,0f,0f,0f,1f], start_interpolation: 0, interpolation_duration: 1 }
$data merge entity $(bone_left_whisker12) { transformation: [-0.508409516723212f,0.41367955601174283f,-0.7552410133481875f,1.2928041771125935f,0.610678657561954f,0.7915593911750957f,0.02247904448239918f,2.9756457538551797f,0.6071172378574008f,-0.4497810080255046f,-0.655061603451127f,2.9570319609139384f,0f,0f,0f,1f], start_interpolation: 0, interpolation_duration: 1 }
$data merge entity $(bone_left_whisker11) { transformation: [-0.9131254081907036f,0.2938336848845531f,-0.2826017596260253f,0.8826111226519258f,0.3609333411947413f,0.9049713566760194f,-0.22528641061982774f,3.137783778220005f,0.18954976162095583f,-0.3077151429863829f,-0.9324067131066298f,3.042181267892102f,0f,0f,0f,1f], start_interpolation: 0, interpolation_duration: 1 }
$data merge entity $(bone_left_whisker10) { transformation: [-0.49342644383278234f,0.6522072207223306f,-0.5754616284029606f,0.6609547123364181f,0.7334256085681508f,0.6676455823754754f,0.12781335231872326f,3.467252313318979f,0.46756520531683277f,-0.35899180711008616f,-0.8077794632230155f,3.252220324968023f,0f,0f,0f,1f], start_interpolation: 0, interpolation_duration: 1 }
$data merge entity $(bone_left_whisker1) { transformation: [0.06445718764298757f,0.7017323582000569f,-0.7095188287960678f,0.6899100895979164f,0.8808320778767584f,0.2941594196635062f,0.37095159577300835f,3.862938598302679f,0.46902038499884957f,-0.6488774408763309f,-0.5991476822765109f,3.462913076041725f,0f,0f,0f,1f], start_interpolation: 0, interpolation_duration: 1 }
$data merge entity $(bone_upper_left_tooth1) { transformation: [-0.9908439420848575f,0.07150122508906004f,0.11452448316627628f,0.24337989568638943f,0.06579254137566819f,0.9964312213403227f,-0.05287875412265108f,4.260913893142f,-0.11789666633569462f,-0.04485973639017922f,-0.9920120866793578f,4.341945139614557f,0f,0f,0f,1f], start_interpolation: 0, interpolation_duration: 1 }
$data merge entity $(bone_upper_right_tooth1) { transformation: [-0.9908439420848575f,0.07150122508906004f,0.11452448316627628f,-0.42427861997625865f,0.06579254137566819f,0.9964312213403227f,-0.05287875412265108f,4.3052467579361515f,-0.11789666633569462f,-0.04485973639017922f,-0.9920120866793578f,4.262503049993826f,0f,0f,0f,1f], start_interpolation: 0, interpolation_duration: 1 }
$data merge entity $(bone_top_lip1) { transformation: [-0.9908439420848575f,0.10635885374016993f,0.0831629524777486f,-0.05379698622767248f,0.06579254137566819f,0.9182534667502795f,-0.3904893241823959f,4.40432738581578f,-0.11789666633569462f,-0.3814424793231221f,-0.9168435041133027f,4.299992469696542f,0f,0f,0f,1f], start_interpolation: 0, interpolation_duration: 1 }
$data merge entity $(bone_muzzle1) { transformation: [-0.9908439420848575f,0.07150122508906004f,0.11452448316627628f,0.02255607934700693f,0.06579254137566819f,0.9964312213403227f,-0.05287875412265108f,4.542490571421914f,-0.11789666633569462f,-0.04485973639017922f,-0.9920120866793578f,3.7353974947278537f,0f,0f,0f,1f], start_interpolation: 0, interpolation_duration: 1 }
$data merge entity $(bone_jaw_right_tooth1) { transformation: [-0.9908439420848575f,0.12838803494071072f,0.041770742365942755f,-0.4231205208007536f,0.06579254137566819f,0.7293207920923094f,-0.6810011187370967f,4.341685469888323f,-0.11789666633569462f,-0.6720176297582595f,-0.7310900637821723f,4.2731047060902565f,0f,0f,0f,1f], start_interpolation: 0, interpolation_duration: 1 }
$data merge entity $(bone_jaw_left_tooth1) { transformation: [-0.9908439420848575f,0.12838803494071072f,0.041770742365942755f,0.30017620450044846f,0.06579254137566819f,0.7293207920923094f,-0.6810011187370967f,4.293658199694659f,-0.11789666633569462f,-0.6720176297582595f,-0.7310900637821723f,4.359166969846049f,0f,0f,0f,1f], start_interpolation: 0, interpolation_duration: 1 }
$data merge entity $(bone_tongue1) { transformation: [-0.9908439420848575f,0.09870599729878632f,0.09211627723150298f,0.011736117876995938f,0.06579254137566819f,0.948792622165141f,-0.3089723314866991f,4.061644220718792f,-0.11789666633569462f,-0.30008279894430423f,-0.9465995403784445f,3.5579945977852967f,0f,0f,0f,1f], start_interpolation: 0, interpolation_duration: 1 }
$data merge entity $(bone_jaw_lips1) { transformation: [-0.9908439420848575f,0.09870599729878632f,0.09211627723150298f,-0.02813427294532911f,0.06579254137566819f,0.948792622165141f,-0.3089723314866991f,4.213005547586963f,-0.11789666633569462f,-0.30008279894430423f,-0.9465995403784445f,4.45383099934036f,0f,0f,0f,1f], start_interpolation: 0, interpolation_duration: 1 }
$data merge entity $(bone_jaw3) { transformation: [-0.9908439420848575f,0.11918411891197339f,0.06343049923274853f,0.018815321955271608f,0.06579254137566819f,0.8364953737433487f,-0.5440099550608484f,3.6537895393138755f,-0.11789666633569462f,-0.5348557146606474f,-0.8366777997304448f,3.7471785837782265f,0f,0f,0f,1f], start_interpolation: 0, interpolation_duration: 1 }
$data merge entity $(bone_jaw1) { transformation: [-0.9908439420848575f,0.03942376255087563f,0.12912803483392482f,0.13482879075137597f,0.06579254137566819f,0.9761646794616122f,0.2068184229485826f,3.839602966181743f,-0.11789666633569462f,0.21342044306471677f,-0.9698206486505585f,2.87585534475624f,0f,0f,0f,1f], start_interpolation: 0, interpolation_duration: 1 }
$data merge entity $(bone_tear_right1) { transformation: [-0.9908439420848575f,0.061247674947637616f,0.12032042531194631f,-0.5667898555931131f,0.06579254137566819f,0.9972481868034425f,0.03416716869418998f,4.640690252647878f,-0.11789666633569462f,0.04177051867950382f,-0.9921469648374556f,3.5993914736886157f,0f,0f,0f,1f], start_interpolation: 0, interpolation_duration: 1 }
$data merge entity $(bone_right_pupil1) { transformation: [-0.9908439420848575f,0.061247674947637616f,0.12032042531194631f,-0.38441324753404577f,0.06579254137566819f,0.9972481868034425f,0.03416716869418998f,4.738192104530807f,-0.11789666633569462f,0.04177051867950382f,-0.9921469648374556f,3.6927826839163034f,0f,0f,0f,1f], start_interpolation: 0, interpolation_duration: 1 }
$data merge entity $(bone_right_sad_pupil1) { transformation: [-0.9908439420848575f,0.061247674947637616f,0.12032042531194631f,-0.3830619927575933f,0.06579254137566819f,0.9972481868034425f,0.03416716869418998f,4.738575817851102f,-0.11789666633569462f,0.04177051867950382f,-0.9921469648374556f,3.681640408432289f,0f,0f,0f,1f], start_interpolation: 0, interpolation_duration: 1 }
$data merge entity $(bone_right_happy_pupil1) { transformation: [-0.9908439420848575f,0.061247674947637616f,0.12032042531194631f,-0.41260031973021943f,0.06579254137566819f,0.9972481868034425f,0.03416716869418998f,4.712424443798006f,-0.11789666633569462f,0.04177051867950382f,-0.9921469648374556f,3.6771576224833997f,0f,0f,0f,1f], start_interpolation: 0, interpolation_duration: 1 }
$data merge entity $(bone_eyelid_right1) { transformation: [-0.9908439420848575f,0.061247674947637616f,0.12032042531194631f,0.10947611586889243f,0.06579254137566819f,0.9972481868034425f,0.03416716869418998f,4.673316715656014f,-0.11789666633569462f,0.04177051867950382f,-0.9921469648374556f,3.173156504917146f,0f,0f,0f,1f], start_interpolation: 0, interpolation_duration: 1 }
$data merge entity $(bone_eyelid_expressions_right5) { transformation: [-0.9908439420848575f,0.061247674947637616f,0.12032042531194631f,-0.5041511178466298f,0.06579254137566819f,0.9972481868034425f,0.03416716869418998f,4.85906857260469f,-0.11789666633569462f,0.04177051867950382f,-0.9921469648374556f,3.671105075337778f,0f,0f,0f,1f], start_interpolation: 0, interpolation_duration: 1 }
$data merge entity $(bone_eyelid_expressions_right7) { transformation: [-0.9908439420848575f,0.061247674947637616f,0.12032042531194631f,-0.17032186001530572f,0.06579254137566819f,0.9972481868034425f,0.03416716869418998f,4.836902140207614f,-0.11789666633569462f,0.04177051867950382f,-0.9921469648374556f,3.710826120148144f,0f,0f,0f,1f], start_interpolation: 0, interpolation_duration: 1 }
$data merge entity $(bone_eyelid_expressions_right6) { transformation: [-0.9908439420848575f,0.061247674947637616f,0.12032042531194631f,-0.28159827929241377f,0.06579254137566819f,0.9972481868034425f,0.03416716869418998f,4.844290951006639f,-0.11789666633569462f,0.04177051867950382f,-0.9921469648374556f,3.697585771878022f,0f,0f,0f,1f], start_interpolation: 0, interpolation_duration: 1 }
$data merge entity $(bone_right_eye1) { transformation: [-0.9908439420848575f,0.061247674947637616f,0.12032042531194631f,0.0969972191647291f,0.06579254137566819f,0.9972481868034425f,0.03416716869418998f,4.67367188341562f,-0.11789666633569462f,0.04177051867950382f,-0.9921469648374556f,3.182974745574148f,0f,0f,0f,1f], start_interpolation: 0, interpolation_duration: 1 }
$data merge entity $(bone_tear_left1) { transformation: [-0.9908439420848575f,0.061247674947637616f,0.12032042531194631f,0.6349954725996535f,0.06579254137566819f,0.9972481868034425f,0.03416716869418998f,4.5608910960184055f,-0.11789666633569462f,0.04177051867950382f,-0.9921469648374556f,3.742387235005933f,0f,0f,0f,1f], start_interpolation: 0, interpolation_duration: 1 }
$data merge entity $(bone_left_sad_pupil1) { transformation: [-0.9908439420848575f,0.061247674947637616f,0.12032042531194631f,0.4515111518207168f,0.06579254137566819f,0.9972481868034425f,0.03416716869418998f,4.683159736858413f,-0.11789666633569462f,0.04177051867950382f,-0.9921469648374556f,3.7809430204582037f,0f,0f,0f,1f], start_interpolation: 0, interpolation_duration: 1 }
$data merge entity $(bone_left_pupil1) { transformation: [-0.9908439420848575f,0.061247674947637616f,0.12032042531194631f,0.45015989704426435f,0.06579254137566819f,0.9972481868034425f,0.03416716869418998f,4.682776023538118f,-0.11789666633569462f,0.04177051867950382f,-0.9921469648374556f,3.7920852959422184f,0f,0f,0f,1f], start_interpolation: 0, interpolation_duration: 1 }
$data merge entity $(bone_eyelid_left1) { transformation: [-0.9908439420848575f,0.061247674947637616f,0.12032042531194631f,0.08722083201347082f,0.06579254137566819f,0.9972481868034425f,0.03416716869418998f,4.674794477815819f,-0.11789666633569462f,0.04177051867950382f,-0.9921469648374556f,3.1705084352631214f,0f,0f,0f,1f], start_interpolation: 0, interpolation_duration: 1 }
$data merge entity $(bone_left_happy_pupil1) { transformation: [-0.9908439420848575f,0.061247674947637616f,0.12032042531194631f,0.4776110344866446f,0.06579254137566819f,0.9972481868034425f,0.03416716869418998f,4.653313957405804f,-0.11789666633569462f,0.04177051867950382f,-0.9921469648374556f,3.7830804086443752f,0f,0f,0f,1f], start_interpolation: 0, interpolation_duration: 1 }
$data merge entity $(bone_eyelid_expressions_left5) { transformation: [-0.9908439420848575f,0.061247674947637616f,0.12032042531194631f,0.5863577910690289f,0.06579254137566819f,0.9972481868034425f,0.03416716869418998f,4.786658226774242f,-0.11789666633569462f,0.04177051867950382f,-0.9921469648374556f,3.8008604883849735f,0f,0f,0f,1f], start_interpolation: 0, interpolation_duration: 1 }
$data merge entity $(bone_eyelid_expressions_left7) { transformation: [-0.9908439420848575f,0.061247674947637616f,0.12032042531194631f,0.25252853323770474f,0.06579254137566819f,0.9972481868034425f,0.03416716869418998f,4.808824659171317f,-0.11789666633569462f,0.04177051867950382f,-0.9921469648374556f,3.7611394435746077f,0f,0f,0f,1f], start_interpolation: 0, interpolation_duration: 1 }
$data merge entity $(bone_eyelid_expressions_left6) { transformation: [-0.9908439420848575f,0.061247674947637616f,0.12032042531194631f,0.36380495251481276f,0.06579254137566819f,0.9972481868034425f,0.03416716869418998f,4.801435848372292f,-0.11789666633569462f,0.04177051867950382f,-0.9921469648374556f,3.7743797918447295f,0f,0f,0f,1f], start_interpolation: 0, interpolation_duration: 1 }
$data merge entity $(bone_left_eye1) { transformation: [-0.9908439420848575f,0.061247674947637616f,0.12032042531194631f,0.0969972191647291f,0.06579254137566819f,0.9972481868034425f,0.03416716869418998f,4.67367188341562f,-0.11789666633569462f,0.04177051867950382f,-0.9921469648374556f,3.182974745574148f,0f,0f,0f,1f], start_interpolation: 0, interpolation_duration: 1 }
$data merge entity $(bone_crest_middle5) { transformation: [-0.9908439420848575f,0.08583796690014417f,0.10421192768675225f,0.12450534581999242f,0.06579254137566819f,0.9810045516853229f,-0.18248674218147934f,6.0392723651950915f,-0.11789666633569462f,-0.17395951543715124f,-0.977669915183955f,3.7138639343101634f,0f,0f,0f,1f], start_interpolation: 0, interpolation_duration: 1 }
$data merge entity $(bone_crest_middle4) { transformation: [-0.9908439420848575f,0.08583796690014417f,0.10421192768675225f,0.0666653095298562f,0.06579254137566819f,0.9810045516853229f,-0.18248674218147934f,5.378243907516505f,-0.11789666633569462f,-0.17395951543715124f,-0.977669915183955f,3.8310827484230874f,0f,0f,0f,1f], start_interpolation: 0, interpolation_duration: 1 }
$data merge entity $(bone_crest_middle1) { transformation: [-0.9908439420848575f,0.08583796690014417f,0.10421192768675225f,0.014507628881617565f,0.06579254137566819f,0.9810045516853229f,-0.18248674218147934f,4.897843217253926f,-0.11789666633569462f,-0.17395951543715124f,-0.977669915183955f,4.001344896085071f,0f,0f,0f,1f], start_interpolation: 0, interpolation_duration: 1 }
$data merge entity $(bone_crest_left5) { transformation: [-0.5840358271417826f,-0.7801882549283973f,0.22407239786862568f,-1.0210556567039313f,-0.8057202833891454f,0.590710898822473f,-0.043306569336086474f,5.4690311367423465f,-0.09857473078902576f,-0.20583226395326865f,-0.9736098302532402f,3.6549151804114257f,0f,0f,0f,1f], start_interpolation: 0, interpolation_duration: 1 }
$data merge entity $(bone_crest_left4) { transformation: [-0.5840358271417826f,-0.7801882549283973f,0.22407239786862568f,-0.5829616658994115f,-0.8057202833891454f,0.590710898822473f,-0.043306569336086474f,5.137333122266837f,-0.09857473078902576f,-0.20583226395326865f,-0.9736098302532402f,3.7704948208148723f,0f,0f,0f,1f], start_interpolation: 0, interpolation_duration: 1 }
$data merge entity $(bone_crest_left1) { transformation: [-0.5840358271417826f,-0.7801882549283973f,0.22407239786862568f,-0.08847608570443428f,-0.8057202833891454f,0.590710898822473f,-0.043306569336086474f,4.770033540975783f,-0.09857473078902576f,-0.20583226395326865f,-0.9736098302532402f,3.8429619513919047f,0f,0f,0f,1f], start_interpolation: 0, interpolation_duration: 1 }
$data merge entity $(bone_crest_center1) { transformation: [-0.9908439420848575f,0.061247674947637616f,0.12032042531194631f,0.021080755334782902f,0.06579254137566819f,0.9972481868034425f,0.03416716869418998f,4.734646177068099f,-0.11789666633569462f,0.04177051867950382f,-0.9921469648374556f,3.855029558411553f,0f,0f,0f,1f], start_interpolation: 0, interpolation_duration: 1 }
$data merge entity $(bone_crest_right5) { transformation: [-0.48072429688825113f,0.8768518213534081f,0.005918933223717088f,1.167727373576223f,0.8764208968157229f,0.4806825955252679f,-0.028821068401705917f,5.323694831027984f,-0.028116934506104002f,-0.0086675110788558f,-0.9995670624053583f,3.9153499589288185f,0f,0f,0f,1f], start_interpolation: 0, interpolation_duration: 1 }
$data merge entity $(bone_crest_right4) { transformation: [-0.48072429688825113f,0.8768518213534081f,0.005918933223717088f,0.6753545246717213f,0.8764208968157229f,0.4806825955252679f,-0.028821068401705917f,5.053780287642214f,-0.028116934506104002f,-0.0086675110788558f,-0.9995670624053583f,3.920216969544387f,0f,0f,0f,1f], start_interpolation: 0, interpolation_duration: 1 }
$data merge entity $(bone_crest_right1) { transformation: [-0.48072429688825113f,0.8768518213534081f,0.005918933223717088f,0.13407675284978174f,0.8764208968157229f,0.4806825955252679f,-0.028821068401705917f,4.755255919377732f,-0.028116934506104002f,-0.0086675110788558f,-0.9995670624053583f,3.8694426479321486f,0f,0f,0f,1f], start_interpolation: 0, interpolation_duration: 1 }
$data merge entity $(bone_head1) { transformation: [-1.0385799132530076f,0.06419840928756283f,0.126117112468902f,0.16787703137206977f,0.0689622341242355f,1.045292695803087f,0.03581324322763401f,4.638778293042454f,-0.12357658385447151f,0.04378290043880281f,-1.0399457118413429f,2.5678040814298493f,0f,0f,0f,1f], start_interpolation: 0, interpolation_duration: 1 }
$data merge entity $(bone_neck10) { transformation: [-1.4913235059793353f,0.12504896396396703f,0.05011226206297857f,0.1660673289027519f,0.11582564406330921f,1.4746390044530442f,-0.23284868135139275f,4.030481906243673f,-0.06879609272952761f,-0.22802816677178564f,-1.4783316726864364f,1.5829012146722992f,0f,0f,0f,1f], start_interpolation: 0, interpolation_duration: 1 }
$data merge entity $(bone_neck9) { transformation: [-1.1408624820741922f,0.027821715458686367f,0.09923153552669382f,0.1369581297548303f,0.0886066177084316f,0.828062489467858f,0.7865427701867854f,3.1151731198849335f,-0.05262901093808865f,0.7910288327133004f,-0.8268565301927832f,0.6728931853877032f,0f,0f,0f,1f], start_interpolation: 0, interpolation_duration: 1 }
$data merge entity $(bone_neck8) { transformation: [-1.0588396892453282f,0.003181280539685216f,0.09559565539240149f,0.13881471382904062f,0.08223620728494956f,0.5729018219739718f,0.8918020217442933f,2.5873562574327593f,-0.048845225837964606f,0.8955799904140056f,-0.5708246333856019f,-0.2559894440798163f,0f,0f,0f,1f], start_interpolation: 0, interpolation_duration: 1 }
$data merge entity $(bone_neck7) { transformation: [-1.0514472937839028f,-0.015656261481420453f,0.09295204529721943f,0.15463753128366767f,0.08290625861022871f,0.3417400443962076f,0.99537274786551f,2.241980680649358f,-0.04485257553100842f,0.9986967689877181f,-0.3391454303624504f,-1.2653106467801698f,0f,0f,0f,1f], start_interpolation: 0, interpolation_duration: 1 }
$data merge entity $(bone_neck6) { transformation: [-1.0373949834574734f,-0.11120234129702374f,0.11516162468957032f,0.25846370834922205f,0.11574745793323744f,0.0006221713172791397f,1.0432730472405862f,2.2569390807600955f,-0.11059243415837555f,1.043767294183299f,0.011647373695952357f,-2.22358016366268f,0f,0f,0f,1f], start_interpolation: 0, interpolation_duration: 1 }
$data merge entity $(bone_neck_spine6) { transformation: [-1.2322451015528666f,0.3166087030259022f,-0.03628095070323663f,0.07175266699302746f,-0.14677385486119182f,-0.4352218428140624f,1.1870234840067093f,4.400535447448642f,0.2828688985110603f,1.1533976960365828f,0.45786931492441385f,-5.25068360165694f,0f,0f,0f,1f], start_interpolation: 0, interpolation_duration: 1 }
$data merge entity $(bone_neck_spine7) { transformation: [-0.9661230744860609f,0.21129496321260302f,-0.14819123950687918f,-0.9702578357338946f,-0.13148478772978023f,0.09111589839879963f,0.9871218990857381f,5.482817325992128f,0.22207646327617692f,0.9731661377072081f,-0.06024709850922691f,-8.646904065244591f,0f,0f,0f,1f], start_interpolation: 0, interpolation_duration: 1 }
$data merge entity $(bone_tail6) { transformation: [-1.6928440145406682f,-0.3054977587686579f,-0.07907085018061877f,-0.6203297752858121f,-0.19487100632900384f,0.6726541416114582f,1.5731699317595669f,4.650014340887619f,-0.24820630703767446f,1.555477245956175f,-0.6958348252181982f,-12.507914130572654f,0f,0f,0f,1f], start_interpolation: 0, interpolation_duration: 1 }
$data merge entity $(bone_tail5) { transformation: [-1.3984363598379432f,-0.2371910867014338f,-0.1081502431454927f,-0.7701346721498755f,-0.16098039653265533f,0.32156006595396863f,1.376322918190242f,4.853104908858547f,-0.2050399927702528f,1.3652545006675159f,-0.34295639517539594f,-11.645648130151066f,0f,0f,0f,1f], start_interpolation: 0, interpolation_duration: 1 }
$data merge entity $(bone_tail4) { transformation: [-1.0344120656476552f,-0.15502370085252581f,-0.06807737246479739f,-0.8365734010866723f,-0.09626434314856981f,0.1917851601593667f,1.0259760360778385f,4.935298548926847f,-0.13928407197486212f,1.018754780377401f,-0.20350391342052554f,-11.209038938560752f,0f,0f,0f,1f], start_interpolation: 0, interpolation_duration: 1 }
$data merge entity $(bone_segment18) { transformation: [-0.9591202571002871f,-0.27544517458701095f,-0.0649483503763533f,-0.9912423223635584f,-0.11493647108269915f,0.1694173591405811f,0.9788193735500372f,5.030430366803638f,-0.2586076952353399f,0.946270423408955f,-0.1941503173999548f,-10.677685917603576f,0f,0f,0f,1f], start_interpolation: 0, interpolation_duration: 1 }
$data merge entity $(bone_segment17) { transformation: [-0.9901812521868267f,-0.10413855859274268f,-0.09325367784679064f,-1.067261436180038f,-0.1022648630976157f,0.0848281791461236f,0.9911337335588871f,5.0923532807799345f,-0.09530469869504359f,0.9909386159782954f,-0.09464498808530693f,-9.954320082209263f,0f,0f,0f,1f], start_interpolation: 0, interpolation_duration: 1 }
$data merge entity $(bone_segment16) { transformation: [-0.9920161585457731f,0.07193496418759696f,-0.10358234459315939f,-0.998593049956038f,-0.10395896883894543f,-0.001501379003266884f,0.9945804535878592f,5.090920079631797f,0.07138959295324526f,0.9974081946667663f,0.008967676931751295f,-9.002204349507343f,0f,0f,0f,1f], start_interpolation: 0, interpolation_duration: 1 }
$data merge entity $(bone_segment15) { transformation: [-0.9661230744860609f,0.24244997703358126f,-0.08845458485582533f,-0.7126962264520836f,-0.13148478772978023f,-0.16747474787222624f,0.9770690658396615f,4.893433987780514f,0.22207646327617692f,0.9555994021877318f,0.1936797020784439f,-7.875362281009602f,0f,0f,0f,1f], start_interpolation: 0, interpolation_duration: 1 }
$data merge entity $(bone_segment14) { transformation: [-0.9826731449250863f,0.3627613207099178f,-0.037853830255444317f,-0.30458974065342614f,-0.17370464406513136f,-0.36981870318445015f,0.9652647416280931f,4.477387946698008f,0.32071074958351165f,0.9112154240337131f,0.4068246110178373f,-6.850244928971675f,0f,0f,0f,1f], start_interpolation: 0, interpolation_duration: 1 }
$data merge entity $(bone_segment13) { transformation: [-0.993044581839663f,0.25635023067472f,0.015512238236111671f,0.003728638270156459f,-0.11828245950578399f,-0.5115211791782094f,0.8811634098443855f,3.8372031652711662f,0.22795905350597212f,0.8513073794513588f,0.5247895077452573f,-5.839312212582435f,0f,0f,0f,1f], start_interpolation: 0, interpolation_duration: 1 }
$data merge entity $(bone_segment12) { transformation: [-1.09551955861853f,0.2098410524689763f,0.016658648644158072f,0.2572278962863695f,-0.0931894889727552f,-0.5626292006814617f,0.9587689934896791f,3.157516882568729f,0.18874982654544065f,0.9401537089385589f,0.5700512150147691f,-4.703556054133169f,0f,0f,0f,1f], start_interpolation: 0, interpolation_duration: 1 }
$data merge entity $(bone_segment11) { transformation: [-1.1881770429554628f,0.07281060462566348f,-0.007534675109397581f,0.3413722490843235f,-0.036915425559387864f,-0.490218687028237f,1.0841797503760287f,2.5909904217389457f,0.06320923058168137f,1.082361813638907f,0.4915489176337543f,-3.4527130653940725f,0f,0f,0f,1f], start_interpolation: 0, interpolation_duration: 1 }
$data merge entity $(bone_segment10) { transformation: [-1.045800644686218f,-0.06830395471879926f,-0.017628935555965713f,0.25489695049270855f,0f,-0.26194578718661193f,1.0149185201780286f,2.2754945250257492f,-0.070542253997616f,1.012617485712217f,0.26135190080804355f,-2.1707023853894265f,0f,0f,0f,1f], start_interpolation: 0, interpolation_duration: 1 }