# This file was generated by Animated Java via MC-Build. It is not recommended to edit this file directly.
$data merge entity $(bone_neck_spine5) { transformation: [-1.565620844071445f,0.08534319367726312f,0.11647792691588843f,0.34512117886446786f,0.13024444462231244f,1.382226386476466f,0.7379063604075243f,3.7306637311924344f,-0.062345431353734916f,0.7444366671368484f,-1.3834544775192783f,0.19247583907823396f,0f,0f,0f,1f], start_interpolation: 0, interpolation_duration: 1 }
$data merge entity $(bone_neck_spine2) { transformation: [-1.4910674705442328f,0.13591341234103368f,0.020967220003301097f,0.2920695934042652f,0.12404232821172609f,1.4277716593688865f,-0.43390767589299195f,5.285243970784015f,-0.05937660128927133f,-0.43033697811466237f,-1.4329964362030014f,1.94017901291814f,0f,0f,0f,1f], start_interpolation: 0, interpolation_duration: 1 }
$data merge entity $(bone_scale_neck_left1) { transformation: [-1.5467021585771834f,0.5422151625734648f,0.16361610851558764f,0.9935044706942799f,0.5509320568736361f,1.550728807423809f,0.0690587820091572f,4.3505215510148885f,-0.13130644386068097f,0.11957409476569197f,-1.6375334300402236f,2.1981952034590906f,0f,0f,0f,1f], start_interpolation: 0, interpolation_duration: 1 }
$data merge entity $(bone_scale_neck_right1) { transformation: [-1.621871114206832f,-0.2866764024106438f,-0.020144727351142828f,-0.5721163733771644f,-0.2873375424536272f,1.619684533161801f,0.08434589836394052f,4.480765995637201f,0.005128980003013867f,0.08656635706208711f,-1.644851069315031f,2.1358497721053555f,0f,0f,0f,1f], start_interpolation: 0, interpolation_duration: 1 }
$data merge entity $(bone_blush_right1) { transformation: [-0.9929387894768404f,0.06936625494438844f,0.09623348184107659f,-0.5627915877525773f,0.07394002499286596f,0.9962558504073444f,0.04480126374549395f,4.317166241590907f,-0.09276547340644076f,0.05160041864296325f,-0.9943500207369385f,3.4697434494950126f,0f,0f,0f,1f], start_interpolation: 0, interpolation_duration: 1 }
$data merge entity $(bone_blush_left1) { transformation: [-0.9929387894768404f,0.06936625494438844f,0.09623348184107659f,0.753046241661556f,0.07394002499286596f,0.9962558504073444f,0.04480126374549395f,4.219181267064228f,-0.09276547340644076f,0.05160041864296325f,-0.9943500207369385f,3.5926758200150712f,0f,0f,0f,1f], start_interpolation: 0, interpolation_duration: 1 }
$data merge entity $(bone_left_head_scales) { transformation: [-0.9251831397357231f,0.06936625494438844f,-0.37312796816070976f,0.8526595698753716f,0.04489868176848173f,0.9962558504073444f,0.07388091028534746f,4.963208070335354f,0.3768557632890894f,0.05160041864296325f,-0.9248335690661693f,3.2405393283482464f,0f,0f,0f,1f], start_interpolation: 0, interpolation_duration: 1 }
$data merge entity $(bone_left_head_scales2) { transformation: [-0.8685650968258486f,0.06936625494438844f,-0.4906964390036822f,0.774127118540974f,0.03487117342452156f,0.9962558504073444f,0.07910930282296699f,4.060587366848192f,0.4943467141995598f,0.05160041864296325f,-0.8677319418783486f,3.3616848297404296f,0f,0f,0f,1f], start_interpolation: 0, interpolation_duration: 1 }
$data merge entity $(bone_left_head_scales1) { transformation: [-0.9929387894768404f,0.06936625494438844f,0.09623348184107659f,0.8448694142907968f,0.07394002499286596f,0.9962558504073444f,0.04480126374549395f,4.851323868385311f,-0.09276547340644076f,0.05160041864296325f,-0.9943500207369385f,3.2347443594576792f,0f,0f,0f,1f], start_interpolation: 0, interpolation_duration: 1 }
$data merge entity $(bone_right_head_scales) { transformation: [-0.8363117861619311f,0.06936625494438844f,0.543848249975699f,-0.4854805956305266f,0.0862725245797994f,0.9962558504073444f,0.0055975022793082405f,5.0628538071421465f,-0.5414237230019278f,0.05160041864296325f,-0.8391649116631383f,3.115523358327848f,0f,0f,0f,1f], start_interpolation: 0, interpolation_duration: 1 }
$data merge entity $(bone_right_head_scales2) { transformation: [-0.7581705816817329f,0.06936625494438844f,0.6483561457620132f,-0.5640130469649242f,0.08626507183084904f,0.9962558504073444f,-0.005711209255263673f,4.160233103654984f,-0.6463247685602039f,0.05160041864296325f,-0.7613157625725805f,3.236668859720031f,0f,0f,0f,1f], start_interpolation: 0, interpolation_duration: 1 }
$data merge entity $(bone_right_head_scales1) { transformation: [-0.9929387894768404f,0.06936625494438844f,0.09623348184107659f,-0.49327075121510144f,0.07394002499286596f,0.9962558504073444f,0.04480126374549395f,4.950969605192103f,-0.09276547340644076f,0.05160041864296325f,-0.9943500207369385f,3.1097283894372807f,0f,0f,0f,1f], start_interpolation: 0, interpolation_duration: 1 }
$data merge entity $(bone_head_left_fin1) { transformation: [-0.5682169339421614f,0.22752631308837704f,-0.8509033381406802f,0.8237619245221306f,0.2684206557655727f,1.0091666901599747f,0.09059879168683678f,4.435531996945047f,0.8389011059504708f,-0.16878852552571433f,-0.6053350858087658f,3.1292609757481316f,0f,0f,0f,1f], start_interpolation: 0, interpolation_duration: 1 }
$data merge entity $(bone_head_right_fin1) { transformation: [-0.43709507690899f,-0.041846351443314646f,0.9517730688761792f,-0.5143782409837676f,-0.1935592484001429f,1.029225752973265f,-0.04363902840991279f,4.535177733751839f,-0.9328225496448237f,-0.19395471201461428f,-0.4369197392961689f,3.004245005727733f,0f,0f,0f,1f], start_interpolation: 0, interpolation_duration: 1 }
$data merge entity $(bone_right_whisker16) { transformation: [-0.04497870041572789f,-0.3991663203721028f,0.9157746257619875f,-0.9060389789936978f,0.97691326567333f,0.17407015639507267f,0.12385496358267462f,2.8109879576657644f,-0.20884776240214512f,0.9002032155759006f,0.38212142416570455f,1.5254794648031649f,0f,0f,0f,1f], start_interpolation: 0, interpolation_duration: 1 }
$data merge entity $(bone_right_whisker15) { transformation: [0.49025733184204945f,-0.14675800792241733f,0.8591331885602829f,-1.0712135683350132f,0.10014661654175132f,0.9886784132195648f,0.11173920721431407f,2.7772471542410533f,-0.8658050610676482f,0.031258316402003467f,0.4994041588586926f,1.8171813652605269f,0f,0f,0f,1f], start_interpolation: 0, interpolation_duration: 1 }
$data merge entity $(bone_right_whisker14) { transformation: [0.6704163897694011f,-0.10257984770007562f,0.7348600133184495f,-1.2970862777788053f,-0.476402748221235f,0.6997780886053352f,0.5323072873774307f,2.937753939530434f,-0.5688429359812929f,-0.7069568597543225f,0.42027337844608903f,2.0088325497464115f,0f,0f,0f,1f], start_interpolation: 0, interpolation_duration: 1 }
$data merge entity $(bone_right_whisker13) { transformation: [0.2513332333727941f,-0.3012122960015232f,0.9198384415427894f,-1.3817639784756939f,-0.11447000152099052f,0.9344240663053303f,0.33726589371176635f,2.976320492777252f,-0.9611078110982976f,-0.19006003537541172f,0.2003720499444373f,2.3326432868840214f,0f,0f,0f,1f], start_interpolation: 0, interpolation_duration: 1 }
$data merge entity $(bone_right_whisker12) { transformation: [-0.4490180612772102f,-0.1970859403316484f,0.8715158706360117f,-1.180056646261322f,-0.5372425469627043f,0.8389203780897811f,-0.08708068074335054f,3.2176599181706544f,-0.7139700458561843f,-0.5073162045009884f,-0.48257335429013204f,2.6533720184209795f,0f,0f,0f,1f], start_interpolation: 0, interpolation_duration: 1 }
$data merge entity $(bone_right_whisker11) { transformation: [-0.8939191048583985f,-0.09522887201477442f,0.43799554324667866f,-0.7784914233757131f,-0.23096608598547685f,0.9353152080000152f,-0.2680300893713949f,3.321414214609443f,-0.38413968955798977f,-0.34075933386876167f,-0.8580907733378846f,2.8259347695896078f,0f,0f,0f,1f], start_interpolation: 0, interpolation_duration: 1 }
$data merge entity $(bone_right_whisker10) { transformation: [-0.48068392801288734f,-0.4640931987387197f,0.7440164408361987f,-0.5625591900886739f,-0.6600560418492813f,0.7500729853022099f,0.04143112764686649f,3.617923764658925f,-0.577294537448919f,-0.471177269829832f,-0.6668755486800699f,3.085266300084239f,0f,0f,0f,1f], start_interpolation: 0, interpolation_duration: 1 }
$data merge entity $(bone_right_whisker1) { transformation: [0.03935232191646568f,-0.5027247717690687f,0.8635503451504845f,-0.5802369909495863f,-0.8839442533582273f,0.3854664896389968f,0.26468498695686415f,4.015008097222191f,-0.4659334198302899f,-0.7737463338944663f,-0.4292116716378107f,3.294572328523627f,0f,0f,0f,1f], start_interpolation: 0, interpolation_duration: 1 }
$data merge entity $(bone_left_whisker16) { transformation: [-0.22563276457473513f,0.2476552504419432f,-0.9422084336700138f,1.223645953456284f,-0.9567619545383369f,0.12590404221081986f,0.2622112402300055f,2.6523991717293742f,0.18356584077203392f,0.9606326296162937f,0.20853904434935347f,1.7244456378029906f,0f,0f,0f,1f], start_interpolation: 0, interpolation_duration: 1 }
$data merge entity $(bone_left_whisker15) { transformation: [0.30225450287884337f,0.28204247485614403f,-0.9105461316520349f,1.325479745930113f,-0.15916167918954952f,0.9567474233643845f,0.243519871392817f,2.598775363799301f,0.939845612516772f,0.07131907362433132f,0.33407157073049665f,2.041092841238817f,0f,0f,0f,1f], start_interpolation: 0, interpolation_duration: 1 }
$data merge entity $(bone_left_whisker14) { transformation: [0.616707693545488f,0.3326814378332043f,-0.7134386320091142f,1.5332572403375282f,0.3805559670320685f,0.6673659896201453f,0.6401560683572491f,2.726990020660691f,0.6890927199427461f,-0.6662925009480112f,0.28496583392110814f,2.2732578689539022f,0f,0f,0f,1f], start_interpolation: 0, interpolation_duration: 1 }
$data merge entity $(bone_left_whisker13) { transformation: [0.08401160704333122f,0.46495460600825234f,-0.8813394716190281f,1.5615619321636505f,0.08949826495033941f,0.8773708013068325f,0.47139212719888013f,2.7571432446918114f,0.9924374592148746f,-0.11848076369570382f,0.032096700472275086f,2.607624005115164f,0f,0f,0f,1f], start_interpolation: 0, interpolation_duration: 1 }
$data merge entity $(bone_left_whisker12) { transformation: [-0.48902211991891265f,0.408180743788503f,-0.7708734310055556f,1.3418840267313263f,0.6070945007558456f,0.7938486836152677f,0.03522122477025766f,3.029861477453226f,0.6263334841616113f,-0.45076906273897127f,-0.6360138510248075f,2.8889847499533876f,0f,0f,0f,1f], start_interpolation: 0, interpolation_duration: 1 }
$data merge entity $(bone_left_whisker11) { transformation: [-0.9056120942563995f,0.29266141833037995f,-0.3069462965363625f,0.9350660937645843f,0.36496969552126257f,0.9064306301523494f,-0.21255736654543844f,3.1938127078631684f,0.2160181846226265f,-0.3045206182550946f,-0.9276870900092766f,2.986024168826833f,0f,0f,0f,1f], start_interpolation: 0, interpolation_duration: 1 }
$data merge entity $(bone_left_whisker10) { transformation: [-0.4765848430182617f,0.6479695231994685f,-0.5941400377098924f,0.7209752463149747f,0.731339868813304f,0.6672622961387142f,0.1410780792179645f,3.522344289556645f,0.4878615415150066f,-0.36728262299807235f,-0.7918930427489923f,3.205180720679277f,0f,0f,0f,1f], start_interpolation: 0, interpolation_duration: 1 }
$data merge entity $(bone_left_whisker1) { transformation: [0.08220477938941165f,0.6877160430266694f,-0.7213106254653945f,0.757903174556312f,0.8748924012160098f,0.29681930964021636f,0.382702996747073f,3.9153623604153993f,0.4772899124641366f,-0.6625292005553004f,-0.5772775743708838f,3.419588298544026f,0f,0f,0f,1f], start_interpolation: 0, interpolation_duration: 1 }
$data merge entity $(bone_upper_left_tooth1) { transformation: [-0.9929387894768404f,0.07748959598913241f,0.08982161691768718f,0.33588005174002034f,0.07394002499286596f,0.9963694835364519f,-0.042198637197880924f,4.306207236272639f,-0.09276547340644076f,-0.03525925113704274f,-0.9950634915184728f,4.313796151892869f,0f,0f,0f,1f], start_interpolation: 0, interpolation_duration: 1 }
$data merge entity $(bone_upper_right_tooth1) { transformation: [-0.9929387894768404f,0.07748959598913241f,0.08982161691768718f,-0.3331900310129287f,0.07394002499286596f,0.9963694835364519f,-0.042198637197880924f,4.3560301046760355f,-0.09276547340644076f,-0.03525925113704274f,-0.9950634915184728f,4.25128816688267f,0f,0f,0f,1f], start_interpolation: 0, interpolation_duration: 1 }
$data merge entity $(bone_top_lip1) { transformation: [-0.9929387894768404f,0.10353720383059974f,0.057901707878158126f,0.03879597666389631f,0.07394002499286596f,0.9218482673129035f,-0.3804321815465302f,4.452129350883407f,-0.09276547340644076f,-0.3734646160952046f,-0.9229944460659233f,4.280790935002314f,0f,0f,0f,1f], start_interpolation: 0, interpolation_duration: 1 }
$data merge entity $(bone_muzzle1) { transformation: [-0.9929387894768404f,0.07748959598913241f,0.08982161691768718f,0.10228658705041532f,0.07394002499286596f,0.9963694835364519f,-0.042198637197880924f,4.596279272290884f,-0.09276547340644076f,-0.03525925113704274f,-0.9950634915184728f,3.7160997939434646f,0f,0f,0f,1f], start_interpolation: 0, interpolation_duration: 1 }
$data merge entity $(bone_jaw_right_tooth1) { transformation: [-0.9929387894768404f,0.11709669684370967f,0.018997998330325783f,-0.33151273289341243f,0.07394002499286596f,0.7361385450199698f,-0.6727799902196381f,4.3923351144826945f,-0.09276547340644076f,-0.6666246366015693f,-0.7395986484705773f,4.2622721993105745f,0f,0f,0f,1f], start_interpolation: 0, interpolation_duration: 1 }
$data merge entity $(bone_jaw_left_tooth1) { transformation: [-0.9929387894768404f,0.11709669684370967f,0.018997998330325783f,0.39331319008894905f,0.07394002499286596f,0.7361385450199698f,-0.6727799902196381f,4.338360340379015f,-0.09276547340644076f,-0.6666246366015693f,-0.7395986484705773f,4.329989183071624f,0f,0f,0f,1f], start_interpolation: 0, interpolation_duration: 1 }
$data merge entity $(bone_tongue1) { transformation: [-0.9929387894768404f,0.09809674715480901f,0.06670523630054977f,0.08369558726030006f,0.07394002499286596f,0.9514972056899764f,-0.2986401518018322f,4.117599931910909f,-0.09276547340644076f,-0.29159920398007333f,-0.952031759544747f,3.5335551796308824f,0f,0f,0f,1f], start_interpolation: 0, interpolation_duration: 1 }
$data merge entity $(bone_jaw_lips1) { transformation: [-0.9929387894768404f,0.09809674715480901f,0.06670523630054977f,0.06685174379037043f,0.07394002499286596f,0.9514972056899764f,-0.2986401518018322f,4.258871643745936f,-0.09276547340644076f,-0.29159920398007333f,-0.952031759544747f,4.431765258654217f,0f,0f,0f,1f], start_interpolation: 0, interpolation_duration: 1 }
$data merge entity $(bone_jaw3) { transformation: [-0.9929387894768404f,0.11201876711442499f,0.039043004065145f,0.0924942280222141f,0.07394002499286596f,0.8417819656992079f,-0.5347298335866739f,3.707547960916776f,-0.09276547340644076f,-0.5280671529623309f,-0.8441206364649174f,3.7178541265487386f,0f,0f,0f,1f], start_interpolation: 0, interpolation_duration: 1 }
$data merge entity $(bone_jaw1) { transformation: [-0.9929387894768404f,0.05160165691440856f,0.10681680277912452f,0.18846244926908381f,0.07394002499286596f,0.9733408276583428f,0.2171186447945605f,3.902615493349389f,-0.09276547340644076f,0.22348356140230963f,-0.9702832909653856f,2.846115232322025f,0f,0f,0f,1f], start_interpolation: 0, interpolation_duration: 1 }
$data merge entity $(bone_tear_right1) { transformation: [-0.9929387894768404f,0.06936625494438844f,0.09623348184107659f,-0.48949692697183217f,0.07394002499286596f,0.9962558504073444f,0.04480126374549395f,4.700080789983688f,-0.09276547340644076f,0.05160041864296325f,-0.9943500207369385f,3.5957379908728804f,0f,0f,0f,1f], start_interpolation: 0, interpolation_duration: 1 }
$data merge entity $(bone_right_pupil1) { transformation: [-0.9929387894768404f,0.06936625494438844f,0.09623348184107659f,-0.30419733813069305f,0.07394002499286596f,0.9962558504073444f,0.04480126374549395f,4.795244894540269f,-0.09276547340644076f,0.05160041864296325f,-0.9943500207369385f,3.685724723310349f,0f,0f,0f,1f], start_interpolation: 0, interpolation_duration: 1 }
$data merge entity $(bone_right_sad_pupil1) { transformation: [-0.9929387894768404f,0.06936625494438844f,0.09623348184107659f,-0.30311659102017313f,0.07394002499286596f,0.9962558504073444f,0.04480126374549395f,4.795748033732723f,-0.09276547340644076f,0.05160041864296325f,-0.9943500207369385f,3.674557706475901f,0f,0f,0f,1f], start_interpolation: 0, interpolation_duration: 1 }
$data merge entity $(bone_right_happy_pupil1) { transformation: [-0.9929387894768404f,0.06936625494438844f,0.09623348184107659f,-0.3329416682651477f,0.07394002499286596f,0.9962558504073444f,0.04480126374549395f,4.7698532675526035f,-0.09276547340644076f,0.05160041864296325f,-0.9943500207369385f,3.670504516759326f,0f,0f,0f,1f], start_interpolation: 0, interpolation_duration: 1 }
$data merge entity $(bone_eyelid_right1) { transformation: [-0.9929387894768404f,0.06936625494438844f,0.09623348184107659f,0.17634601331738775f,0.07394002499286596f,0.9962558504073444f,0.04480126374549395f,4.73299319191604f,-0.09276547340644076f,0.05160041864296325f,-0.9943500207369385f,3.1534187040273514f,0f,0f,0f,1f], start_interpolation: 0, interpolation_duration: 1 }
$data merge entity $(bone_eyelid_expressions_right5) { transformation: [-0.9929387894768404f,0.06936625494438844f,0.09623348184107659f,-0.42356451112586935f,0.07394002499286596f,0.9962558504073444f,0.04480126374549395f,4.917181592221221f,-0.09276547340644076f,0.05160041864296325f,-0.9943500207369385f,3.6683720115771052f,0f,0f,0f,1f], start_interpolation: 0, interpolation_duration: 1 }
$data merge entity $(bone_eyelid_expressions_right7) { transformation: [-0.9929387894768404f,0.06936625494438844f,0.09623348184107659f,-0.08902946974939481f,0.07394002499286596f,0.9962558504073444f,0.04480126374549395f,4.892270158019523f,-0.09276547340644076f,0.05160041864296325f,-0.9943500207369385f,3.6996260040822047f,0f,0f,0f,1f], start_interpolation: 0, interpolation_duration: 1 }
$data merge entity $(bone_eyelid_expressions_right6) { transformation: [-0.9929387894768404f,0.06936625494438844f,0.09623348184107659f,-0.2005411502082197f,0.07394002499286596f,0.9962558504073444f,0.04480126374549395f,4.900573969420089f,-0.09276547340644076f,0.05160041864296325f,-0.9943500207369385f,3.689208006580505f,0f,0f,0f,1f], start_interpolation: 0, interpolation_duration: 1 }
$data merge entity $(bone_right_eye1) { transformation: [-0.9929387894768404f,0.06936625494438844f,0.09623348184107659f,0.16411409816098538f,0.07394002499286596f,0.9962558504073444f,0.04480126374549395f,4.733320433863642f,-0.09276547340644076f,0.05160041864296325f,-0.9943500207369385f,3.1635439211116294f,0f,0f,0f,1f], start_interpolation: 0, interpolation_duration: 1 }
$data merge entity $(bone_tear_left1) { transformation: [-0.9929387894768404f,0.06936625494438844f,0.09623348184107659f,0.7148292219834764f,0.07394002499286596f,0.9962558504073444f,0.04480126374549395f,4.610399626857576f,-0.09276547340644076f,0.05160041864296325f,-0.9943500207369385f,3.7082523638912392f,0f,0f,0f,1f], start_interpolation: 0, interpolation_duration: 1 }
$data merge entity $(bone_left_sad_pupil1) { transformation: [-0.9929387894768404f,0.06936625494438844f,0.09623348184107659f,0.5332210124210133f,0.07394002499286596f,0.9962558504073444f,0.04480126374549395f,4.733469448228478f,-0.09276547340644076f,0.05160041864296325f,-0.9943500207369385f,3.7526926877386497f,0f,0f,0f,1f], start_interpolation: 0, interpolation_duration: 1 }
$data merge entity $(bone_left_pupil1) { transformation: [-0.9929387894768404f,0.06936625494438844f,0.09623348184107659f,0.5321402653104933f,0.07394002499286596f,0.9962558504073444f,0.04480126374549395f,4.732966309036024f,-0.09276547340644076f,0.05160041864296325f,-0.9943500207369385f,3.763859704573098f,0f,0f,0f,1f], start_interpolation: 0, interpolation_duration: 1 }
$data merge entity $(bone_eyelid_left1) { transformation: [-0.9929387894768404f,0.06936625494438844f,0.09623348184107659f,0.1540436772256228f,0.07394002499286596f,0.9962558504073444f,0.04480126374549395f,4.734653954196153f,-0.09276547340644076f,0.05160041864296325f,-0.9943500207369385f,3.1513351045270115f,0f,0f,0f,1f], start_interpolation: 0, interpolation_duration: 1 }
$data merge entity $(bone_left_happy_pupil1) { transformation: [-0.9929387894768404f,0.06936625494438844f,0.09623348184107659f,0.559151775405451f,0.07394002499286596f,0.9962558504073444f,0.04480126374549395f,4.703422776348075f,-0.09276547340644076f,0.05160041864296325f,-0.9943500207369385f,3.7538484967729255f,0f,0f,0f,1f], start_interpolation: 0, interpolation_duration: 1 }
$data merge entity $(bone_eyelid_expressions_left5) { transformation: [-0.9929387894768404f,0.06936625494438844f,0.09623348184107659f,0.6692499573706143f,0.07394002499286596f,0.9962558504073444f,0.04480126374549395f,4.835804240495674f,-0.09276547340644076f,0.05160041864296325f,-0.9943500207369385f,3.7704683870937643f,0f,0f,0f,1f], start_interpolation: 0, interpolation_duration: 1 }
$data merge entity $(bone_eyelid_expressions_left7) { transformation: [-0.9929387894768404f,0.06936625494438844f,0.09623348184107659f,0.3347149159941396f,0.07394002499286596f,0.9962558504073444f,0.04480126374549395f,4.860715674697372f,-0.09276547340644076f,0.05160041864296325f,-0.9943500207369385f,3.7392143945886644f,0f,0f,0f,1f], start_interpolation: 0, interpolation_duration: 1 }
$data merge entity $(bone_eyelid_expressions_left6) { transformation: [-0.9929387894768404f,0.06936625494438844f,0.09623348184107659f,0.4462265964529645f,0.07394002499286596f,0.9962558504073444f,0.04480126374549395f,4.852411863296806f,-0.09276547340644076f,0.05160041864296325f,-0.9943500207369385f,3.7496323920903643f,0f,0f,0f,1f], start_interpolation: 0, interpolation_duration: 1 }
$data merge entity $(bone_left_eye1) { transformation: [-0.9929387894768404f,0.06936625494438844f,0.09623348184107659f,0.16411409816098538f,0.07394002499286596f,0.9962558504073444f,0.04480126374549395f,4.733320433863642f,-0.09276547340644076f,0.05160041864296325f,-0.9943500207369385f,3.1635439211116294f,0f,0f,0f,1f], start_interpolation: 0, interpolation_duration: 1 }
$data merge entity $(bone_crest_middle5) { transformation: [-0.9929387894768404f,0.08855073538867184f,0.07893875863219624f,0.21435565388172242f,0.07394002499286596f,0.9823373770515779f,-0.17188993673708922f,6.092476010300255f,-0.09276547340644076f,-0.16483945192080554f,-0.9819483296152234f,3.7091047414655165f,0f,0f,0f,1f], start_interpolation: 0, interpolation_duration: 1 }
$data merge entity $(bone_crest_middle4) { transformation: [-0.9929387894768404f,0.08855073538867184f,0.07893875863219624f,0.15468767788740254f,0.07394002499286596f,0.9823373770515779f,-0.17188993673708922f,5.430549457404172f,-0.09276547340644076f,-0.16483945192080554f,-0.9819483296152234f,3.8201782002793405f,0f,0f,0f,1f], start_interpolation: 0, interpolation_duration: 1 }
$data merge entity $(bone_crest_middle1) { transformation: [-0.9929387894768404f,0.08855073538867184f,0.07893875863219624f,0.10328777305817619f,0.07394002499286596f,0.9823373770515779f,-0.17188993673708922f,4.948582638727297f,-0.09276547340644076f,-0.16483945192080554f,-0.9819483296152234f,3.986191697501328f,0f,0f,0f,1f], start_interpolation: 0, interpolation_duration: 1 }
$data merge entity $(bone_crest_left5) { transformation: [-0.5920085287464487f,-0.7807591018976836f,0.19985276254129622f,-0.9363449773557643f,-0.800505715604775f,0.5983830374444975f,-0.033590769309205425f,5.530819106359875f,-0.09336220421322727f,-0.17986930061191547f,-0.9792499852038947f,3.671827345595051f,0f,0f,0f,1f], start_interpolation: 0, interpolation_duration: 1 }
$data merge entity $(bone_crest_left4) { transformation: [-0.5920085287464487f,-0.7807591018976836f,0.19985276254129622f,-0.4979304425987642f,-0.800505715604775f,0.5983830374444975f,-0.033590769309205425f,5.19481300623235f,-0.09336220421322727f,-0.17986930061191547f,-0.9792499852038947f,3.772828173575375f,0f,0f,0f,1f], start_interpolation: 0, interpolation_duration: 1 }
$data merge entity $(bone_crest_left1) { transformation: [-0.5920085287464487f,-0.7807591018976836f,0.19985276254129622f,-0.004452253344458798f,-0.800505715604775f,0.5983830374444975f,-0.033590769309205425f,4.823320095666995f,-0.09336220421322727f,-0.17986930061191547f,-0.9792499852038947f,3.8289419025673794f,0f,0f,0f,1f], start_interpolation: 0, interpolation_duration: 1 }
$data merge entity $(bone_crest_center1) { transformation: [-0.9929387894768404f,0.06936625494438844f,0.09623348184107659f,0.10511191314672019f,0.07394002499286596f,0.9962558504073444f,0.04480126374549395f,4.787045591808364f,-0.09276547340644076f,0.05160041864296325f,-0.9943500207369385f,3.837911176390338f,0f,0f,0f,1f], start_interpolation: 0, interpolation_duration: 1 }
$data merge entity $(bone_crest_right5) { transformation: [-0.47500271665010274f,0.8797842970919401f,-0.018761923287951315f,1.2570655893383997f,0.8799616085444175f,0.4747292717499152f,-0.01731144221942703f,5.3674849372854325f,-0.006323500845549362f,-0.02473275427921169f,-0.9996740989956779f,3.8767470966919735f,0f,0f,0f,1f], start_interpolation: 0, interpolation_duration: 1 }
$data merge entity $(bone_crest_right4) { transformation: [-0.47500271665010274f,0.8797842970919401f,-0.018761923287951315f,0.7630460865768124f,0.8799616085444175f,0.4747292717499152f,-0.01731144221942703f,5.1009133247305485f,-0.006323500845549362f,-0.02473275427921169f,-0.9996740989956779f,3.8906351178936793f,0f,0f,0f,1f], start_interpolation: 0, interpolation_duration: 1 }
$data merge entity $(bone_crest_right1) { transformation: [-0.47500271665010274f,0.8797842970919401f,-0.018761923287951315f,0.2185711075731909f,0.8799616085444175f,0.4747292717499152f,-0.01731144221942703f,4.806712472865863f,-0.006323500845549362f,-0.02473275427921169f,-0.9996740989956779f,3.849777897570779f,0f,0f,0f,1f], start_interpolation: 0, interpolation_duration: 1 }
$data merge entity $(bone_head1) { transformation: [-1.0407756842823648f,0.07270811878936545f,0.1008697303151909f,0.2196601114472926f,0.07750223973861597f,1.0442525515337395f,0.04695965796239924f,4.705050988473605f,-0.09723464334919893f,0.05408637631196015f,-1.0422549045484832f,2.5464605107717038f,0f,0f,0f,1f], start_interpolation: 0, interpolation_duration: 1 }
$data merge entity $(bone_neck10) { transformation: [-1.4910674705442328f,0.13201388286882668f,0.03852810271407594f,0.20750721977042372f,0.12404232821172609f,1.4721931916058055f,-0.2438339375176344f,4.089661350510549f,-0.05937660128927133f,-0.23961181732843412f,-1.4769072001652397f,1.5660476758525004f,0f,0f,0f,1f], start_interpolation: 0, interpolation_duration: 1 }
$data merge entity $(bone_neck9) { transformation: [-1.1406666149663387f,0.03809589916570448f,0.09806387952007166f,0.16679461401075693f,0.09489238108197051f,0.8335905884272024f,0.7799425077508734f,3.1679744248930426f,-0.0454230999862926f,0.7847697635936821f,-0.8332234446025197f,0.6629486623988352f,0f,0f,0f,1f], start_interpolation: 0, interpolation_duration: 1 }
$data merge entity $(bone_neck8) { transformation: [-1.0586579040864055f,0.013256549305591657f,0.09673594684917314f,0.15860067968203853f,0.08807005303032553f,0.5844249357040721f,0.8837314624270459f,2.628167612430878f,-0.04215738691538265f,0.8880100764207117f,-0.5830531676448274f,-0.25898327173699265f,0f,0f,0f,1f], start_interpolation: 0, interpolation_duration: 1 }
$data merge entity $(bone_neck7) { transformation: [-1.0511035599635143f,-0.01740261794613666f,0.09646278025565767f,0.17618843186164473f,0.08483270903500705f,0.3589486170425965f,0.9891339214964742f,2.2654003930793176f,-0.04910530077101991f,0.9926125387409893f,-0.3559994806518115f,-1.2621555183369286f,0f,0f,0f,1f], start_interpolation: 0, interpolation_duration: 1 }
$data merge entity $(bone_neck6) { transformation: [-1.033331312891611f,-0.13334339019370656f,0.12752431259630836f,0.3005297285707522f,0.12595918602928452f,0.020315496603684893f,1.0418915856586992f,2.262254765921874f,-0.13482282249809244f,1.0409723017944366f,-0.00399820512896345f,-2.218091417195552f,0f,0f,0f,1f], start_interpolation: 0, interpolation_duration: 1 }
$data merge entity $(bone_neck_spine6) { transformation: [-1.2334157898260074f,0.3115513403398309f,-0.040082667788602755f,0.2055066508929477f,-0.15298388634471796f,-0.4539451412889122f,1.179201046359681f,4.3466013438004305f,0.27434793318606043f,1.1475430011765808f,0.47735064734835386f,-5.259283480677067f,0f,0f,0f,1f], start_interpolation: 0, interpolation_duration: 1 }
$data merge entity $(bone_neck_spine7) { transformation: [-0.9581532439697037f,0.23807109864103881f,-0.1589481458280733f,-0.8624421600027378f,-0.1489427157494139f,0.05956155312861494f,0.9870503983151502f,5.513158360068197f,0.24445537117339627f,0.9694197096102161f,-0.021610139373013204f,-8.609992573075642f,0f,0f,0f,1f], start_interpolation: 0, interpolation_duration: 1 }
$data merge entity $(bone_tail6) { transformation: [-1.7025752235078417f,-0.22438627443072975f,-0.12724128917708913f,-0.6898879176923405f,-0.2107911360156045f,0.7206470318693543f,1.5496892882001436f,4.649476169272868f,-0.14868302795410537f,1.5477792455101973f,-0.7399829064873129f,-12.486744596736079f,0f,0f,0f,1f], start_interpolation: 0, interpolation_duration: 1 }
$data merge entity $(bone_tail5) { transformation: [-1.4064751846369126f,-0.16429392913247776f,-0.13570334951875826f,-0.7936525045128527f,-0.1741318080128907f,0.3639723131809093f,1.3641050574995075f,4.879353419702916f,-0.12282511004904356f,1.3653248695119364f,-0.3799767522539894f,-11.624434152833803f,0f,0f,0f,1f], start_interpolation: 0, interpolation_duration: 1 }
$data merge entity $(bone_tail4) { transformation: [-1.0398300821539814f,-0.10034719241525182f,-0.08578484275904441f,-0.8366584441193893f,-0.10560783720726064f,0.223563274271538f,1.0185978819645007f,4.975166251533575f,-0.0792185773238972f,1.0191295802774734f,-0.23189332382673747f,-11.187664332714887f,0f,0f,0f,1f], start_interpolation: 0, interpolation_duration: 1 }
$data merge entity $(bone_segment18) { transformation: [-0.9710537187959604f,-0.22440270178852226f,-0.0818419369427902f,-0.9626658206119677f,-0.12773148026197992f,0.19831197792277752f,0.9717803395636481f,5.086523075074197f,-0.20183989735089425f,0.9541047043392918f,-0.22123487291793092f,-10.651912179399366f,0f,0f,0f,1f], start_interpolation: 0, interpolation_duration: 1 }
$data merge entity $(bone_segment17) { transformation: [-0.9922436332813941f,-0.05764958927561926f,-0.11013217998791651f,-1.0047488948146293f,-0.11504391297921347f,0.09025457665082462f,0.9892517422173244f,5.152407153244599f,-0.04709002334857769f,0.9942487798584079f,-0.09618676338819991f,-9.92612998902421f,0f,0f,0f,1f], start_interpolation: 0, interpolation_duration: 1 }
$data merge entity $(bone_segment16) { transformation: [-0.9867694979377455f,0.11259567394011585f,-0.11665407043760183f,-0.897266208021208f,-0.11960468979628687f,-0.019792920172054362f,0.992624278611901f,5.133513032670201f,0.10945627491571164f,0.9934437349548456f,0.032998020554911495f,-8.977798689299247f,0f,0f,0f,1f], start_interpolation: 0, interpolation_duration: 1 }
$data merge entity $(bone_segment15) { transformation: [-0.9581532439697037f,0.27109782999442983f,-0.09191478467931534f,-0.5775878586869561f,-0.1489427157494139f,-0.1979353991391723f,0.9688331358870865f,4.90010776464232f,0.24445537117339627f,0.9419806496632123f,0.23003049181477936f,-7.86701584313877f,0f,0f,0f,1f], start_interpolation: 0, interpolation_duration: 1 }
$data merge entity $(bone_segment14) { transformation: [-0.9806531607760054f,0.36840953403919496f,-0.03562290715572885f,-0.1631271328928618f,-0.1849898547794179f,-0.4004773289962838f,0.9508269351537453f,4.449570769521501f,0.32058279728315475f,0.8958613297906086f,0.43969801670815184f,-6.859171847124335f,0f,0f,0f,1f], start_interpolation: 0, interpolation_duration: 1 }
$data merge entity $(bone_segment13) { transformation: [-0.9939880188597825f,0.25286852174963337f,0.011787319226529062f,0.14109990511722104f,-0.12328701428956682f,-0.5252860506588056f,0.8723350783466334f,3.7930495065257417f,0.22109215792053105f,0.8439346464712879f,0.5394313506041459f,-5.857519474892936f,0f,0f,0f,1f], start_interpolation: 0, interpolation_duration: 1 }
$data merge entity $(bone_segment12) { transformation: [-1.0999766721647586f,0.18567889978929844f,0.006967643651600111f,0.365409985399595f,-0.0884654871865041f,-0.5601263722789724f,0.9606800642493468f,3.1163867749135603f,0.16339846835841057f,0.946707808377173f,0.5670265842863912f,-4.713845612423867f,0f,0f,0f,1f], start_interpolation: 0, interpolation_duration: 1 }
$data merge entity $(bone_segment11) { transformation: [-1.189716733340906f,0.03712644896289552f,-0.017848307409846477f,0.4083155626260202f,-0.03108989125641865f,-0.47086857747419475f,1.0929039492519184f,2.572222474834472f,0.027025061547662193f,1.0927155395692794f,0.4715561859561502f,-3.451037229743357f,0f,0f,0f,1f], start_interpolation: 0, interpolation_duration: 1 }
$data merge entity $(bone_segment10) { transformation: [-1.0441945500484715f,-0.08880096055722089f,-0.021150155516177285f,0.29591667648527453f,7.273189573756925e-18f,-0.242856150363278f,1.0196548868396123f,2.2808919138306023f,-0.0912849367324291f,1.015780723217377f,0.2419334220212507f,-2.165323413851641f,0f,0f,0f,1f], start_interpolation: 0, interpolation_duration: 1 }