# This file was generated by Animated Java via MC-Build. It is not recommended to edit this file directly.
$data merge entity $(bone_neck_spine5) { transformation: [-1.5654274220597677f,0.1075739514575551f,0.09941844289546892f,0.3878075119060221f,0.14145702137435312f,1.3872653599321092f,0.726294656315859f,3.8265917003443897f,-0.03802752850038851f,0.7320805021695934f,-1.3909102203147081f,0.16939797385641286f,0f,0f,0f,1f], start_interpolation: 0, interpolation_duration: 1 }
$data merge entity $(bone_neck_spine2) { transformation: [-1.4908832591045402f,0.13939592923910787f,-0.005492205150739121f,0.37456526177793636f,0.1347209727374791f,1.4233453523177977f,-0.4451208254216136f,5.394993751800614f,-0.036216693809893806f,-0.4436790108072688f,-1.4296963202521684f,1.9054683133582404f,0f,0f,0f,1f], start_interpolation: 0, interpolation_duration: 1 }
$data merge entity $(bone_scale_neck_left1) { transformation: [-1.5445401800078218f,0.5554656018232276f,0.1375088301536948f,1.073209652056447f,0.5614456114800637f,1.5475110116404922f,0.05516860555487148f,4.457077786241477f,-0.11058724396988798f,0.09860382791885515f,-1.6404581151094855f,2.1594346519954977f,0f,0f,0f,1f], start_interpolation: 0, interpolation_duration: 1 }
$data merge entity $(bone_scale_neck_right1) { transformation: [-1.6236416366845803f,-0.27332355913721923f,-0.04622930328755669f,-0.4922177700033201f,-0.27515858427824735f,1.6224030471348967f,0.07177177009844658f,4.59853480761583f,0.033625436203572306f,0.07847079396588712f,-1.6449215012796674f,2.1214071234951093f,0f,0f,0f,1f], start_interpolation: 0, interpolation_duration: 1 }
$data merge entity $(bone_blush_right1) { transformation: [-0.9954407920788891f,0.08443437309985974f,0.04436739911903457f,-0.4298608965234452f,0.08762500408252233f,0.9932720470416381f,0.07571326980953344f,4.41117564713f,-0.03767609487316835f,0.07925577079902119f,-0.9961420755445285f,3.46810563772268f,0f,0f,0f,1f], start_interpolation: 0, interpolation_duration: 1 }
$data merge entity $(bone_blush_left1) { transformation: [-0.9954407920788891f,0.08443437309985974f,0.04436739911903457f,0.8892925750107858f,0.08762500408252233f,0.9932720470416381f,0.07571326980953344f,4.295055402462048f,-0.03767609487316835f,0.07925577079902119f,-0.9961420755445285f,3.518033822041908f,0f,0f,0f,1f], start_interpolation: 0, interpolation_duration: 1 }
$data merge entity $(bone_left_head_scales) { transformation: [-0.9034533513775439f,0.08443437309985974f,-0.42028904164148523f,0.9795466190991294f,0.04276383054044119f,0.9932720470416381f,0.10761921465622062f,5.048900869957177f,0.4265481176634036f,0.07925577079902119f,-0.9009856969524324f,3.1847621212183115f,0f,0f,0f,1f], start_interpolation: 0, interpolation_duration: 1 }
$data merge entity $(bone_left_head_scales2) { transformation: [-0.8408654544769356f,0.08443437309985974f,-0.534617736430929f,0.8962136116773478f,0.028350853743191975f,0.9932720470416381f,0.11228031732118235f,4.1437535825348615f,0.5405011716539834f,0.07925577079902119f,-0.8376019378175557f,3.2813629013905103f,0f,0f,0f,1f], start_interpolation: 0, interpolation_duration: 1 }
$data merge entity $(bone_left_head_scales1) { transformation: [-0.9954407920788891f,0.08443437309985974f,0.04436739911903457f,0.9700642432138913f,0.08762500408252233f,0.9932720470416381f,0.07571326980953344f,4.937351763111681f,-0.03767609487316835f,0.07925577079902119f,-0.9961420755445285f,3.1758613266461557f,0f,0f,0f,1f], start_interpolation: 0, interpolation_duration: 1 }
$data merge entity $(bone_right_head_scales) { transformation: [-0.8624801813454249f,0.08443437309985974f,0.49899776895853637f,-0.36196538585093607f,0.11268482521652523f,0.9932720470416381f,0.026697766416582884f,5.166989254365264f,-0.4933863262721052f,0.07925577079902119f,-0.8661919278328383f,3.1339876964868933f,0f,0f,0f,1f], start_interpolation: 0, interpolation_duration: 1 }
$data merge entity $(bone_right_head_scales2) { transformation: [-0.7899692651232149f,0.08443437309985974f,0.6073050278072145f,-0.4452983932727177f,0.11520554870686685f,0.9932720470416381f,0.011761042167384307f,4.261841966942948f,-0.602226071926347f,0.07925577079902119f,-0.794381697351604f,3.230588476659092f,0f,0f,0f,1f], start_interpolation: 0, interpolation_duration: 1 }
$data merge entity $(bone_right_head_scales1) { transformation: [-0.9954407920788891f,0.08443437309985974f,0.04436739911903457f,-0.3714477617361742f,0.08762500408252233f,0.9932720470416381f,0.07571326980953344f,5.055440147519768f,-0.03767609487316835f,0.07925577079902119f,-0.9961420755445285f,3.1250869019147376f,0f,0f,0f,1f], start_interpolation: 0, interpolation_duration: 1 }
$data merge entity $(bone_head_left_fin1) { transformation: [-0.5199186457602069f,0.23093603633017554f,-0.8803569429158575f,0.9382423482132551f,0.24743476044851254f,1.0115519603638905f,0.11922193099815837f,4.525420158517927f,0.8758629111555264f,-0.14868213286488136f,-0.5562670062605636f,3.0585801650969504f,0f,0f,0f,1f], start_interpolation: 0, interpolation_duration: 1 }
$data merge entity $(bone_head_right_fin1) { transformation: [-0.4879265456793933f,-0.03911539220461666f,0.9268618398333314f,-0.40326965673681037f,-0.15871784255928997f,1.0353235977291162f,-0.03986091398521137f,4.643508542926014f,-0.9140084958576005f,-0.1589032161508726f,-0.48786620647694956f,3.0078057403655323f,0f,0f,0f,1f], start_interpolation: 0, interpolation_duration: 1 }
$data merge entity $(bone_right_whisker16) { transformation: [-0.043680343793216746f,-0.34907137306525604f,0.9360775630643242f,-0.8936729397792712f,0.983554101812576f,0.14933784779837467f,0.10158511713142729f,2.9721079579759038f,-0.17525226496043544f,0.9251201996072117f,0.3368074522705081f,1.4982028961400187f,0f,0f,0f,1f], start_interpolation: 0, interpolation_duration: 1 }
$data merge entity $(bone_right_whisker15) { transformation: [0.44526652573231684f,-0.13253836391133206f,0.8855344731595602f,-1.043689493859007f,0.12262908514176239f,0.9886917757892459f,0.08631732134398579f,2.930792494720134f,-0.8869610073388609f,0.07015806851969333f,0.4564844103384248f,1.7970325324016465f,0f,0f,0f,1f], start_interpolation: 0, interpolation_duration: 1 }
$data merge entity $(bone_right_whisker14) { transformation: [0.6335686862027862f,-0.1308542286537048f,0.7625404190642748f,-1.257147693800375f,-0.465088227694362f,0.7232213874312552f,0.5105328248233668f,3.0874872589335665f,-0.6182909188427348f,-0.6781061831346572f,0.3973516629777122f,2.0053434376758097f,0f,0f,0f,1f], start_interpolation: 0, interpolation_duration: 1 }
$data merge entity $(bone_right_whisker13) { transformation: [0.19899703081330328f,-0.29908273822924886f,0.9332468577074258f,-1.3241925918771227f,-0.08621363779390609f,0.9432577309046548f,0.3206743858603957f,3.116533845885615f,-0.976200486778116f,-0.1442718572067869f,0.1619204768776138f,2.3342391094907025f,0f,0f,0f,1f], start_interpolation: 0, interpolation_duration: 1 }
$data merge entity $(bone_right_whisker12) { transformation: [-0.49262134008168157f,-0.2129848437248519f,0.8437782123518176f,-1.1028978492623047f,-0.5091126864413547f,0.8568855517813226f,-0.08094086516021626f,3.345236810497942f,-0.7057821815550425f,-0.4694513899137138f,-0.5305533947751981f,2.651289698861132f,0f,0f,0f,1f], start_interpolation: 0, interpolation_duration: 1 }
$data merge entity $(bone_right_whisker11) { transformation: [-0.9156993284192751f,-0.10131342824547374f,0.38888343907865f,-0.6915485415739583f,-0.20880613752298746f,0.9467661170469885f,-0.24501819635385927f,3.4390364425883466f,-0.3433580301452405f,-0.3055642467123996f,-0.8881079631812023f,2.805532563965439f,0f,0f,0f,1f], start_interpolation: 0, interpolation_duration: 1 }
$data merge entity $(bone_right_whisker10) { transformation: [-0.5185897005333386f,-0.4788123986476936f,0.7083808364163903f,-0.4585883245374977f,-0.635908410403774f,0.7698162316382292f,0.0548038601200731f,3.724698423824417f,-0.5715638337740477f,-0.42204461423830275f,-0.7036996003366458f,3.0622897549186248f,0f,0f,0f,1f], start_interpolation: 0, interpolation_duration: 1 }
$data merge entity $(bone_right_whisker1) { transformation: [0.0037427941230598807f,-0.5378560788737163f,0.8430283683902597f,-0.460269657834966f,-0.8688762353810877f,0.4155685828067804f,0.2689922686137127f,4.115013920187015f,-0.49501523116177004f,-0.7334940977285057f,-0.4657749773391705f,3.284659878292076f,0f,0f,0f,1f], start_interpolation: 0, interpolation_duration: 1 }
$data merge entity $(bone_left_whisker16) { transformation: [-0.227613006724054f,0.2993800557726577f,-0.9265872335487884f,1.2413783629837696f,-0.959673142607568f,0.09225704545293843f,0.26554867147475747f,2.7841672179442454f,0.16498417659809073f,0.9496632138657661f,0.26630809545035405f,1.579011715792656f,0f,0f,0f,1f], start_interpolation: 0, interpolation_duration: 1 }
$data merge entity $(bone_left_whisker15) { transformation: [0.34924227667041186f,0.2973426083546397f,-0.8886040768772825f,1.359042997213547f,-0.19256678270059588f,0.9508509295535423f,0.24248823469914027f,2.719288760882033f,0.9170320967045862f,0.08642848502677491f,0.3893356528621127f,1.887972724936291f,0f,0f,0f,1f], start_interpolation: 0, interpolation_duration: 1 }
$data merge entity $(bone_left_whisker14) { transformation: [0.6567986864666365f,0.3055038262680979f,-0.6894076425390518f,1.580327710915685f,0.3515019177924156f,0.6848103873514693f,0.6383424904890662f,2.837714699982017f,0.6671295880441487f,-0.6615906177622849f,0.34239738206499626f,2.1127380646581964f,0f,0f,0f,1f], start_interpolation: 0, interpolation_duration: 1 }
$data merge entity $(bone_left_whisker13) { transformation: [0.13719280999176564f,0.4690147476218952f,-0.8724696552887863f,1.6265498978758013f,0.05662007843059623f,0.8756449247296918f,0.4796249915440651f,2.8567908006251375f,0.9889248199964833f,-0.11520040064297313f,0.09357653598323629f,2.445920743270293f,0f,0f,0f,1f], start_interpolation: 0, interpolation_duration: 1 }
$data merge entity $(bone_left_whisker12) { transformation: [-0.44778251045544404f,0.39380698860649965f,-0.8027495743100089f,1.4253975982571447f,0.5918929903009585f,0.8034718910107661f,0.06399694045946247f,3.122680229861896f,0.6701891608813211f,-0.44648513534076695f,-0.5928722565249009f,2.746982280384949f,0f,0f,0f,1f], start_interpolation: 0, interpolation_duration: 1 }
$data merge entity $(bone_left_whisker11) { transformation: [-0.8883663211474236f,0.28755426627206093f,-0.35793550173142846f,1.0263267899292003f,0.36761142375028955f,0.9125355193150045f,-0.17927846250115811f,3.2878181741247214f,0.275076572210862f,-0.29084612759538464f,-0.9163740554399671f,2.8705518343077974f,0f,0f,0f,1f], start_interpolation: 0, interpolation_duration: 1 }
$data merge entity $(bone_left_whisker10) { transformation: [-0.4410911919511799f,0.6360524938305302f,-0.6331475226793918f,0.8281803560448814f,0.7203856016049262f,0.6716787617533069f,0.1728936841236603f,3.611428893595684f,0.5352412029948701f,-0.379848477819126f,-0.7544746440504793f,3.110992218465649f,0f,0f,0f,1f], start_interpolation: 0, interpolation_duration: 1 }
$data merge entity $(bone_left_whisker1) { transformation: [0.11812060620848555f,0.6555844032205198f,-0.7458261276215357f,0.8812423471150995f,0.8581490469470463f,0.3105143917912014f,0.4088533058621582f,3.9969255357789275f,0.4996275969287682f,-0.6883239809454085f,-0.5259109826222014f,3.335434303023494f,0f,0f,0f,1f], start_interpolation: 0, interpolation_duration: 1 }
$data merge entity $(bone_upper_left_tooth1) { transformation: [-0.9954407920788891f,0.08797994844278181f,0.03683962726955146f,0.5117426715481346f,0.08762500408252233f,0.9960911932917185f,-0.011144205050953801f,4.363353408587234f,-0.03767609487316835f,-0.007865323813117706f,-0.9992590497745931f,4.262619032163977f,0f,0f,0f,1f], start_interpolation: 0, interpolation_duration: 1 }
$data merge entity $(bone_upper_right_tooth1) { transformation: [-0.9954407920788891f,0.08797994844278181f,0.03683962726955146f,-0.159013330926898f,0.08762500408252233f,0.9960911932917185f,-0.011144205050953801f,4.422397600791278f,-0.03767609487316835f,-0.007865323813117706f,-0.9992590497745931f,4.237231819798268f,0f,0f,0f,1f], start_interpolation: 0, interpolation_duration: 1 }
$data merge entity $(bone_top_lip1) { transformation: [-0.9954407920788891f,0.09527400292760294f,0.004527011321515655f,0.21518181149469198f,0.08762500408252233f,0.93220800135728f,-0.35115537994597623f,4.5134675797263935f,-0.03767609487316835f,-0.3491577101706562f,-0.9363062561488585f,4.250011596029997f,0f,0f,0f,1f], start_interpolation: 0, interpolation_duration: 1 }
$data merge entity $(bone_muzzle1) { transformation: [-0.9954407920788891f,0.08797994844278181f,0.03683962726955146f,0.25068896655950834f,0.08762500408252233f,0.9960911932917185f,-0.011144205050953801f,4.6750084126741696f,-0.03767609487316835f,-0.007865323813117706f,-0.9992590497745931f,3.6875792503482057f,0f,0f,0f,1f], start_interpolation: 0, interpolation_duration: 1 }
$data merge entity $(bone_jaw_right_tooth1) { transformation: [-0.9954407920788891f,0.09107660656482522f,-0.028331629003466443f,-0.15630699198911302f,0.08762500408252233f,0.7558867665343134f,-0.6488120335180579f,4.45831029904f,-0.03767609487316835f,-0.6483365236626236f,-0.7604211096229327f,4.249251381706701f,0f,0f,0f,1f], start_interpolation: 0, interpolation_duration: 1 }
$data merge entity $(bone_jaw_left_tooth1) { transformation: [-0.9954407920788891f,0.09107660656482522f,-0.028331629003466443f,0.5703453440255057f,0.08762500408252233f,0.7558867665343134f,-0.6488120335180579f,4.3943457574856195f,-0.03767609487316835f,-0.6483365236626236f,-0.7604211096229327f,4.276754195102886f,0f,0f,0f,1f], start_interpolation: 0, interpolation_duration: 1 }
$data merge entity $(bone_tongue1) { transformation: [-0.9954407920788891f,0.09451690154830175f,0.012813461166392967f,0.21654151428264706f,0.08762500408252233f,0.9592658764298525f,-0.26857184695497044f,4.202676675966021f,-0.03767609487316835f,-0.2662245924759294f,-0.9631744277316199f,3.491266351139829f,0f,0f,0f,1f], start_interpolation: 0, interpolation_duration: 1 }
$data merge entity $(bone_jaw_lips1) { transformation: [-0.9954407920788891f,0.09451690154830175f,0.012813461166392967f,0.24871889301693562f,0.08762500408252233f,0.9592658764298525f,-0.26857184695497044f,4.3151621274463166f,-0.03767609487316835f,-0.2662245924759294f,-0.9631744277316199f,4.393116891523216f,0f,0f,0f,1f], start_interpolation: 0, interpolation_duration: 1 }
$data merge entity $(bone_jaw3) { transformation: [-0.9954407920788891f,0.09461268400986994f,-0.012085921140009406f,0.2298913283078266f,0.08762500408252233f,0.8570681753511068f,-0.5076967613249681f,3.7868384302352895f,-0.03767609487316835f,-0.5064410951184473f,-0.8614510601597376f,3.6618139183565477f,0f,0f,0f,1f], start_interpolation: 0, interpolation_duration: 1 }
$data merge entity $(bone_jaw1) { transformation: [-0.9954407920788891f,0.07544730724462556f,0.058355233654652575f,0.28231985854442854f,0.08762500408252233f,0.9650345414492817f,0.24704289601061563f,4.008791032119827f,-0.03767609487316835f,0.25102995366949565f,-0.9672458189290863f,2.7928040029124466f,0f,0f,0f,1f], start_interpolation: 0, interpolation_duration: 1 }
$data merge entity $(bone_tear_right1) { transformation: [-0.9954407920788891f,0.08443437309985974f,0.04436739911903457f,-0.3452606475894516f,0.08762500408252233f,0.9932720470416381f,0.07571326980953344f,4.789024512143894f,-0.03767609487316835f,0.07925577079902119f,-0.9961420755445285f,3.602058301805368f,0f,0f,0f,1f], start_interpolation: 0, interpolation_duration: 1 }
$data merge entity $(bone_right_pupil1) { transformation: [-0.9954407920788891f,0.08443437309985974f,0.04436739911903457f,-0.15431032889606444f,0.08762500408252233f,0.9932720470416381f,0.07571326980953344f,4.879234724560177f,-0.03767609487316835f,0.07925577079902119f,-0.9961420755445285f,3.685063420938025f,0f,0f,0f,1f], start_interpolation: 0, interpolation_duration: 1 }
$data merge entity $(bone_right_sad_pupil1) { transformation: [-0.9954407920788891f,0.08443437309985974f,0.04436739911903457f,-0.15381206220673938f,0.08762500408252233f,0.9932720470416381f,0.07571326980953344f,4.880085020070733f,-0.03767609487316835f,0.07925577079902119f,-0.9961420755445285f,3.673876278488062f,0f,0f,0f,1f], start_interpolation: 0, interpolation_duration: 1 }
$data merge entity $(bone_right_happy_pupil1) { transformation: [-0.9954407920788891f,0.08443437309985974f,0.04436739911903457f,-0.18413043486770447f,0.08762500408252233f,0.9932720470416381f,0.07571326980953344f,4.854658243501434f,-0.03767609487316835f,0.07925577079902119f,-0.9961420755445285f,3.6705933213521744f,0f,0f,0f,1f], start_interpolation: 0, interpolation_duration: 1 }
$data merge entity $(bone_eyelid_right1) { transformation: [-0.9954407920788891f,0.08443437309985974f,0.04436739911903457f,0.2967622103082436f,0.08762500408252233f,0.9932720470416381f,0.07571326980953344f,4.828938520687969f,-0.03767609487316835f,0.07925577079902119f,-0.9961420755445285f,3.1263589001783454f,0f,0f,0f,1f], start_interpolation: 0, interpolation_duration: 1 }
$data merge entity $(bone_eyelid_expressions_right5) { transformation: [-0.9954407920788891f,0.08443437309985974f,0.04436739911903457f,-0.2728908957260144f,0.08762500408252233f,0.9932720470416381f,0.07571326980953344f,5.002950898931768f,-0.03767609487316835f,0.07925577079902119f,-0.9961420755445285f,3.6779112042299698f,0f,0f,0f,1f], start_interpolation: 0, interpolation_duration: 1 }
$data merge entity $(bone_eyelid_expressions_right7) { transformation: [-0.9954407920788891f,0.08443437309985974f,0.04436739911903457f,0.062487105511501856f,0.08762500408252233f,0.9932720470416381f,0.07571326980953344f,4.973428802829747f,-0.03767609487316835f,0.07925577079902119f,-0.9961420755445285f,3.6906048104128244f,0f,0f,0f,1f], start_interpolation: 0, interpolation_duration: 1 }
$data merge entity $(bone_eyelid_expressions_right6) { transformation: [-0.9954407920788891f,0.08443437309985974f,0.04436739911903457f,-0.0493055615676703f,0.08762500408252233f,0.9932720470416381f,0.07571326980953344f,4.983269501530421f,-0.03767609487316835f,0.07925577079902119f,-0.9961420755445285f,3.686373608351873f,0f,0f,0f,1f], start_interpolation: 0, interpolation_duration: 1 }
$data merge entity $(bone_right_eye1) { transformation: [-0.9954407920788891f,0.08443437309985974f,0.04436739911903457f,0.2850846769110013f,0.08762500408252233f,0.9932720470416381f,0.07571326980953344f,4.82907229504748f,-0.03767609487316835f,0.07925577079902119f,-0.9961420755445285f,3.137122922422213f,0f,0f,0f,1f], start_interpolation: 0, interpolation_duration: 1 }
$data merge entity $(bone_tear_left1) { transformation: [-0.9954407920788891f,0.08443437309985974f,0.04436739911903457f,0.8621001568656075f,0.08762500408252233f,0.9932720470416381f,0.07571326980953344f,4.682744966176616f,-0.03767609487316835f,0.07925577079902119f,-0.9961420755445285f,3.6477552840636442f,0f,0f,0f,1f], start_interpolation: 0, interpolation_duration: 1 }
$data merge entity $(bone_left_sad_pupil1) { transformation: [-0.9954407920788891f,0.08443437309985974f,0.04436739911903457f,0.6846329408870515f,0.08762500408252233f,0.9932720470416381f,0.07571326980953344f,4.806279779815679f,-0.03767609487316835f,0.07925577079902119f,-0.9961420755445285f,3.7056102939451985f,0f,0f,0f,1f], start_interpolation: 0, interpolation_duration: 1 }
$data merge entity $(bone_left_pupil1) { transformation: [-0.9954407920788891f,0.08443437309985974f,0.04436739911903457f,0.6841346741977263f,0.08762500408252233f,0.9932720470416381f,0.07571326980953344f,4.805429484305122f,-0.03767609487316835f,0.07925577079902119f,-0.9961420755445285f,3.7167974363951615f,0f,0f,0f,1f], start_interpolation: 0, interpolation_duration: 1 }
$data merge entity $(bone_eyelid_left1) { transformation: [-0.9954407920788891f,0.08443437309985974f,0.04436739911903457f,0.2744036768924092f,0.08762500408252233f,0.9932720470416381f,0.07571326980953344f,4.830906660428104f,-0.03767609487316835f,0.07925577079902119f,-0.9961420755445285f,3.125512659766155f,0f,0f,0f,1f], start_interpolation: 0, interpolation_duration: 1 }
$data merge entity $(bone_left_happy_pupil1) { transformation: [-0.9954407920788891f,0.08443437309985974f,0.04436739911903457f,0.7102109017656724f,0.08762500408252233f,0.9932720470416381f,0.07571326980953344f,4.775932653896042f,-0.03767609487316835f,0.07925577079902119f,-0.9961420755445285f,3.7044429378397865f,0f,0f,0f,1f], start_interpolation: 0, interpolation_duration: 1 }
$data merge entity $(bone_eyelid_expressions_left5) { transformation: [-0.9954407920788891f,0.08443437309985974f,0.04436739911903457f,0.8226772416498722f,0.08762500408252233f,0.9932720470416381f,0.07571326980953344f,4.906512051665165f,-0.03767609487316835f,0.07925577079902119f,-0.9961420755445285f,3.719376984427295f,0f,0f,0f,1f], start_interpolation: 0, interpolation_duration: 1 }
$data merge entity $(bone_eyelid_expressions_left7) { transformation: [-0.9954407920788891f,0.08443437309985974f,0.04436739911903457f,0.48729924041235584f,0.08762500408252233f,0.9932720470416381f,0.07571326980953344f,4.936034147767186f,-0.03767609487316835f,0.07925577079902119f,-0.9961420755445285f,3.7066833782444406f,0f,0f,0f,1f], start_interpolation: 0, interpolation_duration: 1 }
$data merge entity $(bone_eyelid_expressions_left6) { transformation: [-0.9954407920788891f,0.08443437309985974f,0.04436739911903457f,0.599091907491528f,0.08762500408252233f,0.9932720470416381f,0.07571326980953344f,4.9261934490665125f,-0.03767609487316835f,0.07925577079902119f,-0.9961420755445285f,3.710914580305392f,0f,0f,0f,1f], start_interpolation: 0, interpolation_duration: 1 }
$data merge entity $(bone_left_eye1) { transformation: [-0.9954407920788891f,0.08443437309985974f,0.04436739911903457f,0.2850846769110013f,0.08762500408252233f,0.9932720470416381f,0.07571326980953344f,4.82907229504748f,-0.03767609487316835f,0.07925577079902119f,-0.9961420755445285f,3.137122922422213f,0f,0f,0f,1f], start_interpolation: 0, interpolation_duration: 1 }
$data merge entity $(bone_crest_middle5) { transformation: [-0.9954407920788891f,0.09203580405782935f,0.02504077148937052f,0.38093340632948863f,0.08762500408252233f,0.9861148843981606f,-0.1410648553961596f,6.169355857890203f,-0.03767609487316835f,-0.13822751368606126f,-0.9896836193123931f,3.72186021029401f,0f,0f,0f,1f], start_interpolation: 0, interpolation_duration: 1 }
$data merge entity $(bone_crest_middle4) { transformation: [-0.9954407920788891f,0.09203580405782935f,0.02504077148937052f,0.3189170930483341f,0.08762500408252233f,0.9861148843981606f,-0.1410648553961596f,5.504883914301598f,-0.03767609487316835f,-0.13822751368606126f,-0.9896836193123931f,3.8150017966645007f,0f,0f,0f,1f], start_interpolation: 0, interpolation_duration: 1 }
$data merge entity $(bone_crest_middle1) { transformation: [-0.9954407920788891f,0.09203580405782935f,0.02504077148937052f,0.27029570207578646f,0.08762500408252233f,0.9861148843981606f,-0.1410648553961596f,5.018411690682202f,-0.03767609487316835f,-0.13822751368606126f,-0.9896836193123931f,3.9682179243029796f,0f,0f,0f,1f], start_interpolation: 0, interpolation_duration: 1 }
$data merge entity $(bone_crest_left5) { transformation: [-0.6060611757214345f,-0.7815942682193583f,0.14764908116814812f,-0.7770678080663085f,-0.7906362674650437f,0.6122714357275257f,-0.004240467084835067f,5.6216724807985194f,-0.0870869901425923f,-0.11930670089647097f,-0.9890307210947009f,3.7278710864726565f,0f,0f,0f,1f], start_interpolation: 0, interpolation_duration: 1 }
$data merge entity $(bone_crest_left4) { transformation: [-0.6060611757214345f,-0.7815942682193583f,0.14764908116814812f,-0.3381843078454774f,-0.7906362674650437f,0.6122714357275257f,-0.004240467084835067f,5.277867719525739f,-0.0870869901425923f,-0.11930670089647097f,-0.9890307210947009f,3.7948645952768274f,0f,0f,0f,1f], start_interpolation: 0, interpolation_duration: 1 }
$data merge entity $(bone_crest_left1) { transformation: [-0.6060611757214345f,-0.7815942682193583f,0.14764908116814812f,0.15287838435756157f,-0.7906362674650437f,0.6122714357275257f,-0.004240467084835067f,4.899444369960273f,-0.0870869901425923f,-0.11930670089647097f,-0.9890307210947009f,3.8130210619311953f,0f,0f,0f,1f], start_interpolation: 0, interpolation_duration: 1 }
$data merge entity $(bone_crest_center1) { transformation: [-0.9954407920788891f,0.08443437309985974f,0.04436739911903457f,0.262300487809027f,0.08762500408252233f,0.9932720470416381f,0.07571326980953344f,4.861716751505367f,-0.03767609487316835f,0.07925577079902119f,-0.9961420755445285f,3.8150270938316506f,0f,0f,0f,1f], start_interpolation: 0, interpolation_duration: 1 }
$data merge entity $(bone_crest_right5) { transformation: [-0.46363871971144377f,0.8831333604016568f,-0.07151646894255126f,1.4218697045014492f,0.8847980282148998f,0.4657315647327235f,0.015051872927765428f,5.428108071896246f,0.046600288103810034f,-0.05629899961177287f,-0.9973258423360719f,3.8110979132241027f,0f,0f,0f,1f], start_interpolation: 0, interpolation_duration: 1 }
$data merge entity $(bone_crest_right4) { transformation: [-0.46363871971144377f,0.8831333604016568f,-0.07151646894255126f,0.9259696241977844f,0.8847980282148998f,0.4657315647327235f,0.015051872927765428f,5.166588882715273f,0.046600288103810034f,-0.05629899961177287f,-0.9973258423360719f,3.8427111210139167f,0f,0f,0f,1f], start_interpolation: 0, interpolation_duration: 1 }
$data merge entity $(bone_crest_right1) { transformation: [-0.46363871971144377f,0.8831333604016568f,-0.07151646894255126f,0.3764637185159058f,0.8847980282148998f,0.4657315647327235f,0.015051872927765428f,4.879762972558925f,0.046600288103810034f,-0.05629899961177287f,-0.9973258423360719f,3.8214834660530985f,0f,0f,0f,1f], start_interpolation: 0, interpolation_duration: 1 }
$data merge entity $(bone_head1) { transformation: [-1.0433982260722725f,0.0885021749288894f,0.04650489100367553f,0.30774815688126245f,0.09184652120628964f,1.0411249972246333f,0.07936091431858644f,4.820063994705327f,-0.039491219235547534f,0.08307408267345316f,-1.0441332953298763f,2.517379690388172f,0f,0f,0f,1f], start_interpolation: 0, interpolation_duration: 1 }
$data merge entity $(bone_neck10) { transformation: [-1.4908832591045402f,0.1389202543657581f,0.012749601280245425f,0.27515617148370985f,0.1347209727374791f,1.4692683619359057f,-0.2555289060025778f,4.197219140597719f,-0.036216693809893806f,-0.25327045865074693f,-1.47537680188769f,1.5421548566384167f,0f,0f,0f,1f], start_interpolation: 0, interpolation_duration: 1 }
$data merge entity $(bone_neck9) { transformation: [-1.1405256932149739f,0.05695758065921071f,0.0902503496973245f,0.21301363205759857f,0.10306154414417158f,0.839326343326549f,0.7727210078775129f,3.268906060173032f,-0.02770577076456878f,0.7774800781383856f,-0.8408003727775146f,0.6470988456932468f,0f,0f,0f,1f], start_interpolation: 0, interpolation_duration: 1 }
$data merge entity $(bone_neck8) { transformation: [-1.0585271139642236f,0.03309694276062939f,0.0933545862793559f,0.18473085074566536f,0.09565189064361018f,0.6017204150712087f,0.8712481823795981f,2.7110835405969747f,-0.025713852605024606f,0.8758580203796449f,-0.602081110248258f,-0.2636432404402832f,0f,0f,0f,1f], start_interpolation: 0, interpolation_duration: 1 }
$data merge entity $(bone_neck7) { transformation: [-1.0509640805730631f,-0.0187480228554916f,0.09772218703155411f,0.20367832065281113f,0.08395660635313998f,0.38939203284861f,0.9776255652639689f,2.3175490393138047f,-0.05340788751564678f,0.9810448354927724f,-0.3861673745386564f,-1.255124723119149f,0f,0f,0f,1f], start_interpolation: 0, interpolation_duration: 1 }
$data merge entity $(bone_neck6) { transformation: [-1.0262607968773967f,-0.16674126478889403f,0.14423120197441072f,0.35893602168074856f,0.13688528396932334f,0.056389538182748056f,1.0391819625214762f,2.281237965581222f,-0.17282276481708375f,1.0348111338857682f,-0.033387443161203914f,-2.205840583910409f,0f,0f,0f,1f], start_interpolation: 0, interpolation_duration: 1 }
$data merge entity $(bone_neck_spine6) { transformation: [-1.2408999671233218f,0.27913050921781224f,-0.04731594798641667f,0.4533018314854207f,-0.15159457649074043f,-0.4754498975295629f,1.1708765297137145f,4.223789991083602f,0.2391060946288102f,1.147178679317064f,0.49678438154638666f,-5.290369416748588f,0f,0f,0f,1f], start_interpolation: 0, interpolation_duration: 1 }
$data merge entity $(bone_neck_spine7) { transformation: [-0.9468059910676088f,0.27520147960256525f,-0.16680096193679975f,-0.5888908558107782f,-0.17422136886602393f,-0.0025595693636476236f,0.9847031853483169f,5.526935868358109f,0.27056483494521544f,0.9613831672279436f,0.05036939409836888f,-8.570894556221429f,0f,0f,0f,1f], start_interpolation: 0, interpolation_duration: 1 }
$data merge entity $(bone_tail6) { transformation: [-1.704010831150872f,-0.0456227620875252f,-0.24406472179966038f,-0.7870501935046256f,-0.23721524246281062f,0.7990816051730298f,1.5068176580278492f,4.630183108530924f,0.07333453204971367f,1.5246931131807238f,-0.7970162448504109f,-12.453656129961882f,0f,0f,0f,1f], start_interpolation: 0, interpolation_duration: 1 }
$data merge entity $(bone_tail5) { transformation: [-1.4076611213855028f,-0.002105080749663f,-0.20510015893358147f,-0.7883797181886233f,-0.19596041768666964f,0.43393159885861254f,1.340478728451858f,4.904245170967942f,0.060580700388893904f,1.3547247969114913f,-0.42968714501756444f,-11.598040468754624f,0f,0f,0f,1f], start_interpolation: 0, interpolation_duration: 1 }
$data merge entity $(bone_tail4) { transformation: [-1.039691884904337f,0.02138763983693306f,-0.13137180577066399f,-0.7792135868299377f,-0.12116622909264371f,0.2761008638161173f,1.0038736254891034f,5.022574112603421f,0.05508836008367276f,1.0109332717283437f,-0.2713934242406991f,-11.164783352299619f,0f,0f,0f,1f], start_interpolation: 0, interpolation_duration: 1 }
$data merge entity $(bone_segment18) { transformation: [-0.9860822568282109f,-0.10923951594255282f,-0.12533359854890677f,-0.840554135332836f,-0.14899012019218602f,0.2460685510524672f,0.9577328501560639f,5.1607473712510465f,-0.07378161596020896f,0.9630768382323274f,-0.2589194407662819f,-10.62399313551877f,0f,0f,0f,1f], start_interpolation: 0, interpolation_duration: 1 }
$data merge entity $(bone_segment17) { transformation: [-0.9890712309646202f,0.03829988924150818f,-0.1423770296158008f,-0.8125959642312467f,-0.1382668612320527f,0.09432711170050387f,0.9858928294106196f,5.229604320466014f,0.05118960014657935f,0.9948042593808741f,-0.08800062701199597f,-9.897805455941421f,0f,0f,0f,1f], start_interpolation: 0, interpolation_duration: 1 }
$data merge entity $(bone_segment16) { transformation: [-0.9734717554063029f,0.18576697428956354f,-0.133579087770023f,-0.6352646972702618f,-0.14695250279885524f,-0.06012668679992872f,0.9873144096262425f,5.172207995908464f,0.1753787425753854f,0.9807524727461892f,0.08583055315511362f,-8.96158910622521f,0f,0f,0f,1f], start_interpolation: 0, interpolation_duration: 1 }
$data merge entity $(bone_segment15) { transformation: [-0.9468059910676088f,0.30899548227174645f,-0.08988997282307795f,-0.27089746597813885f,-0.17422136886602393f,-0.2573322922937874f,0.9504877726584776f,4.868761957876484f,0.27056483494521544f,0.9155882717021205f,0.29747737193372004f,-7.881928131537406f,0f,0f,0f,1f], start_interpolation: 0, interpolation_duration: 1 }
$data merge entity $(bone_segment14) { transformation: [-0.9861250223719757f,0.35408359267631057f,-0.029282207472776912f,0.12744657578271051f,-0.19095329352391938f,-0.4553435025220448f,0.9245941447080966f,4.3565005175391835f,0.29961555027970443f,0.8751927228522672f,0.49289290715346773f,-6.897336318328605f,0f,0f,0f,1f], start_interpolation: 0, interpolation_duration: 1 }
$data merge entity $(bone_segment13) { transformation: [-1.000019385269971f,0.22815030487038185f,0.0015097334230086683f,0.4021848157516443f,-0.12216739399547906f,-0.5411881350893076f,0.862719040073939f,3.6810903184187524f,0.19269138214204115f,0.8409259495635136f,0.5548037404542989f,-5.899728330869805f,0f,0f,0f,1f], start_interpolation: 0, interpolation_duration: 1 }
$data merge entity $(bone_segment12) { transformation: [-1.1086095154341795f,0.12359643700443064f,-0.013518292801965438f,0.5514959477033055f,-0.07225978323465337f,-0.5417754363668392f,0.9724874196965627f,3.0265965026735775f,0.10117977667177756f,0.9673040775790243f,0.5464058523509047f,-4.731173069364943f,0f,0f,0f,1f], start_interpolation: 0, interpolation_duration: 1 }
$data merge entity $(bone_segment11) { transformation: [-1.189353164582295f,-0.03729678039305738f,-0.034217553269327065f,0.5083935251406027f,-0.018822887099269808f,-0.4211351603950855f,1.1132895923710062f,2.5399071571573217f,-0.04698499442029682f,1.1128238709394513f,0.420164590902193f,-3.445126278794691f,0f,0f,0f,1f], start_interpolation: 0, interpolation_duration: 1 }
$data merge entity $(bone_segment10) { transformation: [-1.0406367394963902f,-0.12314392574387124f,-0.024206362549611445f,0.3526017643778648f,0f,-0.2021709503386595f,1.0284950679825047f,2.3000607911778164f,-0.12550049575796624f,1.0210963120179823f,0.20071657921794492f,-2.153317597232201f,0f,0f,0f,1f], start_interpolation: 0, interpolation_duration: 1 }