# This file was generated by Animated Java via MC-Build. It is not recommended to edit this file directly.
$data merge entity $(bone_neck_spine5) { transformation: [-1.3613396767728447f,0.10050317024455012f,0.07651834663041242f,0.3461699170195174f,0.1245244771961475f,1.2067939742027798f,0.6303519798994345f,3.3215216013470714f,-0.02120375389602321f,0.6346251466455656f,-1.210786101762843f,0.13938656479747125f,0f,0f,0f,1f], start_interpolation: 0, interpolation_duration: 1 }
$data merge entity $(bone_neck_spine2) { transformation: [-1.2965139778788994f,0.11921249047449031f,-0.016152220402971415f,0.35189820009957756f,0.11859474018680712f,1.2371984401667668f,-0.38819623155485017f,4.72043441792524f,-0.02019405132954591f,-0.3880069699222332f,-1.2427645788833503f,1.6903545657987915f,0f,0f,0f,1f], start_interpolation: 0, interpolation_duration: 1 }
$data merge entity $(bone_scale_neck_left1) { transformation: [-1.3433201887546902f,0.4852692166307185f,0.10707042671741492f,0.9604130189395974f,0.48965300883425456f,1.3451893906114323f,0.04652797791417528f,3.9043675408881193f,-0.08479516393286908f,0.08024156765560564f,-1.4275260030544263f,1.906597505106163f,0f,0f,0f,1f], start_interpolation: 0, interpolation_duration: 1 }
$data merge entity $(bone_scale_neck_right1) { transformation: [-1.4118197490769158f,-0.2354691277954821f,-0.05271341740398267f,-0.40092665783324716f,-0.23763481953560064f,1.4111167760143521f,0.06114372738000668f,4.0288920180842664f,0.041882061356315f,0.06901559757672844f,-1.4300147407039026f,1.88539375121014f,0f,0f,0f,1f], start_interpolation: 0, interpolation_duration: 1 }
$data merge entity $(bone_blush_right1) { transformation: [-0.9956969722071141f,0.09099249945754245f,0.017547210036202958f,-0.3222999821839853f,0.09225418005746956f,0.9912034286949022f,0.09489430544239072f,3.852011104569592f,-0.008758184715423379f,0.09610477608287152f,-0.9953326912216596f,3.0603149912255057f,0f,0f,0f,1f], start_interpolation: 0, interpolation_duration: 1 }
$data merge entity $(bone_blush_left1) { transformation: [-0.9956969722071141f,0.09099249945754245f,0.017547210036202958f,0.8250852006328062f,0.09225418005746956f,0.9912034286949022f,0.09489430544239072f,3.745702576768992f,-0.008758184715423379f,0.09610477608287152f,-0.9953326912216596f,3.0704074306436695f,0f,0f,0f,1f], start_interpolation: 0, interpolation_duration: 1 }
$data merge entity $(bone_left_head_scales) { transformation: [-0.8912964008108255f,0.09099249945754245f,-0.4441971307247914f,0.8985652962208381f,0.03801314317502412f,0.9912034286949022f,0.12677051664099534f,4.406418098015036f,0.4518248851575391f,0.09610477608287152f,-0.8869149593768489f,2.7912953646021066f,0f,0f,0f,1f], start_interpolation: 0, interpolation_duration: 1 }
$data merge entity $(bone_left_head_scales2) { transformation: [-0.8256918764762856f,0.09099249945754245f,-0.556734488031359f,0.8249070139244863f,0.021141062642626794f,0.9912034286949022f,0.13064768813036948f,3.618139886323356f,0.5637250931007158f,0.09610477608287152f,-0.820352297139863f,2.8620141954780363f,0f,0f,0f,1f], start_interpolation: 0, interpolation_duration: 1 }
$data merge entity $(bone_left_head_scales1) { transformation: [-0.9956969722071141f,0.09099249945754245f,0.017547210036202958f,0.8896793099456876f,0.09225418005746956f,0.9912034286949022f,0.09489430544239072f,4.309620888181549f,-0.008758184715423379f,0.09610477608287152f,-0.9953326912216596f,2.7819101325627638f,0f,0f,0f,1f], start_interpolation: 0, interpolation_duration: 1 }
$data merge entity $(bone_right_head_scales) { transformation: [-0.8750916010101044f,0.09099249945754245f,0.4753262615131226f,-0.2682670930843735f,0.12564777105887542f,0.9912034286949022f,0.04157403722765196f,4.5145284652698825f,-0.467362094600652f,0.09610477608287152f,-0.878826800083243f,2.78103186688872f,0f,0f,0f,1f], start_interpolation: 0, interpolation_duration: 1 }
$data merge entity $(bone_right_head_scales2) { transformation: [-0.8055625440753483f,0.09099249945754245f,0.585482153976807f,-0.3419253753807255f,0.12999933773393507f,0.9912034286949022f,0.024818040458667222f,3.7262502535782027f,-0.5780736629285153f,0.09610477608287152f,-0.8103053203839096f,2.8517506977646496f,0f,0f,0f,1f], start_interpolation: 0, interpolation_duration: 1 }
$data merge entity $(bone_right_head_scales1) { transformation: [-0.9956969722071141f,0.09099249945754245f,0.017547210036202958f,-0.27715307935952416f,0.09225418005746956f,0.9912034286949022f,0.09489430544239072f,4.417731255436396f,-0.008758184715423379f,0.09610477608287152f,-0.9953326912216596f,2.771646634849377f,0f,0f,0f,1f], start_interpolation: 0, interpolation_duration: 1 }
$data merge entity $(bone_head_left_fin1) { transformation: [-0.47201259523718236f,0.2206778197785611f,-0.8535252836297474f,0.8576420804130992f,0.22171705541959646f,0.9667603877637568f,0.12734166634269364f,3.9535818979144697f,0.8532559154635398f,-0.12913424220032144f,-0.5052511159985945f,2.6738155098941f,0f,0f,0f,1f], start_interpolation: 0, interpolation_duration: 1 }
$data merge entity $(bone_head_right_fin1) { transformation: [-0.4897567278212594f,-0.03702761139175538f,0.8710725018897302f,-0.3091903088921125f,-0.13260636935764464f,0.9906375350410802f,-0.03244726449974406f,4.061692265169317f,-0.861715671413487f,-0.13140102801102285f,-0.49008149473128404f,2.6635520121807135f,0f,0f,0f,1f], start_interpolation: 0, interpolation_duration: 1 }
$data merge entity $(bone_right_whisker16) { transformation: [-0.04405109276495048f,-0.3230661700934756f,0.9453505968514262f,-0.7777147982450334f,0.9869401168123213f,0.13269157912136845f,0.09133537461881595f,2.635789062899116f,-0.1549474331916972f,0.9370278515451993f,0.3130017545891605f,1.3351476875086885f,0f,0f,0f,1f], start_interpolation: 0, interpolation_duration: 1 }
$data merge entity $(bone_right_whisker15) { transformation: [0.4214775644445555f,-0.12616583730646297f,0.8980194007740842f,-0.9011945534533993f,0.13810159488150833f,0.9876540434519208f,0.07394213916472281f,2.5953296112736743f,-0.8962614641727433f,0.09285295875647018f,0.4336977240995159f,1.597724288340547f,0f,0f,0f,1f], start_interpolation: 0, interpolation_duration: 1 }
$data merge entity $(bone_right_whisker14) { transformation: [0.6144064122777455f,-0.14605389656417045f,0.7753534805818647f,-1.081196432050395f,-0.4554647968178506f,0.7367795754312455f,0.4997075905837607f,2.728766563466404f,-0.6442488489796965f,-0.6601697634137569f,0.38615968725717675f,1.7864690683150675f,0f,0f,0f,1f], start_interpolation: 0, interpolation_duration: 1 }
$data merge entity $(bone_right_whisker13) { transformation: [0.17193888683257819f,-0.29869179018669084f,0.9387333133908928f,-1.131569152802127f,-0.06799646584893175f,0.9470534211639601f,0.313793400334828f,2.748687403070583f,-0.9827581085022037f,-0.11778383563421799f,0.14252532489513037f,2.0743864829153225f,0f,0f,0f,1f], start_interpolation: 0, interpolation_duration: 1 }
$data merge entity $(bone_right_whisker12) { transformation: [-0.5139345003649856f,-0.22187190182227418f,0.8286399631422323f,-0.9308134885970545f,-0.4933514245272081f,0.8666829728629721f,-0.07392561441324068f,2.9414028032765236f,-0.7017661300259277f,-0.44680362994403666f,-0.5548790994597519f,2.3485138774567003f,0f,0f,0f,1f], start_interpolation: 0, interpolation_duration: 1 }
$data merge entity $(bone_right_whisker11) { transformation: [-0.9256369118160503f,-0.10537681401857887f,0.3634446788039956f,-0.5692365699189098f,-0.19848803575182547f,0.9529199375468355f,-0.22922934430198344f,3.0189371922420802f,-0.3221782226455222f,-0.28432256275756407f,-0.9029739050271295f,2.4743647456776072f,0f,0f,0f,1f], start_interpolation: 0, interpolation_duration: 1 }
$data merge entity $(bone_right_whisker10) { transformation: [-0.536801654328954f,-0.4866948805450147f,0.6891821799502453f,-0.3595484236966622f,-0.622630022357562f,0.779754104966804f,0.0656916360463049f,3.262152044725503f,-0.5693644168445374f,-0.39384213720562244f,-0.7216041378710266f,2.6967727210075045f,0f,0f,0f,1f], start_interpolation: 0, interpolation_duration: 1 }
$data merge entity $(bone_right_whisker1) { transformation: [-0.013621867010767692f,-0.555782117091524f,0.8312163876274364f,-0.35422738189558106f,-0.8590941800900789f,0.4318645774588348f,0.2746819551256639f,3.59773570882319f,-0.5116362325661623f,-0.7103514799432502f,-0.4833519840322765f,2.8966306243536617f,0f,0f,0f,1f], start_interpolation: 0, interpolation_duration: 1 }
$data merge entity $(bone_left_whisker16) { transformation: [-0.22731207603370387f,0.3255521399607887f,-0.9177935629847265f,1.079329345750483f,-0.9617975409743896f,0.07259523250731943f,0.26396102438205926f,2.4637285970978855f,0.15256051345241842f,0.9427331204451024f,0.2966134746618486f,1.3514823114874641f,0f,0f,0f,1f], start_interpolation: 0, interpolation_duration: 1 }
$data merge entity $(bone_left_whisker15) { transformation: [0.3732357075444055f,0.3038257663134505f,-0.8765757299502832f,1.188675744445133f,-0.21173405870794268f,0.9478140881936254f,0.23836346742894127f,2.4016971345857927f,0.9032517893682185f,0.09663517964867249f,0.41808832446910127f,1.6161068591539345f,0f,0f,0f,1f], start_interpolation: 0, interpolation_duration: 1 }
$data merge entity $(bone_left_whisker14) { transformation: [0.6762930408947248f,0.29041645661118143f,-0.6769682448732526f,1.3868084712697595f,0.33587779085447167f,0.6963393454460827f,0.6342693635943967f,2.5000988311251886f,0.6556018856349379f,-0.6563305552182732f,0.3733850155520264f,1.8081777240860453f,0f,0f,0f,1f], start_interpolation: 0, interpolation_duration: 1 }
$data merge entity $(bone_left_whisker13) { transformation: [0.16433747358994105f,0.46960336820709003f,-0.8674479069907494f,1.4349542154855626f,0.036839496640998226f,0.8758686713272412f,0.4811412703922735f,2.510891652406731f,0.9857160069012338f,-0.11102588507194747f,0.1266380929368307f,2.096961710482891f,0f,0f,0f,1f], start_interpolation: 0, interpolation_duration: 1 }
$data merge entity $(bone_left_whisker12) { transformation: [-0.426711366353244f,0.3850760904842859f,-0.8183115631361234f,1.2682700880038267f,0.580504961778788f,0.8104475006955205f,0.07866916782699615f,2.73765140310157f,0.6934921767223877f,-0.4414648945881452f,-0.5693657415678628f,2.3678570920150737f,0f,0f,0f,1f], start_interpolation: 0, interpolation_duration: 1 }
$data merge entity $(bone_left_whisker11) { transformation: [-0.8788930202806693f,0.2835909569441214f,-0.38356645844161186f,0.9249525019566902f,0.3656829092139049f,0.9168809580374337f,-0.16001662006558148f,2.8804962895132515f,0.30630551547560825f,-0.280901188904346f,-0.9095446406094352f,2.487507683997733f,0f,0f,0f,1f], start_interpolation: 0, interpolation_duration: 1 }
$data merge entity $(bone_left_whisker10) { transformation: [-0.4231262153500377f,0.6284569262664184f,-0.6526914261052609f,0.7596688240855817f,0.7115700924827608f,0.6764320918959488f,0.1900200740378392f,3.15845335688933f,0.5609208583816693f,-0.38403322366826054f,-0.7334073041300686f,2.7066173943030725f,0f,0f,0f,1f], start_interpolation: 0, interpolation_duration: 1 }
$data merge entity $(bone_left_whisker1) { transformation: [0.13551662930956548f,0.6379655010354772f,-0.7580470055802123f,0.8126050074096307f,0.8478002807782743f,0.3212604370628387f,0.4219317663917626f,3.489625341568343f,0.5127084230757799f,-0.6998512349540766f,-0.4973311993434564f,2.906894122067049f,0f,0f,0f,1f], start_interpolation: 0, interpolation_duration: 1 }
$data merge entity $(bone_upper_left_tooth1) { transformation: [-0.9956969722071141f,0.09217558564957426f,0.009549918729679658f,0.5148119504666258f,0.09225418005746956f,0.9957021840695759f,0.008144132918878666f,3.793781038403781f,-0.008758184715423379f,0.008990108410601744f,-0.9999212329735058f,3.727629787889889f,0f,0f,0f,1f], start_interpolation: 0, interpolation_duration: 1 }
$data merge entity $(bone_upper_right_tooth1) { transformation: [-0.9956969722071141f,0.09217558564957426f,0.009549918729679658f,-0.06860424418598021f,0.09225418005746956f,0.9957021840695759f,0.008144132918878666f,3.8478362220312046f,-0.008758184715423379f,0.008990108410601744f,-0.9999212329735058f,3.7224980390331956f,0f,0f,0f,1f], start_interpolation: 0, interpolation_duration: 1 }
$data merge entity $(bone_top_lip1) { transformation: [-0.9956969722071141f,0.08988298222419794f,-0.022551918855609726f,0.25731484664585214f,0.09225418005746956f,0.9384394523787709f,-0.33289722209858774f,3.925516497624601f,-0.008758184715423379f,-0.33354526488247f,-0.9426934021594578f,3.7262434733694243f,0f,0f,0f,1f], start_interpolation: 0, interpolation_duration: 1 }
$data merge entity $(bone_muzzle1) { transformation: [-0.9956969722071141f,0.09217558564957426f,0.009549918729679658f,0.2754801759547154f,0.09225418005746956f,0.9957021840695759f,0.008144132918878666f,4.075347937145964f,-0.008758184715423379f,0.008990108410601744f,-0.9999212329735058f,3.239317594243289f,0f,0f,0f,1f], start_interpolation: 0, interpolation_duration: 1 }
$data merge entity $(bone_jaw_right_tooth1) { transformation: [-0.9956969722071141f,0.07674916461104526f,-0.05193366219603776f,-0.06582772477358945f,0.09225418005746956f,0.7679870728398237f,-0.6337862590912199f,3.8788460172944115f,-0.008758184715423379f,-0.6358501566268784f,-0.7717628343721046f,3.7334833364083497f,0f,0f,0f,1f], start_interpolation: 0, interpolation_duration: 1 }
$data merge entity $(bone_jaw_left_tooth1) { transformation: [-0.9956969722071141f,0.07674916461104526f,-0.05193366219603776f,0.566206486100067f,0.09225418005746956f,0.7679870728398237f,-0.6337862590912199f,3.8202862350313693f,-0.008758184715423379f,-0.6358501566268784f,-0.7717628343721046f,3.7390427310031007f,0f,0f,0f,1f], start_interpolation: 0, interpolation_duration: 1 }
$data merge entity $(bone_tongue1) { transformation: [-0.9956969722071141f,0.09150647957866617f,-0.014632283919629167f,0.2393147549272916f,0.09225418005746956f,0.9638823115904871f,-0.24984006016830618f,3.6681417313298024f,-0.008758184715423379f,-0.2501148808009993f,-0.9681765544581176f,3.061578203392071f,0f,0f,0f,1f], start_interpolation: 0, interpolation_duration: 1 }
$data merge entity $(bone_jaw_lips1) { transformation: [-0.9956969722071141f,0.09150647957866617f,-0.014632283919629167f,0.28908766496302f,0.09225418005746956f,0.9638823115904871f,-0.24984006016830618f,3.750576479123948f,-0.008758184715423379f,-0.2501148808009993f,-0.9681765544581176f,3.846482777667089f,0f,0f,0f,1f], start_interpolation: 0, interpolation_duration: 1 }
$data merge entity $(bone_jaw3) { transformation: [-0.9956969722071141f,0.08460135814607948f,-0.03781732060080774f,0.25334646826962476f,0.09225418005746956f,0.866375452467341f,-0.4907980660352419f,3.3036849859565764f,-0.008758184715423379f,-0.4921749542203957f,-0.8704522437438149f,3.202490086326721f,0f,0f,0f,1f], start_interpolation: 0, interpolation_duration: 1 }
$data merge entity $(bone_jaw1) { transformation: [-0.9956969722071141f,0.08656307788582143f,0.033081310199547694f,0.2791912418630214f,0.09225418005746956f,0.9596665981799828f,0.26557331680645785f,3.511164139711622f,-0.008758184715423379f,0.2674824365908767f,-0.9635229319097174f,2.449737795772254f,0f,0f,0f,1f], start_interpolation: 0, interpolation_duration: 1 }
$data merge entity $(bone_tear_right1) { transformation: [-0.9956969722071141f,0.09099249945754245f,0.017547210036202958f,-0.2441232492569959f,0.09225418005746956f,0.9912034286949022f,0.09489430544239072f,4.177956420536903f,-0.008758184715423379f,0.09610477608287152f,-0.9953326912216596f,3.1810713614156674f,0f,0f,0f,1f], start_interpolation: 0, interpolation_duration: 1 }
$data merge entity $(bone_right_pupil1) { transformation: [-0.9956969722071141f,0.09099249945754245f,0.017547210036202958f,-0.07582627744574116f,0.09225418005746956f,0.9912034286949022f,0.09489430544239072f,4.254328270492764f,-0.008758184715423379f,0.09610477608287152f,-0.9953326912216596f,3.2501880965299375f,0f,0f,0f,1f], start_interpolation: 0, interpolation_duration: 1 }
$data merge entity $(bone_right_sad_pupil1) { transformation: [-0.9956969722071141f,0.09099249945754245f,0.017547210036202958f,-0.07565491797273138f,0.09225418005746956f,0.9912034286949022f,0.09489430544239072f,4.255254972694351f,-0.008758184715423379f,0.09610477608287152f,-0.9953326912216596f,3.240468050717226f,0f,0f,0f,1f], start_interpolation: 0, interpolation_duration: 1 }
$data merge entity $(bone_right_happy_pupil1) { transformation: [-0.9956969722071141f,0.09099249945754245f,0.017547210036202958f,-0.10218508306158436f,0.09225418005746956f,0.9912034286949022f,0.09489430544239072f,4.233308250475429f,-0.008758184715423379f,0.09610477608287152f,-0.9953326912216596f,3.2379079526080368f,0f,0f,0f,1f], start_interpolation: 0, interpolation_duration: 1 }
$data merge entity $(bone_eyelid_right1) { transformation: [-0.9956969722071141f,0.09099249945754245f,0.017547210036202958f,0.3028290985975757f,0.09225418005746956f,0.9912034286949022f,0.09489430544239072f,4.218506039533205f,-0.008758184715423379f,0.09610477608287152f,-0.9953326912216596f,2.753066018981956f,0f,0f,0f,1f], start_interpolation: 0, interpolation_duration: 1 }
$data merge entity $(bone_eyelid_expressions_right5) { transformation: [-0.9956969722071141f,0.09099249945754245f,0.017547210036202958f,-0.17859005785069298f,0.09225418005746956f,0.9912034286949022f,0.09489430544239072f,4.362412730560329f,-0.008758184715423379f,0.09610477608287152f,-0.9953326912216596f,3.2488697002959688f,0f,0f,0f,1f], start_interpolation: 0, interpolation_duration: 1 }
$data merge entity $(bone_eyelid_expressions_right7) { transformation: [-0.9956969722071141f,0.09099249945754245f,0.017547210036202958f,0.11311803947560993f,0.09225418005746956f,0.9912034286949022f,0.09489430544239072f,4.3353851387466165f,-0.008758184715423379f,0.09610477608287152f,-0.9953326912216596f,3.2514355747243155f,0f,0f,0f,1f], start_interpolation: 0, interpolation_duration: 1 }
$data merge entity $(bone_eyelid_expressions_right6) { transformation: [-0.9956969722071141f,0.09099249945754245f,0.017547210036202958f,0.01588200703350895f,0.09225418005746956f,0.9912034286949022f,0.09489430544239072f,4.344394336017854f,-0.008758184715423379f,0.09610477608287152f,-0.9953326912216596f,3.2505802832482f,0f,0f,0f,1f], start_interpolation: 0, interpolation_duration: 1 }
$data merge entity $(bone_right_eye1) { transformation: [-0.9956969722071141f,0.09099249945754245f,0.017547210036202958f,0.2929341358803558f,0.09225418005746956f,0.9912034286949022f,0.09489430544239072f,4.218480257058743f,-0.008758184715423379f,0.09610477608287152f,-0.9953326912216596f,2.762700535647056f,0f,0f,0f,1f], start_interpolation: 0, interpolation_duration: 1 }
$data merge entity $(bone_tear_left1) { transformation: [-0.9956969722071141f,0.09099249945754245f,0.017547210036202958f,0.8060259011176948f,0.09225418005746956f,0.9912034286949022f,0.09489430544239072f,4.080657090007541f,-0.008758184715423379f,0.09610477608287152f,-0.9953326912216596f,3.1903085093577155f,0f,0f,0f,1f], start_interpolation: 0, interpolation_duration: 1 }
$data merge entity $(bone_left_sad_pupil1) { transformation: [-0.9956969722071141f,0.09099249945754245f,0.017547210036202958f,0.653615325343026f,0.09225418005746956f,0.9912034286949022f,0.09489430544239072f,4.187685993160071f,-0.008758184715423379f,0.09610477608287152f,-0.9953326912216596f,3.2468827367880926f,0f,0f,0f,1f], start_interpolation: 0, interpolation_duration: 1 }
$data merge entity $(bone_left_pupil1) { transformation: [-0.9956969722071141f,0.09099249945754245f,0.017547210036202958f,0.6534439658700162f,0.09225418005746956f,0.9912034286949022f,0.09489430544239072f,4.186759290958485f,-0.008758184715423379f,0.09610477608287152f,-0.9953326912216596f,3.256602782600804f,0f,0f,0f,1f], start_interpolation: 0, interpolation_duration: 1 }
$data merge entity $(bone_eyelid_left1) { transformation: [-0.9956969722071141f,0.09099249945754245f,0.017547210036202958f,0.2833818921091555f,0.09225418005746956f,0.9912034286949022f,0.09489430544239072f,4.220307878987453f,-0.008758184715423379f,0.09610477608287152f,-0.9953326912216596f,2.7528949606867332f,0f,0f,0f,1f], start_interpolation: 0, interpolation_duration: 1 }
$data merge entity $(bone_left_happy_pupil1) { transformation: [-0.9956969722071141f,0.09099249945754245f,0.017547210036202958f,0.6757031764752235f,0.09225418005746956f,0.9912034286949022f,0.09489430544239072f,4.161234672305531f,-0.008758184715423379f,0.09610477608287152f,-0.9953326912216596f,3.2447502844169613f,0f,0f,0f,1f], start_interpolation: 0, interpolation_duration: 1 }
$data merge entity $(bone_eyelid_expressions_left5) { transformation: [-0.9956969722071141f,0.09099249945754245f,0.017547210036202958f,0.7743230600818967f,0.09225418005746956f,0.9912034286949022f,0.09489430544239072f,4.2741225973022035f,-0.008758184715423379f,0.09610477608287152f,-0.9953326912216596f,3.2572515567619016f,0f,0f,0f,1f], start_interpolation: 0, interpolation_duration: 1 }
$data merge entity $(bone_eyelid_expressions_left7) { transformation: [-0.9956969722071141f,0.09099249945754245f,0.017547210036202958f,0.4826149627555937f,0.09225418005746956f,0.9912034286949022f,0.09489430544239072f,4.301150189115915f,-0.008758184715423379f,0.09610477608287152f,-0.9953326912216596f,3.2546856823335544f,0f,0f,0f,1f], start_interpolation: 0, interpolation_duration: 1 }
$data merge entity $(bone_eyelid_expressions_left6) { transformation: [-0.9956969722071141f,0.09099249945754245f,0.017547210036202958f,0.5798509951976947f,0.09225418005746956f,0.9912034286949022f,0.09489430544239072f,4.292140991844677f,-0.008758184715423379f,0.09610477608287152f,-0.9953326912216596f,3.25554097380967f,0f,0f,0f,1f], start_interpolation: 0, interpolation_duration: 1 }
$data merge entity $(bone_left_eye1) { transformation: [-0.9956969722071141f,0.09099249945754245f,0.017547210036202958f,0.2929341358803558f,0.09225418005746956f,0.9912034286949022f,0.09489430544239072f,4.218480257058743f,-0.008758184715423379f,0.09610477608287152f,-0.9953326912216596f,2.762700535647056f,0f,0f,0f,1f], start_interpolation: 0, interpolation_duration: 1 }
$data merge entity $(bone_crest_middle5) { transformation: [-0.9956969722071141f,0.09263352526418797f,-0.002563110359413756f,0.39530188591398724f,0.09225418005746956f,0.988246836513296f,-0.12189075593902308f,5.373499807320492f,-0.008758184715423379f,-0.12160271427312623f,-0.9925402128286284f,3.2911345605030533f,0f,0f,0f,1f], start_interpolation: 0, interpolation_duration: 1 }
$data merge entity $(bone_crest_middle4) { transformation: [-0.9956969722071141f,0.09263352526418797f,-0.002563110359413756f,0.3410244297045021f,0.09225418005746956f,0.988246836513296f,-0.12189075593902308f,4.794448926550983f,-0.008758184715423379f,-0.12160271427312623f,-0.9925402128286284f,3.3623861508974633f,0f,0f,0f,1f], start_interpolation: 0, interpolation_duration: 1 }
$data merge entity $(bone_crest_middle1) { transformation: [-0.9956969722071141f,0.09263352526418797f,-0.002563110359413756f,0.3005040661578876f,0.09225418005746956f,0.988246836513296f,-0.12189075593902308f,4.369088349665715f,-0.008758184715423379f,-0.12160271427312623f,-0.9925402128286284f,3.4885209702313715f,0f,0f,0f,1f], start_interpolation: 0, interpolation_duration: 1 }
$data merge entity $(bone_crest_left5) { transformation: [-0.6117298888746256f,-0.7818156839158229f,0.12062661166041314f,-0.6132539227049114f,-0.7864043580084474f,0.6175439105880854f,0.014411946464525205f,4.901204560187713f,-0.08575971526748277f,-0.0860450746923305f,-0.9925933287900093f,3.3146698831883588f,0f,0f,0f,1f], start_interpolation: 0, interpolation_duration: 1 }
$data merge entity $(bone_crest_left4) { transformation: [-0.6117298888746256f,-0.7818156839158229f,0.12062661166041314f,-0.2315079832928885f,-0.7864043580084474f,0.6175439105880854f,0.014411946464525205f,4.599669447595875f,-0.08575971526748277f,-0.0860450746923305f,-0.9925933287900093f,3.3566840798154733f,0f,0f,0f,1f], start_interpolation: 0, interpolation_duration: 1 }
$data merge entity $(bone_crest_left1) { transformation: [-0.6117298888746256f,-0.7818156839158229f,0.12062661166041314f,0.1943025213328178f,-0.7864043580084474f,0.6175439105880854f,0.014411946464525205f,4.268684532068315f,-0.08575971526748277f,-0.0860450746923305f,-0.9925933287900093f,3.3544332249729747f,0f,0f,0f,1f], start_interpolation: 0, interpolation_duration: 1 }
$data merge entity $(bone_crest_center1) { transformation: [-0.9956969722071141f,0.09099249945754245f,0.017547210036202958f,0.2893170856412872f,0.09225418005746956f,0.9912034286949022f,0.09489430544239072f,4.235476342089778f,-0.008758184715423379f,0.09610477608287152f,-0.9953326912216596f,3.352942238471997f,0f,0f,0f,1f], start_interpolation: 0, interpolation_duration: 1 }
$data merge entity $(bone_crest_right5) { transformation: [-0.4582452975233757f,0.8833403681139506f,-0.09859534146207422f,1.2993577440224415f,0.8855406276349189f,0.4632624268277974f,0.034723489133056375f,4.723995604041988f,0.07634817683263054f,-0.07139830495137728f,-0.9945216126079932f,3.331493281002797f,0f,0f,0f,1f], start_interpolation: 0, interpolation_duration: 1 }
$data merge entity $(bone_crest_right4) { transformation: [-0.4582452975233757f,0.8833403681139506f,-0.09859534146207422f,0.8680392049043015f,0.8855406276349189f,0.4632624268277974f,0.034723489133056375f,4.497793247192478f,0.07634817683263054f,-0.07139830495137728f,-0.9945216126079932f,3.3663557345923367f,0f,0f,0f,1f], start_interpolation: 0, interpolation_duration: 1 }
$data merge entity $(bone_crest_right1) { transformation: [-0.4582452975233757f,0.8833403681139506f,-0.09859534146207422f,0.38877458621701977f,0.8855406276349189f,0.4632624268277974f,0.034723489133056375f,4.250666137525841f,0.07634817683263054f,-0.07139830495137728f,-0.9945216126079932f,3.3561438079252057f,0f,0f,0f,1f], start_interpolation: 0, interpolation_duration: 1 }
$data merge entity $(bone_head1) { transformation: [-0.9956969722071141f,0.09099249945754245f,0.017547210036202958f,0.29791591375831916f,0.09225418005746956f,0.9912034286949022f,0.09489430544239072f,4.221050273229221f,-0.008758184715423379f,0.09610477608287152f,-0.9953326912216596f,2.223405399928251f,0f,0f,0f,1f], start_interpolation: 0, interpolation_duration: 1 }
$data merge entity $(bone_neck10) { transformation: [-1.2965139778788994f,0.12030089891760663f,-0.0004536834715988376f,0.261502394609523f,0.11859474018680712f,1.2772838119420626f,-0.22338835756417863f,3.6787009248821256f,-0.02019405132954591f,-0.2224741881990211f,-1.2827776279700742f,1.3761685964592794f,0f,0f,0f,1f], start_interpolation: 0, interpolation_duration: 1 }
$data merge entity $(bone_neck9) { transformation: [-0.9957227350109948f,0.05652055943711519f,0.07308667007833598f,0.20173628811074934f,0.09108076046346787f,0.7332764300261914f,0.6738026211298382f,2.894211121204666f,-0.015509031421091259f,0.6775773782594571f,-0.7352879479601309f,0.6062006631541291f,0f,0f,0f,1f], start_interpolation: 0, interpolation_duration: 1 }
$data merge entity $(bone_neck8) { transformation: [-0.9957227350109948f,0.039533688319213625f,0.08350642172972852f,0.16913698848500078f,0.09108076046346787f,0.5717345793374777f,0.8153673195947907f,2.4036061559792126f,-0.015509031421091259f,0.8194856059002357f,-0.5728898774343137f,-0.18203744180381964f,0f,0f,0f,1f], start_interpolation: 0, interpolation_duration: 1 }
$data merge entity $(bone_neck7) { transformation: [-0.9957703105778569f,-0.017681823663728703f,0.09016008919473839f,0.18554102411053033f,0.07663631661497164f,0.3814359340011127f,0.9212130607130949f,2.049734928146149f,-0.050679024727871426f,0.9242261527162187f,-0.3784675086292194f,-1.0394738139526551f,0f,0f,0f,1f], start_interpolation: 0, interpolation_duration: 1 }
$data merge entity $(bone_neck6) { transformation: [-0.9754824153219654f,-0.16911356550962314f,0.14083557561300675f,0.3284493512824122f,0.13085294983046872f,0.06884617693128636f,0.9890084476093269f,2.0079060144901857f,-0.17695073585122323f,0.9831890997578075f,-0.04502922605533233f,-1.8582214512676332f,0f,0f,0f,1f], start_interpolation: 0, interpolation_duration: 1 }
$data merge entity $(bone_neck_spine6) { transformation: [-1.0839142815232585f,0.21936769234078493f,-0.04415114250343284f,0.49417728198896155f,-0.12558514379844146f,-0.4156287789112521f,1.018048509313396f,3.6283170320590403f,0.18520226641271018f,1.0020340369544247f,0.43193701718858835f,-4.5862586509174434f,0f,0f,0f,1f], start_interpolation: 0, interpolation_duration: 1 }
$data merge entity $(bone_neck_spine7) { transformation: [-0.9445177717238186f,0.28422667149428793f,-0.16462496198678667f,-0.3673080739032908f,-0.18124309842970548f,-0.03300187998121501f,0.9828844363348652f,4.806363304949526f,0.27392903856559797f,0.9581889558583857f,0.08268498474054048f,-7.418787278869793f,0f,0f,0f,1f], start_interpolation: 0, interpolation_duration: 1 }
$data merge entity $(bone_tail6) { transformation: [-1.472634388352231f,0.04137735340870186f,-0.2680114821259882f,-0.6988454403758957f,-0.2154846620428537f,0.7199358161046193f,1.2951652646662821f,4.027067776505447f,0.16464689596452955f,1.3123165079349925f,-0.7020762525072175f,-10.786588900156186f,0f,0f,0f,1f], start_interpolation: 0, interpolation_duration: 1 }
$data merge entity $(bone_tail5) { transformation: [-1.2165240599431475f,0.07210784496170114f,-0.21210169504693147f,-0.6533036435579791f,-0.17800906864409655f,0.3999048009695507f,1.156938365000196f,4.279639229749375f,0.13601265318808964f,1.1683296057294121f,-0.3829150680193367f,-10.04869651759024f,0f,0f,0f,1f], start_interpolation: 0, interpolation_duration: 1 }
$data merge entity $(bone_tail4) { transformation: [-0.9853450516001858f,0.08127024750880141f,-0.1499675836868928f,-0.6215574531248536f,-0.12157762901606685f,0.28205591823615184f,0.9516634589553143f,4.389817322810371f,0.11964116937684385f,0.955949583324256f,-0.26804175930687f,-9.675278711604204f,0f,0f,0f,1f], start_interpolation: 0, interpolation_duration: 1 }
$data merge entity $(bone_segment18) { transformation: [-0.9875231840372213f,-0.04803836833306363f,-0.1499675836868928f,-0.6450136876624822f,-0.15735320054648605f,0.2637738257806951f,0.9516634589553143f,4.518613136179852f,-0.006158836478234522f,0.9633876083907825f,-0.26804175930687f,-9.204874605944642f,0f,0f,0f,1f], start_interpolation: 0, interpolation_duration: 1 }
$data merge entity $(bone_segment17) { transformation: [-0.9840046088000746f,0.0852860427105051f,-0.15640083369021412f,-0.5908770394575718f,-0.14850270867788293f,0.09222249934686286f,0.9846024355695806f,4.577152808616825f,0.09839652115569912f,0.9920792818787213f,-0.07808215603744756f,-8.575136780533345f,0f,0f,0f,1f], start_interpolation: 0, interpolation_duration: 1 }
$data merge entity $(bone_segment16) { transformation: [-0.9666577959115916f,0.21626826108649483f,-0.13711580816947205f,-0.41135748679788364f,-0.15801546465246905f,-0.08242657105092352f,0.9839903319217378f,4.508732315068695f,0.20150389210635122f,0.9728483435928801f,0.11385201726179953f,-7.767596651574411f,0f,0f,0f,1f], start_interpolation: 0, interpolation_duration: 1 }
$data merge entity $(bone_segment15) { transformation: [-0.9445177717238186f,0.3171499579779705f,-0.08545222672607392f,-0.08615489316812869f,-0.18124309842970548f,-0.28626657944826694f,0.9408519462500938f,4.2151972482516245f,0.27392903856559797f,0.9041390101337076f,0.3278651127902543f,-6.840500986886527f,0f,0f,0f,1f], start_interpolation: 0, interpolation_duration: 1 }
$data merge entity $(bone_segment14) { transformation: [-0.94746970934517f,0.3188461682010972f,-0.025264023766155233f,0.24078697852244935f,-0.1770749875180079f,-0.4571269212573579f,0.8715959078938283f,3.7464635887592164f,0.2663561500489083f,0.8302843482116515f,0.4895735924719347f,-5.989135200146064f,0f,0f,0f,1f], start_interpolation: 0, interpolation_duration: 1 }
$data merge entity $(bone_segment13) { transformation: [-0.9793484331880735f,0.2021211283111778f,-0.004867843699426205f,0.45802812664458925f,-0.11346987110259181f,-0.5295556176705694f,0.8406517924476835f,3.15708155239179f,0.16733569482936636f,0.8238433693875057f,0.5415541228281939f,-5.117368572653026f,0f,0f,0f,1f], start_interpolation: 0, interpolation_duration: 1 }
$data merge entity $(bone_segment12) { transformation: [-0.9967317504656873f,0.07800861997730464f,-0.020987444409540368f,0.5494444781804931f,-0.05541878121141025f,-0.4712762690694664f,0.8802428283723792f,2.604804674576009f,0.058775643787617696f,0.8785290737483878f,0.47405916326567343f,-4.087842314354134f,0f,0f,0f,1f], start_interpolation: 0, interpolation_duration: 1 }
$data merge entity $(bone_segment11) { transformation: [-1.032577653587008f,-0.06441642648760453f,-0.03438568343625754f,0.47500094699127426f,-0.011332100615736532f,-0.34019201026414997f,0.9775936996329988f,2.211658144920323f,-0.07213483709308767f,0.9755349209869761f,0.3386394027967656f,-2.9604549649388323f,0f,0f,0f,1f], start_interpolation: 0, interpolation_duration: 1 }
$data merge entity $(bone_segment10) { transformation: [-0.9912764768656018f,-0.12981588136731642f,-0.022776816233766504f,0.32239034050611287f,6.938893903907228e-18f,-0.17281493709337953f,0.9849543124010429f,2.024361841062948f,-0.13179888623550634f,0.976362040670487f,0.17130738199167572f,-1.8126508472422806f,0f,0f,0f,1f], start_interpolation: 0, interpolation_duration: 1 }