# This file was generated by Animated Java via MC-Build. It is not recommended to edit this file directly.
$data merge entity $(bone_neck_spine5) { transformation: [-1.5658152435718737f,0.12093585092155709f,0.07494223453083995f,0.40113687998181f,0.14190216577889503f,1.3873183749587383f,0.7261065330967261f,3.9199959860193987f,-0.010275889346208348f,0.7298913905646283f,-1.3925416186363764f,0.1548330091327385f,0f,0f,0f,1f], start_interpolation: 0, interpolation_duration: 1 }
$data merge entity $(bone_neck_spine2) { transformation: [-1.4912526129255934f,0.13191116429450278f,-0.030973712420160778f,0.41913280299866873f,0.13514491978942378f,1.4232543657281658f,-0.44528321636331014f,5.48860089609615f,-0.009786561282103185f,-0.44625187602318583f,-1.4293207365906666f,1.8906772874988635f,0f,0f,0f,1f], start_interpolation: 0, interpolation_duration: 1 }
$data merge entity $(bone_scale_neck_left1) { transformation: [-1.5460983980859115f,0.5575680949152165f,0.10840961122735719f,1.1219039731933522f,0.5618764152692914f,1.5473627456025432f,0.054940953060201775f,4.5505134899016415f,-0.08324492920281425f,0.0885518711922478f,-1.6426454056515185f,2.132325677441004f,0f,0f,0f,1f], start_interpolation: 0, interpolation_duration: 1 }
$data merge entity $(bone_scale_neck_right1) { transformation: [-1.6228683090750369f,-0.2714263916074961f,-0.0753740417951528f,-0.44391127037852074f,-0.27468848497327963f,1.6224904552983492f,0.07159636531635026f,4.692415655680536f,0.062448126158337176f,0.08311147479356942f,-1.6438515124957673f,2.1220497880947957f,0f,0f,0f,1f], start_interpolation: 0, interpolation_duration: 1 }
$data merge entity $(bone_blush_right1) { transformation: [-0.9952802664882644f,0.09659691809553453f,-0.009285825407262319f,-0.32503931660141067f,0.09488145831855277f,0.988734009257865f,0.11576945972152233f,4.470977571802259f,0.02036418440287521f,0.1143420060665066f,-0.9932327046781597f,3.4761977318120607f,0f,0f,0f,1f], start_interpolation: 0, interpolation_duration: 1 }
$data merge entity $(bone_blush_left1) { transformation: [-0.9952802664882644f,0.09659691809553453f,-0.009285825407262319f,0.9939014271725881f,0.09488145831855277f,0.988734009257865f,0.11576945972152233f,4.345241107995349f,0.02036418440287521f,0.1143420060665066f,-0.9932327046781597f,3.449211210098485f,0f,0f,0f,1f], start_interpolation: 0, interpolation_duration: 1 }
$data merge entity $(bone_left_head_scales) { transformation: [-0.878536661419052f,0.09659691809553453f,-0.4678059105623943f,1.0719428086321625f,0.03070449391492215f,0.988734009257865f,0.14650014672448952f,5.111437145776114f,0.4766870761790115f,0.1143420060665066f,-0.871605035008743f,3.142043532150361f,0f,0f,0f,1f], start_interpolation: 0, interpolation_duration: 1 }
$data merge entity $(bone_left_head_scales2) { transformation: [-0.8099597342886787f,0.09659691809553453f,-0.5784758112881276f,0.986720777611519f,0.011319706401406518f,0.988734009257865f,0.14925455833526294f,4.2036192548393965f,0.586376238500503f,0.1143420060665066f,-0.8019281841728022f,3.2066314188454745f,0f,0f,0f,1f], start_interpolation: 0, interpolation_duration: 1 }
$data merge entity $(bone_left_head_scales1) { transformation: [-0.9952802664882644f,0.09659691809553453f,-0.009285825407262319f,1.0610945219319805f,0.09488145831855277f,0.988734009257865f,0.11576945972152233f,5.000397681845787f,0.02036418440287521f,0.1143420060665066f,-0.9932327046781597f,3.129202388890939f,0f,0f,0f,1f], start_interpolation: 0, interpolation_duration: 1 }
$data merge entity $(bone_right_head_scales) { transformation: [-0.887112095428144f,0.09659691809553453f,0.45133265509990783f,-0.26935286300241235f,0.13761726887768627f,0.988734009257865f,0.0588773831238707f,5.2393047360882266f,-0.4405605718306329f,0.1143420060665066f,-0.8904113028241232f,3.169487452537048f,0f,0f,0f,1f], start_interpolation: 0, interpolation_duration: 1 }
$data merge entity $(bone_right_head_scales2) { transformation: [-0.8206119955800298f,0.09659691809553453f,0.5632628055575886f,-0.3545748940230559f,0.14412497469212f,0.988734009257865f,0.04041102085897131f,4.331486845151509f,-0.5530135119327165f,0.1143420060665066f,-0.8252890168107957f,3.2340753392321617f,0f,0f,0f,1f], start_interpolation: 0, interpolation_duration: 1 }
$data merge entity $(bone_right_head_scales1) { transformation: [-0.9952802664882644f,0.09659691809553453f,-0.009285825407262319f,-0.28020114970259447f,0.09488145831855277f,0.988734009257865f,0.11576945972152233f,5.1282652721579f,0.02036418440287521f,0.1143420060665066f,-0.9932327046781597f,3.156646309277626f,0f,0f,0f,1f], start_interpolation: 0, interpolation_duration: 1 }
$data merge entity $(bone_head_left_fin1) { transformation: [-0.4694937553296603f,0.23062294730699684f,-0.908330263674541f,1.019631353567502f,0.21475512555691f,1.015383977211354f,0.14680195126313064f,4.59375109557575f,0.9122121725665923f,-0.12034796642677804f,-0.5020562888994123f,2.9973899833175226f,0f,0f,0f,1f], start_interpolation: 0, interpolation_duration: 1 }
$data merge entity $(bone_head_right_fin1) { transformation: [-0.5381889101757991f,-0.03938493251509485f,0.8985970855059239f,-0.3216643180670731f,-0.11869132921255458f,1.041124205625018f,-0.025454957407268337f,4.721618685887862f,-0.8915942257320401f,-0.11482340169856609f,-0.5390273843589276f,3.02483390370421f,0f,0f,0f,1f], start_interpolation: 0, interpolation_duration: 1 }
$data merge entity $(bone_right_whisker16) { transformation: [-0.04524827138675956f,-0.2970131928436366f,0.9538006905078961f,-0.9068796706836034f,0.9900874525524832f,0.11374794543555526f,0.08239078350959479f,3.115670250649912f,-0.13296401857136034f,0.9480741364397718f,0.28892213757228075f,1.4784094286318417f,0f,0f,0f,1f], start_interpolation: 0, interpolation_duration: 1 }
$data merge entity $(bone_right_whisker15) { transformation: [0.3973233704023019f,-0.1205792154890512f,0.9097223709045527f,-1.0407435015320352f,0.15588331441435516f,0.9857911626435137f,0.06257935714870333f,3.063150969914607f,-0.9043420434876123f,0.11694629727355518f,0.4104741550142403f,1.783094980392805f,0f,0f,0f,1f], start_interpolation: 0, interpolation_duration: 1 }
$data merge entity $(bone_right_whisker14) { transformation: [0.5952364841945038f,-0.1617386971714888f,0.7871048988038608f,-1.2412870435702223f,-0.44332912230867944f,0.7508643325729455f,0.4895529015160681f,3.2125147855361833f,-0.6701886429929879f,-0.6403462718772196f,0.375238370767387f,2.008890958744934f,0f,0f,0f,1f], start_interpolation: 0, interpolation_duration: 1 }
$data merge entity $(bone_right_whisker13) { transformation: [0.1448940272574436f,-0.2989023816535631f,0.9432195328272985f,-1.2901038789255135f,-0.04773132816740601f,0.9500579326039619f,0.3084017590865223f,3.2285961412175848f,-0.9882952196466875f,-0.08970669394261294f,0.12339071231414317f,2.3418615161454297f,0f,0f,0f,1f], start_interpolation: 0, interpolation_duration: 1 }
$data merge entity $(bone_right_whisker12) { transformation: [-0.534362780611509f,-0.23131967865182498f,0.8129868541160754f,-1.0500580985726873f,-0.4772052629930248f,0.8764373745158253f,-0.06428581121495887f,3.4429656929527326f,-0.6976614907452569f,-0.4223135503630252f,-0.578722480564633f,2.6552641389411504f,0f,0f,0f,1f], start_interpolation: 0, interpolation_duration: 1 }
$data merge entity $(bone_right_whisker11) { transformation: [-0.9346709281052819f,-0.11017915040614343f,0.3380100752501199f,-0.6301863925878926f,-0.18937512496292586f,0.9589484508418231f,-0.2110803891254328f,3.528036549869672f,-0.3008775800887919f,-0.2613014034479115f,-0.9171664289299212f,2.7904239893716625f,0f,0f,0f,1f], start_interpolation: 0, interpolation_duration: 1 }
$data merge entity $(bone_right_whisker10) { transformation: [-0.5540082986099618f,-0.494865215198644f,0.6694648787335267f,-0.3813154771966989f,-0.6091837453963702f,0.789069075667311f,0.07915275213399786f,3.801693310496948f,-0.5674239767723479f,-0.363975840698164f,-0.7386146613572726f,3.0453214789373657f,0f,0f,0f,1f], start_interpolation: 0, interpolation_duration: 1 }
$data merge entity $(bone_right_whisker1) { transformation: [-0.03017301357355745f,-0.5736091864293233f,0.818573204115417f,-0.3677611937554524f,-0.8481038734757032f,0.4480872987610801f,0.282732369007348f,4.182677472409861f,-0.5289701400338195f,-0.6857042175259593f,-0.5000003170196125f,3.282944784030683f,0f,0f,0f,1f], start_interpolation: 0, interpolation_duration: 1 }
$data merge entity $(bone_left_whisker16) { transformation: [-0.22600133014446314f,0.35133366619019235f,-0.9085637312672636f,1.2278273319722708f,-0.9642288490734676f,0.051940133553144044f,0.2599325857620351f,2.9121656496700594f,0.13851398986163663f,0.9348084710398386f,0.32702751732043905f,1.43473171441213f,0f,0f,0f,1f], start_interpolation: 0, interpolation_duration: 1 }
$data merge entity $(bone_left_whisker15) { transformation: [0.3970573088656535f,0.3092324338221849f,-0.8641300801087609f,1.3616015229475154f,-0.2316127344047341f,0.9448166176212917f,0.2316831895676163f,2.834132062395027f,0.8880884160588557f,0.10815202697624363f,0.44676851312844623f,1.7339411905257094f,0f,0f,0f,1f], start_interpolation: 0, interpolation_duration: 1 }
$data merge entity $(bone_left_whisker14) { transformation: [0.6949228027843695f,0.2745489902959685f,-0.6646090204757837f,1.5957307875574833f,0.320336434988858f,0.7092724177855648f,0.6279468176424245f,2.94205791207389f,0.6437910115782495f,-0.6492730467962481f,0.40494153172398983f,1.9508434356375217f,0f,0f,0f,1f], start_interpolation: 0, interpolation_duration: 1 }
$data merge entity $(bone_left_whisker13) { transformation: [0.1912415993008445f,0.46907124017316604f,-0.8622057888574302f,1.660162771696928f,0.01568704926976261f,0.8768459342929715f,0.48051547737725786f,2.947343099572003f,0.9814176313792529f,-0.10542001307291637f,0.16033107515900596f,2.2814968368346333f,0f,0f,0f,1f], start_interpolation: 0, interpolation_duration: 1 }
$data merge entity $(bone_left_whisker12) { transformation: [-0.4058894196368858f,0.3753743019358103f,-0.833275412137569f,1.4778296339694208f,0.566840818876768f,0.8186003897292677f,0.0926546706335207f,3.2019786236768013f,0.7168997594377803f,-0.4347269664758491f,-0.5450387137963307f,2.6035416506445737f,0f,0f,0f,1f], start_interpolation: 0, interpolation_duration: 1 }
$data merge entity $(bone_left_whisker11) { transformation: [-0.869103796369511f,0.2786258349911361f,-0.40868843293099943f,1.0874119129440545f,0.36133148951557525f,0.9218831283812652f,-0.13989657712191433f,3.364295503732626f,0.3377841704706712f,-0.2692566464944999f,-0.9018884146600267f,2.7552806334731956f,0f,0f,0f,1f], start_interpolation: 0, interpolation_duration: 1 }
$data merge entity $(bone_left_whisker10) { transformation: [-0.40551783495438476f,0.6198198932615288f,-0.6718471444094823f,0.9052456980231396f,0.7006567122708934f,0.6828045869420918f,0.20702190125825382f,3.6790436361980663f,0.5870566046674299f,-0.3867831381641482f,-0.7111704064063985f,3.0189974676011424f,0f,0f,0f,1f], start_interpolation: 0, interpolation_duration: 1 }
$data merge entity $(bone_left_whisker1) { transformation: [0.1520167621141883f,0.6196388404834614f,-0.7700250719298887f,0.9735344778791226f,0.8364883386984241f,0.33433329725887545f,0.43417566210643277f,4.054809882097749f,0.5264771251040914f,-0.7101189715169705f,-0.4674963989527734f,3.255500863643996f,0f,0f,0f,1f], start_interpolation: 0, interpolation_duration: 1 }
$data merge entity $(bone_upper_left_tooth1) { transformation: [-0.9952802664882644f,0.09542002464837906f,-0.01766946618187136f,0.6579799960318764f,0.09488145831855277f,0.9950615510952043f,0.029155075018787266f,4.385501139900628f,0.02036418440287521f,0.027340966115137644f,-0.9994187168376908f,4.215469393943343f,0f,0f,0f,1f], start_interpolation: 0, interpolation_duration: 1 }
$data merge entity $(bone_upper_right_tooth1) { transformation: [-0.9952802664882644f,0.09542002464837906f,-0.01766946618187136f,-0.012667839785411139f,0.09488145831855277f,0.9950615510952043f,0.029155075018787266f,4.449434935056684f,0.02036418440287521f,0.027340966115137644f,-0.9994187168376908f,4.229191354136687f,0f,0f,0f,1f], start_interpolation: 0, interpolation_duration: 1 }
$data merge entity $(bone_top_lip1) { transformation: [-0.9952802664882644f,0.08362217968127961f,-0.049239437490708124f,0.36238782328211505f,0.09488145831855277f,0.94502361972854f,-0.31293428546983f,4.537729179442042f,0.02036418440287521f,-0.3161292286716304f,-0.948497554437061f,4.225136188901307f,0f,0f,0f,1f], start_interpolation: 0, interpolation_duration: 1 }
$data merge entity $(bone_muzzle1) { transformation: [-0.9952802664882644f,0.09542002464837906f,-0.01766946618187136f,0.3685401779669484f,0.09488145831855277f,0.9950615510952043f,0.029155075018787266f,4.7217255521956805f,0.02036418440287521f,0.027340966115137644f,-0.9994187168376908f,3.6685449335040303f,0f,0f,0f,1f], start_interpolation: 0, interpolation_duration: 1 }
$data merge entity $(bone_jaw_right_tooth1) { transformation: [-0.9952802664882644f,0.06173826571268447f,-0.0748704059414635f,-0.00902321296967723f,0.09488145831855277f,0.7810018927593902f,-0.6172791527126077f,4.484814521343645f,0.02036418440287521f,-0.6214695729100821f,-0.7831735886382821f,4.242477346909456f,0f,0f,0f,1f], start_interpolation: 0, interpolation_duration: 1 }
$data merge entity $(bone_jaw_left_tooth1) { transformation: [-0.9952802664882644f,0.06173826571268447f,-0.0748704059414635f,0.7175119424990508f,0.09488145831855277f,0.7810018927593902f,-0.6172791527126077f,4.415552909924584f,0.02036418440287521f,-0.6214695729100821f,-0.7831735886382821f,4.227611890033334f,0f,0f,0f,1f], start_interpolation: 0, interpolation_duration: 1 }
$data merge entity $(bone_tongue1) { transformation: [-0.9952802664882644f,0.08759547178834559f,-0.04176391338496331f,0.3199701527015448f,0.09488145831855277f,0.9687015396263721f,-0.22937924054465217f,4.2579465874984255f,0.02036418440287521f,-0.2322592526632121f,-0.972440712612307f,3.455584615734745f,0f,0f,0f,1f], start_interpolation: 0, interpolation_duration: 1 }
$data merge entity $(bone_jaw_lips1) { transformation: [-0.9952802664882644f,0.08759547178834559f,-0.04176391338496331f,0.402066780365965f,0.09488145831855277f,0.9687015396263721f,-0.22937924054465217f,4.333593848547587f,0.02036418440287521f,-0.2322592526632121f,-0.972440712612307f,4.358114611529141f,0f,0f,0f,1f], start_interpolation: 0, interpolation_duration: 1 }
$data merge entity $(bone_jaw3) { transformation: [-0.9952802664882644f,0.07380143228429789f,-0.06301221890900016f,0.3392380283252151f,0.09488145831855277f,0.8763261190869878f,-0.4722817399320913f,3.8354662596835367f,0.02036418440287521f,-0.47603138719912674f,-0.8791924808566554f,3.6083107052179617f,0f,0f,0f,1f], start_interpolation: 0, interpolation_duration: 1 }
$data merge entity $(bone_jaw1) { transformation: [-0.9952802664882644f,0.09674186051767204f,0.0076291259413416215f,0.3460923211631392f,0.09488145831855277f,0.9536097622738623f,0.28570252040073585f,4.092152117856073f,0.02036418440287521f,0.2850779432358234f,-0.9582879871281065f,2.7473488417825536f,0f,0f,0f,1f], start_interpolation: 0, interpolation_duration: 1 }
$data merge entity $(bone_tear_right1) { transformation: [-0.9952802664882644f,0.09659691809553453f,-0.009285825407262319f,-0.23024443595084454f,0.09488145831855277f,0.988734009257865f,0.11576945972152233f,4.842586571598936f,0.02036418440287521f,0.1143420060665066f,-0.9932327046781597f,3.620388456199554f,0f,0f,0f,1f], start_interpolation: 0, interpolation_duration: 1 }
$data merge entity $(bone_right_pupil1) { transformation: [-0.9952802664882644f,0.09659691809553453f,-0.009285825407262319f,-0.034342647047428954f,0.09488145831855277f,0.988734009257865f,0.11576945972152233f,4.928243404161729f,0.02036418440287521f,0.1143420060665066f,-0.9932327046781597f,3.696382880832382f,0f,0f,0f,1f], start_interpolation: 0, interpolation_duration: 1 }
$data merge entity $(bone_right_sad_pupil1) { transformation: [-0.9952802664882644f,0.09659691809553453f,-0.009285825407262319f,-0.03444693121948317f,0.09488145831855277f,0.988734009257865f,0.11576945972152233f,4.929543549461337f,0.02036418440287521f,0.1143420060665066f,-0.9932327046781597f,3.685228411981016f,0f,0f,0f,1f], start_interpolation: 0, interpolation_duration: 1 }
$data merge entity $(bone_right_happy_pupil1) { transformation: [-0.9952802664882644f,0.09659691809553453f,-0.009285825407262319f,-0.06510227032688576f,0.09488145831855277f,0.988734009257865f,0.11576945972152233f,4.904447912838518f,0.02036418440287521f,0.1143420060665066f,-0.9932327046781597f,3.6825899082808293f,0f,0f,0f,1f], start_interpolation: 0, interpolation_duration: 1 }
$data merge entity $(bone_eyelid_right1) { transformation: [-0.9952802664882644f,0.09659691809553453f,-0.009285825407262319f,0.3852474358226536f,0.09488145831855277f,0.988734009257865f,0.11576945972152233f,4.89800686315336f,0.02036418440287521f,0.1143420060665066f,-0.9932327046781597f,3.1122794660072275f,0f,0f,0f,1f], start_interpolation: 0, interpolation_duration: 1 }
$data merge entity $(bone_eyelid_expressions_right5) { transformation: [-0.9952802664882644f,0.09659691809553453f,-0.009285825407262319f,-0.15213912203876878f,0.09488145831855277f,0.988734009257865f,0.11576945972152233f,5.05283695669855f,0.02036418440287521f,0.1143420060665066f,-0.9932327046781597f,3.70069959029245f,0f,0f,0f,1f], start_interpolation: 0, interpolation_duration: 1 }
$data merge entity $(bone_eyelid_expressions_right7) { transformation: [-0.9952802664882644f,0.09659691809553453f,-0.009285825407262319f,0.18318479586987502f,0.09488145831855277f,0.988734009257865f,0.11576945972152233f,5.020870059120521f,0.02036418440287521f,0.1143420060665066f,-0.9932327046781597f,3.6938386101957783f,0f,0f,0f,1f], start_interpolation: 0, interpolation_duration: 1 }
$data merge entity $(bone_eyelid_expressions_right6) { transformation: [-0.9952802664882644f,0.09659691809553453f,-0.009285825407262319f,0.07141015656699373f,0.09488145831855277f,0.988734009257865f,0.11576945972152233f,5.0315256916465305f,0.02036418440287521f,0.1143420060665066f,-0.9932327046781597f,3.6961256035613355f,0f,0f,0f,1f], start_interpolation: 0, interpolation_duration: 1 }
$data merge entity $(bone_right_eye1) { transformation: [-0.9952802664882644f,0.09659691809553453f,-0.009285825407262319f,0.3741742560644197f,0.09488145831855277f,0.988734009257865f,0.11576945972152233f,4.897772281106354f,0.02036418440287521f,0.1143420060665066f,-0.9932327046781597f,3.1236626341951492f,0f,0f,0f,1f], start_interpolation: 0, interpolation_duration: 1 }
$data merge entity $(bone_tear_left1) { transformation: [-0.9952802664882644f,0.09659691809553453f,-0.009285825407262319f,0.976921668520273f,0.09488145831855277f,0.988734009257865f,0.11576945972152233f,4.727505740318035f,0.02036418440287521f,0.1143420060665066f,-0.9932327046781597f,3.595688927851535f,0f,0f,0f,1f], start_interpolation: 0, interpolation_duration: 1 }
$data merge entity $(bone_left_sad_pupil1) { transformation: [-0.9952802664882644f,0.09659691809553453f,-0.009285825407262319f,0.8038628635521262f,0.09488145831855277f,0.988734009257865f,0.11576945972152233f,4.849626305516266f,0.02036418440287521f,0.1143420060665066f,-0.9932327046781597f,3.668075961739336f,0f,0f,0f,1f], start_interpolation: 0, interpolation_duration: 1 }
$data merge entity $(bone_left_pupil1) { transformation: [-0.9952802664882644f,0.09659691809553453f,-0.009285825407262319f,0.8039671477241804f,0.09488145831855277f,0.988734009257865f,0.11576945972152233f,4.84832616021666f,0.02036418440287521f,0.1143420060665066f,-0.9932327046781597f,3.679230430590702f,0f,0f,0f,1f], start_interpolation: 0, interpolation_duration: 1 }
$data merge entity $(bone_eyelid_left1) { transformation: [-0.9952802664882644f,0.09659691809553453f,-0.009285825407262319f,0.36289250796207734f,0.09488145831855277f,0.988734009257865f,0.11576945972152233f,4.900137989658562f,0.02036418440287521f,0.1143420060665066f,-0.9932327046781597f,3.112736864680339f,0f,0f,0f,1f], start_interpolation: 0, interpolation_duration: 1 }
$data merge entity $(bone_left_happy_pupil1) { transformation: [-0.9952802664882644f,0.09659691809553453f,-0.009285825407262319f,0.8290948440961642f,0.09488145831855277f,0.988734009257865f,0.11576945972152233f,4.8192028526304425f,0.02036418440287521f,0.1143420060665066f,-0.9932327046781597f,3.664293961356371f,0f,0f,0f,1f], start_interpolation: 0, interpolation_duration: 1 }
$data merge entity $(bone_eyelid_expressions_left5) { transformation: [-0.9952802664882644f,0.09659691809553453f,-0.009285825407262319f,0.9432523431294676f,0.09488145831855277f,0.988734009257865f,0.11576945972152233f,4.948411757943658f,0.02036418440287521f,0.1143420060665066f,-0.9932327046781597f,3.6782870553099887f,0f,0f,0f,1f], start_interpolation: 0, interpolation_duration: 1 }
$data merge entity $(bone_eyelid_expressions_left7) { transformation: [-0.9952802664882644f,0.09659691809553453f,-0.009285825407262319f,0.6079284252208237f,0.09488145831855277f,0.988734009257865f,0.11576945972152233f,4.980378655521686f,0.02036418440287521f,0.1143420060665066f,-0.9932327046781597f,3.68514803540666f,0f,0f,0f,1f], start_interpolation: 0, interpolation_duration: 1 }
$data merge entity $(bone_eyelid_expressions_left6) { transformation: [-0.9952802664882644f,0.09659691809553453f,-0.009285825407262319f,0.719703064523705f,0.09488145831855277f,0.988734009257865f,0.11576945972152233f,4.969723022995677f,0.02036418440287521f,0.1143420060665066f,-0.9932327046781597f,3.682861042041103f,0f,0f,0f,1f], start_interpolation: 0, interpolation_duration: 1 }
$data merge entity $(bone_left_eye1) { transformation: [-0.9952802664882644f,0.09659691809553453f,-0.009285825407262319f,0.3741742560644197f,0.09488145831855277f,0.988734009257865f,0.11576945972152233f,4.897772281106354f,0.02036418440287521f,0.1143420060665066f,-0.9932327046781597f,3.1236626341951492f,0f,0f,0f,1f], start_interpolation: 0, interpolation_duration: 1 }
$data merge entity $(bone_crest_middle5) { transformation: [-0.9952802664882644f,0.09229736497051712f,-0.029973113928131068f,0.5124559206648751f,0.09488145831855277f,0.9903541625100859f,-0.10097594597869074f,6.2126706188355785f,0.02036418440287521f,-0.10334325918242504f,-0.9944372633681622f,3.755631973844977f,0f,0f,0f,1f], start_interpolation: 0, interpolation_duration: 1 }
$data merge entity $(bone_crest_middle4) { transformation: [-0.9952802664882644f,0.09229736497051712f,-0.029973113928131068f,0.4502633602843508f,0.09488145831855277f,0.9903541625100859f,-0.10097594597869074f,5.545342130425462f,0.02036418440287521f,-0.10334325918242504f,-0.9944372633681622f,3.825267568411259f,0f,0f,0f,1f], start_interpolation: 0, interpolation_duration: 1 }
$data merge entity $(bone_crest_middle1) { transformation: [-0.9952802664882644f,0.09229736497051712f,-0.029973113928131068f,0.406143541665371f,0.09488145831855277f,0.9903541625100859f,-0.10097594597869074f,5.053350854449721f,0.02036418440287521f,-0.10334325918242504f,-0.9944372633681622f,3.96125459628755f,0f,0f,0f,1f], start_interpolation: 0, interpolation_duration: 1 }
$data merge entity $(bone_crest_left5) { transformation: [-0.6162327117931286f,-0.7819841682274192f,0.09358421639228628f,-0.6478651395521011f,-0.7829100351984281f,0.6211500653341095f,0.03499247234803532f,5.671953422018817f,-0.0854934015096094f,-0.05170451602232623f,-0.9949962418628593f,3.80296034800576f,0f,0f,0f,1f], start_interpolation: 0, interpolation_duration: 1 }
$data merge entity $(bone_crest_left4) { transformation: [-0.6162327117931286f,-0.7819841682274192f,0.09358421639228628f,-0.20876270133846248f,-0.7829100351984281f,0.6211500653341095f,0.03499247234803532f,5.323163102129058f,-0.0854934015096094f,-0.05170451602232623f,-0.9949962418628593f,3.8319936455768904f,0f,0f,0f,1f], start_interpolation: 0, interpolation_duration: 1 }
$data merge entity $(bone_crest_left1) { transformation: [-0.6162327117931286f,-0.7819841682274192f,0.09358421639228628f,0.2795049537849735f,-0.7829100351984281f,0.6211500653341095f,0.03499247234803532f,4.9414586595862735f,-0.0854934015096094f,-0.05170451602232623f,-0.9949962418628593f,3.8080589019020925f,0f,0f,0f,1f], start_interpolation: 0, interpolation_duration: 1 }
$data merge entity $(bone_crest_center1) { transformation: [-0.9952802664882644f,0.09659691809553453f,-0.009285825407262319f,0.38856755612732663f,0.09488145831855277f,0.988734009257865f,0.11576945972152233f,4.903043516403967f,0.02036418440287521f,0.1143420060665066f,-0.9932327046781597f,3.802561663813338f,0f,0f,0f,1f], start_interpolation: 0, interpolation_duration: 1 }
$data merge entity $(bone_crest_right5) { transformation: [-0.45329468296580505f,0.8824750050641174f,-0.12554599090379662f,1.550717770566409f,0.8848695759862958f,0.4624748469146595f,0.05588246115818146f,5.462359441538996f,0.10737673811754411f,-0.08576060522377504f,-0.9905126726614294f,3.757975684575591f,0f,0f,0f,1f], start_interpolation: 0, interpolation_duration: 1 }
$data merge entity $(bone_crest_right4) { transformation: [-0.45329468296580505f,0.8824750050641174f,-0.12554599090379662f,1.0551873722149758f,0.8848695759862958f,0.4624748469146595f,0.05588246115818146f,5.20266897574219f,0.10737673811754411f,-0.08576060522377504f,-0.9905126726614294f,3.8061322744229256f,0f,0f,0f,1f], start_interpolation: 0, interpolation_duration: 1 }
$data merge entity $(bone_crest_right1) { transformation: [-0.45329468296580505f,0.8824750050641174f,-0.12554599090379662f,0.5030542323907359f,0.8848695759862958f,0.4624748469146595f,0.05588246115818146f,4.920147394534254f,0.10737673811754411f,-0.08576060522377504f,-0.9905126726614294f,3.8034849151709778f,0f,0f,0f,1f], start_interpolation: 0, interpolation_duration: 1 }
$data merge entity $(bone_head1) { transformation: [-1.0432299668268912f,0.10125067586836622f,-0.009733189391726774f,0.3630144832513468f,0.09945257024275383f,1.0363683300163815f,0.12134689462998104f,4.913760540619572f,0.021345271411867886f,0.11985067042127313f,-1.0410837594608309f,2.5037462757403057f,0f,0f,0f,1f], start_interpolation: 0, interpolation_duration: 1 }
$data merge entity $(bone_neck10) { transformation: [-1.4912526129255934f,0.13482552673874376f,-0.013490866029963501f,0.31295458318337466f,0.13514491978942378f,1.4691993500204321f,-0.2557017838003443f,4.290813214655698f,-0.009786561282103185f,-0.25587033615327126f,-1.4753402576962071f,1.5293274429777393f,0f,0f,0f,1f], start_interpolation: 0, interpolation_duration: 1 }
$data merge entity $(bone_neck9) { transformation: [-1.1408082488880797f,0.07097639702375756f,0.07554494578048253f,0.23468348149691945f,0.10338586363890925f,0.839399126486868f,0.7725986138683247f,3.3624153579695695f,-0.007486719380808941f,0.7762471294743355f,-0.8423612595046758f,0.6356254861910446f,0f,0f,0f,1f], start_interpolation: 0, interpolation_duration: 1 }
$data merge entity $(bone_neck8) { transformation: [-1.0587893551771714f,0.04981249741123022f,0.08230403308516772f,0.18904263196902124f,0.0959528930504909f,0.6124798593478449f,0.8636848971733867f,2.7933960394606436f,-0.006948458510293263f,0.8675697518884683f,-0.6144628401534387f,-0.2674531120149939f,0f,0f,0f,1f], start_interpolation: 0, interpolation_duration: 1 }
$data merge entity $(bone_neck7) { transformation: [-1.051626132744588f,-0.018292022855343103f,0.09041289555437336f,0.20752925081218715f,0.0759971715485915f,0.4146485723125781f,0.9678417247927259f,2.3743363121234635f,-0.05228307277963282f,0.9706485338334385f,-0.4117456944786664f,-1.248427694080703f,0f,0f,0f,1f], start_interpolation: 0, interpolation_duration: 1 }
$data merge entity $(bone_neck6) { transformation: [-1.0227558167972468f,-0.18415723872080067f,0.14789578373956203f,0.37883377896197f,0.13445746452335705f,0.0864204615279633f,1.0374339527300314f,2.3104232200025003f,-0.19418610057148644f,1.029773823453401f,-0.06061471016854477f,-2.1949233206184475f,0f,0f,0f,1f], start_interpolation: 0, interpolation_duration: 1 }
$data merge entity $(bone_neck_spine6) { transformation: [-1.2526473317015245f,0.21896099018401588f,-0.05400107105785622f,0.6543182938112307f,-0.13356572857701104f,-0.47473319571196165f,1.173360114182986f,4.084652291331757f,0.18171468583318331f,1.1604610489729734f,0.49019924039700785f,-5.3362438543468205f,0f,0f,0f,1f], start_interpolation: 0, interpolation_duration: 1 }
$data merge entity $(bone_neck_spine7) { transformation: [-0.9448532174856418f,0.2862080658310044f,-0.1591770726590538f,-0.26044133791316976f,-0.18426455799709393f,-0.06279036407611177f,0.9808689733319758f,5.478927296564244f,0.2707378253461562f,0.9561078983213479f,0.11206568026996183f,-8.578365725353299f,0f,0f,0f,1f], start_interpolation: 0, interpolation_duration: 1 }
$data merge entity $(bone_tail6) { transformation: [-1.6753517698927123f,0.14039433016885577f,-0.3725423690010588f,-0.8164243919211529f,-0.257104878092967f,0.848758004064081f,1.4760788833003076f,4.5964809521997925f,0.3039662255996267f,1.4917108366304512f,-0.804801373694853f,-12.434399575403761f,0f,0f,0f,1f], start_interpolation: 0, interpolation_duration: 1 }
$data merge entity $(bone_tail5) { transformation: [-1.3839862446939797f,0.1676566016473912f,-0.2829375861241105f,-0.7105360119333268f,-0.21239098625071187f,0.4787546103677837f,1.3225976074493992f,4.898852285063656f,0.251102534190996f,1.329009264902045f,-0.4407518920517764f,-11.595025302834049f,0f,0f,0f,1f], start_interpolation: 0, interpolation_duration: 1 }
$data merge entity $(bone_tail4) { transformation: [-1.0212631811345854f,0.1487001013610539f,-0.1832620875665581f,-0.6468073970643037f,-0.13297232721249375f,0.30988262086774254f,0.9924546939306625f,5.031659122578403f,0.19497454469682435f,0.9902202982995876f,-0.2830616289448556f,-11.17064517499137f,0f,0f,0f,1f], start_interpolation: 0, interpolation_duration: 1 }
$data merge entity $(bone_segment18) { transformation: [-0.9845048202903531f,0.013477071113999005f,-0.17483886118151135f,-0.639239705764939f,-0.16436395318708966f,0.2765517059625531f,0.946838763899067f,5.186949387156985f,0.06111259868285558f,0.9609045334909131f,-0.27005134289397403f,-10.631074758236219f,0f,0f,0f,1f], start_interpolation: 0, interpolation_duration: 1 }
$data merge entity $(bone_segment17) { transformation: [-0.9771475082193626f,0.1299467822361555f,-0.1682158760853441f,-0.544381092755636f,-0.15778501951466103f,0.08684921426327216f,0.9836468378430389f,5.250347617295458f,0.14243115809909243f,0.987710001856983f,-0.06436083773716722f,-9.910065748091593f,0f,0f,0f,1f], start_interpolation: 0, interpolation_duration: 1 }
$data merge entity $(bone_segment16) { transformation: [-0.96060326050331f,0.24151439720557438f,-0.1375215323243517f,-0.3138339020637911f,-0.16704172531971895f,-0.1062508638043349f,0.9802080472751913f,5.148921621818175f,0.2221225740725629f,0.964562880212203f,0.14240790780050788f,-8.989303818982776f,0f,0f,0f,1f], start_interpolation: 0, interpolation_duration: 1 }
$data merge entity $(bone_segment15) { transformation: [-0.9448532174856418f,0.3176538204262398f,-0.07967714713545163f,0.0607432348157837f,-0.18426455799709393f,-0.3145184053516815f,0.93119533147518f,4.778041763944977f,0.2707378253461562f,0.8945245793513165f,0.3557060680719186f,-7.934481133859032f,0f,0f,0f,1f], start_interpolation: 0, interpolation_duration: 1 }
$data merge entity $(bone_segment14) { transformation: [-1.002142851474414f,0.30622370304349594f,-0.024737561687269555f,0.40524490073971664f,-0.17511663616455042f,-0.5000219637889056f,0.9044265572683446f,4.215517054682458f,0.25242635956317067f,0.8688384645307706f,0.5292219322502324f,-6.957037861261915f,0f,0f,0f,1f], start_interpolation: 0, interpolation_duration: 1 }
$data merge entity $(bone_segment13) { transformation: [-1.009486379077111f,0.1813329327063176f,-0.012215964845117885f,0.6239729531363976f,-0.1076382636179442f,-0.5409668852554964f,0.8647904052922119f,3.5403166271126527f,0.14644065858321242f,0.8523888833134091f,0.5514362492080312f,-5.945531975998248f,0f,0f,0f,1f], start_interpolation: 0, interpolation_duration: 1 }
$data merge entity $(bone_segment12) { transformation: [-1.1140588313968032f,0.047900379717084274f,-0.032440021600250134f,0.6818391836671034f,-0.05064182154613642f,-0.5050539451865849f,0.9933930740415051f,2.9301843443369124f,0.027967968981583654f,0.9935290369516644f,0.5065488393399197f,-4.745295555519728f,0f,0f,0f,1f], start_interpolation: 0, interpolation_duration: 1 }
$data merge entity $(bone_segment11) { transformation: [-1.1846395332190083f,-0.10923173945493987f,-0.04266666511043238f,0.5556043574534638f,-0.007840283744038744f,-0.3583784072199049f,1.1351767651210467f,2.5160205108223144f,-0.11700661163716612f,1.1299363633477413f,0.35591587278318615f,-3.4394725303493314f,0f,0f,0f,1f], start_interpolation: 0, interpolation_duration: 1 }
$data merge entity $(bone_segment10) { transformation: [-1.0377613626392959f,-0.1456708910227412f,-0.022506526761049243f,0.371404645868668f,0f,-0.16004707171380714f,1.03588615825341f,2.329452622957498f,-0.14739929524324452f,1.0255925723062007f,0.15845668624996131f,-2.1426186792060786f,0f,0f,0f,1f], start_interpolation: 0, interpolation_duration: 1 }