# This file was generated by Animated Java via MC-Build. It is not recommended to edit this file directly.
$data merge entity $(bone_neck_spine5) { transformation: [-1.5662548742995162f,0.1233195501115824f,0.06047439830148314f,0.3951929415277434f,0.13729332226085783f,1.3859076530711167f,0.7296778168329688f,3.964957841050999f,0.003925296450685257f,0.7321690114145967f,-1.391377851745739f,0.15033427187444048f,0f,0f,0f,1f], start_interpolation: 0, interpolation_duration: 1 }
$data merge entity $(bone_neck_spine2) { transformation: [-1.4916713088566815f,0.12377328310850391f,-0.0423221266758278f,0.4239529852237341f,0.13075554501034076f,1.4247093637608639f,-0.4419281592580305f,5.529422659753346f,0.0037383775720811964f,-0.4439343249678767f,-1.4300708448648516f,1.8897661523537475f,0f,0f,0f,1f], start_interpolation: 0, interpolation_duration: 1 }
$data merge entity $(bone_scale_neck_left1) { transformation: [-1.5484185940043547f,0.5537832185183019f,0.09369677404671298f,1.1315888071151567f,0.5574986421644798f,1.5487877495789661f,0.05921867591019316f,4.59283910781921f,-0.06819239374014943f,0.08738268981500671f,-1.6434016988534343f,2.1229013867171185f,0f,0f,0f,1f], start_interpolation: 0, interpolation_duration: 1 }
$data merge entity $(bone_scale_neck_right1) { transformation: [-1.621437857425634f,-0.27544402308251964f,-0.09013847953431676f,-0.43466606718435874f,-0.27963829488129993f,1.6214753847631824f,0.07533313667067108f,4.730132430080068f,0.07613658371979413f,0.08946087185400786f,-1.6429409769873875f,2.1268266831678035f,0f,0f,0f,1f], start_interpolation: 0, interpolation_duration: 1 }
$data merge entity $(bone_blush_right1) { transformation: [-0.9942431970976837f,0.10100422279205355f,-0.03575768453283483f,-0.28738814781027017f,0.09519976539422416f,0.9858789639943246f,0.13776673409194956f,4.489260070825248f,0.049167770885623976f,0.13356951497871977f,-0.9898190314266988f,3.4824346209597534f,0f,0f,0f,1f], start_interpolation: 0, interpolation_duration: 1 }
$data merge entity $(bone_blush_left1) { transformation: [-0.9942431970976837f,0.10100422279205355f,-0.03575768453283483f,1.0301782764685938f,0.09519976539422416f,0.9858789639943246f,0.13776673409194956f,4.363101787973722f,0.049167770885623976f,0.13356951497871977f,-0.9898190314266988f,3.417277721456051f,0f,0f,0f,1f], start_interpolation: 0, interpolation_duration: 1 }
$data merge entity $(bone_left_head_scales) { transformation: [-0.8653934253938631f,0.10100422279205355f,-0.49080787102821577f,1.1010200589678296f,0.020829624803824637f,0.9858789639943246f,0.1661589452422263f,5.1358565133211185f,0.5006599105336959f,0.13356951497871977f,-0.8552770537391619f,3.1251640719757403f,0f,0f,0f,1f], start_interpolation: 0, interpolation_duration: 1 }
$data merge entity $(bone_left_head_scales2) { transformation: [-0.7939265821564824f,0.10100422279205355f,-0.5995654502416726f,1.0162977109338693f,-0.0010366699496714565f,0.9858789639943246f,0.16745624404271314f,4.22689810657733f,0.6080127527122616f,0.13356951497871977f,-0.7826108082614293f,3.171902186370939f,0f,0f,0f,1f], start_interpolation: 0, interpolation_duration: 1 }
$data merge entity $(bone_left_head_scales1) { transformation: [-0.9942431970976837f,0.10100422279205355f,-0.03575768453283483f,1.0896768112909876f,0.09519976539422416f,0.9858789639943246f,0.13776673409194956f,5.025137684356912f,0.049167770885623976f,0.13356951497871977f,-0.9898190314266988f,3.1101635893365285f,0f,0f,0f,1f], start_interpolation: 0, interpolation_duration: 1 }
$data merge entity $(bone_right_head_scales) { transformation: [-0.8984155478849276f,0.10100422279205355f,0.4273729639282281f,-0.23887799962084574f,0.14805682163757938f,0.9858789639943246f,0.07824222594005913f,5.264153072153178f,-0.4134352196961494f,0.13356951497871977f,-0.9006833537837513f,3.1914253257083196f,0f,0f,0f,1f], start_interpolation: 0, interpolation_duration: 1 }
$data merge entity $(bone_right_head_scales2) { transformation: [-0.8349461126894989f,0.10100422279205355f,0.5409834894734477f,-0.32360034765480594f,0.15700283482669375f,0.9858789639943246f,0.058247559690163694f,4.355194665409389f,-0.5274609926440783f,0.13356951497871977f,-0.8390137578772311f,3.238163440103518f,0f,0f,0f,1f], start_interpolation: 0, interpolation_duration: 1 }
$data merge entity $(bone_right_head_scales1) { transformation: [-0.9942431970976837f,0.10100422279205355f,-0.03575768453283483f,-0.2502212472976877f,0.09519976539422416f,0.9858789639943246f,0.13776673409194956f,5.153434243188972f,0.049167770885623976f,0.13356951497871977f,-0.9898190314266988f,3.1764248430691078f,0f,0f,0f,1f], start_interpolation: 0, interpolation_duration: 1 }
$data merge entity $(bone_head_left_fin1) { transformation: [-0.44456212673790857f,0.2287251365297833f,-0.9212624628274362f,1.044127864961253f,0.19485413277002067f,1.0176182717471949f,0.15861941234876953f,4.62154626804654f,0.929016458647469f,-0.10398587861271273f,-0.4741208228251858f,2.9705411954027974f,0f,0f,0f,1f], start_interpolation: 0, interpolation_duration: 1 }
$data merge entity $(bone_head_right_fin1) { transformation: [-0.5620705462347926f,-0.04100139851254392f,0.8837820910159423f,-0.2957701936274222f,-0.09846806285784548f,1.043444853142555f,-0.014215381546358817f,4.7498428268785995f,-0.879235997714788f,-0.0906472382122078f,-0.5633847145176677f,3.0368024491353767f,0f,0f,0f,1f], start_interpolation: 0, interpolation_duration: 1 }
$data merge entity $(bone_right_whisker16) { transformation: [-0.047420127329350324f,-0.271322570949774f,0.9613196107524665f,-0.9244807098231833f,0.992827478856863f,0.09293936320554662f,0.07520553166937283f,3.1790376222401058f,-0.10974939066251702f,0.9579907814066652f,0.2649693076359101f,1.471468574656954f,0f,0f,0f,1f], start_interpolation: 0, interpolation_duration: 1 }
$data merge entity $(bone_right_whisker15) { transformation: [0.3731445408890772f,-0.11602784408604083f,0.9204893758221362f,-1.0501983529938197f,0.17557614694648624f,0.9830521667363804f,0.052739492776605224f,3.119883549294268f,-0.91100832500483f,0.1419365240931777f,0.3871922712299935f,1.7784000904056516f,0f,0f,0f,1f], start_interpolation: 0, interpolation_duration: 1 }
$data merge entity $(bone_right_whisker14) { transformation: [0.5764319997610461f,-0.17780826583982073f,0.7975652764824441f,-1.2444063997883126f,-0.4288373540465547f,0.7650038932891127f,0.48048680213596895f,3.2643648843978434f,-0.6955750667079951f,-0.6189937510601665f,0.3647218977832736f,2.0127491119039504f,0f,0f,0f,1f], start_interpolation: 0, interpolation_duration: 1 }
$data merge entity $(bone_right_whisker13) { transformation: [0.1182714807617869f,-0.2998783949936227f,0.9466175600814003f,-1.2842537248496568f,-0.02592613697737218f,0.9520509897791427f,0.30483888905778567f,3.273099764531821f,-0.9926427818001019f,-0.06059588333049851f,0.10482579197674458f,2.347184424131524f,0f,0f,0f,1f], start_interpolation: 0, interpolation_duration: 1 }
$data merge entity $(bone_right_whisker12) { transformation: [-0.5535437946563947f,-0.24134227723618984f,0.7970841690912256f,-1.0355914733438545f,-0.46119600222512047f,0.8857680493397471f,-0.05208848529594655f,3.480277656156387f,-0.6934605359564201f,-0.39644529003042706f,-0.6016175006461537f,2.658699899268197f,0f,0f,0f,1f], start_interpolation: 0, interpolation_duration: 1 }
$data merge entity $(bone_right_whisker11) { transformation: [-0.942666225404519f,-0.11581264087527782f,0.3129981145232201f,-0.6121281299004179f,-0.1819137587315218f,0.9645929121327599f,-0.19096569913838307f,3.5619967274615627f,-0.2797995208462057f,-0.23695557827731278f,-0.9303570723423871f,2.7843910902733287f,0f,0f,0f,1f], start_interpolation: 0, interpolation_duration: 1 }
$data merge entity $(bone_right_whisker10) { transformation: [-0.569873184724234f,-0.5033498496840231f,0.6495255823717268f,-0.3561304102000785f,-0.5960135094557697f,0.7973380041522217f,0.09497369994250443f,3.8297371711623964f,-0.5656964290840769f,-0.33300305697939653f,-0.7543848581220997f,3.038512533025941f,0f,0f,0f,1f], start_interpolation: 0, interpolation_duration: 1 }
$data merge entity $(bone_right_whisker1) { transformation: [-0.04552800157005683f,-0.5911679109864945f,0.8052625050832192f,-0.33567837824477953f,-0.8361447280509715f,0.46363507651576924f,0.29309471093280354f,4.205349060716544f,-0.5466161311428741f,-0.659971981862928f,-0.5154103106558066f,3.284062748187779f,0f,0f,0f,1f], start_interpolation: 0, interpolation_duration: 1 }
$data merge entity $(bone_left_whisker16) { transformation: [-0.2235468355638657f,0.37634871889553345f,-0.8991042509604064f,1.2080019552618042f,-0.9668821252730305f,0.030924199284047882f,0.2533429488384245f,2.974850306685966f,0.12314937327039185f,0.9259618435358621f,0.35697184227719997f,1.3660120632113313f,0f,0f,0f,1f], start_interpolation: 0, interpolation_duration: 1 }
$data merge entity $(bone_left_whisker15) { transformation: [0.4204084038053353f,0.31333594694826156f,-0.8515147434776962f,1.3496434584970003f,-0.25155962300479057f,0.9419401608463123f,0.2224106325212692f,2.8900963321384534f,0.8717651805868013f,0.12070342884466864f,0.47482223218969233f,1.6597220117488767f,0f,0f,0f,1f], start_interpolation: 0, interpolation_duration: 1 }
$data merge entity $(bone_left_whisker14) { transformation: [0.7123829576349452f,0.25802481540123545f,-0.6526359753403473f,1.5896552948095548f,0.3054320524675984f,0.7232724464898707f,0.6193450003624694f,2.993000685753025f,0.6318399979399205f,-0.6405467686170273f,0.43643791565074386f,1.8725977923048067f,0f,0f,0f,1f], start_interpolation: 0, interpolation_duration: 1 }
$data merge entity $(bone_left_whisker13) { transformation: [0.21751389674492805f,0.46729500807786084f,-0.8569265313598062f,1.662938785412094f,-0.006225643648097509f,0.8785933808135588f,0.47753001220003716f,2.9909031788598672f,0.9760373692046856f,-0.09853449454943664f,0.19401548211388492f,2.2014385075153697f,0f,0f,0f,1f], start_interpolation: 0, interpolation_duration: 1 }
$data merge entity $(bone_left_whisker12) { transformation: [-0.38572867474719563f,0.3647195359329785f,-0.8474627128001593f,1.4896622323030022f,0.5511322662996434f,0.8277370337929199f,0.10537849842884198f,3.23848212661166f,0.7399098691875862f,-0.4264165369641889f,-0.5202906134866144f,2.533819894064481f,0f,0f,0f,1f], start_interpolation: 0, interpolation_duration: 1 }
$data merge entity $(bone_left_whisker11) { transformation: [-0.8592289887280703f,0.27258721466779157f,-0.43292234330072793f,1.103680460022814f,0.3544470002474243f,0.9274032434130876f,-0.11954308061317401f,3.397706365004058f,0.3689076699459367f,-0.2561629061877242f,-0.893469471525759f,2.6995401364230074f,0f,0f,0f,1f], start_interpolation: 0, interpolation_duration: 1 }
$data merge entity $(bone_left_whisker10) { transformation: [-0.38865313480170816f,0.6101737710575206f,-0.6903888106873185f,0.9290901846236093f,0.6877933486434382f,0.6907170207097704f,0.22327182281619068f,3.7066760333399773f,0.6130979125479479f,-0.38806953811818734f,-0.6881227966097951f,2.974955214325406f,0f,0f,0f,1f], start_interpolation: 0, interpolation_duration: 1 }
$data merge entity $(bone_left_whisker1) { transformation: [0.16724479047298588f,0.6008367666449383f,-0.7816804717448833f,1.0042196803438959f,0.8244902256295095f,0.34949945457680315f,0.4450460640112635f,4.077052501884483f,0.5405969366367587f,-0.718919544245511f,-0.43693207824646957f,3.2178014944551996f,0f,0f,0f,1f], start_interpolation: 0, interpolation_duration: 1 }
$data merge entity $(bone_upper_left_tooth1) { transformation: [-0.9942431970976837f,0.09750338367592552f,-0.04442471380573865f,0.7149833469121858f,0.09519976539422416f,0.9941345589270321f,0.05131747670959837f,4.3866328902857825f,0.049167770885623976f,0.04679282977872508f,-0.997693821463999f,4.192980065131619f,0f,0f,0f,1f], start_interpolation: 0, interpolation_duration: 1 }
$data merge entity $(bone_upper_right_tooth1) { transformation: [-0.9942431970976837f,0.09750338367592552f,-0.04442471380573865f,0.045034317617848096f,0.09519976539422416f,0.9941345589270321f,0.05131747670959837f,4.450781169701813f,0.049167770885623976f,0.04679282977872508f,-0.997693821463999f,4.226110691997908f,0f,0f,0f,1f], start_interpolation: 0, interpolation_duration: 1 }
$data merge entity $(bone_top_lip1) { transformation: [-0.9942431970976837f,0.07642906315888387f,-0.07509369700335619f,0.4199688281957391f,0.09519976539422416f,0.9517325198313145f,-0.2917913901478616f,4.53884471887629f,0.049167770885623976f,-0.29726050696349193f,-0.9535296121809466f,4.213945477647095f,0f,0f,0f,1f], start_interpolation: 0, interpolation_duration: 1 }
$data merge entity $(bone_muzzle1) { transformation: [-0.9942431970976837f,0.09750338367592552f,-0.04442471380573865f,0.41144844074046316f,0.09519976539422416f,0.9941345589270321f,0.05131747670959837f,4.735129641261966f,0.049167770885623976f,0.04679282977872508f,-0.997693821463999f,3.6615995946344295f,0f,0f,0f,1f], start_interpolation: 0, interpolation_duration: 1 }
$data merge entity $(bone_jaw_right_tooth1) { transformation: [-0.9942431970976837f,0.04613626965204106f,-0.09670527207743473f,0.04908315863165713f,0.09519976539422416f,0.7945374927678963f,-0.5997059089712136f,4.485854617058901f,0.049167770885623976f,-0.6054598394680683f,-0.7943556590705698f,4.240074080245575f,0f,0f,0f,1f], start_interpolation: 0, interpolation_duration: 1 }
$data merge entity $(bone_jaw_left_tooth1) { transformation: [-0.9942431970976837f,0.04613626965204106f,-0.09670527207743473f,0.7748612737005229f,0.09519976539422416f,0.7945374927678963f,-0.5997059089712136f,4.416360647691535f,0.049167770885623976f,-0.6054598394680683f,-0.7943556590705698f,4.204182567807095f,0f,0f,0f,1f], start_interpolation: 0, interpolation_duration: 1 }
$data merge entity $(bone_tongue1) { transformation: [-0.9942431970976837f,0.08268307443699435f,-0.06814671104773123f,0.3565394989593742f,0.09519976539422416f,0.9735421855931609f,-0.2077320811511214f,4.2762244859269885f,0.049167770885623976f,-0.2130237594075784f,-0.9758091044020858f,3.4398043311282067f,0f,0f,0f,1f], start_interpolation: 0, interpolation_duration: 1 }
$data merge entity $(bone_jaw_lips1) { transformation: [-0.9942431970976837f,0.08268307443699435f,-0.06814671104773123f,0.4629156237934644f,0.09519976539422416f,0.9735421855931609f,-0.2077320811511214f,4.331780083942313f,0.049167770885623976f,-0.2130237594075784f,-0.9758091044020858f,4.341258962976745f,0f,0f,0f,1f], start_interpolation: 0, interpolation_duration: 1 }
$data merge entity $(bone_jaw3) { transformation: [-0.9942431970976837f,0.06222805031542311f,-0.0872246225495857f,0.37930835330005963f,0.09519976539422416f,0.8866045211656468f,-0.45262504097488765f,3.8504470723037416f,0.049167770885623976f,-0.45832313142866266f,-0.8874246094759618f,3.5825674571474f,0f,0f,0f,1f], start_interpolation: 0, interpolation_duration: 1 }
$data merge entity $(bone_jaw1) { transformation: [-0.9942431970976837f,0.10567899844930245f,-0.017675245733195722f,0.3634282497116416f,0.09519976539422416f,0.9469783049550627f,0.3068698333386989f,4.126150438193979f,0.049167770885623976f,0.30342056494441577f,-0.9515873533601369f,2.727625694362902f,0f,0f,0f,1f], start_interpolation: 0, interpolation_duration: 1 }
$data merge entity $(bone_tear_right1) { transformation: [-0.9942431970976837f,0.10100422279205355f,-0.03575768453283483f,-0.18824351513833f,0.09519976539422416f,0.9858789639943246f,0.13776673409194956f,4.857505617230552f,0.049167770885623976f,0.13356951497871977f,-0.9898190314266988f,3.6322206099301386f,0f,0f,0f,1f], start_interpolation: 0, interpolation_duration: 1 }
$data merge entity $(bone_right_pupil1) { transformation: [-0.9942431970976837f,0.10100422279205355f,-0.03575768453283483f,0.00974481164061608f,0.09519976539422416f,0.9858789639943246f,0.13776673409194956f,4.94130059355571f,0.049167770885623976f,0.13356951497871977f,-0.9898190314266988f,3.7048069780543456f,0f,0f,0f,1f], start_interpolation: 0, interpolation_duration: 1 }
$data merge entity $(bone_right_sad_pupil1) { transformation: [-0.9942431970976837f,0.10100422279205355f,-0.03575768453283483f,0.009343236081897743f,0.09519976539422416f,0.9858789639943246f,0.13776673409194956f,4.942847778557719f,0.049167770885623976f,0.13356951497871977f,-0.9898190314266988f,3.6936908463537526f,0f,0f,0f,1f], start_interpolation: 0, interpolation_duration: 1 }
$data merge entity $(bone_right_happy_pupil1) { transformation: [-0.9942431970976837f,0.10100422279205355f,-0.03575768453283483f,-0.02140672512003522f,0.09519976539422416f,0.9858789639943246f,0.13776673409194956f,4.9178412363801725f,0.049167770885623976f,0.13356951497871977f,-0.9898190314266988f,3.691321198811922f,0f,0f,0f,1f], start_interpolation: 0, interpolation_duration: 1 }
$data merge entity $(bone_eyelid_right1) { transformation: [-0.9942431970976837f,0.10100422279205355f,-0.03575768453283483f,0.41347715207757435f,0.09519976539422416f,0.9858789639943246f,0.13776673409194956f,4.923685767338375f,0.049167770885623976f,0.13356951497871977f,-0.9898190314266988f,3.109125183428969f,0f,0f,0f,1f], start_interpolation: 0, interpolation_duration: 1 }
$data merge entity $(bone_eyelid_expressions_right5) { transformation: [-0.9942431970976837f,0.10100422279205355f,-0.03575768453283483f,-0.10772005621652608f,0.09519976539422416f,0.9858789639943246f,0.13776673409194956f,5.065861660197583f,0.049167770885623976f,0.13356951497871977f,-0.9898190314266988f,3.715041348139336f,0f,0f,0f,1f], start_interpolation: 0, interpolation_duration: 1 }
$data merge entity $(bone_eyelid_expressions_right7) { transformation: [-0.9942431970976837f,0.10100422279205355f,-0.03575768453283483f,0.22725445843064276f,0.09519976539422416f,0.9858789639943246f,0.13776673409194956f,5.033787520489568f,0.049167770885623976f,0.13356951497871977f,-0.9898190314266988f,3.6984760347061907f,0f,0f,0f,1f], start_interpolation: 0, interpolation_duration: 1 }
$data merge entity $(bone_eyelid_expressions_right6) { transformation: [-0.9942431970976837f,0.10100422279205355f,-0.03575768453283483f,0.11559628688158646f,0.09519976539422416f,0.9858789639943246f,0.13776673409194956f,5.04447890039224f,0.049167770885623976f,0.13356951497871977f,-0.9898190314266988f,3.7039978058505723f,0f,0f,0f,1f], start_interpolation: 0, interpolation_duration: 1 }
$data merge entity $(bone_right_eye1) { transformation: [-0.9942431970976837f,0.10100422279205355f,-0.03575768453283483f,0.4027129104813871f,0.09519976539422416f,0.9858789639943246f,0.13776673409194956f,4.923207720326633f,0.049167770885623976f,0.13356951497871977f,-0.9898190314266988f,3.120793492244f,0f,0f,0f,1f], start_interpolation: 0, interpolation_duration: 1 }
$data merge entity $(bone_tear_left1) { transformation: [-0.9942431970976837f,0.10100422279205355f,-0.03575768453283483f,1.0176647375914778f,0.09519976539422416f,0.9858789639943246f,0.13776673409194956f,4.742038714281698f,0.049167770885623976f,0.13356951497871977f,-0.9898190314266988f,3.5725854815708176f,0f,0f,0f,1f], start_interpolation: 0, interpolation_duration: 1 }
$data merge entity $(bone_left_sad_pupil1) { transformation: [-0.9942431970976837f,0.10100422279205355f,-0.03575768453283483f,0.8467795226998198f,0.09519976539422416f,0.9858789639943246f,0.13776673409194956f,4.862662429287682f,0.049167770885623976f,0.13356951497871977f,-0.9898190314266988f,3.652277562770891f,0f,0f,0f,1f], start_interpolation: 0, interpolation_duration: 1 }
$data merge entity $(bone_left_pupil1) { transformation: [-0.9942431970976837f,0.10100422279205355f,-0.03575768453283483f,0.8471810982585382f,0.09519976539422416f,0.9858789639943246f,0.13776673409194956f,4.861115244285672f,0.049167770885623976f,0.13356951497871977f,-0.9898190314266988f,3.6633936944714836f,0f,0f,0f,1f], start_interpolation: 0, interpolation_duration: 1 }
$data merge entity $(bone_eyelid_left1) { transformation: [-0.9942431970976837f,0.10100422279205355f,-0.03575768453283483f,0.3911455177677631f,0.09519976539422416f,0.9858789639943246f,0.13776673409194956f,4.925824043318909f,0.049167770885623976f,0.13356951497871977f,-0.9898190314266988f,3.1102295376578457f,0f,0f,0f,1f], start_interpolation: 0, interpolation_duration: 1 }
$data merge entity $(bone_left_happy_pupil1) { transformation: [-0.9942431970976837f,0.10100422279205355f,-0.03575768453283483f,0.8718586472724148f,0.09519976539422416f,0.9858789639943246f,0.13776673409194956f,4.832310197158799f,0.049167770885623976f,0.13356951497871977f,-0.9898190314266988f,3.6471470296568693f,0f,0f,0f,1f], start_interpolation: 0, interpolation_duration: 1 }
$data merge entity $(bone_eyelid_expressions_left5) { transformation: [-0.9942431970976837f,0.10100422279205355f,-0.03575768453283483f,0.9865300249642255f,0.09519976539422416f,0.9858789639943246f,0.13776673409194956f,4.9610861371514f,0.049167770885623976f,0.13356951497871977f,-0.9898190314266988f,3.660927990924396f,0f,0f,0f,1f], start_interpolation: 0, interpolation_duration: 1 }
$data merge entity $(bone_eyelid_expressions_left7) { transformation: [-0.9942431970976837f,0.10100422279205355f,-0.03575768453283483f,0.6515555103170566f,0.09519976539422416f,0.9858789639943246f,0.13776673409194956f,4.993160276859415f,0.049167770885623976f,0.13356951497871977f,-0.9898190314266988f,3.6774933043575406f,0f,0f,0f,1f], start_interpolation: 0, interpolation_duration: 1 }
$data merge entity $(bone_eyelid_expressions_left6) { transformation: [-0.9942431970976837f,0.10100422279205355f,-0.03575768453283483f,0.7632136818661129f,0.09519976539422416f,0.9858789639943246f,0.13776673409194956f,4.982468896956743f,0.049167770885623976f,0.13356951497871977f,-0.9898190314266988f,3.671971533213159f,0f,0f,0f,1f], start_interpolation: 0, interpolation_duration: 1 }
$data merge entity $(bone_left_eye1) { transformation: [-0.9942431970976837f,0.10100422279205355f,-0.03575768453283483f,0.4027129104813871f,0.09519976539422416f,0.9858789639943246f,0.13776673409194956f,4.923207720326633f,0.049167770885623976f,0.13356951497871977f,-0.9898190314266988f,3.120793492244f,0f,0f,0f,1f], start_interpolation: 0, interpolation_duration: 1 }
$data merge entity $(bone_crest_middle5) { transformation: [-0.9942431970976837f,0.0908706399785268f,-0.05677139962049105f,0.5597222914579549f,0.09519976539422416f,0.9923278747915705f,-0.07888214994870449f,6.223662577591069f,0.049167770885623976f,-0.08383266488391136f,-0.9952661024090996f,3.777778973124572f,0f,0f,0f,1f], start_interpolation: 0, interpolation_duration: 1 }
$data merge entity $(bone_crest_middle4) { transformation: [-0.9942431970976837f,0.0908706399785268f,-0.05677139962049105f,0.49849109850367423f,0.09519976539422416f,0.9923278747915705f,-0.07888214994870449f,5.555004146335031f,0.049167770885623976f,-0.08383266488391136f,-0.9952661024090996f,3.8342677805170515f,0f,0f,0f,1f], start_interpolation: 0, interpolation_duration: 1 }
$data merge entity $(bone_crest_middle1) { transformation: [-0.9942431970976837f,0.0908706399785268f,-0.05677139962049105f,0.45734949491017307f,0.09519976539422416f,0.9923278747915705f,-0.07888214994870449f,5.060154477640762f,0.049167770885623976f,-0.08383266488391136f,-0.9952661024090996f,3.960464530192964f,0f,0f,0f,1f], start_interpolation: 0, interpolation_duration: 1 }
$data merge entity $(bone_crest_left5) { transformation: [-0.6193925778958763f,-0.7822244823955637f,0.06691557059827773f,-0.5996634445181586f,-0.7803310881786572f,0.6227665555773546f,0.056966745354026904f,5.682953848605965f,-0.08623356231429624f,-0.016931520761881175f,-0.9961310638341101f,3.844253105924969f,0f,0f,0f,1f], start_interpolation: 0, interpolation_duration: 1 }
$data merge entity $(bone_crest_left4) { transformation: [-0.6193925778958763f,-0.7822244823955637f,0.06691557059827773f,-0.16042606426674344f,-0.7803310881786572f,0.6227665555773546f,0.056966745354026904f,5.333255831558135f,-0.08623356231429624f,-0.016931520761881175f,-0.9961310638341101f,3.853760551665283f,0f,0f,0f,1f], start_interpolation: 0, interpolation_duration: 1 }
$data merge entity $(bone_crest_left1) { transformation: [-0.6193925778958763f,-0.7822244823955637f,0.06691557059827773f,0.3264925201322744f,-0.7803310881786572f,0.6227665555773546f,0.056966745354026904f,4.951786829072959f,-0.08623356231429624f,-0.016931520761881175f,-0.9961310638341101f,3.8082836480631626f,0f,0f,0f,1f], start_interpolation: 0, interpolation_duration: 1 }
$data merge entity $(bone_crest_center1) { transformation: [-0.9942431970976837f,0.10100422279205355f,-0.03575768453283483f,0.43531491606051276f,0.09519976539422416f,0.9858789639943246f,0.13776673409194956f,4.913416096229488f,0.049167770885623976f,0.13356951497871977f,-0.9898190314266988f,3.7990118042605223f,0f,0f,0f,1f], start_interpolation: 0, interpolation_duration: 1 }
$data merge entity $(bone_crest_right5) { transformation: [-0.44902038290828256f,0.8805003455878091f,-0.15198630580630645f,1.596628570145564f,0.8826326815007095f,0.4635590156100312f,0.07792681562547016f,5.472656724981138f,0.1390692103945605f,-0.09915735205423537f,-0.9853058277782719f,3.73564106523901f,0f,0f,0f,1f], start_interpolation: 0, interpolation_duration: 1 }
$data merge entity $(bone_crest_right4) { transformation: [-0.44902038290828256f,0.8805003455878091f,-0.15198630580630645f,1.1022069893711595f,0.8826326815007095f,0.4635590156100312f,0.07792681562547016f,5.212357473051677f,0.1390692103945605f,-0.09915735205423537f,-0.9853058277782719f,3.791320242417902f,0f,0f,0f,1f], start_interpolation: 0, interpolation_duration: 1 }
$data merge entity $(bone_crest_right1) { transformation: [-0.44902038290828256f,0.8805003455878091f,-0.15198630580630645f,0.5498088632303869f,0.8826326815007095f,0.4635590156100312f,0.07792681562547016f,4.930404069267615f,0.1390692103945605f,-0.09915735205423537f,-0.9853058277782719f,3.7972401057743994f,0f,0f,0f,1f], start_interpolation: 0, interpolation_duration: 1 }
$data merge entity $(bone_head1) { transformation: [-1.042142934457858f,0.10587031165052482f,-0.03748038548038024f,0.3749546309134563f,0.09978621242493543f,1.033375736999259f,0.1444039335208585f,4.952943480955035f,0.0515365306808949f,0.1400045046326424f,-1.0375056253886616f,2.5019060073917903f,0f,0f,0f,1f], start_interpolation: 0, interpolation_duration: 1 }
$data merge entity $(bone_neck10) { transformation: [-1.4916713088566815f,0.1282385315549425f,-0.025804399672433493f,0.3180974366803647f,0.13075554501034076f,1.4702039775146265f,-0.25218551432080333f,4.332200108747075f,0.0037383775720811964f,-0.25347470329173155f,-1.4757814475755968f,1.526454136981697f,0f,0f,0f,1f], start_interpolation: 0, interpolation_duration: 1 }
$data merge entity $(bone_neck9) { transformation: [-1.1411285512753622f,0.07538208897424199f,0.06581275427004822f,0.23464221785242498f,0.10002799193291073f,0.8377329062508704f,0.7748458731340555f,3.4057305049929223f,0.002859858842642117f,0.7776305465610815f,-0.8411127764818758f,0.631221523080159f,0f,0f,0f,1f], start_interpolation: 0, interpolation_duration: 1 }
$data merge entity $(bone_neck8) { transformation: [-1.059086629288244f,0.056140858336497276f,0.07398549239564305f,0.18221136489479445f,0.09283643695734194f,0.6157327583406109f,0.8617103362941905f,2.8333425434342563f,0.00265424807617765f,0.8648765875709796f,-0.6182811501539133f,-0.26935609913828384f,0f,0f,0f,1f], start_interpolation: 0, interpolation_duration: 1 }
$data merge entity $(bone_neck7) { transformation: [-1.0522130950122779f,-0.017766500858896493f,0.08341802554555025f,0.2001668710819771f,0.06922207036267133f,0.4252834517799754f,0.9637265709063014f,2.4035347996140684f,-0.04982489852867368f,0.966046039246238f,-0.4227282133916155f,-1.245679223908418f,0f,0f,0f,1f], start_interpolation: 0, interpolation_duration: 1 }
$data merge entity $(bone_neck6) { transformation: [-1.0228274465974962f,-0.18662571078522888f,0.14426146670045703f,0.37368398329331637f,0.12827233138366229f,0.09868129142496115f,1.0371232925442926f,2.3283585340719286f,-0.19795639848729035f,1.0282263170189831f,-0.07335132924038323f,-2.1909434391589135f,0f,0f,0f,1f], start_interpolation: 0, interpolation_duration: 1 }
$data merge entity $(bone_neck_spine6) { transformation: [-1.2587244276703264f,0.1799194475011959f,-0.05680823983881202f,0.7305895494057411f,-0.11972539938150178f,-0.4654866181325334f,1.178547158835482f,4.010524209940641f,0.14582185174266388f,1.170870005281163f,0.4772680450270466f,-5.36382163410182f,0f,0f,0f,1f], start_interpolation: 0, interpolation_duration: 1 }
$data merge entity $(bone_neck_spine7) { transformation: [-0.9477706598328285f,0.28082666815025303f,-0.15121891024495918f,-0.08559496122865673f,-0.1833019451034363f,-0.09157927286308273f,0.9787817089132622f,5.431206881187016f,0.2610194883171409f,0.9553793064733487f,0.13827222237731315f,-8.59757392336663f,0f,0f,0f,1f], start_interpolation: 0, interpolation_duration: 1 }
$data merge entity $(bone_tail6) { transformation: [-1.6503197244571293f,0.23074600015829586f,-0.4341693540610855f,-0.8030346564200251f,-0.26571700391027714f,0.8608485074281219f,1.4675272599235925f,4.576658436803301f,0.41369217834981836f,1.4734307137415212f,-0.7894065181530106f,-12.431456577425331f,0f,0f,0f,1f], start_interpolation: 0, interpolation_duration: 1 }
$data merge entity $(bone_tail5) { transformation: [-1.363307598464585f,0.25000131192241964f,-0.32011259773028367f,-0.6451390909953391f,-0.2195053510563159f,0.48981739776159133f,1.3173749113018443f,4.886016793284306f,0.3417457125498499f,1.311929342650345f,-0.4308498660399736f,-11.602869624172483f,0f,0f,0f,1f], start_interpolation: 0, interpolation_duration: 1 }
$data merge entity $(bone_tail4) { transformation: [-1.0055431818066685f,0.210330290311398f,-0.20813283384612377f,-0.5549975380047399f,-0.13815047887272375f,0.318282499807827f,0.9890833602525579f,5.022423578916232f,0.2616726060070716f,0.9762851106714558f,-0.2776148914807422f,-11.184461719599001f,0f,0f,0f,1f], start_interpolation: 0, interpolation_duration: 1 }
$data merge entity $(bone_segment18) { transformation: [-0.9773102738870006f,0.07372910943699906f,-0.1985664799923268f,-0.5135969150298625f,-0.1703078496595206f,0.2838521254375014f,0.9436223859303907f,5.181813200133579f,0.12593595554592887f,0.9560292826614882f,-0.264854952369205f,-10.647628870448264f,0f,0f,0f,1f], start_interpolation: 0, interpolation_duration: 1 }
$data merge entity $(bone_segment17) { transformation: [-0.9691576047005553f,0.1710959825180733f,-0.1773688304557982f,-0.38870018951007734f,-0.16615147244364645f,0.07790806454302324f,0.9830178135130454f,5.2386845656081f,0.18200886092685337f,0.9821692818681184f,-0.04707734379480247f,-9.930664477678324f,0f,0f,0f,1f], start_interpolation: 0, interpolation_duration: 1 }
$data merge entity $(bone_segment16) { transformation: [-0.9558911030296756f,0.260764242342205f,-0.13518213293333653f,-0.13977729215704449f,-0.17390301258390373f,-0.13154838724140827f,0.9759368647758047f,5.113109811185759f,0.23670644554585543f,0.9563979463224921f,0.17109362029943317f,-9.017696711535514f,0f,0f,0f,1f], start_interpolation: 0, interpolation_duration: 1 }
$data merge entity $(bone_segment15) { transformation: [-0.9477706598328285f,0.31039606542808323f,-0.07338296073892368f,0.22624150569882517f,-0.1833019451034363f,-0.3417861320759692f,0.9217280709850628f,4.710075871262192f,0.2610194883171409f,0.8870380614648468f,0.3808310704647726f,-7.971702122454653f,0f,0f,0f,1f], start_interpolation: 0, interpolation_duration: 1 }
$data merge entity $(bone_segment14) { transformation: [-1.0123295088782218f,0.27066880303881136f,-0.024547149347488677f,0.5307439091174879f,-0.16010398548761018f,-0.5174201508110217f,0.8973952860311084f,4.127978201599793f,0.21961529389032494f,0.8704538957471607f,0.5410677740294919f,-6.992441489739098f,0f,0f,0f,1f], start_interpolation: 0, interpolation_duration: 1 }
$data merge entity $(bone_segment13) { transformation: [-1.0143838034754984f,0.15074086963153946f,-0.019907317561563047f,0.7128380330190107f,-0.09648458656038673f,-0.5343543139616119f,0.870201013289501f,3.46059372106072f,0.11751525699261735f,0.8624594304641408f,0.5426301751659381f,-5.9685658042211465f,0f,0f,0f,1f], start_interpolation: 0, interpolation_duration: 1 }
$data merge entity $(bone_segment12) { transformation: [-1.1148137345573002f,0.007234889041792814f,-0.04014816078770064f,0.7215781674319148f,-0.03935576155520358f,-0.4797657262204913f,1.006354735254031f,2.8810109645527437f,-0.010739761007214037f,1.0070980019423899f,0.4797000658837045f,-4.7519373454987965f,0f,0f,0f,1f], start_interpolation: 0, interpolation_duration: 1 }
$data merge entity $(bone_segment11) { transformation: [-1.1811547588256088f,-0.14177886246831056f,-0.04353195081956305f,0.5577299109291635f,-0.0034526399122040688f,-0.3230311336876379f,1.1457581799085979f,2.5076965851779143f,-0.14827122398699497f,1.1369575549276314f,0.3201031135614385f,-3.4380002052980734f,0f,0f,0f,1f], start_interpolation: 0, interpolation_duration: 1 }
$data merge entity $(bone_segment10) { transformation: [-1.0369450097374184f,-0.15168137383203334f,-0.02032254015288994f,0.3659763897900506f,0f,-0.13919285265309414f,1.03889390593817f,2.347495501252015f,-0.15303674331950112f,1.0277613091705167f,0.1377012875445984f,-2.1387183953757356f,0f,0f,0f,1f], start_interpolation: 0, interpolation_duration: 1 }