# This file was generated by Animated Java via MC-Build. It is not recommended to edit this file directly.
$data merge entity $(bone_neck_spine5) { transformation: [-1.5712694014015804f,0.05013319868046099f,-0.024866165080806777f,0.21582905074544528f,0.029618464643410343f,1.3377685393939416f,0.825540596891885f,3.5143280808384816f,0.04748063108181666f,0.8245490846241398f,-1.337865311708995f,0.2884325308067147f,0f,0f,0f,1f], start_interpolation: 0, interpolation_duration: 1 }
$data merge entity $(bone_neck_spine2) { transformation: [-1.4964470489538857f,0.01701570552265127f,-0.050507198762160976f,0.18631181138837588f,0.0282080615651527f,1.4568481524481145f,-0.34495223967279726f,4.954491708156038f,0.04521964864934919f,-0.3456851286331376f,-1.4562456032214985f,2.1320859784564643f,0f,0f,0f,1f], start_interpolation: 0, interpolation_duration: 1 }
$data merge entity $(bone_scale_neck_left1) { transformation: [-1.5833226998487897f,0.4516728911215624f,0.04621588911943798f,0.9605607294345007f,0.45400800239381184f,1.5733244144781906f,0.17771353748916235f,4.05457780308832f,0.004587237032418556f,0.18356733661090244f,-1.636868067690142f,2.2836868361365905f,0f,0f,0f,1f], start_interpolation: 0, interpolation_duration: 1 }
$data merge entity $(bone_scale_neck_right1) { transformation: [-1.5966823751201733f,-0.3802092073260012f,-0.13820793205459558f,-0.6107086719670791f,-0.3940648330080792f,1.589005411319583f,0.18118993079381993f,4.0841962677317305f,0.09150618123705415f,0.20870515637925258f,-1.6312951472170185f,2.3311674672184073f,0f,0f,0f,1f], start_interpolation: 0, interpolation_duration: 1 }
$data merge entity $(bone_blush_right1) { transformation: [-0.9952545462750496f,0.0014867952354089796f,0.09729428327899106f,-0.5664727938239912f,0.005722636932236059f,0.9990469456994695f,0.04327183512520576f,3.9028680351303184f,-0.09713722018560332f,0.043623270492813046f,-0.9943145230389245f,3.6267706878735955f,0f,0f,0f,1f], start_interpolation: 0, interpolation_duration: 1 }
$data merge entity $(bone_blush_left1) { transformation: [-0.9952545462750496f,0.0014867952354089796f,0.09729428327899106f,0.7524338656440189f,0.005722636932236059f,0.9990469456994695f,0.04327183512520576f,3.89528442349258f,-0.09713722018560332f,0.043623270492813046f,-0.9943145230389245f,3.755496476732837f,0f,0f,0f,1f], start_interpolation: 0, interpolation_duration: 1 }
$data merge entity $(bone_left_head_scales) { transformation: [-0.9277270646956155f,0.0014867952354089796f,-0.37325632328359126f,0.802939486484278f,-0.01490466890795962f,0.9990469456994695f,0.041025006195066986f,4.6415136180468055f,0.3729615855232292f,0.043623270492813046f,-0.9268207302361711f,3.397599872438252f,0f,0f,0f,1f], start_interpolation: 0, interpolation_duration: 1 }
$data merge entity $(bone_left_head_scales2) { transformation: [-0.8710705044496128f,0.0014867952354089796f,-0.4911557448690024f,0.7852137877711899f,-0.020131995243720686f,0.9990469456994695f,0.03872858190107134f,3.736642932888007f,0.4907452282451695f,0.043623270492813046f,-0.8702103948046741f,3.5259063630347622f,0f,0f,0f,1f], start_interpolation: 0, interpolation_duration: 1 }
$data merge entity $(bone_left_head_scales1) { transformation: [-0.9952545462750496f,0.0014867952354089796f,0.09729428327899106f,0.8027725124099889f,0.005722636932236059f,0.9990469456994695f,0.04327183512520576f,4.5293159630121975f,-0.09713722018560332f,0.043623270492813046f,-0.9943145230389245f,3.3927007746778286f,0f,0f,0f,1f], start_interpolation: 0, interpolation_duration: 1 }
$data merge entity $(bone_right_head_scales) { transformation: [-0.8378760639360741f,0.0014867952354089796f,0.5458584898331428f,-0.5383215231442069f,0.025056750814437957f,0.9990469456994695f,0.035740166860051804f,4.649225765475014f,-0.5452851187421259f,0.043623270492813046f,-0.837114776807754f,3.2666922905474975f,0f,0f,0f,1f], start_interpolation: 0, interpolation_duration: 1 }
$data merge entity $(bone_right_head_scales2) { transformation: [-0.7594590878886269f,0.0014867952354089796f,0.650553366960238f,-0.556047221857295f,0.02950741472725039f,0.9990469456994695f,0.03216384250482565f,3.744355080316216f,-0.6498855332283432f,0.043623270492813046f,-0.7587791536224636f,3.394998781144008f,0f,0f,0f,1f], start_interpolation: 0, interpolation_duration: 1 }
$data merge entity $(bone_right_head_scales1) { transformation: [-0.9952545462750496f,0.0014867952354089796f,0.09729428327899106f,-0.538488497218496f,0.005722636932236059f,0.9990469456994695f,0.04327183512520576f,4.537028110440406f,-0.09713722018560332f,0.043623270492813046f,-0.9943145230389245f,3.2617931927870742f,0f,0f,0f,1f], start_interpolation: 0, interpolation_duration: 1 }
$data merge entity $(bone_head_left_fin1) { transformation: [-0.5887342674445506f,0.1593643326277757f,-0.852449511612157f,0.8103412782599764f,0.23598514669382284f,1.0208865276382149f,0.027873038080851325f,4.112219822555063f,0.8344927626418316f,-0.17626373761515834f,-0.609284926717797f,3.2905798947451874f,0f,0f,0f,1f], start_interpolation: 0, interpolation_duration: 1 }
$data merge entity $(bone_head_right_fin1) { transformation: [-0.4189223573426487f,-0.11063656960169961f,0.9544311426239295f,-0.5309197313685086f,-0.23019119876602714f,1.022439012015823f,0.017483613583596458f,4.119931969983272f,-0.932840430381483f,-0.2026159278044287f,-0.43293269138610113f,3.159672312854433f,0f,0f,0f,1f], start_interpolation: 0, interpolation_duration: 1 }
$data merge entity $(bone_right_whisker16) { transformation: [-0.11015289833674993f,-0.41394772005129443f,0.9036114342195702f,-0.7984430564045952f,0.9699171528705859f,0.15380325827898833f,0.18869359901751687f,2.3613953743855727f,-0.21708766790269365f,0.8972133764089246f,0.38455311939635517f,1.6937404061174757f,0f,0f,0f,1f], start_interpolation: 0, interpolation_duration: 1 }
$data merge entity $(bone_right_whisker15) { transformation: [0.4861012872721088f,-0.21353715580116767f,0.8474121910881071f,-0.9622174158859209f,0.12622336352412064f,0.9766752232128793f,0.17370426264985567f,2.3188689481982467f,-0.8647388050810815f,0.022525351371738805f,0.5017164612931522f,1.9850830699387385f,0f,0f,0f,1f], start_interpolation: 0, interpolation_duration: 1 }
$data merge entity $(bone_right_whisker14) { transformation: [0.7036157715252436f,-0.1466824368741305f,0.6952762823321408f,-1.1992754639095622f,-0.43439637405816967f,0.6855424918917068f,0.5842356391183472f,2.465223195317454f,-0.5623385423977723f,-0.7131029059845257f,0.4186401906295827f,2.1745428327583003f,0f,0f,0f,1f], start_interpolation: 0, interpolation_duration: 1 }
$data merge entity $(bone_right_whisker13) { transformation: [0.2626823244574461f,-0.36299833529309744f,0.8939967589382373f,-1.2877768329894634f,-0.10484933485554976f,0.9103091482597323f,0.40042960876412387f,2.5005484106740603f,-0.9591687095594715f,-0.19892074594943696f,0.20106198903059114f,2.4977002593188646f,0f,0f,0f,1f], start_interpolation: 0, interpolation_duration: 1 }
$data merge entity $(bone_right_whisker12) { transformation: [-0.4084840188666432f,-0.25126420960913054f,0.8775004862107225f,-1.1042781526392136f,-0.5721319433765862f,0.8195502298060324f,-0.031661651773244676f,2.7575608071127613f,-0.711200285221179f,-0.514979337249931f,-0.47852945207890313f,2.817184762445566f,0f,0f,0f,1f], start_interpolation: 0, interpolation_duration: 1 }
$data merge entity $(bone_right_whisker11) { transformation: [-0.8745408981063609f,-0.1568960743692868f,0.4588701770510114f,-0.7114179835679966f,-0.2940896707230556f,0.9239556607129229f,-0.24457555603647496f,2.889671401382884f,-0.3856027529898145f,-0.3488403057045634f,-0.8541785281793394f,2.9904047491402093f,0f,0f,0f,1f], start_interpolation: 0, interpolation_duration: 1 }
$data merge entity $(bone_right_whisker10) { transformation: [-0.4323498642074041f,-0.5117930814692957f,0.7423890063033003f,-0.5171983180060769f,-0.6957129814563747f,0.7131005600995937f,0.08643517003354423f,3.20219871727149f,-0.5736349382254544f,-0.4791194349489576f,-0.6643700209230323f,3.248092319046175f,0f,0f,0f,1f], start_interpolation: 0, interpolation_duration: 1 }
$data merge entity $(bone_right_whisker1) { transformation: [0.10117124243124975f,-0.5243198653064878f,0.8454898334988443f,-0.5626463370669899f,-0.882939844567267f,0.34430730705555956f,0.3191703450881343f,3.598831850573192f,-0.45845568006127635f,-0.7788075225324513f,-0.42810890234427207f,3.4540392065737016f,0f,0f,0f,1f], start_interpolation: 0, interpolation_duration: 1 }
$data merge entity $(bone_left_whisker16) { transformation: [-0.16108969351305857f,0.23438238428537728f,-0.9587048599963235f,1.3362087807656293f,-0.9683575288733637f,0.15007541014883535f,0.19940177417197597f,2.34912129084928f,0.19061428833679223f,0.9604906398322479f,0.2027903446333124f,1.902083232887646f,0f,0f,0f,1f], start_interpolation: 0, interpolation_duration: 1 }
$data merge entity $(bone_left_whisker15) { transformation: [0.3082588634662129f,0.21626338623944846f,-0.9263944197083473f,1.4400655267576639f,-0.13079087316587576f,0.9742039032228503f,0.18390351394650134f,2.3050560064330425f,0.9422686562711436f,0.06447404685305824f,0.3285922651118907f,2.219546793838373f,0f,0f,0f,1f], start_interpolation: 0, interpolation_duration: 1 }
$data merge entity $(bone_left_whisker14) { transformation: [0.5865101749232692f,0.28959397596775405f,-0.7564001214930256f,1.637669052488648f,0.4269782493020311f,0.6830339361436958f,0.5925826665529647f,2.4489109830045273f,0.688255322779598f,-0.6705221630634124f,0.27695602449904183f,2.451429690673296f,0f,0f,0f,1f], start_interpolation: 0, interpolation_duration: 1 }
$data merge entity $(bone_left_whisker13) { transformation: [0.0734446156229972f,0.4049554404199672f,-0.9113819066177803f,1.662413576306943f,0.10291663085693649f,0.9058934732391117f,0.41081039694223365f,2.4835850432053506f,0.9919748260561086f,-0.12396816695042631f,0.024856348362218394f,2.7856399592175904f,0f,0f,0f,1f], start_interpolation: 0, interpolation_duration: 1 }
$data merge entity $(bone_left_whisker12) { transformation: [-0.5317438832138083f,0.3554140926825892f,-0.7687192370347652f,1.42354425376949f,0.57753818134586f,0.8160618763273421f,-0.022196015246308765f,2.743026023106811f,0.6194336863235774f,-0.45576730546158045f,-0.639201119773639f,3.06390118549576f,0f,0f,0f,1f], start_interpolation: 0, interpolation_duration: 1 }
$data merge entity $(bone_left_whisker11) { transformation: [-0.9291872128947534f,0.23189886345902136f,-0.2878090348117901f,1.0061359354769248f,0.3044609683396905f,0.9217201197866242f,-0.24028220811826495f,2.8797955987281565f,0.20955820707034606f,-0.31089377270531704f,-0.9270547016991588f,3.158038661328142f,0f,0f,0f,1f], start_interpolation: 0, interpolation_duration: 1 }
$data merge entity $(bone_left_whisker10) { transformation: [-0.5271514731085174f,0.6028632210960732f,-0.5988883544110597f,0.769329609666458f,0.7012300401927601f,0.7066913722715308f,0.09414741147923655f,3.194801280845998f,0.4799872447584206f,-0.3703285581840101f,-0.7952791986859533f,3.3736579314344635f,0f,0f,0f,1f], start_interpolation: 0, interpolation_duration: 1 }
$data merge entity $(bone_left_whisker1) { transformation: [0.020669357401125882f,0.6688973254743011f,-0.7430673897016011f,0.7786146725614951f,0.8822392705090464f,0.337446400175307f,0.32830442668412524f,3.5911197031449835f,0.4703473686928525f,-0.6623490733609078f,-0.5831526882229527f,3.584946788464456f,0f,0f,0f,1f], start_interpolation: 0, interpolation_duration: 1 }
$data merge entity $(bone_upper_left_tooth1) { transformation: [-0.9952545462750496f,0.00996089305494402f,0.09679446641411152f,0.327202644586634f,0.005722636932236059f,0.9990166593809551f,-0.043965505863786454f,3.959594986733423f,-0.09713722018560332f,-0.04320295000187851f,-0.9943328746278826f,4.474285905196799f,0f,0f,0f,1f], start_interpolation: 0, interpolation_duration: 1 }
$data merge entity $(bone_upper_right_tooth1) { transformation: [-0.9952545462750496f,0.00996089305494402f,0.09679446641411152f,-0.34342786022760835f,0.005722636932236059f,0.9990166593809551f,-0.043965505863786454f,3.963451060447527f,-0.09713722018560332f,-0.04320295000187851f,-0.9943328746278826f,4.408832114251422f,0f,0f,0f,1f], start_interpolation: 0, interpolation_duration: 1 }
$data merge entity $(bone_top_lip1) { transformation: [-0.9952545462750496f,0.04246583497625454f,0.08755021975194643f,0.021061208029640927f,0.005722636932236059f,0.9237314942455551f,-0.3829978824555247f,4.084776030908794f,-0.09713722018560332f,-0.38067936560660026f,-0.9195909857409269f,4.438949202743247f,0f,0f,0f,1f], start_interpolation: 0, interpolation_duration: 1 }
$data merge entity $(bone_muzzle1) { transformation: [-0.9952545462750496f,0.00996089305494402f,0.09679446641411152f,0.07709155201410574f,0.005722636932236059f,0.9990166593809551f,-0.043965505863786454f,4.228379749533342f,-0.09713722018560332f,-0.04320295000187851f,-0.9943328746278826f,3.873330148264383f,0f,0f,0f,1f], start_interpolation: 0, interpolation_duration: 1 }
$data merge entity $(bone_jaw_right_tooth1) { transformation: [-0.9952545462750496f,0.06984877047045304f,0.06774612448406594f,-0.3442617594206602f,0.005722636932236059f,0.7370306780792225f,-0.6758350619763841f,3.999872898153562f,-0.09713722018560332f,-0.6722402314900879f,-0.7339328522560943f,4.4195218469268305f,0f,0f,0f,1f], start_interpolation: 0, interpolation_duration: 1 }
$data merge entity $(bone_jaw_left_tooth1) { transformation: [-0.9952545462750496f,0.06984877047045304f,0.06774612448406594f,0.382254620794769f,0.005722636932236059f,0.7370306780792225f,-0.6758350619763841f,3.9956954849632824f,-0.09713722018560332f,-0.6722402314900879f,-0.7339328522560943f,4.4904301204509895f,0f,0f,0f,1f], start_interpolation: 0, interpolation_duration: 1 }
$data merge entity $(bone_tongue1) { transformation: [-0.9952545462750496f,0.03467373522318222f,0.0909182061224112f,0.09176621162350025f,0.005722636932236059f,0.9535968819439791f,-0.30103195540218386f,3.7480974060741845f,-0.09713722018560332f,-0.29908313030392286f,-0.9492700572662238f,3.6946807784892233f,0f,0f,0f,1f], start_interpolation: 0, interpolation_duration: 1 }
$data merge entity $(bone_jaw_lips1) { transformation: [-0.9952545462750496f,0.03467373522318222f,0.0909182061224112f,0.06148964722395518f,0.005722636932236059f,0.9535968819439791f,-0.30103195540218386f,3.895077396926691f,-0.09713722018560332f,-0.29908313030392286f,-0.9492700572662238f,4.591621673768226f,0f,0f,0f,1f], start_interpolation: 0, interpolation_duration: 1 }
$data merge entity $(bone_jaw3) { transformation: [-0.9952545462750496f,0.05702361963701728f,0.07884602033290819f,0.12752483328634845f,0.005722636932236059f,0.8431910528958793f,-0.5375835746587503f,3.3410711202737353f,-0.09713722018560332f,-0.534581289533997f,-0.8395160542448142f,3.882396149396149f,0f,0f,0f,1f], start_interpolation: 0, interpolation_duration: 1 }
$data merge entity $(bone_jaw1) { transformation: [-0.9952545462750496f,-0.015430767513834513f,0.09607434378010908f,0.21384162652629024f,0.005722636932236059f,0.9763551024342081f,0.2160971202427942f,3.535220876741871f,-0.09713722018560332f,0.21562143994654323f,-0.97163354979642f,3.0094441320009278f,0f,0f,0f,1f], start_interpolation: 0, interpolation_duration: 1 }
$data merge entity $(bone_tear_right1) { transformation: [-0.9952545462750496f,0.0014867952354089796f,0.09729428327899106f,-0.5198364528340578f,0.005722636932236059f,0.9990469456994695f,0.04327183512520576f,4.290864821346113f,-0.09713722018560332f,0.043623270492813046f,-0.9943145230389245f,3.7498715762217967f,0f,0f,0f,1f], start_interpolation: 0, interpolation_duration: 1 }
$data merge entity $(bone_right_pupil1) { transformation: [-0.9952545462750496f,0.0014867952354089796f,0.09729428327899106f,-0.34180241005296463f,0.005722636932236059f,0.9990469456994695f,0.04327183512520576f,4.399086280213143f,-0.09713722018560332f,0.043623270492813046f,-0.9943145230389245f,3.839770140655469f,0f,0f,0f,1f], start_interpolation: 0, interpolation_duration: 1 }
$data merge entity $(bone_right_sad_pupil1) { transformation: [-0.9952545462750496f,0.0014867952354089796f,0.09729428327899106f,-0.3407097496450463f,0.005722636932236059f,0.9990469456994695f,0.04327183512520576f,4.399572243205272f,-0.09713722018560332f,0.043623270492813046f,-0.9943145230389245f,3.8286035224768096f,0f,0f,0f,1f], start_interpolation: 0, interpolation_duration: 1 }
$data merge entity $(bone_right_happy_pupil1) { transformation: [-0.9952545462750496f,0.0014867952354089796f,0.09729428327899106f,-0.3686940726602924f,0.005722636932236059f,0.9990469456994695f,0.04327183512520576f,4.37168385616063f,-0.09713722018560332f,0.043623270492813046f,-0.9943145230389245f,3.824651557333114f,0f,0f,0f,1f], start_interpolation: 0, interpolation_duration: 1 }
$data merge entity $(bone_eyelid_right1) { transformation: [-0.9952545462750496f,0.0014867952354089796f,0.09729428327899106f,0.14416138197246842f,0.005722636932236059f,0.9990469456994695f,0.04327183512520576f,4.365297249271284f,-0.09713722018560332f,0.043623270492813046f,-0.9943145230389245f,3.3098226154289128f,0f,0f,0f,1f], start_interpolation: 0, interpolation_duration: 1 }
$data merge entity $(bone_eyelid_expressions_right5) { transformation: [-0.9952545462750496f,0.0014867952354089796f,0.09729428327899106f,-0.4690799313238845f,0.005722636932236059f,0.9990469456994695f,0.04327183512520576f,4.512508976978511f,-0.09713722018560332f,0.043623270492813046f,-0.9943145230389245f,3.820957345214724f,0f,0f,0f,1f], start_interpolation: 0, interpolation_duration: 1 }
$data merge entity $(bone_eyelid_expressions_right7) { transformation: [-0.9952545462750496f,0.0014867952354089796f,0.09729428327899106f,-0.13376467891676325f,0.005722636932236059f,0.9990469456994695f,0.04327183512520576f,4.510580940121459f,-0.09713722018560332f,0.043623270492813046f,-0.9943145230389245f,3.8536842406874126f,0f,0f,0f,1f], start_interpolation: 0, interpolation_duration: 1 }
$data merge entity $(bone_eyelid_expressions_right6) { transformation: [-0.9952545462750496f,0.0014867952354089796f,0.09729428327899106f,-0.24553642971913703f,0.005722636932236059f,0.9990469456994695f,0.04327183512520576f,4.511223619073809f,-0.09713722018560332f,0.043623270492813046f,-0.9943145230389245f,3.8427752755298497f,0f,0f,0f,1f], start_interpolation: 0, interpolation_duration: 1 }
$data merge entity $(bone_right_eye1) { transformation: [-0.9952545462750496f,0.0014867952354089796f,0.09729428327899106f,0.1318915464843127f,0.005722636932236059f,0.9990469456994695f,0.04327183512520576f,4.3648755541743895f,-0.09713722018560332f,0.043623270492813046f,-0.9943145230389245f,3.3198983370918165f,0f,0f,0f,1f], start_interpolation: 0, interpolation_duration: 1 }
$data merge entity $(bone_tear_left1) { transformation: [-0.9952545462750496f,0.0014867952354089796f,0.09729428327899106f,0.6872984558315787f,0.005722636932236059f,0.9990469456994695f,0.04327183512520576f,4.283923888660725f,-0.09713722018560332f,0.043623270492813046f,-0.9943145230389245f,3.8676883999234755f,0f,0f,0f,1f], start_interpolation: 0, interpolation_duration: 1 }
$data merge entity $(bone_left_sad_pupil1) { transformation: [-0.9952545462750496f,0.0014867952354089796f,0.09729428327899106f,0.4975783813727567f,0.005722636932236059f,0.9990469456994695f,0.04327183512520576f,4.394752151062641f,-0.09713722018560332f,0.043623270492813046f,-0.9943145230389245f,3.910420761158531f,0f,0f,0f,1f], start_interpolation: 0, interpolation_duration: 1 }
$data merge entity $(bone_left_pupil1) { transformation: [-0.9952545462750496f,0.0014867952354089796f,0.09729428327899106f,0.49648572096483823f,0.005722636932236059f,0.9990469456994695f,0.04327183512520576f,4.394266188070512f,-0.09713722018560332f,0.043623270492813046f,-0.9943145230389245f,3.9215873793371907f,0f,0f,0f,1f], start_interpolation: 0, interpolation_duration: 1 }
$data merge entity $(bone_eyelid_left1) { transformation: [-0.9952545462750496f,0.0014867952354089796f,0.09729428327899106f,0.12180703181199368f,0.005722636932236059f,0.9990469456994695f,0.04327183512520576f,4.3654257850617535f,-0.09713722018560332f,0.043623270492813046f,-0.9943145230389245f,3.3076408223974005f,0f,0f,0f,1f], start_interpolation: 0, interpolation_duration: 1 }
$data merge entity $(bone_left_happy_pupil1) { transformation: [-0.9952545462750496f,0.0014867952354089796f,0.09729428327899106f,0.5254799337586974f,0.005722636932236059f,0.9990469456994695f,0.04327183512520576f,4.366542424541825f,-0.09713722018560332f,0.043623270492813046f,-0.9943145230389245f,3.9119232785936173f,0f,0f,0f,1f], start_interpolation: 0, interpolation_duration: 1 }
$data merge entity $(bone_eyelid_expressions_left5) { transformation: [-0.9952545462750496f,0.0014867952354089796f,0.09729428327899106f,0.6262832265393782f,0.005722636932236059f,0.9990469456994695f,0.04327183512520576f,4.506210723245474f,-0.09713722018560332f,0.043623270492813046f,-0.9943145230389245f,3.9278652037588397f,0f,0f,0f,1f], start_interpolation: 0, interpolation_duration: 1 }
$data merge entity $(bone_eyelid_expressions_left7) { transformation: [-0.9952545462750496f,0.0014867952354089796f,0.09729428327899106f,0.2909679741322569f,0.005722636932236059f,0.9990469456994695f,0.04327183512520576f,4.508138760102526f,-0.09713722018560332f,0.043623270492813046f,-0.9943145230389245f,3.895138308286151f,0f,0f,0f,1f], start_interpolation: 0, interpolation_duration: 1 }
$data merge entity $(bone_eyelid_expressions_left6) { transformation: [-0.9952545462750496f,0.0014867952354089796f,0.09729428327899106f,0.40273972493463067f,0.005722636932236059f,0.9990469456994695f,0.04327183512520576f,4.507496081150175f,-0.09713722018560332f,0.043623270492813046f,-0.9943145230389245f,3.906047273443714f,0f,0f,0f,1f], start_interpolation: 0, interpolation_duration: 1 }
$data merge entity $(bone_left_eye1) { transformation: [-0.9952545462750496f,0.0014867952354089796f,0.09729428327899106f,0.1318915464843127f,0.005722636932236059f,0.9990469456994695f,0.04327183512520576f,4.3648755541743895f,-0.09713722018560332f,0.043623270492813046f,-0.9943145230389245f,3.3198983370918165f,0f,0f,0f,1f], start_interpolation: 0, interpolation_duration: 1 }
$data merge entity $(bone_crest_middle5) { transformation: [-0.9952545462750496f,0.022509889363023974f,0.09466621889411775f,0.08756659721554834f,0.005722636932236059f,0.9847312833006496f,-0.17398721537974354f,5.728627917085594f,-0.09713722018560332f,-0.17261982669994752f,-0.980187102488445f,3.8543882762970494f,0f,0f,0f,1f], start_interpolation: 0, interpolation_duration: 1 }
$data merge entity $(bone_crest_middle4) { transformation: [-0.9952545462750496f,0.022509889363023974f,0.09466621889411775f,0.07239880067210445f,0.005722636932236059f,0.9847312833006496f,-0.17398721537974354f,5.065088282830273f,-0.09713722018560332f,-0.17261982669994752f,-0.980187102488445f,3.9707043704601f,0f,0f,0f,1f], start_interpolation: 0, interpolation_duration: 1 }
$data merge entity $(bone_crest_middle1) { transformation: [-0.9952545462750496f,0.022509889363023974f,0.09466621889411775f,0.05304932414656626f,0.005722636932236059f,0.9847312833006496f,-0.17398721537974354f,4.582088304554602f,-0.09713722018560332f,-0.17261982669994752f,-0.980187102488445f,4.140501498014499f,0f,0f,0f,1f], start_interpolation: 0, interpolation_duration: 1 }
$data merge entity $(bone_crest_left5) { transformation: [-0.5360038283021993f,-0.8187166075099103f,0.20591991800903905f,-1.0222657246932245f,-0.8395128773860216f,0.5426284810770972f,-0.02779316871112278f,5.0899858411546015f,-0.08898328353364404f,-0.18776966770867273f,-0.9781740781374986f,3.8173944820301675f,0f,0f,0f,1f], start_interpolation: 0, interpolation_duration: 1 }
$data merge entity $(bone_crest_left4) { transformation: [-0.5360038283021993f,-0.8187166075099103f,0.20591991800903905f,-0.5625371609059214f,-0.8395128773860216f,0.5426284810770972f,-0.02779316871112278f,4.785287231174786f,-0.08898328353364404f,-0.18776966770867273f,-0.9781740781374986f,3.9228315513001744f,0f,0f,0f,1f], start_interpolation: 0, interpolation_duration: 1 }
$data merge entity $(bone_crest_left1) { transformation: [-0.5360038283021993f,-0.8187166075099103f,0.20591991800903905f,-0.045272854718873365f,-0.8395128773860216f,0.5426284810770972f,-0.02779316871112278f,4.448558108633621f,-0.08898328353364404f,-0.18776966770867273f,-0.9781740781374986f,3.983885560414265f,0f,0f,0f,1f], start_interpolation: 0, interpolation_duration: 1 }
$data merge entity $(bone_crest_center1) { transformation: [-0.9952545462750496f,0.0014867952354089796f,0.09729428327899106f,0.06645715309924513f,0.005722636932236059f,0.9990469456994695f,0.04327183512520576f,4.419866374955115f,-0.09713722018560332f,0.043623270492813046f,-0.9943145230389245f,3.993569766808835f,0f,0f,0f,1f], start_interpolation: 0, interpolation_duration: 1 }
$data merge entity $(bone_crest_right5) { transformation: [-0.5334959275357607f,0.8456995525256966f,-0.013204626484471321f,1.1762603692468458f,0.8456624185508246f,0.5330582164411013f,-0.026533219469221575f,5.077344485564964f,-0.01540029718960366f,-0.025322020900160752f,-0.9995607165670343f,4.031971460422419f,0f,0f,0f,1f], start_interpolation: 0, interpolation_duration: 1 }
$data merge entity $(bone_crest_right4) { transformation: [-0.5334959275357607f,0.8456995525256966f,-0.013204626484471321f,0.7013802494204049f,0.8456624185508246f,0.5330582164411013f,-0.026533219469221575f,4.778019803481338f,-0.01540029718960366f,-0.025322020900160752f,-0.9995607165670343f,4.046190368642724f,0f,0f,0f,1f], start_interpolation: 0, interpolation_duration: 1 }
$data merge entity $(bone_crest_right1) { transformation: [-0.5334959275357607f,0.8456995525256966f,-0.013204626484471321f,0.17827064688587407f,0.8456624185508246f,0.5330582164411013f,-0.026533219469221575f,4.44727275072892f,-0.01540029718960366f,-0.025322020900160752f,-0.9995607165670343f,4.005703490729391f,0f,0f,0f,1f], start_interpolation: 0, interpolation_duration: 1 }
$data merge entity $(bone_head1) { transformation: [-1.043203007488821f,0.0015584246933648801f,0.10198163807237991f,0.19190438188267775f,0.0059983368886068035f,1.0471781136563445f,0.04535654593201903f,4.335504691224168f,-0.10181700813725343f,0.04572491243061782f,-1.042217696674914f,2.703284788385316f,0f,0f,0f,1f], start_interpolation: 0, interpolation_duration: 1 }
$data merge entity $(bone_neck10) { transformation: [-1.4964470489538857f,0.02346264613720874f,-0.047854107425320806f,0.15076953650097405f,0.0282080615651527f,1.4894099168888817f,-0.1518442834611123f,3.7804926641914607f,0.04521964864934919f,-0.15264955091097468f,-1.488908183759742f,1.6882325727297922f,0f,0f,0f,1f], start_interpolation: 0, interpolation_duration: 1 }
$data merge entity $(bone_neck9) { transformation: [-1.1447819924497231f,0.03997000302196048f,-0.008045938093389238f,0.10554930997826908f,0.021579167097341825f,0.7857785313378747f,0.8332314130746719f,2.913884006999014f,0.03459303121675215f,0.8325518885003224f,-0.7860336021089172f,0.7323577380284518f,0f,0f,0f,1f], start_interpolation: 0, interpolation_duration: 1 }
$data merge entity $(bone_neck8) { transformation: [-1.062477404757259f,0.03777691284846058f,0.0021924034386680913f,0.067755175787314f,0.020027723711258417f,0.5091276094852705f,0.9331013369080969f,2.4522472159790123f,0.032105950541037924f,0.9325514031475003f,-0.5095166590253971f,-0.23038838796597916f,0f,0f,0f,1f], start_interpolation: 0, interpolation_duration: 1 }
$data merge entity $(bone_neck7) { transformation: [-1.0549310729457286f,-0.03770859816179828f,0.011185070954158024f,0.10586492924870589f,0.0012784129873512243f,0.26717055502727227f,1.0212956834534535f,2.182234421004641f,-0.03931170115641515f,1.0206001023932414f,-0.2669393826341431f,-1.261845938257021f,0f,0f,0f,1f], start_interpolation: 0, interpolation_duration: 1 }
$data merge entity $(bone_neck6) { transformation: [-1.0340750404597834f,-0.16869620431001742f,0.06361535634815428f,0.2617177476034392f,0.07536655347659066f,-0.06800539058649904f,1.044754354708345f,2.260232365107049f,-0.16378402098181f,1.033795613124946f,0.07910712337368499f,-2.2099547481996584f,0f,0f,0f,1f], start_interpolation: 0, interpolation_duration: 1 }
$data merge entity $(bone_neck_spine6) { transformation: [-1.2692080458810766f,-0.0208473003891313f,-0.09306822687649417f,0.7741120538568915f,-0.08420556448865547f,-0.3382747614121417f,1.224118040557125f,4.548258710108989f,-0.044785351361758326f,1.2268337068954185f,0.3359444841716557f,-5.242905920006131f,0f,0f,0f,1f], start_interpolation: 0, interpolation_duration: 1 }
$data merge entity $(bone_neck_spine7) { transformation: [-0.9776625362834873f,0.13476498880016458f,-0.16128968640750263f,0.5712691369808689f,-0.12889029885081238f,0.22174303516814914f,0.9665491799264873f,5.2547515080984155f,0.1660218540129199f,0.9657475985722709f,-0.19941995848461183f,-8.88712200217448f,0f,0f,0f,1f], start_interpolation: 0, interpolation_duration: 1 }
$data merge entity $(bone_tail6) { transformation: [-1.5250177470853066f,0.6577253514218601f,-0.45499469304484613f,-0.6091755893609657f,-0.21165532892640715f,0.6128246539401777f,1.5952899118302235f,4.334792564725656f,0.7712488770423185f,1.4687223165551813f,-0.46187862479321445f,-12.528700961820293f,0f,0f,0f,1f], start_interpolation: 0, interpolation_duration: 1 }
$data merge entity $(bone_tail5) { transformation: [-1.2597972693313402f,0.6003521073842386f,-0.27580523302583965f,-0.23000583732881508f,-0.1748457065044233f,0.2697134958066752f,1.385735886926707f,4.505137930498293f,0.6371186375566978f,1.2611155048443743f,-0.1650692713343425f,-11.732206958760688f,0f,0f,0f,1f], start_interpolation: 0, interpolation_duration: 1 }
$data merge entity $(bone_tail4) { transformation: [-0.9245038557257671f,0.4655006523395542f,-0.1651573838640377f,-0.030505557754720414f,-0.10697262063750097f,0.15346546536300162f,1.0313488291553137f,4.570908844225293f,0.48220812644262734f,0.9265164281530792f,-0.08785117631724862f,-11.335128489552226f,0f,0f,0f,1f], start_interpolation: 0, interpolation_duration: 1 }
$data merge entity $(bone_segment18) { transformation: [-0.932432735122685f,0.32518003605233753f,-0.15756629913985212f,0.1520906538957621f,-0.12029333580626797f,0.1318382364832997f,0.983945218374262f,4.6449391039693335f,0.3407326045922658f,0.9364169069137815f,-0.08381329616353658f,-10.809308449048881f,0f,0f,0f,1f], start_interpolation: 0, interpolation_duration: 1 }
$data merge entity $(bone_segment17) { transformation: [-0.9478983367080804f,0.2790192008956048f,-0.15374338619151354f,0.35576922095578634f,-0.12627253064334615f,0.11400208013339574f,0.9854231445070609f,4.728158395863585f,0.29247904415697873f,0.9534945260759691f,-0.07282992154453516f,-10.113276067953386f,0f,0f,0f,1f], start_interpolation: 0, interpolation_duration: 1 }
$data merge entity $(bone_segment16) { transformation: [-0.9609871875250185f,0.23208801834421544f,-0.15046187940408684f,0.5773180861232383f,-0.13133336416490118f,0.09586808457794067f,0.986691875823697f,4.819673095741454f,0.24342385435672548f,0.9679589155023118f,-0.06164710074045496f,-9.189272318047614f,0f,0f,0f,1f], start_interpolation: 0, interpolation_duration: 1 }
$data merge entity $(bone_segment15) { transformation: [-0.9776625362834873f,0.17191782578251083f,-0.1209141279005612f,0.7800434519751737f,-0.12889029885081238f,-0.03597401132455755f,0.9910061358898685f,4.777252569692232f,0.1660218540129199f,0.9844542303669758f,0.05732898309474729f,-8.028404658703744f,0f,0f,0f,1f], start_interpolation: 0, interpolation_duration: 1 }
$data merge entity $(bone_segment14) { transformation: [-1.0431563386990064f,0.049622192674073994f,-0.08965315974059768f,0.8358684187335069f,-0.09907348780614637f,-0.2542677798474222f,1.012031391889876f,4.491201317363882f,0.026162856709109852f,1.0156577829913243f,0.25774012261023427f,-6.885789652838505f,0f,0f,0f,1f], start_interpolation: 0, interpolation_duration: 1 }
$data merge entity $(bone_segment13) { transformation: [-1.0228323663865146f,-0.003521266722240903f,-0.07677996337601067f,0.8337290914930109f,-0.06785977844085764f,-0.4397711884177746f,0.9241698783939907f,3.936253589095589f,-0.03609172433271112f,0.9266512366265298f,0.4383018194308603f,-5.781747001312965f,0f,0f,0f,1f], start_interpolation: 0, interpolation_duration: 1 }
$data merge entity $(bone_segment12) { transformation: [-1.1040360462734742f,-0.13635750473911096f,-0.08357583754791313f,0.6690019045598568f,-0.005776475223908196f,-0.5485804280558325f,0.9713392957559903f,3.273538978021429f,-0.15982778874306997f,0.9617380236047025f,0.5422074631449643f,-4.61991583185762f,0f,0f,0f,1f], start_interpolation: 0, interpolation_duration: 1 }
$data merge entity $(bone_segment11) { transformation: [-1.1681976477199738f,-0.21406576391870494f,-0.081320018819283f,0.4216145184264057f,0.02271516102623934f,-0.5289912757263757f,1.0661965543680398f,2.6622045610006566f,-0.22786205959399924f,1.0447329418586502f,0.5231967152747596f,-3.4125590506393295f,0f,0f,0f,1f], start_interpolation: 0, interpolation_duration: 1 }
$data merge entity $(bone_segment10) { transformation: [-1.039033286297929f,-0.13173206406894483f,-0.041613594968891374f,0.2547234164020215f,0f,-0.31573555860353475f,0.9994929990042388f,2.278585855556509f,-0.13814857216091492f,0.9907738987047563f,0.3129812321537047f,-2.1573494782356653f,0f,0f,0f,1f], start_interpolation: 0, interpolation_duration: 1 }