# This file was generated by Animated Java via MC-Build. It is not recommended to edit this file directly.
$data merge entity $(bone_neck_spine5) { transformation: [-1.5675489460199887f,0.11839458843446296f,0.028146381964624306f,0.3573629729409526f,0.11760876680332331f,1.3804126650886732f,0.7434031527982856f,4.048835362668974f,0.03126780067842817f,0.7432784074953772f,-1.385127694167044f,0.14715343210347442f,0f,0f,0f,1f], start_interpolation: 0, interpolation_duration: 1 }
$data merge entity $(bone_neck_spine2) { transformation: [-1.4929037581142746f,0.0986858227531921f,-0.06077630360452052f,0.3958654720540878f,0.11200834933649835f,1.4302519683991635f,-0.42898451982939834f,5.597145881690232f,0.029778857788979204f,-0.43224379343360364f,-1.4333432262898305f,1.900793266889599f,0f,0f,0f,1f], start_interpolation: 0, interpolation_duration: 1 }
$data merge entity $(bone_scale_neck_left1) { transformation: [-1.556123638996323f,0.5359587304585623f,0.06544112040422093f,1.118840144520958f,0.5386628888804694f,1.5547188102356158f,0.07580761228380212f,4.667358637236725f,-0.037102468077754906f,0.0930201117096203f,-1.6440881200585757f,2.113143323876054f,0f,0f,0f,1f], start_interpolation: 0, interpolation_duration: 1 }
$data merge entity $(bone_scale_neck_right1) { transformation: [-1.6163518124821656f,-0.2939536356011255f,-0.11854602161258564f,-0.44870880149903025f,-0.30064102263537956f,1.6169847893458231f,0.08961164751677188f,4.7849674040400485f,0.10038363727243656f,0.10957432171269733f,-1.6404181400566231f,2.144411124554482f,0f,0f,0f,1f], start_interpolation: 0, interpolation_duration: 1 }
$data merge entity $(bone_blush_right1) { transformation: [-0.9906819266441913f,0.10530315083319951f,-0.08637457175091304f,-0.24625610783834184f,0.0881043222597936f,0.9791246247079219f,0.18317368176054527f,4.502754217254593f,0.10386023598902336f,0.17385688285245304f,-0.9792787323663947f,3.498383738843604f,0f,0f,0f,1f], start_interpolation: 0, interpolation_duration: 1 }
$data merge entity $(bone_blush_left1) { transformation: [-0.9906819266441913f,0.10530315083319951f,-0.08637457175091304f,1.0665909375290092f,0.0881043222597936f,0.9791246247079219f,0.18317368176054527f,4.385998782384925f,0.10386023598902336f,0.17385688285245304f,-0.9792787323663947f,3.3607486409558067f,0f,0f,0f,1f], start_interpolation: 0, interpolation_duration: 1 }
$data merge entity $(bone_left_head_scales) { transformation: [-0.838862262442516f,0.10530315083319951f,-0.5340611866391564f,1.1206350608439333f,-0.006430705239825141f,0.9791246247079219f,0.20315908869821592f,5.1717506028652025f,0.544305751099455f,0.17385688285245304f,-0.8206735243718337f,3.101572798612897f,0f,0f,0f,1f], start_interpolation: 0, interpolation_duration: 1 }
$data merge entity $(bone_left_head_scales2) { transformation: [-0.7619767063945099f,0.10530315083319951f,-0.6389857160663103f,1.0405771651998796f,-0.032893271927708106f,0.9791246247079219f,0.20058165906298842f,4.261211428221665f,0.646768530135832f,0.17385688285245304f,-0.742606391509502f,3.110339643445853f,0f,0f,0f,1f], start_interpolation: 0, interpolation_duration: 1 }
$data merge entity $(bone_left_head_scales1) { transformation: [-0.9906819266441913f,0.10530315083319951f,-0.08637457175091304f,1.1088090233968455f,0.0881043222597936f,0.9791246247079219f,0.18317368176054527f,5.061790317863824f,0.10386023598902336f,0.17385688285245304f,-0.9792787323663947f,3.0820478557144284f,0f,0f,0f,1f], start_interpolation: 0, interpolation_duration: 1 }
$data merge entity $(bone_right_head_scales) { transformation: [-0.9186289398920241f,0.10530315083319951f,0.38083082493077747f,-0.21446362936015267f,0.16272968182834927f,0.9791246247079219f,0.12179499145127148f,5.290484943410627f,-0.36005544218203434f,0.17385688285245304f,-0.9165881642482234f,3.2415406947699794f,0f,0f,0f,1f], start_interpolation: 0, interpolation_duration: 1 }
$data merge entity $(bone_right_head_scales2) { transformation: [-0.8610615445069828f,0.10530315083319951f,0.4974779020176171f,-0.2945215250042064f,0.1772349433073202f,0.9791246247079219f,0.09951253268519532f,4.379945768767089f,-0.47661388087434087f,0.17385688285245304f,-0.8617499595838274f,3.250307539602935f,0f,0f,0f,1f], start_interpolation: 0, interpolation_duration: 1 }
$data merge entity $(bone_right_head_scales1) { transformation: [-0.9906819266441913f,0.10530315083319951f,-0.08637457175091304f,-0.2262896668072405f,0.0881043222597936f,0.9791246247079219f,0.18317368176054527f,5.180524658409249f,0.10386023598902336f,0.17385688285245304f,-0.9792787323663947f,3.2220157518715107f,0f,0f,0f,1f], start_interpolation: 0, interpolation_duration: 1 }
$data merge entity $(bone_head_left_fin1) { transformation: [-0.39721129469316907f,0.22070251304233948f,-0.944557455176839f,1.0571862498881233f,0.14961623503349614f,1.0224102401335544f,0.17597579694271256f,4.664867982469784f,0.9583910306382004f,-0.06813882617140633f,-0.4189497950654766f,2.926346540242929f,0f,0f,0f,1f], start_interpolation: 0, interpolation_duration: 1 }
$data merge entity $(bone_head_right_fin1) { transformation: [-0.6058157300777216f,-0.04805789103467344f,0.8540216263800762f,-0.27791244031596274f,-0.060414026081282754f,1.0463119109066177f,0.016022751722653036f,4.7836023230152085f,-0.8532365701657549f,-0.03996276053296539f,-0.6075076387400716f,3.0663144364000114f,0f,0f,0f,1f], start_interpolation: 0, interpolation_duration: 1 }
$data merge entity $(bone_right_whisker16) { transformation: [-0.05531837548283778f,-0.22247880004742565f,0.973366868587275f,-0.9816425830162314f,0.9966011031432366f,0.047295598177778585f,0.0674490000421854f,3.283817945905681f,-0.06104194089005018f,0.9737896641074317f,0.2191063018945637f,1.4636957196999343f,0f,0f,0f,1f], start_interpolation: 0, interpolation_duration: 1 }
$data merge entity $(bone_right_whisker15) { transformation: [0.3259144629138611f,-0.11101526587835792f,0.9388585482411751f,-1.091447748744046f,0.21924335401471096f,0.9748837302485904f,0.039167131845135206f,3.209951776828459f,-0.9196260732406134f,0.19307336232259434f,0.3420680665854366f,1.7735306760163518f,0f,0f,0f,1f], start_interpolation: 0, interpolation_duration: 1 }
$data merge entity $(bone_right_whisker14) { transformation: [0.5413415193005298f,-0.21088708528783778f,0.8139262845861377f,-1.2738333192115092f,-0.39350479108026193f,0.7919290339279278f,0.46690725483639545f,3.3425290746045238f,-0.743036566313041f,-0.5730401752763755f,0.3457189879670291f,2.023870144158929f,0f,0f,0f,1f], start_interpolation: 0, interpolation_duration: 1 }
$data merge entity $(bone_right_whisker13) { transformation: [0.06770350598081842f,-0.3048521000683575f,0.9499902275085872f,-1.2966435824569997f,0.020519303787213505f,0.9523990695310013f,0.304162736916558f,3.335615832605902f,-0.9974944578542748f,-0.0010997456048392473f,0.07073610895159049f,2.3599400542758477f,0f,0f,0f,1f], start_interpolation: 0, interpolation_duration: 1 }
$data merge entity $(bone_right_whisker12) { transformation: [-0.5869840707763752f,-0.26331129515712615f,0.7655826947479103f,-1.0329593319129249f,-0.4312921626124659f,0.9019804117520789f,-0.020455006345944576f,3.529360358779471f,-0.6851545600255884f,-0.34219657896920447f,-0.6430122317793927f,2.6677243292873425f,0f,0f,0f,1f], start_interpolation: 0, interpolation_duration: 1 }
$data merge entity $(bone_right_whisker11) { transformation: [-0.9552361184633964f,-0.13002310273782058f,0.2657403822105592f,-0.6038493568219458f,-0.1732684298399436f,0.973948599498836f,-0.1462948281897094f,3.607195786246633f,-0.2397957656085371f,-0.1857905226018973f,-0.9528797786224292f,2.7754450833693025f,0f,0f,0f,1f], start_interpolation: 0, interpolation_duration: 1 }
$data merge entity $(bone_right_whisker10) { transformation: [-0.596472340730474f,-0.5215411675166224f,0.6100947117693348f,-0.33590279750942836f,-0.5719439146043042f,0.8094708096317198f,0.1328049957692578f,3.864123716635285f,-0.5631171328334932f,-0.2697254510415479f,-0.7811192455507799f,3.028407857884348f,0f,0f,0f,1f], start_interpolation: 0, interpolation_duration: 1 }
$data merge entity $(bone_right_whisker1) { transformation: [-0.0712614116569905f,-0.6250724396902684f,0.7773070540965835f,-0.3038908352416397f,-0.8102075137767953f,0.490815441512433f,0.3204122141750834f,4.228084123214705f,-0.5817951493681236f,-0.6069469890464992f,-0.541414588517073f,3.2897611476395596f,0f,0f,0f,1f], start_interpolation: 0, interpolation_duration: 1 }
$data merge entity $(bone_left_whisker16) { transformation: [-0.21467801336809045f,0.42287260203316324f,-0.8803931582117348f,1.1432017622593567f,-0.9725895125281935f,-0.010097442283066329f,0.23230945262625924f,3.0948491498540527f,0.08934758360751643f,0.9061328843547413f,0.41344915672239035f,1.2409331667503587f,0f,0f,0f,1f], start_interpolation: 0, interpolation_duration: 1 }
$data merge entity $(bone_left_whisker15) { transformation: [0.46479606187416245f,0.31681059098926007f,-0.8267984459971525f,1.299798091699382f,-0.2895636182857227f,0.9368358905224554f,0.1961923168584307f,2.9972910948652105f,0.8367302622897957f,0.1482213333701819f,0.5271744535752994f,1.5228393586351043f,0f,0f,0f,1f], start_interpolation: 0, interpolation_duration: 1 }
$data merge entity $(bone_left_whisker14) { transformation: [0.7428570437955639f,0.22338488949615726f,-0.6310805048708965f,1.5500770761812857f,0.2792971518717411f,0.7533079215549878f,0.595416053091314f,3.091390232946998f,0.6084048926822085f,-0.6185679966400575f,0.4972093322666584f,1.7278195226735436f,0f,0f,0f,1f], start_interpolation: 0, interpolation_duration: 1 }
$data merge entity $(bone_left_whisker13) { transformation: [0.2668791250076197f,0.4595733717313414f,-0.8470937661384683f,1.639992406384048f,-0.05027474309656732f,0.8844164140492645f,0.46398281947375447f,3.0744519650091897f,0.9624177797826377f,-0.08123990740840863f,0.2591372119216607f,2.0520716066823423f,0f,0f,0f,1f], start_interpolation: 0, interpolation_duration: 1 }
$data merge entity $(bone_left_whisker12) { transformation: [-0.34892402731159494f,0.34057967084453833f,-0.8730735999742997f,1.4832491909901675f,0.5145252836191321f,0.8482745725241291f,0.1252756246268935f,3.305586369759972f,0.7832724658005726f,-0.4055067661783616f,-0.4712202318473373f,2.4039322846786932f,0f,0f,0f,1f], start_interpolation: 0, interpolation_duration: 1 }
$data merge entity $(bone_left_whisker11) { transformation: [-0.840204903973326f,0.2569855469778174f,-0.4775082700683688f,1.1058133942833999f,0.332942398027749f,0.9395307567232303f,-0.08019549093687728f,3.455150337624f,0.42802462421536713f,-0.22636339327635718f,-0.8749597335018949f,2.59620897133794f,0f,0f,0f,1f], start_interpolation: 0, interpolation_duration: 1 }
$data merge entity $(bone_left_whisker10) { transformation: [-0.35862064229330526f,0.5879939333322141f,-0.7250202543968336f,0.9447142776282043f,0.6568832051084065f,0.7107965172532664f,0.2515407837849251f,3.750234589918792f,0.6632463266145127f,-0.3860459110327928f,-0.641149643068774f,2.894151657121803f,0f,0f,0f,1f], start_interpolation: 0, interpolation_duration: 1 }
$data merge entity $(bone_left_whisker1) { transformation: [0.19254222432666063f,0.5626626074812674f,-0.8039516664537262f,1.0312078549624464f,0.7994216464706524f,0.38518659279635487f,0.46103830630879955f,4.10934978266928f,0.5690804187507188f,-0.731465705875755f,-0.3756399847223272f,3.1497932514824774f,0f,0f,0f,1f], start_interpolation: 0, interpolation_duration: 1 }
$data merge entity $(bone_upper_left_tooth1) { transformation: [-0.9906819266441913f,0.09737440059692701f,-0.09522366475274081f,0.7911934469245403f,0.0881043222597936f,0.9913633981907655f,0.09714031669085886f,4.372173607018966f,0.10386023598902336f,0.08784553964799313f,-0.990704906894206f,4.151685281321343f,0f,0f,0f,1f], start_interpolation: 0, interpolation_duration: 1 }
$data merge entity $(bone_upper_right_tooth1) { transformation: [-0.9906819266441913f,0.09737440059692701f,-0.09522366475274081f,0.12364410182249747f,0.0881043222597936f,0.9913633981907655f,0.09714031669085886f,4.431540777291678f,0.10386023598902336f,0.08784553964799313f,-0.990704906894206f,4.221669229399884f,0f,0f,0f,1f], start_interpolation: 0, interpolation_duration: 1 }
$data merge entity $(bone_top_lip1) { transformation: [-0.9906819266441913f,0.058933594227655435f,-0.12278498154075379f,0.49726284823824624f,0.0881043222597936f,0.9648008148344129f,-0.24778421276182122f,4.521851760694162f,0.10386023598902336f,-0.2562932288732245f,-0.9610030344458032f,4.194613232665516f,0f,0f,0f,1f], start_interpolation: 0, interpolation_duration: 1 }
$data merge entity $(bone_muzzle1) { transformation: [-0.9906819266441913f,0.09737440059692701f,-0.09522366475274081f,0.46019593111924617f,0.0881043222597936f,0.9913633981907655f,0.09714031669085886f,4.7434004601913795f,0.10386023598902336f,0.08784553964799313f,-0.990704906894206f,3.6531074066158187f,0f,0f,0f,1f], start_interpolation: 0, interpolation_duration: 1 }
$data merge entity $(bone_jaw_right_tooth1) { transformation: [-0.9906819266441913f,0.013384526627310583f,-0.1355366174416198f,0.12831370501689304f,0.0881043222597936f,0.8218690142654931f,-0.5628223092499169f,4.46595056299473f,0.10386023598902336f,-0.5695192515071192f,-0.8153900131489685f,4.23702102044515f,0f,0f,0f,1f], start_interpolation: 0, interpolation_duration: 1 }
$data merge entity $(bone_jaw_left_tooth1) { transformation: [-0.9906819266441913f,0.013384526627310583f,-0.1355366174416198f,0.8514921622107728f,0.0881043222597936f,0.8218690142654931f,-0.5628223092499169f,4.401636128532625f,0.10386023598902336f,-0.5695192515071192f,-0.8153900131489685f,4.161205076693397f,0f,0f,0f,1f], start_interpolation: 0, interpolation_duration: 1 }
$data merge entity $(bone_tongue1) { transformation: [-0.9906819266441913f,0.0694107503735225f,-0.11718134643849136f,0.395179272590837f,0.0881043222597936f,0.9827252735570383f,-0.16275338740372455f,4.294975647863014f,0.10386023598902336f,-0.17156102251044336f,-0.9796835544886295f,3.4133364863681694f,0f,0f,0f,1f], start_interpolation: 0, interpolation_duration: 1 }
$data merge entity $(bone_jaw_lips1) { transformation: [-0.9906819266441913f,0.0694107503735225f,-0.11718134643849136f,0.5471241000436795f,0.0881043222597936f,0.9827252735570383f,-0.16275338740372455f,4.309333130379098f,0.10386023598902336f,-0.17156102251044336f,-0.9796835544886295f,4.309846045599341f,0f,0f,0f,1f], start_interpolation: 0, interpolation_duration: 1 }
$data merge entity $(bone_jaw3) { transformation: [-0.9906819266441913f,0.03671687221885097f,-0.13115331301578986f,0.42619842454054335f,0.0881043222597936f,0.9071160455607002f,-0.41155571710943356f,3.8631706767765657f,0.10386023598902336f,-0.4192759845027879f,-0.901898386848276f,3.534861858154531f,0f,0f,0f,1f], start_interpolation: 0, interpolation_duration: 1 }
$data merge entity $(bone_jaw1) { transformation: [-0.9906819266441913f,0.1187021463384564f,-0.06677664767863742f,0.3662037801417675f,0.0881043222597936f,0.9324417455432692f,0.35041406873492353f,4.177995816655598f,0.10386023598902336f,0.341265573451037f,-0.9342113571122111f,2.6955313419990286f,0f,0f,0f,1f], start_interpolation: 0, interpolation_duration: 1 }
$data merge entity $(bone_tear_right1) { transformation: [-0.9906819266441913f,0.10530315083319951f,-0.08637457175091304f,-0.14050562232210817f,0.0881043222597936f,0.9791246247079219f,0.18317368176054527f,4.864153813790515f,0.10386023598902336f,0.17385688285245304f,-0.9792787323663947f,3.6598688761274576f,0f,0f,0f,1f], start_interpolation: 0, interpolation_duration: 1 }
$data merge entity $(bone_right_pupil1) { transformation: [-0.9906819266441913f,0.10530315083319951f,-0.08637457175091304f,0.06071629057478373f,0.0881043222597936f,0.9791246247079219f,0.18317368176054527f,4.945445400776382f,0.10386023598902336f,0.17385688285245304f,-0.9792787323663947f,3.7261348258373825f,0f,0f,0f,1f], start_interpolation: 0, interpolation_duration: 1 }
$data merge entity $(bone_right_sad_pupil1) { transformation: [-0.9906819266441913f,0.10530315083319951f,-0.08637457175091304f,0.059746263645940434f,0.0881043222597936f,0.9791246247079219f,0.18317368176054527f,4.947502527085216f,0.10386023598902336f,0.17385688285245304f,-0.9792787323663947f,3.715137066636002f,0f,0f,0f,1f], start_interpolation: 0, interpolation_duration: 1 }
$data merge entity $(bone_right_happy_pupil1) { transformation: [-0.9906819266441913f,0.10530315083319951f,-0.08637457175091304f,0.02897559210788725f,0.0881043222597936f,0.9791246247079219f,0.18317368176054527f,4.9224864081399895f,0.10386023598902336f,0.17385688285245304f,-0.9792787323663947f,3.713171853903036f,0f,0f,0f,1f], start_interpolation: 0, interpolation_duration: 1 }
$data merge entity $(bone_eyelid_right1) { transformation: [-0.9906819266441913f,0.10530315083319951f,-0.08637457175091304f,0.43367641761369496f,0.0881043222597936f,0.9791246247079219f,0.18317368176054527f,4.957284734105425f,0.10386023598902336f,0.17385688285245304f,-0.9792787323663947f,3.110580231109244f,0f,0f,0f,1f], start_interpolation: 0, interpolation_duration: 1 }
$data merge entity $(bone_eyelid_expressions_right5) { transformation: [-0.9906819266441913f,0.10530315083319951f,-0.08637457175091304f,-0.05637430069187932f,0.0881043222597936f,0.9791246247079219f,0.18317368176054527f,5.068841488059707f,0.10386023598902336f,0.17385688285245304f,-0.9792787323663947f,3.7480755622580855f,0f,0f,0f,1f], start_interpolation: 0, interpolation_duration: 1 }
$data merge entity $(bone_eyelid_expressions_right7) { transformation: [-0.9906819266441913f,0.10530315083319951f,-0.08637457175091304f,0.27740037185914224f,0.0881043222597936f,0.9791246247079219f,0.18317368176054527f,5.039157902923351f,0.10386023598902336f,0.17385688285245304f,-0.9792787323663947f,3.713083588218815f,0f,0f,0f,1f], start_interpolation: 0, interpolation_duration: 1 }
$data merge entity $(bone_eyelid_expressions_right6) { transformation: [-0.9906819266441913f,0.10530315083319951f,-0.08637457175091304f,0.16614214767546837f,0.0881043222597936f,0.9791246247079219f,0.18317368176054527f,5.049052431302136f,0.10386023598902336f,0.17385688285245304f,-0.9792787323663947f,3.7247475795652387f,0f,0f,0f,1f], start_interpolation: 0, interpolation_duration: 1 }
$data merge entity $(bone_right_eye1) { transformation: [-0.9906819266441913f,0.10530315083319951f,-0.08637457175091304f,0.42352062212417085f,0.0881043222597936f,0.9791246247079219f,0.18317368176054527f,4.9562170606344695f,0.10386023598902336f,0.17385688285245304f,-0.9792787323663947f,3.1227443894452667f,0f,0f,0f,1f], start_interpolation: 0, interpolation_duration: 1 }
$data merge entity $(bone_tear_left1) { transformation: [-0.9906819266441913f,0.10530315083319951f,-0.08637457175091304f,1.0610831988615692f,0.0881043222597936f,0.9791246247079219f,0.18317368176054527f,4.757292907299632f,0.10386023598902336f,0.17385688285245304f,-0.9792787323663947f,3.5338977695860834f,0f,0f,0f,1f], start_interpolation: 0, interpolation_duration: 1 }
$data merge entity $(bone_left_sad_pupil1) { transformation: [-0.9906819266441913f,0.10530315083319951f,-0.08637457175091304f,0.894182945023494f,0.0881043222597936f,0.9791246247079219f,0.18317368176054527f,4.873293564244325f,0.10386023598902336f,0.17385688285245304f,-0.9792787323663947f,3.6276571315378257f,0f,0f,0f,1f], start_interpolation: 0, interpolation_duration: 1 }
$data merge entity $(bone_left_pupil1) { transformation: [-0.9906819266441913f,0.10530315083319951f,-0.08637457175091304f,0.8951529719523373f,0.0881043222597936f,0.9791246247079219f,0.18317368176054527f,4.871236437935491f,0.10386023598902336f,0.17385688285245304f,-0.9792787323663947f,3.6386548907392062f,0f,0f,0f,1f], start_interpolation: 0, interpolation_duration: 1 }
$data merge entity $(bone_eyelid_left1) { transformation: [-0.9906819266441913f,0.10530315083319951f,-0.08637457175091304f,0.4114247727769602f,0.0881043222597936f,0.9791246247079219f,0.18317368176054527f,4.959263639781183f,0.10386023598902336f,0.17385688285245304f,-0.9792787323663947f,3.1129130293785288f,0f,0f,0f,1f], start_interpolation: 0, interpolation_duration: 1 }
$data merge entity $(bone_left_happy_pupil1) { transformation: [-0.9906819266441913f,0.10530315083319951f,-0.08637457175091304f,0.9190413855772778f,0.0881043222597936f,0.9791246247079219f,0.18317368176054527f,4.843330181109706f,0.10386023598902336f,0.17385688285245304f,-0.9792787323663947f,3.6198599231316475f,0f,0f,0f,1f], start_interpolation: 0, interpolation_duration: 1 }
$data merge entity $(bone_eyelid_expressions_left5) { transformation: [-0.9906819266441913f,0.10530315083319951f,-0.08637457175091304f,1.0339562963081241f,0.0881043222597936f,0.9791246247079219f,0.18317368176054527f,4.971875109947609f,0.10386023598902336f,0.17385688285245304f,-0.9792787323663947f,3.633768447063135f,0f,0f,0f,1f], start_interpolation: 0, interpolation_duration: 1 }
$data merge entity $(bone_eyelid_expressions_left7) { transformation: [-0.9906819266441913f,0.10530315083319951f,-0.08637457175091304f,0.7001816237571027f,0.0881043222597936f,0.9791246247079219f,0.18317368176054527f,5.001558695083966f,0.10386023598902336f,0.17385688285245304f,-0.9792787323663947f,3.6687604211024056f,0f,0f,0f,1f], start_interpolation: 0, interpolation_duration: 1 }
$data merge entity $(bone_eyelid_expressions_left6) { transformation: [-0.9906819266441913f,0.10530315083319951f,-0.08637457175091304f,0.8114398479407765f,0.0881043222597936f,0.9791246247079219f,0.18317368176054527f,4.99166416670518f,0.10386023598902336f,0.17385688285245304f,-0.9792787323663947f,3.657096429755982f,0f,0f,0f,1f], start_interpolation: 0, interpolation_duration: 1 }
$data merge entity $(bone_left_eye1) { transformation: [-0.9906819266441913f,0.10530315083319951f,-0.08637457175091304f,0.42352062212417085f,0.0881043222597936f,0.9791246247079219f,0.18317368176054527f,4.9562170606344695f,0.10386023598902336f,0.17385688285245304f,-0.9792787323663947f,3.1227443894452667f,0f,0f,0f,1f], start_interpolation: 0, interpolation_duration: 1 }
$data merge entity $(bone_crest_middle5) { transformation: [-0.9906819266441913f,0.08411216673176417f,-0.10711892282991411f,0.6106187225417271f,0.0881043222597936f,0.9955615025390208f,-0.03308962165679477f,6.22566457494722f,0.10386023598902336f,-0.042218930232009344f,-0.9936954328718479f,3.830531089525533f,0f,0f,0f,1f], start_interpolation: 0, interpolation_duration: 1 }
$data merge entity $(bone_crest_middle4) { transformation: [-0.9906819266441913f,0.08411216673176417f,-0.10711892282991411f,0.5539415789431751f,0.0881043222597936f,0.9955615025390208f,-0.03308962165679477f,5.554827234369169f,0.10386023598902336f,-0.042218930232009344f,-0.9936954328718479f,3.8589793921232736f,0f,0f,0f,1f], start_interpolation: 0, interpolation_duration: 1 }
$data merge entity $(bone_crest_middle1) { transformation: [-0.9906819266441913f,0.08411216673176417f,-0.10711892282991411f,0.5204562276054365f,0.0881043222597936f,0.9955615025390208f,-0.03308962165679477f,5.054486330541958f,0.10386023598902336f,-0.042218930232009344f,-0.9936954328718479f,3.964013467475013f,0f,0f,0f,1f], start_interpolation: 0, interpolation_duration: 1 }
$data merge entity $(bone_crest_left5) { transformation: [-0.6211047878120652f,-0.7835634110656887f,0.016038185559217988f,-0.5425878927602115f,-0.778446915019564f,0.6191622551152953f,0.1032400229420055f,5.6769627737390245f,-0.09082534367374093f,0.05163799647202258f,-0.9945271611509172f,3.930535391892266f,0f,0f,0f,1f], start_interpolation: 0, interpolation_duration: 1 }
$data merge entity $(bone_crest_left4) { transformation: [-0.6211047878120652f,-0.7835634110656887f,0.016038185559217988f,-0.10259867267938033f,-0.778446915019564f,0.6191622551152953f,0.1032400229420055f,5.329288655876432f,-0.09082534367374093f,0.05163799647202258f,-0.9945271611509172f,3.901539446607683f,0f,0f,0f,1f], start_interpolation: 0, interpolation_duration: 1 }
$data merge entity $(bone_crest_left1) { transformation: [-0.6211047878120652f,-0.7835634110656887f,0.016038185559217988f,0.38229005111818065f,-0.778446915019564f,0.6191622551152953f,0.1032400229420055f,4.952644295484578f,-0.09082534367374093f,0.05163799647202258f,-0.9945271611509172f,3.8137988757729837f,0f,0f,0f,1f], start_interpolation: 0, interpolation_duration: 1 }
$data merge entity $(bone_crest_center1) { transformation: [-0.9906819266441913f,0.10530315083319951f,-0.08637457175091304f,0.49059180378340234f,0.0881043222597936f,0.9791246247079219f,0.18317368176054527f,4.915260047728361f,0.10386023598902336f,0.17385688285245304f,-0.9792787323663947f,3.79725371118176f,0f,0f,0f,1f], start_interpolation: 0, interpolation_duration: 1 }
$data merge entity $(bone_crest_right5) { transformation: [-0.44348123455233623f,0.8732057183325989f,-0.20207960825176197f,1.6458372439787787f,0.8731237507072628f,0.4718207952977793f,0.1226378941251544f,5.482339546744461f,0.20243347191316283f,-0.12205290080871045f,-0.9716603207157128f,3.7011072121373982f,0f,0f,0f,1f], start_interpolation: 0, interpolation_duration: 1 }
$data merge entity $(bone_crest_right4) { transformation: [-0.44348123455233623f,0.8732057183325989f,-0.20207960825176197f,1.1555117673760011f,0.8731237507072628f,0.4718207952977793f,0.1226378941251544f,5.217401111884868f,0.20243347191316283f,-0.12205290080871045f,-0.9716603207157128f,3.769642776556352f,0f,0f,0f,1f], start_interpolation: 0, interpolation_duration: 1 }
$data merge entity $(bone_crest_right1) { transformation: [-0.44348123455233623f,0.8732057183325989f,-0.20207960825176197f,0.6048064994855282f,0.8731237507072628f,0.4718207952977793f,0.1226378941251544f,4.932855238727008f,0.20243347191316283f,-0.12205290080871045f,-0.9716603207157128f,3.790470893080137f,0f,0f,0f,1f], start_interpolation: 0, interpolation_duration: 1 }
$data merge entity $(bone_head1) { transformation: [-1.0384100923809552f,0.11037634950615308f,-0.09053584669203771f,0.3642561223142476f,0.09234893153533048f,1.0262959933461937f,0.19199845549119646f,5.014378865119665f,0.10886391923328614f,0.18223280038570916f,-1.026457525462171f,2.50810516192011f,0f,0f,0f,1f], start_interpolation: 0, interpolation_duration: 1 }
$data merge entity $(bone_neck10) { transformation: [-1.4929037581142746f,0.10577445134580683f,-0.04737526923191937f,0.298768907582763f,0.11200834933649835f,1.4740096804338065f,-0.2386291544433921f,4.402152688448606f,0.029778857788979204f,-0.24145705438845383f,-1.4774999127576498f,1.5278235903968205f,0f,0f,0f,1f], start_interpolation: 0, interpolation_duration: 1 }
$data merge entity $(bone_neck9) { transformation: [-1.1420713749574207f,0.07801220169836337f,0.04213335243695996f,0.21181539474379374f,0.0856863872424213f,0.8312776692946147f,0.7834688430767315f,3.483151602239172f,0.022780826208569104f,0.7842701584382924f,-0.834619374948226f,0.6252560176501474f,0f,0f,0f,1f], start_interpolation: 0, interpolation_duration: 1 }
$data merge entity $(bone_neck8) { transformation: [-1.059961668261135f,0.06358068838469454f,0.05223882922231761f,0.15076992378850088f,0.07952592802891384f,0.6180796203054064f,0.86136133366386f,2.9083900818797255f,0.021142989030175238f,0.862684888255597f,-0.620981396651475f,-0.27326480665484254f,0f,0f,0f,1f], start_interpolation: 0, interpolation_duration: 1 }
$data merge entity $(bone_neck7) { transformation: [-1.0536480125159884f,-0.0166783271339637f,0.0630421444680011f,0.167625679934528f,0.05028294177298458f,0.4420339790215194f,0.9573422585528447f,2.461653613719679f,-0.04152233545655252f,0.9585167748393449f,-0.4403953915106492f,-1.2419785684605635f,0f,0f,0f,1f], start_interpolation: 0, interpolation_duration: 1 }
$data merge entity $(bone_neck6) { transformation: [-1.0265986306112076f,-0.17914623697619503f,0.12577117960119022f,0.33399950127899575f,0.10671179038350932f,0.11698730412533431f,1.0376623134143619f,2.369675812916099f,-0.19111346795595505f,1.0276366617947068f,-0.09620314919529732f,-2.1870414930823774f,0f,0f,0f,1f], start_interpolation: 0, interpolation_duration: 1 }
$data merge entity $(bone_neck_spine6) { transformation: [-1.2682806101627877f,0.08849717792562603f,-0.06014908063318858f,0.8246873974882646f,-0.0865729357714912f,-0.4281730635581326f,1.1954740996574782f,3.857048874794475f,0.06288711468753348f,1.1953331944103087f,0.43267670802093505f,-5.427327761656869f,0f,0f,0f,1f], start_interpolation: 0, interpolation_duration: 1 }
$data merge entity $(bone_neck_spine7) { transformation: [-0.9599290140044813f,0.24769572581364463f,-0.1310843830745554f,0.26268195503015895f,-0.17030222423227234f,-0.14411846931204278f,0.974795885929303f,5.286729296336148f,0.22256109384599493f,0.9580588156354523f,0.1805266331854349f,-8.659116573232877f,0f,0f,0f,1f], start_interpolation: 0, interpolation_duration: 1 }
$data merge entity $(bone_tail6) { transformation: [-1.5866420318801933f,0.3968512610262704f,-0.5388674018903715f,-0.7211827119117662f,-0.28381526950578734f,0.8566844283253905f,1.4665751329499912f,4.5318002420300285f,0.6060675647100552f,1.4401051365833624f,-0.7239345551358662f,-12.442755558362983f,0f,0f,0f,1f], start_interpolation: 0, interpolation_duration: 1 }
$data merge entity $(bone_tail5) { transformation: [-1.310704287205377f,0.4001528382122026f,-0.3814607670416441f,-0.46845460356721713f,-0.234456092200433f,0.48656634719018266f,1.3160029900543313f,4.839105303413302f,0.5006645099778716f,1.2754259034034696f,-0.38236651604958294f,-11.637223408845001f,0f,0f,0f,1f], start_interpolation: 0, interpolation_duration: 1 }
$data merge entity $(bone_tail4) { transformation: [-0.9658188206375107f,0.3223223461073686f,-0.24895282470255936f,-0.3303164552354877f,-0.14922088260558494f,0.3161060630639998f,0.9881726990327968f,4.97457933044073f,0.3789489832707717f,0.9459706444278245f,-0.245382163133403f,-11.231807418375933f,0f,0f,0f,1f], start_interpolation: 0, interpolation_duration: 1 }
$data merge entity $(bone_segment18) { transformation: [-0.9536819981458309f,0.18460638359548137f,-0.2375102725112616f,-0.2266556441345094f,-0.18050804680511973f,0.28041492505538235f,0.9427535811890534f,5.1320388830841335f,0.2406397545111289f,0.9419596344546735f,-0.23410372830615345f,-10.702875006450702f,0f,0f,0f,1f], start_interpolation: 0, interpolation_duration: 1 }
$data merge entity $(bone_segment17) { transformation: [-0.9529593759189068f,0.23868666207199082f,-0.18680766899990864f,-0.05241904267082448f,-0.18036031301320768f,0.04877537106936247f,0.9823905133228963f,5.167643951320802f,0.2435951258503048f,0.9698709401389326f,-0.0034313460910908866f,-9.99488816294108f,0f,0f,0f,1f], start_interpolation: 0, interpolation_duration: 1 }
$data merge entity $(bone_segment16) { transformation: [-0.9521134711500121f,0.2791587622813878f,-0.12470093622823877f,0.21406307659680918f,-0.18092663017288454f,-0.18564513000894678f,0.965816462998144f,4.9904289956726124f,0.24646600688322073f,0.942128585250169f,0.22726248327771828f,-9.095541783954712f,0f,0f,0f,1f], start_interpolation: 0, interpolation_duration: 1 }
$data merge entity $(bone_segment15) { transformation: [-0.9599290140044813f,0.27318283348002464f,-0.06250941980381937f,0.5362000604123656f,-0.17030222423227234f,-0.3915034919198386f,0.9042799169704665f,4.528768383862841f,0.22256109384599493f,0.878690022309573f,0.42233920514164447f,-8.059391196123844f,0f,0f,0f,1f], start_interpolation: 0, interpolation_duration: 1 }
$data merge entity $(bone_segment14) { transformation: [-1.0321423031014665f,0.18014622436178065f,-0.030079927223454414f,0.7388645628193689f,-0.12010286399186826f,-0.5394061661352997f,0.8906691237610858f,3.921936446960629f,0.13759638888620632f,0.8804905018275804f,0.5517960746345187f,-7.068839381567815f,0f,0f,0f,1f], start_interpolation: 0, interpolation_duration: 1 }
$data merge entity $(bone_segment13) { transformation: [-1.0220849623076582f,0.07865209099892821f,-0.03535237232828072f,0.8345591957692984f,-0.06976760118055467f,-0.5071095708958268f,0.8888565557808241f,3.286854340268112f,0.050679615954071104f,0.8881144878395659f,0.5106641213551242f,-6.013190297258877f,0f,0f,0f,1f], start_interpolation: 0, interpolation_duration: 1 }
$data merge entity $(bone_segment12) { transformation: [-1.1119523129813316f,-0.07430958816519237f,-0.05014000352875233f,0.7447892234892002f,-0.018859839033743817f,-0.416073354511985f,1.0348918548952066f,2.7842153885086667f,-0.08763698602054426f,1.0323928176636739f,0.41347153458173086f,-4.766004343034304f,0f,0f,0f,1f], start_interpolation: 0, interpolation_duration: 1 }
$data merge entity $(bone_segment11) { transformation: [-1.1736134185851175f,-0.19554068087341656f,-0.038964428930266116f,0.5188105474109423f,0.002465614515196366f,-0.24685281084272417f,1.1645516095929178f,2.4989373014565563f,-0.19936977038498974f,1.1480201970278894f,0.243770717589356f,-3.4392825423497495f,0f,0f,0f,1f], start_interpolation: 0, interpolation_duration: 1 }
$data merge entity $(bone_segment10) { transformation: [-1.0369450097374184f,-0.15234704720057735f,-0.014512822437553181f,0.3263034250908153f,0f,-0.09940101679875878f,1.0434532264958245f,2.389029003967788f,-0.15303674331950118f,1.032271772884356f,0.09833585371329819f,-2.1348944882207297f,0f,0f,0f,1f], start_interpolation: 0, interpolation_duration: 1 }