# This file was generated by Animated Java via MC-Build. It is not recommended to edit this file directly.
$data merge entity $(bone_neck_spine5) { transformation: [-1.3643734096922513f,0.08744734820370616f,-0.006310338590781796f,0.23468615203432702f,0.07330486313292392f,1.1917756560052963f,0.6659570879196796f,3.5564324394999867f,0.04809632129439669f,0.6642480012777879f,-1.1940113051527863f,0.13182965682004522f,0f,0f,0f,1f], start_interpolation: 0, interpolation_duration: 1 }
$data merge entity $(bone_neck_spine2) { transformation: [-1.2994032473259531f,0.05464050447856847f,-0.06313971059118746f,0.26564655423487793f,0.06981415536468943f,1.2510623055825163f,-0.3541046430163237f,4.9112443761165006f,0.04580602028037779f,-0.3567611662798104f,-1.2514169112191136f,1.7211747079781414f,0f,0f,0f,1f], start_interpolation: 0, interpolation_duration: 1 }
$data merge entity $(bone_scale_neck_left1) { transformation: [-1.3628704224360901f,0.43912267715141456f,0.03485547966998565f,0.9135046606195962f,0.44046915233881506f,1.3599124612528024f,0.08991352495619621f,4.113207013892066f,-0.005527738197135132f,0.09627455813192408f,-1.4290416620832662f,1.8837560224973269f,0f,0f,0f,1f], start_interpolation: 0, interpolation_duration: 1 }
$data merge entity $(bone_scale_neck_right1) { transformation: [-1.3984093193471536f,-0.28322182603080465f,-0.1252844412749785f,-0.4508687490726548f,-0.2921115017827308f,1.3987224853740847f,0.09851750016092826f,4.18651187702499f,0.10286721777147816f,0.12173834470493404f,-1.4233964765093507f,1.9318523437917237f,0f,0f,0f,1f], start_interpolation: 0, interpolation_duration: 1 }
$data merge entity $(bone_blush_right1) { transformation: [-0.985911347684923f,0.10243238551224831f,-0.13223623143590002f,-0.23056185999071943f,0.07028698189235777f,0.9710793413292134f,0.2281768021076739f,3.90369856040148f,0.15178456668107654f,0.21566761287196404f,-0.9645978053445624f,3.102826254067149f,0f,0f,0f,1f], start_interpolation: 0, interpolation_duration: 1 }
$data merge entity $(bone_blush_left1) { transformation: [-0.985911347684923f,0.10243238551224831f,-0.13223623143590002f,0.9055469195680784f,0.07028698189235777f,0.9710793413292134f,0.2281768021076739f,3.8227037961114583f,0.15178456668107654f,0.21566761287196404f,-0.9645978053445624f,2.927918257305752f,0f,0f,0f,1f], start_interpolation: 0, interpolation_duration: 1 }
$data merge entity $(bone_left_head_scales) { transformation: [-0.8134541494649131f,0.10243238551224831f,-0.5725381673885024f,0.9349975866161698f,-0.043015007575700336f,0.9710793413292134f,0.23485021176674217f,4.516415302735239f,0.5800362539027859f,0.21566761287196404f,-0.7855223898250968f,2.7336378577250575f,0f,0f,0f,1f], start_interpolation: 0, interpolation_duration: 1 }
$data merge entity $(bone_left_head_scales2) { transformation: [-0.731763709560324f,0.10243238551224831f,-0.673817096672965f,0.8743428271489689f,-0.07330111210686924f,0.9710793413292134f,0.22722645050151488f,3.7243352310755498f,0.6776052097898968f,0.21566761287196404f,-0.7030922133146538f,2.706446041811106f,0f,0f,0f,1f], start_interpolation: 0, interpolation_duration: 1 }
$data merge entity $(bone_left_head_scales1) { transformation: [-0.985911347684923f,0.10243238551224831f,-0.13223623143590002f,0.9249944239684893f,0.07028698189235777f,0.9710793413292134f,0.2281768021076739f,4.421583335808558f,0.15178456668107654f,0.21566761287196404f,-0.9645978053445624f,2.71257656740553f,0f,0f,0f,1f], start_interpolation: 0, interpolation_duration: 1 }
$data merge entity $(bone_right_head_scales) { transformation: [-0.9355739424348207f,0.10243238551224831f,0.33794822774389066f,-0.22036727395209935f,0.16770563631554603f,0.9710793413292134f,0.1699403789321979f,4.5987828596403455f,-0.31076714399203187f,0.21566761287196404f,-0.9256950161760321f,2.9115103968044442f,0f,0f,0f,1f], start_interpolation: 0, interpolation_duration: 1 }
$data merge entity $(bone_right_head_scales2) { transformation: [-0.8834588823273153f,0.10243238551224831f,0.4571739380533855f,-0.28102203341930015f,0.18845256191492565f,0.9710793413292134f,0.14659653731013675f,3.8067027879806563f,-0.4289359336132515f,0.21566761287196404f,-0.8772123150146929f,2.8843185808904925f,0f,0f,0f,1f], start_interpolation: 0, interpolation_duration: 1 }
$data merge entity $(bone_right_head_scales1) { transformation: [-0.985911347684923f,0.10243238551224831f,-0.13223623143590002f,-0.23037043659977985f,0.07028698189235777f,0.9710793413292134f,0.2281768021076739f,4.5039508927136644f,0.15178456668107654f,0.21566761287196404f,-0.9645978053445624f,2.8904491064849167f,0f,0f,0f,1f], start_interpolation: 0, interpolation_duration: 1 }
$data merge entity $(bone_head_left_fin1) { transformation: [-0.33902934736150975f,0.19688850765614438f,-0.9199423988384083f,0.8777973665165086f,0.09440623265985704f,0.9800392322016735f,0.17495875679864464f,4.082675860113668f,0.9360270107548189f,-0.02753214300578019f,-0.3508495635438464f,2.5629478442191096f,0f,0f,0f,1f], start_interpolation: 0, interpolation_duration: 1 }
$data merge entity $(bone_head_right_fin1) { transformation: [-0.6132877892033346f,-0.05828421661924993f,0.7877061874247062f,-0.2775674940517605f,-0.02651422848454202f,0.9982308482051643f,0.05321813017635774f,4.165043417018775f,-0.7894143926366909f,0.011752607569327583f,-0.6137481510468001f,2.7408203832984963f,0f,0f,0f,1f], start_interpolation: 0, interpolation_duration: 1 }
$data merge entity $(bone_right_whisker16) { transformation: [-0.06875509639604807f,-0.17902108522379698f,0.9814398543797088f,-0.9373628608966071f,0.9975754094892347f,-0.001714662137690887f,0.06957271243914706f,2.920492583944337f,-0.010772144724093366f,0.9838437431721809f,0.17870492415989972f,1.3149394321111383f,0f,0f,0f,1f], start_interpolation: 0, interpolation_duration: 1 }
$data merge entity $(bone_right_whisker15) { transformation: [0.2819024613544661f,-0.1127464554083551f,0.9527954864897007f,-1.0199514726215484f,0.2667058385526357f,0.9631400464564436f,0.03506061314089648f,2.8423561078058697f,-0.9216284489772597f,0.24423244605238686f,0.3015816876586488f,1.5849477667724448f,0f,0f,0f,1f], start_interpolation: 0, interpolation_duration: 1 }
$data merge entity $(bone_right_whisker14) { transformation: [0.5116421316072801f,-0.24494181198554527f,0.8235446787549515f,-1.1698466283658688f,-0.35087823794695805f,0.8153679043473311f,0.4604993406026546f,2.9451524665793927f,-0.784287441758184f,-0.52457476998182f,0.331231821235406f,1.8147194782250378f,0f,0f,0f,1f], start_interpolation: 0, interpolation_duration: 1 }
$data merge entity $(bone_right_whisker13) { transformation: [0.02261462809826209f,-0.31485367286535215f,0.948870772697302f,-1.1764720076915316f,0.06857040795366474f,0.9473669015716323f,0.31272040700861453f,2.9250634798742174f,-0.9973899326487337f,0.057992400275926254f,0.043013994945732104f,2.1069235600557215f,0f,0f,0f,1f], start_interpolation: 0, interpolation_duration: 1 }
$data merge entity $(bone_right_whisker12) { transformation: [-0.612472251474308f,-0.2881310021467235f,0.7361102273273459f,-0.93722503445938f,-0.40593367040629946f,0.9136861643516183f,0.019885881999493427f,3.083631319876678f,-0.6783034692558059f,-0.2866323754818226f,-0.676569497480625f,2.3718858527337705f,0f,0f,0f,1f], start_interpolation: 0, interpolation_duration: 1 }
$data merge entity $(bone_right_whisker11) { transformation: [-0.9631156527897713f,-0.1487378298971554f,0.2242438344945467f,-0.5610079825883756f,-0.17405154697543251f,0.9798882954675003f,-0.0975960419343738f,3.1516202054139564f,-0.20521768526808692f,-0.13302626193080083f,-0.9696338047376062f,2.452049011041617f,0f,0f,0f,1f], start_interpolation: 0, interpolation_duration: 1 }
$data merge entity $(bone_right_whisker10) { transformation: [-0.6149521755462866f,-0.5418325050010121f,0.5729322458329759f,-0.32079228901560736f,-0.5523134667689394f,0.8145230421080798f,0.17748816383262106f,3.3673676533705734f,-0.5628353722151486f,-0.2072914624371388f,-0.8001541060221506f,2.6719065783131595f,0f,0f,0f,1f], start_interpolation: 0, interpolation_duration: 1 }
$data merge entity $(bone_right_whisker1) { transformation: [-0.08856936543777325f,-0.6569584776986895f,0.7487062348383181f,-0.2861948806414772f,-0.7826222709525567f,0.5108712056934207f,0.3556866488953639f,3.6730794779614158f,-0.6161638162980794f,-0.5544512329981519f,-0.5593978742467792f,2.912595569054597f,0f,0f,0f,1f], start_interpolation: 0, interpolation_duration: 1 }
$data merge entity $(bone_left_whisker16) { transformation: [-0.1999411384325959f,0.46322265965895765f,-0.8633934843052498f,0.9014304123806909f,-0.9784196837373275f,-0.04750110589153674f,0.20109342956553783f,2.789402471424469f,0.05213888795924276f,0.88496802909346f,0.462723593352242f,1.0318506525207158f,0f,0f,0f,1f], start_interpolation: 0, interpolation_duration: 1 }
$data merge entity $(bone_left_whisker15) { transformation: [0.5050004366958782f,0.31301922757689754f,-0.8043590753538714f,1.0493797590689364f,-0.32280523316471993f,0.9327866227732268f,0.1603305891487622f,2.694830625770743f,0.8004819425686271f,0.17868430133193303f,0.572101896587554f,1.2663668466326183f,0f,0f,0f,1f], start_interpolation: 0, interpolation_duration: 1 }
$data merge entity $(bone_left_whisker14) { transformation: [0.7663724379386523f,0.18723894795967494f,-0.6145037532309471f,1.273902934246276f,0.25976681386326717f,0.7845571409659943f,0.5630197998068914f,2.770934184519747f,0.5875325427440538f,-0.5911105386695614f,0.5526245038816933f,1.4384955212646653f,0f,0f,0f,1f], start_interpolation: 0, interpolation_duration: 1 }
$data merge entity $(bone_left_whisker13) { transformation: [0.31035683706933886f,0.4458907465464736f,-0.8395594534209858f,1.3648277888564337f,-0.09230840366480272f,0.8931323810364257f,0.44022006832612837f,2.7438907068835743f,0.9461277885662019f,-0.05912691509315965f,0.31834920388528487f,1.7156813968211697f,0f,0f,0f,1f], start_interpolation: 0, interpolation_duration: 1 }
$data merge entity $(bone_left_whisker12) { transformation: [-0.31892902826918f,0.3128519573004474f,-0.8946552004770082f,1.2402461371887854f,0.4723345542561228f,0.870841258988202f,0.1361454020505785f,2.9283963921398724f,0.8216960166527199f,-0.37915584455092166f,-0.42550734630547865f,2.0366564033261385f,0f,0f,0f,1f], start_interpolation: 0, interpolation_duration: 1 }
$data merge entity $(bone_left_whisker11) { transformation: [-0.8236795137633606f,0.23640719914293215f,-0.5154257413051351f,0.9184963271249726f,0.3014346426379117f,0.9524307743164977f,-0.044863976112594905f,3.0461442994203067f,0.48030117095871083f,-0.19232071216660696f,-0.8557590366729528f,2.224274048231885f,0f,0f,0f,1f], start_interpolation: 0, interpolation_duration: 1 }
$data merge entity $(bone_left_whisker10) { transformation: [-0.3355416052851281f,0.5623596854097499f,-0.7557535414065398f,0.7874253875604695f,0.6200754813952754f,0.7358036555472844f,0.2722120090217751f,3.2883612843403363f,0.7091672782179795f,-0.37728578651878786f,-0.5955981924047472f,2.5012925162857833f,0f,0f,0f,1f], start_interpolation: 0, interpolation_duration: 1 }
$data merge entity $(bone_left_whisker1) { transformation: [0.20926615645778557f,0.525057091128858f,-0.8249380139238874f,0.869169979926792f,0.7740176299928906f,0.4266036829818172f,0.46787392118661425f,3.590711921056309f,0.5975821150449322f,-0.7364267436219649f,-0.317129732218179f,2.73472302997521f,0f,0f,0f,1f], start_interpolation: 0, interpolation_duration: 1 }
$data merge entity $(bone_upper_left_tooth1) { transformation: [-0.985911347684923f,0.09051745239124441f,-0.14066060329281108f,0.6973423535342498f,0.07028698189235777f,0.9872710099240666f,0.14267337922673992f,3.775057850483443f,0.15178456668107654f,0.13077669431558733f,-0.9797238904616571f,3.624268009696035f,0f,0f,0f,1f], start_interpolation: 0, interpolation_duration: 1 }
$data merge entity $(bone_upper_right_tooth1) { transformation: [-0.985911347684923f,0.09051745239124441f,-0.14066060329281108f,0.11965992325011521f,0.07028698189235777f,0.9872710099240666f,0.14267337922673992f,3.8162416289359964f,0.15178456668107654f,0.13077669431558733f,-0.9797238904616571f,3.7132042792357285f,0f,0f,0f,1f], start_interpolation: 0, interpolation_duration: 1 }
$data merge entity $(bone_top_lip1) { transformation: [-0.985911347684923f,0.036949822365909886f,-0.16313652298987644f,0.4422951022074083f,0.07028698189235777f,0.9765284523533838f,-0.20359745067354987f,3.8999882299953685f,0.15178456668107654f,-0.2121954108161458f,-0.9653675740079553f,3.6790786968453997f,0f,0f,0f,1f], start_interpolation: 0, interpolation_duration: 1 }
$data merge entity $(bone_muzzle1) { transformation: [-0.985911347684923f,0.09051745239124441f,-0.14066060329281108f,0.3868725594459641f,0.07028698189235777f,0.9872710099240666f,0.14267337922673992f,4.114272742790271f,0.15178456668107654f,0.13077669431558733f,-0.9797238904616571f,3.2198546332873037f,0f,0f,0f,1f], start_interpolation: 0, interpolation_duration: 1 }
$data merge entity $(bone_jaw_right_tooth1) { transformation: [-0.985911347684923f,-0.02107450155805318f,-0.16593577037570406f,0.12399271617505142f,0.07028698189235777f,0.8480021514038498f,-0.5253114232442557f,3.8455479232744327f,0.15178456668107654f,-0.5295736177327205f,-0.8345736808208822f,3.7277768987103634f,0f,0f,0f,1f], start_interpolation: 0, interpolation_duration: 1 }
$data merge entity $(bone_jaw_left_tooth1) { transformation: [-0.985911347684923f,-0.02107450155805318f,-0.16593577037570406f,0.7498153489828638f,0.07028698189235777f,0.8480021514038498f,-0.5253114232442557f,3.8009321632841666f,0.15178456668107654f,-0.5295736177327205f,-0.8345736808208822f,3.631429273375696f,0f,0f,0f,1f], start_interpolation: 0, interpolation_duration: 1 }
$data merge entity $(bone_tongue1) { transformation: [-0.985911347684923f,0.05102750196680429f,-0.15929535005494216f,0.3252414205843922f,0.07028698189235777f,0.9905571538051616f,-0.11771263832690598f,3.7339432407534074f,0.15178456668107654f,-0.12725061527727624f,-0.9801881075737413f,2.995651164544146f,0f,0f,0f,1f], start_interpolation: 0, interpolation_duration: 1 }
$data merge entity $(bone_jaw_lips1) { transformation: [-0.985911347684923f,0.05102750196680429f,-0.15929535005494216f,0.4921005036223004f,0.07028698189235777f,0.9905571538051616f,-0.11771263832690598f,3.7112303558487225f,0.15178456668107654f,-0.12725061527727624f,-0.9801881075737413f,3.7683025686082363f,0f,0f,0f,1f], start_interpolation: 0, interpolation_duration: 1 }
$data merge entity $(bone_jaw3) { transformation: [-0.985911347684923f,0.008060111610260587f,-0.16707438195884167f,0.36098329999234086f,0.07028698189235777f,0.9263384646275302f,-0.3700767341079056f,3.354260562331439f,0.15178456668107654f,-0.37660600573057795f,-0.9138541249921113f,3.081937598832871f,0f,0f,0f,1f], start_interpolation: 0, interpolation_duration: 1 }
$data merge entity $(bone_jaw1) { transformation: [-0.985911347684923f,0.123838788022384f,-0.11244006886891261f,0.27313949618850286f,0.07028698189235777f,0.9167039782591323f,0.3933364417649905f,3.661554657460338f,0.15178456668107654f,0.3798917883095493f,-0.9124931092848921f,2.3690523572040494f,0f,0f,0f,1f], start_interpolation: 0, interpolation_duration: 1 }
$data merge entity $(bone_tear_right1) { transformation: [-0.985911347684923f,0.10243238551224831f,-0.13223623143590002f,-0.13578826317161408f,0.07028698189235777f,0.9710793413292134f,0.2281768021076739f,4.212123861359406f,0.15178456668107654f,0.21566761287196404f,-0.9645978053445624f,3.2539085183758836f,0f,0f,0f,1f], start_interpolation: 0, interpolation_duration: 1 }
$data merge entity $(bone_right_pupil1) { transformation: [-0.985911347684923f,0.10243238551224831f,-0.13223623143590002f,0.04082547639260459f,0.07028698189235777f,0.9710793413292134f,0.2281768021076739f,4.282260576677821f,0.15178456668107654f,0.21566761287196404f,-0.9645978053445624f,3.307031784661581f,0f,0f,0f,1f], start_interpolation: 0, interpolation_duration: 1 }
$data merge entity $(bone_right_sad_pupil1) { transformation: [-0.985911347684923f,0.10243238551224831f,-0.13223623143590002f,0.03953410694498838f,0.07028698189235777f,0.9710793413292134f,0.2281768021076739f,4.2844888657609035f,0.15178456668107654f,0.21566761287196404f,-0.9645978053445624f,3.297611884218763f,0f,0f,0f,1f], start_interpolation: 0, interpolation_duration: 1 }
$data merge entity $(bone_right_happy_pupil1) { transformation: [-0.985911347684923f,0.10243238551224831f,-0.13223623143590002f,0.012963555128645887f,0.07028698189235777f,0.9710793413292134f,0.2281768021076739f,4.2624971462957015f,0.15178456668107654f,0.21566761287196404f,-0.9645978053445624f,3.2960522594998203f,0f,0f,0f,1f], start_interpolation: 0, interpolation_duration: 1 }
$data merge entity $(bone_eyelid_right1) { transformation: [-0.985911347684923f,0.10243238551224831f,-0.13223623143590002f,0.34064392076995337f,0.07028698189235777f,0.9710793413292134f,0.2281768021076739f,4.32206105664663f,0.15178456668107654f,0.21566761287196404f,-0.9645978053445624f,2.759018729864119f,0f,0f,0f,1f], start_interpolation: 0, interpolation_duration: 1 }
$data merge entity $(bone_eyelid_expressions_right5) { transformation: [-0.985911347684923f,0.10243238551224831f,-0.13223623143590002f,-0.06118488811449413f,0.07028698189235777f,0.9710793413292134f,0.2281768021076739f,4.387214368259642f,0.15178456668107654f,0.21566761287196404f,-0.9645978053445624f,3.3357192454340545f,0f,0f,0f,1f], start_interpolation: 0, interpolation_duration: 1 }
$data merge entity $(bone_eyelid_expressions_right7) { transformation: [-0.985911347684923f,0.10243238551224831f,-0.13223623143590002f,0.22765632702757316f,0.07028698189235777f,0.9710793413292134f,0.2281768021076739f,4.366622479033365f,0.15178456668107654f,0.21566761287196404f,-0.9645978053445624f,3.291251110664208f,0f,0f,0f,1f], start_interpolation: 0, interpolation_duration: 1 }
$data merge entity $(bone_eyelid_expressions_right6) { transformation: [-0.985911347684923f,0.10243238551224831f,-0.13223623143590002f,0.13137592198021739f,0.07028698189235777f,0.9710793413292134f,0.2281768021076739f,4.373486442108791f,0.15178456668107654f,0.21566761287196404f,-0.9645978053445624f,3.306073822254157f,0f,0f,0f,1f], start_interpolation: 0, interpolation_duration: 1 }
$data merge entity $(bone_right_eye1) { transformation: [-0.985911347684923f,0.10243238551224831f,-0.13223623143590002f,0.332307249712834f,0.07028698189235777f,0.9710793413292134f,0.2281768021076739f,4.32051916387109f,0.15178456668107654f,0.21566761287196404f,-0.9645978053445624f,2.769920901465932f,0f,0f,0f,1f], start_interpolation: 0, interpolation_duration: 1 }
$data merge entity $(bone_tear_left1) { transformation: [-0.985911347684923f,0.10243238551224831f,-0.13223623143590002f,0.9040401113398282f,0.07028698189235777f,0.9710793413292134f,0.2281768021076739f,4.137993060144811f,0.15178456668107654f,0.21566761287196404f,-0.9645978053445624f,3.0938232332044358f,0f,0f,0f,1f], start_interpolation: 0, interpolation_duration: 1 }
$data merge entity $(bone_left_sad_pupil1) { transformation: [-0.985911347684923f,0.10243238551224831f,-0.13223623143590002f,0.7616371448001565f,0.07028698189235777f,0.9710793413292134f,0.2281768021076739f,4.233009142695211f,0.15178456668107654f,0.21566761287196404f,-0.9645978053445624f,3.1864415472941463f,0f,0f,0f,1f], start_interpolation: 0, interpolation_duration: 1 }
$data merge entity $(bone_left_pupil1) { transformation: [-0.985911347684923f,0.10243238551224831f,-0.13223623143590002f,0.7629285142477727f,0.07028698189235777f,0.9710793413292134f,0.2281768021076739f,4.230780853612129f,0.15178456668107654f,0.21566761287196404f,-0.9645978053445624f,3.1958614477369642f,0f,0f,0f,1f], start_interpolation: 0, interpolation_duration: 1 }
$data merge entity $(bone_eyelid_left1) { transformation: [-0.985911347684923f,0.10243238551224831f,-0.13223623143590002f,0.3213878397604822f,0.07028698189235777f,0.9710793413292134f,0.2281768021076739f,4.323433849261716f,0.15178456668107654f,0.21566761287196404f,-0.9645978053445624f,2.761983272182109f,0f,0f,0f,1f], start_interpolation: 0, interpolation_duration: 1 }
$data merge entity $(bone_left_happy_pupil1) { transformation: [-0.985911347684923f,0.10243238551224831f,-0.13223623143590002f,0.783206795507492f,0.07028698189235777f,0.9710793413292134f,0.2281768021076739f,4.207585441692298f,0.15178456668107654f,0.21566761287196404f,-0.9645978053445624f,3.177470566780229f,0f,0f,0f,1f], start_interpolation: 0, interpolation_duration: 1 }
$data merge entity $(bone_eyelid_expressions_left5) { transformation: [-0.985911347684923f,0.10243238551224831f,-0.13223623143590002f,0.8823630813495923f,0.07028698189235777f,0.9710793413292134f,0.2281768021076739f,4.319947530120471f,0.15178456668107654f,0.21566761287196404f,-0.9645978053445624f,3.1904566718525555f,0f,0f,0f,1f], start_interpolation: 0, interpolation_duration: 1 }
$data merge entity $(bone_eyelid_expressions_left7) { transformation: [-0.985911347684923f,0.10243238551224831f,-0.13223623143590002f,0.5935218662075249f,0.07028698189235777f,0.9710793413292134f,0.2281768021076739f,4.340539419346748f,0.15178456668107654f,0.21566761287196404f,-0.9645978053445624f,3.2349248066224026f,0f,0f,0f,1f], start_interpolation: 0, interpolation_duration: 1 }
$data merge entity $(bone_eyelid_expressions_left6) { transformation: [-0.985911347684923f,0.10243238551224831f,-0.13223623143590002f,0.6898022712548807f,0.07028698189235777f,0.9710793413292134f,0.2281768021076739f,4.3336754562713224f,0.15178456668107654f,0.21566761287196404f,-0.9645978053445624f,3.2201020950324537f,0f,0f,0f,1f], start_interpolation: 0, interpolation_duration: 1 }
$data merge entity $(bone_left_eye1) { transformation: [-0.985911347684923f,0.10243238551224831f,-0.13223623143590002f,0.332307249712834f,0.07028698189235777f,0.9710793413292134f,0.2281768021076739f,4.32051916387109f,0.15178456668107654f,0.21566761287196404f,-0.9645978053445624f,2.769920901465932f,0f,0f,0f,1f], start_interpolation: 0, interpolation_duration: 1 }
$data merge entity $(bone_crest_middle5) { transformation: [-0.985911347684923f,0.07138317009476192f,-0.15127213072248655f,0.5105548083197408f,0.07028698189235777f,0.9974473824941817f,0.01258806307455504f,5.396035539239727f,0.15178456668107654f,0.0017782527176676555f,-0.9884120007035071f,3.429681593326168f,0f,0f,0f,1f], start_interpolation: 0, interpolation_duration: 1 }
$data merge entity $(bone_crest_middle4) { transformation: [-0.985911347684923f,0.07138317009476192f,-0.15127213072248655f,0.46872873209234117f,0.07028698189235777f,0.9974473824941817f,0.01258806307455504f,4.811593713559542f,0.15178456668107654f,0.0017782527176676555f,-0.9884120007035071f,3.4286396483744097f,0f,0f,0f,1f], start_interpolation: 0, interpolation_duration: 1 }
$data merge entity $(bone_crest_middle1) { transformation: [-0.985911347684923f,0.07138317009476192f,-0.15127213072248655f,0.44843872395623324f,0.07028698189235777f,0.9974473824941817f,0.01258806307455504f,4.372340363089666f,0.15178456668107654f,0.0017782527176676555f,-0.9884120007035071f,3.5002519556221174f,0f,0f,0f,1f], start_interpolation: 0, interpolation_duration: 1 }
$data merge entity $(bone_crest_left5) { transformation: [-0.6161203786910363f,-0.7870897798066444f,-0.02975495732717018f,-0.4821094283011753f,-0.7812348418400259f,0.6058521605282791f,0.15038378063609853f,4.9024099163910515f,-0.1003384316042647f,0.11590012125595134f,-0.9881798222166105f,3.5380927955983745f,0f,0f,0f,1f], start_interpolation: 0, interpolation_duration: 1 }
$data merge entity $(bone_crest_left4) { transformation: [-0.6161203786910363f,-0.7870897798066444f,-0.02975495732717018f,-0.09778824675496223f,-0.7812348418400259f,0.6058521605282791f,0.15038378063609853f,4.606583666133103f,-0.1003384316042647f,0.11590012125595134f,-0.9881798222166105f,3.481500939516367f,0f,0f,0f,1f], start_interpolation: 0, interpolation_duration: 1 }
$data merge entity $(bone_crest_left1) { transformation: [-0.6161203786910363f,-0.7870897798066444f,-0.02975495732717018f,0.32351217417013145f,-0.7812348418400259f,0.6058521605282791f,0.15038378063609853f,4.288517748888231f,-0.1003384316042647f,0.11590012125595134f,-0.9881798222166105f,3.3709989299444882f,0f,0f,0f,1f], start_interpolation: 0, interpolation_duration: 1 }
$data merge entity $(bone_crest_center1) { transformation: [-0.985911347684923f,0.10243238551224831f,-0.13223623143590002f,0.41729182056568753f,0.07028698189235777f,0.9710793413292134f,0.2281768021076739f,4.25794609754343f,0.15178456668107654f,0.21566761287196404f,-0.9645978053445624f,3.3509109631707865f,0f,0f,0f,1f], start_interpolation: 0, interpolation_duration: 1 }
$data merge entity $(bone_crest_right5) { transformation: [-0.44333918326056027f,0.8617012612299771f,-0.24682241587936388f,1.411705254856097f,0.8567651775253142f,0.48830756960968635f,0.16585881960842003f,4.7673972515554945f,0.26344600806593427f,-0.13793713733635266f,-0.954761513142196f,3.246533273809453f,0f,0f,0f,1f], start_interpolation: 0, interpolation_duration: 1 }
$data merge entity $(bone_crest_right4) { transformation: [-0.44333918326056027f,0.8617012612299771f,-0.24682241587936388f,0.9909526858961473f,0.8567651775253142f,0.48830756960968635f,0.16585881960842003f,4.528965821082015f,0.26344600806593427f,-0.13793713733635266f,-0.954761513142196f,3.313885391649469f,0f,0f,0f,1f], start_interpolation: 0, interpolation_duration: 1 }
$data merge entity $(bone_crest_right1) { transformation: [-0.44333918326056027f,0.8617012612299771f,-0.24682241587936388f,0.5160729842648429f,0.8567651775253142f,0.48830756960968635f,0.16585881960842003f,4.27478982273738f,0.26344600806593427f,-0.13793713733635266f,-0.954761513142196f,3.34135350676459f,0f,0f,0f,1f], start_interpolation: 0, interpolation_duration: 1 }
$data merge entity $(bone_head1) { transformation: [-0.985911347684923f,0.10243238551224831f,-0.13223623143590002f,0.25628034877010214f,0.07028698189235777f,0.9710793413292134f,0.2281768021076739f,4.3956590799773005f,0.15178456668107654f,0.21566761287196404f,-0.9645978053445624f,2.2412957319511784f,0f,0f,0f,1f], start_interpolation: 0, interpolation_duration: 1 }
$data merge entity $(bone_neck10) { transformation: [-1.2994032473259531f,0.062414433389493144f,-0.05546752462369214f,0.19803540745887355f,0.06981415536468943f,1.286579224828619f,-0.1877788297294173f,3.875892896346505f,0.04580602028037779f,-0.19036634074463632f,-1.2872775426309646f,1.3812203850500069f,0f,0f,0f,1f], start_interpolation: 0, interpolation_duration: 1 }
$data merge entity $(bone_neck9) { transformation: [-0.9979416939463321f,0.06297664941991676f,0.012096161017684959f,0.12914121622094976f,0.05361727132008148f,0.7159255827774064f,0.6961147521357524f,3.111235413980137f,0.03517902357533015f,0.6953304980746005f,-0.7178286249151772f,0.5922974591865697f,0f,0f,0f,1f], start_interpolation: 0, interpolation_duration: 1 }
$data merge entity $(bone_neck8) { transformation: [-0.9979416939463321f,0.0597325852828806f,0.02333224676168714f,0.07486451340781282f,0.05361727132008148f,0.5775981422962974f,0.8145585149220743f,2.61515112742215f,0.03517902357533015f,0.814132915604872f,-0.5796119667751836f,-0.19130299800423844f,0f,0f,0f,1f], start_interpolation: 0, interpolation_duration: 1 }
$data merge entity $(bone_neck7) { transformation: [-0.9993266111846656f,-0.01496858661426977f,0.033500232729682146f,0.08875138575503574f,0.02388795399768838f,0.42760418374847875f,0.9036503901922478f,2.2184480272648703f,-0.027851208806371094f,0.9038421341448784f,-0.42695867096530027f,-1.029828415423803f,0f,0f,0f,1f], start_interpolation: 0, interpolation_duration: 1 }
$data merge entity $(bone_neck6) { transformation: [-0.9849234732155017f,-0.14840852421436757f,0.08888566729021166f,0.21362075421918084f,0.07121396573551118f,0.1204190875936427f,0.9901655490004366f,2.133726919993604f,-0.1576525388103032f,0.9815671924446273f,-0.10803482643591261f,-1.848211037675558f,0f,0f,0f,1f], start_interpolation: 0, interpolation_duration: 1 }
$data merge entity $(bone_neck_spine6) { transformation: [-1.1055402841310418f,-0.011019298205415242f,-0.050999340661199745f,0.7162520309567717f,-0.04569286339919874f,-0.3178045798359256f,1.0591761368096688f,3.251701278438131f,-0.02518967874346823f,1.0601040050956f,0.31699630278984314f,-4.750999212040073f,0f,0f,0f,1f], start_interpolation: 0, interpolation_duration: 1 }
$data merge entity $(bone_neck_spine7) { transformation: [-0.9761882806342254f,0.18665113313618736f,-0.11053413613618335f,0.49360678730984875f,-0.14554343286215615f,-0.18571912625736536f,0.9717641253374708f,4.446902545169914f,0.16085257195051028f,0.9647122683169206f,0.20846268120632003f,-7.566175624370427f,0f,0f,0f,1f], start_interpolation: 0, interpolation_duration: 1 }
$data merge entity $(bone_tail6) { transformation: [-1.3224557293868158f,0.4641306066159168f,-0.5271507426707792f,-0.5104269184005832f,-0.2671613470787007f,0.7069698726987476f,1.2926765625659955f,3.925067346017674f,0.64956134438797f,1.2357065431495797f,-0.5415659523809037f,-10.81963399335823f,0f,0f,0f,1f], start_interpolation: 0, interpolation_duration: 1 }
$data merge entity $(bone_tail5) { transformation: [-1.0924634286238915f,0.45320632725639637f,-0.3622777122891519f,-0.22419134329128f,-0.2206985041084919f,0.389713528920497f,1.1530537690966403f,4.171202206388514f,0.5365941540596274f,1.0829796161878864f,-0.2633236098756272f,-10.135646867344828f,0f,0f,0f,1f], start_interpolation: 0, interpolation_duration: 1 }
$data merge entity $(bone_tail4) { transformation: [-0.882283651770996f,0.39304072463384077f,-0.2590261504113852f,-0.07065981023118595f,-0.15626950508473048f,0.27450302517651815f,0.9488034206038221f,4.278429950598092f,0.444021845856946f,0.877591635071942f,-0.18076925195824997f,-9.792837634894852f,0f,0f,0f,1f], start_interpolation: 0, interpolation_duration: 1 }
$data merge entity $(bone_segment18) { transformation: [-0.9260377019963394f,0.2745170812251902f,-0.2590261504113852f,0.06338173333580144f,-0.19076243243486043f,0.25175735028400276f,0.9488034206038221f,4.401358344291452f,0.3256744829624736f,0.9280401977789431f,-0.18076925195824997f,-9.339693007073102f,0f,0f,0f,1f], start_interpolation: 0, interpolation_duration: 1 }
$data merge entity $(bone_segment17) { transformation: [-0.9416121082418243f,0.2813127833453954f,-0.18501285236127207f,0.24194941807653092f,-0.19128018440646138f,0.005269307677975316f,0.9815213321421115f,4.40470311967298f,0.277089387501249f,0.9596016633598866f,0.04884791716256884f,-8.730570857479425f,0f,0f,0f,1f], start_interpolation: 0, interpolation_duration: 1 }
$data merge entity $(bone_segment16) { transformation: [-0.9565903328845072f,0.2692421614079752f,-0.1115508563493338f,0.4654414465890103f,-0.17919413953683552f,-0.24152478229033553f,0.9537060552891856f,4.204218681248385f,0.22983558337986087f,0.9322952526211682f,0.27928688933150986f,-7.956692962237244f,0f,0f,0f,1f], start_interpolation: 0, interpolation_duration: 1 }
$data merge entity $(bone_segment15) { transformation: [-0.9761882806342254f,0.20889948956836166f,-0.05845890873487978f,0.6796450247596937f,-0.14554343286215615f,-0.43090196347255993f,0.8905844188094645f,3.7623758476095293f,0.16085257195051028f,0.8778863828158919f,0.45104539567912144f,-7.056516495482668f,0f,0f,0f,1f], start_interpolation: 0, interpolation_duration: 1 }
$data merge entity $(bone_segment14) { transformation: [-0.9967975498710133f,0.06821720839751409f,-0.0417259757177088f,0.7495943107141759f,-0.0710456118500557f,-0.5159806013653067f,0.8536489559833994f,3.2332941762876817f,0.036703754685262296f,0.8538796352491063f,0.5191747325312137f,-6.1809563226198145f,0f,0f,0f,1f], start_interpolation: 0, interpolation_duration: 1 }
$data merge entity $(bone_segment13) { transformation: [-0.9988881626031059f,-0.0018033974850988786f,-0.047108240987135175f,0.7488071561403795f,-0.04128484598892309f,-0.448964144324221f,0.8925955179155287f,2.729216870551387f,-0.022759615617627765f,0.893547953312373f,0.4483905162112676f,-5.232037251112692f,0f,0f,0f,1f], start_interpolation: 0, interpolation_duration: 1 }
$data merge entity $(bone_segment12) { transformation: [-0.9900070229732651f,-0.13323363656065762f,-0.04620489749404952f,0.5926739882958588f,-0.003794425333576504f,-0.302365700365786f,0.9531844446793577f,2.3748820654352314f,-0.14096700606879947f,0.9438346154550226f,0.2988386217825078f,-4.125981061126336f,0f,0f,0f,1f], start_interpolation: 0, interpolation_duration: 1 }
$data merge entity $(bone_segment11) { transformation: [-1.0154387845092872f,-0.19959861090496106f,-0.02435018178934289f,0.36200572204101655f,0.004007836992403425f,-0.14542085478234817f,1.0248830051040343f,2.206824901621033f,-0.2010384890288584f,1.0052669453599097f,0.1434236954265662f,-2.9642335802288726f,0f,0f,0f,1f], start_interpolation: 0, interpolation_duration: 1 }
$data merge entity $(bone_segment10) { transformation: [-0.9912764768656018f,-0.1315524811236563f,-0.008055502661536443f,0.20758836288544838f,6.938893903907228e-18f,-0.061119656558723645f,0.9981304461753202f,2.150736424248053f,-0.13179888623550645f,0.9894232321369625f,0.06058647782076715f,-1.8028406419220466f,0f,0f,0f,1f], start_interpolation: 0, interpolation_duration: 1 }