# This file was generated by Animated Java via MC-Build. It is not recommended to edit this file directly.
$data merge entity $(bone_neck_spine5) { transformation: [-1.5698520272867418f,0.0371932762978378f,-0.07874305162096129f,0.09060052921120045f,-0.010635048055895734f,1.3291353475879835f,0.8398245763858431f,4.194723248007417f,0.08643323280542883f,0.8390679850566609f,-1.326843400057595f,0.21285592073914528f,0f,0f,0f,1f], start_interpolation: 0, interpolation_duration: 1 }
$data merge entity $(bone_neck_spine2) { transformation: [-1.4950971688445156f,-0.027981074178817223f,-0.07807558443547626f,0.07097977967198495f,-0.01012861719609117f,1.46065359082262f,-0.3295190137377643f,5.612601014131817f,0.08231736457659886f,-0.3284850510888029f,-1.458600597965179f,2.073833685898132f,0f,0f,0f,1f], start_interpolation: 0, interpolation_duration: 1 }
$data merge entity $(bone_scale_neck_left1) { transformation: [-1.5935649897383992f,0.4166588798846645f,0.0010402552496425583f,0.8709959022289284f,0.413775205610834f,1.5820430544983888f,0.19744602749306564f,4.730870164374756f,0.0489467418674602f,0.1912857348689051f,-1.6352581034607032f,2.19554710305014f,0f,0f,0f,1f], start_interpolation: 0, interpolation_duration: 1 }
$data merge entity $(bone_scale_neck_right1) { transformation: [-1.5835715402984878f,-0.41447281372978445f,-0.18321720517806797f,-0.6988561250578127f,-0.43529889006629396f,1.57641250757503f,0.1961977652923964f,4.72023511631886f,0.1259806886050372f,0.23704635301474933f,-1.6251132186585278f,2.2819803358555686f,0f,0f,0f,1f], start_interpolation: 0, interpolation_duration: 1 }
$data merge entity $(bone_blush_right1) { transformation: [-0.9762844814043853f,0.07525111993744493f,-0.2029923159066143f,-0.3650542505656409f,0.008137061719440715f,0.9497375355431551f,0.3129415309718224f,4.303269376824398f,0.21633862252391367f,0.3038681992716157f,-0.9278263403654163f,3.5989489642886547f,0f,0f,0f,1f], start_interpolation: 0, interpolation_duration: 1 }
$data merge entity $(bone_blush_left1) { transformation: [-0.9762844814043853f,0.07525111993744493f,-0.2029923159066143f,0.928713367857944f,0.008137061719440715f,0.9497375355431551f,0.3129415309718224f,4.2924861807762715f,0.21633862252391367f,0.3038681992716157f,-0.9278263403654163f,3.3122580358072575f,0f,0f,0f,1f], start_interpolation: 0, interpolation_duration: 1 }
$data merge entity $(bone_left_head_scales) { transformation: [-0.7722434909022249f,0.07525111993744493f,-0.6308543886724619f,0.9148198879135867f,-0.13728265605450368f,0.9497375355431551f,0.2813398050881441f,5.108691452089643f,0.620317227800233f,0.3038681992716157f,-0.7230979562726337f,3.166948936978573f,0f,0f,0f,1f], start_interpolation: 0, interpolation_duration: 1 }
$data merge entity $(bone_left_head_scales2) { transformation: [-0.6832938195856588f,0.07525111993744493f,-0.7262553442586164f,0.8814069427489789f,-0.17283039737907285f,0.9497375355431551f,0.2610139217019005f,4.202694433737747f,0.7093935507585566f,0.3038681992716157f,-0.6359441073031441f,3.050241222508991f,0f,0f,0f,1f], start_interpolation: 0, interpolation_duration: 1 }
$data merge entity $(bone_left_head_scales1) { transformation: [-0.9762844814043853f,0.07525111993744493f,-0.2029923159066143f,0.906368834404987f,0.008137061719440715f,0.9497375355431551f,0.3129415309718224f,5.00203147495345f,0.21633862252391367f,0.3038681992716157f,-0.9278263403654163f,3.1328231138181866f,0f,0f,0f,1f], start_interpolation: 0, interpolation_duration: 1 }
$data merge entity $(bone_right_head_scales) { transformation: [-0.9597063316367189f,0.07525111993744493f,0.27074162215025643f,-0.40087599522904194f,0.15171797984527113f,0.9497375355431551f,0.2738252511586248f,5.119657414172483f,-0.2365278241731021f,0.3038681992716157f,-0.9228860741518229f,3.458499033739316f,0f,0f,0f,1f], start_interpolation: 0, interpolation_duration: 1 }
$data merge entity $(bone_right_head_scales2) { transformation: [-0.916157037914382f,0.07525111993744493f,0.3936922031588965f,-0.43428894039364974f,0.18616137886304396f,0.9497375355431551f,0.2516794679750899f,4.213660395820587f,-0.35496510096029976f,0.3038681992716157f,-0.8841175796078652f,3.341791319269734f,0f,0f,0f,1f], start_interpolation: 0, interpolation_duration: 1 }
$data merge entity $(bone_right_head_scales1) { transformation: [-0.9762844814043853f,0.07525111993744493f,-0.2029923159066143f,-0.4093270487376417f,0.008137061719440715f,0.9497375355431551f,0.3129415309718224f,5.012997437036289f,0.21633862252391367f,0.3038681992716157f,-0.9278263403654163f,3.4243732105789295f,0f,0f,0f,1f], start_interpolation: 0, interpolation_duration: 1 }
$data merge entity $(bone_head_left_fin1) { transformation: [-0.29582318037580585f,0.16092460495583938f,-0.9926062237853055f,0.8575797422893775f,-0.012620698335449671f,1.0339920185211606f,0.17139551229024202f,4.628415390172457f,1.00548722615011f,0.06032391880105252f,-0.2898821500103362f,2.9267022842002075f,0f,0f,0f,1f], start_interpolation: 0, interpolation_duration: 1 }
$data merge entity $(bone_head_right_fin1) { transformation: [-0.6926269895289606f,-0.10392994084692982f,0.7798343534346099f,-0.45811614085325114f,0.02085915771107837f,1.036199508066392f,0.15662270923376728f,4.639381352255297f,-0.7864527620530092f,0.11901405338738161f,-0.6826440552591607f,3.2182523809609505f,0f,0f,0f,1f], start_interpolation: 0, interpolation_duration: 1 }
$data merge entity $(bone_right_whisker16) { transformation: [-0.11100412469342874f,-0.11560807436115161f,0.9870728734209813f,-1.2594489737845718f,0.989577811445282f,-0.10452843257524566f,0.09904323237116583f,3.337139967519994f,0.09172698292330471f,0.9877796211331098f,0.12600627237530296f,1.493430909204206f,0f,0f,0f,1f], start_interpolation: 0, interpolation_duration: 1 }
$data merge entity $(bone_right_whisker15) { transformation: [0.2110681694998029f,-0.1371433845121407f,0.9678026244583954f,-1.330560808235189f,0.3669611507561276f,0.92880479112383f,0.051586566285781954f,3.213505595439072f,-0.9059744707549665f,0.3442576826593333f,0.24636742128431885f,1.7986664486675492f,0f,0f,0f,1f], start_interpolation: 0, interpolation_duration: 1 }
$data merge entity $(bone_right_whisker14) { transformation: [0.4747606780886624f,-0.3118551576036483f,0.8230119435444405f,-1.4905143570052948f,-0.2492283523033723f,0.8492048927359608f,0.46554943729044684f,3.2974741321037824f,-0.8440897623765735f,-0.4261424771473846f,0.32544594362466883f,2.0830521596244997f,0f,0f,0f,1f], start_interpolation: 0, interpolation_duration: 1 }
$data merge entity $(bone_right_whisker13) { transformation: [-0.04400557623724044f,-0.349891815572155f,0.9357559653326554f,-1.4756882595425527f,0.16480875373154513f,0.9212874219781834f,0.3522322540572453f,3.2419477453485253f,-0.9853433837771907f,0.16972095775246523f,0.01712345018104272f,2.4150282020103697f,0f,0f,0f,1f], start_interpolation: 0, interpolation_duration: 1 }
$data merge entity $(bone_right_whisker12) { transformation: [-0.6370005470725003f,-0.34384153622000546f,0.6899299247019237f,-1.1895356700373279f,-0.3679421496102077f,0.9220949191536443f,0.11983127559720717f,3.4072342578687356f,-0.6773838480282469f,-0.1775217114634179f,-0.7138887619157095f,2.719321727491809f,0f,0f,0f,1f], start_interpolation: 0, interpolation_duration: 1 }
$data merge entity $(bone_right_whisker11) { transformation: [-0.9661211647621797f,-0.19781890521814036f,0.1657636140317466f,-0.7555359280543172f,-0.19950387760592722f,0.979874857967099f,0.00659284037094679f,3.4968551403870234f,-0.16373178621992934f,-0.026701001147035358f,-0.9861434777551277f,2.792873115832793f,0f,0f,0f,1f], start_interpolation: 0, interpolation_duration: 1 }
$data merge entity $(bone_right_whisker10) { transformation: [-0.6259726061449532f,-0.5875852495055611f,0.5127395741695613f,-0.4743372963876392f,-0.5246606133454158f,0.8037542428132662f,0.2805536632512312f,3.7325425252882845f,-0.5769658024182263f,-0.09339535172138247f,-0.8114109754721907f,3.0520569723878554f,0f,0f,0f,1f], start_interpolation: 0, interpolation_duration: 1 }
$data merge entity $(bone_right_whisker1) { transformation: [-0.09488980746662748f,-0.7118295097378503f,0.6959128347036849f,-0.43171101568974013f,-0.7233330997346559f,0.5295946447695811f,0.44307870526536897f,4.057477316184712f,-0.6839482080298194f,-0.4613331348361541f,-0.5651429796388221f,3.3592993314637507f,0f,0f,0f,1f], start_interpolation: 0, interpolation_duration: 1 }
$data merge entity $(bone_left_whisker16) { transformation: [-0.15506844348521348f,0.5203645238652469f,-0.839746711894467f,0.8345152986023905f,-0.9873601700196951f,-0.10982908866700003f,0.11426926945270545f,3.3196873531977773f,-0.03276694208729263f,0.8468520139818244f,0.5308182305847986f,1.0294213352213888f,0f,0f,0f,1f], start_interpolation: 0, interpolation_duration: 1 }
$data merge entity $(bone_left_whisker15) { transformation: [0.5681510671411396f,0.2844649375637713f,-0.7721943176449985f,1.0259333827466222f,-0.3734557280461425f,0.9252908021139599f,0.06608896059729086f,3.193864866697856f,0.7333042916115453f,0.25083187759960784f,0.6319400169984057f,1.2764818631569192f,0f,0f,0f,1f], start_interpolation: 0, interpolation_duration: 1 }
$data merge entity $(bone_left_whisker14) { transformation: [0.7907748025468042f,0.11610560183667522f,-0.6009947594440461f,1.292356533995301f,0.2386804633322605f,0.8456379579137915f,0.4774181401652957f,3.27427967123851f,0.5636549015847915f,-0.5209759431658393f,0.6409970503535125f,1.4663851258978888f,0f,0f,0f,1f], start_interpolation: 0, interpolation_duration: 1 }
$data merge entity $(bone_left_whisker13) { transformation: [0.37372576351060677f,0.40342436516837465f,-0.8352112518859576f,1.4182699992405736f,-0.16755688049694198f,0.915008739510424f,0.36699277706472416f,3.2178274019304585f,0.9122794229218085f,0.0027907361105648926f,0.409558867936483f,1.7737448924096308f,0f,0f,0f,1f], start_interpolation: 0, interpolation_duration: 1 }
$data merge entity $(bone_left_whisker12) { transformation: [-0.2853061263509904f,0.2512731647868248f,-0.9249120017194101f,1.2901051377938397f,0.3756293211968166f,0.9171348023593332f,0.13329053739304045f,3.386567136061841f,0.8817613210635924f,-0.30939546046980054f,-0.35604974612667345f,2.1698486108561665f,0f,0f,0f,1f], start_interpolation: 0, interpolation_duration: 1 }
$data merge entity $(bone_left_whisker11) { transformation: [-0.8032269583224807f,0.183565400606935f,-0.5666835070160693f,0.9292805276099128f,0.214250905910634f,0.9766961250317351f,0.012697584985569138f,3.4828126602013834f,0.5558084226966056f,-0.11121341217680795f,-0.8238377110884783f,2.4195281757394076f,0f,0f,0f,1f], start_interpolation: 0, interpolation_duration: 1 }
$data merge entity $(bone_left_whisker10) { transformation: [-0.3152401408997695f,0.5058251291428562f,-0.802972348398814f,0.7876687455650945f,0.5325053618379967f,0.7946409690644705f,0.29151975901825833f,3.722024053214546f,0.7855327448167121f,-0.3356883510220337f,-0.5198573244735811f,2.7724042134500397f,0f,0f,0f,1f], start_interpolation: 0, interpolation_duration: 1 }
$data merge entity $(bone_left_whisker1) { transformation: [0.2144080626371762f,0.45864434608544336f,-0.8623656686580403f,0.8839848674528885f,0.7223369480622215f,0.5198390682063592f,0.45606652654026225f,4.046511354101872f,0.6574636994848677f,-0.7207029256012497f,-0.21983806970011205f,3.0677492347030078f,0f,0f,0f,1f], start_interpolation: 0, interpolation_duration: 1 }
$data merge entity $(bone_upper_left_tooth1) { transformation: [-0.9762844814043853f,0.05727282064224046f,-0.20877843611027497f,0.743402260047651f,0.008137061719440715f,0.9733981490552502f,0.2289756136412492f,4.1498276503669125f,0.21633862252391367f,0.22184649519768018f,-0.9507795396268062f,4.116573906222248f,0f,0f,0f,1f], start_interpolation: 0, interpolation_duration: 1 }
$data merge entity $(bone_upper_right_tooth1) { transformation: [-0.9762844814043853f,0.05727282064224046f,-0.20877843611027497f,0.08555431847633677f,0.008137061719440715f,0.9733981490552502f,0.2289756136412492f,4.155310631408333f,0.21633862252391367f,0.22184649519768018f,-0.9507795396268062f,4.262348954602619f,0f,0f,0f,1f], start_interpolation: 0, interpolation_duration: 1 }
$data merge entity $(bone_top_lip1) { transformation: [-0.9762844814043853f,-0.017587583712636995f,-0.21577601411677202f,0.4489641778599515f,0.008137061719440715f,0.9930093299495434f,-0.11775507997421022f,4.272589572856974f,0.21633862252391367f,-0.11671823992979696f,-0.9693164874653408f,4.210793233764319f,0f,0f,0f,1f], start_interpolation: 0, interpolation_duration: 1 }
$data merge entity $(bone_muzzle1) { transformation: [-0.9762844814043853f,0.05727282064224046f,-0.20877843611027497f,0.34137820207614133f,0.008137061719440715f,0.9733981490552502f,0.2289756136412492f,4.565140508946573f,0.21633862252391367f,0.22184649519768018f,-0.9507795396268062f,3.714279840342626f,0f,0f,0f,1f], start_interpolation: 0, interpolation_duration: 1 }
$data merge entity $(bone_jaw_right_tooth1) { transformation: [-0.9762844814043853f,-0.09032666590667933f,-0.19674782030597832f,0.09018163035070945f,0.008137061719440715f,0.8928489303950402f,-0.450282773064889f,4.18745213195503f,0.21633862252391367f,-0.44120503274397915f,-0.870939561327788f,4.2820219808529085f,0f,0f,0f,1f], start_interpolation: 0, interpolation_duration: 1 }
$data merge entity $(bone_jaw_left_tooth1) { transformation: [-0.9762844814043853f,-0.09032666590667933f,-0.19674782030597832f,0.8028502337196332f,0.008137061719440715f,0.8928489303950402f,-0.450282773064889f,4.181512235826825f,0.21633862252391367f,-0.44120503274397915f,-0.870939561327788f,4.124099011774172f,0f,0f,0f,1f], start_interpolation: 0, interpolation_duration: 1 }
$data merge entity $(bone_tongue1) { transformation: [-0.9762844814043853f,0.0012854611307026795f,-0.2164877801601094f,0.27255668754535733f,0.008137061719440715f,0.9994936611088341f,-0.030760520636571087f,4.1515842152263565f,0.21633862252391367f,-0.03179259336607135f,-0.9758006104791671f,3.4192597334746013f,0f,0f,0f,1f], start_interpolation: 0, interpolation_duration: 1 }
$data merge entity $(bone_jaw_lips1) { transformation: [-0.9762844814043853f,0.0012854611307026795f,-0.2164877801601094f,0.5217120719853641f,0.008137061719440715f,0.9994936611088341f,-0.030760520636571087f,4.049679067832608f,0.21633862252391367f,-0.03179259336607135f,-0.9758006104791671f,4.2879136881803595f,0f,0f,0f,1f], start_interpolation: 0, interpolation_duration: 1 }
$data merge entity $(bone_jaw3) { transformation: [-0.9762844814043853f,-0.05478950043256749f,-0.20944383975500472f,0.33815473018872444f,0.008137061719440715f,0.9574753318992228f,-0.28840037626717274f,3.7099222847339473f,0.21633862252391367f,-0.28326506923166966f,-0.9343224823141275f,3.472342431084442f,0f,0f,0f,1f], start_interpolation: 0, interpolation_duration: 1 }
$data merge entity $(bone_jaw1) { transformation: [-0.9762844814043853f,0.10935713207482071f,-0.18684118666220417f,0.17028960154690032f,0.008137061719440715f,0.8809671617600504f,0.47310743824951107f,4.134979748786242f,0.21633862252391367f,0.4603671117323773f,-0.8609644143863581f,2.6988197150341984f,0f,0f,0f,1f], start_interpolation: 0, interpolation_duration: 1 }
$data merge entity $(bone_tear_right1) { transformation: [-0.9762844814043853f,0.07525111993744493f,-0.2029923159066143f,-0.26013761174541783f,0.008137061719440715f,0.9497375355431551f,0.3129415309718224f,4.644492060956885f,0.21633862252391367f,0.3038681992716157f,-0.9278263403654163f,3.800020747139749f,0f,0f,0f,1f], start_interpolation: 0, interpolation_duration: 1 }
$data merge entity $(bone_right_pupil1) { transformation: [-0.9762844814043853f,0.07525111993744493f,-0.2029923159066143f,-0.057100531995265935f,0.008137061719440715f,0.9497375355431551f,0.3129415309718224f,4.728557340726009f,0.21633862252391367f,0.3038681992716157f,-0.9278263403654163f,3.8565780580676305f,0f,0f,0f,1f], start_interpolation: 0, interpolation_duration: 1 }
$data merge entity $(bone_right_sad_pupil1) { transformation: [-0.9762844814043853f,0.07525111993744493f,-0.2029923159066143f,-0.05938023085554528f,0.008137061719440715f,0.9497375355431551f,0.3129415309718224f,4.732071820810164f,0.21633862252391367f,0.3038681992716157f,-0.9278263403654163f,3.8461581333467296f,0f,0f,0f,1f], start_interpolation: 0, interpolation_duration: 1 }
$data merge entity $(bone_right_happy_pupil1) { transformation: [-0.9762844814043853f,0.07525111993744493f,-0.2029923159066143f,-0.08890294723589326f,0.008137061719440715f,0.9497375355431551f,0.3129415309718224f,4.705635622457179f,0.21633862252391367f,0.3038681992716157f,-0.9278263403654163f,3.843700669361757f,0f,0f,0f,1f], start_interpolation: 0, interpolation_duration: 1 }
$data merge entity $(bone_eyelid_right1) { transformation: [-0.9762844814043853f,0.07525111993744493f,-0.2029923159066143f,0.2445287460700156f,0.008137061719440715f,0.9497375355431551f,0.3129415309718224f,4.850947587357377f,0.21633862252391367f,0.3038681992716157f,-0.9278263403654163f,3.214559918597405f,0f,0f,0f,1f], start_interpolation: 0, interpolation_duration: 1 }
$data merge entity $(bone_eyelid_expressions_right5) { transformation: [-0.9762844814043853f,0.07525111993744493f,-0.2029923159066143f,-0.1770163486292119f,0.008137061719440715f,0.9497375355431551f,0.3129415309718224f,4.839782699721708f,0.21633862252391367f,0.3038681992716157f,-0.9278263403654163f,3.908224096366662f,0f,0f,0f,1f], start_interpolation: 0, interpolation_duration: 1 }
$data merge entity $(bone_eyelid_expressions_right7) { transformation: [-0.9762844814043853f,0.07525111993744493f,-0.2029923159066143f,0.1519076221564453f,0.008137061719440715f,0.9497375355431551f,0.3129415309718224f,4.837041209200998f,0.21633862252391367f,0.3038681992716157f,-0.9278263403654163f,3.835336572176476f,0f,0f,0f,1f], start_interpolation: 0, interpolation_duration: 1 }
$data merge entity $(bone_eyelid_expressions_right6) { transformation: [-0.9762844814043853f,0.07525111993744493f,-0.2029923159066143f,0.04226629856122621f,0.008137061719440715f,0.9497375355431551f,0.3129415309718224f,4.837955039374568f,0.21633862252391367f,0.3038681992716157f,-0.9278263403654163f,3.8596324135732045f,0f,0f,0f,1f], start_interpolation: 0, interpolation_duration: 1 }
$data merge entity $(bone_right_eye1) { transformation: [-0.9762844814043853f,0.07525111993744493f,-0.2029923159066143f,0.23584431257077304f,0.008137061719440715f,0.9497375355431551f,0.3129415309718224f,4.847524490290578f,0.21633862252391367f,0.3038681992716157f,-0.9278263403654163f,3.2274094274579785f,0f,0f,0f,1f], start_interpolation: 0, interpolation_duration: 1 }
$data merge entity $(bone_tear_left1) { transformation: [-0.9762844814043853f,0.07525111993744493f,-0.2029923159066143f,0.9239886830829478f,0.008137061719440715f,0.9497375355431551f,0.3129415309718224f,4.63462269508233f,0.21633862252391367f,0.3038681992716157f,-0.9278263403654163f,3.5376256600550806f,0f,0f,0f,1f], start_interpolation: 0, interpolation_duration: 1 }
$data merge entity $(bone_left_sad_pupil1) { transformation: [-0.9762844814043853f,0.07525111993744493f,-0.2029923159066143f,0.7629296961085974f,0.008137061719440715f,0.9497375355431551f,0.3129415309718224f,4.7252180945083895f,0.21633862252391367f,0.3038681992716157f,-0.9278263403654163f,3.6639393228712653f,0f,0f,0f,1f], start_interpolation: 0, interpolation_duration: 1 }
$data merge entity $(bone_left_pupil1) { transformation: [-0.9762844814043853f,0.07525111993744493f,-0.2029923159066143f,0.765209394968877f,0.008137061719440715f,0.9497375355431551f,0.3129415309718224f,4.721703614424233f,0.21633862252391367f,0.3038681992716157f,-0.9278263403654163f,3.6743592475921663f,0f,0f,0f,1f], start_interpolation: 0, interpolation_duration: 1 }
$data merge entity $(bone_eyelid_left1) { transformation: [-0.9762844814043853f,0.07525111993744493f,-0.2029923159066143f,0.22260048135097177f,0.008137061719440715f,0.9497375355431551f,0.3129415309718224f,4.851130353392091f,0.21633862252391367f,0.3038681992716157f,-0.9278263403654163f,3.219419086876751f,0f,0f,0f,1f], start_interpolation: 0, interpolation_duration: 1 }
$data merge entity $(bone_left_happy_pupil1) { transformation: [-0.9762844814043853f,0.07525111993744493f,-0.2029923159066143f,0.7882276415258591f,0.008137061719440715f,0.9497375355431551f,0.3129415309718224f,4.698324981068619f,0.21633862252391367f,0.3038681992716157f,-0.9278263403654163f,3.649333938187928f,0f,0f,0f,1f], start_interpolation: 0, interpolation_duration: 1 }
$data merge entity $(bone_eyelid_expressions_left5) { transformation: [-0.9762844814043853f,0.07525111993744493f,-0.2029923159066143f,0.8974686226039348f,0.008137061719440715f,0.9497375355431551f,0.3129415309718224f,4.830827164020722f,0.21633862252391367f,0.3038681992716157f,-0.9278263403654163f,3.6701248506787216f,0f,0f,0f,1f], start_interpolation: 0, interpolation_duration: 1 }
$data merge entity $(bone_eyelid_expressions_left7) { transformation: [-0.9762844814043853f,0.07525111993744493f,-0.2029923159066143f,0.5685446518182776f,0.008137061719440715f,0.9497375355431551f,0.3129415309718224f,4.833568654541431f,0.21633862252391367f,0.3038681992716157f,-0.9278263403654163f,3.7430123748689077f,0f,0f,0f,1f], start_interpolation: 0, interpolation_duration: 1 }
$data merge entity $(bone_eyelid_expressions_left6) { transformation: [-0.9762844814043853f,0.07525111993744493f,-0.2029923159066143f,0.6781859754134967f,0.008137061719440715f,0.9497375355431551f,0.3129415309718224f,4.832654824367862f,0.21633862252391367f,0.3038681992716157f,-0.9278263403654163f,3.718716533472179f,0f,0f,0f,1f], start_interpolation: 0, interpolation_duration: 1 }
$data merge entity $(bone_left_eye1) { transformation: [-0.9762844814043853f,0.07525111993744493f,-0.2029923159066143f,0.23584431257077304f,0.008137061719440715f,0.9497375355431551f,0.3129415309718224f,4.847524490290578f,0.21633862252391367f,0.3038681992716157f,-0.9278263403654163f,3.2274094274579785f,0f,0f,0f,1f], start_interpolation: 0, interpolation_duration: 1 }
$data merge entity $(bone_crest_middle5) { transformation: [-0.9762844814043853f,0.029531789439001678f,-0.21446791084332614f,0.4368969225099376f,0.008137061719440715f,0.9949579079114482f,0.09996274161430344f,6.014383198560657f,0.21633862252391367f,0.09584693472930908f,-0.9716022671378712f,4.090823179118284f,0f,0f,0f,1f], start_interpolation: 0, interpolation_duration: 1 }
$data merge entity $(bone_crest_middle4) { transformation: [-0.9762844814043853f,0.029531789439001678f,-0.21446791084332614f,0.4169975722043603f,0.008137061719440715f,0.9949579079114482f,0.09996274161430344f,5.343952577018763f,0.21633862252391367f,0.09584693472930908f,-0.9716022671378712f,4.026238818802637f,0f,0f,0f,1f], start_interpolation: 0, interpolation_duration: 1 }
$data merge entity $(bone_crest_middle1) { transformation: [-0.9762844814043853f,0.029531789439001678f,-0.21446791084332614f,0.420137450329111f,0.008137061719440715f,0.9949579079114482f,0.09996274161430344f,4.832709861594254f,0.21633862252391367f,0.09584693472930908f,-0.9716022671378712f,4.059637514474373f,0f,0f,0f,1f], start_interpolation: 0, interpolation_duration: 1 }
$data merge entity $(bone_crest_left5) { transformation: [-0.5880234203367387f,-0.8027550864102828f,-0.09905921652174686f,-0.6696097894639432f,-0.7966284731695591f,0.5535790564232324f,0.2427618257162785f,5.383377837914609f,-0.14004118276785582f,0.22166303149596925f,-0.9650150090008948f,4.2265993033442655f,0f,0f,0f,1f], start_interpolation: 0, interpolation_duration: 1 }
$data merge entity $(bone_crest_left4) { transformation: [-0.5880234203367387f,-0.8027550864102828f,-0.09905921652174686f,-0.2188439938722317f,-0.7966284731695591f,0.5535790564232324f,0.2427618257162785f,5.072530223223829f,-0.14004118276785582f,0.22166303149596925f,-0.9650150090008948f,4.102130315931978f,0f,0f,0f,1f], start_interpolation: 0, interpolation_duration: 1 }
$data merge entity $(bone_crest_left1) { transformation: [-0.5880234203367387f,-0.8027550864102828f,-0.09905921652174686f,0.27143597410091547f,-0.7966284731695591f,0.5535790564232324f,0.2427618257162785f,4.74422949255097f,-0.14004118276785582f,0.22166303149596925f,-0.9650150090008948f,3.911026575269134f,0f,0f,0f,1f], start_interpolation: 0, interpolation_duration: 1 }
$data merge entity $(bone_crest_center1) { transformation: [-0.9762844814043853f,0.07525111993744493f,-0.2029923159066143f,0.3789645613623558f,0.008137061719440715f,0.9497375355431551f,0.3129415309718224f,4.716651009405278f,0.21633862252391367f,0.3038681992716157f,-0.9278263403654163f,3.878199387284943f,0f,0f,0f,1f], start_interpolation: 0, interpolation_duration: 1 }
$data merge entity $(bone_crest_right5) { transformation: [-0.46109111865057767f,0.8299364433326717f,-0.3140071342021928f,1.4870112634210666f,0.8053725533194579f,0.5399710231098116f,0.24455335728924282f,5.365402996618835f,0.3725184970726362f,-0.14013134635069435f,-0.9173838755443035f,3.7487053730668234f,0f,0f,0f,1f], start_interpolation: 0, interpolation_duration: 1 }
$data merge entity $(bone_crest_right4) { transformation: [-0.46109111865057767f,0.8299364433326717f,-0.3140071342021928f,1.020982498854381f,0.8053725533194579f,0.5399710231098116f,0.24455335728924282f,5.062196611571822f,0.3725184970726362f,-0.14013134635069435f,-0.9173838755443035f,3.8273924083711686f,0f,0f,0f,1f], start_interpolation: 0, interpolation_duration: 1 }
$data merge entity $(bone_crest_right1) { transformation: [-0.46109111865057767f,0.8299364433326717f,-0.3140071342021928f,0.4907186212913535f,0.8053725533194579f,0.5399710231098116f,0.24455335728924282f,4.7424018322038295f,0.3725184970726362f,-0.14013134635069435f,-0.9173838755443035f,3.862434892475677f,0f,0f,0f,1f], start_interpolation: 0, interpolation_duration: 1 }
$data merge entity $(bone_head1) { transformation: [-1.023319020222044f,0.07887649941359784f,-0.21277189362607346f,0.10623534850110841f,0.008529081619986683f,0.9954931199378119f,0.32801814118791267f,4.987490906351073f,0.22676118636946668f,0.3185076828302741f,-0.9725263072840622f,2.6372506562282485f,0f,0f,0f,1f], start_interpolation: 0, interpolation_duration: 1 }
$data merge entity $(bone_neck10) { transformation: [-1.4950971688445156f,-0.017550783468589907f,-0.08105990005409781f,0.05374540475314069f,-0.01012861719609117f,1.491168358995588f,-0.1360463815326507f,4.443207351810383f,0.08231736457659886f,-0.13528923391782208f,-1.4889979705691743f,1.6169263723730583f,0f,0f,0f,1f], start_interpolation: 0, interpolation_duration: 1 }
$data merge entity $(bone_neck9) { transformation: [-1.1437493341660552f,0.041023050371978544f,-0.048401636660554574f,0.006427399862553709f,-0.0077483921550097505f,0.7770094537387291f,0.8416557608180381f,3.5866699837619676f,0.06297278390109816f,0.8406911243954919f,-0.7755391739615257f,0.652117128650319f,0f,0f,0f,1f], start_interpolation: 0, interpolation_duration: 1 }
$data merge entity $(bone_neck8) { transformation: [-1.0615189898796062f,0.045088569245800764f,-0.037876014115343984f,-0.04082042565428915f,-0.0071913182092247325f,0.5794483224598886f,0.8913349897416531f,3.0522589025825893f,0.05844532884938519f,0.8902228933917089f,-0.5782538205787313f,-0.27178192742474394f,0f,0f,0f,1f], start_interpolation: 0, interpolation_duration: 1 }
$data merge entity $(bone_neck7) { transformation: [-1.0551482292453633f,-0.01201965550424264f,-0.030730360491500398f,-0.028672901474469464f,-0.032943308930047224f,0.4399793100097262f,0.9590409574226266f,2.607598961615313f,0.0018882719925132191f,0.959531316580615f,-0.44013940948744595f,-1.2415210239689825f,0f,0f,0f,1f], start_interpolation: 0, interpolation_duration: 1 }
$data merge entity $(bone_neck6) { transformation: [-1.0474496861826255f,-0.06830383242968605f,0.0005035922455038886f,0.03405482297261997f,-0.007172237909499529f,0.11767745982293078f,1.043032639310393f,2.5150673633244245f,-0.06792809531483937f,1.0408184828003644f,-0.11789474942446845f,-2.1990110926733966f,0f,0f,0f,1f], start_interpolation: 0, interpolation_duration: 1 }
$data merge entity $(bone_neck_spine6) { transformation: [-1.2564274198068068f,-0.20018689455800326f,-0.03606542002447919f,0.6004431269713095f,-0.008363231938162049f,-0.17463991634959108f,1.260720557651721f,3.4226401086160907f,-0.20323770227462165f,1.2447535801841827f,0.1710798921834519f,-5.670021956034515f,0f,0f,0f,1f], start_interpolation: 0, interpolation_duration: 1 }
$data merge entity $(bone_neck_spine7) { transformation: [-0.996458292473622f,0.007680173501974984f,-0.08373700672661197f,0.9712498560327542f,-0.0833916907809911f,-0.21818753383833686f,0.9723374033668727f,4.497831619584563f,-0.01080265102836625f,0.975876639239061f,0.21805524006140078f,-8.89537099506273f,0f,0f,0f,1f], start_interpolation: 0, interpolation_duration: 1 }
$data merge entity $(bone_tail6) { transformation: [-1.4560368977819682f,0.6855340104478321f,-0.6126186500131208f,-0.1986512419479723f,-0.3726119292412341f,0.6089616011401736f,1.5670443695221425f,4.331970743022273f,0.8404872634440772f,1.4575701788878759f,-0.36656823530166843f,-12.619403856945905f,0f,0f,0f,1f], start_interpolation: 0, interpolation_duration: 1 }
$data merge entity $(bone_tail5) { transformation: [-1.2028130894720606f,0.6455863952965426f,-0.40004901852463837f,0.20908753402879143f,-0.3078098545905847f,0.2706225405642483f,1.3622029486002851f,4.502890242326009f,0.6943155654538029f,1.2383706981216904f,-0.08913051566101556f,-11.83727499497431f,0f,0f,0f,1f], start_interpolation: 0, interpolation_duration: 1 }
$data merge entity $(bone_tail4) { transformation: [-0.8836530871311976f,0.502360921838247f,-0.25586309589017203f,0.42438507195946873f,-0.2052218525497761f,0.15644220891182384f,1.0159158550450924f,4.569936903288219f,0.5250870507494114f,0.9065509017731929f,-0.033529832308995575f,-11.448753179928655f,0f,0f,0f,1f], start_interpolation: 0, interpolation_duration: 1 }
$data merge entity $(bone_segment18) { transformation: [-0.8983830935574559f,0.36513227382123653f,-0.24410292874987843f,0.6294154014977608f,-0.21359554653862337f,0.12241919728474193f,0.9692215859312187f,4.638678151763537f,0.3837769661001057f,0.9228715851895609f,-0.03198870958174982f,-10.930539155041938f,0f,0f,0f,1f], start_interpolation: 0, interpolation_duration: 1 }
$data merge entity $(bone_segment17) { transformation: [-0.9464039805172488f,0.2795642265745168f,-0.161750885255378f,0.833491826658358f,-0.1997978914559852f,-0.11325584843052985f,0.9732697033022365f,4.5560035944375405f,0.25377215810811216f,0.9534238071372423f,0.16304212876762336f,-10.234558397390483f,0f,0f,0f,1f], start_interpolation: 0, interpolation_duration: 1 }
$data merge entity $(bone_segment16) { transformation: [-0.9799279424762826f,0.17288249802467767f,-0.09926162113801253f,0.9985237034348449f,-0.15400563241291482f,-0.3403401588091266f,0.9276048951395615f,4.231118335418086f,0.1265839355498841f,0.9242728050627294f,0.36013371000529365f,-9.352256964823278f,0f,0f,0f,1f], start_interpolation: 0, interpolation_duration: 1 }
$data merge entity $(bone_segment15) { transformation: [-0.996458292473622f,0.02909121005666366f,-0.07889596224137309f,1.0328280356061548f,-0.0833916907809911f,-0.4624124121656481f,0.8827347206176013f,3.68584198025205f,-0.01080265102836625f,0.8861876001008964f,0.4632006478386806f,-8.307265239118363f,0f,0f,0f,1f], start_interpolation: 0, interpolation_duration: 1 }
$data merge entity $(bone_segment14) { transformation: [-1.0336786607066955f,-0.15250956559166065f,-0.0832133212161791f,0.8612547743155367f,-0.0048288402154643565f,-0.4766295657705249f,0.9335288626286531f,3.1496337187602097f,-0.17366722985916938f,0.920999613171263f,0.46933421336676334f,-7.2711406743006926f,0f,0f,0f,1f], start_interpolation: 0, interpolation_duration: 1 }
$data merge entity $(bone_segment13) { transformation: [-1.0125326853737209f,-0.15382916973348157f,-0.0566370851313593f,0.6775363315756684f,-0.006739781032518826f,-0.3150263189742444f,0.9761181309290179f,2.7435042387013495f,-0.1637856777154304f,0.963944301666768f,0.3099665254227491f,-6.118670235008177f,0f,0f,0f,1f], start_interpolation: 0, interpolation_duration: 1 }
$data merge entity $(bone_segment12) { transformation: [-1.087896514032528f,-0.2448452290987666f,-0.031715449470596645f,0.38175014877178925f,0.002422808397650228f,-0.15388467390788876f,1.1048925370041232f,2.557603290356249f,-0.24687888922914764f,1.0774248011418297f,0.15060044199519132f,-4.817083226917376f,0f,0f,0f,1f], start_interpolation: 0, interpolation_duration: 1 }
$data merge entity $(bone_segment11) { transformation: [-1.1686107140056032f,-0.22687044186408434f,-0.001281639987041133f,0.11956489982646393f,0.0020445264380534443f,-0.0172556425297442f,1.190302862129583f,2.537661622789511f,-0.22686484942428908f,1.1684840119961537f,0.01732901285168403f,-3.466712199926647f,0f,0f,0f,1f], start_interpolation: 0, interpolation_duration: 1 }
$data merge entity $(bone_segment10) { transformation: [-1.045800644686218f,-0.07053549685078478f,-0.0009763621649418156f,0.03052121020269663f,0f,-0.014507623280088509f,1.0480766798722012f,2.5349737621479527f,-0.07054225399761622f,1.0457004688609206f,0.014474731436535665f,-2.146624695819929f,0f,0f,0f,1f], start_interpolation: 0, interpolation_duration: 1 }