# This file was generated by Animated Java via MC-Build. It is not recommended to edit this file directly.
$data merge entity $(bone_neck_spine5) { transformation: [-1.5692953480158318f,0.019372899899590044f,-0.09463612947491043f,0.03941911381682633f,-0.03593072137531968f,1.3127394284326783f,0.864548073768218f,4.194888866472871f,0.08966766147257707f,0.8650774990394605f,-1.3098167149255322f,0.23886330382361992f,0f,0f,0f,1f], start_interpolation: 0, interpolation_duration: 1 }
$data merge entity $(bone_neck_spine2) { transformation: [-1.4945669981103156f,-0.05068489524448472f,-0.0767776740830529f,0.003210980298841034f,-0.03421973464316159f,1.4662616737133078f,-0.30182775824040453f,5.5753376066207085f,0.08539777283102576f,-0.29950296705964685f,-1.464649949579078f,2.1275270702971367f,0f,0f,0f,1f], start_interpolation: 0, interpolation_duration: 1 }
$data merge entity $(bone_scale_neck_left1) { transformation: [-1.5994584058474977f,0.3933850360634774f,-0.0060085108630435f,0.8166504732557983f,0.388731884163789f,1.5840468378669705f,0.2296480318134564f,4.703501701812504f,0.06062516833729464f,0.22158273778130905f,-1.631036713295898f,2.230033606988038f,0f,0f,0f,1f], start_interpolation: 0, interpolation_duration: 1 }
$data merge entity $(bone_scale_neck_right1) { transformation: [-1.5765514918594756f,-0.4374519330946599f,-0.19020063245183944f,-0.7526448747600328f,-0.4614500801770837f,1.5650239231015117f,0.22543075314204258f,4.667570980437184f,0.12084824308982567f,0.2690557696637831f,-1.6205121955080755f,2.3197012684606153f,0f,0f,0f,1f], start_interpolation: 0, interpolation_duration: 1 }
$data merge entity $(bone_blush_right1) { transformation: [-0.9744394883683354f,0.06524152257511573f,-0.2149679679406623f,-0.40479041466153404f,-0.010358570124980447f,0.9428347006201548f,0.33309972580515423f,4.225700895002507f,0.2244111929771391f,0.3268122871597452f,-0.9180595544015612f,3.626562734124373f,0f,0f,0f,1f], start_interpolation: 0, interpolation_duration: 1 }
$data merge entity $(bone_blush_left1) { transformation: [-0.9744394883683354f,0.06524152257511573f,-0.2149679679406623f,0.8865322276390823f,-0.010358570124980447f,0.9428347006201548f,0.33309972580515423f,4.239428023576333f,0.2244111929771391f,0.3268122871597452f,-0.9180595544015612f,3.3291740731185353f,0f,0f,0f,1f], start_interpolation: 0, interpolation_duration: 1 }
$data merge entity $(bone_left_head_scales) { transformation: [-0.7650772213728032f,0.06524152257511573f,-0.640624998785211f,0.8606039904760141f,-0.16299650037659397f,0.9428347006201548f,0.29068000992755944f,5.058725584031976f,0.6229678853692648f,0.3268122871597452f,-0.7107072131053421f,3.204362047030688f,0f,0f,0f,1f], start_interpolation: 0, interpolation_duration: 1 }
$data merge entity $(bone_left_head_scales2) { transformation: [-0.6749135379518101f,0.06524152257511573f,-0.7350069795732904f,0.8382014257305628f,-0.19954339757061954f,0.9428347006201548f,0.266917889607416f,4.15553454177423f,0.7104042150602317f,0.3268122871597452f,-0.6233133884219654f,3.065395219830789f,0f,0f,0f,1f], start_interpolation: 0, interpolation_duration: 1 }
$data merge entity $(bone_left_head_scales1) { transformation: [-0.9744394883683354f,0.06524152257511573f,-0.2149679679406623f,0.8532770616711916f,-0.010358570124980447f,0.9428347006201548f,0.33309972580515423f,4.952840827614673f,0.2244111929771391f,0.3268122871597452f,-0.9180595544015612f,3.1676594952500525f,0f,0f,0f,1f], start_interpolation: 0, interpolation_duration: 1 }
$data merge entity $(bone_right_head_scales) { transformation: [-0.9635995435459113f,0.06524152257511573f,0.25926716608585865f,-0.4526054762703753f,0.14462017254240606f,0.9428347006201548f,0.30024612070817464f,5.044765792261982f,-0.22485756685492317f,0.3268122871597452f,-0.9179503274085693f,3.5067911938162855f,0f,0f,0f,1f], start_interpolation: 0, interpolation_duration: 1 }
$data merge entity $(bone_right_head_scales2) { transformation: [-0.9215146599138722f,0.06524152257511573f,0.38282407878280245f,-0.47500804101582667f,0.18257290978304233f,0.9428347006201548f,0.2788007530833734f,4.141574750004237f,-0.34275044008312183f,0.3268122871597452f,-0.8807473331121941f,3.3678243666163867f,0f,0f,0f,1f], start_interpolation: 0, interpolation_duration: 1 }
$data merge entity $(bone_right_head_scales1) { transformation: [-0.9744394883683354f,0.06524152257511573f,-0.2149679679406623f,-0.45993240507519784f,-0.010358570124980447f,0.9428347006201548f,0.33309972580515423f,4.9388810358446795f,0.2244111929771391f,0.3268122871597452f,-0.9180595544015612f,3.47008864203565f,0f,0f,0f,1f], start_interpolation: 0, interpolation_duration: 1 }
$data merge entity $(bone_head_left_fin1) { transformation: [-0.2871042160645947f,0.1477264231853075f,-0.9972077371520861f,0.807694746506828f,-0.04153146381875416f,1.0342480054011467f,0.16517081722263885f,4.583829705632957f,1.007234582734419f,0.08475355592421083f,-0.2774356287991786f,2.952698579925895f,0f,0f,0f,1f], start_interpolation: 0, interpolation_duration: 1 }
$data merge entity $(bone_head_right_fin1) { transformation: [-0.6994779699536173f,-0.11662759761488325f,0.7718832625788185f,-0.5055147202395613f,0.031043813349007212f,1.0314378466432494f,0.183976759917828f,4.569869913862964f,-0.7800269541672851f,0.14563368433055263f,-0.6848532534682085f,3.2551277267114926f,0f,0f,0f,1f], start_interpolation: 0, interpolation_duration: 1 }
$data merge entity $(bone_right_whisker16) { transformation: [-0.1233147664848332f,-0.1058445502656721f,0.9867068457986136f,-1.304115295675487f,0.9854163696774616f,-0.13054032841650653f,0.1091503597273218f,3.300151809539818f,0.11725206496469198f,0.9857769290442786f,0.12039850258847683f,1.504976562054108f,0f,0f,0f,1f], start_interpolation: 0, interpolation_duration: 1 }
$data merge entity $(bone_right_whisker15) { transformation: [0.19851126490905804f,-0.14650756467463194f,0.9690865860166028f,-1.3709965323880113f,0.3921231584571128f,0.9180527711200238f,0.05846826524246679f,3.168040003223701f,-0.8982386688992094f,0.36839468363693084f,0.23969282584637805f,1.807605801087533f,0f,0f,0f,1f], start_interpolation: 0, interpolation_duration: 1 }
$data merge entity $(bone_right_whisker14) { transformation: [0.4708531286215557f,-0.3266683433387544f,0.8195029742030266f,-1.5296335727927344f,-0.2218104464396886f,0.8552430536870774f,0.4683582442641838f,3.242771061838635f,-0.8538720379058673f,-0.4023022651941153f,0.3302354164867308f,2.0952872982335524f,0f,0f,0f,1f], start_interpolation: 0, interpolation_duration: 1 }
$data merge entity $(bone_right_whisker13) { transformation: [-0.05452681548761934f,-0.360608325261753f,0.9311221521071729f,-1.5112627218716126f,0.18859013101113314f,0.9120067557899817f,0.3642491453368647f,3.1792323946522667f,-0.9805409674654f,0.19546179459256646f,0.018278347208396495f,2.425645339030001f,0f,0f,0f,1f], start_interpolation: 0, interpolation_duration: 1 }
$data merge entity $(bone_right_whisker12) { transformation: [-0.6377873059024334f,-0.35751023687499167f,0.6822124177697908f,-1.2247567055482538f,-0.35955994931444824f,0.9215076548261656f,0.14676608922285841f,3.3407534656333664f,-0.6811343445156083f,-0.15169071371170978f,-0.7162722471902178f,2.731623657855372f,0f,0f,0f,1f], start_interpolation: 0, interpolation_duration: 1 }
$data merge entity $(bone_right_whisker11) { transformation: [-0.9647472030958786f,-0.21099331717264477f,0.15730433632663687f,-0.7913741729075269f,-0.20835363410487368f,0.9774872738186522f,0.03327751009122942f,3.434349824703915f,-0.16078431911717134f,-0.0006705453476013867f,-0.9869893378831223f,2.803850988708789f,0f,0f,0f,1f], start_interpolation: 0, interpolation_duration: 1 }
$data merge entity $(bone_right_whisker10) { transformation: [-0.6238354793359597f,-0.5989446603622396f,0.5020902195275618f,-0.5111355786745764f,-0.518558340817432f,0.7978502877486516f,0.30746083573044863f,3.6672959543679955f,-0.5847448519571127f,-0.06855809334393331f,-0.8083150660149163f,3.066529340173898f,0f,0f,0f,1f], start_interpolation: 0, interpolation_duration: 1 }
$data merge entity $(bone_right_whisker1) { transformation: [-0.0910940366467437f,-0.7226599512444298f,0.6851747743129488f,-0.470214429399672f,-0.7073576266689042f,0.5312549373096316f,0.46627607656566994f,3.985054263223167f,-0.7009615285311576f,-0.44218863220523635f,-0.5595731847289728f,3.3814144018187537f,0f,0f,0f,1f], start_interpolation: 0, interpolation_duration: 1 }
$data merge entity $(bone_left_whisker16) { transformation: [-0.1422549748592912f,0.5289261800244887f,-0.8366603959866185f,0.7858917802447921f,-0.9882394518920302f,-0.12379253422150158f,0.08976744507425195f,3.322369181799511f,-0.05609195888826668f,0.8395906767918051f,0.5403158220821931f,1.023652696553449f,0f,0f,0f,1f], start_interpolation: 0, interpolation_duration: 1 }
$data merge entity $(bone_left_whisker15) { transformation: [0.5792353947396836f,0.27430399740664013f,-0.7676220909324466f,0.98104433023033f,-0.38385548928975316f,0.9225261182362418f,0.04000655588895724f,3.1930428694899753f,0.7191253860231103f,0.2714827401119827f,0.6396528753928983f,1.2659361518053758f,0f,0f,0f,1f], start_interpolation: 0, interpolation_duration: 1 }
$data merge entity $(bone_left_whisker14) { transformation: [0.7922907292921321f,0.10048365120167617f,-0.6018126254233302f,1.2479782185172297f,0.23523802648577902f,0.8597838014115784f,0.4532492534194973f,3.2722978686477817f,0.5629728867119781f,-0.500674395861657f,0.6575611592511734f,1.4556096341448603f,0f,0f,0f,1f], start_interpolation: 0, interpolation_duration: 1 }
$data merge entity $(bone_left_whisker13) { transformation: [0.3836238939633435f,0.39128423036347126f,-0.8364982719941909f,1.377226503104489f,-0.18509173505529486f,0.9199995884459492f,0.3454588352807102f,3.2099378602551285f,0.9047506604554769f,0.022302652939733728f,0.42535730166205904f,1.760432854708473f,0f,0f,0f,1f], start_interpolation: 0, interpolation_duration: 1 }
$data merge entity $(bone_left_whisker12) { transformation: [-0.28277638233387004f,0.23647980989434708f,-0.9295777628076645f,1.250198050102946f,0.34977409433532214f,0.9278219387057152f,0.12963229917066849f,3.367062941694824f,0.8931380635299753f,-0.2884852675072017f,-0.3450806426115841f,2.1616472191848293f,0f,0f,0f,1f], start_interpolation: 0, interpolation_duration: 1 }
$data merge entity $(bone_left_whisker11) { transformation: [-0.8012571866532449f,0.1696702444413848f,-0.5737585981819602f,0.8902582982860585f,0.18958050295552853f,0.9815338362210098f,0.025506102258033292f,3.452226058256878f,0.5674911045431956f,-0.08833649588063282f,-0.818627210493198f,2.416574863803843f,0f,0f,0f,1f], start_interpolation: 0, interpolation_duration: 1 }
$data merge entity $(bone_left_whisker10) { transformation: [-0.31559855361792655f,0.4923993794550522f,-0.811135256333093f,0.7484855105280056f,0.5085718886833539f,0.8094515866511174f,0.2935008737789976f,3.6806860863763533f,0.801094368345777f,-0.31989213804072786f,-0.5058822323667955f,2.776441474584172f,0f,0f,0f,1f], start_interpolation: 0, interpolation_duration: 1 }
$data merge entity $(bone_left_whisker1) { transformation: [0.2103864249181758f,0.4456019303500344f,-0.8701588773772708f,0.8429950373467174f,0.7086257388339349f,0.543673894842953f,0.449742435543227f,3.99901405499316f,0.6734887634342602f,-0.711236680532308f,-0.20138339006277142f,3.0789852550331562f,0f,0f,0f,1f], start_interpolation: 0, interpolation_duration: 1 }
$data merge entity $(bone_upper_left_tooth1) { transformation: [-0.9744394883683354f,0.04625756597194003f,-0.21983612328006644f,0.7099443322908852f,-0.010358570124980447f,0.968278483946306f,0.24965872216209328f,4.074385876339699f,0.2244111929771391f,0.24555450538932305f,-0.9430496282537743f,4.1311675189956665f,0f,0f,0f,1f], start_interpolation: 0, interpolation_duration: 1 }
$data merge entity $(bone_upper_right_tooth1) { transformation: [-0.9744394883683354f,0.04625756597194003f,-0.21983612328006644f,0.053339598917690384f,-0.010358570124980447f,0.968278483946306f,0.24965872216209328f,4.067405980454703f,0.2244111929771391f,0.24555450538932305f,-0.9430496282537743f,4.282382092388465f,0f,0f,0f,1f], start_interpolation: 0, interpolation_duration: 1 }
$data merge entity $(bone_top_lip1) { transformation: [-0.9744394883683354f,-0.03172048899305831f,-0.2223994021720792f,0.4147152819907836f,-0.010358570124980447f,0.9952724581664929f,-0.09656828692791833f,4.19080319492284f,0.2244111929771391f,-0.09179621230349394f,-0.9701613638324857f,4.230808732010755f,0f,0f,0f,1f], start_interpolation: 0, interpolation_duration: 1 }
$data merge entity $(bone_muzzle1) { transformation: [-0.9744394883683354f,0.04625756597194003f,-0.21983612328006644f,0.299064558596371f,-0.010358570124980447f,0.968278483946306f,0.24965872216209328f,4.494105737622002f,0.2244111929771391f,0.24555450538932305f,-0.9430496282537743f,3.742629646008546f,0f,0f,0f,1f], start_interpolation: 0, interpolation_duration: 1 }
$data merge entity $(bone_jaw_right_tooth1) { transformation: [-0.9744394883683354f,-0.10587258484093509f,-0.19813803089653417f,0.05770742124651421f,-0.010358570124980447f,0.9022218852747039f,-0.43114773541829576f,4.09910897033421f,0.2244111929771391f,-0.418074952024703f,-0.880257320876185f,4.30281144860016f,0f,0f,0f,1f], start_interpolation: 0, interpolation_duration: 1 }
$data merge entity $(bone_jaw_left_tooth1) { transformation: [-0.9744394883683354f,-0.10587258484093509f,-0.19813803089653417f,0.7690292157341418f,-0.010358570124980447f,0.9022218852747039f,-0.43114773541829576f,4.106670524209623f,0.2244111929771391f,-0.418074952024703f,-0.880257320876185f,4.138995660757962f,0f,0f,0f,1f], start_interpolation: 0, interpolation_duration: 1 }
$data merge entity $(bone_tongue1) { transformation: [-0.9744394883683354f,-0.012216397872819598f,-0.224317728081108f,0.23322819336528233f,-0.010358570124980447f,0.9999016267552704f,-0.009457105113606618f,4.087105852388889f,0.2244111929771391f,-0.006891765751743856f,-0.9744701740081119f,3.437967966718672f,0f,0f,0f,1f], start_interpolation: 0, interpolation_duration: 1 }
$data merge entity $(bone_jaw_lips1) { transformation: [-0.9744394883683354f,-0.012216397872819598f,-0.224317728081108f,0.49105846146962256f,-0.010358570124980447f,0.9999016267552704f,-0.009457105113606618f,3.967046801912442f,0.2244111929771391f,-0.006891765751743856f,-0.9744701740081119f,4.30175737099189f,0f,0f,0f,1f], start_interpolation: 0, interpolation_duration: 1 }
$data merge entity $(bone_jaw3) { transformation: [-0.9744394883683354f,-0.06985783439109856f,-0.21351245041599515f,0.30511491609970065f,-0.010358570124980447f,0.9633831261164303f,-0.2679284463044192f,3.645185161529046f,0.2244111929771391f,-0.2588683744460106f,-0.939482187791901f,3.479495534850271f,0f,0f,0f,1f], start_interpolation: 0, interpolation_duration: 1 }
$data merge entity $(bone_jaw1) { transformation: [-0.9744394883683354f,0.10157915313995408f,-0.20037304997385927f,0.1250922540138114f,-0.010358570124980447f,0.8706687626122533f,0.4917607201029922f,4.087001433496578f,0.2244111929771391f,0.4812666427861143f,-0.8473618087971391f,2.7181939097590915f,0f,0f,0f,1f], start_interpolation: 0, interpolation_duration: 1 }
$data merge entity $(bone_tear_right1) { transformation: [-0.9744394883683354f,0.06524152257511573f,-0.2149679679406623f,-0.3027013833143447f,-0.010358570124980447f,0.9428347006201548f,0.33309972580515423f,4.563211405901887f,0.2244111929771391f,0.3268122871597452f,-0.9180595544015612f,3.835212603134308f,0f,0f,0f,1f], start_interpolation: 0, interpolation_duration: 1 }
$data merge entity $(bone_right_pupil1) { transformation: [-0.9744394883683354f,0.06524152257511573f,-0.2149679679406623f,-0.10032335674383303f,-0.010358570124980447f,0.9428347006201548f,0.33309972580515423f,4.648570433597222f,0.2244111929771391f,0.3268122871597452f,-0.9180595544015612f,3.892192662697771f,0f,0f,0f,1f], start_interpolation: 0, interpolation_duration: 1 }
$data merge entity $(bone_right_sad_pupil1) { transformation: [-0.9744394883683354f,0.06524152257511573f,-0.2149679679406623f,-0.10273754779004163f,-0.010358570124980447f,0.9428347006201548f,0.33309972580515423f,4.6523112996585105f,0.2244111929771391f,0.3268122871597452f,-0.9180595544015612f,3.881882423561425f,0f,0f,0f,1f], start_interpolation: 0, interpolation_duration: 1 }
$data merge entity $(bone_right_happy_pupil1) { transformation: [-0.9744394883683354f,0.06524152257511573f,-0.2149679679406623f,-0.13192743691310038f,-0.010358570124980447f,0.9428347006201548f,0.33309972580515423f,4.625549624112808f,0.2244111929771391f,0.3268122871597452f,-0.9180595544015612f,3.8790074296413595f,0f,0f,0f,1f], start_interpolation: 0, interpolation_duration: 1 }
$data merge entity $(bone_eyelid_right1) { transformation: [-0.9744394883683354f,0.06524152257511573f,-0.2149679679406623f,0.19421115626744095f,-0.010358570124980447f,0.9428347006201548f,0.33309972580515423f,4.790890994763094f,0.2244111929771391f,0.3268122871597452f,-0.9180595544015612f,3.250989758945672f,0f,0f,0f,1f], start_interpolation: 0, interpolation_duration: 1 }
$data merge entity $(bone_eyelid_expressions_right5) { transformation: [-0.9744394883683354f,0.06524152257511573f,-0.2149679679406623f,-0.22125950935922353f,-0.010358570124980447f,0.9428347006201548f,0.33309972580515423f,4.7568582464204665f,0.2244111929771391f,0.3268122871597452f,-0.9180595544015612f,3.947567687927908f,0f,0f,0f,1f], start_interpolation: 0, interpolation_duration: 1 }
$data merge entity $(bone_eyelid_expressions_right7) { transformation: [-0.9744394883683354f,0.06524152257511573f,-0.2149679679406623f,0.10704285732737383f,-0.010358570124980447f,0.9428347006201548f,0.33309972580515423f,4.760348194362964f,0.2244111929771391f,0.3268122871597452f,-0.9180595544015612f,3.8719604012315085f,0f,0f,0f,1f], start_interpolation: 0, interpolation_duration: 1 }
$data merge entity $(bone_eyelid_expressions_right6) { transformation: [-0.9744394883683354f,0.06524152257511573f,-0.2149679679406623f,-0.0023912649014919962f,-0.010358570124980447f,0.9428347006201548f,0.33309972580515423f,4.759184878382132f,0.2244111929771391f,0.3268122871597452f,-0.9180595544015612f,3.8971628301303083f,0f,0f,0f,1f], start_interpolation: 0, interpolation_duration: 1 }
$data merge entity $(bone_right_eye1) { transformation: [-0.9744394883683354f,0.06524152257511573f,-0.2149679679406623f,0.18568193509076297f,-0.010358570124980447f,0.9428347006201548f,0.33309972580515423f,4.787033797103723f,0.2244111929771391f,0.3268122871597452f,-0.9180595544015612f,3.263820240971898f,0f,0f,0f,1f], start_interpolation: 0, interpolation_duration: 1 }
$data merge entity $(bone_tear_left1) { transformation: [-0.9744394883683354f,0.06524152257511573f,-0.2149679679406623f,0.8791871367574058f,-0.010358570124980447f,0.9428347006201548f,0.33309972580515423f,4.575775218494881f,0.2244111929771391f,0.3268122871597452f,-0.9180595544015612f,3.5630263710272705f,0f,0f,0f,1f], start_interpolation: 0, interpolation_duration: 1 }
$data merge entity $(bone_left_sad_pupil1) { transformation: [-0.9744394883683354f,0.06524152257511573f,-0.2149679679406623f,0.7180183689264519f,-0.010358570124980447f,0.9428347006201548f,0.33309972580515423f,4.661036169514756f,0.2244111929771391f,0.3268122871597452f,-0.9180595544015612f,3.6928642068204267f,0f,0f,0f,1f], start_interpolation: 0, interpolation_duration: 1 }
$data merge entity $(bone_left_pupil1) { transformation: [-0.9744394883683354f,0.06524152257511573f,-0.2149679679406623f,0.7204325599726604f,-0.010358570124980447f,0.9428347006201548f,0.33309972580515423f,4.657295303453468f,0.2244111929771391f,0.3268122871597452f,-0.9180595544015612f,3.703174445956772f,0f,0f,0f,1f], start_interpolation: 0, interpolation_duration: 1 }
$data merge entity $(bone_eyelid_left1) { transformation: [-0.9744394883683354f,0.06524152257511573f,-0.2149679679406623f,0.1723243318216678f,-0.010358570124980447f,0.9428347006201548f,0.33309972580515423f,4.790658331566927f,0.2244111929771391f,0.3268122871597452f,-0.9180595544015612f,3.2560302447254323f,0f,0f,0f,1f], start_interpolation: 0, interpolation_duration: 1 }
$data merge entity $(bone_left_happy_pupil1) { transformation: [-0.9744394883683354f,0.06524152257511573f,-0.2149679679406623f,0.743545540917826f,-0.010358570124980447f,0.9428347006201548f,0.33309972580515423f,4.63485615195947f,0.2244111929771391f,0.3268122871597452f,-0.9180595544015612f,3.677387998450961f,0f,0f,0f,1f], start_interpolation: 0, interpolation_duration: 1 }
$data merge entity $(bone_eyelid_expressions_left5) { transformation: [-0.9744394883683354f,0.06524152257511573f,-0.2149679679406623f,0.8511948884836611f,-0.010358570124980447f,0.9428347006201548f,0.33309972580515423f,4.768258743032628f,0.2244111929771391f,0.3268122871597452f,-0.9180595544015612f,3.70058388471967f,0f,0f,0f,1f], start_interpolation: 0, interpolation_duration: 1 }
$data merge entity $(bone_eyelid_expressions_left7) { transformation: [-0.9744394883683354f,0.06524152257511573f,-0.2149679679406623f,0.5228925217970638f,-0.010358570124980447f,0.9428347006201548f,0.33309972580515423f,4.76476879509013f,0.2244111929771391f,0.3268122871597452f,-0.9180595544015612f,3.776191171416069f,0f,0f,0f,1f], start_interpolation: 0, interpolation_duration: 1 }
$data merge entity $(bone_eyelid_expressions_left6) { transformation: [-0.9744394883683354f,0.06524152257511573f,-0.2149679679406623f,0.6323266440259296f,-0.010358570124980447f,0.9428347006201548f,0.33309972580515423f,4.7659321110709625f,0.2244111929771391f,0.3268122871597452f,-0.9180595544015612f,3.7509887425172694f,0f,0f,0f,1f], start_interpolation: 0, interpolation_duration: 1 }
$data merge entity $(bone_left_eye1) { transformation: [-0.9744394883683354f,0.06524152257511573f,-0.2149679679406623f,0.18568193509076297f,-0.010358570124980447f,0.9428347006201548f,0.33309972580515423f,4.787033797103723f,0.2244111929771391f,0.3268122871597452f,-0.9180595544015612f,3.263820240971898f,0f,0f,0f,1f], start_interpolation: 0, interpolation_duration: 1 }
$data merge entity $(bone_crest_middle5) { transformation: [-0.9744394883683354f,0.017167453998375055f,-0.22399321871804653f,0.3785736279745841f,-0.010358570124980447f,0.9925817296457304f,0.1211371536666436f,5.934716775040566f,0.2244111929771391f,0.12036107550493164f,-0.9670330025236331f,4.154371351552094f,0f,0f,0f,1f], start_interpolation: 0, interpolation_duration: 1 }
$data merge entity $(bone_crest_middle4) { transformation: [-0.9744394883683354f,0.017167453998375055f,-0.22399321871804653f,0.3670057146358353f,-0.010358570124980447f,0.9925817296457304f,0.1211371536666436f,5.265887289244127f,0.2244111929771391f,0.12036107550493164f,-0.9670330025236331f,4.073268673721623f,0f,0f,0f,1f], start_interpolation: 0, interpolation_duration: 1 }
$data merge entity $(bone_crest_middle1) { transformation: [-0.9744394883683354f,0.017167453998375055f,-0.22399321871804653f,0.3771964764520237f,-0.010358570124980447f,0.9925817296457304f,0.1211371536666436f,4.754061928722754f,0.2244111929771391f,0.12036107550493164f,-0.9670330025236331f,4.093893767239207f,0f,0f,0f,1f], start_interpolation: 0, interpolation_duration: 1 }
$data merge entity $(bone_crest_left5) { transformation: [-0.5785900975096467f,-0.8081076254606336f,-0.11043353085070556f,-0.7182925745840045f,-0.8007443769897767f,0.5370674628270506f,0.26526775735427954f,5.285717400147845f,-0.15505464128181312f,0.24191032645360738f,-0.9578295527765245f,4.28338441209514f,0f,0f,0f,1f], start_interpolation: 0, interpolation_duration: 1 }
$data merge entity $(bone_crest_left4) { transformation: [-0.5785900975096467f,-0.8081076254606336f,-0.11043353085070556f,-0.26452120286538705f,-0.8007443769897767f,0.5370674628270506f,0.26526775735427954f,4.984141432251795f,-0.15505464128181312f,0.24191032645360738f,-0.9578295527765245f,4.147546094018163f,0f,0f,0f,1f], start_interpolation: 0, interpolation_duration: 1 }
$data merge entity $(bone_crest_left1) { transformation: [-0.5785900975096467f,-0.8081076254606336f,-0.11043353085070556f,0.22842620443923645f,-0.8007443769897767f,0.5370674628270506f,0.26526775735427954f,4.667303273862891f,-0.15505464128181312f,0.24191032645360738f,-0.9578295527765245f,3.944339569832073f,0f,0f,0f,1f], start_interpolation: 0, interpolation_duration: 1 }
$data merge entity $(bone_crest_center1) { transformation: [-0.9744394883683354f,0.06524152257511573f,-0.2149679679406623f,0.33602861791306876f,-0.010358570124980447f,0.9428347006201548f,0.33309972580515423f,4.641995739570619f,0.2244111929771391f,0.3268122871597452f,-0.9180595544015612f,3.90996162043628f,0f,0f,0f,1f], start_interpolation: 0, interpolation_duration: 1 }
$data merge entity $(bone_crest_right5) { transformation: [-0.468541813406325f,0.8214984260638611f,-0.32497523761743974f,1.4342528723687593f,0.7896130656474066f,0.5543906406767851f,0.26298711772421135f,5.308599573156661f,0.3962067334723338f,-0.1333842325935962f,-0.9084210867469997f,3.787658102299303f,0f,0f,0f,1f], start_interpolation: 0, interpolation_duration: 1 }
$data merge entity $(bone_crest_right4) { transformation: [-0.468541813406325f,0.8214984260638611f,-0.32497523761743974f,0.9729622522645405f,0.7896130656474066f,0.5543906406767851f,0.26298711772421135f,4.997296234886005f,0.3962067334723338f,-0.1333842325935962f,-0.9084210867469997f,3.862556475093559f,0f,0f,0f,1f], start_interpolation: 0, interpolation_duration: 1 }
$data merge entity $(bone_crest_right1) { transformation: [-0.468541813406325f,0.8214984260638611f,-0.32497523761743974f,0.447294448896968f,0.7896130656474066f,0.5543906406767851f,0.26298711772421135f,4.669629905824556f,0.3962067334723338f,-0.1333842325935962f,-0.9084210867469997f,3.893934712034474f,0f,0f,0f,1f], start_interpolation: 0, interpolation_duration: 1 }
$data merge entity $(bone_head1) { transformation: [-1.0213851408027468f,0.0683846688450106f,-0.22532449764613682f,0.04923796314687819f,-0.010857615821105802f,0.9882577265614899f,0.34914749905357945f,4.93983905226593f,0.23522266972213135f,0.34255714995259734f,-0.9622889860589275f,2.6784058125825694f,0f,0f,0f,1f], start_interpolation: 0, interpolation_duration: 1 }
$data merge entity $(bone_neck10) { transformation: [-1.4945669981103156f,-0.04022978149384122f,-0.08273653681721078f,0.0023571151127678783f,-0.03421973464316159f,1.4931140298218561f,-0.10786002685942807f,4.415054574182031f,0.08539777283102576f,-0.10576549680364891f,-1.4912126480704906f,1.6476464498734396f,0f,0f,0f,1f], start_interpolation: 0, interpolation_duration: 1 }
$data merge entity $(bone_neck9) { transformation: [-1.1433437535543922f,0.03147896096153015f,-0.06294668159222357f,-0.03453493853052723f,-0.026178097002018633f,0.760808827441017f,0.8559630738669247f,3.5770952627876604f,0.06532929621573474f,0.8557845240498008f,-0.7586521468705859f,0.6662111223818984f,0f,0f,0f,1f], start_interpolation: 0, interpolation_duration: 1 }
$data merge entity $(bone_neck8) { transformation: [-1.0611425686583242f,0.03853369707281543f,-0.05274220860025662f,-0.07598999766699287f,-0.02429601159664473f,0.5640058937119202f,0.9008868924985158f,3.0586854870115356f,0.060632418710028294f,0.9003902728511882f,-0.5620597866359529f,-0.26703579509038267f,0f,0f,0f,1f], start_interpolation: 0, interpolation_duration: 1 }
$data merge entity $(bone_neck7) { transformation: [-1.054591064759752f,-0.00959650042243324f,-0.04660693255877947f,-0.06629140681453374f,-0.046474417561359685f,0.4297690074216621f,0.9631019372974677f,2.624344468872622f,0.010218977210502089f,0.9641748390688514f,-0.42975465682797387f,-1.2414678132982644f,0f,0f,0f,1f], start_interpolation: 0, interpolation_duration: 1 }
$data merge entity $(bone_neck6) { transformation: [-1.0486264451149057f,-0.04004981542082878f,-0.024394735174748418f,-0.02987865603220846f,-0.028475599713265975f,0.10996596436417413f,1.0435100091116711f,2.5389010836326045f,-0.03725897261678601f,1.0431299109794654f,-0.11094264280846586f,-2.2009768727986687f,0f,0f,0f,1f], start_interpolation: 0, interpolation_duration: 1 }
$data merge entity $(bone_neck_spine6) { transformation: [-1.250354261988757f,-0.23639952969061861f,-0.026736686505906482f,0.4979543094046287f,-0.004883438462573141f,-0.1175064799144268f,1.2673412120355008f,3.3637555796096246f,-0.23785655356126517f,1.2451075688698081f,0.11452846976966993f,-5.713718536489124f,0f,0f,0f,1f], start_interpolation: 0, interpolation_duration: 1 }
$data merge entity $(bone_neck_spine7) { transformation: [-0.995889499041843f,-0.04156271911201591f,-0.08047761227945832f,1.003640173546891f,-0.06979263392398295f,-0.21420521829375358f,0.974292108510419f,4.332058348571287f,-0.05773295374515364f,0.9759040243977586f,0.21042395589884458f,-8.92835312413363f,0f,0f,0f,1f], start_interpolation: 0, interpolation_duration: 1 }
$data merge entity $(bone_tail6) { transformation: [-1.461224459749536f,0.6929346061452305f,-0.5915797895154618f,-0.10392919475667783f,-0.38980531565708987f,0.5351323794104308f,1.5896499897521883f,4.2920778264357615f,0.8235149249663178f,1.4828273350731067f,-0.29723425146647386f,-12.660698923351491f,0f,0f,0f,1f], start_interpolation: 0, interpolation_duration: 1 }
$data merge entity $(bone_tail5) { transformation: [-1.2070984667496167f,0.6485890596638422f,-0.38187152613795755f,0.3057060008204856f,-0.3220130868471612f,0.20731700666818592f,1.3700027627217182f,4.423014883278826f,0.6802949380156538f,1.248972469532596f,-0.029101664553102317f,-11.871874205751958f,0f,0f,0f,1f], start_interpolation: 0, interpolation_duration: 1 }
$data merge entity $(bone_tail4) { transformation: [-0.8865299448009096f,0.5040026416323999f,-0.242324559679848f,0.521707132948657f,-0.21633796041638262f,0.10974760087277192f,1.0197198384903194f,4.470049569367157f,0.5156915181378778f,0.9124757527493028f,0.011200749547124111f,-11.480813168859399f,0f,0f,0f,1f], start_interpolation: 0, interpolation_duration: 1 }
$data merge entity $(bone_segment18) { transformation: [-0.9013086804985584f,0.36632689007115493f,-0.23118666066350718f,0.7274082675100966f,-0.21829526638234772f,0.07686766483329843f,0.9728507279013235f,4.513212564756949f,0.37415216040136323f,0.92730575956039f,0.010685932487194183f,-10.9601092511375f,0f,0f,0f,1f], start_interpolation: 0, interpolation_duration: 1 }
$data merge entity $(bone_segment17) { transformation: [-0.9527009970471463f,0.2612631279764374f,-0.15524943859911777f,0.9181252481374278f,-0.19813778168799068f,-0.14662121063584946f,0.9691458301305534f,4.406181944688299f,0.23043921040729085f,0.9540669780217977f,0.19145227017515043f,-10.26365899130225f,0f,0f,0f,1f], start_interpolation: 0, interpolation_duration: 1 }
$data merge entity $(bone_segment16) { transformation: [-0.9853929457720889f,0.13690806616584686f,-0.1012764722990154f,1.0488162976267983f,-0.14468551976952698f,-0.35940671734565144f,0.9218963672213079f,4.063095942534613f,0.0898156043882518f,0.9230834160277991f,0.37396545864935443f,-9.382492937428056f,0f,0f,0f,1f], start_interpolation: 0, interpolation_duration: 1 }
$data merge entity $(bone_segment15) { transformation: [-0.995889499041843f,-0.01931736503879411f,-0.0884926274112433f,1.0260372758647438f,-0.06979263392398295f,-0.4590717056514123f,0.8856535199050788f,3.5217589458802374f,-0.05773295374515364f,0.888189173812798f,0.4558364811789409f,-8.335140957565796f,0f,0f,0f,1f], start_interpolation: 0, interpolation_duration: 1 }
$data merge entity $(bone_segment14) { transformation: [-1.0245989398221356f,-0.20109571059864115f,-0.0918298737849262f,0.7998046014412725f,0.0030032149527761745f,-0.44802043445970735f,0.9475990022323021f,3.0177359571130666f,-0.22105020072480208f,0.9260201960597483f,0.4385186464383949f,-7.293368236998579f,0f,0f,0f,1f], start_interpolation: 0, interpolation_duration: 1 }
$data merge entity $(bone_segment13) { transformation: [-1.0076384346615277f,-0.18387439910590986f,-0.054301032858451406f,0.5798363562901374f,-0.003935476878661884f,-0.27060947919379885f,0.9893677949152105f,2.6647385424542733f,-0.19168439904643136f,0.9721390471260214f,0.2651346375679853f,-6.129801079251307f,0f,0f,0f,1f], start_interpolation: 0, interpolation_duration: 1 }
$data merge entity $(bone_segment12) { transformation: [-1.0859452496992354f,-0.2541910742833207f,-0.024159751696420973f,0.2727598907129714f,0.0003340041925309905f,-0.10696745606172746f,1.110419620223165f,2.5355161123125893f,-0.25533641394940265f,1.0809341988715362f,0.10420390881864994f,-4.823974530278981f,0f,0f,0f,1f], start_interpolation: 0, interpolation_duration: 1 }
$data merge entity $(bone_segment11) { transformation: [-1.171486509531217f,-0.21148966789158397f,0.003784077538911342f,0.028349597464024066f,0.001141029316091306f,0.014977654439272597f,1.1903349145517594f,2.55282519861538f,-0.21152044090303138f,1.171396871740723f,-0.014536603371556506f,-3.470237225817297f,0f,0f,0f,1f], start_interpolation: 0, interpolation_duration: 1 }
$data merge entity $(bone_segment10) { transformation: [-1.0470758333434975f,-0.04803411629656757f,-0.0003477424356284879f,-0.032283724202302175f,0f,-0.007588067164790157f,1.0481496168304771f,2.5588722135255013f,-0.04803537501876837f,1.0470483956978702f,0.007580094886993829f,-2.148551160342696f,0f,0f,0f,1f], start_interpolation: 0, interpolation_duration: 1 }