# This file was generated by Animated Java via MC-Build. It is not recommended to edit this file directly.
$data merge entity $(bone_neck_spine5) { transformation: [-1.3639088048515997f,0.0020288922564195666f,-0.09460610868619261f,-0.02884868180822491f,-0.05209370259127856f,1.1250049539982254f,0.775146282830559f,3.6417403059511613f,0.07899796424505676f,0.7768921400245425f,-1.1222297378743242f,0.2266830576946784f,0f,0f,0f,1f], start_interpolation: 0, interpolation_duration: 1 }
$data merge entity $(bone_neck_spine2) { transformation: [-1.2989607665253327f,-0.06234474049606397f,-0.06507739472998995f,-0.07297663930817681f,-0.049613050086931954f,1.2796284046110842f,-0.2356070846091155f,4.83394905042878f,0.07523615642386355f,-0.2325624354650032f,-1.2789351982495416f,1.9410875183461673f,0f,0f,0f,1f], start_interpolation: 0, interpolation_duration: 1 }
$data merge entity $(bone_scale_neck_left1) { transformation: [-1.3953491468039871f,0.3230404772837355f,-0.010248265826918401f,0.6450550490920304f,0.3172352867711565f,1.3775834274422112f,0.23040202183698286f,4.084079937175476f,0.06182191960288009f,0.22218948867046742f,-1.4136015350103965f,2.012803965463711f,0f,0f,0f,1f], start_interpolation: 0, interpolation_duration: 1 }
$data merge entity $(bone_scale_neck_right1) { transformation: [-1.3649903069867526f,-0.39905804869721867f,-0.17033365493923025f,-0.7188537557595691f,-0.422664844851026f,1.3500032947234804f,0.2242876536182564f,4.031986234584197f,0.09805768283029472f,0.2640136292097305f,-1.4043293462832136f,2.091801929708768f,0f,0f,0f,1f], start_interpolation: 0, interpolation_duration: 1 }
$data merge entity $(bone_blush_right1) { transformation: [-0.9730315599388256f,0.054681322744076145f,-0.22409715818361897f,-0.40682472311785745f,-0.028715430295869072f,0.935226136733047f,0.3528845381060255f,3.6253151377172834f,0.22887771282049035f,0.349802838916922f,-0.9084343490091749f,3.218657621246194f,0f,0f,0f,1f], start_interpolation: 0, interpolation_duration: 1 }
$data merge entity $(bone_blush_left1) { transformation: [-0.9730315599388256f,0.054681322744076145f,-0.22409715818361897f,0.7144421135303987f,-0.028715430295869072f,0.935226136733047f,0.3528845381060255f,3.658405184347289f,0.22887771282049035f,0.349802838916922f,-0.9084343490091749f,2.9549118193632067f,0f,0f,0f,1f], start_interpolation: 0, interpolation_duration: 1 }
$data merge entity $(bone_left_head_scales) { transformation: [-0.7596129826688444f,0.054681322744076145f,-0.6480725804289982f,0.6820584905018547f,-0.18841484385435273f,0.935226136733047f,0.2997530980435728f,4.372949844031417f,0.6224853116148863f,0.349802838916922f,-0.7001071423070758f,2.864219481486823f,0f,0f,0f,1f], start_interpolation: 0, interpolation_duration: 1 }
$data merge entity $(bone_left_head_scales2) { transformation: [-0.6685239420942388f,0.054681322744076145f,-0.7416776198522759f,0.6721654392638489f,-0.22592855923973823f,0.935226136733047f,0.272595596610136f,3.5906123536970997f,0.7085421829126585f,0.349802838916922f,-0.61286699121345f,2.724007451426119f,0f,0f,0f,1f], start_interpolation: 0, interpolation_duration: 1 }
$data merge entity $(bone_left_head_scales1) { transformation: [-0.9730315599388256f,0.054681322744076145f,-0.22409715818361897f,0.6767185175776286f,-0.028715430295869072f,0.935226136733047f,0.3528845381060255f,4.281619166616081f,0.22887771282049035f,0.349802838916922f,-0.9084343490091749f,2.8300590479988426f,0f,0f,0f,1f], start_interpolation: 0, interpolation_duration: 1 }
$data merge entity $(bone_right_head_scales) { transformation: [-0.9665660867112406f,0.054681322744076145f,0.2505193664423509f,-0.4582128688014566f,0.1374730483507328f,0.935226136733047f,0.32627171827870244f,4.339298949153446f,-0.2164512901252284f,0.349802838916922f,-0.9114750752976114f,3.132435551198335f,0f,0f,0f,1f], start_interpolation: 0, interpolation_duration: 1 }
$data merge entity $(bone_right_head_scales2) { transformation: [-0.9255976408689526f,0.054681322744076145f,0.3745383293613458f,-0.4681059200394625f,0.1788839523807398f,0.935226136733047f,0.30553658496491887f,3.5569614588191283f,-0.3335708902144715f,0.349802838916922f,-0.87542471697296f,2.992223521137631f,0f,0f,0f,1f], start_interpolation: 0, interpolation_duration: 1 }
$data merge entity $(bone_right_head_scales1) { transformation: [-0.9730315599388256f,0.054681322744076145f,-0.22409715818361897f,-0.4635528417256828f,-0.028715430295869072f,0.935226136733047f,0.3528845381060255f,4.2479682717381095f,0.22887771282049035f,0.349802838916922f,-0.9084343490091749f,3.0982751177103545f,0f,0f,0f,1f], start_interpolation: 0, interpolation_duration: 1 }
$data merge entity $(bone_head_left_fin1) { transformation: [-0.2683246089267891f,0.12850769194269038f,-0.9547186377964183f,0.640280340152154f,-0.0670078058947389f,0.9861720299640113f,0.15157401250159575f,3.964975343796131f,0.9609952435852422f,0.1046446387935068f,-0.25600320579695446f,2.635422096696466f,0f,0f,0f,1f], start_interpolation: 0, interpolation_duration: 1 }
$data merge entity $(bone_head_right_fin1) { transformation: [-0.6715516092788864f,-0.12333149678209085f,0.7306215011730954f,-0.4999910191511574f,0.03927083297237355f,0.9787399270730739f,0.2013105979094236f,3.9313244489181596f,-0.7399163721344422f,0.16388257092956168f,-0.6524310424810604f,2.903638166407978f,0f,0f,0f,1f], start_interpolation: 0, interpolation_duration: 1 }
$data merge entity $(bone_right_whisker16) { transformation: [-0.13550981301124831f,-0.0989642577801668f,0.9858210619882686f,-1.1879748980052744f,0.9805045254995389f,-0.15629700021419238f,0.11908871986451647f,2.856228498510129f,0.14229534796535379f,0.9827397027728486f,0.1182146798894004f,1.358251461072298f,0f,0f,0f,1f], start_interpolation: 0, interpolation_duration: 1 }
$data merge entity $(bone_right_whisker15) { transformation: [0.18867734268056463f,-0.15650632375807316f,0.9694878188934271f,-1.243251463243721f,0.41682616228490504f,0.9066419749249772f,0.06524016967310287f,2.7341114587782234f,-0.8891888499041357f,0.39179854508136025f,0.23629872889690007f,1.6187560069426503f,0f,0f,0f,1f], start_interpolation: 0, interpolation_duration: 1 }
$data merge entity $(bone_right_whisker14) { transformation: [0.4692136720052728f,-0.33987508147257073f,0.8150604020545605f,-1.3807164062140158f,-0.19438695200202039f,0.8605798979738997f,0.47076103502158795f,2.7910607611225653f,-0.8614245427747537f,-0.3793246211324094f,0.33772857283336494f,1.8711264784586914f,0f,0f,0f,1f], start_interpolation: 0, interpolation_duration: 1 }
$data merge entity $(bone_right_whisker13) { transformation: [-0.06211920297934298f,-0.3714145286212289f,0.926386772655073f,-1.3625174209661615f,0.21208730353091654f,0.9020689423545446f,0.37588641757895186f,2.7289258089162423f,-0.9752744128204106f,0.21982463730988772f,0.022736502135999426f,2.156851404089671f,0f,0f,0f,1f], start_interpolation: 0, interpolation_duration: 1 }
$data merge entity $(bone_right_whisker12) { transformation: [-0.636619083866818f,-0.3702614958320296f,0.6764780608126192f,-1.1138380913306856f,-0.350926447096785f,0.9202056703215995f,0.1734132435427092f,2.866006452313424f,-0.6867071943591395f,-0.1269958621853623f,-0.7157550420382632f,2.42509640188621f,0f,0f,0f,1f], start_interpolation: 0, interpolation_duration: 1 }
$data merge entity $(bone_right_whisker11) { transformation: [-0.9627846034662502f,-0.22369516988277616f,0.15167820640900176f,-0.7377503556016816f,-0.21696413885741575f,0.9743475195129326f,0.059778538530605774f,2.950758069054602f,-0.16115945451072922f,0.02464512507801489f,-0.9866206201127634f,2.4880493138044635f,0f,0f,0f,1f], start_interpolation: 0, interpolation_duration: 1 }
$data merge entity $(bone_right_whisker10) { transformation: [-0.6200940885000431f,-0.6096270179891468f,0.4937997775869909f,-0.4955261022813522f,-0.5120665650069428f,0.7913657471634207f,0.3339582117847546f,3.150784071010439f,-0.5943661787225879f,-0.04577284297639089f,-0.8028908346945853f,2.7202236023679744f,0f,0f,0f,1f], start_interpolation: 0, interpolation_duration: 1 }
$data merge entity $(bone_right_whisker1) { transformation: [-0.08555807552960368f,-0.7318212094322564f,0.6761046761684028f,-0.4621049790276007f,-0.6909137334533643f,0.5325045323109217f,0.4889551472209489f,3.4206722481406597f,-0.7178565515736443f,-0.4252959446002704f,-0.5511853870245109f,3.0006363178264293f,0f,0f,0f,1f], start_interpolation: 0, interpolation_duration: 1 }
$data merge entity $(bone_left_whisker16) { transformation: [-0.12967621729353562f,0.5348893178092001f,-0.8349116697963017f,0.6267966748175404f,-0.9883305110915519f,-0.13759115456950613f,0.06535652247283666f,2.9097847743267073f,-0.07991795489095016f,0.8336438639358176f,0.5464897333054016f,0.9313785989983866f,0f,0f,0f,1f], start_interpolation: 0, interpolation_duration: 1 }
$data merge entity $(bone_left_whisker15) { transformation: [0.587945582096852f,0.2636972246201491f,-0.764711557530305f,0.7990463570724775f,-0.39390700695553205f,0.9190427296387196f,0.014061684449081902f,2.7943823308827036f,0.7065106243816358f,0.2929577355623881f,0.6442192971419203f,1.138364133485194f,0f,0f,0f,1f], start_interpolation: 0, interpolation_duration: 1 }
$data merge entity $(bone_left_whisker14) { transformation: [0.7921051201456398f,0.08665973832893119f,-0.6042015958203214f,1.0311084039901455f,0.23161011448521515f,0.8731674967641598f,0.4288767625586122f,2.862236856610794f,0.5647355429820295f,-0.4796546803142569f,0.6715691730160198f,1.3038139995932103f,0f,0f,0f,1f], start_interpolation: 0, interpolation_duration: 1 }
$data merge entity $(bone_left_whisker13) { transformation: [0.3907407823210673f,0.37939164768784694f,-0.8386796877806337f,1.1455832425607706f,-0.2023892521584625f,0.924226211768156f,0.32379700445097026f,2.8029431303924945f,0.8979756297594379f,0.04321905997802515f,0.4379176648786358f,1.5668927973742957f,0f,0f,0f,1f], start_interpolation: 0, interpolation_duration: 1 }
$data merge entity $(bone_left_whisker12) { transformation: [-0.28261451891696293f,0.22287031860613288f,-0.9329833089513095f,1.0351869461088319f,0.32379866467622537f,0.9377097636881416f,0.12591593957010663f,2.929426983781645f,0.9029304837312933f,-0.26651307691805715f,-0.33717550530909407f,1.919600017581832f,0f,0f,0f,1f], start_interpolation: 0, interpolation_duration: 1 }
$data merge entity $(bone_left_whisker11) { transformation: [-0.8006681575602626f,0.15641838625952065f,-0.5783284446653323f,0.7224259470618544f,0.16492234810347733f,0.9855651662731316f,0.038235090232008134f,2.993849776009566f,0.5759610408396477f,-0.06476566581902614f,-0.814907533383959f,2.1445847991598193f,0f,0f,0f,1f], start_interpolation: 0, interpolation_duration: 1 }
$data merge entity $(bone_left_whisker10) { transformation: [-0.31798259399911205f,0.48014018271358105f,-0.8175282715951573f,0.5982139962809512f,0.48438269873011f,0.8235261984569748f,0.2952592109078711f,3.183061767701015f,0.8150217611110342f,-0.3021092606968088f,-0.4944385942831489f,2.462952674593817f,0f,0f,0f,1f], start_interpolation: 0, interpolation_duration: 1 }
$data merge entity $(bone_left_whisker1) { transformation: [0.20467810302658407f,0.43475269755132306f,-0.8769817364764715f,0.6781663802757106f,0.6944291208130987f,0.5669316496729451f,0.44312154175334306f,3.4543231430186316f,0.6898369882140171f,-0.6996989328067903f,-0.1858664389308979f,2.7324202481149173f,0f,0f,0f,1f], start_interpolation: 0, interpolation_duration: 1 }
$data merge entity $(bone_upper_left_tooth1) { transformation: [-0.9730315599388256f,0.03494188953315948f,-0.2280101921381328f,0.566428366060068f,-0.028715430295869072f,0.9624232329530823f,0.27003137731578547f,3.4956552442556674f,0.22887771282049035f,0.2692964630810986f,-0.9354648082884102f,3.6492652183367364f,0f,0f,0f,1f], start_interpolation: 0, interpolation_duration: 1 }
$data merge entity $(bone_upper_right_tooth1) { transformation: [-0.9730315599388256f,0.03494188953315948f,-0.2280101921381328f,-0.00370731359158763f,-0.028715430295869072f,0.9624232329530823f,0.27003137731578547f,3.4788297968166817f,0.22887771282049035f,0.2692964630810986f,-0.9354648082884102f,3.7833732531924924f,0f,0f,0f,1f], start_interpolation: 0, interpolation_duration: 1 }
$data merge entity $(bone_top_lip1) { transformation: [-0.9730315599388256f,-0.0451494428441711f,-0.22621032508238142f,0.30887000691511646f,-0.028715430295869072f,0.9967381804509015f,-0.07542163943026764f,3.5913288980470863f,0.22887771282049035f,-0.06689190864586803f,-0.9711541922536164f,3.7396596604497128f,0f,0f,0f,1f], start_interpolation: 0, interpolation_duration: 1 }
$data merge entity $(bone_muzzle1) { transformation: [-0.9730315599388256f,0.03494188953315948f,-0.2280101921381328f,0.20265534613475278f,-0.028715430295869072f,0.9624232329530823f,0.27003137731578547f,3.864160122266671f,0.22887771282049035f,0.2692964630810986f,-0.9354648082884102f,3.322337458611783f,0f,0f,0f,1f], start_interpolation: 0, interpolation_duration: 1 }
$data merge entity $(bone_jaw_right_tooth1) { transformation: [-0.9730315599388256f,-0.11979508607968498f,-0.1971261543128578f,-0.00017510303339979272f,-0.028715430295869072f,0.9108317930974881f,-0.4117776933561817f,3.5059966507621585f,0.22887771282049035f,-0.39501212897071336f,-0.8897080479236356f,3.8017982024736092f,0f,0f,0f,1f], start_interpolation: 0, interpolation_duration: 1 }
$data merge entity $(bone_jaw_left_tooth1) { transformation: [-0.9730315599388256f,-0.11979508607968498f,-0.1971261543128578f,0.6174718832558937f,-0.028715430295869072f,0.9108317930974881f,-0.4117776933561817f,3.52422421882106f,0.22887771282049035f,-0.39501212897071336f,-0.8897080479236356f,3.65651449804654f,0f,0f,0f,1f], start_interpolation: 0, interpolation_duration: 1 }
$data merge entity $(bone_tongue1) { transformation: [-0.9730315599388256f,-0.02526210668341545f,-0.22928455972640527f,0.14862733744430556f,-0.028715430295869072f,0.9995187197545926f,0.011736819120327507f,3.516196240010194f,0.22887771282049035f,0.01800430021011476f,-0.9732886713344637f,3.048991096434796f,0f,0f,0f,1f], start_interpolation: 0, interpolation_duration: 1 }
$data merge entity $(bone_jaw_lips1) { transformation: [-0.9730315599388256f,-0.02526210668341545f,-0.22928455972640527f,0.3781042514704619f,-0.028715430295869072f,0.9995187197545926f,0.011736819120327507f,3.3961786455695138f,0.22887771282049035f,0.01800430021011476f,-0.9732886713344637f,3.7961752396611237f,0f,0f,0f,1f], start_interpolation: 0, interpolation_duration: 1 }
$data merge entity $(bone_jaw3) { transformation: [-0.9730315599388256f,-0.08374453207712075f,-0.21493356347997364f,0.21632106389239106f,-0.028715430295869072f,0.9684986575876107f,-0.24735758390217f,3.131995270217583f,0.22887771282049035f,-0.2345148259666755f,-0.9447845198646523f,3.075238785657729f,0f,0f,0f,1f], start_interpolation: 0, interpolation_duration: 1 }
$data merge entity $(bone_jaw1) { transformation: [-0.9730315599388256f,0.09276465372225223f,-0.21119730676030507f,0.05132316798590272f,-0.028715430295869072f,0.8597401933054123f,0.5099237433951229f,3.5303731947450228f,0.22887771282049035f,0.5022365170265527f,-0.8338905644861913f,2.4237617821528916f,0f,0f,0f,1f], start_interpolation: 0, interpolation_duration: 1 }
$data merge entity $(bone_tear_right1) { transformation: [-0.9730315599388256f,0.054681322744076145f,-0.22409715818361897f,-0.3209274719519457f,-0.028715430295869072f,0.935226136733047f,0.3528845381060255f,3.9153593866839023f,0.22887771282049035f,0.349802838916922f,-0.9084343490091749f,3.4068863315886975f,0f,0f,0f,1f], start_interpolation: 0, interpolation_duration: 1 }
$data merge entity $(bone_right_pupil1) { transformation: [-0.9730315599388256f,0.054681322744076145f,-0.22409715818361897f,-0.14566979833355523f,-0.028715430295869072f,0.935226136733047f,0.3528845381060255f,3.990640224766738f,0.22887771282049035f,0.349802838916922f,-0.9084343490091749f,3.457395702152887f,0f,0f,0f,1f], start_interpolation: 0, interpolation_duration: 1 }
$data merge entity $(bone_right_sad_pupil1) { transformation: [-0.9730315599388256f,0.054681322744076145f,-0.22409715818361897f,-0.1478582471439421f,-0.028715430295869072f,0.935226136733047f,0.3528845381060255f,3.99408636283418f,0.22887771282049035f,0.349802838916922f,-0.9084343490091749f,3.4485242729633443f,0f,0f,0f,1f], start_interpolation: 0, interpolation_duration: 1 }
$data merge entity $(bone_right_happy_pupil1) { transformation: [-0.9730315599388256f,0.054681322744076145f,-0.22409715818361897f,-0.17294857253354176f,-0.028715430295869072f,0.935226136733047f,0.3528845381060255f,3.9705529344021278f,0.22887771282049035f,0.349802838916922f,-0.9084343490091749f,3.4455720371661074f,0f,0f,0f,1f], start_interpolation: 0, interpolation_duration: 1 }
$data merge entity $(bone_eyelid_right1) { transformation: [-0.9730315599388256f,0.054681322744076145f,-0.22409715818361897f,0.10588669105677442f,-0.028715430295869072f,0.935226136733047f,0.3528845381060255f,4.131524265245515f,0.22887771282049035f,0.349802838916922f,-0.9084343490091749f,2.9018198695188224f,0f,0f,0f,1f], start_interpolation: 0, interpolation_duration: 1 }
$data merge entity $(bone_eyelid_expressions_right5) { transformation: [-0.9730315599388256f,0.054681322744076145f,-0.22409715818361897f,-0.2517939754139208f,-0.028715430295869072f,0.935226136733047f,0.3528845381060255f,4.082192171797283f,0.22887771282049035f,0.349802838916922f,-0.9084343490091749f,3.5083886749410595f,0f,0f,0f,1f], start_interpolation: 0, interpolation_duration: 1 }
$data merge entity $(bone_eyelid_expressions_right7) { transformation: [-0.9730315599388256f,0.054681322744076145f,-0.22409715818361897f,0.03327386441190705f,-0.028715430295869072f,0.935226136733047f,0.3528845381060255f,4.090604895516776f,0.22887771282049035f,0.349802838916922f,-0.9084343490091749f,3.441334657513181f,0f,0f,0f,1f], start_interpolation: 0, interpolation_duration: 1 }
$data merge entity $(bone_eyelid_expressions_right6) { transformation: [-0.9730315599388256f,0.054681322744076145f,-0.22409715818361897f,-0.06174874886336888f,-0.028715430295869072f,0.935226136733047f,0.3528845381060255f,4.087800654276945f,0.22887771282049035f,0.349802838916922f,-0.9084343490091749f,3.463685996655807f,0f,0f,0f,1f], start_interpolation: 0, interpolation_duration: 1 }
$data merge entity $(bone_right_eye1) { transformation: [-0.9730315599388256f,0.054681322744076145f,-0.22409715818361897f,0.09857287853963373f,-0.028715430295869072f,0.935226136733047f,0.3528845381060255f,4.127797703054091f,0.22887771282049035f,0.349802838916922f,-0.9084343490091749f,2.9129264326226276f,0f,0f,0f,1f], start_interpolation: 0, interpolation_duration: 1 }
$data merge entity $(bone_tear_left1) { transformation: [-0.9730315599388256f,0.054681322744076145f,-0.22409715818361897f,0.7053167514210343f,-0.028715430295869072f,0.935226136733047f,0.3528845381060255f,3.9456451920740765f,0.22887771282049035f,0.349802838916922f,-0.9084343490091749f,3.1654918688483367f,0f,0f,0f,1f], start_interpolation: 0, interpolation_duration: 1 }
$data merge entity $(bone_left_sad_pupil1) { transformation: [-0.9730315599388256f,0.054681322744076145f,-0.22409715818361897f,0.5648113524206274f,-0.028715430295869072f,0.935226136733047f,0.3528845381060255f,4.015118172132912f,0.22887771282049035f,0.349802838916922f,-0.9084343490091749f,3.280889229393649f,0f,0f,0f,1f], start_interpolation: 0, interpolation_duration: 1 }
$data merge entity $(bone_left_pupil1) { transformation: [-0.9730315599388256f,0.054681322744076145f,-0.22409715818361897f,0.5669998012310143f,-0.028715430295869072f,0.935226136733047f,0.3528845381060255f,4.01167203406547f,0.22887771282049035f,0.349802838916922f,-0.9084343490091749f,3.2897606585831918f,0f,0f,0f,1f], start_interpolation: 0, interpolation_duration: 1 }
$data merge entity $(bone_eyelid_left1) { transformation: [-0.9730315599388256f,0.054681322744076145f,-0.22409715818361897f,0.08688216840171924f,-0.028715430295869072f,0.935226136733047f,0.3528845381060255f,4.130963416997549f,0.22887771282049035f,0.349802838916922f,-0.9084343490091749f,2.9062901373473475f,0f,0f,0f,1f], start_interpolation: 0, interpolation_duration: 1 }
$data merge entity $(bone_left_happy_pupil1) { transformation: [-0.9730315599388256f,0.054681322744076145f,-0.22409715818361897f,0.5872323336686657f,-0.028715430295869072f,0.935226136733047f,0.3528845381060255f,3.9929868643207755f,0.22887771282049035f,0.349802838916922f,-0.9084343490091749f,3.2667613240250994f,0f,0f,0f,1f], start_interpolation: 0, interpolation_duration: 1 }
$data merge entity $(bone_eyelid_expressions_left5) { transformation: [-0.9730315599388256f,0.054681322744076145f,-0.22409715818361897f,0.6794276346837834f,-0.028715430295869072f,0.935226136733047f,0.3528845381060255f,4.109673735947626f,0.22887771282049035f,0.349802838916922f,-0.9084343490091749f,3.2893455513433247f,0f,0f,0f,1f], start_interpolation: 0, interpolation_duration: 1 }
$data merge entity $(bone_eyelid_expressions_left7) { transformation: [-0.9730315599388256f,0.054681322744076145f,-0.22409715818361897f,0.39435979485795564f,-0.028715430295869072f,0.935226136733047f,0.3528845381060255f,4.101261012228133f,0.22887771282049035f,0.349802838916922f,-0.9084343490091749f,3.3563995687712027f,0f,0f,0f,1f], start_interpolation: 0, interpolation_duration: 1 }
$data merge entity $(bone_eyelid_expressions_left6) { transformation: [-0.9730315599388256f,0.054681322744076145f,-0.22409715818361897f,0.4893824081332316f,-0.028715430295869072f,0.935226136733047f,0.3528845381060255f,4.104065253467964f,0.22887771282049035f,0.349802838916922f,-0.9084343490091749f,3.3340482296285767f,0f,0f,0f,1f], start_interpolation: 0, interpolation_duration: 1 }
$data merge entity $(bone_left_eye1) { transformation: [-0.9730315599388256f,0.054681322744076145f,-0.22409715818361897f,0.09857287853963373f,-0.028715430295869072f,0.935226136733047f,0.3528845381060255f,4.127797703054091f,0.22887771282049035f,0.349802838916922f,-0.9084343490091749f,2.9129264326226276f,0f,0f,0f,1f], start_interpolation: 0, interpolation_duration: 1 }
$data merge entity $(bone_crest_middle5) { transformation: [-0.9730315599388256f,0.004881654657189476f,-0.23062036512594394f,0.2573648343177012f,-0.028715430295869072f,0.9894357362390686f,0.14209978154795055f,5.108412770560366f,0.22887771282049035f,0.14488993512615053f,-0.9626120190778844f,3.7110310877394537f,0f,0f,0f,1f], start_interpolation: 0, interpolation_duration: 1 }
$data merge entity $(bone_crest_middle4) { transformation: [-0.9730315599388256f,0.004881654657189476f,-0.23062036512594394f,0.25450448979200424f,-0.028715430295869072f,0.9894357362390686f,0.14209978154795055f,4.528665268857787f,0.22887771282049035f,0.14488993512615053f,-0.9626120190778844f,3.626134641376475f,0f,0f,0f,1f], start_interpolation: 0, interpolation_duration: 1 }
$data merge entity $(bone_crest_middle1) { transformation: [-0.9730315599388256f,0.004881654657189476f,-0.23062036512594394f,0.2692504434904685f,-0.028715430295869072f,0.9894357362390686f,0.14209978154795055f,4.083446899330827f,0.22887771282049035f,0.14488993512615053f,-0.9626120190778844f,3.632966417411553f,0f,0f,0f,1f], start_interpolation: 0, interpolation_duration: 1 }
$data merge entity $(bone_crest_left5) { transformation: [-0.5689272359123174f,-0.8137473972283213f,-0.11889900647735843f,-0.6884061698736212f,-0.804190513072765f,0.5202472266985245f,0.28743771811691093f,4.528977439292086f,-0.17204481660582854f,0.2591485994880669f,-0.9503907535653113f,3.8138582995366725f,0f,0f,0f,1f], start_interpolation: 0, interpolation_duration: 1 }
$data merge entity $(bone_crest_left4) { transformation: [-0.5689272359123174f,-0.8137473972283213f,-0.11889900647735843f,-0.2910685735707299f,-0.804190513072765f,0.5202472266985245f,0.28743771811691093f,4.274950473130697f,-0.17204481660582854f,0.2591485994880669f,-0.9503907535653113f,3.68732089744289f,0f,0f,0f,1f], start_interpolation: 0, interpolation_duration: 1 }
$data merge entity $(bone_crest_left1) { transformation: [-0.5689272359123174f,-0.8137473972283213f,-0.11889900647735843f,0.14019716681179822f,-0.804190513072765f,0.5202472266985245f,0.28743771811691093f,4.0095558551830965f,-0.17204481660582854f,0.2591485994880669f,-0.9503907535653113f,3.501723956625798f,0f,0f,0f,1f], start_interpolation: 0, interpolation_duration: 1 }
$data merge entity $(bone_crest_center1) { transformation: [-0.9730315599388256f,0.054681322744076145f,-0.22409715818361897f,0.23388480394393096f,-0.028715430295869072f,0.935226136733047f,0.3528845381060255f,3.989527719327261f,0.22887771282049035f,0.349802838916922f,-0.9084343490091749f,3.4708326184245637f,0f,0f,0f,1f], start_interpolation: 0, interpolation_duration: 1 }
$data merge entity $(bone_crest_right5) { transformation: [-0.4766917162161426f,0.8135041020471832f,-0.33313073055981307f,1.180668021953691f,0.7733329341698031f,0.5682695405936996f,0.2811154605526852f,4.584136256213296f,0.4179966275213611f,-0.12361555398019954f,-0.8999988967742888f,3.3742123068166245f,0f,0f,0f,1f], start_interpolation: 0, interpolation_duration: 1 }
$data merge entity $(bone_crest_right4) { transformation: [-0.4766917162161426f,0.8135041020471832f,-0.33313073055981307f,0.7834492221259648f,0.7733329341698031f,0.5682695405936996f,0.2811154605526852f,4.306660894595279f,0.4179966275213611f,-0.12361555398019954f,-0.8999988967742888f,3.4345714640335188f,0f,0f,0f,1f], start_interpolation: 0, interpolation_duration: 1 }
$data merge entity $(bone_crest_right1) { transformation: [-0.4766917162161426f,0.8135041020471832f,-0.33313073055981307f,0.3302423933623501f,0.7733329341698031f,0.5682695405936996f,0.2811154605526852f,4.015164337662759f,0.4179966275213611f,-0.12361555398019954f,-0.8999988967742888f,3.4570212783405454f,0f,0f,0f,1f], start_interpolation: 0, interpolation_duration: 1 }
$data merge entity $(bone_head1) { transformation: [-0.9730315599388256f,0.054681322744076145f,-0.22409715818361897f,-0.024461792493759085f,-0.028715430295869072f,0.935226136733047f,0.3528845381060255f,4.271669958055713f,0.22887771282049035f,0.349802838916922f,-0.9084343490091749f,2.4079176104537874f,0f,0f,0f,1f], start_interpolation: 0, interpolation_duration: 1 }
$data merge entity $(bone_neck10) { transformation: [-1.2989607665253327f,-0.05331706806479948f,-0.07265827017854212f,-0.0602356895765305f,-0.049613050086931954f,1.299433901833722f,-0.06656641022846783f,3.834411220217813f,0.07523615642386355f,-0.06363829006664638f,-1.298349219489272f,1.5019352785876752f,0f,0f,0f,1f], start_interpolation: 0, interpolation_duration: 1 }
$data merge entity $(bone_neck9) { transformation: [-0.9976018686914556f,0.019343083622589602f,-0.06645567469588595f,-0.0837252148045193f,-0.03810282246676374f,0.6480813487784647f,0.7606173415624655f,3.146546137799384f,0.05778136813352722f,0.7613254300766891f,-0.645790138524244f,0.6427864390539318f,0f,0f,0f,1f], start_interpolation: 0, interpolation_duration: 1 }
$data merge entity $(bone_neck8) { transformation: [-0.9976018686914556f,0.030068782506186113f,-0.062340836551265384f,-0.11466504410963657f,-0.03810282246676374f,0.5133441083090811f,0.8573365741553436f,2.7121612997272555f,0.05778136813352722f,0.8576559303024437f,-0.5109673362492633f,-0.1778400263755454f,0f,0f,0f,1f], start_interpolation: 0, interpolation_duration: 1 }
$data merge entity $(bone_neck7) { transformation: [-0.9983069826288342f,-0.005879518667211389f,-0.057867086454690464f,-0.10921041253361038f,-0.055488057540193814f,0.39461308424926134f,0.9171704253897973f,2.3460651766444447f,0.017442588825310523f,0.918828572150174f,-0.3942712405128528f,-1.0302688774914293f,0f,0f,0f,1f], start_interpolation: 0, interpolation_duration: 1 }
$data merge entity $(bone_neck6) { transformation: [-0.9988933535005403f,-0.009791644771381575f,-0.04600208718216915f,-0.1017822407071432f,-0.04672803671186386f,0.0954764085255354f,0.9943343230524229f,2.282162294911127f,-0.005344054406489423f,0.9953835336731949f,-0.0958282942286062f,-1.8599564003402766f,0f,0f,0f,1f], start_interpolation: 0, interpolation_duration: 1 }
$data merge entity $(bone_neck_spine6) { transformation: [-1.0821793882902817f,-0.23156444846395557f,-0.014399836270515026f,0.3127462467881994f,-0.0038230947982545974f,-0.05088473811286109f,1.1055938697780077f,2.9316149207589177f,-0.2319802427432068f,1.0810783168448674f,0.04895423722246381f,-4.973343595992981f,0f,0f,0f,1f], start_interpolation: 0, interpolation_duration: 1 }
$data merge entity $(bone_neck_spine7) { transformation: [-0.9928936547869825f,-0.08979879647959403f,-0.07809203822775423f,0.8561552580488826f,-0.05824627397659996f,-0.2055361745864997f,0.9769146597856903f,3.6729273280442056f,-0.10377649951502238f,0.9745209372236004f,0.19884511827360565f,-7.75760237279626f,0f,0f,0f,1f], start_interpolation: 0, interpolation_duration: 1 }
$data merge entity $(bone_tail6) { transformation: [-1.282539810057614f,0.5970236207316654f,-0.4907633987879091f,-0.03202637861401669f,-0.35267086076929277f,0.3939719177872055f,1.4009295748335622f,3.7512629475768016f,0.6876839254087983f,1.3155011235143632f,-0.1968296076580508f,-11.012086313345648f,0f,0f,0f,1f], start_interpolation: 0, interpolation_duration: 1 }
$data merge entity $(bone_tail5) { transformation: [-1.0594894083084638f,0.5560999802421374f,-0.313611964733869f,0.31919466153891257f,-0.2913367980268071f,0.11954943028396003f,1.1962224971139899f,3.8267678509140395f,0.5680867209898769f,1.0984435372202053f,0.028578518882100546f,-10.318332500364464f,0f,0f,0f,1f], start_interpolation: 0, interpolation_duration: 1 }
$data merge entity $(bone_tail4) { transformation: [-0.8535660579281852f,0.47390162386240164f,-0.21643067170231906f,0.5043124833601632f,-0.2162731968402479f,0.05562688292439975f,0.9747469180380182f,3.848497102056383f,0.4739735109491221f,0.8788190375707016f,0.0550110000078938f,-9.975043813813409f,0f,0f,0f,1f], start_interpolation: 0, interpolation_duration: 1 }
$data merge entity $(bone_segment18) { transformation: [-0.9081202564256579f,0.35843460242543645f,-0.21643067170231906f,0.6793293790757083f,-0.2216837148733429f,0.02692167036682344f,0.9747469180380182f,3.8616424489151835f,0.35520969923321644f,0.9331665764743076f,0.0550110000078938f,-9.519396071394313f,0f,0f,0f,1f], start_interpolation: 0, interpolation_duration: 1 }
$data merge entity $(bone_segment17) { transformation: [-0.9600294782029669f,0.2365933463696014f,-0.1495559742536994f,0.8295107024548498f,-0.19467629320046068f,-0.18050229217004807f,0.9641162084453757f,3.7470657986119305f,0.20110828388474608f,0.9546949832145305f,0.21934663703357746f,-8.913388513689776f,0f,0f,0f,1f], start_interpolation: 0, interpolation_duration: 1 }
$data merge entity $(bone_segment16) { transformation: [-0.9895891245655353f,0.09809993474440268f,-0.10530796429882114f,0.910941312350106f,-0.1348083863788682f,-0.375583245419496f,0.9169317993842752f,3.4353023624727004f,0.050399042684793394f,0.9215821333789532f,0.38489778894292687f,-8.148403344381075f,0f,0f,0f,1f], start_interpolation: 0, interpolation_duration: 1 }
$data merge entity $(bone_segment15) { transformation: [-0.9928936547869825f,-0.06652726992509884f,-0.09867275530794514f,0.8427248734620651f,-0.05824627397659996f,-0.4513768186621452f,0.890430423526894f,2.9724648042742117f,-0.10377649951502238f,0.8898500378888311f,0.44429421357660587f,-7.235959457873972f,0f,0f,0f,1f], start_interpolation: 0, interpolation_duration: 1 }
$data merge entity $(bone_segment14) { transformation: [-0.9679243265578252f,-0.2329541525409488f,-0.09410027030518538f,0.6038558693917564f,0.006123084039658143f,-0.39630172315852663f,0.9180999139872664f,2.566100732676113f,-0.25116728668244975f,0.8880750570956889f,0.38501647635531816f,-6.325335620031713f,0f,0f,0f,1f], start_interpolation: 0, interpolation_duration: 1 }
$data merge entity $(bone_segment13) { transformation: [-0.9777809061258073f,-0.2037874075186196f,-0.04914460451194574f,0.3861434193097677f,-0.003454278594187683f,-0.21874089742777697f,0.9757768637100823f,2.307302786860966f,-0.2096009722668033f,0.9542657451304281f,0.21317673441414747f,-5.305449907629689f,0f,0f,0f,1f], start_interpolation: 0, interpolation_duration: 1 }
$data merge entity $(bone_segment12) { transformation: [-0.9729807285979543f,-0.23040848330920086f,-0.014846972625692529f,0.1161334779317979f,-0.0022578153608605336f,-0.054806181111115036f,0.9984944590641512f,2.243076793371378f,-0.23087529977628754f,0.9715493880041145f,0.05280513821627609f,-4.166915468562367f,0f,0f,0f,1f], start_interpolation: 0, interpolation_duration: 1 }
$data merge entity $(bone_segment11) { transformation: [-1.0217500153469856f,-0.16592830348735538f,0.006570095456342287f,-0.07562333798241666f,0.00042074458242520764f,0.038369014517034276f,1.0344448286946242f,2.2874183547501064f,-0.1660577942359037f,1.0210504780572125f,-0.03780465773825462f,-2.986927579547048f,0f,0f,0f,1f], start_interpolation: 0, interpolation_duration: 1 }
$data merge entity $(bone_segment10) { transformation: [-0.9997307175925251f,-0.02320533547465547f,-0.00006861081296081692f,-0.10284081674448818f,0f,-0.0029566697340276393f,0.9999956290424894f,2.299575552660504f,-0.0232054369046342f,0.9997263478120364f,0.0029558735548835813f,-1.814351097333471f,0f,0f,0f,1f], start_interpolation: 0, interpolation_duration: 1 }