# This file was generated by Animated Java via MC-Build. It is not recommended to edit this file directly.
$data merge entity $(bone_neck_spine5) { transformation: [-1.5710292840109625f,0.04522269481383103f,-0.04290795043367465f,0.18799174223547468f,0.017189679418934976f,1.3544881400638715f,0.7981764146505657f,3.5688938117932913f,0.05992244369280868f,0.7970796584135944f,-1.353917469582911f,0.25803329552931203f,0f,0f,0f,1f], start_interpolation: 0, interpolation_duration: 1 }
$data merge entity $(bone_neck_spine2) { transformation: [-1.4962183657247259f,0.0015588299504019367f,-0.05935026369986403f,0.16096719304772503f,0.016371123256128543f,1.4496797183414263f,-0.37463980332698765f,5.045607019192542f,0.0570689939931511f,-0.3749940879037121f,-1.448556814780111f,2.0725823724992227f,0f,0f,0f,1f], start_interpolation: 0, interpolation_duration: 1 }
$data merge entity $(bone_scale_neck_left1) { transformation: [-1.5871140427034602f,0.43947764076060436f,0.031360796588159566f,0.944204940731191f,0.4405108548788134f,1.5804921747916965f,0.14508533004347712f,4.155555045896881f,0.00861876006672838f,0.14818559151071595f,-1.640433426958011f,2.235785801125598f,0f,0f,0f,1f], start_interpolation: 0, interpolation_duration: 1 }
$data merge entity $(bone_scale_neck_right1) { transformation: [-1.5924050719839167f,-0.3922773315820388f,-0.15303484140693052f,-0.6268243432797709f,-0.4057216152102099f,1.5895929608019814f,0.14710292572781292f,4.172744725315816f,0.11265495332557637f,0.17991051924036858f,-1.633400179807614f,2.2957082448184067f,0f,0f,0f,1f], start_interpolation: 0, interpolation_duration: 1 }
$data merge entity $(bone_blush_right1) { transformation: [-0.997230826003269f,-0.005664598846804523f,0.07415249145337106f,-0.5569089409861481f,-0.00290080367335524f,0.9992989112704398f,0.03732654915422112f,4.005883655070913f,-0.0743119439046385f,0.03700808362531918f,-0.9965481105995311f,3.5994950275497435f,0f,0f,0f,1f], start_interpolation: 0, interpolation_duration: 1 }
$data merge entity $(bone_blush_left1) { transformation: [-0.997230826003269f,-0.005664598846804523f,0.07415249145337106f,0.764616675113887f,-0.00290080367335524f,0.9992989112704398f,0.03732654915422112f,4.009727786501326f,-0.0743119439046385f,0.03700808362531918f,-0.9965481105995311f,3.6979728672749332f,0f,0f,0f,1f], start_interpolation: 0, interpolation_duration: 1 }
$data merge entity $(bone_left_head_scales) { transformation: [-0.9187943559406826f,-0.005664598846804523f,-0.39469588775594117f,0.8008278515504429f,-0.01980852659200021f,0.9992989112704398f,0.03176961139151465f,4.753900864090654f,0.39423920881338004f,0.03700808362531918f,-0.9182624069298391f,3.3341130189824706f,0f,0f,0f,1f], start_interpolation: 0, interpolation_duration: 1 }
$data merge entity $(bone_left_head_scales2) { transformation: [-0.8594157915429536f,-0.005664598846804523f,-0.5112459384352142f,0.7934256310068429f,-0.023785828304270264f,0.9992989112704398f,0.02891228641241665f,3.849805328838791f,0.5107237331654737f,0.03700808362531918f,-0.8589480019930795f,3.4687391050597416f,0f,0f,0f,1f], start_interpolation: 0, interpolation_duration: 1 }
$data merge entity $(bone_left_head_scales1) { transformation: [-0.997230826003269f,-0.005664598846804523f,0.07415249145337106f,0.8014640125537461f,-0.00290080367335524f,0.9992989112704398f,0.03732654915422112f,4.641674912141337f,-0.0743119439046385f,0.03700808362531918f,-0.9965481105995311f,3.3299568377159554f,0f,0f,0f,1f], start_interpolation: 0, interpolation_duration: 1 }
$data merge entity $(bone_right_head_scales) { transformation: [-0.850314735747649f,-0.005664598846804523f,0.5262440142085324f,-0.543096503805525f,0.014662438025621654f,0.9992989112704398f,0.0344484955383924f,4.749991577890234f,-0.5260702073692733f,0.03700808362531918f,-0.8496355328403062f,3.233966063329735f,0f,0f,0f,1f], start_interpolation: 0, interpolation_duration: 1 }
$data merge entity $(bone_right_head_scales2) { transformation: [-0.7743515479542017f,-0.005664598846804523f,0.6327302683615159f,-0.550498724349125f,0.01903342978605034f,0.9992989112704398f,0.032239951679450894f,3.845896042638371f,-0.6324692946946207f,0.03700808362531918f,-0.7737008420667968f,3.368592149407006f,0f,0f,0f,1f], start_interpolation: 0, interpolation_duration: 1 }
$data merge entity $(bone_right_head_scales1) { transformation: [-0.997230826003269f,-0.005664598846804523f,0.07415249145337106f,-0.5424603428022218f,-0.00290080367335524f,0.9992989112704398f,0.03732654915422112f,4.637765625940917f,-0.0743119439046385f,0.03700808362531918f,-0.9965481105995311f,3.2298098820632197f,0f,0f,0f,1f], start_interpolation: 0, interpolation_duration: 1 }
$data merge entity $(bone_head_left_fin1) { transformation: [-0.5713836876019218f,0.14695490394368957f,-0.8663718230497247f,0.8100953419168793f,0.23690098166287832f,1.0209145521018776f,0.016929271069973054f,4.223971897868879f,0.8462114419308967f,-0.1865822380043101f,-0.589735925674966f,3.2304337612960836f,0f,0f,0f,1f], start_interpolation: 0, interpolation_duration: 1 }
$data merge entity $(bone_head_right_fin1) { transformation: [-0.43827384375538675f,-0.12358213983035256f,0.9440967591407161f,-0.5338290134390886f,-0.23983793286757607f,1.0201275980387912f,0.02219566855465637f,4.220062611668459f,-0.921449402768736f,-0.20674219806254185f,-0.4548228882791431f,3.130286805643348f,0f,0f,0f,1f], start_interpolation: 0, interpolation_duration: 1 }
$data merge entity $(bone_right_whisker16) { transformation: [-0.12300143745894097f,-0.39454268470891285f,0.9106078828594214f,-0.8204839801537693f,0.9675146622893489f,0.15654667393919566f,0.1985157856033183f,2.4495712649131933f,-0.22087558633348697f,0.9054442052502514f,0.36247036643093955f,1.6824728107508118f,0f,0f,0f,1f], start_interpolation: 0, interpolation_duration: 1 }
$data merge entity $(bone_right_whisker15) { transformation: [0.46513404112190015f,-0.22092549807661765f,0.8572294022542676f,-0.9771941795551907f,0.12426166018314358f,0.9750646433352189f,0.18386946762878137f,2.407705764167896f,-0.8764755350824913f,0.020996800164812035f,0.48098832707738304f,1.9777697439573152f,0f,0f,0f,1f], start_interpolation: 0, interpolation_duration: 1 }
$data merge entity $(bone_right_whisker14) { transformation: [0.6940794335479223f,-0.16855436579213212f,0.699887966533364f,-1.2110393012095197f,-0.4325419568545479f,0.6795100819609728f,0.592598940324593f,2.5534352320534612f,-0.5754660680580862f,-0.7140416474448839f,0.3987271375614684f,2.1716523547776663f,0f,0f,0f,1f], start_interpolation: 0, interpolation_duration: 1 }
$data merge entity $(bone_right_whisker13) { transformation: [0.2415044550459557f,-0.3748701265182443f,0.8950687048697163f,-1.2924055482709014f,-0.10922506012979938f,0.9060088513294642f,0.4089227892308113f,2.590234690788599f,-0.9642331068951105f,-0.19652060847875547f,0.177859961797314f,2.4965160480186945f,0f,0f,0f,1f], start_interpolation: 0, interpolation_duration: 1 }
$data merge entity $(bone_right_whisker12) { transformation: [-0.4199758904199523f,-0.26966330145445944f,0.8665459914595701f,-1.1037445037463134f,-0.5801780394576753f,0.8140126866020118f,-0.02787092718269607f,2.8508615444512264f,-0.6978636643335261f,-0.5144560718853031f,-0.4983184284203498f,2.8100094909810207f,0f,0f,0f,1f], start_interpolation: 0, interpolation_duration: 1 }
$data merge entity $(bone_right_whisker11) { transformation: [-0.8807102126668651f,-0.172371737121568f,0.4411774082452299f,-0.7081129628998698f,-0.3036804744415056f,0.9202908740336064f,-0.24666348861037973f,2.987280507579247f,-0.3634937286216466f,-0.35121601815998343f,-0.8628555022948968f,2.973297689385276f,0f,0f,0f,1f], start_interpolation: 0, interpolation_duration: 1 }
$data merge entity $(bone_right_whisker10) { transformation: [-0.4396777022381372f,-0.5284260598940005f,0.7262571289698256f,-0.5106014950975817f,-0.7030133675371689f,0.7057258867569938f,0.08788161255407381f,3.303087293777584f,-0.558977390614899f,-0.4719288844581956f,-0.6817825201597658f,3.2244008140755627f,0f,0f,0f,1f], start_interpolation: 0, interpolation_duration: 1 }
$data merge entity $(bone_right_whisker1) { transformation: [0.09784959814603586f,-0.5448007234736532f,0.8328370956226934f,-0.5545573692647462f,-0.8851807838577259f,0.33482667430817636f,0.3230264355447529f,3.700727099026172f,-0.4548411107537239f,-0.7688194000376879f,-0.4494844759210357f,3.428723969296962f,0f,0f,0f,1f], start_interpolation: 0, interpolation_duration: 1 }
$data merge entity $(bone_left_whisker16) { transformation: [-0.14877976156197653f,0.25507481052407804f,-0.9554064180157402f,1.318406641122888f,-0.9683052354243861f,0.15843631951302958f,0.19308781346550732f,2.455792995739516f,0.20062291394376336f,0.9538525953706218f,0.2234181566154424f,1.8418592995374574f,0f,0f,0f,1f], start_interpolation: 0, interpolation_duration: 1 }
$data merge entity $(bone_left_whisker15) { transformation: [0.3308034727831459f,0.20972850009900607f,-0.9200994612762425f,1.429858983027366f,-0.12194639033398484f,0.9763173550116719f,0.17869946890666744f,2.4147075419648822f,0.9357874439631693f,0.05308840315205279f,0.34854480511355124f,2.15713924891958f,0f,0f,0f,1f], start_interpolation: 0, interpolation_duration: 1 }
$data merge entity $(bone_left_whisker14) { transformation: [0.5986083195905056f,0.26858836233947087f,-0.7546710351754812f,1.6315385438269014f,0.43630220301323713f,0.6807816684367207f,0.5883678335584901f,2.5617038896597717f,0.6717949593163284f,-0.6814665153448963f,0.2903358763584976f,2.383476417829866f,0f,0f,0f,1f], start_interpolation: 0, interpolation_duration: 1 }
$data merge entity $(bone_left_whisker13) { transformation: [0.09528993323683482f,0.3946085771490122f,-0.9138949061375448f,1.6636430623490772f,0.11020474745315631f,0.9082471562353731f,0.40366076949481233f,2.598833418831001f,0.9893304514986414f,-0.1391803651051039f,0.04305907229265765f,2.7167957593992327f,0f,0f,0f,1f], start_interpolation: 0, interpolation_duration: 1 }
$data merge entity $(bone_left_whisker12) { transformation: [-0.5221190248278768f,0.3382196836340958f,-0.782942634881534f,1.4290974066646795f,0.5774376183640426f,0.8157809323783505f,-0.03266905670464909f,2.8582292239554734f,0.6276603546591496f,-0.46915766643033896f,-0.6212355134880726f,2.9987525593437727f,0f,0f,0f,1f], start_interpolation: 0, interpolation_duration: 1 }
$data merge entity $(bone_left_whisker11) { transformation: [-0.9265995662747097f,0.21719523189910228f,-0.30698448661099287f,1.012851507752212f,0.29842326546948045f,0.9214240693433444f,-0.24883978592918746f,2.9922865502405918f,0.22881607986776575f,-0.3221861506568009f,-0.9186072533563521f,3.1015410327218706f,0f,0f,0f,1f], start_interpolation: 0, interpolation_duration: 1 }
$data merge entity $(bone_left_whisker10) { transformation: [-0.5217289195592609f,0.588443618800055f,-0.6176836099404144f,0.7784810946689503f,0.7002167714158125f,0.7089747029609608f,0.08397227869620755f,3.306837053025039f,0.4873350054362424f,-0.3887016568718392f,-0.7819306966870814f,3.3204610546951825f,0f,0f,0f,1f], start_interpolation: 0, interpolation_duration: 1 }
$data merge entity $(bone_left_whisker1) { transformation: [0.024232940905230087f,0.6507858420106514f,-0.7588745300862134f,0.7893669860912217f,0.8855359047269351f,0.338304466821742f,0.3183963711600771f,3.7046363852265918f,0.4639384937839631f,-0.6797263240208844f,-0.5680961172359156f,3.5288709249496972f,0f,0f,0f,1f], start_interpolation: 0, interpolation_duration: 1 }
$data merge entity $(bone_upper_left_tooth1) { transformation: [-0.997230826003269f,0.0008197721312046486f,0.0743640211560025f,0.3554396740294985f,-0.00290080367335524f,0.998749500332209f,-0.049910128473205334f,4.0754901895616715f,-0.0743119439046385f,-0.04998763406899862f,-0.9959814111886314f,4.425891249035673f,0f,0f,0f,1f], start_interpolation: 0, interpolation_duration: 1 }
$data merge entity $(bone_upper_right_tooth1) { transformation: [-0.997230826003269f,0.0008197721312046486f,0.0743640211560025f,-0.3165225036484854f,-0.00290080367335524f,0.998749500332209f,-0.049910128473205334f,4.073535546461461f,-0.0743119439046385f,-0.04998763406899862f,-0.9959814111886314f,4.375817771209306f,0f,0f,0f,1f], start_interpolation: 0, interpolation_duration: 1 }
$data merge entity $(bone_top_lip1) { transformation: [-0.997230826003269f,0.02620432699646798f,0.06959894335045373f,0.047558638318568436f,-0.00290080367335524f,0.9214472661819818f,-0.3884926266788098f,4.1979749880947f,-0.0743119439046385f,-0.3876187158696217f,-0.9188196047651025f,4.396765701552495f,0f,0f,0f,1f], start_interpolation: 0, interpolation_duration: 1 }
$data merge entity $(bone_muzzle1) { transformation: [-0.997230826003269f,0.0008197721312046486f,0.0743640211560025f,0.08945387548393391f,-0.00290080367335524f,0.998749500332209f,-0.049910128473205334f,4.338195656976744f,-0.0743119439046385f,-0.04998763406899862f,-0.9959814111886314f,3.8290780274212786f,0f,0f,0f,1f], start_interpolation: 0, interpolation_duration: 1 }
$data merge entity $(bone_jaw_right_tooth1) { transformation: [-0.997230826003269f,0.04842825329127921f,0.05643920580583316f,-0.31740856920554017f,-0.00290080367335524f,0.7330048926169046f,-0.6802171805664193f,4.110020974196063f,-0.0743119439046385f,-0.6784972598933878f,-0.7308345936737518f,4.386284121350225f,0f,0f,0f,1f], start_interpolation: 0, interpolation_duration: 1 }
$data merge entity $(bone_jaw_left_tooth1) { transformation: [-0.997230826003269f,0.04842825329127921f,0.05643920580583316f,0.41055045661227574f,-0.00290080367335524f,0.7330048926169046f,-0.6802171805664193f,4.11213850422129f,-0.0743119439046385f,-0.6784972598933878f,-0.7308345936737518f,4.440530388995457f,0f,0f,0f,1f], start_interpolation: 0, interpolation_duration: 1 }
$data merge entity $(bone_tongue1) { transformation: [-0.997230826003269f,0.02003866401878282f,0.07161795594108943f,0.10395267336584509f,-0.00290080367335524f,0.9518002445718037f,-0.3067048740582766f,3.8568494438146583f,-0.0743119439046385f,-0.3060633045260358f,-0.9491064158542585f,3.653300667306747f,0f,0f,0f,1f], start_interpolation: 0, interpolation_duration: 1 }
$data merge entity $(bone_jaw_lips1) { transformation: [-0.997230826003269f,0.02003866401878282f,0.07161795594108943f,0.09301727013062056f,-0.00290080367335524f,0.9518002445718037f,-0.3067048740582766f,4.009642459696202f,-0.0743119439046385f,-0.3060633045260358f,-0.9491064158542585f,4.549714337963686f,0f,0f,0f,1f], start_interpolation: 0, interpolation_duration: 1 }
$data merge entity $(bone_jaw3) { transformation: [-0.997230826003269f,0.037891954068938985f,0.06399124538305928f,0.14731780799168442f,-0.00290080367335524f,0.8399873750681047f,-0.5425981893300453f,3.451400707353801f,-0.0743119439046385f,-0.541281266573149f,-0.8375513867519301f,3.8428182760707807f,0f,0f,0f,1f], start_interpolation: 0, interpolation_duration: 1 }
$data merge entity $(bone_jaw1) { transformation: [-0.997230826003269f,-0.018454985872377618f,0.07204230122148951f,0.21204331299536644f,-0.00290080367335524f,0.977635628156562f,0.2102859098869276f,3.6403294545178375f,-0.0743119439046385f,0.20949461104136957f,-0.9749819192876035f,2.9668579579608245f,0f,0f,0f,1f], start_interpolation: 0, interpolation_duration: 1 }
$data merge entity $(bone_tear_right1) { transformation: [-0.997230826003269f,-0.005664598846804523f,0.07415249145337106f,-0.5106335614998929f,-0.00290080367335524f,0.9992989112704398f,0.03732654915422112f,4.395064622024144f,-0.0743119439046385f,0.03700808362531918f,-0.9965481105995311f,3.718939773527048f,0f,0f,0f,1f], start_interpolation: 0, interpolation_duration: 1 }
$data merge entity $(bone_right_pupil1) { transformation: [-0.997230826003269f,-0.005664598846804523f,0.07415249145337106f,-0.331477085449589f,-0.00290080367335524f,0.9992989112704398f,0.03732654915422112f,4.505312931920612f,-0.0743119439046385f,0.03700808362531918f,-0.9965481105995311f,3.8040163489737173f,0f,0f,0f,1f], start_interpolation: 0, interpolation_duration: 1 }
$data merge entity $(bone_right_sad_pupil1) { transformation: [-0.997230826003269f,-0.005664598846804523f,0.07415249145337106f,-0.3306443182115873f,-0.00290080367335524f,0.9992989112704398f,0.03732654915422112f,4.505732126564433f,-0.0743119439046385f,0.03700808362531918f,-0.9965481105995311f,3.7928246465597577f,0f,0f,0f,1f], start_interpolation: 0, interpolation_duration: 1 }
$data merge entity $(bone_right_happy_pupil1) { transformation: [-0.997230826003269f,-0.005664598846804523f,0.07415249145337106f,-0.35848334568656454f,-0.00290080367335524f,0.9992989112704398f,0.03732654915422112f,4.477594555280118f,-0.0743119439046385f,0.03700808362531918f,-0.9965481105995311f,3.7896992463393318f,0f,0f,0f,1f], start_interpolation: 0, interpolation_duration: 1 }
$data merge entity $(bone_eyelid_right1) { transformation: [-0.997230826003269f,-0.005664598846804523f,0.07415249145337106f,0.14248821324668512f,-0.00290080367335524f,0.9992989112704398f,0.03732654915422112f,4.471833113145977f,-0.0743119439046385f,0.03700808362531918f,-0.9965481105995311f,3.263291943539628f,0f,0f,0f,1f], start_interpolation: 0, interpolation_duration: 1 }
$data merge entity $(bone_eyelid_expressions_right5) { transformation: [-0.997230826003269f,-0.005664598846804523f,0.07415249145337106f,-0.46007287155667603f,-0.00290080367335524f,0.9992989112704398f,0.03732654915422112f,4.617583439628686f,-0.0743119439046385f,0.03700808362531918f,-0.9965481105995311f,3.7873834379487405f,0f,0f,0f,1f], start_interpolation: 0, interpolation_duration: 1 }
$data merge entity $(bone_eyelid_expressions_right7) { transformation: [-0.997230826003269f,-0.005664598846804523f,0.07415249145337106f,-0.12409178271768403f,-0.00290080367335524f,0.9992989112704398f,0.03732654915422112f,4.618560761178791f,-0.0743119439046385f,0.03700808362531918f,-0.9965481105995311f,3.812420176861924f,0f,0f,0f,1f], start_interpolation: 0, interpolation_duration: 1 }
$data merge entity $(bone_eyelid_expressions_right6) { transformation: [-0.997230826003269f,-0.005664598846804523f,0.07415249145337106f,-0.23608547899734805f,-0.00290080367335524f,0.9992989112704398f,0.03732654915422112f,4.618234987328756f,-0.0743119439046385f,0.03700808362531918f,-0.9965481105995311f,3.8040745972241963f,0f,0f,0f,1f], start_interpolation: 0, interpolation_duration: 1 }
$data merge entity $(bone_right_eye1) { transformation: [-0.997230826003269f,-0.005664598846804523f,0.07415249145337106f,0.130456076380717f,-0.00290080367335524f,0.9992989112704398f,0.03732654915422112f,4.4713813411171515f,-0.0743119439046385f,0.03700808362531918f,-0.9965481105995311f,3.273649087989815f,0f,0f,0f,1f], start_interpolation: 0, interpolation_duration: 1 }
$data merge entity $(bone_tear_left1) { transformation: [-0.997230826003269f,-0.005664598846804523f,0.07415249145337106f,0.6988983583204782f,-0.00290080367335524f,0.9992989112704398f,0.03732654915422112f,4.398582979604522f,-0.0743119439046385f,0.03700808362531918f,-0.9965481105995311f,3.80907203361451f,0f,0f,0f,1f], start_interpolation: 0, interpolation_duration: 1 }
$data merge entity $(bone_left_sad_pupil1) { transformation: [-0.997230826003269f,-0.005664598846804523f,0.07415249145337106f,0.5093084038858926f,-0.00290080367335524f,0.9992989112704398f,0.03732654915422112f,4.508175430439696f,-0.0743119439046385f,0.03700808362531918f,-0.9965481105995311f,3.8554164938427173f,0f,0f,0f,1f], start_interpolation: 0, interpolation_duration: 1 }
$data merge entity $(bone_left_pupil1) { transformation: [-0.997230826003269f,-0.005664598846804523f,0.07415249145337106f,0.5084756366478909f,-0.00290080367335524f,0.9992989112704398f,0.03732654915422112f,4.507756235795874f,-0.0743119439046385f,0.03700808362531918f,-0.9965481105995311f,3.866608196256677f,0f,0f,0f,1f], start_interpolation: 0, interpolation_duration: 1 }
$data merge entity $(bone_eyelid_left1) { transformation: [-0.997230826003269f,-0.005664598846804523f,0.07415249145337106f,0.12008947399075232f,-0.00290080367335524f,0.9992989112704398f,0.03732654915422112f,4.4717679583759695f,-0.0743119439046385f,0.03700808362531918f,-0.9965481105995311f,3.2616228276120824f,0f,0f,0f,1f], start_interpolation: 0, interpolation_duration: 1 }
$data merge entity $(bone_left_happy_pupil1) { transformation: [-0.997230826003269f,-0.005664598846804523f,0.07415249145337106f,0.5374662245507473f,-0.00290080367335524f,0.9992989112704398f,0.03732654915422112f,4.480200746080397f,-0.0743119439046385f,0.03700808362531918f,-0.9965481105995311f,3.8564638834411555f,0f,0f,0f,1f], start_interpolation: 0, interpolation_duration: 1 }
$data merge entity $(bone_eyelid_expressions_left5) { transformation: [-0.997230826003269f,-0.005664598846804523f,0.07415249145337106f,0.6374653519840312f,-0.00290080367335524f,0.9992989112704398f,0.03732654915422112f,4.62077602335903f,-0.0743119439046385f,0.03700808362531918f,-0.9965481105995311f,3.8691701183984746f,0f,0f,0f,1f], start_interpolation: 0, interpolation_duration: 1 }
$data merge entity $(bone_eyelid_expressions_left7) { transformation: [-0.997230826003269f,-0.005664598846804523f,0.07415249145337106f,0.30148426314503907f,-0.00290080367335524f,0.9992989112704398f,0.03732654915422112f,4.619798701808925f,-0.0743119439046385f,0.03700808362531918f,-0.9965481105995311f,3.844133379485291f,0f,0f,0f,1f], start_interpolation: 0, interpolation_duration: 1 }
$data merge entity $(bone_eyelid_expressions_left6) { transformation: [-0.997230826003269f,-0.005664598846804523f,0.07415249145337106f,0.4134779594247031f,-0.00290080367335524f,0.9992989112704398f,0.03732654915422112f,4.62012447565896f,-0.0743119439046385f,0.03700808362531918f,-0.9965481105995311f,3.852478959123019f,0f,0f,0f,1f], start_interpolation: 0, interpolation_duration: 1 }
$data merge entity $(bone_left_eye1) { transformation: [-0.997230826003269f,-0.005664598846804523f,0.07415249145337106f,0.130456076380717f,-0.00290080367335524f,0.9992989112704398f,0.03732654915422112f,4.4713813411171515f,-0.0743119439046385f,0.03700808362531918f,-0.9965481105995311f,3.273649087989815f,0f,0f,0f,1f], start_interpolation: 0, interpolation_duration: 1 }
$data merge entity $(bone_crest_middle5) { transformation: [-0.997230826003269f,0.010519211386644672f,0.07362082491143775f,0.0872543057917526f,-0.00290080367335524f,0.9836904808812081f,-0.1798461096653085f,5.838317278091547f,-0.0743119439046385f,-0.17956164405434866f,-0.980935956613689f,3.8000372098268276f,0f,0f,0f,1f], start_interpolation: 0, interpolation_duration: 1 }
$data merge entity $(bone_crest_middle4) { transformation: [-0.997230826003269f,0.010519211386644672f,0.07362082491143775f,0.08016616530661116f,-0.00290080367335524f,0.9836904808812081f,-0.1798461096653085f,5.175478965779014f,-0.0743119439046385f,-0.17956164405434866f,-0.980935956613689f,3.921030895761887f,0f,0f,0f,1f], start_interpolation: 0, interpolation_duration: 1 }
$data merge entity $(bone_crest_middle1) { transformation: [-0.997230826003269f,0.010519211386644672f,0.07362082491143775f,0.06864906068389272f,-0.00290080367335524f,0.9836904808812081f,-0.1798461096653085f,4.69349846703485f,-0.0743119439046385f,-0.17956164405434866f,-0.980935956613689f,4.094399292285801f,0f,0f,0f,1f], start_interpolation: 0, interpolation_duration: 1 }
$data merge entity $(bone_crest_left5) { transformation: [-0.5310342580315796f,-0.8271993040055473f,0.18369520475392814f,-1.0178875044988074f,-0.8443587542532036f,0.5347759732728123f,-0.032755954055630136f,5.190576574068686f,-0.07114007951097553f,-0.17249918800636202f,-0.9824373360292847f,3.792717085729617f,0f,0f,0f,1f], start_interpolation: 0, interpolation_duration: 1 }
$data merge entity $(bone_crest_left4) { transformation: [-0.5310342580315796f,-0.8271993040055473f,0.18369520475392814f,-0.5533957078160049f,-0.8443587542532036f,0.5347759732728123f,-0.032755954055630136f,4.890287331264128f,-0.07114007951097553f,-0.17249918800636202f,-0.9824373360292847f,3.889579422744908f,0f,0f,0f,1f], start_interpolation: 0, interpolation_duration: 1 }
$data merge entity $(bone_crest_left1) { transformation: [-0.5310342580315796f,-0.8271993040055473f,0.18369520475392814f,-0.0321398151823538f,-0.8443587542532036f,0.5347759732728123f,-0.032755954055630136f,4.5581298405871244f,-0.07114007951097553f,-0.17249918800636202f,-0.9824373360292847f,3.940961834456177f,0f,0f,0f,1f], start_interpolation: 0, interpolation_duration: 1 }
$data merge entity $(bone_crest_center1) { transformation: [-0.997230826003269f,-0.005664598846804523f,0.07415249145337106f,0.08001291931242077f,-0.00290080367335524f,0.9992989112704398f,0.03732654915422112f,4.530399485572876f,-0.0743119439046385f,0.03700808362531918f,-0.9965481105995311f,3.9482683820770563f,0f,0f,0f,1f], start_interpolation: 0, interpolation_duration: 1 }
$data merge entity $(bone_crest_right5) { transformation: [-0.5405892064542924f,0.8405218918409586f,-0.035864455958702884f,1.1850042088375035f,0.8412415528980339f,0.5396271387651916f,-0.03339462210891166f,5.196984475035467f,-0.008715477199931272f,-0.048223442890239915f,-0.9987985482633569f,3.956872826969112f,0f,0f,0f,1f], start_interpolation: 0, interpolation_duration: 1 }
$data merge entity $(bone_crest_right4) { transformation: [-0.5405892064542924f,0.8405218918409586f,-0.035864455958702884f,0.7130314668369653f,0.8412415528980339f,0.5396271387651916f,-0.03339462210891166f,4.893971189107747f,-0.008715477199931272f,-0.048223442890239915f,-0.9987985482633569f,3.9839514203889244f,0f,0f,0f,1f], start_interpolation: 0, interpolation_duration: 1 }
$data merge entity $(bone_crest_right1) { transformation: [-0.5405892064542924f,0.8405218918409586f,-0.035864455958702884f,0.19184757737697414f,0.8412415528980339f,0.5396271387651916f,-0.03339462210891166f,4.558781388287194f,-0.008715477199931272f,-0.048223442890239915f,-0.9987985482633569f,3.957652993731633f,0f,0f,0f,1f], start_interpolation: 0, interpolation_duration: 1 }
$data merge entity $(bone_head1) { transformation: [-1.0452744986101967f,-0.0059375026974969256f,0.07772494221349437f,0.17657635497246352f,-0.0030405559336601135f,1.0474422181936245f,0.039124833423369774f,4.438324070552693f,-0.07789207661879421f,0.038791025154143136f,-1.04455889196956f,2.6560273645887804f,0f,0f,0f,1f], start_interpolation: 0, interpolation_duration: 1 }
$data merge entity $(bone_neck10) { transformation: [-1.4962183657247259f,0.009292257872080793f,-0.05863904582866624f,0.1320083574579146f,0.016371123256128543f,1.4861778143697806f,-0.1822135343008936f,3.8626435830523724f,0.0570689939931511f,-0.18271135625003992f,-1.4851107608208582f,1.6526993543789308f,0f,0f,0f,1f], start_interpolation: 0, interpolation_duration: 1 }
$data merge entity $(bone_neck9) { transformation: [-1.1446070497794159f,0.039916362061350324f,-0.0216687363172185f,0.0865409835754356f,0.012523909290938344f,0.8027048962823287f,0.8171267647550077f,2.976598518208501f,0.04365778040476062f,0.8162473167016847f,-0.8025101025444891f,0.714824632360565f,0f,0f,0f,1f], start_interpolation: 0, interpolation_duration: 1 }
$data merge entity $(bone_neck8) { transformation: [-1.0623150396645553f,0.040892685815509165f,-0.010231429333496193f,0.044963917035215364f,0.011623497511851268f,0.5322112116064266f,0.9202750990562172f,2.49111940263812f,0.040518985735137285f,0.9194395857717528f,-0.5322397930517618f,-0.2359636734166386f,0f,0f,0f,1f], start_interpolation: 0, interpolation_duration: 1 }
$data merge entity $(bone_neck7) { transformation: [-1.055196271171182f,-0.031423562392240166f,-0.00004343982356207506f,0.07672177264439425f,-0.008737902400628206f,0.29201447789692186f,1.0144347226974386f,2.1959983877422946f,-0.030184287668824927f,1.0139855606857393f,-0.29214517684322044f,-1.2607363145352048f,0f,0f,0f,1f], start_interpolation: 0, interpolation_duration: 1 }
$data merge entity $(bone_neck6) { transformation: [-1.0381055192205275f,-0.14748039651905073f,0.04902015728529533f,0.21287584497665357f,0.056290132689690325f,-0.0481981363134673f,1.0470553341784274f,2.2558425041178887f,-0.14486153436805982f,1.0381440095248369f,0.05557574616718539f,-2.213188332269813f,0f,0f,0f,1f], start_interpolation: 0, interpolation_duration: 1 }
$data merge entity $(bone_neck_spine6) { transformation: [-1.268151627257311f,-0.06741462070526907f,-0.0850416822299991f,0.7495275437154227f,-0.06110889594772623f,-0.38063306473270836f,1.2130002231594792f,4.514968195056213f,-0.08968010725569749f,1.212666115410198f,0.3760102916347584f,-5.22128715865627f,0f,0f,0f,1f], start_interpolation: 0, interpolation_duration: 1 }
$data merge entity $(bone_neck_spine7) { transformation: [-0.9852513684271635f,0.10368707218733159f,-0.13612028531273612f,0.7025673062628381f,-0.1157487155004012f,0.18202845430731857f,0.9764567971408136f,5.368893867909492f,0.1260237115482986f,0.977811143771489f,-0.1673421382792859f,-8.837582681276587f,0f,0f,0f,1f], start_interpolation: 0, interpolation_duration: 1 }
$data merge entity $(bone_tail6) { transformation: [-1.5021212018408998f,0.696303433582304f,-0.47338711525417876f,-0.5128984136485545f,-0.17934365968797955f,0.6813481191803745f,1.5712741739576248f,4.386920118201047f,0.8226601268062657f,1.4199395080065866f,-0.5218276026545915f,-12.459242378692842f,0f,0f,0f,1f], start_interpolation: 0, interpolation_duration: 1 }
$data merge entity $(bone_tail5) { transformation: [-1.2408827319555258f,0.6343751636947642f,-0.28523417824950015f,-0.11224041552554553f,-0.14815345800311353f,0.32890488059039363f,1.3760277873739957f,4.594649516468664f,0.679588800405176f,1.2300284835851953f,-0.22083779376002127f,-11.68238228379693f,0f,0f,0f,1f], start_interpolation: 0, interpolation_duration: 1 }
$data merge entity $(bone_tail4) { transformation: [-0.9102899245932156f,0.4906459560546067f,-0.17121330852627262f,0.09803642278357164f,-0.08673170745156226f,0.19705516866526146f,1.0258275047248517f,4.679101731610919f,0.5123719958504643f,0.9050475149597063f,-0.13053402452481644f,-11.294504777385628f,0f,0f,0f,1f], start_interpolation: 0, interpolation_duration: 1 }
$data merge entity $(bone_segment18) { transformation: [-0.9221193936014517f,0.3507343749985788f,-0.16334387695425762f,0.29498199468218766f,-0.10657604356215379f,0.1755891993713789f,0.978677669103958f,4.777699182429808f,0.37193732117485767f,0.9198662029113117f,-0.12453432401870687f,-10.777978345086796f,0f,0f,0f,1f], start_interpolation: 0, interpolation_duration: 1 }
$data merge entity $(bone_segment17) { transformation: [-0.9467119186171802f,0.28550763909663485f,-0.1490702222633464f,0.5033969949016552f,-0.11665860089039913f,0.12744425967107048f,0.9849612842722234f,4.870731002843993f,0.30021211498950595f,0.949864910760661f,-0.0873460778694107f,-10.08459551228055f,0f,0f,0f,1f], start_interpolation: 0, interpolation_duration: 1 }
$data merge entity $(bone_segment16) { transformation: [-0.9662069221859979f,0.21807106015826105f,-0.13743797234139182f,0.7115654141445267f,-0.12301530366483114f,0.078455932228123f,0.9892986918835311f,4.945624238930898f,0.22652023879580926f,0.9727742181100753f,-0.04897858711948774f,-9.155995123410825f,0f,0f,0f,1f], start_interpolation: 0, interpolation_duration: 1 }
$data merge entity $(bone_segment15) { transformation: [-0.9852513684271635f,0.13538454314176757f,-0.10464591005240707f,0.8712107616481247f,-0.1157487155004012f,-0.07689963068493261f,0.9902972693391255f,4.854944254505062f,0.1260237115482986f,0.9878043694369932f,0.09143605333114163f,-7.9911769826928865f,0f,0f,0f,1f], start_interpolation: 0, interpolation_duration: 1 }
$data merge entity $(bone_segment14) { transformation: [-1.0451827039557342f,-0.004991910266230847f,-0.0790151517675309f,0.8655948625986151f,-0.07421284203636293f,-0.302663799648568f,1.000780833391782f,4.514447479900423f,-0.02758201323032615f,1.003516269543926f,0.3014457286676604f,-6.86222117945597f,0f,0f,0f,1f], start_interpolation: 0, interpolation_duration: 1 }
$data merge entity $(bone_segment13) { transformation: [-1.0219810172603037f,-0.041602151734694594f,-0.07692641388902756f,0.8175957043751945f,-0.049246580851991135f,-0.4718325705317796f,0.9094187217574474f,3.9212894456505296f,-0.07227161584723855f,0.9098004716307881f,0.4681170015993998f,-5.7792893434508725f,0f,0f,0f,1f], start_interpolation: 0, interpolation_duration: 1 }
$data merge entity $(bone_segment12) { transformation: [-1.099758902626591f,-0.1663209024470269f,-0.08568310623710436f,0.6166711242378464f,0.009759957547032847f,-0.5611950073998013f,0.964074057367946f,3.2433357454360046f,-0.18683945117108558f,0.9496691014613564f,0.5547012695202201f,-4.632038079940509f,0f,0f,0f,1f], start_interpolation: 0, interpolation_duration: 1 }
$data merge entity $(bone_segment11) { transformation: [-1.166697148360979f,-0.22315996414584144f,-0.07835965345848306f,0.35877392849271017f,0.028068411671031437f,-0.5222457545651319f,1.069389721750826f,2.6397968619822985f,-0.23484626706416328f,1.0462226546593558f,0.5170959568638154f,-3.4229596962150737f,0f,0f,0f,1f], start_interpolation: 0, interpolation_duration: 1 }
$data merge entity $(bone_segment10) { transformation: [-1.0406367394963902f,-0.1201975078096057f,-0.03609617087524737f,0.2065238649463893f,-7.273189573756925e-18f,-0.30147433983436533f,1.0038866571713199f,2.27424400692021f,-0.12550049575796615f,0.996664928430296f,0.2993056030660156f,-2.160518390624416f,0f,0f,0f,1f], start_interpolation: 0, interpolation_duration: 1 }