# This file was generated by Animated Java via MC-Build. It is not recommended to edit this file directly.
$data merge entity $(bone_neck_spine5) { transformation: [-1.5666750687182402f,-0.02665173008428027f,-0.12976174280909664f,-0.08869856214159672f,-0.09991565586167239f,1.2489620930993888f,0.9498051101521657f,4.145303661080096f,0.08697865443355236f,0.9546740652395195f,-1.246214804272771f,0.3388197231464183f,0f,0f,0f,1f], start_interpolation: 0, interpolation_duration: 1 }
$data merge entity $(bone_neck_spine2) { transformation: [-1.4920714940173712f,-0.10533431176366193f,-0.06943789448185604f,-0.17072108418087067f,-0.09515776748730702f,1.4807268568283365f,-0.2014627916964664f,5.388254936699532f,0.08283681374624031f,-0.19633374625004715f,-1.4821556612096518f,2.319310825932005f,0f,0f,0f,1f], start_interpolation: 0, interpolation_duration: 1 }
$data merge entity $(bone_scale_neck_left1) { transformation: [-1.6125052734461893f,0.33545874022862093f,-0.018688433592175417f,0.6744841299766626f,0.32433746603749725f,1.5781318760566734f,0.34257856140729515f,4.541963334189802f,0.08767572109927502f,0.3316960901423818f,-1.6110076823378752f,2.3606377319570737f,0f,0f,0f,1f], start_interpolation: 0, interpolation_duration: 1 }
$data merge entity $(bone_scale_neck_right1) { transformation: [-1.5582015861842164f,-0.4939909662241809f,-0.20257300644351486f,-0.892190938741577f,-0.5265512254510973f,1.5252332162903528f,0.330851210876137f,4.442047678328129f,0.08835555798370479f,0.37774547257532876f,-1.6007987800344872f,2.447616386390626f,0f,0f,0f,1f], start_interpolation: 0, interpolation_duration: 1 }
$data merge entity $(bone_blush_right1) { transformation: [-0.9720023599577367f,0.033556251062314205f,-0.2325626587636837f,-0.5221051036741466f,-0.06185204293285582f,0.9183042171073115f,0.3910136693620314f,3.920825669868741f,0.22668422314228845f,0.3944506849500591f,-0.8905183435060765f,3.719684713085526f,0f,0f,0f,1f], start_interpolation: 0, interpolation_duration: 1 }
$data merge entity $(bone_blush_left1) { transformation: [-0.9720023599577367f,0.033556251062314205f,-0.2325626587636837f,0.7659878674807836f,-0.06185204293285582f,0.9183042171073115f,0.3910136693620314f,4.002791707231911f,0.22668422314228845f,0.3944506849500591f,-0.8905183435060765f,3.4192838431596617f,0f,0f,0f,1f], start_interpolation: 0, interpolation_duration: 1 }
$data merge entity $(bone_left_head_scales) { transformation: [-0.7547911379829264f,0.033556251062314205f,-0.6551063394877827f,0.7099867489809897f,-0.23541345171950767f,0.9183042171073115f,0.3182732655948892f,4.827524815337048f,0.6122669718120897f,0.3944506849500591f,-0.6852282921556021f,3.35464652399251f,0f,0f,0f,1f], start_interpolation: 0, interpolation_duration: 1 }
$data merge entity $(bone_left_head_scales2) { transformation: [-0.6628252591711064f,0.033556251062314205f,-0.74802182710092f,0.7190153697421288f,-0.2749424544491195f,0.9183042171073115f,0.2848227722363886f,3.936616868360801f,0.6964691827685195f,0.3944506849500591f,-0.5994491926728901f,3.150271313153393f,0f,0f,0f,1f], start_interpolation: 0, interpolation_duration: 1 }
$data merge entity $(bone_left_head_scales1) { transformation: [-0.9720023599577367f,0.033556251062314205f,-0.2325626587636837f,0.706218224691765f,-0.06185204293285582f,0.9183042171073115f,0.3910136693620314f,4.724394947204879f,0.22668422314228845f,0.3944506849500591f,-0.8905183435060765f,3.310347863085033f,0f,0f,0f,1f], start_interpolation: 0, interpolation_duration: 1 }
$data merge entity $(bone_right_head_scales) { transformation: [-0.9695621083316932f,0.033556251062314205f,0.2425351440555476f,-0.5999383064308039f,0.12568658744821248f,0.9183042171073115f,0.37539345569488913f,4.7441695231033165f,-0.2101242485364912f,0.3944506849500591f,-0.8945705435120275f,3.6601389340866097f,0f,0f,0f,1f], start_interpolation: 0, interpolation_duration: 1 }
$data merge entity $(bone_right_head_scales2) { transformation: [-0.9296101812551025f,0.033556251062314205f,0.3670134723978105f,-0.5909096856696648f,0.17360999962532084f,0.9183042171073115f,0.3557765209693073f,3.8532615761270694f,-0.3250914931783845f,0.3944506849500591f,-0.8594906504468084f,3.4557637232474927f,0f,0f,0f,1f], start_interpolation: 0, interpolation_duration: 1 }
$data merge entity $(bone_right_head_scales1) { transformation: [-0.9720023599577367f,0.033556251062314205f,-0.2325626587636837f,-0.6037068307200286f,-0.06185204293285582f,0.9183042171073115f,0.3910136693620314f,4.641039654971148f,0.22668422314228845f,0.3944506849500591f,-0.8905183435060765f,3.6158402731791326f,0f,0f,0f,1f], start_interpolation: 0, interpolation_duration: 1 }
$data merge entity $(bone_head_left_fin1) { transformation: [-0.2790389795889709f,0.11118198946895694f,-1.0042166156327252f,0.672497946706187f,-0.12503381112885364f,1.0300030727340252f,0.14877975083402337f,4.370592632163735f,1.0025861518940473f,0.1593970934533145f,-0.26093825448579827f,3.069221308257387f,0f,0f,0f,1f], start_interpolation: 0, interpolation_duration: 1 }
$data merge entity $(bone_head_right_fin1) { transformation: [-0.7050757084433357f,-0.15251086693648322f,0.7604497872013538f,-0.6374271087056066f,0.06241101673803049f,1.0132233378821613f,0.2610718877739044f,4.287237339930003f,-0.7730771684495845f,0.22089386832229455f,-0.6724825563423628f,3.3747137183514866f,0f,0f,0f,1f], start_interpolation: 0, interpolation_duration: 1 }
$data merge entity $(bone_right_whisker16) { transformation: [-0.1577279702621493f,-0.09485208318304744f,0.9829165629456138f,-1.4011999771425894f,0.9691768200686977f,-0.20563935915249396f,0.13567883183783325f,3.120170535971715f,0.18925691226084754f,0.974020295621805f,0.12436351908136915f,1.5396164121515452f,0f,0f,0f,1f], start_interpolation: 0, interpolation_duration: 1 }
$data merge entity $(bone_right_whisker15) { transformation: [0.17865886796846195f,-0.17690310586475688f,0.9678772133032321f,-1.461392662151495f,0.46333817339018557f,0.8829295061007111f,0.07585001210415515f,2.964065389663498f,-0.8679854526290599f,0.4349031827799806f,0.23970914799433313f,1.8320529171877031f,0f,0f,0f,1f], start_interpolation: 0, interpolation_duration: 1 }
$data merge entity $(bone_right_whisker14) { transformation: [0.4730568228072316f,-0.3595888351536736f,0.8043090898580915f,-1.620772158116822f,-0.1419555138054439f,0.8698798680708535f,0.4723956469160854f,3.011892198513965f,-0.8695204853801665f,-0.3376460939472843f,0.3604569887606308f,2.1250065963441065f,0f,0f,0f,1f], start_interpolation: 0, interpolation_duration: 1 }
$data merge entity $(bone_right_whisker13) { transformation: [-0.06745612038109206f,-0.3917436283687146f,0.9175982789083934f,-1.5980452425587393f,0.2573227426131762f,0.8817479140855229f,0.39535505832082407f,2.9251965479265176f,-0.9639681934364663f,0.2627880241532014f,0.04132525141474436f,2.449781036515572f,0f,0f,0f,1f], start_interpolation: 0, interpolation_duration: 1 }
$data merge entity $(bone_right_whisker12) { transformation: [-0.6288303016567037f,-0.39118993435624294f,0.6719694092566246f,-1.315562880486392f,-0.3318671558381736f,0.9165815796294093f,0.22303004003931395f,3.074277496838197f,-0.7031618893215275f,-0.08275652930382502f,-0.7061973621186679f,2.765654541484227f,0f,0f,0f,1f], start_interpolation: 0, interpolation_duration: 1 }
$data merge entity $(bone_right_whisker11) { transformation: [-0.9576801363440537f,-0.24581332215800783f,0.14974834590631747f,-0.8853550067380863f,-0.2308233243736269f,0.9666841481375702f,0.11064515653496895f,3.1779676620841624f,-0.17195740570601203f,0.07139725757467036f,-0.9825136549858602f,2.8429010323287245f,0f,0f,0f,1f], start_interpolation: 0, interpolation_duration: 1 }
$data merge entity $(bone_right_whisker10) { transformation: [-0.6085903283703197f,-0.6275156308345323f,0.48563560955972496f,-0.6119648201654819f,-0.4968476982017994f,0.7785632285687007f,0.3833818773915309f,3.4011609640107516f,-0.6186761487286221f,-0.007964432121635556f,-0.7856057476974692f,3.12082195851541f,0f,0f,0f,1f], start_interpolation: 0, interpolation_duration: 1 }
$data merge entity $(bone_right_whisker1) { transformation: [-0.07018625672238732f,-0.7439864462305369f,0.6644983500299726f,-0.580435837653472f,-0.6573230630707354f,0.5355574001799548f,0.5301930420778774f,3.6964428087495587f,-0.7503334459575991f,-0.3995778258834497f,-0.526628218897972f,3.4578858111916753f,0f,0f,0f,1f], start_interpolation: 0, interpolation_duration: 1 }
$data merge entity $(bone_left_whisker16) { transformation: [-0.10717756610121343f,0.5383310495195022f,-0.8358903339839816f,0.6835798725785475f,-0.9860337221538023f,-0.16534761509748883f,0.019941538483571088f,3.25283265499796f,-0.12747732386640043f,0.8263533428895926f,0.5485341234554663f,1.0534172832962598f,0f,0f,0f,1f], start_interpolation: 0, interpolation_duration: 1 }
$data merge entity $(bone_left_whisker15) { transformation: [0.5971426031866852f,0.2428559826399631f,-0.7644878567743295f,0.884765612909999f,-0.4139711061092511f,0.9096403025279743f,-0.034386673632365305f,3.1133599678810735f,0.6870579559004557f,0.3370096314837215f,0.6437203379737928f,1.2848967703916283f,0f,0f,0f,1f], start_interpolation: 0, interpolation_duration: 1 }
$data merge entity $(bone_left_whisker14) { transformation: [0.7869278406982438f,0.06649482802912536f,-0.6134517188657778f,1.1498926686139967f,0.2221329173924775f,0.8969931201717198f,0.38217837376715796f,3.18819967149475f,0.5756748566202164f,-0.4370146224212408f,0.6910981690362908f,1.4788497250146502f,0f,0f,0f,1f], start_interpolation: 0, interpolation_duration: 1 }
$data merge entity $(bone_left_whisker13) { transformation: [0.3957301084039231f,0.35826840134299176f,-0.8456012262891753f,1.2832197070899278f,-0.23643347563463651f,0.9294739054749924f,0.28315626540903305f,3.1085419087076898f,0.8874102168117883f,0.08787497732689384f,0.4525274527118247f,1.7778307062647156f,0f,0f,0f,1f], start_interpolation: 0, interpolation_duration: 1 }
$data merge entity $(bone_left_whisker12) { transformation: [-0.2894310045998596f,0.2013145096272128f,-0.9357895926915791f,1.1532018729923346f,0.2734348514756298f,0.9542847908734297f,0.12072249130197388f,3.231373970894008f,0.9173129649006475f,-0.2209366563547338f,-0.3312460087366697f,2.1899048897161784f,0f,0f,0f,1f], start_interpolation: 0, interpolation_duration: 1 }
$data merge entity $(bone_left_whisker11) { transformation: [-0.8039073762948179f,0.133898178305008f,-0.5794861587522027f,0.7920716062973967f,0.11872710840717612f,0.9908465709837029f,0.06424131458110813f,3.284708414123794f,0.5827836683264668f,-0.01715664933600211f,-0.8124462107213672f,2.4517022407222084f,0f,0f,0f,1f], start_interpolation: 0, interpolation_duration: 1 }
$data merge entity $(bone_left_whisker10) { transformation: [-0.3284941268017497f,0.46109889566056245f,-0.8243054149266317f,0.6445058852731733f,0.4372176084605205f,0.8478357274883874f,0.30002556898754495f,3.4811147616744185f,0.8372170396670264f,-0.26184420485251714f,-0.480109613397122f,2.8277958327601302f,0f,0f,0f,1f], start_interpolation: 0, interpolation_duration: 1 }
$data merge entity $(bone_left_whisker1) { transformation: [0.18918028796693898f,0.42135354615824594f,-0.886945324010797f,0.7294892177583217f,0.6648950857658362f,0.6097122193552281f,0.4314690423348627f,3.77979810098329f,0.7225824129946614f,-0.6713510249554948f,-0.1648103689760425f,3.1523934010975756f,0f,0f,0f,1f], start_interpolation: 0, interpolation_duration: 1 }
$data merge entity $(bone_upper_left_tooth1) { transformation: [-0.9720023599577367f,0.013159388136193887f,-0.2346023076196644f,0.6005068347564285f,-0.06185204293285582f,0.94888887909533f,0.30949025818956f,3.7735773501172547f,0.22668422314228845f,0.31533589334722f,-0.9215082947783422f,4.207758629490116f,0f,0f,0f,1f], start_interpolation: 0, interpolation_duration: 1 }
$data merge entity $(bone_upper_right_tooth1) { transformation: [-0.9720023599577367f,0.013159388136193887f,-0.2346023076196644f,-0.0544556929494682f,-0.06185204293285582f,0.94888887909533f,0.30949025818956f,3.731899704000389f,0.22668422314228845f,0.31533589334722f,-0.9215082947783422f,4.360504834537165f,0f,0f,0f,1f], start_interpolation: 0, interpolation_duration: 1 }
$data merge entity $(bone_top_lip1) { transformation: [-0.9720023599577367f,-0.06787293495097121f,-0.22495483310596348f,0.3019416726074664f,-0.06185204293285582f,0.9975157800955852f,-0.03371339860246275f,3.871696253818031f,0.22668422314228845f,-0.018855587008566266f,-0.9737857720345577f,4.316722294194586f,0f,0f,0f,1f], start_interpolation: 0, interpolation_duration: 1 }
$data merge entity $(bone_muzzle1) { transformation: [-0.9720023599577367f,0.013159388136193887f,-0.2346023076196644f,0.17242376984592966f,-0.06185204293285582f,0.94888887909533f,0.30949025818956f,4.205329291027935f,0.22668422314228845f,0.31533589334722f,-0.9215082947783422f,3.8523943372657277f,0f,0f,0f,1f], start_interpolation: 0, interpolation_duration: 1 }
$data merge entity $(bone_jaw_right_tooth1) { transformation: [-0.9720023599577367f,-0.14071878038521315f,-0.18817448573993445f,-0.051094832013390545f,-0.06185204293285582f,0.9258275562513103f,-0.3728507219662567f,3.762169702549799f,0.22668422314228845f,-0.3507728052922927f,-0.9086103136360232f,4.383175252177952f,0f,0f,0f,1f], start_interpolation: 0, interpolation_duration: 1 }
$data merge entity $(bone_jaw_left_tooth1) { transformation: [-0.9720023599577367f,-0.14071878038521315f,-0.18817448573993445f,0.6584479063346642f,-0.06185204293285582f,0.9258275562513103f,-0.3728507219662567f,3.80732048584307f,0.22668422314228845f,-0.3507728052922927f,-0.9086103136360232f,4.2177001967103145f,0f,0f,0f,1f], start_interpolation: 0, interpolation_duration: 1 }
$data merge entity $(bone_tongue1) { transformation: [-0.9720023599577367f,-0.048008552378057755f,-0.23001432810838968f,0.11925215293011271f,-0.06185204293285582f,0.9966582476898189f,0.053354119774313064f,3.8194569180488718f,0.22668422314228845f,0.0660871864314323f,-0.9717235958686783f,3.5191116294628806f,0f,0f,0f,1f], start_interpolation: 0, interpolation_duration: 1 }
$data merge entity $(bone_jaw_lips1) { transformation: [-0.9720023599577367f,-0.048008552378057755f,-0.23001432810838968f,0.3866861675220453f,-0.06185204293285582f,0.9966582476898189f,0.053354119774313064f,3.6462762694058326f,0.22668422314228845f,0.0660871864314323f,-0.9717235958686783f,4.370880535012714f,0f,0f,0f,1f], start_interpolation: 0, interpolation_duration: 1 }
$data merge entity $(bone_jaw3) { transformation: [-0.9720023599577367f,-0.10590478938562876f,-0.2097512522531779f,0.2071580180928944f,-0.06185204293285582f,0.9765070037598764f,-0.20641801373170127f,3.378572498837442f,0.22668422314228845f,-0.18766525302541814f,-0.9557175397497333f,3.5280348910327346f,0f,0f,0f,1f], start_interpolation: 0, interpolation_duration: 1 }
$data merge entity $(bone_jaw1) { transformation: [-0.9720023599577367f,0.07343053809588101f,-0.22320252756530337f,0.006624497233442106f,-0.06185204293285582f,0.8364543015035099f,0.5445351469660223f,3.867803294939728f,0.22668422314228845f,0.5430949802485978f,-0.8084937262633226f,2.8016538088430307f,0f,0f,0f,1f], start_interpolation: 0, interpolation_duration: 1 }
$data merge entity $(bone_tear_right1) { transformation: [-0.9720023599577367f,0.033556251062314205f,-0.2325626587636837f,-0.4308289689747399f,-0.06185204293285582f,0.9183042171073115f,0.3910136693620314f,4.2457319443563994f,0.22668422314228845f,0.3944506849500591f,-0.8905183435060765f,3.9520096216935303f,0f,0f,0f,1f], start_interpolation: 0, interpolation_duration: 1 }
$data merge entity $(bone_right_pupil1) { transformation: [-0.9720023599577367f,0.033556251062314205f,-0.2325626587636837f,-0.23127537284976682f,-0.06185204293285582f,0.9183042171073115f,0.3910136693620314f,4.33397554217507f,0.22668422314228845f,0.3944506849500591f,-0.8905183435060765f,4.014308788245993f,0f,0f,0f,1f], start_interpolation: 0, interpolation_duration: 1 }
$data merge entity $(bone_right_sad_pupil1) { transformation: [-0.9720023599577367f,0.033556251062314205f,-0.2325626587636837f,-0.23388716052142924f,-0.06185204293285582f,0.9183042171073115f,0.3910136693620314f,4.3383668089696625f,0.22668422314228845f,0.3944506849500591f,-0.8905183435060765f,4.004307849817946f,0f,0f,0f,1f], start_interpolation: 0, interpolation_duration: 1 }
$data merge entity $(bone_right_happy_pupil1) { transformation: [-0.9720023599577367f,0.033556251062314205f,-0.2325626587636837f,-0.2621190355421886f,-0.06185204293285582f,0.9183042171073115f,0.3910136693620314f,4.310848125592074f,0.22668422314228845f,0.3944506849500591f,-0.8905183435060765f,3.9995976700924425f,0f,0f,0f,1f], start_interpolation: 0, interpolation_duration: 1 }
$data merge entity $(bone_eyelid_right1) { transformation: [-0.9720023599577367f,0.033556251062314205f,-0.2325626587636837f,0.05390716500880026f,-0.06185204293285582f,0.9183042171073115f,0.3910136693620314f,4.533108393119635f,0.22668422314228845f,0.3944506849500591f,-0.8905183435060765f,3.384099368258702f,0f,0f,0f,1f], start_interpolation: 0, interpolation_duration: 1 }
$data merge entity $(bone_eyelid_expressions_right5) { transformation: [-0.9720023599577367f,0.033556251062314205f,-0.2325626587636837f,-0.35565277139581997f,-0.06185204293285582f,0.9183042171073115f,0.3910136693620314f,4.433508483824177f,0.22668422314228845f,0.3944506849500591f,-0.8905183435060765f,4.077882785228132f,0f,0f,0f,1f], start_interpolation: 0, interpolation_duration: 1 }
$data merge entity $(bone_eyelid_expressions_right7) { transformation: [-0.9720023599577367f,0.033556251062314205f,-0.2325626587636837f,-0.02817150754287162f,-0.06185204293285582f,0.9183042171073115f,0.3910136693620314f,4.454347306882609f,0.22668422314228845f,0.3944506849500591f,-0.8905183435060765f,4.001509682704607f,0f,0f,0f,1f], start_interpolation: 0, interpolation_duration: 1 }
$data merge entity $(bone_eyelid_expressions_right6) { transformation: [-0.9720023599577367f,0.033556251062314205f,-0.2325626587636837f,-0.13733192882718778f,-0.06185204293285582f,0.9183042171073115f,0.3910136693620314f,4.447401032529799f,0.22668422314228845f,0.3944506849500591f,-0.8905183435060765f,4.026967383545782f,0f,0f,0f,1f], start_interpolation: 0, interpolation_duration: 1 }
$data merge entity $(bone_right_eye1) { transformation: [-0.9720023599577367f,0.033556251062314205f,-0.2325626587636837f,0.04560291055203111f,-0.06185204293285582f,0.9183042171073115f,0.3910136693620314f,4.528022498889761f,0.22668422314228845f,0.3944506849500591f,-0.8905183435060765f,3.3966460767708666f,0f,0f,0f,1f], start_interpolation: 0, interpolation_duration: 1 }
$data merge entity $(bone_tear_left1) { transformation: [-0.9720023599577367f,0.033556251062314205f,-0.2325626587636837f,0.7481035808958744f,-0.06185204293285582f,0.9183042171073115f,0.3910136693620314f,4.320751707366758f,0.22668422314228845f,0.3944506849500591f,-0.8905183435060765f,3.6770664526088406f,0f,0f,0f,1f], start_interpolation: 0, interpolation_duration: 1 }
$data merge entity $(bone_left_sad_pupil1) { transformation: [-0.9720023599577367f,0.033556251062314205f,-0.2325626587636837f,0.5848159991109416f,-0.06185204293285582f,0.9183042171073115f,0.3910136693620314f,4.390463866615745f,0.22668422314228845f,0.3944506849500591f,-0.8905183435060765f,3.8133750935091335f,0f,0f,0f,1f], start_interpolation: 0, interpolation_duration: 1 }
$data merge entity $(bone_left_pupil1) { transformation: [-0.9720023599577367f,0.033556251062314205f,-0.2325626587636837f,0.5874277867826041f,-0.06185204293285582f,0.9183042171073115f,0.3910136693620314f,4.386072599821151f,0.22668422314228845f,0.3944506849500591f,-0.8905183435060765f,3.82337603193718f,0f,0f,0f,1f], start_interpolation: 0, interpolation_duration: 1 }
$data merge entity $(bone_eyelid_left1) { transformation: [-0.9720023599577367f,0.033556251062314205f,-0.2325626587636837f,0.03207508075193703f,-0.06185204293285582f,0.9183042171073115f,0.3910136693620314f,4.5317191382490725f,0.22668422314228845f,0.3944506849500591f,-0.8905183435060765f,3.3891909084269374f,0f,0f,0f,1f], start_interpolation: 0, interpolation_duration: 1 }
$data merge entity $(bone_left_happy_pupil1) { transformation: [-0.9720023599577367f,0.033556251062314205f,-0.2325626587636837f,0.6111643347323403f,-0.06185204293285582f,0.9183042171073115f,0.3910136693620314f,4.366418320414561f,0.22668422314228845f,0.3944506849500591f,-0.8905183435060765f,3.7959360633630426f,0f,0f,0f,1f], start_interpolation: 0, interpolation_duration: 1 }
$data merge entity $(bone_eyelid_expressions_left5) { transformation: [-0.9720023599577367f,0.033556251062314205f,-0.2325626587636837f,0.714119357190478f,-0.06185204293285582f,0.9183042171073115f,0.3910136693620314f,4.501581972481723f,0.22668422314228845f,0.3944506849500591f,-0.8905183435060765f,3.828397316984617f,0f,0f,0f,1f], start_interpolation: 0, interpolation_duration: 1 }
$data merge entity $(bone_eyelid_expressions_left7) { transformation: [-0.9720023599577367f,0.033556251062314205f,-0.2325626587636837f,0.38663809333752963f,-0.06185204293285582f,0.9183042171073115f,0.3910136693620314f,4.480743149423291f,0.22668422314228845f,0.3944506849500591f,-0.8905183435060765f,3.904770419508142f,0f,0f,0f,1f], start_interpolation: 0, interpolation_duration: 1 }
$data merge entity $(bone_eyelid_expressions_left6) { transformation: [-0.9720023599577367f,0.033556251062314205f,-0.2325626587636837f,0.49579851462184577f,-0.06185204293285582f,0.9183042171073115f,0.3910136693620314f,4.487689423776102f,0.22668422314228845f,0.3944506849500591f,-0.8905183435060765f,3.879312718666967f,0f,0f,0f,1f], start_interpolation: 0, interpolation_duration: 1 }
$data merge entity $(bone_left_eye1) { transformation: [-0.9720023599577367f,0.033556251062314205f,-0.2325626587636837f,0.04560291055203111f,-0.06185204293285582f,0.9183042171073115f,0.3910136693620314f,4.528022498889761f,0.22668422314228845f,0.3944506849500591f,-0.8905183435060765f,3.3966460767708666f,0f,0f,0f,1f], start_interpolation: 0, interpolation_duration: 1 }
$data merge entity $(bone_crest_middle5) { transformation: [-0.9720023599577367f,-0.01757493815317908f,-0.23431289718131734f,0.20297652696741728f,-0.06185204293285582f,0.9811675881245037f,0.18298767389902681f,5.614102948364797f,0.22668422314228845f,0.1923571822492114f,-0.9547842570002507f,4.367793596826204f,0f,0f,0f,1f], start_interpolation: 0, interpolation_duration: 1 }
$data merge entity $(bone_crest_middle4) { transformation: [-0.9720023599577367f,-0.01757493815317908f,-0.23431289718131734f,0.2148190145901649f,-0.06185204293285582f,0.9811675881245037f,0.18298767389902681f,4.952964632148091f,0.22668422314228845f,0.1923571822492114f,-0.9547842570002507f,4.238177917380935f,0f,0f,0f,1f], start_interpolation: 0, interpolation_duration: 1 }
$data merge entity $(bone_crest_middle1) { transformation: [-0.9720023599577367f,-0.01757493815317908f,-0.23431289718131734f,0.24343679203479865f,-0.06185204293285582f,0.9811675881245037f,0.18298767389902681f,4.441698049074179f,0.22668422314228845f,0.1923571822492114f,-0.9547842570002507f,4.221386561631825f,0f,0f,0f,1f], start_interpolation: 0, interpolation_duration: 1 }
$data merge entity $(bone_crest_left5) { transformation: [-0.5505575424169856f,-0.825245162044484f,-0.12592384607349952f,-0.8691392574123431f,-0.8077229998054799f,0.48850167672985634f,0.33007524508414104f,4.9182363819261115f,-0.21087898916915782f,0.2834370024437394f,-0.9355177804684964f,4.4532189520419285f,0f,0f,0f,1f], start_interpolation: 0, interpolation_duration: 1 }
$data merge entity $(bone_crest_left4) { transformation: [-0.5505575424169856f,-0.825245162044484f,-0.12592384607349952f,-0.40574475724088f,-0.8077229998054799f,0.48850167672985634f,0.33007524508414104f,4.643931241184249f,-0.21087898916915782f,0.2834370024437394f,-0.9355177804684964f,4.294062432115024f,0f,0f,0f,1f], start_interpolation: 0, interpolation_duration: 1 }
$data merge entity $(bone_crest_left1) { transformation: [-0.5505575424169856f,-0.825245162044484f,-0.12592384607349952f,0.0969182738566876f,-0.8077229998054799f,0.48850167672985634f,0.33007524508414104f,4.360730084993531f,-0.21087898916915782f,0.2834370024437394f,-0.9355177804684964f,4.0664587442023254f,0f,0f,0f,1f], start_interpolation: 0, interpolation_duration: 1 }
$data merge entity $(bone_crest_center1) { transformation: [-0.9720023599577367f,0.033556251062314205f,-0.2325626587636837f,0.20513657612797526f,-0.06185204293285582f,0.9183042171073115f,0.3910136693620314f,4.341894222328877f,0.22668422314228845f,0.3944506849500591f,-0.8905183435060765f,4.029926519889996f,0f,0f,0f,1f], start_interpolation: 0, interpolation_duration: 1 }
$data merge entity $(bone_crest_right5) { transformation: [-0.49395543221797494f,0.8002851523473703f,-0.33992897186721194f,1.2780225513294348f,0.7412568429189311f,0.5919400786682995f,0.3164573211224961f,5.054868091733749f,0.45447367779466896f,-0.09565886366936265f,-0.8856088628696495f,3.952471498510453f,0f,0f,0f,1f], start_interpolation: 0, interpolation_duration: 1 }
$data merge entity $(bone_crest_right4) { transformation: [-0.49395543221797494f,0.8002851523473703f,-0.33992897186721194f,0.8286436816031282f,0.7412568429189311f,0.5919400786682995f,0.3164573211224961f,4.722479863965906f,0.45447367779466896f,-0.09565886366936265f,-0.8856088628696495f,4.006186192465417f,0f,0f,0f,1f], start_interpolation: 0, interpolation_duration: 1 }
$data merge entity $(bone_crest_right1) { transformation: [-0.49395543221797494f,0.8002851523473703f,-0.33992897186721194f,0.3152391164253198f,0.7412568429189311f,0.5919400786682995f,0.3164573211224961f,4.374622633699152f,0.45447367779466896f,-0.09565886366936265f,-0.8856088628696495f,4.015543342519975f,0f,0f,0f,1f], start_interpolation: 0, interpolation_duration: 1 }
$data merge entity $(bone_head1) { transformation: [-1.0188305986536166f,0.03517289336609755f,-0.24376684935516313f,-0.09992967353401672f,-0.0648318939595689f,0.9625454359002413f,0.4098515674953582f,4.717977238526298f,0.23760520785096628f,0.4134541684697883f,-0.9334209199510303f,2.8244451327745566f,0f,0f,0f,1f], start_interpolation: 0, interpolation_duration: 1 }
$data merge entity $(bone_neck10) { transformation: [-1.4920714940173712f,-0.09536969816193512f,-0.08259273029328361f,-0.13016608441940075f,-0.09515776748730702f,1.4943552043748094f,-0.0064656112457157f,4.265063929201283f,0.08283681374624031f,-0.0011939490987901973f,-1.495102310364728f,1.7595429213693248f,0f,0f,0f,1f], start_interpolation: 0, interpolation_duration: 1 }
$data merge entity $(bone_neck9) { transformation: [-1.1414346929232897f,0.005712885914441143f,-0.09634496989558315f,-0.13877879766533818f,-0.07279569212778991f,0.6998490228145907f,0.9039359938467078f,3.4968778554782425f,0.06337016251587388f,0.9068444501117751f,-0.6969974994953144f,0.7219649192261128f,0f,0f,0f,1f], start_interpolation: 0, interpolation_duration: 1 }
$data merge entity $(bone_neck8) { transformation: [-1.0593707607523337f,0.020019389701781434f,-0.08730952236674261f,-0.16348009661079185f,-0.06756201491598798f,0.5018196606797436f,0.9348275454289297f,3.042665918463127f,0.05881413775983063f,0.9370519673892979f,-0.49876311512413624f,-0.24472964919928086f,0f,0f,0f,1f], start_interpolation: 0, interpolation_duration: 1 }
$data merge entity $(bone_neck7) { transformation: [-1.0523339255466462f,0.003765170877490453f,-0.0837003314560526f,-0.16728532249761732f,-0.07666812765386742f,0.3820688511276789f,0.9811075394950493f,2.656532505089409f,0.03379230977071649f,0.9840913724549376f,-0.38059015136248747f,-1.2392900788079944f,0f,0f,0f,1f], start_interpolation: 0, interpolation_duration: 1 }
$data merge entity $(bone_neck6) { transformation: [-1.044578088033245f,0.05110206624018666f,-0.08978702044620315f,-0.21554650066502118f,-0.08601296579302754f,0.07514911903689857f,1.0434418488048476f,2.6030587927760602f,0.05722674138993764f,1.0457330925947472f,-0.07059682242089639f,-2.2005889483264616f,0f,0f,0f,1f], start_interpolation: 0, interpolation_duration: 1 }
$data merge entity $(bone_neck_spine6) { transformation: [-1.2357756098303898f,-0.30467332127137103f,0.004263563123755613f,0.12271486651085745f,-0.010638254409661521f,0.06093965617366755f,1.2712822481122201f,3.225592165193911f,-0.30451738572395765f,1.2342795040539305f,-0.06171414895256389f,-5.837116141465471f,0f,0f,0f,1f], start_interpolation: 0, interpolation_duration: 1 }
$data merge entity $(bone_neck_spine7) { transformation: [-0.9812061127590571f,-0.1781130609201275f,-0.07423140719347483f,0.9302087378553018f,-0.04256117269824032f,-0.17545214820830432f,0.9835675321337332f,3.828331842739046f,-0.18821028362661554f,0.9682418505821537f,0.16457401957306259f,-9.012398779827794f,0f,0f,0f,1f], start_interpolation: 0, interpolation_duration: 1 }
$data merge entity $(bone_tail6) { transformation: [-1.5226915168125013f,0.6306655983124172f,-0.49897232915224143f,0.14421302953314424f,-0.42868209249111955f,0.26743685337149237f,1.6462111439798108f,4.1854967803912215f,0.6803999895148493f,1.5798861889677753f,-0.07948220998561267f,-12.772000450877739f,0f,0f,0f,1f], start_interpolation: 0, interpolation_duration: 1 }
$data merge entity $(bone_tail5) { transformation: [-1.2578756008451097f,0.5846465270588511f,-0.31546434095855275f,0.5134634676755765f,-0.3541286851013596f,-0.018576777945538664f,1.3776168251474645f,4.173764078530882f,0.562069556555745f,1.2966972202249143f,0.16197058953415525f,-11.95303378547253f,0f,0f,0f,1f], start_interpolation: 0, interpolation_duration: 1 }
$data merge entity $(bone_tail4) { transformation: [-0.9238085358087156f,0.45526567595664974f,-0.19490036297520194f,0.708577328799855f,-0.24259884813174723f,-0.056397934751352054f,1.0181553269841028f,4.149593535066017f,0.4317392570490666f,0.9424582936537245f,0.15507667997220892f,-11.549123088192362f,0f,0f,0f,1f], start_interpolation: 0, interpolation_duration: 1 }
$data merge entity $(bone_segment18) { transformation: [-0.9305005197692893f,0.31558561022499165f,-0.18594220964590696f,0.8857860454789275f,-0.22244521215992746f,-0.08355548683282857f,0.9713581256196162f,4.102675170877661f,0.29101015497093496f,0.9452111950453445f,0.14794893194864156f,-11.018364848787018f,0f,0f,0f,1f], start_interpolation: 0, interpolation_duration: 1 }
$data merge entity $(bone_segment17) { transformation: [-0.9749822500261985f,0.17091186236856484f,-0.14212229746088503f,1.010548366885668f,-0.18216277034750789f,-0.24794705169206083f,0.9514930292212003f,3.9216786658583094f,0.1273826410197741f,0.9535782059479562f,0.27287775268039743f,-10.322271383019343f,0f,0f,0f,1f], start_interpolation: 0, interpolation_duration: 1 }
$data merge entity $(bone_segment16) { transformation: [-0.9928787143017211f,0.016224835369939676f,-0.1180195467021443f,1.0260364299463283f,-0.11466659157183487f,-0.39878409996344855f,0.9098476874695239f,3.541003414184216f,-0.032302189768795425f,0.9169013013043227f,0.397804691026363f,-9.447006713073078f,0f,0f,0f,1f], start_interpolation: 0, interpolation_duration: 1 }
$data merge entity $(bone_segment15) { transformation: [-0.9812061127590571f,-0.15283150361571776f,-0.11780108567759197f,0.8458176402822861f,-0.04256117269824032f,-0.4240397706929941f,0.9046429237269166f,3.0409760478641084f,-0.18821028362661554f,0.8926549189766398f,0.40956572703779437f,-8.394388730002479f,0f,0f,0f,1f], start_interpolation: 0, interpolation_duration: 1 }
$data merge entity $(bone_segment14) { transformation: [-0.9956646967654209f,-0.31028910221152955f,-0.10510795730560869f,0.4967424002943154f,0.0014327837764188211f,-0.34041247832501903f,0.9913589106657793f,2.658012009748462f,-0.32760487904004837f,0.9415493697489012f,0.32378237379414876f,-7.335145689034965f,0f,0f,0f,1f], start_interpolation: 0, interpolation_duration: 1 }
$data merge entity $(bone_segment13) { transformation: [-0.9958897561574317f,-0.24239733069437766f,-0.03925225440811732f,0.20587841858154102f,-0.008573181494844873f,-0.129539141030831f,1.0174673082331633f,2.474147689766486f,-0.2454051873187188f,0.9882088629618856f,0.12374630913214954f,-6.148354304587604f,0f,0f,0f,1f], start_interpolation: 0, interpolation_duration: 1 }
$data merge entity $(bone_segment12) { transformation: [-1.0886950176779853f,-0.24332396874266277f,-0.003238195504846146f,-0.08807000003375634f,-0.008791282789346076f,0.02449248104306535f,1.1152563440352847f,2.503735921899048f,-0.24318666291909521f,1.088424294932519f,-0.025820193078278115f,-4.833479317420803f,0f,0f,0f,1f], start_interpolation: 0, interpolation_duration: 1 }
$data merge entity $(bone_segment11) { transformation: [-1.182607593079889f,-0.1358193281610381f,0.010734606141964071f,-0.24503105707097966f,0.00025421627117459675f,0.09159427886191532f,1.18690069691411f,2.609587828423591f,-0.13624264033417108f,1.179104083216998f,-0.09096342549136846f,-3.47083509170936f,0f,0f,0f,1f], start_interpolation: 0, interpolation_duration: 1 }
$data merge entity $(bone_segment10) { transformation: [-1.0478948276848732f,0.02432337782446254f,0.00003778454500045819f,-0.2143297915032086f,0f,-0.0016282625987928691f,1.048175818642122f,2.623157634269951f,0.024323407172174644f,1.047893563334221f,0.0016278241363202833f,-2.1481709943599325f,0f,0f,0f,1f], start_interpolation: 0, interpolation_duration: 1 }