# This file was generated by Animated Java via MC-Build. It is not recommended to edit this file directly.
$data merge entity $(bone_neck_spine5) { transformation: [-1.362326146711513f,-0.023175417464591532f,-0.11283629809486663f,-0.09761847213851033f,-0.0868831790101499f,1.0860539939994682f,0.8259174870888397f,3.6145251712445474f,0.0756336125509151f,0.8301513610778429f,-1.0836650471937137f,0.2849134652722303f,0f,0f,0f,1f], start_interpolation: 0, interpolation_duration: 1 }
$data merge entity $(bone_neck_spine2) { transformation: [-1.2974534730585836f,-0.0915950537075321f,-0.0603807778103096f,-0.16796644512988532f,-0.08274588477157131f,1.2875885711550752f,-0.17518503625779686f,4.721503318026263f,0.07203201195325246f,-0.17072499673917144f,-1.2888310097475233f,2.0546993752024294f,0f,0f,0f,1f], start_interpolation: 0, interpolation_duration: 1 }
$data merge entity $(bone_scale_neck_left1) { transformation: [-1.4021784986488606f,0.2917032523727139f,-0.016250811819282972f,0.5669946106592741f,0.28203257916304114f,1.3722885878753683f,0.29789440122373495f,3.9855975767134537f,0.07623975747763045f,0.28843138273250596f,-1.4008762455111958f,2.090635815224228f,0f,0f,0f,1f], start_interpolation: 0, interpolation_duration: 1 }
$data merge entity $(bone_scale_neck_right1) { transformation: [-1.3549579010297537f,-0.4295573619340704f,-0.1761504403856651f,-0.7953315360522387f,-0.4578706308270412f,1.326289753295959f,0.28769670510968437f,3.898714397703304f,0.07683091998583025f,0.3284743239785468f,-1.3919989391604237f,2.166269427775143f,0f,0f,0f,1f], start_interpolation: 0, interpolation_duration: 1 }
$data merge entity $(bone_blush_right1) { transformation: [-0.9720023599577367f,0.033556251062314205f,-0.2325626587636837f,-0.47351776642838617f,-0.06185204293285582f,0.9183042171073115f,0.3910136693620314f,3.445477868608184f,0.22668422314228845f,0.3944506849500591f,-0.8905183435060765f,3.272415798814187f,0f,0f,0f,1f], start_interpolation: 0, interpolation_duration: 1 }
$data merge entity $(bone_blush_left1) { transformation: [-0.9720023599577367f,0.033556251062314205f,-0.2325626587636837f,0.6465630780541619f,-0.06185204293285582f,0.9183042171073115f,0.3910136693620314f,3.516752683706592f,0.22668422314228845f,0.3944506849500591f,-0.8905183435060765f,3.0111976510525653f,0f,0f,0f,1f], start_interpolation: 0, interpolation_duration: 1 }
$data merge entity $(bone_left_head_scales) { transformation: [-0.7547911379829264f,0.033556251062314205f,-0.6551063394877827f,0.5978664532717325f,-0.23541345171950767f,0.9183042171073115f,0.3182732655948892f,4.233911908145843f,0.6122669718120897f,0.3944506849500591f,-0.6852282921556021f,2.9549912865593906f,0f,0f,0f,1f], start_interpolation: 0, interpolation_duration: 1 }
$data merge entity $(bone_left_head_scales2) { transformation: [-0.6628252591711064f,0.033556251062314205f,-0.74802182710092f,0.6057174278466361f,-0.2749424544491195f,0.9183042171073115f,0.2848227722363886f,3.4592093455578015f,0.6964691827685195f,0.3944506849500591f,-0.5994491926728901f,2.7772737119166795f,0f,0f,0f,1f], start_interpolation: 0, interpolation_duration: 1 }
$data merge entity $(bone_left_head_scales1) { transformation: [-0.9720023599577367f,0.033556251062314205f,-0.2325626587636837f,0.5945894756289284f,-0.06185204293285582f,0.9183042171073115f,0.3910136693620314f,4.144233761943957f,0.22668422314228845f,0.3944506849500591f,-0.8905183435060765f,2.916470711857236f,0f,0f,0f,1f], start_interpolation: 0, interpolation_duration: 1 }
$data merge entity $(bone_right_head_scales) { transformation: [-0.9695621083316932f,0.033556251062314205f,0.2425351440555476f,-0.5411988123037402f,0.12568658744821248f,0.9183042171073115f,0.37539345569488913f,4.161429045333903f,-0.2101242485364912f,0.3944506849500591f,-0.8945705435120275f,3.2206368605542597f,0f,0f,0f,1f], start_interpolation: 0, interpolation_duration: 1 }
$data merge entity $(bone_right_head_scales2) { transformation: [-0.9296101812551025f,0.033556251062314205f,0.3670134723978105f,-0.5333478377288366f,0.17360999962532084f,0.9183042171073115f,0.3557765209693073f,3.3867264827458614f,-0.3250914931783845f,0.3944506849500591f,-0.8594906504468084f,3.0429192859115486f,0f,0f,0f,1f], start_interpolation: 0, interpolation_duration: 1 }
$data merge entity $(bone_right_head_scales1) { transformation: [-0.9720023599577367f,0.033556251062314205f,-0.2325626587636837f,-0.5444757899465443f,-0.06185204293285582f,0.9183042171073115f,0.3910136693620314f,4.071750899132017f,0.22668422314228845f,0.3944506849500591f,-0.8905183435060765f,3.1821162858521053f,0f,0f,0f,1f], start_interpolation: 0, interpolation_duration: 1 }
$data merge entity $(bone_head_left_fin1) { transformation: [-0.26621358549606167f,0.10607176138156389f,-0.9580600755353205f,0.5652674947719042f,-0.11928691546206163f,0.9826613165959396f,0.1419414268826459f,3.8365795749516574f,0.9565045523659981f,0.15207076741881434f,-0.24894481918645106f,2.7067954467897177f,0f,0f,0f,1f], start_interpolation: 0, interpolation_duration: 1 }
$data merge entity $(bone_head_right_fin1) { transformation: [-0.6726685019683004f,-0.14550105069219765f,0.725497436733714f,-0.5737977708035685f,0.05954243584448127f,0.966652824215528f,0.24907231032342683f,3.764096712139717f,-0.7375444290301627f,0.21074098244909592f,-0.6415734202123412f,2.972441020784587f,0f,0f,0f,1f], start_interpolation: 0, interpolation_duration: 1 }
$data merge entity $(bone_right_whisker16) { transformation: [-0.1577279702621493f,-0.09485208318304744f,0.9829165629456138f,-1.2379480911835539f,0.9691768200686977f,-0.20563935915249396f,0.13567883183783325f,2.749256013045553f,0.18925691226084754f,0.974020295621805f,0.12436351908136915f,1.3767042327846377f,0f,0f,0f,1f], start_interpolation: 0, interpolation_duration: 1 }
$data merge entity $(bone_right_whisker15) { transformation: [0.17865886796846195f,-0.17690310586475688f,0.9678772133032321f,-1.2902895564086891f,0.46333817339018557f,0.8829295061007111f,0.07585001210415515f,2.613512407560147f,-0.8679854526290599f,0.4349031827799806f,0.23970914799433313f,1.6309968458595576f,0f,0f,0f,1f], start_interpolation: 0, interpolation_duration: 1 }
$data merge entity $(bone_right_whisker14) { transformation: [0.4730568228072316f,-0.3595888351536736f,0.8043090898580915f,-1.4288804224654952f,-0.1419555138054439f,0.8698798680708535f,0.4723956469160854f,2.6551009369953356f,-0.8695204853801665f,-0.3376460939472843f,0.3604569887606308f,1.8857391755607782f,0f,0f,0f,1f], start_interpolation: 0, interpolation_duration: 1 }
$data merge entity $(bone_right_whisker13) { transformation: [-0.06745612038109206f,-0.3917436283687146f,0.9175982789083934f,-1.4091178871975971f,0.2573227426131762f,0.8817479140855229f,0.39535505832082407f,2.5797134147453815f,-0.9639681934364663f,0.2627880241532014f,0.04132525141474436f,2.168151732231618f,0f,0f,0f,1f], start_interpolation: 0, interpolation_duration: 1 }
$data merge entity $(bone_right_whisker12) { transformation: [-0.6288303016567037f,-0.39118993435624294f,0.6719694092566246f,-1.1634810506129472f,-0.3318671558381736f,0.9165815796294093f,0.22303004003931395f,2.709349022494668f,-0.7031618893215275f,-0.08275652930382502f,-0.7061973621186679f,2.4428243452478395f,0f,0f,0f,1f], start_interpolation: 0, interpolation_duration: 1 }
$data merge entity $(bone_right_whisker11) { transformation: [-0.9576801363440537f,-0.24581332215800783f,0.14974834590631747f,-0.7893872473535511f,-0.2308233243736269f,0.9666841481375702f,0.11064515653496895f,2.7995143835781158f,-0.17195740570601203f,0.07139725757467036f,-0.9825136549858602f,2.5099952068517504f,0f,0f,0f,1f], start_interpolation: 0, interpolation_duration: 1 }
$data merge entity $(bone_right_whisker10) { transformation: [-0.6085903283703197f,-0.6275156308345323f,0.48563560955972496f,-0.551656650333895f,-0.4968476982017994f,0.7785632285687007f,0.3833818773915309f,2.9935955156881935f,-0.6186761487286221f,-0.007964432121635556f,-0.7856057476974692f,2.7516655774488683f,0f,0f,0f,1f], start_interpolation: 0, interpolation_duration: 1 }
$data merge entity $(bone_right_whisker1) { transformation: [-0.07018625672238732f,-0.7439864462305369f,0.6644983500299726f,-0.5242401438017125f,-0.6573230630707354f,0.5355574001799548f,0.5301930420778774f,3.2503623372001997f,-0.7503334459575991f,-0.3995778258834497f,-0.526628218897972f,3.0447645797760554f,0f,0f,0f,1f], start_interpolation: 0, interpolation_duration: 1 }
$data merge entity $(bone_left_whisker16) { transformation: [-0.10717756610121343f,0.5383310495195022f,-0.8358903339839816f,0.5749039520522169f,-0.9860337221538023f,-0.16534761509748883f,0.019941538483571088f,2.8646143774162005f,-0.12747732386640043f,0.8263533428895926f,0.5485341234554663f,0.953922381606129f,0f,0f,0f,1f], start_interpolation: 0, interpolation_duration: 1 }
$data merge entity $(bone_left_whisker15) { transformation: [0.5971426031866852f,0.2428559826399631f,-0.7644878567743295f,0.7498480740795661f,-0.4139711061092511f,0.9096403025279743f,-0.034386673632365305f,2.743333779923256f,0.6870579559004557f,0.3370096314837215f,0.6437203379737928f,1.1552088921238406f,0f,0f,0f,1f], start_interpolation: 0, interpolation_duration: 1 }
$data merge entity $(bone_left_whisker14) { transformation: [0.7869278406982438f,0.06649482802912536f,-0.6134517188657778f,0.9803933399091297f,0.2221329173924775f,0.8969931201717198f,0.38217837376715796f,2.8084117830655835f,0.5756748566202164f,-0.4370146224212408f,0.6910981690362908f,1.3238636352742945f,0f,0f,0f,1f], start_interpolation: 0, interpolation_duration: 1 }
$data merge entity $(bone_left_whisker13) { transformation: [0.3957301084039231f,0.35826840134299176f,-0.8456012262891753f,1.0963298951055915f,-0.23643347563463651f,0.9294739054749924f,0.28315626540903305f,2.7391441632507485f,0.8874102168117883f,0.08787497732689384f,0.4525274527118247f,1.5838470972308731f,0f,0f,0f,1f], start_interpolation: 0, interpolation_duration: 1 }
$data merge entity $(bone_left_whisker12) { transformation: [-0.2894310045998596f,0.2013145096272128f,-0.9357895926915791f,0.9832709089337714f,0.2734348514756298f,0.9542847908734297f,0.12072249130197388f,2.8459546521084165f,0.9173129649006475f,-0.2209366563547338f,-0.3312460087366697f,1.9421724741451885f,0f,0f,0f,1f], start_interpolation: 0, interpolation_duration: 1 }
$data merge entity $(bone_left_whisker11) { transformation: [-0.8039073762948179f,0.133898178305008f,-0.5794861587522027f,0.6692445900686081f,0.11872710840717612f,0.9908465709837029f,0.06424131458110813f,2.8923324288299694f,0.5827836683264668f,-0.01715664933600211f,-0.8124462107213672f,2.1698223445852145f,0f,0f,0f,1f], start_interpolation: 0, interpolation_duration: 1 }
$data merge entity $(bone_left_whisker10) { transformation: [-0.3284941268017497f,0.46109889566056245f,-0.8243054149266317f,0.5409265717866747f,0.4372176084605205f,0.8478357274883874f,0.30002556898754495f,3.06312055713486f,0.8372170396670264f,-0.26184420485251714f,-0.480109613397122f,2.4968602507051467f,0f,0f,0f,1f], start_interpolation: 0, interpolation_duration: 1 }
$data merge entity $(bone_left_whisker1) { transformation: [0.18918028796693898f,0.42135354615824594f,-0.886945324010797f,0.6148251217737603f,0.6648950857658362f,0.6097122193552281f,0.4314690423348627f,3.32284520001214f,0.7225824129946614f,-0.6713510249554948f,-0.1648103689760425f,2.7791190057811863f,0f,0f,0f,1f], start_interpolation: 0, interpolation_duration: 1 }
$data merge entity $(bone_upper_left_tooth1) { transformation: [-0.9720023599577367f,0.013159388136193887f,-0.2346023076196644f,0.5026665278590704f,-0.06185204293285582f,0.94888887909533f,0.30949025818956f,3.3174358514329785f,0.22668422314228845f,0.31533589334722f,-0.9215082947783422f,3.6968279000355686f,0f,0f,0f,1f], start_interpolation: 0, interpolation_duration: 1 }
$data merge entity $(bone_upper_right_tooth1) { transformation: [-0.9720023599577367f,0.013159388136193887f,-0.2346023076196644f,-0.0668661049286659f,-0.06185204293285582f,0.94888887909533f,0.30949025818956f,3.281194420027008f,0.22668422314228845f,0.31533589334722f,-0.9215082947783422f,3.829650687033003f,0f,0f,0f,1f], start_interpolation: 0, interpolation_duration: 1 }
$data merge entity $(bone_top_lip1) { transformation: [-0.9720023599577367f,-0.06787293495097121f,-0.22495483310596348f,0.24304464772953813f,-0.06185204293285582f,0.9975157800955852f,-0.03371339860246275f,3.4027566372597406f,0.22668422314228845f,-0.018855587008566266f,-0.9737857720345577f,3.7915789128220645f,0f,0f,0f,1f], start_interpolation: 0, interpolation_duration: 1 }
$data merge entity $(bone_muzzle1) { transformation: [-0.9720023599577367f,0.013159388136193887f,-0.2346023076196644f,0.13042038445863668f,-0.06185204293285582f,0.94888887909533f,0.30949025818956f,3.692872321790092f,0.22668422314228845f,0.31533589334722f,-0.9215082947783422f,3.3878154720143616f,0f,0f,0f,1f], start_interpolation: 0, interpolation_duration: 1 }
$data merge entity $(bone_jaw_right_tooth1) { transformation: [-0.9720023599577367f,-0.14071878038521315f,-0.18817448573993445f,-0.06394361715816341f,-0.06185204293285582f,0.9258275562513103f,-0.3728507219662567f,3.3075161578960603f,0.22668422314228845f,-0.3507728052922927f,-0.9086103136360232f,3.8493640936771656f,0f,0f,0f,1f], start_interpolation: 0, interpolation_duration: 1 }
$data merge entity $(bone_jaw_left_tooth1) { transformation: [-0.9720023599577367f,-0.14071878038521315f,-0.18817448573993445f,0.5530500683618842f,-0.06185204293285582f,0.9258275562513103f,-0.3728507219662567f,3.3467777085858614f,0.22668422314228845f,-0.3507728052922927f,-0.9086103136360232f,3.7054727410966115f,0f,0f,0f,1f], start_interpolation: 0, interpolation_duration: 1 }
$data merge entity $(bone_tongue1) { transformation: [-0.9720023599577367f,-0.048008552378057755f,-0.23001432810838968f,0.08418419583618708f,-0.06185204293285582f,0.9966582476898189f,0.053354119774313064f,3.3573311278952547f,0.22668422314228845f,0.0660871864314323f,-0.9717235958686783f,3.098004421751016f,0f,0f,0f,1f], start_interpolation: 0, interpolation_duration: 1 }
$data merge entity $(bone_jaw_lips1) { transformation: [-0.9720023599577367f,-0.048008552378057755f,-0.23001432810838968f,0.31673551287265034f,-0.06185204293285582f,0.9966582476898189f,0.053354119774313064f,3.206739259510003f,0.22668422314228845f,0.0660871864314323f,-0.9717235958686783f,3.8386730352726106f,0f,0f,0f,1f], start_interpolation: 0, interpolation_duration: 1 }
$data merge entity $(bone_jaw3) { transformation: [-0.9720023599577367f,-0.10590478938562876f,-0.2097512522531779f,0.16062407858643213f,-0.06185204293285582f,0.9765070037598764f,-0.20641801373170127f,2.9739533720592286f,0.22668422314228845f,-0.18766525302541814f,-0.9557175397497333f,3.105763779637846f,0f,0f,0f,1f], start_interpolation: 0, interpolation_duration: 1 }
$data merge entity $(bone_jaw1) { transformation: [-0.9720023599577367f,0.07343053809588101f,-0.22320252756530337f,-0.01375289607396113f,-0.06185204293285582f,0.8364543015035099f,0.5445351469660223f,3.3993714556264334f,0.22668422314228845f,0.5430949802485978f,-0.8084937262633226f,2.4741280559946253f,0f,0f,0f,1f], start_interpolation: 0, interpolation_duration: 1 }
$data merge entity $(bone_tear_right1) { transformation: [-0.9720023599577367f,0.033556251062314205f,-0.2325626587636837f,-0.3941472145158585f,-0.06185204293285582f,0.9183042171073115f,0.3910136693620314f,3.728005063814843f,0.22668422314228845f,0.3944506849500591f,-0.8905183435060765f,3.4744374584733206f,0f,0f,0f,1f], start_interpolation: 0, interpolation_duration: 1 }
$data merge entity $(bone_right_pupil1) { transformation: [-0.9720023599577367f,0.033556251062314205f,-0.2325626587636837f,-0.22062234832022976f,-0.06185204293285582f,0.9183042171073115f,0.3910136693620314f,3.8047386271354258f,0.22668422314228845f,0.3944506849500591f,-0.8905183435060765f,3.5286106467798093f,0f,0f,0f,1f], start_interpolation: 0, interpolation_duration: 1 }
$data merge entity $(bone_right_sad_pupil1) { transformation: [-0.9720023599577367f,0.033556251062314205f,-0.2325626587636837f,-0.22289346803471888f,-0.06185204293285582f,0.9183042171073115f,0.3910136693620314f,3.8085571200002897f,0.22668422314228845f,0.3944506849500591f,-0.8905183435060765f,3.519914178581508f,0f,0f,0f,1f], start_interpolation: 0, interpolation_duration: 1 }
$data merge entity $(bone_right_happy_pupil1) { transformation: [-0.9720023599577367f,0.033556251062314205f,-0.2325626587636837f,-0.24744292457450967f,-0.06185204293285582f,0.9183042171073115f,0.3910136693620314f,3.784627830106734f,0.22668422314228845f,0.3944506849500591f,-0.8905183435060765f,3.5158183701245482f,0f,0f,0f,1f], start_interpolation: 0, interpolation_duration: 1 }
$data merge entity $(bone_eyelid_right1) { transformation: [-0.9720023599577367f,0.033556251062314205f,-0.2325626587636837f,0.027362467208959063f,-0.06185204293285582f,0.9183042171073115f,0.3910136693620314f,3.977897627956787f,0.22668422314228845f,0.3944506849500591f,-0.8905183435060765f,2.980602455486514f,0f,0f,0f,1f], start_interpolation: 0, interpolation_duration: 1 }
$data merge entity $(bone_eyelid_expressions_right5) { transformation: [-0.9720023599577367f,0.033556251062314205f,-0.2325626587636837f,-0.3287766079254934f,-0.06185204293285582f,0.9183042171073115f,0.3910136693620314f,3.891289011178128f,0.22668422314228845f,0.3944506849500591f,-0.8905183435060765f,3.583892383286017f,0f,0f,0f,1f], start_interpolation: 0, interpolation_duration: 1 }
$data merge entity $(bone_eyelid_expressions_right7) { transformation: [-0.9720023599577367f,0.033556251062314205f,-0.2325626587636837f,-0.04401029153162524f,-0.06185204293285582f,0.9183042171073115f,0.3910136693620314f,3.909409726881113f,0.22668422314228845f,0.3944506849500591f,-0.8905183435060765f,3.5174809897872996f,0f,0f,0f,1f], start_interpolation: 0, interpolation_duration: 1 }
$data merge entity $(bone_eyelid_expressions_right6) { transformation: [-0.9720023599577367f,0.033556251062314205f,-0.2325626587636837f,-0.13893239699624796f,-0.06185204293285582f,0.9183042171073115f,0.3910136693620314f,3.9033694883134515f,0.22668422314228845f,0.3944506849500591f,-0.8905183435060765f,3.5396181209535387f,0f,0f,0f,1f], start_interpolation: 0, interpolation_duration: 1 }
$data merge entity $(bone_right_eye1) { transformation: [-0.9720023599577367f,0.033556251062314205f,-0.2325626587636837f,0.02014137637698589f,-0.06185204293285582f,0.9183042171073115f,0.3910136693620314f,3.973475111235157f,0.22668422314228845f,0.3944506849500591f,-0.8905183435060765f,2.9915126368014393f,0f,0f,0f,1f], start_interpolation: 0, interpolation_duration: 1 }
$data merge entity $(bone_tear_left1) { transformation: [-0.9720023599577367f,0.033556251062314205f,-0.2325626587636837f,0.6310115245020668f,-0.06185204293285582f,0.9183042171073115f,0.3910136693620314f,3.7932396403455897f,0.22668422314228845f,0.3944506849500591f,-0.8905183435060765f,3.235356441877938f,0f,0f,0f,1f], start_interpolation: 0, interpolation_duration: 1 }
$data merge entity $(bone_left_sad_pupil1) { transformation: [-0.9720023599577367f,0.033556251062314205f,-0.2325626587636837f,0.4890223229499515f,-0.06185204293285582f,0.9183042171073115f,0.3910136693620314f,3.8538589092577524f,0.22668422314228845f,0.3944506849500591f,-0.8905183435060765f,3.353885694834714f,0f,0f,0f,1f], start_interpolation: 0, interpolation_duration: 1 }
$data merge entity $(bone_left_pupil1) { transformation: [-0.9720023599577367f,0.033556251062314205f,-0.2325626587636837f,0.49129344266444064f,-0.06185204293285582f,0.9183042171073115f,0.3910136693620314f,3.8500404163928885f,0.22668422314228845f,0.3944506849500591f,-0.8905183435060765f,3.3625821630330157f,0f,0f,0f,1f], start_interpolation: 0, interpolation_duration: 1 }
$data merge entity $(bone_eyelid_left1) { transformation: [-0.9720023599577367f,0.033556251062314205f,-0.2325626587636837f,0.008378046116034519f,-0.06185204293285582f,0.9183042171073115f,0.3910136693620314f,3.9766895802432547f,0.22668422314228845f,0.3944506849500591f,-0.8905183435060765f,2.9850298817197616f,0f,0f,0f,1f], start_interpolation: 0, interpolation_duration: 1 }
$data merge entity $(bone_left_happy_pupil1) { transformation: [-0.9720023599577367f,0.033556251062314205f,-0.2325626587636837f,0.5119339191424721f,-0.06185204293285582f,0.9183042171073115f,0.3910136693620314f,3.8329497386480273f,0.22668422314228845f,0.3944506849500591f,-0.8905183435060765f,3.3387213207946353f,0f,0f,0f,1f], start_interpolation: 0, interpolation_duration: 1 }
$data merge entity $(bone_eyelid_expressions_left5) { transformation: [-0.9720023599577367f,0.033556251062314205f,-0.2325626587636837f,0.6014600256278092f,-0.06185204293285582f,0.9183042171073115f,0.3910136693620314f,3.9504833491412126f,0.22668422314228845f,0.3944506849500591f,-0.8905183435060765f,3.366948497856874f,0f,0f,0f,1f], start_interpolation: 0, interpolation_duration: 1 }
$data merge entity $(bone_eyelid_expressions_left7) { transformation: [-0.9720023599577367f,0.033556251062314205f,-0.2325626587636837f,0.31669370923394113f,-0.06185204293285582f,0.9183042171073115f,0.3910136693620314f,3.9323626334382276f,0.22668422314228845f,0.3944506849500591f,-0.8905183435060765f,3.433359891355591f,0f,0f,0f,1f], start_interpolation: 0, interpolation_duration: 1 }
$data merge entity $(bone_eyelid_expressions_left6) { transformation: [-0.9720023599577367f,0.033556251062314205f,-0.2325626587636837f,0.41161581469856384f,-0.06185204293285582f,0.9183042171073115f,0.3910136693620314f,3.9384028720058892f,0.22668422314228845f,0.3944506849500591f,-0.8905183435060765f,3.411222760189352f,0f,0f,0f,1f], start_interpolation: 0, interpolation_duration: 1 }
$data merge entity $(bone_left_eye1) { transformation: [-0.9720023599577367f,0.033556251062314205f,-0.2325626587636837f,0.02014137637698589f,-0.06185204293285582f,0.9183042171073115f,0.3910136693620314f,3.973475111235157f,0.22668422314228845f,0.3944506849500591f,-0.8905183435060765f,2.9915126368014393f,0f,0f,0f,1f], start_interpolation: 0, interpolation_duration: 1 }
$data merge entity $(bone_crest_middle5) { transformation: [-0.9720023599577367f,-0.01757493815317908f,-0.23431289718131734f,0.15698799934688684f,-0.06185204293285582f,0.9811675881245037f,0.18298767389902681f,4.917892893387363f,0.22668422314228845f,0.1923571822492114f,-0.9547842570002507f,3.8359887411973856f,0f,0f,0f,1f], start_interpolation: 0, interpolation_duration: 1 }
$data merge entity $(bone_crest_middle4) { transformation: [-0.9720023599577367f,-0.01757493815317908f,-0.23431289718131734f,0.16728581467101522f,-0.06185204293285582f,0.9811675881245037f,0.18298767389902681f,4.342990009720662f,0.22668422314228845f,0.1923571822492114f,-0.9547842570002507f,3.7232794547232384f,0f,0f,0f,1f], start_interpolation: 0, interpolation_duration: 1 }
$data merge entity $(bone_crest_middle1) { transformation: [-0.9720023599577367f,-0.01757493815317908f,-0.23431289718131734f,0.19217083853591416f,-0.06185204293285582f,0.9811675881245037f,0.18298767389902681f,3.898410372265086f,0.22668422314228845f,0.1923571822492114f,-0.9547842570002507f,3.708678275810969f,0f,0f,0f,1f], start_interpolation: 0, interpolation_duration: 1 }
$data merge entity $(bone_crest_left5) { transformation: [-0.5505575424169856f,-0.825245162044484f,-0.12592384607349952f,-0.7752865957659489f,-0.8077229998054799f,0.48850167672985634f,0.33007524508414104f,4.312791531266767f,-0.21087898916915782f,0.2834370024437394f,-0.9355177804684964f,3.9102716587762756f,0f,0f,0f,1f], start_interpolation: 0, interpolation_duration: 1 }
$data merge entity $(bone_crest_left4) { transformation: [-0.5505575424169856f,-0.825245162044484f,-0.12592384607349952f,-0.37233485648641573f,-0.8077229998054799f,0.48850167672985634f,0.33007524508414104f,4.074265321926017f,-0.21087898916915782f,0.2834370024437394f,-0.9355177804684964f,3.7718746849267935f,0f,0f,0f,1f], start_interpolation: 0, interpolation_duration: 1 }
$data merge entity $(bone_crest_left1) { transformation: [-0.5505575424169856f,-0.825245162044484f,-0.12592384607349952f,0.06476343142451318f,-0.8077229998054799f,0.48850167672985634f,0.33007524508414104f,3.828003446977566f,-0.21087898916915782f,0.2834370024437394f,-0.9355177804684964f,3.573958434567925f,0f,0f,0f,1f], start_interpolation: 0, interpolation_duration: 1 }
$data merge entity $(bone_crest_center1) { transformation: [-0.9720023599577367f,0.033556251062314205f,-0.2325626587636837f,0.15886630296476334f,-0.06185204293285582f,0.9183042171073115f,0.3910136693620314f,3.811624435964824f,0.22668422314228845f,0.3944506849500591f,-0.8905183435060765f,3.542191282991986f,0f,0f,0f,1f], start_interpolation: 0, interpolation_duration: 1 }
$data merge entity $(bone_crest_right5) { transformation: [-0.49395543221797494f,0.8002851523473703f,-0.33992897186721194f,1.0918106292269028f,0.7412568429189311f,0.5919400786682995f,0.3164573211224961f,4.431601713708192f,0.45447367779466896f,-0.09565886366936265f,-0.8856088628696495f,3.474839090488036f,0f,0f,0f,1f], start_interpolation: 0, interpolation_duration: 1 }
$data merge entity $(bone_crest_right4) { transformation: [-0.49395543221797494f,0.8002851523473703f,-0.33992897186721194f,0.7010463946822882f,0.7412568429189311f,0.5919400786682995f,0.3164573211224961f,4.142568472170936f,0.45447367779466896f,-0.09565886366936265f,-0.8856088628696495f,3.5215475200140918f,0f,0f,0f,1f], start_interpolation: 0, interpolation_duration: 1 }
$data merge entity $(bone_crest_right1) { transformation: [-0.49395543221797494f,0.8002851523473703f,-0.33992897186721194f,0.25460764235375866f,0.7412568429189311f,0.5919400786682995f,0.3164573211224961f,3.8400839241128892f,0.45447367779466896f,-0.09565886366936265f,-0.8856088628696495f,3.5296841722354464f,0f,0f,0f,1f], start_interpolation: 0, interpolation_duration: 1 }
$data merge entity $(bone_head1) { transformation: [-0.9720023599577367f,0.033556251062314205f,-0.2325626587636837f,-0.1064086967413166f,-0.06185204293285582f,0.9183042171073115f,0.3910136693620314f,4.138653145701712f,0.22668422314228845f,0.3944506849500591f,-0.8905183435060765f,2.4939465985437783f,0f,0f,0f,1f], start_interpolation: 0, interpolation_duration: 1 }
$data merge entity $(bone_neck10) { transformation: [-1.2974534730585836f,-0.08293017231472619f,-0.07181976547242053f,-0.13270122794599837f,-0.08274588477157131f,1.2994393081520081f,-0.005622270648448435f,3.7448154854190894f,0.07203201195325246f,-0.0010382166076436498f,-1.3000889655345462f,1.5679446755827073f,0f,0f,0f,1f], start_interpolation: 0, interpolation_duration: 1 }
$data merge entity $(bone_neck9) { transformation: [-0.9964442673089923f,0.004987208164013407f,-0.08410677678864202f,-0.14098024513132273f,-0.06354883950456677f,0.6109508945968802f,0.7891137746794784f,3.0987522415363697f,0.055320585180097887f,0.7916527850933138f,-0.608461585237171f,0.6766643601620711f,0f,0f,0f,1f], start_interpolation: 0, interpolation_duration: 1 }
$data merge entity $(bone_neck8) { transformation: [-0.9964442673089923f,0.018830240405349835f,-0.08212334743130228f,-0.16245963551867376f,-0.06354883950456677f,0.472011634295215f,0.879298903722496f,2.703785339784095f,0.055320585180097887f,0.8813911952908521f,-0.46913664717126347f,-0.1639396123817498f,0f,0f,0f,1f], start_interpolation: 0, interpolation_duration: 1 }
$data merge entity $(bone_neck7) { transformation: [-0.9968454576871097f,0.0035666373529604292f,-0.07928690047270848f,-0.16576852759417415f,-0.07262549742605018f,0.3619227599951371f,0.9293747645170495f,2.3680171542417314f,0.0320104766005677f,0.9322012630840482f,-0.3605220305228373f,-1.0287747685632396f,0f,0f,0f,1f], start_interpolation: 0, interpolation_duration: 1 }
$data merge entity $(bone_neck6) { transformation: [-0.9951447889468861f,0.04868372743591559f,-0.08553796651080324f,-0.2076114409140696f,-0.08194251408428352f,0.07159278474271302f,0.9940623207617975f,2.323981943823174f,0.054518560302018376f,0.9962451344201029f,-0.0672559196418141f,-1.8587327268056193f,0f,0f,0f,1f], start_interpolation: 0, interpolation_duration: 1 }
$data merge entity $(bone_neck_spine6) { transformation: [-1.0745874868090348f,-0.2649333228446705f,0.003707446194570099f,0.0860085749470992f,-0.009250656008401324f,0.05299100536840658f,1.105462824445409f,2.8633120955080464f,-0.26479772671648494f,1.0732865252642876f,-0.05366447735005556f,-5.04334586546548f,0f,0f,0f,1f], start_interpolation: 0, interpolation_duration: 1 }
$data merge entity $(bone_neck_spine7) { transformation: [-0.9812061127590571f,-0.1781130609201275f,-0.07423140719347483f,0.7881771587248769f,-0.04256117269824032f,-0.17545214820830432f,0.9835675321337332f,3.3874335542429463f,-0.18821028362661554f,0.9682418505821537f,0.16457401957306259f,-7.804461203171849f,0f,0f,0f,1f], start_interpolation: 0, interpolation_duration: 1 }
$data merge entity $(bone_tail6) { transformation: [-1.3240795798369576f,0.548404868097754f,-0.43388898187151426f,0.10470262974908762f,-0.37276703694879953f,0.2325537855404281f,1.4314879512867917f,3.6980117608970113f,0.591652164795521f,1.3738140773632828f,-0.06911496520488057f,-11.073680047563105f,0f,0f,0f,1f], start_interpolation: 0, interpolation_duration: 1 }
$data merge entity $(bone_tail5) { transformation: [-1.0938048703000953f,0.508388284399001f,-0.2743168182248285f,0.42578996726424645f,-0.3079379870446605f,-0.016153719952642316f,1.1979276740412734f,3.6878094114532374f,0.48875613613543045f,1.1275628001955778f,0.14084399089926541f,-10.361535121123792f,0f,0f,0f,1f], start_interpolation: 0, interpolation_duration: 1 }
$data merge entity $(bone_tail4) { transformation: [-0.881347770808812f,0.43434042128535033f,-0.18594220964590696f,0.5954541943288364f,-0.23144834206854892f,-0.053805731539178114f,0.9713581256196162f,3.666791547570746f,0.411895340886563f,0.8991403348149819f,0.14794893194864156f,-10.010308427836689f,0f,0f,0f,1f], start_interpolation: 0, interpolation_duration: 1 }
$data merge entity $(bone_segment18) { transformation: [-0.9305005197692893f,0.31558561022499165f,-0.18594220964590696f,0.7495487305715081f,-0.22244521215992746f,-0.08355548683282857f,0.9713581256196162f,3.625992970015654f,0.29101015497093496f,0.9452111950453445f,0.14794893194864156f,-9.548779524005955f,0f,0f,0f,1f], start_interpolation: 0, interpolation_duration: 1 }
$data merge entity $(bone_segment17) { transformation: [-0.9749822500261985f,0.17091186236856484f,-0.14212229746088503f,0.8580377057078041f,-0.18216277034750789f,-0.24794705169206083f,0.9514930292212003f,3.468604704781436f,0.1273826410197741f,0.9535782059479562f,0.27287775268039743f,-8.943480858121022f,0f,0f,0f,1f], start_interpolation: 0, interpolation_duration: 1 }
$data merge entity $(bone_segment16) { transformation: [-0.9928787143017211f,0.016224835369939676f,-0.1180195467021443f,0.8715055866301173f,-0.11466659157183487f,-0.39878409996344855f,0.9098476874695239f,3.137582746803964f,-0.032302189768795425f,0.9169013013043227f,0.397804691026363f,-8.18238114512427f,0f,0f,0f,1f], start_interpolation: 0, interpolation_duration: 1 }
$data merge entity $(bone_segment15) { transformation: [-0.9812061127590571f,-0.15283150361571776f,-0.11780108567759197f,0.7147935956179068f,-0.04256117269824032f,-0.4240397706929941f,0.9046429237269166f,2.702776341308218f,-0.18821028362661554f,0.8926549189766398f,0.40956572703779437f,-7.267061159845488f,0f,0f,0f,1f], start_interpolation: 0, interpolation_duration: 1 }
$data merge entity $(bone_segment14) { transformation: [-0.9499012262308618f,-0.29602736707882593f,-0.10027690833628265f,0.4112499086718452f,0.0013669291183722428f,-0.32476619050138483f,0.9457933458277256f,2.369764134251134f,-0.3125472634816861f,0.8982731875368406f,0.30890045102348623f,-6.345980254656345f,0f,0f,0f,1f], start_interpolation: 0, interpolation_duration: 1 }
$data merge entity $(bone_segment13) { transformation: [-0.9709213998462807f,-0.23632008882676236f,-0.03826814520524799f,0.1583247071824762f,-0.00835823978170849f,-0.1262914126457356f,0.9919579723555308f,2.209882116875503f,-0.23925253425677695f,0.9634330774417368f,0.12064381518691318f,-5.313987746441248f,0f,0f,0f,1f], start_interpolation: 0, interpolation_duration: 1 }
$data merge entity $(bone_segment12) { transformation: [-0.9759180316039604f,-0.21811824685656853f,-0.0029027536010759747f,-0.0972826133525651f,-0.007880601321526454f,0.021955325872278025f,0.9997278928731824f,2.2356110143820787f,-0.21799516442587127f,0.9756753527962356f,-0.02314550135292396f,-4.170618192383159f,0f,0f,0f,1f], start_interpolation: 0, interpolation_duration: 1 }
$data merge entity $(bone_segment11) { transformation: [-1.0283544287651212f,-0.11810376361829401f,0.00933444012344702f,-0.2337704890371071f,0.00022105762710834502f,0.07964719901036116f,1.032087562534009f,2.3276561504903768f,-0.1184718611601488f,1.0253078984495634f,-0.07909863086205955f,-2.9857101700253827f,0f,0f,0f,1f], start_interpolation: 0, interpolation_duration: 1 }
$data merge entity $(bone_segment10) { transformation: [-0.9997307175925251f,0.02320540890582265f,0.000036047864050126575f,-0.20655343294727607f,0f,-0.001553423199842141f,0.9999987934374531f,2.341459197296123f,0.0232054369046337f,0.9997295113548842f,0.001553004890303078f,-1.8131518972695069f,0f,0f,0f,1f], start_interpolation: 0, interpolation_duration: 1 }