# This file was generated by Animated Java via MC-Build. It is not recommended to edit this file directly.
$data merge entity $(bone_neck_spine5) { transformation: [-1.5659621841656335f,-0.037604941045066474f,-0.13552675650526697f,-0.11823064492236311f,-0.11421982328466526f,1.2240622556976446f,0.980124799044415f,4.112908519939375f,0.08206988052057018f,0.9860409008464266f,-1.2218866854688077f,0.3762764135649802f,0f,0f,0f,1f], start_interpolation: 0, interpolation_duration: 1 }
$data merge entity $(bone_neck_spine2) { transformation: [-1.491392556348222f,-0.11659294988207532f,-0.06594398070286232f,-0.21249008552246684f,-0.10878078408063355f,1.4843767746778223f,-0.16427602836656965f,5.304473083422831f,0.07816179097197157f,-0.1588268129721405f,-1.4868957796689026f,2.387566950709421f,0f,0f,0f,1f], start_interpolation: 0, interpolation_duration: 1 }
$data merge entity $(bone_scale_neck_left1) { transformation: [-1.6150916495557828f,0.32274306737432085f,-0.019260239735477885f,0.6392175163240665f,0.309511110513664f,1.571745920998683f,0.3832397593286355f,4.463973990019815f,0.09347147608469623f,0.372164954184951f,-1.6018150364111123f,2.4086543551184345f,0f,0f,0f,1f], start_interpolation: 0, interpolation_duration: 1 }
$data merge entity $(bone_scale_neck_right1) { transformation: [-1.5541724425306653f,-0.5063292143688518f,-0.20306113954314295f,-0.9267446678415663f,-0.540674281758073f,1.5112741609086557f,0.36983349287605216f,4.34975416673515f,0.0726252074787409f,0.41561546901448526f,-1.5921822891843167f,2.490724235639005f,0f,0f,0f,1f], start_interpolation: 0, interpolation_duration: 1 }
$data merge entity $(bone_blush_right1) { transformation: [-0.9725911547019532f,0.02372357400207149f,-0.23130853385054692f,-0.5571118117273921f,-0.07508599127839968f,0.9094438038059747f,0.40899151780038084f,3.801538664425924f,0.22006485341658136f,0.4151495631160985f,-0.8827356912095776f,3.750474251696959f,0f,0f,0f,1f], start_interpolation: 0, interpolation_duration: 1 }
$data merge entity $(bone_blush_left1) { transformation: [-0.9725911547019532f,0.02372357400207149f,-0.23130853385054692f,0.7317614274625988f,-0.07508599127839968f,0.9094438038059747f,0.40899151780038084f,3.9010422681024752f,0.22006485341658136f,0.4151495631160985f,-0.8827356912095776f,3.4588453395033056f,0f,0f,0f,1f], start_interpolation: 0, interpolation_duration: 1 }
$data merge entity $(bone_left_head_scales) { transformation: [-0.7558924957390293f,0.02372357400207149f,-0.6542657922602937f,0.6690822135668718f,-0.25545335385308354f,0.9094438038059747f,0.3281090546207624f,4.726522559273687f,0.6028018902513766f,0.4151495631160985f,-0.6813814800490835f,3.412451234916526f,0f,0f,0f,1f], start_interpolation: 0, interpolation_duration: 1 }
$data merge entity $(bone_left_head_scales2) { transformation: [-0.664026908087914f,0.02372357400207149f,-0.7473322269056601f,0.6867336139646391f,-0.2960947405309144f,0.9094438038059747f,0.2919586826056893f,3.8405466448966727f,0.6865829665562169f,0.4151495631160985f,-0.5968707316323837f,3.1881683332239885f,0f,0f,0f,1f], start_interpolation: 0, interpolation_duration: 1 }
$data merge entity $(bone_left_head_scales1) { transformation: [-0.9725911547019532f,0.02372357400207149f,-0.23130853385054692f,0.6664179450021861f,-0.07508599127839968f,0.9094438038059747f,0.40899151780038084f,4.624387757088446f,0.22006485341658136f,0.4151495631160985f,-0.8827356912095776f,3.365827992965011f,0f,0f,0f,1f], start_interpolation: 0, interpolation_duration: 1 }
$data merge entity $(bone_right_head_scales) { transformation: [-0.9695052852088671f,0.02372357400207149f,0.2439194415962807f,-0.6416363347619324f,0.12224917848535155f,0.9094438038059747f,0.3974507593131202f,4.625332453839906f,-0.21240207228680652f,0.4151495631160985f,-0.8846107618228384f,3.709023010028716f,0f,0f,0f,1f], start_interpolation: 0, interpolation_duration: 1 }
$data merge entity $(bone_right_head_scales2) { transformation: [-0.9293731571750781f,0.02372357400207149f,0.36837851017533024f,-0.6239849343641651f,0.17308105402458135f,0.9094438038059747f,0.37809379320038977f,3.739356539462892f,-0.32604981745151695f,0.4151495631160985f,-0.8493187604099798f,3.484740108336178f,0f,0f,0f,1f], start_interpolation: 0, interpolation_duration: 1 }
$data merge entity $(bone_right_head_scales1) { transformation: [-0.9725911547019532f,0.02372357400207149f,-0.23130853385054692f,-0.6443006033266181f,-0.07508599127839968f,0.9094438038059747f,0.40899151780038084f,4.523197651654665f,0.22006485341658136f,0.4151495631160985f,-0.8827356912095776f,3.6623997680772007f,0f,0f,0f,1f], start_interpolation: 0, interpolation_duration: 1 }
$data merge entity $(bone_head_left_fin1) { transformation: [-0.28310417327669807f,0.10160129814302979f,-1.0040938209719956f,0.6369442550791518f,-0.14990025401915935f,1.0270511147329464f,0.14618864386803967f,4.275831177191373f,0.9980266223620902f,0.18308026099674488f,-0.26286817440507115f,3.116639785114552f,0f,0f,0f,1f], start_interpolation: 0, interpolation_duration: 1 }
$data merge entity $(bone_head_right_fin1) { transformation: [-0.7016066465963223f,-0.16225129138069794f,0.7616415363688701f,-0.6737742932496524f,0.07387860023865644f,1.0066811646876643f,0.2825069611797856f,4.174641071757592f,-0.7752194940168969f,0.24278127838356067f,-0.662395036958916f,3.413211560226742f,0f,0f,0f,1f], start_interpolation: 0, interpolation_duration: 1 }
$data merge entity $(bone_right_whisker16) { transformation: [-0.16693136843465847f,-0.09809449289650068f,0.9810766477171449f,-1.4181745727199875f,0.9633155795786769f,-0.22829526123502522f,0.14108284034080534f,3.0428045395447203f,0.21013569990253922f,0.9686375711074864f,0.13260559364317934f,1.5483280971232203f,0f,0f,0f,1f], start_interpolation: 0, interpolation_duration: 1 }
$data merge entity $(bone_right_whisker15) { transformation: [0.1791622071482228f,-0.18663210316762757f,0.9659551550651848f,-1.4785368397767618f,0.4842362158554986f,0.8714042021846047f,0.07854937090110209f,2.8796585488512174f,-0.8563972155394507f,0.4536773903141309f,0.2464967235766749f,1.8368603621243047f,0f,0f,0f,1f], start_interpolation: 0, interpolation_duration: 1 }
$data merge entity $(bone_right_whisker14) { transformation: [0.47870008534264563f,-0.36523562109984187f,0.7984041391255161f,-1.639817630248649f,-0.11837977984337605f,0.8742123405082183f,0.4708917194296117f,2.919542361396105f,-0.8699611807530138f,-0.31993081249381916f,0.37524900959212004f,2.129962517749099f,0f,0f,0f,1f], start_interpolation: 0, interpolation_duration: 1 }
$data merge entity $(bone_right_whisker13) { transformation: [-0.0646967066429453f,-0.40056924346046197f,0.9139795497400748f,-1.6180203999832035f,0.27837654470291884f,0.8722948554123542f,0.4020052046683019f,2.8257533888155315f,-0.9582905798915173f,0.28043888178113396f,0.05507447754202205f,2.452824090075831f,0f,0f,0f,1f], start_interpolation: 0, interpolation_duration: 1 }
$data merge entity $(bone_right_whisker12) { transformation: [-0.6223711941756407f,-0.3985395249577046f,0.6736618912383823f,-1.3384395900996149f,-0.32121993579102837f,0.9148994337033959f,0.2444929018593639f,2.9700514068466575f,-0.7137729677641163f,-0.06422829015077573f,-0.697425893721701f,2.7734642904386178f,0f,0f,0f,1f], start_interpolation: 0, interpolation_duration: 1 }
$data merge entity $(bone_right_whisker11) { transformation: [-0.9547883911835242f,-0.25438670515558115f,0.15383930674981938f,-0.9095307424976409f,-0.23491720230475016f,0.9627373952244127f,0.13397990856028172f,3.0755806188194947f,-0.1821895609591465f,0.09178296179901735f,-0.9789703017972065f,2.8553072572757343f,0f,0f,0f,1f], start_interpolation: 0, interpolation_duration: 1 }
$data merge entity $(bone_right_whisker10) { transformation: [-0.601162767001318f,-0.6340636504642507f,0.4863811414223086f,-0.6394771557587676f,-0.48788449069019657f,0.7732561078020745f,0.4050231048850832f,3.2947474798717313f,-0.6329076167303458f,0.006186994968042259f,-0.7742026025388826f,3.139621225728819f,0f,0f,0f,1f], start_interpolation: 0, interpolation_duration: 1 }
$data merge entity $(bone_right_whisker1) { transformation: [-0.06074553894385494f,-0.7464540387397458f,0.6626585452158171f,-0.6121891206863328f,-0.6408360970142156f,0.5381568193304103f,0.5474635463405416f,3.582623070327336f,-0.7652705902241423f,-0.391399547594652f,-0.5110453188130133f,3.4833951236810705f,0f,0f,0f,1f], start_interpolation: 0, interpolation_duration: 1 }
$data merge entity $(bone_left_whisker16) { transformation: [-0.09813463563325944f,0.5354721932993535f,-0.8388319995638629f,0.6678681416493565f,-0.9837792076647696f,-0.17938264009509217f,0.0005822362004133247f,3.2038512283823395f,-0.15016012738275764f,0.8252826174321709f,0.5443900600752176f,1.0763263912274934f,0f,0f,0f,1f], start_interpolation: 0, interpolation_duration: 1 }
$data merge entity $(bone_left_whisker15) { transformation: [0.5971092091918225f,0.2333812562682448f,-0.7674593028434624f,0.8690426310743358f,-0.42430650282531834f,0.903830077426168f,-0.055273708035150526f,3.060896400770294f,0.6807529536905914f,0.35864241294423505f,0.6387104474478809f,1.305681634414265f,0f,0f,0f,1f], start_interpolation: 0, interpolation_duration: 1 }
$data merge entity $(bone_left_whisker14) { transformation: [0.7820478194657603f,0.0611061441532952f,-0.6202154845016103f,1.1325255389998112f,0.21571205119609504f,0.9071267813939415f,0.3613714341873764f,3.133572824268978f,0.5846960911769664f,-0.4163976964688739f,0.6962351896721335f,1.502673969820567f,0f,0f,0f,1f], start_interpolation: 0, interpolation_duration: 1 }
$data merge entity $(bone_left_whisker13) { transformation: [0.39316954809121374f,0.34989710936751f,-0.8502880213845262f,1.2649898886985111f,-0.2530177813737027f,0.9302323656917293f,0.26580020340153576f,3.048327575661627f,0.8839681604913605f,0.1106334428454139f,0.45426922916007684f,1.8004952738923632f,0f,0f,0f,1f], start_interpolation: 0, interpolation_duration: 1 }
$data merge entity $(bone_left_whisker12) { transformation: [-0.2964463529433058f,0.19432383122279318f,-0.9350710178620174f,1.1318206285872605f,0.2502853750602601f,0.9606696759847925f,0.12029548900195028f,3.160760458989478f,0.9216706520539523f,-0.1983734414234142f,-0.3334234348096624f,2.2145270121197247f,0f,0f,0f,1f], start_interpolation: 0, interpolation_duration: 1 }
$data merge entity $(bone_left_whisker11) { transformation: [-0.8078662109107315f,0.12555480723436135f,-0.575836934946935f,0.7689119791547052f,0.09883672548791275f,0.9920696433614582f,0.07764743663184057f,3.2051597692672513f,0.5810193516257137f,0.0058149033535450645f,-0.813868969758292f,2.4755317989828383f,0f,0f,0f,1f], start_interpolation: 0, interpolation_duration: 1 }
$data merge entity $(bone_left_whisker10) { transformation: [-0.33648933123914515f,0.4552103091125765f,-0.8243533856543964f,0.6177546623871206f,0.41549586477036526f,0.8573502460565373f,0.30383176585985994f,3.3918083022695638f,0.845066930083623f,-0.24027927514545888f,-0.47762721197039587f,2.8551517089813405f,0f,0f,0f,1f], start_interpolation: 0, interpolation_duration: 1 }
$data merge entity $(bone_left_whisker1) { transformation: [0.17981165135104182f,0.41959186352231526f,-0.8897249227172872f,0.6985294276424714f,0.6500282401203276f,0.6281779058107755f,0.4276164235588452f,3.683813175761117f,0.738329910734003f,-0.655236740970055f,-0.15979285402814436f,3.186823348568881f,0f,0f,0f,1f], start_interpolation: 0, interpolation_duration: 1 }
$data merge entity $(bone_upper_left_tooth1) { transformation: [-0.9725911547019532f,0.0034734315690345373f,-0.23249598075806946f,0.564193541048883f,-0.07508599127839968f,0.9416290550752858f,0.3281719313892699f,3.6527621894930116f,0.22006485341658136f,0.33663430887412366f,-0.9155592839240829f,4.241081677438572f,0f,0f,0f,1f], start_interpolation: 0, interpolation_duration: 1 }
$data merge entity $(bone_upper_right_tooth1) { transformation: [-0.9725911547019532f,0.0034734315690345373f,-0.23249598075806946f,-0.09116573311551895f,-0.07508599127839968f,0.9416290550752858f,0.3281719313892699f,3.602167136776121f,0.22006485341658136f,0.33663430887412366f,-0.9155592839240829f,4.389367564994668f,0f,0f,0f,1f], start_interpolation: 0, interpolation_duration: 1 }
$data merge entity $(bone_top_lip1) { transformation: [-0.9725911547019532f,-0.07625435064729025f,-0.21966274104381353f,0.2642499808267494f,-0.07508599127839968f,0.9970832855810734f,-0.013675362100906807f,3.745897109763397f,0.22006485341658136f,0.0031930584415168495f,-0.9754800175649563f,4.350632135428518f,0f,0f,0f,1f], start_interpolation: 0, interpolation_duration: 1 }
$data merge entity $(bone_muzzle1) { transformation: [-0.9725911547019532f,0.0034734315690345373f,-0.23249598075806946f,0.13428316247691396f,-0.07508599127839968f,0.9416290550752858f,0.3281719313892699f,4.088797375924839f,0.22006485341658136f,0.33663430887412366f,-0.9155592839240829f,3.8932325553742593f,0f,0f,0f,1f], start_interpolation: 0, interpolation_duration: 1 }
$data merge entity $(bone_jaw_right_tooth1) { transformation: [-0.9725911547019532f,-0.1467847327811942f,-0.18033493288288543f,-0.08817868326968678f,-0.07508599127839968f,0.9322745564637206f,-0.353873205094865f,3.631946398968439f,0.22006485341658136f,-0.3306333219636608f,-0.9177434645357123f,4.412729694840216f,0f,0f,0f,1f], start_interpolation: 0, interpolation_duration: 1 }
$data merge entity $(bone_jaw_left_tooth1) { transformation: [-0.9725911547019532f,-0.1467847327811942f,-0.18033493288288543f,0.6217938637417487f,-0.07508599127839968f,0.9322745564637206f,-0.353873205094865f,3.686757706078404f,0.22006485341658136f,-0.3306333219636608f,-0.9177434645357123f,4.25208664998778f,0f,0f,0f,1f], start_interpolation: 0, interpolation_duration: 1 }
$data merge entity $(bone_tongue1) { transformation: [-0.9725911547019532f,-0.056819310471599396f,-0.22547286256455204f,0.086104421445931f,-0.07508599127839968f,0.9944809689930109f,0.07327821111668545f,3.7100908164895756f,0.22006485341658136f,0.08819959335650837f,-0.9714897282125451f,3.551088984416527f,0f,0f,0f,1f], start_interpolation: 0, interpolation_duration: 1 }
$data merge entity $(bone_jaw_lips1) { transformation: [-0.9725911547019532f,-0.056819310471599396f,-0.22547286256455204f,0.35062918497631457f,-0.07508599127839968f,0.9944809689930109f,0.07327821111668545f,3.520033929859525f,0.22006485341658136f,0.08819959335650837f,-0.9714897282125451f,4.400163649572913f,0f,0f,0f,1f], start_interpolation: 0, interpolation_duration: 1 }
$data merge entity $(bone_jaw3) { transformation: [-0.9725911547019532f,-0.113239910401944f,-0.20308414139878345f,0.17770884694660175f,-0.07508599127839968f,0.9795606483313688f,-0.1866092981455314f,3.269869847153678f,0.22006485341658136f,-0.16624577869163315f,-0.9612147529860071f,3.5505749648497433f,0f,0f,0f,1f], start_interpolation: 0, interpolation_duration: 1 }
$data merge entity $(bone_jaw1) { transformation: [-0.9725911547019532f,0.0635294649883558f,-0.2236748820806991f,-0.023249054922776402f,-0.07508599127839968f,0.8246066771697692f,0.5607012768674344f,3.7736249005892635f,0.22006485341658136f,0.5621279525564661f,-0.7972349874694497f,2.8343091557951596f,0f,0f,0f,1f], start_interpolation: 0, interpolation_duration: 1 }
$data merge entity $(bone_tear_right1) { transformation: [-0.9725911547019532f,0.02372357400207149f,-0.23130853385054692f,-0.4697942695548064f,-0.07508599127839968f,0.9094438038059747f,0.40899151780038084f,4.121888228330293f,0.22006485341658136f,0.4151495631160985f,-0.8827356912095776f,3.990520261582669f,0f,0f,0f,1f], start_interpolation: 0, interpolation_duration: 1 }
$data merge entity $(bone_right_pupil1) { transformation: [-0.9725911547019532f,0.02372357400207149f,-0.23130853385054692f,-0.27132033055375493f,-0.07508599127839968f,0.9094438038059747f,0.40899151780038084f,4.210377644270617f,0.22006485341658136f,0.4151495631160985f,-0.8827356912095776f,4.055846177109897f,0f,0f,0f,1f], start_interpolation: 0, interpolation_duration: 1 }
$data merge entity $(bone_right_sad_pupil1) { transformation: [-0.9725911547019532f,0.02372357400207149f,-0.23130853385054692f,-0.27391803381477187f,-0.07508599127839968f,0.9094438038059747f,0.40899151780038084f,4.214970810730289f,0.22006485341658136f,0.4151495631160985f,-0.8827356912095776f,4.045932641515259f,0f,0f,0f,1f], start_interpolation: 0, interpolation_duration: 1 }
$data merge entity $(bone_right_happy_pupil1) { transformation: [-0.9725911547019532f,0.02372357400207149f,-0.23130853385054692f,-0.3018903793288543f,-0.07508599127839968f,0.9094438038059747f,0.40899151780038084f,4.187329336802837f,0.22006485341658136f,0.4151495631160985f,-0.8827356912095776f,4.040455479784118f,0f,0f,0f,1f], start_interpolation: 0, interpolation_duration: 1 }
$data merge entity $(bone_eyelid_right1) { transformation: [-0.9725911547019532f,0.02372357400207149f,-0.23130853385054692f,0.015387219299145221f,-0.07508599127839968f,0.9094438038059747f,0.40899151780038084f,4.4260269184319805f,0.22006485341658136f,0.4151495631160985f,-0.8827356912095776f,3.431794050539926f,0f,0f,0f,1f], start_interpolation: 0, interpolation_duration: 1 }
$data merge entity $(bone_eyelid_expressions_right5) { transformation: [-0.9725911547019532f,0.02372357400207149f,-0.23130853385054692f,-0.39686394327331687f,-0.07508599127839968f,0.9094438038059747f,0.40899151780038084f,4.3074082547954875f,0.22006485341658136f,0.4151495631160985f,-0.8827356912095776f,4.1209772661625514f,0f,0f,0f,1f], start_interpolation: 0, interpolation_duration: 1 }
$data merge entity $(bone_eyelid_expressions_right7) { transformation: [-0.9725911547019532f,0.02372357400207149f,-0.23130853385054692f,-0.06918430619111587f,-0.07508599127839968f,0.9094438038059747f,0.40899151780038084f,4.332705781153933f,0.22006485341658136f,0.4151495631160985f,-0.8827356912095776f,4.046834322384504f,0f,0f,0f,1f], start_interpolation: 0, interpolation_duration: 1 }
$data merge entity $(bone_eyelid_expressions_right6) { transformation: [-0.9725911547019532f,0.02372357400207149f,-0.23130853385054692f,-0.1784108518851829f,-0.07508599127839968f,0.9094438038059747f,0.40899151780038084f,4.324273272367785f,0.22006485341658136f,0.4151495631160985f,-0.8827356912095776f,4.0715486369771865f,0f,0f,0f,1f], start_interpolation: 0, interpolation_duration: 1 }
$data merge entity $(bone_right_eye1) { transformation: [-0.9725911547019532f,0.02372357400207149f,-0.23130853385054692f,0.007062267990755405f,-0.07508599127839968f,0.9094438038059747f,0.40899151780038084f,4.4205905010936934f,0.22006485341658136f,0.4151495631160985f,-0.8827356912095776f,3.444179017593833f,0f,0f,0f,1f], start_interpolation: 0, interpolation_duration: 1 }
$data merge entity $(bone_tear_left1) { transformation: [-0.9725911547019532f,0.02372357400207149f,-0.23130853385054692f,0.7098524239411174f,-0.07508599127839968f,0.9094438038059747f,0.40899151780038084f,4.212959323220695f,0.22006485341658136f,0.4151495631160985f,-0.8827356912095776f,3.723605663981698f,0f,0f,0f,1f], start_interpolation: 0, interpolation_duration: 1 }
$data merge entity $(bone_left_sad_pupil1) { transformation: [-0.9725911547019532f,0.02372357400207149f,-0.23130853385054692f,0.5452810588907308f,-0.07508599127839968f,0.9094438038059747f,0.40899151780038084f,4.2782146266264025f,0.22006485341658136f,0.4151495631160985f,-0.8827356912095776f,3.8605752820701404f,0f,0f,0f,1f], start_interpolation: 0, interpolation_duration: 1 }
$data merge entity $(bone_left_pupil1) { transformation: [-0.9725911547019532f,0.02372357400207149f,-0.23130853385054692f,0.5478787621517476f,-0.07508599127839968f,0.9094438038059747f,0.40899151780038084f,4.27362146016673f,0.22006485341658136f,0.4151495631160985f,-0.8827356912095776f,3.870488817664779f,0f,0f,0f,1f], start_interpolation: 0, interpolation_duration: 1 }
$data merge entity $(bone_eyelid_left1) { transformation: [-0.9725911547019532f,0.02372357400207149f,-0.23130853385054692f,-0.006458089839668181f,-0.07508599127839968f,0.9094438038059747f,0.40899151780038084f,4.424340416674751f,0.22006485341658136f,0.4151495631160985f,-0.8827356912095776f,3.4367369134584624f,0f,0f,0f,1f], start_interpolation: 0, interpolation_duration: 1 }
$data merge entity $(bone_left_happy_pupil1) { transformation: [-0.9725911547019532f,0.02372357400207149f,-0.23130853385054692f,0.5719219862236817f,-0.07508599127839968f,0.9094438038059747f,0.40899151780038084f,4.254789407092024f,0.22006485341658136f,0.4151495631160985f,-0.8827356912095776f,3.8427409630426586f,0f,0f,0f,1f], start_interpolation: 0, interpolation_duration: 1 }
$data merge entity $(bone_eyelid_expressions_left5) { transformation: [-0.9725911547019532f,0.02372357400207149f,-0.23130853385054692f,0.6735562045285399f,-0.07508599127839968f,0.9094438038059747f,0.40899151780038084f,4.390046840899742f,0.22006485341658136f,0.4151495631160985f,-0.8827356912095776f,3.8787769831542636f,0f,0f,0f,1f], start_interpolation: 0, interpolation_duration: 1 }
$data merge entity $(bone_eyelid_expressions_left7) { transformation: [-0.9725911547019532f,0.02372357400207149f,-0.23130853385054692f,0.34587656744633877f,-0.07508599127839968f,0.9094438038059747f,0.40899151780038084f,4.364749314541297f,0.22006485341658136f,0.4151495631160985f,-0.8827356912095776f,3.952919926932311f,0f,0f,0f,1f], start_interpolation: 0, interpolation_duration: 1 }
$data merge entity $(bone_eyelid_expressions_left6) { transformation: [-0.9725911547019532f,0.02372357400207149f,-0.23130853385054692f,0.4551031131404058f,-0.07508599127839968f,0.9094438038059747f,0.40899151780038084f,4.373181823327445f,0.22006485341658136f,0.4151495631160985f,-0.8827356912095776f,3.9282056123396285f,0f,0f,0f,1f], start_interpolation: 0, interpolation_duration: 1 }
$data merge entity $(bone_left_eye1) { transformation: [-0.9725911547019532f,0.02372357400207149f,-0.23130853385054692f,0.007062267990755405f,-0.07508599127839968f,0.9094438038059747f,0.40899151780038084f,4.4205905010936934f,0.22006485341658136f,0.4151495631160985f,-0.8827356912095776f,3.444179017593833f,0f,0f,0f,1f], start_interpolation: 0, interpolation_duration: 1 }
$data merge entity $(bone_crest_middle5) { transformation: [-0.9725911547019532f,-0.02690309919436432f,-0.23096031920929527f,0.15021280892859834f,-0.07508599127839968f,0.9764083205724103f,0.20245711998026802f,5.485822081785952f,0.22006485341658136f,0.21424988861304636f,-0.9516661418375856f,4.440298641790778f,0f,0f,0f,1f], start_interpolation: 0, interpolation_duration: 1 }
$data merge entity $(bone_crest_middle4) { transformation: [-0.9725911547019532f,-0.02690309919436432f,-0.23096031920929527f,0.16834087381542587f,-0.07508599127839968f,0.9764083205724103f,0.20245711998026802f,4.827890693900246f,0.22006485341658136f,0.21424988861304636f,-0.9516661418375856f,4.29593104106519f,0f,0f,0f,1f], start_interpolation: 0, interpolation_duration: 1 }
$data merge entity $(bone_crest_middle1) { transformation: [-0.9725911547019532f,-0.02690309919436432f,-0.23096031920929527f,0.20139045033718633f,-0.07508599127839968f,0.9764083205724103f,0.20245711998026802f,4.317389417534288f,0.22006485341658136f,0.21424988861304636f,-0.9516661418375856f,4.267813109023569f,0f,0f,0f,1f], start_interpolation: 0, interpolation_duration: 1 }
$data merge entity $(bone_crest_left5) { transformation: [-0.5425811058804006f,-0.8308116979327165f,-0.123926051013329f,-0.9163715803921516f,-0.8073607982837085f,0.47506237713884786f,0.3499775410249624f,4.779243931703685f,-0.23189283071344383f,0.28994423671689634f,-0.9285246656165694f,4.504369563438043f,0f,0f,0f,1f], start_interpolation: 0, interpolation_duration: 1 }
$data merge entity $(bone_crest_left4) { transformation: [-0.5425811058804006f,-0.8308116979327165f,-0.123926051013329f,-0.449851339853761f,-0.8073607982837085f,0.47506237713884786f,0.3499775410249624f,4.512485272665757f,-0.23189283071344383f,0.28994423671689634f,-0.9285246656165694f,4.341559078953458f,0f,0f,0f,1f], start_interpolation: 0, interpolation_duration: 1 }
$data merge entity $(bone_crest_left1) { transformation: [-0.5425811058804006f,-0.8308116979327165f,-0.123926051013329f,0.05636218652238731f,-0.8073607982837085f,0.47506237713884786f,0.3499775410249624f,4.2387028069124515f,-0.23189283071344383f,0.28994423671689634f,-0.9285246656165694f,4.1103287098163594f,0f,0f,0f,1f], start_interpolation: 0, interpolation_duration: 1 }
$data merge entity $(bone_crest_center1) { transformation: [-0.9725911547019532f,0.02372357400207149f,-0.23130853385054692f,0.1649226736009423f,-0.07508599127839968f,0.9094438038059747f,0.40899151780038084f,4.221601941983656f,0.22006485341658136f,0.4151495631160985f,-0.8827356912095776f,4.073958733930173f,0f,0f,0f,1f], start_interpolation: 0, interpolation_duration: 1 }
$data merge entity $(bone_crest_right5) { transformation: [-0.5025645871254885f,0.7957032886627324f,-0.3380608113619495f,1.2320908811464206f,0.7266734508712742f,0.6006326021067256f,0.3334459072853302f,4.945109550436862f,0.46837434981670456f,-0.07808171167319479f,-0.8800731303340439f,4.0182443561669565f,0f,0f,0f,1f], start_interpolation: 0, interpolation_duration: 1 }
$data merge entity $(bone_crest_right4) { transformation: [-0.5025645871254885f,0.7957032886627324f,-0.3380608113619495f,0.7852848352664683f,0.7266734508712742f,0.6006326021067256f,0.3334459072853302f,4.607840267027323f,0.46837434981670456f,-0.07808171167319479f,-0.8800731303340439f,4.062089067311573f,0f,0f,0f,1f], start_interpolation: 0, interpolation_duration: 1 }
$data merge entity $(bone_crest_right1) { transformation: [-0.5025645871254885f,0.7957032886627324f,-0.3380608113619495f,0.27481527791052135f,0.7266734508712742f,0.6006326021067256f,0.3334459072853302f,4.255567824484748f,0.46837434981670456f,-0.07808171167319479f,-0.8800731303340439f,4.0609000806309945f,0f,0f,0f,1f], start_interpolation: 0, interpolation_duration: 1 }
$data merge entity $(bone_head1) { transformation: [-1.0194477598112917f,0.024866506603733775f,-0.24245230436157575f,-0.13714354564751607f,-0.07870341533738505f,0.9532581537289183f,0.42869553623607604f,4.622147255283046f,0.23066693619836967f,0.4351502582141395f,-0.9252633221662886f,2.8756229389129415f,0f,0f,0f,1f], start_interpolation: 0, interpolation_duration: 1 }
$data merge entity $(bone_neck10) { transformation: [-1.491392556348222f,-0.10698806433202061f,-0.08059825459419717f,-0.16247338274627537f,-0.10878078408063355f,1.493120050052679f,0.030879424047643808f,4.196212829901189f,0.07816179097197157f,0.03661081677863867f,-1.4949062392708385f,1.7995189983988773f,0f,0f,0f,1f], start_interpolation: 0, interpolation_duration: 1 }
$data merge entity $(bone_neck9) { transformation: [-1.1409153056063905f,-0.0009082940056513934f,-0.10246750184137787f,-0.1637635325408849f,-0.08321729982168471f,0.6766085348699382f,0.9205780358286196f,3.4545901079020913f,0.05979377009355829f,0.9243312252876082f,-0.6739618976728907f,0.7427568648271202f,0f,0f,0f,1f], start_interpolation: 0, interpolation_duration: 1 }
$data merge entity $(bone_neck8) { transformation: [-1.0588887150072377f,0.015000570112509427f,-0.09391384095829211f,-0.18377715964102423f,-0.07723435669724983f,0.4769663209639661f,0.9470100950932778f,3.025962466886841f,0.055494871590099824f,0.9500359198258332f,-0.4739643527363633f,-0.23565758038910434f,0f,0f,0f,1f], start_interpolation: 0, interpolation_duration: 1 }
$data merge entity $(bone_neck7) { transformation: [-1.0516910785128286f,0.010233980000962456f,-0.09092719001413671f,-0.1941200117696565f,-0.08194489491581329f,0.3614194661388568f,0.9884774233876783f,2.6606981128103366f,0.04071268141210222f,0.991815430411953f,-0.35926486388595397f,-1.2380242387841631f,0f,0f,0f,1f], start_interpolation: 0, interpolation_duration: 1 }
$data merge entity $(bone_neck6) { transformation: [-1.0411468772351917f,0.08119712099487857f,-0.10600339513130762f,-0.2702574670298867f,-0.10150473256537633f,0.06013340010877277f,1.0430231424431589f,2.621006403176644f,0.0867552966916286f,1.0448002268124341f,-0.0517930184720508f,-2.198186595813958f,0f,0f,0f,1f], start_interpolation: 0, interpolation_duration: 1 }
$data merge entity $(bone_neck_spine6) { transformation: [-1.2337644739608002f,-0.3124451526632862f,0.013733822707295758f,-0.014994643052683138f,-0.016146831397887335f,0.11945469749279594f,1.2670655956182468f,3.194399868263944f,-0.3123297474541095f,1.2280447753811055f,-0.1197561147964133f,-5.87348503858861f,0f,0f,0f,1f], start_interpolation: 0, interpolation_duration: 1 }
$data merge entity $(bone_neck_spine7) { transformation: [-0.9737445570616964f,-0.21598767438228617f,-0.07190870675830766f,0.8528847730702565f,-0.038560777121573936f,-0.15481994761717552f,0.9871898754989312f,3.667125430519678f,-0.22435374759629273f,0.9640436236679056f,0.14242642874393935f,-9.03759403612054f,0f,0f,0f,1f], start_interpolation: 0, interpolation_duration: 1 }
$data merge entity $(bone_tail6) { transformation: [-1.5530027967915099f,0.5809699218209501f,-0.4647130304007337f,0.21093209410850788f,-0.4339947744302224f,0.16618871771432747f,1.6581109080513445f,4.158006561585225f,0.6042621835363641f,1.6125002938204238f,-0.0034573839877522715f,-12.79868495955838f,0f,0f,0f,1f], start_interpolation: 0, interpolation_duration: 1 }
$data merge entity $(bone_tail5) { transformation: [-1.2829153538712472f,0.5393028186401441f,-0.29472190931120595f,0.5515444006180725f,-0.35851742235540107f,-0.10265286946984407f,1.3727738289598477f,4.093173170341113f,0.4991731081387355f,1.3123243491668657f,0.22849803043945763f,-11.969848528505622f,0f,0f,0f,1f], start_interpolation: 0, interpolation_duration: 1 }
$data merge entity $(bone_tail4) { transformation: [-0.9425182604515413f,0.42147431250396183f,-0.18081463060241063f,0.7321762488340562f,-0.24690380971095616f,-0.1180615107848959f,1.0118177634567291f,4.042575380004729f,0.3864880793644087f,0.9524159183863287f,0.20544118608183226f,-11.561670277768624f,0f,0f,0f,1f], start_interpolation: 0, interpolation_duration: 1 }
$data merge entity $(bone_segment18) { transformation: [-0.9439896549338185f,0.2812933295210592f,-0.17250389602813834f,0.8901290461725416f,-0.21883839819468698f,-0.1424176264617269f,0.9653118538320099f,3.9626045448333493f,0.24696818996282413f,0.9489948800915443f,0.19599854771533812f,-11.02878741052972f,0f,0f,0f,1f], start_interpolation: 0, interpolation_duration: 1 }
$data merge entity $(bone_segment17) { transformation: [-0.9812416860601592f,0.13160495420446547f,-0.1408718906193011f,0.9861980923325397f,-0.17316746035701244f,-0.2805690233325828f,0.9440837112352395f,3.7577946376643006f,0.08472180481622378f,0.950768720128634f,0.29809571720110417f,-10.334744814537382f,0f,0f,0f,1f], start_interpolation: 0, interpolation_duration: 1 }
$data merge entity $(bone_segment16) { transformation: [-0.9917569484707321f,-0.02477476905520689f,-0.1257154166293166f,0.9625483494111875f,-0.1049566527709618f,-0.4057243789933797f,0.9079492438069168f,3.3704942661154442f,-0.07350004217098952f,0.9136596407353764f,0.39977969519744916f,-9.462574600847118f,0f,0f,0f,1f], start_interpolation: 0, interpolation_duration: 1 }
$data merge entity $(bone_segment15) { transformation: [-0.9737445570616964f,-0.19001673002822164f,-0.12536020063043413f,0.7384807698124789f,-0.038560777121573936f,-0.40504812673966023f,0.9134818451904079f,2.892861831507886f,-0.22435374759629273f,0.8943319614852607f,0.3870862159847919f,-8.407979050560543f,0f,0f,0f,1f], start_interpolation: 0, interpolation_duration: 1 }
$data merge entity $(bone_segment14) { transformation: [-0.988703355746583f,-0.332029456537724f,-0.10439019279549898f,0.36494763120753937f,-0.005597893162043198f,-0.29916538305820606f,1.0045615636669338f,2.5563007755674043f,-0.34800795386422434f,0.9481200934460109f,0.2804174575099337f,-7.341343945433781f,0f,0f,0f,1f], start_interpolation: 0, interpolation_duration: 1 }
$data merge entity $(bone_segment13) { transformation: [-0.9942690172507626f,-0.2498906288038773f,-0.03282387537134209f,0.0648829173714573f,-0.013012446479473912f,-0.08250923272432127f,1.022309402566097f,2.4289457785726265f,-0.2517010317718412f,0.9913831307695498f,0.07680944247775792f,-6.14944478591161f,0f,0f,0f,1f], start_interpolation: 0, interpolation_duration: 1 }
$data merge entity $(bone_segment12) { transformation: [-1.0921751380324927f,-0.22721060065310023f,0.0016407334455747196f,-0.20959968744436852f,-0.011443339010679595f,0.06304919160873046f,1.1137179762495748f,2.505112587227469f,-0.22692818037359017f,1.0903549988788144f,-0.06405824352874735f,-4.832237404715727f,0f,0f,0f,1f], start_interpolation: 0, interpolation_duration: 1 }
$data merge entity $(bone_segment11) { transformation: [-1.1859325549263182f,-0.1028741286293462f,0.010184778153451923f,-0.3284872728129254f,0.0007017537605029116f,0.10926794937539834f,1.185404092983613f,2.631389259822381f,-0.10337467576220934f,1.1809319496818582f,-0.10879451968279437f,-3.467480785603933f,0f,0f,0f,1f], start_interpolation: 0, interpolation_duration: 1 }
$data merge entity $(bone_segment10) { transformation: [-1.0470758333434975f,0.04803489891431268f,0.00021386791596615754f,-0.26785495898002687f,-3.6365947868784625e-18f,-0.004666799172243243f,1.048166694286104f,2.6411237219161974f,0.04803537501876837f,1.0470654552113496f,0.004661896076552087f,-2.1458166888976784f,0f,0f,0f,1f], start_interpolation: 0, interpolation_duration: 1 }