# This file was generated by Animated Java via MC-Build. It is not recommended to edit this file directly.
$data merge entity $(bone_neck_spine5) { transformation: [-1.361359295385736f,-0.044704236109604265f,-0.11791547946287596f,-0.15020663452666175f,-0.11177579189169885f,1.0196339473141034f,0.9039106404882591f,3.524066342672434f,0.05838408490407971f,0.9096976447780702f,-1.0189421739585598f,0.3781820756935951f,0f,0f,0f,1f], start_interpolation: 0, interpolation_duration: 1 }
$data merge entity $(bone_neck_spine2) { transformation: [-1.2965326622721292f,-0.10951381298659842f,-0.049303015842092325f,-0.24856744608596432f,-0.10645313513495126f,1.2953823066187928f,-0.07793212856941525f,4.492738562580158f,0.055603890384837804f,-0.07356909275338655f,-1.2988136136143473f,2.2260161869904342f,0f,0f,0f,1f], start_interpolation: 0, interpolation_duration: 1 }
$data merge entity $(bone_scale_neck_left1) { transformation: [-1.406669624031319f,0.26946067804967655f,-0.011442474180600735f,0.49695078999889f,0.2554290816754792f,1.3505272213239392f,0.40285434973478884f,3.7667784022224042f,0.08657927849541498f,0.39360714659521456f,-1.3744223736126986f,2.2118441517242595f,0f,0f,0f,1f], start_interpolation: 0, interpolation_duration: 1 }
$data merge entity $(bone_scale_neck_right1) { transformation: [-1.3485100188238193f,-0.45128805312041786f,-0.17122862098768185f,-0.8644085053868459f,-0.4816459132113164f,1.2913494124570688f,0.3897349453620996f,3.6550026103307056f,0.03158103578727973f,0.4245176161955409f,-1.3675696874825194f,2.2702282366283395f,0f,0f,0f,1f], start_interpolation: 0, interpolation_duration: 1 }
$data merge entity $(bone_blush_right1) { transformation: [-0.9762064014984468f,0.006852407587021488f,-0.21673510602510743f,-0.5555969241333f,-0.09169101345918752f,0.8927054800150975f,0.4412138755771873f,3.133498791159382f,0.19650399416877082f,0.450588471292016f,-0.8708365000471925f,3.3449852617033793f,0f,0f,0f,1f], start_interpolation: 0, interpolation_duration: 1 }
$data merge entity $(bone_blush_left1) { transformation: [-0.9762064014984468f,0.006852407587021488f,-0.21673510602510743f,0.5693284213434259f,-0.09169101345918752f,0.8927054800150975f,0.4412138755771873f,3.2391583574502425f,0.19650399416877082f,0.450588471292016f,-0.8708365000471925f,3.11854511217296f,0f,0f,0f,1f], start_interpolation: 0, interpolation_duration: 1 }
$data merge entity $(bone_left_head_scales) { transformation: [-0.7658285189006095f,0.006852407587021488f,-0.6430083390973713f,0.509131977825614f,-0.2850608174312105f,0.8927054800150975f,0.34902328907461844f,3.9575180533451846f,0.5764087178417315f,0.450588471292016f,-0.6817059626662916f,3.104995006100309f,0f,0f,0f,1f], start_interpolation: 0, interpolation_duration: 1 }
$data merge entity $(bone_left_head_scales2) { transformation: [-0.6753473196894058f,0.006852407587021488f,-0.7374679940842157f,0.5355268409449001f,-0.32817876354021985f,0.8927054800150975f,0.3088294434023852f,3.1954609582781375f,0.6604579448757869f,0.450588471292016f,-0.6006374385510581f,2.880536703340022f,0f,0f,0f,1f], start_interpolation: 0, interpolation_duration: 1 }
$data merge entity $(bone_left_head_scales1) { transformation: [-0.9762064014984468f,0.006852407587021488f,-0.21673510602510743f,0.508462797397194f,-0.09169101345918752f,0.8927054800150975f,0.4412138755771873f,3.8703397838124602f,0.19650399416877082f,0.450588471292016f,-0.8708365000471925f,3.060992225700698f,0f,0f,0f,1f], start_interpolation: 0, interpolation_duration: 1 }
$data merge entity $(bone_right_head_scales) { transformation: [-0.9659827881934924f,0.006852407587021488f,0.25851556514876983f,-0.6348598989303784f,0.12239897294443157f,0.8927054800150975f,0.4336996856964078f,3.850067646947699f,-0.22780637466075185f,0.450588471292016f,-0.8631768562714419f,3.335273124266837f,0f,0f,0f,1f], start_interpolation: 0, interpolation_duration: 1 }
$data merge entity $(bone_right_head_scales2) { transformation: [-0.9239756191815003f,0.006852407587021488f,0.3823899837448994f,-0.6084650358110923f,0.17796100130417397f,0.8927054800150975f,0.4140130528930584f,3.088010551880652f,-0.3385246478071855f,0.450588471292016f,-0.8260575599591987f,3.1108148215065503f,0f,0f,0f,1f], start_interpolation: 0, interpolation_duration: 1 }
$data merge entity $(bone_right_head_scales1) { transformation: [-0.9762064014984468f,0.006852407587021488f,-0.21673510602510743f,-0.6355290793587984f,-0.09169101345918752f,0.8927054800150975f,0.4412138755771873f,3.7628893774149748f,0.19650399416877082f,0.450588471292016f,-0.8708365000471925f,3.291270343867226f,0f,0f,0f,1f], start_interpolation: 0, interpolation_duration: 1 }
$data merge entity $(bone_head_left_fin1) { transformation: [-0.28839545157850766f,0.08436952157446287f,-0.9537871079743765f,0.4900792873883936f,-0.18231676342544095f,0.9730483521954743f,0.1412002197722949f,3.5757368835584966f,0.9399939687481513f,0.21461287966701537f,-0.26524074083392757f,2.8322002419291605f,0f,0f,0f,1f], start_interpolation: 0, interpolation_duration: 1 }
$data merge entity $(bone_head_right_fin1) { transformation: [-0.6545474277729241f,-0.16829137690324253f,0.7370520180122022f,-0.6539125893675988f,0.09375005447009638f,0.9493169632111678f,0.30001371743035443f,3.468286477161011f,-0.7501857050642213f,0.2654718738765698f,-0.6055956506595469f,3.062478360095689f,0f,0f,0f,1f], start_interpolation: 0, interpolation_duration: 1 }
$data merge entity $(bone_right_whisker16) { transformation: [-0.18000832932388855f,-0.11600541230455044f,0.9768007707255733f,-1.2585747474235742f,0.9529571336226742f,-0.2667497333787062f,0.1439349895614209f,2.54281294615857f,0.24386410734603767f,0.956758759593264f,0.15856535904755428f,1.3905765665670948f,0f,0f,0f,1f], start_interpolation: 0, interpolation_duration: 1 }
$data merge entity $(bone_right_whisker15) { transformation: [0.1924010913380396f,-0.20389916497480948f,0.9598994481582468f,-1.3149422546515155f,0.5187768619712786f,0.8514459599381667f,0.07687876682288058f,2.3908275373779215f,-0.8329780234406934f,0.4831820648860526f,0.2695973008716636f,1.6346130968719854f,0f,0f,0f,1f], start_interpolation: 0, interpolation_duration: 1 }
$data merge entity $(bone_right_whisker14) { transformation: [0.4976336059754527f,-0.36649677602086206f,0.7861557780555848f,-1.4607333501521365f,-0.08034314980461255f,0.8829765539148411f,0.4624904145127177f,2.4143655695472415f,-0.8636583656072241f,-0.2933130041491271f,0.40995330113766937f,1.8876380086709768f,0f,0f,0f,1f], start_interpolation: 0, interpolation_duration: 1 }
$data merge entity $(bone_right_whisker13) { transformation: [-0.04741439601453895f,-0.41421003352022673f,0.9089455006664311f,-1.446842413819752f,0.3150359941906319f,0.8573247615517269f,0.4071198540904076f,2.322069868124205f,-0.9478946130319007f,0.30565389145477473f,0.08984153395649569f,2.1653415085826664f,0f,0f,0f,1f], start_interpolation: 0, interpolation_duration: 1 }
$data merge entity $(bone_right_whisker12) { transformation: [-0.6045361628032216f,-0.40544677734762125f,0.6856740760752043f,-1.2106954752247434f,-0.29825863131992836f,0.9133704155478171f,0.27712140452366923f,2.438577145983552f,-0.738632396193343f,-0.03697830094036847f,-0.6730934471180388f,2.453869788345691f,0f,0f,0f,1f], start_interpolation: 0, interpolation_duration: 1 }
$data merge entity $(bone_right_whisker11) { transformation: [-0.9486396361009253f,-0.26499043633122643f,0.17280888134378486f,-0.8401331173728195f,-0.23554027686500106f,0.9562748839836186f,0.1733756737159962f,2.530585066633943f,-0.21119568838558883f,0.1237675842662492f,-0.969576178694709f,2.5363681041213115f,0f,0f,0f,1f], start_interpolation: 0, interpolation_duration: 1 }
$data merge entity $(bone_right_whisker10) { transformation: [-0.5834855903586573f,-0.6410753188657453f,0.49856494199351026f,-0.6122090586389689f,-0.4677718628531843f,0.7671357602569806f,0.4389672079527197f,2.713308450560968f,-0.6638780386235645f,0.022916388810790167f,-0.7474896580938105f,2.7956954629586415f,0f,0f,0f,1f], start_interpolation: 0, interpolation_duration: 1 }
$data merge entity $(bone_right_whisker1) { transformation: [-0.039077406619965435f,-0.7430791513781919f,0.6680616222167864f,-0.5969444466780449f,-0.6109479953616495f,0.5468156109233907f,0.572481645656925f,2.9519600112491124f,-0.7907056995212821f,-0.3857798108215944f,-0.4753508539037401f,3.104564876834142f,0f,0f,0f,1f], start_interpolation: 0, interpolation_duration: 1 }
$data merge entity $(bone_left_whisker16) { transformation: [-0.08604295927744615f,0.5199163230006452f,-0.8498727117846936f,0.5621181258460413f,-0.9779462263458263f,-0.2070202455354005f,-0.027636865133752707f,2.713823067063085f,-0.1903097147671095f,0.8287518537028754f,0.5262628406502875f,1.0240829426747253f,0f,0f,0f,1f], start_interpolation: 0, interpolation_duration: 1 }
$data merge entity $(bone_left_whisker15) { transformation: [0.5867558260037011f,0.21767543830421732f,-0.7799583349191042f,0.7340192467455631f,-0.4455938882833988f,0.8910427117766871f,-0.08653884973888848f,2.583277982605058f,0.6761388077718928f,0.39832184141560095f,0.6198193472908768f,1.222170484014147f,0f,0f,0f,1f], start_interpolation: 0, interpolation_duration: 1 }
$data merge entity $(bone_left_whisker14) { transformation: [0.767800661444837f,0.06142975657628315f,-0.6377370377293837f,0.9589608467782302f,0.19920013565068984f,0.9231699160969378f,0.32875007524002176f,2.641637397346471f,0.6089346847089742f,-0.3794518296444908f,0.6965736563622189f,1.4005693174249791f,0f,0f,0f,1f], start_interpolation: 0, interpolation_duration: 1 }
$data merge entity $(bone_left_whisker13) { transformation: [0.3771082133909143f,0.33904589955924236f,-0.8618800806290727f,1.0694417686700997f,-0.2840692230241388f,0.9280749633453098f,0.24079356084011905f,2.5584139921636178f,0.8815293936809906f,0.15402837531982913f,0.44629719657730205f,1.658829881979957f,0f,0f,0f,1f], start_interpolation: 0, interpolation_duration: 1 }
$data merge entity $(bone_left_whisker12) { transformation: [-0.3176967476754726f,0.1896203284133945f,-0.9290387007917503f,0.9453414766093682f,0.21163712373975896f,0.9692625976925988f,0.1254581387131084f,2.6410847436244613f,0.9242718779512816f,-0.15676143583991559f,-0.3480622758384182f,2.0198735843046762f,0f,0f,0f,1f], start_interpolation: 0, interpolation_duration: 1 }
$data merge entity $(bone_left_whisker11) { transformation: [-0.8205669805502576f,0.1163633676767121f,-0.5595796610792493f,0.6248074998319237f,0.06936604624077652f,0.9920938631690976f,0.10458545927201518f,2.6681808554372646f,0.5673254639618739f,0.047003545878478256f,-0.8221511324661022f,2.241485093664783f,0f,0f,0f,1f], start_interpolation: 0, interpolation_duration: 1 }
$data merge entity $(bone_left_whisker10) { transformation: [-0.35765188169792705f,0.4522476125466017f,-0.8170417544188491f,0.485099733543671f,0.3793747283078385f,0.8698270430282167f,0.3153977341994431f,2.816374108682514f,0.8533228855710397f,-0.1971624004791171f,-0.4826665938285212f,2.5748143458409705f,0f,0f,0f,1f], start_interpolation: 0, interpolation_duration: 1 }
$data merge entity $(bone_left_whisker1) { transformation: [0.15858610312774796f,0.42730109393473625f,-0.890092255340385f,0.5470474300779475f,0.6221729509480551f,0.6567445671980394f,0.42613072238979555f,3.059410417646598f,0.7666493768362069f,-0.621369735807947f,-0.16170462089445042f,2.8742867586676137f,0f,0f,0f,1f], start_interpolation: 0, interpolation_duration: 1 }
$data merge entity $(bone_upper_left_tooth1) { transformation: [-0.9762064014984468f,-0.012063377037756227f,-0.2165075901854209f,0.41156566005860196f,-0.09169101345918752f,0.9277627891849896f,0.36173051440888454f,2.995665468480168f,0.19650399416877082f,0.37297544414898687f,-0.9067940771407728f,3.786635210347544f,0f,0f,0f,1f], start_interpolation: 0, interpolation_duration: 1 }
$data merge entity $(bone_upper_right_tooth1) { transformation: [-0.9762064014984468f,-0.012063377037756227f,-0.2165075901854209f,-0.1604302783193943f,-0.09169101345918752f,0.9277627891849896f,0.36173051440888454f,2.941940265281425f,0.19650399416877082f,0.37297544414898687f,-0.9067940771407728f,3.901774269430808f,0f,0f,0f,1f], start_interpolation: 0, interpolation_duration: 1 }
$data merge entity $(bone_top_lip1) { transformation: [-0.9762064014984468f,-0.08538582341045048f,-0.19932466689793463f,0.14810528945295975f,-0.09169101345918752f,0.9955309692202816f,0.022601932973847272f,3.0707034640370003f,0.19650399416877082f,0.04034043237059515f,-0.9796728177263434f,3.879472939225984f,0f,0f,0f,1f], start_interpolation: 0, interpolation_duration: 1 }
$data merge entity $(bone_muzzle1) { transformation: [-0.9762064014984468f,-0.012063377037756227f,-0.2165075901854209f,0.04062159643696969f,-0.09169101345918752f,0.9277627891849896f,0.36173051440888454f,3.3832324440977333f,0.19650399416877082f,0.37297544414898687f,-0.9067940771407728f,3.4913374685736027f,0f,0f,0f,1f], start_interpolation: 0, interpolation_duration: 1 }
$data merge entity $(bone_jaw_right_tooth1) { transformation: [-0.9762064014984468f,-0.14840947931930176f,-0.15810024706377585f,-0.1584892385749576f,-0.09169101345918752f,0.9432234218952942f,-0.3192527751468406f,2.9670429586573315f,0.19650399416877082f,-0.29716023091306454f,-0.9343885580631933f,3.9231303077038504f,0f,0f,0f,1f], start_interpolation: 0, interpolation_duration: 1 }
$data merge entity $(bone_jaw_left_tooth1) { transformation: [-0.9762064014984468f,-0.14840947931930176f,-0.15810024706377585f,0.46117302800120485f,-0.09169101345918752f,0.9432234218952942f,-0.3192527751468406f,3.025245262122636f,0.19650399416877082f,-0.29716023091306454f,-0.9343885580631933f,3.7983963270303143f,0f,0f,0f,1f], start_interpolation: 0, interpolation_duration: 1 }
$data merge entity $(bone_tongue1) { transformation: [-0.9762064014984468f,-0.06768861518226982f,-0.2060080412220839f,0.007886150187993518f,-0.09169101345918752f,0.9897727850675128f,0.10928216684586131f,3.0654542658366326f,0.19650399416877082f,0.1255710369249459f,-0.9724289665375634f,3.180433073665162f,0f,0f,0f,1f], start_interpolation: 0, interpolation_duration: 1 }
$data merge entity $(bone_jaw_lips1) { transformation: [-0.9762064014984468f,-0.06768861518226982f,-0.2060080412220839f,0.22409798821357318f,-0.09169101345918752f,0.9897727850675128f,0.10928216684586131f,2.873398859235849f,0.19650399416877082f,0.1255710369249459f,-0.9724289665375634f,3.916446105362403f,0f,0f,0f,1f], start_interpolation: 0, interpolation_duration: 1 }
$data merge entity $(bone_jaw3) { transformation: [-0.9762064014984468f,-0.11870098606283722f,-0.18146938469384677f,0.09101898839321279f,-0.09169101345918752f,0.9843314013245498f,-0.15061357979038775f,2.6836371073630954f,0.19650399416877082f,-0.13039082894957976f,-0.9717944288796685f,3.1667818580895015f,0f,0f,0f,1f], start_interpolation: 0, interpolation_duration: 1 }
$data merge entity $(bone_jaw1) { transformation: [-0.9762064014984468f,0.044383960316207276f,-0.2122525046733314f,-0.07480328088282737f,-0.09169101345918752f,0.8025272924200104f,0.5895275252028818f,3.144205486427847f,0.19650399416877082f,0.5949621912253388f,-0.7793626699349047f,2.5579047722028574f,0f,0f,0f,1f], start_interpolation: 0, interpolation_duration: 1 }
$data merge entity $(bone_tear_right1) { transformation: [-0.9762064014984468f,0.006852407587021488f,-0.21673510602510743f,-0.4865394805076755f,-0.09169101345918752f,0.8927054800150975f,0.4412138755771873f,3.404321271507328f,0.19650399416877082f,0.450588471292016f,-0.8708365000471925f,3.565938435773706f,0f,0f,0f,1f], start_interpolation: 0, interpolation_duration: 1 }
$data merge entity $(bone_right_pupil1) { transformation: [-0.9762064014984468f,0.006852407587021488f,-0.21673510602510743f,-0.3158723994711483f,-0.09169101345918752f,0.8927054800150975f,0.4412138755771873f,3.480421567744164f,0.19650399416877082f,0.450588471292016f,-0.8708365000471925f,3.6293036125075577f,0f,0f,0f,1f], start_interpolation: 0, interpolation_duration: 1 }
$data merge entity $(bone_right_sad_pupil1) { transformation: [-0.9762064014984468f,0.006852407587021488f,-0.21673510602510743f,-0.31798895324092474f,-0.09169101345918752f,0.8927054800150975f,0.4412138755771873f,3.4847302969978475f,0.19650399416877082f,0.450588471292016f,-0.8708365000471925f,3.6207993498117843f,0f,0f,0f,1f], start_interpolation: 0, interpolation_duration: 1 }
$data merge entity $(bone_right_happy_pupil1) { transformation: [-0.9762064014984468f,0.006852407587021488f,-0.21673510602510743f,-0.3419891052412351f,-0.09169101345918752f,0.8927054800150975f,0.4412138755771873f,3.4606974871052896f,0.19650399416877082f,0.450588471292016f,-0.8708365000471925f,3.6145961949084167f,0f,0f,0f,1f], start_interpolation: 0, interpolation_duration: 1 }
$data merge entity $(bone_eyelid_right1) { transformation: [-0.9762064014984468f,0.006852407587021488f,-0.21673510602510743f,-0.05712019975357541f,-0.09169101345918752f,0.8927054800150975f,0.4412138755771873f,3.691051325621627f,0.19650399416877082f,0.450588471292016f,-0.8708365000471925f,3.0997038671707178f,0f,0f,0f,1f], start_interpolation: 0, interpolation_duration: 1 }
$data merge entity $(bone_eyelid_expressions_right5) { transformation: [-0.9762064014984468f,0.006852407587021488f,-0.21673510602510743f,-0.42695202260378684f,-0.09169101345918752f,0.8927054800150975f,0.4412138755771873f,3.5616112645709213f,0.19650399416877082f,0.450588471292016f,-0.8708365000471925f,3.686870388461523f,0f,0f,0f,1f], start_interpolation: 0, interpolation_duration: 1 }
$data merge entity $(bone_eyelid_expressions_right7) { transformation: [-0.9762064014984468f,0.006852407587021488f,-0.21673510602510743f,-0.14095405341478873f,-0.09169101345918752f,0.8927054800150975f,0.4412138755771873f,3.5884738661702924f,0.19650399416877082f,0.450588471292016f,-0.8708365000471925f,3.6293008589198905f,0f,0f,0f,1f], start_interpolation: 0, interpolation_duration: 1 }
$data merge entity $(bone_eyelid_expressions_right6) { transformation: [-0.9762064014984468f,0.006852407587021488f,-0.21673510602510743f,-0.23628670981112143f,-0.09169101345918752f,0.8927054800150975f,0.4412138755771873f,3.579519665637169f,0.19650399416877082f,0.450588471292016f,-0.8708365000471925f,3.6484907021004345f,0f,0f,0f,1f], start_interpolation: 0, interpolation_duration: 1 }
$data merge entity $(bone_right_eye1) { transformation: [-0.9762064014984468f,0.006852407587021488f,-0.21673510602510743f,-0.06453691162343224f,-0.09169101345918752f,0.8927054800150975f,0.4412138755771873f,3.685847176314631f,0.19650399416877082f,0.450588471292016f,-0.8708365000471925f,3.1101271141845457f,0f,0f,0f,1f], start_interpolation: 0, interpolation_duration: 1 }
$data merge entity $(bone_tear_left1) { transformation: [-0.9762064014984468f,0.006852407587021488f,-0.21673510602510743f,0.5430532085727178f,-0.09169101345918752f,0.8927054800150975f,0.4412138755771873f,3.5010266372650647f,0.19650399416877082f,0.450588471292016f,-0.8708365000471925f,3.3586881294238307f,0f,0f,0f,1f], start_interpolation: 0, interpolation_duration: 1 }
$data merge entity $(bone_left_sad_pupil1) { transformation: [-0.9762064014984468f,0.006852407587021488f,-0.21673510602510743f,0.3970059697315705f,-0.09169101345918752f,0.8927054800150975f,0.4412138755771873f,3.551886800996276f,0.19650399416877082f,0.450588471292016f,-0.8708365000471925f,3.476875525957704f,0f,0f,0f,1f], start_interpolation: 0, interpolation_duration: 1 }
$data merge entity $(bone_left_pupil1) { transformation: [-0.9762064014984468f,0.006852407587021488f,-0.21673510602510743f,0.3991225235013469f,-0.09169101345918752f,0.8927054800150975f,0.4412138755771873f,3.5475780717425924f,0.19650399416877082f,0.450588471292016f,-0.8708365000471925f,3.4853797886534776f,0f,0f,0f,1f], start_interpolation: 0, interpolation_duration: 1 }
$data merge entity $(bone_eyelid_left1) { transformation: [-0.9762064014984468f,0.006852407587021488f,-0.21673510602510743f,-0.07618673103284195f,-0.09169101345918752f,0.8927054800150975f,0.4412138755771873f,3.6892604855150024f,0.19650399416877082f,0.450588471292016f,-0.8708365000471925f,3.1035418358068267f,0f,0f,0f,1f], start_interpolation: 0, interpolation_duration: 1 }
$data merge entity $(bone_left_happy_pupil1) { transformation: [-0.9762064014984468f,0.006852407587021488f,-0.21673510602510743f,0.42067214592942653f,-0.09169101345918752f,0.8927054800150975f,0.4412138755771873f,3.53233109137028f,0.19650399416877082f,0.450588471292016f,-0.8708365000471925f,3.4610774494640646f,0f,0f,0f,1f], start_interpolation: 0, interpolation_duration: 1 }
$data merge entity $(bone_eyelid_expressions_left5) { transformation: [-0.9762064014984468f,0.006852407587021488f,-0.21673510602510743f,0.5073080100802736f,-0.09169101345918752f,0.8927054800150975f,0.4412138755771873f,3.6493624297955347f,0.19650399416877082f,0.450588471292016f,-0.8708365000471925f,3.4988099252921914f,0f,0f,0f,1f], start_interpolation: 0, interpolation_duration: 1 }
$data merge entity $(bone_eyelid_expressions_left7) { transformation: [-0.9762064014984468f,0.006852407587021488f,-0.21673510602510743f,0.22131004089127548f,-0.09169101345918752f,0.8927054800150975f,0.4412138755771873f,3.6224998281961636f,0.19650399416877082f,0.450588471292016f,-0.8708365000471925f,3.5563794548338232f,0f,0f,0f,1f], start_interpolation: 0, interpolation_duration: 1 }
$data merge entity $(bone_eyelid_expressions_left6) { transformation: [-0.9762064014984468f,0.006852407587021488f,-0.21673510602510743f,0.3166426972876082f,-0.09169101345918752f,0.8927054800150975f,0.4412138755771873f,3.631454028729287f,0.19650399416877082f,0.450588471292016f,-0.8708365000471925f,3.5371896116532793f,0f,0f,0f,1f], start_interpolation: 0, interpolation_duration: 1 }
$data merge entity $(bone_left_eye1) { transformation: [-0.9762064014984468f,0.006852407587021488f,-0.21673510602510743f,-0.06453691162343224f,-0.09169101345918752f,0.8927054800150975f,0.4412138755771873f,3.685847176314631f,0.19650399416877082f,0.450588471292016f,-0.8708365000471925f,3.1101271141845457f,0f,0f,0f,1f], start_interpolation: 0, interpolation_duration: 1 }
$data merge entity $(bone_crest_middle5) { transformation: [-0.9762064014984468f,-0.04022008450854063f,-0.21308075106770924f,0.03357109801856081f,-0.09169101345918752f,0.9670409565668837f,0.23753851555702252f,4.578608198542735f,0.19650399416877082f,0.2514242095032469f,-0.9477193926217755f,4.014087518181107f,0f,0f,0f,1f], start_interpolation: 0, interpolation_duration: 1 }
$data merge entity $(bone_crest_middle4) { transformation: [-0.9762064014984468f,-0.04022008450854063f,-0.21308075106770924f,0.05713755378528384f,-0.09169101345918752f,0.9670409565668837f,0.23753851555702252f,4.011982638054326f,0.19650399416877082f,0.2514242095032469f,-0.9477193926217755f,3.8667686454252985f,0f,0f,0f,1f], start_interpolation: 0, interpolation_duration: 1 }
$data merge entity $(bone_crest_middle1) { transformation: [-0.9762064014984468f,-0.04022008450854063f,-0.21308075106770924f,0.09041896252040282f,-0.09169101345918752f,0.9670409565668837f,0.23753851555702252f,3.5696155529623352f,0.19650399416877082f,0.2514242095032469f,-0.9477193926217755f,3.8256928284725427f,0f,0f,0f,1f], start_interpolation: 0, interpolation_duration: 1 }
$data merge entity $(bone_crest_left5) { transformation: [-0.5302945791328949f,-0.8409197867906179f,-0.10789611450968807f,-0.8892100621905635f,-0.802165711095564f,0.45646696164356915f,0.38492607715045335f,3.954809214573912f,-0.27444094316412426f,0.29067477549988824f,-0.9166189740580737f,4.026387475075347f,0f,0f,0f,1f], start_interpolation: 0, interpolation_duration: 1 }
$data merge entity $(bone_crest_left4) { transformation: [-0.5302945791328949f,-0.8409197867906179f,-0.10789611450968807f,-0.47860469754670715f,-0.802165711095564f,0.45646696164356915f,0.38492607715045335f,3.731924955958888f,-0.27444094316412426f,0.29067477549988824f,-0.9166189740580737f,3.884456432350792f,0f,0f,0f,1f], start_interpolation: 0, interpolation_duration: 1 }
$data merge entity $(bone_crest_left1) { transformation: [-0.5302945791328949f,-0.8409197867906179f,-0.10789611450968807f,-0.03220716140475849f,-0.802165711095564f,0.45646696164356915f,0.38492607715045335f,3.5055474900932233f,-0.27444094316412426f,0.29067477549988824f,-0.9166189740580737f,3.6835754995111025f,0f,0f,0f,1f], start_interpolation: 0, interpolation_duration: 1 }
$data merge entity $(bone_crest_center1) { transformation: [-0.9762064014984468f,0.006852407587021488f,-0.21673510602510743f,0.06295820202584657f,-0.09169101345918752f,0.8927054800150975f,0.4412138755771873f,3.4927074022136284f,0.19650399416877082f,0.450588471292016f,-0.8708365000471925f,3.653385102039553f,0f,0f,0f,1f], start_interpolation: 0, interpolation_duration: 1 }
$data merge entity $(bone_crest_right5) { transformation: [-0.5187360552486605f,0.7916411658475101f,-0.32282684138815587f,0.98596261057667f,0.7036346198544745f,0.6098066324872711f,0.3647385265046508f,4.130936396810254f,0.48560398137505845f,-0.03794911738274416f,-0.8733548177931822f,3.6489274221712815f,0f,0f,0f,1f], start_interpolation: 0, interpolation_duration: 1 }
$data merge entity $(bone_crest_right4) { transformation: [-0.5187360552486605f,0.7916411658475101f,-0.32282684138815587f,0.5994190725651904f,0.7036346198544745f,0.6098066324872711f,0.3647385265046508f,3.833179252041079f,0.48560398137505845f,-0.03794911738274416f,-0.8733548177931822f,3.6674572646433248f,0f,0f,0f,1f], start_interpolation: 0, interpolation_duration: 1 }
$data merge entity $(bone_crest_right1) { transformation: [-0.5187360552486605f,0.7916411658475101f,-0.32282684138815587f,0.15845815138790692f,0.7036346198544745f,0.6098066324872711f,0.3647385265046508f,3.523455891159471f,0.48560398137505845f,-0.03794911738274416f,-0.8733548177931822f,3.6451958131500146f,0f,0f,0f,1f], start_interpolation: 0, interpolation_duration: 1 }
$data merge entity $(bone_head1) { transformation: [-0.9762064014984468f,0.006852407587021488f,-0.21673510602510743f,-0.18128195917534645f,-0.09169101345918752f,0.8927054800150975f,0.4412138755771873f,3.8792381505008597f,0.19650399416877082f,0.450588471292016f,-0.8708365000471925f,2.620391275717205f,0f,0f,0f,1f], start_interpolation: 0, interpolation_duration: 1 }
$data merge entity $(bone_neck10) { transformation: [-1.2965326622721292f,-0.10214157221218227f,-0.06317564271151353f,-0.19565213294364517f,-0.10645313513495126f,1.2944723154055253f,0.09181591154610849f,3.556315292855804f,0.055603890384837804f,0.09658949642236776f,-1.2973047766424777f,1.6670847734327294f,0f,0f,0f,1f], start_interpolation: 0, interpolation_duration: 1 }
$data merge entity $(bone_neck9) { transformation: [-0.9957370846249953f,-0.009261498079380962f,-0.09177081756114322f,-0.18850710644518412f,-0.08175600778364257f,0.5492600497317159f,0.8316425632205184f,2.9795443534291546f,0.042703787815555436f,0.8356001570260975f,-0.5476757837299047f,0.7294648664835633f,0f,0f,0f,1f], start_interpolation: 0, interpolation_duration: 1 }
$data merge entity $(bone_neck8) { transformation: [-0.9957370846249953f,0.006537237171690382f,-0.0920050152582786f,-0.1990643584725472f,-0.08175600778364257f,0.39926175531127767f,0.9131845410085733f,2.6537245873204776f,0.042703787815555436f,0.9168136753320811f,-0.3970252778228174f,-0.14048069548579012f,0f,0f,0f,1f], start_interpolation: 0, interpolation_duration: 1 }
$data merge entity $(bone_neck7) { transformation: [-0.9955906843443376f,0.023694641537456304f,-0.09076206922049038f,-0.22104669193014825f,-0.07957648231886802f,0.2989619194871218f,0.9509412990076364f,2.3763673377962924f,0.04966661563392979f,0.9539708248468541f,-0.29575816579172287f,-1.0255122224433206f,0f,0f,0f,1f], start_interpolation: 0, interpolation_duration: 1 }
$data merge entity $(bone_neck6) { transformation: [-0.9841384078772776f,0.12974019208400994f,-0.12099205221328171f,-0.3308850869408797f,-0.11876613324906118f,0.024787592836465255f,0.9926128050929225f,2.3712528610236543f,0.1317808777245148f,0.9912381438379869f,-0.008985681208380725f,-1.8503937355774018f,0f,0f,0f,1f], start_interpolation: 0, interpolation_duration: 1 }
$data merge entity $(bone_neck_spine6) { transformation: [-1.0742659942434103f,-0.26515885976313563f,0.024187397931400612f,-0.27162029088805706f,-0.024791624989275153f,0.19971586428946794f,1.0883200937219084f,2.8107426329816665f,-0.2651030487564586f,1.0558153390425742f,-0.19978994193854227f,-5.129544432055693f,0f,0f,0f,1f], start_interpolation: 0, interpolation_duration: 1 }
$data merge entity $(bone_neck_spine7) { transformation: [-0.9592716367873688f,-0.2749355607788437f,-0.0648719066661743f,0.5312988860100165f,-0.037305330404177314f,-0.10433889686853282f,0.9938418923167271f,2.9941875428062232f,-0.2800111411689134f,0.9557844066626533f,0.08983278244495341f,-7.870375499768771f,0f,0f,0f,1f], start_interpolation: 0, interpolation_duration: 1 }
$data merge entity $(bone_tail6) { transformation: [-1.4043931776617435f,0.38384666644983445f,-0.3500511689403798f,0.25509112714910204f,-0.37205023252815334f,-0.03897473780619712f,1.4499151271618325f,3.6447461942593957f,0.36256407529831775f,1.446836890652265f,0.13192643720948574f,-11.12148809086095f,0f,0f,0f,1f], start_interpolation: 0, interpolation_duration: 1 }
$data merge entity $(bone_tail5) { transformation: [-1.160150885894484f,0.3624877170705614f,-0.2297172951664225f,0.4840307379305095f,-0.3073458442623876f,-0.23969552729408894f,1.1739685025490294f,3.4933595454420763f,0.29950945350730596f,1.1581304623985773f,0.31487359065436676f,-10.390037272503953f,0f,0f,0f,1f], start_interpolation: 0, interpolation_duration: 1 }
$data merge entity $(bone_tail4) { transformation: [-0.9362283202783496f,0.3156963096092814f,-0.154312580199608f,0.607349608871635f,-0.23426038225874238f,-0.23342386297163673f,0.9437348004070776f,3.4021783489687807f,0.2619133551630535f,0.9197005709982349f,0.2924931693095636f,-10.030779236957768f,0f,0f,0f,1f], start_interpolation: 0, interpolation_duration: 1 }
$data merge entity $(bone_segment18) { transformation: [-0.9694253944038257f,0.1907931662222897f,-0.154312580199608f,0.7005103345661124f,-0.20178832420691184f,-0.26200400514950106f,0.9437348004070776f,3.274246705829376f,0.13962763658657631f,0.9460189580597707f,0.2924931693095636f,-9.568855917592646f,0f,0f,0f,1f], start_interpolation: 0, interpolation_duration: 1 }
$data merge entity $(bone_segment17) { transformation: [-0.9886084402398317f,0.04508941497123391f,-0.1435976898982659f,0.729131545241212f,-0.150340544857246f,-0.3411312981436029f,0.9279154907635107f,3.0577082841561904f,-0.007146499744145662f,0.9389336409376396f,0.344024047788806f,-8.97285311816934f,0f,0f,0f,1f], start_interpolation: 0, interpolation_duration: 1 }
$data merge entity $(bone_segment16) { transformation: [-0.9847355577476627f,-0.10218625984081713f,-0.14090368911829196f,0.6443089662717838f,-0.0873171377804823f,-0.4102730481343535f,0.907772958081684f,2.7171496016227916f,-0.15057090939893894f,0.906219617021333f,0.3950878471536235f,-8.220620037634054f,0f,0f,0f,1f], start_interpolation: 0, interpolation_duration: 1 }
$data merge entity $(bone_segment15) { transformation: [-0.9592716367873688f,-0.24877727378423384f,-0.1338200093549781f,0.38921508202037214f,-0.037305330404177314f,-0.358008844724125f,0.9329726573821617f,2.3500506885755934f,-0.2800111411689134f,0.899966407788525f,0.334147012067295f,-7.297802920272773f,0f,0f,0f,1f], start_interpolation: 0, interpolation_duration: 1 }
$data merge entity $(bone_segment14) { transformation: [-0.9378903061002789f,-0.3347494638496451f,-0.09112941443628463f,0.04596612006516984f,-0.02303516455079463f,-0.20200647732696825f,0.9791132540784375f,2.142915140535245f,-0.34616636884198143f,0.9204000106314233f,0.18174890787136241f,-6.354033378121412f,0f,0f,0f,1f], start_interpolation: 0, interpolation_duration: 1 }
$data merge entity $(bone_segment13) { transformation: [-0.9706309218575754f,-0.2397339995388133f,-0.02008041331839235f,-0.21107039906126282f,-0.022399962343250958f,0.0069544031400867595f,0.9997249011423024f,2.1259786569781225f,-0.23952840169995315f,0.9708137029018952f,-0.012120191292897986f,-5.310871196387089f,0f,0f,0f,1f], start_interpolation: 0, interpolation_duration: 1 }
$data merge entity $(bone_segment12) { transformation: [-0.9870800549281723f,-0.16012478931754245f,0.005746042900022602f,-0.3987166365427579f,-0.012968285570598261f,0.11558348492016172f,0.9932131098525987f,2.2614280533689373f,-0.15970218762545385f,0.9803063347034555f,-0.11616669663858457f,-4.162074710406477f,0f,0f,0f,1f], start_interpolation: 0, interpolation_duration: 1 }
$data merge entity $(bone_segment11) { transformation: [-1.0348112935083005f,-0.02626141137668769f,0.004938320994515828f,-0.4290659170522806f,0.0020127662466718596f,0.11415651572210651f,1.0288404641169044f,2.3933542498686218f,-0.02664577853575977f,1.0285072144155116f,-0.11406741118974523f,-2.973469364386373f,0f,0f,0f,1f], start_interpolation: 0, interpolation_duration: 1 }
$data merge entity $(bone_segment10) { transformation: [-0.9962005148288524f,0.08707627351671209f,0.0015022799912630634f,-0.32691492768799946f,0f,-0.017249893749805734f,0.9998512095135059f,2.3887453655704434f,0.08708923156584517f,0.9960522896696051f,0.017184353034299438f,-1.804979685865854f,0f,0f,0f,1f], start_interpolation: 0, interpolation_duration: 1 }