# This file was generated by Animated Java via MC-Build. It is not recommended to edit this file directly.
$data merge entity $(bone_neck_spine5) { transformation: [-1.5655631896935966f,-0.05140987152604491f,-0.13560280138230738f,-0.15329949217424388f,-0.12854216067545368f,1.172579039411219f,1.039497236561498f,4.028475907042193f,0.06714169763969167f,1.046152291494781f,-1.171783500052344f,0.45016746533569424f,0f,0f,0f,1f], start_interpolation: 0, interpolation_duration: 1 }
$data merge entity $(bone_neck_spine2) { transformation: [-1.4910125616129486f,-0.1259408849345882f,-0.05669846821840618f,-0.2667313935040661f,-0.12242110540519395f,1.489689652611612f,-0.08962194785482754f,5.116595518504266f,0.06394447394256347f,-0.08460445666639453f,-1.4936356556564994f,2.518289679038469f,0f,0f,0f,1f], start_interpolation: 0, interpolation_duration: 1 }
$data merge entity $(bone_scale_neck_left1) { transformation: [-1.6176700676360167f,0.309879779757128f,-0.013158845307690844f,0.5906145779935161f,0.29374344392680096f,1.5531063045225297f,0.4632825021950071f,4.281741334092851f,0.09956617026972722f,0.45264821858449666f,-1.5805857296546033f,2.501991838482368f,0f,0f,0f,1f], start_interpolation: 0, interpolation_duration: 1 }
$data merge entity $(bone_scale_neck_right1) { transformation: [-1.550786521647392f,-0.5189812610884804f,-0.1969129141358341f,-0.9749486117000798f,-0.5538928001930138f,1.485051824325629f,0.4481951871664145f,4.153199173417398f,0.03631819115537169f,0.488195258624872f,-1.572705140604897f,2.5691335361220595f,0f,0f,0f,1f], start_interpolation: 0, interpolation_duration: 1 }
$data merge entity $(bone_blush_right1) { transformation: [-0.9762064014984468f,0.006852407587021488f,-0.21673510602510743f,-0.6198152932585023f,-0.09169101345918752f,0.8927054800150975f,0.4412138755771873f,3.5534697813703753f,0.19650399416877082f,0.450588471292016f,-0.8708365000471925f,3.8051041149583553f,0f,0f,0f,1f], start_interpolation: 0, interpolation_duration: 1 }
$data merge entity $(bone_blush_left1) { transformation: [-0.9762064014984468f,0.006852407587021488f,-0.21673510602510743f,0.6738488540397324f,-0.09169101345918752f,0.8927054800150975f,0.4412138755771873f,3.6749782826048647f,0.19650399416877082f,0.450588471292016f,-0.8708365000471925f,3.544697942998373f,0f,0f,0f,1f], start_interpolation: 0, interpolation_duration: 1 }
$data merge entity $(bone_left_head_scales) { transformation: [-0.7658285189006095f,0.006852407587021488f,-0.6430083390973713f,0.604622943994249f,-0.2850608174312105f,0.8927054800150975f,0.34902328907461844f,4.501091932884049f,0.5764087178417315f,0.450588471292016f,-0.6817059626662916f,3.5291153210148245f,0f,0f,0f,1f], start_interpolation: 0, interpolation_duration: 1 }
$data merge entity $(bone_left_head_scales2) { transformation: [-0.6753473196894058f,0.006852407587021488f,-0.7374679940842157f,0.634977036581428f,-0.32817876354021985f,0.8927054800150975f,0.3088294434023852f,3.624726273556945f,0.6604579448757869f,0.450588471292016f,-0.6006374385510581f,3.2709882728404946f,0f,0f,0f,1f], start_interpolation: 0, interpolation_duration: 1 }
$data merge entity $(bone_left_head_scales1) { transformation: [-0.9762064014984468f,0.006852407587021488f,-0.21673510602510743f,0.603853386501566f,-0.09169101345918752f,0.8927054800150975f,0.4412138755771873f,4.400836922921416f,0.19650399416877082f,0.450588471292016f,-0.8708365000471925f,3.478512123555272f,0f,0f,0f,1f], start_interpolation: 0, interpolation_duration: 1 }
$data merge entity $(bone_right_head_scales) { transformation: [-0.9659827881934924f,0.006852407587021488f,0.25851556514876983f,-0.7109677142751423f,0.12239897294443157f,0.8927054800150975f,0.4336996856964078f,4.37752396552694f,-0.22780637466075185f,0.450588471292016f,-0.8631768562714419f,3.793935156906332f,0f,0f,0f,1f], start_interpolation: 0, interpolation_duration: 1 }
$data merge entity $(bone_right_head_scales2) { transformation: [-0.9239756191815003f,0.006852407587021488f,0.3823899837448994f,-0.6806136216879632f,0.17796100130417397f,0.8927054800150975f,0.4140130528930584f,3.5011583061998364f,-0.3385246478071855f,0.450588471292016f,-0.8260575599591987f,3.5358081087320024f,0f,0f,0f,1f], start_interpolation: 0, interpolation_duration: 1 }
$data merge entity $(bone_right_head_scales1) { transformation: [-0.9762064014984468f,0.006852407587021488f,-0.21673510602510743f,-0.7117372717678253f,-0.09169101345918752f,0.8927054800150975f,0.4412138755771873f,4.277268955564307f,0.19650399416877082f,0.450588471292016f,-0.8708365000471925f,3.7433319594467798f,0f,0f,0f,1f], start_interpolation: 0, interpolation_duration: 1 }
$data merge entity $(bone_head_left_fin1) { transformation: [-0.3022895032821597f,0.08843419904614923f,-0.999737788957517f,0.5827123499914454f,-0.19110025333005204f,1.0199269837465583f,0.14800283452694973f,4.062043587629357f,0.9852801365133617f,0.2249523022551398f,-0.27801926610847877f,3.2154013422180037f,0f,0f,0f,1f], start_interpolation: 0, interpolation_duration: 1 }
$data merge entity $(bone_head_right_fin1) { transformation: [-0.6860816137463591f,-0.17639916459259145f,0.7725610345049775f,-0.7328783082779459f,0.09826665865680674f,0.995052285657539f,0.3144675032961397f,3.9384756202722486f,-0.7863274642925757f,0.27826153446697743f,-0.634771482787676f,3.4802211781095114f,0f,0f,0f,1f], start_interpolation: 0, interpolation_duration: 1 }
$data merge entity $(bone_right_whisker16) { transformation: [-0.18000832932388855f,-0.11600541230455044f,0.9768007707255733f,-1.4282397900423176f,0.9529571336226742f,-0.2667497333787062f,0.1439349895614209f,2.874181059619441f,0.24386410734603767f,0.956758759593264f,0.15856535904755428f,1.557534115551628f,0f,0f,0f,1f], start_interpolation: 0, interpolation_duration: 1 }
$data merge entity $(bone_right_whisker15) { transformation: [0.1924010913380396f,-0.20389916497480948f,0.9598994481582468f,-1.49306242335445f,0.5187768619712786f,0.8514459599381667f,0.07687876682288058f,2.699397839521696f,-0.8329780234406934f,0.4831820648860526f,0.2695973008716636f,1.8381761254022522f,0f,0f,0f,1f], start_interpolation: 0, interpolation_duration: 1 }
$data merge entity $(bone_right_whisker14) { transformation: [0.4976336059754527f,-0.36649677602086206f,0.7861557780555848f,-1.660722183180164f,-0.08034314980461255f,0.8829765539148411f,0.4624904145127177f,2.726466576516414f,-0.8636583656072241f,-0.2933130041491271f,0.40995330113766937f,2.129154773971092f,0f,0f,0f,1f], start_interpolation: 0, interpolation_duration: 1 }
$data merge entity $(bone_right_whisker13) { transformation: [-0.04741439601453895f,-0.41421003352022673f,0.9089455006664311f,-1.6447476063979218f,0.3150359941906319f,0.8573247615517269f,0.4071198540904076f,2.6203265198799217f,-0.9478946130319007f,0.30565389145477473f,0.08984153395649569f,2.448513798869535f,0f,0f,0f,1f], start_interpolation: 0, interpolation_duration: 1 }
$data merge entity $(bone_right_whisker12) { transformation: [-0.6045361628032216f,-0.40544677734762125f,0.6856740760752043f,-1.3731786270136621f,-0.29825863131992836f,0.9133704155478171f,0.27712140452366923f,2.754309889418171f,-0.738632396193343f,-0.03697830094036847f,-0.6730934471180388f,2.780321320597013f,0f,0f,0f,1f], start_interpolation: 0, interpolation_duration: 1 }
$data merge entity $(bone_right_whisker11) { transformation: [-0.9486396361009253f,-0.26499043633122643f,0.17280888134378486f,-0.9470319154839495f,-0.23554027686500106f,0.9562748839836186f,0.1733756737159962f,2.8601189981661204f,-0.21119568838558883f,0.1237675842662492f,-0.969576178694709f,2.875194383738977f,0f,0f,0f,1f], start_interpolation: 0, interpolation_duration: 1 }
$data merge entity $(bone_right_whisker10) { transformation: [-0.5834855903586573f,-0.6410753188657453f,0.49856494199351026f,-0.6849192479400216f,-0.4677718628531843f,0.7671357602569806f,0.4389672079527197f,3.070250889682199f,-0.6638780386235645f,0.022916388810790167f,-0.7474896580938105f,3.1734208464019065f,0f,0f,0f,1f], start_interpolation: 0, interpolation_duration: 1 }
$data merge entity $(bone_right_whisker1) { transformation: [-0.039077406619965435f,-0.7430791513781919f,0.6680616222167864f,-0.667364944184959f,-0.6109479953616495f,0.5468156109233907f,0.572481645656925f,3.3447001844735653f,-0.7907056995212821f,-0.3857798108215944f,-0.4753508539037401f,3.5286206723587323f,0f,0f,0f,1f], start_interpolation: 0, interpolation_duration: 1 }
$data merge entity $(bone_left_whisker16) { transformation: [-0.08604295927744615f,0.5199163230006452f,-0.8498727117846936f,0.6655570142177405f,-0.9779462263458263f,-0.2070202455354005f,-0.027636865133752707f,3.070842698659634f,-0.1903097147671095f,0.8287518537028754f,0.5262628406502875f,1.1360664480754028f,0f,0f,0f,1f], start_interpolation: 0, interpolation_duration: 1 }
$data merge entity $(bone_left_whisker15) { transformation: [0.5867558260037011f,0.21767543830421732f,-0.7799583349191042f,0.8632433032521906f,-0.4455938882833988f,0.8910427117766871f,-0.08653884973888848f,2.920715851532903f,0.6761388077718928f,0.39832184141560095f,0.6198193472908768f,1.3638671206157378f,0f,0f,0f,1f], start_interpolation: 0, interpolation_duration: 1 }
$data merge entity $(bone_left_whisker14) { transformation: [0.767800661444837f,0.06142975657628315f,-0.6377370377293837f,1.1219261432897574f,0.19920013565068984f,0.9231699160969378f,0.32875007524002176f,2.9878291784855278f,0.6089346847089742f,-0.3794518296444908f,0.6965736563622189f,1.5690257790381947f,0f,0f,0f,1f], start_interpolation: 0, interpolation_duration: 1 }
$data merge entity $(bone_left_whisker13) { transformation: [0.3771082133909143f,0.33904589955924236f,-0.8618800806290727f,1.2489792034654073f,-0.2840692230241388f,0.9280749633453098f,0.24079356084011905f,2.8921222625252465f,0.8815293936809906f,0.15402837531982913f,0.44629719657730205f,1.866025428276419f,0f,0f,0f,1f], start_interpolation: 0, interpolation_duration: 1 }
$data merge entity $(bone_left_whisker12) { transformation: [-0.3176967476754726f,0.1896203284133945f,-0.9290387007917503f,1.106263867595566f,0.21163712373975896f,0.9692625976925988f,0.1254581387131084f,2.987193626705216f,0.9242718779512816f,-0.15676143583991559f,-0.3480622758384182f,2.2812256859498463f,0f,0f,0f,1f], start_interpolation: 0, interpolation_duration: 1 }
$data merge entity $(bone_left_whisker11) { transformation: [-0.8205669805502576f,0.1163633676767121f,-0.5595796610792493f,0.7376497943015049f,0.06936604624077652f,0.9920938631690976f,0.10458545927201518f,3.01835415528994f,0.5673254639618739f,0.047003545878478256f,-0.8221511324661022f,2.5360789217139694f,0f,0f,0f,1f], start_interpolation: 0, interpolation_duration: 1 }
$data merge entity $(bone_left_whisker10) { transformation: [-0.35765188169792705f,0.4522476125466017f,-0.8170417544188491f,0.5769858630700143f,0.3793747283078385f,0.8698270430282167f,0.3153977341994431f,3.188776396521977f,0.8533228855710397f,-0.1971624004791171f,-0.4826665938285212f,2.919407561716585f,0f,0f,0f,1f], start_interpolation: 0, interpolation_duration: 1 }
$data merge entity $(bone_left_whisker1) { transformation: [0.15858610312774796f,0.42730109393473625f,-0.890092255340385f,0.6482257140844323f,0.6221729509480551f,0.6567445671980394f,0.42613072238979555f,3.4682681518306735f,0.7666493768362069f,-0.621369735807947f,-0.16170462089445042f,3.2638008364672246f,0f,0f,0f,1f], start_interpolation: 0, interpolation_duration: 1 }
$data merge entity $(bone_upper_left_tooth1) { transformation: [-0.9762064014984468f,-0.012063377037756227f,-0.2165075901854209f,0.49242167856218505f,-0.09169101345918752f,0.9277627891849896f,0.36173051440888454f,3.3949614602892786f,0.19650399416877082f,0.37297544414898687f,-0.9067940771407728f,4.313001555899145f,0f,0f,0f,1f], start_interpolation: 0, interpolation_duration: 1 }
$data merge entity $(bone_upper_right_tooth1) { transformation: [-0.9762064014984468f,-0.012063377037756227f,-0.2165075901854209f,-0.1653736505725105f,-0.09169101345918752f,0.9277627891849896f,0.36173051440888454f,3.3331774766107243f,0.19650399416877082f,0.37297544414898687f,-0.9067940771407728f,4.445411473844899f,0f,0f,0f,1f], start_interpolation: 0, interpolation_duration: 1 }
$data merge entity $(bone_top_lip1) { transformation: [-0.9762064014984468f,-0.08538582341045048f,-0.19932466689793463f,0.18944225236569662f,-0.09169101345918752f,0.9955309692202816f,0.022601932973847272f,3.4812551551796362f,0.19650399416877082f,0.04034043237059515f,-0.9796728177263434f,4.419764944109351f,0f,0f,0f,1f], start_interpolation: 0, interpolation_duration: 1 }
$data merge entity $(bone_muzzle1) { transformation: [-0.9762064014984468f,-0.012063377037756227f,-0.2165075901854209f,0.065836005397308f,-0.09169101345918752f,0.9277627891849896f,0.36173051440888454f,3.840663482249479f,0.19650399416877082f,0.37297544414898687f,-0.9067940771407728f,3.973409152859113f,0f,0f,0f,1f], start_interpolation: 0, interpolation_duration: 1 }
$data merge entity $(bone_jaw_right_tooth1) { transformation: [-0.9762064014984468f,-0.14840947931930176f,-0.15810024706377585f,-0.1631414548664086f,-0.09169101345918752f,0.9432234218952942f,-0.3192527751468406f,3.362045573993017f,0.19650399416877082f,-0.29716023091306454f,-0.9343885580631933f,4.469970917858897f,0f,0f,0f,1f], start_interpolation: 0, interpolation_duration: 1 }
$data merge entity $(bone_jaw_left_tooth1) { transformation: [-0.9762064014984468f,-0.14840947931930176f,-0.15810024706377585f,0.5494701516961783f,-0.09169101345918752f,0.9432234218952942f,-0.3192527751468406f,3.428978222978117f,0.19650399416877082f,-0.29716023091306454f,-0.9343885580631933f,4.326526840084331f,0f,0f,0f,1f], start_interpolation: 0, interpolation_duration: 1 }
$data merge entity $(bone_tongue1) { transformation: [-0.9762064014984468f,-0.06768861518226982f,-0.2060080412220839f,0.0281902422109854f,-0.09169101345918752f,0.9897727850675128f,0.10928216684586131f,3.4752185772492132f,0.19650399416877082f,0.1255710369249459f,-0.9724289665375634f,3.615869098714406f,0f,0f,0f,1f], start_interpolation: 0, interpolation_duration: 1 }
$data merge entity $(bone_jaw_lips1) { transformation: [-0.9762064014984468f,-0.06768861518226982f,-0.2060080412220839f,0.2768338559404019f,-0.09169101345918752f,0.9897727850675128f,0.10928216684586131f,3.2543548596583123f,0.19650399416877082f,0.1255710369249459f,-0.9724289665375634f,4.462284085166233f,0f,0f,0f,1f], start_interpolation: 0, interpolation_duration: 1 }
$data merge entity $(bone_jaw3) { transformation: [-0.9762064014984468f,-0.11870098606283722f,-0.18146938469384677f,0.12379300614698754f,-0.09169101345918752f,0.9843314013245498f,-0.15061357979038775f,3.0361288450046455f,0.19650399416877082f,-0.13039082894957976f,-0.9717944288796685f,3.600170200802397f,0f,0f,0f,1f], start_interpolation: 0, interpolation_duration: 1 }
$data merge entity $(bone_jaw1) { transformation: [-0.9762064014984468f,0.044383960316207276f,-0.2122525046733314f,-0.06690260352045868f,-0.09169101345918752f,0.8025272924200104f,0.5895275252028818f,3.56578248092911f,0.19650399416877082f,0.5949621912253388f,-0.7793626699349047f,2.8999615520327557f,0f,0f,0f,1f], start_interpolation: 0, interpolation_duration: 1 }
$data merge entity $(bone_tear_right1) { transformation: [-0.9762064014984468f,0.006852407587021488f,-0.21673510602510743f,-0.540399233089034f,-0.09169101345918752f,0.8927054800150975f,0.4412138755771873f,3.864915633770513f,0.19650399416877082f,0.450588471292016f,-0.8708365000471925f,4.059200265139232f,0f,0f,0f,1f], start_interpolation: 0, interpolation_duration: 1 }
$data merge entity $(bone_right_pupil1) { transformation: [-0.9762064014984468f,0.006852407587021488f,-0.21673510602510743f,-0.34413208989702776f,-0.09169101345918752f,0.8927054800150975f,0.4412138755771873f,3.952430974442874f,0.19650399416877082f,0.450588471292016f,-0.8708365000471925f,4.132070218383161f,0f,0f,0f,1f], start_interpolation: 0, interpolation_duration: 1 }
$data merge entity $(bone_right_sad_pupil1) { transformation: [-0.9762064014984468f,0.006852407587021488f,-0.21673510602510743f,-0.34656612673227066f,-0.09169101345918752f,0.8927054800150975f,0.4412138755771873f,3.9573860130846104f,0.19650399416877082f,0.450588471292016f,-0.8708365000471925f,4.122290316283022f,0f,0f,0f,1f], start_interpolation: 0, interpolation_duration: 1 }
$data merge entity $(bone_right_happy_pupil1) { transformation: [-0.9762064014984468f,0.006852407587021488f,-0.21673510602510743f,-0.3741663015326275f,-0.09169101345918752f,0.8927054800150975f,0.4412138755771873f,3.929748281708169f,0.19650399416877082f,0.450588471292016f,-0.8708365000471925f,4.115156688144149f,0f,0f,0f,1f], start_interpolation: 0, interpolation_duration: 1 }
$data merge entity $(bone_eyelid_right1) { transformation: [-0.9762064014984468f,0.006852407587021488f,-0.21673510602510743f,-0.046567060221818994f,-0.09169101345918752f,0.8927054800150975f,0.4412138755771873f,4.194655196001957f,0.19650399416877082f,0.450588471292016f,-0.8708365000471925f,3.523030511245795f,0f,0f,0f,1f], start_interpolation: 0, interpolation_duration: 1 }
$data merge entity $(bone_eyelid_expressions_right5) { transformation: [-0.9762064014984468f,0.006852407587021488f,-0.21673510602510743f,-0.4718736564995621f,-0.09169101345918752f,0.8927054800150975f,0.4412138755771873f,4.0457991257936445f,0.19650399416877082f,0.450588471292016f,-0.8708365000471925f,4.198272010730221f,0f,0f,0f,1f], start_interpolation: 0, interpolation_duration: 1 }
$data merge entity $(bone_eyelid_expressions_right7) { transformation: [-0.9762064014984468f,0.006852407587021488f,-0.21673510602510743f,-0.1429759919322142f,-0.09169101345918752f,0.8927054800150975f,0.4412138755771873f,4.0766911176329215f,0.19650399416877082f,0.450588471292016f,-0.8708365000471925f,4.132067051757344f,0f,0f,0f,1f], start_interpolation: 0, interpolation_duration: 1 }
$data merge entity $(bone_eyelid_expressions_right6) { transformation: [-0.9762064014984468f,0.006852407587021488f,-0.21673510602510743f,-0.2526085467879968f,-0.09169101345918752f,0.8927054800150975f,0.4412138755771873f,4.0663937870198295f,0.19650399416877082f,0.450588471292016f,-0.8708365000471925f,4.15413537141497f,0f,0f,0f,1f], start_interpolation: 0, interpolation_duration: 1 }
$data merge entity $(bone_right_eye1) { transformation: [-0.9762064014984468f,0.006852407587021488f,-0.21673510602510743f,-0.05509627887215435f,-0.09169101345918752f,0.8927054800150975f,0.4412138755771873f,4.188670424298912f,0.19650399416877082f,0.450588471292016f,-0.8708365000471925f,3.535017245311697f,0f,0f,0f,1f], start_interpolation: 0, interpolation_duration: 1 }
$data merge entity $(bone_tear_left1) { transformation: [-0.9762064014984468f,0.006852407587021488f,-0.21673510602510743f,0.6436323593534179f,-0.09169101345918752f,0.8927054800150975f,0.4412138755771873f,3.9761268043919102f,0.19650399416877082f,0.450588471292016f,-0.8708365000471925f,3.820862412836875f,0f,0f,0f,1f], start_interpolation: 0, interpolation_duration: 1 }
$data merge entity $(bone_left_sad_pupil1) { transformation: [-0.9762064014984468f,0.006852407587021488f,-0.21673510602510743f,0.47567803468609887f,-0.09169101345918752f,0.8927054800150975f,0.4412138755771873f,4.034615992682803f,0.19650399416877082f,0.450588471292016f,-0.8708365000471925f,3.9567779188508294f,0f,0f,0f,1f], start_interpolation: 0, interpolation_duration: 1 }
$data merge entity $(bone_left_pupil1) { transformation: [-0.9762064014984468f,0.006852407587021488f,-0.21673510602510743f,0.4781120715213418f,-0.09169101345918752f,0.8927054800150975f,0.4412138755771873f,4.029660954041066f,0.19650399416877082f,0.450588471292016f,-0.8708365000471925f,3.966557820950969f,0f,0f,0f,1f], start_interpolation: 0, interpolation_duration: 1 }
$data merge entity $(bone_eyelid_left1) { transformation: [-0.9762064014984468f,0.006852407587021488f,-0.21673510602510743f,-0.06849357119297551f,-0.09169101345918752f,0.8927054800150975f,0.4412138755771873f,4.192595729879338f,0.19650399416877082f,0.450588471292016f,-0.8708365000471925f,3.5274441751773202f,0f,0f,0f,1f], start_interpolation: 0, interpolation_duration: 1 }
$data merge entity $(bone_left_happy_pupil1) { transformation: [-0.9762064014984468f,0.006852407587021488f,-0.21673510602510743f,0.5028941373136333f,-0.09169101345918752f,0.8927054800150975f,0.4412138755771873f,4.012126926612908f,0.19650399416877082f,0.450588471292016f,-0.8708365000471925f,3.938610130883144f,0f,0f,0f,1f], start_interpolation: 0, interpolation_duration: 1 }
$data merge entity $(bone_eyelid_expressions_left5) { transformation: [-0.9762064014984468f,0.006852407587021488f,-0.21673510602510743f,0.6025253810871075f,-0.09169101345918752f,0.8927054800150975f,0.4412138755771873f,4.14671296580195f,0.19650399416877082f,0.450588471292016f,-0.8708365000471925f,3.98200247808549f,0f,0f,0f,1f], start_interpolation: 0, interpolation_duration: 1 }
$data merge entity $(bone_eyelid_expressions_left7) { transformation: [-0.9762064014984468f,0.006852407587021488f,-0.21673510602510743f,0.2736277165197597f,-0.09169101345918752f,0.8927054800150975f,0.4412138755771873f,4.115820973962673f,0.19650399416877082f,0.450588471292016f,-0.8708365000471925f,4.048207437058367f,0f,0f,0f,1f], start_interpolation: 0, interpolation_duration: 1 }
$data merge entity $(bone_eyelid_expressions_left6) { transformation: [-0.9762064014984468f,0.006852407587021488f,-0.21673510602510743f,0.3832602713755423f,-0.09169101345918752f,0.8927054800150975f,0.4412138755771873f,4.1261183045757654f,0.19650399416877082f,0.450588471292016f,-0.8708365000471925f,4.026139117400741f,0f,0f,0f,1f], start_interpolation: 0, interpolation_duration: 1 }
$data merge entity $(bone_left_eye1) { transformation: [-0.9762064014984468f,0.006852407587021488f,-0.21673510602510743f,-0.05509627887215435f,-0.09169101345918752f,0.8927054800150975f,0.4412138755771873f,4.188670424298912f,0.19650399416877082f,0.450588471292016f,-0.8708365000471925f,3.535017245311697f,0f,0f,0f,1f], start_interpolation: 0, interpolation_duration: 1 }
$data merge entity $(bone_crest_middle5) { transformation: [-0.9762064014984468f,-0.04022008450854063f,-0.21308075106770924f,0.05772793221613772f,-0.09169101345918752f,0.9670409565668837f,0.23753851555702252f,5.215345599861232f,0.19650399416877082f,0.2514242095032469f,-0.9477193926217755f,4.574571709907744f,0f,0f,0f,1f], start_interpolation: 0, interpolation_duration: 1 }
$data merge entity $(bone_crest_middle4) { transformation: [-0.9762064014984468f,-0.04022008450854063f,-0.21308075106770924f,0.0848293563478692f,-0.09169101345918752f,0.9670409565668837f,0.23753851555702252f,4.563726205299562f,0.19650399416877082f,0.2514242095032469f,-0.9477193926217755f,4.405155006238564f,0f,0f,0f,1f], start_interpolation: 0, interpolation_duration: 1 }
$data merge entity $(bone_crest_middle1) { transformation: [-0.9762064014984468f,-0.04022008450854063f,-0.21308075106770924f,0.123102976393256f,-0.09169101345918752f,0.9670409565668837f,0.23753851555702252f,4.055004057443772f,0.19650399416877082f,0.2514242095032469f,-0.9477193926217755f,4.357917816742894f,0f,0f,0f,1f], start_interpolation: 0, interpolation_duration: 1 }
$data merge entity $(bone_crest_left5) { transformation: [-0.5302945791328949f,-0.8409197867906179f,-0.10789611450968807f,-1.0034704020243546f,-0.802165711095564f,0.45646696164356915f,0.38492607715045335f,4.497976768297084f,-0.27444094316412426f,0.29067477549988824f,-0.9166189740580737f,4.588716660336119f,0f,0f,0f,1f], start_interpolation: 0, interpolation_duration: 1 }
$data merge entity $(bone_crest_left4) { transformation: [-0.5302945791328949f,-0.8409197867906179f,-0.10789611450968807f,-0.5312742326839197f,-0.802165711095564f,0.45646696164356915f,0.38492607715045335f,4.241659870889807f,-0.27444094316412426f,0.29067477549988824f,-0.9166189740580737f,4.425495961202881f,0f,0f,0f,1f], start_interpolation: 0, interpolation_duration: 1 }
$data merge entity $(bone_crest_left1) { transformation: [-0.5302945791328949f,-0.8409197867906179f,-0.10789611450968807f,-0.017917066120679462f,-0.802165711095564f,0.45646696164356915f,0.38492607715045335f,3.981325785144293f,-0.27444094316412426f,0.29067477549988824f,-0.9166189740580737f,4.194482888437237f,0f,0f,0f,1f], start_interpolation: 0, interpolation_duration: 1 }
$data merge entity $(bone_crest_center1) { transformation: [-0.9762064014984468f,0.006852407587021488f,-0.21673510602510743f,0.09152310182451634f,-0.09169101345918752f,0.8927054800150975f,0.4412138755771873f,3.966559684082759f,0.19650399416877082f,0.450588471292016f,-0.8708365000471925f,4.159763931344956f,0f,0f,0f,1f], start_interpolation: 0, interpolation_duration: 1 }
$data merge entity $(bone_crest_right5) { transformation: [-0.5187360552486605f,0.7916411658475101f,-0.32282684138815587f,1.1529781716579626f,0.7036346198544745f,0.6098066324872711f,0.3647385265046508f,4.700523027868877f,0.48560398137505845f,-0.03794911738274416f,-0.8733548177931822f,4.154637599496444f,0f,0f,0f,1f], start_interpolation: 0, interpolation_duration: 1 }
$data merge entity $(bone_crest_right4) { transformation: [-0.5187360552486605f,0.7916411658475101f,-0.32282684138815587f,0.7084531029447612f,0.7036346198544745f,0.6098066324872711f,0.3647385265046508f,4.358102311384326f,0.48560398137505845f,-0.03794911738274416f,-0.8733548177931822f,4.175946918339293f,0f,0f,0f,1f], start_interpolation: 0, interpolation_duration: 1 }
$data merge entity $(bone_crest_right1) { transformation: [-0.5187360552486605f,0.7916411658475101f,-0.32282684138815587f,0.2013480435908857f,0.7036346198544745f,0.6098066324872711f,0.3647385265046508f,4.001920446370478f,0.48560398137505845f,-0.03794911738274416f,-0.8733548177931822f,4.150346249121986f,0f,0f,0f,1f], start_interpolation: 0, interpolation_duration: 1 }
$data merge entity $(bone_head1) { transformation: [-1.0232371786539705f,0.007182536598375385f,-0.22717677128933775f,-0.18935308355685565f,-0.09610841905552854f,0.9357134263179078f,0.46247027322869216f,4.411070044613075f,0.20597098347117243f,0.47229650962249053f,-0.9127908626796739f,2.9718210310742554f,0f,0f,0f,1f], start_interpolation: 0, interpolation_duration: 1 }
$data merge entity $(bone_neck10) { transformation: [-1.4910125616129486f,-0.11746280804400962f,-0.07265198911824056f,-0.20587878339039917f,-0.12242110540519395f,1.488643162716354f,0.10558829827802477f,4.039708758321261f,0.06394447394256347f,0.11107792088572294f,-1.4919004931388493f,1.8755185534471082f,0f,0f,0f,1f], start_interpolation: 0, interpolation_duration: 1 }
$data merge entity $(bone_neck9) { transformation: [-1.1406246096339065f,-0.010609118405384643f,-0.10512418847580182f,-0.1962979431642156f,-0.09365214563497343f,0.6291816780618195f,0.9526530533766295f,3.352251267213129f,0.04891752256606109f,0.957186507999622f,-0.6273668889796665f,0.7827868669646267f,0f,0f,0f,1f], start_interpolation: 0, interpolation_duration: 1 }
$data merge entity $(bone_neck8) { transformation: [-1.0586189187451938f,0.006950070508704684f,-0.09781522781039646f,-0.20843878299568314f,-0.08691898483768772f,0.42447555105684665f,0.9708530960071616f,2.9775585361881505f,0.04540057649922007f,0.9747114139435472f,-0.42209783768532605f,-0.2176505293001294f,0f,0f,0f,1f], start_interpolation: 0, interpolation_duration: 1 }
$data merge entity $(bone_neck7) { transformation: [-1.0510093064220987f,0.02501358154491237f,-0.09581425471420908f,-0.23371846647192437f,-0.08400603260419563f,0.3156033544585729f,1.0038745549094286f,2.6585976992353375f,0.05243126123074033f,1.007072716464306f,-0.3122212668172387f,-1.2354367853012898f,0f,0f,0f,1f], start_interpolation: 0, interpolation_duration: 1 }
$data merge entity $(bone_neck6) { transformation: [-1.0330249707164938f,0.1361849685527664f,-0.1270022693902826f,-0.3606612813374813f,-0.12466577906084722f,0.026018903600412063f,1.0419203292000774f,2.6502153269227353f,0.13832702418960624f,1.0404773823632723f,-0.00943204024236474f,-2.1909991084140117f,0f,0f,0f,1f], start_interpolation: 0, interpolation_duration: 1 }
$data merge entity $(bone_neck_spine6) { transformation: [-1.2354058933799217f,-0.3049326887276059f,0.0278155076211107f,-0.2902583097314031f,-0.02851036873766642f,0.22967324393288807f,1.2515681077801946f,3.1575272421235097f,-0.3048685060699273f,1.2141876398989602f,-0.22975843322932357f,-5.936302660443577f,0f,0f,0f,1f], start_interpolation: 0, interpolation_duration: 1 }
$data merge entity $(bone_neck_spine7) { transformation: [-0.9592716367873688f,-0.2749355607788437f,-0.0648719066661743f,0.6330987437013815f,-0.037305330404177314f,-0.10433889686853282f,0.9938418923167271f,3.3684888884217496f,-0.2800111411689134f,0.9557844066626533f,0.08983278244495341f,-9.088258388313616f,0f,0f,0f,1f], start_interpolation: 0, interpolation_duration: 1 }
$data merge entity $(bone_tail6) { transformation: [-1.6150521543110052f,0.4414236664173097f,-0.4025588442814368f,0.3154598210113302f,-0.4278577674073764f,-0.04482094847712669f,1.6674023962361075f,4.116631337592899f,0.41694868659306544f,1.6638624242501052f,0.15171540279090862f,-12.827037868069624f,0f,0f,0f,1f], start_interpolation: 0, interpolation_duration: 1 }
$data merge entity $(bone_tail5) { transformation: [-1.3341735187786565f,0.41686087463114563f,-0.2641748894413859f,0.5787403734099484f,-0.3534477209017457f,-0.2756498563882023f,1.3500637779313838f,3.942536691452982f,0.3444358715334019f,1.331850031758364f,0.3621046292525218f,-11.985869426959079f,0f,0f,0f,1f], start_interpolation: 0, interpolation_duration: 1 }
$data merge entity $(bone_tail4) { transformation: [-0.9813330700834262f,0.3309056370253535f,-0.1617469102352662f,0.7205570749922429f,-0.24554636421652032f,-0.24466954387000983f,0.989201190530856f,3.837678315508692f,0.2745315767008568f,0.964009062048931f,0.3065846371018212f,-11.572722686080965f,0f,0f,0f,1f], start_interpolation: 0, interpolation_duration: 1 }
$data merge entity $(bone_segment18) { transformation: [-0.9694253944038257f,0.1907931662222897f,-0.154312580199608f,0.8276919095408919f,-0.20178832420691184f,-0.26200400514950106f,0.9437348004070776f,3.6905569258983766f,0.13962763658657631f,0.9460189580597707f,0.2924931693095636f,-11.041510868811075f,0f,0f,0f,1f], start_interpolation: 0, interpolation_duration: 1 }
$data merge entity $(bone_segment17) { transformation: [-0.9886084402398317f,0.04508941497123391f,-0.1435976898982659f,0.8606063018172565f,-0.150340544857246f,-0.3411312981436029f,0.9279154907635107f,3.441537740974213f,-0.007146499744145662f,0.9389336409376396f,0.344024047788806f,-10.356107649474271f,0f,0f,0f,1f], start_interpolation: 0, interpolation_duration: 1 }
$data merge entity $(bone_segment16) { transformation: [-0.9847355577476627f,-0.10218625984081713f,-0.14090368911829196f,0.7630603360024139f,-0.0873171377804823f,-0.4102730481343535f,0.907772958081684f,3.049895256060804f,-0.15057090939893894f,0.906219617021333f,0.3950878471536235f,-9.491039606858692f,0f,0f,0f,1f], start_interpolation: 0, interpolation_duration: 1 }
$data merge entity $(bone_segment15) { transformation: [-0.9592716367873688f,-0.24877727378423384f,-0.1338200093549781f,0.46970236911329044f,-0.037305330404177314f,-0.358008844724125f,0.9329726573821617f,2.627731506056526f,-0.2800111411689134f,0.899966407788525f,0.334147012067295f,-8.429799921893219f,0f,0f,0f,1f], start_interpolation: 0, interpolation_duration: 1 }
$data merge entity $(bone_segment14) { transformation: [-0.9830751255347968f,-0.35087671666531783f,-0.09551976382969932f,0.07496606286480789f,-0.02414493159295529f,-0.21173856021902257f,1.026284074912945f,2.3895256258101254f,-0.3628436548408787f,0.9647421986436135f,0.19050504015162323f,-7.344464948419153f,0f,0f,0f,1f], start_interpolation: 0, interpolation_duration: 1 }
$data merge entity $(bone_segment13) { transformation: [-0.9955918081944075f,-0.24589903403216168f,-0.020596804155681735f,-0.22062593413058973f,-0.022976003041531173f,0.007133243585421022f,1.0254339724932926f,2.3700486697194343f,-0.24568814900929437f,0.9957792896627186f,-0.012431875899714047f,-6.144828439424683f,0f,0f,0f,1f], start_interpolation: 0, interpolation_duration: 1 }
$data merge entity $(bone_segment12) { transformation: [-1.1011469232548323f,-0.178628793291412f,0.006410055019003076f,-0.436419107234309f,-0.01446689930027351f,0.12894030039758922f,1.1079887133674655f,2.525815475568871f,-0.17815735579180667f,1.093590432626543f,-0.12959090800144177f,-4.8237124805469795f,0f,0f,0f,1f], start_interpolation: 0, interpolation_duration: 1 }
$data merge entity $(bone_segment11) { transformation: [-1.1900329875345452f,-0.030200623083190836f,0.005679069143693201f,-0.4713207798202601f,0.002314681183672638f,0.13127999308042246f,1.18316653373444f,2.6775306015435083f,-0.030642645316123727f,1.182783296577838f,-0.131177522868207f,-3.45681633262386f,0f,0f,0f,1f], start_interpolation: 0, interpolation_duration: 1 }
$data merge entity $(bone_segment10) { transformation: [-1.0441945500484715f,0.09127135440228284f,0.001574655459592143f,-0.356095598196669f,0f,-0.018080943318481268f,1.048021124555172f,2.670331707151543f,0.09128493673242885f,1.0440391838333751f,0.0180122450424623f,-2.1387729512457314f,0f,0f,0f,1f], start_interpolation: 0, interpolation_duration: 1 }