# This file was generated by Animated Java via MC-Build. It is not recommended to edit this file directly.
$data merge entity $(bone_neck_spine5) { transformation: [-1.565976824272551f,-0.054422690194792116f,-0.12951429338053871f,-0.15892935432243985f,-0.12813704630142275f,1.1475433397690593f,1.067119663521136f,3.978464364162763f,0.057590613497736205f,1.0734065630972622f,-1.1473887166489478f,0.48425790962697707f,0f,0f,0f,1f], start_interpolation: 0, interpolation_duration: 1 }
$data merge entity $(bone_neck_spine2) { transformation: [-1.491406499307191f,-0.12386960799725237f,-0.050569316021724535f,-0.27973483042579445f,-0.12203528219183117f,1.4914316453994871f,-0.054160120802722006f,5.017451833009942f,0.05484820333117732f,-0.049822173774458293f,-1.4955613351767811f,2.5770817561129897f,0f,0f,0f,1f], start_interpolation: 0, interpolation_duration: 1 }
$data merge entity $(bone_scale_neck_left1) { transformation: [-1.6177317490965333f,0.309778481818048f,-0.006030008727164254f,0.5767088088318099f,0.2933272977954066f,1.5415643493834976f,0.5005931820506059f,4.182145594911247f,0.0997906066260209f,0.49058305081811726f,-1.5692116447174587f,2.5445698344876955f,0f,0f,0f,1f], start_interpolation: 0, interpolation_duration: 1 }
$data merge entity $(bone_scale_neck_right1) { transformation: [-1.5515619722910736f,-0.5193015508829508f,-0.18983262688080982f,-0.9892680154407404f,-0.5526567655280477f,1.4737243501631112f,0.485553416309745f,4.054008548609824f,0.016763844844883292f,0.5210734303575169f,-1.5624520903116161f,2.6021604479854314f,0f,0f,0f,1f], start_interpolation: 0, interpolation_duration: 1 }
$data merge entity $(bone_blush_right1) { transformation: [-0.9791275864128106f,0.00012611242560140595f,-0.20324653409364815f,-0.6484501192972483f,-0.094256175621117f,0.8856826989390645f,0.4546228438577362f,3.4311968432940922f,0.18006927245564563f,0.46429100884646746f,-0.8671844764648544f,3.827410199248636f,0f,0f,0f,1f], start_interpolation: 0, interpolation_duration: 1 }
$data merge entity $(bone_blush_left1) { transformation: [-0.9791275864128106f,0.00012611242560140595f,-0.20324653409364815f,0.6490851685564469f,-0.094256175621117f,0.8856826989390645f,0.4546228438577362f,3.556104685401373f,0.18006927245564563f,0.46429100884646746f,-0.8671844764648544f,3.588783243465129f,0f,0f,0f,1f], start_interpolation: 0, interpolation_duration: 1 }
$data merge entity $(bone_left_head_scales) { transformation: [-0.7746479709492393f,0.00012611242560140595f,-0.6323926827532738f,0.5802839051865164f,-0.29352771656615684f,0.8856826989390645f,0.35973272913021465f,4.3823912656058f,0.5601446248172739f,0.46429100884646746f,-0.6860552881456746f,3.5848232636823063f,0f,0f,0f,1f], start_interpolation: 0, interpolation_duration: 1 }
$data merge entity $(bone_left_head_scales2) { transformation: [-0.6854769413036641f,0.00012611242560140595f,-0.7280943256451249f,0.614408908799408f,-0.3379710896105986f,0.8856826989390645f,0.3183421106097011f,3.5100763011630276f,0.6449006943153324f,0.46429100884646746f,-0.6070724450804298f,3.313770132873163f,0f,0f,0f,1f], start_interpolation: 0, interpolation_duration: 1 }
$data merge entity $(bone_left_head_scales1) { transformation: [-0.9791275864128106f,0.00012611242560140595f,-0.20324653409364815f,0.5802697421699694f,-0.094256175621117f,0.8856826989390645f,0.4546228438577362f,4.282924946877292f,0.18006927245564563f,0.46429100884646746f,-0.8671844764648544f,3.532681207024744f,0f,0f,0f,1f], start_interpolation: 0, interpolation_duration: 1 }
$data merge entity $(bone_right_head_scales) { transformation: [-0.9623455814743775f,0.00012611242560140595f,0.27182892765928846f,-0.7392435061901229f,0.1263152188263973f,0.8856826989390645f,0.4467780458939918f,4.255366341428903f,-0.24069783403591696f,0.46429100884646746f,-0.8523487618309463f,3.82749474414011f,0f,0f,0f,1f], start_interpolation: 0, interpolation_duration: 1 }
$data merge entity $(bone_right_head_scales2) { transformation: [-0.9186317867559364f,0.00012611242560140595f,0.39511469785019665f,-0.7051185025772313f,0.18355081171679816f,0.8856826989390645f,0.4264683532433784f,3.3830513769861312f,-0.3498924690239852f,0.46429100884646746f,-0.8136394282632994f,3.556441613330967f,0f,0f,0f,1f], start_interpolation: 0, interpolation_duration: 1 }
$data merge entity $(bone_right_head_scales1) { transformation: [-0.9791275864128106f,0.00012611242560140595f,-0.20324653409364815f,-0.7392576692066699f,-0.094256175621117f,0.8856826989390645f,0.4546228438577362f,4.155900022700395f,0.18006927245564563f,0.46429100884646746f,-0.8671844764648544f,3.775352687482548f,0f,0f,0f,1f], start_interpolation: 0, interpolation_duration: 1 }
$data merge entity $(bone_head_left_fin1) { transformation: [-0.3174200735414473f,0.08518936542681217f,-0.9953202836053794f,0.5630975500723289f,-0.20606122925682593f,1.0163149749304725f,0.15270179944719717f,3.9482186138648743f,0.9774755571037474f,0.2419128805488109f,-0.2910238676027596f,3.2641073118322113f,0f,0f,0f,1f], start_interpolation: 0, interpolation_duration: 1 }
$data merge entity $(bone_head_right_fin1) { transformation: [-0.6739086299077556f,-0.1804364814670006f,0.7822819394034574f,-0.7564298613043104f,0.11063050739054664f,0.9907443783894664f,0.3238235098774536f,3.8211936896879783f,-0.7951624031577043f,0.2907635652392712f,-0.6179389126434635f,3.506778792290015f,0f,0f,0f,1f], start_interpolation: 0, interpolation_duration: 1 }
$data merge entity $(bone_right_whisker16) { transformation: [-0.183526213783574f,-0.13073633539313953f,0.9742823715239023f,-1.4224223067946582f,0.9491836566852367f,-0.2813479832677302f,0.14104502186473605f,2.786842132904413f,0.25567267107751074f,0.9506583628828781f,0.17572752301485817f,1.5575361285322784f,0f,0f,0f,1f], start_interpolation: 0, interpolation_duration: 1 }
$data merge entity $(bone_right_whisker15) { transformation: [0.2052769158209084f,-0.2111098244431885f,0.9556641825738905f,-1.491582986441351f,0.5314115446442323f,0.8440227554775264f,0.0723004734075417f,2.6078021105389246f,-0.8218656569354182f,0.4930093612292673f,0.2854445860240185f,1.8344342258396216f,0f,0f,0f,1f], start_interpolation: 0, interpolation_duration: 1 }
$data merge entity $(bone_right_whisker14) { transformation: [0.5108158690633455f,-0.36176140852854116f,0.7798691115902112f,-1.6636840360769505f,-0.0673044690945371f,0.8875385133788373f,0.45579106585055607f,2.6304779326459706f,-0.8570514899076729f,-0.28531398593256735f,0.4290205974988948f,2.123186925076093f,0f,0f,0f,1f], start_interpolation: 0, interpolation_duration: 1 }
$data merge entity $(bone_right_whisker13) { transformation: [-0.03278992554050292f,-0.4186693816853997f,0.9075465660902551f,-1.6526366490540272f,0.32956609893450284f,0.8527197968676983f,0.40528401703373995f,2.5194424793916705f,-0.94356293230295f,0.31238581412906175f,0.1100186162191727f,2.4410865458226922f,0f,0f,0f,1f], start_interpolation: 0, interpolation_duration: 1 }
$data merge entity $(bone_right_whisker12) { transformation: [-0.5931900550136364f,-0.4046353311020532f,0.6959854937115078f,-1.3861645540283702f,-0.28661666612182823f,0.9140127520379527f,0.2871089963989568f,2.6481960598760854f,-0.7523140603060181f,-0.029170840507939486f,-0.658158504260131f,2.779040127600786f,0f,0f,0f,1f], start_interpolation: 0, interpolation_duration: 1 }
$data merge entity $(bone_right_whisker11) { transformation: [-0.9453362771941125f,-0.2666539724277013f,0.18770983460997248f,-0.9615017732575772f,-0.23184455430760967f,0.954382211421491f,0.18815604470792333f,2.752344980756457f,-0.22931948381827943f,0.13435123189145332f,-0.9640343981573305f,2.882054739472279f,0f,0f,0f,1f], start_interpolation: 0, interpolation_duration: 1 }
$data merge entity $(bone_right_whisker10) { transformation: [-0.5733259054029924f,-0.6411869350624945f,0.5100752106297698f,-0.7039530266898268f,-0.45726653785771587f,0.7669822959346053f,0.4501616055135082f,2.9577576833097274f,-0.679856396270166f,0.024848984446977085f,-0.7329241491604002f,3.1874589799842674f,0f,0f,0f,1f], start_interpolation: 0, interpolation_duration: 1 }
$data merge entity $(bone_right_whisker1) { transformation: [-0.027065658105618146f,-0.7369520649673016f,0.6754029198128629f,-0.6917946255876937f,-0.5987246540678204f,0.5530056667420726f,0.579407905678309f,3.226716024004256f,-0.800497494538664f,-0.3886983232425704f,-0.45619883246862375f,3.547057463859058f,0f,0f,0f,1f], start_interpolation: 0, interpolation_duration: 1 }
$data merge entity $(bone_left_whisker16) { transformation: [-0.08332120257262507f,0.5070883222623278f,-0.8578572204201756f,0.677639942589463f,-0.9748718481825879f,-0.2199474939119888f,-0.03532675392534425f,2.9890056087783043f,-0.20659733014469905f,0.8333573863277469f,0.5126724196112643f,1.171318145701663f,0f,0f,0f,1f], start_interpolation: 0, interpolation_duration: 1 }
$data merge entity $(bone_left_whisker15) { transformation: [0.576211538611111f,0.21172629214848127f,-0.7893999239830675f,0.871773712922308f,-0.4561811926155604f,0.8847272722509028f,-0.0956889400052191f,2.835311749938101f,0.6781437769936853f,0.4152464701217019f,0.606375615255268f,1.3997943205676995f,0f,0f,0f,1f], start_interpolation: 0, interpolation_duration: 1 }
$data merge entity $(bone_left_whisker14) { transformation: [0.7584050642571403f,0.06744564479614686f,-0.6482845390005497f,1.1272910441417543f,0.18948661660336627f,0.9288563313602598f,0.31830918588719437f,2.8991524557273207f,0.623631766860326f,-0.3642485424679024f,0.6916692986338746f,1.6099046326446644f,0f,0f,0f,1f], start_interpolation: 0, interpolation_duration: 1 }
$data merge entity $(bone_left_whisker13) { transformation: [0.3634703135890237f,0.3368405827802489f,-0.8685780062445512f,1.2497493040911813f,-0.2977329965248854f,0.9254493173943058f,0.2343045533375872f,2.798842022327823f,0.882748205277025f,0.1734415830378519f,0.43666190966640817f,1.907314916649131f,0f,0f,0f,1f], start_interpolation: 0, interpolation_duration: 1 }
$data merge entity $(bone_left_whisker12) { transformation: [-0.33180253094094586f,0.19221244424862616f,-0.9235591246569717f,1.1006973858950533f,0.1975718216706705f,0.9714685826295835f,0.131202775296108f,2.8875949890939445f,0.9224274799369947f,-0.13893584576932266f,-0.36031149720408234f,2.321686636152078f,0f,0f,0f,1f], start_interpolation: 0, interpolation_duration: 1 }
$data merge entity $(bone_left_whisker11) { transformation: [-0.8291644859316489f,0.11584098879616339f,-0.5468702959426777f,0.7282211519804452f,0.061021407365378255f,0.9912032679820493f,0.11744134444417045f,2.9150069494338604f,0.5556641459666558f,0.06400739688842938f,-0.8289393283170449f,2.5713013892230365f,0f,0f,0f,1f], start_interpolation: 0, interpolation_duration: 1 }
$data merge entity $(bone_left_whisker10) { transformation: [-0.3706278118467131f,0.4554076389541905f,-0.8094682868821282f,0.5617281896274297f,0.36639639122313594f,0.8725464861259566f,0.3231351327972686f,3.0795990783036284f,0.8534569172397515f,-0.17682339192373697f,-0.49024971033566567f,2.954690238764331f,0f,0f,0f,1f], start_interpolation: 0, interpolation_duration: 1 }
$data merge entity $(bone_left_whisker1) { transformation: [0.14693197058563556f,0.4369304080624594f,-0.8874135532716384f,0.6277327857889456f,0.6102636407708351f,0.6660100127250229f,0.42896264604641254f,3.353740948181152f,0.7784531358874129f,-0.6045845527801611f,-0.16878457798823104f,3.3043859834012546f,0f,0f,0f,1f], start_interpolation: 0, interpolation_duration: 1 }
$data merge entity $(bone_upper_left_tooth1) { transformation: [-0.9791275864128106f,-0.017588470110071523f,-0.20248411109173847f,0.45582493795259493f,-0.094256175621117f,0.9219354005011573f,0.3757005332176836f,3.264412561293445f,0.18006927245564563f,0.3869441342389851f,-0.9043502054488275f,4.349823236092461f,0f,0f,0f,1f], start_interpolation: 0, interpolation_duration: 1 }
$data merge entity $(bone_upper_right_tooth1) { transformation: [-0.9791275864128106f,-0.017588470110071523f,-0.20248411109173847f,-0.2039387677357247f,-0.094256175621117f,0.9219354005011573f,0.3757005332176836f,3.200900099204997f,0.18006927245564563f,0.3869441342389851f,-0.9043502054488275f,4.471158976321362f,0f,0f,0f,1f], start_interpolation: 0, interpolation_duration: 1 }
$data merge entity $(bone_top_lip1) { transformation: [-0.9791275864128106f,-0.08578140027011473f,-0.18425721395137487f,0.1512607969828453f,-0.094256175621117f,0.9948330429108809f,0.037722540873574795f,3.3491941504628695f,0.18006927245564563f,0.05430256071656042f,-0.9821539029179279f,4.45323658973488f,0f,0f,0f,1f], start_interpolation: 0, interpolation_duration: 1 }
$data merge entity $(bone_muzzle1) { transformation: [-0.9791275864128106f,-0.017588470110071523f,-0.20248411109173847f,0.034598321424508444f,-0.094256175621117f,0.9219354005011573f,0.3757005332176836f,3.715465305918551f,0.18006927245564563f,0.3869441342389851f,-0.9043502054488275f,4.010606213780924f,0f,0f,0f,1f], start_interpolation: 0, interpolation_duration: 1 }
$data merge entity $(bone_jaw_right_tooth1) { transformation: [-0.9791275864128106f,-0.1436278275589468f,-0.14380617746161603f,-0.20207765614581302f,-0.094256175621117f,0.947739138173534f,-0.3048053466252977f,3.2293869134145603f,0.18006927245564563f,-0.28488870304872416f,-0.9414953446472849f,4.496190031318312f,0f,0f,0f,1f], start_interpolation: 0, interpolation_duration: 1 }
$data merge entity $(bone_jaw_left_tooth1) { transformation: [-0.9791275864128106f,-0.1436278275589468f,-0.14380617746161603f,0.5126663583498665f,-0.094256175621117f,0.947739138173534f,-0.3048053466252977f,3.2981920806770457f,0.18006927245564563f,-0.28488870304872416f,-0.9414953446472849f,4.364742979403668f,0f,0f,0f,1f], start_interpolation: 0, interpolation_duration: 1 }
$data merge entity $(bone_tongue1) { transformation: [-0.9791275864128106f,-0.06939590180542793f,-0.19103240127799204f,0.0023672272239367576f,-0.094256175621117f,0.9877596667661321f,0.12428440798161489f,3.3555670357034373f,0.18006927245564563f,0.13969627597996576f,-0.973683730784603f,3.646962893950713f,0f,0f,0f,1f], start_interpolation: 0, interpolation_duration: 1 }
$data merge entity $(bone_jaw_lips1) { transformation: [-0.9791275864128106f,-0.06939590180542793f,-0.19103240127799204f,0.23794069194128545f,-0.094256175621117f,0.9877596667661321f,0.12428440798161489f,3.121628776251157f,0.18006927245564563f,0.13969627597996576f,-0.973683730784603f,4.493603780733441f,0f,0f,0f,1f], start_interpolation: 0, interpolation_duration: 1 }
$data merge entity $(bone_jaw3) { transformation: [-0.9791275864128106f,-0.11647411747489447f,-0.16656214901312016f,0.09810549506883864f,-0.094256175621117f,0.9862697440910246f,-0.13560149426870538f,2.916726917752792f,0.18006927245564563f,-0.11707165262807667f,-0.9766623189558533f,3.625994542141796f,0f,0f,0f,1f], start_interpolation: 0, interpolation_duration: 1 }
$data merge entity $(bone_jaw1) { transformation: [-0.9791275864128106f,0.03541758675696507f,-0.20013686335539793f,-0.08170496810202674f,-0.094256175621117f,0.7932827602623147f,0.6015132879894541f,3.4571490124308175f,0.18006927245564563f,0.6078223892050338f,-0.7733867081210916f,2.9311549215642527f,0f,0f,0f,1f], start_interpolation: 0, interpolation_duration: 1 }
$data merge entity $(bone_tear_right1) { transformation: [-0.9791275864128106f,0.00012611242560140595f,-0.20324653409364815f,-0.5728772552848129f,-0.094256175621117f,0.8856826989390645f,0.4546228438577362f,3.7386710152490843f,0.18006927245564563f,0.46429100884646746f,-0.8671844764648544f,4.087446079335175f,0f,0f,0f,1f], start_interpolation: 0, interpolation_duration: 1 }
$data merge entity $(bone_right_pupil1) { transformation: [-0.9791275864128106f,0.00012611242560140595f,-0.20324653409364815f,-0.3777331019798471f,-0.094256175621117f,0.8856826989390645f,0.4546228438577362f,3.82496946133272f,0.18006927245564563f,0.46429100884646746f,-0.8671844764648544f,4.164654201122726f,0f,0f,0f,1f], start_interpolation: 0, interpolation_duration: 1 }
$data merge entity $(bone_right_sad_pupil1) { transformation: [-0.9791275864128106f,0.00012611242560140595f,-0.20324653409364815f,-0.3800156558295317f,-0.094256175621117f,0.8856826989390645f,0.4546228438577362f,3.8300750889737003f,0.18006927245564563f,0.46429100884646746f,-0.8671844764648544f,4.154915312959302f,0f,0f,0f,1f], start_interpolation: 0, interpolation_duration: 1 }
$data merge entity $(bone_right_happy_pupil1) { transformation: [-0.9791275864128106f,0.00012611242560140595f,-0.20324653409364815f,-0.40750899906805027f,-0.094256175621117f,0.8856826989390645f,0.4546228438577362f,3.8025625088700874f,0.18006927245564563f,0.46429100884646746f,-0.8671844764648544f,4.146935556779969f,0f,0f,0f,1f], start_interpolation: 0, interpolation_duration: 1 }
$data merge entity $(bone_eyelid_right1) { transformation: [-0.9791275864128106f,0.00012611242560140595f,-0.20324653409364815f,-0.07080170013138336f,-0.094256175621117f,0.8856826989390645f,0.4546228438577362f,4.076377175371869f,0.18006927245564563f,0.46429100884646746f,-0.8671844764648544f,3.564042711766731f,0f,0f,0f,1f], start_interpolation: 0, interpolation_duration: 1 }
$data merge entity $(bone_eyelid_expressions_right5) { transformation: [-0.9791275864128106f,0.00012611242560140595f,-0.20324653409364815f,-0.5064558511959363f,-0.094256175621117f,0.8856826989390645f,0.4546228438577362f,3.917368219675236f,0.18006927245564563f,0.46429100884646746f,-0.8671844764648544f,4.230313321781676f,0f,0f,0f,1f], start_interpolation: 0, interpolation_duration: 1 }
$data merge entity $(bone_eyelid_expressions_right7) { transformation: [-0.9791275864128106f,0.00012611242560140595f,-0.20324653409364815f,-0.17657399835177634f,-0.094256175621117f,0.8856826989390645f,0.4546228438577362f,3.94912445071946f,0.18006927245564563f,0.46429100884646746f,-0.8671844764648544f,4.169645451667225f,0f,0f,0f,1f], start_interpolation: 0, interpolation_duration: 1 }
$data merge entity $(bone_eyelid_expressions_right6) { transformation: [-0.9791275864128106f,0.00012611242560140595f,-0.20324653409364815f,-0.2865346159664963f,-0.094256175621117f,0.8856826989390645f,0.4546228438577362f,3.9385390403713854f,0.18006927245564563f,0.46429100884646746f,-0.8671844764648544f,4.189868075038708f,0f,0f,0f,1f], start_interpolation: 0, interpolation_duration: 1 }
$data merge entity $(bone_right_eye1) { transformation: [-0.9791275864128106f,0.00012611242560140595f,-0.20324653409364815f,-0.07951520804317083f,-0.094256175621117f,0.8856826989390645f,0.4546228438577362f,4.070213006696081f,0.18006927245564563f,0.46429100884646746f,-0.8671844764648544f,3.575803862267303f,0f,0f,0f,1f], start_interpolation: 0, interpolation_duration: 1 }
$data merge entity $(bone_tear_left1) { transformation: [-0.9791275864128106f,0.00012611242560140595f,-0.20324653409364815f,0.6146974149541625f,-0.094256175621117f,0.8856826989390645f,0.4546228438577362f,3.8529934470082905f,0.18006927245564563f,0.46429100884646746f,-0.8671844764648544f,3.869041746923151f,0f,0f,0f,1f], start_interpolation: 0, interpolation_duration: 1 }
$data merge entity $(bone_left_sad_pupil1) { transformation: [-0.9791275864128106f,0.00012611242560140595f,-0.20324653409364815f,0.4446889762808679f,-0.094256175621117f,0.8856826989390645f,0.4546228438577362f,3.90946566658426f,0.18006927245564563f,0.46429100884646746f,-0.8671844764648544f,4.003245637673174f,0f,0f,0f,1f], start_interpolation: 0, interpolation_duration: 1 }
$data merge entity $(bone_left_pupil1) { transformation: [-0.9791275864128106f,0.00012611242560140595f,-0.20324653409364815f,0.44697153013055246f,-0.094256175621117f,0.8856826989390645f,0.4546228438577362f,3.9043600389432798f,0.18006927245564563f,0.46429100884646746f,-0.8671844764648544f,4.012984525836599f,0f,0f,0f,1f], start_interpolation: 0, interpolation_duration: 1 }
$data merge entity $(bone_eyelid_left1) { transformation: [-0.9791275864128106f,0.00012611242560140595f,-0.20324653409364815f,-0.09279382365432735f,-0.094256175621117f,0.8856826989390645f,0.4546228438577362f,4.074260093302254f,0.18006927245564563f,0.46429100884646746f,-0.8671844764648544f,3.568087236441028f,0f,0f,0f,1f], start_interpolation: 0, interpolation_duration: 1 }
$data merge entity $(bone_left_happy_pupil1) { transformation: [-0.9791275864128106f,0.00012611242560140595f,-0.20324653409364815f,0.4721759418497091f,-0.094256175621117f,0.8856826989390645f,0.4546228438577362f,3.887245791654685f,0.18006927245564563f,0.46429100884646746f,-0.8671844764648544f,3.9851545698081f,0f,0f,0f,1f], start_interpolation: 0, interpolation_duration: 1 }
$data merge entity $(bone_eyelid_expressions_left5) { transformation: [-0.9791275864128106f,0.00012611242560140595f,-0.20324653409364815f,0.5711582014283192f,-0.094256175621117f,0.8856826989390645f,0.4546228438577362f,4.021105241086367f,0.18006927245564563f,0.46429100884646746f,-0.8671844764648544f,4.032131612741136f,0f,0f,0f,1f], start_interpolation: 0, interpolation_duration: 1 }
$data merge entity $(bone_eyelid_expressions_left7) { transformation: [-0.9791275864128106f,0.00012611242560140595f,-0.20324653409364815f,0.24127634858415942f,-0.094256175621117f,0.8856826989390645f,0.4546228438577362f,3.9893490100421434f,0.18006927245564563f,0.46429100884646746f,-0.8671844764648544f,4.092799482855587f,0f,0f,0f,1f], start_interpolation: 0, interpolation_duration: 1 }
$data merge entity $(bone_eyelid_expressions_left6) { transformation: [-0.9791275864128106f,0.00012611242560140595f,-0.20324653409364815f,0.3512369661988794f,-0.094256175621117f,0.8856826989390645f,0.4546228438577362f,3.999934420390218f,0.18006927245564563f,0.46429100884646746f,-0.8671844764648544f,4.072576859484103f,0f,0f,0f,1f], start_interpolation: 0, interpolation_duration: 1 }
$data merge entity $(bone_left_eye1) { transformation: [-0.9791275864128106f,0.00012611242560140595f,-0.20324653409364815f,-0.07951520804317083f,-0.094256175621117f,0.8856826989390645f,0.4546228438577362f,4.070213006696081f,0.18006927245564563f,0.46429100884646746f,-0.8671844764648544f,3.575803862267303f,0f,0f,0f,1f], start_interpolation: 0, interpolation_duration: 1 }
$data merge entity $(bone_crest_middle5) { transformation: [-0.9791275864128106f,-0.04386747831592381f,-0.19845607542130406f,0.017557657804911454f,-0.094256175621117f,0.9630868753614255f,0.2521496457737886f,5.080763946786024f,0.18006927245564563f,0.2655923847793229f,-0.9471197085186889f,4.6326048651929055f,0f,0f,0f,1f], start_interpolation: 0, interpolation_duration: 1 }
$data merge entity $(bone_crest_middle4) { transformation: [-0.9791275864128106f,-0.04386747831592381f,-0.19845607542130406f,0.04711679846700855f,-0.094256175621117f,0.9630868753614255f,0.2521496457737886f,4.431808923349126f,0.18006927245564563f,0.2655923847793229f,-0.9471197085186889f,4.453641246542776f,0f,0f,0f,1f], start_interpolation: 0, interpolation_duration: 1 }
$data merge entity $(bone_crest_middle1) { transformation: [-0.9791275864128106f,-0.04386747831592381f,-0.19845607542130406f,0.08600188593323296f,-0.094256175621117f,0.9630868753614255f,0.2521496457737886f,3.923854374776278f,0.18006927245564563f,0.2655923847793229f,-0.9471197085186889f,4.399193360094036f,0f,0f,0f,1f], start_interpolation: 0, interpolation_duration: 1 }
$data merge entity $(bone_crest_left5) { transformation: [-0.5261912308421369f,-0.8451849170899995f,-0.09372963516630038f,-1.0438866868986623f,-0.797621018235172f,0.4523311997876449f,0.39899523426747474f,4.363740336474329f,-0.2948279156632296f,0.284708520459505f,-0.9121499649308961f,4.619449255381435f,0f,0f,0f,1f], start_interpolation: 0, interpolation_duration: 1 }
$data merge entity $(bone_crest_left4) { transformation: [-0.5261912308421369f,-0.8451849170899995f,-0.09372963516630038f,-0.5692955469311332f,-0.797621018235172f,0.4523311997876449f,0.39899523426747474f,4.109745766281072f,-0.2948279156632296f,0.284708520459505f,-0.9121499649308961f,4.459578748287474f,0f,0f,0f,1f], start_interpolation: 0, interpolation_duration: 1 }
$data merge entity $(bone_crest_left1) { transformation: [-0.5261912308421369f,-0.8451849170899995f,-0.09372963516630038f,-0.052508431660272165f,-0.797621018235172f,0.4523311997876449f,0.39899523426747474f,3.852756256617688f,-0.2948279156632296f,0.284708520459505f,-0.9121499649308961f,4.232501832101768f,0f,0f,0f,1f], start_interpolation: 0, interpolation_duration: 1 }
$data merge entity $(bone_crest_center1) { transformation: [-0.9791275864128106f,0.00012611242560140595f,-0.20324653409364815f,0.05744864524563266f,-0.094256175621117f,0.8856826989390645f,0.4546228438577362f,3.8384754055758554f,0.18006927245564563f,0.46429100884646746f,-0.8671844764648544f,4.1992438614204755f,0f,0f,0f,1f], start_interpolation: 0, interpolation_duration: 1 }
$data merge entity $(bone_crest_right5) { transformation: [-0.5259785065602111f,0.7922612856543617f,-0.3093035174225929f,1.1190148100920585f,0.6963334057441808f,0.6099607252935605f,0.37824291354110484f,4.571953061946025f,0.4883302147946614f,-0.01643072891419531f,-0.8725042306292548f,4.2216746401413126f,0f,0f,0f,1f], start_interpolation: 0, interpolation_duration: 1 }
$data merge entity $(bone_crest_right4) { transformation: [-0.5259785065602111f,0.7922612856543617f,-0.3093035174225929f,0.6741415295732518f,0.6963334057441808f,0.6099607252935605f,0.37824291354110484f,4.229445818739191f,0.4883302147946614f,-0.01643072891419531f,-0.8725042306292548f,4.230900879521842f,0f,0f,0f,1f], start_interpolation: 0, interpolation_duration: 1 }
$data merge entity $(bone_crest_right1) { transformation: [-0.5259785065602111f,0.7922612856543617f,-0.3093035174225929f,0.1674128035691677f,0.6963334057441808f,0.6099607252935605f,0.37824291354110484f,3.8739270773138372f,0.4883302147946614f,-0.01643072891419531f,-0.8725042306292548f,4.192056585358801f,0f,0f,0f,1f], start_interpolation: 0, interpolation_duration: 1 }
$data merge entity $(bone_head1) { transformation: [-1.0262990977373856f,0.00013218815443897362f,-0.2130383593038889f,-0.2050627512840932f,-0.0987971632486968f,0.9283523081327429f,0.4765252464915071f,4.301289367585751f,0.1887444848005139f,0.4866591954705809f,-0.9089628952528743f,3.014093984950221f,0f,0f,0f,1f], start_interpolation: 0, interpolation_duration: 1 }
$data merge entity $(bone_neck10) { transformation: [-1.491406499307191f,-0.11620926606577599f,-0.06630491677659889f,-0.21744222466768712f,-0.12203528219183117f,1.485741555260166f,0.14097412016923774f,3.956010961628283f,0.05484820333117732f,0.14581398814100183f,-1.4892696992612804f,1.9092451277842581f,0f,0f,0f,1f], start_interpolation: 0, interpolation_duration: 1 }
$data merge entity $(bone_neck9) { transformation: [-1.1409259719700018f,-0.013877476128934144f,-0.10140754724937678f,-0.20409465135764432f,-0.0933569908767509f,0.6063541953380057f,0.9673712888798047f,3.2946080064595042f,0.04195887554835068f,0.9717665120546329f,-0.6050598708478587f,0.8005882347809652f,0f,0f,0f,1f], start_interpolation: 0, interpolation_duration: 1 }
$data merge entity $(bone_neck8) { transformation: [-1.0588986145081056f,0.003668398553849189f,-0.09492315018889307f,-0.21278951347271619f,-0.08664505035620014f,0.39820958677221036f,0.9819429197506316f,2.9468594556361927f,0.0389422243651359f,0.9857513911994615f,-0.39631784631371303f,-0.2095663926364717f,0f,0f,0f,1f], start_interpolation: 0, interpolation_duration: 1 }
$data merge entity $(bone_neck7) { transformation: [-1.0510242181186995f,0.03259534944477042f,-0.09333942884201511f,-0.2457316219541331f,-0.08078175112291149f,0.291471724033753f,1.0114075121474584f,2.652286968580804f,0.057000126907720966f,1.0141047234567881f,-0.28769638205778436f,-1.2344594642151405f,0f,0f,0f,1f], start_interpolation: 0, interpolation_duration: 1 }
$data merge entity $(bone_neck6) { transformation: [-1.0291353359999644f,0.1594993342446386f,-0.13136565299030917f,-0.3941478844492983f,-0.1317902940229223f,0.007314120192628061f,1.0413425633579816f,2.661071727357338f,0.15914864376238008f,1.0374598682528098f,0.012854694367047193f,-2.186919193969824f,0f,0f,0f,1f], start_interpolation: 0, interpolation_duration: 1 }
$data merge entity $(bone_neck_spine6) { transformation: [-1.2388843481348508f,-0.2901142081734075f,0.0313797176391428f,-0.4214096142004267f,-0.034098203614063786f,0.2798596920721967f,1.2411693010142726f,3.1527496675557227f,-0.2898072686691785f,1.2072686807359334f,-0.28017752953678965f,-5.962358033524762f,0f,0f,0f,1f], start_interpolation: 0, interpolation_duration: 1 }
$data merge entity $(bone_neck_spine7) { transformation: [-0.953677923374085f,-0.2948113448711195f,-0.0598722757557673f,0.4968798406798735f,-0.03930505971108663f,-0.07520724117131886f,0.996392986304353f,3.234853876118416f,-0.298250784994777f,0.9525912774168579f,0.06013590806929217f,-9.11488148530885f,0f,0f,0f,1f], start_interpolation: 0, interpolation_duration: 1 }
$data merge entity $(bone_tail6) { transformation: [-1.6421748746769187f,0.35470586069717586f,-0.377819230444995f,0.3515247200000347f,-0.4153847584905656f,-0.1502582238278241f,1.6643857443852874f,4.101417221631429f,0.30986952241339777f,1.6783647267761297f,0.22885510813637003f,-12.827021219411339f,0f,0f,0f,1f], start_interpolation: 0, interpolation_duration: 1 }
$data merge entity $(bone_tail5) { transformation: [-1.3565792442983242f,0.342763884680309f,-0.25648784087688514f,0.5680071734823351f,-0.34314393092698897f,-0.3609942299699713f,1.332484802095767f,3.873420865860921f,0.25597917068932863f,1.3325826145147954f,0.42694095480048794f,-11.985390094454626f,0f,0f,0f,1f], start_interpolation: 0, interpolation_duration: 1 }
$data merge entity $(bone_tail4) { transformation: [-0.9986221026274599f,0.27636573759596234f,-0.15827530840950566f,0.6864496324520333f,-0.23921454436718415f,-0.3070011480391275f,0.9732429783414989f,3.7418489452727237f,0.2102510307520155f,0.9633522056916004f,0.3555590385323056f,-11.57252486344394f,0f,0f,0f,1f], start_interpolation: 0, interpolation_duration: 1 }
$data merge entity $(bone_segment18) { transformation: [-0.9789869820751109f,0.13705227118657753f,-0.1510005426813669f,0.7634076948859025f,-0.18803725348697725f,-0.3201734512186736f,0.9285100712624487f,3.5620640483481756f,0.07890804919994382f,0.9373929998124186f,0.3392165734072183f,-11.046156723900834f,0f,0f,0f,1f], start_interpolation: 0, interpolation_duration: 1 }
$data merge entity $(bone_segment17) { transformation: [-0.9890915894679827f,0.00009286005503533756f,-0.14730179571447827f,0.7634754809124054f,-0.13699698625238355f,-0.368031310686363f,0.9196655805847262f,3.293408379658667f,-0.05412627274682705f,0.9298133929619902f,0.3640293956084428f,-10.367411107456412f,0f,0f,0f,1f], start_interpolation: 0, interpolation_duration: 1 }
$data merge entity $(bone_segment16) { transformation: [-0.9795716771925558f,-0.136958343544385f,-0.14724721177578087f,0.6327364371481119f,-0.07969449200295152f,-0.4078789447955523f,0.9095512928564601f,2.9040512814773654f,-0.18462967580146727f,0.9027054771773823f,0.38863183643057353f,-9.505697627045386f,0f,0f,0f,1f], start_interpolation: 0, interpolation_duration: 1 }
$data merge entity $(bone_segment15) { transformation: [-0.953677923374085f,-0.2692698066548051f,-0.13413496819612955f,0.3152136915078021f,-0.03930505971108663f,-0.3305300978334691f,0.9429766522599088f,2.5142904483387776f,-0.298250784994777f,0.9045681984517704f,0.30463559148549607f,-8.439031514124963f,0f,0f,0f,1f], start_interpolation: 0, interpolation_duration: 1 }
$data merge entity $(bone_segment14) { transformation: [-0.9849314093158598f,-0.3476013824519173f,-0.088082892128735f,-0.07583786375060486f,-0.033711004151207105f,-0.1665751350847853f,1.0343072515436476f,2.326893421368394f,-0.3569998391699409f,0.9747313482771411f,0.14534480225874888f,-7.342458747313179f,0f,0f,0f,1f], start_interpolation: 0, interpolation_duration: 1 }
$data merge entity $(bone_segment13) { transformation: [-0.9983950334969092f,-0.234637282697127f,-0.015694409208436365f,-0.35800062553035644f,-0.027479140559569053f,0.048418384634781174f,1.0242041635761168f,2.357173107595608f,-0.23355056357457324f,0.997343780960735f,-0.0534146857721013f,-6.139816219092291f,0f,0f,0f,1f], start_interpolation: 0, interpolation_duration: 1 }
$data merge entity $(bone_segment12) { transformation: [-1.1057609341823824f,-0.1474100859415684f,0.006074881931433395f,-0.5360799239832579f,-0.014643168178273712f,0.1553632123154808f,1.1045912054132938f,2.5448602097216924f,-0.14680672754844792f,1.0948088509020149f,-0.15593346633997957f,-4.8172283455193865f,0f,0f,0f,1f], start_interpolation: 0, interpolation_duration: 1 }
$data merge entity $(bone_segment11) { transformation: [-1.1904025542409462f,0.007699993551206689f,0.0023043084189467867f,-0.5271813442056861f,0.0031646432060659676f,0.1353077893119166f,1.182710711909826f,2.7012301014250797f,0.007388150739972385f,1.182689880371089f,-0.13532517495946603f,-3.4504401550332107f,0f,0f,0f,1f], start_interpolation: 0, interpolation_duration: 1 }
$data merge entity $(bone_segment10) { transformation: [-1.0424151403024295f,0.10971377132199284f,0.0029600127946996842f,-0.38865769371327874f,0f,-0.028268912612907364f,1.0477958134125451f,2.681168704582121f,0.10975369375761039f,1.042035966263719f,0.028113515336425046f,-2.1347746350904275f,0f,0f,0f,1f], start_interpolation: 0, interpolation_duration: 1 }