# This file was generated by Animated Java via MC-Build. It is not recommended to edit this file directly.
$data merge entity $(bone_neck_spine5) { transformation: [-1.5677934584511166f,-0.054098297434193435f,-0.10543358767134009f,-0.149187703248471f,-0.11303834947084494f,1.1026029398282562f,1.115127026032297f,3.86845382476614f,0.035569632320783605f,1.1195353173765668f,-1.1033560939061136f,0.5421853701131507f,0f,0f,0f,1f], start_interpolation: 0, interpolation_duration: 1 }
$data merge entity $(bone_neck_spine2) { transformation: [-1.493136627096301f,-0.10743435978437704f,-0.03457098270558662f,-0.28210962592668476f,-0.1076555709246142f,1.4934970454291498f,0.008434158364802135f,4.82108730175262f,0.03387584030550818f,0.010895655838371331f,-1.496972943580302f,2.674982077934764f,0f,0f,0f,1f], start_interpolation: 0, interpolation_duration: 1 }
$data merge entity $(bone_scale_neck_left1) { transformation: [-1.6155254545197981f,0.320709079019223f,0.016681524837762616f,0.565705584950245f,0.30686293479608606f,1.5163770846971292f,0.5652351343391885f,3.978399207336496f,0.0946980775127154f,0.5574955645363906f,-1.5470249029913252f,2.6168839935067605f,0f,0f,0f,1f], start_interpolation: 0, interpolation_duration: 1 }
$data merge entity $(bone_scale_neck_right1) { transformation: [-1.5574448521192286f,-0.5093327400254982f,-0.16733431621488903f,-1.002087873500871f,-0.5356349866560406f,1.4565308360022995f,0.5519675404243427f,3.8653608578656513f,-0.02271066962837948f,0.5763273067886279f,-1.5428500062457366f,2.652453625827544f,0f,0f,0f,1f], start_interpolation: 0, interpolation_duration: 1 }
$data merge entity $(bone_blush_right1) { transformation: [-0.9863534050164419f,-0.009567087683955828f,-0.1643637163297249f,-0.7035733164124679f,-0.08743880421842468f,0.8763263671744703f,0.47371568869063985f,3.2054484872348996f,0.13950417889555414f,0.4816228493624888f,-0.8652040308751655f,3.860243280933668f,0f,0f,0f,1f], start_interpolation: 0, interpolation_duration: 1 }
$data merge entity $(bone_blush_left1) { transformation: [-0.9863534050164419f,-0.009567087683955828f,-0.1643637163297249f,0.6035375923837348f,-0.08743880421842468f,0.8763263671744703f,0.47371568869063985f,3.3213219807157612f,0.13950417889555414f,0.4816228493624888f,-0.8652040308751655f,3.675372996987118f,0f,0f,0f,1f], start_interpolation: 0, interpolation_duration: 1 }
$data merge entity $(bone_left_head_scales) { transformation: [-0.799011437510403f,-0.009567087683955828f,-0.6012397138918939f,0.5430251610275022f,-0.29629672890247427f,0.8763263671744703f,0.3798162011242923f,4.148206815099952f,0.5232484793759583f,0.4816228493624888f,-0.7030294871502222f,3.6852989339147615f,0f,0f,0f,1f], start_interpolation: 0, interpolation_duration: 1 }
$data merge entity $(bone_left_head_scales2) { transformation: [-0.7136982534328083f,-0.009567087683955828f,-0.7003879452704809f,0.5793088150666789f,-0.3433378317884662f,0.8763263671744703f,0.3378923370803044f,3.281081606018264f,0.6105357780750882f,0.4816228493624888f,-0.6287173408314771f,3.3983406076574143f,0f,0f,0f,1f], start_interpolation: 0, interpolation_duration: 1 }
$data merge entity $(bone_left_head_scales1) { transformation: [-0.9863534050164419f,-0.009567087683955828f,-0.1643637163297249f,0.544099589820134f,-0.08743880421842468f,0.8763263671744703f,0.47371568869063985f,4.0497912562864125f,0.13950417889555414f,0.4816228493624888f,-0.8652040308751655f,3.6312104303242476f,0f,0f,0f,1f], start_interpolation: 0, interpolation_duration: 1 }
$data merge entity $(bone_right_head_scales) { transformation: [-0.9508008736732171f,-0.009567087683955828f,0.3096549199600976f,-0.7862401699516871f,0.14117839573868968f,0.8763263671744703f,0.46056569430586675f,4.030369364102466f,-0.2757650434679799f,0.4816228493624888f,-0.8318612094412506f,3.873302612504473f,0f,0f,0f,1f], start_interpolation: 0, interpolation_duration: 1 }
$data merge entity $(bone_right_head_scales2) { transformation: [-0.9022485627884441f,-0.009567087683955828f,0.4311101967936206f,-0.7499565159125104f,0.2000864813370512f,0.8763263671744703f,0.43819801252510615f,3.1632441550207777f,-0.38198551141678744f,0.4816228493624888f,-0.7887499604054585f,3.586344286247126f,0f,0f,0f,1f], start_interpolation: 0, interpolation_duration: 1 }
$data merge entity $(bone_right_head_scales1) { transformation: [-0.9863534050164419f,-0.009567087683955828f,-0.1643637163297249f,-0.7851657411590554f,-0.08743880421842468f,0.8763263671744703f,0.47371568869063985f,3.9319538052889262f,0.13950417889555414f,0.4816228493624888f,-0.8652040308751655f,3.8192141089139593f,0f,0f,0f,1f], start_interpolation: 0, interpolation_duration: 1 }
$data merge entity $(bone_head_left_fin1) { transformation: [-0.3578007800550907f,0.08549074043703128f,-0.9815014687287381f,0.5342846415734801f,-0.22188926529191802f,1.0104030345700088f,0.1688965947113909f,3.7206334247105404f,0.9599057004546617f,0.26542840664936196f,-0.32680882057159877f,3.3555041746423493f,0f,0f,0f,1f], start_interpolation: 0, interpolation_duration: 1 }
$data merge entity $(bone_head_right_fin1) { transformation: [-0.6408437844597167f,-0.18209538641694734f,0.8092191990988499f,-0.7949806894057092f,0.1333608675428895f,0.9866819110471862f,0.32764139458507624f,3.602795973713054f,-0.8186631303245123f,0.3032742565453064f,-0.5800781002497297f,3.543507853232061f,0f,0f,0f,1f], start_interpolation: 0, interpolation_duration: 1 }
$data merge entity $(bone_right_whisker16) { transformation: [-0.18420193123910428f,-0.170947763358347f,0.9679083173165541f,-1.3934952861706624f,0.9458545272128142f,-0.2986004494181373f,0.12726737586007894f,2.6140814004612833f,0.2672617852945096f,0.9389433602779593f,0.21669449534108198f,1.5492160459021984f,0f,0f,0f,1f], start_interpolation: 0, interpolation_duration: 1 }
$data merge entity $(bone_right_whisker15) { transformation: [0.24278050593366607f,-0.22217000247566032f,0.9442976839633561f,-1.4752914527205792f,0.5452809641034596f,0.8363417964844504f,0.05657799607235581f,2.4303685756412703f,-0.8023255549494824f,0.5011715170010435f,0.3241925576287616f,1.8195308080677957f,0f,0f,0f,1f], start_interpolation: 0, interpolation_duration: 1 }
$data merge entity $(bone_right_whisker14) { transformation: [0.543605462477176f,-0.3415119275763934f,0.7667220516510738f,-1.6584397774809556f,-0.055819092597681724f,0.8967494361909418f,0.4390041885822946f,2.449174812893419f,-0.837482734190113f,-0.28144280416149137f,0.4684150060781239f,2.101690518317394f,0f,0f,0f,1f], start_interpolation: 0, interpolation_duration: 1 }
$data merge entity $(bone_right_whisker13) { transformation: [0.007747891970899645f,-0.4223342153074623f,0.9064070723194063f,-1.6610501512406826f,0.3483932694120156f,0.850781330684245f,0.3934377424543197f,2.33179622114816f,-0.9373164353612999f,0.3127378102177206f,0.15373015989652417f,2.4174856064029884f,0f,0f,0f,1f], start_interpolation: 0, interpolation_duration: 1 }
$data merge entity $(bone_right_whisker12) { transformation: [-0.5657677965459506f,-0.39421439975740435f,0.7242249701684204f,-1.4068966488860564f,-0.2654823880999562f,0.918630460207018f,0.29263830779408573f,2.451055887677437f,-0.7806573524922978f,-0.026703644016336195f,-0.624388511582304f,2.7681715264678877f,0f,0f,0f,1f], start_interpolation: 0, interpolation_duration: 1 }
$data merge entity $(bone_right_whisker11) { transformation: [-0.9377556389187877f,-0.2624153234160671f,0.2274918893333503f,-0.985639232965507f,-0.21729551211911866f,0.95431616503499f,0.20509343618409456f,2.5486691060121975f,-0.2709188477919287f,0.142894559691229f,-0.9519370371625129f,2.8898733526244182f,0f,0f,0f,1f], start_interpolation: 0, interpolation_duration: 1 }
$data merge entity $(bone_right_whisker10) { transformation: [-0.550451415810949f,-0.6341416989403011f,0.5430170756954429f,-0.7383661360191824f,-0.43772491722278384f,0.7730711280211702f,0.45908379176614583f,2.74530334617087f,-0.7109149989091723f,0.015011218644188029f,-0.7031177196179795f,3.2092296997906478f,0f,0f,0f,1f], start_interpolation: 0, interpolation_duration: 1 }
$data merge entity $(bone_right_whisker1) { transformation: [-0.0012587407806044087f,-0.715575162116015f,0.6985346111212287f,-0.7378006860591453f,-0.5825411070278359f,0.5682947274640366f,0.5811083903708147f,3.0069917340935306f,-0.8128002670979078f,-0.40619366083090835f,-0.417567282849548f,3.574354819776036f,0f,0f,0f,1f], start_interpolation: 0, interpolation_duration: 1 }
$data merge entity $(bone_left_whisker16) { transformation: [-0.08461478008150485f,0.47158394712771934f,-0.8777521972648085f,0.7220651159373322f,-0.9696847402705888f,-0.24164094164781202f,-0.036347762048292556f,2.8016227734330625f,-0.22924188857649727f,0.8480673535344938f,0.47773415242253864f,1.2500032938611545f,0f,0f,0f,1f], start_interpolation: 0, interpolation_duration: 1 }
$data merge entity $(bone_left_whisker15) { transformation: [0.5444752191696317f,0.20378658290879387f,-0.8136447408645489f,0.9055064739583507f,-0.4754918815423324f,0.8741022323338701f,-0.09926105991917072f,2.6414228719368666f,0.690980612099583f,0.4409266560952084f,0.572825870267033f,1.4828043789923617f,0f,0f,0f,1f], start_interpolation: 0, interpolation_duration: 1 }
$data merge entity $(bone_left_whisker14) { transformation: [0.7349821359841683f,0.09086261112380682f,-0.6719711643247153f,1.153132291257704f,0.16916403582936634f,0.9350788143287994f,0.3114661136871348f,2.698416614477034f,0.6566466239660954f,-0.34259538364258535f,0.671895538265227f,1.7040378606996884f,0f,0f,0f,1f], start_interpolation: 0, interpolation_duration: 1 }
$data merge entity $(bone_left_whisker13) { transformation: [0.32537286905145535f,0.33875130236720713f,-0.8828250399879614f,1.2627549863971104f,-0.31886259525811955f,0.918250462168943f,0.23482490087675695f,2.590987322129328f,0.8902017419835131f,0.20509423168642055f,0.4067889068036093f,2.0039593460359306f,0f,0f,0f,1f], start_interpolation: 0, interpolation_duration: 1 }
$data merge entity $(bone_left_whisker12) { transformation: [-0.36605109961433113f,0.20703802501640603f,-0.9072716509780547f,1.098317968992235f,0.1828779892972478f,0.9719306189414769f,0.14800848960324145f,2.6731395438839507f,0.9124484826562727f,-0.11174134490573819f,-0.39363896953543887f,2.4138483128541783f,0f,0f,0f,1f], start_interpolation: 0, interpolation_duration: 1 }
$data merge entity $(bone_left_whisker11) { transformation: [-0.8498406807047009f,0.12290239476507261f,-0.5125093353104713f,0.71655360070692f,0.0588276811995008f,0.98847402402405f,0.13949339681286424f,2.699566041297789f,0.5237462375464481f,0.08839742751184303f,-0.8472755003334084f,2.649124943001997f,0f,0f,0f,1f], start_interpolation: 0, interpolation_duration: 1 }
$data merge entity $(bone_left_whisker10) { transformation: [-0.4004685420244795f,0.47054558289457643f,-0.7862644601323344f,0.5366556228443609f,0.35342723690081174f,0.8710000594444197f,0.3412449042322457f,2.8583321828743258f,0.8454076738860635f,-0.14122942634670882f,-0.5151117491072537f,3.028897921505502f,0f,0f,0f,1f], start_interpolation: 0, interpolation_duration: 1 }
$data merge entity $(bone_left_whisker1) { transformation: [0.1220096491423904f,0.4669703921401379f,-0.8758152193132047f,0.591464644920044f,0.5932455005867219f,0.6731256822436258f,0.4415445526078459f,3.1248291850910173f,0.795721949898179f,-0.5734461341473487f,-0.19490025572507694f,3.3863511411863243f,0f,0f,0f,1f], start_interpolation: 0, interpolation_duration: 1 }
$data merge entity $(bone_upper_left_tooth1) { transformation: [-0.9863534050164419f,-0.0238559238044182f,-0.16290443613330047f,0.3775104281892254f,-0.08743880421842468f,0.9142787234762587f,0.3955361820560473f,3.016770475216566f,0.13950417889555414f,0.40438262907555794f,-0.903887865485878f,4.422216878880931f,0f,0f,0f,1f], start_interpolation: 0, interpolation_duration: 1 }
$data merge entity $(bone_upper_right_tooth1) { transformation: [-0.9863534050164419f,-0.0238559238044182f,-0.16290443613330047f,-0.2871222373003691f,-0.08743880421842468f,0.9142787234762587f,0.3955361820560473f,2.9578517497178227f,0.13950417889555414f,0.40438262907555794f,-0.903887865485878f,4.516218718175788f,0f,0f,0f,1f], start_interpolation: 0, interpolation_duration: 1 }
$data merge entity $(bone_top_lip1) { transformation: [-0.9863534050164419f,-0.07813383415574135f,-0.1449208900489984f,0.06994043236924934f,-0.08743880421842468f,0.9944223114694976f,0.05898069148893992f,3.102711655746986f,0.13950417889555414f,0.07084751521249427f,-0.9876837619698383f,4.515256476357727f,0f,0f,0f,1f], start_interpolation: 0, interpolation_duration: 1 }
$data merge entity $(bone_muzzle1) { transformation: [-0.9863534050164419f,-0.0238559238044182f,-0.16290443613330047f,-0.02555292469413925f,-0.08743880421842468f,0.9142787234762587f,0.3955361820560473f,3.4788311718425735f,0.13950417889555414f,0.40438262907555794f,-0.903887865485878f,4.075823352198698f,0f,0f,0f,1f], start_interpolation: 0, interpolation_duration: 1 }
$data merge entity $(bone_jaw_right_tooth1) { transformation: [-0.9863534050164419f,-0.122987650975302f,-0.10945774582023907f,-0.2859734991410229f,-0.08743880421842468f,0.9546238925892473f,-0.28468874093403335f,2.9858193674472724f,0.13950417889555414f,-0.27123285458316176f,-0.9523504201003674f,4.5418704002571095f,0f,0f,0f,1f], start_interpolation: 0, interpolation_duration: 1 }
$data merge entity $(bone_jaw_left_tooth1) { transformation: [-0.9863534050164419f,-0.122987650975302f,-0.10945774582023907f,0.4340452218060379f,-0.08743880421842468f,0.9546238925892473f,-0.28468874093403335f,3.0496479867375776f,0.13950417889555414f,-0.27123285458316176f,-0.9523504201003674f,4.440035074354348f,0f,0f,0f,1f], start_interpolation: 0, interpolation_duration: 1 }
$data merge entity $(bone_tongue1) { transformation: [-0.9863534050164419f,-0.06520582351565711f,-0.15117923465911495f,-0.04690332989331386f,-0.08743880421842468f,0.9854977283755628f,0.14542586731203394f,3.1265170032676814f,0.13950417889555414f,0.15666023090194334f,-0.9777505592554918f,3.7040425576254066f,0f,0f,0f,1f], start_interpolation: 0, interpolation_duration: 1 }
$data merge entity $(bone_jaw_lips1) { transformation: [-0.9863534050164419f,-0.06520582351565711f,-0.15117923465911495f,0.1527291533479299f,-0.08743880421842468f,0.9854977283755628f,0.14542586731203394f,2.87349378197958f,0.13950417889555414f,0.15666023090194334f,-0.9777505592554918f,4.554424165381989f,0f,0f,0f,1f], start_interpolation: 0, interpolation_duration: 1 }
$data merge entity $(bone_jaw3) { transformation: [-0.9863534050164419f,-0.10211205411202229f,-0.1291514181784087f,0.04529545952006073f,-0.08743880421842468f,0.9895566916980718f,-0.11459497996168577f,2.6871881077798028f,0.13950417889555414f,-0.10173830311436616f,-0.9849811682210409f,3.678049449874131f,0f,0f,0f,1f], start_interpolation: 0, interpolation_duration: 1 }
$data merge entity $(bone_jaw1) { transformation: [-0.9863534050164419f,0.019119717690313703f,-0.163527969497311f,-0.10162420057517965f,-0.08743880421842468f,0.7807531344890768f,0.6186913596473878f,3.243043626213003f,0.13950417889555414f,0.6245470193515648f,-0.7684267074287262f,2.9876660799186348f,0f,0f,0f,1f], start_interpolation: 0, interpolation_duration: 1 }
$data merge entity $(bone_tear_right1) { transformation: [-0.9863534050164419f,-0.009567087683955828f,-0.1643637163297249f,-0.6353348275103393f,-0.08743880421842468f,0.8763263671744703f,0.47371568869063985f,3.5069323937298242f,0.13950417889555414f,0.4816228493624888f,-0.8652040308751655f,4.1291693783726195f,0f,0f,0f,1f], start_interpolation: 0, interpolation_duration: 1 }
$data merge entity $(bone_right_pupil1) { transformation: [-0.9863534050164419f,-0.009567087683955828f,-0.1643637163297249f,-0.4425603382848384f,-0.08743880421842468f,0.8763263671744703f,0.47371568869063985f,3.5896302752028477f,0.13950417889555414f,0.4816228493624888f,-0.8652040308751655f,4.215707307278068f,0f,0f,0f,1f], start_interpolation: 0, interpolation_duration: 1 }
$data merge entity $(bone_right_sad_pupil1) { transformation: [-0.9863534050164419f,-0.009567087683955828f,-0.1643637163297249f,-0.44440621986471324f,-0.08743880421842468f,0.8763263671744703f,0.47371568869063985f,3.5949503244410725f,0.13950417889555414f,0.4816228493624888f,-0.8652040308751655f,4.205990660446951f,0f,0f,0f,1f], start_interpolation: 0, interpolation_duration: 1 }
$data merge entity $(bone_right_happy_pupil1) { transformation: [-0.9863534050164419f,-0.009567087683955828f,-0.1643637163297249f,-0.47183028936270566f,-0.08743880421842468f,0.8763263671744703f,0.47371568869063985f,3.567891834195015f,0.13950417889555414f,0.4816228493624888f,-0.8652040308751655f,4.196385400802172f,0f,0f,0f,1f], start_interpolation: 0, interpolation_duration: 1 }
$data merge entity $(bone_eyelid_right1) { transformation: [-0.9863534050164419f,-0.009567087683955828f,-0.1643637163297249f,-0.10969010296889467f,-0.08743880421842468f,0.8763263671744703f,0.47371568869063985f,3.849551220563898f,0.13950417889555414f,0.4816228493624888f,-0.8652040308751655f,3.6327961700806344f,0f,0f,0f,1f], start_interpolation: 0, interpolation_duration: 1 }
$data merge entity $(bone_eyelid_expressions_right5) { transformation: [-0.9863534050164419f,-0.009567087683955828f,-0.1643637163297249f,-0.5728682217387624f,-0.08743880421842468f,0.8763263671744703f,0.47371568869063985f,3.682073158957339f,0.13950417889555414f,0.4816228493624888f,-0.8652040308751655f,4.278096133101331f,0f,0f,0f,1f], start_interpolation: 0, interpolation_duration: 1 }
$data merge entity $(bone_eyelid_expressions_right7) { transformation: [-0.9863534050164419f,-0.009567087683955828f,-0.1643637163297249f,-0.24055188899396504f,-0.08743880421842468f,0.8763263671744703f,0.47371568869063985f,3.7115325217067108f,0.13950417889555414f,0.4816228493624888f,-0.8652040308751655f,4.231095213453903f,0f,0f,0f,1f], start_interpolation: 0, interpolation_duration: 1 }
$data merge entity $(bone_eyelid_expressions_right6) { transformation: [-0.9863534050164419f,-0.009567087683955828f,-0.1643637163297249f,-0.3513239999088975f,-0.08743880421842468f,0.8763263671744703f,0.47371568869063985f,3.701712734123587f,0.13950417889555414f,0.4816228493624888f,-0.8652040308751655f,4.246762186669713f,0f,0f,0f,1f], start_interpolation: 0, interpolation_duration: 1 }
$data merge entity $(bone_right_eye1) { transformation: [-0.9863534050164419f,-0.009567087683955828f,-0.1643637163297249f,-0.11892143248051308f,-0.08743880421842468f,0.8763263671744703f,0.47371568869063985f,3.843249192567361f,0.13950417889555414f,0.4816228493624888f,-0.8652040308751655f,3.644079514233333f,0f,0f,0f,1f], start_interpolation: 0, interpolation_duration: 1 }
$data merge entity $(bone_tear_left1) { transformation: [-0.9863534050164419f,-0.009567087683955828f,-0.1643637163297249f,0.561003970370931f,-0.08743880421842468f,0.8763263671744703f,0.47371568869063985f,3.612986099627562f,0.13950417889555414f,0.4816228493624888f,-0.8652040308751655f,3.9599660676418793f,0f,0f,0f,1f], start_interpolation: 0, interpolation_duration: 1 }
$data merge entity $(bone_left_sad_pupil1) { transformation: [-0.9863534050164419f,-0.009567087683955828f,-0.1643637163297249f,0.38638461199727997f,-0.08743880421842468f,0.8763263671744703f,0.47371568869063985f,3.6685987313145016f,0.13950417889555414f,0.4816228493624888f,-0.8652040308751655f,4.088488361328381f,0f,0f,0f,1f], start_interpolation: 0, interpolation_duration: 1 }
$data merge entity $(bone_left_pupil1) { transformation: [-0.9863534050164419f,-0.009567087683955828f,-0.1643637163297249f,0.38823049357715483f,-0.08743880421842468f,0.8763263671744703f,0.47371568869063985f,3.6632786820762764f,0.13950417889555414f,0.4816228493624888f,-0.8652040308751655f,4.098205008159499f,0f,0f,0f,1f], start_interpolation: 0, interpolation_duration: 1 }
$data merge entity $(bone_eyelid_left1) { transformation: [-0.9863534050164419f,-0.009567087683955828f,-0.1643637163297249f,-0.13184452515188116f,-0.08743880421842468f,0.8763263671744703f,0.47371568869063985f,3.8475872630472736f,0.13950417889555414f,0.4816228493624888f,-0.8652040308751655f,3.635929564723796f,0f,0f,0f,1f], start_interpolation: 0, interpolation_duration: 1 }
$data merge entity $(bone_left_happy_pupil1) { transformation: [-0.9863534050164419f,-0.009567087683955828f,-0.1643637163297249f,0.4143465979567538f,-0.08743880421842468f,0.8763263671744703f,0.47371568869063985f,3.646450134860006f,0.13950417889555414f,0.4816228493624888f,-0.8652040308751655f,4.071049615075697f,0f,0f,0f,1f], start_interpolation: 0, interpolation_duration: 1 }
$data merge entity $(bone_eyelid_expressions_left5) { transformation: [-0.9863534050164419f,-0.009567087683955828f,-0.1643637163297249f,0.5126984652275755f,-0.08743880421842468f,0.8763263671744703f,0.47371568869063985f,3.778307077271953f,0.13950417889555414f,0.4816228493624888f,-0.8652040308751655f,4.1245597955864f,0f,0f,0f,1f], start_interpolation: 0, interpolation_duration: 1 }
$data merge entity $(bone_eyelid_expressions_left7) { transformation: [-0.9863534050164419f,-0.009567087683955828f,-0.1643637163297249f,0.18038213248277815f,-0.08743880421842468f,0.8763263671744703f,0.47371568869063985f,3.7488477145225816f,0.13950417889555414f,0.4816228493624888f,-0.8652040308751655f,4.171560715233828f,0f,0f,0f,1f], start_interpolation: 0, interpolation_duration: 1 }
$data merge entity $(bone_eyelid_expressions_left6) { transformation: [-0.9863534050164419f,-0.009567087683955828f,-0.1643637163297249f,0.2911542433977106f,-0.08743880421842468f,0.8763263671744703f,0.47371568869063985f,3.7586675021057054f,0.13950417889555414f,0.4816228493624888f,-0.8652040308751655f,4.155893742018018f,0f,0f,0f,1f], start_interpolation: 0, interpolation_duration: 1 }
$data merge entity $(bone_left_eye1) { transformation: [-0.9863534050164419f,-0.009567087683955828f,-0.1643637163297249f,-0.11892143248051308f,-0.08743880421842468f,0.8763263671744703f,0.47371568869063985f,3.843249192567361f,0.13950417889555414f,0.4816228493624888f,-0.8652040308751655f,3.644079514233333f,0f,0f,0f,1f], start_interpolation: 0, interpolation_duration: 1 }
$data merge entity $(bone_crest_middle5) { transformation: [-0.9863534050164419f,-0.044915128813449876f,-0.15839694320327644f,-0.05381790822929669f,-0.08743880421842468f,0.9580847739829765f,0.2728149947837185f,4.831732491885486f,0.13950417889555414f,0.2829420383500117f,-0.9489375042672817f,4.72395311872805f,0f,0f,0f,1f], start_interpolation: 0, interpolation_duration: 1 }
$data merge entity $(bone_crest_middle4) { transformation: [-0.9863534050164419f,-0.044915128813449876f,-0.15839694320327644f,-0.023552831196796287f,-0.08743880421842468f,0.9580847739829765f,0.2728149947837185f,4.186148025041488f,0.13950417889555414f,0.2829420383500117f,-0.9489375042672817f,4.533298815542984f,0f,0f,0f,1f], start_interpolation: 0, interpolation_duration: 1 }
$data merge entity $(bone_crest_middle1) { transformation: [-0.9863534050164419f,-0.044915128813449876f,-0.15839694320327644f,0.01248757290702988f,-0.08743880421842468f,0.9580847739829765f,0.2728149947837185f,3.6789807748147267f,0.13950417889555414f,0.2829420383500117f,-0.9489375042672817f,4.470236026583924f,0f,0f,0f,1f], start_interpolation: 0, interpolation_duration: 1 }
$data merge entity $(bone_crest_left5) { transformation: [-0.5218984982929001f,-0.8513153440275506f,-0.05370421308304134f,-1.120869848548899f,-0.7860669970761044f,0.4555396938583681f,0.4178304242478994f,4.126351903000104f,-0.3312410505770246f,0.26028018046458556f,-0.9069363781820373f,4.654682589633716f,0f,0f,0f,1f], start_interpolation: 0, interpolation_duration: 1 }
$data merge entity $(bone_crest_left4) { transformation: [-0.5218984982929001f,-0.8513153440275506f,-0.05370421308304134f,-0.6428363301740537f,-0.7860669970761044f,0.4555396938583681f,0.4178304242478994f,3.870555688187055f,-0.3312410505770246f,0.26028018046458556f,-0.9069363781820373f,4.508529167986122f,0f,0f,0f,1f], start_interpolation: 0, interpolation_duration: 1 }
$data merge entity $(bone_crest_left1) { transformation: [-0.5218984982929001f,-0.8513153440275506f,-0.05370421308304134f,-0.12001507739558677f,-0.7860669970761044f,0.4555396938583681f,0.4178304242478994f,3.6126420095042784f,-0.3312410505770246f,0.26028018046458556f,-0.9069363781820373f,4.296833800906711f,0f,0f,0f,1f], start_interpolation: 0, interpolation_duration: 1 }
$data merge entity $(bone_crest_center1) { transformation: [-0.9863534050164419f,-0.009567087683955828f,-0.1643637163297249f,-0.008974362720668538f,-0.08743880421842468f,0.8763263671744703f,0.47371568869063985f,3.5978582223138056f,0.13950417889555414f,0.4816228493624888f,-0.8652040308751655f,4.267644874876485f,0f,0f,0f,1f], start_interpolation: 0, interpolation_duration: 1 }
$data merge entity $(bone_crest_right5) { transformation: [-0.5380360981208804f,0.7982149725732933f,-0.2708689991096702f,1.0579935456364822f,0.6921053265543561f,0.601768173095192f,0.3985790797379649f,4.319504994755986f,0.48115213194367756f,0.02698005577257591f,-0.8762218340788834f,4.3465166247923985f,0f,0f,0f,1f], start_interpolation: 0, interpolation_duration: 1 }
$data merge entity $(bone_crest_right4) { transformation: [-0.5380360981208804f,0.7982149725732933f,-0.2708689991096702f,0.6097771303731583f,0.6921053265543561f,0.601768173095192f,0.3985790797379649f,3.9815980616214786f,0.48115213194367756f,0.02698005577257591f,-0.8762218340788834f,4.33136669113104f,0f,0f,0f,1f], start_interpolation: 0, interpolation_duration: 1 }
$data merge entity $(bone_crest_right1) { transformation: [-0.5380360981208804f,0.7982149725732933f,-0.2708689991096702f,0.1015291444342781f,0.6921053265543561f,0.601768173095192f,0.3985790797379649f,3.632281584670526f,0.48115213194367756f,0.02698005577257591f,-0.8762218340788834f,4.265499854475093f,0f,0f,0f,1f], start_interpolation: 0, interpolation_duration: 1 }
$data merge entity $(bone_head1) { transformation: [-1.0338730352060355f,-0.01002800206456307f,-0.17228228078831834f,-0.21990770497731338f,-0.09165135077582269f,0.9185452155930316f,0.49653792890099596f,4.086644121262964f,0.1462250833475534f,0.5048260335114626f,-0.9068870375709738f,3.082619686726609f,0f,0f,0f,1f], start_interpolation: 0, interpolation_duration: 1 }
$data merge entity $(bone_neck10) { transformation: [-1.493136627096301f,-0.10200282520934029f,-0.048298221052350494f,-0.22371933991431103f,-0.1076555709246142f,1.4796190925917603f,0.20330248540256032f,3.7876114143347603f,0.03387584030550818f,0.2061966201742298f,-1.4827439640599949f,1.9643056262815937f,0f,0f,0f,1f], start_interpolation: 0, interpolation_duration: 1 }
$data merge entity $(bone_neck9) { transformation: [-1.142249519728671f,-0.0181900404360489f,-0.08439967776651658f,-0.20512830828953224f,-0.08235651175732991f,0.5656749103930035f,0.9926819476658012f,3.172617732688249f,0.025915017833713774f,0.9959262857658385f,-0.5653736761380708f,0.829321362821976f,0f,0f,0f,1f], start_interpolation: 0, interpolation_duration: 1 }
$data merge entity $(bone_neck8) { transformation: [-1.0601270052383738f,-0.0023756293178122307f,-0.08009510937990914f,-0.20697468957517362f,-0.07643545535647608f,0.3489545705462268f,1.0013383375544276f,2.875322037116565f,0.024051846616910812f,1.0042485755415145f,-0.3481327973547938f,-0.19685059488807122f,0f,0f,0f,1f], start_interpolation: 0, interpolation_duration: 1 }
$data merge entity $(bone_neck7) { transformation: [-1.0516734713895033f,0.045982910604884554f,-0.0793416306982556f,-0.2534467800801101f,-0.06669571812234681f,0.2433237972331998f,1.0250716188336133f,2.6294096888489698f,0.06293809350226331f,1.0262093911509111f,-0.23949884081970116f,-1.2339771072214387f,0f,0f,0f,1f], start_interpolation: 0, interpolation_duration: 1 }
$data merge entity $(bone_neck6) { transformation: [-1.023563215691957f,0.19424330475447826f,-0.12807964027983382f,-0.4337178983929062f,-0.13629877173356775f,-0.032283381046932985f,1.0402869509639694f,2.6745392754414894f,0.18856696561188427f,1.0310401709342125f,0.056702536219194334f,-2.1798892279178608f,0f,0f,0f,1f], start_interpolation: 0, interpolation_duration: 1 }
$data merge entity $(bone_neck_spine6) { transformation: [-1.2494591024464297f,-0.24073924521940387f,0.02969740126110958f,-0.6554832716600046f,-0.0417993127582564f,0.3671881156745661f,1.2179536418423356f,3.172175132807839f,-0.23893542492357456f,1.1946559638805068f,-0.3683644380203358f,-6.0038788379761705f,0f,0f,0f,1f], start_interpolation: 0, interpolation_duration: 1 }
$data merge entity $(bone_neck_spine7) { transformation: [-0.948421137163625f,-0.3134570250606172f,-0.04735018501974164f,0.1890845922097416f,-0.046285274131022125f,-0.01084269625568468f,0.9988694155576708f,3.0070986821648957f,-0.31361603909856445f,0.9495404832749654f,-0.004225002020489144f,-9.17188254855272f,0f,0f,0f,1f], start_interpolation: 0, interpolation_duration: 1 }
$data merge entity $(bone_tail6) { transformation: [-1.6793312584259859f,0.15967814524660565f,-0.3459065653194855f,0.3857958618484754f,-0.37195262738337576f,-0.3487621908992416f,1.6447851272153728f,4.076366107692431f,0.08246032369038654f,1.6787405283893315f,0.3746097581311943f,-12.799532913128443f,0f,0f,0f,1f], start_interpolation: 0, interpolation_duration: 1 }
$data merge entity $(bone_tail5) { transformation: [-1.3872736482649448f,0.1795238296777489f,-0.258502144337989f,0.4991793332238958f,-0.30726521392539735f,-0.5196728409323745f,1.2880638827047706f,3.748151681840405f,0.06811939783118888f,1.3119800578495637f,0.54557164026735f,-11.970913929223455f,0f,0f,0f,1f], start_interpolation: 0, interpolation_duration: 1 }
$data merge entity $(bone_tail4) { transformation: [-1.023214760723037f,0.156642226914185f,-0.16483314051196055f,0.566311716187118f,-0.21528224899585602f,-0.4226842428342002f,0.9347014401145095f,3.5670012920543193f,0.07321410199515556f,0.9462961701455931f,0.4447903457383031f,-11.565358427732486f,0f,0f,0f,1f], start_interpolation: 0, interpolation_duration: 1 }
$data merge entity $(bone_segment18) { transformation: [-0.9873397791998404f,0.020746307807584873f,-0.15725695889836733f,0.5779612542626661f,-0.15099463373121974f,-0.42661502513830557f,0.8917400074632836f,3.327446956649509f,-0.048587868794429015f,0.9041953389830075f,0.4243465658720706f,-11.05763155281527f,0f,0f,0f,1f], start_interpolation: 0, interpolation_duration: 1 }
$data merge entity $(bone_segment17) { transformation: [-0.9835640397162471f,-0.08771572259428413f,-0.15782183558309892f,0.5139304899665456f,-0.10833843030913437f,-0.412550933788059f,0.904469187727671f,3.026292832619651f,-0.1444457140077508f,0.9067015380158806f,0.3962672793259972f,-10.395757139078091f,0f,0f,0f,1f], start_interpolation: 0, interpolation_duration: 1 }
$data merge entity $(bone_segment16) { transformation: [-0.968441150099071f,-0.19515016939437407f,-0.15504241413282793f,0.3276421202565838f,-0.06743229088674406f,-0.3937084820445096f,0.9167587017923383f,2.6504627142617325f,-0.23994712946929317f,0.8982817166966917f,0.36812407216574555f,-9.538266535493113f,0f,0f,0f,1f], start_interpolation: 0, interpolation_duration: 1 }
$data merge entity $(bone_segment15) { transformation: [-0.948421137163625f,-0.2905211062655526f,-0.12686541449700006f,-0.01494014128214155f,-0.046285274131022125f,-0.268999668656723f,0.962027469286189f,2.333258515137716f,-0.31361603909856445f,0.9182791868907914f,0.24167812259969862f,-8.455432435717107f,0f,0f,0f,1f], start_interpolation: 0, interpolation_duration: 1 }
$data merge entity $(bone_segment14) { transformation: [-0.9970388880328245f,-0.31573491940765736f,-0.07000081743866078f,-0.3701419256157561f,-0.04921245418359124f,-0.07611350133207198f,1.0442509599197756f,2.247630826139135f,-0.3196353987415483f,0.9965908857734878f,0.05757617814442582f,-7.334267689221933f,0f,0f,0f,1f], start_interpolation: 0, interpolation_duration: 1 }
$data merge entity $(bone_segment13) { transformation: [-1.0069170413832993f,-0.19521595377460682f,-0.010120029000022904f,-0.6049790259794162f,-0.033685328516947805f,0.12097444332700047f,1.0180000464281007f,2.365465365108857f,-0.1925538424384101f,0.9996747107318363f,-0.12516829594035012f,-6.126853803291633f,0f,0f,0f,1f], start_interpolation: 0, interpolation_duration: 1 }
$data merge entity $(bone_segment12) { transformation: [-1.1130313172211712f,-0.07506715375069956f,0.0003008394082871936f,-0.6956641781614694f,-0.012742890478913742f,0.19334340921075363f,1.098603580027246f,2.599034584289633f,-0.07397828613061512f,1.0961099989208236f,-0.19376265026739542f,-4.802694073051711f,0f,0f,0f,1f], start_interpolation: 0, interpolation_duration: 1 }
$data merge entity $(bone_segment11) { transformation: [-1.187600202289312f,0.0818773622461074f,-0.004969703748922985f,-0.6010417300933208f,0.003948971150875588f,0.12910714791218292f,1.1834012805748428f,2.7482386385412476f,0.08193293617698504f,1.1805720150803798f,-0.1290718871784894f,-3.438353416205947f,0f,0f,0f,1f], start_interpolation: 0, interpolation_duration: 1 }
$data merge entity $(bone_segment10) { transformation: [-1.039033286297929f,0.13795902014608868f,0.00723441431150529f,-0.4268035166743969f,7.273189573756925e-18f,-0.054889798526661246f,1.0467388920083536f,2.6945608943650847f,0.13814857216091456f,1.0376076410682447f,0.05441096609937144f,-2.1278852683595035f,0f,0f,0f,1f], start_interpolation: 0, interpolation_duration: 1 }